"DATE","TOTAL_CASES","NEW_CASES","TOTAL_CONFIRMED","NEW_CONFIRMED","TOTAL_PROBABLE","NEW_PROBABLE","POS_TESTS","NEW_POS_TESTS","NEG_TESTS","NEW_NEG_TESTS","TOTAL_TESTS","NEW_TESTS","NEW_DEATHS","TOTAL_DEATHS","ACTIVE_CHANGE","TOTAL_ACTIVE","NEW_INACTIVE_RECOVERED","TOTAL_INACTIVE_RECOVERED","NEW_HOSPITALIZED","TOTAL_HOSPITALIZED","TOTAL_DEATHS_BY_DOD","Region","Population","New_cases_per_100k_per_week","PositivityRate_per_week","Tests_per_100k","New_cases_per_100k","Active_cases_per_100k","PositivityPercentage_per_week"
2022-04-02,127398,3,98479,3,28919,0,106433,3,549112,116,655545,119,0,1353,-3,142,6,125903,0,2715,1354,"Knox County",470313,NA,NA,25.3022986819416,0.637873076015334,30.1926589313925,NA
2022-04-01,127395,19,98476,8,28919,11,106430,8,548996,231,655426,239,4,1353,1,145,14,125897,0,2715,1354,"Knox County",470313,NA,NA,50.817221722555,4.03986281476378,30.8305320074078,NA
2022-03-31,127376,17,98468,7,28908,10,106422,8,548765,238,655187,246,3,1349,-2,144,16,125883,0,2715,1354,"Knox County",470313,NA,NA,52.3055922332574,3.61461409742023,30.6179076487361,NA
2022-03-30,127359,21,98461,8,28898,13,106414,8,548527,256,654941,264,0,1346,2,146,19,125867,0,2715,1354,"Knox County",470313,NA,NA,56.1328306893494,4.46511153210734,31.0431563660796,NA
2022-03-29,127338,20,98453,8,28885,12,106406,9,548271,192,654677,201,2,1346,6,144,12,125848,0,2715,1354,"Knox County",470313,NA,NA,42.7374960930274,4.25248717343556,30.6179076487361,NA
2022-03-28,127318,19,98445,11,28873,8,106397,16,548079,332,654476,348,3,1344,0,138,16,125836,0,2715,1353,"Knox County",470313,NA,NA,73.9932768177788,4.03986281476378,29.3421614967054,NA
2022-03-27,127299,4,98434,3,28865,1,106381,3,547747,73,654128,76,0,1341,-3,138,7,125820,0,2715,1353,"Knox County",470313,21.9003089431931,0.0368385800401875,16.1594512590551,0.850497434687113,29.3421614967054,3.68385800401875
2022-03-26,127295,9,98431,6,28864,3,106378,6,547674,166,654052,172,0,1341,3,141,6,125813,1,2715,1353,"Knox County",470313,23.1760550952238,0.03751617076326,36.5713896915458,1.913619228046,29.9800345727207,3.751617076326
2022-03-25,127286,15,98425,7,28861,8,106372,8,547508,244,653880,252,0,1341,-2,138,17,125807,1,2714,1353,"Knox County",470313,22.3255576605367,0.0372033354714561,53.5813383852881,3.18936538007667,29.3421614967054,3.72033354714561
2022-03-24,127271,57,98418,9,28853,48,106364,10,547264,187,653628,197,1,1341,39,140,17,125790,0,2713,1352,"Knox County",470313,30.8305320074078,0.0397350993377483,41.8869986583403,12.1195884442914,29.7674102140489,3.97350993377483
2022-03-23,127214,11,98409,6,28805,5,106354,6,547077,201,653431,207,0,1340,-10,101,21,125773,0,2713,1351,"Knox County",470313,28.7042884206901,0.0399174122505162,44.0132422450581,2.33886794538956,21.4750602258496,3.99174122505162
2022-03-22,127203,16,98403,11,28800,5,106348,11,546876,150,653224,161,0,1340,-6,111,22,125752,1,2713,1351,"Knox County",470313,27.8537909860029,0.0424628450106157,34.2325217461563,3.40198973874845,23.6013038125674,4.24628450106157
2022-03-21,127187,13,98392,6,28795,7,106337,6,546726,125,653063,131,7,1340,-22,117,28,125730,1,2712,1349,"Knox County",470313,26.5780448339723,0.0418060200668896,27.8537909860029,2.76411666273312,24.877049964598,4.18060200668896
2022-03-20,127174,12,98386,9,28788,3,106331,11,546601,98,652932,109,1,1333,-4,139,15,125702,0,2711,1349,"Knox County",470313,28.2790397033465,0.0471928397070789,23.1760550952238,2.55149230406134,29.5547858553772,4.71928397070789
2022-03-19,127162,11,98377,10,28785,1,106320,11,546503,175,652823,186,0,1332,-5,143,16,125687,0,2711,1349,"Knox County",470313,28.7042884206901,0.0506838294448914,39.5481307129507,2.33886794538956,30.4052832900643,5.06838294448914
2022-03-18,127151,24,98367,15,28784,9,106309,14,546328,219,652637,233,0,1332,7,148,17,125671,1,2711,1349,"Knox County",470313,30.6179076487361,0.0563725490196078,49.5414755705243,5.10298460812268,31.4684050834232,5.63725490196078
2022-03-17,127127,37,98352,25,28775,12,106295,31,546109,209,652404,240,1,1332,8,141,28,125654,0,2710,1347,"Knox County",470313,26.3654204753005,0.0710339384372533,51.0298460812268,7.86710127085579,29.9800345727207,7.10339384372533
2022-03-16,127090,23,98327,10,28763,13,106264,13,545900,236,652164,249,3,1331,-15,133,35,125626,2,2710,1346,"Knox County",470313,28.9169127793618,0.0741023682200153,52.9434653092728,4.8903602494509,28.2790397033465,7.41023682200153
2022-03-15,127067,55,98317,18,28750,37,106251,19,545664,257,651915,276,1,1328,10,148,44,125591,1,2708,1344,"Knox County",470313,37.2092627675612,0.0737359550561798,58.6843229934108,11.6943397269478,31.4684050834232,7.37359550561798
2022-03-14,127012,21,98299,16,28713,5,106232,22,545407,228,651639,250,10,1327,-45,138,56,125547,0,2707,1343,"Knox County",470313,38.9102576369354,0.0784186649384316,53.1560896679445,4.46511153210734,29.3421614967054,7.84186649384316
2022-03-13,126991,6,98283,6,28708,0,106210,10,545179,484,651389,494,2,1317,-32,183,36,125491,0,2707,1341,"Knox County",470313,37.6345114849047,0.0622406639004149,105.036433183858,1.27574615203067,38.9102576369354,6.22406639004149
2022-03-12,126985,9,98277,8,28708,1,106200,9,544695,293,650895,302,0,1315,-24,215,33,125455,2,2707,1340,"Knox County",470313,37.2092627675612,0.0577299412915851,64.212556318877,1.913619228046,45.7142371144323,5.77299412915851
2022-03-11,126976,20,98269,13,28707,7,106191,15,544402,467,650593,482,9,1315,-45,239,56,125422,0,2705,1338,"Knox County",470313,36.3587653328741,0.051897078063672,102.484940879797,4.25248717343556,50.817221722555,5.1897078063672
2022-03-10,126956,28,98256,20,28700,8,106176,23,543935,459,650111,482,4,1306,-44,284,68,125366,1,2705,1334,"Knox County",470313,34.4451461048281,0.0437869822485207,102.484940879797,5.95348204280979,60.385317862785,4.37869822485207
2022-03-09,126928,64,98236,19,28692,45,106153,23,543476,419,649629,442,1,1302,-24,328,87,125298,2,2704,1332,"Knox County",470313,43.162744810371,0.0443548387096774,93.9799665329259,13.6079589549938,69.7407896443432,4.43548387096774
2022-03-08,126864,36,98217,18,28647,18,106130,19,543057,311,649187,330,1,1301,-48,352,83,125211,1,2702,1330,"Knox County",470313,39.1228819956072,0.0434938892882818,70.1660383616868,7.65447691218401,74.8437742524659,4.34938892882818
2022-03-07,126828,27,98199,22,28629,5,106111,25,542746,267,648857,292,4,1300,-63,400,86,125128,2,2701,1328,"Knox County",470313,40.3986281476379,0.0439093484419263,62.0863127321592,5.74085768413801,85.0497434687113,4.39093484419263
2022-03-06,126801,14,98177,11,28624,3,106086,13,542479,212,648565,225,2,1296,-46,463,58,125042,2,2699,1328,"Knox County",470313,42.0996230170121,0.049706457925636,47.8404807011501,2.97674102140489,98.4450780650333,4.9706457925636
2022-03-05,126787,18,98166,10,28621,8,106073,11,542267,266,648340,277,0,1294,-34,509,52,124984,1,2697,1328,"Knox County",470313,44.0132422450581,0.0509881422924901,58.8969473520825,3.82723845609201,108.225798563935,5.09881422924901
2022-03-04,126769,52,98156,28,28613,24,106062,29,542001,380,648063,409,1,1294,-44,543,95,124932,1,2696,1327,"Knox County",470313,50.817221722555,0.0582010582010582,86.9633626967573,11.0564666509325,115.455026758776,5.82010582010582
2022-03-03,126717,45,98128,29,28589,16,106033,34,541621,326,647654,360,8,1293,-74,587,111,124837,4,2695,1327,"Knox County",470313,54.4318358199752,0.0659528907922912,76.5447691218401,9.56809614023002,124.810498540334,6.59528907922912
2022-03-02,126672,36,98099,28,28573,8,105999,35,541295,338,647294,373,-2,1285,-91,661,129,124726,1,2691,1325,"Knox County",470313,48.4783537771654,0.0732568402471315,79.3088857845732,7.65447691218401,140.544701082045,7.32568402471315
2022-03-01,126636,92,98071,48,28565,44,105964,60,540957,391,646921,451,3,1287,-84,752,173,124597,3,2690,1320,"Knox County",470313,60.385317862785,0.0867197318810222,95.893585760972,19.5614409978036,159.893517721177,8.67197318810222
2022-02-28,126544,134,98023,90,28521,44,105904,97,540566,549,646470,646,10,1284,-101,836,225,124424,4,2687,1319,"Knox County",470313,83.1361242406653,0.101787668734039,137.355335701969,28.4916640620183,177.753963849607,10.1787668734039
2022-02-27,126410,3,97933,3,28477,0,105807,5,540017,75,645824,80,1,1274,-139,937,141,124199,1,2683,1316,"Knox County",470313,80.7972562952757,0.104391371340524,17.0099486937423,0.637873076015334,199.229024075456,10.4391371340524
2022-02-26,126407,47,97930,33,28477,14,105802,35,539942,275,645744,310,0,1273,-84,1076,131,124058,2,2682,1313,"Knox County",470313,86.9633626967573,0.112209965766451,65.9135511882512,9.99334485757357,228.783809930833,11.2209965766451
2022-02-25,126360,106,97897,66,28463,40,105767,74,539667,406,645434,480,2,1273,-106,1160,210,123927,5,2680,1313,"Knox County",470313,98.4450780650333,0.125925925925926,102.059692162454,22.5381820192085,246.644256059263,12.5925925925926
2022-02-24,126254,143,97831,85,28423,58,105693,94,539261,463,644954,557,1,1271,-121,1266,263,123717,4,2675,1307,"Knox County",470313,119.282265214868,0.138073869520193,118.43176778018,30.4052832900643,269.182438078471,13.8073869520193
2022-02-23,126111,142,97746,96,28365,46,105599,115,538798,413,644397,528,6,1270,-186,1387,322,123454,1,2671,1304,"Knox County",470313,141.820447234076,0.157273918741809,112.265661378699,30.1926589313925,294.909985477756,15.7273918741809
2022-02-22,125969,142,97650,87,28319,55,105484,100,538385,356,643869,456,11,1264,-172,1573,303,123132,6,2670,1300,"Knox County",470313,152.451665167665,0.170101406607785,96.9567075543308,30.1926589313925,334.458116190707,17.0101406607785
2022-02-21,125827,74,97563,46,28264,28,105384,50,538029,290,643413,340,0,1253,-371,1745,445,122829,1,2664,1297,"Knox County",470313,139.694203647358,0.171937477280989,72.2922819484046,15.7342025417116,371.029505882253,17.1937477280989
2022-02-20,125753,72,97517,48,28236,24,105334,57,537739,289,643073,346,0,1253,-189,2116,261,122384,1,2663,1292,"Knox County",470313,154.365284395711,0.174013921113689,73.5680281004352,15.308953824368,449.913142949483,17.4013921113689
2022-02-19,125681,90,97469,54,28212,36,105277,68,537450,322,642727,390,0,1253,-177,2305,267,122123,1,2662,1290,"Knox County",470313,163.508131818597,0.180174362286083,82.9234998819935,19.13619228046,490.099146738449,18.0174362286083
2022-02-18,125591,142,97415,92,28176,50,105209,114,537128,498,642337,612,0,1253,-263,2482,405,121856,3,2661,1286,"Knox County",470313,171.162608730781,0.185196655311242,130.126107507128,30.1926589313925,527.733658223353,18.5196655311242
2022-02-17,125449,293,97323,231,28126,62,105095,272,536630,1208,641725,1480,1,1253,-241,2745,533,121451,2,2658,1283,"Knox County",470313,203.056262531548,0.186897880539499,314.684050834232,62.298937090831,583.653864554031,18.6897880539499
2022-02-16,125156,224,97092,144,28064,80,104823,159,535422,546,640245,705,3,1252,-377,2986,598,120918,3,2656,1282,"Knox County",470313,220.491459942634,0.189420189420189,149.900172863604,47.6278563424783,634.896334993929,18.9420189420189
2022-02-15,124932,273,96948,215,27984,58,104664,240,534876,592,639540,832,5,1249,-467,3363,735,120320,6,2653,1279,"Knox County",470313,248.345250928637,0.20403825717322,176.903466414919,58.0464499173954,715.05571821319,20.403825717322
2022-02-14,124659,341,96733,205,27926,136,104424,245,534284,602,638708,847,19,1244,-441,3830,763,119585,8,2647,1275,"Knox County",470313,305.115954694002,0.221603990790484,180.092831794996,72.5049063070764,814.35129371291,22.1603990790484
2022-02-13,124318,120,96528,100,27790,20,104179,116,533682,283,637861,399,1,1225,-273,4271,392,118822,1,2639,1275,"Knox County",470313,315.321923910247,0.230579297245964,84.8371191100395,25.5149230406134,908.118635887165,23.0579297245964
2022-02-12,124198,154,96428,110,27770,44,104063,127,533399,414,637462,541,0,1224,-273,4544,427,118430,3,2638,1273,"Knox County",470313,328.929882865241,0.235044313146233,115.029778041432,32.7441512354538,966.16508580456,23.5044313146233
2022-02-11,124044,341,96318,250,27726,91,103936,279,532985,631,636921,910,3,1224,-402,4817,740,118003,10,2635,1268,"Knox County",470313,371.242130240925,0.251662583129156,193.488166391318,72.5049063070764,1024.21153572196,25.1662583129156
2022-02-10,123703,425,96068,274,27635,151,103657,302,532354,555,636011,857,7,1221,-436,5219,854,117263,12,2625,1264,"Knox County",470313,399.308545585599,0.288351993714398,182.219075381714,90.3653524355057,1109.68652790801,28.8351993714398
2022-02-09,123278,438,95794,308,27484,130,103355,367,531799,606,635154,973,8,1214,-709,5655,1139,116409,4,2613,1261,"Knox County",470313,444.81015834136,0.3127449150961,206.88350098764,93.1294690982388,1202.39074828891,31.27449150961
2022-02-08,122840,457,95486,334,27354,123,102988,390,531193,462,634181,852,6,1206,-832,6364,1283,115270,8,2609,1255,"Knox County",470313,483.933040336967,0.339468302658487,181.155953588355,97.1693319130026,1353.1414185872,33.9468302658487
2022-02-07,122383,588,95152,409,27231,179,102598,440,530731,625,633329,1065,10,1200,-745,7196,1323,113987,11,2601,1243,"Knox County",470313,536.451256928896,0.361086296230123,226.444941985444,125.023122899006,1530.04488500212,36.1086296230123
2022-02-06,121795,253,94743,185,27052,68,102158,215,530106,435,632264,650,0,1190,-372,7941,625,112664,14,2590,1238,"Knox County",470313,564.730296632243,0.362517099863201,138.205833136656,53.7939627439599,1688.45003221259,36.2517099863201
2022-02-05,121542,271,94558,194,26984,77,101943,220,529671,496,631614,716,0,1190,-382,8313,653,112039,7,2576,1233,"Knox County",470313,589.607346596841,0.367424871326581,152.239040808993,57.6212012000519,1767.54629363849,36.7424871326581
2022-02-04,121271,651,94364,512,26907,139,101723,579,529175,963,630898,1542,3,1190,-500,8695,1148,111386,3,2569,1222,"Knox County",470313,655.520897785092,0.377610818933133,327.866761071882,138.418457495328,1848.76879865111,37.7610818933133
2022-02-03,120620,1643,93852,501,26768,1142,101144,504,528212,741,629356,1245,1,1187,134,9195,1508,110238,13,2566,1222,"Knox County",470313,914.497366647318,0.385489138151356,264.717326546364,349.341821297731,1955.080977987,38.5489138151356
2022-02-02,118977,719,93351,539,25626,180,100640,601,527471,904,628111,1505,7,1186,-982,9061,1694,108730,6,2553,1220,"Knox County",470313,974.244811434088,0.389306930693069,319.999659801026,152.876913885008,1926.58931392498,38.9306930693069
2022-02-01,118258,938,92812,740,25446,198,100039,834,526567,1139,626606,1973,5,1179,-806,10043,1739,107036,11,2547,1211,"Knox County",470313,1076.51712795521,0.390179392824287,419.507859659418,199.441648434128,2135.38643414067,39.0179392824287
2022-01-31,117320,711,92072,513,25248,198,99205,518,525428,605,624633,1123,11,1174,-566,10849,1266,105297,13,2536,1204,"Knox County",470313,1102.66992407184,0.396504455106237,238.777154788407,151.175919015634,2306.76166723012,39.6504455106237
2022-01-30,116609,389,91559,319,25050,70,98687,336,524823,570,623510,906,1,1163,-289,11415,677,104031,8,2523,1202,"Knox County",470313,1131.5868368512,0.398668146503885,192.637668956631,82.7108755233217,2427.10705423835,39.8668146503885
2022-01-29,116220,679,91240,590,24980,89,98351,646,524253,912,622604,1558,0,1162,-126,11704,805,103354,5,2515,1196,"Knox County",470313,1218.33757518929,0.407835972391393,331.26875081063,144.371939538137,2488.55549389449,40.7835972391393
2022-01-28,115541,938,90650,776,24891,162,97705,835,523341,1040,621046,1875,3,1162,-415,11830,1350,102549,15,2510,1193,"Knox County",470313,1279.36076612809,0.419636720667649,398.670672509584,199.441648434128,2515.34616308714,41.9636720667649
2022-01-27,114603,1434,89874,1201,24729,233,96870,1276,522301,1472,619171,2748,7,1159,122,12245,1305,101199,13,2495,1187,"Knox County",470313,1234.92227516569,0.431724845995893,584.291737630046,304.90333033533,2603.58527193592,43.1724845995893
2022-01-26,113169,999,88673,807,24496,192,95594,854,520829,965,616423,1819,4,1152,-539,12123,1534,99894,5,2482,1179,"Knox County",470313,1294.45709559379,0.441509748375271,386.763708423964,212.411734313106,2577.64510017797,44.1509748375271
2022-01-25,112170,1025,87866,768,24304,257,94740,803,519864,930,614604,1733,7,1148,-359,12662,1377,98360,10,2477,1172,"Knox County",470313,1312.95541479823,0.447883013093011,368.478013578192,217.939967638573,2692.24962950206,44.7883013093011
2022-01-24,111145,1320,87098,1082,24047,238,93937,1158,518934,1550,612871,2708,13,1141,-187,13021,1494,96983,15,2467,1166,"Knox County",470313,1442.44364922934,0.442646287555256,575.786763283175,280.664153446747,2768.58177426522,44.2646287555256
2022-01-23,109825,769,86016,680,23809,89,92779,709,517384,818,610163,1527,0,1128,56,13208,713,95489,7,2452,1161,"Knox County",470313,1523.24090552462,0.44967067583047,324.677395691805,163.508131818597,2808.34252933685,44.967067583047
2022-01-22,109056,902,85336,738,23720,164,92070,770,516566,1056,608636,1826,0,1128,106,13152,796,94776,13,2445,1151,"Knox County",470313,1570.65613750843,0.449915706659174,388.252078934667,191.787171521944,2796.43556525123,44.9915706659174
2022-01-21,108154,1516,84598,1231,23556,285,91300,1292,515510,1348,606810,2640,1,1128,543,13046,972,93980,6,2432,1148,"Knox County",470313,1693.55301682071,0.457436170921939,561.328306893494,322.338527746416,2773.89738323202,45.7436170921939
2022-01-20,106638,1410,83367,1171,23271,239,90008,1218,514162,1152,604170,2370,11,1127,452,12503,947,93008,11,2426,1142,"Knox County",470313,1688.45003221259,0.465294399234083,503.919730052114,299.800345727207,2658.44235647324,46.5294399234083
2022-01-19,105228,1675,82196,1312,23032,363,88790,1344,513010,1331,601800,2675,4,1116,417,12051,1254,92061,7,2415,1140,"Knox County",470313,1832.18409867471,0.471219070999419,568.770159447007,356.145800775228,2562.3361463536,47.1219070999419
2022-01-18,103553,1046,80884,666,22669,380,87446,693,511679,686,599125,1379,6,1112,-296,11634,1336,90807,7,2408,1138,"Knox County",470313,1836.64921020682,0.47497520661157,293.208990608382,222.40507917068,2473.67178878747,47.497520661157
2022-01-17,102507,1091,80218,858,22289,233,86753,902,510993,1279,597746,2181,7,1106,-133,11930,1217,89471,13,2401,1134,"Knox County",470313,1787.95823207098,0.474585559665708,463.733726263148,231.97317531091,2536.60859895431,47.4585559665708
2022-01-16,101416,773,79360,693,22056,80,85851,717,509714,1073,595565,1790,0,1099,182,12063,591,88254,7,2388,1131,"Knox County",470313,1788.80872950567,0.4667249848597,380.597602022483,164.358629253285,2564.88763865766,46.67249848597
2022-01-15,100643,751,78667,599,21976,152,85134,627,508641,816,593775,1443,1,1099,383,11881,367,87663,12,2381,1127,"Knox County",470313,1756.70245134623,0.469194640143666,306.816949563376,159.680893362505,2526.1900053794,46.9194640143666
2022-01-14,99892,1313,78068,1058,21824,255,84507,1099,507825,1188,592332,2287,6,1098,839,11498,468,87296,10,2369,1125,"Knox County",470313,1713.53970653586,0.467256637168142,486.271908282357,279.175782936045,2444.75487600811,46.7256637168142
2022-01-13,98579,1406,77010,1059,21569,347,83408,1105,506637,1402,590045,2507,6,1092,681,10659,719,86828,11,2359,1120,"Knox County",470313,1712.68920910117,0.454845042771,533.049267190148,298.94984829252,2266.36303908248,45.4845042771
2022-01-12,97173,1168,75951,889,21222,279,82303,936,505235,1058,587538,1994,1,1086,461,9978,706,86109,3,2348,1114,"Knox County",470313,1604.88865925458,0.447610632501289,423.972971191526,248.345250928637,2121.565850827,44.7610632501289
2022-01-11,96005,1368,75062,1062,20943,306,81367,1096,504177,1283,585544,2379,2,1085,681,9517,685,85403,10,2345,1114,"Knox County",470313,1673.35370274689,0.444551128180509,505.83334928016,290.870122662993,2023.54602147931,44.4551128180509
2022-01-10,94637,1002,74000,686,20637,316,80271,715,502894,812,583165,1527,3,1083,356,8836,643,84718,5,2335,1111,"Knox County",470313,1654.43013482511,0.451999712788109,324.677395691805,213.049607389122,1878.74883322383,45.1999712788109
2022-01-09,93635,742,73314,629,20321,113,79556,664,502082,1205,581638,1869,5,1080,386,8480,351,84075,2,2330,1110,"Knox County",470313,1647.83877970628,0.445666143081536,397.394926357553,157.767274134459,1803.05456153668,44.5666143081536
2022-01-08,92893,625,72685,478,20208,147,78892,510,500877,912,579769,1422,0,1075,478,8094,147,83724,10,2328,1108,"Knox County",470313,1621.04811051364,0.437969252770826,302.351838031269,132.890224169861,1720.98155908937,43.7969252770826
2022-01-07,92268,968,72207,750,20061,218,78382,767,499965,1091,578347,1858,0,1075,776,7616,192,83577,7,2318,1104,"Knox County",470313,1547.69270677187,0.42733844791974,395.056058412164,205.820379194281,1619.34711564426,42.733844791974
2022-01-06,91300,1169,71457,744,19843,425,77615,781,498874,1010,576489,1791,2,1075,934,6840,233,83385,7,2311,1104,"Knox County",470313,1497.30073376666,0.425934579439252,380.810226381155,248.557875287309,1454.35061331496,42.5934579439252
2022-01-05,90131,1217,70713,905,19418,312,76834,944,497864,1255,574698,2199,1,1073,979,5906,237,83152,8,2304,1100,"Knox County",470313,1507.71932734158,0.419854350325795,467.56096471924,258.763844503554,1255.75946231552,41.9854350325795
2022-01-04,88914,924,69808,578,19106,346,75890,567,496609,1040,572499,1607,0,1072,716,4927,208,82915,6,2296,1099,"Knox County",470313,1413.31411209131,0.403161411227899,341.687344385547,196.464907412723,1047.60021517585,40.3161411227899
2022-01-03,87990,716,69230,538,18760,178,75323,505,495569,820,570892,1325,6,1072,539,4211,171,82707,6,2290,1094,"Knox County",470313,1352.50354551118,0.392510976721067,281.727275240106,152.239040808993,895.361174366858,39.2510976721067
2022-01-02,87274,290,68692,207,18582,83,74818,265,494749,651,569567,916,3,1066,171,3672,116,82536,9,2284,1092,"Knox County",470313,1256.39733539154,0.390268033819032,194.763912543349,61.6610640148157,780.756645042769,39.0268033819032
2022-01-01,86984,265,68485,215,18499,50,74553,237,494098,767,568651,1004,0,1063,167,3501,98,82420,15,2275,1088,"Knox County",470313,1179.8525662697,0.38,213.474856106465,56.3454550480212,744.397879709895,38
2021-12-31,86719,591,68270,429,18449,162,74316,470,493331,1008,567647,1478,0,1063,487,3334,104,82322,5,2260,1088,"Knox County",470313,1099.69318305044,0.365213178294574,314.258802116888,125.660995975021,708.889611811708,36.5213178294574
2021-12-30,86128,582,67841,403,18287,179,73846,404,492323,918,566169,1322,2,1063,471,2847,109,82218,6,2255,1085,"Knox County",470313,974.882684510103,0.344330524819815,281.089402164091,123.747376746975,605.341549138552,34.4330524819815
2021-12-29,85546,633,67438,475,18108,158,73442,503,491405,1195,564847,1698,1,1061,506,2376,126,82109,5,2249,1083,"Knox County",470313,850.710059045784,0.315614973262032,361.036161024679,134.591219039236,505.195476204145,31.5614973262032
2021-12-28,84913,429,66963,262,17950,167,72939,283,490210,978,563149,1261,1,1060,303,1870,125,81983,5,2244,1081,"Knox County",470313,745.461001503254,0.296201688138605,268.119316285112,91.2158498701928,397.607550716225,29.6201688138605
2021-12-27,84484,314,66701,234,17783,80,72656,254,489232,905,561888,1159,2,1059,202,1567,110,81858,1,2239,1081,"Knox County",470313,659.986009317199,0.27336501470921,246.431631700591,66.7640486229383,333.182370038676,27.336501470921
2021-12-26,84170,61,66467,49,17703,12,72402,60,488327,426,560729,486,7,1057,-35,1365,89,81748,1,2238,1080,"Knox County",470313,611.295031181362,0.262963843958135,103.335438314484,12.9700858789785,290.232249586977,26.2963843958135
2021-12-25,84109,85,66418,63,17691,22,72342,74,487901,489,560243,563,1,1050,5,1400,79,81659,1,2237,1080,"Knox County",470313,573.022646620442,0.257060374042927,119.707513932211,18.0730704871011,297.674102140489,25.7060374042927
2021-12-24,84024,174,66355,122,17669,52,72268,137,487412,848,559680,985,0,1049,94,1395,80,81580,2,2236,1080,"Knox County",470313,484.358289054311,0.229462135402729,209.434993291702,36.9966384088894,296.610980347131,22.9462135402729
2021-12-23,83850,218,66233,159,17617,59,72131,166,486564,960,558695,1126,5,1049,113,1301,100,81500,5,2234,1080,"Knox County",470313,406.963022497783,0.202940368233031,239.415027864422,46.3521101904476,276.624290631983,20.2940368233031
2021-12-22,83632,176,66074,102,17558,74,71965,101,485604,812,557569,913,47,1044,14,1188,115,81400,10,2229,1079,"Knox County",470313,309.793690584781,0.165562913907285,194.126039467333,37.421887126233,252.597738102072,16.5562913907285
2021-12-21,83456,177,65972,124,17484,53,71864,120,484792,912,556656,1032,3,997,72,1174,102,81285,6,2219,1077,"Knox County",470313,256.212352199493,0.145593869731801,219.428338149275,37.6345114849047,249.620997080668,14.5593869731801
2021-12-20,83279,114,65848,80,17431,34,71744,84,483880,623,555624,707,1,994,-8,1102,121,81183,3,2213,1075,"Knox County",470313,213.687480465137,0.127666896077082,150.325421580947,24.2391768885827,234.3120432563,12.7666896077082
2021-12-19,83165,70,65768,50,17397,20,71660,58,483257,557,554917,615,3,993,-18,1110,85,81062,6,2210,1074,"Knox County",470313,215.601099693183,0.124558155192729,130.763980583144,14.8837051070245,236.013038125674,12.4558155192728
2021-12-18,83095,88,65718,56,17377,32,71602,65,482700,660,554302,725,0,990,11,1128,77,80977,3,2204,1073,"Knox County",470313,216.238972769198,0.119777158774373,154.152660037039,18.7109435631165,239.840276581766,11.9777158774373
2021-12-17,83007,119,65662,77,17345,42,71537,83,482040,1034,553577,1117,2,990,7,1117,110,80900,6,2201,1071,"Knox County",470313,204.544633042251,0.108580593424218,237.501408636376,25.3022986819416,237.501408636376,10.8580593424218
2021-12-16,82888,138,65585,106,17303,32,71454,108,481006,661,552460,769,2,988,32,1110,104,80790,3,2195,1069,"Knox County",470313,187.534684348508,0.105307927866621,163.508131818597,29.3421614967054,236.013038125674,10.5307927866621
2021-12-15,82750,157,65479,113,17271,44,71346,125,480345,841,551691,966,0,986,30,1078,127,80686,5,2192,1067,"Knox County",470313,183.494821533745,0.108413421008262,205.395130476938,33.3820243114692,229.209058648177,10.8413421008262
2021-12-14,82593,97,65366,59,17227,38,71221,63,479504,811,550725,874,3,986,-55,1048,149,80559,3,2187,1064,"Knox County",470313,166.484872840002,0.101507015416594,185.833689479134,20.6245627911625,222.830327888024,10.1507015416594
2021-12-13,82496,111,65307,74,17189,37,71158,79,478693,627,549851,706,4,983,-51,1103,158,80410,3,2184,1061,"Knox County",470313,165.846999763987,0.100658350658351,150.112797222275,23.6013038125674,234.524667614971,10.0658350658351
2021-12-12,82385,54,65233,29,17152,25,71079,40,478066,493,549145,533,6,979,-37,1154,85,80252,5,2181,1061,"Knox County",470313,162.445010025239,0.0989455184534271,113.328783172058,11.481715368276,245.368509907232,9.89455184534271
2021-12-11,82331,65,65204,45,17127,20,71039,51,477573,541,548612,592,0,973,-21,1191,86,80167,1,2176,1060,"Knox County",470313,157.554649775788,0.0987943134784956,125.873620333693,13.8205833136656,253.235611178088,9.87943134784956
2021-12-10,82266,84,65159,48,17107,36,70988,57,477032,856,548020,913,0,973,-13,1212,97,80081,3,2175,1057,"Knox County",470313,150.112797222275,0.0977022230524939,194.126039467333,17.8604461284294,257.700722710195,9.77022230524939
2021-12-09,82182,164,65111,96,17071,68,70931,107,476176,1017,547107,1124,3,973,102,1225,59,79984,2,2172,1055,"Knox County",470313,155.641030547742,0.0914505956552207,238.989779147079,34.8703948221716,260.464839372928,9.14505956552208
2021-12-08,82018,130,65015,67,17003,63,70824,65,475159,751,545983,816,0,970,33,1123,97,79925,7,2170,1054,"Knox County",470313,149.900172863604,0.0831234256926952,173.501476676171,27.6411666273312,238.777154788407,8.31234256926952
2021-12-07,81888,127,64948,70,16940,57,70759,76,474408,631,545167,707,2,970,17,1090,108,79828,2,2163,1053,"Knox County",470313,156.278903623757,0.0881098126507142,150.325421580947,27.0032935513158,231.760550952238,8.81098126507142
2021-12-06,81761,148,64878,107,16883,41,70683,115,473777,759,544460,874,8,968,38,1073,102,79720,4,2161,1053,"Knox County",470313,164.146004894613,0.0919230077352042,185.833689479134,31.4684050834232,228.145936854818,9.19230077352042
2021-12-05,81613,43,64771,28,16842,15,70568,33,473018,342,543586,375,2,960,-20,1035,61,79618,1,2157,1050,"Knox County",470313,161.807136949223,0.093316052582855,79.7341345019168,9.14284742288646,220.06621122529,9.3316052582855
2021-12-04,81570,69,64743,50,16827,19,70535,55,472676,499,543211,554,0,958,14,1055,55,79557,3,2156,1050,"Knox County",470313,162.65763438391,0.0947231027410032,117.793894704165,14.6710807483527,224.318698398726,9.47231027410032
2021-12-03,81501,147,64693,103,16808,44,70480,108,472177,1009,542657,1117,3,958,62,1041,82,79502,2,2153,1048,"Knox County",470313,176.052968980232,0.100413148913239,237.501408636376,31.2557807247514,221.341957377321,10.0413148913239
2021-12-02,81354,133,64590,86,16764,47,70372,85,471168,794,541540,879,0,955,31,979,102,79420,4,2151,1046,"Knox County",470313,169.461613861407,0.100901916572717,186.896811272493,28.2790397033465,208.159247139671,10.0901916572717
2021-12-01,81221,185,64504,142,16717,43,70287,147,470374,1009,540661,1156,4,955,91,948,90,79318,7,2147,1044,"Knox County",470313,181.155953588355,0.109325326739668,245.793758624576,39.335506354279,201.567892020846,10.9325326739668
2021-11-30,81036,116,64362,66,16674,50,70140,68,469365,693,539505,761,3,951,16,857,97,79228,6,2140,1043,"Knox County",470313,178.817085642965,0.106892932120364,161.807136949223,24.6644256059263,182.219075381714,10.6892932120364
2021-11-29,80920,165,64296,128,16624,37,70072,139,468672,967,538744,1106,2,948,75,841,88,79131,5,2134,1040,"Knox County",470313,182.431699740386,0.106758574310693,235.162540690987,35.0830191808434,178.817085642965,10.6758574310693
2021-11-28,80755,33,64168,22,16587,11,69933,22,467705,270,537638,292,3,946,-24,766,54,79043,5,2129,1039,"Knox County",470313,180.305456153668,0.106393861892583,62.0863127321592,7.01660383616868,162.870258742582,10.6393861892583
2021-11-27,80722,59,64146,31,16576,28,69911,32,467435,266,537346,298,0,943,1,790,58,78989,1,2124,1038,"Knox County",470313,178.17921256695,0.107149224460688,63.3620588841899,12.5448371616349,167.973243350705,10.7149224460688
2021-11-26,80663,20,64115,18,16548,2,69879,20,467169,298,537048,318,0,943,-45,789,65,78931,4,2123,1036,"Knox County",470313,151.175919015634,0.106652806652807,67.6145460576254,4.25248717343556,167.760618992033,10.6652806652807
2021-11-25,80643,52,64097,26,16546,26,69859,29,466871,331,536730,360,0,943,-18,834,70,78866,3,2119,1035,"Knox County",470313,133.95334596322,0.106501980890235,76.5447691218401,11.0564666509325,177.328715132263,10.6501980890235
2021-11-24,80591,105,64071,66,16520,39,69830,73,466540,742,536370,815,0,943,18,852,87,78796,3,2116,1030,"Knox County",470313,116.943397269478,0.0969620253164557,173.288852317499,22.3255576605367,181.155953588355,9.69620253164557
2021-11-23,80486,99,64005,64,16481,35,69757,65,465798,674,535555,739,0,943,37,834,62,78709,2,2113,1026,"Knox County",470313,113.328783172058,0.0967413441955193,157.129401058444,21.049811508506,177.328715132263,9.67413441955193
2021-11-22,80387,107,63941,83,16446,24,69692,82,465124,740,534816,822,0,943,37,797,70,78647,3,2111,1026,"Knox County",470313,100.996570369095,0.0886388583973655,174.777222828202,22.7508063778803,169.461613861407,8.86388583973655
2021-11-21,80280,44,63858,32,16422,12,69610,37,464384,284,533994,321,0,943,-9,760,53,78577,2,2108,1026,"Knox County",470313,103.335438314484,0.0920228695888919,68.2524191336408,9.35547178155824,161.594512590551,9.20228695888919
2021-11-20,80236,54,63826,37,16410,17,69573,44,464100,537,533673,581,0,943,14,769,40,78524,1,2106,1024,"Knox County",470313,102.272316521125,0.0884732052578362,123.534752388303,11.481715368276,163.508131818597,8.84732052578362
2021-11-19,80182,112,63789,83,16393,29,69529,81,463563,825,533092,906,0,943,62,755,50,78484,0,2105,1024,"Knox County",470313,121.833757518929,0.0904489436619718,192.637668956631,23.8139281712392,160.531390797193,9.04489436619718
2021-11-18,80070,80,63706,44,16364,36,69448,49,462738,937,532186,986,3,943,18,693,59,78434,2,2105,1024,"Knox County",470313,127.787239561739,0.0833655705996132,209.647617650373,17.0099486937423,147.348680559542,8.33655705996132
2021-11-17,79990,105,63662,64,16328,41,69399,66,461801,833,531200,899,0,940,44,675,61,78375,1,2103,1024,"Knox County",470313,127.787239561739,0.0807004187285877,191.149298445929,22.3255576605367,143.52144210345,8.07004187285877
2021-11-16,79885,73,63598,51,16287,22,69333,67,460968,777,530301,844,0,940,9,631,64,78314,2,2102,1023,"Knox County",470313,122.259006236272,0.0794924426198918,179.454958718981,15.5215781830398,134.165970321892,7.94924426198918
2021-11-15,79812,84,63547,44,16265,40,69266,34,460191,460,529457,494,3,940,21,622,60,78250,0,2100,1020,"Knox County",470313,117.368645986822,0.075134168157424,105.036433183858,17.8604461284294,132.252351093846,7.5134168157424
2021-11-14,79728,72,63503,62,16225,10,69232,68,459731,624,528963,692,0,937,16,601,56,78190,2,2100,1020,"Knox County",470313,123.322128029631,0.0757126990003702,147.13605620087,15.308953824368,127.787239561739,7.57126990003702
2021-11-13,79656,29,63441,13,16215,16,69164,12,459107,317,528271,329,0,937,-13,585,42,78134,2,2098,1018,"Knox County",470313,118.006519062837,0.0732038834951456,69.953414003015,6.16610640148157,124.38524982299,7.32038834951456
2021-11-12,79627,66,63428,49,16199,17,69152,51,458790,687,527942,738,0,937,18,598,48,78092,4,2096,1018,"Knox County",470313,108.225798563935,0.069650742673625,156.916776699772,14.0332076723374,127.149366485723,6.96507426736251
2021-11-11,79561,67,63379,46,16182,21,69101,54,458103,962,527204,1016,0,937,-3,580,70,78044,0,2092,1016,"Knox County",470313,105.461681901202,0.0702314445331205,216.026348410527,14.2458320310091,123.322128029631,7.02314445331205
2021-11-10,79494,74,63333,50,16161,24,69047,69,457141,855,526188,924,1,937,6,583,67,77974,2,2092,1016,"Knox County",470313,98.8703267823768,0.0704784594004368,196.464907412723,15.7342025417116,123.960001105647,7.04784594004368
2021-11-09,79420,106,63283,76,16137,30,68978,134,456286,1174,525264,1308,1,936,34,577,71,77907,1,2090,1016,"Knox County",470313,105.886930618546,0.0767133248500273,278.112661142686,22.5381820192085,122.684254953616,7.67133248500273
2021-11-08,79314,78,63207,58,16107,20,68844,70,455112,687,523956,757,6,935,-10,543,82,77836,1,2089,1015,"Knox County",470313,104.611184466515,0.0794587092297016,160.956639514536,16.5846999763987,115.455026758776,7.94587092297016
2021-11-07,79236,31,63149,20,16087,11,68774,23,454425,390,523199,413,0,929,-20,553,51,77754,1,2088,1012,"Knox County",470313,95.8935857609719,0.0752962625341841,87.8138601314444,6.59135511882512,117.581270345493,7.52962625341841
2021-11-06,79205,41,63129,27,16076,14,68751,30,454035,453,522786,483,0,929,-2,573,43,77703,2,2087,1009,"Knox County",470313,98.4450780650333,0.0764319914878525,102.697565238469,8.7175987055429,121.833757518929,7.64319914878525
2021-11-05,79164,52,63102,32,16062,20,68721,36,453582,605,522303,641,0,929,-28,575,80,77660,2,2085,1008,"Knox County",470313,95.4683370436284,0.0750631540959942,136.29221390861,11.0564666509325,122.259006236272,7.50631540959942
2021-11-04,79112,68,63070,45,16042,23,68685,49,452977,668,521662,717,0,929,-1,603,69,77580,1,2083,1008,"Knox County",470313,95.6809614023002,0.0783902345985123,152.451665167665,14.4584563896809,128.212488279082,7.83902345985123
2021-11-03,79044,79,63025,59,16019,20,68636,65,452309,969,520945,1034,0,929,-2,604,81,77511,2,2082,1007,"Knox County",470313,96.7440831956591,0.0760321315150383,219.853586866619,16.7973243350705,128.425112637754,7.60321315150383
2021-11-02,78965,41,62966,19,15999,22,68571,22,451340,301,519911,323,4,929,-51,606,88,77430,1,2080,1005,"Knox County",470313,82.9234998819935,0.06753663003663,68.6776678509843,8.7175987055429,128.850361355098,6.753663003663
2021-11-01,78924,95,62947,71,15977,24,68549,83,451039,661,519588,744,1,925,-20,657,114,77342,3,2079,1002,"Knox County",470313,86.5381139794137,0.0707233065442021,158.192522851803,20.1993140738189,139.694203647358,7.07233065442021
2021-10-31,78829,26,62876,20,15953,6,68466,19,450378,278,518844,297,0,924,-44,677,70,77228,1,2076,1001,"Knox County",470313,85.4749921860548,0.0717150271290399,63.1494345255181,5.52823332546623,143.946690820794,7.17150271290399
2021-10-30,78803,56,62856,41,15947,15,68447,43,450100,522,518547,565,0,924,-23,721,79,77158,4,2075,1000,"Knox County",470313,88.6643575661315,0.0733626475352928,120.132762649555,11.9069640856196,153.302162602352,7.33626475352928
2021-10-29,78747,73,62815,59,15932,14,68404,66,449578,846,517982,912,1,924,-37,744,109,77079,1,2071,1000,"Knox County",470313,93.1294690982388,0.0755662020905923,193.913415108662,15.5215781830398,158.192522851803,7.55662020905923
2021-10-28,78674,54,62756,32,15918,22,68338,39,448732,561,517070,600,4,923,-52,781,102,76970,3,2070,999,"Knox County",470313,90.1527280768339,0.0753072625698324,127.574615203067,11.481715368276,166.059624122659,7.53072625698324
2021-10-27,78620,88,62724,57,15896,31,68299,65,448171,759,516470,824,1,919,-29,833,116,76868,3,2067,997,"Knox County",470313,92.0663473048799,0.0790152403282532,175.202471545545,18.7109435631165,177.116090773591,7.90152403282532
2021-10-26,78532,96,62667,58,15865,38,68234,55,447412,554,515646,609,0,918,-18,862,114,76752,5,2064,994,"Knox County",470313,103.760687031828,0.0813008130081301,129.488234431113,20.4119384324907,183.282197175073,8.13008130081301
2021-10-25,78436,71,62609,47,15827,24,68179,54,446858,491,515037,545,6,918,-72,880,137,76638,3,2059,992,"Knox County",470313,98.6577024237051,0.0783547794117647,115.880275476119,15.0963294656962,187.109435631165,7.83547794117647
2021-10-24,78365,38,62562,20,15803,18,68125,23,446367,337,514492,360,1,912,-73,952,110,76501,5,2056,991,"Knox County",470313,101.209194727766,0.0781426953567384,76.5447691218401,8.07972562952757,202.418389455533,7.81426953567384
2021-10-23,78327,59,62542,40,15785,19,68102,42,446030,471,514132,513,0,911,-14,1025,73,76391,1,2051,988,"Knox County",470313,101.847067803782,0.0788448315379326,109.076295998622,12.5448371616349,217.939967638573,7.88448315379326
2021-10-22,78268,90,62502,55,15766,35,68060,55,445559,551,513619,606,0,911,-68,1039,158,76318,2,2050,986,"Knox County",470313,105.461681901202,0.0820803549420754,128.850361355098,19.13619228046,220.916708659978,8.20803549420754
2021-10-21,78178,124,62447,71,15731,53,68005,78,445008,712,513013,790,3,911,-23,1107,144,76160,2,2048,984,"Knox County",470313,120.345387008226,0.0875912408759124,167.973243350705,26.3654204753005,235.375165049658,8.75912408759124
2021-10-20,78054,149,62376,83,15678,66,67927,90,444296,959,512223,1049,3,908,-47,1130,193,76016,3,2046,982,"Knox County",470313,133.315472887205,0.0887745974955277,223.042952246695,31.6810294420949,240.265525299109,8.87745974955277
2021-10-19,77905,131,62293,85,15612,46,67837,92,443337,724,511174,816,4,905,-40,1177,167,75823,4,2043,980,"Knox County",470313,140.757325440717,0.0927548621500321,173.501476676171,27.8537909860029,250.258870156683,9.27548621500321
2021-10-18,77774,121,62208,90,15566,31,67745,106,442613,607,510358,713,9,901,-72,1217,184,75656,8,2039,978,"Knox County",470313,151.388543374306,0.100268207138436,151.601167732978,25.7275473992852,258.763844503554,10.0268207138436
2021-10-17,77653,63,62118,56,15535,7,67639,61,442006,303,509645,364,1,892,-66,1289,128,75472,4,2031,975,"Knox County",470313,156.7041523411,0.108018965161822,77.3952665565272,13.395334596322,274.072798327922,10.8018965161822
2021-10-16,77590,55,62062,41,15528,14,67578,44,441703,372,509281,416,0,891,-84,1355,139,75344,1,2027,973,"Knox County",470313,155.853654906413,0.110643668489693,88.4517332074597,11.6943397269478,288.106006000259,11.0643668489693
2021-10-15,77535,125,62021,89,15514,36,67534,100,441331,794,508865,894,9,891,-69,1439,185,75205,5,2026,969,"Knox County",470313,163.295507459926,0.113248710829036,190.08617665257,26.5780448339723,305.966452128689,11.3248710829036
2021-10-14,77410,192,61932,135,15478,57,67434,143,440537,699,507971,842,0,882,6,1508,186,75020,7,2021,967,"Knox County",470313,177.753963849607,0.124852767962309,179.029710001637,40.8238768649814,320.637532877041,12.4852767962309
2021-10-13,77218,121,61797,87,15421,34,67291,99,439838,764,507129,863,7,882,-78,1502,192,74834,5,2014,962,"Knox County",470313,171.800481806797,0.131418092909535,183.494821533745,25.7275473992852,319.361786725011,13.1418092909535
2021-10-12,77097,136,61710,104,15387,32,67192,109,439074,821,506266,930,4,875,-81,1580,213,74642,3,2009,961,"Knox County",470313,172.863603600156,0.131819992035046,197.740653564754,28.9169127793618,335.94648670141,13.1819992035046
2021-10-11,76961,194,61606,136,15355,58,67083,149,438253,581,505336,730,3,871,-86,1661,277,74429,12,2006,952,"Knox County",470313,188.385181783195,0.139908712046041,155.215781830398,41.249125582325,353.169059753823,13.9908712046041
2021-10-10,76767,54,61470,41,15297,13,66934,51,437672,489,504606,540,0,868,-90,1747,144,74152,4,1994,951,"Knox County",470313,186.471562555149,0.13326941514861,114.81715368276,11.481715368276,371.454754599596,13.326941514861
2021-10-09,76713,66,61429,37,15284,29,66883,48,437183,490,504066,538,0,868,-67,1837,133,74008,7,1990,948,"Knox County",470313,188.810430500539,0.1309724564362,114.391904965417,14.0332076723374,390.590946880056,13.09724564362
2021-10-08,76647,289,61392,114,15255,175,66835,122,436693,936,503528,1058,-1,868,75,1904,215,73875,5,1983,944,"Knox County",470313,223.680825322711,0.131067078712961,224.956571474741,61.4484396561439,404.836778911066,13.1067078712961
2021-10-07,76358,259,61278,170,15080,89,66713,176,435757,1106,502470,1282,6,869,-8,1829,261,73660,9,1978,940,"Knox County",470313,237.92665735372,0.12691466083151,272.58442781722,55.0697088959905,388.889952010682,12.691466083151
2021-10-06,76099,139,61108,103,14991,36,66537,112,434651,835,501188,947,1,863,-120,1837,258,73399,4,1969,939,"Knox County",470313,241.753895809812,0.127302904564315,201.355267662174,29.5547858553772,390.590946880056,12.7302904564315
2021-10-05,75960,210,61005,118,14955,92,66425,138,433816,915,500241,1053,3,862,-73,1957,280,73141,4,1965,934,"Knox County",470313,257.488098351523,0.129472999349382,223.893449681382,44.6511153210734,416.10586992067,12.9472999349382
2021-10-04,75750,316,60887,224,14863,92,66287,245,432901,829,499188,1074,3,859,-14,2030,327,72861,4,1961,930,"Knox County",470313,283.42827010948,0.137399876771411,228.35856121349,67.1892973402819,431.62744810371,13.7399876771411
2021-10-03,75434,102,60663,93,14771,9,66042,107,432072,678,498114,785,1,856,-66,2044,167,72534,6,1957,928,"Knox County",470313,293.634239325726,0.140715451981594,166.910121557346,21.6876845845214,434.604189125115,14.0715451981594
2021-10-02,75332,67,60570,43,14762,24,65935,50,431394,472,497329,522,5,855,-144,2110,206,72367,2,1951,927,"Knox County",470313,293.846863684397,0.141348013688439,110.989915226668,14.2458320310091,448.637396797452,14.1348013688439
2021-10-01,75265,225,60527,152,14738,73,65885,167,430922,965,496807,1132,0,850,-77,2254,302,72161,9,1949,923,"Knox County",470313,280.238904729404,0.146431199411332,240.690774016453,47.8404807011501,479.255304446188,14.6431199411332
2021-09-30,75040,240,60375,166,14665,74,65718,186,429957,1104,495675,1290,1,850,-113,2331,352,71859,8,1940,920,"Knox County",470313,276.19904191464,0.147728943113332,274.285422686594,51.0298460812268,495.627380063915,14.7728943113332
2021-09-29,74800,361,60209,170,14591,191,65532,192,428853,1111,494385,1303,6,849,-95,2444,450,71507,7,1932,918,"Knox County",470313,323.401649539775,0.151557480094985,277.049539349327,76.7573934805119,519.653932593826,15.1557480094985
2021-09-28,74439,348,60039,249,14400,99,65340,270,427742,778,493082,1048,2,843,-75,2539,421,71057,1,1925,915,"Knox County",470313,352.74381103648,0.170114621190942,222.830327888024,73.9932768177788,539.853246667645,17.0114621190942
2021-09-27,74091,239,59790,162,14301,77,65070,186,426964,760,492034,946,7,841,-302,2614,534,70636,12,1924,912,"Knox County",470313,336.371735418753,0.164816396242528,201.142643303502,50.817221722555,555.800073568028,16.4816396242528
2021-09-26,73852,124,59628,99,14224,25,64884,117,426204,703,491088,820,2,834,-144,2916,266,70102,1,1912,906,"Knox County",470313,341.049471309532,0.165415663503753,174.351974110858,26.3654204753005,620.012629886905,16.5415663503753
2021-09-25,73728,110,59529,90,14199,20,64767,102,425501,705,490268,807,0,832,-176,3060,286,69836,3,1911,901,"Knox County",470313,350.192318732419,0.166076776476994,171.587857448125,23.3886794538956,650.630537535641,16.6076776476994
2021-09-24,73618,244,59439,165,14179,79,64665,182,424796,939,489461,1121,13,832,-234,3236,465,69550,5,1908,894,"Knox County",470313,354.232181547182,0.168370824812543,238.351906071063,51.8803435159139,688.052424661874,16.8370824812543
2021-09-23,73374,355,59274,246,14100,109,64483,268,423857,1370,488340,1638,14,819,-222,3470,563,69085,8,1903,891,"Knox County",470313,378.683982794437,0.171417415072237,348.278699504373,75.4816473284812,737.80652459107,17.1417415072237
2021-09-22,73019,251,59028,187,13991,64,64215,202,422487,1260,486702,1462,3,805,-327,3692,575,68522,4,1895,888,"Knox County",470313,355.295303340541,0.169217036470288,310.85681237814,53.3687140266163,785.009132216205,16.9217036470288
2021-09-21,72768,397,58841,216,13927,181,64013,230,421227,996,485240,1226,10,802,-354,4019,741,67947,7,1891,879,"Knox County",470313,365.713896915458,0.160473815461347,260.6774637316,84.4118703926959,854.537297501876,16.0473815461347
2021-09-20,72371,432,58625,310,13746,122,63783,343,420231,1295,484014,1638,5,792,113,4373,314,67206,9,1884,875,"Knox County",470313,406.750398139112,0.16574839302112,348.278699504373,91.8537229462082,929.806320471686,16.574839302112
2021-09-19,71939,120,58315,88,13624,32,63440,97,418936,432,482376,529,1,787,-176,4260,295,66892,7,1875,868,"Knox County",470313,405.899900704425,0.169101056881606,112.478285737371,25.5149230406134,905.779767941775,16.9101056881606
2021-09-18,71819,226,58227,183,13592,43,63343,197,418504,1075,481847,1272,0,786,-108,4436,334,66597,7,1868,860,"Knox County",470313,430.564326310351,0.17094305649336,270.458184230502,48.0531050598219,943.201655068008,17.094305649336
2021-09-17,71593,546,58044,421,13549,125,63146,448,417429,1310,480575,1758,5,786,4,4544,537,66263,11,1861,847,"Knox County",470313,494.776882629228,0.187440932479261,373.793622544986,116.092899834791,966.16508580456,18.7440932479261
2021-09-16,71047,588,57623,456,13424,132,62698,487,416119,1518,478817,2005,7,781,15,4540,566,65726,16,1850,842,"Knox County",470313,544.318358199752,0.20262891809909,426.311839136915,125.023122899006,965.314588369873,20.262891809909
2021-09-15,70459,338,57167,249,13292,89,62211,267,414601,807,476812,1074,6,774,-306,4525,638,65160,5,1834,839,"Knox County",470313,562.816677404197,0.217743632919385,228.35856121349,71.867033231061,962.125222989796,21.7743632919385
2021-09-14,70121,555,56918,443,13203,112,61944,476,413794,1406,475738,1882,12,768,-160,4831,703,64522,8,1829,835,"Knox County",470313,596.411326074338,0.227899192754479,400.159043020287,118.006519062837,1027.18827674336,22.7899192754479
2021-09-13,69566,399,56475,299,13091,100,61468,332,412388,1134,473856,1466,20,756,-436,4991,815,63819,15,1821,832,"Knox County",470313,589.394722238169,0.230723012217104,311.707309812827,84.8371191100395,1061.20817413084,23.0723012217104
2021-09-12,69167,387,56176,358,12991,29,61136,376,411254,1460,472390,1836,0,736,79,5427,308,63004,5,1806,823,"Knox County",470313,646.165426003534,0.228725759319933,390.378322521385,82.2856268059781,1153.91239451174,22.8725759319933
2021-09-11,68780,865,55818,707,12962,158,60760,763,409794,2621,470554,3384,4,736,499,5348,362,62696,26,1801,815,"Knox County",470313,782.0323911948,0.2349123461395,719.520829745297,183.920070251088,1137.11507017667,23.49123461395
2021-09-10,67915,1027,55111,750,12804,277,59997,804,407173,2513,467170,3317,1,732,477,4849,549,62334,24,1775,805,"Knox County",470313,884.304707715925,0.234228815824646,705.274997714288,218.365216355916,1031.01551519945,23.4228815824646
2021-09-09,66888,309,54361,166,12527,143,59193,171,404660,685,463853,856,1,731,-366,4372,674,61785,18,1751,798,"Knox County",470313,824.982511646499,0.230836047774159,182.006451023042,65.7009268295794,929.593696113014,23.0836047774159
2021-09-08,66579,290,54195,226,12384,64,59022,250,403975,837,462997,1087,5,730,-404,4738,689,61111,11,1733,793,"Knox County",470313,814.776542430254,0.229389644200174,231.122677876223,61.6610640148157,1007.41421138688,22.9389644200174
2021-09-07,66289,414,53969,300,12320,114,58772,311,403138,979,461910,1290,3,725,-222,5142,633,60422,13,1722,787,"Knox County",470313,784.796507857533,0.22718343910547,274.285422686594,88.0264844901162,1093.31445229028,22.718343910547
2021-09-06,65875,991,53669,791,12206,200,58461,844,402159,3221,460620,4065,1,722,342,5364,648,59789,20,1709,786,"Knox County",470313,910.670128191226,0.222229239027471,864.318018000778,210.710739443732,1140.51705991542,22.2229239027471
2021-09-05,64884,969,52878,800,12006,169,57617,832,398938,2999,456555,3831,2,721,620,5022,347,59141,15,1689,783,"Knox County",470313,1034.4175049382,0.222938867077958,814.563918071582,206.033003552953,1067.79952924967,22.2938867077958
2021-09-04,63915,542,52078,388,11837,154,56785,407,395939,1502,452724,1909,2,719,221,4402,319,58794,10,1674,777,"Knox County",470313,965.739837087216,0.221277896667686,405.899900704425,115.242402400104,935.972426873167,22.1277896667686
2021-09-03,63373,334,51690,238,11683,96,56378,249,394437,909,450815,1158,5,717,-155,4181,484,58475,8,1664,773,"Knox County",470313,818.391156527674,0.215835446604677,246.219007341919,71.0165357963739,888.982443606704,21.5835446604677
2021-09-02,63039,323,51452,181,11587,142,56129,200,393528,681,449657,881,3,712,-160,4336,480,57991,5,1656,768,"Knox County",470313,821.367897549079,0.217495253498348,187.322059989837,68.6776678509843,921.93921920083,21.7495253498348
2021-09-01,62716,276,51271,212,11445,64,55929,226,392847,645,448776,871,2,709,-119,4496,393,57511,2,1651,765,"Knox County",470313,818.391156527674,0.219136022848983,185.195816403119,58.6843229934108,955.959116588315,21.9136022848982
2021-08-31,62440,595,51059,434,11381,161,55703,479,392202,1894,447905,2373,2,707,190,4615,403,57118,9,1649,762,"Knox County",470313,856.876165447266,0.214541357370095,504.55760312813,126.511493409708,981.261415270256,21.4541357370095
2021-08-30,61845,513,50625,403,11220,110,55224,430,390308,1630,445532,2060,9,705,97,4425,407,56715,12,1640,758,"Knox County",470313,755.241722002156,0.215776198119697,438.006178863863,109.076295998622,940.862787122618,21.5776198119697
2021-08-29,61332,483,50222,407,11110,76,54794,439,388678,1485,443472,1924,1,696,251,4328,231,56308,5,1628,752,"Knox County",470313,651.906283687672,0.217430207587688,409.089266084501,102.697565238469,920.238224331456,21.7430207587688
2021-08-28,60849,397,49815,301,11034,96,54355,320,387193,1065,441548,1385,0,695,189,4077,208,56077,4,1623,745,"Knox County",470313,621.075751680264,0.219958693203154,294.484736760413,84.4118703926959,866.86951030484,21.9958693203154
2021-08-27,60452,473,49514,375,10938,98,54035,390,386128,1166,440163,1556,5,695,198,3888,270,55869,5,1619,742,"Knox County",470313,650.630537535641,0.224796380090498,330.843502093287,100.571321651751,826.683506515873,22.4796380090498
2021-08-26,59979,450,49139,347,10840,103,53645,366,384962,1426,438607,1792,5,690,155,3690,290,55599,0,1614,741,"Knox County",470313,677.633831086957,0.221553381824262,381.022850739826,95.6809614023002,784.583883498861,22.1553381824262
2021-08-25,59529,351,48792,225,10737,126,53279,236,383536,642,436815,878,2,685,90,3535,259,55309,4,1614,736,"Knox County",470313,693.58065798734,0.22225935828877,186.684186913821,74.6311498937941,751.627107904736,22.225935828877
2021-08-24,59178,342,48567,222,10611,120,53043,233,382894,677,435937,910,4,683,75,3445,263,55050,5,1610,726,"Knox County",470313,639.78669524338,0.229795335554498,193.488166391318,72.7175306657481,732.490915624276,22.9795335554498
2021-08-23,58836,287,48345,206,10491,81,52810,227,382217,825,435027,1052,1,679,30,3370,256,54787,1,1605,726,"Knox County",470313,591.733590183559,0.232810361166684,223.680825322711,61.0231909388003,716.544088723892,23.2810361166684
2021-08-22,58549,240,48139,217,10410,23,52583,233,381392,889,433975,1122,2,678,69,3340,169,54531,0,1604,722,"Knox County",470313,540.065871026316,0.230592294422082,238.564530429735,51.0298460812268,710.165357963739,23.0592294422082
2021-08-21,58309,498,47922,376,10387,122,52350,412,380503,1904,432853,2316,0,676,383,3271,115,54362,8,1604,720,"Knox County",470313,561.540931252166,0.217847496364014,492.438014683838,105.886930618546,695.494277215386,21.7847496364014
2021-08-20,57811,425,47546,331,10265,94,51938,357,378599,1148,430537,1505,0,676,229,2888,196,54247,6,1596,717,"Knox County",470313,551.334962035921,0.21556135770235,319.999659801026,90.3653524355057,614.059147844095,21.556135770235
2021-08-19,57386,367,47215,254,10171,113,51581,264,377451,952,429032,1216,1,676,202,2659,164,54051,6,1590,714,"Knox County",470313,533.687140266163,0.218024224913879,258.551220144882,78.0331396325426,565.368169708258,21.8024224913879
2021-08-18,57019,263,46961,191,10058,72,51317,200,376499,914,427816,1114,2,675,97,2457,164,53887,5,1584,714,"Knox County",470313,514.976196703047,0.20855441256091,236.863535560361,55.9202063306777,522.418049256559,20.855441256091
2021-08-17,56756,263,46770,181,9986,82,51117,197,375585,1042,426702,1239,0,673,100,2360,163,53723,5,1579,714,"Knox County",470313,498.178872367976,0.197616060225847,263.441580394333,55.9202063306777,501.793486465396,19.7616060225847
2021-08-16,56493,184,46589,126,9904,58,50920,132,374543,422,425463,554,2,673,-27,2260,209,53560,4,1574,711,"Knox County",470313,476.278563424783,0.197992499448489,117.793894704165,39.1228819956072,480.531050598219,19.7992499448489
2021-08-15,56309,204,46463,181,9846,23,50788,198,374121,952,424909,1150,3,671,81,2287,120,53351,6,1570,711,"Knox County",470313,468.624086512599,0.193534198372553,244.518012472545,43.3753691690427,486.271908282357,19.3534198372553
2021-08-14,56105,219,46282,147,9823,72,50590,154,373169,794,423759,948,0,668,96,2206,123,53231,4,1564,710,"Knox County",470313,409.301890443173,0.194408490810251,201.567892020846,46.5647345491194,469.049335229943,19.4408490810251
2021-08-13,55886,266,46135,206,9751,60,50436,218,372375,1470,422811,1688,1,668,124,2110,141,53108,5,1560,708,"Knox County",470313,375.49461741436,0.172335314199014,358.909917437962,56.558079406693,448.637396797452,17.2335314199014
2021-08-12,55620,222,45929,146,9691,76,50218,152,370905,643,421123,795,2,667,82,1986,138,52967,8,1555,705,"Knox County",470313,344.664085406952,0.167067307692308,169.036365144064,47.2026076251348,422.271976322151,16.7067307692308
2021-08-11,55398,315,45783,237,9615,78,50066,248,370262,989,420328,1237,1,665,182,1904,132,52829,10,1547,703,"Knox County",470313,355.720552057885,0.170674024438313,263.01633167699,66.9766729816101,404.836778911066,17.0674024438313
2021-08-10,55083,173,45546,110,9537,63,49818,121,369273,621,419091,742,1,664,56,1722,116,52697,2,1537,700,"Knox County",470313,336.584359777425,0.17191453472027,157.767274134459,36.7840140502176,366.139145632802,17.191453472027
2021-08-09,54910,197,45436,159,9474,38,49697,167,368652,753,418349,920,1,663,75,1666,121,52581,4,1535,696,"Knox County",470313,339.348476440158,0.168181818181818,195.614409978036,41.8869986583403,354.232181547182,16.8181818181818
2021-08-08,54713,89,45277,67,9436,22,49530,75,367899,418,417429,493,1,662,23,1591,65,52460,5,1531,695,"Knox County",470313,314.896675192903,0.166349113293273,104.823808825187,18.9235679217883,338.285354646799,16.6349113293273
2021-08-07,54624,105,45210,76,9414,29,49455,80,367481,638,416936,718,0,661,44,1568,61,52395,2,1526,695,"Knox County",470313,290.657498304321,0.16092825724253,152.664289526337,22.3255576605367,333.394994397348,16.092825724253
2021-08-06,54519,203,45134,147,9385,56,49375,163,366843,879,416218,1042,0,661,139,1524,64,52334,11,1524,695,"Knox County",470313,277.262163707999,0.169160921473012,221.554581735993,43.162744810371,324.03952261579,16.9160921473012
2021-08-05,54316,174,44987,131,9329,43,49212,147,365964,850,415176,997,2,661,102,1385,70,52270,4,1513,694,"Knox County",470313,267.056194491753,0.162790697674419,211.986485595763,36.9966384088894,294.484736760413,16.2790697674419
2021-08-04,54142,144,44856,101,9286,43,49065,104,365114,656,414179,760,1,659,69,1283,74,52200,4,1509,692,"Knox County",470313,230.697429158879,0.151093088857546,161.594512590551,30.6179076487361,272.797052175891,15.1093088857546
2021-08-03,53998,238,44755,177,9243,61,48961,183,364458,814,413419,997,0,658,161,1214,77,52126,5,1505,691,"Knox County",470313,244.518012472545,0.155053146617176,211.986485595763,50.6045973638832,258.125971427539,15.5053146617176
2021-08-02,53760,97,44578,75,9182,22,48778,82,363644,532,412422,614,2,658,-3,1053,98,52049,3,1500,688,"Knox County",470313,223.255576605367,0.148372175769436,130.551356224472,20.6245627911625,223.893449681382,14.8372175769436
2021-08-01,53663,106,44503,90,9160,16,48696,99,363112,526,411808,625,0,656,62,1056,44,51951,2,1497,688,"Knox County",470313,226.870190702787,0.149139579349904,132.890224169861,22.5381820192085,224.531322757398,14.9139579349904
2021-07-31,53557,104,44413,64,9144,40,48597,68,362586,399,411183,467,1,656,46,994,57,51907,6,1495,686,"Knox County",470313,226.657566344116,0.153762268266085,99.2955754997204,22.1129333018649,211.348612519747,15.3762268266085
2021-07-30,53453,118,44349,83,9104,35,48529,90,362187,339,410716,429,1,655,79,948,38,51850,0,1489,686,"Knox County",470313,208.584495857014,0.158110042953569,91.2158498701928,25.0896743232698,201.567892020846,15.8110042953569
2021-07-29,53335,117,44266,65,9069,52,48439,68,361848,483,410287,551,0,654,82,869,35,51812,1,1489,685,"Knox County",470313,196.464907412723,0.156200765248706,117.15602162815,24.877049964598,184.770567685775,15.6200765248706
2021-07-28,53218,131,44201,90,9017,41,48371,95,361365,536,409736,631,0,654,80,787,51,51777,4,1488,684,"Knox County",470313,193.70079074999,0.15878535002318,134.165970321892,27.8537909860029,167.335370274689,15.878535002318
2021-07-27,53087,117,44111,78,8976,39,48276,84,360829,499,409105,583,0,654,85,707,32,51726,4,1484,684,"Knox County",470313,167.973243350705,0.15025641025641,123.960001105647,24.877049964598,150.325421580947,15.025641025641
2021-07-26,52970,97,44033,73,8937,24,48192,79,360330,371,408522,450,1,654,61,622,35,51694,4,1480,684,"Knox County",470313,167.973243350705,0.156049250535332,95.6809614023002,20.6245627911625,132.252351093846,15.6049250535332
2021-07-25,52873,51,43960,43,8913,8,48113,44,359959,320,408072,364,3,653,22,561,26,51659,5,1476,684,"Knox County",470313,156.278903623757,0.151942446043165,77.3952665565272,10.8438422922607,119.282265214868,15.1942446043165
2021-07-24,52822,64,43917,43,8905,21,48069,44,359639,348,407708,392,0,650,39,539,25,51633,1,1471,683,"Knox County",470313,147.773929276886,0.148235294117647,83.348748599337,13.6079589549938,114.604529324088,14.8235294117647
2021-07-23,52758,56,43874,31,8884,25,48025,32,359291,321,407316,353,1,650,24,500,31,51608,3,1470,681,"Knox County",470313,134.591219039236,0.134175691937425,75.0563986111377,11.9069640856196,106.312179335889,13.4175691937425
2021-07-22,52702,94,43843,69,8859,25,47993,78,358970,474,406963,552,0,649,71,476,23,51577,3,1467,680,"Knox County",470313,129.700858789785,0.137142857142857,117.368645986822,19.9866897151471,101.209194727766,13.7142857142857
2021-07-21,52608,61,43774,47,8834,14,47915,46,358496,411,406411,457,1,649,33,405,27,51554,1,1464,680,"Knox County",470313,114.81715368276,0.129165344335132,97.1693319130026,12.9700858789785,86.1128652620702,12.9165344335132
2021-07-20,52547,78,43727,43,8820,35,47869,45,358085,299,405954,344,0,648,54,372,24,51527,3,1463,680,"Knox County",470313,106.524803694561,0.126373626373626,73.1427793830917,16.5846999763987,79.0962614259015,12.6373626373626
2021-07-19,52469,48,43684,36,8785,12,47824,42,357786,348,405610,390,0,648,28,318,20,51503,0,1460,680,"Knox County",470313,96.1062101196437,0.116058906030856,82.9234998819935,10.2059692162454,67.6145460576254,11.6058906030856
2021-07-18,52421,36,43648,30,8773,6,47782,31,357438,271,405220,302,0,648,27,290,9,51483,1,1460,680,"Knox County",470313,92.9168447395671,0.113978494623656,64.212556318877,7.65447691218401,61.6610640148157,11.3978494623656
2021-07-17,52385,27,43618,20,8767,7,47751,21,357167,202,404918,223,0,648,12,263,15,51474,1,1459,679,"Knox County",470313,85.0497434687113,0.112552460892789,47.4152319838065,5.74085768413801,55.9202063306777,11.2552460892789
2021-07-16,52358,37,43598,21,8760,16,47730,22,356965,291,404695,313,0,648,25,251,12,51459,1,1458,679,"Knox County",470313,81.0098806539475,0.110422316931422,66.5514242642666,7.86710127085579,53.3687140266163,11.0422316931422
2021-07-15,52321,55,43577,42,8744,13,47708,44,356674,364,404382,408,-1,648,36,226,20,51447,1,1457,679,"Knox County",470313,72.7175306657481,0.10299548625359,86.7507383380855,11.6943397269478,48.0531050598219,10.299548625359
2021-07-14,52266,21,43535,17,8731,4,47664,16,356310,269,403974,285,0,649,8,190,13,51427,2,1456,679,"Knox County",470313,64.212556318877,0.0975717439293598,60.5979422214568,4.46511153210734,40.3986281476379,9.75717439293598
2021-07-13,52245,42,43518,26,8727,16,47648,29,356041,355,403689,384,3,649,28,182,11,51414,3,1454,679,"Knox County",470313,56.558079406693,0.0889370932754881,81.6477537299628,8.93022306421468,38.6976332782636,8.89370932754881
2021-07-12,52203,27,43492,21,8711,6,47619,23,355686,270,403305,293,0,646,16,154,11,51403,1,1451,679,"Knox County",470313,52.0929678745856,0.0842391304347826,62.298937090831,5.74085768413801,32.7441512354538,8.42391304347826
2021-07-11,52176,8,43471,3,8705,5,47596,4,355416,136,403012,140,0,646,1,138,7,51392,0,1450,678,"Knox County",470313,46.1394858317759,0.0777126099706745,29.7674102140489,1.70099486937423,29.3421614967054,7.77126099706745
2021-07-10,52168,19,43468,15,8700,4,47592,15,355280,191,402872,206,0,646,11,137,8,51385,1,1450,678,"Knox County",470313,44.4384909624016,0.0754066042385411,43.8006178863863,4.03986281476378,29.1295371380336,7.54066042385411
2021-07-09,52149,27,43453,21,8696,6,47577,21,355089,338,402666,359,0,646,12,126,15,51377,0,1449,678,"Knox County",470313,42.3122473756839,0.0732530120481928,76.3321447631684,5.74085768413801,26.790669192644,7.32530120481928
2021-07-08,52122,19,43432,14,8690,5,47556,16,354751,317,402307,333,0,646,6,114,13,51362,0,1449,677,"Knox County",470313,34.6577704634998,0.062,70.8039114377021,4.03986281476378,24.2391768885827,6.2
2021-07-07,52103,18,43418,5,8685,13,47540,5,354434,333,401974,338,1,646,8,108,9,51349,1,1449,675,"Knox County",470313,34.0198973874845,0.055041402825134,71.867033231061,3.82723845609201,22.963430736552,5.5041402825134
2021-07-06,52085,24,43413,9,8672,15,47535,13,354101,263,401636,276,0,645,14,100,10,51340,2,1448,675,"Knox County",470313,30.1926589313925,0.0498714652956298,58.6843229934108,5.10298460812268,21.2624358671778,4.98714652956298
2021-07-05,52061,10,43404,7,8657,3,47522,6,353838,105,401360,111,0,645,1,86,9,51330,1,1446,675,"Knox County",470313,26.5780448339723,0.0453771979580261,23.6013038125674,2.12624358671778,18.2856948457729,4.53771979580261
2021-07-04,52051,8,43397,7,8654,1,47516,7,353733,143,401249,150,0,645,0,85,8,51321,1,1445,675,"Knox County",470313,26.5780448339723,0.0468133107727016,31.8936538007667,1.70099486937423,18.0730704871011,4.68133107727016
2021-07-03,52043,9,43390,7,8653,2,47509,7,353590,185,401099,192,0,645,-2,85,11,51313,1,1444,675,"Knox County",470313,24.4518012472545,0.0426378624218306,40.8238768649814,1.913619228046,18.0730704871011,4.26378624218306
2021-07-02,52034,17,43383,13,8651,4,47502,17,353405,342,400907,359,-1,645,11,87,7,51302,0,1443,675,"Knox County",470313,22.3255576605367,0.0403638430926663,76.3321447631684,3.61461409742023,18.4983192044447,4.03638430926663
2021-07-01,52017,18,43370,15,8647,3,47485,17,353063,248,400548,265,-1,646,13,76,6,51295,1,1443,675,"Knox County",470313,22.1129333018649,0.0425783560023655,56.3454550480212,3.82723845609201,16.1594512590551,4.25783560023655
2021-06-30,51999,18,43355,12,8644,6,47468,11,352815,299,400283,310,0,647,9,63,9,51289,0,1442,675,"Knox County",470313,22.1129333018649,0.0469031870114251,65.9135511882512,3.82723845609201,13.395334596322,4.69031870114251
2021-06-29,51981,21,43343,16,8638,5,47457,19,352516,438,399973,457,0,647,8,54,13,51280,1,1442,675,"Knox County",470313,21.4750602258496,0.0455531453362256,97.1693319130026,4.46511153210734,11.481715368276,4.55531453362256
2021-06-28,51960,9,43327,2,8633,7,47438,2,352078,113,399516,115,0,647,-4,46,13,51267,0,1441,675,"Knox County",470313,21.2624358671778,0.0432900432900433,24.4518012472545,1.913619228046,9.7807204989018,4.32900432900433
2021-06-27,51951,5,43325,3,8626,2,47436,3,351965,151,399401,154,0,647,0,50,5,51254,0,1441,675,"Knox County",470313,20.6245627911625,0.041036717062635,32.7441512354538,1.06312179335889,10.6312179335889,4.1036717062635
2021-06-26,51946,3,43322,2,8624,1,47433,2,351814,206,399247,208,0,647,0,50,3,51249,0,1441,675,"Knox County",470313,19.3488166391318,0.0380085653104925,44.2258666037299,0.637873076015334,10.6312179335889,3.80085653104925
2021-06-25,51943,13,43320,9,8623,4,47431,11,351608,311,399039,322,0,647,3,50,10,51246,0,1441,675,"Knox County",470313,18.4983192044447,0.0354997269251775,68.4650434923126,2.76411666273312,10.6312179335889,3.54997269251775
2021-06-24,51930,14,43311,9,8619,5,47420,10,351297,364,398717,374,1,647,8,47,5,51236,1,1441,675,"Knox County",470313,17.6478217697576,0.0298969072164948,79.521510143245,2.97674102140489,9.99334485757357,2.98969072164948
2021-06-23,51916,13,43302,6,8614,7,47410,8,350933,282,398343,290,0,646,6,39,7,51231,0,1440,674,"Knox County",470313,16.5846999763987,0.0286458333333333,61.6610640148157,2.76411666273312,8.29234998819935,2.86458333333333
2021-06-22,51903,14,43296,5,8607,9,47402,5,350651,247,398053,252,2,646,10,33,2,51224,1,1440,673,"Knox County",470313,15.0963294656962,0.0239067055393586,53.5813383852881,2.97674102140489,7.01660383616868,2.39067055393586
2021-06-21,51889,9,43291,8,8598,1,47397,9,350404,289,397801,298,0,644,5,23,4,51222,1,1439,672,"Knox County",470313,15.0963294656962,0.0252897787144362,63.3620588841899,1.913619228046,4.8903602494509,2.52897787144363
2021-06-20,51880,3,43283,2,8597,1,47388,3,350115,161,397503,164,1,644,-2,18,4,51218,0,1438,672,"Knox County",470313,14.6710807483527,0.0251572327044025,34.8703948221716,0.637873076015334,3.82723845609201,2.51572327044025
2021-06-19,51877,3,43281,1,8596,2,47385,1,349954,191,397339,192,0,643,-3,20,6,51214,0,1438,672,"Knox County",470313,14.6710807483527,0.0248414376321353,40.8238768649814,0.637873076015334,4.25248717343556,2.48414376321353
2021-06-18,51874,5,43280,3,8594,2,47384,3,349763,283,397147,286,1,643,-7,23,11,51208,0,1438,672,"Knox County",470313,12.9700858789785,0.0210129310344828,60.8105665801286,1.06312179335889,4.8903602494509,2.10129310344828
2021-06-17,51869,12,43277,8,8592,4,47381,9,349480,515,396861,524,0,642,6,30,6,51197,0,1438,672,"Knox County",470313,12.5448371616349,0.0189431704885344,111.415163944012,2.55149230406134,6.37873076015334,1.89431704885344
2021-06-16,51857,7,43269,4,8588,3,47372,4,348965,362,396337,366,1,642,-6,24,12,51191,0,1438,671,"Knox County",470313,11.2690910096042,0.0163304514889529,77.8205152738708,1.48837051070245,5.10298460812268,1.63304514889529
2021-06-15,51850,13,43265,9,8585,4,47368,14,348603,428,395971,442,0,641,-2,30,15,51179,0,1438,671,"Knox County",470313,11.0564666509325,0.0189260563380282,93.9799665329259,2.76411666273312,6.37873076015334,1.89260563380282
2021-06-14,51837,7,43256,2,8581,5,47354,3,348175,260,395529,263,1,641,-5,32,11,51164,0,1438,671,"Knox County",470313,10.6312179335889,0.0165400089405454,55.9202063306777,1.48837051070245,6.8039794774969,1.65400089405454
2021-06-13,51830,3,43254,3,8576,0,47351,4,347915,128,395266,132,0,640,-5,37,8,51153,1,1438,671,"Knox County",470313,10.6312179335889,0.0172335600907029,28.0664153446747,0.637873076015334,7.86710127085579,1.72335600907029
2021-06-12,51827,2,43251,1,8576,1,47347,1,347787,226,395134,227,0,640,-6,42,8,51145,0,1437,671,"Knox County",470313,10.4185935749171,0.0169642857142857,48.2657294184936,0.425248717343556,8.93022306421468,1.69642857142857
2021-06-11,51825,7,43250,3,8575,4,47346,2,347561,318,394907,320,0,640,-2,48,9,51137,0,1437,670,"Knox County",470313,10.8438422922607,0.0162708883025506,68.039794774969,1.48837051070245,10.2059692162454,1.62708883025506
2021-06-10,51818,7,43247,4,8571,3,47344,5,347243,358,394587,363,0,640,-1,50,8,51128,0,1437,669,"Knox County",470313,9.7807204989018,0.0156176053005206,77.1826421978555,1.48837051070245,10.6312179335889,1.56176053005206
2021-06-09,51811,2,43243,1,8568,1,47339,1,346885,367,394224,368,1,640,-17,51,18,51120,0,1437,669,"Knox County",470313,8.7175987055429,0.0141843971631206,78.2457639912144,0.425248717343556,10.8438422922607,1.41843971631206
2021-06-08,51809,5,43242,3,8567,2,47338,4,346518,266,393856,270,1,639,-17,68,21,51102,0,1437,668,"Knox County",470313,7.01660383616868,0.0102933607822954,57.4085768413801,1.06312179335889,14.4584563896809,1.02933607822954
2021-06-07,51804,16,43239,10,8565,6,47334,10,346252,316,393586,326,0,638,-7,85,23,51081,2,1437,667,"Knox County",470313,8.93022306421468,0.0134596211365902,69.3155409269997,3.40198973874845,18.0730704871011,1.34596211365902
2021-06-06,51788,4,43229,2,8559,2,47324,2,345936,178,393260,180,0,638,-5,92,9,51058,0,1435,667,"Knox County",470313,9.14284742288646,0.0121713729308666,38.2723845609201,0.850497434687113,19.5614409978036,1.21713729308666
2021-06-05,51784,5,43227,2,8557,3,47322,3,345758,258,393080,261,0,638,-9,97,14,51049,0,1435,666,"Knox County",470313,9.7807204989018,0.0129310344827586,55.4949576133341,1.06312179335889,20.6245627911625,1.29310344827586
2021-06-04,51779,7,43225,2,8554,5,47319,3,345500,325,392819,328,1,638,-9,106,15,51035,0,1435,666,"Knox County",470313,9.7807204989018,0.0133587786259542,69.7407896443432,1.48837051070245,22.5381820192085,1.33587786259542
2021-06-03,51772,7,43223,4,8549,3,47316,6,345175,458,392491,464,0,637,-12,115,19,51020,0,1435,666,"Knox County",470313,9.7807204989018,0.0131998179335457,98.6577024237051,1.48837051070245,24.4518012472545,1.31998179335457
2021-06-02,51765,20,43219,7,8546,13,47310,6,344717,282,392027,288,0,637,5,127,15,51001,1,1435,666,"Knox County",470313,13.6079589549938,0.0160604629192253,61.2358152974721,4.25248717343556,27.0032935513158,1.60604629192253
2021-06-01,51745,12,43212,9,8533,3,47304,10,344435,291,391739,301,0,637,-10,122,22,50986,1,1434,666,"Knox County",470313,15.0963294656962,0.0186219739292365,63.9999319602052,2.55149230406134,25.9401717579569,1.86219739292365
2021-05-31,51733,17,43203,14,8530,3,47294,12,344144,354,391438,366,0,637,-1,132,18,50964,0,1433,666,"Knox County",470313,15.308953824368,0.0191956124314442,77.8205152738708,3.61461409742023,28.0664153446747,1.91956124314442
2021-05-30,51716,3,43189,1,8527,2,47282,1,343790,203,391072,204,0,637,-9,133,12,50946,0,1433,666,"Knox County",470313,15.0963294656962,0.0185352622061483,43.3753691690427,0.637873076015334,28.2790397033465,1.85352622061483
2021-05-29,51713,14,43188,8,8525,6,47281,6,343587,199,390868,205,0,637,-14,142,28,50934,1,1433,665,"Knox County",470313,17.0099486937423,0.0204081632653061,43.5879935277145,2.97674102140489,30.1926589313925,2.04081632653061
2021-05-28,51699,11,43180,6,8519,5,47275,10,343388,390,390663,400,0,637,-9,156,20,50906,1,1432,663,"Knox County",470313,17.8604461284294,0.0228904847396768,85.0497434687113,2.33886794538956,33.1693999527974,2.28904847396768
2021-05-27,51688,23,43174,8,8514,15,47265,9,342998,341,390263,350,0,637,-5,165,28,50886,1,1431,663,"Knox County",470313,21.2624358671778,0.0255439924314096,74.4185255351224,4.8903602494509,35.0830191808434,2.55439924314096
2021-05-26,51665,16,43166,8,8499,8,47256,11,342657,571,389913,582,0,637,-8,170,24,50858,0,1430,663,"Knox County",470313,20.4119384324907,0.0245016611295681,123.747376746975,3.40198973874845,36.1461409742023,2.45016611295681
2021-05-25,51649,18,43158,8,8491,10,47245,7,342086,311,389331,318,0,637,-10,178,28,50834,1,1430,663,"Knox County",470313,21.6876845845214,0.0230927835051546,67.6145460576254,3.82723845609201,37.8471358435765,2.30927835051546
2021-05-24,51631,25,43150,21,8481,4,47238,24,341775,425,389013,449,0,637,-11,188,36,50806,1,1429,663,"Knox County",470313,23.3886794538956,0.0271132376395534,95.4683370436284,5.31560896679445,39.9733794302943,2.71132376395534
2021-05-23,51606,16,43129,8,8477,8,47214,8,341350,225,388564,233,1,637,-5,199,20,50770,1,1428,662,"Knox County",470313,26.1527961166287,0.0295624753646039,49.5414755705243,3.40198973874845,42.3122473756839,2.95624753646039
2021-05-22,51590,8,43121,4,8469,4,47206,4,341125,269,388331,273,0,636,-6,204,14,50750,0,1427,661,"Knox County",470313,24.877049964598,0.0280230326295585,58.0464499173954,1.70099486937423,43.3753691690427,2.80230326295585
2021-05-21,51582,16,43117,12,8465,4,47202,13,340856,377,388058,390,0,636,-16,210,32,50736,1,1427,661,"Knox County",470313,25.9401717579569,0.0292870905587669,82.9234998819935,3.40198973874845,44.6511153210734,2.92870905587669
2021-05-20,51566,34,43105,26,8461,8,47189,27,340479,594,387668,621,0,636,6,226,28,50704,1,1426,660,"Knox County",470313,28.2790397033465,0.0327983251919051,132.039726735174,7.22922819484046,48.0531050598219,3.27983251919051
2021-05-19,51532,14,43079,6,8453,8,47162,6,339885,544,387047,550,0,636,-29,220,43,50676,1,1425,659,"Knox County",470313,27.8537909860029,0.0314043754410727,116.943397269478,2.97674102140489,46.7773589077912,3.14043754410727
2021-05-18,51518,24,43073,14,8445,10,47156,14,339341,444,386497,458,1,636,-21,249,44,50633,0,1424,659,"Knox County",470313,29.1295371380336,0.0322797579018157,97.3819562716744,5.10298460812268,52.9434653092728,3.22797579018157
2021-05-17,51494,15,43059,8,8435,7,47142,8,338897,420,386039,428,0,635,-18,270,33,50589,0,1424,658,"Knox County",470313,27.0032935513158,0.0270910938029123,91.0032255115211,3.18936538007667,57.4085768413801,2.70910938029123
2021-05-16,51479,22,43051,13,8428,9,47134,12,338477,272,385611,284,1,635,-10,288,31,50556,1,1424,658,"Knox County",470313,28.2790397033465,0.0279627163781625,60.385317862785,4.67773589077912,61.2358152974721,2.79627163781625
2021-05-15,51457,23,43038,13,8419,10,47122,17,338205,336,385327,353,0,634,-8,298,31,50525,2,1423,657,"Knox County",470313,31.4684050834232,0.0314526588845655,75.0563986111377,4.8903602494509,63.3620588841899,3.14526588845655
2021-05-14,51434,36,43025,25,8409,11,47105,26,337869,498,384974,524,0,634,4,306,32,50494,4,1421,656,"Knox County",470313,35.7208922568587,0.0341827221876942,111.415163944012,7.65447691218401,65.0630537535641,3.41827221876942
2021-05-13,51398,31,43000,17,8398,14,47079,17,337371,376,384450,393,0,634,-17,302,48,50462,0,1417,656,"Knox County",470313,35.0830191808434,0.0334448160535117,83.5613729580088,6.59135511882512,64.212556318877,3.34448160535117
2021-05-12,51367,34,42983,28,8384,6,47062,26,336995,506,384057,532,0,634,-15,319,49,50414,0,1417,656,"Knox County",470313,39.335506354279,0.0403768506056528,113.116158813386,7.22922819484046,67.8271704162972,4.03768506056528
2021-05-11,51333,36,42955,30,8378,6,47036,31,336489,555,383525,586,0,634,-11,334,47,50365,4,1417,656,"Knox County",470313,41.8869986583403,0.0441935483870968,124.597874181662,7.65447691218401,71.0165357963739,4.41935483870968
2021-05-10,51297,21,42925,14,8372,7,47005,13,335934,277,382939,290,1,634,-26,345,46,50318,1,1413,656,"Knox County",470313,43.162744810371,0.0479405806887238,61.6610640148157,4.46511153210734,73.3554037417635,4.79405806887238
2021-05-09,51276,17,42911,14,8365,3,46992,17,335657,369,382649,386,0,633,-22,371,39,50272,1,1412,655,"Knox County",470313,42.0996230170121,0.047976501305483,82.0730024473064,3.61461409742023,78.8836370672297,4.7976501305483
2021-05-08,51259,20,42897,11,8362,9,46975,14,335288,307,382263,321,0,633,-18,393,38,50233,1,1411,655,"Knox County",470313,41.4617499409967,0.0474934036939314,68.2524191336408,4.25248717343556,83.5613729580088,4.74934036939314
2021-05-07,51239,43,42886,31,8353,12,46961,33,334981,576,381942,609,0,633,3,411,40,50195,0,1410,655,"Knox County",470313,42.9501204516992,0.0484440166827077,129.488234431113,9.14284742288646,87.3886114141008,4.84440166827077
2021-05-06,51196,40,42855,26,8341,14,46928,28,334405,340,381333,368,1,633,-8,408,47,50155,0,1410,655,"Knox County",470313,44.8637396797452,0.0523932729624838,78.2457639912144,8.50497434687113,86.7507383380855,5.23932729624838
2021-05-05,51156,51,42829,32,8327,19,46900,38,334065,585,380965,623,0,632,5,416,46,50108,4,1410,654,"Knox County",470313,48.4783537771654,0.0546654099905749,132.464975452518,10.8438422922607,88.4517332074597,5.46654099905749
2021-05-04,51105,50,42797,32,8308,18,46862,34,333480,536,380342,570,0,632,6,411,44,50062,0,1406,654,"Knox County",470313,51.4550947985703,0.0558888538048626,121.195884442914,10.6312179335889,87.3886114141008,5.58888538048626
2021-05-03,51055,24,42765,9,8290,15,46828,7,332944,309,379772,316,1,632,-37,405,60,50018,1,1406,654,"Knox County",470313,52.0929678745856,0.053554650798622,67.1892973402819,5.10298460812268,86.1128652620702,5.3554650798622
2021-05-02,51031,25,42756,18,8275,7,46821,20,332635,288,379456,308,0,631,-17,442,42,49958,2,1405,653,"Knox County",470313,53.7939627439599,0.0558587479935795,65.4883024709077,5.31560896679445,93.9799665329259,5.58587479935795
2021-05-01,51006,45,42738,35,8268,10,46801,37,332347,450,379148,487,0,631,7,459,38,49916,2,1403,653,"Knox County",470313,59.1095717107543,0.060042669917708,103.548062673156,9.56809614023002,97.5945806303462,6.0042669917708
2021-04-30,50961,58,42703,30,8258,28,46764,29,331897,567,378661,596,0,631,-9,452,67,49878,3,1401,653,"Knox County",470313,62.298937090831,0.0590575275397797,126.72411776838,12.3322128029631,96.1062101196437,5.90575275397797
2021-04-29,50903,54,42673,34,8230,20,46735,35,331330,571,378065,606,0,631,-2,461,56,49811,2,1398,652,"Knox County",470313,65.2756781122359,0.0570450656018254,128.850361355098,11.481715368276,98.0198293476897,5.70450656018254
2021-04-28,50849,47,42639,28,8210,19,46700,34,330759,543,377459,577,4,631,-38,463,81,49755,1,1396,652,"Knox County",470313,64.4251806775488,0.0566473988439306,122.684254953616,9.99334485757357,98.4450780650333,5.66473988439306
2021-04-27,50802,39,42611,17,8191,22,46666,20,330216,392,376882,412,1,627,-33,501,71,49674,2,1395,650,"Knox County",470313,62.0863127321592,0.0551181102362205,87.6012357727726,8.29234998819935,106.524803694561,5.51181102362205
2021-04-26,50763,69,42594,36,8169,33,46646,40,329824,480,376470,520,1,626,2,534,66,49603,0,1393,649,"Knox County",470313,71.6544088723892,0.0613234455219624,110.564666509325,14.6710807483527,113.54140753073,6.13234455219624
2021-04-25,50694,38,42558,25,8136,13,46606,26,329344,341,375950,367,0,625,-4,532,42,49537,3,1393,647,"Knox County",470313,74.4185255351224,0.0619915848527349,78.0331396325426,8.07972562952757,113.116158813386,6.19915848527349
2021-04-24,50656,35,42533,22,8123,13,46580,28,329003,510,375583,538,0,625,-28,536,63,49495,3,1390,647,"Knox County",470313,72.2922819484046,0.0586283185840708,114.391904965417,7.44185255351224,113.966656248073,5.86283185840708
2021-04-23,50621,43,42511,31,8110,12,46552,36,328493,553,375045,589,0,625,-4,564,47,49432,2,1387,646,"Knox County",470313,69.1029165683279,0.0606816292601829,125.235747257677,9.14284742288646,119.920138290883,6.06816292601829
2021-04-22,50578,79,42480,62,8098,17,46516,65,327940,787,374456,852,1,625,15,568,63,49385,1,1385,645,"Knox County",470313,74.4185255351224,0.064591439688716,181.155953588355,16.7973243350705,120.77063572557,6.4591439688716
2021-04-21,50499,62,42418,34,8081,28,46451,35,327153,479,373604,514,1,624,-2,553,63,49322,1,1384,644,"Knox County",470313,77.607890915199,0.0659282700421941,109.288920357294,13.1827102376502,117.581270345493,6.59282700421941
2021-04-20,50437,38,42384,34,8053,4,46416,38,326674,474,373090,512,1,623,-32,555,69,49259,1,1383,643,"Knox County",470313,77.3952665565272,0.0688591983556012,108.86367163995,8.07972562952757,118.006519062837,6.88591983556012
2021-04-19,50399,65,42350,41,8049,24,46378,39,326200,336,372578,375,0,622,-3,587,68,49190,0,1382,642,"Knox County",470313,76.5447691218401,0.0712570056044836,79.7341345019168,13.8205833136656,124.810498540334,7.12570056044836
2021-04-18,50334,38,42309,27,8025,11,46339,32,325864,364,372203,396,0,622,-12,590,50,49122,1,1382,642,"Knox County",470313,76.5447691218401,0.0722987288135593,84.1992460340241,8.07972562952757,125.448371616349,7.22987288135593
2021-04-17,50296,37,42282,18,8014,19,46307,23,325500,335,371807,358,0,622,-23,602,60,49072,1,1381,641,"Knox County",470313,76.9700178391837,0.0745272525027809,76.1195204044966,7.86710127085579,127.99986392041,7.45272525027809
2021-04-16,50259,346,42264,330,7995,16,46284,369,325165,2088,371449,2457,1,622,279,625,66,49012,4,1380,641,"Knox County",470313,141.395198516732,0.109992679355783,522.418049256559,73.5680281004352,132.890224169861,10.9992679355783
2021-04-15,49913,86,41934,54,7979,32,45915,55,323077,577,368992,632,1,621,11,346,74,48946,0,1376,640,"Knox County",470313,142.883569027435,0.112700228832952,134.378594680564,18.2856948457729,73.5680281004352,11.2700228832952
2021-04-14,49827,85,41880,60,7947,25,45860,62,322500,684,368360,746,0,620,-1,335,86,48872,3,1376,639,"Knox County",470313,147.773929276886,0.112856099342586,158.617771569146,18.0730704871011,71.2291601550457,11.2856099342586
2021-04-13,49742,68,41820,38,7922,30,45798,43,321816,339,367614,382,-5,620,-7,336,80,48786,1,1373,639,"Knox County",470313,154.152660037039,0.116535727646839,81.2225050126193,14.4584563896809,71.4417845137175,11.6535727646839
2021-04-12,49674,63,41782,43,7892,20,45755,50,321477,360,367232,410,1,625,-24,343,86,48706,0,1372,639,"Knox County",470313,153.727411319696,0.11782196617729,87.175987055429,13.395334596322,72.9301550244199,11.782196617729
2021-04-11,49611,26,41739,14,7872,12,45705,14,321117,296,366822,310,2,624,-26,367,50,48620,0,1372,638,"Knox County",470313,151.175919015634,0.116336166194523,65.9135511882512,5.52823332546623,78.0331396325426,11.6336166194523
2021-04-10,49585,50,41725,33,7860,17,45691,41,320821,571,366512,612,0,622,6,393,44,48570,1,1372,638,"Knox County",470313,153.940035678367,0.114254820688412,130.126107507128,10.6312179335889,83.5613729580088,11.4254820688412
2021-04-09,49535,82,41692,62,7843,20,45650,71,320250,620,365900,691,5,622,11,387,66,48526,2,1371,637,"Knox County",470313,97.8072049890179,0.0888183980967486,146.923431842199,17.4351974110858,82.2856268059781,8.88183980967486
2021-04-08,49453,49,41630,26,7823,23,45579,26,319630,465,365209,491,-6,617,-23,376,78,48460,0,1369,637,"Knox County",470313,89.9401037181622,0.0842943437671609,104.398560107843,10.4185935749171,79.9467588605886,8.42943437671609
2021-04-07,49404,77,41604,54,7800,23,45553,57,319165,768,364718,825,2,623,9,399,66,48382,1,1369,636,"Knox County",470313,88.2391088487879,0.0811609782316582,175.415095904217,16.3720756177269,84.8371191100395,8.11609782316582
2021-04-06,49327,75,41550,41,7777,34,45496,45,318397,421,363893,466,2,621,-4,390,77,48316,0,1368,636,"Knox County",470313,89.7274793594904,0.0798948751642576,99.0829511410486,15.9468269003834,82.9234998819935,7.98948751642576
2021-04-05,49252,44,41509,32,7743,12,45451,35,317976,266,363427,301,0,619,-60,394,104,48239,3,1368,636,"Knox County",470313,85.6876165447266,0.0781926406926407,63.9999319602052,9.35547178155824,83.7739973166806,7.81926406926407
2021-04-04,49208,49,41477,31,7731,18,45416,40,317710,341,363126,381,3,619,-28,454,74,48135,0,1365,634,"Knox County",470313,90.5779767941775,0.0836209185027874,81.0098806539475,10.4185935749171,96.5314588369873,8.36209185027874
2021-04-03,49159,81,41446,64,7713,17,45376,71,317369,593,362745,664,0,616,6,482,75,48061,0,1365,633,"Knox County",470313,97.1693319130026,0.0903377847604085,141.182574158061,17.222573052414,102.484940879797,9.03377847604085
2021-04-02,49078,74,41382,43,7696,31,45305,45,316776,529,362081,574,0,616,4,476,70,47986,2,1365,630,"Knox County",470313,95.4683370436284,0.0861696380334954,122.046381877601,15.7342025417116,101.209194727766,8.61696380334954
2021-04-01,49004,76,41339,64,7665,12,45260,67,316247,580,361507,647,1,616,-19,472,94,47916,1,1363,628,"Knox County",470313,101.209194727766,0.0933125972006221,137.56796006064,16.1594512590551,100.358697293079,9.33125972006221
2021-03-31,48928,87,41275,66,7653,21,45193,72,315667,765,360860,837,3,615,-16,491,100,47822,2,1362,628,"Knox County",470313,103.335438314484,0.0968992248062016,177.966588208278,18.4983192044447,104.398560107843,9.68992248062016
2021-03-30,48841,56,41209,32,7632,24,45121,38,314902,460,360023,498,1,612,-26,507,81,47722,2,1360,626,"Knox County",470313,99.2955754997204,0.0943106099436187,105.886930618546,11.9069640856196,107.800549846592,9.43106099436187
2021-03-29,48785,43,41177,21,7608,22,45083,22,314442,399,359525,421,5,611,-58,533,96,47641,0,1358,624,"Knox County",470313,99.0829511410486,0.0882645450024863,89.5148550008186,9.14284742288646,113.328783172058,8.82645450024863
2021-03-28,48742,80,41156,46,7586,34,45061,49,314043,484,359104,533,2,606,13,591,65,47545,5,1358,623,"Knox County",470313,105.674306259874,0.0872065165309056,113.328783172058,17.0099486937423,125.660995975021,8.72065165309056
2021-03-27,48662,43,41110,40,7552,3,45012,42,313559,442,358571,484,0,604,-15,578,58,47480,2,1353,622,"Knox County",470313,97.5945806303462,0.0838758137205809,102.910189597141,9.14284742288646,122.896879312288,8.38758137205809
2021-03-26,48619,79,41070,54,7549,25,44970,60,313117,416,358087,476,0,604,1,593,78,47422,2,1351,620,"Knox County",470313,98.6577024237051,0.0898357289527721,101.209194727766,16.7973243350705,126.086244692364,8.98357289527721
2021-03-25,48540,88,41016,64,7524,24,44910,67,312701,570,357611,637,0,604,6,592,82,47344,4,1349,618,"Knox County",470313,101.209194727766,0.0900669068450849,135.441716473923,18.7109435631165,125.873620333693,9.00669068450849
2021-03-24,48452,123,40952,92,7500,31,44843,95,312131,780,356974,875,1,604,39,586,83,47262,3,1345,617,"Knox County",470313,108.86367163995,0.0950560652395515,186.046313837806,26.1527961166287,124.597874181662,9.50560652395515
2021-03-23,48329,88,40860,58,7469,30,44748,63,311351,530,356099,593,1,603,18,547,69,47179,3,1342,616,"Knox County",470313,115.667651117447,0.0990296093555611,126.086244692364,18.7109435631165,116.305524193463,9.90296093555611
2021-03-22,48241,115,40802,79,7439,36,44685,81,310821,517,355506,598,2,602,30,529,83,47110,1,1339,615,"Knox County",470313,130.976604941815,0.108913250714967,127.149366485723,24.4518012472545,112.478285737371,10.8913250714967
2021-03-21,48126,50,40723,33,7403,17,44604,34,310304,330,354908,364,-2,600,6,499,46,47027,1,1338,615,"Knox County",470313,124.597874181662,0.109759125900174,77.3952665565272,10.6312179335889,106.099554977217,10.9759125900174
2021-03-20,48076,59,40690,29,7386,30,44570,33,309974,315,354544,348,0,602,3,493,56,46981,4,1337,614,"Knox County",470313,127.99986392041,0.111282446671807,73.9932768177788,12.5448371616349,104.823808825187,11.1282446671807
2021-03-19,48017,146,40661,102,7356,44,44537,117,309659,955,354196,1072,3,602,51,490,92,46925,3,1333,614,"Knox County",470313,142.24569595142,0.109204368174727,227.933312496146,31.0431563660796,104.185935749171,10.9204368174727
2021-03-18,47871,68,40559,50,7312,18,44420,66,308704,627,353124,693,2,599,-14,439,80,46833,1,1330,613,"Knox County",470313,137.993208777984,0.107638124587277,147.348680559542,14.4584563896809,93.3420934569106,10.7638124587277
2021-03-17,47803,46,40509,36,7294,10,44354,41,308077,498,352431,539,1,597,-40,453,85,46753,3,1329,613,"Knox County",470313,121.621133160257,0.103399096743523,114.604529324088,9.7807204989018,96.3188344783155,10.3399096743523
2021-03-16,47757,128,40473,84,7284,44,44313,100,307579,698,351892,798,0,596,46,493,82,46668,3,1326,611,"Knox County",470313,130.126107507128,0.106980961015413,169.674238220079,27.2159179099876,104.823808825187,10.6980961015413
2021-03-15,47629,44,40389,28,7240,16,44213,39,306881,290,351094,329,1,596,-66,447,109,46586,1,1323,610,"Knox County",470313,115.029778041432,0.103789524499155,69.953414003015,9.35547178155824,95.0430883262848,10.3789524499155
2021-03-14,47585,60,40361,38,7224,22,44174,46,306591,405,350765,451,0,595,-13,513,73,46477,0,1322,609,"Knox County",470313,117.15602162815,0.104491725768322,95.893585760972,12.7574615203067,109.076295998622,10.4491725768322
2021-03-13,47525,71,40323,34,7202,37,44128,41,306186,623,350314,664,1,595,-11,526,81,46404,1,1322,609,"Knox County",470313,119.707513932211,0.098988121425429,141.182574158061,15.0963294656962,111.840412661355,9.8988121425429
2021-03-12,47454,63,40289,60,7165,3,44087,67,305563,691,349650,758,0,594,-52,537,115,46323,1,1321,607,"Knox County",470313,102.059692162454,0.0945179584120983,161.169263873208,13.395334596322,114.179280606745,9.45179584120983
2021-03-11,47391,82,40229,55,7162,27,44020,66,304872,627,348892,693,2,594,-22,589,102,46208,0,1320,605,"Knox County",470313,105.036433183858,0.0945179584120983,147.348680559542,17.4351974110858,125.235747257677,9.45179584120983
2021-03-10,47309,95,40174,72,7135,23,43954,82,304245,1001,348199,1083,2,592,26,611,67,46106,0,1320,604,"Knox County",470313,115.455026758776,0.0923366834170854,230.272180441536,20.1993140738189,129.913483148456,9.23366834170854
2021-03-09,47214,80,40102,50,7112,30,43872,55,303244,597,347116,652,0,590,-4,585,84,46039,2,1320,604,"Knox County",470313,105.24905754253,0.0855291576673866,138.631081853999,17.0099486937423,124.38524982299,8.55291576673866
2021-03-08,47134,85,40052,57,7082,28,43817,63,302647,411,346464,474,1,590,-31,589,115,45955,0,1318,599,"Knox County",470313,113.966656248073,0.0879581151832461,100.783946010423,18.0730704871011,125.235747257677,8.79581151832461
2021-03-07,47049,64,39995,40,7054,24,43754,42,302236,327,345990,369,0,589,-5,620,69,45840,0,1318,597,"Knox County",470313,114.81715368276,0.0886426592797784,78.4583883498861,13.6079589549938,131.827102376502,8.86426592797784
2021-03-06,46985,125,39955,87,7030,38,43712,95,301909,848,345621,943,0,589,40,625,85,45771,1,1318,597,"Knox County",470313,126.298869051036,0.0945293644408689,200.504770227487,26.5780448339723,132.890224169861,9.45293644408689
2021-03-05,46860,70,39868,44,6992,26,43617,49,301061,520,344678,569,2,589,-19,585,87,45686,2,1317,597,"Knox County",470313,127.787239561739,0.0945013589797198,120.983260084242,14.8837051070245,124.38524982299,9.45013589797198
2021-03-04,46790,113,39824,86,6966,27,43568,100,300541,1094,344109,1194,5,587,0,604,108,45599,2,1315,595,"Knox County",470313,134.378594680564,0.0919757759273278,253.873484254103,24.0265525299109,128.425112637754,9.19757759273278
2021-03-03,46677,74,39738,33,6939,41,43468,40,299447,497,342915,537,1,582,-49,604,122,45491,4,1313,593,"Knox County",470313,129.913483148456,0.0937104263402279,114.179280606745,15.7342025417116,128.425112637754,9.37104263402279
2021-03-02,46603,133,39705,91,6898,42,43428,99,298950,807,342378,906,-1,581,9,653,125,45369,2,1309,592,"Knox County",470313,141.182574158061,0.0977564102564103,192.637668956631,28.2790397033465,138.843706212671,9.77564102564103
2021-03-01,46470,59,39614,33,6856,26,43329,35,298143,165,341472,200,1,582,-58,644,116,45244,1,1307,587,"Knox County",470313,135.654340832594,0.0974989402289105,42.5248717343556,12.5448371616349,136.930086984625,9.74989402289106
2021-02-28,46411,77,39581,53,6830,24,43294,63,297978,563,341272,626,2,581,-17,702,92,45128,2,1306,587,"Knox County",470313,138.418457495328,0.0966834170854271,133.102848528533,16.3720756177269,149.262299787588,9.66834170854271
2021-02-27,46334,82,39528,47,6806,35,43231,59,297415,670,340646,729,1,579,-33,719,114,45036,3,1304,586,"Knox County",470313,129.275610072441,0.0934677588741861,155.003157471726,17.4351974110858,152.876913885008,9.34677588741861
2021-02-26,46252,107,39481,70,6771,37,43172,81,296745,505,339917,586,5,578,-15,752,117,44922,1,1301,585,"Knox County",470313,137.142711343297,0.0998325659271662,124.597874181662,22.7508063778803,159.893517721177,9.98325659271662
2021-02-25,46145,131,39411,92,6734,39,43091,98,296240,1029,339331,1127,2,573,-7,767,136,44805,5,1300,585,"Knox County",470313,140.969949799389,0.100827849713437,239.627652223094,27.8537909860029,163.082883101254,10.0827849713437
2021-02-24,46014,102,39319,72,6695,30,42993,80,295211,969,338204,1049,2,571,-30,774,130,44669,2,1295,584,"Knox County",470313,146.923431842199,0.0986023358223243,223.042952246695,21.6876845845214,164.571253611956,9.86023358223243
2021-02-23,45912,122,39247,68,6665,54,42913,75,294242,758,337155,833,5,569,-33,804,150,44539,6,1293,583,"Knox County",470313,144.584563896809,0.0953398058252427,177.116090773591,25.9401717579569,170.94998437211,9.53398058252427
2021-02-22,45790,62,39179,33,6611,29,42838,38,293484,306,336322,344,3,564,-111,837,170,44389,3,1287,581,"Knox County",470313,145.222436972824,0.0933131847374386,73.1427793830917,13.1827102376502,177.966588208278,9.33131847374386
2021-02-21,45728,82,39146,41,6582,41,42800,45,293178,499,335978,544,2,561,-31,948,111,44219,3,1284,579,"Knox County",470313,146.285558766183,0.091327705295472,115.667651117447,17.4351974110858,201.567892020846,9.1327705295472
2021-02-20,45646,137,39105,98,6541,39,42755,115,292679,1007,335434,1122,1,559,8,979,128,44108,2,1281,576,"Knox County",470313,157.979898493131,0.0949152542372881,238.564530429735,29.1295371380336,208.159247139671,9.49152542372881
2021-02-19,45509,94,39007,42,6502,52,42640,48,291672,274,334312,322,1,558,-84,971,177,43980,2,1279,575,"Knox County",470313,155.215781830398,0.0934281969668601,68.4650434923126,19.9866897151471,206.458252270297,9.34281969668601
2021-02-18,45415,154,38965,110,6450,44,42592,119,291398,987,333990,1106,4,557,-38,1055,188,43803,5,1277,573,"Knox County",470313,160.106142079849,0.0977443609022556,235.162540690987,32.7441512354538,224.318698398726,9.77443609022556
2021-02-17,45261,114,38855,68,6406,46,42473,76,290411,892,332884,968,1,553,-51,1093,164,43615,4,1272,567,"Knox County",470313,162.65763438391,0.098492078640962,205.820379194281,24.2391768885827,232.398424028254,9.8492078640962
2021-02-16,45147,145,38787,89,6360,56,42397,102,289519,818,331916,920,2,552,-42,1144,185,43451,4,1268,564,"Knox County",470313,167.547994633361,0.101952684941795,195.614409978036,30.8305320074078,243.242266320514,10.1952684941795
2021-02-15,45002,76,38698,36,6304,40,42295,44,288701,312,330996,356,2,550,-139,1186,213,43266,1,1264,564,"Knox County",470313,170.524735654766,0.102847508430124,75.694271687153,16.1594512590551,252.172489384729,10.2847508430124
2021-02-14,44926,164,38662,134,6264,30,42251,134,288389,706,330640,840,2,548,22,1325,140,43053,5,1263,563,"Knox County",470313,187.959933065852,0.11324103656372,178.604461284294,34.8703948221716,281.727275240106,11.324103656372
2021-02-13,44762,134,38528,90,6234,44,42117,106,287683,870,329800,976,4,546,-11,1303,141,42913,6,1258,562,"Knox County",470313,187.322059989837,0.114613702623907,207.521374063655,28.4916640620183,277.049539349327,11.4613702623907
2021-02-12,44628,179,38438,114,6190,65,42011,123,286813,995,328824,1118,3,542,12,1314,164,42772,3,1252,558,"Knox County",470313,205.395130476938,0.112030553787397,237.714032995048,38.0597602022483,279.388407294717,11.2030553787397
2021-02-11,44449,163,38324,113,6125,50,41888,118,285818,1133,327706,1251,5,539,-32,1302,190,42608,5,1249,557,"Knox County",470313,207.308749704984,0.109348265671177,265.993072698394,34.6577704634998,276.836914990655,10.9348265671177
2021-02-10,44286,148,38211,106,6075,42,41770,112,284685,1032,326455,1144,7,534,-47,1334,188,42418,6,1244,555,"Knox County",470313,214.537977899824,0.111884935654807,243.242266320514,31.4684050834232,283.640894468152,11.1884935654807
2021-02-09,44138,210,38105,155,6033,55,41658,165,283653,1022,325311,1187,0,527,14,1381,196,42230,6,1238,553,"Knox County",470313,228.35856121349,0.116705471478463,252.385113743401,44.6511153210734,293.634239325726,11.6705471478463
2021-02-08,43928,106,37950,71,5978,35,41493,75,282631,371,324124,446,4,527,-159,1367,261,42034,2,1232,548,"Knox County",470313,234.737291973643,0.119649525998276,94.8304639676131,22.5381820192085,290.657498304321,11.9649525998276
2021-02-07,43822,109,37879,76,5943,33,41418,83,282260,716,323678,799,1,523,-28,1526,136,41773,2,1230,545,"Knox County",470313,223.042952246695,0.112989452391273,169.886862578751,23.1760550952238,324.464771333133,11.2989452391273
2021-02-06,43713,304,37803,176,5910,128,41335,197,281544,1396,322879,1593,2,522,135,1554,167,41637,6,1228,544,"Knox County",470313,259.189093220898,0.11581321305386,338.710603364143,64.6378050362206,330.418253375943,11.581321305386
2021-02-05,43409,176,37627,130,5782,46,41138,143,280148,727,321286,870,8,520,-7,1419,175,41470,4,1222,540,"Knox County",470313,258.551220144882,0.122496570644719,184.983192044447,37.421887126233,301.713964955253,12.2496570644719
2021-02-04,43233,201,37497,150,5736,51,40995,160,279421,1581,320416,1741,2,512,1,1426,198,41295,7,1218,537,"Knox County",470313,266.63094577441,0.120179948586118,370.179008447566,42.7374960930274,303.202335465956,12.0179948586118
2021-02-03,43032,230,37347,165,5685,65,40835,172,277840,1634,318675,1806,5,510,-9,1425,234,41097,7,1211,529,"Knox County",470313,284.066143185496,0.11786306562426,383.999591761231,48.903602494509,302.989711107284,11.786306562426
2021-02-02,42802,90,37182,69,5620,21,40663,77,276206,291,316869,368,7,505,-160,1434,243,40863,1,1204,529,"Knox County",470313,258.551220144882,0.118982028072937,78.2457639912144,19.13619228046,304.90333033533,11.8982028072937
2021-02-01,42712,153,37113,82,5599,71,40586,97,275915,425,316501,522,4,498,-126,1594,275,40620,2,1203,527,"Knox County",470313,268.544565002456,0.120665021431355,110.989915226668,32.5315268767821,338.923227722814,12.0665021431355
2021-01-31,42559,175,37031,121,5528,54,40489,129,275490,939,315979,1068,7,494,12,1720,156,40345,4,1201,524,"Knox County",470313,282.577772674793,0.122364457831325,227.082815061459,37.2092627675612,365.713896915458,12.2364457831325
2021-01-30,42384,276,36910,232,5474,44,40360,250,274551,1518,314911,1768,7,487,89,1708,180,40189,9,1197,522,"Knox County",470313,276.624290631983,0.12624339923861,375.919866131704,58.6843229934108,363.162404611397,12.624339923861
2021-01-29,42108,101,36678,52,5430,49,40110,62,273033,376,313143,438,4,480,-141,1619,238,40009,1,1188,516,"Knox County",470313,260.6774637316,0.122811567890027,93.1294690982388,21.4750602258496,344.238836689609,12.2811567890027
2021-01-28,42007,158,36626,117,5381,41,40048,129,272657,656,312705,785,9,476,-73,1760,222,39771,6,1187,511,"Knox County",470313,251.534616308714,0.13560325684678,166.910121557346,33.5946486701409,374.21887126233,13.560325684678
2021-01-27,41849,169,36509,124,5340,45,39919,125,272001,893,311920,1018,12,467,-72,1833,229,39549,3,1181,507,"Knox County",470313,238.564530429735,0.14563432210491,216.45159712787,35.9335166155305,389.740449445369,14.563432210491
2021-01-26,41680,234,36385,173,5295,61,39794,193,271108,1041,310902,1234,3,455,-30,1905,261,39320,8,1178,503,"Knox County",470313,269.182438078471,0.144153373335285,262.378458600974,49.7540999291961,405.049403269737,14.4153373335285
2021-01-25,41446,157,36212,105,5234,52,39601,115,270067,415,309668,530,9,452,-199,1935,347,39059,1,1170,496,"Knox County",470313,270.032935513158,0.146615991814062,112.690910096042,33.3820243114692,411.428134029891,14.6615991814062
2021-01-24,41289,156,36107,103,5182,53,39486,110,269652,791,309138,901,4,443,-101,2134,253,38712,2,1169,492,"Knox County",470313,265.993072698394,0.14743781839976,191.574547163272,33.1693999527974,453.740381405575,14.743781839976
2021-01-23,41133,309,36004,222,5129,87,39376,231,268861,1492,308237,1723,7,439,62,2235,240,38459,7,1167,487,"Knox County",470313,273.009676534563,0.145572484537638,366.351769991474,65.7009268295794,475.215441631424,14.5572484537638
2021-01-22,40824,178,35782,142,5042,36,39145,176,267369,1173,306514,1349,3,432,-152,2173,327,38219,8,1160,483,"Knox County",470313,289.38175215229,0.143103448275862,286.830259848229,37.8471358435765,462.032731393774,14.3103448275862
2021-01-21,40646,267,35640,194,5006,73,38969,203,266196,1080,305165,1283,11,429,-127,2325,383,37892,6,1152,475,"Knox County",470313,312.557807247514,0.143443642697188,272.797052175891,56.7707037653648,494.351633911884,14.3443642697188
2021-01-20,40379,193,35446,132,4933,61,38766,130,265116,736,303882,866,10,418,-156,2452,339,37509,8,1146,469,"Knox County",470313,317.660791855637,0.146842505706315,184.13269460976,41.0365012236532,521.3549274632,14.6842505706315
2021-01-19,40186,311,35314,196,4872,115,38636,219,264380,957,303016,1176,8,408,-84,2608,387,37170,14,1138,459,"Knox County",470313,334.032867473363,0.151251916198263,250.046245798011,66.126175546923,554.524327415997,15.1251916198263
2021-01-18,39875,129,35118,80,4757,49,38417,87,263423,472,301840,559,7,400,-368,2692,490,36783,4,1124,456,"Knox County",470313,328.079385430554,0.147129947817233,118.857016497524,27.4285422686594,572.384773544427,14.7129947817233
2021-01-17,39746,181,35038,138,4708,43,38330,151,262951,690,301281,841,3,393,-210,3060,388,36293,8,1120,447,"Knox County",470313,333.394994397348,0.153520584840323,178.817085642965,38.4850089195918,650.630537535641,15.3520584840323
2021-01-16,39565,420,34900,340,4665,80,38179,389,262261,1757,300440,2146,1,390,1,3270,418,35905,7,1112,441,"Knox County",470313,356.996298209916,0.164841849148418,456.291873709636,89.3022306421468,695.281652856715,16.4841849148418
2021-01-15,39145,187,34560,149,4585,38,37790,153,260504,755,298294,908,0,389,-99,3269,286,35487,4,1105,433,"Knox County",470313,358.909917437962,0.171230235248747,193.062917673975,39.7607550716225,695.069028498043,17.1230235248747
2021-01-14,38958,336,34411,266,4547,70,37637,290,259749,1479,297386,1769,6,389,-93,3368,423,35201,8,1101,423,"Knox County",470313,373.580998186314,0.171687840290381,376.132490490376,71.4417845137175,716.118840006549,17.1687840290381
2021-01-13,38622,248,34145,200,4477,48,37347,206,258270,946,295617,1152,12,383,-250,3461,486,34778,6,1093,416,"Knox County",470313,385.275337913262,0.174833352824231,244.943261189888,52.730840950601,735.892905363024,17.4833352824231
2021-01-12,38374,332,33945,261,4429,71,37141,283,257324,1181,294465,1464,10,371,-175,3711,497,34292,6,1087,414,"Knox County",470313,389.740449445369,0.176377418259984,311.282061095483,70.5912870790304,789.048995030969,17.6377418259984
2021-01-11,38042,244,33684,197,4358,47,36858,228,256143,726,293001,954,4,361,-396,3886,636,33795,5,1081,409,"Knox County",470313,414.192250692624,0.184102230885857,202.843638172876,51.8803435159139,826.25825779853,18.4102230885857
2021-01-10,37798,328,33487,205,4311,123,36630,222,255417,1013,292047,1235,5,357,-4,4282,327,33159,17,1076,403,"Knox County",470313,445.448031417375,0.183942667220607,262.591082959646,69.7407896443432,910.457503832554,18.3942667220607
2021-01-09,37470,475,33282,393,4188,82,36408,427,254404,1384,290812,1811,5,352,101,4286,369,32832,11,1059,397,"Knox County",470313,457.142371144323,0.194662649305929,385.06271355459,100.996570369095,911.308001267241,19.4662649305929
2021-01-08,36995,459,32889,371,4106,88,35981,392,253020,1432,289001,1824,7,347,267,4185,185,32463,6,1048,395,"Knox County",470313,514.976196703047,0.200607307277892,387.826830217323,97.5945806303462,889.832941041392,20.0607307277892
2021-01-07,36536,388,32518,345,4018,43,35589,353,251588,1309,287177,1662,10,340,71,3918,307,32278,10,1042,387,"Knox County",470313,526.032663353979,0.208968521084934,353.381684112495,82.4982511646499,833.062237276027,20.8968521084934
2021-01-06,36148,496,32173,363,3975,133,35236,378,250279,1187,285515,1565,9,330,60,3847,427,31971,15,1032,384,"Knox County",470313,578.76350430458,0.217118402282454,332.757121321333,105.461681901202,817.965907810331,21.7118402282454
2021-01-05,35652,520,31810,328,3842,192,34858,345,249092,1193,283950,1538,14,321,32,3787,474,31544,14,1017,375,"Knox County",470313,618.736883734874,0.221456228161299,327.016263637195,110.564666509325,805.208446290024,22.1456228161299
2021-01-04,35132,322,31482,228,3650,94,34513,249,247899,654,282412,903,6,307,-222,3755,538,31070,6,1003,369,"Knox County",470313,635.321583711273,0.224520781932055,191.999795880616,68.4650434923126,798.404466812527,22.4520781932055
2021-01-03,34810,285,31254,182,3556,103,34264,195,247245,608,281509,803,2,301,-15,3977,298,30532,10,997,361,"Knox County",470313,626.178736288387,0.231446665347318,170.737360013438,60.5979422214568,845.607074437662,23.1446665347318
2021-01-02,34525,422,31072,319,3453,103,34069,345,246637,1095,280706,1440,0,299,105,3992,317,30234,22,987,352,"Knox County",470313,614.909645278782,0.231843862352337,306.179076487361,89.7274793594904,848.796439817738,23.1843862352337
2021-01-01,34103,419,30753,349,3350,70,33724,374,245542,1297,279266,1671,2,299,2,3887,415,29917,8,965,348,"Knox County",470313,606.404670931911,0.233667292840743,355.295303340541,89.089606283475,826.470882157202,23.3667292840743
2020-12-31,33684,449,30404,312,3280,137,33350,322,244245,929,277595,1251,12,297,2,3885,435,29502,8,957,342,"Knox County",470313,619.37475681089,0.240758913967942,265.993072698394,95.4683370436284,826.045633439858,24.0758913967942
2020-12-30,33235,363,30092,248,3143,115,33028,271,243316,931,276344,1202,6,285,-147,3883,504,29067,9,949,339,"Knox County",470313,591.095717107543,0.238533151680291,255.574479123477,77.1826421978555,825.620384722515,23.8533151680291
2020-12-29,32872,590,29844,398,3028,192,32757,420,242385,1081,275142,1501,7,279,111,4030,472,28563,14,940,335,"Knox County",470313,605.979422214568,0.248090297571543,319.149162366339,125.448371616349,856.876165447266,24.8090297571543
2020-12-28,32282,252,29446,174,2836,78,32337,185,241304,565,273641,750,4,272,-331,3919,579,28091,4,926,327,"Knox County",470313,591.095717107543,0.245068461359944,159.468269003834,53.5813383852881,833.274861634699,24.5068461359944
2020-12-27,32030,230,29272,156,2758,74,32152,172,240739,489,272891,661,3,268,-74,4250,301,27512,8,922,322,"Knox County",470313,579.401377380595,0.246460594620104,140.544701082045,48.903602494509,903.653524355057,24.6460594620104
2020-12-26,31800,359,29116,289,2684,70,31980,329,240250,1064,272230,1393,0,265,59,4324,300,27211,10,914,315,"Knox County",470313,566.006042784273,0.245936647289121,296.185731629787,76.3321447631684,919.387726896769,24.5936647289121
2020-12-25,31441,353,28827,287,2614,66,31651,308,239186,1070,270837,1378,1,265,-106,4265,458,26911,5,904,309,"Knox County",470313,551.972835111936,0.246681415929204,292.99636624971,75.0563986111377,906.842889735134,24.6681415929204
2020-12-24,31088,351,28540,277,2548,74,31343,311,238116,1273,269459,1584,5,264,-105,4371,451,26453,8,899,302,"Knox County",470313,531.135647962102,0.235683079466289,336.796984136097,74.6311498937941,929.381071754342,23.5683079466289
2020-12-23,30737,472,28263,351,2474,121,31032,371,236843,1411,267875,1782,6,259,-15,4476,481,26002,9,891,295,"Knox County",470313,554.311703057326,0.231627804177257,378.896607153109,100.358697293079,951.706629414879,23.1627804177257
2020-12-22,30265,530,27912,392,2353,138,30661,432,235432,1470,266093,1902,7,253,-26,4491,549,25521,15,882,289,"Knox County",470313,541.554241537019,0.223068783068783,404.411530193722,112.690910096042,954.895994794956,22.3068783068783
2020-12-21,29735,442,27520,361,2215,81,30229,391,233962,1422,264191,1813,2,246,-136,4517,576,24972,5,867,283,"Knox County",470313,581.952869684657,0.220108437173024,385.487962271934,93.9799665329259,960.424228120422,22.0108437173024
2020-12-20,29293,514,27159,431,2134,83,29838,478,232540,2245,262378,2723,2,244,235,4653,277,24396,7,862,280,"Knox County",470313,642.338187547442,0.208349900596421,578.976128663252,109.288920357294,989.341140899784,20.8349900596421
2020-12-19,28779,525,26728,441,2051,84,29360,489,230295,1445,259655,1934,6,242,252,4418,267,24119,14,855,274,"Knox County",470313,677.633831086957,0.211954864287893,411.215509671219,111.627788302684,939.374416611916,21.1954864287893
2020-12-18,28254,480,26287,420,1967,60,28871,430,228850,1358,257721,1788,4,236,98,4166,378,23852,11,841,267,"Knox County",470313,704.637124638273,0.214549756025432,380.172353305139,102.059692162454,885.793078226628,21.4549756025433
2020-12-17,27774,733,25867,635,1907,98,28441,663,227492,1898,255933,2561,11,232,288,4068,434,23474,11,830,261,"Knox County",470313,785.859629650892,0.224367372267807,544.530982558424,155.853654906413,864.955891076793,22.4367372267807
2020-12-16,27041,564,25232,453,1809,111,27778,472,225594,1729,253372,2201,8,221,99,3780,457,23040,11,819,257,"Knox County",470313,805.421070648696,0.224835812893714,467.986213436584,119.920138290883,803.720075779322,22.4835812893714
2020-12-15,26477,765,24779,675,1698,90,27306,716,223865,2415,251171,3131,2,213,325,3681,438,22583,15,808,253,"Knox County",470313,855.387794936564,0.225311126246053,665.726867001337,162.65763438391,782.670264270815,22.5311126246053
2020-12-14,25712,472,24104,411,1608,61,26590,461,221450,1624,248040,2085,6,211,-11,3356,477,22145,7,793,245,"Knox County",470313,861.766525696717,0.225841807221579,443.321787830657,100.358697293079,713.567347702487,22.5841807221579
2020-12-13,25240,628,23693,572,1547,56,26129,754,219826,2935,245955,3689,2,205,400,3367,226,21668,10,786,237,"Knox County",470313,886.0057025853,0.229167864742078,784.37125914019,133.528097245877,715.906215647877,22.9167864742078
2020-12-12,24612,464,23121,392,1491,72,25375,454,216891,2171,242266,2625,3,203,182,2967,279,21442,19,776,231,"Knox County",470313,873.035616706321,0.218473451327434,558.138941513418,98.6577024237051,630.856472179166,21.8473451327434
2020-12-11,24148,557,22729,523,1419,34,24921,429,214720,1407,239641,1836,6,200,283,2785,268,21163,10,757,227,"Knox County",470313,889.407692324048,0.217839805825243,390.378322521385,118.43176778018,592.158838900902,21.7839805825243
2020-12-10,23591,473,22206,415,1385,58,24492,538,213313,1910,237805,2448,8,194,325,2502,140,20895,9,747,225,"Knox County",470313,834.125359069386,0.212267554815432,520.504430028513,100.571321651751,531.986145396789,21.2267554815432
2020-12-09,23118,407,21791,337,1327,70,23954,359,211403,924,235357,1283,2,186,78,2177,327,20755,13,738,215,"Knox County",470313,800.743334757917,0.217055623793648,272.797052175891,86.5381139794137,462.883228828461,21.7055623793648
2020-12-08,22711,491,21454,446,1257,45,23595,538,210479,2077,234074,2615,9,184,126,2099,356,20428,10,725,212,"Knox County",470313,742.484260481849,0.213075206561727,556.0126979267,104.398560107843,446.298528852062,21.3075206561727
2020-12-07,22220,323,21008,271,1212,52,23057,317,208402,1135,231459,1452,3,175,-128,1973,448,20072,6,715,210,"Knox County",470313,710.803231039754,0.212503135189365,308.730568791422,68.6776678509843,419.507859659418,21.2503135189365
2020-12-06,21897,332,20737,291,1160,41,22740,187,207267,668,230007,855,6,172,103,2101,223,19624,6,709,207,"Knox County",470313,647.866420872908,0.215189873417722,181.79382666437,70.5912870790304,446.723777569406,21.5189873417722
2020-12-05,21565,289,20446,263,1119,26,22553,213,206599,714,229152,927,2,166,55,1998,232,19401,8,703,203,"Knox County",470313,610.657158105347,0.226086194814296,197.102780488738,61.4484396561439,424.823468626213,22.6086194814296
2020-12-04,21276,354,20183,322,1093,32,22340,297,205885,1091,228225,1388,5,164,17,1943,332,19169,11,695,201,"Knox County",470313,567.494413294976,0.223285922684172,295.122609836428,75.2690229698095,413.129128899265,22.3285922684172
2020-12-03,20922,441,19861,424,1061,17,22043,448,204794,1215,226837,1663,2,159,180,1926,259,18837,10,684,196,"Knox County",470313,560.690433817479,0.231660610821958,353.594308471167,93.7673421742542,409.514514801845,23.1660610821958
2020-12-02,20481,192,19437,170,1044,22,21595,185,203579,575,225174,760,2,157,-144,1746,334,18578,7,674,194,"Knox County",470313,514.976196703047,0.226190476190476,161.594512590551,40.8238768649814,371.242130240925,22.6190476190476
2020-12-01,20289,403,19267,380,1022,23,21410,409,203004,1832,224414,2241,5,155,88,1890,310,18244,7,667,189,"Knox County",470313,496.26525313993,0.221408572043937,476.491187783455,85.6876165447266,401.860037889661,22.1408572043937
2020-11-30,19886,385,18887,371,999,14,21001,436,201172,1815,222173,2251,1,150,25,1802,359,17934,3,660,186,"Knox County",470313,509.44796337758,0.215666831928607,478.617431370173,81.8603780886346,383.149094326544,21.5666831928607
2020-11-29,19501,226,18516,218,985,8,20565,261,199357,1465,219922,1726,0,149,41,1777,185,17575,5,657,183,"Knox County",470313,486.909781358372,0.205275648046732,366.989643067489,48.0531050598219,377.83348535975,20.5275648046732
2020-11-28,19275,271,18298,257,977,14,20304,299,197892,1967,218196,2266,0,149,72,1736,199,17390,8,652,177,"Knox County",470313,483.08254290228,0.189914599430663,481.806796750249,57.6212012000519,369.115886654207,18.9914599430663
2020-11-27,19004,235,18041,215,963,20,20005,249,195925,1247,215930,1496,3,149,-6,1664,238,17191,12,644,173,"Knox County",470313,457.780244220338,0.184390873175845,318.08604057298,49.9667242878679,353.806932829839,18.4390873175845
2020-11-26,18769,344,17826,341,943,3,19756,441,194678,1429,214434,1870,4,146,48,1670,292,16953,5,632,170,"Knox County",470313,437.155681429176,0.18080888183981,397.607550716225,73.1427793830917,355.08267898187,18.080888183981
2020-11-25,18425,219,17485,193,940,26,19315,123,193249,325,212564,448,0,142,-58,1622,277,16661,3,627,164,"Knox County",470313,442.896539113314,0.180354529191738,95.2557126849566,46.5647345491194,344.876709765624,18.0354529191738
2020-11-24,18206,153,17292,130,914,23,19192,116,192924,673,212116,789,2,142,-111,1680,262,16384,6,624,162,"Knox County",470313,389.740449445369,0.177484787018256,167.760618992033,32.5315268767821,357.208922568587,17.7484787018256
2020-11-23,18053,167,17162,147,891,20,19076,100,192251,391,211327,491,3,140,-97,1791,261,16122,7,618,160,"Knox County",470313,343.388339254922,0.174884437596302,104.398560107843,35.508267898187,380.810226381155,17.4884437596302
2020-11-22,17886,220,17015,212,871,8,18976,258,191860,1804,210836,2062,2,137,86,1888,132,15861,5,611,153,"Knox County",470313,342.112593102891,0.168329441732116,438.431427581207,46.7773589077912,401.434789172317,16.8329441732116
2020-11-21,17666,173,16803,169,863,4,18718,198,190056,1465,208774,1663,0,135,2,1802,171,15729,4,606,151,"Knox County",470313,321.275405953057,0.168386438371697,353.594308471167,36.7840140502176,383.149094326544,16.8386438371697
2020-11-20,17493,178,16634,169,859,9,18520,163,188591,791,207111,954,7,135,-17,1800,188,15558,5,602,149,"Knox County",470313,309.155817508765,0.169022592726833,202.843638172876,37.8471358435765,382.723845609201,16.9022592726833
2020-11-19,17315,166,16465,148,850,18,18357,128,187800,663,206157,791,2,128,-29,1817,193,15370,4,597,145,"Knox County",470313,271.308681665189,0.15087524312309,168.185867709377,35.2956435395152,386.338459706621,15.087524312309
2020-11-18,17149,168,16317,163,832,5,18229,179,187137,874,205366,1053,0,126,-9,1846,177,15177,7,593,140,"Knox County",470313,260.464839372928,0.146353966423171,223.893449681382,35.7208922568587,392.504566108102,14.6353966423171
2020-11-17,16981,248,16154,240,827,8,18050,260,186263,1033,204313,1293,9,126,86,1855,153,15000,7,586,138,"Knox County",470313,280.664153446747,0.154809197062718,274.923295762609,52.730840950601,394.418185336148,15.4809197062718
2020-11-16,16733,272,15914,261,819,11,17790,286,185230,1409,203020,1695,2,117,79,1769,191,14847,6,579,137,"Knox County",470313,302.989711107284,0.154768163179476,360.398287948664,57.8338255587237,376.132490490376,15.4768163179476
2020-11-15,16461,274,15653,247,808,27,17504,295,183821,2278,201325,2573,2,115,162,1690,110,14656,3,573,135,"Knox County",470313,314.47142647556,0.150568748752744,547.082474862485,58.2590742760672,359.335166155305,15.0568748752744
2020-11-14,16187,306,15406,293,781,13,17209,321,181543,1699,198752,2020,0,113,188,1528,118,14546,7,570,131,"Knox County",470313,342.750466178906,0.157240581944311,429.501204516992,65.0630537535641,324.890020050477,15.7240581944311
2020-11-13,15881,219,15113,200,768,19,16888,190,179844,965,196732,1155,4,113,73,1340,142,14428,6,563,128,"Knox County",470313,351.468064884449,0.156805293005671,245.581134265904,46.5647345491194,284.916640620183,15.6805293005671
2020-11-12,15662,143,14913,130,749,13,16698,136,178879,955,195577,1091,1,109,-3,1267,145,14286,3,557,127,"Knox County",470313,346.577704634998,0.153216911764706,231.97317531091,30.4052832900643,269.395062437143,15.3216911764706
2020-11-11,15519,191,14783,177,736,14,16562,191,177924,1229,194486,1420,3,108,23,1270,165,14141,7,554,125,"Knox County",470313,351.468064884449,0.149284253578732,301.926589313925,40.6112525063096,270.032935513158,14.9284253578732
2020-11-10,15328,168,14606,163,722,5,16371,186,176695,1131,193066,1317,2,105,24,1247,142,13976,4,547,123,"Knox County",470313,334.458116190707,0.142400851743412,280.026280370732,35.7208922568587,265.142575263707,14.2400851743412
2020-11-09,15160,135,14443,121,717,14,16185,131,175564,490,191749,621,1,103,-15,1223,149,13834,2,543,121,"Knox County",470313,305.328579052673,0.142198685888006,132.039726735174,28.7042884206901,260.039590655585,14.2198685888006
2020-11-08,15025,215,14322,203,703,12,16054,252,175074,2625,191128,2877,1,102,94,1238,120,13685,3,541,119,"Knox County",470313,292.783741891039,0.133987239310542,611.720279898706,45.7142371144323,263.228956035661,13.3987239310542
2020-11-07,14810,169,14119,161,691,8,15802,187,172449,1918,188251,2105,1,101,59,1144,109,13565,5,538,114,"Knox County",470313,263.654204753005,0.120253164556962,447.574275004093,35.9335166155305,243.242266320514,12.0253164556962
2020-11-06,14641,155,13958,138,683,17,15615,160,170531,1236,186146,1396,0,100,24,1085,131,13456,5,533,114,"Knox County",470313,250.046245798011,0.114805578645978,296.823604705802,32.9567755941256,230.697429158879,11.4805578645978
2020-11-05,14486,158,13820,142,666,16,15455,151,169295,613,184750,764,1,100,34,1061,123,13325,6,528,111,"Knox County",470313,253.235611178088,0.119809523809524,162.445010025239,33.5946486701409,225.594444550757,11.9809523809524
2020-11-04,14328,145,13678,133,650,12,15304,148,168682,934,183986,1082,-1,99,20,1027,126,13202,5,522,110,"Knox County",470313,243.454890679186,0.119563078134226,230.059556082864,30.8305320074078,218.365216355916,11.9563078134226
2020-11-03,14183,196,13545,183,638,13,15156,195,167748,836,182904,1031,3,100,44,1007,149,13076,5,517,108,"Knox County",470313,249.408372721996,0.123936816524909,219.215713790603,41.6743742996685,214.112729182481,12.3936816524909
2020-11-02,13987,116,13362,110,625,6,14961,115,166912,807,181873,922,1,97,-36,963,151,12927,2,512,107,"Knox County",470313,245.368509907232,0.118699027218237,196.039658695379,24.6644256059263,204.757257400922,11.8699027218237
2020-11-01,13871,124,13252,116,619,8,14846,131,166105,1273,180951,1404,0,96,15,999,109,12776,3,510,105,"Knox County",470313,226.0196932681,0.124885110294118,298.524599575177,26.3654204753005,212.411734313106,12.4885110294118
2020-10-31,13747,5,13136,5,611,0,14715,7,164832,4,179547,11,0,96,-99,984,104,12667,0,507,103,"Knox County",470313,191.149298445929,0.137216338880484,2.33886794538956,1.06312179335889,209.22236893303,13.7216338880484
2020-10-30,13742,156,13131,146,611,10,14708,148,164828,854,179536,1002,1,96,27,1083,128,12563,4,507,102,"Knox County",470313,191.3619228046,0.143983268983269,213.049607389122,33.1693999527974,230.272180441536,14.3983268983269
2020-10-29,13586,152,12985,138,601,14,14560,136,163974,1569,178534,1705,0,95,49,1056,103,12435,4,503,102,"Knox County",470313,190.08617665257,0.122956546038843,362.524531535382,32.3189025181103,224.531322757398,12.2956546038843
2020-10-28,13434,103,12847,96,587,7,14424,102,162405,1055,176829,1157,3,95,-47,1007,147,12332,8,499,101,"Knox County",470313,181.155953588355,0.115320796460177,246.006382983247,21.9003089431931,214.112729182481,11.5320796460177
2020-10-27,13331,119,12751,113,580,6,14322,127,161350,799,175672,926,1,92,-6,1054,124,12185,3,491,100,"Knox County",470313,164.783877970628,0.107478602497545,196.890156130067,25.3022986819416,224.106074040054,10.7478602497545
2020-10-26,13212,81,12638,74,574,7,14195,73,160551,372,174746,445,2,91,-72,1060,151,12061,2,488,98,"Knox County",470313,157.342025417116,0.108872180451128,94.6178396089413,17.222573052414,225.381820192085,10.8872180451128
2020-10-25,13131,132,12564,121,567,11,14122,151,160179,1365,174301,1516,0,89,53,1132,79,11910,3,486,98,"Knox County",470313,159.04302028649,0.11002661934339,322.338527746416,28.0664153446747,240.690774016453,11.002661934339
2020-10-24,12999,172,12443,167,556,5,13971,202,158814,1789,172785,1991,0,89,56,1079,116,11831,5,483,97,"Knox County",470313,194.551288184677,0.107412491420728,423.33509811551,36.5713896915458,229.421683006849,10.7412491420728
2020-10-23,12827,159,12276,148,551,11,13769,172,157025,1239,170794,1411,1,89,40,1023,118,11715,5,478,96,"Knox County",470313,195.189161260692,0.105234400611955,300.012970085879,33.8072730288127,217.514718921229,10.5234400611955
2020-10-22,12668,182,12128,168,540,14,13597,169,155786,1607,169383,1776,1,88,59,983,122,11597,5,473,96,"Knox County",470313,201.567892020846,0.108002602472349,377.620861001078,38.6976332782636,209.009744574358,10.8002602472349
2020-10-21,12486,72,11960,68,526,4,13428,74,154179,682,167607,756,0,87,-32,924,104,11475,1,468,96,"Knox County",470313,194.976536902021,0.109738124929146,160.744015155864,15.308953824368,196.464907412723,10.9738124929146
2020-10-20,12414,127,11892,121,522,6,13354,150,153497,739,166851,889,0,87,13,956,114,11371,7,467,95,"Knox County",470313,196.677531771395,0.112818761384335,189.023054859211,27.0032935513158,203.26888689022,11.2818761384335
2020-10-19,12287,112,11771,107,516,5,13204,117,152758,939,165962,1056,1,87,-9,943,120,11257,6,460,94,"Knox County",470313,203.26888689022,0.110164981373071,224.531322757398,23.8139281712392,200.504770227487,11.0164981373071
2020-10-18,12175,140,11664,135,511,5,13087,168,151819,1431,164906,1599,0,86,51,952,89,11137,7,454,94,"Knox County",470313,204.969881759594,0.11099388056552,339.986349516173,29.7674102140489,202.418389455533,11.099388056552
2020-10-17,12035,128,11529,125,506,3,12919,154,150388,1458,163307,1612,1,86,42,901,85,11048,3,447,93,"Knox County",470313,195.614409978036,0.110341795801736,342.750466178906,27.2159179099876,191.574547163272,11.0341795801736
2020-10-16,11907,72,11404,71,503,1,12765,61,148930,390,161695,451,1,85,-26,859,97,10963,3,444,92,"Knox County",470313,177.116090773591,0.109718638653397,95.893585760972,15.308953824368,182.644324099057,10.9718638653397
2020-10-15,11835,74,11333,62,502,12,12704,66,148540,941,161244,1007,1,84,-56,885,129,10866,3,441,90,"Knox County",470313,154.152660037039,0.10719131614654,214.112729182481,15.7342025417116,188.172557424524,10.719131614654
2020-10-14,11761,149,11271,143,490,6,12638,150,147599,1086,160237,1236,0,83,57,941,92,10737,5,438,88,"Knox County",470313,170.524735654766,0.11031847133758,262.803707318318,31.6810294420949,200.079521510143,11.031847133758
2020-10-13,11612,71,11128,68,484,3,12488,63,146513,581,159001,644,1,83,-36,884,106,10645,6,433,88,"Knox County",470313,158.617771569146,0.102432610124918,136.930086984625,15.0963294656962,187.959933065852,10.2432610124918
2020-10-12,11541,79,11060,66,481,13,12425,87,145932,806,158357,893,0,82,-42,920,121,10539,5,427,87,"Knox County",470313,151.601167732978,0.100644987906477,189.873552293898,16.7973243350705,195.614409978036,10.0644987906477
2020-10-11,11462,170,10994,163,468,7,12338,179,145126,1612,157464,1791,0,82,94,962,76,10418,8,422,85,"Knox County",470313,157.979898493131,0.0995546240503013,380.810226381155,36.1461409742023,204.544633042251,9.95546240503013
2020-10-10,11292,130,10831,122,461,8,12159,132,143514,1393,155673,1525,0,82,46,868,84,10342,3,414,85,"Knox County",470313,158.405147210475,0.0977872002120048,324.252146974462,27.6411666273312,184.557943327103,9.77872002120048
2020-10-09,11162,120,10709,118,453,2,12027,134,142121,1336,154148,1470,0,82,34,822,86,10258,3,411,85,"Knox County",470313,168.61111642672,0.0946766285314032,312.557807247514,25.5149230406134,174.777222828202,9.46766285314032
2020-10-08,11042,110,10591,102,451,8,11893,103,140785,943,152678,1046,1,82,32,788,77,10172,4,408,85,"Knox County",470313,176.265593338904,0.0985473561882626,222.40507917068,23.3886794538956,167.547994633361,9.85473561882626
2020-10-07,10932,104,10489,88,443,16,11790,95,139842,1650,151632,1745,0,81,11,756,93,10095,5,404,85,"Knox County",470313,166.697497198674,0.087008997147246,371.029505882253,22.1129333018649,160.744015155864,8.7008997147246
2020-10-06,10828,115,10401,102,427,13,11695,114,138192,1392,149887,1506,0,81,3,745,112,10002,4,399,84,"Knox County",470313,176.052968980232,0.0846030473135525,320.212284159698,24.4518012472545,158.405147210475,8.46030473135525
2020-10-05,10713,118,10299,109,414,9,11581,123,136800,1238,148381,1361,0,81,11,742,107,9890,5,395,84,"Knox County",470313,184.345318968432,0.0842589046342398,289.38175215229,25.0896743232698,157.767274134459,8.42589046342398
2020-10-04,10595,96,10190,89,405,7,11458,99,135562,1827,147020,1926,1,81,31,731,64,9783,2,390,82,"Knox County",470313,168.61111642672,0.0756215143208243,409.514514801845,20.4119384324907,155.42840618907,7.56215143208243
2020-10-03,10499,77,10101,76,398,1,11359,92,133735,1864,145094,1956,0,80,6,700,71,9719,2,388,82,"Knox County",470313,157.342025417116,0.0690281562216167,415.893245561998,16.3720756177269,148.837051070245,6.90281562216167
2020-10-02,10422,82,10025,79,397,3,11267,82,131871,602,143138,684,0,80,-17,694,99,9648,1,386,82,"Knox County",470313,149.262299787588,0.0692488262910798,145.435061331496,17.4351974110858,147.561304918214,6.92488262910798
2020-10-01,10340,71,9946,68,394,3,11185,73,131269,683,142454,756,0,80,2,711,69,9549,1,385,82,"Knox County",470313,140.969949799389,0.0682504529897322,160.744015155864,15.0963294656962,151.175919015634,6.82504529897322
2020-09-30,10269,75,9878,72,391,3,11112,70,130586,675,141698,745,1,80,-31,709,105,9480,2,384,82,"Knox County",470313,134.803843397907,0.0730915603313186,158.405147210475,15.9468269003834,150.750670298291,7.30915603313186
2020-09-29,10194,80,9806,75,388,5,11042,87,129911,1140,140953,1227,-1,79,-17,740,98,9375,2,382,82,"Knox County",470313,127.361990844395,0.0723281340265742,260.890088090272,17.0099486937423,157.342025417116,7.23281340265742
2020-09-28,10114,57,9731,51,383,6,10955,49,128771,431,139726,480,1,80,-70,757,126,9277,3,380,81,"Knox County",470313,114.391904965417,0.0710059171597633,102.059692162454,12.1195884442914,160.956639514536,7.10059171597633
2020-09-27,10057,72,9680,67,377,5,10906,79,128340,978,139246,1057,0,79,-18,827,90,9151,3,377,79,"Knox County",470313,109.288920357294,0.0770456191165822,224.74394711607,15.308953824368,175.840344621561,7.70456191165822
2020-09-26,9985,127,9613,122,372,5,10827,136,127362,2087,138189,2223,4,79,9,845,114,9061,5,374,79,"Knox County",470313,119.920138290883,0.0803123257110987,472.663949327363,27.0032935513158,179.667583077653,8.03123257110987
2020-09-25,9858,102,9491,100,367,2,10691,103,125275,1439,135966,1542,0,75,-3,836,105,8947,1,369,79,"Knox County",470313,124.172625464318,0.074346201743462,327.866761071882,21.6876845845214,177.753963849607,7.4346201743462
2020-09-24,9756,92,9391,89,365,3,10588,105,123836,1716,134424,1821,0,75,-52,839,144,8842,3,368,76,"Knox County",470313,128.637736996426,0.0691588785046729,387.188957141308,19.5614409978036,178.391836925622,6.91588785046729
2020-09-23,9664,53,9302,52,362,1,10483,49,122120,432,132603,481,2,75,-123,891,174,8698,2,365,76,"Knox County",470313,123.960001105647,0.068848375042464,102.272316521125,11.2690910096042,189.448303576554,6.8848375042464
2020-09-22,9611,82,9250,75,361,7,10434,88,121688,1141,132122,1229,1,73,-53,1014,134,8524,3,363,76,"Knox County",470313,124.38524982299,0.0689459979621873,261.315336807615,17.4351974110858,215.601099693183,6.89459979621873
2020-09-21,9529,34,9175,30,354,4,10346,32,120547,379,130893,411,0,72,-103,1067,137,8390,2,360,76,"Knox County",470313,119.494889573539,0.0675490643541762,87.3886114141008,7.22922819484046,226.870190702787,6.75490643541762
2020-09-20,9495,97,9145,78,350,19,10314,88,120168,707,130482,795,0,72,-17,1170,114,8253,1,358,76,"Knox County",470313,124.810498540334,0.0706892495883322,169.036365144064,20.6245627911625,248.77049964598,7.06892495883322
2020-09-19,9398,132,9067,129,331,3,10226,136,119461,1466,129687,1602,1,72,31,1187,100,8139,5,357,74,"Knox County",470313,125.873620333693,0.0762593579494988,340.624222592189,28.0664153446747,252.385113743401,7.62593579494988
2020-09-18,9266,118,8938,114,328,4,10090,129,117995,1606,128085,1735,3,71,-16,1156,131,8039,3,352,74,"Knox County",470313,129.275610072441,0.0776566757493188,368.903262295535,25.0896743232698,245.793758624576,7.76566757493188
2020-09-17,9148,126,8824,119,324,7,9961,124,116389,1516,126350,1640,0,68,-15,1172,141,7908,6,349,74,"Knox County",470313,136.504838267282,0.0818446724946155,348.703948221716,26.790669192644,249.195748363324,8.18446724946155
2020-09-16,9022,99,8705,77,317,22,9837,117,114873,768,124710,885,1,68,-90,1187,188,7767,3,343,72,"Knox County",470313,146.285558766183,0.0860552006749428,188.172557424524,21.049811508506,252.385113743401,8.60552006749428
2020-09-15,8923,132,8628,126,295,6,9720,136,114105,1338,123825,1474,0,67,-65,1277,197,7579,3,340,71,"Knox County",470313,156.916776699772,0.089206274877078,313.408304682201,28.0664153446747,271.521306023861,8.9206274877078
2020-09-14,8791,127,8502,124,289,3,9584,136,112767,901,122351,1037,0,67,-68,1342,195,7382,5,337,71,"Knox County",470313,176.690842056248,0.0944589877835951,220.491459942634,27.0032935513158,285.341889337526,9.44589877835951
2020-09-13,8664,143,8378,136,286,7,9448,148,111866,1008,121314,1156,0,67,-8,1410,151,7187,0,332,71,"Knox County",470313,186.471562555149,0.0971770385140099,245.793758624576,30.4052832900643,299.800345727207,9.71770385140099
2020-09-12,8521,130,8242,123,279,7,9300,141,110858,1177,120158,1318,1,67,29,1418,100,7036,1,332,71,"Knox County",470313,186.046313837806,0.100703082747431,280.238904729404,27.6411666273312,301.501340596581,10.0703082747431
2020-09-11,8391,104,8119,95,272,9,9159,105,109681,773,118840,878,0,66,-17,1389,121,6936,5,331,69,"Knox County",470313,183.069572816401,0.108130662851693,186.684186913821,22.1129333018649,295.3352341951,10.8130662851693
2020-09-10,8287,192,8024,189,263,3,9054,192,108908,1501,117962,1693,0,66,89,1406,103,6815,5,326,67,"Knox County",470313,197.102780488738,0.11550764127473,359.97303923132,40.8238768649814,298.94984829252,11.550764127473
2020-09-09,8095,91,7835,82,260,9,8862,93,107407,1710,116269,1803,0,66,-23,1317,114,6712,2,321,67,"Knox County",470313,195.401785619364,0.101613420237205,383.361718685216,19.3488166391318,280.026280370732,10.1613420237205
2020-09-08,8004,126,7753,124,251,2,8769,133,105697,702,114466,835,1,66,30,1340,95,6598,8,319,67,"Knox County",470313,194.126039467333,0.108715596330275,177.541339490935,26.790669192644,284.916640620183,10.8715596330275
2020-09-07,7878,95,7629,92,249,3,8636,98,104995,347,113631,445,1,65,11,1310,83,6503,0,311,67,"Knox County",470313,187.322059989837,0.111958661417323,94.6178396089413,20.1993140738189,278.537909860029,11.1958661417323
2020-09-06,7783,96,7537,92,246,4,8538,94,104648,476,113186,570,0,64,23,1299,73,6420,1,311,67,"Knox County",470313,177.328715132263,0.11349774595598,121.195884442914,20.4119384324907,276.19904191464,11.349774595598
2020-09-05,7687,284,7445,282,242,2,8444,295,104172,1506,112616,1801,0,64,215,1276,69,6347,4,310,64,"Knox County",470313,210.072866367717,0.125856697819315,382.936469967872,60.385317862785,271.308681665189,12.5856697819315
2020-09-04,7403,93,7163,89,240,4,8149,97,102666,565,110815,662,1,64,16,1061,76,6278,0,306,64,"Knox County",470313,207.733998422327,0.12831348444103,140.757325440717,19.7740653564754,225.594444550757,12.831348444103
2020-09-03,7310,190,7074,184,236,6,8052,198,102101,1798,110153,1996,2,63,107,1045,81,6202,6,306,64,"Knox County",470313,207.308749704984,0.124260355029586,424.398219908869,40.3986281476379,222.192454812008,12.4260355029586
2020-09-02,7120,124,6890,120,230,4,7854,121,100303,1461,108157,1582,2,61,41,938,81,6121,5,300,63,"Knox County",470313,214.325353541152,0.131288810036751,336.371735418753,26.3654204753005,199.441648434128,13.1288810036751
2020-09-01,6996,153,6770,146,226,7,7733,158,98842,660,106575,818,2,59,64,897,87,6040,4,295,62,"Knox County",470313,220.06621122529,0.134747269494539,173.926725393515,32.5315268767821,190.724049728585,13.4747269494539
2020-08-31,6843,99,6624,93,219,6,7575,94,98182,431,105757,525,0,57,18,833,81,5953,3,291,59,"Knox County",470313,220.916708659978,0.132889112396279,111.627788302684,21.049811508506,177.116090773591,13.2889112396279
2020-08-30,6744,72,6531,71,213,1,7481,76,97751,423,105232,499,1,57,5,815,66,5872,1,288,59,"Knox County",470313,215.813724051855,0.131802613218318,106.099554977217,15.308953824368,173.288852317499,13.1802613218318
2020-08-29,6672,118,6460,113,212,5,7405,125,97328,1391,104733,1516,5,56,37,810,76,5806,3,287,57,"Knox County",470313,180.51808051234,0.114372203211371,322.338527746416,25.0896743232698,172.22573052414,11.4372203211371
2020-08-28,6554,89,6347,85,207,4,7280,91,95937,309,103217,400,0,51,-7,773,96,5730,3,284,57,"Knox County",470313,179.667583077653,0.117639040348964,85.0497434687113,18.9235679217883,164.358629253285,11.7639040348964
2020-08-27,6465,116,6262,112,203,4,7189,134,95628,1987,102817,2121,0,51,24,780,92,5634,2,281,57,"Knox County",470313,163.933380535941,0.107090202385739,450.976264742841,24.6644256059263,165.846999763987,10.7090202385739
2020-08-26,6349,77,6150,76,199,1,7055,86,93641,794,100696,880,0,51,-15,756,92,5542,3,279,56,"Knox County",470313,153.940035678367,0.113034472555112,187.109435631165,16.3720756177269,160.744015155864,11.3034472555112
2020-08-25,6272,87,6074,82,198,5,6969,96,92847,896,99816,992,2,51,-7,771,92,5450,3,276,55,"Knox County",470313,139.90682800603,0.101254868022501,210.923363802404,18.4983192044447,163.933380535941,10.1254868022501
2020-08-24,6185,32,5992,28,193,4,6873,29,91951,261,98824,290,0,49,-66,778,98,5358,1,273,55,"Knox County",470313,125.660995975021,0.0951030158256196,61.6610640148157,6.8039794774969,165.421751046643,9.51030158256196
2020-08-23,6153,76,5964,75,189,1,6844,74,91690,565,98534,639,0,49,13,844,63,5260,3,272,55,"Knox County",470313,126.511493409708,0.0928634103539046,135.866965191266,16.1594512590551,179.454958718981,9.28634103539046
2020-08-22,6077,136,5889,135,188,1,6770,153,91125,1892,97895,2045,0,49,69,831,67,5197,4,269,55,"Knox County",470313,130.3387318658,0.089995927786073,434.816813483786,28.9169127793618,176.690842056248,8.9995927786073
2020-08-21,5941,30,5754,30,187,0,6617,41,89233,262,95850,303,1,49,-62,762,91,5130,1,265,55,"Knox County",470313,117.793894704165,0.0843191196698762,64.4251806775488,6.37873076015334,162.019761307895,8.43191196698762
2020-08-20,5911,119,5724,117,187,2,6576,130,88971,2068,95547,2198,3,48,24,824,92,5039,3,264,55,"Knox County",470313,118.43176778018,0.0828909759085341,467.348340360568,25.3022986819416,175.202471545545,8.28909759085341
2020-08-19,5792,46,5607,41,185,5,6446,48,86903,608,93349,656,2,45,-50,800,94,4947,4,261,55,"Knox County",470313,111.840412661355,0.080162852730591,139.481579288686,9.7807204989018,170.099486937423,8.0162852730591
2020-08-18,5746,134,5566,132,180,2,6398,152,86295,1163,92693,1315,0,43,3,850,131,4853,4,257,55,"Knox County",470313,121.833757518929,0.0842062852538276,279.601031653388,28.4916640620183,180.730704871011,8.42062852538276
2020-08-17,5612,50,5434,42,178,8,6246,50,85132,289,91378,339,1,43,-70,847,119,4722,0,253,54,"Knox County",470313,125.660995975021,0.0864576384256171,72.0796575897328,10.6312179335889,180.092831794996,8.64576384256171
2020-08-16,5562,83,5392,78,170,5,6196,82,84843,587,91039,669,0,42,11,917,72,4603,1,253,53,"Knox County",470313,127.149366485723,0.0871760797342193,142.24569595142,17.6478217697576,194.976536902021,8.71760797342193
2020-08-15,5479,119,5314,116,165,3,6114,132,84256,1223,90370,1355,1,42,42,906,76,4531,2,252,52,"Knox County",470313,123.534752388303,0.0929041697147037,288.106006000259,25.3022986819416,192.637668956631,9.29041697147037
2020-08-14,5360,91,5198,83,162,8,5982,96,83033,1024,89015,1120,0,41,5,864,86,4455,2,250,52,"Knox County",470313,136.504838267282,0.0901725039205436,238.139281712392,19.3488166391318,183.707445892416,9.01725039205436
2020-08-13,5269,127,5115,126,154,1,5886,229,82009,1778,87895,2007,1,41,13,859,113,4369,4,248,51,"Knox County",470313,138.205833136656,0.105749899477282,426.737087854259,27.0032935513158,182.644324099057,10.5749899477282
2020-08-12,5142,79,4989,72,153,7,5657,88,80231,892,85888,980,0,40,-40,846,119,4256,1,244,50,"Knox County",470313,145.222436972824,0.106486833654464,208.371871498343,16.7973243350705,179.880207436324,10.6486833654464
2020-08-11,5063,111,4917,108,146,3,5569,117,79339,1121,84908,1238,0,40,2,886,109,4137,5,243,50,"Knox County",470313,140.332076723374,0.103009859885833,263.228956035661,23.6013038125674,188.385181783195,10.3009859885833
2020-08-10,4952,37,4809,35,143,2,5452,35,78218,365,83670,400,1,40,-94,884,130,4028,0,238,48,"Knox County",470313,137.56796006064,0.100270305058566,85.0497434687113,7.86710127085579,187.959933065852,10.0270305058566
2020-08-09,4915,85,4774,81,141,4,5417,109,77853,826,83270,935,1,39,25,978,59,3898,4,238,48,"Knox County",470313,137.993208777984,0.10031113876789,198.803775358113,18.0730704871011,207.946622780999,10.031113876789
2020-08-08,4830,157,4693,156,137,1,5308,176,77027,2284,82335,2460,1,38,96,953,60,3839,4,234,47,"Knox County",470313,146.072934407512,0.0929978118161926,523.055922332574,33.3820243114692,202.631013814205,9.29978118161926
2020-08-07,4673,50,4537,46,136,4,5132,44,74743,403,79875,447,0,37,-34,857,84,3779,0,230,45,"Knox County",470313,137.355335701969,0.0942482579426007,95.0430883262848,10.6312179335889,182.219075381714,9.42482579426007
2020-08-06,4623,113,4491,105,132,8,5088,121,74340,1463,79428,1584,-1,37,41,891,73,3695,5,230,43,"Knox County",470313,134.378594680564,0.0857782197911487,336.796984136097,24.0265525299109,189.448303576554,8.57782197911487
2020-08-05,4510,99,4386,99,124,0,4967,100,72877,1107,77844,1207,1,38,-1,850,99,3622,3,225,42,"Knox County",470313,138.631081853999,0.0848748639825898,256.637600916836,21.049811508506,180.730704871011,8.48748639825898
2020-08-04,4411,112,4287,111,124,1,4867,106,71770,1082,76637,1188,1,37,-31,851,142,3523,9,222,41,"Knox County",470313,138.843706212671,0.0840530349105948,252.597738102072,23.8139281712392,180.943329229683,8.40530349105948
2020-08-03,4299,50,4176,50,123,0,4761,81,70688,593,75449,674,2,36,-59,882,107,3381,1,213,41,"Knox County",470313,141.607822875404,0.0867569158328429,143.308817744778,10.6312179335889,187.534684348508,8.67569158328429
2020-08-02,4249,97,4126,91,123,6,4680,95,70095,692,74775,787,3,34,29,941,65,3274,2,212,40,"Knox County",470313,144.159315179466,0.0866179465676291,167.335370274689,20.6245627911625,200.079521510143,8.66179465676291
2020-08-01,4152,118,4035,110,117,8,4585,118,69403,1417,73988,1535,1,31,29,912,88,3209,1,210,40,"Knox County",470313,135.866965191266,0.0895984909727836,326.37839056118,25.0896743232698,193.913415108662,8.95984909727836
2020-07-31,4034,117,3925,114,109,3,4467,116,67986,1060,72453,1176,2,30,9,883,106,3121,1,209,39,"Knox County",470313,150.112797222275,0.0904183535762483,250.046245798011,24.877049964598,187.74730870718,9.04183535762483
2020-07-30,3917,189,3811,186,106,3,4351,227,66926,2420,71277,2647,1,28,78,874,110,3015,7,208,36,"Knox County",470313,166.272248481331,0.0914912090297374,562.816677404197,40.1860037889661,185.833689479134,9.14912090297373
2020-07-29,3728,75,3625,71,103,4,4124,60,64506,438,68630,498,0,27,-40,796,115,2905,3,201,34,"Knox County",470313,161.169263873208,0.0944150499706055,105.886930618546,15.9468269003834,169.248989502735,9.44150499706055
2020-07-28,3653,154,3554,152,99,2,4064,186,64068,1211,68132,1397,1,27,46,836,107,2790,3,198,30,"Knox County",470313,170.099486937423,0.101331191186596,297.036229064474,32.7441512354538,177.753963849607,10.1331191186596
2020-07-27,3499,83,3402,76,97,7,3878,85,62857,677,66735,762,3,26,-36,790,116,2683,2,195,30,"Knox County",470313,177.116090773591,0.100772551692797,162.019761307895,17.6478217697576,167.973243350705,10.0772551692797
2020-07-26,3416,118,3326,113,90,5,3793,132,62180,1473,65973,1605,0,23,49,826,69,2567,2,193,29,"Knox County",470313,181.581202305699,0.0960498960498961,341.262095668204,25.0896743232698,175.627720262889,9.6049896049896
2020-07-25,3298,175,3213,172,85,3,3661,197,60707,1949,64368,2146,2,23,95,777,78,2498,3,191,28,"Knox County",470313,193.70079074999,0.0980353826605415,456.291873709636,37.2092627675612,165.209126687972,9.80353826605415
2020-07-24,3123,106,3041,99,82,7,3464,113,58758,916,62222,1029,0,21,-15,682,121,2420,4,188,25,"Knox County",470313,191.3619228046,0.0991669972233241,218.79046507326,22.5381820192085,145.009812614153,9.91669972233241
2020-07-23,3017,205,2942,197,75,8,3351,254,57842,2389,61193,2643,0,21,89,697,116,2299,4,184,25,"Knox County",470313,194.763912543349,0.101884920634921,561.96617996951,43.5879935277145,148.199177994229,10.1884920634921
2020-07-22,2812,69,2745,61,67,8,3097,63,55453,437,58550,500,3,21,-68,608,134,2183,3,180,24,"Knox County",470313,193.488166391318,0.102162269390994,106.312179335889,14.6710807483527,129.275610072441,10.2162269390994
2020-07-21,2743,232,2684,228,59,4,3034,280,55016,1691,58050,1971,0,18,120,676,112,2049,12,177,24,"Knox County",470313,210.072866367717,0.10548048048048,419.082610942075,49.3288512118525,143.734066462122,10.548048048048
2020-07-20,2511,74,2456,70,55,4,2754,57,53325,364,56079,421,0,18,-59,556,133,1937,4,165,23,"Knox County",470313,208.159247139671,0.106253029568589,89.5148550008186,15.7342025417116,118.219143421509,10.6253029568589
2020-07-19,2437,84,2386,74,51,10,2697,74,52961,577,55658,651,0,18,-16,615,100,1804,0,161,22,"Knox County",470313,200.93001894483,0.110885589146459,138.418457495328,17.8604461284294,130.763980583144,11.0885589146459
2020-07-18,2353,112,2312,109,41,3,2623,146,52384,2258,55007,2404,1,18,36,631,75,1704,8,161,20,"Knox County",470313,187.534684348508,0.102609418858509,511.148958246955,23.8139281712392,134.165970321892,10.2609418858509
2020-07-17,2241,74,2203,74,38,0,2477,80,50126,347,52603,427,0,17,3,595,71,1629,6,153,19,"Knox County",470313,180.730704871011,0.105800155262282,90.7906011528493,15.7342025417116,126.511493409708,10.5800155262282
2020-07-16,2167,187,2129,185,38,2,2397,228,49779,2034,52176,2262,2,17,97,592,88,1558,3,147,17,"Knox County",470313,176.903466414919,0.107457156090783,480.956299315562,39.7607550716225,125.873620333693,10.7457156090783
2020-07-15,1980,78,1944,78,36,0,2169,80,47745,511,49914,591,3,15,-14,495,89,1470,4,144,17,"Knox County",470313,178.817085642965,0.108284633894809,125.660995975021,16.5846999763987,105.24905754253,10.8284633894809
2020-07-14,1902,95,1866,95,36,0,2089,127,47234,777,49323,904,2,12,12,509,81,1381,1,140,16,"Knox County",470313,149.687548504932,0.103394255874674,192.212420239287,20.1993140738189,108.225798563935,10.3394255874674
2020-07-13,1807,94,1771,92,36,2,1962,59,46457,655,48419,714,1,10,20,497,73,1300,2,139,15,"Knox County",470313,153.940035678367,0.0998365396705646,151.81379209165,19.9866897151471,105.674306259874,9.98365396705646
2020-07-12,1713,69,1679,67,34,2,1903,87,45802,916,47705,1003,0,9,27,477,42,1227,4,137,12,"Knox County",470313,150.750670298291,0.0971703792895846,213.262231747793,14.6710807483527,101.421819086438,9.71703792895846
2020-07-11,1644,28,1612,27,32,1,1816,36,44886,883,46702,919,0,9,-16,450,44,1185,2,133,11,"Knox County",470313,132.890224169861,0.102199413489736,195.401785619364,5.95348204280979,95.6809614023002,10.2199413489736
2020-07-10,1616,78,1585,74,31,4,1780,68,44003,418,45783,486,0,9,30,466,48,1141,6,131,10,"Knox County",470313,133.740721604548,0.0995784270969618,103.335438314484,16.5846999763987,99.0829511410486,9.95784270969618
2020-07-09,1538,70,1511,66,27,4,1712,88,43585,1652,45297,1740,0,9,23,436,47,1093,8,125,10,"Knox County",470313,108.86367163995,0.0857322636463741,369.966384088894,14.8837051070245,92.7042203808953,8.57322636463741
2020-07-08,1468,70,1445,65,23,5,1624,63,41933,594,43557,657,1,9,15,413,54,1046,5,117,10,"Knox County",470313,107.162676770576,0.0822045773003269,139.694203647358,14.8837051070245,87.8138601314444,8.2204577300327
2020-07-07,1398,79,1380,79,18,0,1561,104,41339,1304,42900,1408,0,8,38,398,41,992,7,112,10,"Knox County",470313,103.760687031828,0.0729031326692652,299.375097009864,16.7973243350705,84.6244947513677,7.29031326692652
2020-07-06,1319,35,1301,35,18,0,1457,34,40035,658,41492,692,1,8,-19,360,53,951,6,105,9,"Knox County",470313,91.2158498701928,0.0695148443157133,147.13605620087,7.44185255351224,76.5447691218401,6.95148443157133
2020-07-05,1284,77,1266,77,18,0,1423,109,39377,1080,40800,1189,2,7,34,379,41,898,6,99,9,"Knox County",470313,92.9168447395671,0.0707939641799464,252.810362460744,16.3720756177269,80.5846319366039,7.07939641799464
2020-07-04,1207,41,1189,40,18,1,1314,50,38297,1141,39611,1191,0,5,4,345,37,857,1,93,8,"Knox County",470313,95.6809614023002,0.0700801303816379,253.235611178088,8.7175987055429,73.3554037417635,7.00801303816379
2020-07-03,1166,62,1149,61,17,1,1264,49,37156,910,38420,959,0,5,27,341,35,820,4,92,6,"Knox County",470313,92.2789716635517,0.0634252169474222,203.906759966235,13.1827102376502,72.5049063070764,6.34252169474222
2020-07-02,1104,68,1088,68,16,0,1215,102,36246,1228,37461,1330,0,5,33,314,35,785,2,88,6,"Knox County",470313,91.8537229462082,0.0688122811742526,282.790397033465,14.4584563896809,66.7640486229383,6.88122811742526
2020-07-01,1036,49,1020,49,16,0,1113,34,35018,737,36131,771,0,5,25,281,24,750,4,86,6,"Knox County",470313,87.3886114141008,0.0639257294429708,163.933380535941,10.4185935749171,59.7474447867697,6.39257294429708
2020-06-30,987,40,971,39,16,1,1079,73,34281,1514,35360,1587,0,5,18,256,22,726,3,82,5,"Knox County",470313,79.0962614259015,0.0584272574167638,337.434857212112,8.50497434687113,54.4318358199752,5.84272574167638
2020-06-29,947,51,932,51,15,0,1006,79,32767,1333,33773,1412,0,5,20,238,31,704,3,79,5,"Knox County",470313,82.4982511646499,0.0587747363431686,300.225594444551,10.8438422922607,50.6045973638832,5.87747363431686
2020-06-28,896,10,881,10,15,0,927,30,31434,684,32361,714,0,5,-5,218,15,673,1,76,5,"Knox County",470313,68.2524191336408,0.0523606228026118,151.81379209165,2.12624358671778,46.3521101904476,5.23606228026117
2020-06-27,886,29,871,29,15,0,897,16,30750,111,31647,127,0,5,18,223,11,658,3,75,5,"Knox County",470313,65.7009268295794,0.0555072463768116,27.0032935513158,6.16610640148157,47.4152319838065,5.55072463768116
2020-06-26,857,37,842,37,15,0,881,14,30639,319,31520,333,0,5,17,205,20,647,8,72,5,"Knox County",470313,60.385317862785,0.0554670066942939,70.8039114377021,7.86710127085579,43.5879935277145,5.54670066942939
2020-06-25,820,32,805,32,15,0,867,52,30320,702,31187,754,0,5,13,188,19,627,1,64,5,"Knox County",470313,52.730840950601,0.0522990522990523,160.318766438521,6.8039794774969,39.9733794302943,5.22990522990523
2020-06-24,788,35,773,34,15,1,815,32,29618,272,30433,304,0,5,22,175,13,608,1,63,5,"Knox County",470313,49.7540999291961,0.0565857388644619,64.6378050362206,7.44185255351224,37.2092627675612,5.65857388644619
2020-06-23,753,27,739,24,14,3,783,25,29346,215,30129,240,0,5,18,153,9,595,4,62,5,"Knox County",470313,46.989983266463,0.0638516992790937,51.0298460812268,5.74085768413801,32.5315268767821,6.38516992790937
2020-06-22,726,36,715,36,11,0,758,31,29131,572,29889,603,0,5,20,135,16,586,0,58,5,"Knox County",470313,43.8006178863863,0.0650406504065041,128.212488279082,7.65447691218401,28.7042884206901,6.50406504065041
2020-06-21,690,31,679,31,11,0,727,37,28559,815,29286,852,0,5,16,115,15,570,1,58,5,"Knox County",470313,48.2657294184936,0.0644257703081232,181.155953588355,6.59135511882512,24.4518012472545,6.44257703081232
2020-06-20,659,17,648,17,11,0,690,9,27744,437,28434,446,0,5,11,99,6,555,2,57,5,"Knox County",470313,45.7142371144323,0.0566251415628539,94.8304639676131,3.61461409742023,21.049811508506,5.66251415628539
2020-06-19,642,30,631,28,11,2,681,10,27307,334,27988,344,0,5,8,88,22,549,1,55,5,"Knox County",470313,44.2258666037299,0.0553203499858877,73.1427793830917,6.37873076015334,18.7109435631165,5.53203499858877
2020-06-18,612,15,603,15,9,0,671,18,26973,804,27644,822,0,5,2,80,13,527,0,54,5,"Knox County",470313,40.6112525063096,0.0448629188590418,174.777222828202,3.18936538007667,17.0099486937423,4.48629188590418
2020-06-17,597,17,588,17,9,0,653,13,26169,282,26822,295,0,5,-3,78,20,514,0,54,5,"Knox County",470313,36.7840140502176,0.0397001665741255,62.7241858081746,3.61461409742023,16.5846999763987,3.97001665741255
2020-06-16,580,9,571,8,9,1,640,9,25887,178,26527,187,0,5,-2,81,11,494,0,54,5,"Knox County",470313,32.9567755941256,0.0357847280924204,39.7607550716225,1.913619228046,17.222573052414,3.57847280924204
2020-06-15,571,8,563,8,8,0,631,9,25709,218,26340,227,0,5,-5,83,13,483,0,54,5,"Knox County",470313,27.0032935513158,0.0330917113142137,48.2657294184936,1.70099486937423,17.6478217697576,3.30917113142137
2020-06-14,563,8,555,8,8,0,622,9,25491,624,26113,633,0,5,4,88,4,470,0,54,5,"Knox County",470313,22.1129333018649,0.0260663507109005,134.591219039236,1.70099486937423,18.7109435631165,2.60663507109005
2020-06-13,555,10,547,8,8,2,613,9,24867,213,25480,222,0,5,0,84,10,466,3,54,5,"Knox County",470313,20.6245627911625,0.0282051282051282,47.2026076251348,2.12624358671778,17.8604461284294,2.82051282051282
2020-06-12,545,19,539,19,6,0,604,19,24654,750,25258,769,0,5,1,84,18,456,0,51,5,"Knox County",470313,18.2856948457729,0.0272583201267829,163.508131818597,4.03986281476378,17.8604461284294,2.72583201267829
2020-06-11,526,7,520,7,6,0,585,10,23904,379,24489,389,0,5,1,83,6,438,2,51,5,"Knox County",470313,16.5846999763987,0.0286554004408523,82.7108755233217,1.48837051070245,17.6478217697576,2.86554004408523
2020-06-10,519,12,513,12,6,0,575,12,23525,706,24100,718,0,5,-6,82,18,432,0,49,5,"Knox County",470313,15.5215781830398,0.024483306836248,152.664289526337,2.55149230406134,17.4351974110858,2.4483306836248
2020-06-09,507,16,501,16,6,0,563,19,22819,508,23382,527,0,5,5,88,11,414,1,49,5,"Knox County",470313,17.0099486937423,0.0249641319942611,112.053037020027,3.40198973874845,18.7109435631165,2.49641319942611
2020-06-08,491,8,485,8,6,0,544,8,22311,336,22855,344,0,5,4,83,4,403,1,48,5,"Knox County",470313,17.0099486937423,0.0238756246529706,73.1427793830917,1.70099486937423,17.6478217697576,2.38756246529706
2020-06-07,483,7,477,7,6,0,536,8,21975,848,22511,856,0,5,0,79,7,399,1,47,5,"Knox County",470313,16.7973243350705,0.0222222222222222,182.006451023042,1.48837051070245,16.7973243350705,2.22222222222222
2020-06-06,476,11,470,11,6,0,528,12,21127,478,21655,490,0,5,5,79,6,392,0,46,5,"Knox County",470313,17.0099486937423,0.021500122159785,104.185935749171,2.33886794538956,16.7973243350705,2.1500122159785
2020-06-05,465,18,459,18,6,0,516,17,20649,518,21165,535,0,5,7,74,11,386,1,46,5,"Knox County",470313,16.7973243350705,0.0222855662088624,113.754031889401,3.82723845609201,15.7342025417116,2.22855662088624
2020-06-04,447,4,441,4,6,0,499,4,20131,338,20630,342,0,5,-1,67,5,375,0,45,5,"Knox County",470313,16.1594512590551,0.0209863588667366,72.7175306657481,0.850497434687113,14.2458320310091,2.09863588667366
2020-06-03,443,4,437,4,6,0,495,4,19793,399,20288,403,0,5,-3,68,7,370,0,45,5,"Knox County",470313,14.4584563896809,0.0205890763511581,85.6876165447266,0.850497434687113,14.4584563896809,2.05890763511581
2020-06-02,439,26,433,25,6,1,491,24,19394,939,19885,963,0,5,21,71,5,363,2,45,5,"Knox County",470313,16.5846999763987,0.0195779303330791,204.757257400922,5.52823332546623,15.0963294656962,1.95779303330791
2020-06-01,413,17,408,17,5,0,467,20,18455,972,18922,992,0,5,4,50,13,358,0,43,5,"Knox County",470313,18.4983192044447,0.0194280724732591,210.923363802404,3.61461409742023,10.6312179335889,1.94280724732591
2020-05-31,396,7,391,7,5,0,447,7,17483,317,17930,324,0,5,3,46,4,345,0,43,5,"Knox County",470313,18.4983192044447,0.0217337614225735,68.8902922096561,1.48837051070245,9.7807204989018,2.17337614225735
2020-05-30,389,6,384,6,5,0,440,6,17166,294,17606,300,0,5,-1,43,7,341,2,43,5,"Knox County",470313,17.4351974110858,0.0212490282456595,63.7873076015334,1.27574615203067,9.14284742288646,2.12490282456595
2020-05-29,383,8,378,8,5,0,434,7,16872,205,17306,212,0,5,0,44,8,334,0,41,5,"Knox County",470313,15.308953824368,0.0203619909502262,45.076364038417,1.70099486937423,9.35547178155824,2.03619909502262
2020-05-28,375,11,370,11,5,0,427,11,16667,336,17094,347,0,5,7,44,4,326,0,41,5,"Knox County",470313,16.7973243350705,0.022310081897769,73.780652459107,2.33886794538956,9.35547178155824,2.2310081897769
2020-05-27,364,5,359,5,5,0,416,6,16331,420,16747,426,0,5,0,37,5,322,1,41,5,"Knox County",470313,17.0099486937423,0.0227272727272727,90.5779767941775,1.06312179335889,7.86710127085579,2.27272727272727
2020-05-26,359,9,354,9,5,0,410,10,15911,1142,16321,1152,0,5,7,37,2,317,0,40,5,"Knox County",470313,13.395334596322,0.0178523847588596,244.943261189888,1.913619228046,7.86710127085579,1.78523847588596
2020-05-25,350,9,345,9,5,0,400,11,14769,381,15169,392,0,5,5,30,4,315,1,40,5,"Knox County",470313,11.6943397269478,0.018395179194418,83.348748599337,1.913619228046,6.37873076015334,1.8395179194418
2020-05-24,341,2,336,2,5,0,389,3,14388,273,14777,276,0,5,1,25,1,311,0,39,5,"Knox County",470313,10.6312179335889,0.0173913043478261,58.6843229934108,0.425248717343556,5.31560896679445,1.73913043478261
2020-05-23,339,7,334,7,5,0,386,10,14115,360,14501,370,0,5,4,24,3,310,2,39,5,"Knox County",470313,10.8438422922607,0.0182677165354331,78.6710127085579,1.48837051070245,5.10298460812268,1.82677165354331
2020-05-22,332,1,327,1,5,0,376,1,13755,253,14131,254,0,5,-14,20,15,307,0,37,5,"Knox County",470313,9.35547178155824,0.0161641280696301,54.0065871026317,0.212624358671778,4.25248717343556,1.61641280696301
2020-05-21,331,0,326,0,5,0,375,0,13502,250,13877,250,0,5,-1,34,1,292,0,37,5,"Knox County",470313,7.01660383616868,0.0131410256410256,53.1560896679445,0,7.22922819484046,1.31410256410256
2020-05-20,331,7,326,7,5,0,375,7,13252,360,13627,367,0,5,4,35,3,291,0,37,5,"Knox County",470313,7.44185255351224,0.0137210062071219,78.0331396325426,1.48837051070245,7.44185255351224,1.37210062071219
2020-05-19,324,7,319,7,5,0,368,7,12892,369,13260,376,0,5,4,31,3,288,2,37,5,"Knox County",470313,7.01660383616868,0.0170678336980306,79.9467588605886,1.48837051070245,6.59135511882512,1.70678336980306
2020-05-18,317,3,312,3,5,0,361,4,12523,478,12884,482,0,5,0,27,3,285,0,35,5,"Knox County",470313,5.74085768413801,0.0134736842105263,102.484940879797,0.637873076015334,5.74085768413801,1.34736842105263
2020-05-17,314,3,309,3,5,0,357,5,12045,216,12402,221,0,5,1,27,2,282,1,35,5,"Knox County",470313,5.95348204280979,0.0146551724137931,46.989983266463,0.637873076015334,5.74085768413801,1.46551724137931
2020-05-16,311,0,306,0,5,0,352,0,11829,349,12181,349,0,5,-4,26,4,280,0,34,5,"Knox County",470313,4.46511153210734,0.0104393214441061,74.2059011764506,0,5.52823332546623,1.04393214441061
2020-05-15,311,1,306,1,5,0,352,4,11480,540,11832,544,0,5,-4,30,5,276,0,34,5,"Knox County",470313,4.46511153210734,0.0104287369640788,115.667651117447,0.212624358671778,6.37873076015334,1.04287369640788
2020-05-14,310,3,305,3,5,0,348,7,10940,458,11288,465,0,5,0,34,3,271,0,34,5,"Knox County",470313,5.10298460812268,0.0121255349500713,98.8703267823768,0.637873076015334,7.22922819484046,1.21255349500713
2020-05-13,307,7,302,7,5,0,341,5,10482,341,10823,346,0,5,1,34,6,268,0,34,5,"Knox County",470313,5.10298460812268,0.011498383039885,73.5680281004352,1.48837051070245,7.22922819484046,1.1498383039885
2020-05-12,300,6,295,6,5,0,336,8,10141,401,10477,409,0,5,3,33,3,262,0,34,5,"Knox County",470313,4.8903602494509,0.01171875,86.9633626967573,1.27574615203067,7.01660383616868,1.171875
2020-05-11,294,16,289,16,5,0,328,12,9740,254,10068,266,0,5,9,30,7,259,1,34,5,"Knox County",470313,7.65447691218401,0.0157692307692308,56.558079406693,3.40198973874845,6.37873076015334,1.57692307692308
2020-05-10,278,5,273,5,5,0,316,5,9486,221,9802,226,0,5,1,21,4,252,1,33,5,"Knox County",470313,8.07972562952757,0.0157389635316699,48.0531050598219,1.06312179335889,4.46511153210734,1.57389635316699
2020-05-09,273,2,268,2,5,0,311,4,9265,352,9576,356,0,5,-1,20,3,248,0,32,5,"Knox County",470313,8.50497434687113,0.0172281776416539,75.694271687153,0.425248717343556,4.25248717343556,1.72281776416539
2020-05-08,271,3,266,3,5,0,307,4,8913,265,9220,269,0,5,-2,21,5,245,0,32,5,"Knox County",470313,8.93022306421468,0.0192554557124519,57.1959524827083,0.637873076015334,4.46511153210734,1.92554557124519
2020-05-07,268,3,263,3,5,0,303,3,8648,220,8951,223,0,5,-2,23,5,240,0,32,5,"Knox County",470313,8.93022306421468,0.0195704057279236,47.4152319838065,0.637873076015334,4.8903602494509,1.95704057279236
2020-05-06,265,1,260,1,5,0,300,1,8428,185,8728,186,0,5,-7,25,8,235,0,32,5,"Knox County",470313,7.65447691218401,0.0191214470284238,39.5481307129507,0.212624358671778,5.31560896679445,1.91214470284238
2020-05-05,264,4,259,4,5,0,299,5,8243,305,8542,310,0,5,-1,32,5,227,0,32,5,"Knox County",470313,7.22922819484046,0.0185185185185185,65.9135511882512,0.850497434687113,6.8039794774969,1.85185185185185
2020-05-04,260,4,255,4,5,0,294,7,7938,259,8232,266,0,5,-3,33,7,222,0,32,5,"Knox County",470313,4.67773589077912,0.0157952069716776,56.558079406693,0.850497434687113,7.01660383616868,1.57952069716776
2020-05-03,256,7,251,5,5,2,287,6,7679,290,7966,296,0,5,6,36,1,215,2,32,5,"Knox County",470313,5.10298460812268,0.0157397691500525,62.9368101668463,1.48837051070245,7.65447691218401,1.57397691500525
2020-05-02,249,3,246,3,3,0,281,5,7389,308,7670,313,0,5,1,30,2,214,1,30,5,"Knox County",470313,5.31560896679445,0.0166398282340311,66.5514242642666,0.637873076015334,6.37873076015334,1.66398282340311
2020-05-01,246,9,243,8,3,1,276,7,7081,354,7357,361,0,5,4,29,5,212,0,29,5,"Knox County",470313,6.59135511882512,0.0173913043478261,76.7573934805119,1.913619228046,6.16610640148157,1.73913043478261
2020-04-30,237,4,235,4,2,0,269,3,6727,119,6996,122,0,5,-1,25,5,207,0,29,5,"Knox County",470313,6.8039794774969,0.0183387270765912,25.9401717579569,0.850497434687113,5.31560896679445,1.83387270765912
2020-04-29,233,8,231,8,2,0,266,10,6608,671,6874,681,0,5,5,26,3,202,0,29,5,"Knox County",470313,8.29234998819935,0.0183056619838229,144.797188255481,1.70099486937423,5.52823332546623,1.83056619838229
2020-04-28,225,8,223,8,2,0,256,10,5937,391,6193,401,1,5,4,21,3,199,0,29,5,"Knox County",470313,9.14284742288646,0.019672131147541,85.262367827383,1.70099486937423,4.46511153210734,1.9672131147541
2020-04-27,217,2,215,2,2,0,246,4,5546,161,5792,165,0,4,1,17,1,196,0,29,5,"Knox County",470313,8.7175987055429,0.0192389910218042,35.0830191808434,0.425248717343556,3.61461409742023,1.92389910218042
2020-04-26,215,1,213,1,2,0,242,1,5385,172,5627,173,0,4,-2,16,3,195,0,29,4,"Knox County",470313,7.44185255351224,0.0180505415162455,36.7840140502176,0.212624358671778,3.40198973874845,1.80505415162455
2020-04-25,214,0,212,0,2,0,241,0,5213,53,5454,53,0,4,-6,18,6,192,0,29,4,"Knox County",470313,6.8039794774969,0.0178936605316973,11.2690910096042,0,3.82723845609201,1.78936605316973
2020-04-24,214,8,212,8,2,0,241,10,5160,836,5401,846,0,4,5,24,3,186,1,29,4,"Knox County",470313,6.59135511882512,0.0155673904137649,179.880207436324,1.70099486937423,5.10298460812268,1.55673904137648
2020-04-23,206,1,204,1,2,0,231,2,4324,137,4555,139,0,4,0,19,1,183,0,28,4,"Knox County",470313,5.95348204280979,0.0150528885272579,29.5547858553772,0.212624358671778,4.03986281476378,1.50528885272579
2020-04-22,205,5,203,3,2,2,229,2,4187,189,4416,191,0,4,1,19,4,182,0,28,4,"Knox County",470313,5.31560896679445,0.0147357723577236,40.6112525063096,1.06312179335889,4.03986281476378,1.47357723577236
2020-04-21,200,4,200,4,0,0,227,5,3998,475,4225,480,0,4,-2,18,6,178,1,28,4,"Knox County",470313,4.46511153210734,0.0117244748412311,102.059692162454,0.850497434687113,3.82723845609201,1.17244748412311
2020-04-20,196,3,196,3,0,0,222,2,3523,175,3745,177,0,4,-1,20,4,172,1,27,4,"Knox County",470313,4.67773589077912,0.0106847984458475,37.6345114849047,0.637873076015334,4.25248717343556,1.06847984458475
2020-04-19,193,0,193,0,0,0,220,0,3348,72,3568,72,0,4,-4,21,4,168,0,26,4,"Knox County",470313,4.46511153210734,0.0107252298263534,15.308953824368,0,4.46511153210734,1.07252298263534
2020-04-18,193,0,193,0,0,0,220,1,3276,135,3496,136,0,4,-5,25,5,164,0,26,4,"Knox County",470313,4.46511153210734,0.0107790298873101,28.9169127793618,0,5.31560896679445,1.07790298873101
2020-04-17,193,2,193,2,0,0,219,3,3141,104,3360,107,0,4,-2,30,4,159,1,26,4,"Knox County",470313,3.18936538007667,0.0115207373271889,22.7508063778803,0.425248717343556,6.37873076015334,1.15207373271889
2020-04-16,191,7,191,7,0,0,216,9,3037,213,3253,222,0,4,2,32,5,155,2,25,4,"Knox County",470313,4.46511153210734,0.015884476534296,47.2026076251348,1.48837051070245,6.8039794774969,1.5884476534296
2020-04-15,184,9,184,9,0,0,207,10,2824,84,3031,94,0,4,3,30,6,150,1,23,4,"Knox County",470313,5.31560896679445,0.0232919254658385,19.9866897151471,1.913619228046,6.37873076015334,2.32919254658385
2020-04-14,175,4,175,4,0,0,197,4,2740,102,2937,106,0,4,1,27,3,144,1,22,4,"Knox County",470313,5.31560896679445,0.0317286652078775,22.5381820192085,0.850497434687113,5.74085768413801,3.17286652078775
2020-04-13,171,4,171,4,0,0,193,9,2638,242,2831,251,0,4,-2,26,6,141,1,21,4,"Knox County",470313,5.52823332546623,0.0364372469635627,53.3687140266163,0.850497434687113,5.52823332546623,3.64372469635628
2020-04-12,167,5,167,5,0,0,184,6,2396,166,2580,172,0,4,1,28,4,135,0,20,4,"Knox County",470313,6.59135511882512,0.0386029411764706,36.5713896915458,1.06312179335889,5.95348204280979,3.86029411764706
2020-04-11,162,5,162,5,0,0,178,8,2230,313,2408,321,1,4,-4,27,8,131,1,20,4,"Knox County",470313,7.65447691218401,0.0384917517674784,68.2524191336408,1.06312179335889,5.74085768413801,3.84917517674784
2020-04-10,157,4,157,4,0,0,170,5,1917,123,2087,128,0,3,0,31,4,123,0,19,4,"Knox County",470313,8.07972562952757,0.0394126738794436,27.2159179099876,0.850497434687113,6.59135511882512,3.94126738794436
2020-04-09,153,1,153,1,0,0,165,1,1794,81,1959,82,0,3,-2,31,3,119,0,19,4,"Knox County",470313,6.8039794774969,0.037261698440208,17.4351974110858,0.212624358671778,6.59135511882512,3.7261698440208
2020-04-08,152,8,152,8,0,0,164,12,1713,111,1877,123,0,3,-3,33,11,116,1,19,4,"Knox County",470313,6.59135511882512,0.0380388841927303,26.1527961166287,1.70099486937423,7.01660383616868,3.80388841927303
2020-04-07,144,20,144,20,0,0,152,25,1602,366,1754,391,0,3,11,36,9,105,2,18,3,"Knox County",470313,9.99334485757357,0.0449591280653951,83.1361242406653,4.25248717343556,7.65447691218401,4.49591280653951
2020-04-06,124,8,124,8,0,0,127,14,1236,54,1363,68,2,3,-2,25,8,96,1,16,3,"Knox County",470313,10.8438422922607,0.0552529182879377,14.4584563896809,1.70099486937423,5.31560896679445,5.52529182879377
2020-04-05,116,4,116,4,0,0,113,10,1182,75,1295,85,0,1,-2,27,6,88,0,15,3,"Knox County",470313,10.6312179335889,0.0626043405676127,18.0730704871011,0.850497434687113,5.74085768413801,6.26043405676127
2020-04-04,112,15,112,15,0,0,103,6,1107,127,1210,133,0,1,4,29,11,82,1,15,2,"Knox County",470313,12.7574615203067,0.0722772277227723,28.2790397033465,3.18936538007667,6.16610640148157,7.22772277227723
2020-04-03,97,4,97,4,0,0,97,3,980,51,1077,54,0,1,-8,25,12,71,1,14,1,"Knox County",470313,12.7574615203067,0.0758547008547008,11.481715368276,0.850497434687113,5.31560896679445,7.58547008547009
2020-04-02,93,7,93,7,0,0,94,7,929,106,1023,113,0,1,NA,33,8,59,0,13,1,"Knox County",470313,14.0332076723374,0.0796277145811789,24.0265525299109,1.48837051070245,7.01660383616868,7.96277145811789
2020-04-01,86,15,86,15,0,0,87,15,823,140,910,155,NA,NA,NA,NA,7,51,1,13,1,"Knox County",470313,15.5215781830398,0.0800800800800801,32.9567755941256,3.18936538007667,NA,8.00800800800801
2020-03-31,71,8,71,8,0,0,72,11,683,58,755,69,NA,NA,NA,NA,12,44,1,12,1,"Knox County",470313,12.9700858789785,0.0974889217134417,14.6710807483527,1.70099486937423,NA,9.74889217134417
2020-03-30,63,13,63,13,0,0,61,15,625,130,686,145,NA,NA,NA,NA,9,32,2,11,1,"Knox County",470313,14.0332076723374,0.0888594164456233,30.8305320074078,2.76411666273312,NA,8.88594164456233
2020-03-29,50,8,50,8,0,0,46,8,495,55,541,63,NA,NA,NA,NA,6,23,1,9,1,"Knox County",470313,14.8837051070245,0.0887978142076503,13.395334596322,1.70099486937423,NA,8.87978142076503
2020-03-28,42,7,42,7,0,0,38,6,440,62,478,68,NA,NA,NA,NA,1,17,1,8,0,"Knox County",470313,13.1827102376502,0.0974512743628186,14.4584563896809,1.48837051070245,NA,9.74512743628186
2020-03-27,35,2,35,2,0,0,32,2,378,54,410,56,NA,NA,NA,NA,5,16,1,7,0,"Knox County",470313,12.7574615203067,0.0956651718983558,11.9069640856196,0.425248717343556,NA,9.56651718983558
2020-03-26,33,7,33,7,0,0,30,7,324,82,354,89,NA,NA,NA,NA,3,11,2,6,0,"Knox County",470313,12.7574615203067,0.0992248062015504,18.9235679217883,1.48837051070245,NA,9.92248062015504
2020-03-25,26,6,26,6,0,0,23,7,242,68,265,75,NA,NA,NA,NA,3,8,1,4,0,"Knox County",470313,10.8438422922607,0.0991150442477876,15.9468269003834,1.27574615203067,NA,9.91150442477876
2020-03-24,20,7,20,7,0,0,16,7,174,43,190,50,NA,NA,NA,NA,2,5,0,3,0,"Knox County",470313,10.6312179335889,0.0952380952380952,10.6312179335889,1.48837051070245,NA,9.52380952380952
2020-03-23,13,4,13,4,0,0,9,4,131,22,140,26,NA,NA,NA,NA,3,3,2,3,0,"Knox County",470313,8.7175987055429,0.0960187353629977,5.52823332546623,0.850497434687113,NA,9.60187353629976
2020-03-22,9,2,9,2,0,0,5,0,109,9,114,9,NA,NA,NA,NA,0,0,1,1,0,"Knox County",470313,7.44185255351224,0.0884718498659517,1.913619228046,0.425248717343556,NA,8.84718498659517
2020-03-21,7,1,7,1,0,0,5,2,100,17,105,19,NA,NA,NA,NA,0,0,0,0,0,"Knox County",470313,6.16610640148157,0.0895061728395062,4.03986281476378,0.212624358671778,NA,8.95061728395062
2020-03-20,6,5,6,5,0,0,3,2,83,38,86,40,NA,NA,NA,NA,0,0,0,0,0,"Knox County",470313,6.8039794774969,0.0941558441558442,8.50497434687113,1.06312179335889,NA,9.41558441558442
2020-03-19,1,0,1,0,0,0,1,0,45,11,46,11,NA,NA,NA,NA,0,0,0,0,0,"Knox County",470313,5.31560896679445,0.0956521739130435,2.33886794538956,0,NA,9.56521739130435
2020-03-18,1,0,1,0,0,0,1,0,34,15,35,15,NA,NA,NA,NA,0,0,0,0,0,"Knox County",470313,4.03986281476378,0.0882352941176471,3.18936538007667,0,NA,8.82352941176471
2020-03-17,1,0,1,0,0,0,1,0,19,5,20,5,NA,NA,NA,NA,0,0,0,0,0,"Knox County",470313,2.55149230406134,0.064,1.06312179335889,0,NA,6.4
2020-03-16,1,1,1,1,0,0,1,1,14,3,15,4,NA,NA,NA,NA,0,0,0,0,0,"Knox County",470313,1.913619228046,0.0485436893203883,0.850497434687113,0.212624358671778,NA,4.85436893203883
2020-03-15,0,0,0,0,0,0,0,0,11,1,11,1,NA,NA,NA,NA,0,0,0,0,0,"Knox County",470313,1.48837051070245,0.0526315789473684,0.212624358671778,0,NA,5.26315789473684
2020-03-14,0,0,0,0,0,0,0,0,10,8,10,8,NA,NA,NA,NA,0,0,0,0,0,"Knox County",470313,1.27574615203067,0.0357142857142857,1.70099486937423,0,NA,3.57142857142857
2020-03-13,0,0,0,0,0,0,0,0,2,0,2,0,NA,NA,NA,NA,0,0,0,0,0,"Knox County",470313,0.212624358671778,0.0227272727272727,0,0,NA,2.27272727272727
2020-03-12,0,0,0,0,0,0,0,0,2,2,2,2,NA,NA,NA,NA,0,0,0,0,0,"Knox County",470313,0.212624358671778,0.0285714285714286,0.425248717343556,0,NA,2.85714285714286
2020-03-12,0,0,0,0,0,0,0,0,0,0,0,0,NA,NA,NA,NA,0,0,0,0,0,"Anderson",76978,NA,NA,0,0,NA,NA
2020-03-13,0,0,0,0,0,0,0,0,1,1,1,1,NA,NA,NA,NA,0,0,0,0,0,"Anderson",76978,NA,NA,1.29907246226194,0,NA,NA
2020-03-14,0,0,0,0,0,0,0,0,1,0,1,0,NA,NA,NA,NA,0,0,0,0,0,"Anderson",76978,NA,NA,0,0,NA,NA
2020-03-15,0,0,0,0,0,0,0,0,1,0,1,0,NA,NA,NA,NA,0,0,0,0,0,"Anderson",76978,NA,NA,0,0,NA,NA
2020-03-16,0,0,0,0,0,0,0,0,2,1,2,1,NA,NA,NA,NA,0,0,0,0,0,"Anderson",76978,NA,NA,1.29907246226194,0,NA,NA
2020-03-17,0,0,0,0,0,0,0,0,4,2,4,2,NA,NA,NA,NA,0,0,0,0,0,"Anderson",76978,NA,NA,2.59814492452389,0,NA,NA
2020-03-18,0,0,0,0,0,0,0,0,4,0,4,0,NA,NA,NA,NA,0,0,0,0,0,"Anderson",76978,0,0,0,0,NA,0
2020-03-19,1,1,1,1,0,0,2,2,5,1,7,3,NA,NA,NA,NA,0,0,0,0,0,"Anderson",76978,1.29907246226194,0.285714285714286,3.89721738678583,1.29907246226194,NA,28.5714285714286
2020-03-20,1,0,1,0,0,0,2,0,7,2,9,2,NA,NA,NA,NA,0,0,0,0,0,"Anderson",76978,1.29907246226194,0.25,2.59814492452389,0,NA,25
2020-03-21,1,0,1,0,0,0,2,0,7,0,9,0,NA,NA,NA,NA,0,0,0,0,0,"Anderson",76978,1.29907246226194,0.25,0,0,NA,25
2020-03-22,1,0,1,0,0,0,2,0,10,3,12,3,NA,NA,NA,NA,0,0,0,0,0,"Anderson",76978,1.29907246226194,0.181818181818182,3.89721738678583,0,NA,18.1818181818182
2020-03-23,1,0,1,0,0,0,2,0,15,5,17,5,NA,NA,NA,NA,0,0,0,0,0,"Anderson",76978,1.29907246226194,0.133333333333333,6.49536231130973,0,NA,13.3333333333333
2020-03-24,1,0,1,0,0,0,2,0,20,5,22,5,NA,NA,NA,NA,0,0,0,0,0,"Anderson",76978,1.29907246226194,0.111111111111111,6.49536231130973,0,NA,11.1111111111111
2020-03-25,2,1,2,1,0,0,4,2,29,9,33,11,NA,NA,NA,NA,1,1,0,0,0,"Anderson",76978,2.59814492452389,0.137931034482759,14.2897970848814,1.29907246226194,NA,13.7931034482759
2020-03-26,3,1,3,1,0,0,5,1,44,15,49,16,NA,NA,NA,NA,0,1,1,1,0,"Anderson",76978,2.59814492452389,0.0714285714285714,20.7851593961911,1.29907246226194,NA,7.14285714285714
2020-03-27,4,1,4,1,0,0,6,1,53,9,59,10,NA,NA,NA,NA,3,4,0,1,0,"Anderson",76978,3.89721738678583,0.08,12.9907246226195,1.29907246226194,NA,8
2020-03-28,7,3,7,3,0,0,9,3,72,19,81,22,NA,NA,NA,NA,0,4,1,2,0,"Anderson",76978,7.79443477357167,0.0972222222222222,28.5795941697628,3.89721738678583,NA,9.72222222222222
2020-03-29,7,0,7,0,0,0,9,0,83,11,92,11,NA,NA,NA,NA,0,4,0,2,0,"Anderson",76978,7.79443477357167,0.0875,14.2897970848814,0,NA,8.75
2020-03-30,8,1,8,1,0,0,10,1,127,44,137,45,NA,NA,NA,NA,1,5,0,2,0,"Anderson",76978,9.09350723583361,0.0666666666666667,58.4582608017875,1.29907246226194,NA,6.66666666666667
2020-03-31,9,1,9,1,0,0,11,1,142,15,153,16,NA,NA,NA,NA,1,6,0,2,0,"Anderson",76978,10.3925796980956,0.0687022900763359,20.7851593961911,1.29907246226194,NA,6.87022900763359
2020-04-01,9,0,9,0,0,0,11,0,163,21,174,21,NA,NA,NA,NA,0,6,0,2,0,"Anderson",76978,9.09350723583361,0.049645390070922,27.2805217075008,0,NA,4.9645390070922
2020-04-02,9,0,9,0,0,0,11,0,179,16,190,16,0,0,NA,3,0,6,0,2,0,"Anderson",76978,7.79443477357167,0.0425531914893617,20.7851593961911,0,3.89721738678583,4.25531914893617
2020-04-03,9,0,9,0,0,0,11,0,192,13,203,13,0,0,-2,1,2,8,0,2,0,"Anderson",76978,6.49536231130972,0.0347222222222222,16.8879420094053,0,1.29907246226194,3.47222222222222
2020-04-04,9,0,9,0,0,0,11,0,219,27,230,27,0,0,0,1,0,8,0,2,0,"Anderson",76978,2.59814492452389,0.0134228187919463,35.0749564810725,0,1.29907246226194,1.34228187919463
2020-04-05,9,0,9,0,0,0,11,0,248,29,259,29,0,0,0,1,0,8,0,2,0,"Anderson",76978,2.59814492452389,0.0119760479041916,37.6731014055964,0,1.29907246226194,1.19760479041916
2020-04-06,9,0,9,0,0,0,11,0,262,14,273,14,0,0,-1,0,1,9,0,2,0,"Anderson",76978,1.29907246226194,0.00735294117647059,18.1870144716672,0,0,0.735294117647059
2020-04-07,10,1,10,1,0,0,12,1,304,42,316,43,0,0,1,1,0,9,0,2,0,"Anderson",76978,1.29907246226194,0.00613496932515337,55.8601158772636,1.29907246226194,1.29907246226194,0.613496932515337
2020-04-08,10,0,10,0,0,0,12,0,322,18,334,18,1,1,-1,0,0,9,0,2,1,"Anderson",76978,1.29907246226194,0.00625,23.383304320715,0,0,0.625
2020-04-09,10,0,10,0,0,0,12,0,350,28,362,28,0,1,0,0,0,9,0,2,1,"Anderson",76978,1.29907246226194,0.00581395348837209,36.3740289433345,0,0,0.581395348837209
2020-04-10,10,0,10,0,0,0,12,0,366,16,378,16,0,1,0,0,0,9,0,2,1,"Anderson",76978,1.29907246226194,0.00571428571428571,20.7851593961911,0,0,0.571428571428571
2020-04-11,10,0,10,0,0,0,12,0,439,73,451,73,0,1,0,0,0,9,0,2,1,"Anderson",76978,1.29907246226194,0.00452488687782805,94.832289745122,0,0,0.452488687782805
2020-04-12,12,2,12,2,0,0,14,2,477,38,491,40,0,1,2,2,0,9,0,2,1,"Anderson",76978,3.89721738678583,0.0129310344827586,51.9628984904778,2.59814492452389,2.59814492452389,1.29310344827586
2020-04-13,13,1,13,1,0,0,15,1,514,37,529,38,0,1,0,2,1,10,0,2,1,"Anderson",76978,5.19628984904778,0.015625,49.3647535659539,1.29907246226194,2.59814492452389,1.5625
2020-04-14,13,0,13,0,0,0,15,0,526,12,541,12,0,1,0,2,0,10,0,2,1,"Anderson",76978,3.89721738678583,0.0133333333333333,15.5888695471433,0,2.59814492452389,1.33333333333333
2020-04-15,13,0,13,0,0,0,15,0,544,18,559,18,0,1,-2,0,2,12,0,2,1,"Anderson",76978,3.89721738678583,0.0133333333333333,23.383304320715,0,0,1.33333333333333
2020-04-16,13,0,13,0,0,0,15,0,566,22,581,22,0,1,0,0,0,12,0,2,1,"Anderson",76978,3.89721738678583,0.0136986301369863,28.5795941697628,0,0,1.36986301369863
2020-04-17,13,0,13,0,0,0,15,0,586,20,601,20,0,1,0,0,0,12,0,2,1,"Anderson",76978,3.89721738678583,0.0134529147982063,25.9814492452389,0,0,1.34529147982063
2020-04-18,13,0,13,0,0,0,15,0,616,30,631,30,0,1,0,0,0,12,0,2,1,"Anderson",76978,3.89721738678583,0.0166666666666667,38.9721738678584,0,0,1.66666666666667
2020-04-19,14,1,14,1,0,0,16,1,628,12,644,13,0,1,0,0,1,13,0,2,1,"Anderson",76978,2.59814492452389,0.0130718954248366,16.8879420094053,1.29907246226194,0,1.30718954248366
2020-04-20,19,5,18,4,1,1,19,3,648,20,667,23,0,1,5,5,0,13,0,2,1,"Anderson",76978,7.79443477357167,0.0289855072463768,29.8786666320247,6.49536231130973,6.49536231130973,2.89855072463768
2020-04-21,20,1,19,1,1,0,22,3,1071,423,1093,426,0,1,1,6,0,13,0,2,1,"Anderson",76978,9.09350723583361,0.0126811594202899,553.404868923589,1.29907246226194,7.79443477357167,1.26811594202899
2020-04-22,21,1,20,1,1,0,24,2,1141,70,1165,72,0,1,0,6,1,14,0,2,1,"Anderson",76978,10.3925796980956,0.0148514851485149,93.53321728286,1.29907246226194,7.79443477357167,1.48514851485149
2020-04-23,21,0,20,0,1,0,24,0,1191,50,1215,50,0,1,-1,5,1,15,0,2,1,"Anderson",76978,10.3925796980956,0.0141955835962145,64.9536231130973,0,6.49536231130973,1.41955835962145
2020-04-24,22,1,21,1,1,0,25,1,1299,108,1324,109,0,1,1,6,0,15,0,2,1,"Anderson",76978,11.6916521603575,0.0138312586445367,141.598898386552,1.29907246226194,7.79443477357167,1.38312586445367
2020-04-25,22,0,21,0,1,0,25,0,1336,37,1361,37,0,1,0,6,0,15,0,2,1,"Anderson",76978,11.6916521603575,0.0136986301369863,48.065681103692,0,7.79443477357167,1.36986301369863
2020-04-26,22,0,21,0,1,0,25,0,1372,36,1397,36,0,1,0,6,0,15,0,2,1,"Anderson",76978,10.3925796980956,0.0119521912350598,46.76660864143,0,7.79443477357167,1.19521912350598
2020-04-27,22,0,21,0,1,0,25,0,1411,39,1436,39,0,1,-1,5,1,16,0,2,1,"Anderson",76978,3.89721738678583,0.00780234070221066,50.6638260282159,0,6.49536231130973,0.780234070221066
2020-04-28,22,0,21,0,1,0,25,0,1690,279,1715,279,0,1,0,5,0,16,0,2,1,"Anderson",76978,2.59814492452389,0.00482315112540193,362.441216971083,0,6.49536231130973,0.482315112540193
2020-04-29,26,4,25,4,1,0,28,3,2070,380,2098,383,0,1,4,9,0,16,0,2,1,"Anderson",76978,6.49536231130972,0.00428724544480171,497.544753046325,5.19628984904778,11.6916521603575,0.428724544480171
2020-04-30,26,0,25,0,1,0,29,1,2102,32,2131,33,0,1,-1,8,1,17,0,2,1,"Anderson",76978,6.49536231130972,0.00545851528384279,42.8693912546442,0,10.3925796980956,0.545851528384279
2020-05-01,26,0,25,0,1,0,29,0,2154,52,2183,52,0,1,-2,6,2,19,0,2,1,"Anderson",76978,5.19628984904778,0.00465657741559953,67.5517680376211,0,7.79443477357167,0.465657741559953
2020-05-02,26,0,25,0,1,0,29,0,2221,67,2250,67,0,1,0,6,0,19,0,2,1,"Anderson",76978,5.19628984904778,0.00449943757030371,87.0378549715503,0,7.79443477357167,0.449943757030371
2020-05-03,27,1,26,1,1,0,30,1,2314,93,2344,94,0,1,1,7,0,19,0,2,1,"Anderson",76978,6.49536231130972,0.00527983104540655,122.112811452623,1.29907246226194,9.09350723583361,0.527983104540655
2020-05-04,27,0,26,0,1,0,30,0,2406,92,2436,92,0,1,-1,6,1,20,0,2,1,"Anderson",76978,6.49536231130972,0.005,119.514666528099,0,7.79443477357167,0.5
2020-05-05,28,1,27,1,1,0,30,0,2475,69,2505,69,0,1,-1,5,2,22,0,2,1,"Anderson",76978,7.79443477357167,0.00632911392405063,89.6359998960742,1.29907246226194,6.49536231130973,0.632911392405063
2020-05-06,30,2,29,2,1,0,31,1,2525,50,2556,51,0,1,2,7,0,22,0,2,1,"Anderson",76978,5.19628984904778,0.00655021834061135,66.2526955753592,2.59814492452389,9.09350723583361,0.655021834061135
2020-05-07,30,0,29,0,1,0,33,2,2597,72,2630,74,0,1,-1,6,1,23,0,2,1,"Anderson",76978,5.19628984904778,0.00801603206412826,96.1313622073839,0,7.79443477357167,0.801603206412826
2020-05-08,30,0,29,0,1,0,33,0,2652,55,2685,55,0,1,0,6,0,23,0,2,1,"Anderson",76978,5.19628984904778,0.00796812749003984,71.448985424407,0,7.79443477357167,0.796812749003984
2020-05-09,30,0,29,0,1,0,33,0,2734,82,2767,82,0,1,0,6,0,23,0,2,1,"Anderson",76978,5.19628984904778,0.00773694390715667,106.523941905479,0,7.79443477357167,0.773694390715667
2020-05-10,30,0,29,0,1,0,33,0,2827,93,2860,93,0,1,-3,3,3,26,0,2,1,"Anderson",76978,3.89721738678583,0.00581395348837209,120.813738990361,0,3.89721738678583,0.581395348837209
2020-05-11,32,2,31,2,1,0,33,0,2909,82,2942,82,0,1,2,5,0,26,0,2,1,"Anderson",76978,6.49536231130972,0.00592885375494071,106.523941905479,2.59814492452389,6.49536231130973,0.592885375494071
2020-05-12,33,1,32,1,1,0,35,2,3042,133,3077,135,0,1,1,6,0,26,0,2,1,"Anderson",76978,6.49536231130972,0.00874125874125874,175.374782405363,1.29907246226194,7.79443477357167,0.874125874125874
2020-05-13,35,2,34,2,1,0,38,3,3220,178,3258,181,0,1,1,7,1,27,1,3,1,"Anderson",76978,6.49536231130972,0.00997150997150997,235.132115669412,2.59814492452389,9.09350723583361,0.997150997150997
2020-05-14,35,0,34,0,1,0,39,1,3346,126,3385,127,0,1,-1,6,1,28,0,3,1,"Anderson",76978,6.49536231130972,0.00794701986754967,164.982202707267,0,7.79443477357167,0.794701986754967
2020-05-15,36,1,35,1,1,0,39,0,3417,71,3456,71,0,1,1,7,0,28,0,3,1,"Anderson",76978,7.79443477357167,0.00778210116731518,92.2341448205981,1.29907246226194,9.09350723583361,0.778210116731518
2020-05-16,36,0,35,0,1,0,41,2,3657,240,3698,242,0,1,-1,6,1,29,0,3,1,"Anderson",76978,7.79443477357167,0.00859291084854995,314.375535867391,0,7.79443477357167,0.859291084854995
2020-05-17,36,0,35,0,1,0,41,0,3727,70,3768,70,0,1,0,6,0,29,0,3,1,"Anderson",76978,7.79443477357167,0.00881057268722467,90.9350723583361,0,7.79443477357167,0.881057268722467
2020-05-18,37,1,36,1,1,0,42,1,3804,77,3846,78,0,1,-2,4,3,32,0,3,1,"Anderson",76978,6.49536231130972,0.00995575221238938,101.327652056432,1.29907246226194,5.19628984904778,0.995575221238938
2020-05-19,37,0,36,0,1,0,42,0,3856,52,3898,52,0,1,0,4,0,32,0,3,1,"Anderson",76978,5.19628984904778,0.00852618757612668,67.5517680376211,0,5.19628984904778,0.852618757612667
2020-05-20,37,0,36,0,1,0,43,1,3921,65,3964,66,0,1,0,4,0,32,0,3,1,"Anderson",76978,2.59814492452389,0.00708215297450425,85.7387825092884,0,5.19628984904778,0.708215297450425
2020-05-21,37,0,36,0,1,0,44,1,4001,80,4045,81,0,1,-1,3,1,33,0,3,1,"Anderson",76978,2.59814492452389,0.00757575757575758,105.224869443218,0,3.89721738678583,0.757575757575758
2020-05-22,38,1,37,1,1,0,45,1,4029,28,4074,29,0,1,-1,2,2,35,1,4,1,"Anderson",76978,2.59814492452389,0.00970873786407767,37.6731014055964,1.29907246226194,2.59814492452389,0.970873786407767
2020-05-23,38,0,37,0,1,0,46,1,4192,163,4238,164,0,1,0,2,0,35,0,4,1,"Anderson",76978,2.59814492452389,0.00925925925925926,213.047883810959,0,2.59814492452389,0.925925925925926
2020-05-24,38,0,37,0,1,0,46,0,4247,55,4293,55,0,1,0,2,0,35,0,4,1,"Anderson",76978,2.59814492452389,0.00952380952380952,71.448985424407,0,2.59814492452389,0.952380952380952
2020-05-25,38,0,37,0,1,0,47,1,4281,34,4328,35,0,1,0,2,0,35,0,4,1,"Anderson",76978,1.29907246226194,0.0103734439834025,45.4675361791681,0,2.59814492452389,1.03734439834025
2020-05-26,38,0,37,0,1,0,47,0,4412,131,4459,131,0,1,-1,1,1,36,0,4,1,"Anderson",76978,1.29907246226194,0.0089126559714795,170.178492556315,0,1.29907246226194,0.89126559714795
2020-05-27,38,0,37,0,1,0,47,0,4515,103,4562,103,0,1,0,1,0,36,0,4,1,"Anderson",76978,1.29907246226194,0.00668896321070234,133.80446361298,0,1.29907246226194,0.668896321070234
2020-05-28,38,0,37,0,1,0,47,0,4563,48,4610,48,0,1,0,1,0,36,0,4,1,"Anderson",76978,1.29907246226194,0.00530973451327434,62.3554781885734,0,1.29907246226194,0.530973451327434
2020-05-29,39,1,38,1,1,0,47,0,4613,50,4660,50,0,1,0,1,1,37,0,4,1,"Anderson",76978,1.29907246226194,0.00341296928327645,64.9536231130973,1.29907246226194,1.29907246226194,0.341296928327645
2020-05-30,39,0,38,0,1,0,48,1,4665,52,4713,53,0,1,0,1,0,37,0,4,1,"Anderson",76978,1.29907246226194,0.00421052631578947,68.8508404998831,0,1.29907246226194,0.421052631578947
2020-05-31,40,1,39,1,1,0,49,1,4731,66,4780,67,0,1,1,2,0,37,0,4,1,"Anderson",76978,2.59814492452389,0.00616016427104723,87.0378549715503,1.29907246226194,2.59814492452389,0.616016427104723
2020-06-01,40,0,39,0,1,0,49,0,4855,124,4904,124,0,1,0,2,0,37,0,4,1,"Anderson",76978,2.59814492452389,0.00347222222222222,161.084985320481,0,2.59814492452389,0.347222222222222
2020-06-02,40,0,39,0,1,0,49,0,4982,127,5031,127,0,1,0,2,0,37,0,4,1,"Anderson",76978,2.59814492452389,0.0034965034965035,164.982202707267,0,2.59814492452389,0.34965034965035
2020-06-03,41,1,40,1,1,0,50,1,5042,60,5092,61,0,1,1,3,0,37,0,4,2,"Anderson",76978,3.89721738678583,0.00566037735849057,79.2434201979787,1.29907246226194,3.89721738678583,0.566037735849057
2020-06-04,41,0,40,0,1,0,50,0,5090,48,5140,48,1,2,-2,1,1,38,0,4,2,"Anderson",76978,3.89721738678583,0.00566037735849057,62.3554781885734,0,1.29907246226194,0.566037735849057
2020-06-05,42,1,41,1,1,0,53,3,5147,57,5200,60,0,2,1,2,0,38,0,4,2,"Anderson",76978,3.89721738678583,0.0111111111111111,77.9443477357167,1.29907246226194,2.59814492452389,1.11111111111111
2020-06-06,43,1,42,1,1,0,54,1,5200,53,5254,54,0,2,1,3,0,38,0,4,2,"Anderson",76978,5.19628984904778,0.011090573012939,70.149912962145,1.29907246226194,3.89721738678583,1.1090573012939
2020-06-07,45,2,43,1,2,1,57,3,5295,95,5352,98,0,2,2,5,0,38,0,4,2,"Anderson",76978,6.49536231130972,0.013986013986014,127.309101301671,2.59814492452389,6.49536231130973,1.3986013986014
2020-06-08,46,1,44,1,2,0,57,0,5336,41,5393,41,0,2,1,6,0,38,0,4,2,"Anderson",76978,7.79443477357167,0.016359918200409,53.2619709527397,1.29907246226194,7.79443477357167,1.6359918200409
2020-06-09,47,1,45,1,2,0,60,3,5517,181,5577,184,0,2,1,7,0,38,0,4,2,"Anderson",76978,9.09350723583361,0.0201465201465201,239.029333056198,1.29907246226194,9.09350723583361,2.01465201465201
2020-06-10,52,5,50,5,2,0,63,3,5725,208,5788,211,0,2,2,9,3,41,0,4,2,"Anderson",76978,14.2897970848814,0.0186781609195402,274.10428953727,6.49536231130973,11.6916521603575,1.86781609195402
2020-06-11,55,3,53,3,2,0,66,3,5870,145,5936,148,0,2,2,11,1,42,1,5,2,"Anderson",76978,18.1870144716672,0.0201005025125628,192.262724414768,3.89721738678583,14.2897970848814,2.01005025125628
2020-06-12,57,2,55,2,2,0,70,4,5952,82,6022,86,0,2,2,13,0,42,0,5,2,"Anderson",76978,19.4860869339292,0.0206812652068127,111.720231754527,2.59814492452389,16.8879420094053,2.06812652068127
2020-06-13,58,1,55,0,3,1,70,0,5995,43,6065,43,0,2,0,13,1,43,0,5,2,"Anderson",76978,19.4860869339292,0.0197287299630086,55.8601158772636,1.29907246226194,16.8879420094053,1.97287299630086
2020-06-14,60,2,57,2,3,0,70,0,6170,175,6240,175,0,2,1,14,1,44,1,6,2,"Anderson",76978,19.4860869339292,0.0146396396396396,227.33768089584,2.59814492452389,18.1870144716672,1.46396396396396
2020-06-15,60,0,57,0,3,0,71,1,6228,58,6299,59,0,2,0,14,0,44,0,6,2,"Anderson",76978,18.1870144716672,0.0154525386313466,76.6452752734548,0,18.1870144716672,1.54525386313466
2020-06-16,64,4,61,4,3,0,75,4,6289,61,6364,65,0,2,3,17,1,45,0,6,2,"Anderson",76978,22.0842318584531,0.0190597204574333,84.4397100470264,5.19628984904778,22.0842318584531,1.90597204574333
2020-06-17,66,2,63,2,3,0,79,4,6326,37,6405,41,0,2,0,17,2,47,0,6,2,"Anderson",76978,18.1870144716672,0.0259319286871961,53.2619709527397,2.59814492452389,22.0842318584531,2.59319286871961
2020-06-18,70,4,67,4,3,0,84,5,6456,130,6540,135,0,2,2,19,2,49,0,6,2,"Anderson",76978,19.4860869339292,0.0298013245033113,175.374782405363,5.19628984904778,24.682376782977,2.98013245033113
2020-06-19,72,2,69,2,3,0,86,2,6521,65,6607,67,0,2,0,19,2,51,0,6,2,"Anderson",76978,19.4860869339292,0.0273504273504274,87.0378549715503,2.59814492452389,24.682376782977,2.73504273504274
2020-06-20,73,1,70,1,3,0,87,1,6559,38,6646,39,0,2,-1,18,2,53,0,6,2,"Anderson",76978,19.4860869339292,0.0292598967297762,50.6638260282159,1.29907246226194,23.383304320715,2.92598967297762
2020-06-21,74,1,71,1,3,0,88,1,6619,60,6707,61,0,2,-1,17,2,55,0,6,2,"Anderson",76978,18.1870144716672,0.0385438972162741,79.2434201979787,1.29907246226194,22.0842318584531,3.85438972162741
2020-06-22,76,2,73,2,3,0,90,2,6711,92,6801,94,0,2,0,17,2,57,1,7,2,"Anderson",76978,20.7851593961911,0.0378486055776892,122.112811452623,2.59814492452389,22.0842318584531,3.78486055776892
2020-06-23,76,0,73,0,3,0,90,0,6800,89,6890,89,0,2,-1,16,1,58,0,7,2,"Anderson",76978,15.5888695471433,0.0285171102661597,115.617449141313,0,20.7851593961911,2.85171102661597
2020-06-24,77,1,74,1,3,0,91,1,6831,31,6922,32,0,2,-2,14,3,61,0,7,2,"Anderson",76978,14.2897970848814,0.02321083172147,41.5703187923822,1.29907246226194,18.1870144716672,2.321083172147
2020-06-25,81,4,78,4,3,0,92,1,6944,113,7036,114,0,2,0,14,4,65,0,7,2,"Anderson",76978,14.2897970848814,0.0161290322580645,148.094260697862,5.19628984904778,18.1870144716672,1.61290322580645
2020-06-26,86,5,83,5,3,0,98,6,6972,28,7070,34,0,2,3,17,2,67,0,7,2,"Anderson",76978,18.1870144716672,0.0259179265658747,44.1684637169061,6.49536231130973,22.0842318584531,2.59179265658747
2020-06-27,87,1,83,0,4,1,98,0,6984,12,7082,12,0,2,-4,13,5,72,0,7,2,"Anderson",76978,18.1870144716672,0.0252293577981651,15.5888695471433,1.29907246226194,16.8879420094053,2.52293577981651
2020-06-28,91,4,87,4,4,0,106,8,7093,109,7199,117,0,2,3,16,1,73,0,7,2,"Anderson",76978,22.0842318584531,0.0365853658536585,151.991478084648,5.19628984904778,20.7851593961911,3.65853658536585
2020-06-29,97,6,92,5,5,1,114,8,7315,222,7429,230,0,2,3,19,3,76,1,8,2,"Anderson",76978,27.2805217075008,0.0382165605095541,298.786666320247,7.79443477357167,24.682376782977,3.82165605095541
2020-06-30,102,5,96,4,6,1,120,6,7479,164,7599,170,0,2,2,21,3,79,0,8,2,"Anderson",76978,33.7758840188106,0.0423131170662905,220.842318584531,6.49536231130973,27.2805217075008,4.23131170662905
2020-07-01,104,2,98,2,6,0,124,4,7600,121,7724,125,0,2,-2,19,4,83,0,8,2,"Anderson",76978,35.0749564810725,0.0411471321695761,162.384057782743,2.59814492452389,24.682376782977,4.11471321695761
2020-07-02,110,6,104,6,6,0,130,6,7839,239,7969,245,0,2,4,23,2,85,0,8,2,"Anderson",76978,37.6731014055964,0.0407288317256163,318.272753254177,7.79443477357167,29.8786666320247,4.07288317256163
2020-07-03,120,10,113,9,7,1,142,12,7963,124,8105,136,0,2,7,30,3,88,0,8,2,"Anderson",76978,44.1684637169061,0.042512077294686,176.673854867625,12.9907246226195,38.9721738678584,4.2512077294686
2020-07-04,131,11,124,11,7,0,156,14,8147,184,8303,198,0,2,8,38,3,91,2,10,2,"Anderson",76978,57.1591883395256,0.0475020475020475,257.216347527865,14.2897970848814,49.3647535659539,4.75020475020475
2020-07-05,140,9,133,9,7,0,169,13,8303,156,8472,169,0,2,8,46,1,92,1,11,2,"Anderson",76978,63.6545506508353,0.0494893951296151,219.543246122269,11.6916521603575,59.7573332640495,4.94893951296151
2020-07-06,141,1,134,1,7,0,170,1,8330,27,8500,28,0,2,-4,42,5,97,0,11,2,"Anderson",76978,57.1591883395256,0.0522875816993464,36.3740289433345,1.29907246226194,54.5610434150017,5.22875816993464
2020-07-07,157,16,150,16,7,0,190,20,8563,233,8753,253,0,2,12,54,4,101,0,11,2,"Anderson",76978,71.448985424407,0.0606585788561525,328.665332952272,20.7851593961911,70.149912962145,6.06585788561525
2020-07-08,173,16,165,15,8,1,206,16,8703,140,8909,156,0,2,10,64,6,107,0,11,2,"Anderson",76978,89.6359998960742,0.0691983122362869,202.655304112863,20.7851593961911,83.1406375847645,6.91983122362869
2020-07-09,187,14,179,14,8,0,220,14,8971,268,9191,282,0,2,11,75,3,110,0,11,2,"Anderson",76978,100.02857959417,0.0736497545008183,366.338434357868,18.1870144716672,97.4304346696459,7.36497545008183
2020-07-10,193,6,185,6,8,0,227,7,9001,30,9228,37,0,2,1,76,5,115,1,12,2,"Anderson",76978,94.832289745122,0.0756901157613535,48.065681103692,7.79443477357167,98.7295071319078,7.56901157613535
2020-07-11,201,8,193,8,8,0,235,8,9170,169,9405,177,0,2,1,77,7,122,1,13,2,"Anderson",76978,90.9350723583361,0.0716878402903811,229.935825820364,10.3925796980956,100.02857959417,7.16878402903811
2020-07-12,212,11,204,11,8,0,248,13,9353,183,9601,196,0,2,6,83,5,127,0,13,2,"Anderson",76978,93.53321728286,0.0699734278122232,254.618202603341,14.2897970848814,107.823014367741,6.99734278122232
2020-07-13,218,6,209,5,9,1,255,7,9392,39,9647,46,0,2,-6,77,12,139,2,15,2,"Anderson",76978,100.02857959417,0.0741063644289451,59.7573332640495,7.79443477357167,100.02857959417,7.41063644289451
2020-07-14,229,11,219,10,10,1,266,11,9532,140,9798,151,0,2,0,77,11,150,0,15,2,"Anderson",76978,93.53321728286,0.0727272727272727,196.159941801554,14.2897970848814,100.02857959417,7.27272727272727
2020-07-15,245,16,234,15,11,1,285,19,9634,102,9919,121,0,2,0,77,16,166,0,15,2,"Anderson",76978,93.53321728286,0.0782178217821782,157.187767933695,20.7851593961911,100.02857959417,7.82178217821782
2020-07-16,263,18,252,18,11,0,308,23,9923,289,10231,312,0,2,4,81,14,180,1,16,2,"Anderson",76978,98.7295071319078,0.0846153846153846,405.310608225727,23.383304320715,105.224869443218,8.46153846153846
2020-07-17,270,7,259,7,11,0,317,9,9994,71,10311,80,0,2,-8,73,15,195,1,17,3,"Anderson",76978,100.02857959417,0.0831024930747922,103.925796980956,9.09350723583361,94.832289745122,8.31024930747922
2020-07-18,277,7,266,7,11,0,328,11,10208,214,10536,225,0,2,-4,69,11,206,0,17,3,"Anderson",76978,98.7295071319078,0.0822281167108753,292.291304008938,9.09350723583361,89.6359998960742,8.22281167108753
2020-07-19,285,8,274,8,11,0,337,9,10289,81,10626,90,0,2,-5,64,13,219,2,19,3,"Anderson",76978,94.832289745122,0.0868292682926829,116.916521603575,10.3925796980956,83.1406375847645,8.68292682926829
2020-07-20,313,28,302,28,11,0,367,30,10458,169,10825,199,1,3,9,73,18,237,0,19,3,"Anderson",76978,123.411883914885,0.0950764006791171,258.515419990127,36.3740289433345,94.832289745122,9.50764006791171
2020-07-21,336,23,324,22,12,1,391,24,10750,292,11141,316,0,3,12,85,11,248,1,20,3,"Anderson",76978,139.000753462028,0.0930752047654505,410.506898074775,29.8786666320247,110.421159292265,9.30752047654505
2020-07-22,365,29,353,29,12,0,424,33,10885,135,11309,168,0,3,13,98,16,264,0,20,3,"Anderson",76978,155.888695471433,0.1,218.244173660007,37.6731014055964,127.309101301671,10
2020-07-23,388,23,376,23,12,0,455,31,11312,427,11767,458,0,3,9,107,14,278,2,22,3,"Anderson",76978,162.384057782743,0.095703125,594.975187715971,29.8786666320247,139.000753462028,9.5703125
2020-07-24,394,6,382,6,12,0,463,8,11424,112,11887,120,0,3,-16,91,22,300,0,22,4,"Anderson",76978,161.084985320481,0.0926395939086294,155.888695471433,7.79443477357167,118.215594065837,9.26395939086294
2020-07-25,426,32,413,31,13,1,499,36,11681,257,12180,293,1,4,26,117,5,305,1,23,4,"Anderson",76978,193.56179687703,0.104014598540146,380.62823144275,41.5703187923822,151.991478084648,10.4014598540146
2020-07-26,465,39,451,38,14,1,541,42,12084,403,12625,445,0,4,31,148,8,313,2,25,4,"Anderson",76978,233.83304320715,0.102051025512756,578.087245706565,50.6638260282159,192.262724414768,10.2051025512756
2020-07-27,483,18,468,17,15,1,562,21,12264,180,12826,201,0,4,-19,129,37,350,1,26,4,"Anderson",76978,220.842318584531,0.0974512743628186,261.113564914651,23.383304320715,167.580347631791,9.74512743628186
2020-07-28,523,40,508,40,15,0,608,46,12644,380,13252,426,0,4,24,153,16,366,1,27,5,"Anderson",76978,242.926550442984,0.10279488394126,553.404868923589,51.9628984904778,198.758086726078,10.279488394126
2020-07-29,527,4,512,4,15,0,612,4,12680,36,13292,40,1,5,-15,138,18,384,0,27,5,"Anderson",76978,210.449738886435,0.0948058497226425,51.9628984904778,5.19628984904778,179.271999792148,9.48058497226425
2020-07-30,564,37,549,37,15,0,665,53,13165,485,13830,538,0,5,20,158,17,401,0,27,5,"Anderson",76978,228.636753358102,0.101793504604944,698.900984696926,48.065681103692,205.253449037387,10.1793504604944
2020-07-31,576,12,561,12,15,0,679,14,13347,182,14026,196,0,5,-8,150,20,421,0,27,5,"Anderson",76978,236.431188131674,0.100981767180926,254.618202603341,15.5888695471433,194.860869339292,10.0981767180926
2020-08-01,599,23,584,23,15,0,704,25,13756,409,14460,434,0,5,17,167,6,427,1,28,5,"Anderson",76978,224.739535971316,0.0899122807017544,563.797448621684,29.8786666320247,216.945101197745,8.99122807017544
2020-08-02,606,7,591,7,15,0,711,7,13884,128,14595,135,0,5,2,169,5,432,1,29,6,"Anderson",76978,183.169217178934,0.0862944162436548,175.374782405363,9.09350723583361,219.543246122269,8.62944162436548
2020-08-03,631,25,615,24,16,1,742,31,14111,227,14853,258,0,5,14,183,11,443,0,29,6,"Anderson",76978,192.262724414768,0.0888011840157869,335.160695263582,32.4768115565486,237.730260593936,8.88011840157869
2020-08-04,638,7,622,7,16,0,750,8,14354,243,15104,251,2,7,-19,164,24,467,0,29,6,"Anderson",76978,149.393333160124,0.0766738660907127,326.067188027748,9.09350723583361,213.047883810959,7.66738660907127
2020-08-05,653,15,637,15,16,0,769,19,14563,209,15332,228,-1,6,-1,163,17,484,0,29,6,"Anderson",76978,163.683130245005,0.0769607843137255,296.188521395723,19.4860869339292,211.748811348697,7.69607843137255
2020-08-06,675,22,659,22,16,0,799,30,14884,321,15683,351,0,6,3,166,19,503,1,30,6,"Anderson",76978,144.197043311076,0.0723151645979493,455.974434253943,28.5795941697628,215.646028735483,7.23151645979493
2020-08-07,679,4,663,4,16,0,803,4,14965,81,15768,85,0,6,-21,145,25,528,0,30,6,"Anderson",76978,133.80446361298,0.0711825487944891,110.421159292265,5.19628984904778,188.365507027982,7.11825487944891
2020-08-08,690,11,674,11,16,0,819,16,15285,320,16104,336,0,6,1,146,10,538,0,30,6,"Anderson",76978,118.215594065837,0.0699513381995134,436.488347320014,14.2897970848814,189.664579490244,6.99513381995134
2020-08-09,697,7,681,7,16,0,828,9,15422,137,16250,146,0,6,-9,137,16,554,0,30,6,"Anderson",76978,118.215594065837,0.0706948640483384,189.664579490244,9.09350723583361,177.972927329886,7.06948640483384
2020-08-10,702,5,686,5,16,0,834,6,15561,139,16395,145,0,6,-11,126,16,570,0,30,6,"Anderson",76978,92.2341448205981,0.059662775616083,188.365507027982,6.49536231130973,163.683130245005,5.9662775616083
2020-08-11,723,21,707,21,16,0,856,22,15764,203,16620,225,0,6,9,135,12,582,1,31,6,"Anderson",76978,110.421159292265,0.0699208443271768,292.291304008938,27.2805217075008,175.374782405363,6.99208443271768
2020-08-12,731,8,715,8,16,0,864,8,16003,239,16867,247,0,6,-8,127,16,598,0,31,6,"Anderson",76978,101.327652056432,0.0618892508143322,320.8708981787,10.3925796980956,164.982202707267,6.18892508143322
2020-08-13,749,18,733,18,16,0,888,24,16231,228,17119,252,1,7,3,130,14,612,2,33,6,"Anderson",76978,96.1313622073839,0.0619777158774373,327.36626049001,23.383304320715,168.879420094053,6.19777158774373
2020-08-14,766,17,749,16,17,1,910,22,16560,329,17470,351,0,7,-9,121,26,638,0,33,6,"Anderson",76978,113.019304216789,0.0628672150411281,455.974434253943,22.0842318584531,157.187767933695,6.28672150411281
2020-08-15,776,10,759,10,17,0,922,12,16783,223,17705,235,-1,6,5,126,6,644,0,33,6,"Anderson",76978,111.720231754527,0.0643347907557776,305.282028631557,12.9907246226195,163.683130245005,6.43347907557776
2020-08-16,788,12,771,12,17,0,936,14,16925,142,17861,156,0,6,7,133,5,649,0,33,7,"Anderson",76978,118.215594065837,0.0670391061452514,202.655304112863,15.5888695471433,172.776637480839,6.70391061452514
2020-08-17,792,4,775,4,17,0,939,3,16968,43,17907,46,0,6,-13,120,17,666,0,33,7,"Anderson",76978,116.916521603575,0.0694444444444444,59.7573332640495,5.19628984904778,155.888695471433,6.94444444444444
2020-08-18,806,14,789,14,17,0,956,17,17132,164,18088,181,0,6,5,125,9,675,0,33,7,"Anderson",76978,107.823014367741,0.0681198910081744,235.132115669412,18.1870144716672,162.384057782743,6.81198910081744
2020-08-19,820,14,803,14,17,0,970,14,17306,174,18276,188,0,6,0,125,14,689,0,33,7,"Anderson",76978,115.617449141313,0.0752306600425834,244.225622905246,18.1870144716672,162.384057782743,7.52306600425834
2020-08-20,835,15,818,15,17,0,986,16,17748,442,18734,458,0,6,5,130,10,699,0,33,8,"Anderson",76978,111.720231754527,0.0606811145510836,594.975187715971,19.4860869339292,168.879420094053,6.06811145510836
2020-08-21,838,3,821,3,17,0,989,3,17784,36,18773,39,1,7,-7,123,9,708,0,33,8,"Anderson",76978,93.53321728286,0.0606293169608596,50.6638260282159,3.89721738678583,159.785912858219,6.06293169608596
2020-08-22,856,18,839,18,17,0,1008,19,18328,544,19336,563,1,8,10,133,7,715,1,34,8,"Anderson",76978,103.925796980956,0.052728387492336,731.377796253475,23.383304320715,172.776637480839,5.2728387492336
2020-08-23,857,1,840,1,17,0,1009,1,18412,84,19421,85,0,8,-5,128,6,721,0,34,8,"Anderson",76978,89.6359998960742,0.0467948717948718,110.421159292265,1.29907246226194,166.281275169529,4.67948717948718
2020-08-24,858,1,840,0,18,1,1009,0,18451,39,19460,39,0,8,-19,109,20,741,0,34,8,"Anderson",76978,85.7387825092884,0.0450740502253702,50.6638260282159,1.29907246226194,141.598898386552,4.50740502253703
2020-08-25,866,8,848,8,18,0,1017,8,18603,152,19620,160,0,8,-2,107,10,751,1,35,8,"Anderson",76978,77.9443477357167,0.0398172323759791,207.851593961911,10.3925796980956,139.000753462028,3.98172323759791
2020-08-26,872,6,854,6,18,0,1023,6,18783,180,19806,186,0,8,-14,93,20,771,0,35,8,"Anderson",76978,67.5517680376211,0.034640522875817,241.627477980722,7.79443477357167,120.813738990361,3.4640522875817
2020-08-27,875,3,857,3,18,0,1026,3,19194,411,20220,414,0,8,-16,77,19,790,0,35,8,"Anderson",76978,51.9628984904778,0.0269179004037685,537.815999376445,3.89721738678583,100.02857959417,2.69179004037685
2020-08-28,875,0,857,0,18,0,1026,0,19232,38,20258,38,0,8,-20,57,20,810,0,35,8,"Anderson",76978,48.065681103692,0.0249158249158249,49.3647535659539,0,74.0471303489309,2.49158249158249
2020-08-29,884,9,865,8,19,1,1034,8,19494,262,20528,270,0,8,3,60,6,816,0,35,8,"Anderson",76978,36.3740289433345,0.0218120805369128,350.749564810725,11.6916521603575,77.9443477357167,2.18120805369128
2020-08-30,900,16,881,16,19,0,1050,16,19577,83,20627,99,0,8,8,68,8,824,0,35,8,"Anderson",76978,55.8601158772636,0.0339966832504146,128.608173763933,20.7851593961911,88.3369274338123,3.39966832504146
2020-08-31,902,2,883,2,19,0,1052,2,19635,58,20687,60,0,8,-15,53,17,841,0,35,8,"Anderson",76978,57.1591883395256,0.0350448247758761,77.9443477357167,2.59814492452389,68.8508404998831,3.50448247758761
2020-09-01,909,7,889,6,20,1,1058,6,19746,111,20804,117,0,8,0,53,7,848,0,35,8,"Anderson",76978,55.8601158772636,0.0346283783783784,151.991478084648,9.09350723583361,68.8508404998831,3.46283783783784
2020-09-02,917,8,895,6,22,2,1068,10,20062,316,21130,326,0,8,5,58,3,851,0,35,8,"Anderson",76978,58.4582608017875,0.033987915407855,423.497622697394,10.3925796980956,75.3462028111928,3.3987915407855
2020-09-03,933,16,909,14,24,2,1084,16,20386,324,21470,340,0,8,10,68,6,857,0,35,9,"Anderson",76978,75.3462028111928,0.0464,441.684637169061,20.7851593961911,88.3369274338123,4.64
2020-09-04,942,9,917,8,25,1,1094,10,20575,189,21669,199,0,8,6,74,3,860,0,35,9,"Anderson",76978,87.0378549715503,0.0481927710843374,258.515419990127,11.6916521603575,96.1313622073839,4.81927710843374
2020-09-05,961,19,936,19,25,0,1115,21,20844,269,21959,290,0,8,16,90,3,863,1,36,10,"Anderson",76978,100.02857959417,0.0566037735849057,376.731014055964,24.682376782977,116.916521603575,5.66037735849057
2020-09-06,963,2,938,2,25,0,1117,2,20900,56,22017,58,0,8,-1,89,3,866,0,36,10,"Anderson",76978,81.8415651225025,0.0482014388489209,75.3462028111928,2.59814492452389,115.617449141313,4.82014388489209
2020-09-07,966,3,941,3,25,0,1122,5,20988,88,22110,93,0,8,-8,81,11,877,0,36,10,"Anderson",76978,83.1406375847645,0.0491918482080112,120.813738990361,3.89721738678583,105.224869443218,4.91918482080112
2020-09-08,975,9,944,3,31,6,1126,4,21163,175,22289,179,1,9,4,85,4,881,0,36,10,"Anderson",76978,85.7387825092884,0.0457912457912458,232.533970744888,11.6916521603575,110.421159292265,4.57912457912458
2020-09-09,984,9,953,9,31,0,1135,9,21404,241,22539,250,0,9,-3,82,12,893,1,37,11,"Anderson",76978,87.0378549715503,0.0475514549325763,324.768115565486,11.6916521603575,106.523941905479,4.75514549325763
2020-09-10,1013,29,981,28,32,1,1165,30,21773,369,22938,399,1,10,25,107,3,896,0,37,11,"Anderson",76978,103.925796980956,0.0551771117166213,518.329912442516,37.6731014055964,139.000753462028,5.51771117166213
2020-09-11,1014,1,982,1,32,0,1167,2,21906,133,23073,135,0,10,-13,94,14,910,0,37,11,"Anderson",76978,93.53321728286,0.051994301994302,175.374782405363,1.29907246226194,122.112811452623,5.1994301994302
2020-09-12,1017,3,985,3,32,0,1172,5,22048,142,23220,147,0,10,-5,89,8,918,0,37,11,"Anderson",76978,72.7480578866689,0.0452022204599524,190.963651952506,3.89721738678583,115.617449141313,4.52022204599524
2020-09-13,1038,21,1005,20,33,1,1193,21,22292,244,23485,265,0,10,16,105,5,923,1,38,11,"Anderson",76978,97.4304346696459,0.0517711171662125,344.254202499415,27.2805217075008,136.402608537504,5.17711171662125
2020-09-14,1044,6,1010,5,34,1,1199,6,22398,106,23597,112,0,10,-7,98,13,936,1,39,11,"Anderson",76978,101.327652056432,0.0517821116341627,145.496115773338,7.79443477357167,127.309101301671,5.17821116341627
2020-09-15,1060,16,1026,16,34,0,1216,17,22638,240,23854,257,1,11,5,103,10,946,1,40,12,"Anderson",76978,110.421159292265,0.0575079872204473,333.86162280132,20.7851593961911,133.80446361298,5.75079872204473
2020-09-16,1068,8,1034,8,34,0,1228,12,22774,136,24002,148,0,11,-5,98,13,959,0,40,12,"Anderson",76978,109.122086830003,0.063568010936432,192.262724414768,10.3925796980956,127.309101301671,6.3568010936432
2020-09-17,1090,22,1054,20,36,2,1248,20,23195,421,24443,441,0,11,15,113,7,966,1,41,12,"Anderson",76978,100.02857959417,0.0551495016611296,572.890955857518,28.5795941697628,146.7951882356,5.51495016611296
2020-09-18,1109,19,1073,19,36,0,1266,18,23419,224,24685,242,0,11,6,119,13,979,0,41,12,"Anderson",76978,123.411883914885,0.0614143920595533,314.375535867391,24.682376782977,154.589623009171,6.14143920595533
2020-09-19,1124,15,1088,15,36,0,1287,21,23701,282,24988,303,0,11,9,128,6,985,1,42,12,"Anderson",76978,139.000753462028,0.0650452488687783,393.618956065369,19.4860869339292,166.281275169529,6.50452488687783
2020-09-20,1131,7,1095,7,36,0,1297,10,23853,152,25150,162,0,11,0,128,7,992,0,42,13,"Anderson",76978,120.813738990361,0.0624624624624625,210.449738886435,9.09350723583361,166.281275169529,6.24624624624625
2020-09-21,1133,2,1097,2,36,0,1299,2,23886,33,25185,35,0,11,-6,122,8,1000,0,42,13,"Anderson",76978,115.617449141313,0.0629722921914358,45.4675361791681,2.59814492452389,158.486840395957,6.29722921914358
2020-09-22,1147,14,1111,14,36,0,1316,17,24134,248,25450,265,0,11,0,122,14,1014,1,43,13,"Anderson",76978,113.019304216789,0.06265664160401,344.254202499415,18.1870144716672,158.486840395957,6.265664160401
2020-09-23,1147,0,1111,0,36,0,1316,0,24175,41,25491,41,0,11,-12,110,12,1026,0,43,13,"Anderson",76978,102.626724518694,0.0591000671591672,53.2619709527397,0,142.897970848814,5.91000671591672
2020-09-24,1160,13,1124,13,36,0,1331,15,24499,324,25830,339,1,12,0,110,12,1038,0,43,13,"Anderson",76978,90.9350723583361,0.0598413842826244,440.385564706799,16.8879420094053,142.897970848814,5.98413842826244
2020-09-25,1174,14,1137,13,37,1,1344,13,24735,236,26079,249,1,13,-2,108,15,1053,0,43,13,"Anderson",76978,84.4397100470264,0.0559540889526542,323.469043103224,18.1870144716672,140.29982592429,5.59540889526542
2020-09-26,1188,14,1151,14,37,0,1361,17,25035,300,26396,317,0,13,8,116,6,1059,0,43,13,"Anderson",76978,83.1406375847645,0.0525568181818182,411.805970537037,18.1870144716672,150.692405622386,5.25568181818182
2020-09-27,1207,19,1168,17,39,2,1377,16,25242,207,26619,223,0,13,12,128,7,1066,0,43,13,"Anderson",76978,98.7295071319078,0.0544588155207624,289.693159084414,24.682376782977,166.281275169529,5.44588155207624
2020-09-28,1210,3,1170,2,40,1,1379,2,25279,37,26658,39,0,13,-9,119,12,1078,0,43,13,"Anderson",76978,100.02857959417,0.0543109300746775,50.6638260282159,3.89721738678583,154.589623009171,5.43109300746775
2020-09-29,1221,11,1180,10,41,1,1389,10,25573,294,26962,304,0,13,-7,112,18,1096,0,43,13,"Anderson",76978,96.1313622073839,0.0482804232804233,394.918028527631,14.2897970848814,145.496115773338,4.82804232804233
2020-09-30,1233,12,1190,10,43,2,1399,10,25639,66,27038,76,0,13,3,115,9,1105,0,43,13,"Anderson",76978,111.720231754527,0.0536522301228184,98.7295071319078,15.5888695471433,149.393333160124,5.36522301228184
2020-10-01,1249,16,1204,14,45,2,1414,15,25919,280,27333,295,0,13,4,119,12,1117,0,43,13,"Anderson",76978,115.617449141313,0.0552228875582169,383.226376367274,20.7851593961911,154.589623009171,5.52228875582169
2020-10-02,1256,7,1210,6,46,1,1421,7,26001,82,27422,89,0,13,1,120,6,1123,0,43,13,"Anderson",76978,106.523941905479,0.0573343261355175,115.617449141313,9.09350723583361,155.888695471433,5.73343261355175
2020-10-03,1272,16,1226,16,46,0,1445,24,26265,264,27710,288,0,13,3,123,13,1136,0,43,13,"Anderson",76978,109.122086830003,0.0639269406392694,374.13286913144,20.7851593961911,159.785912858219,6.39269406392694
2020-10-04,1288,16,1240,14,48,2,1461,16,26602,337,28063,353,0,13,8,131,8,1144,0,43,13,"Anderson",76978,105.224869443218,0.0581717451523546,458.572579178467,20.7851593961911,170.178492556315,5.81717451523546
2020-10-05,1314,26,1265,25,49,1,1488,27,26813,211,28301,238,0,13,11,142,15,1159,1,44,13,"Anderson",76978,135.103536075242,0.0663420572124163,309.179246018343,33.7758840188106,184.468289641196,6.63420572124163
2020-10-06,1342,28,1292,27,50,1,1519,31,27150,337,28669,368,0,13,15,157,13,1172,1,45,13,"Anderson",76978,157.187767933695,0.0761570005858231,478.058666112396,36.3740289433345,203.954376575125,7.61570005858231
2020-10-07,1348,6,1298,6,50,0,1527,8,27385,235,28912,243,0,13,-3,154,9,1181,0,45,13,"Anderson",76978,149.393333160124,0.0683030949839915,315.674608329653,7.79443477357167,200.05715918834,6.83030949839915
2020-10-08,1358,10,1306,8,52,2,1536,9,27624,239,29160,248,0,13,-3,151,13,1194,1,46,13,"Anderson",76978,141.598898386552,0.066776135741653,322.169970640962,12.9907246226195,196.159941801554,6.6776135741653
2020-10-09,1373,15,1319,13,54,2,1552,16,27797,173,29349,189,0,13,-2,149,17,1211,0,46,13,"Anderson",76978,151.991478084648,0.0679813181110535,245.524695367508,19.4860869339292,193.56179687703,6.79813181110535
2020-10-10,1389,16,1335,16,54,0,1572,20,28009,212,29581,232,0,13,3,152,13,1224,1,47,14,"Anderson",76978,151.991478084648,0.0678781400320684,301.384811244771,20.7851593961911,197.459014263816,6.78781400320684
2020-10-11,1417,28,1363,28,54,0,1603,31,28298,289,29901,320,0,13,18,170,10,1234,0,47,14,"Anderson",76978,167.580347631791,0.0772578890097933,415.703187923822,36.3740289433345,220.842318584531,7.72578890097933
2020-10-12,1433,16,1378,15,55,1,1619,16,28377,79,29996,95,0,13,-11,159,27,1261,0,47,14,"Anderson",76978,154.589623009171,0.0772861356932153,123.411883914885,20.7851593961911,206.552521499649,7.72861356932153
2020-10-13,1453,20,1396,18,57,2,1637,18,28498,121,30135,139,0,13,7,166,13,1274,0,47,14,"Anderson",76978,144.197043311076,0.0804911323328786,180.57107225441,25.9814492452389,215.646028735483,8.04911323328786
2020-10-14,1475,22,1418,22,57,0,1661,24,28798,300,30459,324,0,13,12,178,10,1284,0,47,14,"Anderson",76978,164.982202707267,0.0866192630898513,420.89947777287,28.5795941697628,231.234898282626,8.66192630898513
2020-10-15,1497,22,1434,16,63,6,1675,14,28949,151,30624,165,0,13,2,180,20,1304,1,48,14,"Anderson",76978,180.57107225441,0.0949453551912568,214.346956273221,28.5795941697628,233.83304320715,9.49453551912568
2020-10-16,1504,7,1437,3,67,4,1679,4,29048,99,30727,103,0,13,-11,169,18,1322,0,48,15,"Anderson",76978,170.178492556315,0.0921625544267054,133.80446361298,9.09350723583361,219.543246122269,9.21625544267054
2020-10-17,1532,28,1464,27,68,1,1709,30,29296,248,31005,278,0,13,14,183,14,1336,2,50,15,"Anderson",76978,185.767362103458,0.0962078651685393,361.142144508821,36.3740289433345,237.730260593936,9.62078651685393
2020-10-18,1551,19,1483,19,68,0,1731,22,29535,239,31266,261,0,13,4,187,15,1351,0,50,15,"Anderson",76978,174.075709943101,0.0937728937728938,339.057912650368,24.682376782977,242.926550442984,9.37728937728938
2020-10-19,1555,4,1487,4,68,0,1736,5,29612,77,31348,82,0,13,-16,171,20,1371,1,51,15,"Anderson",76978,158.486840395957,0.0865384615384615,106.523941905479,5.19628984904778,222.141391046793,8.65384615384615
2020-10-20,1582,27,1514,27,68,0,1771,35,29811,199,31582,234,0,13,6,177,21,1392,0,51,15,"Anderson",76978,167.580347631791,0.0926053904630269,303.982956169295,35.0749564810725,229.935825820364,9.26053904630269
2020-10-21,1599,17,1531,17,68,0,1790,19,30027,216,31817,235,0,13,8,185,9,1401,1,52,15,"Anderson",76978,161.084985320481,0.0949926362297496,305.282028631557,22.0842318584531,240.32840551846,9.49926362297496
2020-10-22,1620,21,1552,21,68,0,1815,25,30359,332,32174,357,1,14,-4,181,24,1425,0,52,15,"Anderson",76978,159.785912858219,0.0903225806451613,463.768869027514,27.2805217075008,235.132115669412,9.03225806451613
2020-10-23,1635,15,1566,14,69,1,1831,16,30634,275,32465,291,0,14,-7,174,22,1447,0,52,15,"Anderson",76978,170.178492556315,0.0874568469505178,378.030086518226,19.4860869339292,226.038608433578,8.74568469505178
2020-10-24,1666,31,1596,30,70,1,1864,33,31010,376,32874,409,0,14,19,193,12,1459,2,54,17,"Anderson",76978,174.075709943101,0.0829320492241841,531.320637065136,40.2712463301203,250.720985216555,8.29320492241841
2020-10-25,1683,17,1612,16,71,1,1883,19,31206,196,33089,215,0,14,0,193,17,1476,4,58,17,"Anderson",76978,171.477565018577,0.0833790455293472,279.300579386318,22.0842318584531,250.720985216555,8.33790455293472
2020-10-26,1699,16,1627,15,72,1,1901,18,31340,134,33241,152,-1,13,-11,182,28,1504,1,59,17,"Anderson",76978,187.06643456572,0.0871632329635499,197.459014263816,20.7851593961911,236.431188131674,8.71632329635499
2020-10-27,1728,29,1651,24,77,5,1925,24,31495,155,33420,179,1,14,10,192,18,1522,2,61,17,"Anderson",76978,189.664579490244,0.0837867247007617,232.533970744888,37.6731014055964,249.421912754293,8.37867247007617
2020-10-28,1784,56,1705,54,79,2,1984,59,31929,434,33913,493,0,14,34,226,22,1544,0,61,17,"Anderson",76978,240.32840551846,0.0925572519083969,640.442723895139,72.7480578866689,293.5903764712,9.25572519083969
2020-10-29,1813,29,1726,21,87,8,2003,19,32135,206,34138,225,0,14,6,232,23,1567,2,63,17,"Anderson",76978,250.720985216555,0.0957230142566191,292.291304008938,37.6731014055964,301.384811244771,9.57230142566191
2020-10-30,1850,37,1760,34,90,3,2041,38,32286,151,34327,189,2,16,20,252,15,1582,1,64,17,"Anderson",76978,279.300579386318,0.112781954887218,245.524695367508,48.065681103692,327.36626049001,11.2781954887218
2020-10-31,1850,0,1760,0,90,0,2041,0,32287,1,34328,1,0,16,-10,242,10,1592,0,64,19,"Anderson",76978,239.029333056198,0.121733149931224,1.29907246226194,0,314.375535867391,12.1733149931224
2020-11-01,1855,5,1765,5,90,0,2049,8,32531,244,34580,252,0,16,-10,232,15,1607,0,64,19,"Anderson",76978,223.440463509055,0.111334674714956,327.36626049001,6.49536231130973,301.384811244771,11.1334674714956
2020-11-02,1888,33,1796,31,92,2,2084,35,32798,267,34882,302,0,16,8,240,25,1632,0,64,20,"Anderson",76978,245.524695367508,0.111517367458867,392.319883603107,42.8693912546442,311.777390942867,11.1517367458867
2020-11-03,1914,26,1821,25,93,1,2109,25,32978,180,35087,205,0,16,6,246,20,1652,0,64,21,"Anderson",76978,241.627477980722,0.110377924415117,266.309854763699,33.7758840188106,319.571825716438,11.0377924415117
2020-11-04,1932,18,1836,15,96,3,2127,18,33057,79,35184,97,2,18,1,247,15,1667,1,65,21,"Anderson",76978,192.262724414768,0.112509834775767,126.010028839409,23.383304320715,320.8708981787,11.2509834775767
2020-11-05,1956,24,1854,18,102,6,2147,20,33156,99,35303,119,0,18,1,248,23,1690,0,65,22,"Anderson",76978,185.767362103458,0.123605150214592,154.589623009171,31.1777390942867,322.169970640962,12.3605150214592
2020-11-06,2005,49,1900,46,105,3,2196,49,33523,367,35719,416,0,18,24,272,25,1715,2,67,23,"Anderson",76978,201.356231650601,0.111350574712644,540.414144300969,63.6545506508353,353.347709735249,11.1350574712644
2020-11-07,2085,80,1977,77,108,3,2273,77,33970,447,36243,524,0,18,50,322,30,1745,0,67,23,"Anderson",76978,305.282028631557,0.121148825065274,680.713970225259,103.925796980956,418.301332848346,12.1148825065274
2020-11-08,2139,54,2028,51,111,3,2335,62,34580,610,36915,672,0,18,39,361,15,1760,1,68,23,"Anderson",76978,368.936579282392,0.122483940042827,872.976694640027,70.149912962145,468.965158876562,12.2483940042827
2020-11-09,2147,8,2035,7,112,1,2344,9,34654,74,36998,83,0,18,-46,315,54,1814,0,68,23,"Anderson",76978,336.459767725844,0.122873345935728,107.823014367741,10.3925796980956,409.207825612513,12.2873345935728
2020-11-10,2166,19,2053,18,113,1,2366,22,34825,171,37191,193,0,18,-16,299,35,1849,1,69,23,"Anderson",76978,327.36626049001,0.122148288973384,250.720985216555,24.682376782977,388.422666216322,12.2148288973384
2020-11-11,2205,39,2089,36,116,3,2408,42,35098,273,37506,315,1,19,13,312,25,1874,1,70,23,"Anderson",76978,354.646782197511,0.121016365202412,409.207825612513,50.6638260282159,405.310608225727,12.1016365202412
2020-11-12,2212,7,2095,6,117,1,2416,8,35296,198,37712,206,0,19,-13,299,20,1894,0,70,24,"Anderson",76978,332.562550339058,0.111664591116646,267.608927225961,9.09350723583361,388.422666216322,11.1664591116646
2020-11-13,2268,56,2148,53,120,3,2475,59,35558,262,38033,321,2,21,31,330,23,1917,2,72,24,"Anderson",76978,341.656057574892,0.12057044079516,417.002260386084,72.7480578866689,428.693912546442,12.057044079516
2020-11-14,2309,41,2188,40,121,1,2520,45,35954,396,38474,441,1,22,20,350,20,1937,1,73,25,"Anderson",76978,290.992231546676,0.110712684894666,572.890955857518,53.2619709527397,454.675361791681,11.0712684894666
2020-11-15,2407,98,2286,98,121,0,2628,108,36536,582,39164,690,1,23,79,429,18,1955,1,74,25,"Anderson",76978,348.151419886201,0.130280124499778,896.359998960742,127.309101301671,557.302086310374,13.0280124499778
2020-11-16,2456,49,2315,29,141,20,2657,29,36813,277,39470,306,0,23,-6,423,55,2010,1,75,25,"Anderson",76978,401.413390838941,0.126618122977346,397.516173452155,63.6545506508353,549.507651536803,12.6618122977346
2020-11-17,2472,16,2330,15,142,1,2673,16,37019,206,39692,222,2,25,-37,386,51,2061,1,76,26,"Anderson",76978,397.516173452155,0.122750899640144,288.394086622152,20.7851593961911,501.441970433111,12.2750899640144
2020-11-18,2502,30,2356,26,146,4,2699,26,37313,294,40012,320,0,25,-5,381,35,2096,0,76,27,"Anderson",76978,385.824521291798,0.116121308858739,415.703187923822,38.9721738678584,494.946608121801,11.6121308858739
2020-11-19,2560,58,2410,54,150,4,2761,62,37729,416,40490,478,0,25,19,400,39,2135,1,77,27,"Anderson",76978,452.077216867157,0.124190064794816,620.95663696121,75.3462028111928,519.628984904778,12.4190064794816
2020-11-20,2590,30,2437,27,153,3,2792,31,37842,113,40634,144,0,25,-10,390,40,2175,0,77,28,"Anderson",76978,418.301332848346,0.121876201460977,187.06643456572,38.9721738678584,506.638260282159,12.1876201460977
2020-11-21,2647,57,2486,49,161,8,2840,48,38186,344,41026,392,0,25,33,423,24,2199,1,78,28,"Anderson",76978,439.086492244537,0.125391849529781,509.236405206682,74.0471303489309,549.507651536803,12.5391849529781
2020-11-22,2703,56,2535,49,168,7,2897,57,38669,483,41566,540,0,25,42,465,14,2213,1,79,31,"Anderson",76978,384.525448829536,0.111990008326395,701.49912962145,72.7480578866689,604.068694951804,11.1990008326395
2020-11-23,2710,7,2541,6,169,1,2903,6,38691,22,41594,28,0,25,-64,401,71,2284,0,79,32,"Anderson",76978,329.964405414534,0.115819209039548,36.3740289433345,9.09350723583361,520.92805736704,11.5819209039548
2020-11-24,2723,13,2553,12,170,1,2915,12,38848,157,41763,169,2,27,-35,366,46,2330,0,79,32,"Anderson",76978,326.067188027748,0.116851762433607,219.543246122269,16.8879420094053,475.460521187872,11.6851762433607
2020-11-25,2751,28,2574,21,177,7,2936,21,38885,37,41821,58,1,28,-11,355,38,2368,0,79,32,"Anderson",76978,323.469043103224,0.131011608623549,75.3462028111928,36.3740289433345,461.170724102991,13.1011608623549
2020-11-26,2796,45,2616,42,180,3,2981,45,39235,350,42216,395,0,28,-30,325,75,2443,1,80,33,"Anderson",76978,306.581101093819,0.127462340672074,513.133622593468,58.4582608017875,422.198550235132,12.7462340672074
2020-11-27,2895,99,2706,90,189,9,3076,95,39661,426,42737,521,0,28,56,381,43,2486,3,83,35,"Anderson",76978,396.217100989893,0.135045173561579,676.816752838473,128.608173763933,494.946608121801,13.5045173561579
2020-11-28,2926,31,2731,25,195,6,3106,30,39804,143,42910,173,1,29,5,386,25,2511,2,85,35,"Anderson",76978,362.441216971083,0.141188959660297,224.739535971316,40.2712463301203,501.441970433111,14.1188959660297
2020-11-29,3017,91,2820,89,197,2,3202,96,40241,437,43443,533,0,29,65,451,26,2537,1,86,35,"Anderson",76978,407.908753150251,0.162493340436867,692.405622385617,118.215594065837,585.881680480137,16.2493340436867
2020-11-30,3087,70,2886,66,201,4,3275,73,40493,252,43768,325,0,29,1,452,69,2606,0,86,37,"Anderson",76978,489.750318272753,0.171113155473781,422.198550235132,90.9350723583361,587.180752942399,17.1113155473781
2020-12-01,3163,76,2952,66,211,10,3347,72,40924,431,44271,503,1,30,14,466,61,2667,6,92,38,"Anderson",76978,571.591883395256,0.172248803827751,653.433448517758,98.7295071319078,605.367767414066,17.2248803827751
2020-12-02,3178,15,2966,14,212,1,3363,16,41032,108,44395,124,0,30,-40,426,55,2722,0,92,38,"Anderson",76978,554.70394138585,0.165889665889666,161.084985320481,19.4860869339292,553.404868923589,16.5889665889666
2020-12-03,3219,41,2995,29,224,12,3396,33,41256,224,44652,257,1,31,-14,412,54,2776,1,93,39,"Anderson",76978,549.507651536803,0.170361247947455,333.86162280132,53.2619709527397,535.217854451921,17.0361247947455
2020-12-04,3286,67,3055,60,231,7,3459,63,41414,158,44873,221,1,32,-25,387,91,2867,0,93,39,"Anderson",76978,507.93733274442,0.179307116104869,287.09501415989,87.0378549715503,502.741042895373,17.9307116104869
2020-12-05,3317,31,3074,19,243,12,3477,18,41481,67,44958,85,0,32,1,388,30,2897,0,93,39,"Anderson",76978,507.93733274442,0.18115234375,110.421159292265,40.2712463301203,504.040115357635,18.115234375
2020-12-06,3353,36,3103,29,250,7,3505,28,41689,208,45194,236,0,32,12,400,24,2921,2,95,40,"Anderson",76978,436.488347320014,0.173043974871502,306.581101093819,46.76660864143,519.628984904778,17.3043974871502
2020-12-07,3493,140,3227,124,266,16,3641,136,42282,593,45923,729,2,34,28,428,110,3031,4,99,41,"Anderson",76978,527.42341967835,0.169837587006961,947.023824988958,181.870144716672,556.003013848112,16.9837587006961
2020-12-08,3564,71,3276,49,288,22,3693,52,42580,298,46273,350,1,35,-8,420,78,3109,2,101,43,"Anderson",76978,520.92805736704,0.172827172827173,454.675361791681,92.2341448205981,545.610434150017,17.2827172827173
2020-12-09,3669,105,3367,91,302,14,3797,104,42841,261,46638,365,0,35,46,466,59,3168,3,104,44,"Anderson",76978,637.844578970615,0.193490860454748,474.16144872561,136.402608537504,605.367767414066,19.3490860454748
2020-12-10,3763,94,3445,78,318,16,3884,87,43373,532,47257,619,3,38,81,547,10,3178,3,107,45,"Anderson",76978,706.695419470498,0.187332053742802,804.125854140144,122.112811452623,710.592636857284,18.7332053742802
2020-12-11,3836,73,3498,53,338,20,3935,51,43539,166,47474,217,1,39,30,577,42,3220,2,109,45,"Anderson",76978,714.48985424407,0.183006535947712,281.898724310842,94.832289745122,749.564810725142,18.3006535947712
2020-12-12,3924,88,3559,61,365,27,4000,65,44052,513,48052,578,0,39,55,632,33,3253,2,111,45,"Anderson",76978,788.536984593001,0.169036845507434,750.863883187404,114.318376679051,821.013796149549,16.9036845507434
2020-12-13,4156,232,3742,183,414,49,4204,204,44924,872,49128,1076,1,40,188,820,43,3296,0,111,47,"Anderson",76978,1043.15518719634,0.177681748856126,1397.80196939385,301.384811244771,1065.23941905479,17.7681748856126
2020-12-14,4271,115,3828,86,443,29,4303,99,45215,291,49518,390,0,40,-37,783,152,3448,1,112,48,"Anderson",76978,1010.67837563979,0.184144645340751,506.638260282159,149.393333160124,1017.1737379511,18.4144645340751
2020-12-15,4406,135,3913,85,493,50,4399,96,45742,527,50141,623,1,41,42,825,92,3540,6,118,51,"Anderson",76978,1093.81901322456,0.182523267838676,809.322143989192,175.374782405363,1071.7347813661,18.2523267838676
2020-12-16,4475,69,3943,30,532,39,4435,36,46065,323,50500,359,2,43,-17,808,84,3624,4,122,52,"Anderson",76978,1047.05240458313,0.165199378560331,466.367013952038,89.6359998960742,1049.65054950765,16.5199378560331
2020-12-17,4676,201,4117,174,559,27,4629,194,46593,528,51222,722,2,45,114,922,85,3709,2,124,54,"Anderson",76978,1186.05315804516,0.187894073139975,937.930317753124,261.113564914651,1197.74481020551,18.7894073139975
2020-12-18,4774,98,4193,76,581,22,4716,87,46959,366,51675,453,1,46,23,945,74,3783,2,126,54,"Anderson",76978,1218.5299696017,0.185908117114973,588.479825404661,127.309101301671,1227.62347683754,18.5908117114973
2020-12-19,4879,105,4274,81,605,24,4803,87,47217,258,52020,345,0,46,74,1019,31,3814,1,127,55,"Anderson",76978,1240.61420146016,0.202368951612903,448.179999480371,136.402608537504,1323.75483904492,20.2368951612903
2020-12-20,5019,140,4396,122,623,18,4940,137,47681,464,52621,601,2,48,84,1103,54,3868,3,130,56,"Anderson",76978,1121.09953493206,0.2107071285428,780.742549819429,181.870144716672,1432.87692587493,21.07071285428
2020-12-21,5066,47,4414,18,652,29,4963,23,47901,220,52864,243,3,51,-84,1019,128,3996,2,132,59,"Anderson",76978,1032.76260749825,0.197250448296473,315.674608329653,61.0564057263114,1323.75483904492,19.7250448296473
2020-12-22,5136,70,4458,44,678,26,5010,47,48007,106,53017,153,1,52,-31,988,100,4096,2,134,64,"Anderson",76978,948.32289745122,0.212447844228095,198.758086726078,90.9350723583361,1283.4835927148,21.2447844228095
2020-12-23,5210,74,4500,42,710,32,5053,43,48323,316,53376,359,2,54,-8,980,80,4176,2,136,66,"Anderson",76978,954.81825976253,0.214881780250348,466.367013952038,96.1313622073839,1273.09101301671,21.4881780250348
2020-12-24,5268,58,4524,24,744,34,5080,27,48475,152,53555,179,1,55,-47,933,104,4280,1,137,71,"Anderson",76978,769.050897659071,0.193313330475782,232.533970744888,75.3462028111928,1212.03460729039,19.3313330475782
2020-12-25,5361,93,4601,77,760,16,5172,92,48884,409,54056,501,0,55,-15,918,108,4388,1,138,72,"Anderson",76978,762.555535347762,0.191516169676606,650.835303593234,120.813738990361,1192.54852035647,19.1516169676606
2020-12-26,5417,56,4630,29,787,27,5200,28,49003,119,54203,147,0,55,6,924,50,4438,3,141,74,"Anderson",76978,698.900984696926,0.181859825927623,190.963651952506,72.7480578866689,1200.34295513004,18.1859825927623
2020-12-27,5477,60,4667,37,810,23,5236,36,49139,136,54375,172,1,56,30,954,29,4467,6,147,75,"Anderson",76978,594.975187715971,0.168757126567845,223.440463509055,77.9443477357167,1239.3151289979,16.8757126567845
2020-12-28,5524,47,4688,21,836,26,5256,20,49208,69,54464,89,2,58,-85,869,130,4597,4,151,82,"Anderson",76978,594.975187715971,0.183125,115.617449141313,61.0564057263114,1128.89396970563,18.3125
2020-12-29,5620,96,4740,52,880,44,5304,48,49303,95,54607,143,2,60,-34,835,128,4725,5,156,85,"Anderson",76978,628.751071734781,0.184905660377358,185.767362103458,124.710956377147,1084.72550598872,18.4905660377358
2020-12-30,5655,35,4758,18,897,17,5321,17,49431,128,54752,145,6,66,-89,746,118,4843,1,157,88,"Anderson",76978,578.087245706566,0.194767441860465,188.365507027982,45.4675361791681,969.108056847411,19.4767441860465
2020-12-31,5818,163,4858,100,960,63,5423,102,49735,304,55158,406,6,72,63,809,94,4937,1,158,93,"Anderson",76978,714.48985424407,0.213973799126638,527.42341967835,211.748811348697,1050.94962196991,21.3973799126638
2021-01-01,5883,65,4900,42,983,23,5478,55,50011,276,55489,331,0,72,-25,784,90,5027,2,160,94,"Anderson",76978,678.115825300735,0.213538032100488,429.992985008704,84.4397100470264,1018.47281041336,21.3538032100488
2021-01-02,5976,93,4941,41,1035,52,5519,41,50296,285,55815,326,0,72,49,833,44,5071,2,162,96,"Anderson",76978,726.181506404427,0.197890818858561,423.497622697394,120.813738990361,1082.1273610642,19.7890818858561
2021-01-03,6001,25,4953,12,1048,13,5535,16,50348,52,55883,68,0,72,-9,824,34,5105,1,163,99,"Anderson",76978,680.713970225259,0.198275862068966,88.3369274338123,32.4768115565486,1070.43570890384,19.8275862068966
2021-01-04,6038,37,4977,24,1061,13,5566,31,50455,107,56021,138,1,73,-56,768,92,5197,0,163,104,"Anderson",76978,667.72324560264,0.199100834938985,179.271999792148,48.065681103692,997.687651017174,19.9100834938985
2021-01-05,6110,72,5008,31,1102,41,5597,31,50573,118,56170,149,2,75,-47,721,117,5314,2,165,107,"Anderson",76978,636.545506508353,0.187460012795905,193.56179687703,93.53321728286,936.631245290862,18.7460012795905
2021-01-06,6184,74,5048,40,1136,34,5640,43,50734,161,56374,204,5,80,-12,709,81,5395,2,167,109,"Anderson",76978,687.209332536569,0.196670776818742,265.010782301437,96.1313622073839,921.042375743719,19.6670776818742
2021-01-07,6289,105,5128,80,1161,25,5732,92,50955,221,56687,313,1,81,65,774,39,5434,1,168,112,"Anderson",76978,611.863129725376,0.202092871157619,406.609680687989,136.402608537504,1005.48208579075,20.2092871157619
2021-01-08,6372,83,5179,51,1193,32,5784,52,51154,199,56938,251,5,86,62,836,16,5450,2,170,115,"Anderson",76978,635.246434046091,0.211180124223602,326.067188027748,107.823014367741,1086.02457845099,21.1180124223602
2021-01-09,6481,109,5247,68,1234,41,5859,75,51585,431,57444,506,2,88,44,880,63,5513,0,170,117,"Anderson",76978,656.031593442282,0.208717004297115,657.330665904544,141.598898386552,1143.18376679051,20.8717004297115
2021-01-10,6541,60,5272,25,1269,35,5884,25,51679,94,57563,119,2,90,28,908,30,5543,3,173,118,"Anderson",76978,701.49912962145,0.207738095238095,154.589623009171,77.9443477357167,1179.55779573385,20.7738095238095
2021-01-11,6574,33,5282,10,1292,23,5897,13,51750,71,57647,84,1,91,-93,815,125,5668,1,174,120,"Anderson",76978,696.302839772403,0.203567035670357,109.122086830003,42.8693912546442,1058.74405674349,20.3567035670357
2021-01-12,6627,53,5316,34,1311,19,5935,38,51922,172,57857,210,2,93,-100,715,151,5819,1,175,120,"Anderson",76978,671.620462989426,0.200355660936574,272.805217075008,68.8508404998831,928.836810517291,20.0355660936574
2021-01-13,6653,26,5333,17,1320,9,5954,19,52012,90,57966,109,3,96,-44,671,67,5886,0,175,121,"Anderson",76978,609.264984800852,0.197236180904523,141.598898386552,33.7758840188106,871.677622177765,19.7236180904523
2021-01-14,6750,97,5395,62,1355,35,6028,74,52419,407,58447,481,5,101,8,679,84,5970,2,177,123,"Anderson",76978,598.872405102757,0.168181818181818,624.853854347995,126.010028839409,882.070201875861,16.8181818181818
2021-01-15,6784,34,5415,20,1369,14,6052,24,52574,155,58626,179,0,101,-17,662,51,6021,1,178,126,"Anderson",76978,535.217854451921,0.158767772511848,232.533970744888,44.1684637169061,859.985970017408,15.8767772511848
2021-01-16,6848,64,5445,30,1403,34,6085,33,52818,244,58903,277,1,102,3,665,60,6081,1,179,129,"Anderson",76978,476.759593650134,0.154900616860864,359.843072046559,83.1406375847645,863.883187404193,15.4900616860864
2021-01-17,6885,37,5465,20,1420,17,6108,23,52922,104,59030,127,0,102,-7,658,44,6125,0,179,131,"Anderson",76978,446.880927018109,0.152692569870484,164.982202707267,48.065681103692,854.78968016836,15.2692569870484
2021-01-18,6904,19,5473,8,1431,11,6118,10,53018,96,59136,106,1,103,-67,591,85,6210,0,179,132,"Anderson",76978,428.693912546442,0.148421759570181,137.701680999766,24.682376782977,767.751825196809,14.8421759570181
2021-01-19,6946,42,5490,17,1456,25,6138,20,53130,112,59268,132,1,104,-78,513,119,6329,0,179,134,"Anderson",76978,414.40411546156,0.143869596031184,171.477565018577,54.5610434150017,666.424173140378,14.3869596031184
2021-01-20,6974,28,5506,16,1468,12,6157,19,53282,152,59439,171,3,107,-29,484,54,6383,0,179,137,"Anderson",76978,417.002260386084,0.137813985064494,222.141391046793,36.3740289433345,628.751071734781,13.7813985064494
2021-01-21,7030,56,5546,40,1484,16,6196,39,53523,241,59719,280,5,112,-43,441,94,6477,2,181,138,"Anderson",76978,363.740289433345,0.132075471698113,363.740289433345,72.7480578866689,572.890955857518,13.2075471698113
2021-01-22,7068,38,5564,18,1504,20,6218,22,53668,145,59886,167,2,114,-16,425,52,6529,0,181,141,"Anderson",76978,368.936579282392,0.131746031746032,216.945101197745,49.3647535659539,552.105796461327,13.1746031746032
2021-01-23,7106,38,5578,14,1528,24,6231,13,53928,260,60159,273,0,114,8,433,30,6559,1,182,141,"Anderson",76978,335.160695263582,0.116242038216561,354.646782197511,49.3647535659539,562.498376159422,11.6242038216561
2021-01-24,7119,13,5590,12,1529,1,6245,14,53995,67,60240,81,0,114,-22,411,35,6594,0,182,143,"Anderson",76978,303.982956169295,0.113223140495868,105.224869443218,16.8879420094053,533.918781989659,11.3223140495868
2021-01-25,7136,17,5601,11,1535,6,6256,11,54055,60,60311,71,2,116,-47,364,62,6656,1,183,145,"Anderson",76978,301.384811244771,0.117446808510638,92.2341448205981,22.0842318584531,472.862376263348,11.7446808510638
2021-01-26,7163,27,5622,21,1541,6,6281,25,54218,163,60499,188,0,116,-36,328,63,6719,1,184,148,"Anderson",76978,281.898724310842,0.116165718927701,244.225622905246,35.0749564810725,426.095767621918,11.6165718927701
2021-01-27,7180,17,5630,8,1550,9,6290,9,54304,86,60594,95,4,120,-17,311,30,6749,0,184,150,"Anderson",76978,267.608927225961,0.115151515151515,123.411883914885,22.0842318584531,404.011535763465,11.5151515151515
2021-01-28,7267,87,5670,40,1597,47,6337,47,54530,226,60867,273,4,124,24,335,59,6808,0,184,151,"Anderson",76978,307.880173556081,0.122822299651568,354.646782197511,113.019304216789,435.189274857752,12.2822299651568
2021-01-29,7280,13,5674,4,1606,9,6342,5,54575,45,60917,50,1,125,-34,301,46,6854,1,185,151,"Anderson",76978,275.403361999532,0.120271580989331,64.9536231130973,16.8879420094053,391.020811140845,12.0271580989331
2021-01-30,7320,40,5709,35,1611,5,6378,36,54834,259,61212,295,2,127,1,302,37,6891,2,187,152,"Anderson",76978,278.001506924056,0.13960113960114,383.226376367274,51.9628984904778,392.319883603107,13.960113960114
2021-01-31,7336,16,5716,7,1620,9,6389,11,55003,169,61392,180,1,128,-4,298,19,6910,0,187,154,"Anderson",76978,281.898724310842,0.125,233.83304320715,20.7851593961911,387.12359375406,12.5
2021-02-01,7356,20,5729,13,1627,7,6402,13,55056,53,61458,66,1,129,-26,272,45,6955,1,188,156,"Anderson",76978,285.795941697628,0.127288578901482,85.7387825092884,25.9814492452389,353.347709735249,12.7288578901482
2021-02-02,7363,7,5735,6,1628,1,6407,5,55125,69,61532,74,5,134,-45,227,47,7002,0,188,157,"Anderson",76978,259.814492452389,0.121974830590513,96.1313622073839,9.09350723583361,294.889448933461,12.1974830590513
2021-02-03,7385,22,5741,6,1644,16,6417,10,55317,192,61734,202,4,138,1,228,17,7019,0,188,158,"Anderson",76978,266.309854763699,0.11140350877193,262.412637376913,28.5795941697628,296.188521395723,11.140350877193
2021-02-04,7416,31,5756,15,1660,16,6434,17,55641,324,62075,341,2,140,-4,224,33,7052,0,188,158,"Anderson",76978,193.56179687703,0.0802980132450331,442.983709631323,40.2712463301203,290.992231546676,8.02980132450331
2021-02-05,7434,18,5767,11,1667,7,6451,17,55798,157,62249,174,2,142,-13,211,29,7081,0,188,159,"Anderson",76978,200.05715918834,0.0818318318318318,226.038608433578,23.383304320715,274.10428953727,8.18318318318318
2021-02-06,7460,26,5783,16,1677,10,6471,20,56020,222,62491,242,1,143,8,219,17,7098,1,189,159,"Anderson",76978,181.870144716672,0.0727130570758405,314.375535867391,33.7758840188106,284.496869235366,7.27130570758405
2021-02-07,7473,13,5790,7,1683,6,6479,8,56127,107,62606,115,0,143,-10,209,23,7121,0,189,159,"Anderson",76978,177.972927329886,0.0741350906095552,149.393333160124,16.8879420094053,271.506144612746,7.41350906095552
2021-02-08,7498,25,5796,6,1702,19,6484,5,56149,22,62633,27,2,145,-12,197,35,7156,0,189,159,"Anderson",76978,184.468289641196,0.0697872340425532,35.0749564810725,32.4768115565486,255.917275065603,6.97872340425532
2021-02-09,7522,24,5806,10,1716,14,6495,11,56318,169,62813,180,2,147,-25,172,47,7203,2,191,159,"Anderson",76978,206.552521499649,0.068696330991413,233.83304320715,31.1777390942867,223.440463509055,6.8696330991413
2021-02-10,7547,25,5821,15,1726,10,6514,19,56513,195,63027,214,1,148,7,179,17,7220,1,192,159,"Anderson",76978,210.449738886435,0.0750193348801237,278.001506924056,32.4768115565486,232.533970744888,7.50193348801237
2021-02-11,7560,13,5829,8,1731,5,6525,11,56693,180,63218,191,-1,147,-14,165,28,7248,0,192,160,"Anderson",76978,187.06643456572,0.0796150481189851,248.122840292031,16.8879420094053,214.346956273221,7.96150481189851
2021-02-12,7587,27,5844,15,1743,12,6540,15,56887,194,63427,209,0,147,13,178,14,7262,0,192,160,"Anderson",76978,198.758086726078,0.0755517826825127,271.506144612746,35.0749564810725,231.234898282626,7.55517826825127
2021-02-13,7614,27,5855,11,1759,16,6550,10,57076,189,63626,199,0,147,11,189,16,7278,0,192,160,"Anderson",76978,200.05715918834,0.0696035242290749,258.515419990127,35.0749564810725,245.524695367508,6.96035242290749
2021-02-14,7627,13,5864,9,1763,4,6561,11,57137,61,63698,72,2,149,0,189,11,7289,0,192,160,"Anderson",76978,200.05715918834,0.0750915750915751,93.53321728286,16.8879420094053,245.524695367508,7.50915750915751
2021-02-15,7643,16,5872,8,1771,8,6570,9,57210,73,63780,82,0,149,-6,183,22,7311,1,193,161,"Anderson",76978,188.365507027982,0.0749782040104621,106.523941905479,20.7851593961911,237.730260593936,7.49782040104621
2021-02-16,7672,29,5886,14,1786,15,6587,17,57294,84,63881,101,0,149,11,194,18,7329,0,193,161,"Anderson",76978,194.860869339292,0.0861423220973783,131.206318688456,37.6731014055964,252.020057678817,8.61423220973783
2021-02-17,7691,19,5898,12,1793,7,6599,12,57402,108,64001,120,0,149,-8,186,27,7356,0,193,163,"Anderson",76978,187.06643456572,0.0872689938398357,155.888695471433,24.682376782977,241.627477980722,8.72689938398357
2021-02-18,7715,24,5920,22,1795,2,6625,26,57558,156,64183,182,0,149,9,195,15,7371,0,193,163,"Anderson",76978,201.356231650601,0.103626943005181,236.431188131674,31.1777390942867,253.319130141079,10.3626943005181
2021-02-19,7728,13,5931,11,1797,2,6640,15,57604,46,64244,61,0,149,0,195,13,7384,0,193,164,"Anderson",76978,183.169217178934,0.122399020807834,79.2434201979787,16.8879420094053,253.319130141079,12.2399020807834
2021-02-20,7747,19,5938,7,1809,12,6649,9,57726,122,64375,131,1,150,3,198,15,7399,0,193,165,"Anderson",76978,172.776637480839,0.132176234979973,170.178492556315,24.682376782977,257.216347527865,13.2176234979973
2021-02-21,7759,12,5945,7,1814,5,6656,7,57790,64,64446,71,2,152,-2,196,12,7411,1,194,165,"Anderson",76978,171.477565018577,0.127005347593583,92.2341448205981,15.5888695471433,254.618202603341,12.7005347593583
2021-02-22,7764,5,5947,2,1817,3,6662,6,57827,37,64489,43,1,153,-17,179,21,7432,0,194,166,"Anderson",76978,157.187767933695,0.129760225669958,55.8601158772636,6.49536231130973,232.533970744888,12.9760225669958
2021-02-23,7788,24,5956,9,1832,15,6670,8,57970,143,64640,151,2,155,-2,177,24,7456,0,194,168,"Anderson",76978,150.692405622386,0.10935441370224,196.159941801554,31.1777390942867,229.935825820364,10.935441370224
2021-02-24,7820,32,5975,19,1845,13,6693,23,58144,174,64837,197,0,155,16,193,16,7472,0,194,168,"Anderson",76978,167.580347631791,0.11244019138756,255.917275065603,41.5703187923822,250.720985216555,11.244019138756
2021-02-25,7837,17,5983,8,1854,9,6704,11,58271,127,64975,138,1,156,-3,190,19,7491,0,194,168,"Anderson",76978,158.486840395957,0.0997474747474748,179.271999792148,22.0842318584531,246.82376782977,9.97474747474748
2021-02-26,7849,12,5991,8,1858,4,6713,9,58370,99,65083,108,0,156,-17,173,29,7520,0,194,168,"Anderson",76978,157.187767933695,0.0870083432657926,140.29982592429,15.5888695471433,224.739535971316,8.70083432657926
2021-02-27,7858,9,5998,7,1860,2,6719,6,58462,92,65181,98,0,156,-6,167,15,7535,0,194,168,"Anderson",76978,144.197043311076,0.086848635235732,127.309101301671,11.6916521603575,216.945101197745,8.6848635235732
2021-02-28,7872,14,6008,10,1864,4,6730,11,58533,71,65263,82,0,156,0,167,14,7549,0,194,168,"Anderson",76978,146.7951882356,0.0905752753977968,106.523941905479,18.1870144716672,216.945101197745,9.05752753977968
2021-03-01,7880,8,6013,5,1867,3,6737,7,58568,35,65305,42,0,156,-11,156,19,7568,0,194,169,"Anderson",76978,150.692405622386,0.0919117647058824,54.5610434150017,10.3925796980956,202.655304112863,9.19117647058824
2021-03-02,7903,23,6024,11,1879,12,6747,10,58684,116,65431,126,1,157,-2,154,24,7592,1,195,169,"Anderson",76978,149.393333160124,0.0973451327433628,163.683130245005,29.8786666320247,200.05715918834,9.73451327433628
2021-03-03,7936,33,6045,21,1891,12,6772,25,58800,116,65572,141,1,158,13,167,19,7611,0,195,170,"Anderson",76978,150.692405622386,0.107482993197279,183.169217178934,42.8693912546442,216.945101197745,10.7482993197279
2021-03-04,7961,25,6058,13,1903,12,6789,17,58963,163,65752,180,0,158,13,180,12,7623,0,195,170,"Anderson",76978,161.084985320481,0.109395109395109,233.83304320715,32.4768115565486,233.83304320715,10.9395109395109
2021-03-05,7994,33,6075,17,1919,16,6811,22,59097,134,65908,156,0,158,18,198,15,7638,2,197,170,"Anderson",76978,188.365507027982,0.118787878787879,202.655304112863,42.8693912546442,257.216347527865,11.8787878787879
2021-03-06,8004,10,6080,5,1924,5,6819,8,59186,89,66005,97,0,158,-1,197,11,7649,0,197,170,"Anderson",76978,189.664579490244,0.121359223300971,126.010028839409,12.9907246226195,255.917275065603,12.1359223300971
2021-03-07,8010,6,6083,3,1927,3,6822,3,59225,39,66047,42,0,158,-10,187,16,7665,0,197,170,"Anderson",76978,179.271999792148,0.11734693877551,54.5610434150017,7.79443477357167,242.926550442984,11.734693877551
2021-03-08,8026,16,6090,7,1936,9,6831,9,59302,77,66133,86,1,159,-4,183,19,7684,0,197,170,"Anderson",76978,189.664579490244,0.113526570048309,111.720231754527,20.7851593961911,237.730260593936,11.3526570048309
2021-03-09,8047,21,6098,8,1949,13,6839,8,59367,65,66206,73,0,159,3,186,18,7702,3,200,171,"Anderson",76978,187.06643456572,0.118709677419355,94.832289745122,27.2805217075008,241.627477980722,11.8709677419355
2021-03-10,8069,22,6111,13,1958,9,6855,16,59524,157,66379,173,0,159,11,197,11,7713,1,201,171,"Anderson",76978,172.776637480839,0.102850061957869,224.739535971316,28.5795941697628,255.917275065603,10.2850061957869
2021-03-11,8092,23,6121,10,1971,13,6865,10,59621,97,66486,107,0,159,1,198,22,7735,1,202,172,"Anderson",76978,170.178492556315,0.103542234332425,139.000753462028,29.8786666320247,257.216347527865,10.3542234332425
2021-03-12,8112,20,6138,17,1974,3,6885,20,59727,106,66612,126,0,159,8,206,12,7747,0,202,172,"Anderson",76978,153.29055054691,0.105113636363636,163.683130245005,25.9814492452389,267.608927225961,10.5113636363636
2021-03-13,8123,11,6142,4,1981,7,6889,4,59803,76,66692,80,0,159,2,208,9,7756,1,203,172,"Anderson",76978,154.589623009171,0.101892285298399,103.925796980956,14.2897970848814,270.207072150485,10.1892285298399
2021-03-14,8129,6,6146,4,1983,2,6895,6,59839,36,66734,42,0,159,-13,195,19,7775,1,204,172,"Anderson",76978,154.589623009171,0.106259097525473,54.5610434150017,7.79443477357167,253.319130141079,10.6259097525473
2021-03-15,8147,18,6152,6,1995,12,6901,6,59872,33,66773,39,0,159,-9,186,27,7802,1,205,172,"Anderson",76978,157.187767933695,0.109375,50.6638260282159,23.383304320715,241.627477980722,10.9375
2021-03-16,8180,33,6165,13,2015,20,6916,15,59965,93,66881,108,0,159,-2,184,35,7837,2,207,172,"Anderson",76978,172.776637480839,0.114074074074074,140.29982592429,42.8693912546442,239.029333056198,11.4074074074074
2021-03-17,8198,18,6177,12,2021,6,6929,13,60052,87,66981,100,0,159,-4,180,22,7859,0,207,173,"Anderson",76978,167.580347631791,0.122923588039867,129.907246226195,23.383304320715,233.83304320715,12.2923588039867
2021-03-18,8214,16,6189,12,2025,4,6944,15,60133,81,67077,96,1,160,-1,179,16,7875,0,207,173,"Anderson",76978,158.486840395957,0.133671742808799,124.710956377147,20.7851593961911,232.533970744888,13.3671742808799
2021-03-19,8238,24,6203,14,2035,10,6957,13,60252,119,67209,132,0,160,13,192,11,7886,1,208,173,"Anderson",76978,163.683130245005,0.120603015075377,171.477565018577,31.1777390942867,249.421912754293,12.0603015075377
2021-03-20,8250,12,6209,6,2041,6,6965,8,60291,39,67256,47,0,160,3,195,9,7895,1,209,173,"Anderson",76978,164.982202707267,0.134751773049645,61.0564057263114,15.5888695471433,253.319130141079,13.4751773049645
2021-03-21,8260,10,6215,6,2045,4,6972,7,60353,62,67325,69,-1,159,-5,190,16,7911,0,209,173,"Anderson",76978,170.178492556315,0.130287648054146,89.6359998960742,12.9907246226195,246.82376782977,13.0287648054146
2021-03-22,8266,6,6216,1,2050,5,6973,1,60419,66,67392,67,0,159,-9,181,15,7926,1,210,173,"Anderson",76978,154.589623009171,0.116316639741519,87.0378549715503,7.79443477357167,235.132115669412,11.6316639741519
2021-03-23,8272,6,6217,1,2055,5,6974,1,60462,43,67436,44,0,159,-15,166,21,7947,0,210,174,"Anderson",76978,119.514666528099,0.104504504504505,57.1591883395256,7.79443477357167,215.646028735483,10.4504504504505
2021-03-24,8280,8,6224,7,2056,1,6981,7,60583,121,67564,128,1,160,-11,155,18,7965,0,210,174,"Anderson",76978,106.523941905479,0.0891938250428816,166.281275169529,10.3925796980956,201.356231650601,8.91938250428817
2021-03-25,8290,10,6229,5,2061,5,6987,6,60684,101,67671,107,0,160,-10,145,20,7985,0,210,174,"Anderson",76978,98.7295071319078,0.0723905723905724,139.000753462028,12.9907246226195,188.365507027982,7.23905723905724
2021-03-26,8307,17,6241,12,2066,5,6998,11,60750,66,67748,77,0,160,2,147,15,8000,0,210,175,"Anderson",76978,89.6359998960742,0.0760667903525046,100.02857959417,22.0842318584531,190.963651952506,7.60667903525046
2021-03-27,8311,4,6245,4,2066,0,7004,6,60814,64,67818,70,1,161,-12,135,15,8015,2,212,175,"Anderson",76978,79.2434201979786,0.0693950177935943,90.9350723583361,5.19628984904778,175.374782405363,6.93950177935943
2021-03-28,8314,3,6245,0,2069,3,7004,0,60843,29,67847,29,1,162,-12,123,14,8029,0,212,176,"Anderson",76978,70.149912962145,0.0613026819923372,37.6731014055964,3.89721738678583,159.785912858219,6.13026819923372
2021-03-29,8329,15,6249,4,2080,11,7008,4,60929,86,67937,90,1,163,-18,105,32,8061,0,212,177,"Anderson",76978,81.8415651225025,0.0642201834862385,116.916521603575,19.4860869339292,136.402608537504,6.42201834862385
2021-03-30,8334,5,6252,3,2082,2,7011,3,60987,58,67998,61,1,164,-12,93,16,8077,0,212,177,"Anderson",76978,80.5424926602406,0.0658362989323843,79.2434201979787,6.49536231130973,120.813738990361,6.58362989323843
2021-03-31,8357,23,6266,14,2091,9,7027,16,61151,164,68178,180,1,165,10,103,12,8089,1,213,177,"Anderson",76978,100.02857959417,0.0749185667752443,233.83304320715,29.8786666320247,133.80446361298,7.49185667752443
2021-04-01,8367,10,6271,5,2096,5,7031,4,61208,57,68239,61,0,165,-7,96,17,8106,0,213,177,"Anderson",76978,100.02857959417,0.0774647887323944,79.2434201979787,12.9907246226195,124.710956377147,7.74647887323944
2021-04-02,8375,8,6277,6,2098,2,7039,8,61278,70,68317,78,0,165,-2,94,10,8116,0,213,177,"Anderson",76978,88.3369274338123,0.0720562390158172,101.327652056432,10.3925796980956,122.112811452623,7.20562390158172
2021-04-03,8381,6,6282,5,2099,1,7045,6,61328,50,68373,56,0,165,-8,86,14,8130,0,213,177,"Anderson",76978,90.9350723583361,0.0738738738738739,72.7480578866689,7.79443477357167,111.720231754527,7.38738738738739
2021-04-04,8383,2,6284,2,2099,0,7047,2,61366,38,68413,40,0,165,-6,80,8,8138,0,213,177,"Anderson",76978,89.6359998960742,0.0759717314487632,51.9628984904778,2.59814492452389,103.925796980956,7.59717314487632
2021-04-05,8397,14,6287,3,2110,11,7049,2,61424,58,68473,60,0,165,4,84,10,8148,2,215,177,"Anderson",76978,88.3369274338123,0.0764925373134328,77.9443477357167,18.1870144716672,109.122086830003,7.64925373134328
2021-04-06,8402,5,6291,4,2111,1,7055,6,61466,42,68521,48,0,165,3,87,2,8150,0,215,177,"Anderson",76978,88.3369274338123,0.0841300191204589,62.3554781885734,6.49536231130973,113.019304216789,8.41300191204589
2021-04-07,8422,20,6304,13,2118,7,7069,14,61625,159,68694,173,0,165,10,97,10,8160,2,217,177,"Anderson",76978,84.4397100470264,0.0813953488372093,224.739535971316,25.9814492452389,126.010028839409,8.13953488372093
2021-04-08,8425,3,6306,2,2119,1,7072,3,61716,91,68788,94,5,170,-17,80,15,8175,1,218,177,"Anderson",76978,75.3462028111928,0.0746812386156648,122.112811452623,3.89721738678583,103.925796980956,7.46812386156649
2021-04-09,8433,8,6312,6,2121,2,7081,9,61803,87,68884,96,-4,166,8,88,4,8179,0,218,177,"Anderson",76978,75.3462028111928,0.0740740740740741,124.710956377147,10.3925796980956,114.318376679051,7.40740740740741
2021-04-10,8438,5,6317,5,2121,0,7086,5,61874,71,68960,76,0,166,-7,81,12,8191,0,218,177,"Anderson",76978,74.0471303489309,0.0698466780238501,98.7295071319078,6.49536231130973,105.224869443218,6.98466780238501
2021-04-11,8445,7,6322,5,2123,2,7091,5,61918,44,69009,49,-1,165,0,81,8,8199,0,218,177,"Anderson",76978,80.5424926602406,0.0738255033557047,63.6545506508353,9.09350723583361,105.224869443218,7.38255033557047
2021-04-12,8448,3,6325,3,2123,0,7094,3,61987,69,69081,72,0,165,-7,74,10,8209,0,218,177,"Anderson",76978,66.2526955753592,0.0740131578947368,93.53321728286,3.89721738678583,96.1313622073839,7.40131578947368
2021-04-13,8458,10,6330,5,2128,5,7100,6,62048,61,69148,67,5,170,-5,69,10,8219,0,218,177,"Anderson",76978,72.7480578866689,0.0717703349282297,87.0378549715503,12.9907246226195,89.6359998960742,7.17703349282297
2021-04-14,8472,14,6339,9,2133,5,7111,11,62186,138,69297,149,0,170,7,76,7,8226,0,218,177,"Anderson",76978,64.9536231130973,0.0696517412935323,193.56179687703,18.1870144716672,98.7295071319078,6.96517412935323
2021-04-15,8481,9,6344,5,2137,4,7116,5,62267,81,69383,86,0,170,6,82,3,8229,0,218,177,"Anderson",76978,72.7480578866689,0.0739495798319328,111.720231754527,11.6916521603575,106.523941905479,7.39495798319328
2021-04-16,8494,13,6355,11,2139,2,7129,13,62420,153,69549,166,0,170,6,88,7,8236,0,218,177,"Anderson",76978,79.2434201979786,0.0721804511278196,215.646028735483,16.8879420094053,114.318376679051,7.21804511278196
2021-04-17,8499,5,6358,3,2141,2,7133,4,62485,65,69618,69,0,170,0,88,5,8241,0,218,177,"Anderson",76978,79.2434201979786,0.0714285714285714,89.6359998960742,6.49536231130973,114.318376679051,7.14285714285714
2021-04-18,8506,7,6364,6,2142,1,7139,6,62530,45,69669,51,0,170,0,88,7,8248,0,218,177,"Anderson",76978,79.2434201979786,0.0727272727272727,66.2526955753592,9.09350723583361,114.318376679051,7.27272727272727
2021-04-19,8512,6,6367,3,2145,3,7142,3,62553,23,69695,26,0,170,-6,82,12,8260,0,218,178,"Anderson",76978,83.1406375847645,0.0781758957654723,33.7758840188106,7.79443477357167,106.523941905479,7.81758957654723
2021-04-20,8518,6,6370,3,2148,3,7145,3,62652,99,69797,102,0,170,-1,81,7,8267,0,218,178,"Anderson",76978,77.9443477357167,0.0693374422187981,132.505391150718,7.79443477357167,105.224869443218,6.93374422187981
2021-04-21,8530,12,6376,6,2154,6,7151,6,62807,155,69958,161,1,171,-2,79,13,8280,0,218,178,"Anderson",76978,75.3462028111928,0.0605143721633888,209.150666424173,15.5888695471433,102.626724518694,6.05143721633888
2021-04-22,8548,18,6382,6,2166,12,7158,7,62951,144,70109,151,0,171,12,91,6,8286,0,218,178,"Anderson",76978,87.0378549715503,0.0578512396694215,196.159941801554,23.383304320715,118.215594065837,5.78512396694215
2021-04-23,8558,10,6387,5,2171,5,7164,6,63117,166,70281,172,0,171,8,99,2,8288,0,218,178,"Anderson",76978,83.1406375847645,0.0478142076502732,223.440463509055,12.9907246226195,128.608173763933,4.78142076502732
2021-04-24,8570,12,6393,6,2177,6,7171,7,63184,67,70355,74,0,171,8,107,4,8292,1,219,178,"Anderson",76978,92.2341448205981,0.0515603799185889,96.1313622073839,15.5888695471433,139.000753462028,5.15603799185889
2021-04-25,8574,4,6395,2,2179,2,7173,2,63224,40,70397,42,0,171,0,107,4,8296,0,219,178,"Anderson",76978,88.3369274338123,0.0467032967032967,54.5610434150017,5.19628984904778,139.000753462028,4.67032967032967
2021-04-26,8583,9,6399,4,2184,5,7177,4,63299,75,70476,79,0,171,2,109,7,8303,0,219,179,"Anderson",76978,92.2341448205981,0.0448143405889885,102.626724518694,11.6916521603575,141.598898386552,4.48143405889885
2021-04-27,8593,10,6405,6,2188,4,7183,6,63367,68,70550,74,0,171,-3,106,13,8316,0,219,179,"Anderson",76978,97.4304346696459,0.050464807436919,96.1313622073839,12.9907246226195,137.701680999766,5.0464807436919
2021-04-28,8610,17,6417,12,2193,5,7196,13,63505,138,70701,151,0,171,1,107,16,8332,1,220,180,"Anderson",76978,103.925796980956,0.0605652759084791,196.159941801554,22.0842318584531,139.000753462028,6.05652759084791
2021-04-29,8616,6,6419,2,2197,4,7199,3,63654,149,70853,152,0,171,-1,106,7,8339,0,220,180,"Anderson",76978,88.3369274338123,0.0551075268817204,197.459014263816,7.79443477357167,137.701680999766,5.51075268817204
2021-04-30,8623,7,6422,3,2201,4,7203,4,63776,122,70979,126,0,171,-2,104,9,8348,0,220,180,"Anderson",76978,84.4397100470264,0.0558739255014327,163.683130245005,9.09350723583361,135.103536075242,5.58739255014327
2021-05-01,8628,5,6425,3,2203,2,7206,3,63839,63,71045,66,0,171,-1,103,6,8354,1,221,180,"Anderson",76978,75.3462028111928,0.0507246376811594,85.7387825092884,6.49536231130973,133.80446361298,5.07246376811594
2021-05-02,8631,3,6426,1,2205,2,7207,1,63890,51,71097,52,0,171,-7,96,10,8364,0,221,180,"Anderson",76978,74.0471303489309,0.0485714285714286,67.5517680376211,3.89721738678583,124.710956377147,4.85714285714286
2021-05-03,8641,10,6431,5,2210,5,7212,5,63996,106,71208,111,0,171,-3,93,13,8377,0,221,180,"Anderson",76978,75.3462028111928,0.0478142076502732,144.197043311076,12.9907246226195,120.813738990361,4.78142076502732
2021-05-04,8643,2,6431,0,2212,2,7213,1,64072,76,71285,77,0,171,-11,82,13,8390,0,221,180,"Anderson",76978,64.9536231130973,0.0408163265306122,100.02857959417,2.59814492452389,106.523941905479,4.08163265306122
2021-05-05,8651,8,6435,4,2216,4,7216,3,64189,117,71405,120,0,171,-3,79,11,8401,0,221,180,"Anderson",76978,53.2619709527397,0.0284090909090909,155.888695471433,10.3925796980956,102.626724518694,2.84090909090909
2021-05-06,8656,5,6438,3,2218,2,7222,6,64241,52,71463,58,0,171,-5,74,10,8411,1,222,180,"Anderson",76978,51.9628984904778,0.0377049180327869,75.3462028111928,6.49536231130973,96.1313622073839,3.77049180327869
2021-05-07,8661,5,6440,2,2221,3,7225,3,64362,121,71587,124,0,171,-4,70,9,8420,0,222,180,"Anderson",76978,49.3647535659539,0.0361842105263158,161.084985320481,6.49536231130973,90.9350723583361,3.61842105263158
2021-05-08,8667,6,6443,3,2224,3,7227,2,64431,69,71658,71,0,171,-6,64,12,8432,1,223,181,"Anderson",76978,50.6638260282159,0.034257748776509,92.2341448205981,7.79443477357167,83.1406375847645,3.4257748776509
2021-05-09,8668,1,6443,0,2225,1,7228,1,64459,28,71687,29,0,171,-4,60,5,8437,0,223,181,"Anderson",76978,48.065681103692,0.0355932203389831,37.6731014055964,1.29907246226194,77.9443477357167,3.55932203389831
2021-05-10,8673,5,6443,0,2230,5,7228,0,64547,88,71775,88,0,171,-5,55,10,8447,0,223,181,"Anderson",76978,41.5703187923822,0.0282186948853616,114.318376679051,6.49536231130973,71.448985424407,2.82186948853616
2021-05-11,8681,8,6444,1,2237,7,7230,2,64589,42,71819,44,0,171,3,58,5,8452,0,223,182,"Anderson",76978,49.3647535659539,0.0318352059925094,57.1591883395256,10.3925796980956,75.3462028111928,3.18352059925094
2021-05-12,8694,13,6451,7,2243,6,7236,6,64693,104,71929,110,0,171,8,66,5,8457,2,225,182,"Anderson",76978,55.8601158772636,0.0381679389312977,142.897970848814,16.8879420094053,85.7387825092884,3.81679389312977
2021-05-13,8698,4,6453,2,2245,2,7238,2,64796,103,72034,105,0,171,-3,63,7,8464,2,227,182,"Anderson",76978,54.5610434150017,0.0280210157618214,136.402608537504,5.19628984904778,81.8415651225025,2.80210157618214
2021-05-14,8706,8,6456,3,2250,5,7243,5,64883,87,72126,92,0,171,2,65,6,8470,0,227,182,"Anderson",76978,58.4582608017875,0.0333951762523191,119.514666528099,10.3925796980956,84.4397100470264,3.33951762523191
2021-05-15,8711,5,6458,2,2253,3,7245,2,64948,65,72193,67,0,171,2,67,3,8473,0,227,182,"Anderson",76978,57.1591883395256,0.0336448598130841,87.0378549715503,6.49536231130973,87.0378549715503,3.36448598130841
2021-05-16,8713,2,6459,1,2254,1,7246,1,64984,36,72230,37,0,171,-5,62,7,8480,0,227,182,"Anderson",76978,58.4582608017875,0.0331491712707182,48.065681103692,2.59814492452389,80.5424926602406,3.31491712707182
2021-05-17,8719,6,6464,5,2255,1,7251,5,65043,59,72294,64,1,172,0,62,5,8485,0,227,182,"Anderson",76978,59.7573332640495,0.0443159922928709,83.1406375847645,7.79443477357167,80.5424926602406,4.43159922928709
2021-05-18,8723,4,6464,0,2259,4,7251,0,65134,91,72385,91,0,172,0,62,4,8489,1,228,182,"Anderson",76978,54.5610434150017,0.0371024734982332,118.215594065837,5.19628984904778,80.5424926602406,3.71024734982332
2021-05-19,8730,7,6469,5,2261,2,7257,6,65253,119,72510,125,0,172,5,67,2,8491,0,228,182,"Anderson",76978,46.76660864143,0.036144578313253,162.384057782743,9.09350723583361,87.0378549715503,3.6144578313253
2021-05-20,8732,2,6471,2,2261,0,7259,2,65372,119,72631,121,0,172,-1,66,3,8494,0,228,182,"Anderson",76978,44.1684637169061,0.0351758793969849,157.187767933695,2.59814492452389,85.7387825092884,3.51758793969849
2021-05-21,8734,2,6471,0,2263,2,7259,0,65442,70,72701,70,0,172,-7,59,9,8503,0,228,182,"Anderson",76978,36.3740289433345,0.0278260869565217,90.9350723583361,2.59814492452389,76.6452752734548,2.78260869565217
2021-05-22,8739,5,6473,2,2266,3,7261,2,65482,40,72743,42,0,172,-3,56,8,8511,0,228,182,"Anderson",76978,36.3740289433345,0.0290909090909091,54.5610434150017,6.49536231130973,72.7480578866689,2.90909090909091
2021-05-23,8739,0,6473,0,2266,0,7261,0,65511,29,72772,29,0,172,-3,53,3,8514,0,228,182,"Anderson",76978,33.7758840188106,0.0276752767527675,37.6731014055964,0,68.8508404998831,2.76752767527675
2021-05-24,8747,8,6477,4,2270,4,7264,3,65570,59,72834,62,0,172,1,54,7,8521,0,228,182,"Anderson",76978,36.3740289433345,0.0240740740740741,80.5424926602406,10.3925796980956,70.149912962145,2.40740740740741
2021-05-25,8749,2,6477,0,2272,2,7265,1,65615,45,72880,46,0,172,-10,44,12,8533,0,228,182,"Anderson",76978,33.7758840188106,0.0282828282828283,59.7573332640495,2.59814492452389,57.1591883395256,2.82828282828283
2021-05-26,8756,7,6482,5,2274,2,7271,6,65715,100,72986,106,0,172,0,44,7,8540,0,228,182,"Anderson",76978,33.7758840188106,0.0294117647058824,137.701680999766,9.09350723583361,57.1591883395256,2.94117647058824
2021-05-27,8758,2,6483,1,2275,1,7272,1,65765,50,73037,51,0,172,-1,43,3,8543,1,229,182,"Anderson",76978,33.7758840188106,0.0320197044334975,66.2526955753592,2.59814492452389,55.8601158772636,3.20197044334975
2021-05-28,8763,5,6487,4,2276,1,7277,5,65848,83,73125,88,0,172,0,43,5,8548,0,229,182,"Anderson",76978,37.6731014055964,0.0424528301886792,114.318376679051,6.49536231130973,55.8601158772636,4.24528301886792
2021-05-29,8764,1,6487,0,2277,1,7277,0,65885,37,73162,37,0,172,-5,38,6,8554,0,229,182,"Anderson",76978,32.4768115565486,0.0381861575178998,48.065681103692,1.29907246226194,49.3647535659539,3.81861575178998
2021-05-30,8767,3,6488,1,2279,2,7278,1,65935,50,73213,51,0,172,0,38,3,8557,0,229,182,"Anderson",76978,36.3740289433345,0.0385487528344671,66.2526955753592,3.89721738678583,49.3647535659539,3.85487528344671
2021-05-31,8771,4,6491,3,2280,1,7281,3,65986,51,73267,54,0,172,1,39,3,8560,0,229,182,"Anderson",76978,31.1777390942867,0.0392609699769053,70.149912962145,5.19628984904778,50.6638260282159,3.92609699769053
2021-06-01,8774,3,6493,2,2281,1,7282,1,66034,48,73316,49,0,172,1,40,2,8562,1,230,182,"Anderson",76978,32.4768115565486,0.0389908256880734,63.6545506508353,3.89721738678583,51.9628984904778,3.89908256880734
2021-06-02,8778,4,6494,1,2284,3,7284,2,66075,41,73359,43,0,172,-2,38,6,8568,0,230,182,"Anderson",76978,28.5795941697628,0.0348525469168901,55.8601158772636,5.19628984904778,49.3647535659539,3.48525469168901
2021-06-03,8779,1,6494,0,2285,1,7287,3,66165,90,73452,93,1,173,-3,35,3,8571,0,230,183,"Anderson",76978,27.2805217075008,0.036144578313253,120.813738990361,1.29907246226194,45.4675361791681,3.6144578313253
2021-06-04,8780,1,6495,1,2285,0,7289,2,66218,53,73507,55,-1,172,-2,33,4,8575,0,230,183,"Anderson",76978,22.0842318584531,0.031413612565445,71.448985424407,1.29907246226194,42.8693912546442,3.1413612565445
2021-06-05,8781,1,6496,1,2285,0,7290,1,66275,57,73565,58,0,172,-3,30,4,8579,0,230,183,"Anderson",76978,22.0842318584531,0.032258064516129,75.3462028111928,1.29907246226194,38.9721738678584,3.2258064516129
2021-06-06,8781,0,6496,0,2285,0,7290,0,66300,25,73590,25,0,172,-4,26,4,8583,0,230,183,"Anderson",76978,18.1870144716672,0.0318302387267905,32.4768115565486,0,33.7758840188106,3.18302387267904
2021-06-07,8782,1,6496,0,2286,1,7290,0,66364,64,73654,64,0,172,-1,25,2,8585,0,230,183,"Anderson",76978,14.2897970848814,0.0232558139534884,83.1406375847645,1.29907246226194,32.4768115565486,2.32558139534884
2021-06-08,8783,1,6496,0,2287,1,7290,0,66401,37,73691,37,0,172,-1,24,2,8587,1,231,184,"Anderson",76978,11.6916521603575,0.0213333333333333,48.065681103692,1.29907246226194,31.1777390942867,2.13333333333333
2021-06-09,8783,0,6496,0,2287,0,7290,0,66483,82,73773,82,0,172,-4,20,4,8591,0,231,184,"Anderson",76978,6.49536231130972,0.0144927536231884,106.523941905479,0,25.9814492452389,1.44927536231884
2021-06-10,8787,4,6497,1,2290,3,7291,1,66540,57,73831,58,0,172,4,24,0,8591,0,231,184,"Anderson",76978,10.3925796980956,0.0105540897097625,75.3462028111928,5.19628984904778,31.1777390942867,1.05540897097625
2021-06-11,8788,1,6497,0,2291,1,7292,1,66595,55,73887,56,1,173,-3,21,3,8594,0,231,184,"Anderson",76978,10.3925796980956,0.00789473684210526,72.7480578866689,1.29907246226194,27.2805217075008,0.789473684210526
2021-06-12,8789,1,6497,0,2292,1,7293,1,66650,55,73943,56,2,175,-4,17,3,8597,0,231,184,"Anderson",76978,10.3925796980956,0.00793650793650794,72.7480578866689,1.29907246226194,22.0842318584531,0.793650793650794
2021-06-13,8790,1,6497,0,2293,1,7294,1,66688,38,73982,39,0,175,-3,14,4,8601,0,231,184,"Anderson",76978,11.6916521603575,0.0102040816326531,50.6638260282159,1.29907246226194,18.1870144716672,1.02040816326531
2021-06-14,8792,2,6499,2,2293,0,7296,2,66774,86,74070,88,0,175,1,15,1,8602,0,231,184,"Anderson",76978,12.9907246226194,0.0144230769230769,114.318376679051,2.59814492452389,19.4860869339292,1.44230769230769
2021-06-15,8792,0,6499,0,2293,0,7297,1,66805,31,74102,32,0,175,-2,13,2,8604,0,231,184,"Anderson",76978,11.6916521603575,0.0170316301703163,41.5703187923822,0,16.8879420094053,1.70316301703163
2021-06-16,8793,1,6500,1,2293,0,7298,1,66849,44,74147,45,0,175,0,13,1,8605,0,231,184,"Anderson",76978,12.9907246226194,0.0213903743315508,58.4582608017875,1.29907246226194,16.8879420094053,2.13903743315508
2021-06-17,8793,0,6500,0,2293,0,7298,0,66935,86,74233,86,0,175,-1,12,1,8606,0,231,184,"Anderson",76978,7.79443477357167,0.0174129353233831,111.720231754527,0,15.5888695471433,1.74129353233831
2021-06-18,8795,2,6501,1,2294,1,7302,4,66985,50,74287,54,0,175,1,13,1,8607,0,231,184,"Anderson",76978,9.09350723583361,0.025,70.149912962145,2.59814492452389,16.8879420094053,2.5
2021-06-19,8795,0,6501,0,2294,0,7302,0,67033,48,74335,48,0,175,-1,12,1,8608,0,231,184,"Anderson",76978,7.79443477357167,0.0229591836734694,62.3554781885734,0,15.5888695471433,2.29591836734694
2021-06-20,8795,0,6501,0,2294,0,7303,1,67056,23,74359,24,0,175,-2,10,2,8610,0,231,184,"Anderson",76978,6.49536231130972,0.0238726790450928,31.1777390942867,0,12.9907246226195,2.38726790450928
2021-06-21,8796,1,6501,0,2295,1,7303,0,67096,40,74399,40,0,175,0,10,1,8611,0,231,184,"Anderson",76978,5.19628984904778,0.0212765957446809,51.9628984904778,1.29907246226194,12.9907246226195,2.12765957446809
2021-06-22,8800,4,6502,1,2298,3,7303,0,67138,42,74441,42,0,175,2,12,2,8613,1,232,184,"Anderson",76978,10.3925796980956,0.0176991150442478,54.5610434150017,5.19628984904778,15.5888695471433,1.76991150442478
2021-06-23,8801,1,6503,1,2298,0,7304,1,67186,48,74490,49,0,175,1,13,0,8613,0,232,184,"Anderson",76978,10.3925796980956,0.0174927113702624,63.6545506508353,1.29907246226194,16.8879420094053,1.74927113702624
2021-06-24,8801,0,6503,0,2298,0,7305,1,67231,45,74536,46,0,175,-3,10,3,8616,0,232,184,"Anderson",76978,10.3925796980956,0.0231023102310231,59.7573332640495,0,12.9907246226195,2.31023102310231
2021-06-25,8802,1,6504,1,2298,0,7306,1,67267,36,74573,37,0,175,1,11,0,8616,0,232,184,"Anderson",76978,9.09350723583361,0.013986013986014,48.065681103692,1.29907246226194,14.2897970848814,1.3986013986014
2021-06-26,8803,1,6505,1,2298,0,7307,1,67300,33,74607,34,0,175,0,11,1,8617,0,232,184,"Anderson",76978,10.3925796980956,0.0183823529411765,44.1684637169061,1.29907246226194,14.2897970848814,1.83823529411765
2021-06-27,8803,0,6505,0,2298,0,7307,0,67332,32,74639,32,0,175,0,11,0,8617,0,232,184,"Anderson",76978,10.3925796980956,0.0142857142857143,41.5703187923822,0,14.2897970848814,1.42857142857143
2021-06-28,8804,1,6505,0,2299,1,7308,1,67348,16,74656,17,0,175,1,12,0,8617,0,232,184,"Anderson",76978,10.3925796980956,0.0194552529182879,22.0842318584531,1.29907246226194,15.5888695471433,1.94552529182879
2021-06-29,8807,3,6508,3,2299,0,7311,3,67407,59,74718,62,0,175,2,14,1,8618,0,232,184,"Anderson",76978,9.09350723583361,0.0288808664259928,80.5424926602406,3.89721738678583,18.1870144716672,2.88808664259928
2021-06-30,8807,0,6508,0,2299,0,7311,0,67453,46,74764,46,0,175,-1,13,1,8619,0,232,184,"Anderson",76978,7.79443477357167,0.0255474452554745,59.7573332640495,0,16.8879420094053,2.55474452554745
2021-07-01,8808,1,6509,1,2299,0,7312,1,67490,37,74802,38,0,175,1,14,0,8619,0,232,184,"Anderson",76978,9.09350723583361,0.0263157894736842,49.3647535659539,1.29907246226194,18.1870144716672,2.63157894736842
2021-07-02,8808,0,6509,0,2299,0,7312,0,67533,43,74845,43,0,175,0,14,0,8619,0,232,184,"Anderson",76978,7.79443477357167,0.0220588235294118,55.8601158772636,0,18.1870144716672,2.20588235294118
2021-07-03,8808,0,6509,0,2299,0,7312,0,67554,21,74866,21,0,175,-1,13,1,8620,0,232,184,"Anderson",76978,6.49536231130972,0.0193050193050193,27.2805217075008,0,16.8879420094053,1.93050193050193
2021-07-04,8809,1,6509,0,2300,1,7313,1,67579,25,74892,26,0,175,0,13,1,8621,0,232,184,"Anderson",76978,7.79443477357167,0.0237154150197628,33.7758840188106,1.29907246226194,16.8879420094053,2.37154150197628
2021-07-05,8809,0,6509,0,2300,0,7314,1,67594,15,74908,16,0,175,-1,12,1,8622,0,232,184,"Anderson",76978,6.49536231130972,0.0238095238095238,20.7851593961911,0,15.5888695471433,2.38095238095238
2021-07-06,8810,1,6509,0,2301,1,7314,0,67624,30,74938,30,1,176,-3,9,3,8625,0,232,184,"Anderson",76978,3.89721738678583,0.0136363636363636,38.9721738678584,1.29907246226194,11.6916521603575,1.36363636363636
2021-07-07,8811,1,6509,0,2302,1,7314,0,67670,46,74984,46,0,176,-2,7,3,8628,0,232,184,"Anderson",76978,5.19628984904778,0.0136363636363636,59.7573332640495,1.29907246226194,9.09350723583361,1.36363636363636
2021-07-08,8812,1,6510,1,2302,0,7315,1,67711,41,75026,42,0,176,-1,6,2,8630,0,232,184,"Anderson",76978,5.19628984904778,0.0133928571428571,54.5610434150017,1.29907246226194,7.79443477357167,1.33928571428571
2021-07-09,8814,2,6511,1,2303,1,7316,1,67755,44,75071,45,0,176,1,7,1,8631,0,232,184,"Anderson",76978,7.79443477357167,0.0176991150442478,58.4582608017875,2.59814492452389,9.09350723583361,1.76991150442478
2021-07-10,8816,2,6512,1,2304,1,7317,1,67777,22,75094,23,0,176,2,9,0,8631,1,233,184,"Anderson",76978,10.3925796980956,0.0219298245614035,29.8786666320247,2.59814492452389,11.6916521603575,2.19298245614035
2021-07-11,8816,0,6512,0,2304,0,7317,0,67792,15,75109,15,0,176,0,9,0,8631,0,233,184,"Anderson",76978,9.09350723583361,0.0184331797235023,19.4860869339292,0,11.6916521603575,1.84331797235023
2021-07-12,8824,8,6516,4,2308,4,7321,4,67828,36,75149,40,0,176,7,16,1,8632,1,234,184,"Anderson",76978,19.4860869339292,0.029045643153527,51.9628984904778,10.3925796980956,20.7851593961911,2.9045643153527
2021-07-13,8825,1,6516,0,2309,1,7321,0,67849,21,75170,21,0,176,0,16,1,8633,0,234,186,"Anderson",76978,19.4860869339292,0.0301724137931034,27.2805217075008,1.29907246226194,20.7851593961911,3.01724137931034
2021-07-14,8830,5,6521,5,2309,0,7326,5,67903,54,75229,59,0,176,5,21,0,8633,1,235,186,"Anderson",76978,24.682376782977,0.0489795918367347,76.6452752734548,6.49536231130973,27.2805217075008,4.89795918367347
2021-07-15,8833,3,6524,3,2309,0,7328,2,67936,33,75264,35,0,176,3,24,0,8633,0,235,186,"Anderson",76978,27.2805217075008,0.0546218487394958,45.4675361791681,3.89721738678583,31.1777390942867,5.46218487394958
2021-07-16,8843,10,6526,2,2317,8,7329,1,67964,28,75293,29,0,176,10,34,0,8633,0,235,186,"Anderson",76978,37.6731014055964,0.0585585585585586,37.6731014055964,12.9907246226195,44.1684637169061,5.85585585585586
2021-07-17,8848,5,6527,1,2321,4,7330,1,68000,36,75330,37,0,176,4,38,1,8634,0,235,186,"Anderson",76978,41.5703187923822,0.0550847457627119,48.065681103692,6.49536231130973,49.3647535659539,5.50847457627119
2021-07-18,8851,3,6529,2,2322,1,7332,2,68020,20,75352,22,0,176,-1,37,4,8638,0,235,186,"Anderson",76978,45.4675361791681,0.0617283950617284,28.5795941697628,3.89721738678583,48.065681103692,6.17283950617284
2021-07-19,8856,5,6533,4,2323,1,7336,4,68054,34,75390,38,0,176,3,40,2,8640,0,235,186,"Anderson",76978,41.5703187923822,0.0622406639004149,49.3647535659539,6.49536231130973,51.9628984904778,6.22406639004149
2021-07-20,8871,15,6544,11,2327,4,7347,11,68089,35,75436,46,0,176,10,50,5,8645,1,236,186,"Anderson",76978,59.7573332640495,0.0977443609022556,59.7573332640495,19.4860869339292,64.9536231130973,9.77443609022556
2021-07-21,8878,7,6548,4,2330,3,7352,5,68174,85,75526,90,0,176,5,55,2,8647,0,236,187,"Anderson",76978,62.3554781885734,0.0875420875420875,116.916521603575,9.09350723583361,71.448985424407,8.75420875420875
2021-07-22,8888,10,6553,5,2335,5,7356,4,68230,56,75586,60,0,176,9,64,1,8648,0,236,187,"Anderson",76978,71.448985424407,0.0869565217391304,77.9443477357167,12.9907246226195,83.1406375847645,8.69565217391304
2021-07-23,8898,10,6557,4,2341,6,7361,5,68301,71,75662,76,0,176,10,74,0,8648,0,236,187,"Anderson",76978,71.448985424407,0.0867208672086721,98.7295071319078,12.9907246226195,96.1313622073839,8.67208672086721
2021-07-24,8906,8,6561,4,2345,4,7365,4,68355,54,75720,58,0,176,7,81,1,8649,0,236,188,"Anderson",76978,75.3462028111928,0.0897435897435897,75.3462028111928,10.3925796980956,105.224869443218,8.97435897435897
2021-07-25,8911,5,6564,3,2347,2,7366,1,68377,22,75743,23,0,176,2,83,3,8652,0,236,188,"Anderson",76978,77.9443477357167,0.0869565217391304,29.8786666320247,6.49536231130973,107.823014367741,8.69565217391304
2021-07-26,8934,23,6573,9,2361,14,7374,8,68427,50,75801,58,2,178,13,96,8,8660,0,236,188,"Anderson",76978,101.327652056432,0.0924574209245742,75.3462028111928,29.8786666320247,124.710956377147,9.24574209245742
2021-07-27,8949,15,6578,5,2371,10,7379,5,68480,53,75859,58,0,178,12,108,3,8663,0,236,188,"Anderson",76978,101.327652056432,0.0756501182033097,75.3462028111928,19.4860869339292,140.29982592429,7.56501182033097
2021-07-28,8969,20,6586,8,2383,12,7391,12,68563,83,75954,95,0,178,14,122,6,8669,0,236,188,"Anderson",76978,118.215594065837,0.0911214953271028,123.411883914885,25.9814492452389,158.486840395957,9.11214953271028
2021-07-29,8981,12,6596,10,2385,2,7403,12,68612,49,76015,61,0,178,8,130,4,8673,0,236,188,"Anderson",76978,120.813738990361,0.10955710955711,79.2434201979787,15.5888695471433,168.879420094053,10.955710955711
2021-07-30,9012,31,6617,21,2395,10,7426,23,68661,49,76087,72,0,178,19,149,12,8685,1,237,188,"Anderson",76978,148.094260697862,0.152941176470588,93.53321728286,40.2712463301203,193.56179687703,15.2941176470588
2021-07-31,9025,13,6623,6,2402,7,7432,6,68703,42,76135,48,0,178,8,157,5,8690,0,237,188,"Anderson",76978,154.589623009171,0.16144578313253,62.3554781885734,16.8879420094053,203.954376575125,16.144578313253
2021-08-01,9044,19,6635,12,2409,7,7447,15,68742,39,76189,54,0,178,14,171,5,8695,0,237,188,"Anderson",76978,172.776637480839,0.181614349775785,70.149912962145,24.682376782977,222.141391046793,18.1614349775785
2021-08-02,9055,11,6640,5,2415,6,7452,5,68821,79,76273,84,0,178,3,174,8,8703,0,237,188,"Anderson",76978,157.187767933695,0.165254237288136,109.122086830003,14.2897970848814,226.038608433578,16.5254237288136
2021-08-03,9078,23,6651,11,2427,12,7465,13,68893,72,76358,85,0,178,14,188,9,8712,1,238,188,"Anderson",76978,167.580347631791,0.172344689378758,110.421159292265,29.8786666320247,244.225622905246,17.2344689378758
2021-08-04,9104,26,6673,22,2431,4,7486,21,68995,102,76481,123,0,178,24,212,2,8714,0,238,188,"Anderson",76978,175.374782405363,0.180265654648956,159.785912858219,33.7758840188106,275.403361999532,18.0265654648956
2021-08-05,9134,30,6689,16,2445,14,7502,16,69093,98,76595,114,0,178,13,225,17,8731,1,239,188,"Anderson",76978,198.758086726078,0.170689655172414,148.094260697862,38.9721738678584,292.291304008938,17.0689655172414
2021-08-06,9159,25,6705,16,2454,9,7520,18,69236,143,76756,161,0,178,17,242,8,8739,1,240,188,"Anderson",76978,190.963651952506,0.14050822122571,209.150666424173,32.4768115565486,314.375535867391,14.050822122571
2021-08-07,9172,13,6711,6,2461,7,7527,7,69311,75,76838,82,0,178,5,247,8,8747,0,240,188,"Anderson",76978,190.963651952506,0.135135135135135,106.523941905479,16.8879420094053,320.8708981787,13.5135135135135
2021-08-08,9186,14,6719,8,2467,6,7537,10,69363,52,76900,62,0,178,6,253,8,8755,0,240,188,"Anderson",76978,184.468289641196,0.126582278481013,80.5424926602406,18.1870144716672,328.665332952272,12.6582278481013
2021-08-09,9222,36,6738,19,2484,17,7556,19,69462,99,77018,118,0,178,16,269,20,8775,0,240,188,"Anderson",76978,216.945101197745,0.139597315436242,153.29055054691,46.76660864143,349.450492348463,13.9597315436242
2021-08-10,9261,39,6758,20,2503,19,7576,20,69562,100,77138,120,0,178,20,289,19,8794,2,242,188,"Anderson",76978,237.730260593936,0.142307692307692,155.888695471433,50.6638260282159,375.431941593702,14.2307692307692
2021-08-11,9315,54,6782,24,2533,30,7605,29,69694,132,77299,161,0,178,30,319,24,8818,1,243,188,"Anderson",76978,274.10428953727,0.145476772616137,209.150666424173,70.149912962145,414.40411546156,14.5476772616137
2021-08-12,9363,48,6818,36,2545,12,7642,37,69862,168,77504,205,0,178,27,346,21,8839,0,243,190,"Anderson",76978,297.487593857985,0.154015401540154,266.309854763699,62.3554781885734,449.479071942633,15.4015401540154
2021-08-13,9426,63,6853,35,2573,28,7680,38,69976,114,77656,152,2,180,45,391,16,8855,1,244,191,"Anderson",76978,346.852347423939,0.177777777777778,197.459014263816,81.8415651225025,507.93733274442,17.7777777777778
2021-08-14,9476,50,6888,35,2588,15,7712,32,70162,186,77874,218,0,180,29,420,21,8876,0,244,191,"Anderson",76978,394.918028527631,0.178571428571429,283.197796773104,64.9536231130973,545.610434150017,17.8571428571429
2021-08-15,9499,23,6901,13,2598,10,7727,15,70251,89,77978,104,0,180,16,436,7,8883,0,244,191,"Anderson",76978,406.609680687989,0.176252319109462,135.103536075242,29.8786666320247,566.395593546208,17.6252319109462
2021-08-16,9537,38,6925,24,2612,14,7751,24,70340,89,78091,113,0,180,11,447,27,8910,0,244,192,"Anderson",76978,409.207825612513,0.181733457595527,146.7951882356,49.3647535659539,580.685390631089,18.1733457595527
2021-08-17,9580,43,6946,21,2634,22,7775,24,70448,108,78223,132,1,181,14,461,28,8938,0,244,192,"Anderson",76978,414.40411546156,0.183410138248848,171.477565018577,55.8601158772636,598.872405102757,18.3410138248848
2021-08-18,9632,52,6973,27,2659,25,7806,31,70560,112,78366,143,0,181,15,476,37,8975,0,244,193,"Anderson",76978,411.805970537037,0.188378631677601,185.767362103458,67.5517680376211,618.358492036686,18.8378631677601
2021-08-19,9706,74,7006,33,2700,41,7841,35,70712,152,78553,187,0,181,48,524,26,9001,0,244,193,"Anderson",76978,445.581854555847,0.189704480457579,242.926550442984,96.1313622073839,680.713970225259,18.9704480457579
2021-08-20,9766,60,7048,42,2718,18,7885,44,70906,194,78791,238,0,181,26,550,34,9035,2,246,193,"Anderson",76978,441.684637169061,0.180616740088106,309.179246018343,77.9443477357167,714.48985424407,18.0616740088106
2021-08-21,9848,82,7082,34,2766,48,7919,34,71180,274,79099,308,0,181,61,611,21,9056,1,247,193,"Anderson",76978,483.254955961444,0.168979591836735,400.114318376679,106.523941905479,793.733274442048,16.8979591836735
2021-08-22,9870,22,7103,21,2767,1,7947,28,71336,156,79283,184,0,181,-3,608,25,9081,0,247,193,"Anderson",76978,481.955883499182,0.168582375478927,239.029333056198,28.5795941697628,789.836057055263,16.8582375478927
2021-08-23,9918,48,7117,14,2801,34,7964,17,71471,135,79435,152,0,181,-4,604,52,9133,2,249,194,"Anderson",76978,494.946608121801,0.158482142857143,197.459014263816,62.3554781885734,784.639767206215,15.8482142857143
2021-08-24,9962,44,7144,27,2818,17,7988,24,71557,86,79545,110,1,182,-23,581,66,9199,0,249,195,"Anderson",76978,496.245680584063,0.161119515885023,142.897970848814,57.1591883395256,754.76110057419,16.1119515885023
2021-08-25,10033,71,7170,26,2863,45,8010,22,71601,44,79611,66,0,182,15,596,56,9255,1,250,195,"Anderson",76978,520.92805736704,0.163855421686747,85.7387825092884,92.2341448205981,774.247187508119,16.3855421686747
2021-08-26,10101,68,7206,36,2895,32,8054,44,71773,172,79827,216,1,183,15,611,52,9307,2,252,196,"Anderson",76978,513.133622593468,0.167189952904239,280.59965184858,88.3369274338123,793.733274442048,16.7189952904239
2021-08-27,10176,75,7261,55,2915,20,8115,61,71950,177,80065,238,0,183,29,640,46,9353,0,252,196,"Anderson",76978,532.619709527397,0.180533751962323,309.179246018343,97.4304346696459,831.406375847645,18.0533751962323
2021-08-28,10235,59,7293,32,2942,27,8155,40,72154,204,80309,244,0,183,31,671,28,9381,0,252,196,"Anderson",76978,502.741042895373,0.19504132231405,316.973680791915,76.6452752734548,871.677622177765,19.504132231405
2021-08-29,10299,64,7342,49,2957,15,8209,54,72365,211,80574,265,0,183,40,711,24,9405,1,253,197,"Anderson",76978,557.302086310374,0.20294345468629,344.254202499415,83.1406375847645,923.640520668243,20.294345468629
2021-08-30,10370,71,7388,46,2982,25,8257,48,72591,226,80848,274,0,183,3,714,68,9473,3,256,197,"Anderson",76978,587.180752942399,0.207360226468507,355.945854659773,92.2341448205981,927.537738055029,20.7360226468507
2021-08-31,10504,134,7470,82,3034,52,8344,87,72848,257,81192,344,0,183,48,762,86,9559,0,256,198,"Anderson",76978,704.097274545974,0.216150576806314,446.880927018109,174.075709943101,989.893216243602,21.6150576806314
2021-09-01,10535,31,7492,22,3043,9,8368,24,72939,91,81307,115,0,183,-17,745,48,9607,0,256,199,"Anderson",76978,652.134376055496,0.211084905660377,149.393333160124,40.2712463301203,967.808984385149,21.1084905660377
2021-09-02,10594,59,7518,26,3076,33,8397,29,73040,101,81437,130,1,184,-9,736,67,9674,0,256,199,"Anderson",76978,640.442723895139,0.21304347826087,168.879420094053,76.6452752734548,956.117332224792,21.304347826087
2021-09-03,10623,29,7536,18,3087,11,8415,18,73113,73,81528,91,0,184,-38,698,67,9741,0,256,199,"Anderson",76978,580.685390631089,0.205058099794942,118.215594065837,37.6731014055964,906.752578658838,20.5058099794942
2021-09-04,10730,107,7606,70,3124,37,8491,76,73434,321,81925,397,0,184,76,774,31,9772,1,257,199,"Anderson",76978,643.040868819663,0.207920792079208,515.731767517992,139.000753462028,1005.48208579075,20.7920792079208
2021-09-05,10842,112,7680,74,3162,38,8567,76,73738,304,82305,380,0,184,76,850,36,9808,1,258,200,"Anderson",76978,705.396347008236,0.20681686886193,493.647535659539,145.496115773338,1104.21159292265,20.681686886193
2021-09-06,10957,115,7757,77,3200,38,8654,87,74145,407,82799,494,0,184,-4,846,119,9927,3,261,201,"Anderson",76978,762.555535347762,0.203485392106612,641.741796357401,149.393333160124,1099.01530307361,20.3485392106612
2021-09-07,10994,37,7777,20,3217,17,8672,18,74244,99,82916,117,0,184,-73,773,110,10037,0,261,201,"Anderson",76978,636.545506508353,0.190255220417633,151.991478084648,48.065681103692,1004.18301332848,19.0255220417633
2021-09-08,11035,41,7808,31,3227,10,8704,32,74351,107,83055,139,0,184,-56,717,97,10134,2,263,204,"Anderson",76978,649.536231130973,0.192219679633867,180.57107225441,53.2619709527397,931.434955441815,19.2219679633867
2021-09-09,11093,58,7829,21,3264,37,8722,18,74557,206,83279,224,0,184,-42,675,100,10234,1,264,207,"Anderson",76978,648.237158668711,0.176438653637351,290.992231546676,75.3462028111928,876.873912026813,17.6438653637351
2021-09-10,11245,152,7902,73,3343,79,8803,81,74850,293,83653,374,1,185,65,740,86,10320,2,266,208,"Anderson",76978,808.02307152693,0.182588235294118,485.853100885967,197.459014263816,961.313622073839,18.2588235294118
2021-09-11,11360,115,7964,62,3396,53,8872,69,75196,346,84068,415,0,185,82,822,33,10353,1,267,208,"Anderson",76978,818.415651225025,0.177788147456836,539.115071838707,149.393333160124,1067.83756397932,17.7788147456836
2021-09-12,11398,38,7996,32,3402,6,8907,35,75339,143,84246,178,0,185,5,827,33,10386,4,271,209,"Anderson",76978,722.284289017641,0.175167439464194,231.234898282626,49.3647535659539,1074.33292629063,17.5167439464194
2021-09-13,11486,88,8030,34,3456,54,8941,34,75469,130,84410,164,4,189,-48,779,132,10518,3,274,209,"Anderson",76978,687.209332536569,0.178150217256363,213.047883810959,114.318376679051,1011.97744810206,17.8150217256363
2021-09-14,11546,60,8060,30,3486,30,8976,35,75628,159,84604,194,1,190,-47,732,106,10624,1,275,209,"Anderson",76978,717.087999168594,0.180094786729858,252.020057678817,77.9443477357167,950.921042375744,18.0094786729858
2021-09-15,11586,40,8076,16,3510,24,8990,14,75689,61,84679,75,0,190,-42,690,82,10706,1,276,210,"Anderson",76978,715.788926706332,0.176108374384236,97.4304346696459,51.9628984904778,896.359998960742,17.6108374384236
2021-09-16,11672,86,8130,54,3542,32,9046,56,75911,222,84957,278,0,190,26,716,60,10766,1,277,210,"Anderson",76978,752.162955649666,0.193087008343266,361.142144508821,111.720231754527,930.135882979553,19.3087008343266
2021-09-17,11745,73,8172,42,3573,31,9083,37,76074,163,85157,200,0,190,14,730,59,10825,1,278,214,"Anderson",76978,649.536231130973,0.186170212765957,259.814492452389,94.832289745122,948.32289745122,18.6170212765957
2021-09-18,11797,52,8202,30,3595,22,9116,33,76228,154,85344,187,0,190,7,737,45,10870,1,279,215,"Anderson",76978,567.69466600847,0.191222570532915,242.926550442984,67.5517680376211,957.416404687054,19.1222570532915
2021-09-19,11820,23,8211,9,3609,14,9126,10,76296,68,85422,78,0,190,-18,719,41,10911,0,279,215,"Anderson",76978,548.208579074541,0.186224489795918,101.327652056432,29.8786666320247,934.033100366338,18.6224489795918
2021-09-20,11883,63,8246,35,3637,28,9162,36,76482,186,85644,222,0,190,23,742,40,10951,3,282,215,"Anderson",76978,515.731767517992,0.179092382495948,288.394086622152,81.8415651225025,963.911766998363,17.9092382495948
2021-09-21,11937,54,8272,26,3665,28,9186,24,76600,118,85786,142,0,190,-56,686,110,11061,1,283,216,"Anderson",76978,507.93733274442,0.177664974619289,184.468289641196,70.149912962145,891.163709111694,17.7664974619289
2021-09-22,11988,51,8306,34,3682,17,9226,40,76872,272,86098,312,0,190,-39,647,90,11151,0,283,218,"Anderson",76978,522.227129829302,0.16631430584919,405.310608225727,66.2526955753592,840.499883083478,16.631430584919
2021-09-23,12063,75,8354,48,3709,27,9277,51,77080,208,86357,259,2,192,-10,637,83,11234,1,284,218,"Anderson",76978,507.93733274442,0.165,336.459767725844,97.4304346696459,827.509158460859,16.5
2021-09-24,12104,41,8376,22,3728,19,9302,25,77220,140,86522,165,2,194,-18,619,57,11291,1,285,221,"Anderson",76978,466.367013952038,0.16043956043956,214.346956273221,53.2619709527397,804.125854140144,16.043956043956
2021-09-25,12114,10,8380,4,3734,6,9308,6,77315,95,86623,101,0,194,-36,583,46,11337,0,285,221,"Anderson",76978,411.805970537037,0.150117279124316,131.206318688456,12.9907246226195,757.359245498714,15.0117279124316
2021-09-26,12132,18,8395,15,3737,3,9326,18,77452,137,86778,155,1,195,-12,571,29,11366,0,285,221,"Anderson",76978,405.310608225727,0.147492625368732,201.356231650601,23.383304320715,741.770375951571,14.7492625368732
2021-09-27,12182,50,8416,21,3766,29,9348,22,77538,86,86886,108,1,196,-43,528,92,11458,1,286,222,"Anderson",76978,388.422666216322,0.14975845410628,140.29982592429,64.9536231130973,685.910260074307,14.975845410628
2021-09-28,12231,49,8440,24,3791,25,9375,27,77633,95,87008,122,0,196,-29,499,78,11536,1,287,222,"Anderson",76978,381.927303905012,0.154664484451718,158.486840395957,63.6545506508353,648.237158668711,15.4664484451718
2021-09-29,12267,36,8456,16,3811,20,9392,17,77824,191,87216,208,2,198,-37,462,71,11607,0,287,224,"Anderson",76978,362.441216971083,0.148479427549195,270.207072150485,46.76660864143,600.171477565019,14.8479427549195
2021-09-30,12329,62,8494,38,3835,24,9432,40,77996,172,87428,212,0,198,2,464,60,11667,1,288,225,"Anderson",76978,345.553274961677,0.144724556489262,275.403361999532,80.5424926602406,602.769622489542,14.4724556489262
2021-10-01,12380,51,8521,27,3859,24,9461,29,78147,151,87608,180,0,198,-12,452,63,11730,1,289,226,"Anderson",76978,358.543999584297,0.146408839779006,233.83304320715,66.2526955753592,587.180752942399,14.6408839779006
2021-10-02,12397,17,8528,7,3869,10,9467,6,78227,80,87694,86,1,199,-10,442,26,11756,0,289,228,"Anderson",76978,367.63750682013,0.148459383753501,111.720231754527,22.0842318584531,574.19002831978,14.8459383753501
2021-10-03,12410,13,8537,9,3873,4,9476,9,78325,98,87801,107,4,203,-10,432,19,11775,0,289,228,"Anderson",76978,361.142144508821,0.146627565982405,139.000753462028,16.8879420094053,561.19930369716,14.6627565982405
2021-10-04,12454,44,8560,23,3894,21,9502,26,78445,120,87947,146,1,204,-22,410,65,11840,0,289,230,"Anderson",76978,353.347709735249,0.145146088595664,189.664579490244,57.1591883395256,532.619709527397,14.5146088595664
2021-10-05,12507,53,8589,29,3918,24,9532,30,78573,128,88105,158,2,206,-15,395,66,11906,0,289,231,"Anderson",76978,358.543999584297,0.143117593436645,205.253449037387,68.8508404998831,513.133622593468,14.3117593436645
2021-10-06,12537,30,8612,23,3925,7,9558,26,78738,165,88296,191,1,207,-5,390,34,11940,0,289,232,"Anderson",76978,350.749564810725,0.153703703703704,248.122840292031,38.9721738678584,506.638260282159,15.3703703703704
2021-10-07,12569,32,8634,22,3935,10,9583,25,78877,139,88460,164,0,207,-10,380,42,11982,0,289,234,"Anderson",76978,311.777390942867,0.146317829457364,213.047883810959,41.5703187923822,493.647535659539,14.6317829457364
2021-10-08,12586,17,8639,5,3947,12,9593,10,79007,130,88600,140,1,208,-13,367,29,12011,1,290,234,"Anderson",76978,267.608927225961,0.133064516129032,181.870144716672,22.0842318584531,476.759593650134,13.3064516129032
2021-10-09,12601,15,8642,3,3959,12,9600,7,79069,62,88669,69,0,208,-12,355,27,12038,0,290,235,"Anderson",76978,265.010782301437,0.136410256410256,89.6359998960742,19.4860869339292,461.170724102991,13.6410256410256
2021-10-10,12611,10,8650,8,3961,2,9609,9,79156,87,88765,96,0,208,-15,340,25,12063,0,290,235,"Anderson",76978,261.113564914651,0.137966804979253,124.710956377147,12.9907246226195,441.684637169061,13.7966804979253
2021-10-11,12651,40,8664,14,3987,26,9622,13,79257,101,88879,114,0,208,-12,328,52,12115,1,291,235,"Anderson",76978,255.917275065603,0.128755364806867,148.094260697862,51.9628984904778,426.095767621918,12.8755364806867
2021-10-12,12686,35,8688,24,3998,11,9644,22,79356,99,89000,121,2,210,-10,318,43,12158,3,294,235,"Anderson",76978,232.533970744888,0.125139664804469,157.187767933695,45.4675361791681,413.105042999298,12.5139664804469
2021-10-13,12712,26,8702,14,4010,12,9662,18,79468,112,89130,130,0,210,-15,303,41,12199,1,295,238,"Anderson",76978,227.33768089584,0.124700239808153,168.879420094053,33.7758840188106,393.618956065369,12.4700239808153
2021-10-14,12731,19,8712,10,4019,9,9676,14,79571,103,89247,117,1,211,-21,282,39,12238,0,295,238,"Anderson",76978,210.449738886435,0.118170266836086,151.991478084648,24.682376782977,366.338434357868,11.8170266836086
2021-10-15,12754,23,8724,12,4030,11,9689,13,79693,122,89382,135,0,211,-15,267,38,12276,1,296,238,"Anderson",76978,218.244173660007,0.122762148337596,175.374782405363,29.8786666320247,346.852347423939,12.2762148337596
2021-10-16,12762,8,8729,5,4033,3,9696,7,79748,55,89444,62,0,211,-15,252,23,12299,1,297,238,"Anderson",76978,209.150666424173,0.123870967741935,80.5424926602406,10.3925796980956,327.36626049001,12.3870967741935
2021-10-17,12764,2,8730,1,4034,1,9697,1,79799,51,89496,52,0,211,-11,241,13,12312,0,297,238,"Anderson",76978,198.758086726078,0.120383036935705,67.5517680376211,2.59814492452389,313.076463405129,12.0383036935705
2021-10-18,12788,24,8740,10,4048,14,9708,11,79867,68,89575,79,1,212,-26,215,49,12361,1,298,238,"Anderson",76978,177.972927329886,0.123563218390805,102.626724518694,31.1777390942867,279.300579386318,12.3563218390805
2021-10-19,12817,29,8753,13,4064,16,9719,11,79978,111,89697,122,2,214,-17,198,44,12405,0,298,238,"Anderson",76978,170.178492556315,0.107604017216643,158.486840395957,37.6731014055964,257.216347527865,10.7604017216643
2021-10-20,12852,35,8779,26,4073,9,9748,29,80089,111,89837,140,0,214,12,210,23,12428,1,299,239,"Anderson",76978,181.870144716672,0.121640735502122,181.870144716672,45.4675361791681,272.805217075008,12.1640735502122
2021-10-21,12884,32,8797,18,4087,14,9766,18,80182,93,89948,111,0,214,11,221,21,12449,1,300,240,"Anderson",76978,198.758086726078,0.128388017118402,144.197043311076,41.5703187923822,287.09501415989,12.8388017118402
2021-10-22,12893,9,8803,6,4090,3,9774,8,80258,76,90032,84,0,214,-22,199,31,12480,1,301,240,"Anderson",76978,180.57107225441,0.130769230769231,109.122086830003,11.6916521603575,258.515419990127,13.0769230769231
2021-10-23,12910,17,8807,4,4103,13,9778,4,80311,53,90089,57,0,214,3,202,14,12494,1,302,240,"Anderson",76978,192.262724414768,0.127131782945736,74.0471303489309,22.0842318584531,262.412637376913,12.7131782945736
2021-10-24,12916,6,8812,5,4104,1,9785,7,80363,52,90148,59,0,214,-10,192,16,12510,0,302,241,"Anderson",76978,197.459014263816,0.134969325153374,76.6452752734548,7.79443477357167,249.421912754293,13.4969325153374
2021-10-25,12940,24,8825,13,4115,11,9799,14,80434,71,90233,85,1,215,-8,184,31,12541,2,304,241,"Anderson",76978,197.459014263816,0.138297872340426,110.421159292265,31.1777390942867,239.029333056198,13.8297872340426
2021-10-26,12952,12,8831,6,4121,6,9805,6,80498,64,90303,70,0,215,-9,175,21,12562,0,304,242,"Anderson",76978,175.374782405363,0.141914191419142,90.9350723583361,15.5888695471433,227.33768089584,14.1914191419142
2021-10-27,12969,17,8841,10,4128,7,9818,13,80619,121,90437,134,1,216,-5,170,21,12583,2,306,244,"Anderson",76978,151.991478084648,0.116666666666667,174.075709943101,22.0842318584531,220.842318584531,11.6666666666667
2021-10-28,12991,22,8855,14,4136,8,9835,17,80701,82,90536,99,1,217,7,177,14,12597,0,306,245,"Anderson",76978,139.000753462028,0.11734693877551,128.608173763933,28.5795941697628,229.935825820364,11.734693877551
2021-10-29,13012,21,8866,11,4146,10,9847,12,80815,114,90662,126,0,217,7,184,14,12611,1,307,245,"Anderson",76978,154.589623009171,0.115873015873016,163.683130245005,27.2805217075008,239.029333056198,11.5873015873016
2021-10-30,13024,12,8870,4,4154,8,9852,5,80902,87,90754,92,0,217,0,184,12,12623,1,308,245,"Anderson",76978,148.094260697862,0.111278195488722,119.514666528099,15.5888695471433,239.029333056198,11.1278195488722
2021-10-31,13027,3,8872,2,4155,1,9855,3,80941,39,90796,42,0,217,-8,176,11,12634,0,308,245,"Anderson",76978,144.197043311076,0.108024691358025,54.5610434150017,3.89721738678583,228.636753358102,10.8024691358025
2021-11-01,13054,27,8877,5,4177,22,9859,4,81029,88,90888,92,1,218,-15,161,41,12675,1,309,246,"Anderson",76978,148.094260697862,0.0916030534351145,119.514666528099,35.0749564810725,209.150666424173,9.16030534351145
2021-11-02,13074,20,8882,5,4192,15,9864,5,81105,76,90969,81,2,220,-6,155,24,12699,1,310,246,"Anderson",76978,158.486840395957,0.0885885885885886,105.224869443218,25.9814492452389,201.356231650601,8.85885885885886
2021-11-03,13104,30,8900,18,4204,12,9882,18,81305,200,91187,218,1,221,11,166,18,12717,0,310,246,"Anderson",76978,175.374782405363,0.0853333333333333,283.197796773104,38.9721738678584,215.646028735483,8.53333333333333
2021-11-04,13126,22,8915,15,4211,7,9898,16,81438,133,91336,149,0,221,6,172,16,12733,0,310,246,"Anderson",76978,175.374782405363,0.07875,193.56179687703,28.5795941697628,223.440463509055,7.875
2021-11-05,13136,10,8918,3,4218,7,9899,1,81560,122,91459,123,0,221,3,175,7,12740,0,310,246,"Anderson",76978,161.084985320481,0.0652446675031368,159.785912858219,12.9907246226195,227.33768089584,6.52446675031368
2021-11-06,13145,9,8922,4,4223,5,9904,5,81647,87,91551,92,0,221,-4,171,13,12753,3,313,247,"Anderson",76978,157.187767933695,0.0652446675031368,119.514666528099,11.6916521603575,222.141391046793,6.52446675031368
2021-11-07,13151,6,8927,5,4224,1,9910,6,81695,48,91605,54,0,221,-4,167,10,12763,0,313,247,"Anderson",76978,161.084985320481,0.0679851668726823,70.149912962145,7.79443477357167,216.945101197745,6.79851668726823
2021-11-08,13176,25,8938,11,4238,14,9923,13,81783,88,91706,101,1,222,-1,166,25,12788,0,313,247,"Anderson",76978,158.486840395957,0.078239608801956,131.206318688456,32.4768115565486,215.646028735483,7.8239608801956
2021-11-09,13199,23,8945,7,4254,16,9929,6,81941,158,91870,164,1,223,6,172,16,12804,0,313,248,"Anderson",76978,162.384057782743,0.072142064372919,213.047883810959,29.8786666320247,223.440463509055,7.2142064372919
2021-11-10,13217,18,8957,12,4260,6,9942,13,82057,116,91999,129,0,223,4,176,14,12818,1,314,250,"Anderson",76978,146.7951882356,0.0738916256157636,167.580347631791,23.383304320715,228.636753358102,7.38916256157635
2021-11-11,13240,23,8975,18,4265,5,9960,18,82247,190,92207,208,0,223,2,178,21,12839,0,314,251,"Anderson",76978,148.094260697862,0.0711825487944891,270.207072150485,29.8786666320247,231.234898282626,7.11825487944891
2021-11-12,13253,13,8983,8,4270,5,9968,8,82380,133,92348,141,0,223,1,179,12,12851,1,315,251,"Anderson",76978,151.991478084648,0.077615298087739,183.169217178934,16.8879420094053,232.533970744888,7.7615298087739
2021-11-13,13260,7,8987,4,4273,3,9972,4,82431,51,92403,55,3,226,-10,169,14,12865,1,316,252,"Anderson",76978,149.393333160124,0.07981220657277,71.448985424407,9.09350723583361,219.543246122269,7.981220657277
2021-11-14,13262,2,8989,2,4273,0,9975,3,82510,79,92485,82,0,226,-4,165,6,12871,0,316,252,"Anderson",76978,144.197043311076,0.0738636363636364,106.523941905479,2.59814492452389,214.346956273221,7.38636363636364
2021-11-15,13294,32,9003,14,4291,18,9989,14,82595,85,92584,99,0,226,5,170,27,12898,0,316,253,"Anderson",76978,153.29055054691,0.0751708428246014,128.608173763933,41.5703187923822,220.842318584531,7.51708428246014
2021-11-16,13319,25,9016,13,4303,12,10002,13,82721,126,92723,139,1,227,-2,168,26,12924,0,316,254,"Anderson",76978,155.888695471433,0.0855803048065651,180.57107225441,32.4768115565486,218.244173660007,8.55803048065651
2021-11-17,13336,17,9025,9,4311,8,10011,9,82835,114,92846,123,0,227,-3,165,20,12944,2,318,256,"Anderson",76978,154.589623009171,0.0814639905548996,159.785912858219,22.0842318584531,214.346956273221,8.14639905548996
2021-11-18,13359,23,9039,14,4320,9,10029,18,82970,135,92999,153,4,231,4,169,15,12959,0,318,258,"Anderson",76978,154.589623009171,0.0871212121212121,198.758086726078,29.8786666320247,219.543246122269,8.71212121212121
2021-11-19,13373,14,9045,6,4328,8,10036,7,83079,109,93115,116,1,232,2,171,11,12970,0,318,258,"Anderson",76978,155.888695471433,0.0886571056062582,150.692405622386,18.1870144716672,222.141391046793,8.86571056062582
2021-11-20,13382,9,9050,5,4332,4,10041,5,83172,93,93213,98,0,232,-9,162,18,12988,0,318,259,"Anderson",76978,158.486840395957,0.0851851851851852,127.309101301671,11.6916521603575,210.449738886435,8.51851851851852
2021-11-21,13394,12,9056,6,4338,6,10047,6,83212,40,93259,46,0,232,4,166,8,12996,0,318,259,"Anderson",76978,171.477565018577,0.0930232558139535,59.7573332640495,15.5888695471433,215.646028735483,9.30232558139535
2021-11-22,13422,28,9073,17,4349,11,10065,18,83334,122,93399,140,1,233,6,172,21,13017,0,318,259,"Anderson",76978,166.281275169529,0.0932515337423313,181.870144716672,36.3740289433345,223.440463509055,9.32515337423313
2021-11-23,13439,17,9079,6,4360,11,10070,5,83431,97,93501,102,0,233,-4,168,21,13038,1,319,261,"Anderson",76978,155.888695471433,0.0874035989717224,132.505391150718,22.0842318584531,218.244173660007,8.74035989717224
2021-11-24,13464,25,9095,16,4369,9,10082,12,83541,110,93623,122,1,234,6,174,18,13056,1,320,261,"Anderson",76978,166.281275169529,0.0913770913770914,158.486840395957,32.4768115565486,226.038608433578,9.13770913770914
2021-11-25,13469,5,9097,2,4372,3,10083,1,83586,45,93669,46,0,234,-12,162,17,13073,2,322,261,"Anderson",76978,142.897970848814,0.0805970149253731,59.7573332640495,6.49536231130973,210.449738886435,8.05970149253731
2021-11-26,13476,7,9103,6,4373,1,10092,9,83629,43,93721,52,0,234,-7,155,14,13087,0,322,262,"Anderson",76978,133.80446361298,0.0924092409240924,67.5517680376211,9.09350723583361,201.356231650601,9.24092409240924
2021-11-27,13481,5,9105,2,4376,3,10094,2,83665,36,93759,38,0,234,-8,147,13,13100,0,322,262,"Anderson",76978,128.608173763933,0.0970695970695971,49.3647535659539,6.49536231130973,190.963651952506,9.70695970695971
2021-11-28,13491,10,9106,1,4385,9,10095,1,83703,38,93798,39,0,234,-11,136,21,13121,0,322,262,"Anderson",76978,126.010028839409,0.0890538033395176,50.6638260282159,12.9907246226195,176.673854867625,8.90538033395176
2021-11-29,13518,27,9121,15,4397,12,10111,16,83782,79,93893,95,0,234,13,149,14,13135,0,322,262,"Anderson",76978,124.710956377147,0.0931174089068826,123.411883914885,35.0749564810725,193.56179687703,9.31174089068826
2021-11-30,13545,27,9135,14,4410,13,10123,12,83884,102,94007,114,0,234,14,163,13,13148,1,323,262,"Anderson",76978,137.701680999766,0.104743083003953,148.094260697862,35.0749564810725,211.748811348697,10.4743083003953
2021-12-01,13576,31,9153,18,4423,13,10141,18,83991,107,94132,125,0,234,15,178,16,13164,2,325,262,"Anderson",76978,145.496115773338,0.115913555992141,162.384057782743,40.2712463301203,231.234898282626,11.5913555992141
2021-12-02,13618,42,9177,24,4441,18,10167,26,84129,138,94296,164,0,234,23,201,19,13183,0,325,265,"Anderson",76978,193.56179687703,0.133971291866029,213.047883810959,54.5610434150017,261.113564914651,13.3971291866029
2021-12-03,13649,31,9195,18,4454,13,10186,19,84316,187,94502,206,1,235,18,219,12,13195,1,326,265,"Anderson",76978,224.739535971316,0.120358514724712,267.608927225961,40.2712463301203,284.496869235366,12.0358514724712
2021-12-04,13669,20,9208,13,4461,7,10200,14,84385,69,94585,83,0,235,8,227,12,13207,0,326,265,"Anderson",76978,244.225622905246,0.128329297820823,107.823014367741,25.9814492452389,294.889448933461,12.8329297820823
2021-12-05,13682,13,9210,2,4472,11,10202,2,84427,42,94629,44,0,235,0,227,13,13220,0,326,265,"Anderson",76978,248.122840292031,0.128760529482551,57.1591883395256,16.8879420094053,294.889448933461,12.8760529482551
2021-12-06,13717,35,9230,20,4487,15,10224,22,84529,102,94753,124,2,237,7,234,26,13246,1,327,265,"Anderson",76978,258.515419990127,0.131395348837209,161.084985320481,45.4675361791681,303.982956169295,13.1395348837209
2021-12-07,13746,29,9245,15,4501,14,10240,16,84624,95,94864,111,0,237,18,252,11,13257,0,327,265,"Anderson",76978,261.113564914651,0.136522753792299,144.197043311076,37.6731014055964,327.36626049001,13.6522753792299
2021-12-08,13773,27,9266,21,4507,6,10260,20,84745,121,95005,141,0,237,17,269,10,13267,2,329,265,"Anderson",76978,255.917275065603,0.13631156930126,183.169217178934,35.0749564810725,349.450492348463,13.631156930126
2021-12-09,13801,28,9282,16,4519,12,10277,17,84955,210,95232,227,0,237,12,281,16,13283,1,330,265,"Anderson",76978,237.730260593936,0.117521367521368,294.889448933461,36.3740289433345,365.039361895607,11.7521367521368
2021-12-10,13830,29,9299,17,4531,12,10294,17,85108,153,95402,170,0,237,10,291,19,13302,2,332,265,"Anderson",76978,235.132115669412,0.12,220.842318584531,37.6731014055964,378.030086518226,12
2021-12-11,13840,10,9304,5,4536,5,10300,6,85183,75,95483,81,0,237,-2,289,12,13314,0,332,266,"Anderson",76978,222.141391046793,0.111358574610245,105.224869443218,12.9907246226195,375.431941593702,11.1358574610245
2021-12-12,13860,20,9315,11,4545,9,10312,12,85253,70,95565,82,0,237,2,291,18,13332,0,332,266,"Anderson",76978,231.234898282626,0.117521367521368,106.523941905479,25.9814492452389,378.030086518226,11.7521367521368
2021-12-13,13889,29,9321,6,4568,23,10319,7,85328,75,95647,82,0,237,-9,282,38,13370,0,332,269,"Anderson",76978,223.440463509055,0.106263982102908,106.523941905479,37.6731014055964,366.338434357868,10.6263982102908
2021-12-14,13903,14,9326,5,4577,9,10325,6,85407,79,95732,85,3,240,-10,272,21,13391,1,333,269,"Anderson",76978,203.954376575125,0.097926267281106,110.421159292265,18.1870144716672,353.347709735249,9.7926267281106
2021-12-15,13929,26,9340,14,4589,12,10340,15,85536,129,95876,144,0,240,-2,270,28,13419,0,333,270,"Anderson",76978,202.655304112863,0.0918484500574053,187.06643456572,33.7758840188106,350.749564810725,9.18484500574053
2021-12-16,13957,28,9350,10,4607,18,10355,15,85631,95,95986,110,0,240,5,275,23,13442,2,335,270,"Anderson",76978,202.655304112863,0.103448275862069,142.897970848814,36.3740289433345,357.244927122035,10.3448275862069
2021-12-17,13988,31,9373,23,4615,8,10377,22,85786,155,96163,177,1,241,0,275,30,13472,0,335,271,"Anderson",76978,205.253449037387,0.109067017082786,229.935825820364,40.2712463301203,357.244927122035,10.9067017082786
2021-12-18,13999,11,9382,9,4617,2,10387,10,85868,82,96255,92,0,241,1,276,10,13482,0,335,271,"Anderson",76978,206.552521499649,0.112694300518135,119.514666528099,14.2897970848814,358.543999584297,11.2694300518135
2021-12-19,14013,14,9390,8,4623,6,10398,11,85948,80,96346,91,0,241,-9,267,23,13505,0,335,271,"Anderson",76978,198.758086726078,0.1101152368758,118.215594065837,18.1870144716672,346.852347423939,11.01152368758
2021-12-20,14037,24,9406,16,4631,8,10412,14,86034,86,96446,100,0,241,-5,262,29,13534,0,335,272,"Anderson",76978,192.262724414768,0.11639549436796,129.907246226195,31.1777390942867,340.35698511263,11.639549436796
2021-12-21,14065,28,9414,8,4651,20,10423,11,86115,81,96538,92,0,241,2,264,26,13560,0,335,272,"Anderson",76978,210.449738886435,0.121588089330025,119.514666528099,36.3740289433345,342.955130037153,12.1588089330025
2021-12-22,14113,48,9428,14,4685,34,10434,11,86230,115,96664,126,19,260,1,265,28,13588,1,336,273,"Anderson",76978,239.029333056198,0.119289340101523,163.683130245005,62.3554781885734,344.254202499415,11.9289340101523
2021-12-23,14140,27,9443,15,4697,12,10451,17,86330,100,96781,117,-1,259,3,268,25,13613,1,337,274,"Anderson",76978,237.730260593936,0.120754716981132,151.991478084648,35.0749564810725,348.151419886201,12.0754716981132
2021-12-24,14166,26,9458,15,4708,11,10468,17,86417,87,96885,104,0,259,6,274,20,13633,1,338,274,"Anderson",76978,231.234898282626,0.126038781163435,135.103536075242,33.7758840188106,355.945854659773,12.6038781163435
2021-12-25,14180,14,9465,7,4715,7,10478,10,86475,58,96953,68,1,260,-3,271,16,13649,0,338,275,"Anderson",76978,235.132115669412,0.130372492836676,88.3369274338123,18.1870144716672,352.048637272987,13.0372492836676
2021-12-26,14191,11,9469,4,4722,7,10484,6,86519,44,97003,50,1,261,-8,263,18,13667,0,338,275,"Anderson",76978,231.234898282626,0.13089802130898,64.9536231130973,14.2897970848814,341.656057574892,13.089802130898
2021-12-27,14238,47,9488,19,4750,28,10504,20,86623,104,97127,124,1,262,18,281,28,13695,2,340,276,"Anderson",76978,261.113564914651,0.135095447870778,161.084985320481,61.0564057263114,365.039361895607,13.5095447870778
2021-12-28,14325,87,9524,36,4801,51,10540,36,86732,109,97272,145,0,262,67,348,20,13715,0,340,276,"Anderson",76978,337.758840188106,0.159400544959128,188.365507027982,113.019304216789,452.077216867157,15.9400544959128
2021-12-29,14406,81,9568,44,4838,37,10587,47,86890,158,97477,205,2,264,50,398,29,13744,0,340,276,"Anderson",76978,380.62823144275,0.188191881918819,266.309854763699,105.224869443218,517.030839980254,18.8191881918819
2021-12-30,14498,92,9610,42,4888,50,10625,38,87009,119,97634,157,1,265,70,468,21,13765,0,340,276,"Anderson",76978,465.067941489776,0.203985932004689,203.954376575125,119.514666528099,607.96591233859,20.3985932004689
2021-12-31,14566,68,9651,41,4915,27,10670,45,87126,117,97796,162,0,265,48,516,20,13785,0,340,277,"Anderson",76978,519.628984904778,0.221734357848518,210.449738886435,88.3369274338123,670.321390527164,22.1734357848518
2022-01-01,14627,61,9685,34,4942,27,10707,37,87225,99,97932,136,0,265,48,564,13,13798,0,340,277,"Anderson",76978,580.685390631089,0.23391215526047,176.673854867625,79.2434201979787,732.676868715737,23.391215526047
2022-01-02,14659,32,9708,23,4951,9,10740,33,87341,116,98081,149,0,265,12,576,20,13818,0,340,278,"Anderson",76978,607.96591233859,0.23747680890538,193.56179687703,41.5703187923822,748.26573826288,23.747680890538
2022-01-03,14720,61,9729,21,4991,40,10763,23,87417,76,98180,99,1,266,34,610,26,13844,0,340,278,"Anderson",76978,626.152926810257,0.245963912630579,128.608173763933,79.2434201979787,792.434201979786,24.5963912630579
2022-01-04,14846,126,9794,65,5052,61,10826,63,87591,174,98417,237,1,267,72,682,53,13897,0,340,279,"Anderson",76978,676.816752838473,0.249781659388646,307.880173556081,163.683130245005,885.967419262646,24.9781659388646
2022-01-05,15013,167,9880,86,5133,81,10912,86,87737,146,98649,232,1,268,134,816,32,13929,0,340,280,"Anderson",76978,788.536984593001,0.277303754266212,301.384811244771,216.945101197745,1060.04312920575,27.7303754266212
2022-01-06,15156,143,9952,72,5204,71,10983,71,87857,120,98840,191,1,269,116,932,26,13955,1,341,280,"Anderson",76978,854.78968016836,0.296849087893864,248.122840292031,185.767362103458,1210.73553482813,29.6849087893864
2022-01-07,15297,141,10024,72,5273,69,11061,78,87997,140,99058,218,0,269,115,1047,26,13981,1,342,280,"Anderson",76978,949.621969913482,0.309825673534073,283.197796773104,183.169217178934,1360.12886798826,30.9825673534073
2022-01-08,15400,103,10066,42,5334,61,11106,45,88072,75,99178,120,0,269,81,1128,22,14003,2,344,282,"Anderson",76978,1004.18301332848,0.320224719101124,155.888695471433,133.80446361298,1465.35373743147,32.0224719101124
2022-01-09,15485,85,10121,55,5364,30,11168,62,88215,143,99383,205,0,269,40,1168,45,14048,1,345,282,"Anderson",76978,1073.03385382837,0.328725038402458,266.309854763699,110.421159292265,1517.31663592195,32.8725038402458
2022-01-10,15641,156,10196,75,5445,81,11247,79,88328,113,99575,192,1,270,68,1236,87,14135,3,348,284,"Anderson",76978,1196.44573774325,0.346953405017921,249.421912754293,202.655304112863,1605.65356335576,34.6953405017921
2022-01-11,15815,174,10305,109,5510,65,11349,102,88469,141,99818,243,0,270,68,1304,106,14241,0,348,285,"Anderson",76978,1258.80121593182,0.373304782298358,315.674608329653,226.038608433578,1693.99049078958,37.3304782298358
2022-01-12,16071,256,10468,163,5603,93,11513,164,88660,191,100173,355,0,270,185,1489,71,14312,1,349,285,"Anderson",76978,1374.41866507314,0.394356955380577,461.170724102991,332.562550339058,1934.31889630804,39.4356955380577
2022-01-13,16303,232,10620,152,5683,80,11668,155,88892,232,100560,387,4,274,122,1611,106,14418,0,349,285,"Anderson",76978,1490.03611421445,0.398255813953488,502.741042895373,301.384811244771,2092.80573670399,39.8255813953488
2022-01-14,16559,256,10764,144,5795,112,11817,149,89048,156,100865,305,2,276,199,1810,55,14473,1,350,285,"Anderson",76978,1639.42944737457,0.418372993912562,396.217100989893,332.562550339058,2351.32115669412,41.8372993912562
2022-01-15,16656,97,10823,59,5833,38,11879,62,89166,118,101045,180,1,277,51,1861,45,14518,2,352,285,"Anderson",76978,1631.635012601,0.414033208355651,233.83304320715,126.010028839409,2417.57385226948,41.4033208355651
2022-01-16,16808,152,10951,128,5857,24,12012,133,89363,197,101375,330,0,277,87,1948,65,14583,1,353,285,"Anderson",76978,1718.67286757255,0.423694779116466,428.693912546442,197.459014263816,2530.59315648627,42.3694779116466
2022-01-17,16988,180,11063,112,5925,68,12128,116,89482,119,101610,235,0,277,15,1963,165,14748,2,355,285,"Anderson",76978,1749.85060666684,0.432923832923833,305.282028631557,233.83304320715,2550.0792434202,43.2923832923833
2022-01-18,17204,216,11203,140,6001,76,12270,142,89619,137,101889,279,0,277,22,1985,194,14942,0,355,287,"Anderson",76978,1804.41165008184,0.444712699179141,362.441216971083,280.59965184858,2578.65883758996,44.4712699179141
2022-01-19,17506,302,11414,211,6092,91,12484,214,89839,220,102323,434,3,280,127,2112,172,15114,0,355,287,"Anderson",76978,1864.16898334589,0.451627906976744,563.797448621684,392.319883603107,2743.64104029723,45.1627906976744
2022-01-20,17802,296,11655,241,6147,55,12744,260,89996,157,102740,417,1,281,173,2285,122,15236,2,357,288,"Anderson",76978,1947.30962093066,0.493577981651376,541.713216763231,384.525448829536,2968.38057626854,49.3577981651376
2022-01-21,18048,246,11870,215,6178,31,12969,225,90215,219,103184,444,2,283,118,2403,126,15362,1,358,290,"Anderson",76978,1934.31889630804,0.496765847347995,576.788173244304,319.571825716438,3121.67112681545,49.6765847347995
2022-01-22,18176,128,11962,92,6214,36,13073,104,90334,119,103407,223,0,283,24,2427,104,15466,0,358,290,"Anderson",76978,1974.59014263816,0.505503810330229,289.693159084414,166.281275169529,3152.84886590974,50.5503810330229
2022-01-23,18304,128,12073,111,6231,17,13187,114,90441,107,103628,221,0,283,48,2475,80,15546,0,358,291,"Anderson",76978,1943.41240354387,0.521526853084776,287.09501415989,166.281275169529,3215.20434409831,52.1526853084776
2022-01-24,18571,267,12223,150,6348,117,13348,161,90619,178,103967,339,1,284,-7,2468,273,15819,1,359,292,"Anderson",76978,2056.43170776066,0.517607127704709,440.385564706799,346.852347423939,3206.11083686248,51.7607127704709
2022-01-25,18754,183,12356,133,6398,50,13493,145,90739,120,104232,265,1,285,-86,2382,268,16087,0,359,293,"Anderson",76978,2013.56231650601,0.52198036705079,344.254202499415,237.730260593936,3094.39060510795,52.198036705079
2022-01-26,18959,205,12510,154,6449,51,13659,166,90891,152,104550,318,1,286,-31,2351,235,16322,1,360,293,"Anderson",76978,1887.55228766661,0.527615626403233,413.105042999298,266.309854763699,3054.11935877783,52.7615626403233
2022-01-27,19180,221,12682,172,6498,49,13837,178,91111,220,104948,398,0,286,-64,2287,285,16607,0,360,293,"Anderson",76978,1790.12185299696,0.495018115942029,517.030839980254,287.09501415989,2970.97872119307,49.5018115942029
2022-01-28,19371,191,12820,138,6551,53,13981,144,91274,163,105255,307,1,287,-125,2162,315,16922,1,361,294,"Anderson",76978,1718.67286757255,0.488652824722356,398.815245914417,248.122840292031,2808.59466341032,48.8652824722356
2022-01-29,19514,143,12920,100,6594,43,14086,105,91391,117,105477,222,0,287,-14,2148,157,17079,0,361,296,"Anderson",76978,1738.15895450648,0.489371980676328,288.394086622152,185.767362103458,2790.40764893866,48.9371980676328
2022-01-30,19581,67,12966,46,6615,21,14136,50,91482,91,105618,141,0,287,-40,2108,107,17186,1,362,297,"Anderson",76978,1658.9155343085,0.476884422110553,183.169217178934,87.0378549715503,2738.44475044818,47.6884422110553
2022-01-31,19777,196,13087,121,6690,75,14277,141,91632,150,105909,291,4,291,-89,2019,281,17467,1,363,299,"Anderson",76978,1566.68138948791,0.478372811534501,378.030086518226,254.618202603341,2622.82730130687,47.83728115345
2022-02-01,19940,163,13182,95,6758,68,14384,107,91752,120,106136,227,1,292,-227,1792,389,17856,1,364,299,"Anderson",76978,1540.69994024267,0.46796218487395,294.889448933461,211.748811348697,2327.93785237341,46.796218487395
2022-02-02,20084,144,13269,87,6815,57,14477,93,91893,141,106370,234,1,293,-207,1585,350,18206,0,364,300,"Anderson",76978,1461.45652004469,0.449450549450549,303.982956169295,187.06643456572,2059.02985268518,44.9450549450549
2022-02-03,20716,632,13360,91,7356,541,14575,98,92101,208,106676,306,2,295,344,1929,286,18492,1,365,302,"Anderson",76978,1995.37530203435,0.427083333333333,397.516173452155,821.013796149549,2505.91077970329,42.7083333333333
2022-02-04,20862,146,13470,110,7392,36,14685,110,92225,124,106910,234,0,295,-72,1857,218,18710,0,365,305,"Anderson",76978,1936.91704123256,0.425377643504532,303.982956169295,189.664579490244,2412.37756242043,42.5377643504532
2022-02-05,20911,49,13496,26,7415,23,14715,30,92301,76,107016,106,0,295,-50,1807,99,18809,0,365,305,"Anderson",76978,1814.80422977994,0.408706952566602,137.701680999766,63.6545506508353,2347.42393930733,40.8706952566602
2022-02-06,20969,58,13538,42,7431,16,14763,48,92375,74,107138,122,0,295,-16,1791,74,18883,0,365,307,"Anderson",76978,1803.11257761958,0.4125,158.486840395957,75.3462028111928,2326.63877991114,41.25
2022-02-07,21055,86,13591,53,7464,33,14821,58,92477,102,107298,160,3,298,-268,1523,351,19234,0,365,308,"Anderson",76978,1660.21460677077,0.391648668106551,207.851593961911,111.720231754527,1978.48736002494,39.1648668106551
2022-02-08,21141,86,13638,47,7503,39,14878,57,92574,97,107452,154,0,298,-201,1322,287,19521,0,365,308,"Anderson",76978,1560.1860271766,0.375379939209726,200.05715918834,111.720231754527,1717.37379511029,37.5379939209726
2022-02-09,21240,99,13702,64,7538,35,14952,74,92681,107,107633,181,0,298,-100,1222,199,19720,0,365,309,"Anderson",76978,1501.72776637481,0.376088677751386,235.132115669412,128.608173763933,1587.4665488841,37.6088677751386
2022-02-10,21328,88,13752,50,7576,38,15006,54,92807,126,107813,180,2,300,-102,1120,188,19908,0,365,310,"Anderson",76978,795.03234690431,0.379067722075638,233.83304320715,114.318376679051,1454.96115773338,37.9067722075638
2022-02-11,21387,59,13794,42,7593,17,15051,45,92909,102,107960,147,1,301,-121,999,179,20087,0,365,310,"Anderson",76978,682.013042687521,0.348571428571429,190.963651952506,76.6452752734548,1297.77338979968,34.8571428571429
2022-02-12,21418,31,13817,23,7601,8,15076,25,92971,62,108047,87,0,301,-42,957,73,20160,1,366,310,"Anderson",76978,658.629738366806,0.350145489815713,113.019304216789,40.2712463301203,1243.21234638468,35.0145489815713
2022-02-13,21439,21,13831,14,7608,7,15091,15,93018,47,108109,62,0,301,-34,923,55,20215,0,366,311,"Anderson",76978,610.564057263114,0.337796086508754,80.5424926602406,27.2805217075008,1199.04388266778,33.7796086508754
2022-02-14,21490,51,13858,27,7632,24,15127,36,93075,57,108202,93,1,302,-137,786,187,20402,0,366,311,"Anderson",76978,565.096521083946,0.338495575221239,120.813738990361,66.2526955753592,1021.07095533789,33.8495575221239
2022-02-15,21546,56,13897,39,7649,17,15172,45,93152,77,108324,122,0,302,-100,686,156,20558,0,366,312,"Anderson",76978,526.124347216088,0.337155963302752,158.486840395957,72.7480578866689,891.163709111694,33.7155963302752
2022-02-16,21608,62,13930,33,7678,29,15203,31,93244,92,108447,123,0,302,-77,609,139,20697,0,366,312,"Anderson",76978,478.058666112396,0.308353808353808,159.785912858219,80.5424926602406,791.135129517524,30.8353808353808
2022-02-17,21656,48,13962,32,7694,16,15238,35,93338,94,108576,129,0,302,-69,540,117,20814,0,366,312,"Anderson",76978,426.095767621918,0.304062909567497,167.580347631791,62.3554781885734,701.49912962145,30.4062909567497
2022-02-18,21705,49,13994,32,7711,17,15275,37,93410,72,108685,109,0,302,-32,508,81,20895,0,366,313,"Anderson",76978,413.105042999299,0.308965517241379,141.598898386552,63.6545506508353,659.928810829068,30.8965517241379
2022-02-19,21731,26,14004,10,7727,16,15286,11,93465,55,108751,66,0,302,-9,499,35,20930,0,366,314,"Anderson",76978,406.609680687989,0.298295454545455,85.7387825092884,33.7758840188106,648.237158668711,29.8295454545455
2022-02-20,21741,10,14006,2,7735,8,15288,2,93502,37,108790,39,0,302,-20,479,30,20960,0,366,314,"Anderson",76978,392.319883603107,0.28928046989721,50.6638260282159,12.9907246226195,622.255709423472,28.928046989721
2022-02-21,21758,17,14016,10,7742,7,15298,10,93531,29,108829,39,0,302,-81,398,98,21058,2,368,315,"Anderson",76978,348.151419886201,0.272727272727273,50.6638260282159,22.0842318584531,517.030839980254,27.2727272727273
2022-02-22,21793,35,14031,15,7762,20,15316,18,93608,77,108924,95,2,304,-71,327,104,21162,0,368,315,"Anderson",76978,320.8708981787,0.24,123.411883914885,45.4675361791681,424.796695159656,24
2022-02-23,21828,35,14048,17,7780,18,15335,19,93674,66,109009,85,4,308,-35,292,66,21228,0,368,316,"Anderson",76978,285.795941697628,0.234875444839858,110.421159292265,45.4675361791681,379.329158980488,23.4875444839858
2022-02-24,21856,28,14062,14,7794,14,15352,17,93752,78,109104,95,1,309,-27,265,54,21282,0,368,317,"Anderson",76978,259.814492452389,0.215909090909091,123.411883914885,36.3740289433345,344.254202499415,21.5909090909091
2022-02-25,21869,13,14068,6,7801,7,15358,6,93819,67,109177,73,-1,308,-36,229,50,21332,0,368,317,"Anderson",76978,213.047883810959,0.16869918699187,94.832289745122,16.8879420094053,297.487593857985,16.869918699187
2022-02-26,21882,13,14073,5,7809,8,15365,7,93864,45,109229,52,0,308,-4,225,17,21349,1,369,317,"Anderson",76978,196.159941801554,0.165271966527197,67.5517680376211,16.8879420094053,292.291304008938,16.5271966527197
2022-02-27,21882,0,14073,0,7809,0,15366,1,93881,17,109247,18,0,308,-14,211,14,21363,0,369,317,"Anderson",76978,183.169217178934,0.170678336980306,23.383304320715,0,274.10428953727,17.0678336980306
2022-02-28,21900,18,14082,9,7818,9,15378,12,93938,57,109316,69,0,308,-25,186,43,21406,0,369,317,"Anderson",76978,184.468289641196,0.164271047227926,89.6359998960742,23.383304320715,241.627477980722,16.4271047227926
2022-03-01,21913,13,14089,7,7824,6,15386,8,93983,45,109369,53,-1,307,-35,151,49,21455,0,369,319,"Anderson",76978,155.888695471433,0.157303370786517,68.8508404998831,16.8879420094053,196.159941801554,15.7303370786517
2022-03-02,21923,10,14095,6,7828,4,15394,8,94036,53,109430,61,2,309,-23,128,31,21486,0,369,320,"Anderson",76978,123.411883914885,0.140142517814727,79.2434201979787,12.9907246226195,166.281275169529,14.0142517814727
2022-03-03,21934,11,14097,2,7837,9,15396,2,94080,44,109476,46,2,311,-28,100,37,21523,0,369,320,"Anderson",76978,101.327652056432,0.118279569892473,59.7573332640495,14.2897970848814,129.907246226195,11.8279569892473
2022-03-04,21943,9,14100,3,7843,6,15401,5,94144,64,109545,69,0,311,-15,85,24,21547,0,369,321,"Anderson",76978,96.1313622073839,0.116847826086957,89.6359998960742,11.6916521603575,110.421159292265,11.6847826086957
2022-03-05,21948,5,14101,1,7847,4,15402,1,94185,41,109587,42,0,311,-3,82,8,21555,0,369,322,"Anderson",76978,85.7387825092884,0.103351955307263,54.5610434150017,6.49536231130973,106.523941905479,10.3351955307263
2022-03-06,21950,2,14102,1,7848,1,15403,1,94209,24,109612,25,0,311,-4,78,6,21561,1,370,323,"Anderson",76978,88.3369274338123,0.101369863013699,32.4768115565486,2.59814492452389,101.327652056432,10.1369863013699
2022-03-07,21963,13,14104,2,7859,11,15405,2,94242,33,109647,35,1,312,-9,69,21,21582,0,370,323,"Anderson",76978,81.8415651225025,0.081570996978852,45.4675361791681,16.8879420094053,89.6359998960742,8.1570996978852
2022-03-08,22014,51,14106,2,7908,49,15408,3,94272,30,109680,33,0,312,35,104,16,21598,0,370,323,"Anderson",76978,131.206318688456,0.0707395498392283,42.8693912546442,66.2526955753592,135.103536075242,7.07395498392283
2022-03-09,22021,7,14112,6,7909,1,15413,5,94310,38,109723,43,0,312,-11,93,18,21616,0,370,323,"Anderson",76978,127.309101301671,0.0648464163822526,55.8601158772636,9.09350723583361,120.813738990361,6.48464163822526
2022-03-10,22026,5,14116,4,7910,1,15420,7,94356,46,109776,53,3,315,-11,82,13,21629,0,370,323,"Anderson",76978,119.514666528099,0.08,68.8508404998831,6.49536231130973,106.523941905479,8
2022-03-11,22032,6,14116,0,7916,6,15421,1,94395,39,109816,40,1,316,-15,67,20,21649,1,371,323,"Anderson",76978,115.617449141313,0.0738007380073801,51.9628984904778,7.79443477357167,87.0378549715503,7.38007380073801
2022-03-12,22032,0,14116,0,7916,0,15421,0,94417,22,109838,22,0,316,-5,62,5,21654,0,371,324,"Anderson",76978,109.122086830003,0.0756972111553785,28.5795941697628,0,80.5424926602406,7.56972111553785
2022-03-13,22035,3,14118,2,7917,1,15422,1,94461,44,109883,45,1,317,-1,61,3,21657,0,371,324,"Anderson",76978,110.421159292265,0.0701107011070111,58.4582608017875,3.89721738678583,79.2434201979787,7.01107011070111
2022-03-14,22042,7,14122,4,7920,3,15429,7,94487,26,109916,33,2,319,-6,55,11,21668,0,371,324,"Anderson",76978,102.626724518694,0.0892193308550186,42.8693912546442,9.09350723583361,71.448985424407,8.92193308550186
2022-03-15,22046,4,14123,1,7923,3,15429,0,94509,22,109938,22,0,319,-8,47,12,21680,0,371,325,"Anderson",76978,41.5703187923822,0.0813953488372093,28.5795941697628,5.19628984904778,61.0564057263114,8.13953488372093
2022-03-16,22048,2,14125,2,7923,0,15432,3,94533,24,109965,27,1,320,-4,43,5,21685,0,371,325,"Anderson",76978,35.0749564810725,0.0785123966942149,35.0749564810725,2.59814492452389,55.8601158772636,7.85123966942149
2022-03-17,22048,0,14125,0,7923,0,15434,2,94562,29,109996,31,0,320,-5,38,5,21690,0,371,325,"Anderson",76978,28.5795941697628,0.0636363636363636,40.2712463301203,0,49.3647535659539,6.36363636363636
2022-03-18,22050,2,14127,2,7923,0,15436,2,94606,44,110042,46,0,320,-3,35,5,21695,0,371,326,"Anderson",76978,23.383304320715,0.0663716814159292,59.7573332640495,2.59814492452389,45.4675361791681,6.63716814159292
2022-03-19,22050,0,14127,0,7923,0,15436,0,94626,20,110062,20,0,320,-3,32,3,21698,0,371,326,"Anderson",76978,23.383304320715,0.0669642857142857,25.9814492452389,0,41.5703187923822,6.69642857142857
2022-03-20,22054,4,14130,3,7924,1,15440,4,94645,19,110085,23,0,320,1,33,3,21701,0,371,326,"Anderson",76978,24.682376782977,0.0891089108910891,29.8786666320247,5.19628984904778,42.8693912546442,8.91089108910891
2022-03-21,22055,1,14130,0,7925,1,15440,0,94658,13,110098,13,2,322,-7,26,6,21707,0,371,326,"Anderson",76978,16.8879420094053,0.0604395604395604,16.8879420094053,1.29907246226194,33.7758840188106,6.04395604395604
2022-03-22,22055,0,14130,0,7925,0,15441,1,94664,6,110105,7,0,322,-5,21,5,21712,0,371,326,"Anderson",76978,11.6916521603575,0.0718562874251497,9.09350723583361,0,27.2805217075008,7.18562874251497
2022-03-23,22057,2,14132,2,7925,0,15443,2,94689,25,110132,27,0,322,-2,19,4,21716,0,371,327,"Anderson",76978,11.6916521603575,0.0658682634730539,35.0749564810725,2.59814492452389,24.682376782977,6.58682634730539
2022-03-24,22058,1,14132,0,7926,1,15444,1,94705,16,110149,17,0,322,0,19,1,21717,0,371,327,"Anderson",76978,12.9907246226194,0.065359477124183,22.0842318584531,1.29907246226194,24.682376782977,6.5359477124183
2022-03-25,22059,1,14133,1,7926,0,15446,2,94728,23,110174,25,0,322,0,19,1,21718,0,371,327,"Anderson",76978,11.6916521603575,0.0757575757575758,32.4768115565486,1.29907246226194,24.682376782977,7.57575757575758
2022-03-26,22060,1,14134,1,7926,0,15447,1,94747,19,110194,20,0,322,1,20,0,21718,0,371,327,"Anderson",76978,12.9907246226194,0.0833333333333333,25.9814492452389,1.29907246226194,25.9814492452389,8.33333333333333
2022-03-27,22060,0,14134,0,7926,0,15447,0,94758,11,110205,11,0,322,-3,17,3,21721,0,371,327,"Anderson",76978,7.79443477357167,0.0583333333333333,14.2897970848814,0,22.0842318584531,5.83333333333333
2022-03-28,22064,4,14137,3,7927,1,15450,3,94802,44,110252,47,1,323,-1,16,4,21725,0,371,328,"Anderson",76978,11.6916521603575,0.0649350649350649,61.0564057263114,5.19628984904778,20.7851593961911,6.49350649350649
2022-03-29,22064,0,14137,0,7927,0,15450,0,94815,13,110265,13,1,324,-2,14,1,21726,0,371,328,"Anderson",76978,11.6916521603575,0.05625,16.8879420094053,0,18.1870144716672,5.625
2022-03-30,22066,2,14137,0,7929,2,15451,1,94838,23,110289,24,1,325,-2,12,3,21729,0,371,328,"Anderson",76978,11.6916521603575,0.0509554140127389,31.1777390942867,2.59814492452389,15.5888695471433,5.09554140127389
2022-03-31,22068,2,14138,1,7930,1,15452,1,94858,20,110310,21,0,325,2,14,0,21729,0,371,328,"Anderson",76978,12.9907246226194,0.0496894409937888,27.2805217075008,2.59814492452389,18.1870144716672,4.96894409937888
2022-04-01,22071,3,14139,1,7932,2,15453,1,94895,37,110348,38,3,328,0,14,0,21729,0,371,328,"Anderson",76978,15.5888695471433,0.0402298850574713,49.3647535659539,3.89721738678583,18.1870144716672,4.02298850574713
2022-04-02,22072,1,14140,1,7932,0,15455,2,94915,20,110370,22,0,328,0,14,1,21730,0,371,328,"Anderson",76978,15.5888695471433,0.0454545454545455,28.5795941697628,1.29907246226194,18.1870144716672,4.54545454545455
2020-03-12,1,1,1,1,0,0,1,1,11,11,12,12,NA,NA,NA,NA,0,0,0,0,0,"East TN",2455501,NA,NA,0.488698640318208,0.040724886693184,NA,NA
2020-03-13,1,0,1,0,0,0,1,0,23,12,24,12,NA,NA,NA,NA,0,0,0,0,0,"East TN",2455501,NA,NA,0.488698640318208,0,NA,NA
2020-03-14,3,2,3,2,0,0,3,2,50,27,53,29,NA,NA,NA,NA,0,0,0,0,0,"East TN",2455501,NA,NA,1.18102171410234,0.081449773386368,NA,NA
2020-03-15,3,0,3,0,0,0,3,0,53,3,56,3,NA,NA,NA,NA,0,0,0,0,0,"East TN",2455501,NA,NA,0.122174660079552,0,NA,NA
2020-03-16,5,2,5,2,0,0,5,2,89,36,94,38,NA,NA,NA,NA,0,0,0,0,0,"East TN",2455501,NA,NA,1.54754569434099,0.081449773386368,NA,NA
2020-03-17,6,1,6,1,0,0,5,0,130,41,135,41,NA,NA,NA,NA,0,0,0,0,0,"East TN",2455501,NA,NA,1.66972035442054,0.040724886693184,NA,NA
2020-03-18,8,2,8,2,0,0,7,2,171,41,178,43,NA,NA,NA,NA,0,0,0,0,0,"East TN",2455501,0.325799093545472,0.0393258426966292,1.75117012780691,0.081449773386368,NA,3.93258426966292
2020-03-19,11,3,11,3,0,0,11,4,238,67,249,71,NA,NA,NA,NA,0,0,0,0,0,"East TN",2455501,0.40724886693184,0.0421940928270042,2.89146695521606,0.122174660079552,NA,4.21940928270042
2020-03-20,29,18,29,18,0,0,27,16,382,144,409,160,NA,NA,NA,NA,3,3,2,2,0,"East TN",2455501,1.14029682740915,0.0675324675324675,6.51598187090944,0.733047960477312,NA,6.75324675324675
2020-03-21,38,9,38,9,0,0,38,11,610,228,648,239,NA,NA,NA,NA,3,6,1,3,1,"East TN",2455501,1.42537103426144,0.0588235294117647,9.73324791967098,0.366523980238656,NA,5.88235294117647
2020-03-22,48,10,47,9,1,1,43,5,713,103,756,108,NA,NA,NA,NA,2,8,4,7,2,"East TN",2455501,1.83261990119328,0.0571428571428571,4.39828776286387,0.40724886693184,NA,5.71428571428571
2020-03-23,64,16,63,16,1,0,56,13,846,133,902,146,NA,NA,NA,NA,7,15,4,11,2,"East TN",2455501,2.40276831489786,0.0631188118811881,5.94583345720486,0.651598187090944,NA,6.31188118811881
2020-03-24,83,19,82,19,1,0,70,14,987,141,1057,155,NA,NA,NA,NA,7,22,5,16,2,"East TN",2455501,3.13581627537517,0.0704989154013015,6.31235743744352,0.773772847170496,NA,7.04989154013015
2020-03-25,116,33,115,33,1,0,99,29,1288,301,1387,330,NA,NA,NA,NA,15,37,12,28,3,"East TN",2455501,4.39828776286387,0.076095947063689,13.4392126087507,1.34392126087507,NA,7.6095947063689
2020-03-26,144,28,143,28,1,0,130,31,1774,486,1904,517,NA,NA,NA,NA,15,52,5,33,4,"East TN",2455501,5.41640993019347,0.0719033232628399,21.0547664203761,1.14029682740915,NA,7.19033232628399
2020-03-27,166,22,165,22,1,0,147,17,2171,397,2318,414,NA,NA,NA,NA,17,69,6,39,4,"East TN",2455501,5.57930947696621,0.0628601361969618,16.8601030909782,0.895947507250048,NA,6.28601361969618
2020-03-28,197,31,196,31,1,0,180,33,2608,437,2788,470,NA,NA,NA,NA,12,81,8,47,4,"East TN",2455501,6.47525698421626,0.0663551401869159,19.1406967457965,1.2624714874887,NA,6.63551401869159
2020-03-29,213,16,212,16,1,0,196,16,2795,187,2991,203,NA,NA,NA,NA,27,108,3,50,7,"East TN",2455501,6.71960630437536,0.0684563758389262,8.26715199871635,0.651598187090944,NA,6.84563758389262
2020-03-30,246,33,245,33,1,0,226,30,3345,550,3571,580,NA,NA,NA,NA,33,141,8,58,9,"East TN",2455501,7.41192937815949,0.0636942675159236,23.6204342820467,1.34392126087507,NA,6.36942675159236
2020-03-31,295,49,294,49,1,0,278,52,3645,300,3923,352,NA,NA,NA,NA,39,180,12,70,10,"East TN",2455501,8.63367597895501,0.0725750174459177,14.3351601160008,1.99551944796602,NA,7.25750174459177
2020-04-01,346,51,345,51,1,0,336,58,4243,598,4579,656,NA,NA,NA,NA,36,216,9,79,12,"East TN",2455501,9.36672393943232,0.0742481203007519,26.7155256707287,2.07696922135238,NA,7.42481203007519
2020-04-02,391,45,390,45,1,0,383,47,4839,596,5222,643,2,7,NA,134,34,250,5,84,14,"East TN",2455501,10.0590470132164,0.0762507534659433,26.1861021437173,1.83261990119328,5.45713481688666,7.62507534659433
2020-04-03,412,21,411,21,1,0,401,18,5124,285,5525,303,1,8,-13,121,33,283,2,86,17,"East TN",2455501,10.0183221265233,0.0792017461802308,12.3396406680348,0.855222620556864,4.92771128987526,7.92017461802307
2020-04-04,447,35,446,35,1,0,431,30,5716,592,6147,622,3,11,0,121,32,315,5,91,19,"East TN",2455501,10.181221673296,0.0747246204227449,25.3308795231604,1.42537103426144,4.92771128987526,7.47246204227449
2020-04-05,473,26,472,26,1,0,464,33,6093,377,6557,410,-1,10,1,122,26,341,2,93,20,"East TN",2455501,10.5884705402278,0.0751542344363432,16.6972035442054,1.05884705402278,4.96843617656845,7.51542344363432
2020-04-06,514,41,513,41,1,0,514,50,6626,533,7140,583,8,18,0,122,33,374,5,98,20,"East TN",2455501,10.9142696337733,0.080694872513309,23.7426089421263,1.66972035442054,4.96843617656845,8.06948725133091
2020-04-07,570,56,569,56,1,0,592,78,7755,1129,8347,1207,0,18,19,141,37,411,7,105,21,"East TN",2455501,11.1993438406256,0.0709764918625678,49.1549382386731,2.2805936548183,5.74220902373894,7.09764918625678
2020-04-08,607,37,606,37,1,0,632,40,8162,407,8794,447,1,19,4,145,32,443,8,113,25,"East TN",2455501,10.629195426921,0.0702253855278766,18.2040243518532,1.50682080764781,5.90510857051168,7.02253855278766
2020-04-09,633,26,632,26,1,0,662,30,8613,451,9275,481,3,22,3,148,20,463,2,115,25,"East TN",2455501,9.85542257975053,0.0688378978534419,19.5886704994215,1.05884705402278,6.02728323059123,6.88378978534419
2020-04-10,655,22,654,22,1,0,682,20,8941,328,9623,348,0,22,-7,141,29,492,4,119,25,"East TN",2455501,9.89614746644371,0.0685700341630063,14.172260569228,0.895947507250048,5.74220902373894,6.85700341630063
2020-04-11,679,24,678,24,1,0,728,46,10022,1081,10750,1127,2,24,-5,136,27,519,5,124,27,"East TN",2455501,9.44817371281869,0.0645231370845101,45.8969473032184,0.977397280636416,5.53858459027302,6.45231370845101
2020-04-12,709,30,708,30,1,0,761,33,11472,1450,12233,1483,0,24,18,154,12,531,1,125,28,"East TN",2455501,9.61107325959142,0.0523255813953488,60.3950069659919,1.22174660079552,6.27163255075034,5.23255813953488
2020-04-13,738,29,737,29,1,0,803,42,12435,963,13238,1005,0,24,-2,152,31,562,7,132,32,"East TN",2455501,9.12237461927321,0.0473925877336832,40.9285111266499,1.18102171410234,6.19018277736397,4.73925877336832
2020-04-14,749,11,748,11,1,0,823,20,12720,285,13543,305,4,28,-18,134,25,587,1,133,33,"East TN",2455501,7.28975471807994,0.0444572748267898,12.4210904414211,0.447973753625024,5.45713481688666,4.44572748267898
2020-04-15,773,24,772,24,1,0,850,27,13132,412,13982,439,2,30,-6,128,28,615,4,137,34,"East TN",2455501,6.76033119106854,0.0420200462606014,17.8782252583078,0.977397280636416,5.21278549672755,4.20200462606014
2020-04-16,801,28,800,28,1,0,886,36,13809,677,14695,713,1,31,1,129,26,641,6,143,34,"East TN",2455501,6.84178096445491,0.0413284132841328,29.0368442122402,1.14029682740915,5.25351038342074,4.13284132841328
2020-04-17,823,22,821,21,2,1,916,30,14138,329,15054,359,0,31,-1,128,23,664,4,147,35,"East TN",2455501,6.84178096445491,0.0430859878475419,14.6202343228531,0.895947507250048,5.21278549672755,4.30859878475419
2020-04-18,835,12,833,12,2,0,935,19,14919,781,15854,800,0,31,-11,117,23,687,0,147,35,"East TN",2455501,6.3530823241367,0.0405564263322884,32.5799093545472,0.488698640318208,4.76481174310253,4.05564263322884
2020-04-19,914,79,912,79,2,0,1016,81,15605,686,16621,767,1,32,66,183,12,699,1,148,35,"East TN",2455501,8.34860177210272,0.0581130355515041,31.2359880936721,3.21726604876154,7.45265426485267,5.81130355515041
2020-04-20,939,25,931,19,8,6,1033,17,16568,963,17601,980,0,32,10,193,15,714,2,150,35,"East TN",2455501,8.18570222532998,0.0527160210864084,39.9103889593203,1.0181221673296,7.85990313178451,5.27160210864084
2020-04-21,1045,106,1037,106,8,0,1154,121,19274,2706,20428,2827,0,32,83,276,23,737,6,156,36,"East TN",2455501,12.0545664611825,0.0480755265068991,115.129254681631,4.3168379894775,11.2400687273188,4.80755265068991
2020-04-22,1247,202,1237,200,10,2,1354,200,21826,2552,23180,2752,2,34,177,453,23,760,2,158,36,"East TN",2455501,19.3035962925692,0.0547945205479452,112.074888179642,8.22642711202317,18.4483736720124,5.47945205479452
2020-04-23,1492,245,1480,243,12,2,1601,247,22933,1107,24534,1354,0,34,236,689,9,769,3,161,36,"East TN",2455501,28.1408967049901,0.0726699867872751,55.1414965825711,9.97759723983008,28.0594469316038,7.26699867872751
2020-04-24,1540,48,1527,47,13,1,1655,54,25622,2689,27277,2743,0,34,22,711,26,795,4,165,36,"East TN",2455501,29.1997437590129,0.0604597889225231,111.708364199404,1.95479456127283,28.9553944388538,6.04597889225231
2020-04-25,1563,23,1546,19,17,4,1674,19,26397,775,28071,794,0,34,10,721,13,808,3,168,37,"East TN",2455501,29.6477175126379,0.0604894818695261,32.3355600343881,0.936672393943232,29.3626433057857,6.04894818695261
2020-04-26,1583,20,1565,19,18,1,1700,26,27514,1117,29214,1143,0,34,-1,720,21,829,0,168,37,"East TN",2455501,27.2449491977401,0.0543158897800365,46.5485454903093,0.81449773386368,29.3219184190925,5.43158897800365
2020-04-27,1652,69,1633,68,19,1,1772,72,28429,915,30201,987,0,34,50,770,19,848,8,176,38,"East TN",2455501,29.0368442122402,0.0586507936507936,40.1954631661726,2.8100171818297,31.3581627537517,5.86507936507936
2020-04-28,1689,37,1667,34,22,3,1812,40,30603,2174,32415,2214,2,36,19,789,16,864,1,177,39,"East TN",2455501,26.2268270304105,0.0548928005339117,90.1648991387094,1.50682080764781,32.1319356009222,5.48928005339117
2020-04-29,1752,63,1729,62,23,1,1878,66,33349,2746,35227,2812,1,37,39,828,23,887,6,183,40,"East TN",2455501,20.5660677800579,0.0434963061343073,114.518381381233,2.56566786167059,33.7202061819563,4.34963061343073
2020-04-30,1774,22,1750,21,24,1,1900,22,33898,549,35798,571,0,37,-1,827,23,910,1,184,40,"East TN",2455501,11.4844180474779,0.0265447443181818,23.2539103018081,0.895947507250048,33.6794812952632,2.65447443181818
2020-05-01,1814,40,1786,36,28,4,1929,29,35560,1662,37489,1691,0,37,-16,811,56,966,0,184,40,"East TN",2455501,11.1586189539324,0.026831179005092,68.8657833981741,1.62899546772736,33.0278831081722,2.6831179005092
2020-05-02,1835,21,1807,21,28,0,1966,37,37437,1877,39403,1914,0,37,-107,704,128,1094,3,187,40,"East TN",2455501,11.077169180546,0.0257677373808683,77.9474331307542,0.855222620556864,28.6703202320015,2.57677373808683
2020-05-03,1873,38,1840,33,33,5,2003,37,39557,2120,41560,2157,0,37,-20,684,58,1152,3,190,42,"East TN",2455501,11.8102171410234,0.0245423618985906,87.8435805971979,1.54754569434099,27.8558224981379,2.45423618985906
2020-05-04,1920,47,1884,44,36,3,2060,57,41503,1946,43563,2003,0,37,-312,372,359,1511,1,191,42,"East TN",2455501,10.9142696337733,0.0215536596317916,81.5719480464475,1.91406967457965,15.1496578498644,2.15536596317917
2020-05-05,1948,28,1911,27,37,1,2092,32,44413,2910,46505,2942,2,39,-45,327,71,1582,1,192,42,"East TN",2455501,10.5477456535347,0.0198722498225692,119.812616651347,1.14029682740915,13.3170379486712,1.98722498225692
2020-05-06,1985,37,1948,37,37,0,2135,43,45457,1044,47592,1087,1,40,7,334,29,1611,0,192,42,"East TN",2455501,9.48889859951187,0.0207844723008492,44.267951835491,1.50682080764781,13.6021121555235,2.07844723008492
2020-05-07,2028,43,1989,41,39,2,2183,48,46849,1392,49032,1440,0,40,18,352,25,1636,4,196,46,"East TN",2455501,10.3441212200687,0.0213843131328397,58.643836838185,1.75117012780691,14.3351601160008,2.13843131328397
2020-05-08,2047,19,2008,19,39,0,2219,36,48519,1670,50738,1706,1,41,-15,337,33,1669,0,196,47,"East TN",2455501,9.48889859951187,0.0218884444108989,69.4766566985719,0.773772847170496,13.724286815603,2.18884444108989
2020-05-09,2063,16,2022,14,41,2,2237,18,51337,2818,53574,2836,0,41,-32,305,48,1717,1,197,48,"East TN",2455501,9.28527416604595,0.0191235622045022,115.49577866187,0.651598187090944,12.4210904414211,1.91235622045022
2020-05-10,2079,16,2037,15,42,1,2256,19,53901,2564,56157,2583,1,42,-27,278,42,1759,3,200,48,"East TN",2455501,8.3893266587959,0.0173323285606631,105.192382328494,0.651598187090944,11.3215185007052,1.73323285606631
2020-05-11,2140,61,2097,60,43,1,2307,51,55472,1571,57779,1622,3,45,13,291,45,1804,5,205,50,"East TN",2455501,8.95947507250048,0.0173747889701744,66.0557662163444,2.48421808828422,11.8509420277165,1.73747889701745
2020-05-12,2193,53,2150,53,43,0,2373,66,59027,3555,61400,3621,3,48,30,321,20,1824,3,208,50,"East TN",2455501,9.97759723983008,0.0188653910708291,147.464814716019,2.15841899473875,13.0726886285121,1.88653910708291
2020-05-13,2247,54,2201,51,46,3,2425,52,60652,1625,63077,1677,0,48,18,339,36,1860,7,215,52,"East TN",2455501,10.6699203136142,0.0187278010978366,68.2956349844696,2.19914388143194,13.8057365889894,1.87278010978366
2020-05-14,2278,31,2232,31,46,0,2470,45,62361,1709,64831,1754,1,49,-2,337,32,1892,2,217,53,"East TN",2455501,10.181221673296,0.0181657066902969,71.4314512598447,1.2624714874887,13.724286815603,1.81657066902969
2020-05-15,2306,28,2260,28,46,0,2507,37,64680,2319,67187,2356,1,50,-21,316,48,1940,4,221,53,"East TN",2455501,10.5477456535347,0.0175086631406164,95.9478330491415,1.14029682740915,12.8690641950461,1.75086631406164
2020-05-16,2316,10,2270,10,46,0,2525,18,67449,2769,69974,2787,1,51,-28,288,37,1977,1,222,53,"East TN",2455501,10.3033963333756,0.0175609756097561,113.500259213904,0.40724886693184,11.728767367637,1.75609756097561
2020-05-17,2396,80,2350,80,46,0,2604,79,69676,2227,72280,2306,0,51,59,347,21,1998,4,226,55,"East TN",2455501,12.9097890817393,0.0215840724430937,93.9115887144823,3.25799093545472,14.1315356825348,2.15840724430937
2020-05-18,2445,49,2398,48,47,1,2665,61,71554,1878,74219,1939,0,51,8,355,41,2039,3,229,55,"East TN",2455501,12.4210904414211,0.0217761557177616,78.9655552980838,1.99551944796602,14.4573347760803,2.17761557177616
2020-05-19,2486,41,2438,40,48,1,2705,40,72678,1124,75383,1164,1,52,-6,349,46,2085,3,232,55,"East TN",2455501,11.9323918011029,0.0237431166416363,47.4037681108662,1.66972035442054,14.2129854559212,2.37431166416363
2020-05-20,2528,42,2480,42,48,0,2750,45,74418,1740,77168,1785,0,52,13,362,29,2114,3,235,55,"East TN",2455501,11.4436931607847,0.0230643673266624,72.6939227473334,1.71044524111373,14.7424089829326,2.30643673266624
2020-05-21,2769,241,2720,240,49,1,2988,238,75880,1462,78868,1700,0,52,211,573,30,2144,4,239,56,"East TN",2455501,19.9959193663533,0.0369024720381848,69.2323073784128,9.81469769305734,23.3353600751944,3.69024720381848
2020-05-22,2860,91,2808,88,52,3,3066,78,77404,1524,80470,1602,0,52,40,613,51,2195,7,246,56,"East TN",2455501,22.5615872280239,0.0420838665964014,65.2412684824808,3.70596468907974,24.9643555429218,4.20838665964014
2020-05-23,2926,66,2870,62,56,4,3157,91,79619,2215,82776,2306,2,54,36,649,28,2223,7,253,57,"East TN",2455501,24.8421808828422,0.049367286361506,93.9115887144823,2.68784252175014,26.4304514638764,4.9367286361506
2020-05-24,2978,52,2922,52,56,0,3227,70,81739,2120,84966,2190,0,54,26,675,26,2249,0,253,58,"East TN",2455501,23.7018840554331,0.0491092542960744,89.187501858073,2.11769410804557,27.4892985178992,4.91092542960744
2020-05-25,3062,84,3005,83,57,1,3321,94,84389,2650,87710,2744,1,55,42,717,41,2290,2,255,58,"East TN",2455501,25.1272550896945,0.0486250092654362,111.749089086097,3.42089048222746,29.1997437590129,4.86250092654362
2020-05-26,3123,61,3057,52,66,9,3377,56,86775,2386,90152,2442,1,56,15,732,45,2335,3,258,58,"East TN",2455501,25.9417528235582,0.0455007109486086,99.4501733047553,2.48421808828422,29.8106170594107,4.55007109486086
2020-05-27,3199,76,3130,73,69,3,3444,67,88642,1867,92086,1934,0,56,40,772,36,2371,9,267,58,"East TN",2455501,27.3263989711265,0.0465209813647942,78.7619308646179,3.09509138868198,31.439612527138,4.65209813647942
2020-05-28,3273,74,3204,74,69,0,3511,67,90041,1399,93552,1466,0,56,14,786,60,2431,1,268,58,"East TN",2455501,20.5253428933647,0.0356169980931626,59.7026838922077,3.01364161529562,32.0097609408426,3.56169980931626
2020-05-29,3348,75,3278,74,70,1,3594,83,91319,1278,94913,1361,0,56,10,796,65,2496,4,272,58,"East TN",2455501,19.8737447062738,0.0365575019040366,55.4265707894234,3.0543665019888,32.4170098077745,3.65575019040366
2020-05-30,3421,73,3350,72,71,1,3675,81,93564,2245,97239,2326,0,56,-1,795,74,2570,5,277,59,"East TN",2455501,20.1588189131261,0.0358155292816152,94.726086448346,2.97291672860243,32.3762849210813,3.58155292816152
2020-05-31,3533,112,3460,110,73,2,3769,94,96347,2783,100116,2877,0,56,71,866,41,2611,1,278,60,"East TN",2455501,22.6023121147171,0.0357755775577558,117.16549901629,4.56118730963661,35.2677518762973,3.57755775577558
2020-06-01,3629,96,3553,93,76,3,3903,134,100179,3832,104082,3966,0,56,-169,697,265,2876,5,283,60,"East TN",2455501,23.0910107550353,0.0355484974346445,161.514900625168,3.90958912254566,28.3852460251492,3.55484974346445
2020-06-02,3736,107,3658,105,78,2,4018,115,104238,4059,108256,4174,1,57,16,713,90,2966,3,286,64,"East TN",2455501,24.9643555429218,0.0354065399911622,169.98567705735,4.35756287617069,29.0368442122402,3.54065399911622
2020-06-03,3786,50,3708,50,78,0,4068,50,106169,1931,110237,1981,0,57,-65,648,115,3081,4,290,65,"East TN",2455501,23.905508488899,0.0343782711696325,80.6760005391975,2.0362443346592,26.3897265771832,3.43782711696325
2020-06-04,3837,51,3757,49,80,2,4129,61,107717,1548,111846,1609,6,63,-37,611,82,3163,5,295,66,"East TN",2455501,22.9688360949558,0.0337815677271236,65.526342689333,2.07696922135238,24.8829057695354,3.37815677271236
2020-06-05,3936,99,3852,95,84,4,4211,82,109873,2156,114084,2238,1,64,-43,568,141,3304,4,299,67,"East TN",2455501,23.9462333755922,0.0321840279588963,91.1422964193458,4.03176378262522,23.1317356417285,3.21840279588963
2020-06-06,3989,53,3902,50,87,3,4286,75,112978,3105,117264,3180,1,65,-14,554,66,3370,4,303,67,"East TN",2455501,23.1317356417285,0.0305118601747815,129.505139684325,2.15841899473875,22.5615872280239,3.05118601747815
2020-06-07,4047,58,3958,56,89,2,4367,81,116937,3959,121304,4040,0,65,-8,546,66,3436,6,309,68,"East TN",2455501,20.9325917602966,0.0282235227487257,164.528542240463,2.36204342820467,22.2357881344785,2.82235227487257
2020-06-08,4207,160,4114,156,93,4,4524,157,119888,2951,124412,3108,0,65,75,621,85,3521,6,315,68,"East TN",2455501,23.5389845086604,0.0305459911460895,126.572947842416,6.51598187090944,25.2901546364673,3.05459911460895
2020-06-09,4315,108,4221,107,94,1,4642,118,122215,2327,126857,2445,1,66,-35,586,142,3663,7,322,69,"East TN",2455501,23.5797093953535,0.0335465835170152,99.5723479648349,4.39828776286387,23.8647836022058,3.35465835170152
2020-06-10,4392,77,4295,74,97,3,4716,74,125052,2837,129768,2911,0,66,-63,523,140,3803,6,328,69,"East TN",2455501,24.6792813360695,0.0331780246787159,118.550145163859,3.13581627537517,21.2991157405352,3.31780246787159
2020-06-11,4656,264,4557,262,99,2,4996,280,127343,2291,132339,2571,1,67,149,672,114,3917,8,336,69,"East TN",2455501,33.3536822017177,0.042307129263651,104.703683688176,10.7513700870006,27.3671238578196,4.2307129263651
2020-06-12,4827,171,4727,170,100,1,5168,172,129970,2627,135138,2799,2,69,24,696,145,4062,3,339,70,"East TN",2455501,36.2858740436269,0.0454545454545455,113.988957854222,6.96395562453446,28.3445211384561,4.54545454545455
2020-06-13,4975,148,4871,144,104,4,5336,168,132161,2191,137497,2359,0,69,50,746,98,4160,4,343,71,"East TN",2455501,40.1547382794794,0.0518954183759205,96.0700077092211,6.02728323059123,30.3807654731153,5.18954183759205
2020-06-14,5091,116,4986,115,105,1,5471,135,136031,3870,141502,4005,0,69,30,776,86,4246,4,347,72,"East TN",2455501,42.5167817076841,0.0546588771165462,163.103171206202,4.72408685640934,31.6025120739108,5.46588771165462
2020-06-15,5273,182,5157,171,116,11,5650,179,139205,3174,144855,3353,0,69,58,834,124,4370,9,356,77,"East TN",2455501,43.4127292149341,0.0550799784767402,136.550545082246,7.41192937815949,33.9645555021155,5.50799784767402
2020-06-16,5427,154,5309,152,118,2,5808,158,141005,1800,146813,1958,3,72,64,898,87,4457,4,360,80,"East TN",2455501,45.2860740028206,0.0584285427941471,79.7393281452543,6.27163255075034,36.5709482504792,5.84285427941471
2020-06-17,5560,133,5439,130,121,3,5930,122,142445,1440,148375,1562,3,75,-6,892,136,4593,6,366,82,"East TN",2455501,47.5666676576389,0.0652442629118074,63.6122730147534,5.41640993019347,36.3265989303201,6.52442629118074
2020-06-18,5738,178,5616,177,122,1,6136,206,146036,3591,152172,3797,1,76,42,934,135,4728,12,378,82,"East TN",2455501,44.0643274020251,0.057479957646347,154.63239477402,7.24902983138675,38.0370441714339,5.7479957646347
2020-06-19,5873,135,5747,131,126,4,6254,118,147500,1464,153754,1582,4,80,22,956,109,4837,13,391,83,"East TN",2455501,42.5982314810705,0.0583369144821659,64.4267707486171,5.49785970357984,38.9329916786839,5.83369144821659
2020-06-20,5939,66,5812,65,127,1,6349,95,149675,2175,156024,2270,0,80,-44,912,110,4947,7,398,83,"East TN",2455501,39.2587907722294,0.0546769579532574,92.4454927935277,2.68784252175014,37.1410966641838,5.46769579532574
2020-06-21,6027,88,5899,87,128,1,6468,119,153025,3350,159493,3469,1,81,0,912,87,5034,3,401,86,"East TN",2455501,38.1184939448202,0.0554165971874826,141.274631938655,3.58379002900019,37.1410966641838,5.54165971874826
2020-06-22,6223,196,6088,189,135,7,6666,198,156436,3411,163102,3609,1,82,43,955,152,5186,7,408,87,"East TN",2455501,38.6886423585248,0.0556803858168466,146.976116075701,7.98207779186406,38.8922667919907,5.56803858168466
2020-06-23,6413,190,6272,184,141,6,6850,184,158240,1804,165090,1988,4,86,57,1012,129,5315,15,423,87,"East TN",2455501,40.1547382794794,0.0570115445642064,80.9610747460498,7.73772847170496,41.2135853335022,5.70115445642064
2020-06-24,6591,178,6448,176,143,2,7033,183,159871,1631,166904,1814,2,88,38,1050,138,5453,9,432,87,"East TN",2455501,41.9873581806727,0.0595283069782503,73.8749444614358,7.24902983138675,42.7611310278432,5.95283069782503
2020-06-25,6760,169,6608,160,152,9,7217,184,163044,3173,170261,3357,0,88,22,1072,147,5600,8,440,87,"East TN",2455501,41.620834200434,0.0597600751838134,136.713444629019,6.8825058511481,43.6570785350932,5.97600751838134
2020-06-26,6974,214,6812,204,162,10,7389,172,164633,1589,172022,1761,1,89,67,1139,146,5746,16,456,87,"East TN",2455501,44.8381002491956,0.0621305014232538,71.716525466697,8.71512575234138,46.3856459435366,6.21305014232538
2020-06-27,7048,74,6881,69,167,5,7435,46,164842,209,172277,255,-1,88,-52,1087,127,5873,5,461,89,"East TN",2455501,45.1638993427411,0.0668184335199655,10.3848461067619,3.01364161529562,44.267951835491,6.68184335199655
2020-06-28,7175,127,7006,125,169,2,7606,171,167929,3087,175535,3258,0,88,30,1117,97,5970,5,466,90,"East TN",2455501,46.7521699237752,0.0709387856875701,132.681680846393,5.17206061003437,45.4896984362865,7.09387856875701
2020-06-29,7518,343,7347,341,171,2,7946,340,173197,5268,181143,5608,1,89,147,1264,195,6165,22,488,91,"East TN",2455501,52.7387282676733,0.0709495039077657,228.385164575376,13.9686361357621,51.4762567801846,7.09495039077656
2020-06-30,7788,270,7613,266,175,4,8394,448,179483,6286,187877,6734,0,89,100,1364,170,6335,22,510,92,"East TN",2455501,55.996719203128,0.0677579321542985,274.241386991901,10.9957194071597,55.548745449503,6.77579321542985
2020-07-01,8063,275,7885,272,178,3,8728,334,182687,3204,191415,3538,0,89,66,1430,209,6544,17,527,95,"East TN",2455501,59.9470332123668,0.0691526253518828,144.084649120485,11.1993438406256,58.2365879712531,6.91526253518828
2020-07-02,8543,480,8360,475,183,5,9334,606,189070,6383,198404,6989,2,91,314,1744,164,6708,25,552,98,"East TN",2455501,72.6124729739471,0.0752229684113279,284.626233098663,19.5479456127283,71.0242023929129,7.52229684113279
2020-07-03,8769,226,8580,220,189,6,9562,228,192425,3355,201987,3583,5,96,24,1768,197,6905,14,566,99,"East TN",2455501,73.1011716142653,0.0725179375938595,145.917269021678,9.20382439265958,72.0015996735493,7.25179375938595
2020-07-04,8989,220,8798,218,191,2,9842,280,197189,4764,207031,5044,2,98,77,1845,141,7046,15,581,105,"East TN",2455501,79.0470050714701,0.0692582148817402,205.41632848042,8.95947507250048,75.1374159489245,6.92582148817402
2020-07-05,9309,320,9117,319,192,1,10210,368,201036,3847,211246,4215,2,100,163,2008,155,7201,12,593,108,"East TN",2455501,86.9069082032546,0.072918708521184,171.655397411771,13.0319637418189,81.7755724799135,7.2918708521184
2020-07-06,9543,234,9340,223,203,11,10420,210,202667,1631,213087,1841,4,104,-51,1957,281,7482,26,619,108,"East TN",2455501,82.4678955536976,0.0774480340596043,74.9745164021517,9.52962348620506,79.6986032585611,7.74480340596043
2020-07-07,9991,448,9779,439,212,9,10986,566,208945,6278,219931,6844,0,104,159,2116,289,7771,32,651,109,"East TN",2455501,89.7169253850844,0.080863542771573,278.721124528151,18.2447492385464,86.1738602427773,8.0863542771573
2020-07-08,10372,381,10150,371,222,10,11420,434,213116,4171,224536,4605,1,105,61,2177,319,8090,20,671,109,"East TN",2455501,94.0337633745619,0.0812777391986957,187.538103222112,15.5161818301031,88.6580783310616,8.12777391986957
2020-07-09,10821,449,10585,435,236,14,11892,472,219065,5949,230957,6421,1,106,149,2326,299,8389,24,695,113,"East TN",2455501,92.7712918870731,0.0785795471999508,261.494497456934,18.2854741252396,94.726086448346,7.85795471999508
2020-07-10,11288,467,11040,455,248,12,12345,453,222349,3284,234694,3737,0,106,142,2468,325,8714,29,724,115,"East TN",2455501,102.58598958013,0.0850888189072676,152.188901572429,19.0185220857169,100.509020358778,8.50888189072676
2020-07-11,11594,306,11339,299,255,7,12767,422,226827,4478,239594,4900,5,111,44,2512,257,8971,23,747,120,"East TN",2455501,106.088329835744,0.0898258759942266,199.551944796602,12.4618153281143,102.300915373278,8.98258759942266
2020-07-12,12064,470,11801,462,263,8,13400,633,232757,5930,246157,6563,1,112,222,2734,247,9218,25,772,125,"East TN",2455501,112.197062839722,0.091375211251468,267.277431367367,19.1406967457965,111.341840219165,9.1375211251468
2020-07-13,12418,354,12142,341,276,13,13743,343,236191,3434,249934,3777,3,115,-119,2615,470,9688,20,792,129,"East TN",2455501,117.084049242904,0.0901837327326512,153.817897040156,14.4166098893871,106.495578702676,9.01837327326512
2020-07-14,12933,515,12652,510,281,5,14327,584,240679,4488,255006,5072,4,119,77,2692,434,10122,34,826,133,"East TN",2455501,119.812616651347,0.0952530292230934,206.556625307829,20.9733166469898,109.631394978051,9.52530292230934
2020-07-15,13313,380,13026,374,287,6,14710,383,243776,3097,258486,3480,6,125,-106,2586,480,10602,24,850,140,"East TN",2455501,119.771891764654,0.0969072164948454,141.72260569228,15.4754569434099,105.314556988574,9.69072164948454
2020-07-16,14140,827,13838,812,302,15,15807,1097,253609,9833,269416,10930,6,131,349,2935,472,11074,44,894,142,"East TN",2455501,135.165898934678,0.101796718583427,445.123011556501,33.6794812952632,119.527542444495,10.1796718583427
2020-07-17,14608,468,14292,454,316,14,16318,511,257928,4319,274246,4830,3,134,95,3030,370,11444,24,918,147,"East TN",2455501,135.206623821371,0.100450040453074,196.701202728079,19.0592469724101,123.396406680348,10.0450040453074
2020-07-18,15117,509,14786,494,331,15,16986,668,266018,8090,283004,8758,6,140,185,3215,318,11762,27,945,150,"East TN",2455501,143.473775820087,0.0971895876526146,356.668557658905,20.7289673268307,130.930510718587,9.71895876526146
2020-07-19,15598,481,15248,462,350,19,17546,560,270872,4854,288418,5414,0,140,76,3291,405,12167,26,971,154,"East TN",2455501,143.921749573712,0.0981046354795201,220.484536556898,19.5886704994215,134.025602107269,9.81046354795201
2020-07-20,16033,435,15668,420,365,15,17957,411,273329,2457,291286,2868,2,142,-271,3020,704,12871,29,1000,158,"East TN",2455501,147.22046539586,0.101905591023409,116.798975036052,17.715325711535,122.989157813416,10.1905591023409
2020-07-21,17034,1001,16652,984,382,17,19169,1212,281707,8378,300876,9590,1,143,381,3401,619,13490,61,1061,161,"East TN",2455501,167.012760328748,0.105559189012426,390.551663387635,40.7656115798772,138.505339643519,10.5559189012426
2020-07-22,17618,584,17220,568,398,16,19823,654,285007,3300,304830,3954,4,147,-79,3322,659,14149,29,1090,166,"East TN",2455501,175.320637214157,0.110327118936648,161.02620198485,23.7833338288195,135.288073594757,11.0327118936648
2020-07-23,18413,795,17993,773,420,22,20822,999,295210,10203,316032,11202,4,151,243,3565,548,14697,50,1140,172,"East TN",2455501,174.017440839975,0.107581088038442,456.200180737047,32.3762849210813,145.184221061201,10.7581088038442
2020-07-24,19016,603,18583,590,433,13,21506,684,301020,5810,322526,6494,2,153,7,3572,594,15291,34,1174,179,"East TN",2455501,179.515300543555,0.107456503728252,264.467414185537,24.55710667599,145.469295268053,10.7456503728252
2020-07-25,19994,978,19549,966,445,12,22708,1202,310634,9614,333342,10816,10,163,550,4122,418,15709,29,1203,187,"East TN",2455501,198.615272402658,0.1136715801184,440.480374473478,39.8289391859339,167.867982949304,11.36715801184
2020-07-26,20769,775,20309,760,460,15,23605,897,318157,7523,341762,8420,1,164,391,4513,383,16092,21,1224,194,"East TN",2455501,210.588389090454,0.113583533293341,342.903545956609,31.5617871872176,183.791413646339,11.3583533293341
2020-07-27,21414,645,20932,623,482,22,24310,705,322623,4466,346933,5171,6,170,-79,4434,718,16810,38,1262,198,"East TN",2455501,219.140615296023,0.114166082627994,210.588389090454,26.2675519171037,180.574147597578,11.4166082627994
2020-07-28,22229,815,21724,792,505,23,25282,972,330844,8221,356126,9193,7,177,170,4604,638,17448,50,1312,203,"East TN",2455501,211.565786371091,0.110642533936652,374.38388337044,33.190782654945,187.497378335419,11.0642533936652
2020-07-29,22572,343,22056,332,516,11,25598,316,332414,1570,358012,1886,5,182,-337,4267,675,18123,24,1336,212,"East TN",2455501,201.751088678034,0.108589372344026,76.807136303345,13.9686361357621,173.773091519816,10.8589372344026
2020-07-30,23760,1188,23229,1173,531,15,26978,1380,344948,12534,371926,13914,5,187,674,4941,509,18632,46,1382,219,"East TN",2455501,217.755969148455,0.110137045121122,566.646073448962,48.3811653915026,201.221665151022,11.0137045121122
2020-07-31,24382,622,23835,606,547,16,27632,654,348915,3967,376547,4621,6,193,80,5021,536,19168,27,1409,228,"East TN",2455501,218.529741995625,0.113400344310546,188.189701409203,25.3308795231604,204.479656086477,11.3400344310546
2020-08-01,24941,559,24377,542,564,17,28268,636,355890,6975,384158,7611,1,194,152,5173,406,19574,16,1425,231,"East TN",2455501,201.466014471181,0.10941435768262,309.957112621823,22.7652116614899,210.669838863841,10.941435768262
2020-08-02,25372,431,24797,420,575,11,28752,484,359688,3798,388440,4282,4,198,50,5223,377,19951,21,1446,236,"East TN",2455501,187.456653448726,0.110266078238142,174.383964820214,17.5524261647623,212.7060831985,11.0266078238142
2020-08-03,25998,626,25405,608,593,18,29460,708,363832,4144,393292,4852,3,201,-43,5180,666,20617,39,1485,244,"East TN",2455501,186.682880601555,0.111089540326582,197.597150235329,25.4937790699332,210.954913070693,11.1089540326582
2020-08-04,26484,486,25871,466,613,20,29986,526,369203,5371,399189,5897,6,207,-218,4962,698,21315,34,1519,253,"East TN",2455501,173.284392879498,0.109235306411537,240.154656829706,19.7922949328874,202.076887771579,10.9235306411537
2020-08-05,26952,468,26331,460,621,8,30507,521,373416,4213,403923,4734,9,216,-221,4741,680,21995,20,1539,259,"East TN",2455501,178.375003716146,0.10692426651565,192.791613605533,19.0592469724101,193.076687812385,10.692426651565
2020-08-06,27683,731,27024,693,659,38,31359,852,380485,7069,411844,7921,7,223,202,4943,522,22517,37,1576,265,"East TN",2455501,159.763730497361,0.109749987474322,322.58182749671,29.7698921727175,201.303114924409,10.9749987474322
2020-08-07,28238,555,27565,541,673,14,31978,619,384455,3970,416433,4589,6,229,40,4983,509,23026,34,1610,278,"East TN",2455501,157.035163088917,0.108960537531966,186.886505035021,22.6023121147171,202.932110392136,10.8960537531966
2020-08-08,28913,675,28228,663,685,12,32778,800,394532,10077,427310,10877,8,237,290,5273,377,23403,24,1634,289,"East TN",2455501,161.759249945327,0.104514275120504,442.964592561762,27.4892985178992,214.742327533159,10.4514275120504
2020-08-09,29441,528,28744,516,697,12,33412,634,398833,4301,432245,4935,2,239,115,5388,411,23814,20,1654,296,"East TN",2455501,165.709563954566,0.106380550165506,200.977315830863,21.5027401740012,219.425689502875,10.6380550165506
2020-08-10,29744,303,29036,292,708,11,33740,328,401122,2289,434862,2617,3,242,-477,4911,777,24591,26,1680,300,"East TN",2455501,152.555425552667,0.102958864565793,106.577028476063,12.3396406680348,199.999918550227,10.2958864565793
2020-08-11,30356,612,29631,595,725,17,34425,685,407222,6100,441647,6785,17,259,-7,4904,602,25193,28,1708,305,"East TN",2455501,157.686761276008,0.104550379198267,276.318356213253,24.9236306562286,199.714844343374,10.4550379198267
2020-08-12,30801,445,30055,424,746,21,34899,474,410970,3748,445869,4222,6,265,-251,4653,690,25883,25,1733,310,"East TN",2455501,156.750088882065,0.104706050636533,171.940471618623,18.1225745784669,189.492897783385,10.4706050636533
2020-08-13,31618,817,30859,804,759,13,36016,1117,419533,8563,455549,9680,6,271,202,4855,609,26492,44,1777,318,"East TN",2455501,160.252429137679,0.106555314037295,394.216903190021,33.2722324283313,197.719324895408,10.6555314037295
2020-08-14,32079,461,31291,432,788,29,36550,534,424189,4656,460739,5190,4,275,-142,4713,599,27091,18,1795,325,"East TN",2455501,156.42428978852,0.103191441339773,211.362161937625,18.7741727655578,191.936390984976,10.3191441339773
2020-08-15,32729,650,31929,638,800,12,37427,877,431122,6933,468549,7810,4,279,216,4929,430,27521,17,1812,334,"East TN",2455501,155.40616762119,0.11273309246102,318.061365073767,26.4711763505696,200.732966510704,11.273309246102
2020-08-16,33203,474,32392,463,811,11,38020,593,436587,5465,474607,6058,2,281,110,5039,362,27883,10,1822,343,"East TN",2455501,153.207023739758,0.108776733865257,246.711363587309,19.3035962925692,205.212704046954,10.8776733865257
2020-08-17,33476,273,32595,203,881,70,38247,227,438059,1472,476306,1699,8,289,-397,4642,662,28545,12,1834,349,"East TN",2455501,151.985277138963,0.108749155486922,69.1915824917196,11.1178940672392,189.04492402976,10.8749155486922
2020-08-18,34106,630,33160,565,946,65,39059,812,448655,10596,487714,11408,8,297,52,4694,570,29115,22,1856,352,"East TN",2455501,152.71832509944,0.100592615104088,464.589507395843,25.6566786167059,191.162618137806,10.0592615104088
2020-08-19,34561,455,33594,434,967,21,39556,497,453439,4784,492995,5281,7,304,-113,4581,561,29676,22,1878,359,"East TN",2455501,153.125573966372,0.098820184187073,215.068126626705,18.5298234453987,186.560705941476,9.8820184187073
2020-08-20,35339,778,34351,757,988,21,40430,874,464978,11539,505408,12413,6,310,265,4846,507,30183,27,1905,367,"East TN",2455501,151.537303385338,0.0885296536232175,505.518018522493,31.6839618472971,197.35280091517,8.85296536232175
2020-08-21,35548,209,34548,197,1000,12,40643,213,467429,2451,508072,2664,17,327,-321,4525,513,30696,17,1922,374,"East TN",2455501,141.274631938655,0.0864724399467602,108.491098150642,8.51150131887546,184.280112286658,8.64724399467602
2020-08-22,36417,869,35405,857,1012,12,41615,972,480795,13366,522410,14338,2,329,453,4978,414,31110,20,1942,381,"East TN",2455501,150.193382124463,0.0777557044986168,583.913425406872,35.3899265363769,202.72848595867,7.77557044986168
2020-08-23,36670,253,35647,242,1023,11,41869,254,485899,5104,527768,5358,0,329,-94,4884,347,31457,20,1962,386,"East TN",2455501,141.193182165269,0.0724027012283441,218.20394290208,10.3033963333756,198.900346609511,7.24027012283441
2020-08-24,36862,192,35822,175,1040,17,42067,198,487242,1343,529309,1541,8,337,-485,4399,669,32126,15,1977,396,"East TN",2455501,137.894466343121,0.072071392185348,62.7570503941965,7.81917824509133,179.148776563316,7.2071392185348
2020-08-25,37476,614,36411,589,1065,25,42752,685,496976,9734,539728,10419,16,353,119,4518,479,32605,23,2000,405,"East TN",2455501,137.24286815603,0.0710001153535587,424.312594456284,25.005080429615,183.995038079805,7.10001153535587
2020-08-26,37821,345,36731,320,1090,25,43136,384,500938,3962,544074,4346,6,359,-208,4310,547,33152,11,2011,413,"East TN",2455501,132.76313061978,0.0700875115017913,176.990357568578,14.0500859091485,175.524261647623,7.00875115017914
2020-08-27,38682,861,37575,844,1107,17,44112,976,511230,10292,555342,11268,8,367,387,4697,466,33618,29,2040,420,"East TN",2455501,136.143296215314,0.0737373332799295,458.888023258797,35.0641274428314,191.284792797885,7.37373332799295
2020-08-28,39016,334,37889,314,1127,20,44450,338,513839,2609,558289,2947,12,379,-182,4515,504,34122,10,2050,426,"East TN",2455501,141.233907051962,0.0758109803453014,120.016241084813,13.6021121555235,183.872863419726,7.58109803453014
2020-08-29,39467,451,38324,435,1143,16,44978,528,520358,6519,565336,7047,8,387,61,4576,382,34504,16,2066,435,"East TN",2455501,124.210904414211,0.0783441271024554,286.988276526868,18.366923898626,186.35708150801,7.83441271024554
2020-08-30,39730,263,38576,252,1154,11,45245,267,522239,1881,567484,2148,8,395,-55,4521,310,34814,14,2080,438,"East TN",2455501,124.618153281143,0.0850035250276966,87.4770566169592,10.7106452003074,184.117212739885,8.50035250276967
2020-08-31,40137,407,38954,378,1183,29,45695,450,525726,3487,571421,3937,2,397,-133,4388,538,35352,17,2097,443,"East TN",2455501,133.374003920178,0.0861512158054711,160.333878911065,16.5750288841259,178.700802809691,8.61512158054711
2020-09-01,40744,607,39519,565,1225,42,46369,674,531391,5665,577760,6339,6,403,105,4493,496,35848,28,2125,452,"East TN",2455501,133.088929713325,0.0951041228439209,258.155056748093,24.7200062227627,182.976915912476,9.51041228439209
2020-09-02,41232,488,39978,459,1254,29,46822,453,536184,4793,583006,5246,7,410,23,4516,458,36306,22,2147,459,"East TN",2455501,138.912588510451,0.0946778999280797,213.642755592443,19.8737447062738,183.913588306419,9.46778999280797
2020-09-03,41787,555,40500,522,1287,33,47469,647,544440,8256,591909,8903,6,416,-39,4477,588,36894,22,2169,462,"East TN",2455501,126.450773182336,0.0918040856509968,362.573666229417,22.6023121147171,182.325317725385,9.18040856509968
2020-09-04,42144,357,40843,343,1301,14,47817,348,547772,3332,595589,3680,7,423,-40,4437,390,37284,11,2180,463,"East TN",2455501,127.38744557628,0.0902680965147453,149.867583030917,14.5387845494667,180.696322257657,9.02680965147453
2020-09-05,43142,998,41826,983,1316,15,48907,1090,557091,9319,605998,10409,1,424,640,5077,357,37641,26,2206,469,"East TN",2455501,149.663958597451,0.0966258423097733,423.905345589352,40.6434369197976,206.760249741295,9.66258423097733
2020-09-06,43405,263,42073,247,1332,16,49175,268,559718,2627,608893,2895,0,424,-51,5026,314,37955,9,2215,483,"East TN",2455501,149.663958597451,0.0949069042961675,117.898546976768,10.7106452003074,204.683280519943,9.49069042961675
2020-09-07,43609,204,42270,197,1339,7,49412,237,561054,1336,610466,1573,3,427,-342,4684,543,38498,13,2228,487,"East TN",2455501,141.396806598735,0.095197848636189,64.0602467683784,8.30787688540954,190.755369270874,9.5197848636189
2020-09-08,43920,311,42559,289,1361,22,49732,320,564480,3426,614212,3746,7,434,-302,4382,606,39104,24,2252,494,"East TN",2455501,129.342240137552,0.0922583123011083,152.555425552667,12.6654397615802,178.456453489532,9.22583123011083
2020-09-09,44253,333,42875,316,1378,17,50107,375,569626,5146,619733,5521,6,440,-161,4221,488,39592,16,2268,501,"East TN",2455501,123.029882700109,0.0894437334930705,224.842099433069,13.5613872688303,171.89974673193,8.94437334930705
2020-09-10,44928,675,43513,638,1415,37,50814,707,577436,7810,628250,8517,18,458,194,4415,463,40055,39,2307,512,"East TN",2455501,127.916869103291,0.0920447978866845,346.853859965848,27.4892985178992,179.800374750407,9.20447978866845
2020-09-11,45254,326,43816,303,1438,23,51168,354,581596,4160,632764,4514,17,475,-205,4210,514,40569,26,2333,523,"East TN",2455501,126.654397615802,0.0901412239408204,183.832138533033,13.276313061978,171.451772978305,9.01412239408204
2020-09-12,45673,419,44217,401,1456,18,51679,511,588582,6986,640261,7497,10,485,92,4302,317,40886,15,2348,534,"East TN",2455501,103.074688220449,0.0809035986340951,305.3144755388,17.0637275244441,175.198462554078,8.09035986340951
2020-09-13,46112,439,44636,419,1476,20,52180,501,594156,5574,646336,6075,2,487,47,4349,390,41276,21,2369,539,"East TN",2455501,110.242268278449,0.0802553214218946,247.403686661093,17.8782252583078,177.112532228657,8.02553214218946
2020-09-14,46556,444,45065,429,1491,15,52665,485,599128,4972,651793,5457,9,496,-151,4198,586,41862,25,2394,549,"East TN",2455501,120.016241084813,0.0787136738693832,222.235706684705,18.0818496917737,170.963074337986,7.87136738693832
2020-09-15,47049,493,45521,456,1528,37,53205,540,607303,8175,660508,8715,7,503,-66,4132,552,42414,20,2414,552,"East TN",2455501,127.428170462973,0.0750172801105927,354.917387531099,20.0773691397397,168.275231816236,7.50172801105927
2020-09-16,47402,353,45831,310,1571,43,53599,394,610717,3414,664316,3808,6,509,-175,3957,522,42936,17,2431,561,"East TN",2455501,128.242668196836,0.0783258192584617,155.080368527645,14.375885002694,161.148376644929,7.83258192584617
2020-09-17,47953,551,46350,519,1603,32,54176,577,617892,7175,672068,7752,8,517,119,4076,424,43360,21,2452,572,"East TN",2455501,123.192782246882,0.0767264594458898,315.699321645562,22.4394125679444,165.994638161418,7.67264594458898
2020-09-18,48487,534,46836,486,1651,48,54742,566,626006,8114,680748,8680,17,534,-29,4047,546,43906,30,2482,578,"East TN",2455501,131.663558679064,0.0744831610536846,353.492016496837,21.7470894941603,164.813616447316,7.44831610536846
2020-09-19,48995,508,47321,485,1674,23,55315,573,634360,8354,689675,8927,3,537,193,4240,312,44218,30,2512,580,"East TN",2455501,135.288073594757,0.0735823855587485,363.551063510054,20.6882424401375,172.6735195791,7.35823855587485
2020-09-20,49301,306,47602,281,1699,25,55644,329,639318,4958,694962,5287,1,538,-19,4221,324,44542,13,2525,591,"East TN",2455501,129.871663664564,0.071237609509316,215.312475946864,12.4618153281143,171.89974673193,7.1237609509316
2020-09-21,49464,163,47735,133,1729,30,55796,152,640835,1517,696631,1669,3,541,-208,4013,368,44910,9,2534,596,"East TN",2455501,118.427970503779,0.0698291627637272,67.9698358909241,6.63815653098899,163.428970299747,6.98291627637272
2020-09-22,49924,460,48137,402,1787,58,56286,490,646984,6149,703270,6639,6,547,-55,3958,509,45419,29,2563,603,"East TN",2455501,117.084049242904,0.072049950890978,270.372522756049,18.7334478788646,161.189101531622,7.2049950890978
2020-09-23,50218,294,48391,254,1827,40,56568,282,649077,2093,705645,2375,8,555,-216,3742,502,45921,13,2576,612,"East TN",2455501,114.681280928006,0.0718381765830289,96.721605896312,11.9731166877961,152.392526005895,7.18381765830289
2020-09-24,50681,463,48833,442,1848,21,57048,480,655969,6892,713017,7372,11,566,-36,3706,488,46409,28,2604,617,"East TN",2455501,111.097490899006,0.070136022857701,300.223864702152,18.8556225389442,150.92643008494,7.0136022857701
2020-09-25,51135,454,49263,430,1872,24,57534,486,662642,6673,720176,7159,11,577,14,3720,429,46838,18,2622,624,"East TN",2455501,107.839499963551,0.0708126204727605,291.549463836504,18.4890985587055,151.496578498644,7.08126204727605
2020-09-26,51693,558,49797,534,1896,24,58172,638,673198,10556,731370,11194,5,582,194,3914,359,47197,29,2651,631,"East TN",2455501,109.87574429821,0.0685214054442979,455.874381643502,22.7244867747967,159.397206517122,6.85214054442979
2020-09-27,52086,393,50162,365,1924,28,58579,407,679216,6018,737795,6425,3,585,91,4005,299,47496,30,2681,638,"East TN",2455501,113.418809440517,0.0685219340228329,261.657397003707,16.0048804704213,163.103171206202,6.85219340228329
2020-09-28,52320,234,50357,195,1963,39,58804,225,680903,1687,739707,1912,4,589,-315,3690,545,48041,15,2696,645,"East TN",2455501,116.310276395733,0.0698300677871669,77.8659833573678,9.52962348620506,150.274831897849,6.98300677871669
2020-09-29,52703,383,50697,340,2006,43,59201,397,686712,5809,745913,6206,9,598,-44,3646,418,48459,33,2729,647,"East TN",2455501,113.174460120358,0.0683582299556785,252.7386468179,15.5976316034895,148.482936883349,6.83582299556785
2020-09-30,53185,482,51147,450,2038,32,59677,476,690150,3438,749827,3914,6,604,80,3726,396,48855,23,2752,651,"East TN",2455501,120.830738818677,0.0703680231768593,159.397206517122,19.6293953861147,151.740927818804,7.03680231768594
2020-10-01,53573,388,51496,349,2077,39,60056,379,693430,3280,753486,3659,11,615,0,3726,377,49232,31,2783,656,"East TN",2455501,117.776372316688,0.0743284983567669,149.01236041036,15.8012560369554,151.740927818804,7.43284983567669
2020-10-02,54037,464,51932,436,2105,28,60518,462,697051,3621,757569,4083,2,617,23,3749,439,49671,17,2800,660,"East TN",2455501,118.18362118362,0.0798010322787688,166.27971236827,18.8963474256374,152.677600212747,7.98010322787688
2020-10-03,54442,405,52320,388,2122,17,61001,483,704511,7460,765512,7943,12,629,83,3832,310,49981,22,2822,666,"East TN",2455501,111.952713519563,0.082859820748638,323.477775003961,16.4935791107395,156.057765808281,8.2859820748638
2020-10-04,54897,455,52745,425,2152,30,61540,539,714633,10122,776173,10661,4,633,144,3976,307,50288,27,2849,679,"East TN",2455501,114.47765649454,0.0771535775704831,434.168017036035,18.5298234453987,161.9221494921,7.71535775704831
2020-10-05,55568,671,53357,612,2211,59,62291,751,721881,7248,784172,7999,5,638,151,4127,515,50803,42,2891,688,"East TN",2455501,132.274431979462,0.0784212301810413,325.758368658779,27.3263989711265,168.07160738277,7.84212301810413
2020-10-06,56318,750,54023,666,2295,84,63030,739,728520,6639,791550,7378,8,646,302,4429,440,51243,46,2937,697,"East TN",2455501,147.22046539586,0.0839012205009094,300.468214022312,30.543665019888,180.370523164112,8.39012205009094
2020-10-07,57055,737,54682,659,2373,78,63738,708,735273,6753,799011,7461,3,649,293,4722,441,51684,38,2975,703,"East TN",2455501,157.605311502622,0.0825675016265452,303.848379617846,30.0142414928766,192.302914965215,8.25675016265452
2020-10-08,57773,718,55339,657,2434,61,64416,678,741734,6461,806150,7139,10,659,266,4988,442,52126,32,3007,709,"East TN",2455501,171.044524111373,0.0827890019747835,290.734966102641,29.2404686457061,203.135734825602,8.27890019747835
2020-10-09,58314,541,55838,499,2476,42,64976,560,747213,5479,812189,6039,4,663,123,5111,414,52540,20,3027,716,"East TN",2455501,174.180340386748,0.0816184547784694,245.937590740138,22.0321637010125,208.144895888863,8.16184547784694
2020-10-10,58932,618,56426,588,2506,30,65645,669,755639,8426,821284,9095,12,675,253,5364,353,52893,20,3047,730,"East TN",2455501,182.854741252396,0.0832675894714194,370.392844474508,25.1679799763877,218.448292222239,8.32675894714193
2020-10-11,59875,943,57338,912,2537,31,66674,1029,766066,10427,832740,11456,1,676,586,5950,356,53249,37,3084,737,"East TN",2455501,202.72848595867,0.0907596301730691,466.544301957116,38.4035681516725,242.313075824445,9.07596301730691
2020-10-12,60231,356,57623,285,2608,71,66991,317,768987,2921,835978,3238,6,682,-337,5613,687,53936,19,3103,748,"East TN",2455501,189.900146650317,0.0907230822684631,131.86718311253,14.4980596627735,228.588789008842,9.07230822684631
2020-10-13,60736,505,58076,453,2660,52,67475,484,773372,4385,840847,4869,9,691,7,5620,489,54425,24,3127,755,"East TN",2455501,179.922549410487,0.0901677586871412,198.289473309113,20.5660677800579,228.873863215694,9.01677586871412
2020-10-14,61610,874,58888,812,2722,62,68323,848,779556,6184,847879,7032,1,692,329,5949,544,54969,44,3171,762,"East TN",2455501,185.501858887453,0.0938241794221167,286.37740322647,35.5935509698428,242.272350937752,9.38241794221167
2020-10-15,62119,509,59328,440,2791,69,68788,465,783710,4154,852498,4619,14,706,-67,5882,562,55531,19,3190,771,"East TN",2455501,176.990357568578,0.0943298524208164,188.108251635817,20.7289673268307,239.543783529308,9.43298524208164
2020-10-16,62758,639,59924,596,2834,43,69372,584,787799,4089,857171,4673,2,708,-135,5747,772,56303,22,3212,783,"East TN",2455501,180.98139646451,0.0977279800809213,190.307395517249,26.0232025969446,234.045923825728,9.77279800809213
2020-10-17,63476,718,60605,681,2871,37,70232,860,796583,8784,866815,9644,6,714,237,5984,475,56778,37,3249,790,"East TN",2455501,185.053885133828,0.100744547670818,392.750807269066,29.2404686457061,243.697721972013,10.0744547670818
2020-10-18,64281,805,61364,759,2917,46,71103,871,804693,8110,875796,8981,3,717,348,6332,454,57232,39,3288,798,"East TN",2455501,179.433850770169,0.102866034931252,365.750207391485,32.7835337880131,257.869982541241,10.2866034931252
2020-10-19,65029,748,62049,685,2980,63,71862,759,809592,4899,881454,5658,3,720,-19,6313,764,57996,67,3355,809,"East TN",2455501,195.398006353897,0.107111443398716,230.421408910035,30.4622152465016,257.096209694071,10.7111443398716
2020-10-20,65715,686,62658,609,3057,77,72553,691,813207,3615,885760,4306,15,735,34,6347,637,58633,32,3387,822,"East TN",2455501,202.769210845363,0.113063032974863,175.36136210085,27.9372722715242,258.480855841639,11.3063032974863
2020-10-21,66308,593,63210,552,3098,41,73169,616,816951,3744,890120,4360,5,740,-129,6218,717,59350,27,3414,836,"East TN",2455501,191.325517684578,0.114722662815748,177.560505982282,24.1498578090581,253.227345458218,11.4722662815748
2020-10-22,67438,1130,64246,1036,3192,94,74270,1101,825517,8566,899787,9667,10,750,440,6658,680,60030,43,3457,851,"East TN",2455501,216.615672321046,0.115925479498403,393.68747966301,46.0191219632979,271.146295603219,11.5925479498403
2020-10-23,68409,971,65150,904,3259,67,75240,970,832633,7116,907873,8086,19,769,290,6948,662,60692,39,3496,859,"East TN",2455501,230.136334703183,0.115735079484044,329.301433801086,39.5438649790817,282.956512744242,11.5735079484044
2020-10-24,69646,1237,66325,1175,3321,62,76567,1327,843158,10525,919725,11852,12,781,644,7592,581,61273,50,3546,876,"East TN",2455501,251.272550896945,0.11973161973162,482.671357087617,50.3766848394686,309.183339774653,11.973161973162
2020-10-25,70575,929,67197,872,3378,57,77614,1047,851035,7877,928649,8924,9,790,437,8029,483,61756,43,3589,887,"East TN",2455501,256.3224368469,0.123190736571245,363.428888849974,37.8334197379679,326.980115259574,12.3190736571245
2020-10-26,71037,462,67603,406,3434,56,78048,434,853790,2755,931838,3189,6,796,-449,7580,905,62661,21,3610,900,"East TN",2455501,244.675119252649,0.122777072086377,129.871663664564,18.814897652251,308.694641134335,12.2777072086377
2020-10-27,71879,842,68315,712,3564,130,78831,783,858175,4385,937006,5168,12,808,80,7660,750,63411,54,3664,924,"East TN",2455501,251.028201576786,0.122507122507123,210.466214430375,34.2903545956609,311.952632069789,12.2507122507123
2020-10-28,72876,997,69226,911,3650,86,79801,970,865392,7217,945193,8187,13,821,200,7860,784,64195,41,3705,938,"East TN",2455501,267.481055800833,0.120421985364879,333.414647357097,40.6027120331044,320.097609408426,12.0421985364879
2020-10-29,73784,908,70019,793,3765,115,80635,834,871895,6503,952530,7337,11,832,151,8011,746,64941,40,3745,950,"East TN",2455501,258.440130954946,0.120679521453084,298.798493667891,36.9781971174111,326.247067299097,12.0679521453084
2020-10-30,74684,900,70826,807,3858,93,81475,840,876752,4857,958227,5697,28,860,50,8061,822,65763,39,3784,966,"East TN",2455501,255.54866399973,0.12382333081781,232.009679491069,36.6523980238656,328.283311633756,12.382333081781
2020-10-31,74698,14,70840,14,3858,0,81491,16,876773,21,958264,37,5,865,-603,7458,612,66375,0,3784,977,"East TN",2455501,205.742127573966,0.127766677910688,1.50682080764781,0.570148413704576,303.726204957766,12.7766677910688
2020-11-01,75205,507,71230,390,3975,117,81961,470,883337,6564,965298,7034,0,865,-137,7321,644,67019,27,3811,993,"East TN",2455501,188.556225389442,0.118611694725641,286.458852999856,20.6475175534443,298.1468954808,11.8611694725641
2020-11-02,76016,811,71973,743,4043,68,82737,776,887565,4228,970302,5004,11,876,-229,7092,1029,68048,38,3849,1007,"East TN",2455501,202.769210845363,0.121906198003328,203.787333012693,33.0278831081722,288.820896428061,12.1906198003328
2020-11-03,77056,1040,72933,960,4123,80,83813,1076,894429,6864,978242,7940,31,907,30,7122,979,69027,29,3878,1020,"East TN",2455501,210.832738410614,0.120816762052575,323.355600343881,42.3538821609114,290.042643028856,12.0816762052575
2020-11-04,77967,911,73745,812,4222,99,84660,847,899314,4885,983974,5732,6,913,-5,7117,910,69937,35,3913,1044,"East TN",2455501,207.330398155,0.125293313736108,233.435050525331,37.1003717774906,289.839018595391,12.5293313736108
2020-11-05,78545,578,74229,484,4316,94,85161,501,901976,2662,987137,3163,17,930,-365,6752,926,70863,27,3940,1058,"East TN",2455501,193.891185546249,0.130782789609039,128.812816610541,23.5389845086603,274.974434952378,13.0782789609039
2020-11-06,79511,966,75078,849,4433,117,86088,927,908386,6410,994474,7337,10,940,44,6796,912,71775,37,3977,1082,"East TN",2455501,196.579028067999,0.127265704747979,298.798493667891,39.3402405456157,276.766329966878,12.7265704747979
2020-11-07,80838,1327,76319,1241,4519,86,87507,1419,919307,10921,1006814,12340,21,961,649,7445,657,72432,52,4029,1092,"East TN",2455501,250.05080429615,0.123913491246138,502.54510179389,54.0419246418552,303.196781430755,12.3913491246138
2020-11-08,82395,1557,77758,1439,4637,118,89174,1667,932208,12901,1021382,14568,3,964,889,8334,665,73097,52,4081,1109,"East TN",2455501,292.811935323993,0.128610655445403,593.280149346304,63.4086485812875,339.401205700995,12.8610655445403
2020-11-09,83014,619,78297,539,4717,80,89754,580,935660,3452,1025414,4032,9,973,-467,7867,1077,74174,19,4100,1120,"East TN",2455501,284.992757078902,0.127322543184787,164.202743146918,25.2087048630809,320.382683615278,12.7322543184787
2020-11-10,83953,939,79147,850,4806,89,90677,923,940662,5002,1031339,5925,27,1000,7,7874,905,75079,44,4144,1138,"East TN",2455501,280.87954352289,0.129272840273462,241.294953657115,38.2406686048998,320.667757822131,12.9272840273462
2020-11-11,85257,1304,80247,1100,5010,204,91846,1169,947209,6547,1039055,7716,26,1026,383,8257,895,75974,59,4203,1152,"East TN",2455501,296.884423993311,0.130462409905412,314.233225724608,53.1052522479119,336.26538942562,13.0462409905412
2020-11-12,86094,837,80952,705,5142,132,92610,764,951425,4216,1044035,4980,15,1041,8,8265,814,76788,34,4237,1170,"East TN",2455501,307.432169646846,0.130918485711273,202.809935732056,34.086730162195,336.591188519166,13.0918485711273
2020-11-13,87553,1459,82240,1288,5313,171,93910,1300,957287,5862,1051197,7162,27,1068,526,8791,906,77694,47,4284,1186,"East TN",2455501,327.509538786586,0.137898207076495,291.671638496584,59.4176096853555,358.012478919781,13.7898207076495
2020-11-14,89028,1475,83631,1391,5397,84,95445,1535,966184,8897,1061629,10432,7,1075,917,9708,551,78245,52,4336,1215,"East TN",2455501,333.536822017177,0.144814375627109,424.842017983295,60.0692078724464,395.35720001743,14.4814375627109
2020-11-15,90980,1952,85364,1733,5616,219,97406,1961,977357,11173,1074763,13134,7,1082,1339,11047,606,78851,56,4392,1232,"East TN",2455501,349.623152260985,0.154212172870497,534.880661828279,79.4949788250952,449.887823299604,15.4212172870497
2020-11-16,92505,1525,86763,1399,5742,126,98943,1537,984977,7620,1083920,9157,10,1092,172,11219,1343,80194,41,4433,1251,"East TN",2455501,386.519899605009,0.157060814275459,372.917787449486,62.1054522071056,456.892503810831,15.7060814275459
2020-11-17,93717,1212,87882,1119,5835,93,100164,1221,990121,5144,1090285,6365,31,1123,89,11308,1092,81286,46,4479,1278,"East TN",2455501,397.637793672249,0.16094391476945,259.213903802116,49.358562672139,460.517018726525,16.094391476945
2020-11-18,94914,1197,88837,955,6077,242,101197,1033,995262,5141,1096459,6174,14,1137,56,11364,1127,82413,53,4532,1293,"East TN",2455501,393.280230796078,0.162898055884607,251.435450443718,48.7476893717412,462.797612381343,16.2898055884607
2020-11-19,95994,1080,89717,880,6277,200,102056,859,999923,4661,1101979,5520,45,1182,-243,11121,1278,83691,52,4584,1313,"East TN",2455501,403.176378262522,0.163019467071655,224.801374546376,43.9828776286387,452.901464914899,16.3019467071655
2020-11-20,97120,1126,90680,963,6440,163,103079,1023,1004823,4900,1107902,5923,28,1210,-126,10995,1224,84915,36,4620,1339,"East TN",2455501,389.614990993691,0.161696499426858,241.213503883729,45.8562224165252,447.770129191558,16.1696499426858
2020-11-21,98338,1218,91744,1064,6594,154,104178,1099,1011229,6406,1115407,7505,3,1213,362,11357,853,85768,47,4667,1363,"East TN",2455501,379.148695113543,0.162389824835435,305.640274632346,49.6029119922981,462.512538174491,16.2389824835435
2020-11-22,99924,1586,93173,1429,6751,157,105844,1666,1020829,9600,1126673,11266,17,1230,803,12160,766,86534,57,4724,1390,"East TN",2455501,364.243386583838,0.162550568291273,458.806573485411,64.5896702953898,495.214622189117,16.2550568291273
2020-11-23,100815,891,93931,758,6884,133,106546,702,1023945,3116,1130491,3818,18,1248,-1158,11002,2031,88565,35,4759,1417,"East TN",2455501,338.423808420359,0.163256103583775,155.487617394577,36.2858740436269,448.05520339841,16.3256103583775
2020-11-24,101726,911,94664,733,7062,178,107251,705,1026972,3027,1134223,3732,13,1261,-735,10267,1633,90198,57,4816,1445,"East TN",2455501,326.165617525711,0.161295461787064,151.985277138963,37.1003717774906,418.12241167892,16.1295461787064
2020-11-25,102633,907,95350,686,7283,221,107796,545,1029280,2308,1137076,2853,38,1299,-494,9773,1363,91561,56,4872,1470,"East TN",2455501,314.355400384687,0.162468916955954,116.188101735654,36.9374722307179,398.004317652487,16.2468916955954
2020-11-26,104098,1465,96737,1387,7361,78,109466,1670,1037646,8366,1147112,10036,18,1317,-442,9331,1889,93450,25,4897,1489,"East TN",2455501,330.034481761563,0.164181419360557,408.714962852795,59.6619590055146,380.0039177341,16.4181419360557
2020-11-27,105802,1704,98304,1567,7498,137,111216,1750,1045186,7540,1156402,9290,5,1322,161,9492,1538,94988,50,4947,1517,"East TN",2455501,353.573466270223,0.167773195876289,378.334197379679,69.3952069251855,386.560624491703,16.7773195876289
2020-11-28,107428,1626,99686,1382,7742,244,112710,1494,1052718,7532,1165428,9026,2,1324,569,10061,1055,96043,45,4992,1545,"East TN",2455501,370.189220041043,0.170568361288259,367.582827292679,66.2186657631172,409.733085020124,17.0568361288259
2020-11-29,109715,2287,101806,2120,7909,167,115036,2326,1063414,10696,1178450,13022,4,1328,1278,11339,1005,97048,51,5043,1570,"East TN",2455501,398.737365612965,0.177530563763833,530.319474518642,93.1378158673118,461.779490214013,17.7530563763833
2020-11-30,111953,2238,103815,2009,8138,229,117257,2221,1072865,9451,1190122,11672,15,1343,-105,11234,2328,99376,53,5096,1601,"East TN",2455501,453.593787988683,0.179621337894719,475.340877482844,91.1422964193458,457.503377111229,17.9621337894719
2020-12-01,114214,2261,105821,2006,8393,255,119395,2138,1081702,8837,1201097,10975,20,1363,420,11654,1821,101197,63,5159,1629,"East TN",2455501,508.572385024482,0.181595238807309,446.955631457694,92.078968813289,474.607829522366,18.1595238807309
2020-12-02,115271,1057,106734,913,8537,144,120271,876,1084612,2910,1204883,3786,15,1378,-687,10967,1729,102926,42,5201,1662,"East TN",2455501,514.681118028459,0.183978055363016,154.184421020395,43.0462052346955,446.629832364149,18.3978055363016
2020-12-03,117080,1809,108304,1570,8776,239,121993,1722,1090602,5990,1212595,7712,33,1411,318,11285,1458,104384,45,5246,1683,"East TN",2455501,528.690479050915,0.191301559183299,314.070326177835,73.6713200279699,459.580346332581,19.1301559183299
2020-12-04,118809,1729,109692,1388,9117,341,123451,1458,1096124,5522,1219575,6980,37,1448,-301,10984,1993,106377,36,5282,1718,"East TN",2455501,529.708601218244,0.193674512845678,284.259709118424,70.4133290925151,447.322155437933,19.3674512845678
2020-12-05,119942,1133,110601,909,9341,224,124380,929,1099186,3062,1223566,3991,5,1453,123,11107,1005,107382,24,5306,1744,"East TN",2455501,509.631232078505,0.2007292992535,162.533022792497,46.1412966233775,452.331316501195,20.07292992535
2020-12-06,121411,1469,111864,1263,9547,206,125622,1242,1103677,4491,1229299,5733,20,1473,484,11591,965,108347,40,5346,1780,"East TN",2455501,476.31827476348,0.208185018387776,233.475775412024,59.8248585522873,472.042161660696,20.8185018387776
2020-12-07,124134,2723,114269,2405,9865,318,128193,2571,1113223,9546,1241416,12117,31,1504,-210,11381,2902,111249,51,5397,1802,"East TN",2455501,496.069844809674,0.213202323858541,493.46345206131,110.89386646554,463.489935455127,21.3202323858541
2020-12-08,126900,2766,116633,2364,10267,402,130725,2532,1121584,8361,1252309,10893,45,1549,720,12101,2001,113250,71,5468,1826,"East TN",2455501,516.635912589732,0.221237210028899,443.616190748853,112.645036593347,492.81185387422,22.1237210028899
2020-12-09,129546,2646,119018,2385,10528,261,133303,2578,1128682,7098,1261985,9676,21,1570,579,12680,2046,115296,56,5524,1849,"East TN",2455501,581.347757545202,0.228223179573395,394.054003643248,107.758050190165,516.391563269573,22.8223179573395
2020-12-10,132621,3075,121700,2682,10921,393,136253,2950,1140152,11470,1276405,14420,30,1600,2512,15192,533,115829,74,5598,1886,"East TN",2455501,632.905464098773,0.223475944209372,587.252866115713,125.229026581541,618.692478642851,22.3475944209372
2020-12-11,134607,1986,123450,1750,11157,236,138043,1790,1147325,7173,1285368,8963,35,1635,441,15633,1510,117339,50,5648,1911,"East TN",2455501,643.371759978921,0.221786512242944,365.017159431008,80.8796249726634,636.652153674546,22.1786512242944
2020-12-12,137868,3261,126177,2727,11691,534,141017,2974,1158557,11232,1299574,14206,21,1656,1878,17511,1362,118701,73,5721,1936,"East TN",2455501,730.034318862016,0.218884854225871,578.537740363372,132.803855506473,713.133490884345,21.8884854225871
2020-12-13,142159,4291,130037,3860,12122,431,145382,4365,1175841,17284,1321223,21649,15,1671,2958,20469,1318,120019,62,5783,1970,"East TN",2455501,844.959949110182,0.214960184500239,881.65307202074,174.750488800453,833.597705722783,21.4960184500239
2020-12-14,145018,2859,132494,2457,12524,402,148055,2673,1185120,9279,1333175,11952,37,1708,-1085,19384,3907,123926,72,5855,2004,"East TN",2455501,850.498533700455,0.216458331062893,486.743845756935,116.432451055813,789.411203660679,21.6458331062893
2020-12-15,149144,4126,136034,3540,13110,586,151918,3863,1200141,15021,1352059,18884,34,1742,1612,20996,2480,126406,94,5949,2035,"East TN",2455501,905.884379603185,0.212461152882206,769.048760314087,168.030882496077,855.059721010091,21.2461152882206
2020-12-16,152362,3218,138291,2257,14071,961,154304,2386,1208036,7895,1362340,10281,19,1761,664,21660,2535,128941,60,6009,2077,"East TN",2455501,929.179014791686,0.20926710178865,418.692560092625,131.052685378666,882.101045774365,20.926710178865
2020-12-17,156430,4068,141664,3373,14766,695,157913,3609,1218736,10700,1376649,14309,58,1819,1450,23110,2560,131501,75,6084,2116,"East TN",2455501,969.618827278018,0.216072782410917,582.73240369277,165.668839067872,941.152131479482,21.6072782410917
2020-12-18,159637,3207,144400,2736,15237,471,160792,2879,1227426,8690,1388218,11569,43,1862,850,23960,2314,133815,62,6146,2146,"East TN",2455501,1019.3439139304,0.221186193485659,471.146214153446,130.604711625041,975.768285168689,22.1186193485659
2020-12-19,162277,2640,146642,2242,15635,398,163260,2468,1235791,8365,1399051,10833,27,1889,1270,25230,1343,135158,41,6187,2183,"East TN",2455501,994.053759293928,0.223599424992712,441.172697547262,107.513700870006,1027.48889126903,22.3599424992712
2020-12-20,165908,3631,149608,2966,16300,665,166578,3318,1249734,13943,1416312,17261,16,1905,2279,27509,1336,136494,55,6242,2217,"East TN",2455501,967.175334076427,0.222906960847206,702.952269211049,147.872063582951,1120.3009080428,22.2906960847206
2020-12-21,168221,2313,151350,1742,16871,571,168481,1903,1256649,6915,1425130,8818,14,1919,-1323,26186,3622,140116,35,6277,2252,"East TN",2455501,944.939545941948,0.222130389864608,359.112050860496,94.1966629213346,1066.42188294772,22.2130389864608
2020-12-22,170876,2655,153052,1702,17824,953,170281,1800,1261702,5053,1431983,6853,62,1981,-292,25894,2885,143001,60,6337,2297,"East TN",2455501,885.033237616275,0.229755767979581,279.08764850839,108.124574170404,1054.53021603331,22.9755767979581
2020-12-23,173094,2218,154498,1446,18596,772,171823,1542,1267479,5777,1439302,7319,41,2022,-558,25336,2735,145736,35,6372,2337,"East TN",2455501,844.308350923091,0.22763181829994,298.065445707414,90.3277986854821,1031.80572925851,22.763181829994
2020-12-24,175186,2092,155956,1458,19230,634,173421,1598,1273769,6290,1447190,7888,15,2037,-577,24759,2654,148390,30,6402,2375,"East TN",2455501,763.835974817359,0.219843778795311,321.237906235835,85.1964629621409,1008.30746963654,21.9843778795311
2020-12-25,177552,2366,157935,1979,19617,387,175587,2166,1282317,8548,1457904,10714,3,2040,-296,24463,2659,151049,27,6429,2411,"East TN",2455501,729.586345108391,0.212309502626065,436.326436030773,96.3550819160733,996.25290317536,21.2309502626065
2020-12-26,179492,1940,159403,1468,20089,472,177199,1612,1287971,5654,1465170,7266,2,2042,416,24879,1522,152571,43,6472,2449,"East TN",2455501,701.078924423163,0.210816860509082,295.907026712675,79.006280184777,1013.19445603972,21.0816860509082
2020-12-27,180787,1295,160312,909,20475,386,178189,990,1290764,2793,1468953,3783,27,2069,-191,24688,1459,154030,41,6513,2480,"East TN",2455501,605.945589107885,0.220569518056268,154.062246360315,52.7387282676733,1005.41600268133,22.0569518056268
2020-12-28,182183,1396,161290,978,20893,418,179209,1020,1292583,1819,1471792,2839,25,2094,-2416,22272,3787,157817,42,6555,2517,"East TN",2455501,568.600868010235,0.22990870515623,115.617953321949,56.8519418236849,907.024676430594,22.990870515623
2020-12-29,185089,2906,163017,1727,22072,1179,180988,1779,1296672,4089,1477660,5868,50,2144,-109,22163,2965,160782,64,6619,2559,"East TN",2455501,578.822814570224,0.2344068130569,238.973635115604,118.346520730393,902.585663781037,23.44068130569
2020-12-30,187417,2328,164633,1616,22784,712,182665,1677,1301152,4480,1483817,6157,40,2184,-532,21631,2820,163602,44,6663,2597,"East TN",2455501,583.302552106474,0.243558351117601,250.743127369934,94.8075362217323,880.920024060263,24.3558351117601
2020-12-31,190862,3445,167313,2680,23549,765,185560,2895,1308273,7121,1493833,10016,52,2236,596,22227,2797,166399,30,6693,2640,"East TN",2455501,638.403323802352,0.260253414231503,407.900465118931,140.297234658019,905.192056529401,26.0253414231503
2021-01-01,193102,2240,169030,1717,24072,523,187417,1857,1314475,6202,1501892,8059,24,2260,-443,21784,2659,169058,30,6723,2679,"East TN",2455501,633.271988079011,0.268936982813495,328.20186186037,91.2237461927322,887.15093172432,26.8936982813495
2021-01-02,195827,2725,171142,2112,24685,613,189668,2251,1321036,6561,1510704,8812,4,2264,1168,22952,1553,170611,63,6786,2715,"East TN",2455501,665.241024133161,0.273839328853165,358.867701540337,110.975316238926,934.717599381959,27.3839328853165
2021-01-03,197142,1315,172047,905,25095,410,190605,937,1324407,3371,1515012,4308,15,2279,-186,22766,1486,172097,26,6812,2759,"East TN",2455501,666.055521867024,0.269567294122756,175.442811874237,53.553226001537,927.142770457027,26.9567294122756
2021-01-04,198701,1559,173175,1128,25526,431,191786,1181,1326772,2365,1518558,3546,46,2325,-1562,21204,3075,175172,34,6846,2809,"East TN",2455501,672.693678398013,0.268934696146773,144.41044821403,63.4900983546738,863.530497442273,26.8934696146773
2021-01-05,201604,2903,174914,1739,26690,1164,193614,1828,1332044,5272,1525658,7100,43,2368,-427,20777,3287,178459,60,6906,2853,"East TN",2455501,672.571503737934,0.2630526271928,289.146695521606,118.224346070313,846.140970824284,26.30526271928
2021-01-06,204152,2548,176712,1798,27440,750,195519,1905,1337628,5584,1533147,7489,52,2420,65,20842,2431,180890,63,6969,2896,"East TN",2455501,681.530978810434,0.260571660247314,304.988676445255,103.767011294233,848.788088459341,26.0571660247314
2021-01-07,206661,2509,178848,2136,27813,373,197839,2320,1344737,7109,1542576,9429,33,2453,972,21814,1504,182394,45,7014,2928,"East TN",2455501,643.412484865614,0.251913095213672,383.994956630032,102.178740713199,888.372678325116,25.1913095213672
2021-01-08,209011,2350,180708,1860,28303,490,199830,1991,1352082,7345,1551912,9336,50,2503,1667,23481,633,183027,47,7061,2983,"East TN",2455501,647.892222401864,0.248160735705718,380.207542167566,95.7034837289824,956.261064442653,24.8160735705718
2021-01-09,211587,2576,182710,2002,28877,574,202009,2179,1360273,8191,1562282,10370,27,2530,754,24235,1795,184822,32,7093,3011,"East TN",2455501,641.82421428458,0.239268680445151,422.317075008318,104.907308121642,986.967629009314,23.9268680445151
2021-01-10,213253,1666,183843,1133,29410,533,203260,1251,1366079,5806,1569339,7057,36,2566,-13,24222,1643,186465,41,7134,3051,"East TN",2455501,656.118649513887,0.232941263092017,287.395525393799,67.8476612308445,986.438205482303,23.2941263092017
2021-01-11,214676,1423,184855,1012,29821,411,204357,1097,1369352,3273,1573709,4370,28,2594,-2171,22051,3566,190031,40,7174,3091,"East TN",2455501,650.580064923614,0.22793784337546,177.967754849214,57.9515137644008,898.0244764714,22.793784337546
2021-01-12,216495,1819,185992,1137,30503,682,205549,1192,1373556,4204,1579105,5396,60,2654,-2138,19913,3897,193928,39,7213,3130,"East TN",2455501,606.434287748203,0.223305330514341,219.751488596421,74.0785688949017,810.954668721373,22.3305330514341
2021-01-13,218023,1528,187069,1077,30954,451,206686,1137,1378294,4738,1584980,5875,49,2703,-1338,18575,2817,196745,33,7246,3157,"East TN",2455501,564.894903321155,0.21544189994791,239.258709322456,62.2276268671852,756.464770325893,21.544189994791
2021-01-14,220274,2251,188850,1781,31424,470,208650,1964,1386819,8525,1595469,10489,38,2741,-201,18374,2414,199159,50,7296,3199,"East TN",2455501,554.387882554314,0.204393776114042,427.163336524807,91.6717199463572,748.279068100563,20.4393776114042
2021-01-15,221238,964,189521,671,31717,293,209346,696,1389877,3058,1599223,3754,23,2764,-389,17985,1330,200489,30,7326,3240,"East TN",2455501,497.943189597561,0.201137156263871,152.881224646213,39.2587907722294,732.437087176914,20.1137156263871
2021-01-16,223670,2432,191271,1750,32399,682,211350,2004,1400768,10891,1612118,12895,13,2777,344,18329,2075,202564,54,7380,3283,"East TN",2455501,492.078805913742,0.187434786098403,525.147413908608,99.0429244378235,746.446448199369,18.7434786098403
2021-01-17,224527,857,191878,607,32649,250,212022,672,1404387,3619,1616409,4291,13,2790,-854,17475,1698,204262,24,7404,3317,"East TN",2455501,459.132372578956,0.186148289781177,174.750488800453,34.9012278960587,711.66739496339,18.6148289781177
2021-01-18,225094,567,192200,322,32894,245,212377,355,1406471,2084,1618848,2439,13,2803,-2469,15006,3023,207285,21,7425,3348,"East TN",2455501,424.271869569591,0.177673408803917,99.3279986446758,23.0910107550353,611.117649717919,17.7673408803917
2021-01-19,226777,1683,193176,976,33601,707,213441,1064,1410679,4208,1624120,5272,21,2824,-1164,13842,2826,210111,53,7478,3387,"East TN",2455501,418.733284979318,0.175319337998445,214.701602646466,68.5399843046287,563.713881607053,17.5319337998445
2021-01-20,227761,984,193833,657,33928,327,214136,695,1414675,3996,1628811,4691,32,2856,-1017,12825,1969,212080,29,7507,3427,"East TN",2455501,396.578946618226,0.169971025073578,191.040443477726,40.073288506093,522.296671840085,16.9971025073578
2021-01-21,229323,1562,194971,1138,34352,424,215412,1276,1421608,6933,1637020,8209,65,2921,-768,12057,2265,214345,37,7544,3473,"East TN",2455501,368.519499686622,0.162739765589276,334.310594864347,63.6122730147534,491.01995885972,16.2739765589276
2021-01-22,230311,988,195677,706,34634,282,216228,816,1427052,5444,1643280,6260,32,2953,-734,11323,1690,216035,31,7575,3505,"East TN",2455501,369.496896967258,0.156206732187848,254.937790699332,40.2361880528658,461.127892026922,15.6206732187848
2021-01-23,231743,1432,196646,969,35097,463,217329,1101,1435334,8282,1652663,9383,19,2972,202,11525,1211,217246,41,7616,3530,"East TN",2455501,328.772010274074,0.147465778764336,382.121611842145,58.3180377446395,469.354319138946,14.7465778764336
2021-01-24,232366,623,197135,489,35231,134,217871,542,1438710,3376,1656581,3918,19,2991,-607,10918,1211,218457,20,7636,3557,"East TN",2455501,319.242386787869,0.145598924624116,159.560106063895,25.3716044098536,444.634312916183,14.5598924624116
2021-01-25,233105,739,197645,510,35460,229,218420,549,1440467,1757,1658887,2306,44,3035,-1138,9780,1833,220290,20,7656,3588,"East TN",2455501,326.247067299097,0.150927845350783,93.9115887144823,30.095691266263,398.28939185934,15.0927845350783
2021-01-26,234138,1033,198375,730,35763,303,219203,783,1444933,4466,1664136,5249,63,3098,-917,8863,1887,222177,26,7682,3611,"East TN",2455501,299.775890948527,0.143992403038784,213.764930252523,42.0688079540591,360.94467076169,14.3992403038785
2021-01-27,235092,954,199080,705,36012,249,219958,755,1449455,4522,1669413,5277,55,3153,-390,8473,1289,223466,28,7710,3634,"East TN",2455501,298.554144347732,0.143391951135412,214.905227079932,38.8515419052975,345.061964951348,14.3391951135412
2021-01-28,236423,1331,199797,717,36626,614,220756,798,1453886,4431,1674642,5229,46,3199,-172,8301,1457,224923,29,7739,3661,"East TN",2455501,289.146695521606,0.14204454840253,212.950432518659,54.2048241886279,338.05728444012,14.204454840253
2021-01-29,237018,595,200149,352,36869,243,221153,397,1456553,2667,1677706,3064,17,3216,-684,7617,1262,226185,17,7756,3682,"East TN",2455501,273.141815051185,0.143060477546041,124.781052827916,24.2313075824445,310.201461941983,14.3060477546041
2021-01-30,238172,1154,201115,966,37057,188,222249,1096,1465603,9050,1687852,10146,44,3260,234,7851,876,227061,29,7785,3702,"East TN",2455501,261.82029655048,0.139816419903947,413.194700389045,46.9965192439343,319.731085428188,13.9816419903947
2021-01-31,238851,679,201555,440,37296,239,222740,491,1469528,3925,1692268,4416,29,3289,-90,7761,740,227801,30,7815,3721,"East TN",2455501,264.100890205298,0.136436237285286,179.841099637101,27.6521980646719,316.065845625801,13.6436237285286
2021-02-01,239544,693,201963,408,37581,285,223182,442,1471224,1696,1694406,2138,39,3328,-545,7216,1199,229000,10,7825,3748,"East TN",2455501,262.227545417412,0.134069089782933,87.0698077500274,28.2223464783765,293.870782378016,13.4069089782933
2021-02-02,240082,538,202311,348,37771,190,223544,362,1472283,1059,1695827,1421,57,3385,-837,6379,1318,230318,13,7838,3764,"East TN",2455501,242.068726504286,0.136978953015052,57.8700639910145,21.909989040933,259.784052215821,13.6978953015052
2021-02-03,241194,1112,203070,759,38124,353,224370,826,1478288,6005,1702658,6831,46,3431,36,6415,1030,231348,39,7877,3777,"East TN",2455501,248.503258601809,0.132711685967815,278.19170100114,45.2860740028206,261.250148136775,13.2711685967815
2021-02-04,242291,1097,203852,782,38439,315,225234,864,1486002,7714,1711236,8578,58,3489,-4,6411,1043,232391,36,7913,3796,"East TN",2455501,238.973635115604,0.122369787396841,349.338078054132,44.6752007024228,261.087248590003,12.2369787396841
2021-02-05,243109,818,204412,560,38697,258,225840,606,1489808,3806,1715648,4412,67,3556,-151,6260,902,233293,28,7941,3809,"East TN",2455501,248.055284848184,0.123530652047863,179.678200090328,33.3129573150245,254.937790699332,12.3530652047863
2021-02-06,244337,1228,205229,817,39108,411,226804,964,1498463,8655,1725267,9619,27,3583,496,6756,705,233998,22,7963,3838,"East TN",2455501,251.068926463479,0.121742616597621,391.732685101737,50.0101608592299,275.137334499151,12.1742616597621
2021-02-07,244854,517,205582,353,39272,164,227210,406,1501547,3084,1728757,3490,2,3585,-130,6626,645,234643,10,7973,3855,"East TN",2455501,244.471494819184,0.122502672038148,142.129854559212,21.0547664203761,269.843099229037,12.2502672038148
2021-02-08,245365,511,205880,298,39485,213,227529,319,1502910,1363,1730439,1682,32,3617,-628,5998,1107,235750,9,7982,3871,"East TN",2455501,237.059565441024,0.120639413870619,68.4992594179355,20.810417100217,244.267870385718,12.0639413870619
2021-02-09,246394,1029,206514,634,39880,395,228196,667,1507143,4233,1735339,4900,16,3633,-61,5937,1074,236824,38,8020,3882,"East TN",2455501,257.055484807377,0.117736383883377,199.551944796602,41.9059084072863,241.783652297433,11.7736383883377
2021-02-10,247242,848,207096,582,40146,266,228832,636,1513130,5987,1741962,6623,39,3672,-29,5908,838,237662,30,8050,3895,"East TN",2455501,246.304114720377,0.113525340932221,269.720924568958,34.53470391582,240.602630583331,11.3525340932221
2021-02-11,248110,868,207680,584,40430,284,229482,650,1518704,5574,1748186,6224,37,3709,-94,5814,925,238587,31,8081,3913,"East TN",2455501,236.978115667638,0.114966170500677,253.471694778377,35.3492016496837,236.774491234172,11.4966170500677
2021-02-12,248944,834,208275,595,40669,239,230131,649,1524215,5511,1754346,6160,34,3743,60,5874,740,239327,12,8093,3922,"East TN",2455501,237.629713854729,0.1108842834255,250.865302030013,33.9645555021155,239.217984435763,11.08842834255
2021-02-13,249537,593,208647,372,40890,221,230566,435,1528642,4427,1759208,4862,12,3755,-27,5847,608,239935,16,8109,3934,"East TN",2455501,211.769410804557,0.110839397778498,198.004399102261,24.1498578090581,238.118412495047,11.0839397778498
2021-02-14,250077,540,209061,414,41016,126,231018,452,1531610,2968,1762628,3420,15,3770,-51,5796,576,240511,15,8124,3947,"East TN",2455501,212.7060831985,0.112426559593753,139.279112490689,21.9914388143194,236.041443273694,11.2426559593753
2021-02-15,250457,380,209273,212,41184,168,231247,229,1532934,1324,1764181,1553,5,3775,-573,5223,948,241459,10,8134,3958,"East TN",2455501,207.371123041693,0.11018908185644,63.2457490345148,15.4754569434099,212.7060831985,11.018908185644
2021-02-16,251222,765,209700,427,41522,338,231721,474,1536343,3409,1768064,3883,8,3783,-43,5180,800,242259,26,8160,3968,"East TN",2455501,196.619752954692,0.107715813598167,158.134735029633,31.1545383202858,210.954913070693,10.7715813598167
2021-02-17,251843,621,210119,419,41724,202,232172,451,1539597,3254,1771769,3705,11,3794,-90,5090,700,242959,11,8171,3985,"East TN",2455501,187.37520367534,0.112054215452746,150.885705198247,25.2901546364673,207.289673268307,11.2054215452746
2021-02-18,252636,793,210669,550,41967,243,232777,605,1545317,5720,1778094,6325,42,3836,24,5114,727,243686,19,8190,4002,"East TN",2455501,184.320837173351,0.110171191654407,257.584908334389,32.2948351476949,208.267070548943,11.0171191654407
2021-02-19,253112,476,210970,301,42142,175,233122,345,1548025,2708,1781147,3053,5,3841,-225,4889,696,244382,11,8201,4011,"East TN",2455501,169.741327737191,0.111600313421141,124.333079074291,19.3850460659556,199.103971042977,11.1600313421141
2021-02-20,253735,623,211419,449,42316,174,233628,506,1553252,5227,1786880,5733,18,3859,75,4964,530,244912,18,8219,4021,"East TN",2455501,170.963074337986,0.110653368025441,233.475775412024,25.3716044098536,202.158337544965,11.0653368025441
2021-02-21,254084,349,211647,228,42437,121,233891,263,1555386,2134,1789277,2397,7,3866,-84,4880,426,245338,12,8231,4039,"East TN",2455501,163.184620979588,0.10780892341176,97.617553403562,14.2129854559212,198.737447062738,10.780892341176
2021-02-22,254442,358,211843,196,42599,162,234118,227,1556768,1382,1790886,1609,7,3873,-482,4398,833,246171,22,8253,4055,"East TN",2455501,162.288673472338,0.107507957311365,65.526342689333,14.5795094361599,179.108051676623,10.7507957311365
2021-02-23,255085,643,212192,349,42893,294,234486,368,1559715,2947,1794201,3315,26,3899,-144,4254,761,246932,27,8280,4062,"East TN",2455501,157.32023729577,0.10578872862226,135.002999387905,26.1861021437173,173.243667992805,10.578872862226
2021-02-24,255826,741,212742,550,43084,191,235096,610,1565917,6202,1801013,6812,19,3918,55,4309,667,247599,23,8303,4069,"East TN",2455501,162.207223698952,0.0999863219805772,277.417928153969,30.1771410396493,175.48353676093,9.99863219805772
2021-02-25,256461,635,213187,445,43274,190,235592,496,1570685,4768,1806277,5264,21,3939,-97,4212,711,248310,16,8319,4078,"East TN",2455501,155.772691601429,0.0998829081361104,214.375803552921,25.8603030501718,171.533222751691,9.98829081361104
2021-02-26,256922,461,213510,323,43412,138,235961,369,1573807,3122,1809768,3491,14,3953,-180,4032,627,248937,11,8330,4083,"East TN",2455501,155.161818301031,0.0991929003179484,142.170579445905,18.7741727655578,164.202743146918,9.91929003179484
2021-02-27,257362,440,213737,227,43625,213,236236,275,1577902,4095,1814138,4370,7,3960,11,4043,422,249359,16,8346,4092,"East TN",2455501,147.709164036178,0.0956783329664686,177.967754849214,17.918950145001,164.650716900543,9.56783329664686
2021-02-28,257728,366,214011,274,43717,92,236549,313,1580462,2560,1817011,2873,5,3965,-51,3992,412,249771,11,8357,4101,"East TN",2455501,148.401487109962,0.0958390423307132,117.002599469518,14.9053085297053,162.573747679191,9.58390423307132
2021-03-01,257973,245,214160,149,43813,96,236705,156,1581241,779,1817946,935,4,3969,-409,3583,650,250421,11,8368,4110,"East TN",2455501,143.799574913633,0.0956023651145602,38.077769058127,9.97759723983008,145.917269021678,9.56023651145602
2021-03-02,258593,620,214550,390,44043,230,237152,447,1584697,3456,1821849,3903,7,3976,6,3589,607,251028,24,8392,4120,"East TN",2455501,142.862902519689,0.0964265046296296,158.949232763497,25.2494297497741,146.161618341837,9.64265046296296
2021-03-03,259075,482,214852,302,44223,180,237507,355,1588871,4174,1826378,4529,7,3983,-147,3442,622,251650,17,8409,4123,"East TN",2455501,132.315156866155,0.0950522373349103,184.44301183343,19.6293953861147,140.175059997939,9.50522373349103
2021-03-04,259684,609,215267,415,44417,194,237979,472,1593693,4822,1831672,5294,18,4001,47,3489,544,252194,21,8430,4128,"East TN",2455501,131.256309812132,0.0939948808820634,215.597550153716,24.8014559961491,142.089129672519,9.39948808820634
2021-03-05,260155,471,215578,311,44577,160,238333,354,1597374,3681,1835707,4035,15,4016,-64,3425,520,252714,16,8446,4133,"East TN",2455501,131.663558679064,0.091445314005937,164.324917806997,19.1814216324897,139.482736924155,9.1445314005937
2021-03-06,260618,463,215901,323,44717,140,238705,372,1601650,4276,1840355,4648,1,4017,52,3477,410,253124,10,8456,4139,"East TN",2455501,132.600231073007,0.0941755349582332,189.289273349919,18.8556225389442,141.600431032201,9.41755349582332
2021-03-07,260873,255,216065,164,44808,91,238889,184,1603380,1730,1842269,1914,1,4018,-110,3367,364,253488,4,8460,4143,"East TN",2455501,128.079768650064,0.0926439147992715,77.9474331307542,10.3848461067619,137.120693495951,9.26439147992715
2021-03-08,261330,457,216358,293,44972,164,239201,312,1604961,1581,1844162,1893,3,4021,-128,3239,582,254070,9,8469,4151,"East TN",2455501,136.713444629019,0.0952090326518157,77.0922105101973,18.6112732187851,131.907907999223,9.52090326518157
2021-03-09,261868,538,216639,281,45229,257,239519,318,1607537,2576,1847056,2894,6,4027,25,3264,507,254577,21,8490,4163,"East TN",2455501,133.374003920178,0.0939024874042925,117.857822090074,21.909989040933,132.926030166553,9.39024874042924
2021-03-10,262518,650,217103,464,45415,186,240026,507,1613009,5472,1853035,5979,7,4034,174,3438,469,255046,28,8518,4173,"East TN",2455501,140.215784884633,0.0944967550737142,243.494097538547,26.4711763505696,140.012160451167,9.44967550737142
2021-03-11,263049,531,217441,338,45608,193,240391,365,1616347,3338,1856738,3703,5,4039,87,3525,439,255485,9,8527,4181,"East TN",2455501,137.039243722564,0.0962259634564749,150.80425542486,21.6249148340807,143.555225593474,9.62259634564749
2021-03-12,263511,462,217808,367,45703,95,240807,416,1619694,3347,1860501,3763,5,4044,2,3527,455,255940,12,8539,4189,"East TN",2455501,136.672719742325,0.0997822053722675,153.247748626451,18.814897652251,143.63667536686,9.97822053722675
2021-03-13,263957,446,218023,215,45934,231,241086,279,1623333,3639,1864419,3918,2,4046,40,3567,404,256344,21,8560,4195,"East TN",2455501,135.980396668541,0.0989444813829787,159.560106063895,18.1632994651601,145.265670834587,9.89444813829787
2021-03-14,264219,262,218199,176,46020,86,241297,211,1625175,1842,1866472,2053,0,4046,-52,3515,314,256658,10,8570,4201,"East TN",2455501,136.265470875394,0.0994917985373714,83.6081923811067,10.6699203136142,143.147976726542,9.94917985373714
2021-03-15,264575,356,218384,185,46191,171,241512,215,1626371,1196,1867883,1411,4,4050,-167,3348,519,257177,15,8585,4205,"East TN",2455501,132.152257319382,0.0974242232620884,57.4628151240826,14.4980596627735,136.34692064878,9.74242232620884
2021-03-16,265274,699,218835,451,46439,248,242008,496,1629638,3267,1871646,3763,4,4054,189,3537,506,257683,36,8621,4206,"East TN",2455501,138.708964076985,0.101220008133388,153.247748626451,28.4666957985356,144.043924233792,10.1220008133388
2021-03-17,265700,426,219168,333,46532,93,242372,364,1633362,3724,1875734,4088,1,4055,-30,3507,455,258138,16,8637,4215,"East TN",2455501,129.586589457711,0.103352570597824,166.483336801736,17.3488017312964,142.822177632996,10.3352570597824
2021-03-18,266250,550,219517,349,46733,201,242757,385,1636653,3291,1879410,3676,6,4061,102,3609,442,258580,31,8668,4222,"East TN",2455501,130.360362304882,0.104357798165138,149.704683484144,22.3986876812512,146.976116075701,10.4357798165138
2021-03-19,267042,792,220047,530,46995,262,243320,563,1641698,5045,1885018,5608,15,4076,337,3946,440,259020,25,8693,4228,"East TN",2455501,143.799574913633,0.102500305910185,228.385164575376,32.2541102610017,160.700402891304,10.2500305910185
2021-03-20,267314,272,220212,165,47102,107,243514,194,1643819,2121,1887333,2315,1,4077,-42,3904,313,259333,15,8708,4230,"East TN",2455501,136.713444629019,0.105961420965349,94.278112694721,11.077169180546,158.98995765019,10.5961420965349
2021-03-21,267595,281,220409,197,47186,84,243739,225,1645618,1799,1889357,2024,-15,4062,-22,3882,318,259651,8,8716,4237,"East TN",2455501,137.487217476189,0.106707450294953,82.4271706670044,11.4436931607847,158.09401014294,10.6707450294953
2021-03-22,268121,526,220750,341,47371,185,244095,356,1647707,2089,1891802,2445,14,4076,-15,3867,527,260178,19,8735,4244,"East TN",2455501,144.41044821403,0.107989464442493,99.5723479648349,21.4212904006148,157.483136842543,10.7989464442493
2021-03-23,268559,438,220999,249,47560,189,244360,265,1650162,2455,1894522,2720,11,4087,-78,3789,505,260683,17,8752,4250,"East TN",2455501,133.781252787109,0.10281517747858,110.77169180546,17.8375003716146,154.306595680474,10.281517747858
2021-03-24,269157,598,221458,459,47699,139,244853,493,1654861,4699,1899714,5192,4,4091,87,3876,507,261190,26,8778,4256,"East TN",2455501,140.785933298337,0.103461217681401,211.443611711011,24.353482242524,157.849660822781,10.3461217681401
2021-03-25,269557,400,221765,307,47792,93,245186,333,1657829,2968,1903015,3301,8,4099,-66,3810,458,261648,23,8801,4260,"East TN",2455501,134.677200294359,0.102901927557721,134.4328509742,16.2899546772736,155.161818301031,10.2901927557721
2021-03-26,269967,410,222088,323,47879,87,245532,346,1660461,2632,1905993,2978,7,4106,-64,3746,467,262115,14,8815,4270,"East TN",2455501,119.120293577563,0.105458879618594,121.278712572302,16.6972035442054,152.555425552667,10.5458879618594
2021-03-27,270171,204,222269,181,47902,23,245742,210,1662973,2512,1908715,2722,2,4108,-163,3583,365,262480,12,8827,4281,"East TN",2455501,116.351001282427,0.104199794219437,110.853141578847,8.30787688540954,145.917269021678,10.4199794219437
2021-03-28,270487,316,222488,219,47999,97,245987,245,1665045,2072,1911032,2317,5,4113,-68,3515,379,262859,17,8844,4287,"East TN",2455501,117.776372316688,0.103713956170704,94.3595624681073,12.8690641950461,143.147976726542,10.3713956170704
2021-03-29,270927,440,222726,238,48201,202,246240,253,1666900,1855,1913140,2108,18,4131,-90,3425,512,263371,18,8862,4292,"East TN",2455501,114.274032061074,0.100524885181367,85.8480611492319,17.918950145001,139.482736924155,10.0524885181367
2021-03-30,271302,375,222984,258,48318,117,246562,322,1669377,2477,1915939,2799,5,4136,-143,3282,513,263884,20,8882,4298,"East TN",2455501,111.708364199404,0.102815520381006,113.988957854222,15.271832509944,133.65907812703,10.2815520381006
2021-03-31,271963,661,223426,442,48537,219,247050,488,1674194,4817,1921244,5305,4,4140,168,3450,489,264373,18,8900,4303,"East TN",2455501,114.274032061074,0.102043660009289,216.045523907341,26.9191501041946,140.500859091485,10.2043660009289
2021-04-01,272413,450,223749,323,48664,127,247400,350,1677022,2828,1924422,3178,1,4141,-85,3365,534,264907,18,8918,4311,"East TN",2455501,116.310276395733,0.103424113607698,129.423689910939,18.3261990119328,137.039243722564,10.3424113607698
2021-04-02,272760,347,223980,231,48780,116,247652,252,1680042,3020,1927694,3272,0,4141,-81,3284,428,265335,12,8930,4316,"East TN",2455501,113.744608534063,0.0976913506290033,133.251829260098,14.1315356825348,133.740527900416,9.76913506290033
2021-04-03,273102,342,224230,250,48872,92,247926,274,1682393,2351,1930319,2625,0,4141,-55,3229,397,265732,13,8943,4325,"East TN",2455501,119.364642897722,0.101092390298093,106.902827569608,13.9279112490689,131.500659132291,10.1092390298093
2021-04-04,273273,171,224353,123,48920,48,248067,141,1683988,1595,1932055,1736,6,4147,-181,3048,346,266078,8,8951,4329,"East TN",2455501,113.459534327211,0.0989392570042335,70.6984032993674,6.96395562453446,124.129454640825,9.89392570042335
2021-04-05,273680,407,224588,235,49092,172,248290,223,1685207,1219,1933497,1442,6,4153,-93,2955,494,266572,40,8991,4335,"East TN",2455501,112.115613066336,0.100702461069902,58.7252866115713,16.5750288841259,120.342040178359,10.0702461069902
2021-04-06,274111,431,224838,250,49273,181,248567,277,1687293,2086,1935860,2363,3,4156,-6,2949,434,267006,27,9018,4340,"East TN",2455501,114.396206721154,0.100647557853521,96.2329072559938,17.5524261647623,120.0976908582,10.0647557853521
2021-04-07,274741,630,225300,462,49441,168,249074,507,1691986,4693,1941060,5200,5,4161,206,3155,419,267425,24,9042,4344,"East TN",2455501,113.133735233665,0.102139685102947,211.769410804557,25.6566786167059,128.487017516996,10.2139685102947
2021-04-08,275146,405,225554,254,49592,151,249363,289,1694997,3011,1944360,3300,-1,4160,48,3203,358,267783,21,9063,4349,"East TN",2455501,111.301115332472,0.0984552111545792,134.392126087507,16.4935791107395,130.441812078268,9.84552111545792
2021-04-09,275664,518,225960,406,49704,112,249812,449,1698873,3876,1948685,4325,4,4164,109,3312,405,268188,31,9094,4352,"East TN",2455501,118.265070957006,0.102901243390024,176.135134948021,21.0954913070693,134.880824727825,10.2901243390024
2021-04-10,275969,305,226176,216,49793,89,250060,248,1701654,2781,1951714,3029,1,4165,-11,3301,315,268503,15,9109,4357,"East TN",2455501,116.758250149359,0.0997429305912596,123.355681793654,12.4210904414211,134.4328509742,9.97429305912596
2021-04-11,276206,237,226339,163,49867,74,250234,174,1703367,1713,1953601,1887,2,4167,-85,3216,320,268823,10,9119,4361,"East TN",2455501,119.446092671109,0.100575512856215,76.8478611900382,9.65179814628461,130.97123560528,10.0575512856215
2021-04-12,276671,465,226662,323,50009,142,250564,330,1705130,1763,1955694,2093,3,4170,13,3229,449,269272,16,9135,4370,"East TN",2455501,121.808136099313,0.102446276523855,85.2371878488341,18.9370723123306,131.500659132291,10.2446276523855
2021-04-13,277049,378,226902,240,50147,138,250814,250,1707187,2057,1958001,2307,3,4173,-52,3177,427,269699,16,9151,4374,"East TN",2455501,119.649717104575,0.10148593107809,93.9523136011755,15.3940071700236,129.382965024246,10.148593107809
2021-04-14,277728,679,227403,501,50325,178,251371,557,1712008,4821,1963379,5378,0,4173,269,3446,410,270109,29,9180,4377,"East TN",2455501,121.645236552541,0.102916797347551,219.018440635944,27.6521980646719,140.337959544712,10.2916797347551
2021-04-15,278270,542,227771,368,50499,174,251751,380,1715153,3145,1966904,3525,2,4175,115,3561,425,270534,24,9204,4382,"East TN",2455501,127.224546029507,0.105926188786373,143.555225593474,22.0728885877057,145.021321514428,10.5926188786373
2021-04-16,279244,974,228662,891,50582,83,252858,1107,1722638,7485,1975496,8592,3,4178,630,4191,341,270875,32,9236,4385,"East TN",2455501,145.795094361599,0.113610085412704,349.908226467837,39.6660396391612,170.678000131134,11.3610085412704
2021-04-17,279446,202,228809,147,50637,55,253031,173,1724869,2231,1977900,2404,0,4178,-92,4099,294,271169,10,9246,4386,"East TN",2455501,141.600431032201,0.113457572748797,97.9026276104143,8.22642711202317,166.931310555361,11.3457572748797
2021-04-18,279665,219,228997,188,50668,31,253233,202,1726672,1803,1979905,2005,6,4184,-121,3978,334,271503,8,9254,4395,"East TN",2455501,140.867383071723,0.114013077858881,81.6533978198339,8.9187501858073,162.003599265486,11.4013077858881
2021-04-19,279993,328,229192,195,50801,133,253443,210,1728121,1449,1981564,1659,8,4192,-212,3766,532,272035,15,9269,4402,"East TN",2455501,135.288073594757,0.111287205257055,67.5625870239923,13.3577628353644,153.369923286531,11.1287205257055
2021-04-20,280346,353,229469,277,50877,76,253722,279,1730569,2448,1984291,2727,4,4196,-112,3654,461,272496,20,9289,4406,"East TN",2455501,134.269951427428,0.110612400152149,111.056766012313,14.375885002694,148.808735976894,11.0612400152149
2021-04-21,280859,513,229799,330,51060,183,254059,337,1734351,3782,1988410,4119,4,4200,32,3686,477,272973,15,9304,4412,"East TN",2455501,127.509620236359,0.107386840318006,167.745808289225,20.8918668736034,150.111932351076,10.7386840318006
2021-04-22,281500,641,230197,398,51303,243,254507,448,1738603,4252,1993110,4700,3,4203,191,3877,447,273420,26,9330,4416,"East TN",2455501,131.541384018984,0.1051667557048,191.406967457965,26.1046523703309,157.890385709474,10.51667557048
2021-04-23,281883,383,230474,277,51409,106,254815,308,1741806,3203,1996621,3511,0,4203,-8,3869,391,273811,11,9341,4421,"East TN",2455501,107.472975983313,0.0926390532544379,142.985077179769,15.5976316034895,157.564586615929,9.26390532544379
2021-04-24,282143,260,230662,188,51481,72,255024,209,1744804,2998,1999828,3207,0,4203,-132,3737,392,274203,19,9360,4428,"East TN",2455501,109.835019411517,0.0908883619117111,130.604711625041,10.5884705402278,152.188901572429,9.08883619117111
2021-04-25,282342,199,230810,148,51532,51,255183,159,1746455,1651,2001638,1810,4,4207,-113,3624,308,274511,17,9377,4433,"East TN",2455501,109.020521677654,0.089725302535315,73.712044914663,8.10425245194362,147.586989376099,8.9725302535315
2021-04-26,282731,389,231057,247,51674,142,255434,251,1748427,1972,2003861,2223,6,4213,-140,3484,523,275034,16,9393,4441,"East TN",2455501,111.504739765938,0.0892945239269857,90.531423118948,15.8419809236486,141.885505239053,8.92945239269857
2021-04-27,283118,387,231259,202,51859,185,255653,219,1750791,2364,2006444,2583,3,4216,-52,3432,436,275470,25,9418,4447,"East TN",2455501,112.889385913506,0.0871665237213921,105.192382328494,15.7605311502622,139.767811131007,8.71665237213921
2021-04-28,283604,486,231603,344,52001,142,256034,381,1754919,4128,2010953,4509,6,4222,7,3439,473,275943,23,9441,4455,"East TN",2455501,111.78981397279,0.0876103446746218,183.628514099567,19.7922949328874,140.05288533786,8.76103446746218
2021-04-29,283996,392,231882,279,52114,113,256338,304,1757851,2932,2014189,3236,1,4223,18,3457,373,276316,22,9463,4460,"East TN",2455501,101.649317186187,0.0868637032117273,131.785733339143,15.9641555837281,140.785933298337,8.68637032117273
2021-04-30,284366,370,232110,228,52256,142,256577,239,1761118,3267,2017695,3506,0,4223,0,3457,370,276686,18,9481,4465,"East TN",2455501,101.119893659176,0.0836101357122521,142.781452746303,15.0682080764781,140.785933298337,8.36101357122521
2021-05-01,284601,235,232292,182,52309,53,256765,188,1763609,2491,2020374,2679,-1,4222,-28,3429,264,276950,15,9496,4466,"East TN",2455501,100.101771491846,0.0847366884065025,109.10197145104,9.57034837289824,139.645636470928,8.47366884065025
2021-05-02,284776,175,232420,128,52356,47,256898,133,1765085,1476,2021983,1609,1,4223,-76,3353,250,277200,11,9507,4470,"East TN",2455501,99.1243742112099,0.0842958957974932,65.526342689333,7.1268551713072,136.550545082246,8.42958957974932
2021-05-03,284989,213,232535,115,52454,98,257024,126,1766569,1484,2023593,1610,5,4228,-225,3128,433,277633,17,9524,4474,"East TN",2455501,91.9567941532095,0.0805797689033043,65.5670675760262,8.67440086564819,127.38744557628,8.05797689033043
2021-05-04,285309,320,232755,220,52554,100,257269,245,1768969,2400,2026238,2645,7,4235,-82,3046,395,278028,12,9536,4482,"East TN",2455501,89.2282267447661,0.0816409012832171,107.717325303472,13.0319637418189,124.048004867438,8.16409012832171
2021-05-05,285773,464,233048,293,52725,171,257580,311,1773119,4150,2030699,4461,5,4240,129,3175,330,278358,22,9558,4487,"East TN",2455501,88.3322792375161,0.0782943380937911,181.673719538294,18.8963474256374,129.301515250859,7.82943380937911
2021-05-06,286058,285,233244,196,52814,89,257811,231,1775557,2438,2033368,2669,4,4244,-101,3074,382,278740,10,9568,4493,"East TN",2455501,83.9747163613454,0.0768027530111059,108.694722584108,11.6065927075574,125.188301694848,7.68027530111059
2021-05-07,286423,365,233492,248,52931,117,258080,269,1779006,3449,2037086,3718,0,4244,15,3089,350,279090,15,9583,4498,"East TN",2455501,83.7710919278795,0.0775101851374349,151.415128725258,14.8645836430122,125.799174995245,7.75101851374349
2021-05-08,286594,171,233595,103,52999,68,258194,114,1780901,1895,2039095,2009,0,4244,-93,2996,264,279354,7,9590,4505,"East TN",2455501,81.1646991795157,0.0763313925538166,81.8162973666066,6.96395562453446,122.011760532779,7.63313925538166
2021-05-09,286740,146,233710,115,53030,31,258326,132,1782612,1711,2040938,1843,3,4247,-163,2833,306,279660,11,9601,4510,"East TN",2455501,79.9836774654134,0.0753363228699552,75.0559661755381,5.94583345720486,115.37360400179,7.53363228699552
2021-05-10,286975,235,233846,136,53129,99,258471,145,1784128,1516,2042599,1661,7,4254,-198,2635,426,280086,22,9623,4513,"East TN",2455501,80.8796249726634,0.0761338524676418,67.6440367973786,9.57034837289824,107.31007643654,7.61338524676418
2021-05-11,287290,315,234074,228,53216,87,258715,244,1786806,2678,2045521,2922,1,4255,-57,2578,371,280457,19,9642,4517,"East TN",2455501,80.6760005391975,0.0749883316911269,118.998118917484,12.828339308353,104.988757895028,7.49883316911269
2021-05-12,287594,304,234291,217,53303,87,258966,251,1790872,4066,2049838,4317,3,4258,-51,2527,352,280809,16,9658,4519,"East TN",2455501,74.1600186682881,0.0724175766758974,175.809335854475,12.3803655547279,102.911788673676,7.24175766758974
2021-05-13,287804,210,234428,137,53376,73,259111,145,1793605,2733,2052716,2878,1,4259,-131,2396,340,281149,9,9667,4524,"East TN",2455501,71.1056521662993,0.067190407277238,117.206223902984,8.55222620556864,97.5768285168689,6.7190407277238
2021-05-14,288105,301,234647,219,53458,82,259359,248,1796290,2685,2055649,2933,1,4260,33,2429,267,281416,21,9688,4529,"East TN",2455501,68.4992594179355,0.0689005009966061,119.446092671109,12.2581908946484,98.9207497777439,6.89005009966061
2021-05-15,288214,109,234729,82,53485,27,259461,102,1798278,1988,2057739,2090,0,4260,-153,2276,262,281678,6,9694,4533,"East TN",2455501,65.9743164429581,0.0679575198455267,85.1150131887546,4.43901264955706,92.6898421136868,6.79575198455267
2021-05-16,288314,100,234803,74,53511,26,259546,85,1799727,1449,2059273,1534,3,4263,-120,2156,217,281895,4,9698,4537,"East TN",2455501,64.1009716550716,0.0665394055085901,62.4719761873443,4.0724886693184,87.8028557105047,6.65394055085901
2021-05-17,288512,198,234906,103,53606,95,259656,110,1801294,1567,2060950,1677,6,4269,-118,2038,310,282205,10,9708,4544,"East TN",2455501,62.5941508474238,0.0645741376491744,68.2956349844696,8.06352756525043,82.997319080709,6.45741376491744
2021-05-18,288724,212,235040,134,53684,78,259801,145,1803532,2238,2063333,2383,8,4277,-99,1939,303,282508,23,9731,4550,"East TN",2455501,58.3994875180259,0.0609701324949472,97.0474049898575,8.63367597895501,78.9655552980838,6.09701324949472
2021-05-19,288942,218,235205,165,53737,53,259968,167,1806802,3270,2066770,3437,1,4278,-53,1886,270,282778,21,9752,4553,"East TN",2455501,54.897147262412,0.059177888022679,139.971435564473,8.87802529911411,76.807136303345,5.9177888022679
2021-05-20,289120,178,235340,135,53780,43,260124,156,1820970,14168,2081094,14324,3,4281,-90,1796,265,283043,7,9759,4558,"East TN",2455501,53.5939508882301,0.0356966664317429,583.343276993168,7.24902983138675,73.1418965009585,3.56966664317429
2021-05-21,289284,164,235448,108,53836,56,260244,120,1823248,2278,2083492,2398,0,4281,-58,1738,222,283265,10,9769,4561,"East TN",2455501,48.0146414112639,0.0317853679560392,97.6582782902552,6.67888141768218,70.7798530727538,3.17853679560392
2021-05-22,289355,71,235496,48,53859,23,260306,62,1824834,1586,2085140,1648,0,4281,-105,1633,176,283441,12,9781,4562,"East TN",2455501,46.4670957169229,0.0308382905733367,67.1146132703672,2.89146695521606,66.5037399699695,3.08382905733367
2021-05-23,289429,74,235547,51,53882,23,260367,61,1825899,1065,2086266,1126,3,4284,-129,1504,200,283641,5,9786,4564,"East TN",2455501,45.4082486629002,0.0304152928537028,45.8562224165252,3.01364161529562,61.2502295865487,3.04152928537028
2021-05-24,289589,160,235658,111,53931,49,260493,126,1827823,1924,2088316,2050,0,4284,-90,1414,250,283891,7,9793,4568,"East TN",2455501,43.8607029685592,0.0305853979390485,83.4860177210272,6.51598187090944,57.5849897841622,3.05853979390485
2021-05-25,289733,144,235754,96,53979,48,260581,88,1829550,1727,2090131,1815,0,4284,-72,1342,216,284107,9,9802,4574,"East TN",2455501,41.0914106734227,0.0291066497499813,73.915669348129,5.8643836838185,54.6527979422529,2.91066497499813
2021-05-26,289919,186,235896,142,54023,44,260746,165,1832433,2883,2093179,3048,7,4291,-29,1313,208,284315,14,9816,4579,"East TN",2455501,39.7882142992408,0.0294596539058654,124.129454640825,7.57482892493222,53.4717762281506,2.94596539058654
2021-05-27,290042,123,235971,75,54071,48,260885,139,1835405,2972,2096290,3111,4,4295,-82,1231,201,284516,11,9827,4583,"East TN",2455501,37.5483455311156,0.050078968149513,126.695122502495,5.00916106326163,50.1323355193095,5.0078968149513
2021-05-28,290159,117,236061,90,54098,27,260983,98,1837517,2112,2098500,2210,0,4295,-59,1172,176,284692,9,9836,4586,"East TN",2455501,35.634275856536,0.0492404051172708,90.0019995919366,4.76481174310253,47.7295672044116,4.92404051172708
2021-05-29,290210,51,236093,32,54117,19,261020,37,1838593,1076,2099613,1113,0,4295,-87,1085,138,284830,7,9843,4589,"East TN",2455501,34.8197781226723,0.0493332412077662,45.3267988895138,2.07696922135238,44.1865020621046,4.93332412077662
2021-05-30,290265,55,236133,40,54132,15,261066,46,1839680,1087,2100746,1133,0,4295,-67,1018,122,284952,7,9850,4594,"East TN",2455501,34.0460052755018,0.0482734806629834,46.1412966233775,2.23986876812512,41.4579346536613,4.82734806629834
2021-05-31,290345,80,236199,66,54146,14,261137,71,1841107,1427,2102244,1498,6,4301,-96,922,170,285122,4,9854,4599,"East TN",2455501,30.7880143400471,0.0462377943710511,61.0058802663896,3.25799093545472,37.5483455311157,4.62377943710511
2021-06-01,290476,131,236293,94,54183,37,261231,94,1842423,1316,2103654,1410,3,4304,-37,885,165,285287,11,9865,4602,"East TN",2455501,30.2585908130357,0.048066257487244,57.4220902373894,5.3349601568071,36.0415247234678,4.8066257487244
2021-06-02,290595,119,236364,71,54231,48,261304,73,1844402,1979,2105706,2052,1,4305,-18,867,136,285423,9,9874,4606,"East TN",2455501,27.5300234045924,0.0445437854234853,83.5674674944136,4.8462615164889,35.3084767629905,4.45437854234853
2021-06-03,290682,87,236419,55,54263,32,261423,119,1847569,3167,2108992,3286,1,4306,-44,823,130,285553,7,9881,4611,"East TN",2455501,26.0639274836378,0.0423555345614864,133.821977673803,3.54306514230701,33.5165817484904,4.23555345614864
2021-06-04,290773,91,236478,59,54295,32,261501,78,1849721,2152,2111222,2230,0,4306,-31,792,122,285675,7,9888,4611,"East TN",2455501,25.005080429615,0.0407168684169156,90.8164973258003,3.70596468907974,32.2541102610017,4.07168684169156
2021-06-05,290814,41,236504,26,54310,15,261531,30,1851104,1383,2112635,1413,-1,4305,-67,725,109,285784,2,9890,4616,"East TN",2455501,24.5978315626831,0.0392412839809553,57.544264897469,1.66972035442054,29.5255428525584,3.92412839809553
2021-06-06,290840,26,236520,16,54320,10,261550,19,1852020,916,2113570,935,-1,4304,-56,669,83,285867,2,9892,4619,"East TN",2455501,23.4168098485808,0.0377417342482845,38.077769058127,1.05884705402278,27.2449491977401,3.77417342482845
2021-06-07,290913,73,236555,35,54358,38,261602,52,1853290,1270,2114892,1322,3,4307,-68,601,138,286005,10,9902,4621,"East TN",2455501,23.1317356417285,0.0367647058823529,53.8383002083892,2.97291672860243,24.4756569026036,3.67647058823529
2021-06-08,291000,87,236622,67,54378,20,261672,70,1854769,1479,2116441,1549,3,4310,-28,573,112,286117,4,9906,4624,"East TN",2455501,21.3398406272284,0.0344881520294049,63.082849487742,3.54306514230701,23.3353600751944,3.44881520294049
2021-06-09,291048,48,236660,38,54388,10,261726,54,1857499,2730,2119225,2784,0,4310,-63,510,111,286228,3,9909,4627,"East TN",2455501,18.4483736720124,0.0312153265774096,113.378084553824,1.95479456127283,20.7696922135238,3.12153265774096
2021-06-10,291123,75,236717,57,54406,18,261792,66,1859284,1785,2121076,1851,4,4314,-21,489,92,286320,4,9913,4630,"East TN",2455501,17.9596750316941,0.0305362462760675,75.3817652690836,3.0543665019888,19.914469592967,3.05362462760675
2021-06-11,291193,70,236763,46,54430,24,261847,55,1860769,1485,2122616,1540,2,4316,-5,484,73,286393,4,9917,4631,"East TN",2455501,17.1044524111373,0.030366859750746,62.7163255075034,2.85074206852288,19.7108451595011,3.0366859750746
2021-06-12,291222,29,236785,22,54437,7,261878,31,1861963,1194,2123841,1225,3,4319,-25,459,51,286444,1,9918,4634,"East TN",2455501,16.6157537708191,0.0309655541674103,49.8879861991504,1.18102171410234,18.6927229921715,3.09655541674103
2021-06-13,291240,18,236799,14,54441,4,261899,21,1862806,843,2124705,864,1,4320,-41,418,58,286502,1,9919,4635,"East TN",2455501,16.2899546772736,0.0313426133812304,35.186302102911,0.733047960477312,17.0230026377509,3.13426133812304
2021-06-14,291293,53,236832,33,54461,20,261940,41,1864059,1253,2125999,1294,3,4323,-9,409,59,286561,3,9922,4637,"East TN",2455501,15.4754569434099,0.0304312595660394,52.6980033809801,2.15841899473875,16.6564786575123,3.04312595660394
2021-06-15,291381,88,236901,69,54480,19,262028,88,1865941,1882,2127969,1970,0,4323,-8,401,96,286657,4,9926,4641,"East TN",2455501,15.5161818301031,0.03088133240805,80.2280267855725,3.58379002900019,16.3306795639668,3.088133240805
2021-06-16,291448,67,236941,40,54507,27,262066,38,1867847,1906,2129913,1944,2,4325,-14,387,79,286736,7,9933,4644,"East TN",2455501,16.2899546772736,0.031811377245509,79.1691797315497,2.72856740844333,15.7605311502622,3.1811377245509
2021-06-17,291499,51,236979,38,54520,13,262112,46,1870197,2350,2132309,2396,1,4326,-7,380,57,286793,1,9934,4648,"East TN",2455501,15.3125573966372,0.0284874922104513,97.5768285168689,2.07696922135238,15.4754569434099,2.84874922104513
2021-06-18,291561,62,237030,51,54531,11,262167,55,1871925,1728,2134092,1783,2,4328,-1,379,61,286854,4,9938,4650,"East TN",2455501,14.9867583030917,0.0278842802370164,72.6124729739471,2.52494297497741,15.4347320567167,2.78842802370164
2021-06-19,291589,28,237047,17,54542,11,262185,18,1873076,1151,2135261,1169,0,4328,-16,363,44,286898,5,9943,4652,"East TN",2455501,14.9460334163985,0.0268826619964974,47.6073925443321,1.14029682740915,14.7831338696258,2.68826619964974
2021-06-20,291614,25,237068,21,54546,4,262202,17,1873830,754,2136032,771,3,4331,-13,350,35,286933,2,9945,4655,"East TN",2455501,15.2311076232508,0.0267502427827315,31.3988876404449,1.0181221673296,14.2537103426144,2.67502427827315
2021-06-21,291681,67,237108,40,54573,27,262254,52,1875101,1271,2137355,1323,6,4337,3,353,58,286991,2,9947,4657,"East TN",2455501,15.8012560369554,0.0276505811905601,53.8790250950824,2.72856740844333,14.375885002694,2.76505811905601
2021-06-22,291774,93,237154,46,54620,47,262305,51,1876528,1427,2138833,1478,5,4342,36,389,52,287043,7,9954,4661,"East TN",2455501,16.0048804704213,0.0254970544918999,60.1913825325259,3.78741446246611,15.8419809236486,2.54970544918999
2021-06-23,291843,69,237202,48,54641,21,262360,55,1878317,1789,2140677,1844,2,4344,7,396,60,287103,5,9959,4665,"East TN",2455501,16.0863302438077,0.0273132664437012,75.0966910622313,2.8100171818297,16.1270551305009,2.73132664437012
2021-06-24,291926,83,237254,52,54672,31,262422,62,1880161,1844,2142583,1906,3,4347,27,423,53,287156,6,9965,4666,"East TN",2455501,17.3895266179896,0.0301732528713257,77.6216340372087,3.38016559553427,17.2266270712168,3.01732528713257
2021-06-25,292005,79,237310,56,54695,23,262491,69,1881967,1806,2144458,1875,0,4347,31,454,48,287204,3,9968,4668,"East TN",2455501,18.0818496917737,0.0312560293266448,76.35916254972,3.21726604876154,18.4890985587055,3.12560293266448
2021-06-26,292040,35,237328,18,54712,17,262512,21,1883151,1184,2145663,1205,0,4347,1,455,34,287238,2,9970,4670,"East TN",2455501,18.366923898626,0.0314362622572582,49.0734884652867,1.42537103426144,18.5298234453987,3.14362622572582
2021-06-27,292069,29,237348,20,54721,9,262536,24,1883865,714,2146401,738,2,4349,-9,446,36,287274,3,9973,4672,"East TN",2455501,18.5298234453987,0.0322113993634873,30.0549663795698,1.18102171410234,18.1632994651601,3.22113993634873
2021-06-28,292113,44,237372,24,54741,20,262561,25,1884417,552,2146978,577,4,4353,-15,431,55,287329,3,9976,4672,"East TN",2455501,17.5931510514555,0.0319027330354359,23.4982596219672,1.7918950145001,17.5524261647623,3.19027330354359
2021-06-29,292244,131,237458,86,54786,45,262658,97,1886431,2014,2149089,2111,0,4353,79,510,52,287381,7,9983,4675,"East TN",2455501,19.1406967457965,0.0344188767550702,85.9702358093114,5.3349601568071,20.7696922135238,3.44188767550702
2021-06-30,292329,85,237521,63,54808,22,262733,75,1888075,1644,2150808,1719,3,4356,29,539,53,287434,4,9987,4675,"East TN",2455501,19.7922949328874,0.0368176882834863,70.0060802255833,3.46161536892064,21.9507139276262,3.68176882834863
2021-07-01,292435,106,237574,53,54861,53,262798,65,1890627,2552,2153425,2617,1,4357,56,595,49,287483,2,9989,4678,"East TN",2455501,20.7289673268307,0.0346799483490131,106.577028476063,4.3168379894775,24.2313075824445,3.46799483490131
2021-07-02,292517,82,237637,63,54880,19,262872,74,1892309,1682,2155181,1756,0,4357,32,627,50,287533,3,9992,4680,"East TN",2455501,20.8511419869102,0.035531101370885,71.5129010332311,3.33944070884109,25.5345039566264,3.5531101370885
2021-07-03,292565,48,237673,36,54892,12,262912,40,1893398,1089,2156310,1129,1,4358,1,628,46,287579,3,9995,4683,"East TN",2455501,21.3805655139216,0.0375692683384991,45.9783970766047,1.95479456127283,25.5752288433196,3.75692683384991
2021-07-04,292592,27,237694,21,54898,6,262937,25,1894098,700,2157035,725,0,4358,-13,615,40,287619,1,9996,4684,"East TN",2455501,21.2991157405352,0.0377092345307504,29.5255428525584,1.09957194071597,25.0458053163082,3.77092345307504
2021-07-05,292635,43,237718,24,54917,19,262962,25,1894580,482,2157542,507,0,4358,-29,586,72,287691,2,9998,4685,"East TN",2455501,21.258390853842,0.0379591063990913,20.6475175534443,1.75117012780691,23.8647836022058,3.79591063990913
2021-07-06,292797,162,237822,104,54975,58,263074,112,1895905,1325,2158979,1437,5,4363,82,668,75,287766,6,10004,4685,"East TN",2455501,22.5208623413308,0.0420626895854398,58.5216621781054,6.59743164429581,27.2042243110469,4.20626895854398
2021-07-07,292940,143,237903,81,55037,62,263162,88,1897364,1459,2160526,1547,4,4367,82,750,57,287823,6,10010,4687,"East TN",2455501,24.8829057695354,0.0441448857789669,63.0013997143556,5.82365879712531,30.543665019888,4.41448857789669
2021-07-08,293080,140,238005,102,55075,38,263279,117,1899218,1854,2162497,1971,2,4369,76,826,62,287885,3,10013,4689,"East TN",2455501,26.2675519171037,0.0530202821869489,80.2687516722657,5.70148413704576,33.63875640857,5.30202821869489
2021-07-09,293244,164,238127,122,55117,42,263410,131,1900963,1745,2164373,1876,0,4369,100,926,64,287949,4,10017,4691,"East TN",2455501,29.6069926259448,0.0585291557876414,76.3998874364132,6.67888141768218,37.7112450778884,5.85291557876414
2021-07-10,293347,103,238199,72,55148,31,263483,73,1902019,1056,2165502,1129,0,4369,55,981,48,287997,12,10029,4692,"East TN",2455501,31.8468613940699,0.0621192341166232,45.9783970766047,4.19466332939795,39.9511138460135,6.21192341166232
2021-07-11,293395,48,238234,35,55161,13,263526,43,1902775,756,2166301,799,2,4371,4,985,42,288039,7,10036,4692,"East TN",2455501,32.7020840146267,0.0635657241528167,32.539184467854,1.95479456127283,40.1140133927862,6.35657241528167
2021-07-12,293567,172,238350,116,55217,56,263650,124,1904141,1366,2167791,1490,1,4372,92,1077,79,288118,14,10050,4693,"East TN",2455501,37.9555943980475,0.0671285003414967,60.6800811728442,7.00468051122765,43.8607029685592,6.71285003414967
2021-07-13,293781,214,238487,137,55294,77,263795,145,1905763,1622,2169558,1767,4,4376,149,1226,61,288179,17,10067,4697,"East TN",2455501,40.0732885060931,0.0681538897816429,71.9608747868561,8.71512575234138,49.9287110858436,6.81538897816429
2021-07-14,293954,173,238623,136,55331,37,263937,142,1907325,1562,2171262,1704,0,4376,103,1329,70,288249,12,10079,4698,"East TN",2455501,41.2950351068886,0.0721870342771982,69.3952069251855,7.04540539792083,54.1233744152415,7.21870342771982
2021-07-15,294174,220,238773,150,55401,70,264104,167,1909126,1801,2173230,1968,0,4376,118,1447,102,288351,15,10094,4698,"East TN",2455501,44.5530260423433,0.0768657411720861,80.1465770121861,8.95947507250048,58.9289110450372,7.68657411720861
2021-07-16,294404,230,238915,142,55489,88,264258,154,1910655,1529,2174913,1683,0,4376,164,1611,66,288417,10,10104,4702,"East TN",2455501,47.2408685640934,0.0804554079696395,68.5399843046287,9.36672393943232,65.6077924627194,8.04554079696395
2021-07-17,294548,144,239015,100,55533,44,264368,110,1911873,1218,2176241,1328,0,4376,54,1665,90,288507,5,10109,4704,"East TN",2455501,48.910588918514,0.0824099078126455,54.0826495285484,5.8643836838185,67.8069363441514,8.24099078126455
2021-07-18,294692,144,239136,121,55556,23,264500,132,1912997,1124,2177497,1256,0,4376,50,1715,94,288601,6,10115,4706,"East TN",2455501,52.8201780410596,0.0869953554841015,51.1504576866391,5.8643836838185,69.8431806788106,8.69953554841015
2021-07-19,294995,303,239347,211,55648,92,264716,216,1914687,1690,2179403,1906,2,4378,166,1881,135,288736,14,10129,4707,"East TN",2455501,58.1551381978667,0.0918015845676886,77.6216340372087,12.3396406680348,76.6035118698791,9.18015845676886
2021-07-20,295352,357,239585,238,55767,119,264970,254,1916347,1660,2181317,1914,2,4380,213,2094,142,288878,22,10151,4709,"East TN",2455501,63.9787969949921,0.0999234628794965,77.9474331307542,14.5387845494667,85.2779127355273,9.99234628794965
2021-07-21,295754,402,239879,294,55875,108,265280,310,1918463,2116,2183743,2426,3,4383,248,2342,151,289029,28,10179,4713,"East TN",2455501,73.3047960477312,0.107603557407259,98.7985751176644,16.37140445066,95.3776846354369,10.7603557407259
2021-07-22,296228,474,240212,333,56016,141,265647,367,1920832,2369,2186479,2736,5,4388,322,2664,147,289176,21,10200,4716,"East TN",2455501,83.6489172677999,0.116461619744886,111.423289992551,19.3035962925692,108.491098150642,11.6461619744886
2021-07-23,296689,461,240532,320,56157,141,265980,333,1922735,1903,2188715,2236,1,4389,328,2992,132,289308,28,10228,4722,"East TN",2455501,93.0563660939254,0.124764526880162,91.0608466459594,18.7741727655578,121.848860986007,12.4764526880162
2021-07-24,297046,357,240781,249,56265,108,266245,265,1924486,1751,2190731,2016,0,4389,224,3216,133,289441,21,10249,4726,"East TN",2455501,101.730766959574,0.129537612146308,82.1013715734589,14.5387845494667,130.97123560528,12.9537612146308
2021-07-25,297274,228,240971,190,56303,38,266448,203,1925801,1315,2192249,1518,3,4392,97,3313,128,289569,17,10266,4731,"East TN",2455501,105.151657441801,0.13204989154013,61.8203780002533,9.28527416604595,134.921549614519,13.204989154013
2021-07-26,297941,667,241434,463,56507,204,266934,486,1927530,1729,2194464,2215,10,4402,448,3761,209,289778,36,10302,4735,"East TN",2455501,119.97551619812,0.147267777704004,90.2056240254026,27.1634994243537,153.166298853065,14.7267777704004
2021-07-27,298667,726,241923,489,56744,237,267449,515,1929851,2321,2197300,2836,2,4404,534,4295,190,289968,28,10330,4741,"East TN",2455501,135.002999387905,0.155102296189702,115.49577866187,29.5662677392516,174.913388347225,15.5102296189702
2021-07-28,299484,817,242469,546,57015,271,268062,613,1932718,2867,2200780,3480,2,4406,557,4852,258,290226,37,10367,4744,"East TN",2455501,151.903827365576,0.163291659329694,141.72260569228,33.2722324283313,197.597150235329,16.3291659329694
2021-07-29,300172,688,242924,455,57248,233,268558,496,1935146,2428,2203704,2924,3,4409,474,5326,211,290437,23,10390,4748,"East TN",2455501,160.618953117918,0.16899854862119,119.07956869087,28.0187220449106,216.900746527898,16.899854862119
2021-07-30,301171,999,243674,750,57497,249,269361,803,1936949,1803,2206310,2606,4,4413,751,6077,244,290681,41,10431,4753,"East TN",2455501,182.528942158851,0.192156862745098,106.129054722438,40.6841618064908,247.485136434479,19.2156862745098
2021-07-31,301706,535,244039,365,57667,170,269757,396,1938919,1970,2208676,2366,2,4415,319,6396,214,290895,32,10463,4763,"East TN",2455501,189.777971990237,0.195709111173029,96.3550819160733,21.7878143808534,260.476375289605,19.5709111173029
2021-08-01,302238,532,244461,422,57777,110,270218,461,1941057,2138,2211275,2599,3,4418,320,6716,209,291104,28,10491,4767,"East TN",2455501,202.158337544965,0.198149900136655,105.843980515585,21.6656397207739,273.508339031424,19.8149900136655
2021-08-02,303088,850,244999,538,58089,312,270754,536,1943392,2335,2214146,2871,9,4427,415,7131,426,291530,32,10523,4776,"East TN",2455501,209.610991809818,0.194085966873285,116.921149696131,34.6161536892064,290.409167009095,19.4085966873285
2021-08-03,304425,1337,245967,968,58458,369,271769,1015,1947167,3775,2218936,4790,4,4431,895,8026,438,291968,40,10563,4786,"East TN",2455501,234.493897579353,0.199667221297837,195.072207260351,54.449173508787,326.857940599495,19.9667221297837
2021-08-04,305512,1087,246802,835,58710,252,272655,886,1950786,3619,2223441,4505,8,4439,646,8672,433,292401,40,10603,4792,"East TN",2455501,245.489616986513,0.202683023697101,183.465614552794,44.267951835491,353.166217403292,20.2683023697101
2021-08-05,306692,1180,247695,893,58997,287,273608,953,1954752,3966,2228360,4919,10,4449,668,9340,502,292903,43,10646,4799,"East TN",2455501,265.52626123956,0.204818299805321,200.325717643772,48.0553662979571,380.370441714339,20.4818299805321
2021-08-06,308030,1338,248682,987,59348,351,274691,1083,1959380,4628,2234071,5711,3,4452,909,10249,426,293329,52,10698,4812,"East TN",2455501,279.331997828549,0.1919959655632,232.579827904774,54.4898983954802,417.389363718443,19.19959655632
2021-08-07,308754,724,249207,525,59547,199,275274,583,1962382,3002,2237656,3585,0,4452,326,10575,398,293727,28,10726,4821,"East TN",2455501,287.029001413561,0.190372670807453,145.998718795065,29.4848179658652,430.665676780421,19.0372670807453
2021-08-08,309391,637,249659,452,59732,185,275799,525,1964497,2115,2240296,2640,5,4457,220,10795,412,294139,30,10756,4831,"East TN",2455501,291.305114516345,0.192309017607939,107.513700870006,25.9417528235582,439.625151852921,19.2309017607939
2021-08-09,310760,1369,250621,962,60139,407,276806,1007,1968035,3538,2244841,4545,13,4470,572,11367,784,294923,66,10822,4843,"East TN",2455501,312.441330710108,0.197165662159961,185.094610020521,55.7523698829689,462.919787041422,19.7165662159961
2021-08-10,312088,1328,251471,850,60617,478,277723,917,1971287,3252,2249010,4169,6,4476,551,11918,771,295694,49,10871,4857,"East TN",2455501,312.074806729869,0.197978320143646,169.782052623884,54.0826495285484,485.359199609367,19.7978320143646
2021-08-11,313975,1887,252783,1312,61192,575,279107,1384,1976643,5356,2255750,6740,8,4484,1064,12982,815,296509,63,10934,4877,"East TN",2455501,344.654716084416,0.199696678943948,274.48573631206,76.8478611900382,528.690479050915,19.9696678943948
2021-08-12,315437,1462,253851,1068,61586,394,280268,1161,1981125,4482,2261393,5643,10,4494,586,13568,866,297375,45,10979,4891,"East TN",2455501,356.139134131894,0.201616565252929,229.810535609637,59.539784345435,552.555262653121,20.1616565252929
2021-08-13,317084,1647,254973,1122,62111,525,281440,1172,1986544,5419,2267984,6591,11,4505,794,14362,842,298217,30,11009,4915,"East TN",2455501,368.723124120088,0.199009229499012,268.417728194776,67.073888383674,584.890822687508,19.9009229499012
2021-08-14,318614,1530,256062,1089,62552,441,282640,1200,1992019,5475,2274659,6675,1,4506,911,15273,618,298835,27,11036,4929,"East TN",2455501,401.547382794794,0.199064940680485,271.838618677003,62.3090766405715,621.991194464999,19.9064940680485
2021-08-15,319759,1145,257030,968,62729,177,283699,1059,1995827,3808,2279526,4867,11,4517,426,15699,708,299543,20,11056,4942,"East TN",2455501,422.235625234932,0.201376497578384,198.208023535727,46.6299952636957,639.339996196296,20.1376497578384
2021-08-16,321198,1439,257948,918,63250,521,284662,963,1998887,3060,2283549,4023,17,4534,177,15876,1245,300788,27,11083,4960,"East TN",2455501,425.086367303455,0.202955461403327,163.836219166679,58.6031119514918,646.548301140989,20.2955461403327
2021-08-17,322935,1737,259164,1216,63771,521,285982,1320,2003746,4859,2289728,6179,10,4544,510,16386,1217,302005,25,11108,4977,"East TN",2455501,441.742845960967,0.202834127412938,251.639074877184,70.7391281860606,667.317993354513,20.2834127412938
2021-08-18,325026,2091,260554,1390,64472,701,287459,1477,2009166,5420,2296625,6897,13,4557,928,17314,1150,303155,32,11140,4992,"East TN",2455501,450.050722846376,0.204330275229358,280.87954352289,85.1557380754477,705.110688205788,20.4330275229358
2021-08-19,327416,2390,262055,1501,65361,889,289034,1575,2019118,9952,2308152,11527,23,4580,1116,18430,1251,304406,43,11183,5013,"East TN",2455501,487.843417697651,0.187471930537437,469.435768912332,97.3324791967098,750.559661755381,18.7471930537437
2021-08-20,329871,2455,264035,1980,65836,475,291146,2112,2026012,6894,2317158,9006,4,4584,1270,19700,1181,305587,37,11220,5046,"East TN",2455501,520.749126145744,0.197380729653882,366.768329558815,99.9795968317667,802.280267855725,19.7380729653882
2021-08-21,332798,2927,266011,1976,66787,951,293265,2119,2034940,8928,2328205,11047,0,4584,2169,21869,758,306345,57,11277,5070,"East TN",2455501,577.641792856122,0.198427520262951,449.887823299604,119.20174335095,890.612547093241,19.8427520262951
2021-08-22,334281,1483,267350,1339,66931,144,294782,1517,2040452,5512,2335234,7029,7,4591,542,22411,934,307279,17,11294,5089,"East TN",2455501,591.406804558418,0.198948086450779,286.25522856639,60.3950069659919,912.685435680947,19.8948086450779
2021-08-23,336229,1948,268478,1128,67751,820,295968,1186,2044420,3968,2340388,5154,17,4608,185,22596,1746,309025,37,11331,5110,"East TN",2455501,612.135771885249,0.198912718379986,209.89606601667,79.3320792783224,920.219539719186,19.8912718379986
2021-08-24,338212,1983,269866,1388,68346,595,297401,1433,2048199,3779,2345600,5212,15,4623,146,22742,1822,310847,25,11356,5148,"East TN",2455501,622.154094011772,0.204377863688431,212.258109444875,80.7574503125839,926.16537317639,20.4377863688431
2021-08-25,340439,2227,271079,1213,69360,1014,298646,1245,2052235,4036,2350881,5281,17,4640,614,23356,1596,312443,39,11395,5186,"East TN",2455501,627.692678602045,0.206189177233854,215.068126626705,90.6943226657208,951.170453606005,20.6189177233854
2021-08-26,343097,2658,272917,1838,70180,820,300604,1958,2059079,6844,2359683,8802,24,4664,740,24096,1894,314337,40,11435,5216,"East TN",2455501,638.606948235818,0.224525043177893,358.460452673406,108.246748830483,981.306869758962,22.4525043177893
2021-08-27,346108,3011,275198,2281,70910,730,302978,2374,2066149,7070,2369127,9444,19,4683,1309,25405,1683,316020,44,11479,5237,"East TN",2455501,661.249985237229,0.227674190382728,384.60582993043,122.622633833177,1034.61574644034,22.7674190382728
2021-08-28,348253,2145,276739,1541,71514,604,304650,1672,2072015,5866,2376665,7538,1,4684,920,26325,1224,317244,33,11512,5271,"East TN",2455501,629.403123843159,0.234936029715229,306.984195893221,87.3548819568797,1072.08264219807,23.4936029715229
2021-08-29,350588,2335,278566,1827,72022,508,306671,2021,2079009,6994,2385680,9015,9,4693,1065,27390,1261,318505,45,11557,5302,"East TN",2455501,664.100727305751,0.23567775443048,367.134853539054,95.0926104285846,1115.45464652631,23.567775443048
2021-08-30,353831,3243,280981,2415,72850,828,309277,2606,2088051,9042,2397328,11648,21,4714,477,27867,2745,321250,70,11627,5342,"East TN",2455501,716.839455573425,0.233737267298911,474.363480202207,132.070807545996,1134.88041747896,23.3737267298911
2021-08-31,357419,3588,283393,2412,74026,1176,311887,2610,2096638,8587,2408525,11197,7,4721,912,28779,2669,323919,80,11707,5377,"East TN",2455501,782.202898715985,0.230210568136671,455.996556303581,146.120893455144,1172.02151414314,23.0210568136671
2021-09-01,358854,1435,284345,952,74509,483,312877,990,2098921,2283,2411798,3273,14,4735,-963,27816,2384,326303,31,11738,5419,"East TN",2455501,749.948788454983,0.233612948766354,133.292554146791,58.440212404719,1132.80344825761,23.3612948766354
2021-09-02,361169,2315,285840,1495,75329,820,314393,1516,2103183,4262,2417576,5778,19,4754,-585,27231,2881,329184,44,11782,5449,"East TN",2455501,735.980152319221,0.23818078178709,235.308395313217,94.278112694721,1108.97938954209,23.818078178709
2021-09-03,362924,1755,287066,1226,75858,529,315687,1294,2107289,4106,2422976,5400,17,4771,-1006,26225,2744,331928,32,11814,5478,"East TN",2455501,684.829694632582,0.236011810804286,219.914388143194,71.4721761465379,1068.01015352875,23.6011810804286
2021-09-04,366185,3261,289410,2344,76775,917,318262,2575,2115337,8048,2433599,10623,3,4774,1512,27737,1746,333674,56,11870,5509,"East TN",2455501,730.278668182175,0.239083851477149,432.620471341694,132.803855506473,1129.58618220884,23.9083851477149
2021-09-05,370642,4457,292664,3254,77978,1203,321749,3487,2127847,12510,2449596,15997,8,4782,2731,30468,1718,335392,58,11928,5563,"East TN",2455501,816.696877745112,0.235903373177295,651.476012430864,181.510819991521,1240.80584776793,23.5903373177295
2021-09-06,375556,4914,296604,3940,78952,974,326039,4290,2143485,15638,2469524,19928,11,4793,965,31433,3938,339330,102,12030,5600,"East TN",2455501,884.748163409422,0.232173527619259,811.565542021771,200.122093210306,1280.10536342685,23.2173527619259
2021-09-07,377638,2082,298062,1458,79576,624,327557,1518,2147911,4426,2475468,5944,34,4827,-1813,29620,3861,343191,64,12094,5632,"East TN",2455501,823.416484049487,0.234079739479856,242.068726504286,84.7892140952091,1206.27114385211,23.4079739479856
2021-09-08,379312,1674,299238,1176,80074,498,328818,1261,2152291,4380,2481109,5641,19,4846,-1781,27839,3436,346627,60,12154,5673,"East TN",2455501,833.149731969158,0.229992353306113,229.729085836251,68.17346032439,1133.74012065155,22.9992353306113
2021-09-09,381222,1910,300244,1006,80978,904,329895,1077,2155957,3666,2485852,4743,8,4854,-1606,26233,3508,350135,55,12209,5713,"East TN",2455501,816.656152858419,0.227049036264573,193.158137585772,77.7845335839814,1068.3359526223,22.7049036264573
2021-09-10,386715,5493,304084,3840,82631,1653,334031,4136,2168063,12106,2502094,16242,23,4877,2258,28491,3212,353347,144,12353,5748,"East TN",2455501,968.88577931754,0.231856214767815,661.453609670695,223.70180260566,1160.29274677551,23.1856214767815
2021-09-11,390998,4283,307191,3107,83807,1176,337349,3318,2179883,11820,2517232,15138,8,4885,2504,30995,1771,355118,119,12472,5792,"East TN",2455501,1010.50661351797,0.228223308980905,616.493334761419,174.424689706907,1262.26786305524,22.8223308980905
2021-09-12,392577,1579,308614,1423,83963,156,338903,1554,2185127,5244,2524030,6798,23,4908,-135,30860,1691,356809,49,12521,5836,"East TN",2455501,893.300389614991,0.230459198753258,276.847779740265,64.3045960885375,1256.77000335166,23.0459198753258
2021-09-13,394931,2354,310070,1456,84861,898,340408,1505,2190250,5123,2530658,6628,63,4971,-1937,28923,4228,361037,84,12605,5886,"East TN",2455501,789.04467968044,0.235041057349429,269.924549002424,95.8663832757551,1177.88589782696,23.5041057349429
2021-09-14,397744,2813,312025,1955,85719,858,342483,2075,2196472,6222,2538955,8297,43,5014,-938,27985,3708,364745,63,12668,5929,"East TN",2455501,818.814571853157,0.235103249484146,337.894384893348,114.559106267927,1139.68595410875,23.5103249484146
2021-09-15,399537,1793,313221,1196,86316,597,343698,1215,2200247,3775,2543945,4990,23,5037,-1555,26430,3325,368070,36,12704,5968,"East TN",2455501,823.660833369646,0.236806925966007,203.217184598988,73.0197218408789,1076.35875530085,23.6806925966007
2021-09-16,402182,2645,315072,1851,87110,794,345655,1957,2206906,6659,2552561,8616,23,5060,-557,25873,3179,371249,65,12769,6005,"East TN",2455501,853.593625089137,0.236249981261899,350.885623748473,107.717325303472,1053.67499341275,23.6249981261899
2021-09-17,404863,2681,316946,1874,87917,807,347659,2004,2214110,7204,2561769,9208,23,5083,-56,25817,2714,373963,82,12851,6060,"East TN",2455501,739.075243707903,0.228370339338081,374.994756670838,109.183421224426,1051.39439975793,22.8370339338081
2021-09-18,406317,1454,318125,1179,88192,275,348996,1337,2219582,5472,2568578,6809,3,5086,-285,25532,1736,375699,39,12890,6118,"East TN",2455501,623.864539252886,0.226833638452849,277.29575349389,59.2139852518895,1039.78780705037,22.6833638452849
2021-09-19,406960,643,318571,446,88389,197,349509,513,2221659,2077,2571168,2590,17,5103,-1072,24460,1698,377397,24,12914,6161,"East TN",2455501,585.746045308065,0.224998939284654,105.477456535347,26.1861021437173,996.130728515281,22.4998939284654
2021-09-20,408941,1981,319827,1256,89114,725,350880,1371,2227296,5637,2578176,7008,48,5151,175,24635,1758,379155,70,12984,6205,"East TN",2455501,570.555662571508,0.22037964560798,285.400005945833,80.6760005391975,1003.25758368659,22.037964560798
2021-09-21,410813,1872,320929,1102,89884,770,352020,1140,2231601,4305,2583621,5445,31,5182,-2037,22598,3878,383033,61,13045,6252,"East TN",2455501,532.233544193222,0.21351811221063,221.747008044387,76.2369878896404,920.300989492572,21.351811221063
2021-09-22,412405,1592,322046,1117,90359,475,353242,1222,2236958,5357,2590200,6579,14,5196,-1341,21257,2919,385952,45,13090,6290,"East TN",2455501,524.047841967892,0.206334450329694,267.929029554458,64.8340196155489,865.688916437012,20.6334450329694
2021-09-23,414753,2348,323554,1508,91199,840,354905,1663,2243314,6356,2598219,8019,32,5228,-391,20866,2707,388659,59,13149,6328,"East TN",2455501,511.952550620016,0.20259319286872,326.572866392642,95.622033955596,849.765485739977,20.259319286872
2021-09-24,416291,1538,324537,983,91754,555,356004,1099,2248196,4882,2604200,5981,37,5265,-914,19952,2415,391074,40,13189,6377,"East TN",2455501,465.404005129707,0.19667224434965,243.575547311933,62.634875734117,812.542939302407,19.667224434965
2021-09-25,416988,697,325025,488,91963,209,356566,562,2251218,3022,2607784,3584,2,5267,-915,19037,1610,392684,21,13210,6418,"East TN",2455501,434.575265902966,0.193082691424782,145.957993908371,28.3852460251492,775.279667978144,19.3082691424782
2021-09-26,417849,861,325653,628,92196,233,357289,723,2255195,3977,2612484,4700,6,5273,-431,18606,1286,393970,26,13236,6454,"East TN",2455501,443.453291202081,0.18830477296931,191.406967457965,35.0641274428314,757.727241813381,18.830477296931
2021-09-27,419309,1460,326485,832,92824,628,358211,922,2258786,3591,2616997,4513,46,5319,-1369,17237,2783,396753,45,13281,6487,"East TN",2455501,422.235625234932,0.188841091162,183.791413646339,59.4583345720486,701.974871930413,18.8841091162
2021-09-28,420603,1294,327274,789,93329,505,359074,863,2262448,3662,2621522,4525,14,5333,-1016,16221,2296,399049,34,13315,6523,"East TN",2455501,398.696640726271,0.18611646130709,184.280112286658,52.6980033809801,660.598387050138,18.611646130709
2021-09-29,422278,1675,328283,1009,93995,666,360212,1138,2267946,5498,2628158,6636,30,5363,-383,15838,2028,401077,50,13365,6567,"East TN",2455501,402.076806321806,0.183624005479741,270.250348095969,68.2141852110832,645.000755446648,18.3624005479741
2021-09-30,423487,1209,329043,760,94444,449,361031,819,2272618,4672,2633649,5491,11,5374,-786,15052,1984,403061,40,13405,6602,"East TN",2455501,355.691160378269,0.172904318374259,223.620352832273,49.2363880120595,612.990994505806,17.2904318374259
2021-10-01,424860,1373,330018,975,94842,398,362106,1075,2277591,4973,2639697,6048,14,5388,-301,14751,1660,404721,48,13453,6631,"East TN",2455501,348.971554073894,0.171901850860636,246.304114720377,55.9152694297416,600.732803611157,17.1901850860636
2021-10-02,425414,554,330370,352,95044,202,362501,395,2280261,2670,2642762,3065,11,5399,-469,14282,1012,405733,19,13472,6669,"East TN",2455501,343.147895276768,0.169678083366688,124.821777714609,22.5615872280239,581.632831752054,16.9678083366688
2021-10-03,425953,539,330835,465,95118,74,363025,524,2283353,3092,2646378,3616,13,5412,-346,13936,872,406605,15,13487,6702,"East TN",2455501,330.034481761563,0.169233492653567,147.261190282553,21.9507139276262,567.542020956212,16.9233492653567
2021-10-04,427303,1350,331693,858,95610,492,363965,940,2287490,4137,2651455,5077,22,5434,-607,13329,1935,408540,29,13516,6725,"East TN",2455501,325.554744225313,0.166985895873237,206.760249741295,54.9785970357984,542.82201473345,16.6985895873237
2021-10-05,428567,1264,332449,756,96118,508,364780,815,2291952,4462,2656732,5277,17,5451,-452,12877,1699,410239,40,13556,6765,"East TN",2455501,324.332997624517,0.162056234024425,214.905227079932,51.4762567801846,524.41436594813,16.2056234024425
2021-10-06,429504,937,333156,707,96348,230,365560,780,2296373,4421,2661933,5201,18,5469,-408,12469,1327,411566,26,13582,6800,"East TN",2455501,294.278031244948,0.158341968911917,211.81013569125,38.1592188315134,507.798612177311,15.8341968911917
2021-10-07,430621,1117,333949,793,96672,324,366418,858,2301156,4783,2667574,5641,24,5493,-378,12091,1471,413037,26,13608,6830,"East TN",2455501,290.531341669175,0.158791451731761,229.729085836251,45.4896984362865,492.404605007288,15.8791451731761
2021-10-08,431675,1054,334536,587,97139,467,367061,643,2305402,4246,2672463,4889,9,5502,-131,11960,1176,414213,31,13639,6851,"East TN",2455501,277.540102814049,0.151223829579442,199.103971042977,42.9240305746159,487.069644850481,15.1223829579442
2021-10-09,432216,541,334891,355,97325,186,367478,417,2308211,2809,2675689,3226,4,5506,-295,11665,832,415045,32,13671,6880,"East TN",2455501,277.010679287038,0.151152549579373,131.378484472212,22.0321637010125,475.055803275991,15.1152549579373
2021-10-10,432535,319,335158,267,97377,52,367787,309,2310443,2232,2678230,2541,6,5512,-527,11138,840,415885,16,13687,6903,"East TN",2455501,268.051204214537,0.149503955795554,103.481937087381,12.9912388551257,453.593787988683,14.9503955795554
2021-10-11,433753,1218,335695,537,98058,681,368335,548,2313889,3446,2682224,3994,52,5564,-277,10861,1443,417328,33,13720,6917,"East TN",2455501,262.675519171037,0.142026065195489,162.655197452577,49.6029119922981,442.312994374671,14.2026065195489
2021-10-12,434688,935,336332,637,98356,298,369340,1005,2317533,3644,2686873,4649,29,5593,-367,10494,1273,418601,32,13752,6951,"East TN",2455501,249.277031448979,0.151288941972728,189.329998236612,38.077769058127,427.366960958273,15.1288941972728
2021-10-13,435535,847,336880,548,98655,299,369990,650,2321398,3865,2691388,4515,25,5618,-402,10092,1224,419825,37,13789,6974,"East TN",2455501,245.611791646593,0.150398913597012,183.872863419726,34.4939790291268,410.995556507613,15.0398913597012
2021-10-14,436484,949,337533,653,98951,296,370711,721,2325401,4003,2696112,4724,31,5649,-169,9923,1087,420912,33,13822,7006,"East TN",2455501,238.770010682138,0.150431004275002,192.384364738601,38.6479174718316,404.113050656465,15.0431004275002
2021-10-15,437287,803,338045,512,99242,291,371287,576,2329295,3894,2700582,4470,24,5673,-299,9624,1078,421990,30,13852,7031,"East TN",2455501,228.548064122149,0.150289839610228,182.040243518532,32.7020840146267,391.936309535203,15.0289839610228
2021-10-16,437594,307,338284,239,99310,68,371558,271,2331525,2230,2703083,2501,7,5680,-376,9248,676,422666,12,13864,7046,"East TN",2455501,219.018440635944,0.148937723589107,101.852941619653,12.5025402148075,376.623752138566,14.8937723589107
2021-10-17,437846,252,338494,210,99352,42,371806,248,2333188,1663,2704994,1911,7,5687,-452,8796,697,423363,14,13878,7062,"East TN",2455501,216.2898732275,0.150164399940218,77.8252584706746,10.2626714466824,358.216103353246,15.0164399940218
2021-10-18,438633,787,338961,467,99672,320,372322,516,2336379,3191,2708701,3707,23,5710,-468,8328,1232,424595,37,13915,7083,"East TN",2455501,198.737447062738,0.150583525323866,150.967154971633,32.0504858275358,339.156856380836,15.0583525323866
2021-10-19,439464,831,339402,441,100062,390,372796,474,2339707,3328,2712503,3802,25,5735,-275,8053,1081,425676,23,13938,7099,"East TN",2455501,194.502058846647,0.134841982052282,154.836019207486,33.8423808420359,327.957512540211,13.4841982052282
2021-10-20,440228,764,339892,490,100336,274,373337,541,2343728,4021,2717065,4562,15,5750,-207,7846,956,426632,21,13959,7118,"East TN",2455501,191.121893251113,0.130350118783347,185.786933094305,31.1138134335926,319.527460994722,13.0350118783347
2021-10-21,440857,629,340315,423,100542,206,373807,470,2347365,3637,2721172,4107,17,5767,-244,7602,856,427488,21,13980,7136,"East TN",2455501,178.089929509294,0.123543495610535,167.257109648907,25.6159537300127,309.590588641585,12.3543495610535
2021-10-22,441402,545,340655,340,100747,205,374193,386,2350469,3104,2724662,3490,6,5773,-318,7284,857,428345,18,13998,7154,"East TN",2455501,167.582908742452,0.120681063122924,142.129854559212,22.1950632477853,296.640074673152,12.0681063122924
2021-10-23,441759,357,340899,244,100860,113,374466,273,2352854,2385,2727320,2658,0,5773,-198,7086,555,428900,15,14013,7174,"East TN",2455501,169.619153077111,0.119981845938029,108.246748830483,14.5387845494667,288.576547107902,11.9981845938029
2021-10-24,442002,243,341061,162,100941,81,374662,196,2354751,1897,2729413,2093,7,5780,-303,6783,539,429439,14,14027,7186,"East TN",2455501,169.252629096873,0.116958106392563,85.2371878488341,9.89614746644371,276.236906439867,11.6958106392563
2021-10-25,442424,422,341309,248,101115,174,374933,271,2357182,2431,2732115,2702,28,5808,-485,6298,879,430318,21,14048,7197,"East TN",2455501,154.388045453861,0.111514478517127,110.038643844983,17.1859021845236,256.485336393673,11.1514478517127
2021-10-26,442950,526,341638,329,101312,197,375271,338,2359822,2640,2735093,2978,12,5820,-232,6066,746,431064,28,14076,7208,"East TN",2455501,141.966955012439,0.109561752988048,121.278712572302,21.4212904006148,247.037162680854,10.9561752988048
2021-10-27,443570,620,342032,394,101538,226,375695,424,2364019,4197,2739714,4621,10,5830,-88,5978,698,431762,21,14097,7229,"East TN",2455501,136.102571328621,0.104110556757473,188.189701409203,25.2494297497741,243.453372651854,10.4110556757473
2021-10-28,443985,415,342287,255,101698,160,375986,291,2366816,2797,2742802,3088,16,5846,-198,5780,597,432359,15,14112,7244,"East TN",2455501,127.38744557628,0.100739713361073,125.758450108552,16.9008279776714,235.389845086604,10.0739713361073
2021-10-29,444445,460,342592,305,101853,155,376319,333,2370334,3518,2746653,3851,4,5850,-154,5626,610,432969,10,14122,7261,"East TN",2455501,123.925830207359,0.0966759128734482,156.831538655452,18.7334478788646,229.118212535853,9.66759128734482
2021-10-30,444708,263,342794,202,101914,61,376548,229,2372908,2574,2749456,2803,0,5850,-150,5476,413,433382,16,14138,7275,"East TN",2455501,120.0976908582,0.0940549331405855,114.151857400995,10.7106452003074,223.009479531876,9.40549331405855
2021-10-31,444879,171,342921,127,101958,44,376694,146,2374533,1625,2751227,1771,0,5850,-226,5250,397,433779,5,14143,7286,"East TN",2455501,117.16549901629,0.0931511873109013,72.1237743336289,6.96395562453446,213.805655139216,9.31511873109013
2021-11-01,445475,596,343282,361,102193,235,377084,390,2377651,3118,2754735,3508,14,5864,-186,5064,768,434547,23,14166,7295,"East TN",2455501,124.251629300904,0.0950928381962865,142.862902519689,24.2720324691377,206.230826214284,9.50928381962865
2021-11-02,445888,413,343503,221,102385,192,377311,227,2379862,2211,2757173,2438,25,5889,-182,4882,570,435117,16,14182,7318,"East TN",2455501,119.649717104575,0.0923913043478261,99.2872737579826,16.819378204285,198.818896836124,9.23913043478261
2021-11-03,446460,572,343882,379,102578,193,377704,393,2384440,4578,2762144,4971,6,5895,77,4959,489,435606,14,14196,7329,"East TN",2455501,117.694922543302,0.0895675434685689,202.443411751818,23.2946351885012,201.954713111499,8.95675434685689
2021-11-04,446877,417,344184,302,102693,115,378034,330,2387976,3536,2766010,3866,13,5908,-75,4884,479,436085,9,14205,7340,"East TN",2455501,117.776372316688,0.088245432609445,157.442411955849,16.9822777510577,198.900346609511,8.8245432609445
2021-11-05,447312,435,344469,285,102843,150,378358,324,2391559,3583,2769917,3907,2,5910,20,4904,413,436498,13,14218,7346,"East TN",2455501,116.758250149359,0.0876461485557084,159.11213231027,17.715325711535,199.714844343374,8.76461485557084
2021-11-06,447545,233,344640,171,102905,62,378546,188,2393799,2240,2772345,2428,0,5910,-85,4819,318,436816,13,14231,7354,"East TN",2455501,115.536503548563,0.0872908383939884,98.8800248910507,9.48889859951187,196.253228974454,8.72908383939884
2021-11-07,447744,199,344768,128,102976,71,378700,154,2395700,1901,2774400,2055,6,5916,-130,4689,323,437139,8,14239,7366,"East TN",2455501,116.676800375972,0.0865662624606223,83.6896421544931,8.10425245194362,190.95899370434,8.65662624606223
2021-11-08,448285,541,345114,346,103171,195,379085,385,2399233,3533,2778318,3918,25,5941,-27,4662,543,437682,25,14264,7378,"East TN",2455501,114.436931607847,0.0848492558198702,159.560106063895,22.0321637010125,189.859421763624,8.48492558198702
2021-11-09,449152,867,345730,616,103422,251,379885,800,2406506,7273,2786391,8073,10,5951,424,5086,433,438115,27,14291,7393,"East TN",2455501,132.926030166553,0.0880963789444863,328.772010274074,35.3084767629905,207.126773721534,8.80963789444863
2021-11-10,449778,626,346167,437,103611,189,380387,502,2411757,5251,2792144,5753,7,5958,179,5265,440,438555,28,14319,7405,"East TN",2455501,135.125174047985,0.0894333333333333,234.290273145888,25.4937790699332,214.416528439614,8.94333333333333
2021-11-11,450282,504,346549,382,103733,122,380792,405,2416047,4290,2796839,4695,5,5963,81,5346,418,438973,10,14329,7418,"East TN",2455501,138.668239190292,0.0894612215770865,191.203343024499,20.5253428933647,217.715244261762,8.94612215770865
2021-11-12,450764,482,346871,322,103893,160,381124,332,2419497,3450,2800621,3782,2,5965,117,5463,363,439336,24,14353,7428,"East TN",2455501,140.582308864871,0.0900859822824388,154.021521473622,19.6293953861147,222.480056004864,9.00859822824388
2021-11-13,451001,237,347013,142,103988,95,381273,149,2421496,1999,2802769,2148,4,5969,-101,5362,334,439670,11,14364,7437,"East TN",2455501,140.745208411644,0.089633184328162,87.4770566169592,9.65179814628461,218.366842448853,8.9633184328162
2021-11-14,451362,361,347329,316,104033,45,381618,345,2424475,2979,2806093,3324,1,5970,59,5421,301,439971,14,14378,7445,"East TN",2455501,147.34264005594,0.0920708042785473,135.369523368144,14.7016840962394,220.76961076375,9.20708042785473
2021-11-15,451939,577,347619,290,104320,287,381919,301,2427243,2768,2809162,3069,26,5996,-27,5394,578,440549,20,14398,7455,"East TN",2455501,148.808735976894,0.0918817274024121,124.984677261382,23.4982596219672,219.670038823034,9.18817274024121
2021-11-16,452611,672,348052,433,104559,239,382379,460,2430850,3607,2813229,4067,24,6020,178,5572,470,441019,17,14415,7465,"East TN",2455501,140.867383071723,0.0929279379983605,165.628114181179,27.3671238578196,226.919068654421,9.29279379983605
2021-11-17,453325,714,348519,467,104806,247,382888,509,2435495,4645,2818383,5154,5,6025,293,5865,416,441435,27,14442,7475,"East TN",2455501,144.451173100724,0.0953161324745608,209.89606601667,29.0775690989334,238.851460455524,9.53161324745608
2021-11-18,453951,626,348929,410,105022,216,383366,478,2440358,4863,2823724,5341,12,6037,185,6050,429,441864,19,14461,7484,"East TN",2455501,149.419609277292,0.0957411195834108,217.511619828296,25.4937790699332,246.385564493763,9.57411195834108
2021-11-19,454564,613,349372,443,105192,170,383826,460,2444832,4474,2828658,4934,7,6044,218,6268,388,442252,13,14474,7492,"East TN",2455501,154.754569434099,0.0963726504262225,200.93659094417,24.9643555429218,255.263589792877,9.63726504262225
2021-11-20,454886,322,349619,247,105267,75,384113,287,2447536,2704,2831649,2991,0,6044,21,6289,301,442553,14,14488,7499,"East TN",2455501,158.21618480302,0.0983379501385042,121.808136099313,13.1134135152052,256.118812413434,9.83379501385042
2021-11-21,455150,264,349771,152,105379,112,384277,164,2449020,1484,2833297,1648,9,6053,-93,6196,348,442901,10,14498,7510,"East TN",2455501,154.265870793781,0.0977429789736803,67.1146132703672,10.7513700870006,252.331397950968,9.77429789736803
2021-11-22,455902,752,350265,494,105637,258,384789,512,2452888,3868,2837677,4380,20,6073,152,6348,580,443481,38,14536,7515,"East TN",2455501,161.392725965088,0.100648781343153,178.375003716146,30.6251147932744,258.521580728332,10.0648781343153
2021-11-23,456578,676,350734,469,105844,207,385279,490,2456189,3301,2841468,3791,21,6094,119,6467,536,444017,19,14555,7522,"East TN",2455501,161.555625511861,0.102694854633663,154.388045453861,27.5300234045924,263.367842244821,10.2694854633663
2021-11-24,457316,738,351267,533,106049,205,385852,573,2460217,4028,2846069,4601,6,6100,253,6720,479,444496,21,14576,7532,"East TN",2455501,162.533022792497,0.107057718702593,187.37520367534,30.0549663795698,273.671238578196,10.7057718702593
2021-11-25,457602,286,351425,158,106177,128,386025,173,2461853,1636,2847878,1809,1,6101,-197,6523,482,444978,10,14586,7541,"East TN",2455501,148.686561316815,0.11008528608098,73.6713200279699,11.6473175942506,265.648435899639,11.008528608098
2021-11-26,457832,230,351627,202,106205,28,386268,243,2463530,1677,2849798,1920,1,6102,-287,6236,516,445494,15,14601,7545,"East TN",2455501,133.088929713325,0.115515610217597,78.1917824509133,9.36672393943232,253.960393418695,11.5515610217597
2021-11-27,458116,284,351855,228,106261,56,386522,254,2465125,1595,2851647,1849,0,6102,-96,6140,380,445874,14,14615,7556,"East TN",2455501,131.541384018984,0.12046204620462,75.3003154956972,11.5658678208643,250.05080429615,12.046204620462
2021-11-28,458430,314,352066,211,106364,103,386739,217,2466635,1510,2853374,1727,7,6109,-109,6031,416,446290,20,14635,7566,"East TN",2455501,133.577628353644,0.122627882651791,70.3318793191288,12.7876144216598,245.611791646593,12.2627882651791
2021-11-29,459527,1097,352778,712,106749,385,387477,738,2471182,4547,2858659,5285,19,6128,423,6454,655,446945,35,14670,7574,"East TN",2455501,147.627714262792,0.128109808407206,215.231026173477,44.6752007024228,262.83841871781,12.8109808407206
2021-11-30,460365,838,353286,508,107079,330,387982,505,2474549,3367,2862531,3872,64,6192,186,6640,588,447533,26,14696,7586,"East TN",2455501,154.225145907088,0.128329297820823,157.686761276008,34.1274550488882,270.413247642742,12.8329297820823
2021-12-01,461447,1082,354056,770,107391,312,388789,807,2479720,5171,2868509,5978,48,6240,504,7144,530,448063,32,14728,7607,"East TN",2455501,168.234506929543,0.130882352941176,243.453372651854,44.0643274020251,290.938590536106,13.0882352941176
2021-12-02,462350,903,354679,623,107671,280,389455,666,2484381,4661,2873836,5327,39,6279,280,7424,584,448647,18,14746,7624,"East TN",2455501,193.361762019238,0.132136528237923,216.941471414591,36.7745726839452,302.341558810198,13.2136528237923
2021-12-03,463369,1019,355415,736,107954,283,390237,782,2489359,4978,2879596,5760,21,6300,519,7943,479,449126,25,14771,7636,"East TN",2455501,225.49369762016,0.133196858849587,234.57534735274,41.4986595403545,323.477775003961,13.3196858849587
2021-12-04,463792,423,355748,333,108044,90,390618,381,2492111,2752,2882729,3133,3,6303,17,7960,403,449529,29,14800,7648,"East TN",2455501,231.154456870512,0.131780451708384,127.591070009745,17.2266270712168,324.170098077745,13.1780451708384
2021-12-05,464177,385,355964,216,108213,169,390849,231,2494043,1932,2884892,2163,12,6315,-31,7929,404,449933,15,14815,7656,"East TN",2455501,234.045923825728,0.1304016752332,88.087929917357,15.6790813768758,322.907626590256,13.04016752332
2021-12-06,465128,951,356609,645,108519,306,391539,690,2498227,4184,2889766,4874,69,6384,126,8055,756,450689,32,14847,7670,"East TN",2455501,228.100090368524,0.130581541132221,198.493097742579,38.729367245218,328.038962313597,13.0581541132221
2021-12-07,465970,842,357142,533,108828,309,392080,541,2501704,3477,2893784,4018,8,6392,215,8270,619,451308,25,14872,7675,"East TN",2455501,228.262989915296,0.131123412152433,163.632594733213,34.2903545956609,336.794812952632,13.1123412152433
2021-12-08,467016,1046,357779,637,109237,409,392737,657,2506320,4616,2899057,5273,4,6396,445,8715,597,451905,29,14901,7691,"East TN",2455501,226.796893994342,0.129239230064161,214.742327533159,42.5982314810705,354.917387531099,12.9239230064161
2021-12-09,467935,919,358399,620,109536,299,393404,667,2511297,4977,2904701,5644,19,6415,522,9237,378,452283,30,14931,7705,"East TN",2455501,227.448492181433,0.12794427344889,229.85126049633,37.4261708710361,376.175778384941,12.794427344889
2021-12-10,468730,795,358947,548,109783,247,394005,601,2515807,4510,2909812,5111,5,6420,162,9399,628,452911,22,14953,7719,"East TN",2455501,218.326117562159,0.124702144559174,208.144895888863,32.3762849210813,382.773210029236,12.4702144559174
2021-12-11,469127,397,359233,286,109894,111,394330,325,2518729,2922,2913059,3247,0,6420,-174,9225,571,453482,19,14972,7728,"East TN",2455501,217.267270508137,0.122387075502803,132.233707092768,16.167780017194,375.687079744622,12.2387075502803
2021-12-12,469558,431,359496,263,110062,168,394624,294,2521248,2519,2915872,2813,9,6429,-138,9087,560,454042,18,14990,7735,"East TN",2455501,219.140615296023,0.121852808263396,114.559106267927,17.5524261647623,370.067045380963,12.1852808263396
2021-12-13,470440,882,360070,574,110370,308,395227,603,2525850,4602,2921077,5205,23,6452,-175,8912,1034,455076,24,15014,7744,"East TN",2455501,216.330598114193,0.117786081568778,211.973035238023,35.9193500633883,362.940190209656,11.7786081568778
2021-12-14,471196,756,360526,456,110670,300,395710,483,2529873,4023,2925583,4506,36,6488,-132,8780,852,455928,22,15036,7752,"East TN",2455501,212.82825785858,0.11415453316142,183.506339439487,30.7880143400471,357.564505166155,11.415453316142
2021-12-15,472066,870,361115,589,110951,281,396338,628,2534677,4804,2931015,5432,19,6507,-11,8769,862,456790,22,15058,7767,"East TN",2455501,205.660677800579,0.112679141373052,221.217584517375,35.4306514230701,357.11653141253,11.2679141373052
2021-12-16,472860,794,361625,510,111235,284,396883,545,2538497,3820,2935380,4365,19,6526,12,8781,763,457553,22,15080,7784,"East TN",2455501,200.570066963931,0.113400045633821,177.764130415748,32.3355600343881,357.605230052849,11.3400045633821
2021-12-17,473671,811,362161,536,111510,275,397468,585,2543165,4668,2940633,5253,24,6550,41,8822,746,458299,33,15113,7798,"East TN",2455501,201.221665151022,0.112358456896272,213.927829799296,33.0278831081722,359.274950407269,11.2358456896272
2021-12-18,474242,571,362541,380,111701,191,397894,426,2546510,3345,2944404,3771,0,6550,18,8840,553,458852,28,15141,7811,"East TN",2455501,208.307795435636,0.11370234487159,153.573547719997,23.2539103018081,360.007998367747,11.370234487159
2021-12-19,474663,421,362822,281,111841,140,398205,311,2549173,2663,2947378,2974,6,6556,-193,8647,608,459460,16,15157,7820,"East TN",2455501,207.900546568704,0.113660889989208,121.115813025529,17.1451772978305,352.148095235962,11.3660889989208
2021-12-20,475597,934,363445,623,112152,311,398843,638,2553135,3962,2951978,4600,40,6596,13,8660,881,460341,31,15188,7831,"East TN",2455501,210.01824067675,0.117018866703343,187.334478788646,38.0370441714339,352.677518762973,11.7018866703343
2021-12-21,476608,1011,364102,657,112506,354,399512,669,2557518,4383,2957030,5052,30,6626,168,8828,813,461154,28,15216,7841,"East TN",2455501,220.403086783512,0.120901834833211,205.742127573966,41.172860446809,359.519299727428,12.0901834833211
2021-12-22,478094,1486,364833,731,113261,755,400259,747,2561856,4338,2962115,5085,853,7479,-132,8696,765,461919,37,15253,7857,"East TN",2455501,245.489616986513,0.126077170418006,207.086048834841,60.5171816260714,354.143614683928,12.6077170418006
2021-12-23,479261,1167,365639,806,113622,361,401123,864,2566342,4486,2967465,5350,28,7507,371,9067,768,462687,33,15286,7874,"East TN",2455501,260.679999723071,0.132148979273804,217.878143808534,47.5259427709457,369.252547647099,13.2148979273804
2021-12-24,480199,938,366287,648,113912,290,401830,707,2570179,3837,2972009,4544,0,7507,247,9314,691,463378,17,15303,7896,"East TN",2455501,265.852060333105,0.139023457419684,185.053885133828,38.1999437182066,379.311594660316,13.9023457419684
2021-12-25,480679,480,366570,283,114109,197,402163,333,2572298,2119,2974461,2452,8,7515,-80,9234,552,463930,19,15322,7904,"East TN",2455501,262.146095644025,0.142030142728815,99.8574221716871,19.5479456127283,376.053603724861,14.2030142728815
2021-12-26,481022,343,366846,276,114176,67,402483,320,2574173,1875,2976656,2195,62,7577,-267,8967,548,464478,18,15340,7921,"East TN",2455501,258.969554481957,0.146116538014892,89.3911262915389,13.9686361357621,365.180058977781,14.6116538014892
2021-12-27,482898,1876,368108,1262,114790,614,403793,1310,2578927,4754,2982720,6064,64,7641,928,9895,884,465362,35,15375,7938,"East TN",2455501,297.332397746936,0.161017500487932,246.955712907468,76.3998874364132,402.972753829056,16.1017500487932
2021-12-28,485325,2427,369551,1443,115774,984,405280,1487,2583305,4378,2988585,5865,18,7659,1626,11521,783,466145,26,15401,7950,"East TN",2455501,354.998837304485,0.18279195056251,238.851460455524,98.8393000043576,469.191419592173,18.279195056251
2021-12-29,488214,2889,371478,1927,116736,962,407283,2003,2588594,5289,2995877,7292,37,7696,2084,13605,768,466913,30,15431,7965,"East TN",2455501,412.135853335022,0.208044547123986,296.965873766698,117.654197656609,554.062083460768,20.8044547123986
2021-12-30,491041,2827,373264,1786,117777,1041,409106,1823,2593057,4463,3002163,6286,14,7710,2079,15684,734,467647,33,15464,7980,"East TN",2455501,479.739165245708,0.230070897458067,255.996637753355,115.129254681631,638.729122895898,23.0070897458067
2021-12-31,493565,2524,375079,1815,118486,709,411053,1947,2597890,4833,3008943,6780,0,7710,1768,17452,756,468403,24,15488,7999,"East TN",2455501,544.328835541097,0.249715709102724,276.114731779788,102.789614013596,710.730722569447,24.9715709102724
2022-01-01,495024,1459,376308,1229,118716,230,412392,1339,2601540,3650,3013932,4989,0,7710,853,18305,606,469009,32,15520,8007,"East TN",2455501,584.198499613724,0.25915228902232,203.176459712295,59.4176096853555,745.469050918733,25.915228902232
2022-01-02,496488,1464,377270,962,119218,502,413615,1223,2604556,3016,3018171,4239,6,7716,759,19064,699,469708,26,15546,8027,"East TN",2455501,629.851097596784,0.26814404432133,172.632794692407,59.6212341188214,776.37923991886,26.814404432133
2022-01-03,499385,2897,379454,2184,119931,713,415841,2226,2608727,4171,3024568,6397,33,7749,1763,20827,1101,470809,36,15582,8041,"East TN",2455501,671.431206910525,0.28789906327662,260.517100176298,117.979996750154,848.177215158943,28.789906327662
2022-01-04,503559,4174,381906,2452,121653,1722,418232,2391,2613964,5237,3032196,7628,14,7763,2978,23805,1182,471991,42,15624,8059,"East TN",2455501,742.577583963517,0.296989291692463,310.649435695608,169.98567705735,969.455927731245,29.6989291692463
2022-01-05,508497,4938,385321,3415,123176,1523,421735,3503,2619198,5234,3040933,8737,15,7778,3682,27487,1241,473232,44,15668,8084,"East TN",2455501,826.022876797851,0.320756392045455,355.813335038349,201.099490490943,1119.40496053555,32.0756392045455
2022-01-06,513665,5168,388792,3471,124873,1697,425384,3649,2624809,5611,3050193,9260,11,7789,3848,31335,1309,474541,42,15710,8104,"East TN",2455501,921.359836546595,0.338913179262961,377.112450778884,210.466214430375,1276.11432453092,33.8913179262961
2022-01-07,518045,4380,392021,3229,126024,1151,428662,3278,2629493,4684,3058155,7962,12,7801,3427,34762,941,475482,37,15747,8126,"East TN",2455501,996.945226249144,0.35781923108185,324.251547851131,178.375003716146,1415.67851122846,35.781923108185
2022-01-08,521194,3149,394446,2425,126748,724,431267,2605,2634255,4762,3065522,7367,1,7802,2433,37195,715,476197,40,15787,8145,"East TN",2455501,1065.77028476063,0.365865477805776,300.020240268687,128.242668196836,1514.76216055298,36.5865477805776
2022-01-09,524699,3505,397130,2684,127569,821,434166,2899,2639257,5002,3073423,7901,15,7817,1823,39018,1667,477864,41,15828,8163,"East TN",2455501,1148.88977850141,0.371950336639398,321.767329762847,142.74072785961,1589.00362899465,37.1950336639398
2022-01-10,529346,4647,400203,3073,129143,1574,437410,3244,2644036,4779,3081446,8023,29,7846,1586,40604,3032,480896,60,15888,8196,"East TN",2455501,1220.15833021449,0.379215162277155,326.735765939415,189.248548463226,1653.59329929004,37.9215162277155
2022-01-11,534957,5611,404244,4041,130713,1570,441545,4135,2649225,5189,3090770,9324,30,7876,2232,42836,3349,484245,49,15937,8221,"East TN",2455501,1278.67999239259,0.398009355686823,379.718843527248,228.507339235455,1744.49124638923,39.8009355686823
2022-01-12,540652,5695,408230,3986,132422,1709,445713,4168,2653994,4769,3099707,8937,16,7892,2502,45338,3177,487422,30,15967,8243,"East TN",2455501,1309.50873161933,0.407969510327696,363.958312376985,231.928229717683,1846.38491289558,40.7969510327696
2022-01-13,547994,7342,413485,5255,134509,2087,451196,5483,2660921,6927,3112117,12410,65,7957,3829,49167,3448,490870,47,16014,8259,"East TN",2455501,1398.04463529031,0.41683353788515,505.395843862413,299.002118101357,2002.32050404378,41.683353788515
2022-01-14,554510,6516,418272,4787,136238,1729,456129,4933,2666801,5880,3122930,10813,69,8026,4342,53509,2105,492975,38,16052,8291,"East TN",2455501,1485.03299326695,0.424037051331532,440.358199813399,265.363361692787,2179.14796206558,42.4037051331532
2022-01-15,559064,4554,421671,3399,137393,1155,459743,3614,2671890,5089,3131633,8703,9,8035,2918,56427,1627,494602,37,16089,8305,"East TN",2455501,1542.25145907088,0.4307301356809,354.42868889078,185.46113400076,2297.98318143629,43.07301356809
2022-01-16,562931,3867,425000,3329,137931,538,463239,3496,2676538,4648,3139777,8144,7,8042,1219,57646,2641,497243,37,16126,8323,"East TN",2455501,1556.99386805381,0.438149923139524,331.66347722929,157.483136842543,2347.62681831528,43.8149923139524
2022-01-17,567569,4638,428332,3332,139237,1306,466708,3469,2681273,4735,3147981,8204,15,8057,-606,57040,5229,502472,41,16167,8345,"East TN",2455501,1556.62734407357,0.440339670849929,334.106970430882,188.882024482987,2322.94753697922,44.0339670849929
2022-01-18,573532,5963,432008,3676,141524,2287,470447,3739,2684734,3461,3155181,7200,49,8106,20,57060,5894,508366,46,16213,8375,"East TN",2455501,1570.96250418957,0.448712176491593,293.219184190925,242.842499351456,2323.76203471308,44.8712176491593
2022-01-19,581847,8315,438018,6010,143829,2305,476625,6178,2690582,5848,3167207,12026,22,8128,2762,59822,5531,513897,49,16262,8407,"East TN",2455501,1677.66170732571,0.457955555555556,489.757487372231,338.627432853825,2436.24417175965,45.7955555555556
2022-01-20,590140,8293,444083,6065,146057,2228,482901,6276,2696299,5717,3179200,11993,44,8172,3736,63558,4513,518410,40,16302,8440,"East TN",2455501,1716.39107457093,0.472623466452007,488.413566111356,337.731485346575,2588.39234844539,47.2623466452007
2022-01-21,597445,7305,449695,5612,147750,1693,488783,5882,2702021,5722,3190804,11604,53,8225,2975,66533,4277,522687,30,16332,8471,"East TN",2455501,1748.52301017186,0.481097327400772,472.571585187707,297.495297293709,2709.54888635761,48.1097327400772
2022-01-22,603454,6009,454566,4871,148888,1138,493947,5164,2708108,6087,3202055,11251,0,8225,2641,69174,3368,526055,52,16384,8498,"East TN",2455501,1807.77772031044,0.485700491323734,458.195700185013,244.715844139343,2817.10331211431,48.5700491323734
2022-01-23,607055,3601,457543,2977,149512,624,497090,3143,2711378,3270,3208468,6413,6,8231,325,69499,3270,529325,31,16415,8531,"East TN",2455501,1796.94490045005,0.492801094757683,261.168698363389,146.650316982156,2830.33890028959,49.2801094757683
2022-01-24,613746,6691,462227,4684,151519,2007,502053,4963,2716758,5380,3218811,10343,37,8268,-491,69008,7145,536470,41,16456,8566,"East TN",2455501,1880.55309283116,0.499011718198503,421.217503067602,272.490216864094,2810.34298092324,49.9011718198503
2022-01-25,619453,5707,466299,4072,153154,1635,506315,4262,2721412,4654,3227727,8916,30,8298,-1462,67546,7139,543609,30,16486,8595,"East TN",2455501,1870.1275218377,0.494417335208006,363.103089756429,232.416928358001,2750.80319657781,49.4417335208006
2022-01-26,625264,5811,470728,4429,154536,1382,510994,4679,2726306,4894,3237300,9573,27,8325,-1560,65986,7344,550953,34,16520,8628,"East TN",2455501,1768.15240555797,0.490334270183899,389.85934031385,236.652316574092,2687.27237333644,49.0334270183899
2022-01-27,632525,7261,476496,5768,156029,1493,517137,6143,2733460,7154,3250597,13297,29,8354,-236,65750,7468,558421,46,16566,8673,"East TN",2455501,1726.1243224906,0.479515946048153,541.518818359268,295.703402279209,2677.66130007685,47.9515946048153
2022-01-28,637490,4965,480202,3706,157288,1259,521069,3932,2738299,4839,3259368,8771,38,8392,-2372,63378,7299,565720,38,16604,8707,"East TN",2455501,1630.82808762855,0.470888512922233,357.197981185917,202.199062431659,2581.06186884062,47.0888512922233
2022-01-29,641555,4065,483474,3272,158081,793,524615,3546,2743731,5432,3268346,8978,5,8397,-89,63289,4149,569869,29,16633,8744,"East TN",2455501,1551.658907897,0.462626902596129,365.628032731406,165.546664407793,2577.43735392492,46.2626902596129
2022-01-30,643625,2070,484984,1510,158641,560,526209,1594,2746210,2479,3272419,4073,17,8414,-1464,61825,3517,573386,23,16656,8788,"East TN",2455501,1489.30910636974,0.455332989319948,165.872463501338,84.3005154548909,2517.8161198061,45.5332989319948
2022-01-31,647532,3907,487445,2461,160087,1446,528777,2568,2749143,2933,3277920,5501,68,8482,-3033,58792,6872,580258,37,16693,8825,"East TN",2455501,1375.93102181591,0.452113891285591,224.027601699205,159.11213231027,2394.29753846567,45.2113891285591
2022-02-01,652503,4971,490969,3524,161534,1447,532682,3905,2754402,5259,3287084,9164,28,8510,-4602,54190,9545,589803,35,16728,8856,"East TN",2455501,1345.95750520973,0.444210455380157,373.202861656338,202.443411751818,2206.88160990364,44.4210455380157
2022-02-02,657221,4718,494484,3515,162737,1203,536436,3754,2759303,4901,3295739,8655,21,8531,-4676,49514,9373,599176,43,16771,8897,"East TN",2455501,1301.44520405408,0.435359947979945,352.473894329508,192.140015418442,2016.45203972631,43.5359947979945
2022-02-03,666158,8937,497158,2674,169000,6263,539260,2824,2763656,4353,3302916,7177,26,8557,660,50174,8251,607427,39,16810,8923,"East TN",2455501,1369.70011415186,0.422848296030123,292.282511796982,363.958312376985,2043.33046494381,42.2848296030123
2022-02-04,669698,3540,499680,2522,170018,1018,542006,2746,2768247,4591,3310253,7337,12,8569,-2763,47411,6291,613718,34,16844,8952,"East TN",2455501,1311.66715061407,0.411457207428515,298.798493667891,144.166098893871,1930.80760301055,41.1457207428515
2022-02-05,671376,1678,500866,1186,170510,492,543340,1334,2770872,2625,3314212,3959,3,8572,-1687,45724,3362,617080,24,16868,8994,"East TN",2455501,1214.45684607744,0.40825448044303,161.229826418315,68.3363598711627,1862.10471915915,40.825448044303
2022-02-06,672681,1305,501810,944,170871,361,544425,1085,2773524,2652,3317949,3737,1,8573,-1961,43763,3265,620345,30,16898,9021,"East TN",2455501,1183.30230775715,0.400087854162091,152.188901572429,53.1459771346051,1782.24321635381,40.0087854162091
2022-02-07,675490,2809,503644,1834,171846,975,546397,1972,2776410,2886,3322807,4858,50,8623,-5583,38180,8342,628687,38,16936,9052,"East TN",2455501,1138.58638216804,0.392541270300978,197.841499555488,114.396206721154,1554.87617394577,39.2541270300978
2022-02-08,678159,2669,505355,1711,172804,958,548286,1889,2779077,2667,3327363,4556,21,8644,-4704,33476,7352,636039,42,16978,9086,"East TN",2455501,1044.83769300033,0.387397899649942,185.542583774146,108.694722584108,1363.30630694103,38.7397899649942
2022-02-09,681071,2912,507440,2085,173631,827,550597,2311,2782748,3671,3333345,5982,26,8670,-3097,30379,5983,642022,25,17003,9117,"East TN",2455501,971.288547632438,0.376562250704675,243.616272198627,118.590870050552,1237.18133285224,37.6562250704675
2022-02-10,683582,2511,509221,1781,174361,730,552568,1971,2785957,3209,3338525,5180,28,8698,-2887,27492,5370,647392,29,17032,9151,"East TN",2455501,709.590425742038,0.373725743491814,210.954913070693,102.260190486585,1119.60858496901,37.3725743491814
2022-02-11,685885,2303,510950,1729,174935,574,554469,1901,2789321,3364,3343790,5265,31,8729,-1995,25497,4267,651659,39,17071,9178,"East TN",2455501,659.213740902569,0.371619405432806,214.416528439614,93.7894140544027,1038.36243601611,37.1619405432806
2022-02-12,686817,932,511636,686,175181,246,555249,780,2791823,2502,3347072,3282,3,8732,-1246,24251,2175,653834,17,17088,9213,"East TN",2455501,628.832975429454,0.362416311625076,133.65907812703,37.9555943980475,987.619227196405,36.2416311625076
2022-02-13,687392,575,512051,415,175341,160,555732,483,2793225,1402,3348957,1885,35,8767,-1545,22706,2085,655919,9,17097,9233,"East TN",2455501,599.10380814343,0.364647832817337,76.7664114166518,23.4168098485808,924.699277255436,36.4647832817337
2022-02-14,689637,2245,513484,1433,176153,812,557351,1619,2796232,3007,3353583,4626,146,8913,-2770,19936,4869,660788,24,17121,9262,"East TN",2455501,576.134972048474,0.355926696126852,188.393325842669,91.4273706261981,811.891341115316,35.5926696126852
2022-02-15,691533,1896,514883,1399,176650,497,558884,1533,2799097,2865,3357981,4398,37,8950,-2239,17697,4098,664886,28,17149,9290,"East TN",2455501,544.654634634643,0.346136259716507,179.108051676623,77.2143851702769,720.708319809277,34.6136259716507
2022-02-16,693300,1767,516118,1235,177182,532,560256,1372,2802304,3207,3362560,4579,14,8964,-1704,15993,3457,668343,19,17168,9309,"East TN",2455501,498.024639370947,0.330617833304809,186.47925616809,71.9608747868561,651.313112884092,33.0617833304809
2022-02-17,695097,1797,517394,1276,177703,521,561659,1403,2805827,3523,3367486,4926,13,8977,-1380,14613,3164,671507,21,17189,9330,"East TN",2455501,468.947070272014,0.313904906598529,200.610791850624,73.1826213876516,595.112769247498,31.3904906598529
2022-02-18,696279,1182,518119,725,178160,457,562496,837,2808792,2965,3371288,3802,8,8985,-1216,13397,2390,673897,9,17198,9356,"East TN",2455501,423.294472288954,0.291912139064659,154.836019207486,48.1368160713435,545.591307028586,29.1912139064659
2022-02-19,696815,536,518462,343,178353,193,562908,412,2810894,2102,3373802,2514,1,8986,-762,12635,1297,675194,14,17212,9384,"East TN",2455501,407.167417158454,0.286531986531987,102.382365146665,21.8285392675466,514.55894336838,28.6531986531987
2022-02-20,697184,369,518694,232,178490,137,563180,272,2812330,1436,3375510,1708,8,8994,-946,11689,1307,676501,5,17217,9400,"East TN",2455501,398.778090499658,0.280495612548488,69.5581064719583,15.0274831897849,476.033200556628,28.0495612548488
2022-02-21,697913,729,519104,410,178809,319,563625,445,2813881,1551,3377506,1996,7,9001,-2021,9668,2743,679244,13,17230,9418,"East TN",2455501,337.039162272791,0.262258078000251,81.2868738395953,29.6884423993311,393.728204549703,26.2258078000251
2022-02-22,699088,1175,519756,652,179332,523,564354,729,2816232,2351,3380586,3080,44,9045,-930,8738,2061,681305,20,17250,9434,"East TN",2455501,307.676518967005,0.241981862419819,125.432651015007,47.8517418644912,355.854059925042,24.1981862419819
2022-02-23,699957,869,520228,472,179729,397,564887,533,2818829,2597,3383716,3130,80,9125,-949,7789,1738,683043,8,17258,9458,"East TN",2455501,271.105570716526,0.218897712232936,127.468895349666,35.3899265363769,317.20614245321,21.8897712232936
2022-02-24,700817,860,520718,490,180099,370,565455,568,2821331,2502,3386786,3070,50,9175,-791,6998,1601,684644,13,17271,9476,"East TN",2455501,232.946351885012,0.196683937823834,125.025402148075,35.0234025561382,284.992757078902,19.6683937823834
2022-02-25,701583,766,521172,454,180411,312,565963,508,2823708,2377,3389671,2885,5,9180,-480,6518,1241,685885,23,17294,9489,"East TN",2455501,216.004799020648,0.188598161344721,117.491298109836,31.1952632069789,265.444811466173,18.8598161344721
2022-02-26,701840,257,521354,182,180486,75,566181,218,2825445,1737,3391626,1955,0,9180,-400,6118,657,686542,5,17299,9502,"East TN",2455501,204.64255563325,0.18362881508079,79.6171534851747,10.4662958801483,249.1548567889,18.362881508079
2022-02-27,701863,23,521376,22,180487,1,566211,30,2825800,355,3392011,385,4,9184,-593,5525,612,687154,2,17301,9515,"East TN",2455501,190.551744837408,0.183685837221987,15.6790813768758,0.936672393943232,225.004998979842,18.3685837221987
2022-02-28,702730,867,521836,460,180894,407,566725,514,2828489,2689,3395214,3203,27,9211,-456,5069,1296,688450,17,17318,9531,"East TN",2455501,196.171779201067,0.175062118816354,130.441812078268,35.3084767629905,206.43445064775,17.5062118816354
2022-03-01,703498,768,522202,366,181296,402,567130,405,2830708,2219,3397838,2624,28,9239,-341,4728,1081,689531,16,17334,9540,"East TN",2455501,179.596750316941,0.16090888012984,106.862102682915,31.2767129803653,192.547264285374,16.090888012984
2022-03-02,703958,460,522469,267,181489,193,567441,311,2833021,2313,3400462,2624,8,9247,-363,4365,815,690346,9,17343,9559,"East TN",2455501,162.940271659429,0.152514033201959,106.862102682915,18.7334478788646,177.764130415748,15.2514033201959
2022-03-03,704322,364,522655,186,181667,178,567662,221,2834977,1956,3402639,2177,15,9262,-497,3868,846,691192,10,17353,9570,"East TN",2455501,142.74072785961,0.139216552072163,88.6580783310616,14.823858756319,157.523861729236,13.9216552072163
2022-03-04,704658,336,522867,212,181791,124,567926,264,2837220,2243,3405146,2507,10,9272,-305,3563,631,691823,7,17360,9575,"East TN",2455501,125.229026581541,0.126849757673667,102.097290939812,13.6835619289098,145.102771287815,12.6849757673667
2022-03-05,704799,141,522969,102,181830,39,568042,116,2838932,1712,3406974,1828,0,9272,-198,3365,339,692162,6,17366,9586,"East TN",2455501,120.504939725131,0.121253583528799,74.4450928751403,5.74220902373894,137.039243722564,12.1253583528799
2022-03-06,704898,99,523028,59,181870,40,568114,72,2840144,1212,3408258,1284,2,9274,-199,3166,296,692458,4,17370,9592,"East TN",2455501,123.600031113813,0.117129316181449,52.2907545140483,4.03176378262522,128.934991270621,11.7129316181449
2022-03-07,705164,266,523202,174,181962,92,568326,212,2841848,1704,3410174,1916,13,9287,-391,2775,644,693102,8,17378,9598,"East TN",2455501,99.1243742112099,0.10701871657754,78.0288829041405,10.8328198603869,113.011560573586,10.701871657754
2022-03-08,705427,263,523299,97,182128,166,568449,123,2843600,1752,3412049,1875,27,9314,-293,2482,529,693631,5,17383,9607,"East TN",2455501,78.5583064311519,0.0928154246710295,76.35916254972,10.7106452003074,101.079168772483,9.28154246710295
2022-03-09,705721,294,523425,126,182296,168,568598,149,2845612,2012,3414210,2161,23,9337,-227,2255,498,694129,7,17390,9615,"East TN",2455501,71.7979752400834,0.084157695664824,88.0064801439706,11.9731166877961,91.8346194931299,8.4157695664824
2022-03-10,705907,186,523523,98,182384,88,568727,129,2847708,2096,3416435,2225,75,9412,-323,1932,434,694563,2,17392,9621,"East TN",2455501,64.5489454086966,0.0771962887793563,90.6128728923344,7.57482892493222,78.6804810912315,7.71962887793563
2022-03-11,706119,212,523613,90,182506,122,568831,104,2849898,2190,3418729,2294,79,9491,-198,1734,331,694894,5,17397,9628,"East TN",2455501,59.4990594587418,0.0666274018994331,93.4228900741641,8.63367597895501,70.616953525981,6.66274018994331
2022-03-12,706188,69,523648,35,182540,34,568872,41,2851183,1285,3420055,1326,0,9491,-120,1614,189,695083,2,17399,9634,"East TN",2455501,56.5668676168326,0.0634508065132635,54.001199755162,2.8100171818297,65.729967122799,6.34508065132635
2022-03-13,706281,93,523701,53,182580,40,568942,70,2852792,1609,3421734,1679,4,9495,-65,1549,154,695237,4,17403,9637,"East TN",2455501,56.3225182966735,0.0614425645592164,68.3770847578559,3.78741446246611,63.082849487742,6.14425645592164
2022-03-14,706439,158,523785,84,182654,74,569048,106,2853877,1085,3422925,1191,69,9564,-244,1305,333,695570,2,17405,9642,"East TN",2455501,51.9242305338096,0.0566230099600031,48.5033400515821,6.43453209752307,53.1459771346051,5.66230099600031
2022-03-15,706627,188,523864,79,182763,109,569140,92,2855310,1433,3424450,1525,4,9568,-75,1230,259,695829,2,17407,9646,"East TN",2455501,48.8698640318208,0.0557213127973551,62.1054522071056,7.65627869831859,50.0916106326163,5.57213127973551
2022-03-16,706785,158,523959,95,182826,63,569251,111,2856878,1568,3426129,1679,10,9578,-86,1144,234,696063,5,17412,9651,"East TN",2455501,43.3312794415478,0.054786475375451,68.3770847578559,6.43453209752307,46.5892703770025,5.4786475375451
2022-03-17,706929,144,524054,95,182875,49,569367,116,2858178,1300,3427545,1416,8,9586,-104,1040,240,696303,1,17413,9655,"East TN",2455501,41.620834200434,0.0576057605760576,57.6664395575485,5.8643836838185,42.3538821609114,5.76057605760576
2022-03-18,707074,145,524143,89,182931,56,569461,94,2859669,1491,3429130,1585,2,9588,-27,1013,170,696473,1,17414,9663,"East TN",2455501,38.8922667919907,0.0605710989327949,64.5489454086966,5.90510857051168,41.2543102201954,6.05710989327949
2022-03-19,707148,74,524202,59,182946,15,569528,67,2860842,1173,3430370,1240,0,9588,-30,983,104,696577,1,17415,9665,"East TN",2455501,39.0958912254566,0.0635967038293747,50.4988594995482,3.01364161529562,40.0325636193999,6.35967038293747
2022-03-20,707214,66,524251,49,182963,17,569586,58,2861497,655,3431083,713,3,9591,-44,939,107,696684,0,17415,9666,"East TN",2455501,37.9963192847407,0.0688843726601776,29.0368442122402,2.68784252175014,38.2406686048998,6.88843726601776
2022-03-21,707313,99,524318,67,182995,32,569663,77,2862387,890,3432050,967,16,9607,-85,854,168,696852,1,17416,9670,"East TN",2455501,35.5935509698428,0.0673972602739726,39.3809654323089,4.03176378262522,34.7790532359791,6.73972602739726
2022-03-22,707397,84,524373,55,183024,29,569726,63,2863390,1003,3433116,1066,2,9609,-57,797,139,696991,5,17421,9673,"East TN",2455501,31.3581627537517,0.0676205861989384,43.4127292149341,3.42089048222746,32.4577346944676,6.76205861989384
2022-03-23,707495,98,524449,76,183046,22,569805,79,2864833,1443,3434638,1522,11,9620,-54,743,141,697132,0,17421,9681,"East TN",2455501,28.9146695521606,0.065107533200141,61.983277547026,3.99103889593203,30.2585908130357,6.5107533200141
2022-03-24,707599,104,524483,34,183116,70,569848,43,2865918,1085,3435766,1128,5,9625,-23,720,122,697254,0,17421,9683,"East TN",2455501,27.2856740844333,0.0585086972387787,45.9376721899116,4.23538821609114,29.3219184190925,5.85086972387787
2022-03-25,707664,65,524529,46,183135,19,569905,57,2867372,1454,3437277,1511,0,9625,-41,679,106,697360,1,17422,9684,"East TN",2455501,24.0276831489786,0.0544985884374616,61.535303793401,2.64711763505696,27.6521980646719,5.44985884374616
2022-03-26,707707,43,524563,34,183144,9,569945,40,2868369,997,3438314,1037,0,9625,11,690,32,697392,1,17423,9685,"East TN",2455501,22.7652116614899,0.0524924471299094,42.2317075008318,1.75117012780691,28.100171818297,5.24924471299094
2022-03-27,707728,21,524578,15,183150,6,569962,17,2868815,446,3438777,463,2,9627,-34,656,53,697445,1,17424,9685,"East TN",2455501,20.9325917602966,0.0488692487652716,18.8556225389442,0.855222620556864,26.7155256707287,4.88692487652716
2022-03-28,707841,113,524626,48,183215,65,570024,62,2870237,1422,3440261,1484,30,9657,-37,619,120,697565,1,17425,9689,"East TN",2455501,21.5027401740012,0.0439654122518573,60.4357318526851,4.60191219632979,25.2087048630809,4.39654122518573
2022-03-29,707954,113,524679,53,183275,60,570083,59,2871347,1110,3441430,1169,6,9663,22,641,85,697650,0,17425,9694,"East TN",2455501,22.6837618881035,0.0429396199182102,47.6073925443321,4.60191219632979,26.1046523703309,4.29396199182102
2022-03-30,708054,100,524735,56,183319,44,570146,63,2872727,1380,3442873,1443,6,9669,4,645,90,697740,2,17427,9699,"East TN",2455501,22.7652116614899,0.0414086217364906,58.7660114982645,4.0724886693184,26.2675519171037,4.14086217364906
2022-03-31,708140,86,524790,55,183350,31,570214,68,2873910,1183,3444124,1251,8,9677,-5,640,83,697823,0,17427,9699,"East TN",2455501,22.0321637010125,0.0437903804737976,50.9468332531732,3.50234025561382,26.0639274836378,4.37903804737976
2022-04-01,708238,98,524844,54,183394,44,570274,60,2875187,1277,3445461,1337,16,9693,-1,639,83,697906,1,17428,9699,"East TN",2455501,23.3760849618876,0.0450879765395894,54.449173508787,3.99103889593203,26.0232025969446,4.50879765395894
2022-04-02,708331,93,524870,26,183461,67,570305,31,2875989,802,3446294,833,0,9693,57,696,36,697942,0,17428,9700,"East TN",2455501,25.4123292965468,0.0451127819548872,33.9238306154223,3.78741446246611,28.3445211384561,4.51127819548872
