"DATE","TOTAL_CASES","NEW_CASES","TOTAL_CONFIRMED","NEW_CONFIRMED","TOTAL_PROBABLE","NEW_PROBABLE","POS_TESTS","NEW_POS_TESTS","NEG_TESTS","NEW_NEG_TESTS","TOTAL_TESTS","NEW_TESTS","NEW_DEATHS","TOTAL_DEATHS","NEW_HOSPITALIZED","TOTAL_HOSPITALIZED","TOTAL_DEATHS_BY_DOD","NEW_DEATHS_BY_DOD","Region","Population","New_cases_per_100k_per_week","PositivityRate_per_week","Tests_per_100k","New_cases_per_100k","PositivityPercentage_per_week"
2022-09-10,147277,72,111140,49,36137,23,120033,54,584884,139,704917,193,0,1482,0,2786,1482,0,"Knox County",470313,NA,NA,41.0365012236532,15.308953824368,NA
2022-09-09,147205,153,111091,102,36114,51,119979,111,584745,259,704724,370,0,1482,0,2786,1482,0,"Knox County",470313,NA,NA,78.6710127085579,32.5315268767821,NA
2022-09-08,147052,178,110989,115,36063,63,119868,122,584486,336,704354,458,0,1482,0,2786,1482,0,"Knox County",470313,NA,NA,97.3819562716744,37.8471358435765,NA
2022-09-07,146874,181,110874,96,36000,85,119746,105,584150,263,703896,368,0,1482,0,2786,1482,0,"Knox County",470313,NA,NA,78.2457639912144,38.4850089195918,NA
2022-09-06,146693,167,110778,94,35915,73,119641,98,583887,162,703528,260,-1,1482,0,2786,1482,0,"Knox County",470313,NA,NA,55.2823332546623,35.508267898187,NA
2022-09-05,146526,45,110684,14,35842,31,119543,16,583725,56,703268,72,0,1483,0,2786,1482,0,"Knox County",470313,NA,NA,15.308953824368,9.56809614023002,NA
2022-09-04,146481,88,110670,55,35811,33,119527,58,583669,130,703196,188,0,1483,0,2786,1482,0,"Knox County",470313,187.959933065852,0.29544264012572,39.9733794302943,18.7109435631165,29.544264012572
2022-09-03,146393,90,110615,57,35778,33,119469,68,583539,155,703008,223,0,1483,0,2786,1482,0,"Knox County",470313,191.787171521944,0.298091799896854,47.4152319838065,19.13619228046,29.8091799896854
2022-09-02,146303,227,110558,167,35745,60,119401,178,583384,396,702785,574,1,1483,1,2786,1482,0,"Knox County",470313,207.521374063655,0.300979934671022,122.046381877601,48.2657294184936,30.0979934671022
2022-09-01,146076,168,110391,88,35685,80,119223,95,582988,227,702211,322,3,1482,0,2785,1482,0,"Knox County",470313,205.395130476938,0.307922272047833,68.4650434923126,35.7208922568587,30.7922272047833
2022-08-31,145908,277,110303,168,35605,109,119128,182,582761,301,701889,483,1,1479,0,2785,1482,0,"Knox County",470313,225.807068909428,0.327521206409048,102.697565238469,58.8969473520825,32.7521206409048
2022-08-30,145631,250,110135,148,35496,102,118946,158,582460,216,701406,374,-1,1478,0,2785,1482,0,"Knox County",470313,243.454890679186,0.337656529516995,79.521510143245,53.1560896679445,33.7656529516995
2022-08-29,145381,241,109987,112,35394,129,118788,118,582244,123,701032,241,0,1479,0,2785,1482,0,"Knox County",470313,285.129264978855,0.356340956340956,51.2424704398985,51.2424704398985,35.6340956340956
2022-08-28,145140,105,109875,76,35265,29,118670,82,582121,137,700791,219,1,1479,0,2785,1482,0,"Knox County",470313,288.743879076275,0.361658456486043,46.5647345491194,22.3255576605367,36.1658456486043
2022-08-27,145035,135,109799,73,35236,62,118588,77,581984,211,700572,288,0,1478,0,2785,1482,0,"Knox County",470313,298.311975216505,0.355857656937225,61.2358152974721,28.70428842069,35.5857656937225
2022-08-26,144900,230,109726,153,35174,77,118511,167,581773,352,700284,519,0,1478,0,2785,1482,0,"Knox County",470313,298.94984829252,0.359362224039248,110.352042150653,48.903602494509,35.9362224039248
2022-08-25,144670,256,109573,143,35097,113,118344,155,581421,326,699765,481,3,1478,0,2785,1482,1,"Knox County",470313,317.660791855637,0.360460652591171,102.272316521125,54.4318358199752,36.0460652591171
2022-08-24,144414,281,109430,162,34984,119,118189,169,581095,272,699284,441,2,1475,0,2785,1481,0,"Knox County",470313,318.511289290324,0.361295357003512,93.7673421742542,59.7474447867697,36.1295357003511
2022-08-23,144133,285,109268,173,34865,112,118020,187,580823,292,698843,479,4,1473,0,2785,1481,0,"Knox County",470313,325.953141843836,0.357946026986507,101.847067803782,60.5979422214568,35.7946026986507
2022-08-22,143848,280,109095,149,34753,131,117833,154,580531,276,698364,430,0,1469,0,2785,1481,0,"Knox County",470313,334.245491832035,0.346867343367168,91.4284742288646,59.5348204280979,34.6867343367168
2022-08-21,143568,129,108946,90,34622,39,117679,104,580255,196,697934,300,0,1469,0,2785,1481,0,"Knox County",470313,339.348476440158,0.344792375765827,63.7873076015334,27.4285422686594,34.4792375765827
2022-08-20,143439,75,108856,52,34583,23,117575,60,580059,123,697634,183,0,1469,0,2785,1481,2,"Knox County",470313,326.591014919851,0.351570773032121,38.9102576369354,15.9468269003834,35.1570773032121
2022-08-19,143364,211,108804,146,34560,65,117515,149,579936,248,697451,397,0,1469,0,2785,1479,0,"Knox County",470313,322.551152105087,0.360752489856142,84.4118703926959,44.8637396797452,36.0752489856142
2022-08-18,143153,616,108658,212,34495,404,117366,222,579688,286,697054,508,0,1469,1,2785,1479,3,"Knox County",470313,399.095921226928,0.381665449233017,108.013174205263,130.976604941815,38.1665449233017
2022-08-17,142537,199,108446,135,34091,64,117144,149,579402,266,696546,415,3,1469,0,2784,1476,1,"Knox County",470313,381.660723815842,0.377949852507375,88.2391088487879,42.3122473756839,37.7949852507375
2022-08-16,142338,260,108311,175,34027,85,116995,191,579136,191,696131,382,4,1466,0,2784,1475,1,"Knox County",470313,376.345114849047,0.393499043977055,81.2225050126193,55.2823332546623,39.3499043977055
2022-08-15,142078,236,108136,145,33942,91,116804,147,578945,154,695749,301,1,1462,0,2784,1474,0,"Knox County",470313,366.989643067489,0.411102172164119,63.9999319602052,50.1793486465396,41.1102172164119
2022-08-14,141842,91,107991,69,33851,22,116657,79,578791,122,695448,201,1,1461,0,2784,1474,1,"Knox County",470313,358.909917437962,0.41767909509845,42.7374960930274,19.3488166391318,41.767909509845
2022-08-13,141751,98,107922,67,33829,31,116578,79,578669,154,695247,233,0,1460,0,2784,1473,0,"Knox County",470313,363.800277687412,0.416906032006565,49.5414755705243,20.8371871498343,41.6906032006565
2022-08-12,141653,209,107855,144,33798,65,116499,150,578515,338,695014,488,1,1460,0,2784,1473,1,"Knox County",470313,363.375028970069,0.402294303797468,103.760687031828,44.4384909624016,40.2294303797468
2022-08-11,141444,178,107711,128,33733,50,116349,133,578177,188,694526,321,0,1459,0,2784,1472,2,"Knox County",470313,270.24555987183,0.396411789833405,68.2524191336408,37.8471358435765,39.6411789833405
2022-08-10,141266,222,107583,158,33683,64,116216,168,577989,255,694205,423,1,1459,0,2784,1470,1,"Knox County",470313,275.135920121281,0.403150276713495,89.9401037181622,47.2026076251348,40.3150276713495
2022-08-09,141044,272,107425,192,33619,80,116048,199,577734,349,693782,548,5,1458,0,2784,1469,3,"Knox County",470313,277.687412425342,0.379721669980119,116.518148552134,57.8338255587237,37.9721669980119
2022-08-08,140772,237,107233,150,33539,87,115849,156,577385,327,693234,483,2,1453,0,2784,1466,0,"Knox County",470313,277.900036784014,0.35743418613274,102.697565238469,50.3919730052114,35.743418613274
2022-08-07,140535,84,107083,57,33452,27,115693,61,577058,115,692751,176,1,1451,0,2784,1466,1,"Knox County",470313,276.411666273312,0.354041916167665,37.421887126233,17.8604461284294,35.4041916167665
2022-08-06,140451,96,107026,68,33425,28,115632,74,576943,102,692575,176,0,1450,1,2784,1465,1,"Knox County",470313,275.986417555968,0.359847036328872,37.421887126233,20.4119384324907,35.9847036328872
2022-08-05,140355,205,106958,121,33397,84,115558,120,576841,281,692399,401,2,1450,1,2783,1464,2,"Knox County",470313,275.135920121281,0.360363924050633,85.262367827383,43.5879935277145,36.0363924050633
2022-08-04,140150,190,106837,127,33313,63,115438,135,576560,239,691998,374,5,1448,0,2782,1462,3,"Knox County",470313,277.687412425342,0.353738860906625,79.521510143245,40.3986281476379,35.3738860906625
2022-08-03,139960,205,106710,121,33250,84,115303,126,576321,289,691624,415,-2,1443,0,2782,1459,1,"Knox County",470313,274.072798327922,0.338515351729499,88.2391088487879,43.5879935277145,33.8515351729499
2022-08-02,139755,283,106589,173,33166,110,115177,181,576032,308,691209,489,0,1445,0,2782,1458,0,"Knox County",470313,276.411666273312,0.339299920445505,103.9733113905,60.1726935041132,33.9299920445505
2022-08-01,139472,175,106416,99,33056,76,114996,110,575724,133,690720,243,4,1445,1,2782,1458,1,"Knox County",470313,263.228956035661,0.354881266490765,51.6677191572421,37.2092627675612,35.4881266490765
2022-07-31,139297,99,106317,64,32980,35,114886,73,575591,153,690477,226,0,1441,0,2781,1457,1,"Knox County",470313,266.418321415738,0.352409638554217,48.0531050598219,21.049811508506,35.2409638554217
2022-07-30,139198,116,106253,85,32945,31,114813,95,575438,203,690251,298,0,1441,0,2781,1456,1,"Knox County",470313,270.670808589174,0.343417825020442,63.3620588841899,24.6644256059263,34.3417825020442
2022-07-29,139082,218,106168,150,32914,68,114718,154,575235,298,689953,452,0,1441,0,2781,1455,0,"Knox County",470313,273.434925251907,0.350020024028835,96.1062101196437,46.3521101904476,35.0020024028835
2022-07-28,138864,281,106018,187,32846,94,114564,203,574937,319,689501,522,1,1441,0,2781,1455,1,"Knox County",470313,292.783741891039,0.356143667296786,110.989915226668,59.7474447867697,35.6143667296786
2022-07-27,138583,198,105831,129,32752,69,114361,134,574618,248,688979,382,4,1440,0,2781,1454,0,"Knox County",470313,291.295371380336,0.363705972434916,81.2225050126193,42.0996230170121,36.3705972434916
2022-07-26,138385,300,105702,229,32683,71,114227,237,574370,239,688597,476,1,1436,1,2781,1454,1,"Knox County",470313,294.909985477756,0.387071950750289,101.209194727766,63.7873076015334,38.7071950750289
2022-07-25,138085,289,105473,172,32612,117,113990,181,574131,249,688121,430,1,1435,0,2780,1453,1,"Knox County",470313,319.149162366339,0.386575735821967,91.4284742288646,61.4484396561439,38.6575735821967
2022-07-24,137796,112,105301,68,32495,44,113809,73,573882,178,687691,251,0,1434,0,2780,1452,1,"Knox County",470313,321.913279029072,0.383137673425827,53.3687140266163,23.8139281712392,38.3137673425827
2022-07-23,137684,110,105233,53,32451,57,113736,59,573704,143,687440,202,0,1434,0,2780,1451,0,"Knox County",470313,320.637532877041,0.383425414364641,42.9501204516992,23.3886794538956,38.3425414364641
2022-07-22,137574,262,105180,183,32394,79,113677,190,573561,309,687238,499,0,1434,0,2780,1451,1,"Knox County",470313,329.9930046586,0.389934829833454,106.099554977217,55.7075819720059,38.9934829833454
2022-07-21,137312,286,104997,175,32315,111,113487,179,573252,354,686739,533,0,1434,2,2780,1450,2,"Knox County",470313,331.056126451959,0.379733141002524,113.328783172058,60.8105665801286,37.9733141002524
2022-07-20,137026,222,104822,141,32204,81,113308,152,572898,318,686206,470,5,1434,0,2778,1448,0,"Knox County",470313,336.159111060081,0.374344634743097,99.9334485757357,47.2026076251348,37.4344634743097
2022-07-19,136804,226,104681,144,32123,82,113156,148,572580,234,685736,382,1,1429,1,2778,1448,2,"Knox County",470313,320.42490851837,0.354897000361402,81.2225050126193,48.0531050598219,35.4897000361402
2022-07-18,136578,347,104537,205,32041,142,113008,231,572346,382,685354,613,1,1428,0,2777,1446,1,"Knox County",470313,332.757121321333,0.349830508474576,130.3387318658,73.780652459107,34.9830508474576
2022-07-17,136231,76,104332,62,31899,14,112777,69,571964,87,684741,156,0,1427,0,2777,1445,1,"Knox County",470313,325.102644409149,0.360070052539405,33.1693999527974,16.1594512590551,36.0070052539405
2022-07-16,136155,102,104270,65,31885,37,112708,67,571877,123,684585,190,1,1427,0,2777,1444,2,"Knox County",470313,323.401649539775,0.36440379880408,40.3986281476379,21.6876845845214,36.440379880408
2022-07-15,136053,191,104205,119,31848,72,112641,129,571754,326,684395,455,0,1426,2,2777,1442,2,"Knox County",470313,308.305320074078,0.348338692390139,96.7440831956591,40.6112525063096,34.8338692390139
2022-07-14,135862,205,104086,143,31776,62,112512,145,571428,239,683940,384,1,1426,0,2775,1440,5,"Knox County",470313,291.082747021664,0.355094339622642,81.6477537299628,43.5879935277145,35.5094339622642
2022-07-13,135657,267,103943,171,31714,96,112367,180,571189,320,683556,500,0,1425,0,2775,1435,1,"Knox County",470313,300.650843161894,0.361567164179104,106.312179335889,56.7707037653648,36.1567164179104
2022-07-12,135390,236,103772,162,31618,74,112187,171,570869,293,683056,464,4,1425,0,2775,1434,1,"Knox County",470313,302.777086748612,0.359160028964518,98.6577024237051,50.1793486465396,35.9160028964519
2022-07-11,135154,200,103610,135,31544,65,112016,143,570576,253,682592,396,0,1421,1,2775,1433,0,"Knox County",470313,271.521306023861,0.355206286836935,84.1992460340241,42.5248717343556,35.5206286836935
2022-07-10,134954,83,103475,43,31479,40,111873,42,570323,87,682196,129,0,1421,1,2774,1433,1,"Knox County",470313,273.009676534563,0.348292295472597,27.4285422686594,17.6478217697576,34.8292295472597
2022-07-09,134871,118,103432,78,31439,40,111831,78,570236,104,682067,182,0,1421,0,2773,1432,2,"Knox County",470313,276.411666273312,0.353784860557769,38.6976332782636,25.0896743232698,35.3784860557769
2022-07-08,134753,193,103354,125,31399,68,111753,132,570132,304,681885,436,1,1421,0,2773,1430,0,"Knox County",470313,276.836914990655,0.357687675632276,92.7042203808953,41.0365012236532,35.7687675632276
2022-07-07,134560,181,103229,105,31331,76,111621,109,569828,205,681449,314,0,1420,0,2773,1430,4,"Knox County",470313,271.733930382532,0.353159851301115,66.7640486229383,38.4850089195918,35.3159851301115
2022-07-06,134379,227,103124,156,31255,71,111512,158,569623,228,681135,386,3,1420,1,2773,1426,0,"Knox County",470313,263.228956035661,0.361074989163416,82.0730024473064,48.2657294184936,36.1074989163416
2022-07-05,134152,164,102968,118,31184,46,111354,122,569395,118,680749,240,0,1417,1,2772,1426,1,"Knox County",470313,247.920002211293,0.376380220835334,51.0298460812268,34.8703948221716,37.6380220835334
2022-07-04,133988,79,102850,44,31138,35,111232,47,569277,123,680509,170,1,1417,1,2771,1425,0,"Knox County",470313,222.192454812008,0.370490037695207,36.1461409742023,16.7973243350705,37.0490037695207
2022-07-03,133909,105,102806,65,31103,40,111185,69,569154,159,680339,228,0,1416,0,2770,1425,0,"Knox County",470313,226.870190702787,0.365541922290389,48.4783537771654,22.3255576605367,36.5541922290389
2022-07-02,133804,108,102741,75,31063,33,111116,79,568995,200,680111,279,0,1416,0,2770,1425,2,"Knox County",470313,224.74394711607,0.348757915245981,59.3221960694261,22.963430736552,34.8757915245981
2022-07-01,133696,184,102666,124,31030,60,111037,131,568795,318,679832,449,0,1416,1,2770,1423,1,"Knox County",470313,222.830327888024,0.346079380445305,95.4683370436284,39.1228819956072,34.6079380445305
2022-06-30,133512,195,102542,118,30970,77,110906,124,568477,308,679383,432,1,1416,2,2769,1422,1,"Knox County",470313,225.807068909428,0.334249084249084,91.8537229462082,41.4617499409967,33.4249084249084
2022-06-29,133317,184,102424,120,30893,64,110782,131,568169,244,678951,375,2,1415,0,2767,1421,1,"Knox County",470313,216.664221486542,0.323515876668201,79.7341345019168,39.1228819956072,32.3515876668201
2022-06-28,133133,183,102304,116,30829,67,110651,122,567925,265,678576,387,1,1413,0,2767,1420,0,"Knox County",470313,220.704084301306,0.30301724137931,82.2856268059781,38.9102576369354,30.301724137931
2022-06-27,132950,142,102188,100,30762,42,110529,102,567660,167,678189,269,0,1412,0,2767,1420,0,"Knox County",470313,234.099418897628,0.313352625051674,57.1959524827083,30.1926589313925,31.3352625051674
2022-06-26,132808,89,102088,57,30720,32,110427,62,567493,168,677920,230,0,1412,0,2767,1420,0,"Knox County",470313,230.697429158879,0.310202395704254,48.903602494509,18.9235679217883,31.0202395704254
2022-06-25,132719,104,102031,60,30688,44,110365,71,567325,203,677690,274,0,1412,0,2767,1420,0,"Knox County",470313,229.846931724192,0.307533112582781,58.2590742760672,22.1129333018649,30.7533112582781
2022-06-24,132615,145,101971,119,30644,26,110294,128,567122,386,677416,514,0,1412,1,2767,1420,2,"Knox County",470313,221.554581735993,0.298266827891979,109.288920357294,30.8305320074078,29.8266827891979
2022-06-23,132470,185,101852,128,30618,57,110166,136,566736,304,676902,440,1,1412,1,2766,1418,0,"Knox County",470313,219.428338149275,0.302129369224588,93.5547178155824,39.335506354279,30.2129369224588
2022-06-22,132285,182,101724,127,30561,55,110030,131,566432,332,676462,463,0,1411,0,2765,1418,0,"Knox County",470313,219.003089431931,0.291812184710904,98.4450780650333,38.6976332782636,29.1812184710904
2022-06-21,132103,177,101597,88,30506,89,109899,95,566100,175,675999,270,1,1411,1,2765,1418,0,"Knox County",470313,217.727343279901,0.294715447154472,57.4085768413801,37.6345114849047,29.4715447154472
2022-06-20,131926,120,101509,84,30417,36,109804,91,565925,157,675729,248,0,1410,0,2764,1418,1,"Knox County",470313,213.049607389122,0.292742927429274,52.730840950601,25.5149230406134,29.2742927429274
2022-06-19,131806,90,101425,60,30381,30,109713,65,565768,198,675481,263,0,1410,0,2764,1417,0,"Knox County",470313,213.262231747793,0.29004854368932,55.9202063306777,19.13619228046,29.004854368932
2022-06-18,131716,99,101365,81,30351,18,109648,87,565570,194,675218,281,-1,1410,0,2764,1417,0,"Knox County",470313,212.199109954435,0.295683743444937,59.7474447867697,21.049811508506,29.5683743444937
2022-06-17,131617,133,101284,84,30333,49,109561,89,565376,254,674937,343,3,1411,2,2764,1417,1,"Knox County",470313,209.647617650373,0.300693240901213,72.9301550244199,28.2790397033465,30.0693240901213
2022-06-16,131484,138,101200,104,30284,34,109472,108,565122,301,674594,409,1,1408,0,2762,1416,0,"Knox County",470313,199.6542727928,0.292490118577075,86.9633626967573,29.3421614967054,29.2490118577075
2022-06-15,131346,113,101096,81,30250,32,109364,85,564821,264,674185,349,0,1407,0,2762,1416,1,"Knox County",470313,184.983192044447,0.286638927415626,74.2059011764506,24.0265525299109,28.6638927415626
2022-06-14,131233,170,101015,106,30218,64,109279,114,564557,244,673836,358,2,1407,0,2762,1415,0,"Knox County",470313,183.494821533745,0.283873833851622,76.1195204044966,36.1461409742023,28.3873833851622
2022-06-13,131063,117,100909,71,30154,46,109165,71,564313,150,673478,221,1,1405,0,2762,1415,2,"Knox County",470313,182.856948457729,0.278327338129496,46.989983266463,24.877049964598,27.8327338129496
2022-06-12,130946,79,100838,44,30108,35,109094,48,564163,129,673257,177,1,1404,1,2762,1413,1,"Knox County",470313,180.51808051234,0.281571562207671,37.6345114849047,16.7973243350705,28.1571562207671
2022-06-11,130867,102,100794,82,30073,20,109046,93,564034,227,673080,320,0,1403,0,2761,1412,0,"Knox County",470313,181.155953588355,0.279283417547083,68.039794774969,21.6876845845214,27.9283417547083
2022-06-10,130765,122,100712,77,30053,45,108953,88,563807,368,672760,456,0,1403,1,2761,1412,0,"Knox County",470313,178.817085642965,0.265065502183406,96.9567075543308,25.9401717579569,26.5065502183406
2022-06-09,130643,161,100635,107,30008,54,108865,114,563439,330,672304,444,1,1403,0,2760,1412,0,"Knox County",470313,183.707445892416,0.263655913978495,94.4052152502695,34.2325217461563,26.3655913978495
2022-06-08,130482,150,100528,100,29954,50,108751,116,563109,324,671860,440,0,1402,0,2760,1412,0,"Knox County",470313,191.574547163272,0.266556291390728,93.5547178155824,31.8936538007667,26.6556291390728
2022-06-07,130332,121,100428,70,29904,51,108635,71,562785,169,671420,240,0,1402,0,2760,1412,0,"Knox County",470313,181.155953588355,0.261531766753699,51.0298460812268,25.7275473992852,26.1531766753699
2022-06-06,130211,116,100358,79,29853,37,108564,81,562616,280,671180,361,0,1402,1,2760,1412,0,"Knox County",470313,180.943329229683,0.250615258408532,76.7573934805119,24.6644256059263,25.0615258408532
2022-06-05,130095,75,100279,54,29816,21,108483,57,562336,233,670819,290,3,1402,1,2759,1412,0,"Knox County",470313,180.092831794996,0.243041944335555,61.6610640148157,15.9468269003834,24.3041944335555
2022-06-04,130020,86,100225,72,29795,14,108426,76,562103,300,670529,376,0,1399,0,2758,1412,1,"Knox County",470313,176.690842056248,0.231300345224396,79.9467588605886,18.2856948457729,23.1300345224396
2022-06-03,129934,132,100153,90,29781,42,108350,96,561803,346,670153,442,0,1399,1,2758,1411,3,"Knox County",470313,178.817085642965,0.235634400308523,93.9799665329259,28.0664153446747,23.5634400308523
2022-06-02,129802,114,100063,88,29739,26,108254,96,561457,284,669711,380,0,1399,0,2757,1408,0,"Knox County",470313,168.823740785392,0.234480031633057,80.7972562952757,24.2391768885827,23.4480031633057
2022-06-01,129688,169,99975,90,29713,79,108158,105,561173,303,669331,408,1,1399,1,2757,1408,0,"Knox County",470313,172.863603600156,0.233079695634762,86.7507383380855,35.9335166155305,23.3079695634762
2022-05-31,129519,129,99885,94,29634,35,108053,96,560870,214,668923,310,0,1398,2,2756,1408,0,"Knox County",470313,174.56459846953,0.236462797039346,65.9135511882512,27.4285422686594,23.6462797039346
2022-05-30,129390,57,99791,32,29599,25,107957,36,560656,118,668613,154,0,1398,3,2754,1408,0,"Knox County",470313,162.019761307895,0.238135593220339,32.7441512354538,12.1195884442914,23.8135593220339
2022-05-29,129333,56,99759,43,29574,13,107921,46,560538,200,668459,246,0,1398,0,2751,1408,1,"Knox County",470313,157.979898493131,0.237910189982729,52.3055922332574,11.9069640856196,23.7910189982729
2022-05-28,129277,69,99716,56,29561,13,107875,58,560338,229,668213,287,0,1398,0,2751,1407,0,"Knox County",470313,154.365284395711,0.23933542882802,61.0231909388003,14.6710807483527,23.933542882802
2022-05-27,129208,98,99660,66,29548,32,107817,67,560109,417,667926,484,2,1398,2,2751,1407,0,"Knox County",470313,147.13605620087,0.222124283825474,102.910189597141,20.8371871498343,22.2124283825474
2022-05-26,129110,102,99594,78,29516,24,107750,82,559692,367,667442,449,1,1396,3,2749,1407,1,"Knox County",470313,144.584563896809,0.209580838323353,95.4683370436284,21.6876845845214,20.9580838323353
2022-05-25,129008,108,99516,79,29492,29,107668,86,559325,264,666993,350,2,1395,0,2746,1406,1,"Knox County",470313,131.614478017831,0.206578947368421,74.4185255351224,22.963430736552,20.6578947368421
2022-05-24,128900,106,99437,68,29463,38,107582,73,559061,281,666643,354,0,1393,1,2746,1405,0,"Knox County",470313,126.72411776838,0.192771084337349,75.2690229698095,22.5381820192085,19.2771084337349
2022-05-23,128794,107,99369,71,29425,36,107509,70,558780,337,666289,407,1,1393,2,2745,1405,0,"Knox County",470313,137.355335701969,0.187039192859915,86.5381139794137,22.7508063778803,18.7039192859915
2022-05-22,128687,47,99298,38,29389,9,107439,40,558443,180,665882,220,1,1392,2,2743,1405,0,"Knox County",470313,135.441716473923,0.186593492747942,46.7773589077912,9.99334485757357,18.6593492747942
2022-05-21,128640,55,99260,45,29380,10,107399,49,558263,208,665662,257,0,1391,3,2741,1405,0,"Knox County",470313,132.464975452518,0.185243950813169,54.644460178647,11.6943397269478,18.5243950813169
2022-05-20,128585,87,99215,59,29370,28,107350,63,558055,225,665405,288,0,1391,1,2738,1405,0,"Knox County",470313,130.126107507128,0.199139784946237,61.2358152974721,18.4983192044447,19.9139784946237
2022-05-19,128498,95,99156,67,29342,28,107287,69,557830,254,665117,323,6,1391,1,2737,1405,0,"Knox County",470313,128.637736996426,0.204638472032742,68.6776678509843,20.1993140738189,20.4638472032742
2022-05-18,128403,82,99089,54,29314,28,107218,56,557576,239,664794,295,1,1385,1,2736,1405,0,"Knox County",470313,123.10950367096,0.19589552238806,62.7241858081746,17.4351974110858,19.589552238806
2022-05-17,128321,80,99035,51,29286,29,107162,54,557337,315,664499,369,2,1384,0,2735,1405,0,"Knox County",470313,117.581270345493,0.185734136174155,78.4583883498861,17.0099486937423,18.5734136174155
2022-05-16,128241,64,98984,40,29257,24,107108,39,557022,254,664130,293,0,1382,1,2735,1405,1,"Knox County",470313,108.438422922607,0.180929095354523,62.298937090831,13.6079589549938,18.0929095354523
2022-05-15,128177,39,98944,25,29233,14,107069,27,556768,174,663837,201,0,1382,1,2734,1404,0,"Knox County",470313,106.737428053233,0.176209279368213,42.7374960930274,8.29234998819935,17.6209279368213
2022-05-14,128138,29,98919,21,29219,8,107042,22,556594,145,663636,167,0,1382,1,2733,1404,0,"Knox County",470313,101.209194727766,0.170454545454545,35.508267898187,6.16610640148157,17.0454545454545
2022-05-13,128109,77,98898,55,29211,22,107020,58,556449,251,663469,309,-3,1382,0,2732,1404,1,"Knox County",470313,99.0829511410486,0.166070516096065,65.7009268295794,16.3720756177269,16.6070516096065
2022-05-12,128032,72,98843,45,29189,27,106962,49,556198,301,663160,350,1,1385,0,2732,1403,1,"Knox County",470313,94.1925908915977,0.153729838709677,74.4185255351224,15.308953824368,15.3729838709677
2022-05-11,127960,47,98798,33,29162,14,106913,35,555897,177,662810,212,0,1384,0,2732,1402,0,"Knox County",470313,86.7507383380855,0.149395055234087,45.076364038417,9.99334485757357,14.9395055234087
2022-05-10,127913,78,98765,40,29148,38,106878,43,555720,322,662598,365,1,1384,3,2732,1402,1,"Knox County",470313,86.3254896207419,0.143911439114391,77.607890915199,16.5846999763987,14.3911439114391
2022-05-09,127835,54,98725,31,29110,23,106835,32,555398,181,662233,213,0,1383,1,2729,1401,0,"Knox County",470313,84.1992460340242,0.146395156851954,45.2889883970888,11.481715368276,14.6395156851954
2022-05-08,127781,31,98694,23,29087,8,106803,24,555217,133,662020,157,0,1383,0,2728,1401,0,"Knox County",470313,82.4982511646499,0.148336153412296,33.3820243114692,6.59135511882512,14.8336153412296
2022-05-07,127750,17,98671,10,29079,7,106779,13,555084,174,661863,187,0,1383,0,2728,1401,0,"Knox County",470313,79.9467588605886,0.141662018962632,39.7607550716225,3.61461409742023,14.1662018962632
2022-05-06,127733,51,98661,30,29072,21,106766,34,554910,209,661676,243,0,1383,1,2728,1401,1,"Knox County",470313,74.4185255351224,0.13317892298784,51.6677191572421,10.8438422922607,13.317892298784
2022-05-05,127682,48,98631,31,29051,17,106732,34,554701,185,661433,219,1,1383,0,2727,1400,0,"Knox County",470313,69.3155409269997,0.134711779448622,46.5647345491194,10.2059692162454,13.4711779448622
2022-05-04,127634,54,98600,35,29034,19,106698,38,554516,249,661214,287,1,1382,0,2727,1400,0,"Knox County",470313,70.8039114377021,0.130460801915021,61.0231909388003,11.481715368276,13.0460801915021
2022-05-03,127580,34,98565,21,29015,13,106660,24,554267,145,660927,169,0,1381,0,2727,1400,1,"Knox County",470313,61.4484396561439,0.134915254237288,35.9335166155305,7.22922819484046,13.4915254237288
2022-05-02,127546,37,98544,28,29002,9,106636,32,554122,190,660758,222,3,1381,2,2727,1399,0,"Knox County",470313,57.8338255587237,0.134097035040431,47.2026076251348,7.86710127085579,13.4097035040431
2022-05-01,127509,14,98516,9,28993,5,106604,9,553932,82,660536,91,0,1378,0,2725,1399,0,"Knox County",470313,54.2192114613034,0.129760225669958,19.3488166391318,2.97674102140489,12.9760225669958
2022-04-30,127495,19,98507,14,28988,5,106595,15,553850,141,660445,156,0,1378,0,2725,1399,0,"Knox County",470313,54.644460178647,0.134102379235761,33.1693999527974,4.03986281476378,13.4102379235761
2022-04-29,127476,24,98493,14,28983,10,106580,13,553709,200,660289,213,0,1378,0,2725,1399,1,"Knox County",470313,48.903602494509,0.121591746499632,45.2889883970888,5.10298460812268,12.1591746499632
2022-04-28,127452,32,98479,25,28973,7,106567,26,553509,226,660076,252,1,1378,0,2725,1398,0,"Knox County",470313,45.5016127557605,0.11294964028777,53.5813383852881,6.8039794774969,11.294964028777
2022-04-27,127420,34,98454,24,28966,10,106541,26,553283,181,659824,207,0,1377,0,2725,1398,0,"Knox County",470313,41.249125582325,0.110687022900763,44.0132422450581,7.22922819484046,11.0687022900763
2022-04-26,127386,39,98430,21,28956,18,106515,21,553102,240,659617,261,0,1377,0,2725,1398,0,"Knox County",470313,42.3122473756839,0.101283880171184,55.4949576133341,8.29234998819935,10.1283880171184
2022-04-25,127347,61,98409,16,28938,45,106494,17,552862,101,659356,118,0,1377,2,2725,1398,1,"Knox County",470313,47.4152319838065,0.0978428351309707,25.0896743232698,12.9700858789785,9.78428351309707
2022-04-24,127286,15,98393,11,28893,4,106477,12,552761,148,659238,160,1,1377,0,2723,1397,1,"Knox County",470313,47.6278563424783,0.0950987564008778,34.0198973874845,3.18936538007667,9.50987564008778
2022-04-23,127271,12,98382,5,28889,7,106465,7,552613,197,659078,204,0,1376,0,2723,1396,0,"Knox County",470313,46.1394858317759,0.0862190812720848,43.3753691690427,2.55149230406134,8.62190812720848
2022-04-22,127259,25,98377,18,28882,7,106458,20,552416,210,658874,230,0,1376,0,2723,1396,0,"Knox County",470313,46.3521101904476,0.0900837988826816,48.903602494509,5.31560896679445,9.00837988826816
2022-04-21,127234,32,98359,23,28875,9,106438,23,552206,231,658644,254,0,1376,0,2723,1396,0,"Knox County",470313,46.3521101904476,0.0878661087866109,54.0065871026317,6.8039794774969,8.78661087866109
2022-04-20,127202,55,98336,32,28866,23,106415,34,551975,247,658390,281,1,1376,0,2723,1396,1,"Knox County",470313,50.817221722555,0.0888594164456233,59.7474447867697,11.6943397269478,8.88594164456233
2022-04-19,127147,29,98304,16,28843,13,106381,17,551728,151,658109,168,0,1375,0,2723,1395,0,"Knox County",470313,48.6909781358372,0.0918727915194346,35.7208922568587,6.16610640148157,9.18727915194346
2022-04-18,127118,38,98288,21,28830,17,106364,21,551577,117,657941,138,0,1375,1,2723,1395,0,"Knox County",470313,43.8006178863863,0.0933797909407666,29.3421614967054,8.07972562952757,9.33797909407665
2022-04-17,127080,16,98267,10,28813,6,106343,9,551460,101,657803,110,0,1375,0,2722,1395,1,"Knox County",470313,44.0132422450581,0.0945848375451264,23.3886794538956,3.40198973874845,9.45848375451263
2022-04-16,127064,10,98257,10,28807,0,106334,12,551359,126,657693,138,0,1375,0,2722,1394,0,"Knox County",470313,43.5879935277145,0.103108415466262,29.3421614967054,2.12624358671778,10.3108415466262
2022-04-15,127054,18,98247,13,28807,5,106322,13,551233,198,657555,211,0,1375,0,2722,1394,0,"Knox County",470313,42.0996230170121,0.0992307692307692,44.8637396797452,3.82723845609201,9.92307692307692
2022-04-14,127036,18,98234,5,28802,13,106309,6,551035,158,657344,164,1,1375,0,2722,1394,1,"Knox County",470313,39.1228819956072,0.0925619834710744,34.8703948221716,3.82723845609201,9.25619834710744
2022-04-13,127018,39,98229,26,28789,13,106303,28,550877,209,657180,237,-1,1374,0,2722,1393,1,"Knox County",470313,35.7208922568587,0.0909090909090909,50.3919730052114,8.29234998819935,9.09090909090909
2022-04-12,126979,23,98203,6,28776,17,106275,8,550668,192,656943,200,5,1375,0,2722,1392,0,"Knox County",470313,34.4451461048281,0.0809682804674457,42.5248717343556,4.8903602494509,8.09682804674457
2022-04-11,126956,22,98197,13,28759,9,106267,13,550476,173,656743,186,1,1370,2,2722,1392,1,"Knox County",470313,31.0431563660796,0.0714285714285714,39.5481307129507,4.67773589077912,7.14285714285714
2022-04-10,126934,9,98184,7,28750,2,106254,7,550303,110,656557,117,0,1369,1,2720,1391,0,"Knox County",470313,29.5547858553772,0.0694333599361532,24.877049964598,1.913619228046,6.94333599361532
2022-04-09,126925,7,98177,5,28748,2,106247,5,550193,148,656440,153,0,1369,0,2719,1391,0,"Knox County",470313,28.9169127793618,0.0630914826498423,32.5315268767821,1.48837051070245,6.30914826498423
2022-04-08,126918,18,98172,15,28746,3,106242,16,550045,176,656287,192,1,1369,0,2719,1391,0,"Knox County",470313,28.9169127793618,0.066453162530024,40.8238768649814,3.82723845609201,6.6453162530024
2022-04-07,126900,16,98157,7,28743,9,106226,10,549869,181,656095,191,5,1368,0,2719,1391,0,"Knox County",470313,28.4916640620183,0.0681818181818182,40.6112525063096,3.40198973874845,6.81818181818182
2022-04-06,126884,21,98150,14,28734,7,106216,16,549688,204,655904,220,-1,1363,0,2719,1391,2,"Knox County",470313,24.6644256059263,0.0595710881652105,46.7773589077912,4.46511153210734,5.95710881652105
2022-04-05,126863,15,98136,12,28727,3,106200,13,549484,198,655684,211,4,1364,0,2719,1389,2,"Knox County",470313,22.963430736552,0.062992125984252,44.8637396797452,3.18936538007667,6.2992125984252
2022-04-04,126848,16,98124,5,28724,11,106187,7,549286,158,655473,165,8,1360,2,2719,1387,0,"Knox County",470313,21.6876845845214,0.0592473979183347,35.0830191808434,3.40198973874845,5.92473979183347
2022-04-03,126832,5,98119,4,28713,1,106180,3,549128,75,655308,78,1,1352,0,2717,1387,1,"Knox County",470313,20.8371871498343,0.0578512396694215,16.5846999763987,1.06312179335889,5.78512396694215
2022-04-02,126827,2,98115,2,28712,0,106177,3,549053,116,655230,119,0,1351,0,2717,1386,1,"Knox County",470313,19.7740653564754,0.0578231292517007,25.3022986819416,0.425248717343556,5.78231292517007
2022-04-01,126825,19,98113,8,28712,11,106174,8,548937,231,655111,239,4,1351,0,2717,1385,0,"Knox County",470313,19.9866897151471,0.0490596892886345,50.817221722555,4.03986281476378,4.90596892886345
2022-03-31,126806,17,98105,7,28701,10,106166,8,548706,238,654872,246,3,1347,0,2717,1385,0,"Knox County",470313,20.1993140738189,0.0453834115805947,52.3055922332574,3.61461409742023,4.53834115805947
2022-03-30,126789,22,98098,10,28691,12,106158,9,548468,256,654626,265,0,1344,1,2717,1385,0,"Knox County",470313,20.4119384324907,0.0385487528344671,56.3454550480212,4.67773589077912,3.85487528344671
2022-03-29,126767,20,98088,8,28679,12,106149,9,548212,192,654361,201,2,1344,0,2716,1385,3,"Knox County",470313,21.4750602258496,0.0357958872810358,42.7374960930274,4.25248717343556,3.57958872810358
2022-03-28,126747,19,98080,12,28667,7,106140,16,548020,332,654160,348,3,1342,0,2716,1382,0,"Knox County",470313,22.1129333018649,0.0374331550802139,73.9932768177788,4.03986281476378,3.74331550802139
2022-03-27,126728,4,98068,3,28660,1,106124,3,547688,73,653812,76,0,1339,0,2716,1382,1,"Knox County",470313,21.9003089431931,0.037483266398929,16.1594512590551,0.850497434687113,3.7483266398929
2022-03-26,126724,8,98065,5,28659,3,106121,5,547615,166,653736,171,0,1339,1,2716,1381,1,"Knox County",470313,23.1760550952238,0.03751617076326,36.3587653328741,1.70099486937423,3.751617076326
2022-03-25,126716,14,98060,7,28656,7,106116,8,547449,244,653565,252,0,1339,1,2715,1380,1,"Knox County",470313,22.1129333018649,0.0372033354714561,53.5813383852881,2.97674102140489,3.72033354714561
2022-03-24,126702,56,98053,9,28649,47,106108,10,547205,187,653313,197,1,1339,0,2714,1379,2,"Knox County",470313,30.4052832900643,0.0397350993377483,41.8869986583403,11.9069640856196,3.97350993377483
2022-03-23,126646,11,98044,6,28602,5,106098,6,547018,201,653116,207,0,1338,0,2714,1377,1,"Knox County",470313,28.0664153446747,0.0392561983471074,44.0132422450581,2.33886794538956,3.92561983471074
2022-03-22,126635,16,98038,11,28597,5,106092,11,546817,150,652909,161,0,1338,1,2714,1376,4,"Knox County",470313,27.2159179099876,0.0417847025495751,34.2325217461563,3.40198973874845,4.17847025495751
2022-03-21,126619,12,98027,6,28592,6,106081,6,546667,125,652748,131,7,1338,1,2713,1372,0,"Knox County",470313,25.7275473992852,0.0410041841004184,27.8537909860029,2.55149230406134,4.10041841004184
2022-03-20,126607,11,98021,8,28586,3,106075,10,546542,98,652617,108,1,1331,0,2712,1372,0,"Knox County",470313,27.2159179099876,0.045639771801141,22.963430736552,2.33886794538956,4.5639771801141
2022-03-19,126596,11,98013,10,28583,1,106065,11,546444,175,652509,186,0,1330,0,2712,1372,0,"Knox County",470313,27.8537909860029,0.0499194847020934,39.5481307129507,2.33886794538956,4.99194847020934
2022-03-18,126585,24,98003,15,28582,9,106054,14,546269,219,652323,233,0,1330,1,2712,1372,2,"Knox County",470313,29.9800345727207,0.0556009811937858,49.5414755705243,5.10298460812268,5.56009811937858
2022-03-17,126561,36,97988,25,28573,11,106040,31,546050,209,652090,240,1,1330,0,2711,1370,2,"Knox County",470313,25.7275473992852,0.0703001579778831,51.0298460812268,7.65447691218401,7.03001579778831
2022-03-16,126525,21,97963,8,28562,13,106009,12,545841,236,651850,248,3,1329,2,2711,1368,2,"Knox County",470313,27.8537909860029,0.0726855394032135,52.730840950601,4.46511153210734,7.26855394032135
2022-03-15,126504,55,97955,18,28549,37,105997,19,545605,257,651602,276,1,1326,1,2709,1366,2,"Knox County",470313,36.1461409742023,0.0724331926863572,58.6843229934108,11.6943397269478,7.24331926863572
2022-03-14,126449,21,97937,16,28512,5,105978,22,545348,228,651326,250,10,1325,0,2708,1364,3,"Knox County",470313,38.0597602022483,0.0772225827384815,53.1560896679445,4.46511153210734,7.72225827384815
2022-03-13,126428,5,97921,5,28507,0,105956,10,545120,484,651076,494,2,1315,0,2708,1361,1,"Knox County",470313,36.7840140502176,0.0617540217955371,105.036433183858,1.06312179335889,6.17540217955371
2022-03-12,126423,9,97916,8,28507,1,105946,9,544636,293,650582,302,0,1313,3,2708,1360,2,"Knox County",470313,36.3587653328741,0.0572687224669604,64.212556318877,1.913619228046,5.72687224669604
2022-03-11,126414,20,97908,13,28506,7,105937,15,544343,467,650280,482,9,1313,0,2705,1358,4,"Knox County",470313,35.508267898187,0.0514834205933682,102.484940879797,4.25248717343556,5.14834205933682
2022-03-10,126394,28,97895,20,28499,8,105922,23,543876,459,649798,482,4,1304,1,2705,1354,2,"Knox County",470313,33.8072730288127,0.0434096290449882,102.484940879797,5.95348204280979,4.34096290449882
2022-03-09,126366,64,97875,20,28491,44,105899,23,543417,419,649316,442,1,1300,2,2704,1352,2,"Knox County",470313,42.9501204516992,0.0443548387096774,93.9799665329259,13.6079589549938,4.43548387096774
2022-03-08,126302,35,97855,18,28447,17,105876,19,542998,311,648874,330,1,1299,1,2702,1350,3,"Knox County",470313,38.6976332782636,0.0434938892882818,70.1660383616868,7.44185255351224,4.34938892882818
2022-03-07,126267,26,97837,21,28430,5,105857,25,542687,267,648544,292,4,1298,2,2701,1347,0,"Knox County",470313,39.7607550716225,0.0439093484419263,62.0863127321592,5.52823332546623,4.39093484419263
2022-03-06,126241,14,97816,11,28425,3,105832,13,542420,212,648252,225,2,1294,2,2699,1347,0,"Knox County",470313,41.6743742996685,0.049706457925636,47.8404807011501,2.97674102140489,4.9706457925636
2022-03-05,126227,19,97805,10,28422,9,105819,11,542208,266,648027,277,0,1292,1,2697,1347,2,"Knox County",470313,43.8006178863863,0.0509881422924901,58.8969473520825,4.03986281476378,5.09881422924901
2022-03-04,126208,53,97795,29,28413,24,105808,30,541942,380,647750,410,1,1292,1,2696,1345,2,"Knox County",470313,50.817221722555,0.0585842148087876,87.175987055429,11.2690910096042,5.85842148087876
2022-03-03,126155,45,97766,29,28389,16,105778,34,541562,326,647340,360,8,1291,4,2695,1343,2,"Knox County",470313,54.4318358199752,0.0663527397260274,76.5447691218401,9.56809614023002,6.63527397260274
2022-03-02,126110,37,97737,29,28373,8,105744,36,541236,338,646980,374,-2,1283,1,2691,1341,7,"Knox County",470313,48.6909781358372,0.0740740740740741,79.521510143245,7.86710127085579,7.40740740740741
2022-03-01,126073,91,97708,48,28365,43,105708,60,540898,391,646606,451,3,1285,3,2690,1334,2,"Knox County",470313,60.5979422214568,0.0874843030556718,95.893585760972,19.3488166391318,8.74843030556718
2022-02-28,125982,132,97660,88,28322,44,105648,96,540507,549,646155,645,10,1282,4,2687,1332,5,"Knox County",470313,83.1361242406653,0.102115244347192,137.142711343297,28.0664153446747,10.2115244347192
2022-02-27,125850,3,97572,3,28278,0,105552,5,539958,75,645510,80,1,1272,1,2683,1327,5,"Knox County",470313,80.7972562952757,0.104736234116288,17.0099486937423,0.637873076015334,10.4736234116288
2022-02-26,125847,46,97569,32,28278,14,105547,35,539883,275,645430,310,0,1271,2,2682,1322,0,"Knox County",470313,86.5381139794137,0.11254752851711,65.9135511882512,9.7807204989018,11.254752851711
2022-02-25,125801,105,97537,66,28264,39,105512,74,539608,406,645120,480,2,1271,5,2680,1322,6,"Knox County",470313,97.5945806303462,0.125925925925926,102.059692162454,22.3255576605367,12.5925925925926
2022-02-24,125696,142,97471,84,28225,58,105438,94,539202,463,644640,557,1,1269,4,2675,1316,3,"Knox County",470313,118.219143421509,0.138073869520193,118.43176778018,30.1926589313925,13.8073869520193
2022-02-23,125554,142,97387,96,28167,46,105344,115,538739,413,644083,528,6,1268,1,2671,1313,4,"Knox County",470313,140.544701082045,0.156997705670272,112.265661378699,30.1926589313925,15.6997705670272
2022-02-22,125412,142,97291,87,28121,55,105229,100,538326,356,643555,456,11,1262,7,2670,1309,3,"Knox County",470313,151.388543374306,0.169829842931937,96.9567075543308,30.1926589313925,16.9829842931937
2022-02-21,125270,72,97204,47,28066,25,105129,50,537970,290,643099,340,0,1251,1,2663,1306,5,"Knox County",470313,138.631081853999,0.171937477280989,72.2922819484046,15.308953824368,17.1937477280989
2022-02-20,125198,72,97157,48,28041,24,105079,57,537680,289,642759,346,0,1251,1,2662,1301,2,"Knox County",470313,153.302162602352,0.174013921113689,73.5680281004352,15.308953824368,17.4013921113689
2022-02-19,125126,89,97109,54,28017,35,105022,68,537391,322,642413,390,0,1251,1,2661,1299,4,"Knox County",470313,162.445010025239,0.180174362286083,82.9234998819935,18.9235679217883,18.0174362286083
2022-02-18,125037,140,97055,92,27982,48,104954,113,537069,498,642023,611,0,1251,3,2660,1295,4,"Knox County",470313,169.886862578751,0.184944237918216,129.913483148456,29.7674102140489,18.4944237918216
2022-02-17,124897,272,96963,210,27934,62,104841,254,536571,1208,641412,1462,1,1251,2,2657,1291,2,"Knox County",470313,197.528029206082,0.183159932252601,310.85681237814,57.8338255587237,18.3159932252601
2022-02-16,124625,224,96753,145,27872,79,104587,160,535363,546,639950,706,3,1250,3,2655,1289,3,"Knox County",470313,214.963226617168,0.186035722570169,150.112797222275,47.6278563424783,18.6035722570169
2022-02-15,124401,272,96608,214,27793,58,104427,241,534817,592,639244,833,5,1247,6,2652,1286,4,"Knox County",470313,242.604393244499,0.201151877133106,177.116090773591,57.8338255587237,20.1151877133106
2022-02-14,124129,340,96394,204,27735,136,104186,245,534225,602,638411,847,19,1242,8,2646,1282,1,"Knox County",470313,299.587721368535,0.219056785370549,180.092831794996,72.2922819484046,21.9056785370549
2022-02-13,123789,119,96190,100,27599,19,103941,116,533623,283,637564,399,1,1223,1,2638,1281,3,"Knox County",470313,309.581066226109,0.228086890243902,84.8371191100395,25.3022986819416,22.8086890243902
2022-02-12,123670,153,96090,109,27580,44,103825,127,533340,414,637165,541,0,1222,3,2637,1278,6,"Knox County",470313,323.189025181103,0.232635673272828,115.029778041432,32.5315268767821,23.2635673272828
2022-02-11,123517,340,95981,251,27536,89,103698,280,532926,631,636624,911,3,1222,10,2634,1272,5,"Knox County",470313,365.713896915458,0.249692928583962,193.70079074999,72.2922819484046,24.9692928583962
2022-02-10,123177,421,95730,273,27447,148,103418,302,532295,555,635713,857,7,1219,12,2624,1267,3,"Knox County",470313,397.394926357553,0.288771103258736,182.219075381714,89.5148550008186,28.8771103258736
2022-02-09,122756,437,95457,306,27299,131,103116,370,531740,606,634856,976,8,1212,4,2612,1264,6,"Knox County",470313,442.683914754642,0.313385533184191,207.521374063655,92.916844739567,31.3385533184191
2022-02-08,122319,453,95151,332,27168,121,102746,390,531134,462,633880,852,6,1204,8,2608,1258,12,"Knox County",470313,481.168923674234,0.339959130596322,181.155953588355,96.3188344783155,33.9959130596322
2022-02-07,121866,588,94819,409,27047,179,102356,441,530672,624,633028,1065,10,1198,11,2600,1246,5,"Knox County",470313,533.899764624835,0.361721121228352,226.444941985444,125.023122899006,36.1721121228352
2022-02-06,121278,251,94410,185,26868,66,101915,214,530048,435,631963,649,0,1188,13,2589,1241,5,"Knox County",470313,561.96617996951,0.363014869253119,137.993208777984,53.3687140266163,36.3014869253119
2022-02-05,121027,269,94225,192,26802,77,101701,220,529613,496,631314,716,0,1188,7,2576,1236,11,"Knox County",470313,586.630605575436,0.367905741785596,152.239040808993,57.1959524827083,36.7905741785596
2022-02-04,120758,648,94033,509,26725,139,101481,580,529117,963,630598,1543,3,1188,3,2569,1225,0,"Knox County",470313,652.118908046344,0.378041453890057,328.079385430554,137.780584419312,37.8041453890057
2022-02-03,120110,1639,93524,501,26586,1138,100901,504,528154,741,629055,1245,1,1185,13,2566,1225,2,"Knox County",470313,911.095376908569,0.385892705080897,264.717326546364,348.491323863044,38.5892705080897
2022-02-02,118471,716,93023,537,25448,179,100397,602,527413,904,627810,1506,7,1184,6,2553,1223,9,"Knox County",470313,970.417572977996,0.389519535374868,320.212284159698,152.239040808993,38.9519535374868
2022-02-01,117755,933,92486,735,25269,198,99795,831,526509,1139,626304,1970,5,1177,12,2547,1214,7,"Knox County",470313,1072.47726514045,0.390154129284564,418.869986583403,198.378526640769,39.0154129284564
2022-01-31,116822,714,91751,518,25071,196,98964,522,525370,605,624334,1127,11,1172,13,2535,1207,2,"Knox County",470313,1099.26793433309,0.396642302421197,239.627652223094,151.81379209165,39.6642302421197
2022-01-30,116108,387,91233,319,24875,68,98442,336,524765,569,623207,905,1,1161,7,2522,1205,6,"Knox County",470313,1128.18484711245,0.398912561029738,192.425044597959,82.2856268059781,39.8912561029738
2022-01-29,115721,677,90914,588,24807,89,98106,644,524196,912,622302,1556,0,1160,5,2515,1199,3,"Knox County",470313,1214.93558545054,0.407937474624442,330.843502093287,143.946690820794,40.7937474624442
2022-01-28,115044,932,90326,770,24718,162,97462,832,523284,1040,620746,1872,3,1160,15,2510,1196,6,"Knox County",470313,1275.32090331333,0.419506924663589,398.032799433569,198.165902282097,41.9506924663589
2022-01-27,114112,1428,89556,1198,24556,230,96630,1272,522244,1472,618874,2744,7,1157,13,2495,1190,8,"Knox County",470313,1230.45716363358,0.431421232876712,583.441240195359,303.627584183299,43.1421232876712
2022-01-26,112684,993,88358,802,24326,191,95358,850,520772,965,616130,1815,4,1150,4,2482,1182,8,"Knox County",470313,1289.35411098566,0.440987571940946,385.913210989277,211.135988161076,44.0987571940946
2022-01-25,111691,1019,87556,767,24135,252,94508,803,519807,930,614315,1733,7,1146,11,2478,1174,6,"Knox County",470313,1307.63980583144,0.447498298162015,368.478013578192,216.664221486542,44.7498298162015
2022-01-24,110672,1318,86789,1082,23883,236,93705,1161,518877,1550,612582,2711,13,1139,15,2467,1168,5,"Knox County",470313,1436.06491846919,0.442261547690462,576.424636359191,280.238904729404,44.2261547690462
2022-01-23,109354,768,85707,679,23647,89,92544,709,517327,818,609871,1527,0,1126,7,2452,1163,10,"Knox County",470313,1517.07479912314,0.449276400630463,324.677395691805,163.295507459926,44.9276400630463
2022-01-22,108586,901,85028,738,23558,163,91835,770,516509,1056,608344,1826,0,1126,14,2445,1153,3,"Knox County",470313,1564.70265546562,0.44960640989598,388.252078934667,191.574547163272,44.960640989598
2022-01-21,107685,1514,84290,1228,23395,286,91065,1289,515453,1348,606518,2637,1,1126,6,2431,1150,6,"Knox County",470313,1688.45003221259,0.457146668445274,560.690433817479,321.913279029072,45.7146668445274
2022-01-20,106171,1407,83062,1165,23109,242,89776,1214,514105,1152,603881,2366,11,1125,11,2425,1144,2,"Knox County",470313,1683.98492068048,0.465001710571331,503.069232617427,299.162472651192,46.5001710571331
2022-01-19,104764,1666,81897,1305,22867,361,88562,1342,512953,1331,601515,2673,4,1114,7,2414,1142,2,"Knox County",470313,1827.08111406659,0.471014024429652,568.344910729663,354.232181547182,47.1014024429652
2022-01-18,103098,1043,80592,663,22506,380,87220,691,511622,686,598842,1377,6,1110,7,2407,1140,4,"Knox County",470313,1832.18409867471,0.474697360587418,292.783741891039,221.767206094665,47.4697360587418
2022-01-17,102055,1090,79929,859,22126,231,86529,903,510936,1279,597465,2182,7,1104,13,2400,1136,3,"Knox County",470313,1783.70574489755,0.474225390732109,463.94635062182,231.760550952238,47.4225390732109
2022-01-16,100965,769,79070,689,21895,80,85626,716,509657,1073,595283,1789,0,1097,7,2387,1133,4,"Knox County",470313,1783.91836925622,0.466329966329966,380.384977663811,163.508131818597,46.6329966329966
2022-01-15,100196,750,78381,597,21815,153,84910,626,508584,816,593494,1442,1,1097,12,2380,1129,2,"Knox County",470313,1751.81209109678,0.468754320475598,306.604325204704,159.468269003834,46.8754320475598
2022-01-14,99446,1302,77784,1049,21662,253,84284,1094,507768,1188,592052,2282,6,1096,10,2368,1127,6,"Knox County",470313,1706.73572705836,0.466728084473106,485.208786488998,276.836914990655,46.6728084473106
2022-01-13,98144,1399,76735,1053,21409,346,83190,1104,506580,1401,589770,2505,6,1090,11,2358,1121,6,"Knox County",470313,1705.03473218899,0.454456140350877,532.624018472804,297.461477781818,45.4456140350877
2022-01-12,96745,1165,75682,887,21063,278,82086,935,505179,1058,587265,1993,1,1084,4,2347,1115,0,"Knox County",470313,1598.50992849443,0.447236551215917,423.760346832854,247.707377852622,44.7236551215917
2022-01-11,95580,1364,74795,1060,20785,304,81151,1094,504121,1283,585272,2377,2,1083,10,2343,1115,3,"Knox County",470313,1666.76234762807,0.444200411805079,505.408100562817,290.019625228305,44.4200411805079
2022-01-10,94216,1000,73735,685,20481,315,80057,714,502838,812,582895,1526,3,1081,5,2333,1112,1,"Knox County",470313,1647.62615534761,0.451559580278856,324.464771333133,212.624358671778,45.1559580278856
2022-01-09,93216,740,73050,627,20166,113,79343,664,502026,1205,581369,1869,5,1078,2,2328,1111,2,"Knox County",470313,1641.46004894613,0.445262255252251,397.394926357553,157.342025417116,44.5262255252251
2022-01-08,92476,622,72423,476,20053,146,78679,510,500821,912,579500,1422,0,1073,10,2326,1109,4,"Knox County",470313,1614.24413103614,0.437598397023043,302.351838031269,132.252351093846,43.7598397023043
2022-01-07,91854,965,71947,748,19907,217,78169,769,499909,1091,578078,1860,0,1073,7,2316,1105,0,"Knox County",470313,1542.58972216375,0.42724321133412,395.481307129507,205.182506118266,42.724321133412
2022-01-06,90889,1161,71199,741,19690,420,77400,780,498818,1010,576218,1790,2,1073,7,2309,1105,4,"Knox County",470313,1491.98512479987,0.425800420659033,380.597602022483,246.856880417934,42.5800420659032
2022-01-05,89728,1211,70458,898,19270,313,76620,942,497808,1255,574428,2197,1,1071,8,2302,1101,1,"Knox County",470313,1501.76584529877,0.419676405183652,467.135716001897,257.488098351523,41.9676405183652
2022-01-04,88517,921,69560,575,18957,346,75678,566,496553,1040,572231,1606,0,1070,6,2294,1100,5,"Knox County",470313,1407.57325440717,0.403015484922575,341.474720026876,195.827034336708,40.3015484922575
2022-01-03,87596,713,68985,537,18611,176,75112,504,495513,820,570625,1324,6,1070,6,2288,1095,2,"Knox County",470313,1346.55006346837,0.392359960225389,281.514650881434,151.601167732978,39.2359960225389
2022-01-02,86883,289,68448,207,18435,82,74608,265,494693,651,569301,916,3,1064,9,2282,1093,4,"Knox County",470313,1250.6564777074,0.390103463787674,194.763912543349,61.4484396561439,39.0103463787674
2022-01-01,86594,265,68241,217,18353,48,74343,237,494042,767,568385,1004,0,1061,15,2273,1089,0,"Knox County",470313,1174.74958166157,0.379826119472749,213.474856106465,56.3454550480212,37.9826119472749
2021-12-31,86329,591,68024,429,18305,162,74106,470,493275,1008,567381,1478,0,1061,5,2258,1089,3,"Knox County",470313,1095.22807151833,0.36490547746001,314.258802116888,125.660995975021,36.490547746001
2021-12-30,85738,579,67595,402,18143,177,73636,403,492267,918,565903,1321,2,1061,6,2253,1086,2,"Knox County",470313,971.480694771354,0.343997562461913,280.876777805419,123.10950367096,34.3997562461914
2021-12-29,85159,631,67193,476,17966,155,73233,503,491349,1195,564582,1698,1,1059,5,2247,1084,2,"Knox County",470313,848.158566741723,0.315395314004493,361.036161024679,134.165970321892,31.5395314004493
2021-12-28,84528,427,66717,260,17811,167,72730,281,490154,977,562884,1258,1,1058,5,2242,1082,0,"Knox County",470313,743.122133557865,0.295921769085454,267.481443209097,90.7906011528493,29.5921769085454
2021-12-27,84101,313,66457,233,17644,80,72449,254,489177,905,561626,1159,2,1057,1,2237,1082,1,"Knox County",470313,658.072390089153,0.273149196287073,246.431631700591,66.5514242642666,27.3149196287073
2021-12-26,83788,61,66224,49,17564,12,72195,60,488272,426,560467,486,7,1055,1,2236,1081,0,"Knox County",470313,609.594036311988,0.26273203236554,103.335438314484,12.9700858789785,26.273203236554
2021-12-25,83727,85,66175,63,17552,22,72135,74,487846,489,559981,563,1,1048,1,2235,1081,0,"Knox County",470313,571.321651751068,0.256812759010423,119.707513932211,18.0730704871011,25.6812759010423
2021-12-24,83642,175,66112,124,17530,51,72061,138,487357,848,559418,986,0,1047,2,2234,1081,0,"Knox County",470313,482.869918543608,0.229286574755722,209.647617650373,37.2092627675612,22.9286574755722
2021-12-23,83467,218,65988,159,17479,59,71923,166,486509,959,558432,1125,5,1047,5,2232,1081,1,"Knox County",470313,406.112525063096,0.202886597938144,239.20240350575,46.3521101904476,20.2886597938144
2021-12-22,83249,175,65829,102,17420,73,71757,101,485550,812,557307,913,46,1042,10,2227,1080,2,"Knox County",470313,309.155817508765,0.165485362095532,194.126039467333,37.2092627675612,16.5485362095532
2021-12-21,83074,176,65727,123,17347,53,71656,120,484738,912,556394,1032,3,996,6,2217,1078,2,"Knox County",470313,255.787103482149,0.145753512132822,219.428338149275,37.421887126233,14.5753512132822
2021-12-20,82898,113,65604,79,17294,34,71536,84,483826,622,555362,706,1,993,3,2211,1076,1,"Knox County",470313,213.262231747793,0.127860953364309,150.112797222275,24.0265525299109,12.7860953364309
2021-12-19,82785,69,65525,49,17260,20,71452,58,483204,556,554656,614,3,992,6,2208,1075,1,"Knox County",470313,214.963226617168,0.12476847954201,130.551356224472,14.6710807483527,12.476847954201
2021-12-18,82716,88,65476,57,17240,31,71394,65,482648,660,554042,725,0,989,3,2202,1074,2,"Knox County",470313,215.601099693183,0.119980331093263,154.152660037039,18.7109435631165,11.9980331093263
2021-12-17,82628,118,65419,76,17209,42,71329,83,481988,1034,553317,1117,2,989,6,2199,1072,2,"Knox County",470313,203.481511248892,0.108632862644416,237.501408636376,25.0896743232698,10.8632862644416
2021-12-16,82510,138,65343,107,17167,31,71246,108,480954,661,552200,769,2,987,3,2193,1070,2,"Knox County",470313,186.471562555149,0.105343771272975,163.508131818597,29.3421614967054,10.5343771272975
2021-12-15,82372,156,65236,113,17136,43,71138,125,480293,841,551431,966,0,985,5,2190,1068,3,"Knox County",470313,182.431699740386,0.108449991566875,205.395130476938,33.1693999527974,10.8449991566875
2021-12-14,82216,98,65123,59,17093,39,71013,63,479452,811,550465,874,3,985,4,2185,1065,3,"Knox County",470313,165.846999763987,0.101542193727257,185.833689479134,20.8371871498343,10.1542193727257
2021-12-13,82118,111,65064,75,17054,36,70950,79,478641,627,549591,706,4,982,3,2181,1062,0,"Knox County",470313,165.421751046643,0.100675792756888,150.112797222275,23.6013038125674,10.0675792756888
2021-12-12,82007,54,64989,29,17018,25,70871,41,478014,493,548885,534,6,978,5,2178,1062,1,"Knox County",470313,162.232385666567,0.099103848181339,113.54140753073,11.481715368276,9.9103848181339
2021-12-11,81953,65,64960,45,16993,20,70830,51,477521,541,548351,592,0,972,1,2173,1061,3,"Knox County",470313,157.342025417116,0.0989564591579705,125.873620333693,13.8205833136656,9.89564591579705
2021-12-10,81888,84,64915,48,16973,36,70779,57,476980,855,547759,912,0,972,3,2172,1058,2,"Knox County",470313,150.112797222275,0.0978890341864375,193.913415108662,17.8604461284294,9.78890341864375
2021-12-09,81804,164,64867,96,16937,68,70722,107,476125,1017,546847,1124,3,972,2,2169,1056,1,"Knox County",470313,155.641030547742,0.0916257883672039,238.989779147079,34.8703948221716,9.16257883672039
2021-12-08,81640,130,64771,67,16869,63,70615,65,475108,751,545723,816,0,969,7,2167,1055,1,"Knox County",470313,150.112797222275,0.0833033465275279,173.501476676171,27.6411666273312,8.33033465275279
2021-12-07,81510,126,64704,69,16806,57,70550,76,474357,631,544907,707,2,969,2,2160,1054,0,"Knox County",470313,156.066279265085,0.0882953069931367,150.325421580947,26.790669192644,8.82953069931367
2021-12-06,81384,148,64635,107,16749,41,70474,115,473726,759,544200,874,8,967,4,2158,1054,3,"Knox County",470313,163.933380535941,0.0921028962043533,185.833689479134,31.4684050834232,9.21028962043533
2021-12-05,81236,43,64528,28,16708,15,70359,33,472967,342,543326,375,2,959,1,2154,1051,0,"Knox County",470313,161.594512590551,0.0933333333333333,79.7341345019168,9.14284742288646,9.33333333333333
2021-12-04,81193,69,64500,50,16693,19,70326,55,472625,499,542951,554,0,957,3,2153,1051,2,"Knox County",470313,162.445010025239,0.0947407683700112,117.793894704165,14.6710807483527,9.47407683700112
2021-12-03,81124,147,64450,103,16674,44,70271,108,472126,1009,542397,1117,3,957,2,2150,1049,2,"Knox County",470313,175.840344621561,0.100413148913239,237.501408636376,31.2557807247514,10.0413148913239
2021-12-02,80977,133,64347,86,16630,47,70163,85,471117,794,541280,879,0,954,4,2148,1047,2,"Knox County",470313,169.248989502735,0.100901916572717,186.896811272493,28.2790397033465,10.0901916572717
2021-12-01,80844,184,64261,141,16583,43,70078,146,470323,1008,540401,1154,4,954,7,2144,1045,1,"Knox County",470313,180.730704871011,0.109187279151943,245.368509907232,39.1228819956072,10.9187279151943
2021-11-30,80660,116,64120,67,16540,49,69932,68,469315,693,539247,761,3,950,6,2137,1044,3,"Knox County",470313,178.604461284294,0.106755337766888,161.807136949223,24.6644256059263,10.6755337766888
2021-11-29,80544,165,64053,128,16491,37,69864,139,468622,967,538486,1106,2,947,5,2131,1041,1,"Knox County",470313,182.219075381714,0.106626303397242,235.162540690987,35.0830191808434,10.6626303397242
2021-11-28,80379,33,63925,22,16454,11,69725,22,467655,270,537380,292,3,945,5,2126,1040,1,"Knox County",470313,180.092831794996,0.106259594064472,62.0863127321592,7.01660383616868,10.6259594064472
2021-11-27,80346,59,63903,31,16443,28,69703,32,467385,266,537088,298,0,942,1,2121,1039,2,"Knox County",470313,177.966588208278,0.107009095773141,63.3620588841899,12.5448371616349,10.7009095773141
2021-11-26,80287,20,63872,18,16415,2,69671,20,467119,298,536790,318,0,942,4,2120,1037,1,"Knox County",470313,150.963294656962,0.10648918469218,67.6145460576254,4.25248717343556,10.648918469218
2021-11-25,80267,51,63854,25,16413,26,69651,29,466821,331,536472,360,0,942,3,2116,1036,5,"Knox County",470313,133.528097245877,0.106318489158312,76.5447691218401,10.8438422922607,10.6318489158312
2021-11-24,80216,105,63829,66,16387,39,69622,73,466490,742,536112,815,0,942,3,2113,1031,4,"Knox County",470313,116.730772910806,0.0969620253164557,173.288852317499,22.3255576605367,9.69620253164557
2021-11-23,80111,99,63763,64,16348,35,69549,64,465748,674,535297,738,0,942,2,2110,1027,0,"Knox County",470313,113.116158813386,0.0965113318054494,156.916776699772,21.049811508506,9.65113318054494
2021-11-22,80012,107,63699,84,16313,23,69485,82,465074,740,534559,822,0,942,3,2108,1027,0,"Knox County",470313,100.783946010423,0.0883886906395828,174.777222828202,22.7508063778803,8.83886906395828
2021-11-21,79905,44,63615,32,16290,12,69403,37,464334,284,533737,321,0,942,2,2105,1027,2,"Knox County",470313,103.122813955812,0.0917755991285403,68.2524191336408,9.35547178155824,9.17755991285403
2021-11-20,79861,54,63583,37,16278,17,69366,44,464050,537,533416,581,0,942,1,2103,1025,1,"Knox County",470313,102.059692162454,0.0882427307206068,123.534752388303,11.481715368276,8.82427307206068
2021-11-19,79807,112,63546,83,16261,29,69322,81,463513,825,532835,906,0,942,0,2102,1024,0,"Knox County",470313,121.621133160257,0.0902487343165309,192.637668956631,23.8139281712392,9.02487343165309
2021-11-18,79695,81,63463,45,16232,36,69241,50,462688,937,531929,987,3,942,2,2102,1024,0,"Knox County",470313,127.99986392041,0.0833655705996132,209.860242009045,17.222573052414,8.33655705996132
2021-11-17,79614,105,63418,65,16196,40,69191,66,461751,833,530942,899,0,939,1,2100,1024,1,"Knox County",470313,127.99986392041,0.0807004187285877,191.149298445929,22.3255576605367,8.07004187285877
2021-11-16,79509,72,63353,50,16156,22,69125,67,460918,777,530043,844,0,939,2,2099,1023,3,"Knox County",470313,122.259006236272,0.0796641791044776,179.454958718981,15.308953824368,7.96641791044776
2021-11-15,79437,84,63303,45,16134,39,69058,34,460141,459,529199,493,3,939,0,2097,1020,0,"Knox County",470313,117.368645986822,0.0753329357980521,104.823808825187,17.8604461284294,7.53329357980521
2021-11-14,79353,72,63258,62,16095,10,69024,68,459682,624,528706,692,0,936,2,2097,1020,2,"Knox County",470313,123.322128029631,0.075897815623843,147.13605620087,15.308953824368,7.5897815623843
2021-11-13,79281,29,63196,13,16085,16,68956,12,459058,317,528014,329,0,936,2,2095,1018,0,"Knox County",470313,118.006519062837,0.0733980582524272,69.953414003015,6.16610640148157,7.33980582524272
2021-11-12,79252,66,63183,49,16069,17,68944,51,458741,687,527685,738,0,936,4,2093,1018,2,"Knox County",470313,108.225798563935,0.06985146527499,156.916776699772,14.0332076723374,6.985146527499
2021-11-11,79186,66,63134,46,16052,20,68893,54,458054,962,526947,1016,0,936,0,2089,1016,0,"Knox County",470313,105.036433183858,0.0702454599880263,216.026348410527,14.0332076723374,7.02454599880263
2021-11-10,79120,72,63088,49,16032,23,68839,68,457092,854,525931,922,1,936,2,2089,1016,0,"Knox County",470313,98.0198293476897,0.0703218116805721,196.039658695379,15.308953824368,7.03218116805721
2021-11-09,79048,103,63039,73,16009,30,68771,130,456238,1173,525009,1303,1,935,1,2087,1016,1,"Knox County",470313,104.611184466515,0.0759148006553796,277.049539349327,21.9003089431931,7.59148006553796
2021-11-08,78945,78,62966,58,15979,20,68641,70,455065,687,523706,757,6,934,1,2086,1015,3,"Knox County",470313,103.335438314484,0.0786868160500261,160.956639514536,16.5846999763987,7.86868160500261
2021-11-07,78867,30,62908,19,15959,11,68571,22,454378,390,522949,412,0,928,1,2085,1012,3,"Knox County",470313,94.4052152502695,0.074310754062443,87.6012357727726,6.37873076015334,7.4310754062443
2021-11-06,78837,41,62889,27,15948,14,68549,30,453988,453,522537,483,0,928,2,2084,1009,1,"Knox County",470313,96.9567075543308,0.0754750488367963,102.697565238469,8.7175987055429,7.54750488367963
2021-11-05,78796,52,62862,32,15934,20,68519,36,453535,605,522054,641,0,928,2,2082,1008,0,"Knox County",470313,93.9799665329259,0.0740874593422479,136.29221390861,11.0564666509325,7.40874593422479
2021-11-04,78744,68,62830,45,15914,23,68483,49,452930,667,521413,716,0,928,1,2080,1008,1,"Knox County",470313,94.4052152502695,0.0773786778754299,152.239040808993,14.4584563896809,7.73786778754299
2021-11-03,78676,80,62785,60,15891,20,68434,66,452263,969,520697,1035,0,928,2,2079,1007,2,"Knox County",470313,96.1062101196437,0.075369365999626,220.06621122529,17.0099486937423,7.5369365999626
2021-11-02,78596,41,62725,19,15871,22,68368,22,451294,301,519662,323,4,928,1,2077,1005,3,"Knox County",470313,82.9234998819935,0.0675520952599038,68.6776678509843,8.7175987055429,6.75520952599038
2021-11-01,78555,95,62706,71,15849,24,68346,83,450993,661,519339,744,1,924,3,2076,1002,1,"Knox County",470313,86.5381139794137,0.0707395498392283,158.192522851803,20.1993140738189,7.07395498392283
2021-10-31,78460,26,62635,20,15825,6,68263,19,450332,278,518595,297,0,923,1,2073,1001,1,"Knox County",470313,85.6876165447266,0.0719509318235433,63.1494345255181,5.52823332546623,7.19509318235433
2021-10-30,78434,56,62615,41,15819,15,68244,43,450054,523,518298,566,0,923,4,2072,1000,0,"Knox County",470313,88.8769819248033,0.0735770476631189,120.345387008226,11.9069640856196,7.35770476631189
2021-10-29,78378,73,62574,59,15804,14,68201,66,449531,846,517732,912,1,923,1,2068,1000,1,"Knox County",470313,93.3420934569106,0.0757674722403658,193.913415108662,15.5215781830398,7.57674722403658
2021-10-28,78305,54,62515,32,15790,22,68135,39,448685,561,516820,600,4,922,3,2067,999,2,"Knox County",470313,90.3653524355057,0.0754969845878937,127.574615203067,11.481715368276,7.54969845878937
2021-10-27,78251,88,62483,57,15768,31,68096,65,448124,759,516220,824,1,918,3,2064,997,3,"Knox County",470313,92.0663473048799,0.0789967182372246,175.202471545545,18.7109435631165,7.89967182372246
2021-10-26,78163,95,62426,57,15737,38,68031,55,447365,554,515396,609,0,917,5,2061,994,2,"Knox County",470313,103.548062673156,0.0812829525483304,129.488234431113,20.1993140738189,8.12829525483304
2021-10-25,78068,70,62369,46,15699,24,67976,53,446811,491,514787,544,6,917,3,2056,992,1,"Knox County",470313,98.2324537063615,0.078125,115.667651117447,14.8837051070245,7.8125
2021-10-24,77998,38,62323,20,15675,18,67923,23,446320,337,514243,360,1,911,5,2053,991,3,"Knox County",470313,100.783946010423,0.077916194790487,76.5447691218401,8.07972562952757,7.7916194790487
2021-10-23,77960,59,62303,40,15657,19,67900,42,445983,471,513883,513,0,910,1,2048,988,2,"Knox County",470313,101.421819086438,0.0786336542870243,109.076295998622,12.5448371616349,7.86336542870243
2021-10-22,77901,89,62263,55,15638,34,67858,54,445512,551,513370,605,0,910,2,2047,986,2,"Knox County",470313,104.823808825187,0.0816276202219482,128.637736996426,18.9235679217883,8.16276202219482
2021-10-21,77812,124,62208,71,15604,53,67804,78,444961,712,512765,790,3,910,2,2045,984,2,"Knox County",470313,119.707513932211,0.0871613663133098,167.973243350705,26.3654204753005,8.71613663133098
2021-10-20,77688,148,62137,83,15551,65,67726,90,444249,959,511975,1049,3,907,3,2043,982,2,"Knox County",470313,132.464975452518,0.0883668903803132,223.042952246695,31.4684050834232,8.83668903803132
2021-10-19,77540,130,62054,85,15486,45,67636,92,443290,724,510926,816,4,904,3,2040,980,2,"Knox County",470313,139.90682800603,0.0923669018601668,173.501476676171,27.6411666273312,9.23669018601668
2021-10-18,77410,120,61969,89,15441,31,67544,105,442566,607,510110,712,9,900,8,2037,978,3,"Knox County",470313,150.538045939619,0.0998968008255934,151.388543374306,25.5149230406134,9.98968008255934
2021-10-17,77290,63,61880,56,15410,7,67439,61,441959,303,509398,364,1,891,4,2029,975,2,"Knox County",470313,155.853654906413,0.107651062074655,77.3952665565272,13.395334596322,10.7651062074655
2021-10-16,77227,54,61824,39,15403,15,67378,42,441656,372,509034,414,0,890,1,2025,973,4,"Knox County",470313,154.790533113054,0.109894736842105,88.0264844901162,11.481715368276,10.9894736842105
2021-10-15,77173,125,61785,90,15388,35,67336,100,441284,794,508620,894,9,890,5,2024,969,2,"Knox County",470313,162.445010025239,0.112720777932129,190.08617665257,26.5780448339723,11.2720777932129
2021-10-14,77048,190,61695,135,15353,55,67236,143,440490,699,507726,842,0,881,7,2019,967,5,"Knox County",470313,176.478217697576,0.124337065409546,179.029710001637,40.3986281476379,12.4337065409546
2021-10-13,76858,119,61560,87,15298,32,67093,99,439791,764,506884,863,7,881,5,2012,962,1,"Knox County",470313,170.312111296094,0.130886850152905,183.494821533745,25.3022986819416,13.0886850152905
2021-10-12,76739,136,61473,104,15266,32,66994,109,439027,821,506021,930,4,874,3,2007,961,9,"Knox County",470313,171.587857448125,0.131301055987248,197.740653564754,28.9169127793618,13.1301055987248
2021-10-11,76603,192,61369,135,15234,57,66885,149,438206,581,505091,730,3,870,12,2004,952,1,"Knox County",470313,186.896811272493,0.13956720270002,155.215781830398,40.8238768649814,13.956720270002
2021-10-10,76411,54,61234,41,15177,13,66736,52,437625,489,504361,541,0,867,4,1992,951,3,"Knox County",470313,184.983192044447,0.133103183736095,115.029778041432,11.481715368276,13.3103183736095
2021-10-09,76357,63,61193,34,15164,29,66684,46,437136,490,503820,536,0,867,7,1988,948,4,"Knox County",470313,186.896811272493,0.130809595202399,113.966656248073,13.395334596322,13.0809595202399
2021-10-08,76294,282,61159,115,15135,167,66638,123,436646,936,503284,1059,-1,867,5,1981,944,4,"Knox County",470313,220.278835583962,0.131067078712961,225.169195833413,59.9600691454414,13.1067078712961
2021-10-07,76012,257,61044,170,14968,87,66515,176,435710,1106,502225,1282,6,868,9,1976,940,1,"Knox County",470313,234.524667614971,0.12691466083151,272.58442781722,54.644460178647,12.691466083151
2021-10-06,75755,137,60874,101,14881,36,66339,112,434604,835,500943,947,1,862,4,1967,939,5,"Knox County",470313,238.351906071063,0.127302904564315,201.355267662174,29.1295371380336,12.7302904564315
2021-10-05,75618,208,60773,118,14845,90,66227,138,433769,915,499996,1053,3,861,4,1963,934,4,"Knox County",470313,253.660859895431,0.129472999349382,223.893449681382,44.2258666037299,12.9472999349382
2021-10-04,75410,311,60655,222,14755,89,66089,245,432854,829,498943,1074,3,858,4,1959,930,2,"Knox County",470313,278.963158577373,0.137399876771411,228.35856121349,66.126175546923,13.7399876771411
2021-10-03,75099,101,60433,92,14666,9,65844,106,432025,677,497869,783,1,855,6,1955,928,1,"Knox County",470313,288.956503434947,0.14048114048114,166.484872840002,21.4750602258496,14.048114048114
2021-10-02,74998,67,60341,43,14657,24,65738,50,431348,472,497086,522,5,854,2,1949,927,4,"Knox County",470313,289.807000869634,0.141369047619048,110.989915226668,14.2458320310091,14.1369047619048
2021-10-01,74931,221,60298,150,14633,71,65688,166,430876,965,496564,1131,0,849,8,1947,923,3,"Knox County",470313,276.836914990655,0.146201413427562,240.478149657781,46.989983266463,14.6201413427562
2021-09-30,74710,239,60148,165,14562,74,65522,185,429911,1104,495433,1289,1,849,8,1939,920,2,"Knox County",470313,273.009676534563,0.147374613913811,274.072798327922,50.817221722555,14.7374613913811
2021-09-29,74471,357,59983,167,14488,190,65337,188,428807,1110,494144,1298,6,848,7,1931,918,3,"Knox County",470313,319.787035442354,0.150769230769231,275.986417555968,75.9068960458248,15.0769230769231
2021-09-28,74114,340,59816,242,14298,98,65149,261,427697,777,492846,1038,2,842,1,1924,915,3,"Knox County",470313,347.853450787029,0.168325157673441,220.704084301306,72.2922819484046,16.8325157673441
2021-09-27,73774,237,59574,160,14200,77,64888,185,426920,760,491808,945,7,840,12,1923,912,6,"Knox County",470313,332.119248245317,0.162860405366828,200.93001894483,50.3919730052114,16.2860405366828
2021-09-26,73537,123,59414,99,14123,24,64703,117,426160,703,490863,820,2,833,1,1911,906,5,"Knox County",470313,336.796984136097,0.163566661933835,174.351974110858,26.1527961166287,16.3566661933835
2021-09-25,73414,110,59315,90,14099,20,64586,102,425457,705,490043,807,0,831,3,1910,901,7,"Knox County",470313,345.939831558983,0.164301310043668,171.587857448125,23.3886794538956,16.4301310043668
2021-09-24,73304,244,59225,165,14079,79,64484,182,424752,938,489236,1120,13,831,5,1907,894,3,"Knox County",470313,350.830191808434,0.16673500068334,238.139281712392,51.8803435159139,16.673500068334
2021-09-23,73060,350,59060,242,14000,108,64302,267,423814,1370,488116,1637,14,818,8,1902,891,3,"Knox County",470313,374.431495621001,0.16986301369863,348.066075145701,74.4185255351224,16.986301369863
2021-09-22,72710,249,58818,185,13892,64,64035,200,422444,1260,486479,1460,3,804,4,1894,888,9,"Knox County",470313,351.468064884449,0.167880413951706,310.431563660796,52.9434653092728,16.7880413951706
2021-09-21,72461,393,58633,214,13828,179,63835,227,421184,996,485019,1223,10,801,7,1890,879,4,"Knox County",470313,362.737155894054,0.159760359460809,260.039590655585,83.5613729580088,15.9760359460809
2021-09-20,72068,426,58419,306,13649,120,63608,340,420188,1295,483796,1635,5,791,9,1883,875,7,"Knox County",470313,402.92315968302,0.164904619627672,347.640826428357,90.5779767941775,16.4904619627672
2021-09-19,71642,120,58113,88,13529,32,63268,97,418893,432,482161,529,1,786,8,1874,868,8,"Knox County",470313,402.285286607004,0.168232077041969,112.478285737371,25.5149230406134,16.8232077041969
2021-09-18,71522,222,58025,179,13497,43,63171,194,418461,1075,481632,1269,0,785,7,1866,860,13,"Knox County",470313,426.099214778243,0.169841090950073,269.820311154486,47.2026076251348,16.9841090950073
2021-09-17,71300,542,57846,417,13454,125,62977,444,417386,1310,480363,1754,5,785,11,1859,847,5,"Knox County",470313,489.461273662433,0.186073419585569,372.943125110299,115.242402400104,18.6073419585569
2021-09-16,70758,579,57429,454,13329,125,62533,483,416076,1518,478609,2001,7,780,16,1848,842,3,"Knox County",470313,538.15225179827,0.201094114071523,425.461341702228,123.10950367096,20.1094114071523
2021-09-15,70179,336,56975,248,13204,88,62050,266,414558,807,476608,1073,6,773,5,1832,839,4,"Knox County",470313,556.650571002715,0.216258962463096,228.145936854818,71.4417845137175,21.6258962463096
2021-09-14,69843,551,56727,440,13116,111,61784,474,413751,1406,475535,1880,12,767,8,1827,835,3,"Knox County",470313,590.245219672856,0.226604871314466,399.733794302943,117.15602162815,22.6604871314466
2021-09-13,69292,395,56287,294,13005,101,61310,329,412345,1134,473655,1463,20,755,15,1819,832,9,"Knox County",470313,583.653864554031,0.229411174641388,311.069436736811,83.9866216753524,22.9411174641388
2021-09-12,68897,383,55993,355,12904,28,60981,373,411211,1460,472192,1833,0,735,5,1804,823,8,"Knox County",470313,639.574070884709,0.227357402643484,389.740449445369,81.435129371291,22.7357402643484
2021-09-11,68514,856,55638,698,12876,158,60608,756,409751,2620,470359,3376,4,735,25,1799,815,10,"Knox County",470313,774.377914282616,0.23355754857997,717.819834875923,182.006451023042,23.355754857997
2021-09-10,67658,1019,54940,746,12718,273,59852,801,407131,2512,466983,3313,1,731,24,1774,805,7,"Knox County",470313,875.799733369054,0.23308119686726,704.424500279601,216.664221486542,23.308119686726
2021-09-09,66639,308,54194,166,12445,142,59051,171,404619,685,463670,856,1,730,18,1750,798,5,"Knox County",470313,818.178532169002,0.229810062345948,182.006451023042,65.4883024709077,22.9810062345948
2021-09-08,66331,291,54028,226,12303,65,58880,249,403934,837,462814,1086,5,729,11,1732,793,6,"Knox County",470313,808.610436028772,0.228362424856957,230.910053517551,61.8736883734874,22.8362424856957
2021-09-07,66040,407,53802,299,12238,108,58631,310,403097,979,461728,1289,3,724,12,1721,787,1,"Knox County",470313,777.992528380036,0.226165254237288,274.072798327922,86.5381139794137,22.6165254237288
2021-09-06,65633,981,53503,785,12130,196,58321,843,402118,3220,460439,4063,1,721,19,1709,786,3,"Knox County",470313,902.590402561698,0.221484572584724,863.892769283435,208.584495857014,22.1484572584724
2021-09-05,64652,965,52718,798,11934,167,57478,831,398898,2998,456376,3829,2,720,15,1690,783,6,"Knox County",470313,1026.33777930867,0.222378172018864,814.138669354239,205.182506118266,22.2378172018864
2021-09-04,63687,536,51920,383,11767,153,56647,405,395900,1502,452547,1907,2,718,10,1675,777,4,"Knox County",470313,958.297984533704,0.220889677537784,405.474651987081,113.966656248073,22.0889677537784
2021-09-03,63151,332,51537,237,11614,95,56242,249,394398,909,450640,1158,5,716,8,1665,773,5,"Knox County",470313,812.225050126193,0.215534254299408,246.219007341919,70.5912870790304,21.5534254299408
2021-09-02,62819,320,51300,180,11519,140,55993,199,393489,680,449482,879,3,711,5,1657,768,3,"Knox County",470313,814.776542430254,0.217155724438815,186.896811272493,68.039794774969,21.7155724438815
2021-09-01,62499,273,51120,210,11379,63,55794,222,392809,645,448603,867,2,708,2,1652,765,3,"Knox County",470313,810.949303974162,0.218624928530589,184.345318968432,58.0464499173954,21.8624928530589
2021-08-31,62226,591,50910,430,11316,161,55572,477,392164,1894,447736,2371,2,706,9,1650,762,4,"Knox County",470313,850.072185969769,0.214010879660342,504.132354410786,125.660995975021,21.4010879660342
2021-08-30,61635,511,50480,404,11155,107,55095,430,390270,1629,445365,2059,9,704,13,1641,758,6,"Knox County",470313,750.138737394033,0.21522570772762,437.793554505191,108.651047281279,21.5225707727621
2021-08-29,61124,481,50076,406,11048,75,54665,439,388641,1484,443306,1923,1,695,5,1628,752,7,"Knox County",470313,647.228547796893,0.216857757076317,408.876641725829,102.272316521125,21.6857757076317
2021-08-28,60643,394,49670,301,10973,93,54226,320,387157,1065,441383,1385,0,694,4,1623,745,3,"Knox County",470313,617.0358888655,0.21950761135125,294.484736760413,83.7739973166806,21.950761135125
2021-08-27,60249,468,49369,370,10880,98,53906,386,386092,1166,439998,1552,5,694,5,1619,742,1,"Knox County",470313,645.952801644862,0.224084813338166,329.9930046586,99.5081998583922,22.4084813338166
2021-08-26,59781,446,48999,344,10782,102,53520,365,384926,1426,438446,1791,5,689,0,1614,741,5,"Knox County",470313,672.743470837506,0.220873786407767,380.810226381155,94.8304639676131,22.0873786407767
2021-08-25,59335,344,48655,222,10680,122,53155,233,383500,642,436655,875,2,684,4,1614,736,10,"Knox County",470313,687.839800303202,0.221646035463366,186.046313837806,73.1427793830917,22.1646035463366
2021-08-24,58991,337,48433,223,10558,114,52922,233,382858,677,435780,910,4,682,5,1610,726,0,"Knox County",470313,633.833213200571,0.229252024773702,193.488166391318,71.6544088723892,22.9252024773702
2021-08-23,58654,285,48210,206,10444,79,52689,226,382181,825,434870,1051,1,678,1,1605,726,4,"Knox County",470313,585.780108140749,0.232107093917993,223.468200964039,60.5979422214568,23.2107093917993
2021-08-22,58369,239,48004,218,10365,21,52463,234,381356,889,433819,1123,2,677,0,1604,722,2,"Knox County",470313,534.325013342179,0.229883734315644,238.777154788407,50.817221722555,22.9883734315644
2021-08-21,58130,498,47786,376,10344,122,52229,410,380467,1903,432696,2313,0,675,8,1604,720,3,"Knox County",470313,556.437946644043,0.217056682267291,491.800141607823,105.886930618546,21.7056682267291
2021-08-20,57632,424,47410,330,10222,94,51819,356,378564,1148,430383,1504,0,675,6,1596,717,3,"Knox County",470313,547.082474862485,0.215009929967597,319.787035442354,90.1527280768339,21.5009929967597
2021-08-19,57208,368,47080,254,10128,114,51463,264,377416,952,428879,1216,1,675,6,1590,714,0,"Knox County",470313,530.497774886087,0.217526690391459,258.551220144882,78.2457639912144,21.7526690391459
2021-08-18,56840,262,46826,192,10014,70,51199,199,376464,914,427663,1113,2,674,5,1584,714,0,"Knox County",470313,513.062577475001,0.208234019501625,236.650911201689,55.7075819720059,20.8234019501625
2021-08-17,56578,260,46634,179,9944,81,51000,197,375550,1042,426550,1239,0,672,5,1579,714,3,"Knox County",470313,496.690501857274,0.197300972905116,263.441580394333,55.2823332546623,19.7300972905116
2021-08-16,56318,182,46455,126,9863,56,50803,131,374508,421,425311,552,2,672,4,1574,711,0,"Knox County",470313,474.790192914081,0.197682119205298,117.368645986822,38.6976332782636,19.7682119205298
2021-08-15,56136,203,46329,180,9807,23,50672,198,374087,953,424759,1151,3,670,6,1570,711,1,"Knox County",470313,467.135716001897,0.193111795774648,244.730636831217,43.162744810371,19.3111795774648
2021-08-14,55933,219,46149,147,9784,72,50474,154,373134,795,423608,949,0,667,4,1564,710,2,"Knox County",470313,407.81351993247,0.194070429829104,201.780516379517,46.5647345491194,19.4070429829104
2021-08-13,55714,265,46002,205,9712,60,50320,219,372339,1470,422659,1689,1,667,5,1560,708,3,"Knox County",470313,374.006246903658,0.172208875964092,359.122541796633,56.3454550480212,17.2208875964092
2021-08-12,55449,221,45797,145,9652,76,50101,151,370869,643,420970,794,2,666,8,1555,705,2,"Knox County",470313,342.750466178906,0.166822492320021,168.823740785392,46.989983266463,16.6822492320021
2021-08-11,55228,315,45652,236,9576,79,49950,247,370226,989,420176,1236,1,664,10,1547,703,3,"Knox County",470313,354.019557188511,0.170433639947438,262.803707318318,66.9766729816101,17.0433639947438
2021-08-10,54913,172,45416,109,9497,63,49703,121,369237,621,418940,742,1,663,2,1537,700,4,"Knox County",470313,335.308613625394,0.171657528469,157.767274134459,36.5713896915458,17.1657528469
2021-08-09,54741,196,45307,159,9434,37,49582,167,368616,752,418198,919,1,662,4,1535,696,1,"Knox County",470313,338.285354646799,0.168048128342246,195.401785619364,41.6743742996685,16.8048128342246
2021-08-08,54545,89,45148,67,9397,22,49415,75,367864,418,417279,493,1,661,5,1531,695,0,"Knox County",470313,314.046177758216,0.16622691292876,104.823808825187,18.9235679217883,16.622691292876
2021-08-07,54456,104,45081,75,9375,29,49340,79,367446,638,416786,717,0,660,2,1526,695,0,"Knox County",470313,289.594376510962,0.160698027314112,152.451665167665,22.1129333018649,16.0698027314112
2021-08-06,54352,203,45006,147,9346,56,49261,163,366808,879,416069,1042,0,660,11,1524,695,1,"Knox County",470313,276.411666273312,0.16876998149083,221.554581735993,43.162744810371,16.876998149083
2021-08-05,54149,173,44859,130,9290,43,49098,146,365929,850,415027,996,2,660,4,1513,694,2,"Knox County",470313,266.205697057066,0.162408462164361,211.773861237091,36.7840140502176,16.2408462164361
2021-08-04,53976,144,44729,101,9247,43,48952,104,365079,656,414031,760,1,658,4,1509,692,1,"Knox County",470313,229.846931724192,0.150820250485094,161.594512590551,30.6179076487361,15.0820250485094
2021-08-03,53832,237,44628,176,9204,61,48848,182,364423,812,413271,994,0,657,5,1505,691,3,"Knox County",470313,243.667515037858,0.15470359736531,211.348612519747,50.3919730052114,15.470359736531
2021-08-02,53595,97,44452,75,9143,22,48666,82,363611,532,412277,614,2,657,3,1500,688,0,"Knox County",470313,222.617703529352,0.147970085470085,130.551356224472,20.6245627911625,14.7970085470085
2021-08-01,53498,105,44377,89,9121,16,48584,99,363079,526,411663,625,0,655,2,1497,688,2,"Knox County",470313,226.0196932681,0.14874739039666,132.890224169861,22.3255576605367,14.874739039666
2021-07-31,53393,104,44288,64,9105,40,48485,68,362553,399,411038,467,1,655,6,1495,686,0,"Knox County",470313,226.0196932681,0.15351036740633,99.2955754997204,22.1129333018649,15.351036740633
2021-07-30,53289,118,44224,83,9065,35,48417,91,362154,339,410571,430,1,654,0,1489,686,1,"Knox County",470313,207.946622780999,0.158002455996725,91.4284742288646,25.0896743232698,15.8002455996725
2021-07-29,53171,118,44141,66,9030,52,48326,69,361815,483,410141,552,0,653,2,1489,685,1,"Knox County",470313,196.252283054051,0.156461053579469,117.368645986822,25.0896743232698,15.6461053579469
2021-07-28,53053,130,44075,89,8978,41,48257,94,361332,536,409589,630,0,653,4,1487,684,0,"Knox County",470313,193.275542032646,0.158858998144712,133.95334596322,27.6411666273312,15.8858998144712
2021-07-27,52923,117,43986,78,8937,39,48163,84,360796,499,408959,583,0,653,4,1483,684,0,"Knox County",470313,167.760618992033,0.150474237375032,123.960001105647,24.877049964598,15.0474237375032
2021-07-26,52806,97,43908,73,8898,24,48079,78,360297,371,408376,449,1,653,4,1479,684,0,"Knox County",470313,167.760618992033,0.156049250535332,95.4683370436284,20.6245627911625,15.6049250535332
2021-07-25,52709,51,43835,43,8874,8,48001,44,359926,320,407927,364,3,652,5,1475,684,1,"Knox County",470313,156.278903623757,0.151942446043165,77.3952665565272,10.8438422922607,15.1942446043165
2021-07-24,52658,64,43792,43,8866,21,47957,44,359606,348,407563,392,0,649,1,1470,683,2,"Knox County",470313,147.773929276886,0.148235294117647,83.348748599337,13.6079589549938,14.8235294117647
2021-07-23,52594,55,43749,30,8845,25,47913,32,359258,321,407171,353,1,649,3,1469,681,1,"Knox County",470313,134.378594680564,0.133915136924466,75.0563986111377,11.6943397269478,13.3915136924466
2021-07-22,52539,95,43719,70,8820,25,47881,79,358937,474,406818,553,0,648,3,1466,680,0,"Knox County",470313,129.488234431113,0.136883273164862,117.581270345493,20.1993140738189,13.6883273164862
2021-07-21,52444,61,43649,47,8795,14,47802,46,358463,411,406265,457,1,648,1,1463,680,0,"Knox County",470313,114.81715368276,0.129165344335132,97.1693319130026,12.9700858789785,12.9165344335132
2021-07-20,52383,77,43602,42,8781,35,47756,44,358052,299,405808,343,0,647,3,1462,680,0,"Knox County",470313,106.312179335889,0.126073514256269,72.9301550244199,16.3720756177269,12.6073514256269
2021-07-19,52306,48,43560,36,8746,12,47712,41,357753,348,405465,389,0,647,0,1459,680,0,"Knox County",470313,95.893585760972,0.115748860049106,82.7108755233217,10.2059692162454,11.5748860049106
2021-07-18,52258,36,43524,30,8734,6,47671,31,357405,271,405076,302,0,647,1,1459,680,1,"Knox County",470313,92.7042203808953,0.113660810326282,64.212556318877,7.65447691218401,11.3660810326282
2021-07-17,52222,27,43494,20,8728,7,47640,21,357134,202,404774,223,0,647,1,1458,679,0,"Knox County",470313,84.8371191100395,0.112213740458015,47.4152319838065,5.74085768413801,11.2213740458015
2021-07-16,52195,37,43474,21,8721,16,47619,22,356932,291,404551,313,0,647,1,1457,679,0,"Knox County",470313,81.0098806539475,0.110077519379845,66.5514242642666,7.86710127085579,11.0077519379845
2021-07-15,52158,55,43453,42,8705,13,47597,44,356641,364,404238,408,-1,647,1,1456,679,0,"Knox County",470313,72.5049063070764,0.102258726899384,86.7507383380855,11.6943397269478,10.2258726899384
2021-07-14,52103,21,43411,17,8692,4,47553,16,356277,269,403830,285,0,648,2,1455,679,0,"Knox County",470313,63.9999319602052,0.0967741935483871,60.5979422214568,4.46511153210734,9.67741935483871
2021-07-13,52082,42,43394,26,8688,16,47537,29,356008,355,403545,384,3,648,3,1453,679,0,"Knox County",470313,56.558079406693,0.0885416666666667,81.6477537299628,8.93022306421468,8.85416666666667
2021-07-12,52040,28,43368,22,8672,6,47508,24,355653,270,403161,294,0,645,1,1450,679,1,"Knox County",470313,52.3055922332574,0.0846536894522408,62.5115614495028,5.95348204280979,8.46536894522408
2021-07-11,52012,8,43346,3,8666,5,47484,4,355383,136,402867,140,0,645,0,1449,678,0,"Knox County",470313,46.3521101904476,0.0781631656082071,29.7674102140489,1.70099486937423,7.81631656082071
2021-07-10,52004,19,43343,15,8661,4,47480,15,355247,191,402727,206,0,645,1,1449,678,0,"Knox County",470313,44.6511153210734,0.0758620689655172,43.8006178863863,4.03986281476378,7.58620689655172
2021-07-09,51985,27,43328,21,8657,6,47465,21,355056,338,402521,359,0,645,0,1448,678,1,"Knox County",470313,42.5248717343556,0.0736994219653179,76.3321447631684,5.74085768413801,7.36994219653179
2021-07-08,51958,19,43307,14,8651,5,47444,16,354718,317,402162,333,0,645,0,1448,677,2,"Knox County",470313,34.8703948221716,0.0624687656171914,70.8039114377021,4.03986281476378,6.24687656171914
2021-07-07,51939,18,43293,5,8646,13,47428,5,354401,333,401829,338,1,645,1,1448,675,0,"Knox County",470313,34.2325217461563,0.0555014605647517,71.867033231061,3.82723845609201,5.55014605647517
2021-07-06,51921,24,43288,9,8633,15,47423,13,354068,263,401491,276,0,644,2,1447,675,0,"Knox County",470313,30.4052832900643,0.0503597122302158,58.6843229934108,5.10298460812268,5.03597122302158
2021-07-05,51897,10,43279,7,8618,3,47410,6,353805,105,401215,111,0,644,1,1445,675,0,"Knox County",470313,26.5780448339723,0.0453771979580261,23.6013038125674,2.12624358671778,4.53771979580261
2021-07-04,51887,8,43272,7,8615,1,47404,7,353700,143,401104,150,0,644,1,1444,675,0,"Knox County",470313,26.5780448339723,0.0468133107727016,31.8936538007667,1.70099486937423,4.68133107727016
2021-07-03,51879,9,43265,7,8614,2,47397,7,353557,184,400954,191,0,644,1,1443,675,0,"Knox County",470313,24.4518012472545,0.0426621160409556,40.6112525063096,1.913619228046,4.26621160409556
2021-07-02,51870,17,43258,13,8612,4,47390,17,353373,342,400763,359,-1,644,0,1442,675,0,"Knox County",470313,22.3255576605367,0.040386803185438,76.3321447631684,3.61461409742023,4.0386803185438
2021-07-01,51853,18,43245,15,8608,3,47373,17,353031,248,400404,265,-1,645,1,1442,675,0,"Knox County",470313,22.1129333018649,0.042603550295858,56.3454550480212,3.82723845609201,4.2603550295858
2021-06-30,51835,18,43230,12,8605,6,47356,11,352783,299,400139,310,0,646,0,1441,675,0,"Knox County",470313,22.1129333018649,0.0469314079422383,65.9135511882512,3.82723845609201,4.69314079422383
2021-06-29,51817,21,43218,16,8599,5,47345,19,352484,437,399829,456,0,646,1,1441,675,0,"Knox County",470313,21.4750602258496,0.0456026058631922,96.9567075543308,4.46511153210734,4.56026058631922
2021-06-28,51796,9,43202,2,8594,7,47326,2,352047,113,399373,115,0,646,0,1440,675,0,"Knox County",470313,21.2624358671778,0.0433369447453954,24.4518012472545,1.913619228046,4.33369447453954
2021-06-27,51787,5,43200,3,8587,2,47324,3,351934,151,399258,154,0,646,0,1440,675,0,"Knox County",470313,20.6245627911625,0.0410810810810811,32.7441512354538,1.06312179335889,4.10810810810811
2021-06-26,51782,3,43197,2,8585,1,47321,2,351783,206,399104,208,0,646,0,1440,675,0,"Knox County",470313,19.3488166391318,0.0380289234065345,44.2258666037299,0.637873076015334,3.80289234065345
2021-06-25,51779,13,43195,9,8584,4,47319,11,351577,311,398896,322,0,646,0,1440,675,0,"Knox County",470313,18.4983192044447,0.0355191256830601,68.4650434923126,2.76411666273312,3.55191256830601
2021-06-24,51766,14,43186,9,8580,5,47308,10,351266,364,398574,374,1,646,1,1440,675,1,"Knox County",470313,17.6478217697576,0.0299123259412068,79.521510143245,2.97674102140489,2.99123259412068
2021-06-23,51752,13,43177,6,8575,7,47298,8,350902,282,398200,290,0,645,0,1439,674,1,"Knox County",470313,16.5846999763987,0.0286607608129234,61.6610640148157,2.76411666273312,2.86607608129234
2021-06-22,51739,14,43171,5,8568,9,47290,5,350620,247,397910,252,2,645,1,1439,673,1,"Knox County",470313,15.0963294656962,0.0239067055393586,53.5813383852881,2.97674102140489,2.39067055393586
2021-06-21,51725,9,43166,8,8559,1,47285,9,350373,289,397658,298,0,643,1,1438,672,0,"Knox County",470313,15.0963294656962,0.0252897787144362,63.3620588841899,1.913619228046,2.52897787144363
2021-06-20,51716,3,43158,2,8558,1,47276,3,350084,161,397360,164,1,643,0,1437,672,0,"Knox County",470313,14.6710807483527,0.0251572327044025,34.8703948221716,0.637873076015334,2.51572327044025
2021-06-19,51713,3,43156,1,8557,2,47273,1,349923,191,397196,192,0,642,0,1437,672,0,"Knox County",470313,14.6710807483527,0.0248414376321353,40.8238768649814,0.637873076015334,2.48414376321353
2021-06-18,51710,5,43155,3,8555,2,47272,3,349732,283,397004,286,1,642,0,1437,672,0,"Knox County",470313,12.9700858789785,0.0210129310344828,60.8105665801286,1.06312179335889,2.10129310344828
2021-06-17,51705,12,43152,8,8553,4,47269,9,349449,515,396718,524,0,641,0,1437,672,1,"Knox County",470313,12.5448371616349,0.0189431704885344,111.415163944012,2.55149230406134,1.89431704885344
2021-06-16,51693,7,43144,4,8549,3,47260,4,348934,362,396194,366,1,641,0,1437,671,0,"Knox County",470313,11.2690910096042,0.0163304514889529,77.8205152738708,1.48837051070245,1.63304514889529
2021-06-15,51686,13,43140,9,8546,4,47256,14,348572,428,395828,442,0,640,0,1437,671,0,"Knox County",470313,11.0564666509325,0.0189260563380282,93.9799665329259,2.76411666273312,1.89260563380282
2021-06-14,51673,7,43131,2,8542,5,47242,3,348144,259,395386,262,1,640,0,1437,671,0,"Knox County",470313,10.6312179335889,0.0165474060822898,55.7075819720059,1.48837051070245,1.65474060822898
2021-06-13,51666,3,43129,3,8537,0,47239,4,347885,128,395124,132,0,639,1,1437,671,0,"Knox County",470313,10.6312179335889,0.0172413793103448,28.0664153446747,0.637873076015334,1.72413793103448
2021-06-12,51663,2,43126,1,8537,1,47235,1,347757,226,394992,227,0,639,0,1436,671,1,"Knox County",470313,10.4185935749171,0.0169718624385887,48.2657294184936,0.425248717343556,1.69718624385887
2021-06-11,51661,7,43125,3,8536,4,47234,2,347531,317,394765,319,0,639,0,1436,670,1,"Knox County",470313,10.8438422922607,0.0162852112676056,67.8271704162972,1.48837051070245,1.62852112676056
2021-06-10,51654,7,43122,4,8532,3,47232,5,347214,358,394446,363,0,639,0,1436,669,0,"Knox County",470313,9.7807204989018,0.0156324017053529,77.1826421978555,1.48837051070245,1.56324017053529
2021-06-09,51647,2,43118,1,8529,1,47227,1,346856,367,394083,368,1,639,0,1436,669,1,"Knox County",470313,8.7175987055429,0.0141978230004733,78.2457639912144,0.425248717343556,1.41978230004733
2021-06-08,51645,5,43117,3,8528,2,47226,4,346489,266,393715,270,1,638,0,1436,668,1,"Knox County",470313,7.01660383616868,0.0103039670273055,57.4085768413801,1.06312179335889,1.03039670273055
2021-06-07,51640,16,43114,10,8526,6,47222,10,346223,316,393445,326,0,637,2,1436,667,0,"Knox County",470313,8.93022306421468,0.0134663341645885,69.3155409269997,3.40198973874845,1.34663341645885
2021-06-06,51624,4,43104,2,8520,2,47212,2,345907,178,393119,180,0,637,0,1434,667,1,"Knox County",470313,9.14284742288646,0.0121773015099854,38.2723845609201,0.850497434687113,1.21773015099854
2021-06-05,51620,5,43102,2,8518,3,47210,3,345729,258,392939,261,0,637,0,1434,666,0,"Knox County",470313,9.7807204989018,0.0129372304743651,55.4949576133341,1.06312179335889,1.29372304743651
2021-06-04,51615,7,43100,2,8515,5,47207,3,345471,325,392678,328,1,637,0,1434,666,0,"Knox County",470313,9.7807204989018,0.0133587786259542,69.7407896443432,1.48837051070245,1.33587786259542
2021-06-03,51608,7,43098,4,8510,3,47204,6,345146,458,392350,464,0,636,0,1434,666,0,"Knox County",470313,9.7807204989018,0.0131998179335457,98.6577024237051,1.48837051070245,1.31998179335457
2021-06-02,51601,20,43094,7,8507,13,47198,6,344688,282,391886,288,0,636,1,1434,666,0,"Knox County",470313,13.6079589549938,0.0160604629192253,61.2358152974721,4.25248717343556,1.60604629192253
2021-06-01,51581,12,43087,9,8494,3,47192,10,344406,291,391598,301,0,636,1,1433,666,0,"Knox County",470313,15.0963294656962,0.0186219739292365,63.9999319602052,2.55149230406134,1.86219739292365
2021-05-31,51569,17,43078,14,8491,3,47182,12,344115,353,391297,365,0,636,0,1432,666,0,"Knox County",470313,15.308953824368,0.0192043895747599,77.607890915199,3.61461409742023,1.92043895747599
2021-05-30,51552,3,43064,1,8488,2,47170,1,343762,203,390932,204,0,636,0,1432,666,1,"Knox County",470313,15.0963294656962,0.018543645409317,43.3753691690427,0.637873076015334,1.8543645409317
2021-05-29,51549,14,43063,8,8486,6,47169,6,343559,199,390728,205,0,636,1,1432,665,2,"Knox County",470313,17.0099486937423,0.0204176334106729,43.5879935277145,2.97674102140489,2.04176334106729
2021-05-28,51535,10,43055,6,8480,4,47163,10,343360,390,390523,400,0,636,1,1431,663,0,"Knox County",470313,17.6478217697576,0.0229007633587786,85.0497434687113,2.12624358671778,2.29007633587786
2021-05-27,51525,23,43049,8,8476,15,47153,9,342970,341,390123,350,0,636,1,1430,663,0,"Knox County",470313,21.049811508506,0.0255560814008519,74.4185255351224,4.8903602494509,2.55560814008519
2021-05-26,51502,16,43041,8,8461,8,47144,11,342629,572,389773,583,0,636,0,1429,663,0,"Knox County",470313,20.1993140738189,0.0245016611295681,123.960001105647,3.40198973874845,2.45016611295681
2021-05-25,51486,18,43033,8,8453,10,47133,7,342057,311,389190,318,0,636,1,1429,663,0,"Knox County",470313,21.4750602258496,0.0230927835051546,67.6145460576254,3.82723845609201,2.30927835051546
2021-05-24,51468,25,43025,21,8443,4,47126,24,341746,425,388872,449,0,636,1,1428,663,1,"Knox County",470313,23.1760550952238,0.027102431247509,95.4683370436284,5.31560896679445,2.7102431247509
2021-05-23,51443,16,43004,8,8439,8,47102,8,341321,225,388423,233,1,636,1,1427,662,1,"Knox County",470313,25.9401717579569,0.0295508274231678,49.5414755705243,3.40198973874845,2.95508274231678
2021-05-22,51427,8,42996,4,8431,4,47094,4,341096,269,388190,273,0,635,0,1426,661,0,"Knox County",470313,24.6644256059263,0.0280122793553338,58.0464499173954,1.70099486937423,2.80122793553338
2021-05-21,51419,15,42992,11,8427,4,47090,13,340827,377,387917,390,0,635,1,1426,661,1,"Knox County",470313,25.7275473992852,0.0292758089368259,82.9234998819935,3.18936538007667,2.92758089368259
2021-05-20,51404,34,42981,26,8423,8,47077,27,340450,594,387527,621,0,635,1,1425,660,1,"Knox County",470313,28.0664153446747,0.0327868852459016,132.039726735174,7.22922819484046,3.27868852459016
2021-05-19,51370,14,42955,6,8415,8,47050,6,339856,544,386906,550,0,635,1,1424,659,0,"Knox County",470313,27.6411666273312,0.0314043754410727,116.943397269478,2.97674102140489,3.14043754410727
2021-05-18,51356,24,42949,14,8407,10,47044,14,339312,444,386356,458,1,635,0,1423,659,1,"Knox County",470313,28.9169127793618,0.0322797579018157,97.3819562716744,5.10298460812268,3.22797579018157
2021-05-17,51332,15,42935,8,8397,7,47030,8,338868,420,385898,428,0,634,0,1423,658,0,"Knox County",470313,26.790669192644,0.0270910938029123,91.003225511521,3.18936538007667,2.70910938029123
2021-05-16,51317,22,42927,13,8390,9,47022,12,338448,272,385470,284,1,634,1,1423,658,1,"Knox County",470313,28.0664153446747,0.0279627163781625,60.385317862785,4.67773589077912,2.79627163781625
2021-05-15,51295,23,42914,13,8381,10,47010,17,338176,336,385186,353,0,633,2,1422,657,1,"Knox County",470313,31.2557807247514,0.0314526588845655,75.0563986111377,4.8903602494509,3.14526588845655
2021-05-14,51272,36,42901,25,8371,11,46993,26,337840,498,384833,524,0,633,4,1420,656,0,"Knox County",470313,35.7208922568587,0.0341827221876942,111.415163944012,7.65447691218401,3.41827221876942
2021-05-13,51236,31,42876,17,8360,14,46967,17,337342,376,384309,393,0,633,0,1416,656,0,"Knox County",470313,35.0830191808434,0.0334448160535117,83.5613729580088,6.59135511882512,3.34448160535117
2021-05-12,51205,34,42859,28,8346,6,46950,26,336966,506,383916,532,0,633,0,1416,656,0,"Knox County",470313,39.335506354279,0.0403768506056528,113.116158813386,7.22922819484046,4.03768506056528
2021-05-11,51171,36,42831,30,8340,6,46924,31,336460,555,383384,586,0,633,4,1416,656,0,"Knox County",470313,41.8869986583403,0.0441935483870968,124.597874181662,7.65447691218401,4.41935483870968
2021-05-10,51135,21,42801,14,8334,7,46893,13,335905,277,382798,290,1,633,1,1412,656,1,"Knox County",470313,43.162744810371,0.0479405806887238,61.6610640148157,4.46511153210734,4.79405806887238
2021-05-09,51114,17,42787,14,8327,3,46880,17,335628,369,382508,386,0,632,1,1411,655,0,"Knox County",470313,42.0996230170121,0.047976501305483,82.0730024473064,3.61461409742023,4.7976501305483
2021-05-08,51097,20,42773,11,8324,9,46863,14,335259,307,382122,321,0,632,1,1410,655,0,"Knox County",470313,41.4617499409967,0.0474934036939314,68.2524191336408,4.25248717343556,4.74934036939314
2021-05-07,51077,43,42762,31,8315,12,46849,33,334952,576,381801,609,0,632,0,1409,655,0,"Knox County",470313,42.9501204516992,0.0484440166827077,129.488234431113,9.14284742288646,4.84440166827077
2021-05-06,51034,40,42731,26,8303,14,46816,28,334376,340,381192,368,1,632,0,1409,655,1,"Knox County",470313,44.8637396797452,0.0523932729624838,78.2457639912144,8.50497434687113,5.23932729624838
2021-05-05,50994,51,42705,32,8289,19,46788,38,334036,585,380824,623,0,631,4,1409,654,0,"Knox County",470313,48.4783537771654,0.0546654099905749,132.464975452518,10.8438422922607,5.46654099905749
2021-05-04,50943,50,42673,32,8270,18,46750,34,333451,536,380201,570,0,631,0,1405,654,0,"Knox County",470313,51.4550947985703,0.0558888538048626,121.195884442914,10.6312179335889,5.58888538048626
2021-05-03,50893,24,42641,9,8252,15,46716,7,332915,309,379631,316,1,631,1,1405,654,1,"Knox County",470313,52.0929678745856,0.053554650798622,67.1892973402819,5.10298460812268,5.3554650798622
2021-05-02,50869,25,42632,18,8237,7,46709,20,332606,288,379315,308,0,630,2,1404,653,0,"Knox County",470313,53.7939627439599,0.0558587479935795,65.4883024709077,5.31560896679445,5.58587479935795
2021-05-01,50844,45,42614,35,8230,10,46689,37,332318,450,379007,487,0,630,2,1402,653,0,"Knox County",470313,59.1095717107543,0.060042669917708,103.548062673156,9.56809614023002,6.0042669917708
2021-04-30,50799,57,42579,30,8220,27,46652,29,331868,567,378520,596,0,630,3,1400,653,1,"Knox County",470313,62.0863127321592,0.0590575275397797,126.72411776838,12.1195884442914,5.90575275397797
2021-04-29,50742,54,42549,34,8193,20,46623,35,331301,571,377924,606,0,630,2,1397,652,0,"Knox County",470313,65.0630537535641,0.0570450656018254,128.850361355098,11.481715368276,5.70450656018254
2021-04-28,50688,47,42515,28,8173,19,46588,34,330730,543,377318,577,4,630,1,1395,652,2,"Knox County",470313,64.212556318877,0.0566473988439306,122.684254953616,9.99334485757357,5.66473988439306
2021-04-27,50641,39,42487,17,8154,22,46554,20,330187,392,376741,412,1,626,2,1394,650,1,"Knox County",470313,61.8736883734874,0.0551181102362205,87.6012357727726,8.29234998819935,5.51181102362205
2021-04-26,50602,70,42470,37,8132,33,46534,40,329795,480,376329,520,1,625,0,1392,649,2,"Knox County",470313,71.6544088723892,0.0613234455219624,110.564666509325,14.8837051070245,6.13234455219624
2021-04-25,50532,37,42433,24,8099,13,46494,25,329315,341,375809,366,0,624,3,1392,647,0,"Knox County",470313,74.2059011764506,0.0617283950617284,77.8205152738708,7.86710127085579,6.17283950617284
2021-04-24,50495,35,42409,22,8086,13,46469,28,328974,509,375443,537,0,624,3,1389,647,1,"Knox County",470313,72.0796575897328,0.0583840619811843,114.179280606745,7.44185255351224,5.83840619811843
2021-04-23,50460,43,42387,31,8073,12,46441,36,328465,553,374906,589,0,624,2,1386,646,1,"Knox County",470313,69.1029165683279,0.0604380371499861,125.235747257677,9.14284742288646,6.04380371499861
2021-04-22,50417,78,42356,61,8061,17,46405,64,327912,787,374317,851,1,624,1,1384,645,1,"Knox County",470313,74.2059011764506,0.064122533748702,180.943329229683,16.5846999763987,6.4122533748702
2021-04-21,50339,62,42295,34,8044,28,46341,34,327125,479,373466,513,1,623,1,1383,644,1,"Knox County",470313,77.3952665565272,0.0652059134107709,109.076295998622,13.1827102376502,6.52059134107709
2021-04-20,50277,38,42261,34,8016,4,46307,38,326646,474,372953,512,1,622,1,1382,643,1,"Knox County",470313,77.1826421978555,0.0681584362139918,108.86367163995,8.07972562952757,6.81584362139918
2021-04-19,50239,64,42227,40,8012,24,46269,39,326172,336,372441,375,0,621,0,1381,642,0,"Knox County",470313,75.9068960458248,0.070531659096981,79.7341345019168,13.6079589549938,7.0531659096981
2021-04-18,50175,38,42187,27,7988,11,46230,32,325836,364,372066,396,0,621,1,1381,642,1,"Knox County",470313,76.1195204044966,0.0718261330506229,84.1992460340241,8.07972562952757,7.18261330506229
2021-04-17,50137,37,42160,18,7977,19,46198,23,325472,335,371670,358,0,621,1,1380,641,0,"Knox County",470313,76.5447691218401,0.0740122426265999,76.1195204044966,7.86710127085579,7.40122426265999
2021-04-16,50100,344,42142,328,7958,16,46175,368,325137,2088,371312,2456,1,621,4,1379,641,1,"Knox County",470313,140.544701082045,0.109503753891229,522.205424897887,73.1427793830917,10.9503753891229
2021-04-15,49756,86,41814,54,7942,32,45807,55,323049,577,368856,632,1,620,0,1375,640,1,"Knox County",470313,142.24569595142,0.11236169400992,134.378594680564,18.2856948457729,11.236169400992
2021-04-14,49670,84,41760,59,7910,25,45752,61,322472,684,368224,745,0,619,3,1375,639,0,"Knox County",470313,146.923431842199,0.112531969309463,158.405147210475,17.8604461284294,11.2531969309463
2021-04-13,49586,68,41701,38,7885,30,45691,43,321788,339,367479,382,-5,619,1,1372,639,0,"Knox County",470313,153.302162602352,0.116205089820359,81.2225050126193,14.4584563896809,11.6205089820359
2021-04-12,49518,63,41663,43,7855,20,45648,50,321449,360,367097,410,1,624,0,1371,639,1,"Knox County",470313,153.08953824368,0.117493957984756,87.175987055429,13.395334596322,11.7493957984756
2021-04-11,49455,26,41620,15,7835,11,45598,14,321089,296,366687,310,2,623,0,1371,638,0,"Knox County",470313,150.538045939619,0.116002267145286,65.9135511882512,5.52823332546623,11.6002267145286
2021-04-10,49429,50,41605,33,7824,17,45584,41,320793,571,366377,612,0,621,1,1371,638,1,"Knox County",470313,153.302162602352,0.113935460609338,130.126107507128,10.6312179335889,11.3935460609338
2021-04-09,49379,82,41572,62,7807,20,45543,71,320222,620,365765,691,5,621,2,1370,637,0,"Knox County",470313,97.5945806303462,0.0885774722369117,146.923431842199,17.4351974110858,8.85774722369117
2021-04-08,49297,49,41510,26,7787,23,45472,25,319602,465,365074,490,-6,616,0,1368,637,1,"Knox County",470313,89.7274793594904,0.0837912087912088,104.185935749171,10.4185935749171,8.37912087912088
2021-04-07,49248,76,41484,53,7764,23,45447,57,319137,767,364584,824,2,622,1,1368,636,0,"Knox County",470313,88.0264844901162,0.0809357354127454,175.202471545545,16.1594512590551,8.09357354127454
2021-04-06,49172,73,41431,40,7741,33,45390,44,318370,419,363760,463,2,620,0,1367,636,0,"Knox County",470313,89.089606283475,0.0794736842105263,98.4450780650333,15.5215781830398,7.94736842105263
2021-04-05,49099,44,41391,32,7708,12,45346,35,317951,266,363297,301,0,618,3,1367,636,2,"Knox County",470313,85.0497434687113,0.0777567054998645,63.9999319602052,9.35547178155824,7.77567054998645
2021-04-04,49055,49,41359,31,7696,18,45311,40,317685,341,362996,381,3,618,0,1364,634,1,"Knox County",470313,89.9401037181622,0.0832004253056885,81.0098806539475,10.4185935749171,8.32004253056885
2021-04-03,49006,80,41328,63,7678,17,45271,70,317344,593,362615,663,0,615,0,1364,633,3,"Knox County",470313,96.3188344783155,0.0896931549960661,140.969949799389,17.0099486937423,8.96931549960661
2021-04-02,48926,73,41265,43,7661,30,45201,44,316751,529,361952,573,0,615,2,1364,630,2,"Knox County",470313,94.4052152502695,0.0852503382949932,121.833757518929,15.5215781830398,8.52503382949932
2021-04-01,48853,76,41222,64,7631,12,45157,67,316222,580,361379,647,1,615,1,1362,628,0,"Knox County",470313,100.146072934408,0.0926791277258567,137.56796006064,16.1594512590551,9.26791277258567
2021-03-31,48777,86,41158,65,7619,21,45090,71,315642,765,360732,836,3,614,2,1361,628,2,"Knox County",470313,102.272316521125,0.0960144927536232,177.753963849607,18.2856948457729,9.60144927536232
2021-03-30,48691,56,41093,32,7598,24,45019,38,314877,460,359896,498,1,611,2,1359,626,2,"Knox County",470313,98.6577024237051,0.0936137471146448,105.886930618546,11.9069640856196,9.36137471146448
2021-03-29,48635,42,41061,21,7574,21,44981,22,314417,399,359398,421,5,610,0,1357,624,1,"Knox County",470313,98.2324537063615,0.087583976113461,89.5148550008186,8.93022306421468,8.7583976113461
2021-03-28,48593,80,41040,46,7553,34,44959,49,314018,484,358977,533,2,605,5,1357,623,1,"Knox County",470313,104.823808825187,0.086549988012467,113.328783172058,17.0099486937423,8.6549988012467
2021-03-27,48513,43,40994,40,7519,3,44910,42,313534,442,358444,484,0,603,2,1352,622,2,"Knox County",470313,96.9567075543308,0.0834168336673347,102.910189597141,9.14284742288646,8.34168336673347
2021-03-26,48470,79,40954,54,7516,25,44868,60,313092,416,357960,476,0,603,2,1350,620,2,"Knox County",470313,98.2324537063615,0.089602053915276,101.209194727766,16.7973243350705,8.9602053915276
2021-03-25,48391,87,40900,63,7491,24,44808,67,312676,570,357484,637,0,603,4,1348,618,1,"Knox County",470313,100.571321651751,0.0898326898326898,135.441716473923,18.4983192044447,8.98326898326898
2021-03-24,48304,123,40837,93,7467,30,44741,95,312106,780,356847,875,1,603,3,1344,617,1,"Knox County",470313,108.438422922607,0.0950560652395515,186.046313837806,26.1527961166287,9.50560652395515
2021-03-23,48181,88,40744,58,7437,30,44646,63,311326,530,355972,593,1,602,3,1341,616,1,"Knox County",470313,115.242402400104,0.0990296093555611,126.086244692364,18.7109435631165,9.90296093555611
2021-03-22,48093,111,40686,77,7407,34,44583,79,310796,516,355379,595,2,601,1,1338,615,0,"Knox County",470313,129.913483148456,0.108514190317195,126.511493409708,23.6013038125674,10.8514190317195
2021-03-21,47982,50,40609,33,7373,17,44504,34,310280,330,354784,364,-3,599,1,1337,615,1,"Knox County",470313,123.534752388303,0.10934393638171,77.3952665565272,10.6312179335889,10.934393638171
2021-03-20,47932,59,40576,29,7356,30,44470,33,309950,315,354420,348,0,602,4,1336,614,0,"Knox County",470313,126.936742127052,0.110853909465021,73.9932768177788,12.5448371616349,11.0853909465021
2021-03-19,47873,146,40547,102,7326,44,44437,116,309635,955,354072,1071,3,602,3,1332,614,1,"Knox County",470313,141.182574158061,0.108632612090118,227.720688137474,31.0431563660796,10.8632612090118
2021-03-18,47727,68,40445,50,7282,18,44321,66,308680,627,353001,693,2,599,1,1329,613,0,"Knox County",470313,137.142711343297,0.107072042300066,147.348680559542,14.4584563896809,10.7072042300066
2021-03-17,47659,46,40395,36,7264,10,44255,41,308053,498,352308,539,1,597,3,1328,613,2,"Knox County",470313,120.77063572557,0.102783725910064,114.604529324088,9.7807204989018,10.2783725910064
2021-03-16,47613,128,40359,84,7254,44,44214,100,307555,698,351769,798,0,596,3,1325,611,1,"Knox County",470313,129.275610072441,0.106397459165154,169.674238220079,27.2159179099876,10.6397459165154
2021-03-15,47485,43,40275,28,7210,15,44114,39,306857,290,350971,329,1,596,1,1322,610,1,"Knox County",470313,114.81715368276,0.103573153066152,69.953414003015,9.14284742288646,10.3573153066152
2021-03-14,47442,59,40247,37,7195,22,44075,46,306567,405,350642,451,0,595,0,1321,609,0,"Knox County",470313,116.730772910806,0.104279971624498,95.893585760972,12.5448371616349,10.4279971624498
2021-03-13,47383,71,40210,34,7173,37,44029,40,306162,623,350191,663,1,595,1,1321,609,2,"Knox County",470313,119.282265214868,0.0985915492957746,140.969949799389,15.0963294656962,9.85915492957746
2021-03-12,47312,63,40176,60,7136,3,43989,67,305539,691,349528,758,0,594,1,1320,607,2,"Knox County",470313,101.63444344511,0.0943039470574332,161.169263873208,13.395334596322,9.43039470574332
2021-03-11,47249,80,40116,53,7133,27,43922,64,304848,627,348770,691,2,594,0,1319,605,1,"Knox County",470313,104.185935749171,0.0938756207141168,146.923431842199,17.0099486937423,9.38756207141168
2021-03-10,47169,94,40063,71,7106,23,43858,81,304221,1001,348079,1082,2,592,0,1319,604,0,"Knox County",470313,114.391904965417,0.0915758591785415,230.059556082864,19.9866897151471,9.15758591785415
2021-03-09,47075,80,39992,50,7083,30,43777,55,303220,597,346997,652,0,590,2,1319,604,5,"Knox County",470313,104.185935749171,0.0847384349329875,138.631081853999,17.0099486937423,8.47384349329875
2021-03-08,46995,85,39942,57,7053,28,43722,63,302623,411,346345,474,1,590,0,1317,599,2,"Knox County",470313,113.116158813386,0.0871934604904632,100.783946010423,18.0730704871011,8.71934604904632
2021-03-07,46910,64,39885,40,7025,24,43659,41,302212,327,345871,368,0,589,0,1317,597,0,"Knox County",470313,114.179280606745,0.0876706484641638,78.2457639912144,13.6079589549938,8.76706484641638
2021-03-06,46846,122,39845,85,7001,37,43618,94,301885,848,345503,942,0,589,1,1317,597,0,"Knox County",470313,125.023122899006,0.0936178779947655,200.292145868815,25.9401717579569,9.36178779947655
2021-03-05,46724,69,39760,43,6964,26,43524,48,301037,520,344561,568,2,589,2,1316,597,2,"Knox County",470313,126.298869051036,0.0933640360058614,120.77063572557,14.6710807483527,9.33640360058614
2021-03-04,46655,113,39717,86,6938,27,43476,99,300517,1094,343993,1193,5,587,2,1314,595,2,"Knox County",470313,133.315472887205,0.0911157416177306,253.660859895431,24.0265525299109,9.11157416177306
2021-03-03,46542,70,39631,29,6911,41,43377,36,299423,497,342800,533,1,582,4,1312,593,1,"Knox County",470313,128.212488279082,0.0921775898520085,113.328783172058,14.8837051070245,9.21775898520085
2021-03-02,46472,133,39602,91,6870,42,43341,99,298926,807,342267,906,-1,581,2,1308,592,5,"Knox County",470313,139.481579288686,0.0963081861958267,192.637668956631,28.2790397033465,9.63081861958267
2021-03-01,46339,56,39511,30,6828,26,43242,33,298119,165,341361,198,1,582,1,1306,587,0,"Knox County",470313,133.315472887205,0.0955819881053526,42.0996230170121,11.9069640856196,9.55819881053526
2021-02-28,46283,77,39481,53,6802,24,43209,63,297954,563,341163,626,2,581,2,1305,587,1,"Knox County",470313,136.079589549938,0.0950463149416029,133.102848528533,16.3720756177269,9.50463149416029
2021-02-27,46206,82,39428,47,6778,35,43146,59,297391,670,340537,729,1,579,3,1303,586,1,"Knox County",470313,127.574615203067,0.09194193141174,155.003157471726,17.4351974110858,9.194193141174
2021-02-26,46124,105,39381,69,6743,36,43087,80,296721,505,339808,585,5,578,1,1300,585,0,"Knox County",470313,135.229092115251,0.0983228511530398,124.38524982299,22.3255576605367,9.83228511530398
2021-02-25,46019,131,39312,92,6707,39,43007,98,296216,1028,339223,1126,2,573,5,1299,585,1,"Knox County",470313,139.056330571343,0.099510950457155,239.415027864422,27.8537909860029,9.9510950457155
2021-02-24,45888,101,39220,71,6668,30,42909,79,295188,969,338097,1048,2,571,2,1294,584,1,"Knox County",470313,145.647685690168,0.0979302414718283,222.830327888024,21.4750602258496,9.79302414718283
2021-02-23,45787,115,39149,61,6638,54,42830,68,294219,758,337049,826,5,569,6,1292,583,2,"Knox County",470313,141.820447234076,0.0934215648112106,175.627720262889,24.4518012472545,9.34215648112106
2021-02-22,45672,60,39088,31,6584,29,42762,37,293461,306,336223,343,3,564,3,1286,581,2,"Knox County",470313,142.670944668763,0.0916146129093318,72.9301550244199,12.7574615203067,9.16146129093318
2021-02-21,45612,82,39057,41,6555,41,42725,45,293155,499,335880,544,2,561,3,1283,579,3,"Knox County",470313,143.734066462122,0.0895981542011152,115.667651117447,17.4351974110858,8.95981542011152
2021-02-20,45530,137,39016,98,6514,39,42680,115,292656,1007,335336,1122,1,559,2,1280,576,1,"Knox County",470313,155.42840618907,0.0933142652842331,238.564530429735,29.1295371380336,9.33142652842331
2021-02-19,45393,93,38918,41,6475,52,42565,46,291649,274,334214,320,1,558,2,1278,575,2,"Knox County",470313,152.876913885008,0.0915744042034153,68.039794774969,19.7740653564754,9.15744042034153
2021-02-18,45300,149,38877,106,6423,43,42519,114,291375,987,333894,1101,4,557,5,1276,573,6,"Knox County",470313,156.7041523411,0.0950226244343891,234.099418897628,31.6810294420949,9.50226244343891
2021-02-17,45151,113,38771,68,6380,45,42405,76,290388,891,332793,967,1,553,4,1271,567,3,"Knox County",470313,159.255644645162,0.0959218839747272,205.607754835609,24.0265525299109,9.59218839747272
2021-02-16,45038,145,38703,89,6335,56,42329,102,289497,818,331826,920,2,552,4,1267,564,0,"Knox County",470313,165.634375405315,0.1006206507429,195.614409978036,30.8305320074078,10.06206507429
2021-02-15,44893,74,38614,35,6279,39,42227,44,288679,312,330906,356,2,550,1,1263,564,1,"Knox County",470313,168.61111642672,0.101688555347092,75.694271687153,15.7342025417116,10.1688555347092
2021-02-14,44819,162,38579,132,6240,30,42183,134,288367,706,330550,840,2,548,5,1262,563,1,"Knox County",470313,185.621065120462,0.11215783860647,178.604461284294,34.4451461048281,11.215783860647
2021-02-13,44657,132,38447,88,6210,44,42049,104,287661,870,329710,974,4,546,6,1257,562,4,"Knox County",470313,184.557943327103,0.113179992698065,207.096125346312,28.0664153446747,11.3179992698065
2021-02-12,44525,177,38359,112,6166,65,41945,121,286791,996,328736,1117,3,542,3,1251,558,1,"Knox County",470313,202.418389455533,0.110756972111554,237.501408636376,37.6345114849047,11.0756972111554
2021-02-11,44348,162,38247,112,6101,50,41824,117,285795,1132,327619,1249,5,539,5,1248,557,2,"Knox County",470313,205.182506118266,0.108671960143235,265.567823981051,34.4451461048281,10.8671960143235
2021-02-10,44186,147,38135,105,6051,42,41707,111,284663,1032,326370,1143,7,534,6,1243,555,2,"Knox County",470313,212.411734313106,0.111077435975148,243.029641961842,31.2557807247514,11.1077435975148
2021-02-09,44039,206,38030,151,6009,55,41596,160,283631,1022,325227,1182,0,527,6,1237,553,5,"Knox County",470313,225.381820192085,0.115289316426177,251.321991950042,43.8006178863863,11.5289316426177
2021-02-08,43833,103,37879,68,5954,35,41436,72,282609,371,324045,443,4,527,2,1231,548,3,"Knox County",470313,231.547926593566,0.117875647668394,94.1925908915977,21.9003089431931,11.7875647668394
2021-02-07,43730,109,37811,76,5919,33,41364,83,282238,716,323602,799,1,523,2,1229,545,1,"Knox County",470313,220.278835583962,0.111191544809613,169.886862578751,23.1760550952238,11.1191544809613
2021-02-06,43621,299,37735,173,5886,126,41281,194,281522,1396,322803,1590,2,522,6,1227,544,4,"Knox County",470313,255.787103482149,0.114050245912535,338.072730288127,63.5746832428617,11.4050245912535
2021-02-05,43322,173,37562,128,5760,45,41087,142,280126,727,321213,869,8,520,4,1221,540,3,"Knox County",470313,254.936606047462,0.120824742268041,184.770567685775,36.7840140502176,12.0824742268041
2021-02-04,43149,198,37434,148,5715,50,40945,158,279399,1581,320344,1739,2,512,7,1217,537,8,"Knox County",470313,262.591082959646,0.118480360592402,369.753759730222,42.0996230170121,11.8480360592402
2021-02-03,42951,229,37286,165,5665,64,40787,171,277818,1634,318605,1805,5,510,7,1210,529,0,"Knox County",470313,280.026280370732,0.116292868161861,383.78696740256,48.6909781358372,11.6292868161861
2021-02-02,42722,89,37121,68,5601,21,40616,76,276184,291,316800,367,7,505,1,1203,529,2,"Knox County",470313,255.149230406134,0.117708880714661,78.0331396325426,18.9235679217883,11.7708880714661
2021-02-01,42633,152,37053,82,5580,70,40540,97,275893,425,316433,522,4,498,2,1202,527,3,"Knox County",470313,265.567823981051,0.119750357560785,110.989915226668,32.3189025181103,11.9750357560785
2021-01-31,42481,173,36971,119,5510,54,40443,127,275468,939,315911,1066,7,494,4,1200,524,2,"Knox County",470313,279.175782936045,0.121261623523498,226.657566344116,36.7840140502176,12.1261623523498
2021-01-30,42308,276,36852,232,5456,44,40316,250,274529,1518,314845,1768,7,487,9,1196,522,6,"Knox County",470313,274.285422686594,0.125491642084562,375.919866131704,58.6843229934108,12.5491642084562
2021-01-29,42032,101,36620,52,5412,49,40066,62,273011,376,313077,438,4,480,1,1187,516,5,"Knox County",470313,258.976468862226,0.122128487994809,93.1294690982388,21.4750602258496,12.2128487994809
2021-01-28,41931,157,36568,117,5363,40,40004,128,272635,656,312639,784,9,476,6,1186,511,4,"Knox County",470313,250.258870156683,0.134962962962963,166.697497198674,33.3820243114692,13.4962962962963
2021-01-27,41774,169,36451,124,5323,45,39876,125,271979,893,311855,1018,12,467,3,1180,507,4,"Knox County",470313,237.501408636376,0.145061210799933,216.45159712787,35.9335166155305,14.5061210799933
2021-01-26,41605,230,36327,169,5278,61,39751,191,271086,1041,310837,1232,3,455,8,1177,503,7,"Knox County",470313,267.481443209097,0.143526654950205,261.953209883631,48.903602494509,14.3526654950205
2021-01-25,41375,157,36158,106,5217,51,39560,115,270045,415,309605,530,9,452,1,1169,496,4,"Knox County",470313,268.544565002456,0.145991808074898,112.690910096042,33.3820243114692,14.5991808074898
2021-01-24,41218,152,36052,101,5166,51,39445,109,269630,790,309075,899,4,443,2,1168,492,5,"Knox County",470313,264.079453470348,0.1469485680012,191.149298445929,32.3189025181103,14.69485680012
2021-01-23,41066,307,35951,220,5115,87,39336,231,268840,1492,308176,1723,7,439,7,1166,487,4,"Knox County",470313,270.670808589174,0.145078502415459,366.351769991474,65.2756781122359,14.5078502415459
2021-01-22,40759,177,35731,141,5028,36,39105,175,267348,1172,306453,1347,3,432,8,1159,483,8,"Knox County",470313,286.830259848229,0.142572680207089,286.405011130885,37.6345114849047,14.2572680207089
2021-01-21,40582,259,35590,189,4992,70,38930,200,266176,1078,305106,1278,11,429,5,1151,475,6,"Knox County",470313,308.51794443275,0.142768157468544,271.733930382532,55.0697088959905,14.2768157468544
2021-01-20,40323,193,35401,132,4922,61,38730,131,265098,736,303828,867,10,418,8,1146,469,10,"Knox County",470313,313.620929040873,0.146267140680548,184.345318968432,41.0365012236532,14.6267140680549
2021-01-19,40130,310,35269,195,4861,115,38599,218,264362,956,302961,1174,8,408,14,1138,459,3,"Knox County",470313,330.630877734615,0.150805832693784,249.620997080668,65.9135511882512,15.0805832693784
2021-01-18,39820,129,35074,80,4746,49,38381,86,263406,472,301787,558,7,400,4,1124,456,9,"Knox County",470313,324.677395691805,0.146571501401988,118.644392138852,27.4285422686594,14.6571501401988
2021-01-17,39691,180,34994,137,4697,43,38295,150,262934,690,301229,840,3,393,8,1120,447,6,"Knox County",470313,330.630877734615,0.152947219725183,178.604461284294,38.2723845609201,15.2947219725183
2021-01-16,39511,418,34857,338,4654,80,38145,387,262244,1757,300389,2144,1,390,7,1112,441,8,"Knox County",470313,354.232181547182,0.164108187134503,455.866624992292,88.8769819248033,16.4108187134503
2021-01-15,39093,187,34519,149,4574,38,37758,153,260487,755,298245,908,0,389,4,1105,433,10,"Knox County",470313,356.3584251339,0.170549620285751,193.062917673975,39.7607550716225,17.0549620285751
2021-01-14,38906,335,34370,265,4536,70,37605,289,259732,1480,297337,1769,6,389,8,1101,423,7,"Knox County",470313,372.517876392955,0.171186440677966,376.132490490376,71.2291601550457,17.1186440677966
2021-01-13,38571,244,34105,196,4466,48,37316,202,258252,946,295568,1148,12,383,6,1093,416,2,"Knox County",470313,383.361718685216,0.173867228661749,244.092763755201,51.8803435159139,17.3867228661749
2021-01-12,38327,331,33909,260,4418,71,37114,282,257306,1180,294420,1462,10,371,6,1087,414,5,"Knox County",470313,387.826830217323,0.175444557707555,310.85681237814,70.3786627203586,17.5444557707555
2021-01-11,37996,243,33649,196,4347,47,36832,228,256126,726,292958,954,4,361,5,1081,409,6,"Knox County",470313,412.066007105906,0.183306233062331,202.843638172876,51.6677191572421,18.3306233062331
2021-01-10,37753,324,33453,203,4300,121,36604,220,255400,1013,292004,1233,5,357,17,1076,403,6,"Knox County",470313,442.683914754642,0.183094198378041,262.165834242302,68.8902922096561,18.3094198378041
2021-01-09,37429,469,33250,388,4179,81,36384,422,254387,1383,290771,1805,5,352,11,1059,397,2,"Knox County",470313,453.527757046903,0.193555340015088,383.78696740256,99.720824217064,19.3555340015088
2021-01-08,36960,454,32862,366,4098,88,35962,388,253004,1431,288966,1819,7,347,6,1048,395,8,"Knox County",470313,510.298460812268,0.199313052011776,386.763708423964,96.5314588369873,19.9313052011776
2021-01-07,36506,380,32496,338,4010,42,35574,349,251573,1309,287147,1658,10,340,9,1042,387,3,"Knox County",470313,519.866556952498,0.207461057644608,352.531186677808,80.7972562952757,20.7461057644608
2021-01-06,36126,489,32158,358,3968,131,35225,374,250264,1187,285489,1561,9,330,15,1033,384,9,"Knox County",470313,571.959524827083,0.215688143347312,331.906623886646,103.9733113905,21.5688143347312
2021-01-05,35637,514,31800,323,3837,191,34851,342,249077,1192,283928,1534,14,321,14,1018,375,6,"Knox County",470313,610.869782464019,0.219897765997728,326.165766202508,109.288920357294,21.9897765997728
2021-01-04,35123,321,31477,228,3646,93,34509,249,247885,654,282394,903,6,307,6,1004,369,8,"Knox County",470313,627.454482440417,0.222962046989442,191.999795880616,68.2524191336408,22.2962046989442
2021-01-03,34802,283,31249,182,3553,101,34260,195,247231,608,281491,803,2,301,9,998,361,9,"Knox County",470313,618.736883734874,0.229991074085094,170.737360013438,60.1726935041132,22.9991074085094
2021-01-02,34519,420,31067,318,3452,102,34065,343,246623,1095,280688,1438,0,299,23,989,352,4,"Knox County",470313,608.318290159957,0.230547550432277,305.753827770017,89.3022306421468,23.0547550432277
2021-01-01,34099,417,30749,347,3350,70,33722,373,245528,1297,279250,1670,2,299,9,966,348,6,"Knox County",470313,600.451188889102,0.232570293717989,355.08267898187,88.6643575661315,23.2570293717989
2020-12-31,33682,449,30402,312,3280,137,33349,322,244231,929,277580,1251,12,297,8,957,342,3,"Knox County",470313,615.122269637454,0.239956331877729,265.993072698394,95.4683370436284,23.9956331877729
2020-12-30,33233,363,30090,248,3143,115,33027,271,243302,931,276329,1202,6,285,9,949,339,4,"Knox County",470313,588.33160044481,0.238041131689581,255.574479123477,77.1826421978555,23.8041131689581
2020-12-29,32870,590,29842,398,3028,192,32756,420,242371,1081,275127,1501,7,279,14,940,335,8,"Knox County",470313,604.491051703865,0.24783302919708,319.149162366339,125.448371616349,24.783302919708
2020-12-28,32280,252,29444,174,2836,78,32336,185,241290,565,273626,750,4,272,4,926,327,5,"Knox County",470313,589.819970955513,0.244805571677307,159.468269003834,53.5813383852881,24.4805571677307
2020-12-27,32028,230,29270,156,2758,74,32151,172,240725,489,272876,661,3,268,8,922,322,7,"Knox County",470313,578.550879945908,0.24619379204532,140.544701082045,48.903602494509,24.619379204532
2020-12-26,31798,359,29114,289,2684,70,31979,329,240236,1063,272215,1392,0,265,10,914,315,6,"Knox County",470313,565.58079406693,0.245876349827934,295.973107271115,76.3321447631684,24.5876349827934
2020-12-25,31439,353,28825,287,2614,66,31650,308,239173,1070,270823,1378,1,265,5,904,309,7,"Knox County",470313,551.972835111936,0.246711739397664,292.99636624971,75.0563986111377,24.6711739397664
2020-12-24,31086,351,28538,277,2548,74,31342,311,238103,1273,269445,1584,5,264,8,899,302,7,"Knox County",470313,531.135647962102,0.235710911667454,336.796984136097,74.6311498937941,23.5710911667454
2020-12-23,30735,472,28261,351,2474,121,31031,371,236830,1411,267861,1782,6,259,9,891,295,6,"Knox County",470313,554.311703057326,0.231653404067197,378.896607153109,100.358697293079,23.1653404067197
2020-12-22,30263,530,27910,392,2353,138,30660,432,235419,1470,266079,1902,7,253,15,882,289,6,"Knox County",470313,541.554241537019,0.223092390729178,404.411530193722,112.690910096042,22.3092390729178
2020-12-21,29733,442,27518,361,2215,81,30228,391,233949,1422,264177,1813,2,246,5,867,283,3,"Knox County",470313,581.952869684657,0.220129375951294,385.487962271934,93.9799665329259,22.0129375951294
2020-12-20,29291,514,27157,431,2134,83,29837,478,232527,2245,262364,2723,2,244,7,862,280,6,"Knox County",470313,642.338187547442,0.208366470494672,578.976128663252,109.288920357294,20.8366470494672
2020-12-19,28777,525,26726,441,2051,84,29359,489,230282,1445,259641,1934,6,242,14,855,274,7,"Knox County",470313,677.633831086957,0.211954864287893,411.215509671219,111.627788302684,21.1954864287893
2020-12-18,28252,480,26285,420,1967,60,28870,430,228837,1358,257707,1788,4,236,11,841,267,6,"Knox County",470313,704.637124638273,0.214549756025432,380.172353305139,102.059692162454,21.4549756025433
2020-12-17,27772,733,25865,635,1907,98,28440,663,227479,1898,255919,2561,11,232,11,830,261,4,"Knox County",470313,785.859629650892,0.224367372267807,544.530982558424,155.853654906413,22.4367372267807
2020-12-16,27039,564,25230,453,1809,111,27777,472,225581,1729,253358,2201,8,221,11,819,257,4,"Knox County",470313,805.421070648696,0.224835812893714,467.986213436584,119.920138290883,22.4835812893714
2020-12-15,26475,765,24777,675,1698,90,27305,716,223852,2415,251157,3131,2,213,15,808,253,8,"Knox County",470313,855.387794936564,0.225311126246053,665.726867001337,162.65763438391,22.5311126246053
2020-12-14,25710,472,24102,411,1608,61,26589,461,221437,1624,248026,2085,6,211,7,793,245,8,"Knox County",470313,861.766525696717,0.225841807221579,443.321787830657,100.358697293079,22.584180722158
2020-12-13,25238,628,23691,572,1547,56,26128,754,219813,2935,245941,3689,2,205,10,786,237,6,"Knox County",470313,886.0057025853,0.229167864742078,784.37125914019,133.528097245877,22.9167864742078
2020-12-12,24610,464,23119,392,1491,72,25374,454,216878,2171,242252,2625,3,203,19,776,231,4,"Knox County",470313,873.035616706321,0.218473451327434,558.138941513418,98.6577024237051,21.8473451327434
2020-12-11,24146,557,22727,523,1419,34,24920,429,214707,1406,239627,1835,6,200,10,757,227,2,"Knox County",470313,889.407692324048,0.21785182324709,390.165698162713,118.43176778018,21.785182324709
2020-12-10,23589,473,22204,415,1385,58,24491,538,213301,1910,237792,2448,8,194,9,747,225,10,"Knox County",470313,834.125359069386,0.212279338292439,520.504430028513,100.571321651751,21.2279338292439
2020-12-09,23116,407,21789,337,1327,70,23953,359,211391,924,235344,1283,2,186,13,738,215,3,"Knox County",470313,800.743334757917,0.217068320074871,272.797052175891,86.5381139794137,21.7068320074871
2020-12-08,22709,491,21452,446,1257,45,23594,538,210467,2077,234061,2615,9,184,10,725,212,2,"Knox County",470313,742.484260481849,0.213088057901086,556.0126979267,104.398560107843,21.3088057901086
2020-12-07,22218,323,21006,271,1212,52,23056,317,208390,1135,231446,1452,3,175,6,715,210,3,"Knox County",470313,710.803231039754,0.212516460776322,308.730568791422,68.6776678509843,21.2516460776322
2020-12-06,21895,332,20735,291,1160,41,22739,187,207255,668,229994,855,6,172,6,709,207,4,"Knox County",470313,647.866420872908,0.215206283840464,181.79382666437,70.5912870790304,21.5206283840464
2020-12-05,21563,289,20444,263,1119,26,22552,213,206587,714,229139,927,2,166,8,703,203,2,"Knox County",470313,610.657158105347,0.22610600087604,197.102780488738,61.4484396561439,22.610600087604
2020-12-04,21274,354,20181,322,1093,32,22339,297,205873,1091,228212,1388,5,164,11,695,201,5,"Knox County",470313,567.494413294976,0.223285922684172,295.122609836428,75.2690229698095,22.3285922684172
2020-12-03,20920,441,19859,424,1061,17,22042,448,204782,1215,226824,1663,2,159,10,684,196,2,"Knox County",470313,560.690433817479,0.231660610821958,353.594308471167,93.7673421742542,23.1660610821958
2020-12-02,20479,192,19435,170,1044,22,21594,185,203567,575,225161,760,2,157,7,674,194,5,"Knox County",470313,514.976196703047,0.226190476190476,161.594512590551,40.8238768649814,22.6190476190476
2020-12-01,20287,403,19265,380,1022,23,21409,409,202992,1832,224401,2241,5,155,7,667,189,3,"Knox County",470313,496.26525313993,0.221408572043937,476.491187783455,85.6876165447266,22.1408572043937
2020-11-30,19884,385,18885,371,999,14,21000,436,201160,1815,222160,2251,1,150,3,660,186,3,"Knox County",470313,509.44796337758,0.215666831928607,478.617431370173,81.8603780886346,21.5666831928607
2020-11-29,19499,226,18514,218,985,8,20564,260,199345,1464,219909,1724,0,149,5,657,183,6,"Knox County",470313,486.909781358372,0.205221836771955,366.564394350146,48.0531050598219,20.5221836771955
2020-11-28,19273,270,18296,256,977,14,20304,299,197881,1967,218185,2266,0,149,8,652,177,4,"Knox County",470313,482.869918543608,0.189864150329456,481.806796750249,57.4085768413801,18.9864150329456
2020-11-27,19003,235,18040,215,963,20,20005,249,195914,1247,215919,1496,3,149,12,644,173,3,"Knox County",470313,457.567619861667,0.184339972582856,318.08604057298,49.9667242878679,18.4339972582856
2020-11-26,18768,344,17825,341,943,3,19756,441,194667,1429,214423,1870,4,146,5,632,170,6,"Knox County",470313,436.943057070504,0.180758248730964,397.607550716225,73.1427793830917,18.0758248730964
2020-11-25,18424,219,17484,193,940,26,19315,123,193238,325,212553,448,0,142,3,627,164,2,"Knox County",470313,442.683914754642,0.18030253741054,95.2557126849566,46.5647345491194,18.030253741054
2020-11-24,18205,153,17291,130,914,23,19192,116,192913,673,212105,789,2,142,6,624,162,2,"Knox County",470313,389.527825086698,0.177425304315751,167.760618992033,32.5315268767821,17.7425304315751
2020-11-23,18052,167,17161,147,891,20,19076,100,192240,391,211316,491,3,140,7,618,160,7,"Knox County",470313,343.17571489625,0.174812857771907,104.398560107843,35.508267898187,17.4812857771907
2020-11-22,17885,220,17014,212,871,8,18976,258,191849,1804,210825,2062,2,137,5,611,153,2,"Knox County",470313,341.899968744219,0.168329441732116,438.431427581207,46.7773589077912,16.8329441732116
2020-11-21,17665,173,16802,169,863,4,18718,198,190045,1465,208763,1663,0,135,4,606,151,2,"Knox County",470313,321.275405953057,0.168386438371697,353.594308471167,36.7840140502176,16.8386438371697
2020-11-20,17492,178,16633,169,859,9,18520,163,188580,791,207100,954,7,135,5,602,149,4,"Knox County",470313,309.155817508765,0.169022592726833,202.843638172876,37.8471358435765,16.9022592726833
2020-11-19,17314,166,16464,148,850,18,18357,128,187789,663,206146,791,2,128,4,597,145,5,"Knox County",470313,271.308681665189,0.15087524312309,168.185867709377,35.2956435395152,15.087524312309
2020-11-18,17148,168,16316,163,832,5,18229,179,187126,874,205355,1053,0,126,7,593,140,2,"Knox County",470313,260.464839372928,0.146353966423171,223.893449681382,35.7208922568587,14.6353966423171
2020-11-17,16980,248,16153,240,827,8,18050,260,186252,1033,204302,1293,9,126,7,586,138,1,"Knox County",470313,280.664153446747,0.154809197062718,274.923295762609,52.730840950601,15.4809197062718
2020-11-16,16732,272,15913,261,819,11,17790,286,185219,1409,203009,1695,2,117,6,579,137,2,"Knox County",470313,302.989711107284,0.154768163179476,360.398287948664,57.8338255587237,15.4768163179476
2020-11-15,16460,274,15652,247,808,27,17504,295,183810,2278,201314,2573,2,115,3,573,135,4,"Knox County",470313,314.47142647556,0.150568748752744,547.082474862485,58.2590742760672,15.0568748752744
2020-11-14,16186,306,15405,293,781,13,17209,321,181532,1699,198741,2020,0,113,7,570,131,3,"Knox County",470313,342.750466178906,0.157240581944311,429.501204516992,65.0630537535641,15.7240581944311
2020-11-13,15880,219,15112,200,768,19,16888,190,179833,965,196721,1155,4,113,6,563,128,1,"Knox County",470313,351.468064884449,0.156805293005671,245.581134265904,46.5647345491194,15.6805293005671
2020-11-12,15661,143,14912,130,749,13,16698,136,178868,955,195566,1091,1,109,3,557,127,2,"Knox County",470313,346.577704634998,0.153216911764706,231.97317531091,30.4052832900643,15.3216911764706
2020-11-11,15518,191,14782,177,736,14,16562,191,177913,1229,194475,1420,3,108,7,554,125,2,"Knox County",470313,351.468064884449,0.149284253578732,301.926589313925,40.6112525063096,14.9284253578732
2020-11-10,15327,168,14605,163,722,5,16371,186,176684,1131,193055,1317,2,105,4,547,123,2,"Knox County",470313,334.458116190707,0.142400851743412,280.026280370732,35.7208922568587,14.2400851743412
2020-11-09,15159,135,14442,121,717,14,16185,131,175553,490,191738,621,1,103,2,543,121,2,"Knox County",470313,305.328579052673,0.142198685888006,132.039726735174,28.70428842069,14.2198685888006
2020-11-08,15024,215,14321,203,703,12,16054,252,175063,2624,191117,2876,1,102,3,541,119,5,"Knox County",470313,292.783741891039,0.134,611.507655540034,45.7142371144323,13.4
2020-11-07,14809,169,14118,161,691,8,15802,187,172439,1918,188241,2105,1,101,5,538,114,0,"Knox County",470313,263.654204753005,0.120264525271611,447.574275004093,35.9335166155305,12.0264525271611
2020-11-06,14640,155,13957,138,683,17,15615,160,170521,1235,186136,1395,0,100,5,533,114,3,"Knox County",470313,250.046245798011,0.114826789838337,296.61098034713,32.9567755941256,11.4826789838337
2020-11-05,14485,158,13819,142,666,16,15455,151,169286,613,184741,764,1,100,6,528,111,1,"Knox County",470313,253.235611178088,0.119832349018861,162.445010025239,33.594648670141,11.9832349018861
2020-11-04,14327,145,13677,133,650,12,15304,148,168673,934,183977,1082,-1,99,5,522,110,2,"Knox County",470313,243.454890679186,0.119586614173228,230.059556082864,30.8305320074078,11.9586614173228
2020-11-03,14182,196,13544,183,638,13,15156,195,167739,837,182895,1032,3,100,5,517,108,1,"Knox County",470313,249.408372721996,0.123949367088608,219.428338149275,41.6743742996685,12.3949367088608
2020-11-02,13986,116,13361,110,625,6,14961,115,166902,806,181863,921,1,97,2,512,107,2,"Knox County",470313,245.368509907232,0.118722358722359,195.827034336708,24.6644256059263,11.8722358722359
2020-11-01,13870,124,13251,116,619,8,14846,131,166096,1273,180942,1404,0,96,3,510,105,2,"Knox County",470313,226.0196932681,0.124899459956337,298.524599575177,26.3654204753005,12.4899459956337
2020-10-31,13746,5,13135,5,611,0,14715,7,164823,4,179538,11,0,96,0,507,103,1,"Knox County",470313,191.149298445929,0.137237100922984,2.33886794538956,1.06312179335889,13.7237100922984
2020-10-30,13741,156,13130,146,611,10,14708,148,164819,854,179527,1002,1,96,4,507,102,0,"Knox County",470313,191.3619228046,0.143983268983269,213.049607389122,33.1693999527974,14.3983268983269
2020-10-29,13585,152,12984,138,601,14,14560,136,163965,1569,178525,1705,0,95,4,503,102,1,"Knox County",470313,190.08617665257,0.122956546038843,362.524531535382,32.3189025181103,12.2956546038843
2020-10-28,13433,103,12846,96,587,7,14424,102,162396,1055,176820,1157,3,95,8,499,101,1,"Knox County",470313,181.155953588355,0.115320796460177,246.006382983247,21.9003089431931,11.5320796460177
2020-10-27,13330,119,12750,113,580,6,14322,127,161341,799,175663,926,1,92,3,491,100,2,"Knox County",470313,164.783877970628,0.107493685096829,196.890156130067,25.3022986819416,10.7493685096829
2020-10-26,13211,81,12637,74,574,7,14195,73,160542,372,174737,445,2,91,2,488,98,0,"Knox County",470313,157.342025417116,0.108872180451128,94.6178396089413,17.222573052414,10.8872180451128
2020-10-25,13130,132,12563,121,567,11,14122,151,160170,1365,174292,1516,0,89,3,486,98,1,"Knox County",470313,159.04302028649,0.11002661934339,322.338527746416,28.0664153446747,11.002661934339
2020-10-24,12998,172,12442,167,556,5,13971,202,158805,1788,172776,1990,0,89,5,483,97,1,"Knox County",470313,194.551288184677,0.107424779773481,423.122473756839,36.5713896915458,10.7424779773481
2020-10-23,12826,159,12275,148,551,11,13769,172,157017,1239,170786,1411,1,89,5,478,96,0,"Knox County",470313,195.189161260692,0.105245901639344,300.012970085879,33.8072730288127,10.5245901639344
2020-10-22,12667,182,12127,168,540,14,13597,169,155778,1607,169375,1776,1,88,5,473,96,0,"Knox County",470313,201.567892020846,0.108014315150201,377.620861001078,38.6976332782636,10.8014315150201
2020-10-21,12485,72,11959,68,526,4,13428,74,154171,682,167599,756,0,87,1,468,96,1,"Knox County",470313,194.976536902021,0.109750566893424,160.744015155864,15.308953824368,10.9750566893424
2020-10-20,12413,127,11891,121,522,6,13354,150,153489,739,166843,889,0,87,7,467,95,1,"Knox County",470313,196.677531771395,0.112831606512581,189.023054859211,27.0032935513158,11.2831606512581
2020-10-19,12286,112,11770,107,516,5,13204,117,152750,939,165954,1056,1,87,6,460,94,0,"Knox County",470313,203.26888689022,0.110176708537364,224.531322757398,23.8139281712392,11.0176708537364
2020-10-18,12174,140,11663,135,511,5,13087,168,151811,1431,164898,1599,0,86,7,454,94,1,"Knox County",470313,204.969881759594,0.111005592487074,339.986349516173,29.7674102140489,11.1005592487074
2020-10-17,12034,128,11528,125,506,3,12919,154,150380,1458,163299,1612,1,86,3,447,93,1,"Knox County",470313,195.614409978036,0.110341795801736,342.750466178906,27.2159179099876,11.0341795801736
2020-10-16,11906,72,11403,71,503,1,12765,61,148922,390,161687,451,1,85,3,444,92,2,"Knox County",470313,177.116090773591,0.109718638653397,95.893585760972,15.308953824368,10.9718638653397
2020-10-15,11834,74,11332,62,502,12,12704,66,148532,941,161236,1007,1,84,3,441,90,2,"Knox County",470313,154.152660037039,0.10719131614654,214.112729182481,15.7342025417116,10.719131614654
2020-10-14,11760,149,11270,143,490,6,12638,150,147591,1086,160229,1236,0,83,5,438,88,0,"Knox County",470313,170.524735654766,0.11031847133758,262.803707318318,31.6810294420949,11.031847133758
2020-10-13,11611,71,11127,68,484,3,12488,63,146505,581,158993,644,1,83,6,433,88,1,"Knox County",470313,158.617771569146,0.102432610124918,136.930086984625,15.0963294656962,10.2432610124918
2020-10-12,11540,79,11059,66,481,13,12425,87,145924,806,158349,893,0,82,5,427,87,2,"Knox County",470313,151.601167732978,0.100644987906477,189.873552293898,16.7973243350705,10.0644987906477
2020-10-11,11461,170,10993,163,468,7,12338,179,145118,1612,157456,1791,0,82,8,422,85,0,"Knox County",470313,157.979898493131,0.0995546240503013,380.810226381155,36.1461409742023,9.95546240503013
2020-10-10,11291,130,10830,122,461,8,12159,132,143506,1393,155665,1525,0,82,3,414,85,0,"Knox County",470313,158.405147210475,0.0977872002120048,324.252146974462,27.6411666273312,9.77872002120048
2020-10-09,11161,120,10708,118,453,2,12027,134,142113,1336,154140,1470,0,82,3,411,85,0,"Knox County",470313,168.61111642672,0.0946766285314032,312.557807247514,25.5149230406134,9.46766285314032
2020-10-08,11041,110,10590,102,451,8,11893,103,140777,943,152670,1046,1,82,4,408,85,0,"Knox County",470313,176.265593338904,0.0985473561882626,222.40507917068,23.3886794538956,9.85473561882626
2020-10-07,10931,104,10488,88,443,16,11790,95,139834,1649,151624,1744,0,81,5,404,85,1,"Knox County",470313,166.697497198674,0.087018544935806,370.816881523581,22.1129333018649,8.7018544935806
2020-10-06,10827,115,10400,102,427,13,11695,114,138185,1392,149880,1506,0,81,4,399,84,0,"Knox County",470313,176.052968980232,0.0846115288220551,320.212284159698,24.4518012472545,8.46115288220551
2020-10-05,10712,118,10298,109,414,9,11581,123,136793,1238,148374,1361,0,81,5,395,84,2,"Knox County",470313,184.345318968432,0.0842669730920234,289.38175215229,25.0896743232698,8.42669730920234
2020-10-04,10594,96,10189,89,405,7,11458,99,135555,1827,147013,1926,1,81,2,390,82,0,"Knox County",470313,168.61111642672,0.0756286632633768,409.514514801845,20.4119384324907,7.56286632633768
2020-10-03,10498,77,10100,76,398,1,11359,92,133728,1864,145087,1956,0,80,2,388,82,0,"Knox County",470313,157.342025417116,0.0690344263784177,415.893245561998,16.3720756177269,6.90344263784177
2020-10-02,10421,82,10024,79,397,3,11267,82,131864,602,143131,684,0,80,1,386,82,0,"Knox County",470313,149.262299787588,0.0692556001173824,145.435061331496,17.4351974110858,6.92556001173824
2020-10-01,10339,71,9945,68,394,3,11185,73,131262,683,142447,756,0,80,1,385,82,0,"Knox County",470313,140.969949799389,0.0682573240712776,160.744015155864,15.0963294656962,6.82573240712776
2020-09-30,10268,75,9877,72,391,3,11112,70,130579,675,141691,745,1,80,2,384,82,0,"Knox County",470313,134.803843397907,0.0730915603313186,158.405147210475,15.9468269003834,7.30915603313186
2020-09-29,10193,80,9805,75,388,5,11042,87,129904,1140,140946,1227,-1,79,2,382,82,1,"Knox County",470313,127.361990844395,0.0723281340265742,260.890088090272,17.0099486937423,7.23281340265742
2020-09-28,10113,57,9730,51,383,6,10955,49,128764,431,139719,480,1,80,3,380,81,2,"Knox County",470313,114.391904965417,0.0710059171597633,102.059692162454,12.1195884442914,7.10059171597633
2020-09-27,10056,72,9679,67,377,5,10906,79,128333,978,139239,1057,0,79,3,377,79,0,"Knox County",470313,109.288920357294,0.0770456191165822,224.74394711607,15.308953824368,7.70456191165822
2020-09-26,9984,127,9612,122,372,5,10827,136,127355,2087,138182,2223,4,79,5,374,79,0,"Knox County",470313,119.920138290883,0.0803123257110987,472.663949327363,27.0032935513158,8.03123257110987
2020-09-25,9857,102,9490,100,367,2,10691,103,125268,1439,135959,1542,0,75,1,369,79,3,"Knox County",470313,124.172625464318,0.074346201743462,327.866761071882,21.6876845845214,7.4346201743462
2020-09-24,9755,92,9390,89,365,3,10588,105,123829,1715,134417,1820,0,75,3,368,76,0,"Knox County",470313,128.637736996426,0.0691664833956455,386.976332782636,19.5614409978036,6.91664833956455
2020-09-23,9663,53,9301,52,362,1,10483,49,122114,432,132597,481,2,75,2,365,76,0,"Knox County",470313,123.960001105647,0.0688561721404304,102.272316521125,11.2690910096042,6.88561721404304
2020-09-22,9610,82,9249,75,361,7,10434,88,121682,1141,132116,1229,1,73,3,363,76,0,"Knox County",470313,124.38524982299,0.0689538043478261,261.315336807615,17.4351974110858,6.89538043478261
2020-09-21,9528,34,9174,30,354,4,10346,32,120541,379,130887,411,0,72,2,360,76,0,"Knox County",470313,119.494889573539,0.067556772794705,87.3886114141008,7.22922819484046,6.7556772794705
2020-09-20,9494,97,9144,78,350,19,10314,88,120162,707,130476,795,0,72,1,358,76,2,"Knox County",470313,124.810498540334,0.0706975649923538,169.036365144064,20.6245627911625,7.06975649923538
2020-09-19,9397,132,9066,129,331,3,10226,136,119455,1466,129681,1602,1,72,5,357,74,0,"Knox County",470313,125.873620333693,0.0762690355329949,340.624222592189,28.0664153446747,7.62690355329949
2020-09-18,9265,118,8937,114,328,4,10090,129,117989,1606,128079,1735,3,71,3,352,74,0,"Knox County",470313,129.275610072441,0.0776662950575994,368.903262295535,25.0896743232698,7.76662950575994
2020-09-17,9147,126,8823,119,324,7,9961,124,116383,1516,126344,1640,0,68,6,349,74,2,"Knox County",470313,136.504838267282,0.0818446724946155,348.703948221716,26.790669192644,8.18446724946155
2020-09-16,9021,99,8704,77,317,22,9837,117,114867,768,124704,885,1,68,3,343,72,1,"Knox County",470313,146.285558766183,0.0860552006749428,188.172557424524,21.049811508506,8.60552006749428
2020-09-15,8922,132,8627,126,295,6,9720,136,114099,1338,123819,1474,0,67,3,340,71,0,"Knox County",470313,156.916776699772,0.089206274877078,313.408304682201,28.0664153446747,8.9206274877078
2020-09-14,8790,127,8501,124,289,3,9584,136,112761,901,122345,1037,0,67,5,337,71,0,"Knox County",470313,176.690842056248,0.0944589877835951,220.491459942634,27.0032935513158,9.44589877835951
2020-09-13,8663,143,8377,136,286,7,9448,148,111860,1008,121308,1156,0,67,0,332,71,0,"Knox County",470313,186.471562555149,0.0971770385140099,245.793758624576,30.4052832900643,9.71770385140099
2020-09-12,8520,130,8241,123,279,7,9300,141,110852,1178,120152,1319,1,67,1,332,71,2,"Knox County",470313,186.046313837806,0.100692191217824,280.451529088075,27.6411666273312,10.0692191217824
2020-09-11,8390,103,8118,94,272,9,9159,105,109674,773,118833,878,0,66,5,331,69,2,"Knox County",470313,182.856948457729,0.108117773274526,186.684186913821,21.9003089431931,10.8117773274526
2020-09-10,8287,192,8024,189,263,3,9054,192,108901,1501,117955,1693,0,66,5,326,67,0,"Knox County",470313,196.890156130067,0.115493958777541,359.97303923132,40.8238768649814,11.5493958777541
2020-09-09,8095,91,7835,82,260,9,8862,93,107400,1710,116262,1803,0,66,2,321,67,0,"Knox County",470313,195.189161260692,0.101602564102564,383.361718685216,19.3488166391318,10.1602564102564
2020-09-08,8004,126,7753,124,251,2,8769,133,105690,702,114459,835,1,66,8,319,67,0,"Knox County",470313,193.913415108662,0.108703130374957,177.541339490935,26.790669192644,10.8703130374957
2020-09-07,7878,95,7629,92,249,3,8636,98,104988,347,113624,445,1,65,0,311,67,0,"Knox County",470313,187.109435631165,0.111944888670193,94.6178396089413,20.1993140738189,11.1944888670193
2020-09-06,7783,96,7537,92,246,4,8538,94,104641,476,113179,570,0,64,1,311,67,3,"Knox County",470313,177.116090773591,0.113482699191303,121.195884442914,20.4119384324907,11.3482699191303
2020-09-05,7687,284,7445,282,242,2,8444,295,104165,1506,112609,1801,0,64,4,310,64,0,"Knox County",470313,209.860242009045,0.125856697819315,382.936469967872,60.385317862785,12.5856697819315
2020-09-04,7403,93,7163,89,240,4,8149,97,102659,565,110808,662,1,64,0,306,64,0,"Knox County",470313,207.733998422327,0.12831348444103,140.757325440717,19.7740653564754,12.831348444103
2020-09-03,7310,190,7074,184,236,6,8052,198,102094,1798,110146,1996,2,63,6,306,64,1,"Knox County",470313,207.308749704984,0.124260355029586,424.398219908869,40.3986281476379,12.4260355029586
2020-09-02,7120,124,6890,120,230,4,7854,121,100296,1461,108150,1582,2,61,5,300,63,1,"Knox County",470313,214.325353541152,0.131288810036751,336.371735418753,26.3654204753005,13.1288810036751
2020-09-01,6996,153,6770,146,226,7,7733,158,98835,660,106568,818,2,59,4,295,62,3,"Knox County",470313,220.06621122529,0.134747269494539,173.926725393515,32.5315268767821,13.4747269494539
2020-08-31,6843,99,6624,93,219,6,7575,94,98175,431,105750,525,0,57,3,291,59,0,"Knox County",470313,220.916708659978,0.132889112396279,111.627788302684,21.049811508506,13.2889112396279
2020-08-30,6744,72,6531,71,213,1,7481,76,97744,423,105225,499,1,57,1,288,59,2,"Knox County",470313,215.813724051855,0.131802613218318,106.099554977217,15.308953824368,13.1802613218318
2020-08-29,6672,118,6460,113,212,5,7405,125,97321,1391,104726,1516,5,56,3,287,57,0,"Knox County",470313,180.51808051234,0.114372203211371,322.338527746416,25.0896743232698,11.4372203211371
2020-08-28,6554,89,6347,85,207,4,7280,91,95930,309,103210,400,0,51,3,284,57,0,"Knox County",470313,179.667583077653,0.117639040348964,85.0497434687113,18.9235679217883,11.7639040348964
2020-08-27,6465,116,6262,112,203,4,7189,134,95621,1986,102810,2120,0,51,2,281,57,1,"Knox County",470313,163.933380535941,0.107104557640751,450.76364038417,24.6644256059263,10.7104557640751
2020-08-26,6349,77,6150,76,199,1,7055,86,93635,794,100690,880,0,51,3,279,56,1,"Knox County",470313,153.940035678367,0.113051198579461,187.109435631165,16.3720756177269,11.3051198579461
2020-08-25,6272,87,6074,82,198,5,6969,96,92841,896,99810,992,2,51,3,276,55,0,"Knox County",470313,139.90682800603,0.101269474899019,210.923363802404,18.4983192044447,10.1269474899019
2020-08-24,6185,32,5992,28,193,4,6873,29,91945,261,98818,290,0,49,1,273,55,0,"Knox County",470313,125.660995975021,0.095117216664178,61.6610640148157,6.8039794774969,9.5117216664178
2020-08-23,6153,76,5964,75,189,1,6844,74,91684,565,98528,639,0,49,3,272,55,0,"Knox County",470313,126.511493409708,0.092876992833114,135.866965191266,16.1594512590551,9.28769928331139
2020-08-22,6077,136,5889,135,188,1,6770,153,91119,1892,97889,2045,0,49,4,269,55,0,"Knox County",470313,130.3387318658,0.0900081455335325,434.816813483786,28.9169127793618,9.00081455335325
2020-08-21,5941,30,5754,30,187,0,6617,41,89227,262,95844,303,1,49,1,265,55,0,"Knox County",470313,117.793894704165,0.0843307194937405,64.4251806775488,6.37873076015334,8.43307194937405
2020-08-20,5911,119,5724,117,187,2,6576,130,88965,2068,95541,2198,3,48,3,264,55,0,"Knox County",470313,118.43176778018,0.0828909759085341,467.348340360568,25.3022986819416,8.28909759085341
2020-08-19,5792,46,5607,41,185,5,6446,48,86897,608,93343,656,2,45,4,261,55,0,"Knox County",470313,111.840412661355,0.080162852730591,139.481579288686,9.7807204989018,8.0162852730591
2020-08-18,5746,134,5566,132,180,2,6398,152,86289,1163,92687,1315,0,43,4,257,55,1,"Knox County",470313,121.833757518929,0.0842062852538276,279.601031653388,28.4916640620183,8.42062852538276
2020-08-17,5612,50,5434,42,178,8,6246,50,85126,289,91372,339,1,43,0,253,54,1,"Knox County",470313,125.660995975021,0.0864576384256171,72.0796575897328,10.6312179335889,8.64576384256171
2020-08-16,5562,83,5392,78,170,5,6196,82,84837,587,91033,669,0,42,1,253,53,1,"Knox County",470313,127.149366485723,0.0871760797342193,142.24569595142,17.6478217697576,8.71760797342193
2020-08-15,5479,119,5314,116,165,3,6114,132,84250,1223,90364,1355,1,42,2,252,52,0,"Knox County",470313,123.534752388303,0.0929041697147037,288.106006000259,25.3022986819416,9.29041697147037
2020-08-14,5360,91,5198,83,162,8,5982,96,83027,1024,89009,1120,0,41,2,250,52,1,"Knox County",470313,136.504838267282,0.0901725039205436,238.139281712392,19.3488166391318,9.01725039205436
2020-08-13,5269,127,5115,126,154,1,5886,229,82003,1778,87889,2007,1,41,4,248,51,1,"Knox County",470313,138.205833136656,0.105749899477282,426.737087854259,27.0032935513158,10.5749899477282
2020-08-12,5142,79,4989,72,153,7,5657,88,80225,892,85882,980,0,40,1,244,50,0,"Knox County",470313,145.222436972824,0.106486833654464,208.371871498343,16.7973243350705,10.6486833654464
2020-08-11,5063,111,4917,108,146,3,5569,117,79333,1121,84902,1238,0,40,5,243,50,2,"Knox County",470313,140.332076723374,0.103009859885833,263.228956035661,23.6013038125674,10.3009859885833
2020-08-10,4952,37,4809,35,143,2,5452,35,78212,365,83664,400,1,40,0,238,48,0,"Knox County",470313,137.56796006064,0.100270305058566,85.0497434687113,7.86710127085579,10.0270305058566
2020-08-09,4915,85,4774,81,141,4,5417,109,77847,826,83264,935,1,39,4,238,48,1,"Knox County",470313,137.993208777984,0.10031113876789,198.803775358113,18.0730704871011,10.031113876789
2020-08-08,4830,157,4693,156,137,1,5308,176,77021,2284,82329,2460,1,38,4,234,47,2,"Knox County",470313,146.072934407512,0.0929978118161926,523.055922332574,33.3820243114692,9.29978118161926
2020-08-07,4673,50,4537,46,136,4,5132,44,74737,403,79869,447,0,37,0,230,45,2,"Knox County",470313,137.355335701969,0.0942482579426007,95.0430883262848,10.6312179335889,9.42482579426007
2020-08-06,4623,113,4491,105,132,8,5088,121,74334,1463,79422,1584,-1,37,5,230,43,1,"Knox County",470313,134.378594680564,0.0857782197911487,336.796984136097,24.0265525299109,8.57782197911487
2020-08-05,4510,99,4386,99,124,0,4967,100,72871,1107,77838,1207,1,38,3,225,42,1,"Knox County",470313,138.631081853999,0.0848748639825898,256.637600916836,21.049811508506,8.48748639825898
2020-08-04,4411,112,4287,111,124,1,4867,106,71764,1082,76631,1188,1,37,9,222,41,0,"Knox County",470313,138.843706212671,0.0840530349105948,252.597738102072,23.8139281712392,8.40530349105948
2020-08-03,4299,50,4176,50,123,0,4761,81,70682,593,75443,674,2,36,1,213,41,1,"Knox County",470313,141.607822875404,0.0867569158328429,143.308817744778,10.6312179335889,8.67569158328429
2020-08-02,4249,97,4126,91,123,6,4680,95,70089,692,74769,787,3,34,2,212,40,0,"Knox County",470313,144.159315179466,0.0866179465676291,167.335370274689,20.6245627911625,8.66179465676291
2020-08-01,4152,118,4035,110,117,8,4585,118,69397,1417,73982,1535,1,31,1,210,40,1,"Knox County",470313,135.866965191266,0.0895984909727836,326.37839056118,25.0896743232698,8.95984909727836
2020-07-31,4034,117,3925,114,109,3,4467,116,67980,1060,72447,1176,2,30,1,209,39,3,"Knox County",470313,150.112797222275,0.0904183535762483,250.046245798011,24.877049964598,9.04183535762483
2020-07-30,3917,189,3811,186,106,3,4351,227,66920,2420,71271,2647,1,28,7,208,36,2,"Knox County",470313,166.27224848133,0.0914912090297374,562.816677404197,40.1860037889661,9.14912090297373
2020-07-29,3728,75,3625,71,103,4,4124,60,64500,438,68624,498,0,27,3,201,34,4,"Knox County",470313,161.169263873208,0.0944150499706055,105.886930618546,15.9468269003834,9.44150499706055
2020-07-28,3653,154,3554,152,99,2,4064,186,64062,1211,68126,1397,1,27,3,198,30,0,"Knox County",470313,170.099486937423,0.101331191186596,297.036229064474,32.7441512354538,10.1331191186596
2020-07-27,3499,83,3402,76,97,7,3878,85,62851,677,66729,762,3,26,2,195,30,1,"Knox County",470313,177.116090773591,0.100772551692797,162.019761307895,17.6478217697576,10.0772551692797
2020-07-26,3416,118,3326,113,90,5,3793,132,62174,1472,65967,1604,0,23,2,193,29,1,"Knox County",470313,181.581202305699,0.0960598814845618,341.049471309532,25.0896743232698,9.60598814845618
2020-07-25,3298,175,3213,172,85,3,3661,197,60702,1949,64363,2146,2,23,3,191,28,3,"Knox County",470313,193.70079074999,0.0980449657869013,456.291873709636,37.2092627675612,9.80449657869013
2020-07-24,3123,106,3041,99,82,7,3464,113,58753,916,62217,1029,0,21,4,188,25,0,"Knox County",470313,191.3619228046,0.0991768322919766,218.79046507326,22.5381820192085,9.91768322919766
2020-07-23,3017,205,2942,197,75,8,3351,254,57837,2389,61188,2643,0,21,4,184,25,1,"Knox County",470313,194.763912543349,0.101895029268777,561.96617996951,43.5879935277145,10.1895029268777
2020-07-22,2812,69,2745,61,67,8,3097,63,55448,437,58545,500,3,21,3,180,24,0,"Knox County",470313,193.488166391318,0.102172403531396,106.312179335889,14.6710807483527,10.2172403531396
2020-07-21,2743,232,2684,228,59,4,3034,280,55011,1691,58045,1971,0,18,12,177,24,1,"Knox County",470313,210.072866367717,0.105490380103238,419.082610942075,49.3288512118525,10.5490380103238
2020-07-20,2511,74,2456,70,55,4,2754,57,53320,364,56074,421,0,18,4,165,23,1,"Knox County",470313,208.159247139671,0.106263331394221,89.5148550008186,15.7342025417116,10.6263331394221
2020-07-19,2437,84,2386,74,51,10,2697,74,52956,577,55653,651,0,18,0,161,22,2,"Knox County",470313,200.93001894483,0.110885589146459,138.418457495328,17.8604461284294,11.0885589146459
2020-07-18,2353,112,2312,109,41,3,2623,146,52379,2258,55002,2404,1,18,8,161,20,1,"Knox County",470313,187.534684348508,0.102609418858509,511.148958246955,23.8139281712392,10.2609418858509
2020-07-17,2241,74,2203,74,38,0,2477,80,50121,347,52598,427,0,17,6,153,19,2,"Knox County",470313,180.730704871011,0.105800155262282,90.7906011528493,15.7342025417116,10.5800155262282
2020-07-16,2167,187,2129,185,38,2,2397,228,49774,2033,52171,2261,2,17,3,147,17,0,"Knox County",470313,176.903466414919,0.107469600463231,480.74367495689,39.7607550716225,10.7469600463231
2020-07-15,1980,78,1944,78,36,0,2169,80,47741,511,49910,591,3,15,4,144,17,1,"Knox County",470313,178.817085642965,0.108297043318817,125.660995975021,16.5846999763987,10.8297043318817
2020-07-14,1902,95,1866,95,36,0,2089,127,47230,777,49319,904,2,12,1,140,16,1,"Knox County",470313,149.687548504932,0.103407755581669,192.212420239287,20.1993140738189,10.3407755581669
2020-07-13,1807,94,1771,92,36,2,1962,59,46453,655,48415,714,1,10,2,139,15,3,"Knox County",470313,153.940035678367,0.0998490945674044,151.81379209165,19.9866897151471,9.98490945674044
2020-07-12,1713,69,1679,67,34,2,1903,87,45798,916,47701,1003,0,9,4,137,12,1,"Knox County",470313,150.750670298291,0.0971820809248555,213.262231747793,14.6710807483527,9.71820809248555
2020-07-11,1644,28,1612,27,32,1,1816,36,44882,883,46698,919,0,9,2,133,11,1,"Knox County",470313,132.890224169861,0.102214400938554,195.401785619364,5.95348204280979,10.2214400938554
2020-07-10,1616,78,1585,74,31,4,1780,68,43999,418,45779,486,0,9,6,131,10,0,"Knox County",470313,133.740721604548,0.0995929049142193,103.335438314484,16.5846999763987,9.95929049142192
2020-07-09,1538,70,1511,66,27,4,1712,88,43581,1652,45293,1740,0,9,8,125,10,0,"Knox County",470313,108.86367163995,0.0857322636463741,369.966384088894,14.8837051070245,8.57322636463741
2020-07-08,1468,70,1445,65,23,5,1624,63,41929,594,43553,657,1,9,5,117,10,0,"Knox County",470313,107.162676770576,0.082204577300327,139.694203647358,14.8837051070245,8.2204577300327
2020-07-07,1398,79,1380,79,18,0,1561,104,41335,1303,42896,1407,0,8,7,112,10,1,"Knox County",470313,103.760687031828,0.0729136586774473,299.162472651192,16.7973243350705,7.29136586774473
2020-07-06,1319,35,1301,35,18,0,1457,34,40032,658,41489,692,1,8,6,105,9,0,"Knox County",470313,91.2158498701928,0.0695249130938586,147.13605620087,7.44185255351224,6.95249130938586
2020-07-05,1284,77,1266,77,18,0,1423,109,39374,1079,40797,1188,2,7,6,99,9,1,"Knox County",470313,92.916844739567,0.0708139370856256,252.597738102072,16.3720756177269,7.08139370856256
2020-07-04,1207,41,1189,40,18,1,1314,50,38295,1141,39609,1191,0,5,1,93,8,2,"Knox County",470313,95.6809614023002,0.0700991713082462,253.235611178088,8.7175987055429,7.00991713082462
2020-07-03,1166,62,1149,61,17,1,1264,49,37154,910,38418,959,0,5,4,92,6,0,"Knox County",470313,92.2789716635517,0.0634414092417667,203.906759966235,13.1827102376502,6.34414092417667
2020-07-02,1104,68,1088,68,16,0,1215,102,36244,1228,37459,1330,0,5,2,88,6,0,"Knox County",470313,91.8537229462082,0.0688308189655172,282.790397033465,14.4584563896809,6.88308189655172
2020-07-01,1036,49,1020,49,16,0,1113,34,35016,737,36129,771,0,5,4,86,6,1,"Knox County",470313,87.3886114141008,0.0639426903687981,163.933380535941,10.4185935749171,6.39426903687981
2020-06-30,987,40,971,39,16,1,1079,73,34279,1514,35358,1587,0,5,3,82,5,0,"Knox County",470313,79.0962614259015,0.0584348276755636,337.434857212112,8.50497434687113,5.84348276755636
2020-06-29,947,51,932,51,15,0,1006,79,32765,1333,33771,1412,0,5,3,79,5,0,"Knox County",470313,82.4982511646499,0.058781701825077,300.225594444551,10.8438422922607,5.8781701825077
2020-06-28,896,10,881,10,15,0,927,30,31432,684,32359,714,0,5,1,76,5,0,"Knox County",470313,68.2524191336408,0.0523606228026118,151.81379209165,2.12624358671778,5.23606228026117
2020-06-27,886,29,871,29,15,0,897,16,30748,111,31645,127,0,5,3,75,5,0,"Knox County",470313,65.7009268295794,0.0555072463768116,27.0032935513158,6.16610640148157,5.55072463768116
2020-06-26,857,37,842,37,15,0,881,14,30637,319,31518,333,0,5,8,72,5,0,"Knox County",470313,60.385317862785,0.0554670066942939,70.8039114377021,7.86710127085579,5.54670066942939
2020-06-25,820,32,805,32,15,0,867,52,30318,702,31185,754,0,5,1,64,5,0,"Knox County",470313,52.730840950601,0.0522990522990523,160.318766438521,6.8039794774969,5.22990522990523
2020-06-24,788,35,773,34,15,1,815,32,29616,272,30431,304,0,5,1,63,5,0,"Knox County",470313,49.7540999291961,0.0565857388644619,64.6378050362206,7.44185255351224,5.65857388644619
2020-06-23,753,27,739,24,14,3,783,25,29344,215,30127,240,0,5,4,62,5,0,"Knox County",470313,46.989983266463,0.0638516992790937,51.0298460812268,5.74085768413801,6.38516992790937
2020-06-22,726,36,715,36,11,0,758,31,29129,572,29887,603,0,5,0,58,5,0,"Knox County",470313,43.8006178863863,0.0650406504065041,128.212488279082,7.65447691218401,6.50406504065041
2020-06-21,690,31,679,31,11,0,727,37,28557,815,29284,852,0,5,1,58,5,0,"Knox County",470313,48.2657294184936,0.0644257703081232,181.155953588355,6.59135511882512,6.44257703081232
2020-06-20,659,17,648,17,11,0,690,9,27742,437,28432,446,0,5,2,57,5,0,"Knox County",470313,45.7142371144323,0.0566251415628539,94.8304639676131,3.61461409742023,5.66251415628539
2020-06-19,642,30,631,28,11,2,681,10,27305,334,27986,344,0,5,1,55,5,0,"Knox County",470313,44.2258666037299,0.0553203499858877,73.1427793830917,6.37873076015334,5.53203499858877
2020-06-18,612,15,603,15,9,0,671,18,26971,804,27642,822,0,5,0,54,5,0,"Knox County",470313,40.6112525063096,0.0448629188590418,174.777222828202,3.18936538007667,4.48629188590418
2020-06-17,597,17,588,17,9,0,653,13,26167,282,26820,295,0,5,0,54,5,0,"Knox County",470313,36.7840140502176,0.0397001665741255,62.7241858081746,3.61461409742023,3.97001665741255
2020-06-16,580,9,571,8,9,1,640,9,25885,178,26525,187,0,5,0,54,5,0,"Knox County",470313,32.9567755941256,0.0357847280924204,39.7607550716225,1.913619228046,3.57847280924204
2020-06-15,571,8,563,8,8,0,631,9,25707,218,26338,227,0,5,0,54,5,0,"Knox County",470313,27.0032935513158,0.0330917113142137,48.2657294184936,1.70099486937423,3.30917113142137
2020-06-14,563,8,555,8,8,0,622,9,25489,624,26111,633,0,5,0,54,5,0,"Knox County",470313,22.1129333018649,0.0260663507109005,134.591219039236,1.70099486937423,2.60663507109005
2020-06-13,555,10,547,8,8,2,613,9,24865,213,25478,222,0,5,3,54,5,0,"Knox County",470313,20.6245627911625,0.0282051282051282,47.2026076251348,2.12624358671778,2.82051282051282
2020-06-12,545,19,539,19,6,0,604,19,24652,750,25256,769,0,5,0,51,5,0,"Knox County",470313,18.2856948457729,0.0272583201267829,163.508131818597,4.03986281476378,2.72583201267829
2020-06-11,526,7,520,7,6,0,585,10,23902,379,24487,389,0,5,2,51,5,0,"Knox County",470313,16.5846999763987,0.0286554004408523,82.7108755233217,1.48837051070245,2.86554004408523
2020-06-10,519,12,513,12,6,0,575,12,23523,705,24098,717,0,5,0,49,5,0,"Knox County",470313,15.5215781830398,0.0244910941475827,152.451665167665,2.55149230406134,2.44910941475827
2020-06-09,507,16,501,16,6,0,563,19,22818,508,23381,527,0,5,1,49,5,0,"Knox County",470313,17.0099486937423,0.0249712973593571,112.053037020027,3.40198973874845,2.49712973593571
2020-06-08,491,8,485,8,6,0,544,8,22310,336,22854,344,0,5,1,48,5,0,"Knox County",470313,17.0099486937423,0.0238822549291863,73.1427793830917,1.70099486937423,2.38822549291863
2020-06-07,483,7,477,7,6,0,536,8,21974,847,22510,855,0,5,1,47,5,0,"Knox County",470313,16.7973243350705,0.0222338477635365,181.79382666437,1.48837051070245,2.22338477635365
2020-06-06,476,11,470,11,6,0,528,12,21127,478,21655,490,0,5,0,46,5,0,"Knox County",470313,17.0099486937423,0.0215106330970423,104.185935749171,2.33886794538956,2.15106330970423
2020-06-05,465,18,459,18,6,0,516,17,20649,518,21165,535,0,5,1,46,5,0,"Knox County",470313,16.7973243350705,0.0222971221156339,113.754031889401,3.82723845609201,2.22971221156339
2020-06-04,447,4,441,4,6,0,499,4,20131,338,20630,342,0,5,0,45,5,0,"Knox County",470313,16.1594512590551,0.020997375328084,72.7175306657481,0.850497434687113,2.0997375328084
2020-06-03,443,4,437,4,6,0,495,4,19793,399,20288,403,0,5,0,45,5,0,"Knox County",470313,14.4584563896809,0.0205949656750572,85.6876165447266,0.850497434687113,2.05949656750572
2020-06-02,439,26,433,25,6,1,491,24,19394,939,19885,963,0,5,2,45,5,0,"Knox County",470313,16.5846999763987,0.0195829094608342,204.757257400922,5.52823332546623,1.95829094608342
2020-06-01,413,17,408,17,5,0,467,20,18455,972,18922,992,0,5,0,43,5,0,"Knox County",470313,18.4983192044447,0.0194323144104804,210.923363802404,3.61461409742023,1.94323144104803
2020-05-31,396,7,391,7,5,0,447,7,17483,317,17930,324,0,5,0,43,5,0,"Knox County",470313,18.4983192044447,0.0217337614225735,68.8902922096561,1.48837051070245,2.17337614225735
2020-05-30,389,6,384,6,5,0,440,6,17166,294,17606,300,0,5,2,43,5,0,"Knox County",470313,17.4351974110858,0.0212490282456595,63.7873076015334,1.27574615203067,2.12490282456595
2020-05-29,383,8,378,8,5,0,434,7,16872,205,17306,212,0,5,0,41,5,0,"Knox County",470313,15.308953824368,0.0203619909502262,45.076364038417,1.70099486937423,2.03619909502262
2020-05-28,375,11,370,11,5,0,427,11,16667,336,17094,347,0,5,0,41,5,0,"Knox County",470313,16.7973243350705,0.022310081897769,73.780652459107,2.33886794538956,2.2310081897769
2020-05-27,364,5,359,5,5,0,416,6,16331,420,16747,426,0,5,1,41,5,0,"Knox County",470313,17.0099486937423,0.0227272727272727,90.5779767941775,1.06312179335889,2.27272727272727
2020-05-26,359,9,354,9,5,0,410,10,15911,1142,16321,1152,0,5,0,40,5,0,"Knox County",470313,13.395334596322,0.0178523847588596,244.943261189888,1.913619228046,1.78523847588596
2020-05-25,350,9,345,9,5,0,400,11,14769,381,15169,392,0,5,1,40,5,0,"Knox County",470313,11.6943397269478,0.018395179194418,83.348748599337,1.913619228046,1.8395179194418
2020-05-24,341,2,336,2,5,0,389,3,14388,273,14777,276,0,5,0,39,5,0,"Knox County",470313,10.6312179335889,0.0173913043478261,58.6843229934108,0.425248717343556,1.73913043478261
2020-05-23,339,7,334,7,5,0,386,10,14115,360,14501,370,0,5,2,39,5,0,"Knox County",470313,10.8438422922607,0.0182677165354331,78.6710127085579,1.48837051070245,1.82677165354331
2020-05-22,332,1,327,1,5,0,376,1,13755,253,14131,254,0,5,0,37,5,0,"Knox County",470313,9.35547178155824,0.0161641280696301,54.0065871026317,0.212624358671778,1.61641280696301
2020-05-21,331,0,326,0,5,0,375,0,13502,250,13877,250,0,5,0,37,5,0,"Knox County",470313,7.01660383616868,0.0131410256410256,53.1560896679445,0,1.31410256410256
2020-05-20,331,7,326,7,5,0,375,7,13252,360,13627,367,0,5,0,37,5,0,"Knox County",470313,7.44185255351224,0.0137210062071219,78.0331396325426,1.48837051070245,1.37210062071219
2020-05-19,324,7,319,7,5,0,368,7,12892,369,13260,376,0,5,2,37,5,0,"Knox County",470313,7.01660383616868,0.0170678336980306,79.9467588605886,1.48837051070245,1.70678336980306
2020-05-18,317,3,312,3,5,0,361,4,12523,478,12884,482,0,5,0,35,5,0,"Knox County",470313,5.74085768413801,0.0134736842105263,102.484940879797,0.637873076015334,1.34736842105263
2020-05-17,314,3,309,3,5,0,357,5,12045,216,12402,221,0,5,1,35,5,0,"Knox County",470313,5.95348204280979,0.0146551724137931,46.989983266463,0.637873076015334,1.46551724137931
2020-05-16,311,0,306,0,5,0,352,0,11829,349,12181,349,0,5,0,34,5,0,"Knox County",470313,4.46511153210734,0.0104393214441061,74.2059011764506,0,1.04393214441061
2020-05-15,311,1,306,1,5,0,352,4,11480,540,11832,544,0,5,0,34,5,0,"Knox County",470313,4.46511153210734,0.0104287369640788,115.667651117447,0.212624358671778,1.04287369640788
2020-05-14,310,3,305,3,5,0,348,7,10940,458,11288,465,0,5,0,34,5,0,"Knox County",470313,5.10298460812268,0.0121255349500713,98.8703267823768,0.637873076015334,1.21255349500713
2020-05-13,307,7,302,7,5,0,341,5,10482,341,10823,346,0,5,0,34,5,0,"Knox County",470313,5.10298460812268,0.011498383039885,73.5680281004352,1.48837051070245,1.1498383039885
2020-05-12,300,6,295,6,5,0,336,8,10141,401,10477,409,0,5,0,34,5,0,"Knox County",470313,4.8903602494509,0.01171875,86.9633626967573,1.27574615203067,1.171875
2020-05-11,294,16,289,16,5,0,328,12,9740,254,10068,266,0,5,1,34,5,0,"Knox County",470313,7.65447691218401,0.0157692307692308,56.558079406693,3.40198973874845,1.57692307692308
2020-05-10,278,5,273,5,5,0,316,5,9486,221,9802,226,0,5,1,33,5,0,"Knox County",470313,8.07972562952757,0.0157389635316699,48.0531050598219,1.06312179335889,1.57389635316699
2020-05-09,273,2,268,2,5,0,311,4,9265,352,9576,356,0,5,0,32,5,0,"Knox County",470313,8.50497434687113,0.0172281776416539,75.694271687153,0.425248717343556,1.72281776416539
2020-05-08,271,3,266,3,5,0,307,4,8913,265,9220,269,0,5,0,32,5,0,"Knox County",470313,8.93022306421468,0.0192554557124519,57.1959524827083,0.637873076015334,1.92554557124519
2020-05-07,268,3,263,3,5,0,303,3,8648,220,8951,223,0,5,0,32,5,0,"Knox County",470313,8.93022306421468,0.0195704057279236,47.4152319838065,0.637873076015334,1.95704057279236
2020-05-06,265,1,260,1,5,0,300,1,8428,185,8728,186,0,5,0,32,5,0,"Knox County",470313,7.65447691218401,0.0191214470284238,39.5481307129507,0.212624358671778,1.91214470284238
2020-05-05,264,4,259,4,5,0,299,5,8243,305,8542,310,0,5,0,32,5,0,"Knox County",470313,7.22922819484046,0.0185185185185185,65.9135511882512,0.850497434687113,1.85185185185185
2020-05-04,260,4,255,4,5,0,294,7,7938,259,8232,266,0,5,0,32,5,0,"Knox County",470313,4.67773589077912,0.0157952069716776,56.558079406693,0.850497434687113,1.57952069716776
2020-05-03,256,7,251,5,5,2,287,6,7679,290,7966,296,0,5,2,32,5,0,"Knox County",470313,5.10298460812268,0.0157397691500525,62.9368101668463,1.48837051070245,1.57397691500525
2020-05-02,249,3,246,3,3,0,281,5,7389,308,7670,313,0,5,1,30,5,0,"Knox County",470313,5.31560896679445,0.0166398282340311,66.5514242642666,0.637873076015334,1.66398282340311
2020-05-01,246,9,243,8,3,1,276,7,7081,354,7357,361,0,5,0,29,5,0,"Knox County",470313,6.59135511882512,0.0173913043478261,76.7573934805119,1.913619228046,1.73913043478261
2020-04-30,237,4,235,4,2,0,269,3,6727,119,6996,122,0,5,0,29,5,0,"Knox County",470313,6.8039794774969,0.0183387270765912,25.9401717579569,0.850497434687113,1.83387270765912
2020-04-29,233,8,231,8,2,0,266,10,6608,671,6874,681,0,5,0,29,5,0,"Knox County",470313,8.29234998819935,0.0183056619838229,144.797188255481,1.70099486937423,1.83056619838229
2020-04-28,225,8,223,8,2,0,256,10,5937,391,6193,401,1,5,0,29,5,0,"Knox County",470313,9.14284742288646,0.019672131147541,85.262367827383,1.70099486937423,1.9672131147541
2020-04-27,217,2,215,2,2,0,246,4,5546,161,5792,165,0,4,0,29,5,1,"Knox County",470313,8.7175987055429,0.0192389910218042,35.0830191808434,0.425248717343556,1.92389910218042
2020-04-26,215,1,213,1,2,0,242,1,5385,172,5627,173,0,4,0,29,4,0,"Knox County",470313,7.44185255351224,0.0180505415162455,36.7840140502176,0.212624358671778,1.80505415162455
2020-04-25,214,0,212,0,2,0,241,0,5213,53,5454,53,0,4,0,29,4,0,"Knox County",470313,6.8039794774969,0.0178936605316973,11.2690910096042,0,1.78936605316973
2020-04-24,214,8,212,8,2,0,241,10,5160,836,5401,846,0,4,1,29,4,0,"Knox County",470313,6.59135511882512,0.0155673904137649,179.880207436324,1.70099486937423,1.55673904137648
2020-04-23,206,1,204,1,2,0,231,2,4324,137,4555,139,0,4,0,28,4,0,"Knox County",470313,5.95348204280979,0.0150528885272579,29.5547858553772,0.212624358671778,1.50528885272579
2020-04-22,205,5,203,3,2,2,229,2,4187,189,4416,191,0,4,0,28,4,0,"Knox County",470313,5.31560896679445,0.0147357723577236,40.6112525063096,1.06312179335889,1.47357723577236
2020-04-21,200,4,200,4,0,0,227,5,3998,475,4225,480,0,4,1,28,4,0,"Knox County",470313,4.46511153210734,0.0117244748412311,102.059692162454,0.850497434687113,1.17244748412311
2020-04-20,196,3,196,3,0,0,222,2,3523,175,3745,177,0,4,1,27,4,0,"Knox County",470313,4.67773589077912,0.0106847984458475,37.6345114849047,0.637873076015334,1.06847984458475
2020-04-19,193,0,193,0,0,0,220,0,3348,72,3568,72,0,4,0,26,4,0,"Knox County",470313,4.46511153210734,0.0107252298263534,15.308953824368,0,1.07252298263534
2020-04-18,193,0,193,0,0,0,220,1,3276,135,3496,136,0,4,0,26,4,0,"Knox County",470313,4.46511153210734,0.0107790298873101,28.9169127793618,0,1.07790298873101
2020-04-17,193,2,193,2,0,0,219,3,3141,104,3360,107,0,4,1,26,4,0,"Knox County",470313,3.18936538007667,0.0115207373271889,22.7508063778803,0.425248717343556,1.15207373271889
2020-04-16,191,7,191,7,0,0,216,9,3037,213,3253,222,0,4,2,25,4,0,"Knox County",470313,4.46511153210734,0.015884476534296,47.2026076251348,1.48837051070245,1.5884476534296
2020-04-15,184,9,184,9,0,0,207,10,2824,84,3031,94,0,4,1,23,4,0,"Knox County",470313,5.31560896679445,0.0232919254658385,19.9866897151471,1.913619228046,2.32919254658385
2020-04-14,175,4,175,4,0,0,197,4,2740,102,2937,106,0,4,1,22,4,0,"Knox County",470313,5.31560896679445,0.0317286652078775,22.5381820192085,0.850497434687113,3.17286652078775
2020-04-13,171,4,171,4,0,0,193,9,2638,242,2831,251,0,4,1,21,4,0,"Knox County",470313,5.52823332546623,0.0364372469635627,53.3687140266163,0.850497434687113,3.64372469635628
2020-04-12,167,5,167,5,0,0,184,6,2396,166,2580,172,0,4,0,20,4,0,"Knox County",470313,6.59135511882512,0.0386029411764706,36.5713896915458,1.06312179335889,3.86029411764706
2020-04-11,162,5,162,5,0,0,178,8,2230,313,2408,321,1,4,1,20,4,0,"Knox County",470313,7.65447691218401,0.0384917517674784,68.2524191336408,1.06312179335889,3.84917517674784
2020-04-10,157,4,157,4,0,0,170,5,1917,123,2087,128,0,3,0,19,4,0,"Knox County",470313,8.07972562952757,0.0394126738794436,27.2159179099876,0.850497434687113,3.94126738794436
2020-04-09,153,1,153,1,0,0,165,1,1794,81,1959,82,0,3,0,19,4,0,"Knox County",470313,6.8039794774969,0.037261698440208,17.4351974110858,0.212624358671778,3.7261698440208
2020-04-08,152,8,152,8,0,0,164,12,1713,111,1877,123,0,3,1,19,4,1,"Knox County",470313,6.59135511882512,0.0380388841927303,26.1527961166287,1.70099486937423,3.80388841927303
2020-04-07,144,20,144,20,0,0,152,25,1602,366,1754,391,0,3,2,18,3,0,"Knox County",470313,9.99334485757357,0.0449591280653951,83.1361242406653,4.25248717343556,4.49591280653951
2020-04-06,124,8,124,8,0,0,127,14,1236,54,1363,68,2,3,1,16,3,0,"Knox County",470313,10.8438422922607,0.0552529182879377,14.4584563896809,1.70099486937423,5.52529182879377
2020-04-05,116,4,116,4,0,0,113,10,1182,75,1295,85,0,1,0,15,3,1,"Knox County",470313,10.6312179335889,0.0626043405676127,18.0730704871011,0.850497434687113,6.26043405676127
2020-04-04,112,15,112,15,0,0,103,6,1107,127,1210,133,0,1,1,15,2,1,"Knox County",470313,12.7574615203067,0.0722772277227723,28.2790397033465,3.18936538007667,7.22772277227723
2020-04-03,97,4,97,4,0,0,97,3,980,51,1077,54,0,1,1,14,1,0,"Knox County",470313,12.7574615203067,0.0758547008547008,11.481715368276,0.850497434687113,7.58547008547009
2020-04-02,93,7,93,7,0,0,94,7,929,106,1023,113,0,1,0,13,1,0,"Knox County",470313,14.0332076723374,0.0796277145811789,24.0265525299109,1.48837051070245,7.96277145811789
2020-04-01,86,15,86,15,0,0,87,15,823,140,910,155,0,0,1,13,1,0,"Knox County",470313,15.5215781830398,0.0800800800800801,32.9567755941256,3.18936538007667,8.00800800800801
2020-03-31,71,8,71,8,0,0,72,11,683,58,755,69,0,0,1,12,1,0,"Knox County",470313,12.9700858789785,0.0974889217134417,14.6710807483527,1.70099486937423,9.74889217134417
2020-03-30,63,13,63,13,0,0,61,15,625,130,686,145,0,0,2,11,1,0,"Knox County",470313,14.0332076723374,0.0888594164456233,30.8305320074078,2.76411666273312,8.88594164456233
2020-03-29,50,8,50,8,0,0,46,8,495,55,541,63,0,0,1,9,1,1,"Knox County",470313,14.8837051070245,0.0887978142076503,13.395334596322,1.70099486937423,8.87978142076503
2020-03-28,42,7,42,7,0,0,38,6,440,62,478,68,0,0,1,8,0,0,"Knox County",470313,13.1827102376502,0.0974512743628186,14.4584563896809,1.48837051070245,9.74512743628186
2020-03-27,35,2,35,2,0,0,32,2,378,54,410,56,0,0,1,7,0,0,"Knox County",470313,12.7574615203067,0.0956651718983558,11.9069640856196,0.425248717343556,9.56651718983558
2020-03-26,33,7,33,7,0,0,30,7,324,82,354,89,0,0,2,6,0,0,"Knox County",470313,12.7574615203067,0.0992248062015504,18.9235679217883,1.48837051070245,9.92248062015504
2020-03-25,26,6,26,6,0,0,23,7,242,68,265,75,0,0,1,4,0,0,"Knox County",470313,10.8438422922607,0.0991150442477876,15.9468269003834,1.27574615203067,9.91150442477876
2020-03-24,20,7,20,7,0,0,16,7,174,43,190,50,0,0,0,3,0,0,"Knox County",470313,10.6312179335889,0.0952380952380952,10.6312179335889,1.48837051070245,9.52380952380952
2020-03-23,13,4,13,4,0,0,9,4,131,22,140,26,0,0,2,3,0,0,"Knox County",470313,8.7175987055429,0.0960187353629977,5.52823332546623,0.850497434687113,9.60187353629976
2020-03-22,9,2,9,2,0,0,5,0,109,9,114,9,0,0,1,1,0,0,"Knox County",470313,7.44185255351224,0.0884718498659517,1.913619228046,0.425248717343556,8.84718498659517
2020-03-21,7,1,7,1,0,0,5,2,100,17,105,19,0,0,0,0,0,0,"Knox County",470313,6.16610640148157,0.0895061728395062,4.03986281476378,0.212624358671778,8.95061728395062
2020-03-20,6,5,6,5,0,0,3,2,83,38,86,40,0,0,0,0,0,0,"Knox County",470313,6.8039794774969,0.0941558441558442,8.50497434687113,1.06312179335889,9.41558441558442
2020-03-19,1,0,1,0,0,0,1,0,45,11,46,11,0,0,0,0,0,0,"Knox County",470313,5.31560896679445,0.0956521739130435,2.33886794538956,0,9.56521739130435
2020-03-18,1,0,1,0,0,0,1,0,34,15,35,15,0,0,0,0,0,0,"Knox County",470313,4.03986281476378,0.0882352941176471,3.18936538007667,0,8.82352941176471
2020-03-17,1,0,1,0,0,0,1,0,19,5,20,5,0,0,0,0,0,0,"Knox County",470313,2.55149230406134,0.064,1.06312179335889,0,6.4
2020-03-16,1,1,1,1,0,0,1,1,14,3,15,4,0,0,0,0,0,0,"Knox County",470313,1.913619228046,0.0485436893203883,0.850497434687113,0.212624358671778,4.85436893203883
2020-03-15,0,0,0,0,0,0,0,0,11,1,11,1,0,0,0,0,0,0,"Knox County",470313,1.48837051070245,0.0526315789473684,0.212624358671778,0,5.26315789473684
2020-03-14,0,0,0,0,0,0,0,0,10,8,10,8,0,0,0,0,0,0,"Knox County",470313,1.27574615203067,0.0357142857142857,1.70099486937423,0,3.57142857142857
2020-03-13,0,0,0,0,0,0,0,0,2,0,2,0,0,0,0,0,0,0,"Knox County",470313,0.212624358671778,0.0227272727272727,0,0,2.27272727272727
2020-03-12,0,0,0,0,0,0,0,0,2,2,2,2,0,0,0,0,0,0,"Knox County",470313,0.212624358671778,0.0285714285714286,0.425248717343556,0,2.85714285714286
2020-03-12,0,0,0,0,0,0,0,0,0,0,0,0,0,0,0,0,0,0,"Anderson",76978,NA,NA,0,0,NA
2020-03-13,0,0,0,0,0,0,0,0,1,1,1,1,0,0,0,0,0,0,"Anderson",76978,NA,NA,1.29907246226194,0,NA
2020-03-14,0,0,0,0,0,0,0,0,1,0,1,0,0,0,0,0,0,0,"Anderson",76978,NA,NA,0,0,NA
2020-03-15,0,0,0,0,0,0,0,0,1,0,1,0,0,0,0,0,0,0,"Anderson",76978,NA,NA,0,0,NA
2020-03-16,0,0,0,0,0,0,0,0,2,1,2,1,0,0,0,0,0,0,"Anderson",76978,NA,NA,1.29907246226194,0,NA
2020-03-17,0,0,0,0,0,0,0,0,4,2,4,2,0,0,0,0,0,0,"Anderson",76978,NA,NA,2.59814492452389,0,NA
2020-03-18,0,0,0,0,0,0,0,0,4,0,4,0,0,0,0,0,0,0,"Anderson",76978,0,0,0,0,0
2020-03-19,1,1,1,1,0,0,2,2,5,1,7,3,0,0,0,0,0,0,"Anderson",76978,1.29907246226194,0.285714285714286,3.89721738678583,1.29907246226194,28.5714285714286
2020-03-20,1,0,1,0,0,0,2,0,7,2,9,2,0,0,0,0,0,0,"Anderson",76978,1.29907246226194,0.25,2.59814492452389,0,25
2020-03-21,1,0,1,0,0,0,2,0,7,0,9,0,0,0,0,0,0,0,"Anderson",76978,1.29907246226194,0.25,0,0,25
2020-03-22,1,0,1,0,0,0,2,0,10,3,12,3,0,0,0,0,0,0,"Anderson",76978,1.29907246226194,0.181818181818182,3.89721738678583,0,18.1818181818182
2020-03-23,1,0,1,0,0,0,2,0,15,5,17,5,0,0,0,0,0,0,"Anderson",76978,1.29907246226194,0.133333333333333,6.49536231130973,0,13.3333333333333
2020-03-24,1,0,1,0,0,0,2,0,20,5,22,5,0,0,0,0,0,0,"Anderson",76978,1.29907246226194,0.111111111111111,6.49536231130973,0,11.1111111111111
2020-03-25,2,1,2,1,0,0,4,2,29,9,33,11,0,0,0,0,0,0,"Anderson",76978,2.59814492452389,0.137931034482759,14.2897970848814,1.29907246226194,13.7931034482759
2020-03-26,3,1,3,1,0,0,5,1,44,15,49,16,0,0,1,1,0,0,"Anderson",76978,2.59814492452389,0.0714285714285714,20.7851593961911,1.29907246226194,7.14285714285714
2020-03-27,4,1,4,1,0,0,6,1,53,9,59,10,0,0,0,1,0,0,"Anderson",76978,3.89721738678583,0.08,12.9907246226195,1.29907246226194,8
2020-03-28,7,3,7,3,0,0,9,3,72,19,81,22,0,0,1,2,0,0,"Anderson",76978,7.79443477357167,0.0972222222222222,28.5795941697628,3.89721738678583,9.72222222222222
2020-03-29,7,0,7,0,0,0,9,0,83,11,92,11,0,0,0,2,0,0,"Anderson",76978,7.79443477357167,0.0875,14.2897970848814,0,8.75
2020-03-30,8,1,8,1,0,0,10,1,127,44,137,45,0,0,0,2,0,0,"Anderson",76978,9.09350723583361,0.0666666666666667,58.4582608017875,1.29907246226194,6.66666666666667
2020-03-31,9,1,9,1,0,0,11,1,142,15,153,16,0,0,0,2,0,0,"Anderson",76978,10.3925796980956,0.0687022900763359,20.7851593961911,1.29907246226194,6.87022900763359
2020-04-01,9,0,9,0,0,0,11,0,163,21,174,21,0,0,0,2,0,0,"Anderson",76978,9.09350723583361,0.049645390070922,27.2805217075008,0,4.9645390070922
2020-04-02,9,0,9,0,0,0,11,0,179,16,190,16,0,0,0,2,0,0,"Anderson",76978,7.79443477357167,0.0425531914893617,20.7851593961911,0,4.25531914893617
2020-04-03,9,0,9,0,0,0,11,0,192,13,203,13,0,0,0,2,0,0,"Anderson",76978,6.49536231130972,0.0347222222222222,16.8879420094053,0,3.47222222222222
2020-04-04,9,0,9,0,0,0,11,0,219,27,230,27,0,0,0,2,0,0,"Anderson",76978,2.59814492452389,0.0134228187919463,35.0749564810725,0,1.34228187919463
2020-04-05,9,0,9,0,0,0,11,0,248,29,259,29,0,0,0,2,0,0,"Anderson",76978,2.59814492452389,0.0119760479041916,37.6731014055964,0,1.19760479041916
2020-04-06,9,0,9,0,0,0,11,0,262,14,273,14,0,0,0,2,0,0,"Anderson",76978,1.29907246226194,0.00735294117647059,18.1870144716672,0,0.735294117647059
2020-04-07,10,1,10,1,0,0,12,1,304,42,316,43,0,0,0,2,0,0,"Anderson",76978,1.29907246226194,0.00613496932515337,55.8601158772636,1.29907246226194,0.613496932515337
2020-04-08,10,0,10,0,0,0,12,0,322,18,334,18,1,1,0,2,1,1,"Anderson",76978,1.29907246226194,0.00625,23.383304320715,0,0.625
2020-04-09,10,0,10,0,0,0,12,0,350,28,362,28,0,1,0,2,1,0,"Anderson",76978,1.29907246226194,0.00581395348837209,36.3740289433345,0,0.581395348837209
2020-04-10,10,0,10,0,0,0,12,0,366,16,378,16,0,1,0,2,1,0,"Anderson",76978,1.29907246226194,0.00571428571428571,20.7851593961911,0,0.571428571428571
2020-04-11,10,0,10,0,0,0,12,0,439,73,451,73,0,1,0,2,1,0,"Anderson",76978,1.29907246226194,0.00452488687782805,94.832289745122,0,0.452488687782805
2020-04-12,12,2,12,2,0,0,14,2,477,38,491,40,0,1,0,2,1,0,"Anderson",76978,3.89721738678583,0.0129310344827586,51.9628984904778,2.59814492452389,1.29310344827586
2020-04-13,13,1,13,1,0,0,15,1,514,37,529,38,0,1,0,2,1,0,"Anderson",76978,5.19628984904778,0.015625,49.3647535659539,1.29907246226194,1.5625
2020-04-14,13,0,13,0,0,0,15,0,526,12,541,12,0,1,0,2,1,0,"Anderson",76978,3.89721738678583,0.0133333333333333,15.5888695471433,0,1.33333333333333
2020-04-15,13,0,13,0,0,0,15,0,544,18,559,18,0,1,0,2,1,0,"Anderson",76978,3.89721738678583,0.0133333333333333,23.383304320715,0,1.33333333333333
2020-04-16,13,0,13,0,0,0,15,0,566,22,581,22,0,1,0,2,1,0,"Anderson",76978,3.89721738678583,0.0136986301369863,28.5795941697628,0,1.36986301369863
2020-04-17,13,0,13,0,0,0,15,0,586,20,601,20,0,1,0,2,1,0,"Anderson",76978,3.89721738678583,0.0134529147982063,25.9814492452389,0,1.34529147982063
2020-04-18,13,0,13,0,0,0,15,0,616,30,631,30,0,1,0,2,1,0,"Anderson",76978,3.89721738678583,0.0166666666666667,38.9721738678584,0,1.66666666666667
2020-04-19,14,1,14,1,0,0,16,1,628,12,644,13,0,1,0,2,1,0,"Anderson",76978,2.59814492452389,0.0130718954248366,16.8879420094053,1.29907246226194,1.30718954248366
2020-04-20,19,5,18,4,1,1,19,3,648,20,667,23,0,1,0,2,1,0,"Anderson",76978,7.79443477357167,0.0289855072463768,29.8786666320247,6.49536231130973,2.89855072463768
2020-04-21,20,1,19,1,1,0,22,3,1071,423,1093,426,0,1,0,2,1,0,"Anderson",76978,9.09350723583361,0.0126811594202899,553.404868923589,1.29907246226194,1.26811594202899
2020-04-22,21,1,20,1,1,0,24,2,1141,70,1165,72,0,1,0,2,1,0,"Anderson",76978,10.3925796980956,0.0148514851485149,93.53321728286,1.29907246226194,1.48514851485149
2020-04-23,21,0,20,0,1,0,24,0,1191,50,1215,50,0,1,0,2,1,0,"Anderson",76978,10.3925796980956,0.0141955835962145,64.9536231130973,0,1.41955835962145
2020-04-24,22,1,21,1,1,0,25,1,1299,108,1324,109,0,1,0,2,1,0,"Anderson",76978,11.6916521603575,0.0138312586445367,141.598898386552,1.29907246226194,1.38312586445367
2020-04-25,22,0,21,0,1,0,25,0,1336,37,1361,37,0,1,0,2,1,0,"Anderson",76978,11.6916521603575,0.0136986301369863,48.065681103692,0,1.36986301369863
2020-04-26,22,0,21,0,1,0,25,0,1372,36,1397,36,0,1,0,2,1,0,"Anderson",76978,10.3925796980956,0.0119521912350598,46.76660864143,0,1.19521912350598
2020-04-27,22,0,21,0,1,0,25,0,1411,39,1436,39,0,1,0,2,1,0,"Anderson",76978,3.89721738678583,0.00780234070221066,50.6638260282159,0,0.780234070221066
2020-04-28,22,0,21,0,1,0,25,0,1690,279,1715,279,0,1,0,2,1,0,"Anderson",76978,2.59814492452389,0.00482315112540193,362.441216971083,0,0.482315112540193
2020-04-29,26,4,25,4,1,0,28,3,2068,378,2096,381,0,1,0,2,1,0,"Anderson",76978,6.49536231130972,0.00429645542427497,494.946608121801,5.19628984904778,0.429645542427497
2020-04-30,26,0,25,0,1,0,29,1,2100,32,2129,33,0,1,0,2,1,0,"Anderson",76978,6.49536231130972,0.00547045951859956,42.8693912546442,0,0.547045951859956
2020-05-01,26,0,25,0,1,0,29,0,2152,52,2181,52,0,1,0,2,1,0,"Anderson",76978,5.19628984904778,0.00466744457409568,67.5517680376211,0,0.466744457409568
2020-05-02,26,0,25,0,1,0,29,0,2219,67,2248,67,0,1,0,2,1,0,"Anderson",76978,5.19628984904778,0.00450958286358512,87.0378549715503,0,0.450958286358512
2020-05-03,27,1,26,1,1,0,30,1,2312,93,2342,94,0,1,0,2,1,0,"Anderson",76978,6.49536231130972,0.00529100529100529,122.112811452623,1.29907246226194,0.529100529100529
2020-05-04,27,0,26,0,1,0,30,0,2404,92,2434,92,0,1,0,2,1,0,"Anderson",76978,6.49536231130972,0.00501002004008016,119.514666528099,0,0.501002004008016
2020-05-05,28,1,27,1,1,0,30,0,2473,69,2503,69,0,1,0,2,1,0,"Anderson",76978,7.79443477357167,0.00634517766497462,89.6359998960742,1.29907246226194,0.634517766497462
2020-05-06,30,2,29,2,1,0,31,1,2523,50,2554,51,0,1,0,2,1,0,"Anderson",76978,5.19628984904778,0.00655021834061135,66.2526955753592,2.59814492452389,0.655021834061135
2020-05-07,30,0,29,0,1,0,33,2,2595,72,2628,74,0,1,0,2,1,0,"Anderson",76978,5.19628984904778,0.00801603206412826,96.1313622073839,0,0.801603206412826
2020-05-08,30,0,29,0,1,0,33,0,2650,55,2683,55,0,1,0,2,1,0,"Anderson",76978,5.19628984904778,0.00796812749003984,71.448985424407,0,0.796812749003984
2020-05-09,30,0,29,0,1,0,33,0,2732,82,2765,82,0,1,0,2,1,0,"Anderson",76978,5.19628984904778,0.00773694390715667,106.523941905479,0,0.773694390715667
2020-05-10,30,0,29,0,1,0,33,0,2825,93,2858,93,0,1,0,2,1,0,"Anderson",76978,3.89721738678583,0.00581395348837209,120.813738990361,0,0.581395348837209
2020-05-11,32,2,31,2,1,0,33,0,2907,82,2940,82,0,1,0,2,1,0,"Anderson",76978,6.49536231130972,0.00592885375494071,106.523941905479,2.59814492452389,0.592885375494071
2020-05-12,33,1,32,1,1,0,35,2,3040,133,3075,135,0,1,0,2,1,0,"Anderson",76978,6.49536231130972,0.00874125874125874,175.374782405363,1.29907246226194,0.874125874125874
2020-05-13,35,2,34,2,1,0,38,3,3218,178,3256,181,0,1,1,3,1,0,"Anderson",76978,6.49536231130972,0.00997150997150997,235.132115669412,2.59814492452389,0.997150997150997
2020-05-14,35,0,34,0,1,0,39,1,3344,126,3383,127,0,1,0,3,1,0,"Anderson",76978,6.49536231130972,0.00794701986754967,164.982202707267,0,0.794701986754967
2020-05-15,36,1,35,1,1,0,39,0,3415,71,3454,71,0,1,0,3,1,0,"Anderson",76978,7.79443477357167,0.00778210116731518,92.2341448205981,1.29907246226194,0.778210116731518
2020-05-16,36,0,35,0,1,0,41,2,3655,240,3696,242,0,1,0,3,1,0,"Anderson",76978,7.79443477357167,0.00859291084854995,314.375535867391,0,0.859291084854995
2020-05-17,36,0,35,0,1,0,41,0,3725,70,3766,70,0,1,0,3,1,0,"Anderson",76978,7.79443477357167,0.00881057268722467,90.9350723583361,0,0.881057268722467
2020-05-18,37,1,36,1,1,0,42,1,3802,77,3844,78,0,1,0,3,1,0,"Anderson",76978,6.49536231130972,0.00995575221238938,101.327652056432,1.29907246226194,0.995575221238938
2020-05-19,37,0,36,0,1,0,42,0,3854,52,3896,52,0,1,0,3,1,0,"Anderson",76978,5.19628984904778,0.00852618757612668,67.5517680376211,0,0.852618757612667
2020-05-20,37,0,36,0,1,0,43,1,3919,65,3962,66,0,1,0,3,1,0,"Anderson",76978,2.59814492452389,0.00708215297450425,85.7387825092884,0,0.708215297450425
2020-05-21,37,0,36,0,1,0,44,1,3999,80,4043,81,0,1,0,3,1,0,"Anderson",76978,2.59814492452389,0.00757575757575758,105.224869443218,0,0.757575757575758
2020-05-22,38,1,37,1,1,0,45,1,4027,28,4072,29,0,1,1,4,1,0,"Anderson",76978,2.59814492452389,0.00970873786407767,37.6731014055964,1.29907246226194,0.970873786407767
2020-05-23,38,0,37,0,1,0,46,1,4190,163,4236,164,0,1,0,4,1,0,"Anderson",76978,2.59814492452389,0.00925925925925926,213.047883810959,0,0.925925925925926
2020-05-24,38,0,37,0,1,0,46,0,4245,55,4291,55,0,1,0,4,1,0,"Anderson",76978,2.59814492452389,0.00952380952380952,71.448985424407,0,0.952380952380952
2020-05-25,38,0,37,0,1,0,47,1,4279,34,4326,35,0,1,0,4,1,0,"Anderson",76978,1.29907246226194,0.0103734439834025,45.4675361791681,0,1.03734439834025
2020-05-26,38,0,37,0,1,0,47,0,4410,131,4457,131,0,1,0,4,1,0,"Anderson",76978,1.29907246226194,0.0089126559714795,170.178492556315,0,0.89126559714795
2020-05-27,38,0,37,0,1,0,47,0,4513,103,4560,103,0,1,0,4,1,0,"Anderson",76978,1.29907246226194,0.00668896321070234,133.80446361298,0,0.668896321070234
2020-05-28,38,0,37,0,1,0,47,0,4561,48,4608,48,0,1,0,4,1,0,"Anderson",76978,1.29907246226194,0.00530973451327434,62.3554781885734,0,0.530973451327434
2020-05-29,39,1,38,1,1,0,47,0,4611,50,4658,50,0,1,0,4,1,0,"Anderson",76978,1.29907246226194,0.00341296928327645,64.9536231130973,1.29907246226194,0.341296928327645
2020-05-30,39,0,38,0,1,0,48,1,4663,52,4711,53,0,1,0,4,1,0,"Anderson",76978,1.29907246226194,0.00421052631578947,68.8508404998831,0,0.421052631578947
2020-05-31,40,1,39,1,1,0,49,1,4729,66,4778,67,0,1,0,4,1,0,"Anderson",76978,2.59814492452389,0.00616016427104723,87.0378549715503,1.29907246226194,0.616016427104723
2020-06-01,40,0,39,0,1,0,49,0,4853,124,4902,124,0,1,0,4,1,0,"Anderson",76978,2.59814492452389,0.00347222222222222,161.084985320481,0,0.347222222222222
2020-06-02,40,0,39,0,1,0,49,0,4980,127,5029,127,0,1,0,4,1,0,"Anderson",76978,2.59814492452389,0.0034965034965035,164.982202707267,0,0.34965034965035
2020-06-03,41,1,40,1,1,0,50,1,5040,60,5090,61,0,1,0,4,2,1,"Anderson",76978,3.89721738678583,0.00566037735849057,79.2434201979787,1.29907246226194,0.566037735849057
2020-06-04,41,0,40,0,1,0,50,0,5088,48,5138,48,1,2,0,4,2,0,"Anderson",76978,3.89721738678583,0.00566037735849057,62.3554781885734,0,0.566037735849057
2020-06-05,42,1,41,1,1,0,53,3,5145,57,5198,60,0,2,0,4,2,0,"Anderson",76978,3.89721738678583,0.0111111111111111,77.9443477357167,1.29907246226194,1.11111111111111
2020-06-06,43,1,42,1,1,0,54,1,5198,53,5252,54,0,2,0,4,2,0,"Anderson",76978,5.19628984904778,0.011090573012939,70.149912962145,1.29907246226194,1.1090573012939
2020-06-07,45,2,43,1,2,1,57,3,5293,95,5350,98,0,2,0,4,2,0,"Anderson",76978,6.49536231130972,0.013986013986014,127.309101301671,2.59814492452389,1.3986013986014
2020-06-08,46,1,44,1,2,0,57,0,5334,41,5391,41,0,2,0,4,2,0,"Anderson",76978,7.79443477357167,0.016359918200409,53.2619709527397,1.29907246226194,1.6359918200409
2020-06-09,47,1,45,1,2,0,60,3,5515,181,5575,184,0,2,0,4,2,0,"Anderson",76978,9.09350723583361,0.0201465201465201,239.029333056198,1.29907246226194,2.01465201465201
2020-06-10,52,5,50,5,2,0,63,3,5723,208,5786,211,0,2,0,4,2,0,"Anderson",76978,14.2897970848814,0.0186781609195402,274.10428953727,6.49536231130973,1.86781609195402
2020-06-11,55,3,53,3,2,0,66,3,5868,145,5934,148,0,2,1,5,2,0,"Anderson",76978,18.1870144716672,0.0201005025125628,192.262724414768,3.89721738678583,2.01005025125628
2020-06-12,57,2,55,2,2,0,70,4,5950,82,6020,86,0,2,0,5,2,0,"Anderson",76978,19.4860869339292,0.0206812652068127,111.720231754527,2.59814492452389,2.06812652068127
2020-06-13,58,1,55,0,3,1,70,0,5993,43,6063,43,0,2,0,5,2,0,"Anderson",76978,19.4860869339292,0.0197287299630086,55.8601158772636,1.29907246226194,1.97287299630086
2020-06-14,60,2,57,2,3,0,70,0,6168,175,6238,175,0,2,1,6,2,0,"Anderson",76978,19.4860869339292,0.0146396396396396,227.33768089584,2.59814492452389,1.46396396396396
2020-06-15,60,0,57,0,3,0,71,1,6226,58,6297,59,0,2,0,6,2,0,"Anderson",76978,18.1870144716672,0.0154525386313466,76.6452752734548,0,1.54525386313466
2020-06-16,64,4,61,4,3,0,75,4,6287,61,6362,65,0,2,0,6,2,0,"Anderson",76978,22.0842318584531,0.0190597204574333,84.4397100470264,5.19628984904778,1.90597204574333
2020-06-17,66,2,63,2,3,0,79,4,6324,37,6403,41,0,2,0,6,2,0,"Anderson",76978,18.1870144716672,0.0259319286871961,53.2619709527397,2.59814492452389,2.59319286871961
2020-06-18,70,4,67,4,3,0,84,5,6454,130,6538,135,0,2,0,6,2,0,"Anderson",76978,19.4860869339292,0.0298013245033113,175.374782405363,5.19628984904778,2.98013245033113
2020-06-19,72,2,69,2,3,0,86,2,6519,65,6605,67,0,2,0,6,2,0,"Anderson",76978,19.4860869339292,0.0273504273504274,87.0378549715503,2.59814492452389,2.73504273504274
2020-06-20,73,1,70,1,3,0,87,1,6557,38,6644,39,0,2,0,6,2,0,"Anderson",76978,19.4860869339292,0.0292598967297762,50.6638260282159,1.29907246226194,2.92598967297762
2020-06-21,74,1,71,1,3,0,88,1,6617,60,6705,61,0,2,0,6,2,0,"Anderson",76978,18.1870144716672,0.0385438972162741,79.2434201979787,1.29907246226194,3.85438972162741
2020-06-22,76,2,73,2,3,0,90,2,6709,92,6799,94,0,2,1,7,2,0,"Anderson",76978,20.7851593961911,0.0378486055776892,122.112811452623,2.59814492452389,3.78486055776892
2020-06-23,76,0,73,0,3,0,90,0,6798,89,6888,89,0,2,0,7,2,0,"Anderson",76978,15.5888695471433,0.0285171102661597,115.617449141313,0,2.85171102661597
2020-06-24,77,1,74,1,3,0,91,1,6829,31,6920,32,0,2,0,7,2,0,"Anderson",76978,14.2897970848814,0.02321083172147,41.5703187923822,1.29907246226194,2.321083172147
2020-06-25,81,4,78,4,3,0,92,1,6942,113,7034,114,0,2,0,7,2,0,"Anderson",76978,14.2897970848814,0.0161290322580645,148.094260697862,5.19628984904778,1.61290322580645
2020-06-26,86,5,83,5,3,0,98,6,6970,28,7068,34,0,2,0,7,2,0,"Anderson",76978,18.1870144716672,0.0259179265658747,44.1684637169061,6.49536231130973,2.59179265658747
2020-06-27,87,1,83,0,4,1,98,0,6982,12,7080,12,0,2,0,7,2,0,"Anderson",76978,18.1870144716672,0.0252293577981651,15.5888695471433,1.29907246226194,2.52293577981651
2020-06-28,91,4,87,4,4,0,106,8,7091,109,7197,117,0,2,0,7,2,0,"Anderson",76978,22.0842318584531,0.0365853658536585,151.991478084648,5.19628984904778,3.65853658536585
2020-06-29,97,6,92,5,5,1,114,8,7313,222,7427,230,0,2,1,8,2,0,"Anderson",76978,27.2805217075008,0.0382165605095541,298.786666320247,7.79443477357167,3.82165605095541
2020-06-30,102,5,96,4,6,1,120,6,7477,164,7597,170,0,2,0,8,2,0,"Anderson",76978,33.7758840188106,0.0423131170662905,220.842318584531,6.49536231130973,4.23131170662905
2020-07-01,104,2,98,2,6,0,124,4,7598,121,7722,125,0,2,0,8,2,0,"Anderson",76978,35.0749564810725,0.0411471321695761,162.384057782743,2.59814492452389,4.11471321695761
2020-07-02,110,6,104,6,6,0,130,6,7837,239,7967,245,0,2,0,8,2,0,"Anderson",76978,37.6731014055964,0.0407288317256163,318.272753254177,7.79443477357167,4.07288317256163
2020-07-03,120,10,113,9,7,1,142,12,7961,124,8103,136,0,2,0,8,2,0,"Anderson",76978,44.1684637169061,0.042512077294686,176.673854867625,12.9907246226195,4.2512077294686
2020-07-04,131,11,124,11,7,0,156,14,8145,184,8301,198,0,2,2,10,2,0,"Anderson",76978,57.1591883395256,0.0475020475020475,257.216347527865,14.2897970848814,4.75020475020475
2020-07-05,140,9,133,9,7,0,169,13,8301,156,8470,169,0,2,1,11,2,0,"Anderson",76978,63.6545506508353,0.0494893951296151,219.543246122269,11.6916521603575,4.94893951296151
2020-07-06,141,1,134,1,7,0,170,1,8328,27,8498,28,0,2,0,11,2,0,"Anderson",76978,57.1591883395256,0.0522875816993464,36.3740289433345,1.29907246226194,5.22875816993464
2020-07-07,157,16,150,16,7,0,190,20,8561,233,8751,253,0,2,0,11,2,0,"Anderson",76978,71.448985424407,0.0606585788561525,328.665332952272,20.7851593961911,6.06585788561525
2020-07-08,173,16,165,15,8,1,206,16,8701,140,8907,156,0,2,0,11,2,0,"Anderson",76978,89.6359998960742,0.0691983122362869,202.655304112863,20.7851593961911,6.91983122362869
2020-07-09,187,14,179,14,8,0,220,14,8969,268,9189,282,0,2,0,11,2,0,"Anderson",76978,100.02857959417,0.0736497545008183,366.338434357868,18.1870144716672,7.36497545008183
2020-07-10,193,6,185,6,8,0,227,7,8999,30,9226,37,0,2,1,12,2,0,"Anderson",76978,94.832289745122,0.0756901157613535,48.065681103692,7.79443477357167,7.56901157613535
2020-07-11,201,8,193,8,8,0,235,8,9168,169,9403,177,0,2,1,13,2,0,"Anderson",76978,90.9350723583361,0.0716878402903811,229.935825820364,10.3925796980956,7.16878402903811
2020-07-12,212,11,204,11,8,0,248,13,9351,183,9599,196,0,2,0,13,2,0,"Anderson",76978,93.53321728286,0.0699734278122232,254.618202603341,14.2897970848814,6.99734278122232
2020-07-13,218,6,209,5,9,1,255,7,9390,39,9645,46,0,2,2,15,2,0,"Anderson",76978,100.02857959417,0.0741063644289451,59.7573332640495,7.79443477357167,7.41063644289451
2020-07-14,229,11,219,10,10,1,266,11,9530,140,9796,151,0,2,0,15,2,0,"Anderson",76978,93.53321728286,0.0727272727272727,196.159941801554,14.2897970848814,7.27272727272727
2020-07-15,245,16,234,15,11,1,285,19,9632,102,9917,121,0,2,0,15,2,0,"Anderson",76978,93.53321728286,0.0782178217821782,157.187767933695,20.7851593961911,7.82178217821782
2020-07-16,263,18,252,18,11,0,308,23,9921,289,10229,312,0,2,1,16,2,0,"Anderson",76978,98.7295071319078,0.0846153846153846,405.310608225727,23.383304320715,8.46153846153846
2020-07-17,270,7,259,7,11,0,317,9,9992,71,10309,80,0,2,1,17,3,1,"Anderson",76978,100.02857959417,0.0831024930747922,103.925796980956,9.09350723583361,8.31024930747922
2020-07-18,277,7,266,7,11,0,328,11,10206,214,10534,225,0,2,0,17,3,0,"Anderson",76978,98.7295071319078,0.0822281167108753,292.291304008938,9.09350723583361,8.22281167108753
2020-07-19,285,8,274,8,11,0,337,9,10287,81,10624,90,0,2,2,19,3,0,"Anderson",76978,94.832289745122,0.0868292682926829,116.916521603575,10.3925796980956,8.68292682926829
2020-07-20,313,28,302,28,11,0,367,30,10456,169,10823,199,1,3,0,19,3,0,"Anderson",76978,123.411883914885,0.0950764006791171,258.515419990127,36.3740289433345,9.50764006791171
2020-07-21,336,23,324,22,12,1,391,24,10748,292,11139,316,0,3,1,20,3,0,"Anderson",76978,139.000753462028,0.0930752047654505,410.506898074775,29.8786666320247,9.30752047654505
2020-07-22,365,29,353,29,12,0,424,33,10883,135,11307,168,0,3,0,20,3,0,"Anderson",76978,155.888695471433,0.1,218.244173660007,37.6731014055964,10
2020-07-23,388,23,376,23,12,0,455,31,11310,427,11765,458,0,3,2,22,3,0,"Anderson",76978,162.384057782743,0.095703125,594.975187715971,29.8786666320247,9.5703125
2020-07-24,394,6,382,6,12,0,463,8,11422,112,11885,120,0,3,0,22,4,1,"Anderson",76978,161.084985320481,0.0926395939086294,155.888695471433,7.79443477357167,9.26395939086294
2020-07-25,426,32,413,31,13,1,499,36,11679,257,12178,293,1,4,1,23,4,0,"Anderson",76978,193.56179687703,0.104014598540146,380.62823144275,41.5703187923822,10.4014598540146
2020-07-26,465,39,451,38,14,1,541,42,12082,403,12623,445,0,4,2,25,4,0,"Anderson",76978,233.83304320715,0.102051025512756,578.087245706565,50.6638260282159,10.2051025512756
2020-07-27,483,18,468,17,15,1,562,21,12262,180,12824,201,0,4,1,26,4,0,"Anderson",76978,220.842318584531,0.0974512743628186,261.113564914651,23.383304320715,9.74512743628186
2020-07-28,523,40,508,40,15,0,608,46,12642,380,13250,426,0,4,1,27,5,1,"Anderson",76978,242.926550442984,0.10279488394126,553.404868923589,51.9628984904778,10.279488394126
2020-07-29,527,4,512,4,15,0,612,4,12678,36,13290,40,1,5,0,27,5,0,"Anderson",76978,210.449738886435,0.0948058497226425,51.9628984904778,5.19628984904778,9.48058497226425
2020-07-30,564,37,549,37,15,0,666,54,13163,485,13829,539,0,5,0,27,5,0,"Anderson",76978,228.636753358102,0.102228682170543,700.200057159188,48.065681103692,10.2228682170543
2020-07-31,576,12,561,12,15,0,680,14,13345,182,14025,196,0,5,0,27,5,0,"Anderson",76978,236.431188131674,0.101401869158878,254.618202603341,15.5888695471433,10.1401869158878
2020-08-01,599,23,584,23,15,0,705,25,13754,409,14459,434,0,5,1,28,5,0,"Anderson",76978,224.739535971316,0.0903112669881631,563.797448621684,29.8786666320247,9.03112669881631
2020-08-02,606,7,591,7,15,0,712,7,13882,128,14594,135,0,5,1,29,6,1,"Anderson",76978,183.169217178934,0.0867579908675799,175.374782405363,9.09350723583361,8.67579908675799
2020-08-03,631,25,615,24,16,1,743,31,14109,227,14852,258,0,5,0,29,6,0,"Anderson",76978,192.262724414768,0.0892504930966469,335.160695263582,32.4768115565486,8.92504930966469
2020-08-04,638,7,622,7,16,0,751,8,14352,243,15103,251,2,7,0,29,6,0,"Anderson",76978,149.393333160124,0.0771721532649757,326.067188027748,9.09350723583361,7.71721532649757
2020-08-05,653,15,637,15,16,0,770,19,14561,209,15331,228,-1,6,0,29,6,0,"Anderson",76978,163.683130245005,0.0774130328270456,296.188521395723,19.4860869339292,7.74130328270456
2020-08-06,675,22,659,22,16,0,800,30,14882,321,15682,351,0,6,1,30,6,0,"Anderson",76978,144.197043311076,0.0723151645979493,455.974434253943,28.5795941697628,7.23151645979493
2020-08-07,679,4,663,4,16,0,804,4,14963,81,15767,85,0,6,0,30,6,0,"Anderson",76978,133.80446361298,0.0711825487944891,110.421159292265,5.19628984904778,7.11825487944891
2020-08-08,690,11,674,11,16,0,820,16,15283,320,16103,336,0,6,0,30,6,0,"Anderson",76978,118.215594065837,0.0699513381995134,436.488347320014,14.2897970848814,6.99513381995134
2020-08-09,697,7,681,7,16,0,829,9,15420,137,16249,146,0,6,0,30,6,0,"Anderson",76978,118.215594065837,0.0706948640483384,189.664579490244,9.09350723583361,7.06948640483384
2020-08-10,702,5,686,5,16,0,835,6,15559,139,16394,145,0,6,0,30,6,0,"Anderson",76978,92.2341448205981,0.059662775616083,188.365507027982,6.49536231130973,5.9662775616083
2020-08-11,723,21,707,21,16,0,857,22,15762,203,16619,225,0,6,1,31,6,0,"Anderson",76978,110.421159292265,0.0699208443271768,292.291304008938,27.2805217075008,6.99208443271768
2020-08-12,731,8,715,8,16,0,865,8,16001,239,16866,247,0,6,0,31,6,0,"Anderson",76978,101.327652056432,0.0618892508143322,320.8708981787,10.3925796980956,6.18892508143322
2020-08-13,749,18,733,18,16,0,889,24,16229,228,17118,252,1,7,2,33,6,0,"Anderson",76978,96.1313622073839,0.0619777158774373,327.36626049001,23.383304320715,6.19777158774373
2020-08-14,766,17,749,16,17,1,911,22,16558,329,17469,351,0,7,0,33,6,0,"Anderson",76978,113.019304216789,0.0628672150411281,455.974434253943,22.0842318584531,6.28672150411281
2020-08-15,776,10,759,10,17,0,923,12,16781,223,17704,235,-1,6,0,33,6,0,"Anderson",76978,111.720231754527,0.0643347907557776,305.282028631557,12.9907246226195,6.43347907557776
2020-08-16,788,12,771,12,17,0,937,14,16923,142,17860,156,0,6,0,33,7,1,"Anderson",76978,118.215594065837,0.0670391061452514,202.655304112863,15.5888695471433,6.70391061452514
2020-08-17,792,4,775,4,17,0,940,3,16966,43,17906,46,0,6,0,33,7,0,"Anderson",76978,116.916521603575,0.0694444444444444,59.7573332640495,5.19628984904778,6.94444444444444
2020-08-18,806,14,789,14,17,0,957,17,17129,163,18086,180,0,6,0,33,7,0,"Anderson",76978,107.823014367741,0.0681663258350375,233.83304320715,18.1870144716672,6.81663258350375
2020-08-19,820,14,803,14,17,0,971,14,17303,174,18274,188,0,6,0,33,7,0,"Anderson",76978,115.617449141313,0.0752840909090909,244.225622905246,18.1870144716672,7.52840909090909
2020-08-20,835,15,818,15,17,0,987,16,17745,442,18732,458,0,6,0,33,8,1,"Anderson",76978,111.720231754527,0.0607187112763321,594.975187715971,19.4860869339292,6.07187112763321
2020-08-21,838,3,821,3,17,0,990,3,17781,36,18771,39,1,7,0,33,8,0,"Anderson",76978,93.53321728286,0.0606758832565284,50.6638260282159,3.89721738678583,6.06758832565284
2020-08-22,856,18,839,18,17,0,1009,19,18325,544,19334,563,1,8,1,34,8,0,"Anderson",76978,103.925796980956,0.052760736196319,731.377796253475,23.383304320715,5.2760736196319
2020-08-23,857,1,840,1,17,0,1010,1,18409,84,19419,85,0,8,0,34,8,0,"Anderson",76978,89.6359998960742,0.0468248877485568,110.421159292265,1.29907246226194,4.68248877485568
2020-08-24,858,1,840,0,18,1,1010,0,18448,39,19458,39,0,8,0,34,8,0,"Anderson",76978,85.7387825092884,0.0451030927835052,50.6638260282159,1.29907246226194,4.51030927835052
2020-08-25,866,8,848,8,18,0,1018,8,18600,152,19618,160,0,8,1,35,8,0,"Anderson",76978,77.9443477357167,0.0398172323759791,207.851593961911,10.3925796980956,3.98172323759791
2020-08-26,872,6,854,6,18,0,1024,6,18780,180,19804,186,0,8,0,35,8,0,"Anderson",76978,67.5517680376211,0.034640522875817,241.627477980722,7.79443477357167,3.4640522875817
2020-08-27,875,3,857,3,18,0,1027,3,19191,411,20218,414,0,8,0,35,8,0,"Anderson",76978,51.9628984904778,0.0269179004037685,537.815999376445,3.89721738678583,2.69179004037685
2020-08-28,875,0,857,0,18,0,1027,0,19229,38,20256,38,0,8,0,35,8,0,"Anderson",76978,48.065681103692,0.0249158249158249,49.3647535659539,0,2.49158249158249
2020-08-29,884,9,865,8,19,1,1035,8,19491,262,20526,270,0,8,0,35,8,0,"Anderson",76978,36.3740289433345,0.0218120805369128,350.749564810725,11.6916521603575,2.18120805369128
2020-08-30,900,16,881,16,19,0,1051,16,19574,83,20625,99,0,8,0,35,8,0,"Anderson",76978,55.8601158772636,0.0339966832504146,128.608173763933,20.7851593961911,3.39966832504146
2020-08-31,902,2,883,2,19,0,1053,2,19632,58,20685,60,0,8,0,35,8,0,"Anderson",76978,57.1591883395256,0.0350448247758761,77.9443477357167,2.59814492452389,3.50448247758761
2020-09-01,909,7,889,6,20,1,1059,6,19743,111,20802,117,0,8,0,35,8,0,"Anderson",76978,55.8601158772636,0.0346283783783784,151.991478084648,9.09350723583361,3.46283783783784
2020-09-02,917,8,895,6,22,2,1069,10,20059,316,21128,326,0,8,0,35,8,0,"Anderson",76978,58.4582608017875,0.033987915407855,423.497622697394,10.3925796980956,3.3987915407855
2020-09-03,933,16,909,14,24,2,1085,16,20383,324,21468,340,0,8,0,35,9,1,"Anderson",76978,75.3462028111928,0.0464,441.684637169061,20.7851593961911,4.64
2020-09-04,942,9,917,8,25,1,1095,10,20572,189,21667,199,0,8,0,35,9,0,"Anderson",76978,87.0378549715503,0.0481927710843374,258.515419990127,11.6916521603575,4.81927710843374
2020-09-05,961,19,936,19,25,0,1116,21,20841,269,21957,290,0,8,1,36,10,1,"Anderson",76978,100.02857959417,0.0566037735849057,376.731014055964,24.682376782977,5.66037735849057
2020-09-06,963,2,938,2,25,0,1118,2,20897,56,22015,58,0,8,0,36,10,0,"Anderson",76978,81.8415651225025,0.0482014388489209,75.3462028111928,2.59814492452389,4.82014388489209
2020-09-07,966,3,941,3,25,0,1123,5,20985,88,22108,93,0,8,0,36,10,0,"Anderson",76978,83.1406375847645,0.0491918482080112,120.813738990361,3.89721738678583,4.91918482080112
2020-09-08,975,9,944,3,31,6,1127,4,21160,175,22287,179,1,9,0,36,10,0,"Anderson",76978,85.7387825092884,0.0457912457912458,232.533970744888,11.6916521603575,4.57912457912458
2020-09-09,984,9,953,9,31,0,1136,9,21401,241,22537,250,0,9,1,37,11,1,"Anderson",76978,87.0378549715503,0.0475514549325763,324.768115565486,11.6916521603575,4.75514549325763
2020-09-10,1013,29,981,28,32,1,1166,30,21770,369,22936,399,1,10,0,37,11,0,"Anderson",76978,103.925796980956,0.0551771117166213,518.329912442516,37.6731014055964,5.51771117166213
2020-09-11,1014,1,982,1,32,0,1168,2,21903,133,23071,135,0,10,0,37,11,0,"Anderson",76978,93.53321728286,0.051994301994302,175.374782405363,1.29907246226194,5.1994301994302
2020-09-12,1017,3,985,3,32,0,1173,5,22045,142,23218,147,0,10,0,37,11,0,"Anderson",76978,72.7480578866689,0.0452022204599524,190.963651952506,3.89721738678583,4.52022204599524
2020-09-13,1038,21,1005,20,33,1,1194,21,22289,244,23483,265,0,10,1,38,11,0,"Anderson",76978,97.4304346696459,0.0517711171662125,344.254202499415,27.2805217075008,5.17711171662125
2020-09-14,1044,6,1010,5,34,1,1200,6,22395,106,23595,112,0,10,1,39,11,0,"Anderson",76978,101.327652056432,0.0517821116341627,145.496115773338,7.79443477357167,5.17821116341627
2020-09-15,1060,16,1026,16,34,0,1217,17,22635,240,23852,257,1,11,1,40,12,1,"Anderson",76978,110.421159292265,0.0575079872204473,333.86162280132,20.7851593961911,5.75079872204473
2020-09-16,1068,8,1034,8,34,0,1229,12,22771,136,24000,148,0,11,0,40,12,0,"Anderson",76978,109.122086830003,0.063568010936432,192.262724414768,10.3925796980956,6.3568010936432
2020-09-17,1090,22,1054,20,36,2,1249,20,23192,421,24441,441,0,11,1,41,12,0,"Anderson",76978,100.02857959417,0.0551495016611296,572.890955857518,28.5795941697628,5.51495016611296
2020-09-18,1109,19,1073,19,36,0,1267,18,23416,224,24683,242,0,11,0,41,12,0,"Anderson",76978,123.411883914885,0.0614143920595533,314.375535867391,24.682376782977,6.14143920595533
2020-09-19,1124,15,1088,15,36,0,1288,21,23698,282,24986,303,0,11,1,42,12,0,"Anderson",76978,139.000753462028,0.0650452488687783,393.618956065369,19.4860869339292,6.50452488687783
2020-09-20,1131,7,1095,7,36,0,1298,10,23850,152,25148,162,0,11,0,42,13,1,"Anderson",76978,120.813738990361,0.0624624624624625,210.449738886435,9.09350723583361,6.24624624624625
2020-09-21,1133,2,1097,2,36,0,1300,2,23883,33,25183,35,0,11,0,42,13,0,"Anderson",76978,115.617449141313,0.0629722921914358,45.4675361791681,2.59814492452389,6.29722921914358
2020-09-22,1147,14,1111,14,36,0,1317,17,24131,248,25448,265,0,11,1,43,13,0,"Anderson",76978,113.019304216789,0.06265664160401,344.254202499415,18.1870144716672,6.265664160401
2020-09-23,1147,0,1111,0,36,0,1317,0,24172,41,25489,41,0,11,0,43,13,0,"Anderson",76978,102.626724518694,0.0591000671591672,53.2619709527397,0,5.91000671591672
2020-09-24,1160,13,1124,13,36,0,1332,15,24496,324,25828,339,1,12,0,43,13,0,"Anderson",76978,90.9350723583361,0.0598413842826244,440.385564706799,16.8879420094053,5.98413842826244
2020-09-25,1174,14,1137,13,37,1,1345,13,24732,236,26077,249,1,13,0,43,13,0,"Anderson",76978,84.4397100470264,0.0559540889526542,323.469043103224,18.1870144716672,5.59540889526542
2020-09-26,1188,14,1151,14,37,0,1362,17,25031,299,26393,316,0,13,0,43,13,0,"Anderson",76978,83.1406375847645,0.0525941719971571,410.506898074775,18.1870144716672,5.25941719971571
2020-09-27,1207,19,1168,17,39,2,1378,16,25238,207,26616,223,0,13,0,43,13,0,"Anderson",76978,98.7295071319078,0.0544959128065395,289.693159084414,24.682376782977,5.44959128065395
2020-09-28,1210,3,1170,2,40,1,1380,2,25275,37,26655,39,0,13,0,43,13,0,"Anderson",76978,100.02857959417,0.0543478260869565,50.6638260282159,3.89721738678583,5.43478260869565
2020-09-29,1221,11,1180,10,41,1,1390,10,25569,294,26959,304,0,13,0,43,13,0,"Anderson",76978,96.1313622073839,0.0483123759099934,394.918028527631,14.2897970848814,4.83123759099934
2020-09-30,1233,12,1190,10,43,2,1400,10,25635,66,27035,76,0,13,0,43,13,0,"Anderson",76978,111.720231754527,0.0536869340232859,98.7295071319078,15.5888695471433,5.36869340232859
2020-10-01,1249,16,1204,14,45,2,1415,15,25915,280,27330,295,0,13,0,43,13,0,"Anderson",76978,115.617449141313,0.0552596537949401,383.226376367274,20.7851593961911,5.52596537949401
2020-10-02,1256,7,1210,6,46,1,1422,7,25997,82,27419,89,0,13,0,43,13,0,"Anderson",76978,106.523941905479,0.0573770491803279,115.617449141313,9.09350723583361,5.73770491803279
2020-10-03,1272,16,1226,16,46,0,1446,24,26261,264,27707,288,0,13,0,43,13,0,"Anderson",76978,109.122086830003,0.0639269406392694,374.13286913144,20.7851593961911,6.39269406392694
2020-10-04,1288,16,1240,14,48,2,1462,16,26598,337,28060,353,0,13,0,43,13,0,"Anderson",76978,105.224869443218,0.0581717451523546,458.572579178467,20.7851593961911,5.81717451523546
2020-10-05,1314,26,1265,25,49,1,1489,27,26809,211,28298,238,0,13,1,44,13,0,"Anderson",76978,135.103536075242,0.0663420572124163,309.179246018343,33.7758840188106,6.63420572124163
2020-10-06,1342,28,1292,27,50,1,1520,31,27146,337,28666,368,0,13,1,45,13,0,"Anderson",76978,157.187767933695,0.0761570005858231,478.058666112396,36.3740289433345,7.61570005858231
2020-10-07,1348,6,1298,6,50,0,1528,8,27381,235,28909,243,0,13,0,45,13,0,"Anderson",76978,149.393333160124,0.0683030949839915,315.674608329653,7.79443477357167,6.83030949839915
2020-10-08,1358,10,1306,8,52,2,1537,9,27620,239,29157,248,0,13,1,46,13,0,"Anderson",76978,141.598898386552,0.066776135741653,322.169970640962,12.9907246226195,6.6776135741653
2020-10-09,1373,15,1319,13,54,2,1553,16,27793,173,29346,189,0,13,0,46,13,0,"Anderson",76978,151.991478084648,0.0679813181110535,245.524695367508,19.4860869339292,6.79813181110535
2020-10-10,1389,16,1335,16,54,0,1573,20,28005,212,29578,232,0,13,1,47,14,1,"Anderson",76978,151.991478084648,0.0678781400320684,301.384811244771,20.7851593961911,6.78781400320684
2020-10-11,1417,28,1363,28,54,0,1604,31,28294,289,29898,320,0,13,0,47,14,0,"Anderson",76978,167.580347631791,0.0772578890097933,415.703187923822,36.3740289433345,7.72578890097933
2020-10-12,1433,16,1378,15,55,1,1620,16,28373,79,29993,95,0,13,0,47,14,0,"Anderson",76978,154.589623009171,0.0772861356932153,123.411883914885,20.7851593961911,7.72861356932153
2020-10-13,1453,20,1396,18,57,2,1638,18,28494,121,30132,139,0,13,0,47,14,0,"Anderson",76978,144.197043311076,0.0804911323328786,180.57107225441,25.9814492452389,8.04911323328786
2020-10-14,1475,22,1418,22,57,0,1662,24,28794,300,30456,324,0,13,0,47,14,0,"Anderson",76978,164.982202707267,0.0866192630898513,420.89947777287,28.5795941697628,8.66192630898513
2020-10-15,1497,22,1434,16,63,6,1676,14,28945,151,30621,165,0,13,1,48,14,0,"Anderson",76978,180.57107225441,0.0949453551912568,214.346956273221,28.5795941697628,9.49453551912568
2020-10-16,1504,7,1437,3,67,4,1680,4,29044,99,30724,103,0,13,0,48,15,1,"Anderson",76978,170.178492556315,0.0921625544267054,133.80446361298,9.09350723583361,9.21625544267054
2020-10-17,1532,28,1464,27,68,1,1710,30,29292,248,31002,278,0,13,2,50,15,0,"Anderson",76978,185.767362103458,0.0962078651685393,361.142144508821,36.3740289433345,9.62078651685393
2020-10-18,1551,19,1483,19,68,0,1732,22,29531,239,31263,261,0,13,0,50,15,0,"Anderson",76978,174.075709943101,0.0937728937728938,339.057912650368,24.682376782977,9.37728937728938
2020-10-19,1555,4,1487,4,68,0,1737,5,29608,77,31345,82,0,13,1,51,15,0,"Anderson",76978,158.486840395957,0.0865384615384615,106.523941905479,5.19628984904778,8.65384615384615
2020-10-20,1582,27,1514,27,68,0,1772,35,29807,199,31579,234,0,13,0,51,15,0,"Anderson",76978,167.580347631791,0.092605390463027,303.982956169295,35.0749564810725,9.2605390463027
2020-10-21,1599,17,1531,17,68,0,1791,19,30023,216,31814,235,0,13,1,52,15,0,"Anderson",76978,161.084985320481,0.0949926362297496,305.282028631557,22.0842318584531,9.49926362297496
2020-10-22,1620,21,1552,21,68,0,1816,25,30355,332,32171,357,1,14,0,52,15,0,"Anderson",76978,159.785912858219,0.0903225806451613,463.768869027514,27.2805217075008,9.03225806451613
2020-10-23,1635,15,1566,14,69,1,1832,16,30630,275,32462,291,0,14,0,52,15,0,"Anderson",76978,170.178492556315,0.0874568469505178,378.030086518226,19.4860869339292,8.74568469505178
2020-10-24,1666,31,1596,30,70,1,1865,33,31006,376,32871,409,0,14,2,54,17,2,"Anderson",76978,174.075709943101,0.082932049224184,531.320637065136,40.2712463301203,8.29320492241841
2020-10-25,1683,17,1612,16,71,1,1884,19,31202,196,33086,215,0,14,4,58,17,0,"Anderson",76978,171.477565018577,0.0833790455293472,279.300579386318,22.0842318584531,8.33790455293472
2020-10-26,1699,16,1627,15,72,1,1902,18,31336,134,33238,152,-1,13,1,59,17,0,"Anderson",76978,187.06643456572,0.0871632329635499,197.459014263816,20.7851593961911,8.71632329635499
2020-10-27,1728,29,1651,24,77,5,1926,24,31491,155,33417,179,1,14,2,61,17,0,"Anderson",76978,189.664579490244,0.0837867247007617,232.533970744888,37.6731014055964,8.37867247007617
2020-10-28,1784,56,1705,54,79,2,1985,59,31925,434,33910,493,0,14,0,61,17,0,"Anderson",76978,240.32840551846,0.092557251908397,640.442723895139,72.7480578866689,9.25572519083969
2020-10-29,1813,29,1726,21,87,8,2004,19,32131,206,34135,225,0,14,2,63,17,0,"Anderson",76978,250.720985216555,0.0957230142566191,292.291304008938,37.6731014055964,9.57230142566191
2020-10-30,1850,37,1760,34,90,3,2042,38,32282,151,34324,189,2,16,1,64,17,0,"Anderson",76978,279.300579386318,0.112781954887218,245.524695367508,48.065681103692,11.2781954887218
2020-10-31,1850,0,1760,0,90,0,2042,0,32283,1,34325,1,0,16,0,64,19,2,"Anderson",76978,239.029333056198,0.121733149931224,1.29907246226194,0,12.1733149931224
2020-11-01,1855,5,1765,5,90,0,2050,8,32527,244,34577,252,0,16,0,64,19,0,"Anderson",76978,223.440463509055,0.111334674714956,327.36626049001,6.49536231130973,11.1334674714956
2020-11-02,1888,33,1796,31,92,2,2085,35,32794,267,34879,302,0,16,0,64,20,1,"Anderson",76978,245.524695367508,0.111517367458867,392.319883603107,42.8693912546442,11.1517367458867
2020-11-03,1914,26,1821,25,93,1,2110,25,32974,180,35084,205,0,16,0,64,21,1,"Anderson",76978,241.627477980722,0.110377924415117,266.309854763699,33.7758840188106,11.0377924415117
2020-11-04,1932,18,1836,15,96,3,2128,18,33052,78,35180,96,2,18,1,65,21,0,"Anderson",76978,192.262724414768,0.11259842519685,124.710956377147,23.383304320715,11.259842519685
2020-11-05,1956,24,1854,18,102,6,2148,20,33151,99,35299,119,0,18,0,65,22,1,"Anderson",76978,185.767362103458,0.123711340206186,154.589623009171,31.1777390942867,12.3711340206186
2020-11-06,2005,49,1900,46,105,3,2197,49,33518,367,35715,416,0,18,2,67,23,1,"Anderson",76978,201.356231650601,0.111430625449317,540.414144300969,63.6545506508353,11.1430625449317
2020-11-07,2085,80,1977,77,108,3,2274,77,33965,447,36239,524,0,18,0,67,23,0,"Anderson",76978,305.282028631557,0.121212121212121,680.713970225259,103.925796980956,12.1212121212121
2020-11-08,2139,54,2028,51,111,3,2336,62,34575,610,36911,672,0,18,1,68,23,0,"Anderson",76978,368.936579282392,0.122536418166238,872.976694640027,70.149912962145,12.2536418166238
2020-11-09,2147,8,2035,7,112,1,2345,9,34649,74,36994,83,0,18,0,68,23,0,"Anderson",76978,336.459767725844,0.122931442080378,107.823014367741,10.3925796980956,12.2931442080378
2020-11-10,2166,19,2053,18,113,1,2367,22,34820,171,37187,193,0,18,1,69,23,0,"Anderson",76978,327.36626049001,0.122206371849738,250.720985216555,24.682376782977,12.2206371849738
2020-11-11,2205,39,2089,36,116,3,2409,42,35093,273,37502,315,1,19,1,70,23,0,"Anderson",76978,354.646782197511,0.121016365202412,409.207825612513,50.6638260282159,12.1016365202412
2020-11-12,2212,7,2095,6,117,1,2417,8,35291,198,37708,206,0,19,0,70,24,1,"Anderson",76978,332.562550339058,0.111664591116646,267.608927225961,9.09350723583361,11.1664591116646
2020-11-13,2268,56,2148,53,120,3,2476,59,35552,261,38028,320,2,21,2,72,24,0,"Anderson",76978,341.656057574892,0.120622568093385,415.703187923822,72.7480578866689,12.0622568093385
2020-11-14,2309,41,2188,40,121,1,2521,45,35948,396,38469,441,1,22,1,73,25,1,"Anderson",76978,290.992231546676,0.110762331838565,572.890955857518,53.2619709527397,11.0762331838565
2020-11-15,2407,98,2286,98,121,0,2629,108,36530,582,39159,690,1,23,1,74,25,0,"Anderson",76978,348.151419886201,0.130338078291815,896.359998960742,127.309101301671,13.0338078291815
2020-11-16,2456,49,2315,29,141,20,2658,29,36807,277,39465,306,0,23,1,75,25,0,"Anderson",76978,401.413390838941,0.126669364629705,397.516173452155,63.6545506508353,12.6669364629705
2020-11-17,2472,16,2330,15,142,1,2674,16,37012,205,39686,221,2,25,1,76,26,1,"Anderson",76978,397.516173452155,0.122849139655862,287.09501415989,20.7851593961911,12.2849139655862
2020-11-18,2502,30,2356,26,146,4,2700,26,37306,294,40006,320,0,25,0,76,27,1,"Anderson",76978,385.824521291798,0.116214057507987,415.703187923822,38.9721738678584,11.6214057507987
2020-11-19,2560,58,2410,54,150,4,2762,62,37722,416,40484,478,0,25,1,77,27,0,"Anderson",76978,452.077216867157,0.124279538904899,620.95663696121,75.3462028111928,12.4279538904899
2020-11-20,2590,30,2437,27,153,3,2793,31,37835,113,40628,144,0,25,0,77,28,1,"Anderson",76978,418.301332848346,0.121923076923077,187.06643456572,38.9721738678584,12.1923076923077
2020-11-21,2647,57,2486,49,161,8,2841,48,38179,344,41020,392,0,25,1,78,28,0,"Anderson",76978,439.086492244537,0.125441003528028,509.236405206682,74.0471303489309,12.5441003528028
2020-11-22,2703,56,2535,49,168,7,2898,57,38662,483,41560,540,0,25,1,79,31,3,"Anderson",76978,384.525448829536,0.112036651395252,701.49912962145,72.7480578866689,11.2036651395252
2020-11-23,2710,7,2541,6,169,1,2904,6,38684,22,41588,28,0,25,0,79,32,1,"Anderson",76978,329.964405414534,0.115873763542157,36.3740289433345,9.09350723583361,11.5873763542157
2020-11-24,2723,13,2553,12,170,1,2916,12,38841,157,41757,169,2,27,0,79,32,0,"Anderson",76978,326.067188027748,0.116851762433607,219.543246122269,16.8879420094053,11.6851762433607
2020-11-25,2751,28,2574,21,177,7,2937,21,38878,37,41815,58,1,28,0,79,32,0,"Anderson",76978,323.469043103224,0.131011608623549,75.3462028111928,36.3740289433345,13.1011608623549
2020-11-26,2796,45,2616,42,180,3,2982,45,39228,350,42210,395,0,28,1,80,33,1,"Anderson",76978,306.581101093819,0.127462340672074,513.133622593468,58.4582608017875,12.7462340672074
2020-11-27,2895,99,2706,90,189,9,3077,95,39654,426,42731,521,0,28,3,83,35,2,"Anderson",76978,396.217100989893,0.135045173561579,676.816752838473,128.608173763933,13.5045173561579
2020-11-28,2926,31,2731,25,195,6,3107,30,39797,143,42904,173,1,29,2,85,35,0,"Anderson",76978,362.441216971083,0.141188959660297,224.739535971316,40.2712463301203,14.1188959660297
2020-11-29,3017,91,2820,89,197,2,3203,96,40234,437,43437,533,0,29,1,86,35,0,"Anderson",76978,407.908753150251,0.162493340436867,692.405622385617,118.215594065837,16.2493340436867
2020-11-30,3087,70,2886,66,201,4,3276,73,40486,252,43762,325,0,29,0,86,37,2,"Anderson",76978,489.750318272753,0.171113155473781,422.198550235132,90.9350723583361,17.1113155473781
2020-12-01,3163,76,2952,66,211,10,3348,72,40916,430,44264,502,1,30,6,92,38,1,"Anderson",76978,571.591883395256,0.172317510969286,652.134376055496,98.7295071319078,17.2317510969286
2020-12-02,3178,15,2966,14,212,1,3364,16,41024,108,44388,124,0,30,0,92,38,0,"Anderson",76978,554.70394138585,0.165954139137194,161.084985320481,19.4860869339292,16.5954139137194
2020-12-03,3219,41,2995,29,224,12,3397,33,41249,225,44646,258,1,31,1,93,39,1,"Anderson",76978,549.507651536803,0.170361247947455,335.160695263582,53.2619709527397,17.0361247947455
2020-12-04,3286,67,3055,60,231,7,3460,63,41407,158,44867,221,1,32,0,93,39,0,"Anderson",76978,507.93733274442,0.179307116104869,287.09501415989,87.0378549715503,17.9307116104869
2020-12-05,3317,31,3074,19,243,12,3478,18,41474,67,44952,85,0,32,0,93,39,0,"Anderson",76978,507.93733274442,0.18115234375,110.421159292265,40.2712463301203,18.115234375
2020-12-06,3353,36,3103,29,250,7,3506,28,41682,208,45188,236,0,32,2,95,40,1,"Anderson",76978,436.488347320014,0.173043974871502,306.581101093819,46.76660864143,17.3043974871502
2020-12-07,3493,140,3227,124,266,16,3642,136,42275,593,45917,729,2,34,4,99,41,1,"Anderson",76978,527.42341967835,0.169837587006961,947.023824988958,181.870144716672,16.9837587006961
2020-12-08,3564,71,3276,49,288,22,3694,52,42573,298,46267,350,1,35,2,101,43,2,"Anderson",76978,520.92805736704,0.172740888667,454.675361791681,92.2341448205981,17.2740888666999
2020-12-09,3669,105,3367,91,302,14,3798,104,42834,261,46632,365,0,35,3,104,44,1,"Anderson",76978,637.844578970615,0.193404634581105,474.16144872561,136.402608537504,19.3404634581105
2020-12-10,3763,94,3445,78,318,16,3885,87,43365,531,47250,618,3,38,3,107,45,1,"Anderson",76978,706.695419470498,0.187403993855607,802.826781677882,122.112811452623,18.7403993855607
2020-12-11,3836,73,3498,53,338,20,3936,51,43531,166,47467,217,1,39,2,109,45,0,"Anderson",76978,714.48985424407,0.183076923076923,281.898724310842,94.832289745122,18.3076923076923
2020-12-12,3924,88,3559,61,365,27,4001,65,44044,513,48045,578,0,39,2,111,45,0,"Anderson",76978,788.536984593001,0.169091496928548,750.863883187404,114.318376679051,16.9091496928548
2020-12-13,4156,232,3742,183,414,49,4205,204,44916,872,49121,1076,1,40,0,111,47,2,"Anderson",76978,1043.15518719634,0.177726926010679,1397.80196939385,301.384811244771,17.7726926010679
2020-12-14,4271,115,3828,86,443,29,4304,99,45206,290,49510,389,0,40,1,112,48,1,"Anderson",76978,1010.67837563979,0.184247147230726,505.339187819897,149.393333160124,18.4247147230726
2020-12-15,4406,135,3913,85,493,50,4400,96,45733,527,50133,623,1,41,6,118,51,3,"Anderson",76978,1093.81901322456,0.182617692705639,809.322143989192,175.374782405363,18.2617692705639
2020-12-16,4475,69,3943,30,532,39,4436,36,46056,323,50492,359,2,43,4,122,52,1,"Anderson",76978,1047.05240458313,0.165284974093264,466.367013952038,89.6359998960742,16.5284974093264
2020-12-17,4676,201,4117,174,559,27,4630,194,46584,528,51214,722,2,45,2,124,54,2,"Anderson",76978,1186.05315804516,0.187941473259334,937.930317753124,261.113564914651,18.7941473259334
2020-12-18,4774,98,4193,76,581,22,4717,87,46950,366,51667,453,1,46,2,126,54,0,"Anderson",76978,1218.5299696017,0.185952380952381,588.479825404661,127.309101301671,18.5952380952381
2020-12-19,4879,105,4274,81,605,24,4804,87,47208,258,52012,345,0,46,1,127,55,1,"Anderson",76978,1240.61420146016,0.202419964708848,448.179999480371,136.402608537504,20.2419964708848
2020-12-20,5019,140,4396,122,623,18,4941,137,47672,464,52613,601,2,48,3,130,56,1,"Anderson",76978,1121.09953493206,0.210767468499427,780.742549819429,181.870144716672,21.0767468499427
2020-12-21,5066,47,4414,18,652,29,4964,23,47892,220,52856,243,3,51,2,132,59,3,"Anderson",76978,1032.76260749825,0.197250448296473,315.674608329653,61.0564057263114,19.7250448296473
2020-12-22,5136,70,4458,44,678,26,5011,47,47998,106,53009,153,1,52,2,134,64,5,"Anderson",76978,948.32289745122,0.212447844228095,198.758086726078,90.9350723583361,21.2447844228095
2020-12-23,5210,74,4500,42,710,32,5054,43,48314,316,53368,359,2,54,2,136,66,2,"Anderson",76978,954.81825976253,0.214881780250348,466.367013952038,96.1313622073839,21.4881780250348
2020-12-24,5268,58,4524,24,744,34,5081,27,48466,152,53547,179,1,55,1,137,71,5,"Anderson",76978,769.050897659071,0.193313330475782,232.533970744888,75.3462028111928,19.3313330475782
2020-12-25,5361,93,4601,77,760,16,5173,92,48875,409,54048,501,0,55,1,138,72,1,"Anderson",76978,762.555535347762,0.191516169676606,650.835303593234,120.813738990361,19.1516169676606
2020-12-26,5417,56,4630,29,787,27,5201,28,48994,119,54195,147,0,55,3,141,74,2,"Anderson",76978,698.900984696926,0.181859825927623,190.963651952506,72.7480578866689,18.1859825927623
2020-12-27,5477,60,4667,37,810,23,5237,36,49130,136,54367,172,1,56,6,147,75,1,"Anderson",76978,594.975187715971,0.168757126567845,223.440463509055,77.9443477357167,16.8757126567845
2020-12-28,5524,47,4688,21,836,26,5257,20,49199,69,54456,89,2,58,4,151,82,7,"Anderson",76978,594.975187715971,0.183125,115.617449141313,61.0564057263114,18.3125
2020-12-29,5620,96,4740,52,880,44,5305,48,49294,95,54599,143,2,60,5,156,85,3,"Anderson",76978,628.751071734781,0.184905660377358,185.767362103458,124.710956377147,18.4905660377358
2020-12-30,5655,35,4758,18,897,17,5322,17,49422,128,54744,145,6,66,1,157,88,3,"Anderson",76978,578.087245706566,0.194767441860465,188.365507027982,45.4675361791681,19.4767441860465
2020-12-31,5818,163,4858,100,960,63,5424,102,49726,304,55150,406,6,72,1,158,93,5,"Anderson",76978,714.48985424407,0.213973799126638,527.42341967835,211.748811348697,21.3973799126638
2021-01-01,5883,65,4900,42,983,23,5479,55,50002,276,55481,331,0,72,2,160,94,1,"Anderson",76978,678.115825300735,0.213538032100488,429.992985008704,84.4397100470264,21.3538032100488
2021-01-02,5976,93,4941,41,1035,52,5520,41,50287,285,55807,326,0,72,2,162,96,2,"Anderson",76978,726.181506404427,0.197890818858561,423.497622697394,120.813738990361,19.7890818858561
2021-01-03,6001,25,4953,12,1048,13,5536,16,50339,52,55875,68,0,72,1,163,99,3,"Anderson",76978,680.713970225259,0.198275862068966,88.3369274338123,32.4768115565486,19.8275862068966
2021-01-04,6038,37,4977,24,1061,13,5567,31,50446,107,56013,138,1,73,0,163,104,5,"Anderson",76978,667.72324560264,0.199100834938985,179.271999792148,48.065681103692,19.9100834938985
2021-01-05,6110,72,5008,31,1102,41,5598,31,50564,118,56162,149,2,75,2,165,107,3,"Anderson",76978,636.545506508353,0.187460012795905,193.56179687703,93.53321728286,18.7460012795905
2021-01-06,6185,75,5049,41,1136,34,5642,44,50725,161,56367,205,5,80,2,167,109,2,"Anderson",76978,688.508404998831,0.197165742452249,266.309854763699,97.4304346696459,19.7165742452249
2021-01-07,6290,105,5129,80,1161,25,5734,92,50946,221,56680,313,1,81,1,168,112,3,"Anderson",76978,613.162202187638,0.202614379084967,406.609680687989,136.402608537504,20.2614379084967
2021-01-08,6373,83,5180,51,1193,32,5786,52,51145,199,56931,251,5,86,2,170,115,3,"Anderson",76978,636.545506508353,0.211724137931034,326.067188027748,107.823014367741,21.1724137931034
2021-01-09,6483,110,5249,69,1234,41,5862,76,51576,431,57438,507,2,88,0,170,117,2,"Anderson",76978,658.629738366806,0.209687308399755,658.629738366806,142.897970848814,20.9687308399755
2021-01-10,6543,60,5274,25,1269,35,5887,25,51670,94,57557,119,2,90,3,173,118,1,"Anderson",76978,704.097274545974,0.208680142687277,154.589623009171,77.9443477357167,20.8680142687277
2021-01-11,6576,33,5284,10,1292,23,5900,13,51741,71,57641,84,1,91,1,174,120,2,"Anderson",76978,698.900984696926,0.204545454545455,109.122086830003,42.8693912546442,20.4545454545455
2021-01-12,6629,53,5318,34,1311,19,5938,38,51913,172,57851,210,2,93,1,175,120,0,"Anderson",76978,674.218607913949,0.201302545885139,272.805217075008,68.8508404998831,20.1302545885139
2021-01-13,6655,26,5335,17,1320,9,5957,19,52003,90,57960,109,3,96,0,175,121,1,"Anderson",76978,610.564057263114,0.19774011299435,141.598898386552,33.7758840188106,19.774011299435
2021-01-14,6752,97,5397,62,1355,35,6031,74,52410,407,58441,481,5,101,2,177,123,2,"Anderson",76978,600.171477565019,0.168654173764906,624.853854347995,126.010028839409,16.8654173764906
2021-01-15,6786,34,5417,20,1369,14,6055,24,52565,155,58620,179,0,101,1,178,126,3,"Anderson",76978,536.516926914183,0.159265837773831,232.533970744888,44.1684637169061,15.9265837773831
2021-01-16,6851,65,5448,31,1403,34,6089,34,52808,243,58897,277,1,102,1,179,129,3,"Anderson",76978,478.058666112396,0.155586017820425,359.843072046559,84.4397100470264,15.5586017820425
2021-01-17,6888,37,5468,20,1420,17,6112,23,52912,104,59024,127,0,102,0,179,131,2,"Anderson",76978,448.179999480371,0.153374233128834,164.982202707267,48.065681103692,15.3374233128834
2021-01-18,6907,19,5476,8,1431,11,6122,10,53008,96,59130,106,1,103,0,179,132,1,"Anderson",76978,429.992985008704,0.149093351242445,137.701680999766,24.682376782977,14.9093351242445
2021-01-19,6949,42,5493,17,1456,25,6142,20,53120,112,59262,132,1,104,0,179,134,2,"Anderson",76978,415.703187923822,0.144578313253012,171.477565018577,54.5610434150017,14.4578313253012
2021-01-20,6977,28,5509,16,1468,12,6161,19,53272,152,59433,171,3,107,0,179,137,3,"Anderson",76978,418.301332848346,0.138492871690428,222.141391046793,36.3740289433345,13.8492871690428
2021-01-21,7033,56,5549,40,1484,16,6200,39,53513,241,59713,280,5,112,2,181,138,1,"Anderson",76978,365.039361895607,0.132861635220126,363.740289433345,72.7480578866689,13.2861635220126
2021-01-22,7071,38,5567,18,1504,20,6222,22,53658,145,59880,167,2,114,0,181,141,3,"Anderson",76978,370.235651744654,0.132539682539683,216.945101197745,49.3647535659539,13.2539682539683
2021-01-23,7109,38,5581,14,1528,24,6235,13,53918,260,60153,273,0,114,1,182,141,0,"Anderson",76978,335.160695263582,0.116242038216561,354.646782197511,49.3647535659539,11.6242038216561
2021-01-24,7122,13,5593,12,1529,1,6249,14,53985,67,60234,81,0,114,0,182,143,2,"Anderson",76978,303.982956169295,0.113223140495868,105.224869443218,16.8879420094053,11.3223140495868
2021-01-25,7139,17,5604,11,1535,6,6260,11,54045,60,60305,71,2,116,1,183,145,2,"Anderson",76978,301.384811244771,0.117446808510638,92.2341448205981,22.0842318584531,11.7446808510638
2021-01-26,7166,27,5625,21,1541,6,6285,25,54208,163,60493,188,0,116,1,184,148,3,"Anderson",76978,281.898724310842,0.116165718927701,244.225622905246,35.0749564810725,11.6165718927701
2021-01-27,7183,17,5633,8,1550,9,6294,9,54294,86,60588,95,4,120,0,184,150,2,"Anderson",76978,267.608927225961,0.115151515151515,123.411883914885,22.0842318584531,11.5151515151515
2021-01-28,7270,87,5673,40,1597,47,6341,47,54520,226,60861,273,4,124,0,184,151,1,"Anderson",76978,307.880173556081,0.122822299651568,354.646782197511,113.019304216789,12.2822299651568
2021-01-29,7283,13,5677,4,1606,9,6346,5,54565,45,60911,50,1,125,1,185,151,0,"Anderson",76978,275.403361999532,0.120271580989331,64.9536231130973,16.8879420094053,12.0271580989331
2021-01-30,7323,40,5712,35,1611,5,6382,36,54824,259,61206,295,2,127,2,187,152,1,"Anderson",76978,278.001506924056,0.13960113960114,383.226376367274,51.9628984904778,13.960113960114
2021-01-31,7339,16,5719,7,1620,9,6393,11,54993,169,61386,180,1,128,0,187,154,2,"Anderson",76978,281.898724310842,0.125,233.83304320715,20.7851593961911,12.5
2021-02-01,7359,20,5732,13,1627,7,6406,13,55046,53,61452,66,1,129,1,188,156,2,"Anderson",76978,285.795941697628,0.127288578901482,85.7387825092884,25.9814492452389,12.7288578901482
2021-02-02,7366,7,5738,6,1628,1,6411,5,55114,68,61525,73,5,134,0,188,157,1,"Anderson",76978,259.814492452389,0.122093023255814,94.832289745122,9.09350723583361,12.2093023255814
2021-02-03,7388,22,5744,6,1644,16,6421,10,55306,192,61727,202,4,138,0,188,158,1,"Anderson",76978,266.309854763699,0.111501316944688,262.412637376913,28.5795941697628,11.1501316944688
2021-02-04,7419,31,5759,15,1660,16,6438,17,55630,324,62068,341,2,140,0,188,158,0,"Anderson",76978,193.56179687703,0.0803645401822701,442.983709631323,40.2712463301203,8.03645401822701
2021-02-05,7437,18,5770,11,1667,7,6455,17,55787,157,62242,174,2,142,0,188,159,1,"Anderson",76978,200.05715918834,0.081893313298272,226.038608433578,23.383304320715,8.1893313298272
2021-02-06,7464,27,5786,16,1678,11,6475,20,56009,222,62484,242,1,143,1,189,159,0,"Anderson",76978,183.169217178934,0.0727699530516432,314.375535867391,35.0749564810725,7.27699530516432
2021-02-07,7477,13,5793,7,1684,6,6483,8,56116,107,62599,115,0,143,0,189,159,0,"Anderson",76978,179.271999792148,0.0741962077493817,149.393333160124,16.8879420094053,7.41962077493817
2021-02-08,7502,25,5799,6,1703,19,6488,5,56138,22,62626,27,2,145,0,189,159,0,"Anderson",76978,185.767362103458,0.0698466780238501,35.0749564810725,32.4768115565486,6.98466780238501
2021-02-09,7526,24,5809,10,1717,14,6499,11,56307,169,62806,180,2,147,2,191,159,0,"Anderson",76978,207.851593961911,0.068696330991413,233.83304320715,31.1777390942867,6.8696330991413
2021-02-10,7551,25,5824,15,1727,10,6518,19,56502,195,63020,214,1,148,1,192,159,0,"Anderson",76978,211.748811348697,0.0750193348801237,278.001506924056,32.4768115565486,7.50193348801237
2021-02-11,7564,13,5832,8,1732,5,6529,11,56682,180,63211,191,-1,147,0,192,160,1,"Anderson",76978,188.365507027982,0.0796150481189851,248.122840292031,16.8879420094053,7.96150481189851
2021-02-12,7591,27,5847,15,1744,12,6544,15,56876,194,63420,209,0,147,0,192,160,0,"Anderson",76978,200.05715918834,0.0755517826825127,271.506144612746,35.0749564810725,7.55517826825127
2021-02-13,7618,27,5858,11,1760,16,6554,10,57065,189,63619,199,0,147,0,192,160,0,"Anderson",76978,200.05715918834,0.0696035242290749,258.515419990127,35.0749564810725,6.96035242290749
2021-02-14,7631,13,5867,9,1764,4,6565,11,57126,61,63691,72,2,149,0,192,160,0,"Anderson",76978,200.05715918834,0.0750915750915751,93.53321728286,16.8879420094053,7.50915750915751
2021-02-15,7648,17,5875,8,1773,9,6574,9,57199,73,63773,82,0,149,1,193,161,1,"Anderson",76978,189.664579490244,0.0749782040104621,106.523941905479,22.0842318584531,7.49782040104621
2021-02-16,7677,29,5889,14,1788,15,6591,17,57283,84,63874,101,0,149,0,193,161,0,"Anderson",76978,196.159941801554,0.0861423220973783,131.206318688456,37.6731014055964,8.61423220973783
2021-02-17,7696,19,5901,12,1795,7,6603,12,57391,108,63994,120,0,149,0,193,163,2,"Anderson",76978,188.365507027982,0.0872689938398357,155.888695471433,24.682376782977,8.72689938398357
2021-02-18,7720,24,5923,22,1797,2,6629,26,57547,156,64176,182,0,149,0,193,163,0,"Anderson",76978,202.655304112863,0.103626943005181,236.431188131674,31.1777390942867,10.3626943005181
2021-02-19,7733,13,5934,11,1799,2,6644,15,57593,46,64237,61,0,149,0,193,164,1,"Anderson",76978,184.468289641196,0.122399020807834,79.2434201979787,16.8879420094053,12.2399020807834
2021-02-20,7752,19,5941,7,1811,12,6653,9,57715,122,64368,131,1,150,0,193,165,1,"Anderson",76978,174.075709943101,0.132176234979973,170.178492556315,24.682376782977,13.2176234979973
2021-02-21,7764,12,5948,7,1816,5,6660,7,57779,64,64439,71,2,152,1,194,165,0,"Anderson",76978,172.776637480839,0.127005347593583,92.2341448205981,15.5888695471433,12.7005347593583
2021-02-22,7769,5,5950,2,1819,3,6666,6,57816,37,64482,43,1,153,0,194,166,1,"Anderson",76978,157.187767933695,0.129760225669958,55.8601158772636,6.49536231130973,12.9760225669958
2021-02-23,7793,24,5959,9,1834,15,6674,8,57959,143,64633,151,2,155,0,194,168,2,"Anderson",76978,150.692405622386,0.10935441370224,196.159941801554,31.1777390942867,10.935441370224
2021-02-24,7825,32,5978,19,1847,13,6697,23,58133,174,64830,197,0,155,0,194,168,0,"Anderson",76978,167.580347631791,0.11244019138756,255.917275065603,41.5703187923822,11.244019138756
2021-02-25,7842,17,5986,8,1856,9,6708,11,58260,127,64968,138,1,156,0,194,168,0,"Anderson",76978,158.486840395957,0.0997474747474748,179.271999792148,22.0842318584531,9.97474747474748
2021-02-26,7854,12,5994,8,1860,4,6717,9,58359,99,65076,108,0,156,0,194,168,0,"Anderson",76978,157.187767933695,0.0870083432657926,140.29982592429,15.5888695471433,8.70083432657926
2021-02-27,7863,9,6001,7,1862,2,6723,6,58451,92,65174,98,0,156,0,194,168,0,"Anderson",76978,144.197043311076,0.086848635235732,127.309101301671,11.6916521603575,8.6848635235732
2021-02-28,7877,14,6011,10,1866,4,6734,11,58521,70,65255,81,0,156,0,194,168,0,"Anderson",76978,146.7951882356,0.0906862745098039,105.224869443218,18.1870144716672,9.06862745098039
2021-03-01,7885,8,6016,5,1869,3,6741,7,58556,35,65297,42,0,156,0,194,169,1,"Anderson",76978,150.692405622386,0.0920245398773006,54.5610434150017,10.3925796980956,9.20245398773006
2021-03-02,7908,23,6027,11,1881,12,6751,10,58672,116,65423,126,1,157,1,195,169,0,"Anderson",76978,149.393333160124,0.0974683544303798,163.683130245005,29.8786666320247,9.74683544303798
2021-03-03,7941,33,6048,21,1893,12,6776,25,58788,116,65564,141,1,158,0,195,170,1,"Anderson",76978,150.692405622386,0.107629427792916,183.169217178934,42.8693912546442,10.7629427792916
2021-03-04,7966,25,6061,13,1905,12,6793,17,58951,163,65744,180,0,158,0,195,170,0,"Anderson",76978,161.084985320481,0.109536082474227,233.83304320715,32.4768115565486,10.9536082474227
2021-03-05,7999,33,6078,17,1921,16,6815,22,59085,134,65900,156,0,158,2,197,170,0,"Anderson",76978,188.365507027982,0.118932038834951,202.655304112863,42.8693912546442,11.8932038834951
2021-03-06,8010,11,6083,5,1927,6,6823,8,59174,89,65997,97,0,158,0,197,170,0,"Anderson",76978,190.963651952506,0.121506682867558,126.010028839409,14.2897970848814,12.1506682867558
2021-03-07,8016,6,6086,3,1930,3,6826,3,59213,39,66039,42,0,158,0,197,170,0,"Anderson",76978,180.57107225441,0.11734693877551,54.5610434150017,7.79443477357167,11.734693877551
2021-03-08,8032,16,6093,7,1939,9,6835,9,59290,77,66125,86,1,159,0,197,170,0,"Anderson",76978,190.963651952506,0.113526570048309,111.720231754527,20.7851593961911,11.3526570048309
2021-03-09,8053,21,6101,8,1952,13,6843,8,59355,65,66198,73,0,159,3,200,171,1,"Anderson",76978,188.365507027982,0.118709677419355,94.832289745122,27.2805217075008,11.8709677419355
2021-03-10,8075,22,6114,13,1961,9,6859,16,59512,157,66371,173,0,159,1,201,171,0,"Anderson",76978,174.075709943101,0.102850061957869,224.739535971316,28.5795941697628,10.2850061957869
2021-03-11,8098,23,6124,10,1974,13,6869,10,59609,97,66478,107,0,159,1,202,172,1,"Anderson",76978,171.477565018577,0.103542234332425,139.000753462028,29.8786666320247,10.3542234332425
2021-03-12,8118,20,6141,17,1977,3,6889,20,59715,106,66604,126,0,159,0,202,172,0,"Anderson",76978,154.589623009171,0.105113636363636,163.683130245005,25.9814492452389,10.5113636363636
2021-03-13,8129,11,6145,4,1984,7,6893,4,59791,76,66684,80,0,159,1,203,172,0,"Anderson",76978,154.589623009171,0.101892285298399,103.925796980956,14.2897970848814,10.1892285298399
2021-03-14,8135,6,6149,4,1986,2,6899,6,59827,36,66726,42,0,159,1,204,172,0,"Anderson",76978,154.589623009171,0.106259097525473,54.5610434150017,7.79443477357167,10.6259097525473
2021-03-15,8154,19,6155,6,1999,13,6905,6,59859,32,66764,38,0,159,1,205,172,0,"Anderson",76978,158.486840395957,0.109546165884194,49.3647535659539,24.682376782977,10.9546165884194
2021-03-16,8187,33,6168,13,2019,20,6920,15,59952,93,66872,108,0,159,2,207,172,0,"Anderson",76978,174.075709943101,0.114243323442137,140.29982592429,42.8693912546442,11.4243323442136
2021-03-17,8205,18,6180,12,2025,6,6933,13,60039,87,66972,100,0,159,0,207,173,1,"Anderson",76978,168.879420094053,0.123128119800333,129.907246226195,23.383304320715,12.3128119800333
2021-03-18,8221,16,6192,12,2029,4,6948,15,60120,81,67068,96,1,160,0,207,173,0,"Anderson",76978,159.785912858219,0.133898305084746,124.710956377147,20.7851593961911,13.3898305084746
2021-03-19,8245,24,6206,14,2039,10,6961,13,60239,119,67200,132,0,160,1,208,173,0,"Anderson",76978,164.982202707267,0.120805369127517,171.477565018577,31.1777390942867,12.0805369127517
2021-03-20,8257,12,6212,6,2045,6,6969,8,60278,39,67247,47,0,160,1,209,173,0,"Anderson",76978,166.281275169529,0.134991119005329,61.0564057263114,15.5888695471433,13.4991119005329
2021-03-21,8267,10,6218,6,2049,4,6976,7,60340,62,67316,69,-1,159,0,209,173,0,"Anderson",76978,171.477565018577,0.130508474576271,89.6359998960742,12.9907246226195,13.0508474576271
2021-03-22,8275,8,6219,1,2056,7,6977,1,60406,66,67383,67,0,159,1,210,173,0,"Anderson",76978,157.187767933695,0.116316639741519,87.0378549715503,10.3925796980956,11.6316639741519
2021-03-23,8281,6,6220,1,2061,5,6978,1,60449,43,67427,44,0,159,0,210,174,1,"Anderson",76978,122.112811452623,0.104504504504505,57.1591883395256,7.79443477357167,10.4504504504505
2021-03-24,8289,8,6227,7,2062,1,6985,7,60569,120,67554,127,1,160,0,210,174,0,"Anderson",76978,109.122086830003,0.0893470790378007,164.982202707267,10.3925796980956,8.93470790378007
2021-03-25,8299,10,6232,5,2067,5,6991,6,60670,101,67661,107,0,160,0,210,174,0,"Anderson",76978,101.327652056432,0.0725126475548061,139.000753462028,12.9907246226195,7.25126475548061
2021-03-26,8316,17,6244,12,2072,5,7002,11,60736,66,67738,77,0,160,0,210,175,1,"Anderson",76978,92.2341448205981,0.0762081784386617,100.02857959417,22.0842318584531,7.62081784386617
2021-03-27,8320,4,6248,4,2072,0,7008,6,60800,64,67808,70,1,161,2,212,175,0,"Anderson",76978,81.8415651225025,0.0695187165775401,90.9350723583361,5.19628984904778,6.95187165775401
2021-03-28,8323,3,6248,0,2075,3,7008,0,60829,29,67837,29,1,162,0,212,176,1,"Anderson",76978,72.7480578866689,0.0614203454894434,37.6731014055964,3.89721738678583,6.14203454894434
2021-03-29,8339,16,6252,4,2087,12,7012,4,60915,86,67927,90,1,163,0,212,177,1,"Anderson",76978,83.1406375847645,0.0643382352941176,116.916521603575,20.7851593961911,6.43382352941176
2021-03-30,8344,5,6255,3,2089,2,7015,3,60973,58,67988,61,1,164,0,212,177,0,"Anderson",76978,81.8415651225025,0.0659536541889483,79.2434201979787,6.49536231130973,6.59536541889483
2021-03-31,8367,23,6269,14,2098,9,7031,16,61137,164,68168,180,1,165,1,213,177,0,"Anderson",76978,101.327652056432,0.0749185667752443,233.83304320715,29.8786666320247,7.49185667752443
2021-04-01,8377,10,6274,5,2103,5,7035,4,61194,57,68229,61,0,165,0,213,177,0,"Anderson",76978,101.327652056432,0.0774647887323944,79.2434201979787,12.9907246226195,7.74647887323944
2021-04-02,8385,8,6280,6,2105,2,7043,8,61264,70,68307,78,0,165,0,213,177,0,"Anderson",76978,89.6359998960742,0.0720562390158172,101.327652056432,10.3925796980956,7.20562390158172
2021-04-03,8391,6,6285,5,2106,1,7049,6,61314,50,68363,56,0,165,0,213,177,0,"Anderson",76978,92.2341448205981,0.0738738738738739,72.7480578866689,7.79443477357167,7.38738738738739
2021-04-04,8393,2,6287,2,2106,0,7051,2,61352,38,68403,40,0,165,0,213,177,0,"Anderson",76978,90.9350723583361,0.0759717314487632,51.9628984904778,2.59814492452389,7.59717314487632
2021-04-05,8407,14,6290,3,2117,11,7053,2,61410,58,68463,60,0,165,2,215,177,0,"Anderson",76978,88.3369274338123,0.0764925373134328,77.9443477357167,18.1870144716672,7.64925373134328
2021-04-06,8412,5,6294,4,2118,1,7059,6,61452,42,68511,48,0,165,0,215,177,0,"Anderson",76978,88.3369274338123,0.0841300191204589,62.3554781885734,6.49536231130973,8.41300191204589
2021-04-07,8432,20,6307,13,2125,7,7073,14,61610,158,68683,172,0,165,2,217,177,0,"Anderson",76978,84.4397100470264,0.0815533980582524,223.440463509055,25.9814492452389,8.15533980582524
2021-04-08,8435,3,6309,2,2126,1,7076,3,61701,91,68777,94,5,170,1,218,177,0,"Anderson",76978,75.3462028111928,0.0748175182481752,122.112811452623,3.89721738678583,7.48175182481752
2021-04-09,8443,8,6315,6,2128,2,7085,9,61788,87,68873,96,-4,166,0,218,177,0,"Anderson",76978,75.3462028111928,0.0742049469964664,124.710956377147,10.3925796980956,7.42049469964664
2021-04-10,8448,5,6320,5,2128,0,7090,5,61859,71,68949,76,0,166,0,218,177,0,"Anderson",76978,74.0471303489309,0.0699658703071672,98.7295071319078,6.49536231130973,6.99658703071672
2021-04-11,8455,7,6325,5,2130,2,7095,5,61903,44,68998,49,-1,165,0,218,177,0,"Anderson",76978,80.5424926602406,0.0739495798319328,63.6545506508353,9.09350723583361,7.39495798319328
2021-04-12,8458,3,6328,3,2130,0,7098,3,61972,69,69070,72,0,165,0,218,177,0,"Anderson",76978,66.2526955753592,0.0741350906095552,93.53321728286,3.89721738678583,7.41350906095552
2021-04-13,8468,10,6333,5,2135,5,7104,6,62033,61,69137,67,5,170,0,218,177,0,"Anderson",76978,72.7480578866689,0.0718849840255591,87.0378549715503,12.9907246226195,7.18849840255591
2021-04-14,8482,14,6342,9,2140,5,7115,11,62171,138,69286,149,0,170,0,218,177,0,"Anderson",76978,64.9536231130973,0.0696517412935323,193.56179687703,18.1870144716672,6.96517412935323
2021-04-15,8491,9,6347,5,2144,4,7120,5,62252,81,69372,86,0,170,0,218,177,0,"Anderson",76978,72.7480578866689,0.0739495798319328,111.720231754527,11.6916521603575,7.39495798319328
2021-04-16,8504,13,6358,11,2146,2,7133,13,62405,153,69538,166,0,170,0,218,177,0,"Anderson",76978,79.2434201979786,0.0721804511278196,215.646028735483,16.8879420094053,7.21804511278196
2021-04-17,8509,5,6361,3,2148,2,7137,4,62470,65,69607,69,0,170,0,218,177,0,"Anderson",76978,79.2434201979786,0.0714285714285714,89.6359998960742,6.49536231130973,7.14285714285714
2021-04-18,8516,7,6367,6,2149,1,7143,6,62515,45,69658,51,0,170,0,218,177,0,"Anderson",76978,79.2434201979786,0.0727272727272727,66.2526955753592,9.09350723583361,7.27272727272727
2021-04-19,8522,6,6370,3,2152,3,7146,3,62538,23,69684,26,0,170,0,218,178,1,"Anderson",76978,83.1406375847645,0.0781758957654723,33.7758840188106,7.79443477357167,7.81758957654723
2021-04-20,8528,6,6373,3,2155,3,7149,3,62637,99,69786,102,0,170,0,218,178,0,"Anderson",76978,77.9443477357167,0.0693374422187981,132.505391150718,7.79443477357167,6.93374422187981
2021-04-21,8540,12,6379,6,2161,6,7155,6,62791,154,69946,160,1,171,0,218,178,0,"Anderson",76978,75.3462028111928,0.0606060606060606,207.851593961911,15.5888695471433,6.06060606060606
2021-04-22,8558,18,6385,6,2173,12,7162,7,62935,144,70097,151,0,171,0,218,178,0,"Anderson",76978,87.0378549715503,0.0579310344827586,196.159941801554,23.383304320715,5.79310344827586
2021-04-23,8568,10,6390,5,2178,5,7168,6,63100,165,70268,171,0,171,0,218,178,0,"Anderson",76978,83.1406375847645,0.047945205479452,222.141391046793,12.9907246226195,4.7945205479452
2021-04-24,8580,12,6396,6,2184,6,7175,7,63167,67,70342,74,0,171,1,219,178,0,"Anderson",76978,92.2341448205981,0.0517006802721088,96.1313622073839,15.5888695471433,5.17006802721088
2021-04-25,8584,4,6398,2,2186,2,7177,2,63207,40,70384,42,0,171,0,219,178,0,"Anderson",76978,88.3369274338123,0.046831955922865,54.5610434150017,5.19628984904778,4.6831955922865
2021-04-26,8593,9,6402,4,2191,5,7181,4,63282,75,70463,79,0,171,0,219,179,1,"Anderson",76978,92.2341448205981,0.0449293966623877,102.626724518694,11.6916521603575,4.49293966623877
2021-04-27,8603,10,6408,6,2195,4,7187,6,63350,68,70537,74,0,171,0,219,179,0,"Anderson",76978,97.4304346696459,0.0505992010652463,96.1313622073839,12.9907246226195,5.05992010652463
2021-04-28,8620,17,6420,12,2200,5,7200,13,63488,138,70688,151,0,171,1,220,180,1,"Anderson",76978,103.925796980956,0.0606469002695418,196.159941801554,22.0842318584531,6.06469002695418
2021-04-29,8626,6,6422,2,2204,4,7203,3,63637,149,70840,152,0,171,0,220,180,0,"Anderson",76978,88.3369274338123,0.0551816958277254,197.459014263816,7.79443477357167,5.51816958277254
2021-04-30,8634,8,6425,3,2209,5,7207,4,63759,122,70966,126,0,171,0,220,180,0,"Anderson",76978,85.7387825092884,0.0558739255014327,163.683130245005,10.3925796980956,5.58739255014327
2021-05-01,8639,5,6428,3,2211,2,7210,3,63822,63,71032,66,0,171,1,221,180,0,"Anderson",76978,76.6452752734548,0.0507246376811594,85.7387825092884,6.49536231130973,5.07246376811594
2021-05-02,8642,3,6429,1,2213,2,7211,1,63873,51,71084,52,0,171,0,221,180,0,"Anderson",76978,75.3462028111928,0.0485714285714286,67.5517680376211,3.89721738678583,4.85714285714286
2021-05-03,8652,10,6434,5,2218,5,7216,5,63979,106,71195,111,0,171,0,221,180,0,"Anderson",76978,76.6452752734548,0.0478142076502732,144.197043311076,12.9907246226195,4.78142076502732
2021-05-04,8654,2,6434,0,2220,2,7217,1,64055,76,71272,77,0,171,0,221,180,0,"Anderson",76978,66.2526955753592,0.0408163265306122,100.02857959417,2.59814492452389,4.08163265306122
2021-05-05,8662,8,6438,4,2224,4,7220,3,64172,117,71392,120,0,171,0,221,180,0,"Anderson",76978,54.5610434150017,0.0284090909090909,155.888695471433,10.3925796980956,2.84090909090909
2021-05-06,8667,5,6441,3,2226,2,7226,6,64224,52,71450,58,0,171,1,222,180,0,"Anderson",76978,53.2619709527397,0.0377049180327869,75.3462028111928,6.49536231130973,3.77049180327869
2021-05-07,8672,5,6443,2,2229,3,7229,3,64344,120,71573,123,0,171,0,222,180,0,"Anderson",76978,49.3647535659539,0.0362438220757825,159.785912858219,6.49536231130973,3.62438220757825
2021-05-08,8678,6,6446,3,2232,3,7231,2,64413,69,71644,71,0,171,1,223,181,1,"Anderson",76978,50.6638260282159,0.0343137254901961,92.2341448205981,7.79443477357167,3.43137254901961
2021-05-09,8679,1,6446,0,2233,1,7232,1,64441,28,71673,29,0,171,0,223,181,0,"Anderson",76978,48.065681103692,0.0356536502546689,37.6731014055964,1.29907246226194,3.56536502546689
2021-05-10,8684,5,6446,0,2238,5,7232,0,64529,88,71761,88,0,171,0,223,181,0,"Anderson",76978,41.5703187923822,0.0282685512367491,114.318376679051,6.49536231130973,2.82685512367491
2021-05-11,8692,8,6447,1,2245,7,7234,2,64571,42,71805,44,0,171,0,223,182,1,"Anderson",76978,49.3647535659539,0.0318949343339587,57.1591883395256,10.3925796980956,3.18949343339587
2021-05-12,8705,13,6454,7,2251,6,7240,6,64674,103,71914,109,0,171,2,225,182,0,"Anderson",76978,55.8601158772636,0.0383141762452107,141.598898386552,16.8879420094053,3.83141762452107
2021-05-13,8709,4,6456,2,2253,2,7242,2,64777,103,72019,105,0,171,2,227,182,0,"Anderson",76978,54.5610434150017,0.0281195079086116,136.402608537504,5.19628984904778,2.81195079086116
2021-05-14,8717,8,6459,3,2258,5,7247,5,64864,87,72111,92,0,171,0,227,182,0,"Anderson",76978,58.4582608017875,0.033457249070632,119.514666528099,10.3925796980956,3.3457249070632
2021-05-15,8722,5,6461,2,2261,3,7249,2,64929,65,72178,67,0,171,0,227,182,0,"Anderson",76978,57.1591883395256,0.0337078651685393,87.0378549715503,6.49536231130973,3.37078651685393
2021-05-16,8724,2,6462,1,2262,1,7250,1,64965,36,72215,37,0,171,0,227,182,0,"Anderson",76978,58.4582608017875,0.033210332103321,48.065681103692,2.59814492452389,3.3210332103321
2021-05-17,8730,6,6467,5,2263,1,7255,5,65024,59,72279,64,1,172,0,227,182,0,"Anderson",76978,59.7573332640495,0.0444015444015444,83.1406375847645,7.79443477357167,4.44015444015444
2021-05-18,8734,4,6467,0,2267,4,7255,0,65115,91,72370,91,0,172,1,228,182,0,"Anderson",76978,54.5610434150017,0.0371681415929204,118.215594065837,5.19628984904778,3.71681415929204
2021-05-19,8741,7,6472,5,2269,2,7261,6,65233,118,72494,124,0,172,0,228,182,0,"Anderson",76978,46.76660864143,0.0362068965517241,161.084985320481,9.09350723583361,3.62068965517241
2021-05-20,8743,2,6474,2,2269,0,7263,2,65352,119,72615,121,0,172,0,228,182,0,"Anderson",76978,44.1684637169061,0.0352348993288591,157.187767933695,2.59814492452389,3.52348993288591
2021-05-21,8745,2,6474,0,2271,2,7263,0,65422,70,72685,70,0,172,0,228,182,0,"Anderson",76978,36.3740289433345,0.0278745644599303,90.9350723583361,2.59814492452389,2.78745644599303
2021-05-22,8750,5,6476,2,2274,3,7265,2,65462,40,72727,42,0,172,0,228,182,0,"Anderson",76978,36.3740289433345,0.029143897996357,54.5610434150017,6.49536231130973,2.9143897996357
2021-05-23,8750,0,6476,0,2274,0,7265,0,65491,29,72756,29,0,172,0,228,182,0,"Anderson",76978,33.7758840188106,0.0277264325323475,37.6731014055964,0,2.77264325323475
2021-05-24,8758,8,6480,4,2278,4,7268,3,65550,59,72818,62,0,172,0,228,182,0,"Anderson",76978,36.3740289433345,0.0241187384044527,80.5424926602406,10.3925796980956,2.41187384044527
2021-05-25,8760,2,6480,0,2280,2,7269,1,65595,45,72864,46,0,172,0,228,182,0,"Anderson",76978,33.7758840188106,0.0283400809716599,59.7573332640495,2.59814492452389,2.83400809716599
2021-05-26,8767,7,6485,5,2282,2,7275,6,65695,100,72970,106,0,172,0,228,182,0,"Anderson",76978,33.7758840188106,0.0294117647058824,137.701680999766,9.09350723583361,2.94117647058824
2021-05-27,8769,2,6486,1,2283,1,7276,1,65745,50,73021,51,0,172,1,229,182,0,"Anderson",76978,33.7758840188106,0.0320197044334975,66.2526955753592,2.59814492452389,3.20197044334975
2021-05-28,8774,5,6490,4,2284,1,7281,5,65828,83,73109,88,0,172,0,229,182,0,"Anderson",76978,37.6731014055964,0.0424528301886792,114.318376679051,6.49536231130973,4.24528301886792
2021-05-29,8775,1,6490,0,2285,1,7281,0,65865,37,73146,37,0,172,0,229,182,0,"Anderson",76978,32.4768115565486,0.0381861575178998,48.065681103692,1.29907246226194,3.81861575178998
2021-05-30,8778,3,6491,1,2287,2,7282,1,65915,50,73197,51,0,172,0,229,182,0,"Anderson",76978,36.3740289433345,0.0385487528344671,66.2526955753592,3.89721738678583,3.85487528344671
2021-05-31,8782,4,6494,3,2288,1,7285,3,65966,51,73251,54,0,172,0,229,182,0,"Anderson",76978,31.1777390942867,0.0392609699769053,70.149912962145,5.19628984904778,3.92609699769053
2021-06-01,8785,3,6496,2,2289,1,7286,1,66014,48,73300,49,0,172,1,230,182,0,"Anderson",76978,32.4768115565486,0.0389908256880734,63.6545506508353,3.89721738678583,3.89908256880734
2021-06-02,8789,4,6497,1,2292,3,7288,2,66055,41,73343,43,0,172,0,230,182,0,"Anderson",76978,28.5795941697628,0.0348525469168901,55.8601158772636,5.19628984904778,3.48525469168901
2021-06-03,8790,1,6497,0,2293,1,7291,3,66144,89,73435,92,1,173,0,230,183,1,"Anderson",76978,27.2805217075008,0.036231884057971,119.514666528099,1.29907246226194,3.6231884057971
2021-06-04,8791,1,6498,1,2293,0,7293,2,66197,53,73490,55,-1,172,0,230,183,0,"Anderson",76978,22.0842318584531,0.031496062992126,71.448985424407,1.29907246226194,3.1496062992126
2021-06-05,8792,1,6499,1,2293,0,7294,1,66254,57,73548,58,0,172,0,230,183,0,"Anderson",76978,22.0842318584531,0.0323383084577114,75.3462028111928,1.29907246226194,3.23383084577114
2021-06-06,8792,0,6499,0,2293,0,7294,0,66279,25,73573,25,0,172,0,230,183,0,"Anderson",76978,18.1870144716672,0.0319148936170213,32.4768115565486,0,3.19148936170213
2021-06-07,8793,1,6499,0,2294,1,7294,0,66343,64,73637,64,0,172,0,230,183,0,"Anderson",76978,14.2897970848814,0.0233160621761658,83.1406375847645,1.29907246226194,2.33160621761658
2021-06-08,8794,1,6499,0,2295,1,7294,0,66380,37,73674,37,0,172,1,231,184,1,"Anderson",76978,11.6916521603575,0.0213903743315508,48.065681103692,1.29907246226194,2.13903743315508
2021-06-09,8794,0,6499,0,2295,0,7294,0,66461,81,73755,81,0,172,0,231,184,0,"Anderson",76978,6.49536231130972,0.0145631067961165,105.224869443218,0,1.45631067961165
2021-06-10,8798,4,6500,1,2298,3,7295,1,66518,57,73813,58,0,172,0,231,184,0,"Anderson",76978,10.3925796980956,0.0105820105820106,75.3462028111928,5.19628984904778,1.05820105820106
2021-06-11,8799,1,6500,0,2299,1,7296,1,66573,55,73869,56,1,173,0,231,184,0,"Anderson",76978,10.3925796980956,0.0079155672823219,72.7480578866689,1.29907246226194,0.79155672823219
2021-06-12,8800,1,6500,0,2300,1,7297,1,66628,55,73925,56,2,175,0,231,184,0,"Anderson",76978,10.3925796980956,0.00795755968169761,72.7480578866689,1.29907246226194,0.795755968169761
2021-06-13,8801,1,6500,0,2301,1,7298,1,66666,38,73964,39,0,175,0,231,184,0,"Anderson",76978,11.6916521603575,0.010230179028133,50.6638260282159,1.29907246226194,1.0230179028133
2021-06-14,8803,2,6502,2,2301,0,7300,2,66752,86,74052,88,0,175,0,231,184,0,"Anderson",76978,12.9907246226194,0.0144578313253012,114.318376679051,2.59814492452389,1.44578313253012
2021-06-15,8803,0,6502,0,2301,0,7301,1,66783,31,74084,32,0,175,0,231,184,0,"Anderson",76978,11.6916521603575,0.0170731707317073,41.5703187923822,0,1.70731707317073
2021-06-16,8804,1,6503,1,2301,0,7302,1,66826,43,74128,44,0,175,0,231,184,0,"Anderson",76978,12.9907246226194,0.0214477211796247,57.1591883395256,1.29907246226194,2.14477211796247
2021-06-17,8804,0,6503,0,2301,0,7302,0,66912,86,74214,86,0,175,0,231,184,0,"Anderson",76978,7.79443477357167,0.0174563591022444,111.720231754527,0,1.74563591022444
2021-06-18,8806,2,6504,1,2302,1,7306,4,66962,50,74268,54,0,175,0,231,184,0,"Anderson",76978,9.09350723583361,0.025062656641604,70.149912962145,2.59814492452389,2.5062656641604
2021-06-19,8806,0,6504,0,2302,0,7306,0,67010,48,74316,48,0,175,0,231,184,0,"Anderson",76978,7.79443477357167,0.0230179028132992,62.3554781885734,0,2.30179028132992
2021-06-20,8806,0,6504,0,2302,0,7307,1,67033,23,74340,24,0,175,0,231,184,0,"Anderson",76978,6.49536231130972,0.023936170212766,31.1777390942867,0,2.3936170212766
2021-06-21,8807,1,6504,0,2303,1,7307,0,67073,40,74380,40,0,175,0,231,184,0,"Anderson",76978,5.19628984904778,0.0213414634146341,51.9628984904778,1.29907246226194,2.13414634146341
2021-06-22,8811,4,6505,1,2306,3,7307,0,67115,42,74422,42,0,175,1,232,184,0,"Anderson",76978,10.3925796980956,0.0177514792899408,54.5610434150017,5.19628984904778,1.77514792899408
2021-06-23,8812,1,6506,1,2306,0,7308,1,67163,48,74471,49,0,175,0,232,184,0,"Anderson",76978,10.3925796980956,0.0174927113702624,63.6545506508353,1.29907246226194,1.74927113702624
2021-06-24,8812,0,6506,0,2306,0,7309,1,67207,44,74516,45,0,175,0,232,184,0,"Anderson",76978,10.3925796980956,0.0231788079470199,58.4582608017875,0,2.31788079470199
2021-06-25,8813,1,6507,1,2306,0,7310,1,67243,36,74553,37,0,175,0,232,184,0,"Anderson",76978,9.09350723583361,0.0140350877192982,48.065681103692,1.29907246226194,1.40350877192982
2021-06-26,8814,1,6508,1,2306,0,7311,1,67276,33,74587,34,0,175,0,232,184,0,"Anderson",76978,10.3925796980956,0.018450184501845,44.1684637169061,1.29907246226194,1.8450184501845
2021-06-27,8814,0,6508,0,2306,0,7311,0,67308,32,74619,32,0,175,0,232,184,0,"Anderson",76978,10.3925796980956,0.014336917562724,41.5703187923822,0,1.4336917562724
2021-06-28,8815,1,6508,0,2307,1,7312,1,67324,16,74636,17,0,175,0,232,184,0,"Anderson",76978,10.3925796980956,0.01953125,22.0842318584531,1.29907246226194,1.953125
2021-06-29,8818,3,6511,3,2307,0,7315,3,67382,58,74697,61,0,175,0,232,184,0,"Anderson",76978,9.09350723583361,0.0290909090909091,79.2434201979787,3.89721738678583,2.90909090909091
2021-06-30,8818,0,6511,0,2307,0,7315,0,67428,46,74743,46,0,175,0,232,184,0,"Anderson",76978,7.79443477357167,0.0257352941176471,59.7573332640495,0,2.57352941176471
2021-07-01,8819,1,6512,1,2307,0,7316,1,67465,37,74781,38,0,175,0,232,184,0,"Anderson",76978,9.09350723583361,0.0264150943396226,49.3647535659539,1.29907246226194,2.64150943396226
2021-07-02,8819,0,6512,0,2307,0,7316,0,67508,43,74824,43,0,175,0,232,184,0,"Anderson",76978,7.79443477357167,0.022140221402214,55.8601158772636,0,2.2140221402214
2021-07-03,8819,0,6512,0,2307,0,7316,0,67529,21,74845,21,0,175,0,232,184,0,"Anderson",76978,6.49536231130972,0.0193798449612403,27.2805217075008,0,1.93798449612403
2021-07-04,8820,1,6512,0,2308,1,7317,1,67554,25,74871,26,0,175,0,232,184,0,"Anderson",76978,7.79443477357167,0.0238095238095238,33.7758840188106,1.29907246226194,2.38095238095238
2021-07-05,8820,0,6512,0,2308,0,7318,1,67569,15,74887,16,0,175,0,232,184,0,"Anderson",76978,6.49536231130972,0.0239043824701195,20.7851593961911,0,2.39043824701195
2021-07-06,8821,1,6512,0,2309,1,7318,0,67599,30,74917,30,1,176,0,232,184,0,"Anderson",76978,3.89721738678583,0.0136363636363636,38.9721738678584,1.29907246226194,1.36363636363636
2021-07-07,8822,1,6512,0,2310,1,7318,0,67645,46,74963,46,0,176,0,232,184,0,"Anderson",76978,5.19628984904778,0.0136363636363636,59.7573332640495,1.29907246226194,1.36363636363636
2021-07-08,8823,1,6513,1,2310,0,7319,1,67686,41,75005,42,0,176,0,232,184,0,"Anderson",76978,5.19628984904778,0.0133928571428571,54.5610434150017,1.29907246226194,1.33928571428571
2021-07-09,8825,2,6514,1,2311,1,7320,1,67730,44,75050,45,0,176,0,232,184,0,"Anderson",76978,7.79443477357167,0.0176991150442478,58.4582608017875,2.59814492452389,1.76991150442478
2021-07-10,8827,2,6515,1,2312,1,7321,1,67752,22,75073,23,0,176,1,233,184,0,"Anderson",76978,10.3925796980956,0.0219298245614035,29.8786666320247,2.59814492452389,2.19298245614035
2021-07-11,8827,0,6515,0,2312,0,7321,0,67767,15,75088,15,0,176,0,233,184,0,"Anderson",76978,9.09350723583361,0.0184331797235023,19.4860869339292,0,1.84331797235023
2021-07-12,8835,8,6519,4,2316,4,7325,4,67803,36,75128,40,0,176,1,234,184,0,"Anderson",76978,19.4860869339292,0.029045643153527,51.9628984904778,10.3925796980956,2.9045643153527
2021-07-13,8836,1,6519,0,2317,1,7325,0,67824,21,75149,21,0,176,0,234,186,2,"Anderson",76978,19.4860869339292,0.0301724137931034,27.2805217075008,1.29907246226194,3.01724137931034
2021-07-14,8841,5,6524,5,2317,0,7330,5,67877,53,75207,58,0,176,1,235,186,0,"Anderson",76978,24.682376782977,0.0491803278688525,75.3462028111928,6.49536231130973,4.91803278688525
2021-07-15,8844,3,6527,3,2317,0,7332,2,67910,33,75242,35,0,176,0,235,186,0,"Anderson",76978,27.2805217075008,0.0548523206751055,45.4675361791681,3.89721738678583,5.48523206751055
2021-07-16,8854,10,6529,2,2325,8,7333,1,67938,28,75271,29,0,176,0,235,186,0,"Anderson",76978,37.6731014055964,0.0588235294117647,37.6731014055964,12.9907246226195,5.88235294117647
2021-07-17,8859,5,6530,1,2329,4,7334,1,67974,36,75308,37,0,176,0,235,186,0,"Anderson",76978,41.5703187923822,0.0553191489361702,48.065681103692,6.49536231130973,5.53191489361702
2021-07-18,8862,3,6532,2,2330,1,7336,2,67994,20,75330,22,0,176,0,235,186,0,"Anderson",76978,45.4675361791681,0.0619834710743802,28.5795941697628,3.89721738678583,6.19834710743802
2021-07-19,8867,5,6536,4,2331,1,7340,4,68028,34,75368,38,0,176,0,235,186,0,"Anderson",76978,41.5703187923822,0.0625,49.3647535659539,6.49536231130973,6.25
2021-07-20,8882,15,6547,11,2335,4,7351,11,68063,35,75414,46,0,176,1,236,186,0,"Anderson",76978,59.7573332640495,0.0981132075471698,59.7573332640495,19.4860869339292,9.81132075471698
2021-07-21,8889,7,6551,4,2338,3,7356,5,68148,85,75504,90,0,176,0,236,187,1,"Anderson",76978,62.3554781885734,0.0875420875420875,116.916521603575,9.09350723583361,8.75420875420875
2021-07-22,8899,10,6556,5,2343,5,7360,4,68203,55,75563,59,0,176,0,236,187,0,"Anderson",76978,71.448985424407,0.0872274143302181,76.6452752734548,12.9907246226195,8.72274143302181
2021-07-23,8909,10,6560,4,2349,6,7365,5,68274,71,75639,76,0,176,0,236,187,0,"Anderson",76978,71.448985424407,0.0869565217391304,98.7295071319078,12.9907246226195,8.69565217391304
2021-07-24,8917,8,6564,4,2353,4,7369,4,68328,54,75697,58,0,176,0,236,188,1,"Anderson",76978,75.3462028111928,0.089974293059126,75.3462028111928,10.3925796980956,8.9974293059126
2021-07-25,8922,5,6567,3,2355,2,7370,1,68350,22,75720,23,0,176,0,236,188,0,"Anderson",76978,77.9443477357167,0.0871794871794872,29.8786666320247,6.49536231130973,8.71794871794872
2021-07-26,8945,23,6576,9,2369,14,7378,8,68400,50,75778,58,2,178,0,236,188,0,"Anderson",76978,101.327652056432,0.0926829268292683,75.3462028111928,29.8786666320247,9.26829268292683
2021-07-27,8960,15,6581,5,2379,10,7383,5,68453,53,75836,58,0,178,0,236,188,0,"Anderson",76978,101.327652056432,0.0758293838862559,75.3462028111928,19.4860869339292,7.58293838862559
2021-07-28,8981,21,6590,9,2391,12,7396,13,68536,83,75932,96,0,178,0,236,188,0,"Anderson",76978,119.514666528099,0.0934579439252336,124.710956377147,27.2805217075008,9.34579439252336
2021-07-29,8993,12,6600,10,2393,2,7408,12,68585,49,75993,61,0,178,0,236,188,0,"Anderson",76978,122.112811452623,0.111627906976744,79.2434201979787,15.5888695471433,11.1627906976744
2021-07-30,9024,31,6621,21,2403,10,7431,23,68633,48,76064,71,0,178,1,237,188,0,"Anderson",76978,149.393333160124,0.155294117647059,92.2341448205981,40.2712463301203,15.5294117647059
2021-07-31,9037,13,6627,6,2410,7,7437,6,68675,42,76112,48,0,178,0,237,188,0,"Anderson",76978,155.888695471433,0.163855421686747,62.3554781885734,16.8879420094053,16.3855421686747
2021-08-01,9056,19,6639,12,2417,7,7452,15,68714,39,76166,54,0,178,0,237,188,0,"Anderson",76978,174.075709943101,0.183856502242152,70.149912962145,24.682376782977,18.3856502242152
2021-08-02,9068,12,6645,6,2423,6,7458,6,68793,79,76251,85,0,178,0,237,188,0,"Anderson",76978,159.785912858219,0.169133192389006,110.421159292265,15.5888695471433,16.9133192389006
2021-08-03,9091,23,6656,11,2435,12,7471,13,68865,72,76336,85,0,178,1,238,188,0,"Anderson",76978,170.178492556315,0.176,110.421159292265,29.8786666320247,17.6
2021-08-04,9117,26,6678,22,2439,4,7492,21,68967,102,76459,123,0,178,0,238,188,0,"Anderson",76978,176.673854867625,0.182163187855787,159.785912858219,33.7758840188106,18.2163187855787
2021-08-05,9148,31,6695,17,2453,14,7509,17,69064,97,76573,114,0,178,1,239,188,0,"Anderson",76978,201.356231650601,0.174137931034483,148.094260697862,40.2712463301203,17.4137931034483
2021-08-06,9173,25,6711,16,2462,9,7527,18,69207,143,76734,161,0,178,1,240,188,0,"Anderson",76978,193.56179687703,0.143283582089552,209.150666424173,32.4768115565486,14.3283582089552
2021-08-07,9186,13,6717,6,2469,7,7534,7,69282,75,76816,82,0,178,0,240,188,0,"Anderson",76978,193.56179687703,0.137784090909091,106.523941905479,16.8879420094053,13.7784090909091
2021-08-08,9200,14,6725,8,2475,6,7544,10,69334,52,76878,62,0,178,0,240,188,0,"Anderson",76978,187.06643456572,0.129213483146067,80.5424926602406,18.1870144716672,12.9213483146067
2021-08-09,9236,36,6744,19,2492,17,7563,19,69433,99,76996,118,0,178,0,240,188,0,"Anderson",76978,218.244173660007,0.140939597315436,153.29055054691,46.76660864143,14.0939597315436
2021-08-10,9275,39,6764,20,2511,19,7583,20,69533,100,77116,120,0,178,2,242,188,0,"Anderson",76978,239.029333056198,0.143589743589744,155.888695471433,50.6638260282159,14.3589743589744
2021-08-11,9330,55,6789,25,2541,30,7613,30,69665,132,77278,162,0,178,1,243,188,0,"Anderson",76978,276.702434461794,0.147741147741148,210.449738886435,71.448985424407,14.7741147741148
2021-08-12,9378,48,6825,36,2553,12,7650,37,69832,167,77482,204,0,178,0,243,190,2,"Anderson",76978,298.786666320247,0.155115511551155,265.010782301437,62.3554781885734,15.5115511551155
2021-08-13,9441,63,6860,35,2581,28,7688,38,69946,114,77634,152,2,180,1,244,191,1,"Anderson",76978,348.151419886201,0.178888888888889,197.459014263816,81.8415651225025,17.8888888888889
2021-08-14,9491,50,6895,35,2596,15,7720,32,70132,186,77852,218,0,180,0,244,191,0,"Anderson",76978,396.217100989893,0.17953667953668,283.197796773104,64.9536231130973,17.953667953668
2021-08-15,9514,23,6908,13,2606,10,7735,15,70221,89,77956,104,0,180,0,244,191,0,"Anderson",76978,407.908753150251,0.177179962894249,135.103536075242,29.8786666320247,17.7179962894249
2021-08-16,9552,38,6932,24,2620,14,7759,24,70310,89,78069,113,0,180,0,244,192,1,"Anderson",76978,410.506898074775,0.182665424044734,146.7951882356,49.3647535659539,18.2665424044734
2021-08-17,9595,43,6953,21,2642,22,7783,24,70418,108,78201,132,1,181,0,244,192,0,"Anderson",76978,415.703187923822,0.184331797235023,171.477565018577,55.8601158772636,18.4331797235023
2021-08-18,9647,52,6980,27,2667,25,7814,31,70529,111,78343,142,0,181,0,244,193,1,"Anderson",76978,411.805970537037,0.188732394366197,184.468289641196,67.5517680376211,18.8732394366197
2021-08-19,9721,74,7013,33,2708,41,7849,35,70681,152,78530,187,0,181,0,244,193,0,"Anderson",76978,445.581854555847,0.189885496183206,242.926550442984,96.1313622073839,18.9885496183206
2021-08-20,9781,60,7055,42,2726,18,7893,44,70875,194,78768,238,0,181,2,246,193,0,"Anderson",76978,441.684637169061,0.180776014109347,309.179246018343,77.9443477357167,18.0776014109347
2021-08-21,9863,82,7089,34,2774,48,7927,34,71149,274,79076,308,0,181,1,247,193,0,"Anderson",76978,483.254955961444,0.169117647058824,400.114318376679,106.523941905479,16.9117647058824
2021-08-22,9885,22,7110,21,2775,1,7955,28,71305,156,79260,184,0,181,0,247,193,0,"Anderson",76978,481.955883499182,0.168711656441718,239.029333056198,28.5795941697628,16.8711656441718
2021-08-23,9934,49,7125,15,2809,34,7973,18,71440,135,79413,153,0,181,2,249,194,1,"Anderson",76978,496.245680584063,0.15922619047619,198.758086726078,63.6545506508353,15.922619047619
2021-08-24,9979,45,7153,28,2826,17,7997,24,71526,86,79523,110,1,182,0,249,195,1,"Anderson",76978,498.843825508587,0.161875945537065,142.897970848814,58.4582608017875,16.1875945537065
2021-08-25,10052,73,7180,27,2872,46,8020,23,71570,44,79590,67,0,182,1,250,195,0,"Anderson",76978,526.124347216088,0.165196471531676,87.0378549715503,94.832289745122,16.5196471531676
2021-08-26,10120,68,7216,36,2904,32,8064,44,71742,172,79806,216,1,183,2,252,196,1,"Anderson",76978,518.329912442516,0.168495297805643,280.59965184858,88.3369274338123,16.8495297805643
2021-08-27,10197,77,7273,57,2924,20,8128,64,71919,177,80047,241,0,183,0,252,196,0,"Anderson",76978,540.414144300969,0.183737294761532,313.076463405129,100.02857959417,18.3737294761532
2021-08-28,10255,58,7304,31,2951,27,8168,40,72123,204,80291,244,0,183,0,252,196,0,"Anderson",76978,509.236405206682,0.198353909465021,316.973680791915,75.3462028111928,19.8353909465021
2021-08-29,10319,64,7353,49,2966,15,8221,53,72334,211,80555,264,0,183,1,253,197,1,"Anderson",76978,563.797448621684,0.205405405405405,342.955130037153,83.1406375847645,20.5405405405405
2021-08-30,10390,71,7399,46,2991,25,8269,48,72560,226,80829,274,0,183,3,256,197,0,"Anderson",76978,592.377042791447,0.209039548022599,355.945854659773,92.2341448205981,20.9039548022599
2021-08-31,10524,134,7481,82,3043,52,8356,87,72817,257,81173,344,0,183,0,256,198,1,"Anderson",76978,707.99449193276,0.217575757575758,446.880927018109,174.075709943101,21.7575757575758
2021-09-01,10554,30,7503,22,3051,8,8380,24,72908,91,81288,115,0,183,0,256,199,1,"Anderson",76978,652.134376055496,0.212014134275618,149.393333160124,38.9721738678584,21.2014134275618
2021-09-02,10614,60,7530,27,3084,33,8410,30,73009,101,81419,131,1,184,0,256,199,0,"Anderson",76978,641.741796357401,0.214507129572226,170.178492556315,77.9443477357167,21.4507129572226
2021-09-03,10642,28,7547,17,3095,11,8427,17,73082,73,81509,90,0,184,0,256,199,0,"Anderson",76978,578.087245706566,0.204514363885089,116.916521603575,36.3740289433345,20.4514363885089
2021-09-04,10749,107,7616,69,3133,38,8502,75,73403,321,81905,396,0,184,1,257,199,0,"Anderson",76978,641.741796357401,0.206939281288724,514.43269505573,139.000753462028,20.6939281288724
2021-09-05,10861,112,7690,74,3171,38,8578,76,73707,304,82285,380,0,184,1,258,200,1,"Anderson",76978,704.097274545974,0.20635838150289,493.647535659539,145.496115773338,20.635838150289
2021-09-06,10979,118,7769,79,3210,39,8667,89,74114,407,82781,496,0,184,4,262,201,1,"Anderson",76978,765.153680272286,0.203893442622951,644.339941281925,153.29055054691,20.3893442622951
2021-09-07,11016,37,7789,20,3227,17,8685,18,74213,99,82898,117,0,184,0,262,201,0,"Anderson",76978,639.143651432877,0.190724637681159,151.991478084648,48.065681103692,19.0724637681159
2021-09-08,11057,41,7820,31,3237,10,8718,33,74320,107,83038,140,0,184,2,264,204,3,"Anderson",76978,653.433448517758,0.193142857142857,181.870144716672,53.2619709527397,19.3142857142857
2021-09-09,11116,59,7841,21,3275,38,8736,18,74526,206,83262,224,0,184,1,265,207,3,"Anderson",76978,652.134376055496,0.17688551275095,290.992231546676,76.6452752734548,17.688551275095
2021-09-10,11270,154,7915,74,3355,80,8817,81,74818,292,83635,373,1,185,2,267,208,1,"Anderson",76978,815.817506300501,0.183443085606773,484.554028423705,200.05715918834,18.3443085606773
2021-09-11,11390,120,7982,67,3408,53,8890,73,75164,346,84054,419,0,185,2,269,208,0,"Anderson",76978,832.705448309907,0.18054909260121,544.311361687755,155.888695471433,18.054909260121
2021-09-12,11428,38,8014,32,3414,6,8925,35,75307,143,84232,178,0,185,4,273,209,1,"Anderson",76978,736.574086102523,0.178222907036466,231.234898282626,49.3647535659539,17.8222907036466
2021-09-13,11514,86,8047,33,3467,53,8958,33,75437,130,84395,163,4,189,3,276,209,0,"Anderson",76978,695.003767310141,0.180297397769517,211.748811348697,111.720231754527,18.0297397769517
2021-09-14,11576,62,8078,31,3498,31,8994,36,75596,159,84590,195,1,190,1,277,209,0,"Anderson",76978,727.480578866689,0.182624113475177,253.319130141079,80.5424926602406,18.2624113475177
2021-09-15,11616,40,8095,17,3521,23,9009,15,75657,61,84666,76,0,190,1,278,210,1,"Anderson",76978,726.181506404427,0.178746928746929,98.7295071319078,51.9628984904778,17.8746928746929
2021-09-16,11705,89,8152,57,3553,32,9068,59,75879,222,84947,281,0,190,1,279,210,0,"Anderson",76978,765.153680272286,0.197032640949555,365.039361895607,115.617449141313,19.7032640949555
2021-09-17,11776,71,8192,40,3584,31,9107,39,76042,163,85149,202,0,190,1,280,214,4,"Anderson",76978,657.330665904544,0.191545574636724,262.412637376913,92.2341448205981,19.1545574636724
2021-09-18,11828,52,8222,30,3606,22,9140,33,76196,154,85336,187,0,190,1,281,215,1,"Anderson",76978,568.993738470732,0.195007800312012,242.926550442984,67.5517680376211,19.5007800312012
2021-09-19,11851,23,8231,9,3620,14,9150,10,76264,68,85414,78,0,190,0,281,215,0,"Anderson",76978,549.507651536803,0.190355329949239,101.327652056432,29.8786666320247,19.0355329949239
2021-09-20,11915,64,8267,36,3648,28,9187,37,76450,186,85637,223,0,190,3,284,215,0,"Anderson",76978,520.92805736704,0.184380032206119,289.693159084414,83.1406375847645,18.4380032206119
2021-09-21,11969,54,8293,26,3676,28,9211,24,76568,118,85779,142,0,190,1,285,216,1,"Anderson",76978,510.535477668944,0.182506307821699,184.468289641196,70.149912962145,18.2506307821699
2021-09-22,12020,51,8327,34,3693,17,9251,40,76840,272,86091,312,0,190,0,285,219,3,"Anderson",76978,524.825274753826,0.169824561403509,405.310608225727,66.2526955753592,16.9824561403509
2021-09-23,12095,75,8375,48,3720,27,9302,51,77048,208,86350,259,2,192,1,286,219,0,"Anderson",76978,506.638260282159,0.166785459729152,336.459767725844,97.4304346696459,16.6785459729152
2021-09-24,12134,39,8395,20,3739,19,9326,24,77188,140,86514,164,2,194,1,287,222,3,"Anderson",76978,465.067941489776,0.16043956043956,213.047883810959,50.6638260282159,16.043956043956
2021-09-25,12144,10,8399,4,3745,6,9332,6,77283,95,86615,101,0,194,0,287,222,0,"Anderson",76978,410.506898074775,0.150117279124316,131.206318688456,12.9907246226195,15.0117279124316
2021-09-26,12162,18,8414,15,3748,3,9350,18,77420,137,86770,155,1,195,0,287,222,0,"Anderson",76978,404.011535763465,0.147492625368732,201.356231650601,23.383304320715,14.7492625368732
2021-09-27,12213,51,8436,22,3777,29,9373,23,77506,86,86879,109,1,196,1,288,223,1,"Anderson",76978,387.12359375406,0.14975845410628,141.598898386552,66.2526955753592,14.975845410628
2021-09-28,12262,49,8460,24,3802,25,9400,27,77601,95,87001,122,0,196,1,289,223,0,"Anderson",76978,380.62823144275,0.154664484451718,158.486840395957,63.6545506508353,15.4664484451718
2021-09-29,12300,38,8476,16,3824,22,9417,17,77792,191,87209,208,2,198,0,289,225,2,"Anderson",76978,363.740289433345,0.148479427549195,270.207072150485,49.3647535659539,14.8479427549195
2021-09-30,12362,62,8514,38,3848,24,9457,40,77964,172,87421,212,0,198,1,290,226,1,"Anderson",76978,346.852347423939,0.144724556489262,275.403361999532,80.5424926602406,14.4724556489262
2021-10-01,12413,51,8541,27,3872,24,9486,29,78115,151,87601,180,0,198,1,291,227,1,"Anderson",76978,362.441216971083,0.147194112235511,233.83304320715,66.2526955753592,14.7194112235511
2021-10-02,12430,17,8548,7,3882,10,9492,6,78195,80,87687,86,1,199,0,291,229,2,"Anderson",76978,371.534724206916,0.149253731343284,111.720231754527,22.0842318584531,14.9253731343284
2021-10-03,12443,13,8557,9,3886,4,9501,9,78293,98,87794,107,4,203,0,291,229,0,"Anderson",76978,365.039361895607,0.1474609375,139.000753462028,16.8879420094053,14.74609375
2021-10-04,12488,45,8580,23,3908,22,9527,26,78413,120,87940,146,1,204,0,291,231,2,"Anderson",76978,357.244927122035,0.145146088595664,189.664579490244,58.4582608017875,14.5146088595664
2021-10-05,12541,53,8609,29,3932,24,9557,30,78541,128,88098,158,2,206,0,291,232,1,"Anderson",76978,362.441216971083,0.143117593436645,205.253449037387,68.8508404998831,14.3117593436645
2021-10-06,12570,29,8631,22,3939,7,9583,26,78706,165,88289,191,1,207,0,291,233,1,"Anderson",76978,350.749564810725,0.153703703703704,248.122840292031,37.6731014055964,15.3703703703704
2021-10-07,12602,32,8652,21,3950,11,9607,24,78845,139,88452,163,0,207,0,291,235,2,"Anderson",76978,311.777390942867,0.1454898157129,211.748811348697,41.5703187923822,14.54898157129
2021-10-08,12621,19,8657,5,3964,14,9616,9,78975,130,88591,139,1,208,1,292,235,0,"Anderson",76978,270.207072150485,0.131313131313131,180.57107225441,24.682376782977,13.1313131313131
2021-10-09,12636,15,8660,3,3976,12,9623,7,79037,62,88660,69,0,208,0,292,236,1,"Anderson",76978,267.608927225961,0.134635149023638,89.6359998960742,19.4860869339292,13.4635149023638
2021-10-10,12646,10,8668,8,3978,2,9632,9,79124,87,88756,96,0,208,0,292,236,0,"Anderson",76978,263.711709839175,0.136174636174636,124.710956377147,12.9907246226195,13.6174636174636
2021-10-11,12686,40,8682,14,4004,26,9645,13,79225,101,88870,114,0,208,1,293,236,0,"Anderson",76978,257.216347527865,0.126881720430108,148.094260697862,51.9628984904778,12.6881720430108
2021-10-12,12721,35,8706,24,4015,11,9667,22,79324,99,88991,121,2,210,3,296,236,0,"Anderson",76978,233.83304320715,0.123180291153415,157.187767933695,45.4675361791681,12.3180291153415
2021-10-13,12747,26,8720,14,4027,12,9685,18,79436,112,89121,130,0,210,1,297,239,3,"Anderson",76978,229.935825820364,0.122596153846154,168.879420094053,33.7758840188106,12.2596153846154
2021-10-14,12767,20,8730,10,4037,10,9699,14,79539,103,89238,117,1,211,0,297,239,0,"Anderson",76978,214.346956273221,0.11704834605598,151.991478084648,25.9814492452389,11.704834605598
2021-10-15,12790,23,8742,12,4048,11,9712,13,79660,121,89372,134,0,211,1,298,239,0,"Anderson",76978,219.543246122269,0.12291933418694,174.075709943101,29.8786666320247,12.291933418694
2021-10-16,12800,10,8749,7,4051,3,9721,9,79715,55,89436,64,0,211,1,299,239,0,"Anderson",76978,213.047883810959,0.126288659793814,83.1406375847645,12.9907246226195,12.6288659793814
2021-10-17,12802,2,8750,1,4052,1,9722,1,79766,51,89488,52,0,211,0,299,239,0,"Anderson",76978,202.655304112863,0.122950819672131,67.5517680376211,2.59814492452389,12.2950819672131
2021-10-18,12826,24,8760,10,4066,14,9733,11,79834,68,89567,79,1,212,1,300,239,0,"Anderson",76978,181.870144716672,0.126255380200861,102.626724518694,31.1777390942867,12.6255380200861
2021-10-19,12856,30,8773,13,4083,17,9744,11,79945,111,89689,122,2,214,1,301,239,0,"Anderson",76978,175.374782405363,0.110315186246418,158.486840395957,38.9721738678584,11.0315186246418
2021-10-20,12891,35,8799,26,4092,9,9773,29,80056,111,89829,140,0,214,1,302,240,1,"Anderson",76978,187.06643456572,0.124293785310734,181.870144716672,45.4675361791681,12.4293785310734
2021-10-21,12923,32,8817,18,4106,14,9791,18,80149,93,89940,111,0,214,1,303,241,1,"Anderson",76978,202.655304112863,0.131054131054131,144.197043311076,41.5703187923822,13.1054131054131
2021-10-22,12933,10,8824,7,4109,3,9800,9,80225,76,90025,85,0,214,1,304,241,0,"Anderson",76978,185.767362103458,0.134762633996937,110.421159292265,12.9907246226195,13.4762633996937
2021-10-23,12950,17,8828,4,4122,13,9804,4,80278,53,90082,57,0,214,1,305,241,0,"Anderson",76978,194.860869339292,0.128482972136223,74.0471303489309,22.0842318584531,12.8482972136223
2021-10-24,12956,6,8833,5,4123,1,9811,7,80330,52,90141,59,0,214,0,305,242,1,"Anderson",76978,200.05715918834,0.136294027565084,76.6452752734548,7.79443477357167,13.6294027565084
2021-10-25,12981,25,8847,14,4134,11,9826,15,80401,71,90227,86,1,215,2,307,242,0,"Anderson",76978,201.356231650601,0.140909090909091,111.720231754527,32.4768115565486,14.0909090909091
2021-10-26,12993,12,8853,6,4140,6,9832,6,80465,64,90297,70,0,215,0,307,243,1,"Anderson",76978,177.972927329886,0.144736842105263,90.9350723583361,15.5888695471433,14.4736842105263
2021-10-27,13010,17,8863,10,4147,7,9845,13,80586,121,90431,134,1,216,2,309,245,2,"Anderson",76978,154.589623009171,0.119601328903654,174.075709943101,22.0842318584531,11.9601328903654
2021-10-28,13032,22,8877,14,4155,8,9862,17,80668,82,90530,99,1,217,0,309,246,1,"Anderson",76978,141.598898386552,0.120338983050847,128.608173763933,28.5795941697628,12.0338983050847
2021-10-29,13053,21,8888,11,4165,10,9874,12,80782,114,90656,126,0,217,1,310,246,0,"Anderson",76978,155.888695471433,0.117274167987322,163.683130245005,27.2805217075008,11.7274167987322
2021-10-30,13065,12,8892,4,4173,8,9879,5,80869,87,90748,92,0,217,1,311,246,0,"Anderson",76978,149.393333160124,0.112612612612613,119.514666528099,15.5888695471433,11.2612612612613
2021-10-31,13068,3,8894,2,4174,1,9882,3,80908,39,90790,42,0,217,0,311,246,0,"Anderson",76978,145.496115773338,0.10939907550077,54.5610434150017,3.89721738678583,10.939907550077
2021-11-01,13095,27,8899,5,4196,22,9886,4,80996,88,90882,92,1,218,1,312,247,1,"Anderson",76978,148.094260697862,0.0916030534351145,119.514666528099,35.0749564810725,9.16030534351145
2021-11-02,13115,20,8904,5,4211,15,9891,5,81072,76,90963,81,2,220,1,313,247,0,"Anderson",76978,158.486840395957,0.0885885885885886,105.224869443218,25.9814492452389,8.85885885885886
2021-11-03,13145,30,8922,18,4223,12,9909,18,81272,200,91181,218,1,221,0,313,247,0,"Anderson",76978,175.374782405363,0.0853333333333333,283.197796773104,38.9721738678584,8.53333333333333
2021-11-04,13167,22,8937,15,4230,7,9925,16,81405,133,91330,149,0,221,0,313,247,0,"Anderson",76978,175.374782405363,0.07875,193.56179687703,28.5795941697628,7.875
2021-11-05,13177,10,8940,3,4237,7,9926,1,81527,122,91453,123,0,221,0,313,247,0,"Anderson",76978,161.084985320481,0.0652446675031368,159.785912858219,12.9907246226195,6.52446675031368
2021-11-06,13186,9,8944,4,4242,5,9931,5,81614,87,91545,92,0,221,3,316,248,1,"Anderson",76978,157.187767933695,0.0652446675031368,119.514666528099,11.6916521603575,6.52446675031368
2021-11-07,13192,6,8949,5,4243,1,9937,6,81662,48,91599,54,0,221,0,316,248,0,"Anderson",76978,161.084985320481,0.0679851668726823,70.149912962145,7.79443477357167,6.79851668726823
2021-11-08,13217,25,8960,11,4257,14,9950,13,81750,88,91700,101,1,222,0,316,248,0,"Anderson",76978,158.486840395957,0.078239608801956,131.206318688456,32.4768115565486,7.8239608801956
2021-11-09,13240,23,8967,7,4273,16,9956,6,81908,158,91864,164,1,223,0,316,249,1,"Anderson",76978,162.384057782743,0.072142064372919,213.047883810959,29.8786666320247,7.2142064372919
2021-11-10,13258,18,8979,12,4279,6,9969,13,82024,116,91993,129,0,223,1,317,250,1,"Anderson",76978,146.7951882356,0.0738916256157636,167.580347631791,23.383304320715,7.38916256157635
2021-11-11,13281,23,8997,18,4284,5,9987,18,82214,190,92201,208,0,223,0,317,251,1,"Anderson",76978,148.094260697862,0.0711825487944891,270.207072150485,29.8786666320247,7.11825487944891
2021-11-12,13294,13,9005,8,4289,5,9995,8,82347,133,92342,141,0,223,1,318,251,0,"Anderson",76978,151.991478084648,0.077615298087739,183.169217178934,16.8879420094053,7.7615298087739
2021-11-13,13301,7,9009,4,4292,3,9999,4,82398,51,92397,55,3,226,1,319,252,1,"Anderson",76978,149.393333160124,0.07981220657277,71.448985424407,9.09350723583361,7.981220657277
2021-11-14,13303,2,9011,2,4292,0,10002,3,82477,79,92479,82,0,226,0,319,252,0,"Anderson",76978,144.197043311076,0.0738636363636364,106.523941905479,2.59814492452389,7.38636363636364
2021-11-15,13335,32,9025,14,4310,18,10016,14,82562,85,92578,99,0,226,0,319,253,1,"Anderson",76978,153.29055054691,0.0751708428246014,128.608173763933,41.5703187923822,7.51708428246014
2021-11-16,13360,25,9038,13,4322,12,10029,13,82688,126,92717,139,1,227,0,319,254,1,"Anderson",76978,155.888695471433,0.0855803048065651,180.57107225441,32.4768115565486,8.5580304806565
2021-11-17,13377,17,9047,9,4330,8,10038,9,82802,114,92840,123,0,227,2,321,256,2,"Anderson",76978,154.589623009171,0.0814639905548996,159.785912858219,22.0842318584531,8.14639905548996
2021-11-18,13399,22,9060,13,4339,9,10055,17,82937,135,92992,152,4,231,0,321,258,2,"Anderson",76978,153.29055054691,0.0859671302149178,197.459014263816,28.5795941697628,8.59671302149178
2021-11-19,13413,14,9066,6,4347,8,10062,7,83046,109,93108,116,1,232,0,321,258,0,"Anderson",76978,154.589623009171,0.087467362924282,150.692405622386,18.1870144716672,8.7467362924282
2021-11-20,13422,9,9071,5,4351,4,10067,5,83139,93,93206,98,0,232,0,321,259,1,"Anderson",76978,157.187767933695,0.0840543881334982,127.309101301671,11.6916521603575,8.40543881334981
2021-11-21,13434,12,9077,6,4357,6,10073,6,83179,40,93252,46,0,232,0,321,259,0,"Anderson",76978,170.178492556315,0.091849935316947,59.7573332640495,15.5888695471433,9.1849935316947
2021-11-22,13462,28,9094,17,4368,11,10091,18,83301,122,93392,140,1,233,0,321,259,0,"Anderson",76978,164.982202707267,0.0921375921375921,181.870144716672,36.3740289433345,9.21375921375921
2021-11-23,13479,17,9100,6,4379,11,10096,5,83398,97,93494,102,0,233,1,322,261,2,"Anderson",76978,154.589623009171,0.0862290862290862,132.505391150718,22.0842318584531,8.62290862290862
2021-11-24,13504,25,9116,16,4388,9,10108,12,83508,110,93616,122,1,234,1,323,261,0,"Anderson",76978,164.982202707267,0.0902061855670103,158.486840395957,32.4768115565486,9.02061855670103
2021-11-25,13509,5,9118,2,4391,3,10109,1,83553,45,93662,46,0,234,2,325,261,0,"Anderson",76978,142.897970848814,0.0805970149253731,59.7573332640495,6.49536231130973,8.05970149253731
2021-11-26,13516,7,9124,6,4392,1,10118,9,83596,43,93714,52,0,234,0,325,262,1,"Anderson",76978,133.80446361298,0.0924092409240924,67.5517680376211,9.09350723583361,9.24092409240924
2021-11-27,13521,5,9126,2,4395,3,10120,2,83632,36,93752,38,0,234,0,325,262,0,"Anderson",76978,128.608173763933,0.0970695970695971,49.3647535659539,6.49536231130973,9.70695970695971
2021-11-28,13531,10,9127,1,4404,9,10121,1,83670,38,93791,39,0,234,0,325,262,0,"Anderson",76978,126.010028839409,0.0890538033395176,50.6638260282159,12.9907246226195,8.90538033395176
2021-11-29,13558,27,9142,15,4416,12,10137,16,83749,79,93886,95,0,234,0,325,262,0,"Anderson",76978,124.710956377147,0.0931174089068826,123.411883914885,35.0749564810725,9.31174089068826
2021-11-30,13584,26,9155,13,4429,13,10149,12,83851,102,94000,114,0,234,1,326,262,0,"Anderson",76978,136.402608537504,0.104743083003953,148.094260697862,33.7758840188106,10.4743083003953
2021-12-01,13616,32,9174,19,4442,13,10168,19,83958,107,94126,126,0,234,2,328,262,0,"Anderson",76978,145.496115773338,0.117647058823529,163.683130245005,41.5703187923822,11.7647058823529
2021-12-02,13658,42,9198,24,4460,18,10194,26,84096,138,94290,164,0,234,0,328,265,3,"Anderson",76978,193.56179687703,0.135350318471338,213.047883810959,54.5610434150017,13.5350318471338
2021-12-03,13689,31,9216,18,4473,13,10213,19,84283,187,94496,206,1,235,1,329,265,0,"Anderson",76978,224.739535971316,0.121483375959079,267.608927225961,40.2712463301203,12.1483375959079
2021-12-04,13709,20,9229,13,4480,7,10227,14,84352,69,94579,83,0,235,0,329,265,0,"Anderson",76978,244.225622905246,0.129383313180169,107.823014367741,25.9814492452389,12.9383313180169
2021-12-05,13722,13,9231,2,4491,11,10229,2,84394,42,94623,44,0,235,0,329,265,0,"Anderson",76978,248.122840292031,0.129807692307692,57.1591883395256,16.8879420094053,12.9807692307692
2021-12-06,13757,35,9251,20,4506,15,10251,22,84496,102,94747,124,2,237,1,330,265,0,"Anderson",76978,258.515419990127,0.132404181184669,161.084985320481,45.4675361791681,13.2404181184669
2021-12-07,13786,29,9266,15,4520,14,10267,16,84591,95,94858,111,0,237,0,330,265,0,"Anderson",76978,262.412637376913,0.137529137529138,144.197043311076,37.6731014055964,13.7529137529138
2021-12-08,13813,27,9287,21,4526,6,10287,20,84712,121,94999,141,0,237,2,332,265,0,"Anderson",76978,255.917275065603,0.13631156930126,183.169217178934,35.0749564810725,13.631156930126
2021-12-09,13841,28,9303,16,4538,12,10304,17,84922,210,95226,227,0,237,1,333,265,0,"Anderson",76978,237.730260593936,0.117521367521368,294.889448933461,36.3740289433345,11.7521367521368
2021-12-10,13870,29,9320,17,4550,12,10321,17,85075,153,95396,170,0,237,2,335,265,0,"Anderson",76978,235.132115669412,0.12,220.842318584531,37.6731014055964,12
2021-12-11,13879,9,9325,5,4554,4,10327,6,85150,75,95477,81,0,237,0,335,266,1,"Anderson",76978,220.842318584531,0.111358574610245,105.224869443218,11.6916521603575,11.1358574610245
2021-12-12,13899,20,9336,11,4563,9,10338,11,85220,70,95558,81,0,237,0,335,266,0,"Anderson",76978,229.935825820364,0.116577540106952,105.224869443218,25.9814492452389,11.6577540106952
2021-12-13,13928,29,9342,6,4586,23,10345,7,85295,75,95640,82,0,237,0,335,269,3,"Anderson",76978,222.141391046793,0.105263157894737,106.523941905479,37.6731014055964,10.5263157894737
2021-12-14,13942,14,9347,5,4595,9,10351,6,85374,79,95725,85,3,240,1,336,269,0,"Anderson",76978,202.655304112863,0.0968858131487889,110.421159292265,18.1870144716672,9.68858131487889
2021-12-15,13968,26,9361,14,4607,12,10366,15,85503,129,95869,144,0,240,0,336,270,1,"Anderson",76978,201.356231650601,0.0908045977011494,187.06643456572,33.7758840188106,9.08045977011494
2021-12-16,13996,28,9371,10,4625,18,10381,15,85598,95,95979,110,0,240,2,338,270,0,"Anderson",76978,201.356231650601,0.102257636122178,142.897970848814,36.3740289433345,10.2257636122178
2021-12-17,14027,31,9394,23,4633,8,10403,22,85753,155,96156,177,1,241,0,338,271,1,"Anderson",76978,203.954376575125,0.107894736842105,229.935825820364,40.2712463301203,10.7894736842105
2021-12-18,14038,11,9403,9,4635,2,10413,10,85835,82,96248,92,0,241,0,338,271,0,"Anderson",76978,206.552521499649,0.111543450064851,119.514666528099,14.2897970848814,11.1543450064851
2021-12-19,14052,14,9411,8,4641,6,10424,11,85915,80,96339,91,0,241,0,338,271,0,"Anderson",76978,198.758086726078,0.1101152368758,118.215594065837,18.1870144716672,11.01152368758
2021-12-20,14076,24,9427,16,4649,8,10438,14,86001,86,96439,100,0,241,0,338,272,1,"Anderson",76978,192.262724414768,0.11639549436796,129.907246226195,31.1777390942867,11.639549436796
2021-12-21,14104,28,9435,8,4669,20,10449,11,86082,81,96531,92,0,241,0,338,272,0,"Anderson",76978,210.449738886435,0.121588089330025,119.514666528099,36.3740289433345,12.1588089330025
2021-12-22,14152,48,9449,14,4703,34,10460,11,86197,115,96657,126,19,260,1,339,273,1,"Anderson",76978,239.029333056198,0.119289340101523,163.683130245005,62.3554781885734,11.9289340101523
2021-12-23,14179,27,9464,15,4715,12,10477,17,86297,100,96774,117,-1,259,1,340,274,1,"Anderson",76978,237.730260593936,0.120754716981132,151.991478084648,35.0749564810725,12.0754716981132
2021-12-24,14205,26,9479,15,4726,11,10494,17,86384,87,96878,104,0,259,1,341,274,0,"Anderson",76978,231.234898282626,0.126038781163435,135.103536075242,33.7758840188106,12.6038781163435
2021-12-25,14219,14,9486,7,4733,7,10504,10,86442,58,96946,68,1,260,0,341,275,1,"Anderson",76978,235.132115669412,0.130372492836676,88.3369274338123,18.1870144716672,13.0372492836676
2021-12-26,14230,11,9490,4,4740,7,10510,6,86486,44,96996,50,1,261,0,341,275,0,"Anderson",76978,231.234898282626,0.13089802130898,64.9536231130973,14.2897970848814,13.089802130898
2021-12-27,14277,47,9509,19,4768,28,10530,20,86590,104,97120,124,1,262,2,343,276,1,"Anderson",76978,261.113564914651,0.135095447870778,161.084985320481,61.0564057263114,13.5095447870778
2021-12-28,14364,87,9545,36,4819,51,10566,36,86699,109,97265,145,0,262,0,343,276,0,"Anderson",76978,337.758840188106,0.159400544959128,188.365507027982,113.019304216789,15.9400544959128
2021-12-29,14445,81,9589,44,4856,37,10613,47,86857,158,97470,205,2,264,0,343,276,0,"Anderson",76978,380.62823144275,0.188191881918819,266.309854763699,105.224869443218,18.8191881918819
2021-12-30,14537,92,9631,42,4906,50,10651,38,86976,119,97627,157,1,265,0,343,276,0,"Anderson",76978,465.067941489776,0.203985932004689,203.954376575125,119.514666528099,20.3985932004689
2021-12-31,14605,68,9672,41,4933,27,10696,45,87093,117,97789,162,0,265,0,343,277,1,"Anderson",76978,519.628984904778,0.221734357848518,210.449738886435,88.3369274338123,22.1734357848518
2022-01-01,14666,61,9706,34,4960,27,10733,37,87192,99,97925,136,0,265,0,343,277,0,"Anderson",76978,580.685390631089,0.23391215526047,176.673854867625,79.2434201979787,23.391215526047
2022-01-02,14698,32,9729,23,4969,9,10766,33,87308,116,98074,149,0,265,0,343,278,1,"Anderson",76978,607.96591233859,0.23747680890538,193.56179687703,41.5703187923822,23.747680890538
2022-01-03,14759,61,9750,21,5009,40,10789,23,87384,76,98173,99,1,266,0,343,278,0,"Anderson",76978,626.152926810257,0.245963912630579,128.608173763933,79.2434201979787,24.5963912630579
2022-01-04,14885,126,9815,65,5070,61,10852,63,87558,174,98410,237,1,267,0,343,279,1,"Anderson",76978,676.816752838473,0.249781659388646,307.880173556081,163.683130245005,24.9781659388646
2022-01-05,15052,167,9901,86,5151,81,10938,86,87704,146,98642,232,1,268,0,343,280,1,"Anderson",76978,788.536984593001,0.277303754266212,301.384811244771,216.945101197745,27.7303754266212
2022-01-06,15194,142,9973,72,5221,70,11009,71,87824,120,98833,191,1,269,1,344,280,0,"Anderson",76978,853.490607706098,0.296849087893864,248.122840292031,184.468289641196,29.6849087893864
2022-01-07,15336,142,10046,73,5290,69,11087,78,87964,140,99051,218,0,269,1,345,280,0,"Anderson",76978,949.621969913482,0.309825673534073,283.197796773104,184.468289641196,30.9825673534073
2022-01-08,15439,103,10088,42,5351,61,11132,45,88039,75,99171,120,0,269,2,347,282,2,"Anderson",76978,1004.18301332848,0.320224719101124,155.888695471433,133.80446361298,32.0224719101124
2022-01-09,15524,85,10144,56,5380,29,11194,62,88182,143,99376,205,0,269,1,348,282,0,"Anderson",76978,1073.03385382837,0.328725038402458,266.309854763699,110.421159292265,32.8725038402458
2022-01-10,15679,155,10218,74,5461,81,11272,78,88295,113,99567,191,1,270,3,351,284,2,"Anderson",76978,1195.14666528099,0.34648493543759,248.122840292031,201.356231650601,34.648493543759
2022-01-11,15854,175,10327,109,5527,66,11374,102,88436,141,99810,243,0,270,0,351,285,1,"Anderson",76978,1258.80121593182,0.372857142857143,315.674608329653,227.33768089584,37.2857142857143
2022-01-12,16111,257,10490,163,5621,94,11538,164,88627,191,100165,355,0,270,1,352,285,0,"Anderson",76978,1375.7177375354,0.393959290873276,461.17072410299,333.86162280132,39.3959290873276
2022-01-13,16342,231,10641,151,5701,80,11693,155,88859,232,100552,387,4,274,0,352,285,0,"Anderson",76978,1491.33518667671,0.397905759162304,502.741042895373,300.085738782509,39.7905759162304
2022-01-14,16596,254,10784,143,5812,111,11842,149,89015,156,100857,305,2,276,1,353,285,0,"Anderson",76978,1636.83130245005,0.418050941306755,396.217100989893,329.964405414534,41.8050941306755
2022-01-15,16693,97,10843,59,5850,38,11904,62,89133,118,101037,180,1,277,2,355,285,0,"Anderson",76978,1629.03686767648,0.413719185423365,233.83304320715,126.010028839409,41.3719185423366
2022-01-16,16845,152,10971,128,5874,24,12037,133,89330,197,101367,330,0,277,1,356,285,0,"Anderson",76978,1716.07472264803,0.42340532395781,428.693912546442,197.459014263816,42.340532395781
2022-01-17,17025,180,11083,112,5942,68,12153,116,89449,119,101602,235,0,277,2,358,285,0,"Anderson",76978,1748.55153420458,0.432923832923833,305.282028631557,233.83304320715,43.2923832923833
2022-01-18,17241,216,11223,140,6018,76,12296,143,89586,137,101882,280,0,277,0,358,287,2,"Anderson",76978,1801.81350515732,0.444980694980695,363.740289433345,280.59965184858,44.4980694980695
2022-01-19,17544,303,11435,212,6109,91,12511,215,89806,220,102317,435,3,280,0,358,287,0,"Anderson",76978,1861.57083842137,0.452137546468401,565.096521083946,393.618956065369,45.2137546468402
2022-01-20,17842,298,11678,243,6164,55,12773,262,89963,157,102736,419,1,281,2,360,288,1,"Anderson",76978,1948.60869339292,0.494505494505495,544.311361687755,387.12359375406,49.4505494505495
2022-01-21,18088,246,11893,215,6195,31,12998,225,90182,219,103180,444,2,283,1,361,290,2,"Anderson",76978,1938.21611369482,0.497632371932845,576.788173244304,319.571825716438,49.7632371932845
2022-01-22,18216,128,11985,92,6231,36,13102,104,90301,119,103403,223,0,283,0,361,290,0,"Anderson",76978,1978.48736002494,0.506339814032122,289.693159084414,166.281275169529,50.6339814032122
2022-01-23,18344,128,12096,111,6248,17,13216,114,90408,107,103624,221,0,283,0,361,291,1,"Anderson",76978,1947.30962093066,0.522374833850244,287.09501415989,166.281275169529,52.2374833850244
2022-01-24,18611,267,12246,150,6365,117,13377,161,90586,178,103963,339,1,284,1,362,292,1,"Anderson",76978,2060.32892514744,0.518424396442186,440.385564706799,346.852347423939,51.8424396442186
2022-01-25,18795,184,12379,133,6416,51,13522,145,90706,120,104228,265,1,285,0,362,293,1,"Anderson",76978,2018.75860635506,0.522591645353794,344.254202499415,239.029333056198,52.2591645353794
2022-01-26,19001,206,12534,155,6467,51,13689,167,90858,152,104547,319,1,286,2,364,293,0,"Anderson",76978,1892.74857751565,0.528251121076233,414.40411546156,267.608927225961,52.8251121076233
2022-01-27,19224,223,12708,174,6516,49,13869,180,91078,220,104947,400,0,286,0,364,293,0,"Anderson",76978,1795.31814284601,0.495703301673451,519.628984904778,289.693159084414,49.5703301673451
2022-01-28,19414,190,12846,138,6568,52,14013,144,91241,163,105254,307,1,287,1,365,294,1,"Anderson",76978,1722.57008495934,0.489392478302797,398.815245914417,246.82376782977,48.9392478302797
2022-01-29,19558,144,12947,101,6611,43,14119,106,91358,117,105477,223,0,287,0,365,296,2,"Anderson",76978,1743.35524435553,0.490356798457088,289.693159084414,187.06643456572,49.0356798457088
2022-01-30,19625,67,12993,46,6632,21,14169,50,91449,91,105618,141,0,287,2,367,297,1,"Anderson",76978,1664.11182415755,0.477933801404213,183.169217178934,87.0378549715503,47.7933801404213
2022-01-31,19820,195,13113,120,6707,75,14309,140,91599,150,105908,290,4,291,1,368,299,2,"Anderson",76978,1570.57860687469,0.479177377892031,376.731014055964,253.319130141079,47.9177377892031
2022-02-01,19983,163,13208,95,6775,68,14416,107,91719,120,106135,227,1,292,1,369,299,0,"Anderson",76978,1543.29808516719,0.468799160985842,294.889448933461,211.748811348697,46.8799160985842
2022-02-02,20127,144,13295,87,6832,57,14509,93,91860,141,106369,234,1,293,0,369,300,1,"Anderson",76978,1462.75559250695,0.450054884742042,303.982956169295,187.06643456572,45.0054884742042
2022-02-03,20761,634,13387,92,7374,542,14608,99,92068,208,106676,307,2,295,1,370,302,2,"Anderson",76978,1996.67437449661,0.427414690572585,398.815245914417,823.611941074073,42.7414690572585
2022-02-04,20907,146,13497,110,7410,36,14718,110,92192,124,106910,234,0,295,0,370,305,3,"Anderson",76978,1939.51518615708,0.425724637681159,303.982956169295,189.664579490244,42.5724637681159
2022-02-05,20956,49,13523,26,7433,23,14748,30,92268,76,107016,106,0,295,0,370,306,1,"Anderson",76978,1816.1033022422,0.408706952566602,137.701680999766,63.6545506508353,40.8706952566602
2022-02-06,21015,59,13567,44,7448,15,14797,49,92342,74,107139,123,0,295,1,371,308,2,"Anderson",76978,1805.7107225441,0.412886259040105,159.785912858219,76.6452752734548,41.2886259040105
2022-02-07,21099,84,13618,51,7481,33,14853,56,92444,102,107297,158,3,298,0,371,309,1,"Anderson",76978,1661.51367923303,0.391648668106551,205.253449037387,109.122086830003,39.1648668106551
2022-02-08,21185,86,13666,48,7519,38,14911,58,92541,97,107452,155,0,298,0,371,309,0,"Anderson",76978,1561.48509963886,0.375854214123007,201.356231650601,111.720231754527,37.5854214123007
2022-02-09,21284,99,13730,64,7554,35,14985,74,92648,107,107633,181,0,298,0,371,310,1,"Anderson",76978,1503.02683883707,0.376582278481013,235.132115669412,128.608173763933,37.6582278481013
2022-02-10,21372,88,13780,50,7592,38,15039,54,92774,126,107813,180,2,300,0,371,311,1,"Anderson",76978,793.733274442048,0.379067722075638,233.83304320715,114.318376679051,37.9067722075638
2022-02-11,21431,59,13822,42,7609,17,15084,45,92876,102,107960,147,1,301,0,371,311,0,"Anderson",76978,680.713970225259,0.348571428571429,190.963651952506,76.6452752734548,34.8571428571429
2022-02-12,21462,31,13845,23,7617,8,15109,25,92938,62,108047,87,0,301,1,372,311,0,"Anderson",76978,657.330665904544,0.350145489815713,113.019304216789,40.2712463301203,35.0145489815713
2022-02-13,21483,21,13859,14,7624,7,15124,15,92985,47,108109,62,0,301,0,372,312,1,"Anderson",76978,607.96591233859,0.337113402061856,80.5424926602406,27.2805217075008,33.7113402061856
2022-02-14,21534,51,13886,27,7648,24,15160,36,93042,57,108202,93,1,302,0,372,312,0,"Anderson",76978,565.096521083946,0.339226519337017,120.813738990361,66.2526955753592,33.9226519337017
2022-02-15,21591,57,13925,39,7666,18,15205,45,93119,77,108324,122,0,302,0,372,313,1,"Anderson",76978,527.42341967835,0.337155963302752,158.486840395957,74.0471303489309,33.7155963302752
2022-02-16,21653,62,13958,33,7695,29,15236,31,93211,92,108447,123,0,302,0,372,313,0,"Anderson",76978,479.357738574658,0.308353808353808,159.785912858219,80.5424926602406,30.8353808353808
2022-02-17,21701,48,13991,33,7710,15,15271,35,93305,94,108576,129,0,302,0,372,314,1,"Anderson",76978,427.39484008418,0.304062909567497,167.580347631791,62.3554781885734,30.4062909567497
2022-02-18,21749,48,14022,31,7727,17,15308,37,93377,72,108685,109,0,302,0,372,315,1,"Anderson",76978,413.105042999299,0.308965517241379,141.598898386552,62.3554781885734,30.8965517241379
2022-02-19,21775,26,14032,10,7743,16,15319,11,93432,55,108751,66,0,302,0,372,317,2,"Anderson",76978,406.609680687989,0.298295454545455,85.7387825092884,33.7758840188106,29.8295454545455
2022-02-20,21785,10,14035,3,7750,7,15321,2,93469,37,108790,39,0,302,0,372,317,0,"Anderson",76978,392.319883603107,0.28928046989721,50.6638260282159,12.9907246226195,28.928046989721
2022-02-21,21801,16,14044,9,7757,7,15331,10,93498,29,108829,39,0,302,2,374,318,1,"Anderson",76978,346.852347423939,0.272727272727273,50.6638260282159,20.7851593961911,27.2727272727273
2022-02-22,21836,35,14059,15,7777,20,15349,18,93575,77,108924,95,2,304,0,374,318,0,"Anderson",76978,318.272753254177,0.24,123.411883914885,45.4675361791681,24
2022-02-23,21871,35,14076,17,7795,18,15368,19,93641,66,109009,85,4,308,0,374,319,1,"Anderson",76978,283.197796773104,0.234875444839858,110.421159292265,45.4675361791681,23.4875444839858
2022-02-24,21899,28,14090,14,7809,14,15385,17,93719,78,109104,95,1,309,0,374,320,1,"Anderson",76978,257.216347527865,0.215909090909091,123.411883914885,36.3740289433345,21.5909090909091
2022-02-25,21912,13,14096,6,7816,7,15391,6,93786,67,109177,73,-1,308,0,374,320,0,"Anderson",76978,211.748811348697,0.16869918699187,94.832289745122,16.8879420094053,16.869918699187
2022-02-26,21925,13,14101,5,7824,8,15398,7,93831,45,109229,52,0,308,1,375,320,0,"Anderson",76978,194.860869339292,0.165271966527197,67.5517680376211,16.8879420094053,16.5271966527197
2022-02-27,21925,0,14101,0,7824,0,15399,1,93848,17,109247,18,0,308,0,375,320,0,"Anderson",76978,181.870144716672,0.170678336980306,23.383304320715,0,17.0678336980306
2022-02-28,21943,18,14110,9,7833,9,15411,12,93905,57,109316,69,0,308,0,375,320,0,"Anderson",76978,184.468289641196,0.164271047227926,89.6359998960742,23.383304320715,16.4271047227926
2022-03-01,21956,13,14117,7,7839,6,15419,8,93950,45,109369,53,-1,307,0,375,322,2,"Anderson",76978,155.888695471433,0.157303370786517,68.8508404998831,16.8879420094053,15.7303370786517
2022-03-02,21966,10,14123,6,7843,4,15427,8,94003,53,109430,61,2,309,0,375,323,1,"Anderson",76978,123.411883914885,0.140142517814727,79.2434201979787,12.9907246226195,14.0142517814727
2022-03-03,21976,10,14125,2,7851,8,15429,2,94047,44,109476,46,2,311,0,375,323,0,"Anderson",76978,100.02857959417,0.118279569892473,59.7573332640495,12.9907246226195,11.8279569892473
2022-03-04,21985,9,14128,3,7857,6,15434,5,94111,64,109545,69,0,311,0,375,324,1,"Anderson",76978,94.832289745122,0.116847826086957,89.6359998960742,11.6916521603575,11.6847826086957
2022-03-05,21990,5,14129,1,7861,4,15435,1,94152,41,109587,42,0,311,0,375,325,1,"Anderson",76978,84.4397100470264,0.103351955307263,54.5610434150017,6.49536231130973,10.3351955307263
2022-03-06,21992,2,14130,1,7862,1,15436,1,94176,24,109612,25,0,311,1,376,326,1,"Anderson",76978,87.0378549715503,0.101369863013699,32.4768115565486,2.59814492452389,10.1369863013699
2022-03-07,22005,13,14132,2,7873,11,15438,2,94209,33,109647,35,1,312,0,376,326,0,"Anderson",76978,80.5424926602406,0.081570996978852,45.4675361791681,16.8879420094053,8.1570996978852
2022-03-08,22056,51,14134,2,7922,49,15441,3,94239,30,109680,33,0,312,0,376,327,1,"Anderson",76978,129.907246226195,0.0707395498392283,42.8693912546442,66.2526955753592,7.07395498392283
2022-03-09,22063,7,14140,6,7923,1,15446,5,94277,38,109723,43,0,312,0,376,327,0,"Anderson",76978,126.010028839409,0.0648464163822526,55.8601158772636,9.09350723583361,6.48464163822526
2022-03-10,22068,5,14144,4,7924,1,15453,7,94323,46,109776,53,3,315,0,376,327,0,"Anderson",76978,119.514666528099,0.08,68.8508404998831,6.49536231130973,8
2022-03-11,22074,6,14144,0,7930,6,15454,1,94362,39,109816,40,1,316,1,377,327,0,"Anderson",76978,115.617449141313,0.0738007380073801,51.9628984904778,7.79443477357167,7.38007380073801
2022-03-12,22074,0,14144,0,7930,0,15454,0,94384,22,109838,22,0,316,0,377,329,2,"Anderson",76978,109.122086830003,0.0756972111553785,28.5795941697628,0,7.56972111553785
2022-03-13,22077,3,14146,2,7931,1,15455,1,94428,44,109883,45,1,317,0,377,329,0,"Anderson",76978,110.421159292265,0.0701107011070111,58.4582608017875,3.89721738678583,7.01107011070111
2022-03-14,22084,7,14150,4,7934,3,15462,7,94454,26,109916,33,2,319,1,378,329,0,"Anderson",76978,102.626724518694,0.0892193308550186,42.8693912546442,9.09350723583361,8.92193308550186
2022-03-15,22088,4,14151,1,7937,3,15462,0,94476,22,109938,22,0,319,0,378,330,1,"Anderson",76978,41.5703187923822,0.0813953488372093,28.5795941697628,5.19628984904778,8.13953488372093
2022-03-16,22090,2,14153,2,7937,0,15465,3,94500,24,109965,27,1,320,0,378,330,0,"Anderson",76978,35.0749564810725,0.0785123966942149,35.0749564810725,2.59814492452389,7.85123966942149
2022-03-17,22090,0,14153,0,7937,0,15467,2,94529,29,109996,31,0,320,0,378,330,0,"Anderson",76978,28.5795941697628,0.0636363636363636,40.2712463301203,0,6.36363636363636
2022-03-18,22092,2,14155,2,7937,0,15469,2,94573,44,110042,46,0,320,0,378,331,1,"Anderson",76978,23.383304320715,0.0663716814159292,59.7573332640495,2.59814492452389,6.63716814159292
2022-03-19,22092,0,14155,0,7937,0,15469,0,94593,20,110062,20,0,320,0,378,331,0,"Anderson",76978,23.383304320715,0.0669642857142857,25.9814492452389,0,6.69642857142857
2022-03-20,22097,5,14159,4,7938,1,15474,5,94612,19,110086,24,0,320,0,378,332,1,"Anderson",76978,25.9814492452389,0.0935960591133005,31.1777390942867,6.49536231130973,9.35960591133005
2022-03-21,22098,1,14159,0,7939,1,15474,0,94625,13,110099,13,2,322,0,378,332,0,"Anderson",76978,18.1870144716672,0.0655737704918033,16.8879420094053,1.29907246226194,6.55737704918033
2022-03-22,22098,0,14159,0,7939,0,15475,1,94631,6,110106,7,0,322,0,378,332,0,"Anderson",76978,12.9907246226194,0.0773809523809524,9.09350723583361,0,7.73809523809524
2022-03-23,22100,2,14161,2,7939,0,15477,2,94656,25,110133,27,0,322,0,378,333,1,"Anderson",76978,12.9907246226194,0.0714285714285714,35.0749564810725,2.59814492452389,7.14285714285714
2022-03-24,22101,1,14161,0,7940,1,15478,1,94672,16,110150,17,0,322,0,378,334,1,"Anderson",76978,14.2897970848814,0.0714285714285714,22.0842318584531,1.29907246226194,7.14285714285714
2022-03-25,22102,1,14162,1,7940,0,15480,2,94695,23,110175,25,0,322,0,378,334,0,"Anderson",76978,12.9907246226194,0.0827067669172932,32.4768115565486,1.29907246226194,8.27067669172932
2022-03-26,22103,1,14163,1,7940,0,15481,1,94714,19,110195,20,0,322,0,378,334,0,"Anderson",76978,14.2897970848814,0.0902255639097744,25.9814492452389,1.29907246226194,9.02255639097744
2022-03-27,22103,0,14163,0,7940,0,15481,0,94725,11,110206,11,0,322,0,378,334,0,"Anderson",76978,7.79443477357167,0.0583333333333333,14.2897970848814,0,5.83333333333333
2022-03-28,22107,4,14166,3,7941,1,15484,3,94769,44,110253,47,1,323,0,378,336,2,"Anderson",76978,11.6916521603575,0.0649350649350649,61.0564057263114,5.19628984904778,6.49350649350649
2022-03-29,22107,0,14166,0,7941,0,15484,0,94782,13,110266,13,1,324,0,378,337,1,"Anderson",76978,11.6916521603575,0.05625,16.8879420094053,0,5.625
2022-03-30,22109,2,14166,0,7943,2,15485,1,94805,23,110290,24,1,325,0,378,337,0,"Anderson",76978,11.6916521603575,0.0509554140127389,31.1777390942867,2.59814492452389,5.09554140127389
2022-03-31,22111,2,14167,1,7944,1,15486,1,94825,20,110311,21,0,325,0,378,337,0,"Anderson",76978,12.9907246226194,0.0496894409937888,27.2805217075008,2.59814492452389,4.96894409937888
2022-04-01,22114,3,14168,1,7946,2,15487,1,94862,37,110349,38,3,328,0,378,337,0,"Anderson",76978,15.5888695471433,0.0402298850574713,49.3647535659539,3.89721738678583,4.02298850574713
2022-04-02,22115,1,14169,1,7946,0,15489,2,94882,20,110371,22,0,328,0,378,337,0,"Anderson",76978,15.5888695471433,0.0454545454545455,28.5795941697628,1.29907246226194,4.54545454545455
2022-04-03,22115,0,14169,0,7946,0,15489,0,94894,12,110383,12,0,328,0,378,337,0,"Anderson",76978,15.5888695471433,0.0451977401129944,15.5888695471433,0,4.51977401129944
2022-04-04,22117,2,14170,1,7947,1,15490,1,94913,19,110403,20,0,328,0,378,337,0,"Anderson",76978,12.9907246226194,0.04,25.9814492452389,2.59814492452389,4
2022-04-05,22123,6,14171,1,7952,5,15491,1,94932,19,110423,20,3,331,0,378,338,1,"Anderson",76978,20.7851593961911,0.0445859872611465,25.9814492452389,7.79443477357167,4.45859872611465
2022-04-06,22126,3,14174,3,7952,0,15495,4,94956,24,110451,28,0,331,0,378,338,0,"Anderson",76978,22.0842318584531,0.062111801242236,36.3740289433345,3.89721738678583,6.2111801242236
2022-04-07,22129,3,14174,0,7955,3,15495,0,94979,23,110474,23,1,332,0,378,338,0,"Anderson",76978,23.383304320715,0.0552147239263804,29.8786666320247,3.89721738678583,5.52147239263804
2022-04-08,22130,1,14174,0,7956,1,15495,0,95010,31,110505,31,1,333,0,378,338,0,"Anderson",76978,20.7851593961911,0.0512820512820513,40.2712463301203,1.29907246226194,5.12820512820513
2022-04-09,22130,0,14174,0,7956,0,15495,0,95020,10,110515,10,0,333,0,378,338,0,"Anderson",76978,19.4860869339292,0.0416666666666667,12.9907246226195,0,4.16666666666667
2022-04-10,22130,0,14174,0,7956,0,15495,0,95030,10,110525,10,0,333,0,378,338,0,"Anderson",76978,19.4860869339292,0.0422535211267606,12.9907246226195,0,4.22535211267606
2022-04-11,22133,3,14174,0,7959,3,15495,0,95048,18,110543,18,0,333,0,378,338,0,"Anderson",76978,20.7851593961911,0.0357142857142857,23.383304320715,3.89721738678583,3.57142857142857
2022-04-12,22137,4,14177,3,7960,1,15499,4,95066,18,110565,22,1,334,0,378,339,1,"Anderson",76978,18.1870144716672,0.0563380281690141,28.5795941697628,5.19628984904778,5.63380281690141
2022-04-13,22140,3,14178,1,7962,2,15500,1,95088,22,110588,23,0,334,0,378,339,0,"Anderson",76978,18.1870144716672,0.0364963503649635,29.8786666320247,3.89721738678583,3.64963503649635
2022-04-14,22143,3,14178,0,7965,3,15500,0,95104,16,110604,16,0,334,0,378,339,0,"Anderson",76978,18.1870144716672,0.0384615384615385,20.7851593961911,3.89721738678583,3.84615384615385
2022-04-15,22147,4,14181,3,7966,1,15504,4,95124,20,110628,24,0,334,0,378,339,0,"Anderson",76978,22.0842318584531,0.0731707317073171,31.1777390942867,5.19628984904778,7.31707317073171
2022-04-16,22148,1,14181,0,7967,1,15504,0,95138,14,110642,14,0,334,0,378,339,0,"Anderson",76978,23.383304320715,0.0708661417322835,18.1870144716672,1.29907246226194,7.08661417322835
2022-04-17,22150,2,14181,0,7969,2,15505,1,95153,15,110658,16,0,334,0,378,339,0,"Anderson",76978,25.9814492452389,0.075187969924812,20.7851593961911,2.59814492452389,7.5187969924812
2022-04-18,22156,6,14183,2,7973,4,15507,2,95173,20,110680,22,-1,333,0,378,339,0,"Anderson",76978,29.8786666320247,0.0875912408759124,28.5795941697628,7.79443477357167,8.75912408759124
2022-04-19,22160,4,14184,1,7976,3,15508,1,95186,13,110694,14,0,333,0,378,339,0,"Anderson",76978,29.8786666320247,0.0697674418604651,18.1870144716672,5.19628984904778,6.97674418604651
2022-04-20,22166,6,14186,2,7980,4,15510,2,95219,33,110729,35,1,334,0,378,339,0,"Anderson",76978,33.7758840188106,0.0709219858156028,45.4675361791681,7.79443477357167,7.09219858156028
2022-04-21,22169,3,14187,1,7982,2,15511,1,95245,26,110756,27,0,334,0,378,339,0,"Anderson",76978,33.7758840188106,0.0723684210526316,35.0749564810725,3.89721738678583,7.23684210526316
2022-04-22,22171,2,14188,1,7983,1,15512,1,95277,32,110789,33,0,334,0,378,339,0,"Anderson",76978,31.1777390942867,0.0496894409937888,42.8693912546442,2.59814492452389,4.96894409937888
2022-04-23,22173,2,14190,2,7983,0,15513,1,95302,25,110815,26,0,334,0,378,339,0,"Anderson",76978,32.4768115565486,0.0520231213872832,33.7758840188106,2.59814492452389,5.20231213872832
2022-04-24,22176,3,14190,0,7986,3,15513,0,95319,17,110832,17,0,334,0,378,339,0,"Anderson",76978,33.7758840188106,0.0459770114942529,22.0842318584531,3.89721738678583,4.59770114942529
2022-04-25,22194,18,14192,2,8002,16,15515,2,95330,11,110845,13,0,334,0,378,340,1,"Anderson",76978,49.3647535659539,0.0484848484848485,16.8879420094053,23.383304320715,4.84848484848485
2022-04-26,22208,14,14197,5,8011,9,15521,6,95351,21,110872,27,0,334,0,378,340,0,"Anderson",76978,62.3554781885734,0.0730337078651685,35.0749564810725,18.1870144716672,7.30337078651685
2022-04-27,22222,14,14202,5,8020,9,15526,5,95387,36,110913,41,0,334,0,378,341,1,"Anderson",76978,72.7480578866689,0.0869565217391304,53.2619709527397,18.1870144716672,8.69565217391304
2022-04-28,22227,5,14204,2,8023,3,15528,2,95410,23,110938,25,0,334,0,378,341,0,"Anderson",76978,75.3462028111928,0.0934065934065934,32.4768115565486,6.49536231130973,9.34065934065934
2022-04-29,22233,6,14205,1,8028,5,15529,1,95431,21,110960,22,0,334,0,378,341,0,"Anderson",76978,80.5424926602406,0.0994152046783626,28.5795941697628,7.79443477357167,9.94152046783626
2022-04-30,22235,2,14206,1,8029,1,15529,0,95460,29,110989,29,0,334,0,378,341,0,"Anderson",76978,80.5424926602406,0.0919540229885057,37.6731014055964,2.59814492452389,9.19540229885057
2022-05-01,22237,2,14206,0,8031,2,15529,0,95468,8,110997,8,0,334,0,378,341,0,"Anderson",76978,79.2434201979786,0.096969696969697,10.3925796980956,2.59814492452389,9.6969696969697
2022-05-02,22245,8,14211,5,8034,3,15533,4,95499,31,111032,35,0,334,0,378,341,0,"Anderson",76978,66.2526955753592,0.0962566844919786,45.4675361791681,10.3925796980956,9.62566844919786
2022-05-03,22251,6,14216,5,8035,1,15538,5,95510,11,111048,16,0,334,0,378,341,0,"Anderson",76978,55.8601158772636,0.0965909090909091,20.7851593961911,7.79443477357167,9.65909090909091
2022-05-04,22263,12,14220,4,8043,8,15543,5,95534,24,111077,29,0,334,0,378,341,0,"Anderson",76978,53.2619709527397,0.103658536585366,37.6731014055964,15.5888695471433,10.3658536585366
2022-05-05,22271,8,14226,6,8045,2,15549,6,95552,18,111101,24,0,334,0,378,341,0,"Anderson",76978,57.1591883395256,0.128834355828221,31.1777390942867,10.3925796980956,12.8834355828221
2022-05-06,22272,1,14226,0,8046,1,15549,0,95576,24,111125,24,0,334,0,378,341,0,"Anderson",76978,50.6638260282159,0.121212121212121,31.1777390942867,1.29907246226194,12.1212121212121
2022-05-07,22281,9,14230,4,8051,5,15553,4,95592,16,111145,20,0,334,0,378,342,1,"Anderson",76978,59.7573332640495,0.153846153846154,25.9814492452389,11.6916521603575,15.3846153846154
2022-05-08,22282,1,14230,0,8052,1,15553,0,95606,14,111159,14,0,334,0,378,342,0,"Anderson",76978,58.4582608017875,0.148148148148148,18.1870144716672,1.29907246226194,14.8148148148148
2022-05-09,22288,6,14232,2,8056,4,15554,1,95621,15,111175,16,0,334,0,378,342,0,"Anderson",76978,55.8601158772636,0.146853146853147,20.7851593961911,7.79443477357167,14.6853146853147
2022-05-10,22298,10,14234,2,8064,8,15557,3,95653,32,111210,35,1,335,0,378,342,0,"Anderson",76978,61.0564057263114,0.117283950617284,45.4675361791681,12.9907246226195,11.7283950617284
2022-05-11,22311,13,14244,10,8067,3,15569,12,95671,18,111240,30,0,335,0,378,342,0,"Anderson",76978,62.3554781885734,0.159509202453988,38.9721738678584,16.8879420094053,15.9509202453988
2022-05-12,22317,6,14249,5,8068,1,15574,5,95699,28,111273,33,0,335,0,378,342,0,"Anderson",76978,59.7573332640495,0.145348837209302,42.8693912546442,7.79443477357167,14.5348837209302
2022-05-13,22325,8,14254,5,8071,3,15579,5,95735,36,111314,41,2,337,0,378,343,1,"Anderson",76978,68.8508404998831,0.158730158730159,53.2619709527397,10.3925796980956,15.8730158730159
2022-05-14,22328,3,14256,2,8072,1,15581,2,95744,9,111325,11,0,337,0,378,343,0,"Anderson",76978,61.0564057263114,0.155555555555556,14.2897970848814,3.89721738678583,15.5555555555556
2022-05-15,22332,4,14256,0,8076,4,15581,0,95758,14,111339,14,0,337,0,378,343,0,"Anderson",76978,64.9536231130973,0.155555555555556,18.1870144716672,5.19628984904778,15.5555555555556
2022-05-16,22342,10,14262,6,8080,4,15586,5,95781,23,111367,28,0,337,0,378,343,0,"Anderson",76978,70.149912962145,0.166666666666667,36.3740289433345,12.9907246226195,16.6666666666667
2022-05-17,22355,13,14271,9,8084,4,15596,10,95808,27,111404,37,2,339,0,378,343,0,"Anderson",76978,74.0471303489309,0.201030927835052,48.065681103692,16.8879420094053,20.1030927835052
2022-05-18,22363,8,14278,7,8085,1,15604,8,95835,27,111439,35,0,339,0,378,344,1,"Anderson",76978,67.5517680376211,0.175879396984925,45.4675361791681,10.3925796980956,17.5879396984925
2022-05-19,22373,10,14285,7,8088,3,15612,8,95862,27,111474,35,1,340,0,378,344,0,"Anderson",76978,72.7480578866689,0.189054726368159,45.4675361791681,12.9907246226195,18.9054726368159
2022-05-20,22385,12,14294,9,8091,3,15621,9,95891,29,111512,38,0,340,0,378,344,0,"Anderson",76978,77.9443477357167,0.212121212121212,49.3647535659539,15.5888695471433,21.2121212121212
2022-05-21,22391,6,14300,6,8091,0,15627,6,95917,26,111544,32,0,340,0,378,344,0,"Anderson",76978,81.8415651225025,0.210045662100457,41.5703187923822,7.79443477357167,21.0045662100457
2022-05-22,22400,9,14306,6,8094,3,15633,6,95942,25,111575,31,1,341,0,378,344,0,"Anderson",76978,88.3369274338123,0.220338983050847,40.2712463301203,11.6916521603575,22.0338983050847
2022-05-23,22411,11,14315,9,8096,2,15640,7,95975,33,111615,40,0,341,0,378,344,0,"Anderson",76978,89.6359998960742,0.217741935483871,51.9628984904778,14.2897970848814,21.7741935483871
2022-05-24,22432,21,14322,7,8110,14,15648,8,95996,21,111644,29,0,341,0,378,344,0,"Anderson",76978,100.02857959417,0.216666666666667,37.6731014055964,27.2805217075008,21.6666666666667
2022-05-25,22444,12,14328,6,8116,6,15654,6,96029,33,111683,39,1,342,0,378,344,0,"Anderson",76978,105.224869443218,0.204918032786885,50.6638260282159,15.5888695471433,20.4918032786885
2022-05-26,22461,17,14336,8,8125,9,15664,10,96070,41,111734,51,0,342,0,378,344,0,"Anderson",76978,114.318376679051,0.2,66.2526955753592,22.0842318584531,20
2022-05-27,22476,15,14345,9,8131,6,15673,9,96116,46,111789,55,0,342,0,378,344,0,"Anderson",76978,118.215594065837,0.187725631768953,71.448985424407,19.4860869339292,18.7725631768953
2022-05-28,22485,9,14351,6,8134,3,15679,6,96167,51,111846,57,0,342,0,378,344,0,"Anderson",76978,122.112811452623,0.172185430463576,74.0471303489309,11.6916521603575,17.2185430463576
2022-05-29,22493,8,14353,2,8140,6,15681,2,96189,22,111870,24,0,342,0,378,344,0,"Anderson",76978,120.813738990361,0.16271186440678,31.1777390942867,10.3925796980956,16.271186440678
2022-05-30,22498,5,14354,1,8144,4,15683,2,96204,15,111887,17,0,342,0,378,344,0,"Anderson",76978,113.019304216789,0.158088235294118,22.0842318584531,6.49536231130973,15.8088235294118
2022-05-31,22513,15,14361,7,8152,8,15689,6,96231,27,111920,33,0,342,0,378,344,0,"Anderson",76978,105.224869443218,0.148550724637681,42.8693912546442,19.4860869339292,14.8550724637681
2022-06-01,22537,24,14374,13,8163,11,15706,17,96258,27,111964,44,0,342,0,378,344,0,"Anderson",76978,120.813738990361,0.185053380782918,57.1591883395256,31.1777390942867,18.5053380782918
2022-06-02,22554,17,14383,9,8171,8,15714,8,96282,24,111996,32,0,342,0,378,344,0,"Anderson",76978,120.813738990361,0.190839694656489,41.5703187923822,22.0842318584531,19.0839694656489
2022-06-03,22568,14,14391,8,8177,6,15723,9,96332,50,112055,59,0,342,0,378,344,0,"Anderson",76978,119.514666528099,0.18796992481203,76.6452752734548,18.1870144716672,18.796992481203
2022-06-04,22575,7,14396,5,8179,2,15729,6,96361,29,112090,35,0,342,0,378,344,0,"Anderson",76978,116.916521603575,0.204918032786885,45.4675361791681,9.09350723583361,20.4918032786885
2022-06-05,22585,10,14403,7,8182,3,15737,8,96378,17,112115,25,0,342,0,378,344,0,"Anderson",76978,119.514666528099,0.228571428571429,32.4768115565486,12.9907246226195,22.8571428571429
2022-06-06,22611,26,14416,13,8195,13,15750,13,96401,23,112151,36,0,342,0,378,345,1,"Anderson",76978,146.7951882356,0.253787878787879,46.76660864143,33.7758840188106,25.3787878787879
2022-06-07,22633,22,14424,8,8209,14,15758,8,96421,20,112179,28,0,342,0,378,345,0,"Anderson",76978,155.888695471433,0.266409266409266,36.3740289433345,28.5795941697628,26.6409266409266
2022-06-08,22656,23,14439,15,8217,8,15776,18,96470,49,112246,67,0,342,0,378,345,0,"Anderson",76978,154.589623009171,0.24822695035461,87.0378549715503,29.8786666320247,24.822695035461
2022-06-09,22674,18,14451,12,8223,6,15789,13,96505,35,112294,48,0,342,1,379,346,1,"Anderson",76978,155.888695471433,0.251677852348993,62.3554781885734,23.383304320715,25.1677852348993
2022-06-10,22697,23,14467,16,8230,7,15806,17,96566,61,112372,78,0,342,0,379,346,0,"Anderson",76978,167.580347631791,0.261829652996845,101.327652056432,29.8786666320247,26.1829652996845
2022-06-11,22706,9,14471,4,8235,5,15811,5,96584,18,112395,23,0,342,0,379,346,0,"Anderson",76978,170.178492556315,0.268852459016393,29.8786666320247,11.6916521603575,26.8852459016393
2022-06-12,22714,8,14473,2,8241,6,15813,2,96598,14,112411,16,0,342,0,379,346,0,"Anderson",76978,167.580347631791,0.256756756756757,20.7851593961911,10.3925796980956,25.6756756756757
2022-06-13,22731,17,14479,6,8252,11,15819,6,96622,24,112441,30,0,342,0,379,346,0,"Anderson",76978,155.888695471433,0.237931034482759,38.9721738678584,22.0842318584531,23.7931034482759
2022-06-14,22761,30,14493,14,8268,16,15835,16,96659,37,112494,53,1,343,0,379,347,1,"Anderson",76978,166.281275169529,0.244444444444444,68.8508404998831,38.9721738678584,24.4444444444444
2022-06-15,22778,17,14505,12,8273,5,15849,14,96682,23,112531,37,1,344,0,379,347,0,"Anderson",76978,158.486840395957,0.256140350877193,48.065681103692,22.0842318584531,25.6140350877193
2022-06-16,22803,25,14517,12,8286,13,15860,11,96710,28,112570,39,1,345,0,379,347,0,"Anderson",76978,167.580347631791,0.257246376811594,50.6638260282159,32.4768115565486,25.7246376811594
2022-06-17,22825,22,14529,12,8296,10,15875,15,96733,23,112608,38,0,345,0,379,348,1,"Anderson",76978,166.281275169529,0.292372881355932,49.3647535659539,28.5795941697628,29.2372881355932
2022-06-18,22836,11,14537,8,8299,3,15884,9,96756,23,112640,32,1,346,0,379,348,0,"Anderson",76978,168.879420094053,0.297959183673469,41.5703187923822,14.2897970848814,29.7959183673469
2022-06-19,22851,15,14542,5,8309,10,15889,5,96774,18,112663,23,0,346,0,379,348,0,"Anderson",76978,177.972927329886,0.301587301587302,29.8786666320247,19.4860869339292,30.1587301587302
2022-06-20,22863,12,14546,4,8317,8,15896,7,96790,16,112686,23,0,346,0,379,348,0,"Anderson",76978,171.477565018577,0.314285714285714,29.8786666320247,15.5888695471433,31.4285714285714
2022-06-21,22888,25,14555,9,8333,16,15903,7,96802,12,112705,19,0,346,0,379,348,0,"Anderson",76978,164.982202707267,0.322274881516588,24.682376782977,32.4768115565486,32.2274881516588
2022-06-22,22928,40,14585,30,8343,10,15933,30,96852,50,112785,80,0,346,0,379,348,0,"Anderson",76978,194.860869339292,0.330708661417323,103.925796980956,51.9628984904778,33.0708661417323
2022-06-23,22946,18,14596,11,8350,7,15947,14,96875,23,112822,37,0,346,0,379,349,1,"Anderson",76978,185.767362103458,0.345238095238095,48.065681103692,23.383304320715,34.5238095238095
2022-06-24,22979,33,14607,11,8372,22,15959,12,96908,33,112867,45,0,346,0,379,349,0,"Anderson",76978,200.05715918834,0.324324324324324,58.4582608017875,42.8693912546442,32.4324324324324
2022-06-25,22990,11,14610,3,8380,8,15965,6,96937,29,112902,35,0,346,0,379,349,0,"Anderson",76978,200.05715918834,0.309160305343511,45.4675361791681,14.2897970848814,30.9160305343511
2022-06-26,23000,10,14616,6,8384,4,15970,5,96963,26,112933,31,0,346,0,379,349,0,"Anderson",76978,193.56179687703,0.3,40.2712463301203,12.9907246226195,30
2022-06-27,23023,23,14628,12,8395,11,15982,12,96979,16,112961,28,1,347,0,379,349,0,"Anderson",76978,207.851593961911,0.312727272727273,36.3740289433345,29.8786666320247,31.2727272727273
2022-06-28,23053,30,14644,16,8409,14,15998,16,97008,29,113006,45,1,348,0,379,349,0,"Anderson",76978,214.346956273221,0.315614617940199,58.4582608017875,38.9721738678584,31.5614617940199
2022-06-29,23075,22,14653,9,8422,13,16009,11,97050,42,113059,53,1,349,0,379,349,0,"Anderson",76978,190.963651952506,0.277372262773723,68.8508404998831,28.5795941697628,27.7372262773723
2022-06-30,23111,36,14665,12,8446,24,16022,13,97095,45,113117,58,0,349,0,379,349,0,"Anderson",76978,214.346956273221,0.254237288135593,75.3462028111928,46.76660864143,25.4237288135593
2022-07-01,23133,22,14677,12,8456,10,16035,13,97135,40,113170,53,0,349,0,379,349,0,"Anderson",76978,200.05715918834,0.250825082508251,68.8508404998831,28.5795941697628,25.0825082508251
2022-07-02,23161,28,14691,14,8470,14,16050,15,97155,20,113205,35,0,349,0,379,349,0,"Anderson",76978,222.141391046793,0.280528052805281,45.4675361791681,36.3740289433345,28.0528052805281
2022-07-03,23172,11,14697,6,8475,5,16056,6,97172,17,113228,23,0,349,0,379,349,0,"Anderson",76978,223.440463509055,0.291525423728814,29.8786666320247,14.2897970848814,29.1525423728814
2022-07-04,23188,16,14702,5,8486,11,16061,5,97180,8,113241,13,0,349,0,379,350,1,"Anderson",76978,214.346956273221,0.282142857142857,16.8879420094053,20.7851593961911,28.2142857142857
2022-07-05,23209,21,14712,10,8497,11,16072,11,97205,25,113277,36,0,349,0,379,351,1,"Anderson",76978,202.655304112863,0.273062730627306,46.76660864143,27.2805217075008,27.3062730627306
2022-07-06,23223,14,14718,6,8505,8,16079,7,97234,29,113313,36,0,349,0,379,351,0,"Anderson",76978,192.262724414768,0.275590551181102,46.76660864143,18.1870144716672,27.5590551181102
2022-07-07,23255,32,14733,15,8522,17,16094,15,97260,26,113354,41,0,349,0,379,351,0,"Anderson",76978,187.06643456572,0.30379746835443,53.2619709527397,41.5703187923822,30.379746835443
2022-07-08,23289,34,14744,11,8545,23,16104,10,97287,27,113391,37,0,349,0,379,351,0,"Anderson",76978,202.655304112863,0.312217194570136,48.065681103692,44.1684637169061,31.2217194570136
2022-07-09,23317,28,14749,5,8568,23,16109,5,97301,14,113410,19,0,349,0,379,351,0,"Anderson",76978,202.655304112863,0.28780487804878,24.682376782977,36.3740289433345,28.780487804878
2022-07-10,23336,19,14753,4,8583,15,16112,3,97307,6,113419,9,0,349,0,379,351,0,"Anderson",76978,213.047883810959,0.293193717277487,11.6916521603575,24.682376782977,29.3193717277487
2022-07-11,23359,23,14763,10,8596,13,16125,13,97345,38,113470,51,0,349,0,379,351,0,"Anderson",76978,222.141391046793,0.279475982532751,66.2526955753592,29.8786666320247,27.9475982532751
2022-07-12,23404,45,14781,18,8623,27,16144,19,97379,34,113523,53,0,349,0,379,351,0,"Anderson",76978,253.319130141079,0.292682926829268,68.8508404998831,58.4582608017875,29.2682926829268
2022-07-13,23441,37,14799,18,8642,19,16163,19,97426,47,113589,66,0,349,0,379,352,1,"Anderson",76978,283.197796773104,0.304347826086957,85.7387825092884,48.065681103692,30.4347826086957
2022-07-14,23482,41,14811,12,8671,29,16175,12,97448,22,113623,34,0,349,1,380,352,0,"Anderson",76978,294.889448933461,0.301115241635688,44.1684637169061,53.2619709527397,30.1115241635688
2022-07-15,23514,32,14827,16,8687,16,16191,16,97474,26,113665,42,0,349,0,380,352,0,"Anderson",76978,292.291304008938,0.317518248175182,54.5610434150017,41.5703187923822,31.7518248175182
2022-07-16,23536,22,14834,7,8702,15,16198,7,97483,9,113681,16,0,349,0,380,352,0,"Anderson",76978,284.496869235366,0.328413284132841,20.7851593961911,28.5795941697628,32.8413284132841
2022-07-17,23546,10,14838,4,8708,6,16201,3,97495,12,113696,15,0,349,0,380,352,0,"Anderson",76978,272.805217075008,0.32129963898917,19.4860869339292,12.9907246226195,32.129963898917
2022-07-18,23592,46,14859,21,8733,25,16222,21,97545,50,113767,71,0,349,0,380,352,0,"Anderson",76978,302.683883707033,0.326599326599327,92.2341448205981,59.7573332640495,32.6599326599327
2022-07-19,23642,50,14882,23,8760,27,16248,26,97561,16,113809,42,3,352,0,380,352,0,"Anderson",76978,309.179246018343,0.363636363636364,54.5610434150017,64.9536231130973,36.3636363636364
2022-07-20,23678,36,14898,16,8780,20,16264,16,97591,30,113855,46,0,352,0,380,352,0,"Anderson",76978,307.880173556081,0.379699248120301,59.7573332640495,46.76660864143,37.9699248120301
2022-07-21,23721,43,14927,29,8794,14,16294,30,97643,52,113937,82,0,352,0,380,353,1,"Anderson",76978,310.478318480605,0.378980891719745,106.523941905479,55.8601158772636,37.8980891719745
2022-07-22,23759,38,14941,14,8818,24,16309,15,97678,35,113987,50,0,352,0,380,354,1,"Anderson",76978,318.272753254177,0.366459627329193,64.9536231130973,49.3647535659539,36.6459627329193
2022-07-23,23769,10,14944,3,8825,7,16313,4,97689,11,114002,15,0,352,0,380,354,0,"Anderson",76978,302.683883707033,0.358255451713396,19.4860869339292,12.9907246226195,35.8255451713396
2022-07-24,23792,23,14953,9,8839,14,16322,9,97703,14,114025,23,0,352,0,380,354,0,"Anderson",76978,319.571825716438,0.367781155015198,29.8786666320247,29.8786666320247,36.7781155015198
2022-07-25,23838,46,14979,26,8859,20,16349,27,97735,32,114084,59,0,352,0,380,354,0,"Anderson",76978,319.571825716438,0.400630914826498,76.6452752734548,59.7573332640495,40.0630914826498
2022-07-26,23885,47,15003,24,8882,23,16373,24,97768,33,114141,57,0,352,0,380,355,1,"Anderson",76978,315.674608329653,0.376506024096386,74.0471303489309,61.0564057263114,37.6506024096386
2022-07-27,23928,43,15021,18,8907,25,16394,21,97810,42,114204,63,0,352,0,380,355,0,"Anderson",76978,324.768115565486,0.372492836676218,81.8415651225025,55.8601158772636,37.2492836676218
2022-07-28,23964,36,15038,17,8926,19,16412,18,97849,39,114261,57,0,352,0,380,355,0,"Anderson",76978,315.674608329653,0.364197530864198,74.0471303489309,46.76660864143,36.4197530864198
2022-07-29,23997,33,15059,21,8938,12,16433,21,97884,35,114317,56,0,352,0,380,355,0,"Anderson",76978,309.179246018343,0.375757575757576,72.7480578866689,42.8693912546442,37.5757575757576
2022-07-30,24021,24,15073,14,8948,10,16447,14,97900,16,114347,30,0,352,0,380,355,0,"Anderson",76978,327.36626049001,0.388405797101449,38.9721738678584,31.1777390942867,38.8405797101449
2022-07-31,24027,6,15076,3,8951,3,16452,5,97916,16,114368,21,0,352,0,380,356,1,"Anderson",76978,305.282028631557,0.379008746355685,27.2805217075008,7.79443477357167,37.9008746355685
2022-08-01,24062,35,15092,16,8970,19,16470,18,97935,19,114405,37,0,352,0,380,356,0,"Anderson",76978,290.992231546676,0.376947040498442,48.065681103692,45.4675361791681,37.6947040498442
2022-08-02,24120,58,15137,45,8983,13,16514,44,97971,36,114485,80,1,353,0,380,356,0,"Anderson",76978,305.282028631557,0.409883720930233,103.925796980956,75.3462028111928,40.9883720930233
2022-08-03,24153,33,15156,19,8997,14,16537,23,98007,36,114544,59,0,353,0,380,357,1,"Anderson",76978,292.291304008938,0.420588235294118,76.6452752734548,42.8693912546442,42.0588235294118
2022-08-04,24194,41,15184,28,9010,13,16570,33,98102,95,114672,128,1,354,0,380,357,0,"Anderson",76978,298.786666320247,0.384428223844282,166.281275169529,53.2619709527397,38.4428223844282
2022-08-05,24226,32,15206,22,9020,10,16591,21,98134,32,114725,53,0,354,0,380,357,0,"Anderson",76978,297.487593857985,0.387254901960784,68.8508404998831,41.5703187923822,38.7254901960784
2022-08-06,24244,18,15214,8,9030,10,16599,8,98149,15,114748,23,0,354,0,380,357,0,"Anderson",76978,289.693159084414,0.379052369077307,29.8786666320247,23.383304320715,37.9052369077307
2022-08-07,24260,16,15224,10,9036,6,16609,10,98165,16,114774,26,0,354,0,380,357,0,"Anderson",76978,302.683883707033,0.386699507389163,33.7758840188106,20.7851593961911,38.6699507389163
2022-08-08,24317,57,15253,29,9064,28,16637,28,98177,12,114814,40,0,354,0,380,358,1,"Anderson",76978,331.263477876796,0.408312958435208,51.9628984904778,74.0471303489309,40.8312958435208
2022-08-09,24348,31,15271,18,9077,13,16656,19,98227,50,114883,69,3,357,0,380,359,1,"Anderson",76978,296.188521395723,0.35678391959799,89.6359998960742,40.2712463301203,35.678391959799
2022-08-10,24386,38,15297,26,9089,12,16685,29,98259,32,114944,61,0,357,0,380,359,0,"Anderson",76978,302.683883707033,0.37,79.2434201979787,49.3647535659539,37
2022-08-11,24420,34,15321,24,9099,10,16710,25,98290,31,115000,56,0,357,0,380,359,0,"Anderson",76978,293.5903764712,0.426829268292683,72.7480578866689,44.1684637169061,42.6829268292683
2022-08-12,24458,38,15342,21,9116,17,16734,24,98329,39,115063,63,0,357,0,380,360,1,"Anderson",76978,301.384811244771,0.423076923076923,81.8415651225025,49.3647535659539,42.3076923076923
2022-08-13,24475,17,15352,10,9123,7,16745,11,98359,30,115104,41,0,357,0,380,361,1,"Anderson",76978,300.085738782509,0.410112359550562,53.2619709527397,22.0842318584531,41.0112359550562
2022-08-14,24487,12,15360,8,9127,4,16753,8,98379,20,115132,28,0,357,0,380,361,0,"Anderson",76978,294.889448933461,0.402234636871508,36.3740289433345,15.5888695471433,40.2234636871508
2022-08-15,24540,53,15386,26,9154,27,16780,27,98401,22,115181,49,0,357,0,380,362,1,"Anderson",76978,289.693159084414,0.389645776566757,63.6545506508353,68.8508404998831,38.9645776566758
2022-08-16,24589,49,15416,30,9173,19,16812,32,98433,32,115245,64,1,358,0,380,362,0,"Anderson",76978,313.076463405129,0.430939226519337,83.1406375847645,63.6545506508353,43.0939226519337
2022-08-17,24635,46,15442,26,9193,20,16838,26,98466,33,115304,59,0,358,0,380,362,0,"Anderson",76978,323.469043103224,0.425,76.6452752734548,59.7573332640495,42.5
2022-08-18,24919,284,15485,43,9434,241,16880,42,98510,44,115390,86,0,358,0,380,362,0,"Anderson",76978,648.23715866871,0.435897435897436,111.720231754527,368.936579282392,43.5897435897436
2022-08-19,24951,32,15500,15,9451,17,16896,16,98547,37,115443,53,0,358,0,380,362,0,"Anderson",76978,640.442723895139,0.426315789473684,68.8508404998831,41.5703187923822,42.6315789473684
2022-08-20,24966,15,15508,8,9458,7,16904,8,98576,29,115480,37,0,358,0,380,362,0,"Anderson",76978,637.844578970615,0.422872340425532,48.065681103692,19.4860869339292,42.2872340425532
2022-08-21,24980,14,15514,6,9466,8,16911,7,98607,31,115518,38,0,358,0,380,362,0,"Anderson",76978,640.442723895139,0.409326424870466,49.3647535659539,18.1870144716672,40.9326424870466
2022-08-22,25044,64,15539,25,9505,39,16936,25,98644,37,115580,62,0,358,0,380,363,1,"Anderson",76978,654.73252098002,0.390977443609023,80.5424926602406,83.1406375847645,39.0977443609023
2022-08-23,25124,80,15571,32,9553,48,16969,33,98676,32,115645,65,3,361,0,380,364,1,"Anderson",76978,695.003767310141,0.3925,84.4397100470264,103.925796980956,39.25
2022-08-24,25189,65,15594,23,9595,42,16995,26,98714,38,115709,64,0,361,0,380,364,0,"Anderson",76978,719.686144093117,0.387654320987654,83.1406375847645,84.4397100470264,38.7654320987654
2022-08-25,25233,44,15617,23,9616,21,17020,25,98753,39,115773,64,1,362,0,380,365,1,"Anderson",76978,407.908753150251,0.365535248041775,83.1406375847645,57.1591883395256,36.5535248041775
2022-08-26,25265,32,15632,15,9633,17,17036,16,98810,57,115846,73,0,362,0,380,365,0,"Anderson",76978,407.908753150251,0.347394540942928,94.832289745122,41.5703187923822,34.7394540942928
2022-08-27,25305,40,15641,9,9664,31,17045,9,98846,36,115891,45,0,362,0,380,365,0,"Anderson",76978,440.385564706799,0.343065693430657,58.4582608017875,51.9628984904778,34.3065693430657
2022-08-28,25314,9,15645,4,9669,5,17049,4,98874,28,115923,32,0,362,0,380,365,0,"Anderson",76978,433.89020239549,0.340740740740741,41.5703187923822,11.6916521603575,34.0740740740741
2022-08-29,25349,35,15659,14,9690,21,17065,16,98885,11,115950,27,0,362,0,380,365,0,"Anderson",76978,396.217100989893,0.348648648648649,35.0749564810725,45.4675361791681,34.8648648648649
2022-08-30,25394,45,15675,16,9719,29,17082,17,98901,16,115983,33,2,364,0,380,365,0,"Anderson",76978,350.749564810725,0.334319526627219,42.8693912546442,58.4582608017875,33.4319526627219
2022-08-31,25441,47,15706,31,9735,16,17115,33,98950,49,116065,82,0,364,0,380,365,0,"Anderson",76978,327.36626049001,0.337078651685393,106.523941905479,61.0564057263114,33.7078651685393
2022-09-01,25471,30,15720,14,9751,16,17130,15,98978,28,116108,43,1,365,0,380,365,0,"Anderson",76978,309.179246018343,0.328358208955224,55.8601158772636,38.9721738678584,32.8358208955224
2022-09-02,25498,27,15734,14,9764,13,17144,14,99022,44,116166,58,0,365,0,380,365,0,"Anderson",76978,302.683883707033,0.3375,75.3462028111928,35.0749564810725,33.75
2022-09-03,25518,20,15745,11,9773,9,17155,11,99042,20,116197,31,0,365,0,380,365,0,"Anderson",76978,276.702434461794,0.359477124183007,40.2712463301203,25.9814492452389,35.9477124183007
2022-09-04,25530,12,15747,2,9783,10,17157,2,99056,14,116213,16,0,365,0,380,365,0,"Anderson",76978,280.59965184858,0.372413793103448,20.7851593961911,15.5888695471433,37.2413793103448
2022-09-05,25539,9,15749,2,9790,7,17159,2,99070,14,116229,16,0,365,0,380,365,0,"Anderson",76978,246.82376782977,0.336917562724014,20.7851593961911,11.6916521603575,33.6917562724014
2022-09-06,25575,36,15761,12,9814,24,17171,12,99087,17,116258,29,0,365,0,380,365,0,"Anderson",76978,235.132115669412,0.323636363636364,37.6731014055964,46.76660864143,32.3636363636364
2022-09-07,25614,39,15776,15,9838,24,17187,16,99121,34,116308,50,0,365,0,380,365,0,"Anderson",76978,224.739535971316,0.296296296296296,64.9536231130973,50.6638260282159,29.6296296296296
2022-09-08,25636,22,15785,9,9851,13,17196,9,99139,18,116335,27,0,365,0,380,365,0,"Anderson",76978,214.346956273221,0.290748898678414,35.0749564810725,28.5795941697628,29.0748898678414
2022-09-09,25650,14,15792,7,9858,7,17203,7,99184,45,116387,52,0,365,0,380,365,0,"Anderson",76978,197.459014263816,0.266968325791855,67.5517680376211,18.1870144716672,26.6968325791855
2022-09-10,25665,15,15799,7,9866,8,17212,9,99204,20,116416,29,0,365,0,380,365,0,"Anderson",76978,190.963651952506,0.26027397260274,37.6731014055964,19.4860869339292,26.027397260274
2020-03-12,1,1,1,1,0,0,1,1,11,11,12,12,0,0,0,0,0,0,"East TN",2455501,NA,NA,0.488698640318208,0.040724886693184,NA
2020-03-13,1,0,1,0,0,0,1,0,23,12,24,12,0,0,0,0,0,0,"East TN",2455501,NA,NA,0.488698640318208,0,NA
2020-03-14,3,2,3,2,0,0,3,2,50,27,53,29,0,0,0,0,0,0,"East TN",2455501,NA,NA,1.18102171410234,0.081449773386368,NA
2020-03-15,3,0,3,0,0,0,3,0,53,3,56,3,0,0,0,0,0,0,"East TN",2455501,NA,NA,0.122174660079552,0,NA
2020-03-16,5,2,5,2,0,0,5,2,89,36,94,38,0,0,0,0,0,0,"East TN",2455501,NA,NA,1.54754569434099,0.081449773386368,NA
2020-03-17,6,1,6,1,0,0,5,0,130,41,135,41,0,0,0,0,0,0,"East TN",2455501,NA,NA,1.66972035442054,0.040724886693184,NA
2020-03-18,8,2,8,2,0,0,7,2,171,41,178,43,0,0,0,0,0,0,"East TN",2455501,0.325799093545472,0.0393258426966292,1.75117012780691,0.081449773386368,3.93258426966292
2020-03-19,11,3,11,3,0,0,11,4,238,67,249,71,0,0,0,0,0,0,"East TN",2455501,0.40724886693184,0.0421940928270042,2.89146695521606,0.122174660079552,4.21940928270042
2020-03-20,29,18,29,18,0,0,27,16,382,144,409,160,0,0,2,2,0,0,"East TN",2455501,1.14029682740915,0.0675324675324675,6.51598187090944,0.733047960477312,6.75324675324675
2020-03-21,38,9,38,9,0,0,38,11,610,228,648,239,0,0,1,3,1,1,"East TN",2455501,1.42537103426144,0.0588235294117647,9.73324791967098,0.366523980238656,5.88235294117647
2020-03-22,48,10,47,9,1,1,43,5,713,103,756,108,0,0,4,7,2,1,"East TN",2455501,1.83261990119328,0.0571428571428571,4.39828776286387,0.40724886693184,5.71428571428571
2020-03-23,64,16,63,16,1,0,56,13,846,133,902,146,0,0,4,11,2,0,"East TN",2455501,2.40276831489786,0.0631188118811881,5.94583345720486,0.651598187090944,6.31188118811881
2020-03-24,83,19,82,19,1,0,70,14,987,141,1057,155,0,0,5,16,2,0,"East TN",2455501,3.13581627537517,0.0704989154013015,6.31235743744352,0.773772847170496,7.04989154013015
2020-03-25,116,33,115,33,1,0,99,29,1288,301,1387,330,0,0,12,28,3,1,"East TN",2455501,4.39828776286387,0.076095947063689,13.4392126087507,1.34392126087507,7.6095947063689
2020-03-26,144,28,143,28,1,0,130,31,1774,486,1904,517,0,0,5,33,4,1,"East TN",2455501,5.41640993019347,0.0719033232628399,21.0547664203761,1.14029682740915,7.19033232628399
2020-03-27,166,22,165,22,1,0,147,17,2171,397,2318,414,0,0,6,39,4,0,"East TN",2455501,5.57930947696621,0.0628601361969618,16.8601030909782,0.895947507250048,6.28601361969618
2020-03-28,197,31,196,31,1,0,180,33,2608,437,2788,470,0,0,8,47,4,0,"East TN",2455501,6.47525698421626,0.0663551401869159,19.1406967457965,1.2624714874887,6.63551401869159
2020-03-29,213,16,212,16,1,0,196,16,2795,187,2991,203,0,0,3,50,7,3,"East TN",2455501,6.71960630437536,0.0684563758389262,8.26715199871635,0.651598187090944,6.84563758389262
2020-03-30,246,33,245,33,1,0,226,30,3345,550,3571,580,0,0,8,58,9,2,"East TN",2455501,7.41192937815949,0.0636942675159236,23.6204342820467,1.34392126087507,6.36942675159236
2020-03-31,295,49,294,49,1,0,278,52,3645,300,3923,352,0,0,12,70,10,1,"East TN",2455501,8.63367597895501,0.0725750174459177,14.3351601160008,1.99551944796602,7.25750174459177
2020-04-01,346,51,345,51,1,0,336,58,4243,598,4579,656,0,0,9,79,12,2,"East TN",2455501,9.36672393943232,0.0742481203007519,26.7155256707287,2.07696922135238,7.42481203007519
2020-04-02,391,45,390,45,1,0,383,47,4839,596,5222,643,2,7,5,84,14,2,"East TN",2455501,10.0590470132164,0.0762507534659433,26.1861021437173,1.83261990119328,7.62507534659433
2020-04-03,412,21,411,21,1,0,401,18,5124,285,5525,303,1,8,2,86,17,3,"East TN",2455501,10.0183221265233,0.0792017461802308,12.3396406680348,0.855222620556864,7.92017461802307
2020-04-04,447,35,446,35,1,0,431,30,5716,592,6147,622,3,11,5,91,19,2,"East TN",2455501,10.181221673296,0.0747246204227449,25.3308795231604,1.42537103426144,7.47246204227449
2020-04-05,473,26,472,26,1,0,464,33,6093,377,6557,410,-1,10,2,93,20,1,"East TN",2455501,10.5884705402278,0.0751542344363432,16.6972035442054,1.05884705402278,7.51542344363432
2020-04-06,514,41,513,41,1,0,514,50,6626,533,7140,583,8,18,5,98,20,0,"East TN",2455501,10.9142696337733,0.080694872513309,23.7426089421263,1.66972035442054,8.0694872513309
2020-04-07,570,56,569,56,1,0,592,78,7755,1129,8347,1207,0,18,7,105,21,1,"East TN",2455501,11.1993438406256,0.0709764918625678,49.1549382386731,2.2805936548183,7.09764918625678
2020-04-08,607,37,606,37,1,0,632,40,8162,407,8794,447,1,19,8,113,25,4,"East TN",2455501,10.629195426921,0.0702253855278766,18.2040243518532,1.50682080764781,7.02253855278766
2020-04-09,633,26,632,26,1,0,662,30,8613,451,9275,481,3,22,2,115,25,0,"East TN",2455501,9.85542257975053,0.0688378978534419,19.5886704994215,1.05884705402278,6.88378978534419
2020-04-10,655,22,654,22,1,0,682,20,8941,328,9623,348,0,22,4,119,25,0,"East TN",2455501,9.89614746644371,0.0685700341630063,14.172260569228,0.895947507250048,6.85700341630063
2020-04-11,679,24,678,24,1,0,728,46,10022,1081,10750,1127,2,24,5,124,27,2,"East TN",2455501,9.44817371281869,0.0645231370845101,45.8969473032184,0.977397280636416,6.45231370845101
2020-04-12,709,30,708,30,1,0,761,33,11472,1450,12233,1483,0,24,1,125,28,1,"East TN",2455501,9.61107325959142,0.0523255813953488,60.3950069659919,1.22174660079552,5.23255813953488
2020-04-13,738,29,737,29,1,0,803,42,12435,963,13238,1005,0,24,7,132,32,4,"East TN",2455501,9.12237461927321,0.0473925877336832,40.9285111266499,1.18102171410234,4.73925877336832
2020-04-14,749,11,748,11,1,0,823,20,12720,285,13543,305,4,28,1,133,33,1,"East TN",2455501,7.28975471807994,0.0444572748267898,12.4210904414211,0.447973753625024,4.44572748267898
2020-04-15,773,24,772,24,1,0,850,27,13132,412,13982,439,2,30,4,137,34,1,"East TN",2455501,6.76033119106854,0.0420200462606014,17.8782252583078,0.977397280636416,4.20200462606014
2020-04-16,801,28,800,28,1,0,886,36,13808,676,14694,712,1,31,6,143,34,0,"East TN",2455501,6.84178096445491,0.0413360398597527,28.996119325547,1.14029682740915,4.13360398597527
2020-04-17,823,22,821,21,2,1,916,30,14137,329,15053,359,0,31,4,147,35,1,"East TN",2455501,6.84178096445491,0.0430939226519337,14.6202343228531,0.895947507250048,4.30939226519337
2020-04-18,835,12,833,12,2,0,935,19,14918,781,15853,800,0,31,0,147,35,0,"East TN",2455501,6.3530823241367,0.0405643738977072,32.5799093545472,0.488698640318208,4.05643738977072
2020-04-19,914,79,912,79,2,0,1016,81,15604,686,16620,767,1,32,1,148,35,0,"East TN",2455501,8.34860177210272,0.0581262821974014,31.2359880936721,3.21726604876154,5.81262821974014
2020-04-20,939,25,931,19,8,6,1033,17,16567,963,17600,980,0,32,2,150,35,0,"East TN",2455501,8.18570222532998,0.0527281063732233,39.9103889593203,1.0181221673296,5.27281063732233
2020-04-21,1045,106,1037,106,8,0,1154,121,19273,2706,20427,2827,0,32,6,156,36,1,"East TN",2455501,12.0545664611825,0.0480825101685067,115.129254681631,4.3168379894775,4.80825101685067
2020-04-22,1247,202,1237,200,10,2,1354,200,21825,2552,23179,2752,2,34,2,158,36,0,"East TN",2455501,19.3035962925692,0.0548004784168751,112.074888179642,8.22642711202317,5.48004784168751
2020-04-23,1492,245,1480,243,12,2,1601,247,22932,1107,24533,1354,0,34,3,161,36,0,"East TN",2455501,28.1408967049901,0.0726699867872751,55.1414965825711,9.97759723983008,7.26699867872751
2020-04-24,1540,48,1527,47,13,1,1655,54,25621,2689,27276,2743,0,34,4,165,36,0,"East TN",2455501,29.1997437590129,0.0604597889225231,111.708364199404,1.95479456127283,6.04597889225231
2020-04-25,1563,23,1546,19,17,4,1674,19,26396,775,28070,794,0,34,3,168,37,1,"East TN",2455501,29.647717512638,0.0604894818695261,32.3355600343881,0.936672393943232,6.04894818695261
2020-04-26,1583,20,1565,19,18,1,1700,26,27513,1117,29213,1143,0,34,0,168,37,0,"East TN",2455501,27.2449491977401,0.0543158897800365,46.5485454903093,0.81449773386368,5.43158897800365
2020-04-27,1652,69,1633,68,19,1,1772,72,28428,915,30200,987,0,34,8,176,38,1,"East TN",2455501,29.0368442122402,0.0586507936507936,40.1954631661726,2.8100171818297,5.86507936507936
2020-04-28,1689,37,1667,34,22,3,1812,40,30602,2174,32414,2214,2,36,1,177,39,1,"East TN",2455501,26.2268270304105,0.0548928005339117,90.1648991387094,1.50682080764781,5.48928005339117
2020-04-29,1752,63,1729,62,23,1,1878,66,33345,2743,35223,2809,1,37,6,183,40,1,"East TN",2455501,20.5660677800579,0.0435071404848887,114.396206721154,2.56566786167059,4.35071404848887
2020-04-30,1774,22,1750,21,24,1,1900,22,33894,549,35794,571,0,37,1,184,40,0,"East TN",2455501,11.4844180474779,0.0265518160021312,23.2539103018081,0.895947507250048,2.65518160021312
2020-05-01,1814,40,1786,36,28,4,1929,29,35556,1662,37485,1691,0,37,0,184,40,0,"East TN",2455501,11.1586189539324,0.0268390635713586,68.8657833981741,1.62899546772736,2.68390635713586
2020-05-02,1835,21,1807,21,28,0,1966,37,37433,1877,39399,1914,0,37,3,187,40,0,"East TN",2455501,11.077169180546,0.0257745608615059,77.9474331307542,0.855222620556864,2.57745608615059
2020-05-03,1873,38,1840,33,33,5,2003,37,39553,2120,41556,2157,0,37,3,190,42,2,"East TN",2455501,11.8102171410234,0.0245483269869562,87.8435805971979,1.54754569434099,2.45483269869562
2020-05-04,1920,47,1884,44,36,3,2060,57,41499,1946,43559,2003,0,37,1,191,42,0,"East TN",2455501,10.9142696337733,0.0215584998877161,81.5719480464475,1.91406967457965,2.15584998877161
2020-05-05,1948,28,1911,27,37,1,2092,32,44409,2910,46501,2942,2,39,1,192,42,0,"East TN",2455501,10.5477456535347,0.0198764818627103,119.812616651347,1.14029682740915,1.98764818627103
2020-05-06,1985,37,1948,37,37,0,2135,43,45453,1044,47588,1087,1,40,0,192,42,0,"East TN",2455501,9.48889859951187,0.0207844723008492,44.267951835491,1.50682080764781,2.07844723008492
2020-05-07,2028,43,1989,41,39,2,2183,48,46845,1392,49028,1440,0,40,4,196,46,4,"East TN",2455501,10.3441212200687,0.0213843131328397,58.643836838185,1.75117012780691,2.13843131328397
2020-05-08,2047,19,2008,19,39,0,2219,36,48515,1670,50734,1706,1,41,0,196,47,1,"East TN",2455501,9.48889859951187,0.0218884444108989,69.4766566985719,0.773772847170496,2.18884444108989
2020-05-09,2063,16,2022,14,41,2,2237,18,51333,2818,53570,2836,0,41,1,197,48,1,"East TN",2455501,9.28527416604595,0.0191235622045022,115.49577866187,0.651598187090944,1.91235622045022
2020-05-10,2079,16,2037,15,42,1,2256,19,53897,2564,56153,2583,1,42,3,200,48,0,"East TN",2455501,8.3893266587959,0.0173323285606631,105.192382328494,0.651598187090944,1.73323285606631
2020-05-11,2140,61,2097,60,43,1,2307,51,55468,1571,57775,1622,3,45,5,205,50,2,"East TN",2455501,8.95947507250048,0.0173747889701744,66.0557662163444,2.48421808828422,1.73747889701745
2020-05-12,2193,53,2150,53,43,0,2373,66,59022,3554,61395,3620,3,48,3,208,50,0,"East TN",2455501,9.97759723983008,0.0188666577145159,147.424089829326,2.15841899473875,1.88666577145159
2020-05-13,2247,54,2201,51,46,3,2425,52,60647,1625,63072,1677,0,48,7,215,52,2,"East TN",2455501,10.6699203136142,0.0187290105915784,68.2956349844696,2.19914388143194,1.87290105915784
2020-05-14,2278,31,2232,31,46,0,2470,45,62356,1709,64826,1754,1,49,2,217,53,1,"East TN",2455501,10.181221673296,0.018166856564122,71.4314512598447,1.2624714874887,1.8166856564122
2020-05-15,2306,28,2260,28,46,0,2507,37,64675,2319,67182,2356,1,50,4,221,53,0,"East TN",2455501,10.5477456535347,0.0175097276264591,95.9478330491415,1.14029682740915,1.75097276264591
2020-05-16,2316,10,2270,10,46,0,2525,18,67443,2768,69968,2786,1,51,1,222,53,0,"East TN",2455501,10.3033963333756,0.017563117453348,113.459534327211,0.40724886693184,1.7563117453348
2020-05-17,2396,80,2350,80,46,0,2604,79,69670,2227,72274,2306,0,51,4,226,55,2,"East TN",2455501,12.9097890817393,0.0215867502016004,93.9115887144823,3.25799093545472,2.15867502016004
2020-05-18,2445,49,2398,48,47,1,2665,61,71548,1878,74213,1939,0,51,3,229,55,0,"East TN",2455501,12.4210904414211,0.0217788052074462,78.9655552980838,1.99551944796602,2.17788052074462
2020-05-19,2486,41,2438,40,48,1,2705,40,72672,1124,75377,1164,1,52,3,232,55,0,"East TN",2455501,11.9323918011029,0.0237448147618366,47.4037681108662,1.66972035442054,2.37448147618366
2020-05-20,2528,42,2480,42,48,0,2750,45,74412,1740,77162,1785,0,52,3,235,55,0,"East TN",2455501,11.4436931607847,0.0230660042583392,72.6939227473334,1.71044524111373,2.30660042583392
2020-05-21,2769,241,2720,240,49,1,2988,238,75874,1462,78862,1700,0,52,4,239,56,1,"East TN",2455501,19.9959193663533,0.0369051011684241,69.2323073784128,9.81469769305734,3.69051011684241
2020-05-22,2860,91,2808,88,52,3,3066,78,77398,1524,80464,1602,0,52,7,246,56,0,"East TN",2455501,22.5615872280239,0.0420870350850776,65.2412684824808,3.70596468907974,4.20870350850775
2020-05-23,2926,66,2870,62,56,4,3157,91,79612,2214,82769,2305,2,54,7,253,57,1,"East TN",2455501,24.8421808828422,0.0493711428794625,93.8708638277891,2.68784252175014,4.93711428794625
2020-05-24,2978,52,2922,52,56,0,3227,70,81732,2120,84959,2190,0,54,0,253,58,1,"East TN",2455501,23.7018840554331,0.0491131257390619,89.187501858073,2.11769410804557,4.91131257390619
2020-05-25,3062,84,3005,83,57,1,3321,94,84382,2650,87703,2744,1,55,2,255,58,0,"East TN",2455501,25.1272550896945,0.0486286137879911,111.749089086097,3.42089048222746,4.86286137879911
2020-05-26,3123,61,3057,52,66,9,3377,56,86768,2386,90145,2442,1,56,3,258,58,0,"East TN",2455501,25.9417528235582,0.0455037919826652,99.4501733047553,2.48421808828422,4.55037919826652
2020-05-27,3199,76,3130,73,69,3,3444,67,88635,1867,92079,1934,0,56,9,267,58,0,"East TN",2455501,27.3263989711265,0.0465241000201113,78.7619308646179,3.09509138868198,4.65241000201113
2020-05-28,3273,74,3204,74,69,0,3511,67,90034,1399,93545,1466,0,56,1,268,58,0,"East TN",2455501,20.5253428933647,0.0356194238234693,59.7026838922077,3.01364161529562,3.56194238234693
2020-05-29,3348,75,3278,74,70,1,3594,83,91312,1278,94906,1361,0,56,4,272,58,0,"East TN",2455501,19.8737447062738,0.0365600332363939,55.4265707894234,3.0543665019888,3.65600332363939
2020-05-30,3421,73,3350,72,71,1,3675,81,93557,2245,97232,2326,0,56,5,277,59,1,"East TN",2455501,20.1588189131261,0.0358155292816152,94.726086448346,2.97291672860243,3.58155292816152
2020-05-31,3533,112,3460,110,73,2,3769,94,96340,2783,100109,2877,0,56,1,278,60,1,"East TN",2455501,22.6023121147171,0.0357755775577558,117.16549901629,4.56118730963661,3.57755775577558
2020-06-01,3629,96,3553,93,76,3,3902,133,100171,3831,104073,3964,0,56,5,283,60,0,"East TN",2455501,23.0910107550353,0.0354917532070861,161.433450851781,3.90958912254566,3.54917532070861
2020-06-02,3736,107,3658,105,78,2,4017,115,104230,4059,108247,4174,1,57,3,286,64,4,"East TN",2455501,24.9643555429218,0.0353552093691305,169.98567705735,4.35756287617069,3.53552093691305
2020-06-03,3786,50,3708,50,78,0,4067,50,106161,1931,110228,1981,0,57,4,290,65,1,"East TN",2455501,23.905508488899,0.0343269601630944,80.6760005391975,2.0362443346592,3.43269601630944
2020-06-04,3837,51,3757,49,80,2,4128,61,107708,1547,111836,1608,6,63,5,295,66,1,"East TN",2455501,22.9688360949558,0.0337324367175113,65.4856178026399,2.07696922135238,3.37324367175113
2020-06-05,3936,99,3852,95,84,4,4210,82,109864,2156,114074,2238,1,64,4,299,67,1,"East TN",2455501,23.9462333755922,0.0321368948247078,91.1422964193458,4.03176378262522,3.21368948247079
2020-06-06,3989,53,3902,50,87,3,4285,75,112967,3103,117252,3178,1,65,4,303,67,0,"East TN",2455501,23.1317356417285,0.0304695304695305,129.423689910939,2.15841899473875,3.04695304695305
2020-06-07,4047,58,3958,56,89,2,4366,81,116924,3957,121290,4038,0,65,6,309,68,1,"East TN",2455501,20.9325917602966,0.0281856380718569,164.447092467077,2.36204342820467,2.81856380718569
2020-06-08,4207,160,4114,156,93,4,4523,157,119875,2951,124398,3108,0,65,6,315,68,0,"East TN",2455501,23.5389845086604,0.0305535055350553,126.572947842416,6.51598187090944,3.05535055350553
2020-06-09,4315,108,4221,107,94,1,4641,118,122202,2327,126843,2445,1,66,7,322,69,1,"East TN",2455501,23.5797093953535,0.0335556033555603,99.5723479648349,4.39828776286387,3.35556033555603
2020-06-10,4392,77,4295,74,97,3,4715,74,125038,2836,129753,2910,0,66,6,328,69,0,"East TN",2455501,24.6792813360695,0.0331882202304737,118.509420277165,3.13581627537517,3.31882202304738
2020-06-11,4656,264,4557,262,99,2,4995,280,127329,2291,132324,2571,1,67,8,336,69,0,"East TN",2455501,33.3536822017177,0.0423174541194846,104.703683688176,10.7513700870006,4.23174541194846
2020-06-12,4827,171,4727,170,100,1,5167,172,129955,2626,135122,2798,2,69,3,339,70,1,"East TN",2455501,36.2858740436269,0.0454675028506271,113.948232967529,6.96395562453446,4.54675028506271
2020-06-13,4975,148,4871,144,104,4,5335,168,132146,2191,137481,2359,0,69,4,343,71,1,"East TN",2455501,40.1547382794794,0.0519056799644075,96.0700077092211,6.02728323059123,5.19056799644075
2020-06-14,5091,116,4986,115,105,1,5470,135,136014,3868,141484,4003,0,69,4,347,72,1,"East TN",2455501,42.5167817076841,0.0546697038724374,163.021721432816,4.72408685640934,5.46697038724374
2020-06-15,5273,182,5157,171,116,11,5649,179,139187,3173,144836,3352,0,69,9,356,77,5,"East TN",2455501,43.4127292149341,0.0550934533711713,136.509820195553,7.41192937815949,5.50934533711713
2020-06-16,5427,154,5309,152,118,2,5807,158,140986,1799,146793,1957,3,72,4,360,80,3,"East TN",2455501,45.2860740028206,0.0584461152882206,79.6986032585611,6.27163255075034,5.84461152882206
2020-06-17,5560,133,5439,130,121,3,5929,122,142426,1440,148355,1562,3,75,6,366,82,2,"East TN",2455501,47.5666676576389,0.0652617998064724,63.6122730147534,5.41640993019347,6.52617998064724
2020-06-18,5738,178,5616,177,122,1,6135,206,146017,3591,152152,3797,1,76,12,378,82,0,"East TN",2455501,44.0643274020251,0.0574944522896913,154.63239477402,7.24902983138675,5.74944522896913
2020-06-19,5873,135,5747,131,126,4,6253,118,147480,1463,153733,1581,4,80,13,391,83,1,"East TN",2455501,42.5982314810705,0.058352587179625,64.3860458619239,5.49785970357984,5.8352587179625
2020-06-20,5939,66,5812,65,127,1,6348,95,149655,2175,156003,2270,0,80,7,398,83,0,"East TN",2455501,39.2587907722294,0.0546917179570241,92.4454927935277,2.68784252175014,5.46917179570241
2020-06-21,6027,88,5899,87,128,1,6467,119,153005,3350,159472,3469,1,81,3,401,86,3,"East TN",2455501,38.1184939448202,0.0554258394485212,141.274631938655,3.58379002900019,5.54258394485212
2020-06-22,6223,196,6088,189,135,7,6665,198,156416,3411,163081,3609,1,82,7,408,87,1,"East TN",2455501,38.6886423585248,0.0556864894491642,146.976116075701,7.98207779186406,5.56864894491642
2020-06-23,6413,190,6272,184,141,6,6849,184,158220,1804,165069,1988,4,86,15,423,87,0,"East TN",2455501,40.1547382794794,0.0570146640402714,80.9610747460498,7.73772847170496,5.70146640402714
2020-06-24,6591,178,6448,176,143,2,7032,183,159851,1631,166883,1814,2,88,9,432,87,0,"East TN",2455501,41.9873581806727,0.0595315198618307,73.8749444614358,7.24902983138675,5.95315198618307
2020-06-25,6760,169,6608,160,152,9,7216,184,163024,3173,170240,3357,0,88,8,440,87,0,"East TN",2455501,41.620834200434,0.0597633790358249,136.713444629019,6.8825058511481,5.97633790358249
2020-06-26,6974,214,6812,204,162,10,7388,172,164612,1588,172000,1760,1,89,16,456,87,0,"East TN",2455501,44.8381002491956,0.0621339026660097,71.6758005800038,8.71512575234138,6.21339026660097
2020-06-27,7048,74,6881,69,167,5,7434,46,164821,209,172255,255,-1,88,5,461,89,2,"East TN",2455501,45.1638993427411,0.0668225449175486,10.3848461067619,3.01364161529562,6.68225449175486
2020-06-28,7175,127,7006,125,169,2,7605,171,167908,3087,175513,3258,0,88,5,466,90,1,"East TN",2455501,46.7521699237752,0.0709432080294246,132.681680846393,5.17206061003437,7.09432080294246
2020-06-29,7518,343,7347,341,171,2,7945,340,173175,5267,181120,5607,1,89,22,488,91,1,"East TN",2455501,52.7387282676733,0.0709573701424691,228.344439688683,13.9686361357621,7.09573701424691
2020-06-30,7788,270,7613,266,175,4,8393,448,179461,6286,187854,6734,0,89,22,510,92,1,"East TN",2455501,55.996719203128,0.0677638797454466,274.241386991901,10.9957194071597,6.77638797454466
2020-07-01,8063,275,7885,272,178,3,8727,334,182665,3204,191392,3538,0,89,17,527,95,3,"East TN",2455501,59.9470332123668,0.0691582683912032,144.084649120485,11.1993438406256,6.91582683912032
2020-07-02,8543,480,8360,475,183,5,9333,606,189047,6382,198380,6988,2,91,25,552,98,3,"East TN",2455501,72.6124729739471,0.0752309879175551,284.58550821197,19.5479456127283,7.52309879175551
2020-07-03,8769,226,8580,220,189,6,9561,228,192402,3355,201963,3583,5,96,14,566,99,1,"East TN",2455501,73.1011716142653,0.0725227780929813,145.917269021678,9.20382439265958,7.25227780929813
2020-07-04,8989,220,8798,218,191,2,9841,280,197166,4764,207007,5044,2,98,15,581,105,6,"East TN",2455501,79.0470050714701,0.0692622007366483,205.41632848042,8.95947507250048,6.92622007366483
2020-07-05,9309,320,9117,319,192,1,10209,368,201011,3845,211220,4213,2,100,12,593,108,3,"East TN",2455501,86.9069082032546,0.0729268770829249,171.573947638384,13.0319637418189,7.29268770829249
2020-07-06,9543,234,9340,223,203,11,10419,210,202641,1630,213060,1840,4,104,26,619,108,0,"East TN",2455501,82.4678955536976,0.0774577332498435,74.9337915154586,9.52962348620506,7.74577332498435
2020-07-07,9991,448,9779,439,212,9,10985,566,208917,6276,219902,6842,0,104,32,651,109,1,"East TN",2455501,89.7169253850844,0.0808786819770344,278.639674754765,18.2447492385464,8.08786819770345
2020-07-08,10372,381,10150,371,222,10,11419,434,213085,4168,224504,4602,1,105,20,671,109,0,"East TN",2455501,94.0337633745619,0.0812998308770234,187.415928562033,15.5161818301031,8.12998308770234
2020-07-09,10821,449,10585,435,236,14,11891,472,219034,5949,230925,6421,1,106,24,695,113,4,"East TN",2455501,92.7712918870731,0.0785988631126133,261.494497456934,18.2854741252396,7.85988631126133
2020-07-10,11288,467,11040,455,248,12,12344,453,222318,3284,234662,3737,0,106,29,724,115,2,"East TN",2455501,102.58598958013,0.0851096363803174,152.188901572429,19.0185220857169,8.51096363803175
2020-07-11,11594,306,11339,299,255,7,12766,422,226796,4478,239562,4900,5,111,23,747,120,5,"East TN",2455501,106.088329835744,0.0898479496237137,199.551944796602,12.4618153281143,8.98479496237137
2020-07-12,12064,470,11801,462,263,8,13399,633,232725,5929,246124,6562,1,112,25,772,125,5,"East TN",2455501,112.197062839722,0.0913935365574146,267.236706480673,19.1406967457965,9.13935365574146
2020-07-13,12418,354,12142,341,276,13,13742,343,236158,3433,249900,3776,3,115,20,792,129,4,"East TN",2455501,117.084049242904,0.0902008686210641,153.777172153463,14.4166098893871,9.02008686210641
2020-07-14,12933,515,12652,510,281,5,14326,584,240646,4488,254972,5072,4,119,34,826,133,4,"East TN",2455501,119.812616651347,0.0952666096378671,206.556625307829,20.9733166469898,9.52666096378671
2020-07-15,13313,380,13026,374,287,6,14709,383,243742,3096,258451,3479,6,125,24,850,140,7,"East TN",2455501,119.771891764654,0.0969157804813386,141.681880805587,15.4754569434099,9.69157804813386
2020-07-16,14140,827,13838,812,302,15,15806,1097,253573,9831,269379,10928,6,131,44,894,142,2,"East TN",2455501,135.165898934678,0.101809954751131,445.041561783115,33.6794812952632,10.1809954751131
2020-07-17,14608,468,14292,454,316,14,16317,511,257892,4319,274209,4830,3,134,24,918,147,5,"East TN",2455501,135.206623821371,0.100462740536577,196.701202728079,19.0592469724101,10.0462740536577
2020-07-18,15117,509,14786,494,331,15,16985,668,265980,8088,282965,8756,6,140,27,945,150,3,"East TN",2455501,143.473775820087,0.097205262309057,356.587107885519,20.7289673268307,9.7205262309057
2020-07-19,15598,481,15248,462,350,19,17545,560,270832,4852,288377,5412,0,140,26,971,154,4,"East TN",2455501,143.921749573712,0.098123210186259,220.403086783512,19.5886704994215,9.8123210186259
2020-07-20,16033,435,15668,420,365,15,17956,411,273289,2457,291245,2868,2,142,29,1000,158,4,"East TN",2455501,147.22046539586,0.101922844358447,116.798975036052,17.715325711535,10.1922844358447
2020-07-21,17034,1001,16652,984,382,17,19168,1212,281667,8378,300835,9590,1,143,61,1061,161,3,"East TN",2455501,167.012760328748,0.105575300351046,390.551663387635,40.7656115798772,10.5575300351046
2020-07-22,17618,584,17220,568,398,16,19822,654,284967,3300,304789,3954,4,147,29,1090,166,5,"East TN",2455501,175.320637214157,0.11034140446286,161.02620198485,23.7833338288195,11.034140446286
2020-07-23,18412,794,17992,772,420,22,20821,999,295168,10201,315989,11200,4,151,50,1140,172,6,"East TN",2455501,173.976715953282,0.107594936708861,456.118730963661,32.3355600343881,10.7594936708861
2020-07-24,19015,603,18582,590,433,13,21505,684,300975,5807,322480,6491,2,153,34,1174,179,7,"East TN",2455501,179.474575656862,0.107476538708541,264.345239525457,24.55710667599,10.7476538708541
2020-07-25,19992,977,19547,965,445,12,22706,1201,310582,9607,333288,10808,10,163,29,1203,187,8,"East TN",2455501,198.533822629272,0.113685591081613,440.154575379933,39.7882142992408,11.3685591081613
2020-07-26,20767,775,20307,760,460,15,23603,897,318100,7518,341703,8415,1,164,21,1224,194,7,"East TN",2455501,210.506939317068,0.113603120429059,342.699921523143,31.5617871872176,11.3603120429059
2020-07-27,21412,645,20930,623,482,22,24308,705,322563,4463,346871,5168,6,170,38,1262,198,4,"East TN",2455501,219.059165522637,0.114191205551361,210.466214430375,26.2675519171037,11.4191205551361
2020-07-28,22227,815,21722,792,505,23,25280,972,330777,8214,356057,9186,7,177,50,1312,203,5,"East TN",2455501,211.484336597704,0.110680525877368,374.098809163588,33.190782654945,11.0680525877368
2020-07-29,22570,343,22054,332,516,11,25596,316,332347,1570,357943,1886,5,182,24,1336,212,9,"East TN",2455501,201.669638904647,0.108627760845844,76.807136303345,13.9686361357621,10.8627760845844
2020-07-30,23757,1187,23226,1172,531,15,26976,1380,344877,12530,371853,13910,5,187,46,1382,219,7,"East TN",2455501,217.674519375068,0.110178290133181,566.48317390219,48.3404405048094,11.0178290133181
2020-07-31,24379,622,23832,606,547,16,27630,654,348844,3967,376474,4621,6,193,27,1409,228,9,"East TN",2455501,218.448292222239,0.11343853020706,188.189701409203,25.3308795231604,11.343853020706
2020-08-01,24938,559,24374,542,564,17,28266,636,355819,6975,384085,7611,1,194,16,1425,231,3,"East TN",2455501,201.425289584488,0.109455282792291,309.957112621823,22.7652116614899,10.9455282792291
2020-08-02,25369,431,24794,420,575,11,28749,483,359614,3795,388363,4278,4,198,21,1446,236,5,"East TN",2455501,187.415928562033,0.110287183883412,174.221065273441,17.5524261647623,11.0287183883412
2020-08-03,25995,626,25402,608,593,18,29457,708,363758,4144,393215,4852,3,201,39,1485,244,8,"East TN",2455501,186.642155714862,0.111103918522355,197.597150235329,25.4937790699332,11.1103918522355
2020-08-04,26481,486,25868,466,613,20,29983,526,369128,5370,399111,5896,6,207,34,1519,253,9,"East TN",2455501,173.243667992805,0.109234914293678,240.113931943013,19.7922949328874,10.9234914293678
2020-08-05,26949,468,26328,460,621,8,30504,521,373340,4212,403844,4733,9,216,20,1539,259,6,"East TN",2455501,178.334278829453,0.106925775037581,192.75088871884,19.0592469724101,10.6925775037581
2020-08-06,27679,730,27020,692,659,38,31355,851,380409,7069,411764,7920,7,223,37,1576,265,6,"East TN",2455501,159.723005610668,0.109719125053243,322.541102610017,29.7291672860243,10.9719125053243
2020-08-07,28234,555,27561,541,673,14,31974,619,384377,3968,416351,4587,6,229,34,1610,278,13,"East TN",2455501,156.994438202224,0.108934975048273,186.805055261635,22.6023121147171,10.8934975048273
2020-08-08,28909,675,28224,663,685,12,32774,800,394454,10077,427228,10877,8,237,24,1634,289,11,"East TN",2455501,161.718525058634,0.104489720232714,442.964592561762,27.4892985178992,10.4489720232714
2020-08-09,29437,528,28740,516,697,12,33408,634,398755,4301,432163,4935,2,239,20,1654,296,7,"East TN",2455501,165.668839067873,0.106369863013699,200.977315830863,21.5027401740012,10.6369863013699
2020-08-10,29740,303,29032,292,708,11,33736,328,401044,2289,434780,2617,3,242,26,1680,300,4,"East TN",2455501,152.514700665974,0.102947191146397,106.577028476063,12.3396406680348,10.2947191146397
2020-08-11,30352,612,29627,595,725,17,34421,685,407141,6097,441562,6782,17,259,28,1708,305,5,"East TN",2455501,157.646036389315,0.104544062566253,276.196181553174,24.9236306562286,10.4544062566253
2020-08-12,30797,445,30051,424,746,21,34895,474,410889,3748,445784,4222,6,265,25,1733,310,5,"East TN",2455501,156.709363995372,0.104697186456843,171.940471618623,18.1225745784669,10.4697186456843
2020-08-13,31614,817,30855,804,759,13,36012,1117,419450,8561,455462,9678,6,271,44,1777,318,8,"East TN",2455501,160.252429137679,0.106572383175431,394.135453416635,33.2722324283313,10.6572383175431
2020-08-14,32075,461,31287,432,788,29,36546,534,424106,4656,460652,5190,4,275,18,1795,325,7,"East TN",2455501,156.42428978852,0.103203087966412,211.362161937625,18.7741727655578,10.3203087966412
2020-08-15,32725,650,31925,638,800,12,37423,877,431041,6935,468464,7812,4,279,17,1812,334,9,"East TN",2455501,155.40616762119,0.112741294014938,318.142814847153,26.4711763505696,11.2741294014938
2020-08-16,33199,474,32388,463,811,11,38016,593,436505,5464,474521,6057,2,281,10,1822,343,9,"East TN",2455501,153.207023739758,0.108787005996506,246.670638700615,19.3035962925692,10.8787005996506
2020-08-17,33472,273,32591,203,881,70,38243,227,437974,1469,476217,1696,8,289,12,1834,349,6,"East TN",2455501,151.985277138963,0.108767526606656,69.0694078316401,11.1178940672392,10.8767526606656
2020-08-18,34102,630,33156,565,946,65,39055,812,448566,10592,487621,11404,8,297,22,1856,352,3,"East TN",2455501,152.71832509944,0.100610087062246,464.42660784907,25.6566786167059,10.0610087062246
2020-08-19,34557,455,33590,434,967,21,39552,497,453349,4783,492901,5280,7,304,22,1878,359,7,"East TN",2455501,153.125573966372,0.0988390602118131,215.027401740011,18.5298234453987,9.88390602118131
2020-08-20,35333,776,34345,755,988,21,40424,872,464881,11532,505305,12404,6,310,27,1905,367,8,"East TN",2455501,151.455853611951,0.0885179463515438,505.151494542254,31.6025120739108,8.85179463515438
2020-08-21,35542,209,34542,197,1000,12,40637,213,467332,2451,507969,2664,17,327,17,1922,374,7,"East TN",2455501,141.193182165269,0.0864594120506372,108.491098150642,8.51150131887546,8.64594120506372
2020-08-22,36411,869,35399,857,1012,12,41609,972,480698,13366,522307,14338,2,329,20,1942,381,7,"East TN",2455501,150.111932351076,0.0777445536095686,583.913425406872,35.3899265363769,7.77445536095686
2020-08-23,36664,253,35641,242,1023,11,41863,254,485802,5104,527665,5358,0,329,20,1962,386,5,"East TN",2455501,141.111732391883,0.072388228210146,218.20394290208,10.3033963333756,7.2388228210146
2020-08-24,36856,192,35816,175,1040,17,42061,198,487145,1343,529206,1541,8,337,15,1977,396,10,"East TN",2455501,137.813016569735,0.072052690180981,62.7570503941965,7.81917824509133,7.2052690180981
2020-08-25,37470,614,36405,589,1065,25,42746,685,496872,9727,539618,10412,16,353,23,2000,405,9,"East TN",2455501,137.161418382644,0.0709848645114141,424.027520249432,25.005080429615,7.09848645114141
2020-08-26,37813,343,36723,318,1090,25,43129,383,500834,3962,543963,4345,6,359,11,2011,413,8,"East TN",2455501,132.600231073007,0.0700520935333516,176.949632681884,13.9686361357621,7.00520935333516
2020-08-27,38674,861,37567,844,1107,17,44105,976,511121,10287,555226,11263,8,367,29,2040,420,7,"East TN",2455501,136.061846441928,0.0737365036758078,458.684398825331,35.0641274428314,7.37365036758078
2020-08-28,39008,334,37881,314,1127,20,44443,338,513730,2609,558173,2947,12,379,10,2050,426,6,"East TN",2455501,141.152457278576,0.0758106923751096,120.016241084813,13.6021121555235,7.58106923751096
2020-08-29,39459,451,38316,435,1143,16,44971,528,520249,6519,565220,7047,8,387,16,2066,435,9,"East TN",2455501,124.129454640825,0.0783445575932701,286.988276526868,18.366923898626,7.83445575932701
2020-08-30,39722,263,38568,252,1154,11,45238,267,522130,1881,567368,2148,8,395,14,2080,438,3,"East TN",2455501,124.536703507757,0.0850061708183261,87.4770566169592,10.7106452003074,8.50061708183261
2020-08-31,40129,407,38946,378,1183,29,45688,450,525616,3486,571304,3936,2,397,17,2097,443,5,"East TN",2455501,133.292554146791,0.0861561119293078,160.293154024372,16.5750288841259,8.61561119293078
2020-09-01,40736,607,39511,565,1225,42,46362,674,531279,5663,577641,6337,6,403,28,2125,452,9,"East TN",2455501,133.007479939939,0.0951003340083634,258.073606974707,24.7200062227627,9.51003340083634
2020-09-02,41224,488,39970,459,1254,29,46815,453,536072,4793,582887,5246,7,410,22,2147,459,7,"East TN",2455501,138.912588510451,0.0946973589559141,213.642755592443,19.8737447062738,9.46973589559141
2020-09-03,41779,555,40492,522,1287,33,47462,647,544328,8256,591790,8903,6,416,22,2169,462,3,"East TN",2455501,126.450773182336,0.0918116179849032,362.573666229417,22.6023121147171,9.18116179849032
2020-09-04,42136,357,40835,343,1301,14,47810,348,547660,3332,595470,3680,7,423,11,2180,463,1,"East TN",2455501,127.38744557628,0.0902753572673405,149.867583030917,14.5387845494667,9.02753572673405
2020-09-05,43134,998,41818,983,1316,15,48900,1090,556971,9311,605871,10401,1,424,26,2206,469,6,"East TN",2455501,149.663958597451,0.0966519888809623,423.579546495807,40.6434369197976,9.66519888809623
2020-09-06,43397,263,42065,247,1332,16,49168,268,559595,2624,608763,2892,0,424,9,2215,483,14,"East TN",2455501,149.663958597451,0.0949390022949632,117.776372316688,10.7106452003074,9.49390022949632
2020-09-07,43601,204,42262,197,1339,7,49405,237,560931,1336,610336,1573,3,427,13,2228,487,4,"East TN",2455501,141.396806598735,0.0952295552367288,64.0602467683784,8.30787688540954,9.52295552367288
2020-09-08,43912,311,42551,289,1361,22,49725,320,564356,3425,614081,3745,7,434,24,2252,494,7,"East TN",2455501,129.342240137552,0.0922886937431394,152.514700665974,12.6654397615802,9.22886937431394
2020-09-09,44245,333,42867,316,1378,17,50099,374,569498,5142,619597,5516,6,440,16,2268,501,7,"East TN",2455501,123.029882700109,0.0894579133751022,224.638474999603,13.5613872688303,8.94579133751022
2020-09-10,44920,675,43505,638,1415,37,50806,707,577304,7806,628110,8513,18,458,39,2307,512,11,"East TN",2455501,127.916869103291,0.0920704845814978,346.690960419075,27.4892985178992,9.20704845814978
2020-09-11,45245,325,43807,302,1438,23,51160,354,581459,4155,632619,4509,17,475,26,2333,523,11,"East TN",2455501,126.613672729109,0.0901773937387278,183.628514099567,13.2355881752848,9.01773937387278
2020-09-12,45663,418,44207,400,1456,18,51671,511,588443,6984,640114,7495,10,485,14,2347,534,11,"East TN",2455501,102.993238447062,0.0809216482200742,305.233025765414,17.0230026377509,8.09216482200742
2020-09-13,46102,439,44626,419,1476,20,52171,500,594017,5574,646188,6074,2,487,21,2368,539,5,"East TN",2455501,110.160818505063,0.0802404809619238,247.3629617744,17.8782252583078,8.02404809619238
2020-09-14,46546,444,45055,429,1491,15,52656,485,598990,4973,651646,5458,9,496,25,2393,549,10,"East TN",2455501,119.934791311427,0.0786976519002663,222.276431571398,18.0818496917737,7.86976519002663
2020-09-15,47039,493,45511,456,1528,37,53196,540,607164,8174,660360,8714,7,503,20,2413,552,3,"East TN",2455501,127.346720689586,0.0750016206054582,354.876662644405,20.0773691397397,7.50016206054582
2020-09-16,47392,353,45821,310,1571,43,53590,394,610578,3414,664168,3808,6,509,17,2430,561,9,"East TN",2455501,128.16121842345,0.0783244710686321,155.080368527645,14.375885002694,7.83244710686321
2020-09-17,47943,551,46340,519,1603,32,54167,577,617753,7175,671920,7752,8,517,21,2451,572,11,"East TN",2455501,123.111332473495,0.0767176443734307,315.699321645562,22.4394125679444,7.67176443734307
2020-09-18,48477,534,46826,486,1651,48,54733,566,625866,8113,680599,8679,17,534,30,2481,578,6,"East TN",2455501,131.622833792371,0.074468528553564,353.451291610144,21.7470894941603,7.4468528553564
2020-09-19,48985,508,47311,485,1674,23,55306,573,634218,8352,689524,8925,3,537,30,2511,580,2,"East TN",2455501,135.288073594757,0.0735681036227484,363.469613736667,20.6882424401375,7.35681036227484
2020-09-20,49291,306,47592,281,1699,25,55635,329,639176,4958,694811,5287,1,538,13,2524,591,11,"East TN",2455501,129.871663664564,0.0712420048125373,215.312475946864,12.4618153281143,7.12420048125373
2020-09-21,49454,163,47725,133,1729,30,55787,152,640692,1516,696479,1668,3,541,9,2533,596,5,"East TN",2455501,118.427970503779,0.0698369504605982,67.9291110042309,6.63815653098899,6.98369504605982
2020-09-22,49914,460,48127,402,1787,58,56277,490,646841,6149,703118,6639,6,547,29,2562,603,7,"East TN",2455501,117.084049242904,0.0720566911455166,270.372522756049,18.7334478788646,7.20566911455166
2020-09-23,50208,294,48381,254,1827,40,56559,282,648934,2093,705493,2375,8,555,13,2575,612,9,"East TN",2455501,114.681280928006,0.0718451300665457,96.721605896312,11.9731166877961,7.18451300665457
2020-09-24,50671,463,48823,442,1848,21,57039,480,655824,6890,712863,7370,11,566,28,2603,617,5,"East TN",2455501,111.097490899006,0.0701463009549862,300.142414928766,18.8556225389442,7.01463009549862
2020-09-25,51125,454,49253,430,1872,24,57525,486,662498,6674,720023,7160,11,577,18,2621,624,7,"East TN",2455501,107.839499963551,0.0708198051948052,291.590188723197,18.4890985587055,7.08198051948052
2020-09-26,51683,558,49787,534,1896,24,58163,638,673052,10554,731215,11192,5,582,29,2650,631,7,"East TN",2455501,109.87574429821,0.0685279796598786,455.792931870115,22.7244867747967,6.85279796598786
2020-09-27,52076,393,50152,365,1924,28,58570,407,679069,6017,737639,6424,3,585,30,2680,638,7,"East TN",2455501,113.418809440517,0.0685299336882413,261.616672117014,16.0048804704213,6.85299336882413
2020-09-28,52310,234,50347,195,1963,39,58795,225,680755,1686,739550,1911,4,589,15,2695,645,7,"East TN",2455501,116.310276395733,0.0698381741775208,77.8252584706746,9.52962348620506,6.98381741775208
2020-09-29,52693,383,50687,340,2006,43,59192,397,686563,5808,745755,6205,9,598,33,2728,647,2,"East TN",2455501,113.174460120358,0.0683678495203696,252.697921931207,15.5976316034895,6.83678495203696
2020-09-30,53175,482,51137,450,2038,32,59668,476,690001,3438,749669,3914,6,604,23,2751,651,4,"East TN",2455501,120.830738818677,0.0703775805867439,159.397206517122,19.6293953861147,7.0377580586744
2020-10-01,53563,388,51486,349,2077,39,60047,379,693279,3278,753326,3657,11,615,31,2782,656,5,"East TN",2455501,117.776372316688,0.0743395200553592,148.930910636974,15.8012560369554,7.43395200553592
2020-10-02,54027,464,51922,436,2105,28,60509,462,696900,3621,757409,4083,2,617,17,2799,660,4,"East TN",2455501,118.18362118362,0.079815973893971,166.27971236827,18.8963474256374,7.9815973893971
2020-10-03,54432,405,52310,388,2122,17,60992,483,704358,7458,765350,7941,12,629,22,2821,666,6,"East TN",2455501,111.952713519563,0.082876812655632,323.396325230574,16.4935791107395,8.2876812655632
2020-10-04,54887,455,52735,425,2152,30,61531,539,714480,10122,776011,10661,4,633,27,2848,679,13,"East TN",2455501,114.47765649454,0.0771656416136766,434.168017036035,18.5298234453987,7.71656416136766
2020-10-05,55558,671,53347,612,2211,59,62282,751,721729,7249,784011,8000,5,638,42,2890,688,9,"East TN",2455501,132.274431979462,0.0784282854636648,325.799093545472,27.3263989711265,7.84282854636648
2020-10-06,56308,750,54013,666,2295,84,63021,739,728366,6637,791387,7376,8,646,46,2936,697,9,"East TN",2455501,147.22046539586,0.0839104137447405,300.386764248925,30.543665019888,8.39104137447405
2020-10-07,57045,737,54672,659,2373,78,63729,708,735117,6751,798846,7459,3,649,38,2974,703,6,"East TN",2455501,157.605311502622,0.0825792545295565,303.766929844459,30.0142414928766,8.25792545295565
2020-10-08,57763,718,55329,657,2434,61,64407,678,741575,6458,805982,7136,10,659,32,3006,709,6,"East TN",2455501,171.044524111373,0.082801580066849,290.612791442561,29.2404686457061,8.2801580066849
2020-10-09,58304,541,55828,499,2476,42,64967,560,747054,5479,812021,6039,4,663,20,3026,716,7,"East TN",2455501,174.180340386748,0.0816304108987036,245.937590740138,22.0321637010125,8.16304108987036
2020-10-10,58922,618,56416,588,2506,30,65636,669,755480,8426,821116,9095,12,675,20,3046,730,14,"East TN",2455501,182.854741252396,0.08327654843453,370.392844474508,25.1679799763877,8.327654843453
2020-10-11,59865,943,57328,912,2537,31,66665,1029,765906,10426,832571,11455,1,676,37,3083,737,7,"East TN",2455501,202.72848595867,0.0907708628005658,466.503577070423,38.4035681516725,9.07708628005658
2020-10-12,60221,356,57613,285,2608,71,66982,317,768827,2921,835809,3238,6,682,19,3102,748,11,"East TN",2455501,189.900146650317,0.0907370940962972,131.86718311253,14.4980596627735,9.07370940962972
2020-10-13,60726,505,58066,453,2660,52,67466,484,773208,4381,840674,4865,9,691,24,3126,755,7,"East TN",2455501,179.922549410487,0.0901860531174549,198.12657376234,20.5660677800579,9.01860531174549
2020-10-14,61600,874,58878,812,2722,62,68314,848,779392,6184,847706,7032,1,692,44,3170,762,7,"East TN",2455501,185.501858887453,0.0938395415472779,286.37740322647,35.5935509698428,9.38395415472779
2020-10-15,62109,509,59318,440,2791,69,68779,465,783545,4153,852324,4618,14,706,19,3189,771,9,"East TN",2455501,176.990357568578,0.0943420655129256,188.067526749124,20.7289673268307,9.43420655129256
2020-10-16,62748,639,59914,596,2834,43,69363,584,787634,4089,856997,4673,2,708,22,3211,783,12,"East TN",2455501,180.98139646451,0.097741017431519,190.307395517249,26.0232025969446,9.7741017431519
2020-10-17,63466,718,60595,681,2871,37,70223,860,796417,8783,866640,9643,6,714,37,3248,790,7,"East TN",2455501,185.053885133828,0.100760038660926,392.710082382373,29.2404686457061,10.0760038660926
2020-10-18,64270,804,61353,758,2917,46,71093,870,804525,8108,875618,8978,3,717,39,3287,798,8,"East TN",2455501,179.393125883476,0.102864311101819,365.628032731406,32.7428089013199,10.2864311101819
2020-10-19,65018,748,62038,685,2980,63,71852,759,809423,4898,881275,5657,3,720,67,3354,809,11,"East TN",2455501,195.357281467204,0.107113007522104,230.380684023342,30.4622152465016,10.7113007522104
2020-10-20,65704,686,62647,609,3057,77,72543,691,813037,3614,885580,4305,15,735,32,3386,822,13,"East TN",2455501,202.72848595867,0.113058388634036,175.320637214157,27.9372722715242,11.3058388634036
2020-10-21,66297,593,63199,552,3098,41,73159,616,816780,3743,889939,4359,5,740,27,3413,836,14,"East TN",2455501,191.284792797885,0.114720716027751,177.519781095589,24.1498578090581,11.4720716027751
2020-10-22,67427,1130,64235,1036,3192,94,74260,1101,825344,8564,899604,9665,10,750,43,3456,851,15,"East TN",2455501,216.574947434353,0.115926395939086,393.606029889623,46.0191219632979,11.5926395939086
2020-10-23,68398,971,65139,904,3259,67,75230,970,832460,7116,907690,8086,19,769,39,3495,859,8,"East TN",2455501,230.09560981649,0.115735900420176,329.301433801086,39.5438649790817,11.5735900420176
2020-10-24,69635,1237,66314,1175,3321,62,76557,1327,842981,10521,919538,11848,12,781,50,3545,876,17,"East TN",2455501,251.231826010252,0.119739876743922,482.508457540844,50.3766848394686,11.9739876743922
2020-10-25,70564,929,67186,872,3378,57,77604,1047,850856,7875,928460,8922,9,790,43,3588,887,11,"East TN",2455501,256.3224368469,0.123216380909125,363.347439076588,37.8334197379679,12.3216380909125
2020-10-26,71026,462,67592,406,3434,56,78038,434,853611,2755,931649,3189,6,796,21,3609,900,13,"East TN",2455501,244.675119252649,0.122801445189979,129.871663664564,18.814897652251,12.2801445189979
2020-10-27,71868,842,68304,712,3564,130,78821,783,857995,4384,936816,5167,12,808,54,3663,924,24,"East TN",2455501,251.028201576786,0.122531032867515,210.425489543682,34.2903545956609,12.2531032867515
2020-10-28,72865,997,69215,911,3650,86,79791,970,865211,7216,945002,8186,13,821,41,3704,938,14,"East TN",2455501,267.481055800833,0.120443855220384,333.373922470404,40.6027120331044,12.0443855220384
2020-10-29,73773,908,70008,793,3765,115,80625,834,871713,6502,952338,7336,11,832,40,3744,950,12,"East TN",2455501,258.440130954946,0.120700117571206,298.757768781198,36.9781971174111,12.0700117571206
2020-10-30,74673,900,70815,807,3858,93,81465,840,876569,4856,958034,5696,28,860,39,3783,966,16,"East TN",2455501,255.54866399973,0.123847926267281,231.968954604376,36.6523980238656,12.3847926267281
2020-10-31,74687,14,70829,14,3858,0,81481,16,876590,21,958071,37,5,865,0,3783,977,11,"East TN",2455501,205.742127573966,0.127786572548205,1.50682080764781,0.570148413704576,12.7786572548205
2020-11-01,75194,507,71219,390,3975,117,81951,470,883153,6563,965104,7033,0,865,27,3810,993,16,"East TN",2455501,188.556225389442,0.118627879052505,286.418128113163,20.6475175534443,11.8627879052505
2020-11-02,76004,810,71961,742,4043,68,82726,775,887381,4228,970107,5003,11,876,38,3848,1007,14,"East TN",2455501,202.72848595867,0.121899214727755,203.746608126,32.987158221479,12.1899214727755
2020-11-03,77044,1040,72921,960,4123,80,83802,1076,894243,6862,978045,7938,31,907,29,3877,1020,13,"East TN",2455501,210.79201352392,0.120813019961677,323.274150570495,42.3538821609114,12.0813019961677
2020-11-04,77955,911,73733,812,4222,99,84649,847,899128,4885,983777,5732,6,913,35,3912,1044,24,"East TN",2455501,207.289673268307,0.12528691166989,233.435050525331,37.1003717774906,12.528691166989
2020-11-05,78533,578,74217,484,4316,94,85150,501,901789,2661,986939,3162,17,930,27,3939,1058,14,"East TN",2455501,193.850460659556,0.130776567151238,128.772091723848,23.5389845086603,13.0776567151238
2020-11-06,79499,966,75066,849,4433,117,86077,927,908196,6407,994273,7334,10,940,37,3976,1082,24,"East TN",2455501,196.538303181306,0.127266204917354,298.676319007811,39.3402405456157,12.7266204917354
2020-11-07,80826,1327,76307,1241,4519,86,87496,1419,919116,10920,1006612,12339,21,961,52,4028,1092,10,"East TN",2455501,250.010079409457,0.123915864938918,502.504376907197,54.0419246418552,12.3915864938918
2020-11-08,82383,1557,77746,1439,4637,118,89163,1667,932015,12899,1021178,14566,3,964,52,4080,1109,17,"East TN",2455501,292.7712104373,0.128615757748689,593.198699572918,63.4086485812875,12.8615757748689
2020-11-09,83002,619,78285,539,4717,80,89743,580,935467,3452,1025210,4032,9,973,19,4099,1120,11,"East TN",2455501,284.992757078902,0.127343338838176,164.202743146918,25.2087048630809,12.7343338838176
2020-11-10,83941,939,79135,850,4806,89,90666,923,940468,5001,1031134,5924,27,1000,44,4143,1138,18,"East TN",2455501,280.87954352289,0.12929232044303,241.254228770422,38.2406686048998,12.929232044303
2020-11-11,85245,1304,80235,1100,5010,204,91835,1169,947015,6547,1038850,7716,26,1026,59,4202,1152,14,"East TN",2455501,296.884423993311,0.130481361102537,314.233225724608,53.1052522479119,13.0481361102537
2020-11-12,86082,837,80940,705,5142,132,92599,764,951228,4213,1043827,4977,15,1041,34,4236,1170,18,"East TN",2455501,307.432169646846,0.130941499085923,202.687761071977,34.086730162195,13.0941499085923
2020-11-13,87540,1458,82227,1287,5313,171,93898,1299,957087,5859,1050985,7158,27,1068,47,4283,1186,16,"East TN",2455501,327.468813899893,0.137907321201862,291.508738949811,59.3768847986623,13.7907321201862
2020-11-14,89015,1475,83618,1391,5397,84,95433,1535,965982,8895,1061415,10430,7,1075,52,4335,1215,29,"East TN",2455501,333.496097130484,0.144827837892086,424.760568209909,60.0692078724464,14.4827837892086
2020-11-15,90967,1952,85351,1733,5616,219,97393,1960,977151,11169,1074544,13129,7,1082,56,4391,1232,17,"East TN",2455501,349.582427374291,0.154218041449612,534.677037394813,79.4949788250952,15.4218041449612
2020-11-16,92492,1525,86750,1399,5742,126,98930,1537,984770,7619,1083700,9156,10,1092,41,4432,1251,19,"East TN",2455501,386.479174718316,0.157069584544367,372.877062562793,62.1054522071056,15.7069584544367
2020-11-17,93704,1212,87869,1119,5835,93,100151,1221,989913,5143,1090064,6364,31,1123,46,4478,1278,27,"East TN",2455501,397.597068785555,0.160953673850331,259.173178915423,49.358562672139,16.0953673850331
2020-11-18,94902,1198,88825,956,6077,242,101184,1033,995057,5144,1096241,6177,14,1137,53,4531,1293,15,"East TN",2455501,393.280230796078,0.162900106288442,251.557625103798,48.7884142584344,16.2900106288442
2020-11-19,95982,1080,89706,881,6276,199,102043,859,999718,4661,1101761,5520,45,1182,52,4583,1313,20,"East TN",2455501,403.176378262522,0.163013083854041,224.801374546376,43.9828776286387,16.3013083854041
2020-11-20,97108,1126,90669,963,6439,163,103066,1023,1004617,4899,1107683,5922,28,1210,36,4619,1339,26,"East TN",2455501,389.655715880384,0.161698825355392,241.172778997036,45.8562224165252,16.1698825355392
2020-11-21,98326,1218,91733,1064,6593,154,104165,1099,1011023,6406,1115188,7505,3,1213,47,4666,1363,24,"East TN",2455501,379.189420000236,0.162386327710933,305.640274632346,49.6029119922981,16.2386327710933
2020-11-22,99912,1586,93162,1429,6750,157,105831,1666,1020624,9601,1126455,11267,17,1230,57,4723,1390,27,"East TN",2455501,364.284111470531,0.162547436959411,458.847298372104,64.5896702953898,16.2547436959411
2020-11-23,100803,891,93920,758,6883,133,106533,702,1023740,3116,1130273,3818,18,1248,35,4758,1417,27,"East TN",2455501,338.464533307052,0.163249092822021,155.487617394577,36.2858740436269,16.3249092822021
2020-11-24,101714,911,94655,735,7059,176,107238,705,1026767,3027,1134005,3732,13,1261,57,4815,1445,28,"East TN",2455501,326.206342412404,0.161284449602877,151.985277138963,37.1003717774906,16.1284449602877
2020-11-25,102620,906,95341,686,7279,220,107783,545,1029075,2308,1136858,2853,38,1299,56,4871,1470,25,"East TN",2455501,314.314675497994,0.162468916955954,116.188101735654,36.8967473440247,16.2468916955954
2020-11-26,104085,1465,96728,1387,7357,78,109452,1669,1037440,8365,1146892,10034,18,1317,25,4896,1489,19,"East TN",2455501,329.99375687487,0.164166537413308,408.633513079408,59.6619590055146,16.4166537413308
2020-11-27,105788,1703,98294,1566,7494,137,111201,1749,1044979,7539,1156180,9288,5,1322,50,4946,1517,28,"East TN",2455501,353.492016496837,0.167742334577397,378.252747606293,69.3544820384923,16.7742334577397
2020-11-28,107412,1624,99674,1380,7738,244,112695,1494,1052509,7530,1165204,9024,2,1324,45,4991,1545,28,"East TN",2455501,370.02632049427,0.170545425463852,367.501377519292,66.1372159897308,17.0545425463852
2020-11-29,109699,2287,101794,2120,7905,167,115020,2325,1063204,10695,1178224,13020,4,1328,51,5042,1570,25,"East TN",2455501,398.574466066192,0.177500048291449,530.238024745256,93.1378158673118,17.7500048291449
2020-11-30,111933,2234,103799,2005,8134,229,117240,2220,1072654,9450,1189894,11670,15,1343,53,5095,1601,31,"East TN",2455501,453.267988895138,0.179584374633099,475.259427709457,90.979396872573,17.9584374633099
2020-12-01,114194,2261,105805,2006,8389,255,119378,2138,1081489,8835,1200867,10973,20,1363,63,5158,1629,28,"East TN",2455501,508.246585930936,0.181568005743173,446.874181684308,92.078968813289,18.1568005743172
2020-12-02,115251,1057,106718,913,8533,144,120254,876,1084397,2908,1204651,3784,15,1378,42,5200,1662,33,"East TN",2455501,514.396043821607,0.183957045712684,154.102971247008,43.0462052346955,18.3957045712684
2020-12-03,117059,1808,108287,1569,8772,239,121976,1722,1090388,5991,1212364,7713,33,1411,45,5245,1683,21,"East TN",2455501,528.364679957369,0.191287878787879,314.111051064528,73.6305951412767,19.1287878787879
2020-12-04,118788,1729,109675,1388,9113,341,123434,1458,1095908,5520,1219342,6978,37,1448,36,5281,1718,35,"East TN",2455501,529.423527011392,0.193676577689117,284.178259345038,70.4133290925151,19.3676577689117
2020-12-05,119921,1133,110584,909,9337,224,124363,929,1098972,3064,1223335,3993,5,1453,24,5305,1744,26,"East TN",2455501,509.427607645039,0.200719065558824,162.614472565884,46.1412966233775,20.0719065558824
2020-12-06,121390,1469,111847,1263,9543,206,125604,1241,1103464,4492,1229068,5733,20,1473,40,5345,1780,36,"East TN",2455501,476.114650330014,0.20816615529856,233.475775412024,59.8248585522873,20.816615529856
2020-12-07,124113,2723,114252,2405,9861,318,128175,2571,1113010,9546,1241185,12117,31,1504,51,5396,1802,22,"East TN",2455501,496.029119922981,0.2131952974206,493.46345206131,110.89386646554,21.31952974206
2020-12-08,126877,2764,116615,2363,10262,401,130706,2531,1121369,8359,1252075,10890,45,1549,71,5467,1826,24,"East TN",2455501,516.513737929653,0.221215435088267,443.494016088774,112.563586819961,22.1215435088267
2020-12-09,129521,2644,118998,2383,10523,261,133283,2577,1128467,7098,1261750,9675,21,1570,56,5523,1849,23,"East TN",2455501,581.144133111736,0.228182630168654,394.013278756555,107.676600416778,22.8182630168654
2020-12-10,132596,3075,121680,2682,10916,393,136233,2950,1139936,11469,1276169,14419,30,1600,74,5597,1886,37,"East TN",2455501,632.742564552,0.223446438366899,587.21214122902,125.229026581541,22.3446438366899
2020-12-11,134580,1984,123428,1748,11152,236,138023,1790,1147107,7171,1285130,8961,35,1635,50,5647,1911,25,"East TN",2455501,643.127410658762,0.221757767373989,364.935709657622,80.798175199277,22.1757767373989
2020-12-12,137841,3261,126155,2727,11686,534,140997,2974,1158339,11232,1299336,14206,21,1656,73,5720,1936,25,"East TN",2455501,729.789969541857,0.218865541242878,578.537740363372,132.803855506473,21.8865541242878
2020-12-13,142131,4290,130014,3859,12117,431,145361,4364,1175619,17280,1320980,21644,15,1671,62,5782,1970,34,"East TN",2455501,844.674874903329,0.214955609713639,881.449447587274,174.709763913759,21.4955609713639
2020-12-14,144990,2859,132471,2457,12519,402,148034,2673,1184897,9278,1332931,11951,37,1708,72,5854,2004,34,"East TN",2455501,850.213459493602,0.216456303272077,486.703120870242,116.432451055813,21.6456303272077
2020-12-15,149116,4126,136011,3540,13105,586,151897,3863,1199918,15021,1351815,18884,34,1742,94,5948,2035,31,"East TN",2455501,905.680755169719,0.212462402245839,769.048760314087,168.030882496077,21.2462402245839
2020-12-16,152334,3218,138268,2257,14066,961,154283,2386,1207814,7896,1362097,10282,19,1761,60,6008,2077,42,"East TN",2455501,929.056840131607,0.209273819845137,418.733284979318,131.052685378666,20.9273819845137
2020-12-17,156401,4067,141640,3372,14761,695,157890,3607,1218513,10699,1376403,14306,58,1819,75,6083,2116,39,"East TN",2455501,969.455927731245,0.216064409282279,582.61022903269,165.628114181179,21.6064409282279
2020-12-18,159608,3207,144376,2736,15232,471,160769,2879,1227202,8689,1387971,11568,43,1862,62,6145,2146,30,"East TN",2455501,1019.26246415701,0.221176379070604,471.105489266752,130.604711625041,22.1176379070604
2020-12-19,162248,2640,146618,2242,15630,398,163237,2468,1235565,8363,1398802,10831,27,1889,41,6186,2183,37,"East TN",2455501,993.972309520542,0.223593991916836,441.091247773876,107.513700870006,22.3593991916836
2020-12-20,165878,3630,149583,2965,16295,665,166553,3316,1249508,13943,1416061,17259,16,1905,55,6241,2217,34,"East TN",2455501,967.09388430304,0.222883646575026,702.870819437663,147.831338696258,22.2883646575026
2020-12-21,168191,2313,151325,1742,16866,571,168456,1903,1256420,6912,1424876,8815,14,1919,35,6276,2252,35,"East TN",2455501,944.858096168562,0.222111044646256,358.989876200417,94.1966629213346,22.2111044646256
2020-12-22,170845,2654,153026,1701,17819,953,170255,1799,1261473,5053,1431728,6852,62,1981,60,6336,2297,45,"East TN",2455501,884.911062956195,0.229724825748001,279.046923621697,108.08384928371,22.9724825748001
2020-12-23,173063,2218,154472,1446,18591,772,171795,1540,1267250,5777,1439045,7317,41,2022,35,6371,2337,40,"East TN",2455501,844.186176263011,0.227582263346676,297.983995934027,90.3277986854821,22.7582263346676
2020-12-24,175155,2092,155930,1458,19225,634,173393,1598,1273539,6289,1446932,7887,15,2037,30,6401,2375,38,"East TN",2455501,763.754525043973,0.219810290802365,321.197181349142,85.1964629621409,21.9810290802365
2020-12-25,177521,2366,157909,1979,19612,387,175559,2166,1282086,8547,1457645,10713,3,2040,27,6428,2411,36,"East TN",2455501,729.504895335005,0.212274306053908,436.28571114408,96.3550819160733,21.2274306053908
2020-12-26,179460,1939,159376,1467,20084,472,177171,1612,1287739,5653,1464910,7265,2,2042,43,6471,2449,38,"East TN",2455501,700.956749763083,0.210776305439584,295.866301825982,78.9655552980838,21.0776305439584
2020-12-27,180756,1296,160286,910,20470,386,178161,990,1290532,2793,1468693,3783,27,2069,41,6512,2480,31,"East TN",2455501,605.904864221191,0.220550235598115,154.062246360315,52.7794531543665,22.0550235598115
2020-12-28,182152,1396,161264,978,20888,418,179181,1020,1292351,1819,1471532,2839,25,2094,42,6554,2517,37,"East TN",2455501,568.560143123542,0.229873971193416,115.617953321949,56.8519418236849,22.9873971193416
2020-12-29,185057,2905,162990,1726,22067,1179,180959,1778,1296438,4087,1477397,5865,50,2144,64,6618,2559,42,"East TN",2455501,578.782089683531,0.234382184851869,238.851460455524,118.3057958437,23.4382184851869
2020-12-30,187385,2328,164606,1616,22779,712,182636,1677,1300917,4479,1483553,6156,40,2184,44,6662,2597,38,"East TN",2455501,583.261827219781,0.243574188909859,250.702402483241,94.8075362217323,24.3574188909859
2020-12-31,190830,3445,167286,2680,23544,765,185531,2895,1308040,7123,1493571,10018,52,2236,30,6692,2640,43,"East TN",2455501,638.362598915659,0.26025429361693,407.981914892317,140.297234658019,26.025429361693
2021-01-01,193068,2238,169001,1715,24067,523,187387,1856,1314234,6194,1501621,8050,24,2260,31,6723,2680,40,"East TN",2455501,633.149813418932,0.268964889939967,327.835337880131,91.1422964193458,26.8964889939967
2021-01-02,195793,2725,171113,2112,24680,613,189636,2249,1320788,6554,1510424,8803,4,2264,64,6787,2716,36,"East TN",2455501,665.159574359774,0.273871775717362,358.501177560099,110.975316238926,27.3871775717362
2021-01-03,197107,1314,172018,905,25089,409,190573,937,1324156,3368,1514729,4305,15,2279,25,6812,2760,44,"East TN",2455501,665.892622320252,0.269615083847424,175.320637214157,53.5125011148438,26.9615083847424
2021-01-04,198663,1556,173144,1126,25519,430,191751,1178,1326520,2364,1518271,3542,46,2325,34,6846,2810,50,"East TN",2455501,672.408604191161,0.26894028541475,144.247548667258,63.3679236945943,26.894028541475
2021-01-05,201559,2896,174878,1734,26681,1162,193573,1822,1331784,5264,1525357,7086,43,2368,60,6906,2854,44,"East TN",2455501,672.042080210922,0.263010842368641,288.576547107902,117.939271863461,26.3010842368641
2021-01-06,204100,2541,176671,1793,27429,748,195473,1900,1337362,5578,1532835,7478,52,2420,63,6969,2897,43,"East TN",2455501,680.71648107657,0.260480499979709,304.54070269163,103.481937087381,26.0480499979709
2021-01-07,206602,2502,178801,2130,27801,372,197789,2316,1344465,7103,1542254,9419,33,2453,44,7013,2929,32,"East TN",2455501,642.312912924898,0.25179220672514,383.5877077631,101.893666506346,25.179220672514
2021-01-08,208947,2345,180656,1855,28291,490,199774,1985,1351794,7329,1551568,9314,50,2503,47,7060,2984,55,"East TN",2455501,646.670475801069,0.248002883056039,379.311594660316,95.4998592955165,24.8002883056039
2021-01-09,211515,2568,182653,1997,28862,571,201948,2174,1359979,8185,1561927,10359,27,2530,32,7092,3012,28,"East TN",2455501,640.276668590239,0.239054035687242,421.869101254693,104.581509028097,23.9054035687242
2021-01-10,213177,1662,183784,1131,29393,531,203197,1249,1365778,5799,1568975,7048,36,2566,41,7133,3052,40,"East TN",2455501,654.448929159467,0.23271761973233,287.029001413561,67.6847616840718,23.271761973233
2021-01-11,214599,1422,184795,1011,29804,411,204294,1097,1369049,3271,1573343,4368,28,2594,40,7173,3092,40,"East TN",2455501,648.99179434258,0.227756391632772,177.886305075828,57.9107888777077,22.7756391632772
2021-01-12,216415,1816,185929,1134,30486,682,205483,1189,1373246,4197,1578729,5386,60,2654,39,7212,3131,39,"East TN",2455501,605.008916713942,0.223150715731095,219.344239729489,73.9563942348221,22.3150715731095
2021-01-13,217938,1523,187001,1072,30937,451,206615,1132,1377975,4729,1584590,5861,49,2703,32,7244,3158,27,"East TN",2455501,563.55098206028,0.215283547483335,238.688560908751,62.0240024337192,21.5283547483335
2021-01-14,220189,2251,188783,1782,31406,469,208579,1964,1386497,8522,1595076,10486,38,2741,50,7294,3200,42,"East TN",2455501,553.329035500291,0.204270947711181,427.041161864727,91.6717199463572,20.4270947711181
2021-01-15,221152,963,189453,670,31699,293,209274,695,1389554,3057,1598828,3752,23,2764,30,7324,3241,41,"East TN",2455501,497.047242090311,0.201015658061786,152.799774872826,39.2180658855362,20.1015658061786
2021-01-16,223582,2430,191201,1748,32381,682,211274,2000,1400430,10876,1611704,12876,13,2777,54,7378,3284,43,"East TN",2455501,491.427207726651,0.187355606002772,524.373641061437,98.9614746644371,18.7355606002772
2021-01-17,224438,856,191807,606,32631,250,211944,670,1404048,3618,1615992,4288,13,2790,24,7402,3318,34,"East TN",2455501,458.602949051945,0.186039092243231,174.628314140373,34.8605030093655,18.6039092243231
2021-01-18,225005,567,192129,322,32876,245,212298,354,1406130,2082,1618428,2436,13,2803,21,7423,3349,31,"East TN",2455501,423.783170929273,0.177531329710547,99.2058239845962,23.0910107550353,17.7531329710547
2021-01-19,226685,1680,193102,973,33583,707,213357,1059,1410335,4205,1623692,5264,21,2824,53,7476,3388,39,"East TN",2455501,418.244586339,0.175121766786024,214.375803552921,68.4178096445491,17.5121766786024
2021-01-20,227669,984,193760,658,33909,326,214053,696,1414324,3989,1628377,4685,32,2856,29,7505,3428,40,"East TN",2455501,396.293872411373,0.169867768972526,190.796094157567,40.073288506093,16.9867768972526
2021-01-21,229223,1554,194893,1133,34330,421,215323,1270,1421250,6926,1636573,8196,65,2921,36,7541,3474,46,"East TN",2455501,367.908626386224,0.162517772369087,333.781171337336,63.2864739212079,16.2517772369087
2021-01-22,230209,986,195597,704,34612,282,216137,814,1426689,5439,1642826,6253,32,2953,31,7572,3506,32,"East TN",2455501,368.845298780167,0.155984362925588,254.65271649248,40.1547382794794,15.5984362925588
2021-01-23,231639,1430,196564,967,35075,463,217237,1100,1434966,8277,1652203,9377,19,2972,41,7613,3531,25,"East TN",2455501,328.120412086983,0.14723820341243,381.877262521986,58.2365879712531,14.723820341243
2021-01-24,232258,619,197051,487,35207,132,217778,541,1438337,3371,1656115,3912,19,2991,20,7633,3559,28,"East TN",2455501,318.468613940699,0.145402886125165,159.315756743736,25.2087048630809,14.5402886125165
2021-01-25,232997,739,197562,511,35435,228,218327,549,1440093,1756,1658420,2305,44,3035,20,7653,3590,31,"East TN",2455501,325.473294451927,0.150755151030206,93.8708638277891,30.095691266263,15.0755151030206
2021-01-26,234026,1029,198288,726,35738,303,219107,780,1444556,4463,1663663,5243,63,3098,26,7679,3613,23,"East TN",2455501,298.961393214664,0.143854294363413,213.520580932364,41.9059084072863,14.3854294363413
2021-01-27,234980,954,198993,705,35987,249,219862,755,1449073,4517,1668935,5272,55,3153,28,7707,3636,23,"East TN",2455501,297.739646613868,0.143226983579072,214.701602646466,38.8515419052975,14.3226983579072
2021-01-28,236309,1329,199709,716,36600,613,220656,794,1453502,4429,1674158,5223,46,3199,29,7736,3663,27,"East TN",2455501,288.576547107902,0.141891712119196,212.7060831985,54.1233744152415,14.1891712119196
2021-01-29,236904,595,200061,352,36843,243,221053,397,1456166,2664,1677219,3061,17,3216,17,7753,3684,21,"East TN",2455501,272.653116410867,0.142936062570872,124.658878167836,24.2313075824445,14.2936062570872
2021-01-30,238059,1155,201027,966,37032,189,222149,1096,1465214,9048,1687363,10144,44,3260,29,7782,3704,20,"East TN",2455501,261.453772570241,0.139704209328783,413.113250615658,47.0372441306275,13.9704209328783
2021-01-31,238736,677,201465,438,37271,239,222638,489,1469136,3922,1691774,4411,29,3289,30,7812,3723,19,"East TN",2455501,263.815815998446,0.136290978434617,179.637475203635,27.5707482912856,13.6290978434617
2021-02-01,239428,692,201873,408,37555,284,223080,442,1470832,1696,1693912,2138,39,3328,10,7822,3750,27,"East TN",2455501,261.901746323866,0.133917502535783,87.0698077500274,28.1816215916833,13.3917502535783
2021-02-02,239965,537,202220,347,37745,190,223439,359,1471890,1058,1695329,1417,57,3385,13,7835,3766,16,"East TN",2455501,241.86510207082,0.136802880060633,57.7071644442417,21.8692641542398,13.6802880060633
2021-02-03,241076,1111,202979,759,38097,352,224264,825,1477893,6003,1702157,6828,46,3431,39,7874,3779,13,"East TN",2455501,248.25890928165,0.132502558545542,278.06952634106,45.2453491161274,13.2502558545542
2021-02-04,242170,1094,203759,780,38411,314,225126,862,1485602,7709,1710728,8571,58,3489,36,7910,3797,18,"East TN",2455501,238.688560908751,0.122231337161608,349.05300384728,44.5530260423433,12.2231337161608
2021-02-05,242984,814,204315,556,38669,258,225727,601,1489408,3806,1715135,4407,67,3556,28,7938,3811,14,"East TN",2455501,247.607311094559,0.12327249709885,179.474575656862,33.1500577682518,12.327249709885
2021-02-06,244208,1224,205129,814,39079,410,226688,961,1498055,8647,1724743,9608,27,3583,22,7960,3840,29,"East TN",2455501,250.417328276388,0.121428571428571,391.284711348112,49.8472613124572,12.1428571428571
2021-02-07,244725,517,205482,353,39243,164,227094,406,1501138,3083,1728232,3489,2,3585,10,7970,3857,17,"East TN",2455501,243.901346405479,0.122222831751605,142.089129672519,21.0547664203761,12.2222831751605
2021-02-08,245233,508,205777,295,39456,213,227410,316,1502502,1364,1729912,1680,32,3617,9,7979,3873,16,"East TN",2455501,236.407967253933,0.120277777777778,68.4178096445491,20.6882424401375,12.0277777777778
2021-02-09,246258,1025,206407,630,39851,395,228072,662,1506734,4232,1734806,4894,16,3633,38,8017,3884,11,"East TN",2455501,256.281711960207,0.117359475137422,199.307595476443,41.7430088605136,11.7359475137422
2021-02-10,247104,846,206988,581,40116,265,228705,633,1512718,5984,1741423,6617,39,3672,30,8047,3897,13,"East TN",2455501,245.489616986513,0.113100392196811,269.476575248798,34.4532541424337,11.3100392196811
2021-02-11,247971,867,207571,583,40400,284,229354,649,1518288,5570,1747642,6219,37,3709,31,8078,3915,18,"East TN",2455501,236.24506770716,0.114536490220513,253.268070344911,35.3084767629905,11.4536490220513
2021-02-12,248803,832,208164,593,40639,239,230001,647,1523797,5509,1753798,6156,34,3743,12,8090,3924,9,"East TN",2455501,236.978115667638,0.110544965470864,250.702402483241,33.8831057287291,11.0544965470864
2021-02-13,249394,591,208534,370,40860,221,230434,433,1528221,4424,1758655,4857,12,3755,16,8106,3936,12,"East TN",2455501,211.199262390852,0.110462373201227,197.800774668795,24.0684080356717,11.0462373201227
2021-02-14,249932,538,208946,412,40986,126,230886,452,1531187,2966,1762073,3418,15,3770,15,8121,3949,13,"East TN",2455501,212.054485011409,0.112053426317189,139.197662717303,21.909989040933,11.2053426317189
2021-02-15,250311,379,209157,211,41154,168,231115,229,1532511,1324,1763626,1553,5,3775,10,8131,3960,11,"East TN",2455501,206.800974627988,0.109894999110162,63.2457490345148,15.4347320567167,10.9894999110162
2021-02-16,251076,765,209584,427,41492,338,231589,474,1535920,3409,1767509,3883,8,3783,26,8157,3970,10,"East TN",2455501,196.21250408776,0.107543650429624,158.134735029633,31.1545383202858,10.7543650429624
2021-02-17,251696,620,210003,419,41693,201,232039,450,1539169,3249,1771208,3699,11,3794,11,8168,3987,17,"East TN",2455501,187.008679695101,0.111935538022495,150.641355878088,25.2494297497741,11.1935538022495
2021-02-18,252484,788,210549,546,41935,242,232639,600,1544886,5717,1777525,6317,42,3836,19,8187,4004,17,"East TN",2455501,183.791413646339,0.109928722015862,257.259109240843,32.091210714229,10.9928722015862
2021-02-19,252959,475,210849,300,42110,175,232982,343,1547594,2708,1780576,3051,5,3841,11,8198,4013,9,"East TN",2455501,169.252629096873,0.111322727612219,124.251629300904,19.3443211792624,11.1322727612219
2021-02-20,253582,623,211298,449,42284,174,233488,506,1552818,5224,1786306,5730,18,3859,18,8216,4023,10,"East TN",2455501,170.555825471055,0.110448085060215,233.353600751944,25.3716044098536,11.0448085060215
2021-02-21,253931,349,211526,228,42405,121,233751,263,1554952,2134,1788703,2397,7,3866,12,8228,4041,18,"East TN",2455501,162.858821886043,0.107585429966204,97.617553403562,14.2129854559212,10.7585429966204
2021-02-22,254287,356,211720,194,42567,162,233977,226,1556332,1380,1790309,1606,7,3873,22,8250,4057,16,"East TN",2455501,161.9221494921,0.107259303676498,65.4041680292535,14.4980596627735,10.7259303676498
2021-02-23,254923,636,212062,342,42861,294,234338,361,1559279,2947,1793617,3308,26,3899,27,8277,4064,7,"East TN",2455501,156.668639108679,0.105293396660028,134.717925181053,25.901027936865,10.5293396660028
2021-02-24,255663,740,212611,549,43052,191,234947,609,1565472,6193,1800419,6802,19,3918,23,8300,4071,7,"East TN",2455501,161.555625511861,0.0995515388038753,277.010679287038,30.1364161529562,9.95515388038753
2021-02-25,256298,635,213056,445,43242,190,235443,496,1570239,4767,1805682,5263,21,3939,16,8316,4080,9,"East TN",2455501,155.324717847804,0.0995844727776397,214.335078666227,25.8603030501718,9.95844727776397
2021-02-26,256758,460,213378,322,43380,138,235811,368,1573360,3121,1809171,3489,14,3953,11,8327,4085,5,"East TN",2455501,154.713844547406,0.0989333799615317,142.089129672519,18.7334478788646,9.89333799615317
2021-02-27,257198,440,213605,227,43593,213,236086,275,1577452,4092,1813538,4367,7,3960,16,8343,4094,9,"East TN",2455501,147.261190282553,0.0954024676850764,177.845580189135,17.918950145001,9.54024676850764
2021-02-28,257564,366,213879,274,43685,92,236399,313,1580012,2560,1816411,2873,5,3965,11,8354,4103,9,"East TN",2455501,147.953513356337,0.0955680669842645,117.002599469518,14.9053085297053,9.55680669842645
2021-03-01,257805,241,214025,146,43780,95,236553,154,1580791,779,1817344,933,4,3969,11,8365,4112,9,"East TN",2455501,143.270151386621,0.0952838912520806,37.9963192847407,9.81469769305734,9.52838912520806
2021-03-02,258425,620,214415,390,44010,230,237000,447,1584247,3456,1821247,3903,7,3976,24,8389,4122,10,"East TN",2455501,142.61855319953,0.0963445530220775,158.949232763497,25.2494297497741,9.63445530220774
2021-03-03,258903,478,214713,298,44190,180,237352,352,1588419,4172,1825771,4524,7,3983,17,8406,4125,3,"East TN",2455501,131.948632885916,0.0948643105080467,184.239387399964,19.466495839342,9.48643105080467
2021-03-04,259512,609,215128,415,44384,194,237824,472,1593239,4820,1831063,5292,18,4001,21,8427,4130,5,"East TN",2455501,130.889785831893,0.0938103305622316,215.51610038033,24.8014559961491,9.38103305622316
2021-03-05,259981,469,215438,310,44543,159,238177,353,1596918,3679,1835095,4032,15,4016,16,8443,4135,5,"East TN",2455501,131.256309812132,0.0912667798179293,164.202743146918,19.0999718591033,9.12667798179293
2021-03-06,260442,461,215759,321,44683,140,238548,371,1601192,4274,1839740,4645,1,4017,10,8453,4141,6,"East TN",2455501,132.111532432689,0.0939622929547363,189.16709868984,18.7741727655578,9.39622929547363
2021-03-07,260697,255,215923,164,44774,91,238731,183,1602922,1730,1841653,1913,1,4018,4,8457,4145,4,"East TN",2455501,127.591070009745,0.0923857063624118,77.906708244061,10.3848461067619,9.23857063624119
2021-03-08,261153,456,216216,293,44937,163,239043,312,1604503,1581,1843546,1893,3,4021,9,8466,4153,8,"East TN",2455501,136.34692064878,0.0950309136707122,77.0922105101973,18.5705483320919,9.50309136707122
2021-03-09,261691,538,216497,281,45194,257,239361,318,1607078,2575,1846439,2893,6,4027,21,8487,4165,12,"East TN",2455501,133.007479939939,0.093720228644014,117.817097203381,21.909989040933,9.3720228644014
2021-03-10,262341,650,216961,464,45380,186,239867,506,1612547,5469,1852414,5975,7,4034,28,8515,4175,10,"East TN",2455501,140.012160451167,0.0943962766955673,243.331197991774,26.4711763505696,9.43962766955673
2021-03-11,262869,528,217297,336,45572,192,240230,363,1615885,3338,1856115,3701,5,4039,9,8524,4183,8,"East TN",2455501,136.713444629019,0.0960402363084784,150.722805651474,21.5027401740012,9.60402363084784
2021-03-12,263329,460,217662,365,45667,95,240646,416,1619230,3345,1859876,3761,5,4044,12,8536,4191,8,"East TN",2455501,136.34692064878,0.0996327831806626,153.166298853065,18.7334478788646,9.96327831806626
2021-03-13,263775,446,217877,215,45898,231,240924,278,1622869,3639,1863793,3917,2,4046,21,8557,4197,6,"East TN",2455501,135.736047348382,0.0987818567330478,159.519381177202,18.1632994651601,9.87818567330478
2021-03-14,264036,261,218052,175,45984,86,241135,211,1624710,1841,1865845,2052,0,4046,10,8567,4203,6,"East TN",2455501,135.980396668541,0.0993716931216931,83.5674674944136,10.629195426921,9.93716931216931
2021-03-15,264392,356,218237,185,46155,171,241350,215,1625905,1195,1867255,1410,4,4050,15,8582,4207,4,"East TN",2455501,131.907907999223,0.0973048209540681,57.4220902373894,14.4980596627735,9.73048209540681
2021-03-16,265091,699,218688,451,46403,248,241846,496,1629170,3265,1871016,3761,4,4054,36,8618,4208,1,"East TN",2455501,138.464614756826,0.1011107946454,153.166298853065,28.4666957985356,10.11107946454
2021-03-17,265517,426,219021,333,46496,93,242210,364,1632894,3724,1875104,4088,1,4055,16,8634,4217,9,"East TN",2455501,129.342240137552,0.103261348611723,166.483336801736,17.3488017312964,10.3261348611723
2021-03-18,266067,550,219370,349,46697,201,242595,385,1636182,3288,1878777,3673,6,4061,31,8665,4224,7,"East TN",2455501,130.238187644802,0.104359721119054,149.582508824065,22.3986876812512,10.4359721119054
2021-03-19,266859,792,219900,530,46959,262,243155,560,1641221,5039,1884376,5599,15,4076,25,8690,4230,6,"East TN",2455501,143.75885002694,0.102408163265306,228.018640595137,32.2541102610017,10.2408163265306
2021-03-20,267131,272,220065,165,47066,107,243349,194,1643341,2120,1886690,2314,1,4077,15,8705,4232,2,"East TN",2455501,136.672719742325,0.105909071057344,94.2373878080278,11.077169180546,10.5909071057344
2021-03-21,267412,281,220262,197,47150,84,243574,225,1645139,1798,1888713,2023,-17,4060,8,8713,4239,7,"East TN",2455501,137.487217476189,0.106655588595417,82.3864457803112,11.4436931607847,10.6655588595417
2021-03-22,267938,526,220603,341,47335,185,243930,356,1647226,2087,1891156,2443,14,4074,19,8732,4246,7,"East TN",2455501,144.41044821403,0.107945274256307,99.4908981914485,21.4212904006148,10.7945274256307
2021-03-23,268375,437,220851,248,47524,189,244195,265,1649681,2455,1893876,2720,11,4085,17,8749,4252,6,"East TN",2455501,133.740527900416,0.102755905511811,110.77169180546,17.7967754849214,10.2755905511811
2021-03-24,268973,598,221311,460,47662,138,244688,493,1654378,4697,1899066,5190,4,4089,26,8775,4258,6,"East TN",2455501,140.745208411644,0.103413738419164,211.362161937625,24.353482242524,10.3413738419164
2021-03-25,269372,399,221617,306,47755,93,245021,333,1657347,2969,1902368,3302,8,4097,23,8798,4262,4,"East TN",2455501,134.595750520973,0.102835827222246,134.473575860894,16.2492297905804,10.2835827222246
2021-03-26,269782,410,221940,323,47842,87,245366,345,1659978,2631,1905344,2976,7,4104,14,8812,4272,10,"East TN",2455501,119.038843804177,0.105446394505914,121.197262798916,16.6972035442054,10.5446394505914
2021-03-27,269986,204,222121,181,47865,23,245576,210,1662489,2511,1908065,2721,2,4106,13,8825,4283,11,"East TN",2455501,116.26955150904,0.104187134502924,110.812416692154,8.30787688540954,10.4187134502924
2021-03-28,270302,316,222340,219,47962,97,245821,245,1664563,2074,1910384,2319,5,4111,17,8842,4289,6,"East TN",2455501,117.694922543302,0.103686954916709,94.4410122414937,12.8690641950461,10.3686954916709
2021-03-29,270740,438,222576,236,48164,202,246074,253,1666417,1854,1912491,2107,18,4129,18,8860,4294,5,"East TN",2455501,114.111132514302,0.100492149050855,85.8073362625387,17.8375003716146,10.0492149050855
2021-03-30,271115,375,222834,258,48281,117,246396,322,1668893,2476,1915289,2798,5,4134,20,8880,4300,6,"East TN",2455501,111.586189539324,0.102788025965535,113.948232967529,15.271832509944,10.2788025965535
2021-03-31,271775,660,223275,441,48500,219,246883,487,1673707,4814,1920590,5301,4,4138,18,8898,4305,5,"East TN",2455501,114.111132514302,0.101979186024902,215.882624360568,26.8784252175014,10.1979186024902
2021-04-01,272225,450,223598,323,48627,127,247233,350,1676534,2827,1923767,3177,1,4139,18,8916,4313,8,"East TN",2455501,116.188101735654,0.103369316323193,129.382965024246,18.3261990119328,10.3369316323193
2021-04-02,272571,346,223829,231,48742,115,247483,250,1679553,3019,1927036,3269,0,4139,12,8928,4318,5,"East TN",2455501,113.58170898729,0.0975935828877005,133.129654600019,14.0908107958417,9.75935828877005
2021-04-03,272913,342,224079,250,48834,92,247757,274,1681905,2352,1929662,2626,0,4139,13,8941,4327,9,"East TN",2455501,119.20174335095,0.100986248090012,106.943552456301,13.9279112490689,10.0986248090012
2021-04-04,273084,171,224202,123,48882,48,247898,141,1683499,1594,1931397,1735,6,4145,8,8949,4331,4,"East TN",2455501,113.296634780438,0.0988435730262219,70.6576784126742,6.96395562453446,9.88435730262219
2021-04-05,273491,407,224437,235,49054,172,248121,223,1684718,1219,1932839,1442,6,4151,40,8989,4337,6,"East TN",2455501,112.034163292949,0.100599567525064,58.7252866115713,16.5750288841259,10.0599567525064
2021-04-06,273919,428,224686,249,49233,179,248397,276,1686802,2084,1935199,2360,3,4154,27,9016,4342,5,"East TN",2455501,114.192582287688,0.100502260170768,96.1107325959142,17.4302515046828,10.0502260170768
2021-04-07,274548,629,225147,461,49401,168,248904,507,1691493,4691,1940397,5198,5,4159,24,9040,4346,4,"East TN",2455501,112.930110800199,0.102034634220225,211.68796103117,25.6159537300127,10.2034634220225
2021-04-08,274953,405,225401,254,49552,151,249192,288,1694504,3011,1943696,3299,-1,4158,21,9061,4351,5,"East TN",2455501,111.097490899006,0.0982989613126599,134.351401200814,16.4935791107395,9.829896131266
2021-04-09,275471,518,225807,406,49664,112,249641,449,1698379,3875,1948020,4324,4,4162,31,9092,4354,3,"East TN",2455501,118.102171410234,0.102840259245139,176.094410061328,21.0954913070693,10.2840259245139
2021-04-10,275776,305,226023,216,49753,89,249889,248,1701159,2780,1951048,3028,1,4163,15,9107,4359,5,"East TN",2455501,116.595350602586,0.0996913868886187,123.314956906961,12.4210904414211,9.96913868886187
2021-04-11,276013,237,226187,164,49826,73,250063,174,1702870,1711,1952933,1885,2,4165,10,9117,4363,4,"East TN",2455501,119.283193124336,0.100529346210996,76.7664114166518,9.65179814628461,10.0529346210996
2021-04-12,276478,465,226510,323,49968,142,250393,330,1704632,1762,1955025,2092,3,4168,16,9133,4372,9,"East TN",2455501,121.645236552541,0.102406923284954,85.1964629621409,18.9370723123306,10.2406923284954
2021-04-13,276856,378,226750,240,50106,138,250643,250,1706689,2057,1957332,2307,3,4171,16,9149,4376,4,"East TN",2455501,119.608992217881,0.101477431889034,93.9523136011755,15.3940071700236,10.1477431889034
2021-04-14,277534,678,227250,500,50284,178,251199,556,1711509,4820,1962708,5376,0,4171,29,9178,4379,3,"East TN",2455501,121.604511665847,0.102864058087939,218.936990862557,27.6114731779788,10.2864058087939
2021-04-15,278076,542,227618,368,50458,174,251579,380,1714653,3144,1966232,3524,2,4173,24,9202,4384,5,"East TN",2455501,127.183821142814,0.105919417820376,143.51450070678,22.0728885877057,10.5919417820376
2021-04-16,279048,972,228507,889,50541,83,252685,1106,1722137,7484,1974822,8590,3,4176,32,9234,4387,3,"East TN",2455501,145.672919701519,0.11357361390941,349.82677669445,39.5845898657748,11.357361390941
2021-04-17,279250,202,228654,147,50596,55,252858,173,1724368,2231,1977226,2404,0,4176,10,9244,4388,1,"East TN",2455501,141.478256372121,0.113415845366338,97.9026276104143,8.22642711202317,11.3415845366338
2021-04-18,279469,219,228842,188,50627,31,253060,202,1726171,1803,1979231,2005,6,4182,8,9252,4397,9,"East TN",2455501,140.745208411644,0.113963039014374,81.6533978198339,8.9187501858073,11.3963039014374
2021-04-19,279796,327,229036,194,50760,133,253270,210,1727620,1449,1980890,1659,8,4190,15,9267,4404,7,"East TN",2455501,135.125174047985,0.111231393775372,67.5625870239923,13.3170379486712,11.1231393775372
2021-04-20,280149,353,229313,277,50836,76,253549,279,1730068,2448,1983617,2727,4,4194,20,9287,4408,4,"East TN",2455501,134.107051880655,0.110557352101959,111.056766012313,14.375885002694,11.0557352101959
2021-04-21,280662,513,229643,330,51019,183,253885,336,1733849,3781,1987734,4117,4,4198,15,9302,4414,6,"East TN",2455501,127.38744557628,0.107328378486374,167.664358515839,20.8918668736034,10.7328378486374
2021-04-22,281302,640,230040,397,51262,243,254331,446,1738101,4252,1992432,4698,3,4201,26,9328,4418,4,"East TN",2455501,131.378484472212,0.105038167938931,191.325517684578,26.0639274836378,10.5038167938931
2021-04-23,281685,383,230317,277,51368,106,254639,308,1741302,3201,1995941,3509,0,4201,11,9339,4423,5,"East TN",2455501,107.391526209926,0.0925233202329656,142.903627406383,15.5976316034895,9.25233202329656
2021-04-24,281945,260,230505,188,51440,72,254848,209,1744297,2995,1999145,3204,0,4201,19,9358,4430,7,"East TN",2455501,109.753569638131,0.0907888133582736,130.482536964962,10.5884705402278,9.07888133582737
2021-04-25,282143,198,230652,147,51491,51,255006,158,1745946,1649,2000952,1807,4,4205,17,9375,4435,5,"East TN",2455501,108.898347017574,0.0895907186593619,73.5898702545835,8.06352756525043,8.95907186593619
2021-04-26,282533,390,230900,248,51633,142,255257,251,1747918,1972,2003175,2223,6,4211,16,9391,4443,8,"East TN",2455501,111.464014879245,0.0891631142023783,90.531423118948,15.8827058103418,8.91631142023783
2021-04-27,282920,387,231102,202,51818,185,255476,219,1750281,2363,2005757,2582,3,4214,25,9416,4449,6,"East TN",2455501,112.848661026813,0.087037037037037,105.151657441801,15.7605311502622,8.7037037037037
2021-04-28,283406,486,231446,344,51960,142,255857,381,1754408,4127,2010265,4508,6,4220,23,9439,4457,8,"East TN",2455501,111.749089086097,0.0875238560205938,183.587789212873,19.7922949328874,8.75238560205938
2021-04-29,283798,392,231725,279,52073,113,256161,304,1757339,2931,2013500,3235,1,4221,22,9461,4462,5,"East TN",2455501,101.649317186187,0.0868615910385419,131.74500845245,15.9641555837281,8.68615910385419
2021-04-30,284168,370,231953,228,52215,142,256400,239,1760603,3264,2017003,3503,0,4221,18,9479,4467,5,"East TN",2455501,101.119893659176,0.0836102934194284,142.659278086224,15.0682080764781,8.36102934194284
2021-05-01,284403,235,232135,182,52268,53,256588,188,1763093,2490,2019681,2678,-1,4220,15,9494,4468,1,"East TN",2455501,100.101771491846,0.0847292559407869,109.061246564347,9.57034837289824,8.47292559407869
2021-05-02,284578,175,232263,128,52315,47,256721,133,1764570,1477,2021291,1610,1,4221,11,9505,4472,4,"East TN",2455501,99.165099097903,0.0843207630660308,65.5670675760262,7.1268551713072,8.43207630660308
2021-05-03,284791,213,232378,115,52413,98,256847,126,1766054,1484,2022901,1610,5,4226,17,9522,4476,4,"East TN",2455501,91.9567941532095,0.0806042786170536,65.5670675760262,8.67440086564819,8.06042786170536
2021-05-04,285110,319,232597,219,52513,100,257092,245,1768453,2399,2025545,2644,7,4233,12,9534,4484,8,"East TN",2455501,89.187501858073,0.0816656559531029,107.676600416778,12.9912388551257,8.16656559531029
2021-05-05,285574,464,232890,293,52684,171,257403,311,1772603,4150,2030006,4461,5,4238,22,9556,4489,5,"East TN",2455501,88.2915543508229,0.0783141684818398,181.673719538294,18.8963474256374,7.83141684818398
2021-05-06,285859,285,233086,196,52773,89,257634,231,1775039,2436,2032673,2667,4,4242,10,9566,4495,6,"East TN",2455501,83.9339914746522,0.0768267876701612,108.613272810722,11.6065927075574,7.68267876701612
2021-05-07,286224,365,233334,248,52890,117,257903,269,1778487,3448,2036390,3717,0,4242,15,9581,4500,5,"East TN",2455501,83.7303670411863,0.0775261773353278,151.374403838565,14.8645836430122,7.75261773353278
2021-05-08,286395,171,233437,103,52958,68,258017,114,1780381,1894,2038398,2008,0,4242,7,9588,4507,7,"East TN",2455501,81.1239742928225,0.0763477052946519,81.7755724799135,6.96395562453446,7.63477052946519
2021-05-09,286541,146,233552,115,52989,31,258149,132,1782092,1711,2040241,1843,3,4245,11,9599,4512,5,"East TN",2455501,79.9429525787202,0.0753562005277045,75.0559661755381,5.94583345720486,7.53562005277045
2021-05-10,286776,235,233688,136,53088,99,258294,145,1783608,1516,2041902,1661,7,4252,22,9621,4515,3,"East TN",2455501,80.8389000859702,0.0761538866375454,67.6440367973786,9.57034837289824,7.61538866375454
2021-05-11,287091,315,233916,228,53175,87,258538,244,1786285,2677,2044823,2921,1,4253,19,9640,4519,4,"East TN",2455501,80.6760005391975,0.0750077808901338,118.95739403079,12.828339308353,7.50077808901338
2021-05-12,287395,304,234133,217,53262,87,258789,251,1790349,4064,2049138,4315,3,4256,16,9656,4521,2,"East TN",2455501,74.1600186682881,0.0724440727576835,175.727886081089,12.3803655547279,7.24440727576835
2021-05-13,287605,210,234270,137,53335,73,258934,145,1793082,2733,2052016,2878,1,4257,9,9665,4526,5,"East TN",2455501,71.1056521662993,0.0672077754226335,117.206223902984,8.55222620556864,6.72077754226335
2021-05-14,287906,301,234489,219,53417,82,259182,248,1795767,2685,2054949,2933,1,4258,21,9686,4531,5,"East TN",2455501,68.4992594179355,0.0689153510426208,119.446092671109,12.2581908946484,6.89153510426208
2021-05-15,288014,108,234570,81,53444,27,259284,102,1797755,1988,2057039,2090,0,4258,6,9692,4535,4,"East TN",2455501,65.9335915562649,0.0679684566278633,85.1150131887546,4.39828776286387,6.79684566278633
2021-05-16,288114,100,234644,74,53470,26,259369,85,1799204,1449,2058573,1534,3,4261,4,9696,4539,4,"East TN",2455501,64.0602467683784,0.0665502945668776,62.4719761873443,4.0724886693184,6.65502945668776
2021-05-17,288312,198,234747,103,53565,95,259479,110,1800771,1567,2060250,1677,6,4267,10,9706,4546,7,"East TN",2455501,62.5534259607306,0.0645846958796599,68.2956349844696,8.06352756525043,6.45846958796599
2021-05-18,288523,211,234880,133,53643,78,259623,144,1803008,2237,2062631,2381,8,4275,23,9729,4552,6,"East TN",2455501,58.3180377446395,0.0609276729559748,96.9659552164711,8.59295109226182,6.09276729559748
2021-05-19,288741,218,235045,165,53696,53,259790,167,1806277,3269,2066067,3436,1,4276,21,9750,4555,3,"East TN",2455501,54.8156974890257,0.0591293047433398,139.93071067778,8.87802529911411,5.91293047433398
2021-05-20,288917,176,235178,133,53739,43,259944,154,1820445,14168,2080389,14322,3,4279,7,9757,4560,5,"East TN",2455501,53.4310513414574,0.035597222711733,583.261827219781,7.16758005800038,3.5597222711733
2021-05-21,289080,163,235285,107,53795,56,260064,120,1822723,2278,2082787,2398,0,4279,10,9767,4563,3,"East TN",2455501,47.811016977798,0.0316833105826568,97.6582782902552,6.63815653098899,3.16833105826568
2021-05-22,289150,70,235332,47,53818,23,260125,61,1824309,1586,2084434,1647,0,4279,12,9779,4564,1,"East TN",2455501,46.263471283457,0.0306990326701953,67.073888383674,2.85074206852288,3.06990326701953
2021-05-23,289224,74,235383,51,53841,23,260186,61,1825374,1065,2085560,1126,3,4282,5,9784,4566,2,"East TN",2455501,45.2046242294342,0.0302738355504502,45.8562224165252,3.01364161529562,3.02738355504502
2021-05-24,289384,160,235494,111,53890,49,260312,126,1827298,1924,2087610,2050,0,4282,7,9791,4570,4,"East TN",2455501,43.6570785350932,0.0304459064327485,83.4860177210272,6.51598187090944,3.04459064327485
2021-05-25,289528,144,235590,96,53938,48,260399,87,1829025,1727,2089424,1814,0,4282,9,9800,4576,6,"East TN",2455501,40.9285111266499,0.0289627887881163,73.8749444614358,5.8643836838185,2.89627887881163
2021-05-26,289714,186,235732,142,53982,44,260564,165,1831908,2883,2092472,3048,7,4289,14,9814,4581,5,"East TN",2455501,39.625314752468,0.0293126301836773,124.129454640825,7.57482892493222,2.93126301836773
2021-05-27,289837,123,235807,75,54030,48,260702,138,1834880,2972,2095582,3110,4,4293,11,9825,4585,4,"East TN",2455501,37.4668957577293,0.0498913973540446,126.654397615802,5.00916106326163,4.98913973540446
2021-05-28,289953,116,235897,90,54056,26,260800,98,1836992,2112,2097792,2210,0,4293,9,9834,4588,3,"East TN",2455501,35.5528260831496,0.0490503165611463,90.0019995919366,4.72408685640934,4.90503165611463
2021-05-29,290004,51,235929,32,54075,19,260837,37,1838068,1076,2098905,1113,0,4293,7,9841,4591,3,"East TN",2455501,34.7790532359791,0.0492018519798217,45.3267988895138,2.07696922135238,4.92018519798217
2021-05-30,290059,55,235969,40,54090,15,260883,46,1839155,1087,2100038,1133,0,4293,7,9848,4596,5,"East TN",2455501,34.0052803888086,0.0481420085647189,46.1412966233775,2.23986876812512,4.81420085647189
2021-05-31,290139,80,236035,66,54104,14,260954,71,1840582,1427,2101536,1498,6,4299,4,9852,4601,5,"East TN",2455501,30.7472894533539,0.046100818612667,61.0058802663896,3.25799093545472,4.6100818612667
2021-06-01,290270,131,236129,94,54141,37,261048,94,1841897,1315,2102945,1409,3,4302,11,9863,4604,3,"East TN",2455501,30.2178659263425,0.0479994083277864,57.3813653506963,5.3349601568071,4.79994083277864
2021-06-02,290389,119,236200,71,54189,48,261121,73,1843876,1979,2104997,2052,1,4303,9,9872,4608,4,"East TN",2455501,27.4892985178992,0.0444710578842315,83.5674674944136,4.8462615164889,4.44710578842315
2021-06-03,290476,87,236255,55,54221,32,261240,119,1847041,3165,2108281,3284,1,4304,7,9879,4613,5,"East TN",2455501,26.0232025969446,0.0423655405937475,133.740527900416,3.54306514230701,4.23655405937475
2021-06-04,290567,91,236314,59,54253,32,261318,78,1849193,2152,2110511,2230,0,4304,7,9886,4613,0,"East TN",2455501,25.005080429615,0.0407264722069345,90.8164973258003,3.70596468907974,4.07264722069345
2021-06-05,290608,41,236340,26,54268,15,261348,30,1850576,1383,2111924,1413,-1,4303,2,9888,4618,5,"East TN",2455501,24.5978315626831,0.0392503264459636,57.544264897469,1.66972035442054,3.92503264459636
2021-06-06,290634,26,236356,16,54278,10,261367,19,1851492,916,2112859,935,-1,4302,2,9890,4621,3,"East TN",2455501,23.4168098485808,0.0377505654785118,38.077769058127,1.05884705402278,3.77505654785118
2021-06-07,290707,73,236391,35,54316,38,261419,52,1852762,1270,2114181,1322,3,4305,10,9900,4623,2,"East TN",2455501,23.1317356417285,0.036773428232503,53.8383002083892,2.97291672860243,3.6773428232503
2021-06-08,290794,87,236458,67,54336,20,261489,70,1854240,1478,2115729,1548,3,4308,4,9904,4626,3,"East TN",2455501,21.3398406272284,0.0344962453066333,63.0421246010488,3.54306514230701,3.44962453066333
2021-06-09,290842,48,236496,38,54346,10,261543,54,1856969,2729,2118512,2783,0,4308,3,9907,4629,3,"East TN",2455501,18.4483736720124,0.0312245652978172,113.337359667131,1.95479456127283,3.12245652978172
2021-06-10,290917,75,236553,57,54364,18,261609,66,1858754,1785,2120363,1851,4,4312,4,9911,4632,3,"East TN",2455501,17.9596750316941,0.0305413011090879,75.3817652690836,3.0543665019888,3.05413011090879
2021-06-11,290987,70,236599,46,54388,24,261664,55,1860239,1485,2121903,1540,2,4314,4,9915,4633,1,"East TN",2455501,17.1044524111373,0.030372191011236,62.7163255075034,2.85074206852288,3.0372191011236
2021-06-12,291016,29,236621,22,54395,7,261695,31,1861432,1193,2123127,1224,3,4317,1,9916,4636,3,"East TN",2455501,16.6157537708191,0.030973846291172,49.8472613124572,1.18102171410234,3.0973846291172
2021-06-13,291035,19,236635,14,54400,5,261716,21,1862275,843,2123991,864,1,4318,1,9917,4637,1,"East TN",2455501,16.3306795639668,0.0313510600071865,35.186302102911,0.773772847170496,3.13510600071865
2021-06-14,291088,53,236668,33,54420,20,261757,41,1863527,1252,2125284,1293,3,4321,3,9920,4639,2,"East TN",2455501,15.5161818301031,0.0304422228226605,52.6572784942869,2.15841899473875,3.04422228226605
2021-06-15,291176,88,236737,69,54439,19,261845,88,1865409,1882,2127254,1970,0,4321,4,9924,4643,4,"East TN",2455501,15.5569067167963,0.0308893709327549,80.2280267855725,3.58379002900019,3.08893709327549
2021-06-16,291244,68,236778,41,54466,27,261883,38,1867314,1905,2129197,1943,2,4323,8,9932,4646,3,"East TN",2455501,16.37140445066,0.0318203088441741,79.1284548448565,2.76929229513651,3.18203088441741
2021-06-17,291295,51,236816,38,54479,13,261929,46,1869665,2351,2131594,2397,1,4324,1,9933,4650,4,"East TN",2455501,15.3940071700236,0.0284925652212626,97.617553403562,2.07696922135238,2.84925652212626
2021-06-18,291357,62,236867,51,54490,11,261984,55,1871393,1728,2133377,1783,2,4326,4,9937,4652,2,"East TN",2455501,15.0682080764781,0.0278891406658532,72.6124729739471,2.52494297497741,2.78891406658532
2021-06-19,291385,28,236884,17,54501,11,262002,18,1872543,1150,2134545,1168,0,4326,5,9942,4654,2,"East TN",2455501,15.0274831897849,0.0268873708180067,47.5666676576389,1.14029682740915,2.68873708180067
2021-06-20,291410,25,236905,21,54505,4,262019,17,1873296,753,2135315,770,3,4329,2,9944,4657,3,"East TN",2455501,15.271832509944,0.0267573295655246,31.3581627537517,1.0181221673296,2.67573295655246
2021-06-21,291477,67,236945,40,54532,27,262071,52,1874567,1271,2136638,1323,6,4335,2,9946,4659,2,"East TN",2455501,15.8419809236486,0.027655451823146,53.8790250950824,2.72856740844333,2.7655451823146
2021-06-22,291570,93,236991,46,54579,47,262122,51,1875994,1427,2138116,1478,5,4340,7,9953,4663,4,"East TN",2455501,16.0456053571145,0.0255017492174553,60.1913825325259,3.78741446246611,2.55017492174554
2021-06-23,291639,69,237039,48,54600,21,262177,55,1877783,1789,2139960,1844,2,4342,5,9958,4667,4,"East TN",2455501,16.0863302438077,0.0273158041438261,75.0966910622313,2.8100171818297,2.73158041438261
2021-06-24,291722,83,237091,52,54631,31,262239,62,1879626,1843,2141865,1905,3,4345,6,9964,4668,1,"East TN",2455501,17.3895266179896,0.0301820660110992,77.5809091505155,3.38016559553427,3.01820660110992
2021-06-25,291801,79,237147,56,54654,23,262308,69,1881430,1804,2143738,1873,0,4345,3,9967,4670,2,"East TN",2455501,18.0818496917737,0.0312711128269472,76.2777127763336,3.21726604876154,3.12711128269472
2021-06-26,291836,35,237165,18,54671,17,262329,21,1882614,1184,2144943,1205,0,4345,2,9969,4672,2,"East TN",2455501,18.366923898626,0.0314483554529717,49.0734884652867,1.42537103426144,3.14483554529717
2021-06-27,291865,29,237185,20,54680,9,262353,24,1883328,714,2145681,738,2,4347,3,9972,4674,2,"East TN",2455501,18.5298234453987,0.0322207215898129,30.0549663795698,1.18102171410234,3.22207215898129
2021-06-28,291909,44,237209,24,54700,20,262378,25,1883880,552,2146258,577,4,4351,3,9975,4674,0,"East TN",2455501,17.5931510514555,0.0319126819126819,23.4982596219672,1.7918950145001,3.19126819126819
2021-06-29,292039,130,237294,85,54745,45,262473,95,1885892,2012,2148365,2107,0,4351,7,9982,4677,3,"East TN",2455501,19.0999718591033,0.0342472436335252,85.8073362625387,5.29423527011392,3.42472436335252
2021-06-30,292124,85,237357,63,54767,22,262548,75,1887536,1644,2150084,1719,3,4354,4,9986,4677,0,"East TN",2455501,19.7515700461942,0.0366455946266298,70.0060802255833,3.46161536892064,3.66455946266298
2021-07-01,292230,106,237410,53,54820,53,262613,65,1890088,2552,2152701,2617,1,4355,2,9988,4680,3,"East TN",2455501,20.6882424401375,0.0345145810262089,106.577028476063,4.3168379894775,3.45145810262089
2021-07-02,292312,82,237473,63,54839,19,262687,74,1891770,1682,2154457,1756,0,4355,3,9991,4682,2,"East TN",2455501,20.810417100217,0.0353577759119321,71.5129010332311,3.33944070884109,3.53577759119321
2021-07-03,292360,48,237509,36,54851,12,262727,40,1892856,1086,2155583,1126,1,4356,3,9994,4685,3,"East TN",2455501,21.3398406272284,0.037406015037594,45.8562224165252,1.95479456127283,3.7406015037594
2021-07-04,292387,27,237530,21,54857,6,262752,25,1893556,700,2156308,725,0,4356,1,9995,4686,1,"East TN",2455501,21.258390853842,0.0375458737178884,29.5255428525584,1.09957194071597,3.75458737178884
2021-07-05,292430,43,237554,24,54876,19,262777,25,1894038,482,2156815,507,0,4356,2,9997,4687,1,"East TN",2455501,21.2176659671489,0.037794828076158,20.6475175534443,1.75117012780691,3.7794828076158
2021-07-06,292592,162,237658,104,54934,58,262888,111,1895363,1325,2158251,1436,5,4361,6,10003,4687,0,"East TN",2455501,22.5208623413308,0.0419785555330771,58.4809372914122,6.59743164429581,4.19785555330771
2021-07-07,292735,143,237740,82,54995,61,262976,88,1896820,1457,2159796,1545,4,4365,6,10009,4689,2,"East TN",2455501,24.8829057695354,0.0440691927512356,62.9199499409693,5.82365879712531,4.40691927512356
2021-07-08,292875,140,237842,102,55033,38,263093,117,1898674,1854,2161767,1971,2,4367,3,10012,4691,2,"East TN",2455501,26.2675519171037,0.0529450694904037,80.2687516722657,5.70148413704576,5.29450694904037
2021-07-09,293039,164,237964,122,55075,42,263224,131,1900418,1744,2163642,1875,0,4367,4,10016,4693,2,"East TN",2455501,29.6069926259448,0.0584648884050082,76.35916254972,6.67888141768218,5.84648884050082
2021-07-10,293142,103,238036,72,55106,31,263297,73,1901475,1057,2164772,1130,0,4367,12,10028,4694,1,"East TN",2455501,31.8468613940699,0.0620306888671237,46.0191219632979,4.19466332939795,6.20306888671237
2021-07-11,293190,48,238071,35,55119,13,263340,43,1902231,756,2165571,799,2,4369,7,10035,4694,0,"East TN",2455501,32.7020840146267,0.0634783547446831,32.539184467854,1.95479456127283,6.34783547446832
2021-07-12,293363,173,238188,117,55175,56,263465,125,1903597,1366,2167062,1491,1,4370,14,10049,4695,1,"East TN",2455501,37.9963192847407,0.0671416024202205,60.7208060595373,7.04540539792083,6.71416024202205
2021-07-13,293577,214,238325,137,55252,77,263610,145,1905218,1621,2168828,1766,4,4374,17,10066,4699,4,"East TN",2455501,40.1140133927862,0.0682613217358419,71.9201499001629,8.71512575234138,6.82613217358419
2021-07-14,293750,173,238461,136,55289,37,263752,142,1906779,1561,2170531,1703,0,4374,12,10078,4700,1,"East TN",2455501,41.3357599935818,0.072286911970191,69.3544820384923,7.04540539792083,7.2286911970191
2021-07-15,293970,220,238611,150,55359,70,263919,167,1908580,1801,2172499,1968,0,4374,15,10093,4700,0,"East TN",2455501,44.5937509290365,0.0769660827431979,80.1465770121861,8.95947507250048,7.69660827431979
2021-07-16,294200,230,238753,142,55447,88,264073,154,1910109,1529,2174182,1683,0,4374,10,10103,4704,4,"East TN",2455501,47.2815934507866,0.080550284629981,68.5399843046287,9.36672393943232,8.0550284629981
2021-07-17,294344,144,238853,100,55491,44,264183,110,1911327,1218,2175510,1328,0,4374,5,10108,4706,2,"East TN",2455501,48.9513138052072,0.0825107096293537,54.0826495285484,5.8643836838185,8.25107096293537
2021-07-18,294488,144,238974,121,55514,23,264315,132,1912451,1124,2176766,1256,0,4374,6,10114,4708,2,"East TN",2455501,52.8609029277528,0.0870924519874944,51.1504576866391,5.8643836838185,8.70924519874944
2021-07-19,294791,303,239185,211,55606,92,264530,215,1914141,1690,2178671,1905,2,4376,14,10128,4709,1,"East TN",2455501,58.1551381978667,0.0917391678869842,77.5809091505155,12.3396406680348,9.17391678869842
2021-07-20,295147,356,239422,237,55725,119,264783,253,1915801,1660,2180584,1913,2,4378,22,10150,4711,2,"East TN",2455501,63.9380721082989,0.0997788363388908,77.906708244061,14.4980596627735,9.97788363388908
2021-07-21,295549,402,239716,294,55833,108,265092,309,1917917,2116,2183009,2425,3,4381,28,10178,4715,4,"East TN",2455501,73.264071161038,0.107389004648181,98.7578502309712,16.37140445066,10.7389004648181
2021-07-22,296024,475,240050,334,55974,141,265460,368,1920285,2368,2185745,2736,5,4386,21,10199,4718,3,"East TN",2455501,83.6489172677999,0.11633700739846,111.423289992551,19.3443211792624,11.633700739846
2021-07-23,296484,460,240369,319,56115,141,265793,333,1922188,1903,2187981,2236,1,4387,28,10227,4724,6,"East TN",2455501,93.0156412072322,0.124646713529966,91.0608466459594,18.7334478788646,12.4646713529966
2021-07-24,296841,357,240618,249,56223,108,266058,265,1923939,1751,2189997,2016,0,4387,21,10248,4728,4,"East TN",2455501,101.69004207288,0.129426382273763,82.101371573459,14.5387845494667,12.9426382273763
2021-07-25,297069,228,240808,190,56261,38,266261,203,1925254,1315,2191515,1518,3,4390,17,10265,4733,5,"East TN",2455501,105.110932555108,0.131941148552444,61.8203780002533,9.28527416604595,13.1941148552444
2021-07-26,297736,667,241271,463,56465,204,266746,485,1926983,1729,2193729,2214,10,4400,36,10301,4737,4,"East TN",2455501,119.934791311427,0.147164298047549,90.1648991387094,27.1634994243537,14.7164298047549
2021-07-27,298462,726,241760,489,56702,237,267261,515,1929304,2321,2196565,2836,2,4402,28,10329,4743,6,"East TN",2455501,135.002999387905,0.155059132720105,115.49577866187,29.5662677392516,15.5059132720105
2021-07-28,299279,817,242308,548,56971,269,267875,614,1932170,2866,2200045,3480,2,4404,37,10366,4746,3,"East TN",2455501,151.903827365576,0.163359943648744,141.72260569228,33.2722324283313,16.3359943648744
2021-07-29,299968,689,242766,458,57202,231,268372,497,1934598,2428,2202970,2925,3,4407,24,10390,4750,4,"East TN",2455501,160.618953117918,0.169056603773585,119.120293577563,28.0594469316038,16.9056603773585
2021-07-30,300965,997,243514,748,57451,249,269175,803,1936401,1803,2205576,2606,4,4411,41,10431,4755,5,"East TN",2455501,182.488217272157,0.192213697073032,106.129054722438,40.6027120331044,19.2213697073032
2021-07-31,301500,535,243879,365,57621,170,269571,396,1938370,1969,2207941,2365,2,4413,32,10463,4765,10,"East TN",2455501,189.737247103544,0.195775746767722,96.3143570293801,21.7878143808534,19.5775746767722
2021-08-01,302030,530,244299,420,57731,110,270032,461,1940508,2138,2210540,2599,3,4416,28,10491,4769,4,"East TN",2455501,202.036162884886,0.198212877792378,105.843980515585,21.5841899473875,19.8212877792378
2021-08-02,302881,851,244838,539,58043,312,270569,537,1942843,2335,2213412,2872,9,4425,33,10524,4778,9,"East TN",2455501,209.529542036432,0.194228522074887,116.961874582824,34.6568785758996,19.4228522074887
2021-08-03,304219,1338,245807,969,58412,369,271585,1016,1946617,3774,2218202,4790,4,4429,40,10564,4788,10,"East TN",2455501,234.45317269266,0.19984286176457,195.072207260351,54.4898983954802,19.984286176457
2021-08-04,305306,1087,246642,835,58664,252,272471,886,1950236,3619,2222707,4505,8,4437,40,10604,4794,6,"East TN",2455501,245.44889209982,0.202806460153561,183.465614552794,44.267951835491,20.2806460153561
2021-08-05,306486,1180,247535,893,58951,287,273424,953,1954200,3964,2227624,4917,10,4447,43,10647,4801,7,"East TN",2455501,265.444811466173,0.204916037965442,200.244267870386,48.0553662979571,20.4916037965442
2021-08-06,307824,1338,248522,987,59302,351,274507,1083,1958828,4628,2233335,5711,3,4450,52,10699,4814,13,"East TN",2455501,279.331997828549,0.192081847328794,232.579827904774,54.4898983954802,19.2081847328794
2021-08-07,308548,724,249047,525,59501,199,275090,583,1961830,3002,2236920,3585,0,4450,28,10727,4823,9,"East TN",2455501,287.029001413561,0.19044825563339,145.998718795065,29.4848179658652,19.044825563339
2021-08-08,309185,637,249499,452,59686,185,275615,525,1963946,2116,2239561,2641,5,4455,30,10757,4833,10,"East TN",2455501,291.386564289731,0.192377933220771,107.554425756699,25.9417528235582,19.2377933220771
2021-08-09,310554,1369,250460,961,60094,408,276621,1006,1967483,3537,2244104,4543,13,4468,66,10823,4845,12,"East TN",2455501,312.482055596801,0.197184934184804,185.013160247135,55.7523698829689,19.7184934184804
2021-08-10,311879,1325,251310,850,60569,475,277538,917,1970734,3251,2248272,4168,6,4474,49,10872,4859,14,"East TN",2455501,311.952632069789,0.197971400066511,169.741327737191,53.9604748684688,19.7971400066511
2021-08-11,313767,1888,252623,1313,61144,575,278922,1384,1976089,5355,2255011,6739,8,4482,63,10935,4879,20,"East TN",2455501,344.57326631103,0.199696631996038,274.445011425367,76.8885860767314,19.9696631996038
2021-08-12,315228,1461,253690,1067,61538,394,280082,1160,1980569,4480,2260651,5640,10,4492,45,10980,4893,14,"East TN",2455501,356.016959471815,0.201592636327853,229.688360949558,59.4990594587418,20.1592636327853
2021-08-13,316873,1645,254812,1122,62061,523,281255,1173,1985988,5419,2267243,6592,11,4503,30,11010,4917,24,"East TN",2455501,368.519499686622,0.199009083402147,268.458453081469,66.9924386102877,19.9009083402147
2021-08-14,318403,1530,255901,1089,62502,441,282455,1200,1991459,5471,2273914,6671,1,4504,27,11037,4931,14,"East TN",2455501,401.343758361328,0.199086338325134,271.67571913023,62.3090766405715,19.9086338325134
2021-08-15,319547,1144,256868,967,62679,177,283514,1059,1995266,3807,2278780,4866,11,4515,21,11058,4944,13,"East TN",2455501,421.991275914773,0.20140748106785,198.167298649033,46.5892703770025,20.140748106785
2021-08-16,320983,1436,257787,919,63196,517,284476,962,1998325,3059,2282801,4021,17,4532,27,11085,4962,18,"East TN",2455501,424.719843323216,0.202987311677908,163.754769393293,58.4809372914122,20.2987311677908
2021-08-17,322718,1735,259001,1214,63717,521,285796,1320,2003184,4859,2288980,6179,10,4542,25,11110,4979,17,"East TN",2455501,441.417046867421,0.202859388817923,251.639074877184,70.6576784126742,20.2859388817923
2021-08-18,324808,2090,260393,1392,64415,698,287274,1478,2008604,5420,2295878,6898,13,4555,32,11142,4994,15,"East TN",2455501,449.643473979445,0.204370274304451,280.920268409583,85.1150131887546,20.4370274304451
2021-08-19,327198,2390,261894,1501,65304,889,288848,1574,2018556,9952,2307404,11526,23,4578,43,11185,5016,22,"East TN",2455501,487.476893717412,0.187495989562167,469.395044025639,97.3324791967098,18.7495989562167
2021-08-20,329652,2454,263873,1979,65779,475,290959,2111,2025447,6891,2316406,9002,4,4582,37,11222,5049,33,"East TN",2455501,520.423327052198,0.197384211703924,366.605430012042,99.9388719450735,19.7384211703924
2021-08-21,332580,2928,265851,1978,66729,950,293077,2118,2034372,8925,2327449,11043,0,4582,57,11279,5073,24,"East TN",2455501,577.35671864927,0.198412253665826,449.724923752831,119.242468237643,19.8412253665826
2021-08-22,334061,1481,267190,1339,66871,142,294594,1517,2039883,5511,2334477,7028,7,4589,17,11296,5092,19,"East TN",2455501,591.081005464873,0.198933515270122,286.214503679697,60.3135571926055,19.8933515270122
2021-08-23,336008,1947,268319,1129,67689,818,295780,1186,2043849,3966,2339629,5152,17,4606,37,11333,5113,21,"East TN",2455501,611.89142256509,0.198916027310481,209.814616243284,79.2913543916292,19.8916027310481
2021-08-24,337987,1979,269711,1392,68276,587,297213,1433,2047628,3779,2344841,5212,15,4621,25,11358,5151,38,"East TN",2455501,621.828294918226,0.204382306081166,212.258109444875,80.5945507658111,20.4382306081166
2021-08-25,340208,2221,270922,1211,69286,1010,298455,1242,2051663,4035,2350118,5277,17,4638,39,11397,5189,38,"East TN",2455501,627.163255075034,0.206139380530973,214.905227079932,90.4499733455617,20.6139380530973
2021-08-26,342861,2653,272757,1835,70104,818,300410,1955,2058508,6845,2358918,8800,24,4662,40,11437,5219,30,"East TN",2455501,637.873900275341,0.224443840509376,358.379002900019,108.043124397017,22.4443840509376
2021-08-27,345869,3008,275035,2278,70834,730,302783,2373,2065580,7072,2368363,9445,19,4681,44,11481,5240,21,"East TN",2455501,660.435487503365,0.227572800585099,384.646554817123,122.500459173097,22.7572800585099
2021-08-28,348011,2142,276575,1540,71436,602,304456,1673,2071446,5866,2375902,7539,1,4682,33,11514,5275,35,"East TN",2455501,628.425726562522,0.234846139557922,307.024920779914,87.2327072968001,23.4846139557922
2021-08-29,350345,2334,278403,1828,71942,506,306478,2022,2078439,6993,2384917,9015,9,4691,45,11559,5306,31,"East TN",2455501,663.164054911808,0.235606661379857,367.134853539054,95.0518855418915,23.5606661379857
2021-08-30,353585,3240,280818,2415,72767,825,309084,2606,2087479,9040,2396563,11646,21,4712,71,11630,5346,40,"East TN",2455501,715.821333406095,0.23367407875786,474.282030428821,131.948632885916,23.367407875786
2021-08-31,357170,3585,283227,2409,73943,1176,311691,2607,2096064,8585,2407755,11192,7,4719,80,11710,5381,35,"East TN",2455501,781.225501435349,0.230123660870395,455.792931870115,145.998718795065,23.0123660870395
2021-09-01,358602,1432,284180,953,74422,479,312677,986,2098346,2282,2411023,3268,14,4733,32,11742,5423,42,"East TN",2455501,749.093565834426,0.233511205976521,133.088929713325,58.3180377446395,23.3511205976521
2021-09-02,360916,2314,285675,1495,75241,819,314193,1516,2102603,4257,2416796,5773,19,4752,44,11786,5453,30,"East TN",2455501,735.287829245437,0.238138843774837,235.104770879751,94.2373878080278,23.8138843774837
2021-09-03,362669,1753,286900,1225,75769,528,315486,1293,2106708,4105,2422194,5398,17,4769,32,11818,5482,29,"East TN",2455501,684.178096445491,0.235979268451264,219.832938369807,71.3907263731516,23.5979268451264
2021-09-04,365925,3256,289240,2340,76685,916,318059,2573,2114753,8045,2432812,10618,3,4772,56,11874,5513,31,"East TN",2455501,729.545620221698,0.239026533122474,432.416846908228,132.600231073007,23.9026533122474
2021-09-05,370376,4451,292493,3253,77883,1198,321545,3486,2127262,12509,2448807,15995,8,4780,58,11932,5568,55,"East TN",2455501,815.760205351169,0.235827203005165,651.394562657478,181.266470671362,23.5827203005165
2021-09-06,375282,4906,296428,3935,78854,971,325835,4290,2142895,15633,2468730,19923,11,4791,102,12034,5605,37,"East TN",2455501,883.607866582013,0.232114401319162,811.361917588305,199.796294116761,23.2114401319162
2021-09-07,377359,2077,297886,1458,79473,619,327353,1518,2147320,4425,2474673,5943,34,4825,64,12098,5637,32,"East TN",2455501,822.194737448692,0.234047640395708,242.028001617593,84.5855896617432,23.4047640395708
2021-09-08,379036,1677,299062,1176,79974,501,328614,1261,2151697,4377,2480311,5638,19,4844,60,12158,5678,41,"East TN",2455501,832.172334688522,0.230010968710311,229.606911176171,68.2956349844696,23.0010968710311
2021-09-09,380945,1909,300068,1006,80877,903,329691,1077,2155362,3665,2485053,4742,8,4852,55,12213,5718,40,"East TN",2455501,815.678755577782,0.227053635524562,193.117412699079,77.7438086972883,22.7053635524562
2021-09-10,386431,5486,303906,3838,82525,1648,333826,4135,2167464,12102,2501290,16237,23,4875,144,12357,5754,36,"East TN",2455501,967.704757603438,0.231870132497219,661.249985237229,223.416728398807,23.1870132497219
2021-09-11,390709,4278,307010,3104,83699,1174,337140,3314,2179282,11818,2516422,15132,8,4883,119,12476,5798,44,"East TN",2455501,1009.32559180387,0.228214328429614,616.24898544126,174.221065273441,22.8214328429614
2021-09-12,392285,1576,308431,1421,83854,155,338693,1553,2184522,5240,2523215,6793,23,4906,50,12526,5842,44,"East TN",2455501,892.241542560968,0.230459090420385,276.644155306799,64.182421428458,23.0459090420385
2021-09-13,394632,2347,309879,1448,84753,899,340194,1501,2189645,5123,2529839,6624,63,4969,84,12610,5892,50,"East TN",2455501,788.02655751311,0.234973571814299,269.761649455651,95.5813090689028,23.4973571814299
2021-09-14,397441,2809,311832,1953,85609,856,342268,2074,2195865,6220,2538133,8294,43,5012,63,12673,5936,44,"East TN",2455501,817.837174572521,0.23502994011976,337.772210233268,114.396206721154,23.502994011976
2021-09-15,399233,1792,313029,1197,86204,595,343484,1216,2199640,3775,2543124,4991,23,5035,36,12709,5975,39,"East TN",2455501,822.520536542237,0.236734433954755,203.257909485681,72.9789969541857,23.6734433954755
2021-09-16,401873,2640,314882,1853,86991,787,345441,1957,2206297,6657,2551738,8614,23,5058,65,12774,6012,37,"East TN",2455501,852.290428714955,0.236185049111494,350.804173975087,107.513700870006,23.6185049111494
2021-09-17,404547,2674,316753,1871,87794,803,347443,2002,2213499,7202,2560942,9204,23,5081,82,12856,6067,55,"East TN",2455501,737.772047333721,0.228273989136995,374.831857124065,108.898347017574,22.8273989136995
2021-09-18,405994,1447,317926,1173,88068,274,348777,1334,2218971,5472,2567748,6806,3,5084,39,12895,6125,58,"East TN",2455501,622.479893105317,0.226727194794061,277.17357883381,58.9289110450372,22.6727194794061
2021-09-19,406637,643,318372,446,88265,197,349290,513,2221048,2077,2570338,2590,17,5101,25,12920,6168,43,"East TN",2455501,584.483573820577,0.22487957048575,105.477456535347,26.1861021437173,22.487957048575
2021-09-20,408615,1978,319626,1254,88989,724,350660,1370,2226684,5636,2577344,7006,48,5149,70,12990,6212,44,"East TN",2455501,569.456090630792,0.220313651194611,285.318556172447,80.553825879118,22.0313651194611
2021-09-21,410483,1868,320727,1101,89756,767,351796,1136,2230988,4304,2582784,5440,31,5180,61,13051,6259,47,"East TN",2455501,531.133972252506,0.213388277978097,221.543383610921,76.0740883428677,21.3388277978097
2021-09-22,412074,1591,321843,1116,90231,475,353016,1220,2236344,5356,2589360,6576,14,5194,45,13096,6299,40,"East TN",2455501,522.948270027176,0.206159702396401,267.806854894378,64.7932947288557,20.6159702396401
2021-09-23,414418,2344,323348,1505,91070,839,354679,1663,2242700,6356,2597379,8019,32,5226,59,13155,6337,38,"East TN",2455501,510.893703565993,0.202405731688613,326.572866392642,95.4591344088233,20.2405731688613
2021-09-24,415954,1536,324328,980,91626,556,355776,1097,2247579,4879,2603355,5976,37,5263,40,13195,6386,49,"East TN",2455501,464.54878250915,0.196472779572301,243.371922878468,62.5534259607306,19.6472779572301
2021-09-25,416651,697,324817,489,91834,208,356338,562,2250600,3021,2606938,3583,2,5265,21,13216,6428,42,"East TN",2455501,434.005117489262,0.192931870375096,145.917269021678,28.3852460251492,19.2931870375096
2021-09-26,417511,860,325445,628,92066,232,357061,723,2254575,3975,2611636,4698,6,5271,26,13242,6464,36,"East TN",2455501,442.842417901683,0.188168918591699,191.325517684578,35.0234025561382,18.8168918591699
2021-09-27,418968,1457,326275,830,92693,627,357983,922,2258166,3591,2616149,4513,46,5317,45,13287,6497,33,"East TN",2455501,421.624751934534,0.188712794742945,183.791413646339,59.3361599119691,18.8712794742945
2021-09-28,420255,1287,327059,784,93196,503,358836,853,2261826,3660,2620662,4513,14,5331,34,13321,6533,36,"East TN",2455501,397.963592765794,0.18585986588521,183.791413646339,52.4129291741278,18.585986588521
2021-09-29,421929,1674,328066,1007,93863,667,359971,1135,2267323,5497,2627294,6632,30,5361,50,13371,6578,45,"East TN",2455501,401.343758361328,0.183344756682659,270.087448549196,68.17346032439,18.3344756682659
2021-09-30,423138,1209,328827,761,94311,448,360791,820,2271994,4671,2632785,5491,11,5372,40,13411,6613,35,"East TN",2455501,355.121011964564,0.172626108569169,223.620352832273,49.2363880120595,17.2626108569169
2021-10-01,424506,1368,329799,972,94707,396,361865,1074,2276967,4973,2638832,6047,14,5386,47,13458,6642,29,"East TN",2455501,348.27923100011,0.171632325168419,246.263389833684,55.7116449962757,17.1632325168419
2021-10-02,425059,553,330150,351,94909,202,362260,395,2279636,2669,2641896,3064,11,5397,19,13477,6680,38,"East TN",2455501,342.414847316291,0.169403283940729,124.781052827916,22.5208623413308,16.9403283940729
2021-10-03,425598,539,330616,466,94982,73,362784,524,2282727,3091,2645511,3615,13,5410,15,13492,6713,33,"East TN",2455501,329.342158687779,0.168944649446494,147.22046539586,21.9507139276262,16.8944649446494
2021-10-04,426943,1345,331472,856,95471,489,363724,940,2286864,4137,2650588,5077,22,5432,29,13521,6736,23,"East TN",2455501,324.780971378142,0.166700542989053,206.760249741295,54.7749726023325,16.6700542989053
2021-10-05,428206,1263,332228,756,95978,507,364539,815,2291326,4462,2655865,5277,17,5449,41,13562,6776,40,"East TN",2455501,323.803574097506,0.162003238360367,214.905227079932,51.4355318934914,16.2003238360367
2021-10-06,429140,934,332933,705,96207,229,365319,780,2295747,4421,2661066,5201,18,5467,26,13588,6811,35,"East TN",2455501,293.66715794455,0.158356034584863,211.81013569125,38.0370441714339,15.8356034584863
2021-10-07,430254,1114,333725,792,96529,322,366176,857,2300528,4781,2666704,5638,24,5491,26,13614,6841,30,"East TN",2455501,289.798293708697,0.158760576667944,229.606911176171,45.367523776207,15.8760576667944
2021-10-08,431302,1048,334313,588,96989,460,366818,642,2304773,4245,2671591,4887,9,5500,31,13645,6862,21,"East TN",2455501,276.766329966878,0.151195091425257,199.02252126959,42.6796812544568,15.1195091425257
2021-10-09,431841,539,334666,353,97175,186,367234,416,2307582,2809,2674816,3225,4,5504,32,13677,6892,30,"East TN",2455501,276.196181553174,0.151093560145808,131.337759585518,21.9507139276262,15.1093560145808
2021-10-10,432158,317,334931,265,97227,52,367544,310,2309814,2232,2677358,2542,6,5510,16,13693,6916,24,"East TN",2455501,267.155256707287,0.149464627751437,103.522661974074,12.9097890817393,14.9464627751437
2021-10-11,433374,1216,335468,537,97906,679,368092,548,2313260,3446,2681352,3994,52,5562,33,13726,6930,14,"East TN",2455501,261.901746323866,0.141984137303342,162.655197452577,49.5214622189117,14.1984137303342
2021-10-12,434308,934,336105,637,98203,297,369097,1005,2316904,3644,2686001,4649,29,5591,32,13758,6964,34,"East TN",2455501,248.503258601809,0.151247677196708,189.329998236612,38.0370441714339,15.1247677196708
2021-10-13,435153,845,336653,548,98500,297,369746,649,2320768,3864,2690514,4513,25,5616,37,13795,6987,23,"East TN",2455501,244.878743686115,0.150332790002717,183.791413646339,34.4125292557405,15.0332790002717
2021-10-14,436100,947,337306,653,98794,294,370467,721,2324771,4003,2695238,4724,31,5647,33,13828,7019,32,"East TN",2455501,238.077687608354,0.150382000420551,192.384364738601,38.5664676984452,15.0382000420551
2021-10-15,436903,803,337819,513,99084,290,371043,576,2328664,3893,2699707,4469,24,5671,30,13858,7044,25,"East TN",2455501,228.100090368524,0.150270308721013,181.999518631839,32.7020840146267,15.0270308721013
2021-10-16,437211,308,338058,239,99153,69,371314,271,2330894,2230,2702208,2501,7,5678,12,13870,7059,15,"East TN",2455501,218.692641542398,0.148948598130841,101.852941619653,12.5432651015007,14.8948598130841
2021-10-17,437463,252,338268,210,99195,42,371562,248,2332557,1663,2704119,1911,7,5685,14,13884,7075,16,"East TN",2455501,216.045523907341,0.150143866073764,77.8252584706746,10.2626714466824,15.0143866073764
2021-10-18,438249,786,338734,466,99515,320,372077,515,2335747,3190,2707824,3705,23,5708,37,13921,7096,21,"East TN",2455501,198.533822629272,0.1505364158356,150.885705198247,32.0097609408426,15.05364158356
2021-10-19,439080,831,339175,441,99905,390,372551,474,2339075,3328,2711626,3802,25,5733,23,13944,7112,16,"East TN",2455501,194.339159299874,0.134790243902439,154.836019207486,33.8423808420359,13.4790243902439
2021-10-20,439843,763,339665,490,100178,273,373092,541,2343096,4021,2716188,4562,15,5748,21,13965,7131,19,"East TN",2455501,190.999718591033,0.130326400249279,185.786933094305,31.0730885468994,13.0326400249279
2021-10-21,440472,629,340088,423,100384,206,373562,470,2346733,3637,2720295,4107,17,5765,21,13986,7149,18,"East TN",2455501,178.0492046226,0.123518378097937,167.257109648907,25.6159537300127,12.3518378097937
2021-10-22,441015,543,340430,342,100585,201,373948,386,2349837,3104,2723785,3490,6,5771,18,14004,7167,18,"East TN",2455501,167.460734082373,0.120649555610931,142.129854559212,22.1136134743989,12.0649555610931
2021-10-23,441371,356,340674,244,100697,112,374221,273,2352221,2384,2726442,2657,0,5771,15,14019,7187,20,"East TN",2455501,169.415528643645,0.119955434513493,108.20602394379,14.4980596627735,11.9955434513493
2021-10-24,441614,243,340836,162,100778,81,374417,196,2354118,1897,2728535,2093,7,5778,14,14033,7199,12,"East TN",2455501,169.049004663407,0.116931520314548,85.2371878488341,9.89614746644371,11.6931520314548
2021-10-25,442036,422,341084,248,100952,174,374688,271,2356549,2431,2731237,2702,28,5806,21,14054,7210,11,"East TN",2455501,154.225145907088,0.111519241447059,110.038643844983,17.1859021845236,11.1519241447059
2021-10-26,442561,525,341412,328,101149,197,375026,338,2359188,2639,2734214,2977,12,5818,28,14082,7221,11,"East TN",2455501,141.763330578973,0.109571453869311,121.237987685609,21.3805655139216,10.9571453869311
2021-10-27,443181,620,341806,394,101375,226,375450,424,2363386,4198,2738836,4622,10,5828,21,14103,7242,21,"East TN",2455501,135.939671781848,0.104115153655952,188.230426295896,25.2494297497741,10.4115153655952
2021-10-28,443596,415,342062,256,101534,159,375741,291,2366183,2797,2741924,3088,16,5844,15,14118,7257,15,"East TN",2455501,127.224546029507,0.100744370983402,125.758450108552,16.9008279776714,10.0744370983402
2021-10-29,444055,459,342366,304,101689,155,376073,332,2369700,3517,2745773,3849,4,5848,10,14128,7274,17,"East TN",2455501,123.803655547279,0.0966436237947972,156.750088882065,18.6927229921715,9.66436237947972
2021-10-30,444318,263,342568,202,101750,61,376302,229,2372274,2574,2748576,2803,0,5848,16,14144,7288,14,"East TN",2455501,120.016241084813,0.0940182524622752,114.151857400995,10.7106452003074,9.40182524622752
2021-10-31,444489,171,342695,127,101794,44,376448,146,2373898,1624,2750346,1770,0,5848,5,14149,7299,11,"East TN",2455501,117.084049242904,0.0931181513914997,72.0830494469357,6.96395562453446,9.31181513914997
2021-11-01,445085,596,343056,361,102029,235,376838,390,2377015,3117,2753853,3507,14,5862,23,14172,7308,9,"East TN",2455501,124.170179527518,0.0950654403961797,142.822177632996,24.2720324691377,9.50654403961797
2021-11-02,445498,413,343277,221,102221,192,377065,227,2379226,2211,2756291,2438,25,5887,16,14188,7331,23,"East TN",2455501,119.608992217881,0.0923585632105812,99.2872737579826,16.819378204285,9.23585632105812
2021-11-03,446071,573,343657,380,102414,193,377459,394,2383804,4578,2761263,4972,6,5893,14,14202,7342,11,"East TN",2455501,117.694922543302,0.0895795246800731,202.484136638511,23.3353600751944,8.95795246800731
2021-11-04,446488,417,343959,302,102529,115,377789,330,2387339,3535,2765128,3865,13,5906,9,14211,7353,11,"East TN",2455501,117.776372316688,0.0882606447164282,157.401687069156,16.9822777510577,8.82606447164282
2021-11-05,446923,435,344244,285,102679,150,378113,324,2390922,3583,2769035,3907,2,5908,13,14224,7359,6,"East TN",2455501,116.798975036052,0.0876966726850658,159.11213231027,17.715325711535,8.76966726850658
2021-11-06,447156,233,344415,171,102741,62,378301,188,2393162,2240,2771463,2428,0,5908,13,14237,7367,8,"East TN",2455501,115.577228435256,0.0873421593044086,98.8800248910507,9.48889859951187,8.73421593044086
2021-11-07,447355,199,344543,128,102812,71,378455,154,2395063,1901,2773518,2055,6,5914,8,14245,7379,12,"East TN",2455501,116.717525262665,0.086613153806318,83.6896421544931,8.10425245194362,8.6613153806318
2021-11-08,447896,541,344889,346,103007,195,378840,385,2398595,3532,2777435,3917,25,5939,25,14270,7391,12,"East TN",2455501,114.47765649454,0.0848952590959206,159.519381177202,22.0321637010125,8.48952590959206
2021-11-09,448758,862,345501,612,103257,250,379635,795,2405862,7267,2785497,8062,10,5949,27,14297,7406,15,"East TN",2455501,132.76313061978,0.087995617338903,328.324036520449,35.1048523295246,8.7995617338903
2021-11-10,449383,625,345938,437,103445,188,380136,501,2411113,5251,2791249,5752,7,5956,28,14325,7417,11,"East TN",2455501,134.880824727825,0.0892749949976656,234.249548259194,25.45305418324,8.92749949976656
2021-11-11,449886,503,346320,382,103566,121,380541,405,2415401,4288,2795942,4693,5,5961,10,14335,7430,13,"East TN",2455501,138.383164983439,0.0893100538716168,191.121893251113,20.4846180066715,8.93100538716168
2021-11-12,450367,481,346642,322,103725,159,380873,332,2418851,3450,2799724,3782,2,5963,24,14359,7440,10,"East TN",2455501,140.256509771326,0.089934504219753,154.021521473622,19.5886704994215,8.9934504219753
2021-11-13,450604,237,346784,142,103820,95,381022,149,2420849,1998,2801871,2147,4,5967,11,14370,7449,9,"East TN",2455501,140.419409318098,0.0894830307813733,87.436331730266,9.65179814628461,8.94830307813733
2021-11-14,450965,361,347100,316,103865,45,381367,345,2423827,2978,2805194,3323,1,5968,14,14384,7457,8,"East TN",2455501,147.016840962394,0.0919307993433514,135.32879848145,14.7016840962394,9.19307993433514
2021-11-15,451542,577,347391,291,104151,286,381668,301,2426594,2767,2808262,3068,26,5994,20,14404,7467,10,"East TN",2455501,148.482936883349,0.0917377623511857,124.943952374689,23.4982596219672,9.17377623511856
2021-11-16,452213,671,347823,432,104390,239,382128,460,2430201,3607,2812329,4067,24,6018,17,14421,7477,10,"East TN",2455501,140.704483524951,0.0929114490161002,165.628114181179,27.3263989711265,9.29114490161002
2021-11-17,452925,712,348289,466,104636,246,382636,508,2434846,4645,2817482,5153,5,6023,27,14448,7487,10,"East TN",2455501,144.247548667258,0.0952998132123661,209.855341129977,28.996119325547,9.52998132123661
2021-11-18,453549,624,348699,410,104850,214,383114,478,2439708,4862,2822822,5340,12,6035,19,14467,7496,9,"East TN",2455501,149.175259957133,0.0957217261904762,217.470894941603,25.4123292965468,9.57217261904762
2021-11-19,454162,613,349141,442,105021,171,383574,460,2444182,4474,2827756,4934,7,6042,13,14480,7504,8,"East TN",2455501,154.550945000633,0.0963541666666667,200.93659094417,24.9643555429218,9.63541666666667
2021-11-20,454484,322,349388,247,105096,75,383861,287,2446886,2704,2830747,2991,0,6042,14,14494,7512,8,"East TN",2455501,158.012560369554,0.0983169414046267,121.808136099313,13.1134135152052,9.83169414046267
2021-11-21,454748,264,349540,152,105208,112,384025,164,2448369,1483,2832394,1647,9,6051,11,14505,7523,11,"East TN",2455501,154.062246360315,0.0977205882352941,67.073888383674,10.7513700870006,9.77205882352941
2021-11-22,455500,752,350035,495,105465,257,384537,512,2452237,3868,2836774,4380,20,6071,38,14543,7529,6,"East TN",2455501,161.189101531622,0.100624298540965,178.375003716146,30.6251147932744,10.0624298540965
2021-11-23,456176,676,350504,469,105672,207,385025,488,2455538,3301,2840563,3789,21,6092,20,14563,7536,7,"East TN",2455501,161.392725965088,0.102606786144365,154.306595680474,27.5300234045924,10.2606786144365
2021-11-24,456912,736,351036,532,105876,204,385598,573,2459566,4028,2845164,4601,6,6098,21,14584,7546,10,"East TN",2455501,162.370123245725,0.107000939238494,187.37520367534,29.9735166061834,10.7000939238494
2021-11-25,457197,285,351193,157,106004,128,385771,173,2461202,1636,2846973,1809,1,6099,11,14595,7555,9,"East TN",2455501,148.564386656735,0.110016148399652,73.6713200279699,11.6065927075574,11.0016148399652
2021-11-26,457427,230,351395,202,106032,28,386015,244,2462879,1677,2848894,1921,1,6100,15,14610,7559,4,"East TN",2455501,132.966755053246,0.115479231715394,78.2325073376065,9.36672393943232,11.5479231715394
2021-11-27,457711,284,351623,228,106088,56,386269,254,2464473,1594,2850742,1848,0,6100,14,14624,7570,11,"East TN",2455501,131.419209358905,0.120430107526882,75.259590609004,11.5658678208643,12.0430107526882
2021-11-28,458026,315,351835,212,106191,103,386486,217,2465983,1510,2852469,1727,7,6107,20,14644,7580,10,"East TN",2455501,133.496178580257,0.122590286425903,70.3318793191288,12.828339308353,12.2590286425903
2021-11-29,459123,1097,352550,715,106573,382,387224,738,2470530,4547,2857754,5285,19,6126,36,14680,7588,8,"East TN",2455501,147.546264489406,0.128074356530029,215.231026173477,44.6752007024228,12.8074356530029
2021-11-30,459961,838,353059,509,106902,329,387731,507,2473897,3367,2861628,3874,64,6190,26,14706,7600,12,"East TN",2455501,154.143696133701,0.12845953002611,157.768211049395,34.1274550488882,12.845953002611
2021-12-01,461044,1083,353830,771,107214,312,388539,808,2479067,5170,2867606,5978,48,6238,33,14739,7621,21,"East TN",2455501,168.275231816236,0.131048926120667,243.453372651854,44.1050522887183,13.1048926120667
2021-12-02,461947,903,354454,624,107493,279,389205,666,2483728,4661,2872933,5327,39,6277,18,14757,7638,17,"East TN",2455501,193.443211792624,0.132280431432974,216.941471414591,36.7745726839452,13.2280431432974
2021-12-03,462965,1018,355189,735,107776,283,389987,782,2488704,4976,2878691,5758,21,6298,26,14783,7650,12,"East TN",2455501,225.534422506853,0.13330201026949,234.493897579353,41.4579346536613,13.330201026949
2021-12-04,463388,423,355523,334,107865,89,390368,381,2491456,2752,2881824,3133,3,6301,29,14812,7662,12,"East TN",2455501,231.195181757206,0.131876970593913,127.591070009745,17.2266270712168,13.1876970593913
2021-12-05,463773,385,355739,216,108034,169,390599,231,2493387,1931,2883986,2162,12,6313,15,14827,7670,8,"East TN",2455501,234.045923825728,0.130500999460609,88.0472050306638,15.6790813768758,13.0500999460609
2021-12-06,464724,951,356384,645,108340,306,391289,690,2497571,4184,2888860,4874,69,6382,32,14859,7684,14,"East TN",2455501,228.100090368524,0.130682183501575,198.493097742579,38.729367245218,13.0682183501575
2021-12-07,465565,841,356916,532,108649,309,391830,541,2501047,3476,2892877,4017,8,6390,28,14887,7689,5,"East TN",2455501,228.222265028603,0.13117219751032,163.59186984652,34.2496297089677,13.117219751032
2021-12-08,466611,1046,357553,637,109058,409,392487,657,2505660,4613,2898147,5270,4,6394,29,14916,7706,17,"East TN",2455501,226.715444220955,0.129268851707541,214.62015287308,42.5982314810705,12.9268851707541
2021-12-09,467530,919,358173,620,109357,299,393154,667,2510637,4977,2903791,5644,19,6413,34,14950,7720,14,"East TN",2455501,227.367042408046,0.127973297038045,229.85126049633,37.4261708710361,12.7973297038045
2021-12-10,468325,795,358721,548,109604,247,393755,601,2515146,4509,2908901,5110,5,6418,22,14972,7734,14,"East TN",2455501,218.285392675466,0.124726911618669,208.10417100217,32.3762849210813,12.4726911618669
2021-12-11,468721,396,359007,286,109714,110,394080,325,2518067,2921,2912147,3246,0,6418,19,14991,7743,9,"East TN",2455501,217.18582073475,0.122415328298651,132.192982206075,16.1270551305009,12.2415328298651
2021-12-12,469152,431,359270,263,109882,168,394374,294,2520585,2518,2914959,2812,9,6427,18,15009,7750,7,"East TN",2455501,219.059165522637,0.121880347399348,114.518381381233,17.5524261647623,12.1880347399348
2021-12-13,470033,881,359845,575,110188,306,394977,603,2525187,4602,2920164,5205,23,6450,24,15033,7759,9,"East TN",2455501,216.208423454114,0.117812420138002,211.973035238023,35.8786251766951,11.7812420138002
2021-12-14,470790,757,360301,456,110489,301,395460,483,2529209,4022,2924669,4505,36,6486,23,15056,7767,8,"East TN",2455501,212.787532971886,0.114179667840966,183.465614552794,30.8287392267403,11.4179667840966
2021-12-15,471658,868,360890,589,110768,279,396088,628,2534011,4802,2930099,5430,19,6505,23,15079,7782,15,"East TN",2455501,205.5385031405,0.112700300450676,221.136134743989,35.3492016496837,11.2700300450676
2021-12-16,472452,794,361401,511,111051,283,396633,545,2537831,3820,2934464,4365,19,6524,22,15101,7799,17,"East TN",2455501,200.447892303852,0.113422228018127,177.764130415748,32.3355600343881,11.3422228018127
2021-12-17,473261,809,361936,535,111325,274,397218,585,2542499,4668,2939717,5253,24,6548,34,15135,7813,14,"East TN",2455501,201.018040717556,0.112376687435099,213.927829799296,32.9464333347859,11.2376687435099
2021-12-18,473831,570,362317,381,111514,189,397644,426,2545843,3344,2943487,3770,0,6548,29,15164,7826,13,"East TN",2455501,208.10417100217,0.113720485003191,153.532822833304,23.2131854151149,11.3720485003191
2021-12-19,474251,420,362597,280,111654,140,397954,310,2548504,2661,2946458,2971,6,6554,16,15180,7835,9,"East TN",2455501,207.656197248545,0.113654401727039,120.99363836545,17.1044524111373,11.3654401727039
2021-12-20,475184,933,363220,623,111964,310,398592,638,2552464,3960,2951056,4598,40,6594,31,15211,7847,12,"East TN",2455501,209.773891356591,0.117020587854461,187.25302901526,37.9963192847407,11.7020587854461
2021-12-21,476194,1010,363876,656,112318,354,399261,669,2556847,4383,2956108,5052,30,6624,29,15240,7857,10,"East TN",2455501,220.077287689966,0.120900792009924,205.742127573966,41.1321355601158,12.0900792009924
2021-12-22,477679,1485,364607,731,113072,754,400009,748,2561184,4337,2961193,5085,852,7476,40,15280,7873,16,"East TN",2455501,245.204542779661,0.126101498681418,207.086048834841,60.4764567393782,12.6101498681418
2021-12-23,478844,1165,365412,805,113432,360,400873,864,2565669,4485,2966542,5349,28,7504,35,15315,7890,17,"East TN",2455501,260.313475742832,0.132177816572106,217.837418921841,47.4444929975594,13.2177816572106
2021-12-24,479782,938,366062,650,113720,288,401581,708,2569504,3835,2971085,4543,0,7504,18,15333,7912,22,"East TN",2455501,265.566986126253,0.139090793165009,185.013160247135,38.1999437182066,13.9090793165009
2021-12-25,480262,480,366345,283,113917,197,401914,333,2571623,2119,2973537,2452,8,7512,19,15352,7920,8,"East TN",2455501,261.901746323866,0.142096505823627,99.8574221716871,19.5479456127283,14.2096505823627
2021-12-26,480605,343,366622,277,113983,66,402234,320,2573498,1875,2975732,2195,62,7574,19,15371,7937,17,"East TN",2455501,258.765930048491,0.146204823392772,89.3911262915389,13.9686361357621,14.6204823392772
2021-12-27,482479,1874,367883,1261,114596,613,403544,1310,2578250,4752,2981794,6062,64,7638,36,15407,7956,19,"East TN",2455501,297.088048426777,0.161103520072874,246.874263134081,76.3184376630268,16.1103520072874
2021-12-28,484902,2423,369325,1442,115577,981,405029,1485,2582627,4377,2987656,5862,18,7656,27,15434,7969,13,"East TN",2455501,354.632313324246,0.182832509192342,238.729285795445,98.6764004575848,18.2832509192342
2021-12-29,487787,2885,371253,1928,116534,957,407032,2003,2587916,5289,2994948,7292,37,7693,30,15464,7984,15,"East TN",2455501,411.647154694704,0.208058065471782,296.965873766698,117.491298109836,20.8058065471782
2021-12-30,490610,2823,373038,1785,117572,1038,408854,1822,2592378,4462,3001232,6284,14,7707,34,15498,7999,15,"East TN",2455501,479.169016832003,0.230066301527818,255.915187979968,114.966355134858,23.0066301527818
2021-12-31,493133,2523,374852,1814,118281,709,410801,1947,2597211,4833,3008012,6780,0,7707,25,15523,8018,19,"East TN",2455501,543.7179622407,0.24968180464159,276.114731779788,102.748889126903,24.968180464159
2022-01-01,494592,1459,376083,1231,118509,228,412140,1339,2600860,3649,3013000,4988,0,7707,34,15557,8026,8,"East TN",2455501,583.587626313327,0.259128804196336,203.135734825602,59.4176096853555,25.9128804196336
2022-01-02,496055,1463,377046,963,119009,500,413363,1223,2603876,3016,3017239,4239,6,7713,27,15584,8046,20,"East TN",2455501,629.199499409693,0.268123449056786,172.632794692407,59.5805092321282,26.8123449056786
2022-01-03,498947,2892,379230,2184,119717,708,415589,2226,2608046,4170,3023635,6396,33,7746,37,15621,8060,14,"East TN",2455501,670.657434063354,0.287875528787553,260.476375289605,117.776372316688,28.7875528787553
2022-01-04,503116,4169,381685,2455,121431,1714,417979,2390,2613283,5237,3031262,7627,14,7760,43,15664,8078,18,"East TN",2455501,741.763086229653,0.29697748016328,310.608710808914,169.782052623884,29.697748016328
2022-01-05,508046,4930,385092,3407,122954,1523,421479,3500,2618517,5234,3039996,8734,15,7775,44,15708,8103,25,"East TN",2455501,825.045479517215,0.320702361925058,355.691160378269,200.773691397397,32.0702361925058
2022-01-06,513200,5154,388560,3468,124640,1686,425126,3647,2624128,5611,3049254,9258,11,7786,43,15751,8123,20,"East TN",2455501,919.975190399026,0.338844696180917,377.031001005497,209.89606601667,33.8844696180917
2022-01-07,517569,4369,391785,3225,125784,1144,428405,3279,2628812,4684,3057217,7963,12,7798,40,15791,8145,22,"East TN",2455501,995.153331234644,0.357768519459405,324.292272737824,177.927029962521,35.7768519459405
2022-01-08,520712,3143,394208,2423,126504,720,431010,2605,2633574,4762,3064584,7367,1,7799,43,15834,8165,20,"East TN",2455501,1063.73404042597,0.365811104218362,300.020240268687,127.998318876677,36.5811104218362
2022-01-09,524214,3502,396891,2683,127323,819,433909,2899,2638575,5001,3072484,7900,15,7814,42,15876,8183,18,"East TN",2455501,1146.77208439337,0.371906959905874,321.726604876154,142.61855319953,37.1906959905874
2022-01-10,528852,4638,399963,3072,128889,1566,437149,3240,2643353,4778,3080502,8018,29,7843,63,15939,8216,33,"East TN",2455501,1217.87773655967,0.379130251288093,326.532141505949,188.882024482987,37.9130251288093
2022-01-11,534452,5600,404003,4040,130449,1560,441284,4135,2648542,5189,3089826,9324,30,7873,50,15989,8241,25,"East TN",2455501,1276.15504941761,0.397940714432074,379.718843527248,228.05936548183,39.7940714432074
2022-01-12,540138,5686,407984,3981,132154,1705,445451,4167,2653311,4769,3098762,8936,16,7889,33,16022,8263,22,"East TN",2455501,1306.94306375766,0.407922948643774,363.917587490292,231.561705737444,40.7922948643774
2022-01-13,547462,7324,413230,5246,134232,2078,450928,5477,2660237,6926,3111165,12403,65,7954,50,16072,8279,16,"East TN",2455501,1395.31606788187,0.416759541923083,505.110769655561,298.26907014088,41.6759541923083
2022-01-14,553957,6495,418006,4776,135951,1719,455857,4929,2666117,5880,3121974,10809,68,8022,39,16111,8312,33,"East TN",2455501,1481.89717699158,0.423923282425066,440.195300266626,264.50813907223,42.3923282425066
2022-01-15,558495,4538,421391,3385,137104,1153,459470,3613,2671204,5087,3130674,8700,9,8031,38,16149,8327,15,"East TN",2455501,1538.70839392857,0.430624905431987,354.306514230701,184.809535813669,43.0624905431987
2022-01-16,562347,3852,424706,3315,137641,537,462960,3490,2675851,4647,3138811,8137,7,8038,40,16189,8345,18,"East TN",2455501,1552.96210427119,0.437996592639498,331.378403022438,156.872263542145,43.7996592639498
2022-01-17,566979,4632,428033,3327,138946,1305,466430,3470,2680586,4735,3147016,8205,15,8053,43,16232,8369,24,"East TN",2455501,1552.71775495103,0.440223110924016,334.147695317575,188.637675162828,44.0223110924016
2022-01-18,572934,5955,431709,3676,141225,2279,470168,3738,2684047,3461,3154215,7199,49,8102,48,16280,8401,32,"East TN",2455501,1567.17508972711,0.448585938591996,293.178459304232,242.516700257911,44.8585938591996
2022-01-19,581236,8302,437712,6003,143524,2299,476344,6176,2689894,5847,3166238,12023,22,8124,53,16333,8433,32,"East TN",2455501,1673.71139331648,0.457836860513368,489.635312712151,338.098009326814,45.7836860513368
2022-01-20,589525,8289,443775,6063,145750,2226,482619,6275,2695611,5717,3178230,11992,44,8168,43,16376,8467,34,"East TN",2455501,1713.0109089754,0.472541564154179,488.372841224663,337.568585799802,47.2541564154179
2022-01-21,596823,7298,449384,5609,147439,1689,488500,5881,2701333,5722,3189833,11603,53,8221,31,16407,8498,31,"East TN",2455501,1745.71299299003,0.481041571493833,472.530860301014,297.210223086857,48.1041571493833
2022-01-22,602822,5999,454248,4864,148574,1135,493663,5163,2707419,6086,3201082,11249,0,8221,57,16464,8525,27,"East TN",2455501,1805.21205244877,0.485640836268606,458.114250411627,244.308595272411,48.5640836268606
2022-01-23,606417,3595,457222,2974,149195,621,496808,3145,2710688,3269,3207496,6414,6,8227,31,16495,8557,32,"East TN",2455501,1794.74575656862,0.492800465895028,261.209423250082,146.405967661996,49.2800465895028
2022-01-24,613101,6684,461902,4680,151199,2004,501771,4963,2716068,5380,3217839,10343,37,8264,45,16540,8592,35,"East TN",2455501,1878.31322406303,0.499004560665321,421.217503067602,272.205142657242,49.9004560665321
2022-01-25,618801,5700,465981,4079,152820,1621,506034,4263,2720721,4653,3226755,8916,30,8294,36,16576,8621,29,"East TN",2455501,1867.92837795627,0.494430658946788,363.103089756429,232.131854151149,49.4430658946788
2022-01-26,624603,5802,470405,4424,154198,1378,510711,4677,2725614,4893,3236325,9570,26,8320,37,16613,8655,34,"East TN",2455501,1766.11616122331,0.490347710702413,389.737165653771,236.285792593854,49.0347710702413
2022-01-27,631853,7250,476173,5768,155680,1482,516852,6141,2732767,7153,3249619,13294,29,8349,52,16665,8702,47,"East TN",2455501,1723.80300394909,0.479527658322711,541.396643699188,295.255428525584,47.9527658322711
2022-01-28,636807,4954,479873,3700,156934,1254,520780,3928,2737606,4839,3258386,8767,38,8387,42,16707,8736,34,"East TN",2455501,1628.34386954027,0.470876548072294,357.035081639144,201.751088678034,47.0876548072294
2022-01-29,640869,4062,483140,3267,157729,795,524324,3544,2743035,5429,3267359,8973,5,8392,32,16739,8774,38,"East TN",2455501,1549.45976401557,0.462619008102358,365.42440829794,165.424489747713,46.2619008102358
2022-01-30,642935,2066,484649,1509,158286,557,525920,1596,2745511,2476,3271431,4072,17,8409,24,16763,8820,46,"East TN",2455501,1487.19141226169,0.455337452099789,165.831738614645,84.1376159081181,45.5337452099789
2022-01-31,646846,3911,487117,2468,159729,1443,528492,2572,2748443,2932,3276935,5504,68,8477,38,16801,8858,38,"East TN",2455501,1374.26130146149,0.452162582915933,224.149776359285,159.275031857043,45.2162582915933
2022-02-01,651801,4955,490634,3517,161167,1438,532393,3901,2753702,5259,3286095,9160,28,8505,40,16841,8890,32,"East TN",2455501,1343.92126087507,0.444202898550725,373.039962109565,201.791813564727,44.4202898550725
2022-02-02,656510,4709,494144,3510,162366,1199,536146,3753,2758601,4899,3294747,8652,21,8526,47,16888,8932,42,"East TN",2455501,1299.40895971942,0.435366813871487,352.351719669428,191.773491438203,43.5366813871487
2022-02-03,665438,8928,496821,2677,168617,6251,538972,2826,2762954,4353,3301926,7179,26,8552,41,16929,8960,28,"East TN",2455501,1367.74531959058,0.422887949987573,292.363961570368,363.591788396747,42.2887949987573
2022-02-04,668968,3530,499341,2520,169627,1010,541717,2745,2767544,4590,3309261,7335,12,8564,38,16967,8989,29,"East TN",2455501,1309.75308093949,0.411538083538084,298.717043894505,143.75885002694,41.1538083538084
2022-02-05,670644,1676,500524,1183,170120,493,543053,1336,2770166,2622,3313219,3958,3,8567,26,16993,9033,44,"East TN",2455501,1212.58350128955,0.408395115569123,161.189101531622,68.2549100977764,40.8395115569123
2022-02-06,671950,1306,501471,947,170479,359,544139,1086,2772818,2652,3316957,3738,1,8568,36,17029,9065,32,"East TN",2455501,1181.63258740273,0.400188903044414,152.229626459122,53.1867020212983,40.0188903044414
2022-02-07,674757,2807,503303,1832,171454,975,546112,1973,2775703,2885,3321815,4858,50,8618,46,17075,9097,32,"East TN",2455501,1136.67231249346,0.392602495543672,197.841499555488,114.314756947767,39.2602495543672
2022-02-08,677417,2660,505010,1707,172407,953,548002,1890,2778370,2667,3326372,4557,21,8639,43,17118,9134,37,"East TN",2455501,1043.2086975326,0.387541276659136,185.58330866084,108.328198603869,38.7541276659136
2022-02-09,680320,2903,507087,2077,173233,826,550314,2312,2782041,3671,3332355,5983,26,8665,28,17146,9167,33,"East TN",2455501,969.659552164711,0.376728355669007,243.65699708532,118.224346070313,37.6728355669007
2022-02-10,682825,2505,508866,1779,173959,726,552286,1972,2785250,3209,3337536,5181,28,8693,30,17176,9205,38,"East TN",2455501,708.08360493439,0.373883740522325,210.995637957386,102.015841166426,37.3883740522325
2022-02-11,685119,2294,510591,1725,174528,569,554184,1898,2788614,3364,3342798,5262,31,8724,41,17217,9236,31,"East TN",2455501,657.747644981615,0.371738676685452,214.294353779534,93.4228900741641,37.1738676685452
2022-02-12,686049,930,511276,685,174773,245,554964,780,2791116,2502,3346080,3282,3,8727,17,17234,9278,42,"East TN",2455501,627.366879508499,0.362466145278598,133.65907812703,37.8741446246611,36.2466145278598
2022-02-13,686625,576,511692,416,174933,160,555448,484,2792516,1400,3347964,1884,35,8762,11,17245,9301,23,"East TN",2455501,597.637712222475,0.364724094559293,76.7256865299587,23.457534735274,36.4724094559293
2022-02-14,688863,2238,513119,1427,175744,811,557066,1618,2795523,3007,3352589,4625,146,8908,26,17271,9333,32,"East TN",2455501,574.465251694053,0.355949827776695,188.352600955976,91.1422964193458,35.5949827776695
2022-02-15,690755,1892,514515,1396,176240,496,558601,1535,2798388,2865,3356989,4400,37,8945,30,17301,9363,30,"East TN",2455501,543.188538713688,0.346180226671457,179.18950145001,77.0514856235041,34.6180226671457
2022-02-16,692520,1765,515749,1234,176771,531,559972,1371,2801593,3205,3361565,4576,14,8959,20,17321,9385,22,"East TN",2455501,496.843617656845,0.330640191715166,186.35708150801,71.8794250134698,33.0640191715166
2022-02-17,694292,1772,517003,1254,177289,518,561356,1384,2805115,3522,3366471,4906,13,8972,23,17344,9409,24,"East TN",2455501,466.992275710741,0.313461206151719,199.796294116761,72.164499220322,31.3461206151719
2022-02-18,695470,1178,517728,725,177742,453,562193,837,2808080,2965,3370273,3802,8,8980,10,17354,9437,28,"East TN",2455501,421.543302161148,0.291501364877161,154.836019207486,47.9739165245707,29.1501364877161
2022-02-19,696005,535,518071,343,177934,192,562605,412,2810182,2102,3372787,2514,1,8981,15,17369,9471,34,"East TN",2455501,405.45697191734,0.286104766540607,102.382365146665,21.7878143808534,28.6104766540607
2022-02-20,696373,368,518303,232,178070,136,562877,272,2811617,1435,3374494,1707,8,8989,5,17374,9487,16,"East TN",2455501,396.986195485158,0.280022615906521,69.5173815852651,14.9867583030917,28.0022615906521
2022-02-21,697093,720,518711,408,178382,312,563322,445,2813168,1551,3376490,1996,7,8996,13,17387,9507,20,"East TN",2455501,335.165817484904,0.261746370444751,81.2868738395953,29.3219184190925,26.1746370444751
2022-02-22,698268,1175,519363,652,178905,523,564050,728,2815518,2350,3379568,3078,44,9040,23,17410,9526,19,"East TN",2455501,305.966073725891,0.241330439789185,125.35120124162,47.8517418644912,24.1330439789185
2022-02-23,699130,862,519834,471,179296,391,564582,532,2818115,2597,3382697,3129,79,9119,9,17419,9554,28,"East TN",2455501,269.191501041946,0.218152564830589,127.428170462973,35.1048523295246,21.8152564830589
2022-02-24,699986,856,520321,487,179665,369,565148,566,2820617,2502,3385765,3068,50,9169,13,17432,9575,21,"East TN",2455501,231.88750483099,0.196537783766974,124.943952374689,34.8605030093655,19.6537783766974
2022-02-25,700749,763,520774,453,179975,310,565654,506,2822994,2377,3388648,2883,5,9174,24,17456,9591,16,"East TN",2455501,214.986676853318,0.188353741496599,117.409848336449,31.0730885468994,18.8353741496599
2022-02-26,701004,255,520954,180,180050,75,565871,217,2824730,1736,3390601,1953,0,9174,6,17462,9609,18,"East TN",2455501,203.583708579227,0.1833389468957,79.5357037117883,10.3848461067619,18.33389468957
2022-02-27,701027,23,520976,22,180051,1,565901,30,2825085,355,3390986,385,4,9178,2,17464,9630,21,"East TN",2455501,189.533622670078,0.183361629881155,15.6790813768758,0.936672393943232,18.3361629881155
2022-02-28,701891,864,521434,458,180457,406,566414,513,2827772,2687,3394186,3200,27,9205,19,17483,9651,21,"East TN",2455501,195.398006353897,0.174728752260398,130.319637418189,35.186302102911,17.4728752260398
2022-03-01,702653,762,521796,362,180857,400,566817,403,2829990,2218,3396807,2621,28,9233,17,17500,9667,16,"East TN",2455501,178.578628149612,0.160508150124717,106.739928022835,31.0323636602062,16.0508150124717
2022-03-02,703109,456,522059,263,181050,193,567127,310,2832303,2313,3399430,2623,8,9241,11,17511,9690,23,"East TN",2455501,162.044324152179,0.152094663240304,106.821377796222,18.5705483320919,15.2094663240304
2022-03-03,703464,355,522245,186,181219,169,567348,221,2834259,1956,3401607,2177,15,9256,11,17522,9706,16,"East TN",2455501,141.641155918894,0.138871354626941,88.6580783310616,14.4573347760803,13.8871354626941
2022-03-04,703800,336,522458,213,181342,123,567613,265,2836502,2243,3404115,2508,10,9266,10,17532,9716,10,"East TN",2455501,124.251629300904,0.126656753087218,102.138015826505,13.6835619289098,12.6656753087218
2022-03-05,703942,142,522560,102,181382,40,567729,116,2838214,1712,3405943,1828,0,9266,7,17539,9733,17,"East TN",2455501,119.649717104575,0.1211054621301,74.4450928751403,5.78293391043213,12.11054621301
2022-03-06,704041,99,522619,59,181422,40,567801,72,2839425,1211,3407226,1283,2,9268,4,17543,9743,10,"East TN",2455501,122.744808493257,0.116995073891626,52.2500296273551,4.03176378262522,11.6995073891626
2022-03-07,704303,262,522791,172,181512,90,568012,211,2841129,1704,3409141,1915,13,9281,9,17552,9754,11,"East TN",2455501,98.2284267039598,0.106853895018389,77.9881580174473,10.6699203136142,10.6853895018389
2022-03-08,704565,262,522890,99,181675,163,568135,123,2842881,1752,3411016,1875,27,9308,9,17561,9770,16,"East TN",2455501,77.8659833573678,0.0927581110563727,76.35916254972,10.6699203136142,9.27581110563727
2022-03-09,704858,293,523017,127,181841,166,568284,149,2844892,2011,3413176,2160,23,9331,7,17568,9780,10,"East TN",2455501,71.2278268263788,0.0841699403462826,87.9657552572774,11.9323918011029,8.41699403462826
2022-03-10,705044,186,523116,99,181928,87,568413,129,2846988,2096,3415401,2225,75,9406,3,17571,9789,9,"East TN",2455501,64.3453209752307,0.0772074815137016,90.6128728923344,7.57482892493222,7.72074815137016
2022-03-11,705255,211,523207,91,182048,120,568517,104,2849178,2190,3417695,2294,79,9485,5,17576,9805,16,"East TN",2455501,59.2547101385827,0.0665684830633284,93.4228900741641,8.59295109226182,6.65684830633284
2022-03-12,705324,69,523242,35,182082,34,568558,41,2850463,1285,3419021,1326,0,9485,3,17579,9814,9,"East TN",2455501,56.2817934099803,0.0633888973849212,54.001199755162,2.8100171818297,6.33888973849212
2022-03-13,705415,91,523295,53,182120,38,568628,70,2852072,1609,3420700,1679,4,9489,5,17584,9820,6,"East TN",2455501,55.9559943164348,0.0613774677156004,68.3770847578559,3.70596468907974,6.13774677156004
2022-03-14,705572,157,523378,83,182194,74,568734,106,2853157,1085,3421891,1191,69,9558,3,17587,9831,11,"East TN",2455501,51.6798812136505,0.0566274509803922,48.5033400515821,6.39380721082989,5.66274509803922
2022-03-15,705758,186,523457,79,182301,107,568825,91,2854590,1433,3423415,1524,4,9562,1,17588,9839,8,"East TN",2455501,48.5847898249685,0.0556496491652553,62.0647273204124,7.57482892493222,5.56496491652553
2022-03-16,705913,155,523549,92,182364,63,568934,109,2856157,1567,3425091,1676,10,9572,5,17593,9845,6,"East TN",2455501,42.9647554613091,0.0545530843474612,68.2549100977764,6.31235743744352,5.45530843474612
2022-03-17,706054,141,523643,94,182411,47,569049,115,2857456,1299,3426505,1414,7,9579,1,17594,9854,9,"East TN",2455501,41.1321355601158,0.0572766570605187,57.5849897841622,5.74220902373894,5.72766570605187
2022-03-18,706197,143,523731,88,182466,55,569143,94,2858947,1491,3428090,1585,2,9581,1,17595,9865,11,"East TN",2455501,38.3628432649793,0.0602212602212602,64.5489454086966,5.82365879712531,6.02212602212602
2022-03-19,706270,73,523789,58,182481,15,569209,66,2860120,1173,3429329,1239,0,9581,1,17596,9870,5,"East TN",2455501,38.5257428117521,0.0631548311990687,50.458134612855,2.97291672860243,6.31548311990687
2022-03-20,706336,66,523838,49,182498,17,569267,58,2860775,655,3430042,713,3,9584,0,17596,9876,6,"East TN",2455501,37.5076206444225,0.0684007707129094,29.0368442122402,2.68784252175014,6.84007707129094
2022-03-21,706433,97,523904,66,182529,31,569345,78,2861664,889,3431009,967,16,9600,1,17597,9882,6,"East TN",2455501,35.0641274428314,0.0670103092783505,39.3809654323089,3.95031400923885,6.70103092783505
2022-03-22,706517,84,523959,55,182558,29,569408,63,2862667,1003,3432075,1066,2,9602,5,17602,9889,7,"East TN",2455501,30.9101890001267,0.0673210161662817,43.4127292149341,3.42089048222746,6.73210161662818
2022-03-23,706612,95,524032,73,182580,22,569487,79,2864110,1443,3433597,1522,11,9613,0,17602,9899,10,"East TN",2455501,28.4666957985356,0.0650129320479661,61.983277547026,3.86886423585248,6.50129320479661
2022-03-24,706715,103,524066,34,182649,69,569530,43,2865194,1084,3434724,1127,5,9618,0,17602,9907,8,"East TN",2455501,26.9191501041946,0.0585229346635844,45.8969473032184,4.19466332939795,5.85229346635844
2022-03-25,706779,64,524112,46,182667,18,569587,57,2866648,1454,3436235,1511,0,9618,2,17604,9911,4,"East TN",2455501,23.7018840554331,0.05451197053407,61.535303793401,2.60639274836378,5.451197053407
2022-03-26,706820,41,524145,33,182675,8,569626,39,2867645,997,3437271,1036,0,9618,1,17605,9920,9,"East TN",2455501,22.3986876812512,0.0525056660790733,42.1909826141386,1.66972035442054,5.25056660790733
2022-03-27,706841,21,524160,15,182681,6,569643,17,2868091,446,3437734,463,2,9620,3,17608,9924,4,"East TN",2455501,20.5660677800579,0.0488819552782111,18.8556225389442,0.855222620556864,4.88819552782111
2022-03-28,706954,113,524209,49,182745,64,569705,62,2869513,1422,3439218,1484,30,9650,2,17610,9930,6,"East TN",2455501,21.2176659671489,0.0438543062492386,60.435731852685,4.60191219632979,4.38543062492386
2022-03-29,707068,114,524264,55,182804,59,569765,60,2870623,1110,3440388,1170,6,9656,0,17610,9941,11,"East TN",2455501,22.4394125679444,0.0429447852760736,47.6481174310253,4.64263708302298,4.29447852760736
2022-03-30,707167,99,524322,58,182845,41,569829,64,2872003,1380,3441832,1444,6,9662,4,17614,9947,6,"East TN",2455501,22.6023121147171,0.0415300546448087,58.8067363849577,4.03176378262522,4.15300546448087
2022-03-31,707251,84,524377,55,182874,29,569896,67,2873186,1183,3443082,1250,8,9670,0,17614,9948,1,"East TN",2455501,21.8285392675466,0.0437903804737976,50.90610836648,3.42089048222746,4.37903804737976
2022-04-01,707347,96,524430,53,182917,43,569959,63,2874463,1277,3444422,1340,15,9685,0,17614,9951,3,"East TN",2455501,23.1317356417285,0.0454378893367534,54.5713481688666,3.90958912254566,4.54378893367534
2022-04-02,707433,86,524456,26,182977,60,569990,31,2875265,802,3445255,833,0,9685,1,17615,9956,5,"East TN",2455501,24.9643555429218,0.0455911823647295,33.9238306154223,3.50234025561382,4.55911823647295
2022-04-03,707457,24,524468,12,182989,12,570007,17,2875745,480,3445752,497,10,9695,0,17615,9959,3,"East TN",2455501,25.0865302030013,0.0453978548266401,20.2402686865124,0.977397280636416,4.53978548266401
2022-04-04,707547,90,524519,51,183028,39,570066,59,2876753,1008,3446819,1067,51,9746,4,17619,9961,2,"East TN",2455501,24.1498578090581,0.0474937508222602,43.4534541016273,3.66523980238656,4.74937508222602
2022-04-05,707643,96,524559,40,183084,56,570115,49,2877768,1015,3447883,1064,36,9782,1,17620,9965,4,"East TN",2455501,23.4168098485808,0.0466977985323549,43.3312794415478,3.90958912254566,4.66977985323549
2022-04-06,707742,99,524613,54,183129,45,570177,62,2878935,1167,3449112,1229,0,9782,0,17620,9970,5,"East TN",2455501,23.4168098485808,0.0478021978021978,50.0508857459231,4.03176378262522,4.78021978021978
2022-04-07,707925,183,524659,46,183266,137,570231,54,2880048,1113,3450279,1167,53,9835,1,17621,9970,0,"East TN",2455501,27.448573631206,0.0465471724329582,47.5259427709457,7.45265426485267,4.65471724329582
2022-04-08,707994,69,524710,51,183284,18,570286,55,2881267,1219,3451553,1274,6,9841,0,17621,9972,2,"East TN",2455501,26.34900169049,0.0458561211611275,51.8835056471164,2.8100171818297,4.58561211611275
2022-04-09,708048,54,524740,30,183308,24,570327,41,2882128,861,3452455,902,0,9841,0,17621,9975,3,"East TN",2455501,25.0458053163082,0.0468055555555556,36.733847797252,2.19914388143194,4.68055555555556
2022-04-10,708114,66,524775,35,183339,31,570369,42,2882761,633,3453130,675,1,9842,1,17622,9976,1,"East TN",2455501,26.7562505574219,0.0490647872052047,27.4892985178992,2.68784252175014,4.90647872052047
2022-04-11,708218,104,524841,66,183377,38,570444,75,2883668,907,3454112,982,5,9847,2,17624,9980,4,"East TN",2455501,27.3263989711265,0.0518305224187577,39.9918387327067,4.23538821609114,5.18305224187577
2022-04-12,708309,91,524897,56,183412,35,570513,69,2884681,1013,3455194,1082,26,9873,2,17626,9984,4,"East TN",2455501,27.1227745376605,0.0544385173026946,44.0643274020251,3.70596468907974,5.44385173026946
2022-04-13,708433,124,524976,79,183457,45,570598,85,2885874,1193,3456472,1278,0,9873,1,17627,9988,4,"East TN",2455501,28.1408967049901,0.0572010869565217,52.0464051938891,5.04988594995482,5.72010869565217
2022-04-14,708536,103,525023,47,183513,56,570650,52,2886909,1035,3457559,1087,3,9876,0,17627,9991,3,"East TN",2455501,24.8829057695354,0.057554945054945,44.267951835491,4.19466332939795,5.7554945054945
2022-04-15,708611,75,525074,51,183537,24,570712,62,2887942,1033,3458654,1095,1,9877,1,17628,9992,1,"East TN",2455501,25.1272550896945,0.0599915504858471,44.5937509290365,3.0543665019888,5.99915504858471
2022-04-16,708670,59,525120,46,183550,13,570765,53,2888686,744,3459451,797,0,9877,1,17629,9993,1,"East TN",2455501,25.3308795231604,0.0626072041166381,32.4577346944676,2.40276831489786,6.26072041166381
2022-04-17,708708,38,525147,27,183561,11,570798,33,2889286,600,3460084,633,0,9877,0,17629,9995,2,"East TN",2455501,24.1905826957513,0.0616911130284728,25.7788532767855,1.54754569434099,6.16911130284728
2022-04-18,708939,231,525275,128,183664,103,570936,138,2890169,883,3461105,1021,-1,9876,2,17631,9995,0,"East TN",2455501,29.3626433057857,0.0703560703560704,41.5801093137409,9.4074488261255,7.03560703560704
2022-04-19,709055,116,525337,62,183718,54,570999,63,2891127,958,3462126,1021,2,9878,2,17633,9998,3,"East TN",2455501,30.3807654731153,0.0701096364685516,41.5801093137409,4.72408685640934,7.01096364685516
2022-04-20,709195,140,525428,91,183767,49,571100,101,2892557,1430,3463657,1531,8,9886,1,17634,10000,2,"East TN",2455501,31.0323636602062,0.0698677800974252,62.3498015272647,5.70148413704576,6.98677800974252
2022-04-21,709313,118,525508,80,183805,38,571188,88,2893699,1142,3464887,1230,5,9891,1,17635,10003,3,"East TN",2455501,31.643236960604,0.0734170305676856,50.0916106326163,4.80553662979571,7.34170305676856
2022-04-22,709435,122,525591,83,183844,39,571277,89,2894779,1080,3466056,1169,3,9894,0,17635,10006,3,"East TN",2455501,33.5573066351836,0.0763307214266414,47.6073925443321,4.96843617656845,7.63307214266414
2022-04-23,709510,75,525638,47,183872,28,571325,48,2895636,857,3466961,905,0,9894,0,17635,10007,1,"East TN",2455501,34.2089048222746,0.0745672436750999,36.8560224573315,3.0543665019888,7.45672436750999
2022-04-24,709581,71,525678,40,183903,31,571371,46,2896303,667,3467674,713,2,9896,1,17636,10012,5,"East TN",2455501,35.5528260831496,0.075494071146245,29.0368442122402,2.89146695521606,7.5494071146245
2022-04-25,709771,190,525777,99,183994,91,571469,98,2897038,735,3468507,833,0,9896,5,17641,10015,3,"East TN",2455501,33.8831057287291,0.0720075655228317,33.9238306154223,7.73772847170496,7.20075655228317
2022-04-26,709946,175,525890,113,184056,62,571590,121,2898273,1235,3469863,1356,0,9896,0,17641,10020,5,"East TN",2455501,36.2858740436269,0.0763861962000776,55.2229463559575,7.1268551713072,7.63861962000776
2022-04-27,710137,191,525988,98,184149,93,571691,101,2899468,1195,3471159,1296,0,9896,2,17643,10023,3,"East TN",2455501,38.3628432649793,0.0787789922687283,52.7794531543665,7.77845335839814,7.87789922687283
2022-04-28,710289,152,526077,89,184212,63,571790,99,2900629,1161,3472419,1260,4,9900,1,17644,10028,5,"East TN",2455501,39.7474894125476,0.0799256505576208,51.3133572334118,6.19018277736397,7.99256505576208
2022-04-29,710427,138,526163,86,184264,52,571882,92,2901791,1162,3473673,1254,2,9902,0,17644,10030,2,"East TN",2455501,40.3990875996385,0.0794275961664697,51.0690079132527,5.62003436365939,7.94275961664697
2022-04-30,710502,75,526219,56,184283,19,571944,62,2902521,730,3474465,792,0,9902,0,17644,10030,0,"East TN",2455501,40.3990875996385,0.0824893390191898,32.2541102610017,3.0543665019888,8.24893390191898
2022-05-01,710558,56,526252,33,184306,23,571977,33,2903014,493,3474991,526,0,9902,0,17644,10033,3,"East TN",2455501,39.7882142992408,0.0828208282082821,21.4212904006148,2.2805936548183,8.28208282082821
2022-05-02,710743,185,526381,129,184362,56,572123,146,2904040,1026,3476163,1172,6,9908,2,17646,10034,1,"East TN",2455501,39.5845898657748,0.085423197492163,47.7295672044116,7.53410403823904,8.5423197492163
2022-05-03,710927,184,526489,108,184438,76,572243,120,2904987,947,3477230,1067,2,9910,1,17647,10035,1,"East TN",2455501,39.9511138460135,0.0886385231437491,43.4534541016273,7.49337915154586,8.86385231437492
2022-05-04,711190,263,526657,168,184533,95,572419,176,2906262,1275,3478681,1451,3,9913,2,17649,10035,0,"East TN",2455501,42.8833056879227,0.0967827705397501,59.09181059181,10.7106452003074,9.67827705397501
2022-05-05,711408,218,526800,143,184608,75,572570,151,2907383,1121,3479953,1272,1,9914,2,17651,10037,2,"East TN",2455501,45.5711482096729,0.103530661003451,51.80205587373,8.87802529911411,10.3530661003451
2022-05-06,711630,222,526942,142,184688,80,572723,153,2908601,1218,3481324,1371,1,9915,2,17653,10040,3,"East TN",2455501,48.9920386919003,0.109920271859888,55.8338196563553,9.04092484588685,10.9920271859888
2022-05-07,711748,118,527020,78,184728,40,572815,92,2909473,872,3482288,964,0,9915,2,17655,10041,1,"East TN",2455501,50.7432088197073,0.11133836124249,39.2587907722294,4.80553662979571,11.133836124249
2022-05-08,711858,110,527100,80,184758,30,572900,85,2910124,651,3483024,736,0,9915,1,17656,10042,1,"East TN",2455501,52.9423527011392,0.114901033237894,29.9735166061834,4.47973753625024,11.4901033237894
2022-05-09,712088,230,527230,130,184858,100,573038,138,2911106,982,3484144,1120,13,9928,2,17658,10043,1,"East TN",2455501,54.7749726023325,0.114647287307355,45.6118730963661,9.36672393943232,11.4647287307355
2022-05-10,712382,294,527400,170,184982,124,573220,182,2912618,1512,3485838,1694,9,9937,4,17662,10045,2,"East TN",2455501,59.2547101385827,0.11349907063197,68.9879580582537,11.9731166877961,11.349907063197
2022-05-11,712663,281,527596,196,185067,85,573430,210,2913703,1085,3487133,1295,1,9938,0,17662,10046,1,"East TN",2455501,59.98775809906,0.119616658778987,52.7387282676733,11.4436931607847,11.9616658778987
2022-05-12,712898,235,527760,164,185138,71,573607,177,2914979,1276,3488586,1453,2,9940,2,17664,10047,1,"East TN",2455501,60.6800811728442,0.120120467971736,59.1732603651963,9.57034837289824,12.0120467971736
2022-05-13,713177,279,527955,195,185222,84,573814,207,2916330,1351,3490144,1558,0,9940,0,17664,10049,2,"East TN",2455501,63.0013997143556,0.123696145124717,63.4493734679807,11.3622433873983,12.3696145124717
2022-05-14,713286,109,528034,79,185252,30,573897,83,2917057,727,3490954,810,0,9940,1,17665,10053,4,"East TN",2455501,62.634875734117,0.124855758135241,32.987158221479,4.43901264955706,12.4855758135241
2022-05-15,713470,184,528166,132,185304,52,574041,144,2917909,852,3491950,996,0,9940,3,17668,10056,3,"East TN",2455501,65.6485173494126,0.127828814698633,40.5619871464113,7.49337915154586,12.7828814698633
2022-05-16,713777,307,528360,194,185417,113,574239,198,2919272,1363,3493511,1561,2,9942,3,17671,10060,4,"East TN",2455501,68.7843336247878,0.128216077719654,63.5715481280602,12.5025402148075,12.8216077719654
2022-05-17,714189,412,528582,222,185607,190,574475,236,2920522,1250,3494997,1486,16,9958,0,17671,10063,3,"East TN",2455501,73.5898702545835,0.137023692542854,60.5171816260714,16.7786533175918,13.7023692542854
2022-05-18,714553,364,528804,222,185749,142,574713,238,2921911,1389,3496624,1627,7,9965,3,17674,10064,1,"East TN",2455501,76.9700358501178,0.135180697502897,66.2593906498104,14.823858756319,13.5180697502897
2022-05-19,714973,420,529082,278,185891,142,575003,290,2923337,1426,3498340,1716,31,9996,4,17678,10066,2,"East TN",2455501,84.5041398883568,0.143120770965758,69.8839055655037,17.1044524111373,14.3120770965758
2022-05-20,715410,437,529351,269,186059,168,575284,281,2924737,1400,3500021,1681,0,9996,5,17683,10067,1,"East TN",2455501,90.9386719858799,0.148830616583983,68.4585345312423,17.7967754849214,14.8830616583983
2022-05-21,715625,215,529492,141,186133,74,575438,154,2925779,1042,3501217,1196,0,9996,4,17687,10068,1,"East TN",2455501,95.2555099753574,0.150151027964533,48.7069644850481,8.75585063903456,15.0151027964533
2022-05-22,715796,171,529625,133,186171,38,575581,143,2926794,1015,3502375,1158,5,10001,5,17692,10069,1,"East TN",2455501,94.726086448346,0.147721822541966,47.1594187907071,6.96395562453446,14.7721822541966
2022-05-23,716179,383,529870,245,186309,138,575828,247,2927986,1192,3503814,1439,6,10007,4,17696,10072,3,"East TN",2455501,97.821177837028,0.154226924196836,58.6031119514918,15.5976316034895,15.4226924196836
2022-05-24,716749,570,530171,301,186578,269,576142,314,2929424,1438,3505566,1752,0,10007,3,17699,10073,1,"East TN",2455501,104.255709934551,0.15772542340808,71.3500014864584,23.2131854151149,15.772542340808
2022-05-25,717225,476,530497,326,186728,150,576495,353,2930910,1486,3507405,1839,18,10025,2,17701,10075,2,"East TN",2455501,108.816897244188,0.165290789351637,74.8930666287654,19.3850460659556,16.5290789351637
2022-05-26,717718,493,530800,303,186918,190,576811,316,2932410,1500,3509221,1816,13,10038,3,17704,10081,6,"East TN",2455501,111.78981397279,0.166161198419263,73.9563942348221,20.0773691397397,16.6161198419263
2022-05-27,718135,417,531070,270,187065,147,577088,277,2934361,1951,3511449,2228,4,10042,5,17709,10082,1,"East TN",2455501,110.975316238926,0.157857892894645,90.735047552414,16.9822777510577,15.7857892894645
2022-05-28,718419,284,531288,218,187131,66,577315,227,2935421,1060,3512736,1287,0,10042,0,17709,10084,2,"East TN",2455501,113.785333420756,0.162948172584426,52.4129291741278,11.5658678208643,16.2948172584426
2022-05-29,718671,252,531437,149,187234,103,577475,160,2936309,888,3513784,1048,0,10042,2,17711,10088,4,"East TN",2455501,117.084049242904,0.166009290910685,42.6796812544568,10.2626714466824,16.6009290910685
2022-05-30,718883,212,531579,142,187304,70,577627,152,2937020,711,3514647,863,0,10042,5,17716,10088,0,"East TN",2455501,110.12009361837,0.16606664820456,35.1455772162178,8.63367597895501,16.606664820456
2022-05-31,719401,518,531876,297,187525,221,577926,299,2937947,927,3515873,1226,2,10044,4,17720,10088,0,"East TN",2455501,108.002399510324,0.173086252061706,49.9287110858436,21.0954913070693,17.3086252061706
2022-06-01,720070,669,532271,395,187799,274,578359,433,2939311,1364,3517670,1797,1,10045,5,17725,10089,1,"East TN",2455501,115.862302642108,0.181587920116902,73.1826213876516,27.2449491977401,18.1587920116902
2022-06-02,720635,565,532659,388,187976,177,578777,418,2940847,1536,3519624,1954,0,10045,3,17728,10090,1,"East TN",2455501,118.794494484018,0.188983946938383,79.5764285984815,23.009560981649,18.8983946938383
2022-06-03,721262,627,533060,401,188202,226,579202,425,2942406,1559,3521608,1984,1,10046,4,17732,10093,3,"East TN",2455501,127.346720689586,0.20809134757358,80.798175199277,25.5345039566264,20.809134757358
2022-06-04,721571,309,533305,245,188266,64,579468,266,2943562,1156,3523030,1422,0,10046,1,17733,10095,2,"East TN",2455501,128.364842856916,0.209150961725277,57.9107888777077,12.5839899881939,20.9150961725277
2022-06-05,721905,334,533536,231,188369,103,579712,244,2944556,994,3524268,1238,3,10049,3,17736,10095,0,"East TN",2455501,131.704283565757,0.213372758489126,50.4174097261618,13.6021121555235,21.3372758489126
2022-06-06,722449,544,533843,307,188606,237,580032,320,2945648,1092,3525680,1412,0,10049,4,17740,10097,2,"East TN",2455501,145.224945947894,0.217982416387202,57.5035400107758,22.1543383610921,21.7982416387202
2022-06-07,723091,642,534197,354,188894,288,580393,361,2946701,1053,3527094,1414,3,10052,6,17746,10098,1,"East TN",2455501,150.274831897849,0.219855627840656,57.5849897841622,26.1453772570241,21.9855627840656
2022-06-08,723734,643,534620,423,189114,220,580852,459,2948314,1613,3529166,2072,0,10052,4,17750,10099,1,"East TN",2455501,149.215984843826,0.216858037578288,84.3819652282772,26.1861021437173,21.6858037578288
2022-06-09,724348,614,535021,401,189327,213,581278,426,2949803,1489,3531081,1915,10,10062,3,17753,10103,4,"East TN",2455501,151.211504291792,0.218294492450031,77.9881580174473,25.005080429615,21.8294492450031
2022-06-10,724964,616,535385,364,189579,252,581674,396,2951491,1688,3533165,2084,1,10063,2,17755,10104,1,"East TN",2455501,150.763530538167,0.213896339880592,84.8706638685955,25.0865302030013,21.3896339880592
2022-06-11,725333,369,535686,301,189647,68,582014,340,2952585,1094,3534599,1434,0,10063,6,17761,10106,2,"East TN",2455501,153.207023739758,0.220070879073386,58.3994875180259,15.0274831897849,22.0070879073386
2022-06-12,725648,315,535841,155,189807,160,582179,165,2953148,563,3535327,728,2,10065,3,17764,10111,5,"East TN",2455501,152.433250892588,0.223076227507008,29.647717512638,12.828339308353,22.3076227507008
2022-06-13,726231,583,536169,328,190062,255,582514,335,2953920,772,3536434,1107,5,10070,7,17771,10116,5,"East TN",2455501,154.021521473622,0.230797842663195,45.0824495693547,23.7426089421263,23.0797842663195
2022-06-14,726937,706,536556,387,190381,319,582933,419,2955206,1286,3538139,1705,3,10073,5,17776,10118,2,"East TN",2455501,156.627914221986,0.229968311453146,69.4359318118787,28.7517700053879,22.9968311453146
2022-06-15,727644,707,537017,461,190627,246,583422,489,2956648,1442,3540070,1931,11,10084,11,17787,10123,5,"East TN",2455501,159.234306970349,0.23569332355099,78.6397562045383,28.7924948920811,23.569332355099
2022-06-16,728313,669,537450,433,190863,236,583872,450,2957951,1303,3541823,1753,6,10090,4,17791,10125,2,"East TN",2455501,161.474175738475,0.241482033140942,71.3907263731516,27.2449491977401,24.1482033140942
2022-06-17,728896,583,537798,348,191098,235,584250,378,2959188,1237,3543438,1615,7,10097,5,17796,10130,5,"East TN",2455501,160.1302544776,0.250754404750316,65.7706920094922,23.7426089421263,25.0754404750316
2022-06-18,729249,353,538077,279,191172,74,584551,301,2960162,974,3544713,1275,0,10097,5,17801,10131,1,"East TN",2455501,159.478656290509,0.250840419220882,51.9242305338096,14.375885002694,25.0840419220882
2022-06-19,729641,392,538304,227,191337,165,584796,245,2961025,863,3545821,1108,1,10098,2,17803,10132,1,"East TN",2455501,162.614472565884,0.249380598437202,45.1231744560479,15.9641555837281,24.9380598437202
2022-06-20,730287,646,538658,354,191629,292,585164,368,2961851,826,3547015,1194,1,10099,7,17810,10135,3,"East TN",2455501,165.180140427554,0.250448917871657,48.6255147116617,26.3082768037969,25.0448917871657
2022-06-21,731130,843,539114,456,192016,387,585644,480,2962843,992,3548487,1472,1,10100,5,17815,10135,0,"East TN",2455501,170.75944990452,0.261982991882489,59.9470332123668,34.3310794823541,26.1982991882489
2022-06-22,732080,950,539763,649,192317,301,586330,686,2964426,1583,3550756,2269,0,10100,5,17820,10137,2,"East TN",2455501,180.655597370964,0.272131761182856,92.4047679068345,38.6886423585248,27.2131761182856
2022-06-23,732920,840,540300,537,192620,303,586887,557,2965824,1398,3552711,1955,1,10101,5,17825,10142,5,"East TN",2455501,187.619552995499,0.27691036002939,79.6171534851747,34.2089048222746,27.691036002939
2022-06-24,733651,731,540794,494,192857,237,587417,530,2967464,1640,3554881,2170,0,10101,9,17834,10147,5,"East TN",2455501,193.64683622609,0.276763086603164,88.3730041242093,29.7698921727175,27.6763086603164
2022-06-25,734108,457,541051,257,193057,200,587702,285,2968473,1009,3556175,1294,1,10102,2,17836,10148,1,"East TN",2455501,197.882224442181,0.274908392950619,52.6980033809801,18.6112732187851,27.4908392950619
2022-06-26,734560,452,541327,276,193233,176,587988,286,2969378,905,3557366,1191,1,10103,4,17840,10149,1,"East TN",2455501,200.325717643772,0.276483326115201,48.5033400515821,18.4076487853192,27.6483326115201
2022-06-27,735313,753,541750,423,193563,330,588425,437,2970320,942,3558745,1379,8,10111,7,17847,10151,2,"East TN",2455501,204.683280519943,0.278005115089514,56.1596187499007,30.6658396799676,27.8005115089514
2022-06-28,736291,978,542339,589,193952,389,589039,614,2971630,1310,3560669,1924,3,10114,6,17853,10154,3,"East TN",2455501,210.181140223523,0.278689870300443,78.354681997686,39.828939185934,27.8689870300443
2022-06-29,737270,979,542888,549,194382,430,589623,584,2973073,1443,3562696,2027,16,10130,5,17858,10159,5,"East TN",2455501,211.362161937625,0.275795644891122,82.549345327084,39.8696640726271,27.5795644891122
2022-06-30,738168,898,543393,505,194775,393,590166,543,2974499,1426,3564665,1969,2,10132,5,17863,10163,4,"East TN",2455501,213.72420536583,0.274301489041325,80.1873018988793,36.5709482504792,27.4301489041325
2022-07-01,738986,818,543906,513,195080,305,590694,528,2975993,1494,3566687,2022,1,10133,7,17870,10166,3,"East TN",2455501,217.267270508137,0.277570726749111,82.345720893618,33.3129573150245,27.7570726749111
2022-07-02,739474,488,544204,298,195270,190,591019,325,2976971,978,3567990,1303,0,10133,3,17873,10172,6,"East TN",2455501,218.529741995625,0.280744815911976,53.0645273612188,19.8737447062738,28.0744815911976
2022-07-03,740029,555,544539,335,195490,220,591374,355,2977909,938,3569283,1293,0,10133,3,17876,10175,3,"East TN",2455501,222.724405325023,0.284131912394059,52.6572784942869,22.6023121147171,28.4131912394059
2022-07-04,740450,421,544799,260,195651,161,591645,271,2978555,646,3570200,917,1,10134,4,17880,10178,3,"East TN",2455501,209.203742942886,0.281099956350938,37.3447210976497,17.1451772978305,28.1099956350938
2022-07-05,741341,891,545371,572,195970,319,592219,574,2979392,837,3571611,1411,2,10136,7,17887,10182,4,"East TN",2455501,205.660677800579,0.290623286419302,57.4628151240826,36.2858740436269,29.0623286419302
2022-07-06,742496,1155,546094,723,196402,432,592962,743,2980730,1338,3573692,2081,14,10150,15,17902,10186,4,"East TN",2455501,212.82825785858,0.303655874863587,84.7484892085159,47.0372441306275,30.3655874863587
2022-07-07,743552,1056,546691,597,196861,459,593581,619,2982250,1520,3575831,2139,0,10150,8,17910,10196,10,"East TN",2455501,219.262789956103,0.305839154576393,87.1105326367206,43.0054803480023,30.5839154576393
2022-07-08,744622,1070,547360,669,197262,401,594294,713,2984044,1794,3578338,2507,3,10153,6,17916,10200,4,"East TN",2455501,229.525461402785,0.308986353102738,102.097290939812,43.5756287617069,30.8986353102738
2022-07-09,745242,620,547701,341,197541,279,594640,346,2984816,772,3579456,1118,0,10153,3,17919,10203,3,"East TN",2455501,234.901146446285,0.315803244374673,45.5304233229797,25.2494297497741,31.5803244374673
2022-07-10,745642,400,547909,208,197733,192,594850,210,2985427,611,3580277,821,2,10155,5,17924,10210,7,"East TN",2455501,228.588789008842,0.316172457704202,33.4351319751041,16.2899546772736,31.6172457704202
2022-07-11,746828,1186,548570,661,198258,525,595546,696,2986857,1430,3582403,2126,6,10161,12,17936,10211,1,"East TN",2455501,259.743327329128,0.319675489633697,86.5811091097092,48.2997156181162,31.9675489633697
2022-07-12,748005,1177,549236,666,198769,511,596250,704,2988302,1445,3584552,2149,21,10182,6,17942,10216,5,"East TN",2455501,271.390644923378,0.311490611235608,87.5177815036524,47.9331916378776,31.1490611235608
2022-07-13,749304,1299,550017,781,199287,518,597067,817,2989881,1579,3586948,2396,1,10183,7,17949,10222,6,"East TN",2455501,277.255028607197,0.309671092335546,97.5768285168689,52.901627814446,30.9671092335546
2022-07-14,750404,1100,550660,643,199744,457,597738,671,2991232,1351,3588970,2022,1,10184,8,17957,10228,6,"East TN",2455501,279.046923621697,0.316386330770987,82.345720893618,44.7973753625024,31.6386330770987
2022-07-15,751460,1056,551301,641,200159,415,598399,661,2992795,1563,3591194,2224,0,10184,15,17972,10234,6,"East TN",2455501,278.476775207992,0.319306160547604,90.5721480056412,43.0054803480023,31.9306160547604
2022-07-16,752009,549,551603,302,200406,247,598713,314,2993514,719,3592227,1033,1,10185,6,17978,10244,10,"East TN",2455501,275.585308252776,0.318925691018714,42.0688079540591,22.357962794558,31.8925691018714
2022-07-17,752365,356,551862,259,200503,97,598988,275,2994089,575,3593077,850,1,10186,4,17982,10251,7,"East TN",2455501,273.793413238276,0.32328125,34.6161536892064,14.4980596627735,32.328125
2022-07-18,753955,1590,552714,852,201241,738,599909,921,2995702,1613,3595611,2534,5,10191,9,17991,10255,4,"East TN",2455501,290.246267462322,0.330330102967898,103.196862880528,64.7525698421626,33.0330102967898
2022-07-19,755341,1386,553522,808,201819,578,600736,827,2997056,1354,3597792,2181,17,10208,17,18008,10263,8,"East TN",2455501,298.757768781198,0.338821752265861,88.8209778778343,56.444692956753,33.8821752265861
2022-07-20,756585,1244,554264,742,202321,502,601504,768,2998543,1487,3600047,2255,14,10222,14,18022,10266,3,"East TN",2455501,296.517900013073,0.338728147186808,91.8346194931299,50.6617590463209,33.8728147186808
2022-07-21,757940,1355,555107,843,202833,512,602397,893,3000212,1669,3602609,2562,2,10224,11,18033,10275,9,"East TN",2455501,306.902746119835,0.341593958501356,104.337159707937,55.1822214692643,34.1593958501356
2022-07-22,759313,1373,555927,820,203386,553,603248,851,3001722,1510,3604970,2361,0,10224,5,18038,10281,6,"East TN",2455501,319.812535201574,0.351988966318235,96.1514574826074,55.9152694297416,35.1988966318235
2022-07-23,759827,514,556251,324,203576,190,603592,344,3002519,797,3606111,1141,0,10224,6,18044,10283,2,"East TN",2455501,318.387164167313,0.351411696917315,46.4670957169229,20.9325917602966,35.1411696917315
2022-07-24,760424,597,556678,427,203746,170,604036,444,3003399,880,3607435,1324,0,10224,8,18052,10288,5,"East TN",2455501,328.20186186037,0.351581000139295,53.9197499817756,24.3127573558308,35.1581000139295
2022-07-25,761821,1397,557449,771,204372,626,604856,820,3004637,1238,3609493,2058,3,10227,8,18060,10291,3,"East TN",2455501,320.341958728585,0.356360754934447,83.8118168145727,56.892666710378,35.6360754934447
2022-07-26,763355,1534,558468,1019,204887,515,605910,1054,3006075,1438,3611985,2492,9,10236,13,18073,10300,9,"East TN",2455501,326.369241959177,0.364545902909885,101.486417639415,62.4719761873443,36.4545902909885
2022-07-27,764517,1162,559178,710,205339,452,606657,747,3007363,1288,3614020,2035,10,10246,4,18077,10301,1,"East TN",2455501,323.029801250335,0.368782652257926,82.8751444206294,47.3223183374798,36.8782652257926
2022-07-28,765911,1394,560097,919,205814,475,607624,967,3008993,1630,3616617,2597,10,10256,6,18083,10305,4,"East TN",2455501,324.61807183137,0.373143917761279,105.762530742199,56.7704920502985,37.3143917761279
2022-07-29,767074,1163,560905,808,206169,355,608466,842,3010434,1441,3618900,2283,0,10256,14,18097,10310,5,"East TN",2455501,316.065845625801,0.374587221823403,92.9749163205391,47.363043224173,37.4587221823403
2022-07-30,767633,559,561312,407,206321,152,608908,442,3011419,985,3620327,1427,0,10256,4,18101,10313,3,"East TN",2455501,317.898465526994,0.373944850872257,58.1144133111736,22.7652116614899,37.3944850872257
2022-07-31,768213,580,561704,392,206509,188,609336,428,3012197,778,3621533,1206,0,10256,7,18108,10319,6,"East TN",2455501,317.20614245321,0.37593984962406,49.1142133519799,23.6204342820467,37.593984962406
2022-08-01,769223,1010,562257,553,206966,457,609930,594,3012975,778,3622905,1372,9,10265,8,18116,10322,3,"East TN",2455501,301.445611302948,0.378317924246943,55.8745445430484,41.1321355601158,37.8317924246943
2022-08-02,770734,1511,563217,960,207517,551,610929,999,3014603,1628,3625532,2627,12,10277,12,18128,10324,2,"East TN",2455501,300.508938909005,0.370487930907212,106.984277342994,61.535303793401,37.0487930907212
2022-08-03,771893,1159,563983,766,207910,393,611732,803,3016147,1544,3627879,2347,1,10278,6,18134,10334,10,"East TN",2455501,300.386764248925,0.366188036654881,95.5813090689028,47.2001436774003,36.6188036654881
2022-08-04,773137,1244,564810,827,208327,417,612600,868,3017578,1431,3630178,2299,8,10286,10,18144,10343,9,"East TN",2455501,294.278031244948,0.366934591844259,93.62651450763,50.6617590463209,36.6934591844259
2022-08-05,774314,1177,565568,758,208746,419,613387,787,3019075,1497,3632462,2284,6,10292,4,18148,10350,7,"East TN",2455501,294.848179658652,0.362852086712874,93.0156412072322,47.9331916378776,36.2852086712874
2022-08-06,774797,483,565900,332,208897,151,613744,357,3019719,644,3633463,1001,0,10292,3,18151,10355,5,"East TN",2455501,291.75308826997,0.368148599269184,40.7656115798772,19.6701202728079,36.8148599269184
2022-08-07,775158,361,566159,259,208999,102,614014,270,3020327,608,3634341,878,3,10295,4,18155,10362,7,"East TN",2455501,282.834338084163,0.36524047470331,35.7564505166156,14.7016840962394,36.524047470331
2022-08-08,776441,1283,566924,765,209517,518,614811,797,3021474,1147,3636285,1944,5,10300,9,18164,10368,6,"East TN",2455501,293.952232151402,0.364798206278027,79.1691797315497,52.2500296273551,36.4798206278027
2022-08-09,777961,1520,567953,1029,210008,491,615890,1079,3023164,1690,3639054,2769,19,10319,8,18172,10376,8,"East TN",2455501,294.318756131641,0.366883597101021,112.767211253426,61.9018277736397,36.6883597101021
2022-08-10,779228,1267,568797,844,210431,423,616772,882,3024682,1518,3641454,2400,14,10333,10,18182,10379,3,"East TN",2455501,298.717043894505,0.371270718232044,97.7397280636416,51.5984314402641,37.1270718232044
2022-08-11,780300,1072,569527,730,210773,342,617531,759,3025806,1124,3643337,1883,2,10335,4,18186,10385,6,"East TN",2455501,291.712363383277,0.374724523140056,76.6849616432655,43.6570785350932,37.4724523140056
2022-08-12,781607,1307,570384,857,211223,450,618421,890,3027604,1798,3646025,2688,1,10336,12,18198,10389,4,"East TN",2455501,297.006598653391,0.371156823711568,109.468495431279,53.2274269079915,37.1156823711568
2022-08-13,782168,561,570801,417,211367,144,618880,459,3028541,937,3647421,1396,0,10336,3,18201,10398,9,"East TN",2455501,300.183139815459,0.367961025934948,56.8519418236849,22.8466614348762,36.7961025934948
2022-08-14,782676,508,571193,392,211483,116,619295,415,3029280,739,3648575,1154,1,10337,4,18205,10403,5,"East TN",2455501,306.169698159357,0.371013067303639,46.9965192439343,20.6882424401375,37.1013067303639
2022-08-15,784281,1605,572146,953,212135,652,620272,977,3030399,1119,3650671,2096,8,10345,9,18214,10413,10,"East TN",2455501,319.283111674563,0.379605171694703,85.3593625089137,65.3634431425603,37.9605171694703
2022-08-16,785815,1534,573154,1008,212661,526,621326,1054,3031992,1593,3653318,2647,19,10364,11,18225,10416,3,"East TN",2455501,319.853260088267,0.381099270891755,107.798775076858,62.4719761873443,38.1099270891755
2022-08-17,787142,1327,574024,870,213118,457,622242,916,3033680,1688,3655922,2604,16,10380,12,18237,10424,8,"East TN",2455501,322.296753289858,0.378075753386785,106.047604949051,54.0419246418552,37.8075753386785
2022-08-18,791942,4800,575030,1006,216912,3794,623279,1037,3035540,1860,3658819,2897,0,10380,10,18247,10429,5,"East TN",2455501,474.119130882048,0.371269861774964,117.979996750154,195.479456127283,37.1269861774964
2022-08-19,793298,1356,575854,824,217444,532,624127,848,3037283,1743,3661410,2591,2,10382,7,18254,10433,4,"East TN",2455501,476.114650330014,0.3708807279818,105.51818142204,55.2229463559575,37.08807279818
2022-08-20,793735,437,576193,339,217542,98,624486,359,3038120,837,3662606,1196,0,10382,3,18257,10440,7,"East TN",2455501,471.064764380059,0.369180111952585,48.7069644850481,17.7967754849214,36.9180111952585
2022-08-21,794399,664,576692,499,217707,165,625028,542,3039284,1164,3664312,1706,1,10383,4,18261,10445,5,"East TN",2455501,477.417846704196,0.364300692635191,69.4766566985719,27.0413247642742,36.4300692635191
2022-08-22,795968,1569,577514,822,218454,747,625872,844,3040735,1451,3666607,2295,1,10384,3,18264,10448,3,"East TN",2455501,475.951750783241,0.35140562248996,93.4636149608573,63.8973472216057,35.140562248996
2022-08-23,797847,1879,578610,1096,219237,783,627043,1171,3042998,2263,3670041,3434,20,10404,11,18275,10450,2,"East TN",2455501,490.00183669239,0.341864497996771,139.849260904394,76.5220620964927,34.1864497996771
2022-08-24,799621,1774,579573,963,220048,811,628029,986,3045061,2063,3673090,3049,6,10410,9,18284,10455,5,"East TN",2455501,508.205861044243,0.337080615097856,124.170179527518,72.2459489937084,33.7080615097857
2022-08-25,801053,1432,580388,815,220665,617,628887,858,3047033,1972,3675920,2830,15,10425,7,18291,10459,4,"East TN",2455501,371.044442661599,0.327934038945091,115.251429341711,58.3180377446395,32.7934038945091
2022-08-26,802280,1227,581130,742,221150,485,629671,784,3048950,1917,3678621,2701,5,10430,3,18294,10460,1,"East TN",2455501,365.790932278179,0.322119574690605,109.99791895829,49.9694359725368,32.2119574690605
2022-08-27,802992,712,581509,379,221483,333,630072,401,3050109,1159,3680181,1560,0,10430,4,18298,10460,0,"East TN",2455501,376.990276118804,0.317837837837838,63.530823241367,28.996119325547,31.7837837837838
2022-08-28,803490,498,581821,312,221669,186,630413,341,3050918,809,3681331,1150,3,10433,6,18304,10462,2,"East TN",2455501,370.229944927736,0.31641106998061,46.8336196971616,20.2809935732056,31.641106998061
2022-08-29,804567,1077,582347,526,222220,551,630966,553,3051949,1031,3682915,1584,3,10436,6,18310,10465,3,"East TN",2455501,350.193300674689,0.312362030905077,64.5082205220035,43.8607029685592,31.2362030905077
2022-08-30,805835,1268,583069,722,222766,546,631722,756,3053390,1441,3685112,2197,19,10455,3,18313,10465,0,"East TN",2455501,325.310394905154,0.310463804657952,89.4725760649252,51.6391563269573,31.0463804657952
2022-08-31,807136,1301,583857,788,223279,513,632551,829,3055247,1857,3687798,2686,3,10458,2,18315,10466,1,"East TN",2455501,306.047523499278,0.307451726951319,109.387045657892,52.9830775878324,30.7451726951319
2022-09-01,808177,1041,584440,583,223737,458,633175,624,3056689,1442,3689864,2066,11,10469,5,18320,10467,1,"East TN",2455501,290.124092802243,0.307515777395295,84.1376159081181,42.3946070476045,30.7515777395295
2022-09-02,809153,976,585071,631,224082,345,633833,658,3058429,1740,3692262,2398,2,10471,4,18324,10468,1,"East TN",2455501,279.902146242254,0.305109596070669,97.6582782902552,39.7474894125476,30.5109596070669
2022-09-03,809634,481,585329,258,224305,223,634113,280,3059357,928,3693470,1208,0,10471,1,18325,10469,1,"East TN",2455501,270.494697416128,0.304086086236737,49.1956631253663,19.5886704994215,30.4086086236737
2022-09-04,810045,411,585536,207,224509,204,634328,215,3060075,718,3694403,933,0,10471,0,18325,10470,1,"East TN",2455501,266.951632273821,0.299495104039168,37.9963192847407,16.7379284308986,29.9495104039168
2022-09-05,810341,296,585671,135,224670,161,634478,150,3060604,529,3695082,679,2,10473,2,18327,10471,1,"East TN",2455501,235.145495766444,0.288649626037643,27.6521980646719,12.0545664611825,28.8649626037643
2022-09-06,811266,925,586157,486,225109,439,634981,503,3061607,1003,3696588,1506,2,10475,5,18332,10472,1,"East TN",2455501,221.176859630682,0.283983966538864,61.3316793599351,37.6705201911952,28.3983966538864
2022-09-07,812204,938,586653,496,225551,442,635512,531,3062927,1320,3698439,1851,2,10477,5,18337,10475,3,"East TN",2455501,206.393725761057,0.278263321116436,75.3817652690836,38.1999437182066,27.8263321116436
2022-09-08,813137,933,587162,509,225975,424,636045,533,3064426,1499,3700471,2032,2,10479,4,18341,10475,0,"East TN",2455501,201.995437998193,0.27057603469407,82.7529697605499,37.9963192847407,27.057603469407
2022-09-09,813808,671,587528,366,226280,305,636442,397,3065832,1406,3702274,1803,0,10479,2,18343,10475,0,"East TN",2455501,189.574347556771,0.260587295245705,73.4269707078108,27.3263989711265,26.0587295245705
2022-09-10,814130,322,587728,200,226402,122,636658,216,3066674,842,3703332,1058,0,10479,0,18343,10475,0,"East TN",2455501,183.099090572555,0.258061245183533,43.0869301213887,13.1134135152052,25.8061245183533
