"DATE","TOTAL_CASES","NEW_CASES","TOTAL_CONFIRMED","NEW_CONFIRMED","TOTAL_PROBABLE","NEW_PROBABLE","POS_TESTS","NEW_POS_TESTS","NEG_TESTS","NEW_NEG_TESTS","TOTAL_TESTS","NEW_TESTS","NEW_DEATHS","TOTAL_DEATHS","ACTIVE_CHANGE","TOTAL_ACTIVE","NEW_INACTIVE_RECOVERED","TOTAL_INACTIVE_RECOVERED","NEW_HOSPITALIZED","TOTAL_HOSPITALIZED","TOTAL_DEATHS_BY_DOD","Region","Population","New_cases_per_100k_per_week","PositivityRate_per_week","Tests_per_100k","New_cases_per_100k","Active_cases_per_100k","PositivityPercentage_per_week"
2022-04-16,127636,10,98619,10,29017,0,106590,12,551409,126,657999,138,0,1377,1,187,9,126072,0,2721,1377,"Knox County",470313,NA,NA,29.3421614967054,2.12624358671778,39.7607550716225,NA
2022-04-15,127626,18,98609,13,29017,5,106578,13,551283,198,657861,211,0,1377,8,186,10,126063,0,2721,1377,"Knox County",470313,NA,NA,44.8637396797452,3.82723845609201,39.5481307129507,NA
2022-04-14,127608,18,98596,5,29012,13,106565,6,551085,158,657650,164,1,1377,3,178,14,126053,0,2721,1377,"Knox County",470313,NA,NA,34.8703948221716,3.82723845609201,37.8471358435765,NA
2022-04-13,127590,40,98591,26,28999,14,106559,28,550927,208,657486,236,-1,1376,26,175,15,126039,0,2721,1377,"Knox County",470313,NA,NA,50.1793486465396,8.50497434687113,37.2092627675612,NA
2022-04-12,127550,23,98565,6,28985,17,106531,8,550719,192,657250,200,5,1377,7,149,11,126024,0,2721,1377,"Knox County",470313,NA,NA,42.5248717343556,4.8903602494509,31.6810294420949,NA
2022-04-11,127527,22,98559,13,28968,9,106523,13,550527,173,657050,186,1,1372,7,142,14,126013,2,2721,1377,"Knox County",470313,NA,NA,39.5481307129507,4.67773589077912,30.1926589313925,NA
2022-04-10,127505,9,98546,7,28959,2,106510,7,550354,110,656864,117,0,1371,-5,135,14,125999,1,2719,1377,"Knox County",470313,29.7674102140489,0.0694888178913738,24.877049964598,1.913619228046,28.7042884206901,6.94888178913738
2022-04-09,127496,7,98539,5,28957,2,106503,5,550244,148,656747,153,0,1371,0,140,7,125985,0,2718,1377,"Knox County",470313,29.1295371380336,0.0631412786108919,32.5315268767821,1.48837051070245,29.7674102140489,6.31412786108919
2022-04-08,127489,18,98534,15,28955,3,106498,16,550096,176,656594,192,1,1371,11,140,6,125978,0,2718,1377,"Knox County",470313,29.1295371380336,0.0665064102564103,40.8238768649814,3.82723845609201,29.7674102140489,6.65064102564103
2022-04-07,127471,17,98519,7,28952,10,106482,10,549920,181,656402,191,5,1370,-7,129,19,125972,0,2718,1377,"Knox County",470313,28.9169127793618,0.0682352941176471,40.6112525063096,3.61461409742023,27.4285422686594,6.82352941176471
2022-04-06,127454,21,98512,14,28942,7,106472,16,549739,204,656211,220,-1,1365,9,136,13,125953,0,2718,1377,"Knox County",470313,24.877049964598,0.0595710881652105,46.7773589077912,4.46511153210734,28.9169127793618,5.95710881652105
2022-04-05,127433,15,98498,12,28935,3,106456,13,549535,198,655991,211,4,1366,1,127,10,125940,0,2718,1376,"Knox County",470313,23.1760550952238,0.062992125984252,44.8637396797452,3.18936538007667,27.0032935513158,6.2992125984252
2022-04-04,127418,16,98486,5,28932,11,106443,7,549337,158,655780,165,8,1362,-4,126,12,125930,2,2718,1374,"Knox County",470313,21.9003089431931,0.0592473979183347,35.0830191808434,3.40198973874845,26.790669192644,5.92473979183347
2022-04-03,127402,5,98481,3,28921,2,106436,3,549179,75,655615,78,1,1354,-10,130,14,125918,0,2716,1374,"Knox County",470313,21.049811508506,0.0578512396694215,16.5846999763987,1.06312179335889,27.6411666273312,5.78512396694215
2022-04-02,127397,3,98478,3,28919,0,106433,3,549104,116,655537,119,0,1353,-3,140,6,125904,0,2716,1373,"Knox County",470313,20.1993140738189,0.0578231292517007,25.3022986819416,0.637873076015334,29.7674102140489,5.78231292517007
2022-04-01,127394,19,98475,8,28919,11,106430,8,548988,231,655418,239,4,1353,1,143,14,125898,0,2716,1372,"Knox County",470313,20.4119384324907,0.0490596892886345,50.817221722555,4.03986281476378,30.4052832900643,4.90596892886345
2022-03-31,127375,17,98467,7,28908,10,106422,8,548757,238,655179,246,3,1349,-2,142,16,125884,0,2716,1372,"Knox County",470313,20.4119384324907,0.0453834115805947,52.3055922332574,3.61461409742023,30.1926589313925,4.53834115805947
2022-03-30,127358,22,98460,9,28898,13,106414,9,548519,256,654933,265,0,1346,3,144,19,125868,0,2716,1372,"Knox County",470313,20.6245627911625,0.0385487528344671,56.3454550480212,4.67773589077912,30.6179076487361,3.85487528344671
2022-03-29,127336,20,98451,8,28885,12,106405,9,548263,192,654668,201,2,1346,6,141,12,125849,0,2716,1372,"Knox County",470313,21.6876845845214,0.0357958872810358,42.7374960930274,4.25248717343556,29.9800345727207,3.57958872810358
2022-03-28,127316,19,98443,11,28873,8,106396,16,548071,332,654467,348,3,1344,0,135,16,125837,0,2716,1370,"Knox County",470313,22.3255576605367,0.0374331550802139,73.9932768177788,4.03986281476378,28.7042884206901,3.74331550802139
2022-03-27,127297,4,98432,3,28865,1,106380,3,547739,73,654119,76,0,1341,-3,135,7,125821,0,2716,1369,"Knox County",470313,22.1129333018649,0.0374832663989291,16.1594512590551,0.850497434687113,28.7042884206901,3.7483266398929
2022-03-26,127293,9,98429,6,28864,3,106377,6,547666,166,654043,172,0,1341,3,138,6,125814,1,2716,1368,"Knox County",470313,23.3886794538956,0.0381383322559793,36.5713896915458,1.913619228046,29.3421614967054,3.81383322559793
2022-03-25,127284,15,98423,7,28861,8,106371,8,547500,244,653871,252,0,1341,-2,135,17,125808,1,2715,1368,"Knox County",470313,22.5381820192085,0.0378205128205128,53.5813383852881,3.18936538007667,28.7042884206901,3.78205128205128
2022-03-24,127269,57,98416,9,28853,48,106363,10,547256,187,653619,197,1,1341,40,137,16,125791,0,2714,1368,"Knox County",470313,31.0431563660796,0.0403706154864328,41.8869986583403,12.1195884442914,29.1295371380336,4.03706154864328
2022-03-23,127212,11,98407,6,28805,5,106353,6,547069,201,653422,207,0,1340,-10,97,21,125775,0,2714,1366,"Knox County",470313,28.7042884206901,0.0399174122505162,44.0132422450581,2.33886794538956,20.6245627911625,3.99174122505162
2022-03-22,127201,16,98401,11,28800,5,106347,11,546868,150,653215,161,0,1340,-6,107,22,125754,1,2714,1365,"Knox County",470313,27.8537909860029,0.0424628450106157,34.2325217461563,3.40198973874845,22.7508063778803,4.24628450106157
2022-03-21,127185,13,98390,6,28795,7,106336,6,546718,125,653054,131,7,1340,-22,113,28,125732,1,2713,1362,"Knox County",470313,26.5780448339723,0.0418060200668896,27.8537909860029,2.76411666273312,24.0265525299109,4.18060200668896
2022-03-20,127172,12,98384,9,28788,3,106330,11,546593,98,652923,109,1,1333,-4,135,15,125704,0,2712,1362,"Knox County",470313,28.2790397033465,0.0471928397070789,23.1760550952238,2.55149230406134,28.7042884206901,4.71928397070789
2022-03-19,127160,11,98375,10,28785,1,106319,11,546495,175,652814,186,0,1332,-5,139,16,125689,0,2712,1362,"Knox County",470313,28.7042884206901,0.0506838294448914,39.5481307129507,2.33886794538956,29.5547858553772,5.06838294448914
2022-03-18,127149,24,98365,15,28784,9,106308,14,546320,219,652628,233,0,1332,7,144,17,125673,1,2712,1362,"Knox County",470313,30.6179076487361,0.0563725490196078,49.5414755705243,5.10298460812268,30.6179076487361,5.63725490196078
2022-03-17,127125,37,98350,25,28775,12,106294,31,546101,209,652395,240,1,1332,8,137,28,125656,0,2711,1360,"Knox County",470313,26.3654204753005,0.0710339384372533,51.0298460812268,7.86710127085579,29.1295371380336,7.10339384372533
2022-03-16,127088,23,98325,10,28763,13,106263,13,545892,236,652155,249,3,1331,-15,129,35,125628,2,2711,1358,"Knox County",470313,28.9169127793618,0.0741023682200153,52.9434653092728,4.8903602494509,27.4285422686594,7.41023682200153
2022-03-15,127065,55,98315,18,28750,37,106250,19,545656,257,651906,276,1,1328,10,144,44,125593,1,2709,1356,"Knox County",470313,37.2092627675612,0.0737359550561798,58.6843229934108,11.6943397269478,30.6179076487361,7.37359550561798
2022-03-14,127010,21,98297,16,28713,5,106231,22,545399,228,651630,250,10,1327,-45,134,56,125549,0,2708,1354,"Knox County",470313,38.9102576369354,0.0784186649384316,53.1560896679445,4.46511153210734,28.4916640620183,7.84186649384316
2022-03-13,126989,6,98281,6,28708,0,106209,10,545171,484,651380,494,2,1317,-32,179,36,125493,0,2708,1351,"Knox County",470313,37.6345114849047,0.0622406639004149,105.036433183858,1.27574615203067,38.0597602022483,6.22406639004149
2022-03-12,126983,9,98275,8,28708,1,106199,9,544687,293,650886,302,0,1315,-24,211,33,125457,2,2708,1350,"Knox County",470313,37.2092627675612,0.0577299412915851,64.212556318877,1.913619228046,44.8637396797452,5.77299412915851
2022-03-11,126974,20,98267,13,28707,7,106190,15,544394,467,650584,482,9,1315,-45,235,56,125424,0,2706,1348,"Knox County",470313,36.3587653328741,0.051897078063672,102.484940879797,4.25248717343556,49.9667242878679,5.1897078063672
2022-03-10,126954,28,98254,20,28700,8,106175,23,543927,459,650102,482,4,1306,-44,280,68,125368,1,2706,1344,"Knox County",470313,34.4451461048281,0.0437869822485207,102.484940879797,5.95348204280979,59.5348204280979,4.37869822485207
2022-03-09,126926,64,98234,19,28692,45,106152,23,543468,419,649620,442,1,1302,-24,324,87,125300,2,2705,1342,"Knox County",470313,43.162744810371,0.0443548387096774,93.9799665329259,13.6079589549938,68.8902922096561,4.43548387096774
2022-03-08,126862,36,98215,18,28647,18,106129,19,543049,311,649178,330,1,1301,-48,348,83,125213,1,2703,1340,"Knox County",470313,39.1228819956072,0.0434938892882818,70.1660383616868,7.65447691218401,73.9932768177788,4.34938892882818
2022-03-07,126826,27,98197,22,28629,5,106110,25,542738,267,648848,292,4,1300,-62,396,85,125130,2,2702,1337,"Knox County",470313,40.3986281476379,0.0439093484419263,62.0863127321592,5.74085768413801,84.1992460340241,4.39093484419263
2022-03-06,126799,14,98175,11,28624,3,106085,13,542471,212,648556,225,2,1296,-47,458,59,125045,2,2700,1337,"Knox County",470313,42.0996230170121,0.049706457925636,47.8404807011501,2.97674102140489,97.3819562716744,4.9706457925636
2022-03-05,126785,18,98164,10,28621,8,106072,11,542259,266,648331,277,0,1294,-34,505,52,124986,1,2698,1337,"Knox County",470313,44.0132422450581,0.0509881422924901,58.8969473520825,3.82723845609201,107.375301129248,5.09881422924901
2022-03-04,126767,52,98154,28,28613,24,106061,29,541993,380,648054,409,1,1294,-43,539,94,124934,1,2697,1335,"Knox County",470313,50.817221722555,0.0582010582010582,86.9633626967573,11.0564666509325,114.604529324088,5.82010582010582
2022-03-03,126715,45,98126,29,28589,16,106032,34,541613,326,647645,360,8,1293,-74,582,111,124840,4,2696,1335,"Knox County",470313,54.4318358199752,0.0659528907922912,76.5447691218401,9.56809614023002,123.747376746975,6.59528907922912
2022-03-02,126670,36,98097,28,28573,8,105998,35,541287,338,647285,373,-2,1285,-92,656,130,124729,1,2692,1333,"Knox County",470313,48.4783537771654,0.0732568402471315,79.3088857845732,7.65447691218401,139.481579288686,7.32568402471315
2022-03-01,126634,92,98069,48,28565,44,105963,60,540949,391,646912,451,3,1287,-84,748,173,124599,3,2691,1328,"Knox County",470313,60.385317862785,0.0867197318810222,95.893585760972,19.5614409978036,159.04302028649,8.67197318810222
2022-02-28,126542,134,98021,90,28521,44,105903,97,540558,549,646461,646,10,1284,-100,832,224,124426,4,2688,1327,"Knox County",470313,83.1361242406653,0.101787668734039,137.355335701969,28.4916640620183,176.903466414919,10.1787668734039
2022-02-27,126408,3,97931,3,28477,0,105806,5,540009,75,645815,80,1,1274,-139,932,141,124202,1,2684,1322,"Knox County",470313,80.7972562952757,0.104391371340524,17.0099486937423,0.637873076015334,198.165902282097,10.4391371340524
2022-02-26,126405,47,97928,33,28477,14,105801,35,539934,275,645735,310,0,1273,-84,1071,131,124061,2,2683,1317,"Knox County",470313,86.9633626967573,0.112209965766451,65.9135511882512,9.99334485757357,227.720688137474,11.2209965766451
2022-02-25,126358,106,97895,66,28463,40,105766,74,539659,406,645425,480,2,1273,-106,1155,210,123930,5,2681,1317,"Knox County",470313,98.4450780650333,0.125925925925926,102.059692162454,22.5381820192085,245.581134265904,12.5925925925926
2022-02-24,126252,143,97829,85,28423,58,105692,94,539253,463,644945,557,1,1271,-121,1261,263,123720,4,2676,1311,"Knox County",470313,119.282265214868,0.138073869520193,118.43176778018,30.4052832900643,268.119316285112,13.8073869520193
2022-02-23,126109,142,97744,96,28365,46,105598,115,538790,413,644388,528,6,1270,-186,1382,322,123457,1,2672,1308,"Knox County",470313,141.820447234076,0.157273918741809,112.265661378699,30.1926589313925,293.846863684397,15.7273918741809
2022-02-22,125967,142,97648,87,28319,55,105483,100,538377,356,643860,456,11,1264,-172,1568,303,123135,6,2671,1304,"Knox County",470313,152.451665167665,0.170101406607785,96.9567075543308,30.1926589313925,333.394994397348,17.0101406607785
2022-02-21,125825,73,97561,46,28264,27,105383,50,538021,290,643404,340,0,1253,-372,1740,445,122832,1,2665,1301,"Knox County",470313,139.481579288686,0.171937477280989,72.2922819484046,15.5215781830398,369.966384088894,17.1937477280989
2022-02-20,125752,72,97515,48,28237,24,105333,57,537731,289,643064,346,0,1253,-190,2112,262,122387,1,2664,1295,"Knox County",470313,154.152660037039,0.174013921113689,73.5680281004352,15.308953824368,449.062645514796,17.4013921113689
2022-02-19,125680,90,97467,54,28213,36,105276,68,537442,322,642718,390,0,1253,-177,2302,267,122125,1,2663,1293,"Knox County",470313,163.295507459926,0.180174362286083,82.9234998819935,19.13619228046,489.461273662433,18.0174362286083
2022-02-18,125590,142,97413,92,28177,50,105208,114,537120,498,642328,612,0,1253,-262,2479,404,121858,3,2662,1289,"Knox County",470313,170.94998437211,0.185196655311242,130.126107507128,30.1926589313925,527.095785147338,18.5196655311242
2022-02-17,125448,290,97321,228,28127,62,105094,269,536622,1208,641716,1477,1,1253,-243,2741,532,121454,2,2659,1285,"Knox County",470313,202.205765096861,0.186309954205833,314.046177758216,61.6610640148157,582.803367119344,18.6309954205833
2022-02-16,125158,224,97093,144,28065,80,104825,159,535414,546,640239,705,3,1252,-376,2984,597,120922,3,2657,1284,"Knox County",470313,219.640962507947,0.188858067498844,149.900172863604,47.6278563424783,634.471086276586,18.8858067498844
2022-02-15,124934,273,96949,215,27985,58,104666,240,534868,592,639534,832,5,1249,-466,3360,734,120325,6,2654,1281,"Knox County",470313,247.49475349395,0.203530412590387,176.903466414919,58.0464499173954,714.417845137175,20.3530412590387
2022-02-14,124661,341,96734,205,27927,136,104426,245,534276,602,638702,847,19,1244,-440,3826,762,119591,8,2648,1277,"Knox County",470313,304.478081617986,0.221155692071415,180.092831794996,72.5049063070764,813.500796278223,22.1155692071415
2022-02-13,124320,120,96529,100,27791,20,104181,116,533674,283,637855,399,1,1225,-271,4266,390,118829,1,2640,1276,"Knox County",470313,314.684050834232,0.230140630938807,84.8371191100395,25.5149230406134,907.055514093806,23.0140630938807
2022-02-12,124200,154,96429,110,27771,44,104065,127,533391,414,637456,541,0,1224,-262,4537,416,118439,3,2639,1274,"Knox County",470313,328.292009789225,0.234620358396453,115.029778041432,32.7441512354538,964.676715293858,23.4620358396453
2022-02-11,124046,341,96319,250,27727,91,103938,279,532977,631,636915,910,3,1224,-378,4799,716,118023,10,2636,1268,"Knox County",470313,370.604257164909,0.251269479950972,193.488166391318,72.5049063070764,1020.38429726586,25.1269479950972
2022-02-10,123705,425,96069,274,27636,151,103659,302,532346,555,636005,857,7,1221,-400,5177,818,117307,12,2626,1264,"Knox County",470313,399.308545585599,0.288351993714398,182.219075381714,90.3653524355057,1100.7563048438,28.8351993714398
2022-02-09,123280,439,95795,309,27485,130,103357,368,531791,606,635148,974,8,1214,-585,5577,1016,116489,4,2614,1261,"Knox County",470313,445.022782700032,0.312873134328358,207.096125346312,93.3420934569106,1185.80604831251,31.2873134328358
2022-02-08,122841,457,95486,334,27355,123,102989,390,531185,462,634174,852,6,1206,-765,6162,1216,115473,8,2610,1255,"Knox County",470313,484.145664695639,0.339591078066915,181.155953588355,97.1693319130026,1310.1912981355,33.9591078066914
2022-02-07,122384,590,95152,411,27232,179,102599,442,530723,625,633322,1067,10,1200,-665,6927,1245,114257,11,2602,1243,"Knox County",470313,537.089130004912,0.361428571428571,226.870190702787,125.448371616349,1472.84893251941,36.1428571428571
2022-02-06,121794,253,94741,185,27053,68,102157,215,530098,435,632255,650,0,1190,-355,7592,608,113012,14,2591,1238,"Knox County",470313,565.368169708258,0.362843958297727,138.205833136656,53.7939627439599,1614.24413103614,36.2843958297727
2022-02-05,121541,271,94556,194,26985,77,101942,220,529663,496,631605,716,0,1190,-401,7947,672,112404,7,2577,1233,"Knox County",470313,590.245219672856,0.367739794225025,152.239040808993,57.6212012000519,1689.72577836462,36.7739794225025
2022-02-04,121270,651,94362,512,26908,139,101722,579,529167,963,630889,1542,3,1190,-503,8348,1151,111732,3,2570,1222,"Knox County",470313,656.158770861107,0.377891258636227,327.866761071882,138.418457495328,1774.988146192,37.7891258636227
2022-02-03,120619,1643,93850,501,26769,1142,101143,503,528204,741,629347,1244,1,1187,146,8851,1496,110581,13,2567,1222,"Knox County",470313,915.135239723333,0.385663591199432,264.504702187692,349.341821297731,1881.93819860391,38.5663591199432
2022-02-02,118976,719,93349,539,25627,180,100640,601,527463,904,628103,1505,7,1186,-870,8705,1582,109085,6,2554,1220,"Knox County",470313,974.670060151431,0.389387539598733,319.999659801026,152.876913885008,1850.89504223783,38.9387539598733
2022-02-01,118257,938,92810,740,25447,198,100039,834,526559,1139,626598,1973,5,1179,-818,9575,1751,107503,12,2548,1211,"Knox County",470313,1076.94237667256,0.390249511325745,419.507859659418,199.441648434128,2035.87823428228,39.0249511325745
2022-01-31,117319,711,92070,513,25249,198,99205,518,525420,605,624625,1123,11,1174,-667,10393,1367,105752,13,2536,1204,"Knox County",470313,1102.66992407184,0.396435507825888,238.777154788407,151.175919015634,2209.80495967579,39.6435507825888
2022-01-30,116608,389,91557,319,25051,70,98687,336,524815,569,623502,905,1,1163,-406,11060,794,104385,8,2523,1202,"Knox County",470313,1131.5868368512,0.398645648312611,192.425044597959,82.7108755233217,2351.62540690987,39.8645648312611
2022-01-29,116219,679,91238,590,24981,89,98351,646,524246,912,622597,1558,0,1162,-202,11466,881,103591,5,2515,1196,"Knox County",470313,1218.33757518929,0.407817258883249,331.26875081063,144.371939538137,2437.95089653061,40.7817258883249
2022-01-28,115540,938,90648,776,24892,162,97705,836,523334,1040,621039,1876,3,1162,-476,11668,1411,102710,15,2510,1193,"Knox County",470313,1279.36076612809,0.41967792615868,398.883296868256,199.441648434128,2480.90101698231,41.967792615868
2022-01-27,114602,1433,89872,1201,24730,232,96869,1276,522294,1472,619163,2748,7,1159,101,12144,1325,101299,13,2495,1187,"Knox County",470313,1234.70965080702,0.431810403832991,584.291737630046,304.690705976658,2582.11021171007,43.1810403832991
2022-01-26,113169,1001,88671,808,24498,193,95593,855,520822,965,616415,1820,4,1152,-552,12043,1549,99974,5,2482,1179,"Knox County",470313,1294.66971995246,0.441639590102474,386.976332782636,212.83698303045,2560.63515148422,44.1639590102474
2022-01-25,112168,1026,87863,769,24305,257,94738,804,519857,930,614595,1734,7,1148,-369,12595,1388,98425,10,2477,1172,"Knox County",470313,1313.38066351557,0.448061883713023,368.690637936863,218.152591997244,2678.00379747105,44.8061883713023
2022-01-24,111142,1322,87094,1084,24048,238,93934,1161,518927,1550,612861,2711,13,1141,-195,12964,1504,97037,15,2467,1166,"Knox County",470313,1443.29414666403,0.4429298981426,576.424636359191,281.089402164091,2756.46218582093,44.29298981426
2022-01-23,109820,770,86010,680,23810,90,92773,709,517377,818,610150,1527,0,1128,50,13159,720,95533,7,2452,1161,"Knox County",470313,1524.30402731798,0.449906970087305,324.677395691805,163.720756177269,2797.92393576193,44.9906970087305
2022-01-22,109050,902,85330,738,23720,164,92064,770,516559,1056,608623,1826,0,1128,97,13109,805,94813,13,2445,1151,"Knox County",470313,1571.71925930178,0.450147451200674,388.252078934667,191.787171521944,2787.29271782834,45.0147451200674
2022-01-21,108148,1517,84592,1231,23556,286,91294,1291,515503,1348,606797,2639,1,1128,542,13012,974,94008,6,2432,1148,"Knox County",470313,1694.82876297274,0.457580806397867,561.115682534823,322.551152105087,2766.66815503718,45.7580806397867
2022-01-20,106631,1411,83361,1170,23270,241,90003,1218,514155,1152,604158,2370,11,1127,450,12470,950,93034,11,2426,1142,"Knox County",470313,1690.15102708196,0.465440623504478,503.919730052114,300.012970085879,2651.42575263707,46.5440623504478
2022-01-19,105220,1676,82191,1313,23029,363,88785,1345,513003,1331,601788,2676,4,1116,415,12020,1257,92084,7,2415,1140,"Knox County",470313,1833.67246918541,0.471355680423691,568.982783805678,356.3584251339,2555.74479123477,47.1355680423691
2022-01-18,103544,1046,80878,666,22666,380,87440,693,511672,686,599112,1379,6,1112,-296,11605,1336,90827,7,2408,1138,"Knox County",470313,1837.92495635885,0.475079323109466,293.208990608382,222.40507917068,2467.50568238599,47.5079323109466
2022-01-17,102498,1092,80212,859,22286,233,86747,903,510986,1279,597733,2182,7,1106,-134,11901,1219,89491,13,2401,1134,"Knox County",470313,1789.02135386434,0.474621549421193,463.94635062182,232.185799669582,2530.44249255283,47.4621549421193
2022-01-16,101406,772,79353,692,22053,80,85844,717,509707,1073,595551,1790,0,1099,179,12035,593,88272,7,2388,1131,"Knox County",470313,1789.44660258169,0.466760866639752,380.597602022483,164.146004894613,2558.93415661485,46.6760866639752
2022-01-15,100634,751,78661,599,21973,152,85127,627,508634,816,593761,1443,1,1099,380,11856,370,87679,12,2381,1127,"Knox County",470313,1757.34032442225,0.469231300504178,306.816949563376,159.680893362505,2520.8743964126,46.9231300504178
2022-01-14,99883,1312,78062,1057,21821,255,84500,1099,507818,1188,592318,2287,6,1098,838,11476,468,87309,10,2369,1125,"Knox County",470313,1713.75233089453,0.467332059177462,486.271908282357,278.963158577373,2440.07714011733,46.7332059177462
2022-01-13,98571,1405,77005,1058,21566,347,83401,1105,506630,1402,590031,2507,6,1092,680,10638,719,86841,11,2359,1120,"Knox County",470313,1712.4765847425,0.454921480650589,533.049267190148,298.737223933848,2261.89792755038,45.4921480650589
2022-01-12,97166,1168,75947,889,21219,279,82296,935,505228,1058,587524,1993,1,1086,459,9958,708,86122,3,2348,1114,"Knox County",470313,1604.46341053724,0.447610632501289,423.760346832854,248.345250928637,2117.31336365357,44.7610632501289
2022-01-11,95998,1368,75058,1062,20940,306,81361,1096,504170,1283,585531,2379,2,1085,680,9499,686,85414,10,2345,1114,"Knox County",470313,1672.92845402955,0.444551128180509,505.83334928016,290.870122662993,2019.71878302322,44.4551128180509
2022-01-10,94630,1001,73996,685,20634,316,80265,714,502887,812,583152,1526,3,1083,355,8819,643,84728,5,2335,1111,"Knox County",470313,1653.57963739042,0.451921005385996,324.464771333133,212.83698303045,1875.13421912641,45.1921005385996
2022-01-09,93629,742,73311,629,20318,113,79551,664,502075,1205,581626,1869,5,1080,386,8464,351,84085,2,2330,1110,"Knox County",470313,1647.20090663027,0.445586975149957,397.394926357553,157.767274134459,1799.65257179793,44.5586975149957
2022-01-08,92887,625,72682,478,20205,147,78887,510,500870,912,579757,1422,0,1075,478,8078,147,83734,10,2328,1108,"Knox County",470313,1620.41023743762,0.437888865050418,302.351838031269,132.890224169861,1717.57956935062,43.7888865050418
2022-01-07,92262,968,72204,750,20058,218,78377,767,499958,1091,578335,1858,0,1075,775,7600,193,83587,7,2318,1104,"Knox County",470313,1547.26745805453,0.427253947174266,395.056058412164,205.820379194281,1615.94512590551,42.7253947174266
2022-01-06,91294,1169,71454,744,19840,425,77610,781,498867,1010,576477,1791,2,1075,934,6825,233,83394,7,2311,1104,"Knox County",470313,1497.08810940799,0.425845147219193,380.810226381155,248.557875287309,1451.16124793489,42.5845147219193
2022-01-05,90125,1217,70710,905,19415,312,76829,944,497857,1255,574686,2199,1,1073,979,5891,237,83161,8,2304,1100,"Knox County",470313,1507.50670298291,0.419809874271696,467.56096471924,258.763844503554,1252.57009693545,41.9809874271696
2022-01-04,88908,924,69805,578,19103,346,75885,567,496602,1040,572487,1607,0,1072,716,4912,208,82924,6,2296,1099,"Knox County",470313,1413.10148773264,0.403112777053455,341.687344385547,196.464907412723,1044.41084979577,40.3112777053455
2022-01-03,87984,716,69227,538,18757,178,75318,505,495562,820,570880,1325,6,1072,539,4196,171,82716,6,2290,1094,"Knox County",470313,1352.50354551118,0.392510976721067,281.727275240106,152.239040808993,892.171808986781,39.2510976721067
2022-01-02,87268,290,68689,207,18579,83,74813,265,494742,651,569555,916,3,1066,170,3657,117,82545,9,2284,1092,"Knox County",470313,1256.39733539154,0.390268033819032,194.763912543349,61.6610640148157,777.567279662693,39.0268033819032
2022-01-01,86978,265,68482,215,18496,50,74548,237,494091,767,568639,1004,0,1063,167,3487,98,82428,15,2275,1088,"Knox County",470313,1179.8525662697,0.38,213.474856106465,56.3454550480212,741.42113868849,38
2021-12-31,86713,591,68267,429,18446,162,74311,470,493324,1008,567635,1478,0,1063,487,3320,104,82330,5,2260,1088,"Knox County",470313,1099.69318305044,0.365213178294574,314.258802116888,125.660995975021,705.912870790303,36.5213178294574
2021-12-30,86122,582,67838,403,18284,179,73841,404,492316,918,566157,1322,2,1063,471,2833,109,82226,6,2255,1085,"Knox County",470313,974.882684510103,0.344330524819815,281.089402164091,123.747376746975,602.364808117148,34.4330524819815
2021-12-29,85540,633,67435,475,18105,158,73437,503,491398,1195,564835,1698,1,1061,506,2362,126,82117,5,2249,1083,"Knox County",470313,850.710059045784,0.315614973262032,361.036161024679,134.591219039236,502.21873518274,31.5614973262032
2021-12-28,84907,429,66960,262,17947,167,72934,283,490203,978,563137,1261,1,1060,303,1856,125,81991,5,2244,1081,"Knox County",470313,745.461001503254,0.296201688138605,268.119316285112,91.2158498701928,394.63080969482,29.6201688138605
2021-12-27,84478,314,66698,234,17780,80,72651,254,489225,905,561876,1159,2,1059,202,1553,110,81866,1,2239,1081,"Knox County",470313,659.986009317199,0.27336501470921,246.431631700591,66.7640486229383,330.205629017271,27.336501470921
2021-12-26,84164,61,66464,49,17700,12,72397,60,488320,426,560717,486,7,1057,-35,1351,89,81756,1,2238,1080,"Knox County",470313,611.295031181362,0.262963843958135,103.335438314484,12.9700858789785,287.255508565572,26.2963843958135
2021-12-25,84103,85,66415,63,17688,22,72337,74,487894,489,560231,563,1,1050,5,1386,79,81667,1,2237,1080,"Knox County",470313,573.022646620442,0.257060374042927,119.707513932211,18.0730704871011,294.697361119085,25.7060374042927
2021-12-24,84018,174,66352,122,17666,52,72263,137,487405,848,559668,985,0,1049,94,1381,80,81588,2,2236,1080,"Knox County",470313,484.358289054311,0.229462135402729,209.434993291702,36.9966384088894,293.634239325726,22.9462135402729
2021-12-23,83844,218,66230,159,17614,59,72126,166,486557,960,558683,1126,5,1049,113,1287,100,81508,5,2234,1080,"Knox County",470313,406.963022497783,0.202940368233031,239.415027864422,46.3521101904476,273.647549610578,20.2940368233031
2021-12-22,83626,176,66071,102,17555,74,71960,101,485597,812,557557,913,47,1044,14,1174,115,81408,10,2229,1079,"Knox County",470313,309.793690584781,0.165562913907285,194.126039467333,37.421887126233,249.620997080668,16.5562913907285
2021-12-21,83450,177,65969,124,17481,53,71859,120,484785,912,556644,1032,3,997,72,1160,102,81293,6,2219,1077,"Knox County",470313,256.212352199493,0.145593869731801,219.428338149275,37.6345114849047,246.644256059263,14.5593869731801
2021-12-20,83273,114,65845,80,17428,34,71739,84,483873,623,555612,707,1,994,-8,1088,121,81191,3,2213,1075,"Knox County",470313,213.687480465137,0.127666896077082,150.325421580947,24.2391768885827,231.335302234895,12.7666896077082
2021-12-19,83159,70,65765,50,17394,20,71655,58,483250,557,554905,615,3,993,-18,1096,85,81070,6,2210,1074,"Knox County",470313,215.601099693183,0.124558155192729,130.763980583144,14.8837051070245,233.036297104269,12.4558155192728
2021-12-18,83089,88,65715,56,17374,32,71597,65,482693,660,554290,725,0,990,11,1114,77,80985,3,2204,1073,"Knox County",470313,216.238972769198,0.119777158774373,154.152660037039,18.7109435631165,236.863535560361,11.9777158774373
2021-12-17,83001,119,65659,77,17342,42,71532,83,482033,1034,553565,1117,2,990,7,1103,110,80908,6,2201,1071,"Knox County",470313,204.544633042251,0.108580593424218,237.501408636376,25.3022986819416,234.524667614971,10.8580593424218
2021-12-16,82882,138,65582,106,17300,32,71449,108,480999,661,552448,769,2,988,32,1096,104,80798,3,2195,1069,"Knox County",470313,187.534684348508,0.105307927866621,163.508131818597,29.3421614967054,233.036297104269,10.5307927866621
2021-12-15,82744,157,65476,113,17268,44,71341,125,480338,841,551679,966,0,986,30,1064,127,80694,5,2192,1067,"Knox County",470313,183.494821533745,0.108413421008262,205.395130476938,33.3820243114692,226.232317626772,10.8413421008262
2021-12-14,82587,97,65363,59,17224,38,71216,63,479497,811,550713,874,3,986,-55,1034,149,80567,3,2187,1064,"Knox County",470313,166.484872840002,0.101507015416594,185.833689479134,20.6245627911625,219.853586866619,10.1507015416594
2021-12-13,82490,111,65304,74,17186,37,71153,79,478686,627,549839,706,4,983,-52,1089,159,80418,3,2184,1061,"Knox County",470313,165.846999763987,0.100658350658351,150.112797222275,23.6013038125674,231.547926593566,10.0658350658351
2021-12-12,82379,54,65230,29,17149,25,71074,40,478059,493,549133,533,6,979,-37,1141,85,80259,5,2181,1061,"Knox County",470313,162.445010025239,0.0989455184534271,113.328783172058,11.481715368276,242.604393244499,9.89455184534271
2021-12-11,82325,65,65201,45,17124,20,71034,51,477566,541,548600,592,0,973,-21,1178,86,80174,1,2176,1060,"Knox County",470313,157.554649775788,0.0987943134784956,125.873620333693,13.8205833136656,250.471494515355,9.87943134784956
2021-12-10,82260,84,65156,48,17104,36,70983,57,477025,856,548008,913,0,973,-13,1199,97,80088,3,2175,1057,"Knox County",470313,150.112797222275,0.0977022230524939,194.126039467333,17.8604461284294,254.936606047462,9.77022230524939
2021-12-09,82176,164,65108,96,17068,68,70926,107,476169,1017,547095,1124,3,973,102,1212,59,79991,2,2172,1055,"Knox County",470313,155.641030547742,0.0914505956552207,238.989779147079,34.8703948221716,257.700722710195,9.14505956552208
2021-12-08,82012,130,65012,67,17000,63,70819,65,475152,751,545971,816,0,970,33,1110,97,79932,7,2170,1054,"Knox County",470313,149.900172863604,0.0831234256926952,173.501476676171,27.6411666273312,236.013038125674,8.31234256926952
2021-12-07,81882,127,64945,70,16937,57,70754,76,474401,631,545155,707,2,970,17,1077,108,79835,2,2163,1053,"Knox County",470313,156.278903623757,0.0881098126507142,150.325421580947,27.0032935513158,228.996434289505,8.81098126507142
2021-12-06,81755,148,64875,107,16880,41,70678,115,473770,759,544448,874,8,968,38,1060,102,79727,4,2161,1053,"Knox County",470313,164.146004894613,0.0919230077352042,185.833689479134,31.4684050834232,225.381820192085,9.19230077352042
2021-12-05,81607,43,64768,28,16839,15,70563,33,473011,342,543574,375,2,960,-21,1022,62,79625,1,2157,1050,"Knox County",470313,161.807136949223,0.093316052582855,79.7341345019168,9.14284742288646,217.302094562557,9.3316052582855
2021-12-04,81564,69,64740,50,16824,19,70530,55,472669,499,543199,554,0,958,14,1043,55,79563,3,2156,1050,"Knox County",470313,162.65763438391,0.0947231027410032,117.793894704165,14.6710807483527,221.767206094665,9.47231027410032
2021-12-03,81495,147,64690,103,16805,44,70475,108,472170,1009,542645,1117,3,958,62,1029,82,79508,2,2153,1048,"Knox County",470313,176.052968980232,0.100413148913239,237.501408636376,31.2557807247514,218.79046507326,10.0413148913239
2021-12-02,81348,133,64587,86,16761,47,70367,85,471161,794,541528,879,0,955,31,967,102,79426,4,2151,1046,"Knox County",470313,169.461613861407,0.100901916572717,186.896811272493,28.2790397033465,205.607754835609,10.0901916572717
2021-12-01,81215,185,64501,142,16714,43,70282,147,470367,1009,540649,1156,4,955,90,936,91,79324,7,2147,1044,"Knox County",470313,181.155953588355,0.109325326739668,245.793758624576,39.335506354279,199.016399716784,10.9325326739668
2021-11-30,81030,116,64359,67,16671,49,70135,68,469358,693,539493,761,3,951,16,846,97,79233,6,2140,1043,"Knox County",470313,178.817085642965,0.106892932120364,161.807136949223,24.6644256059263,179.880207436324,10.6892932120364
2021-11-29,80914,165,64292,128,16622,37,70067,139,468665,967,538732,1106,2,948,75,830,88,79136,5,2134,1040,"Knox County",470313,182.431699740386,0.106758574310693,235.162540690987,35.0830191808434,176.478217697576,10.6758574310693
2021-11-28,80749,33,64164,22,16585,11,69928,22,467698,270,537626,292,3,946,-24,755,54,79048,5,2129,1039,"Knox County",470313,180.305456153668,0.106393861892583,62.0863127321592,7.01660383616868,160.531390797193,10.6393861892583
2021-11-27,80716,59,64142,31,16574,28,69906,32,467428,266,537334,298,0,943,1,779,58,78994,1,2124,1038,"Knox County",470313,178.17921256695,0.107149224460688,63.3620588841899,12.5448371616349,165.634375405315,10.7149224460688
2021-11-26,80657,20,64111,18,16546,2,69874,20,467162,298,537036,318,0,943,-45,778,65,78936,4,2123,1036,"Knox County",470313,151.175919015634,0.106652806652807,67.6145460576254,4.25248717343556,165.421751046643,10.6652806652807
2021-11-25,80637,52,64093,26,16544,26,69854,29,466864,331,536718,360,0,943,-18,823,70,78871,3,2119,1035,"Knox County",470313,133.95334596322,0.106501980890235,76.5447691218401,11.0564666509325,174.989847186873,10.6501980890235
2021-11-24,80585,105,64067,66,16518,39,69825,73,466533,742,536358,815,0,943,18,841,87,78801,3,2116,1030,"Knox County",470313,116.943397269478,0.0969620253164557,173.288852317499,22.3255576605367,178.817085642965,9.69620253164557
2021-11-23,80480,99,64001,64,16479,35,69752,65,465791,674,535543,739,0,943,37,823,62,78714,2,2113,1026,"Knox County",470313,113.328783172058,0.0967413441955193,157.129401058444,21.049811508506,174.989847186873,9.67413441955193
2021-11-22,80381,107,63937,83,16444,24,69687,82,465117,740,534804,822,0,943,37,786,70,78652,3,2111,1026,"Knox County",470313,100.996570369095,0.0886388583973655,174.777222828202,22.7508063778803,167.122745916018,8.86388583973655
2021-11-21,80274,44,63854,32,16420,12,69605,37,464377,284,533982,321,0,943,-9,749,53,78582,2,2108,1026,"Knox County",470313,103.335438314484,0.0920228695888919,68.2524191336408,9.35547178155824,159.255644645162,9.20228695888919
2021-11-20,80230,54,63822,37,16408,17,69568,44,464093,537,533661,581,0,943,13,758,41,78529,1,2106,1024,"Knox County",470313,102.272316521125,0.0884732052578362,123.534752388303,11.481715368276,161.169263873208,8.84732052578362
2021-11-19,80176,112,63785,83,16391,29,69524,81,463556,825,533080,906,0,943,62,745,50,78488,0,2105,1024,"Knox County",470313,121.833757518929,0.0904489436619718,192.637668956631,23.8139281712392,158.405147210475,9.04489436619718
2021-11-18,80064,80,63702,44,16362,36,69443,49,462731,937,532174,986,3,943,18,683,59,78438,2,2105,1024,"Knox County",470313,127.787239561739,0.0833655705996132,209.647617650373,17.0099486937423,145.222436972824,8.33655705996132
2021-11-17,79984,105,63658,64,16326,41,69394,66,461794,833,531188,899,0,940,44,665,61,78379,1,2103,1024,"Knox County",470313,127.787239561739,0.0807004187285877,191.149298445929,22.3255576605367,141.395198516732,8.07004187285877
2021-11-16,79879,73,63594,51,16285,22,69328,67,460961,777,530289,844,0,940,9,621,64,78318,2,2102,1023,"Knox County",470313,122.259006236272,0.0794924426198918,179.454958718981,15.5215781830398,132.039726735174,7.94924426198918
2021-11-15,79806,84,63543,44,16263,40,69261,34,460184,460,529445,494,3,940,21,612,60,78254,0,2100,1020,"Knox County",470313,117.368645986822,0.075134168157424,105.036433183858,17.8604461284294,130.126107507128,7.5134168157424
2021-11-14,79722,72,63499,62,16223,10,69227,68,459724,624,528951,692,0,937,16,591,56,78194,2,2100,1020,"Knox County",470313,123.322128029631,0.0757126990003702,147.13605620087,15.308953824368,125.660995975021,7.57126990003702
2021-11-13,79650,29,63437,13,16213,16,69159,12,459100,317,528259,329,0,937,-13,575,42,78138,2,2098,1018,"Knox County",470313,118.006519062837,0.0732038834951456,69.953414003015,6.16610640148157,122.259006236272,7.32038834951456
2021-11-12,79621,66,63424,49,16197,17,69147,51,458783,687,527930,738,0,937,18,588,48,78096,4,2096,1018,"Knox County",470313,108.225798563935,0.069650742673625,156.916776699772,14.0332076723374,125.023122899006,6.96507426736251
2021-11-11,79555,67,63375,46,16180,21,69096,54,458096,962,527192,1016,0,937,-3,570,70,78048,0,2092,1016,"Knox County",470313,105.461681901202,0.0702314445331205,216.026348410527,14.2458320310091,121.195884442914,7.02314445331205
2021-11-10,79488,74,63329,50,16159,24,69042,69,457134,855,526176,924,1,937,6,573,67,77978,2,2092,1016,"Knox County",470313,98.8703267823768,0.0704784594004368,196.464907412723,15.7342025417116,121.833757518929,7.04784594004368
2021-11-09,79414,106,63279,76,16135,30,68973,134,456279,1174,525252,1308,1,936,34,567,71,77911,1,2090,1016,"Knox County",470313,105.886930618546,0.0767133248500273,278.112661142686,22.5381820192085,120.558011366898,7.67133248500273
2021-11-08,79308,78,63203,58,16105,20,68839,70,455105,687,523944,757,6,935,-10,533,82,77840,1,2089,1015,"Knox County",470313,104.611184466515,0.0794587092297016,160.956639514536,16.5846999763987,113.328783172058,7.94587092297016
2021-11-07,79230,31,63145,20,16085,11,68769,23,454418,390,523187,413,0,929,-20,543,51,77758,1,2088,1012,"Knox County",470313,95.8935857609719,0.0752962625341841,87.8138601314444,6.59135511882512,115.455026758776,7.52962625341841
2021-11-06,79199,41,63125,27,16074,14,68746,30,454028,453,522774,483,0,929,-2,563,43,77707,2,2087,1009,"Knox County",470313,98.4450780650333,0.0764319914878525,102.697565238469,8.7175987055429,119.707513932211,7.64319914878525
2021-11-05,79158,52,63098,32,16060,20,68716,36,453575,605,522291,641,0,929,-28,565,80,77664,2,2085,1008,"Knox County",470313,95.4683370436284,0.0750631540959942,136.29221390861,11.0564666509325,120.132762649555,7.50631540959942
2021-11-04,79106,68,63066,45,16040,23,68680,49,452970,668,521650,717,0,929,-1,593,69,77584,1,2083,1008,"Knox County",470313,95.6809614023002,0.0783902345985123,152.451665167665,14.4584563896809,126.086244692364,7.83902345985123
2021-11-03,79038,79,63021,59,16017,20,68631,65,452302,969,520933,1034,0,929,-2,594,81,77515,2,2082,1007,"Knox County",470313,96.7440831956591,0.0760321315150383,219.853586866619,16.7973243350705,126.298869051036,7.60321315150383
2021-11-02,78959,41,62962,19,15997,22,68566,22,451333,301,519899,323,4,929,-51,596,88,77434,1,2080,1005,"Knox County",470313,82.9234998819935,0.06753663003663,68.6776678509843,8.7175987055429,126.72411776838,6.753663003663
2021-11-01,78918,95,62943,71,15975,24,68544,83,451032,661,519576,744,1,925,-20,647,114,77346,3,2079,1002,"Knox County",470313,86.5381139794137,0.0707233065442021,158.192522851803,20.1993140738189,137.56796006064,7.07233065442021
2021-10-31,78823,26,62872,20,15951,6,68461,19,450371,278,518832,297,0,924,-44,667,70,77232,1,2076,1001,"Knox County",470313,85.4749921860548,0.0717150271290399,63.1494345255181,5.52823332546623,141.820447234076,7.17150271290399
2021-10-30,78797,56,62852,41,15945,15,68442,43,450093,522,518535,565,0,924,-23,711,79,77162,4,2075,1000,"Knox County",470313,88.6643575661315,0.0733626475352928,120.132762649555,11.9069640856196,151.175919015634,7.33626475352928
2021-10-29,78741,73,62811,59,15930,14,68399,66,449571,846,517970,912,1,924,-37,734,109,77083,1,2071,1000,"Knox County",470313,93.1294690982388,0.0755662020905923,193.913415108662,15.5215781830398,156.066279265085,7.55662020905923
2021-10-28,78668,54,62752,32,15916,22,68333,39,448725,561,517058,600,4,923,-52,771,102,76974,3,2070,999,"Knox County",470313,90.1527280768339,0.0753072625698324,127.574615203067,11.481715368276,163.933380535941,7.53072625698324
2021-10-27,78614,88,62720,57,15894,31,68294,65,448164,759,516458,824,1,919,-29,823,116,76872,3,2067,997,"Knox County",470313,92.0663473048799,0.0790152403282532,175.202471545545,18.7109435631165,174.989847186873,7.90152403282532
2021-10-26,78526,96,62663,58,15863,38,68229,55,447405,554,515634,609,0,918,-18,852,114,76756,5,2064,994,"Knox County",470313,103.760687031828,0.0813008130081301,129.488234431113,20.4119384324907,181.155953588355,8.13008130081301
2021-10-25,78430,71,62605,47,15825,24,68174,54,446851,491,515025,545,6,918,-72,870,137,76642,3,2059,992,"Knox County",470313,98.6577024237051,0.0783547794117647,115.880275476119,15.0963294656962,184.983192044447,7.83547794117647
2021-10-24,78359,38,62558,20,15801,18,68120,23,446360,337,514480,360,1,912,-73,942,110,76505,5,2056,991,"Knox County",470313,101.209194727766,0.0781426953567384,76.5447691218401,8.07972562952757,200.292145868815,7.81426953567384
2021-10-23,78321,59,62538,40,15783,19,68097,42,446023,471,514120,513,0,911,-14,1015,73,76395,1,2051,988,"Knox County",470313,101.847067803782,0.0788448315379326,109.076295998622,12.5448371616349,215.813724051855,7.88448315379326
2021-10-22,78262,90,62498,55,15764,35,68055,55,445552,551,513607,606,0,911,-68,1029,158,76322,2,2050,986,"Knox County",470313,105.461681901202,0.0820803549420754,128.850361355098,19.13619228046,218.79046507326,8.20803549420754
2021-10-21,78172,124,62443,71,15729,53,68000,78,445001,712,513001,790,3,911,-23,1097,144,76164,2,2048,984,"Knox County",470313,120.345387008226,0.0875912408759124,167.973243350705,26.3654204753005,233.248921462941,8.75912408759124
2021-10-20,78048,149,62372,83,15676,66,67922,90,444289,959,512211,1049,3,908,-47,1120,193,76020,3,2046,982,"Knox County",470313,133.315472887205,0.0887745974955277,223.042952246695,31.6810294420949,238.139281712392,8.87745974955277
2021-10-19,77899,131,62289,85,15610,46,67832,92,443330,724,511162,816,4,905,-40,1167,167,75827,4,2043,980,"Knox County",470313,140.757325440717,0.0927548621500321,173.501476676171,27.8537909860029,248.132626569965,9.27548621500321
2021-10-18,77768,121,62204,90,15564,31,67740,106,442606,607,510346,713,9,901,-72,1207,184,75660,8,2039,978,"Knox County",470313,151.388543374306,0.100268207138436,151.601167732978,25.7275473992852,256.637600916836,10.0268207138436
2021-10-17,77647,63,62114,56,15533,7,67634,61,441999,303,509633,364,1,892,-66,1279,128,75476,4,2031,975,"Knox County",470313,156.7041523411,0.108018965161822,77.3952665565272,13.395334596322,271.946554741204,10.8018965161822
2021-10-16,77584,55,62058,41,15526,14,67573,44,441696,372,509269,416,0,891,-84,1345,139,75348,1,2027,973,"Knox County",470313,155.853654906413,0.110643668489693,88.4517332074597,11.6943397269478,285.979762413542,11.0643668489693
2021-10-15,77529,125,62017,89,15512,36,67529,100,441324,794,508853,894,9,891,-69,1429,185,75209,5,2026,969,"Knox County",470313,163.295507459926,0.113248710829036,190.08617665257,26.5780448339723,303.840208541971,11.3248710829036
2021-10-14,77404,192,61928,135,15476,57,67429,143,440530,699,507959,842,0,882,6,1498,186,75024,7,2021,967,"Knox County",470313,177.753963849607,0.124852767962309,179.029710001637,40.8238768649814,318.511289290324,12.4852767962309
2021-10-13,77212,121,61793,87,15419,34,67286,99,439831,764,507117,863,7,882,-78,1492,192,74838,5,2014,962,"Knox County",470313,171.800481806797,0.131418092909535,183.494821533745,25.7275473992852,317.235543138293,13.1418092909535
2021-10-12,77091,136,61706,104,15385,32,67187,109,439067,821,506254,930,4,875,-81,1570,213,74646,3,2009,961,"Knox County",470313,172.863603600156,0.131819992035046,197.740653564754,28.9169127793618,333.820243114692,13.1819992035046
2021-10-11,76955,194,61602,136,15353,58,67078,149,438246,581,505324,730,3,871,-86,1651,277,74433,12,2006,952,"Knox County",470313,188.385181783195,0.139908712046041,155.215781830398,41.249125582325,351.042816167106,13.9908712046041
2021-10-10,76761,54,61466,41,15295,13,66929,51,437665,489,504594,540,0,868,-90,1737,144,74156,4,1994,951,"Knox County",470313,186.471562555149,0.13326941514861,114.81715368276,11.481715368276,369.328511012879,13.326941514861
2021-10-09,76707,66,61425,37,15282,29,66878,48,437176,490,504054,538,0,868,-67,1827,133,74012,7,1990,948,"Knox County",470313,188.810430500539,0.1309724564362,114.391904965417,14.0332076723374,388.464703293339,13.09724564362
2021-10-08,76641,289,61388,114,15253,175,66830,122,436686,936,503516,1058,-1,868,75,1894,215,73879,5,1983,944,"Knox County",470313,223.680825322711,0.131067078712961,224.956571474741,61.4484396561439,402.710535324348,13.1067078712961
2021-10-07,76352,259,61274,170,15078,89,66708,176,435750,1106,502458,1282,6,869,-8,1819,261,73664,9,1978,940,"Knox County",470313,237.92665735372,0.12691466083151,272.58442781722,55.0697088959905,386.763708423964,12.691466083151
2021-10-06,76093,139,61104,103,14989,36,66532,112,434644,835,501176,947,1,863,-120,1827,258,73403,4,1969,939,"Knox County",470313,241.753895809812,0.127302904564315,201.355267662174,29.5547858553772,388.464703293339,12.7302904564315
2021-10-05,75954,210,61001,118,14953,92,66420,138,433809,915,500229,1053,3,862,-73,1947,280,73145,4,1965,934,"Knox County",470313,257.488098351523,0.129472999349382,223.893449681382,44.6511153210734,413.979626333952,12.9472999349382
2021-10-04,75744,316,60883,224,14861,92,66282,245,432894,829,499176,1074,3,859,-14,2020,327,72865,4,1961,930,"Knox County",470313,283.42827010948,0.137399876771411,228.35856121349,67.1892973402819,429.501204516992,13.7399876771411
2021-10-03,75428,102,60659,93,14769,9,66037,107,432065,677,498102,784,1,856,-66,2034,167,72538,6,1957,928,"Knox County",470313,293.634239325726,0.140736342042755,166.697497198674,21.6876845845214,432.477945538397,14.0736342042755
2021-10-02,75326,67,60566,43,14760,24,65930,50,431388,472,497318,522,5,855,-144,2100,206,72371,2,1951,927,"Knox County",470313,293.846863684397,0.141369047619048,110.989915226668,14.2458320310091,446.511153210734,14.1369047619048
2021-10-01,75259,225,60523,152,14736,73,65880,167,430916,965,496796,1132,0,850,-77,2244,302,72165,9,1949,923,"Knox County",470313,280.238904729404,0.146452752428613,240.690774016453,47.8404807011501,477.12906085947,14.6452752428613
2021-09-30,75034,240,60371,166,14663,74,65713,186,429951,1104,495664,1290,1,850,-113,2321,352,71863,8,1940,920,"Knox County",470313,276.19904191464,0.147750661570126,274.285422686594,51.0298460812268,493.501136477197,14.7750661570126
2021-09-29,74794,361,60205,170,14589,191,65527,192,428847,1111,494374,1303,6,849,-95,2434,450,71511,7,1932,918,"Knox County",470313,323.401649539775,0.151578653255099,277.049539349327,76.7573934805119,517.527689007108,15.1578653255099
2021-09-28,74433,348,60035,249,14398,99,65335,270,427736,778,493071,1048,2,843,-75,2529,421,71061,1,1925,915,"Knox County",470313,352.74381103648,0.170138403467077,222.830327888024,73.9932768177788,537.727003080927,17.0138403467077
2021-09-27,74085,239,59786,162,14299,77,65065,186,426958,760,492023,946,7,841,-302,2604,534,70640,12,1924,912,"Knox County",470313,336.371735418753,0.164839857651246,201.142643303502,50.817221722555,553.67382998131,16.4839857651246
2021-09-26,73846,124,59624,99,14222,25,64879,117,426198,703,491077,820,2,834,-144,2906,266,70106,1,1912,906,"Knox County",470313,341.049471309532,0.165415663503753,174.351974110858,26.3654204753005,617.886386300187,16.5415663503753
2021-09-25,73722,110,59525,90,14197,20,64762,102,425495,705,490257,807,0,832,-176,3050,286,69840,3,1911,901,"Knox County",470313,350.192318732419,0.166076776476994,171.587857448125,23.3886794538956,648.504293948923,16.6076776476994
2021-09-24,73612,244,59435,165,14177,79,64660,182,424790,939,489450,1121,13,832,-234,3226,465,69554,5,1908,894,"Knox County",470313,354.232181547182,0.168370824812543,238.351906071063,51.8803435159139,685.926181075156,16.8370824812543
2021-09-23,73368,355,59270,246,14098,109,64478,268,423851,1370,488329,1638,14,819,-222,3460,563,69089,8,1903,891,"Knox County",470313,378.683982794437,0.171417415072237,348.278699504373,75.4816473284812,735.680281004352,17.1417415072237
2021-09-22,73013,251,59024,187,13989,64,64210,202,422481,1260,486691,1462,3,805,-327,3682,575,68526,4,1895,888,"Knox County",470313,355.295303340541,0.169217036470288,310.85681237814,53.3687140266163,782.882888629487,16.9217036470288
2021-09-21,72762,397,58837,216,13925,181,64008,230,421221,996,485229,1226,10,802,-354,4009,741,67951,7,1891,879,"Knox County",470313,365.713896915458,0.160473815461347,260.6774637316,84.4118703926959,852.411053915159,16.0473815461347
2021-09-20,72365,432,58621,310,13744,122,63778,343,420225,1295,484003,1638,5,792,113,4363,314,67210,9,1884,875,"Knox County",470313,406.750398139112,0.16574839302112,348.278699504373,91.8537229462082,927.680076884968,16.574839302112
2021-09-19,71933,120,58311,88,13622,32,63435,97,418930,432,482365,529,1,787,-176,4250,295,66896,7,1875,868,"Knox County",470313,405.899900704425,0.169101056881606,112.478285737371,25.5149230406134,903.653524355057,16.9101056881606
2021-09-18,71813,226,58223,183,13590,43,63338,197,418498,1075,481836,1272,0,786,-108,4426,334,66601,7,1868,860,"Knox County",470313,430.564326310351,0.17094305649336,270.458184230502,48.0531050598219,941.07541148129,17.094305649336
2021-09-17,71587,546,58040,421,13547,125,63141,448,417423,1310,480564,1758,5,786,4,4534,537,66267,11,1861,847,"Knox County",470313,494.776882629228,0.187440932479261,373.793622544986,116.092899834791,964.038842217842,18.7440932479261
2021-09-16,71041,588,57619,456,13422,132,62693,487,416113,1518,478806,2005,7,781,15,4530,566,65730,16,1850,842,"Knox County",470313,544.318358199752,0.20262891809909,426.311839136915,125.023122899006,963.188344783155,20.262891809909
2021-09-15,70453,338,57163,249,13290,89,62206,267,414595,807,476801,1074,6,774,-306,4515,638,65164,5,1834,839,"Knox County",470313,562.816677404197,0.217743632919385,228.35856121349,71.867033231061,959.998979403078,21.7743632919385
2021-09-14,70115,555,56914,443,13201,112,61939,476,413788,1406,475727,1882,12,768,-159,4821,702,64526,8,1829,835,"Knox County",470313,596.411326074338,0.227899192754479,400.159043020287,118.006519062837,1025.06203315664,22.7899192754479
2021-09-13,69560,399,56471,299,13089,100,61463,332,412382,1134,473845,1466,20,756,-436,4980,815,63824,15,1821,832,"Knox County",470313,589.394722238169,0.230723012217104,311.707309812827,84.8371191100395,1058.86930618546,23.0723012217104
2021-09-12,69161,387,56172,358,12989,29,61131,376,411248,1460,472379,1836,0,736,79,5416,308,63009,5,1806,823,"Knox County",470313,646.165426003534,0.228725759319933,390.378322521385,82.2856268059781,1151.57352656635,22.8725759319933
2021-09-11,68774,865,55814,707,12960,158,60755,763,409788,2621,470543,3384,4,736,499,5337,362,62701,26,1801,815,"Knox County",470313,782.0323911948,0.2349123461395,719.520829745297,183.920070251088,1134.77620223128,23.49123461395
2021-09-10,67909,1027,55107,750,12802,277,59992,804,407167,2513,467159,3317,1,732,477,4838,549,62339,24,1775,805,"Knox County",470313,884.304707715925,0.234228815824646,705.274997714288,218.365216355916,1028.67664725406,23.4228815824646
2021-09-09,66882,309,54357,166,12525,143,59188,171,404654,685,463842,856,1,731,-366,4361,674,61790,18,1751,798,"Knox County",470313,824.982511646499,0.230836047774159,182.006451023042,65.7009268295794,927.254828167625,23.0836047774159
2021-09-08,66573,290,54191,226,12382,64,59017,250,403969,837,462986,1087,5,730,-404,4727,689,61116,11,1733,793,"Knox County",470313,814.776542430254,0.229389644200174,231.122677876223,61.6610640148157,1005.0753434415,22.9389644200174
2021-09-07,66283,414,53965,300,12318,114,58767,311,403132,979,461899,1290,3,725,-222,5131,633,60427,13,1722,787,"Knox County",470313,784.796507857533,0.22718343910547,274.285422686594,88.0264844901162,1090.97558434489,22.718343910547
2021-09-06,65869,990,53665,790,12204,200,58456,843,402153,3221,460609,4064,1,722,341,5353,648,59794,20,1709,786,"Knox County",470313,910.457503832554,0.222180118731843,864.105393642106,210.49811508506,1138.17819197003,22.2180118731843
2021-09-05,64879,969,52875,800,12004,169,57613,832,398932,2999,456545,3831,2,721,620,5012,347,59146,15,1689,783,"Knox County",470313,1034.20488057953,0.222895282965954,814.563918071582,206.033003552953,1065.67328566295,22.2895282965954
2021-09-04,63910,541,52075,387,11835,154,56781,407,395933,1502,452714,1909,2,719,220,4392,319,58799,10,1674,777,"Knox County",470313,965.314588369873,0.221230280053809,405.899900704425,115.029778041432,933.84618328645,22.1230280053809
2021-09-03,63369,334,51688,238,11681,96,56374,249,394431,909,450805,1158,5,717,-155,4172,484,58480,8,1664,773,"Knox County",470313,817.965907810331,0.215780204297288,246.219007341919,71.0165357963739,887.068824378658,21.5780204297288
2021-09-02,63035,323,51450,181,11585,142,56125,200,393522,681,449647,881,3,712,-160,4327,480,57996,5,1656,768,"Knox County",470313,820.942648831735,0.217440225035162,187.322059989837,68.6776678509843,920.025599972784,21.7440225035162
2021-09-01,62712,276,51269,212,11443,64,55925,226,392841,645,448766,871,2,709,-119,4487,393,57516,2,1651,765,"Knox County",470313,817.965907810331,0.219080262782062,185.195816403119,58.6843229934108,954.045497360269,21.9080262782062
2021-08-31,62436,595,51057,434,11379,161,55699,479,392196,1894,447895,2373,2,707,190,4606,403,57123,9,1649,762,"Knox County",470313,856.450916729922,0.214489295419898,504.55760312813,126.511493409708,979.34779604221,21.4489295419898
2021-08-30,61841,513,50623,403,11218,110,55220,430,390302,1630,445522,2060,9,705,97,4416,407,56720,12,1640,758,"Knox County",470313,755.029097643484,0.215776198119697,438.006178863863,109.076295998622,938.949167894572,21.5776198119697
2021-08-29,61328,482,50220,407,11108,75,54790,439,388672,1485,443462,1924,1,696,250,4319,231,56313,5,1628,752,"Knox County",470313,651.481034970328,0.217430207587688,409.089266084501,102.484940879797,918.32460510341,21.7430207587688
2021-08-28,60846,397,49813,302,11033,95,54351,320,387187,1065,441538,1385,0,695,189,4069,208,56082,4,1623,745,"Knox County",470313,620.863127321592,0.219958693203154,294.484736760413,84.4118703926959,865.168515435465,21.9958693203154
2021-08-27,60449,473,49511,375,10938,98,54031,389,386122,1166,440153,1555,5,695,198,3880,270,55874,5,1619,742,"Knox County",470313,650.417913176969,0.224726219567382,330.630877734615,100.571321651751,824.982511646499,22.4726219567382
2021-08-26,59976,450,49136,347,10840,103,53642,366,384956,1426,438598,1792,5,690,155,3682,290,55604,0,1614,741,"Knox County",470313,677.421206728285,0.221488294314381,381.022850739826,95.6809614023002,782.882888629487,22.1488294314381
2021-08-25,59526,351,48789,225,10737,126,53276,236,383530,642,436806,878,2,685,90,3527,259,55314,4,1614,736,"Knox County",470313,693.368033628669,0.222194367844907,186.684186913821,74.6311498937941,749.926113035361,22.2194367844907
2021-08-24,59175,342,48564,222,10611,120,53040,233,382888,677,435928,910,4,683,75,3437,263,55055,5,1610,726,"Knox County",470313,639.574070884709,0.229722010662605,193.488166391318,72.7175306657481,730.789920754901,22.9722010662605
2021-08-23,58833,287,48342,206,10491,81,52807,227,382211,825,435018,1052,1,679,30,3362,256,54792,1,1605,726,"Knox County",470313,591.520965824887,0.232729570345409,223.680825322711,61.0231909388003,714.843093854518,23.2729570345409
2021-08-22,58546,240,48136,217,10410,23,52580,233,381386,889,433966,1122,2,678,69,3332,169,54536,0,1604,722,"Knox County",470313,540.065871026316,0.230503795721187,238.564530429735,51.0298460812268,708.464363094365,23.0503795721187
2021-08-21,58306,498,47919,376,10387,122,52347,411,380497,1904,432844,2315,0,676,383,3263,115,54367,8,1604,720,"Knox County",470313,561.540931252166,0.217684954280964,492.225390325166,105.886930618546,693.793282346012,21.7684954280964
2021-08-20,57808,425,47543,331,10265,94,51936,357,378593,1148,430529,1505,0,676,229,2880,196,54252,6,1596,717,"Knox County",470313,551.334962035921,0.215479423438479,319.999659801026,90.3653524355057,612.358152974721,21.5479423438479
2021-08-19,57383,367,47212,254,10171,113,51579,264,377445,952,429024,1216,1,676,202,2651,164,54056,6,1590,714,"Knox County",470313,533.687140266163,0.217937319404312,258.551220144882,78.0331396325426,563.667174838884,21.7937319404312
2021-08-18,57016,263,46958,191,10058,72,51315,200,376493,914,427808,1114,2,675,97,2449,164,53892,5,1584,714,"Knox County",470313,514.976196703047,0.208468702620749,236.863535560361,55.9202063306777,520.717054387185,20.8468702620749
2021-08-17,56753,263,46767,181,9986,82,51115,197,375579,1042,426694,1239,0,673,100,2352,163,53728,5,1579,714,"Knox County",470313,498.178872367976,0.197532155181428,263.441580394333,55.9202063306777,500.092491596022,19.7532155181428
2021-08-16,56490,184,46586,126,9904,58,50918,132,374537,422,425455,554,2,673,-27,2252,209,53565,4,1574,711,"Knox County",470313,476.278563424783,0.197904026475455,117.793894704165,39.1228819956072,478.830055728844,19.7904026475455
2021-08-15,56306,204,46460,181,9846,23,50786,198,374115,952,424901,1150,3,671,81,2279,120,53356,6,1570,711,"Knox County",470313,468.624086512599,0.193445507533267,244.518012472545,43.3753691690427,484.570913412982,19.3445507533267
2021-08-14,56102,219,46279,147,9823,72,50588,154,373163,794,423751,948,0,668,97,2198,122,53236,4,1564,710,"Knox County",470313,409.301890443173,0.194408490810251,201.567892020846,46.5647345491194,467.348340360568,19.4408490810251
2021-08-13,55883,266,46132,206,9751,60,50434,218,372369,1470,422803,1688,1,668,124,2101,141,53114,5,1560,708,"Knox County",470313,375.49461741436,0.172335314199014,358.909917437962,56.558079406693,446.723777569406,17.2335314199014
2021-08-12,55617,222,45926,146,9691,76,50216,152,370899,643,421115,795,2,667,82,1977,138,52973,8,1555,705,"Knox County",470313,344.664085406952,0.167067307692308,169.036365144064,47.2026076251348,420.358357094105,16.7067307692308
2021-08-11,55395,315,45780,237,9615,78,50064,248,370256,989,420320,1237,1,665,182,1895,132,52835,10,1547,703,"Knox County",470313,355.720552057885,0.170674024438313,263.01633167699,66.9766729816101,402.92315968302,17.0674024438313
2021-08-10,55080,173,45543,110,9537,63,49816,121,369267,621,419083,742,1,664,56,1713,116,52703,2,1537,700,"Knox County",470313,336.584359777425,0.17191453472027,157.767274134459,36.7840140502176,364.225526404756,17.191453472027
2021-08-09,54907,197,45433,159,9474,38,49695,167,368646,753,418341,920,1,663,75,1657,121,52587,4,1535,696,"Knox County",470313,339.348476440158,0.168181818181818,195.614409978036,41.8869986583403,352.318562319136,16.8181818181818
2021-08-08,54710,89,45274,67,9436,22,49528,75,367893,418,417421,493,1,662,23,1582,65,52466,5,1531,695,"Knox County",470313,314.896675192903,0.166349113293273,104.823808825187,18.9235679217883,336.371735418753,16.6349113293273
2021-08-07,54621,105,45207,76,9414,29,49453,80,367475,638,416928,718,0,661,44,1559,61,52401,2,1526,695,"Knox County",470313,290.657498304321,0.16092825724253,152.664289526337,22.3255576605367,331.481375169302,16.092825724253
2021-08-06,54516,203,45131,147,9385,56,49373,163,366837,879,416210,1042,0,661,139,1515,64,52340,11,1524,695,"Knox County",470313,277.262163707999,0.169160921473012,221.554581735993,43.162744810371,322.125903387744,16.9160921473012
2021-08-05,54313,174,44984,131,9329,43,49210,147,365958,850,415168,997,2,661,102,1376,70,52276,4,1513,694,"Knox County",470313,267.056194491753,0.162790697674419,211.986485595763,36.9966384088894,292.571117532367,16.2790697674419
2021-08-04,54139,144,44853,101,9286,43,49063,104,365108,656,414171,760,1,659,69,1274,74,52206,4,1509,692,"Knox County",470313,230.697429158879,0.151093088857546,161.594512590551,30.6179076487361,270.883432947845,15.1093088857546
2021-08-03,53995,238,44752,177,9243,61,48959,183,364452,814,413411,997,0,658,161,1205,77,52132,5,1505,691,"Knox County",470313,244.518012472545,0.155053146617176,211.986485595763,50.6045973638832,256.212352199493,15.5053146617176
2021-08-02,53757,97,44575,75,9182,22,48776,82,363638,532,412414,614,2,658,-3,1044,98,52055,3,1500,688,"Knox County",470313,223.255576605367,0.148372175769436,130.551356224472,20.6245627911625,221.979830453336,14.8372175769436
2021-08-01,53660,105,44500,89,9160,16,48694,99,363106,526,411800,625,0,656,61,1047,44,51957,2,1497,688,"Knox County",470313,226.657566344116,0.149139579349904,132.890224169861,22.3255576605367,222.617703529352,14.9139579349904
2021-07-31,53555,104,44411,64,9144,40,48595,68,362580,399,411175,467,1,656,46,986,57,51913,6,1495,686,"Knox County",470313,226.444941985444,0.153762268266085,99.2955754997204,22.1129333018649,209.647617650373,15.3762268266085
2021-07-30,53451,118,44347,83,9104,35,48527,90,362181,339,410708,429,1,655,79,940,38,51856,0,1489,686,"Knox County",470313,208.371871498343,0.158110042953569,91.2158498701928,25.0896743232698,199.866897151471,15.8110042953569
2021-07-29,53333,117,44264,65,9069,52,48437,68,361842,483,410279,551,0,654,82,861,35,51818,1,1489,685,"Knox County",470313,196.252283054051,0.156200765248706,117.15602162815,24.877049964598,183.069572816401,15.6200765248706
2021-07-28,53216,131,44199,90,9017,41,48369,95,361359,536,409728,631,0,654,80,779,51,51783,4,1488,684,"Knox County",470313,193.488166391318,0.15878535002318,134.165970321892,27.8537909860029,165.634375405315,15.878535002318
2021-07-27,53085,117,44109,78,8976,39,48274,84,360823,499,409097,583,0,654,85,699,32,51732,4,1484,684,"Knox County",470313,167.760618992033,0.15025641025641,123.960001105647,24.877049964598,148.624426711573,15.025641025641
2021-07-26,52968,97,44031,73,8937,24,48190,79,360324,371,408514,450,1,654,61,614,35,51700,4,1480,684,"Knox County",470313,167.760618992033,0.156049250535332,95.6809614023002,20.6245627911625,130.551356224472,15.6049250535332
2021-07-25,52871,51,43958,43,8913,8,48111,44,359953,320,408064,364,3,653,22,553,26,51665,5,1476,684,"Knox County",470313,156.278903623757,0.151942446043165,77.3952665565272,10.8438422922607,117.581270345493,15.1942446043165
2021-07-24,52820,64,43915,43,8905,21,48067,44,359633,348,407700,392,0,650,39,531,25,51639,1,1471,683,"Knox County",470313,147.773929276886,0.148235294117647,83.348748599337,13.6079589549938,112.903534454714,14.8235294117647
2021-07-23,52756,56,43872,31,8884,25,48023,32,359285,321,407308,353,1,650,24,492,31,51614,3,1470,681,"Knox County",470313,134.591219039236,0.134175691937425,75.0563986111377,11.9069640856196,104.611184466515,13.4175691937425
2021-07-22,52700,94,43841,69,8859,25,47991,78,358964,474,406955,552,0,649,71,468,23,51583,3,1467,680,"Knox County",470313,129.700858789785,0.137142857142857,117.368645986822,19.9866897151471,99.5081998583922,13.7142857142857
2021-07-21,52606,61,43772,47,8834,14,47913,46,358490,411,406403,457,1,649,33,397,27,51560,1,1464,680,"Knox County",470313,114.81715368276,0.129165344335132,97.1693319130026,12.9700858789785,84.4118703926959,12.9165344335132
2021-07-20,52545,78,43725,43,8820,35,47867,45,358079,299,405946,344,0,648,54,364,24,51533,3,1463,680,"Knox County",470313,106.524803694561,0.126373626373626,73.1427793830917,16.5846999763987,77.3952665565272,12.6373626373626
2021-07-19,52467,48,43682,36,8785,12,47822,42,357780,348,405602,390,0,648,28,310,20,51509,0,1460,680,"Knox County",470313,96.1062101196437,0.116058906030856,82.9234998819935,10.2059692162454,65.9135511882512,11.6058906030856
2021-07-18,52419,36,43646,30,8773,6,47780,31,357432,271,405212,302,0,648,27,282,9,51489,1,1460,680,"Knox County",470313,92.9168447395671,0.113978494623656,64.212556318877,7.65447691218401,59.9600691454414,11.3978494623656
2021-07-17,52383,27,43616,20,8767,7,47749,21,357161,202,404910,223,0,648,12,255,15,51480,1,1459,679,"Knox County",470313,85.0497434687113,0.112552460892789,47.4152319838065,5.74085768413801,54.2192114613034,11.2552460892789
2021-07-16,52356,37,43596,21,8760,16,47728,22,356959,291,404687,313,0,648,25,243,12,51465,1,1458,679,"Knox County",470313,81.0098806539475,0.110422316931422,66.5514242642666,7.86710127085579,51.6677191572421,11.0422316931422
2021-07-15,52319,55,43575,42,8744,13,47706,44,356668,364,404374,408,-1,648,36,218,20,51453,1,1457,679,"Knox County",470313,72.7175306657481,0.10299548625359,86.7507383380855,11.6943397269478,46.3521101904476,10.299548625359
2021-07-14,52264,21,43533,17,8731,4,47662,16,356304,269,403966,285,0,649,8,182,13,51433,2,1456,679,"Knox County",470313,64.212556318877,0.0975717439293598,60.5979422214568,4.46511153210734,38.6976332782636,9.75717439293598
2021-07-13,52243,42,43516,26,8727,16,47646,29,356035,355,403681,384,3,649,28,174,11,51420,3,1454,679,"Knox County",470313,56.558079406693,0.0889370932754881,81.6477537299628,8.93022306421468,36.9966384088894,8.89370932754881
2021-07-12,52201,27,43490,21,8711,6,47617,23,355680,270,403297,293,0,646,16,146,11,51409,1,1451,679,"Knox County",470313,52.0929678745856,0.0842391304347826,62.298937090831,5.74085768413801,31.0431563660796,8.42391304347826
2021-07-11,52174,8,43469,3,8705,5,47594,4,355410,136,403004,140,0,646,1,130,7,51398,0,1450,678,"Knox County",470313,46.1394858317759,0.0777126099706745,29.7674102140489,1.70099486937423,27.6411666273312,7.77126099706745
2021-07-10,52166,19,43466,15,8700,4,47590,15,355274,191,402864,206,0,646,11,129,8,51391,1,1450,678,"Knox County",470313,44.4384909624016,0.0754066042385411,43.8006178863863,4.03986281476378,27.4285422686594,7.54066042385411
2021-07-09,52147,27,43451,21,8696,6,47575,21,355083,338,402658,359,0,646,12,118,15,51383,0,1449,678,"Knox County",470313,42.3122473756839,0.0732530120481928,76.3321447631684,5.74085768413801,25.0896743232698,7.32530120481928
2021-07-08,52120,19,43430,14,8690,5,47554,16,354745,317,402299,333,0,646,6,106,13,51368,0,1449,677,"Knox County",470313,34.6577704634998,0.062,70.8039114377021,4.03986281476378,22.5381820192085,6.2
2021-07-07,52101,18,43416,5,8685,13,47538,5,354428,333,401966,338,1,646,8,100,9,51355,1,1449,675,"Knox County",470313,34.0198973874845,0.055041402825134,71.867033231061,3.82723845609201,21.2624358671778,5.5041402825134
2021-07-06,52083,24,43411,9,8672,15,47533,13,354095,263,401628,276,0,645,14,92,10,51346,2,1448,675,"Knox County",470313,30.1926589313925,0.0498714652956298,58.6843229934108,5.10298460812268,19.5614409978036,4.98714652956298
2021-07-05,52059,10,43402,7,8657,3,47520,6,353832,105,401352,111,0,645,1,78,9,51336,1,1446,675,"Knox County",470313,26.5780448339723,0.0453771979580261,23.6013038125674,2.12624358671778,16.5846999763987,4.53771979580261
2021-07-04,52049,8,43395,7,8654,1,47514,7,353727,143,401241,150,0,645,0,77,8,51327,1,1445,675,"Knox County",470313,26.5780448339723,0.0468133107727016,31.8936538007667,1.70099486937423,16.3720756177269,4.68133107727016
2021-07-03,52041,9,43388,7,8653,2,47507,7,353584,185,401091,192,0,645,-2,77,11,51319,1,1444,675,"Knox County",470313,24.4518012472545,0.0426378624218306,40.8238768649814,1.913619228046,16.3720756177269,4.26378624218306
2021-07-02,52032,17,43381,13,8651,4,47500,17,353399,342,400899,359,-1,645,11,79,7,51308,0,1443,675,"Knox County",470313,22.3255576605367,0.0403638430926663,76.3321447631684,3.61461409742023,16.7973243350705,4.03638430926663
2021-07-01,52015,18,43368,15,8647,3,47483,17,353057,248,400540,265,-1,646,13,68,6,51301,1,1443,675,"Knox County",470313,22.1129333018649,0.0425783560023655,56.3454550480212,3.82723845609201,14.4584563896809,4.25783560023655
2021-06-30,51997,18,43353,12,8644,6,47466,11,352809,299,400275,310,0,647,9,55,9,51295,0,1442,675,"Knox County",470313,22.1129333018649,0.0469031870114251,65.9135511882512,3.82723845609201,11.6943397269478,4.69031870114251
2021-06-29,51979,21,43341,16,8638,5,47455,19,352510,438,399965,457,0,647,8,46,13,51286,1,1442,675,"Knox County",470313,21.4750602258496,0.0455531453362256,97.1693319130026,4.46511153210734,9.7807204989018,4.55531453362256
2021-06-28,51958,9,43325,2,8633,7,47436,2,352072,113,399508,115,0,647,-4,38,13,51273,0,1441,675,"Knox County",470313,21.2624358671778,0.0432900432900433,24.4518012472545,1.913619228046,8.07972562952757,4.32900432900433
2021-06-27,51949,5,43323,3,8626,2,47434,3,351959,151,399393,154,0,647,0,42,5,51260,0,1441,675,"Knox County",470313,20.6245627911625,0.041036717062635,32.7441512354538,1.06312179335889,8.93022306421468,4.1036717062635
2021-06-26,51944,3,43320,2,8624,1,47431,2,351808,206,399239,208,0,647,0,42,3,51255,0,1441,675,"Knox County",470313,19.3488166391318,0.0380085653104925,44.2258666037299,0.637873076015334,8.93022306421468,3.80085653104925
2021-06-25,51941,13,43318,9,8623,4,47429,11,351602,311,399031,322,0,647,3,42,10,51252,0,1441,675,"Knox County",470313,18.4983192044447,0.0354997269251775,68.4650434923126,2.76411666273312,8.93022306421468,3.54997269251775
2021-06-24,51928,14,43309,9,8619,5,47418,10,351291,364,398709,374,1,647,8,39,5,51242,1,1441,675,"Knox County",470313,17.6478217697576,0.0298969072164948,79.521510143245,2.97674102140489,8.29234998819935,2.98969072164948
2021-06-23,51914,13,43300,6,8614,7,47408,8,350927,282,398335,290,0,646,6,31,7,51237,0,1440,674,"Knox County",470313,16.5846999763987,0.0286458333333333,61.6610640148157,2.76411666273312,6.59135511882512,2.86458333333333
2021-06-22,51901,14,43294,5,8607,9,47400,5,350645,247,398045,252,2,646,10,25,2,51230,1,1440,673,"Knox County",470313,15.0963294656962,0.0239067055393586,53.5813383852881,2.97674102140489,5.31560896679445,2.39067055393586
2021-06-21,51887,9,43289,8,8598,1,47395,9,350398,289,397793,298,0,644,5,15,4,51228,1,1439,672,"Knox County",470313,15.0963294656962,0.0252897787144362,63.3620588841899,1.913619228046,3.18936538007667,2.52897787144363
2021-06-20,51878,3,43281,2,8597,1,47386,3,350109,161,397495,164,1,644,-2,10,4,51224,0,1438,672,"Knox County",470313,14.6710807483527,0.0251572327044025,34.8703948221716,0.637873076015334,2.12624358671778,2.51572327044025
2021-06-19,51875,3,43279,1,8596,2,47383,1,349948,191,397331,192,0,643,-3,12,6,51220,0,1438,672,"Knox County",470313,14.6710807483527,0.0248414376321353,40.8238768649814,0.637873076015334,2.55149230406134,2.48414376321353
2021-06-18,51872,5,43278,3,8594,2,47382,3,349757,283,397139,286,1,643,-7,15,11,51214,0,1438,672,"Knox County",470313,12.9700858789785,0.0210129310344828,60.8105665801286,1.06312179335889,3.18936538007667,2.10129310344828
2021-06-17,51867,12,43275,8,8592,4,47379,9,349474,515,396853,524,0,642,6,22,6,51203,0,1438,672,"Knox County",470313,12.5448371616349,0.0189431704885344,111.415163944012,2.55149230406134,4.67773589077912,1.89431704885344
2021-06-16,51855,7,43267,4,8588,3,47370,4,348959,362,396329,366,1,642,-6,16,12,51197,0,1438,671,"Knox County",470313,11.2690910096042,0.0163304514889529,77.8205152738708,1.48837051070245,3.40198973874845,1.63304514889529
2021-06-15,51848,13,43263,9,8585,4,47366,14,348597,428,395963,442,0,641,-2,22,15,51185,0,1438,671,"Knox County",470313,11.0564666509325,0.0189260563380282,93.9799665329259,2.76411666273312,4.67773589077912,1.89260563380282
2021-06-14,51835,7,43254,2,8581,5,47352,3,348169,260,395521,263,1,641,-5,24,11,51170,0,1438,671,"Knox County",470313,10.6312179335889,0.0165400089405454,55.9202063306777,1.48837051070245,5.10298460812268,1.65400089405454
2021-06-13,51828,3,43252,3,8576,0,47349,4,347909,128,395258,132,0,640,-5,29,8,51159,1,1438,671,"Knox County",470313,10.6312179335889,0.0172335600907029,28.0664153446747,0.637873076015334,6.16610640148157,1.72335600907029
2021-06-12,51825,2,43249,1,8576,1,47345,1,347781,226,395126,227,0,640,-6,34,8,51151,0,1437,671,"Knox County",470313,10.4185935749171,0.0169642857142857,48.2657294184936,0.425248717343556,7.22922819484046,1.69642857142857
2021-06-11,51823,7,43248,3,8575,4,47344,2,347555,318,394899,320,0,640,-2,40,9,51143,0,1437,670,"Knox County",470313,10.8438422922607,0.0162708883025506,68.039794774969,1.48837051070245,8.50497434687113,1.62708883025506
2021-06-10,51816,7,43245,4,8571,3,47342,5,347237,358,394579,363,0,640,-1,42,8,51134,0,1437,669,"Knox County",470313,9.7807204989018,0.0156176053005206,77.1826421978555,1.48837051070245,8.93022306421468,1.56176053005206
2021-06-09,51809,2,43241,1,8568,1,47337,1,346879,367,394216,368,1,640,-17,43,18,51126,0,1437,669,"Knox County",470313,8.7175987055429,0.0141843971631206,78.2457639912144,0.425248717343556,9.14284742288646,1.41843971631206
2021-06-08,51807,5,43240,3,8567,2,47336,4,346512,266,393848,270,1,639,-17,60,21,51108,0,1437,668,"Knox County",470313,7.01660383616868,0.0102933607822954,57.4085768413801,1.06312179335889,12.7574615203067,1.02933607822954
2021-06-07,51802,16,43237,10,8565,6,47332,10,346246,316,393578,326,0,638,-7,77,23,51087,2,1437,667,"Knox County",470313,8.93022306421468,0.0134596211365902,69.3155409269997,3.40198973874845,16.3720756177269,1.34596211365902
2021-06-06,51786,4,43227,2,8559,2,47322,2,345930,178,393252,180,0,638,-5,84,9,51064,0,1435,667,"Knox County",470313,9.14284742288646,0.0121713729308666,38.2723845609201,0.850497434687113,17.8604461284294,1.21713729308666
2021-06-05,51782,5,43225,2,8557,3,47320,3,345752,258,393072,261,0,638,-9,89,14,51055,0,1435,666,"Knox County",470313,9.7807204989018,0.0129310344827586,55.4949576133341,1.06312179335889,18.9235679217883,1.29310344827586
2021-06-04,51777,7,43223,2,8554,5,47317,3,345494,325,392811,328,1,638,-9,98,15,51041,0,1435,666,"Knox County",470313,9.7807204989018,0.0133587786259542,69.7407896443432,1.48837051070245,20.8371871498343,1.33587786259542
2021-06-03,51770,7,43221,4,8549,3,47314,6,345169,458,392483,464,0,637,-12,107,19,51026,0,1435,666,"Knox County",470313,9.7807204989018,0.0131998179335457,98.6577024237051,1.48837051070245,22.7508063778803,1.31998179335457
2021-06-02,51763,20,43217,7,8546,13,47308,6,344711,282,392019,288,0,637,5,119,15,51007,1,1435,666,"Knox County",470313,13.6079589549938,0.0160604629192253,61.2358152974721,4.25248717343556,25.3022986819416,1.60604629192253
2021-06-01,51743,12,43210,9,8533,3,47302,10,344429,291,391731,301,0,637,-10,114,22,50992,1,1434,666,"Knox County",470313,15.0963294656962,0.0186219739292365,63.9999319602052,2.55149230406134,24.2391768885827,1.86219739292365
2021-05-31,51731,17,43201,14,8530,3,47292,12,344138,354,391430,366,0,637,-1,124,18,50970,0,1433,666,"Knox County",470313,15.308953824368,0.0191956124314442,77.8205152738708,3.61461409742023,26.3654204753005,1.91956124314442
2021-05-30,51714,3,43187,1,8527,2,47280,1,343784,203,391064,204,0,637,-9,125,12,50952,0,1433,666,"Knox County",470313,15.0963294656962,0.0185352622061483,43.3753691690427,0.637873076015334,26.5780448339723,1.85352622061483
2021-05-29,51711,14,43186,8,8525,6,47279,6,343581,199,390860,205,0,637,-14,134,28,50940,1,1433,665,"Knox County",470313,17.0099486937423,0.0204081632653061,43.5879935277145,2.97674102140489,28.4916640620183,2.04081632653061
2021-05-28,51697,11,43178,6,8519,5,47273,10,343382,390,390655,400,0,637,-9,148,20,50912,1,1432,663,"Knox County",470313,17.8604461284294,0.0228904847396768,85.0497434687113,2.33886794538956,31.4684050834232,2.28904847396768
2021-05-27,51686,23,43172,8,8514,15,47263,9,342992,341,390255,350,0,637,-5,157,28,50892,1,1431,663,"Knox County",470313,21.2624358671778,0.0255439924314096,74.4185255351224,4.8903602494509,33.3820243114692,2.55439924314096
2021-05-26,51663,16,43164,8,8499,8,47254,11,342651,571,389905,582,0,637,-8,162,24,50864,0,1430,663,"Knox County",470313,20.4119384324907,0.0245016611295681,123.747376746975,3.40198973874845,34.4451461048281,2.45016611295681
2021-05-25,51647,18,43156,8,8491,10,47243,7,342080,311,389323,318,0,637,-10,170,28,50840,1,1430,663,"Knox County",470313,21.6876845845214,0.0230927835051546,67.6145460576254,3.82723845609201,36.1461409742023,2.30927835051546
2021-05-24,51629,25,43148,21,8481,4,47236,24,341769,425,389005,449,0,637,-11,180,36,50812,1,1429,663,"Knox County",470313,23.3886794538956,0.0271132376395534,95.4683370436284,5.31560896679445,38.2723845609201,2.71132376395534
2021-05-23,51604,16,43127,8,8477,8,47212,8,341344,225,388556,233,1,637,-5,191,20,50776,1,1428,662,"Knox County",470313,26.1527961166287,0.0295624753646039,49.5414755705243,3.40198973874845,40.6112525063096,2.95624753646039
2021-05-22,51588,8,43119,4,8469,4,47204,4,341119,269,388323,273,0,636,-6,196,14,50756,0,1427,661,"Knox County",470313,24.877049964598,0.0280230326295585,58.0464499173954,1.70099486937423,41.6743742996685,2.80230326295585
2021-05-21,51580,16,43115,12,8465,4,47200,13,340850,377,388050,390,0,636,-16,202,32,50742,1,1427,661,"Knox County",470313,25.9401717579569,0.0292870905587669,82.9234998819935,3.40198973874845,42.9501204516992,2.92870905587669
2021-05-20,51564,34,43103,26,8461,8,47187,27,340473,594,387660,621,0,636,6,218,28,50710,1,1426,660,"Knox County",470313,28.2790397033465,0.0327983251919051,132.039726735174,7.22922819484046,46.3521101904476,3.27983251919051
2021-05-19,51530,14,43077,6,8453,8,47160,6,339879,544,387039,550,0,636,-29,212,43,50682,1,1425,659,"Knox County",470313,27.8537909860029,0.0314043754410727,116.943397269478,2.97674102140489,45.076364038417,3.14043754410727
2021-05-18,51516,24,43071,14,8445,10,47154,14,339335,444,386489,458,1,636,-21,241,44,50639,0,1424,659,"Knox County",470313,29.1295371380336,0.0322797579018157,97.3819562716744,5.10298460812268,51.2424704398985,3.22797579018157
2021-05-17,51492,15,43057,8,8435,7,47140,8,338891,420,386031,428,0,635,-18,262,33,50595,0,1424,658,"Knox County",470313,27.0032935513158,0.0270910938029123,91.0032255115211,3.18936538007667,55.7075819720059,2.70910938029123
2021-05-16,51477,22,43049,13,8428,9,47132,12,338471,272,385603,284,1,635,-10,280,31,50562,1,1424,658,"Knox County",470313,28.2790397033465,0.0279627163781625,60.385317862785,4.67773589077912,59.5348204280979,2.79627163781625
2021-05-15,51455,23,43036,13,8419,10,47120,17,338199,336,385319,353,0,634,-8,290,31,50531,2,1423,657,"Knox County",470313,31.4684050834232,0.0314526588845655,75.0563986111377,4.8903602494509,61.6610640148157,3.14526588845655
2021-05-14,51432,36,43023,25,8409,11,47103,26,337863,498,384966,524,0,634,4,298,32,50500,4,1421,656,"Knox County",470313,35.7208922568587,0.0341827221876942,111.415163944012,7.65447691218401,63.3620588841899,3.41827221876942
2021-05-13,51396,31,42998,17,8398,14,47077,17,337365,376,384442,393,0,634,-17,294,48,50468,0,1417,656,"Knox County",470313,35.0830191808434,0.0334448160535117,83.5613729580088,6.59135511882512,62.5115614495028,3.34448160535117
2021-05-12,51365,34,42981,28,8384,6,47060,26,336989,506,384049,532,0,634,-15,311,49,50420,0,1417,656,"Knox County",470313,39.335506354279,0.0403768506056528,113.116158813386,7.22922819484046,66.126175546923,4.03768506056528
2021-05-11,51331,36,42953,30,8378,6,47034,31,336483,555,383517,586,0,634,-11,326,47,50371,4,1417,656,"Knox County",470313,41.8869986583403,0.0441935483870968,124.597874181662,7.65447691218401,69.3155409269997,4.41935483870968
2021-05-10,51295,21,42923,14,8372,7,47003,13,335928,277,382931,290,1,634,-26,337,46,50324,1,1413,656,"Knox County",470313,43.162744810371,0.0479405806887238,61.6610640148157,4.46511153210734,71.6544088723892,4.79405806887238
2021-05-09,51274,17,42909,14,8365,3,46990,17,335651,369,382641,386,0,633,-22,363,39,50278,1,1412,655,"Knox County",470313,42.0996230170121,0.047976501305483,82.0730024473064,3.61461409742023,77.1826421978555,4.7976501305483
2021-05-08,51257,20,42895,11,8362,9,46973,14,335282,307,382255,321,0,633,-18,385,38,50239,1,1411,655,"Knox County",470313,41.4617499409967,0.0474934036939314,68.2524191336408,4.25248717343556,81.8603780886346,4.74934036939314
2021-05-07,51237,43,42884,31,8353,12,46959,33,334975,576,381934,609,0,633,3,403,40,50201,0,1410,655,"Knox County",470313,42.9501204516992,0.0484440166827077,129.488234431113,9.14284742288646,85.6876165447266,4.84440166827077
2021-05-06,51194,40,42853,26,8341,14,46926,28,334399,340,381325,368,1,633,-8,400,47,50161,0,1410,655,"Knox County",470313,44.8637396797452,0.0523932729624838,78.2457639912144,8.50497434687113,85.0497434687113,5.23932729624838
2021-05-05,51154,51,42827,32,8327,19,46898,38,334059,585,380957,623,0,632,5,408,46,50114,4,1410,654,"Knox County",470313,48.4783537771654,0.0546654099905749,132.464975452518,10.8438422922607,86.7507383380855,5.46654099905749
2021-05-04,51103,50,42795,32,8308,18,46860,34,333474,536,380334,570,0,632,6,403,44,50068,0,1406,654,"Knox County",470313,51.4550947985703,0.0558888538048626,121.195884442914,10.6312179335889,85.6876165447266,5.58888538048626
2021-05-03,51053,24,42763,9,8290,15,46826,7,332938,309,379764,316,1,632,-37,397,60,50024,1,1406,654,"Knox County",470313,52.0929678745856,0.053554650798622,67.1892973402819,5.10298460812268,84.4118703926959,5.3554650798622
2021-05-02,51029,25,42754,18,8275,7,46819,20,332629,288,379448,308,0,631,-17,434,42,49964,2,1405,653,"Knox County",470313,53.7939627439599,0.0558587479935795,65.4883024709077,5.31560896679445,92.2789716635517,5.58587479935795
2021-05-01,51004,45,42736,35,8268,10,46799,37,332341,450,379140,487,0,631,7,451,38,49922,2,1403,653,"Knox County",470313,59.1095717107543,0.060042669917708,103.548062673156,9.56809614023002,95.893585760972,6.0042669917708
2021-04-30,50959,58,42701,30,8258,28,46762,29,331891,567,378653,596,0,631,-9,444,67,49884,3,1401,653,"Knox County",470313,62.298937090831,0.0590575275397797,126.72411776838,12.3322128029631,94.4052152502695,5.90575275397797
2021-04-29,50901,54,42671,34,8230,20,46733,35,331324,571,378057,606,0,631,-2,453,56,49817,2,1398,652,"Knox County",470313,65.2756781122359,0.0570450656018254,128.850361355098,11.481715368276,96.3188344783155,5.70450656018254
2021-04-28,50847,47,42637,28,8210,19,46698,34,330753,543,377451,577,4,631,-38,455,81,49761,1,1396,652,"Knox County",470313,64.4251806775488,0.0566473988439306,122.684254953616,9.99334485757357,96.7440831956591,5.66473988439306
2021-04-27,50800,39,42609,17,8191,22,46664,20,330210,392,376874,412,1,627,-33,493,71,49680,2,1395,650,"Knox County",470313,62.0863127321592,0.0551181102362205,87.6012357727726,8.29234998819935,104.823808825187,5.51181102362205
2021-04-26,50761,69,42592,36,8169,33,46644,40,329818,480,376462,520,1,626,2,526,66,49609,0,1393,649,"Knox County",470313,71.6544088723892,0.0613234455219624,110.564666509325,14.6710807483527,111.840412661355,6.13234455219624
2021-04-25,50692,38,42556,25,8136,13,46604,26,329338,341,375942,367,0,625,-4,524,42,49543,3,1393,647,"Knox County",470313,74.4185255351224,0.0619915848527349,78.0331396325426,8.07972562952757,111.415163944012,6.19915848527349
2021-04-24,50654,35,42531,22,8123,13,46578,28,328997,510,375575,538,0,625,-28,528,63,49501,3,1390,647,"Knox County",470313,72.2922819484046,0.0586283185840708,114.391904965417,7.44185255351224,112.265661378699,5.86283185840708
2021-04-23,50619,43,42509,31,8110,12,46550,36,328487,553,375037,589,0,625,-4,556,47,49438,2,1387,646,"Knox County",470313,69.1029165683279,0.0606816292601829,125.235747257677,9.14284742288646,118.219143421509,6.06816292601829
2021-04-22,50576,79,42478,62,8098,17,46514,65,327934,787,374448,852,1,625,15,560,63,49391,1,1385,645,"Knox County",470313,74.4185255351224,0.064591439688716,181.155953588355,16.7973243350705,119.069640856196,6.4591439688716
2021-04-21,50497,62,42416,34,8081,28,46449,35,327147,479,373596,514,1,624,-2,545,63,49328,1,1384,644,"Knox County",470313,77.607890915199,0.0659282700421941,109.288920357294,13.1827102376502,115.880275476119,6.59282700421941
2021-04-20,50435,38,42382,34,8053,4,46414,38,326668,474,373082,512,1,623,-32,547,69,49265,1,1383,643,"Knox County",470313,77.3952665565272,0.0688591983556012,108.86367163995,8.07972562952757,116.305524193463,6.88591983556012
2021-04-19,50397,65,42348,41,8049,24,46376,39,326194,336,372570,375,0,622,-3,579,68,49196,0,1382,642,"Knox County",470313,76.5447691218401,0.0712570056044836,79.7341345019168,13.8205833136656,123.10950367096,7.12570056044836
2021-04-18,50332,38,42307,27,8025,11,46337,32,325858,364,372195,396,0,622,-12,582,50,49128,1,1382,642,"Knox County",470313,76.5447691218401,0.0722987288135593,84.1992460340241,8.07972562952757,123.747376746975,7.22987288135593
2021-04-17,50294,37,42280,18,8014,19,46305,23,325494,335,371799,358,0,622,-23,594,60,49078,1,1381,641,"Knox County",470313,76.9700178391837,0.0745272525027809,76.1195204044966,7.86710127085579,126.298869051036,7.45272525027809
2021-04-16,50257,346,42262,330,7995,16,46282,368,325159,2088,371441,2456,1,622,279,617,66,49018,4,1380,641,"Knox County",470313,141.395198516732,0.109829763866008,522.205424897887,73.5680281004352,131.189229300487,10.9829763866008
2021-04-15,49911,86,41932,54,7979,32,45914,55,323071,577,368985,632,1,621,11,338,74,48952,0,1376,640,"Knox County",470313,142.883569027435,0.112530993705894,134.378594680564,18.2856948457729,71.867033231061,11.2530993705894
2021-04-14,49825,85,41878,60,7947,25,45859,62,322494,684,368353,746,0,620,-1,327,86,48878,3,1376,639,"Knox County",470313,147.773929276886,0.112694063926941,158.617771569146,18.0730704871011,69.5281652856715,11.2694063926941
2021-04-13,49740,68,41818,38,7922,30,45797,43,321810,339,367607,382,-5,620,-7,328,80,48792,1,1373,639,"Knox County",470313,154.152660037039,0.116370439663237,81.2225050126193,14.4584563896809,69.7407896443432,11.6370439663237
2021-04-12,49672,63,41780,43,7892,20,45754,50,321471,360,367225,410,1,625,-24,335,86,48712,0,1372,639,"Knox County",470313,153.727411319696,0.117657992565056,87.175987055429,13.395334596322,71.2291601550457,11.7657992565056
2021-04-11,49609,26,41737,14,7872,12,45704,14,321111,296,366815,310,2,624,-26,359,50,48626,0,1372,638,"Knox County",470313,151.175919015634,0.116169248205516,65.9135511882512,5.52823332546623,76.3321447631684,11.6169248205516
2021-04-10,49583,50,41723,33,7860,17,45690,41,320815,571,366505,612,0,622,6,385,44,48576,1,1372,638,"Knox County",470313,153.940035678367,0.114095169430425,130.126107507128,10.6312179335889,81.8603780886346,11.4095169430425
2021-04-09,49533,82,41690,62,7843,20,45649,71,320244,620,365893,691,5,622,11,379,66,48532,2,1371,637,"Knox County",470313,97.8072049890179,0.0888183980967486,146.923431842199,17.4351974110858,80.5846319366039,8.88183980967486
2021-04-08,49451,49,41628,26,7823,23,45578,26,319624,465,365202,491,-6,617,-23,368,78,48466,0,1369,637,"Knox County",470313,89.9401037181622,0.0842943437671609,104.398560107843,10.4185935749171,78.2457639912144,8.42943437671609
2021-04-07,49402,77,41602,54,7800,23,45552,57,319159,768,364711,825,2,623,9,391,66,48388,1,1369,636,"Knox County",470313,88.2391088487879,0.0811609782316582,175.415095904217,16.3720756177269,83.1361242406653,8.11609782316582
2021-04-06,49325,75,41548,41,7777,34,45495,45,318391,421,363886,466,2,621,-4,382,77,48322,0,1368,636,"Knox County",470313,89.7274793594904,0.0798948751642576,99.0829511410486,15.9468269003834,81.2225050126193,7.98948751642576
2021-04-05,49250,44,41507,32,7743,12,45450,35,317970,266,363420,301,0,619,-60,386,104,48245,3,1368,636,"Knox County",470313,85.6876165447266,0.0781926406926407,63.9999319602052,9.35547178155824,82.0730024473064,7.81926406926407
2021-04-04,49206,49,41475,31,7731,18,45415,40,317704,341,363119,381,3,619,-28,446,74,48141,0,1365,634,"Knox County",470313,90.5779767941775,0.0836209185027874,81.0098806539475,10.4185935749171,94.8304639676131,8.36209185027874
2021-04-03,49157,81,41444,64,7713,17,45375,71,317363,593,362738,664,0,616,6,474,75,48067,0,1365,633,"Knox County",470313,97.1693319130026,0.0903377847604085,141.182574158061,17.222573052414,100.783946010423,9.03377847604085
2021-04-02,49076,74,41380,43,7696,31,45304,45,316770,529,362074,574,0,616,4,468,70,47992,2,1365,630,"Knox County",470313,95.4683370436284,0.0861696380334954,122.046381877601,15.7342025417116,99.5081998583922,8.61696380334954
2021-04-01,49002,76,41337,64,7665,12,45259,67,316241,580,361500,647,1,616,-19,464,94,47922,1,1363,628,"Knox County",470313,101.209194727766,0.0933125972006221,137.56796006064,16.1594512590551,98.6577024237051,9.33125972006221
2021-03-31,48926,87,41273,66,7653,21,45192,72,315661,765,360853,837,3,615,-16,483,100,47828,2,1362,628,"Knox County",470313,103.335438314484,0.0968992248062016,177.966588208278,18.4983192044447,102.697565238469,9.68992248062016
2021-03-30,48839,56,41207,32,7632,24,45120,38,314896,460,360016,498,1,612,-26,499,81,47728,2,1360,626,"Knox County",470313,99.2955754997204,0.0943106099436187,105.886930618546,11.9069640856196,106.099554977217,9.43106099436187
2021-03-29,48783,43,41175,21,7608,22,45082,22,314436,399,359518,421,5,611,-58,525,96,47647,0,1358,624,"Knox County",470313,99.0829511410486,0.0882645450024863,89.5148550008186,9.14284742288646,111.627788302684,8.82645450024863
2021-03-28,48740,80,41154,46,7586,34,45060,49,314037,484,359097,533,2,606,13,583,65,47551,5,1358,623,"Knox County",470313,105.674306259874,0.0872065165309056,113.328783172058,17.0099486937423,123.960001105647,8.72065165309056
2021-03-27,48660,43,41108,40,7552,3,45011,42,313553,442,358564,484,0,604,-15,570,58,47486,2,1353,622,"Knox County",470313,97.5945806303462,0.0838758137205809,102.910189597141,9.14284742288646,121.195884442914,8.38758137205809
2021-03-26,48617,79,41068,54,7549,25,44969,60,313111,416,358080,476,0,604,1,585,78,47428,2,1351,620,"Knox County",470313,98.6577024237051,0.0898357289527721,101.209194727766,16.7973243350705,124.38524982299,8.98357289527721
2021-03-25,48538,88,41014,64,7524,24,44909,67,312695,570,357604,637,0,604,6,584,82,47350,4,1349,618,"Knox County",470313,101.209194727766,0.0900669068450849,135.441716473923,18.7109435631165,124.172625464318,9.00669068450849
2021-03-24,48450,123,40950,92,7500,31,44842,95,312125,780,356967,875,1,604,39,578,83,47268,3,1345,617,"Knox County",470313,108.86367163995,0.0950560652395515,186.046313837806,26.1527961166287,122.896879312288,9.50560652395515
2021-03-23,48327,88,40858,58,7469,30,44747,63,311345,530,356092,593,1,603,18,539,69,47185,3,1342,616,"Knox County",470313,115.667651117447,0.0990296093555611,126.086244692364,18.7109435631165,114.604529324088,9.90296093555611
2021-03-22,48239,115,40800,79,7439,36,44684,81,310815,517,355499,598,2,602,30,521,83,47116,1,1339,615,"Knox County",470313,130.976604941815,0.108913250714967,127.149366485723,24.4518012472545,110.777290867996,10.8913250714967
2021-03-21,48124,50,40721,33,7403,17,44603,34,310298,330,354901,364,-2,600,6,491,46,47033,1,1338,615,"Knox County",470313,124.597874181662,0.109759125900174,77.3952665565272,10.6312179335889,104.398560107843,10.9759125900174
2021-03-20,48074,59,40688,29,7386,30,44569,33,309968,315,354537,348,0,602,3,485,56,46987,4,1337,614,"Knox County",470313,127.99986392041,0.111282446671807,73.9932768177788,12.5448371616349,103.122813955812,11.1282446671807
2021-03-19,48015,146,40659,102,7356,44,44536,117,309653,955,354189,1072,3,602,51,482,92,46931,3,1333,614,"Knox County",470313,142.24569595142,0.109204368174727,227.933312496146,31.0431563660796,102.484940879797,10.9204368174727
2021-03-18,47869,68,40557,50,7312,18,44419,66,308698,627,353117,693,2,599,-14,431,80,46839,1,1330,613,"Knox County",470313,137.993208777984,0.107638124587277,147.348680559542,14.4584563896809,91.6410985875364,10.7638124587277
2021-03-17,47801,46,40507,36,7294,10,44353,41,308071,498,352424,539,1,597,-40,445,85,46759,3,1329,613,"Knox County",470313,121.621133160257,0.103399096743523,114.604529324088,9.7807204989018,94.6178396089413,10.3399096743523
2021-03-16,47755,128,40471,84,7284,44,44312,100,307573,698,351885,798,0,596,46,485,82,46674,3,1326,611,"Knox County",470313,130.126107507128,0.106980961015413,169.674238220079,27.2159179099876,103.122813955812,10.6980961015413
2021-03-15,47627,44,40387,28,7240,16,44212,39,306875,290,351087,329,1,596,-66,439,109,46592,1,1323,610,"Knox County",470313,115.029778041432,0.103789524499155,69.953414003015,9.35547178155824,93.3420934569106,10.3789524499155
2021-03-14,47583,60,40359,38,7224,22,44173,46,306585,405,350758,451,0,595,-13,505,73,46483,0,1322,609,"Knox County",470313,117.15602162815,0.104491725768322,95.893585760972,12.7574615203067,107.375301129248,10.4491725768322
2021-03-13,47523,71,40321,34,7202,37,44127,41,306180,623,350307,664,1,595,-11,518,81,46410,1,1322,609,"Knox County",470313,119.707513932211,0.098988121425429,141.182574158061,15.0963294656962,110.139417791981,9.8988121425429
2021-03-12,47452,63,40287,60,7165,3,44086,67,305557,691,349643,758,0,594,-52,529,115,46329,1,1321,607,"Knox County",470313,102.059692162454,0.0945179584120983,161.169263873208,13.395334596322,112.478285737371,9.45179584120983
2021-03-11,47389,82,40227,55,7162,27,44019,66,304866,627,348885,693,2,594,-22,581,102,46214,0,1320,605,"Knox County",470313,105.036433183858,0.0945179584120983,147.348680559542,17.4351974110858,123.534752388303,9.45179584120983
2021-03-10,47307,95,40172,72,7135,23,43953,82,304239,1001,348192,1083,2,592,26,603,67,46112,0,1320,604,"Knox County",470313,115.455026758776,0.0923366834170854,230.272180441536,20.1993140738189,128.212488279082,9.23366834170854
2021-03-09,47212,80,40100,50,7112,30,43871,55,303238,597,347109,652,0,590,-4,577,84,46045,2,1320,604,"Knox County",470313,105.24905754253,0.0855291576673866,138.631081853999,17.0099486937423,122.684254953616,8.55291576673866
2021-03-08,47132,85,40050,57,7082,28,43816,63,302641,411,346457,474,1,590,-31,581,115,45961,0,1318,599,"Knox County",470313,113.966656248073,0.0879581151832461,100.783946010423,18.0730704871011,123.534752388303,8.79581151832461
2021-03-07,47047,64,39993,40,7054,24,43753,42,302230,327,345983,369,0,589,-5,612,69,45846,0,1318,597,"Knox County",470313,114.81715368276,0.0886426592797784,78.4583883498861,13.6079589549938,130.126107507128,8.86426592797784
2021-03-06,46983,125,39953,87,7030,38,43711,95,301903,848,345614,943,0,589,40,617,85,45777,1,1318,597,"Knox County",470313,126.298869051036,0.0945293644408689,200.504770227487,26.5780448339723,131.189229300487,9.45293644408689
2021-03-05,46858,70,39866,44,6992,26,43616,49,301055,520,344671,569,2,589,-19,577,87,45692,2,1317,597,"Knox County",470313,127.787239561739,0.0945013589797198,120.983260084242,14.8837051070245,122.684254953616,9.45013589797198
2021-03-04,46788,113,39822,86,6966,27,43567,100,300535,1094,344102,1194,5,587,0,596,108,45605,2,1315,595,"Knox County",470313,134.378594680564,0.0919757759273278,253.873484254103,24.0265525299109,126.72411776838,9.19757759273278
2021-03-03,46675,74,39736,33,6939,41,43467,40,299441,497,342908,537,1,582,-49,596,122,45497,4,1313,593,"Knox County",470313,129.913483148456,0.0937104263402279,114.179280606745,15.7342025417116,126.72411776838,9.37104263402279
2021-03-02,46601,133,39703,91,6898,42,43427,99,298944,807,342371,906,-1,581,9,645,125,45375,2,1309,592,"Knox County",470313,141.182574158061,0.0977564102564103,192.637668956631,28.2790397033465,137.142711343297,9.77564102564103
2021-03-01,46468,59,39612,33,6856,26,43328,35,298137,165,341465,200,1,582,-58,636,116,45250,1,1307,587,"Knox County",470313,135.654340832594,0.0974989402289105,42.5248717343556,12.5448371616349,135.229092115251,9.74989402289106
2021-02-28,46409,77,39579,53,6830,24,43293,63,297972,563,341265,626,2,581,-17,694,92,45134,2,1306,587,"Knox County",470313,138.418457495328,0.0966834170854271,133.102848528533,16.3720756177269,147.561304918214,9.66834170854271
2021-02-27,46332,82,39526,47,6806,35,43230,59,297409,670,340639,729,1,579,-33,711,114,45042,3,1304,586,"Knox County",470313,129.275610072441,0.0934677588741861,155.003157471726,17.4351974110858,151.175919015634,9.34677588741861
2021-02-26,46250,107,39479,70,6771,37,43171,81,296739,505,339910,586,5,578,-15,744,117,44928,1,1301,585,"Knox County",470313,137.142711343297,0.0998325659271662,124.597874181662,22.7508063778803,158.192522851803,9.98325659271662
2021-02-25,46143,131,39409,92,6734,39,43090,98,296234,1029,339324,1127,2,573,-7,759,136,44811,5,1300,585,"Knox County",470313,140.969949799389,0.100827849713437,239.627652223094,27.8537909860029,161.38188823188,10.0827849713437
2021-02-24,46012,102,39317,72,6695,30,42992,80,295205,969,338197,1049,2,571,-30,766,130,44675,2,1295,584,"Knox County",470313,146.923431842199,0.0986023358223243,223.042952246695,21.6876845845214,162.870258742582,9.86023358223243
2021-02-23,45910,122,39245,68,6665,54,42912,75,294236,758,337148,833,5,569,-33,796,150,44545,6,1293,583,"Knox County",470313,144.584563896809,0.0953398058252427,177.116090773591,25.9401717579569,169.248989502735,9.53398058252427
2021-02-22,45788,62,39177,33,6611,29,42837,38,293478,306,336315,344,3,564,-111,829,170,44395,3,1287,581,"Knox County",470313,145.222436972824,0.0933131847374386,73.1427793830917,13.1827102376502,176.265593338904,9.33131847374386
2021-02-21,45726,82,39144,41,6582,41,42799,45,293172,499,335971,544,2,561,-31,940,111,44225,3,1284,579,"Knox County",470313,146.285558766183,0.091327705295472,115.667651117447,17.4351974110858,199.866897151471,9.1327705295472
2021-02-20,45644,137,39103,98,6541,39,42754,115,292673,1007,335427,1122,1,559,8,971,128,44114,2,1281,576,"Knox County",470313,157.979898493131,0.0949152542372881,238.564530429735,29.1295371380336,206.458252270297,9.49152542372881
2021-02-19,45507,94,39005,42,6502,52,42639,48,291666,274,334305,322,1,558,-84,963,177,43986,2,1279,575,"Knox County",470313,155.215781830398,0.0934281969668601,68.4650434923126,19.9866897151471,204.757257400922,9.34281969668601
2021-02-18,45413,154,38963,110,6450,44,42591,119,291392,987,333983,1106,4,557,-38,1047,188,43809,5,1277,573,"Knox County",470313,160.106142079849,0.0977443609022556,235.162540690987,32.7441512354538,222.617703529352,9.77443609022556
2021-02-17,45259,114,38853,68,6406,46,42472,76,290405,892,332877,968,1,553,-51,1085,164,43621,4,1272,567,"Knox County",470313,162.65763438391,0.098492078640962,205.820379194281,24.2391768885827,230.697429158879,9.8492078640962
2021-02-16,45145,145,38785,89,6360,56,42396,102,289513,818,331909,920,2,552,-42,1136,185,43457,4,1268,564,"Knox County",470313,167.547994633361,0.101952684941795,195.614409978036,30.8305320074078,241.54127145114,10.1952684941795
2021-02-15,45000,76,38696,36,6304,40,42294,44,288695,312,330989,356,2,550,-139,1178,213,43272,1,1264,564,"Knox County",470313,170.524735654766,0.102847508430124,75.694271687153,16.1594512590551,250.471494515355,10.2847508430124
2021-02-14,44924,164,38660,134,6264,30,42250,134,288383,706,330633,840,2,548,22,1317,140,43059,5,1263,563,"Knox County",470313,187.959933065852,0.11324103656372,178.604461284294,34.8703948221716,280.026280370732,11.324103656372
2021-02-13,44760,134,38526,90,6234,44,42116,106,287677,870,329793,976,4,546,-11,1295,141,42919,6,1258,562,"Knox County",470313,187.322059989837,0.114613702623907,207.521374063655,28.4916640620183,275.348544479953,11.4613702623907
2021-02-12,44626,179,38436,114,6190,65,42010,123,286807,995,328817,1118,3,542,12,1306,164,42778,3,1252,558,"Knox County",470313,205.395130476938,0.112030553787397,237.714032995048,38.0597602022483,277.687412425342,11.2030553787397
2021-02-11,44447,163,38322,113,6125,50,41887,118,285812,1133,327699,1251,5,539,-32,1294,190,42614,5,1249,557,"Knox County",470313,207.308749704984,0.109348265671177,265.993072698394,34.6577704634998,275.135920121281,10.9348265671177
2021-02-10,44284,148,38209,106,6075,42,41769,112,284679,1032,326448,1144,7,534,-47,1326,188,42424,6,1244,555,"Knox County",470313,214.537977899824,0.111884935654807,243.242266320514,31.4684050834232,281.939899598778,11.1884935654807
2021-02-09,44136,210,38103,155,6033,55,41657,165,283647,1022,325304,1187,0,527,14,1373,196,42236,6,1238,553,"Knox County",470313,228.35856121349,0.116705471478463,252.385113743401,44.6511153210734,291.933244456351,11.6705471478463
2021-02-08,43926,106,37948,71,5978,35,41492,75,282625,371,324117,446,4,527,-159,1359,261,42040,2,1232,548,"Knox County",470313,234.737291973643,0.119649525998276,94.8304639676131,22.5381820192085,288.956503434947,11.9649525998276
2021-02-07,43820,109,37877,76,5943,33,41417,83,282254,716,323671,799,1,523,-28,1518,136,41779,2,1230,545,"Knox County",470313,223.042952246695,0.112989452391273,169.886862578751,23.1760550952238,322.763776463759,11.2989452391273
2021-02-06,43711,304,37801,176,5910,128,41334,197,281538,1396,322872,1593,2,522,135,1546,167,41643,6,1228,544,"Knox County",470313,259.189093220898,0.11581321305386,338.710603364143,64.6378050362206,328.717258506569,11.581321305386
2021-02-05,43407,176,37625,130,5782,46,41137,143,280142,727,321279,870,8,520,-9,1411,177,41476,4,1222,540,"Knox County",470313,258.551220144882,0.122496570644719,184.983192044447,37.421887126233,300.012970085879,12.2496570644719
2021-02-04,43231,201,37495,150,5736,51,40994,160,279415,1581,320409,1741,2,512,0,1420,199,41299,7,1218,537,"Knox County",470313,266.63094577441,0.120179948586118,370.179008447566,42.7374960930274,301.926589313925,12.0179948586118
2021-02-03,43030,230,37345,165,5685,65,40834,172,277834,1634,318668,1806,5,510,-9,1420,234,41100,7,1211,529,"Knox County",470313,284.066143185496,0.11786306562426,383.999591761231,48.903602494509,301.926589313925,11.786306562426
2021-02-02,42800,90,37180,69,5620,21,40662,77,276200,291,316862,368,7,505,-162,1429,245,40866,1,1204,529,"Knox County",470313,258.551220144882,0.118982028072937,78.2457639912144,19.13619228046,303.840208541971,11.8982028072937
2021-02-01,42710,153,37111,82,5599,71,40585,97,275909,425,316494,522,4,498,-125,1591,274,40621,2,1203,527,"Knox County",470313,268.544565002456,0.120665021431355,110.989915226668,32.5315268767821,338.285354646799,12.0665021431355
2021-01-31,42557,175,37029,121,5528,54,40488,129,275484,939,315972,1068,7,494,11,1716,157,40347,4,1201,524,"Knox County",470313,282.577772674793,0.122364457831325,227.082815061459,37.2092627675612,364.863399480771,12.2364457831325
2021-01-30,42382,276,36908,232,5474,44,40359,250,274545,1518,314904,1768,7,487,88,1705,181,40190,9,1197,522,"Knox County",470313,276.624290631983,0.12624339923861,375.919866131704,58.6843229934108,362.524531535382,12.624339923861
2021-01-29,42106,101,36676,52,5430,49,40109,62,273027,376,313136,438,4,480,-141,1617,238,40009,1,1188,516,"Knox County",470313,260.6774637316,0.122811567890027,93.1294690982388,21.4750602258496,343.813587972265,12.2811567890027
2021-01-28,42005,158,36624,117,5381,41,40047,129,272651,656,312698,785,9,476,-73,1758,222,39771,6,1187,511,"Knox County",470313,251.534616308714,0.13560325684678,166.910121557346,33.5946486701409,373.793622544986,13.560325684678
2021-01-27,41847,169,36507,124,5340,45,39918,125,271995,893,311913,1018,12,467,-72,1831,229,39549,3,1181,507,"Knox County",470313,238.564530429735,0.14563432210491,216.45159712787,35.9335166155305,389.315200728026,14.563432210491
2021-01-26,41678,234,36383,173,5295,61,39793,193,271102,1041,310895,1234,3,455,-31,1903,262,39320,8,1178,503,"Knox County",470313,269.182438078471,0.144153373335285,262.378458600974,49.7540999291961,404.624154552394,14.4153373335285
2021-01-25,41444,157,36210,105,5234,52,39600,115,270061,415,309661,530,9,452,-199,1934,347,39058,1,1170,496,"Knox County",470313,270.032935513158,0.146615991814062,112.690910096042,33.3820243114692,411.215509671219,14.6615991814062
2021-01-24,41287,156,36105,103,5182,53,39485,110,269646,791,309131,901,4,443,-101,2133,253,38711,2,1169,492,"Knox County",470313,265.993072698394,0.14743781839976,191.574547163272,33.1693999527974,453.527757046903,14.743781839976
2021-01-23,41131,309,36002,222,5129,87,39375,231,268855,1492,308230,1723,7,439,62,2234,240,38458,7,1167,487,"Knox County",470313,273.009676534563,0.145572484537638,366.351769991474,65.7009268295794,475.002817272752,14.5572484537638
2021-01-22,40822,178,35780,142,5042,36,39144,176,267363,1173,306507,1349,3,432,-152,2172,327,38218,8,1160,483,"Knox County",470313,289.38175215229,0.143103448275862,286.830259848229,37.8471358435765,461.820107035102,14.3103448275862
2021-01-21,40644,267,35638,194,5006,73,38968,203,266190,1080,305158,1283,11,429,-127,2324,383,37891,6,1152,475,"Knox County",470313,312.557807247514,0.143443642697188,272.797052175891,56.7707037653648,494.139009553212,14.3443642697188
2021-01-20,40377,193,35444,132,4933,61,38765,130,265110,736,303875,866,10,418,-156,2451,339,37508,8,1146,469,"Knox County",470313,317.660791855637,0.146842505706315,184.13269460976,41.0365012236532,521.142303104528,14.6842505706315
2021-01-19,40184,311,35312,196,4872,115,38635,219,264374,957,303009,1176,8,408,-84,2607,387,37169,14,1138,459,"Knox County",470313,334.032867473363,0.151251916198263,250.046245798011,66.126175546923,554.311703057326,15.1251916198263
2021-01-18,39873,129,35116,80,4757,49,38416,87,263417,472,301833,559,7,400,-368,2691,490,36782,4,1124,456,"Knox County",470313,328.079385430554,0.147129947817233,118.857016497524,27.4285422686594,572.172149185755,14.7129947817233
2021-01-17,39744,181,35036,138,4708,43,38329,151,262945,690,301274,841,3,393,-210,3059,388,36292,8,1120,447,"Knox County",470313,333.394994397348,0.153520584840323,178.817085642965,38.4850089195918,650.417913176969,15.3520584840323
2021-01-16,39563,420,34898,340,4665,80,38178,389,262255,1757,300433,2146,1,390,1,3269,418,35904,7,1112,441,"Knox County",470313,356.996298209916,0.164841849148418,456.291873709636,89.3022306421468,695.069028498043,16.4841849148418
2021-01-15,39143,187,34558,149,4585,38,37789,153,260498,755,298287,908,0,389,-100,3268,287,35486,4,1105,433,"Knox County",470313,358.909917437962,0.171230235248747,193.062917673975,39.7607550716225,694.856404139371,17.1230235248747
2021-01-14,38956,336,34409,266,4547,70,37636,290,259743,1479,297379,1769,6,389,-93,3368,423,35199,8,1101,423,"Knox County",470313,373.580998186314,0.171687840290381,376.132490490376,71.4417845137175,716.118840006549,17.1687840290381
2021-01-13,38620,248,34143,200,4477,48,37346,206,258264,946,295610,1152,12,383,-250,3461,486,34776,6,1093,416,"Knox County",470313,385.275337913262,0.174833352824231,244.943261189888,52.730840950601,735.892905363024,17.4833352824231
2021-01-12,38372,332,33943,261,4429,71,37140,283,257318,1181,294458,1464,10,371,-175,3711,497,34290,6,1087,414,"Knox County",470313,389.740449445369,0.176377418259984,311.282061095483,70.5912870790304,789.048995030969,17.6377418259984
2021-01-11,38040,244,33682,197,4358,47,36857,228,256137,726,292994,954,4,361,-396,3886,636,33793,5,1081,409,"Knox County",470313,414.192250692624,0.184102230885857,202.843638172876,51.8803435159139,826.25825779853,18.4102230885857
2021-01-10,37796,328,33485,205,4311,123,36629,222,255411,1013,292040,1235,5,357,-3,4282,326,33157,17,1076,403,"Knox County",470313,445.448031417375,0.183942667220607,262.591082959646,69.7407896443432,910.457503832554,18.3942667220607
2021-01-09,37468,475,33280,393,4188,82,36407,427,254398,1384,290805,1811,5,352,101,4285,369,32831,11,1059,397,"Knox County",470313,457.142371144323,0.194662649305929,385.06271355459,100.996570369095,911.095376908569,19.4662649305929
2021-01-08,36993,459,32887,371,4106,88,35980,392,253014,1432,288994,1824,7,347,267,4184,185,32462,6,1048,395,"Knox County",470313,514.976196703047,0.200607307277892,387.826830217323,97.5945806303462,889.62031668272,20.0607307277892
2021-01-07,36534,388,32516,345,4018,43,35588,353,251582,1309,287170,1662,10,340,71,3917,307,32277,10,1042,387,"Knox County",470313,526.032663353979,0.208968521084934,353.381684112495,82.4982511646499,832.849612917355,20.8968521084934
2021-01-06,36146,496,32171,363,3975,133,35235,378,250273,1187,285508,1565,9,330,60,3846,427,31970,15,1032,384,"Knox County",470313,578.76350430458,0.217118402282454,332.757121321333,105.461681901202,817.753283451659,21.7118402282454
2021-01-05,35650,520,31808,328,3842,192,34857,345,249086,1193,283943,1538,14,321,32,3786,474,31543,14,1017,375,"Knox County",470313,618.736883734874,0.221456228161299,327.016263637195,110.564666509325,804.995821931352,22.1456228161299
2021-01-04,35130,322,31480,228,3650,94,34512,249,247893,654,282405,903,6,307,-222,3754,538,31069,6,1003,369,"Knox County",470313,635.321583711273,0.224520781932055,191.999795880616,68.4650434923126,798.191842453855,22.4520781932055
2021-01-03,34808,285,31252,182,3556,103,34263,195,247239,608,281502,803,2,301,-15,3976,298,30531,10,997,361,"Knox County",470313,626.178736288387,0.231446665347318,170.737360013438,60.5979422214568,845.39445007899,23.1446665347318
2021-01-02,34523,422,31070,319,3453,103,34068,345,246631,1095,280699,1440,0,299,105,3991,317,30233,22,987,352,"Knox County",470313,614.909645278782,0.231843862352337,306.179076487361,89.7274793594904,848.583815459067,23.1843862352337
2021-01-01,34101,419,30751,349,3350,70,33723,374,245536,1297,279259,1671,2,299,2,3886,415,29916,8,965,348,"Knox County",470313,606.404670931911,0.233667292840743,355.295303340541,89.089606283475,826.25825779853,23.3667292840743
2020-12-31,33682,449,30402,312,3280,137,33349,322,244239,929,277588,1251,12,297,2,3884,435,29501,8,957,342,"Knox County",470313,619.37475681089,0.240758913967942,265.993072698394,95.4683370436284,825.833009081186,24.0758913967942
2020-12-30,33233,363,30090,248,3143,115,33027,271,243310,931,276337,1202,6,285,-147,3882,504,29066,9,949,339,"Knox County",470313,591.095717107543,0.238533151680291,255.574479123477,77.1826421978555,825.407760363843,23.8533151680291
2020-12-29,32870,590,29842,398,3028,192,32756,420,242379,1081,275135,1501,7,279,111,4029,472,28562,14,940,335,"Knox County",470313,605.979422214568,0.248090297571543,319.149162366339,125.448371616349,856.663541088594,24.8090297571543
2020-12-28,32280,252,29444,174,2836,78,32336,185,241298,565,273634,750,4,272,-331,3918,579,28090,4,926,327,"Knox County",470313,591.095717107543,0.245068461359944,159.468269003834,53.5813383852881,833.062237276027,24.5068461359944
2020-12-27,32028,230,29270,156,2758,74,32151,172,240733,489,272884,661,3,268,-74,4249,301,27511,8,922,322,"Knox County",470313,579.401377380595,0.246460594620104,140.544701082045,48.903602494509,903.440899996385,24.6460594620104
2020-12-26,31798,359,29114,289,2684,70,31979,329,240244,1063,272223,1392,0,265,59,4323,300,27210,10,914,315,"Knox County",470313,566.006042784273,0.245965828191742,295.973107271115,76.3321447631684,919.175102538097,24.5965828191742
2020-12-25,31439,353,28825,287,2614,66,31650,308,239181,1070,270831,1378,1,265,-106,4264,458,26910,5,904,309,"Knox County",470313,551.972835111936,0.246711739397664,292.99636624971,75.0563986111377,906.630265376462,24.6711739397664
2020-12-24,31086,351,28538,277,2548,74,31342,311,238111,1273,269453,1584,5,264,-105,4370,451,26452,8,899,302,"Knox County",470313,531.135647962102,0.235710911667454,336.796984136097,74.6311498937941,929.168447395671,23.5710911667454
2020-12-23,30735,472,28261,351,2474,121,31031,371,236838,1411,267869,1782,6,259,-15,4475,481,26001,9,891,295,"Knox County",470313,554.311703057326,0.231653404067197,378.896607153109,100.358697293079,951.494005056207,23.1653404067197
2020-12-22,30263,530,27910,392,2353,138,30660,432,235427,1470,266087,1902,7,253,-26,4490,549,25520,15,882,289,"Knox County",470313,541.554241537019,0.223092390729178,404.411530193722,112.690910096042,954.683370436284,22.3092390729178
2020-12-21,29733,442,27518,361,2215,81,30228,391,233957,1422,264185,1813,2,246,-136,4516,576,24971,5,867,283,"Knox County",470313,581.952869684657,0.220129375951294,385.487962271934,93.9799665329259,960.21160376175,22.0129375951294
2020-12-20,29291,514,27157,431,2134,83,29837,478,232535,2245,262372,2723,2,244,235,4652,277,24395,7,862,280,"Knox County",470313,642.338187547442,0.208366470494672,578.976128663252,109.288920357294,989.128516541112,20.8366470494672
2020-12-19,28777,525,26726,441,2051,84,29359,489,230290,1445,259649,1934,6,242,252,4417,267,24118,14,855,274,"Knox County",470313,677.633831086957,0.211954864287893,411.215509671219,111.627788302684,939.161792253244,21.1954864287893
2020-12-18,28252,480,26285,420,1967,60,28870,430,228845,1358,257715,1788,4,236,98,4165,378,23851,11,841,267,"Knox County",470313,704.637124638273,0.214549756025432,380.172353305139,102.059692162454,885.580453867956,21.4549756025433
2020-12-17,27772,733,25865,635,1907,98,28440,663,227487,1898,255927,2561,11,232,288,4067,434,23473,11,830,261,"Knox County",470313,785.859629650892,0.224367372267807,544.530982558424,155.853654906413,864.743266718122,22.4367372267807
2020-12-16,27039,564,25230,453,1809,111,27777,472,225589,1729,253366,2201,8,221,99,3779,457,23039,11,819,257,"Knox County",470313,805.421070648696,0.224835812893714,467.986213436584,119.920138290883,803.50745142065,22.4835812893714
2020-12-15,26475,765,24777,675,1698,90,27305,716,223860,2415,251165,3131,2,213,325,3680,438,22582,15,808,253,"Knox County",470313,855.387794936564,0.225311126246053,665.726867001337,162.65763438391,782.457639912144,22.5311126246053
2020-12-14,25710,472,24102,411,1608,61,26589,461,221445,1624,248034,2085,6,211,-11,3355,477,22144,7,793,245,"Knox County",470313,861.766525696717,0.225841807221579,443.321787830657,100.358697293079,713.354723343816,22.5841807221579
2020-12-13,25238,628,23691,572,1547,56,26128,754,219821,2935,245949,3689,2,205,400,3366,226,21667,10,786,237,"Knox County",470313,886.0057025853,0.229167864742078,784.37125914019,133.528097245877,715.693591289205,22.9167864742078
2020-12-12,24610,464,23119,392,1491,72,25374,454,216886,2171,242260,2625,3,203,182,2966,279,21441,19,776,231,"Knox County",470313,873.035616706321,0.218473451327434,558.138941513418,98.6577024237051,630.643847820494,21.8473451327434
2020-12-11,24146,557,22727,523,1419,34,24920,429,214715,1407,239635,1836,6,200,283,2784,268,21162,10,757,227,"Knox County",470313,889.407692324048,0.217839805825243,390.378322521385,118.43176778018,591.94621454223,21.7839805825243
2020-12-10,23589,473,22204,415,1385,58,24491,538,213308,1910,237799,2448,8,194,325,2501,140,20894,9,747,225,"Knox County",470313,834.125359069386,0.212267554815432,520.504430028513,100.571321651751,531.773521038117,21.2267554815432
2020-12-09,23116,407,21789,337,1327,70,23953,359,211398,924,235351,1283,2,186,78,2176,327,20754,13,738,215,"Knox County",470313,800.743334757917,0.217055623793648,272.797052175891,86.5381139794137,462.670604469789,21.7055623793648
2020-12-08,22709,491,21452,446,1257,45,23594,538,210474,2077,234068,2615,9,184,126,2098,356,20427,10,725,212,"Knox County",470313,742.484260481849,0.213075206561727,556.0126979267,104.398560107843,446.085904493391,21.3075206561727
2020-12-07,22218,323,21006,271,1212,52,23056,317,208397,1135,231453,1452,3,175,-128,1972,448,20071,6,715,210,"Knox County",470313,710.803231039754,0.212503135189365,308.730568791422,68.6776678509843,419.295235300747,21.2503135189365
2020-12-06,21895,332,20735,291,1160,41,22739,187,207262,668,230001,855,6,172,103,2100,223,19623,6,709,207,"Knox County",470313,647.866420872908,0.215189873417722,181.79382666437,70.5912870790304,446.511153210734,21.5189873417722
2020-12-05,21563,289,20444,263,1119,26,22552,213,206594,714,229146,927,2,166,55,1997,232,19400,8,703,203,"Knox County",470313,610.657158105347,0.226086194814296,197.102780488738,61.4484396561439,424.610844267541,22.6086194814296
2020-12-04,21274,354,20181,322,1093,32,22339,297,205880,1091,228219,1388,5,164,17,1942,332,19168,11,695,201,"Knox County",470313,567.494413294976,0.223285922684172,295.122609836428,75.2690229698095,412.916504540593,22.3285922684172
2020-12-03,20920,441,19859,424,1061,17,22042,448,204789,1215,226831,1663,2,159,180,1925,259,18836,10,684,196,"Knox County",470313,560.690433817479,0.231660610821958,353.594308471167,93.7673421742542,409.301890443173,23.1660610821958
2020-12-02,20479,192,19435,170,1044,22,21594,185,203574,575,225168,760,2,157,-144,1745,334,18577,7,674,194,"Knox County",470313,514.976196703047,0.226190476190476,161.594512590551,40.8238768649814,371.029505882253,22.6190476190476
2020-12-01,20287,403,19265,380,1022,23,21409,409,202999,1832,224408,2241,5,155,89,1889,309,18243,7,667,189,"Knox County",470313,496.26525313993,0.221408572043937,476.491187783455,85.6876165447266,401.647413530989,22.1408572043937
2020-11-30,19884,385,18885,371,999,14,21000,436,201167,1815,222167,2251,1,150,25,1800,359,17934,3,660,186,"Knox County",470313,509.44796337758,0.215666831928607,478.617431370173,81.8603780886346,382.723845609201,21.5666831928607
2020-11-29,19499,226,18514,218,985,8,20564,260,199352,1465,219916,1725,0,149,41,1775,185,17575,5,657,183,"Knox County",470313,486.909781358372,0.20520310360566,366.777018708817,48.0531050598219,377.408236642406,20.520310360566
2020-11-28,19273,270,18296,256,977,14,20304,299,197887,1967,218191,2266,0,149,71,1734,199,17390,8,652,177,"Knox County",470313,482.869918543608,0.189848706686188,481.806796750249,57.4085768413801,368.690637936863,18.9848706686188
2020-11-27,19003,235,18040,215,963,20,20005,249,195920,1247,215925,1496,3,149,-6,1663,238,17191,12,644,173,"Knox County",470313,457.567619861667,0.184325108853411,318.08604057298,49.9667242878679,353.594308471167,18.4325108853411
2020-11-26,18768,344,17825,341,943,3,19756,441,194673,1429,214429,1870,4,146,48,1669,292,16953,5,632,170,"Knox County",470313,436.943057070504,0.18074391307796,397.607550716225,73.1427793830917,354.870054623198,18.074391307796
2020-11-25,18424,219,17484,193,940,26,19315,123,193244,325,212559,448,0,142,-58,1621,277,16661,3,627,164,"Knox County",470313,442.683914754642,0.180287875091486,95.2557126849566,46.5647345491194,344.664085406952,18.0287875091486
2020-11-24,18205,153,17291,130,914,23,19192,116,192919,673,212111,789,2,142,-111,1679,262,16384,6,624,162,"Knox County",470313,389.527825086698,0.177408944213923,167.760618992033,32.5315268767821,356.996298209916,17.7408944213923
2020-11-23,18052,167,17161,147,891,20,19076,100,192246,391,211322,491,3,140,-97,1790,261,16122,7,618,160,"Knox County",470313,343.17571489625,0.174793615850303,104.398560107843,35.508267898187,380.597602022483,17.4793615850303
2020-11-22,17885,220,17014,212,871,8,18976,258,191855,1804,210831,2062,2,137,86,1887,132,15861,5,611,153,"Knox County",470313,341.899968744219,0.168329441732116,438.431427581207,46.7773589077912,401.222164813645,16.8329441732116
2020-11-21,17665,173,16802,169,863,4,18718,198,190051,1465,208769,1663,0,135,2,1801,171,15729,4,606,151,"Knox County",470313,321.275405953057,0.168386438371697,353.594308471167,36.7840140502176,382.936469967872,16.8386438371697
2020-11-20,17492,178,16633,169,859,9,18520,163,188586,791,207106,954,7,135,-17,1799,188,15558,5,602,149,"Knox County",470313,309.155817508765,0.169022592726833,202.843638172876,37.8471358435765,382.511221250529,16.9022592726833
2020-11-19,17314,166,16464,148,850,18,18357,128,187795,663,206152,791,2,128,-29,1816,193,15370,4,597,145,"Knox County",470313,271.308681665189,0.15087524312309,168.185867709377,35.2956435395152,386.125835347949,15.087524312309
2020-11-18,17148,168,16316,163,832,5,18229,179,187132,874,205361,1053,0,126,-9,1845,177,15177,7,593,140,"Knox County",470313,260.464839372928,0.146353966423171,223.893449681382,35.7208922568587,392.291941749431,14.6353966423171
2020-11-17,16980,248,16153,240,827,8,18050,260,186258,1033,204308,1293,9,126,86,1854,153,15000,7,586,138,"Knox County",470313,280.664153446747,0.154809197062718,274.923295762609,52.730840950601,394.205560977477,15.4809197062718
2020-11-16,16732,272,15913,261,819,11,17790,286,185225,1409,203015,1695,2,117,79,1768,191,14847,6,579,137,"Knox County",470313,302.989711107284,0.154768163179476,360.398287948664,57.8338255587237,375.919866131704,15.4768163179476
2020-11-15,16460,274,15652,247,808,27,17504,295,183816,2278,201320,2573,2,115,162,1689,110,14656,3,573,135,"Knox County",470313,314.47142647556,0.150568748752744,547.082474862485,58.2590742760672,359.122541796633,15.0568748752744
2020-11-14,16186,306,15405,293,781,13,17209,321,181538,1699,198747,2020,0,113,188,1527,118,14546,7,570,131,"Knox County",470313,342.750466178906,0.157240581944311,429.501204516992,65.0630537535641,324.677395691805,15.7240581944311
2020-11-13,15880,219,15112,200,768,19,16888,190,179839,965,196727,1155,4,113,73,1339,142,14428,6,563,128,"Knox County",470313,351.468064884449,0.156805293005671,245.581134265904,46.5647345491194,284.704016261511,15.6805293005671
2020-11-12,15661,143,14912,130,749,13,16698,136,178874,955,195572,1091,1,109,-3,1266,145,14286,3,557,127,"Knox County",470313,346.577704634998,0.153216911764706,231.97317531091,30.4052832900643,269.182438078471,15.3216911764706
2020-11-11,15518,191,14782,177,736,14,16562,191,177919,1229,194481,1420,3,108,23,1269,165,14141,7,554,125,"Knox County",470313,351.468064884449,0.149284253578732,301.926589313925,40.6112525063096,269.820311154486,14.9284253578732
2020-11-10,15327,168,14605,163,722,5,16371,186,176690,1131,193061,1317,2,105,24,1246,142,13976,4,547,123,"Knox County",470313,334.458116190707,0.142400851743412,280.026280370732,35.7208922568587,264.929950905036,14.2400851743412
2020-11-09,15159,135,14442,121,717,14,16185,131,175559,490,191744,621,1,103,-15,1222,149,13834,2,543,121,"Knox County",470313,305.328579052673,0.142198685888006,132.039726735174,28.7042884206901,259.826966296913,14.2198685888006
2020-11-08,15024,215,14321,203,703,12,16054,252,175069,2625,191123,2877,1,102,94,1237,120,13685,3,541,119,"Knox County",470313,292.783741891039,0.133987239310542,611.720279898706,45.7142371144323,263.01633167699,13.3987239310542
2020-11-07,14809,169,14118,161,691,8,15802,187,172444,1918,188246,2105,1,101,59,1143,109,13565,5,538,114,"Knox County",470313,263.654204753005,0.120253164556962,447.574275004093,35.9335166155305,243.029641961842,12.0253164556962
2020-11-06,14640,155,13957,138,683,17,15615,160,170526,1235,186141,1395,0,100,24,1084,131,13456,5,533,114,"Knox County",470313,250.046245798011,0.114816183262516,296.610980347131,32.9567755941256,230.484804800208,11.4816183262516
2020-11-05,14485,158,13819,142,666,16,15455,151,169291,613,184746,764,1,100,34,1060,123,13325,6,528,111,"Knox County",470313,253.235611178088,0.119820935327174,162.445010025239,33.5946486701409,225.381820192085,11.9820935327174
2020-11-04,14327,145,13677,133,650,12,15304,148,168678,934,183982,1082,-1,99,20,1026,126,13202,5,522,110,"Knox County",470313,243.454890679186,0.119574844995571,230.059556082864,30.8305320074078,218.152591997244,11.9574844995571
2020-11-03,14182,196,13544,183,638,13,15156,195,167744,837,182900,1032,3,100,44,1006,149,13076,5,517,108,"Knox County",470313,249.408372721996,0.123936816524909,219.428338149275,41.6743742996685,213.900104823809,12.3936816524909
2020-11-02,13986,116,13361,110,625,6,14961,115,166907,807,181868,922,1,97,-36,962,151,12927,2,512,107,"Knox County",470313,245.368509907232,0.118699027218237,196.039658695379,24.6644256059263,204.544633042251,11.8699027218237
2020-11-01,13870,124,13251,116,619,8,14846,131,166100,1273,180946,1404,0,96,15,998,109,12776,3,510,105,"Knox County",470313,226.0196932681,0.124885110294118,298.524599575177,26.3654204753005,212.199109954435,12.4885110294118
2020-10-31,13746,5,13135,5,611,0,14715,7,164827,4,179542,11,0,96,-99,983,104,12667,0,507,103,"Knox County",470313,191.149298445929,0.137216338880484,2.33886794538956,1.06312179335889,209.009744574358,13.7216338880484
2020-10-30,13741,156,13130,146,611,10,14708,148,164823,854,179531,1002,1,96,27,1082,128,12563,4,507,102,"Knox County",470313,191.3619228046,0.143960109377513,213.049607389122,33.1693999527974,230.059556082864,14.3960109377513
2020-10-29,13585,152,12984,138,601,14,14560,136,163969,1569,178529,1705,0,95,49,1055,103,12435,4,503,102,"Knox County",470313,190.08617665257,0.122939368538698,362.524531535382,32.3189025181103,224.318698398726,12.2939368538698
2020-10-28,13433,103,12846,96,587,7,14424,102,162400,1055,176824,1157,3,95,-47,1006,147,12332,8,499,101,"Knox County",470313,181.155953588355,0.115304852758192,246.006382983247,21.9003089431931,213.900104823809,11.5304852758192
2020-10-27,13330,119,12750,113,580,6,14322,127,161345,799,175667,926,1,92,-6,1053,124,12185,3,491,100,"Knox County",470313,164.783877970628,0.107478602497545,196.890156130067,25.3022986819416,223.893449681382,10.7478602497545
2020-10-26,13211,81,12637,74,574,7,14195,73,160546,372,174741,445,2,91,-72,1059,151,12061,2,488,98,"Knox County",470313,157.342025417116,0.108872180451128,94.6178396089413,17.222573052414,225.169195833413,10.8872180451128
2020-10-25,13130,132,12563,121,567,11,14122,151,160174,1365,174296,1516,0,89,53,1131,79,11910,3,486,98,"Knox County",470313,159.04302028649,0.11002661934339,322.338527746416,28.0664153446747,240.478149657781,11.002661934339
2020-10-24,12998,172,12442,167,556,5,13971,202,158809,1789,172780,1991,0,89,56,1078,116,11831,5,483,97,"Knox County",470313,194.551288184677,0.107412491420728,423.33509811551,36.5713896915458,229.209058648177,10.7412491420728
2020-10-23,12826,159,12275,148,551,11,13769,172,157020,1239,170789,1411,1,89,40,1022,118,11715,5,478,96,"Knox County",470313,195.189161260692,0.105234400611955,300.012970085879,33.8072730288127,217.302094562557,10.5234400611955
2020-10-22,12667,182,12127,168,540,14,13597,169,155781,1607,169378,1776,1,88,59,982,122,11597,5,473,96,"Knox County",470313,201.567892020846,0.108002602472349,377.620861001078,38.6976332782636,208.797120215686,10.8002602472349
2020-10-21,12485,72,11959,68,526,4,13428,74,154174,682,167602,756,0,87,-32,923,104,11475,1,468,96,"Knox County",470313,194.976536902021,0.109738124929146,160.744015155864,15.308953824368,196.252283054051,10.9738124929146
2020-10-20,12413,127,11891,121,522,6,13354,150,153492,739,166846,889,0,87,13,955,114,11371,7,467,95,"Knox County",470313,196.677531771395,0.112818761384335,189.023054859211,27.0032935513158,203.056262531548,11.2818761384335
2020-10-19,12286,112,11770,107,516,5,13204,117,152753,939,165957,1056,1,87,-9,942,120,11257,6,460,94,"Knox County",470313,203.26888689022,0.110164981373071,224.531322757398,23.8139281712392,200.292145868815,11.0164981373071
2020-10-18,12174,140,11663,135,511,5,13087,168,151814,1431,164901,1599,0,86,51,951,89,11137,7,454,94,"Knox County",470313,204.969881759594,0.11099388056552,339.986349516173,29.7674102140489,202.205765096861,11.099388056552
2020-10-17,12034,128,11528,125,506,3,12919,154,150383,1458,163302,1612,1,86,42,900,85,11048,3,447,93,"Knox County",470313,195.614409978036,0.110341795801736,342.750466178906,27.2159179099876,191.3619228046,11.0341795801736
2020-10-16,11906,72,11403,71,503,1,12765,61,148925,390,161690,451,1,85,-26,858,97,10963,3,444,92,"Knox County",470313,177.116090773591,0.109718638653397,95.893585760972,15.308953824368,182.431699740386,10.9718638653397
2020-10-15,11834,74,11332,62,502,12,12704,66,148535,941,161239,1007,1,84,-56,884,129,10866,3,441,90,"Knox County",470313,154.152660037039,0.10719131614654,214.112729182481,15.7342025417116,187.959933065852,10.719131614654
2020-10-14,11760,149,11270,143,490,6,12638,150,147594,1086,160232,1236,0,83,57,940,92,10737,5,438,88,"Knox County",470313,170.524735654766,0.11031847133758,262.803707318318,31.6810294420949,199.866897151471,11.031847133758
2020-10-13,11611,71,11127,68,484,3,12488,63,146508,581,158996,644,1,83,-36,883,106,10645,6,433,88,"Knox County",470313,158.617771569146,0.102432610124918,136.930086984625,15.0963294656962,187.74730870718,10.2432610124918
2020-10-12,11540,79,11059,66,481,13,12425,87,145927,806,158352,893,0,82,-42,919,121,10539,5,427,87,"Knox County",470313,151.601167732978,0.100644987906477,189.873552293898,16.7973243350705,195.401785619364,10.0644987906477
2020-10-11,11461,170,10993,163,468,7,12338,179,145121,1612,157459,1791,0,82,94,961,76,10418,8,422,85,"Knox County",470313,157.979898493131,0.0995546240503013,380.810226381155,36.1461409742023,204.332008683579,9.95546240503013
2020-10-10,11291,130,10830,122,461,8,12159,132,143509,1393,155668,1525,0,82,46,867,84,10342,3,414,85,"Knox County",470313,158.405147210475,0.0977872002120048,324.252146974462,27.6411666273312,184.345318968432,9.77872002120048
2020-10-09,11161,120,10708,118,453,2,12027,134,142116,1336,154143,1470,0,82,34,821,86,10258,3,411,85,"Knox County",470313,168.61111642672,0.0946766285314032,312.557807247514,25.5149230406134,174.56459846953,9.46766285314032
2020-10-08,11041,110,10590,102,451,8,11893,103,140780,943,152673,1046,1,82,32,787,77,10172,4,408,85,"Knox County",470313,176.265593338904,0.0985473561882626,222.40507917068,23.3886794538956,167.335370274689,9.85473561882626
2020-10-07,10931,104,10488,88,443,16,11790,95,139837,1650,151627,1745,0,81,11,755,93,10095,5,404,85,"Knox County",470313,166.697497198674,0.087008997147246,371.029505882253,22.1129333018649,160.531390797193,8.7008997147246
2020-10-06,10827,115,10400,102,427,13,11695,114,138187,1392,149882,1506,0,81,3,744,112,10002,4,399,84,"Knox County",470313,176.052968980232,0.0846030473135525,320.212284159698,24.4518012472545,158.192522851803,8.46030473135525
2020-10-05,10712,118,10298,109,414,9,11581,123,136795,1238,148376,1361,0,81,11,741,107,9890,5,395,84,"Knox County",470313,184.345318968432,0.0842589046342398,289.38175215229,25.0896743232698,157.554649775788,8.42589046342398
2020-10-04,10594,96,10189,89,405,7,11458,99,135557,1827,147015,1926,1,81,31,730,64,9783,2,390,82,"Knox County",470313,168.61111642672,0.0756215143208243,409.514514801845,20.4119384324907,155.215781830398,7.56215143208243
2020-10-03,10498,77,10100,76,398,1,11359,92,133730,1864,145089,1956,0,80,6,699,71,9719,2,388,82,"Knox County",470313,157.342025417116,0.0690281562216167,415.893245561998,16.3720756177269,148.624426711573,6.90281562216167
2020-10-02,10421,82,10024,79,397,3,11267,82,131866,602,143133,684,0,80,-17,693,99,9648,1,386,82,"Knox County",470313,149.262299787588,0.0692488262910798,145.435061331496,17.4351974110858,147.348680559542,6.92488262910798
2020-10-01,10339,71,9945,68,394,3,11185,73,131264,683,142449,756,0,80,2,710,69,9549,1,385,82,"Knox County",470313,140.969949799389,0.0682504529897322,160.744015155864,15.0963294656962,150.963294656962,6.82504529897322
2020-09-30,10268,75,9877,72,391,3,11112,70,130581,675,141693,745,1,80,-31,708,105,9480,2,384,82,"Knox County",470313,134.803843397907,0.0730915603313186,158.405147210475,15.9468269003834,150.538045939619,7.30915603313186
2020-09-29,10193,80,9805,75,388,5,11042,87,129906,1140,140948,1227,-1,79,-17,739,98,9375,2,382,82,"Knox County",470313,127.361990844395,0.0723281340265742,260.890088090272,17.0099486937423,157.129401058444,7.23281340265742
2020-09-28,10113,57,9730,51,383,6,10955,49,128766,431,139721,480,1,80,-69,756,125,9277,3,380,81,"Knox County",470313,114.391904965417,0.0710059171597633,102.059692162454,12.1195884442914,160.744015155864,7.10059171597633
2020-09-27,10056,72,9679,67,377,5,10906,79,128335,978,139241,1057,0,79,-18,825,90,9152,3,377,79,"Knox County",470313,109.288920357294,0.0770456191165822,224.74394711607,15.308953824368,175.415095904217,7.70456191165822
2020-09-26,9984,127,9612,122,372,5,10827,136,127357,2087,138184,2223,4,79,9,843,114,9062,5,374,79,"Knox County",470313,119.920138290883,0.0803123257110987,472.663949327363,27.0032935513158,179.242334360309,8.03123257110987
2020-09-25,9857,102,9490,100,367,2,10691,103,125270,1439,135961,1542,0,75,-3,834,105,8948,1,369,79,"Knox County",470313,124.172625464318,0.074346201743462,327.866761071882,21.6876845845214,177.328715132263,7.4346201743462
2020-09-24,9755,92,9390,89,365,3,10588,105,123831,1715,134419,1820,0,75,-52,837,144,8843,3,368,76,"Knox County",470313,128.637736996426,0.0691664833956455,386.976332782636,19.5614409978036,177.966588208278,6.91664833956455
2020-09-23,9663,53,9301,52,362,1,10483,49,122116,432,132599,481,2,75,-123,889,174,8699,2,365,76,"Knox County",470313,123.960001105647,0.0688561721404304,102.272316521125,11.2690910096042,189.023054859211,6.88561721404304
2020-09-22,9610,82,9249,75,361,7,10434,88,121684,1141,132118,1229,1,73,-53,1012,134,8525,3,363,76,"Knox County",470313,124.38524982299,0.0689538043478261,261.315336807615,17.4351974110858,215.175850975839,6.89538043478261
2020-09-21,9528,34,9174,30,354,4,10346,32,120543,379,130889,411,0,72,-103,1065,137,8391,2,360,76,"Knox County",470313,119.494889573539,0.067556772794705,87.3886114141008,7.22922819484046,226.444941985444,6.7556772794705
2020-09-20,9494,97,9144,78,350,19,10314,88,120164,707,130478,795,0,72,-17,1168,114,8254,1,358,76,"Knox County",470313,124.810498540334,0.0706975649923538,169.036365144064,20.6245627911625,248.345250928637,7.06975649923538
2020-09-19,9397,132,9066,129,331,3,10226,136,119457,1466,129683,1602,1,72,31,1185,100,8140,5,357,74,"Knox County",470313,125.873620333693,0.0762690355329949,340.624222592189,28.0664153446747,251.959865026057,7.62690355329949
2020-09-18,9265,118,8937,114,328,4,10090,129,117991,1606,128081,1735,3,71,-16,1154,131,8040,3,352,74,"Knox County",470313,129.275610072441,0.0776662950575994,368.903262295535,25.0896743232698,245.368509907232,7.76662950575994
2020-09-17,9147,126,8823,119,324,7,9961,124,116385,1516,126346,1640,0,68,-15,1170,141,7909,6,349,74,"Knox County",470313,136.504838267282,0.0818446724946155,348.703948221716,26.790669192644,248.77049964598,8.18446724946155
2020-09-16,9021,99,8704,77,317,22,9837,117,114869,768,124706,885,1,68,-90,1185,188,7768,3,343,72,"Knox County",470313,146.285558766183,0.0860552006749428,188.172557424524,21.049811508506,251.959865026057,8.60552006749428
2020-09-15,8922,132,8627,126,295,6,9720,136,114101,1338,123821,1474,0,67,-65,1275,197,7580,3,340,71,"Knox County",470313,156.916776699772,0.089206274877078,313.408304682201,28.0664153446747,271.096057306517,8.9206274877078
2020-09-14,8790,127,8501,124,289,3,9584,136,112763,901,122347,1037,0,67,-68,1340,195,7383,5,337,71,"Knox County",470313,176.690842056248,0.0944589877835951,220.491459942634,27.0032935513158,284.916640620183,9.44589877835951
2020-09-13,8663,143,8377,136,286,7,9448,148,111862,1008,121310,1156,0,67,-8,1408,151,7188,0,332,71,"Knox County",470313,186.471562555149,0.0971770385140099,245.793758624576,30.4052832900643,299.375097009864,9.71770385140099
2020-09-12,8520,130,8241,123,279,7,9300,141,110854,1177,120154,1318,1,67,29,1416,100,7037,1,332,71,"Knox County",470313,186.046313837806,0.100703082747431,280.238904729404,27.6411666273312,301.076091879238,10.0703082747431
2020-09-11,8390,103,8118,94,272,9,9159,105,109677,773,118836,878,0,66,-18,1387,121,6937,5,331,69,"Knox County",470313,182.856948457729,0.108130662851693,186.684186913821,21.9003089431931,294.909985477756,10.8130662851693
2020-09-10,8287,192,8024,189,263,3,9054,192,108904,1501,117958,1693,0,66,89,1405,103,6816,5,326,67,"Knox County",470313,196.890156130067,0.11550764127473,359.97303923132,40.8238768649814,298.737223933848,11.550764127473
2020-09-09,8095,91,7835,82,260,9,8862,93,107403,1710,116265,1803,0,66,-23,1316,114,6713,2,321,67,"Knox County",470313,195.189161260692,0.101613420237205,383.361718685216,19.3488166391318,279.81365601206,10.1613420237205
2020-09-08,8004,126,7753,124,251,2,8769,133,105693,702,114462,835,1,66,30,1339,95,6599,8,319,67,"Knox County",470313,193.913415108662,0.108715596330275,177.541339490935,26.790669192644,284.704016261511,10.8715596330275
2020-09-07,7878,95,7629,92,249,3,8636,98,104991,347,113627,445,1,65,11,1309,83,6504,0,311,67,"Knox County",470313,187.109435631165,0.111958661417323,94.6178396089413,20.1993140738189,278.325285501358,11.1958661417323
2020-09-06,7783,96,7537,92,246,4,8538,94,104644,476,113182,570,0,64,23,1298,73,6421,1,311,67,"Knox County",470313,177.116090773591,0.11349774595598,121.195884442914,20.4119384324907,275.986417555968,11.349774595598
2020-09-05,7687,284,7445,282,242,2,8444,295,104168,1506,112612,1801,0,64,215,1275,69,6348,4,310,64,"Knox County",470313,209.860242009045,0.125856697819315,382.936469967872,60.385317862785,271.096057306517,12.5856697819315
2020-09-04,7403,93,7163,89,240,4,8149,97,102662,565,110811,662,1,64,16,1060,76,6279,0,306,64,"Knox County",470313,207.733998422327,0.12831348444103,140.757325440717,19.7740653564754,225.381820192085,12.831348444103
2020-09-03,7310,190,7074,184,236,6,8052,198,102097,1798,110149,1996,2,63,107,1044,81,6203,6,306,64,"Knox County",470313,207.308749704984,0.124260355029586,424.398219908869,40.3986281476379,221.979830453336,12.4260355029586
2020-09-02,7120,124,6890,120,230,4,7854,121,100299,1461,108153,1582,2,61,41,937,81,6122,5,300,63,"Knox County",470313,214.325353541152,0.131288810036751,336.371735418753,26.3654204753005,199.229024075456,13.1288810036751
2020-09-01,6996,153,6770,146,226,7,7733,158,98838,660,106571,818,2,59,64,896,87,6041,4,295,62,"Knox County",470313,220.06621122529,0.134747269494539,173.926725393515,32.5315268767821,190.511425369913,13.4747269494539
2020-08-31,6843,99,6624,93,219,6,7575,94,98178,431,105753,525,0,57,18,832,81,5954,3,291,59,"Knox County",470313,220.916708659978,0.132889112396279,111.627788302684,21.049811508506,176.903466414919,13.2889112396279
2020-08-30,6744,72,6531,71,213,1,7481,76,97747,423,105228,499,1,57,5,814,66,5873,1,288,59,"Knox County",470313,215.813724051855,0.131802613218318,106.099554977217,15.308953824368,173.076227958827,13.1802613218318
2020-08-29,6672,118,6460,113,212,5,7405,125,97324,1391,104729,1516,5,56,37,809,76,5807,3,287,57,"Knox County",470313,180.51808051234,0.114372203211371,322.338527746416,25.0896743232698,172.013106165469,11.4372203211371
2020-08-28,6554,89,6347,85,207,4,7280,91,95933,309,103213,400,0,51,-7,772,96,5731,3,284,57,"Knox County",470313,179.667583077653,0.117639040348964,85.0497434687113,18.9235679217883,164.146004894613,11.7639040348964
2020-08-27,6465,116,6262,112,203,4,7189,134,95624,1986,102813,2120,0,51,24,779,92,5635,2,281,57,"Knox County",470313,163.933380535941,0.107104557640751,450.76364038417,24.6644256059263,165.634375405315,10.7104557640751
2020-08-26,6349,77,6150,76,199,1,7055,86,93638,794,100693,880,0,51,-15,755,92,5543,3,279,56,"Knox County",470313,153.940035678367,0.113051198579461,187.109435631165,16.3720756177269,160.531390797193,11.3051198579461
2020-08-25,6272,87,6074,82,198,5,6969,96,92844,896,99813,992,2,51,-7,770,92,5451,3,276,55,"Knox County",470313,139.90682800603,0.101269474899019,210.923363802404,18.4983192044447,163.720756177269,10.1269474899019
2020-08-24,6185,32,5992,28,193,4,6873,29,91948,261,98821,290,0,49,-66,777,98,5359,1,273,55,"Knox County",470313,125.660995975021,0.095117216664178,61.6610640148157,6.8039794774969,165.209126687972,9.5117216664178
2020-08-23,6153,76,5964,75,189,1,6844,74,91687,565,98531,639,0,49,13,843,63,5261,3,272,55,"Knox County",470313,126.511493409708,0.0928769928331139,135.866965191266,16.1594512590551,179.242334360309,9.28769928331139
2020-08-22,6077,136,5889,135,188,1,6770,153,91122,1892,97892,2045,0,49,69,830,67,5198,4,269,55,"Knox County",470313,130.3387318658,0.0900081455335325,434.816813483786,28.9169127793618,176.478217697576,9.00081455335325
2020-08-21,5941,30,5754,30,187,0,6617,41,89230,262,95847,303,1,49,-62,761,91,5131,1,265,55,"Knox County",470313,117.793894704165,0.0843307194937405,64.4251806775488,6.37873076015334,161.807136949223,8.43307194937405
2020-08-20,5911,119,5724,117,187,2,6576,130,88968,2068,95544,2198,3,48,24,823,92,5040,3,264,55,"Knox County",470313,118.43176778018,0.0828909759085341,467.348340360568,25.3022986819416,174.989847186873,8.28909759085341
2020-08-19,5792,46,5607,41,185,5,6446,48,86900,608,93346,656,2,45,-50,799,94,4948,4,261,55,"Knox County",470313,111.840412661355,0.080162852730591,139.481579288686,9.7807204989018,169.886862578751,8.0162852730591
2020-08-18,5746,134,5566,132,180,2,6398,152,86292,1163,92690,1315,0,43,3,849,131,4854,4,257,55,"Knox County",470313,121.833757518929,0.0842062852538276,279.601031653388,28.4916640620183,180.51808051234,8.42062852538276
2020-08-17,5612,50,5434,42,178,8,6246,50,85129,289,91375,339,1,43,-70,846,119,4723,0,253,54,"Knox County",470313,125.660995975021,0.0864576384256171,72.0796575897328,10.6312179335889,179.880207436324,8.64576384256171
2020-08-16,5562,83,5392,78,170,5,6196,82,84840,587,91036,669,0,42,11,916,72,4604,1,253,53,"Knox County",470313,127.149366485723,0.0871760797342193,142.24569595142,17.6478217697576,194.763912543349,8.71760797342193
2020-08-15,5479,119,5314,116,165,3,6114,132,84253,1223,90367,1355,1,42,42,905,76,4532,2,252,52,"Knox County",470313,123.534752388303,0.0929041697147037,288.106006000259,25.3022986819416,192.425044597959,9.29041697147037
2020-08-14,5360,91,5198,83,162,8,5982,96,83030,1024,89012,1120,0,41,5,863,86,4456,2,250,52,"Knox County",470313,136.504838267282,0.0901725039205436,238.139281712392,19.3488166391318,183.494821533745,9.01725039205436
2020-08-13,5269,127,5115,126,154,1,5886,229,82006,1778,87892,2007,1,41,13,858,113,4370,4,248,51,"Knox County",470313,138.205833136656,0.105749899477282,426.737087854259,27.0032935513158,182.431699740386,10.5749899477282
2020-08-12,5142,79,4989,72,153,7,5657,88,80228,892,85885,980,0,40,-40,845,119,4257,1,244,50,"Knox County",470313,145.222436972824,0.106486833654464,208.371871498343,16.7973243350705,179.667583077653,10.6486833654464
2020-08-11,5063,111,4917,108,146,3,5569,117,79336,1121,84905,1238,0,40,2,885,109,4138,5,243,50,"Knox County",470313,140.332076723374,0.103009859885833,263.228956035661,23.6013038125674,188.172557424524,10.3009859885833
2020-08-10,4952,37,4809,35,143,2,5452,35,78215,365,83667,400,1,40,-94,883,130,4029,0,238,48,"Knox County",470313,137.56796006064,0.100270305058566,85.0497434687113,7.86710127085579,187.74730870718,10.0270305058566
2020-08-09,4915,85,4774,81,141,4,5417,109,77850,826,83267,935,1,39,25,977,59,3899,4,238,48,"Knox County",470313,137.993208777984,0.10031113876789,198.803775358113,18.0730704871011,207.733998422327,10.031113876789
2020-08-08,4830,157,4693,156,137,1,5308,176,77024,2284,82332,2460,1,38,96,952,60,3840,4,234,47,"Knox County",470313,146.072934407512,0.0929978118161926,523.055922332574,33.3820243114692,202.418389455533,9.29978118161926
2020-08-07,4673,50,4537,46,136,4,5132,44,74740,403,79872,447,0,37,-34,856,84,3780,0,230,45,"Knox County",470313,137.355335701969,0.0942482579426007,95.0430883262848,10.6312179335889,182.006451023042,9.42482579426007
2020-08-06,4623,113,4491,105,132,8,5088,121,74337,1463,79425,1584,-1,37,41,890,73,3696,5,230,43,"Knox County",470313,134.378594680564,0.0857782197911487,336.796984136097,24.0265525299109,189.235679217883,8.57782197911487
2020-08-05,4510,99,4386,99,124,0,4967,100,72874,1107,77841,1207,1,38,-1,849,99,3623,3,225,42,"Knox County",470313,138.631081853999,0.0848748639825898,256.637600916836,21.049811508506,180.51808051234,8.48748639825898
2020-08-04,4411,112,4287,111,124,1,4867,106,71767,1082,76634,1188,1,37,-31,850,142,3524,9,222,41,"Knox County",470313,138.843706212671,0.0840530349105948,252.597738102072,23.8139281712392,180.730704871011,8.40530349105948
2020-08-03,4299,50,4176,50,123,0,4761,81,70685,593,75446,674,2,36,-59,881,107,3382,1,213,41,"Knox County",470313,141.607822875404,0.0867569158328429,143.308817744778,10.6312179335889,187.322059989837,8.67569158328429
2020-08-02,4249,97,4126,91,123,6,4680,95,70092,692,74772,787,3,34,29,940,65,3275,2,212,40,"Knox County",470313,144.159315179466,0.0866179465676291,167.335370274689,20.6245627911625,199.866897151471,8.66179465676291
2020-08-01,4152,118,4035,110,117,8,4585,118,69400,1417,73985,1535,1,31,29,911,88,3210,1,210,40,"Knox County",470313,135.866965191266,0.0895984909727836,326.37839056118,25.0896743232698,193.70079074999,8.95984909727836
2020-07-31,4034,117,3925,114,109,3,4467,116,67983,1060,72450,1176,2,30,9,882,106,3122,1,209,39,"Knox County",470313,150.112797222275,0.0904183535762483,250.046245798011,24.877049964598,187.534684348508,9.04183535762483
2020-07-30,3917,189,3811,186,106,3,4351,227,66923,2420,71274,2647,1,28,78,873,110,3016,7,208,36,"Knox County",470313,166.272248481331,0.0914912090297374,562.816677404197,40.1860037889661,185.621065120462,9.14912090297373
2020-07-29,3728,75,3625,71,103,4,4124,60,64503,438,68627,498,0,27,-40,795,115,2906,3,201,34,"Knox County",470313,161.169263873208,0.0944150499706055,105.886930618546,15.9468269003834,169.036365144064,9.44150499706055
2020-07-28,3653,154,3554,152,99,2,4064,186,64065,1211,68129,1397,1,27,46,835,107,2791,3,198,30,"Knox County",470313,170.099486937423,0.101331191186596,297.036229064474,32.7441512354538,177.541339490935,10.1331191186596
2020-07-27,3499,83,3402,76,97,7,3878,85,62854,677,66732,762,3,26,-36,789,116,2684,2,195,30,"Knox County",470313,177.116090773591,0.100772551692797,162.019761307895,17.6478217697576,167.760618992033,10.0772551692797
2020-07-26,3416,118,3326,113,90,5,3793,132,62177,1473,65970,1605,0,23,49,825,69,2568,2,193,29,"Knox County",470313,181.581202305699,0.0960498960498961,341.262095668204,25.0896743232698,175.415095904217,9.6049896049896
2020-07-25,3298,175,3213,172,85,3,3661,197,60704,1949,64365,2146,2,23,95,776,78,2499,3,191,28,"Knox County",470313,193.70079074999,0.0980353826605415,456.291873709636,37.2092627675612,164.9965023293,9.80353826605415
2020-07-24,3123,106,3041,99,82,7,3464,113,58755,916,62219,1029,0,21,-15,681,121,2421,4,188,25,"Knox County",470313,191.3619228046,0.0991669972233241,218.79046507326,22.5381820192085,144.797188255481,9.91669972233241
2020-07-23,3017,205,2942,197,75,8,3351,254,57839,2389,61190,2643,0,21,89,696,116,2300,4,184,25,"Knox County",470313,194.763912543349,0.101884920634921,561.96617996951,43.5879935277145,147.986553635558,10.1884920634921
2020-07-22,2812,69,2745,61,67,8,3097,63,55450,437,58547,500,3,21,-68,607,134,2184,3,180,24,"Knox County",470313,193.488166391318,0.102162269390994,106.312179335889,14.6710807483527,129.062985713769,10.2162269390994
2020-07-21,2743,232,2684,228,59,4,3034,280,55013,1691,58047,1971,0,18,120,675,112,2050,12,177,24,"Knox County",470313,210.072866367717,0.10548048048048,419.082610942075,49.3288512118525,143.52144210345,10.548048048048
2020-07-20,2511,74,2456,70,55,4,2754,57,53322,364,56076,421,0,18,-59,555,133,1938,4,165,23,"Knox County",470313,208.159247139671,0.106253029568589,89.5148550008186,15.7342025417116,118.006519062837,10.6253029568589
2020-07-19,2437,84,2386,74,51,10,2697,74,52958,577,55655,651,0,18,-16,614,100,1805,0,161,22,"Knox County",470313,200.93001894483,0.110885589146459,138.418457495328,17.8604461284294,130.551356224472,11.0885589146459
2020-07-18,2353,112,2312,109,41,3,2623,146,52381,2258,55004,2404,1,18,36,630,75,1705,8,161,20,"Knox County",470313,187.534684348508,0.102609418858509,511.148958246955,23.8139281712392,133.95334596322,10.2609418858509
2020-07-17,2241,74,2203,74,38,0,2477,80,50123,347,52600,427,0,17,3,594,71,1630,6,153,19,"Knox County",470313,180.730704871011,0.105800155262282,90.7906011528493,15.7342025417116,126.298869051036,10.5800155262282
2020-07-16,2167,187,2129,185,38,2,2397,228,49776,2033,52173,2261,2,17,97,591,88,1559,3,147,17,"Knox County",470313,176.903466414919,0.107469600463231,480.74367495689,39.7607550716225,125.660995975021,10.7469600463231
2020-07-15,1980,78,1944,78,36,0,2169,80,47743,511,49912,591,3,15,-14,494,89,1471,4,144,17,"Knox County",470313,178.817085642965,0.108297043318817,125.660995975021,16.5846999763987,105.036433183858,10.8297043318817
2020-07-14,1902,95,1866,95,36,0,2089,127,47232,777,49321,904,2,12,12,508,81,1382,1,140,16,"Knox County",470313,149.687548504932,0.103407755581669,192.212420239287,20.1993140738189,108.013174205263,10.3407755581669
2020-07-13,1807,94,1771,92,36,2,1962,59,46455,655,48417,714,1,10,20,496,73,1301,2,139,15,"Knox County",470313,153.940035678367,0.0998490945674044,151.81379209165,19.9866897151471,105.461681901202,9.98490945674044
2020-07-12,1713,69,1679,67,34,2,1903,87,45800,916,47703,1003,0,9,27,476,42,1228,4,137,12,"Knox County",470313,150.750670298291,0.0971820809248555,213.262231747793,14.6710807483527,101.209194727766,9.71820809248555
2020-07-11,1644,28,1612,27,32,1,1816,36,44884,883,46700,919,0,9,-16,449,44,1186,2,133,11,"Knox County",470313,132.890224169861,0.102214400938554,195.401785619364,5.95348204280979,95.4683370436284,10.2214400938554
2020-07-10,1616,78,1585,74,31,4,1780,68,44001,418,45781,486,0,9,29,465,49,1142,6,131,10,"Knox County",470313,133.740721604548,0.0995929049142193,103.335438314484,16.5846999763987,98.8703267823768,9.95929049142192
2020-07-09,1538,70,1511,66,27,4,1712,88,43583,1652,45295,1740,0,9,23,436,47,1093,8,125,10,"Knox County",470313,108.86367163995,0.0857322636463741,369.966384088894,14.8837051070245,92.7042203808953,8.57322636463741
2020-07-08,1468,70,1445,65,23,5,1624,63,41931,594,43555,657,1,9,15,413,54,1046,5,117,10,"Knox County",470313,107.162676770576,0.0822045773003269,139.694203647358,14.8837051070245,87.8138601314444,8.2204577300327
2020-07-07,1398,79,1380,79,18,0,1561,104,41337,1304,42898,1408,0,8,38,398,41,992,7,112,10,"Knox County",470313,103.760687031828,0.0729031326692652,299.375097009864,16.7973243350705,84.6244947513677,7.29031326692652
2020-07-06,1319,35,1301,35,18,0,1457,34,40033,658,41490,692,1,8,-19,360,53,951,6,105,9,"Knox County",470313,91.2158498701928,0.0695148443157133,147.13605620087,7.44185255351224,76.5447691218401,6.95148443157133
2020-07-05,1284,77,1266,77,18,0,1423,109,39375,1079,40798,1188,2,7,34,379,41,898,6,99,9,"Knox County",470313,92.9168447395671,0.0708039492242595,252.597738102072,16.3720756177269,80.5846319366039,7.08039492242595
2020-07-04,1207,41,1189,40,18,1,1314,50,38296,1141,39610,1191,0,5,4,345,37,857,1,93,8,"Knox County",470313,95.6809614023002,0.0700896495517522,253.235611178088,8.7175987055429,73.3554037417635,7.00896495517522
2020-07-03,1166,62,1149,61,17,1,1264,49,37155,910,38419,959,0,5,27,341,35,820,4,92,6,"Knox County",470313,92.2789716635517,0.0634333120612636,203.906759966235,13.1827102376502,72.5049063070764,6.34333120612636
2020-07-02,1104,68,1088,68,16,0,1215,102,36245,1228,37460,1330,0,5,33,314,35,785,2,88,6,"Knox County",470313,91.8537229462082,0.0688215488215488,282.790397033465,14.4584563896809,66.7640486229383,6.88215488215488
2020-07-01,1036,49,1020,49,16,0,1113,34,35017,737,36130,771,0,5,25,281,24,750,4,86,6,"Knox County",470313,87.3886114141008,0.0639342087810054,163.933380535941,10.4185935749171,59.7474447867697,6.39342087810054
2020-06-30,987,40,971,39,16,1,1079,73,34280,1514,35359,1587,0,5,18,256,22,726,3,82,5,"Knox County",470313,79.0962614259015,0.0584348276755636,337.434857212112,8.50497434687113,54.4318358199752,5.84348276755636
2020-06-29,947,51,932,51,15,0,1006,79,32766,1333,33772,1412,0,5,20,238,31,704,3,79,5,"Knox County",470313,82.4982511646499,0.058781701825077,300.225594444551,10.8438422922607,50.6045973638832,5.8781701825077
2020-06-28,896,10,881,10,15,0,927,30,31433,684,32360,714,0,5,-5,218,15,673,1,76,5,"Knox County",470313,68.2524191336408,0.0523606228026118,151.81379209165,2.12624358671778,46.3521101904476,5.23606228026117
2020-06-27,886,29,871,29,15,0,897,16,30749,111,31646,127,0,5,18,223,11,658,3,75,5,"Knox County",470313,65.7009268295794,0.0555072463768116,27.0032935513158,6.16610640148157,47.4152319838065,5.55072463768116
2020-06-26,857,37,842,37,15,0,881,14,30638,319,31519,333,0,5,17,205,20,647,8,72,5,"Knox County",470313,60.385317862785,0.0554670066942939,70.8039114377021,7.86710127085579,43.5879935277145,5.54670066942939
2020-06-25,820,32,805,32,15,0,867,52,30319,702,31186,754,0,5,13,188,19,627,1,64,5,"Knox County",470313,52.730840950601,0.0522990522990523,160.318766438521,6.8039794774969,39.9733794302943,5.22990522990523
2020-06-24,788,35,773,34,15,1,815,32,29617,272,30432,304,0,5,22,175,13,608,1,63,5,"Knox County",470313,49.7540999291961,0.0565857388644619,64.6378050362206,7.44185255351224,37.2092627675612,5.65857388644619
2020-06-23,753,27,739,24,14,3,783,25,29345,215,30128,240,0,5,18,153,9,595,4,62,5,"Knox County",470313,46.989983266463,0.0638516992790937,51.0298460812268,5.74085768413801,32.5315268767821,6.38516992790937
2020-06-22,726,36,715,36,11,0,758,31,29130,572,29888,603,0,5,20,135,16,586,0,58,5,"Knox County",470313,43.8006178863863,0.0650406504065041,128.212488279082,7.65447691218401,28.7042884206901,6.50406504065041
2020-06-21,690,31,679,31,11,0,727,37,28558,815,29285,852,0,5,16,115,15,570,1,58,5,"Knox County",470313,48.2657294184936,0.0644257703081232,181.155953588355,6.59135511882512,24.4518012472545,6.44257703081232
2020-06-20,659,17,648,17,11,0,690,9,27743,437,28433,446,0,5,11,99,6,555,2,57,5,"Knox County",470313,45.7142371144323,0.0566251415628539,94.8304639676131,3.61461409742023,21.049811508506,5.66251415628539
2020-06-19,642,30,631,28,11,2,681,10,27306,334,27987,344,0,5,8,88,22,549,1,55,5,"Knox County",470313,44.2258666037299,0.0553203499858877,73.1427793830917,6.37873076015334,18.7109435631165,5.53203499858877
2020-06-18,612,15,603,15,9,0,671,18,26972,804,27643,822,0,5,2,80,13,527,0,54,5,"Knox County",470313,40.6112525063096,0.0448629188590418,174.777222828202,3.18936538007667,17.0099486937423,4.48629188590418
2020-06-17,597,17,588,17,9,0,653,13,26168,282,26821,295,0,5,-3,78,20,514,0,54,5,"Knox County",470313,36.7840140502176,0.0397001665741255,62.7241858081746,3.61461409742023,16.5846999763987,3.97001665741255
2020-06-16,580,9,571,8,9,1,640,9,25886,178,26526,187,0,5,-2,81,11,494,0,54,5,"Knox County",470313,32.9567755941256,0.0357847280924204,39.7607550716225,1.913619228046,17.222573052414,3.57847280924204
2020-06-15,571,8,563,8,8,0,631,9,25708,218,26339,227,0,5,-5,83,13,483,0,54,5,"Knox County",470313,27.0032935513158,0.0330917113142137,48.2657294184936,1.70099486937423,17.6478217697576,3.30917113142137
2020-06-14,563,8,555,8,8,0,622,9,25490,624,26112,633,0,5,4,88,4,470,0,54,5,"Knox County",470313,22.1129333018649,0.0260663507109005,134.591219039236,1.70099486937423,18.7109435631165,2.60663507109005
2020-06-13,555,10,547,8,8,2,613,9,24866,213,25479,222,0,5,0,84,10,466,3,54,5,"Knox County",470313,20.6245627911625,0.0282051282051282,47.2026076251348,2.12624358671778,17.8604461284294,2.82051282051282
2020-06-12,545,19,539,19,6,0,604,19,24653,750,25257,769,0,5,1,84,18,456,0,51,5,"Knox County",470313,18.2856948457729,0.0272583201267829,163.508131818597,4.03986281476378,17.8604461284294,2.72583201267829
2020-06-11,526,7,520,7,6,0,585,10,23903,379,24488,389,0,5,1,83,6,438,2,51,5,"Knox County",470313,16.5846999763987,0.0286554004408523,82.7108755233217,1.48837051070245,17.6478217697576,2.86554004408523
2020-06-10,519,12,513,12,6,0,575,12,23524,706,24099,718,0,5,-6,82,18,432,0,49,5,"Knox County",470313,15.5215781830398,0.024483306836248,152.664289526337,2.55149230406134,17.4351974110858,2.4483306836248
2020-06-09,507,16,501,16,6,0,563,19,22818,508,23381,527,0,5,5,88,11,414,1,49,5,"Knox County",470313,17.0099486937423,0.0249641319942611,112.053037020027,3.40198973874845,18.7109435631165,2.49641319942611
2020-06-08,491,8,485,8,6,0,544,8,22310,336,22854,344,0,5,4,83,4,403,1,48,5,"Knox County",470313,17.0099486937423,0.0238756246529706,73.1427793830917,1.70099486937423,17.6478217697576,2.38756246529706
2020-06-07,483,7,477,7,6,0,536,8,21974,847,22510,855,0,5,0,79,7,399,1,47,5,"Knox County",470313,16.7973243350705,0.0222280334728033,181.79382666437,1.48837051070245,16.7973243350705,2.22280334728033
2020-06-06,476,11,470,11,6,0,528,12,21127,478,21655,490,0,5,5,79,6,392,0,46,5,"Knox County",470313,17.0099486937423,0.021505376344086,104.185935749171,2.33886794538956,16.7973243350705,2.1505376344086
2020-06-05,465,18,459,18,6,0,516,17,20649,518,21165,535,0,5,7,74,11,386,1,46,5,"Knox County",470313,16.7973243350705,0.0222913426645931,113.754031889401,3.82723845609201,15.7342025417116,2.22913426645931
2020-06-04,447,4,441,4,6,0,499,4,20131,338,20630,342,0,5,-1,67,5,375,0,45,5,"Knox County",470313,16.1594512590551,0.0209918656520598,72.7175306657481,0.850497434687113,14.2458320310091,2.09918656520598
2020-06-03,443,4,437,4,6,0,495,4,19793,399,20288,403,0,5,-3,68,7,370,0,45,5,"Knox County",470313,14.4584563896809,0.0205949656750572,85.6876165447266,0.850497434687113,14.4584563896809,2.05949656750572
2020-06-02,439,26,433,25,6,1,491,24,19394,939,19885,963,0,5,21,71,5,363,2,45,5,"Knox County",470313,16.5846999763987,0.0195829094608342,204.757257400922,5.52823332546623,15.0963294656962,1.95829094608342
2020-06-01,413,17,408,17,5,0,467,20,18455,972,18922,992,0,5,4,50,13,358,0,43,5,"Knox County",470313,18.4983192044447,0.0194323144104804,210.923363802404,3.61461409742023,10.6312179335889,1.94323144104803
2020-05-31,396,7,391,7,5,0,447,7,17483,317,17930,324,0,5,3,46,4,345,0,43,5,"Knox County",470313,18.4983192044447,0.0217337614225735,68.8902922096561,1.48837051070245,9.7807204989018,2.17337614225735
2020-05-30,389,6,384,6,5,0,440,6,17166,294,17606,300,0,5,-1,43,7,341,2,43,5,"Knox County",470313,17.4351974110858,0.0212490282456595,63.7873076015334,1.27574615203067,9.14284742288646,2.12490282456595
2020-05-29,383,8,378,8,5,0,434,7,16872,205,17306,212,0,5,0,44,8,334,0,41,5,"Knox County",470313,15.308953824368,0.0203619909502262,45.076364038417,1.70099486937423,9.35547178155824,2.03619909502262
2020-05-28,375,11,370,11,5,0,427,11,16667,336,17094,347,0,5,7,44,4,326,0,41,5,"Knox County",470313,16.7973243350705,0.022310081897769,73.780652459107,2.33886794538956,9.35547178155824,2.2310081897769
2020-05-27,364,5,359,5,5,0,416,6,16331,420,16747,426,0,5,0,37,5,322,1,41,5,"Knox County",470313,17.0099486937423,0.0227272727272727,90.5779767941775,1.06312179335889,7.86710127085579,2.27272727272727
2020-05-26,359,9,354,9,5,0,410,10,15911,1142,16321,1152,0,5,7,37,2,317,0,40,5,"Knox County",470313,13.395334596322,0.0178523847588596,244.943261189888,1.913619228046,7.86710127085579,1.78523847588596
2020-05-25,350,9,345,9,5,0,400,11,14769,381,15169,392,0,5,5,30,4,315,1,40,5,"Knox County",470313,11.6943397269478,0.018395179194418,83.348748599337,1.913619228046,6.37873076015334,1.8395179194418
2020-05-24,341,2,336,2,5,0,389,3,14388,273,14777,276,0,5,1,25,1,311,0,39,5,"Knox County",470313,10.6312179335889,0.0173913043478261,58.6843229934108,0.425248717343556,5.31560896679445,1.73913043478261
2020-05-23,339,7,334,7,5,0,386,10,14115,360,14501,370,0,5,4,24,3,310,2,39,5,"Knox County",470313,10.8438422922607,0.0182677165354331,78.6710127085579,1.48837051070245,5.10298460812268,1.82677165354331
2020-05-22,332,1,327,1,5,0,376,1,13755,253,14131,254,0,5,-14,20,15,307,0,37,5,"Knox County",470313,9.35547178155824,0.0161641280696301,54.0065871026317,0.212624358671778,4.25248717343556,1.61641280696301
2020-05-21,331,0,326,0,5,0,375,0,13502,250,13877,250,0,5,-1,34,1,292,0,37,5,"Knox County",470313,7.01660383616868,0.0131410256410256,53.1560896679445,0,7.22922819484046,1.31410256410256
2020-05-20,331,7,326,7,5,0,375,7,13252,360,13627,367,0,5,4,35,3,291,0,37,5,"Knox County",470313,7.44185255351224,0.0137210062071219,78.0331396325426,1.48837051070245,7.44185255351224,1.37210062071219
2020-05-19,324,7,319,7,5,0,368,7,12892,369,13260,376,0,5,4,31,3,288,2,37,5,"Knox County",470313,7.01660383616868,0.0170678336980306,79.9467588605886,1.48837051070245,6.59135511882512,1.70678336980306
2020-05-18,317,3,312,3,5,0,361,4,12523,478,12884,482,0,5,0,27,3,285,0,35,5,"Knox County",470313,5.74085768413801,0.0134736842105263,102.484940879797,0.637873076015334,5.74085768413801,1.34736842105263
2020-05-17,314,3,309,3,5,0,357,5,12045,216,12402,221,0,5,1,27,2,282,1,35,5,"Knox County",470313,5.95348204280979,0.0146551724137931,46.989983266463,0.637873076015334,5.74085768413801,1.46551724137931
2020-05-16,311,0,306,0,5,0,352,0,11829,349,12181,349,0,5,-4,26,4,280,0,34,5,"Knox County",470313,4.46511153210734,0.0104393214441061,74.2059011764506,0,5.52823332546623,1.04393214441061
2020-05-15,311,1,306,1,5,0,352,4,11480,540,11832,544,0,5,-4,30,5,276,0,34,5,"Knox County",470313,4.46511153210734,0.0104287369640788,115.667651117447,0.212624358671778,6.37873076015334,1.04287369640788
2020-05-14,310,3,305,3,5,0,348,7,10940,458,11288,465,0,5,0,34,3,271,0,34,5,"Knox County",470313,5.10298460812268,0.0121255349500713,98.8703267823768,0.637873076015334,7.22922819484046,1.21255349500713
2020-05-13,307,7,302,7,5,0,341,5,10482,341,10823,346,0,5,1,34,6,268,0,34,5,"Knox County",470313,5.10298460812268,0.011498383039885,73.5680281004352,1.48837051070245,7.22922819484046,1.1498383039885
2020-05-12,300,6,295,6,5,0,336,8,10141,401,10477,409,0,5,3,33,3,262,0,34,5,"Knox County",470313,4.8903602494509,0.01171875,86.9633626967573,1.27574615203067,7.01660383616868,1.171875
2020-05-11,294,16,289,16,5,0,328,12,9740,254,10068,266,0,5,9,30,7,259,1,34,5,"Knox County",470313,7.65447691218401,0.0157692307692308,56.558079406693,3.40198973874845,6.37873076015334,1.57692307692308
2020-05-10,278,5,273,5,5,0,316,5,9486,221,9802,226,0,5,1,21,4,252,1,33,5,"Knox County",470313,8.07972562952757,0.0157389635316699,48.0531050598219,1.06312179335889,4.46511153210734,1.57389635316699
2020-05-09,273,2,268,2,5,0,311,4,9265,352,9576,356,0,5,-1,20,3,248,0,32,5,"Knox County",470313,8.50497434687113,0.0172281776416539,75.694271687153,0.425248717343556,4.25248717343556,1.72281776416539
2020-05-08,271,3,266,3,5,0,307,4,8913,265,9220,269,0,5,-2,21,5,245,0,32,5,"Knox County",470313,8.93022306421468,0.0192554557124519,57.1959524827083,0.637873076015334,4.46511153210734,1.92554557124519
2020-05-07,268,3,263,3,5,0,303,3,8648,220,8951,223,0,5,-2,23,5,240,0,32,5,"Knox County",470313,8.93022306421468,0.0195704057279236,47.4152319838065,0.637873076015334,4.8903602494509,1.95704057279236
2020-05-06,265,1,260,1,5,0,300,1,8428,185,8728,186,0,5,-7,25,8,235,0,32,5,"Knox County",470313,7.65447691218401,0.0191214470284238,39.5481307129507,0.212624358671778,5.31560896679445,1.91214470284238
2020-05-05,264,4,259,4,5,0,299,5,8243,305,8542,310,0,5,-1,32,5,227,0,32,5,"Knox County",470313,7.22922819484046,0.0185185185185185,65.9135511882512,0.850497434687113,6.8039794774969,1.85185185185185
2020-05-04,260,4,255,4,5,0,294,7,7938,259,8232,266,0,5,-3,33,7,222,0,32,5,"Knox County",470313,4.67773589077912,0.0157952069716776,56.558079406693,0.850497434687113,7.01660383616868,1.57952069716776
2020-05-03,256,7,251,5,5,2,287,6,7679,290,7966,296,0,5,6,36,1,215,2,32,5,"Knox County",470313,5.10298460812268,0.0157397691500525,62.9368101668463,1.48837051070245,7.65447691218401,1.57397691500525
2020-05-02,249,3,246,3,3,0,281,5,7389,308,7670,313,0,5,1,30,2,214,1,30,5,"Knox County",470313,5.31560896679445,0.0166398282340311,66.5514242642666,0.637873076015334,6.37873076015334,1.66398282340311
2020-05-01,246,9,243,8,3,1,276,7,7081,354,7357,361,0,5,4,29,5,212,0,29,5,"Knox County",470313,6.59135511882512,0.0173913043478261,76.7573934805119,1.913619228046,6.16610640148157,1.73913043478261
2020-04-30,237,4,235,4,2,0,269,3,6727,119,6996,122,0,5,-1,25,5,207,0,29,5,"Knox County",470313,6.8039794774969,0.0183387270765912,25.9401717579569,0.850497434687113,5.31560896679445,1.83387270765912
2020-04-29,233,8,231,8,2,0,266,10,6608,671,6874,681,0,5,5,26,3,202,0,29,5,"Knox County",470313,8.29234998819935,0.0183056619838229,144.797188255481,1.70099486937423,5.52823332546623,1.83056619838229
2020-04-28,225,8,223,8,2,0,256,10,5937,391,6193,401,1,5,4,21,3,199,0,29,5,"Knox County",470313,9.14284742288646,0.019672131147541,85.262367827383,1.70099486937423,4.46511153210734,1.9672131147541
2020-04-27,217,2,215,2,2,0,246,4,5546,161,5792,165,0,4,1,17,1,196,0,29,5,"Knox County",470313,8.7175987055429,0.0192389910218042,35.0830191808434,0.425248717343556,3.61461409742023,1.92389910218042
2020-04-26,215,1,213,1,2,0,242,1,5385,172,5627,173,0,4,-2,16,3,195,0,29,4,"Knox County",470313,7.44185255351224,0.0180505415162455,36.7840140502176,0.212624358671778,3.40198973874845,1.80505415162455
2020-04-25,214,0,212,0,2,0,241,0,5213,53,5454,53,0,4,-6,18,6,192,0,29,4,"Knox County",470313,6.8039794774969,0.0178936605316973,11.2690910096042,0,3.82723845609201,1.78936605316973
2020-04-24,214,8,212,8,2,0,241,10,5160,836,5401,846,0,4,5,24,3,186,1,29,4,"Knox County",470313,6.59135511882512,0.0155673904137649,179.880207436324,1.70099486937423,5.10298460812268,1.55673904137648
2020-04-23,206,1,204,1,2,0,231,2,4324,137,4555,139,0,4,0,19,1,183,0,28,4,"Knox County",470313,5.95348204280979,0.0150528885272579,29.5547858553772,0.212624358671778,4.03986281476378,1.50528885272579
2020-04-22,205,5,203,3,2,2,229,2,4187,189,4416,191,0,4,1,19,4,182,0,28,4,"Knox County",470313,5.31560896679445,0.0147357723577236,40.6112525063096,1.06312179335889,4.03986281476378,1.47357723577236
2020-04-21,200,4,200,4,0,0,227,5,3998,475,4225,480,0,4,-2,18,6,178,1,28,4,"Knox County",470313,4.46511153210734,0.0117244748412311,102.059692162454,0.850497434687113,3.82723845609201,1.17244748412311
2020-04-20,196,3,196,3,0,0,222,2,3523,175,3745,177,0,4,-1,20,4,172,1,27,4,"Knox County",470313,4.67773589077912,0.0106847984458475,37.6345114849047,0.637873076015334,4.25248717343556,1.06847984458475
2020-04-19,193,0,193,0,0,0,220,0,3348,72,3568,72,0,4,-4,21,4,168,0,26,4,"Knox County",470313,4.46511153210734,0.0107252298263534,15.308953824368,0,4.46511153210734,1.07252298263534
2020-04-18,193,0,193,0,0,0,220,1,3276,135,3496,136,0,4,-5,25,5,164,0,26,4,"Knox County",470313,4.46511153210734,0.0107790298873101,28.9169127793618,0,5.31560896679445,1.07790298873101
2020-04-17,193,2,193,2,0,0,219,3,3141,104,3360,107,0,4,-2,30,4,159,1,26,4,"Knox County",470313,3.18936538007667,0.0115207373271889,22.7508063778803,0.425248717343556,6.37873076015334,1.15207373271889
2020-04-16,191,7,191,7,0,0,216,9,3037,213,3253,222,0,4,2,32,5,155,2,25,4,"Knox County",470313,4.46511153210734,0.015884476534296,47.2026076251348,1.48837051070245,6.8039794774969,1.5884476534296
2020-04-15,184,9,184,9,0,0,207,10,2824,84,3031,94,0,4,3,30,6,150,1,23,4,"Knox County",470313,5.31560896679445,0.0232919254658385,19.9866897151471,1.913619228046,6.37873076015334,2.32919254658385
2020-04-14,175,4,175,4,0,0,197,4,2740,102,2937,106,0,4,1,27,3,144,1,22,4,"Knox County",470313,5.31560896679445,0.0317286652078775,22.5381820192085,0.850497434687113,5.74085768413801,3.17286652078775
2020-04-13,171,4,171,4,0,0,193,9,2638,242,2831,251,0,4,-2,26,6,141,1,21,4,"Knox County",470313,5.52823332546623,0.0364372469635627,53.3687140266163,0.850497434687113,5.52823332546623,3.64372469635628
2020-04-12,167,5,167,5,0,0,184,6,2396,166,2580,172,0,4,1,28,4,135,0,20,4,"Knox County",470313,6.59135511882512,0.0386029411764706,36.5713896915458,1.06312179335889,5.95348204280979,3.86029411764706
2020-04-11,162,5,162,5,0,0,178,8,2230,313,2408,321,1,4,-4,27,8,131,1,20,4,"Knox County",470313,7.65447691218401,0.0384917517674784,68.2524191336408,1.06312179335889,5.74085768413801,3.84917517674784
2020-04-10,157,4,157,4,0,0,170,5,1917,123,2087,128,0,3,0,31,4,123,0,19,4,"Knox County",470313,8.07972562952757,0.0394126738794436,27.2159179099876,0.850497434687113,6.59135511882512,3.94126738794436
2020-04-09,153,1,153,1,0,0,165,1,1794,81,1959,82,0,3,-2,31,3,119,0,19,4,"Knox County",470313,6.8039794774969,0.037261698440208,17.4351974110858,0.212624358671778,6.59135511882512,3.7261698440208
2020-04-08,152,8,152,8,0,0,164,12,1713,111,1877,123,0,3,-3,33,11,116,1,19,4,"Knox County",470313,6.59135511882512,0.0380388841927303,26.1527961166287,1.70099486937423,7.01660383616868,3.80388841927303
2020-04-07,144,20,144,20,0,0,152,25,1602,366,1754,391,0,3,11,36,9,105,2,18,3,"Knox County",470313,9.99334485757357,0.0449591280653951,83.1361242406653,4.25248717343556,7.65447691218401,4.49591280653951
2020-04-06,124,8,124,8,0,0,127,14,1236,54,1363,68,2,3,-2,25,8,96,1,16,3,"Knox County",470313,10.8438422922607,0.0552529182879377,14.4584563896809,1.70099486937423,5.31560896679445,5.52529182879377
2020-04-05,116,4,116,4,0,0,113,10,1182,75,1295,85,0,1,-2,27,6,88,0,15,3,"Knox County",470313,10.6312179335889,0.0626043405676127,18.0730704871011,0.850497434687113,5.74085768413801,6.26043405676127
2020-04-04,112,15,112,15,0,0,103,6,1107,127,1210,133,0,1,4,29,11,82,1,15,2,"Knox County",470313,12.7574615203067,0.0722772277227723,28.2790397033465,3.18936538007667,6.16610640148157,7.22772277227723
2020-04-03,97,4,97,4,0,0,97,3,980,51,1077,54,0,1,-8,25,12,71,1,14,1,"Knox County",470313,12.7574615203067,0.0758547008547008,11.481715368276,0.850497434687113,5.31560896679445,7.58547008547009
2020-04-02,93,7,93,7,0,0,94,7,929,106,1023,113,0,1,NA,33,8,59,0,13,1,"Knox County",470313,14.0332076723374,0.0796277145811789,24.0265525299109,1.48837051070245,7.01660383616868,7.96277145811789
2020-04-01,86,15,86,15,0,0,87,15,823,140,910,155,NA,NA,NA,NA,7,51,1,13,1,"Knox County",470313,15.5215781830398,0.0800800800800801,32.9567755941256,3.18936538007667,NA,8.00800800800801
2020-03-31,71,8,71,8,0,0,72,11,683,58,755,69,NA,NA,NA,NA,12,44,1,12,1,"Knox County",470313,12.9700858789785,0.0974889217134417,14.6710807483527,1.70099486937423,NA,9.74889217134417
2020-03-30,63,13,63,13,0,0,61,15,625,130,686,145,NA,NA,NA,NA,9,32,2,11,1,"Knox County",470313,14.0332076723374,0.0888594164456233,30.8305320074078,2.76411666273312,NA,8.88594164456233
2020-03-29,50,8,50,8,0,0,46,8,495,55,541,63,NA,NA,NA,NA,6,23,1,9,1,"Knox County",470313,14.8837051070245,0.0887978142076503,13.395334596322,1.70099486937423,NA,8.87978142076503
2020-03-28,42,7,42,7,0,0,38,6,440,62,478,68,NA,NA,NA,NA,1,17,1,8,0,"Knox County",470313,13.1827102376502,0.0974512743628186,14.4584563896809,1.48837051070245,NA,9.74512743628186
2020-03-27,35,2,35,2,0,0,32,2,378,54,410,56,NA,NA,NA,NA,5,16,1,7,0,"Knox County",470313,12.7574615203067,0.0956651718983558,11.9069640856196,0.425248717343556,NA,9.56651718983558
2020-03-26,33,7,33,7,0,0,30,7,324,82,354,89,NA,NA,NA,NA,3,11,2,6,0,"Knox County",470313,12.7574615203067,0.0992248062015504,18.9235679217883,1.48837051070245,NA,9.92248062015504
2020-03-25,26,6,26,6,0,0,23,7,242,68,265,75,NA,NA,NA,NA,3,8,1,4,0,"Knox County",470313,10.8438422922607,0.0991150442477876,15.9468269003834,1.27574615203067,NA,9.91150442477876
2020-03-24,20,7,20,7,0,0,16,7,174,43,190,50,NA,NA,NA,NA,2,5,0,3,0,"Knox County",470313,10.6312179335889,0.0952380952380952,10.6312179335889,1.48837051070245,NA,9.52380952380952
2020-03-23,13,4,13,4,0,0,9,4,131,22,140,26,NA,NA,NA,NA,3,3,2,3,0,"Knox County",470313,8.7175987055429,0.0960187353629977,5.52823332546623,0.850497434687113,NA,9.60187353629976
2020-03-22,9,2,9,2,0,0,5,0,109,9,114,9,NA,NA,NA,NA,0,0,1,1,0,"Knox County",470313,7.44185255351224,0.0884718498659517,1.913619228046,0.425248717343556,NA,8.84718498659517
2020-03-21,7,1,7,1,0,0,5,2,100,17,105,19,NA,NA,NA,NA,0,0,0,0,0,"Knox County",470313,6.16610640148157,0.0895061728395062,4.03986281476378,0.212624358671778,NA,8.95061728395062
2020-03-20,6,5,6,5,0,0,3,2,83,38,86,40,NA,NA,NA,NA,0,0,0,0,0,"Knox County",470313,6.8039794774969,0.0941558441558442,8.50497434687113,1.06312179335889,NA,9.41558441558442
2020-03-19,1,0,1,0,0,0,1,0,45,11,46,11,NA,NA,NA,NA,0,0,0,0,0,"Knox County",470313,5.31560896679445,0.0956521739130435,2.33886794538956,0,NA,9.56521739130435
2020-03-18,1,0,1,0,0,0,1,0,34,15,35,15,NA,NA,NA,NA,0,0,0,0,0,"Knox County",470313,4.03986281476378,0.0882352941176471,3.18936538007667,0,NA,8.82352941176471
2020-03-17,1,0,1,0,0,0,1,0,19,5,20,5,NA,NA,NA,NA,0,0,0,0,0,"Knox County",470313,2.55149230406134,0.064,1.06312179335889,0,NA,6.4
2020-03-16,1,1,1,1,0,0,1,1,14,3,15,4,NA,NA,NA,NA,0,0,0,0,0,"Knox County",470313,1.913619228046,0.0485436893203883,0.850497434687113,0.212624358671778,NA,4.85436893203883
2020-03-15,0,0,0,0,0,0,0,0,11,1,11,1,NA,NA,NA,NA,0,0,0,0,0,"Knox County",470313,1.48837051070245,0.0526315789473684,0.212624358671778,0,NA,5.26315789473684
2020-03-14,0,0,0,0,0,0,0,0,10,8,10,8,NA,NA,NA,NA,0,0,0,0,0,"Knox County",470313,1.27574615203067,0.0357142857142857,1.70099486937423,0,NA,3.57142857142857
2020-03-13,0,0,0,0,0,0,0,0,2,0,2,0,NA,NA,NA,NA,0,0,0,0,0,"Knox County",470313,0.212624358671778,0.0227272727272727,0,0,NA,2.27272727272727
2020-03-12,0,0,0,0,0,0,0,0,2,2,2,2,NA,NA,NA,NA,0,0,0,0,0,"Knox County",470313,0.212624358671778,0.0285714285714286,0.425248717343556,0,NA,2.85714285714286
2020-03-12,0,0,0,0,0,0,0,0,0,0,0,0,NA,NA,NA,NA,0,0,0,0,0,"Anderson",76978,NA,NA,0,0,NA,NA
2020-03-13,0,0,0,0,0,0,0,0,1,1,1,1,NA,NA,NA,NA,0,0,0,0,0,"Anderson",76978,NA,NA,1.29907246226194,0,NA,NA
2020-03-14,0,0,0,0,0,0,0,0,1,0,1,0,NA,NA,NA,NA,0,0,0,0,0,"Anderson",76978,NA,NA,0,0,NA,NA
2020-03-15,0,0,0,0,0,0,0,0,1,0,1,0,NA,NA,NA,NA,0,0,0,0,0,"Anderson",76978,NA,NA,0,0,NA,NA
2020-03-16,0,0,0,0,0,0,0,0,2,1,2,1,NA,NA,NA,NA,0,0,0,0,0,"Anderson",76978,NA,NA,1.29907246226194,0,NA,NA
2020-03-17,0,0,0,0,0,0,0,0,4,2,4,2,NA,NA,NA,NA,0,0,0,0,0,"Anderson",76978,NA,NA,2.59814492452389,0,NA,NA
2020-03-18,0,0,0,0,0,0,0,0,4,0,4,0,NA,NA,NA,NA,0,0,0,0,0,"Anderson",76978,0,0,0,0,NA,0
2020-03-19,1,1,1,1,0,0,2,2,5,1,7,3,NA,NA,NA,NA,0,0,0,0,0,"Anderson",76978,1.29907246226194,0.285714285714286,3.89721738678583,1.29907246226194,NA,28.5714285714286
2020-03-20,1,0,1,0,0,0,2,0,7,2,9,2,NA,NA,NA,NA,0,0,0,0,0,"Anderson",76978,1.29907246226194,0.25,2.59814492452389,0,NA,25
2020-03-21,1,0,1,0,0,0,2,0,7,0,9,0,NA,NA,NA,NA,0,0,0,0,0,"Anderson",76978,1.29907246226194,0.25,0,0,NA,25
2020-03-22,1,0,1,0,0,0,2,0,10,3,12,3,NA,NA,NA,NA,0,0,0,0,0,"Anderson",76978,1.29907246226194,0.181818181818182,3.89721738678583,0,NA,18.1818181818182
2020-03-23,1,0,1,0,0,0,2,0,15,5,17,5,NA,NA,NA,NA,0,0,0,0,0,"Anderson",76978,1.29907246226194,0.133333333333333,6.49536231130973,0,NA,13.3333333333333
2020-03-24,1,0,1,0,0,0,2,0,20,5,22,5,NA,NA,NA,NA,0,0,0,0,0,"Anderson",76978,1.29907246226194,0.111111111111111,6.49536231130973,0,NA,11.1111111111111
2020-03-25,2,1,2,1,0,0,4,2,29,9,33,11,NA,NA,NA,NA,1,1,0,0,0,"Anderson",76978,2.59814492452389,0.137931034482759,14.2897970848814,1.29907246226194,NA,13.7931034482759
2020-03-26,3,1,3,1,0,0,5,1,44,15,49,16,NA,NA,NA,NA,0,1,1,1,0,"Anderson",76978,2.59814492452389,0.0714285714285714,20.7851593961911,1.29907246226194,NA,7.14285714285714
2020-03-27,4,1,4,1,0,0,6,1,53,9,59,10,NA,NA,NA,NA,3,4,0,1,0,"Anderson",76978,3.89721738678583,0.08,12.9907246226195,1.29907246226194,NA,8
2020-03-28,7,3,7,3,0,0,9,3,72,19,81,22,NA,NA,NA,NA,0,4,1,2,0,"Anderson",76978,7.79443477357167,0.0972222222222222,28.5795941697628,3.89721738678583,NA,9.72222222222222
2020-03-29,7,0,7,0,0,0,9,0,83,11,92,11,NA,NA,NA,NA,0,4,0,2,0,"Anderson",76978,7.79443477357167,0.0875,14.2897970848814,0,NA,8.75
2020-03-30,8,1,8,1,0,0,10,1,127,44,137,45,NA,NA,NA,NA,1,5,0,2,0,"Anderson",76978,9.09350723583361,0.0666666666666667,58.4582608017875,1.29907246226194,NA,6.66666666666667
2020-03-31,9,1,9,1,0,0,11,1,142,15,153,16,NA,NA,NA,NA,1,6,0,2,0,"Anderson",76978,10.3925796980956,0.0687022900763359,20.7851593961911,1.29907246226194,NA,6.87022900763359
2020-04-01,9,0,9,0,0,0,11,0,163,21,174,21,NA,NA,NA,NA,0,6,0,2,0,"Anderson",76978,9.09350723583361,0.049645390070922,27.2805217075008,0,NA,4.9645390070922
2020-04-02,9,0,9,0,0,0,11,0,179,16,190,16,0,0,NA,3,0,6,0,2,0,"Anderson",76978,7.79443477357167,0.0425531914893617,20.7851593961911,0,3.89721738678583,4.25531914893617
2020-04-03,9,0,9,0,0,0,11,0,192,13,203,13,0,0,-2,1,2,8,0,2,0,"Anderson",76978,6.49536231130972,0.0347222222222222,16.8879420094053,0,1.29907246226194,3.47222222222222
2020-04-04,9,0,9,0,0,0,11,0,219,27,230,27,0,0,0,1,0,8,0,2,0,"Anderson",76978,2.59814492452389,0.0134228187919463,35.0749564810725,0,1.29907246226194,1.34228187919463
2020-04-05,9,0,9,0,0,0,11,0,248,29,259,29,0,0,0,1,0,8,0,2,0,"Anderson",76978,2.59814492452389,0.0119760479041916,37.6731014055964,0,1.29907246226194,1.19760479041916
2020-04-06,9,0,9,0,0,0,11,0,262,14,273,14,0,0,-1,0,1,9,0,2,0,"Anderson",76978,1.29907246226194,0.00735294117647059,18.1870144716672,0,0,0.735294117647059
2020-04-07,10,1,10,1,0,0,12,1,304,42,316,43,0,0,1,1,0,9,0,2,0,"Anderson",76978,1.29907246226194,0.00613496932515337,55.8601158772636,1.29907246226194,1.29907246226194,0.613496932515337
2020-04-08,10,0,10,0,0,0,12,0,322,18,334,18,1,1,-1,0,0,9,0,2,1,"Anderson",76978,1.29907246226194,0.00625,23.383304320715,0,0,0.625
2020-04-09,10,0,10,0,0,0,12,0,350,28,362,28,0,1,0,0,0,9,0,2,1,"Anderson",76978,1.29907246226194,0.00581395348837209,36.3740289433345,0,0,0.581395348837209
2020-04-10,10,0,10,0,0,0,12,0,366,16,378,16,0,1,0,0,0,9,0,2,1,"Anderson",76978,1.29907246226194,0.00571428571428571,20.7851593961911,0,0,0.571428571428571
2020-04-11,10,0,10,0,0,0,12,0,439,73,451,73,0,1,0,0,0,9,0,2,1,"Anderson",76978,1.29907246226194,0.00452488687782805,94.832289745122,0,0,0.452488687782805
2020-04-12,12,2,12,2,0,0,14,2,477,38,491,40,0,1,2,2,0,9,0,2,1,"Anderson",76978,3.89721738678583,0.0129310344827586,51.9628984904778,2.59814492452389,2.59814492452389,1.29310344827586
2020-04-13,13,1,13,1,0,0,15,1,514,37,529,38,0,1,0,2,1,10,0,2,1,"Anderson",76978,5.19628984904778,0.015625,49.3647535659539,1.29907246226194,2.59814492452389,1.5625
2020-04-14,13,0,13,0,0,0,15,0,526,12,541,12,0,1,0,2,0,10,0,2,1,"Anderson",76978,3.89721738678583,0.0133333333333333,15.5888695471433,0,2.59814492452389,1.33333333333333
2020-04-15,13,0,13,0,0,0,15,0,544,18,559,18,0,1,-2,0,2,12,0,2,1,"Anderson",76978,3.89721738678583,0.0133333333333333,23.383304320715,0,0,1.33333333333333
2020-04-16,13,0,13,0,0,0,15,0,566,22,581,22,0,1,0,0,0,12,0,2,1,"Anderson",76978,3.89721738678583,0.0136986301369863,28.5795941697628,0,0,1.36986301369863
2020-04-17,13,0,13,0,0,0,15,0,586,20,601,20,0,1,0,0,0,12,0,2,1,"Anderson",76978,3.89721738678583,0.0134529147982063,25.9814492452389,0,0,1.34529147982063
2020-04-18,13,0,13,0,0,0,15,0,616,30,631,30,0,1,0,0,0,12,0,2,1,"Anderson",76978,3.89721738678583,0.0166666666666667,38.9721738678584,0,0,1.66666666666667
2020-04-19,14,1,14,1,0,0,16,1,628,12,644,13,0,1,0,0,1,13,0,2,1,"Anderson",76978,2.59814492452389,0.0130718954248366,16.8879420094053,1.29907246226194,0,1.30718954248366
2020-04-20,19,5,18,4,1,1,19,3,648,20,667,23,0,1,5,5,0,13,0,2,1,"Anderson",76978,7.79443477357167,0.0289855072463768,29.8786666320247,6.49536231130973,6.49536231130973,2.89855072463768
2020-04-21,20,1,19,1,1,0,22,3,1071,423,1093,426,0,1,1,6,0,13,0,2,1,"Anderson",76978,9.09350723583361,0.0126811594202899,553.404868923589,1.29907246226194,7.79443477357167,1.26811594202899
2020-04-22,21,1,20,1,1,0,24,2,1141,70,1165,72,0,1,0,6,1,14,0,2,1,"Anderson",76978,10.3925796980956,0.0148514851485149,93.53321728286,1.29907246226194,7.79443477357167,1.48514851485149
2020-04-23,21,0,20,0,1,0,24,0,1191,50,1215,50,0,1,-1,5,1,15,0,2,1,"Anderson",76978,10.3925796980956,0.0141955835962145,64.9536231130973,0,6.49536231130973,1.41955835962145
2020-04-24,22,1,21,1,1,0,25,1,1299,108,1324,109,0,1,1,6,0,15,0,2,1,"Anderson",76978,11.6916521603575,0.0138312586445367,141.598898386552,1.29907246226194,7.79443477357167,1.38312586445367
2020-04-25,22,0,21,0,1,0,25,0,1336,37,1361,37,0,1,0,6,0,15,0,2,1,"Anderson",76978,11.6916521603575,0.0136986301369863,48.065681103692,0,7.79443477357167,1.36986301369863
2020-04-26,22,0,21,0,1,0,25,0,1372,36,1397,36,0,1,0,6,0,15,0,2,1,"Anderson",76978,10.3925796980956,0.0119521912350598,46.76660864143,0,7.79443477357167,1.19521912350598
2020-04-27,22,0,21,0,1,0,25,0,1411,39,1436,39,0,1,-1,5,1,16,0,2,1,"Anderson",76978,3.89721738678583,0.00780234070221066,50.6638260282159,0,6.49536231130973,0.780234070221066
2020-04-28,22,0,21,0,1,0,25,0,1690,279,1715,279,0,1,0,5,0,16,0,2,1,"Anderson",76978,2.59814492452389,0.00482315112540193,362.441216971083,0,6.49536231130973,0.482315112540193
2020-04-29,26,4,25,4,1,0,28,3,2069,379,2097,382,0,1,4,9,0,16,0,2,1,"Anderson",76978,6.49536231130972,0.00429184549356223,496.245680584063,5.19628984904778,11.6916521603575,0.429184549356223
2020-04-30,26,0,25,0,1,0,29,1,2101,32,2130,33,0,1,-1,8,1,17,0,2,1,"Anderson",76978,6.49536231130972,0.00546448087431694,42.8693912546442,0,10.3925796980956,0.546448087431694
2020-05-01,26,0,25,0,1,0,29,0,2153,52,2182,52,0,1,-2,6,2,19,0,2,1,"Anderson",76978,5.19628984904778,0.00466200466200466,67.5517680376211,0,7.79443477357167,0.466200466200466
2020-05-02,26,0,25,0,1,0,29,0,2220,67,2249,67,0,1,0,6,0,19,0,2,1,"Anderson",76978,5.19628984904778,0.0045045045045045,87.0378549715503,0,7.79443477357167,0.45045045045045
2020-05-03,27,1,26,1,1,0,30,1,2313,93,2343,94,0,1,1,7,0,19,0,2,1,"Anderson",76978,6.49536231130972,0.00528541226215645,122.112811452623,1.29907246226194,9.09350723583361,0.528541226215645
2020-05-04,27,0,26,0,1,0,30,0,2405,92,2435,92,0,1,-1,6,1,20,0,2,1,"Anderson",76978,6.49536231130972,0.005005005005005,119.514666528099,0,7.79443477357167,0.500500500500501
2020-05-05,28,1,27,1,1,0,30,0,2474,69,2504,69,0,1,-1,5,2,22,0,2,1,"Anderson",76978,7.79443477357167,0.00633713561470215,89.6359998960742,1.29907246226194,6.49536231130973,0.633713561470215
2020-05-06,30,2,29,2,1,0,31,1,2524,50,2555,51,0,1,2,7,0,22,0,2,1,"Anderson",76978,5.19628984904778,0.00655021834061135,66.2526955753592,2.59814492452389,9.09350723583361,0.655021834061135
2020-05-07,30,0,29,0,1,0,33,2,2596,72,2629,74,0,1,-1,6,1,23,0,2,1,"Anderson",76978,5.19628984904778,0.00801603206412826,96.1313622073839,0,7.79443477357167,0.801603206412826
2020-05-08,30,0,29,0,1,0,33,0,2651,55,2684,55,0,1,0,6,0,23,0,2,1,"Anderson",76978,5.19628984904778,0.00796812749003984,71.448985424407,0,7.79443477357167,0.796812749003984
2020-05-09,30,0,29,0,1,0,33,0,2733,82,2766,82,0,1,0,6,0,23,0,2,1,"Anderson",76978,5.19628984904778,0.00773694390715667,106.523941905479,0,7.79443477357167,0.773694390715667
2020-05-10,30,0,29,0,1,0,33,0,2826,93,2859,93,0,1,-3,3,3,26,0,2,1,"Anderson",76978,3.89721738678583,0.00581395348837209,120.813738990361,0,3.89721738678583,0.581395348837209
2020-05-11,32,2,31,2,1,0,33,0,2908,82,2941,82,0,1,2,5,0,26,0,2,1,"Anderson",76978,6.49536231130972,0.00592885375494071,106.523941905479,2.59814492452389,6.49536231130973,0.592885375494071
2020-05-12,33,1,32,1,1,0,35,2,3041,133,3076,135,0,1,1,6,0,26,0,2,1,"Anderson",76978,6.49536231130972,0.00874125874125874,175.374782405363,1.29907246226194,7.79443477357167,0.874125874125874
2020-05-13,35,2,34,2,1,0,38,3,3219,178,3257,181,0,1,1,7,1,27,1,3,1,"Anderson",76978,6.49536231130972,0.00997150997150997,235.132115669412,2.59814492452389,9.09350723583361,0.997150997150997
2020-05-14,35,0,34,0,1,0,39,1,3345,126,3384,127,0,1,-1,6,1,28,0,3,1,"Anderson",76978,6.49536231130972,0.00794701986754967,164.982202707267,0,7.79443477357167,0.794701986754967
2020-05-15,36,1,35,1,1,0,39,0,3416,71,3455,71,0,1,1,7,0,28,0,3,1,"Anderson",76978,7.79443477357167,0.00778210116731518,92.2341448205981,1.29907246226194,9.09350723583361,0.778210116731518
2020-05-16,36,0,35,0,1,0,41,2,3656,240,3697,242,0,1,-1,6,1,29,0,3,1,"Anderson",76978,7.79443477357167,0.00859291084854995,314.375535867391,0,7.79443477357167,0.859291084854995
2020-05-17,36,0,35,0,1,0,41,0,3726,70,3767,70,0,1,0,6,0,29,0,3,1,"Anderson",76978,7.79443477357167,0.00881057268722467,90.9350723583361,0,7.79443477357167,0.881057268722467
2020-05-18,37,1,36,1,1,0,42,1,3803,77,3845,78,0,1,-2,4,3,32,0,3,1,"Anderson",76978,6.49536231130972,0.00995575221238938,101.327652056432,1.29907246226194,5.19628984904778,0.995575221238938
2020-05-19,37,0,36,0,1,0,42,0,3855,52,3897,52,0,1,0,4,0,32,0,3,1,"Anderson",76978,5.19628984904778,0.00852618757612668,67.5517680376211,0,5.19628984904778,0.852618757612667
2020-05-20,37,0,36,0,1,0,43,1,3920,65,3963,66,0,1,0,4,0,32,0,3,1,"Anderson",76978,2.59814492452389,0.00708215297450425,85.7387825092884,0,5.19628984904778,0.708215297450425
2020-05-21,37,0,36,0,1,0,44,1,4000,80,4044,81,0,1,-1,3,1,33,0,3,1,"Anderson",76978,2.59814492452389,0.00757575757575758,105.224869443218,0,3.89721738678583,0.757575757575758
2020-05-22,38,1,37,1,1,0,45,1,4028,28,4073,29,0,1,-1,2,2,35,1,4,1,"Anderson",76978,2.59814492452389,0.00970873786407767,37.6731014055964,1.29907246226194,2.59814492452389,0.970873786407767
2020-05-23,38,0,37,0,1,0,46,1,4191,163,4237,164,0,1,0,2,0,35,0,4,1,"Anderson",76978,2.59814492452389,0.00925925925925926,213.047883810959,0,2.59814492452389,0.925925925925926
2020-05-24,38,0,37,0,1,0,46,0,4246,55,4292,55,0,1,0,2,0,35,0,4,1,"Anderson",76978,2.59814492452389,0.00952380952380952,71.448985424407,0,2.59814492452389,0.952380952380952
2020-05-25,38,0,37,0,1,0,47,1,4280,34,4327,35,0,1,0,2,0,35,0,4,1,"Anderson",76978,1.29907246226194,0.0103734439834025,45.4675361791681,0,2.59814492452389,1.03734439834025
2020-05-26,38,0,37,0,1,0,47,0,4411,131,4458,131,0,1,-1,1,1,36,0,4,1,"Anderson",76978,1.29907246226194,0.0089126559714795,170.178492556315,0,1.29907246226194,0.89126559714795
2020-05-27,38,0,37,0,1,0,47,0,4514,103,4561,103,0,1,0,1,0,36,0,4,1,"Anderson",76978,1.29907246226194,0.00668896321070234,133.80446361298,0,1.29907246226194,0.668896321070234
2020-05-28,38,0,37,0,1,0,47,0,4562,48,4609,48,0,1,0,1,0,36,0,4,1,"Anderson",76978,1.29907246226194,0.00530973451327434,62.3554781885734,0,1.29907246226194,0.530973451327434
2020-05-29,39,1,38,1,1,0,47,0,4612,50,4659,50,0,1,0,1,1,37,0,4,1,"Anderson",76978,1.29907246226194,0.00341296928327645,64.9536231130973,1.29907246226194,1.29907246226194,0.341296928327645
2020-05-30,39,0,38,0,1,0,48,1,4664,52,4712,53,0,1,0,1,0,37,0,4,1,"Anderson",76978,1.29907246226194,0.00421052631578947,68.8508404998831,0,1.29907246226194,0.421052631578947
2020-05-31,40,1,39,1,1,0,49,1,4730,66,4779,67,0,1,1,2,0,37,0,4,1,"Anderson",76978,2.59814492452389,0.00616016427104723,87.0378549715503,1.29907246226194,2.59814492452389,0.616016427104723
2020-06-01,40,0,39,0,1,0,49,0,4854,124,4903,124,0,1,0,2,0,37,0,4,1,"Anderson",76978,2.59814492452389,0.00347222222222222,161.084985320481,0,2.59814492452389,0.347222222222222
2020-06-02,40,0,39,0,1,0,49,0,4981,127,5030,127,0,1,0,2,0,37,0,4,1,"Anderson",76978,2.59814492452389,0.0034965034965035,164.982202707267,0,2.59814492452389,0.34965034965035
2020-06-03,41,1,40,1,1,0,50,1,5041,60,5091,61,0,1,1,3,0,37,0,4,2,"Anderson",76978,3.89721738678583,0.00566037735849057,79.2434201979787,1.29907246226194,3.89721738678583,0.566037735849057
2020-06-04,41,0,40,0,1,0,50,0,5089,48,5139,48,1,2,-2,1,1,38,0,4,2,"Anderson",76978,3.89721738678583,0.00566037735849057,62.3554781885734,0,1.29907246226194,0.566037735849057
2020-06-05,42,1,41,1,1,0,53,3,5146,57,5199,60,0,2,1,2,0,38,0,4,2,"Anderson",76978,3.89721738678583,0.0111111111111111,77.9443477357167,1.29907246226194,2.59814492452389,1.11111111111111
2020-06-06,43,1,42,1,1,0,54,1,5199,53,5253,54,0,2,1,3,0,38,0,4,2,"Anderson",76978,5.19628984904778,0.011090573012939,70.149912962145,1.29907246226194,3.89721738678583,1.1090573012939
2020-06-07,45,2,43,1,2,1,57,3,5294,95,5351,98,0,2,2,5,0,38,0,4,2,"Anderson",76978,6.49536231130972,0.013986013986014,127.309101301671,2.59814492452389,6.49536231130973,1.3986013986014
2020-06-08,46,1,44,1,2,0,57,0,5335,41,5392,41,0,2,1,6,0,38,0,4,2,"Anderson",76978,7.79443477357167,0.016359918200409,53.2619709527397,1.29907246226194,7.79443477357167,1.6359918200409
2020-06-09,47,1,45,1,2,0,60,3,5516,181,5576,184,0,2,1,7,0,38,0,4,2,"Anderson",76978,9.09350723583361,0.0201465201465201,239.029333056198,1.29907246226194,9.09350723583361,2.01465201465201
2020-06-10,52,5,50,5,2,0,63,3,5724,208,5787,211,0,2,2,9,3,41,0,4,2,"Anderson",76978,14.2897970848814,0.0186781609195402,274.10428953727,6.49536231130973,11.6916521603575,1.86781609195402
2020-06-11,55,3,53,3,2,0,66,3,5869,145,5935,148,0,2,2,11,1,42,1,5,2,"Anderson",76978,18.1870144716672,0.0201005025125628,192.262724414768,3.89721738678583,14.2897970848814,2.01005025125628
2020-06-12,57,2,55,2,2,0,70,4,5951,82,6021,86,0,2,2,13,0,42,0,5,2,"Anderson",76978,19.4860869339292,0.0206812652068127,111.720231754527,2.59814492452389,16.8879420094053,2.06812652068127
2020-06-13,58,1,55,0,3,1,70,0,5994,43,6064,43,0,2,0,13,1,43,0,5,2,"Anderson",76978,19.4860869339292,0.0197287299630086,55.8601158772636,1.29907246226194,16.8879420094053,1.97287299630086
2020-06-14,60,2,57,2,3,0,70,0,6169,175,6239,175,0,2,1,14,1,44,1,6,2,"Anderson",76978,19.4860869339292,0.0146396396396396,227.33768089584,2.59814492452389,18.1870144716672,1.46396396396396
2020-06-15,60,0,57,0,3,0,71,1,6227,58,6298,59,0,2,0,14,0,44,0,6,2,"Anderson",76978,18.1870144716672,0.0154525386313466,76.6452752734548,0,18.1870144716672,1.54525386313466
2020-06-16,64,4,61,4,3,0,75,4,6288,61,6363,65,0,2,3,17,1,45,0,6,2,"Anderson",76978,22.0842318584531,0.0190597204574333,84.4397100470264,5.19628984904778,22.0842318584531,1.90597204574333
2020-06-17,66,2,63,2,3,0,79,4,6325,37,6404,41,0,2,0,17,2,47,0,6,2,"Anderson",76978,18.1870144716672,0.0259319286871961,53.2619709527397,2.59814492452389,22.0842318584531,2.59319286871961
2020-06-18,70,4,67,4,3,0,84,5,6455,130,6539,135,0,2,2,19,2,49,0,6,2,"Anderson",76978,19.4860869339292,0.0298013245033113,175.374782405363,5.19628984904778,24.682376782977,2.98013245033113
2020-06-19,72,2,69,2,3,0,86,2,6520,65,6606,67,0,2,0,19,2,51,0,6,2,"Anderson",76978,19.4860869339292,0.0273504273504274,87.0378549715503,2.59814492452389,24.682376782977,2.73504273504274
2020-06-20,73,1,70,1,3,0,87,1,6558,38,6645,39,0,2,-1,18,2,53,0,6,2,"Anderson",76978,19.4860869339292,0.0292598967297762,50.6638260282159,1.29907246226194,23.383304320715,2.92598967297762
2020-06-21,74,1,71,1,3,0,88,1,6618,60,6706,61,0,2,-1,17,2,55,0,6,2,"Anderson",76978,18.1870144716672,0.0385438972162741,79.2434201979787,1.29907246226194,22.0842318584531,3.85438972162741
2020-06-22,76,2,73,2,3,0,90,2,6710,92,6800,94,0,2,0,17,2,57,1,7,2,"Anderson",76978,20.7851593961911,0.0378486055776892,122.112811452623,2.59814492452389,22.0842318584531,3.78486055776892
2020-06-23,76,0,73,0,3,0,90,0,6799,89,6889,89,0,2,-1,16,1,58,0,7,2,"Anderson",76978,15.5888695471433,0.0285171102661597,115.617449141313,0,20.7851593961911,2.85171102661597
2020-06-24,77,1,74,1,3,0,91,1,6830,31,6921,32,0,2,-2,14,3,61,0,7,2,"Anderson",76978,14.2897970848814,0.02321083172147,41.5703187923822,1.29907246226194,18.1870144716672,2.321083172147
2020-06-25,81,4,78,4,3,0,92,1,6943,113,7035,114,0,2,0,14,4,65,0,7,2,"Anderson",76978,14.2897970848814,0.0161290322580645,148.094260697862,5.19628984904778,18.1870144716672,1.61290322580645
2020-06-26,86,5,83,5,3,0,98,6,6971,28,7069,34,0,2,3,17,2,67,0,7,2,"Anderson",76978,18.1870144716672,0.0259179265658747,44.1684637169061,6.49536231130973,22.0842318584531,2.59179265658747
2020-06-27,87,1,83,0,4,1,98,0,6983,12,7081,12,0,2,-4,13,5,72,0,7,2,"Anderson",76978,18.1870144716672,0.0252293577981651,15.5888695471433,1.29907246226194,16.8879420094053,2.52293577981651
2020-06-28,91,4,87,4,4,0,106,8,7092,109,7198,117,0,2,3,16,1,73,0,7,2,"Anderson",76978,22.0842318584531,0.0365853658536585,151.991478084648,5.19628984904778,20.7851593961911,3.65853658536585
2020-06-29,97,6,92,5,5,1,114,8,7314,222,7428,230,0,2,3,19,3,76,1,8,2,"Anderson",76978,27.2805217075008,0.0382165605095541,298.786666320247,7.79443477357167,24.682376782977,3.82165605095541
2020-06-30,102,5,96,4,6,1,120,6,7478,164,7598,170,0,2,2,21,3,79,0,8,2,"Anderson",76978,33.7758840188106,0.0423131170662905,220.842318584531,6.49536231130973,27.2805217075008,4.23131170662905
2020-07-01,104,2,98,2,6,0,124,4,7599,121,7723,125,0,2,-2,19,4,83,0,8,2,"Anderson",76978,35.0749564810725,0.0411471321695761,162.384057782743,2.59814492452389,24.682376782977,4.11471321695761
2020-07-02,110,6,104,6,6,0,130,6,7838,239,7968,245,0,2,4,23,2,85,0,8,2,"Anderson",76978,37.6731014055964,0.0407288317256163,318.272753254177,7.79443477357167,29.8786666320247,4.07288317256163
2020-07-03,120,10,113,9,7,1,142,12,7962,124,8104,136,0,2,7,30,3,88,0,8,2,"Anderson",76978,44.1684637169061,0.042512077294686,176.673854867625,12.9907246226195,38.9721738678584,4.2512077294686
2020-07-04,131,11,124,11,7,0,156,14,8146,184,8302,198,0,2,8,38,3,91,2,10,2,"Anderson",76978,57.1591883395256,0.0475020475020475,257.216347527865,14.2897970848814,49.3647535659539,4.75020475020475
2020-07-05,140,9,133,9,7,0,169,13,8302,156,8471,169,0,2,8,46,1,92,1,11,2,"Anderson",76978,63.6545506508353,0.0494893951296151,219.543246122269,11.6916521603575,59.7573332640495,4.94893951296151
2020-07-06,141,1,134,1,7,0,170,1,8329,27,8499,28,0,2,-4,42,5,97,0,11,2,"Anderson",76978,57.1591883395256,0.0522875816993464,36.3740289433345,1.29907246226194,54.5610434150017,5.22875816993464
2020-07-07,157,16,150,16,7,0,190,20,8562,233,8752,253,0,2,12,54,4,101,0,11,2,"Anderson",76978,71.448985424407,0.0606585788561525,328.665332952272,20.7851593961911,70.149912962145,6.06585788561525
2020-07-08,173,16,165,15,8,1,206,16,8702,140,8908,156,0,2,10,64,6,107,0,11,2,"Anderson",76978,89.6359998960742,0.0691983122362869,202.655304112863,20.7851593961911,83.1406375847645,6.91983122362869
2020-07-09,187,14,179,14,8,0,220,14,8970,268,9190,282,0,2,11,75,3,110,0,11,2,"Anderson",76978,100.02857959417,0.0736497545008183,366.338434357868,18.1870144716672,97.4304346696459,7.36497545008183
2020-07-10,193,6,185,6,8,0,227,7,9000,30,9227,37,0,2,1,76,5,115,1,12,2,"Anderson",76978,94.832289745122,0.0756901157613535,48.065681103692,7.79443477357167,98.7295071319078,7.56901157613535
2020-07-11,201,8,193,8,8,0,235,8,9169,169,9404,177,0,2,1,77,7,122,1,13,2,"Anderson",76978,90.9350723583361,0.0716878402903811,229.935825820364,10.3925796980956,100.02857959417,7.16878402903811
2020-07-12,212,11,204,11,8,0,248,13,9352,183,9600,196,0,2,6,83,5,127,0,13,2,"Anderson",76978,93.53321728286,0.0699734278122232,254.618202603341,14.2897970848814,107.823014367741,6.99734278122232
2020-07-13,218,6,209,5,9,1,255,7,9391,39,9646,46,0,2,-6,77,12,139,2,15,2,"Anderson",76978,100.02857959417,0.0741063644289451,59.7573332640495,7.79443477357167,100.02857959417,7.41063644289451
2020-07-14,229,11,219,10,10,1,266,11,9531,140,9797,151,0,2,0,77,11,150,0,15,2,"Anderson",76978,93.53321728286,0.0727272727272727,196.159941801554,14.2897970848814,100.02857959417,7.27272727272727
2020-07-15,245,16,234,15,11,1,285,19,9633,102,9918,121,0,2,0,77,16,166,0,15,2,"Anderson",76978,93.53321728286,0.0782178217821782,157.187767933695,20.7851593961911,100.02857959417,7.82178217821782
2020-07-16,263,18,252,18,11,0,308,23,9922,289,10230,312,0,2,4,81,14,180,1,16,2,"Anderson",76978,98.7295071319078,0.0846153846153846,405.310608225727,23.383304320715,105.224869443218,8.46153846153846
2020-07-17,270,7,259,7,11,0,317,9,9993,71,10310,80,0,2,-8,73,15,195,1,17,3,"Anderson",76978,100.02857959417,0.0831024930747922,103.925796980956,9.09350723583361,94.832289745122,8.31024930747922
2020-07-18,277,7,266,7,11,0,328,11,10207,214,10535,225,0,2,-4,69,11,206,0,17,3,"Anderson",76978,98.7295071319078,0.0822281167108753,292.291304008938,9.09350723583361,89.6359998960742,8.22281167108753
2020-07-19,285,8,274,8,11,0,337,9,10288,81,10625,90,0,2,-5,64,13,219,2,19,3,"Anderson",76978,94.832289745122,0.0868292682926829,116.916521603575,10.3925796980956,83.1406375847645,8.68292682926829
2020-07-20,313,28,302,28,11,0,367,30,10457,169,10824,199,1,3,9,73,18,237,0,19,3,"Anderson",76978,123.411883914885,0.0950764006791171,258.515419990127,36.3740289433345,94.832289745122,9.50764006791171
2020-07-21,336,23,324,22,12,1,391,24,10749,292,11140,316,0,3,12,85,11,248,1,20,3,"Anderson",76978,139.000753462028,0.0930752047654505,410.506898074775,29.8786666320247,110.421159292265,9.30752047654505
2020-07-22,365,29,353,29,12,0,424,33,10884,135,11308,168,0,3,13,98,16,264,0,20,3,"Anderson",76978,155.888695471433,0.1,218.244173660007,37.6731014055964,127.309101301671,10
2020-07-23,388,23,376,23,12,0,455,31,11311,427,11766,458,0,3,9,107,14,278,2,22,3,"Anderson",76978,162.384057782743,0.095703125,594.975187715971,29.8786666320247,139.000753462028,9.5703125
2020-07-24,394,6,382,6,12,0,463,8,11423,112,11886,120,0,3,-16,91,22,300,0,22,4,"Anderson",76978,161.084985320481,0.0926395939086294,155.888695471433,7.79443477357167,118.215594065837,9.26395939086294
2020-07-25,426,32,413,31,13,1,499,36,11680,257,12179,293,1,4,26,117,5,305,1,23,4,"Anderson",76978,193.56179687703,0.104014598540146,380.62823144275,41.5703187923822,151.991478084648,10.4014598540146
2020-07-26,465,39,451,38,14,1,541,42,12083,403,12624,445,0,4,31,148,8,313,2,25,4,"Anderson",76978,233.83304320715,0.102051025512756,578.087245706565,50.6638260282159,192.262724414768,10.2051025512756
2020-07-27,483,18,468,17,15,1,562,21,12263,180,12825,201,0,4,-19,129,37,350,1,26,4,"Anderson",76978,220.842318584531,0.0974512743628186,261.113564914651,23.383304320715,167.580347631791,9.74512743628186
2020-07-28,523,40,508,40,15,0,608,46,12643,380,13251,426,0,4,24,153,16,366,1,27,5,"Anderson",76978,242.926550442984,0.10279488394126,553.404868923589,51.9628984904778,198.758086726078,10.279488394126
2020-07-29,527,4,512,4,15,0,612,4,12679,36,13291,40,1,5,-15,138,18,384,0,27,5,"Anderson",76978,210.449738886435,0.0948058497226425,51.9628984904778,5.19628984904778,179.271999792148,9.48058497226425
2020-07-30,564,37,549,37,15,0,666,54,13164,485,13830,539,0,5,20,158,17,401,0,27,5,"Anderson",76978,228.636753358102,0.102228682170543,700.200057159188,48.065681103692,205.253449037387,10.2228682170543
2020-07-31,576,12,561,12,15,0,680,14,13346,182,14026,196,0,5,-8,150,20,421,0,27,5,"Anderson",76978,236.431188131674,0.101401869158878,254.618202603341,15.5888695471433,194.860869339292,10.1401869158878
2020-08-01,599,23,584,23,15,0,705,25,13755,409,14460,434,0,5,17,167,6,427,1,28,5,"Anderson",76978,224.739535971316,0.0903112669881631,563.797448621684,29.8786666320247,216.945101197745,9.03112669881631
2020-08-02,606,7,591,7,15,0,712,7,13883,128,14595,135,0,5,2,169,5,432,1,29,6,"Anderson",76978,183.169217178934,0.0867579908675799,175.374782405363,9.09350723583361,219.543246122269,8.67579908675799
2020-08-03,631,25,615,24,16,1,743,31,14110,227,14853,258,0,5,14,183,11,443,0,29,6,"Anderson",76978,192.262724414768,0.0892504930966469,335.160695263582,32.4768115565486,237.730260593936,8.92504930966469
2020-08-04,638,7,622,7,16,0,751,8,14353,243,15104,251,2,7,-19,164,24,467,0,29,6,"Anderson",76978,149.393333160124,0.0771721532649757,326.067188027748,9.09350723583361,213.047883810959,7.71721532649757
2020-08-05,653,15,637,15,16,0,770,19,14562,209,15332,228,-1,6,-1,163,17,484,0,29,6,"Anderson",76978,163.683130245005,0.0774130328270456,296.188521395723,19.4860869339292,211.748811348697,7.74130328270456
2020-08-06,675,22,659,22,16,0,800,30,14883,321,15683,351,0,6,3,166,19,503,1,30,6,"Anderson",76978,144.197043311076,0.0723151645979493,455.974434253943,28.5795941697628,215.646028735483,7.23151645979493
2020-08-07,679,4,663,4,16,0,804,4,14964,81,15768,85,0,6,-21,145,25,528,0,30,6,"Anderson",76978,133.80446361298,0.0711825487944891,110.421159292265,5.19628984904778,188.365507027982,7.11825487944891
2020-08-08,690,11,674,11,16,0,820,16,15284,320,16104,336,0,6,1,146,10,538,0,30,6,"Anderson",76978,118.215594065837,0.0699513381995134,436.488347320014,14.2897970848814,189.664579490244,6.99513381995134
2020-08-09,697,7,681,7,16,0,829,9,15421,137,16250,146,0,6,-9,137,16,554,0,30,6,"Anderson",76978,118.215594065837,0.0706948640483384,189.664579490244,9.09350723583361,177.972927329886,7.06948640483384
2020-08-10,702,5,686,5,16,0,835,6,15560,139,16395,145,0,6,-11,126,16,570,0,30,6,"Anderson",76978,92.2341448205981,0.059662775616083,188.365507027982,6.49536231130973,163.683130245005,5.9662775616083
2020-08-11,723,21,707,21,16,0,857,22,15763,203,16620,225,0,6,9,135,12,582,1,31,6,"Anderson",76978,110.421159292265,0.0699208443271768,292.291304008938,27.2805217075008,175.374782405363,6.99208443271768
2020-08-12,731,8,715,8,16,0,865,8,16002,239,16867,247,0,6,-8,127,16,598,0,31,6,"Anderson",76978,101.327652056432,0.0618892508143322,320.8708981787,10.3925796980956,164.982202707267,6.18892508143322
2020-08-13,749,18,733,18,16,0,889,24,16230,228,17119,252,1,7,3,130,14,612,2,33,6,"Anderson",76978,96.1313622073839,0.0619777158774373,327.36626049001,23.383304320715,168.879420094053,6.19777158774373
2020-08-14,766,17,749,16,17,1,911,22,16559,329,17470,351,0,7,-9,121,26,638,0,33,6,"Anderson",76978,113.019304216789,0.0628672150411281,455.974434253943,22.0842318584531,157.187767933695,6.28672150411281
2020-08-15,776,10,759,10,17,0,923,12,16782,223,17705,235,-1,6,5,126,6,644,0,33,6,"Anderson",76978,111.720231754527,0.0643347907557776,305.282028631557,12.9907246226195,163.683130245005,6.43347907557776
2020-08-16,788,12,771,12,17,0,937,14,16924,142,17861,156,0,6,7,133,5,649,0,33,7,"Anderson",76978,118.215594065837,0.0670391061452514,202.655304112863,15.5888695471433,172.776637480839,6.70391061452514
2020-08-17,792,4,775,4,17,0,940,3,16967,43,17907,46,0,6,-13,120,17,666,0,33,7,"Anderson",76978,116.916521603575,0.0694444444444444,59.7573332640495,5.19628984904778,155.888695471433,6.94444444444444
2020-08-18,806,14,789,14,17,0,957,17,17130,163,18087,180,0,6,5,125,9,675,0,33,7,"Anderson",76978,107.823014367741,0.0681663258350375,233.83304320715,18.1870144716672,162.384057782743,6.81663258350375
2020-08-19,820,14,803,14,17,0,971,14,17304,174,18275,188,0,6,0,125,14,689,0,33,7,"Anderson",76978,115.617449141313,0.0752840909090909,244.225622905246,18.1870144716672,162.384057782743,7.52840909090909
2020-08-20,835,15,818,15,17,0,987,16,17746,442,18733,458,0,6,5,130,10,699,0,33,8,"Anderson",76978,111.720231754527,0.0607187112763321,594.975187715971,19.4860869339292,168.879420094053,6.07187112763321
2020-08-21,838,3,821,3,17,0,990,3,17782,36,18772,39,1,7,-7,123,9,708,0,33,8,"Anderson",76978,93.53321728286,0.0606758832565284,50.6638260282159,3.89721738678583,159.785912858219,6.06758832565284
2020-08-22,856,18,839,18,17,0,1009,19,18326,544,19335,563,1,8,10,133,7,715,1,34,8,"Anderson",76978,103.925796980956,0.052760736196319,731.377796253475,23.383304320715,172.776637480839,5.2760736196319
2020-08-23,857,1,840,1,17,0,1010,1,18410,84,19420,85,0,8,-5,128,6,721,0,34,8,"Anderson",76978,89.6359998960742,0.0468248877485568,110.421159292265,1.29907246226194,166.281275169529,4.68248877485568
2020-08-24,858,1,840,0,18,1,1010,0,18449,39,19459,39,0,8,-19,109,20,741,0,34,8,"Anderson",76978,85.7387825092884,0.0451030927835052,50.6638260282159,1.29907246226194,141.598898386552,4.51030927835052
2020-08-25,866,8,848,8,18,0,1018,8,18601,152,19619,160,0,8,-2,107,10,751,1,35,8,"Anderson",76978,77.9443477357167,0.0398172323759791,207.851593961911,10.3925796980956,139.000753462028,3.98172323759791
2020-08-26,872,6,854,6,18,0,1024,6,18781,180,19805,186,0,8,-14,93,20,771,0,35,8,"Anderson",76978,67.5517680376211,0.034640522875817,241.627477980722,7.79443477357167,120.813738990361,3.4640522875817
2020-08-27,875,3,857,3,18,0,1027,3,19192,411,20219,414,0,8,-16,77,19,790,0,35,8,"Anderson",76978,51.9628984904778,0.0269179004037685,537.815999376445,3.89721738678583,100.02857959417,2.69179004037685
2020-08-28,875,0,857,0,18,0,1027,0,19230,38,20257,38,0,8,-20,57,20,810,0,35,8,"Anderson",76978,48.065681103692,0.0249158249158249,49.3647535659539,0,74.0471303489309,2.49158249158249
2020-08-29,884,9,865,8,19,1,1035,8,19492,262,20527,270,0,8,3,60,6,816,0,35,8,"Anderson",76978,36.3740289433345,0.0218120805369128,350.749564810725,11.6916521603575,77.9443477357167,2.18120805369128
2020-08-30,900,16,881,16,19,0,1051,16,19575,83,20626,99,0,8,8,68,8,824,0,35,8,"Anderson",76978,55.8601158772636,0.0339966832504146,128.608173763933,20.7851593961911,88.3369274338123,3.39966832504146
2020-08-31,902,2,883,2,19,0,1053,2,19633,58,20686,60,0,8,-15,53,17,841,0,35,8,"Anderson",76978,57.1591883395256,0.0350448247758761,77.9443477357167,2.59814492452389,68.8508404998831,3.50448247758761
2020-09-01,909,7,889,6,20,1,1059,6,19744,111,20803,117,0,8,0,53,7,848,0,35,8,"Anderson",76978,55.8601158772636,0.0346283783783784,151.991478084648,9.09350723583361,68.8508404998831,3.46283783783784
2020-09-02,917,8,895,6,22,2,1069,10,20060,316,21129,326,0,8,5,58,3,851,0,35,8,"Anderson",76978,58.4582608017875,0.033987915407855,423.497622697394,10.3925796980956,75.3462028111928,3.3987915407855
2020-09-03,933,16,909,14,24,2,1085,16,20384,324,21469,340,0,8,10,68,6,857,0,35,9,"Anderson",76978,75.3462028111928,0.0464,441.684637169061,20.7851593961911,88.3369274338123,4.64
2020-09-04,942,9,917,8,25,1,1095,10,20573,189,21668,199,0,8,6,74,3,860,0,35,9,"Anderson",76978,87.0378549715503,0.0481927710843374,258.515419990127,11.6916521603575,96.1313622073839,4.81927710843374
2020-09-05,961,19,936,19,25,0,1116,21,20842,269,21958,290,0,8,16,90,3,863,1,36,10,"Anderson",76978,100.02857959417,0.0566037735849057,376.731014055964,24.682376782977,116.916521603575,5.66037735849057
2020-09-06,963,2,938,2,25,0,1118,2,20898,56,22016,58,0,8,-1,89,3,866,0,36,10,"Anderson",76978,81.8415651225025,0.0482014388489209,75.3462028111928,2.59814492452389,115.617449141313,4.82014388489209
2020-09-07,966,3,941,3,25,0,1123,5,20986,88,22109,93,0,8,-8,81,11,877,0,36,10,"Anderson",76978,83.1406375847645,0.0491918482080112,120.813738990361,3.89721738678583,105.224869443218,4.91918482080112
2020-09-08,975,9,944,3,31,6,1127,4,21161,175,22288,179,1,9,4,85,4,881,0,36,10,"Anderson",76978,85.7387825092884,0.0457912457912458,232.533970744888,11.6916521603575,110.421159292265,4.57912457912458
2020-09-09,984,9,953,9,31,0,1136,9,21402,241,22538,250,0,9,-3,82,12,893,1,37,11,"Anderson",76978,87.0378549715503,0.0475514549325763,324.768115565486,11.6916521603575,106.523941905479,4.75514549325763
2020-09-10,1013,29,981,28,32,1,1166,30,21771,369,22937,399,1,10,25,107,3,896,0,37,11,"Anderson",76978,103.925796980956,0.0551771117166213,518.329912442516,37.6731014055964,139.000753462028,5.51771117166213
2020-09-11,1014,1,982,1,32,0,1168,2,21904,133,23072,135,0,10,-13,94,14,910,0,37,11,"Anderson",76978,93.53321728286,0.051994301994302,175.374782405363,1.29907246226194,122.112811452623,5.1994301994302
2020-09-12,1017,3,985,3,32,0,1173,5,22046,142,23219,147,0,10,-5,89,8,918,0,37,11,"Anderson",76978,72.7480578866689,0.0452022204599524,190.963651952506,3.89721738678583,115.617449141313,4.52022204599524
2020-09-13,1038,21,1005,20,33,1,1194,21,22290,244,23484,265,0,10,16,105,5,923,1,38,11,"Anderson",76978,97.4304346696459,0.0517711171662125,344.254202499415,27.2805217075008,136.402608537504,5.17711171662125
2020-09-14,1044,6,1010,5,34,1,1200,6,22396,106,23596,112,0,10,-7,98,13,936,1,39,11,"Anderson",76978,101.327652056432,0.0517821116341627,145.496115773338,7.79443477357167,127.309101301671,5.17821116341627
2020-09-15,1060,16,1026,16,34,0,1217,17,22636,240,23853,257,1,11,5,103,10,946,1,40,12,"Anderson",76978,110.421159292265,0.0575079872204473,333.86162280132,20.7851593961911,133.80446361298,5.75079872204473
2020-09-16,1068,8,1034,8,34,0,1229,12,22772,136,24001,148,0,11,-5,98,13,959,0,40,12,"Anderson",76978,109.122086830003,0.063568010936432,192.262724414768,10.3925796980956,127.309101301671,6.3568010936432
2020-09-17,1090,22,1054,20,36,2,1249,20,23193,421,24442,441,0,11,15,113,7,966,1,41,12,"Anderson",76978,100.02857959417,0.0551495016611296,572.890955857518,28.5795941697628,146.7951882356,5.51495016611296
2020-09-18,1109,19,1073,19,36,0,1267,18,23417,224,24684,242,0,11,6,119,13,979,0,41,12,"Anderson",76978,123.411883914885,0.0614143920595533,314.375535867391,24.682376782977,154.589623009171,6.14143920595533
2020-09-19,1124,15,1088,15,36,0,1288,21,23699,282,24987,303,0,11,9,128,6,985,1,42,12,"Anderson",76978,139.000753462028,0.0650452488687783,393.618956065369,19.4860869339292,166.281275169529,6.50452488687783
2020-09-20,1131,7,1095,7,36,0,1298,10,23851,152,25149,162,0,11,0,128,7,992,0,42,13,"Anderson",76978,120.813738990361,0.0624624624624625,210.449738886435,9.09350723583361,166.281275169529,6.24624624624625
2020-09-21,1133,2,1097,2,36,0,1300,2,23884,33,25184,35,0,11,-6,122,8,1000,0,42,13,"Anderson",76978,115.617449141313,0.0629722921914358,45.4675361791681,2.59814492452389,158.486840395957,6.29722921914358
2020-09-22,1147,14,1111,14,36,0,1317,17,24132,248,25449,265,0,11,0,122,14,1014,1,43,13,"Anderson",76978,113.019304216789,0.06265664160401,344.254202499415,18.1870144716672,158.486840395957,6.265664160401
2020-09-23,1147,0,1111,0,36,0,1317,0,24173,41,25490,41,0,11,-12,110,12,1026,0,43,13,"Anderson",76978,102.626724518694,0.0591000671591672,53.2619709527397,0,142.897970848814,5.91000671591672
2020-09-24,1160,13,1124,13,36,0,1332,15,24497,324,25829,339,1,12,0,110,12,1038,0,43,13,"Anderson",76978,90.9350723583361,0.0598413842826244,440.385564706799,16.8879420094053,142.897970848814,5.98413842826244
2020-09-25,1174,14,1137,13,37,1,1345,13,24733,236,26078,249,1,13,-2,108,15,1053,0,43,13,"Anderson",76978,84.4397100470264,0.0559540889526542,323.469043103224,18.1870144716672,140.29982592429,5.59540889526542
2020-09-26,1188,14,1151,14,37,0,1362,17,25032,299,26394,316,0,13,8,116,6,1059,0,43,13,"Anderson",76978,83.1406375847645,0.0525941719971571,410.506898074775,18.1870144716672,150.692405622386,5.25941719971571
2020-09-27,1207,19,1168,17,39,2,1378,16,25239,207,26617,223,0,13,12,128,7,1066,0,43,13,"Anderson",76978,98.7295071319078,0.0544959128065395,289.693159084414,24.682376782977,166.281275169529,5.44959128065395
2020-09-28,1210,3,1170,2,40,1,1380,2,25276,37,26656,39,0,13,-9,119,12,1078,0,43,13,"Anderson",76978,100.02857959417,0.0543478260869565,50.6638260282159,3.89721738678583,154.589623009171,5.43478260869565
2020-09-29,1221,11,1180,10,41,1,1390,10,25570,294,26960,304,0,13,-7,112,18,1096,0,43,13,"Anderson",76978,96.1313622073839,0.0483123759099934,394.918028527631,14.2897970848814,145.496115773338,4.83123759099934
2020-09-30,1233,12,1190,10,43,2,1400,10,25636,66,27036,76,0,13,3,115,9,1105,0,43,13,"Anderson",76978,111.720231754527,0.0536869340232859,98.7295071319078,15.5888695471433,149.393333160124,5.36869340232859
2020-10-01,1249,16,1204,14,45,2,1415,15,25916,280,27331,295,0,13,4,119,12,1117,0,43,13,"Anderson",76978,115.617449141313,0.0552596537949401,383.226376367274,20.7851593961911,154.589623009171,5.52596537949401
2020-10-02,1256,7,1210,6,46,1,1422,7,25998,82,27420,89,0,13,1,120,6,1123,0,43,13,"Anderson",76978,106.523941905479,0.0573770491803279,115.617449141313,9.09350723583361,155.888695471433,5.73770491803279
2020-10-03,1272,16,1226,16,46,0,1446,24,26262,264,27708,288,0,13,3,123,13,1136,0,43,13,"Anderson",76978,109.122086830003,0.0639269406392694,374.13286913144,20.7851593961911,159.785912858219,6.39269406392694
2020-10-04,1288,16,1240,14,48,2,1462,16,26599,337,28061,353,0,13,8,131,8,1144,0,43,13,"Anderson",76978,105.224869443218,0.0581717451523546,458.572579178467,20.7851593961911,170.178492556315,5.81717451523546
2020-10-05,1314,26,1265,25,49,1,1489,27,26810,211,28299,238,0,13,11,142,15,1159,1,44,13,"Anderson",76978,135.103536075242,0.0663420572124163,309.179246018343,33.7758840188106,184.468289641196,6.63420572124163
2020-10-06,1342,28,1292,27,50,1,1520,31,27147,337,28667,368,0,13,15,157,13,1172,1,45,13,"Anderson",76978,157.187767933695,0.0761570005858231,478.058666112396,36.3740289433345,203.954376575125,7.61570005858231
2020-10-07,1348,6,1298,6,50,0,1528,8,27382,235,28910,243,0,13,-3,154,9,1181,0,45,13,"Anderson",76978,149.393333160124,0.0683030949839915,315.674608329653,7.79443477357167,200.05715918834,6.83030949839915
2020-10-08,1358,10,1306,8,52,2,1537,9,27621,239,29158,248,0,13,-3,151,13,1194,1,46,13,"Anderson",76978,141.598898386552,0.066776135741653,322.169970640962,12.9907246226195,196.159941801554,6.6776135741653
2020-10-09,1373,15,1319,13,54,2,1553,16,27794,173,29347,189,0,13,-2,149,17,1211,0,46,13,"Anderson",76978,151.991478084648,0.0679813181110535,245.524695367508,19.4860869339292,193.56179687703,6.79813181110535
2020-10-10,1389,16,1335,16,54,0,1573,20,28006,212,29579,232,0,13,3,152,13,1224,1,47,14,"Anderson",76978,151.991478084648,0.0678781400320684,301.384811244771,20.7851593961911,197.459014263816,6.78781400320684
2020-10-11,1417,28,1363,28,54,0,1604,31,28295,289,29899,320,0,13,18,170,10,1234,0,47,14,"Anderson",76978,167.580347631791,0.0772578890097933,415.703187923822,36.3740289433345,220.842318584531,7.72578890097933
2020-10-12,1433,16,1378,15,55,1,1620,16,28374,79,29994,95,0,13,-11,159,27,1261,0,47,14,"Anderson",76978,154.589623009171,0.0772861356932153,123.411883914885,20.7851593961911,206.552521499649,7.72861356932153
2020-10-13,1453,20,1396,18,57,2,1638,18,28495,121,30133,139,0,13,7,166,13,1274,0,47,14,"Anderson",76978,144.197043311076,0.0804911323328786,180.57107225441,25.9814492452389,215.646028735483,8.04911323328786
2020-10-14,1475,22,1418,22,57,0,1662,24,28795,300,30457,324,0,13,12,178,10,1284,0,47,14,"Anderson",76978,164.982202707267,0.0866192630898513,420.89947777287,28.5795941697628,231.234898282626,8.66192630898513
2020-10-15,1497,22,1434,16,63,6,1676,14,28946,151,30622,165,0,13,2,180,20,1304,1,48,14,"Anderson",76978,180.57107225441,0.0949453551912568,214.346956273221,28.5795941697628,233.83304320715,9.49453551912568
2020-10-16,1504,7,1437,3,67,4,1680,4,29045,99,30725,103,0,13,-11,169,18,1322,0,48,15,"Anderson",76978,170.178492556315,0.0921625544267054,133.80446361298,9.09350723583361,219.543246122269,9.21625544267054
2020-10-17,1532,28,1464,27,68,1,1710,30,29293,248,31003,278,0,13,14,183,14,1336,2,50,15,"Anderson",76978,185.767362103458,0.0962078651685393,361.142144508821,36.3740289433345,237.730260593936,9.62078651685393
2020-10-18,1551,19,1483,19,68,0,1732,22,29532,239,31264,261,0,13,4,187,15,1351,0,50,15,"Anderson",76978,174.075709943101,0.0937728937728938,339.057912650368,24.682376782977,242.926550442984,9.37728937728938
2020-10-19,1555,4,1487,4,68,0,1737,5,29609,77,31346,82,0,13,-16,171,20,1371,1,51,15,"Anderson",76978,158.486840395957,0.0865384615384615,106.523941905479,5.19628984904778,222.141391046793,8.65384615384615
2020-10-20,1582,27,1514,27,68,0,1772,35,29808,199,31580,234,0,13,6,177,21,1392,0,51,15,"Anderson",76978,167.580347631791,0.0926053904630269,303.982956169295,35.0749564810725,229.935825820364,9.26053904630269
2020-10-21,1599,17,1531,17,68,0,1791,19,30024,216,31815,235,0,13,8,185,9,1401,1,52,15,"Anderson",76978,161.084985320481,0.0949926362297496,305.282028631557,22.0842318584531,240.32840551846,9.49926362297496
2020-10-22,1620,21,1552,21,68,0,1816,25,30356,332,32172,357,1,14,-4,181,24,1425,0,52,15,"Anderson",76978,159.785912858219,0.0903225806451613,463.768869027514,27.2805217075008,235.132115669412,9.03225806451613
2020-10-23,1635,15,1566,14,69,1,1832,16,30631,275,32463,291,0,14,-7,174,22,1447,0,52,15,"Anderson",76978,170.178492556315,0.0874568469505178,378.030086518226,19.4860869339292,226.038608433578,8.74568469505178
2020-10-24,1666,31,1596,30,70,1,1865,33,31007,376,32872,409,0,14,19,193,12,1459,2,54,17,"Anderson",76978,174.075709943101,0.0829320492241841,531.320637065136,40.2712463301203,250.720985216555,8.29320492241841
2020-10-25,1683,17,1612,16,71,1,1884,19,31203,196,33087,215,0,14,0,193,17,1476,4,58,17,"Anderson",76978,171.477565018577,0.0833790455293472,279.300579386318,22.0842318584531,250.720985216555,8.33790455293472
2020-10-26,1699,16,1627,15,72,1,1902,18,31337,134,33239,152,-1,13,-11,182,28,1504,1,59,17,"Anderson",76978,187.06643456572,0.0871632329635499,197.459014263816,20.7851593961911,236.431188131674,8.71632329635499
2020-10-27,1728,29,1651,24,77,5,1926,24,31492,155,33418,179,1,14,10,192,18,1522,2,61,17,"Anderson",76978,189.664579490244,0.0837867247007617,232.533970744888,37.6731014055964,249.421912754293,8.37867247007617
2020-10-28,1784,56,1705,54,79,2,1985,59,31926,434,33911,493,0,14,34,226,22,1544,0,61,17,"Anderson",76978,240.32840551846,0.0925572519083969,640.442723895139,72.7480578866689,293.5903764712,9.25572519083969
2020-10-29,1813,29,1726,21,87,8,2004,19,32132,206,34136,225,0,14,6,232,23,1567,2,63,17,"Anderson",76978,250.720985216555,0.0957230142566191,292.291304008938,37.6731014055964,301.384811244771,9.57230142566191
2020-10-30,1850,37,1760,34,90,3,2042,38,32283,151,34325,189,2,16,20,252,15,1582,1,64,17,"Anderson",76978,279.300579386318,0.112781954887218,245.524695367508,48.065681103692,327.36626049001,11.2781954887218
2020-10-31,1850,0,1760,0,90,0,2042,0,32284,1,34326,1,0,16,-10,242,10,1592,0,64,19,"Anderson",76978,239.029333056198,0.121733149931224,1.29907246226194,0,314.375535867391,12.1733149931224
2020-11-01,1855,5,1765,5,90,0,2050,8,32528,244,34578,252,0,16,-10,232,15,1607,0,64,19,"Anderson",76978,223.440463509055,0.111334674714956,327.36626049001,6.49536231130973,301.384811244771,11.1334674714956
2020-11-02,1888,33,1796,31,92,2,2085,35,32795,267,34880,302,0,16,8,240,25,1632,0,64,20,"Anderson",76978,245.524695367508,0.111517367458867,392.319883603107,42.8693912546442,311.777390942867,11.1517367458867
2020-11-03,1914,26,1821,25,93,1,2110,25,32975,180,35085,205,0,16,6,246,20,1652,0,64,21,"Anderson",76978,241.627477980722,0.110377924415117,266.309854763699,33.7758840188106,319.571825716438,11.0377924415117
2020-11-04,1932,18,1836,15,96,3,2128,18,33053,78,35181,96,2,18,1,247,15,1667,1,65,21,"Anderson",76978,192.262724414768,0.11259842519685,124.710956377147,23.383304320715,320.8708981787,11.259842519685
2020-11-05,1956,24,1854,18,102,6,2148,20,33152,99,35300,119,0,18,1,248,23,1690,0,65,22,"Anderson",76978,185.767362103458,0.123711340206186,154.589623009171,31.1777390942867,322.169970640962,12.3711340206186
2020-11-06,2005,49,1900,46,105,3,2197,49,33519,367,35716,416,0,18,24,272,25,1715,2,67,23,"Anderson",76978,201.356231650601,0.111430625449317,540.414144300969,63.6545506508353,353.347709735249,11.1430625449317
2020-11-07,2085,80,1977,77,108,3,2274,77,33966,447,36240,524,0,18,50,322,30,1745,0,67,23,"Anderson",76978,305.282028631557,0.121212121212121,680.713970225259,103.925796980956,418.301332848346,12.1212121212121
2020-11-08,2139,54,2028,51,111,3,2336,62,34576,610,36912,672,0,18,39,361,15,1760,1,68,23,"Anderson",76978,368.936579282392,0.122536418166238,872.976694640027,70.149912962145,468.965158876562,12.2536418166238
2020-11-09,2147,8,2035,7,112,1,2345,9,34650,74,36995,83,0,18,-46,315,54,1814,0,68,23,"Anderson",76978,336.459767725844,0.122931442080378,107.823014367741,10.3925796980956,409.207825612513,12.2931442080378
2020-11-10,2166,19,2053,18,113,1,2367,22,34821,171,37188,193,0,18,-16,299,35,1849,1,69,23,"Anderson",76978,327.36626049001,0.122206371849738,250.720985216555,24.682376782977,388.422666216322,12.2206371849738
2020-11-11,2205,39,2089,36,116,3,2409,42,35094,273,37503,315,1,19,13,312,25,1874,1,70,23,"Anderson",76978,354.646782197511,0.121016365202412,409.207825612513,50.6638260282159,405.310608225727,12.1016365202412
2020-11-12,2212,7,2095,6,117,1,2417,8,35292,198,37709,206,0,19,-13,299,20,1894,0,70,24,"Anderson",76978,332.562550339058,0.111664591116646,267.608927225961,9.09350723583361,388.422666216322,11.1664591116646
2020-11-13,2268,56,2148,53,120,3,2476,59,35553,261,38029,320,2,21,31,330,23,1917,2,72,24,"Anderson",76978,341.656057574892,0.120622568093385,415.703187923822,72.7480578866689,428.693912546442,12.0622568093385
2020-11-14,2309,41,2188,40,121,1,2521,45,35949,396,38470,441,1,22,20,350,20,1937,1,73,25,"Anderson",76978,290.992231546676,0.110762331838565,572.890955857518,53.2619709527397,454.675361791681,11.0762331838565
2020-11-15,2407,98,2286,98,121,0,2629,108,36531,582,39160,690,1,23,79,429,18,1955,1,74,25,"Anderson",76978,348.151419886201,0.130338078291815,896.359998960742,127.309101301671,557.302086310374,13.0338078291815
2020-11-16,2456,49,2315,29,141,20,2658,29,36808,277,39466,306,0,23,-6,423,55,2010,1,75,25,"Anderson",76978,401.413390838941,0.126669364629705,397.516173452155,63.6545506508353,549.507651536803,12.6669364629705
2020-11-17,2472,16,2330,15,142,1,2674,16,37014,206,39688,222,2,25,-37,386,51,2061,1,76,26,"Anderson",76978,397.516173452155,0.1228,288.394086622152,20.7851593961911,501.441970433111,12.28
2020-11-18,2502,30,2356,26,146,4,2700,26,37308,294,40008,320,0,25,-5,381,35,2096,0,76,27,"Anderson",76978,385.824521291798,0.116167664670659,415.703187923822,38.9721738678584,494.946608121801,11.6167664670659
2020-11-19,2560,58,2410,54,150,4,2762,62,37724,416,40486,478,0,25,19,400,39,2135,1,77,27,"Anderson",76978,452.077216867157,0.124234785740007,620.95663696121,75.3462028111928,519.628984904778,12.4234785740007
2020-11-20,2590,30,2437,27,153,3,2793,31,37837,113,40630,144,0,25,-10,390,40,2175,0,77,28,"Anderson",76978,418.301332848346,0.121876201460977,187.06643456572,38.9721738678584,506.638260282159,12.1876201460977
2020-11-21,2647,57,2486,49,161,8,2841,48,38181,344,41022,392,0,25,33,423,24,2199,1,78,28,"Anderson",76978,439.086492244537,0.125391849529781,509.236405206682,74.0471303489309,549.507651536803,12.5391849529781
2020-11-22,2703,56,2535,49,168,7,2898,57,38664,483,41562,540,0,25,42,465,14,2213,1,79,31,"Anderson",76978,384.525448829536,0.111990008326395,701.49912962145,72.7480578866689,604.068694951804,11.1990008326395
2020-11-23,2710,7,2541,6,169,1,2904,6,38686,22,41590,28,0,25,-64,401,71,2284,0,79,32,"Anderson",76978,329.964405414534,0.115819209039548,36.3740289433345,9.09350723583361,520.92805736704,11.5819209039548
2020-11-24,2723,13,2553,12,170,1,2916,12,38843,157,41759,169,2,27,-35,366,46,2330,0,79,32,"Anderson",76978,326.067188027748,0.116851762433607,219.543246122269,16.8879420094053,475.460521187872,11.6851762433607
2020-11-25,2751,28,2574,21,177,7,2937,21,38880,37,41817,58,1,28,-11,355,38,2368,0,79,32,"Anderson",76978,323.469043103224,0.131011608623549,75.3462028111928,36.3740289433345,461.170724102991,13.1011608623549
2020-11-26,2796,45,2616,42,180,3,2982,45,39230,350,42212,395,0,28,-30,325,75,2443,1,80,33,"Anderson",76978,306.581101093819,0.127462340672074,513.133622593468,58.4582608017875,422.198550235132,12.7462340672074
2020-11-27,2895,99,2706,90,189,9,3077,95,39656,426,42733,521,0,28,56,381,43,2486,3,83,35,"Anderson",76978,396.217100989893,0.135045173561579,676.816752838473,128.608173763933,494.946608121801,13.5045173561579
2020-11-28,2926,31,2731,25,195,6,3107,30,39799,143,42906,173,1,29,5,386,25,2511,2,85,35,"Anderson",76978,362.441216971083,0.141188959660297,224.739535971316,40.2712463301203,501.441970433111,14.1188959660297
2020-11-29,3017,91,2820,89,197,2,3203,96,40236,437,43439,533,0,29,65,451,26,2537,1,86,35,"Anderson",76978,407.908753150251,0.162493340436867,692.405622385617,118.215594065837,585.881680480137,16.2493340436867
2020-11-30,3087,70,2886,66,201,4,3276,73,40488,252,43764,325,0,29,1,452,69,2606,0,86,37,"Anderson",76978,489.750318272753,0.171113155473781,422.198550235132,90.9350723583361,587.180752942399,17.1113155473781
2020-12-01,3163,76,2952,66,211,10,3348,72,40918,430,44266,502,1,30,14,466,61,2667,6,92,38,"Anderson",76978,571.591883395256,0.172317510969286,652.134376055496,98.7295071319078,605.367767414066,17.2317510969286
2020-12-02,3178,15,2966,14,212,1,3364,16,41026,108,44390,124,0,30,-40,426,55,2722,0,92,38,"Anderson",76978,554.70394138585,0.165954139137194,161.084985320481,19.4860869339292,553.404868923589,16.5954139137194
2020-12-03,3219,41,2995,29,224,12,3397,33,41250,224,44647,257,1,31,-14,412,54,2776,1,93,39,"Anderson",76978,549.507651536803,0.170431211498973,333.86162280132,53.2619709527397,535.217854451921,17.0431211498973
2020-12-04,3286,67,3055,60,231,7,3460,63,41408,158,44868,221,1,32,-25,387,91,2867,0,93,39,"Anderson",76978,507.93733274442,0.179391100702576,287.09501415989,87.0378549715503,502.741042895373,17.9391100702576
2020-12-05,3317,31,3074,19,243,12,3478,18,41475,67,44953,85,0,32,1,388,30,2897,0,93,39,"Anderson",76978,507.93733274442,0.18124084025403,110.421159292265,40.2712463301203,504.040115357635,18.124084025403
2020-12-06,3353,36,3103,29,250,7,3506,28,41683,208,45189,236,0,32,12,400,24,2921,2,95,40,"Anderson",76978,436.488347320014,0.173142857142857,306.581101093819,46.76660864143,519.628984904778,17.3142857142857
2020-12-07,3493,140,3227,124,266,16,3642,136,42276,593,45918,729,2,34,28,428,110,3031,4,99,41,"Anderson",76978,527.42341967835,0.16991643454039,947.023824988958,181.870144716672,556.003013848112,16.991643454039
2020-12-08,3564,71,3276,49,288,22,3694,52,42574,298,46268,350,1,35,-8,420,78,3109,2,101,43,"Anderson",76978,520.92805736704,0.172827172827173,454.675361791681,92.2341448205981,545.610434150017,17.2827172827173
2020-12-09,3669,105,3367,91,302,14,3798,104,42835,261,46633,365,0,35,46,466,59,3168,3,104,44,"Anderson",76978,637.844578970615,0.193490860454748,474.16144872561,136.402608537504,605.367767414066,19.3490860454748
2020-12-10,3763,94,3445,78,318,16,3885,87,43366,531,47251,618,3,38,81,547,10,3178,3,107,45,"Anderson",76978,706.695419470498,0.187403993855607,802.826781677882,122.112811452623,710.592636857284,18.7403993855607
2020-12-11,3836,73,3498,53,338,20,3936,51,43532,166,47468,217,1,39,30,577,42,3220,2,109,45,"Anderson",76978,714.48985424407,0.183076923076923,281.898724310842,94.832289745122,749.564810725142,18.3076923076923
2020-12-12,3924,88,3559,61,365,27,4001,65,44045,513,48046,578,0,39,55,632,33,3253,2,111,45,"Anderson",76978,788.536984593001,0.169091496928548,750.863883187404,114.318376679051,821.013796149549,16.9091496928548
2020-12-13,4156,232,3742,183,414,49,4205,204,44917,872,49122,1076,1,40,188,820,43,3296,0,111,47,"Anderson",76978,1043.15518719634,0.177726926010679,1397.80196939385,301.384811244771,1065.23941905479,17.7726926010679
2020-12-14,4271,115,3828,86,443,29,4304,99,45207,290,49511,389,0,40,-37,783,152,3448,1,112,48,"Anderson",76978,1010.67837563979,0.184247147230726,505.339187819897,149.393333160124,1017.1737379511,18.4247147230726
2020-12-15,4406,135,3913,85,493,50,4400,96,45734,527,50134,623,1,41,42,825,92,3540,6,118,51,"Anderson",76978,1093.81901322456,0.182617692705639,809.322143989192,175.374782405363,1071.7347813661,18.2617692705639
2020-12-16,4475,69,3943,30,532,39,4436,36,46057,323,50493,359,2,43,-17,808,84,3624,4,122,52,"Anderson",76978,1047.05240458313,0.165284974093264,466.367013952038,89.6359998960742,1049.65054950765,16.5284974093264
2020-12-17,4676,201,4117,174,559,27,4630,194,46585,528,51215,722,2,45,114,922,85,3709,2,124,54,"Anderson",76978,1186.05315804516,0.187941473259334,937.930317753124,261.113564914651,1197.74481020551,18.7941473259334
2020-12-18,4774,98,4193,76,581,22,4717,87,46951,366,51668,453,1,46,23,945,74,3783,2,126,54,"Anderson",76978,1218.5299696017,0.185952380952381,588.479825404661,127.309101301671,1227.62347683754,18.5952380952381
2020-12-19,4879,105,4274,81,605,24,4804,87,47209,258,52013,345,0,46,74,1019,31,3814,1,127,55,"Anderson",76978,1240.61420146016,0.202419964708848,448.179999480371,136.402608537504,1323.75483904492,20.2419964708848
2020-12-20,5019,140,4396,122,623,18,4941,137,47673,464,52614,601,2,48,84,1103,54,3868,3,130,56,"Anderson",76978,1121.09953493206,0.210767468499427,780.742549819429,181.870144716672,1432.87692587493,21.0767468499427
2020-12-21,5066,47,4414,18,652,29,4964,23,47893,220,52857,243,3,51,-84,1019,128,3996,2,132,59,"Anderson",76978,1032.76260749825,0.197250448296473,315.674608329653,61.0564057263114,1323.75483904492,19.7250448296473
2020-12-22,5136,70,4458,44,678,26,5011,47,47999,106,53010,153,1,52,-31,988,100,4096,2,134,64,"Anderson",76978,948.32289745122,0.212447844228095,198.758086726078,90.9350723583361,1283.4835927148,21.2447844228095
2020-12-23,5210,74,4500,42,710,32,5054,43,48315,316,53369,359,2,54,-8,980,80,4176,2,136,66,"Anderson",76978,954.81825976253,0.214881780250348,466.367013952038,96.1313622073839,1273.09101301671,21.4881780250348
2020-12-24,5268,58,4524,24,744,34,5081,27,48467,152,53548,179,1,55,-47,933,104,4280,1,137,71,"Anderson",76978,769.050897659071,0.193313330475782,232.533970744888,75.3462028111928,1212.03460729039,19.3313330475782
2020-12-25,5361,93,4601,77,760,16,5173,92,48876,409,54049,501,0,55,-15,918,108,4388,1,138,72,"Anderson",76978,762.555535347762,0.191516169676606,650.835303593234,120.813738990361,1192.54852035647,19.1516169676606
2020-12-26,5417,56,4630,29,787,27,5201,28,48995,119,54196,147,0,55,6,924,50,4438,3,141,74,"Anderson",76978,698.900984696926,0.181859825927623,190.963651952506,72.7480578866689,1200.34295513004,18.1859825927623
2020-12-27,5477,60,4667,37,810,23,5237,36,49131,136,54368,172,1,56,30,954,29,4467,6,147,75,"Anderson",76978,594.975187715971,0.168757126567845,223.440463509055,77.9443477357167,1239.3151289979,16.8757126567845
2020-12-28,5524,47,4688,21,836,26,5257,20,49200,69,54457,89,2,58,-85,869,130,4597,4,151,82,"Anderson",76978,594.975187715971,0.183125,115.617449141313,61.0564057263114,1128.89396970563,18.3125
2020-12-29,5620,96,4740,52,880,44,5305,48,49295,95,54600,143,2,60,-34,835,128,4725,5,156,85,"Anderson",76978,628.751071734781,0.184905660377358,185.767362103458,124.710956377147,1084.72550598872,18.4905660377358
2020-12-30,5655,35,4758,18,897,17,5322,17,49423,128,54745,145,6,66,-89,746,118,4843,1,157,88,"Anderson",76978,578.087245706566,0.194767441860465,188.365507027982,45.4675361791681,969.108056847411,19.4767441860465
2020-12-31,5818,163,4858,100,960,63,5424,102,49727,304,55151,406,6,72,63,809,94,4937,1,158,93,"Anderson",76978,714.48985424407,0.213973799126638,527.42341967835,211.748811348697,1050.94962196991,21.3973799126638
2021-01-01,5883,65,4900,42,983,23,5479,55,50003,276,55482,331,0,72,-25,784,90,5027,2,160,94,"Anderson",76978,678.115825300735,0.213538032100488,429.992985008704,84.4397100470264,1018.47281041336,21.3538032100488
2021-01-02,5976,93,4941,41,1035,52,5520,41,50288,285,55808,326,0,72,49,833,44,5071,2,162,96,"Anderson",76978,726.181506404427,0.197890818858561,423.497622697394,120.813738990361,1082.1273610642,19.7890818858561
2021-01-03,6001,25,4953,12,1048,13,5536,16,50340,52,55876,68,0,72,-9,824,34,5105,1,163,99,"Anderson",76978,680.713970225259,0.198275862068966,88.3369274338123,32.4768115565486,1070.43570890384,19.8275862068966
2021-01-04,6038,37,4977,24,1061,13,5567,31,50447,107,56014,138,1,73,-56,768,92,5197,0,163,104,"Anderson",76978,667.72324560264,0.199100834938985,179.271999792148,48.065681103692,997.687651017174,19.9100834938985
2021-01-05,6110,72,5008,31,1102,41,5598,31,50565,118,56163,149,2,75,-47,721,117,5314,2,165,107,"Anderson",76978,636.545506508353,0.187460012795905,193.56179687703,93.53321728286,936.631245290862,18.7460012795905
2021-01-06,6184,74,5048,40,1136,34,5641,43,50726,161,56367,204,5,80,-12,709,81,5395,2,167,109,"Anderson",76978,687.209332536569,0.196670776818742,265.010782301437,96.1313622073839,921.042375743719,19.6670776818742
2021-01-07,6289,105,5128,80,1161,25,5733,92,50947,221,56680,313,1,81,65,774,39,5434,1,168,112,"Anderson",76978,611.863129725376,0.202092871157619,406.609680687989,136.402608537504,1005.48208579075,20.2092871157619
2021-01-08,6372,83,5179,51,1193,32,5785,52,51146,199,56931,251,5,86,62,836,16,5450,2,170,115,"Anderson",76978,635.246434046091,0.211180124223602,326.067188027748,107.823014367741,1086.02457845099,21.1180124223602
2021-01-09,6481,109,5247,68,1234,41,5860,75,51577,431,57437,506,2,88,44,880,63,5513,0,170,117,"Anderson",76978,656.031593442282,0.208717004297115,657.330665904544,141.598898386552,1143.18376679051,20.8717004297115
2021-01-10,6541,60,5272,25,1269,35,5885,25,51671,94,57556,119,2,90,28,908,30,5543,3,173,118,"Anderson",76978,701.49912962145,0.207738095238095,154.589623009171,77.9443477357167,1179.55779573385,20.7738095238095
2021-01-11,6574,33,5282,10,1292,23,5898,13,51742,71,57640,84,1,91,-93,815,125,5668,1,174,120,"Anderson",76978,696.302839772403,0.203567035670357,109.122086830003,42.8693912546442,1058.74405674349,20.3567035670357
2021-01-12,6627,53,5316,34,1311,19,5936,38,51914,172,57850,210,2,93,-100,715,151,5819,1,175,120,"Anderson",76978,671.620462989426,0.200355660936574,272.805217075008,68.8508404998831,928.836810517291,20.0355660936574
2021-01-13,6653,26,5333,17,1320,9,5955,19,52004,90,57959,109,3,96,-44,671,67,5886,0,175,121,"Anderson",76978,609.264984800852,0.197236180904523,141.598898386552,33.7758840188106,871.677622177765,19.7236180904523
2021-01-14,6750,97,5395,62,1355,35,6029,74,52411,407,58440,481,5,101,8,679,84,5970,2,177,123,"Anderson",76978,598.872405102757,0.168181818181818,624.853854347995,126.010028839409,882.070201875861,16.8181818181818
2021-01-15,6784,34,5415,20,1369,14,6053,24,52566,155,58619,179,0,101,-17,662,51,6021,1,178,126,"Anderson",76978,535.217854451921,0.158767772511848,232.533970744888,44.1684637169061,859.985970017408,15.8767772511848
2021-01-16,6848,64,5445,30,1403,34,6086,33,52809,243,58895,276,1,102,3,665,60,6081,1,179,129,"Anderson",76978,476.759593650134,0.155006858710562,358.543999584297,83.1406375847645,863.883187404193,15.5006858710562
2021-01-17,6885,37,5465,20,1420,17,6109,23,52913,104,59022,127,0,102,-7,658,44,6125,0,179,131,"Anderson",76978,446.880927018109,0.152796725784447,164.982202707267,48.065681103692,854.78968016836,15.2796725784447
2021-01-18,6904,19,5473,8,1431,11,6119,10,53009,96,59128,106,1,103,-67,591,85,6210,0,179,132,"Anderson",76978,428.693912546442,0.148521505376344,137.701680999766,24.682376782977,767.751825196809,14.8521505376344
2021-01-19,6946,42,5490,17,1456,25,6139,20,53121,112,59260,132,1,104,-78,513,119,6329,0,179,134,"Anderson",76978,414.40411546156,0.143971631205674,171.477565018577,54.5610434150017,666.424173140378,14.3971631205674
2021-01-20,6974,28,5506,16,1468,12,6158,19,53273,152,59431,171,3,107,-29,484,54,6383,0,179,137,"Anderson",76978,417.002260386084,0.137907608695652,222.141391046793,36.3740289433345,628.751071734781,13.7907608695652
2021-01-21,7030,56,5546,40,1484,16,6197,39,53514,241,59711,280,5,112,-43,441,94,6477,2,181,138,"Anderson",76978,363.740289433345,0.132179386309992,363.740289433345,72.7480578866689,572.890955857518,13.2179386309992
2021-01-22,7068,38,5564,18,1504,20,6219,22,53659,145,59878,167,2,114,-16,425,52,6529,0,181,141,"Anderson",76978,368.936579282392,0.131850675138999,216.945101197745,49.3647535659539,552.105796461327,13.1850675138999
2021-01-23,7106,38,5578,14,1528,24,6232,13,53919,260,60151,273,0,114,8,433,30,6559,1,182,141,"Anderson",76978,335.160695263582,0.116242038216561,354.646782197511,49.3647535659539,562.498376159422,11.6242038216561
2021-01-24,7119,13,5590,12,1529,1,6246,14,53986,67,60232,81,0,114,-22,411,35,6594,0,182,143,"Anderson",76978,303.982956169295,0.113223140495868,105.224869443218,16.8879420094053,533.918781989659,11.3223140495868
2021-01-25,7136,17,5601,11,1535,6,6257,11,54046,60,60303,71,2,116,-47,364,62,6656,1,183,145,"Anderson",76978,301.384811244771,0.117446808510638,92.2341448205981,22.0842318584531,472.862376263348,11.7446808510638
2021-01-26,7163,27,5622,21,1541,6,6282,25,54209,163,60491,188,0,116,-36,328,63,6719,1,184,148,"Anderson",76978,281.898724310842,0.116165718927701,244.225622905246,35.0749564810725,426.095767621918,11.6165718927701
2021-01-27,7180,17,5630,8,1550,9,6291,9,54295,86,60586,95,4,120,-17,311,30,6749,0,184,150,"Anderson",76978,267.608927225961,0.115151515151515,123.411883914885,22.0842318584531,404.011535763465,11.5151515151515
2021-01-28,7267,87,5670,40,1597,47,6338,47,54521,226,60859,273,4,124,24,335,59,6808,0,184,151,"Anderson",76978,307.880173556081,0.122822299651568,354.646782197511,113.019304216789,435.189274857752,12.2822299651568
2021-01-29,7280,13,5674,4,1606,9,6343,5,54566,45,60909,50,1,125,-34,301,46,6854,1,185,151,"Anderson",76978,275.403361999532,0.120271580989331,64.9536231130973,16.8879420094053,391.020811140845,12.0271580989331
2021-01-30,7320,40,5709,35,1611,5,6379,36,54825,259,61204,295,2,127,1,302,37,6891,2,187,152,"Anderson",76978,278.001506924056,0.13960113960114,383.226376367274,51.9628984904778,392.319883603107,13.960113960114
2021-01-31,7336,16,5716,7,1620,9,6390,11,54994,169,61384,180,1,128,-4,298,19,6910,0,187,154,"Anderson",76978,281.898724310842,0.125,233.83304320715,20.7851593961911,387.12359375406,12.5
2021-02-01,7356,20,5729,13,1627,7,6403,13,55047,53,61450,66,1,129,-26,272,45,6955,1,188,156,"Anderson",76978,285.795941697628,0.127288578901482,85.7387825092884,25.9814492452389,353.347709735249,12.7288578901482
2021-02-02,7363,7,5735,6,1628,1,6408,5,55115,68,61523,73,5,134,-45,227,47,7002,0,188,157,"Anderson",76978,259.814492452389,0.122093023255814,94.832289745122,9.09350723583361,294.889448933461,12.2093023255814
2021-02-03,7385,22,5741,6,1644,16,6418,10,55307,192,61725,202,4,138,1,228,17,7019,0,188,158,"Anderson",76978,266.309854763699,0.111501316944688,262.412637376913,28.5795941697628,296.188521395723,11.1501316944688
2021-02-04,7416,31,5756,15,1660,16,6435,17,55631,324,62066,341,2,140,-4,224,33,7052,0,188,158,"Anderson",76978,193.56179687703,0.0803645401822701,442.983709631323,40.2712463301203,290.992231546676,8.03645401822701
2021-02-05,7434,18,5767,11,1667,7,6452,17,55788,157,62240,174,2,142,-13,211,29,7081,0,188,159,"Anderson",76978,200.05715918834,0.081893313298272,226.038608433578,23.383304320715,274.10428953727,8.1893313298272
2021-02-06,7460,26,5783,16,1677,10,6472,20,56010,222,62482,242,1,143,8,219,17,7098,1,189,159,"Anderson",76978,181.870144716672,0.0727699530516432,314.375535867391,33.7758840188106,284.496869235366,7.27699530516432
2021-02-07,7473,13,5790,7,1683,6,6480,8,56117,107,62597,115,0,143,-10,209,23,7121,0,189,159,"Anderson",76978,177.972927329886,0.0741962077493817,149.393333160124,16.8879420094053,271.506144612746,7.41962077493817
2021-02-08,7498,25,5796,6,1702,19,6485,5,56139,22,62624,27,2,145,-12,197,35,7156,0,189,159,"Anderson",76978,184.468289641196,0.0698466780238501,35.0749564810725,32.4768115565486,255.917275065603,6.98466780238501
2021-02-09,7522,24,5806,10,1716,14,6496,11,56308,169,62804,180,2,147,-25,172,47,7203,2,191,159,"Anderson",76978,206.552521499649,0.068696330991413,233.83304320715,31.1777390942867,223.440463509055,6.8696330991413
2021-02-10,7547,25,5821,15,1726,10,6515,19,56503,195,63018,214,1,148,7,179,17,7220,1,192,159,"Anderson",76978,210.449738886435,0.0750193348801237,278.001506924056,32.4768115565486,232.533970744888,7.50193348801237
2021-02-11,7560,13,5829,8,1731,5,6526,11,56683,180,63209,191,-1,147,-14,165,28,7248,0,192,160,"Anderson",76978,187.06643456572,0.0796150481189851,248.122840292031,16.8879420094053,214.346956273221,7.96150481189851
2021-02-12,7587,27,5844,15,1743,12,6541,15,56877,194,63418,209,0,147,13,178,14,7262,0,192,160,"Anderson",76978,198.758086726078,0.0755517826825127,271.506144612746,35.0749564810725,231.234898282626,7.55517826825127
2021-02-13,7614,27,5855,11,1759,16,6551,10,57066,189,63617,199,0,147,11,189,16,7278,0,192,160,"Anderson",76978,200.05715918834,0.0696035242290749,258.515419990127,35.0749564810725,245.524695367508,6.96035242290749
2021-02-14,7627,13,5864,9,1763,4,6562,11,57127,61,63689,72,2,149,0,189,11,7289,0,192,160,"Anderson",76978,200.05715918834,0.0750915750915751,93.53321728286,16.8879420094053,245.524695367508,7.50915750915751
2021-02-15,7643,16,5872,8,1771,8,6571,9,57200,73,63771,82,0,149,-6,183,22,7311,1,193,161,"Anderson",76978,188.365507027982,0.0749782040104621,106.523941905479,20.7851593961911,237.730260593936,7.49782040104621
2021-02-16,7672,29,5886,14,1786,15,6588,17,57284,84,63872,101,0,149,11,194,18,7329,0,193,161,"Anderson",76978,194.860869339292,0.0861423220973783,131.206318688456,37.6731014055964,252.020057678817,8.61423220973783
2021-02-17,7691,19,5898,12,1793,7,6600,12,57392,108,63992,120,0,149,-8,186,27,7356,0,193,163,"Anderson",76978,187.06643456572,0.0872689938398357,155.888695471433,24.682376782977,241.627477980722,8.72689938398357
2021-02-18,7715,24,5920,22,1795,2,6626,26,57548,156,64174,182,0,149,9,195,15,7371,0,193,163,"Anderson",76978,201.356231650601,0.103626943005181,236.431188131674,31.1777390942867,253.319130141079,10.3626943005181
2021-02-19,7728,13,5931,11,1797,2,6641,15,57594,46,64235,61,0,149,0,195,13,7384,0,193,164,"Anderson",76978,183.169217178934,0.122399020807834,79.2434201979787,16.8879420094053,253.319130141079,12.2399020807834
2021-02-20,7747,19,5938,7,1809,12,6650,9,57716,122,64366,131,1,150,3,198,15,7399,0,193,165,"Anderson",76978,172.776637480839,0.132176234979973,170.178492556315,24.682376782977,257.216347527865,13.2176234979973
2021-02-21,7759,12,5945,7,1814,5,6657,7,57780,64,64437,71,2,152,-2,196,12,7411,1,194,165,"Anderson",76978,171.477565018577,0.127005347593583,92.2341448205981,15.5888695471433,254.618202603341,12.7005347593583
2021-02-22,7764,5,5947,2,1817,3,6663,6,57817,37,64480,43,1,153,-17,179,21,7432,0,194,166,"Anderson",76978,157.187767933695,0.129760225669958,55.8601158772636,6.49536231130973,232.533970744888,12.9760225669958
2021-02-23,7788,24,5956,9,1832,15,6671,8,57960,143,64631,151,2,155,-2,177,24,7456,0,194,168,"Anderson",76978,150.692405622386,0.10935441370224,196.159941801554,31.1777390942867,229.935825820364,10.935441370224
2021-02-24,7820,32,5975,19,1845,13,6694,23,58134,174,64828,197,0,155,16,193,16,7472,0,194,168,"Anderson",76978,167.580347631791,0.11244019138756,255.917275065603,41.5703187923822,250.720985216555,11.244019138756
2021-02-25,7837,17,5983,8,1854,9,6705,11,58261,127,64966,138,1,156,-3,190,19,7491,0,194,168,"Anderson",76978,158.486840395957,0.0997474747474748,179.271999792148,22.0842318584531,246.82376782977,9.97474747474748
2021-02-26,7849,12,5991,8,1858,4,6714,9,58360,99,65074,108,0,156,-17,173,29,7520,0,194,168,"Anderson",76978,157.187767933695,0.0870083432657926,140.29982592429,15.5888695471433,224.739535971316,8.70083432657926
2021-02-27,7858,9,5998,7,1860,2,6720,6,58452,92,65172,98,0,156,-6,167,15,7535,0,194,168,"Anderson",76978,144.197043311076,0.086848635235732,127.309101301671,11.6916521603575,216.945101197745,8.6848635235732
2021-02-28,7872,14,6008,10,1864,4,6731,11,58522,70,65253,81,0,156,0,167,14,7549,0,194,168,"Anderson",76978,146.7951882356,0.0906862745098039,105.224869443218,18.1870144716672,216.945101197745,9.06862745098039
2021-03-01,7880,8,6013,5,1867,3,6738,7,58557,35,65295,42,0,156,-11,156,19,7568,0,194,169,"Anderson",76978,150.692405622386,0.0920245398773006,54.5610434150017,10.3925796980956,202.655304112863,9.20245398773006
2021-03-02,7903,23,6024,11,1879,12,6748,10,58673,116,65421,126,1,157,-2,154,24,7592,1,195,169,"Anderson",76978,149.393333160124,0.0974683544303798,163.683130245005,29.8786666320247,200.05715918834,9.74683544303798
2021-03-03,7936,33,6045,21,1891,12,6773,25,58789,116,65562,141,1,158,13,167,19,7611,0,195,170,"Anderson",76978,150.692405622386,0.107629427792916,183.169217178934,42.8693912546442,216.945101197745,10.7629427792916
2021-03-04,7961,25,6058,13,1903,12,6790,17,58952,163,65742,180,0,158,13,180,12,7623,0,195,170,"Anderson",76978,161.084985320481,0.109536082474227,233.83304320715,32.4768115565486,233.83304320715,10.9536082474227
2021-03-05,7994,33,6075,17,1919,16,6812,22,59086,134,65898,156,0,158,18,198,15,7638,2,197,170,"Anderson",76978,188.365507027982,0.118932038834951,202.655304112863,42.8693912546442,257.216347527865,11.8932038834951
2021-03-06,8004,10,6080,5,1924,5,6820,8,59175,89,65995,97,0,158,-1,197,11,7649,0,197,170,"Anderson",76978,189.664579490244,0.121506682867558,126.010028839409,12.9907246226195,255.917275065603,12.1506682867558
2021-03-07,8010,6,6083,3,1927,3,6823,3,59214,39,66037,42,0,158,-10,187,16,7665,0,197,170,"Anderson",76978,179.271999792148,0.11734693877551,54.5610434150017,7.79443477357167,242.926550442984,11.734693877551
2021-03-08,8026,16,6090,7,1936,9,6832,9,59291,77,66123,86,1,159,-4,183,19,7684,0,197,170,"Anderson",76978,189.664579490244,0.113526570048309,111.720231754527,20.7851593961911,237.730260593936,11.3526570048309
2021-03-09,8047,21,6098,8,1949,13,6840,8,59356,65,66196,73,0,159,3,186,18,7702,3,200,171,"Anderson",76978,187.06643456572,0.118709677419355,94.832289745122,27.2805217075008,241.627477980722,11.8709677419355
2021-03-10,8069,22,6111,13,1958,9,6856,16,59513,157,66369,173,0,159,11,197,11,7713,1,201,171,"Anderson",76978,172.776637480839,0.102850061957869,224.739535971316,28.5795941697628,255.917275065603,10.2850061957869
2021-03-11,8092,23,6121,10,1971,13,6866,10,59610,97,66476,107,0,159,1,198,22,7735,1,202,172,"Anderson",76978,170.178492556315,0.103542234332425,139.000753462028,29.8786666320247,257.216347527865,10.3542234332425
2021-03-12,8112,20,6138,17,1974,3,6886,20,59716,106,66602,126,0,159,8,206,12,7747,0,202,172,"Anderson",76978,153.29055054691,0.105113636363636,163.683130245005,25.9814492452389,267.608927225961,10.5113636363636
2021-03-13,8123,11,6142,4,1981,7,6890,4,59792,76,66682,80,0,159,2,208,9,7756,1,203,172,"Anderson",76978,154.589623009171,0.101892285298399,103.925796980956,14.2897970848814,270.207072150485,10.1892285298399
2021-03-14,8129,6,6146,4,1983,2,6896,6,59828,36,66724,42,0,159,-13,195,19,7775,1,204,172,"Anderson",76978,154.589623009171,0.106259097525473,54.5610434150017,7.79443477357167,253.319130141079,10.6259097525473
2021-03-15,8147,18,6152,6,1995,12,6902,6,59860,32,66762,38,0,159,-9,186,27,7802,1,205,172,"Anderson",76978,157.187767933695,0.109546165884194,49.3647535659539,23.383304320715,241.627477980722,10.9546165884194
2021-03-16,8180,33,6165,13,2015,20,6917,15,59953,93,66870,108,0,159,-2,184,35,7837,2,207,172,"Anderson",76978,172.776637480839,0.114243323442137,140.29982592429,42.8693912546442,239.029333056198,11.4243323442136
2021-03-17,8198,18,6177,12,2021,6,6930,13,60040,87,66970,100,0,159,-4,180,22,7859,0,207,173,"Anderson",76978,167.580347631791,0.123128119800333,129.907246226195,23.383304320715,233.83304320715,12.3128119800333
2021-03-18,8214,16,6189,12,2025,4,6945,15,60121,81,67066,96,1,160,-1,179,16,7875,0,207,173,"Anderson",76978,158.486840395957,0.133898305084746,124.710956377147,20.7851593961911,232.533970744888,13.3898305084746
2021-03-19,8238,24,6203,14,2035,10,6958,13,60240,119,67198,132,0,160,13,192,11,7886,1,208,173,"Anderson",76978,163.683130245005,0.120805369127517,171.477565018577,31.1777390942867,249.421912754293,12.0805369127517
2021-03-20,8250,12,6209,6,2041,6,6966,8,60279,39,67245,47,0,160,3,195,9,7895,1,209,173,"Anderson",76978,164.982202707267,0.134991119005329,61.0564057263114,15.5888695471433,253.319130141079,13.4991119005329
2021-03-21,8260,10,6215,6,2045,4,6973,7,60341,62,67314,69,-1,159,-5,190,16,7911,0,209,173,"Anderson",76978,170.178492556315,0.130508474576271,89.6359998960742,12.9907246226195,246.82376782977,13.0508474576271
2021-03-22,8266,6,6216,1,2050,5,6974,1,60407,66,67381,67,0,159,-9,181,15,7926,1,210,173,"Anderson",76978,154.589623009171,0.116316639741519,87.0378549715503,7.79443477357167,235.132115669412,11.6316639741519
2021-03-23,8272,6,6217,1,2055,5,6975,1,60450,43,67425,44,0,159,-15,166,21,7947,0,210,174,"Anderson",76978,119.514666528099,0.104504504504505,57.1591883395256,7.79443477357167,215.646028735483,10.4504504504505
2021-03-24,8280,8,6224,7,2056,1,6982,7,60570,120,67552,127,1,160,-11,155,18,7965,0,210,174,"Anderson",76978,106.523941905479,0.0893470790378007,164.982202707267,10.3925796980956,201.356231650601,8.93470790378007
2021-03-25,8290,10,6229,5,2061,5,6988,6,60671,101,67659,107,0,160,-10,145,20,7985,0,210,174,"Anderson",76978,98.7295071319078,0.0725126475548061,139.000753462028,12.9907246226195,188.365507027982,7.25126475548061
2021-03-26,8307,17,6241,12,2066,5,6999,11,60737,66,67736,77,0,160,2,147,15,8000,0,210,175,"Anderson",76978,89.6359998960742,0.0762081784386617,100.02857959417,22.0842318584531,190.963651952506,7.62081784386617
2021-03-27,8311,4,6245,4,2066,0,7005,6,60801,64,67806,70,1,161,-12,135,15,8015,2,212,175,"Anderson",76978,79.2434201979786,0.0695187165775401,90.9350723583361,5.19628984904778,175.374782405363,6.95187165775401
2021-03-28,8314,3,6245,0,2069,3,7005,0,60830,29,67835,29,1,162,-12,123,14,8029,0,212,176,"Anderson",76978,70.149912962145,0.0614203454894434,37.6731014055964,3.89721738678583,159.785912858219,6.14203454894434
2021-03-29,8329,15,6249,4,2080,11,7009,4,60916,86,67925,90,1,163,-18,105,32,8061,0,212,177,"Anderson",76978,81.8415651225025,0.0643382352941176,116.916521603575,19.4860869339292,136.402608537504,6.43382352941176
2021-03-30,8334,5,6252,3,2082,2,7012,3,60974,58,67986,61,1,164,-12,93,16,8077,0,212,177,"Anderson",76978,80.5424926602406,0.0659536541889483,79.2434201979787,6.49536231130973,120.813738990361,6.59536541889483
2021-03-31,8357,23,6266,14,2091,9,7028,16,61138,164,68166,180,1,165,10,103,12,8089,1,213,177,"Anderson",76978,100.02857959417,0.0749185667752443,233.83304320715,29.8786666320247,133.80446361298,7.49185667752443
2021-04-01,8367,10,6271,5,2096,5,7032,4,61195,57,68227,61,0,165,-7,96,17,8106,0,213,177,"Anderson",76978,100.02857959417,0.0774647887323944,79.2434201979787,12.9907246226195,124.710956377147,7.74647887323944
2021-04-02,8375,8,6277,6,2098,2,7040,8,61265,70,68305,78,0,165,-2,94,10,8116,0,213,177,"Anderson",76978,88.3369274338123,0.0720562390158172,101.327652056432,10.3925796980956,122.112811452623,7.20562390158172
2021-04-03,8381,6,6282,5,2099,1,7046,6,61315,50,68361,56,0,165,-8,86,14,8130,0,213,177,"Anderson",76978,90.9350723583361,0.0738738738738739,72.7480578866689,7.79443477357167,111.720231754527,7.38738738738739
2021-04-04,8383,2,6284,2,2099,0,7048,2,61353,38,68401,40,0,165,-6,80,8,8138,0,213,177,"Anderson",76978,89.6359998960742,0.0759717314487632,51.9628984904778,2.59814492452389,103.925796980956,7.59717314487632
2021-04-05,8397,14,6287,3,2110,11,7050,2,61411,58,68461,60,0,165,4,84,10,8148,2,215,177,"Anderson",76978,88.3369274338123,0.0764925373134328,77.9443477357167,18.1870144716672,109.122086830003,7.64925373134328
2021-04-06,8402,5,6291,4,2111,1,7056,6,61453,42,68509,48,0,165,3,87,2,8150,0,215,177,"Anderson",76978,88.3369274338123,0.0841300191204589,62.3554781885734,6.49536231130973,113.019304216789,8.41300191204589
2021-04-07,8422,20,6304,13,2118,7,7070,14,61611,158,68681,172,0,165,10,97,10,8160,2,217,177,"Anderson",76978,84.4397100470264,0.0815533980582524,223.440463509055,25.9814492452389,126.010028839409,8.15533980582524
2021-04-08,8425,3,6306,2,2119,1,7073,3,61702,91,68775,94,5,170,-17,80,15,8175,1,218,177,"Anderson",76978,75.3462028111928,0.0748175182481752,122.112811452623,3.89721738678583,103.925796980956,7.48175182481752
2021-04-09,8433,8,6312,6,2121,2,7082,9,61789,87,68871,96,-4,166,8,88,4,8179,0,218,177,"Anderson",76978,75.3462028111928,0.0742049469964664,124.710956377147,10.3925796980956,114.318376679051,7.42049469964664
2021-04-10,8438,5,6317,5,2121,0,7087,5,61860,71,68947,76,0,166,-7,81,12,8191,0,218,177,"Anderson",76978,74.0471303489309,0.0699658703071672,98.7295071319078,6.49536231130973,105.224869443218,6.99658703071672
2021-04-11,8445,7,6322,5,2123,2,7092,5,61904,44,68996,49,-1,165,0,81,8,8199,0,218,177,"Anderson",76978,80.5424926602406,0.0739495798319328,63.6545506508353,9.09350723583361,105.224869443218,7.39495798319328
2021-04-12,8448,3,6325,3,2123,0,7095,3,61973,69,69068,72,0,165,-7,74,10,8209,0,218,177,"Anderson",76978,66.2526955753592,0.0741350906095552,93.53321728286,3.89721738678583,96.1313622073839,7.41350906095552
2021-04-13,8458,10,6330,5,2128,5,7101,6,62034,61,69135,67,5,170,-5,69,10,8219,0,218,177,"Anderson",76978,72.7480578866689,0.0718849840255591,87.0378549715503,12.9907246226195,89.6359998960742,7.18849840255591
2021-04-14,8472,14,6339,9,2133,5,7112,11,62172,138,69284,149,0,170,7,76,7,8226,0,218,177,"Anderson",76978,64.9536231130973,0.0696517412935323,193.56179687703,18.1870144716672,98.7295071319078,6.96517412935323
2021-04-15,8481,9,6344,5,2137,4,7117,5,62253,81,69370,86,0,170,6,82,3,8229,0,218,177,"Anderson",76978,72.7480578866689,0.0739495798319328,111.720231754527,11.6916521603575,106.523941905479,7.39495798319328
2021-04-16,8494,13,6355,11,2139,2,7130,13,62406,153,69536,166,0,170,6,88,7,8236,0,218,177,"Anderson",76978,79.2434201979786,0.0721804511278196,215.646028735483,16.8879420094053,114.318376679051,7.21804511278196
2021-04-17,8499,5,6358,3,2141,2,7134,4,62471,65,69605,69,0,170,0,88,5,8241,0,218,177,"Anderson",76978,79.2434201979786,0.0714285714285714,89.6359998960742,6.49536231130973,114.318376679051,7.14285714285714
2021-04-18,8506,7,6364,6,2142,1,7140,6,62516,45,69656,51,0,170,0,88,7,8248,0,218,177,"Anderson",76978,79.2434201979786,0.0727272727272727,66.2526955753592,9.09350723583361,114.318376679051,7.27272727272727
2021-04-19,8512,6,6367,3,2145,3,7143,3,62539,23,69682,26,0,170,-6,82,12,8260,0,218,178,"Anderson",76978,83.1406375847645,0.0781758957654723,33.7758840188106,7.79443477357167,106.523941905479,7.81758957654723
2021-04-20,8518,6,6370,3,2148,3,7146,3,62638,99,69784,102,0,170,-1,81,7,8267,0,218,178,"Anderson",76978,77.9443477357167,0.0693374422187981,132.505391150718,7.79443477357167,105.224869443218,6.93374422187981
2021-04-21,8530,12,6376,6,2154,6,7152,6,62792,154,69944,160,1,171,-2,79,13,8280,0,218,178,"Anderson",76978,75.3462028111928,0.0606060606060606,207.851593961911,15.5888695471433,102.626724518694,6.06060606060606
2021-04-22,8548,18,6382,6,2166,12,7159,7,62936,144,70095,151,0,171,12,91,6,8286,0,218,178,"Anderson",76978,87.0378549715503,0.0579310344827586,196.159941801554,23.383304320715,118.215594065837,5.79310344827586
2021-04-23,8558,10,6387,5,2171,5,7165,6,63102,166,70267,172,0,171,8,99,2,8288,0,218,178,"Anderson",76978,83.1406375847645,0.0478796169630643,223.440463509055,12.9907246226195,128.608173763933,4.78796169630643
2021-04-24,8570,12,6393,6,2177,6,7172,7,63169,67,70341,74,0,171,8,107,4,8292,1,219,178,"Anderson",76978,92.2341448205981,0.0516304347826087,96.1313622073839,15.5888695471433,139.000753462028,5.16304347826087
2021-04-25,8574,4,6395,2,2179,2,7174,2,63209,40,70383,42,0,171,0,107,4,8296,0,219,178,"Anderson",76978,88.3369274338123,0.046767537826685,54.5610434150017,5.19628984904778,139.000753462028,4.6767537826685
2021-04-26,8583,9,6399,4,2184,5,7178,4,63284,75,70462,79,0,171,2,109,7,8303,0,219,179,"Anderson",76978,92.2341448205981,0.0448717948717949,102.626724518694,11.6916521603575,141.598898386552,4.48717948717949
2021-04-27,8593,10,6405,6,2188,4,7184,6,63352,68,70536,74,0,171,-3,106,13,8316,0,219,179,"Anderson",76978,97.4304346696459,0.050531914893617,96.1313622073839,12.9907246226195,137.701680999766,5.0531914893617
2021-04-28,8610,17,6417,12,2193,5,7197,13,63490,138,70687,151,0,171,1,107,16,8332,1,220,180,"Anderson",76978,103.925796980956,0.0605652759084791,196.159941801554,22.0842318584531,139.000753462028,6.05652759084791
2021-04-29,8616,6,6419,2,2197,4,7200,3,63639,149,70839,152,0,171,-1,106,7,8339,0,220,180,"Anderson",76978,88.3369274338123,0.0551075268817204,197.459014263816,7.79443477357167,137.701680999766,5.51075268817204
2021-04-30,8623,7,6422,3,2201,4,7204,4,63761,122,70965,126,0,171,-2,104,9,8348,0,220,180,"Anderson",76978,84.4397100470264,0.0558739255014327,163.683130245005,9.09350723583361,135.103536075242,5.58739255014327
2021-05-01,8628,5,6425,3,2203,2,7207,3,63824,63,71031,66,0,171,-1,103,6,8354,1,221,180,"Anderson",76978,75.3462028111928,0.0507246376811594,85.7387825092884,6.49536231130973,133.80446361298,5.07246376811594
2021-05-02,8631,3,6426,1,2205,2,7208,1,63875,51,71083,52,0,171,-7,96,10,8364,0,221,180,"Anderson",76978,74.0471303489309,0.0485714285714286,67.5517680376211,3.89721738678583,124.710956377147,4.85714285714286
2021-05-03,8641,10,6431,5,2210,5,7213,5,63981,106,71194,111,0,171,-3,93,13,8377,0,221,180,"Anderson",76978,75.3462028111928,0.0478142076502732,144.197043311076,12.9907246226195,120.813738990361,4.78142076502732
2021-05-04,8643,2,6431,0,2212,2,7214,1,64057,76,71271,77,0,171,-11,82,13,8390,0,221,180,"Anderson",76978,64.9536231130973,0.0408163265306122,100.02857959417,2.59814492452389,106.523941905479,4.08163265306122
2021-05-05,8651,8,6435,4,2216,4,7217,3,64174,117,71391,120,0,171,-3,79,11,8401,0,221,180,"Anderson",76978,53.2619709527397,0.0284090909090909,155.888695471433,10.3925796980956,102.626724518694,2.84090909090909
2021-05-06,8656,5,6438,3,2218,2,7223,6,64226,52,71449,58,0,171,-5,74,10,8411,1,222,180,"Anderson",76978,51.9628984904778,0.0377049180327869,75.3462028111928,6.49536231130973,96.1313622073839,3.77049180327869
2021-05-07,8661,5,6440,2,2221,3,7226,3,64346,120,71572,123,0,171,-4,70,9,8420,0,222,180,"Anderson",76978,49.3647535659539,0.0362438220757825,159.785912858219,6.49536231130973,90.9350723583361,3.62438220757825
2021-05-08,8667,6,6443,3,2224,3,7228,2,64415,69,71643,71,0,171,-6,64,12,8432,1,223,181,"Anderson",76978,50.6638260282159,0.0343137254901961,92.2341448205981,7.79443477357167,83.1406375847645,3.43137254901961
2021-05-09,8668,1,6443,0,2225,1,7229,1,64443,28,71672,29,0,171,-4,60,5,8437,0,223,181,"Anderson",76978,48.065681103692,0.0356536502546689,37.6731014055964,1.29907246226194,77.9443477357167,3.56536502546689
2021-05-10,8673,5,6443,0,2230,5,7229,0,64531,88,71760,88,0,171,-5,55,10,8447,0,223,181,"Anderson",76978,41.5703187923822,0.0282685512367491,114.318376679051,6.49536231130973,71.448985424407,2.82685512367491
2021-05-11,8681,8,6444,1,2237,7,7231,2,64573,42,71804,44,0,171,3,58,5,8452,0,223,182,"Anderson",76978,49.3647535659539,0.0318949343339587,57.1591883395256,10.3925796980956,75.3462028111928,3.18949343339587
2021-05-12,8694,13,6451,7,2243,6,7237,6,64676,103,71913,109,0,171,8,66,5,8457,2,225,182,"Anderson",76978,55.8601158772636,0.0383141762452107,141.598898386552,16.8879420094053,85.7387825092884,3.83141762452107
2021-05-13,8698,4,6453,2,2245,2,7239,2,64779,103,72018,105,0,171,-3,63,7,8464,2,227,182,"Anderson",76978,54.5610434150017,0.0281195079086116,136.402608537504,5.19628984904778,81.8415651225025,2.81195079086116
2021-05-14,8706,8,6456,3,2250,5,7244,5,64866,87,72110,92,0,171,2,65,6,8470,0,227,182,"Anderson",76978,58.4582608017875,0.033457249070632,119.514666528099,10.3925796980956,84.4397100470264,3.3457249070632
2021-05-15,8711,5,6458,2,2253,3,7246,2,64931,65,72177,67,0,171,2,67,3,8473,0,227,182,"Anderson",76978,57.1591883395256,0.0337078651685393,87.0378549715503,6.49536231130973,87.0378549715503,3.37078651685393
2021-05-16,8713,2,6459,1,2254,1,7247,1,64967,36,72214,37,0,171,-5,62,7,8480,0,227,182,"Anderson",76978,58.4582608017875,0.033210332103321,48.065681103692,2.59814492452389,80.5424926602406,3.3210332103321
2021-05-17,8719,6,6464,5,2255,1,7252,5,65026,59,72278,64,1,172,0,62,5,8485,0,227,182,"Anderson",76978,59.7573332640495,0.0444015444015444,83.1406375847645,7.79443477357167,80.5424926602406,4.44015444015444
2021-05-18,8723,4,6464,0,2259,4,7252,0,65117,91,72369,91,0,172,0,62,4,8489,1,228,182,"Anderson",76978,54.5610434150017,0.0371681415929204,118.215594065837,5.19628984904778,80.5424926602406,3.71681415929204
2021-05-19,8730,7,6469,5,2261,2,7258,6,65235,118,72493,124,0,172,5,67,2,8491,0,228,182,"Anderson",76978,46.76660864143,0.0362068965517241,161.084985320481,9.09350723583361,87.0378549715503,3.62068965517241
2021-05-20,8732,2,6471,2,2261,0,7260,2,65354,119,72614,121,0,172,-1,66,3,8494,0,228,182,"Anderson",76978,44.1684637169061,0.0352348993288591,157.187767933695,2.59814492452389,85.7387825092884,3.52348993288591
2021-05-21,8734,2,6471,0,2263,2,7260,0,65424,70,72684,70,0,172,-7,59,9,8503,0,228,182,"Anderson",76978,36.3740289433345,0.0278745644599303,90.9350723583361,2.59814492452389,76.6452752734548,2.78745644599303
2021-05-22,8739,5,6473,2,2266,3,7262,2,65464,40,72726,42,0,172,-3,56,8,8511,0,228,182,"Anderson",76978,36.3740289433345,0.029143897996357,54.5610434150017,6.49536231130973,72.7480578866689,2.9143897996357
2021-05-23,8739,0,6473,0,2266,0,7262,0,65493,29,72755,29,0,172,-3,53,3,8514,0,228,182,"Anderson",76978,33.7758840188106,0.0277264325323475,37.6731014055964,0,68.8508404998831,2.77264325323475
2021-05-24,8747,8,6477,4,2270,4,7265,3,65552,59,72817,62,0,172,1,54,7,8521,0,228,182,"Anderson",76978,36.3740289433345,0.0241187384044527,80.5424926602406,10.3925796980956,70.149912962145,2.41187384044527
2021-05-25,8749,2,6477,0,2272,2,7266,1,65597,45,72863,46,0,172,-10,44,12,8533,0,228,182,"Anderson",76978,33.7758840188106,0.0283400809716599,59.7573332640495,2.59814492452389,57.1591883395256,2.83400809716599
2021-05-26,8756,7,6482,5,2274,2,7272,6,65697,100,72969,106,0,172,0,44,7,8540,0,228,182,"Anderson",76978,33.7758840188106,0.0294117647058824,137.701680999766,9.09350723583361,57.1591883395256,2.94117647058824
2021-05-27,8758,2,6483,1,2275,1,7273,1,65747,50,73020,51,0,172,-1,43,3,8543,1,229,182,"Anderson",76978,33.7758840188106,0.0320197044334975,66.2526955753592,2.59814492452389,55.8601158772636,3.20197044334975
2021-05-28,8763,5,6487,4,2276,1,7278,5,65830,83,73108,88,0,172,0,43,5,8548,0,229,182,"Anderson",76978,37.6731014055964,0.0424528301886792,114.318376679051,6.49536231130973,55.8601158772636,4.24528301886792
2021-05-29,8764,1,6487,0,2277,1,7278,0,65867,37,73145,37,0,172,-5,38,6,8554,0,229,182,"Anderson",76978,32.4768115565486,0.0381861575178998,48.065681103692,1.29907246226194,49.3647535659539,3.81861575178998
2021-05-30,8767,3,6488,1,2279,2,7279,1,65917,50,73196,51,0,172,0,38,3,8557,0,229,182,"Anderson",76978,36.3740289433345,0.0385487528344671,66.2526955753592,3.89721738678583,49.3647535659539,3.85487528344671
2021-05-31,8771,4,6491,3,2280,1,7282,3,65968,51,73250,54,0,172,1,39,3,8560,0,229,182,"Anderson",76978,31.1777390942867,0.0392609699769053,70.149912962145,5.19628984904778,50.6638260282159,3.92609699769053
2021-06-01,8774,3,6493,2,2281,1,7283,1,66016,48,73299,49,0,172,1,40,2,8562,1,230,182,"Anderson",76978,32.4768115565486,0.0389908256880734,63.6545506508353,3.89721738678583,51.9628984904778,3.89908256880734
2021-06-02,8778,4,6494,1,2284,3,7285,2,66057,41,73342,43,0,172,-2,38,6,8568,0,230,182,"Anderson",76978,28.5795941697628,0.0348525469168901,55.8601158772636,5.19628984904778,49.3647535659539,3.48525469168901
2021-06-03,8779,1,6494,0,2285,1,7288,3,66146,89,73434,92,1,173,-3,35,3,8571,0,230,183,"Anderson",76978,27.2805217075008,0.036231884057971,119.514666528099,1.29907246226194,45.4675361791681,3.6231884057971
2021-06-04,8780,1,6495,1,2285,0,7290,2,66199,53,73489,55,-1,172,-2,33,4,8575,0,230,183,"Anderson",76978,22.0842318584531,0.031496062992126,71.448985424407,1.29907246226194,42.8693912546442,3.1496062992126
2021-06-05,8781,1,6496,1,2285,0,7291,1,66256,57,73547,58,0,172,-3,30,4,8579,0,230,183,"Anderson",76978,22.0842318584531,0.0323383084577114,75.3462028111928,1.29907246226194,38.9721738678584,3.23383084577114
2021-06-06,8781,0,6496,0,2285,0,7291,0,66281,25,73572,25,0,172,-4,26,4,8583,0,230,183,"Anderson",76978,18.1870144716672,0.0319148936170213,32.4768115565486,0,33.7758840188106,3.19148936170213
2021-06-07,8782,1,6496,0,2286,1,7291,0,66345,64,73636,64,0,172,-1,25,2,8585,0,230,183,"Anderson",76978,14.2897970848814,0.0233160621761658,83.1406375847645,1.29907246226194,32.4768115565486,2.33160621761658
2021-06-08,8783,1,6496,0,2287,1,7291,0,66382,37,73673,37,0,172,-1,24,2,8587,1,231,184,"Anderson",76978,11.6916521603575,0.0213903743315508,48.065681103692,1.29907246226194,31.1777390942867,2.13903743315508
2021-06-09,8783,0,6496,0,2287,0,7291,0,66463,81,73754,81,0,172,-4,20,4,8591,0,231,184,"Anderson",76978,6.49536231130972,0.0145631067961165,105.224869443218,0,25.9814492452389,1.45631067961165
2021-06-10,8787,4,6497,1,2290,3,7292,1,66520,57,73812,58,0,172,4,24,0,8591,0,231,184,"Anderson",76978,10.3925796980956,0.0105820105820106,75.3462028111928,5.19628984904778,31.1777390942867,1.05820105820106
2021-06-11,8788,1,6497,0,2291,1,7293,1,66575,55,73868,56,1,173,-3,21,3,8594,0,231,184,"Anderson",76978,10.3925796980956,0.0079155672823219,72.7480578866689,1.29907246226194,27.2805217075008,0.79155672823219
2021-06-12,8789,1,6497,0,2292,1,7294,1,66630,55,73924,56,2,175,-4,17,3,8597,0,231,184,"Anderson",76978,10.3925796980956,0.00795755968169761,72.7480578866689,1.29907246226194,22.0842318584531,0.795755968169761
2021-06-13,8790,1,6497,0,2293,1,7295,1,66668,38,73963,39,0,175,-3,14,4,8601,0,231,184,"Anderson",76978,11.6916521603575,0.010230179028133,50.6638260282159,1.29907246226194,18.1870144716672,1.0230179028133
2021-06-14,8792,2,6499,2,2293,0,7297,2,66754,86,74051,88,0,175,1,15,1,8602,0,231,184,"Anderson",76978,12.9907246226194,0.0144578313253012,114.318376679051,2.59814492452389,19.4860869339292,1.44578313253012
2021-06-15,8792,0,6499,0,2293,0,7298,1,66785,31,74083,32,0,175,-2,13,2,8604,0,231,184,"Anderson",76978,11.6916521603575,0.0170731707317073,41.5703187923822,0,16.8879420094053,1.70731707317073
2021-06-16,8793,1,6500,1,2293,0,7299,1,66828,43,74127,44,0,175,0,13,1,8605,0,231,184,"Anderson",76978,12.9907246226194,0.0214477211796247,57.1591883395256,1.29907246226194,16.8879420094053,2.14477211796247
2021-06-17,8793,0,6500,0,2293,0,7299,0,66914,86,74213,86,0,175,-1,12,1,8606,0,231,184,"Anderson",76978,7.79443477357167,0.0174563591022444,111.720231754527,0,15.5888695471433,1.74563591022444
2021-06-18,8795,2,6501,1,2294,1,7303,4,66964,50,74267,54,0,175,1,13,1,8607,0,231,184,"Anderson",76978,9.09350723583361,0.025062656641604,70.149912962145,2.59814492452389,16.8879420094053,2.5062656641604
2021-06-19,8795,0,6501,0,2294,0,7303,0,67012,48,74315,48,0,175,-1,12,1,8608,0,231,184,"Anderson",76978,7.79443477357167,0.0230179028132992,62.3554781885734,0,15.5888695471433,2.30179028132992
2021-06-20,8795,0,6501,0,2294,0,7304,1,67035,23,74339,24,0,175,-2,10,2,8610,0,231,184,"Anderson",76978,6.49536231130972,0.023936170212766,31.1777390942867,0,12.9907246226195,2.3936170212766
2021-06-21,8796,1,6501,0,2295,1,7304,0,67075,40,74379,40,0,175,0,10,1,8611,0,231,184,"Anderson",76978,5.19628984904778,0.0213414634146341,51.9628984904778,1.29907246226194,12.9907246226195,2.13414634146341
2021-06-22,8800,4,6502,1,2298,3,7304,0,67117,42,74421,42,0,175,2,12,2,8613,1,232,184,"Anderson",76978,10.3925796980956,0.0177514792899408,54.5610434150017,5.19628984904778,15.5888695471433,1.77514792899408
2021-06-23,8801,1,6503,1,2298,0,7305,1,67165,48,74470,49,0,175,1,13,0,8613,0,232,184,"Anderson",76978,10.3925796980956,0.0174927113702624,63.6545506508353,1.29907246226194,16.8879420094053,1.74927113702624
2021-06-24,8801,0,6503,0,2298,0,7306,1,67210,45,74516,46,0,175,-3,10,3,8616,0,232,184,"Anderson",76978,10.3925796980956,0.0231023102310231,59.7573332640495,0,12.9907246226195,2.31023102310231
2021-06-25,8802,1,6504,1,2298,0,7307,1,67246,36,74553,37,0,175,1,11,0,8616,0,232,184,"Anderson",76978,9.09350723583361,0.013986013986014,48.065681103692,1.29907246226194,14.2897970848814,1.3986013986014
2021-06-26,8803,1,6505,1,2298,0,7308,1,67279,33,74587,34,0,175,0,11,1,8617,0,232,184,"Anderson",76978,10.3925796980956,0.0183823529411765,44.1684637169061,1.29907246226194,14.2897970848814,1.83823529411765
2021-06-27,8803,0,6505,0,2298,0,7308,0,67311,32,74619,32,0,175,0,11,0,8617,0,232,184,"Anderson",76978,10.3925796980956,0.0142857142857143,41.5703187923822,0,14.2897970848814,1.42857142857143
2021-06-28,8804,1,6505,0,2299,1,7309,1,67327,16,74636,17,0,175,1,12,0,8617,0,232,184,"Anderson",76978,10.3925796980956,0.0194552529182879,22.0842318584531,1.29907246226194,15.5888695471433,1.94552529182879
2021-06-29,8807,3,6508,3,2299,0,7312,3,67386,59,74698,62,0,175,2,14,1,8618,0,232,184,"Anderson",76978,9.09350723583361,0.0288808664259928,80.5424926602406,3.89721738678583,18.1870144716672,2.88808664259928
2021-06-30,8807,0,6508,0,2299,0,7312,0,67432,46,74744,46,0,175,-1,13,1,8619,0,232,184,"Anderson",76978,7.79443477357167,0.0255474452554745,59.7573332640495,0,16.8879420094053,2.55474452554745
2021-07-01,8808,1,6509,1,2299,0,7313,1,67469,37,74782,38,0,175,1,14,0,8619,0,232,184,"Anderson",76978,9.09350723583361,0.0263157894736842,49.3647535659539,1.29907246226194,18.1870144716672,2.63157894736842
2021-07-02,8808,0,6509,0,2299,0,7313,0,67512,43,74825,43,0,175,0,14,0,8619,0,232,184,"Anderson",76978,7.79443477357167,0.0220588235294118,55.8601158772636,0,18.1870144716672,2.20588235294118
2021-07-03,8808,0,6509,0,2299,0,7313,0,67533,21,74846,21,0,175,-1,13,1,8620,0,232,184,"Anderson",76978,6.49536231130972,0.0193050193050193,27.2805217075008,0,16.8879420094053,1.93050193050193
2021-07-04,8809,1,6509,0,2300,1,7314,1,67558,25,74872,26,0,175,0,13,1,8621,0,232,184,"Anderson",76978,7.79443477357167,0.0237154150197628,33.7758840188106,1.29907246226194,16.8879420094053,2.37154150197628
2021-07-05,8809,0,6509,0,2300,0,7315,1,67573,15,74888,16,0,175,-1,12,1,8622,0,232,184,"Anderson",76978,6.49536231130972,0.0238095238095238,20.7851593961911,0,15.5888695471433,2.38095238095238
2021-07-06,8810,1,6509,0,2301,1,7315,0,67603,30,74918,30,1,176,-3,9,3,8625,0,232,184,"Anderson",76978,3.89721738678583,0.0136363636363636,38.9721738678584,1.29907246226194,11.6916521603575,1.36363636363636
2021-07-07,8811,1,6509,0,2302,1,7315,0,67649,46,74964,46,0,176,-2,7,3,8628,0,232,184,"Anderson",76978,5.19628984904778,0.0136363636363636,59.7573332640495,1.29907246226194,9.09350723583361,1.36363636363636
2021-07-08,8812,1,6510,1,2302,0,7316,1,67690,41,75006,42,0,176,-1,6,2,8630,0,232,184,"Anderson",76978,5.19628984904778,0.0133928571428571,54.5610434150017,1.29907246226194,7.79443477357167,1.33928571428571
2021-07-09,8814,2,6511,1,2303,1,7317,1,67734,44,75051,45,0,176,1,7,1,8631,0,232,184,"Anderson",76978,7.79443477357167,0.0176991150442478,58.4582608017875,2.59814492452389,9.09350723583361,1.76991150442478
2021-07-10,8816,2,6512,1,2304,1,7318,1,67756,22,75074,23,0,176,2,9,0,8631,1,233,184,"Anderson",76978,10.3925796980956,0.0219298245614035,29.8786666320247,2.59814492452389,11.6916521603575,2.19298245614035
2021-07-11,8816,0,6512,0,2304,0,7318,0,67771,15,75089,15,0,176,0,9,0,8631,0,233,184,"Anderson",76978,9.09350723583361,0.0184331797235023,19.4860869339292,0,11.6916521603575,1.84331797235023
2021-07-12,8824,8,6516,4,2308,4,7322,4,67807,36,75129,40,0,176,7,16,1,8632,1,234,184,"Anderson",76978,19.4860869339292,0.029045643153527,51.9628984904778,10.3925796980956,20.7851593961911,2.9045643153527
2021-07-13,8825,1,6516,0,2309,1,7322,0,67828,21,75150,21,0,176,0,16,1,8633,0,234,186,"Anderson",76978,19.4860869339292,0.0301724137931034,27.2805217075008,1.29907246226194,20.7851593961911,3.01724137931034
2021-07-14,8830,5,6521,5,2309,0,7327,5,67881,53,75208,58,0,176,5,21,0,8633,1,235,186,"Anderson",76978,24.682376782977,0.0491803278688525,75.3462028111928,6.49536231130973,27.2805217075008,4.91803278688525
2021-07-15,8833,3,6524,3,2309,0,7329,2,67914,33,75243,35,0,176,3,24,0,8633,0,235,186,"Anderson",76978,27.2805217075008,0.0548523206751055,45.4675361791681,3.89721738678583,31.1777390942867,5.48523206751055
2021-07-16,8843,10,6526,2,2317,8,7330,1,67942,28,75272,29,0,176,10,34,0,8633,0,235,186,"Anderson",76978,37.6731014055964,0.0588235294117647,37.6731014055964,12.9907246226195,44.1684637169061,5.88235294117647
2021-07-17,8848,5,6527,1,2321,4,7331,1,67978,36,75309,37,0,176,4,38,1,8634,0,235,186,"Anderson",76978,41.5703187923822,0.0553191489361702,48.065681103692,6.49536231130973,49.3647535659539,5.53191489361702
2021-07-18,8851,3,6529,2,2322,1,7333,2,67998,20,75331,22,0,176,-1,37,4,8638,0,235,186,"Anderson",76978,45.4675361791681,0.0619834710743802,28.5795941697628,3.89721738678583,48.065681103692,6.19834710743802
2021-07-19,8856,5,6533,4,2323,1,7337,4,68032,34,75369,38,0,176,3,40,2,8640,0,235,186,"Anderson",76978,41.5703187923822,0.0625,49.3647535659539,6.49536231130973,51.9628984904778,6.25
2021-07-20,8871,15,6544,11,2327,4,7348,11,68067,35,75415,46,0,176,10,50,5,8645,1,236,186,"Anderson",76978,59.7573332640495,0.0981132075471698,59.7573332640495,19.4860869339292,64.9536231130973,9.81132075471698
2021-07-21,8878,7,6548,4,2330,3,7353,5,68152,85,75505,90,0,176,5,55,2,8647,0,236,187,"Anderson",76978,62.3554781885734,0.0875420875420875,116.916521603575,9.09350723583361,71.448985424407,8.75420875420875
2021-07-22,8888,10,6553,5,2335,5,7357,4,68207,55,75564,59,0,176,9,64,1,8648,0,236,187,"Anderson",76978,71.448985424407,0.0872274143302181,76.6452752734548,12.9907246226195,83.1406375847645,8.72274143302181
2021-07-23,8898,10,6557,4,2341,6,7362,5,68278,71,75640,76,0,176,10,74,0,8648,0,236,187,"Anderson",76978,71.448985424407,0.0869565217391304,98.7295071319078,12.9907246226195,96.1313622073839,8.69565217391304
2021-07-24,8906,8,6561,4,2345,4,7366,4,68332,54,75698,58,0,176,7,81,1,8649,0,236,188,"Anderson",76978,75.3462028111928,0.089974293059126,75.3462028111928,10.3925796980956,105.224869443218,8.9974293059126
2021-07-25,8911,5,6564,3,2347,2,7367,1,68354,22,75721,23,0,176,2,83,3,8652,0,236,188,"Anderson",76978,77.9443477357167,0.0871794871794872,29.8786666320247,6.49536231130973,107.823014367741,8.71794871794872
2021-07-26,8934,23,6573,9,2361,14,7375,8,68404,50,75779,58,2,178,13,96,8,8660,0,236,188,"Anderson",76978,101.327652056432,0.0926829268292683,75.3462028111928,29.8786666320247,124.710956377147,9.26829268292683
2021-07-27,8949,15,6578,5,2371,10,7380,5,68457,53,75837,58,0,178,12,108,3,8663,0,236,188,"Anderson",76978,101.327652056432,0.0758293838862559,75.3462028111928,19.4860869339292,140.29982592429,7.58293838862559
2021-07-28,8969,20,6586,8,2383,12,7392,12,68540,83,75932,95,0,178,14,122,6,8669,0,236,188,"Anderson",76978,118.215594065837,0.0913348946135831,123.411883914885,25.9814492452389,158.486840395957,9.13348946135831
2021-07-29,8981,12,6596,10,2385,2,7404,12,68589,49,75993,61,0,178,8,130,4,8673,0,236,188,"Anderson",76978,120.813738990361,0.10955710955711,79.2434201979787,15.5888695471433,168.879420094053,10.955710955711
2021-07-30,9012,31,6617,21,2395,10,7427,23,68637,48,76064,71,0,178,19,149,12,8685,1,237,188,"Anderson",76978,148.094260697862,0.153301886792453,92.2341448205981,40.2712463301203,193.56179687703,15.3301886792453
2021-07-31,9025,13,6623,6,2402,7,7433,6,68679,42,76112,48,0,178,8,157,5,8690,0,237,188,"Anderson",76978,154.589623009171,0.161835748792271,62.3554781885734,16.8879420094053,203.954376575125,16.1835748792271
2021-08-01,9044,19,6635,12,2409,7,7448,15,68718,39,76166,54,0,178,14,171,5,8695,0,237,188,"Anderson",76978,172.776637480839,0.182022471910112,70.149912962145,24.682376782977,222.141391046793,18.2022471910112
2021-08-02,9055,11,6640,5,2415,6,7453,5,68797,79,76250,84,0,178,3,174,8,8703,0,237,188,"Anderson",76978,157.187767933695,0.165605095541401,109.122086830003,14.2897970848814,226.038608433578,16.5605095541401
2021-08-03,9078,23,6651,11,2427,12,7466,13,68869,72,76335,85,0,178,14,188,9,8712,1,238,188,"Anderson",76978,167.580347631791,0.172690763052209,110.421159292265,29.8786666320247,244.225622905246,17.2690763052209
2021-08-04,9104,26,6673,22,2431,4,7487,21,68971,102,76458,123,0,178,24,212,2,8714,0,238,188,"Anderson",76978,175.374782405363,0.180608365019011,159.785912858219,33.7758840188106,275.403361999532,18.0608365019011
2021-08-05,9134,30,6689,16,2445,14,7503,16,69068,97,76571,113,0,178,13,225,17,8731,1,239,188,"Anderson",76978,198.758086726078,0.171280276816609,146.7951882356,38.9721738678584,292.291304008938,17.1280276816609
2021-08-06,9159,25,6705,16,2454,9,7521,18,69211,143,76732,161,0,178,17,242,8,8739,1,240,188,"Anderson",76978,190.963651952506,0.140718562874251,209.150666424173,32.4768115565486,314.375535867391,14.0718562874251
2021-08-07,9172,13,6711,6,2461,7,7528,7,69286,75,76814,82,0,178,5,247,8,8747,0,240,188,"Anderson",76978,190.963651952506,0.135327635327635,106.523941905479,16.8879420094053,320.8708981787,13.5327635327635
2021-08-08,9186,14,6719,8,2467,6,7538,10,69338,52,76876,62,0,178,6,253,8,8755,0,240,188,"Anderson",76978,184.468289641196,0.126760563380282,80.5424926602406,18.1870144716672,328.665332952272,12.6760563380282
2021-08-09,9222,36,6738,19,2484,17,7557,19,69437,99,76994,118,0,178,16,269,20,8775,0,240,188,"Anderson",76978,216.945101197745,0.139784946236559,153.29055054691,46.76660864143,349.450492348463,13.9784946236559
2021-08-10,9261,39,6758,20,2503,19,7577,20,69537,100,77114,120,0,178,20,289,19,8794,2,242,188,"Anderson",76978,237.730260593936,0.142490372272144,155.888695471433,50.6638260282159,375.431941593702,14.2490372272144
2021-08-11,9315,54,6782,24,2533,30,7606,29,69669,132,77275,161,0,178,30,319,24,8818,1,243,188,"Anderson",76978,274.10428953727,0.145654834761322,209.150666424173,70.149912962145,414.40411546156,14.5654834761322
2021-08-12,9363,48,6818,36,2545,12,7643,37,69836,167,77479,204,0,178,27,346,21,8839,0,243,190,"Anderson",76978,297.487593857985,0.154185022026432,265.010782301437,62.3554781885734,449.479071942633,15.4185022026432
2021-08-13,9426,63,6853,35,2573,28,7681,38,69950,114,77631,152,2,180,45,391,16,8855,1,244,191,"Anderson",76978,346.852347423939,0.17797552836485,197.459014263816,81.8415651225025,507.93733274442,17.797552836485
2021-08-14,9476,50,6888,35,2588,15,7713,32,70136,186,77849,218,0,180,29,420,21,8876,0,244,191,"Anderson",76978,394.918028527631,0.178743961352657,283.197796773104,64.9536231130973,545.610434150017,17.8743961352657
2021-08-15,9499,23,6901,13,2598,10,7728,15,70225,89,77953,104,0,180,16,436,7,8883,0,244,191,"Anderson",76978,406.609680687989,0.176415970287837,135.103536075242,29.8786666320247,566.395593546208,17.6415970287837
2021-08-16,9537,38,6925,24,2612,14,7752,24,70314,89,78066,113,0,180,11,447,27,8910,0,244,192,"Anderson",76978,409.207825612513,0.181902985074627,146.7951882356,49.3647535659539,580.685390631089,18.1902985074627
2021-08-17,9580,43,6946,21,2634,22,7776,24,70422,108,78198,132,1,181,14,461,28,8938,0,244,192,"Anderson",76978,414.40411546156,0.183579335793358,171.477565018577,55.8601158772636,598.872405102757,18.3579335793358
2021-08-18,9632,52,6973,27,2659,25,7807,31,70533,111,78340,142,0,181,15,476,37,8975,0,244,193,"Anderson",76978,411.805970537037,0.188732394366197,184.468289641196,67.5517680376211,618.358492036686,18.8732394366197
2021-08-19,9706,74,7006,33,2700,41,7842,35,70685,152,78527,187,0,181,48,524,26,9001,0,244,193,"Anderson",76978,445.581854555847,0.189885496183206,242.926550442984,96.1313622073839,680.713970225259,18.9885496183206
2021-08-20,9766,60,7048,42,2718,18,7886,44,70879,194,78765,238,0,181,26,550,34,9035,2,246,193,"Anderson",76978,441.684637169061,0.180776014109347,309.179246018343,77.9443477357167,714.48985424407,18.0776014109347
2021-08-21,9848,82,7082,34,2766,48,7920,34,71153,274,79073,308,0,181,61,611,21,9056,1,247,193,"Anderson",76978,483.254955961444,0.169117647058824,400.114318376679,106.523941905479,793.733274442048,16.9117647058824
2021-08-22,9870,22,7103,21,2767,1,7948,28,71309,156,79257,184,0,181,-3,608,25,9081,0,247,193,"Anderson",76978,481.955883499182,0.168711656441718,239.029333056198,28.5795941697628,789.836057055263,16.8711656441718
2021-08-23,9918,48,7117,14,2801,34,7965,17,71444,135,79409,152,0,181,-4,604,52,9133,2,249,194,"Anderson",76978,494.946608121801,0.158600148920328,197.459014263816,62.3554781885734,784.639767206215,15.8600148920328
2021-08-24,9962,44,7144,27,2818,17,7989,24,71530,86,79519,110,1,182,-23,581,66,9199,0,249,195,"Anderson",76978,496.245680584063,0.161241483724451,142.897970848814,57.1591883395256,754.76110057419,16.1241483724451
2021-08-25,10033,71,7170,26,2863,45,8011,22,71574,44,79585,66,0,182,15,596,56,9255,1,250,195,"Anderson",76978,520.92805736704,0.163855421686747,85.7387825092884,92.2341448205981,774.247187508119,16.3855421686747
2021-08-26,10101,68,7206,36,2895,32,8055,44,71746,172,79801,216,1,183,15,611,52,9307,2,252,196,"Anderson",76978,513.133622593468,0.167189952904239,280.59965184858,88.3369274338123,793.733274442048,16.7189952904239
2021-08-27,10176,75,7261,55,2915,20,8116,61,71923,177,80039,238,0,183,29,640,46,9353,0,252,196,"Anderson",76978,532.619709527397,0.180533751962323,309.179246018343,97.4304346696459,831.406375847645,18.0533751962323
2021-08-28,10233,57,7291,30,2942,27,8155,39,72127,204,80282,243,0,183,29,669,28,9381,0,252,196,"Anderson",76978,500.142897970849,0.194375516956162,315.674608329653,74.0471303489309,869.079477253241,19.4375516956162
2021-08-29,10296,63,7339,48,2957,15,8207,52,72338,211,80545,263,0,183,39,708,24,9405,1,253,197,"Anderson",76978,553.404868923589,0.201086956521739,341.656057574892,81.8415651225025,919.743303281457,20.1086956521739
2021-08-30,10367,71,7385,46,2982,25,8255,48,72564,226,80819,274,0,183,3,711,68,9473,3,256,197,"Anderson",76978,583.283535555613,0.205673758865248,355.945854659773,92.2341448205981,923.640520668243,20.5673758865248
2021-08-31,10500,133,7466,81,3034,52,8341,86,72821,257,81162,343,0,183,47,758,86,9559,0,256,198,"Anderson",76978,698.900984696926,0.214242239805234,445.581854555847,172.776637480839,984.696926394554,21.4242239805234
2021-09-01,10530,30,7488,22,3042,8,8365,24,72912,91,81277,115,0,183,-18,740,48,9607,0,256,199,"Anderson",76978,645.639013744187,0.209219858156028,149.393333160124,38.9721738678584,961.313622073839,20.9219858156028
2021-09-02,10589,59,7514,26,3075,33,8394,29,73013,101,81407,130,1,184,-9,731,67,9674,0,256,199,"Anderson",76978,633.947361583829,0.211083437110834,168.879420094053,76.6452752734548,949.621969913482,21.1083437110834
2021-09-03,10618,29,7532,18,3086,11,8412,18,73086,73,81498,91,0,184,-38,693,67,9741,0,256,199,"Anderson",76978,574.19002831978,0.202878684030158,118.215594065837,37.6731014055964,900.257216347528,20.2878684030158
2021-09-04,10725,107,7602,70,3123,37,8488,76,73407,321,81895,397,0,184,76,769,31,9772,1,257,199,"Anderson",76978,639.143651432877,0.206447613143211,515.731767517992,139.000753462028,998.986723479436,20.6447613143211
2021-09-05,10837,112,7676,74,3161,38,8564,76,73711,304,82275,380,0,184,76,845,36,9808,1,258,200,"Anderson",76978,702.798202083712,0.20635838150289,493.647535659539,145.496115773338,1097.71623061134,20.635838150289
2021-09-06,10952,115,7753,77,3199,38,8651,87,74118,407,82769,494,0,184,-3,842,118,9926,3,261,201,"Anderson",76978,759.957390423238,0.203076923076923,641.741796357401,149.393333160124,1093.81901322456,20.3076923076923
2021-09-07,10989,37,7773,20,3216,17,8669,18,74217,99,82886,117,0,184,-73,769,110,10036,0,261,201,"Anderson",76978,635.246434046091,0.190255220417633,151.991478084648,48.065681103692,998.986723479436,19.0255220417633
2021-09-08,11030,41,7804,31,3226,10,8701,32,74324,107,83025,139,0,184,-54,715,95,10131,2,263,204,"Anderson",76978,649.536231130973,0.192219679633867,180.57107225441,53.2619709527397,928.836810517291,19.2219679633867
2021-09-09,11088,58,7825,21,3263,37,8719,18,74530,206,83249,224,0,184,-42,673,100,10231,1,264,207,"Anderson",76978,648.237158668711,0.176438653637351,290.992231546676,75.3462028111928,874.275767102289,17.6438653637351
2021-09-10,11240,152,7898,73,3342,79,8800,81,74823,293,83623,374,1,185,65,738,86,10317,2,266,208,"Anderson",76978,808.02307152693,0.182588235294118,485.853100885967,197.459014263816,958.715477149315,18.2588235294118
2021-09-11,11355,115,7960,62,3395,53,8869,69,75169,346,84038,415,0,185,82,820,33,10350,1,267,208,"Anderson",76978,818.415651225025,0.177788147456836,539.115071838707,149.393333160124,1065.23941905479,17.7788147456836
2021-09-12,11393,38,7992,32,3401,6,8904,35,75312,143,84216,178,0,185,5,825,33,10383,4,271,209,"Anderson",76978,722.284289017641,0.175167439464194,231.234898282626,49.3647535659539,1071.7347813661,17.5167439464194
2021-09-13,11481,88,8026,34,3455,54,8938,34,75442,130,84380,164,4,189,-48,777,132,10515,3,274,209,"Anderson",76978,687.209332536569,0.178150217256363,213.047883810959,114.318376679051,1009.37930317753,17.8150217256363
2021-09-14,11541,60,8056,30,3485,30,8973,35,75601,159,84574,194,1,190,-47,730,106,10621,1,275,209,"Anderson",76978,717.087999168594,0.180094786729858,252.020057678817,77.9443477357167,948.32289745122,18.0094786729858
2021-09-15,11580,39,8072,16,3508,23,8987,14,75662,61,84649,75,0,190,-43,687,82,10703,1,276,210,"Anderson",76978,714.48985424407,0.176108374384236,97.4304346696459,50.6638260282159,892.462781573956,17.6108374384236
2021-09-16,11666,86,8127,55,3539,31,9043,56,75884,222,84927,278,0,190,26,713,60,10763,1,277,210,"Anderson",76978,750.863883187404,0.193087008343266,361.142144508821,111.720231754527,926.238665592767,19.3087008343266
2021-09-17,11738,72,8168,41,3570,31,9080,37,76047,163,85127,200,0,190,13,726,59,10822,1,278,214,"Anderson",76978,646.938086206449,0.186170212765957,259.814492452389,93.53321728286,943.126607602172,18.6170212765957
2021-09-18,11790,52,8198,30,3592,22,9113,33,76201,154,85314,187,0,190,7,733,45,10867,1,279,215,"Anderson",76978,565.096521083946,0.191222570532915,242.926550442984,67.5517680376211,952.220114838006,19.1222570532915
2021-09-19,11813,23,8207,9,3606,14,9123,10,76269,68,85392,78,0,190,-18,715,41,10908,0,279,215,"Anderson",76978,545.610434150017,0.186224489795918,101.327652056432,29.8786666320247,928.836810517291,18.6224489795918
2021-09-20,11876,63,8242,35,3634,28,9159,36,76455,186,85614,222,0,190,23,738,40,10948,3,282,215,"Anderson",76978,513.133622593468,0.179092382495948,288.394086622152,81.8415651225025,958.715477149315,17.9092382495948
2021-09-21,11930,54,8268,26,3662,28,9183,24,76573,118,85756,142,0,190,-56,682,110,11058,1,283,216,"Anderson",76978,505.339187819897,0.177664974619289,184.468289641196,70.149912962145,885.967419262646,17.7664974619289
2021-09-22,11981,51,8302,34,3679,17,9223,40,76845,272,86068,312,0,190,-39,643,90,11148,0,283,218,"Anderson",76978,520.92805736704,0.16631430584919,405.310608225727,66.2526955753592,835.303593234431,16.631430584919
2021-09-23,12056,75,8350,48,3706,27,9274,51,77053,208,86327,259,2,192,-10,633,83,11231,1,284,218,"Anderson",76978,506.638260282159,0.165,336.459767725844,97.4304346696459,822.312868611811,16.5
2021-09-24,12096,40,8371,21,3725,19,9299,25,77193,140,86492,165,2,194,-19,614,57,11288,1,285,221,"Anderson",76978,465.067941489776,0.16043956043956,214.346956273221,51.9628984904778,797.630491828834,16.043956043956
2021-09-25,12106,10,8375,4,3731,6,9305,6,77288,95,86593,101,0,194,-36,578,46,11334,0,285,221,"Anderson",76978,410.506898074775,0.150117279124316,131.206318688456,12.9907246226195,750.863883187404,15.0117279124316
2021-09-26,12124,18,8390,15,3734,3,9323,18,77425,137,86748,155,1,195,-12,566,29,11363,0,285,221,"Anderson",76978,404.011535763465,0.147492625368732,201.356231650601,23.383304320715,735.275013640261,14.7492625368732
2021-09-27,12174,50,8411,21,3763,29,9345,22,77511,86,86856,108,1,196,-43,523,92,11455,1,286,222,"Anderson",76978,387.12359375406,0.14975845410628,140.29982592429,64.9536231130973,679.414897762997,14.975845410628
2021-09-28,12223,49,8435,24,3788,25,9372,27,77606,95,86978,122,0,196,-28,495,77,11532,1,287,222,"Anderson",76978,380.62823144275,0.154664484451718,158.486840395957,63.6545506508353,643.040868819663,15.4664484451718
2021-09-29,12259,36,8451,16,3808,20,9389,17,77797,191,87186,208,2,198,-37,458,71,11603,0,287,224,"Anderson",76978,361.142144508821,0.148479427549195,270.207072150485,46.76660864143,594.975187715971,14.8479427549195
2021-09-30,12321,62,8489,38,3832,24,9429,40,77969,172,87398,212,0,198,3,461,59,11662,1,288,225,"Anderson",76978,344.254202499415,0.144724556489262,275.403361999532,80.5424926602406,598.872405102757,14.4724556489262
2021-10-01,12372,51,8516,27,3856,24,9458,29,78120,151,87578,180,0,198,-12,449,63,11725,1,289,226,"Anderson",76978,358.543999584297,0.146408839779006,233.83304320715,66.2526955753592,583.283535555613,14.6408839779006
2021-10-02,12389,17,8523,7,3866,10,9464,6,78200,80,87664,86,1,199,-10,439,26,11751,0,289,228,"Anderson",76978,367.63750682013,0.148459383753501,111.720231754527,22.0842318584531,570.292810932994,14.8459383753501
2021-10-03,12402,13,8532,9,3870,4,9473,9,78298,98,87771,107,4,203,-10,429,19,11770,0,289,228,"Anderson",76978,361.142144508821,0.146627565982405,139.000753462028,16.8879420094053,557.302086310374,14.6627565982405
2021-10-04,12446,44,8555,23,3891,21,9499,26,78418,120,87917,146,1,204,-22,407,65,11835,0,289,230,"Anderson",76978,353.347709735249,0.145146088595664,189.664579490244,57.1591883395256,528.722492140612,14.5146088595664
2021-10-05,12499,53,8584,29,3915,24,9529,30,78546,128,88075,158,2,206,-15,392,66,11901,0,289,231,"Anderson",76978,358.543999584297,0.143117593436645,205.253449037387,68.8508404998831,509.236405206682,14.3117593436645
2021-10-06,12529,30,8607,23,3922,7,9555,26,78711,165,88266,191,1,207,-5,387,34,11935,0,289,232,"Anderson",76978,350.749564810725,0.153703703703704,248.122840292031,38.9721738678584,502.741042895373,15.3703703703704
2021-10-07,12561,32,8629,22,3932,10,9580,25,78850,139,88430,164,0,207,-9,378,41,11976,0,289,234,"Anderson",76978,311.777390942867,0.146317829457364,213.047883810959,41.5703187923822,491.049390735015,14.6317829457364
2021-10-08,12578,17,8634,5,3944,12,9590,10,78980,130,88570,140,1,208,-13,365,29,12005,1,290,234,"Anderson",76978,267.608927225961,0.133064516129032,181.870144716672,22.0842318584531,474.16144872561,13.3064516129032
2021-10-09,12593,15,8637,3,3956,12,9597,7,79042,62,88639,69,0,208,-12,353,27,12032,0,290,235,"Anderson",76978,265.010782301437,0.136410256410256,89.6359998960742,19.4860869339292,458.572579178467,13.6410256410256
2021-10-10,12603,10,8645,8,3958,2,9606,9,79129,87,88735,96,0,208,-15,338,25,12057,0,290,235,"Anderson",76978,261.113564914651,0.137966804979253,124.710956377147,12.9907246226195,439.086492244537,13.7966804979253
2021-10-11,12643,40,8659,14,3984,26,9619,13,79230,101,88849,114,0,208,-12,326,52,12109,1,291,235,"Anderson",76978,255.917275065603,0.128755364806867,148.094260697862,51.9628984904778,423.497622697394,12.8755364806867
2021-10-12,12678,35,8683,24,3995,11,9641,22,79329,99,88970,121,2,210,-10,316,43,12152,3,294,235,"Anderson",76978,232.533970744888,0.125139664804469,157.187767933695,45.4675361791681,410.506898074775,12.5139664804469
2021-10-13,12704,26,8697,14,4007,12,9659,18,79441,112,89100,130,0,210,-15,301,41,12193,1,295,238,"Anderson",76978,227.33768089584,0.124700239808153,168.879420094053,33.7758840188106,391.020811140845,12.4700239808153
2021-10-14,12723,19,8707,10,4016,9,9673,14,79544,103,89217,117,1,211,-21,280,39,12232,0,295,238,"Anderson",76978,210.449738886435,0.118170266836086,151.991478084648,24.682376782977,363.740289433345,11.8170266836086
2021-10-15,12746,23,8719,12,4027,11,9686,13,79666,122,89352,135,0,211,-15,265,38,12270,1,296,238,"Anderson",76978,218.244173660007,0.122762148337596,175.374782405363,29.8786666320247,344.254202499415,12.2762148337596
2021-10-16,12754,8,8724,5,4030,3,9693,7,79721,55,89414,62,0,211,-15,250,23,12293,1,297,238,"Anderson",76978,209.150666424173,0.123870967741935,80.5424926602406,10.3925796980956,324.768115565486,12.3870967741935
2021-10-17,12756,2,8725,1,4031,1,9694,1,79772,51,89466,52,0,211,-11,239,13,12306,0,297,238,"Anderson",76978,198.758086726078,0.120383036935705,67.5517680376211,2.59814492452389,310.478318480605,12.0383036935705
2021-10-18,12780,24,8735,10,4045,14,9705,11,79840,68,89545,79,1,212,-26,213,49,12355,1,298,238,"Anderson",76978,177.972927329886,0.123563218390805,102.626724518694,31.1777390942867,276.702434461794,12.3563218390805
2021-10-19,12809,29,8748,13,4061,16,9716,11,79951,111,89667,122,2,214,-17,196,44,12399,0,298,238,"Anderson",76978,170.178492556315,0.107604017216643,158.486840395957,37.6731014055964,254.618202603341,10.7604017216643
2021-10-20,12844,35,8774,26,4070,9,9745,29,80062,111,89807,140,0,214,12,208,23,12422,1,299,239,"Anderson",76978,181.870144716672,0.121640735502122,181.870144716672,45.4675361791681,270.207072150485,12.1640735502122
2021-10-21,12876,32,8792,18,4084,14,9763,18,80155,93,89918,111,0,214,11,219,21,12443,1,300,240,"Anderson",76978,198.758086726078,0.128388017118402,144.197043311076,41.5703187923822,284.496869235366,12.8388017118402
2021-10-22,12885,9,8798,6,4087,3,9771,8,80231,76,90002,84,0,214,-22,197,31,12474,1,301,240,"Anderson",76978,180.57107225441,0.130769230769231,109.122086830003,11.6916521603575,255.917275065603,13.0769230769231
2021-10-23,12902,17,8802,4,4100,13,9775,4,80284,53,90059,57,0,214,3,200,14,12488,1,302,240,"Anderson",76978,192.262724414768,0.127131782945736,74.0471303489309,22.0842318584531,259.814492452389,12.7131782945736
2021-10-24,12908,6,8807,5,4101,1,9782,7,80336,52,90118,59,0,214,-10,190,16,12504,0,302,241,"Anderson",76978,197.459014263816,0.134969325153374,76.6452752734548,7.79443477357167,246.82376782977,13.4969325153374
2021-10-25,12932,24,8820,13,4112,11,9796,14,80407,71,90203,85,1,215,-8,182,31,12535,2,304,241,"Anderson",76978,197.459014263816,0.138297872340426,110.421159292265,31.1777390942867,236.431188131674,13.8297872340426
2021-10-26,12944,12,8826,6,4118,6,9802,6,80471,64,90273,70,0,215,-9,173,21,12556,0,304,242,"Anderson",76978,175.374782405363,0.141914191419142,90.9350723583361,15.5888695471433,224.739535971316,14.1914191419142
2021-10-27,12961,17,8836,10,4125,7,9815,13,80592,121,90407,134,1,216,-5,168,21,12577,2,306,244,"Anderson",76978,151.991478084648,0.116666666666667,174.075709943101,22.0842318584531,218.244173660007,11.6666666666667
2021-10-28,12983,22,8850,14,4133,8,9832,17,80674,82,90506,99,1,217,7,175,14,12591,0,306,245,"Anderson",76978,139.000753462028,0.11734693877551,128.608173763933,28.5795941697628,227.33768089584,11.734693877551
2021-10-29,13004,21,8861,11,4143,10,9844,12,80788,114,90632,126,0,217,7,182,14,12605,1,307,245,"Anderson",76978,154.589623009171,0.115873015873016,163.683130245005,27.2805217075008,236.431188131674,11.5873015873016
2021-10-30,13016,12,8865,4,4151,8,9849,5,80875,87,90724,92,0,217,0,182,12,12617,1,308,245,"Anderson",76978,148.094260697862,0.111278195488722,119.514666528099,15.5888695471433,236.431188131674,11.1278195488722
2021-10-31,13019,3,8867,2,4152,1,9852,3,80914,39,90766,42,0,217,-8,174,11,12628,0,308,245,"Anderson",76978,144.197043311076,0.108024691358025,54.5610434150017,3.89721738678583,226.038608433578,10.8024691358025
2021-11-01,13046,27,8872,5,4174,22,9856,4,81002,88,90858,92,1,218,-15,159,41,12669,1,309,246,"Anderson",76978,148.094260697862,0.0916030534351145,119.514666528099,35.0749564810725,206.552521499649,9.16030534351145
2021-11-02,13066,20,8877,5,4189,15,9861,5,81078,76,90939,81,2,220,-6,153,24,12693,1,310,246,"Anderson",76978,158.486840395957,0.0885885885885886,105.224869443218,25.9814492452389,198.758086726078,8.85885885885886
2021-11-03,13096,30,8895,18,4201,12,9879,18,81278,200,91157,218,1,221,11,164,18,12711,0,310,246,"Anderson",76978,175.374782405363,0.0853333333333333,283.197796773104,38.9721738678584,213.047883810959,8.53333333333333
2021-11-04,13118,22,8910,15,4208,7,9895,16,81411,133,91306,149,0,221,6,170,16,12727,0,310,246,"Anderson",76978,175.374782405363,0.07875,193.56179687703,28.5795941697628,220.842318584531,7.875
2021-11-05,13128,10,8913,3,4215,7,9896,1,81533,122,91429,123,0,221,3,173,7,12734,0,310,246,"Anderson",76978,161.084985320481,0.0652446675031368,159.785912858219,12.9907246226195,224.739535971316,6.52446675031368
2021-11-06,13137,9,8917,4,4220,5,9901,5,81620,87,91521,92,0,221,-4,169,13,12747,3,313,247,"Anderson",76978,157.187767933695,0.0652446675031368,119.514666528099,11.6916521603575,219.543246122269,6.52446675031368
2021-11-07,13143,6,8922,5,4221,1,9907,6,81668,48,91575,54,0,221,-4,165,10,12757,0,313,247,"Anderson",76978,161.084985320481,0.0679851668726823,70.149912962145,7.79443477357167,214.346956273221,6.79851668726823
2021-11-08,13168,25,8933,11,4235,14,9920,13,81756,88,91676,101,1,222,-1,164,25,12782,0,313,247,"Anderson",76978,158.486840395957,0.078239608801956,131.206318688456,32.4768115565486,213.047883810959,7.8239608801956
2021-11-09,13191,23,8940,7,4251,16,9926,6,81914,158,91840,164,1,223,6,170,16,12798,0,313,248,"Anderson",76978,162.384057782743,0.072142064372919,213.047883810959,29.8786666320247,220.842318584531,7.2142064372919
2021-11-10,13209,18,8952,12,4257,6,9939,13,82030,116,91969,129,0,223,4,174,14,12812,1,314,250,"Anderson",76978,146.7951882356,0.0738916256157636,167.580347631791,23.383304320715,226.038608433578,7.38916256157635
2021-11-11,13232,23,8970,18,4262,5,9957,18,82220,190,92177,208,0,223,2,176,21,12833,0,314,251,"Anderson",76978,148.094260697862,0.0711825487944891,270.207072150485,29.8786666320247,228.636753358102,7.11825487944891
2021-11-12,13245,13,8978,8,4267,5,9965,8,82353,133,92318,141,0,223,1,177,12,12845,1,315,251,"Anderson",76978,151.991478084648,0.077615298087739,183.169217178934,16.8879420094053,229.935825820364,7.7615298087739
2021-11-13,13252,7,8982,4,4270,3,9969,4,82404,51,92373,55,3,226,-10,167,14,12859,1,316,252,"Anderson",76978,149.393333160124,0.07981220657277,71.448985424407,9.09350723583361,216.945101197745,7.981220657277
2021-11-14,13254,2,8984,2,4270,0,9972,3,82483,79,92455,82,0,226,-4,163,6,12865,0,316,252,"Anderson",76978,144.197043311076,0.0738636363636364,106.523941905479,2.59814492452389,211.748811348697,7.38636363636364
2021-11-15,13286,32,8998,14,4288,18,9986,14,82568,85,92554,99,0,226,5,168,27,12892,0,316,253,"Anderson",76978,153.29055054691,0.0751708428246014,128.608173763933,41.5703187923822,218.244173660007,7.51708428246014
2021-11-16,13311,25,9011,13,4300,12,9999,13,82694,126,92693,139,1,227,-2,166,26,12918,0,316,254,"Anderson",76978,155.888695471433,0.0855803048065651,180.57107225441,32.4768115565486,215.646028735483,8.55803048065651
2021-11-17,13328,17,9020,9,4308,8,10008,9,82808,114,92816,123,0,227,-3,163,20,12938,2,318,256,"Anderson",76978,154.589623009171,0.0814639905548996,159.785912858219,22.0842318584531,211.748811348697,8.14639905548996
2021-11-18,13351,23,9034,14,4317,9,10026,18,82943,135,92969,153,4,231,4,167,15,12953,0,318,258,"Anderson",76978,154.589623009171,0.0871212121212121,198.758086726078,29.8786666320247,216.945101197745,8.71212121212121
2021-11-19,13365,14,9040,6,4325,8,10033,7,83052,109,93085,116,1,232,2,169,11,12964,0,318,258,"Anderson",76978,155.888695471433,0.0886571056062582,150.692405622386,18.1870144716672,219.543246122269,8.86571056062582
2021-11-20,13374,9,9045,5,4329,4,10038,5,83145,93,93183,98,0,232,-9,160,18,12982,0,318,259,"Anderson",76978,158.486840395957,0.0851851851851852,127.309101301671,11.6916521603575,207.851593961911,8.51851851851852
2021-11-21,13386,12,9051,6,4335,6,10044,6,83185,40,93229,46,0,232,4,164,8,12990,0,318,259,"Anderson",76978,171.477565018577,0.0930232558139535,59.7573332640495,15.5888695471433,213.047883810959,9.30232558139535
2021-11-22,13414,28,9068,17,4346,11,10062,18,83307,122,93369,140,1,233,6,170,21,13011,0,318,259,"Anderson",76978,166.281275169529,0.0932515337423313,181.870144716672,36.3740289433345,220.842318584531,9.32515337423313
2021-11-23,13431,17,9074,6,4357,11,10067,5,83404,97,93471,102,0,233,-4,166,21,13032,1,319,261,"Anderson",76978,155.888695471433,0.0874035989717224,132.505391150718,22.0842318584531,215.646028735483,8.74035989717224
2021-11-24,13456,25,9090,16,4366,9,10079,12,83514,110,93593,122,1,234,6,172,18,13050,1,320,261,"Anderson",76978,166.281275169529,0.0913770913770914,158.486840395957,32.4768115565486,223.440463509055,9.13770913770914
2021-11-25,13461,5,9092,2,4369,3,10080,1,83559,45,93639,46,0,234,-12,160,17,13067,2,322,261,"Anderson",76978,142.897970848814,0.0805970149253731,59.7573332640495,6.49536231130973,207.851593961911,8.05970149253731
2021-11-26,13468,7,9098,6,4370,1,10089,9,83602,43,93691,52,0,234,-7,153,14,13081,0,322,262,"Anderson",76978,133.80446361298,0.0924092409240924,67.5517680376211,9.09350723583361,198.758086726078,9.24092409240924
2021-11-27,13473,5,9100,2,4373,3,10091,2,83638,36,93729,38,0,234,-8,145,13,13094,0,322,262,"Anderson",76978,128.608173763933,0.0970695970695971,49.3647535659539,6.49536231130973,188.365507027982,9.70695970695971
2021-11-28,13483,10,9101,1,4382,9,10092,1,83676,38,93768,39,0,234,-11,134,21,13115,0,322,262,"Anderson",76978,126.010028839409,0.0890538033395176,50.6638260282159,12.9907246226195,174.075709943101,8.90538033395176
2021-11-29,13510,27,9116,15,4394,12,10108,16,83755,79,93863,95,0,234,13,147,14,13129,0,322,262,"Anderson",76978,124.710956377147,0.0931174089068826,123.411883914885,35.0749564810725,190.963651952506,9.31174089068826
2021-11-30,13537,27,9130,14,4407,13,10120,12,83857,102,93977,114,0,234,14,161,13,13142,1,323,262,"Anderson",76978,137.701680999766,0.104743083003953,148.094260697862,35.0749564810725,209.150666424173,10.4743083003953
2021-12-01,13568,31,9148,18,4420,13,10138,18,83964,107,94102,125,0,234,15,176,16,13158,2,325,262,"Anderson",76978,145.496115773338,0.115913555992141,162.384057782743,40.2712463301203,228.636753358102,11.5913555992141
2021-12-02,13610,42,9172,24,4438,18,10164,26,84102,138,94266,164,0,234,23,199,19,13177,0,325,265,"Anderson",76978,193.56179687703,0.133971291866029,213.047883810959,54.5610434150017,258.515419990127,13.3971291866029
2021-12-03,13641,31,9190,18,4451,13,10183,19,84289,187,94472,206,1,235,17,216,13,13190,1,326,265,"Anderson",76978,224.739535971316,0.120358514724712,267.608927225961,40.2712463301203,280.59965184858,12.0358514724712
2021-12-04,13661,20,9203,13,4458,7,10197,14,84358,69,94555,83,0,235,8,224,12,13202,0,326,265,"Anderson",76978,244.225622905246,0.128329297820823,107.823014367741,25.9814492452389,290.992231546676,12.8329297820823
2021-12-05,13674,13,9205,2,4469,11,10199,2,84400,42,94599,44,0,235,0,224,13,13215,0,326,265,"Anderson",76978,248.122840292031,0.128760529482551,57.1591883395256,16.8879420094053,290.992231546676,12.8760529482551
2021-12-06,13709,35,9225,20,4484,15,10221,22,84502,102,94723,124,2,237,6,230,27,13242,1,327,265,"Anderson",76978,258.515419990127,0.131395348837209,161.084985320481,45.4675361791681,298.786666320247,13.1395348837209
2021-12-07,13738,29,9240,15,4498,14,10237,16,84597,95,94834,111,0,237,18,248,11,13253,0,327,265,"Anderson",76978,261.113564914651,0.136522753792299,144.197043311076,37.6731014055964,322.169970640962,13.6522753792299
2021-12-08,13765,27,9261,21,4504,6,10257,20,84718,121,94975,141,0,237,17,265,10,13263,2,329,265,"Anderson",76978,255.917275065603,0.13631156930126,183.169217178934,35.0749564810725,344.254202499415,13.631156930126
2021-12-09,13793,28,9277,16,4516,12,10274,17,84928,210,95202,227,0,237,12,277,16,13279,1,330,265,"Anderson",76978,237.730260593936,0.117521367521368,294.889448933461,36.3740289433345,359.843072046559,11.7521367521368
2021-12-10,13822,29,9294,17,4528,12,10291,17,85081,153,95372,170,0,237,10,287,19,13298,2,332,265,"Anderson",76978,235.132115669412,0.12,220.842318584531,37.6731014055964,372.833796669178,12
2021-12-11,13832,10,9299,5,4533,5,10297,6,85156,75,95453,81,0,237,-2,285,12,13310,0,332,266,"Anderson",76978,222.141391046793,0.111358574610245,105.224869443218,12.9907246226195,370.235651744654,11.1358574610245
2021-12-12,13852,20,9310,11,4542,9,10309,12,85226,70,95535,82,0,237,2,287,18,13328,0,332,266,"Anderson",76978,231.234898282626,0.117521367521368,106.523941905479,25.9814492452389,372.833796669178,11.7521367521368
2021-12-13,13881,29,9316,6,4565,23,10316,7,85301,75,95617,82,0,237,-9,278,38,13366,0,332,269,"Anderson",76978,223.440463509055,0.106263982102908,106.523941905479,37.6731014055964,361.142144508821,10.6263982102908
2021-12-14,13895,14,9321,5,4574,9,10322,6,85380,79,95702,85,3,240,-10,268,21,13387,1,333,269,"Anderson",76978,203.954376575125,0.097926267281106,110.421159292265,18.1870144716672,348.151419886201,9.7926267281106
2021-12-15,13921,26,9335,14,4586,12,10337,15,85509,129,95846,144,0,240,-2,266,28,13415,0,333,270,"Anderson",76978,202.655304112863,0.0918484500574053,187.06643456572,33.7758840188106,345.553274961677,9.18484500574053
2021-12-16,13949,28,9345,10,4604,18,10352,15,85604,95,95956,110,0,240,5,271,23,13438,2,335,270,"Anderson",76978,202.655304112863,0.103448275862069,142.897970848814,36.3740289433345,352.048637272987,10.3448275862069
2021-12-17,13980,31,9368,23,4612,8,10374,22,85759,155,96133,177,1,241,0,271,30,13468,0,335,271,"Anderson",76978,205.253449037387,0.109067017082786,229.935825820364,40.2712463301203,352.048637272987,10.9067017082786
2021-12-18,13991,11,9377,9,4614,2,10384,10,85841,82,96225,92,0,241,1,272,10,13478,0,335,271,"Anderson",76978,206.552521499649,0.112694300518135,119.514666528099,14.2897970848814,353.347709735249,11.2694300518135
2021-12-19,14005,14,9385,8,4620,6,10395,11,85921,80,96316,91,0,241,-9,263,23,13501,0,335,271,"Anderson",76978,198.758086726078,0.1101152368758,118.215594065837,18.1870144716672,341.656057574892,11.01152368758
2021-12-20,14029,24,9401,16,4628,8,10409,14,86007,86,96416,100,0,241,-5,258,29,13530,0,335,272,"Anderson",76978,192.262724414768,0.11639549436796,129.907246226195,31.1777390942867,335.160695263582,11.639549436796
2021-12-21,14057,28,9409,8,4648,20,10420,11,86088,81,96508,92,0,241,2,260,26,13556,0,335,272,"Anderson",76978,210.449738886435,0.121588089330025,119.514666528099,36.3740289433345,337.758840188106,12.1588089330025
2021-12-22,14105,48,9423,14,4682,34,10431,11,86203,115,96634,126,19,260,0,260,29,13585,1,336,273,"Anderson",76978,239.029333056198,0.119289340101523,163.683130245005,62.3554781885734,337.758840188106,11.9289340101523
2021-12-23,14132,27,9438,15,4694,12,10448,17,86303,100,96751,117,-1,259,3,263,25,13610,1,337,274,"Anderson",76978,237.730260593936,0.120754716981132,151.991478084648,35.0749564810725,341.656057574892,12.0754716981132
2021-12-24,14158,26,9453,15,4705,11,10465,17,86390,87,96855,104,0,259,6,269,20,13630,1,338,274,"Anderson",76978,231.234898282626,0.126038781163435,135.103536075242,33.7758840188106,349.450492348463,12.6038781163435
2021-12-25,14172,14,9460,7,4712,7,10475,10,86448,58,96923,68,1,260,-2,267,15,13645,0,338,275,"Anderson",76978,235.132115669412,0.130372492836676,88.3369274338123,18.1870144716672,346.852347423939,13.0372492836676
2021-12-26,14183,11,9464,4,4719,7,10481,6,86492,44,96973,50,1,261,-8,259,18,13663,0,338,275,"Anderson",76978,231.234898282626,0.13089802130898,64.9536231130973,14.2897970848814,336.459767725844,13.089802130898
2021-12-27,14230,47,9483,19,4747,28,10501,20,86596,104,97097,124,1,262,18,277,28,13691,2,340,276,"Anderson",76978,261.113564914651,0.135095447870778,161.084985320481,61.0564057263114,359.843072046559,13.5095447870778
2021-12-28,14317,87,9519,36,4798,51,10537,36,86705,109,97242,145,0,262,67,344,20,13711,0,340,276,"Anderson",76978,337.758840188106,0.159400544959128,188.365507027982,113.019304216789,446.880927018109,15.9400544959128
2021-12-29,14398,81,9563,44,4835,37,10584,47,86863,158,97447,205,2,264,50,394,29,13740,0,340,276,"Anderson",76978,380.62823144275,0.188191881918819,266.309854763699,105.224869443218,511.834550131206,18.8191881918819
2021-12-30,14490,92,9605,42,4885,50,10622,38,86982,119,97604,157,1,265,70,464,21,13761,0,340,276,"Anderson",76978,465.067941489776,0.203985932004689,203.954376575125,119.514666528099,602.769622489542,20.3985932004689
2021-12-31,14558,68,9646,41,4912,27,10667,45,87099,117,97766,162,0,265,48,512,20,13781,0,340,277,"Anderson",76978,519.628984904778,0.221734357848518,210.449738886435,88.3369274338123,665.125100678116,22.1734357848518
2022-01-01,14619,61,9680,34,4939,27,10704,37,87198,99,97902,136,0,265,48,560,13,13794,0,340,277,"Anderson",76978,580.685390631089,0.23391215526047,176.673854867625,79.2434201979787,727.480578866689,23.391215526047
2022-01-02,14651,32,9703,23,4948,9,10737,33,87314,116,98051,149,0,265,12,572,20,13814,0,340,278,"Anderson",76978,607.96591233859,0.23747680890538,193.56179687703,41.5703187923822,743.069448413833,23.747680890538
2022-01-03,14712,61,9724,21,4988,40,10760,23,87390,76,98150,99,1,266,34,606,26,13840,0,340,278,"Anderson",76978,626.152926810257,0.245963912630579,128.608173763933,79.2434201979787,787.237912130739,24.5963912630579
2022-01-04,14838,126,9789,65,5049,61,10823,63,87564,174,98387,237,1,267,72,678,53,13893,0,340,279,"Anderson",76978,676.816752838473,0.249781659388646,307.880173556081,163.683130245005,880.771129413599,24.9781659388646
2022-01-05,15005,167,9875,86,5130,81,10909,86,87710,146,98619,232,1,268,134,812,32,13925,0,340,280,"Anderson",76978,788.536984593001,0.277303754266212,301.384811244771,216.945101197745,1054.8468393567,27.7303754266212
2022-01-06,15148,143,9947,72,5201,71,10980,71,87830,120,98810,191,1,269,116,928,26,13951,1,341,280,"Anderson",76978,854.78968016836,0.296849087893864,248.122840292031,185.767362103458,1205.53924497908,29.6849087893864
2022-01-07,15289,141,10019,72,5270,69,11058,78,87970,140,99028,218,0,269,115,1043,26,13977,1,342,280,"Anderson",76978,949.621969913482,0.309825673534073,283.197796773104,183.169217178934,1354.93257813921,30.9825673534073
2022-01-08,15392,103,10061,42,5331,61,11103,45,88045,75,99148,120,0,269,81,1124,22,13999,2,344,282,"Anderson",76978,1004.18301332848,0.320224719101124,155.888695471433,133.80446361298,1460.15744758243,32.0224719101124
2022-01-09,15477,85,10116,55,5361,30,11165,62,88188,143,99353,205,0,269,41,1165,44,14043,1,345,282,"Anderson",76978,1073.03385382837,0.328725038402458,266.309854763699,110.421159292265,1513.41941853517,32.8725038402458
2022-01-10,15632,155,10190,74,5442,81,11243,78,88301,113,99544,191,1,270,67,1232,87,14130,3,348,284,"Anderson",76978,1195.14666528099,0.34648493543759,248.122840292031,201.356231650601,1600.45727350672,34.648493543759
2022-01-11,15806,174,10299,109,5507,65,11345,102,88442,141,99787,243,0,270,68,1300,106,14236,0,348,285,"Anderson",76978,1257.50214346956,0.372857142857143,315.674608329653,226.038608433578,1688.79420094053,37.2857142857143
2022-01-12,16062,256,10462,163,5600,93,11509,164,88633,191,100142,355,0,270,186,1486,70,14306,1,349,285,"Anderson",76978,1373.11959261088,0.393959290873276,461.170724102991,332.562550339058,1930.42167892125,39.3959290873276
2022-01-13,16294,232,10614,152,5680,80,11664,155,88865,232,100529,387,4,274,122,1608,106,14412,0,349,285,"Anderson",76978,1488.73704175219,0.397905759162304,502.741042895373,301.384811244771,2088.90851931721,39.7905759162304
2022-01-14,16550,256,10758,144,5792,112,11813,149,89021,156,100834,305,2,276,199,1807,55,14467,1,350,285,"Anderson",76978,1638.13037491231,0.418050941306755,396.217100989893,332.562550339058,2347.42393930733,41.8050941306755
2022-01-15,16647,97,10817,59,5830,38,11875,62,89139,118,101014,180,1,277,51,1858,45,14512,2,352,285,"Anderson",76978,1630.33594013874,0.413719185423365,233.83304320715,126.010028839409,2413.67663488269,41.3719185423366
2022-01-16,16799,152,10945,128,5854,24,12008,133,89336,197,101344,330,0,277,87,1945,65,14577,1,353,285,"Anderson",76978,1717.37379511029,0.42340532395781,428.693912546442,197.459014263816,2526.69593909948,42.340532395781
2022-01-17,16979,180,11057,112,5922,68,12124,116,89455,119,101579,235,0,277,15,1960,165,14742,2,355,285,"Anderson",76978,1749.85060666684,0.432923832923833,305.282028631557,233.83304320715,2546.18202603341,43.2923832923833
2022-01-18,17195,216,11197,140,5998,76,12266,142,89592,137,101858,279,0,277,22,1982,194,14936,0,355,287,"Anderson",76978,1804.41165008184,0.444712699179141,362.441216971083,280.59965184858,2574.76162020317,44.4712699179141
2022-01-19,17497,302,11408,211,6089,91,12480,214,89812,220,102292,434,3,280,127,2109,172,15108,0,355,287,"Anderson",76978,1864.16898334589,0.451627906976744,563.797448621684,392.319883603107,2739.74382291044,45.1627906976744
2022-01-20,17793,296,11649,241,6144,55,12740,260,89969,157,102709,417,1,281,173,2282,122,15230,2,357,288,"Anderson",76978,1947.30962093066,0.493577981651376,541.713216763231,384.525448829536,2964.48335888176,49.3577981651376
2022-01-21,18039,246,11864,215,6175,31,12965,225,90188,219,103153,444,2,283,118,2400,126,15356,1,358,290,"Anderson",76978,1934.31889630804,0.496765847347995,576.788173244304,319.571825716438,3117.77390942867,49.6765847347995
2022-01-22,18167,128,11956,92,6211,36,13069,104,90307,119,103376,223,0,283,23,2423,105,15461,0,358,290,"Anderson",76978,1974.59014263816,0.505503810330229,289.693159084414,166.281275169529,3147.65257606069,50.5503810330229
2022-01-23,18295,128,12067,111,6228,17,13183,114,90414,107,103597,221,0,283,48,2471,80,15541,0,358,291,"Anderson",76978,1943.41240354387,0.521526853084776,287.09501415989,166.281275169529,3210.00805424927,52.1526853084776
2022-01-24,18562,267,12217,150,6345,117,13344,161,90592,178,103936,339,1,284,-8,2463,274,15815,1,359,292,"Anderson",76978,2056.43170776066,0.517607127704709,440.385564706799,346.852347423939,3199.61547455117,51.7607127704709
2022-01-25,18746,184,12350,133,6396,51,13489,145,90712,120,104201,265,1,285,-85,2378,268,16083,0,359,293,"Anderson",76978,2014.86138896828,0.52198036705079,344.254202499415,239.029333056198,3089.19431525891,52.198036705079
2022-01-26,18951,205,12504,154,6447,51,13655,166,90864,152,104519,318,1,286,-31,2347,235,16318,1,360,293,"Anderson",76978,1888.85136012887,0.527615626403233,413.105042999298,266.309854763699,3048.92306892878,52.7615626403233
2022-01-27,19172,221,12676,172,6496,49,13833,178,91084,220,104917,398,0,286,-64,2283,285,16603,0,360,293,"Anderson",76978,1791.42092545922,0.495018115942029,517.030839980254,287.09501415989,2965.78243134402,49.5018115942029
2022-01-28,19362,190,12814,138,6548,52,13977,144,91247,163,105224,307,1,287,-127,2156,316,16919,1,361,294,"Anderson",76978,1718.67286757255,0.488652824722356,398.815245914417,246.82376782977,2800.80022863675,48.8652824722356
2022-01-29,19505,143,12914,100,6591,43,14082,105,91364,117,105446,222,0,287,-15,2141,158,17077,0,361,296,"Anderson",76978,1738.15895450648,0.489371980676328,288.394086622152,185.767362103458,2781.31414170282,48.9371980676328
2022-01-30,19572,67,12960,46,6612,21,14132,50,91455,91,105587,141,0,287,-41,2100,108,17185,1,362,297,"Anderson",76978,1658.9155343085,0.476884422110553,183.169217178934,87.0378549715503,2728.05217075008,47.6884422110553
2022-01-31,19768,196,13081,121,6687,75,14273,141,91605,150,105878,291,4,291,-92,2008,284,17469,1,363,299,"Anderson",76978,1566.68138948791,0.478372811534501,378.030086518226,254.618202603341,2608.53750422199,47.83728115345
2022-02-01,19931,163,13176,95,6755,68,14380,107,91725,120,106105,227,1,292,-231,1777,393,17862,1,364,299,"Anderson",76978,1539.4008677804,0.46796218487395,294.889448933461,211.748811348697,2308.45176543948,46.796218487395
2022-02-02,20075,144,13263,87,6812,57,14473,93,91866,141,106339,234,1,293,-220,1557,363,18225,0,364,300,"Anderson",76978,1460.15744758243,0.449450549450549,303.982956169295,187.06643456572,2022.65582374185,44.9450549450549
2022-02-03,20707,632,13354,91,7353,541,14571,98,92074,208,106645,306,2,295,343,1900,287,18512,1,365,302,"Anderson",76978,1994.07622957209,0.427083333333333,397.516173452155,821.013796149549,2468.2376782977,42.7083333333333
2022-02-04,20853,146,13464,110,7389,36,14681,110,92198,124,106879,234,0,295,-81,1819,227,18739,0,365,305,"Anderson",76978,1936.91704123256,0.425377643504532,303.982956169295,189.664579490244,2363.01280885448,42.5377643504532
2022-02-05,20902,49,13490,26,7412,23,14711,30,92274,76,106985,106,0,295,-59,1760,108,18847,0,365,306,"Anderson",76978,1814.80422977994,0.408706952566602,137.701680999766,63.6545506508353,2286.36753358102,40.8706952566602
2022-02-06,20960,58,13532,42,7428,16,14759,48,92348,74,107107,122,0,295,-26,1734,84,18931,0,365,308,"Anderson",76978,1803.11257761958,0.4125,158.486840395957,75.3462028111928,2252.59164956221,41.25
2022-02-07,21045,85,13584,52,7461,33,14816,57,92450,102,107266,159,3,298,-256,1478,338,19269,0,365,309,"Anderson",76978,1658.9155343085,0.391210374639769,206.552521499649,110.421159292265,1920.02909922315,39.1210374639769
2022-02-08,21131,86,13632,48,7499,38,14873,57,92547,97,107420,154,0,298,-189,1289,275,19544,0,365,309,"Anderson",76978,1558.88695471433,0.374904942965779,200.05715918834,111.720231754527,1674.50440385565,37.4904942965779
2022-02-09,21230,99,13696,64,7534,35,14947,74,92654,107,107601,181,0,298,-96,1193,195,19739,0,365,310,"Anderson",76978,1500.42869391255,0.375594294770206,235.132115669412,128.608173763933,1549.7934474785,37.5594294770206
2022-02-10,21318,88,13746,50,7572,38,15001,54,92780,126,107781,180,2,300,-99,1094,185,19924,0,365,311,"Anderson",76978,793.733274442048,0.378521126760563,233.83304320715,114.318376679051,1421.18527371457,37.8521126760563
2022-02-11,21377,59,13788,42,7589,17,15046,45,92882,102,107928,147,1,301,-113,981,171,20095,0,365,311,"Anderson",76978,680.713970225259,0.347950428979981,190.963651952506,76.6452752734548,1274.39008547897,34.7950428979981
2022-02-12,21408,31,13811,23,7597,8,15071,25,92944,62,108015,87,0,301,-45,936,76,20171,1,366,311,"Anderson",76978,657.330665904544,0.349514563106796,113.019304216789,40.2712463301203,1215.93182467718,34.9514563106796
2022-02-13,21429,21,13825,14,7604,7,15086,15,92991,47,108077,62,0,301,-37,899,58,20229,0,366,312,"Anderson",76978,609.264984800852,0.337113402061856,80.5424926602406,27.2805217075008,1167.86614357349,33.7113402061856
2022-02-14,21480,51,13852,27,7628,24,15122,36,93048,57,108170,93,1,302,-140,759,190,20419,0,366,312,"Anderson",76978,565.096521083946,0.338495575221239,120.813738990361,66.2526955753592,985.995998856816,33.8495575221239
2022-02-15,21536,56,13891,39,7645,17,15167,45,93125,77,108292,122,0,302,-93,666,149,20568,0,366,313,"Anderson",76978,526.124347216088,0.337155963302752,158.486840395957,72.7480578866689,865.182259866455,33.7155963302752
2022-02-16,21598,62,13924,33,7674,29,15198,31,93217,92,108415,123,0,302,-72,594,134,20702,0,366,313,"Anderson",76978,478.058666112396,0.308353808353808,159.785912858219,80.5424926602406,771.649042583595,30.8353808353808
2022-02-17,21646,48,13956,32,7690,16,15233,35,93311,94,108544,129,0,302,-71,523,119,20821,0,366,314,"Anderson",76978,426.095767621918,0.304062909567497,167.580347631791,62.3554781885734,679.414897762997,30.4062909567497
2022-02-18,21695,49,13988,32,7707,17,15270,37,93383,72,108653,109,0,302,-25,498,74,20895,0,366,315,"Anderson",76978,413.105042999299,0.308965517241379,141.598898386552,63.6545506508353,646.938086206449,30.8965517241379
2022-02-19,21721,26,13998,10,7723,16,15281,11,93438,55,108719,66,0,302,-7,491,33,20928,0,366,316,"Anderson",76978,406.609680687989,0.298295454545455,85.7387825092884,33.7758840188106,637.844578970615,29.8295454545455
2022-02-20,21731,10,14000,2,7731,8,15283,2,93475,37,108758,39,0,302,-20,471,30,20958,0,366,316,"Anderson",76978,392.319883603107,0.28928046989721,50.6638260282159,12.9907246226195,611.863129725376,28.928046989721
2022-02-21,21748,17,14010,10,7738,7,15293,10,93504,29,108797,39,0,302,-75,396,92,21050,2,368,317,"Anderson",76978,348.151419886201,0.272727272727273,50.6638260282159,22.0842318584531,514.43269505573,27.2727272727273
2022-02-22,21783,35,14025,15,7758,20,15311,18,93581,77,108892,95,2,304,-72,324,105,21155,0,368,317,"Anderson",76978,320.8708981787,0.24,123.411883914885,45.4675361791681,420.89947777287,24
2022-02-23,21818,35,14042,17,7776,18,15330,19,93647,66,108977,85,4,308,-34,290,65,21220,0,368,318,"Anderson",76978,285.795941697628,0.234875444839858,110.421159292265,45.4675361791681,376.731014055964,23.4875444839858
2022-02-24,21846,28,14056,14,7790,14,15347,17,93725,78,109072,95,1,309,-25,265,52,21272,0,368,319,"Anderson",76978,259.814492452389,0.215909090909091,123.411883914885,36.3740289433345,344.254202499415,21.5909090909091
2022-02-25,21859,13,14062,6,7797,7,15353,6,93792,67,109145,73,-1,308,-36,229,50,21322,0,368,319,"Anderson",76978,213.047883810959,0.16869918699187,94.832289745122,16.8879420094053,297.487593857985,16.869918699187
2022-02-26,21872,13,14067,5,7805,8,15360,7,93837,45,109197,52,0,308,-4,225,17,21339,1,369,319,"Anderson",76978,196.159941801554,0.165271966527197,67.5517680376211,16.8879420094053,292.291304008938,16.5271966527197
2022-02-27,21872,0,14067,0,7805,0,15361,1,93854,17,109215,18,0,308,-14,211,14,21353,0,369,319,"Anderson",76978,183.169217178934,0.170678336980306,23.383304320715,0,274.10428953727,17.0678336980306
2022-02-28,21890,18,14076,9,7814,9,15373,12,93911,57,109284,69,0,308,-26,185,44,21397,0,369,319,"Anderson",76978,184.468289641196,0.164271047227926,89.6359998960742,23.383304320715,240.32840551846,16.4271047227926
2022-03-01,21903,13,14083,7,7820,6,15381,8,93956,45,109337,53,-1,307,-34,151,48,21445,0,369,321,"Anderson",76978,155.888695471433,0.157303370786517,68.8508404998831,16.8879420094053,196.159941801554,15.7303370786517
2022-03-02,21913,10,14089,6,7824,4,15389,8,94009,53,109398,61,2,309,-23,128,31,21476,0,369,322,"Anderson",76978,123.411883914885,0.140142517814727,79.2434201979787,12.9907246226195,166.281275169529,14.0142517814727
2022-03-03,21924,11,14091,2,7833,9,15391,2,94053,44,109444,46,2,311,-28,100,37,21513,0,369,322,"Anderson",76978,101.327652056432,0.118279569892473,59.7573332640495,14.2897970848814,129.907246226195,11.8279569892473
2022-03-04,21933,9,14094,3,7839,6,15396,5,94117,64,109513,69,0,311,-15,85,24,21537,0,369,323,"Anderson",76978,96.1313622073839,0.116847826086957,89.6359998960742,11.6916521603575,110.421159292265,11.6847826086957
2022-03-05,21938,5,14095,1,7843,4,15397,1,94158,41,109555,42,0,311,-3,82,8,21545,0,369,324,"Anderson",76978,85.7387825092884,0.103351955307263,54.5610434150017,6.49536231130973,106.523941905479,10.3351955307263
2022-03-06,21940,2,14096,1,7844,1,15398,1,94182,24,109580,25,0,311,-4,78,6,21551,1,370,325,"Anderson",76978,88.3369274338123,0.101369863013699,32.4768115565486,2.59814492452389,101.327652056432,10.1369863013699
2022-03-07,21953,13,14098,2,7855,11,15400,2,94215,33,109615,35,1,312,-9,69,21,21572,0,370,325,"Anderson",76978,81.8415651225025,0.081570996978852,45.4675361791681,16.8879420094053,89.6359998960742,8.1570996978852
2022-03-08,22004,51,14100,2,7904,49,15403,3,94245,30,109648,33,0,312,35,104,16,21588,0,370,326,"Anderson",76978,131.206318688456,0.0707395498392283,42.8693912546442,66.2526955753592,135.103536075242,7.07395498392283
2022-03-09,22011,7,14106,6,7905,1,15408,5,94283,38,109691,43,0,312,-11,93,18,21606,0,370,326,"Anderson",76978,127.309101301671,0.0648464163822526,55.8601158772636,9.09350723583361,120.813738990361,6.48464163822526
2022-03-10,22016,5,14110,4,7906,1,15415,7,94329,46,109744,53,3,315,-11,82,13,21619,0,370,326,"Anderson",76978,119.514666528099,0.08,68.8508404998831,6.49536231130973,106.523941905479,8
2022-03-11,22022,6,14110,0,7912,6,15416,1,94368,39,109784,40,1,316,-15,67,20,21639,1,371,326,"Anderson",76978,115.617449141313,0.0738007380073801,51.9628984904778,7.79443477357167,87.0378549715503,7.38007380073801
2022-03-12,22022,0,14110,0,7912,0,15416,0,94390,22,109806,22,0,316,-5,62,5,21644,0,371,328,"Anderson",76978,109.122086830003,0.0756972111553785,28.5795941697628,0,80.5424926602406,7.56972111553785
2022-03-13,22025,3,14112,2,7913,1,15417,1,94434,44,109851,45,1,317,-1,61,3,21647,0,371,328,"Anderson",76978,110.421159292265,0.0701107011070111,58.4582608017875,3.89721738678583,79.2434201979787,7.01107011070111
2022-03-14,22032,7,14116,4,7916,3,15424,7,94460,26,109884,33,2,319,-6,55,11,21658,1,372,328,"Anderson",76978,102.626724518694,0.0892193308550186,42.8693912546442,9.09350723583361,71.448985424407,8.92193308550186
2022-03-15,22036,4,14117,1,7919,3,15424,0,94482,22,109906,22,0,319,-8,47,12,21670,0,372,329,"Anderson",76978,41.5703187923822,0.0813953488372093,28.5795941697628,5.19628984904778,61.0564057263114,8.13953488372093
2022-03-16,22038,2,14119,2,7919,0,15427,3,94506,24,109933,27,1,320,-4,43,5,21675,0,372,329,"Anderson",76978,35.0749564810725,0.0785123966942149,35.0749564810725,2.59814492452389,55.8601158772636,7.85123966942149
2022-03-17,22038,0,14119,0,7919,0,15429,2,94535,29,109964,31,0,320,-5,38,5,21680,0,372,329,"Anderson",76978,28.5795941697628,0.0636363636363636,40.2712463301203,0,49.3647535659539,6.36363636363636
2022-03-18,22040,2,14121,2,7919,0,15431,2,94579,44,110010,46,0,320,-3,35,5,21685,0,372,330,"Anderson",76978,23.383304320715,0.0663716814159292,59.7573332640495,2.59814492452389,45.4675361791681,6.63716814159292
2022-03-19,22040,0,14121,0,7919,0,15431,0,94599,20,110030,20,0,320,-3,32,3,21688,0,372,330,"Anderson",76978,23.383304320715,0.0669642857142857,25.9814492452389,0,41.5703187923822,6.69642857142857
2022-03-20,22044,4,14124,3,7920,1,15435,4,94618,19,110053,23,0,320,1,33,3,21691,0,372,330,"Anderson",76978,24.682376782977,0.0891089108910891,29.8786666320247,5.19628984904778,42.8693912546442,8.91089108910891
2022-03-21,22045,1,14124,0,7921,1,15435,0,94631,13,110066,13,2,322,-7,26,6,21697,0,372,330,"Anderson",76978,16.8879420094053,0.0604395604395604,16.8879420094053,1.29907246226194,33.7758840188106,6.04395604395604
2022-03-22,22045,0,14124,0,7921,0,15436,1,94637,6,110073,7,0,322,-5,21,5,21702,0,372,330,"Anderson",76978,11.6916521603575,0.0718562874251497,9.09350723583361,0,27.2805217075008,7.18562874251497
2022-03-23,22047,2,14126,2,7921,0,15438,2,94662,25,110100,27,0,322,-2,19,4,21706,0,372,331,"Anderson",76978,11.6916521603575,0.0658682634730539,35.0749564810725,2.59814492452389,24.682376782977,6.58682634730539
2022-03-24,22048,1,14126,0,7922,1,15439,1,94678,16,110117,17,0,322,0,19,1,21707,0,372,332,"Anderson",76978,12.9907246226194,0.065359477124183,22.0842318584531,1.29907246226194,24.682376782977,6.5359477124183
2022-03-25,22049,1,14127,1,7922,0,15441,2,94701,23,110142,25,0,322,0,19,1,21708,0,372,332,"Anderson",76978,11.6916521603575,0.0757575757575758,32.4768115565486,1.29907246226194,24.682376782977,7.57575757575758
2022-03-26,22050,1,14128,1,7922,0,15442,1,94720,19,110162,20,0,322,1,20,0,21708,0,372,332,"Anderson",76978,12.9907246226194,0.0833333333333333,25.9814492452389,1.29907246226194,25.9814492452389,8.33333333333333
2022-03-27,22050,0,14128,0,7922,0,15442,0,94731,11,110173,11,0,322,-3,17,3,21711,0,372,332,"Anderson",76978,7.79443477357167,0.0583333333333333,14.2897970848814,0,22.0842318584531,5.83333333333333
2022-03-28,22054,4,14131,3,7923,1,15445,3,94775,44,110220,47,1,323,0,17,3,21714,0,372,333,"Anderson",76978,11.6916521603575,0.0649350649350649,61.0564057263114,5.19628984904778,22.0842318584531,6.49350649350649
2022-03-29,22054,0,14131,0,7923,0,15445,0,94788,13,110233,13,1,324,-2,15,1,21715,0,372,333,"Anderson",76978,11.6916521603575,0.05625,16.8879420094053,0,19.4860869339292,5.625
2022-03-30,22056,2,14131,0,7925,2,15446,1,94811,23,110257,24,1,325,-2,13,3,21718,0,372,333,"Anderson",76978,11.6916521603575,0.0509554140127389,31.1777390942867,2.59814492452389,16.8879420094053,5.09554140127389
2022-03-31,22058,2,14132,1,7926,1,15447,1,94831,20,110278,21,0,325,2,15,0,21718,0,372,333,"Anderson",76978,12.9907246226194,0.0496894409937888,27.2805217075008,2.59814492452389,19.4860869339292,4.96894409937888
2022-04-01,22061,3,14133,1,7928,2,15448,1,94868,37,110316,38,3,328,0,15,0,21718,0,372,333,"Anderson",76978,15.5888695471433,0.0402298850574713,49.3647535659539,3.89721738678583,19.4860869339292,4.02298850574713
2022-04-02,22062,1,14134,1,7928,0,15450,2,94888,20,110338,22,0,328,0,15,1,21719,0,372,333,"Anderson",76978,15.5888695471433,0.0454545454545455,28.5795941697628,1.29907246226194,19.4860869339292,4.54545454545455
2022-04-03,22062,0,14134,0,7928,0,15450,0,94900,12,110350,12,0,328,-1,14,1,21720,0,372,333,"Anderson",76978,15.5888695471433,0.0451977401129944,15.5888695471433,0,18.1870144716672,4.51977401129944
2022-04-04,22064,2,14135,1,7929,1,15451,1,94919,19,110370,20,0,328,2,16,0,21720,0,372,333,"Anderson",76978,12.9907246226194,0.04,25.9814492452389,2.59814492452389,20.7851593961911,4
2022-04-05,22070,6,14136,1,7934,5,15452,1,94938,19,110390,20,3,331,1,17,2,21722,0,372,333,"Anderson",76978,20.7851593961911,0.0445859872611465,25.9814492452389,7.79443477357167,22.0842318584531,4.45859872611465
2022-04-06,22073,3,14139,3,7934,0,15456,4,94962,24,110418,28,0,331,2,19,1,21723,0,372,333,"Anderson",76978,22.0842318584531,0.062111801242236,36.3740289433345,3.89721738678583,24.682376782977,6.2111801242236
2022-04-07,22076,3,14139,0,7937,3,15456,0,94985,23,110441,23,1,332,1,20,1,21724,0,372,333,"Anderson",76978,23.383304320715,0.0552147239263804,29.8786666320247,3.89721738678583,25.9814492452389,5.52147239263804
2022-04-08,22077,1,14139,0,7938,1,15456,0,95016,31,110472,31,1,333,-2,18,2,21726,0,372,333,"Anderson",76978,20.7851593961911,0.0512820512820513,40.2712463301203,1.29907246226194,23.383304320715,5.12820512820513
2022-04-09,22077,0,14139,0,7938,0,15456,0,95026,10,110482,10,0,333,0,18,0,21726,0,372,333,"Anderson",76978,19.4860869339292,0.0416666666666667,12.9907246226195,0,23.383304320715,4.16666666666667
2022-04-10,22077,0,14139,0,7938,0,15456,0,95036,10,110492,10,0,333,-1,17,1,21727,0,372,333,"Anderson",76978,19.4860869339292,0.0422535211267606,12.9907246226195,0,22.0842318584531,4.22535211267606
2022-04-11,22080,3,14139,0,7941,3,15456,0,95054,18,110510,18,0,333,3,20,0,21727,0,372,333,"Anderson",76978,20.7851593961911,0.0357142857142857,23.383304320715,3.89721738678583,25.9814492452389,3.57142857142857
2022-04-12,22084,4,14142,3,7942,1,15460,4,95072,18,110532,22,1,334,3,23,0,21727,0,372,334,"Anderson",76978,18.1870144716672,0.0563380281690141,28.5795941697628,5.19628984904778,29.8786666320247,5.63380281690141
2022-04-13,22087,3,14143,1,7944,2,15461,1,95094,22,110555,23,0,334,1,24,2,21729,0,372,334,"Anderson",76978,18.1870144716672,0.0364963503649635,29.8786666320247,3.89721738678583,31.1777390942867,3.64963503649635
2022-04-14,22090,3,14143,0,7947,3,15461,0,95110,16,110571,16,0,334,1,25,2,21731,0,372,334,"Anderson",76978,18.1870144716672,0.0384615384615385,20.7851593961911,3.89721738678583,32.4768115565486,3.84615384615385
2022-04-15,22094,4,14146,3,7948,1,15465,4,95130,20,110595,24,0,334,1,26,3,21734,0,372,334,"Anderson",76978,22.0842318584531,0.0731707317073171,31.1777390942867,5.19628984904778,33.7758840188106,7.31707317073171
2022-04-16,22095,1,14146,0,7949,1,15465,0,95144,14,110609,14,0,334,1,27,0,21734,0,372,334,"Anderson",76978,23.383304320715,0.0708661417322835,18.1870144716672,1.29907246226194,35.0749564810725,7.08661417322835
2020-03-12,1,1,1,1,0,0,1,1,11,11,12,12,NA,NA,NA,NA,0,0,0,0,0,"East TN",2455501,NA,NA,0.488698640318208,0.040724886693184,NA,NA
2020-03-13,1,0,1,0,0,0,1,0,23,12,24,12,NA,NA,NA,NA,0,0,0,0,0,"East TN",2455501,NA,NA,0.488698640318208,0,NA,NA
2020-03-14,3,2,3,2,0,0,3,2,50,27,53,29,NA,NA,NA,NA,0,0,0,0,0,"East TN",2455501,NA,NA,1.18102171410234,0.081449773386368,NA,NA
2020-03-15,3,0,3,0,0,0,3,0,53,3,56,3,NA,NA,NA,NA,0,0,0,0,0,"East TN",2455501,NA,NA,0.122174660079552,0,NA,NA
2020-03-16,5,2,5,2,0,0,5,2,89,36,94,38,NA,NA,NA,NA,0,0,0,0,0,"East TN",2455501,NA,NA,1.54754569434099,0.081449773386368,NA,NA
2020-03-17,6,1,6,1,0,0,5,0,130,41,135,41,NA,NA,NA,NA,0,0,0,0,0,"East TN",2455501,NA,NA,1.66972035442054,0.040724886693184,NA,NA
2020-03-18,8,2,8,2,0,0,7,2,171,41,178,43,NA,NA,NA,NA,0,0,0,0,0,"East TN",2455501,0.325799093545472,0.0393258426966292,1.75117012780691,0.081449773386368,NA,3.93258426966292
2020-03-19,11,3,11,3,0,0,11,4,238,67,249,71,NA,NA,NA,NA,0,0,0,0,0,"East TN",2455501,0.40724886693184,0.0421940928270042,2.89146695521606,0.122174660079552,NA,4.21940928270042
2020-03-20,29,18,29,18,0,0,27,16,382,144,409,160,NA,NA,NA,NA,3,3,2,2,0,"East TN",2455501,1.14029682740915,0.0675324675324675,6.51598187090944,0.733047960477312,NA,6.75324675324675
2020-03-21,38,9,38,9,0,0,38,11,610,228,648,239,NA,NA,NA,NA,3,6,1,3,1,"East TN",2455501,1.42537103426144,0.0588235294117647,9.73324791967098,0.366523980238656,NA,5.88235294117647
2020-03-22,48,10,47,9,1,1,43,5,713,103,756,108,NA,NA,NA,NA,2,8,4,7,2,"East TN",2455501,1.83261990119328,0.0571428571428571,4.39828776286387,0.40724886693184,NA,5.71428571428571
2020-03-23,64,16,63,16,1,0,56,13,846,133,902,146,NA,NA,NA,NA,7,15,4,11,2,"East TN",2455501,2.40276831489786,0.0631188118811881,5.94583345720486,0.651598187090944,NA,6.31188118811881
2020-03-24,83,19,82,19,1,0,70,14,987,141,1057,155,NA,NA,NA,NA,7,22,5,16,2,"East TN",2455501,3.13581627537517,0.0704989154013015,6.31235743744352,0.773772847170496,NA,7.04989154013015
2020-03-25,116,33,115,33,1,0,99,29,1288,301,1387,330,NA,NA,NA,NA,15,37,12,28,3,"East TN",2455501,4.39828776286387,0.076095947063689,13.4392126087507,1.34392126087507,NA,7.6095947063689
2020-03-26,144,28,143,28,1,0,130,31,1774,486,1904,517,NA,NA,NA,NA,15,52,5,33,4,"East TN",2455501,5.41640993019347,0.0719033232628399,21.0547664203761,1.14029682740915,NA,7.19033232628399
2020-03-27,166,22,165,22,1,0,147,17,2171,397,2318,414,NA,NA,NA,NA,17,69,6,39,4,"East TN",2455501,5.57930947696621,0.0628601361969618,16.8601030909782,0.895947507250048,NA,6.28601361969618
2020-03-28,197,31,196,31,1,0,180,33,2608,437,2788,470,NA,NA,NA,NA,12,81,8,47,4,"East TN",2455501,6.47525698421626,0.0663551401869159,19.1406967457965,1.2624714874887,NA,6.63551401869159
2020-03-29,213,16,212,16,1,0,196,16,2795,187,2991,203,NA,NA,NA,NA,27,108,3,50,7,"East TN",2455501,6.71960630437536,0.0684563758389262,8.26715199871635,0.651598187090944,NA,6.84563758389262
2020-03-30,246,33,245,33,1,0,226,30,3345,550,3571,580,NA,NA,NA,NA,33,141,8,58,9,"East TN",2455501,7.41192937815949,0.0636942675159236,23.6204342820467,1.34392126087507,NA,6.36942675159236
2020-03-31,295,49,294,49,1,0,278,52,3645,300,3923,352,NA,NA,NA,NA,39,180,12,70,10,"East TN",2455501,8.63367597895501,0.0725750174459177,14.3351601160008,1.99551944796602,NA,7.25750174459177
2020-04-01,346,51,345,51,1,0,336,58,4243,598,4579,656,NA,NA,NA,NA,36,216,9,79,12,"East TN",2455501,9.36672393943232,0.0742481203007519,26.7155256707287,2.07696922135238,NA,7.42481203007519
2020-04-02,391,45,390,45,1,0,383,47,4839,596,5222,643,2,7,NA,134,34,250,5,84,14,"East TN",2455501,10.0590470132164,0.0762507534659433,26.1861021437173,1.83261990119328,5.45713481688666,7.62507534659433
2020-04-03,412,21,411,21,1,0,401,18,5124,285,5525,303,1,8,-13,121,33,283,2,86,17,"East TN",2455501,10.0183221265233,0.0792017461802308,12.3396406680348,0.855222620556864,4.92771128987526,7.92017461802307
2020-04-04,447,35,446,35,1,0,431,30,5716,592,6147,622,3,11,0,121,32,315,5,91,19,"East TN",2455501,10.181221673296,0.0747246204227449,25.3308795231604,1.42537103426144,4.92771128987526,7.47246204227449
2020-04-05,473,26,472,26,1,0,464,33,6093,377,6557,410,-1,10,1,122,26,341,2,93,20,"East TN",2455501,10.5884705402278,0.0751542344363432,16.6972035442054,1.05884705402278,4.96843617656845,7.51542344363432
2020-04-06,514,41,513,41,1,0,514,50,6626,533,7140,583,8,18,0,122,33,374,5,98,20,"East TN",2455501,10.9142696337733,0.080694872513309,23.7426089421263,1.66972035442054,4.96843617656845,8.06948725133091
2020-04-07,570,56,569,56,1,0,592,78,7755,1129,8347,1207,0,18,19,141,37,411,7,105,21,"East TN",2455501,11.1993438406256,0.0709764918625678,49.1549382386731,2.2805936548183,5.74220902373894,7.09764918625678
2020-04-08,607,37,606,37,1,0,632,40,8162,407,8794,447,1,19,4,145,32,443,8,113,25,"East TN",2455501,10.629195426921,0.0702253855278766,18.2040243518532,1.50682080764781,5.90510857051168,7.02253855278766
2020-04-09,633,26,632,26,1,0,662,30,8613,451,9275,481,3,22,3,148,20,463,2,115,25,"East TN",2455501,9.85542257975053,0.0688378978534419,19.5886704994215,1.05884705402278,6.02728323059123,6.88378978534419
2020-04-10,655,22,654,22,1,0,682,20,8941,328,9623,348,0,22,-7,141,29,492,4,119,25,"East TN",2455501,9.89614746644371,0.0685700341630063,14.172260569228,0.895947507250048,5.74220902373894,6.85700341630063
2020-04-11,679,24,678,24,1,0,728,46,10022,1081,10750,1127,2,24,-5,136,27,519,5,124,27,"East TN",2455501,9.44817371281869,0.0645231370845101,45.8969473032184,0.977397280636416,5.53858459027302,6.45231370845101
2020-04-12,709,30,708,30,1,0,761,33,11472,1450,12233,1483,0,24,18,154,12,531,1,125,28,"East TN",2455501,9.61107325959142,0.0523255813953488,60.3950069659919,1.22174660079552,6.27163255075034,5.23255813953488
2020-04-13,738,29,737,29,1,0,803,42,12435,963,13238,1005,0,24,-2,152,31,562,7,132,32,"East TN",2455501,9.12237461927321,0.0473925877336832,40.9285111266499,1.18102171410234,6.19018277736397,4.73925877336832
2020-04-14,749,11,748,11,1,0,823,20,12720,285,13543,305,4,28,-18,134,25,587,1,133,33,"East TN",2455501,7.28975471807994,0.0444572748267898,12.4210904414211,0.447973753625024,5.45713481688666,4.44572748267898
2020-04-15,773,24,772,24,1,0,850,27,13132,412,13982,439,2,30,-6,128,28,615,4,137,34,"East TN",2455501,6.76033119106854,0.0420200462606014,17.8782252583078,0.977397280636416,5.21278549672755,4.20200462606014
2020-04-16,801,28,800,28,1,0,886,36,13809,677,14695,713,1,31,1,129,26,641,6,143,34,"East TN",2455501,6.84178096445491,0.0413284132841328,29.0368442122402,1.14029682740915,5.25351038342074,4.13284132841328
2020-04-17,823,22,821,21,2,1,916,30,14138,329,15054,359,0,31,-1,128,23,664,4,147,35,"East TN",2455501,6.84178096445491,0.0430859878475419,14.6202343228531,0.895947507250048,5.21278549672755,4.30859878475419
2020-04-18,835,12,833,12,2,0,935,19,14919,781,15854,800,0,31,-11,117,23,687,0,147,35,"East TN",2455501,6.3530823241367,0.0405564263322884,32.5799093545472,0.488698640318208,4.76481174310253,4.05564263322884
2020-04-19,914,79,912,79,2,0,1016,81,15605,686,16621,767,1,32,66,183,12,699,1,148,35,"East TN",2455501,8.34860177210272,0.0581130355515041,31.2359880936721,3.21726604876154,7.45265426485267,5.81130355515041
2020-04-20,939,25,931,19,8,6,1033,17,16568,963,17601,980,0,32,10,193,15,714,2,150,35,"East TN",2455501,8.18570222532998,0.0527160210864084,39.9103889593203,1.0181221673296,7.85990313178451,5.27160210864084
2020-04-21,1045,106,1037,106,8,0,1154,121,19274,2706,20428,2827,0,32,83,276,23,737,6,156,36,"East TN",2455501,12.0545664611825,0.0480755265068991,115.129254681631,4.3168379894775,11.2400687273188,4.80755265068991
2020-04-22,1247,202,1237,200,10,2,1354,200,21826,2552,23180,2752,2,34,177,453,23,760,2,158,36,"East TN",2455501,19.3035962925692,0.0547945205479452,112.074888179642,8.22642711202317,18.4483736720124,5.47945205479452
2020-04-23,1492,245,1480,243,12,2,1601,247,22933,1107,24534,1354,0,34,236,689,9,769,3,161,36,"East TN",2455501,28.1408967049901,0.0726699867872751,55.1414965825711,9.97759723983008,28.0594469316038,7.26699867872751
2020-04-24,1540,48,1527,47,13,1,1655,54,25622,2689,27277,2743,0,34,22,711,26,795,4,165,36,"East TN",2455501,29.1997437590129,0.0604597889225231,111.708364199404,1.95479456127283,28.9553944388538,6.04597889225231
2020-04-25,1563,23,1546,19,17,4,1674,19,26397,775,28071,794,0,34,10,721,13,808,3,168,37,"East TN",2455501,29.6477175126379,0.0604894818695261,32.3355600343881,0.936672393943232,29.3626433057857,6.04894818695261
2020-04-26,1583,20,1565,19,18,1,1700,26,27514,1117,29214,1143,0,34,-1,720,21,829,0,168,37,"East TN",2455501,27.2449491977401,0.0543158897800365,46.5485454903093,0.81449773386368,29.3219184190925,5.43158897800365
2020-04-27,1652,69,1633,68,19,1,1772,72,28429,915,30201,987,0,34,50,770,19,848,8,176,38,"East TN",2455501,29.0368442122402,0.0586507936507936,40.1954631661726,2.8100171818297,31.3581627537517,5.86507936507936
2020-04-28,1689,37,1667,34,22,3,1812,40,30603,2174,32415,2214,2,36,19,789,16,864,1,177,39,"East TN",2455501,26.2268270304105,0.0548928005339117,90.1648991387094,1.50682080764781,32.1319356009222,5.48928005339117
2020-04-29,1752,63,1729,62,23,1,1878,66,33347,2744,35225,2810,1,37,39,828,23,887,6,183,40,"East TN",2455501,20.5660677800579,0.0435035284350353,114.436931607847,2.56566786167059,33.7202061819563,4.35035284350353
2020-04-30,1774,22,1750,21,24,1,1900,22,33896,549,35796,571,0,37,-1,827,23,910,1,184,40,"East TN",2455501,11.4844180474779,0.0265494583555319,23.2539103018081,0.895947507250048,33.6794812952632,2.65494583555319
2020-05-01,1814,40,1786,36,28,4,1929,29,35558,1662,37487,1691,0,37,-16,811,56,966,0,184,40,"East TN",2455501,11.1586189539324,0.0268364348677767,68.8657833981741,1.62899546772736,33.0278831081722,2.68364348677767
2020-05-02,1835,21,1807,21,28,0,1966,37,37435,1877,39401,1914,0,37,-107,704,128,1094,3,187,40,"East TN",2455501,11.077169180546,0.0257722859664607,77.9474331307542,0.855222620556864,28.6703202320015,2.57722859664607
2020-05-03,1873,38,1840,33,33,5,2003,37,39555,2120,41558,2157,0,37,-20,684,58,1152,3,190,42,"East TN",2455501,11.8102171410234,0.0245463383020091,87.8435805971979,1.54754569434099,27.8558224981379,2.45463383020091
2020-05-04,1920,47,1884,44,36,3,2060,57,41501,1946,43561,2003,0,37,-312,372,359,1511,1,191,42,"East TN",2455501,10.9142696337733,0.0215568862275449,81.5719480464475,1.91406967457965,15.1496578498644,2.15568862275449
2020-05-05,1948,28,1911,27,37,1,2092,32,44411,2910,46503,2942,2,39,-45,327,71,1582,1,192,42,"East TN",2455501,10.5477456535347,0.0198750709823964,119.812616651347,1.14029682740915,13.3170379486712,1.98750709823964
2020-05-06,1985,37,1948,37,37,0,2135,43,45455,1044,47590,1087,1,40,7,334,29,1611,0,192,42,"East TN",2455501,9.48889859951187,0.0207844723008492,44.267951835491,1.50682080764781,13.6021121555235,2.07844723008492
2020-05-07,2028,43,1989,41,39,2,2183,48,46847,1392,49030,1440,0,40,18,352,25,1636,4,196,46,"East TN",2455501,10.3441212200687,0.0213843131328397,58.643836838185,1.75117012780691,14.3351601160008,2.13843131328397
2020-05-08,2047,19,2008,19,39,0,2219,36,48517,1670,50736,1706,1,41,-15,337,33,1669,0,196,47,"East TN",2455501,9.48889859951187,0.0218884444108989,69.4766566985719,0.773772847170496,13.724286815603,2.18884444108989
2020-05-09,2063,16,2022,14,41,2,2237,18,51335,2818,53572,2836,0,41,-32,305,48,1717,1,197,48,"East TN",2455501,9.28527416604595,0.0191235622045022,115.49577866187,0.651598187090944,12.4210904414211,1.91235622045022
2020-05-10,2079,16,2037,15,42,1,2256,19,53899,2564,56155,2583,1,42,-27,278,42,1759,3,200,48,"East TN",2455501,8.3893266587959,0.0173323285606631,105.192382328494,0.651598187090944,11.3215185007052,1.73323285606631
2020-05-11,2140,61,2097,60,43,1,2307,51,55470,1571,57777,1622,3,45,13,291,45,1804,5,205,50,"East TN",2455501,8.95947507250048,0.0173747889701744,66.0557662163444,2.48421808828422,11.8509420277165,1.73747889701745
2020-05-12,2193,53,2150,53,43,0,2373,66,59024,3554,61397,3620,3,48,30,321,20,1824,3,208,50,"East TN",2455501,9.97759723983008,0.0188666577145159,147.424089829326,2.15841899473875,13.0726886285121,1.88666577145159
2020-05-13,2247,54,2201,51,46,3,2425,52,60649,1625,63074,1677,0,48,18,339,36,1860,7,215,52,"East TN",2455501,10.6699203136142,0.0187290105915784,68.2956349844696,2.19914388143194,13.8057365889894,1.87290105915784
2020-05-14,2278,31,2232,31,46,0,2470,45,62358,1709,64828,1754,1,49,-2,337,32,1892,2,217,53,"East TN",2455501,10.181221673296,0.018166856564122,71.4314512598447,1.2624714874887,13.724286815603,1.8166856564122
2020-05-15,2306,28,2260,28,46,0,2507,37,64677,2319,67184,2356,1,50,-21,316,48,1940,4,221,53,"East TN",2455501,10.5477456535347,0.0175097276264591,95.9478330491415,1.14029682740915,12.8690641950461,1.75097276264591
2020-05-16,2316,10,2270,10,46,0,2525,18,67446,2769,69971,2787,1,51,-28,288,37,1977,1,222,53,"East TN",2455501,10.3033963333756,0.0175620464662479,113.500259213904,0.40724886693184,11.728767367637,1.75620464662479
2020-05-17,2396,80,2350,80,46,0,2604,79,69674,2228,72278,2307,0,51,59,347,21,1998,4,226,55,"East TN",2455501,12.9097890817393,0.0215840724430937,93.9523136011755,3.25799093545472,14.1315356825348,2.15840724430937
2020-05-18,2445,49,2398,48,47,1,2665,61,71552,1878,74217,1939,0,51,8,355,41,2039,3,229,55,"East TN",2455501,12.4210904414211,0.0217761557177616,78.9655552980838,1.99551944796602,14.4573347760803,2.17761557177616
2020-05-19,2486,41,2438,40,48,1,2705,40,72676,1124,75381,1164,1,52,-6,349,46,2085,3,232,55,"East TN",2455501,11.9323918011029,0.0237414187643021,47.4037681108662,1.66972035442054,14.2129854559212,2.37414187643021
2020-05-20,2528,42,2480,42,48,0,2750,45,74416,1740,77166,1785,0,52,13,362,29,2114,3,235,55,"East TN",2455501,11.4436931607847,0.0230627306273063,72.6939227473334,1.71044524111373,14.7424089829326,2.30627306273063
2020-05-21,2769,241,2720,240,49,1,2988,238,75878,1462,78866,1700,0,52,211,573,30,2144,4,239,56,"East TN",2455501,19.9959193663533,0.0368998432825189,69.2323073784128,9.81469769305734,23.3353600751944,3.68998432825189
2020-05-22,2860,91,2808,88,52,3,3066,78,77402,1524,80468,1602,0,52,40,613,51,2195,7,246,56,"East TN",2455501,22.5615872280239,0.0420806985847636,65.2412684824808,3.70596468907974,24.9643555429218,4.20806985847636
2020-05-23,2926,66,2870,62,56,4,3157,91,79617,2215,82774,2306,2,54,36,649,28,2223,7,253,57,"East TN",2455501,24.8421808828422,0.0493634304459892,93.9115887144823,2.68784252175014,26.4304514638764,4.93634304459892
2020-05-24,2978,52,2922,52,56,0,3227,70,81737,2120,84964,2190,0,54,26,675,26,2249,0,253,58,"East TN",2455501,23.7018840554331,0.0491092542960744,89.187501858073,2.11769410804557,27.4892985178992,4.91092542960744
2020-05-25,3062,84,3005,83,57,1,3321,94,84387,2650,87708,2744,1,55,42,717,41,2290,2,255,58,"East TN",2455501,25.1272550896945,0.0486250092654362,111.749089086097,3.42089048222746,29.1997437590129,4.86250092654362
2020-05-26,3123,61,3057,52,66,9,3377,56,86773,2386,90150,2442,1,56,15,732,45,2335,3,258,58,"East TN",2455501,25.9417528235582,0.0455007109486086,99.4501733047553,2.48421808828422,29.8106170594107,4.55007109486086
2020-05-27,3199,76,3130,73,69,3,3444,67,88640,1867,92084,1934,0,56,40,772,36,2371,9,267,58,"East TN",2455501,27.3263989711265,0.0465209813647942,78.7619308646179,3.09509138868198,31.439612527138,4.65209813647942
2020-05-28,3273,74,3204,74,69,0,3511,67,90039,1399,93550,1466,0,56,14,786,60,2431,1,268,58,"East TN",2455501,20.5253428933647,0.0356169980931626,59.7026838922077,3.01364161529562,32.0097609408426,3.56169980931626
2020-05-29,3348,75,3278,74,70,1,3594,83,91317,1278,94911,1361,0,56,10,796,65,2496,4,272,58,"East TN",2455501,19.8737447062738,0.0365575019040366,55.4265707894234,3.0543665019888,32.4170098077745,3.65575019040366
2020-05-30,3421,73,3350,72,71,1,3675,81,93562,2245,97237,2326,0,56,-1,795,74,2570,5,277,59,"East TN",2455501,20.1588189131261,0.0358155292816152,94.726086448346,2.97291672860243,32.3762849210813,3.58155292816152
2020-05-31,3533,112,3460,110,73,2,3769,94,96345,2783,100114,2877,0,56,71,866,41,2611,1,278,60,"East TN",2455501,22.6023121147171,0.0357755775577558,117.16549901629,4.56118730963661,35.2677518762973,3.57755775577558
2020-06-01,3629,96,3553,93,76,3,3903,134,100176,3831,104079,3965,0,56,-169,697,265,2876,5,283,60,"East TN",2455501,23.0910107550353,0.0355506688656771,161.474175738475,3.90958912254566,28.3852460251492,3.55506688656771
2020-06-02,3736,107,3658,105,78,2,4018,115,104235,4059,108253,4174,1,57,16,713,90,2966,3,286,64,"East TN",2455501,24.9643555429218,0.0354084958294205,169.98567705735,4.35756287617069,29.0368442122402,3.54084958294205
2020-06-03,3786,50,3708,50,78,0,4068,50,106166,1931,110234,1981,0,57,-65,648,115,3081,4,290,65,"East TN",2455501,23.905508488899,0.0343801652892562,80.6760005391975,2.0362443346592,26.3897265771832,3.43801652892562
2020-06-04,3837,51,3757,49,80,2,4129,61,107714,1548,111843,1609,6,63,-37,611,82,3163,5,295,66,"East TN",2455501,22.9688360949558,0.0337834144208167,65.526342689333,2.07696922135238,24.8829057695354,3.37834144208167
2020-06-05,3936,99,3852,95,84,4,4211,82,109870,2156,114081,2238,1,64,-43,568,141,3304,4,299,67,"East TN",2455501,23.9462333755922,0.0321857068335942,91.1422964193458,4.03176378262522,23.1317356417285,3.21857068335942
2020-06-06,3989,53,3902,50,87,3,4286,75,112974,3104,117260,3179,1,65,-14,554,66,3370,4,303,67,"East TN",2455501,23.1317356417285,0.0305149078559656,129.464414797632,2.15841899473875,22.5615872280239,3.05149078559656
2020-06-07,4047,58,3958,56,89,2,4367,81,116931,3957,121298,4038,0,65,-8,546,66,3436,6,309,68,"East TN",2455501,20.9325917602966,0.0282288519637462,164.447092467077,2.36204342820467,22.2357881344785,2.82288519637462
2020-06-08,4207,160,4114,156,93,4,4524,157,119882,2951,124406,3108,0,65,75,621,85,3521,6,315,68,"East TN",2455501,23.5389845086604,0.0305504993358587,126.572947842416,6.51598187090944,25.2901546364673,3.05504993358587
2020-06-09,4315,108,4221,107,94,1,4642,118,122209,2327,126851,2445,1,66,-35,586,142,3663,7,322,69,"East TN",2455501,23.5797093953535,0.0335519948381546,99.5723479648349,4.39828776286387,23.8647836022058,3.35519948381546
2020-06-10,4392,77,4295,74,97,3,4716,74,125046,2837,129762,2911,0,66,-63,523,140,3803,6,328,69,"East TN",2455501,24.6792813360695,0.0331831216714461,118.550145163859,3.13581627537517,21.2991157405352,3.31831216714461
2020-06-11,4656,264,4557,262,99,2,4996,280,127337,2291,132333,2571,1,67,149,672,114,3917,8,336,69,"East TN",2455501,33.3536822017177,0.0423133235724744,104.703683688176,10.7513700870006,27.3671238578196,4.23133235724744
2020-06-12,4827,171,4727,170,100,1,5168,172,129963,2626,135131,2798,2,69,24,696,145,4062,3,339,70,"East TN",2455501,36.2858740436269,0.0454631828978622,113.948232967529,6.96395562453446,28.3445211384561,4.54631828978622
2020-06-13,4975,148,4871,144,104,4,5336,168,132154,2191,137490,2359,0,69,50,746,98,4160,4,343,71,"East TN",2455501,40.1547382794794,0.0519031141868512,96.0700077092211,6.02728323059123,30.3807654731153,5.19031141868512
2020-06-14,5091,116,4986,115,105,1,5471,135,136024,3870,141495,4005,0,69,30,776,86,4246,4,347,72,"East TN",2455501,42.5167817076841,0.0546615834034758,163.103171206202,4.72408685640934,31.6025120739108,5.46615834034758
2020-06-15,5273,182,5157,171,116,11,5650,179,139197,3173,144847,3352,0,69,58,834,124,4370,9,356,77,"East TN",2455501,43.4127292149341,0.0550853676434617,136.509820195553,7.41192937815949,33.9645555021155,5.50853676434617
2020-06-16,5427,154,5309,152,118,2,5808,158,140997,1800,146805,1958,3,72,64,898,87,4457,4,360,80,"East TN",2455501,45.2860740028206,0.0584343991179713,79.7393281452543,6.27163255075034,36.5709482504792,5.84343991179713
2020-06-17,5560,133,5439,130,121,3,5930,122,142437,1440,148367,1562,3,75,-6,892,136,4593,6,366,82,"East TN",2455501,47.5666676576389,0.0652512765385649,63.6122730147534,5.41640993019347,36.3265989303201,6.52512765385649
2020-06-18,5738,178,5616,177,122,1,6136,206,146028,3591,152164,3797,1,76,42,934,135,4728,12,378,82,"East TN",2455501,44.0643274020251,0.0574857546265947,154.63239477402,7.24902983138675,38.0370441714339,5.74857546265947
2020-06-19,5873,135,5747,131,126,4,6254,118,147493,1465,153747,1583,4,80,22,956,109,4837,13,391,83,"East TN",2455501,42.5982314810705,0.0583369144821659,64.4674956353103,5.49785970357984,38.9329916786839,5.83369144821659
2020-06-20,5939,66,5812,65,127,1,6349,95,149668,2175,156017,2270,0,80,-44,912,110,4947,7,398,83,"East TN",2455501,39.2587907722294,0.0546769579532574,92.4454927935277,2.68784252175014,37.1410966641838,5.46769579532574
2020-06-21,6027,88,5899,87,128,1,6468,119,153018,3350,159486,3469,1,81,0,912,87,5034,3,401,86,"East TN",2455501,38.1184939448202,0.0554165971874826,141.274631938655,3.58379002900019,37.1410966641838,5.54165971874826
2020-06-22,6223,196,6088,189,135,7,6666,198,156429,3411,163095,3609,1,82,43,955,152,5186,7,408,87,"East TN",2455501,38.6886423585248,0.0556773345024112,146.976116075701,7.98207779186406,38.8922667919907,5.56773345024112
2020-06-23,6413,190,6272,184,141,6,6850,184,158233,1804,165083,1988,4,86,57,1012,129,5315,15,423,87,"East TN",2455501,40.1547382794794,0.0570084254294781,80.9610747460498,7.73772847170496,41.2135853335022,5.70084254294781
2020-06-24,6591,178,6448,176,143,2,7033,183,159864,1631,166897,1814,2,88,38,1050,138,5453,9,432,87,"East TN",2455501,41.9873581806727,0.0595250944414463,73.8749444614358,7.24902983138675,42.7611310278432,5.95250944414463
2020-06-25,6760,169,6608,160,152,9,7217,184,163037,3173,170254,3357,0,88,22,1072,147,5600,8,440,87,"East TN",2455501,41.620834200434,0.0597567716970702,136.713444629019,6.8825058511481,43.6570785350932,5.97567716970702
2020-06-26,6974,214,6812,204,162,10,7389,172,164625,1588,172014,1760,1,89,67,1139,146,5746,16,456,87,"East TN",2455501,44.8381002491956,0.0621339026660097,71.6758005800038,8.71512575234138,46.3856459435366,6.21339026660097
2020-06-27,7048,74,6881,69,167,5,7435,46,164834,209,172269,255,-1,88,-52,1087,127,5873,5,461,89,"East TN",2455501,45.1638993427411,0.0668225449175486,10.3848461067619,3.01364161529562,44.267951835491,6.68225449175486
2020-06-28,7175,127,7006,125,169,2,7606,171,167921,3087,175527,3258,0,88,30,1117,97,5970,5,466,90,"East TN",2455501,46.7521699237752,0.0709432080294246,132.681680846393,5.17206061003437,45.4896984362865,7.09432080294246
2020-06-29,7518,343,7347,341,171,2,7946,340,173189,5268,181135,5608,1,89,147,1264,195,6165,22,488,91,"East TN",2455501,52.7387282676733,0.0709534368070953,228.385164575376,13.9686361357621,51.4762567801846,7.09534368070953
2020-06-30,7788,270,7613,266,175,4,8394,448,179475,6286,187869,6734,0,89,100,1364,170,6335,22,510,92,"East TN",2455501,55.996719203128,0.0677609058193628,274.241386991901,10.9957194071597,55.548745449503,6.77609058193628
2020-07-01,8063,275,7885,272,178,3,8728,334,182679,3204,191407,3538,0,89,66,1430,209,6544,17,527,95,"East TN",2455501,59.9470332123668,0.0691554467564259,144.084649120485,11.1993438406256,58.2365879712531,6.91554467564259
2020-07-02,8543,480,8360,475,183,5,9334,606,189062,6383,198396,6989,2,91,314,1744,164,6708,25,552,98,"East TN",2455501,72.6124729739471,0.0752256413900931,284.626233098663,19.5479456127283,71.0242023929129,7.52256413900931
2020-07-03,8769,226,8580,220,189,6,9562,228,192417,3355,201979,3583,5,96,24,1768,197,6905,14,566,99,"East TN",2455501,73.1011716142653,0.0725179375938595,145.917269021678,9.20382439265958,72.0015996735493,7.25179375938595
2020-07-04,8989,220,8798,218,191,2,9842,280,197181,4764,207023,5044,2,98,77,1845,141,7046,15,581,105,"East TN",2455501,79.0470050714701,0.0692582148817402,205.41632848042,8.95947507250048,75.1374159489245,6.92582148817402
2020-07-05,9309,320,9117,319,192,1,10210,368,201027,3846,211237,4214,2,100,163,2008,155,7201,12,593,108,"East TN",2455501,86.9069082032546,0.0729207504900588,171.614672525077,13.0319637418189,81.7755724799135,7.29207504900588
2020-07-06,9543,234,9340,223,203,11,10420,210,202658,1631,213078,1841,4,104,-51,1957,281,7482,26,619,108,"East TN",2455501,82.4678955536976,0.0774504586294337,74.9745164021517,9.52962348620506,79.6986032585611,7.74504586294337
2020-07-07,9991,448,9779,439,212,9,10986,566,208936,6278,219922,6844,0,104,159,2116,289,7771,32,651,109,"East TN",2455501,89.7169253850844,0.080866065578885,278.721124528151,18.2447492385464,86.1738602427773,8.0866065578885
2020-07-08,10372,381,10150,371,222,10,11420,434,213106,4170,224526,4604,1,105,61,2177,319,8090,20,671,109,"East TN",2455501,94.0337633745619,0.0812826474229294,187.497378335419,15.5161818301031,88.6580783310616,8.12826474229294
2020-07-09,10821,449,10585,435,236,14,11892,472,219055,5949,230947,6421,1,106,149,2326,299,8389,24,695,113,"East TN",2455501,92.7712918870731,0.0785843752880096,261.494497456934,18.2854741252396,94.726086448346,7.85843752880096
2020-07-10,11288,467,11040,455,248,12,12345,453,222339,3284,234684,3737,0,106,141,2467,326,8715,29,724,115,"East TN",2455501,102.58598958013,0.0850940223207461,152.188901572429,19.0185220857169,100.468295472085,8.50940223207461
2020-07-11,11594,306,11339,299,255,7,12767,422,226817,4478,239584,4900,5,111,44,2511,257,8972,23,747,120,"East TN",2455501,106.088329835744,0.0898313933847241,199.551944796602,12.4618153281143,102.260190486585,8.98313933847241
2020-07-12,12064,470,11801,462,263,8,13400,633,232747,5930,246147,6563,1,112,222,2733,247,9219,25,772,125,"East TN",2455501,112.197062839722,0.0913778287023775,267.277431367367,19.1406967457965,111.301115332472,9.13778287023775
2020-07-13,12418,354,12142,341,276,13,13743,343,236181,3434,249924,3777,3,115,-119,2614,470,9689,20,792,129,"East TN",2455501,117.084049242904,0.0901861803180807,153.817897040156,14.4166098893871,106.454853815983,9.01861803180807
2020-07-14,12933,515,12652,510,281,5,14327,584,240669,4488,254996,5072,4,119,77,2691,434,10123,34,826,133,"East TN",2455501,119.812616651347,0.0952557449962936,206.556625307829,20.9733166469898,109.590670091358,9.52557449962936
2020-07-15,13313,380,13026,374,287,6,14710,383,243766,3097,258476,3480,6,125,-106,2585,480,10603,24,850,140,"East TN",2455501,119.771891764654,0.0969072164948454,141.72260569228,15.4754569434099,105.273832101881,9.69072164948454
2020-07-16,14140,827,13838,812,302,15,15807,1097,253598,9832,269405,10929,6,131,349,2934,472,11075,44,894,142,"East TN",2455501,135.165898934678,0.10179936554163,445.082286669808,33.6794812952632,119.486817557802,10.179936554163
2020-07-17,14608,468,14292,454,316,14,16318,511,257917,4319,274235,4830,3,134,95,3029,370,11445,24,918,147,"East TN",2455501,135.206623821371,0.10045258021289,196.701202728079,19.0592469724101,123.355681793654,10.045258021289
2020-07-18,15117,509,14786,494,331,15,16986,668,266007,8090,282993,8758,6,140,185,3214,318,11763,27,945,150,"East TN",2455501,143.473775820087,0.0971918265797415,356.668557658905,20.7289673268307,130.889785831893,9.71918265797415
2020-07-19,15598,481,15248,462,350,19,17546,560,270861,4854,288407,5414,0,140,76,3290,405,12168,26,971,154,"East TN",2455501,143.921749573712,0.0981069569332702,220.484536556898,19.5886704994215,133.984877220575,9.81069569332702
2020-07-20,16033,435,15668,420,365,15,17957,411,273318,2457,291275,2868,2,142,-271,3019,704,12872,29,1000,158,"East TN",2455501,147.22046539586,0.101908055427922,116.798975036052,17.715325711535,122.948432926722,10.1908055427922
2020-07-21,17034,1001,16652,984,382,17,19169,1212,281696,8378,300865,9590,1,143,381,3400,619,13491,61,1061,161,"East TN",2455501,167.012760328748,0.10556149033116,390.551663387635,40.7656115798772,138.464614756826,10.556149033116
2020-07-22,17618,584,17220,568,398,16,19823,654,284996,3300,304819,3954,4,147,-79,3321,659,14150,29,1090,166,"East TN",2455501,175.320637214157,0.110329499600803,161.02620198485,23.7833338288195,135.247348708064,11.0329499600803
2020-07-23,18412,794,17992,772,420,22,20822,999,295199,10203,316021,11202,4,151,242,3563,548,14698,50,1140,172,"East TN",2455501,173.976715953282,0.107581088038442,456.200180737047,32.3355600343881,145.102771287815,10.7581088038442
2020-07-24,19015,603,18582,590,433,13,21506,684,301009,5810,322515,6494,2,153,7,3570,594,15292,34,1174,179,"East TN",2455501,179.474575656862,0.107456503728252,264.467414185537,24.55710667599,145.387845494667,10.7456503728252
2020-07-25,19992,977,19547,965,445,12,22707,1201,310622,9613,333329,10814,10,163,549,4119,418,15710,29,1203,187,"East TN",2455501,198.533822629272,0.113656230133503,440.398924700092,39.7882142992408,167.745808289225,11.3656230133503
2020-07-26,20767,775,20307,760,460,15,23604,897,318145,7523,341749,8420,1,164,391,4510,383,16093,21,1224,194,"East TN",2455501,210.506939317068,0.113569045030183,342.903545956609,31.5617871872176,183.66923898626,11.3569045030183
2020-07-27,21412,645,20930,623,482,22,24309,705,322611,4466,346920,5171,6,170,-78,4432,717,16810,38,1262,198,"East TN",2455501,219.059165522637,0.114152214933956,210.588389090454,26.2675519171037,180.492697824191,11.4152214933956
2020-07-28,22227,815,21722,792,505,23,25281,972,330831,8220,356112,9192,7,177,170,4602,638,17448,50,1312,203,"East TN",2455501,211.484336597704,0.110630441471935,374.343158483747,33.190782654945,187.415928562033,11.0630441471935
2020-07-29,22570,343,22054,332,516,11,25597,316,332401,1570,357998,1886,5,182,-337,4265,675,18123,24,1336,212,"East TN",2455501,201.669638904647,0.108576693807706,76.807136303345,13.9686361357621,173.69164174643,10.8576693807706
2020-07-30,23757,1187,23226,1172,531,15,26977,1380,344935,12534,371912,13914,5,187,673,4938,509,18632,46,1382,219,"East TN",2455501,217.674519375068,0.110125064858385,566.646073448962,48.3404405048094,201.099490490943,11.0125064858385
2020-07-31,24379,622,23832,606,547,16,27631,654,348902,3967,376533,4621,6,193,80,5018,536,19168,27,1409,228,"East TN",2455501,218.448292222239,0.113388129882632,188.189701409203,25.3308795231604,204.357481426397,11.3388129882632
2020-08-01,24938,559,24374,542,564,17,28267,636,355877,6975,384144,7611,1,194,152,5170,406,19574,16,1425,231,"East TN",2455501,201.425289584488,0.109416510872774,309.957112621823,22.7652116614899,210.547664203761,10.9416510872774
2020-08-02,25369,431,24794,420,575,11,28750,483,359675,3798,388425,4281,4,198,50,5220,377,19951,21,1446,236,"East TN",2455501,187.415928562033,0.110249378695689,174.343239933521,17.5524261647623,212.58390853842,11.0249378695689
2020-08-03,25995,626,25402,608,593,18,29458,708,363819,4144,393277,4852,3,201,-43,5177,666,20617,39,1485,244,"East TN",2455501,186.642155714862,0.111072761395259,197.597150235329,25.4937790699332,210.832738410614,11.1072761395259
2020-08-04,26481,486,25868,466,613,20,29984,526,369190,5371,399174,5897,6,207,-218,4959,698,21315,34,1519,253,"East TN",2455501,173.243667992805,0.109214620779341,240.154656829706,19.7922949328874,201.954713111499,10.9214620779341
2020-08-05,26949,468,26328,460,621,8,30505,521,373403,4213,403908,4734,9,216,-221,4738,680,21995,20,1539,259,"East TN",2455501,178.334278829453,0.106904813766064,192.791613605533,19.0592469724101,192.954513152306,10.6904813766064
2020-08-06,27679,730,27020,692,659,38,31356,851,380473,7070,411829,7921,7,223,202,4940,521,22516,37,1576,265,"East TN",2455501,159.723005610668,0.109702632963399,322.58182749671,29.7291672860243,201.180940264329,10.9702632963399
2020-08-07,28234,555,27561,541,673,14,31975,619,384442,3969,416417,4588,6,229,41,4981,508,23024,34,1610,278,"East TN",2455501,156.994438202224,0.108915855982349,186.845780148328,22.6023121147171,202.850660618749,10.8915855982349
2020-08-08,28909,675,28224,663,685,12,32775,800,394519,10077,427294,10877,8,237,290,5271,377,23401,24,1634,289,"East TN",2455501,161.718525058634,0.104472769409038,442.964592561762,27.4892985178992,214.660877759773,10.4472769409038
2020-08-09,29437,528,28740,516,697,12,33409,634,398820,4301,432229,4935,2,239,115,5386,411,23812,20,1654,296,"East TN",2455501,165.668839067873,0.106360149758013,200.977315830863,21.5027401740012,219.344239729489,10.6360149758013
2020-08-10,29740,303,29032,292,708,11,33737,328,401108,2288,434845,2616,3,242,-477,4909,777,24589,26,1680,300,"East TN",2455501,152.514700665974,0.102939761354888,106.536303589369,12.3396406680348,199.91846877684,10.2939761354888
2020-08-11,30352,612,29627,595,725,17,34422,685,407208,6100,441630,6785,17,259,-7,4902,602,25191,28,1708,305,"East TN",2455501,157.646036389315,0.104531750518184,276.318356213253,24.9236306562286,199.633394569988,10.4531750518184
2020-08-12,30797,445,30051,424,746,21,34896,474,410956,3748,445852,4222,6,265,-251,4651,690,25881,25,1733,310,"East TN",2455501,156.709363995372,0.104687201983597,171.940471618623,18.1225745784669,189.411448009999,10.4687201983597
2020-08-13,31614,817,30855,804,759,13,36013,1117,419519,8563,455532,9680,6,271,202,4853,609,26490,44,1777,318,"East TN",2455501,160.252429137679,0.106560190375947,394.216903190021,33.2722324283313,197.637875122022,10.6560190375947
2020-08-14,32075,461,31287,432,788,29,36547,534,424175,4656,460722,5190,4,275,-142,4711,599,27089,18,1795,325,"East TN",2455501,156.42428978852,0.103193770454802,211.362161937625,18.7741727655578,191.85494121159,10.3193770454802
2020-08-15,32725,650,31925,638,800,12,37424,877,431110,6935,468534,7812,4,279,216,4927,430,27519,17,1812,334,"East TN",2455501,155.40616762119,0.112730358874879,318.142814847153,26.4711763505696,200.651516737318,11.2730358874879
2020-08-16,33199,474,32388,463,811,11,38017,593,436575,5465,474592,6058,2,281,110,5037,362,27881,10,1822,343,"East TN",2455501,153.207023739758,0.108774166135543,246.711363587309,19.3035962925692,205.131254273568,10.8774166135543
2020-08-17,33472,273,32591,203,881,70,38244,227,438047,1472,476291,1699,8,289,-396,4641,661,28542,12,1834,349,"East TN",2455501,151.985277138963,0.108743907735367,69.1915824917196,11.1178940672392,189.004199143067,10.8743907735366
2020-08-18,34102,630,33156,565,946,65,39056,812,448643,10596,487699,11408,8,297,52,4693,570,29112,22,1856,352,"East TN",2455501,152.71832509944,0.100588248062689,464.589507395843,25.6566786167059,191.121893251113,10.0588248062689
2020-08-19,34557,455,33590,434,967,21,39553,497,453426,4783,492979,5280,7,304,-113,4580,561,29673,22,1878,359,"East TN",2455501,153.125573966372,0.0988180872960299,215.027401740011,18.5298234453987,186.519981054783,9.88180872960299
2020-08-20,35333,776,34345,755,988,21,40425,872,464963,11537,505388,12409,6,310,263,4843,507,30180,27,1905,367,"East TN",2455501,151.455853611951,0.08849486521181,505.35511897572,31.6025120739108,197.23062625509,8.849486521181
2020-08-21,35542,209,34542,197,1000,12,40638,213,467414,2451,508052,2664,17,327,-321,4522,513,30693,17,1922,374,"East TN",2455501,141.193182165269,0.0864356644834143,108.491098150642,8.51150131887546,184.157937626578,8.64356644834143
2020-08-22,36411,869,35399,857,1012,12,41610,972,480783,13369,522393,14341,2,329,453,4975,414,31107,20,1942,381,"East TN",2455501,150.111932351076,0.0777214578807627,584.035600066952,35.3899265363769,202.60631129859,7.77214578807627
2020-08-23,36664,253,35641,242,1023,11,41864,254,485887,5104,527751,5358,0,329,-94,4881,347,31454,20,1962,386,"East TN",2455501,141.111732391883,0.0723678022536165,218.20394290208,10.3033963333756,198.778171949431,7.23678022536165
2020-08-24,36856,192,35816,175,1040,17,42062,198,487230,1343,529292,1541,8,337,-485,4396,669,32123,15,1977,396,"East TN",2455501,137.813016569735,0.0720363766721383,62.7570503941965,7.81917824509133,179.026601903237,7.20363766721383
2020-08-25,37470,614,36405,589,1065,25,42747,685,496964,9734,539711,10419,16,353,119,4515,479,32602,23,2000,405,"East TN",2455501,137.161418382644,0.0709643928324233,424.312594456284,25.005080429615,183.872863419726,7.09643928324233
2020-08-26,37813,343,36723,318,1090,25,43130,383,500926,3962,544056,4345,6,359,-210,4305,547,33149,11,2011,413,"East TN",2455501,132.600231073007,0.0700315210368659,176.949632681884,13.9686361357621,175.320637214157,7.00315210368659
2020-08-27,38674,861,37567,844,1107,17,44106,976,511218,10292,555324,11268,8,367,387,4692,466,33615,29,2040,420,"East TN",2455501,136.061846441928,0.0737143543735982,458.888023258797,35.0641274428314,191.081168364419,7.37143543735982
2020-08-28,39008,334,37881,314,1127,20,44444,338,513828,2610,558272,2948,12,379,-182,4510,504,34119,10,2050,426,"East TN",2455501,141.152457278576,0.0757865392273994,120.056965971506,13.6021121555235,183.66923898626,7.57865392273994
2020-08-29,39459,451,38316,435,1143,16,44972,528,520347,6519,565319,7047,8,387,61,4571,382,34501,16,2066,435,"East TN",2455501,124.129454640825,0.0783208311978754,286.988276526868,18.366923898626,186.153457074544,7.83208311978754
2020-08-30,39722,263,38568,252,1154,11,45239,267,522228,1881,567467,2148,8,395,-55,4516,310,34811,14,2080,438,"East TN",2455501,124.536703507757,0.0849783462584349,87.4770566169592,10.7106452003074,183.913588306419,8.49783462584349
2020-08-31,40129,407,38946,378,1183,29,45689,450,525715,3487,571404,3937,2,397,-133,4383,538,35349,17,2097,443,"East TN",2455501,133.292554146791,0.0861274696048632,160.333878911065,16.5750288841259,178.497178376225,8.61274696048632
2020-09-01,40736,607,39511,565,1225,42,46363,674,531379,5664,577742,6338,6,403,105,4488,496,35845,28,2125,452,"East TN",2455501,133.007479939939,0.0950803292051221,258.1143318614,24.7200062227627,182.77329147901,9.50803292051221
2020-09-02,41224,488,39970,459,1254,29,46816,453,536172,4793,582988,5246,7,410,23,4511,458,36303,22,2147,459,"East TN",2455501,138.912588510451,0.0946778999280797,213.642755592443,19.8737447062738,183.709963872953,9.46778999280797
2020-09-03,41779,555,40492,522,1287,33,47463,647,544428,8256,591891,8903,6,416,-39,4472,588,36891,22,2169,462,"East TN",2455501,126.450773182336,0.0918040856509968,362.573666229417,22.6023121147171,182.121693291919,9.18040856509968
2020-09-04,42136,357,40835,343,1301,14,47811,348,547760,3332,595571,3680,7,423,-40,4432,390,37281,11,2180,463,"East TN",2455501,127.38744557628,0.0902705166358347,149.867583030917,14.5387845494667,180.492697824191,9.02705166358347
2020-09-05,43134,998,41818,983,1316,15,48901,1090,557078,9318,605979,10408,1,424,641,5073,356,37637,26,2206,469,"East TN",2455501,149.663958597451,0.0966305951795376,423.864620702659,40.6434369197976,206.597350194522,9.66305951795376
2020-09-06,43397,263,42065,247,1332,16,49169,268,559704,2626,608873,2894,0,424,-51,5022,314,37951,9,2215,483,"East TN",2455501,149.663958597451,0.0949137806115056,117.857822090074,10.7106452003074,204.52038097317,9.49137806115056
2020-09-07,43601,204,42262,197,1339,7,49406,237,561040,1336,610446,1573,3,427,-342,4680,543,38494,13,2228,487,"East TN",2455501,141.396806598735,0.095205163669894,64.0602467683784,8.30787688540954,190.592469724101,9.5205163669894
2020-09-08,43912,311,42551,289,1361,22,49726,320,564467,3427,614193,3747,7,434,-302,4378,606,39100,24,2252,494,"East TN",2455501,129.342240137552,0.0922608433239143,152.59615043936,12.6654397615802,178.29355394276,9.22608433239143
2020-09-09,44245,333,42867,316,1378,17,50100,374,569613,5146,619713,5520,6,440,-161,4217,488,39588,16,2268,501,"East TN",2455501,123.029882700109,0.0894213750850919,224.801374546376,13.5613872688303,171.736847185157,8.94213750850919
2020-09-10,44920,675,43505,638,1415,37,50807,707,577422,7809,628229,8516,18,458,194,4411,463,40051,39,2307,512,"East TN",2455501,127.916869103291,0.0920248775386648,346.813135079155,27.4892985178992,179.637475203635,9.20248775386648
2020-09-11,45245,325,43807,302,1438,23,51161,354,581582,4160,632743,4514,17,475,-206,4205,514,40565,26,2333,523,"East TN",2455501,126.613672729109,0.0901215969008932,183.832138533033,13.2355881752848,171.248148544839,9.01215969008931
2020-09-12,45663,418,44207,400,1456,18,51672,511,588568,6986,640240,7497,10,485,91,4296,317,40882,14,2347,534,"East TN",2455501,102.993238447062,0.0808791337088818,305.3144755388,17.0230026377509,174.954113233918,8.08791337088818
2020-09-13,46102,439,44626,419,1476,20,52172,500,594142,5574,646314,6074,2,487,47,4343,390,41272,21,2368,539,"East TN",2455501,110.160818505063,0.0802061910739564,247.3629617744,17.8782252583078,176.868182908498,8.02061910739564
2020-09-14,46546,444,45055,429,1491,15,52657,485,599116,4974,651773,5459,9,496,-151,4192,586,41858,25,2393,549,"East TN",2455501,119.934791311427,0.0786652793573209,222.317156458091,18.0818496917737,170.718725017827,7.86652793573209
2020-09-15,47039,493,45511,456,1528,37,53197,540,607292,8176,660489,8716,7,503,-66,4126,552,42410,20,2413,552,"East TN",2455501,127.346720689586,0.0749740798341109,354.958112417792,20.0773691397397,168.030882496077,7.49740798341109
2020-09-16,47392,353,45821,310,1571,43,53591,394,610706,3414,664297,3808,6,509,-175,3951,522,42932,17,2430,561,"East TN",2455501,128.16121842345,0.0783016328727795,155.080368527645,14.375885002694,160.90402732477,7.83016328727795
2020-09-17,47943,551,46340,519,1603,32,54168,577,617881,7175,672049,7752,8,517,119,4070,424,43356,21,2451,572,"East TN",2455501,123.111332473495,0.0767001369237791,315.699321645562,22.4394125679444,165.750288841259,7.67001369237791
2020-09-18,48477,534,46826,486,1651,48,54734,566,625996,8115,680730,8681,17,534,-29,4041,546,43902,30,2481,578,"East TN",2455501,131.622833792371,0.0744576656177715,353.53274138353,21.7470894941603,164.569267127157,7.44576656177715
2020-09-19,48985,508,47311,485,1674,23,55307,573,634349,8353,689656,8926,3,537,193,4234,312,44214,30,2511,580,"East TN",2455501,135.288073594757,0.073559171118666,363.51033862336,20.6882424401375,172.429170258941,7.3559171118666
2020-09-20,49291,306,47592,281,1699,25,55636,329,639308,4959,694944,5288,1,538,-19,4215,324,44538,13,2524,591,"East TN",2455501,129.871663664564,0.0712317499485914,215.353200833557,12.4618153281143,171.655397411771,7.12317499485914
2020-09-21,49454,163,47725,133,1729,30,55788,152,640825,1517,696613,1669,3,541,-208,4007,368,44906,9,2533,596,"East TN",2455501,118.427970503779,0.0698260481712756,67.9698358909241,6.63815653098899,163.184620979588,6.98260481712756
2020-09-22,49914,460,48127,402,1787,58,56278,490,646973,6148,703251,6638,6,547,-55,3952,509,45415,29,2562,603,"East TN",2455501,117.084049242904,0.072049950890978,270.331797869355,18.7334478788646,160.944752211463,7.2049950890978
2020-09-23,50208,294,48381,254,1827,40,56560,282,649066,2093,705626,2375,8,555,-216,3736,502,45917,13,2575,612,"East TN",2455501,114.681280928006,0.0718381765830289,96.721605896312,11.9731166877961,152.148176685735,7.18381765830289
2020-09-24,50671,463,48823,442,1848,21,57040,480,655958,6892,712998,7372,11,566,-36,3700,488,46405,28,2603,617,"East TN",2455501,111.097490899006,0.070136022857701,300.223864702152,18.8556225389442,150.682080764781,7.0136022857701
2020-09-25,51125,454,49253,430,1872,24,57526,486,662632,6674,720158,7160,11,577,14,3714,429,46834,18,2621,624,"East TN",2455501,107.839499963551,0.0708126204727605,291.590188723197,18.4890985587055,151.252229178485,7.08126204727605
2020-09-26,51683,558,49787,534,1896,24,58164,638,673187,10555,731351,11193,5,582,194,3908,359,47193,29,2650,631,"East TN",2455501,109.87574429821,0.0685214054442979,455.833656756809,22.7244867747967,159.152857196963,6.85214054442979
2020-09-27,52076,393,50152,365,1924,28,58571,407,679206,6019,737777,6426,3,585,91,3999,299,47492,30,2680,638,"East TN",2455501,113.418809440517,0.0685219340228329,261.6981218904,16.0048804704213,162.858821886043,6.85219340228329
2020-09-28,52310,234,50347,195,1963,39,58796,225,680894,1688,739690,1913,4,589,-314,3685,544,48036,15,2695,645,"East TN",2455501,116.310276395733,0.0698284467349165,77.906708244061,9.52962348620506,150.071207464383,6.98284467349165
2020-09-29,52693,383,50687,340,2006,43,59193,397,686704,5810,745897,6207,9,598,-44,3641,418,48454,33,2728,647,"East TN",2455501,113.174460120358,0.0683534211883881,252.779371704593,15.5976316034895,148.279312449883,6.83534211883881
2020-09-30,53175,482,51137,450,2038,32,59669,476,690142,3438,749811,3914,6,604,80,3721,396,48850,23,2751,651,"East TN",2455501,120.830738818677,0.0703632454452869,159.397206517122,19.6293953861147,151.537303385338,7.03632454452869
2020-10-01,53563,388,51486,349,2077,39,60048,379,693421,3279,753469,3658,11,615,0,3721,377,49227,31,2782,656,"East TN",2455501,117.776372316688,0.0743248251834647,148.971635523667,15.8012560369554,151.537303385338,7.43248251834647
2020-10-02,54027,464,51922,436,2105,28,60510,462,697042,3621,757552,4083,2,617,23,3744,439,49666,17,2799,660,"East TN",2455501,118.18362118362,0.0797988982189656,166.27971236827,18.8963474256374,152.473975779281,7.97988982189656
2020-10-03,54432,405,52310,388,2122,17,60993,483,704502,7460,765495,7943,12,629,83,3827,310,49976,22,2821,666,"East TN",2455501,111.952713519563,0.0828549671977507,323.477775003961,16.4935791107395,155.854141374815,8.28549671977507
2020-10-04,54887,455,52735,425,2152,30,61532,539,714626,10124,776158,10663,4,633,144,3971,307,50283,27,2848,679,"East TN",2455501,114.47765649454,0.0771475469633412,434.249466809421,18.5298234453987,161.718525058634,7.71475469633412
2020-10-05,55558,671,53347,612,2211,59,62283,751,721875,7249,784158,8000,5,638,151,4122,515,50798,42,2890,688,"East TN",2455501,132.274431979462,0.0784159395520374,325.799093545472,27.3263989711265,167.867982949304,7.84159395520374
2020-10-06,56308,750,54013,666,2295,84,63022,739,728514,6639,791536,7378,8,646,302,4424,440,51238,46,2936,697,"East TN",2455501,147.22046539586,0.0838975437673919,300.468214022312,30.543665019888,180.166898730646,8.38975437673919
2020-10-07,57045,737,54672,659,2373,78,63730,708,735267,6753,798997,7461,3,649,293,4717,441,51679,38,2974,703,"East TN",2455501,157.605311502622,0.0825641442686944,303.848379617846,30.0142414928766,192.099290531749,8.25641442686944
2020-10-08,57763,718,55329,657,2434,61,64408,678,741728,6461,806136,7139,10,659,266,4983,442,52121,32,3006,709,"East TN",2455501,171.044524111373,0.082784286175404,290.734966102641,29.2404686457061,202.932110392136,8.2784286175404
2020-10-09,58304,541,55828,499,2476,42,64968,560,747207,5479,812175,6039,4,663,123,5106,414,52535,20,3026,716,"East TN",2455501,174.180340386748,0.0816139721362796,245.937590740138,22.0321637010125,207.941271455397,8.16139721362796
2020-10-10,58922,618,56416,588,2506,30,65637,669,755633,8426,821270,9095,12,675,253,5359,353,52888,20,3046,730,"East TN",2455501,182.854741252396,0.0832631107126849,370.392844474508,25.1679799763877,218.244667788773,8.32631107126849
2020-10-11,59865,943,57328,912,2537,31,66666,1029,766061,10428,832727,11457,1,676,586,5945,356,53244,37,3083,737,"East TN",2455501,202.72848595867,0.0907564213615231,466.585026843809,38.4035681516725,242.109451390979,9.07564213615231
2020-10-12,60221,356,57613,285,2608,71,66983,317,768982,2921,835965,3238,6,682,-337,5608,687,53931,19,3102,748,"East TN",2455501,189.900146650317,0.0907213310942537,131.86718311253,14.4980596627735,228.385164575376,9.07213310942537
2020-10-13,60726,505,58066,453,2660,52,67467,484,773366,4384,840833,4868,9,691,7,5615,489,54420,24,3126,755,"East TN",2455501,179.922549410487,0.0901677586871412,198.24874842242,20.5660677800579,228.670238782228,9.01677586871412
2020-10-14,61600,874,58878,812,2722,62,68315,848,779550,6184,847865,7032,1,692,329,5944,544,54964,44,3170,762,"East TN",2455501,185.501858887453,0.0938241794221167,286.37740322647,35.5935509698428,242.068726504286,9.38241794221167
2020-10-15,62109,509,59318,440,2791,69,68780,465,783703,4153,852483,4618,14,706,-67,5877,562,55526,19,3189,771,"East TN",2455501,176.990357568578,0.0943318877165728,188.067526749124,20.7289673268307,239.340159095842,9.43318877165728
2020-10-16,62748,639,59914,596,2834,43,69364,584,787793,4090,857157,4674,2,708,-135,5742,772,56298,22,3211,783,"East TN",2455501,180.98139646451,0.0977279800809213,190.348120403942,26.0232025969446,233.842299392263,9.77279800809213
2020-10-17,63466,718,60595,681,2871,37,70224,860,796578,8785,866802,9645,6,714,237,5979,475,56773,37,3248,790,"East TN",2455501,185.053885133828,0.100742335061056,392.79153215576,29.2404686457061,243.494097538547,10.0742335061056
2020-10-18,64270,804,61353,758,2917,46,71094,870,804687,8109,875781,8979,3,717,347,6326,454,57227,39,3287,798,"East TN",2455501,179.393125883476,0.102847586751521,365.668757618099,32.7428089013199,257.625633221082,10.2847586751521
2020-10-19,65018,748,62038,685,2980,63,71853,759,809588,4901,881441,5660,3,720,-19,6307,764,57991,67,3354,809,"East TN",2455501,195.357281467204,0.107089453777817,230.502858683421,30.4622152465016,256.851860373912,10.7089453777817
2020-10-20,65704,686,62647,609,3057,77,72544,691,813203,3615,885747,4306,15,735,34,6341,637,58628,32,3386,822,"East TN",2455501,202.72848595867,0.113038250879459,175.36136210085,27.9372722715242,258.23650652148,11.3038250879459
2020-10-21,66297,593,63199,552,3098,41,73160,616,816947,3744,890107,4360,5,740,-129,6212,717,59345,27,3413,836,"East TN",2455501,191.284792797885,0.11469627385067,177.560505982282,24.1498578090581,252.982996138059,11.469627385067
2020-10-22,67427,1130,64235,1036,3192,94,74261,1101,825512,8565,899773,9666,10,750,440,6652,680,60025,43,3456,851,"East TN",2455501,216.574947434353,0.115901882004652,393.646754776317,46.0191219632979,270.90194628306,11.5901882004652
2020-10-23,68398,971,65139,904,3259,67,75231,970,832630,7118,907861,8088,19,769,290,6942,662,60687,39,3495,859,"East TN",2455501,230.09560981649,0.115710792047965,329.382883574472,39.5438649790817,282.712163424083,11.5710792047965
2020-10-24,69635,1237,66314,1175,3321,62,76558,1327,843155,10525,919713,11852,12,781,644,7586,581,61268,50,3545,876,"East TN",2455501,251.231826010252,0.119710457182816,482.671357087617,50.3766848394686,308.938990454494,11.9710457182816
2020-10-25,70564,929,67186,872,3378,57,77605,1047,851032,7877,928637,8924,9,790,437,8023,483,61751,43,3588,887,"East TN",2455501,256.3224368469,0.123183744513395,363.428888849974,37.8334197379679,326.735765939415,12.3183744513395
2020-10-26,71026,462,67592,406,3434,56,78039,434,853787,2755,931826,3189,6,796,-449,7574,905,62656,21,3609,900,"East TN",2455501,244.675119252649,0.122774635308127,129.871663664564,18.814897652251,308.450291814176,12.2774635308127
2020-10-27,71868,842,68304,712,3564,130,78822,783,858171,4384,936993,5167,12,808,80,7654,750,63406,54,3663,924,"East TN",2455501,251.028201576786,0.122507122507123,210.425489543682,34.2903545956609,311.70828274963,12.2507122507123
2020-10-28,72865,997,69215,911,3650,86,79792,970,865388,7217,945180,8187,13,821,200,7854,784,64190,41,3704,938,"East TN",2455501,267.481055800833,0.120421985364879,333.414647357097,40.6027120331044,319.853260088267,12.0421985364879
2020-10-29,73773,908,70008,793,3765,115,80626,834,871891,6503,952517,7337,11,832,151,8005,746,64936,40,3744,950,"East TN",2455501,258.440130954946,0.120677233429395,298.798493667891,36.9781971174111,326.002717978938,12.0677233429395
2020-10-30,74673,900,70815,807,3858,93,81466,840,876746,4855,958212,5695,28,860,50,8055,822,65758,39,3783,966,"East TN",2455501,255.54866399973,0.123830708426844,231.928229717683,36.6523980238656,328.038962313597,12.3830708426844
2020-10-31,74687,14,70829,14,3858,0,81482,16,876767,21,958249,37,5,865,-603,7452,612,66370,0,3783,977,"East TN",2455501,205.742127573966,0.127776624455055,1.50682080764781,0.570148413704576,303.481855637607,12.7776624455055
2020-11-01,75194,507,71219,390,3975,117,81952,470,883331,6564,965283,7034,0,865,-137,7315,644,67014,27,3810,993,"East TN",2455501,188.556225389442,0.118621404791792,286.458852999856,20.6475175534443,297.902546160641,11.8621404791792
2020-11-02,76004,810,71961,742,4043,68,82727,775,887560,4229,970287,5004,11,876,-230,7085,1029,68043,38,3848,1007,"East TN",2455501,202.72848595867,0.12188970645589,203.787333012693,32.987158221479,288.535822221209,12.188970645589
2020-11-03,77044,1040,72921,960,4123,80,83803,1076,894424,6864,978227,7940,31,907,30,7115,979,69022,29,3877,1020,"East TN",2455501,210.79201352392,0.120798370276956,323.355600343881,42.3538821609114,289.757568822004,12.0798370276956
2020-11-04,77955,911,73733,812,4222,99,84650,847,899308,4884,983958,5731,6,913,-5,7110,910,69932,35,3912,1044,"East TN",2455501,207.289673268307,0.125277219041725,233.394325638637,37.1003717774906,289.553944388538,12.5277219041725
2020-11-05,78533,578,74217,484,4316,94,85151,501,901970,2662,987121,3163,17,930,-365,6745,926,70858,27,3939,1058,"East TN",2455501,193.850460659556,0.130765229453242,128.812816610541,23.5389845086603,274.689360745526,13.0765229453242
2020-11-06,79499,966,75066,849,4433,117,86078,927,908378,6408,994456,7335,10,940,44,6789,912,71770,37,3976,1082,"East TN",2455501,196.538303181306,0.127248648052091,298.717043894505,39.3402405456157,276.481255760026,12.7248648052091
2020-11-07,80826,1327,76307,1241,4519,86,87497,1419,919299,10921,1006796,12340,21,961,649,7438,657,72427,52,4028,1092,"East TN",2455501,250.010079409457,0.123900549982491,502.54510179389,54.0419246418552,302.911707223903,12.3900549982491
2020-11-08,82383,1557,77746,1439,4637,118,89164,1667,932200,12901,1021364,14568,3,964,889,8327,665,73092,52,4080,1109,"East TN",2455501,292.7712104373,0.128599703999572,593.280149346304,63.4086485812875,339.116131494143,12.8599703999572
2020-11-09,83002,619,78285,539,4717,80,89744,580,935653,3453,1025397,4033,9,973,-467,7860,1077,74169,19,4099,1120,"East TN",2455501,284.992757078902,0.12732716385411,164.243468033611,25.2087048630809,320.097609408426,12.732716385411
2020-11-10,83941,939,79135,850,4806,89,90667,923,940655,5002,1031322,5925,27,1000,7,7867,905,75074,44,4143,1138,"East TN",2455501,280.87954352289,0.129277709765515,241.294953657115,38.2406686048998,320.382683615278,12.9277709765515
2020-11-11,85245,1304,80235,1100,5010,204,91836,1169,947202,6547,1039038,7716,26,1026,383,8250,895,75969,59,4202,1152,"East TN",2455501,296.884423993311,0.130464778503994,314.233225724608,53.1052522479119,335.980315218768,13.0464778503994
2020-11-12,86082,837,80940,705,5142,132,92600,764,951417,4215,1044017,4979,15,1041,8,8258,814,76783,34,4236,1170,"East TN",2455501,307.432169646846,0.130923087739033,202.769210845363,34.086730162195,336.306114312313,13.0923087739033
2020-11-13,87540,1458,82227,1287,5313,171,93899,1299,957278,5861,1051177,7160,27,1068,525,8783,906,77689,47,4283,1186,"East TN",2455501,327.468813899893,0.137885439255302,291.590188723197,59.3768847986623,357.686679826235,13.7885439255302
2020-11-14,89015,1475,83618,1391,5397,84,95434,1535,966174,8896,1061608,10431,7,1075,917,9700,551,78240,52,4335,1215,"East TN",2455501,333.496097130484,0.144804057505656,424.801293096602,60.0692078724464,395.031400923885,14.4804057505656
2020-11-15,90967,1952,85351,1733,5616,219,97394,1960,977347,11173,1074741,13133,7,1082,1339,11039,606,78846,56,4391,1232,"East TN",2455501,349.582427374291,0.154186259999625,534.839936941585,79.4949788250952,449.562024206058,15.4186259999625
2020-11-16,92492,1525,86750,1399,5742,126,98931,1537,984967,7620,1083898,9157,10,1092,172,11211,1343,80189,41,4432,1251,"East TN",2455501,386.479174718316,0.157040050597426,372.917787449486,62.1054522071056,456.566704717286,15.7040050597426
2020-11-17,93704,1212,87869,1119,5835,93,100152,1221,990112,5145,1090264,6366,31,1123,89,11300,1092,81281,46,4478,1278,"East TN",2455501,397.597068785555,0.160920905296732,259.254628688809,49.358562672139,460.191219632979,16.0920905296732
2020-11-18,94902,1198,88825,956,6077,242,101185,1033,995255,5143,1096440,6176,14,1137,57,11357,1127,82408,53,4531,1293,"East TN",2455501,393.280230796078,0.162868889585729,251.516900217104,48.7884142584344,462.512538174491,16.2868889585729
2020-11-19,95982,1080,89706,881,6276,199,102044,859,999916,4661,1101960,5520,45,1182,-243,11114,1278,83686,52,4583,1313,"East TN",2455501,403.176378262522,0.162987763836874,224.801374546376,43.9828776286387,452.616390708047,16.2987763836874
2020-11-20,97108,1126,90669,963,6439,163,103067,1023,1004816,4900,1107883,5923,28,1210,-126,10988,1224,84910,36,4619,1339,"East TN",2455501,389.655715880384,0.161676013120305,241.213503883729,45.8562224165252,447.485054984706,16.1676013120305
2020-11-21,98326,1218,91733,1064,6593,154,104166,1099,1011223,6407,1115389,7506,3,1213,362,11350,853,85763,47,4666,1363,"East TN",2455501,379.189420000236,0.162362172514457,305.680999519039,49.6029119922981,462.227463967638,16.2362172514457
2020-11-22,99912,1586,93162,1429,6750,157,105832,1666,1020826,9603,1126658,11269,17,1230,803,12153,766,86529,57,4723,1390,"East TN",2455501,364.284111470531,0.162528651501435,458.92874814549,64.5896702953898,494.929547982265,16.2528651501435
2020-11-23,100803,891,93920,758,6883,133,106534,702,1023944,3118,1130478,3820,18,1248,-1158,10995,2031,88560,35,4758,1417,"East TN",2455501,338.464533307052,0.163224559896951,155.569067167963,36.2858740436269,447.770129191558,16.3224559896951
2020-11-24,101714,911,94655,735,7059,176,107239,705,1026971,3027,1134210,3732,13,1261,-736,10259,1634,90194,57,4815,1445,"East TN",2455501,326.206342412404,0.161266099303691,151.985277138963,37.1003717774906,417.796612585375,16.1266099303691
2020-11-25,102620,906,95341,686,7279,220,107784,545,1029280,2309,1137064,2854,38,1299,-495,9764,1363,91557,56,4871,1470,"East TN",2455501,314.314675497994,0.162440921622686,116.228826622347,36.8967473440247,397.637793672249,16.2440921622686
2020-11-26,104085,1465,96728,1387,7357,78,109453,1669,1037647,8367,1147100,10036,18,1317,-442,9322,1889,93446,25,4896,1489,"East TN",2455501,329.99375687487,0.164133805937085,408.714962852795,59.6619590055146,379.637393753861,16.4133805937085
2020-11-27,105788,1703,98294,1566,7494,137,111202,1749,1045187,7540,1156389,9289,5,1322,160,9482,1538,94984,50,4946,1517,"East TN",2455501,353.492016496837,0.167711210984208,378.293472492986,69.3544820384923,386.153375624771,16.7711210984208
2020-11-28,107412,1624,99674,1380,7738,244,112696,1494,1052718,7531,1165414,9025,2,1324,567,10049,1055,96039,45,4991,1545,"East TN",2455501,370.02632049427,0.170514742628686,367.542102405986,66.1372159897308,409.244386379806,17.0514742628686
2020-11-29,109699,2287,101794,2120,7905,167,115021,2325,1063414,10696,1178435,13021,4,1328,1278,11327,1005,97044,51,5042,1570,"East TN",2455501,398.574466066192,0.177472622979315,530.278749631949,93.1378158673118,461.290791573695,17.7472622979315
2020-11-30,111933,2234,103799,2005,8134,229,117241,2220,1072868,9454,1190109,11674,15,1343,-109,11218,2328,99372,53,5095,1601,"East TN",2455501,453.267988895138,0.179554258690949,475.42232725623,90.979396872573,456.851778924138,17.9554258690949
2020-12-01,114194,2261,105805,2006,8389,255,119379,2138,1081704,8836,1201083,10974,20,1363,422,11640,1819,101191,63,5158,1629,"East TN",2455501,508.246585930936,0.181538139458376,446.914906571001,92.078968813289,474.037681108662,18.1538139458376
2020-12-02,115251,1057,106718,913,8533,144,120255,876,1084615,2911,1204870,3787,15,1378,-686,10954,1728,102919,42,5200,1662,"East TN",2455501,514.396043821607,0.183921776833909,154.225145907088,43.0462052346955,446.100408837138,18.3921776833909
2020-12-03,117059,1808,108287,1569,8772,239,121977,1722,1090605,5990,1212582,7712,33,1411,317,11271,1458,104377,45,5245,1683,"East TN",2455501,528.364679957369,0.191258666503772,314.070326177835,73.6305951412767,459.010197918877,19.1258666503772
2020-12-04,118788,1729,109675,1388,9113,341,123435,1458,1096127,5522,1219562,6980,37,1448,-300,10971,1992,106369,36,5281,1718,"East TN",2455501,529.423527011392,0.193642853750811,284.259709118424,70.4133290925151,446.792731910922,19.3642853750811
2020-12-05,119921,1133,110584,909,9337,224,124364,929,1099190,3063,1223554,3992,5,1453,123,11094,1005,107374,24,5305,1744,"East TN",2455501,509.427607645039,0.200687994496044,162.573747679191,46.1412966233775,451.801892974183,20.0687994496044
2020-12-06,121390,1469,111847,1263,9543,206,125605,1241,1103682,4492,1229287,5733,20,1473,484,11578,965,108339,40,5345,1780,"East TN",2455501,476.114650330014,0.208133406748997,233.475775412024,59.8248585522873,471.512738133684,20.8133406748997
2020-12-07,124113,2723,114252,2405,9861,318,128176,2571,1113229,9547,1241405,12118,31,1504,-209,11369,2901,111240,51,5396,1802,"East TN",2455501,496.029119922981,0.213174516531503,493.504176948004,110.89386646554,463.001236814809,21.3174516531503
2020-12-08,126877,2764,116615,2363,10262,401,130707,2531,1121592,8363,1252299,10894,45,1549,718,12087,2001,113241,71,5467,1826,"East TN",2455501,516.513737929653,0.221180880974695,443.656915635546,112.563586819961,492.241705460515,22.1180880974695
2020-12-09,129521,2644,118998,2383,10523,261,133284,2577,1128690,7098,1261974,9675,21,1570,577,12664,2046,115287,56,5523,1849,"East TN",2455501,581.144133111736,0.22816265060241,394.013278756555,107.676600416778,515.739965082482,22.816265060241
2020-12-10,132596,3075,121680,2682,10916,393,136234,2950,1140159,11469,1276393,14419,30,1600,2512,15176,533,115820,74,5597,1886,"East TN",2455501,632.742564552,0.223425428217705,587.21214122902,125.229026581541,618.04088045576,22.3425428217705
2020-12-11,134581,1985,123429,1749,11152,236,138024,1790,1147332,7173,1285356,8963,35,1635,440,15616,1510,117330,50,5647,1911,"East TN",2455501,643.168135545455,0.221737544456941,365.017159431008,80.8389000859702,635.959830600761,22.1737544456941
2020-12-12,137842,3261,126156,2727,11686,534,140998,2974,1158565,11233,1299563,14207,21,1656,1879,17495,1361,118691,73,5720,1936,"East TN",2455501,729.83069442855,0.218842505492771,578.578465250065,132.803855506473,712.481892697254,21.8842505492771
2020-12-13,142132,4290,130015,3859,12117,431,145362,4364,1175847,17282,1321209,21646,15,1671,2957,20452,1318,120009,62,5782,1970,"East TN",2455501,844.715599790022,0.214932225147408,881.530897360661,174.709763913759,832.905382648999,21.4932225147408
2020-12-14,144991,2859,132472,2457,12519,402,148035,2673,1185129,9282,1333164,11955,37,1708,-1083,19369,3905,123914,72,5854,2004,"East TN",2455501,850.254184380296,0.216425636722283,486.866020417015,116.432451055813,788.800330360281,21.6425636722283
2020-12-15,149117,4126,136012,3540,13105,586,151898,3863,1200152,15023,1352050,18886,34,1742,1613,20982,2479,126393,94,5948,2035,"East TN",2455501,905.721480056412,0.212438973042877,769.130210087473,168.030882496077,854.489572596387,21.2438973042877
2020-12-16,152335,3218,138269,2257,14066,961,154284,2386,1208048,7896,1362332,10282,19,1761,664,21646,2535,128928,60,6008,2077,"East TN",2455501,929.0975650183,0.209250881843002,418.733284979318,131.052685378666,881.530897360661,20.9250881843002
2020-12-17,156402,4067,141641,3372,14761,695,157891,3607,1218750,10702,1376641,14309,58,1819,1451,23097,2558,131486,75,6083,2116,"East TN",2455501,969.496652617938,0.21603423509696,582.73240369277,165.628114181179,940.622707952471,21.603423509696
2020-12-18,159609,3207,144377,2736,15232,471,160770,2879,1227441,8691,1388211,11570,43,1862,850,23947,2314,133800,62,6145,2146,"East TN",2455501,1019.26246415701,0.221146273880706,471.186939040139,130.604711625041,975.238861641677,22.1146273880706
2020-12-19,162249,2640,146619,2242,15630,398,163238,2468,1235807,8366,1399045,10834,27,1889,1270,25217,1343,135143,41,6186,2183,"East TN",2455501,993.972309520542,0.2235580305985,441.213422433955,107.513700870006,1026.95946774202,22.35580305985
2020-12-20,165879,3630,149584,2965,16295,665,166554,3316,1249751,13944,1416305,17260,16,1905,2278,27495,1336,136479,55,6241,2217,"East TN",2455501,967.09388430304,0.222848489947001,702.911544324356,147.831338696258,1119.73075962909,22.2848489947001
2020-12-21,168192,2313,151326,1742,16866,571,168457,1903,1256665,6914,1425122,8817,14,1919,-1322,26173,3621,140100,35,6276,2252,"East TN",2455501,944.858096168562,0.222079645055351,359.071325973803,94.1966629213346,1065.8924594207,22.2079645055351
2020-12-22,170846,2654,153027,1701,17819,953,170256,1799,1261719,5054,1431975,6853,62,1981,-294,25879,2886,142986,60,6336,2297,"East TN",2455501,884.911062956195,0.229690334688771,279.08764850839,108.08384928371,1053.91934273291,22.9690334688771
2020-12-23,173064,2218,154473,1446,18591,772,171796,1540,1267497,5778,1439293,7318,41,2022,-557,25322,2734,145720,35,6371,2337,"East TN",2455501,844.186176263011,0.227543820896298,298.024720820721,90.3277986854821,1031.23558084481,22.7543820896298
2020-12-24,175156,2092,155931,1458,19225,634,173394,1598,1273788,6291,1447182,7889,15,2037,-577,24745,2654,148374,30,6401,2375,"East TN",2455501,763.754525043973,0.219772898030932,321.278631122529,85.1964629621409,1007.73732122284,21.9772898030932
2020-12-25,177522,2366,157910,1979,19612,387,175560,2166,1282337,8549,1457897,10715,3,2040,-296,24449,2659,151033,27,6428,2411,"East TN",2455501,729.504895335005,0.212237752202738,436.367160917466,96.3550819160733,995.682754761656,21.2237752202738
2020-12-26,179461,1939,159377,1467,20084,472,177172,1612,1287990,5653,1465162,7265,2,2042,415,24864,1522,152555,43,6471,2449,"East TN",2455501,700.956749763083,0.210747614078074,295.866301825982,78.9655552980838,1012.58358273933,21.0747614078074
2020-12-27,180756,1295,160286,909,20470,386,178162,990,1290783,2793,1468945,3783,27,2069,-191,24673,1459,154014,41,6512,2480,"East TN",2455501,605.864139334498,0.220516717325228,154.062246360315,52.7387282676733,1004.80512938093,22.0516717325228
2020-12-28,182152,1396,161264,978,20888,418,179182,1020,1292603,1820,1471785,2840,25,2094,-2416,22257,3787,157801,42,6554,2517,"East TN",2455501,568.519418236849,0.229839487388295,115.658678208643,56.8519418236849,906.413803130196,22.9839487388295
2020-12-29,185057,2905,162990,1726,22067,1179,180960,1778,1296691,4088,1477651,5866,50,2144,-110,22147,2965,160766,64,6618,2559,"East TN",2455501,578.741364796838,0.234346264996935,238.892185342217,118.3057958437,901.934065593946,23.4346264996935
2020-12-30,187385,2328,164606,1616,22779,712,182637,1677,1301172,4481,1483809,6158,40,2184,-532,21615,2820,163586,44,6662,2597,"East TN",2455501,583.221102333088,0.243530416030191,250.783852256627,94.8075362217323,880.268425873172,24.3530416030191
2020-12-31,190830,3445,167286,2680,23544,765,185532,2895,1308294,7122,1493826,10017,52,2236,597,22212,2796,166382,30,6692,2640,"East TN",2455501,638.321874028966,0.260226395677901,407.941190005624,140.297234658019,904.581183229003,26.0226395677901
2021-01-01,193070,2240,169003,1717,24067,523,187389,1857,1314496,6202,1501885,8059,24,2260,-442,21770,2658,169040,30,6722,2680,"East TN",2455501,633.190538305625,0.268914249340729,328.20186186037,91.2237461927322,886.580783310616,26.8914249340729
2021-01-02,195795,2725,171115,2112,24680,613,189640,2251,1321058,6562,1510698,8813,4,2264,1169,22939,1552,170592,63,6785,2716,"East TN",2455501,665.200299246467,0.273805340829234,358.908426427031,110.975316238926,934.188175854948,27.3805340829234
2021-01-03,197110,1315,172020,905,25090,410,190577,937,1324430,3372,1515007,4309,15,2279,-186,22753,1486,172078,26,6811,2760,"East TN",2455501,666.014796980331,0.269528027441275,175.48353676093,53.553226001537,926.613346930015,26.9528027441275
2021-01-04,198669,1559,173148,1128,25521,431,191758,1181,1326795,2365,1518553,3546,46,2325,-1562,21191,3075,175153,34,6845,2810,"East TN",2455501,672.65295351132,0.268901813205611,144.41044821403,63.4900983546738,863.001073915262,26.8901813205611
2021-01-05,201572,2903,174887,1739,26685,1164,193584,1826,1332067,5272,1525651,7098,43,2368,-427,20764,3287,178440,60,6905,2854,"East TN",2455501,672.571503737934,0.263,289.06524574822,118.224346070313,845.611547297273,26.3
2021-01-06,204119,2547,176684,1797,27435,750,195488,1904,1337652,5585,1533140,7489,52,2420,65,20829,2430,180870,63,6968,2897,"East TN",2455501,681.490253923741,0.260505564452373,304.988676445255,103.72628640754,848.258664932329,26.0505564452373
2021-01-07,206628,2509,178820,2136,27808,373,197808,2320,1344761,7109,1542569,9429,33,2453,972,21801,1504,182374,45,7013,2929,"East TN",2455501,643.371759978921,0.251851547914572,383.994956630032,102.178740713199,887.843254798104,25.1851547914572
2021-01-08,208978,2350,180680,1860,28298,490,199799,1991,1352107,7346,1551906,9337,50,2503,1667,23468,633,183007,47,7060,2984,"East TN",2455501,647.851497515171,0.248095799764099,380.248267054259,95.7034837289824,955.731640915642,24.8095799764099
2021-01-09,211554,2576,182682,2002,28872,574,201978,2179,1360298,8191,1562276,10370,27,2530,754,24222,1795,184802,32,7092,3012,"East TN",2455501,641.783489397887,0.23921051611152,422.317075008318,104.907308121642,986.438205482303,23.921051611152
2021-01-10,213220,1666,183815,1133,29405,533,203229,1251,1366103,5805,1569332,7056,36,2566,-12,24210,1642,186444,41,7133,3052,"East TN",2455501,656.077924627194,0.23289461573861,287.354800507106,67.8476612308445,985.949506841985,23.289461573861
2021-01-11,214643,1423,184827,1012,29816,411,204326,1097,1369376,3273,1573702,4370,28,2594,-2171,22039,3566,190010,40,7173,3092,"East TN",2455501,650.539340036921,0.227891711545087,177.967754849214,57.9515137644008,897.535777831082,22.7891711545087
2021-01-12,216462,1819,185964,1137,30498,682,205518,1192,1373582,4206,1579100,5398,60,2654,-2138,19901,3897,193907,39,7212,3131,"East TN",2455501,606.39356286151,0.223278265262213,219.832938369807,74.0785688949017,810.465970081055,22.3278265262213
2021-01-13,217990,1528,187041,1077,30949,451,206655,1137,1378320,4738,1584975,5875,49,2703,-1337,18564,2816,196723,33,7245,3158,"East TN",2455501,564.894903321155,0.215433587344458,239.258709322456,62.2276268671852,756.016796572268,21.5433587344458
2021-01-14,220241,2251,188823,1782,31418,469,208619,1964,1386845,8525,1595464,10489,38,2741,-201,18363,2414,199137,50,7295,3200,"East TN",2455501,554.387882554314,0.204386047830608,427.163336524807,91.6717199463572,747.831094346938,20.4386047830608
2021-01-15,221204,963,189493,670,31711,293,209314,695,1389904,3059,1599218,3754,23,2764,-391,17972,1331,200468,30,7325,3241,"East TN",2455501,497.902464710868,0.201111768684477,152.881224646213,39.2180658855362,731.907663649903,20.1111768684477
2021-01-16,223635,2431,191242,1749,32393,682,211317,2003,1400793,10889,1612110,12892,13,2777,343,18315,2075,202543,54,7379,3284,"East TN",2455501,491.997356140356,0.187402175221736,525.025239248528,99.0021995511303,745.876299785665,18.7402175221736
2021-01-17,224492,857,191849,607,32643,250,211988,671,1404414,3621,1616402,4292,13,2790,-853,17462,1697,204240,24,7403,3318,"East TN",2455501,459.05092280557,0.186084554918207,174.791213687146,34.9012278960587,711.137971436379,18.6084554918207
2021-01-18,225059,567,192171,322,32888,245,212343,355,1406497,2083,1618840,2438,13,2803,-2467,14995,3021,207261,21,7424,3349,"East TN",2455501,424.190419796205,0.177610882183526,99.2872737579826,23.0910107550353,610.669675964294,17.7610882183526
2021-01-19,226742,1683,193147,976,33595,707,213407,1064,1410705,4208,1624112,5272,21,2824,-1164,13831,2826,210087,53,7477,3388,"East TN",2455501,418.651835205931,0.175264373944726,214.701602646466,68.5399843046287,563.265907853428,17.5264373944726
2021-01-20,227726,984,193804,657,33922,327,214102,695,1414700,3995,1628802,4690,32,2856,-1017,12814,1969,212056,29,7506,3428,"East TN",2455501,396.497496844839,0.169918087023981,190.999718591033,40.073288506093,521.84869808646,16.9918087023981
2021-01-21,229288,1562,194942,1138,34346,424,215378,1276,1421633,6933,1637011,8209,65,2921,-767,12047,2264,214320,37,7543,3474,"East TN",2455501,368.438049913236,0.16268322622572,334.310594864347,63.6122730147534,490.612709992788,16.268322622572
2021-01-22,230276,988,195648,706,34628,282,216194,816,1427077,5444,1643271,6260,32,2953,-734,11313,1690,216010,31,7574,3506,"East TN",2455501,369.456172080565,0.156175515855901,254.937790699332,40.2361880528658,460.720643159991,15.6175515855901
2021-01-23,231708,1432,196617,969,35091,463,217295,1101,1435359,8282,1652654,9383,19,2972,202,11515,1211,217221,41,7615,3531,"East TN",2455501,328.772010274074,0.147444751381215,382.121611842145,58.3180377446395,468.947070272014,14.7444751381215
2021-01-24,232331,623,197106,489,35225,134,217837,542,1438736,3377,1656573,3919,19,2991,-607,10908,1211,218432,20,7635,3558,"East TN",2455501,319.242386787869,0.145602549102586,159.600830950588,25.3716044098536,444.227064049251,14.5602549102586
2021-01-25,233070,739,197616,510,35454,229,218386,549,1440493,1757,1658879,2306,44,3035,-1138,9770,1833,220265,20,7655,3589,"East TN",2455501,326.247067299097,0.150927845350783,93.9115887144823,30.095691266263,397.882142992408,15.0927845350783
2021-01-26,234103,1033,198346,730,35757,303,219169,783,1444959,4466,1664128,5249,63,3098,-918,8852,1888,222153,26,7681,3612,"East TN",2455501,299.775890948527,0.143992403038784,213.764930252523,42.0688079540591,360.496697008065,14.3992403038785
2021-01-27,235057,954,199051,705,36006,249,219924,755,1449482,4523,1669406,5278,55,3153,-391,8461,1290,223443,28,7709,3635,"East TN",2455501,298.554144347732,0.143384888188356,214.945951966625,38.8515419052975,344.57326631103,14.3384888188356
2021-01-28,236388,1331,199768,717,36620,614,220722,798,1453913,4431,1674635,5229,46,3199,-171,8290,1456,224899,29,7738,3662,"East TN",2455501,289.146695521606,0.142036997661067,212.950432518659,54.2048241886279,337.609310686495,14.2036997661067
2021-01-29,236983,595,200120,352,36863,243,221119,397,1456580,2667,1677699,3064,17,3216,-683,7607,1261,226160,17,7755,3683,"East TN",2455501,273.141815051185,0.143052166840943,124.781052827916,24.2313075824445,309.794213075051,14.3052166840943
2021-01-30,238137,1154,201086,966,37051,188,222215,1096,1465631,9051,1687846,10147,44,3260,233,7840,877,227037,29,7784,3703,"East TN",2455501,261.82029655048,0.13980450102296,413.235425275738,46.9965192439343,319.283111674563,13.980450102296
2021-01-31,238816,679,201526,440,37290,239,222706,491,1469556,3925,1692262,4416,29,3289,-91,7749,741,227778,30,7814,3722,"East TN",2455501,264.100890205298,0.136428591442741,179.841099637101,27.6521980646719,315.577146985483,13.6428591442741
2021-02-01,239509,693,201934,408,37575,285,223148,442,1471252,1696,1694400,2138,39,3328,-545,7204,1199,228977,10,7824,3749,"East TN",2455501,262.227545417412,0.134061541060218,87.0698077500274,28.2223464783765,293.382083737698,13.4061541060218
2021-02-02,240047,538,202282,348,37765,190,223510,362,1472310,1058,1695820,1420,57,3385,-839,6365,1320,230297,13,7837,3765,"East TN",2455501,242.068726504286,0.136974630821658,57.8293391043213,21.909989040933,259.213903802116,13.6974630821658
2021-02-03,241159,1112,203041,759,38118,353,224336,826,1478316,6006,1702652,6832,46,3431,36,6401,1030,231327,39,7876,3778,"East TN",2455501,248.503258601809,0.132707694158696,278.232425887833,45.2860740028206,260.679999723071,13.2707694158696
2021-02-04,242256,1097,203823,782,38433,315,225200,864,1486030,7714,1711230,8578,58,3489,-6,6395,1045,232372,36,7912,3797,"East TN",2455501,238.973635115604,0.122366443503211,349.338078054132,44.6752007024228,260.435650402912,12.2366443503211
2021-02-05,243074,818,204382,559,38692,259,225805,605,1489836,3806,1715641,4411,67,3556,-153,6242,904,233276,28,7940,3811,"East TN",2455501,248.055284848184,0.123504296030784,179.637475203635,33.3129573150245,254.204742738855,12.3504296030784
2021-02-06,244302,1228,205199,817,39103,411,226769,964,1498490,8654,1725259,9618,27,3583,495,6737,706,233982,22,7962,3840,"East TN",2455501,251.068926463479,0.121722395958624,391.691960215044,50.0101608592299,274.363561651981,12.1722395958624
2021-02-07,244819,517,205552,353,39267,164,227175,406,1501574,3084,1728749,3490,2,3585,-130,6607,645,234627,10,7972,3857,"East TN",2455501,244.471494819184,0.122481979883246,142.129854559212,21.0547664203761,269.069326381867,12.2481979883246
2021-02-08,245330,511,205850,298,39480,213,227494,319,1502937,1363,1730431,1682,32,3617,-629,5978,1108,235735,9,7981,3873,"East TN",2455501,237.059565441024,0.120618356415309,68.4992594179355,20.810417100217,243.453372651854,12.0618356415309
2021-02-09,246359,1029,206484,634,39875,395,228161,667,1507169,4232,1735330,4899,16,3633,-63,5915,1076,236811,38,8019,3884,"East TN",2455501,257.055484807377,0.117717033662364,199.511219909908,41.9059084072863,240.887704790183,11.7717033662364
2021-02-10,247207,848,207066,582,40141,266,228797,636,1513156,5987,1741953,6623,39,3672,-29,5886,838,237649,30,8049,3897,"East TN",2455501,246.304114720377,0.113508562123101,269.720924568958,34.53470391582,239.706683076081,11.3508562123101
2021-02-11,248075,868,207650,584,40425,284,229447,650,1518730,5574,1748177,6224,37,3709,-94,5792,925,238574,31,8080,3915,"East TN",2455501,236.978115667638,0.114948439656806,253.471694778377,35.3492016496837,235.878543726922,11.4948439656806
2021-02-12,248909,834,208245,595,40664,239,230096,649,1524243,5513,1754339,6162,34,3743,61,5853,739,239313,12,8092,3924,"East TN",2455501,237.629713854729,0.1108842834255,250.9467518034,33.9645555021155,238.362761815206,11.08842834255
2021-02-13,249502,593,208617,372,40885,221,230531,435,1528669,4426,1759200,4861,12,3755,-28,5825,609,239922,16,8108,3936,"East TN",2455501,211.769410804557,0.110839397778498,197.963674215567,24.1498578090581,237.222464987797,11.0839397778498
2021-02-14,250042,540,209031,414,41011,126,230983,452,1531637,2968,1762620,3420,15,3770,-51,5774,576,240498,15,8123,3949,"East TN",2455501,212.7060831985,0.112426559593753,139.279112490689,21.9914388143194,235.145495766444,11.2426559593753
2021-02-15,250422,380,209243,212,41179,168,231212,229,1532962,1325,1764174,1554,5,3775,-573,5201,948,241446,10,8133,3960,"East TN",2455501,207.371123041693,0.110185816317458,63.2864739212079,15.4754569434099,211.81013569125,11.0185816317458
2021-02-16,251187,765,209670,427,41517,338,231686,474,1536371,3409,1768057,3883,8,3783,-44,5157,801,242247,26,8159,3970,"East TN",2455501,196.619752954692,0.107709230910258,158.134735029633,31.1545383202858,210.01824067675,10.7709230910258
2021-02-17,251808,621,210089,419,41719,202,232137,451,1539627,3256,1771764,3707,11,3794,-90,5067,700,242947,11,8170,3987,"East TN",2455501,187.37520367534,0.112039180168394,150.967154971633,25.2901546364673,206.353000874363,11.2039180168394
2021-02-18,252601,793,210639,550,41962,243,232742,605,1545347,5720,1778089,6325,42,3836,24,5091,727,243674,19,8189,4004,"East TN",2455501,184.320837173351,0.110156458946242,257.584908334389,32.2948351476949,207.330398155,11.0156458946242
2021-02-19,253077,476,210940,301,42137,175,233087,345,1548055,2708,1781142,3053,5,3841,-225,4866,696,244370,11,8200,4013,"East TN",2455501,169.741327737191,0.11159198597172,124.333079074291,19.3850460659556,198.167298649033,11.159198597172
2021-02-20,253700,623,211389,449,42311,174,233593,506,1553283,5228,1786876,5734,18,3859,75,4941,530,244900,18,8218,4023,"East TN",2455501,170.963074337986,0.110637375343258,233.516500298717,25.3716044098536,201.221665151022,11.0637375343258
2021-02-21,254049,349,211617,228,42432,121,233856,263,1555417,2134,1789273,2397,7,3866,-84,4857,426,245326,12,8230,4041,"East TN",2455501,163.184620979588,0.107792743781188,97.617553403562,14.2129854559212,197.800774668795,10.7792743781188
2021-02-22,254407,358,211813,196,42594,162,234083,227,1556799,1382,1790882,1609,7,3873,-482,4375,833,246159,22,8252,4057,"East TN",2455501,162.288673472338,0.107495881383855,65.526342689333,14.5795094361599,178.17137928268,10.7495881383855
2021-02-23,255050,643,212162,349,42888,294,234451,368,1559746,2947,1794197,3315,26,3899,-144,4231,761,246920,27,8279,4064,"East TN",2455501,157.32023729577,0.105776587605203,135.002999387905,26.1861021437173,172.306995598862,10.5776587605203
2021-02-24,255791,741,212712,550,43079,191,235061,610,1565948,6202,1801009,6812,19,3918,54,4285,668,247588,23,8302,4071,"East TN",2455501,162.207223698952,0.0999829030603522,277.417928153969,30.1771410396493,174.506139480293,9.99829030603522
2021-02-25,256426,635,213157,445,43269,190,235557,496,1570717,4769,1806274,5265,21,3939,-97,4188,711,248299,16,8318,4080,"East TN",2455501,155.772691601429,0.0998758204718822,214.416528439614,25.8603030501718,170.555825471055,9.98758204718822
2021-02-26,256887,461,213480,323,43407,138,235926,369,1573840,3123,1809766,3492,14,3953,-180,4008,627,248926,11,8329,4085,"East TN",2455501,155.161818301031,0.0991825041922862,142.211304332599,18.7741727655578,163.225345866281,9.91825041922862
2021-02-27,257327,440,213707,227,43620,213,236201,275,1577935,4095,1814136,4370,7,3960,11,4019,422,249348,16,8345,4094,"East TN",2455501,147.709164036178,0.0956713132795304,177.967754849214,17.918950145001,163.673319619906,9.56713132795304
2021-02-28,257693,366,213981,274,43712,92,236514,313,1580494,2559,1817008,2872,5,3965,-51,3968,412,249760,11,8356,4103,"East TN",2455501,148.401487109962,0.0958355868036777,116.961874582824,14.9053085297053,161.596350398554,9.58355868036777
2021-03-01,257937,244,214130,149,43807,95,236670,156,1581273,779,1817943,935,4,3969,-410,3558,650,250410,11,8367,4112,"East TN",2455501,143.75885002694,0.0955988322678393,38.077769058127,9.9368723531369,144.899146854349,9.55988322678393
2021-03-02,258557,620,214520,390,44037,230,237117,447,1584729,3456,1821846,3903,7,3976,6,3564,607,251017,24,8391,4122,"East TN",2455501,142.822177632996,0.0964230171073095,158.949232763497,25.2494297497741,145.143496174508,9.64230171073095
2021-03-03,259039,482,214822,302,44217,180,237472,355,1588904,4175,1826376,4530,7,3983,-147,3417,622,251639,17,8408,4125,"East TN",2455501,132.274431979462,0.0950447431702606,184.483736720124,19.6293953861147,139.15693783061,9.50447431702606
2021-03-04,259648,609,215237,415,44411,194,237944,472,1593726,4822,1831670,5294,18,4001,47,3464,544,252183,21,8429,4130,"East TN",2455501,131.215584925439,0.0939911797133407,215.597550153716,24.8014559961491,141.071007505189,9.39911797133407
2021-03-05,260119,471,215548,311,44571,160,238298,354,1597406,3680,1835704,4034,15,4016,-64,3400,520,252703,16,8445,4135,"East TN",2455501,131.622833792371,0.0914488395404426,164.284192920304,19.1814216324897,138.464614756826,9.14488395404426
2021-03-06,260582,463,215871,323,44711,140,238670,372,1601682,4276,1840352,4648,1,4017,52,3452,410,253113,10,8455,4141,"East TN",2455501,132.559506186314,0.094179127250534,189.289273349919,18.8556225389442,140.582308864871,9.4179127250534
2021-03-07,260837,255,216035,164,44802,91,238854,184,1603412,1730,1842266,1914,1,4018,-110,3342,364,253477,4,8459,4145,"East TN",2455501,128.039043763371,0.0926439147992715,77.9474331307542,10.3848461067619,136.102571328621,9.26439147992715
2021-03-08,261294,457,216328,293,44966,164,239166,312,1604993,1581,1844159,1893,3,4021,-128,3214,582,254059,9,8468,4153,"East TN",2455501,136.713444629019,0.0952090326518157,77.0922105101973,18.6112732187851,130.889785831893,9.52090326518157
2021-03-09,261832,538,216609,281,45223,257,239484,318,1607569,2576,1847053,2894,6,4027,25,3239,507,254566,21,8489,4165,"East TN",2455501,133.374003920178,0.0939024874042925,117.857822090074,21.909989040933,131.907907999223,9.39024874042924
2021-03-10,262482,650,217073,464,45409,186,239991,507,1613041,5472,1853032,5979,7,4034,174,3413,469,255035,28,8517,4175,"East TN",2455501,140.215784884633,0.094500300120048,243.494097538547,26.4711763505696,138.994038283837,9.4500300120048
2021-03-11,263013,531,217411,338,45602,193,240356,365,1616379,3338,1856735,3703,5,4039,87,3500,439,255474,9,8526,4183,"East TN",2455501,137.039243722564,0.096229802513465,150.80425542486,21.6249148340807,142.537103426144,9.6229802513465
2021-03-12,263475,462,217778,367,45697,95,240772,416,1619726,3347,1860498,3763,5,4044,2,3502,455,255929,12,8538,4191,"East TN",2455501,136.672719742325,0.0997822053722675,153.247748626451,18.814897652251,142.61855319953,9.97822053722675
2021-03-13,263921,446,217993,215,45928,231,241051,279,1623365,3639,1864416,3918,2,4046,40,3542,404,256333,21,8559,4197,"East TN",2455501,135.980396668541,0.0989444813829787,159.560106063895,18.1632994651601,144.247548667258,9.89444813829787
2021-03-14,264183,262,218169,176,46014,86,241262,211,1625208,1843,1866470,2054,0,4046,-52,3490,314,256647,10,8569,4203,"East TN",2455501,136.265470875394,0.0994876879854569,83.6489172677999,10.6699203136142,142.129854559212,9.94876879854569
2021-03-15,264539,356,218354,185,46185,171,241477,215,1626403,1195,1867880,1410,4,4050,-166,3324,518,257165,15,8584,4207,"East TN",2455501,132.152257319382,0.0974242232620884,57.4220902373894,14.4980596627735,135.369523368144,9.74242232620884
2021-03-16,265238,699,218805,451,46433,248,241973,496,1629669,3266,1871642,3762,4,4054,189,3513,506,257671,36,8620,4208,"East TN",2455501,138.708964076985,0.101224124608565,153.207023739758,28.4666957985356,143.066526953155,10.1224124608565
2021-03-17,265664,426,219138,333,46526,93,242337,364,1633393,3724,1875730,4088,1,4055,-30,3483,455,258126,16,8636,4217,"East TN",2455501,129.586589457711,0.103357123975681,166.483336801736,17.3488017312964,141.84478035236,10.3357123975681
2021-03-18,266214,550,219487,349,46727,201,242722,385,1636684,3291,1879406,3676,6,4061,102,3585,442,258568,31,8667,4224,"East TN",2455501,130.360362304882,0.104362401305633,149.704683484144,22.3986876812512,145.998718795065,10.4362401305633
2021-03-19,267006,792,220017,530,46989,262,243285,563,1641729,5045,1885014,5608,15,4076,337,3922,440,259008,25,8692,4230,"East TN",2455501,143.799574913633,0.10250448686572,228.385164575376,32.2541102610017,159.723005610668,10.250448686572
2021-03-20,267278,272,220182,165,47096,107,243479,194,1643850,2121,1887329,2315,1,4077,-42,3880,313,259321,15,8707,4232,"East TN",2455501,136.713444629019,0.105966045476367,94.278112694721,11.077169180546,158.012560369554,10.5966045476367
2021-03-21,267559,281,220379,197,47180,84,243704,225,1645649,1799,1889353,2024,-15,4062,-22,3858,318,259639,8,8715,4239,"East TN",2455501,137.487217476189,0.106716776646419,82.4271706670044,11.4436931607847,157.116612862304,10.6716776646419
2021-03-22,268085,526,220720,341,47365,185,244060,356,1647738,2089,1891798,2445,14,4076,-15,3843,527,260166,19,8734,4246,"East TN",2455501,144.41044821403,0.107993979429718,99.5723479648349,21.4212904006148,156.505739561906,10.7993979429718
2021-03-23,268523,438,220969,249,47554,189,244325,265,1650193,2455,1894518,2720,11,4087,-78,3765,505,260671,17,8751,4252,"East TN",2455501,133.781252787109,0.10281517747858,110.77169180546,17.8375003716146,153.329198399838,10.281517747858
2021-03-24,269121,598,221428,459,47693,139,244818,493,1654891,4698,1899709,5191,4,4091,87,3852,507,261178,26,8777,4258,"East TN",2455501,140.785933298337,0.103465532340798,211.402886824318,24.353482242524,156.872263542145,10.3465532340798
2021-03-25,269521,400,221735,307,47786,93,245151,333,1657859,2968,1903010,3301,8,4099,-66,3786,458,261636,23,8800,4262,"East TN",2455501,134.677200294359,0.102906287069988,134.4328509742,16.2899546772736,154.184421020395,10.2906287069988
2021-03-26,269931,410,222058,323,47873,87,245496,345,1660491,2632,1905987,2977,7,4106,-64,3722,467,262103,14,8814,4272,"East TN",2455501,119.120293577563,0.105421255900443,121.237987685609,16.6972035442054,151.578028272031,10.5421255900443
2021-03-27,270135,204,222239,181,47896,23,245706,210,1663003,2512,1908709,2722,2,4108,-163,3559,365,262468,13,8827,4283,"East TN",2455501,116.351001282427,0.104162768942937,110.853141578847,8.30787688540954,144.939871741042,10.4162768942937
2021-03-28,270451,316,222458,219,47993,97,245951,245,1665076,2073,1911027,2318,5,4113,-68,3491,379,262847,17,8844,4289,"East TN",2455501,117.776372316688,0.103672603118944,94.4002873548005,12.8690641950461,142.170579445905,10.3672603118944
2021-03-29,270891,440,222696,238,48195,202,246204,253,1666931,1855,1913135,2108,18,4131,-90,3401,512,263359,18,8862,4294,"East TN",2455501,114.274032061074,0.100482729530862,85.8480611492319,17.918950145001,138.505339643519,10.0482729530862
2021-03-30,271266,375,222954,258,48312,117,246526,322,1669408,2477,1915934,2799,5,4136,-143,3258,513,263872,20,8882,4300,"East TN",2455501,111.708364199404,0.102773627194621,113.988957854222,15.271832509944,132.681680846393,10.2773627194621
2021-03-31,271927,661,223396,442,48531,219,247014,488,1674225,4817,1921239,5305,4,4140,168,3426,489,264361,18,8900,4305,"East TN",2455501,114.274032061074,0.101997213190896,216.045523907341,26.9191501041946,139.523461810848,10.1997213190896
2021-04-01,272377,450,223719,323,48658,127,247364,350,1677053,2828,1924417,3178,1,4141,-85,3341,534,264895,18,8918,4313,"East TN",2455501,116.310276395733,0.103377399915915,129.423689910939,18.3261990119328,136.061846441928,10.3377399915915
2021-04-02,272724,347,223950,231,48774,116,247615,251,1680073,3020,1927688,3271,0,4141,-81,3260,428,265323,12,8930,4318,"East TN",2455501,113.744608534063,0.0976452698032349,133.211104373405,14.1315356825348,132.76313061978,9.76452698032349
2021-04-03,273066,342,224200,250,48866,92,247889,274,1682425,2352,1930314,2626,0,4141,-55,3205,397,265720,13,8943,4327,"East TN",2455501,119.364642897722,0.101041425595927,106.943552456301,13.9279112490689,130.523261851655,10.1041425595927
2021-04-04,273237,171,224323,123,48914,48,248030,141,1684020,1595,1932050,1736,6,4147,-181,3024,346,266066,8,8951,4331,"East TN",2455501,113.459534327211,0.0988916900537506,70.6984032993674,6.96395562453446,123.152057360188,9.88916900537506
2021-04-05,273644,407,224558,235,49086,172,248253,223,1685239,1219,1933492,1442,6,4153,-93,2931,494,266560,40,8991,4337,"East TN",2455501,112.115613066336,0.100653337918161,58.7252866115713,16.5750288841259,119.364642897722,10.0653337918161
2021-04-06,274075,431,224808,250,49267,181,248530,277,1687325,2086,1935855,2363,3,4156,-6,2925,434,266994,27,9018,4342,"East TN",2455501,114.396206721154,0.100597359570303,96.2329072559938,17.5524261647623,119.120293577563,10.0597359570303
2021-04-07,274705,630,225270,462,49435,168,249037,507,1692017,4692,1941054,5199,5,4161,206,3131,419,267413,24,9042,4346,"East TN",2455501,113.133735233665,0.102094372949786,211.728685917864,25.6566786167059,127.509620236359,10.2094372949786
2021-04-08,275110,405,225524,254,49586,151,249326,289,1695028,3011,1944354,3300,-1,4160,48,3179,358,267771,21,9063,4351,"East TN",2455501,111.301115332472,0.0984099914731404,134.392126087507,16.4935791107395,129.464414797632,9.84099914731404
2021-04-09,275628,518,225930,406,49698,112,249775,449,1698904,3876,1948679,4325,4,4164,109,3288,405,268176,31,9094,4354,"East TN",2455501,118.265070957006,0.102901243390024,176.135134948021,21.0954913070693,133.903427447189,10.2901243390024
2021-04-10,275933,305,226146,216,49787,89,250023,248,1701687,2783,1951710,3031,1,4165,-11,3277,315,268491,15,9109,4359,"East TN",2455501,116.758250149359,0.0997382688352963,123.437131567041,12.4210904414211,133.455453693564,9.97382688352963
2021-04-11,276170,237,226309,163,49861,74,250197,174,1703400,1713,1953597,1887,2,4167,-85,3192,320,268811,10,9119,4363,"East TN",2455501,119.446092671109,0.100570845129252,76.8478611900382,9.65179814628461,129.993838324643,10.0570845129252
2021-04-12,276635,465,226632,323,50003,142,250527,330,1705163,1763,1955690,2093,3,4170,13,3205,449,269260,16,9135,4372,"East TN",2455501,121.808136099313,0.102441661410938,85.2371878488341,18.9370723123306,130.523261851655,10.2441661410938
2021-04-13,277013,378,226872,240,50141,138,250777,250,1707220,2057,1957997,2307,3,4173,-52,3153,427,269687,16,9151,4376,"East TN",2455501,119.649717104575,0.101481347665071,93.9523136011755,15.3940071700236,128.405567743609,10.1481347665071
2021-04-14,277692,679,227373,501,50319,178,251334,557,1712039,4819,1963373,5376,0,4173,269,3422,410,270097,29,9180,4379,"East TN",2455501,121.645236552541,0.102916797347551,218.936990862557,27.6521980646719,139.360562264076,10.2916797347551
2021-04-15,278234,542,227741,368,50493,174,251714,380,1715184,3145,1966898,3525,2,4175,115,3537,425,270522,24,9204,4384,"East TN",2455501,127.224546029507,0.105926188786373,143.555225593474,22.0728885877057,144.043924233792,10.5926188786373
2021-04-16,279208,974,228632,891,50576,83,252820,1106,1722669,7485,1975489,8591,3,4178,630,4167,341,270863,32,9236,4387,"East TN",2455501,145.795094361599,0.113577023498695,349.867501581144,39.6660396391612,169.700602850498,11.3577023498695
2021-04-17,279410,202,228779,147,50631,55,252993,173,1724900,2231,1977893,2404,0,4178,-92,4075,294,271157,10,9246,4388,"East TN",2455501,141.600431032201,0.113432379788412,97.9026276104143,8.22642711202317,165.953913274725,11.3432379788412
2021-04-18,279629,219,228967,188,50662,31,253195,202,1726703,1803,1979898,2005,6,4184,-121,3954,334,271491,8,9254,4397,"East TN",2455501,140.867383071723,0.113988061290445,81.6533978198339,8.9187501858073,161.02620198485,11.3988061290445
2021-04-19,279957,328,229162,195,50795,133,253405,210,1728152,1449,1981557,1659,8,4192,-212,3742,532,272023,15,9269,4404,"East TN",2455501,135.288073594757,0.11126145281633,67.5625870239923,13.3577628353644,152.392526005895,11.126145281633
2021-04-20,280310,353,229439,277,50871,76,253684,279,1730600,2448,1984284,2727,4,4196,-112,3630,461,272484,20,9289,4408,"East TN",2455501,134.269951427428,0.110586982158481,111.056766012313,14.375885002694,147.831338696258,11.0586982158481
2021-04-21,280823,513,229769,330,51054,183,254021,337,1734381,3781,1988402,4118,4,4200,32,3662,477,272961,15,9304,4414,"East TN",2455501,127.509620236359,0.107355467657517,167.705083402532,20.8918668736034,149.13453507044,10.7355467657517
2021-04-22,281464,641,230167,398,51297,243,254468,447,1738633,4252,1993101,4699,3,4203,191,3853,447,273408,26,9330,4418,"East TN",2455501,131.541384018984,0.105102469182918,191.366242571272,26.1046523703309,156.912988428838,10.5102469182918
2021-04-23,281847,383,230444,277,51403,106,254776,308,1741836,3203,1996612,3511,0,4203,-8,3845,391,273799,11,9341,4423,"East TN",2455501,107.472975983313,0.0926004828859537,142.985077179769,15.5976316034895,156.587189335292,9.26004828859537
2021-04-24,282107,260,230632,188,51475,72,254985,209,1744834,2998,1999819,3207,0,4203,-132,3713,392,274191,19,9360,4430,"East TN",2455501,109.835019411517,0.0908510444221472,130.604711625041,10.5884705402278,151.211504291792,9.08510444221472
2021-04-25,282306,199,230780,148,51526,51,255144,159,1746484,1650,2001628,1809,4,4207,-113,3600,308,274499,17,9377,4435,"East TN",2455501,109.020521677654,0.0896916705016107,73.6713200279699,8.10425245194362,146.609592095462,8.96916705016107
2021-04-26,282695,389,231027,247,51668,142,255395,251,1748456,1972,2003851,2223,6,4213,-140,3460,523,275022,16,9393,4443,"East TN",2455501,111.504739765938,0.0892616847582309,90.531423118948,15.8419809236486,140.908107958417,8.92616847582309
2021-04-27,283082,387,231229,202,51853,185,255614,219,1750819,2363,2006433,2582,3,4216,-52,3408,436,275458,25,9418,4449,"East TN",2455501,112.889385913506,0.0871371167998555,105.151657441801,15.7605311502622,138.790413850371,8.71371167998555
2021-04-28,283568,486,231573,344,51995,142,255995,381,1754947,4128,2010942,4509,6,4222,7,3415,473,275931,23,9441,4457,"East TN",2455501,111.78981397279,0.0875776397515528,183.628514099567,19.7922949328874,139.075488057223,8.75776397515528
2021-04-29,283960,392,231852,279,52108,113,256299,304,1757879,2932,2014178,3236,1,4223,18,3433,373,276304,22,9463,4462,"East TN",2455501,101.649317186187,0.0868719457228258,131.785733339143,15.9641555837281,139.808536017701,8.68719457228258
2021-04-30,284330,370,232080,228,52250,142,256538,239,1761146,3267,2017684,3506,0,4223,0,3433,370,276674,18,9481,4467,"East TN",2455501,101.119893659176,0.0836180713743356,142.781452746303,15.0682080764781,139.808536017701,8.36180713743356
2021-05-01,284565,235,232262,182,52303,53,256726,188,1763637,2491,2020363,2679,-1,4222,-29,3404,265,276939,15,9496,4468,"East TN",2455501,100.101771491846,0.0847449376947041,109.10197145104,9.57034837289824,138.627514303598,8.4744937694704
2021-05-02,284740,175,232390,128,52350,47,256859,133,1765114,1477,2021973,1610,1,4223,-76,3328,250,277189,11,9507,4472,"East TN",2455501,99.1243742112099,0.0842958957974932,65.5670675760262,7.1268551713072,135.532422914916,8.42958957974932
2021-05-03,284953,213,232505,115,52448,98,256985,126,1766598,1484,2023583,1610,5,4228,-224,3104,432,277621,17,9524,4476,"East TN",2455501,91.9567941532095,0.0805797689033043,65.5670675760262,8.67440086564819,126.410048295643,8.05797689033043
2021-05-04,285272,319,232724,219,52548,100,257230,245,1768998,2400,2026228,2645,7,4235,-83,3021,395,278016,12,9536,4484,"East TN",2455501,89.1875018580729,0.0816367769638798,107.717325303472,12.9912388551257,123.029882700109,8.16367769638798
2021-05-05,285736,464,233017,293,52719,171,257541,311,1773149,4151,2030690,4462,5,4240,129,3150,330,278346,22,9558,4489,"East TN",2455501,88.2915543508229,0.0782864087502532,181.714444424987,18.8963474256374,128.28339308353,7.82864087502532
2021-05-06,286021,285,233213,196,52808,89,257772,231,1775587,2438,2033359,2669,4,4244,-101,3049,382,278728,10,9568,4495,"East TN",2455501,83.9339914746522,0.0767947447995412,108.694722584108,11.6065927075574,124.170179527518,7.67947447995412
2021-05-07,286386,365,233461,248,52925,117,258041,269,1779035,3448,2037076,3717,0,4244,15,3064,350,279078,15,9583,4500,"East TN",2455501,83.7303670411863,0.0775061881188119,151.374403838565,14.8645836430122,124.781052827916,7.75061881188119
2021-05-08,286557,171,233564,103,52993,68,258155,114,1780930,1895,2039085,2009,0,4244,-93,2971,264,279342,7,9590,4507,"East TN",2455501,81.1239742928225,0.0763273154577502,81.8162973666066,6.96395562453446,120.99363836545,7.63273154577502
2021-05-09,286703,146,233679,115,53024,31,258287,132,1782641,1711,2040928,1843,3,4247,-163,2808,306,279648,11,9601,4512,"East TN",2455501,79.9429525787202,0.0753363228699552,75.0559661755381,5.94583345720486,114.355481834461,7.53363228699552
2021-05-10,286938,235,233815,136,53123,99,258432,145,1784157,1516,2042589,1661,7,4254,-198,2610,426,280074,22,9623,4515,"East TN",2455501,80.8389000859702,0.0761338524676418,67.6440367973786,9.57034837289824,106.29195426921,7.61338524676418
2021-05-11,287253,315,234043,228,53210,87,258676,244,1786835,2678,2045511,2922,1,4255,-57,2553,371,280445,19,9642,4519,"East TN",2455501,80.6760005391975,0.0749883316911269,118.998118917484,12.828339308353,103.970635727699,7.49883316911269
2021-05-12,287557,304,234260,217,53297,87,258927,251,1790900,4065,2049827,4316,3,4258,-51,2502,352,280797,16,9658,4521,"East TN",2455501,74.1600186682881,0.0724251450070544,175.768610967782,12.3803655547279,101.893666506346,7.24251450070544
2021-05-13,287767,210,234397,137,53370,73,259072,145,1793633,2733,2052705,2878,1,4259,-131,2371,340,281137,9,9667,4526,"East TN",2455501,71.1056521662993,0.0671973534580792,117.206223902984,8.55222620556864,96.5587063495393,6.71973534580792
2021-05-14,288068,301,234616,219,53452,82,259320,248,1796318,2685,2055638,2933,1,4260,33,2404,267,281404,21,9688,4531,"East TN",2455501,68.4992594179355,0.0689042129080918,119.446092671109,12.2581908946484,97.9026276104143,6.89042129080918
2021-05-15,288177,109,234698,82,53479,27,259422,102,1798306,1988,2057728,2090,0,4260,-153,2251,262,281666,6,9694,4535,"East TN",2455501,65.9743164429581,0.0679611650485437,85.1150131887546,4.43901264955706,91.6717199463572,6.79611650485437
2021-05-16,288277,100,234772,74,53505,26,259507,85,1799755,1449,2059262,1534,3,4263,-119,2132,216,281882,4,9698,4539,"East TN",2455501,64.1009716550716,0.0665430347987346,62.4719761873443,4.0724886693184,86.8254584298683,6.65430347987346
2021-05-17,288475,198,234875,103,53600,95,259617,110,1801322,1567,2060939,1677,6,4269,-118,2014,310,282192,10,9708,4546,"East TN",2455501,62.5941508474238,0.0645776566757493,68.2956349844696,8.06352756525043,82.0199218000726,6.45776566757493
2021-05-18,288687,212,235009,134,53678,78,259762,145,1803559,2237,2063321,2382,8,4277,-99,1915,303,282495,23,9731,4552,"East TN",2455501,58.3994875180259,0.0609769792251544,97.0066801031643,8.63367597895501,77.9881580174473,6.09769792251544
2021-05-19,288905,218,235174,165,53731,53,259929,167,1806828,3269,2066757,3436,1,4278,-53,1862,270,282765,21,9752,4555,"East TN",2455501,54.897147262412,0.0591848789131719,139.93071067778,8.87802529911411,75.8297390227086,5.91848789131719
2021-05-20,289082,177,235308,134,53774,43,260084,155,1820996,14168,2081080,14323,3,4281,-91,1771,265,283030,7,9759,4560,"East TN",2455501,53.553226001537,0.0356651982378855,583.302552106474,7.20830494469357,72.1237743336289,3.56651982378855
2021-05-21,289246,164,235416,108,53830,56,260204,120,1823274,2278,2083478,2398,0,4281,-58,1713,222,283252,10,9769,4563,"East TN",2455501,47.9739165245707,0.0317528735632184,97.6582782902552,6.67888141768218,69.7617309054242,3.17528735632184
2021-05-22,289317,71,235464,48,53853,23,260266,62,1824860,1586,2085126,1648,0,4281,-105,1608,176,283428,12,9781,4564,"East TN",2455501,46.4263708302298,0.030805168260457,67.1146132703672,2.89146695521606,65.4856178026399,3.0805168260457
2021-05-23,289391,74,235515,51,53876,23,260327,61,1825925,1065,2086252,1126,3,4284,-129,1479,200,283628,5,9786,4566,"East TN",2455501,45.367523776207,0.0303816228232679,45.8562224165252,3.01364161529562,60.2321074192191,3.03816228232679
2021-05-24,289551,160,235626,111,53925,49,260453,126,1827849,1924,2088302,2050,0,4284,-90,1389,250,283878,7,9793,4570,"East TN",2455501,43.819978081866,0.030552205533019,83.4860177210272,6.51598187090944,56.5668676168326,3.0552205533019
2021-05-25,289695,144,235722,96,53973,48,260541,88,1829576,1727,2090117,1815,0,4284,-72,1317,216,284094,9,9802,4576,"East TN",2455501,41.0506857867295,0.0290715032094342,73.915669348129,5.8643836838185,53.6346757749233,2.90715032094342
2021-05-26,289881,186,235864,142,54017,44,260706,165,1832459,2883,2093165,3048,7,4291,-29,1288,208,284302,14,9816,4581,"East TN",2455501,39.7474894125476,0.0294229021508634,124.129454640825,7.57482892493222,52.453654060821,2.94229021508634
2021-05-27,290004,123,235939,75,54065,48,260844,138,1835431,2972,2096275,3110,4,4295,-82,1206,201,284503,11,9827,4585,"East TN",2455501,37.5483455311156,0.0500164527805199,126.654397615802,5.00916106326163,49.1142133519799,5.00164527805199
2021-05-28,290121,117,236029,90,54092,27,260942,98,1837543,2112,2098485,2210,0,4295,-59,1147,176,284679,9,9836,4588,"East TN",2455501,35.634275856536,0.0491770507096688,90.0019995919366,4.76481174310253,46.7114450370821,4.91770507096688
2021-05-29,290172,51,236061,32,54111,19,260979,37,1838619,1076,2099598,1113,0,4295,-87,1060,138,284817,7,9843,4591,"East TN",2455501,34.8197781226723,0.0492675511332228,45.3267988895138,2.07696922135238,43.168379894775,4.92675511332228
2021-05-30,290227,55,236101,40,54126,15,261025,46,1839706,1087,2100731,1133,0,4295,-67,993,122,284939,7,9850,4596,"East TN",2455501,34.0460052755018,0.0482077491539471,46.1412966233775,2.23986876812512,40.4398124863317,4.82077491539471
2021-05-31,290307,80,236167,66,54140,14,261096,71,1841135,1429,2102231,1500,6,4301,-96,897,170,285109,4,9854,4601,"East TN",2455501,30.7880143400471,0.0461626821738818,61.087330039776,3.25799093545472,36.530223363786,4.61626821738818
2021-06-01,290438,131,236261,94,54177,37,261190,94,1842451,1316,2103641,1410,3,4304,-37,860,165,285274,11,9865,4604,"East TN",2455501,30.2585908130357,0.04798876072168,57.4220902373894,5.3349601568071,35.0234025561382,4.798876072168
2021-06-02,290557,119,236332,71,54225,48,261263,73,1844430,1979,2105693,2052,1,4305,-17,843,135,285409,9,9874,4608,"East TN",2455501,27.5300234045924,0.0444604086845466,83.5674674944136,4.8462615164889,34.3310794823541,4.44604086845466
2021-06-03,290644,87,236387,55,54257,32,261382,119,1847596,3166,2108978,3285,1,4306,-44,799,130,285539,7,9881,4613,"East TN",2455501,26.0639274836378,0.0423522002676533,133.781252787109,3.54306514230701,32.539184467854,4.23522002676533
2021-06-04,290735,91,236446,59,54289,32,261460,78,1849748,2152,2111208,2230,0,4306,-31,768,122,285661,7,9888,4613,"East TN",2455501,25.005080429615,0.0407136681600252,90.8164973258003,3.70596468907974,31.2767129803653,4.07136681600252
2021-06-05,290776,41,236472,26,54304,15,261490,30,1851131,1383,2112621,1413,-1,4305,-67,701,109,285770,2,9890,4618,"East TN",2455501,24.5978315626831,0.0392382707517469,57.544264897469,1.66972035442054,28.548145571922,3.92382707517469
2021-06-06,290802,26,236488,16,54314,10,261509,19,1852047,916,2113556,935,-1,4304,-56,645,83,285853,2,9892,4621,"East TN",2455501,23.4168098485808,0.0377387914230019,38.077769058127,1.05884705402278,26.2675519171037,3.77387914230019
2021-06-07,290875,73,236523,35,54352,38,261561,52,1853317,1270,2114878,1322,3,4307,-68,577,138,285991,10,9902,4623,"East TN",2455501,23.1317356417285,0.036767612872618,53.8383002083892,2.97291672860243,23.4982596219672,3.6767612872618
2021-06-08,290962,87,236590,67,54372,20,261631,70,1854796,1479,2116427,1549,3,4310,-28,549,112,286103,4,9906,4626,"East TN",2455501,21.3398406272284,0.0344908493664946,63.082849487742,3.54306514230701,22.357962794558,3.44908493664946
2021-06-09,291010,48,236628,38,54382,10,261685,54,1857525,2729,2119210,2783,0,4310,-63,486,111,286214,3,9909,4629,"East TN",2455501,18.4483736720124,0.0312199452541244,113.337359667131,1.95479456127283,19.7922949328874,3.12199452541244
2021-06-10,291085,75,236685,57,54400,18,261751,66,1859310,1785,2121061,1851,4,4314,-21,465,92,286306,4,9913,4632,"East TN",2455501,17.9596750316941,0.0305387734834064,75.3817652690836,3.0543665019888,18.9370723123306,3.05387734834064
2021-06-11,291155,70,236731,46,54424,24,261806,55,1860794,1484,2122600,1539,2,4316,-5,460,73,286379,4,9917,4633,"East TN",2455501,17.1044524111373,0.030372191011236,62.6756006208102,2.85074206852288,18.7334478788646,3.0372191011236
2021-06-12,291184,29,236753,22,54431,7,261837,31,1861988,1194,2123825,1225,3,4319,-25,435,51,286430,1,9918,4636,"East TN",2455501,16.6157537708191,0.0309710817565155,49.8879861991504,1.18102171410234,17.715325711535,3.09710817565155
2021-06-13,291202,18,236767,14,54435,4,261858,21,1862831,843,2124689,864,1,4320,-41,394,58,286488,1,9919,4637,"East TN",2455501,16.2899546772736,0.0313482439594,35.186302102911,0.733047960477312,16.0456053571145,3.13482439594
2021-06-14,291255,53,236800,33,54455,20,261899,41,1864084,1253,2125983,1294,3,4323,-9,385,59,286547,3,9922,4639,"East TN",2455501,15.4754569434099,0.0304367402071139,52.6980033809801,2.15841899473875,15.6790813768758,3.04367402071139
2021-06-15,291343,88,236869,69,54474,19,261987,88,1865966,1882,2127953,1970,0,4323,-8,377,96,286643,4,9926,4643,"East TN",2455501,15.5161818301031,0.0308866909595697,80.2280267855725,3.58379002900019,15.3532822833304,3.08866909595697
2021-06-16,291410,67,236909,40,54501,27,262025,38,1867871,1905,2129896,1943,2,4325,-14,363,79,286722,7,9933,4646,"East TN",2455501,16.2899546772736,0.0318173310874041,79.1284548448565,2.72856740844333,14.7831338696258,3.18173310874041
2021-06-17,291461,51,236947,38,54514,13,262071,46,1870222,2351,2132293,2397,1,4326,-7,356,57,286779,1,9934,4650,"East TN",2455501,15.3125573966372,0.0284900284900285,97.617553403562,2.07696922135238,14.4980596627735,2.84900284900285
2021-06-18,291523,62,236998,51,54525,11,262126,55,1871950,1728,2134076,1783,2,4328,-1,355,61,286840,4,9938,4652,"East TN",2455501,14.9867583030917,0.0278842802370164,72.6124729739471,2.52494297497741,14.4573347760803,2.78842802370164
2021-06-19,291551,28,237015,17,54536,11,262144,18,1873101,1151,2135245,1169,0,4328,-16,339,44,286884,5,9943,4654,"East TN",2455501,14.9460334163985,0.0268826619964974,47.6073925443321,1.14029682740915,13.8057365889894,2.68826619964974
2021-06-20,291576,25,237036,21,54540,4,262161,17,1873855,754,2136016,771,3,4331,-13,326,35,286919,2,9945,4657,"East TN",2455501,15.2311076232508,0.0267502427827315,31.3988876404449,1.0181221673296,13.276313061978,2.67502427827315
2021-06-21,291643,67,237076,40,54567,27,262213,52,1875126,1271,2137339,1323,6,4337,3,329,58,286977,2,9947,4659,"East TN",2455501,15.8012560369554,0.0276505811905601,53.8790250950824,2.72856740844333,13.3984877220575,2.76505811905601
2021-06-22,291736,93,237122,46,54614,47,262264,51,1876553,1427,2138817,1478,5,4342,36,365,52,287029,7,9954,4663,"East TN",2455501,16.0048804704213,0.0254970544918999,60.1913825325259,3.78741446246611,14.8645836430122,2.54970544918999
2021-06-23,291805,69,237170,48,54635,21,262319,55,1878343,1790,2140662,1845,2,4344,7,372,60,287089,5,9959,4667,"East TN",2455501,16.0863302438077,0.0273081924577373,75.1374159489245,2.8100171818297,15.1496578498644,2.73081924577373
2021-06-24,291888,83,237222,52,54666,31,262381,62,1880187,1844,2142568,1906,3,4347,27,399,53,287142,6,9965,4668,"East TN",2455501,17.3895266179896,0.0301703163017032,77.6216340372087,3.38016559553427,16.2492297905804,3.01703163017032
2021-06-25,291967,79,237278,56,54689,23,262450,69,1881992,1805,2144442,1874,0,4347,31,430,48,287190,3,9968,4670,"East TN",2455501,18.0818496917737,0.0312560293266448,76.3184376630268,3.21726604876154,17.5117012780691,3.12560293266448
2021-06-26,292002,35,237296,18,54706,17,262471,21,1883176,1184,2145647,1205,0,4347,1,431,34,287224,2,9970,4672,"East TN",2455501,18.366923898626,0.0314362622572582,49.0734884652867,1.42537103426144,17.5524261647623,3.14362622572582
2021-06-27,292031,29,237316,20,54715,9,262495,24,1883890,714,2146385,738,2,4349,-9,422,36,287260,3,9973,4674,"East TN",2455501,18.5298234453987,0.0322113993634873,30.0549663795698,1.18102171410234,17.1859021845236,3.22113993634873
2021-06-28,292075,44,237340,24,54735,20,262520,25,1884442,552,2146962,577,4,4353,-15,407,55,287315,3,9976,4674,"East TN",2455501,17.5931510514555,0.0319027330354359,23.4982596219672,1.7918950145001,16.5750288841259,3.19027330354359
2021-06-29,292205,130,237425,85,54780,45,262615,95,1886456,2014,2149071,2109,0,4353,78,485,52,287367,7,9983,4677,"East TN",2455501,19.0999718591033,0.0342305441778818,85.8887860359251,5.29423527011392,19.7515700461942,3.42305441778818
2021-06-30,292290,85,237488,63,54802,22,262690,75,1888100,1644,2150790,1719,3,4356,29,514,53,287420,4,9987,4677,"East TN",2455501,19.7515700461942,0.03663112164297,70.0060802255833,3.46161536892064,20.9325917602966,3.663112164297
2021-07-01,292396,106,237541,53,54855,53,262755,65,1890652,2552,2153407,2617,1,4357,56,570,49,287469,2,9989,4680,"East TN",2455501,20.6882424401375,0.0345050281391272,106.577028476063,4.3168379894775,23.2131854151149,3.45050281391272
2021-07-02,292478,82,237604,63,54874,19,262829,74,1892334,1682,2155163,1756,0,4357,32,602,50,287519,3,9992,4682,"East TN",2455501,20.810417100217,0.0353511799272456,71.5129010332311,3.33944070884109,24.5163817892968,3.53511799272456
2021-07-03,292526,48,237640,36,54886,12,262869,40,1893423,1089,2156292,1129,1,4358,1,603,46,287565,3,9995,4685,"East TN",2455501,21.3398406272284,0.0373884452794739,45.9783970766047,1.95479456127283,24.55710667599,3.73884452794739
2021-07-04,292553,27,237661,21,54892,6,262894,25,1894123,700,2157017,725,0,4358,-13,590,40,287605,1,9996,4686,"East TN",2455501,21.258390853842,0.0375282167042889,29.5255428525584,1.09957194071597,24.0276831489786,3.75282167042889
2021-07-05,292596,43,237685,24,54911,19,262919,25,1894605,482,2157524,507,0,4358,-29,561,72,287677,2,9998,4687,"East TN",2455501,21.2176659671489,0.0377769361863283,20.6475175534443,1.75117012780691,22.8466614348762,3.77769361863283
2021-07-06,292758,162,237789,104,54969,58,263031,112,1895930,1325,2158961,1437,5,4363,82,643,75,287752,6,10004,4687,"East TN",2455501,22.5208623413308,0.0420626895854398,58.5216621781054,6.59743164429581,26.1861021437173,4.20626895854398
2021-07-07,292901,143,237870,81,55031,62,263119,88,1897389,1459,2160508,1547,4,4367,82,725,57,287809,6,10010,4689,"East TN",2455501,24.8829057695354,0.0441448857789669,63.0013997143556,5.82365879712531,29.5255428525584,4.41448857789669
2021-07-08,293041,140,237972,102,55069,38,263236,117,1899243,1854,2162479,1971,2,4369,76,801,62,287871,3,10013,4691,"East TN",2455501,26.2675519171037,0.0530202821869489,80.2687516722657,5.70148413704576,32.6206342412404,5.30202821869489
2021-07-09,293205,164,238094,122,55111,42,263367,131,1900988,1745,2164355,1876,0,4369,100,901,64,287935,4,10017,4693,"East TN",2455501,29.6069926259448,0.0585291557876414,76.3998874364132,6.67888141768218,36.6931229105588,5.85291557876414
2021-07-10,293308,103,238166,72,55142,31,263440,73,1902045,1057,2165485,1130,0,4369,55,956,48,287983,12,10029,4694,"East TN",2455501,31.8468613940699,0.0621124768845861,46.0191219632979,4.19466332939795,38.9329916786839,6.21124768845861
2021-07-11,293356,48,238201,35,55155,13,263483,43,1902801,756,2166284,799,2,4371,4,960,42,288025,7,10036,4694,"East TN",2455501,32.7020840146267,0.0635588647890364,32.539184467854,1.95479456127283,39.0958912254566,6.35588647890364
2021-07-12,293528,172,238317,116,55211,56,263607,124,1904167,1366,2167774,1490,1,4372,92,1052,79,288104,14,10050,4695,"East TN",2455501,37.9555943980475,0.0671219512195122,60.6800811728442,7.00468051122765,42.8425808012296,6.71219512195122
2021-07-13,293742,214,238454,137,55288,77,263752,145,1905790,1623,2169542,1768,4,4376,149,1201,61,288165,17,10067,4699,"East TN",2455501,40.0732885060931,0.068141007466213,72.0015996735493,8.71512575234138,48.910588918514,6.8141007466213
2021-07-14,293915,173,238590,136,55325,37,263894,142,1907351,1561,2171245,1703,0,4376,103,1304,70,288235,12,10079,4700,"East TN",2455501,41.2950351068886,0.0721803110738568,69.3544820384923,7.04540539792083,53.1052522479119,7.21803110738568
2021-07-15,294135,220,238740,150,55395,70,264061,167,1909152,1801,2173213,1968,0,4376,118,1422,102,288337,15,10094,4700,"East TN",2455501,44.5530260423433,0.0768585802124092,80.1465770121861,8.95947507250048,57.9107888777077,7.68585802124092
2021-07-16,294365,230,238882,142,55483,88,264215,154,1910681,1529,2174896,1683,0,4376,164,1586,66,288403,10,10104,4704,"East TN",2455501,47.2408685640934,0.080447775353382,68.5399843046287,9.36672393943232,64.5896702953898,8.0447775353382
2021-07-17,294509,144,238982,100,55527,44,264325,110,1911899,1218,2176224,1328,0,4376,54,1640,90,288493,5,10109,4706,"East TN",2455501,48.910588918514,0.0824099078126455,54.0826495285484,5.8643836838185,66.7888141768218,8.24099078126455
2021-07-18,294653,144,239103,121,55550,23,264457,132,1913023,1124,2177480,1256,0,4376,50,1690,94,288587,6,10115,4708,"East TN",2455501,52.8201780410596,0.0869953554841015,51.1504576866391,5.8643836838185,68.8250585114809,8.69953554841015
2021-07-19,294956,303,239314,211,55642,92,264673,216,1914713,1690,2179386,1906,2,4378,166,1856,135,288722,14,10129,4709,"East TN",2455501,58.1551381978667,0.0918015845676886,77.6216340372087,12.3396406680348,75.5853897025495,9.18015845676886
2021-07-20,295313,357,239552,238,55761,119,264927,254,1916373,1660,2181300,1914,2,4380,213,2069,142,288864,22,10151,4711,"East TN",2455501,63.9787969949921,0.0999319612178942,77.9474331307542,14.5387845494667,84.2597905681977,9.99319612178942
2021-07-21,295715,402,239846,294,55869,108,265237,310,1918489,2116,2183726,2426,3,4383,248,2317,151,289015,28,10179,4715,"East TN",2455501,73.3047960477312,0.107603557407259,98.7985751176644,16.37140445066,94.3595624681073,10.7603557407259
2021-07-22,296189,474,240179,333,56010,141,265604,367,1920857,2368,2186461,2735,5,4388,322,2639,147,289162,21,10200,4718,"East TN",2455501,83.6489172677999,0.116470410628019,111.382565105858,19.3035962925692,107.472975983313,11.6470410628019
2021-07-23,296650,461,240499,320,56151,141,265937,333,1922760,1903,2188697,2236,1,4389,328,2967,132,289294,28,10228,4724,"East TN",2455501,93.0563660939254,0.124773567132816,91.0608466459594,18.7741727655578,120.830738818677,12.4773567132816
2021-07-24,297007,357,240748,249,56259,108,266202,265,1924511,1751,2190713,2016,0,4389,224,3191,133,289427,21,10249,4728,"East TN",2455501,101.730766959574,0.129546552557112,82.1013715734589,14.5387845494667,129.95311343795,12.9546552557112
2021-07-25,297235,228,240938,190,56297,38,266405,203,1925826,1315,2192231,1518,3,4392,97,3288,128,289555,17,10266,4733,"East TN",2455501,105.151657441801,0.132058843468239,61.8203780002533,9.28527416604595,133.903427447189,13.2058843468239
2021-07-26,297902,667,241401,463,56501,204,266891,486,1927555,1729,2194446,2215,10,4402,448,3736,209,289764,36,10302,4737,"East TN",2455501,119.97551619812,0.147277556440903,90.2056240254026,27.1634994243537,152.148176685735,14.7277556440903
2021-07-27,298628,726,241890,489,56738,237,267406,515,1929876,2321,2197282,2836,2,4404,534,4270,190,289954,28,10330,4743,"East TN",2455501,135.002999387905,0.155112001001126,115.49577866187,29.5662677392516,173.895266179896,15.5112001001126
2021-07-28,299445,817,242436,546,57009,271,268019,613,1932743,2867,2200762,3480,2,4406,557,4827,258,290212,37,10367,4746,"East TN",2455501,151.903827365576,0.163301244423574,141.72260569228,33.2722324283313,196.579028067999,16.3301244423574
2021-07-29,300133,688,242891,455,57242,233,268515,496,1935170,2427,2203685,2923,3,4409,474,5301,211,290423,23,10390,4750,"East TN",2455501,160.618953117918,0.169008360427311,119.038843804177,28.0187220449106,215.882624360568,16.9008360427311
2021-07-30,301132,999,243641,750,57491,249,269318,803,1936972,1802,2206290,2605,4,4413,751,6052,244,290667,41,10431,4755,"East TN",2455501,182.528942158851,0.192178707440459,106.088329835744,40.6841618064908,246.46701426715,19.2178707440459
2021-07-31,301667,535,244006,365,57661,170,269714,396,1938942,1970,2208656,2366,2,4415,319,6371,214,290881,32,10463,4765,"East TN",2455501,189.777971990237,0.19573092570919,96.3550819160733,21.7878143808534,259.458253122275,19.573092570919
2021-08-01,302198,531,244427,421,57771,110,270175,461,1941080,2138,2211255,2599,3,4418,319,6690,209,291090,28,10491,4769,"East TN",2455501,202.117612658272,0.198170731707317,105.843980515585,21.6249148340807,272.449491977401,19.8170731707317
2021-08-02,303048,850,244965,538,58083,312,270711,536,1943415,2335,2214126,2871,9,4427,415,7105,426,291516,33,10524,4778,"East TN",2455501,209.570266923125,0.194105691056911,116.921149696131,34.6161536892064,289.350319955072,19.4105691056911
2021-08-03,304386,1338,245934,969,58452,369,271727,1016,1947190,3775,2218917,4791,4,4431,896,8001,438,291954,40,10564,4788,"East TN",2455501,234.493897579353,0.199722671596949,195.112932147045,54.4898983954802,325.839818432165,19.9722671596949
2021-08-04,305473,1087,246769,835,58704,252,272613,886,1950809,3619,2223422,4505,8,4439,646,8647,433,292387,40,10604,4794,"East TN",2455501,245.489616986513,0.202736098852604,183.465614552794,44.267951835491,352.148095235962,20.2736098852604
2021-08-05,306653,1180,247662,893,58991,287,273566,953,1954774,3965,2228340,4918,10,4449,668,9315,502,292889,43,10647,4801,"East TN",2455501,265.52626123956,0.204867166903265,200.284992757079,48.0553662979571,379.352319547009,20.4867166903265
2021-08-06,307991,1338,248649,987,59342,351,274649,1083,1959402,4628,2234051,5711,3,4452,909,10224,426,293315,52,10699,4814,"East TN",2455501,279.331997828549,0.192031987320341,232.579827904774,54.4898983954802,416.371241551113,19.2031987320341
2021-08-07,308715,724,249174,525,59541,199,275232,583,1962404,3002,2237636,3585,0,4452,326,10550,398,293713,28,10727,4823,"East TN",2455501,287.029001413561,0.190407177363699,145.998718795065,29.4848179658652,429.647554613091,19.0407177363699
2021-08-08,309352,637,249626,452,59726,185,275757,525,1964519,2115,2240276,2640,5,4457,220,10770,412,294125,30,10757,4833,"East TN",2455501,291.345839403038,0.192343475414355,107.513700870006,25.9417528235582,438.607029685592,19.2343475414355
2021-08-09,310721,1369,250588,962,60133,407,276764,1007,1968057,3538,2244821,4545,13,4470,572,11342,784,294909,66,10823,4845,"East TN",2455501,312.482055596801,0.197198240755823,185.094610020521,55.7523698829689,461.901664874093,19.7198240755823
2021-08-10,312047,1326,251438,850,60609,476,277681,917,1971308,3251,2248989,4168,6,4476,549,11891,771,295680,49,10872,4859,"East TN",2455501,311.993356956483,0.197991487097632,169.741327737191,54.001199755162,484.259627668651,19.7991487097632
2021-08-11,313934,1887,252750,1312,61184,575,279065,1384,1976664,5356,2255729,6740,8,4484,1064,12955,815,296495,63,10935,4879,"East TN",2455501,344.57326631103,0.19970904138422,274.48573631206,76.8478611900382,527.590907110199,19.970904138422
2021-08-12,315396,1462,253818,1068,61578,394,280226,1161,1981145,4481,2261371,5642,10,4494,586,13541,866,297361,45,10980,4893,"East TN",2455501,356.057684358508,0.201628772970846,229.769810722944,59.539784345435,551.455690712405,20.1628772970846
2021-08-13,317042,1646,254939,1121,62103,525,281398,1172,1986564,5419,2267962,6591,11,4505,793,14334,842,298203,30,11010,4917,"East TN",2455501,368.600949460008,0.19902096664799,268.417728194776,67.0331634969809,583.750525860099,19.902096664799
2021-08-14,318572,1530,256028,1089,62544,441,282598,1200,1992039,5475,2274637,6675,1,4506,913,15247,616,298819,27,11037,4931,"East TN",2455501,401.425208134715,0.199075700656739,271.838618677003,62.3090766405715,620.932347410976,19.9075700656739
2021-08-15,319717,1145,256996,968,62721,177,283657,1059,1995847,3808,2279504,4867,11,4517,426,15673,708,299527,21,11058,4944,"East TN",2455501,422.113450574852,0.201386764555929,198.208023535727,46.6299952636957,638.281149142273,20.1386764555929
2021-08-16,321156,1439,257914,918,63242,521,284620,963,1998907,3060,2283527,4023,17,4534,177,15850,1245,300772,27,11085,4962,"East TN",2455501,424.964192643375,0.202965948431768,163.836219166679,58.6031119514918,645.489454086966,20.2965948431768
2021-08-17,322893,1737,259130,1216,63763,521,285940,1320,2003766,4859,2289706,6179,10,4544,509,16359,1218,301990,25,11110,4979,"East TN",2455501,441.702121074274,0.202839108971683,251.639074877184,70.7391281860606,666.218421413797,20.2839108971683
2021-08-18,324984,2091,260520,1390,64464,701,287417,1477,2009185,5419,2296602,6896,13,4557,928,17287,1150,303140,32,11142,4994,"East TN",2455501,450.009997959683,0.204340273530203,280.838818636197,85.1557380754477,704.011116265072,20.4340273530203
2021-08-19,327374,2390,262021,1501,65353,889,288992,1575,2019137,9952,2308129,11527,23,4580,1116,18403,1251,304391,43,11185,5016,"East TN",2455501,487.802692810958,0.187475939946105,469.435768912332,97.3324791967098,749.460089814665,18.7475939946105
2021-08-20,329829,2455,264001,1980,65828,475,291104,2112,2026031,6894,2317135,9006,4,4584,1271,19674,1180,305571,37,11222,5049,"East TN",2455501,520.749126145744,0.197384743660139,366.768329558815,99.9795968317667,801.221420801702,19.7384743660139
2021-08-21,332757,2928,265979,1978,66778,950,293223,2119,2034959,8928,2328182,11047,0,4584,2170,21844,758,306329,57,11279,5073,"East TN",2455501,577.682517742815,0.198431226071529,449.887823299604,119.242468237643,889.594424925911,19.8431226071529
2021-08-22,334239,1482,267317,1338,66922,144,294740,1517,2040472,5513,2335212,7030,7,4591,541,22385,934,307263,17,11296,5092,"East TN",2455501,591.406804558418,0.198948086450779,286.295953453083,60.3542820792987,911.626588626924,19.8948086450779
2021-08-23,336187,1948,268445,1128,67742,820,295926,1186,2044440,3968,2340366,5154,17,4608,185,22570,1746,309009,37,11333,5113,"East TN",2455501,612.135771885249,0.198912718379986,209.89606601667,79.3320792783224,919.160692665163,19.8912718379986
2021-08-24,338170,1983,269833,1388,68337,595,297359,1433,2048219,3779,2345578,5212,15,4623,147,22717,1821,310830,25,11358,5151,"East TN",2455501,622.154094011772,0.204377863688431,212.258109444875,80.7574503125839,925.147251009061,20.4377863688431
2021-08-25,340397,2227,271046,1213,69351,1014,298604,1245,2052255,4036,2350859,5281,17,4640,614,23331,1596,312426,39,11397,5189,"East TN",2455501,627.692678602045,0.206185377002046,215.068126626705,90.6943226657208,950.152331438676,20.6185377002046
2021-08-26,343054,2657,272883,1837,70171,820,300562,1958,2059099,6844,2359661,8802,24,4664,739,24070,1894,314320,40,11437,5219,"East TN",2455501,638.566223349125,0.22452068617558,358.460452673406,108.20602394379,980.248022704939,22.452068617558
2021-08-27,346065,3011,275163,2280,70902,731,302935,2373,2066170,7071,2369105,9444,19,4683,1309,25379,1683,316003,44,11481,5240,"East TN",2455501,661.209260350535,0.227650567635174,384.60582993043,122.622633833177,1033.55689938632,22.7650567635174
2021-08-28,348208,2143,276703,1540,71505,603,304607,1672,2072036,5866,2376643,7538,1,4684,918,26297,1224,317227,33,11514,5274,"East TN",2455501,629.240224296386,0.234910546625121,306.984195893221,87.2734321834933,1070.94234537066,23.4910546625121
2021-08-29,350541,2333,278529,1826,72012,507,306626,2019,2079030,6994,2385656,9013,9,4693,1063,27360,1261,318488,45,11559,5305,"East TN",2455501,663.897102872286,0.235627626675125,367.053403765667,95.0111606551983,1114.23289992551,23.5627626675125
2021-08-30,353784,3243,280944,2415,72840,828,309232,2606,2088072,9042,2397304,11648,21,4714,477,27837,2745,321233,70,11629,5345,"East TN",2455501,716.635831139959,0.233692788647301,474.363480202207,132.070807545996,1133.65867087816,23.3692788647301
2021-08-31,357371,3587,283355,2411,74016,1176,311840,2608,2096659,8587,2408499,11195,7,4721,911,28748,2669,323902,80,11709,5380,"East TN",2455501,781.958549395826,0.230145738306766,455.915106530195,146.080168568451,1170.75904265565,23.0145738306766
2021-09-01,358806,1435,284308,953,74498,482,312830,990,2098942,2283,2411772,3273,14,4735,-963,27785,2384,326286,32,11741,5422,"East TN",2455501,749.704439134824,0.233546205243544,133.292554146791,58.440212404719,1131.54097677012,23.3546205243544
2021-09-02,361121,2315,285803,1495,75318,820,314346,1516,2103204,4262,2417550,5778,19,4754,-586,27199,2882,329168,44,11785,5452,"East TN",2455501,735.776527885755,0.238110867349583,235.308395313217,94.278112694721,1107.67619316791,23.8110867349583
2021-09-03,362876,1755,287028,1225,75848,530,315640,1294,2107309,4105,2422949,5399,17,4771,-1006,26193,2744,331912,32,11817,5481,"East TN",2455501,684.626070199116,0.235959438377535,219.8736632565,71.4721761465379,1066.70695715457,23.5959438377535
2021-09-04,366136,3260,289371,2343,76765,917,318215,2575,2115357,8048,2433572,10623,3,4774,1511,27704,1746,333658,56,11873,5512,"East TN",2455501,730.115768635403,0.239034586941629,432.620471341694,132.76313061978,1128.24226094797,23.9034586941629
2021-09-05,370592,4456,292625,3254,77967,1202,321702,3487,2127867,12510,2449569,15997,8,4782,2730,30434,1718,335376,58,11931,5566,"East TN",2455501,816.574703085032,0.235883153662009,651.476012430864,181.470095104828,1239.42120162036,23.5883153662009
2021-09-06,375505,4913,296564,3939,78941,974,325991,4289,2143505,15638,2469496,19927,11,4793,965,31399,3937,339313,102,12033,5603,"East TN",2455501,884.58526386265,0.232144835992908,811.524817135078,200.081368323613,1278.72071727928,23.2144835992908
2021-09-07,377587,2082,298023,1459,79564,623,327509,1518,2147931,4426,2475440,5944,34,4827,-1813,29586,3861,343174,64,12097,5635,"East TN",2455501,823.294309389408,0.234071794565364,242.068726504286,84.7892140952091,1204.88649770454,23.4071794565364
2021-09-08,379261,1674,299199,1176,80062,498,328770,1261,2152311,4380,2481081,5641,19,4846,-1782,27804,3437,346611,60,12157,5676,"East TN",2455501,833.027557309079,0.229984561889509,229.729085836251,68.17346032439,1132.31474961729,22.9984561889509
2021-09-09,381171,1910,300205,1006,80966,904,329847,1077,2155977,3666,2485824,4743,8,4854,-1607,26197,3509,350120,55,12212,5716,"East TN",2455501,816.533978198339,0.227041040513226,193.158137585772,77.7845335839814,1066.86985670134,22.7041040513226
2021-09-10,386663,5492,304045,3840,82618,1652,333983,4136,2168083,12106,2502066,16242,23,4877,2258,28455,3211,353331,144,12356,5751,"East TN",2455501,968.722879770768,0.231846505807854,661.453609670695,223.661077718967,1158.82665085455,23.1846505807854
2021-09-11,390946,4283,307152,3107,83794,1176,337301,3318,2179903,11820,2517204,15138,8,4885,2504,30959,1771,355102,119,12475,5795,"East TN",2455501,1010.3844388579,0.228214080734647,616.493334761419,174.424689706907,1260.80176713428,22.8214080734647
2021-09-12,392525,1579,308575,1423,83950,156,338855,1554,2185147,5244,2524002,6798,23,4908,-135,30824,1691,356793,50,12525,5839,"East TN",2455501,893.218939841605,0.230448860048634,276.847779740265,64.3045960885375,1255.3039074307,23.0448860048634
2021-09-13,394879,2354,310030,1455,84849,899,340360,1505,2190270,5123,2530630,6628,63,4971,-1937,28887,4228,361021,84,12609,5889,"East TN",2455501,789.003954793747,0.235041057349429,269.924549002424,95.8663832757551,1176.41980190601,23.5041057349429
2021-09-14,397691,2812,311985,1955,85706,857,342435,2075,2196491,6221,2538926,8296,43,5014,-940,27947,3709,364730,63,12672,5932,"East TN",2455501,818.733122079771,0.235106952713984,337.853660006654,114.518381381233,1138.13840841441,23.5106952713984
2021-09-15,399483,1792,313181,1196,86302,596,343650,1215,2200266,3775,2543916,4990,23,5037,-1554,26393,3323,368053,36,12708,5971,"East TN",2455501,823.538658709567,0.236810694676534,203.217184598988,72.9789969541857,1074.85193449321,23.6810694676534
2021-09-16,402128,2645,315033,1852,87095,793,345607,1957,2206925,6659,2552532,8616,23,5060,-557,25836,3179,371232,65,12773,6008,"East TN",2455501,853.471450429057,0.236253522815854,350.885623748473,107.717325303472,1052.1681726051,23.6253522815854
2021-09-17,404808,2680,316906,1873,87902,807,347611,2004,2214129,7204,2561740,9208,23,5083,-57,25779,2714,373946,82,12855,6063,"East TN",2455501,738.953069047824,0.228374166303583,374.994756670838,109.142696337733,1049.84685406359,22.8374166303583
2021-09-18,406259,1451,318083,1177,88176,274,348948,1337,2219601,5472,2568549,6809,3,5086,-287,25492,1735,375681,39,12894,6121,"East TN",2455501,623.620189932727,0.226838056285909,277.29575349389,59.09181059181,1038.15881158265,22.6838056285909
2021-09-19,406902,643,318529,446,88373,197,349461,513,2221678,2077,2571139,2590,17,5103,-1070,24422,1696,377377,24,12918,6164,"East TN",2455501,585.501695987906,0.225003712582472,105.477456535347,26.1861021437173,994.58318282094,22.5003712582472
2021-09-20,408883,1981,319785,1256,89098,725,350832,1371,2227315,5637,2578147,7008,48,5151,175,24597,1758,379135,70,12988,6208,"East TN",2455501,570.311313251349,0.220384283519582,285.400005945833,80.6760005391975,1001.71003799225,22.0384283519582
2021-09-21,410755,1872,320887,1102,89868,770,351972,1140,2231620,4305,2583592,5445,31,5182,-2036,22561,3877,383012,61,13049,6255,"East TN",2455501,532.029919759756,0.21351811221063,221.747008044387,76.2369878896404,918.794168684924,21.351811221063
2021-09-22,412347,1592,322004,1117,90343,475,353194,1222,2236977,5357,2590171,6579,14,5196,-1341,21220,2919,385931,45,13094,6294,"East TN",2455501,523.884942421119,0.206334450329694,267.929029554458,64.8340196155489,864.182095629364,20.6334450329694
2021-09-23,414695,2348,323512,1508,91183,840,354857,1663,2243333,6356,2598190,8019,32,5228,-391,20829,2707,388638,59,13153,6332,"East TN",2455501,511.789651073243,0.20259319286872,326.572866392642,95.622033955596,848.258664932329,20.259319286872
2021-09-24,416232,1537,324493,981,91739,556,355956,1099,2248215,4882,2604171,5981,37,5265,-914,19915,2414,391052,40,13193,6381,"East TN",2455501,465.241105582934,0.19667224434965,243.575547311933,62.5941508474238,811.036118494759,19.667224434965
2021-09-25,416929,697,324981,488,91948,209,356518,562,2251237,3022,2607755,3584,2,5267,-915,19000,1610,392662,21,13214,6422,"East TN",2455501,434.534541016273,0.193082691424782,145.957993908371,28.3852460251492,773.772847170496,19.3082691424782
2021-09-26,417790,861,325609,628,92181,233,357241,723,2255214,3977,2612455,4700,6,5273,-431,18569,1286,393948,26,13240,6458,"East TN",2455501,443.412566315387,0.18830477296931,191.406967457965,35.0641274428314,756.220421005734,18.830477296931
2021-09-27,419249,1459,326440,831,92809,628,358163,922,2258805,3591,2616968,4513,46,5319,-1368,17201,2781,396729,45,13285,6491,"East TN",2455501,422.154175461545,0.188841091162,183.791413646339,59.4176096853555,700.508776009458,18.8841091162
2021-09-28,420543,1294,327229,789,93314,505,359026,863,2262467,3662,2621493,4525,14,5333,-1015,16186,2295,399024,34,13319,6527,"East TN",2455501,398.615190952885,0.18611646130709,184.280112286658,52.6980033809801,659.173016015876,18.611646130709
2021-09-29,422218,1675,328238,1009,93980,666,360164,1138,2267965,5498,2628129,6636,30,5363,-383,15803,2028,401052,50,13369,6572,"East TN",2455501,401.995356548419,0.183624005479741,270.250348095969,68.2141852110832,643.575384412387,18.3624005479741
2021-09-30,423427,1209,328998,760,94429,449,360983,819,2272637,4672,2633620,5491,11,5374,-785,15018,1983,403035,40,13409,6607,"East TN",2455501,355.609710604883,0.172904318374259,223.620352832273,49.2363880120595,611.606348358237,17.2904318374259
2021-10-01,424800,1373,329973,975,94827,398,362058,1075,2277610,4973,2639668,6048,14,5388,-301,14717,1660,404695,48,13457,6636,"East TN",2455501,348.930829187201,0.171901850860636,246.304114720377,55.9152694297416,599.348157463589,17.1901850860636
2021-10-02,425354,554,330325,352,95029,202,362453,395,2280280,2670,2642733,3065,11,5399,-468,14249,1011,405706,19,13476,6674,"East TN",2455501,343.107170390075,0.169678083366688,124.821777714609,22.5615872280239,580.288910491179,16.9678083366688
2021-10-03,425893,539,330790,465,95103,74,362977,524,2283371,3091,2646348,3615,13,5412,-346,13903,872,406578,15,13491,6707,"East TN",2455501,329.99375687487,0.169238485823031,147.22046539586,21.9507139276262,566.198099695337,16.9238485823031
2021-10-04,427242,1349,331648,858,95594,491,363917,940,2287508,4137,2651425,5077,22,5434,-608,13295,1935,408513,29,13520,6730,"East TN",2455501,325.51401933862,0.166990742084337,206.760249741295,54.9378721491052,541.437368585881,16.6990742084337
2021-10-05,428506,1264,332404,756,96102,508,364732,815,2291970,4462,2656702,5277,17,5451,-452,12843,1699,410212,40,13560,6770,"East TN",2455501,324.292272737824,0.162060836717885,214.905227079932,51.4762567801846,523.029719800562,16.2060836717885
2021-10-06,429443,937,333111,707,96332,230,365512,780,2296391,4421,2661903,5201,18,5469,-408,12435,1327,411539,26,13586,6805,"East TN",2455501,294.237306358254,0.158346657191923,211.81013569125,38.1592188315134,506.413966029743,15.8346657191923
2021-10-07,430560,1117,333904,793,96656,324,366370,858,2301174,4783,2667544,5641,24,5493,-377,12058,1470,413009,26,13612,6835,"East TN",2455501,290.490616782481,0.158796132531541,229.729085836251,45.4896984362865,491.060683746413,15.8796132531541
2021-10-08,431613,1053,334490,586,97123,467,367012,642,2305420,4246,2672432,4888,9,5502,-132,11926,1176,414185,31,13643,6856,"East TN",2455501,277.458653040663,0.151202539372482,199.063246156283,42.8833056879227,485.684998702912,15.1202539372482
2021-10-09,432154,541,334845,355,97309,186,367429,417,2308229,2809,2675658,3226,4,5506,-295,11631,832,415017,32,13675,6885,"East TN",2455501,276.929229513651,0.151131359149582,131.378484472212,22.0321637010125,473.671157128423,15.1131359149582
2021-10-10,432473,319,335112,267,97361,52,367738,309,2310461,2232,2678199,2541,6,5512,-527,11104,840,415857,16,13691,6908,"East TN",2455501,267.969754441151,0.14947725346143,103.481937087381,12.9912388551257,452.209141841115,14.947725346143
2021-10-11,433691,1218,335649,537,98042,681,368286,548,2313907,3446,2682193,3994,52,5564,-277,10827,1443,417300,33,13724,6922,"East TN",2455501,262.634794284344,0.141998179927197,162.655197452577,49.6029119922981,440.928348227103,14.1998179927197
2021-10-12,434626,935,336286,637,98340,298,369291,1005,2317551,3644,2686842,4649,29,5593,-367,10460,1273,418573,32,13756,6956,"East TN",2455501,249.236306562286,0.151260783012608,189.329998236612,38.077769058127,425.982314810705,15.1260783012608
2021-10-13,435473,847,336834,548,98639,299,369941,650,2321416,3865,2691357,4515,25,5618,-402,10058,1224,419797,37,13793,6979,"East TN",2455501,245.5710667599,0.150370068581517,183.872863419726,34.4939790291268,409.610910360045,15.0370068581517
2021-10-14,436422,949,337487,653,98935,296,370662,721,2325419,4003,2696081,4724,31,5649,-169,9889,1087,420884,33,13826,7011,"East TN",2455501,238.729285795445,0.150401233486351,192.384364738601,38.6479174718316,402.728404508897,15.0401233486351
2021-10-15,437225,803,337999,512,99226,291,371238,576,2329313,3894,2700551,4470,24,5673,-299,9590,1078,421962,30,13856,7036,"East TN",2455501,228.548064122149,0.150289839610228,182.040243518532,32.7020840146267,390.551663387635,15.0289839610228
2021-10-16,437532,307,338238,239,99294,68,371509,271,2331543,2230,2703052,2501,7,5680,-376,9214,676,422638,12,13868,7051,"East TN",2455501,219.018440635944,0.148937723589107,101.852941619653,12.5025402148075,375.239105990997,14.8937723589107
2021-10-17,437784,252,338448,210,99336,42,371757,248,2333206,1663,2704963,1911,7,5687,-452,8762,697,423335,14,13882,7067,"East TN",2455501,216.2898732275,0.150164399940218,77.8252584706746,10.2626714466824,356.831457205678,15.0164399940218
2021-10-18,438571,787,338915,467,99656,320,372273,516,2336397,3191,2708670,3707,23,5710,-467,8295,1231,424566,37,13919,7088,"East TN",2455501,198.737447062738,0.150583525323866,150.967154971633,32.0504858275358,337.812935119961,15.0583525323866
2021-10-19,439402,831,339356,441,100046,390,372747,474,2339725,3328,2712472,3802,25,5735,-275,8020,1081,425647,23,13942,7104,"East TN",2455501,194.502058846647,0.134841982052282,154.836019207486,33.8423808420359,326.613591279336,13.4841982052282
2021-10-20,440166,764,339846,490,100320,274,373288,541,2343746,4021,2717034,4562,15,5750,-207,7813,956,426603,21,13963,7123,"East TN",2455501,191.121893251113,0.130350118783347,185.786933094305,31.1138134335926,318.183539733847,13.0350118783347
2021-10-21,440795,629,340269,423,100526,206,373758,470,2347383,3637,2721141,4107,17,5767,-243,7570,855,427458,21,13984,7141,"East TN",2455501,178.089929509294,0.123543495610535,167.257109648907,25.6159537300127,308.287392267403,12.3543495610535
2021-10-22,441340,545,340609,340,100731,205,374144,386,2350487,3104,2724631,3490,6,5773,-318,7252,857,428315,18,14002,7159,"East TN",2455501,167.582908742452,0.120681063122924,142.129854559212,22.1950632477853,295.33687829897,12.0681063122924
2021-10-23,441697,357,340853,244,100844,113,374417,273,2352872,2385,2727289,2658,0,5773,-198,7054,555,428870,15,14017,7179,"East TN",2455501,169.619153077111,0.119981845938029,108.246748830483,14.5387845494667,287.27335073372,11.9981845938029
2021-10-24,441940,243,341015,162,100925,81,374613,196,2354769,1897,2729382,2093,7,5780,-303,6751,539,429409,14,14031,7191,"East TN",2455501,169.252629096873,0.116958106392563,85.2371878488341,9.89614746644371,274.933710065685,11.6958106392563
2021-10-25,442362,422,341263,248,101099,174,374884,271,2357200,2431,2732084,2702,28,5808,-485,6266,879,430288,21,14052,7202,"East TN",2455501,154.388045453861,0.111514478517127,110.038643844983,17.1859021845236,255.182140019491,11.1514478517127
2021-10-26,442888,526,341592,329,101296,197,375222,338,2359840,2640,2735062,2978,12,5820,-232,6034,746,431034,28,14080,7213,"East TN",2455501,141.966955012439,0.109561752988048,121.278712572302,21.4212904006148,245.733966306672,10.9561752988048
2021-10-27,443508,620,341986,394,101522,226,375646,424,2364038,4198,2739684,4622,10,5830,-88,5946,698,431732,21,14101,7234,"East TN",2455501,136.102571328621,0.104105960264901,188.230426295896,25.2494297497741,242.150176277672,10.4105960264901
2021-10-28,443923,415,342241,255,101682,160,375937,291,2366835,2797,2742772,3088,16,5846,-198,5748,597,432329,15,14116,7249,"East TN",2455501,127.38744557628,0.100735056169387,125.758450108552,16.9008279776714,234.086648712422,10.0735056169387
2021-10-29,444383,460,342546,305,101837,155,376270,333,2370353,3518,2746623,3851,4,5850,-154,5594,610,432939,10,14126,7266,"East TN",2455501,123.925830207359,0.0966715169152419,156.831538655452,18.7334478788646,227.815016161671,9.66715169152419
2021-10-30,444646,263,342748,202,101898,61,376499,229,2372927,2574,2749426,2803,0,5850,-150,5444,413,433352,16,14142,7280,"East TN",2455501,120.0976908582,0.0940506843745765,114.151857400995,10.7106452003074,221.706283157694,9.40506843745765
2021-10-31,444817,171,342875,127,101942,44,376645,146,2374552,1625,2751197,1771,0,5850,-226,5218,397,433749,5,14147,7291,"East TN",2455501,117.16549901629,0.0931469172587669,72.1237743336289,6.96395562453446,212.502458765034,9.31469172587669
2021-11-01,445413,596,343236,361,102177,235,377035,390,2377670,3118,2754705,3508,14,5864,-186,5032,768,434517,23,14170,7300,"East TN",2455501,124.251629300904,0.0950886344547102,142.862902519689,24.2720324691377,204.927629840102,9.50886344547102
2021-11-02,445826,413,343457,221,102369,192,377262,227,2379881,2211,2757143,2438,25,5889,-182,4850,570,435087,16,14186,7323,"East TN",2455501,119.649717104575,0.092387120148544,99.2872737579826,16.819378204285,197.515700461942,9.2387120148544
2021-11-03,446398,572,343836,379,102562,193,377655,393,2384459,4578,2762114,4971,6,5895,77,4927,489,435576,14,14200,7334,"East TN",2455501,117.694922543302,0.0895675434685689,202.443411751818,23.2946351885012,200.651516737318,8.95675434685689
2021-11-04,446815,417,344138,302,102677,115,377985,330,2387995,3536,2765980,3866,13,5908,-76,4851,480,436056,9,14209,7345,"East TN",2455501,117.776372316688,0.088245432609445,157.442411955849,16.9822777510577,197.556425348636,8.8245432609445
2021-11-05,447250,435,344423,285,102827,150,378309,324,2391578,3583,2769887,3907,2,5910,20,4871,413,436469,13,14222,7351,"East TN",2455501,116.758250149359,0.0876461485557084,159.11213231027,17.715325711535,198.370923082499,8.76461485557084
2021-11-06,447483,233,344594,171,102889,62,378497,188,2393818,2240,2772315,2428,0,5910,-85,4786,318,436787,13,14235,7359,"East TN",2455501,115.536503548563,0.0872908383939884,98.8800248910507,9.48889859951187,194.909307713579,8.72908383939884
2021-11-07,447682,199,344722,128,102960,71,378651,154,2395719,1901,2774370,2055,6,5916,-130,4656,323,437110,8,14243,7371,"East TN",2455501,116.676800375972,0.0865662624606223,83.6896421544931,8.10425245194362,189.615072443465,8.65662624606223
2021-11-08,448223,541,345068,346,103155,195,379036,385,2399252,3533,2778288,3918,25,5941,-27,4629,543,437653,25,14268,7383,"East TN",2455501,114.436931607847,0.0848492558198702,159.560106063895,22.0321637010125,188.515500502749,8.48492558198702
2021-11-09,449090,867,345684,616,103406,251,379836,800,2406525,7273,2786361,8073,10,5951,424,5053,433,438086,27,14295,7398,"East TN",2455501,132.926030166553,0.0880963789444863,328.772010274074,35.3084767629905,205.782852460659,8.80963789444863
2021-11-10,449716,626,346121,437,103595,189,380338,502,2411776,5251,2792114,5753,7,5958,179,5232,440,438526,28,14323,7410,"East TN",2455501,135.125174047985,0.0894333333333333,234.290273145888,25.4937790699332,213.072607178739,8.94333333333333
2021-11-11,450220,504,346503,382,103717,122,380743,405,2416066,4290,2796809,4695,5,5963,81,5313,418,438944,10,14333,7423,"East TN",2455501,138.668239190292,0.0894612215770865,191.203343024499,20.5253428933647,216.371323000887,8.94612215770865
2021-11-12,450702,482,346825,322,103877,160,381075,332,2419516,3450,2800591,3782,2,5965,117,5430,363,439307,24,14357,7433,"East TN",2455501,140.582308864871,0.0900859822824388,154.021521473622,19.6293953861147,221.136134743989,9.00859822824388
2021-11-13,450939,237,346967,142,103972,95,381224,149,2421515,1999,2802739,2148,4,5969,-101,5329,334,439641,11,14368,7442,"East TN",2455501,140.745208411644,0.089633184328162,87.4770566169592,9.65179814628461,217.022921187978,8.9633184328162
2021-11-14,451300,361,347283,316,104017,45,381569,345,2424493,2978,2806062,3323,1,5970,59,5388,301,439942,14,14382,7450,"East TN",2455501,147.34264005594,0.0920737094534898,135.32879848145,14.7016840962394,219.425689502875,9.20737094534898
2021-11-15,451877,577,347573,290,104304,287,381870,301,2427261,2768,2809131,3069,26,5996,-27,5361,578,440520,20,14402,7460,"East TN",2455501,148.808735976894,0.0918847064163668,124.984677261382,23.4982596219672,218.326117562159,9.18847064163668
2021-11-16,452549,672,348006,433,104543,239,382330,460,2430868,3607,2813198,4067,24,6020,177,5538,471,440991,17,14419,7470,"East TN",2455501,140.867383071723,0.0929314006781682,165.628114181179,27.3671238578196,225.534422506853,9.29314006781682
2021-11-17,453263,714,348473,467,104790,247,382839,509,2435513,4645,2818352,5154,5,6025,293,5831,416,441407,27,14446,7480,"East TN",2455501,144.451173100724,0.0953197652260081,209.89606601667,29.0775690989334,237.466814307956,9.53197652260081
2021-11-18,453889,626,348883,410,105006,216,383317,478,2440376,4863,2823693,5341,12,6037,185,6016,429,441836,19,14465,7489,"East TN",2455501,149.419609277292,0.0957446808510638,217.511619828296,25.4937790699332,245.000918346195,9.57446808510638
2021-11-19,454502,613,349325,442,105177,171,383777,460,2444850,4474,2828627,4934,7,6044,218,6234,388,442224,13,14478,7497,"East TN",2455501,154.754569434099,0.0963760878870024,200.93659094417,24.9643555429218,253.878943645309,9.63760878870024
2021-11-20,454824,322,349572,247,105252,75,384064,287,2447554,2704,2831618,2991,0,6044,20,6254,302,442526,14,14492,7504,"East TN",2455501,158.21618480302,0.0983413553100869,121.808136099313,13.1134135152052,254.693441379173,9.83413553100869
2021-11-21,455088,264,349724,152,105364,112,384228,164,2449038,1484,2833266,1648,9,6053,-93,6161,348,442874,10,14502,7515,"East TN",2455501,154.265870793781,0.0977429789736803,67.1146132703672,10.7513700870006,250.906026916707,9.77429789736803
2021-11-22,455840,752,350218,494,105622,258,384740,512,2452906,3868,2837646,4380,20,6073,152,6313,580,443454,38,14540,7520,"East TN",2455501,161.392725965088,0.100648781343153,178.375003716146,30.6251147932744,257.096209694071,10.0648781343153
2021-11-23,456516,676,350687,469,105829,207,385230,490,2456207,3301,2841437,3791,21,6094,119,6432,536,443990,19,14559,7527,"East TN",2455501,161.555625511861,0.102694854633663,154.388045453861,27.5300234045924,261.94247121056,10.2694854633663
2021-11-24,457253,737,351219,532,106034,205,385803,573,2460235,4028,2846038,4601,6,6100,252,6684,479,444469,21,14580,7537,"East TN",2455501,162.492297905804,0.107057718702593,187.37520367534,30.0142414928766,272.205142657242,10.7057718702593
2021-11-25,457539,286,351377,158,106162,128,385976,173,2461871,1636,2847847,1809,1,6101,-199,6485,484,444953,10,14590,7546,"East TN",2455501,148.645836430122,0.11008528608098,73.6713200279699,11.6473175942506,264.100890205298,11.008528608098
2021-11-26,457769,230,351579,202,106190,28,386219,243,2463548,1677,2849767,1920,1,6102,-287,6198,516,445469,15,14605,7550,"East TN",2455501,133.048204826632,0.115515610217597,78.1917824509133,9.36672393943232,252.412847724354,11.5515610217597
2021-11-27,458053,284,351807,228,106246,56,386473,254,2465143,1595,2851616,1849,0,6102,-96,6102,380,445849,14,14619,7561,"East TN",2455501,131.500659132291,0.12046204620462,75.3003154956972,11.5658678208643,248.503258601809,12.046204620462
2021-11-28,458367,314,352018,211,106349,103,386690,217,2466653,1510,2853343,1727,7,6109,-109,5993,416,446265,20,14639,7571,"East TN",2455501,133.53690346695,0.122627882651791,70.3318793191288,12.7876144216598,244.064245952252,12.2627882651791
2021-11-29,459464,1097,352730,712,106734,385,387428,738,2471200,4547,2858628,5285,19,6128,423,6416,655,446920,35,14674,7579,"East TN",2455501,147.586989376099,0.128109808407206,215.231026173477,44.6752007024228,261.290873023469,12.8109808407206
2021-11-30,460302,838,353239,509,107063,329,387933,505,2474567,3367,2862500,3872,64,6192,186,6602,588,447508,26,14700,7591,"East TN",2455501,154.184421020395,0.128329297820823,157.686761276008,34.1274550488882,268.865701948401,12.8329297820823
2021-12-01,461384,1082,354009,770,107375,312,388740,807,2479738,5171,2868478,5978,48,6240,503,7105,531,448039,32,14732,7612,"East TN",2455501,168.234506929543,0.130882352941176,243.453372651854,44.0643274020251,289.350319955072,13.0882352941176
2021-12-02,462287,903,354633,624,107654,279,389406,666,2484399,4661,2873805,5327,39,6279,280,7385,584,448623,18,14750,7629,"East TN",2455501,193.361762019238,0.132136528237923,216.941471414591,36.7745726839452,300.753288229164,13.2136528237923
2021-12-03,463306,1019,355369,736,107937,283,390188,782,2489377,4978,2879565,5760,21,6300,518,7903,480,449103,25,14775,7641,"East TN",2455501,225.49369762016,0.133196858849587,234.57534735274,41.4986595403545,321.848779536233,13.3196858849587
2021-12-04,463729,423,355702,333,108027,90,390569,381,2492129,2752,2882698,3133,3,6303,18,7921,402,449505,29,14804,7653,"East TN",2455501,231.154456870512,0.131780451708384,127.591070009745,17.2266270712168,322.58182749671,13.1780451708384
2021-12-05,464114,385,355918,216,108196,169,390800,231,2494061,1932,2884861,2163,12,6315,-32,7889,405,449910,15,14819,7661,"East TN",2455501,234.045923825728,0.1304016752332,88.087929917357,15.6790813768758,321.278631122529,13.04016752332
2021-12-06,465065,951,356563,645,108502,306,391490,690,2498245,4184,2889735,4874,69,6384,125,8014,757,450667,32,14851,7675,"East TN",2455501,228.100090368524,0.130581541132221,198.493097742579,38.729367245218,326.369241959177,13.0581541132221
2021-12-07,465907,842,357096,533,108811,309,392031,541,2501722,3477,2893753,4018,8,6392,214,8228,620,451287,25,14876,7680,"East TN",2455501,228.262989915296,0.131123412152433,163.632594733213,34.2903545956609,335.084367711518,13.1123412152433
2021-12-08,466953,1046,357733,637,109220,409,392688,657,2506338,4616,2899026,5273,4,6396,445,8673,597,451884,29,14905,7696,"East TN",2455501,226.796893994342,0.129239230064161,214.742327533159,42.5982314810705,353.206942289985,12.9239230064161
2021-12-09,467872,919,358353,620,109519,299,393355,667,2511315,4977,2904670,5644,19,6415,522,9195,378,452262,30,14935,7710,"East TN",2455501,227.448492181433,0.12794427344889,229.85126049633,37.4261708710361,374.465333143827,12.794427344889
2021-12-10,468667,795,358901,548,109766,247,393956,601,2515825,4510,2909781,5111,5,6420,162,9357,628,452890,22,14957,7724,"East TN",2455501,218.326117562159,0.124702144559174,208.144895888863,32.3762849210813,381.062764788123,12.4702144559174
2021-12-11,469064,397,359187,286,109877,111,394281,325,2518747,2922,2913028,3247,0,6420,-174,9183,571,453461,19,14976,7733,"East TN",2455501,217.267270508137,0.122387075502803,132.233707092768,16.167780017194,373.976634503509,12.2387075502803
2021-12-12,469495,431,359450,263,110045,168,394575,294,2521266,2519,2915841,2813,9,6429,-138,9045,560,454021,18,14994,7740,"East TN",2455501,219.140615296023,0.121852808263396,114.559106267927,17.5524261647623,368.356600139849,12.1852808263396
2021-12-13,470377,882,360024,574,110353,308,395178,603,2525868,4602,2921046,5205,23,6452,-176,8869,1035,455056,24,15018,7749,"East TN",2455501,216.330598114193,0.117786081568778,211.973035238023,35.9193500633883,361.189020081849,11.7786081568778
2021-12-14,471133,756,360480,456,110653,300,395661,483,2529891,4023,2925552,4506,36,6488,-132,8737,852,455908,22,15040,7757,"East TN",2455501,212.82825785858,0.11415453316142,183.506339439487,30.7880143400471,355.813335038349,11.415453316142
2021-12-15,472003,870,361069,589,110934,281,396289,628,2534695,4804,2930984,5432,19,6507,-11,8726,862,456770,22,15062,7772,"East TN",2455501,205.660677800579,0.112679141373052,221.217584517375,35.4306514230701,355.365361284724,11.2679141373052
2021-12-16,472797,794,361579,510,111218,284,396834,545,2538515,3820,2935349,4365,19,6526,12,8738,763,457533,22,15084,7789,"East TN",2455501,200.570066963931,0.113400045633821,177.764130415748,32.3355600343881,355.854059925042,11.3400045633821
2021-12-17,473608,811,362115,536,111493,275,397419,585,2543183,4668,2940602,5253,24,6550,42,8780,745,458278,33,15117,7803,"East TN",2455501,201.221665151022,0.112358456896272,213.927829799296,33.0278831081722,357.564505166155,11.2358456896272
2021-12-18,474179,571,362495,380,111684,191,397845,426,2546528,3345,2944373,3771,0,6550,18,8798,553,458831,28,15145,7816,"East TN",2455501,208.307795435636,0.11370234487159,153.573547719997,23.2539103018081,358.297553126633,11.370234487159
2021-12-19,474600,421,362776,281,111824,140,398156,311,2549191,2663,2947347,2974,6,6556,-193,8605,608,459439,16,15161,7825,"East TN",2455501,207.900546568704,0.113660889989208,121.115813025529,17.1451772978305,350.437649994848,11.3660889989208
2021-12-20,475534,934,363399,623,112135,311,398794,638,2553153,3962,2951947,4600,40,6596,13,8618,881,460320,31,15192,7836,"East TN",2455501,210.01824067675,0.117018866703343,187.334478788646,38.0370441714339,350.96707352186,11.7018866703343
2021-12-21,476545,1011,364056,657,112489,354,399463,669,2557536,4383,2956999,5052,30,6626,168,8786,813,461133,28,15220,7846,"East TN",2455501,220.403086783512,0.120901834833211,205.742127573966,41.172860446809,357.808854486315,12.0901834833211
2021-12-22,478031,1486,364787,731,113244,755,400210,747,2561874,4338,2962084,5085,853,7479,-133,8653,766,461899,37,15257,7862,"East TN",2455501,245.489616986513,0.126077170418006,207.086048834841,60.5171816260714,352.392444556121,12.6077170418006
2021-12-23,479198,1167,365593,806,113605,361,401074,864,2566360,4486,2967434,5350,28,7507,371,9024,768,462667,33,15290,7879,"East TN",2455501,260.679999723071,0.132148979273804,217.878143808534,47.5259427709457,367.501377519292,13.2148979273804
2021-12-24,480136,938,366241,648,113895,290,401781,707,2570197,3837,2971978,4544,0,7507,248,9272,690,463357,17,15307,7901,"East TN",2455501,265.852060333105,0.139023457419684,185.053885133828,38.1999437182066,377.601149419202,13.9023457419684
2021-12-25,480616,480,366524,283,114092,197,402114,333,2572316,2119,2974430,2452,8,7515,-80,9192,552,463909,19,15326,7909,"East TN",2455501,262.146095644025,0.142030142728815,99.8574221716871,19.5479456127283,374.343158483747,14.2030142728815
2021-12-26,480959,343,366800,276,114159,67,402434,320,2574191,1875,2976625,2195,62,7577,-267,8925,548,464457,18,15344,7926,"East TN",2455501,258.969554481957,0.146116538014892,89.3911262915389,13.9686361357621,363.469613736667,14.6116538014892
2021-12-27,482835,1876,368062,1262,114773,614,403744,1310,2578945,4754,2982689,6064,64,7641,929,9854,883,465340,35,15379,7943,"East TN",2455501,297.332397746936,0.161017500487932,246.955712907468,76.3998874364132,401.303033474635,16.1017500487932
2021-12-28,485262,2427,369505,1443,115757,984,405231,1487,2583323,4378,2988554,5865,18,7659,1626,11480,783,466123,26,15405,7955,"East TN",2455501,354.998837304485,0.18279195056251,238.851460455524,98.8393000043576,467.521699237752,18.279195056251
2021-12-29,488151,2889,371433,1928,116718,961,407234,2003,2588612,5289,2995846,7292,37,7696,2083,13563,769,466892,30,15435,7970,"East TN",2455501,412.135853335022,0.208044547123986,296.965873766698,117.654197656609,552.351638219655,20.8044547123986
2021-12-30,490978,2827,373219,1786,117759,1041,409057,1823,2593075,4463,3002132,6286,14,7710,2079,15642,734,467626,33,15468,7985,"East TN",2455501,479.739165245708,0.230070897458067,255.996637753355,115.129254681631,637.018677654784,23.0070897458067
2021-12-31,493502,2524,375034,1815,118468,709,411004,1947,2597908,4833,3008912,6780,0,7710,1768,17410,756,468382,24,15492,8004,"East TN",2455501,544.328835541097,0.249715709102724,276.114731779788,102.789614013596,709.020277328333,24.9715709102724
2022-01-01,494961,1459,376263,1229,118698,230,412343,1339,2601558,3650,3013901,4989,0,7710,852,18262,607,468989,32,15524,8012,"East TN",2455501,584.198499613724,0.25915228902232,203.176459712295,59.4176096853555,743.717880790926,25.915228902232
2022-01-02,496425,1464,377225,962,119200,502,413566,1223,2604574,3016,3018140,4239,6,7716,759,19021,699,469688,26,15550,8032,"East TN",2455501,629.851097596784,0.26814404432133,172.632794692407,59.6212341188214,774.628069791053,26.814404432133
2022-01-03,499321,2896,379408,2183,119913,713,415792,2226,2608745,4171,3024537,6397,33,7749,1762,20783,1101,470789,36,15586,8046,"East TN",2455501,671.390482023831,0.28789906327662,260.517100176298,117.939271863461,846.385320144443,28.789906327662
2022-01-04,503496,4175,381862,2454,121634,1721,418183,2391,2613982,5237,3032165,7628,14,7763,2979,23762,1182,471971,42,15628,8064,"East TN",2455501,742.577583963517,0.296989291692463,310.649435695608,170.026401944043,967.704757603438,29.6989291692463
2022-01-05,508434,4938,385277,3415,123157,1523,421686,3503,2619216,5234,3040902,8737,15,7778,3682,27444,1241,473212,44,15672,8089,"East TN",2455501,826.022876797851,0.320756392045455,355.813335038349,201.099490490943,1117.65379040774,32.0756392045455
2022-01-06,513602,5168,388749,3472,124853,1696,425335,3649,2624827,5611,3050162,9260,11,7789,3848,31292,1309,474521,42,15714,8109,"East TN",2455501,921.359836546595,0.338913179262961,377.112450778884,210.466214430375,1274.36315440311,33.8913179262961
2022-01-07,517980,4378,391979,3230,126001,1148,428613,3278,2629511,4684,3058124,7962,12,7801,3424,34716,942,475463,37,15751,8131,"East TN",2455501,996.863776475758,0.35781923108185,324.251547851131,178.29355394276,1413.80516644058,35.781923108185
2022-01-08,521129,3149,394406,2427,126723,722,431218,2605,2634273,4762,3065491,7367,1,7802,2430,37146,718,476181,41,15792,8150,"East TN",2455501,1065.68883498724,0.365865477805776,300.020240268687,128.242668196836,1512.76664110501,36.5865477805776
2022-01-09,524633,3504,397090,2684,127543,820,434117,2899,2639275,5002,3073392,7901,15,7817,1822,38968,1667,477848,42,15834,8168,"East TN",2455501,1148.76760384133,0.371950336639398,321.767329762847,142.700002972917,1586.96738465999,37.1950336639398
2022-01-10,529275,4642,400159,3069,129116,1573,437358,3241,2644054,4779,3081412,8020,29,7846,1581,40549,3032,480880,60,15894,8201,"East TN",2455501,1219.87325600763,0.379182417582418,326.613591279336,189.04492402976,1651.35343052192,37.9182417582418
2022-01-11,534886,5611,404200,4041,130686,1570,441495,4137,2649243,5189,3090738,9326,30,7876,2234,42783,3347,484227,49,15943,8226,"East TN",2455501,1278.35419329905,0.397999078073515,379.800293300634,228.507339235455,1742.33282739449,39.7999078073515
2022-01-12,540581,5695,408188,3988,132393,1707,445663,4168,2654012,4769,3099675,8937,16,7892,2500,45283,3179,487406,30,15973,8248,"East TN",2455501,1309.18293252579,0.407959437156517,363.958312376985,231.928229717683,1844.14504412745,40.7959437156517
2022-01-13,547917,7336,413437,5249,134480,2087,451143,5480,2660939,6927,3112082,12407,65,7957,3819,49102,3452,490858,47,16020,8264,"East TN",2455501,1397.47448687661,0.416795865633075,505.273669202334,298.757768781198,1999.67338640872,41.6795865633075
2022-01-14,554429,6512,418220,4783,136209,1729,456076,4933,2666819,5880,3122895,10813,69,8026,4336,53438,2107,492965,38,16058,8296,"East TN",2455501,1484.38139507986,0.424001482144787,440.358199813399,265.200462146014,2176.25649511037,42.4001482144787
2022-01-15,558976,4547,421613,3393,137363,1154,459689,3613,2671908,5089,3131597,8702,9,8035,2902,56340,1636,494601,37,16095,8310,"East TN",2455501,1541.31478667693,0.430687078328745,354.387964004087,185.176059793908,2294.44011629399,43.0687078328745
2022-01-16,562839,3863,424938,3325,137901,538,463184,3495,2676556,4648,3139740,8143,7,8042,1213,57553,2643,497244,37,16132,8328,"East TN",2455501,1555.93502099979,0.438099113763791,331.622752342597,157.32023729577,2343.83940385282,43.8099113763791
2022-01-17,567476,4637,428269,3331,139207,1306,466653,3469,2681291,4735,3147944,8204,15,8057,-616,56937,5238,502482,41,16173,8351,"East TN",2455501,1555.73139656632,0.440314435159021,334.106970430882,188.841299596294,2318.75287364982,44.0314435159021
2022-01-18,573439,5963,431945,3676,141494,2287,470392,3739,2684752,3461,3155144,7200,49,8106,8,56945,5906,508388,46,16219,8382,"East TN",2455501,1570.06655668232,0.44866937862932,293.219184190925,242.842499351456,2319.07867274336,44.866937862932
2022-01-19,581755,8316,437954,6009,143801,2307,476570,6178,2690600,5848,3167170,12026,22,8128,2751,59696,5543,513931,50,16269,8414,"East TN",2455501,1676.80648470516,0.457915401140825,489.757487372231,338.668157740518,2431.11283603631,45.7915401140825
2022-01-20,590049,8294,444017,6063,146032,2231,482846,6276,2696317,5717,3179163,11993,44,8172,3726,63422,4524,518455,40,16309,8448,"East TN",2455501,1715.82092615723,0.472607742878013,488.413566111356,337.772210233268,2582.85376385512,47.2607742878013
2022-01-21,597356,7307,449629,5612,147727,1695,488727,5881,2702039,5722,3190766,11603,53,8225,2976,66398,4278,522733,30,16339,8479,"East TN",2455501,1748.19721107831,0.481074391124339,472.530860301014,297.576747067095,2704.05102665403,48.1074391124339
2022-01-22,603364,6008,454499,4870,148865,1138,493891,5164,2708126,6087,3202017,11251,0,8225,2625,69023,3383,526116,53,16392,8506,"East TN",2455501,1807.69627053705,0.485685884691849,458.195700185013,244.675119252649,2810.95385422364,48.5685884691849
2022-01-23,606966,3602,457476,2977,149490,625,497034,3143,2711396,3270,3208430,6413,6,8231,314,69337,3282,529398,31,16423,8539,"East TN",2455501,1797.06707511013,0.492793710874945,261.168698363389,146.691041868849,2823.7414686453,49.2793710874945
2022-01-24,613659,6693,462161,4685,151498,2008,501998,4964,2716776,5380,3218774,10344,37,8268,-518,68819,7174,536572,43,16466,8574,"East TN",2455501,1880.79744215132,0.499011718198503,421.258227954295,272.571666637481,2802.64597733823,49.9011718198503
2022-01-25,619369,5710,466242,4081,153127,1629,506262,4264,2721430,4654,3227692,8918,30,8298,-1477,67342,7157,543729,35,16501,8603,"East TN",2455501,1870.49404581794,0.494431273088162,363.184539529815,232.539103018081,2742.4953196924,49.4431273088162
2022-01-26,625182,5813,470672,4430,154510,1383,510942,4680,2726324,4894,3237266,9574,27,8325,-1586,65756,7372,551101,37,16538,8636,"East TN",2455501,1768.5596544249,0.490356083086053,389.900065200544,236.733766347479,2677.90564939701,49.0356083086053
2022-01-27,632444,7262,476443,5771,156001,1491,517087,6145,2733478,7154,3250565,13299,29,8354,-265,65491,7498,558599,52,16590,8681,"East TN",2455501,1726.53157135754,0.479552393490378,541.600268132654,295.744127165902,2667.11355442331,47.9552393490378
2022-01-28,637407,4963,480149,3706,157258,1257,521020,3933,2738317,4839,3259337,8772,38,8392,-2484,63007,7409,566008,41,16631,8715,"East TN",2455501,1631.07243694871,0.470942526724125,357.23870607261,202.117612658272,2565.95293587744,47.0942526724125
2022-01-29,641476,4069,483422,3273,158054,796,524566,3546,2743749,5432,3268315,8978,5,8397,-187,62820,4251,570259,32,16663,8753,"East TN",2455501,1552.10688165063,0.462683640532143,365.628032731406,165.709563954566,2558.33738206582,46.2683640532143
2022-01-30,643546,2070,484932,1510,158614,560,526162,1596,2746227,2478,3272389,4074,17,8414,-1612,61208,3665,573924,23,16686,8797,"East TN",2455501,1489.71635523667,0.455416751356338,165.913188388032,84.3005154548909,2492.68886471641,45.5416751356338
2022-01-31,647455,3909,487394,2462,160061,1447,528731,2569,2749160,2933,3277891,5502,68,8482,-3189,58019,7030,580954,38,16724,8834,"East TN",2455501,1376.33827068285,0.45220494950691,224.068326585898,159.193582083656,2362.81720105184,45.220494950691
2022-02-01,652424,4969,490918,3524,161506,1445,532636,3905,2754419,5259,3287055,9164,28,8510,-4701,53318,9642,590596,37,16761,8866,"East TN",2455501,1346.1611296432,0.444283476239408,373.202861656338,202.361961978431,2171.36950870718,44.4283476239408
2022-02-02,657141,4717,494432,3514,162709,1203,536390,3754,2759320,4901,3295710,8655,21,8531,-4726,48592,9422,600018,46,16807,8907,"East TN",2455501,1301.52665382747,0.435425364451441,352.473894329508,192.099290531749,1978.9036941952,43.5425364451441
2022-02-03,666078,8937,497105,2673,168973,6264,539213,2823,2763673,4353,3302886,7176,26,8557,559,49151,8352,608370,39,16846,8935,"East TN",2455501,1369.74083903855,0.422889470766996,292.241786910288,363.958312376985,2001.66890585669,42.2889470766996
2022-02-04,669618,3540,499628,2523,169990,1017,541959,2746,2768264,4591,3310223,7337,12,8569,-2897,46254,6425,614795,36,16882,8964,"East TN",2455501,1311.78932527415,0.411488425107102,298.798493667891,144.166098893871,1883.68890910653,41.1488425107102
2022-02-05,671297,1679,500815,1187,170482,492,543294,1335,2770889,2625,3314183,3960,3,8572,-1879,44375,3555,618350,26,16908,9008,"East TN",2455501,1214.45684607744,0.408302084241737,161.270551305009,68.3770847578559,1807.16684701004,40.8302084241737
2022-02-06,672606,1309,501762,947,170844,362,544382,1088,2773541,2652,3317923,3740,1,8573,-2160,42215,3468,621818,34,16942,9039,"East TN",2455501,1183.46520730393,0.400140554311064,152.311076232508,53.3088766813779,1719.20109175276,40.0140554311064
2022-02-07,675417,2811,503597,1835,171820,976,546355,1973,2776427,2886,3322782,4859,50,8623,-5386,36829,8147,629965,39,16981,9072,"East TN",2455501,1138.74928171481,0.392595397741195,197.882224442181,114.47765649454,1499.85685202327,39.2595397741195
2022-02-08,678086,2669,505307,1710,172779,959,548244,1889,2779094,2667,3327338,4556,21,8644,-4451,32378,7099,637064,43,17024,9109,"East TN",2455501,1045.08204232049,0.387458729488866,185.542583774146,108.694722584108,1318.59038135191,38.7458729488866
2022-02-09,680999,2913,507392,2085,173607,828,550556,2312,2782765,3671,3333321,5983,26,8670,-2864,29514,5751,642815,26,17050,9142,"East TN",2455501,971.614346725984,0.376645130413975,243.65699708532,118.631594937245,1201.95430586263,37.6645130413975
2022-02-10,683512,2513,509175,1783,174337,730,552528,1972,2785974,3209,3338502,5181,28,8698,-2727,26787,5212,648027,30,17080,9178,"East TN",2455501,709.99767460897,0.373848831985624,210.995637957386,102.341640259971,1090.89753985032,37.3848831985624
2022-02-11,685815,2303,510905,1730,174910,573,554429,1901,2789338,3364,3343767,5265,31,8729,-1891,24896,4163,652190,40,17120,9208,"East TN",2455501,659.620989769501,0.371750536608633,214.416528439614,93.7894140544027,1013.88677911351,37.1750536608633
2022-02-12,686747,932,511591,686,175156,246,555209,780,2791840,2502,3347049,3282,3,8732,-1280,23616,2209,654399,17,17137,9250,"East TN",2455501,629.199499409693,0.36253270857421,133.65907812703,37.9555943980475,961.758924146233,36.253270857421
2022-02-13,687322,575,512006,415,175316,160,555692,483,2793242,1402,3348934,1885,35,8767,-1590,22026,2130,656529,9,17146,9271,"East TN",2455501,599.307432576896,0.364709296701171,76.7664114166518,23.4168098485808,897.006354304071,36.4709296701171
2022-02-14,689567,2245,513439,1433,176128,812,557311,1619,2796249,3007,3353560,4626,146,8913,-2700,19326,4799,661328,24,17170,9302,"East TN",2455501,576.257146708554,0.355968548963545,188.393325842669,91.4273706261981,787.049160232474,35.5968548963545
2022-02-15,691463,1896,514838,1399,176625,497,558845,1534,2799114,2865,3357959,4399,37,8950,-2228,17098,4087,665415,28,17198,9332,"East TN",2455501,544.776809294722,0.346200320041801,179.148776563316,77.2143851702769,696.31411268006,34.6200320041801
2022-02-16,693230,1767,516073,1235,177157,532,560217,1372,2802321,3207,3362538,4579,14,8964,-1671,15427,3424,668839,19,17217,9354,"East TN",2455501,498.106089144333,0.330663654721566,186.47925616809,71.9608747868561,628.26282701575,33.0663654721566
2022-02-17,695023,1793,517346,1273,177677,520,561617,1400,2805844,3523,3367461,4923,13,8977,-1266,14161,3046,671885,21,17238,9376,"East TN",2455501,468.784170725241,0.313857522704513,200.488617190545,73.0197218408789,576.705120462179,31.3857522704513
2022-02-18,696205,1182,518071,725,178134,457,562455,838,2808809,2965,3371264,3803,8,8985,-1151,13010,2325,674210,9,17247,9404,"East TN",2455501,423.131572742182,0.291886387605921,154.876744094179,48.1368160713435,529.830775878324,29.1886387605921
2022-02-19,696741,536,518414,343,178327,193,562867,412,2810911,2102,3373778,2514,1,8986,-753,12257,1288,675498,15,17262,9435,"East TN",2455501,407.004517611681,0.286505293875566,102.382365146665,21.8285392675466,499.164936198356,28.6505293875566
2022-02-20,697110,369,518646,232,178464,137,563139,272,2812347,1436,3375486,1708,8,8994,-915,11342,1276,676774,5,17267,9451,"East TN",2455501,398.615190952885,0.280468514612835,69.5581064719583,15.0274831897849,461.901664874093,28.0468514612835
2022-02-21,697837,727,519056,410,178781,317,563584,445,2813898,1551,3377482,1996,7,9001,-1960,9382,2680,679454,13,17280,9471,"East TN",2455501,336.794812952632,0.262227238525207,81.2868738395953,29.6069926259448,382.080886955452,26.2227238525207
2022-02-22,699012,1175,519708,652,179304,523,564313,729,2816249,2351,3380562,3080,44,9045,-909,8473,2040,681494,20,17300,9489,"East TN",2455501,307.432169646846,0.241914790072114,125.432651015007,47.8517418644912,345.061964951348,24.1914790072114
2022-02-23,699879,867,520180,472,179699,395,564846,533,2818846,2597,3383692,3130,80,9125,-917,7556,1704,683198,8,17308,9516,"East TN",2455501,270.77977162298,0.218823863099177,127.468895349666,35.3084767629905,307.717243853698,21.8823863099177
2022-02-24,700739,860,520670,490,180069,370,565413,567,2821348,2502,3386761,3069,50,9175,-760,6796,1570,684768,13,17321,9535,"East TN",2455501,232.78345233824,0.196683937823834,124.984677261382,35.0234025561382,276.766329966878,19.6683937823834
2022-02-25,701505,766,521124,454,180381,312,565921,508,2823725,2377,3389646,2885,5,9180,-460,6336,1221,685989,23,17344,9551,"East TN",2455501,215.841899473875,0.188554020237189,117.491298109836,31.1952632069789,258.032882088014,18.8554020237189
2022-02-26,701762,257,521306,182,180456,75,566139,218,2825462,1737,3391601,1955,0,9180,-394,5942,651,686640,6,17350,9568,"East TN",2455501,204.479656086477,0.18358301071649,79.6171534851747,10.4662958801483,241.987276730899,18.358301071649
2022-02-27,701785,23,521328,22,180457,1,566169,30,2825817,355,3391986,385,4,9184,-593,5349,612,687252,2,17352,9586,"East TN",2455501,190.388845290635,0.183636363636364,15.6790813768758,0.936672393943232,217.837418921841,18.3636363636364
2022-02-28,702652,867,521788,460,180864,407,566683,514,2828506,2689,3395189,3203,27,9211,-451,4898,1291,688543,17,17369,9607,"East TN",2455501,196.090329427681,0.175015530581126,130.441812078268,35.3084767629905,199.470495023215,17.5015530581126
2022-03-01,703419,767,522153,365,181266,402,567088,405,2830725,2219,3397813,2624,28,9239,-337,4561,1076,689619,16,17385,9620,"East TN",2455501,179.474575656862,0.160860239986088,106.862102682915,31.2359880936721,185.746208207612,16.0860239986088
2022-03-02,703879,460,522420,267,181459,193,567399,311,2833038,2313,3400437,2624,8,9247,-361,4200,813,690432,9,17394,9641,"East TN",2455501,162.899546772736,0.15246342191699,106.862102682915,18.7334478788646,171.044524111373,15.246342191699
2022-03-03,704243,364,522606,186,181637,178,567620,221,2834994,1956,3402614,2177,15,9262,-494,3706,843,691275,10,17404,9655,"East TN",2455501,142.700002972917,0.139216552072163,88.6580783310616,14.823858756319,150.92643008494,13.9216552072163
2022-03-04,704579,336,522818,212,181761,124,567884,264,2837237,2243,3405121,2507,10,9272,-303,3403,629,691904,7,17411,9662,"East TN",2455501,125.188301694848,0.126849757673667,102.097290939812,13.6835619289098,138.586789416905,12.6849757673667
2022-03-05,704720,141,522920,102,181800,39,568000,116,2838949,1712,3406949,1828,0,9272,-198,3205,339,692243,6,17417,9677,"East TN",2455501,120.464214838438,0.121253583528799,74.4450928751403,5.74220902373894,130.523261851655,12.1253583528799
2022-03-06,704819,99,522979,59,181840,40,568072,72,2840161,1212,3408233,1284,2,9274,-200,3005,297,692540,4,17421,9686,"East TN",2455501,123.55930622712,0.117129316181449,52.2907545140483,4.03176378262522,122.378284513018,11.7129316181449
2022-03-07,705085,266,523153,174,181932,92,568284,212,2841865,1704,3410149,1916,13,9287,-391,2614,644,693184,8,17429,9696,"East TN",2455501,99.0836493245167,0.10701871657754,78.0288829041405,10.8328198603869,106.454853815983,10.701871657754
2022-03-08,705348,263,523250,97,182098,166,568407,123,2843617,1752,3412024,1875,27,9314,-293,2321,529,693713,6,17435,9712,"East TN",2455501,78.5583064311519,0.0928154246710295,76.35916254972,10.7106452003074,94.5224620148801,9.28154246710295
2022-03-09,705642,294,523376,126,182266,168,568556,149,2845629,2012,3414185,2161,23,9337,-226,2095,497,694210,7,17442,9721,"East TN",2455501,71.7979752400834,0.084157695664824,88.0064801439706,11.9731166877961,85.3186376222205,8.4157695664824
2022-03-10,705828,186,523474,98,182354,88,568685,129,2847725,2096,3416410,2225,75,9412,-322,1773,433,694643,2,17444,9729,"East TN",2455501,64.5489454086966,0.0771962887793563,90.6128728923344,7.57482892493222,72.2052241070152,7.71962887793563
2022-03-11,706040,212,523564,90,182476,122,568789,104,2849915,2190,3418704,2294,79,9491,-199,1574,332,694975,5,17449,9744,"East TN",2455501,59.4990594587418,0.0666274018994331,93.4228900741641,8.63367597895501,64.1009716550716,6.66274018994331
2022-03-12,706109,69,523599,35,182510,34,568830,41,2851200,1285,3420030,1326,0,9491,-121,1453,190,695165,2,17451,9752,"East TN",2455501,56.5668676168326,0.0634508065132635,54.001199755162,2.8100171818297,59.1732603651963,6.34508065132635
2022-03-13,706202,93,523652,53,182550,40,568900,70,2852809,1609,3421709,1679,4,9495,-67,1386,156,695321,5,17456,9757,"East TN",2455501,56.3225182966735,0.0614425645592164,68.3770847578559,3.78741446246611,56.444692956753,6.14425645592164
2022-03-14,706360,158,523736,84,182624,74,569006,106,2853894,1085,3422900,1191,69,9564,-244,1142,333,695654,3,17459,9766,"East TN",2455501,51.9242305338096,0.0566230099600031,48.5033400515821,6.43453209752307,46.5078206036161,5.66230099600031
2022-03-15,706547,187,523815,79,182732,108,569098,92,2855327,1433,3424425,1525,4,9568,-75,1067,258,695912,1,17460,9774,"East TN",2455501,48.8291391451276,0.0557213127973551,62.1054522071056,7.61555381162541,43.4534541016273,5.57213127973551
2022-03-16,706705,158,523910,95,182795,63,569209,111,2856895,1568,3426104,1679,10,9578,-84,983,232,696144,5,17465,9780,"East TN",2455501,43.2905545548546,0.054786475375451,68.3770847578559,6.43453209752307,40.0325636193999,5.4786475375451
2022-03-17,706849,144,524005,95,182844,49,569325,116,2858195,1300,3427520,1416,7,9585,-103,880,240,696384,1,17466,9788,"East TN",2455501,41.5801093137409,0.0576057605760576,57.6664395575485,5.8643836838185,35.8379002900019,5.76057605760576
2022-03-18,706994,145,524095,90,182899,55,569419,94,2859686,1491,3429105,1585,2,9587,-26,854,169,696553,1,17467,9799,"East TN",2455501,38.8515419052975,0.0605710989327949,64.5489454086966,5.90510857051168,34.7790532359791,6.05710989327949
2022-03-19,707068,74,524154,59,182914,15,569486,67,2860859,1173,3430345,1240,0,9587,-30,824,104,696657,1,17468,9804,"East TN",2455501,39.0551663387635,0.0635967038293747,50.4988594995482,3.01364161529562,33.5573066351836,6.35967038293747
2022-03-20,707134,66,524203,49,182931,17,569544,58,2861514,655,3431058,713,3,9590,-44,780,107,696764,0,17468,9808,"East TN",2455501,37.9555943980475,0.0688843726601776,29.0368442122402,2.68784252175014,31.7654116206835,6.88843726601776
2022-03-21,707233,99,524270,67,182963,32,569622,78,2862404,890,3432026,968,16,9606,-85,695,168,696932,1,17469,9814,"East TN",2455501,35.5528260831496,0.0674994521148367,39.4216903190021,4.03176378262522,28.3037962517629,6.74994521148367
2022-03-22,707317,84,524325,55,182992,29,569685,63,2863407,1003,3433092,1066,2,9608,-55,640,137,697069,5,17474,9818,"East TN",2455501,31.3581627537517,0.067728164301373,43.4127292149341,3.42089048222746,26.0639274836378,6.7728164301373
2022-03-23,707415,98,524401,76,183014,22,569764,79,2864850,1443,3434614,1522,11,9619,-53,587,140,697209,0,17474,9828,"East TN",2455501,28.9146695521606,0.0652173913043478,61.983277547026,3.99103889593203,23.905508488899,6.52173913043478
2022-03-24,707519,104,524435,34,183084,70,569807,43,2865935,1085,3435742,1128,5,9624,-22,565,121,697330,0,17474,9833,"East TN",2455501,27.2856740844333,0.0586232060325955,45.9376721899116,4.23538821609114,23.009560981649,5.86232060325955
2022-03-25,707584,65,524481,46,183103,19,569864,57,2867389,1454,3437253,1511,0,9624,-42,523,107,697437,1,17475,9834,"East TN",2455501,24.0276831489786,0.0546146293568974,61.535303793401,2.64711763505696,21.2991157405352,5.46146293568974
2022-03-26,707627,43,524515,34,183112,9,569904,40,2868386,997,3438290,1037,0,9624,11,534,32,697469,1,17476,9839,"East TN",2455501,22.7652116614899,0.0526117054751416,42.2317075008318,1.75117012780691,21.7470894941603,5.26117054751416
2022-03-27,707648,21,524530,15,183118,6,569921,17,2868832,446,3438753,463,2,9626,-32,502,51,697520,3,17479,9841,"East TN",2455501,20.9325917602966,0.0489928525016244,18.8556225389442,0.855222620556864,20.4438931199784,4.89928525016244
2022-03-28,707761,113,524578,48,183183,65,569983,62,2870254,1422,3440237,1484,30,9656,-36,466,119,697639,1,17480,9846,"East TN",2455501,21.5027401740012,0.0439654122518573,60.4357318526851,4.60191219632979,18.9777971990237,4.39654122518573
2022-03-29,707875,114,524633,55,183242,59,570043,60,2871364,1110,3441407,1170,6,9662,24,490,84,697723,0,17480,9854,"East TN",2455501,22.7244867747967,0.0430547203848467,47.6481174310253,4.64263708302298,19.9551944796602,4.30547203848467
2022-03-30,707976,101,524690,57,183286,44,570107,64,2872744,1380,3442851,1444,6,9668,5,495,90,697813,2,17482,9860,"East TN",2455501,22.8466614348762,0.0416413742867549,58.8067363849577,4.11321355601158,20.1588189131261,4.16413742867549
2022-03-31,708062,86,524746,56,183316,30,570175,68,2873927,1183,3444102,1251,8,9676,-4,491,82,697895,0,17482,9861,"East TN",2455501,22.1136134743989,0.0440191387559809,50.9468332531732,3.50234025561382,19.9959193663533,4.40191387559809
2022-04-01,708158,96,524799,53,183359,43,570238,63,2875204,1277,3445442,1340,15,9691,-4,487,85,697980,0,17482,9863,"East TN",2455501,23.3760849618876,0.0456710221028209,54.5713481688666,3.90958912254566,19.8330198195806,4.56710221028209
2022-04-02,708251,93,524826,27,183425,66,570269,31,2876006,802,3446275,833,0,9691,56,543,37,698017,1,17483,9867,"East TN",2455501,25.4123292965468,0.0457107075767063,33.9238306154223,3.78741446246611,22.1136134743989,4.57107075767063
2022-04-03,708276,25,524837,11,183439,14,570286,17,2876486,480,3446772,497,10,9701,-23,520,38,698055,0,17483,9869,"East TN",2455501,25.5752288433196,0.0455168973687492,20.2402686865124,1.0181221673296,21.1769410804557,4.55168973687492
2022-04-04,708367,91,524889,52,183478,39,570345,59,2877494,1008,3447839,1067,51,9752,-30,490,70,698125,4,17487,9871,"East TN",2455501,24.6792813360695,0.0476190476190476,43.4534541016273,3.70596468907974,19.9551944796602,4.76190476190476
2022-04-05,708465,98,524930,41,183535,57,570394,49,2878509,1015,3448903,1064,36,9788,16,506,46,698171,1,17488,9873,"East TN",2455501,24.0276831489786,0.0468249733191035,43.3312794415478,3.99103889593203,20.6067926667511,4.68249733191035
2022-04-06,708564,99,524984,54,183580,45,570455,61,2879676,1167,3450131,1228,0,9788,41,547,58,698229,0,17488,9876,"East TN",2455501,23.9462333755922,0.0478021978021978,50.0101608592299,4.03176378262522,22.2765130211716,4.78021978021978
2022-04-07,708751,187,525031,47,183720,140,570509,54,2880789,1113,3451298,1167,54,9842,74,621,59,698288,0,17488,9876,"East TN",2455501,28.0594469316038,0.0464146748193441,47.5259427709457,7.61555381162541,25.2901546364673,4.64146748193441
2022-04-08,708822,71,525082,51,183740,20,570564,55,2882008,1219,3452572,1274,6,9848,13,634,52,698340,0,17488,9877,"East TN",2455501,27.0413247642742,0.0457223001402525,51.8835056471164,2.89146695521606,25.8195781634787,4.57223001402525
2022-04-09,708878,56,525112,30,183766,26,570605,41,2882869,861,3453474,902,0,9848,33,667,23,698363,0,17488,9877,"East TN",2455501,25.5345039566264,0.046673149048479,36.733847797252,2.2805936548183,27.1634994243537,4.6673149048479
2022-04-10,708945,67,525148,36,183797,31,570648,43,2883502,633,3454150,676,1,9849,33,700,33,698396,1,17489,9877,"East TN",2455501,27.2449491977401,0.0490647872052047,27.5300234045924,2.72856740844333,28.5074206852288,4.90647872052047
2022-04-11,709049,104,525213,65,183836,39,570723,75,2884409,907,3455132,982,5,9854,16,716,83,698479,2,17491,9878,"East TN",2455501,27.7743727247515,0.0518305224187577,39.9918387327067,4.23538821609114,29.1590188723197,5.18305224187577
2022-04-12,709142,93,525271,58,183871,35,570792,69,2885423,1014,3456215,1083,26,9880,1,717,66,698545,2,17493,9879,"East TN",2455501,27.5707482912856,0.0544310722100656,44.1050522887183,3.78741446246611,29.1997437590129,5.44310722100656
2022-04-13,709268,126,525351,80,183917,46,570877,85,2886614,1191,3457491,1276,0,9880,52,769,74,698619,0,17493,9879,"East TN",2455501,28.6703202320015,0.0573369565217391,51.9649554205028,5.13133572334118,31.3174378670585,5.73369565217391
2022-04-14,709372,104,525397,46,183975,58,570928,51,2887647,1033,3458575,1084,3,9883,23,792,78,698697,1,17494,9881,"East TN",2455501,25.2901546364673,0.0575786725298887,44.1457771754115,4.23538821609114,32.2541102610017,5.75786725298887
2022-04-15,709448,76,525449,52,183999,24,570987,59,2888680,1033,3459667,1092,1,9884,24,816,51,698748,0,17494,9881,"East TN",2455501,25.4937790699332,0.0596194503171247,44.4715762689569,3.09509138868198,33.2315075416381,5.96194503171247
2022-04-16,709508,60,525495,46,184013,14,571039,52,2889424,744,3460463,796,0,9884,19,835,41,698789,0,17494,9881,"East TN",2455501,25.6566786167059,0.062097581914437,32.4170098077745,2.44349320159104,34.0052803888086,6.2097581914437
