"DATE","TOTAL_CASES","NEW_CASES","TOTAL_CONFIRMED","NEW_CONFIRMED","TOTAL_PROBABLE","NEW_PROBABLE","POS_TESTS","NEW_POS_TESTS","NEG_TESTS","NEW_NEG_TESTS","TOTAL_TESTS","NEW_TESTS","NEW_DEATHS","TOTAL_DEATHS","NEW_ACTIVE","TOTAL_ACTIVE","NEW_INACTIVE_RECOVERED","TOTAL_INACTIVE_RECOVERED","NEW_HOSPITALIZED","TOTAL_HOSPITALIZED","TOTAL_DEATHS_BY_DOD","Region","Population","New_cases_per_100k_per_week","PositivityRate_per_week","Tests_per_100k","New_cases_per_100k","Active_cases_per_100k","PositivityPercentage_per_week"
2022-01-22,109058,888,85222,717,23836,171,92055,752,516586,1056,608641,1808,0,1132,232,14174,656,93752,0,2390,1132,"Knox County",470313,NA,NA,384.424840478575,188.810430500539,3013.73765981378,NA
2022-01-21,108170,1526,84505,1226,23665,300,91303,1290,515530,1348,606833,2638,1,1132,667,13942,858,93096,0,2390,1132,"Knox County",470313,NA,NA,560.903058176151,324.464771333133,2964.40880860193,NA
2022-01-20,106644,1413,83279,1166,23365,247,90013,1217,514182,1152,604195,2369,11,1131,508,13275,894,92238,0,2390,1132,"Knox County",470313,NA,NA,503.707105693442,300.438218803223,2822.58836136785,NA
2022-01-19,105231,1673,82113,1304,23118,369,88796,1342,513030,1331,601826,2673,4,1120,425,12767,1244,91344,3,2390,1131,"Knox County",470313,NA,NA,568.344910729663,355.720552057885,2714.57518716259,NA
2022-01-18,103558,1046,80809,662,22749,384,87454,692,511699,686,599153,1378,6,1116,-244,12342,1284,90100,6,2387,1129,"Knox County",470313,NA,NA,292.99636624971,222.40507917068,2624.20983472709,NA
2022-01-17,102512,1089,80147,855,22365,234,86762,901,511013,1279,597775,2180,7,1110,-66,12586,1148,88816,9,2381,1126,"Knox County",470313,NA,NA,463.521101904476,231.547926593566,2676.090178243,NA
2022-01-16,101423,773,79292,691,22131,82,85861,718,509734,1073,595595,1791,0,1103,287,12652,486,87668,7,2372,1123,"Knox County",470313,1787.74560771231,0.465862371099279,380.810226381155,164.358629253285,2690.12338591534,46.5862371099279
2022-01-15,100650,750,78601,593,22049,157,85143,627,508661,816,593804,1443,1,1103,492,12365,257,87182,8,2365,1121,"Knox County",470313,1758.40344621561,0.468974571586512,306.816949563376,159.468269003834,2629.10019497654,46.8974571586512
2022-01-14,99900,1315,78008,1056,21892,259,84516,1089,507845,1188,592361,2277,6,1102,852,11873,457,86925,7,2357,1119,"Knox County",470313,1713.53970653586,0.466728084473106,484.145664695639,279.601031653388,2524.48901051002,46.6728084473106
2022-01-13,98585,1406,76952,1053,21633,353,83427,1106,506657,1402,590084,2508,6,1096,643,11021,757,86468,9,2350,1114,"Knox County",470313,1712.05133602516,0.454385964912281,533.26189154882,298.94984829252,2343.33305692167,45.4385964912281
2022-01-12,97179,1169,75899,888,21280,281,82321,936,505255,1058,587576,1994,1,1090,456,10378,712,85711,2,2341,1108,"Knox County",470313,1604.88865925458,0.447203595903028,423.972971191526,248.557875287309,2206.61559429571,44.7203595903028
2022-01-11,96010,1368,75011,1057,20999,311,81385,1096,504197,1283,585582,2379,2,1089,718,9922,648,84999,9,2339,1108,"Knox County",470313,1673.35370274689,0.444208070271754,505.83334928016,290.870122662993,2109.65888674138,44.4208070271754
2022-01-10,94642,1002,73954,684,20688,318,80289,715,502914,812,583203,1527,3,1087,410,9204,589,84351,5,2330,1105,"Knox County",470313,1654.85538354245,0.45168474746749,324.677395691805,213.049607389122,1956.99459721505,45.168474746749
2022-01-09,93640,741,73270,626,20370,115,79574,663,502102,1205,581676,1868,5,1084,477,8794,259,83762,2,2325,1104,"Knox County",470313,1648.05140406495,0.445270077164904,397.182301998882,157.554649775788,1869.81861015962,44.5270077164904
2022-01-08,92899,624,72644,477,20255,147,78911,509,500897,912,579808,1421,0,1079,536,8317,88,83503,9,2323,1102,"Knox County",470313,1621.26073487231,0.437526835551739,302.139213672597,132.67759981119,1768.39679107318,43.7526835551739
2022-01-07,92275,965,72167,748,20108,217,78402,763,499985,1091,578387,1854,0,1079,808,7781,157,83415,7,2314,1099,"Knox County",470313,1546.84220933719,0.427127149287875,394.205560977477,205.182506118266,1654.43013482511,42.7127149287875
2022-01-06,91310,1170,71419,742,19891,428,77639,781,498894,1011,576533,1792,2,1079,963,6973,205,83258,7,2307,1099,"Knox County",470313,1496.66286069065,0.425633034670822,381.022850739826,248.77049964598,1482.62965301831,42.5633034670822
2022-01-05,90140,1216,70677,905,19463,311,76858,943,497883,1255,574741,2198,1,1077,995,6010,220,83053,7,2300,1095,"Knox County",470313,1506.65620554822,0.419510698673211,467.348340360568,258.551220144882,1277.87239561739,41.9510698673211
2022-01-04,88924,926,69772,578,19152,348,75915,567,496628,1040,572543,1607,0,1076,727,5015,199,82833,5,2293,1094,"Knox County",470313,1412.67623901529,0.402787967718269,341.687344385547,196.890156130067,1066.31115873897,40.2787967718269
2022-01-03,87998,715,69194,537,18804,178,75348,505,495588,820,570936,1325,6,1076,539,4288,170,82634,6,2288,1090,"Knox County",470313,1351.65304807649,0.392125984251968,281.727275240106,152.026416450321,911.733249984585,39.2125984251969
2022-01-02,87283,290,68657,206,18626,84,74843,265,494768,651,569611,916,3,1070,182,3749,105,82464,8,2282,1088,"Knox County",470313,1255.75946231552,0.389903716368217,194.763912543349,61.6610640148157,797.128720660496,38.9903716368217
2022-01-01,86993,265,68451,215,18542,50,74578,237,494117,767,568695,1004,0,1067,171,3567,94,82359,15,2274,1086,"Knox County",470313,1179.42731755235,0.379674644727001,213.474856106465,56.3454550480212,758.431087382233,37.9674644727001
2021-12-31,86728,591,68236,429,18492,162,74341,470,493350,1008,567691,1478,0,1067,485,3396,106,82265,4,2259,1086,"Knox County",470313,1099.90580740911,0.365116279069767,314.258802116888,125.660995975021,722.072322049359,36.5116279069767
2021-12-30,86137,582,67807,403,18330,179,73871,404,492342,918,566213,1322,2,1067,474,2911,106,82159,6,2255,1083,"Knox County",470313,974.882684510103,0.344263959390863,281.089402164091,123.747376746975,618.949508093546,34.4263959390863
2021-12-29,85555,631,67404,472,18151,159,73467,501,491424,1195,564891,1696,1,1065,505,2437,125,82053,4,2249,1081,"Knox County",470313,850.497434687113,0.315468549422336,360.610912307336,134.165970321892,518.165562083123,31.5468549422336
2021-12-28,84924,429,66932,262,17992,167,72966,283,490229,979,563195,1262,1,1064,304,1932,124,81928,4,2245,1079,"Knox County",470313,744.823128427239,0.296012440297679,268.331940643784,91.2158498701928,410.790260953875,29.6012440297679
2021-12-27,84495,314,66670,234,17825,80,72683,254,489250,905,561933,1159,2,1063,201,1628,111,81804,1,2241,1079,"Knox County",470313,659.560760599856,0.273169627701709,246.431631700591,66.7640486229383,346.152455917655,27.3169627701709
2021-12-26,84181,61,66436,49,17745,12,72429,60,488345,426,560774,486,7,1061,-35,1427,89,81693,1,2240,1078,"Knox County",470313,610.869782464019,0.26275722612109,103.335438314484,12.9700858789785,303.414959824627,26.275722612109
2021-12-25,84120,85,66387,63,17733,22,72369,74,487919,489,560288,563,1,1054,5,1462,79,81604,1,2239,1078,"Knox County",470313,572.597397903099,0.256841576700979,119.707513932211,18.0730704871011,310.85681237814,25.6841576700979
2021-12-24,84035,174,66324,122,17711,52,72295,137,487430,848,559725,985,0,1053,92,1457,82,81525,2,2238,1078,"Knox County",470313,483.933040336967,0.229225210758731,209.434993291702,36.9966384088894,309.793690584781,22.9225210758731
2021-12-23,83861,218,66202,159,17659,59,72158,166,486582,960,558740,1126,5,1053,113,1365,100,81443,5,2236,1078,"Knox County",470313,406.53777378044,0.20269341761715,239.415027864422,46.3521101904476,290.232249586977,20.269341761715
2021-12-22,83643,177,66043,101,17600,76,71992,101,485622,814,557614,915,48,1048,14,1252,115,81343,11,2231,1077,"Knox County",470313,310.006314943453,0.16548645320197,194.551288184677,37.6345114849047,266.205697057066,16.548645320197
2021-12-21,83466,175,65942,122,17524,53,71891,119,484808,912,556699,1031,3,1000,69,1238,103,81228,6,2220,1075,"Knox County",470313,255.999727840821,0.145411013567438,219.215713790603,37.2092627675612,263.228956035661,14.5411013567438
2021-12-20,83291,114,65820,80,17471,34,71772,84,483896,623,555668,707,1,997,-8,1169,121,81125,3,2214,1073,"Knox County",470313,213.474856106465,0.127472905556511,150.325421580947,24.2391768885827,248.557875287309,12.7472905556511
2021-12-19,83177,70,65740,50,17437,20,71688,58,483273,557,554961,615,3,996,-18,1177,85,81004,6,2211,1072,"Knox County",470313,215.388475334511,0.124368899360485,130.763980583144,14.8837051070245,250.258870156683,12.4368899360485
2021-12-18,83107,88,65690,56,17417,32,71630,65,482716,660,554346,725,0,993,13,1195,75,80919,3,2205,1071,"Knox County",470313,216.026348410527,0.11959370904325,154.152660037039,18.7109435631165,254.086108612775,11.959370904325
2021-12-17,83019,119,65634,77,17385,42,71565,83,482056,1034,553621,1117,2,993,6,1182,111,80844,6,2202,1069,"Knox County",470313,204.332008683579,0.108402822322001,237.501408636376,25.3022986819416,251.321991950042,10.8402822322001
2021-12-16,82900,139,65557,106,17343,33,71482,108,481022,661,552504,769,2,991,34,1176,103,80733,3,2196,1067,"Knox County",470313,187.534684348508,0.105119918353461,163.508131818597,29.5547858553772,250.046245798011,10.5119918353461
2021-12-15,82761,157,65451,113,17310,44,71374,125,480361,841,551735,966,0,989,33,1142,124,80630,5,2193,1065,"Knox County",470313,183.282197175073,0.108263069139966,205.395130476938,33.3820243114692,242.817017603171,10.8263069139966
2021-12-14,82604,97,65338,57,17266,40,71249,63,479520,811,550769,874,3,989,-54,1109,148,80506,3,2188,1062,"Knox County",470313,166.697497198674,0.101507015416594,185.833689479134,20.6245627911625,235.800413767002,10.1507015416594
2021-12-13,82507,111,65281,72,17226,39,71186,79,478709,627,549895,706,4,986,-50,1163,157,80358,3,2185,1059,"Knox County",470313,166.059624122659,0.100658350658351,150.112797222275,23.6013038125674,247.282129135278,10.0658350658351
2021-12-12,82396,54,65209,30,17187,24,71107,40,478082,493,549189,533,6,982,-38,1213,86,80201,5,2182,1059,"Knox County",470313,162.65763438391,0.0989455184534271,113.328783172058,11.481715368276,257.913347068867,9.89455184534271
2021-12-11,82342,65,65179,45,17163,20,71067,51,477589,541,548656,592,0,976,-21,1251,86,80115,1,2177,1058,"Knox County",470313,157.767274134459,0.0987943134784956,125.873620333693,13.8205833136656,265.993072698394,9.87943134784956
2021-12-10,82277,84,65134,47,17143,37,71016,57,477048,856,548064,913,0,976,-13,1272,97,80029,3,2176,1055,"Knox County",470313,150.325421580947,0.0977022230524939,194.126039467333,17.8604461284294,270.458184230502,9.77022230524939
2021-12-09,82193,165,65087,96,17106,69,70959,107,476192,1017,547151,1124,3,976,102,1285,60,79932,2,2173,1054,"Knox County",470313,155.853654906413,0.0914505956552207,238.989779147079,35.0830191808434,273.222300893235,9.14505956552208
2021-12-08,82028,130,64991,64,17037,66,70852,65,475175,751,546027,816,0,973,33,1183,97,79872,7,2171,1053,"Knox County",470313,150.112797222275,0.0831234256926952,173.501476676171,27.6411666273312,251.534616308714,8.31234256926952
2021-12-07,81898,127,64927,70,16971,57,70787,76,474424,631,545211,707,2,973,18,1150,107,79775,2,2164,1052,"Knox County",470313,156.491527982429,0.0881098126507142,150.325421580947,27.0032935513158,244.518012472545,8.81098126507142
2021-12-06,81771,148,64857,106,16914,42,70711,115,473793,759,544504,874,8,971,38,1132,102,79668,4,2162,1052,"Knox County",470313,164.358629253285,0.0919230077352042,185.833689479134,31.4684050834232,240.690774016453,9.19230077352042
2021-12-05,81623,43,64751,28,16872,15,70596,33,473034,342,543630,375,2,963,-21,1094,62,79566,1,2158,1049,"Knox County",470313,162.019761307895,0.093316052582855,79.7341345019168,9.14284742288646,232.611048386925,9.3316052582855
2021-12-04,81580,69,64723,49,16857,20,70563,55,472692,499,543255,554,0,961,15,1115,54,79504,3,2157,1049,"Knox County",470313,162.870258742582,0.0947231027410032,117.793894704165,14.6710807483527,237.076159919033,9.47231027410032
2021-12-03,81511,147,64674,103,16837,44,70508,108,472193,1009,542701,1117,3,961,62,1100,82,79450,2,2154,1047,"Knox County",470313,176.265593338904,0.100413148913239,237.501408636376,31.2557807247514,233.886794538956,10.0413148913239
2021-12-02,81364,133,64571,86,16793,47,70400,85,471184,794,541584,879,0,958,31,1038,102,79368,4,2152,1045,"Knox County",470313,169.461613861407,0.100901916572717,186.896811272493,28.2790397033465,220.704084301306,10.0901916572717
2021-12-01,81231,186,64485,142,16746,44,70315,147,470390,1009,540705,1156,4,958,92,1007,90,79266,7,2148,1043,"Knox County",470313,181.368577947027,0.109325326739668,245.793758624576,39.5481307129507,214.112729182481,10.9325326739668
2021-11-30,81045,116,64343,65,16702,51,70168,68,469381,693,539549,761,3,954,17,915,96,79176,6,2141,1042,"Knox County",470313,179.029710001637,0.106892932120364,161.807136949223,24.6644256059263,194.551288184677,10.6892932120364
2021-11-29,80929,165,64278,128,16651,37,70100,139,468688,967,538788,1106,2,951,75,898,88,79080,5,2135,1039,"Knox County",470313,182.644324099057,0.106758574310693,235.162540690987,35.0830191808434,190.936674087257,10.6758574310693
2021-11-28,80764,33,64150,22,16614,11,69961,22,467721,270,537682,292,3,949,-21,823,51,78992,5,2130,1038,"Knox County",470313,180.51808051234,0.106393861892583,62.0863127321592,7.01660383616868,174.989847186873,10.6393861892583
2021-11-27,80731,59,64128,30,16603,29,69939,32,467451,266,537390,298,0,946,-1,844,60,78941,1,2125,1037,"Knox County",470313,178.391836925622,0.107149224460688,63.3620588841899,12.5448371616349,179.454958718981,10.7149224460688
2021-11-26,80672,20,64098,18,16574,2,69907,20,467185,298,537092,318,0,946,-46,845,66,78881,4,2124,1035,"Knox County",470313,151.388543374306,0.106652806652807,67.6145460576254,4.25248717343556,179.667583077653,10.6652806652807
2021-11-25,80652,52,64080,26,16572,26,69887,29,466887,331,536774,360,0,946,-17,891,69,78815,3,2120,1035,"Knox County",470313,134.165970321892,0.106501980890235,76.5447691218401,11.0564666509325,189.448303576554,10.6501980890235
2021-11-24,80600,105,64054,66,16546,39,69858,73,466556,742,536414,815,0,946,19,908,86,78746,3,2117,1030,"Knox County",470313,116.943397269478,0.0969620253164557,173.288852317499,22.3255576605367,193.062917673975,9.69620253164557
2021-11-23,80495,99,63988,63,16507,36,69785,65,465814,674,535599,739,0,946,37,889,62,78660,2,2114,1026,"Knox County",470313,113.328783172058,0.0967413441955193,157.129401058444,21.049811508506,189.023054859211,9.67413441955193
2021-11-22,80396,107,63925,83,16471,24,69720,82,465140,740,534860,822,0,946,38,852,69,78598,3,2112,1026,"Knox County",470313,100.996570369095,0.0886388583973655,174.777222828202,22.7508063778803,181.155953588355,8.86388583973655
2021-11-21,80289,44,63842,32,16447,12,69638,37,464400,284,534038,321,0,946,-8,814,52,78529,2,2109,1026,"Knox County",470313,103.335438314484,0.0920228695888919,68.2524191336408,9.35547178155824,173.076227958827,9.20228695888919
2021-11-20,80245,54,63810,37,16435,17,69601,44,464116,537,533717,581,0,946,14,822,40,78477,1,2107,1024,"Knox County",470313,102.272316521125,0.0884732052578362,123.534752388303,11.481715368276,174.777222828202,8.84732052578362
2021-11-19,80191,112,63773,83,16418,29,69557,81,463579,825,533136,906,0,946,62,808,50,78437,0,2106,1024,"Knox County",470313,121.833757518929,0.0904489436619718,192.637668956631,23.8139281712392,171.800481806797,9.04489436619718
2021-11-18,80079,80,63690,44,16389,36,69476,49,462754,937,532230,986,3,946,18,746,59,78387,2,2106,1024,"Knox County",470313,127.787239561739,0.0833655705996132,209.647617650373,17.0099486937423,158.617771569146,8.33655705996132
2021-11-17,79999,105,63646,64,16353,41,69427,66,461817,834,531244,900,0,943,45,728,60,78328,1,2104,1024,"Knox County",470313,127.787239561739,0.0806850618458611,191.3619228046,22.3255576605367,154.790533113054,8.06850618458611
2021-11-16,79894,73,63582,51,16312,22,69361,67,460983,777,530344,844,0,943,8,683,65,78268,2,2103,1023,"Knox County",470313,122.259006236272,0.0794776119402985,179.454958718981,15.5215781830398,145.222436972824,7.94776119402985
2021-11-15,79821,84,63531,44,16290,40,69294,34,460206,460,529500,494,3,943,21,675,60,78203,0,2101,1020,"Knox County",470313,117.368645986822,0.0751192368839428,105.036433183858,17.8604461284294,143.52144210345,7.51192368839428
2021-11-14,79737,72,63487,62,16250,10,69260,68,459746,624,529006,692,0,940,16,654,56,78143,2,2101,1020,"Knox County",470313,123.322128029631,0.0756986859152323,147.13605620087,15.308953824368,139.056330571343,7.56986859152323
2021-11-13,79665,29,63425,12,16240,17,69192,12,459122,317,528314,329,0,940,-14,638,43,78087,2,2099,1018,"Knox County",470313,118.006519062837,0.0731896719083673,69.953414003015,6.16610640148157,135.654340832594,7.31896719083673
2021-11-12,79636,66,63413,49,16223,17,69180,51,458805,687,527985,738,0,940,17,652,49,78044,4,2097,1018,"Knox County",470313,108.225798563935,0.0696367650010034,156.916776699772,14.0332076723374,138.631081853999,6.96367650010034
2021-11-11,79570,67,63364,46,16206,21,69129,54,458118,962,527247,1016,0,940,-3,635,70,77995,0,2093,1016,"Knox County",470313,105.461681901202,0.0702174346698584,216.026348410527,14.2458320310091,135.016467756579,7.02174346698584
2021-11-10,79503,74,63318,50,16185,24,69075,69,457156,855,526231,924,1,940,7,638,66,77925,2,2093,1016,"Knox County",470313,98.8703267823768,0.0704784594004368,196.464907412723,15.7342025417116,135.654340832594,7.04784594004368
2021-11-09,79429,106,63268,76,16161,30,69006,134,456301,1174,525307,1308,1,939,34,631,71,77859,1,2091,1016,"Knox County",470313,105.886930618546,0.0767133248500273,278.112661142686,22.5381820192085,134.165970321892,7.67133248500273
2021-11-08,79323,78,63192,58,16131,20,68872,70,455127,687,523999,757,6,938,-10,597,82,77788,1,2090,1015,"Knox County",470313,104.611184466515,0.0794587092297016,160.956639514536,16.5846999763987,126.936742127052,7.94587092297016
2021-11-07,79245,31,63134,20,16111,11,68802,23,454440,390,523242,413,0,932,-20,607,51,77706,1,2089,1012,"Knox County",470313,95.8935857609719,0.0752962625341841,87.8138601314444,6.59135511882512,129.062985713769,7.52962625341841
2021-11-06,79214,41,63114,27,16100,14,68779,30,454050,453,522829,483,0,932,-2,627,43,77655,2,2088,1009,"Knox County",470313,98.4450780650333,0.0764319914878525,102.697565238469,8.7175987055429,133.315472887205,7.64319914878525
2021-11-05,79173,52,63087,32,16086,20,68749,36,453597,605,522346,641,0,932,-27,629,79,77612,2,2086,1008,"Knox County",470313,95.4683370436284,0.0750631540959942,136.29221390861,11.0564666509325,133.740721604548,7.50631540959942
2021-11-04,79121,68,63055,45,16066,23,68713,49,452992,668,521705,717,0,932,-1,656,69,77533,1,2084,1008,"Knox County",470313,95.6809614023002,0.0783902345985123,152.451665167665,14.4584563896809,139.481579288686,7.83902345985123
2021-11-03,79053,80,63010,60,16043,20,68664,66,452324,969,520988,1035,0,932,-1,657,81,77464,2,2083,1007,"Knox County",470313,96.9567075543308,0.0762047067613,220.06621122529,17.0099486937423,139.694203647358,7.62047067613
2021-11-02,78973,41,62950,19,16023,22,68598,22,451355,301,519953,323,4,932,-52,658,89,77383,1,2081,1005,"Knox County",470313,83.1361242406653,0.0677500572213321,68.6776678509843,8.7175987055429,139.90682800603,6.77500572213321
2021-11-01,78932,95,62931,71,16001,24,68576,83,451054,661,519630,744,1,928,-19,710,113,77294,3,2080,1002,"Knox County",470313,86.7507383380855,0.0709366391184573,158.192522851803,20.1993140738189,150.963294656962,7.09366391184573
2021-10-31,78837,26,62860,20,15977,6,68493,19,450393,278,518886,297,0,927,-43,729,69,77181,1,2077,1001,"Knox County",470313,85.6876165447266,0.0719339622641509,63.1494345255181,5.52823332546623,155.003157471726,7.19339622641509
2021-10-30,78811,56,62840,41,15971,15,68474,43,450115,522,518589,565,0,927,-23,772,79,77112,4,2076,1000,"Knox County",470313,88.8769819248033,0.0735770476631189,120.132762649555,11.9069640856196,164.146004894613,7.35770476631189
2021-10-29,78755,73,62799,59,15956,14,68431,66,449593,846,518024,912,1,927,-37,795,109,77033,1,2072,1000,"Knox County",470313,93.3420934569106,0.0757674722403658,193.913415108662,15.5215781830398,169.036365144064,7.57674722403658
2021-10-28,78682,54,62740,32,15942,22,68365,39,448747,561,517112,600,4,926,-52,832,102,76924,3,2071,999,"Knox County",470313,90.3653524355057,0.0755138516532618,127.574615203067,11.481715368276,176.903466414919,7.55138516532618
2021-10-27,78628,88,62708,57,15920,31,68326,65,448186,759,516512,824,1,922,-29,884,116,76822,3,2068,997,"Knox County",470313,92.0663473048799,0.0790152403282532,175.202471545545,18.7109435631165,187.959933065852,7.90152403282532
2021-10-26,78540,96,62651,58,15889,38,68261,55,447427,554,515688,609,0,921,-18,913,114,76706,5,2065,994,"Knox County",470313,103.760687031828,0.0813008130081301,129.488234431113,20.4119384324907,194.126039467333,8.13008130081301
2021-10-25,78444,71,62593,47,15851,24,68206,54,446873,491,515079,545,6,921,-73,931,138,76592,3,2060,992,"Knox County",470313,98.6577024237051,0.0783547794117647,115.880275476119,15.0963294656962,197.953277923425,7.83547794117647
2021-10-24,78373,38,62546,20,15827,18,68152,23,446382,337,514534,360,1,915,-73,1004,110,76454,5,2057,991,"Knox County",470313,101.209194727766,0.0781426953567384,76.5447691218401,8.07972562952757,213.474856106465,7.81426953567384
2021-10-23,78335,59,62526,40,15809,19,68129,42,446045,471,514174,513,0,914,-15,1077,74,76344,1,2052,988,"Knox County",470313,101.847067803782,0.0788448315379326,109.076295998622,12.5448371616349,228.996434289505,7.88448315379326
2021-10-22,78276,90,62486,55,15790,35,68087,55,445574,551,513661,606,0,914,-69,1092,159,76270,2,2051,986,"Knox County",470313,105.461681901202,0.0820803549420754,128.850361355098,19.13619228046,232.185799669582,8.20803549420754
2021-10-21,78186,124,62431,71,15755,53,68032,78,445023,712,513055,790,3,914,-22,1161,143,76111,2,2049,984,"Knox County",470313,120.345387008226,0.0875912408759124,167.973243350705,26.3654204753005,246.856880417934,8.75912408759124
2021-10-20,78062,149,62360,83,15702,66,67954,90,444311,959,512265,1049,3,911,-47,1183,193,75968,3,2047,982,"Knox County",470313,133.315472887205,0.0887745974955277,223.042952246695,31.6810294420949,251.534616308714,8.87745974955277
2021-10-19,77913,131,62277,85,15636,46,67864,92,443352,724,511216,816,4,908,-40,1230,167,75775,4,2044,980,"Knox County",470313,140.757325440717,0.0927548621500321,173.501476676171,27.8537909860029,261.527961166287,9.27548621500321
2021-10-18,77782,121,62192,90,15590,31,67772,106,442628,607,510400,713,9,904,-74,1270,186,75608,8,2040,978,"Knox County",470313,151.388543374306,0.100268207138436,151.601167732978,25.7275473992852,270.032935513158,10.0268207138436
2021-10-17,77661,63,62102,56,15559,7,67666,61,442021,303,509687,364,1,895,-65,1344,127,75422,4,2032,975,"Knox County",470313,156.7041523411,0.108018965161822,77.3952665565272,13.395334596322,285.76713805487,10.8018965161822
2021-10-16,77598,55,62046,41,15552,14,67605,44,441718,372,509323,416,0,894,-83,1409,138,75295,1,2028,973,"Knox County",470313,155.853654906413,0.110643668489693,88.4517332074597,11.6943397269478,299.587721368535,11.0643668489693
2021-10-15,77543,125,62005,89,15538,36,67561,100,441346,794,508907,894,9,894,-68,1492,184,75157,5,2027,969,"Knox County",470313,163.295507459926,0.113248710829036,190.08617665257,26.5780448339723,317.235543138293,11.3248710829036
2021-10-14,77418,192,61916,135,15502,57,67461,143,440552,699,508013,842,0,885,9,1560,183,74973,7,2022,967,"Knox County",470313,177.753963849607,0.124852767962309,179.029710001637,40.8238768649814,331.693999527974,12.4852767962309
2021-10-13,77226,121,61781,88,15445,33,67318,99,439853,764,507171,863,7,885,-78,1551,192,74790,5,2015,962,"Knox County",470313,171.800481806797,0.131418092909535,183.494821533745,25.7275473992852,329.780380299928,13.1418092909535
2021-10-12,77105,136,61693,104,15412,32,67219,109,439089,821,506308,930,4,878,-81,1629,213,74598,3,2010,961,"Knox County",470313,172.863603600156,0.131819992035046,197.740653564754,28.9169127793618,346.365080276327,13.1819992035046
2021-10-11,76969,194,61589,136,15380,58,67110,149,438268,581,505378,730,3,874,-86,1710,277,74385,12,2007,952,"Knox County",470313,188.385181783195,0.139908712046041,155.215781830398,41.249125582325,363.587653328741,13.9908712046041
2021-10-10,76775,54,61453,41,15322,13,66961,51,437687,489,504648,540,0,871,-89,1796,143,74108,4,1995,951,"Knox County",470313,186.471562555149,0.13326941514861,114.81715368276,11.481715368276,381.873348174514,13.326941514861
2021-10-09,76721,66,61412,37,15309,29,66910,48,437198,490,504108,538,0,871,-66,1885,132,73965,7,1991,948,"Knox County",470313,188.810430500539,0.1309724564362,114.391904965417,14.0332076723374,400.796916096302,13.09724564362
2021-10-08,76655,289,61375,114,15280,175,66862,123,436708,936,503570,1059,-1,871,77,1951,213,73833,5,1984,944,"Knox County",470313,223.680825322711,0.131225009087605,225.169195833413,61.4484396561439,414.830123768639,13.1225009087605
2021-10-07,76366,259,61261,170,15105,89,66739,176,435772,1106,502511,1282,6,872,-9,1874,262,73620,9,1979,940,"Knox County",470313,237.92665735372,0.127061595422417,272.58442781722,55.0697088959905,398.458048150912,12.7061595422417
2021-10-06,76107,139,61091,103,15016,36,66563,112,434666,835,501229,947,1,866,-120,1883,258,73358,4,1970,939,"Knox County",470313,241.753895809812,0.12744772651842,201.355267662174,29.5547858553772,400.371667378958,12.744772651842
2021-10-05,75968,210,60988,118,14980,92,66451,138,433831,915,500282,1053,3,865,-71,2003,278,73100,4,1966,934,"Knox County",470313,257.488098351523,0.129614571475037,223.893449681382,44.6511153210734,425.886590419572,12.9614571475037
2021-10-04,75758,317,60870,225,14888,92,66313,246,432916,829,499229,1075,3,862,-13,2074,327,72822,4,1962,930,"Knox County",470313,283.640894468152,0.137665537419156,228.571185572162,67.4019216989537,440.982919885268,13.7665537419156
2021-10-03,75441,102,60645,93,14796,9,66067,107,432087,678,498154,785,1,859,-67,2087,168,72495,6,1958,928,"Knox County",470313,293.846863684397,0.140970470396201,166.910121557346,21.6876845845214,443.747036548001,14.0970470396201
2021-10-02,75339,67,60552,43,14787,24,65960,50,431409,472,497369,522,5,858,-144,2154,206,72327,2,1952,927,"Knox County",470313,294.059488043069,0.141603450840399,110.989915226668,14.2458320310091,457.99286857901,14.1603450840399
2021-10-01,75272,225,60509,151,14763,74,65910,167,430937,965,496847,1132,0,853,-76,2298,301,72121,9,1950,923,"Knox County",470313,280.451529088075,0.146556798116539,240.690774016453,47.8404807011501,488.610776227746,14.6556798116539
2021-09-30,75047,240,60358,166,14689,74,65743,186,429972,1104,495715,1290,1,853,-112,2374,351,71820,8,1941,920,"Knox County",470313,276.411666273312,0.147854203409759,274.285422686594,51.0298460812268,504.770227486801,14.7854203409759
2021-09-29,74807,361,60192,170,14615,191,65557,192,428868,1111,494425,1303,6,852,-96,2486,451,71469,7,1933,918,"Knox County",470313,323.614273898446,0.151675977653631,277.049539349327,76.7573934805119,528.584155658041,15.1675977653631
2021-09-28,74446,348,60022,248,14424,100,65365,270,427757,778,493122,1048,2,846,-75,2582,421,71018,1,1926,915,"Knox County",470313,352.956435395152,0.170230607966457,222.830327888024,73.9932768177788,548.996094090531,17.0230607966457
2021-09-27,74098,239,59774,162,14324,77,65095,186,426979,760,492074,946,7,844,-303,2657,535,70597,12,1925,913,"Knox County",470313,336.371735418753,0.164816396242528,201.142643303502,50.817221722555,564.942920990915,16.4816396242528
2021-09-26,73859,124,59612,99,14247,25,64909,117,426219,703,491128,820,2,837,-143,2960,265,70062,1,1913,907,"Knox County",470313,341.049471309532,0.165415663503753,174.351974110858,26.3654204753005,629.368101668463,16.5415663503753
2021-09-25,73735,110,59513,90,14222,20,64792,102,425516,705,490308,807,0,835,-178,3103,288,69797,3,1912,902,"Knox County",470313,350.192318732419,0.166076776476994,171.587857448125,23.3886794538956,659.773384958528,16.6076776476994
2021-09-24,73625,244,59423,165,14202,79,64690,182,424811,939,489501,1121,13,835,-233,3281,464,69509,5,1909,895,"Knox County",470313,354.232181547182,0.168370824812543,238.351906071063,51.8803435159139,697.620520802104,16.8370824812543
2021-09-23,73381,355,59258,245,14123,110,64508,268,423872,1370,488380,1638,14,822,-221,3514,562,69045,8,1904,892,"Knox County",470313,378.683982794437,0.171417415072237,348.278699504373,75.4816473284812,747.161996372628,17.1417415072237
2021-09-22,73026,251,59013,187,14013,64,64240,202,422502,1261,486742,1463,3,808,-329,3735,577,68483,4,1896,889,"Knox County",470313,355.295303340541,0.169195460920566,311.069436736811,53.3687140266163,794.151979639091,16.9195460920566
2021-09-21,72775,397,58826,216,13949,181,64038,230,421241,996,485279,1226,10,805,-352,4064,739,67906,7,1892,880,"Knox County",470313,365.713896915458,0.160453808752026,260.6774637316,84.4118703926959,864.105393642106,16.0453808752026
2021-09-20,72378,432,58610,310,13768,122,63808,343,420245,1295,484053,1638,5,795,113,4416,314,67167,9,1885,876,"Knox County",470313,406.750398139112,0.165729369907035,348.278699504373,91.8537229462082,938.949167894572,16.5729369907035
2021-09-19,71946,120,58300,87,13646,33,63465,97,418950,432,482415,529,1,790,-176,4303,295,66853,7,1876,869,"Knox County",470313,405.899900704425,0.169080978389931,112.478285737371,25.5149230406134,914.922615364661,16.9080978389931
2021-09-18,71826,226,58213,183,13613,43,63368,197,418518,1075,481886,1272,0,789,-107,4479,333,66558,7,1869,861,"Knox County",470313,430.564326310351,0.170923821312029,270.458184230502,48.0531050598219,952.344502490894,17.0923821312029
2021-09-17,71600,547,58030,422,13570,125,63171,449,417443,1310,480614,1759,5,789,5,4586,537,66225,12,1862,848,"Knox County",470313,494.9895069879,0.18750656167979,374.006246903658,116.305524193463,975.095308868775,18.750656167979
2021-09-16,71053,588,57608,456,13445,132,62722,487,416133,1518,478855,2005,7,784,10,4581,571,65688,16,1850,843,"Knox County",470313,544.530982558424,0.202689041649818,426.311839136915,125.023122899006,974.032187075416,20.2689041649818
2021-09-15,70465,338,57152,249,13313,89,62235,267,414615,808,476850,1075,6,777,-308,4571,640,65117,5,1834,840,"Knox County",470313,563.029301762869,0.21780303030303,228.571185572162,71.867033231061,971.905943488698,21.780303030303
2021-09-14,70127,556,56903,443,13224,113,61968,476,413807,1406,475775,1882,12,771,-159,4879,703,64477,8,1829,836,"Knox County",470313,596.836574791681,0.227952755905512,400.159043020287,118.219143421509,1037.39424595961,22.7952755905512
2021-09-13,69571,399,56460,299,13111,100,61492,333,412401,1134,473893,1467,20,759,-435,5038,814,63774,15,1821,833,"Knox County",470313,589.819970955513,0.230853939333267,311.919934171499,84.8371191100395,1071.20151898842,23.0853939333267
2021-09-12,69172,387,56161,358,13011,29,61159,376,411267,1460,472426,1836,0,739,80,5473,307,62960,5,1806,824,"Knox County",470313,646.590674720877,0.228842067988669,390.378322521385,82.2856268059781,1163.69311501064,22.8842067988669
2021-09-11,68785,866,55803,707,12982,159,60783,763,409807,2621,470590,3384,4,739,500,5393,362,62653,26,1801,816,"Knox County",470313,782.670264270815,0.235008949880668,719.520829745297,184.13269460976,1146.6831663169,23.5008949880668
2021-09-10,67919,1026,55096,748,12823,278,60020,803,407186,2513,467206,3316,1,735,481,4893,544,62291,24,1775,806,"Knox County",470313,884.517332074597,0.234213164049449,705.062373355616,218.152591997244,1040.37098698101,23.4213164049449
2021-09-09,66893,310,54348,167,12545,143,59217,173,404673,685,463890,858,1,734,-370,4412,679,61747,18,1751,799,"Knox County",470313,825.407760363843,0.230930670140397,182.431699740386,65.9135511882512,938.098670459885,23.0930670140397
2021-09-08,66583,290,54181,226,12402,64,59044,250,403988,837,463032,1087,5,733,-406,4782,691,61068,11,1733,794,"Knox County",470313,815.201791147597,0.229501084598698,231.122677876223,61.6610640148157,1016.76968316844,22.9501084598698
2021-09-07,66293,414,53955,299,12338,115,58794,311,403151,979,461945,1290,3,728,-221,5188,632,60377,13,1722,788,"Knox County",470313,785.009132216205,0.227300196404291,274.285422686594,88.0264844901162,1103.09517278919,22.7300196404291
2021-09-06,65879,991,53656,791,12223,200,58483,844,402172,3221,460655,4065,1,725,341,5409,649,59745,20,1709,787,"Knox County",470313,910.882752549898,0.222278353119475,864.318018000778,210.710739443732,1150.08515605565,22.2278353119475
2021-09-05,64888,969,52865,799,12023,170,57639,834,398951,2999,456590,3833,2,724,623,5068,344,59096,15,1689,784,"Knox County",470313,1034.63012929687,0.223069590085796,814.989166788926,206.033003552953,1077.58024974857,22.3069590085796
2021-09-04,63919,543,52066,389,11853,154,56805,408,395952,1502,452757,1910,2,722,224,4445,317,58752,10,1674,779,"Knox County",470313,965.952461445888,0.221468304908613,406.112525063096,115.455026758776,945.115274296054,22.1468304908613
2021-09-03,63376,334,51677,238,11699,96,56397,249,394450,909,450847,1158,5,720,-155,4221,484,58435,8,1664,775,"Knox County",470313,818.816405245018,0.216111541440744,246.219007341919,71.0165357963739,897.487417953576,21.6111541440744
2021-09-02,63042,323,51439,180,11603,143,56148,200,393541,681,449689,881,3,715,-158,4376,478,57951,5,1656,770,"Knox County",470313,821.580521907751,0.217660292463442,187.322059989837,68.6776678509843,930.444193547701,21.7660292463442
2021-09-01,62719,276,51259,211,11460,65,55948,226,392860,645,448808,871,3,712,-119,4534,392,57473,2,1651,767,"Knox County",470313,818.603780886346,0.219303255282696,185.195816403119,58.6843229934108,964.038842217842,21.9303255282696
2021-08-31,62443,594,51048,433,11395,161,55722,479,392215,1894,447937,2373,2,709,190,4653,402,57081,8,1649,764,"Knox County",470313,856.876165447266,0.214697501822278,504.55760312813,126.298869051036,989.341140899784,21.4697501822278
2021-08-30,61849,513,50615,403,11234,110,55243,430,390321,1630,445564,2060,9,707,96,4463,408,56679,12,1641,760,"Knox County",470313,755.241722002156,0.21595598349381,438.006178863863,109.076295998622,948.942512752146,21.595598349381
2021-08-29,61336,483,50212,407,11124,76,54813,439,388691,1485,443504,1924,1,698,255,4367,227,56271,5,1629,754,"Knox County",470313,651.906283687672,0.217500223673615,409.089266084501,102.697565238469,928.530574319655,21.7500223673615
2021-08-28,60853,397,49805,301,11048,96,54374,320,387206,1065,441580,1385,0,697,191,4112,206,56044,4,1624,747,"Knox County",470313,620.863127321592,0.219958693203154,294.484736760413,84.4118703926959,874.311362858352,21.9958693203154
2021-08-27,60456,472,49504,373,10952,99,54054,390,386141,1166,440195,1556,5,697,195,3921,272,55838,5,1620,744,"Knox County",470313,650.205288818298,0.224796380090498,330.843502093287,100.358697293079,833.700110352042,22.4796380090498
2021-08-26,59984,449,49131,347,10853,102,53664,368,384975,1426,438639,1794,5,692,154,3726,290,55566,0,1615,743,"Knox County",470313,676.995958010942,0.221683524199615,381.44809945717,95.4683370436284,792.238360411045,22.1683524199615
2021-08-25,59535,351,48784,224,10751,127,53296,238,383549,642,436845,880,2,687,91,3572,258,55276,4,1615,738,"Knox County",470313,692.942784911325,0.222519211493485,187.109435631165,74.6311498937941,759.494209175592,22.2519211493485
2021-08-24,59184,342,48560,222,10624,120,53058,237,382907,677,435965,914,4,685,76,3481,262,55018,5,1611,728,"Knox County",470313,639.361446526037,0.230381432512128,194.338663826005,72.7175306657481,740.14539253646,23.0381432512128
2021-08-23,58842,287,48338,206,10504,81,52821,227,382230,825,435051,1052,1,681,30,3405,256,54756,1,1606,728,"Knox County",470313,591.308341466215,0.233456075749605,223.680825322711,61.0231909388003,723.985941277405,23.3456075749605
2021-08-22,58555,240,48132,217,10423,23,52594,233,381405,889,433999,1122,2,680,70,3375,168,54500,0,1605,724,"Knox County",470313,539.640622308973,0.231299551878663,238.564530429735,51.0298460812268,717.607210517251,23.1299551878663
2021-08-21,58315,496,47915,373,10400,123,52361,411,380516,1904,432877,2315,0,678,381,3305,115,54332,8,1605,722,"Knox County",470313,560.690433817479,0.218415862140558,492.225390325166,105.461681901202,702.723505410227,21.8415862140558
2021-08-20,57819,425,47542,331,10277,94,51950,357,378612,1148,430562,1505,0,678,232,2924,193,54217,6,1597,719,"Knox County",470313,550.697088959905,0.216134418701732,319.999659801026,90.3653524355057,621.713624756279,21.6134418701732
2021-08-19,57394,368,47211,254,10183,114,51593,264,377464,952,429057,1216,1,678,204,2692,163,54024,6,1591,716,"Knox County",470313,533.474515907491,0.218458462905375,258.551220144882,78.2457639912144,572.384773544427,21.8458462905375
2021-08-18,57026,263,46957,191,10069,72,51329,200,376512,914,427841,1114,2,677,98,2488,163,53861,5,1585,716,"Knox County",470313,514.763572344375,0.208811431045681,236.863535560361,55.9202063306777,529.009404375384,20.8811431045681
2021-08-17,56763,263,46766,180,9997,83,51129,197,375598,1042,426727,1239,0,675,102,2390,161,53698,5,1580,716,"Knox County",470313,497.966248009304,0.197532155181428,263.441580394333,55.9202063306777,508.17221722555,19.7532155181428
2021-08-16,56500,185,46586,126,9914,59,50932,132,374556,422,425488,554,2,675,-26,2288,209,53537,5,1575,713,"Knox County",470313,476.278563424783,0.197904026475455,117.793894704165,39.335506354279,486.484532641028,19.7904026475455
2021-08-15,56315,204,46460,181,9855,23,50800,198,374134,953,424934,1151,3,673,80,2314,121,53328,6,1570,713,"Knox County",470313,468.624086512599,0.193424235759842,244.730636831217,43.3753691690427,492.012765966495,19.3424235759842
2021-08-14,56111,219,46279,147,9832,72,50602,154,373181,794,423783,948,0,670,96,2234,123,53207,4,1564,712,"Knox County",470313,409.727139160517,0.194383331176394,201.567892020846,46.5647345491194,475.002817272752,19.4383331176394
2021-08-13,55892,266,46132,205,9760,61,50448,220,372387,1470,422835,1690,1,670,124,2138,141,53084,5,1560,710,"Knox County",470313,375.919866131704,0.172522750252781,359.335166155305,56.558079406693,454.590878840262,17.2522750252781
2021-08-12,55626,222,45927,145,9699,77,50228,153,370917,643,421145,796,2,669,82,2014,138,52943,8,1555,707,"Knox County",470313,344.876709765624,0.167378537106247,169.248989502735,47.2026076251348,428.225458364961,16.7378537106247
2021-08-11,55404,316,45782,238,9622,78,50075,248,370274,989,420349,1237,1,667,183,1932,132,52805,10,1547,705,"Knox County",470313,356.145800775228,0.170978332239002,263.01633167699,67.1892973402819,410.790260953875,17.0978332239002
2021-08-10,55088,173,45544,109,9544,64,49827,121,369285,621,419112,742,1,666,56,1749,116,52673,2,1537,702,"Knox County",470313,337.009608494768,0.172239393087946,157.767274134459,36.7840140502176,371.88000331694,17.2239393087946
2021-08-09,54915,197,45435,159,9480,38,49706,167,368664,753,418370,920,1,665,75,1693,121,52557,4,1535,698,"Knox County",470313,339.56110079883,0.168492784607162,195.614409978036,41.8869986583403,359.97303923132,16.8492784607162
2021-08-08,54718,88,45276,66,9442,22,49539,75,367911,418,417450,493,1,664,22,1618,65,52436,4,1531,697,"Knox County",470313,314.896675192903,0.166715499560504,104.823808825187,18.7109435631165,344.026212330937,16.6715499560504
2021-08-07,54630,105,45210,75,9420,30,49464,80,367493,638,416957,718,0,663,44,1596,61,52371,2,1527,697,"Knox County",470313,290.657498304321,0.161309884778654,152.664289526337,22.3255576605367,339.348476440158,16.1309884778654
2021-08-06,54525,203,45135,147,9390,56,49384,163,366855,879,416239,1042,0,663,139,1552,64,52310,11,1525,697,"Knox County",470313,277.262163707999,0.169300605245461,221.554581735993,43.162744810371,329.9930046586,16.9300605245461
2021-08-05,54322,174,44988,131,9334,43,49221,147,365976,850,415197,997,2,663,102,1413,70,52246,4,1514,696,"Knox County",470313,267.056194491753,0.162790697674419,211.986485595763,36.9966384088894,300.438218803223,16.2790697674419
2021-08-04,54148,144,44857,101,9291,43,49074,104,365126,656,414200,760,1,661,70,1311,73,52176,4,1510,694,"Knox County",470313,230.484804800208,0.151093088857546,161.594512590551,30.6179076487361,278.750534218701,15.1093088857546
2021-08-03,54004,238,44756,177,9248,61,48970,183,364470,814,413440,997,0,660,161,1241,77,52103,5,1506,693,"Knox County",470313,244.305388113873,0.155053146617176,211.986485595763,50.6045973638832,263.866829111677,15.5053146617176
2021-08-02,53766,97,44579,75,9187,22,48787,82,363656,532,412443,614,2,660,-3,1080,98,52026,3,1501,690,"Knox County",470313,223.042952246695,0.148372175769436,130.551356224472,20.6245627911625,229.63430736552,14.8372175769436
2021-08-01,53669,107,44504,91,9165,16,48705,99,363124,526,411829,625,0,658,63,1083,44,51928,2,1498,690,"Knox County",470313,227.082815061459,0.149139579349904,132.890224169861,22.7508063778803,230.272180441536,14.9139579349904
2021-07-31,53562,104,44413,64,9149,40,48606,68,362598,399,411204,467,1,658,46,1020,57,51884,6,1496,688,"Knox County",470313,226.870190702787,0.153762268266085,99.2955754997204,22.1129333018649,216.876845845214,15.3762268266085
2021-07-30,53458,118,44349,83,9109,35,48538,90,362199,339,410737,429,1,657,79,974,38,51827,0,1490,688,"Knox County",470313,208.797120215686,0.158110042953569,91.2158498701928,25.0896743232698,207.096125346312,15.8110042953569
2021-07-29,53340,117,44266,65,9074,52,48448,68,361860,483,410308,551,0,656,82,895,35,51789,1,1490,687,"Knox County",470313,196.677531771395,0.156200765248706,117.15602162815,24.877049964598,190.298801011241,15.6200765248706
2021-07-28,53223,131,44201,90,9022,41,48380,95,361377,536,409757,631,0,656,80,813,51,51754,4,1489,686,"Knox County",470313,193.913415108662,0.15878535002318,134.165970321892,27.8537909860029,172.863603600156,15.878535002318
2021-07-27,53092,117,44111,78,8981,39,48285,84,360841,499,409126,583,0,656,85,733,32,51703,4,1485,686,"Knox County",470313,168.185867709377,0.15025641025641,123.960001105647,24.877049964598,155.853654906413,15.025641025641
2021-07-26,52975,97,44033,73,8942,24,48201,79,360342,371,408543,450,1,656,61,648,35,51671,4,1481,686,"Knox County",470313,168.185867709377,0.156049250535332,95.6809614023002,20.6245627911625,137.780584419312,15.6049250535332
2021-07-25,52878,51,43960,43,8918,8,48122,44,359971,320,408093,364,3,655,22,587,26,51636,5,1477,686,"Knox County",470313,156.278903623757,0.151942446043165,77.3952665565272,10.8438422922607,124.810498540334,15.1942446043165
2021-07-24,52827,64,43917,42,8910,22,48078,44,359651,348,407729,392,0,652,39,565,25,51610,1,1472,685,"Knox County",470313,147.773929276886,0.148235294117647,83.348748599337,13.6079589549938,120.132762649555,14.8235294117647
2021-07-23,52763,56,43875,31,8888,25,48034,32,359303,321,407337,353,1,652,24,526,31,51585,3,1471,683,"Knox County",470313,134.591219039236,0.134175691937425,75.0563986111377,11.9069640856196,111.840412661355,13.4175691937425
2021-07-22,52707,94,43844,69,8863,25,48002,78,358982,474,406984,552,0,651,70,502,24,51554,3,1468,682,"Knox County",470313,129.700858789785,0.137142857142857,117.368645986822,19.9866897151471,106.737428053233,13.7142857142857
2021-07-21,52613,61,43775,47,8838,14,47924,46,358508,411,406432,457,1,651,33,432,27,51530,1,1465,682,"Knox County",470313,114.81715368276,0.129165344335132,97.1693319130026,12.9700858789785,91.8537229462082,12.9165344335132
2021-07-20,52552,78,43728,43,8824,35,47878,45,358097,299,405975,344,0,650,54,399,24,51503,3,1464,682,"Knox County",470313,106.524803694561,0.126373626373626,73.1427793830917,16.5846999763987,84.8371191100395,12.6373626373626
2021-07-19,52474,48,43685,36,8789,12,47833,42,357798,348,405631,390,0,650,28,345,20,51479,0,1461,682,"Knox County",470313,96.1062101196437,0.116058906030856,82.9234998819935,10.2059692162454,73.3554037417635,11.6058906030856
2021-07-18,52426,36,43649,30,8777,6,47791,31,357450,272,405241,303,0,650,27,317,9,51459,1,1461,682,"Knox County",470313,92.9168447395671,0.113937656753852,64.4251806775488,7.65447691218401,67.4019216989537,11.3937656753852
2021-07-17,52390,27,43619,20,8771,7,47760,21,357178,202,404938,223,0,650,12,290,15,51450,1,1460,681,"Knox County",470313,85.0497434687113,0.112509534706331,47.4152319838065,5.74085768413801,61.6610640148157,11.2509534706331
2021-07-16,52363,37,43599,21,8764,16,47739,22,356976,291,404715,313,0,650,25,278,12,51435,1,1459,681,"Knox County",470313,81.0098806539475,0.110379550735864,66.5514242642666,7.86710127085579,59.1095717107543,11.0379550735864
2021-07-15,52326,55,43578,42,8748,13,47717,44,356685,364,404402,408,-1,650,36,253,20,51423,1,1458,681,"Knox County",470313,72.7175306657481,0.102953240360952,86.7507383380855,11.6943397269478,53.7939627439599,10.2953240360952
2021-07-14,52271,21,43536,17,8735,4,47673,16,356321,269,403994,285,0,651,8,217,13,51403,2,1457,681,"Knox County",470313,64.212556318877,0.0975286849073257,60.5979422214568,4.46511153210734,46.1394858317759,9.75286849073257
2021-07-13,52250,42,43519,26,8731,16,47657,29,356052,355,403709,384,3,651,28,209,11,51390,3,1455,681,"Knox County",470313,56.558079406693,0.0888985255854293,81.6477537299628,8.93022306421468,44.4384909624016,8.88985255854293
2021-07-12,52208,27,43493,21,8715,6,47628,24,355697,270,403325,294,0,648,16,181,11,51379,1,1452,681,"Knox County",470313,52.0929678745856,0.0846153846153846,62.5115614495028,5.74085768413801,38.4850089195918,8.46153846153846
2021-07-11,52181,8,43472,3,8709,5,47604,4,355427,136,403031,140,0,648,1,165,7,51368,0,1451,680,"Knox County",470313,46.1394858317759,0.0781631656082071,29.7674102140489,1.70099486937423,35.0830191808434,7.81631656082071
2021-07-10,52173,20,43469,16,8704,4,47600,16,355291,191,402891,207,0,648,12,164,8,51361,2,1451,680,"Knox County",470313,44.6511153210734,0.0763170851797144,44.0132422450581,4.25248717343556,34.8703948221716,7.63170851797144
2021-07-09,52153,27,43453,21,8700,6,47584,21,355100,338,402684,359,0,648,12,152,15,51353,0,1449,680,"Knox County",470313,42.5248717343556,0.0741454020221473,76.3321447631684,5.74085768413801,32.3189025181103,7.41454020221473
2021-07-08,52126,19,43432,14,8694,5,47563,16,354762,317,402325,333,0,648,6,140,13,51338,0,1449,679,"Knox County",470313,34.8703948221716,0.0629370629370629,70.8039114377021,4.03986281476378,29.7674102140489,6.29370629370629
2021-07-07,52107,18,43418,5,8689,13,47547,5,354445,333,401992,338,1,648,8,134,9,51325,1,1449,677,"Knox County",470313,34.2325217461563,0.0559610705596107,71.867033231061,3.82723845609201,28.4916640620183,5.59610705596107
2021-07-06,52089,24,43413,9,8676,15,47542,14,354112,263,401654,277,0,647,14,126,10,51316,2,1448,677,"Knox County",470313,30.4052832900643,0.0513347022587269,58.8969473520825,5.10298460812268,26.790669192644,5.13347022587269
2021-07-05,52065,10,43404,7,8661,3,47528,6,353849,105,401377,111,0,647,0,112,10,51306,1,1446,677,"Knox County",470313,26.790669192644,0.0464589235127479,23.6013038125674,2.12624358671778,23.8139281712392,4.64589235127479
2021-07-04,52055,8,43397,7,8658,1,47522,7,353744,143,401266,150,0,647,0,112,8,51296,1,1445,677,"Knox County",470313,26.790669192644,0.047887323943662,31.8936538007667,1.70099486937423,23.8139281712392,4.7887323943662
2021-07-03,52047,9,43390,7,8657,2,47515,7,353601,185,401116,192,0,647,-2,112,11,51288,1,1444,677,"Knox County",470313,24.4518012472545,0.0431818181818182,40.8238768649814,1.913619228046,23.8139281712392,4.31818181818182
2021-07-02,52038,17,43383,13,8655,4,47508,17,353416,342,400924,359,-1,647,11,114,7,51277,0,1443,677,"Knox County",470313,22.3255576605367,0.0409090909090909,76.3321447631684,3.61461409742023,24.2391768885827,4.09090909090909
2021-07-01,52021,18,43370,15,8651,3,47491,17,353074,248,400565,265,-1,648,13,103,6,51270,1,1443,677,"Knox County",470313,22.1129333018649,0.0431442080378251,56.3454550480212,3.82723845609201,21.9003089431931,4.31442080378251
2021-06-30,52003,18,43355,12,8648,6,47474,11,352826,299,400300,310,0,649,9,90,9,51264,0,1442,677,"Knox County",470313,22.1129333018649,0.0474759615384615,65.9135511882512,3.82723845609201,19.13619228046,4.74759615384615
2021-06-29,51985,21,43343,16,8642,5,47463,19,352527,438,399990,457,0,649,8,81,13,51255,1,1442,677,"Knox County",470313,21.4750602258496,0.0455531453362256,97.1693319130026,4.46511153210734,17.222573052414,4.55531453362256
2021-06-28,51964,9,43327,2,8637,7,47444,2,352089,113,399533,115,0,649,-4,73,13,51242,0,1441,677,"Knox County",470313,21.2624358671778,0.0432900432900433,24.4518012472545,1.913619228046,15.5215781830398,4.32900432900433
2021-06-27,51955,5,43325,3,8630,2,47442,3,351976,151,399418,154,0,649,0,77,5,51229,0,1441,677,"Knox County",470313,20.6245627911625,0.041036717062635,32.7441512354538,1.06312179335889,16.3720756177269,4.1036717062635
2021-06-26,51950,3,43322,2,8628,1,47439,2,351825,206,399264,208,0,649,0,77,3,51224,0,1441,677,"Knox County",470313,19.3488166391318,0.0380085653104925,44.2258666037299,0.637873076015334,16.3720756177269,3.80085653104925
2021-06-25,51947,13,43320,9,8627,4,47437,11,351619,311,399056,322,0,649,4,77,9,51221,0,1441,677,"Knox County",470313,18.4983192044447,0.0354997269251775,68.4650434923126,2.76411666273312,16.3720756177269,3.54997269251775
2021-06-24,51934,14,43311,9,8623,5,47426,10,351308,364,398734,374,1,649,8,73,5,51212,1,1441,677,"Knox County",470313,17.6478217697576,0.0298969072164948,79.521510143245,2.97674102140489,15.5215781830398,2.98969072164948
2021-06-23,51920,13,43302,6,8618,7,47416,8,350944,282,398360,290,0,648,6,65,7,51207,0,1440,676,"Knox County",470313,16.5846999763987,0.0286458333333333,61.6610640148157,2.76411666273312,13.8205833136656,2.86458333333333
2021-06-22,51907,14,43296,5,8611,9,47408,5,350662,247,398070,252,2,648,10,59,2,51200,1,1440,675,"Knox County",470313,15.0963294656962,0.0239067055393586,53.5813383852881,2.97674102140489,12.5448371616349,2.39067055393586
2021-06-21,51893,9,43291,8,8602,1,47403,9,350415,289,397818,298,0,646,5,49,4,51198,1,1439,674,"Knox County",470313,15.0963294656962,0.0252897787144362,63.3620588841899,1.913619228046,10.4185935749171,2.52897787144363
2021-06-20,51884,3,43283,2,8601,1,47394,3,350126,161,397520,164,1,646,-2,44,4,51194,0,1438,674,"Knox County",470313,14.6710807483527,0.0251572327044025,34.8703948221716,0.637873076015334,9.35547178155824,2.51572327044025
2021-06-19,51881,3,43281,1,8600,2,47391,1,349965,191,397356,192,0,645,-3,46,6,51190,0,1438,674,"Knox County",470313,14.6710807483527,0.0248414376321353,40.8238768649814,0.637873076015334,9.7807204989018,2.48414376321353
2021-06-18,51878,5,43280,3,8598,2,47390,3,349774,283,397164,286,1,645,-7,49,11,51184,0,1438,674,"Knox County",470313,12.9700858789785,0.0210129310344828,60.8105665801286,1.06312179335889,10.4185935749171,2.10129310344828
2021-06-17,51873,12,43277,8,8596,4,47387,9,349491,515,396878,524,0,644,6,56,6,51173,0,1438,674,"Knox County",470313,12.5448371616349,0.0189431704885344,111.415163944012,2.55149230406134,11.9069640856196,1.89431704885344
2021-06-16,51861,7,43269,4,8592,3,47378,4,348976,362,396354,366,1,644,-6,50,12,51167,0,1438,673,"Knox County",470313,11.2690910096042,0.0163304514889529,77.8205152738708,1.48837051070245,10.6312179335889,1.63304514889529
2021-06-15,51854,13,43265,9,8589,4,47374,14,348614,428,395988,442,0,643,-2,56,15,51155,0,1438,673,"Knox County",470313,11.0564666509325,0.0189260563380282,93.9799665329259,2.76411666273312,11.9069640856196,1.89260563380282
2021-06-14,51841,7,43256,2,8585,5,47360,3,348186,260,395546,263,1,643,-5,58,11,51140,0,1438,673,"Knox County",470313,10.6312179335889,0.0165400089405454,55.9202063306777,1.48837051070245,12.3322128029631,1.65400089405454
2021-06-13,51834,3,43254,3,8580,0,47357,4,347926,128,395283,132,0,642,-5,63,8,51129,1,1438,673,"Knox County",470313,10.6312179335889,0.0172335600907029,28.0664153446747,0.637873076015334,13.395334596322,1.72335600907029
2021-06-12,51831,2,43251,1,8580,1,47353,1,347798,226,395151,227,0,642,-6,68,8,51121,0,1437,673,"Knox County",470313,10.4185935749171,0.0169642857142857,48.2657294184936,0.425248717343556,14.4584563896809,1.69642857142857
2021-06-11,51829,7,43250,3,8579,4,47352,2,347572,318,394924,320,0,642,-2,74,9,51113,0,1437,672,"Knox County",470313,10.8438422922607,0.0162708883025506,68.039794774969,1.48837051070245,15.7342025417116,1.62708883025506
2021-06-10,51822,7,43247,4,8575,3,47350,5,347254,358,394604,363,0,642,-1,76,8,51104,0,1437,671,"Knox County",470313,9.7807204989018,0.0156176053005206,77.1826421978555,1.48837051070245,16.1594512590551,1.56176053005206
2021-06-09,51815,2,43243,1,8572,1,47345,1,346896,367,394241,368,1,642,-17,77,18,51096,0,1437,671,"Knox County",470313,8.7175987055429,0.0141843971631206,78.2457639912144,0.425248717343556,16.3720756177269,1.41843971631206
2021-06-08,51813,5,43242,3,8571,2,47344,4,346529,266,393873,270,1,641,-17,94,21,51078,0,1437,670,"Knox County",470313,7.01660383616868,0.0102933607822954,57.4085768413801,1.06312179335889,19.9866897151471,1.02933607822954
2021-06-07,51808,16,43239,10,8569,6,47340,10,346263,316,393603,326,0,640,-7,111,23,51057,2,1437,669,"Knox County",470313,8.93022306421468,0.0134596211365902,69.3155409269997,3.40198973874845,23.6013038125674,1.34596211365902
2021-06-06,51792,4,43229,2,8563,2,47330,2,345947,178,393277,180,0,640,-5,118,9,51034,0,1435,669,"Knox County",470313,9.14284742288646,0.0121713729308666,38.2723845609201,0.850497434687113,25.0896743232698,1.21713729308666
2021-06-05,51788,5,43227,2,8561,3,47328,3,345769,258,393097,261,0,640,-9,123,14,51025,0,1435,668,"Knox County",470313,9.7807204989018,0.0129310344827586,55.4949576133341,1.06312179335889,26.1527961166287,1.29310344827586
2021-06-04,51783,7,43225,2,8558,5,47325,3,345511,325,392836,328,1,640,-9,132,15,51011,0,1435,668,"Knox County",470313,9.7807204989018,0.0133587786259542,69.7407896443432,1.48837051070245,28.0664153446747,1.33587786259542
2021-06-03,51776,7,43223,4,8553,3,47322,6,345186,458,392508,464,0,639,-12,141,19,50996,0,1435,668,"Knox County",470313,9.7807204989018,0.0131998179335457,98.6577024237051,1.48837051070245,29.9800345727207,1.31998179335457
2021-06-02,51769,20,43219,7,8550,13,47316,6,344728,282,392044,288,0,639,5,153,15,50977,1,1435,668,"Knox County",470313,13.6079589549938,0.0160604629192253,61.2358152974721,4.25248717343556,32.5315268767821,1.60604629192253
2021-06-01,51749,12,43212,9,8537,3,47310,10,344446,291,391756,301,0,639,-10,148,22,50962,1,1434,668,"Knox County",470313,15.0963294656962,0.0186219739292365,63.9999319602052,2.55149230406134,31.4684050834232,1.86219739292365
2021-05-31,51737,17,43203,14,8534,3,47300,12,344155,354,391455,366,0,639,-1,158,18,50940,0,1433,668,"Knox County",470313,15.308953824368,0.0191956124314442,77.8205152738708,3.61461409742023,33.5946486701409,1.91956124314442
2021-05-30,51720,3,43189,1,8531,2,47288,1,343801,203,391089,204,0,639,-9,159,12,50922,0,1433,668,"Knox County",470313,15.0963294656962,0.0185352622061483,43.3753691690427,0.637873076015334,33.8072730288127,1.85352622061483
2021-05-29,51717,14,43188,8,8529,6,47287,6,343598,199,390885,205,0,639,-14,168,28,50910,1,1433,667,"Knox County",470313,17.0099486937423,0.0204081632653061,43.5879935277145,2.97674102140489,35.7208922568587,2.04081632653061
2021-05-28,51703,11,43180,6,8523,5,47281,10,343399,390,390680,400,0,639,-9,182,20,50882,1,1432,665,"Knox County",470313,17.8604461284294,0.0228904847396768,85.0497434687113,2.33886794538956,38.6976332782636,2.28904847396768
2021-05-27,51692,23,43174,8,8518,15,47271,9,343009,341,390280,350,0,639,-5,191,28,50862,1,1431,665,"Knox County",470313,21.2624358671778,0.0255439924314096,74.4185255351224,4.8903602494509,40.6112525063096,2.55439924314096
2021-05-26,51669,16,43166,8,8503,8,47262,11,342668,571,389930,582,0,639,-8,196,24,50834,0,1430,665,"Knox County",470313,20.4119384324907,0.0245016611295681,123.747376746975,3.40198973874845,41.6743742996685,2.45016611295681
2021-05-25,51653,18,43158,8,8495,10,47251,7,342097,311,389348,318,0,639,-10,204,28,50810,1,1430,665,"Knox County",470313,21.6876845845214,0.0230927835051546,67.6145460576254,3.82723845609201,43.3753691690427,2.30927835051546
2021-05-24,51635,25,43150,21,8485,4,47244,24,341786,425,389030,449,0,639,-11,214,36,50782,1,1429,665,"Knox County",470313,23.3886794538956,0.0271132376395534,95.4683370436284,5.31560896679445,45.5016127557605,2.71132376395534
2021-05-23,51610,16,43129,8,8481,8,47220,8,341361,225,388581,233,1,639,-5,225,20,50746,1,1428,664,"Knox County",470313,26.1527961166287,0.0295624753646039,49.5414755705243,3.40198973874845,47.8404807011501,2.95624753646039
2021-05-22,51594,8,43121,4,8473,4,47212,4,341136,269,388348,273,0,638,-6,230,14,50726,0,1427,663,"Knox County",470313,24.877049964598,0.0280230326295585,58.0464499173954,1.70099486937423,48.903602494509,2.80230326295585
2021-05-21,51586,16,43117,12,8469,4,47208,14,340867,377,388075,391,0,638,-16,236,32,50712,1,1427,663,"Knox County",470313,25.9401717579569,0.0296610169491525,83.1361242406653,3.40198973874845,50.1793486465396,2.96610169491525
2021-05-20,51570,34,43105,26,8465,8,47194,27,340490,594,387684,621,0,638,6,252,28,50680,1,1426,662,"Knox County",470313,28.2790397033465,0.0331356818974538,132.039726735174,7.22922819484046,53.5813383852881,3.31356818974538
2021-05-19,51536,14,43079,6,8457,8,47167,6,339896,544,387063,550,0,638,-29,246,43,50652,1,1425,661,"Knox County",470313,27.8537909860029,0.0317460317460317,116.943397269478,2.97674102140489,52.3055922332574,3.17460317460317
2021-05-18,51522,24,43073,14,8449,10,47161,14,339352,444,386513,458,1,638,-21,275,44,50609,0,1424,661,"Knox County",470313,29.1295371380336,0.0326050420168067,97.3819562716744,5.10298460812268,58.471698634739,3.26050420168067
2021-05-17,51498,15,43059,8,8439,7,47147,8,338908,420,386055,428,0,637,-18,296,33,50565,0,1424,660,"Knox County",470313,27.0032935513158,0.0274204468517265,91.0032255115211,3.18936538007667,62.9368101668463,2.74204468517265
2021-05-16,51483,22,43051,13,8432,9,47139,12,338488,272,385627,284,1,637,-10,314,31,50532,1,1424,660,"Knox County",470313,28.2790397033465,0.0282861896838602,60.385317862785,4.67773589077912,66.7640486229383,2.82861896838602
2021-05-15,51461,23,43038,13,8423,10,47127,17,338216,336,385343,353,0,636,-8,324,31,50501,2,1423,659,"Knox County",470313,31.4684050834232,0.0317666126418152,75.0563986111377,4.8903602494509,68.8902922096561,3.17666126418152
2021-05-14,51438,36,43025,25,8413,11,47110,26,337880,498,384990,524,0,636,4,332,32,50470,4,1421,658,"Knox County",470313,35.7208922568587,0.0341827221876942,111.415163944012,7.65447691218401,70.5912870790304,3.41827221876942
2021-05-13,51402,31,43000,17,8402,14,47084,17,337382,376,384466,393,0,636,-17,328,48,50438,0,1417,658,"Knox County",470313,35.0830191808434,0.0334448160535117,83.5613729580088,6.59135511882512,69.7407896443432,3.34448160535117
2021-05-12,51371,34,42983,28,8388,6,47067,26,337006,506,384073,532,0,636,-15,345,49,50390,0,1417,658,"Knox County",470313,39.335506354279,0.0403768506056528,113.116158813386,7.22922819484046,73.3554037417635,4.03768506056528
2021-05-11,51337,36,42955,30,8382,6,47041,31,336500,555,383541,586,0,636,-11,360,47,50341,4,1417,658,"Knox County",470313,41.8869986583403,0.0441935483870968,124.597874181662,7.65447691218401,76.5447691218401,4.41935483870968
2021-05-10,51301,21,42925,14,8376,7,47010,13,335945,277,382955,290,1,636,-26,371,46,50294,1,1413,658,"Knox County",470313,43.162744810371,0.0479405806887238,61.6610640148157,4.46511153210734,78.8836370672297,4.79405806887238
2021-05-09,51280,17,42911,14,8369,3,46997,17,335668,369,382665,386,0,635,-22,397,39,50248,1,1412,657,"Knox County",470313,42.0996230170121,0.047976501305483,82.0730024473064,3.61461409742023,84.4118703926959,4.7976501305483
2021-05-08,51263,20,42897,11,8366,9,46980,14,335299,307,382279,321,0,635,-18,419,38,50209,1,1411,657,"Knox County",470313,41.4617499409967,0.0474934036939314,68.2524191336408,4.25248717343556,89.089606283475,4.74934036939314
2021-05-07,51243,43,42886,31,8357,12,46966,33,334992,576,381958,609,0,635,3,437,40,50171,0,1410,657,"Knox County",470313,42.9501204516992,0.0484440166827077,129.488234431113,9.14284742288646,92.9168447395671,4.84440166827077
2021-05-06,51200,40,42855,26,8345,14,46933,28,334416,340,381349,368,1,635,-8,434,47,50131,0,1410,657,"Knox County",470313,44.8637396797452,0.0523932729624838,78.2457639912144,8.50497434687113,92.2789716635517,5.23932729624838
2021-05-05,51160,51,42829,32,8331,19,46905,38,334076,585,380981,623,0,634,5,442,46,50084,4,1410,656,"Knox County",470313,48.4783537771654,0.0546654099905749,132.464975452518,10.8438422922607,93.9799665329259,5.46654099905749
2021-05-04,51109,50,42797,32,8312,18,46867,34,333491,536,380358,570,0,634,6,437,44,50038,0,1406,656,"Knox County",470313,51.4550947985703,0.0558888538048626,121.195884442914,10.6312179335889,92.9168447395671,5.58888538048626
2021-05-03,51059,24,42765,9,8294,15,46833,7,332955,309,379788,316,1,634,-37,431,60,49994,1,1406,656,"Knox County",470313,52.0929678745856,0.053554650798622,67.1892973402819,5.10298460812268,91.6410985875364,5.3554650798622
2021-05-02,51035,25,42756,18,8279,7,46826,20,332646,288,379472,308,0,633,-17,468,42,49934,2,1405,655,"Knox County",470313,53.7939627439599,0.0558587479935795,65.4883024709077,5.31560896679445,99.5081998583922,5.58587479935795
2021-05-01,51010,45,42738,35,8272,10,46806,38,332358,450,379164,488,0,633,7,485,38,49892,2,1403,655,"Knox County",470313,59.1095717107543,0.0603290676416819,103.760687031828,9.56809614023002,103.122813955812,6.03290676416819
2021-04-30,50965,58,42703,30,8262,28,46768,29,331908,567,378676,596,0,633,-9,478,67,49854,3,1401,655,"Knox County",470313,62.298937090831,0.0593453655552157,126.72411776838,12.3322128029631,101.63444344511,5.93453655552157
2021-04-29,50907,54,42673,34,8234,20,46739,35,331341,571,378080,606,0,633,-2,487,56,49787,2,1398,654,"Knox County",470313,65.2756781122359,0.0573139435414885,128.850361355098,11.481715368276,103.548062673156,5.73139435414885
2021-04-28,50853,47,42639,28,8214,19,46704,34,330770,543,377474,577,4,633,-38,489,81,49731,1,1396,654,"Knox County",470313,64.4251806775488,0.0569199653279399,122.684254953616,9.99334485757357,103.9733113905,5.69199653279399
2021-04-27,50806,39,42611,17,8195,22,46670,20,330227,392,376897,412,1,629,-33,527,71,49650,2,1395,652,"Knox County",470313,62.0863127321592,0.0554041780199818,87.6012357727726,8.29234998819935,112.053037020027,5.54041780199818
2021-04-26,50767,69,42594,36,8173,33,46650,40,329835,480,376485,520,1,628,2,560,66,49579,0,1393,651,"Knox County",470313,71.6544088723892,0.0615911035072712,110.564666509325,14.6710807483527,119.069640856196,6.15911035072712
2021-04-25,50698,38,42558,25,8140,13,46610,26,329355,341,375965,367,0,627,-4,558,42,49513,3,1393,649,"Knox County",470313,74.4185255351224,0.0622546270330903,78.0331396325426,8.07972562952757,118.644392138852,6.22546270330903
2021-04-24,50660,35,42533,22,8127,13,46584,28,329014,510,375598,538,0,627,-28,562,63,49471,3,1390,649,"Knox County",470313,72.2922819484046,0.0586283185840708,114.391904965417,7.44185255351224,119.494889573539,5.86283185840708
2021-04-23,50625,43,42511,31,8114,12,46556,36,328504,553,375060,589,0,627,-4,590,47,49408,2,1387,648,"Knox County",470313,69.1029165683279,0.0606816292601829,125.235747257677,9.14284742288646,125.448371616349,6.06816292601829
2021-04-22,50582,79,42480,62,8102,17,46520,65,327951,787,374471,852,1,627,15,594,63,49361,1,1385,647,"Knox County",470313,74.4185255351224,0.064591439688716,181.155953588355,16.7973243350705,126.298869051036,6.4591439688716
2021-04-21,50503,62,42418,34,8085,28,46455,35,327164,479,373619,514,1,626,-2,579,63,49298,1,1384,646,"Knox County",470313,77.607890915199,0.0659282700421941,109.288920357294,13.1827102376502,123.10950367096,6.59282700421941
2021-04-20,50441,38,42384,34,8057,4,46420,39,326685,474,373105,513,1,625,-32,581,69,49235,1,1383,645,"Knox County",470313,77.3952665565272,0.0690983817107629,109.076295998622,8.07972562952757,123.534752388303,6.90983817107629
2021-04-19,50403,65,42350,41,8053,24,46381,39,326211,336,372592,375,0,624,-3,613,68,49166,0,1382,644,"Knox County",470313,76.5447691218401,0.0715048025613661,79.7341345019168,13.8205833136656,130.3387318658,7.15048025613661
2021-04-18,50338,38,42309,27,8029,11,46342,32,325875,364,372217,396,0,624,-12,616,50,49098,1,1382,644,"Knox County",470313,76.5447691218401,0.0725443473656341,84.1992460340241,8.07972562952757,130.976604941815,7.25443473656341
2021-04-17,50300,37,42282,18,8018,19,46310,23,325511,335,371821,358,0,624,-23,628,60,49048,1,1381,643,"Knox County",470313,76.9700178391837,0.0747845426744509,76.1195204044966,7.86710127085579,133.528097245877,7.47845426744509
2021-04-16,50263,346,42264,330,7999,16,46287,369,325176,2088,371463,2457,1,624,279,651,66,48988,4,1380,643,"Knox County",470313,141.395198516732,0.110155535224154,522.418049256559,73.5680281004352,138.418457495328,11.0155535224154
2021-04-15,49917,86,41934,54,7983,32,45918,55,323088,577,369006,632,1,623,12,372,73,48922,0,1376,642,"Knox County",470313,142.883569027435,0.112869399428027,134.378594680564,18.2856948457729,79.0962614259015,11.2869399428027
2021-04-14,49831,85,41880,60,7951,25,45863,62,322511,684,368374,746,0,622,-1,360,86,48849,3,1376,641,"Knox County",470313,147.773929276886,0.113018075588826,158.617771569146,18.0730704871011,76.5447691218401,11.3018075588826
2021-04-13,49746,68,41820,38,7926,30,45801,43,321827,339,367628,382,-5,622,-8,361,81,48763,1,1373,641,"Knox County",470313,154.152660037039,0.116535727646839,81.2225050126193,14.4584563896809,76.7573934805119,11.6535727646839
2021-04-12,49678,63,41782,43,7896,20,45758,50,321488,360,367246,410,1,627,-24,369,86,48682,0,1372,641,"Knox County",470313,153.727411319696,0.11782196617729,87.175987055429,13.395334596322,78.4583883498861,11.782196617729
2021-04-11,49615,26,41739,14,7876,12,45708,14,321128,296,366836,310,2,626,-26,393,50,48596,0,1372,640,"Knox County",470313,151.175919015634,0.116336166194523,65.9135511882512,5.52823332546623,83.5613729580088,11.6336166194523
2021-04-10,49589,50,41725,33,7864,17,45694,41,320832,571,366526,612,0,624,6,419,44,48546,1,1372,640,"Knox County",470313,153.940035678367,0.114254820688412,130.126107507128,10.6312179335889,89.089606283475,11.4254820688412
2021-04-09,49539,82,41692,62,7847,20,45653,71,320261,620,365914,691,5,624,11,413,66,48502,2,1371,639,"Knox County",470313,97.8072049890179,0.0888183980967486,146.923431842199,17.4351974110858,87.8138601314444,8.88183980967486
2021-04-08,49457,49,41630,26,7827,23,45582,26,319641,465,365223,491,-6,619,-23,402,78,48436,0,1369,639,"Knox County",470313,89.9401037181622,0.0842943437671609,104.398560107843,10.4185935749171,85.4749921860548,8.42943437671609
2021-04-07,49408,77,41604,54,7804,23,45556,57,319176,768,364732,825,2,625,9,425,66,48358,1,1369,638,"Knox County",470313,88.2391088487879,0.0811609782316582,175.415095904217,16.3720756177269,90.3653524355057,8.11609782316582
2021-04-06,49331,75,41550,41,7781,34,45499,45,318408,421,363907,466,2,623,-4,416,77,48292,0,1368,638,"Knox County",470313,89.7274793594904,0.0798948751642576,99.0829511410486,15.9468269003834,88.4517332074597,7.98948751642576
2021-04-05,49256,44,41509,32,7747,12,45454,35,317987,266,363441,301,0,621,-60,420,104,48215,3,1368,638,"Knox County",470313,85.6876165447266,0.0781926406926407,63.9999319602052,9.35547178155824,89.3022306421468,7.81926406926407
2021-04-04,49212,49,41477,31,7735,18,45419,40,317721,341,363140,381,3,621,-27,480,73,48111,0,1365,636,"Knox County",470313,90.5779767941775,0.0836209185027874,81.0098806539475,10.4185935749171,102.059692162454,8.36209185027874
2021-04-03,49163,81,41446,64,7717,17,45379,71,317380,593,362759,664,0,618,6,507,75,48038,0,1365,635,"Knox County",470313,97.1693319130026,0.0903377847604085,141.182574158061,17.222573052414,107.800549846592,9.03377847604085
2021-04-02,49082,76,41382,45,7700,31,45308,45,316787,529,362095,574,0,618,6,501,70,47963,2,1365,632,"Knox County",470313,95.8935857609719,0.0861696380334954,122.046381877601,16.1594512590551,106.524803694561,8.61696380334954
2021-04-01,49006,75,41337,63,7669,12,45263,67,316258,580,361521,647,1,618,-20,495,94,47893,1,1363,630,"Knox County",470313,101.421819086438,0.0933125972006221,137.56796006064,15.9468269003834,105.24905754253,9.33125972006221
2021-03-31,48931,87,41274,66,7657,21,45196,72,315678,765,360874,837,3,617,-16,515,100,47799,2,1362,630,"Knox County",470313,103.548062673156,0.0968992248062016,177.966588208278,18.4983192044447,109.501544715966,9.68992248062016
2021-03-30,48844,57,41208,33,7636,24,45124,38,314913,460,360037,498,1,614,-25,531,81,47699,2,1360,628,"Knox County",470313,99.7208242170639,0.0943106099436187,105.886930618546,12.1195884442914,112.903534454714,9.43106099436187
2021-03-29,48787,43,41175,21,7612,22,45086,22,314453,399,359539,421,5,613,-58,556,96,47618,0,1358,626,"Knox County",470313,99.5081998583922,0.0882645450024863,89.5148550008186,9.14284742288646,118.219143421509,8.82645450024863
2021-03-28,48744,80,41154,46,7590,34,45064,49,314054,484,359118,533,2,608,13,614,65,47522,5,1358,625,"Knox County",470313,106.099554977217,0.0872065165309056,113.328783172058,17.0099486937423,130.551356224472,8.72065165309056
2021-03-27,48664,42,41108,39,7556,3,45015,42,313570,442,358585,484,0,606,-16,601,58,47457,2,1353,624,"Knox County",470313,97.8072049890179,0.0838758137205809,102.910189597141,8.93022306421468,127.787239561739,8.38758137205809
2021-03-26,48622,79,41069,54,7553,25,44973,60,313128,416,358101,476,0,606,1,617,78,47399,2,1351,622,"Knox County",470313,98.4450780650333,0.0898357289527721,101.209194727766,16.7973243350705,131.189229300487,8.98357289527721
2021-03-25,48543,88,41015,64,7528,24,44913,67,312712,570,357625,637,0,606,6,616,82,47321,4,1349,620,"Knox County",470313,101.209194727766,0.0900669068450849,135.441716473923,18.7109435631165,130.976604941815,9.00669068450849
2021-03-24,48455,123,40951,91,7504,32,44846,95,312142,780,356988,875,1,606,39,610,83,47239,3,1345,619,"Knox County",470313,108.86367163995,0.0950560652395515,186.046313837806,26.1527961166287,129.700858789785,9.50560652395515
2021-03-23,48332,87,40860,57,7472,30,44751,63,311362,530,356113,593,1,605,16,571,70,47156,3,1342,618,"Knox County",470313,115.242402400104,0.0990296093555611,126.086244692364,18.4983192044447,121.408508801585,9.90296093555611
2021-03-22,48245,115,40803,78,7442,37,44688,81,310832,517,355520,598,2,604,31,555,82,47086,1,1339,617,"Knox County",470313,130.551356224472,0.108913250714967,127.149366485723,24.4518012472545,118.006519062837,10.8913250714967
2021-03-21,48130,50,40725,33,7405,17,44607,34,310315,330,354922,364,0,602,4,524,46,47004,1,1338,617,"Knox County",470313,124.172625464318,0.109759125900174,77.3952665565272,10.6312179335889,111.415163944012,10.9759125900174
2021-03-20,48080,59,40692,29,7388,30,44573,33,309985,315,354558,348,0,602,3,520,56,46958,4,1337,616,"Knox County",470313,127.787239561739,0.111282446671807,73.9932768177788,12.5448371616349,110.564666509325,11.1282446671807
2021-03-19,48021,146,40663,102,7358,44,44540,117,309670,955,354210,1072,3,602,51,517,92,46902,3,1333,616,"Knox County",470313,142.033071592748,0.109204368174727,227.933312496146,31.0431563660796,109.926793433309,10.9204368174727
2021-03-18,47875,68,40561,50,7314,18,44423,66,308715,627,353138,693,2,599,-16,466,82,46810,1,1330,615,"Knox County",470313,137.780584419312,0.107638124587277,147.348680559542,14.4584563896809,99.0829511410486,10.7638124587277
2021-03-17,47807,46,40511,36,7296,10,44357,41,308088,498,352445,539,1,597,-40,482,85,46728,3,1329,615,"Knox County",470313,121.408508801585,0.103399096743523,114.604529324088,9.7807204989018,102.484940879797,10.3399096743523
2021-03-16,47761,128,40475,84,7286,44,44316,100,307590,698,351906,798,0,596,47,522,81,46643,3,1326,613,"Knox County",470313,130.126107507128,0.106980961015413,169.674238220079,27.2159179099876,110.989915226668,10.6980961015413
2021-03-15,47633,44,40391,28,7242,16,44216,40,306892,290,351108,330,1,596,-65,475,108,46562,1,1323,612,"Knox County",470313,115.029778041432,0.104005791505792,70.1660383616868,9.35547178155824,100.996570369095,10.4005791505792
2021-03-14,47589,60,40363,38,7226,22,44176,46,306602,405,350778,451,0,595,-13,540,73,46454,0,1322,611,"Knox County",470313,117.15602162815,0.104703379815646,95.893585760972,12.7574615203067,114.81715368276,10.4703379815646
2021-03-13,47529,71,40325,34,7204,37,44130,41,306197,623,350327,664,1,595,-11,553,81,46381,1,1322,611,"Knox County",470313,119.707513932211,0.0991862766659336,141.182574158061,15.0963294656962,117.581270345493,9.91862766659336
2021-03-12,47458,63,40291,60,7167,3,44089,67,305574,691,349663,758,0,594,-52,564,115,46300,1,1321,609,"Knox County",470313,102.059692162454,0.0947318686510749,161.169263873208,13.395334596322,119.920138290883,9.47318686510749
2021-03-11,47395,83,40231,56,7164,27,44022,66,304883,627,348905,693,2,594,-22,616,103,46185,0,1320,607,"Knox County",470313,105.24905754253,0.0947318686510749,147.348680559542,17.6478217697576,130.976604941815,9.47318686510749
2021-03-10,47312,95,40175,72,7137,23,43956,82,304256,1001,348212,1083,2,592,26,638,67,46082,1,1320,606,"Knox County",470313,115.667651117447,0.0925266903914591,230.272180441536,20.1993140738189,135.654340832594,9.25266903914591
2021-03-09,47217,80,40103,50,7114,30,43874,55,303255,597,347129,652,0,590,-5,612,85,46015,2,1319,606,"Knox County",470313,105.461681901202,0.085726624919024,138.631081853999,17.0099486937423,130.126107507128,8.5726624919024
2021-03-08,47137,85,40053,57,7084,28,43819,63,302658,411,346477,474,1,590,-30,617,114,45930,0,1317,601,"Knox County",470313,114.179280606745,0.0879581151832461,100.783946010423,18.0730704871011,131.189229300487,8.79581151832461
2021-03-07,47052,64,39996,40,7056,24,43756,42,302247,327,346003,369,0,589,-5,647,69,45816,0,1317,599,"Knox County",470313,115.029778041432,0.0886426592797784,78.4583883498861,13.6079589549938,137.56796006064,8.86426592797784
2021-03-06,46988,125,39956,87,7032,38,43714,95,301920,848,345634,943,0,589,40,652,85,45747,1,1317,599,"Knox County",470313,126.511493409708,0.0945293644408689,200.504770227487,26.5780448339723,138.631081853999,9.45293644408689
2021-03-05,46863,70,39869,44,6994,26,43619,49,301072,520,344691,569,2,589,-19,612,87,45662,2,1316,599,"Knox County",470313,127.99986392041,0.0945013589797198,120.983260084242,14.8837051070245,130.126107507128,9.45013589797198
2021-03-04,46793,112,39825,85,6968,27,43570,100,300552,1094,344122,1194,5,587,-1,631,108,45575,1,1314,597,"Knox County",470313,134.165970321892,0.0919757759273278,253.873484254103,23.8139281712392,134.165970321892,9.19757759273278
2021-03-03,46681,74,39740,33,6941,41,43470,40,299458,497,342928,537,1,582,-49,632,122,45467,4,1313,595,"Knox County",470313,129.700858789785,0.0937104263402279,114.179280606745,15.7342025417116,134.378594680564,9.37104263402279
2021-03-02,46607,133,39707,91,6900,42,43430,99,298961,807,342391,906,-1,581,9,681,125,45345,2,1309,594,"Knox County",470313,140.969949799389,0.0977564102564103,192.637668956631,28.2790397033465,144.797188255481,9.77564102564103
2021-03-01,46474,59,39616,33,6858,26,43331,35,298154,165,341485,200,1,582,-58,672,116,45220,1,1307,589,"Knox County",470313,135.441716473923,0.0974989402289105,42.5248717343556,12.5448371616349,142.883569027435,9.74989402289106
2021-02-28,46415,77,39583,53,6832,24,43296,63,297989,563,341285,626,2,581,-19,730,94,45104,2,1306,589,"Knox County",470313,138.205833136656,0.0966834170854271,133.102848528533,16.3720756177269,155.215781830398,9.66834170854271
2021-02-27,46338,82,39530,47,6808,35,43233,58,297426,670,340659,728,1,579,-33,749,114,45010,3,1304,588,"Knox County",470313,129.062985713769,0.0932773109243697,154.790533113054,17.4351974110858,159.255644645162,9.32773109243698
2021-02-26,46256,107,39483,70,6773,37,43175,80,296756,506,339931,586,5,578,-17,782,119,44896,1,1301,587,"Knox County",470313,136.930086984625,0.0994347917102784,124.597874181662,22.7508063778803,166.272248481331,9.94347917102784
2021-02-25,46149,131,39413,92,6736,39,43095,97,296250,1029,339345,1126,2,573,-7,799,136,44777,5,1300,587,"Knox County",470313,140.969949799389,0.100233595243151,239.415027864422,27.8537909860029,169.886862578751,10.0233595243151
2021-02-24,46018,102,39321,72,6697,30,42998,80,295221,969,338219,1049,2,571,-30,806,130,44641,2,1295,586,"Knox County",470313,146.923431842199,0.0980655046925876,223.042952246695,21.6876845845214,171.375233089453,9.80655046925876
2021-02-23,45916,122,39249,68,6667,54,42918,75,294252,758,337170,833,5,569,-32,836,149,44511,6,1293,585,"Knox County",470313,144.584563896809,0.0947940947940948,177.116090773591,25.9401717579569,177.753963849607,9.47940947940948
2021-02-22,45794,62,39181,33,6613,29,42843,38,293494,306,336337,344,3,564,-110,868,169,44362,3,1287,583,"Knox County",470313,145.222436972824,0.0927815570672714,73.1427793830917,13.1827102376502,184.557943327103,9.27815570672714
2021-02-21,45732,82,39148,41,6584,41,42805,45,293188,499,335993,544,2,561,-31,978,111,44193,3,1284,581,"Knox County",470313,146.285558766183,0.0907869481765835,115.667651117447,17.4351974110858,207.946622780999,9.07869481765835
2021-02-20,45650,137,39107,98,6543,39,42760,115,292689,1007,335449,1122,1,559,8,1009,128,44082,2,1281,578,"Knox County",470313,157.979898493131,0.0945753033547466,238.564530429735,29.1295371380336,214.537977899824,9.45753033547466
2021-02-19,45513,95,39009,43,6504,52,42645,48,291682,274,334327,322,1,558,-83,1001,177,43954,2,1279,577,"Knox County",470313,155.42840618907,0.0932584269662921,68.4650434923126,20.1993140738189,212.83698303045,9.32584269662921
2021-02-18,45418,155,38966,111,6452,44,42597,119,291408,987,334005,1106,4,557,-37,1084,188,43777,6,1277,575,"Knox County",470313,160.531390797193,0.0977443609022556,235.162540690987,32.9567755941256,230.484804800208,9.77443609022556
2021-02-17,45263,114,38855,68,6408,46,42478,76,290421,892,332899,968,1,553,-49,1121,162,43589,4,1271,569,"Knox County",470313,163.082883101254,0.098492078640962,205.820379194281,24.2391768885827,238.351906071063,9.8492078640962
2021-02-16,45149,146,38787,90,6362,56,42402,101,289529,818,331931,919,2,552,-41,1170,185,43427,4,1267,566,"Knox County",470313,168.185867709377,0.101784037558685,195.401785619364,31.0431563660796,248.77049964598,10.1784037558685
2021-02-15,45003,76,38697,36,6306,40,42301,43,288711,312,331012,355,2,550,-140,1211,214,43242,1,1263,566,"Knox County",470313,171.162608730781,0.102511244377811,75.4816473284812,16.1594512590551,257.488098351523,10.2511244377811
2021-02-14,44927,165,38661,135,6266,30,42258,135,288399,706,330657,841,2,548,20,1351,143,43028,5,1262,565,"Knox County",470313,188.810430500539,0.113083614415054,178.817085642965,35.0830191808434,287.255508565572,11.3083614415054
2021-02-13,44762,135,38526,91,6236,44,42123,106,287693,870,329816,976,4,546,-9,1331,140,42885,7,1257,564,"Knox County",470313,188.385181783195,0.114452341899034,207.521374063655,28.7042884206901,283.003021392137,11.4452341899034
2021-02-12,44627,179,38435,114,6192,65,42017,124,286823,995,328840,1119,3,542,13,1340,163,42745,3,1250,560,"Knox County",470313,206.245627911625,0.112030553787397,237.92665735372,38.0597602022483,284.916640620183,11.2030553787397
2021-02-11,44448,162,38321,112,6127,50,41893,118,285828,1133,327721,1251,5,539,-34,1327,191,42582,5,1247,559,"Knox County",470313,207.733998422327,0.109348265671177,265.993072698394,34.4451461048281,282.15252395745,10.9348265671177
2021-02-10,44286,148,38209,106,6077,42,41775,112,284695,1032,326470,1144,7,534,-47,1361,188,42391,6,1242,557,"Knox County",470313,214.963226617168,0.111884935654807,243.242266320514,31.4684050834232,289.38175215229,11.1884935654807
2021-02-09,44138,209,38103,154,6035,55,41663,165,283663,1022,325326,1187,0,527,12,1408,197,42203,6,1236,555,"Knox County",470313,228.35856121349,0.116833988069257,252.385113743401,44.4384909624016,299.375097009864,11.6833988069257
2021-02-08,43929,107,37949,72,5980,35,41498,76,282641,371,324139,447,4,527,-159,1396,262,42006,2,1230,550,"Knox County",470313,234.949916332315,0.120028715003589,95.0430883262848,22.7508063778803,296.823604705802,12.0028715003589
2021-02-07,43822,108,37877,75,5945,33,41422,83,282270,716,323692,799,1,523,-28,1555,135,41744,2,1228,547,"Knox County",470313,222.830327888024,0.11324570273003,169.886862578751,22.963430736552,330.630877734615,11.324570273003
2021-02-06,43714,304,37802,176,5912,128,41339,197,281554,1396,322893,1593,2,522,136,1583,166,41609,6,1226,546,"Knox County",470313,258.763844503554,0.11604774535809,338.710603364143,64.6378050362206,336.584359777425,11.604774535809
2021-02-05,43410,177,37626,131,5784,46,41142,143,280158,727,321300,870,8,520,-5,1447,174,41443,4,1220,542,"Knox County",470313,258.33859578621,0.122616924975998,184.983192044447,37.6345114849047,307.667446998063,12.2616924975998
2021-02-04,43233,199,37495,148,5738,51,40999,161,279431,1581,320430,1742,2,512,-1,1452,198,41269,7,1216,539,"Knox County",470313,266.205697057066,0.120406065278849,370.391632806238,42.3122473756839,308.730568791422,12.0406065278849
2021-02-03,43034,230,37347,165,5687,65,40838,172,277850,1634,318688,1806,5,510,-8,1453,233,41071,7,1209,531,"Knox County",470313,283.640894468152,0.118072003789673,383.999591761231,48.903602494509,308.943193150094,11.8072003789673
2021-02-02,42804,91,37182,70,5622,21,40666,77,276216,291,316882,368,7,505,-159,1461,243,40838,1,1202,531,"Knox County",470313,258.551220144882,0.119213114754098,78.2457639912144,19.3488166391318,310.644188019468,11.9213114754098
2021-02-01,42713,153,37112,82,5601,71,40589,97,275925,425,316514,522,4,498,-125,1620,274,40595,2,1201,529,"Knox County",470313,268.331940643784,0.120779220779221,110.989915226668,32.5315268767821,344.451461048281,12.0779220779221
2021-01-31,42560,174,37030,120,5530,54,40492,129,275500,939,315992,1068,7,494,13,1745,154,40321,4,1199,526,"Knox County",470313,282.365148316121,0.122474589032501,227.082815061459,36.9966384088894,371.029505882253,12.2474589032501
2021-01-30,42386,277,36910,233,5476,44,40363,250,274561,1518,314924,1768,7,487,92,1732,178,40167,9,1195,524,"Knox County",470313,276.624290631983,0.12635068762279,375.919866131704,58.8969473520825,368.26538921952,12.635068762279
2021-01-29,42109,101,36677,52,5432,49,40113,62,273043,376,313156,438,4,480,-140,1640,237,39989,1,1186,518,"Knox County",470313,260.464839372928,0.122925311203319,93.1294690982388,21.4750602258496,348.703948221716,12.2925311203319
2021-01-28,42008,157,36625,116,5383,41,40051,129,272667,656,312718,785,9,476,-74,1780,222,39752,5,1185,513,"Knox County",470313,251.534616308714,0.13560325684678,166.910121557346,33.3820243114692,378.471358435765,13.560325684678
2021-01-27,41851,168,36509,123,5342,45,39922,125,272011,894,311933,1019,12,467,-73,1854,229,39530,2,1180,509,"Knox County",470313,238.351906071063,0.145609919571046,216.664221486542,35.7208922568587,394.205560977477,14.5609919571046
2021-01-26,41683,234,36386,173,5297,61,39797,193,271117,1041,310914,1234,3,455,-26,1927,257,39301,7,1178,505,"Knox County",470313,268.757189361128,0.144132279777583,262.378458600974,49.7540999291961,409.727139160517,14.4132279777583
2021-01-25,41449,157,36213,105,5236,52,39604,115,270076,415,309680,530,9,452,-202,1953,350,39044,1,1171,498,"Knox County",470313,269.607686795815,0.146594562993277,112.690910096042,33.3820243114692,415.255372485983,14.6594562993277
2021-01-24,41292,157,36108,104,5184,53,39489,111,269661,791,309150,902,4,443,-98,2155,251,38694,2,1170,494,"Knox County",470313,265.993072698394,0.147543439185141,191.787171521944,33.3820243114692,458.205492937682,14.7543439185141
2021-01-23,41135,309,36004,222,5131,87,39378,232,268870,1492,308248,1724,7,439,63,2253,239,38443,7,1168,488,"Knox County",470313,272.797052175891,0.1458082026538,366.564394350146,65.7009268295794,479.042680087516,14.58082026538
2021-01-22,40826,178,35782,143,5044,35,39146,176,267378,1173,306524,1349,3,432,-151,2190,326,38204,8,1161,484,"Knox County",470313,289.169127793618,0.143311679703036,286.830259848229,37.8471358435765,465.647345491194,14.3311679703036
2021-01-21,40648,268,35639,195,5009,73,38970,203,266205,1080,305175,1283,11,429,-124,2341,381,37878,6,1153,476,"Knox County",470313,312.770431606186,0.143638850889193,272.797052175891,56.9833281240365,497.753623650633,14.3638850889193
2021-01-20,40380,192,35444,131,4936,61,38767,131,265125,736,303892,867,10,418,-156,2465,338,37497,8,1147,470,"Knox County",470313,317.873416214308,0.147166941310686,184.345318968432,40.8238768649814,524.119044125933,14.7166941310686
2021-01-19,40188,310,35313,195,4875,115,38636,219,264389,957,303025,1176,8,408,-86,2621,388,37159,14,1139,460,"Knox County",470313,334.032867473363,0.151577065508875,250.046245798011,65.9135511882512,557.288444078731,15.1577065508875
2021-01-18,39878,129,35118,80,4760,49,38417,87,263432,472,301849,559,7,400,-365,2707,487,36771,4,1125,457,"Knox County",470313,328.079385430554,0.147455470737913,118.857016497524,27.4285422686594,575.574138924503,14.7455470737913
2021-01-17,39749,181,35038,138,4711,43,38330,151,262960,690,301290,841,3,393,-207,3072,385,36284,8,1121,448,"Knox County",470313,333.182370038676,0.153737658674189,178.817085642965,38.4850089195918,653.182029839703,15.3737658674189
2021-01-16,39568,421,34900,340,4668,81,38179,389,262270,1757,300449,2146,1,390,8,3279,412,35899,7,1113,442,"Knox County",470313,356.996298209916,0.164943437538012,456.291873709636,89.5148550008186,697.195272084761,16.4943437538012
2021-01-15,39147,187,34560,149,4587,38,37790,153,260513,755,298303,908,0,389,-94,3271,281,35487,4,1106,434,"Knox County",470313,358.909917437962,0.17133676092545,193.062917673975,39.7607550716225,695.494277215386,17.133676092545
2021-01-14,38960,338,34411,267,4549,71,37637,290,259758,1479,297395,1769,6,389,-92,3365,424,35206,8,1102,424,"Knox County",470313,373.793622544986,0.171788047423179,376.132490490376,71.867033231061,715.480966930533,17.1788047423179
2021-01-13,38622,249,34144,201,4478,48,37347,206,258279,946,295626,1152,12,383,-249,3457,486,34782,6,1094,417,"Knox County",470313,385.913210989277,0.174833352824231,244.943261189888,52.9434653092728,735.042407928337,17.4833352824231
2021-01-12,38373,332,33943,261,4430,71,37141,283,257333,1181,294474,1464,10,371,-176,3706,498,34296,6,1088,415,"Knox County",470313,390.590946880056,0.176377418259984,311.282061095483,70.5912870790304,787.98587323761,17.6377418259984
2021-01-11,38041,244,33682,197,4359,47,36858,228,256152,726,293010,954,4,361,-396,3882,636,33798,5,1082,410,"Knox County",470313,415.042748127311,0.184102230885857,202.843638172876,51.8803435159139,825.407760363843,18.4102230885857
2021-01-10,37797,328,33485,205,4312,123,36630,222,255426,1013,292056,1235,5,357,-4,4278,327,33162,17,1077,404,"Knox County",470313,446.298528852062,0.183942667220607,262.591082959646,69.7407896443432,909.607006397867,18.3942667220607
2021-01-09,37469,475,33280,393,4189,82,36408,426,254413,1384,290821,1810,5,352,101,4282,369,32835,12,1060,398,"Knox County",470313,457.780244220338,0.194575979337064,384.850089195918,100.996570369095,910.457503832554,19.4575979337064
2021-01-08,36994,459,32887,371,4107,88,35982,392,253029,1432,289011,1824,7,347,267,4181,185,32466,6,1048,396,"Knox County",470313,515.614069779062,0.200528996865204,387.826830217323,97.5945806303462,888.982443606704,20.0528996865204
2021-01-07,36535,389,32516,346,4019,43,35590,354,251597,1309,287187,1663,10,340,73,3914,306,32281,10,1042,388,"Knox County",470313,526.457912071323,0.208968521084934,353.594308471167,82.7108755233217,832.21173984134,20.8968521084934
2021-01-06,36146,496,32170,362,3976,134,35236,378,250288,1187,285524,1565,9,330,58,3841,429,31975,15,1032,385,"Knox County",470313,578.976128663252,0.217118402282454,332.757121321333,105.461681901202,816.6901616583,21.7118402282454
2021-01-05,35650,520,31808,328,3842,192,34858,345,249101,1193,283959,1538,14,321,32,3783,474,31546,14,1017,376,"Knox County",470313,618.949508093546,0.221456228161299,327.016263637195,110.564666509325,804.357948855337,22.1456228161299
2021-01-04,35130,322,31480,228,3650,94,34513,249,247908,654,282421,903,6,307,-222,3751,538,31072,6,1003,370,"Knox County",470313,635.534208069945,0.224520781932055,191.999795880616,68.4650434923126,797.55396937784,22.4520781932055
2021-01-03,34808,285,31252,182,3556,103,34264,195,247254,608,281518,803,2,301,-15,3973,298,30534,10,997,362,"Knox County",470313,626.391360647058,0.231446665347318,170.737360013438,60.5979422214568,844.756577002974,23.1446665347318
2021-01-02,34523,422,31070,319,3453,103,34069,345,246646,1095,280715,1440,0,299,105,3988,317,30236,22,987,353,"Knox County",470313,615.122269637454,0.231922760887428,306.179076487361,89.7274793594904,847.945942383051,23.1922760887428
2021-01-01,34101,419,30751,349,3350,70,33724,374,245551,1297,279275,1671,2,299,2,3883,415,29919,8,965,349,"Knox County",470313,606.617295290583,0.233747260774288,355.295303340541,89.089606283475,825.620384722515,23.3747260774288
2020-12-31,33682,448,30402,311,3280,137,33350,322,244254,929,277604,1251,12,297,0,3881,436,29504,8,957,343,"Knox County",470313,619.162132452218,0.240758913967942,265.993072698394,95.2557126849566,825.195136005171,24.0758913967942
2020-12-30,33234,363,30091,248,3143,115,33028,271,243325,931,276353,1202,6,285,-146,3881,503,29068,9,949,340,"Knox County",470313,590.883092748871,0.238533151680291,255.574479123477,77.1826421978555,825.195136005171,23.8533151680291
2020-12-29,32871,590,29843,398,3028,192,32757,420,242394,1081,275151,1501,7,279,111,4027,472,28565,14,940,336,"Knox County",470313,605.766797855896,0.248090297571543,319.149162366339,125.448371616349,856.238292371251,24.8090297571543
2020-12-28,32281,252,29445,174,2836,78,32337,185,241313,565,273650,750,4,272,-331,3916,579,28093,4,926,328,"Knox County",470313,590.883092748871,0.245068461359944,159.468269003834,53.5813383852881,832.636988558683,24.5068461359944
2020-12-27,32029,230,29271,156,2758,74,32152,172,240748,489,272900,661,3,268,-74,4247,301,27514,8,922,323,"Knox County",470313,579.188753021924,0.246460594620104,140.544701082045,48.903602494509,903.015651279042,24.6460594620104
2020-12-26,31799,358,29115,288,2684,70,31980,328,240259,1064,272239,1392,0,265,59,4321,299,27213,10,914,316,"Knox County",470313,565.58079406693,0.245847176079734,295.973107271115,76.1195204044966,918.749853820754,24.5847176079734
2020-12-25,31441,353,28827,287,2614,66,31652,308,239195,1070,270847,1378,1,265,-101,4262,453,26914,5,904,310,"Knox County",470313,551.547586394592,0.246588813767671,292.99636624971,75.0563986111377,906.205016659119,24.6588813767671
2020-12-24,31088,351,28540,277,2548,74,31344,311,238125,1273,269469,1584,5,264,-111,4363,457,26461,8,899,303,"Knox County",470313,530.92302360343,0.235592820028342,336.796984136097,74.6311498937941,927.680076884968,23.5592820028342
2020-12-23,30737,472,28263,351,2474,121,31033,371,236852,1411,267885,1782,6,259,-14,4474,480,26004,9,891,296,"Knox County",470313,554.099078698654,0.231542882404951,378.896607153109,100.358697293079,951.281380697535,23.1542882404951
2020-12-22,30265,530,27912,392,2353,138,30662,432,235441,1470,266103,1902,7,253,-26,4488,549,25524,15,882,289,"Knox County",470313,541.341617178347,0.222986559424278,404.411530193722,112.690910096042,954.25812171894,22.2986559424278
2020-12-21,29735,442,27520,361,2215,81,30230,391,233971,1423,264201,1814,2,246,-136,4514,576,24975,5,867,283,"Knox County",470313,581.740245325985,0.22001331684581,385.700586630606,93.9799665329259,959.786355044406,22.001331684581
2020-12-20,29293,514,27159,431,2134,83,29839,478,232548,2245,262387,2723,2,244,235,4650,277,24399,7,862,280,"Knox County",470313,642.12556318877,0.208270377733598,578.976128663252,109.288920357294,988.703267823768,20.8270377733598
2020-12-19,28779,525,26728,441,2051,84,29361,489,230303,1445,259664,1934,6,242,252,4415,267,24122,14,855,274,"Knox County",470313,677.633831086957,0.211938705496684,411.215509671219,111.627788302684,938.736543535901,21.1938705496684
2020-12-18,28254,480,26287,420,1967,60,28872,430,228858,1358,257730,1788,4,236,98,4163,378,23855,11,841,267,"Knox County",470313,704.637124638273,0.214533895172618,380.172353305139,102.059692162454,885.155205150612,21.4533895172618
2020-12-17,27774,733,25867,635,1907,98,28442,663,227500,1898,255942,2561,11,232,288,4065,434,23477,11,830,261,"Knox County",470313,785.859629650892,0.224351902923331,544.530982558424,155.853654906413,864.318018000778,22.4351902923332
2020-12-16,27041,564,25232,453,1809,111,27779,472,225602,1729,253381,2201,8,221,99,3777,457,23043,11,819,257,"Knox County",470313,805.421070648696,0.224820746498693,467.986213436584,119.920138290883,803.082202703306,22.4820746498693
2020-12-15,26477,765,24779,675,1698,90,27307,716,223873,2415,251180,3131,2,213,324,3678,439,22586,15,808,253,"Knox County",470313,855.387794936564,0.225297176820208,665.726867001337,162.65763438391,782.0323911948,22.5297176820208
2020-12-14,25712,472,24104,411,1608,61,26591,461,221458,1624,248049,2085,6,211,-11,3354,477,22147,7,793,245,"Knox County",470313,861.766525696717,0.225841807221579,443.321787830657,100.358697293079,713.142098985144,22.5841807221579
2020-12-13,25240,628,23693,572,1547,56,26130,754,219834,2935,245964,3689,2,205,400,3365,226,21670,10,786,237,"Knox County",470313,886.0057025853,0.229167864742078,784.37125914019,133.528097245877,715.480966930533,22.9167864742078
2020-12-12,24612,464,23121,392,1491,72,25376,454,216899,2171,242275,2625,3,203,182,2965,279,21444,19,776,231,"Knox County",470313,873.035616706321,0.218473451327434,558.138941513418,98.6577024237051,630.431223461822,21.8473451327434
2020-12-11,24148,557,22729,523,1419,34,24922,429,214728,1407,239650,1836,6,200,281,2783,270,21165,10,757,227,"Knox County",470313,889.407692324048,0.217839805825243,390.378322521385,118.43176778018,591.733590183559,21.7839805825243
2020-12-10,23591,473,22206,415,1385,58,24493,538,213321,1910,237814,2448,8,194,325,2502,140,20895,9,747,225,"Knox County",470313,834.125359069386,0.212267554815432,520.504430028513,100.571321651751,531.986145396789,21.2267554815432
2020-12-09,23118,407,21791,337,1327,70,23955,359,211411,924,235366,1283,2,186,77,2177,328,20755,13,738,215,"Knox County",470313,800.743334757917,0.217055623793648,272.797052175891,86.5381139794137,462.883228828461,21.7055623793648
2020-12-08,22711,491,21454,446,1257,45,23596,538,210487,2077,234083,2615,9,184,126,2100,356,20427,10,725,212,"Knox County",470313,742.484260481849,0.213075206561727,556.0126979267,104.398560107843,446.511153210734,21.3075206561727
2020-12-07,22220,323,21008,271,1212,52,23058,317,208410,1135,231468,1452,3,175,-128,1974,448,20071,6,715,210,"Knox County",470313,710.803231039754,0.212503135189365,308.730568791422,68.6776678509843,419.72048401809,21.2503135189365
2020-12-06,21897,332,20737,291,1160,41,22741,187,207275,668,230016,855,6,172,103,2102,223,19623,6,709,207,"Knox County",470313,647.866420872908,0.215189873417722,181.79382666437,70.5912870790304,446.936401928078,21.5189873417722
2020-12-05,21565,289,20446,263,1119,26,22554,213,206607,714,229161,927,2,166,55,1999,232,19400,8,703,203,"Knox County",470313,610.657158105347,0.226086194814296,197.102780488738,61.4484396561439,425.036092984885,22.6086194814296
2020-12-04,21276,354,20183,322,1093,32,22341,297,205893,1091,228234,1388,5,164,17,1944,332,19168,11,695,201,"Knox County",470313,567.494413294976,0.223285922684172,295.122609836428,75.2690229698095,413.341753257937,22.3285922684172
2020-12-03,20922,441,19861,424,1061,17,22044,448,204802,1215,226846,1663,2,159,180,1927,259,18836,10,684,196,"Knox County",470313,560.690433817479,0.231660610821958,353.594308471167,93.7673421742542,409.727139160517,23.1660610821958
2020-12-02,20481,192,19437,170,1044,22,21596,185,203587,575,225183,760,2,157,-144,1747,334,18577,7,674,194,"Knox County",470313,514.976196703047,0.226190476190476,161.594512590551,40.8238768649814,371.454754599596,22.6190476190476
2020-12-01,20289,403,19267,380,1022,23,21411,409,203012,1832,224423,2241,5,155,89,1891,309,18243,7,667,189,"Knox County",470313,496.26525313993,0.221408572043937,476.491187783455,85.6876165447266,402.072662248333,22.1408572043937
2020-11-30,19886,385,18887,371,999,14,21002,436,201180,1815,222182,2251,1,150,24,1802,360,17934,3,660,186,"Knox County",470313,509.44796337758,0.215666831928607,478.617431370173,81.8603780886346,383.149094326544,21.5666831928607
2020-11-29,19501,226,18516,218,985,8,20566,261,199365,1465,219931,1726,0,149,41,1778,185,17574,5,657,183,"Knox County",470313,486.909781358372,0.205275648046732,366.989643067489,48.0531050598219,378.046109718422,20.5275648046732
2020-11-28,19275,271,18298,257,977,14,20305,299,197900,1967,218205,2266,0,149,72,1737,199,17389,8,652,177,"Knox County",470313,483.08254290228,0.189914599430663,481.806796750249,57.6212012000519,369.328511012879,18.9914599430663
2020-11-27,19004,235,18041,215,963,20,20006,249,195933,1247,215939,1496,3,149,-6,1665,238,17190,12,644,173,"Knox County",470313,457.780244220338,0.184390873175845,318.08604057298,49.9667242878679,354.019557188511,18.4390873175845
2020-11-26,18769,344,17826,341,943,3,19757,441,194686,1429,214443,1870,4,146,48,1671,292,16952,5,632,170,"Knox County",470313,437.155681429176,0.18080888183981,397.607550716225,73.1427793830917,355.295303340541,18.080888183981
2020-11-25,18425,219,17485,193,940,26,19316,123,193257,325,212573,448,0,142,-58,1623,277,16660,3,627,164,"Knox County",470313,442.896539113314,0.180354529191738,95.2557126849566,46.5647345491194,345.089334124296,18.0354529191738
2020-11-24,18206,153,17292,130,914,23,19193,116,192932,673,212125,789,2,142,-111,1681,262,16383,6,624,162,"Knox County",470313,389.740449445369,0.177484787018256,167.760618992033,32.5315268767821,357.421546927259,17.7484787018256
2020-11-23,18053,167,17162,147,891,20,19077,100,192259,391,211336,491,3,140,-97,1792,261,16121,7,618,160,"Knox County",470313,343.388339254922,0.174884437596302,104.398560107843,35.508267898187,381.022850739826,17.4884437596302
2020-11-22,17886,220,17015,212,871,8,18977,258,191868,1804,210845,2062,2,137,86,1889,132,15860,5,611,153,"Knox County",470313,342.112593102891,0.168329441732116,438.431427581207,46.7773589077912,401.647413530989,16.8329441732116
2020-11-21,17666,173,16803,169,863,4,18719,198,190064,1465,208783,1663,0,135,2,1803,171,15728,4,606,151,"Knox County",470313,321.275405953057,0.168386438371697,353.594308471167,36.7840140502176,383.361718685216,16.8386438371697
2020-11-20,17493,178,16634,169,859,9,18521,163,188599,791,207120,954,7,135,-17,1801,188,15557,5,602,149,"Knox County",470313,309.155817508765,0.169022592726833,202.843638172876,37.8471358435765,382.936469967872,16.9022592726833
2020-11-19,17315,166,16465,148,850,18,18358,128,187808,663,206166,791,2,128,-28,1818,192,15369,4,597,145,"Knox County",470313,271.308681665189,0.15087524312309,168.185867709377,35.2956435395152,386.551084065293,15.087524312309
2020-11-18,17149,168,16317,163,832,5,18230,179,187145,874,205375,1053,0,126,-9,1846,177,15177,7,593,140,"Knox County",470313,260.464839372928,0.146353966423171,223.893449681382,35.7208922568587,392.504566108102,14.6353966423171
2020-11-17,16981,248,16154,240,827,8,18051,260,186271,1033,204322,1293,9,126,86,1855,153,15000,7,586,138,"Knox County",470313,280.664153446747,0.154809197062718,274.923295762609,52.730840950601,394.418185336148,15.4809197062718
2020-11-16,16733,272,15914,261,819,11,17791,286,185238,1409,203029,1695,2,117,79,1769,191,14847,6,579,137,"Knox County",470313,302.989711107284,0.154768163179476,360.398287948664,57.8338255587237,376.132490490376,15.4768163179476
2020-11-15,16461,274,15653,247,808,27,17505,295,183829,2278,201334,2573,2,115,162,1690,110,14656,3,573,135,"Knox County",470313,314.47142647556,0.150568748752744,547.082474862485,58.2590742760672,359.335166155305,15.0568748752744
2020-11-14,16187,306,15406,293,781,13,17210,321,181551,1699,198761,2020,0,113,188,1528,118,14546,7,570,131,"Knox County",470313,342.750466178906,0.157240581944311,429.501204516992,65.0630537535641,324.890020050477,15.7240581944311
2020-11-13,15881,219,15113,200,768,19,16889,190,179852,965,196741,1155,4,113,73,1340,142,14428,6,563,128,"Knox County",470313,351.468064884449,0.156805293005671,245.581134265904,46.5647345491194,284.916640620183,15.6805293005671
2020-11-12,15662,143,14913,130,749,13,16699,136,178887,955,195586,1091,1,109,-3,1267,145,14286,3,557,127,"Knox County",470313,346.577704634998,0.153216911764706,231.97317531091,30.4052832900643,269.395062437143,15.3216911764706
2020-11-11,15519,191,14783,177,736,14,16563,191,177932,1229,194495,1420,3,108,23,1270,165,14141,7,554,125,"Knox County",470313,351.468064884449,0.149284253578732,301.926589313925,40.6112525063096,270.032935513158,14.9284253578732
2020-11-10,15328,168,14606,163,722,5,16372,186,176703,1131,193075,1317,2,105,24,1247,142,13976,4,547,123,"Knox County",470313,334.458116190707,0.142400851743412,280.026280370732,35.7208922568587,265.142575263707,14.2400851743412
2020-11-09,15160,135,14443,121,717,14,16186,131,175572,490,191758,621,1,103,-15,1223,149,13834,2,543,121,"Knox County",470313,305.328579052673,0.142198685888006,132.039726735174,28.7042884206901,260.039590655585,14.2198685888006
2020-11-08,15025,215,14322,203,703,12,16055,252,175082,2625,191137,2877,1,102,94,1238,120,13685,3,541,119,"Knox County",470313,292.783741891039,0.133987239310542,611.720279898706,45.7142371144323,263.228956035661,13.3987239310542
2020-11-07,14810,169,14119,161,691,8,15803,187,172457,1918,188260,2105,1,101,59,1144,109,13565,5,538,114,"Knox County",470313,263.654204753005,0.120253164556962,447.574275004093,35.9335166155305,243.242266320514,12.0253164556962
2020-11-06,14641,155,13958,138,683,17,15616,160,170539,1236,186155,1396,0,100,24,1085,131,13456,5,533,114,"Knox County",470313,250.046245798011,0.114805578645978,296.823604705802,32.9567755941256,230.697429158879,11.4805578645978
2020-11-05,14486,158,13820,142,666,16,15456,151,169303,613,184759,764,1,100,34,1061,123,13325,6,528,111,"Knox County",470313,253.235611178088,0.119809523809524,162.445010025239,33.5946486701409,225.594444550757,11.9809523809524
2020-11-04,14328,145,13678,133,650,12,15305,148,168690,934,183995,1082,-1,99,20,1027,126,13202,5,522,110,"Knox County",470313,243.454890679186,0.119563078134226,230.059556082864,30.8305320074078,218.365216355916,11.9563078134226
2020-11-03,14183,196,13545,183,638,13,15157,195,167756,836,182913,1031,3,100,44,1007,149,13076,5,517,108,"Knox County",470313,249.408372721996,0.123936816524909,219.215713790603,41.6743742996685,214.112729182481,12.3936816524909
2020-11-02,13987,116,13362,110,625,6,14962,115,166920,807,181882,922,1,97,-36,963,151,12927,2,512,107,"Knox County",470313,245.368509907232,0.118699027218237,196.039658695379,24.6644256059263,204.757257400922,11.8699027218237
2020-11-01,13871,124,13252,116,619,8,14847,131,166113,1273,180960,1404,0,96,15,999,109,12776,3,510,105,"Knox County",470313,226.0196932681,0.124885110294118,298.524599575177,26.3654204753005,212.411734313106,12.4885110294118
2020-10-31,13747,5,13136,5,611,0,14716,7,164840,4,179556,11,0,96,-99,984,104,12667,0,507,103,"Knox County",470313,191.149298445929,0.137216338880484,2.33886794538956,1.06312179335889,209.22236893303,13.7216338880484
2020-10-30,13742,156,13131,146,611,10,14709,148,164836,853,179545,1001,1,96,27,1083,128,12563,4,507,102,"Knox County",470313,191.3619228046,0.144006436041834,212.83698303045,33.1693999527974,230.272180441536,14.4006436041834
2020-10-29,13586,152,12985,138,601,14,14561,136,163983,1569,178544,1705,0,95,49,1056,103,12435,4,503,102,"Knox County",470313,190.08617665257,0.122973728339855,362.524531535382,32.3189025181103,224.531322757398,12.2973728339855
2020-10-28,13434,103,12847,96,587,7,14425,102,162414,1055,176839,1157,3,95,-47,1007,147,12332,8,499,101,"Knox County",470313,181.155953588355,0.115336744571982,246.006382983247,21.9003089431931,214.112729182481,11.5336744571982
2020-10-27,13331,119,12751,113,580,6,14323,127,161359,799,175682,926,1,92,-6,1054,124,12185,3,491,100,"Knox County",470313,164.783877970628,0.107493685096829,196.890156130067,25.3022986819416,224.106074040054,10.7493685096829
2020-10-26,13212,81,12638,74,574,7,14196,73,160560,372,174756,445,2,91,-72,1060,151,12061,2,488,98,"Knox County",470313,157.342025417116,0.108888554669875,94.6178396089413,17.222573052414,225.381820192085,10.8888554669875
2020-10-25,13131,132,12564,121,567,11,14123,151,160188,1365,174311,1516,0,89,53,1132,79,11910,3,486,98,"Knox County",470313,159.04302028649,0.110042893063156,322.338527746416,28.0664153446747,240.690774016453,11.0042893063156
2020-10-24,12999,172,12443,167,556,5,13972,202,158823,1789,172795,1991,0,89,56,1079,116,11831,5,483,97,"Knox County",470313,194.551288184677,0.107424779773481,423.33509811551,36.5713896915458,229.421683006849,10.7424779773481
2020-10-23,12827,159,12276,148,551,11,13770,172,157034,1239,170804,1411,1,89,40,1023,118,11715,5,478,96,"Knox County",470313,195.189161260692,0.105234400611955,300.012970085879,33.8072730288127,217.514718921229,10.5234400611955
2020-10-22,12668,182,12128,168,540,14,13598,169,155795,1607,169393,1776,1,88,59,983,122,11597,5,473,96,"Knox County",470313,201.567892020846,0.108002602472349,377.620861001078,38.6976332782636,209.009744574358,10.8002602472349
2020-10-21,12486,72,11960,68,526,4,13429,74,154188,682,167617,756,0,87,-32,924,104,11475,1,468,96,"Knox County",470313,194.976536902021,0.109738124929146,160.744015155864,15.308953824368,196.464907412723,10.9738124929146
2020-10-20,12414,127,11892,121,522,6,13355,150,153506,739,166861,889,0,87,13,956,114,11371,7,467,95,"Knox County",470313,196.677531771395,0.112818761384335,189.023054859211,27.0032935513158,203.26888689022,11.2818761384335
2020-10-19,12287,112,11771,107,516,5,13205,117,152767,939,165972,1056,1,87,-9,943,120,11257,6,460,94,"Knox County",470313,203.26888689022,0.110164981373071,224.531322757398,23.8139281712392,200.504770227487,11.0164981373071
2020-10-18,12175,140,11664,135,511,5,13088,168,151828,1431,164916,1599,0,86,51,952,89,11137,7,454,94,"Knox County",470313,204.969881759594,0.11099388056552,339.986349516173,29.7674102140489,202.418389455533,11.099388056552
2020-10-17,12035,128,11529,125,506,3,12920,154,150397,1458,163317,1612,1,86,42,901,85,11048,3,447,93,"Knox County",470313,195.614409978036,0.110341795801736,342.750466178906,27.2159179099876,191.574547163272,11.0341795801736
2020-10-16,11907,72,11404,71,503,1,12766,61,148939,390,161705,451,1,85,-26,859,97,10963,3,444,92,"Knox County",470313,177.116090773591,0.109718638653397,95.893585760972,15.308953824368,182.644324099057,10.9718638653397
2020-10-15,11835,74,11333,62,502,12,12705,66,148549,941,161254,1007,1,84,-56,885,129,10866,3,441,90,"Knox County",470313,154.152660037039,0.10719131614654,214.112729182481,15.7342025417116,188.172557424524,10.719131614654
2020-10-14,11761,149,11271,143,490,6,12639,150,147608,1086,160247,1236,0,83,58,941,91,10737,5,438,88,"Knox County",470313,170.524735654766,0.11031847133758,262.803707318318,31.6810294420949,200.079521510143,11.031847133758
2020-10-13,11612,71,11128,68,484,3,12489,63,146522,581,159011,644,1,83,-36,883,106,10646,6,433,88,"Knox County",470313,158.617771569146,0.102432610124918,136.930086984625,15.0963294656962,187.74730870718,10.2432610124918
2020-10-12,11541,79,11060,66,481,13,12426,87,145941,806,158367,893,0,82,-42,919,121,10540,5,427,87,"Knox County",470313,151.601167732978,0.100644987906477,189.873552293898,16.7973243350705,195.401785619364,10.0644987906477
2020-10-11,11462,170,10994,163,468,7,12339,179,145135,1612,157474,1791,0,82,94,961,76,10419,8,422,85,"Knox County",470313,157.979898493131,0.0995546240503013,380.810226381155,36.1461409742023,204.332008683579,9.95546240503013
2020-10-10,11292,130,10831,122,461,8,12160,132,143523,1393,155683,1525,0,82,46,867,84,10343,3,414,85,"Knox County",470313,158.405147210475,0.0977872002120048,324.252146974462,27.6411666273312,184.345318968432,9.77872002120048
2020-10-09,11162,120,10709,118,453,2,12028,134,142130,1336,154158,1470,0,82,34,821,86,10259,3,411,85,"Knox County",470313,168.61111642672,0.0946766285314032,312.557807247514,25.5149230406134,174.56459846953,9.46766285314032
2020-10-08,11042,110,10591,102,451,8,11894,103,140794,943,152688,1046,1,82,32,787,77,10173,4,408,85,"Knox County",470313,176.265593338904,0.0985473561882626,222.40507917068,23.3886794538956,167.335370274689,9.85473561882626
2020-10-07,10932,104,10489,88,443,16,11791,95,139851,1650,151642,1745,0,81,11,755,93,10096,5,404,85,"Knox County",470313,166.697497198674,0.087008997147246,371.029505882253,22.1129333018649,160.531390797193,8.7008997147246
2020-10-06,10828,115,10401,102,427,13,11696,114,138201,1393,149897,1507,0,81,3,744,112,10003,4,399,84,"Knox County",470313,176.052968980232,0.0845945675052621,320.42490851837,24.4518012472545,158.192522851803,8.45945675052621
2020-10-05,10713,118,10299,109,414,9,11582,123,136808,1238,148390,1361,0,81,11,741,107,9891,5,395,84,"Knox County",470313,184.345318968432,0.0842508377213978,289.38175215229,25.0896743232698,157.554649775788,8.42508377213978
2020-10-04,10595,96,10190,89,405,7,11459,99,135570,1827,147029,1926,1,81,31,730,64,9784,2,390,82,"Knox County",470313,168.61111642672,0.0756143667296786,409.514514801845,20.4119384324907,155.215781830398,7.56143667296786
2020-10-03,10499,77,10101,76,398,1,11360,92,133743,1864,145103,1956,0,80,6,699,71,9720,2,388,82,"Knox County",470313,157.342025417116,0.0690218872037054,415.893245561998,16.3720756177269,148.624426711573,6.90218872037054
2020-10-02,10422,82,10025,79,397,3,11268,82,131879,602,143147,684,0,80,-17,693,99,9649,1,386,82,"Knox County",470313,149.262299787588,0.0692420537897311,145.435061331496,17.4351974110858,147.348680559542,6.92420537897311
2020-10-01,10340,71,9946,68,394,3,11186,73,131277,683,142463,756,0,80,2,710,69,9550,1,385,82,"Knox County",470313,140.969949799389,0.0682435832913941,160.744015155864,15.0963294656962,150.963294656962,6.82435832913941
2020-09-30,10269,75,9878,72,391,3,11113,70,130594,675,141707,745,1,80,-32,708,106,9481,2,384,82,"Knox County",470313,134.803843397907,0.0730833799664242,158.405147210475,15.9468269003834,150.538045939619,7.30833799664242
2020-09-29,10194,80,9806,75,388,5,11043,87,129919,1140,140962,1227,-1,79,-16,740,97,9375,2,382,82,"Knox County",470313,127.361990844395,0.0723281340265742,260.890088090272,17.0099486937423,157.342025417116,7.23281340265742
2020-09-28,10114,57,9731,51,383,6,10956,49,128779,431,139735,480,1,80,-70,756,126,9278,3,380,81,"Knox County",470313,114.391904965417,0.0710059171597633,102.059692162454,12.1195884442914,160.744015155864,7.10059171597633
2020-09-27,10057,72,9680,67,377,5,10907,79,128348,978,139255,1057,0,79,-18,826,90,9152,3,377,79,"Knox County",470313,109.288920357294,0.0770456191165822,224.74394711607,15.308953824368,175.627720262889,7.70456191165822
2020-09-26,9985,127,9613,122,372,5,10828,136,127370,2087,138198,2223,4,79,9,844,114,9062,5,374,79,"Knox County",470313,119.920138290883,0.0803123257110987,472.663949327363,27.0032935513158,179.454958718981,8.03123257110987
2020-09-25,9858,102,9491,100,367,2,10692,103,125283,1439,135975,1542,0,75,-3,835,105,8948,1,369,79,"Knox County",470313,124.172625464318,0.074346201743462,327.866761071882,21.6876845845214,177.541339490935,7.4346201743462
2020-09-24,9756,92,9391,89,365,3,10589,105,123844,1717,134433,1822,0,75,-52,838,144,8843,3,368,76,"Knox County",470313,128.637736996426,0.0691512752858399,387.40158149998,19.5614409978036,178.17921256695,6.91512752858399
2020-09-23,9664,53,9302,52,362,1,10484,49,122127,432,132611,481,2,75,-123,890,174,8699,2,365,76,"Knox County",470313,123.960001105647,0.0688405797101449,102.272316521125,11.2690910096042,189.235679217883,6.88405797101449
2020-09-22,9611,82,9250,75,361,7,10435,88,121695,1140,132130,1228,1,73,-53,1013,134,8525,3,363,76,"Knox County",470313,124.38524982299,0.0689459979621873,261.102712448944,17.4351974110858,215.388475334511,6.89459979621873
2020-09-21,9529,34,9175,30,354,4,10347,32,120555,379,130902,411,0,72,-103,1066,137,8391,2,360,76,"Knox County",470313,119.494889573539,0.0675490643541762,87.3886114141008,7.22922819484046,226.657566344116,6.75490643541762
2020-09-20,9495,97,9145,78,350,19,10315,88,120176,707,130491,795,0,72,-17,1169,114,8254,1,358,76,"Knox County",470313,124.810498540334,0.0706892495883322,169.036365144064,20.6245627911625,248.557875287309,7.06892495883322
2020-09-19,9398,132,9067,129,331,3,10227,136,119469,1466,129696,1602,1,72,31,1186,100,8140,5,357,74,"Knox County",470313,125.873620333693,0.0762593579494988,340.624222592189,28.0664153446747,252.172489384729,7.62593579494988
2020-09-18,9266,118,8938,114,328,4,10091,129,118003,1606,128094,1735,3,71,-16,1155,131,8040,3,352,74,"Knox County",470313,129.275610072441,0.0776566757493188,368.903262295535,25.0896743232698,245.581134265904,7.76566757493188
2020-09-17,9148,126,8824,119,324,7,9962,124,116397,1516,126359,1640,0,68,-15,1171,141,7909,6,349,74,"Knox County",470313,136.504838267282,0.0818550430816016,348.703948221716,26.790669192644,248.983124004652,8.18550430816016
2020-09-16,9022,99,8705,77,317,22,9838,117,114881,768,124719,885,1,68,-90,1186,188,7768,3,343,72,"Knox County",470313,146.285558766183,0.0860655737704918,188.172557424524,21.049811508506,252.172489384729,8.60655737704918
2020-09-15,8923,132,8628,126,295,6,9721,136,114113,1338,123834,1474,0,67,-65,1276,197,7580,3,340,71,"Knox County",470313,156.916776699772,0.089206274877078,313.408304682201,28.0664153446747,271.308681665189,8.9206274877078
2020-09-14,8791,127,8502,124,289,3,9585,136,112775,902,122360,1038,0,67,-68,1341,195,7383,5,337,71,"Knox County",470313,176.690842056248,0.0944486857890719,220.704084301306,27.0032935513158,285.129264978855,9.44486857890719
2020-09-13,8664,143,8378,136,286,7,9449,148,111873,1008,121322,1156,0,67,-8,1409,151,7188,0,332,71,"Knox County",470313,186.471562555149,0.0971668415529906,245.793758624576,30.4052832900643,299.587721368535,9.71668415529906
2020-09-12,8521,130,8242,123,279,7,9301,141,110865,1177,120166,1318,1,67,29,1417,100,7037,1,332,71,"Knox County",470313,186.046313837806,0.100692191217824,280.238904729404,27.6411666273312,301.28871623791,10.0692191217824
2020-09-11,8391,104,8119,95,272,9,9160,106,109688,773,118848,879,0,66,-17,1388,121,6937,5,331,69,"Knox County",470313,183.069572816401,0.108224076281287,186.896811272493,22.1129333018649,295.122609836428,10.8224076281287
2020-09-10,8287,192,8024,189,263,3,9054,192,108915,1501,117969,1693,0,66,89,1405,103,6816,5,326,67,"Knox County",470313,197.102780488738,0.115598720833827,359.97303923132,40.8238768649814,298.737223933848,11.5598720833827
2020-09-09,8095,91,7835,82,260,9,8862,93,107414,1710,116276,1803,0,66,-23,1316,114,6713,2,321,67,"Knox County",470313,195.401785619364,0.101698536481145,383.361718685216,19.3488166391318,279.81365601206,10.1698536481145
2020-09-08,8004,126,7753,124,251,2,8769,133,105704,702,114473,835,1,66,30,1339,95,6599,8,319,67,"Knox County",470313,194.126039467333,0.108805319880761,177.541339490935,26.790669192644,284.704016261511,10.8805319880761
2020-09-07,7878,95,7629,92,249,3,8636,98,105002,347,113638,445,1,65,11,1309,83,6504,0,311,67,"Knox County",470313,187.322059989837,0.112067905031369,94.6178396089413,20.1993140738189,278.325285501358,11.2067905031369
2020-09-06,7783,96,7537,92,246,4,8538,94,104655,476,113193,570,0,64,23,1298,73,6421,1,311,67,"Knox County",470313,177.328715132263,0.113615272438022,121.195884442914,20.4119384324907,275.986417555968,11.3615272438022
2020-09-05,7687,284,7445,282,242,2,8444,295,104179,1506,112623,1801,0,64,215,1275,69,6348,4,310,64,"Knox County",470313,210.072866367717,0.125965611761774,382.936469967872,60.385317862785,271.096057306517,12.5965611761774
2020-09-04,7403,93,7163,89,240,4,8149,97,102673,565,110822,662,1,64,16,1060,76,6279,0,306,64,"Knox County",470313,207.733998422327,0.12831348444103,140.757325440717,19.7740653564754,225.381820192085,12.831348444103
2020-09-03,7310,190,7074,184,236,6,8052,198,102108,1798,110160,1996,2,63,107,1044,81,6203,6,306,64,"Knox County",470313,207.308749704984,0.124260355029586,424.398219908869,40.3986281476379,221.979830453336,12.4260355029586
2020-09-02,7120,124,6890,120,230,4,7854,121,100310,1461,108164,1582,2,61,41,937,81,6122,5,300,63,"Knox County",470313,214.325353541152,0.131288810036751,336.371735418753,26.3654204753005,199.229024075456,13.1288810036751
2020-09-01,6996,153,6770,146,226,7,7733,158,98849,660,106582,818,2,59,64,896,87,6041,4,295,62,"Knox County",470313,220.06621122529,0.134747269494539,173.926725393515,32.5315268767821,190.511425369913,13.4747269494539
2020-08-31,6843,99,6624,93,219,6,7575,94,98189,431,105764,525,0,57,18,832,81,5954,3,291,59,"Knox County",470313,220.916708659978,0.132889112396279,111.627788302684,21.049811508506,176.903466414919,13.2889112396279
2020-08-30,6744,72,6531,71,213,1,7481,76,97758,423,105239,499,1,57,5,814,66,5873,1,288,59,"Knox County",470313,215.813724051855,0.131802613218318,106.099554977217,15.308953824368,173.076227958827,13.1802613218318
2020-08-29,6672,118,6460,113,212,5,7405,125,97335,1391,104740,1516,5,56,37,809,76,5807,3,287,57,"Knox County",470313,180.51808051234,0.114372203211371,322.338527746416,25.0896743232698,172.013106165469,11.4372203211371
2020-08-28,6554,89,6347,85,207,4,7280,91,95944,309,103224,400,0,51,-7,772,96,5731,3,284,57,"Knox County",470313,179.667583077653,0.117639040348964,85.0497434687113,18.9235679217883,164.146004894613,11.7639040348964
2020-08-27,6465,116,6262,112,203,4,7189,134,95635,1987,102824,2121,0,51,24,779,92,5635,2,281,57,"Knox County",470313,163.933380535941,0.107090202385739,450.976264742841,24.6644256059263,165.634375405315,10.7090202385739
2020-08-26,6349,77,6150,76,199,1,7055,86,93648,794,100703,880,0,51,-15,755,92,5543,3,279,56,"Knox County",470313,153.940035678367,0.113034472555112,187.109435631165,16.3720756177269,160.531390797193,11.3034472555112
2020-08-25,6272,87,6074,82,198,5,6969,96,92854,896,99823,992,2,51,-6,770,91,5451,3,276,55,"Knox County",470313,139.90682800603,0.101254868022501,210.923363802404,18.4983192044447,163.720756177269,10.1254868022501
2020-08-24,6185,32,5992,28,193,4,6873,29,91958,261,98831,290,0,49,-66,776,98,5360,1,273,55,"Knox County",470313,125.660995975021,0.0951030158256196,61.6610640148157,6.8039794774969,164.9965023293,9.51030158256196
2020-08-23,6153,76,5964,75,189,1,6844,74,91697,566,98541,640,0,49,13,842,63,5262,3,272,55,"Knox County",470313,126.511493409708,0.0928498318467612,136.079589549938,16.1594512590551,179.029710001637,9.28498318467612
2020-08-22,6077,136,5889,135,188,1,6770,153,91131,1892,97901,2045,0,49,69,829,67,5199,4,269,55,"Knox County",470313,130.3387318658,0.0899837133550489,434.816813483786,28.9169127793618,176.265593338904,8.99837133550489
2020-08-21,5941,30,5754,30,187,0,6617,41,89239,262,95856,303,1,49,-62,760,91,5132,1,265,55,"Knox County",470313,117.793894704165,0.0843075230367212,64.4251806775488,6.37873076015334,161.594512590551,8.43075230367212
2020-08-20,5911,119,5724,117,187,2,6576,130,88977,2068,95553,2198,3,48,24,822,92,5041,3,264,55,"Knox County",470313,118.43176778018,0.0828796951551443,467.348340360568,25.3022986819416,174.777222828202,8.28796951551443
2020-08-19,5792,46,5607,41,185,5,6446,48,86909,608,93355,656,2,45,-50,798,94,4949,4,261,55,"Knox County",470313,111.840412661355,0.0801516002245929,139.481579288686,9.7807204989018,169.674238220079,8.01516002245929
2020-08-18,5746,134,5566,132,180,2,6398,152,86301,1164,92699,1316,0,43,3,848,131,4855,4,257,55,"Knox County",470313,121.833757518929,0.0841836734693878,279.81365601206,28.4916640620183,180.305456153668,8.41836734693877
2020-08-17,5612,50,5434,42,178,8,6246,50,85137,289,91383,339,1,43,-70,845,119,4724,0,253,54,"Knox County",470313,125.660995975021,0.0864345738295318,72.0796575897328,10.6312179335889,179.667583077653,8.64345738295318
2020-08-16,5562,83,5392,78,170,5,6196,82,84848,587,91044,669,0,42,11,915,72,4605,1,253,53,"Knox County",470313,127.149366485723,0.0871644964124369,142.24569595142,17.6478217697576,194.551288184677,8.71644964124369
2020-08-15,5479,119,5314,116,165,3,6114,132,84261,1223,90375,1355,1,42,42,904,76,4533,2,252,52,"Knox County",470313,123.534752388303,0.0928905792861322,288.106006000259,25.3022986819416,192.212420239287,9.28905792861323
2020-08-14,5360,91,5198,83,162,8,5982,96,83038,1024,89020,1120,0,41,5,862,86,4457,2,250,52,"Knox County",470313,136.504838267282,0.0901607212857703,238.139281712392,19.3488166391318,183.282197175073,9.01607212857703
2020-08-13,5269,127,5115,126,154,1,5886,229,82014,1778,87900,2007,1,41,13,857,113,4371,4,248,51,"Knox County",470313,138.205833136656,0.105735727686947,426.737087854259,27.0032935513158,182.219075381714,10.5735727686947
2020-08-12,5142,79,4989,72,153,7,5657,88,80236,892,85893,980,0,40,-40,844,119,4258,1,244,50,"Knox County",470313,145.222436972824,0.106473156948369,208.371871498343,16.7973243350705,179.454958718981,10.6473156948369
2020-08-11,5063,111,4917,108,146,3,5569,117,79344,1121,84913,1238,0,40,2,884,109,4139,5,243,50,"Knox County",470313,140.332076723374,0.103009859885833,263.228956035661,23.6013038125674,187.959933065852,10.3009859885833
2020-08-10,4952,37,4809,35,143,2,5452,35,78223,365,83675,400,1,40,-94,882,130,4030,0,238,48,"Knox County",470313,137.56796006064,0.100270305058566,85.0497434687113,7.86710127085579,187.534684348508,10.0270305058566
2020-08-09,4915,85,4774,81,141,4,5417,109,77858,826,83275,935,1,39,25,976,59,3900,4,238,48,"Knox County",470313,137.993208777984,0.10031113876789,198.803775358113,18.0730704871011,207.521374063655,10.031113876789
2020-08-08,4830,157,4693,156,137,1,5308,176,77032,2284,82340,2460,1,38,96,951,60,3841,4,234,47,"Knox County",470313,146.072934407512,0.0929978118161926,523.055922332574,33.3820243114692,202.205765096861,9.29978118161926
2020-08-07,4673,50,4537,46,136,4,5132,44,74748,403,79880,447,0,37,-34,855,84,3781,0,230,45,"Knox County",470313,137.355335701969,0.0942482579426007,95.0430883262848,10.6312179335889,181.79382666437,9.42482579426007
2020-08-06,4623,113,4491,105,132,8,5088,121,74345,1463,79433,1584,-1,37,41,889,73,3697,5,230,43,"Knox County",470313,134.378594680564,0.0857782197911487,336.796984136097,24.0265525299109,189.023054859211,8.57782197911487
2020-08-05,4510,99,4386,99,124,0,4967,100,72882,1107,77849,1207,1,38,-1,848,99,3624,3,225,42,"Knox County",470313,138.631081853999,0.0848748639825898,256.637600916836,21.049811508506,180.305456153668,8.48748639825898
2020-08-04,4411,112,4287,111,124,1,4867,106,71775,1082,76642,1188,1,37,-31,849,142,3525,9,222,41,"Knox County",470313,138.843706212671,0.0840530349105948,252.597738102072,23.8139281712392,180.51808051234,8.40530349105948
2020-08-03,4299,50,4176,50,123,0,4761,81,70693,593,75454,674,2,36,-59,880,107,3383,1,213,41,"Knox County",470313,141.607822875404,0.0867569158328429,143.308817744778,10.6312179335889,187.109435631165,8.67569158328429
2020-08-02,4249,97,4126,91,123,6,4680,95,70100,692,74780,787,3,34,28,939,66,3276,2,212,40,"Knox County",470313,144.159315179466,0.0866179465676291,167.335370274689,20.6245627911625,199.6542727928,8.66179465676291
2020-08-01,4152,118,4035,110,117,8,4585,118,69408,1417,73993,1535,1,31,29,911,88,3210,1,210,40,"Knox County",470313,135.866965191266,0.0895984909727836,326.37839056118,25.0896743232698,193.70079074999,8.95984909727836
2020-07-31,4034,117,3925,114,109,3,4467,116,67991,1060,72458,1176,2,30,9,882,106,3122,1,209,39,"Knox County",470313,150.112797222275,0.0904183535762483,250.046245798011,24.877049964598,187.534684348508,9.04183535762483
2020-07-30,3917,189,3811,186,106,3,4351,227,66931,2420,71282,2647,1,28,78,873,110,3016,7,208,36,"Knox County",470313,166.272248481331,0.0914912090297374,562.816677404197,40.1860037889661,185.621065120462,9.14912090297373
2020-07-29,3728,75,3625,71,103,4,4124,60,64511,438,68635,498,0,27,-40,795,115,2906,3,201,34,"Knox County",470313,161.169263873208,0.0944150499706055,105.886930618546,15.9468269003834,169.036365144064,9.44150499706055
2020-07-28,3653,154,3554,152,99,2,4064,186,64073,1211,68137,1397,1,27,46,835,107,2791,3,198,30,"Knox County",470313,170.099486937423,0.101331191186596,297.036229064474,32.7441512354538,177.541339490935,10.1331191186596
2020-07-27,3499,83,3402,76,97,7,3878,85,62862,677,66740,762,3,26,-36,789,116,2684,2,195,30,"Knox County",470313,177.116090773591,0.100772551692797,162.019761307895,17.6478217697576,167.760618992033,10.0772551692797
2020-07-26,3416,118,3326,113,90,5,3793,132,62185,1473,65978,1605,0,23,49,825,69,2568,2,193,29,"Knox County",470313,181.581202305699,0.0960498960498961,341.262095668204,25.0896743232698,175.415095904217,9.6049896049896
2020-07-25,3298,175,3213,172,85,3,3661,197,60712,1949,64373,2146,2,23,95,776,78,2499,3,191,28,"Knox County",470313,193.70079074999,0.0980353826605415,456.291873709636,37.2092627675612,164.9965023293,9.80353826605415
2020-07-24,3123,106,3041,99,82,7,3464,113,58763,916,62227,1029,0,21,-15,681,121,2421,4,188,25,"Knox County",470313,191.3619228046,0.0991669972233241,218.79046507326,22.5381820192085,144.797188255481,9.91669972233241
2020-07-23,3017,205,2942,197,75,8,3351,254,57847,2389,61198,2643,0,21,89,696,116,2300,4,184,25,"Knox County",470313,194.763912543349,0.101884920634921,561.96617996951,43.5879935277145,147.986553635558,10.1884920634921
2020-07-22,2812,69,2745,61,67,8,3097,63,55458,437,58555,500,3,21,-68,607,134,2184,3,180,24,"Knox County",470313,193.488166391318,0.102162269390994,106.312179335889,14.6710807483527,129.062985713769,10.2162269390994
2020-07-21,2743,232,2684,228,59,4,3034,280,55021,1691,58055,1971,0,18,120,675,112,2050,12,177,24,"Knox County",470313,210.072866367717,0.10548048048048,419.082610942075,49.3288512118525,143.52144210345,10.548048048048
2020-07-20,2511,74,2456,70,55,4,2754,57,53330,364,56084,421,0,18,-59,555,133,1938,4,165,23,"Knox County",470313,208.159247139671,0.106253029568589,89.5148550008186,15.7342025417116,118.006519062837,10.6253029568589
2020-07-19,2437,84,2386,74,51,10,2697,74,52966,577,55663,651,0,18,-16,614,100,1805,0,161,22,"Knox County",470313,200.93001894483,0.110885589146459,138.418457495328,17.8604461284294,130.551356224472,11.0885589146459
2020-07-18,2353,112,2312,109,41,3,2623,146,52389,2258,55012,2404,1,18,36,630,75,1705,8,161,20,"Knox County",470313,187.534684348508,0.102609418858509,511.148958246955,23.8139281712392,133.95334596322,10.2609418858509
2020-07-17,2241,74,2203,74,38,0,2477,80,50131,347,52608,427,0,17,3,594,71,1630,6,153,19,"Knox County",470313,180.730704871011,0.105800155262282,90.7906011528493,15.7342025417116,126.298869051036,10.5800155262282
2020-07-16,2167,187,2129,185,38,2,2397,228,49784,2035,52181,2263,2,17,97,591,88,1559,3,147,17,"Knox County",470313,176.903466414919,0.107444714599977,481.168923674234,39.7607550716225,125.660995975021,10.7444714599977
2020-07-15,1980,78,1944,78,36,0,2169,80,47749,511,49918,591,3,15,-14,494,89,1471,4,144,17,"Knox County",470313,178.817085642965,0.10827222731439,125.660995975021,16.5846999763987,105.036433183858,10.827222731439
2020-07-14,1902,95,1866,95,36,0,2089,127,47238,777,49327,904,2,12,12,508,81,1382,1,140,16,"Knox County",470313,149.687548504932,0.103380759691946,192.212420239287,20.1993140738189,108.013174205263,10.3380759691946
2020-07-13,1807,94,1771,92,36,2,1962,59,46461,655,48423,714,1,10,20,496,73,1301,2,139,15,"Knox County",470313,153.940035678367,0.099823987930601,151.81379209165,19.9866897151471,105.461681901202,9.9823987930601
2020-07-12,1713,69,1679,67,34,2,1903,87,45806,916,47709,1003,0,9,27,476,42,1228,4,137,12,"Knox County",470313,150.750670298291,0.097158680471948,213.262231747793,14.6710807483527,101.209194727766,9.7158680471948
2020-07-11,1644,28,1612,27,32,1,1816,36,44890,883,46706,919,0,9,-16,449,44,1186,2,133,11,"Knox County",470313,132.890224169861,0.10218443043542,195.401785619364,5.95348204280979,95.4683370436284,10.218443043542
2020-07-10,1616,78,1585,74,31,4,1780,68,44007,418,45787,486,0,9,29,465,49,1142,6,131,10,"Knox County",470313,133.740721604548,0.0995639534883721,103.335438314484,16.5846999763987,98.8703267823768,9.95639534883721
2020-07-09,1538,70,1511,66,27,4,1712,88,43589,1652,45301,1740,0,9,23,436,47,1093,8,125,10,"Knox County",470313,108.86367163995,0.0857322636463741,369.966384088894,14.8837051070245,92.7042203808953,8.57322636463741
2020-07-08,1468,70,1445,65,23,5,1624,63,41937,594,43561,657,1,9,15,413,54,1046,5,117,10,"Knox County",470313,107.162676770576,0.0822045773003269,139.694203647358,14.8837051070245,87.8138601314444,8.2204577300327
2020-07-07,1398,79,1380,79,18,0,1561,104,41343,1305,42904,1409,0,8,38,398,41,992,7,112,10,"Knox County",470313,103.760687031828,0.0728926096997691,299.587721368535,16.7973243350705,84.6244947513677,7.28926096997691
2020-07-06,1319,35,1301,35,18,0,1457,34,40038,658,41495,692,1,8,-19,360,53,951,6,105,9,"Knox County",470313,91.2158498701928,0.0695047784535187,147.13605620087,7.44185255351224,76.5447691218401,6.95047784535187
2020-07-05,1284,77,1266,77,18,0,1423,109,39380,1080,40803,1189,2,7,34,379,41,898,6,99,9,"Knox County",470313,92.9168447395671,0.0707839819514946,252.810362460744,16.3720756177269,80.5846319366039,7.07839819514946
2020-07-04,1207,41,1189,40,18,1,1314,50,38300,1141,39614,1191,0,5,4,345,37,857,1,93,8,"Knox County",470313,95.6809614023002,0.0700706137968495,253.235611178088,8.7175987055429,73.3554037417635,7.00706137968495
2020-07-03,1166,62,1149,61,17,1,1264,49,37159,910,38423,959,0,5,27,341,35,820,4,92,6,"Knox County",470313,92.2789716635517,0.0634171238994513,203.906759966235,13.1827102376502,72.5049063070764,6.34171238994513
2020-07-02,1104,68,1088,68,16,0,1215,102,36249,1228,37464,1330,0,5,33,314,35,785,2,88,6,"Knox County",470313,91.8537229462082,0.0688030160226202,282.790397033465,14.4584563896809,66.7640486229383,6.88030160226202
2020-07-01,1036,49,1020,49,16,0,1113,34,35021,737,36134,771,0,5,25,281,24,750,4,86,6,"Knox County",470313,87.3886114141008,0.0639172523537992,163.933380535941,10.4185935749171,59.7474447867697,6.39172523537992
2020-06-30,987,40,971,39,16,1,1079,73,34284,1514,35363,1587,0,5,18,256,22,726,3,82,5,"Knox County",470313,79.0962614259015,0.0584272574167638,337.434857212112,8.50497434687113,54.4318358199752,5.84272574167638
2020-06-29,947,51,932,51,15,0,1006,79,32770,1333,33776,1412,0,5,20,238,31,704,3,79,5,"Knox County",470313,82.4982511646499,0.0587747363431686,300.225594444551,10.8438422922607,50.6045973638832,5.87747363431686
2020-06-28,896,10,881,10,15,0,927,30,31437,684,32364,714,0,5,-5,218,15,673,1,76,5,"Knox County",470313,68.2524191336408,0.0523606228026118,151.81379209165,2.12624358671778,46.3521101904476,5.23606228026117
2020-06-27,886,29,871,29,15,0,897,16,30753,111,31650,127,0,5,18,223,11,658,3,75,5,"Knox County",470313,65.7009268295794,0.0555072463768116,27.0032935513158,6.16610640148157,47.4152319838065,5.55072463768116
2020-06-26,857,37,842,37,15,0,881,14,30642,319,31523,333,0,5,17,205,20,647,8,72,5,"Knox County",470313,60.385317862785,0.0554670066942939,70.8039114377021,7.86710127085579,43.5879935277145,5.54670066942939
2020-06-25,820,32,805,32,15,0,867,52,30323,702,31190,754,0,5,13,188,19,627,1,64,5,"Knox County",470313,52.730840950601,0.0522990522990523,160.318766438521,6.8039794774969,39.9733794302943,5.22990522990523
2020-06-24,788,35,773,34,15,1,815,32,29621,272,30436,304,0,5,22,175,13,608,1,63,5,"Knox County",470313,49.7540999291961,0.0565857388644619,64.6378050362206,7.44185255351224,37.2092627675612,5.65857388644619
2020-06-23,753,27,739,24,14,3,783,25,29349,216,30132,241,0,5,18,153,9,595,4,62,5,"Knox County",470313,46.989983266463,0.0638352638352638,51.2424704398985,5.74085768413801,32.5315268767821,6.38352638352638
2020-06-22,726,36,715,36,11,0,758,31,29133,572,29891,603,0,5,20,135,16,586,0,58,5,"Knox County",470313,43.8006178863863,0.0650195058517555,128.212488279082,7.65447691218401,28.7042884206901,6.50195058517555
2020-06-21,690,31,679,31,11,0,727,37,28561,815,29288,852,0,5,16,115,15,570,1,58,5,"Knox County",470313,48.2657294184936,0.0644057249533292,181.155953588355,6.59135511882512,24.4518012472545,6.44057249533292
2020-06-20,659,17,648,17,11,0,690,9,27746,437,28436,446,0,5,11,99,6,555,2,57,5,"Knox County",470313,45.7142371144323,0.0566091140673648,94.8304639676131,3.61461409742023,21.049811508506,5.66091140673648
2020-06-19,642,30,631,28,11,2,681,10,27309,334,27990,344,0,5,8,88,22,549,1,55,5,"Knox County",470313,44.2258666037299,0.0553047404063205,73.1427793830917,6.37873076015334,18.7109435631165,5.53047404063205
2020-06-18,612,15,603,15,9,0,671,18,26975,804,27646,822,0,5,2,80,13,527,0,54,5,"Knox County",470313,40.6112525063096,0.0448504983388704,174.777222828202,3.18936538007667,17.0099486937423,4.48504983388704
2020-06-17,597,17,588,17,9,0,653,13,26171,282,26824,295,0,5,-3,78,20,514,0,54,5,"Knox County",470313,36.7840140502176,0.0396891479322787,62.7241858081746,3.61461409742023,16.5846999763987,3.96891479322787
2020-06-16,580,9,571,8,9,1,640,9,25889,178,26529,187,0,5,-2,81,11,494,0,54,5,"Knox County",470313,32.9567755941256,0.0357847280924204,39.7607550716225,1.913619228046,17.222573052414,3.57847280924204
2020-06-15,571,8,563,8,8,0,631,9,25711,218,26342,227,0,5,-5,83,13,483,0,54,5,"Knox County",470313,27.0032935513158,0.0330917113142137,48.2657294184936,1.70099486937423,17.6478217697576,3.30917113142137
2020-06-14,563,8,555,8,8,0,622,9,25493,624,26115,633,0,5,4,88,4,470,0,54,5,"Knox County",470313,22.1129333018649,0.0260663507109005,134.591219039236,1.70099486937423,18.7109435631165,2.60663507109005
2020-06-13,555,10,547,8,8,2,613,9,24869,213,25482,222,0,5,0,84,10,466,3,54,5,"Knox County",470313,20.6245627911625,0.0282051282051282,47.2026076251348,2.12624358671778,17.8604461284294,2.82051282051282
2020-06-12,545,19,539,19,6,0,604,19,24656,750,25260,769,0,5,1,84,18,456,0,51,5,"Knox County",470313,18.2856948457729,0.0272583201267829,163.508131818597,4.03986281476378,17.8604461284294,2.72583201267829
2020-06-11,526,7,520,7,6,0,585,10,23906,379,24491,389,0,5,1,83,6,438,2,51,5,"Knox County",470313,16.5846999763987,0.0286554004408523,82.7108755233217,1.48837051070245,17.6478217697576,2.86554004408523
2020-06-10,519,12,513,12,6,0,575,12,23527,706,24102,718,0,5,-6,82,18,432,0,49,5,"Knox County",470313,15.5215781830398,0.024483306836248,152.664289526337,2.55149230406134,17.4351974110858,2.4483306836248
2020-06-09,507,16,501,16,6,0,563,19,22821,508,23384,527,0,5,5,88,11,414,1,49,5,"Knox County",470313,17.0099486937423,0.0249641319942611,112.053037020027,3.40198973874845,18.7109435631165,2.49641319942611
2020-06-08,491,8,485,8,6,0,544,8,22313,336,22857,344,0,5,4,83,4,403,1,48,5,"Knox County",470313,17.0099486937423,0.0238756246529706,73.1427793830917,1.70099486937423,17.6478217697576,2.38756246529706
2020-06-07,483,7,477,7,6,0,536,8,21977,849,22513,857,0,5,0,79,7,399,1,47,5,"Knox County",470313,16.7973243350705,0.0222164140094093,182.219075381714,1.48837051070245,16.7973243350705,2.22164140094093
2020-06-06,476,11,470,11,6,0,528,12,21128,478,21656,490,0,5,5,79,6,392,0,46,5,"Knox County",470313,17.0099486937423,0.021494870542257,104.185935749171,2.33886794538956,16.7973243350705,2.1494870542257
2020-06-05,465,18,459,18,6,0,516,17,20650,518,21166,535,0,5,7,74,11,386,1,46,5,"Knox County",470313,16.7973243350705,0.022279792746114,113.754031889401,3.82723845609201,15.7342025417116,2.2279792746114
2020-06-04,447,4,441,4,6,0,499,4,20132,338,20631,342,0,5,-1,67,5,375,0,45,5,"Knox County",470313,16.1594512590551,0.02098085496984,72.7175306657481,0.850497434687113,14.2458320310091,2.098085496984
2020-06-03,443,4,437,4,6,0,495,4,19794,399,20289,403,0,5,-3,68,7,370,0,45,5,"Knox County",470313,14.4584563896809,0.0205831903945112,85.6876165447266,0.850497434687113,14.4584563896809,2.05831903945112
2020-06-02,439,26,433,25,6,1,491,24,19395,939,19886,963,0,5,21,71,5,363,2,45,5,"Knox County",470313,16.5846999763987,0.0195729537366548,204.757257400922,5.52823332546623,15.0963294656962,1.95729537366548
2020-06-01,413,17,408,17,5,0,467,20,18456,972,18923,992,0,5,4,50,13,358,0,43,5,"Knox County",470313,18.4983192044447,0.0194238323876037,210.923363802404,3.61461409742023,10.6312179335889,1.94238323876037
2020-05-31,396,7,391,7,5,0,447,7,17484,317,17931,324,0,5,3,46,4,345,0,43,5,"Knox County",470313,18.4983192044447,0.0217337614225735,68.8902922096561,1.48837051070245,9.7807204989018,2.17337614225735
2020-05-30,389,6,384,6,5,0,440,6,17167,294,17607,300,0,5,-1,43,7,341,2,43,5,"Knox County",470313,17.4351974110858,0.0212490282456595,63.7873076015334,1.27574615203067,9.14284742288646,2.12490282456595
2020-05-29,383,8,378,8,5,0,434,7,16873,205,17307,212,0,5,0,44,8,334,0,41,5,"Knox County",470313,15.308953824368,0.0203619909502262,45.076364038417,1.70099486937423,9.35547178155824,2.03619909502262
2020-05-28,375,11,370,11,5,0,427,11,16668,336,17095,347,0,5,7,44,4,326,0,41,5,"Knox County",470313,16.7973243350705,0.022310081897769,73.780652459107,2.33886794538956,9.35547178155824,2.2310081897769
2020-05-27,364,5,359,5,5,0,416,6,16332,420,16748,426,0,5,0,37,5,322,1,41,5,"Knox County",470313,17.0099486937423,0.0227272727272727,90.5779767941775,1.06312179335889,7.86710127085579,2.27272727272727
2020-05-26,359,9,354,9,5,0,410,10,15912,1142,16322,1152,0,5,7,37,2,317,0,40,5,"Knox County",470313,13.395334596322,0.0178523847588596,244.943261189888,1.913619228046,7.86710127085579,1.78523847588596
2020-05-25,350,9,345,9,5,0,400,11,14770,381,15170,392,0,5,5,30,4,315,1,40,5,"Knox County",470313,11.6943397269478,0.018395179194418,83.348748599337,1.913619228046,6.37873076015334,1.8395179194418
2020-05-24,341,2,336,2,5,0,389,3,14389,273,14778,276,0,5,1,25,1,311,0,39,5,"Knox County",470313,10.6312179335889,0.0173913043478261,58.6843229934108,0.425248717343556,5.31560896679445,1.73913043478261
2020-05-23,339,7,334,7,5,0,386,10,14116,360,14502,370,0,5,4,24,3,310,2,39,5,"Knox County",470313,10.8438422922607,0.0182677165354331,78.6710127085579,1.48837051070245,5.10298460812268,1.82677165354331
2020-05-22,332,1,327,1,5,0,376,1,13756,253,14132,254,0,5,-14,20,15,307,0,37,5,"Knox County",470313,9.35547178155824,0.0161641280696301,54.0065871026317,0.212624358671778,4.25248717343556,1.61641280696301
2020-05-21,331,0,326,0,5,0,375,0,13503,250,13878,250,0,5,-1,34,1,292,0,37,5,"Knox County",470313,7.01660383616868,0.0131410256410256,53.1560896679445,0,7.22922819484046,1.31410256410256
2020-05-20,331,7,326,7,5,0,375,7,13253,360,13628,367,0,5,4,35,3,291,0,37,5,"Knox County",470313,7.44185255351224,0.0137210062071219,78.0331396325426,1.48837051070245,7.44185255351224,1.37210062071219
2020-05-19,324,7,319,7,5,0,368,7,12893,369,13261,376,0,5,4,31,3,288,2,37,5,"Knox County",470313,7.01660383616868,0.0170678336980306,79.9467588605886,1.48837051070245,6.59135511882512,1.70678336980306
2020-05-18,317,3,312,3,5,0,361,4,12524,478,12885,482,0,5,0,27,3,285,0,35,5,"Knox County",470313,5.74085768413801,0.0134736842105263,102.484940879797,0.637873076015334,5.74085768413801,1.34736842105263
2020-05-17,314,3,309,3,5,0,357,5,12046,216,12403,221,0,5,1,27,2,282,1,35,5,"Knox County",470313,5.95348204280979,0.0146551724137931,46.989983266463,0.637873076015334,5.74085768413801,1.46551724137931
2020-05-16,311,0,306,0,5,0,352,0,11830,349,12182,349,0,5,-4,26,4,280,0,34,5,"Knox County",470313,4.46511153210734,0.0104393214441061,74.2059011764506,0,5.52823332546623,1.04393214441061
2020-05-15,311,1,306,1,5,0,352,4,11481,541,11833,545,0,5,-4,30,5,276,0,34,5,"Knox County",470313,4.46511153210734,0.0104247104247104,115.880275476119,0.212624358671778,6.37873076015334,1.04247104247104
2020-05-14,310,3,305,3,5,0,348,7,10940,458,11288,465,0,5,0,34,3,271,0,34,5,"Knox County",470313,5.10298460812268,0.0121212121212121,98.8703267823768,0.637873076015334,7.22922819484046,1.21212121212121
2020-05-13,307,7,302,7,5,0,341,5,10482,341,10823,346,0,5,1,34,6,268,0,34,5,"Knox County",470313,5.10298460812268,0.0114942528735632,73.5680281004352,1.48837051070245,7.22922819484046,1.14942528735632
2020-05-12,300,6,295,6,5,0,336,8,10141,401,10477,409,0,5,3,33,3,262,0,34,5,"Knox County",470313,4.8903602494509,0.0117145899893504,86.9633626967573,1.27574615203067,7.01660383616868,1.17145899893504
2020-05-11,294,16,289,16,5,0,328,12,9740,254,10068,266,0,5,9,30,7,259,1,34,5,"Knox County",470313,7.65447691218401,0.015763168012303,56.558079406693,3.40198973874845,6.37873076015334,1.5763168012303
2020-05-10,278,5,273,5,5,0,316,5,9486,221,9802,226,0,5,1,21,4,252,1,33,5,"Knox County",470313,8.07972562952757,0.0157329240214889,48.0531050598219,1.06312179335889,4.46511153210734,1.57329240214889
2020-05-09,273,2,268,2,5,0,311,4,9265,352,9576,356,0,5,-1,20,3,248,0,32,5,"Knox County",470313,8.50497434687113,0.0172215843857635,75.694271687153,0.425248717343556,4.25248717343556,1.72215843857635
2020-05-08,271,3,266,3,5,0,307,4,8913,265,9220,269,0,5,-2,21,5,245,0,32,5,"Knox County",470313,8.93022306421468,0.0192554557124519,57.1959524827083,0.637873076015334,4.46511153210734,1.92554557124519
2020-05-07,268,3,263,3,5,0,303,3,8648,220,8951,223,0,5,-2,23,5,240,0,32,5,"Knox County",470313,8.93022306421468,0.0195704057279236,47.4152319838065,0.637873076015334,4.8903602494509,1.95704057279236
2020-05-06,265,1,260,1,5,0,300,1,8428,185,8728,186,0,5,-7,25,8,235,0,32,5,"Knox County",470313,7.65447691218401,0.0191214470284238,39.5481307129507,0.212624358671778,5.31560896679445,1.91214470284238
2020-05-05,264,4,259,4,5,0,299,5,8243,305,8542,310,0,5,-1,32,5,227,0,32,5,"Knox County",470313,7.22922819484046,0.0185185185185185,65.9135511882512,0.850497434687113,6.8039794774969,1.85185185185185
2020-05-04,260,4,255,4,5,0,294,7,7938,259,8232,266,0,5,-3,33,7,222,0,32,5,"Knox County",470313,4.67773589077912,0.0157952069716776,56.558079406693,0.850497434687113,7.01660383616868,1.57952069716776
2020-05-03,256,7,251,5,5,2,287,6,7679,290,7966,296,0,5,6,36,1,215,2,32,5,"Knox County",470313,5.10298460812268,0.0157397691500525,62.9368101668463,1.48837051070245,7.65447691218401,1.57397691500525
2020-05-02,249,3,246,3,3,0,281,5,7389,308,7670,313,0,5,1,30,2,214,1,30,5,"Knox County",470313,5.31560896679445,0.0166398282340311,66.5514242642666,0.637873076015334,6.37873076015334,1.66398282340311
2020-05-01,246,9,243,8,3,1,276,7,7081,354,7357,361,0,5,4,29,5,212,0,29,5,"Knox County",470313,6.59135511882512,0.0173913043478261,76.7573934805119,1.913619228046,6.16610640148157,1.73913043478261
2020-04-30,237,4,235,4,2,0,269,3,6727,119,6996,122,0,5,-1,25,5,207,0,29,5,"Knox County",470313,6.8039794774969,0.0183387270765912,25.9401717579569,0.850497434687113,5.31560896679445,1.83387270765912
2020-04-29,233,8,231,8,2,0,266,10,6608,671,6874,681,0,5,5,26,3,202,0,29,5,"Knox County",470313,8.29234998819935,0.0183056619838229,144.797188255481,1.70099486937423,5.52823332546623,1.83056619838229
2020-04-28,225,8,223,8,2,0,256,10,5937,391,6193,401,1,5,4,21,3,199,0,29,5,"Knox County",470313,9.14284742288646,0.019672131147541,85.262367827383,1.70099486937423,4.46511153210734,1.9672131147541
2020-04-27,217,2,215,2,2,0,246,4,5546,161,5792,165,0,4,1,17,1,196,0,29,5,"Knox County",470313,8.7175987055429,0.0192389910218042,35.0830191808434,0.425248717343556,3.61461409742023,1.92389910218042
2020-04-26,215,1,213,1,2,0,242,1,5385,172,5627,173,0,4,-2,16,3,195,0,29,4,"Knox County",470313,7.44185255351224,0.0180505415162455,36.7840140502176,0.212624358671778,3.40198973874845,1.80505415162455
2020-04-25,214,0,212,0,2,0,241,0,5213,53,5454,53,0,4,-6,18,6,192,0,29,4,"Knox County",470313,6.8039794774969,0.0178936605316973,11.2690910096042,0,3.82723845609201,1.78936605316973
2020-04-24,214,8,212,8,2,0,241,10,5160,836,5401,846,0,4,5,24,3,186,1,29,4,"Knox County",470313,6.59135511882512,0.0155673904137649,179.880207436324,1.70099486937423,5.10298460812268,1.55673904137648
2020-04-23,206,1,204,1,2,0,231,2,4324,137,4555,139,0,4,0,19,1,183,0,28,4,"Knox County",470313,5.95348204280979,0.0150528885272579,29.5547858553772,0.212624358671778,4.03986281476378,1.50528885272579
2020-04-22,205,5,203,3,2,2,229,2,4187,189,4416,191,0,4,1,19,4,182,0,28,4,"Knox County",470313,5.31560896679445,0.0147357723577236,40.6112525063096,1.06312179335889,4.03986281476378,1.47357723577236
2020-04-21,200,4,200,4,0,0,227,5,3998,475,4225,480,0,4,-2,18,6,178,1,28,4,"Knox County",470313,4.46511153210734,0.0117244748412311,102.059692162454,0.850497434687113,3.82723845609201,1.17244748412311
2020-04-20,196,3,196,3,0,0,222,2,3523,175,3745,177,0,4,-1,20,4,172,1,27,4,"Knox County",470313,4.67773589077912,0.0106847984458475,37.6345114849047,0.637873076015334,4.25248717343556,1.06847984458475
2020-04-19,193,0,193,0,0,0,220,0,3348,72,3568,72,0,4,-4,21,4,168,0,26,4,"Knox County",470313,4.46511153210734,0.0107252298263534,15.308953824368,0,4.46511153210734,1.07252298263534
2020-04-18,193,0,193,0,0,0,220,1,3276,135,3496,136,0,4,-5,25,5,164,0,26,4,"Knox County",470313,4.46511153210734,0.0107790298873101,28.9169127793618,0,5.31560896679445,1.07790298873101
2020-04-17,193,2,193,2,0,0,219,3,3141,104,3360,107,0,4,-2,30,4,159,1,26,4,"Knox County",470313,3.18936538007667,0.0115207373271889,22.7508063778803,0.425248717343556,6.37873076015334,1.15207373271889
2020-04-16,191,7,191,7,0,0,216,9,3037,213,3253,222,0,4,2,32,5,155,2,25,4,"Knox County",470313,4.46511153210734,0.015884476534296,47.2026076251348,1.48837051070245,6.8039794774969,1.5884476534296
2020-04-15,184,9,184,9,0,0,207,10,2824,84,3031,94,0,4,3,30,6,150,1,23,4,"Knox County",470313,5.31560896679445,0.0232919254658385,19.9866897151471,1.913619228046,6.37873076015334,2.32919254658385
2020-04-14,175,4,175,4,0,0,197,4,2740,102,2937,106,0,4,1,27,3,144,1,22,4,"Knox County",470313,5.31560896679445,0.0317286652078775,22.5381820192085,0.850497434687113,5.74085768413801,3.17286652078775
2020-04-13,171,4,171,4,0,0,193,9,2638,242,2831,251,0,4,-2,26,6,141,1,21,4,"Knox County",470313,5.52823332546623,0.0364372469635627,53.3687140266163,0.850497434687113,5.52823332546623,3.64372469635628
2020-04-12,167,5,167,5,0,0,184,6,2396,166,2580,172,0,4,1,28,4,135,0,20,4,"Knox County",470313,6.59135511882512,0.0386029411764706,36.5713896915458,1.06312179335889,5.95348204280979,3.86029411764706
2020-04-11,162,5,162,5,0,0,178,8,2230,313,2408,321,1,4,-4,27,8,131,1,20,4,"Knox County",470313,7.65447691218401,0.0384917517674784,68.2524191336408,1.06312179335889,5.74085768413801,3.84917517674784
2020-04-10,157,4,157,4,0,0,170,5,1917,123,2087,128,0,3,0,31,4,123,0,19,4,"Knox County",470313,8.07972562952757,0.0394126738794436,27.2159179099876,0.850497434687113,6.59135511882512,3.94126738794436
2020-04-09,153,1,153,1,0,0,165,1,1794,81,1959,82,0,3,-2,31,3,119,0,19,4,"Knox County",470313,6.8039794774969,0.037261698440208,17.4351974110858,0.212624358671778,6.59135511882512,3.7261698440208
2020-04-08,152,8,152,8,0,0,164,12,1713,111,1877,123,0,3,-3,33,11,116,1,19,4,"Knox County",470313,6.59135511882512,0.0380388841927303,26.1527961166287,1.70099486937423,7.01660383616868,3.80388841927303
2020-04-07,144,20,144,20,0,0,152,25,1602,366,1754,391,0,3,11,36,9,105,2,18,3,"Knox County",470313,9.99334485757357,0.0449591280653951,83.1361242406653,4.25248717343556,7.65447691218401,4.49591280653951
2020-04-06,124,8,124,8,0,0,127,14,1236,54,1363,68,2,3,-2,25,8,96,1,16,3,"Knox County",470313,10.8438422922607,0.0552529182879377,14.4584563896809,1.70099486937423,5.31560896679445,5.52529182879377
2020-04-05,116,4,116,4,0,0,113,10,1182,75,1295,85,0,1,-2,27,6,88,0,15,3,"Knox County",470313,10.6312179335889,0.0626043405676127,18.0730704871011,0.850497434687113,5.74085768413801,6.26043405676127
2020-04-04,112,15,112,15,0,0,103,6,1107,127,1210,133,0,1,4,29,11,82,1,15,2,"Knox County",470313,12.7574615203067,0.0722772277227723,28.2790397033465,3.18936538007667,6.16610640148157,7.22772277227723
2020-04-03,97,4,97,4,0,0,97,3,980,51,1077,54,0,1,-8,25,12,71,1,14,1,"Knox County",470313,12.7574615203067,0.0758547008547008,11.481715368276,0.850497434687113,5.31560896679445,7.58547008547009
2020-04-02,93,7,93,7,0,0,94,7,929,106,1023,113,0,1,NA,33,8,59,0,13,1,"Knox County",470313,14.0332076723374,0.0796277145811789,24.0265525299109,1.48837051070245,7.01660383616868,7.96277145811789
2020-04-01,86,15,86,15,0,0,87,15,823,140,910,155,NA,NA,NA,NA,7,51,1,13,1,"Knox County",470313,15.5215781830398,0.0800800800800801,32.9567755941256,3.18936538007667,NA,8.00800800800801
2020-03-31,71,8,71,8,0,0,72,11,683,58,755,69,NA,NA,NA,NA,12,44,1,12,1,"Knox County",470313,12.9700858789785,0.0974889217134417,14.6710807483527,1.70099486937423,NA,9.74889217134417
2020-03-30,63,13,63,13,0,0,61,15,625,130,686,145,NA,NA,NA,NA,9,32,2,11,1,"Knox County",470313,14.0332076723374,0.0888594164456233,30.8305320074078,2.76411666273312,NA,8.88594164456233
2020-03-29,50,8,50,8,0,0,46,8,495,55,541,63,NA,NA,NA,NA,6,23,1,9,1,"Knox County",470313,14.8837051070245,0.0887978142076503,13.395334596322,1.70099486937423,NA,8.87978142076503
2020-03-28,42,7,42,7,0,0,38,6,440,62,478,68,NA,NA,NA,NA,1,17,1,8,0,"Knox County",470313,13.1827102376502,0.0974512743628186,14.4584563896809,1.48837051070245,NA,9.74512743628186
2020-03-27,35,2,35,2,0,0,32,2,378,54,410,56,NA,NA,NA,NA,5,16,1,7,0,"Knox County",470313,12.7574615203067,0.0956651718983558,11.9069640856196,0.425248717343556,NA,9.56651718983558
2020-03-26,33,7,33,7,0,0,30,7,324,82,354,89,NA,NA,NA,NA,3,11,2,6,0,"Knox County",470313,12.7574615203067,0.0992248062015504,18.9235679217883,1.48837051070245,NA,9.92248062015504
2020-03-25,26,6,26,6,0,0,23,7,242,68,265,75,NA,NA,NA,NA,3,8,1,4,0,"Knox County",470313,10.8438422922607,0.0991150442477876,15.9468269003834,1.27574615203067,NA,9.91150442477876
2020-03-24,20,7,20,7,0,0,16,7,174,43,190,50,NA,NA,NA,NA,2,5,0,3,0,"Knox County",470313,10.6312179335889,0.0952380952380952,10.6312179335889,1.48837051070245,NA,9.52380952380952
2020-03-23,13,4,13,4,0,0,9,4,131,22,140,26,NA,NA,NA,NA,3,3,2,3,0,"Knox County",470313,8.7175987055429,0.0960187353629977,5.52823332546623,0.850497434687113,NA,9.60187353629976
2020-03-22,9,2,9,2,0,0,5,0,109,9,114,9,NA,NA,NA,NA,0,0,1,1,0,"Knox County",470313,7.44185255351224,0.0884718498659517,1.913619228046,0.425248717343556,NA,8.84718498659517
2020-03-21,7,1,7,1,0,0,5,2,100,17,105,19,NA,NA,NA,NA,0,0,0,0,0,"Knox County",470313,6.16610640148157,0.0895061728395062,4.03986281476378,0.212624358671778,NA,8.95061728395062
2020-03-20,6,5,6,5,0,0,3,2,83,38,86,40,NA,NA,NA,NA,0,0,0,0,0,"Knox County",470313,6.8039794774969,0.0941558441558442,8.50497434687113,1.06312179335889,NA,9.41558441558442
2020-03-19,1,0,1,0,0,0,1,0,45,11,46,11,NA,NA,NA,NA,0,0,0,0,0,"Knox County",470313,5.31560896679445,0.0956521739130435,2.33886794538956,0,NA,9.56521739130435
2020-03-18,1,0,1,0,0,0,1,0,34,15,35,15,NA,NA,NA,NA,0,0,0,0,0,"Knox County",470313,4.03986281476378,0.0882352941176471,3.18936538007667,0,NA,8.82352941176471
2020-03-17,1,0,1,0,0,0,1,0,19,5,20,5,NA,NA,NA,NA,0,0,0,0,0,"Knox County",470313,2.55149230406134,0.064,1.06312179335889,0,NA,6.4
2020-03-16,1,1,1,1,0,0,1,1,14,3,15,4,NA,NA,NA,NA,0,0,0,0,0,"Knox County",470313,1.913619228046,0.0485436893203883,0.850497434687113,0.212624358671778,NA,4.85436893203883
2020-03-15,0,0,0,0,0,0,0,0,11,1,11,1,NA,NA,NA,NA,0,0,0,0,0,"Knox County",470313,1.48837051070245,0.0526315789473684,0.212624358671778,0,NA,5.26315789473684
2020-03-14,0,0,0,0,0,0,0,0,10,8,10,8,NA,NA,NA,NA,0,0,0,0,0,"Knox County",470313,1.27574615203067,0.0357142857142857,1.70099486937423,0,NA,3.57142857142857
2020-03-13,0,0,0,0,0,0,0,0,2,0,2,0,NA,NA,NA,NA,0,0,0,0,0,"Knox County",470313,0.212624358671778,0.0227272727272727,0,0,NA,2.27272727272727
2020-03-12,0,0,0,0,0,0,0,0,2,2,2,2,NA,NA,NA,NA,0,0,0,0,0,"Knox County",470313,0.212624358671778,0.0285714285714286,0.425248717343556,0,NA,2.85714285714286
2020-03-12,0,0,0,0,0,0,0,0,0,0,0,0,NA,NA,NA,NA,0,0,0,0,0,"Anderson",76978,NA,NA,0,0,NA,NA
2020-03-13,0,0,0,0,0,0,0,0,1,1,1,1,NA,NA,NA,NA,0,0,0,0,0,"Anderson",76978,NA,NA,1.29907246226194,0,NA,NA
2020-03-14,0,0,0,0,0,0,0,0,1,0,1,0,NA,NA,NA,NA,0,0,0,0,0,"Anderson",76978,NA,NA,0,0,NA,NA
2020-03-15,0,0,0,0,0,0,0,0,1,0,1,0,NA,NA,NA,NA,0,0,0,0,0,"Anderson",76978,NA,NA,0,0,NA,NA
2020-03-16,0,0,0,0,0,0,0,0,2,1,2,1,NA,NA,NA,NA,0,0,0,0,0,"Anderson",76978,NA,NA,1.29907246226194,0,NA,NA
2020-03-17,0,0,0,0,0,0,0,0,4,2,4,2,NA,NA,NA,NA,0,0,0,0,0,"Anderson",76978,NA,NA,2.59814492452389,0,NA,NA
2020-03-18,0,0,0,0,0,0,0,0,4,0,4,0,NA,NA,NA,NA,0,0,0,0,0,"Anderson",76978,0,0,0,0,NA,0
2020-03-19,1,1,1,1,0,0,2,2,5,1,7,3,NA,NA,NA,NA,0,0,0,0,0,"Anderson",76978,1.29907246226194,0.285714285714286,3.89721738678583,1.29907246226194,NA,28.5714285714286
2020-03-20,1,0,1,0,0,0,2,0,7,2,9,2,NA,NA,NA,NA,0,0,0,0,0,"Anderson",76978,1.29907246226194,0.25,2.59814492452389,0,NA,25
2020-03-21,1,0,1,0,0,0,2,0,7,0,9,0,NA,NA,NA,NA,0,0,0,0,0,"Anderson",76978,1.29907246226194,0.25,0,0,NA,25
2020-03-22,1,0,1,0,0,0,2,0,10,3,12,3,NA,NA,NA,NA,0,0,0,0,0,"Anderson",76978,1.29907246226194,0.181818181818182,3.89721738678583,0,NA,18.1818181818182
2020-03-23,1,0,1,0,0,0,2,0,15,5,17,5,NA,NA,NA,NA,0,0,0,0,0,"Anderson",76978,1.29907246226194,0.133333333333333,6.49536231130973,0,NA,13.3333333333333
2020-03-24,1,0,1,0,0,0,2,0,20,5,22,5,NA,NA,NA,NA,0,0,0,0,0,"Anderson",76978,1.29907246226194,0.111111111111111,6.49536231130973,0,NA,11.1111111111111
2020-03-25,2,1,2,1,0,0,4,2,29,9,33,11,NA,NA,NA,NA,1,1,0,0,0,"Anderson",76978,2.59814492452389,0.137931034482759,14.2897970848814,1.29907246226194,NA,13.7931034482759
2020-03-26,3,1,3,1,0,0,5,1,44,15,49,16,NA,NA,NA,NA,0,1,1,1,0,"Anderson",76978,2.59814492452389,0.0714285714285714,20.7851593961911,1.29907246226194,NA,7.14285714285714
2020-03-27,4,1,4,1,0,0,6,1,53,9,59,10,NA,NA,NA,NA,3,4,0,1,0,"Anderson",76978,3.89721738678583,0.08,12.9907246226195,1.29907246226194,NA,8
2020-03-28,7,3,7,3,0,0,9,3,72,19,81,22,NA,NA,NA,NA,0,4,1,2,0,"Anderson",76978,7.79443477357167,0.0972222222222222,28.5795941697628,3.89721738678583,NA,9.72222222222222
2020-03-29,7,0,7,0,0,0,9,0,83,11,92,11,NA,NA,NA,NA,0,4,0,2,0,"Anderson",76978,7.79443477357167,0.0875,14.2897970848814,0,NA,8.75
2020-03-30,8,1,8,1,0,0,10,1,127,44,137,45,NA,NA,NA,NA,1,5,0,2,0,"Anderson",76978,9.09350723583361,0.0666666666666667,58.4582608017875,1.29907246226194,NA,6.66666666666667
2020-03-31,9,1,9,1,0,0,11,1,142,15,153,16,NA,NA,NA,NA,1,6,0,2,0,"Anderson",76978,10.3925796980956,0.0687022900763359,20.7851593961911,1.29907246226194,NA,6.87022900763359
2020-04-01,9,0,9,0,0,0,11,0,163,21,174,21,NA,NA,NA,NA,0,6,0,2,0,"Anderson",76978,9.09350723583361,0.049645390070922,27.2805217075008,0,NA,4.9645390070922
2020-04-02,9,0,9,0,0,0,11,0,179,16,190,16,0,0,NA,3,0,6,0,2,0,"Anderson",76978,7.79443477357167,0.0425531914893617,20.7851593961911,0,3.89721738678583,4.25531914893617
2020-04-03,9,0,9,0,0,0,11,0,192,13,203,13,0,0,-2,1,2,8,0,2,0,"Anderson",76978,6.49536231130972,0.0347222222222222,16.8879420094053,0,1.29907246226194,3.47222222222222
2020-04-04,9,0,9,0,0,0,11,0,219,27,230,27,0,0,0,1,0,8,0,2,0,"Anderson",76978,2.59814492452389,0.0134228187919463,35.0749564810725,0,1.29907246226194,1.34228187919463
2020-04-05,9,0,9,0,0,0,11,0,248,29,259,29,0,0,0,1,0,8,0,2,0,"Anderson",76978,2.59814492452389,0.0119760479041916,37.6731014055964,0,1.29907246226194,1.19760479041916
2020-04-06,9,0,9,0,0,0,11,0,262,14,273,14,0,0,-1,0,1,9,0,2,0,"Anderson",76978,1.29907246226194,0.00735294117647059,18.1870144716672,0,0,0.735294117647059
2020-04-07,10,1,10,1,0,0,12,1,304,42,316,43,0,0,1,1,0,9,0,2,0,"Anderson",76978,1.29907246226194,0.00613496932515337,55.8601158772636,1.29907246226194,1.29907246226194,0.613496932515337
2020-04-08,10,0,10,0,0,0,12,0,322,18,334,18,1,1,-1,0,0,9,0,2,1,"Anderson",76978,1.29907246226194,0.00625,23.383304320715,0,0,0.625
2020-04-09,10,0,10,0,0,0,12,0,350,28,362,28,0,1,0,0,0,9,0,2,1,"Anderson",76978,1.29907246226194,0.00581395348837209,36.3740289433345,0,0,0.581395348837209
2020-04-10,10,0,10,0,0,0,12,0,366,16,378,16,0,1,0,0,0,9,0,2,1,"Anderson",76978,1.29907246226194,0.00571428571428571,20.7851593961911,0,0,0.571428571428571
2020-04-11,10,0,10,0,0,0,12,0,439,73,451,73,0,1,0,0,0,9,0,2,1,"Anderson",76978,1.29907246226194,0.00452488687782805,94.832289745122,0,0,0.452488687782805
2020-04-12,12,2,12,2,0,0,14,2,477,38,491,40,0,1,2,2,0,9,0,2,1,"Anderson",76978,3.89721738678583,0.0129310344827586,51.9628984904778,2.59814492452389,2.59814492452389,1.29310344827586
2020-04-13,13,1,13,1,0,0,15,1,514,37,529,38,0,1,0,2,1,10,0,2,1,"Anderson",76978,5.19628984904778,0.015625,49.3647535659539,1.29907246226194,2.59814492452389,1.5625
2020-04-14,13,0,13,0,0,0,15,0,526,12,541,12,0,1,0,2,0,10,0,2,1,"Anderson",76978,3.89721738678583,0.0133333333333333,15.5888695471433,0,2.59814492452389,1.33333333333333
2020-04-15,13,0,13,0,0,0,15,0,544,18,559,18,0,1,-2,0,2,12,0,2,1,"Anderson",76978,3.89721738678583,0.0133333333333333,23.383304320715,0,0,1.33333333333333
2020-04-16,13,0,13,0,0,0,15,0,566,22,581,22,0,1,0,0,0,12,0,2,1,"Anderson",76978,3.89721738678583,0.0136986301369863,28.5795941697628,0,0,1.36986301369863
2020-04-17,13,0,13,0,0,0,15,0,586,20,601,20,0,1,0,0,0,12,0,2,1,"Anderson",76978,3.89721738678583,0.0134529147982063,25.9814492452389,0,0,1.34529147982063
2020-04-18,13,0,13,0,0,0,15,0,616,30,631,30,0,1,0,0,0,12,0,2,1,"Anderson",76978,3.89721738678583,0.0166666666666667,38.9721738678584,0,0,1.66666666666667
2020-04-19,14,1,14,1,0,0,16,1,628,12,644,13,0,1,0,0,1,13,0,2,1,"Anderson",76978,2.59814492452389,0.0130718954248366,16.8879420094053,1.29907246226194,0,1.30718954248366
2020-04-20,19,5,18,4,1,1,19,3,648,20,667,23,0,1,5,5,0,13,0,2,1,"Anderson",76978,7.79443477357167,0.0289855072463768,29.8786666320247,6.49536231130973,6.49536231130973,2.89855072463768
2020-04-21,20,1,19,1,1,0,22,3,1071,423,1093,426,0,1,1,6,0,13,0,2,1,"Anderson",76978,9.09350723583361,0.0126811594202899,553.404868923589,1.29907246226194,7.79443477357167,1.26811594202899
2020-04-22,21,1,20,1,1,0,24,2,1141,70,1165,72,0,1,0,6,1,14,0,2,1,"Anderson",76978,10.3925796980956,0.0148514851485149,93.53321728286,1.29907246226194,7.79443477357167,1.48514851485149
2020-04-23,21,0,20,0,1,0,24,0,1191,50,1215,50,0,1,-1,5,1,15,0,2,1,"Anderson",76978,10.3925796980956,0.0141955835962145,64.9536231130973,0,6.49536231130973,1.41955835962145
2020-04-24,22,1,21,1,1,0,25,1,1299,108,1324,109,0,1,1,6,0,15,0,2,1,"Anderson",76978,11.6916521603575,0.0138312586445367,141.598898386552,1.29907246226194,7.79443477357167,1.38312586445367
2020-04-25,22,0,21,0,1,0,25,0,1336,37,1361,37,0,1,0,6,0,15,0,2,1,"Anderson",76978,11.6916521603575,0.0136986301369863,48.065681103692,0,7.79443477357167,1.36986301369863
2020-04-26,22,0,21,0,1,0,25,0,1372,36,1397,36,0,1,0,6,0,15,0,2,1,"Anderson",76978,10.3925796980956,0.0119521912350598,46.76660864143,0,7.79443477357167,1.19521912350598
2020-04-27,22,0,21,0,1,0,25,0,1411,39,1436,39,0,1,-1,5,1,16,0,2,1,"Anderson",76978,3.89721738678583,0.00780234070221066,50.6638260282159,0,6.49536231130973,0.780234070221066
2020-04-28,22,0,21,0,1,0,25,0,1690,279,1715,279,0,1,0,5,0,16,0,2,1,"Anderson",76978,2.59814492452389,0.00482315112540193,362.441216971083,0,6.49536231130973,0.482315112540193
2020-04-29,26,4,25,4,1,0,28,3,2070,380,2098,383,0,1,4,9,0,16,0,2,1,"Anderson",76978,6.49536231130972,0.00428724544480171,497.544753046325,5.19628984904778,11.6916521603575,0.428724544480171
2020-04-30,26,0,25,0,1,0,29,1,2102,32,2131,33,0,1,-1,8,1,17,0,2,1,"Anderson",76978,6.49536231130972,0.00545851528384279,42.8693912546442,0,10.3925796980956,0.545851528384279
2020-05-01,26,0,25,0,1,0,29,0,2154,52,2183,52,0,1,-2,6,2,19,0,2,1,"Anderson",76978,5.19628984904778,0.00465657741559953,67.5517680376211,0,7.79443477357167,0.465657741559953
2020-05-02,26,0,25,0,1,0,29,0,2221,67,2250,67,0,1,0,6,0,19,0,2,1,"Anderson",76978,5.19628984904778,0.00449943757030371,87.0378549715503,0,7.79443477357167,0.449943757030371
2020-05-03,27,1,26,1,1,0,30,1,2314,93,2344,94,0,1,1,7,0,19,0,2,1,"Anderson",76978,6.49536231130972,0.00527983104540655,122.112811452623,1.29907246226194,9.09350723583361,0.527983104540655
2020-05-04,27,0,26,0,1,0,30,0,2406,92,2436,92,0,1,-1,6,1,20,0,2,1,"Anderson",76978,6.49536231130972,0.005,119.514666528099,0,7.79443477357167,0.5
2020-05-05,28,1,27,1,1,0,30,0,2475,69,2505,69,0,1,-1,5,2,22,0,2,1,"Anderson",76978,7.79443477357167,0.00632911392405063,89.6359998960742,1.29907246226194,6.49536231130973,0.632911392405063
2020-05-06,30,2,29,2,1,0,31,1,2525,50,2556,51,0,1,2,7,0,22,0,2,1,"Anderson",76978,5.19628984904778,0.00655021834061135,66.2526955753592,2.59814492452389,9.09350723583361,0.655021834061135
2020-05-07,30,0,29,0,1,0,33,2,2597,72,2630,74,0,1,-1,6,1,23,0,2,1,"Anderson",76978,5.19628984904778,0.00801603206412826,96.1313622073839,0,7.79443477357167,0.801603206412826
2020-05-08,30,0,29,0,1,0,33,0,2652,55,2685,55,0,1,0,6,0,23,0,2,1,"Anderson",76978,5.19628984904778,0.00796812749003984,71.448985424407,0,7.79443477357167,0.796812749003984
2020-05-09,30,0,29,0,1,0,33,0,2734,82,2767,82,0,1,0,6,0,23,0,2,1,"Anderson",76978,5.19628984904778,0.00773694390715667,106.523941905479,0,7.79443477357167,0.773694390715667
2020-05-10,30,0,29,0,1,0,33,0,2827,93,2860,93,0,1,-3,3,3,26,0,2,1,"Anderson",76978,3.89721738678583,0.00581395348837209,120.813738990361,0,3.89721738678583,0.581395348837209
2020-05-11,32,2,31,2,1,0,33,0,2909,82,2942,82,0,1,2,5,0,26,0,2,1,"Anderson",76978,6.49536231130972,0.00592885375494071,106.523941905479,2.59814492452389,6.49536231130973,0.592885375494071
2020-05-12,33,1,32,1,1,0,35,2,3042,133,3077,135,0,1,1,6,0,26,0,2,1,"Anderson",76978,6.49536231130972,0.00874125874125874,175.374782405363,1.29907246226194,7.79443477357167,0.874125874125874
2020-05-13,35,2,34,2,1,0,38,3,3220,178,3258,181,0,1,1,7,1,27,1,3,1,"Anderson",76978,6.49536231130972,0.00997150997150997,235.132115669412,2.59814492452389,9.09350723583361,0.997150997150997
2020-05-14,35,0,34,0,1,0,39,1,3346,126,3385,127,0,1,-1,6,1,28,0,3,1,"Anderson",76978,6.49536231130972,0.00794701986754967,164.982202707267,0,7.79443477357167,0.794701986754967
2020-05-15,36,1,35,1,1,0,39,0,3417,71,3456,71,0,1,1,7,0,28,0,3,1,"Anderson",76978,7.79443477357167,0.00778210116731518,92.2341448205981,1.29907246226194,9.09350723583361,0.778210116731518
2020-05-16,36,0,35,0,1,0,41,2,3657,240,3698,242,0,1,-1,6,1,29,0,3,1,"Anderson",76978,7.79443477357167,0.00859291084854995,314.375535867391,0,7.79443477357167,0.859291084854995
2020-05-17,36,0,35,0,1,0,41,0,3727,70,3768,70,0,1,0,6,0,29,0,3,1,"Anderson",76978,7.79443477357167,0.00881057268722467,90.9350723583361,0,7.79443477357167,0.881057268722467
2020-05-18,37,1,36,1,1,0,42,1,3804,77,3846,78,0,1,-2,4,3,32,0,3,1,"Anderson",76978,6.49536231130972,0.00995575221238938,101.327652056432,1.29907246226194,5.19628984904778,0.995575221238938
2020-05-19,37,0,36,0,1,0,42,0,3856,52,3898,52,0,1,0,4,0,32,0,3,1,"Anderson",76978,5.19628984904778,0.00852618757612668,67.5517680376211,0,5.19628984904778,0.852618757612667
2020-05-20,37,0,36,0,1,0,43,1,3921,65,3964,66,0,1,0,4,0,32,0,3,1,"Anderson",76978,2.59814492452389,0.00708215297450425,85.7387825092884,0,5.19628984904778,0.708215297450425
2020-05-21,37,0,36,0,1,0,44,1,4001,80,4045,81,0,1,-1,3,1,33,0,3,1,"Anderson",76978,2.59814492452389,0.00757575757575758,105.224869443218,0,3.89721738678583,0.757575757575758
2020-05-22,38,1,37,1,1,0,45,1,4029,28,4074,29,0,1,-1,2,2,35,1,4,1,"Anderson",76978,2.59814492452389,0.00970873786407767,37.6731014055964,1.29907246226194,2.59814492452389,0.970873786407767
2020-05-23,38,0,37,0,1,0,46,1,4192,163,4238,164,0,1,0,2,0,35,0,4,1,"Anderson",76978,2.59814492452389,0.00925925925925926,213.047883810959,0,2.59814492452389,0.925925925925926
2020-05-24,38,0,37,0,1,0,46,0,4247,55,4293,55,0,1,0,2,0,35,0,4,1,"Anderson",76978,2.59814492452389,0.00952380952380952,71.448985424407,0,2.59814492452389,0.952380952380952
2020-05-25,38,0,37,0,1,0,47,1,4281,34,4328,35,0,1,0,2,0,35,0,4,1,"Anderson",76978,1.29907246226194,0.0103734439834025,45.4675361791681,0,2.59814492452389,1.03734439834025
2020-05-26,38,0,37,0,1,0,47,0,4412,131,4459,131,0,1,-1,1,1,36,0,4,1,"Anderson",76978,1.29907246226194,0.0089126559714795,170.178492556315,0,1.29907246226194,0.89126559714795
2020-05-27,38,0,37,0,1,0,47,0,4515,103,4562,103,0,1,0,1,0,36,0,4,1,"Anderson",76978,1.29907246226194,0.00668896321070234,133.80446361298,0,1.29907246226194,0.668896321070234
2020-05-28,38,0,37,0,1,0,47,0,4563,48,4610,48,0,1,0,1,0,36,0,4,1,"Anderson",76978,1.29907246226194,0.00530973451327434,62.3554781885734,0,1.29907246226194,0.530973451327434
2020-05-29,39,1,38,1,1,0,47,0,4613,50,4660,50,0,1,0,1,1,37,0,4,1,"Anderson",76978,1.29907246226194,0.00341296928327645,64.9536231130973,1.29907246226194,1.29907246226194,0.341296928327645
2020-05-30,39,0,38,0,1,0,48,1,4665,52,4713,53,0,1,0,1,0,37,0,4,1,"Anderson",76978,1.29907246226194,0.00421052631578947,68.8508404998831,0,1.29907246226194,0.421052631578947
2020-05-31,40,1,39,1,1,0,49,1,4731,66,4780,67,0,1,1,2,0,37,0,4,1,"Anderson",76978,2.59814492452389,0.00616016427104723,87.0378549715503,1.29907246226194,2.59814492452389,0.616016427104723
2020-06-01,40,0,39,0,1,0,49,0,4855,124,4904,124,0,1,0,2,0,37,0,4,1,"Anderson",76978,2.59814492452389,0.00347222222222222,161.084985320481,0,2.59814492452389,0.347222222222222
2020-06-02,40,0,39,0,1,0,49,0,4982,127,5031,127,0,1,0,2,0,37,0,4,1,"Anderson",76978,2.59814492452389,0.0034965034965035,164.982202707267,0,2.59814492452389,0.34965034965035
2020-06-03,41,1,40,1,1,0,50,1,5042,60,5092,61,0,1,1,3,0,37,0,4,2,"Anderson",76978,3.89721738678583,0.00566037735849057,79.2434201979787,1.29907246226194,3.89721738678583,0.566037735849057
2020-06-04,41,0,40,0,1,0,50,0,5090,48,5140,48,1,2,-2,1,1,38,0,4,2,"Anderson",76978,3.89721738678583,0.00566037735849057,62.3554781885734,0,1.29907246226194,0.566037735849057
2020-06-05,42,1,41,1,1,0,53,3,5147,57,5200,60,0,2,1,2,0,38,0,4,2,"Anderson",76978,3.89721738678583,0.0111111111111111,77.9443477357167,1.29907246226194,2.59814492452389,1.11111111111111
2020-06-06,43,1,42,1,1,0,54,1,5200,53,5254,54,0,2,1,3,0,38,0,4,2,"Anderson",76978,5.19628984904778,0.011090573012939,70.149912962145,1.29907246226194,3.89721738678583,1.1090573012939
2020-06-07,45,2,43,1,2,1,57,3,5295,95,5352,98,0,2,2,5,0,38,0,4,2,"Anderson",76978,6.49536231130972,0.013986013986014,127.309101301671,2.59814492452389,6.49536231130973,1.3986013986014
2020-06-08,46,1,44,1,2,0,57,0,5336,41,5393,41,0,2,1,6,0,38,0,4,2,"Anderson",76978,7.79443477357167,0.016359918200409,53.2619709527397,1.29907246226194,7.79443477357167,1.6359918200409
2020-06-09,47,1,45,1,2,0,60,3,5517,181,5577,184,0,2,1,7,0,38,0,4,2,"Anderson",76978,9.09350723583361,0.0201465201465201,239.029333056198,1.29907246226194,9.09350723583361,2.01465201465201
2020-06-10,52,5,50,5,2,0,63,3,5725,208,5788,211,0,2,2,9,3,41,0,4,2,"Anderson",76978,14.2897970848814,0.0186781609195402,274.10428953727,6.49536231130973,11.6916521603575,1.86781609195402
2020-06-11,55,3,53,3,2,0,66,3,5870,145,5936,148,0,2,2,11,1,42,1,5,2,"Anderson",76978,18.1870144716672,0.0201005025125628,192.262724414768,3.89721738678583,14.2897970848814,2.01005025125628
2020-06-12,57,2,55,2,2,0,70,4,5952,82,6022,86,0,2,2,13,0,42,0,5,2,"Anderson",76978,19.4860869339292,0.0206812652068127,111.720231754527,2.59814492452389,16.8879420094053,2.06812652068127
2020-06-13,58,1,55,0,3,1,70,0,5995,43,6065,43,0,2,0,13,1,43,0,5,2,"Anderson",76978,19.4860869339292,0.0197287299630086,55.8601158772636,1.29907246226194,16.8879420094053,1.97287299630086
2020-06-14,60,2,57,2,3,0,70,0,6170,175,6240,175,0,2,1,14,1,44,1,6,2,"Anderson",76978,19.4860869339292,0.0146396396396396,227.33768089584,2.59814492452389,18.1870144716672,1.46396396396396
2020-06-15,60,0,57,0,3,0,71,1,6228,58,6299,59,0,2,0,14,0,44,0,6,2,"Anderson",76978,18.1870144716672,0.0154525386313466,76.6452752734548,0,18.1870144716672,1.54525386313466
2020-06-16,64,4,61,4,3,0,75,4,6289,61,6364,65,0,2,3,17,1,45,0,6,2,"Anderson",76978,22.0842318584531,0.0190597204574333,84.4397100470264,5.19628984904778,22.0842318584531,1.90597204574333
2020-06-17,66,2,63,2,3,0,79,4,6326,37,6405,41,0,2,0,17,2,47,0,6,2,"Anderson",76978,18.1870144716672,0.0259319286871961,53.2619709527397,2.59814492452389,22.0842318584531,2.59319286871961
2020-06-18,70,4,67,4,3,0,84,5,6456,130,6540,135,0,2,2,19,2,49,0,6,2,"Anderson",76978,19.4860869339292,0.0298013245033113,175.374782405363,5.19628984904778,24.682376782977,2.98013245033113
2020-06-19,72,2,69,2,3,0,86,2,6521,65,6607,67,0,2,0,19,2,51,0,6,2,"Anderson",76978,19.4860869339292,0.0273504273504274,87.0378549715503,2.59814492452389,24.682376782977,2.73504273504274
2020-06-20,73,1,70,1,3,0,87,1,6559,38,6646,39,0,2,-1,18,2,53,0,6,2,"Anderson",76978,19.4860869339292,0.0292598967297762,50.6638260282159,1.29907246226194,23.383304320715,2.92598967297762
2020-06-21,74,1,71,1,3,0,88,1,6619,60,6707,61,0,2,-1,17,2,55,0,6,2,"Anderson",76978,18.1870144716672,0.0385438972162741,79.2434201979787,1.29907246226194,22.0842318584531,3.85438972162741
2020-06-22,76,2,73,2,3,0,90,2,6711,92,6801,94,0,2,0,17,2,57,1,7,2,"Anderson",76978,20.7851593961911,0.0378486055776892,122.112811452623,2.59814492452389,22.0842318584531,3.78486055776892
2020-06-23,76,0,73,0,3,0,90,0,6800,89,6890,89,0,2,-1,16,1,58,0,7,2,"Anderson",76978,15.5888695471433,0.0285171102661597,115.617449141313,0,20.7851593961911,2.85171102661597
2020-06-24,77,1,74,1,3,0,91,1,6831,31,6922,32,0,2,-2,14,3,61,0,7,2,"Anderson",76978,14.2897970848814,0.02321083172147,41.5703187923822,1.29907246226194,18.1870144716672,2.321083172147
2020-06-25,81,4,78,4,3,0,92,1,6944,113,7036,114,0,2,0,14,4,65,0,7,2,"Anderson",76978,14.2897970848814,0.0161290322580645,148.094260697862,5.19628984904778,18.1870144716672,1.61290322580645
2020-06-26,86,5,83,5,3,0,98,6,6972,28,7070,34,0,2,3,17,2,67,0,7,2,"Anderson",76978,18.1870144716672,0.0259179265658747,44.1684637169061,6.49536231130973,22.0842318584531,2.59179265658747
2020-06-27,87,1,83,0,4,1,98,0,6984,12,7082,12,0,2,-4,13,5,72,0,7,2,"Anderson",76978,18.1870144716672,0.0252293577981651,15.5888695471433,1.29907246226194,16.8879420094053,2.52293577981651
2020-06-28,91,4,87,4,4,0,106,8,7093,109,7199,117,0,2,3,16,1,73,0,7,2,"Anderson",76978,22.0842318584531,0.0365853658536585,151.991478084648,5.19628984904778,20.7851593961911,3.65853658536585
2020-06-29,97,6,92,5,5,1,114,8,7315,222,7429,230,0,2,3,19,3,76,1,8,2,"Anderson",76978,27.2805217075008,0.0382165605095541,298.786666320247,7.79443477357167,24.682376782977,3.82165605095541
2020-06-30,102,5,96,4,6,1,120,6,7479,164,7599,170,0,2,2,21,3,79,0,8,2,"Anderson",76978,33.7758840188106,0.0423131170662905,220.842318584531,6.49536231130973,27.2805217075008,4.23131170662905
2020-07-01,104,2,98,2,6,0,124,4,7600,121,7724,125,0,2,-2,19,4,83,0,8,2,"Anderson",76978,35.0749564810725,0.0411471321695761,162.384057782743,2.59814492452389,24.682376782977,4.11471321695761
2020-07-02,110,6,104,6,6,0,130,6,7839,239,7969,245,0,2,4,23,2,85,0,8,2,"Anderson",76978,37.6731014055964,0.0407288317256163,318.272753254177,7.79443477357167,29.8786666320247,4.07288317256163
2020-07-03,120,10,113,9,7,1,142,12,7964,125,8106,137,0,2,7,30,3,88,0,8,2,"Anderson",76978,44.1684637169061,0.0424710424710425,177.972927329886,12.9907246226195,38.9721738678584,4.24710424710425
2020-07-04,131,11,124,11,7,0,156,14,8148,184,8304,198,0,2,8,38,3,91,2,10,2,"Anderson",76978,57.1591883395256,0.0474631751227496,257.216347527865,14.2897970848814,49.3647535659539,4.74631751227496
2020-07-05,140,9,133,9,7,0,169,13,8304,156,8473,169,0,2,8,46,1,92,1,11,2,"Anderson",76978,63.6545506508353,0.0494505494505494,219.543246122269,11.6916521603575,59.7573332640495,4.94505494505495
2020-07-06,141,1,134,1,7,0,170,1,8331,27,8501,28,0,2,-4,42,5,97,0,11,2,"Anderson",76978,57.1591883395256,0.0522388059701493,36.3740289433345,1.29907246226194,54.5610434150017,5.22388059701492
2020-07-07,157,16,150,16,7,0,190,20,8564,233,8754,253,0,2,12,54,4,101,0,11,2,"Anderson",76978,71.448985424407,0.0606060606060606,328.665332952272,20.7851593961911,70.149912962145,6.06060606060606
2020-07-08,173,16,165,15,8,1,206,16,8704,140,8910,156,0,2,10,64,6,107,0,11,2,"Anderson",76978,89.6359998960742,0.0691399662731872,202.655304112863,20.7851593961911,83.1406375847645,6.91399662731872
2020-07-09,187,14,179,14,8,0,220,14,8972,268,9192,282,0,2,11,75,3,110,0,11,2,"Anderson",76978,100.02857959417,0.0735895339329518,366.338434357868,18.1870144716672,97.4304346696459,7.35895339329518
2020-07-10,193,6,185,6,8,0,227,7,9002,30,9229,37,0,2,1,76,5,115,1,12,2,"Anderson",76978,94.832289745122,0.0756901157613535,48.065681103692,7.79443477357167,98.7295071319078,7.56901157613535
2020-07-11,201,8,193,8,8,0,235,8,9171,169,9406,177,0,2,1,77,7,122,1,13,2,"Anderson",76978,90.9350723583361,0.0716878402903811,229.935825820364,10.3925796980956,100.02857959417,7.16878402903811
2020-07-12,212,11,204,11,8,0,248,13,9354,183,9602,196,0,2,6,83,5,127,0,13,2,"Anderson",76978,93.53321728286,0.0699734278122232,254.618202603341,14.2897970848814,107.823014367741,6.99734278122232
2020-07-13,218,6,209,5,9,1,255,7,9393,39,9648,46,0,2,-6,77,12,139,2,15,2,"Anderson",76978,100.02857959417,0.0741063644289451,59.7573332640495,7.79443477357167,100.02857959417,7.41063644289451
2020-07-14,229,11,219,10,10,1,266,11,9533,140,9799,151,0,2,0,77,11,150,0,15,2,"Anderson",76978,93.53321728286,0.0727272727272727,196.159941801554,14.2897970848814,100.02857959417,7.27272727272727
2020-07-15,245,16,234,15,11,1,285,19,9635,102,9920,121,0,2,0,77,16,166,0,15,2,"Anderson",76978,93.53321728286,0.0782178217821782,157.187767933695,20.7851593961911,100.02857959417,7.82178217821782
2020-07-16,263,18,252,18,11,0,308,23,9924,289,10232,312,0,2,4,81,14,180,1,16,2,"Anderson",76978,98.7295071319078,0.0846153846153846,405.310608225727,23.383304320715,105.224869443218,8.46153846153846
2020-07-17,270,7,259,7,11,0,317,9,9995,71,10312,80,0,2,-8,73,15,195,1,17,3,"Anderson",76978,100.02857959417,0.0831024930747922,103.925796980956,9.09350723583361,94.832289745122,8.31024930747922
2020-07-18,277,7,266,7,11,0,328,11,10209,214,10537,225,0,2,-4,69,11,206,0,17,3,"Anderson",76978,98.7295071319078,0.0822281167108753,292.291304008938,9.09350723583361,89.6359998960742,8.22281167108753
2020-07-19,285,8,274,8,11,0,337,9,10290,81,10627,90,0,2,-5,64,13,219,2,19,3,"Anderson",76978,94.832289745122,0.0868292682926829,116.916521603575,10.3925796980956,83.1406375847645,8.68292682926829
2020-07-20,313,28,302,28,11,0,367,30,10459,169,10826,199,1,3,9,73,18,237,0,19,3,"Anderson",76978,123.411883914885,0.0950764006791171,258.515419990127,36.3740289433345,94.832289745122,9.50764006791171
2020-07-21,336,23,324,22,12,1,391,24,10751,292,11142,316,0,3,12,85,11,248,1,20,3,"Anderson",76978,139.000753462028,0.0930752047654505,410.506898074775,29.8786666320247,110.421159292265,9.30752047654505
2020-07-22,365,29,353,29,12,0,424,33,10886,135,11310,168,0,3,13,98,16,264,0,20,3,"Anderson",76978,155.888695471433,0.1,218.244173660007,37.6731014055964,127.309101301671,10
2020-07-23,388,23,376,23,12,0,455,31,11313,427,11768,458,0,3,9,107,14,278,2,22,3,"Anderson",76978,162.384057782743,0.095703125,594.975187715971,29.8786666320247,139.000753462028,9.5703125
2020-07-24,394,6,382,6,12,0,463,8,11425,112,11888,120,0,3,-16,91,22,300,0,22,4,"Anderson",76978,161.084985320481,0.0926395939086294,155.888695471433,7.79443477357167,118.215594065837,9.26395939086294
2020-07-25,426,32,413,31,13,1,499,36,11682,257,12181,293,1,4,26,117,5,305,1,23,4,"Anderson",76978,193.56179687703,0.104014598540146,380.62823144275,41.5703187923822,151.991478084648,10.4014598540146
2020-07-26,465,39,451,38,14,1,541,42,12085,403,12626,445,0,4,31,148,8,313,2,25,4,"Anderson",76978,233.83304320715,0.102051025512756,578.087245706565,50.6638260282159,192.262724414768,10.2051025512756
2020-07-27,483,18,468,17,15,1,562,21,12265,180,12827,201,0,4,-19,129,37,350,1,26,4,"Anderson",76978,220.842318584531,0.0974512743628186,261.113564914651,23.383304320715,167.580347631791,9.74512743628186
2020-07-28,523,40,508,40,15,0,608,46,12645,380,13253,426,0,4,24,153,16,366,1,27,5,"Anderson",76978,242.926550442984,0.10279488394126,553.404868923589,51.9628984904778,198.758086726078,10.279488394126
2020-07-29,527,4,512,4,15,0,612,4,12681,36,13293,40,1,5,-15,138,18,384,0,27,5,"Anderson",76978,210.449738886435,0.0948058497226425,51.9628984904778,5.19628984904778,179.271999792148,9.48058497226425
2020-07-30,564,37,549,37,15,0,665,53,13166,485,13831,538,0,5,20,158,17,401,0,27,5,"Anderson",76978,228.636753358102,0.101793504604944,698.900984696926,48.065681103692,205.253449037387,10.1793504604944
2020-07-31,576,12,561,12,15,0,679,14,13348,182,14027,196,0,5,-8,150,20,421,0,27,5,"Anderson",76978,236.431188131674,0.100981767180926,254.618202603341,15.5888695471433,194.860869339292,10.0981767180926
2020-08-01,599,23,584,23,15,0,704,25,13757,409,14461,434,0,5,17,167,6,427,1,28,5,"Anderson",76978,224.739535971316,0.0899122807017544,563.797448621684,29.8786666320247,216.945101197745,8.99122807017544
2020-08-02,606,7,591,7,15,0,711,7,13885,128,14596,135,0,5,2,169,5,432,1,29,6,"Anderson",76978,183.169217178934,0.0862944162436548,175.374782405363,9.09350723583361,219.543246122269,8.62944162436548
2020-08-03,631,25,615,24,16,1,742,31,14112,227,14854,258,0,5,14,183,11,443,0,29,6,"Anderson",76978,192.262724414768,0.0888011840157869,335.160695263582,32.4768115565486,237.730260593936,8.88011840157869
2020-08-04,638,7,622,7,16,0,750,8,14355,243,15105,251,2,7,-19,164,24,467,0,29,6,"Anderson",76978,149.393333160124,0.0766738660907127,326.067188027748,9.09350723583361,213.047883810959,7.66738660907127
2020-08-05,653,15,637,15,16,0,769,19,14564,209,15333,228,-1,6,-1,163,17,484,0,29,6,"Anderson",76978,163.683130245005,0.0769607843137255,296.188521395723,19.4860869339292,211.748811348697,7.69607843137255
2020-08-06,675,22,659,22,16,0,799,30,14885,321,15684,351,0,6,3,166,19,503,1,30,6,"Anderson",76978,144.197043311076,0.0723151645979493,455.974434253943,28.5795941697628,215.646028735483,7.23151645979493
2020-08-07,679,4,663,4,16,0,803,4,14966,81,15769,85,0,6,-21,145,25,528,0,30,6,"Anderson",76978,133.80446361298,0.0711825487944891,110.421159292265,5.19628984904778,188.365507027982,7.11825487944891
2020-08-08,690,11,674,11,16,0,819,16,15286,320,16105,336,0,6,1,146,10,538,0,30,6,"Anderson",76978,118.215594065837,0.0699513381995134,436.488347320014,14.2897970848814,189.664579490244,6.99513381995134
2020-08-09,697,7,681,7,16,0,828,9,15423,137,16251,146,0,6,-9,137,16,554,0,30,6,"Anderson",76978,118.215594065837,0.0706948640483384,189.664579490244,9.09350723583361,177.972927329886,7.06948640483384
2020-08-10,702,5,686,5,16,0,834,6,15562,139,16396,145,0,6,-11,126,16,570,0,30,6,"Anderson",76978,92.2341448205981,0.059662775616083,188.365507027982,6.49536231130973,163.683130245005,5.9662775616083
2020-08-11,723,21,707,21,16,0,856,22,15765,203,16621,225,0,6,9,135,12,582,1,31,6,"Anderson",76978,110.421159292265,0.0699208443271768,292.291304008938,27.2805217075008,175.374782405363,6.99208443271768
2020-08-12,731,8,715,8,16,0,864,8,16004,239,16868,247,0,6,-8,127,16,598,0,31,6,"Anderson",76978,101.327652056432,0.0618892508143322,320.8708981787,10.3925796980956,164.982202707267,6.18892508143322
2020-08-13,749,18,733,18,16,0,888,24,16232,228,17120,252,1,7,3,130,14,612,2,33,6,"Anderson",76978,96.1313622073839,0.0619777158774373,327.36626049001,23.383304320715,168.879420094053,6.19777158774373
2020-08-14,766,17,749,16,17,1,910,22,16561,329,17471,351,0,7,-9,121,26,638,0,33,6,"Anderson",76978,113.019304216789,0.0628672150411281,455.974434253943,22.0842318584531,157.187767933695,6.28672150411281
2020-08-15,776,10,759,10,17,0,922,12,16784,223,17706,235,-1,6,5,126,6,644,0,33,6,"Anderson",76978,111.720231754527,0.0643347907557776,305.282028631557,12.9907246226195,163.683130245005,6.43347907557776
2020-08-16,788,12,771,12,17,0,936,14,16926,142,17862,156,0,6,7,133,5,649,0,33,7,"Anderson",76978,118.215594065837,0.0670391061452514,202.655304112863,15.5888695471433,172.776637480839,6.70391061452514
2020-08-17,792,4,775,4,17,0,939,3,16969,43,17908,46,0,6,-13,120,17,666,0,33,7,"Anderson",76978,116.916521603575,0.0694444444444444,59.7573332640495,5.19628984904778,155.888695471433,6.94444444444444
2020-08-18,806,14,789,14,17,0,956,17,17133,164,18089,181,0,6,5,125,9,675,0,33,7,"Anderson",76978,107.823014367741,0.0681198910081744,235.132115669412,18.1870144716672,162.384057782743,6.81198910081744
2020-08-19,820,14,803,14,17,0,970,14,17307,174,18277,188,0,6,0,125,14,689,0,33,7,"Anderson",76978,115.617449141313,0.0752306600425834,244.225622905246,18.1870144716672,162.384057782743,7.52306600425834
2020-08-20,835,15,818,15,17,0,986,16,17749,442,18735,458,0,6,5,130,10,699,0,33,8,"Anderson",76978,111.720231754527,0.0606811145510836,594.975187715971,19.4860869339292,168.879420094053,6.06811145510836
2020-08-21,838,3,821,3,17,0,989,3,17785,36,18774,39,1,7,-7,123,9,708,0,33,8,"Anderson",76978,93.53321728286,0.0606293169608596,50.6638260282159,3.89721738678583,159.785912858219,6.06293169608596
2020-08-22,856,18,839,18,17,0,1008,19,18329,544,19337,563,1,8,10,133,7,715,1,34,8,"Anderson",76978,103.925796980956,0.052728387492336,731.377796253475,23.383304320715,172.776637480839,5.2728387492336
2020-08-23,857,1,840,1,17,0,1009,1,18413,84,19422,85,0,8,-5,128,6,721,0,34,8,"Anderson",76978,89.6359998960742,0.0467948717948718,110.421159292265,1.29907246226194,166.281275169529,4.67948717948718
2020-08-24,858,1,840,0,18,1,1009,0,18452,39,19461,39,0,8,-19,109,20,741,0,34,8,"Anderson",76978,85.7387825092884,0.0450740502253702,50.6638260282159,1.29907246226194,141.598898386552,4.50740502253703
2020-08-25,866,8,848,8,18,0,1017,8,18604,152,19621,160,0,8,-2,107,10,751,1,35,8,"Anderson",76978,77.9443477357167,0.0398172323759791,207.851593961911,10.3925796980956,139.000753462028,3.98172323759791
2020-08-26,872,6,854,6,18,0,1023,6,18784,180,19807,186,0,8,-14,93,20,771,0,35,8,"Anderson",76978,67.5517680376211,0.034640522875817,241.627477980722,7.79443477357167,120.813738990361,3.4640522875817
2020-08-27,875,3,857,3,18,0,1026,3,19195,411,20221,414,0,8,-16,77,19,790,0,35,8,"Anderson",76978,51.9628984904778,0.0269179004037685,537.815999376445,3.89721738678583,100.02857959417,2.69179004037685
2020-08-28,875,0,857,0,18,0,1026,0,19233,38,20259,38,0,8,-20,57,20,810,0,35,8,"Anderson",76978,48.065681103692,0.0249158249158249,49.3647535659539,0,74.0471303489309,2.49158249158249
2020-08-29,884,9,865,8,19,1,1034,8,19495,262,20529,270,0,8,3,60,6,816,0,35,8,"Anderson",76978,36.3740289433345,0.0218120805369128,350.749564810725,11.6916521603575,77.9443477357167,2.18120805369128
2020-08-30,900,16,881,16,19,0,1050,16,19578,83,20628,99,0,8,8,68,8,824,0,35,8,"Anderson",76978,55.8601158772636,0.0339966832504146,128.608173763933,20.7851593961911,88.3369274338123,3.39966832504146
2020-08-31,902,2,883,2,19,0,1052,2,19636,58,20688,60,0,8,-15,53,17,841,0,35,8,"Anderson",76978,57.1591883395256,0.0350448247758761,77.9443477357167,2.59814492452389,68.8508404998831,3.50448247758761
2020-09-01,909,7,889,6,20,1,1058,6,19747,111,20805,117,0,8,0,53,7,848,0,35,8,"Anderson",76978,55.8601158772636,0.0346283783783784,151.991478084648,9.09350723583361,68.8508404998831,3.46283783783784
2020-09-02,917,8,895,6,22,2,1068,10,20063,316,21131,326,0,8,5,58,3,851,0,35,8,"Anderson",76978,58.4582608017875,0.033987915407855,423.497622697394,10.3925796980956,75.3462028111928,3.3987915407855
2020-09-03,933,16,909,14,24,2,1084,16,20387,324,21471,340,0,8,10,68,6,857,0,35,9,"Anderson",76978,75.3462028111928,0.0464,441.684637169061,20.7851593961911,88.3369274338123,4.64
2020-09-04,942,9,917,8,25,1,1094,10,20576,189,21670,199,0,8,6,74,3,860,0,35,9,"Anderson",76978,87.0378549715503,0.0481927710843374,258.515419990127,11.6916521603575,96.1313622073839,4.81927710843374
2020-09-05,961,19,936,19,25,0,1115,21,20845,269,21960,290,0,8,16,90,3,863,1,36,10,"Anderson",76978,100.02857959417,0.0566037735849057,376.731014055964,24.682376782977,116.916521603575,5.66037735849057
2020-09-06,963,2,938,2,25,0,1117,2,20901,56,22018,58,0,8,-1,89,3,866,0,36,10,"Anderson",76978,81.8415651225025,0.0482014388489209,75.3462028111928,2.59814492452389,115.617449141313,4.82014388489209
2020-09-07,966,3,941,3,25,0,1122,5,20989,88,22111,93,0,8,-8,81,11,877,0,36,10,"Anderson",76978,83.1406375847645,0.0491918482080112,120.813738990361,3.89721738678583,105.224869443218,4.91918482080112
2020-09-08,975,9,944,3,31,6,1126,4,21164,175,22290,179,1,9,4,85,4,881,0,36,10,"Anderson",76978,85.7387825092884,0.0457912457912458,232.533970744888,11.6916521603575,110.421159292265,4.57912457912458
2020-09-09,984,9,953,9,31,0,1135,9,21405,241,22540,250,0,9,-3,82,12,893,1,37,11,"Anderson",76978,87.0378549715503,0.0475514549325763,324.768115565486,11.6916521603575,106.523941905479,4.75514549325763
2020-09-10,1013,29,981,28,32,1,1165,30,21774,369,22939,399,1,10,25,107,3,896,0,37,11,"Anderson",76978,103.925796980956,0.0551771117166213,518.329912442516,37.6731014055964,139.000753462028,5.51771117166213
2020-09-11,1014,1,982,1,32,0,1167,2,21907,133,23074,135,0,10,-13,94,14,910,0,37,11,"Anderson",76978,93.53321728286,0.051994301994302,175.374782405363,1.29907246226194,122.112811452623,5.1994301994302
2020-09-12,1017,3,985,3,32,0,1172,5,22049,142,23221,147,0,10,-5,89,8,918,0,37,11,"Anderson",76978,72.7480578866689,0.0452022204599524,190.963651952506,3.89721738678583,115.617449141313,4.52022204599524
2020-09-13,1038,21,1005,20,33,1,1193,21,22293,244,23486,265,0,10,16,105,5,923,1,38,11,"Anderson",76978,97.4304346696459,0.0517711171662125,344.254202499415,27.2805217075008,136.402608537504,5.17711171662125
2020-09-14,1044,6,1010,5,34,1,1199,6,22399,106,23598,112,0,10,-7,98,13,936,1,39,11,"Anderson",76978,101.327652056432,0.0517821116341627,145.496115773338,7.79443477357167,127.309101301671,5.17821116341627
2020-09-15,1060,16,1026,16,34,0,1216,17,22639,240,23855,257,1,11,5,103,10,946,1,40,12,"Anderson",76978,110.421159292265,0.0575079872204473,333.86162280132,20.7851593961911,133.80446361298,5.75079872204473
2020-09-16,1068,8,1034,8,34,0,1228,12,22775,136,24003,148,0,11,-5,98,13,959,0,40,12,"Anderson",76978,109.122086830003,0.063568010936432,192.262724414768,10.3925796980956,127.309101301671,6.3568010936432
2020-09-17,1090,22,1054,20,36,2,1248,20,23196,421,24444,441,0,11,15,113,7,966,1,41,12,"Anderson",76978,100.02857959417,0.0551495016611296,572.890955857518,28.5795941697628,146.7951882356,5.51495016611296
2020-09-18,1109,19,1073,19,36,0,1266,18,23420,224,24686,242,0,11,6,119,13,979,0,41,12,"Anderson",76978,123.411883914885,0.0614143920595533,314.375535867391,24.682376782977,154.589623009171,6.14143920595533
2020-09-19,1124,15,1088,15,36,0,1287,21,23702,282,24989,303,0,11,9,128,6,985,1,42,12,"Anderson",76978,139.000753462028,0.0650452488687783,393.618956065369,19.4860869339292,166.281275169529,6.50452488687783
2020-09-20,1131,7,1095,7,36,0,1297,10,23854,152,25151,162,0,11,0,128,7,992,0,42,13,"Anderson",76978,120.813738990361,0.0624624624624625,210.449738886435,9.09350723583361,166.281275169529,6.24624624624625
2020-09-21,1133,2,1097,2,36,0,1299,2,23887,33,25186,35,0,11,-6,122,8,1000,0,42,13,"Anderson",76978,115.617449141313,0.0629722921914358,45.4675361791681,2.59814492452389,158.486840395957,6.29722921914358
2020-09-22,1147,14,1111,14,36,0,1316,17,24135,248,25451,265,0,11,0,122,14,1014,1,43,13,"Anderson",76978,113.019304216789,0.06265664160401,344.254202499415,18.1870144716672,158.486840395957,6.265664160401
2020-09-23,1147,0,1111,0,36,0,1316,0,24176,41,25492,41,0,11,-12,110,12,1026,0,43,13,"Anderson",76978,102.626724518694,0.0591000671591672,53.2619709527397,0,142.897970848814,5.91000671591672
2020-09-24,1160,13,1124,13,36,0,1331,15,24500,324,25831,339,1,12,0,110,12,1038,0,43,13,"Anderson",76978,90.9350723583361,0.0598413842826244,440.385564706799,16.8879420094053,142.897970848814,5.98413842826244
2020-09-25,1174,14,1137,13,37,1,1344,13,24736,236,26080,249,1,13,-2,108,15,1053,0,43,13,"Anderson",76978,84.4397100470264,0.0559540889526542,323.469043103224,18.1870144716672,140.29982592429,5.59540889526542
2020-09-26,1188,14,1151,14,37,0,1361,17,25036,300,26397,317,0,13,8,116,6,1059,0,43,13,"Anderson",76978,83.1406375847645,0.0525568181818182,411.805970537037,18.1870144716672,150.692405622386,5.25568181818182
2020-09-27,1207,19,1168,17,39,2,1377,16,25243,207,26620,223,0,13,12,128,7,1066,0,43,13,"Anderson",76978,98.7295071319078,0.0544588155207624,289.693159084414,24.682376782977,166.281275169529,5.44588155207624
2020-09-28,1210,3,1170,2,40,1,1379,2,25280,37,26659,39,0,13,-9,119,12,1078,0,43,13,"Anderson",76978,100.02857959417,0.0543109300746775,50.6638260282159,3.89721738678583,154.589623009171,5.43109300746775
2020-09-29,1221,11,1180,10,41,1,1389,10,25574,294,26963,304,0,13,-7,112,18,1096,0,43,13,"Anderson",76978,96.1313622073839,0.0482804232804233,394.918028527631,14.2897970848814,145.496115773338,4.82804232804233
2020-09-30,1233,12,1190,10,43,2,1399,10,25640,66,27039,76,0,13,3,115,9,1105,0,43,13,"Anderson",76978,111.720231754527,0.0536522301228184,98.7295071319078,15.5888695471433,149.393333160124,5.36522301228184
2020-10-01,1249,16,1204,14,45,2,1414,15,25920,280,27334,295,0,13,4,119,12,1117,0,43,13,"Anderson",76978,115.617449141313,0.0552228875582169,383.226376367274,20.7851593961911,154.589623009171,5.52228875582169
2020-10-02,1256,7,1210,6,46,1,1421,7,26002,82,27423,89,0,13,1,120,6,1123,0,43,13,"Anderson",76978,106.523941905479,0.0573343261355175,115.617449141313,9.09350723583361,155.888695471433,5.73343261355175
2020-10-03,1272,16,1226,16,46,0,1445,24,26266,264,27711,288,0,13,3,123,13,1136,0,43,13,"Anderson",76978,109.122086830003,0.0639269406392694,374.13286913144,20.7851593961911,159.785912858219,6.39269406392694
2020-10-04,1288,16,1240,14,48,2,1461,16,26603,337,28064,353,0,13,8,131,8,1144,0,43,13,"Anderson",76978,105.224869443218,0.0581717451523546,458.572579178467,20.7851593961911,170.178492556315,5.81717451523546
2020-10-05,1314,26,1265,25,49,1,1488,27,26814,211,28302,238,0,13,11,142,15,1159,1,44,13,"Anderson",76978,135.103536075242,0.0663420572124163,309.179246018343,33.7758840188106,184.468289641196,6.63420572124163
2020-10-06,1342,28,1292,27,50,1,1520,32,27151,337,28671,369,0,13,15,157,13,1172,1,45,13,"Anderson",76978,157.187767933695,0.0766978922716628,479.357738574658,36.3740289433345,203.954376575125,7.66978922716628
2020-10-07,1348,6,1298,6,50,0,1528,8,27386,235,28914,243,0,13,-3,154,9,1181,0,45,13,"Anderson",76978,149.393333160124,0.0688,315.674608329653,7.79443477357167,200.05715918834,6.88
2020-10-08,1358,10,1306,8,52,2,1537,9,27625,239,29162,248,0,13,-3,151,13,1194,1,46,13,"Anderson",76978,141.598898386552,0.0672866520787746,322.169970640962,12.9907246226195,196.159941801554,6.72866520787746
2020-10-09,1373,15,1319,13,54,2,1553,16,27798,173,29351,189,0,13,-2,149,17,1211,0,46,13,"Anderson",76978,151.991478084648,0.0684647302904564,245.524695367508,19.4860869339292,193.56179687703,6.84647302904564
2020-10-10,1389,16,1335,16,54,0,1573,20,28010,212,29583,232,0,13,3,152,13,1224,1,47,14,"Anderson",76978,151.991478084648,0.0683760683760684,301.384811244771,20.7851593961911,197.459014263816,6.83760683760684
2020-10-11,1417,28,1363,28,54,0,1604,31,28299,289,29903,320,0,13,18,170,10,1234,0,47,14,"Anderson",76978,167.580347631791,0.0777596519847743,415.703187923822,36.3740289433345,220.842318584531,7.77596519847743
2020-10-12,1433,16,1378,15,55,1,1620,16,28378,79,29998,95,0,13,-11,159,27,1261,0,47,14,"Anderson",76978,154.589623009171,0.0778301886792453,123.411883914885,20.7851593961911,206.552521499649,7.78301886792453
2020-10-13,1453,20,1396,18,57,2,1638,18,28499,121,30137,139,0,13,7,166,13,1274,0,47,14,"Anderson",76978,144.197043311076,0.0804911323328786,180.57107225441,25.9814492452389,215.646028735483,8.04911323328786
2020-10-14,1475,22,1418,22,57,0,1662,24,28799,300,30461,324,0,13,12,178,10,1284,0,47,14,"Anderson",76978,164.982202707267,0.0866192630898513,420.89947777287,28.5795941697628,231.234898282626,8.66192630898513
2020-10-15,1497,22,1434,16,63,6,1676,14,28950,151,30626,165,0,13,2,180,20,1304,1,48,14,"Anderson",76978,180.57107225441,0.0949453551912568,214.346956273221,28.5795941697628,233.83304320715,9.49453551912568
2020-10-16,1504,7,1437,3,67,4,1680,4,29049,99,30729,103,0,13,-11,169,18,1322,0,48,15,"Anderson",76978,170.178492556315,0.0921625544267054,133.80446361298,9.09350723583361,219.543246122269,9.21625544267054
2020-10-17,1532,28,1464,27,68,1,1710,30,29297,248,31007,278,0,13,14,183,14,1336,2,50,15,"Anderson",76978,185.767362103458,0.0962078651685393,361.142144508821,36.3740289433345,237.730260593936,9.62078651685393
2020-10-18,1552,20,1484,20,68,0,1733,23,29536,239,31269,262,0,13,5,188,15,1351,0,50,15,"Anderson",76978,175.374782405363,0.0944363103953148,340.35698511263,25.9814492452389,244.225622905246,9.44363103953148
2020-10-19,1556,4,1488,4,68,0,1738,5,29613,77,31351,82,0,13,-16,172,20,1371,1,51,15,"Anderson",76978,159.785912858219,0.0872135994087214,106.523941905479,5.19628984904778,223.440463509055,8.72135994087214
2020-10-20,1583,27,1515,27,68,0,1773,35,29812,199,31585,234,0,13,6,178,21,1392,0,51,15,"Anderson",76978,168.879420094053,0.093232044198895,303.982956169295,35.0749564810725,231.234898282626,9.3232044198895
2020-10-21,1600,17,1532,17,68,0,1792,19,30028,216,31820,235,0,13,8,186,9,1401,1,52,15,"Anderson",76978,162.384057782743,0.0956585724797645,305.282028631557,22.0842318584531,241.627477980722,9.56585724797645
2020-10-22,1621,21,1553,21,68,0,1817,25,30360,332,32177,357,1,14,-4,182,24,1425,0,52,15,"Anderson",76978,161.084985320481,0.0909090909090909,463.768869027514,27.2805217075008,236.431188131674,9.09090909090909
2020-10-23,1636,15,1567,14,69,1,1833,16,30635,275,32468,291,0,14,-7,175,22,1447,0,52,15,"Anderson",76978,171.477565018577,0.0879815986198965,378.030086518226,19.4860869339292,227.33768089584,8.79815986198965
2020-10-24,1667,31,1597,30,70,1,1866,33,31011,376,32877,409,0,14,19,194,12,1459,2,54,17,"Anderson",76978,175.374782405363,0.0834224598930481,531.320637065136,40.2712463301203,252.020057678817,8.34224598930481
2020-10-25,1684,17,1613,16,71,1,1885,19,31207,196,33092,215,0,14,0,194,17,1476,4,58,17,"Anderson",76978,171.477565018577,0.0833790455293472,279.300579386318,22.0842318584531,252.020057678817,8.33790455293472
2020-10-26,1700,16,1628,15,72,1,1903,18,31341,134,33244,152,-1,13,-11,183,28,1504,1,59,17,"Anderson",76978,187.06643456572,0.0871632329635499,197.459014263816,20.7851593961911,237.730260593936,8.71632329635499
2020-10-27,1729,29,1652,24,77,5,1927,24,31496,155,33423,179,1,14,10,193,18,1522,2,61,17,"Anderson",76978,189.664579490244,0.0837867247007617,232.533970744888,37.6731014055964,250.720985216555,8.37867247007617
2020-10-28,1785,56,1706,54,79,2,1986,59,31930,434,33916,493,0,14,33,226,23,1545,0,61,17,"Anderson",76978,240.32840551846,0.0925572519083969,640.442723895139,72.7480578866689,293.5903764712,9.25572519083969
2020-10-29,1814,29,1727,21,87,8,2005,19,32136,206,34141,225,0,14,6,232,23,1568,2,63,17,"Anderson",76978,250.720985216555,0.0957230142566191,292.291304008938,37.6731014055964,301.384811244771,9.57230142566191
2020-10-30,1851,37,1761,34,90,3,2043,38,32287,151,34330,189,2,16,20,252,15,1583,1,64,17,"Anderson",76978,279.300579386318,0.112781954887218,245.524695367508,48.065681103692,327.36626049001,11.2781954887218
2020-10-31,1851,0,1761,0,90,0,2043,0,32288,1,34331,1,0,16,-10,242,10,1593,0,64,19,"Anderson",76978,239.029333056198,0.121733149931224,1.29907246226194,0,314.375535867391,12.1733149931224
2020-11-01,1856,5,1766,5,90,0,2051,8,32532,244,34583,252,0,16,-10,232,15,1608,0,64,19,"Anderson",76978,223.440463509055,0.111334674714956,327.36626049001,6.49536231130973,301.384811244771,11.1334674714956
2020-11-02,1889,33,1797,31,92,2,2086,35,32799,267,34885,302,0,16,8,240,25,1633,0,64,20,"Anderson",76978,245.524695367508,0.111517367458867,392.319883603107,42.8693912546442,311.777390942867,11.1517367458867
2020-11-03,1915,26,1822,25,93,1,2111,25,32979,180,35090,205,0,16,6,246,20,1653,0,64,21,"Anderson",76978,241.627477980722,0.110377924415117,266.309854763699,33.7758840188106,319.571825716438,11.0377924415117
2020-11-04,1933,18,1837,15,96,3,2129,18,33058,79,35187,97,2,18,1,247,15,1668,1,65,21,"Anderson",76978,192.262724414768,0.112509834775767,126.010028839409,23.383304320715,320.8708981787,11.2509834775767
2020-11-05,1957,24,1855,18,102,6,2149,20,33157,99,35306,119,0,18,1,248,23,1691,0,65,22,"Anderson",76978,185.767362103458,0.123605150214592,154.589623009171,31.1777390942867,322.169970640962,12.3605150214592
2020-11-06,2006,49,1901,46,105,3,2198,49,33524,367,35722,416,0,18,24,272,25,1716,2,67,23,"Anderson",76978,201.356231650601,0.111350574712644,540.414144300969,63.6545506508353,353.347709735249,11.1350574712644
2020-11-07,2086,80,1978,77,108,3,2275,77,33971,447,36246,524,0,18,50,322,30,1746,0,67,23,"Anderson",76978,305.282028631557,0.121148825065274,680.713970225259,103.925796980956,418.301332848346,12.1148825065274
2020-11-08,2140,54,2029,51,111,3,2337,62,34581,610,36918,672,0,18,39,361,15,1761,1,68,23,"Anderson",76978,368.936579282392,0.122483940042827,872.976694640027,70.149912962145,468.965158876562,12.2483940042827
2020-11-09,2148,8,2036,7,112,1,2346,9,34655,74,37001,83,0,18,-46,315,54,1815,0,68,23,"Anderson",76978,336.459767725844,0.122873345935728,107.823014367741,10.3925796980956,409.207825612513,12.2873345935728
2020-11-10,2167,19,2054,18,113,1,2368,22,34826,171,37194,193,0,18,-16,299,35,1850,1,69,23,"Anderson",76978,327.36626049001,0.122148288973384,250.720985216555,24.682376782977,388.422666216322,12.2148288973384
2020-11-11,2206,39,2090,36,116,3,2410,42,35099,273,37509,315,1,19,13,312,25,1875,1,70,23,"Anderson",76978,354.646782197511,0.121016365202412,409.207825612513,50.6638260282159,405.310608225727,12.1016365202412
2020-11-12,2213,7,2096,6,117,1,2418,8,35297,198,37715,206,0,19,-13,299,20,1895,0,70,24,"Anderson",76978,332.562550339058,0.111664591116646,267.608927225961,9.09350723583361,388.422666216322,11.1664591116646
2020-11-13,2269,56,2149,53,120,3,2477,59,35559,262,38036,321,2,21,31,330,23,1918,2,72,24,"Anderson",76978,341.656057574892,0.12057044079516,417.002260386084,72.7480578866689,428.693912546442,12.057044079516
2020-11-14,2310,41,2189,40,121,1,2522,45,35955,396,38477,441,1,22,20,350,20,1938,1,73,25,"Anderson",76978,290.992231546676,0.110712684894666,572.890955857518,53.2619709527397,454.675361791681,11.0712684894666
2020-11-15,2408,98,2287,98,121,0,2630,108,36537,582,39167,690,1,23,79,429,18,1956,1,74,25,"Anderson",76978,348.151419886201,0.130280124499778,896.359998960742,127.309101301671,557.302086310374,13.0280124499778
2020-11-16,2457,49,2316,29,141,20,2659,29,36814,277,39473,306,0,23,-6,423,55,2011,1,75,25,"Anderson",76978,401.413390838941,0.126618122977346,397.516173452155,63.6545506508353,549.507651536803,12.6618122977346
2020-11-17,2473,16,2331,15,142,1,2675,16,37020,206,39695,222,2,25,-37,386,51,2062,1,76,26,"Anderson",76978,397.516173452155,0.122750899640144,288.394086622152,20.7851593961911,501.441970433111,12.2750899640144
2020-11-18,2503,30,2357,26,146,4,2701,26,37314,294,40015,320,0,25,-5,381,35,2097,0,76,27,"Anderson",76978,385.824521291798,0.116121308858739,415.703187923822,38.9721738678584,494.946608121801,11.6121308858739
2020-11-19,2561,58,2411,54,150,4,2763,62,37730,416,40493,478,0,25,19,400,39,2136,1,77,27,"Anderson",76978,452.077216867157,0.124190064794816,620.95663696121,75.3462028111928,519.628984904778,12.4190064794816
2020-11-20,2591,30,2438,27,153,3,2794,31,37843,113,40637,144,0,25,-10,390,40,2176,0,77,28,"Anderson",76978,418.301332848346,0.121876201460977,187.06643456572,38.9721738678584,506.638260282159,12.1876201460977
2020-11-21,2648,57,2487,49,161,8,2842,48,38187,344,41029,392,0,25,33,423,24,2200,1,78,28,"Anderson",76978,439.086492244537,0.125391849529781,509.236405206682,74.0471303489309,549.507651536803,12.5391849529781
2020-11-22,2704,56,2536,49,168,7,2899,57,38670,483,41569,540,0,25,42,465,14,2214,1,79,31,"Anderson",76978,384.525448829536,0.111990008326395,701.49912962145,72.7480578866689,604.068694951804,11.1990008326395
2020-11-23,2711,7,2542,6,169,1,2905,6,38692,22,41597,28,0,25,-64,401,71,2285,0,79,32,"Anderson",76978,329.964405414534,0.115819209039548,36.3740289433345,9.09350723583361,520.92805736704,11.5819209039548
2020-11-24,2724,13,2554,12,170,1,2917,12,38849,157,41766,169,2,27,-35,366,46,2331,0,79,32,"Anderson",76978,326.067188027748,0.116851762433607,219.543246122269,16.8879420094053,475.460521187872,11.6851762433607
2020-11-25,2752,28,2575,21,177,7,2938,21,38886,37,41824,58,1,28,-11,355,38,2369,0,79,32,"Anderson",76978,323.469043103224,0.131011608623549,75.3462028111928,36.3740289433345,461.170724102991,13.1011608623549
2020-11-26,2797,45,2617,42,180,3,2983,45,39236,350,42219,395,0,28,-30,325,75,2444,1,80,33,"Anderson",76978,306.581101093819,0.127462340672074,513.133622593468,58.4582608017875,422.198550235132,12.7462340672074
2020-11-27,2896,99,2707,90,189,9,3078,95,39662,426,42740,521,0,28,56,381,43,2487,3,83,35,"Anderson",76978,396.217100989893,0.135045173561579,676.816752838473,128.608173763933,494.946608121801,13.5045173561579
2020-11-28,2927,31,2732,25,195,6,3108,30,39805,143,42913,173,1,29,5,386,25,2512,2,85,35,"Anderson",76978,362.441216971083,0.141188959660297,224.739535971316,40.2712463301203,501.441970433111,14.1188959660297
2020-11-29,3018,91,2821,89,197,2,3204,96,40242,437,43446,533,0,29,65,451,26,2538,1,86,35,"Anderson",76978,407.908753150251,0.162493340436867,692.405622385617,118.215594065837,585.881680480137,16.2493340436867
2020-11-30,3088,70,2887,66,201,4,3277,73,40494,252,43771,325,0,29,1,452,69,2607,0,86,37,"Anderson",76978,489.750318272753,0.171113155473781,422.198550235132,90.9350723583361,587.180752942399,17.1113155473781
2020-12-01,3164,76,2953,66,211,10,3349,72,40925,431,44274,503,1,30,14,466,61,2668,6,92,38,"Anderson",76978,571.591883395256,0.172248803827751,653.433448517758,98.7295071319078,605.367767414066,17.2248803827751
2020-12-02,3179,15,2967,14,212,1,3365,16,41033,108,44398,124,0,30,-40,426,55,2723,0,92,38,"Anderson",76978,554.70394138585,0.165889665889666,161.084985320481,19.4860869339292,553.404868923589,16.5889665889666
2020-12-03,3220,41,2996,29,224,12,3398,33,41257,224,44655,257,1,31,-14,412,54,2777,1,93,39,"Anderson",76978,549.507651536803,0.170361247947455,333.86162280132,53.2619709527397,535.217854451921,17.0361247947455
2020-12-04,3287,67,3056,60,231,7,3461,63,41415,158,44876,221,1,32,-25,387,91,2868,0,93,39,"Anderson",76978,507.93733274442,0.179307116104869,287.09501415989,87.0378549715503,502.741042895373,17.9307116104869
2020-12-05,3318,31,3075,19,243,12,3479,18,41482,67,44961,85,0,32,1,388,30,2898,0,93,39,"Anderson",76978,507.93733274442,0.18115234375,110.421159292265,40.2712463301203,504.040115357635,18.115234375
2020-12-06,3354,36,3104,29,250,7,3507,28,41690,208,45197,236,0,32,12,400,24,2922,2,95,40,"Anderson",76978,436.488347320014,0.173043974871502,306.581101093819,46.76660864143,519.628984904778,17.3043974871502
2020-12-07,3494,140,3228,124,266,16,3643,136,42283,593,45926,729,2,34,28,428,110,3032,4,99,41,"Anderson",76978,527.42341967835,0.169837587006961,947.023824988958,181.870144716672,556.003013848112,16.9837587006961
2020-12-08,3565,71,3277,49,288,22,3695,52,42581,298,46276,350,1,35,-8,420,78,3110,2,101,43,"Anderson",76978,520.92805736704,0.172827172827173,454.675361791681,92.2341448205981,545.610434150017,17.2827172827173
2020-12-09,3670,105,3368,91,302,14,3799,104,42842,261,46641,365,0,35,46,466,59,3169,3,104,44,"Anderson",76978,637.844578970615,0.193490860454748,474.16144872561,136.402608537504,605.367767414066,19.3490860454748
2020-12-10,3764,94,3446,78,318,16,3886,87,43374,532,47260,619,3,38,81,547,10,3179,3,107,45,"Anderson",76978,706.695419470498,0.187332053742802,804.125854140144,122.112811452623,710.592636857284,18.7332053742802
2020-12-11,3837,73,3499,53,338,20,3937,51,43540,166,47477,217,1,39,30,577,42,3221,2,109,45,"Anderson",76978,714.48985424407,0.183006535947712,281.898724310842,94.832289745122,749.564810725142,18.3006535947712
2020-12-12,3925,88,3560,61,365,27,4002,65,44053,513,48055,578,0,39,55,632,33,3254,2,111,45,"Anderson",76978,788.536984593001,0.169036845507434,750.863883187404,114.318376679051,821.013796149549,16.9036845507434
2020-12-13,4157,232,3743,183,414,49,4206,204,44925,872,49131,1076,1,40,188,820,43,3297,0,111,47,"Anderson",76978,1043.15518719634,0.177681748856126,1397.80196939385,301.384811244771,1065.23941905479,17.7681748856126
2020-12-14,4272,115,3829,86,443,29,4305,99,45216,291,49521,390,0,40,-37,783,152,3449,1,112,48,"Anderson",76978,1010.67837563979,0.184144645340751,506.638260282159,149.393333160124,1017.1737379511,18.4144645340751
2020-12-15,4407,135,3914,85,493,50,4401,96,45743,527,50144,623,1,41,42,825,92,3541,6,118,51,"Anderson",76978,1093.81901322456,0.182523267838676,809.322143989192,175.374782405363,1071.7347813661,18.2523267838676
2020-12-16,4476,69,3944,30,532,39,4437,36,46066,323,50503,359,2,43,-17,808,84,3625,4,122,52,"Anderson",76978,1047.05240458313,0.165199378560331,466.367013952038,89.6359998960742,1049.65054950765,16.5199378560331
2020-12-17,4677,201,4118,174,559,27,4631,194,46594,528,51225,722,2,45,114,922,85,3710,2,124,54,"Anderson",76978,1186.05315804516,0.187894073139975,937.930317753124,261.113564914651,1197.74481020551,18.7894073139975
2020-12-18,4775,98,4194,76,581,22,4718,87,46960,366,51678,453,1,46,23,945,74,3784,2,126,54,"Anderson",76978,1218.5299696017,0.185908117114973,588.479825404661,127.309101301671,1227.62347683754,18.5908117114973
2020-12-19,4880,105,4275,81,605,24,4805,87,47218,258,52023,345,0,46,74,1019,31,3815,1,127,55,"Anderson",76978,1240.61420146016,0.202368951612903,448.179999480371,136.402608537504,1323.75483904492,20.2368951612903
2020-12-20,5020,140,4397,122,623,18,4942,137,47682,464,52624,601,2,48,84,1103,54,3869,3,130,56,"Anderson",76978,1121.09953493206,0.2107071285428,780.742549819429,181.870144716672,1432.87692587493,21.07071285428
2020-12-21,5068,48,4415,18,653,30,4965,23,47902,220,52867,243,3,51,-83,1020,128,3997,2,132,59,"Anderson",76978,1034.06167996051,0.197250448296473,315.674608329653,62.3554781885734,1325.05391150718,19.7250448296473
2020-12-22,5138,70,4459,44,679,26,5012,47,48008,106,53020,153,1,52,-31,989,100,4097,2,134,64,"Anderson",76978,949.621969913482,0.212447844228095,198.758086726078,90.9350723583361,1284.78266517706,21.2447844228095
2020-12-23,5212,74,4501,42,711,32,5055,43,48324,316,53379,359,2,54,-8,981,80,4177,2,136,66,"Anderson",76978,956.117332224792,0.214881780250348,466.367013952038,96.1313622073839,1274.39008547897,21.4881780250348
2020-12-24,5270,58,4525,24,745,34,5082,27,48476,152,53558,179,1,55,-47,934,104,4281,1,137,71,"Anderson",76978,770.349970121333,0.193313330475782,232.533970744888,75.3462028111928,1213.33367975266,19.3313330475782
2020-12-25,5363,93,4602,77,761,16,5174,92,48885,409,54059,501,0,55,-16,918,109,4390,1,138,72,"Anderson",76978,763.854607810024,0.191516169676606,650.835303593234,120.813738990361,1192.54852035647,19.1516169676606
2020-12-26,5419,56,4631,29,788,27,5202,28,49004,119,54206,147,0,55,6,924,50,4440,3,141,74,"Anderson",76978,700.200057159188,0.181859825927623,190.963651952506,72.7480578866689,1200.34295513004,18.1859825927623
2020-12-27,5479,60,4668,37,811,23,5238,36,49140,136,54378,172,1,56,30,954,29,4469,6,147,75,"Anderson",76978,596.274260178233,0.168757126567845,223.440463509055,77.9443477357167,1239.3151289979,16.8757126567845
2020-12-28,5526,47,4689,21,837,26,5258,20,49209,69,54467,89,2,58,-85,869,130,4599,4,151,82,"Anderson",76978,594.975187715971,0.183125,115.617449141313,61.0564057263114,1128.89396970563,18.3125
2020-12-29,5622,96,4741,52,881,44,5306,48,49304,95,54610,143,2,60,-34,835,128,4727,5,156,85,"Anderson",76978,628.751071734781,0.184905660377358,185.767362103458,124.710956377147,1084.72550598872,18.4905660377358
2020-12-30,5657,35,4759,18,898,17,5323,17,49432,128,54755,145,6,66,-89,746,118,4845,1,157,88,"Anderson",76978,578.087245706566,0.194767441860465,188.365507027982,45.4675361791681,969.108056847411,19.4767441860465
2020-12-31,5820,163,4859,100,961,63,5425,102,49736,304,55161,406,6,72,63,809,94,4939,1,158,93,"Anderson",76978,714.48985424407,0.213973799126638,527.42341967835,211.748811348697,1050.94962196991,21.3973799126638
2021-01-01,5885,65,4901,42,984,23,5480,55,50012,276,55492,331,0,72,-25,784,90,5029,2,160,94,"Anderson",76978,678.115825300735,0.213538032100488,429.992985008704,84.4397100470264,1018.47281041336,21.3538032100488
2021-01-02,5978,93,4942,41,1036,52,5521,41,50297,285,55818,326,0,72,49,833,44,5073,2,162,96,"Anderson",76978,726.181506404427,0.197890818858561,423.497622697394,120.813738990361,1082.1273610642,19.7890818858561
2021-01-03,6003,25,4954,12,1049,13,5537,16,50349,52,55886,68,0,72,-9,824,34,5107,1,163,98,"Anderson",76978,680.713970225259,0.198275862068966,88.3369274338123,32.4768115565486,1070.43570890384,19.8275862068966
2021-01-04,6040,37,4978,24,1062,13,5568,31,50456,107,56024,138,1,73,-57,767,93,5200,0,163,103,"Anderson",76978,667.72324560264,0.199100834938985,179.271999792148,48.065681103692,996.388578554912,19.9100834938985
2021-01-05,6112,72,5009,31,1103,41,5599,31,50574,118,56173,149,2,75,-47,720,117,5317,2,165,106,"Anderson",76978,636.545506508353,0.187460012795905,193.56179687703,93.53321728286,935.3321728286,18.7460012795905
2021-01-06,6186,74,5049,40,1137,34,5642,43,50735,161,56377,204,5,80,-12,708,81,5398,2,167,108,"Anderson",76978,687.209332536569,0.196670776818742,265.010782301437,96.1313622073839,919.743303281457,19.6670776818742
2021-01-07,6291,105,5129,80,1162,25,5734,92,50956,221,56690,313,1,81,65,773,39,5437,1,168,111,"Anderson",76978,611.863129725376,0.202092871157619,406.609680687989,136.402608537504,1004.18301332848,20.2092871157619
2021-01-08,6373,82,5179,50,1194,32,5786,52,51155,199,56941,251,5,86,61,834,16,5453,2,170,114,"Anderson",76978,633.947361583829,0.211180124223602,326.067188027748,106.523941905479,1083.42643352646,21.1180124223602
2021-01-09,6483,110,5248,69,1235,41,5861,75,51586,431,57447,506,2,88,44,878,64,5517,0,170,116,"Anderson",76978,656.031593442282,0.208717004297115,657.330665904544,142.897970848814,1140.58562186599,20.8717004297115
2021-01-10,6543,60,5273,25,1270,35,5886,25,51680,94,57566,119,2,90,28,906,30,5547,3,173,117,"Anderson",76978,701.49912962145,0.207738095238095,154.589623009171,77.9443477357167,1176.95965080932,20.7738095238095
2021-01-11,6576,33,5283,10,1293,23,5899,13,51751,71,57650,84,1,91,-93,813,125,5672,1,174,119,"Anderson",76978,696.302839772403,0.203567035670357,109.122086830003,42.8693912546442,1056.14591181896,20.3567035670357
2021-01-12,6629,53,5317,34,1312,19,5937,38,51923,172,57860,210,2,93,-100,713,151,5823,1,175,119,"Anderson",76978,671.620462989426,0.200355660936574,272.805217075008,68.8508404998831,926.238665592767,20.0355660936574
2021-01-13,6655,26,5334,17,1321,9,5956,19,52013,90,57969,109,3,96,-44,669,67,5890,0,175,120,"Anderson",76978,609.264984800852,0.197236180904523,141.598898386552,33.7758840188106,869.079477253241,19.7236180904523
2021-01-14,6752,97,5396,62,1356,35,6030,74,52420,407,58450,481,5,101,9,678,83,5973,2,177,122,"Anderson",76978,598.872405102757,0.168181818181818,624.853854347995,126.010028839409,880.771129413599,16.8181818181818
2021-01-15,6786,34,5416,20,1370,14,6054,24,52575,155,58629,179,0,101,-16,662,50,6023,1,178,125,"Anderson",76978,536.516926914183,0.158767772511848,232.533970744888,44.1684637169061,859.985970017408,15.8767772511848
2021-01-16,6850,64,5446,30,1404,34,6087,33,52819,244,58906,277,1,102,2,664,61,6084,1,179,128,"Anderson",76978,476.759593650134,0.154900616860864,359.843072046559,83.1406375847645,862.584114941931,15.4900616860864
2021-01-17,6887,37,5466,20,1421,17,6110,23,52923,104,59033,127,0,102,-6,658,43,6127,0,179,130,"Anderson",76978,446.880927018109,0.152692569870484,164.982202707267,48.065681103692,854.78968016836,15.2692569870484
2021-01-18,6906,19,5474,8,1432,11,6120,10,53019,96,59139,106,1,103,-68,590,86,6213,0,179,131,"Anderson",76978,428.693912546442,0.148421759570181,137.701680999766,24.682376782977,766.452752734548,14.8421759570181
2021-01-19,6948,42,5491,17,1457,25,6140,20,53131,112,59271,132,1,104,-78,512,119,6332,0,179,133,"Anderson",76978,414.40411546156,0.143869596031184,171.477565018577,54.5610434150017,665.125100678116,14.3869596031184
2021-01-20,6976,28,5507,16,1469,12,6159,19,53283,152,59442,171,3,107,-29,483,54,6386,0,179,136,"Anderson",76978,417.002260386084,0.137813985064494,222.141391046793,36.3740289433345,627.451999272519,13.7813985064494
2021-01-21,7032,56,5547,40,1485,16,6198,39,53524,241,59722,280,5,112,-43,440,94,6480,2,181,137,"Anderson",76978,363.740289433345,0.132075471698113,363.740289433345,72.7480578866689,571.591883395256,13.2075471698113
2021-01-22,7070,38,5565,18,1505,20,6220,22,53669,145,59889,167,2,114,-16,424,52,6532,0,181,140,"Anderson",76978,368.936579282392,0.131746031746032,216.945101197745,49.3647535659539,550.806723999065,13.1746031746032
2021-01-23,7108,38,5579,14,1529,24,6233,13,53929,260,60162,273,0,114,8,432,30,6562,1,182,140,"Anderson",76978,335.160695263582,0.116242038216561,354.646782197511,49.3647535659539,561.19930369716,11.6242038216561
2021-01-24,7121,13,5591,12,1530,1,6247,14,53996,67,60243,81,0,114,-21,411,34,6596,0,182,142,"Anderson",76978,303.982956169295,0.113223140495868,105.224869443218,16.8879420094053,533.918781989659,11.3223140495868
2021-01-25,7138,17,5602,11,1536,6,6258,11,54056,60,60314,71,2,116,-47,364,62,6658,1,183,144,"Anderson",76978,301.384811244771,0.117446808510638,92.2341448205981,22.0842318584531,472.862376263348,11.7446808510638
2021-01-26,7165,27,5623,21,1542,6,6283,25,54219,163,60502,188,0,116,-36,328,63,6721,1,184,147,"Anderson",76978,281.898724310842,0.116165718927701,244.225622905246,35.0749564810725,426.095767621918,11.6165718927701
2021-01-27,7182,17,5631,8,1551,9,6292,9,54305,86,60597,95,4,120,-17,311,30,6751,0,184,149,"Anderson",76978,267.608927225961,0.115151515151515,123.411883914885,22.0842318584531,404.011535763465,11.5151515151515
2021-01-28,7269,87,5671,40,1598,47,6339,47,54531,226,60870,273,4,124,24,335,59,6810,0,184,150,"Anderson",76978,307.880173556081,0.122822299651568,354.646782197511,113.019304216789,435.189274857752,12.2822299651568
2021-01-29,7282,13,5675,4,1607,9,6344,5,54576,45,60920,50,1,125,-34,301,46,6856,1,185,150,"Anderson",76978,275.403361999532,0.120271580989331,64.9536231130973,16.8879420094053,391.020811140845,12.0271580989331
2021-01-30,7322,40,5710,35,1612,5,6380,36,54835,259,61215,295,2,127,1,302,37,6893,2,187,151,"Anderson",76978,278.001506924056,0.13960113960114,383.226376367274,51.9628984904778,392.319883603107,13.960113960114
2021-01-31,7338,16,5717,7,1621,9,6391,11,55004,169,61395,180,1,128,-4,298,19,6912,0,187,153,"Anderson",76978,281.898724310842,0.125,233.83304320715,20.7851593961911,387.12359375406,12.5
2021-02-01,7358,20,5729,12,1629,8,6404,13,55057,53,61461,66,1,129,-26,272,45,6957,1,188,155,"Anderson",76978,285.795941697628,0.127288578901482,85.7387825092884,25.9814492452389,353.347709735249,12.7288578901482
2021-02-02,7365,7,5735,6,1630,1,6410,6,55126,69,61536,75,5,134,-45,227,47,7004,0,188,156,"Anderson",76978,259.814492452389,0.122823984526112,97.4304346696459,9.09350723583361,294.889448933461,12.2823984526112
2021-02-03,7387,22,5741,6,1646,16,6420,10,55318,192,61738,202,4,138,1,228,17,7021,0,188,157,"Anderson",76978,266.309854763699,0.112182296231376,262.412637376913,28.5795941697628,296.188521395723,11.2182296231376
2021-02-04,7417,30,5755,14,1662,16,6437,17,55642,324,62079,341,2,140,-5,223,33,7054,0,188,157,"Anderson",76978,192.262724414768,0.0810587262200165,442.983709631323,38.9721738678584,289.693159084414,8.10587262200166
2021-02-05,7435,18,5766,11,1669,7,6454,17,55799,157,62253,174,2,142,-13,210,29,7083,0,188,158,"Anderson",76978,198.758086726078,0.0825206301575394,226.038608433578,23.383304320715,272.805217075008,8.25206301575394
2021-02-06,7461,26,5782,16,1679,10,6474,20,56021,222,62495,242,1,143,8,218,17,7100,1,189,158,"Anderson",76978,180.57107225441,0.0734375,314.375535867391,33.7758840188106,283.197796773104,7.34375
2021-02-07,7474,13,5789,7,1685,6,6482,8,56128,107,62610,115,0,143,-10,208,23,7123,0,189,158,"Anderson",76978,176.673854867625,0.0748971193415638,149.393333160124,16.8879420094053,270.207072150485,7.48971193415638
2021-02-08,7499,25,5795,6,1704,19,6487,5,56150,22,62637,27,2,145,-12,196,35,7158,0,189,158,"Anderson",76978,183.169217178934,0.070578231292517,35.0749564810725,32.4768115565486,254.618202603341,7.0578231292517
2021-02-09,7523,24,5805,10,1718,14,6498,11,56319,169,62817,180,2,147,-24,172,46,7204,2,191,158,"Anderson",76978,205.253449037387,0.068696330991413,233.83304320715,31.1777390942867,223.440463509055,6.8696330991413
2021-02-10,7548,25,5820,15,1728,10,6517,19,56514,195,63031,214,1,148,8,180,16,7220,1,192,158,"Anderson",76978,209.150666424173,0.0750193348801237,278.001506924056,32.4768115565486,233.83304320715,7.50193348801237
2021-02-11,7561,13,5828,8,1733,5,6529,12,56694,180,63223,192,-1,147,-16,164,30,7250,0,192,159,"Anderson",76978,187.06643456572,0.0804195804195804,249.421912754293,16.8879420094053,213.047883810959,8.04195804195804
2021-02-12,7588,27,5843,15,1745,12,6544,15,56888,194,63432,209,0,147,13,177,14,7264,0,192,159,"Anderson",76978,198.758086726078,0.0763358778625954,271.506144612746,35.0749564810725,229.935825820364,7.63358778625954
2021-02-13,7614,26,5853,10,1761,16,6554,10,57077,189,63631,199,0,147,11,188,15,7279,0,192,159,"Anderson",76978,198.758086726078,0.0704225352112676,258.515419990127,33.7758840188106,244.225622905246,7.04225352112676
2021-02-14,7628,14,5863,10,1765,4,6565,11,57138,61,63703,72,2,149,1,189,11,7290,0,192,159,"Anderson",76978,200.05715918834,0.0759377859103385,93.53321728286,18.1870144716672,245.524695367508,7.59377859103385
2021-02-15,7644,16,5871,8,1773,8,6574,9,57211,73,63785,82,0,149,-6,183,22,7312,1,193,160,"Anderson",76978,188.365507027982,0.0757839721254355,106.523941905479,20.7851593961911,237.730260593936,7.57839721254355
2021-02-16,7673,29,5885,14,1788,15,6591,17,57295,84,63886,101,0,149,11,194,18,7330,0,193,160,"Anderson",76978,194.860869339292,0.0869971936389149,131.206318688456,37.6731014055964,252.020057678817,8.69971936389149
2021-02-17,7692,19,5897,12,1795,7,6603,12,57403,108,64006,120,0,149,-8,186,27,7357,0,193,162,"Anderson",76978,187.06643456572,0.0882051282051282,155.888695471433,24.682376782977,241.627477980722,8.82051282051282
2021-02-18,7716,24,5919,22,1797,2,6629,26,57559,156,64188,182,0,149,9,195,15,7372,0,193,162,"Anderson",76978,201.356231650601,0.103626943005181,236.431188131674,31.1777390942867,253.319130141079,10.3626943005181
2021-02-19,7729,13,5930,11,1799,2,6644,15,57605,46,64249,61,0,149,0,195,13,7385,0,193,163,"Anderson",76978,183.169217178934,0.122399020807834,79.2434201979787,16.8879420094053,253.319130141079,12.2399020807834
2021-02-20,7748,19,5937,7,1811,12,6653,9,57727,122,64380,131,1,150,3,198,15,7400,0,193,164,"Anderson",76978,174.075709943101,0.132176234979973,170.178492556315,24.682376782977,257.216347527865,13.2176234979973
2021-02-21,7760,12,5944,7,1816,5,6660,7,57791,64,64451,71,2,152,-1,197,11,7411,1,194,164,"Anderson",76978,171.477565018577,0.127005347593583,92.2341448205981,15.5888695471433,255.917275065603,12.7005347593583
2021-02-22,7765,5,5946,2,1819,3,6666,6,57828,37,64494,43,1,153,-17,180,21,7432,0,194,165,"Anderson",76978,157.187767933695,0.129760225669958,55.8601158772636,6.49536231130973,233.83304320715,12.9760225669958
2021-02-23,7789,24,5955,9,1834,15,6674,8,57971,143,64645,151,2,155,-2,178,24,7456,0,194,167,"Anderson",76978,150.692405622386,0.10935441370224,196.159941801554,31.1777390942867,231.234898282626,10.935441370224
2021-02-24,7821,32,5974,19,1847,13,6697,23,58145,174,64842,197,0,155,15,193,17,7473,0,194,167,"Anderson",76978,167.580347631791,0.11244019138756,255.917275065603,41.5703187923822,250.720985216555,11.244019138756
2021-02-25,7838,17,5982,8,1856,9,6708,11,58272,127,64980,138,1,156,-3,190,19,7492,0,194,167,"Anderson",76978,158.486840395957,0.0997474747474748,179.271999792148,22.0842318584531,246.82376782977,9.97474747474748
2021-02-26,7850,12,5990,8,1860,4,6717,9,58371,99,65088,108,0,156,-17,173,29,7521,0,194,167,"Anderson",76978,157.187767933695,0.0870083432657926,140.29982592429,15.5888695471433,224.739535971316,8.70083432657926
2021-02-27,7859,9,5997,7,1862,2,6723,6,58463,92,65186,98,0,156,-6,167,15,7536,0,194,167,"Anderson",76978,144.197043311076,0.086848635235732,127.309101301671,11.6916521603575,216.945101197745,8.6848635235732
2021-02-28,7873,14,6007,10,1866,4,6734,11,58534,71,65268,82,0,156,0,167,14,7550,0,194,167,"Anderson",76978,146.7951882356,0.0905752753977968,106.523941905479,18.1870144716672,216.945101197745,9.05752753977968
2021-03-01,7881,8,6012,5,1869,3,6741,7,58569,35,65310,42,0,156,-11,156,19,7569,0,194,168,"Anderson",76978,150.692405622386,0.0919117647058824,54.5610434150017,10.3925796980956,202.655304112863,9.19117647058824
2021-03-02,7904,23,6023,11,1881,12,6751,10,58685,116,65436,126,1,157,-2,154,24,7593,1,195,168,"Anderson",76978,149.393333160124,0.0973451327433628,163.683130245005,29.8786666320247,200.05715918834,9.73451327433628
2021-03-03,7937,33,6044,21,1893,12,6776,25,58801,116,65577,141,1,158,13,167,19,7612,0,195,169,"Anderson",76978,150.692405622386,0.107482993197279,183.169217178934,42.8693912546442,216.945101197745,10.7482993197279
2021-03-04,7962,25,6057,13,1905,12,6793,17,58964,163,65757,180,0,158,13,180,12,7624,0,195,169,"Anderson",76978,161.084985320481,0.109395109395109,233.83304320715,32.4768115565486,233.83304320715,10.9395109395109
2021-03-05,7995,33,6074,17,1921,16,6815,22,59098,134,65913,156,0,158,18,198,15,7639,2,197,169,"Anderson",76978,188.365507027982,0.118787878787879,202.655304112863,42.8693912546442,257.216347527865,11.8787878787879
2021-03-06,8005,10,6079,5,1926,5,6823,8,59187,89,66010,97,0,158,-1,197,11,7650,0,197,169,"Anderson",76978,189.664579490244,0.121359223300971,126.010028839409,12.9907246226195,255.917275065603,12.1359223300971
2021-03-07,8011,6,6082,3,1929,3,6826,3,59226,39,66052,42,0,158,-10,187,16,7666,0,197,169,"Anderson",76978,179.271999792148,0.11734693877551,54.5610434150017,7.79443477357167,242.926550442984,11.734693877551
2021-03-08,8027,16,6089,7,1938,9,6835,9,59303,77,66138,86,1,159,-4,183,19,7685,0,197,169,"Anderson",76978,189.664579490244,0.113526570048309,111.720231754527,20.7851593961911,237.730260593936,11.3526570048309
2021-03-09,8048,21,6097,8,1951,13,6843,8,59368,65,66211,73,0,159,3,186,18,7703,3,200,170,"Anderson",76978,187.06643456572,0.118709677419355,94.832289745122,27.2805217075008,241.627477980722,11.8709677419355
2021-03-10,8070,22,6110,13,1960,9,6859,16,59525,157,66384,173,0,159,11,197,11,7714,1,201,170,"Anderson",76978,172.776637480839,0.102850061957869,224.739535971316,28.5795941697628,255.917275065603,10.2850061957869
2021-03-11,8093,23,6120,10,1973,13,6869,10,59622,97,66491,107,0,159,1,198,22,7736,1,202,171,"Anderson",76978,170.178492556315,0.103542234332425,139.000753462028,29.8786666320247,257.216347527865,10.3542234332425
2021-03-12,8113,20,6137,17,1976,3,6889,20,59728,106,66617,126,0,159,8,206,12,7748,0,202,171,"Anderson",76978,153.29055054691,0.105113636363636,163.683130245005,25.9814492452389,267.608927225961,10.5113636363636
2021-03-13,8124,11,6141,4,1983,7,6893,4,59804,76,66697,80,0,159,2,208,9,7757,1,203,171,"Anderson",76978,154.589623009171,0.101892285298399,103.925796980956,14.2897970848814,270.207072150485,10.1892285298399
2021-03-14,8130,6,6145,4,1985,2,6899,6,59840,36,66739,42,0,159,-13,195,19,7776,1,204,171,"Anderson",76978,154.589623009171,0.106259097525473,54.5610434150017,7.79443477357167,253.319130141079,10.6259097525473
2021-03-15,8148,18,6151,6,1997,12,6905,6,59873,33,66778,39,0,159,-9,186,27,7803,1,205,171,"Anderson",76978,157.187767933695,0.109375,50.6638260282159,23.383304320715,241.627477980722,10.9375
2021-03-16,8181,33,6164,13,2017,20,6920,15,59966,93,66886,108,0,159,-2,184,35,7838,2,207,171,"Anderson",76978,172.776637480839,0.114074074074074,140.29982592429,42.8693912546442,239.029333056198,11.4074074074074
2021-03-17,8198,17,6175,11,2023,6,6933,13,60053,87,66986,100,0,159,-5,179,22,7860,0,207,172,"Anderson",76978,166.281275169529,0.122923588039867,129.907246226195,22.0842318584531,232.533970744888,12.2923588039867
2021-03-18,8214,16,6187,12,2027,4,6948,15,60134,81,67082,96,1,160,-1,178,16,7876,0,207,172,"Anderson",76978,157.187767933695,0.133671742808799,124.710956377147,20.7851593961911,231.234898282626,13.3671742808799
2021-03-19,8238,24,6201,14,2037,10,6961,13,60253,119,67214,132,0,160,13,191,11,7887,1,208,172,"Anderson",76978,162.384057782743,0.120603015075377,171.477565018577,31.1777390942867,248.122840292031,12.0603015075377
2021-03-20,8250,12,6207,6,2043,6,6969,8,60292,39,67261,47,0,160,3,194,9,7896,1,209,172,"Anderson",76978,163.683130245005,0.134751773049645,61.0564057263114,15.5888695471433,252.020057678817,13.4751773049645
2021-03-21,8260,10,6213,6,2047,4,6976,7,60354,62,67330,69,-1,159,-5,189,16,7912,0,209,172,"Anderson",76978,168.879420094053,0.130287648054146,89.6359998960742,12.9907246226195,245.524695367508,13.0287648054146
2021-03-22,8266,6,6214,1,2052,5,6977,1,60420,66,67397,67,0,159,-9,180,15,7927,1,210,172,"Anderson",76978,153.29055054691,0.116316639741519,87.0378549715503,7.79443477357167,233.83304320715,11.6316639741519
2021-03-23,8272,6,6215,1,2057,5,6978,1,60463,43,67441,44,0,159,-15,165,21,7948,0,210,173,"Anderson",76978,118.215594065837,0.104504504504505,57.1591883395256,7.79443477357167,214.346956273221,10.4504504504505
2021-03-24,8280,8,6222,7,2058,1,6985,7,60584,121,67569,128,1,160,-11,154,18,7966,0,210,173,"Anderson",76978,106.523941905479,0.0891938250428816,166.281275169529,10.3925796980956,200.05715918834,8.91938250428817
2021-03-25,8290,10,6227,5,2063,5,6991,6,60685,101,67676,107,0,160,-10,144,20,7986,0,210,173,"Anderson",76978,98.7295071319078,0.0723905723905724,139.000753462028,12.9907246226195,187.06643456572,7.23905723905724
2021-03-26,8307,17,6239,12,2068,5,7002,11,60751,66,67753,77,0,160,2,146,15,8001,0,210,174,"Anderson",76978,89.6359998960742,0.0760667903525046,100.02857959417,22.0842318584531,189.664579490244,7.60667903525046
2021-03-27,8311,4,6243,4,2068,0,7008,6,60815,64,67823,70,1,161,-12,134,15,8016,2,212,174,"Anderson",76978,79.2434201979786,0.0693950177935943,90.9350723583361,5.19628984904778,174.075709943101,6.93950177935943
2021-03-28,8314,3,6243,0,2071,3,7008,0,60844,29,67852,29,1,162,-12,122,14,8030,0,212,175,"Anderson",76978,70.149912962145,0.0613026819923372,37.6731014055964,3.89721738678583,158.486840395957,6.13026819923372
2021-03-29,8329,15,6247,4,2082,11,7012,4,60930,86,67942,90,1,163,-16,106,30,8060,0,212,176,"Anderson",76978,81.8415651225025,0.0642201834862385,116.916521603575,19.4860869339292,137.701680999766,6.42201834862385
2021-03-30,8334,5,6250,3,2084,2,7015,3,60988,58,68003,61,1,164,-12,94,16,8076,0,212,176,"Anderson",76978,80.5424926602406,0.0658362989323843,79.2434201979787,6.49536231130973,122.112811452623,6.58362989323843
2021-03-31,8357,23,6264,14,2093,9,7031,16,61152,164,68183,180,1,165,10,104,12,8088,1,213,176,"Anderson",76978,100.02857959417,0.0749185667752443,233.83304320715,29.8786666320247,135.103536075242,7.49185667752443
2021-04-01,8366,9,6268,4,2098,5,7035,4,61209,57,68244,61,0,165,-8,96,17,8105,0,213,176,"Anderson",76978,98.7295071319078,0.0774647887323944,79.2434201979787,11.6916521603575,124.710956377147,7.74647887323944
2021-04-02,8375,9,6275,7,2100,2,7042,7,61279,70,68321,77,0,165,-1,95,10,8115,0,213,176,"Anderson",76978,88.3369274338123,0.0704225352112676,100.02857959417,11.6916521603575,123.411883914885,7.04225352112676
2021-04-03,8381,6,6280,5,2101,1,7048,6,61329,50,68377,56,0,165,-8,87,14,8129,0,213,176,"Anderson",76978,90.9350723583361,0.0722021660649819,72.7480578866689,7.79443477357167,113.019304216789,7.22021660649819
2021-04-04,8383,2,6282,2,2101,0,7050,2,61367,38,68417,40,0,165,-5,82,7,8136,0,213,176,"Anderson",76978,89.6359998960742,0.0743362831858407,51.9628984904778,2.59814492452389,106.523941905479,7.43362831858407
2021-04-05,8397,14,6285,3,2112,11,7052,2,61425,58,68477,60,0,165,4,86,10,8146,2,215,176,"Anderson",76978,88.3369274338123,0.0747663551401869,77.9443477357167,18.1870144716672,111.720231754527,7.47663551401869
2021-04-06,8402,5,6289,4,2113,1,7058,6,61467,42,68525,48,0,165,3,89,2,8148,0,215,176,"Anderson",76978,88.3369274338123,0.0823754789272031,62.3554781885734,6.49536231130973,115.617449141313,8.23754789272031
2021-04-07,8422,20,6302,13,2120,7,7072,14,61626,159,68698,173,0,165,10,99,10,8158,2,217,176,"Anderson",76978,84.4397100470264,0.0796116504854369,224.739535971316,25.9814492452389,128.608173763933,7.96116504854369
2021-04-08,8425,3,6304,2,2121,1,7075,3,61717,91,68792,94,5,170,-17,82,15,8173,1,218,176,"Anderson",76978,76.6452752734548,0.072992700729927,122.112811452623,3.89721738678583,106.523941905479,7.2992700729927
2021-04-09,8433,8,6310,6,2123,2,7084,9,61804,87,68888,96,-4,166,8,90,4,8177,0,218,176,"Anderson",76978,75.3462028111928,0.0740740740740741,124.710956377147,10.3925796980956,116.916521603575,7.40740740740741
2021-04-10,8438,5,6315,5,2123,0,7089,5,61875,71,68964,76,0,166,-6,84,11,8188,0,218,176,"Anderson",76978,74.0471303489309,0.0698466780238501,98.7295071319078,6.49536231130973,109.122086830003,6.98466780238501
2021-04-11,8445,7,6320,5,2125,2,7094,5,61919,44,69013,49,-1,165,0,84,8,8196,0,218,176,"Anderson",76978,80.5424926602406,0.0738255033557047,63.6545506508353,9.09350723583361,109.122086830003,7.38255033557047
2021-04-12,8448,3,6323,3,2125,0,7097,3,61988,69,69085,72,0,165,-7,77,10,8206,0,218,176,"Anderson",76978,66.2526955753592,0.0740131578947368,93.53321728286,3.89721738678583,100.02857959417,7.40131578947368
2021-04-13,8458,10,6328,5,2130,5,7103,6,62049,61,69152,67,5,170,-7,70,12,8218,0,218,176,"Anderson",76978,72.7480578866689,0.0717703349282297,87.0378549715503,12.9907246226195,90.9350723583361,7.17703349282297
2021-04-14,8472,14,6337,9,2135,5,7114,11,62187,138,69301,149,0,170,7,77,7,8225,0,218,176,"Anderson",76978,64.9536231130973,0.0696517412935323,193.56179687703,18.1870144716672,100.02857959417,6.96517412935323
2021-04-15,8481,9,6342,5,2139,4,7119,5,62268,81,69387,86,0,170,6,83,3,8228,0,218,176,"Anderson",76978,72.7480578866689,0.0739495798319328,111.720231754527,11.6916521603575,107.823014367741,7.39495798319328
2021-04-16,8494,13,6353,11,2141,2,7132,13,62421,153,69553,166,0,170,6,89,7,8235,0,218,176,"Anderson",76978,79.2434201979786,0.0721804511278196,215.646028735483,16.8879420094053,115.617449141313,7.21804511278196
2021-04-17,8499,5,6356,3,2143,2,7136,4,62486,65,69622,69,0,170,0,89,5,8240,0,218,176,"Anderson",76978,79.2434201979786,0.0714285714285714,89.6359998960742,6.49536231130973,115.617449141313,7.14285714285714
2021-04-18,8506,7,6362,6,2144,1,7142,6,62531,45,69673,51,0,170,0,89,7,8247,0,218,176,"Anderson",76978,79.2434201979786,0.0727272727272727,66.2526955753592,9.09350723583361,115.617449141313,7.27272727272727
2021-04-19,8512,6,6365,3,2147,3,7145,3,62554,23,69699,26,0,170,-6,83,12,8259,0,218,177,"Anderson",76978,83.1406375847645,0.0781758957654723,33.7758840188106,7.79443477357167,107.823014367741,7.81758957654723
2021-04-20,8518,6,6368,3,2150,3,7148,3,62653,99,69801,102,0,170,-1,82,7,8266,0,218,177,"Anderson",76978,77.9443477357167,0.0693374422187981,132.505391150718,7.79443477357167,106.523941905479,6.93374422187981
2021-04-21,8530,12,6374,6,2156,6,7154,6,62808,155,69962,161,1,171,-2,80,13,8279,0,218,177,"Anderson",76978,75.3462028111928,0.0605143721633888,209.150666424173,15.5888695471433,103.925796980956,6.05143721633888
2021-04-22,8548,18,6380,6,2168,12,7161,7,62952,144,70113,151,0,171,12,92,6,8285,0,218,177,"Anderson",76978,87.0378549715503,0.0578512396694215,196.159941801554,23.383304320715,119.514666528099,5.78512396694215
2021-04-23,8558,10,6385,5,2173,5,7167,6,63118,166,70285,172,0,171,8,100,2,8287,0,218,177,"Anderson",76978,83.1406375847645,0.0478142076502732,223.440463509055,12.9907246226195,129.907246226195,4.78142076502732
2021-04-24,8570,12,6391,6,2179,6,7174,7,63185,67,70359,74,0,171,8,108,4,8291,1,219,177,"Anderson",76978,92.2341448205981,0.0515603799185889,96.1313622073839,15.5888695471433,140.29982592429,5.15603799185889
2021-04-25,8574,4,6393,2,2181,2,7176,2,63225,40,70401,42,0,171,0,108,4,8295,0,219,177,"Anderson",76978,88.3369274338123,0.0467032967032967,54.5610434150017,5.19628984904778,140.29982592429,4.67032967032967
2021-04-26,8583,9,6397,4,2186,5,7180,4,63300,75,70480,79,0,171,2,110,7,8302,0,219,178,"Anderson",76978,92.2341448205981,0.0448143405889885,102.626724518694,11.6916521603575,142.897970848814,4.48143405889885
2021-04-27,8593,10,6403,6,2190,4,7186,6,63368,68,70554,74,0,171,-3,107,13,8315,0,219,178,"Anderson",76978,97.4304346696459,0.050464807436919,96.1313622073839,12.9907246226195,139.000753462028,5.0464807436919
2021-04-28,8610,17,6415,12,2195,5,7199,13,63506,138,70705,151,0,171,1,108,16,8331,1,220,179,"Anderson",76978,103.925796980956,0.0605652759084791,196.159941801554,22.0842318584531,140.29982592429,6.05652759084791
2021-04-29,8616,6,6417,2,2199,4,7202,3,63655,149,70857,152,0,171,-1,107,7,8338,0,220,179,"Anderson",76978,88.3369274338123,0.0551075268817204,197.459014263816,7.79443477357167,139.000753462028,5.51075268817204
2021-04-30,8623,7,6420,3,2203,4,7206,4,63777,122,70983,126,0,171,-2,105,9,8347,0,220,179,"Anderson",76978,84.4397100470264,0.0558739255014327,163.683130245005,9.09350723583361,136.402608537504,5.58739255014327
2021-05-01,8628,5,6423,3,2205,2,7209,3,63840,63,71049,66,0,171,-1,104,6,8353,1,221,179,"Anderson",76978,75.3462028111928,0.0507246376811594,85.7387825092884,6.49536231130973,135.103536075242,5.07246376811594
2021-05-02,8631,3,6424,1,2207,2,7210,1,63891,51,71101,52,0,171,-7,97,10,8363,0,221,179,"Anderson",76978,74.0471303489309,0.0485714285714286,67.5517680376211,3.89721738678583,126.010028839409,4.85714285714286
2021-05-03,8641,10,6429,5,2212,5,7215,5,63997,106,71212,111,0,171,-3,94,13,8376,0,221,179,"Anderson",76978,75.3462028111928,0.0478142076502732,144.197043311076,12.9907246226195,122.112811452623,4.78142076502732
2021-05-04,8643,2,6429,0,2214,2,7216,1,64073,76,71289,77,0,171,-11,83,13,8389,0,221,179,"Anderson",76978,64.9536231130973,0.0408163265306122,100.02857959417,2.59814492452389,107.823014367741,4.08163265306122
2021-05-05,8651,8,6433,4,2218,4,7219,3,64190,117,71409,120,0,171,-3,80,11,8400,0,221,179,"Anderson",76978,53.2619709527397,0.0284090909090909,155.888695471433,10.3925796980956,103.925796980956,2.84090909090909
2021-05-06,8656,5,6436,3,2220,2,7225,6,64242,52,71467,58,0,171,-4,76,9,8409,1,222,179,"Anderson",76978,51.9628984904778,0.0377049180327869,75.3462028111928,6.49536231130973,98.7295071319078,3.77049180327869
2021-05-07,8661,5,6438,2,2223,3,7228,3,64363,121,71591,124,0,171,-4,72,9,8418,0,222,179,"Anderson",76978,49.3647535659539,0.0361842105263158,161.084985320481,6.49536231130973,93.53321728286,3.61842105263158
2021-05-08,8667,6,6441,3,2226,3,7230,2,64432,69,71662,71,0,171,-6,66,12,8430,1,223,180,"Anderson",76978,50.6638260282159,0.034257748776509,92.2341448205981,7.79443477357167,85.7387825092884,3.4257748776509
2021-05-09,8668,1,6441,0,2227,1,7231,1,64460,28,71691,29,0,171,-4,62,5,8435,0,223,180,"Anderson",76978,48.065681103692,0.0355932203389831,37.6731014055964,1.29907246226194,80.5424926602406,3.55932203389831
2021-05-10,8673,5,6441,0,2232,5,7231,0,64548,88,71779,88,0,171,-5,57,10,8445,0,223,180,"Anderson",76978,41.5703187923822,0.0282186948853616,114.318376679051,6.49536231130973,74.0471303489309,2.82186948853616
2021-05-11,8681,8,6442,1,2239,7,7233,2,64590,42,71823,44,0,171,3,60,5,8450,0,223,181,"Anderson",76978,49.3647535659539,0.0318352059925094,57.1591883395256,10.3925796980956,77.9443477357167,3.18352059925094
2021-05-12,8694,13,6449,7,2245,6,7239,6,64694,104,71933,110,0,171,8,68,5,8455,2,225,181,"Anderson",76978,55.8601158772636,0.0381679389312977,142.897970848814,16.8879420094053,88.3369274338123,3.81679389312977
2021-05-13,8698,4,6451,2,2247,2,7241,2,64797,103,72038,105,0,171,-3,65,7,8462,2,227,181,"Anderson",76978,54.5610434150017,0.0280210157618214,136.402608537504,5.19628984904778,84.4397100470264,2.80210157618214
2021-05-14,8706,8,6454,3,2252,5,7246,5,64884,87,72130,92,0,171,2,67,6,8468,0,227,181,"Anderson",76978,58.4582608017875,0.0333951762523191,119.514666528099,10.3925796980956,87.0378549715503,3.33951762523191
2021-05-15,8711,5,6456,2,2255,3,7248,2,64949,65,72197,67,0,171,1,68,4,8472,0,227,181,"Anderson",76978,57.1591883395256,0.0336448598130841,87.0378549715503,6.49536231130973,88.3369274338123,3.36448598130841
2021-05-16,8713,2,6457,1,2256,1,7249,1,64985,36,72234,37,0,171,-5,63,7,8479,0,227,181,"Anderson",76978,58.4582608017875,0.0331491712707182,48.065681103692,2.59814492452389,81.8415651225025,3.31491712707182
2021-05-17,8719,6,6462,5,2257,1,7254,5,65044,59,72298,64,1,172,0,63,5,8484,0,227,181,"Anderson",76978,59.7573332640495,0.0443159922928709,83.1406375847645,7.79443477357167,81.8415651225025,4.43159922928709
2021-05-18,8723,4,6462,0,2261,4,7254,0,65135,91,72389,91,0,172,0,63,4,8488,1,228,181,"Anderson",76978,54.5610434150017,0.0371024734982332,118.215594065837,5.19628984904778,81.8415651225025,3.71024734982332
2021-05-19,8730,7,6467,5,2263,2,7260,6,65254,119,72514,125,0,172,5,68,2,8490,0,228,181,"Anderson",76978,46.76660864143,0.036144578313253,162.384057782743,9.09350723583361,88.3369274338123,3.6144578313253
2021-05-20,8732,2,6469,2,2263,0,7262,2,65373,119,72635,121,0,172,-1,67,3,8493,0,228,181,"Anderson",76978,44.1684637169061,0.0351758793969849,157.187767933695,2.59814492452389,87.0378549715503,3.51758793969849
2021-05-21,8734,2,6469,0,2265,2,7262,0,65443,70,72705,70,0,172,-7,60,9,8502,0,228,181,"Anderson",76978,36.3740289433345,0.0278260869565217,90.9350723583361,2.59814492452389,77.9443477357167,2.78260869565217
2021-05-22,8739,5,6471,2,2268,3,7264,2,65483,40,72747,42,0,172,-3,57,8,8510,0,228,181,"Anderson",76978,36.3740289433345,0.0290909090909091,54.5610434150017,6.49536231130973,74.0471303489309,2.90909090909091
2021-05-23,8739,0,6471,0,2268,0,7264,0,65512,29,72776,29,0,172,-3,54,3,8513,0,228,181,"Anderson",76978,33.7758840188106,0.0276752767527675,37.6731014055964,0,70.149912962145,2.76752767527675
2021-05-24,8747,8,6475,4,2272,4,7267,3,65571,59,72838,62,0,172,1,55,7,8520,0,228,181,"Anderson",76978,36.3740289433345,0.0240740740740741,80.5424926602406,10.3925796980956,71.448985424407,2.40740740740741
2021-05-25,8749,2,6475,0,2274,2,7268,1,65616,45,72884,46,0,172,-10,45,12,8532,0,228,181,"Anderson",76978,33.7758840188106,0.0282828282828283,59.7573332640495,2.59814492452389,58.4582608017875,2.82828282828283
2021-05-26,8756,7,6480,5,2276,2,7274,6,65716,100,72990,106,0,172,0,45,7,8539,0,228,181,"Anderson",76978,33.7758840188106,0.0294117647058824,137.701680999766,9.09350723583361,58.4582608017875,2.94117647058824
2021-05-27,8758,2,6481,1,2277,1,7275,1,65766,50,73041,51,0,172,-1,44,3,8542,1,229,181,"Anderson",76978,33.7758840188106,0.0320197044334975,66.2526955753592,2.59814492452389,57.1591883395256,3.20197044334975
2021-05-28,8763,5,6485,4,2278,1,7280,5,65849,83,73129,88,0,172,0,44,5,8547,0,229,181,"Anderson",76978,37.6731014055964,0.0424528301886792,114.318376679051,6.49536231130973,57.1591883395256,4.24528301886792
2021-05-29,8764,1,6485,0,2279,1,7280,0,65886,37,73166,37,0,172,-5,39,6,8553,0,229,181,"Anderson",76978,32.4768115565486,0.0381861575178998,48.065681103692,1.29907246226194,50.6638260282159,3.81861575178998
2021-05-30,8767,3,6486,1,2281,2,7281,1,65936,50,73217,51,0,172,0,39,3,8556,0,229,181,"Anderson",76978,36.3740289433345,0.0385487528344671,66.2526955753592,3.89721738678583,50.6638260282159,3.85487528344671
2021-05-31,8771,4,6489,3,2282,1,7284,3,65987,51,73271,54,0,172,1,40,3,8559,0,229,181,"Anderson",76978,31.1777390942867,0.0392609699769053,70.149912962145,5.19628984904778,51.9628984904778,3.92609699769053
2021-06-01,8774,3,6491,2,2283,1,7285,1,66035,48,73320,49,0,172,1,41,2,8561,1,230,181,"Anderson",76978,32.4768115565486,0.0389908256880734,63.6545506508353,3.89721738678583,53.2619709527397,3.89908256880734
2021-06-02,8778,4,6492,1,2286,3,7287,2,66076,41,73363,43,0,172,-2,39,6,8567,0,230,181,"Anderson",76978,28.5795941697628,0.0348525469168901,55.8601158772636,5.19628984904778,50.6638260282159,3.48525469168901
2021-06-03,8779,1,6492,0,2287,1,7290,3,66166,90,73456,93,1,173,-3,36,3,8570,0,230,182,"Anderson",76978,27.2805217075008,0.036144578313253,120.813738990361,1.29907246226194,46.76660864143,3.6144578313253
2021-06-04,8780,1,6493,1,2287,0,7292,2,66219,53,73511,55,-1,172,-2,34,4,8574,0,230,182,"Anderson",76978,22.0842318584531,0.031413612565445,71.448985424407,1.29907246226194,44.1684637169061,3.1413612565445
2021-06-05,8781,1,6494,1,2287,0,7293,1,66276,57,73569,58,0,172,-3,31,4,8578,0,230,182,"Anderson",76978,22.0842318584531,0.032258064516129,75.3462028111928,1.29907246226194,40.2712463301203,3.2258064516129
2021-06-06,8781,0,6494,0,2287,0,7293,0,66301,25,73594,25,0,172,-4,27,4,8582,0,230,182,"Anderson",76978,18.1870144716672,0.0318302387267905,32.4768115565486,0,35.0749564810725,3.18302387267904
2021-06-07,8782,1,6494,0,2288,1,7293,0,66365,64,73658,64,0,172,-1,26,2,8584,0,230,182,"Anderson",76978,14.2897970848814,0.0232558139534884,83.1406375847645,1.29907246226194,33.7758840188106,2.32558139534884
2021-06-08,8783,1,6494,0,2289,1,7293,0,66402,37,73695,37,0,172,-1,25,2,8586,1,231,183,"Anderson",76978,11.6916521603575,0.0213333333333333,48.065681103692,1.29907246226194,32.4768115565486,2.13333333333333
2021-06-09,8783,0,6494,0,2289,0,7293,0,66484,82,73777,82,0,172,-4,21,4,8590,0,231,183,"Anderson",76978,6.49536231130972,0.0144927536231884,106.523941905479,0,27.2805217075008,1.44927536231884
2021-06-10,8787,4,6495,1,2292,3,7294,1,66541,57,73835,58,0,172,4,25,0,8590,0,231,183,"Anderson",76978,10.3925796980956,0.0105540897097625,75.3462028111928,5.19628984904778,32.4768115565486,1.05540897097625
2021-06-11,8788,1,6495,0,2293,1,7295,1,66596,55,73891,56,1,173,-3,22,3,8593,0,231,183,"Anderson",76978,10.3925796980956,0.00789473684210526,72.7480578866689,1.29907246226194,28.5795941697628,0.789473684210526
2021-06-12,8789,1,6495,0,2294,1,7296,1,66651,55,73947,56,2,175,-4,18,3,8596,0,231,183,"Anderson",76978,10.3925796980956,0.00793650793650794,72.7480578866689,1.29907246226194,23.383304320715,0.793650793650794
2021-06-13,8790,1,6495,0,2295,1,7297,1,66689,38,73986,39,0,175,-3,15,4,8600,0,231,183,"Anderson",76978,11.6916521603575,0.0102040816326531,50.6638260282159,1.29907246226194,19.4860869339292,1.02040816326531
2021-06-14,8792,2,6497,2,2295,0,7299,2,66775,86,74074,88,0,175,1,16,1,8601,0,231,183,"Anderson",76978,12.9907246226194,0.0144230769230769,114.318376679051,2.59814492452389,20.7851593961911,1.44230769230769
2021-06-15,8792,0,6497,0,2295,0,7300,1,66806,31,74106,32,0,175,-2,14,2,8603,0,231,183,"Anderson",76978,11.6916521603575,0.0170316301703163,41.5703187923822,0,18.1870144716672,1.70316301703163
2021-06-16,8793,1,6498,1,2295,0,7301,1,66850,44,74151,45,0,175,0,14,1,8604,0,231,183,"Anderson",76978,12.9907246226194,0.0213903743315508,58.4582608017875,1.29907246226194,18.1870144716672,2.13903743315508
2021-06-17,8793,0,6498,0,2295,0,7301,0,66936,86,74237,86,0,175,-1,13,1,8605,0,231,183,"Anderson",76978,7.79443477357167,0.0174129353233831,111.720231754527,0,16.8879420094053,1.74129353233831
2021-06-18,8795,2,6499,1,2296,1,7305,4,66986,50,74291,54,0,175,1,14,1,8606,0,231,183,"Anderson",76978,9.09350723583361,0.025,70.149912962145,2.59814492452389,18.1870144716672,2.5
2021-06-19,8795,0,6499,0,2296,0,7305,0,67034,48,74339,48,0,175,-1,13,1,8607,0,231,183,"Anderson",76978,7.79443477357167,0.0229591836734694,62.3554781885734,0,16.8879420094053,2.29591836734694
2021-06-20,8795,0,6499,0,2296,0,7306,1,67057,23,74363,24,0,175,-2,11,2,8609,0,231,183,"Anderson",76978,6.49536231130972,0.0238726790450928,31.1777390942867,0,14.2897970848814,2.38726790450928
2021-06-21,8796,1,6499,0,2297,1,7306,0,67097,40,74403,40,0,175,0,11,1,8610,0,231,183,"Anderson",76978,5.19628984904778,0.0212765957446809,51.9628984904778,1.29907246226194,14.2897970848814,2.12765957446809
2021-06-22,8800,4,6500,1,2300,3,7306,0,67139,42,74445,42,0,175,2,13,2,8612,1,232,183,"Anderson",76978,10.3925796980956,0.0176991150442478,54.5610434150017,5.19628984904778,16.8879420094053,1.76991150442478
2021-06-23,8801,1,6501,1,2300,0,7307,1,67187,48,74494,49,0,175,1,14,0,8612,0,232,183,"Anderson",76978,10.3925796980956,0.0174927113702624,63.6545506508353,1.29907246226194,18.1870144716672,1.74927113702624
2021-06-24,8801,0,6501,0,2300,0,7308,1,67232,45,74540,46,0,175,-3,11,3,8615,0,232,183,"Anderson",76978,10.3925796980956,0.0231023102310231,59.7573332640495,0,14.2897970848814,2.31023102310231
2021-06-25,8802,1,6502,1,2300,0,7309,1,67268,36,74577,37,0,175,1,12,0,8615,0,232,183,"Anderson",76978,9.09350723583361,0.013986013986014,48.065681103692,1.29907246226194,15.5888695471433,1.3986013986014
2021-06-26,8803,1,6503,1,2300,0,7310,1,67301,33,74611,34,0,175,0,12,1,8616,0,232,183,"Anderson",76978,10.3925796980956,0.0183823529411765,44.1684637169061,1.29907246226194,15.5888695471433,1.83823529411765
2021-06-27,8803,0,6503,0,2300,0,7310,0,67333,32,74643,32,0,175,0,12,0,8616,0,232,183,"Anderson",76978,10.3925796980956,0.0142857142857143,41.5703187923822,0,15.5888695471433,1.42857142857143
2021-06-28,8804,1,6503,0,2301,1,7311,1,67349,16,74660,17,0,175,1,13,0,8616,0,232,183,"Anderson",76978,10.3925796980956,0.0194552529182879,22.0842318584531,1.29907246226194,16.8879420094053,1.94552529182879
2021-06-29,8807,3,6506,3,2301,0,7314,3,67408,59,74722,62,0,175,2,15,1,8617,0,232,183,"Anderson",76978,9.09350723583361,0.0288808664259928,80.5424926602406,3.89721738678583,19.4860869339292,2.88808664259928
2021-06-30,8807,0,6506,0,2301,0,7314,0,67454,46,74768,46,0,175,-1,14,1,8618,0,232,183,"Anderson",76978,7.79443477357167,0.0255474452554745,59.7573332640495,0,18.1870144716672,2.55474452554745
2021-07-01,8808,1,6507,1,2301,0,7315,1,67491,37,74806,38,0,175,1,15,0,8618,0,232,183,"Anderson",76978,9.09350723583361,0.0263157894736842,49.3647535659539,1.29907246226194,19.4860869339292,2.63157894736842
2021-07-02,8808,0,6507,0,2301,0,7315,0,67534,43,74849,43,0,175,0,15,0,8618,0,232,183,"Anderson",76978,7.79443477357167,0.0220588235294118,55.8601158772636,0,19.4860869339292,2.20588235294118
2021-07-03,8808,0,6507,0,2301,0,7315,0,67555,21,74870,21,0,175,-1,14,1,8619,0,232,183,"Anderson",76978,6.49536231130972,0.0193050193050193,27.2805217075008,0,18.1870144716672,1.93050193050193
2021-07-04,8809,1,6507,0,2302,1,7316,1,67580,25,74896,26,0,175,0,14,1,8620,0,232,183,"Anderson",76978,7.79443477357167,0.0237154150197628,33.7758840188106,1.29907246226194,18.1870144716672,2.37154150197628
2021-07-05,8809,0,6507,0,2302,0,7317,1,67595,15,74912,16,0,175,-1,13,1,8621,0,232,183,"Anderson",76978,6.49536231130972,0.0238095238095238,20.7851593961911,0,16.8879420094053,2.38095238095238
2021-07-06,8810,1,6507,0,2303,1,7317,0,67625,30,74942,30,1,176,-3,10,3,8624,0,232,183,"Anderson",76978,3.89721738678583,0.0136363636363636,38.9721738678584,1.29907246226194,12.9907246226195,1.36363636363636
2021-07-07,8811,1,6507,0,2304,1,7317,0,67671,46,74988,46,0,176,-2,8,3,8627,0,232,183,"Anderson",76978,5.19628984904778,0.0136363636363636,59.7573332640495,1.29907246226194,10.3925796980956,1.36363636363636
2021-07-08,8812,1,6508,1,2304,0,7318,1,67712,41,75030,42,0,176,-1,7,2,8629,0,232,183,"Anderson",76978,5.19628984904778,0.0133928571428571,54.5610434150017,1.29907246226194,9.09350723583361,1.33928571428571
2021-07-09,8814,2,6509,1,2305,1,7319,1,67756,44,75075,45,0,176,1,8,1,8630,0,232,183,"Anderson",76978,7.79443477357167,0.0176991150442478,58.4582608017875,2.59814492452389,10.3925796980956,1.76991150442478
2021-07-10,8816,2,6510,1,2306,1,7320,1,67778,22,75098,23,0,176,2,10,0,8630,1,233,183,"Anderson",76978,10.3925796980956,0.0219298245614035,29.8786666320247,2.59814492452389,12.9907246226195,2.19298245614035
2021-07-11,8816,0,6510,0,2306,0,7320,0,67793,15,75113,15,0,176,0,10,0,8630,0,233,183,"Anderson",76978,9.09350723583361,0.0184331797235023,19.4860869339292,0,12.9907246226195,1.84331797235023
2021-07-12,8824,8,6514,4,2310,4,7324,4,67829,36,75153,40,0,176,7,17,1,8631,1,234,183,"Anderson",76978,19.4860869339292,0.029045643153527,51.9628984904778,10.3925796980956,22.0842318584531,2.9045643153527
2021-07-13,8825,1,6514,0,2311,1,7324,0,67850,21,75174,21,0,176,0,17,1,8632,0,234,185,"Anderson",76978,19.4860869339292,0.0301724137931034,27.2805217075008,1.29907246226194,22.0842318584531,3.01724137931034
2021-07-14,8830,5,6519,5,2311,0,7329,5,67904,54,75233,59,0,176,5,22,0,8632,1,235,185,"Anderson",76978,24.682376782977,0.0489795918367347,76.6452752734548,6.49536231130973,28.5795941697628,4.89795918367347
2021-07-15,8833,3,6522,3,2311,0,7331,2,67937,33,75268,35,0,176,3,25,0,8632,0,235,185,"Anderson",76978,27.2805217075008,0.0546218487394958,45.4675361791681,3.89721738678583,32.4768115565486,5.46218487394958
2021-07-16,8843,10,6524,2,2319,8,7332,1,67965,28,75297,29,0,176,10,35,0,8632,0,235,185,"Anderson",76978,37.6731014055964,0.0585585585585586,37.6731014055964,12.9907246226195,45.4675361791681,5.85585585585586
2021-07-17,8848,5,6525,1,2323,4,7333,1,68001,36,75334,37,0,176,4,39,1,8633,0,235,185,"Anderson",76978,41.5703187923822,0.0550847457627119,48.065681103692,6.49536231130973,50.6638260282159,5.50847457627119
2021-07-18,8851,3,6527,2,2324,1,7335,2,68021,20,75356,22,0,176,-1,38,4,8637,0,235,185,"Anderson",76978,45.4675361791681,0.0617283950617284,28.5795941697628,3.89721738678583,49.3647535659539,6.17283950617284
2021-07-19,8856,5,6531,4,2325,1,7339,4,68055,34,75394,38,1,177,2,40,2,8639,0,235,185,"Anderson",76978,41.5703187923822,0.0622406639004149,49.3647535659539,6.49536231130973,51.9628984904778,6.22406639004149
2021-07-20,8871,15,6542,11,2329,4,7350,11,68090,35,75440,46,0,177,10,50,5,8644,1,236,185,"Anderson",76978,59.7573332640495,0.0977443609022556,59.7573332640495,19.4860869339292,64.9536231130973,9.77443609022556
2021-07-21,8878,7,6546,4,2332,3,7355,5,68175,85,75530,90,0,177,6,56,1,8645,0,236,186,"Anderson",76978,62.3554781885734,0.0875420875420875,116.916521603575,9.09350723583361,72.7480578866689,8.75420875420875
2021-07-22,8888,10,6551,5,2337,5,7359,4,68231,56,75590,60,0,177,9,65,1,8646,0,236,186,"Anderson",76978,71.448985424407,0.0869565217391304,77.9443477357167,12.9907246226195,84.4397100470264,8.69565217391304
2021-07-23,8898,10,6555,4,2343,6,7364,5,68302,71,75666,76,0,177,10,75,0,8646,0,236,186,"Anderson",76978,71.448985424407,0.0867208672086721,98.7295071319078,12.9907246226195,97.4304346696459,8.67208672086721
2021-07-24,8906,8,6559,4,2347,4,7368,4,68356,54,75724,58,0,177,7,82,1,8647,0,236,187,"Anderson",76978,75.3462028111928,0.0897435897435897,75.3462028111928,10.3925796980956,106.523941905479,8.97435897435897
2021-07-25,8911,5,6562,3,2349,2,7369,1,68378,22,75747,23,0,177,2,84,3,8650,0,236,187,"Anderson",76978,77.9443477357167,0.0869565217391304,29.8786666320247,6.49536231130973,109.122086830003,8.69565217391304
2021-07-26,8934,23,6571,9,2363,14,7377,8,68428,50,75805,58,2,179,13,97,8,8658,0,236,187,"Anderson",76978,101.327652056432,0.0924574209245742,75.3462028111928,29.8786666320247,126.010028839409,9.24574209245742
2021-07-27,8949,15,6576,5,2373,10,7382,5,68481,53,75863,58,0,179,12,109,3,8661,0,236,187,"Anderson",76978,101.327652056432,0.0756501182033097,75.3462028111928,19.4860869339292,141.598898386552,7.56501182033097
2021-07-28,8969,20,6584,8,2385,12,7394,12,68564,83,75958,95,0,179,14,123,6,8667,0,236,187,"Anderson",76978,118.215594065837,0.0911214953271028,123.411883914885,25.9814492452389,159.785912858219,9.11214953271028
2021-07-29,8981,12,6594,10,2387,2,7406,12,68613,49,76019,61,0,179,8,131,4,8671,0,236,187,"Anderson",76978,120.813738990361,0.10955710955711,79.2434201979787,15.5888695471433,170.178492556315,10.955710955711
2021-07-30,9012,31,6615,21,2397,10,7429,23,68662,49,76091,72,0,179,19,150,12,8683,1,237,187,"Anderson",76978,148.094260697862,0.152941176470588,93.53321728286,40.2712463301203,194.860869339292,15.2941176470588
2021-07-31,9025,13,6621,6,2404,7,7435,6,68704,42,76139,48,0,179,8,158,5,8688,0,237,187,"Anderson",76978,154.589623009171,0.16144578313253,62.3554781885734,16.8879420094053,205.253449037387,16.144578313253
2021-08-01,9044,19,6632,11,2412,8,7450,15,68743,39,76193,54,0,179,14,172,5,8693,0,237,187,"Anderson",76978,172.776637480839,0.181614349775785,70.149912962145,24.682376782977,223.440463509055,18.1614349775785
2021-08-02,9055,11,6637,5,2418,6,7455,5,68822,79,76277,84,0,179,3,175,8,8701,0,237,187,"Anderson",76978,157.187767933695,0.165254237288136,109.122086830003,14.2897970848814,227.33768089584,16.5254237288136
2021-08-03,9078,23,6648,11,2430,12,7468,13,68894,72,76362,85,0,179,14,189,9,8710,1,238,187,"Anderson",76978,167.580347631791,0.172344689378758,110.421159292265,29.8786666320247,245.524695367508,17.2344689378758
2021-08-04,9104,26,6670,22,2434,4,7489,21,68996,102,76485,123,0,179,24,213,2,8712,0,238,187,"Anderson",76978,175.374782405363,0.180265654648956,159.785912858219,33.7758840188106,276.702434461794,18.0265654648956
2021-08-05,9134,30,6686,16,2448,14,7505,16,69094,98,76599,114,0,179,13,226,17,8729,1,239,187,"Anderson",76978,198.758086726078,0.170689655172414,148.094260697862,38.9721738678584,293.5903764712,17.0689655172414
2021-08-06,9159,25,6702,16,2457,9,7523,18,69237,143,76760,161,0,179,17,243,8,8737,1,240,187,"Anderson",76978,190.963651952506,0.14050822122571,209.150666424173,32.4768115565486,315.674608329653,14.050822122571
2021-08-07,9172,13,6708,6,2464,7,7530,7,69312,75,76842,82,0,179,5,248,8,8745,0,240,187,"Anderson",76978,190.963651952506,0.135135135135135,106.523941905479,16.8879420094053,322.169970640962,13.5135135135135
2021-08-08,9186,14,6716,8,2470,6,7540,10,69364,52,76904,62,0,179,6,254,8,8753,0,240,187,"Anderson",76978,184.468289641196,0.126582278481013,80.5424926602406,18.1870144716672,329.964405414534,12.6582278481013
2021-08-09,9222,36,6736,20,2486,16,7559,19,69463,99,77022,118,0,179,16,270,20,8773,0,240,187,"Anderson",76978,216.945101197745,0.139597315436242,153.29055054691,46.76660864143,350.749564810725,13.9597315436242
2021-08-10,9261,39,6756,20,2505,19,7579,20,69563,100,77142,120,0,179,20,290,19,8792,2,242,187,"Anderson",76978,237.730260593936,0.142307692307692,155.888695471433,50.6638260282159,376.731014055964,14.2307692307692
2021-08-11,9315,54,6780,24,2535,30,7608,29,69695,132,77303,161,0,179,30,320,24,8816,1,243,187,"Anderson",76978,274.10428953727,0.145476772616137,209.150666424173,70.149912962145,415.703187923822,14.5476772616137
2021-08-12,9363,48,6816,36,2547,12,7645,37,69863,168,77508,205,0,179,27,347,21,8837,0,243,189,"Anderson",76978,297.487593857985,0.154015401540154,266.309854763699,62.3554781885734,450.778144404895,15.4015401540154
2021-08-13,9426,63,6851,35,2575,28,7683,38,69977,114,77660,152,2,181,45,392,16,8853,1,244,190,"Anderson",76978,346.852347423939,0.177777777777778,197.459014263816,81.8415651225025,509.236405206682,17.7777777777778
2021-08-14,9476,50,6886,35,2590,15,7715,32,70163,186,77878,218,0,181,29,421,21,8874,0,244,190,"Anderson",76978,394.918028527631,0.178571428571429,283.197796773104,64.9536231130973,546.909506612279,17.8571428571429
2021-08-15,9499,23,6899,13,2600,10,7730,15,70252,89,77982,104,0,181,16,437,7,8881,0,244,190,"Anderson",76978,406.609680687989,0.176252319109462,135.103536075242,29.8786666320247,567.69466600847,17.6252319109462
2021-08-16,9537,38,6923,24,2614,14,7754,24,70341,89,78095,113,0,181,11,448,27,8908,0,244,191,"Anderson",76978,409.207825612513,0.181733457595527,146.7951882356,49.3647535659539,581.984463093351,18.1733457595527
2021-08-17,9580,43,6944,21,2636,22,7778,24,70449,108,78227,132,1,182,14,462,28,8936,0,244,191,"Anderson",76978,414.40411546156,0.183410138248848,171.477565018577,55.8601158772636,600.171477565019,18.3410138248848
2021-08-18,9632,52,6971,27,2661,25,7809,31,70561,112,78370,143,0,182,16,478,36,8972,0,244,191,"Anderson",76978,411.805970537037,0.188378631677601,185.767362103458,67.5517680376211,620.95663696121,18.8378631677601
2021-08-19,9706,74,7004,33,2702,41,7844,35,70713,152,78557,187,0,182,48,526,26,8998,0,244,191,"Anderson",76978,445.581854555847,0.189704480457579,242.926550442984,96.1313622073839,683.312115149783,18.9704480457579
2021-08-20,9766,60,7046,42,2720,18,7888,44,70907,194,78795,238,0,182,27,553,33,9031,2,246,191,"Anderson",76978,441.684637169061,0.180616740088106,309.179246018343,77.9443477357167,718.387071630856,18.0616740088106
2021-08-21,9847,81,7079,33,2768,48,7922,34,71181,274,79103,308,0,182,60,613,21,9052,1,247,191,"Anderson",76978,481.955883499182,0.168979591836735,400.114318376679,105.224869443218,796.331419366572,16.8979591836735
2021-08-22,9870,23,7101,22,2769,1,7950,28,71337,156,79287,184,0,182,-2,611,25,9077,0,247,191,"Anderson",76978,481.955883499182,0.168582375478927,239.029333056198,29.8786666320247,793.733274442048,16.8582375478927
2021-08-23,9918,48,7115,14,2803,34,7967,17,71472,135,79439,152,0,182,-4,607,52,9129,2,249,192,"Anderson",76978,494.946608121801,0.158482142857143,197.459014263816,62.3554781885734,788.536984593001,15.8482142857143
2021-08-24,9962,44,7142,27,2820,17,7991,24,71558,86,79549,110,1,183,-23,584,66,9195,0,249,193,"Anderson",76978,496.245680584063,0.161119515885023,142.897970848814,57.1591883395256,758.658317960976,16.1119515885023
2021-08-25,10033,71,7168,26,2865,45,8013,22,71602,44,79615,66,0,183,15,599,56,9251,1,250,193,"Anderson",76978,520.92805736704,0.163855421686747,85.7387825092884,92.2341448205981,778.144404894905,16.3855421686747
2021-08-26,10101,68,7204,36,2897,32,8057,44,71774,172,79831,216,1,184,15,614,52,9303,2,252,194,"Anderson",76978,513.133622593468,0.167189952904239,280.59965184858,88.3369274338123,797.630491828834,16.7189952904239
2021-08-27,10176,75,7259,55,2917,20,8118,61,71951,177,80069,238,0,184,30,644,45,9348,0,252,194,"Anderson",76978,532.619709527397,0.180533751962323,309.179246018343,97.4304346696459,836.602665696693,18.0533751962323
2021-08-28,10235,59,7291,32,2944,27,8158,40,72155,204,80313,244,0,184,31,675,28,9376,0,252,194,"Anderson",76978,504.040115357635,0.19504132231405,316.973680791915,76.6452752734548,876.873912026813,19.504132231405
2021-08-29,10299,64,7340,49,2959,15,8212,54,72366,211,80578,265,0,184,40,715,24,9400,1,253,195,"Anderson",76978,557.302086310374,0.20294345468629,344.254202499415,83.1406375847645,928.836810517291,20.294345468629
2021-08-30,10370,71,7386,46,2984,25,8260,48,72592,226,80852,274,0,184,3,718,68,9468,3,256,195,"Anderson",76978,587.180752942399,0.207360226468507,355.945854659773,92.2341448205981,932.734027904076,20.7360226468507
2021-08-31,10504,134,7468,82,3036,52,8347,87,72849,257,81196,344,0,184,48,766,86,9554,0,256,196,"Anderson",76978,704.097274545974,0.216150576806314,446.880927018109,174.075709943101,995.08950609265,21.6150576806314
2021-09-01,10535,31,7490,22,3045,9,8371,24,72940,91,81311,115,0,184,-17,749,48,9602,0,256,197,"Anderson",76978,652.134376055496,0.211084905660377,149.393333160124,40.2712463301203,973.005274234197,21.1084905660377
2021-09-02,10594,59,7516,26,3078,33,8400,29,73041,101,81441,130,1,185,-9,740,67,9669,0,256,197,"Anderson",76978,640.442723895139,0.21304347826087,168.879420094053,76.6452752734548,961.313622073839,21.304347826087
2021-09-03,10623,29,7534,18,3089,11,8418,18,73114,73,81532,91,0,185,-38,702,67,9736,0,256,197,"Anderson",76978,580.685390631089,0.205058099794942,118.215594065837,37.6731014055964,911.948868507885,20.5058099794942
2021-09-04,10730,107,7604,70,3126,37,8494,76,73435,321,81929,397,0,185,77,779,30,9766,1,257,197,"Anderson",76978,643.040868819663,0.207920792079208,515.731767517992,139.000753462028,1011.97744810206,20.7920792079208
2021-09-05,10842,112,7678,74,3164,38,8570,76,73739,304,82309,380,0,185,76,855,36,9802,1,258,198,"Anderson",76978,705.396347008236,0.20681686886193,493.647535659539,145.496115773338,1110.70695523396,20.681686886193
2021-09-06,10957,115,7755,77,3202,38,8657,87,74146,407,82803,494,0,185,-5,850,120,9922,3,261,199,"Anderson",76978,762.555535347762,0.203485392106612,641.741796357401,149.393333160124,1104.21159292265,20.3485392106612
2021-09-07,10994,37,7775,20,3219,17,8675,18,74245,99,82920,117,0,185,-73,777,110,10032,0,261,199,"Anderson",76978,636.545506508353,0.190255220417633,151.991478084648,48.065681103692,1009.37930317753,19.0255220417633
2021-09-08,11035,41,7806,31,3229,10,8707,32,74352,107,83059,139,0,185,-57,720,98,10130,2,263,202,"Anderson",76978,649.536231130973,0.192219679633867,180.57107225441,53.2619709527397,935.3321728286,19.2219679633867
2021-09-09,11093,58,7827,21,3266,37,8725,18,74558,206,83283,224,0,185,-41,679,99,10229,1,264,205,"Anderson",76978,648.237158668711,0.176438653637351,290.992231546676,75.3462028111928,882.070201875861,17.6438653637351
2021-09-10,11245,152,7900,73,3345,79,8806,81,74851,293,83657,374,1,186,65,744,86,10315,2,266,206,"Anderson",76978,808.02307152693,0.182588235294118,485.853100885967,197.459014263816,966.509911922887,18.2588235294118
2021-09-11,11360,115,7963,63,3397,52,8875,69,75197,346,84072,415,0,186,82,826,33,10348,1,267,206,"Anderson",76978,818.415651225025,0.177788147456836,539.115071838707,149.393333160124,1073.03385382837,17.7788147456836
2021-09-12,11398,38,7995,32,3403,6,8910,35,75340,143,84250,178,0,186,5,831,33,10381,4,271,207,"Anderson",76978,722.284289017641,0.175167439464194,231.234898282626,49.3647535659539,1079.52921613968,17.5167439464194
2021-09-13,11486,88,8029,34,3457,54,8944,34,75470,130,84414,164,4,190,-47,784,131,10512,3,274,207,"Anderson",76978,687.209332536569,0.178150217256363,213.047883810959,114.318376679051,1018.47281041336,17.8150217256363
2021-09-14,11546,60,8059,30,3487,30,8979,35,75629,159,84608,194,1,191,-47,737,106,10618,1,275,207,"Anderson",76978,717.087999168594,0.180094786729858,252.020057678817,77.9443477357167,957.416404687054,18.0094786729858
2021-09-15,11586,40,8075,16,3511,24,8993,14,75690,61,84683,75,0,191,-42,695,82,10700,1,276,208,"Anderson",76978,715.788926706332,0.176108374384236,97.4304346696459,51.9628984904778,902.855361272052,17.6108374384236
2021-09-16,11673,87,8129,54,3544,33,9049,56,75912,222,84961,278,0,191,27,722,60,10760,1,277,208,"Anderson",76978,753.462028111928,0.193087008343266,361.142144508821,113.019304216789,937.930317753124,19.3087008343266
2021-09-17,11746,73,8171,42,3575,31,9086,37,76075,163,85161,200,0,191,14,736,59,10819,1,278,212,"Anderson",76978,650.835303593234,0.186170212765957,259.814492452389,94.832289745122,956.117332224792,18.6170212765957
2021-09-18,11798,52,8201,30,3597,22,9119,33,76229,154,85348,187,0,191,7,743,45,10864,1,279,213,"Anderson",76978,568.993738470732,0.191222570532915,242.926550442984,67.5517680376211,965.210839460625,19.1222570532915
2021-09-19,11821,23,8210,9,3611,14,9129,10,76297,68,85426,78,0,191,-17,726,40,10904,0,279,213,"Anderson",76978,549.507651536803,0.186224489795918,101.327652056432,29.8786666320247,943.126607602172,18.6224489795918
2021-09-20,11884,63,8245,35,3639,28,9165,36,76483,186,85648,222,0,191,25,751,38,10942,3,282,213,"Anderson",76978,517.030839980254,0.179092382495948,288.394086622152,81.8415651225025,975.603419158721,17.9092382495948
2021-09-21,11938,54,8271,26,3667,28,9189,24,76601,118,85790,142,0,191,-55,696,109,11051,1,283,214,"Anderson",76978,509.236405206682,0.177664974619289,184.468289641196,70.149912962145,904.154433734314,17.7664974619289
2021-09-22,11989,51,8305,34,3684,17,9229,40,76873,272,86102,312,0,191,-38,658,89,11140,0,283,216,"Anderson",76978,523.526202291564,0.16631430584919,405.310608225727,66.2526955753592,854.78968016836,16.631430584919
2021-09-23,12064,75,8353,48,3711,27,9280,51,77081,208,86361,259,2,193,-11,647,84,11224,1,284,216,"Anderson",76978,507.93733274442,0.165,336.459767725844,97.4304346696459,840.499883083478,16.5
2021-09-24,12105,41,8375,22,3730,19,9305,25,77221,140,86526,165,2,195,-18,629,57,11281,1,285,218,"Anderson",76978,466.367013952038,0.16043956043956,214.346956273221,53.2619709527397,817.116578762763,16.043956043956
2021-09-25,12115,10,8379,4,3736,6,9311,6,77316,95,86627,101,0,195,-35,594,45,11326,0,285,218,"Anderson",76978,411.805970537037,0.150117279124316,131.206318688456,12.9907246226195,771.649042583595,15.0117279124316
2021-09-26,12133,18,8394,15,3739,3,9329,18,77453,137,86782,155,1,196,-12,582,29,11355,0,285,218,"Anderson",76978,405.310608225727,0.147492625368732,201.356231650601,23.383304320715,756.060173036452,14.7492625368732
2021-09-27,12183,50,8415,21,3768,29,9351,22,77539,86,86890,108,1,197,-43,539,92,11447,1,286,219,"Anderson",76978,388.422666216322,0.14975845410628,140.29982592429,64.9536231130973,700.200057159188,14.975845410628
2021-09-28,12232,49,8439,24,3793,25,9378,27,77634,95,87012,122,0,197,-29,510,78,11525,1,287,219,"Anderson",76978,381.927303905012,0.154664484451718,158.486840395957,63.6545506508353,662.526955753592,15.4664484451718
2021-09-29,12268,36,8455,16,3813,20,9395,17,77825,191,87220,208,2,199,-37,473,71,11596,0,287,221,"Anderson",76978,362.441216971083,0.148479427549195,270.207072150485,46.76660864143,614.4612746499,14.8479427549195
2021-09-30,12330,62,8493,38,3837,24,9435,40,77997,172,87432,212,0,199,2,475,60,11656,1,288,222,"Anderson",76978,345.553274961677,0.144724556489262,275.403361999532,80.5424926602406,617.059419574424,14.4724556489262
2021-10-01,12381,51,8520,27,3861,24,9464,29,78148,151,87612,180,0,199,-10,465,61,11717,1,289,223,"Anderson",76978,358.543999584297,0.146408839779006,233.83304320715,66.2526955753592,604.068694951804,14.6408839779006
2021-10-02,12398,17,8527,7,3871,10,9470,6,78228,80,87698,86,1,200,-10,455,26,11743,0,289,225,"Anderson",76978,367.63750682013,0.148459383753501,111.720231754527,22.0842318584531,591.077970329185,14.8459383753501
2021-10-03,12411,13,8536,9,3875,4,9479,9,78326,98,87805,107,4,204,-10,445,19,11762,0,289,225,"Anderson",76978,361.142144508821,0.146627565982405,139.000753462028,16.8879420094053,578.087245706565,14.6627565982405
2021-10-04,12455,44,8559,23,3896,21,9505,26,78446,120,87951,146,1,205,-22,423,65,11827,0,289,227,"Anderson",76978,353.347709735249,0.145146088595664,189.664579490244,57.1591883395256,549.507651536803,14.5146088595664
2021-10-05,12508,53,8588,29,3920,24,9535,30,78574,128,88109,158,2,207,-15,408,66,11893,0,289,228,"Anderson",76978,358.543999584297,0.143117593436645,205.253449037387,68.8508404998831,530.021564602874,14.3117593436645
2021-10-06,12538,30,8611,23,3927,7,9561,26,78739,165,88300,191,1,208,-5,403,34,11927,0,289,229,"Anderson",76978,350.749564810725,0.153703703703704,248.122840292031,38.9721738678584,523.526202291564,15.3703703703704
2021-10-07,12570,32,8633,22,3937,10,9586,25,78878,139,88464,164,0,208,-10,393,42,11969,0,289,231,"Anderson",76978,311.777390942867,0.146317829457364,213.047883810959,41.5703187923822,510.535477668944,14.6317829457364
2021-10-08,12587,17,8638,5,3949,12,9596,10,79008,130,88604,140,1,209,-13,380,29,11998,1,290,231,"Anderson",76978,267.608927225961,0.133064516129032,181.870144716672,22.0842318584531,493.647535659539,13.3064516129032
2021-10-09,12602,15,8641,3,3961,12,9603,7,79070,62,88673,69,0,209,-12,368,27,12025,0,290,232,"Anderson",76978,265.010782301437,0.136410256410256,89.6359998960742,19.4860869339292,478.058666112396,13.6410256410256
2021-10-10,12612,10,8649,8,3963,2,9612,9,79157,87,88769,96,0,209,-15,353,25,12050,0,290,232,"Anderson",76978,261.113564914651,0.137966804979253,124.710956377147,12.9907246226195,458.572579178467,13.7966804979253
2021-10-11,12653,41,8663,14,3990,27,9625,13,79258,101,88883,114,0,209,-11,342,52,12102,1,291,232,"Anderson",76978,257.216347527865,0.128755364806867,148.094260697862,53.2619709527397,444.282782093585,12.8755364806867
2021-10-12,12688,35,8687,24,4001,11,9647,22,79357,99,89004,121,2,211,-9,333,42,12144,3,294,232,"Anderson",76978,233.83304320715,0.125139664804469,157.187767933695,45.4675361791681,432.591129933228,12.5139664804469
2021-10-13,12714,26,8701,14,4013,12,9665,18,79469,112,89134,130,0,211,-15,318,41,12185,1,295,235,"Anderson",76978,228.636753358102,0.124700239808153,168.879420094053,33.7758840188106,413.105042999298,12.4700239808153
2021-10-14,12733,19,8711,10,4022,9,9679,14,79572,103,89251,117,1,212,-21,297,39,12224,0,295,235,"Anderson",76978,211.748811348697,0.118170266836086,151.991478084648,24.682376782977,385.824521291798,11.8170266836086
2021-10-15,12756,23,8723,12,4033,11,9692,13,79694,122,89386,135,0,212,-15,282,38,12262,1,296,235,"Anderson",76978,219.543246122269,0.122762148337596,175.374782405363,29.8786666320247,366.338434357868,12.2762148337596
2021-10-16,12764,8,8728,5,4036,3,9699,7,79749,55,89448,62,0,212,-15,267,23,12285,1,297,235,"Anderson",76978,210.449738886435,0.123870967741935,80.5424926602406,10.3925796980956,346.852347423939,12.3870967741935
2021-10-17,12766,2,8729,1,4037,1,9700,1,79800,51,89500,52,0,212,-11,256,13,12298,0,297,235,"Anderson",76978,200.05715918834,0.120383036935705,67.5517680376211,2.59814492452389,332.562550339058,12.0383036935705
2021-10-18,12790,24,8739,10,4051,14,9711,11,79868,68,89579,79,1,213,-26,230,49,12347,1,298,235,"Anderson",76978,177.972927329886,0.123563218390805,102.626724518694,31.1777390942867,298.786666320247,12.3563218390805
2021-10-19,12819,29,8752,13,4067,16,9722,11,79979,111,89701,122,2,215,-17,213,44,12391,0,298,235,"Anderson",76978,170.178492556315,0.107604017216643,158.486840395957,37.6731014055964,276.702434461794,10.7604017216643
2021-10-20,12854,35,8778,26,4076,9,9751,29,80090,111,89841,140,0,215,12,225,23,12414,1,299,236,"Anderson",76978,181.870144716672,0.121640735502122,181.870144716672,45.4675361791681,292.291304008938,12.1640735502122
2021-10-21,12886,32,8796,18,4090,14,9769,18,80183,93,89952,111,0,215,11,236,21,12435,1,300,237,"Anderson",76978,198.758086726078,0.128388017118402,144.197043311076,41.5703187923822,306.581101093819,12.8388017118402
2021-10-22,12895,9,8802,6,4093,3,9777,8,80259,76,90036,84,0,215,-23,213,32,12467,1,301,237,"Anderson",76978,180.57107225441,0.130769230769231,109.122086830003,11.6916521603575,276.702434461794,13.0769230769231
2021-10-23,12912,17,8806,4,4106,13,9781,4,80312,53,90093,57,0,215,3,216,14,12481,1,302,237,"Anderson",76978,192.262724414768,0.127131782945736,74.0471303489309,22.0842318584531,280.59965184858,12.7131782945736
2021-10-24,12918,6,8811,5,4107,1,9788,7,80364,52,90152,59,0,215,-10,206,16,12497,0,302,238,"Anderson",76978,197.459014263816,0.134969325153374,76.6452752734548,7.79443477357167,267.608927225961,13.4969325153374
2021-10-25,12942,24,8824,13,4118,11,9802,14,80435,71,90237,85,1,216,-8,198,31,12528,2,304,238,"Anderson",76978,197.459014263816,0.138297872340426,110.421159292265,31.1777390942867,257.216347527865,13.8297872340426
2021-10-26,12954,12,8830,6,4124,6,9808,6,80499,64,90307,70,0,216,-9,189,21,12549,0,304,239,"Anderson",76978,175.374782405363,0.141914191419142,90.9350723583361,15.5888695471433,245.524695367508,14.1914191419142
2021-10-27,12972,18,8840,10,4132,8,9821,13,80620,121,90441,134,1,217,-4,185,21,12570,2,306,241,"Anderson",76978,153.29055054691,0.116666666666667,174.075709943101,23.383304320715,240.32840551846,11.6666666666667
2021-10-28,12994,22,8854,14,4140,8,9838,17,80702,82,90540,99,1,218,7,192,14,12584,0,306,242,"Anderson",76978,140.29982592429,0.11734693877551,128.608173763933,28.5795941697628,249.421912754293,11.734693877551
2021-10-29,13015,21,8865,11,4150,10,9850,12,80816,114,90666,126,0,218,7,199,14,12598,1,307,242,"Anderson",76978,155.888695471433,0.115873015873016,163.683130245005,27.2805217075008,258.515419990127,11.5873015873016
2021-10-30,13027,12,8869,4,4158,8,9855,5,80903,87,90758,92,0,218,0,199,12,12610,1,308,242,"Anderson",76978,149.393333160124,0.111278195488722,119.514666528099,15.5888695471433,258.515419990127,11.1278195488722
2021-10-31,13030,3,8871,2,4159,1,9858,3,80942,39,90800,42,0,218,-8,191,11,12621,0,308,242,"Anderson",76978,145.496115773338,0.108024691358025,54.5610434150017,3.89721738678583,248.122840292031,10.8024691358025
2021-11-01,13057,27,8876,5,4181,22,9862,4,81030,88,90892,92,1,219,-15,176,41,12662,1,309,243,"Anderson",76978,149.393333160124,0.0916030534351145,119.514666528099,35.0749564810725,228.636753358102,9.16030534351145
2021-11-02,13077,20,8881,5,4196,15,9867,5,81106,76,90973,81,2,221,-6,170,24,12686,1,310,243,"Anderson",76978,159.785912858219,0.0885885885885886,105.224869443218,25.9814492452389,220.842318584531,8.85885885885886
2021-11-03,13106,29,8898,17,4208,12,9884,17,81306,200,91190,217,1,222,10,180,18,12704,0,310,243,"Anderson",76978,174.075709943101,0.0841121495327103,281.898724310842,37.6731014055964,233.83304320715,8.41121495327103
2021-11-04,13128,22,8913,15,4215,7,9900,16,81439,133,91339,149,0,222,6,186,16,12720,0,310,243,"Anderson",76978,174.075709943101,0.0775969962453066,193.56179687703,28.5795941697628,241.627477980722,7.75969962453066
2021-11-05,13138,10,8916,3,4222,7,9901,1,81561,122,91462,123,0,222,3,189,7,12727,0,310,243,"Anderson",76978,159.785912858219,0.064070351758794,159.785912858219,12.9907246226195,245.524695367508,6.4070351758794
2021-11-06,13147,9,8920,4,4227,5,9906,5,81648,87,91554,92,0,222,-4,185,13,12740,3,313,244,"Anderson",76978,155.888695471433,0.064070351758794,119.514666528099,11.6916521603575,240.32840551846,6.4070351758794
2021-11-07,13153,6,8925,5,4228,1,9912,6,81696,48,91608,54,0,222,-4,181,10,12750,0,313,244,"Anderson",76978,159.785912858219,0.0668316831683168,70.149912962145,7.79443477357167,235.132115669412,6.68316831683168
2021-11-08,13178,25,8936,11,4242,14,9925,13,81784,88,91709,101,1,223,-1,180,25,12775,0,313,244,"Anderson",76978,157.187767933695,0.0771113831089351,131.206318688456,32.4768115565486,233.83304320715,7.71113831089351
2021-11-09,13201,23,8943,7,4258,16,9931,6,81942,158,91873,164,1,224,6,186,16,12791,0,313,245,"Anderson",76978,161.084985320481,0.0711111111111111,213.047883810959,29.8786666320247,241.627477980722,7.11111111111111
2021-11-10,13220,19,8955,12,4265,7,9944,13,82058,116,92002,129,0,224,4,190,15,12806,1,314,247,"Anderson",76978,148.094260697862,0.0738916256157636,167.580347631791,24.682376782977,246.82376782977,7.38916256157635
2021-11-11,13242,22,8972,17,4270,5,9961,17,82248,190,92209,207,0,224,1,191,21,12827,0,314,248,"Anderson",76978,148.094260697862,0.0701149425287356,268.907999688223,28.5795941697628,248.122840292031,7.01149425287356
2021-11-12,13255,13,8980,8,4275,5,9969,8,82381,133,92350,141,0,224,1,192,12,12839,1,315,248,"Anderson",76978,151.991478084648,0.0765765765765766,183.169217178934,16.8879420094053,249.421912754293,7.65765765765766
2021-11-13,13262,7,8984,4,4278,3,9973,4,82432,51,92405,55,3,227,-10,182,14,12853,1,316,249,"Anderson",76978,149.393333160124,0.0787309048178613,71.448985424407,9.09350723583361,236.431188131674,7.87309048178613
2021-11-14,13264,2,8986,2,4278,0,9976,3,82511,79,92487,82,0,227,-4,178,6,12859,0,316,249,"Anderson",76978,144.197043311076,0.0728100113765643,106.523941905479,2.59814492452389,231.234898282626,7.28100113765643
2021-11-15,13296,32,9000,14,4296,18,9990,14,82596,85,92586,99,0,227,5,183,27,12886,0,316,250,"Anderson",76978,153.29055054691,0.0741163055872292,128.608173763933,41.5703187923822,237.730260593936,7.41163055872292
2021-11-16,13321,25,9013,13,4308,12,10003,13,82722,126,92725,139,1,228,-2,181,26,12912,0,316,251,"Anderson",76978,155.888695471433,0.0845070422535211,180.57107225441,32.4768115565486,235.132115669412,8.45070422535211
2021-11-17,13338,17,9022,9,4316,8,10012,9,82836,114,92848,123,0,228,-2,179,19,12931,2,318,253,"Anderson",76978,153.29055054691,0.0803782505910166,159.785912858219,22.0842318584531,232.533970744888,8.03782505910165
2021-11-18,13361,23,9036,14,4325,9,10030,18,82971,135,93001,153,4,232,4,183,15,12946,0,318,255,"Anderson",76978,154.589623009171,0.0871212121212121,198.758086726078,29.8786666320247,237.730260593936,8.71212121212121
2021-11-19,13375,14,9042,6,4333,8,10037,7,83080,109,93117,116,1,233,2,185,11,12957,0,318,255,"Anderson",76978,155.888695471433,0.0886571056062582,150.692405622386,18.1870144716672,240.32840551846,8.86571056062582
2021-11-20,13384,9,9047,5,4337,4,10042,5,83173,93,93215,98,0,233,-9,176,18,12975,0,318,256,"Anderson",76978,158.486840395957,0.0851851851851852,127.309101301671,11.6916521603575,228.636753358102,8.51851851851852
2021-11-21,13396,12,9053,6,4343,6,10048,6,83213,40,93261,46,0,233,4,180,8,12983,0,318,256,"Anderson",76978,171.477565018577,0.0930232558139535,59.7573332640495,15.5888695471433,233.83304320715,9.30232558139535
2021-11-22,13424,28,9070,17,4354,11,10066,18,83335,122,93401,140,1,234,6,186,21,13004,0,318,256,"Anderson",76978,166.281275169529,0.0932515337423313,181.870144716672,36.3740289433345,241.627477980722,9.32515337423313
2021-11-23,13441,17,9076,6,4365,11,10071,5,83432,97,93503,102,0,234,-5,181,22,13026,1,319,257,"Anderson",76978,155.888695471433,0.0874035989717224,132.505391150718,22.0842318584531,235.132115669412,8.74035989717224
2021-11-24,13466,25,9092,16,4374,9,10083,12,83542,110,93625,122,1,235,6,187,18,13044,1,320,257,"Anderson",76978,166.281275169529,0.0913770913770914,158.486840395957,32.4768115565486,242.926550442984,9.13770913770914
2021-11-25,13471,5,9094,2,4377,3,10084,1,83587,45,93671,46,0,235,-12,175,17,13061,2,322,257,"Anderson",76978,142.897970848814,0.0805970149253731,59.7573332640495,6.49536231130973,227.33768089584,8.05970149253731
2021-11-26,13478,7,9100,6,4378,1,10093,9,83630,43,93723,52,0,235,-7,168,14,13075,0,322,258,"Anderson",76978,133.80446361298,0.0924092409240924,67.5517680376211,9.09350723583361,218.244173660007,9.24092409240924
2021-11-27,13483,5,9102,2,4381,3,10095,2,83666,36,93761,38,0,235,-8,160,13,13088,0,322,258,"Anderson",76978,128.608173763933,0.0970695970695971,49.3647535659539,6.49536231130973,207.851593961911,9.70695970695971
2021-11-28,13493,10,9103,1,4390,9,10096,1,83704,38,93800,39,0,235,-10,150,20,13108,0,322,258,"Anderson",76978,126.010028839409,0.0890538033395176,50.6638260282159,12.9907246226195,194.860869339292,8.90538033395176
2021-11-29,13520,27,9118,15,4402,12,10112,16,83783,79,93895,95,0,235,13,163,14,13122,0,322,258,"Anderson",76978,124.710956377147,0.0931174089068826,123.411883914885,35.0749564810725,211.748811348697,9.31174089068826
2021-11-30,13547,27,9131,13,4416,14,10124,12,83885,102,94009,114,0,235,14,177,13,13135,1,323,258,"Anderson",76978,137.701680999766,0.104743083003953,148.094260697862,35.0749564810725,229.935825820364,10.4743083003953
2021-12-01,13578,31,9149,18,4429,13,10142,18,83992,107,94134,125,0,235,15,192,16,13151,2,325,258,"Anderson",76978,145.496115773338,0.115913555992141,162.384057782743,40.2712463301203,249.421912754293,11.5913555992141
2021-12-02,13620,42,9173,24,4447,18,10168,26,84130,138,94298,164,0,235,23,215,19,13170,0,325,261,"Anderson",76978,193.56179687703,0.133971291866029,213.047883810959,54.5610434150017,279.300579386318,13.3971291866029
2021-12-03,13651,31,9190,17,4461,14,10187,19,84317,187,94504,206,1,236,18,233,12,13182,1,326,261,"Anderson",76978,224.739535971316,0.120358514724712,267.608927225961,40.2712463301203,302.683883707033,12.0358514724712
2021-12-04,13671,20,9203,13,4468,7,10201,14,84386,69,94587,83,0,236,8,241,12,13194,0,326,261,"Anderson",76978,244.225622905246,0.128329297820823,107.823014367741,25.9814492452389,313.076463405129,12.8329297820823
2021-12-05,13684,13,9205,2,4479,11,10203,2,84428,42,94631,44,0,236,0,241,13,13207,0,326,261,"Anderson",76978,248.122840292031,0.128760529482551,57.1591883395256,16.8879420094053,313.076463405129,12.8760529482551
2021-12-06,13719,35,9225,20,4494,15,10225,22,84530,102,94755,124,2,238,7,248,26,13233,1,327,261,"Anderson",76978,258.515419990127,0.131395348837209,161.084985320481,45.4675361791681,322.169970640962,13.1395348837209
2021-12-07,13748,29,9240,15,4508,14,10241,16,84625,95,94866,111,0,238,19,267,10,13243,0,327,261,"Anderson",76978,261.113564914651,0.136522753792299,144.197043311076,37.6731014055964,346.852347423939,13.6522753792299
2021-12-08,13775,27,9261,21,4514,6,10261,20,84746,121,95007,141,0,238,17,284,10,13253,1,328,261,"Anderson",76978,255.917275065603,0.13631156930126,183.169217178934,35.0749564810725,368.936579282392,13.631156930126
2021-12-09,13803,28,9277,16,4526,12,10278,17,84956,210,95234,227,0,238,13,297,15,13268,1,329,261,"Anderson",76978,237.730260593936,0.117521367521368,294.889448933461,36.3740289433345,385.824521291798,11.7521367521368
2021-12-10,13832,29,9294,17,4538,12,10295,17,85109,153,95404,170,0,238,9,306,20,13288,0,329,261,"Anderson",76978,235.132115669412,0.12,220.842318584531,37.6731014055964,397.516173452155,12
2021-12-11,13842,10,9299,5,4543,5,10301,6,85184,75,95485,81,0,238,-2,304,12,13300,0,329,262,"Anderson",76978,222.141391046793,0.111358574610245,105.224869443218,12.9907246226195,394.918028527631,11.1358574610245
2021-12-12,13862,20,9310,11,4552,9,10313,12,85254,70,95567,82,0,238,3,307,17,13317,0,329,262,"Anderson",76978,231.234898282626,0.117521367521368,106.523941905479,25.9814492452389,398.815245914417,11.7521367521368
2021-12-13,13892,30,9316,6,4576,24,10320,7,85329,75,95649,82,0,238,-9,298,39,13356,0,329,265,"Anderson",76978,224.739535971316,0.106263982102908,106.523941905479,38.9721738678584,387.12359375406,10.6263982102908
2021-12-14,13906,14,9321,5,4585,9,10326,6,85408,79,95734,85,3,241,-10,288,21,13377,1,330,265,"Anderson",76978,205.253449037387,0.097926267281106,110.421159292265,18.1870144716672,374.13286913144,9.7926267281106
2021-12-15,13932,26,9335,14,4597,12,10341,15,85537,129,95878,144,0,241,-1,287,27,13404,0,330,266,"Anderson",76978,203.954376575125,0.0918484500574053,187.06643456572,33.7758840188106,372.833796669178,9.18484500574053
2021-12-16,13960,28,9345,10,4615,18,10356,15,85632,95,95988,110,0,241,7,294,21,13425,2,332,266,"Anderson",76978,203.954376575125,0.103448275862069,142.897970848814,36.3740289433345,381.927303905012,10.3448275862069
2021-12-17,13991,31,9368,23,4623,8,10378,22,85787,155,96165,177,1,242,-1,293,31,13456,0,332,267,"Anderson",76978,206.552521499649,0.109067017082786,229.935825820364,40.2712463301203,380.62823144275,10.9067017082786
2021-12-18,14003,12,9378,10,4625,2,10388,10,85869,82,96257,92,0,242,2,295,10,13466,0,332,267,"Anderson",76978,209.150666424173,0.112694300518135,119.514666528099,15.5888695471433,383.226376367274,11.2694300518135
2021-12-19,14017,14,9386,8,4631,6,10399,11,85949,80,96348,91,0,242,-8,287,22,13488,0,332,267,"Anderson",76978,201.356231650601,0.1101152368758,118.215594065837,18.1870144716672,372.833796669178,11.01152368758
2021-12-20,14041,24,9401,15,4640,9,10413,14,86035,86,96448,100,0,242,-4,283,28,13516,0,332,268,"Anderson",76978,193.56179687703,0.11639549436796,129.907246226195,31.1777390942867,367.63750682013,11.639549436796
2021-12-21,14069,28,9409,8,4660,20,10424,11,86116,81,96540,92,0,242,3,286,25,13541,0,332,268,"Anderson",76978,211.748811348697,0.121588089330025,119.514666528099,36.3740289433345,371.534724206916,12.1588089330025
2021-12-22,14117,48,9423,14,4694,34,10435,11,86231,115,96666,126,19,261,1,287,28,13569,0,332,269,"Anderson",76978,240.32840551846,0.119289340101523,163.683130245005,62.3554781885734,372.833796669178,11.9289340101523
2021-12-23,14144,27,9438,15,4706,12,10452,17,86331,100,96783,117,-1,260,7,294,21,13590,0,332,270,"Anderson",76978,239.029333056198,0.120754716981132,151.991478084648,35.0749564810725,381.927303905012,12.0754716981132
2021-12-24,14170,26,9453,15,4717,11,10469,17,86418,87,96887,104,0,260,6,300,20,13610,1,333,270,"Anderson",76978,232.533970744888,0.126038781163435,135.103536075242,33.7758840188106,389.721738678584,12.6038781163435
2021-12-25,14184,14,9460,7,4724,7,10479,10,86476,58,96955,68,1,261,2,302,11,13621,0,333,271,"Anderson",76978,235.132115669412,0.130372492836676,88.3369274338123,18.1870144716672,392.319883603107,13.0372492836676
2021-12-26,14195,11,9464,4,4731,7,10485,6,86520,44,97005,50,1,262,-7,295,17,13638,0,333,271,"Anderson",76978,231.234898282626,0.13089802130898,64.9536231130973,14.2897970848814,383.226376367274,13.089802130898
2021-12-27,14242,47,9483,19,4759,28,10505,20,86624,104,97129,124,1,263,14,309,32,13670,0,333,272,"Anderson",76978,261.113564914651,0.135095447870778,161.084985320481,61.0564057263114,401.413390838941,13.5095447870778
2021-12-28,14329,87,9519,36,4810,51,10541,36,86733,109,97274,145,0,263,70,379,17,13687,0,333,272,"Anderson",76978,337.758840188106,0.159400544959128,188.365507027982,113.019304216789,492.348463197277,15.9400544959128
2021-12-29,14410,81,9563,44,4847,37,10588,47,86891,158,97479,205,2,265,49,428,30,13717,0,333,272,"Anderson",76978,380.62823144275,0.188191881918819,266.309854763699,105.224869443218,556.003013848112,18.8191881918819
2021-12-30,14502,92,9605,42,4897,50,10626,38,87010,119,97636,157,1,266,70,498,21,13738,0,333,272,"Anderson",76978,465.067941489776,0.203985932004689,203.954376575125,119.514666528099,646.938086206449,20.3985932004689
2021-12-31,14568,66,9645,40,4923,26,10670,44,87127,117,97797,161,0,266,49,547,17,13755,0,333,273,"Anderson",76978,517.030839980254,0.220879120879121,209.150666424173,85.7387825092884,710.592636857284,22.0879120879121
2022-01-01,14629,61,9679,34,4950,27,10707,37,87226,99,97933,136,0,266,48,595,13,13768,0,333,273,"Anderson",76978,578.087245706566,0.233128834355828,176.673854867625,79.2434201979787,772.948115045857,23.3128834355828
2022-01-02,14661,32,9702,23,4959,9,10740,33,87342,116,98082,149,0,266,16,611,16,13784,0,333,274,"Anderson",76978,605.367767414066,0.236768802228412,193.56179687703,41.5703187923822,793.733274442048,23.6768802228412
2022-01-03,14722,61,9723,21,4999,40,10763,23,87418,76,98181,99,1,267,31,642,29,13813,0,333,274,"Anderson",76978,623.554781885734,0.245247148288973,128.608173763933,79.2434201979787,834.004520772169,24.5247148288973
2022-01-04,14849,127,9788,65,5061,62,10826,63,87592,174,98418,237,1,268,72,714,54,13867,0,333,275,"Anderson",76978,675.517680376211,0.249125874125874,307.880173556081,164.982202707267,927.537738055029,24.9125874125874
2022-01-05,15016,167,9874,86,5142,81,10912,86,87738,146,98650,232,1,269,133,847,33,13900,0,333,276,"Anderson",76978,787.237912130739,0.27668659265585,301.384811244771,216.945101197745,1100.31437553587,27.668659265585
2022-01-06,15158,142,9946,72,5212,70,10983,71,87858,120,98841,191,1,270,115,962,26,13926,1,334,276,"Anderson",76978,852.191535243836,0.296265560165975,248.122840292031,184.468289641196,1249.70770869599,29.6265560165975
2022-01-07,15297,139,10016,70,5281,69,11059,76,87998,140,99057,216,0,270,125,1087,14,13940,1,335,276,"Anderson",76978,947.023824988958,0.308730158730159,280.59965184858,180.57107225441,1412.09176647873,30.8730158730159
2022-01-08,15400,103,10058,42,5342,61,11104,45,88073,75,99177,120,0,270,97,1184,6,13946,1,336,278,"Anderson",76978,1001.58486840396,0.319131832797428,155.888695471433,133.80446361298,1538.10179531814,31.9131832797428
2022-01-09,15485,85,10113,55,5372,30,11166,62,88216,143,99382,205,0,270,53,1237,32,13978,0,336,278,"Anderson",76978,1070.43570890384,0.327692307692308,266.309854763699,110.421159292265,1606.95263581803,32.7692307692308
2022-01-10,15641,156,10188,75,5453,81,11245,79,88329,113,99574,192,1,271,67,1304,88,14066,3,339,280,"Anderson",76978,1193.84759281873,0.346015793251974,249.421912754293,202.655304112863,1693.99049078958,34.6015793251974
2022-01-11,15815,174,10296,108,5519,66,11347,102,88470,141,99817,243,0,271,53,1357,121,14187,0,339,281,"Anderson",76978,1254.90399854504,0.37240886347391,315.674608329653,226.038608433578,1762.84133128946,37.240886347391
2022-01-12,16069,254,10457,161,5612,93,11510,163,88661,191,100171,354,0,271,170,1527,84,14271,0,339,281,"Anderson",76978,1367.92330276183,0.393162393162393,459.871651640728,329.964405414534,1983.68364987399,39.3162393162393
2022-01-13,16300,231,10609,152,5691,79,11665,155,88893,232,100558,387,4,275,111,1638,116,14387,0,339,281,"Anderson",76978,1483.54075190314,0.397204426324985,502.741042895373,300.085738782509,2127.88069318507,39.7204426324985
2022-01-14,16558,258,10754,145,5804,113,11814,149,89049,156,100863,305,2,277,208,1846,48,14435,0,339,281,"Anderson",76978,1638.13037491231,0.418050941306755,396.217100989893,335.160695263582,2398.08776533555,41.8050941306755
2022-01-15,16654,96,10812,58,5842,38,11875,61,89167,118,101042,179,1,278,70,1916,25,14460,1,340,281,"Anderson",76978,1629.03686767648,0.413404825737265,232.533970744888,124.710956377147,2489.02283769389,41.3404825737265
2022-01-16,16806,152,10939,127,5867,25,12008,133,89364,197,101372,330,0,278,101,2017,51,14511,0,340,281,"Anderson",76978,1716.07472264803,0.423115577889447,428.693912546442,197.459014263816,2620.22915638234,42.3115577889447
2022-01-17,16986,180,11051,112,5935,68,12123,115,89483,119,101606,234,0,278,25,2042,155,14666,1,341,281,"Anderson",76978,1747.25246174232,0.432086614173228,303.982956169295,233.83304320715,2652.70596793889,43.2086614173228
2022-01-18,17200,214,11188,137,6012,77,12265,142,89620,137,101885,279,0,278,16,2058,198,14864,0,341,283,"Anderson",76978,1799.21536023279,0.443907156673114,362.441216971083,278.001506924056,2673.49112733508,44.3907156673114
2022-01-19,17499,299,11393,205,6106,94,12479,214,89840,220,102319,434,3,281,119,2177,177,15041,0,341,283,"Anderson",76978,1857.67362103458,0.451117318435754,563.797448621684,388.422666216322,2828.08075034425,45.1117318435754
2022-01-20,17797,298,11635,242,6162,56,12738,259,89997,157,102735,416,1,282,188,2365,109,15150,1,342,284,"Anderson",76978,1944.71147600613,0.492880110243454,540.414144300969,387.12359375406,3072.3063732495,49.2880110243454
2022-01-21,18049,252,11853,218,6196,34,12963,225,90216,219,103179,444,2,284,116,2481,134,15284,0,342,284,"Anderson",76978,1936.91704123256,0.496113989637306,576.788173244304,327.36626049001,3222.99877887189,49.6113989637306
2022-01-22,18176,127,11945,92,6231,35,13065,102,90335,119,103400,221,0,284,39,2520,88,15372,0,342,284,"Anderson",76978,1977.18828756268,0.504664970313825,287.09501415989,164.982202707267,3273.6626049001,50.4664970313825
2020-03-12,1,1,1,1,0,0,1,1,11,11,12,12,NA,NA,NA,NA,0,0,0,0,0,"East TN",2455501,NA,NA,0.488698640318208,0.040724886693184,NA,NA
2020-03-13,1,0,1,0,0,0,1,0,23,12,24,12,NA,NA,NA,NA,0,0,0,0,0,"East TN",2455501,NA,NA,0.488698640318208,0,NA,NA
2020-03-14,3,2,3,2,0,0,3,2,50,27,53,29,NA,NA,NA,NA,0,0,0,0,0,"East TN",2455501,NA,NA,1.18102171410234,0.081449773386368,NA,NA
2020-03-15,3,0,3,0,0,0,3,0,53,3,56,3,NA,NA,NA,NA,0,0,0,0,0,"East TN",2455501,NA,NA,0.122174660079552,0,NA,NA
2020-03-16,5,2,5,2,0,0,5,2,89,36,94,38,NA,NA,NA,NA,0,0,0,0,0,"East TN",2455501,NA,NA,1.54754569434099,0.081449773386368,NA,NA
2020-03-17,6,1,6,1,0,0,5,0,130,41,135,41,NA,NA,NA,NA,0,0,0,0,0,"East TN",2455501,NA,NA,1.66972035442054,0.040724886693184,NA,NA
2020-03-18,8,2,8,2,0,0,7,2,171,41,178,43,NA,NA,NA,NA,0,0,0,0,0,"East TN",2455501,0.325799093545472,0.0393258426966292,1.75117012780691,0.081449773386368,NA,3.93258426966292
2020-03-19,11,3,11,3,0,0,11,4,238,67,249,71,NA,NA,NA,NA,0,0,0,0,0,"East TN",2455501,0.40724886693184,0.0421940928270042,2.89146695521606,0.122174660079552,NA,4.21940928270042
2020-03-20,29,18,29,18,0,0,27,16,382,144,409,160,NA,NA,NA,NA,3,3,2,2,0,"East TN",2455501,1.14029682740915,0.0675324675324675,6.51598187090944,0.733047960477312,NA,6.75324675324675
2020-03-21,38,9,38,9,0,0,38,11,610,228,648,239,NA,NA,NA,NA,3,6,1,3,1,"East TN",2455501,1.42537103426144,0.0588235294117647,9.73324791967098,0.366523980238656,NA,5.88235294117647
2020-03-22,48,10,47,9,1,1,43,5,713,103,756,108,NA,NA,NA,NA,2,8,4,7,2,"East TN",2455501,1.83261990119328,0.0571428571428571,4.39828776286387,0.40724886693184,NA,5.71428571428571
2020-03-23,64,16,63,16,1,0,56,13,846,133,902,146,NA,NA,NA,NA,7,15,4,11,2,"East TN",2455501,2.40276831489786,0.0631188118811881,5.94583345720486,0.651598187090944,NA,6.31188118811881
2020-03-24,83,19,82,19,1,0,70,14,987,141,1057,155,NA,NA,NA,NA,7,22,5,16,2,"East TN",2455501,3.13581627537517,0.0704989154013015,6.31235743744352,0.773772847170496,NA,7.04989154013015
2020-03-25,116,33,115,33,1,0,99,29,1288,301,1387,330,NA,NA,NA,NA,15,37,12,28,3,"East TN",2455501,4.39828776286387,0.076095947063689,13.4392126087507,1.34392126087507,NA,7.6095947063689
2020-03-26,144,28,143,28,1,0,130,31,1774,486,1904,517,NA,NA,NA,NA,15,52,5,33,4,"East TN",2455501,5.41640993019347,0.0719033232628399,21.0547664203761,1.14029682740915,NA,7.19033232628399
2020-03-27,166,22,165,22,1,0,147,17,2171,397,2318,414,NA,NA,NA,NA,17,69,6,39,4,"East TN",2455501,5.57930947696621,0.0628601361969618,16.8601030909782,0.895947507250048,NA,6.28601361969618
2020-03-28,197,31,196,31,1,0,180,33,2608,437,2788,470,NA,NA,NA,NA,12,81,8,47,4,"East TN",2455501,6.47525698421626,0.0663551401869159,19.1406967457965,1.2624714874887,NA,6.63551401869159
2020-03-29,213,16,212,16,1,0,196,16,2795,187,2991,203,NA,NA,NA,NA,27,108,3,50,7,"East TN",2455501,6.71960630437536,0.0684563758389262,8.26715199871635,0.651598187090944,NA,6.84563758389262
2020-03-30,246,33,245,33,1,0,226,30,3345,550,3571,580,NA,NA,NA,NA,33,141,8,58,9,"East TN",2455501,7.41192937815949,0.0636942675159236,23.6204342820467,1.34392126087507,NA,6.36942675159236
2020-03-31,295,49,294,49,1,0,278,52,3645,300,3923,352,NA,NA,NA,NA,39,180,12,70,10,"East TN",2455501,8.63367597895501,0.0725750174459177,14.3351601160008,1.99551944796602,NA,7.25750174459177
2020-04-01,346,51,345,51,1,0,336,58,4243,598,4579,656,NA,NA,NA,NA,36,216,9,79,12,"East TN",2455501,9.36672393943232,0.0742481203007519,26.7155256707287,2.07696922135238,NA,7.42481203007519
2020-04-02,391,45,390,45,1,0,383,47,4839,596,5222,643,2,7,NA,134,34,250,5,84,14,"East TN",2455501,10.0590470132164,0.0762507534659433,26.1861021437173,1.83261990119328,5.45713481688666,7.62507534659433
2020-04-03,412,21,411,21,1,0,401,18,5124,285,5525,303,1,8,-13,121,33,283,2,86,17,"East TN",2455501,10.0183221265233,0.0792017461802308,12.3396406680348,0.855222620556864,4.92771128987526,7.92017461802307
2020-04-04,447,35,446,35,1,0,431,30,5716,592,6147,622,3,11,0,121,32,315,5,91,19,"East TN",2455501,10.181221673296,0.0747246204227449,25.3308795231604,1.42537103426144,4.92771128987526,7.47246204227449
2020-04-05,473,26,472,26,1,0,464,33,6093,377,6557,410,-1,10,1,122,26,341,2,93,20,"East TN",2455501,10.5884705402278,0.0751542344363432,16.6972035442054,1.05884705402278,4.96843617656845,7.51542344363432
2020-04-06,514,41,513,41,1,0,514,50,6626,533,7140,583,8,18,0,122,33,374,5,98,20,"East TN",2455501,10.9142696337733,0.080694872513309,23.7426089421263,1.66972035442054,4.96843617656845,8.06948725133091
2020-04-07,570,56,569,56,1,0,592,78,7755,1129,8347,1207,0,18,19,141,37,411,7,105,21,"East TN",2455501,11.1993438406256,0.0709764918625678,49.1549382386731,2.2805936548183,5.74220902373894,7.09764918625678
2020-04-08,607,37,606,37,1,0,632,40,8162,407,8794,447,1,19,4,145,32,443,8,113,25,"East TN",2455501,10.629195426921,0.0702253855278766,18.2040243518532,1.50682080764781,5.90510857051168,7.02253855278766
2020-04-09,633,26,632,26,1,0,662,30,8613,451,9275,481,3,22,3,148,20,463,2,115,25,"East TN",2455501,9.85542257975053,0.0688378978534419,19.5886704994215,1.05884705402278,6.02728323059123,6.88378978534419
2020-04-10,655,22,654,22,1,0,682,20,8941,328,9623,348,0,22,-7,141,29,492,4,119,25,"East TN",2455501,9.89614746644371,0.0685700341630063,14.172260569228,0.895947507250048,5.74220902373894,6.85700341630063
2020-04-11,679,24,678,24,1,0,728,46,10022,1081,10750,1127,2,24,-5,136,27,519,5,124,27,"East TN",2455501,9.44817371281869,0.0645231370845101,45.8969473032184,0.977397280636416,5.53858459027302,6.45231370845101
2020-04-12,709,30,708,30,1,0,761,33,11472,1450,12233,1483,0,24,18,154,12,531,1,125,28,"East TN",2455501,9.61107325959142,0.0523255813953488,60.3950069659919,1.22174660079552,6.27163255075034,5.23255813953488
2020-04-13,738,29,737,29,1,0,803,42,12435,963,13238,1005,0,24,-2,152,31,562,7,132,32,"East TN",2455501,9.12237461927321,0.0473925877336832,40.9285111266499,1.18102171410234,6.19018277736397,4.73925877336832
2020-04-14,749,11,748,11,1,0,823,20,12720,285,13543,305,4,28,-18,134,25,587,1,133,33,"East TN",2455501,7.28975471807994,0.0444572748267898,12.4210904414211,0.447973753625024,5.45713481688666,4.44572748267898
2020-04-15,773,24,772,24,1,0,850,27,13132,412,13982,439,2,30,-6,128,28,615,4,137,34,"East TN",2455501,6.76033119106854,0.0420200462606014,17.8782252583078,0.977397280636416,5.21278549672755,4.20200462606014
2020-04-16,801,28,800,28,1,0,886,36,13809,677,14695,713,1,31,1,129,26,641,6,143,34,"East TN",2455501,6.84178096445491,0.0413284132841328,29.0368442122402,1.14029682740915,5.25351038342074,4.13284132841328
2020-04-17,823,22,821,21,2,1,916,30,14138,329,15054,359,0,31,-1,128,23,664,4,147,35,"East TN",2455501,6.84178096445491,0.0430859878475419,14.6202343228531,0.895947507250048,5.21278549672755,4.30859878475419
2020-04-18,835,12,833,12,2,0,935,19,14919,781,15854,800,0,31,-11,117,23,687,0,147,35,"East TN",2455501,6.3530823241367,0.0405564263322884,32.5799093545472,0.488698640318208,4.76481174310253,4.05564263322884
2020-04-19,914,79,912,79,2,0,1016,81,15605,686,16621,767,1,32,66,183,12,699,1,148,35,"East TN",2455501,8.34860177210272,0.0581130355515041,31.2359880936721,3.21726604876154,7.45265426485267,5.81130355515041
2020-04-20,939,25,931,19,8,6,1033,17,16568,963,17601,980,0,32,10,193,15,714,2,150,35,"East TN",2455501,8.18570222532998,0.0527160210864084,39.9103889593203,1.0181221673296,7.85990313178451,5.27160210864084
2020-04-21,1045,106,1037,106,8,0,1154,121,19274,2706,20428,2827,0,32,83,276,23,737,6,156,36,"East TN",2455501,12.0545664611825,0.0480755265068991,115.129254681631,4.3168379894775,11.2400687273188,4.80755265068991
2020-04-22,1247,202,1237,200,10,2,1354,200,21826,2552,23180,2752,2,34,177,453,23,760,2,158,36,"East TN",2455501,19.3035962925692,0.0547945205479452,112.074888179642,8.22642711202317,18.4483736720124,5.47945205479452
2020-04-23,1492,245,1480,243,12,2,1601,247,22933,1107,24534,1354,0,34,236,689,9,769,3,161,36,"East TN",2455501,28.1408967049901,0.0726699867872751,55.1414965825711,9.97759723983008,28.0594469316038,7.26699867872751
2020-04-24,1540,48,1527,47,13,1,1655,54,25622,2689,27277,2743,0,34,22,711,26,795,4,165,36,"East TN",2455501,29.1997437590129,0.0604597889225231,111.708364199404,1.95479456127283,28.9553944388538,6.04597889225231
2020-04-25,1563,23,1546,19,17,4,1674,19,26397,775,28071,794,0,34,10,721,13,808,3,168,37,"East TN",2455501,29.6477175126379,0.0604894818695261,32.3355600343881,0.936672393943232,29.3626433057857,6.04894818695261
2020-04-26,1583,20,1565,19,18,1,1700,26,27514,1117,29214,1143,0,34,-1,720,21,829,0,168,38,"East TN",2455501,27.2449491977401,0.0543158897800365,46.5485454903093,0.81449773386368,29.3219184190925,5.43158897800365
2020-04-27,1652,69,1633,68,19,1,1772,72,28429,915,30201,987,0,34,50,770,19,848,8,176,39,"East TN",2455501,29.0368442122402,0.0586507936507936,40.1954631661726,2.8100171818297,31.3581627537517,5.86507936507936
2020-04-28,1689,37,1667,34,22,3,1812,40,30603,2174,32415,2214,2,36,19,789,16,864,1,177,40,"East TN",2455501,26.2268270304105,0.0548928005339117,90.1648991387094,1.50682080764781,32.1319356009222,5.48928005339117
2020-04-29,1752,63,1729,62,23,1,1878,66,33352,2749,35230,2815,1,37,39,828,23,887,6,183,41,"East TN",2455501,20.5660677800579,0.0434854771784232,114.640556041313,2.56566786167059,33.7202061819563,4.34854771784232
2020-04-30,1774,22,1750,21,24,1,1900,22,33901,549,35801,571,0,37,-1,827,23,910,1,184,41,"East TN",2455501,11.4844180474779,0.0265376764001065,23.2539103018081,0.895947507250048,33.6794812952632,2.65376764001065
2020-05-01,1814,40,1786,36,28,4,1929,29,35563,1662,37492,1691,0,37,-16,811,56,966,0,184,41,"East TN",2455501,11.1586189539324,0.0268232990699951,68.8657833981741,1.62899546772736,33.0278831081722,2.68232990699951
2020-05-02,1835,21,1807,21,28,0,1966,37,37440,1877,39406,1914,0,37,-107,704,128,1094,3,187,41,"East TN",2455501,11.077169180546,0.0257609175121306,77.9474331307542,0.855222620556864,28.6703202320015,2.57609175121306
2020-05-03,1873,38,1840,33,33,5,2003,37,39560,2120,41563,2157,0,37,-20,684,58,1152,3,190,43,"East TN",2455501,11.8102171410234,0.0245363997084784,87.8435805971979,1.54754569434099,27.8558224981379,2.45363997084784
2020-05-04,1920,47,1884,44,36,3,2060,57,41506,1946,43566,2003,0,37,-312,372,359,1511,1,191,43,"East TN",2455501,10.9142696337733,0.0215488215488215,81.5719480464475,1.91406967457965,15.1496578498644,2.15488215488215
2020-05-05,1948,28,1911,27,37,1,2092,32,44416,2910,46508,2942,2,39,-45,327,71,1582,1,192,43,"East TN",2455501,10.5477456535347,0.0198680195841907,119.812616651347,1.14029682740915,13.3170379486712,1.98680195841907
2020-05-06,1985,37,1948,37,37,0,2135,43,45460,1044,47595,1087,1,40,7,334,29,1611,0,192,43,"East TN",2455501,9.48889859951187,0.0207844723008492,44.267951835491,1.50682080764781,13.6021121555235,2.07844723008492
2020-05-07,2028,43,1989,41,39,2,2183,48,46851,1391,49034,1439,0,40,19,353,24,1635,4,196,47,"East TN",2455501,10.3441212200687,0.0213859291166024,58.6031119514918,1.75117012780691,14.375885002694,2.13859291166024
2020-05-08,2047,19,2008,19,39,0,2219,36,48521,1670,50740,1706,1,41,-15,338,33,1668,0,196,48,"East TN",2455501,9.48889859951187,0.0218900966183575,69.4766566985719,0.773772847170496,13.7650117022962,2.18900966183575
2020-05-09,2063,16,2022,14,41,2,2237,18,51340,2819,53577,2837,0,41,-32,306,48,1716,1,197,49,"East TN",2455501,9.28527416604595,0.0191235622045022,115.536503548563,0.651598187090944,12.4618153281143,1.91235622045022
2020-05-10,2079,16,2037,15,42,1,2256,19,53904,2564,56160,2583,1,42,-27,279,42,1758,3,200,49,"East TN",2455501,8.3893266587959,0.0173323285606631,105.192382328494,0.651598187090944,11.3622433873983,1.73323285606631
2020-05-11,2140,61,2097,60,43,1,2307,51,55475,1571,57782,1622,3,45,13,292,45,1803,5,205,51,"East TN",2455501,8.95947507250048,0.0173747889701744,66.0557662163444,2.48421808828422,11.8916669144097,1.73747889701745
2020-05-12,2193,53,2150,53,43,0,2373,66,59030,3555,61403,3621,3,48,30,322,20,1823,3,208,51,"East TN",2455501,9.97759723983008,0.0188653910708291,147.464814716019,2.15841899473875,13.1134135152052,1.88653910708291
2020-05-13,2247,54,2201,51,46,3,2425,52,60655,1625,63080,1677,0,48,18,340,36,1859,7,215,53,"East TN",2455501,10.6699203136142,0.0187278010978366,68.2956349844696,2.19914388143194,13.8464614756826,1.87278010978366
2020-05-14,2278,31,2232,31,46,0,2470,45,62363,1708,64833,1753,1,49,-2,338,32,1891,2,217,54,"East TN",2455501,10.181221673296,0.0181657066902969,71.3907263731516,1.2624714874887,13.7650117022962,1.81657066902969
2020-05-15,2306,28,2260,28,46,0,2507,37,64683,2320,67190,2357,1,50,-21,317,48,1939,4,221,54,"East TN",2455501,10.5477456535347,0.0175075987841945,95.9885579358347,1.14029682740915,12.9097890817393,1.75075987841945
2020-05-16,2316,10,2270,10,46,0,2525,18,67452,2769,69977,2787,1,51,-28,289,37,1976,1,222,54,"East TN",2455501,10.3033963333756,0.0175609756097561,113.500259213904,0.40724886693184,11.7694922543302,1.75609756097561
2020-05-17,2396,80,2350,80,46,0,2604,79,69679,2227,72283,2306,0,51,59,348,21,1997,4,226,56,"East TN",2455501,12.9097890817393,0.0215840724430937,93.9115887144823,3.25799093545472,14.172260569228,2.15840724430937
2020-05-18,2445,49,2398,48,47,1,2665,61,71557,1878,74222,1939,0,51,8,356,41,2038,3,229,56,"East TN",2455501,12.4210904414211,0.0217761557177616,78.9655552980838,1.99551944796602,14.4980596627735,2.17761557177616
2020-05-19,2486,41,2438,40,48,1,2705,40,72681,1124,75386,1164,1,52,-6,350,46,2084,3,232,56,"East TN",2455501,11.9323918011029,0.0237431166416363,47.4037681108662,1.66972035442054,14.2537103426144,2.37431166416363
2020-05-20,2528,42,2480,42,48,0,2750,45,74421,1740,77171,1785,0,52,13,363,29,2113,3,235,56,"East TN",2455501,11.4436931607847,0.0230643673266624,72.6939227473334,1.71044524111373,14.7831338696258,2.30643673266624
2020-05-21,2769,241,2720,240,49,1,2988,238,75883,1462,78871,1700,0,52,211,574,30,2143,4,239,57,"East TN",2455501,19.9959193663533,0.0368998432825189,69.2323073784128,9.81469769305734,23.3760849618876,3.68998432825189
2020-05-22,2860,91,2808,88,52,3,3066,78,77408,1525,80474,1603,0,52,40,614,51,2194,7,246,57,"East TN",2455501,22.5615872280239,0.0420806985847636,65.2819933691739,3.70596468907974,25.005080429615,4.20806985847636
2020-05-23,2926,66,2870,62,56,4,3157,91,79623,2215,82780,2306,2,54,36,650,28,2222,7,253,58,"East TN",2455501,24.8421808828422,0.0493634304459892,93.9115887144823,2.68784252175014,26.4711763505696,4.93634304459892
2020-05-24,2978,52,2922,52,56,0,3227,70,81743,2120,84970,2190,0,54,26,676,26,2248,0,253,59,"East TN",2455501,23.7018840554331,0.0491053834633877,89.187501858073,2.11769410804557,27.5300234045924,4.91053834633877
2020-05-25,3062,84,3005,83,57,1,3321,94,84393,2650,87714,2744,1,55,42,718,41,2289,2,255,59,"East TN",2455501,25.1272550896945,0.0486214052772013,111.749089086097,3.42089048222746,29.2404686457061,4.86214052772013
2020-05-26,3123,61,3057,52,66,9,3377,56,86779,2386,90156,2442,1,56,15,733,45,2334,3,258,59,"East TN",2455501,25.9417528235582,0.0454976303317536,99.4501733047553,2.48421808828422,29.8513419461039,4.54976303317536
2020-05-27,3199,76,3130,73,69,3,3444,67,88646,1867,92090,1934,0,56,40,773,36,2370,9,267,59,"East TN",2455501,27.3263989711265,0.0465178631275555,78.7619308646179,3.09509138868198,31.4803374138312,4.65178631275555
2020-05-28,3273,74,3204,74,69,0,3511,67,90045,1399,93556,1466,0,56,14,787,60,2430,1,268,59,"East TN",2455501,20.5253428933647,0.0356145726932244,59.7026838922077,3.01364161529562,32.0504858275358,3.56145726932244
2020-05-29,3348,75,3278,74,70,1,3594,83,91323,1278,94917,1361,0,56,10,797,65,2495,4,272,59,"East TN",2455501,19.8737447062738,0.0365575019040366,55.4265707894234,3.0543665019888,32.4577346944676,3.65575019040366
2020-05-30,3421,73,3350,72,71,1,3675,81,93568,2245,97243,2326,0,56,-1,796,74,2569,5,277,60,"East TN",2455501,20.1588189131261,0.0358155292816152,94.726086448346,2.97291672860243,32.4170098077745,3.58155292816152
2020-05-31,3533,112,3460,110,73,2,3769,94,96351,2783,100120,2877,0,56,71,867,41,2610,1,278,61,"East TN",2455501,22.6023121147171,0.0357755775577558,117.16549901629,4.56118730963661,35.3084767629905,3.57755775577558
2020-06-01,3629,96,3553,93,76,3,3903,134,100183,3832,104086,3966,0,56,-169,698,265,2875,5,283,61,"East TN",2455501,23.0910107550353,0.0355484974346445,161.514900625168,3.90958912254566,28.4259709118424,3.55484974346445
2020-06-02,3736,107,3658,105,78,2,4018,115,104242,4059,108260,4174,1,57,16,714,90,2965,3,286,65,"East TN",2455501,24.9643555429218,0.0354065399911622,169.98567705735,4.35756287617069,29.0775690989334,3.54065399911622
2020-06-03,3786,50,3708,50,78,0,4068,50,106172,1930,110240,1980,0,57,-65,649,115,3080,4,290,66,"East TN",2455501,23.905508488899,0.0343801652892562,80.6352756525043,2.0362443346592,26.4304514638764,3.43801652892562
2020-06-04,3837,51,3757,49,80,2,4129,61,107720,1548,111849,1609,6,63,-37,612,82,3162,5,295,67,"East TN",2455501,22.9688360949558,0.0337834144208167,65.526342689333,2.07696922135238,24.9236306562286,3.37834144208167
2020-06-05,3936,99,3852,95,84,4,4211,82,109876,2156,114087,2238,1,64,-43,569,141,3303,4,299,68,"East TN",2455501,23.9462333755922,0.0321857068335942,91.1422964193458,4.03176378262522,23.1724605284217,3.21857068335942
2020-06-06,3989,53,3902,50,87,3,4286,75,112981,3105,117267,3180,1,65,-14,555,66,3369,4,303,68,"East TN",2455501,23.1317356417285,0.0305133839392729,129.505139684325,2.15841899473875,22.6023121147171,3.05133839392729
2020-06-07,4047,58,3958,56,89,2,4367,81,116943,3962,121310,4043,0,65,-8,547,66,3435,6,309,69,"East TN",2455501,20.9325917602966,0.0282208588957055,164.650716900543,2.36204342820467,22.2765130211716,2.82208588957055
2020-06-08,4207,160,4114,156,93,4,4524,157,119894,2951,124418,3108,0,65,75,622,85,3520,6,315,69,"East TN",2455501,23.5389845086604,0.0305429864253394,126.572947842416,6.51598187090944,25.3308795231604,3.05429864253394
2020-06-09,4315,108,4221,107,94,1,4642,118,122221,2327,126863,2445,1,66,-35,587,142,3662,7,322,70,"East TN",2455501,23.5797093953535,0.0335429769392034,99.5723479648349,4.39828776286387,23.905508488899,3.35429769392034
2020-06-10,4392,77,4295,74,97,3,4716,74,125059,2838,129775,2912,0,66,-63,524,140,3802,6,328,70,"East TN",2455501,24.6792813360695,0.0331712311236243,118.590870050552,3.13581627537517,21.3398406272284,3.31712311236243
2020-06-11,4656,264,4557,262,99,2,4996,280,127350,2291,132346,2571,1,67,149,673,114,3916,8,336,70,"East TN",2455501,33.3536822017177,0.0422988730058057,104.703683688176,10.7513700870006,27.4078487445128,4.22988730058057
2020-06-12,4827,171,4727,170,100,1,5168,172,129978,2628,135146,2800,2,69,24,697,145,4061,3,339,71,"East TN",2455501,36.2858740436269,0.0454437532646374,114.029682740915,6.96395562453446,28.3852460251492,4.54437532646374
2020-06-13,4975,148,4871,144,104,4,5336,168,132169,2191,137505,2359,0,69,50,747,98,4159,4,343,72,"East TN",2455501,40.1547382794794,0.0518825970945746,96.0700077092211,6.02728323059123,30.4214903598084,5.18825970945746
2020-06-14,5091,116,4986,115,105,1,5471,135,136039,3870,141510,4005,0,69,30,777,86,4245,4,347,73,"East TN",2455501,42.5167817076841,0.0546534653465347,163.103171206202,4.72408685640934,31.643236960604,5.46534653465347
2020-06-15,5274,183,5158,172,116,11,5650,179,139213,3174,144863,3353,0,69,59,836,124,4369,9,356,78,"East TN",2455501,43.4534541016273,0.0550745903643923,136.550545082246,7.45265426485267,34.0460052755018,5.50745903643923
2020-06-16,5428,154,5310,152,118,2,5808,158,141013,1800,146821,1958,3,72,64,900,87,4456,4,360,81,"East TN",2455501,45.3267988895138,0.0584226876440525,79.7393281452543,6.27163255075034,36.6523980238656,5.84226876440525
2020-06-17,5561,133,5440,130,121,3,5930,122,142453,1440,148383,1562,3,75,-6,894,136,4592,6,366,83,"East TN",2455501,47.6073925443321,0.0652407566638005,63.6122730147534,5.41640993019347,36.4080487037065,6.52407566638005
2020-06-18,5739,178,5617,177,122,1,6136,206,146044,3591,152180,3797,1,76,42,936,135,4727,12,378,83,"East TN",2455501,44.1050522887183,0.0574770595946355,154.63239477402,7.24902983138675,38.1184939448202,5.74770595946355
2020-06-19,5874,135,5748,131,126,4,6254,118,147508,1464,153762,1582,4,80,22,958,109,4836,13,391,84,"East TN",2455501,42.6389563677636,0.0583369144821659,64.4267707486171,5.49785970357984,39.0144414520703,5.83369144821659
2020-06-20,5940,66,5813,65,127,1,6349,95,149683,2175,156032,2270,0,80,-44,914,110,4946,7,398,84,"East TN",2455501,39.2995156589226,0.0546769579532574,92.4454927935277,2.68784252175014,37.2225464375702,5.46769579532574
2020-06-21,6028,88,5900,87,128,1,6468,119,153033,3350,159501,3469,1,81,0,914,87,5033,3,401,87,"East TN",2455501,38.1592188315134,0.0554165971874826,141.274631938655,3.58379002900019,37.2225464375702,5.54165971874826
2020-06-22,6224,196,6089,189,135,7,6666,198,156444,3411,163110,3609,1,82,43,957,152,5185,7,408,88,"East TN",2455501,38.6886423585248,0.0556803858168466,146.976116075701,7.98207779186406,38.9737165653771,5.56803858168466
2020-06-23,6414,190,6273,184,141,6,6850,184,158249,1805,165099,1989,4,86,57,1014,129,5314,15,423,88,"East TN",2455501,40.1547382794794,0.0570084254294781,81.001799632743,7.73772847170496,41.2950351068886,5.70084254294781
2020-06-24,6592,178,6449,176,143,2,7033,183,159880,1631,166913,1814,2,88,37,1051,139,5453,9,432,88,"East TN",2455501,41.9873581806727,0.0595250944414463,73.8749444614358,7.24902983138675,42.8018559145364,5.95250944414463
2020-06-25,6761,169,6609,160,152,9,7217,184,163054,3174,170271,3358,0,88,22,1073,147,5600,8,440,88,"East TN",2455501,41.620834200434,0.0597534685755348,136.754169515712,6.8825058511481,43.6978034217864,5.97534685755348
2020-06-26,6975,214,6813,204,162,10,7389,172,164643,1589,172032,1761,1,89,67,1140,146,5746,16,456,88,"East TN",2455501,44.8381002491956,0.0621237000547345,71.716525466697,8.71512575234138,46.4263708302298,6.21237000547345
2020-06-27,7049,74,6882,69,167,5,7435,46,164852,209,172287,255,-1,88,-52,1088,127,5873,5,461,90,"East TN",2455501,45.1638993427411,0.066810212242387,10.3848461067619,3.01364161529562,44.3086767221842,6.6810212242387
2020-06-28,7176,127,7007,125,169,2,7606,171,167940,3088,175546,3259,0,88,30,1118,97,5970,5,466,91,"East TN",2455501,46.7521699237752,0.0709255219694609,132.722405733087,5.17206061003437,45.5304233229797,7.09255219694609
2020-06-29,7519,343,7348,341,171,2,7946,340,173208,5268,181154,5608,1,89,147,1265,195,6165,22,488,92,"East TN",2455501,52.7387282676733,0.0709377078253159,228.385164575376,13.9686361357621,51.5169816668778,7.09377078253159
2020-06-30,7789,270,7614,266,175,4,8394,448,179495,6287,187889,6735,0,89,100,1365,170,6335,22,510,93,"East TN",2455501,55.996719203128,0.0677490127248793,274.282111878594,10.9957194071597,55.5894703361962,6.77490127248793
2020-07-01,8064,275,7886,272,178,3,8728,334,182699,3204,191427,3538,0,89,66,1431,209,6544,17,527,96,"East TN",2455501,59.9470332123668,0.0691441625193767,144.084649120485,11.1993438406256,58.2773128579463,6.91441625193767
2020-07-02,8544,480,8361,475,183,5,9334,606,189082,6383,198416,6989,2,91,314,1745,164,6708,25,552,99,"East TN",2455501,72.6124729739471,0.0752176230236276,284.626233098663,19.5479456127283,71.0649272796061,7.52176230236276
2020-07-03,8770,226,8581,220,189,6,9562,228,192438,3356,202000,3584,5,96,24,1769,197,6905,14,566,100,"East TN",2455501,73.1011716142653,0.0725106780565937,145.957993908371,9.20382439265958,72.0423245602425,7.25106780565937
2020-07-04,8990,220,8799,218,191,2,9842,280,197202,4764,207044,5044,2,98,77,1846,141,7046,15,581,106,"East TN",2455501,79.0470050714701,0.0692522369594614,205.41632848042,8.95947507250048,75.1781408356177,6.92522369594614
2020-07-05,9310,320,9118,319,192,1,10210,368,201049,3847,211259,4215,2,100,163,2009,155,7201,12,593,109,"East TN",2455501,86.9069082032546,0.0729146249264973,171.655397411771,13.0319637418189,81.8162973666066,7.29146249264973
2020-07-06,9544,234,9341,223,203,11,10420,210,202680,1631,213100,1841,4,104,-51,1958,281,7482,26,619,109,"East TN",2455501,82.4678955536976,0.0774431853753209,74.9745164021517,9.52962348620506,79.7393281452543,7.74431853753209
2020-07-07,9992,448,9780,439,212,9,10986,566,208958,6278,219944,6844,0,104,159,2117,289,7771,32,651,110,"East TN",2455501,89.7169253850844,0.0808610201216659,278.721124528151,18.2447492385464,86.2145851294705,8.08610201216659
2020-07-08,10373,381,10151,371,222,10,11420,434,213130,4172,224550,4606,1,105,61,2178,319,8090,20,671,110,"East TN",2455501,94.0337633745619,0.081272831567189,187.578828108805,15.5161818301031,88.6988032177547,8.1272831567189
2020-07-09,10822,449,10586,435,236,14,11892,472,219080,5950,230972,6422,1,106,149,2327,299,8389,24,695,114,"East TN",2455501,92.7712918870731,0.0785723061801204,261.535222343628,18.2854741252396,94.7668113350392,7.85723061801204
2020-07-10,11289,467,11041,455,248,12,12345,453,222364,3284,234709,3737,0,106,141,2468,326,8715,29,724,116,"East TN",2455501,102.58598958013,0.0850836161301171,152.188901572429,19.0185220857169,100.509020358778,8.50836161301171
2020-07-11,11595,306,11340,299,255,7,12767,422,226842,4478,239609,4900,5,111,44,2512,257,8972,23,747,121,"East TN",2455501,106.088329835744,0.0898203592814371,199.551944796602,12.4618153281143,102.300915373278,8.98203592814371
2020-07-12,12065,470,11802,462,263,8,13400,633,232772,5930,246172,6563,1,112,222,2734,247,9219,25,772,126,"East TN",2455501,112.197062839722,0.091369976799473,267.277431367367,19.1406967457965,111.341840219165,9.1369976799473
2020-07-13,12419,354,12143,341,276,13,13743,343,236206,3434,249949,3777,3,115,-119,2615,470,9689,20,792,130,"East TN",2455501,117.084049242904,0.0901788379603246,153.817897040156,14.4166098893871,106.495578702676,9.01788379603246
2020-07-14,12934,515,12653,510,281,5,14327,584,240694,4488,255021,5072,4,119,77,2692,434,10123,34,826,134,"East TN",2455501,119.812616651347,0.0952475981412321,206.556625307829,20.9733166469898,109.631394978051,9.52475981412321
2020-07-15,13314,380,13027,374,287,6,14710,383,243791,3097,258501,3480,6,125,-106,2586,480,10603,24,850,141,"East TN",2455501,119.771891764654,0.0969043621690083,141.72260569228,15.4754569434099,105.314556988574,9.69043621690083
2020-07-16,14141,827,13839,812,302,15,15807,1097,253625,9834,269432,10931,6,131,349,2935,472,11075,44,894,143,"East TN",2455501,135.165898934678,0.101794071762871,445.163736443194,33.6794812952632,119.527542444495,10.1794071762871
2020-07-17,14609,468,14293,454,316,14,16318,511,257944,4319,274262,4830,3,134,95,3030,370,11445,24,918,148,"East TN",2455501,135.206623821371,0.100447500821682,196.701202728079,19.0592469724101,123.396406680348,10.0447500821682
2020-07-18,15118,509,14787,494,331,15,16986,668,266035,8091,283021,8759,6,140,185,3215,318,11763,27,945,151,"East TN",2455501,143.473775820087,0.0971851101078043,356.709282545599,20.7289673268307,130.930510718587,9.71851101078043
2020-07-19,15599,481,15249,462,350,19,17546,560,270889,4854,288435,5414,0,140,76,3291,405,12168,26,971,155,"East TN",2455501,143.921749573712,0.0980999929015924,220.484536556898,19.5886704994215,134.025602107269,9.80999929015924
2020-07-20,16035,436,15670,421,365,15,17957,411,273346,2457,291303,2868,2,142,-270,3021,704,12872,29,1000,159,"East TN",2455501,147.261190282553,0.10190066257194,116.798975036052,17.7560505982282,123.029882700109,10.190066257194
2020-07-21,17036,1001,16654,984,382,17,19169,1212,281724,8378,300893,9590,1,143,381,3402,619,13491,61,1061,162,"East TN",2455501,167.053485215441,0.105554586675968,390.551663387635,40.7656115798772,138.546064530212,10.5554586675968
2020-07-22,17620,584,17222,568,398,16,19823,654,285024,3300,304847,3954,4,147,-79,3323,659,14150,29,1090,167,"East TN",2455501,175.36136210085,0.110322357916541,161.02620198485,23.7833338288195,135.32879848145,11.0322357916541
2020-07-23,18415,795,17995,773,420,22,20822,999,295228,10204,316050,11203,4,151,242,3565,549,14699,50,1140,173,"East TN",2455501,174.058165726668,0.107576472607147,456.24090562374,32.3762849210813,145.184221061201,10.7576472607147
2020-07-24,19018,603,18585,590,433,13,21506,684,301038,5810,322544,6494,2,153,7,3572,594,15293,34,1174,180,"East TN",2455501,179.556025430248,0.10745205252475,264.467414185537,24.55710667599,145.469295268053,10.745205252475
2020-07-25,19996,978,19551,966,445,12,22708,1202,310653,9615,333361,10817,10,163,550,4122,418,15711,29,1203,188,"East TN",2455501,198.655997289352,0.113667063965038,440.521099360171,39.8289391859339,167.867982949304,11.3667063965038
2020-07-26,20771,775,20311,760,460,15,23605,897,318176,7523,341781,8420,1,164,391,4513,383,16094,21,1224,195,"East TN",2455501,210.629113977148,0.113579274922206,342.903545956609,31.5617871872176,183.791413646339,11.3579274922206
2020-07-27,21417,646,20935,624,482,22,24311,706,322642,4466,346953,5172,6,170,-78,4435,718,16812,38,1262,199,"East TN",2455501,219.181340182716,0.114177897574124,210.629113977148,26.3082768037969,180.614872484271,11.4177897574124
2020-07-28,22232,815,21727,792,505,23,25283,972,330863,8221,356146,9193,7,177,170,4605,638,17450,50,1312,204,"East TN",2455501,211.606511257784,0.11065462508823,374.38388337044,33.190782654945,187.538103222112,11.065462508823
2020-07-29,22575,343,22059,332,516,11,25599,316,332434,1571,358033,1887,5,182,-337,4268,675,18125,24,1336,213,"East TN",2455501,201.791813564727,0.108600007520776,76.8478611900382,13.9686361357621,173.813816406509,10.8600007520776
2020-07-30,23763,1188,23232,1173,531,15,26980,1381,344968,12534,371948,13915,5,187,674,4942,509,18634,46,1382,220,"East TN",2455501,217.796694035148,0.110164943289563,566.686798335655,48.3811653915026,201.262390037715,11.0164943289563
2020-07-31,24385,622,23838,606,547,16,27634,654,348936,3968,376570,4622,6,193,80,5022,536,19170,27,1409,229,"East TN",2455501,218.570466882319,0.113426868544775,188.230426295896,25.3308795231604,204.52038097317,11.3426868544775
2020-08-01,24944,559,24380,542,564,17,28270,636,355911,6975,384181,7611,1,194,152,5174,406,19576,16,1425,232,"East TN",2455501,201.506739357874,0.109445100354191,309.957112621823,22.7652116614899,210.710563750534,10.9445100354191
2020-08-02,25375,431,24800,420,575,11,28754,484,359709,3798,388463,4282,4,198,49,5223,378,19954,21,1446,237,"East TN",2455501,187.497378335419,0.11029947303029,174.383964820214,17.5524261647623,212.7060831985,11.029947303029
2020-08-03,26001,626,25408,608,593,18,29462,708,363853,4144,393315,4852,3,201,-43,5180,666,20620,39,1485,245,"East TN",2455501,186.682880601555,0.11110392131487,197.597150235329,25.4937790699332,210.954913070693,11.110392131487
2020-08-04,26487,486,25874,466,613,20,29988,526,369224,5371,399212,5897,6,207,-218,4962,698,21318,34,1519,254,"East TN",2455501,173.284392879498,0.109250917196861,240.154656829706,19.7922949328874,202.076887771579,10.9250917196861
2020-08-05,26955,468,26334,460,621,8,30509,521,373437,4213,403946,4734,9,216,-222,4740,681,21999,20,1539,260,"East TN",2455501,178.375003716146,0.106941389149043,192.791613605533,19.0592469724101,193.035962925692,10.6941389149043
2020-08-06,27686,731,27027,693,659,38,31361,852,380506,7069,411867,7921,7,223,202,4942,522,22521,37,1576,266,"East TN",2455501,159.763730497361,0.109747238157268,322.58182749671,29.7698921727175,201.262390037715,10.9747238157268
2020-08-07,28241,555,27568,541,673,14,31980,619,384476,3970,416456,4589,6,229,40,4982,509,23030,34,1610,279,"East TN",2455501,157.035163088917,0.108960537531966,186.886505035021,22.6023121147171,202.891385505443,10.8960537531966
2020-08-08,28916,675,28231,663,685,12,32780,800,394553,10077,427333,10877,8,237,290,5272,377,23407,24,1634,290,"East TN",2455501,161.759249945327,0.104514275120504,442.964592561762,27.4892985178992,214.701602646466,10.4514275120504
2020-08-09,29444,528,28747,516,697,12,33414,634,398854,4301,432268,4935,2,239,115,5387,411,23818,20,1654,297,"East TN",2455501,165.709563954566,0.106380550165506,200.977315830863,21.5027401740012,219.384964616182,10.6380550165506
2020-08-10,29747,303,29039,292,708,11,33742,328,401143,2289,434885,2617,3,242,-477,4910,777,24595,26,1680,301,"East TN",2455501,152.555425552667,0.102958864565793,106.577028476063,12.3396406680348,199.959193663533,10.2958864565793
2020-08-11,30359,612,29634,595,725,17,34427,685,407243,6100,441670,6785,17,259,-7,4903,602,25197,28,1708,306,"East TN",2455501,157.686761276008,0.104550379198267,276.318356213253,24.9236306562286,199.674119456681,10.4550379198267
2020-08-12,30804,445,30058,424,746,21,34901,474,410992,3749,445893,4223,6,265,-251,4652,690,25887,25,1733,311,"East TN",2455501,156.750088882065,0.104703554485422,171.981196505316,18.1225745784669,189.452172896692,10.4703554485422
2020-08-13,31621,817,30862,804,759,13,36018,1117,419555,8563,455573,9680,6,271,202,4854,609,26496,44,1777,319,"East TN",2455501,160.252429137679,0.106552876035327,394.216903190021,33.2722324283313,197.678600008715,10.6552876035327
2020-08-14,32082,461,31294,432,788,29,36552,534,424211,4656,460763,5190,4,275,-142,4712,599,27095,18,1795,326,"East TN",2455501,156.42428978852,0.10318911232988,211.362161937625,18.7741727655578,191.895666098283,10.318911232988
2020-08-15,32732,650,31932,638,800,12,37429,877,431144,6933,468573,7810,4,279,216,4928,430,27525,17,1812,335,"East TN",2455501,155.40616762119,0.112730358874879,318.061365073767,26.4711763505696,200.692241624011,11.2730358874879
2020-08-16,33206,474,32395,463,811,11,38022,593,436609,5465,474631,6058,2,281,110,5038,362,27887,10,1822,344,"East TN",2455501,153.207023739758,0.108774166135543,246.711363587309,19.3035962925692,205.171979160261,10.8774166135543
2020-08-17,33479,273,32598,203,881,70,38249,227,438081,1472,476330,1699,8,289,-397,4641,662,28549,12,1834,350,"East TN",2455501,151.985277138963,0.108746531547834,69.1915824917196,11.1178940672392,189.004199143067,10.8746531547834
2020-08-18,34109,630,33163,565,946,65,39061,812,448678,10597,487739,11409,8,297,52,4693,570,29119,22,1856,353,"East TN",2455501,152.71832509944,0.100588248062689,464.630232282536,25.6566786167059,191.121893251113,10.0588248062689
2020-08-19,34564,455,33597,434,967,21,39558,497,453462,4784,493020,5281,7,304,-113,4580,561,29680,22,1878,360,"East TN",2455501,153.125573966372,0.0988180872960299,215.068126626705,18.5298234453987,186.519981054783,9.88180872960299
2020-08-20,35342,778,34354,757,988,21,40432,874,465001,11539,505433,12413,6,310,265,4845,507,30187,27,1905,368,"East TN",2455501,151.537303385338,0.088527878058564,505.518018522493,31.6839618472971,197.312076028476,8.8527878058564
2020-08-21,35551,209,34551,197,1000,12,40645,213,467452,2451,508097,2664,17,327,-321,4524,513,30700,17,1922,375,"East TN",2455501,141.274631938655,0.0864706130899565,108.491098150642,8.51150131887546,184.239387399964,8.64706130899565
2020-08-22,36420,869,35408,857,1012,12,41617,972,480819,13367,522436,14339,2,329,453,4977,414,31114,20,1942,382,"East TN",2455501,150.193382124463,0.077752817332863,583.954150293565,35.3899265363769,202.687761071977,7.7752817332863
2020-08-23,36673,253,35650,242,1023,11,41871,254,485925,5106,527796,5360,0,329,-94,4883,347,31461,20,1962,387,"East TN",2455501,141.193182165269,0.0723972538324085,218.285392675466,10.3033963333756,198.859621722817,7.23972538324085
2020-08-24,36865,192,35825,175,1040,17,42069,198,487268,1343,529337,1541,8,337,-485,4398,669,32130,15,1977,397,"East TN",2455501,137.894466343121,0.0720659535533043,62.7570503941965,7.81917824509133,179.108051676623,7.20659535533043
2020-08-25,37479,614,36414,589,1065,25,42754,685,497002,9734,539756,10419,16,353,120,4518,478,32608,23,2000,406,"East TN",2455501,137.24286815603,0.0709960205317492,424.312594456284,25.005080429615,183.995038079805,7.09960205317492
2020-08-26,37824,345,36734,320,1090,25,43138,384,500964,3962,544102,4346,6,359,-208,4310,547,33155,11,2011,414,"East TN",2455501,132.76313061978,0.0700833953251635,176.990357568578,14.0500859091485,175.524261647623,7.00833953251635
2020-08-27,38685,861,37578,844,1107,17,44114,976,511256,10292,555370,11268,8,367,387,4697,466,33621,29,2040,421,"East TN",2455501,136.143296215314,0.0737329034583575,458.888023258797,35.0641274428314,191.284792797885,7.37329034583575
2020-08-28,39019,334,37892,314,1127,20,44452,338,513865,2609,558317,2947,12,379,-182,4515,504,34125,10,2050,427,"East TN",2455501,141.233907051962,0.0758064516129032,120.016241084813,13.6021121555235,183.872863419726,7.58064516129032
2020-08-29,39470,451,38327,435,1143,16,44980,528,520384,6519,565364,7047,8,387,61,4576,382,34507,16,2066,436,"East TN",2455501,124.210904414211,0.0783404770778979,286.988276526868,18.366923898626,186.35708150801,7.83404770778979
2020-08-30,39733,263,38579,252,1154,11,45247,267,522265,1881,567512,2148,8,395,-55,4521,310,34817,14,2080,439,"East TN",2455501,124.618153281143,0.0850035250276966,87.4770566169592,10.7106452003074,184.117212739885,8.50035250276967
2020-08-31,40140,407,38957,378,1183,29,45697,450,525752,3487,571449,3937,2,397,-133,4388,538,35355,17,2097,444,"East TN",2455501,133.374003920178,0.0861512158054711,160.333878911065,16.5750288841259,178.700802809691,8.61512158054711
2020-09-01,40747,607,39522,565,1225,42,46371,674,531417,5665,577788,6339,6,403,105,4493,496,35851,28,2125,453,"East TN",2455501,133.088929713325,0.0951041228439209,258.155056748093,24.7200062227627,182.976915912476,9.51041228439209
2020-09-02,41235,488,39981,459,1254,29,46824,453,536210,4793,583034,5246,7,410,23,4516,458,36309,22,2147,460,"East TN",2455501,138.912588510451,0.0946778999280797,213.642755592443,19.8737447062738,183.913588306419,9.46778999280797
2020-09-03,41790,555,40503,522,1287,33,47471,647,544466,8256,591937,8903,6,416,-39,4477,588,36897,22,2169,463,"East TN",2455501,126.450773182336,0.0918040856509968,362.573666229417,22.6023121147171,182.325317725385,9.18040856509968
2020-09-04,42147,357,40846,343,1301,14,47819,348,547798,3332,595617,3680,7,423,-40,4437,390,37287,11,2180,464,"East TN",2455501,127.38744557628,0.0902680965147453,149.867583030917,14.5387845494667,180.696322257657,9.02680965147453
2020-09-05,43145,998,41829,983,1316,15,48909,1090,557117,9319,606026,10409,1,424,640,5077,357,37644,26,2206,470,"East TN",2455501,149.663958597451,0.0966258423097733,423.905345589352,40.6434369197976,206.760249741295,9.66258423097733
2020-09-06,43408,263,42076,247,1332,16,49177,268,559744,2627,608921,2895,0,424,-51,5026,314,37958,9,2215,484,"East TN",2455501,149.663958597451,0.0949069042961675,117.898546976768,10.7106452003074,204.683280519943,9.49069042961675
2020-09-07,43612,204,42273,197,1339,7,49414,237,561080,1336,610494,1573,3,427,-342,4684,543,38501,13,2228,488,"East TN",2455501,141.396806598735,0.095197848636189,64.0602467683784,8.30787688540954,190.755369270874,9.5197848636189
2020-09-08,43923,311,42562,289,1361,22,49734,320,564506,3426,614240,3746,7,434,-302,4382,606,39107,24,2252,495,"East TN",2455501,129.342240137552,0.0922583123011083,152.555425552667,12.6654397615802,178.456453489532,9.22583123011083
2020-09-09,44256,333,42878,316,1378,17,50109,375,569652,5146,619761,5521,6,440,-161,4221,488,39595,16,2268,502,"East TN",2455501,123.029882700109,0.0894437334930705,224.842099433069,13.5613872688303,171.89974673193,8.94437334930705
2020-09-10,44931,675,43516,638,1415,37,50816,707,577463,7811,628279,8518,18,458,194,4415,463,40058,39,2307,513,"East TN",2455501,127.916869103291,0.0920422651477629,346.894584852541,27.4892985178992,179.800374750407,9.20422651477629
2020-09-11,45257,326,43819,303,1438,23,51171,355,581623,4160,632794,4515,17,475,-205,4210,514,40572,26,2333,524,"East TN",2455501,126.654397615802,0.0901632729913656,183.872863419726,13.276313061978,171.451772978305,9.01632729913656
2020-09-12,45676,419,44220,401,1456,18,51683,512,588609,6986,640292,7498,10,485,92,4302,317,40889,15,2348,535,"East TN",2455501,103.074688220449,0.080954882390708,305.355200425494,17.0637275244441,175.198462554078,8.0954882390708
2020-09-13,46117,441,44641,421,1476,20,52186,503,594183,5574,646369,6077,2,487,49,4351,390,41279,21,2369,540,"East TN",2455501,110.323718051835,0.0803514206366161,247.485136434479,17.9596750316941,177.193982002044,8.03514206366161
2020-09-14,46561,444,45070,429,1491,15,52671,485,599156,4973,651827,5458,9,496,-151,4200,586,41865,25,2394,550,"East TN",2455501,120.0976908582,0.0787990225727627,222.276431571398,18.0818496917737,171.044524111373,7.87990225727627
2020-09-15,47054,493,45526,456,1528,37,53211,540,607332,8176,660543,8716,7,503,-66,4134,552,42417,20,2414,553,"East TN",2455501,127.509620236359,0.0750923266311038,354.958112417792,20.0773691397397,168.356681589623,7.50923266311038
2020-09-16,47407,353,45836,310,1571,43,53605,394,610746,3414,664351,3808,6,509,-175,3959,522,42939,17,2431,562,"East TN",2455501,128.324117970223,0.0784032294236376,155.080368527645,14.375885002694,161.229826418315,7.84032294236376
2020-09-17,47958,551,46355,519,1603,32,54182,577,617921,7175,672103,7752,8,517,119,4078,424,43363,21,2452,573,"East TN",2455501,123.274232020268,0.0768072289156626,315.699321645562,22.4394125679444,166.076087934804,7.68072289156626
2020-09-18,48492,534,46841,486,1651,48,54749,567,626037,8116,680786,8683,17,534,-29,4049,546,43909,30,2482,579,"East TN",2455501,131.74500845245,0.0745540923487248,353.614191156917,21.7470894941603,164.895066220702,7.45540923487248
2020-09-19,49000,508,47326,485,1674,23,55322,573,634391,8354,689713,8927,3,537,193,4242,312,44221,30,2512,581,"East TN",2455501,135.369523368144,0.0736326662754699,363.551063510054,20.6882424401375,172.754969352487,7.36326662754699
2020-09-20,49306,306,47607,281,1699,25,55651,329,639349,4958,695000,5287,1,538,-19,4223,324,44545,13,2525,592,"East TN",2455501,129.871663664564,0.0712508482243836,215.312475946864,12.4618153281143,171.981196505316,7.12508482243836
2020-09-21,49469,163,47740,133,1729,30,55803,152,640866,1517,696669,1669,3,541,-209,4014,369,44914,9,2534,597,"East TN",2455501,118.427970503779,0.0698452343784845,67.9698358909241,6.63815653098899,163.469695186441,6.98452343784845
2020-09-22,49929,460,48142,402,1787,58,56293,490,647015,6149,703308,6639,6,547,-55,3959,509,45423,29,2563,604,"East TN",2455501,117.084049242904,0.0720682801356249,270.372522756049,18.7334478788646,161.229826418315,7.20682801356249
2020-09-23,50223,294,48396,254,1827,40,56575,282,649108,2093,705683,2375,8,555,-217,3742,503,45926,13,2576,613,"East TN",2455501,114.681280928006,0.0718571566824736,96.721605896312,11.9731166877961,152.392526005895,7.18571566824736
2020-09-24,50686,463,48838,442,1848,21,57056,481,656001,6893,713057,7374,11,566,-36,3706,488,46414,28,2604,618,"East TN",2455501,111.097490899006,0.070176295355765,300.305314475539,18.8556225389442,150.92643008494,7.0176295355765
2020-09-25,51140,454,49268,430,1872,24,57542,486,662674,6673,720216,7159,11,577,14,3720,429,46843,18,2622,625,"East TN",2455501,107.839499963551,0.0708343900583312,291.549463836504,18.4890985587055,151.496578498644,7.08343900583312
2020-09-26,51698,558,49802,534,1896,24,58180,638,673230,10556,731410,11194,5,582,194,3914,359,47202,29,2651,632,"East TN",2455501,109.87574429821,0.068542101350217,455.874381643502,22.7244867747967,159.397206517122,6.8542101350217
2020-09-27,52091,393,50167,365,1924,28,58587,407,679249,6019,737836,6426,3,585,91,4005,299,47501,30,2681,639,"East TN",2455501,113.418809440517,0.0685404799701186,261.6981218904,16.0048804704213,163.103171206202,6.85404799701186
2020-09-28,52325,234,50362,195,1963,39,58812,225,680936,1687,739748,1912,4,589,-315,3690,545,48046,15,2696,646,"East TN",2455501,116.310276395733,0.0698484180227025,77.8659833573678,9.52962348620506,150.274831897849,6.98484180227025
2020-09-29,52708,383,50702,340,2006,43,59209,397,686747,5811,745956,6208,9,598,-43,3647,417,48463,33,2729,648,"East TN",2455501,113.174460120358,0.0683736634777715,252.820096591286,15.5976316034895,148.523661770042,6.83736634777715
2020-09-30,53190,482,51152,450,2038,32,59685,476,690185,3438,749870,3914,6,604,79,3726,397,48860,23,2752,652,"East TN",2455501,120.830738818677,0.070382691741915,159.397206517122,19.6293953861147,151.740927818804,7.0382691741915
2020-10-01,53578,388,51501,349,2077,39,60064,379,693465,3280,753529,3659,11,615,0,3726,377,49237,31,2783,657,"East TN",2455501,117.776372316688,0.0743229887329512,149.01236041036,15.8012560369554,151.740927818804,7.43229887329512
2020-10-02,54043,465,51938,437,2105,28,60527,463,697086,3621,757613,4084,2,617,24,3750,439,49676,17,2800,661,"East TN",2455501,118.224346070313,0.0798192368371795,166.320437254963,18.9370723123306,152.71832509944,7.98192368371795
2020-10-03,54448,405,52326,388,2122,17,61010,483,704546,7460,765556,7943,12,629,83,3833,310,49986,22,2822,667,"East TN",2455501,111.993438406256,0.0828794002225737,323.477775003961,16.4935791107395,156.098490694974,8.28794002225737
2020-10-04,54903,455,52751,425,2152,30,61549,539,714669,10123,776218,10662,4,633,144,3977,307,50293,27,2849,680,"East TN",2455501,114.518381381233,0.0771715908498775,434.208741922728,18.5298234453987,161.962874378793,7.71715908498775
2020-10-05,55574,671,53363,612,2211,59,62300,751,721917,7248,784217,7999,5,638,151,4128,515,50808,42,2891,689,"East TN",2455501,132.315156866155,0.0784366637432818,325.758368658779,27.3263989711265,168.112332269464,7.84366637432818
2020-10-06,56324,750,54029,666,2295,84,63040,740,728557,6640,791597,7380,8,646,302,4430,440,51248,46,2937,698,"East TN",2455501,147.261190282553,0.0839376876054425,300.549663795698,30.543665019888,180.411248050805,8.39376876054425
2020-10-07,57061,737,54688,659,2373,78,63748,708,735310,6753,799058,7461,3,649,293,4723,441,51689,38,2975,704,"East TN",2455501,157.646036389315,0.0826014475075222,303.848379617846,30.0142414928766,192.343639851908,8.26014475075222
2020-10-08,57779,718,55345,657,2434,61,64426,678,741771,6461,806197,7139,10,659,266,4989,442,52131,32,3007,710,"East TN",2455501,171.085248998066,0.082820688083846,290.734966102641,29.2404686457061,203.176459712295,8.2820688083846
2020-10-09,58320,541,55844,499,2476,42,64986,560,747250,5479,812236,6039,4,663,123,5112,414,52545,20,3027,717,"East TN",2455501,174.180340386748,0.0816322794427256,245.937590740138,22.0321637010125,208.185620775557,8.16322794427256
2020-10-10,58938,618,56432,588,2506,30,65655,669,755676,8426,821331,9095,12,675,252,5364,354,52899,20,3047,731,"East TN",2455501,182.854741252396,0.0832810398924249,370.392844474508,25.1679799763877,218.448292222239,8.32810398924249
2020-10-11,59881,943,57344,912,2537,31,66684,1029,766104,10428,832788,11457,1,676,586,5950,356,53255,37,3084,738,"East TN",2455501,202.72848595867,0.0907724942549054,466.585026843809,38.4035681516725,242.313075824445,9.07724942549054
2020-10-12,60237,356,57629,285,2608,71,67001,317,769025,2921,836026,3238,6,682,-337,5613,687,53942,19,3103,749,"East TN",2455501,189.900146650317,0.090737130614372,131.86718311253,14.4980596627735,228.588789008842,9.0737130614372
2020-10-13,60742,505,58082,453,2660,52,67485,484,773410,4385,840895,4869,9,691,7,5620,489,54431,24,3127,756,"East TN",2455501,179.922549410487,0.0901659296523186,198.289473309113,20.5660677800579,228.873863215694,9.01659296523185
2020-10-14,61616,874,58894,812,2722,62,68333,848,779595,6185,847928,7033,1,692,329,5949,544,54975,44,3171,763,"East TN",2455501,185.501858887453,0.0938203396766933,286.418128113163,35.5935509698428,242.272350937752,9.38203396766933
2020-10-15,62125,509,59334,440,2791,69,68798,465,783749,4154,852547,4619,14,706,-67,5882,562,55537,19,3190,772,"East TN",2455501,176.990357568578,0.0943257820927724,188.108251635817,20.7289673268307,239.543783529308,9.43257820927724
2020-10-16,62764,639,59930,596,2834,43,69382,584,787838,4089,857220,4673,2,708,-135,5747,772,56309,22,3212,784,"East TN",2455501,180.98139646451,0.0977236350702472,190.307395517249,26.0232025969446,234.045923825728,9.77236350702472
2020-10-17,63482,718,60611,681,2871,37,70242,860,796622,8784,866864,9644,6,714,237,5984,475,56784,37,3249,791,"East TN",2455501,185.053885133828,0.100740122548481,392.750807269066,29.2404686457061,243.697721972013,10.0740122548481
2020-10-18,64288,806,61371,760,2917,46,71114,872,804732,8110,875846,8982,3,717,349,6333,454,57238,39,3288,799,"East TN",2455501,179.474575656862,0.102884481397185,365.790932278179,32.8242586747063,257.910707427934,10.2884481397185
2020-10-19,65036,748,62056,685,2980,63,71873,759,809631,4899,881504,5658,3,720,-19,6314,764,58002,67,3355,810,"East TN",2455501,195.43873124059,0.107128721579665,230.421408910035,30.4622152465016,257.136934580764,10.7128721579665
2020-10-20,65722,686,62665,609,3057,77,72564,691,813247,3616,885811,4307,15,735,34,6348,637,58639,32,3387,823,"East TN",2455501,202.809935732056,0.113077745124232,175.402086987543,27.9372722715242,258.521580728332,11.3077745124232
2020-10-21,66316,594,63218,553,3098,41,73181,617,816991,3744,890172,4361,5,740,-128,6220,717,59356,27,3414,837,"East TN",2455501,191.406967457965,0.11476185967238,177.601230868975,24.1905826957513,253.308795231604,11.476185967238
2020-10-22,67446,1130,64254,1036,3192,94,74282,1101,825557,8566,899839,9667,10,750,440,6660,680,60036,43,3457,852,"East TN",2455501,216.697122094432,0.115960416138036,393.68747966301,46.0191219632979,271.227745376605,11.5960416138036
2020-10-23,68417,971,65158,904,3259,67,75252,970,832673,7116,907925,8086,19,769,290,6950,662,60698,39,3496,860,"East TN",2455501,230.217784476569,0.11576767577162,329.301433801086,39.5438649790817,283.037962517629,11.576767577162
2020-10-24,69654,1237,66333,1175,3321,62,76579,1327,843198,10525,919777,11852,12,781,644,7594,581,61279,50,3546,877,"East TN",2455501,251.354000670332,0.119762629221552,482.671357087617,50.3766848394686,309.264789548039,11.9762629221552
2020-10-25,70583,929,67205,872,3378,57,77626,1047,851076,7878,928702,8925,9,790,437,8031,483,61762,43,3589,888,"East TN",2455501,256.363161733593,0.12320266384138,363.469613736667,37.8334197379679,327.061565032961,12.320266384138
2020-10-26,71045,462,67611,406,3434,56,78060,434,853831,2755,931891,3189,6,796,-449,7582,905,62667,21,3610,902,"East TN",2455501,244.715844139343,0.122789608430746,129.871663664564,18.814897652251,308.776090907721,12.2789608430746
2020-10-27,71887,842,68323,712,3564,130,78843,783,858216,4385,937059,5168,12,808,80,7662,750,63417,54,3664,926,"East TN",2455501,251.068926463479,0.122521854511396,210.466214430375,34.2903545956609,312.034081843176,12.2521854511396
2020-10-28,72884,997,69234,911,3650,86,79813,970,865434,7218,945247,8188,13,821,199,7861,785,64202,41,3705,940,"East TN",2455501,267.481055800833,0.1204176123468,333.455372243791,40.6027120331044,320.138334295119,12.04176123468
2020-10-29,73792,908,70027,793,3765,115,80647,834,871937,6503,952584,7337,11,832,151,8012,746,64948,40,3745,952,"East TN",2455501,258.440130954946,0.120674945492464,298.798493667891,36.9781971174111,326.28779218579,12.0674945492464
2020-10-30,74692,900,70834,807,3858,93,81487,840,876795,4858,958282,5698,28,860,50,8062,822,65770,39,3784,968,"East TN",2455501,255.54866399973,0.123815954087813,232.050404377762,36.6523980238656,328.324036520449,12.3815954087813
2020-10-31,74706,14,70848,14,3858,0,81503,16,876816,21,958319,37,5,865,-603,7459,612,66382,0,3784,979,"East TN",2455501,205.742127573966,0.127756732914742,1.50682080764781,0.570148413704576,303.766929844459,12.7756732914742
2020-11-01,75213,507,71238,390,3975,117,81973,470,883383,6567,965356,7037,0,865,-137,7322,644,67026,27,3811,995,"East TN",2455501,188.556225389442,0.118595514814209,286.581027659936,20.6475175534443,298.187620367493,11.8595514814209
2020-11-02,76025,812,71982,744,4043,68,82750,777,887611,4228,970361,5005,11,876,-228,7094,1029,68055,38,3849,1009,"East TN",2455501,202.809935732056,0.121913179100598,203.828057899386,33.0686079948654,288.902346201447,12.1913179100598
2020-11-03,77065,1040,72942,960,4123,80,83826,1076,894475,6864,978301,7940,31,907,30,7124,979,69034,29,3878,1022,"East TN",2455501,210.873463297307,0.120823432423258,323.355600343881,42.3538821609114,290.124092802243,12.0823432423258
2020-11-04,77976,911,73754,812,4222,99,84673,847,899360,4885,984033,5732,6,913,-5,7119,910,69944,35,3913,1046,"East TN",2455501,207.371123041693,0.125302944361367,233.435050525331,37.1003717774906,289.920468368777,12.5302944361367
2020-11-05,78554,578,74238,484,4316,94,85174,501,902022,2662,987196,3163,17,930,-366,6753,927,70871,27,3940,1060,"East TN",2455501,193.931910432942,0.130792788628221,128.812816610541,23.5389845086603,275.015159839072,13.0792788628221
2020-11-06,79520,966,75087,849,4433,117,86101,927,908432,6410,994533,7337,10,940,43,6796,913,71784,37,3977,1084,"East TN",2455501,196.619752954692,0.127279247469035,298.798493667891,39.3402405456157,276.766329966878,12.7279247469035
2020-11-07,80847,1327,76328,1241,4519,86,87520,1419,919353,10921,1006873,12340,21,961,649,7445,657,72441,52,4029,1094,"East TN",2455501,250.091529182843,0.123923878568192,502.54510179389,54.0419246418552,303.196781430755,12.3923878568192
2020-11-08,82404,1557,77767,1439,4637,118,89187,1667,932254,12901,1021441,14568,3,964,889,8334,665,73106,52,4081,1111,"East TN",2455501,292.852660210686,0.128626192386556,593.280149346304,63.4086485812875,339.401205700995,12.8626192386556
2020-11-09,83024,620,78307,540,4717,80,89768,581,935706,3452,1025474,4033,9,973,-464,7870,1075,74181,19,4100,1122,"East TN",2455501,285.033481965595,0.127338377515287,164.243468033611,25.2494297497741,320.504858275358,12.7338377515287
2020-11-10,83963,939,79157,850,4806,89,90691,923,940708,5002,1031399,5925,27,1000,6,7876,906,75087,44,4144,1140,"East TN",2455501,280.920268409583,0.129289238766055,241.294953657115,38.2406686048998,320.749207595517,12.9289238766055
2020-11-11,85267,1304,80257,1100,5010,204,91860,1169,947255,6547,1039115,7716,26,1026,383,8259,895,75982,59,4203,1154,"East TN",2455501,296.925148880005,0.130478196143931,314.233225724608,53.1052522479119,336.346839199007,13.0478196143931
2020-11-12,86104,837,80962,705,5142,132,92624,764,951471,4216,1044095,4980,15,1041,8,8267,814,76796,34,4237,1172,"East TN",2455501,307.472894533539,0.130933759820032,202.809935732056,34.086730162195,336.672638292552,13.0933759820032
2020-11-13,87563,1459,82250,1288,5313,171,93924,1300,957333,5862,1051257,7162,27,1068,526,8793,906,77702,47,4284,1188,"East TN",2455501,327.550263673279,0.13791340526056,291.671638496584,59.4176096853555,358.093928693167,13.791340526056
2020-11-14,89039,1476,83642,1392,5397,84,95459,1535,966230,8897,1061689,10432,7,1075,918,9711,551,78253,52,4336,1217,"East TN",2455501,333.618271790563,0.144829976649154,424.842017983295,60.1099327591396,395.47937467751,14.4829976649154
2020-11-15,90991,1952,85375,1733,5616,219,97420,1961,977403,11173,1074823,13134,7,1082,1339,11050,606,78859,56,4392,1234,"East TN",2455501,349.704602034371,0.154228016934547,534.880661828279,79.4949788250952,450.009997959683,15.4228016934547
2020-11-16,92516,1525,86774,1399,5742,126,98957,1537,985023,7620,1083980,9157,10,1092,172,11222,1343,80202,41,4433,1253,"East TN",2455501,386.560624491703,0.157060814275459,372.917787449486,62.1054522071056,457.014678470911,15.7060814275459
2020-11-17,93728,1212,87893,1119,5835,93,100178,1221,990167,5144,1090345,6365,31,1123,89,11311,1092,81294,46,4479,1280,"East TN",2455501,397.678518558942,0.16094391476945,259.213903802116,49.358562672139,460.639193386604,16.094391476945
2020-11-18,94925,1197,88848,955,6077,242,101211,1033,995308,5141,1096519,6174,14,1137,55,11366,1128,82422,53,4532,1295,"East TN",2455501,393.320955682771,0.162898055884607,251.435450443718,48.7476893717412,462.879062154729,16.2898055884607
2020-11-19,96005,1080,89728,880,6277,200,102070,859,999969,4661,1102039,5520,45,1182,-242,11124,1277,83699,52,4584,1315,"East TN",2455501,403.217103149215,0.163019467071655,224.801374546376,43.9828776286387,453.023639574979,16.3019467071655
2020-11-20,97131,1126,90691,963,6440,163,103093,1023,1004869,4900,1107962,5923,28,1210,-126,10998,1224,84923,36,4620,1341,"East TN",2455501,389.655715880384,0.161696499426858,241.213503883729,45.8562224165252,447.892303851638,16.1696499426858
2020-11-21,98349,1218,91755,1064,6594,154,104192,1099,1011276,6407,1115468,7506,3,1213,362,11360,853,85776,47,4667,1365,"East TN",2455501,379.148695113543,0.162386805258558,305.680999519039,49.6029119922981,462.63471283457,16.2386805258558
2020-11-22,99935,1586,93184,1429,6751,157,105858,1666,1020877,9601,1126735,11267,17,1230,803,12163,766,86542,57,4724,1392,"East TN",2455501,364.243386583838,0.162544305748189,458.847298372104,64.5896702953898,495.336796849197,16.2544305748189
2020-11-23,100826,891,93942,758,6884,133,106560,702,1023993,3116,1130553,3818,18,1248,-1158,11005,2031,88573,35,4759,1419,"East TN",2455501,338.423808420359,0.163249092822021,155.487617394577,36.2858740436269,448.17737805849,16.3249092822021
2020-11-24,101737,911,94675,733,7062,178,107265,705,1027020,3027,1134285,3732,13,1261,-736,10269,1634,90207,57,4816,1447,"East TN",2455501,326.165617525711,0.16128812016386,151.985277138963,37.1003717774906,418.203861452307,16.128812016386
2020-11-25,102644,907,95361,686,7283,221,107810,545,1029328,2308,1137138,2853,38,1299,-494,9775,1363,91570,56,4872,1472,"East TN",2455501,314.355400384687,0.16246091730471,116.188101735654,36.9374722307179,398.085767425874,16.246091730471
2020-11-26,104110,1466,96748,1387,7362,79,109480,1670,1037695,8367,1147175,10037,18,1317,-441,9334,1889,93459,25,4897,1491,"East TN",2455501,330.075206648256,0.164170506912442,408.755687739488,59.7026838922077,380.126092394179,16.4170506912442
2020-11-27,105814,1704,98315,1567,7499,137,111230,1750,1045235,7540,1156465,9290,5,1322,161,9495,1538,94997,50,4947,1519,"East TN",2455501,353.614191156917,0.167762818794714,378.334197379679,69.3952069251855,386.682799151782,16.7762818794714
2020-11-28,107440,1626,99697,1382,7743,244,112724,1494,1052768,7533,1165492,9027,2,1324,569,10064,1055,96052,45,4992,1547,"East TN",2455501,370.229944927736,0.170558132096594,367.623552179372,66.2186657631172,409.855259680204,17.0558132096594
2020-11-29,109728,2288,101818,2121,7910,167,115050,2326,1063464,10696,1178514,13022,4,1328,1279,11343,1005,97057,51,5043,1572,"East TN",2455501,398.818815386351,0.177523706521949,530.319474518642,93.178540754005,461.942389760786,17.7523706521949
2020-11-30,111966,2238,103827,2009,8139,229,117271,2221,1072915,9451,1190186,11672,15,1343,-107,11236,2330,99387,53,5096,1603,"East TN",2455501,453.67523776207,0.179615313668606,475.340877482844,91.1422964193458,457.584826884615,17.9615313668606
2020-12-01,114229,2263,105835,2008,8394,255,119409,2138,1081753,8838,1201162,10976,20,1363,423,11659,1820,101207,63,5159,1631,"East TN",2455501,508.735284571255,0.181587092722461,446.996356344388,92.1604185866754,474.811453955832,18.1587092722461
2020-12-02,115286,1057,106748,913,8538,144,120285,876,1084663,2910,1204948,3786,15,1378,-688,10971,1730,102937,42,5201,1664,"East TN",2455501,514.844017575232,0.183969915941602,154.184421020395,43.0462052346955,446.792731910922,18.3969915941602
2020-12-03,117095,1809,108318,1570,8777,239,122007,1722,1090653,5990,1212660,7712,33,1411,318,11289,1458,104395,45,5246,1685,"East TN",2455501,528.812653710994,0.191295716576315,314.070326177835,73.6713200279699,459.743245879354,19.1295716576315
2020-12-04,118823,1728,109705,1387,9118,341,123464,1457,1096175,5522,1219639,6979,37,1448,-301,10988,1992,106387,36,5282,1720,"East TN",2455501,529.790050991631,0.193655617817457,284.218984231731,70.3726042058219,447.485054984706,19.3655617817457
2020-12-05,119956,1133,110614,909,9342,224,124393,929,1099237,3062,1223630,3991,5,1453,123,11111,1005,107392,24,5306,1746,"East TN",2455501,509.712681851891,0.200712098799408,162.533022792497,46.1412966233775,452.494216047967,20.0712098799408
2020-12-06,121424,1468,111876,1262,9548,206,125634,1241,1103728,4491,1229362,5732,20,1473,484,11595,964,108356,40,5346,1782,"East TN",2455501,476.31827476348,0.208149779735683,233.435050525331,59.7841336655941,472.205061207468,20.8149779735683
2020-12-07,124147,2723,114281,2405,9866,318,128205,2571,1113274,9546,1241479,12117,31,1504,-211,11384,2903,111259,51,5397,1804,"East TN",2455501,496.069844809674,0.213167488741154,493.46345206131,110.89386646554,463.612110115207,21.3167488741154
2020-12-08,126912,2765,116644,2363,10268,402,130736,2531,1121635,8361,1252371,10892,45,1549,719,12103,2001,113260,71,5468,1828,"East TN",2455501,516.513737929653,0.221191587416274,443.57546586216,112.604311706654,492.893303647606,22.1191587416274
2020-12-09,129558,2646,119029,2385,10529,261,133314,2578,1128733,7098,1262047,9676,21,1570,577,12680,2048,115308,56,5524,1851,"East TN",2455501,581.225582885122,0.228182630168654,394.054003643248,107.758050190165,516.391563269573,22.8182630168654
2020-12-10,132633,3075,121711,2682,10922,393,136263,2949,1140203,11470,1276466,14419,30,1600,2514,15194,531,115839,74,5598,1888,"East TN",2455501,632.783289438693,0.223427263893678,587.21214122902,125.229026581541,618.773928416238,22.3427263893678
2020-12-11,134619,1986,123461,1750,11158,236,138053,1790,1147378,7175,1285431,8965,35,1635,440,15634,1511,117350,50,5648,1913,"East TN",2455501,643.290310205534,0.221744285019455,365.098609204395,80.8796249726634,636.692878561239,22.1744285019455
2020-12-12,137880,3261,126188,2727,11692,534,141027,2974,1158611,11233,1299638,14207,21,1656,1879,17513,1361,118711,73,5721,1938,"East TN",2455501,729.95286908863,0.218845384696348,578.578465250065,132.803855506473,713.214940657731,21.8845384696348
2020-12-13,142172,4292,130049,3861,12123,431,145393,4366,1175896,17285,1321289,21651,15,1671,2960,20473,1317,120028,62,5783,1972,"East TN",2455501,844.959949110182,0.214942291165816,881.734521794127,174.791213687146,833.760605269556,21.4942291165816
2020-12-14,145031,2859,132506,2457,12525,402,148066,2673,1185175,9279,1333241,11952,37,1708,-1085,19388,3907,123935,71,5854,2006,"East TN",2455501,850.498533700455,0.216440356574617,486.743845756935,116.432451055813,789.574103207451,21.6440356574617
2020-12-15,149159,4128,136048,3542,13111,586,151930,3864,1200196,15021,1352126,18885,34,1742,1613,21001,2481,126416,94,5948,2037,"East TN",2455501,906.006554263264,0.212460528294321,769.08948520078,168.112332269464,855.263345443557,21.2460528294321
2020-12-16,152377,3218,138305,2257,14072,961,154316,2386,1208091,7895,1362407,10281,19,1761,663,21664,2536,128952,60,6008,2079,"East TN",2455501,929.301189451766,0.209266640095656,418.692560092625,131.052685378666,882.263945321138,20.9266640095656
2020-12-17,156445,4068,141677,3372,14768,696,157925,3609,1218791,10700,1376716,14309,58,1819,1449,23113,2561,131513,75,6083,2118,"East TN",2455501,969.741001938097,0.216079800498753,582.73240369277,165.668839067872,941.274306139562,21.6079800498753
2020-12-18,159652,3207,144413,2736,15239,471,160804,2879,1227481,8690,1388285,11569,43,1862,849,23962,2315,133828,62,6145,2148,"East TN",2455501,1019.46608859048,0.221197036576118,471.146214153446,130.604711625041,975.849734942075,22.1197036576118
2020-12-19,162292,2640,146655,2242,15637,398,163272,2468,1235846,8365,1399118,10833,27,1889,1271,25233,1342,135170,41,6186,2185,"East TN",2455501,994.175933954008,0.223612786489747,441.172697547262,107.513700870006,1027.61106592911,22.3612786489747
2020-12-20,165923,3631,149621,2966,16302,665,166590,3318,1249790,13944,1416380,17262,16,1905,2280,27513,1335,136505,55,6241,2219,"East TN",2455501,967.256783849813,0.222912788802305,702.992994097742,147.872063582951,1120.46380758957,22.2912788802305
2020-12-21,168237,2314,151363,1742,16874,572,168493,1903,1256706,6916,1425199,8819,14,1919,-1323,26190,3623,140128,35,6276,2254,"East TN",2455501,945.061720602028,0.222134017703734,359.15277574719,94.2373878080278,1066.58478249449,22.2134017703734
2020-12-22,170892,2655,153065,1702,17827,953,170294,1801,1261759,5053,1432053,6854,62,1981,-294,25896,2887,143015,60,6336,2299,"East TN",2455501,885.073962502968,0.229759655685813,279.128373395083,108.124574170404,1054.61166580669,22.9759655685813
2020-12-23,173110,2218,154511,1446,18599,772,171836,1542,1267536,5777,1439372,7319,41,2022,-558,25338,2735,145750,35,6371,2340,"East TN",2455501,844.349075809784,0.227635938413565,298.065445707414,90.3277986854821,1031.8871790319,22.7635938413565
2020-12-24,175201,2091,155968,1457,19233,634,173434,1598,1273826,6290,1447260,7888,15,2037,-585,24753,2661,148411,30,6401,2380,"East TN",2455501,763.835974817359,0.219848605125879,321.237906235835,85.1557380754477,1008.06312031638,21.9848605125879
2020-12-25,177567,2366,157947,1979,19620,387,175600,2166,1282374,8548,1457974,10714,3,2040,-292,24461,2655,151066,27,6428,2416,"East TN",2455501,729.586345108391,0.21231471250843,436.326436030773,96.3550819160733,996.171453401974,21.231471250843
2020-12-26,179507,1940,159415,1468,20092,472,177213,1613,1288028,5654,1465241,7267,2,2042,418,24879,1520,152586,43,6471,2454,"East TN",2455501,701.078924423163,0.21083435415816,295.947751599368,79.006280184777,1013.19445603972,21.083435415816
2020-12-27,180802,1295,160324,909,20478,386,178203,990,1290821,2793,1469024,3783,27,2069,-190,24689,1458,154044,41,6512,2485,"East TN",2455501,605.945589107885,0.220594939594256,154.062246360315,52.7387282676733,1005.45672756802,22.0594939594256
2020-12-28,182199,1397,161303,979,20896,418,179223,1020,1292640,1819,1471863,2839,25,2094,-2415,22274,3787,157831,42,6554,2522,"East TN",2455501,568.600868010235,0.229941710954912,115.617953321949,56.892666710378,907.10612620398,22.9941710954912
2020-12-29,185105,2906,163030,1727,22075,1179,181003,1780,1296729,4089,1477732,5869,50,2144,-111,22163,2967,160798,64,6618,2564,"East TN",2455501,578.822814570224,0.234440333632523,239.014360002297,118.346520730393,902.585663781037,23.4440333632523
2020-12-30,187433,2328,164646,1616,22787,712,182684,1681,1301209,4480,1483893,6161,40,2184,-533,21630,2821,163619,44,6662,2602,"East TN",2455501,583.302552106474,0.243660295141619,250.906026916707,94.8075362217323,880.87929917357,24.3660295141619
2020-12-31,190877,3444,167325,2679,23552,765,185579,2895,1308330,7121,1493909,10016,52,2236,594,22224,2798,166417,30,6692,2645,"East TN",2455501,638.403323802352,0.260348560526485,407.900465118931,140.256509771326,905.069881869321,26.0348560526485
2021-01-01,193117,2240,169041,1716,24076,524,187435,1856,1314532,6202,1501967,8058,24,2260,-443,21781,2659,169076,30,6722,2684,"East TN",2455501,633.271988079011,0.269020071374991,328.161136973677,91.2237461927322,887.028757064241,26.9020071374991
2021-01-02,195840,2723,171150,2109,24690,614,189686,2251,1321093,6561,1510779,8812,4,2264,1166,22947,1553,170629,63,6785,2720,"East TN",2455501,665.159574359774,0.273903113882911,358.867701540337,110.89386646554,934.513974948493,27.3903113882911
2021-01-03,197154,1314,172054,904,25100,410,190623,937,1324464,3371,1515087,4308,15,2279,-187,22760,1486,172115,26,6811,2763,"East TN",2455501,665.933347206945,0.269630723140047,175.442811874237,53.5125011148438,926.898421136868,26.9630723140047
2021-01-04,198710,1556,173178,1124,25532,432,191803,1180,1326829,2365,1518632,3545,46,2325,-1566,21194,3076,175191,34,6845,2811,"East TN",2455501,672.408604191161,0.268981590369689,144.369723327337,63.3679236945943,863.123248575342,26.8981590369689
2021-01-05,201613,2903,174917,1739,26696,1164,193632,1829,1332101,5272,1525733,7101,43,2368,-426,20768,3286,178477,60,6905,2855,"East TN",2455501,672.286429531081,0.263098685444053,289.1874204083,118.224346070313,845.774446844045,26.3098685444053
2021-01-06,204158,2545,176710,1793,27448,752,195535,1903,1337685,5584,1533220,7487,52,2420,59,20827,2434,180911,62,6967,2898,"East TN",2455501,681.123729943502,0.260526689237132,304.907226671869,103.644836634153,848.177215158943,26.0526689237132
2021-01-07,206670,2512,178849,2139,27821,373,197857,2322,1344794,7109,1542651,9431,33,2453,975,21802,1504,182415,44,7011,2930,"East TN",2455501,643.168135545455,0.251897747322638,384.076406403418,102.300915373278,887.883979684798,25.1897747322638
2021-01-08,209020,2350,180709,1860,28311,490,199848,1991,1352140,7346,1551988,9337,50,2503,1668,23470,632,183047,47,7058,2984,"East TN",2455501,647.647873081705,0.248155774574679,380.248267054259,95.7034837289824,955.813090689029,24.8155774574679
2021-01-09,211597,2577,182712,2003,28885,574,202027,2179,1360331,8191,1562358,10370,27,2530,755,24225,1795,184842,32,7090,3012,"East TN",2455501,641.7020396245,0.239264041567305,422.317075008318,104.948033008335,986.560380142382,23.9264041567305
2021-01-10,213265,1668,183846,1134,29419,534,203279,1252,1366137,5806,1569416,7058,36,2566,-11,24214,1643,186485,41,7131,3052,"East TN",2455501,656.118649513887,0.232951094259051,287.436250280493,67.9291110042309,986.112406388757,23.2951094259051
2021-01-11,214690,1425,184860,1014,29830,411,204377,1098,1369410,3273,1573787,4371,28,2594,-2167,22047,3564,190049,40,7171,3092,"East TN",2455501,650.78368935708,0.227975704831838,178.008479735907,58.0329635377872,897.861576924628,22.7975704831838
2021-01-12,216510,1820,185997,1137,30513,683,205572,1195,1373614,4204,1579186,5399,60,2654,-2140,19907,3900,193949,39,7210,3130,"East TN",2455501,606.678637068362,0.223373805024975,219.8736632565,74.1192937815949,810.710319401214,22.3373805024975
2021-01-13,218039,1529,187075,1078,30964,451,206708,1136,1378352,4738,1585060,5874,49,2703,-1336,18571,2816,196765,32,7242,3155,"East TN",2455501,565.302152188087,0.215528549382716,239.217984435763,62.2683517538783,756.30187077912,21.5528549382716
2021-01-14,220290,2251,188856,1781,31434,470,208674,1966,1386877,8525,1595551,10491,38,2741,-199,18372,2412,199177,50,7292,3196,"East TN",2455501,554.672956761166,0.204480151228733,427.244786298193,91.6717199463572,748.197618327176,20.4480151228733
2021-01-15,221255,965,189527,671,31728,294,209368,694,1389935,3058,1599303,3752,23,2764,-376,17996,1318,200495,29,7321,3236,"East TN",2455501,498.268988691106,0.201204691958153,152.799774872826,39.2995156589226,732.885060930539,20.1204691958153
2021-01-16,223688,2433,191278,1751,32410,682,211371,2003,1400826,10891,1612197,12894,13,2777,358,18354,2062,202557,54,7375,3277,"East TN",2455501,492.404605007288,0.187483697505969,525.106689021914,99.0836493245167,747.464570366699,18.7483697505969
2021-01-17,224544,856,191884,606,32660,250,212043,672,1404445,3619,1616488,4291,13,2790,-840,17514,1683,204240,24,7399,3310,"East TN",2455501,459.335997012422,0.186182868796737,174.750488800453,34.8605030093655,713.255665544425,18.6182868796737
2021-01-18,225106,562,192203,319,32903,243,212397,354,1406529,2084,1618926,2438,13,2803,-2467,15047,3016,207256,21,7420,3341,"East TN",2455501,424.190419796205,0.177673408803917,99.2872737579826,22.8873863215694,612.78737007234,17.7673408803917
2021-01-19,226784,1678,193173,970,33611,708,213462,1065,1410737,4208,1624199,5273,21,2824,-1174,13873,2831,210087,52,7472,3380,"East TN",2455501,418.407485885772,0.175282696110013,214.742327533159,68.3363598711627,564.976353094542,17.5282696110013
2021-01-20,227768,984,193831,658,33937,326,214159,697,1414733,3996,1628892,4693,32,2856,-1013,12860,1965,212052,29,7501,3420,"East TN",2455501,396.212422637987,0.169989961671838,191.121893251113,40.073288506093,523.722042874346,16.9989961671838
2021-01-21,229334,1566,194973,1142,34361,424,215440,1281,1421666,6933,1637106,8214,65,2921,-762,12098,2263,214315,37,7538,3466,"East TN",2455501,368.315875253156,0.162820358560943,334.514219297813,63.7751725615261,492.68967921414,16.2820358560943
2021-01-22,230322,988,195680,707,34642,281,216257,817,1427110,5444,1643367,6261,32,2953,-729,11369,1685,216000,31,7569,3497,"East TN",2455501,369.252547647099,0.156340777051561,254.978515586025,40.2361880528658,463.001236814809,15.6340777051561
2021-01-23,231754,1432,196649,969,35105,463,217358,1101,1435392,8282,1652750,9383,19,2972,206,11575,1207,217207,41,7610,3522,"East TN",2455501,328.486936067222,0.147633960496141,382.121611842145,58.3180377446395,471.390563473605,14.7633960496141
2021-01-24,232379,625,197140,491,35239,134,217901,543,1438768,3376,1656669,3919,19,2991,-602,10973,1208,218415,20,7630,3550,"East TN",2455501,319.079487241097,0.145790298897489,159.600830950588,25.45305418324,446.874181684308,14.5790298897489
2021-01-25,233119,740,197651,511,35468,229,218450,549,1440525,1757,1658975,2306,44,3035,-1152,9821,1848,220263,20,7650,3581,"East TN",2455501,326.328517072483,0.151139853679243,93.9115887144823,30.1364161529562,399.95911221376,15.1139853679243
2021-01-26,234151,1032,198380,729,35771,303,219234,784,1444991,4466,1664225,5250,63,3098,-917,8904,1886,222149,25,7675,3603,"East TN",2455501,300.020240268687,0.144206265927147,213.805655139216,42.0280830673659,362.61439111611,14.4206265927147
2021-01-27,235104,953,199084,704,36020,249,219989,755,1449514,4523,1669503,5278,55,3153,-391,8513,1289,223438,27,7702,3626,"East TN",2455501,298.757768781198,0.143557164315087,214.945951966625,38.8108170186043,346.690960419075,14.3557164315087
2021-01-28,236432,1328,199798,714,36634,614,220785,796,1453945,4431,1674730,5227,46,3199,-177,8336,1459,224897,28,7730,3653,"East TN",2455501,289.06524574822,0.14206357644057,212.868982745273,54.0826495285484,339.482655474382,14.206357644057
2021-01-29,237026,594,200149,351,36877,243,221182,397,1456612,2667,1677794,3064,17,3216,-683,7653,1260,226157,17,7747,3673,"East TN",2455501,273.019640391105,0.143056322072792,124.781052827916,24.1905826957513,311.667557862937,14.3056322072792
2021-01-30,238180,1154,201115,966,37065,188,222279,1097,1465662,9050,1687941,10147,44,3260,237,7890,873,227030,28,7775,3692,"East TN",2455501,261.6981218904,0.13983689011395,413.235425275738,46.9965192439343,321.319356009222,13.983689011395
2021-01-31,238861,681,201557,442,37304,239,222770,491,1469587,3925,1692357,4416,29,3289,-82,7808,734,227764,30,7805,3713,"East TN",2455501,263.978715545219,0.136432414256893,179.841099637101,27.7336478380583,317.979915300381,13.6432414256893
2021-02-01,239554,693,201964,407,37590,286,223211,441,1471283,1696,1694494,2137,39,3328,-543,7265,1197,228961,11,7816,3740,"East TN",2455501,262.064645870639,0.134040935837158,87.0290828633342,28.2223464783765,295.866301825982,13.4040935837158
2021-02-02,240092,538,202313,349,37779,189,223574,363,1472342,1059,1695916,1422,57,3385,-837,6428,1318,230279,12,7828,3756,"East TN",2455501,241.946551844206,0.136947398314979,57.9107888777077,21.909989040933,261.779571663787,13.6947398314979
2021-02-03,241203,1111,203071,758,38132,353,224401,827,1478347,6005,1702748,6832,46,3431,38,6466,1027,231306,39,7867,3768,"East TN",2455501,248.381083941729,0.132711685967815,278.232425887833,45.2453491161274,263.327117358128,13.2711685967815
2021-02-04,242297,1094,203850,779,38447,315,225267,866,1486061,7714,1711328,8580,58,3489,-3,6463,1039,232345,36,7903,3787,"East TN",2455501,238.851460455524,0.122465708508662,349.419527827519,44.5530260423433,263.204942698048,12.2465708508662
2021-02-05,243114,817,204409,559,38705,258,225873,606,1489867,3806,1715740,4412,67,3556,-150,6313,900,233245,28,7931,3801,"East TN",2455501,247.933110188104,0.123623043272018,179.678200090328,33.2722324283313,257.096209694071,12.3623043272018
2021-02-06,244347,1233,205231,822,39116,411,226834,961,1498522,8655,1725356,9616,27,3583,502,6815,704,233949,22,7953,3831,"East TN",2455501,251.150376236866,0.121742616597621,391.610510441657,50.2137852926959,277.540102814049,12.1742616597621
2021-02-07,244864,517,205584,353,39280,164,227240,406,1501606,3084,1728846,3490,2,3585,-118,6697,633,234582,9,7962,3846,"East TN",2455501,244.471494819184,0.122502672038148,142.129854559212,21.0547664203761,272.734566184253,12.2502672038148
2021-02-08,245376,512,205883,299,39493,213,227560,320,1502969,1363,1730529,1683,32,3617,-628,6069,1108,235690,9,7971,3862,"East TN",2455501,237.100290327717,0.120688219786319,68.5399843046287,20.8511419869102,247.159337340934,12.0688219786319
2021-02-09,246404,1028,206515,632,39889,396,228228,668,1507202,4233,1735430,4901,16,3633,-57,6012,1069,236759,38,8009,3873,"East TN",2455501,257.055484807377,0.117781039631523,199.592669683295,41.8651835205931,244.838018799422,11.7781039631523
2021-02-10,247253,849,207098,583,40155,266,228865,637,1513189,5987,1742054,6624,39,3672,-26,5986,836,237595,30,8039,3886,"East TN",2455501,246.385564493763,0.11357044725996,269.761649455651,34.5754288025132,243.779171745399,11.357044725996
2021-02-11,248121,868,207681,583,40440,285,229516,651,1518763,5574,1748279,6225,37,3709,-98,5888,929,238524,31,8070,3904,"East TN",2455501,237.181740101104,0.11499012205353,253.51241966507,35.3492016496837,239.788132849467,11.499012205353
2021-02-12,248953,832,208274,593,40679,239,230165,649,1524273,5510,1754438,6159,34,3743,60,5948,738,239262,11,8081,3913,"East TN",2455501,237.792613401501,0.110910124554241,250.82457714332,33.8831057287291,242.231626051058,11.0910124554241
2021-02-13,249547,594,208647,373,40900,221,230599,434,1528700,4427,1759299,4861,12,3755,-25,5923,607,239869,17,8098,3925,"East TN",2455501,211.769410804557,0.110921250331438,197.963674215567,24.1905826957513,241.213503883729,11.0921250331438
2021-02-14,250088,541,209062,415,41026,126,231052,453,1531668,2968,1762720,3421,15,3770,-49,5874,575,240444,15,8113,3938,"East TN",2455501,212.746808085193,0.112534687370845,139.319837377382,22.0321637010125,239.217984435763,11.2534687370845
2021-02-15,250466,378,209271,209,41195,169,231280,228,1532992,1324,1764272,1552,5,3775,-575,5299,948,241392,10,8123,3949,"East TN",2455501,207.289673268307,0.110245087870077,63.2050241478216,15.3940071700236,215.801174587182,11.0245087870077
2021-02-16,251232,766,209699,428,41533,338,231752,472,1536401,3409,1768153,3881,8,3783,-39,5260,797,242189,25,8148,3959,"East TN",2455501,196.619752954692,0.107691837545457,158.053285256247,31.1952632069789,214.212904006148,10.7691837545457
2021-02-17,251853,621,210118,419,41735,202,232203,451,1539655,3254,1771858,3705,11,3794,-90,5170,700,242889,11,8159,3976,"East TN",2455501,187.334478788646,0.111998389477922,150.885705198247,25.2901546364673,210.547664203761,11.1998389477922
2021-02-18,252648,795,210670,552,41978,243,232809,606,1545374,5719,1778183,6325,42,3836,24,5194,729,243618,21,8180,3992,"East TN",2455501,184.361562060044,0.110119047619048,257.584908334389,32.3762849210813,211.525061484398,11.0119047619048
2021-02-19,253127,479,210974,304,42153,175,233154,345,1548082,2708,1781236,3053,5,3841,-222,4972,696,244314,11,8191,4001,"East TN",2455501,169.98567705735,0.111538174490634,124.333079074291,19.5072207260351,202.484136638511,11.1538174490634
2021-02-20,253749,622,211421,447,42328,175,233659,505,1553309,5227,1786968,5732,18,3859,75,5047,529,244843,18,8209,4011,"East TN",2455501,171.125973884759,0.110593082511114,233.435050525331,25.3308795231604,205.5385031405,11.0593082511114
2021-02-21,254097,348,211648,227,42449,121,233922,263,1555443,2134,1789365,2397,7,3866,-83,4964,424,245267,12,8221,4029,"East TN",2455501,163.266070752975,0.107712516419591,97.617553403562,14.172260569228,202.158337544965,10.7712516419591
2021-02-22,254455,358,211844,196,42611,162,234150,228,1556825,1382,1790975,1610,7,3873,-480,4484,831,246098,22,8243,4045,"East TN",2455501,162.451573019111,0.107478560461371,65.5670675760262,14.5795094361599,182.610391932237,10.7478560461371
2021-02-23,255098,643,212193,349,42905,294,234518,368,1559771,2946,1794289,3314,26,3899,-143,4341,760,246858,27,8270,4051,"East TN",2455501,157.442411955849,0.105831037649219,134.962274501212,26.1861021437173,176.786733135112,10.5831037649219
2021-02-24,255839,741,212742,549,43097,192,235128,610,1565973,6202,1801101,6812,19,3918,55,4396,667,247525,23,8293,4058,"East TN",2455501,162.329398359031,0.100023937352529,277.417928153969,30.1771410396493,179.026601903237,10.0023937352529
2021-02-25,256474,635,213187,445,43287,190,235623,495,1570741,4768,1806364,5263,21,3939,-95,4301,709,248234,16,8309,4067,"East TN",2455501,155.813416488122,0.0998545119051843,214.335078666227,25.8603030501718,175.157737667384,9.98545119051843
2021-02-26,256936,462,213511,324,43425,138,235991,368,1573864,3123,1809855,3491,14,3953,-183,4118,631,248865,11,8320,4072,"East TN",2455501,155.121093414338,0.0991299486355219,142.170579445905,18.814897652251,167.705083402532,9.91299486355219
2021-02-27,257375,439,213736,225,43639,214,236265,274,1577959,4095,1814224,4369,7,3960,10,4128,422,249287,16,8336,4080,"East TN",2455501,147.668439149485,0.0956119753448782,177.927029962521,17.8782252583078,168.112332269464,9.56119753448782
2021-02-28,257741,366,214010,274,43731,92,236578,313,1580519,2560,1817097,2873,5,3965,-53,4075,414,249701,11,8347,4089,"East TN",2455501,148.401487109962,0.0957738352805423,117.002599469518,14.9053085297053,165.953913274725,9.57738352805423
2021-03-01,257985,244,214158,148,43827,96,236734,156,1581298,779,1818032,935,4,3969,-410,3665,650,250351,11,8358,4098,"East TN",2455501,143.75885002694,0.0955020881842037,38.077769058127,9.9368723531369,149.256709730519,9.55020881842037
2021-03-02,258605,620,214548,390,44057,230,237181,447,1584754,3456,1821935,3903,7,3976,5,3670,608,250959,24,8382,4108,"East TN",2455501,142.822177632996,0.0963249656369818,158.949232763497,25.2494297497741,149.460334163985,9.63249656369818
2021-03-03,259088,483,214851,303,44237,180,237536,355,1588927,4173,1826463,4528,7,3983,-145,3525,621,251580,17,8399,4111,"East TN",2455501,132.315156866155,0.0949451935967195,184.402286946737,19.6701202728079,143.555225593474,9.49451935967195
2021-03-04,259696,608,215265,414,44431,194,238008,472,1593749,4822,1831757,5294,18,4001,47,3572,543,252123,20,8419,4116,"East TN",2455501,131.215584925439,0.093923522230536,215.597550153716,24.7607311094559,145.469295268053,9.3923522230536
2021-03-05,260167,471,215576,311,44591,160,238362,354,1597430,3681,1835792,4035,15,4016,-63,3509,519,252642,16,8435,4121,"East TN",2455501,131.582108905678,0.0914138103867062,164.324917806997,19.1814216324897,142.903627406383,9.14138103867062
2021-03-06,260630,463,215899,323,44731,140,238734,372,1601706,4276,1840440,4648,1,4017,50,3559,412,253054,10,8445,4127,"East TN",2455501,132.559506186314,0.094179127250534,189.289273349919,18.8556225389442,144.939871741042,9.4179127250534
2021-03-07,260885,255,216063,164,44822,91,238918,184,1603436,1730,1842354,1914,1,4018,-110,3449,364,253418,4,8449,4131,"East TN",2455501,128.039043763371,0.0926475828483193,77.9474331307542,10.3848461067619,140.460134204792,9.26475828483193
2021-03-08,261341,456,216355,292,44986,164,239230,312,1605017,1581,1844247,1893,3,4021,-127,3322,580,253998,9,8458,4139,"East TN",2455501,136.672719742325,0.0952126645050544,77.0922105101973,18.5705483320919,135.288073594757,9.52126645050544
2021-03-09,261880,539,216637,282,45243,257,239549,319,1607593,2576,1847142,2895,6,4027,26,3348,507,254505,21,8479,4151,"East TN",2455501,133.374003920178,0.0939421589241084,117.898546976768,21.9507139276262,136.34692064878,9.39421589241084
2021-03-10,262529,649,217100,463,45429,186,240056,507,1613065,5472,1853121,5979,7,4034,173,3521,469,254974,29,8508,4160,"East TN",2455501,140.134335111246,0.0945307224848076,243.494097538547,26.4304514638764,143.392326046701,9.45307224848076
2021-03-11,263063,534,217440,340,45623,194,240421,365,1616404,3339,1856825,3704,5,4039,88,3609,441,255415,9,8517,4168,"East TN",2455501,137.120693495951,0.0962581777565023,150.844980311554,21.7470894941603,146.976116075701,9.62581777565023
2021-03-12,263526,463,217808,368,45718,95,240837,416,1619751,3347,1860588,3763,5,4044,5,3614,453,255868,12,8529,4176,"East TN",2455501,136.794894402405,0.0998144862074528,153.247748626451,18.8556225389442,147.179740509167,9.98144862074528
2021-03-13,263973,447,218024,216,45949,231,241117,280,1623390,3639,1864507,3919,2,4046,42,3656,403,256271,20,8549,4182,"East TN",2455501,136.143296215314,0.0990152490962729,159.600830950588,18.2040243518532,148.890185750281,9.90152490962729
2021-03-14,264235,262,218200,176,46035,86,241328,211,1625232,1842,1866560,2053,0,4046,-51,3605,313,256584,10,8559,4188,"East TN",2455501,136.428370422166,0.0995620920432951,83.6081923811067,10.6699203136142,146.813216528928,9.95620920432951
2021-03-15,264591,356,218385,185,46206,171,241545,217,1626428,1196,1867973,1413,4,4050,-167,3438,519,257103,15,8574,4192,"East TN",2455501,132.355881752848,0.0975722835707662,57.544264897469,14.4980596627735,140.012160451167,9.75722835707663
2021-03-16,265290,699,218836,451,46454,248,242041,496,1629695,3267,1871736,3763,4,4054,190,3628,505,257608,36,8610,4193,"East TN",2455501,138.871863623757,0.101325526551191,153.247748626451,28.4666957985356,147.749888922872,10.1325526551191
2021-03-17,265715,425,219168,332,46547,93,242405,364,1633419,3724,1875824,4088,1,4055,-31,3597,455,258063,16,8626,4202,"East TN",2455501,129.749489004484,0.103466502224376,166.483336801736,17.3080768446032,146.487417435383,10.3466502224376
2021-03-18,266265,550,219517,349,46748,201,242790,385,1636710,3291,1879500,3676,6,4061,99,3696,445,258508,31,8657,4209,"East TN",2455501,130.401087191575,0.104476295479603,149.704683484144,22.3986876812512,150.519181218008,10.4476295479603
2021-03-19,267057,792,220047,530,47010,262,243353,563,1641755,5045,1885108,5608,15,4076,337,4033,440,258948,25,8682,4215,"East TN",2455501,143.799574913633,0.102610114192496,228.385164575376,32.2541102610017,164.243468033611,10.2610114192496
2021-03-20,267330,273,220213,166,47117,107,243547,194,1643876,2121,1887423,2315,1,4077,-42,3991,314,259262,15,8697,4217,"East TN",2455501,136.713444629019,0.106039448420318,94.278112694721,11.1178940672392,162.533022792497,10.6039448420318
2021-03-21,267611,281,220409,196,47202,85,243772,225,1645675,1799,1889447,2024,-7,4070,-31,3960,319,259581,8,8705,4224,"East TN",2455501,137.487217476189,0.1067855114257,82.4271706670044,11.4436931607847,161.270551305009,10.67855114257
2021-03-22,268136,525,220748,339,47388,186,244128,356,1647764,2089,1891892,2445,14,4084,-16,3944,527,260108,19,8724,4231,"East TN",2455501,144.369723327337,0.107989464442493,99.5723479648349,21.3805655139216,160.618953117918,10.7989464442493
2021-03-23,268573,437,220996,248,47577,189,244395,267,1650219,2455,1894614,2722,11,4095,-78,3866,504,260612,17,8741,4236,"East TN",2455501,133.699803013723,0.102893609581257,110.853141578847,17.7967754849214,157.442411955849,10.2893609581257
2021-03-24,269170,597,221453,457,47717,140,244888,493,1654918,4699,1899806,5192,4,4099,85,3951,508,261120,26,8767,4242,"East TN",2455501,140.704483524951,0.103535985322325,211.443611711011,24.3127573558308,160.90402732477,10.3535985322325
2021-03-25,269570,400,221760,307,47810,93,245221,333,1657886,2968,1903107,3301,8,4107,-66,3885,458,261578,23,8790,4246,"East TN",2455501,134.595750520973,0.102977930274918,134.4328509742,16.2899546772736,158.21618480302,10.2977930274918
2021-03-26,269980,410,222082,322,47898,88,245567,346,1660518,2632,1906085,2978,7,4114,-63,3822,466,262044,14,8804,4256,"East TN",2455501,119.038843804177,0.105544167421462,121.278712572302,16.6972035442054,155.650516941349,10.5544167421462
2021-03-27,270183,203,222262,180,47921,23,245777,210,1663030,2512,1908807,2722,2,4116,-164,3658,365,262409,12,8816,4267,"East TN",2455501,116.188101735654,0.104283576505799,110.853141578847,8.26715199871635,148.971635523667,10.4283576505799
2021-03-28,270499,316,222481,219,48018,97,246022,245,1665102,2072,1911124,2317,5,4121,-67,3591,378,262787,17,8833,4273,"East TN",2455501,117.613472769915,0.103796650828067,94.3595624681073,12.8690641950461,146.243068115224,10.3796650828067
2021-03-29,270938,439,222718,237,48220,202,246277,255,1666957,1855,1913234,2110,18,4139,-92,3499,513,263300,18,8851,4278,"East TN",2455501,114.111132514302,0.100693468278512,85.9295109226182,17.8782252583078,142.496378539451,10.0693468278512
2021-03-30,271313,375,222976,258,48337,117,246599,322,1669434,2477,1916033,2799,5,4144,-143,3356,513,263813,20,8871,4284,"East TN",2455501,111.586189539324,0.102899295018442,113.988957854222,15.271832509944,136.672719742325,10.2899295018442
2021-03-31,271974,661,223418,442,48556,219,247087,488,1674251,4817,1921338,5305,4,4148,168,3524,489,264302,18,8889,4289,"East TN",2455501,114.192582287688,0.102127066691436,216.045523907341,26.9191501041946,143.51450070678,10.2127066691436
2021-04-01,272422,448,223739,321,48683,127,247437,350,1677079,2828,1924516,3178,1,4149,-87,3437,534,264836,18,8907,4295,"East TN",2455501,116.147376848961,0.103507870521743,129.423689910939,18.2447492385464,139.971435564473,10.3507870521743
2021-04-02,272773,351,223974,235,48799,116,247689,252,1680099,3020,1927788,3272,0,4149,-78,3359,429,265265,12,8919,4300,"East TN",2455501,113.744608534063,0.0977745012210293,133.251829260098,14.2944352293076,136.794894402405,9.77745012210293
2021-04-03,273116,343,224225,251,48891,92,247964,275,1682450,2351,1930414,2626,0,4149,-55,3304,398,265663,13,8932,4309,"East TN",2455501,119.446092671109,0.101217198130236,106.943552456301,13.9686361357621,134.55502563428,10.1217198130236
2021-04-04,273287,171,224348,123,48939,48,248105,141,1684045,1595,1932150,1736,6,4155,-179,3125,344,266007,8,8940,4313,"East TN",2455501,113.540984100597,0.0990678207933035,70.6984032993674,6.96395562453446,127.2652709162,9.90678207933035
2021-04-05,273694,407,224583,235,49111,172,248328,223,1685264,1219,1933592,1442,6,4161,-93,3032,494,266501,40,8980,4319,"East TN",2455501,112.237787726415,0.100746635229394,58.7252866115713,16.5750288841259,123.477856453734,10.0746635229394
2021-04-06,274125,431,224833,250,49292,181,248606,278,1687350,2086,1935956,2364,3,4164,-6,3026,434,266935,27,9007,4324,"East TN",2455501,114.518381381233,0.100737840686644,96.273632142687,17.5524261647623,123.233507133575,10.0737840686644
2021-04-07,274757,632,225296,463,49461,169,249113,507,1692043,4693,1941156,5200,5,4169,209,3235,418,267353,24,9031,4328,"East TN",2455501,113.337359667131,0.102230295690786,211.769410804557,25.7381283900923,131.74500845245,10.2230295690786
2021-04-08,275163,406,225551,255,49612,151,249402,289,1695055,3012,1944457,3301,-1,4168,47,3282,360,267713,21,9052,4333,"East TN",2455501,111.626914426017,0.0985406950503987,134.4328509742,16.5343039974327,133.65907812703,9.85406950503987
2021-04-09,275681,518,225957,406,49724,112,249852,450,1698931,3876,1948783,4326,4,4172,109,3391,405,268118,31,9083,4336,"East TN",2455501,118.427970503779,0.103024529649917,176.175859834714,21.0954913070693,138.098090776587,10.3024529649917
2021-04-10,275985,304,226172,215,49813,89,250099,247,1701712,2781,1951811,3028,1,4173,-11,3380,314,268432,15,9098,4341,"East TN",2455501,116.839699922745,0.0997803430387438,123.314956906961,12.3803655547279,137.650117022962,9.97803430387438
2021-04-11,276222,237,226335,163,49887,74,250273,174,1703425,1713,1953698,1887,2,4175,-85,3295,320,268752,10,9108,4344,"East TN",2455501,119.527542444495,0.100612585854836,76.8478611900382,9.65179814628461,134.188501654041,10.0612585854836
2021-04-12,276687,465,226658,323,50029,142,250603,330,1705188,1763,1955791,2093,3,4178,13,3308,449,269201,15,9123,4353,"East TN",2455501,121.8895858727,0.102482093788008,85.2371878488341,18.9370723123306,134.717925181053,10.2482093788008
2021-04-13,277065,378,226898,240,50167,138,250853,250,1707245,2057,1958098,2307,3,4181,-56,3252,431,269632,16,9139,4357,"East TN",2455501,119.731166877961,0.101481347665071,93.9523136011755,15.3940071700236,132.437331526234,10.1481347665071
2021-04-14,277745,680,227400,502,50345,178,251410,557,1712066,4821,1963476,5378,0,4181,269,3521,411,270043,29,9168,4360,"East TN",2455501,121.685961439234,0.102912186379928,219.018440635944,27.6929229513651,143.392326046701,10.2912186379928
2021-04-15,278285,540,227766,366,50519,174,251790,380,1715211,3145,1967001,3525,2,4183,115,3636,423,270466,24,9192,4365,"East TN",2455501,127.14309625612,0.105926188786373,143.555225593474,21.9914388143194,148.075688016417,10.5926188786373
2021-04-16,279263,978,228661,895,50602,83,252895,1105,1722696,7485,1975591,8590,3,4186,634,4270,341,270807,32,9224,4368,"East TN",2455501,145.876544134985,0.113510892270964,349.826776694451,39.8289391859339,173.895266179896,11.3510892270964
2021-04-17,279465,202,228808,147,50657,55,253068,173,1724927,2231,1977995,2404,0,4186,-91,4179,293,271100,10,9234,4369,"East TN",2455501,141.72260569228,0.113389856400855,97.9026276104143,8.22642711202317,170.189301490816,11.3389856400855
2021-04-18,279683,218,228995,187,50688,31,253270,202,1726730,1803,1980000,2005,6,4192,-122,4057,334,271434,8,9242,4378,"East TN",2455501,140.94883284511,0.113945707550757,81.6533978198339,8.87802529911411,165.220865314247,11.3945707550757
2021-04-19,280011,328,229190,195,50821,133,253480,210,1728179,1449,1981659,1659,8,4200,-212,3845,532,271966,15,9257,4385,"East TN",2455501,135.369523368144,0.111218493892067,67.5625870239923,13.3577628353644,156.587189335292,11.1218493892067
2021-04-20,280364,353,229467,277,50897,76,253761,281,1730627,2448,1984388,2729,4,4204,-113,3732,462,272428,20,9277,4389,"East TN",2455501,134.351401200814,0.110612400152149,111.138215785699,14.375885002694,151.985277138963,11.0612400152149
2021-04-21,280877,513,229797,330,51080,183,254100,339,1734409,3782,1988509,4121,4,4208,30,3762,479,272907,14,9291,4395,"East TN",2455501,127.550345123052,0.10745815523509,167.827258062611,20.8918668736034,153.207023739758,10.745815523509
2021-04-22,281519,642,230195,398,51324,244,254551,451,1738661,4252,1993212,4703,3,4211,193,3955,446,273353,23,9314,4399,"East TN",2455501,131.704283565757,0.105337453740796,191.529142118044,26.1453772570241,161.066926871543,10.5337453740796
2021-04-23,281903,384,230473,278,51430,106,254859,308,1741864,3203,1996723,3511,0,4211,-9,3946,393,273746,11,9325,4403,"East TN",2455501,107.513700870006,0.0929396176414916,142.985077179769,15.6383564901827,160.700402891304,9.29396176414916
2021-04-24,282163,260,230661,188,51502,72,255068,209,1744862,2998,1999930,3207,0,4211,-132,3814,392,274138,20,9345,4410,"East TN",2455501,109.87574429821,0.0911784818782767,130.604711625041,10.5884705402278,155.324717847804,9.11784818782767
2021-04-25,282363,200,230809,148,51554,52,255227,159,1746513,1651,2001740,1810,4,4215,-113,3701,309,274447,17,9362,4415,"East TN",2455501,109.142696337733,0.0900183992640294,73.712044914663,8.1449773386368,150.722805651474,9.00183992640294
2021-04-26,282749,386,231053,244,51696,142,255479,252,1748485,1972,2003964,2224,6,4221,-143,3558,523,274970,15,9377,4423,"East TN",2455501,111.504739765938,0.0896211611746245,90.5721480056412,15.719806263569,144.899146854349,8.96211611746245
2021-04-27,283139,390,231257,204,51882,186,255697,218,1750849,2364,2006546,2582,3,4224,-48,3510,435,275405,25,9402,4429,"East TN",2455501,113.011560573586,0.0873725065439119,105.151657441801,15.8827058103418,142.944352293076,8.73725065439119
2021-04-28,283627,488,231603,346,52024,142,256078,381,1754977,4128,2011055,4509,6,4230,11,3521,471,275876,24,9426,4437,"East TN",2455501,111.993438406256,0.0877317484254413,183.628514099567,19.8737447062738,143.392326046701,8.77317484254413
2021-04-29,284019,392,231882,279,52137,113,256382,304,1757909,2932,2014291,3236,1,4231,18,3539,373,276249,22,9448,4441,"East TN",2455501,101.81221673296,0.0868637032117273,131.785733339143,15.9641555837281,144.125374007178,8.68637032117273
2021-04-30,284388,369,232109,227,52279,142,256622,240,1761176,3267,2017798,3507,0,4231,-1,3538,370,276619,17,9465,4446,"East TN",2455501,101.201343432562,0.0836536180308422,142.822177632996,15.0274831897849,144.084649120485,8.36536180308422
2021-05-01,284623,235,232291,182,52332,53,256811,189,1763667,2491,2020478,2680,-1,4230,-28,3510,264,276883,15,9480,4447,"East TN",2455501,100.183221265233,0.0848257737979365,109.142696337733,9.57034837289824,142.944352293076,8.48257737979365
2021-05-02,284798,175,232419,128,52379,47,256944,133,1765143,1476,2022087,1609,1,4231,-76,3434,250,277133,11,9491,4451,"East TN",2455501,99.165099097903,0.0843859045559542,65.526342689333,7.1268551713072,139.849260904394,8.43859045559542
2021-05-03,285010,212,232533,114,52477,98,257070,126,1766627,1484,2023697,1610,5,4236,-224,3210,431,277564,17,9508,4455,"East TN",2455501,92.078968813289,0.0806263619317894,65.5670675760262,8.63367597895501,130.726886285121,8.06263619317894
2021-05-04,285331,321,232754,221,52577,100,257315,245,1769027,2400,2026342,2645,7,4243,-80,3130,394,277958,12,9520,4463,"East TN",2455501,89.2689516314593,0.0817336835724389,107.717325303472,13.0726886285121,127.468895349666,8.17336835724389
2021-05-05,285795,464,233047,293,52748,171,257626,311,1773177,4150,2030803,4461,5,4248,127,3257,332,278290,22,9542,4468,"East TN",2455501,88.2915543508229,0.0783876848288434,181.673719538294,18.8963474256374,132.6409559597,7.83876848288434
2021-05-06,286081,286,233244,197,52837,89,257857,231,1775615,2438,2033472,2669,4,4252,-100,3157,382,278672,10,9552,4474,"East TN",2455501,83.9747163613454,0.076899014649914,108.694722584108,11.6473175942506,128.568467290382,7.6899014649914
2021-05-07,286447,366,233493,249,52954,117,258126,269,1779064,3449,2037190,3718,0,4252,16,3173,350,279022,15,9567,4479,"East TN",2455501,83.8525417012658,0.0775577557755776,151.415128725258,14.9053085297053,129.220065477473,7.75577557755776
2021-05-08,286618,171,233596,103,53022,68,258240,114,1780959,1895,2039199,2009,0,4252,-94,3079,265,279287,7,9574,4486,"East TN",2455501,81.2461489529021,0.0763313925538166,81.8162973666066,6.96395562453446,125.391926128314,7.63313925538166
2021-05-09,286764,146,233711,115,53053,31,258372,132,1782670,1711,2041042,1843,4,4256,-161,2918,303,279590,11,9585,4491,"East TN",2455501,80.0651272387997,0.0753363228699552,75.0559661755381,5.94583345720486,118.835219370711,7.53363228699552
2021-05-10,286999,235,233847,136,53152,99,258517,145,1784186,1516,2042703,1661,7,4263,-200,2718,428,280018,22,9607,4494,"East TN",2455501,81.001799632743,0.0761338524676418,67.6440367973786,9.57034837289824,110.690242032074,7.61338524676418
2021-05-11,287314,315,234075,228,53239,87,258761,244,1786865,2679,2045626,2923,1,4264,-57,2661,371,280389,19,9626,4498,"East TN",2455501,80.7574503125839,0.0749844430616055,119.038843804177,12.828339308353,108.368923490563,7.49844430616055
2021-05-12,287618,304,234292,217,53326,87,259012,251,1790931,4066,2049943,4317,3,4267,-53,2608,354,280743,16,9642,4500,"East TN",2455501,74.2414684416744,0.0724137931034483,175.809335854475,12.3803655547279,106.210504495824,7.24137931034483
2021-05-13,287828,210,234428,136,53400,74,259157,145,1793664,2733,2052821,2878,1,4268,-131,2477,340,281083,9,9651,4505,"East TN",2455501,71.1463770529924,0.0671869347253088,117.206223902984,8.55222620556864,100.875544339017,6.71869347253088
2021-05-14,288129,301,234647,219,53482,82,259405,248,1796350,2686,2055755,2934,1,4269,34,2511,266,281349,21,9672,4510,"East TN",2455501,68.4992594179355,0.0688930783732831,119.486817557802,12.2581908946484,102.260190486585,6.8893078373283
2021-05-15,288237,108,234728,81,53509,27,259507,102,1798338,1988,2057845,2090,0,4269,-154,2357,262,281611,6,9678,4514,"East TN",2455501,65.9335915562649,0.0679502306124638,85.1150131887546,4.39828776286387,95.9885579358347,6.79502306124638
2021-05-16,288337,100,234802,74,53535,26,259592,85,1799787,1449,2059379,1534,3,4272,-121,2236,218,281829,4,9682,4518,"East TN",2455501,64.0602467683784,0.0665321481158314,62.4719761873443,4.0724886693184,91.0608466459594,6.65321481158314
2021-05-17,288536,199,234906,104,53630,95,259702,110,1801356,1569,2061058,1679,6,4278,-117,2119,310,282139,10,9692,4525,"East TN",2455501,62.5941508474238,0.0645600653772814,68.3770847578559,8.10425245194362,86.2960349028569,6.45600653772814
2021-05-18,288749,213,235041,135,53708,78,259848,146,1803594,2238,2063442,2384,8,4286,-100,2019,305,282444,22,9714,4531,"East TN",2455501,58.440212404719,0.0610125729681185,97.0881298765507,8.67440086564819,82.2235462335385,6.10125729681185
2021-05-19,288966,217,235205,164,53761,53,260015,167,1806864,3270,2066879,3437,1,4287,-53,1966,269,282713,21,9735,4534,"East TN",2455501,54.897147262412,0.0592229570146434,139.971435564473,8.83730041242093,80.0651272387997,5.92229570146434
2021-05-20,289144,178,235338,133,53806,45,260171,156,1821032,14168,2081203,14324,3,4290,-91,1875,266,282979,7,9742,4539,"East TN",2455501,53.5939508882301,0.0357268691424142,583.343276993168,7.24902983138675,76.35916254972,3.57268691424142
2021-05-21,289308,164,235446,108,53862,56,260292,121,1823310,2278,2083602,2399,0,4290,-58,1817,222,283201,10,9752,4542,"East TN",2455501,48.0146414112639,0.031852623262829,97.6990031769484,6.67888141768218,73.9971191215153,3.1852623262829
2021-05-22,289379,71,235494,48,53885,23,260354,62,1824896,1586,2085250,1648,0,4290,-105,1712,176,283377,12,9764,4543,"East TN",2455501,46.5078206036161,0.0309067688378033,67.1146132703672,2.89146695521606,69.721006018731,3.09067688378033
2021-05-23,289453,74,235545,51,53908,23,260415,61,1825961,1065,2086376,1126,3,4293,-128,1584,199,283576,5,9769,4545,"East TN",2455501,45.4489735495933,0.0304848686891136,45.8562224165252,3.01364161529562,64.5082205220035,3.04848686891136
2021-05-24,289613,160,235656,111,53957,49,260541,126,1827886,1925,2088427,2051,0,4293,-90,1494,250,283826,7,9776,4549,"East TN",2455501,43.8607029685592,0.0306551207570609,83.5267426077204,6.51598187090944,60.8429807196169,3.06551207570609
2021-05-25,289757,144,235752,96,54005,48,260629,88,1829613,1727,2090242,1815,0,4293,-72,1422,216,284042,9,9785,4555,"East TN",2455501,41.0506857867295,0.0291417910447761,73.915669348129,5.8643836838185,57.9107888777077,2.91417910447761
2021-05-26,289941,184,235892,140,54049,44,260794,165,1832496,2883,2093290,3048,7,4300,-33,1389,210,284252,14,9799,4560,"East TN",2455501,39.7067645258544,0.0294952860550528,124.129454640825,7.49337915154586,56.5668676168326,2.94952860550528
2021-05-27,290065,124,235968,76,54097,48,260933,139,1835468,2972,2096401,3111,4,4304,-81,1308,201,284453,11,9810,4564,"East TN",2455501,37.5076206444225,0.0501381760757994,126.695122502495,5.04988594995482,53.2681517946847,5.01381760757994
2021-05-28,290182,117,236058,90,54124,27,261031,98,1837580,2112,2098611,2210,0,4304,-59,1249,176,284629,9,9819,4567,"East TN",2455501,35.5935509698428,0.0492371243920314,90.0019995919366,4.76481174310253,50.8653834797868,4.92371243920315
2021-05-29,290233,51,236090,32,54143,19,261068,37,1838657,1077,2099725,1114,0,4304,-88,1161,139,284768,7,9826,4570,"East TN",2455501,34.7790532359791,0.0493264248704663,45.367523776207,2.07696922135238,47.2815934507866,4.93264248704663
2021-05-30,290288,55,236130,40,54158,15,261114,46,1839743,1086,2100857,1132,0,4304,-66,1095,121,284889,7,9833,4574,"East TN",2455501,34.0052803888086,0.0482701470892894,46.1005717366843,2.23986876812512,44.5937509290365,4.82701470892894
2021-05-31,290368,80,236196,66,54172,14,261185,71,1841170,1427,2102355,1498,6,4310,-95,1000,169,285058,4,9837,4579,"East TN",2455501,30.7472894533539,0.0462377943710511,61.0058802663896,3.25799093545472,40.724886693184,4.62377943710511
2021-06-01,290498,130,236289,93,54209,37,261279,94,1842486,1316,2103765,1410,3,4313,-37,963,164,285222,11,9848,4582,"East TN",2455501,30.1771410396493,0.048066257487244,57.4220902373894,5.29423527011392,39.2180658855362,4.8066257487244
2021-06-02,290617,119,236360,71,54257,48,261352,73,1844465,1979,2105817,2052,1,4314,-19,944,137,285359,9,9857,4586,"East TN",2455501,27.5300234045924,0.0445437854234853,83.5674674944136,4.8462615164889,38.4442930383657,4.45437854234853
2021-06-03,290705,88,236416,56,54289,32,261471,119,1847631,3166,2109102,3285,1,4315,-43,901,130,285489,7,9864,4591,"East TN",2455501,26.0639274836378,0.0423588693803637,133.781252787109,3.58379002900019,36.6931229105588,4.23588693803637
2021-06-04,290796,91,236475,59,54321,32,261549,78,1849783,2152,2111332,2230,1,4316,-32,869,122,285611,7,9871,4591,"East TN",2455501,25.005080429615,0.0407200691769515,90.8164973258003,3.70596468907974,35.3899265363769,4.07200691769515
2021-06-05,290837,41,236501,26,54336,15,261579,30,1851166,1383,2112745,1413,-1,4315,-67,802,109,285720,2,9873,4596,"East TN",2455501,24.5978315626831,0.039247311827957,57.544264897469,1.66972035442054,32.6613591279336,3.9247311827957
2021-06-06,290863,26,236517,16,54346,10,261598,19,1852082,916,2113680,935,-1,4314,-57,745,84,285804,2,9875,4599,"East TN",2455501,23.4168098485808,0.0377446775325587,38.077769058127,1.05884705402278,30.3400405864221,3.77446775325587
2021-06-07,290936,73,236552,35,54384,38,261650,52,1853352,1270,2115002,1322,3,4317,-68,677,138,285942,10,9885,4601,"East TN",2455501,23.1317356417285,0.036767612872618,53.8383002083892,2.97291672860243,27.5707482912856,3.6767612872618
2021-06-08,291023,87,236619,67,54404,20,261720,70,1854831,1479,2116551,1549,3,4320,-29,648,113,286055,4,9889,4604,"East TN",2455501,21.3805655139216,0.0344908493664946,63.082849487742,3.54306514230701,26.3897265771832,3.44908493664946
2021-06-09,291071,48,236657,38,54414,10,261774,54,1857562,2731,2119336,2785,0,4320,-63,585,111,286166,3,9892,4607,"East TN",2455501,18.4890985587055,0.0312153265774096,113.418809440517,1.95479456127283,23.8240587155126,3.12153265774096
2021-06-10,291146,75,236714,57,54432,18,261840,66,1859347,1785,2121187,1851,4,4324,-21,564,92,286258,4,9896,4610,"East TN",2455501,17.9596750316941,0.0305337194869673,75.3817652690836,3.0543665019888,22.9688360949558,3.05337194869673
2021-06-11,291216,70,236760,46,54456,24,261896,56,1860832,1485,2122728,1541,2,4326,-4,560,72,286330,4,9900,4611,"East TN",2455501,17.1044524111373,0.0304492804492804,62.7570503941965,2.85074206852288,22.805936548183,3.04492804492804
2021-06-12,291245,29,236782,22,54463,7,261927,31,1862025,1193,2123952,1224,3,4329,-24,536,50,286380,1,9901,4614,"East TN",2455501,16.6157537708191,0.0310520210582672,49.8472613124572,1.18102171410234,21.8285392675466,3.10520210582672
2021-06-13,291263,18,236796,14,54467,4,261948,21,1862868,843,2124816,864,1,4330,-41,495,58,286438,1,9902,4615,"East TN",2455501,16.2899546772736,0.0314295977011494,35.186302102911,0.733047960477312,20.1588189131261,3.14295977011494
2021-06-14,291316,53,236829,33,54487,20,261989,41,1864121,1253,2126110,1294,3,4333,-9,486,59,286497,3,9905,4616,"East TN",2455501,15.4754569434099,0.0305185451926539,52.6980033809801,2.15841899473875,19.7922949328874,3.05185451926539
2021-06-15,291404,88,236898,69,54506,19,262077,88,1866003,1882,2128080,1970,0,4333,-7,479,95,286592,4,9909,4619,"East TN",2455501,15.5161818301031,0.0309653916211293,80.2280267855725,3.58379002900019,19.5072207260351,3.09653916211293
2021-06-16,291471,67,236938,40,54533,27,262115,38,1867909,1906,2130024,1944,2,4335,-14,465,79,286671,7,9916,4622,"East TN",2455501,16.2899546772736,0.0319049401197605,79.1691797315497,2.72856740844333,18.9370723123306,3.19049401197605
2021-06-17,291522,51,236976,38,54546,13,262161,46,1870259,2350,2132420,2396,1,4336,-7,458,57,286728,1,9917,4626,"East TN",2455501,15.3125573966372,0.028576515623609,97.5768285168689,2.07696922135238,18.6519981054783,2.8576515623609
2021-06-18,291584,62,237027,51,54557,11,262216,55,1871987,1728,2134203,1783,2,4338,-1,457,61,286789,4,9921,4628,"East TN",2455501,14.9867583030917,0.0278867102396514,72.6124729739471,2.52494297497741,18.6112732187851,2.78867102396514
2021-06-19,291612,28,237044,17,54568,11,262234,18,1873138,1151,2135372,1169,0,4338,-16,441,44,286833,5,9926,4630,"East TN",2455501,14.9460334163985,0.0268826619964974,47.6073925443321,1.14029682740915,17.9596750316941,2.68826619964974
2021-06-20,291637,25,237065,21,54572,4,262251,17,1873892,754,2136143,771,3,4341,-13,428,35,286868,2,9928,4633,"East TN",2455501,15.2311076232508,0.0267502427827315,31.3988876404449,1.0181221673296,17.4302515046828,2.67502427827315
2021-06-21,291704,67,237105,40,54599,27,262303,52,1875164,1272,2137467,1324,6,4347,3,431,58,286926,2,9930,4634,"East TN",2455501,15.8012560369554,0.0276481465175663,53.9197499817756,2.72856740844333,17.5524261647623,2.76481465175663
2021-06-22,291797,93,237151,46,54646,47,262354,51,1876591,1427,2138945,1478,5,4352,36,467,52,286978,7,9937,4638,"East TN",2455501,16.0048804704213,0.0254947077772665,60.1913825325259,3.78741446246611,19.0185220857169,2.54947077772665
2021-06-23,291866,69,237199,48,54667,21,262409,55,1878380,1789,2140789,1844,2,4354,6,473,61,287039,5,9942,4642,"East TN",2455501,16.0863302438077,0.0273107292150488,75.0966910622313,2.8100171818297,19.262871405876,2.73107292150488
2021-06-24,291949,83,237251,52,54698,31,262471,62,1880224,1844,2142695,1906,3,4357,27,500,53,287092,6,9948,4643,"East TN",2455501,17.3895266179896,0.0301703163017032,77.6216340372087,3.38016559553427,20.362443346592,3.01703163017032
2021-06-25,292028,79,237307,56,54721,23,262540,69,1882031,1807,2144571,1876,0,4357,32,532,47,287139,3,9951,4645,"East TN",2455501,18.0818496917737,0.03125,76.3998874364132,3.21726604876154,21.6656397207739,3.125
2021-06-26,292063,35,237325,18,54738,17,262561,21,1883215,1184,2145776,1205,0,4357,1,533,34,287173,2,9953,4647,"East TN",2455501,18.366923898626,0.0314302191464821,49.0734884652867,1.42537103426144,21.7063646074671,3.14302191464821
2021-06-27,292092,29,237345,20,54747,9,262585,24,1883929,714,2146514,738,2,4359,-9,524,36,287209,3,9956,4649,"East TN",2455501,18.5298234453987,0.0322051875421849,30.0549663795698,1.18102171410234,21.3398406272284,3.22051875421849
2021-06-28,292136,44,237369,24,54767,20,262610,25,1884481,552,2147091,577,4,4363,-15,509,55,287264,3,9959,4649,"East TN",2455501,17.5931510514555,0.0318994181213633,23.4982596219672,1.7918950145001,20.7289673268307,3.18994181213633
2021-06-29,292267,131,237455,86,54812,45,262707,97,1886495,2014,2149202,2111,0,4363,79,588,52,287316,7,9966,4652,"East TN",2455501,19.1406967457965,0.0344155211075363,85.9702358093114,5.3349601568071,23.9462333755922,3.44155211075363
2021-06-30,292352,85,237518,63,54834,22,262782,75,1888139,1644,2150921,1719,3,4366,29,617,53,287369,4,9970,4652,"East TN",2455501,19.7922949328874,0.0368140544808527,70.0060802255833,3.46161536892064,25.1272550896945,3.68140544808527
2021-07-01,292458,106,237571,53,54887,53,262847,65,1890691,2552,2153538,2617,1,4367,56,673,49,287418,2,9972,4655,"East TN",2455501,20.7289673268307,0.0346767499769437,106.577028476063,4.3168379894775,27.4078487445128,3.46767499769437
2021-07-02,292540,82,237634,63,54906,19,262921,74,1892373,1682,2155294,1756,0,4367,32,705,50,287468,3,9975,4657,"East TN",2455501,20.8511419869102,0.035531101370885,71.5129010332311,3.33944070884109,28.7110451186947,3.5531101370885
2021-07-03,292588,48,237670,36,54918,12,262961,40,1893462,1089,2156423,1129,1,4368,1,706,46,287514,3,9978,4660,"East TN",2455501,21.3805655139216,0.0375692683384991,45.9783970766047,1.95479456127283,28.7517700053879,3.75692683384991
2021-07-04,292615,27,237691,21,54924,6,262986,25,1894162,700,2157148,725,0,4368,-13,693,40,287554,1,9979,4661,"East TN",2455501,21.2991157405352,0.0377092345307504,29.5255428525584,1.09957194071597,28.2223464783765,3.77092345307504
2021-07-05,292658,43,237715,24,54943,19,263011,25,1894644,482,2157655,507,0,4368,-30,663,73,287627,2,9981,4662,"East TN",2455501,21.258390853842,0.0379591063990913,20.6475175534443,1.75117012780691,27.000599877581,3.79591063990913
2021-07-06,292820,162,237819,104,55001,58,263124,113,1895969,1325,2159093,1438,5,4373,82,745,75,287702,6,9987,4662,"East TN",2455501,22.5208623413308,0.0421595389748256,58.5623870647986,6.59743164429581,30.3400405864221,4.21595389748256
2021-07-07,292962,142,237899,80,55063,62,263212,88,1897428,1459,2160640,1547,4,4377,81,826,57,287759,6,9993,4664,"East TN",2455501,24.8421808828422,0.04424323490071,63.0013997143556,5.78293391043213,33.63875640857,4.42432349007099
2021-07-08,293102,140,238001,102,55101,38,263329,117,1899282,1854,2162611,1971,2,4379,76,902,62,287821,3,9996,4666,"East TN",2455501,26.2268270304105,0.0531246555714758,80.2687516722657,5.70148413704576,36.733847797252,5.31246555714758
2021-07-09,293266,164,238123,122,55143,42,263460,131,1901027,1745,2164487,1876,0,4379,100,1002,64,287885,4,10000,4668,"East TN",2455501,29.5662677392516,0.0586315674970086,76.3998874364132,6.67888141768218,40.8063364665704,5.86315674970086
2021-07-10,293370,104,238196,73,55174,31,263534,74,1902083,1056,2165617,1130,0,4379,56,1058,48,287933,13,10013,4669,"East TN",2455501,31.8468613940699,0.0623232542962802,46.0191219632979,4.23538821609114,43.0869301213887,6.23232542962802
2021-07-11,293418,48,238231,35,55187,13,263577,43,1902838,755,2166415,798,2,4381,4,1062,42,287975,7,10020,4669,"East TN",2455501,32.7020840146267,0.0637746843638718,32.4984595811608,1.95479456127283,43.2498296681614,6.37746843638718
2021-07-12,293591,173,238348,117,55243,56,263702,125,1904204,1366,2167906,1491,1,4382,92,1154,80,288055,14,10034,4670,"East TN",2455501,37.9963192847407,0.0674080577504634,60.7208060595373,7.04540539792083,46.9965192439343,6.74080577504634
2021-07-13,293805,214,238485,137,55320,77,263847,145,1905825,1621,2169672,1766,4,4386,149,1303,61,288116,17,10051,4674,"East TN",2455501,40.1140133927862,0.0683429435674449,71.9201499001629,8.71512575234138,53.0645273612188,6.83429435674449
2021-07-14,293978,173,238621,136,55357,37,263989,142,1907387,1562,2171376,1704,0,4386,103,1406,70,288186,12,10063,4675,"East TN",2455501,41.3764848802749,0.0723733233979136,69.3952069251855,7.04540539792083,57.2591906906167,7.23733233979136
2021-07-15,294198,220,238771,150,55427,70,264156,167,1909188,1801,2173344,1968,0,4386,118,1524,102,288288,15,10078,4675,"East TN",2455501,44.6344758157297,0.0770520823628063,80.1465770121861,8.95947507250048,62.0647273204124,7.70520823628063
2021-07-16,294428,230,238913,142,55515,88,264310,154,1910717,1529,2175027,1683,0,4386,164,1688,66,288354,10,10088,4679,"East TN",2455501,47.3223183374798,0.0806451612903226,68.5399843046287,9.36672393943232,68.7436087380946,8.06451612903226
2021-07-17,294572,144,239013,100,55559,44,264420,110,1911935,1218,2176355,1328,0,4386,54,1742,90,288444,5,10093,4681,"East TN",2455501,48.9513138052072,0.0825107096293537,54.0826495285484,5.8643836838185,70.9427526195265,8.25107096293537
2021-07-18,294716,144,239134,121,55582,23,264552,132,1913061,1126,2177613,1258,0,4386,50,1792,94,288538,6,10099,4683,"East TN",2455501,52.8609029277528,0.0870691194856224,51.2319074600255,5.8643836838185,72.9789969541857,8.70691194856224
2021-07-19,295019,303,239345,211,55674,92,264768,216,1914751,1690,2179519,1906,3,4389,165,1957,135,288673,14,10113,4684,"East TN",2455501,58.1551381978667,0.0917936794971153,77.6216340372087,12.3396406680348,79.6986032585611,9.17936794971153
2021-07-20,295375,356,239583,238,55792,118,265022,254,1916412,1661,2181434,1915,2,4391,213,2170,141,288814,22,10135,4686,"East TN",2455501,63.9380721082989,0.099897976534603,77.9881580174473,14.4980596627735,88.3730041242093,9.9897976534603
2021-07-21,295776,401,239876,293,55900,108,265332,310,1918528,2116,2183860,2426,3,4394,248,2418,150,288964,28,10163,4690,"East TN",2455501,73.2233462743448,0.107577699455303,98.7985751176644,16.3306795639668,98.4727760241189,10.7577699455303
2021-07-22,296250,474,240209,333,56041,141,265699,367,1920897,2369,2186596,2736,5,4399,321,2739,148,289112,21,10184,4693,"East TN",2455501,83.5674674944136,0.116435255055841,111.423289992551,19.3035962925692,111.545464652631,11.6435255055841
2021-07-23,296711,461,240529,320,56182,141,266032,333,1922800,1903,2188832,2236,1,4400,328,3067,132,289244,27,10211,4699,"East TN",2455501,92.9749163205391,0.124737413980442,91.0608466459594,18.7741727655578,124.903227487995,12.4737413980442
2021-07-24,297069,358,240778,249,56291,109,266297,265,1924551,1751,2190848,2016,0,4400,226,3293,132,289376,21,10232,4703,"East TN",2455501,101.69004207288,0.129510798316429,82.1013715734589,14.5795094361599,134.107051880655,12.9510798316429
2021-07-25,297297,228,240968,190,56329,38,266500,203,1925866,1315,2192366,1518,3,4403,97,3390,128,289504,17,10249,4708,"East TN",2455501,105.110932555108,0.132040940825595,61.8203780002533,9.28527416604595,138.057365889894,13.2040940825595
2021-07-26,297964,667,241429,461,56535,206,266986,486,1927595,1729,2194581,2215,10,4413,448,3838,209,289713,36,10285,4712,"East TN",2455501,119.934791311427,0.147258000265569,90.2056240254026,27.1634994243537,156.30211512844,14.7258000265569
2021-07-27,298691,727,241919,490,56772,237,267501,515,1929916,2321,2197417,2836,2,4415,534,4372,191,289904,28,10313,4718,"East TN",2455501,135.043724274598,0.155102296189702,115.49577866187,29.6069926259448,178.0492046226,15.5102296189702
2021-07-28,299510,819,242467,548,57043,271,268114,613,1932783,2867,2200897,3480,2,4417,559,4931,258,290162,37,10350,4721,"East TN",2455501,152.066726912349,0.163291659329694,141.72260569228,33.3536822017177,200.81441628409,16.3291659329694
2021-07-29,300198,688,242921,454,57277,234,268610,496,1935211,2428,2203821,2924,3,4420,474,5405,211,290373,22,10372,4725,"East TN",2455501,160.78185266469,0.16899854862119,119.07956869087,28.0187220449106,220.11801257666,16.899854862119
2021-07-30,301197,999,243670,749,57527,250,269412,802,1937014,1803,2206426,2605,4,4424,751,6156,244,290617,42,10414,4730,"East TN",2455501,182.691841705623,0.192110946913721,106.088329835744,40.6841618064908,250.702402483241,19.2110946913721
2021-07-31,301732,535,244035,365,57697,170,269808,396,1938984,1970,2208792,2366,2,4426,319,6475,214,290831,32,10446,4740,"East TN",2455501,189.900146650317,0.195664288898796,96.3550819160733,21.7878143808534,263.693641338366,19.5664288898796
2021-08-01,302266,534,244457,422,57809,112,270269,461,1941122,2138,2211391,2599,3,4429,322,6797,209,291040,28,10474,4744,"East TN",2455501,202.361961978431,0.198107752956636,105.843980515585,21.7470894941603,276.807054853572,19.8107752956636
2021-08-02,303116,850,244994,537,58122,313,270805,536,1943457,2335,2214262,2871,9,4438,416,7213,425,291465,32,10506,4752,"East TN",2455501,209.814616243284,0.194045018037701,116.921149696131,34.6161536892064,293.748607717936,19.4045018037701
2021-08-03,304454,1338,245962,968,58492,370,271820,1015,1947232,3775,2219052,4790,4,4442,897,8110,437,291902,40,10546,4762,"East TN",2455501,234.697522012819,0.199630228795933,195.072207260351,54.4898983954802,330.278831081722,19.9630228795933
2021-08-04,305540,1086,246795,833,58745,253,272706,886,1950852,3620,2223558,4506,8,4450,646,8756,432,292334,40,10586,4768,"East TN",2455501,245.5710667599,0.202638895017872,183.506339439487,44.2272269487978,356.587107885519,20.2638895017872
2021-08-05,306718,1178,247684,889,59034,289,273657,951,1954817,3965,2228474,4916,10,4460,665,9421,503,292837,43,10629,4775,"East TN",2455501,265.52626123956,0.204721534904474,200.203542983693,47.9739165245707,383.669157536486,20.4721534904474
2021-08-06,308057,1339,248671,987,59386,352,274740,1083,1959445,4628,2234185,5711,3,4463,907,10328,429,293266,52,10681,4788,"East TN",2455501,279.372722715242,0.191937749918945,232.579827904774,54.5306232821734,420.606629767204,19.1937749918945
2021-08-07,308781,724,249195,524,59586,200,275324,584,1962448,3003,2237772,3587,0,4463,327,10655,397,293663,28,10709,4797,"East TN",2455501,287.069726300254,0.190338164251208,146.080168568451,29.4848179658652,433.923667715876,19.0338164251208
2021-08-08,309417,636,249646,451,59771,185,275850,526,1964563,2115,2240413,2641,5,4468,220,10875,411,294074,29,10738,4808,"East TN",2455501,291.223664742959,0.192302391289367,107.554425756699,25.901027936865,442.883142788376,19.2302391289367
2021-08-09,310787,1370,250608,962,60179,408,276858,1008,1968102,3539,2244960,4547,14,4482,572,11447,784,294858,67,10805,4820,"East TN",2455501,312.400605823414,0.197178969313962,185.176059793908,55.7930947696621,466.177777976877,19.7178969313962
2021-08-10,312114,1327,251456,848,60658,479,277775,917,1971354,3252,2249129,4169,6,4488,549,11996,772,295630,48,10853,4834,"East TN",2455501,311.952632069789,0.197991820992785,169.782052623884,54.0419246418552,488.535740771435,19.7991820992785
2021-08-11,314001,1887,252760,1304,61241,583,279158,1383,1976710,5356,2255868,6739,8,4496,1064,13060,815,296445,63,10916,4853,"East TN",2455501,344.57326631103,0.199690498297741,274.445011425367,76.8478611900382,531.867020212983,19.9690498297741
2021-08-12,315463,1462,253823,1063,61640,399,280320,1162,1981192,4482,2261512,5644,10,4506,586,13646,866,297311,45,10961,4867,"East TN",2455501,356.139134131894,0.2016768569526,229.85126049633,59.539784345435,555.731803815189,20.16768569526
2021-08-13,317110,1647,254940,1117,62170,530,281494,1174,1986611,5419,2268105,6593,11,4517,794,14440,842,298153,30,10991,4891,"East TN",2455501,368.682399233395,0.199115566037736,268.499177968162,67.073888383674,588.067363849577,19.9115566037736
2021-08-14,318641,1531,256029,1089,62612,442,282694,1200,1992086,5475,2274780,6675,1,4518,912,15352,618,298771,27,11018,4905,"East TN",2455501,401.547382794794,0.199146130566364,271.838618677003,62.3498015272647,625.208460513761,19.9146130566364
2021-08-15,319786,1145,256993,964,62793,181,283751,1057,1995895,3809,2279646,4866,11,4529,427,15779,707,299478,20,11038,4918,"East TN",2455501,422.276350121625,0.201386587821477,198.167298649033,46.6299952636957,642.59798713175,20.1386587821477
2021-08-16,321228,1442,257909,916,63319,526,284713,962,1998955,3060,2283668,4022,17,4546,177,15956,1248,300726,29,11067,4937,"East TN",2455501,425.208541963534,0.202929626950501,163.795494279986,58.7252866115713,649.806292076444,20.2929626950501
2021-08-17,322965,1737,259124,1215,63841,522,286034,1321,2003815,4860,2289849,6181,10,4556,513,16469,1214,301940,25,11092,4952,"East TN",2455501,441.90574550774,0.20282416502947,251.72052465057,70.7391281860606,670.698158950047,20.282416502947
2021-08-18,325056,2091,260510,1386,64546,705,287513,1479,2009235,5420,2296748,6899,13,4569,934,17403,1144,303084,32,11124,4966,"East TN",2455501,450.213622393149,0.20437866927593,280.960993296276,85.1557380754477,708.735203121481,20.437866927593
2021-08-19,327447,2391,262004,1494,65443,897,289091,1578,2019186,9951,2308277,11529,23,4592,1120,18523,1248,304332,43,11167,4986,"East TN",2455501,488.047042131117,0.18755479525286,469.517218685718,97.3732040834029,754.347076217847,18.755479525286
2021-08-20,329902,2455,263982,1978,65920,477,291200,2109,2026080,6894,2317280,9003,4,4596,1274,19797,1177,305509,37,11204,5019,"East TN",2455501,520.95275057921,0.19737671581088,366.646154898736,99.9795968317667,806.230581864964,19.737671581088
2021-08-21,332824,2922,265945,1963,66879,959,293317,2117,2035009,8929,2328326,11046,0,4596,2167,21964,755,306264,57,11261,5043,"East TN",2455501,577.601067969429,0.198390169200314,449.84709841291,118.998118917484,894.481411329093,19.8390169200314
2021-08-22,334309,1485,267286,1341,67023,144,294833,1516,2040521,5512,2335354,7028,7,4603,546,22510,932,307196,17,11278,5062,"East TN",2455501,591.447529445111,0.198930135707618,286.214503679697,60.4764567393782,916.717199463572,19.8930135707618
2021-08-23,336258,1949,268414,1128,67844,821,296020,1187,2044488,3967,2340508,5154,18,4621,186,22696,1745,308941,38,11316,5083,"East TN",2455501,612.095046998556,0.198926812104152,209.89606601667,79.3728041650156,924.292028388504,19.8926812104152
2021-08-24,338241,1983,269801,1387,68440,596,297458,1438,2048267,3779,2345725,5217,15,4636,146,22842,1822,310763,25,11341,5121,"East TN",2455501,622.113369125079,0.204452716729902,212.461733878341,80.7574503125839,930.237861845709,20.4452716729902
2021-08-25,340468,2227,271010,1209,69458,1018,298705,1247,2052303,4036,2351008,5283,17,4653,613,23455,1597,312360,39,11380,5158,"East TN",2455501,627.651953715352,0.206266126059713,215.149576400091,90.6943226657208,955.202217388631,20.6266126059712
2021-08-26,343126,2658,272844,1834,70282,824,300667,1962,2059147,6844,2359814,8806,24,4677,740,24195,1894,314254,40,11420,5189,"East TN",2455501,638.525498462432,0.224615324912199,358.623352220178,108.246748830483,985.338633541587,22.4615324912199
2021-08-27,346135,3009,275117,2273,71018,736,303031,2364,2066215,7068,2369246,9432,19,4696,1305,25500,1685,315939,44,11464,5210,"East TN",2455501,661.087085690456,0.227668090674672,384.117131290112,122.541184059791,1038.48461067619,22.7668090674672
2021-08-28,348280,2145,276658,1541,71622,604,304703,1672,2072082,5867,2376785,7539,1,4697,922,26422,1222,317161,33,11497,5245,"East TN",2455501,629.443848729852,0.234961513857075,307.024920779914,87.3548819568797,1076.03295620731,23.4961513857075
2021-08-29,350616,2336,278485,1827,72131,509,306723,2020,2079076,6994,2385799,9014,9,4706,1071,27493,1256,318417,45,11542,5276,"East TN",2455501,664.100727305751,0.235702249975221,367.094128652361,95.1333353152778,1119.64930985571,23.5702249975221
2021-08-30,353859,3243,280899,2414,72960,829,309329,2606,2088119,9043,2397448,11649,21,4727,476,27969,2746,321163,70,11612,5316,"East TN",2455501,716.798730686732,0.233737267298911,474.4042050889,132.070807545996,1139.03435592166,23.3737267298911
2021-08-31,357445,3586,283307,2408,74138,1178,311940,2611,2096706,8587,2408646,11198,7,4734,913,28882,2666,323829,79,11691,5352,"East TN",2455501,782.080724055906,0.230161631251887,456.037281190274,146.039443681758,1176.21617747254,23.0161631251887
2021-09-01,358880,1435,284257,950,74623,485,312929,989,2098989,2283,2411918,3272,15,4749,-962,27920,2382,326211,31,11722,5394,"East TN",2455501,749.826613794904,0.233524872763093,133.251829260098,58.440212404719,1137.0388364737,23.3524872763093
2021-09-02,361195,2315,285746,1489,75449,826,314445,1516,2103252,4263,2417697,5779,19,4768,-579,27341,2875,329086,44,11766,5425,"East TN",2455501,735.857977659142,0.238031891919907,235.34912019991,94.278112694721,1113.45912707834,23.8031891919907
2021-09-03,362948,1753,286968,1222,75980,531,315740,1295,2107358,4106,2423098,5401,17,4785,-1009,26332,2745,331831,32,11798,5454,"East TN",2455501,684.707519972503,0.235998663002303,219.955113029887,71.3907263731516,1072.36771640492,23.5998663002303
2021-09-04,366212,3264,289311,2343,76901,921,318318,2578,2115406,8048,2433724,10626,3,4788,1518,27850,1743,333574,56,11854,5486,"East TN",2455501,730.278668182175,0.239115544705738,432.742646001773,132.926030166553,1134.18809440517,23.9115544705738
2021-09-05,370669,4457,292564,3253,78105,1204,321806,3488,2127916,12510,2449722,15998,8,4796,2737,30587,1712,335286,58,11912,5538,"East TN",2455501,816.656152858419,0.235955759272875,651.516737317558,181.510819991521,1245.65210928442,23.5955759272875
2021-09-06,375582,4913,296503,3939,79079,974,326095,4289,2143555,15639,2469650,19928,11,4807,960,31547,3942,339228,102,12014,5573,"East TN",2455501,884.666713636036,0.232209634082158,811.565542021771,200.081368323613,1284.74800050988,23.2209634082158
2021-09-07,377663,2081,297958,1455,79705,626,327612,1517,2147981,4426,2475593,5943,34,4841,-1807,29740,3854,343082,62,12076,5606,"East TN",2455501,823.375759162794,0.234095627884745,242.028001617593,84.7484892085159,1211.15813025529,23.4095627884745
2021-09-08,379337,1674,299134,1176,80203,498,328873,1261,2152361,4380,2481234,5641,20,4861,-1772,27968,3426,346508,60,12136,5647,"East TN",2455501,833.109007082465,0.230019043222344,229.729085836251,68.17346032439,1138.99363103497,23.0019043222344
2021-09-09,381248,1911,300140,1006,81108,905,329953,1080,2156027,3666,2485980,4746,7,4868,-1610,26358,3514,350022,55,12191,5686,"East TN",2455501,816.656152858419,0.227113630039688,193.280312245851,77.8252584706746,1073.42656345894,22.7113630039688
2021-09-10,386736,5488,303974,3834,82762,1654,334087,4134,2168133,12106,2502220,16240,23,4891,2253,28611,3212,353234,142,12333,5721,"East TN",2455501,968.763604657461,0.231882409443644,661.372159897308,223.498178172194,1165.17973317869,23.1882409443644
2021-09-11,391019,4283,307088,3114,83931,1169,337407,3320,2179955,11822,2517362,15142,8,4899,2504,31115,1771,355005,119,12452,5766,"East TN",2455501,1010.26226419782,0.228233578038691,616.656234308192,174.424689706907,1267.15484945842,22.8233578038691
2021-09-12,392601,1582,308514,1426,84087,156,338962,1555,2185199,5244,2524161,6799,23,4922,-129,30986,1688,356693,49,12501,5810,"East TN",2455501,893.178214954911,0.230470586654845,276.888504626958,64.4267707486171,1261.901339075,23.0470586654845
2021-09-13,394954,2353,309966,1452,84988,901,340468,1506,2190322,5123,2530790,6629,63,4985,-1931,29055,4221,360914,83,12584,5861,"East TN",2455501,788.92250502036,0.235083415112856,269.965273889117,95.8256583890619,1183.26158287046,23.5083415112856
2021-09-14,397770,2816,311921,1955,85849,861,342543,2075,2196544,6222,2539087,8297,43,5028,-937,28118,3710,364624,64,12648,5905,"East TN",2455501,818.855296739851,0.235156077739629,337.894384893348,114.681280928006,1145.10236403895,23.5156077739629
2021-09-15,399566,1796,313115,1194,86451,602,343760,1217,2200319,3775,2544079,4992,23,5051,-1545,26573,3318,367942,36,12684,5943,"East TN",2455501,823.823732916419,0.236884398122365,203.298634372375,73.1418965009585,1082.18241409798,23.6884398122365
2021-09-16,402218,2652,314966,1851,87252,801,345717,1957,2206978,6659,2552695,8616,23,5074,-552,26021,3181,371123,65,12749,5980,"East TN",2455501,854.000873956068,0.236288690699243,350.885623748473,108.002399510324,1059.70227664334,23.6288690699243
2021-09-17,404906,2688,316844,1878,88062,810,347722,2005,2214182,7204,2561904,9209,23,5097,-51,25970,2716,373839,83,12832,6036,"East TN",2455501,739.971191215153,0.228453186783728,375.035481557531,109.468495431279,1057.62530742199,22.8453186783728
2021-09-18,406363,1457,318024,1180,88339,277,349059,1337,2219654,5472,2568713,6809,3,5100,-275,25695,1729,375568,40,12872,6094,"East TN",2455501,624.882661420215,0.226908920955775,277.29575349389,59.3361599119691,1046.42596358136,22.6908920955775
2021-09-19,407007,644,318470,446,88537,198,349572,513,2221731,2077,2571303,2590,17,5117,-1067,24628,1694,377262,24,12896,6138,"East TN",2455501,586.682717702009,0.225064698146027,105.477456535347,26.2268270304105,1002.97250947974,22.5064698146027
2021-09-20,408991,1984,319727,1257,89264,727,350943,1371,2227368,5637,2578311,7008,48,5165,187,24815,1749,379011,70,12966,6180,"East TN",2455501,571.655234512224,0.220428863028977,285.400005945833,80.7981751992771,1010.58806329136,22.0428863028977
2021-09-21,410867,1876,320829,1102,90038,774,352083,1140,2231673,4305,2583756,5445,31,5196,-2031,22784,3876,382887,61,13027,6226,"East TN",2455501,533.373841020631,0.213570932861716,221.747008044387,76.3998874364132,927.875818417504,21.3570932861716
2021-09-22,412459,1592,321945,1116,90514,476,353304,1221,2237031,5358,2590335,6579,14,5210,-1349,21435,2927,385814,45,13072,6262,"East TN",2455501,525.065964135221,0.206329989622968,267.929029554458,64.8340196155489,872.937946268399,20.6329989622968
2021-09-23,414813,2354,323454,1509,91359,845,354967,1663,2243387,6356,2598354,8019,32,5242,-384,21051,2706,388520,59,13131,6299,"East TN",2455501,512.929947900652,0.202588755776517,326.572866392642,95.8663832757551,857.299589778216,20.2588755776517
2021-09-24,416356,1543,324437,983,91919,560,356066,1099,2248270,4883,2604336,5982,37,5279,-912,20139,2418,390938,40,13171,6347,"East TN",2455501,466.299952636957,0.196644042232278,243.616272198627,62.8385001675829,820.158493114033,19.6644042232278
2021-09-25,417057,701,324924,487,92133,214,356628,562,2251292,3022,2607920,3584,2,5281,-910,19229,1609,392547,21,13192,6388,"East TN",2455501,435.51193829691,0.193052261075828,145.957993908371,28.548145571922,783.098846223235,19.3052261075828
2021-09-26,417919,862,325551,627,92368,235,357351,723,2255269,3977,2612620,4700,6,5287,-429,18800,1285,393832,26,13218,6422,"East TN",2455501,444.389963596024,0.188276012295181,191.406967457965,35.1048523295246,765.627869831859,18.8276012295181
2021-09-27,419381,1462,326383,832,92998,630,358273,922,2258860,3591,2617133,4513,47,5334,-1367,17433,2782,396614,44,13262,6454,"East TN",2455501,423.131572742182,0.188810468291175,183.791413646339,59.539784345435,709.956949722277,18.8810468291175
2021-09-28,420678,1297,327172,789,93506,508,359136,863,2262522,3662,2621658,4525,14,5348,-1017,16416,2300,398914,34,13296,6488,"East TN",2455501,399.551863346828,0.186085167009656,184.280112286658,52.8201780410596,668.539739955309,18.6085167009656
2021-09-29,422360,1682,328183,1011,94177,671,360275,1139,2268020,5498,2628295,6637,30,5378,-380,16036,2032,400946,50,13346,6532,"East TN",2455501,403.217103149215,0.183640674394099,270.291072982662,68.4992594179355,653.064283011899,18.3640674394099
2021-09-30,423569,1209,328942,759,94627,450,361094,819,2272692,4672,2633786,5491,11,5389,-789,15247,1987,402933,40,13386,6568,"East TN",2455501,356.587107885519,0.17292278166629,223.620352832273,49.2363880120595,620.932347410976,17.292278166629
2021-10-01,424944,1375,329914,972,95030,403,362170,1076,2277665,4973,2639835,6049,14,5403,-297,14950,1658,404591,48,13434,6596,"East TN",2455501,349.745326921064,0.171948505591707,246.34483960707,55.996719203128,608.837056063101,17.1948505591707
2021-10-02,425498,554,330266,352,95232,202,362565,395,2280335,2670,2642900,3065,11,5414,-472,14478,1015,405606,19,13453,6633,"East TN",2455501,343.758768577166,0.169725557461407,124.821777714609,22.5615872280239,589.614909543918,16.9725557461407
2021-10-03,426037,539,330731,465,95306,74,363089,524,2283427,3092,2646516,3616,13,5427,-350,14128,876,406482,15,13468,6665,"East TN",2455501,330.604630175268,0.169282511210762,147.261190282553,21.9507139276262,575.361199201304,16.9282511210762
2021-10-04,427390,1353,331591,860,95799,493,364031,942,2287565,4138,2651596,5080,22,5449,-604,13524,1935,408417,29,13497,6688,"East TN",2455501,326.165617525711,0.167077735542466,206.882424401375,55.100771695878,550.76336763862,16.7077735542466
2021-10-05,428656,1266,332346,755,96310,511,364846,815,2292027,4462,2656873,5277,17,5466,-445,13079,1694,410111,40,13537,6728,"East TN",2455501,324.903146038222,0.162146812437882,214.905227079932,51.5577065535709,532.640793060154,16.2146812437882
2021-10-06,429593,937,333053,707,96540,230,365627,781,2296448,4421,2662075,5202,18,5484,-404,12675,1323,411434,26,13563,6763,"East TN",2455501,294.5631054518,0.158436944937833,211.850860577943,38.1592188315134,516.187938836107,15.8436944937833
2021-10-07,430710,1117,333843,790,96867,327,366485,858,2301231,4783,2667716,5641,24,5508,-382,12293,1475,412909,26,13589,6793,"East TN",2455501,290.816415876027,0.158885941644562,229.729085836251,45.4896984362865,500.631032119311,15.8885941644562
2021-10-08,431770,1060,334432,589,97338,471,367129,644,2305478,4247,2672607,4891,9,5517,-124,12169,1175,414084,31,13620,6814,"East TN",2455501,277.988076567674,0.151318198462102,199.185420816363,43.168379894775,495.581146169356,15.1318198462102
2021-10-09,432311,541,334787,355,97524,186,367546,417,2308287,2809,2675833,3226,4,5521,-293,11876,830,414914,32,13652,6843,"East TN",2455501,277.458653040663,0.151246470105973,131.378484472212,22.0321637010125,483.648754368253,15.1246470105973
2021-10-10,432631,320,335055,268,97576,52,367856,310,2310519,2232,2678375,2542,6,5527,-527,11349,841,415755,16,13668,6865,"East TN",2455501,268.539902854855,0.149628048589096,103.522661974074,13.0319637418189,462.186739080945,14.9628048589096
2021-10-11,433853,1222,335593,538,98260,684,368404,548,2313965,3446,2682369,3994,52,5579,-279,11070,1449,417204,33,13701,6879,"East TN",2455501,263.204942698048,0.142105092126215,162.655197452577,49.7658115390708,450.824495693547,14.2105092126215
2021-10-12,434789,936,336229,636,98560,300,369409,1005,2317609,3644,2687018,4649,29,5608,-366,10704,1273,418477,32,13733,6912,"East TN",2455501,249.765730089297,0.151368386133687,189.329998236612,38.1184939448202,435.919187163842,15.1368386133687
2021-10-13,435642,853,336778,549,98864,304,370059,650,2321474,3865,2691533,4515,25,5633,-400,10304,1228,419705,37,13770,6935,"East TN",2455501,246.34483960707,0.150451490257315,183.872863419726,34.738328349286,419.629232486568,15.0451490257315
2021-10-14,436593,951,337431,653,99162,298,370780,721,2325477,4003,2696257,4724,31,5664,-167,10137,1087,420792,33,13803,6966,"East TN",2455501,239.584508416001,0.150485266809152,192.384364738601,38.729367245218,412.828176408806,15.0485266809152
2021-10-15,437395,802,337942,511,99453,291,371356,576,2329371,3894,2700727,4470,24,5688,-300,9837,1078,421870,29,13832,6988,"East TN",2455501,229.07748764916,0.150320056899004,182.040243518532,32.6613591279336,400.610710400851,15.0320056899004
2021-10-16,437702,307,338181,239,99521,68,371627,271,2331601,2230,2703228,2501,7,5695,-377,9460,677,422547,12,13844,7002,"East TN",2455501,219.547864162955,0.148968789925169,101.852941619653,12.5025402148075,385.257428117521,14.8968789925169
2021-10-17,437954,252,338391,210,99563,42,371875,248,2333264,1663,2705139,1911,7,5702,-450,9010,695,423242,14,13858,7018,"East TN",2455501,216.778571867818,0.150164399940218,77.8252584706746,10.2626714466824,366.931229105588,15.0164399940218
2021-10-18,438744,790,338858,467,99886,323,372391,516,2336455,3191,2708846,3707,23,5725,-472,8538,1239,424481,37,13895,7039,"East TN",2455501,199.185420816363,0.150583525323866,150.967154971633,32.1726604876154,347.709082586405,15.0583525323866
2021-10-19,439576,832,339299,441,100277,391,372865,474,2339783,3328,2712648,3802,25,5750,-268,8270,1075,425556,23,13918,7055,"East TN",2455501,194.950032600272,0.134841982052282,154.836019207486,33.8831057287291,336.794812952632,13.4841982052282
2021-10-20,440340,764,339789,490,100551,274,373406,541,2343804,4021,2717210,4562,15,5765,-213,8057,962,426518,21,13939,7074,"East TN",2455501,191.325517684578,0.130350118783347,185.786933094305,31.1138134335926,328.120412086983,13.0350118783347
2021-10-21,440969,629,340212,423,100757,206,373876,470,2347441,3637,2721317,4107,17,5782,-244,7813,856,427374,21,13960,7092,"East TN",2455501,178.212104169373,0.123543495610535,167.257109648907,25.6159537300127,318.183539733847,12.3543495610535
2021-10-22,441515,546,340552,340,100963,206,374262,386,2350545,3104,2724807,3490,6,5788,-319,7494,859,428233,18,13978,7110,"East TN",2455501,167.786533175918,0.120681063122924,142.129854559212,22.2357881344785,305.192300878721,12.0681063122924
2021-10-23,441874,359,340795,243,101079,116,374535,273,2352930,2385,2727465,2658,0,5788,-196,7298,555,428788,15,13993,7130,"East TN",2455501,169.904227283964,0.119981845938029,108.246748830483,14.6202343228531,297.210223086857,11.9981845938029
2021-10-24,442118,244,340958,163,101160,81,374731,196,2354827,1897,2729558,2093,7,5795,-300,6998,537,429325,15,14008,7142,"East TN",2455501,169.578428190418,0.116958106392563,85.2371878488341,9.9368723531369,284.992757078902,11.6958106392563
2021-10-25,442541,423,341206,248,101335,175,375002,271,2357258,2431,2732260,2702,28,5823,-490,6508,885,430210,21,14029,7153,"East TN",2455501,154.63239477402,0.111514478517127,110.038643844983,17.2266270712168,265.037562599241,11.1514478517127
2021-10-26,443067,526,341535,329,101532,197,375340,338,2359898,2640,2735238,2978,12,5835,-232,6276,746,430956,28,14057,7161,"East TN",2455501,142.170579445905,0.109561752988048,121.278712572302,21.4212904006148,255.589388886423,10.9561752988048
2021-10-27,443688,621,341927,392,101761,229,375764,424,2364095,4197,2739859,4621,10,5845,-85,6191,696,431652,21,14078,7181,"East TN",2455501,136.34692064878,0.104110556757473,188.189701409203,25.2901546364673,252.127773517502,10.4110556757473
2021-10-28,444104,416,342181,254,101923,162,376055,291,2366892,2797,2742947,3088,16,5861,-197,5994,597,432249,15,14093,7196,"East TN",2455501,127.672519783132,0.100739713361073,125.758450108552,16.9415528643645,244.104970838945,10.0739713361073
2021-10-29,444564,460,342486,305,102078,155,376388,333,2370410,3518,2746798,3851,4,5865,-152,5842,608,432857,10,14103,7211,"East TN",2455501,124.170179527518,0.0966759128734482,156.831538655452,18.7334478788646,237.914788061581,9.66759128734482
2021-10-30,444827,263,342687,201,102140,62,376617,229,2372984,2574,2749601,2803,0,5865,-148,5694,411,433268,16,14119,7225,"East TN",2455501,120.260590404972,0.0940549331405855,114.151857400995,10.7106452003074,231.88750483099,9.40549331405855
2021-10-31,444998,171,342814,127,102184,44,376763,146,2374609,1625,2751372,1771,0,5865,-224,5470,395,433663,5,14124,7235,"East TN",2455501,117.28767367637,0.0931511873109013,72.1237743336289,6.96395562453446,222.765130211716,9.31511873109013
2021-11-01,445594,596,343174,360,102420,236,377153,390,2377727,3118,2754880,3508,14,5879,-184,5286,766,434429,23,14147,7245,"East TN",2455501,124.333079074291,0.0950928381962865,142.862902519689,24.2720324691377,215.271751060171,9.50928381962865
2021-11-02,446006,412,343391,217,102615,195,377378,225,2379938,2211,2757316,2436,25,5904,-184,5102,571,435000,15,14162,7268,"East TN",2455501,119.690441991268,0.0923090859679319,99.2058239845962,16.7786533175918,207.778371908625,9.23090859679319
2021-11-03,446580,574,343769,378,102811,196,377771,393,2384516,4578,2762287,4971,6,5910,82,5184,486,435486,14,14176,7280,"East TN",2455501,117.776372316688,0.0894863563402889,202.443411751818,23.3760849618876,211.117812617466,8.94863563402889
2021-11-04,447000,420,344069,300,102931,120,378101,330,2388052,3536,2766153,3866,13,5923,-68,5116,475,435961,9,14185,7290,"East TN",2455501,117.939271863461,0.0881668533999828,157.442411955849,17.1044524111373,208.348520322329,8.81668533999828
2021-11-05,447435,435,344354,285,103081,150,378425,324,2391634,3582,2770059,3906,2,5925,24,5140,409,436370,13,14198,7296,"East TN",2455501,116.921149696131,0.0875714715618417,159.071407423577,17.715325711535,209.325917602966,8.75714715618417
2021-11-06,447668,233,344525,171,103143,62,378613,188,2393874,2240,2772487,2428,0,5925,-86,5054,319,436689,13,14211,7304,"East TN",2455501,115.699403095336,0.0872148911998602,98.8800248910507,9.48889859951187,205.823577347352,8.72148911998602
2021-11-07,447867,199,344651,126,103216,73,378767,154,2395776,1902,2774543,2056,6,5931,-130,4924,323,437012,8,14219,7315,"East TN",2455501,116.839699922745,0.0864874196193518,83.7303670411863,8.10425245194362,200.529342077238,8.64874196193518
2021-11-08,448409,542,344997,346,103412,196,379153,386,2399309,3533,2778462,3919,25,5956,-26,4898,543,437555,25,14244,7327,"East TN",2455501,114.640556041313,0.0848104486472733,159.600830950588,22.0728885877057,199.470495023215,8.48104486472733
2021-11-09,449278,869,345613,616,103665,253,379954,801,2406585,7276,2786539,8077,10,5966,427,5325,432,437987,27,14271,7342,"East TN",2455501,133.251829260098,0.0881497450638196,328.934909820847,35.3899265363769,216.860021641205,8.81497450638196
2021-11-10,449907,629,346049,436,103858,193,380456,502,2411836,5251,2792292,5753,7,5973,185,5510,437,438424,28,14299,7354,"East TN",2455501,135.491698028223,0.0894850858190302,234.290273145888,25.6159537300127,224.394125679444,8.94850858190302
2021-11-11,450412,505,346431,382,103981,123,380860,404,2416126,4290,2796986,4694,5,5978,85,5595,415,438839,10,14309,7367,"East TN",2455501,138.953313397144,0.0894820484545779,191.162618137806,20.5660677800579,227.855741048364,8.94820484545779
2021-11-12,450895,483,346753,322,104142,161,381192,332,2419576,3450,2800768,3782,2,5980,122,5717,359,439198,24,14333,7377,"East TN",2455501,140.908107958417,0.0901038783418542,154.021521473622,19.6701202728079,232.824177224933,9.01038783418542
2021-11-13,451133,238,346893,140,104240,98,381341,149,2421575,1999,2802916,2148,4,5984,-100,5617,334,439532,11,14344,7386,"East TN",2455501,141.111732391883,0.0896513194649841,87.4770566169592,9.69252303297779,228.751688555615,8.96513194649841
2021-11-14,451494,361,347208,315,104286,46,381686,345,2424554,2979,2806240,3324,1,5985,59,5676,301,439833,12,14356,7394,"East TN",2455501,147.709164036178,0.0920907341388775,135.369523368144,14.7016840962394,231.154456870512,9.20907341388775
2021-11-15,452071,577,347497,289,104574,288,381987,301,2427322,2768,2809309,3069,26,6011,-28,5648,579,440412,19,14375,7401,"East TN",2455501,149.13453507044,0.0918727915194346,124.984677261382,23.4982596219672,230.014160043103,9.18727915194346
2021-11-16,452743,672,347929,432,104814,240,382447,460,2430929,3607,2813376,4067,24,6035,179,5827,469,440881,16,14391,7411,"East TN",2455501,141.111732391883,0.0928941386891232,165.628114181179,27.3671238578196,237.303914761183,9.28941386891232
2021-11-17,453456,713,348393,464,105063,249,382956,509,2435575,4646,2818531,5155,5,6040,296,6123,412,441293,27,14418,7421,"East TN",2455501,144.53262287411,0.0952780212660543,209.936790903364,29.0368442122402,249.358481222366,9.52780212660543
2021-11-18,454083,627,348803,410,105280,217,383434,478,2440438,4863,2823872,5341,12,6052,184,6307,431,441724,19,14437,7430,"East TN",2455501,149.501059050678,0.095737558580674,217.511619828296,25.5345039566264,256.851860373912,9.5737558580674
2021-11-19,454696,613,349245,442,105451,171,383894,460,2444912,4474,2828806,4934,7,6059,219,6526,387,442111,13,14450,7438,"East TN",2455501,154.795294320792,0.0963692132106427,200.93659094417,24.9643555429218,265.770610559719,9.63692132106427
2021-11-20,455018,322,349490,245,105528,77,384181,287,2447616,2704,2831797,2991,0,6059,21,6547,301,442412,14,14464,7445,"East TN",2455501,158.21618480302,0.0983345452027284,121.808136099313,13.1134135152052,266.625833180276,9.83345452027284
2021-11-21,455282,264,349642,152,105640,112,384345,164,2449100,1484,2833445,1648,9,6068,-93,6454,348,442760,10,14474,7456,"East TN",2455501,154.265870793781,0.0977393861422533,67.1146132703672,10.7513700870006,262.83841871781,9.77393861422533
2021-11-22,456035,753,350136,494,105899,259,384857,512,2452968,3868,2837825,4380,21,6089,160,6614,572,443332,38,14512,7461,"East TN",2455501,161.433450851781,0.10064525178847,178.375003716146,30.6658396799676,269.354400588719,10.064525178847
2021-11-23,456712,677,350602,466,106110,211,385347,490,2456269,3301,2841616,3791,21,6110,122,6736,534,443866,18,14530,7467,"East TN",2455501,161.637075285247,0.102691218130312,154.388045453861,27.5707482912856,274.322836765287,10.2691218130312
2021-11-24,457448,736,351130,528,106318,208,385920,573,2460297,4028,2846217,4601,6,6116,254,6990,476,444342,21,14551,7477,"East TN",2455501,162.573747679191,0.107057718702593,187.37520367534,29.9735166061834,284.666957985356,10.7057718702593
2021-11-25,457734,286,351288,158,106446,128,386093,173,2461933,1636,2848026,1809,1,6117,-195,6795,480,444822,10,14561,7486,"East TN",2455501,148.686561316815,0.11008528608098,73.6713200279699,11.6473175942506,276.725605080185,11.008528608098
2021-11-26,457966,232,351490,202,106476,30,386336,243,2463610,1677,2849946,1920,1,6118,-287,6508,518,445340,16,14577,7489,"East TN",2455501,133.170379486712,0.115515610217597,78.1917824509133,9.44817371281869,265.037562599241,11.5515610217597
2021-11-27,458250,284,351715,225,106535,59,386590,254,2465205,1595,2851795,1849,0,6118,-98,6410,382,445722,14,14591,7500,"East TN",2455501,131.622833792371,0.12046204620462,75.3003154956972,11.5658678208643,261.046523703309,12.046204620462
2021-11-28,458564,314,351925,210,106639,104,386807,217,2466715,1510,2853522,1727,7,6125,-106,6304,413,446135,19,14610,7510,"East TN",2455501,133.65907812703,0.122627882651791,70.3318793191288,12.7876144216598,256.729685713832,12.2627882651791
2021-11-29,459663,1099,352632,707,107031,392,387545,738,2471263,4548,2858808,5286,19,6144,428,6732,652,446787,36,14646,7518,"East TN",2455501,147.749888922872,0.128103702997665,215.271751060171,44.7566504758092,274.159937218515,12.8103702997665
2021-11-30,460501,838,353134,502,107367,336,388050,505,2474630,3367,2862680,3872,64,6208,184,6916,590,447377,26,14672,7530,"East TN",2455501,154.306595680474,0.128323205469047,157.686761276008,34.1274550488882,281.653316370061,12.8323205469047
2021-12-01,461587,1086,353902,768,107685,318,388857,807,2479803,5173,2868660,5980,48,6256,508,7424,530,447907,32,14704,7551,"East TN",2455501,168.560306023089,0.130864857639353,243.53482242524,44.2272269487978,302.341558810198,13.0864857639353
2021-12-02,462490,903,354524,622,107966,281,389523,666,2484464,4661,2873987,5327,39,6295,281,7705,583,448490,18,14722,7567,"East TN",2455501,193.687561112783,0.132121258811294,216.941471414591,36.7745726839452,313.785251970983,13.2121258811294
2021-12-03,463509,1019,355257,733,108252,286,390305,782,2489442,4978,2879747,5760,21,6316,519,8224,479,448969,24,14746,7579,"East TN",2455501,225.738046940319,0.133183450219791,234.57534735274,41.4986595403545,334.921468164745,13.3183450219791
2021-12-04,463932,423,355588,331,108344,92,390686,381,2492194,2752,2882880,3133,3,6319,18,8242,402,449371,29,14775,7591,"East TN",2455501,231.398806190671,0.131767733633585,127.591070009745,17.2266270712168,335.654516125222,13.1767733633585
2021-12-05,464317,385,355801,213,108516,172,390917,231,2494126,1932,2885043,2163,12,6331,-32,8210,405,449776,14,14789,7599,"East TN",2455501,234.290273145888,0.13038926429999,88.087929917357,15.6790813768758,334.351319751041,13.038926429999
2021-12-06,465272,955,356445,644,108827,311,391608,691,2498310,4184,2889918,4875,69,6400,132,8342,754,450530,32,14821,7613,"East TN",2455501,228.425889462069,0.130601092896175,198.533822629272,38.8922667919907,339.727004794541,13.0601092896175
2021-12-07,466114,842,356978,533,109136,309,392149,541,2501787,3477,2893936,4018,8,6408,221,8563,613,451143,25,14846,7618,"East TN",2455501,228.588789008842,0.131142820578449,163.632594733213,34.2903545956609,348.727204753735,13.1142820578449
2021-12-08,467162,1048,357608,630,109554,418,392806,657,2506403,4616,2899209,5273,4,6412,453,9016,591,451734,28,14874,7633,"East TN",2455501,227.041243314501,0.129267733804707,214.742327533159,42.6796812544568,367.175578425747,12.9267733804707
2021-12-09,468082,920,358224,616,109858,304,393472,666,2511380,4977,2904852,5643,19,6431,526,9542,375,452109,28,14902,7647,"East TN",2455501,227.733566388285,0.12794427344889,229.810535609637,37.4668957577293,388.596868826362,12.794427344889
2021-12-10,468876,794,358770,546,110106,248,394073,601,2515890,4510,2909963,5111,5,6436,160,9702,629,452738,18,14920,7660,"East TN",2455501,218.570466882319,0.124702144559174,208.144895888863,32.3355600343881,395.112850697271,12.4702144559174
2021-12-11,469273,397,359056,286,110217,111,394398,325,2518812,2922,2913210,3247,0,6436,-174,9528,571,453309,18,14938,7669,"East TN",2455501,217.511619828296,0.122387075502803,132.233707092768,16.167780017194,388.026720412657,12.2387075502803
2021-12-12,469704,431,359320,264,110384,167,394692,294,2521331,2519,2916023,2813,9,6445,-138,9390,560,453869,17,14955,7675,"East TN",2455501,219.384964616182,0.121852808263396,114.559106267927,17.5524261647623,382.406686048998,12.1852808263396
2021-12-13,470587,883,359890,570,110697,313,395295,603,2525933,4602,2921228,5205,24,6469,-163,9227,1022,454891,20,14975,7684,"East TN",2455501,216.452772774273,0.11775790482274,211.973035238023,35.9600749500815,375.768529518009,11.775790482274
2021-12-14,471344,757,360343,453,111001,304,395778,483,2529956,4023,2925734,4506,36,6505,-123,9104,844,455735,18,14993,7692,"East TN",2455501,212.991157405352,0.114126674633625,183.506339439487,30.8287392267403,370.759368454747,11.4126674633625
2021-12-15,472215,871,360930,587,111285,284,396406,628,2534760,4804,2931166,5432,19,6524,6,9110,846,456581,20,15013,7706,"East TN",2455501,205.782852460659,0.11265137528554,221.217584517375,35.4713763097633,371.003717774906,11.265137528554
2021-12-16,473010,795,361436,506,111574,289,396951,545,2538580,3820,2935531,4365,19,6543,26,9136,750,457331,20,15033,7721,"East TN",2455501,200.692241624011,0.113400045633821,177.764130415748,32.3762849210813,372.062564828929,11.3400045633821
2021-12-17,473823,813,361973,537,111850,276,397536,585,2543248,4668,2940784,5253,24,6567,51,9187,738,458069,28,15061,7735,"East TN",2455501,201.466014471181,0.112358456896272,213.927829799296,33.1093328815586,374.139534050281,11.2358456896272
2021-12-18,474395,572,362354,381,112041,191,397962,426,2546593,3345,2944555,3771,0,6567,36,9223,536,458605,18,15079,7748,"East TN",2455501,208.592869642488,0.11370234487159,153.573547719997,23.2946351885012,375.605629971236,11.370234487159
2021-12-19,474816,421,362635,281,112181,140,398273,311,2549256,2663,2947529,2974,6,6573,-164,9059,579,459184,16,15095,7757,"East TN",2455501,208.185620775557,0.113660889989208,121.115813025529,17.1451772978305,368.926748553554,11.3660889989208
2021-12-20,475751,935,363256,621,112495,314,398911,638,2553218,3962,2952129,4600,40,6613,55,9114,840,460024,27,15122,7768,"East TN",2455501,210.303314883602,0.117018866703343,187.334478788646,38.077769058127,371.166617321679,11.7018866703343
2021-12-21,476760,1009,363911,655,112849,354,399580,669,2557601,4383,2957181,5052,30,6643,211,9325,768,460792,22,15144,7778,"East TN",2455501,220.565986330285,0.120901834833211,205.742127573966,41.0914106734227,379.759568413941,12.0901834833211
2021-12-22,478267,1507,364636,725,113631,782,400328,748,2561941,4340,2962269,5088,872,7515,-109,9216,744,461536,32,15176,7793,"East TN",2455501,246.46701426715,0.126097161045558,207.20822349492,61.3724042466283,375.320555764384,12.6097161045558
2021-12-23,479436,1169,365438,802,113998,367,401191,863,2566426,4485,2967617,5348,28,7543,398,9614,743,462279,24,15200,7809,"East TN",2455501,261.6981218904,0.132144860686904,217.796694035148,47.6073925443321,391.529060668271,13.2144860686904
2021-12-24,480376,940,366087,649,114289,291,401899,708,2570263,3837,2972162,4545,0,7543,282,9896,658,462937,12,15212,7830,"East TN",2455501,266.870182500435,0.139046465676589,185.094610020521,38.281393491593,403.013478715749,13.9046465676589
2021-12-25,480857,481,366370,283,114487,198,402232,333,2572382,2119,2974614,2452,8,7551,-26,9870,499,463436,13,15225,7838,"East TN",2455501,263.164217811355,0.142053960544263,99.8574221716871,19.5886704994215,401.954631661726,14.2053960544263
2021-12-26,481200,343,366646,276,114554,67,402552,320,2574257,1875,2976809,2195,62,7613,-225,9645,506,463942,15,15240,7855,"East TN",2455501,259.987676649287,0.146140710382514,89.3911262915389,13.9686361357621,392.79153215576,14.6140710382514
2021-12-27,483083,1883,367905,1259,115178,624,403863,1311,2579011,4754,2982874,6065,64,7677,937,10582,882,464824,25,15265,7872,"East TN",2455501,298.594869234425,0.161066840136608,246.996437794161,76.6849616432655,430.950750987273,16.1066840136608
2021-12-28,485511,2428,369343,1438,116168,990,405349,1486,2583390,4379,2988739,5865,18,7695,1658,12240,752,465576,19,15284,7883,"East TN",2455501,356.383483452053,0.182806261486786,238.851460455524,98.8800248910507,498.472613124572,18.2806261486786
2021-12-29,488404,2893,371267,1924,117137,969,407350,2001,2588679,5289,2996029,7290,37,7732,2075,14315,781,466357,22,15306,7897,"East TN",2455501,412.828176408806,0.207997630331754,296.884423993311,117.817097203381,582.976753012929,20.7997630331754
2021-12-30,491229,2825,373043,1776,118186,1049,409172,1822,2593142,4463,3002314,6285,14,7746,2055,16370,756,467113,27,15333,7910,"East TN",2455501,480.268588772719,0.230019886445514,255.955912866661,115.047804908245,666.666395167422,23.0019886445514
2021-12-31,493748,2519,374852,1809,118896,710,411114,1942,2597975,4833,3009089,6775,0,7746,1794,18164,725,467838,13,15346,7927,"East TN",2455501,544.573184861256,0.249546402361416,275.911107346322,102.58598958013,739.726841894994,24.9546402361416
2022-01-01,495206,1458,376077,1225,119129,233,412452,1338,2601625,3650,3014077,4988,0,7746,929,19093,529,468367,24,15370,7935,"East TN",2455501,584.361399160497,0.258976763043864,203.135734825602,59.3768847986623,777.560261632962,25.8976763043864
2022-01-02,496670,1464,377037,960,119633,504,413675,1223,2604641,3016,3018316,4239,6,7752,843,19936,615,468982,20,15390,7952,"East TN",2455501,630.013997143556,0.267978895126123,172.632794692407,59.6212341188214,811.891341115316,26.7978895126123
2022-01-03,499565,2895,379207,2170,120358,725,415896,2221,2608812,4171,3024708,6392,33,7785,1802,21738,1060,470042,23,15413,7966,"East TN",2455501,671.227582477059,0.287636850408758,260.313475742832,117.898546976768,885.277586936434,28.7636850408758
2022-01-04,503740,4175,381637,2430,122103,1745,418281,2385,2614049,5237,3032330,7622,14,7799,2941,24679,1220,471262,25,15438,7983,"East TN",2455501,742.373959530051,0.296666743135051,310.405086375448,170.026401944043,1005.04947870109,29.6666743135051
2022-01-05,508670,4930,385038,3401,123632,1529,421777,3496,2619283,5234,3041060,8730,15,7814,3652,28331,1263,472525,37,15475,8006,"East TN",2455501,825.330553724067,0.320379294263952,355.528260831496,200.773691397397,1153.7767649046,32.0379294263952
2022-01-06,513837,5167,388488,3450,125349,1717,425418,3641,2624895,5612,3050313,9253,11,7825,3920,32251,1236,473761,24,15499,8022,"East TN",2455501,920.708238359504,0.338465384695515,376.827376572032,210.425489543682,1313.41832074188,33.8465384695515
2022-01-07,518208,4371,391700,3212,126508,1159,428687,3269,2629579,4684,3058266,7953,12,7837,3539,35790,820,474581,24,15523,8041,"East TN",2455501,996.130728515281,0.3573418467983,323.885023870892,178.008479735907,1457.54369474906,35.73418467983
2022-01-08,521355,3147,394121,2421,127234,726,431289,2602,2634341,4762,3065630,7364,1,7838,2807,38597,339,474920,29,15552,8058,"East TN",2455501,1064.91506214007,0.365390956879328,299.898065608607,128.16121842345,1571.85845169682,36.5390956879328
2022-01-09,524850,3495,396788,2667,128062,828,434172,2883,2639343,5002,3073515,7885,15,7853,2147,40744,1333,476253,20,15572,8074,"East TN",2455501,1147.62730701393,0.371329190746209,321.115731575756,142.333478992678,1659.29478342709,37.1329190746209
2022-01-10,529497,4647,399853,3065,129644,1582,437413,3241,2644122,4779,3081535,8020,29,7882,1683,42427,2935,479188,33,15605,8103,"East TN",2455501,1218.97730850038,0.378640435004487,326.613591279336,189.248548463226,1727.83476773172,37.8640435004487
2022-01-11,535101,5604,403867,4014,131234,1590,441542,4129,2649311,5189,3090853,9318,30,7912,2221,44648,3353,482541,30,15635,8122,"East TN",2455501,1277.17317158494,0.397467662286622,379.474494207088,228.222265028603,1818.28474107728,39.7467662286622
2022-01-12,540768,5667,407814,3947,132954,1720,445688,4146,2654081,4770,3099769,8916,16,7928,2388,47036,3263,485804,14,15649,8137,"East TN",2455501,1307.18741307782,0.407279974109591,363.103089756429,230.787932890274,1915.5357705006,40.7279974109591
2022-01-13,548082,7314,413023,5209,135059,2105,451154,5466,2661008,6927,3112162,12393,65,7993,3814,50850,3435,489239,22,15671,8149,"East TN",2455501,1394.62374480809,0.416110203883652,504.703520788629,297.861821273948,2070.86048834841,41.6110203883652
2022-01-14,554589,6507,417786,4763,136803,1744,456063,4909,2666888,5880,3122951,10789,69,8062,4517,55367,1921,491160,14,15685,8176,"East TN",2455501,1481.61210278473,0.423220221071346,439.380802532762,264.996837712548,2254.81480154152,42.3220221071346
2022-01-15,559132,4543,421157,3371,137975,1172,459666,3603,2671976,5088,3131642,8691,10,8072,3369,58736,1164,492324,13,15698,8187,"East TN",2455501,1538.46404460841,0.429876386111616,353.939990250462,185.013160247135,2392.01694481085,42.9876386111616
2022-01-16,562988,3856,424463,3306,138525,550,463148,3482,2676624,4648,3139772,8130,7,8079,1618,60354,2231,494555,10,15708,8193,"East TN",2455501,1553.16572870465,0.437327376730006,331.093328815586,157.035163088917,2457.90981148043,43.7327376730006
2022-01-17,567611,4623,427768,3305,139843,1318,466607,3459,2681359,4735,3147966,8194,15,8094,-220,60134,4828,499383,13,15721,8206,"East TN",2455501,1552.18833142401,0.439463503484819,333.69972156395,188.27115118259,2448.95033640793,43.9463503484819
2022-01-18,573556,5945,431383,3615,142173,2330,470331,3724,2684820,3461,3155151,7185,49,8143,245,60379,5651,505034,18,15739,8227,"East TN",2455501,1566.07551778639,0.447743320165479,292.608310890527,242.109451390979,2458.92793364776,44.7743320165479
2022-01-19,581789,8233,437265,5882,144524,2351,476434,6103,2690668,5848,3167102,11951,22,8165,2860,63239,5351,510385,10,15749,8241,"East TN",2455501,1670.5755770411,0.456626022901103,486.703120870242,335.287992144984,2575.40110959026,45.6626022901103
2022-01-20,589983,8194,443153,5888,146830,2306,482610,6176,2696385,5717,3178995,11893,46,8211,3831,67070,4317,514702,7,15756,8259,"East TN",2455501,1706.4134773311,0.470665689105681,484.341077442037,333.69972156395,2731.41815051185,47.0665689105681
2022-01-21,597263,7280,448677,5524,148586,1756,488419,5809,2702108,5723,3190527,11532,53,8264,3426,70496,3801,518503,6,15762,8261,"East TN",2455501,1737.89381474493,0.47880904463123,469.639393345798,296.47717512638,2870.9416123227,47.880904463123
2022-01-22,603191,5928,453467,4790,149724,1138,493449,5030,2708195,6087,3201644,11117,0,8264,3001,73497,2927,521430,1,15763,8261,"East TN",2455501,1794.29778281499,0.482600497128653,452.738565368127,241.417128317195,2993.15699728894,48.2600497128654
