"DATE","TOTAL_CASES","NEW_CASES","TOTAL_CONFIRMED","NEW_CONFIRMED","TOTAL_PROBABLE","NEW_PROBABLE","POS_TESTS","NEW_POS_TESTS","NEG_TESTS","NEW_NEG_TESTS","TOTAL_TESTS","NEW_TESTS","NEW_DEATHS","TOTAL_DEATHS","ACTIVE_CHANGE","TOTAL_ACTIVE","NEW_INACTIVE_RECOVERED","TOTAL_INACTIVE_RECOVERED","NEW_HOSPITALIZED","TOTAL_HOSPITALIZED","TOTAL_DEATHS_BY_DOD","Region","Population","New_cases_per_100k_per_week","PositivityRate_per_week","Tests_per_100k","New_cases_per_100k","Active_cases_per_100k","PositivityPercentage_per_week"
2022-03-26,127289,9,98417,6,28872,3,106375,6,547682,166,654057,172,0,1343,3,148,6,125798,0,2710,1343,"Knox County",470313,NA,NA,36.5713896915458,1.913619228046,31.4684050834232,NA
2022-03-25,127280,13,98411,6,28869,7,106369,7,547516,244,653885,251,0,1343,-4,145,17,125792,1,2710,1343,"Knox County",470313,NA,NA,53.3687140266163,2.76411666273312,30.8305320074078,NA
2022-03-24,127267,59,98405,9,28862,50,106362,10,547272,187,653634,197,1,1343,41,149,17,125775,0,2709,1343,"Knox County",470313,NA,NA,41.8869986583403,12.5448371616349,31.6810294420949,NA
2022-03-23,127208,11,98396,6,28812,5,106352,6,547085,201,653437,207,0,1342,-9,108,20,125758,0,2709,1342,"Knox County",470313,NA,NA,44.0132422450581,2.33886794538956,22.963430736552,NA
2022-03-22,127197,16,98390,11,28807,5,106346,11,546884,150,653230,161,0,1342,-6,117,22,125738,1,2709,1342,"Knox County",470313,NA,NA,34.2325217461563,3.40198973874845,24.877049964598,NA
2022-03-21,127181,14,98379,6,28802,8,106335,6,546734,125,653069,131,8,1342,-21,123,27,125716,1,2708,1342,"Knox County",470313,NA,NA,27.8537909860029,2.97674102140489,26.1527961166287,NA
2022-03-20,127167,12,98373,9,28794,3,106329,11,546609,98,652938,109,1,1334,-4,144,15,125689,0,2707,1342,"Knox County",470313,28.4916640620183,0.0464169381107492,23.1760550952238,2.55149230406134,30.6179076487361,4.64169381107492
2022-03-19,127155,11,98364,10,28791,1,106318,11,546511,175,652829,186,0,1333,-5,148,16,125674,0,2707,1342,"Knox County",470313,28.9169127793618,0.0499194847020934,39.5481307129507,2.33886794538956,31.4684050834232,4.99194847020934
2022-03-18,127144,24,98354,14,28790,10,106307,14,546336,219,652643,233,0,1333,7,153,17,125658,1,2707,1342,"Knox County",470313,31.2557807247514,0.0563725490196078,49.5414755705243,5.10298460812268,32.5315268767821,5.63725490196078
2022-03-17,127120,37,98340,25,28780,12,106293,31,546117,209,652410,240,1,1333,8,146,28,125641,0,2706,1341,"Knox County",470313,26.5780448339723,0.0710339384372533,51.0298460812268,7.86710127085579,31.0431563660796,7.10339384372533
2022-03-16,127083,23,98315,10,28768,13,106262,13,545908,236,652170,249,3,1332,-15,138,35,125613,2,2706,1340,"Knox County",470313,29.1295371380336,0.0741023682200153,52.9434653092728,4.8903602494509,29.3421614967054,7.41023682200153
2022-03-15,127060,55,98305,18,28755,37,106249,19,545672,257,651921,276,1,1329,10,153,44,125578,1,2704,1338,"Knox County",470313,37.421887126233,0.0737359550561798,58.6843229934108,11.6943397269478,32.5315268767821,7.37359550561798
2022-03-14,127005,21,98287,16,28718,5,106230,22,545415,228,651645,250,10,1328,-45,143,56,125534,0,2703,1337,"Knox County",470313,38.9102576369354,0.0784186649384316,53.1560896679445,4.46511153210734,30.4052832900643,7.84186649384316
2022-03-13,126984,6,98271,6,28713,0,106208,10,545187,484,651395,494,2,1318,-32,188,36,125478,0,2703,1336,"Knox County",470313,37.6345114849047,0.0622406639004149,105.036433183858,1.27574615203067,39.9733794302943,6.22406639004149
2022-03-12,126978,9,98265,8,28713,1,106198,9,544703,293,650901,302,0,1316,-24,220,33,125442,2,2703,1335,"Knox County",470313,37.2092627675612,0.0577299412915851,64.212556318877,1.913619228046,46.7773589077912,5.77299412915851
2022-03-11,126969,20,98257,13,28712,7,106189,15,544410,467,650599,482,9,1316,-45,244,56,125409,0,2701,1333,"Knox County",470313,36.3587653328741,0.051897078063672,102.484940879797,4.25248717343556,51.8803435159139,5.1897078063672
2022-03-10,126949,28,98244,20,28705,8,106174,23,543943,459,650117,482,4,1307,-44,289,68,125353,1,2701,1330,"Knox County",470313,34.4451461048281,0.0437869822485207,102.484940879797,5.95348204280979,61.4484396561439,4.37869822485207
2022-03-09,126921,64,98224,19,28697,45,106151,23,543484,419,649635,442,1,1303,-24,333,87,125285,2,2700,1328,"Knox County",470313,43.162744810371,0.0443548387096774,93.9799665329259,13.6079589549938,70.8039114377021,4.43548387096774
2022-03-08,126857,36,98205,18,28652,18,106128,19,543065,311,649193,330,1,1302,-48,357,83,125198,1,2698,1326,"Knox County",470313,39.1228819956072,0.0434938892882818,70.1660383616868,7.65447691218401,75.9068960458248,4.34938892882818
2022-03-07,126821,27,98187,22,28634,5,106109,25,542754,267,648863,292,4,1301,-64,405,87,125115,2,2697,1324,"Knox County",470313,40.3986281476379,0.0439093484419263,62.0863127321592,5.74085768413801,86.1128652620702,4.39093484419263
2022-03-06,126794,14,98165,11,28629,3,106084,13,542487,212,648571,225,2,1297,-46,469,58,125028,2,2695,1324,"Knox County",470313,42.0996230170121,0.049706457925636,47.8404807011501,2.97674102140489,99.7208242170639,4.9706457925636
2022-03-05,126780,18,98154,10,28626,8,106071,11,542275,266,648346,277,0,1295,-34,515,52,124970,1,2693,1324,"Knox County",470313,44.0132422450581,0.0509881422924901,58.8969473520825,3.82723845609201,109.501544715966,5.09881422924901
2022-03-04,126762,52,98144,28,28618,24,106060,29,542009,380,648069,409,1,1295,-44,549,95,124918,1,2692,1323,"Knox County",470313,50.817221722555,0.0582010582010582,86.9633626967573,11.0564666509325,116.730772910806,5.82010582010582
2022-03-03,126710,45,98116,29,28594,16,106031,34,541629,326,647660,360,8,1294,-73,593,110,124823,4,2691,1323,"Knox County",470313,54.4318358199752,0.0659528907922912,76.5447691218401,9.56809614023002,126.086244692364,6.59528907922912
2022-03-02,126665,36,98087,28,28578,8,105997,35,541303,338,647300,373,-2,1286,-91,666,129,124713,1,2687,1321,"Knox County",470313,48.4783537771654,0.0732568402471315,79.3088857845732,7.65447691218401,141.607822875404,7.32568402471315
2022-03-01,126629,92,98059,48,28570,44,105962,60,540965,391,646927,451,3,1288,-84,757,173,124584,3,2686,1316,"Knox County",470313,60.385317862785,0.0867197318810222,95.893585760972,19.5614409978036,160.956639514536,8.67197318810222
2022-02-28,126537,134,98011,90,28526,44,105902,97,540574,549,646476,646,10,1285,-103,841,227,124411,4,2683,1316,"Knox County",470313,83.1361242406653,0.101787668734039,137.355335701969,28.4916640620183,178.817085642965,10.1787668734039
2022-02-27,126403,3,97921,3,28482,0,105805,5,540025,75,645830,80,1,1275,-137,944,139,124184,1,2679,1313,"Knox County",470313,80.7972562952757,0.104391371340524,17.0099486937423,0.637873076015334,200.717394586159,10.4391371340524
2022-02-26,126400,47,97918,33,28482,14,105800,35,539950,275,645750,310,0,1274,-84,1081,131,124045,2,2678,1310,"Knox County",470313,86.9633626967573,0.112209965766451,65.9135511882512,9.99334485757357,229.846931724192,11.2209965766451
2022-02-25,126353,106,97885,66,28468,40,105765,74,539675,406,645440,480,2,1274,-106,1165,210,123914,5,2676,1310,"Knox County",470313,98.4450780650333,0.125925925925926,102.059692162454,22.5381820192085,247.707377852622,12.5925925925926
2022-02-24,126247,143,97819,85,28428,58,105691,94,539269,463,644960,557,1,1272,-121,1271,263,123704,4,2671,1305,"Knox County",470313,119.282265214868,0.138073869520193,118.43176778018,30.4052832900643,270.24555987183,13.8073869520193
2022-02-23,126104,142,97734,96,28370,46,105597,115,538806,413,644403,528,6,1271,-186,1392,322,123441,1,2667,1302,"Knox County",470313,141.820447234076,0.157273918741809,112.265661378699,30.1926589313925,295.973107271115,15.7273918741809
2022-02-22,125962,142,97638,87,28324,55,105482,100,538393,356,643875,456,11,1265,-172,1578,303,123119,5,2666,1298,"Knox County",470313,152.451665167665,0.170101406607785,96.9567075543308,30.1926589313925,335.521237984066,17.0101406607785
2022-02-21,125820,74,97551,46,28269,28,105382,50,538037,290,643419,340,0,1254,-371,1750,445,122816,1,2661,1295,"Knox County",470313,139.694203647358,0.171937477280989,72.2922819484046,15.7342025417116,372.092627675612,17.1937477280989
2022-02-20,125746,72,97505,48,28241,24,105332,57,537747,289,643079,346,0,1254,-189,2121,261,122371,1,2660,1290,"Knox County",470313,154.365284395711,0.174013921113689,73.5680281004352,15.308953824368,450.976264742841,17.4013921113689
2022-02-19,125674,90,97457,54,28217,36,105275,68,537458,322,642733,390,0,1254,-177,2310,267,122110,1,2659,1288,"Knox County",470313,163.508131818597,0.180174362286083,82.9234998819935,19.13619228046,491.162268531808,18.0174362286083
2022-02-18,125584,142,97403,92,28181,50,105207,114,537136,498,642343,612,0,1254,-264,2487,406,121843,3,2658,1284,"Knox County",470313,171.162608730781,0.185196655311242,130.126107507128,30.1926589313925,528.796780016712,18.5196655311242
2022-02-17,125442,294,97311,232,28131,62,105093,275,536638,1208,641731,1483,1,1254,-239,2751,532,121437,2,2655,1281,"Knox County",470313,203.26888689022,0.18748495788207,315.321923910247,62.5115614495028,584.929610706062,18.748495788207
2022-02-16,125148,224,97079,144,28069,80,104818,159,535430,546,640248,705,3,1253,-378,2990,599,120905,3,2653,1280,"Knox County",470313,220.704084301306,0.189981532779317,149.900172863604,47.6278563424783,635.746832428617,18.9981532779317
2022-02-15,124924,273,96935,215,27989,58,104659,240,534884,592,639543,832,5,1250,-467,3368,735,120306,6,2650,1277,"Knox County",470313,248.557875287309,0.204545454545455,176.903466414919,58.0464499173954,716.118840006549,20.4545454545455
2022-02-14,124651,341,96720,205,27931,136,104419,245,534292,602,638711,847,19,1245,-441,3835,763,119571,8,2644,1273,"Knox County",470313,305.328579052673,0.222051773729626,180.092831794996,72.5049063070764,815.414415506269,22.2051773729626
2022-02-13,124310,120,96515,100,27795,20,104174,116,533690,283,637864,399,1,1226,-273,4276,392,118808,1,2636,1273,"Knox County",470313,315.534548268919,0.231017463933181,84.8371191100395,25.5149230406134,909.181757680523,23.1017463933181
2022-02-12,124190,154,96415,110,27775,44,104058,127,533407,414,637465,541,0,1225,-275,4549,429,118416,3,2635,1271,"Knox County",470313,329.142507223913,0.235467798486806,115.029778041432,32.7441512354538,967.228207597919,23.5467798486806
2022-02-11,124036,341,96305,250,27731,91,103931,279,532993,631,636924,910,3,1225,-402,4824,740,117987,10,2632,1266,"Knox County",470313,371.454754599596,0.252055273744971,193.488166391318,72.5049063070764,1025.69990623266,25.2055273744971
2022-02-10,123695,425,96055,274,27640,151,103652,302,532362,555,636014,857,7,1222,-436,5226,854,117247,12,2622,1262,"Knox County",470313,399.308545585599,0.288351993714398,182.219075381714,90.3653524355057,1111.17489841871,28.8351993714398
2022-02-09,123270,438,95781,308,27489,130,103350,367,531807,606,635157,973,8,1215,-709,5662,1139,116393,4,2610,1259,"Knox County",470313,444.81015834136,0.3127449150961,206.88350098764,93.1294690982388,1203.87911879961,31.27449150961
2022-02-08,122832,457,95473,334,27359,123,102983,390,531201,462,634184,852,6,1207,-835,6371,1286,115254,8,2606,1253,"Knox County",470313,483.933040336967,0.339468302658487,181.155953588355,97.1693319130026,1354.6297890979,33.9468302658487
2022-02-07,122375,589,95139,410,27236,179,102593,441,530739,625,633332,1066,10,1201,-747,7206,1326,113968,11,2598,1242,"Knox County",470313,536.663881287568,0.361200428724544,226.657566344116,125.235747257677,1532.17112858883,36.1200428724544
2022-02-06,121786,253,94729,185,27057,68,102152,215,530114,435,632266,650,0,1191,-372,7953,625,112642,14,2587,1237,"Knox County",470313,564.942920990915,0.362626089929903,138.205833136656,53.7939627439599,1691.00152451665,36.2626089929903
2022-02-05,121533,271,94544,194,26989,77,101937,220,529679,496,631616,716,0,1191,-382,8325,653,112017,7,2573,1233,"Knox County",470313,589.819970955513,0.367529880478088,152.239040808993,57.6212012000519,1770.09778594255,36.7529880478088
2022-02-04,121262,651,94350,512,26912,139,101717,579,529183,963,630900,1542,3,1191,-502,8707,1150,111364,2,2566,1222,"Knox County",470313,655.733522143764,0.377704326923077,327.866761071882,138.418457495328,1851.32029095517,37.7704326923077
2022-02-03,120611,1643,93838,501,26773,1142,101138,504,528220,741,629358,1245,1,1188,128,9209,1514,110214,13,2564,1222,"Knox County",470313,914.70999100599,0.38557637705849,264.717326546364,349.341821297731,1958.05771900841,38.557637705849
2022-02-02,118968,719,93337,539,25631,180,100634,601,527479,904,628113,1505,7,1187,-1048,9081,1760,108700,6,2551,1220,"Knox County",470313,974.457435792759,0.389387539598733,319.999659801026,152.876913885008,1930.84180109842,38.9387539598733
2022-02-01,118249,938,92798,740,25451,198,100033,834,526575,1139,626608,1973,5,1180,-967,10129,1900,106940,11,2545,1211,"Knox County",470313,1076.72975231388,0.390249511325745,419.507859659418,199.441648434128,2153.67212898644,39.0249511325745
2022-01-31,117311,711,92058,513,25253,198,99199,518,525436,605,624635,1123,11,1175,-712,11096,1412,105040,13,2534,1204,"Knox County",470313,1102.66992407184,0.396504455106237,238.777154788407,151.175919015634,2359.27988382205,39.6504455106237
2022-01-30,116600,389,91545,319,25055,70,98681,336,524831,570,623512,906,1,1164,-255,11808,643,103628,8,2521,1202,"Knox County",470313,1131.5868368512,0.398668146503885,192.637668956631,82.7108755233217,2510.66842719636,39.8668146503885
2022-01-29,116211,679,91226,590,24985,89,98345,646,524261,912,622606,1558,0,1163,-45,12063,724,102985,5,2513,1196,"Knox County",470313,1218.33757518929,0.407835972391393,331.26875081063,144.371939538137,2564.88763865766,40.7835972391393
2022-01-28,115532,937,90636,775,24896,162,97699,834,523349,1040,621048,1874,3,1163,-366,12108,1300,102261,15,2508,1193,"Knox County",470313,1279.14814176942,0.419579732914376,398.458048150912,199.229024075456,2574.45573479789,41.9579732914375
2022-01-27,114595,1434,89861,1201,24734,233,96865,1276,522309,1472,619174,2748,7,1160,145,12474,1282,100961,13,2493,1187,"Knox County",470313,1234.70965080702,0.431676221442629,584.291737630046,304.90333033533,2652.27625007176,43.1676221442629
2022-01-26,113161,999,88660,807,24501,192,95589,854,520837,965,616426,1819,4,1153,-476,12329,1471,99679,5,2480,1179,"Knox County",470313,1294.24447123511,0.44146321139905,386.763708423964,212.411734313106,2621.44571806435,44.146321139905
2022-01-25,112162,1025,87853,768,24309,257,94735,803,519872,931,614607,1734,7,1149,-327,12805,1345,98208,10,2475,1172,"Knox County",470313,1312.74279043956,0.447797993538514,368.690637936863,217.939967638573,2722.65491279212,44.7797993538514
2022-01-24,111137,1320,87085,1082,24052,238,93932,1158,518941,1550,612873,2708,13,1142,-155,13132,1462,96863,15,2465,1166,"Knox County",470313,1442.23102487067,0.44257136435154,575.786763283175,280.664153446747,2792.18307807779,44.257136435154
2022-01-23,109817,769,86003,680,23814,89,92774,709,517391,818,610165,1527,0,1129,71,13287,698,95401,7,2450,1161,"Knox County",470313,1523.02828116595,0.449599083619702,324.677395691805,163.508131818597,2825.13985367192,44.9599083619702
2022-01-22,109048,903,85323,739,23725,164,92065,770,516573,1056,608638,1826,0,1129,126,13216,777,94703,12,2443,1151,"Knox County",470313,1570.65613750843,0.449845462208486,388.252078934667,191.999795880616,2810.04352420622,44.9845462208486
2022-01-21,108145,1517,84584,1230,23561,287,91295,1292,515517,1348,606812,2640,1,1129,543,13090,973,93926,6,2431,1148,"Knox County",470313,1693.97826553806,0.457405679242768,561.328306893494,322.551152105087,2783.25285501358,45.7405679242768
2022-01-20,106628,1408,83354,1169,23274,239,90003,1216,514169,1152,604172,2368,11,1128,445,12547,952,92953,11,2425,1142,"Knox County",470313,1688.45003221259,0.465189440569006,503.494481334771,299.375097009864,2667.7978282548,46.5189440569006
2022-01-19,105220,1676,82185,1312,23035,364,88787,1345,513017,1331,601804,2676,4,1117,393,12102,1279,92001,6,2414,1140,"Knox County",470313,1832.39672303338,0.471154467342852,568.982783805678,356.3584251339,2573.17998864586,47.1154467342852
2022-01-18,103544,1045,80873,665,22671,380,87442,692,511686,686,599128,1378,6,1113,-295,11709,1334,90722,7,2408,1138,"Knox County",470313,1836.64921020682,0.474905772664154,292.99636624971,222.192454812008,2489.61861568785,47.4905772664154
2022-01-17,102499,1089,80208,856,22291,233,86750,900,511000,1279,597750,2179,7,1107,-118,12004,1200,89388,13,2401,1134,"Knox County",470313,1787.53298335364,0.474441551322461,463.308477545805,231.547926593566,2552.34280149603,47.4441551322461
2022-01-16,101410,773,79352,693,22058,80,85850,717,509721,1073,595571,1790,0,1100,196,12122,577,88188,7,2388,1131,"Knox County",470313,1788.38348078833,0.466581409436629,380.597602022483,164.358629253285,2577.43247581929,46.6581409436629
2022-01-15,100637,751,78659,598,21978,153,85133,627,508648,816,593781,1443,1,1100,400,11926,350,87611,12,2381,1127,"Knox County",470313,1756.06457827022,0.46904794804477,306.816949563376,159.680893362505,2535.75810151963,46.904794804477
2022-01-14,99886,1312,78061,1058,21825,254,84506,1099,507832,1188,592338,2287,6,1099,846,11526,460,87261,10,2369,1125,"Knox County",470313,1712.4765847425,0.467105729056016,486.271908282357,278.963158577373,2450.70835805092,46.7105729056016
2022-01-13,98574,1406,77003,1059,21571,347,83407,1105,506644,1402,590051,2507,6,1093,681,10680,719,86801,11,2359,1120,"Knox County",470313,1712.05133602516,0.45476858345021,533.049267190148,298.94984829252,2270.82815061459,45.476858345021
2022-01-12,97168,1168,75944,889,21224,279,82302,936,505242,1058,587544,1994,1,1087,463,9999,704,86082,3,2348,1114,"Knox County",470313,1604.03816181989,0.447488584474886,423.972971191526,248.345250928637,2126.03096235911,44.7488584474886
2022-01-11,96000,1367,75055,1062,20945,305,81366,1096,504184,1283,585550,2379,2,1086,683,9536,682,85378,10,2345,1114,"Knox County",470313,1672.50320531221,0.444474929693395,505.83334928016,290.657498304321,2027.58588429408,44.4474929693395
2022-01-10,94633,1002,73993,686,20640,316,80270,715,502901,812,583171,1527,3,1084,362,8853,637,84696,5,2335,1111,"Knox County",470313,1654.00488610776,0.451999712788109,324.677395691805,213.049607389122,1882.36344732125,45.1999712788109
2022-01-09,93631,742,73307,629,20324,113,79555,664,502089,1205,581644,1869,5,1081,386,8491,351,84059,2,2330,1110,"Knox County",470313,1647.41353098894,0.445666143081536,397.394926357553,157.767274134459,1805.39342948207,44.5666143081536
2022-01-08,92889,624,72678,477,20211,147,78891,509,500884,912,579775,1421,0,1076,478,8105,146,83708,10,2328,1108,"Knox County",470313,1620.41023743762,0.437929061784897,302.139213672597,132.67759981119,1723.32042703476,43.7929061784897
2022-01-07,92265,967,72201,749,20064,218,78382,766,499972,1091,578354,1857,0,1076,775,7627,192,83562,7,2318,1104,"Knox County",470313,1547.05483369586,0.427253947174266,394.843434053492,205.607754835609,1621.68598358965,42.7253947174266
2022-01-06,91298,1169,71452,744,19846,425,77616,781,498881,1011,576497,1792,2,1076,934,6852,233,83370,7,2311,1104,"Knox County",470313,1496.66286069065,0.4258119791261,381.022850739826,248.557875287309,1456.90210561902,42.58119791261
2022-01-05,90129,1215,70708,903,19421,312,76835,942,497870,1255,574705,2197,1,1074,977,5918,237,83137,8,2304,1100,"Knox County",470313,1506.65620554822,0.419644226345653,467.135716001897,258.33859578621,1258.31095461958,41.9644226345653
2022-01-04,88914,924,69805,578,19109,346,75893,567,496615,1040,572508,1607,0,1073,717,4941,207,82900,6,2296,1099,"Knox County",470313,1412.46361465662,0.402933985330073,341.687344385547,196.464907412723,1050.57695619726,40.2933985330073
2022-01-03,87990,716,69227,538,18763,178,75326,505,495575,820,570901,1325,6,1073,539,4224,171,82693,6,2290,1094,"Knox County",470313,1351.65304807649,0.392277096453431,281.727275240106,152.239040808993,898.125291029591,39.2277096453431
2022-01-02,87274,290,68689,207,18585,83,74821,265,494755,651,569576,916,3,1067,171,3685,116,82522,9,2284,1092,"Knox County",470313,1255.54683795685,0.390013495276653,194.763912543349,61.6610640148157,783.520761705503,39.0013495276653
2022-01-01,86984,265,68482,215,18502,50,74556,237,494104,767,568660,1004,0,1064,167,3514,98,82406,15,2275,1088,"Knox County",470313,1179.21469319368,0.379790615068237,213.474856106465,56.3454550480212,747.161996372628,37.9790615068237
2021-12-31,86719,591,68267,429,18452,162,74319,470,493337,1008,567656,1478,0,1064,487,3347,104,82308,5,2260,1088,"Knox County",470313,1099.26793433309,0.365054753367574,314.258802116888,125.660995975021,711.653728474441,36.5054753367574
2021-12-30,86128,582,67838,403,18290,179,73849,404,492329,918,566178,1322,2,1064,471,2860,109,82204,6,2255,1085,"Knox County",470313,974.457435792759,0.344197380444715,281.089402164091,123.747376746975,608.105665801286,34.4197380444715
2021-12-29,85546,633,67435,475,18111,158,73445,503,491411,1195,564856,1698,1,1062,506,2389,126,82095,5,2249,1083,"Knox County",470313,850.710059045784,0.315614973262032,361.036161024679,134.591219039236,507.959592866878,31.5614973262032
2021-12-28,84913,429,66960,262,17953,167,72942,283,490216,978,563158,1261,1,1061,304,1883,124,81969,5,2244,1081,"Knox County",470313,745.461001503254,0.296201688138605,268.119316285112,91.2158498701928,400.371667378958,29.6201688138605
2021-12-27,84484,314,66698,234,17786,80,72659,254,489238,905,561897,1159,2,1060,202,1579,110,81845,1,2239,1081,"Knox County",470313,659.986009317199,0.27336501470921,246.431631700591,66.7640486229383,335.733862342738,27.336501470921
2021-12-26,84170,61,66464,49,17706,12,72405,60,488333,426,560738,486,7,1058,-35,1377,89,81735,1,2238,1080,"Knox County",470313,611.295031181362,0.262963843958135,103.335438314484,12.9700858789785,292.783741891039,26.2963843958135
2021-12-25,84109,85,66415,63,17694,22,72345,74,487907,489,560252,563,1,1051,5,1412,79,81646,1,2237,1080,"Knox County",470313,573.022646620442,0.257060374042927,119.707513932211,18.0730704871011,300.225594444551,25.7060374042927
2021-12-24,84024,174,66352,122,17672,52,72271,137,487418,848,559689,985,0,1050,94,1407,80,81567,2,2236,1080,"Knox County",470313,484.358289054311,0.229462135402729,209.434993291702,36.9966384088894,299.162472651192,22.9462135402729
2021-12-23,83850,218,66230,159,17620,59,72134,166,486570,960,558704,1126,5,1050,113,1313,100,81487,5,2234,1080,"Knox County",470313,406.963022497783,0.202940368233031,239.415027864422,46.3521101904476,279.175782936045,20.2940368233031
2021-12-22,83632,176,66071,102,17561,74,71968,101,485610,812,557578,913,47,1045,14,1200,115,81387,10,2229,1079,"Knox County",470313,309.793690584781,0.165562913907285,194.126039467333,37.421887126233,255.149230406134,16.5562913907285
2021-12-21,83456,177,65969,124,17487,53,71867,120,484798,912,556665,1032,3,998,72,1186,102,81272,6,2219,1077,"Knox County",470313,256.212352199493,0.145593869731801,219.428338149275,37.6345114849047,252.172489384729,14.5593869731801
2021-12-20,83279,114,65845,80,17434,34,71747,84,483886,623,555633,707,1,995,-8,1114,121,81170,3,2213,1075,"Knox County",470313,213.687480465137,0.127666896077082,150.325421580947,24.2391768885827,236.863535560361,12.7666896077082
2021-12-19,83165,70,65765,50,17400,20,71663,58,483263,557,554926,615,3,994,-18,1122,85,81049,6,2210,1074,"Knox County",470313,215.601099693183,0.124558155192729,130.763980583144,14.8837051070245,238.564530429735,12.4558155192728
2021-12-18,83095,88,65715,56,17380,32,71605,65,482706,660,554311,725,0,991,11,1140,77,80964,3,2204,1073,"Knox County",470313,216.238972769198,0.119777158774373,154.152660037039,18.7109435631165,242.391768885827,11.9777158774373
2021-12-17,83007,119,65659,77,17348,42,71540,83,482046,1034,553586,1117,2,991,7,1129,110,80887,6,2201,1071,"Knox County",470313,204.544633042251,0.108580593424218,237.501408636376,25.3022986819416,240.052900940438,10.8580593424218
2021-12-16,82888,138,65582,106,17306,32,71457,108,481012,661,552469,769,2,989,32,1122,104,80777,3,2195,1069,"Knox County",470313,187.534684348508,0.105307927866621,163.508131818597,29.3421614967054,238.564530429735,10.5307927866621
2021-12-15,82750,157,65476,113,17274,44,71349,125,480351,841,551700,966,0,987,30,1090,127,80673,5,2192,1067,"Knox County",470313,183.494821533745,0.108413421008262,205.395130476938,33.3820243114692,231.760550952238,10.8413421008262
2021-12-14,82593,97,65363,59,17230,38,71224,63,479510,811,550734,874,3,987,-55,1060,149,80546,3,2187,1064,"Knox County",470313,166.484872840002,0.101507015416594,185.833689479134,20.6245627911625,225.381820192085,10.1507015416594
2021-12-13,82496,111,65304,74,17192,37,71161,79,478699,627,549860,706,4,984,-50,1115,157,80397,3,2184,1061,"Knox County",470313,165.846999763987,0.100658350658351,150.112797222275,23.6013038125674,237.076159919033,10.0658350658351
2021-12-12,82385,54,65230,29,17155,25,71082,40,478072,493,549154,533,6,980,-37,1165,85,80240,5,2181,1061,"Knox County",470313,162.445010025239,0.0989455184534271,113.328783172058,11.481715368276,247.707377852622,9.89455184534271
2021-12-11,82331,65,65201,45,17130,20,71042,51,477579,541,548621,592,0,974,-22,1202,87,80155,1,2176,1060,"Knox County",470313,157.554649775788,0.0987943134784956,125.873620333693,13.8205833136656,255.574479123477,9.87943134784956
2021-12-10,82266,84,65156,48,17110,36,70991,57,477038,856,548029,913,0,974,-13,1224,97,80068,3,2175,1057,"Knox County",470313,150.112797222275,0.0977022230524939,194.126039467333,17.8604461284294,260.252215014256,9.77022230524939
2021-12-09,82182,164,65108,96,17074,68,70934,107,476182,1017,547116,1124,3,974,102,1237,59,79971,2,2172,1055,"Knox County",470313,155.641030547742,0.0914505956552207,238.989779147079,34.8703948221716,263.01633167699,9.14505956552208
2021-12-08,82018,130,65012,67,17006,63,70827,65,475165,751,545992,816,0,971,33,1135,97,79912,7,2170,1054,"Knox County",470313,149.900172863604,0.0831234256926952,173.501476676171,27.6411666273312,241.328647092468,8.31234256926952
2021-12-07,81888,127,64945,70,16943,57,70762,76,474414,631,545176,707,2,971,17,1102,108,79815,2,2163,1053,"Knox County",470313,156.278903623757,0.0881098126507142,150.325421580947,27.0032935513158,234.3120432563,8.81098126507142
2021-12-06,81761,148,64875,107,16886,41,70686,115,473783,759,544469,874,8,969,38,1085,102,79707,4,2161,1053,"Knox County",470313,164.146004894613,0.0919230077352042,185.833689479134,31.4684050834232,230.697429158879,9.19230077352042
2021-12-05,81613,43,64768,28,16845,15,70571,33,473024,342,543595,375,2,961,-20,1047,61,79605,1,2157,1050,"Knox County",470313,161.807136949223,0.093316052582855,79.7341345019168,9.14284742288646,222.617703529352,9.3316052582855
2021-12-04,81570,69,64740,50,16830,19,70538,55,472682,499,543220,554,0,959,14,1067,55,79544,3,2156,1050,"Knox County",470313,162.65763438391,0.0947231027410032,117.793894704165,14.6710807483527,226.870190702787,9.47231027410032
2021-12-03,81501,147,64690,103,16811,44,70483,108,472183,1009,542666,1117,3,959,62,1053,82,79489,2,2153,1048,"Knox County",470313,176.052968980232,0.100413148913239,237.501408636376,31.2557807247514,223.893449681382,10.0413148913239
2021-12-02,81354,133,64587,86,16767,47,70375,85,471174,794,541549,879,0,956,31,991,102,79407,4,2151,1046,"Knox County",470313,169.461613861407,0.100901916572717,186.896811272493,28.2790397033465,210.710739443732,10.0901916572717
2021-12-01,81221,185,64501,142,16720,43,70290,147,470380,1009,540670,1156,4,956,91,960,90,79305,7,2147,1044,"Knox County",470313,181.155953588355,0.109325326739668,245.793758624576,39.335506354279,204.119384324907,10.9325326739668
2021-11-30,81036,116,64359,66,16677,50,70143,68,469371,693,539514,761,3,952,16,869,97,79215,6,2140,1043,"Knox County",470313,178.817085642965,0.106892932120364,161.807136949223,24.6644256059263,184.770567685775,10.6892932120364
2021-11-29,80920,165,64293,128,16627,37,70075,139,468678,967,538753,1106,2,949,75,853,88,79118,5,2134,1040,"Knox County",470313,182.431699740386,0.106758574310693,235.162540690987,35.0830191808434,181.368577947027,10.6758574310693
2021-11-28,80755,33,64165,22,16590,11,69936,22,467711,270,537647,292,3,947,-24,778,54,79030,5,2129,1039,"Knox County",470313,180.305456153668,0.106393861892583,62.0863127321592,7.01660383616868,165.421751046643,10.6393861892583
2021-11-27,80722,59,64143,31,16579,28,69914,32,467441,266,537355,298,0,944,1,802,58,78976,1,2124,1038,"Knox County",470313,178.17921256695,0.107149224460688,63.3620588841899,12.5448371616349,170.524735654766,10.7149224460688
2021-11-26,80663,20,64112,18,16551,2,69882,20,467175,298,537057,318,0,944,-45,801,65,78918,4,2123,1036,"Knox County",470313,151.175919015634,0.106652806652807,67.6145460576254,4.25248717343556,170.312111296094,10.6652806652807
2021-11-25,80643,52,64094,26,16549,26,69862,29,466877,331,536739,360,0,944,-18,846,70,78853,3,2119,1035,"Knox County",470313,133.95334596322,0.106501980890235,76.5447691218401,11.0564666509325,179.880207436324,10.6501980890235
2021-11-24,80591,105,64068,66,16523,39,69833,73,466546,742,536379,815,0,944,18,864,87,78783,3,2116,1030,"Knox County",470313,116.943397269478,0.0969620253164557,173.288852317499,22.3255576605367,183.707445892416,9.69620253164557
2021-11-23,80486,99,64002,64,16484,35,69760,65,465804,674,535564,739,0,944,37,846,62,78696,2,2113,1026,"Knox County",470313,113.328783172058,0.0967413441955193,157.129401058444,21.049811508506,179.880207436324,9.67413441955193
2021-11-22,80387,107,63938,83,16449,24,69695,82,465130,740,534825,822,0,944,37,809,70,78634,3,2111,1026,"Knox County",470313,100.996570369095,0.0886388583973655,174.777222828202,22.7508063778803,172.013106165469,8.86388583973655
2021-11-21,80280,44,63855,32,16425,12,69613,37,464390,284,534003,321,0,944,-9,772,53,78564,2,2108,1026,"Knox County",470313,103.335438314484,0.0920228695888919,68.2524191336408,9.35547178155824,164.146004894613,9.20228695888919
2021-11-20,80236,54,63823,37,16413,17,69576,44,464106,537,533682,581,0,944,14,781,40,78511,1,2106,1024,"Knox County",470313,102.272316521125,0.0884732052578362,123.534752388303,11.481715368276,166.059624122659,8.84732052578362
2021-11-19,80182,112,63786,83,16396,29,69532,81,463569,825,533101,906,0,944,62,767,50,78471,0,2105,1024,"Knox County",470313,121.833757518929,0.0904489436619718,192.637668956631,23.8139281712392,163.082883101254,9.04489436619718
2021-11-18,80070,80,63703,44,16367,36,69451,49,462744,937,532195,986,3,944,18,705,59,78421,2,2105,1024,"Knox County",470313,127.787239561739,0.0833655705996132,209.647617650373,17.0099486937423,149.900172863604,8.33655705996132
2021-11-17,79990,105,63659,64,16331,41,69402,66,461807,833,531209,899,0,941,44,687,61,78362,1,2103,1024,"Knox County",470313,127.787239561739,0.0807004187285877,191.149298445929,22.3255576605367,146.072934407512,8.07004187285877
2021-11-16,79885,73,63595,51,16290,22,69336,67,460974,777,530310,844,0,941,9,643,64,78301,2,2102,1023,"Knox County",470313,122.259006236272,0.0794924426198918,179.454958718981,15.5215781830398,136.717462625953,7.94924426198918
2021-11-15,79812,84,63544,44,16268,40,69269,34,460197,460,529466,494,3,941,21,634,60,78237,0,2100,1020,"Knox County",470313,117.368645986822,0.075134168157424,105.036433183858,17.8604461284294,134.803843397907,7.5134168157424
2021-11-14,79728,72,63500,62,16228,10,69235,68,459737,624,528972,692,0,938,16,613,56,78177,2,2100,1020,"Knox County",470313,123.322128029631,0.0757126990003702,147.13605620087,15.308953824368,130.3387318658,7.57126990003702
2021-11-13,79656,29,63438,13,16218,16,69167,12,459113,317,528280,329,0,938,-13,597,42,78121,2,2098,1018,"Knox County",470313,118.006519062837,0.0732038834951456,69.953414003015,6.16610640148157,126.936742127052,7.32038834951456
2021-11-12,79627,66,63425,49,16202,17,69155,51,458796,687,527951,738,0,938,18,610,48,78079,4,2096,1018,"Knox County",470313,108.225798563935,0.069650742673625,156.916776699772,14.0332076723374,129.700858789785,6.96507426736251
2021-11-11,79561,67,63376,46,16185,21,69104,54,458109,962,527213,1016,0,938,-3,592,70,78031,0,2092,1016,"Knox County",470313,105.461681901202,0.0702314445331205,216.026348410527,14.2458320310091,125.873620333693,7.02314445331205
2021-11-10,79494,74,63330,50,16164,24,69050,69,457147,855,526197,924,1,938,6,595,67,77961,2,2092,1016,"Knox County",470313,98.8703267823768,0.0704784594004368,196.464907412723,15.7342025417116,126.511493409708,7.04784594004368
2021-11-09,79420,106,63280,76,16140,30,68981,134,456292,1174,525273,1308,1,937,34,589,71,77894,1,2090,1016,"Knox County",470313,105.886930618546,0.0767133248500273,278.112661142686,22.5381820192085,125.235747257677,7.67133248500273
2021-11-08,79314,78,63204,58,16110,20,68847,70,455118,687,523965,757,6,936,-10,555,82,77823,1,2089,1015,"Knox County",470313,104.611184466515,0.0794587092297016,160.956639514536,16.5846999763987,118.006519062837,7.94587092297016
2021-11-07,79236,31,63146,20,16090,11,68777,23,454431,390,523208,413,0,930,-20,565,51,77741,1,2088,1012,"Knox County",470313,95.8935857609719,0.0752962625341841,87.8138601314444,6.59135511882512,120.132762649555,7.52962625341841
2021-11-06,79205,41,63126,27,16079,14,68754,30,454041,453,522795,483,0,930,-2,585,43,77690,2,2087,1009,"Knox County",470313,98.4450780650333,0.0764319914878525,102.697565238469,8.7175987055429,124.38524982299,7.64319914878525
2021-11-05,79164,52,63099,32,16065,20,68724,36,453588,605,522312,641,0,930,-28,587,80,77647,2,2085,1008,"Knox County",470313,95.4683370436284,0.0750631540959942,136.29221390861,11.0564666509325,124.810498540334,7.50631540959942
2021-11-04,79112,68,63067,45,16045,23,68688,49,452983,668,521671,717,0,930,-1,615,69,77567,1,2083,1008,"Knox County",470313,95.6809614023002,0.0783902345985123,152.451665167665,14.4584563896809,130.763980583144,7.83902345985123
2021-11-03,79044,79,63022,59,16022,20,68639,65,452315,969,520954,1034,0,930,-2,616,81,77498,2,2082,1007,"Knox County",470313,96.7440831956591,0.0760321315150383,219.853586866619,16.7973243350705,130.976604941815,7.60321315150383
2021-11-02,78965,41,62963,19,16002,22,68574,22,451346,301,519920,323,4,930,-51,618,88,77417,1,2080,1005,"Knox County",470313,82.9234998819935,0.06753663003663,68.6776678509843,8.7175987055429,131.401853659159,6.753663003663
2021-11-01,78924,95,62944,71,15980,24,68552,83,451045,661,519597,744,1,926,-20,669,114,77329,3,2079,1002,"Knox County",470313,86.5381139794137,0.0707233065442021,158.192522851803,20.1993140738189,142.24569595142,7.07233065442021
2021-10-31,78829,26,62873,20,15956,6,68469,19,450384,278,518853,297,0,925,-43,689,69,77215,1,2076,1001,"Knox County",470313,85.4749921860548,0.0717150271290399,63.1494345255181,5.52823332546623,146.498183124855,7.17150271290399
2021-10-30,78803,56,62853,41,15950,15,68450,43,450106,522,518556,565,0,925,-23,732,79,77146,4,2075,1000,"Knox County",470313,88.6643575661315,0.0733626475352928,120.132762649555,11.9069640856196,155.641030547742,7.33626475352928
2021-10-29,78747,73,62812,59,15935,14,68407,66,449584,846,517991,912,1,925,-37,755,109,77067,1,2071,1000,"Knox County",470313,93.1294690982388,0.0755662020905923,193.913415108662,15.5215781830398,160.531390797193,7.55662020905923
2021-10-28,78674,54,62753,32,15921,22,68341,39,448738,561,517079,600,4,924,-52,792,102,76958,3,2070,999,"Knox County",470313,90.1527280768339,0.0753072625698324,127.574615203067,11.481715368276,168.398492068048,7.53072625698324
2021-10-27,78620,88,62721,57,15899,31,68302,65,448177,759,516479,824,1,920,-29,844,116,76856,3,2067,997,"Knox County",470313,92.0663473048799,0.0790152403282532,175.202471545545,18.7109435631165,179.454958718981,7.90152403282532
2021-10-26,78532,96,62664,58,15868,38,68237,55,447418,554,515655,609,0,919,-18,873,114,76740,5,2064,994,"Knox County",470313,103.760687031828,0.0813008130081301,129.488234431113,20.4119384324907,185.621065120462,8.13008130081301
2021-10-25,78436,71,62606,47,15830,24,68182,54,446864,491,515046,545,6,919,-72,891,137,76626,3,2059,992,"Knox County",470313,98.6577024237051,0.0783547794117647,115.880275476119,15.0963294656962,189.448303576554,7.83547794117647
2021-10-24,78365,38,62559,20,15806,18,68128,23,446373,337,514501,360,1,913,-73,963,110,76489,5,2056,991,"Knox County",470313,101.209194727766,0.0781426953567384,76.5447691218401,8.07972562952757,204.757257400922,7.81426953567384
2021-10-23,78327,59,62539,40,15788,19,68105,42,446036,471,514141,513,0,912,-14,1036,73,76379,1,2051,988,"Knox County",470313,101.847067803782,0.0788448315379326,109.076295998622,12.5448371616349,220.278835583962,7.88448315379326
2021-10-22,78268,90,62499,55,15769,35,68063,55,445565,551,513628,606,0,912,-68,1050,158,76306,2,2050,986,"Knox County",470313,105.461681901202,0.0820803549420754,128.850361355098,19.13619228046,223.255576605367,8.20803549420754
2021-10-21,78178,124,62444,71,15734,53,68008,78,445014,712,513022,790,3,912,-23,1118,144,76148,2,2048,984,"Knox County",470313,120.345387008226,0.0875912408759124,167.973243350705,26.3654204753005,237.714032995048,8.75912408759124
2021-10-20,78054,149,62373,83,15681,66,67930,90,444302,959,512232,1049,3,909,-47,1141,193,76004,3,2046,982,"Knox County",470313,133.315472887205,0.0887745974955277,223.042952246695,31.6810294420949,242.604393244499,8.87745974955277
2021-10-19,77905,131,62290,85,15615,46,67840,92,443343,724,511183,816,4,906,-40,1188,167,75811,4,2043,980,"Knox County",470313,140.757325440717,0.0927548621500321,173.501476676171,27.8537909860029,252.597738102072,9.27548621500321
2021-10-18,77774,121,62205,90,15569,31,67748,106,442619,607,510367,713,9,902,-72,1228,184,75644,8,2039,978,"Knox County",470313,151.388543374306,0.100268207138436,151.601167732978,25.7275473992852,261.102712448944,10.0268207138436
2021-10-17,77653,63,62115,56,15538,7,67642,61,442012,303,509654,364,1,893,-66,1300,128,75460,4,2031,975,"Knox County",470313,156.7041523411,0.108018965161822,77.3952665565272,13.395334596322,276.411666273312,10.8018965161822
2021-10-16,77590,55,62059,41,15531,14,67581,44,441709,372,509290,416,0,892,-84,1366,139,75332,1,2027,973,"Knox County",470313,155.853654906413,0.110643668489693,88.4517332074597,11.6943397269478,290.444873945649,11.0643668489693
2021-10-15,77535,125,62018,89,15517,36,67537,100,441337,794,508874,894,9,892,-69,1450,185,75193,5,2026,969,"Knox County",470313,163.295507459926,0.113248710829036,190.08617665257,26.5780448339723,308.305320074078,11.3248710829036
2021-10-14,77410,192,61929,135,15481,57,67437,143,440543,699,507980,842,0,883,6,1519,186,75008,7,2021,967,"Knox County",470313,177.753963849607,0.124852767962309,179.029710001637,40.8238768649814,322.976400822431,12.4852767962309
2021-10-13,77218,121,61794,87,15424,34,67294,99,439844,764,507138,863,7,883,-78,1513,192,74822,5,2014,962,"Knox County",470313,171.800481806797,0.131418092909535,183.494821533745,25.7275473992852,321.7006546704,13.1418092909535
2021-10-12,77097,136,61707,104,15390,32,67195,109,439080,821,506275,930,4,876,-81,1591,213,74630,3,2009,961,"Knox County",470313,172.863603600156,0.131819992035046,197.740653564754,28.9169127793618,338.285354646799,13.1819992035046
2021-10-11,76961,194,61603,136,15358,58,67086,149,438259,581,505345,730,3,872,-86,1672,277,74417,12,2006,952,"Knox County",470313,188.385181783195,0.139908712046041,155.215781830398,41.249125582325,355.507927699213,13.9908712046041
2021-10-10,76767,54,61467,41,15300,13,66937,51,437678,489,504615,540,0,869,-90,1758,144,74140,4,1994,951,"Knox County",470313,186.471562555149,0.13326941514861,114.81715368276,11.481715368276,373.793622544986,13.326941514861
2021-10-09,76713,66,61426,37,15287,29,66886,48,437189,490,504075,538,0,869,-67,1848,133,73996,7,1990,948,"Knox County",470313,188.810430500539,0.1309724564362,114.391904965417,14.0332076723374,392.929814825446,13.09724564362
2021-10-08,76647,289,61389,114,15258,175,66838,122,436699,936,503537,1058,-1,869,75,1915,215,73863,5,1983,944,"Knox County",470313,223.680825322711,0.131067078712961,224.956571474741,61.4484396561439,407.175646856455,13.1067078712961
2021-10-07,76358,259,61275,170,15083,89,66716,176,435763,1106,502479,1282,6,870,-8,1840,261,73648,9,1978,940,"Knox County",470313,237.92665735372,0.12691466083151,272.58442781722,55.0697088959905,391.228819956072,12.691466083151
2021-10-06,76099,139,61105,103,14994,36,66540,112,434657,835,501197,947,1,864,-120,1848,258,73387,4,1969,939,"Knox County",470313,241.753895809812,0.127302904564315,201.355267662174,29.5547858553772,392.929814825446,12.7302904564315
2021-10-05,75960,210,61002,118,14958,92,66428,138,433822,915,500250,1053,3,863,-73,1968,280,73129,4,1965,934,"Knox County",470313,257.488098351523,0.129472999349382,223.893449681382,44.6511153210734,418.444737866059,12.9472999349382
2021-10-04,75750,316,60884,224,14866,92,66290,245,432907,829,499197,1074,3,860,-14,2041,327,72849,4,1961,930,"Knox County",470313,283.42827010948,0.137399876771411,228.35856121349,67.1892973402819,433.966316049099,13.7399876771411
2021-10-03,75434,102,60660,93,14774,9,66045,107,432078,678,498123,785,1,857,-66,2055,167,72522,6,1957,928,"Knox County",470313,293.634239325726,0.140715451981594,166.910121557346,21.6876845845214,436.943057070504,14.0715451981594
2021-10-02,75332,67,60567,43,14765,24,65938,50,431400,472,497338,522,5,856,-144,2121,206,72355,2,1951,927,"Knox County",470313,293.846863684397,0.141348013688439,110.989915226668,14.2458320310091,450.976264742841,14.1348013688439
2021-10-01,75265,225,60524,152,14741,73,65888,167,430928,965,496816,1132,0,851,-76,2265,301,72149,9,1949,923,"Knox County",470313,280.238904729404,0.146431199411332,240.690774016453,47.8404807011501,481.594172391578,14.6431199411332
2021-09-30,75040,240,60372,166,14668,74,65721,186,429963,1104,495684,1290,1,851,-112,2341,351,71848,8,1940,920,"Knox County",470313,276.19904191464,0.147728943113332,274.285422686594,51.0298460812268,497.753623650633,14.7728943113332
2021-09-29,74800,361,60206,170,14594,191,65535,192,428859,1111,494394,1303,6,850,-95,2453,450,71497,7,1932,918,"Knox County",470313,323.401649539775,0.151557480094985,277.049539349327,76.7573934805119,521.567551821872,15.1557480094985
2021-09-28,74439,348,60036,249,14403,99,65343,270,427748,778,493091,1048,2,844,-75,2548,421,71047,1,1925,915,"Knox County",470313,352.74381103648,0.170114621190942,222.830327888024,73.9932768177788,541.766865895691,17.0114621190942
2021-09-27,74091,239,59787,162,14304,77,65073,186,426970,760,492043,946,7,842,-302,2623,534,70626,12,1924,912,"Knox County",470313,336.371735418753,0.164816396242528,201.142643303502,50.817221722555,557.713692796074,16.4816396242528
2021-09-26,73852,124,59625,99,14227,25,64887,117,426210,703,491097,820,2,835,-144,2925,266,70092,1,1912,906,"Knox County",470313,341.049471309532,0.165415663503753,174.351974110858,26.3654204753005,621.926249114951,16.5415663503753
2021-09-25,73728,110,59526,90,14202,20,64770,102,425507,705,490277,807,0,833,-176,3069,286,69826,3,1911,901,"Knox County",470313,350.192318732419,0.166076776476994,171.587857448125,23.3886794538956,652.544156763687,16.6076776476994
2021-09-24,73618,244,59436,165,14182,79,64668,182,424802,939,489470,1121,13,833,-234,3245,465,69540,5,1908,894,"Knox County",470313,354.232181547182,0.168370824812543,238.351906071063,51.8803435159139,689.96604388992,16.8370824812543
2021-09-23,73374,355,59271,246,14103,109,64486,268,423863,1370,488349,1638,14,820,-221,3479,562,69075,8,1903,891,"Knox County",470313,378.683982794437,0.171417415072237,348.278699504373,75.4816473284812,739.720143819116,17.1417415072237
2021-09-22,73019,251,59025,187,13994,64,64218,202,422493,1261,486711,1463,3,806,-327,3700,575,68513,4,1895,888,"Knox County",470313,355.295303340541,0.169195460920566,311.069436736811,53.3687140266163,786.710127085579,16.9195460920566
2021-09-21,72768,397,58838,216,13930,181,64016,230,421232,996,485248,1226,10,803,-354,4027,741,67938,7,1891,879,"Knox County",470313,365.713896915458,0.160453808752026,260.6774637316,84.4118703926959,856.238292371251,16.0453808752026
2021-09-20,72371,432,58622,310,13749,122,63786,343,420236,1295,484022,1638,5,793,113,4381,314,67197,9,1884,875,"Knox County",470313,406.750398139112,0.165729369907035,348.278699504373,91.8537229462082,931.50731534106,16.5729369907035
2021-09-19,71939,120,58312,88,13627,32,63443,97,418941,432,482384,529,1,788,-176,4268,295,66883,7,1875,868,"Knox County",470313,405.899900704425,0.169080978389931,112.478285737371,25.5149230406134,907.480762811149,16.9080978389931
2021-09-18,71819,226,58224,183,13595,43,63346,197,418509,1075,481855,1272,0,787,-108,4444,334,66588,7,1868,860,"Knox County",470313,430.564326310351,0.170923821312029,270.458184230502,48.0531050598219,944.902649937382,17.0923821312029
2021-09-17,71593,546,58041,421,13552,125,63149,448,417434,1310,480583,1758,5,787,4,4552,537,66254,11,1861,847,"Knox County",470313,494.776882629228,0.187421251574969,373.793622544986,116.092899834791,967.866080673934,18.7421251574969
2021-09-16,71047,588,57620,456,13427,132,62701,487,416124,1518,478825,2005,7,782,15,4548,566,65717,16,1850,842,"Knox County",470313,544.318358199752,0.202608431907795,426.311839136915,125.023122899006,967.015583239247,20.2608431907795
2021-09-15,70459,338,57164,249,13295,89,62214,267,414606,807,476820,1074,6,775,-306,4533,638,65151,5,1834,839,"Knox County",470313,562.816677404197,0.217743632919385,228.35856121349,71.867033231061,963.82621785917,21.7743632919385
2021-09-14,70121,555,56915,443,13206,112,61947,476,413799,1406,475746,1882,12,769,-158,4839,701,64513,8,1829,835,"Knox County",470313,596.411326074338,0.227899192754479,400.159043020287,118.006519062837,1028.88927161273,22.7899192754479
2021-09-13,69566,399,56472,299,13094,100,61471,332,412393,1134,473864,1466,20,757,-436,4997,815,63812,15,1821,832,"Knox County",470313,589.394722238169,0.230723012217104,311.707309812827,84.8371191100395,1062.48392028288,23.0723012217104
2021-09-12,69167,387,56173,358,12994,29,61139,376,411259,1460,472398,1836,0,737,79,5433,308,62997,5,1806,823,"Knox County",470313,646.165426003534,0.228725759319933,390.378322521385,82.2856268059781,1155.18814066377,22.8725759319933
2021-09-11,68780,865,55815,707,12965,158,60763,763,409799,2621,470562,3384,4,737,499,5354,362,62689,26,1801,815,"Knox County",470313,782.0323911948,0.2349123461395,719.520829745297,183.920070251088,1138.3908163287,23.49123461395
2021-09-10,67915,1027,55108,750,12807,277,60000,804,407178,2513,467178,3317,1,733,477,4855,549,62327,24,1775,805,"Knox County",470313,884.304707715925,0.234228815824646,705.274997714288,218.365216355916,1032.29126135148,23.4228815824646
2021-09-09,66888,309,54358,166,12530,143,59196,171,404665,685,463861,856,1,732,-366,4378,674,61778,18,1751,798,"Knox County",470313,824.982511646499,0.230836047774159,182.006451023042,65.7009268295794,930.869442265045,23.0836047774159
2021-09-08,66579,290,54192,226,12387,64,59025,250,403980,837,463005,1087,5,731,-404,4744,689,61104,11,1733,793,"Knox County",470313,814.776542430254,0.229389644200174,231.122677876223,61.6610640148157,1008.68995753892,22.9389644200174
2021-09-07,66289,414,53966,300,12323,114,58775,311,403143,979,461918,1290,3,726,-222,5148,633,60415,13,1722,787,"Knox County",470313,784.796507857533,0.22718343910547,274.285422686594,88.0264844901162,1094.59019844231,22.718343910547
2021-09-06,65875,991,53666,791,12209,200,58464,844,402164,3221,460628,4065,1,723,342,5370,648,59782,20,1709,786,"Knox County",470313,910.670128191226,0.222229239027471,864.318018000778,210.710739443732,1141.79280606745,22.2229239027471
2021-09-05,64884,969,52875,800,12009,169,57620,832,398943,2999,456563,3831,2,722,620,5028,347,59134,15,1689,783,"Knox County",470313,1034.4175049382,0.222938867077958,814.563918071582,206.033003552953,1069.0752754017,22.2938867077958
2021-09-04,63915,542,52075,388,11840,154,56788,407,395944,1502,452732,1909,2,720,221,4408,319,58787,10,1674,777,"Knox County",470313,965.739837087216,0.221277896667686,405.899900704425,115.242402400104,937.248173025198,22.1277896667686
2021-09-03,63373,334,51687,238,11686,96,56381,249,394442,909,450823,1158,5,718,-155,4187,484,58468,8,1664,773,"Knox County",470313,818.391156527674,0.215835446604677,246.219007341919,71.0165357963739,890.258189758735,21.5835446604677
2021-09-02,63039,323,51449,181,11590,142,56132,200,393533,681,449665,881,3,713,-160,4342,480,57984,5,1656,768,"Knox County",470313,821.367897549079,0.217495253498348,187.322059989837,68.6776678509843,923.214965352861,21.7495253498348
2021-09-01,62716,276,51268,212,11448,64,55932,226,392852,645,448784,871,2,710,-119,4502,393,57504,2,1651,765,"Knox County",470313,818.391156527674,0.219136022848983,185.195816403119,58.6843229934108,957.234862740345,21.9136022848982
2021-08-31,62440,595,51056,434,11384,161,55706,479,392207,1894,447913,2373,2,708,190,4621,403,57111,9,1649,762,"Knox County",470313,856.876165447266,0.214541357370095,504.55760312813,126.511493409708,982.537161422287,21.4541357370095
2021-08-30,61845,513,50622,403,11223,110,55227,430,390313,1630,445540,2060,9,706,97,4431,407,56708,12,1640,758,"Knox County",470313,755.241722002156,0.215776198119697,438.006178863863,109.076295998622,942.138533274649,21.5776198119697
2021-08-29,61332,483,50219,407,11113,76,54797,439,388683,1485,443480,1924,1,697,251,4334,231,56301,5,1628,752,"Knox County",470313,651.906283687672,0.217430207587688,409.089266084501,102.697565238469,921.513970483486,21.7430207587688
2021-08-28,60849,397,49812,301,11037,96,54358,320,387198,1065,441556,1385,0,696,189,4083,208,56070,4,1623,745,"Knox County",470313,621.075751680264,0.219958693203154,294.484736760413,84.4118703926959,868.14525645687,21.9958693203154
2021-08-27,60452,473,49511,375,10941,98,54038,390,386133,1166,440171,1556,5,696,198,3894,270,55862,5,1619,742,"Knox County",470313,650.630537535641,0.224796380090498,330.843502093287,100.571321651751,827.959252667904,22.4796380090498
2021-08-26,59979,450,49136,347,10843,103,53648,366,384967,1426,438615,1792,5,691,155,3696,290,55592,0,1614,741,"Knox County",470313,677.633831086957,0.221553381824262,381.022850739826,95.6809614023002,785.859629650892,22.1553381824262
2021-08-25,59529,351,48789,225,10740,126,53282,236,383541,642,436823,878,2,686,90,3541,259,55302,4,1614,736,"Knox County",470313,693.58065798734,0.22225935828877,186.684186913821,74.6311498937941,752.902854056767,22.225935828877
2021-08-24,59178,342,48564,222,10614,120,53046,233,382899,677,435945,910,4,684,75,3451,263,55043,5,1610,726,"Knox County",470313,639.78669524338,0.229795335554498,193.488166391318,72.7175306657481,733.766661776306,22.9795335554498
2021-08-23,58836,287,48342,206,10494,81,52813,227,382222,825,435035,1052,1,680,30,3376,256,54780,1,1605,726,"Knox County",470313,591.733590183559,0.232810361166684,223.680825322711,61.0231909388003,717.819834875923,23.2810361166684
2021-08-22,58549,240,48136,217,10413,23,52586,233,381397,889,433983,1122,2,679,69,3346,169,54524,0,1604,722,"Knox County",470313,540.065871026316,0.230592294422082,238.564530429735,51.0298460812268,711.44110411577,23.0592294422082
2021-08-21,58309,498,47919,376,10390,122,52353,412,380508,1904,432861,2316,0,677,383,3277,115,54355,8,1604,720,"Knox County",470313,561.540931252166,0.217847496364014,492.438014683838,105.886930618546,696.770023367417,21.7847496364014
2021-08-20,57811,425,47543,331,10268,94,51941,357,378604,1148,430545,1505,0,677,229,2894,196,54240,6,1596,717,"Knox County",470313,551.334962035921,0.21556135770235,319.999659801026,90.3653524355057,615.334893996126,21.556135770235
2021-08-19,57386,367,47212,254,10174,113,51584,264,377456,952,429040,1216,1,677,202,2665,164,54044,6,1590,714,"Knox County",470313,533.687140266163,0.218024224913879,258.551220144882,78.0331396325426,566.643915860289,21.8024224913879
2021-08-18,57019,263,46958,191,10061,72,51320,200,376504,914,427824,1114,2,676,97,2463,164,53880,5,1584,714,"Knox County",470313,514.976196703047,0.20855441256091,236.863535560361,55.9202063306777,523.69379540859,20.855441256091
2021-08-17,56756,263,46767,181,9989,82,51120,197,375590,1042,426710,1239,0,674,100,2366,163,53716,5,1579,714,"Knox County",470313,498.178872367976,0.197616060225847,263.441580394333,55.9202063306777,503.069232617427,19.7616060225847
2021-08-16,56493,184,46586,126,9907,58,50923,132,374548,422,425471,554,2,674,-27,2266,209,53553,4,1574,711,"Knox County",470313,476.278563424783,0.197992499448489,117.793894704165,39.1228819956072,481.806796750249,19.7992499448489
2021-08-15,56309,204,46460,181,9849,23,50791,198,374126,952,424917,1150,3,672,81,2293,120,53344,6,1570,711,"Knox County",470313,468.624086512599,0.193534198372553,244.518012472545,43.3753691690427,487.547654434387,19.3534198372553
2021-08-14,56105,219,46279,147,9826,72,50593,154,373174,794,423767,948,0,669,96,2212,123,53224,4,1564,710,"Knox County",470313,409.301890443173,0.194408490810251,201.567892020846,46.5647345491194,470.325081381973,19.4408490810251
2021-08-13,55886,266,46132,206,9754,60,50439,218,372380,1470,422819,1688,1,669,124,2116,141,53101,5,1560,708,"Knox County",470313,375.49461741436,0.172335314199014,358.909917437962,56.558079406693,449.913142949483,17.2335314199014
2021-08-12,55620,222,45926,146,9694,76,50221,152,370910,643,421131,795,2,668,82,1992,138,52960,8,1555,705,"Knox County",470313,344.664085406952,0.167067307692308,169.036365144064,47.2026076251348,423.547722474182,16.7067307692308
2021-08-11,55398,315,45780,237,9618,78,50069,248,370267,989,420336,1237,1,666,182,1910,132,52822,10,1547,703,"Knox County",470313,355.720552057885,0.170674024438313,263.01633167699,66.9766729816101,406.112525063096,17.0674024438313
2021-08-10,55083,173,45543,110,9540,63,49821,121,369278,621,419099,742,1,665,56,1728,116,52690,2,1537,700,"Knox County",470313,336.584359777425,0.17191453472027,157.767274134459,36.7840140502176,367.414891784833,17.191453472027
2021-08-09,54910,197,45433,159,9477,38,49700,167,368657,753,418357,920,1,664,75,1672,121,52574,4,1535,696,"Knox County",470313,339.348476440158,0.168181818181818,195.614409978036,41.8869986583403,355.507927699213,16.8181818181818
2021-08-08,54713,89,45274,67,9439,22,49533,75,367904,418,417437,493,1,663,23,1597,65,52453,5,1531,695,"Knox County",470313,314.896675192903,0.166349113293273,104.823808825187,18.9235679217883,339.56110079883,16.6349113293273
2021-08-07,54624,105,45207,76,9417,29,49458,80,367486,638,416944,718,0,662,44,1574,61,52388,2,1526,695,"Knox County",470313,290.657498304321,0.16092825724253,152.664289526337,22.3255576605367,334.670740549379,16.092825724253
2021-08-06,54519,203,45131,147,9388,56,49378,163,366848,879,416226,1042,0,662,139,1530,64,52327,11,1524,695,"Knox County",470313,277.262163707999,0.169160921473012,221.554581735993,43.162744810371,325.315268767821,16.9160921473012
2021-08-05,54316,174,44984,131,9332,43,49215,147,365969,850,415184,997,2,662,102,1391,70,52263,4,1513,694,"Knox County",470313,267.056194491753,0.162790697674419,211.986485595763,36.9966384088894,295.760482912443,16.2790697674419
2021-08-04,54142,144,44853,101,9289,43,49068,104,365119,656,414187,760,1,660,69,1289,74,52193,4,1509,692,"Knox County",470313,230.697429158879,0.151093088857546,161.594512590551,30.6179076487361,274.072798327922,15.1093088857546
2021-08-03,53998,238,44752,177,9246,61,48964,183,364463,814,413427,997,0,659,161,1220,77,52119,5,1505,691,"Knox County",470313,244.518012472545,0.155053146617176,211.986485595763,50.6045973638832,259.401717579569,15.5053146617176
2021-08-02,53760,97,44575,75,9185,22,48781,82,363649,532,412430,614,2,659,-3,1059,98,52042,3,1500,688,"Knox County",470313,223.255576605367,0.148372175769436,130.551356224472,20.6245627911625,225.169195833413,14.8372175769436
2021-08-01,53663,106,44500,90,9163,16,48699,99,363117,526,411816,625,0,657,62,1062,44,51944,2,1497,688,"Knox County",470313,226.870190702787,0.149139579349904,132.890224169861,22.5381820192085,225.807068909428,14.9139579349904
2021-07-31,53557,104,44410,64,9147,40,48600,68,362591,399,411191,467,1,657,46,1000,57,51900,6,1495,686,"Knox County",470313,226.657566344116,0.153762268266085,99.2955754997204,22.1129333018649,212.624358671778,15.3762268266085
2021-07-30,53453,118,44346,83,9107,35,48532,90,362192,339,410724,429,1,656,79,954,38,51843,0,1489,686,"Knox County",470313,208.584495857014,0.158110042953569,91.2158498701928,25.0896743232698,202.843638172876,15.8110042953569
2021-07-29,53335,117,44263,65,9072,52,48442,68,361853,483,410295,551,0,655,82,875,35,51805,1,1489,685,"Knox County",470313,196.464907412723,0.156200765248706,117.15602162815,24.877049964598,186.046313837806,15.6200765248706
2021-07-28,53218,131,44198,90,9020,41,48374,95,361370,536,409744,631,0,655,80,793,51,51770,4,1488,684,"Knox County",470313,193.70079074999,0.15878535002318,134.165970321892,27.8537909860029,168.61111642672,15.878535002318
2021-07-27,53087,117,44108,78,8979,39,48279,84,360834,499,409113,583,0,655,85,713,32,51719,4,1484,684,"Knox County",470313,167.973243350705,0.15025641025641,123.960001105647,24.877049964598,151.601167732978,15.025641025641
2021-07-26,52970,97,44030,73,8940,24,48195,79,360335,371,408530,450,1,655,61,628,35,51687,4,1480,684,"Knox County",470313,167.973243350705,0.156049250535332,95.6809614023002,20.6245627911625,133.528097245877,15.6049250535332
2021-07-25,52873,51,43957,43,8916,8,48116,44,359964,320,408080,364,3,654,22,567,26,51652,5,1476,684,"Knox County",470313,156.278903623757,0.151942446043165,77.3952665565272,10.8438422922607,120.558011366898,15.1942446043165
2021-07-24,52822,64,43914,43,8908,21,48072,44,359644,348,407716,392,0,651,39,545,25,51626,1,1471,683,"Knox County",470313,147.773929276886,0.148235294117647,83.348748599337,13.6079589549938,115.880275476119,14.8235294117647
2021-07-23,52758,56,43871,31,8887,25,48028,32,359296,321,407324,353,1,651,24,506,31,51601,3,1470,681,"Knox County",470313,134.591219039236,0.134175691937425,75.0563986111377,11.9069640856196,107.58792548792,13.4175691937425
2021-07-22,52702,94,43840,69,8862,25,47996,78,358975,474,406971,552,0,650,70,482,24,51570,3,1467,680,"Knox County",470313,129.700858789785,0.137142857142857,117.368645986822,19.9866897151471,102.484940879797,13.7142857142857
2021-07-21,52608,61,43771,47,8837,14,47918,46,358501,411,406419,457,1,650,33,412,27,51546,1,1464,680,"Knox County",470313,114.81715368276,0.129165344335132,97.1693319130026,12.9700858789785,87.6012357727726,12.9165344335132
2021-07-20,52547,78,43724,43,8823,35,47872,45,358090,299,405962,344,0,649,54,379,24,51519,3,1463,680,"Knox County",470313,106.524803694561,0.126373626373626,73.1427793830917,16.5846999763987,80.5846319366039,12.6373626373626
2021-07-19,52469,48,43681,36,8788,12,47827,42,357791,348,405618,390,0,649,28,325,20,51495,0,1460,680,"Knox County",470313,96.1062101196437,0.116058906030856,82.9234998819935,10.2059692162454,69.1029165683279,11.6058906030856
2021-07-18,52421,36,43645,30,8776,6,47785,31,357443,271,405228,302,0,649,27,297,9,51475,1,1460,680,"Knox County",470313,92.9168447395671,0.113978494623656,64.212556318877,7.65447691218401,63.1494345255181,11.3978494623656
2021-07-17,52385,27,43615,20,8770,7,47754,21,357172,202,404926,223,0,649,12,270,15,51466,1,1459,679,"Knox County",470313,85.0497434687113,0.112552460892789,47.4152319838065,5.74085768413801,57.4085768413801,11.2552460892789
2021-07-16,52358,37,43595,21,8763,16,47733,22,356970,291,404703,313,0,649,25,258,12,51451,1,1458,679,"Knox County",470313,81.0098806539475,0.110422316931422,66.5514242642666,7.86710127085579,54.8570845373188,11.0422316931422
2021-07-15,52321,55,43574,42,8747,13,47711,44,356679,364,404390,408,-1,649,36,233,20,51439,1,1457,679,"Knox County",470313,72.7175306657481,0.10299548625359,86.7507383380855,11.6943397269478,49.5414755705243,10.299548625359
2021-07-14,52266,21,43532,17,8734,4,47667,16,356315,269,403982,285,0,650,8,197,13,51419,2,1456,679,"Knox County",470313,64.212556318877,0.0975717439293598,60.5979422214568,4.46511153210734,41.8869986583403,9.75717439293598
2021-07-13,52245,42,43515,26,8730,16,47651,29,356046,355,403697,384,3,650,28,189,11,51406,3,1454,679,"Knox County",470313,56.558079406693,0.0889370932754881,81.6477537299628,8.93022306421468,40.1860037889661,8.89370932754881
2021-07-12,52203,27,43489,21,8714,6,47622,24,355691,270,403313,294,0,647,16,161,11,51395,1,1451,679,"Knox County",470313,52.0929678745856,0.0846536894522408,62.5115614495028,5.74085768413801,34.2325217461563,8.46536894522408
2021-07-11,52176,8,43468,3,8708,5,47598,4,355421,136,403019,140,0,647,1,145,7,51384,0,1450,678,"Knox County",470313,46.1394858317759,0.0781631656082071,29.7674102140489,1.70099486937423,30.8305320074078,7.81631656082071
2021-07-10,52168,20,43465,16,8703,4,47594,16,355285,191,402879,207,0,647,12,144,8,51377,2,1450,678,"Knox County",470313,44.6511153210734,0.0763170851797144,44.0132422450581,4.25248717343556,30.6179076487361,7.63170851797144
2021-07-09,52148,27,43449,21,8699,6,47578,21,355094,338,402672,359,0,647,12,132,15,51369,0,1448,678,"Knox County",470313,42.5248717343556,0.0741454020221473,76.3321447631684,5.74085768413801,28.0664153446747,7.41454020221473
2021-07-08,52121,19,43428,14,8693,5,47557,16,354756,317,402313,333,0,647,6,120,13,51354,0,1448,677,"Knox County",470313,34.8703948221716,0.0629370629370629,70.8039114377021,4.03986281476378,25.5149230406134,6.29370629370629
2021-07-07,52102,18,43414,5,8688,13,47541,5,354439,333,401980,338,1,647,8,114,9,51341,1,1448,675,"Knox County",470313,34.2325217461563,0.0559610705596107,71.867033231061,3.82723845609201,24.2391768885827,5.59610705596107
2021-07-06,52084,24,43409,9,8675,15,47536,14,354106,263,401642,277,0,646,14,106,10,51332,2,1447,675,"Knox County",470313,30.4052832900643,0.0513347022587269,58.8969473520825,5.10298460812268,22.5381820192085,5.13347022587269
2021-07-05,52060,10,43400,7,8660,3,47522,6,353843,105,401365,111,0,646,0,92,10,51322,1,1445,675,"Knox County",470313,26.790669192644,0.0464589235127479,23.6013038125674,2.12624358671778,19.5614409978036,4.64589235127479
2021-07-04,52050,8,43393,7,8657,1,47516,7,353738,143,401254,150,0,646,0,92,8,51312,1,1444,675,"Knox County",470313,26.790669192644,0.047887323943662,31.8936538007667,1.70099486937423,19.5614409978036,4.7887323943662
2021-07-03,52042,9,43386,7,8656,2,47509,7,353595,185,401104,192,0,646,-2,92,11,51304,1,1443,675,"Knox County",470313,24.4518012472545,0.0431818181818182,40.8238768649814,1.913619228046,19.5614409978036,4.31818181818182
2021-07-02,52033,17,43379,13,8654,4,47502,17,353410,342,400912,359,-1,646,11,94,7,51293,0,1442,675,"Knox County",470313,22.3255576605367,0.0409090909090909,76.3321447631684,3.61461409742023,19.9866897151471,4.09090909090909
2021-07-01,52016,18,43366,15,8650,3,47485,17,353068,248,400553,265,-1,647,13,83,6,51286,1,1442,675,"Knox County",470313,22.1129333018649,0.0431442080378251,56.3454550480212,3.82723845609201,17.6478217697576,4.31442080378251
2021-06-30,51998,18,43351,12,8647,6,47468,11,352820,299,400288,310,0,648,9,70,9,51280,0,1441,675,"Knox County",470313,22.1129333018649,0.0474759615384615,65.9135511882512,3.82723845609201,14.8837051070245,4.74759615384615
2021-06-29,51980,21,43339,16,8641,5,47457,19,352521,438,399978,457,0,648,8,61,13,51271,1,1441,675,"Knox County",470313,21.4750602258496,0.0455531453362256,97.1693319130026,4.46511153210734,12.9700858789785,4.55531453362256
2021-06-28,51959,9,43323,2,8636,7,47438,2,352083,113,399521,115,0,648,-4,53,13,51258,0,1440,675,"Knox County",470313,21.2624358671778,0.0432900432900433,24.4518012472545,1.913619228046,11.2690910096042,4.32900432900433
2021-06-27,51950,5,43321,3,8629,2,47436,3,351970,151,399406,154,0,648,0,57,5,51245,0,1440,675,"Knox County",470313,20.6245627911625,0.041036717062635,32.7441512354538,1.06312179335889,12.1195884442914,4.1036717062635
2021-06-26,51945,3,43318,2,8627,1,47433,2,351819,206,399252,208,0,648,0,57,3,51240,0,1440,675,"Knox County",470313,19.3488166391318,0.0380085653104925,44.2258666037299,0.637873076015334,12.1195884442914,3.80085653104925
2021-06-25,51942,13,43316,9,8626,4,47431,11,351613,311,399044,322,0,648,4,57,9,51237,0,1440,675,"Knox County",470313,18.4983192044447,0.0354997269251775,68.4650434923126,2.76411666273312,12.1195884442914,3.54997269251775
2021-06-24,51929,14,43307,9,8622,5,47420,10,351302,364,398722,374,1,648,8,53,5,51228,1,1440,675,"Knox County",470313,17.6478217697576,0.0298969072164948,79.521510143245,2.97674102140489,11.2690910096042,2.98969072164948
2021-06-23,51915,13,43298,6,8617,7,47410,8,350938,282,398348,290,0,647,6,45,7,51223,0,1439,674,"Knox County",470313,16.5846999763987,0.0286458333333333,61.6610640148157,2.76411666273312,9.56809614023002,2.86458333333333
2021-06-22,51902,14,43292,5,8610,9,47402,5,350656,247,398058,252,2,647,10,39,2,51216,1,1439,673,"Knox County",470313,15.0963294656962,0.0239067055393586,53.5813383852881,2.97674102140489,8.29234998819935,2.39067055393586
2021-06-21,51888,9,43287,8,8601,1,47397,9,350409,289,397806,298,0,645,5,29,4,51214,1,1438,672,"Knox County",470313,15.0963294656962,0.0252897787144362,63.3620588841899,1.913619228046,6.16610640148157,2.52897787144363
2021-06-20,51879,3,43279,2,8600,1,47388,3,350120,161,397508,164,1,645,-2,24,4,51210,0,1437,672,"Knox County",470313,14.6710807483527,0.0251572327044025,34.8703948221716,0.637873076015334,5.10298460812268,2.51572327044025
2021-06-19,51876,3,43277,1,8599,2,47385,1,349959,191,397344,192,0,644,-3,26,6,51206,0,1437,672,"Knox County",470313,14.6710807483527,0.0248414376321353,40.8238768649814,0.637873076015334,5.52823332546623,2.48414376321353
2021-06-18,51873,5,43276,3,8597,2,47384,3,349768,283,397152,286,1,644,-7,29,11,51200,0,1437,672,"Knox County",470313,12.9700858789785,0.0210129310344828,60.8105665801286,1.06312179335889,6.16610640148157,2.10129310344828
2021-06-17,51868,12,43273,8,8595,4,47381,9,349485,515,396866,524,0,643,6,36,6,51189,0,1437,672,"Knox County",470313,12.5448371616349,0.0189431704885344,111.415163944012,2.55149230406134,7.65447691218401,1.89431704885344
2021-06-16,51856,7,43265,4,8591,3,47372,4,348970,362,396342,366,1,643,-6,30,12,51183,0,1437,671,"Knox County",470313,11.2690910096042,0.0163304514889529,77.8205152738708,1.48837051070245,6.37873076015334,1.63304514889529
2021-06-15,51849,13,43261,9,8588,4,47368,14,348608,428,395976,442,0,642,-2,36,15,51171,0,1437,671,"Knox County",470313,11.0564666509325,0.0189260563380282,93.9799665329259,2.76411666273312,7.65447691218401,1.89260563380282
2021-06-14,51836,7,43252,2,8584,5,47354,3,348180,260,395534,263,1,642,-5,38,11,51156,0,1437,671,"Knox County",470313,10.6312179335889,0.0165400089405454,55.9202063306777,1.48837051070245,8.07972562952757,1.65400089405454
2021-06-13,51829,3,43250,3,8579,0,47351,4,347920,128,395271,132,0,641,-5,43,8,51145,1,1437,671,"Knox County",470313,10.6312179335889,0.0172335600907029,28.0664153446747,0.637873076015334,9.14284742288646,1.72335600907029
2021-06-12,51826,2,43247,1,8579,1,47347,1,347792,226,395139,227,0,641,-6,48,8,51137,0,1436,671,"Knox County",470313,10.4185935749171,0.0169642857142857,48.2657294184936,0.425248717343556,10.2059692162454,1.69642857142857
2021-06-11,51824,7,43246,3,8578,4,47346,2,347566,318,394912,320,0,641,-2,54,9,51129,0,1436,670,"Knox County",470313,10.8438422922607,0.0162708883025506,68.039794774969,1.48837051070245,11.481715368276,1.62708883025506
2021-06-10,51817,7,43243,4,8574,3,47344,5,347248,358,394592,363,0,641,-1,56,8,51120,0,1436,669,"Knox County",470313,9.7807204989018,0.0156176053005206,77.1826421978555,1.48837051070245,11.9069640856196,1.56176053005206
2021-06-09,51810,2,43239,1,8571,1,47339,1,346890,367,394229,368,1,641,-17,57,18,51112,0,1436,669,"Knox County",470313,8.7175987055429,0.0141843971631206,78.2457639912144,0.425248717343556,12.1195884442914,1.41843971631206
2021-06-08,51808,5,43238,3,8570,2,47338,4,346523,266,393861,270,1,640,-17,74,21,51094,0,1436,668,"Knox County",470313,7.01660383616868,0.0102933607822954,57.4085768413801,1.06312179335889,15.7342025417116,1.02933607822954
2021-06-07,51803,16,43235,10,8568,6,47334,10,346257,316,393591,326,0,639,-7,91,23,51073,2,1436,667,"Knox County",470313,8.93022306421468,0.0134596211365902,69.3155409269997,3.40198973874845,19.3488166391318,1.34596211365902
2021-06-06,51787,4,43225,2,8562,2,47324,2,345941,178,393265,180,0,639,-5,98,9,51050,0,1434,667,"Knox County",470313,9.14284742288646,0.0121713729308666,38.2723845609201,0.850497434687113,20.8371871498343,1.21713729308666
2021-06-05,51783,5,43223,2,8560,3,47322,3,345763,258,393085,261,0,639,-9,103,14,51041,0,1434,666,"Knox County",470313,9.7807204989018,0.0129310344827586,55.4949576133341,1.06312179335889,21.9003089431931,1.29310344827586
2021-06-04,51778,7,43221,2,8557,5,47319,3,345505,325,392824,328,1,639,-9,112,15,51027,0,1434,666,"Knox County",470313,9.7807204989018,0.0133587786259542,69.7407896443432,1.48837051070245,23.8139281712392,1.33587786259542
2021-06-03,51771,7,43219,4,8552,3,47316,6,345180,458,392496,464,0,638,-12,121,19,51012,0,1434,666,"Knox County",470313,9.7807204989018,0.0131998179335457,98.6577024237051,1.48837051070245,25.7275473992852,1.31998179335457
2021-06-02,51764,20,43215,7,8549,13,47310,6,344722,282,392032,288,0,638,5,133,15,50993,1,1434,666,"Knox County",470313,13.6079589549938,0.0160604629192253,61.2358152974721,4.25248717343556,28.2790397033465,1.60604629192253
2021-06-01,51744,12,43208,9,8536,3,47304,10,344440,291,391744,301,0,638,-10,128,22,50978,1,1433,666,"Knox County",470313,15.0963294656962,0.0186219739292365,63.9999319602052,2.55149230406134,27.2159179099876,1.86219739292365
2021-05-31,51732,17,43199,14,8533,3,47294,12,344149,354,391443,366,0,638,-1,138,18,50956,0,1432,666,"Knox County",470313,15.308953824368,0.0191956124314442,77.8205152738708,3.61461409742023,29.3421614967054,1.91956124314442
2021-05-30,51715,3,43185,1,8530,2,47282,1,343795,203,391077,204,0,638,-9,139,12,50938,0,1432,666,"Knox County",470313,15.0963294656962,0.0185352622061483,43.3753691690427,0.637873076015334,29.5547858553772,1.85352622061483
2021-05-29,51712,14,43184,8,8528,6,47281,6,343592,199,390873,205,0,638,-14,148,28,50926,1,1432,665,"Knox County",470313,17.0099486937423,0.0204081632653061,43.5879935277145,2.97674102140489,31.4684050834232,2.04081632653061
2021-05-28,51698,11,43176,6,8522,5,47275,10,343393,390,390668,400,0,638,-9,162,20,50898,1,1431,663,"Knox County",470313,17.8604461284294,0.0228904847396768,85.0497434687113,2.33886794538956,34.4451461048281,2.28904847396768
2021-05-27,51687,23,43170,8,8517,15,47265,9,343003,341,390268,350,0,638,-5,171,28,50878,1,1430,663,"Knox County",470313,21.2624358671778,0.0255439924314096,74.4185255351224,4.8903602494509,36.3587653328741,2.55439924314096
2021-05-26,51664,16,43162,8,8502,8,47256,11,342662,571,389918,582,0,638,-8,176,24,50850,0,1429,663,"Knox County",470313,20.4119384324907,0.0245016611295681,123.747376746975,3.40198973874845,37.421887126233,2.45016611295681
2021-05-25,51648,18,43154,8,8494,10,47245,7,342091,311,389336,318,0,638,-10,184,28,50826,1,1429,663,"Knox County",470313,21.6876845845214,0.0230927835051546,67.6145460576254,3.82723845609201,39.1228819956072,2.30927835051546
2021-05-24,51630,25,43146,21,8484,4,47238,24,341780,425,389018,449,0,638,-11,194,36,50798,1,1428,663,"Knox County",470313,23.3886794538956,0.0271132376395534,95.4683370436284,5.31560896679445,41.249125582325,2.71132376395534
2021-05-23,51605,16,43125,8,8480,8,47214,8,341355,225,388569,233,1,638,-5,205,20,50762,1,1427,662,"Knox County",470313,26.1527961166287,0.0295624753646039,49.5414755705243,3.40198973874845,43.5879935277145,2.95624753646039
2021-05-22,51589,8,43117,4,8472,4,47206,4,341130,269,388336,273,0,637,-6,210,14,50742,0,1426,661,"Knox County",470313,24.877049964598,0.0280230326295585,58.0464499173954,1.70099486937423,44.6511153210734,2.80230326295585
2021-05-21,51581,16,43113,12,8468,4,47202,14,340861,377,388063,391,0,637,-16,216,32,50728,1,1426,661,"Knox County",470313,25.9401717579569,0.0296610169491525,83.1361242406653,3.40198973874845,45.9268614731041,2.96610169491525
2021-05-20,51565,34,43101,26,8464,8,47188,27,340484,594,387672,621,0,637,6,232,28,50696,1,1425,660,"Knox County",470313,28.2790397033465,0.0331356818974538,132.039726735174,7.22922819484046,49.3288512118525,3.31356818974538
2021-05-19,51531,14,43075,6,8456,8,47161,6,339890,544,387051,550,0,637,-29,226,43,50668,1,1424,659,"Knox County",470313,27.8537909860029,0.0317460317460317,116.943397269478,2.97674102140489,48.0531050598219,3.17460317460317
2021-05-18,51517,24,43069,14,8448,10,47155,14,339346,444,386501,458,1,637,-21,255,44,50625,0,1423,659,"Knox County",470313,29.1295371380336,0.0326050420168067,97.3819562716744,5.10298460812268,54.2192114613034,3.26050420168067
2021-05-17,51493,15,43055,8,8438,7,47141,8,338902,420,386043,428,0,636,-18,276,33,50581,0,1423,658,"Knox County",470313,27.0032935513158,0.0274204468517265,91.0032255115211,3.18936538007667,58.6843229934108,2.74204468517265
2021-05-16,51478,22,43047,13,8431,9,47133,12,338482,272,385615,284,1,636,-10,294,31,50548,1,1423,658,"Knox County",470313,28.2790397033465,0.0282861896838602,60.385317862785,4.67773589077912,62.5115614495028,2.82861896838602
2021-05-15,51456,23,43034,13,8422,10,47121,17,338210,336,385331,353,0,635,-8,304,31,50517,2,1422,657,"Knox County",470313,31.4684050834232,0.0317666126418152,75.0563986111377,4.8903602494509,64.6378050362206,3.17666126418152
2021-05-14,51433,36,43021,25,8412,11,47104,26,337874,498,384978,524,0,635,4,312,32,50486,4,1420,656,"Knox County",470313,35.7208922568587,0.0341827221876942,111.415163944012,7.65447691218401,66.3387999055948,3.41827221876942
2021-05-13,51397,31,42996,17,8401,14,47078,17,337376,376,384454,393,0,635,-17,308,48,50454,0,1416,656,"Knox County",470313,35.0830191808434,0.0334448160535117,83.5613729580088,6.59135511882512,65.4883024709077,3.34448160535117
2021-05-12,51366,34,42979,28,8387,6,47061,26,337000,506,384061,532,0,635,-15,325,49,50406,0,1416,656,"Knox County",470313,39.335506354279,0.0403768506056528,113.116158813386,7.22922819484046,69.1029165683279,4.03768506056528
2021-05-11,51332,36,42951,30,8381,6,47035,31,336494,555,383529,586,0,635,-11,340,47,50357,4,1416,656,"Knox County",470313,41.8869986583403,0.0441935483870968,124.597874181662,7.65447691218401,72.2922819484046,4.41935483870968
2021-05-10,51296,21,42921,14,8375,7,47004,13,335939,277,382943,290,1,635,-26,351,46,50310,1,1412,656,"Knox County",470313,43.162744810371,0.0479405806887238,61.6610640148157,4.46511153210734,74.6311498937941,4.79405806887238
2021-05-09,51275,17,42907,14,8368,3,46991,17,335662,369,382653,386,0,634,-22,377,39,50264,1,1411,655,"Knox County",470313,42.0996230170121,0.047976501305483,82.0730024473064,3.61461409742023,80.1593832192604,4.7976501305483
2021-05-08,51258,20,42893,11,8365,9,46974,14,335293,307,382267,321,0,634,-18,399,38,50225,1,1410,655,"Knox County",470313,41.4617499409967,0.0474934036939314,68.2524191336408,4.25248717343556,84.8371191100395,4.74934036939314
2021-05-07,51238,43,42882,31,8356,12,46960,33,334986,576,381946,609,0,634,3,417,40,50187,0,1409,655,"Knox County",470313,42.9501204516992,0.0484440166827077,129.488234431113,9.14284742288646,88.6643575661315,4.84440166827077
2021-05-06,51195,40,42851,26,8344,14,46927,28,334410,340,381337,368,1,634,-8,414,47,50147,0,1409,655,"Knox County",470313,44.8637396797452,0.0523932729624838,78.2457639912144,8.50497434687113,88.0264844901162,5.23932729624838
2021-05-05,51155,51,42825,32,8330,19,46899,38,334070,585,380969,623,0,633,5,422,46,50100,4,1409,654,"Knox County",470313,48.4783537771654,0.0546654099905749,132.464975452518,10.8438422922607,89.7274793594904,5.46654099905749
2021-05-04,51104,50,42793,32,8311,18,46861,34,333485,536,380346,570,0,633,6,417,44,50054,0,1405,654,"Knox County",470313,51.4550947985703,0.0558888538048626,121.195884442914,10.6312179335889,88.6643575661315,5.58888538048626
2021-05-03,51054,24,42761,9,8293,15,46827,7,332949,309,379776,316,1,633,-37,411,60,50010,1,1405,654,"Knox County",470313,52.0929678745856,0.053554650798622,67.1892973402819,5.10298460812268,87.3886114141008,5.3554650798622
2021-05-02,51030,25,42752,18,8278,7,46820,20,332640,288,379460,308,0,632,-17,448,42,49950,2,1404,653,"Knox County",470313,53.7939627439599,0.0558587479935795,65.4883024709077,5.31560896679445,95.2557126849566,5.58587479935795
2021-05-01,51005,45,42734,35,8271,10,46800,38,332352,450,379152,488,0,632,7,465,38,49908,2,1402,653,"Knox County",470313,59.1095717107543,0.0603290676416819,103.760687031828,9.56809614023002,98.8703267823768,6.03290676416819
2021-04-30,50960,58,42699,30,8261,28,46762,29,331902,567,378664,596,0,632,-9,458,67,49870,3,1400,653,"Knox County",470313,62.298937090831,0.0593453655552157,126.72411776838,12.3322128029631,97.3819562716744,5.93453655552157
2021-04-29,50902,54,42669,34,8233,20,46733,35,331335,571,378068,606,0,632,-2,467,56,49803,2,1397,652,"Knox County",470313,65.2756781122359,0.0573139435414885,128.850361355098,11.481715368276,99.2955754997204,5.73139435414885
2021-04-28,50848,47,42635,28,8213,19,46698,34,330764,543,377462,577,4,632,-38,469,81,49747,1,1395,652,"Knox County",470313,64.4251806775488,0.0569199653279399,122.684254953616,9.99334485757357,99.7208242170639,5.69199653279399
2021-04-27,50801,39,42607,17,8194,22,46664,20,330221,392,376885,412,1,628,-33,507,71,49666,2,1394,650,"Knox County",470313,62.0863127321592,0.0554041780199818,87.6012357727726,8.29234998819935,107.800549846592,5.54041780199818
2021-04-26,50762,69,42590,36,8172,33,46644,40,329829,480,376473,520,1,627,2,540,66,49595,0,1392,649,"Knox County",470313,71.6544088723892,0.0615911035072712,110.564666509325,14.6710807483527,114.81715368276,6.15911035072712
2021-04-25,50693,38,42554,25,8139,13,46604,26,329349,341,375953,367,0,626,-4,538,42,49529,3,1392,647,"Knox County",470313,74.4185255351224,0.0622546270330903,78.0331396325426,8.07972562952757,114.391904965417,6.22546270330903
2021-04-24,50655,35,42529,22,8126,13,46578,28,329008,510,375586,538,0,626,-28,542,63,49487,3,1389,647,"Knox County",470313,72.2922819484046,0.0586283185840708,114.391904965417,7.44185255351224,115.242402400104,5.86283185840708
2021-04-23,50620,43,42507,31,8113,12,46550,36,328498,553,375048,589,0,626,-4,570,47,49424,2,1386,646,"Knox County",470313,69.1029165683279,0.0606816292601829,125.235747257677,9.14284742288646,121.195884442914,6.06816292601829
2021-04-22,50577,79,42476,62,8101,17,46514,65,327945,787,374459,852,1,626,15,574,63,49377,1,1384,645,"Knox County",470313,74.4185255351224,0.064591439688716,181.155953588355,16.7973243350705,122.046381877601,6.4591439688716
2021-04-21,50498,62,42414,34,8084,28,46449,35,327158,479,373607,514,1,625,-2,559,63,49314,1,1383,644,"Knox County",470313,77.607890915199,0.0659282700421941,109.288920357294,13.1827102376502,118.857016497524,6.59282700421941
2021-04-20,50436,38,42380,34,8056,4,46414,38,326679,474,373093,512,1,624,-32,561,69,49251,1,1382,643,"Knox County",470313,77.3952665565272,0.0688591983556012,108.86367163995,8.07972562952757,119.282265214868,6.88591983556012
2021-04-19,50398,65,42346,41,8052,24,46376,39,326205,336,372581,375,0,623,-3,593,68,49182,0,1381,642,"Knox County",470313,76.5447691218401,0.0712570056044836,79.7341345019168,13.8205833136656,126.086244692364,7.12570056044836
2021-04-18,50333,38,42305,27,8028,11,46337,32,325869,364,372206,396,0,623,-12,596,50,49114,1,1381,642,"Knox County",470313,76.5447691218401,0.0722987288135593,84.1992460340241,8.07972562952757,126.72411776838,7.22987288135593
2021-04-17,50295,37,42278,18,8017,19,46305,23,325505,335,371810,358,0,623,-23,608,60,49064,1,1380,641,"Knox County",470313,76.9700178391837,0.0745272525027809,76.1195204044966,7.86710127085579,129.275610072441,7.45272525027809
2021-04-16,50258,346,42260,330,7998,16,46282,369,325170,2088,371452,2457,1,623,279,631,66,49004,4,1379,641,"Knox County",470313,141.395198516732,0.109992679355783,522.418049256559,73.5680281004352,134.165970321892,10.9992679355783
2021-04-15,49912,86,41930,54,7982,32,45913,55,323082,577,368995,632,1,622,12,352,73,48938,0,1375,640,"Knox County",470313,142.883569027435,0.112700228832952,134.378594680564,18.2856948457729,74.8437742524659,11.2700228832952
2021-04-14,49826,85,41876,60,7950,25,45858,62,322505,684,368363,746,0,621,-2,340,87,48865,3,1375,639,"Knox County",470313,147.773929276886,0.112856099342586,158.617771569146,18.0730704871011,72.2922819484046,11.2856099342586
2021-04-13,49741,68,41816,38,7925,30,45796,43,321821,339,367617,382,-5,621,-8,342,81,48778,1,1372,639,"Knox County",470313,154.152660037039,0.116535727646839,81.2225050126193,14.4584563896809,72.7175306657481,11.6535727646839
2021-04-12,49673,63,41778,43,7895,20,45753,50,321482,360,367235,410,1,626,-24,350,86,48697,0,1371,639,"Knox County",470313,153.727411319696,0.11782196617729,87.175987055429,13.395334596322,74.4185255351224,11.782196617729
2021-04-11,49610,26,41735,14,7875,12,45703,14,321122,296,366825,310,2,625,-26,374,50,48611,0,1371,638,"Knox County",470313,151.175919015634,0.116336166194523,65.9135511882512,5.52823332546623,79.521510143245,11.6336166194523
2021-04-10,49584,50,41721,33,7863,17,45689,41,320826,571,366515,612,0,623,6,400,44,48561,1,1371,638,"Knox County",470313,153.940035678367,0.114254820688412,130.126107507128,10.6312179335889,85.0497434687113,11.4254820688412
2021-04-09,49534,82,41688,62,7846,20,45648,71,320255,620,365903,691,5,623,11,394,66,48517,2,1370,637,"Knox County",470313,97.8072049890179,0.0888183980967486,146.923431842199,17.4351974110858,83.7739973166806,8.88183980967486
2021-04-08,49452,49,41626,26,7826,23,45577,26,319635,465,365212,491,-6,618,-23,383,78,48451,0,1368,637,"Knox County",470313,89.9401037181622,0.0842943437671609,104.398560107843,10.4185935749171,81.435129371291,8.42943437671609
2021-04-07,49403,77,41600,54,7803,23,45551,57,319170,768,364721,825,2,624,9,406,66,48373,1,1368,636,"Knox County",470313,88.2391088487879,0.0811609782316582,175.415095904217,16.3720756177269,86.3254896207419,8.11609782316582
2021-04-06,49326,75,41546,41,7780,34,45494,45,318402,421,363896,466,2,622,-4,397,77,48307,0,1367,636,"Knox County",470313,89.7274793594904,0.0798948751642576,99.0829511410486,15.9468269003834,84.4118703926959,7.98948751642576
2021-04-05,49251,44,41505,32,7746,12,45449,35,317981,266,363430,301,0,620,-60,401,104,48230,3,1367,636,"Knox County",470313,85.6876165447266,0.0781926406926407,63.9999319602052,9.35547178155824,85.262367827383,7.81926406926407
2021-04-04,49207,49,41473,31,7734,18,45414,40,317715,341,363129,381,3,620,-27,461,73,48126,0,1364,634,"Knox County",470313,90.5779767941775,0.0836209185027874,81.0098806539475,10.4185935749171,98.0198293476897,8.36209185027874
2021-04-03,49158,81,41442,64,7716,17,45374,71,317374,593,362748,664,0,617,6,488,75,48053,0,1364,633,"Knox County",470313,97.1693319130026,0.0903377847604085,141.182574158061,17.222573052414,103.760687031828,9.03377847604085
2021-04-02,49077,75,41378,44,7699,31,45303,45,316781,529,362084,574,0,617,5,482,70,47978,2,1364,630,"Knox County",470313,95.6809614023002,0.0861696380334954,122.046381877601,15.9468269003834,102.484940879797,8.61696380334954
2021-04-01,49002,76,41334,64,7668,12,45258,67,316252,580,361510,647,1,617,-19,477,94,47908,1,1362,628,"Knox County",470313,101.421819086438,0.0933125972006221,137.56796006064,16.1594512590551,101.421819086438,9.33125972006221
2021-03-31,48926,87,41270,66,7656,21,45191,72,315672,765,360863,837,3,616,-16,496,100,47814,2,1361,628,"Knox County",470313,103.548062673156,0.0968992248062016,177.966588208278,18.4983192044447,105.461681901202,9.68992248062016
2021-03-30,48839,57,41204,33,7635,24,45119,38,314907,460,360026,498,1,613,-25,512,81,47714,2,1359,626,"Knox County",470313,99.7208242170639,0.0943106099436187,105.886930618546,12.1195884442914,108.86367163995,9.43106099436187
2021-03-29,48782,43,41171,21,7611,22,45081,22,314447,399,359528,421,5,612,-58,537,96,47633,0,1357,624,"Knox County",470313,99.5081998583922,0.0882645450024863,89.5148550008186,9.14284742288646,114.179280606745,8.82645450024863
2021-03-28,48739,80,41150,46,7589,34,45059,49,314048,484,359107,533,2,607,13,595,65,47537,5,1357,623,"Knox County",470313,106.099554977217,0.0872065165309056,113.328783172058,17.0099486937423,126.511493409708,8.72065165309056
2021-03-27,48659,42,41104,39,7555,3,45010,42,313564,442,358574,484,0,605,-16,582,58,47472,2,1352,622,"Knox County",470313,97.8072049890179,0.0838758137205809,102.910189597141,8.93022306421468,123.747376746975,8.38758137205809
2021-03-26,48617,79,41065,54,7552,25,44968,60,313122,416,358090,476,0,605,1,598,78,47414,2,1350,620,"Knox County",470313,98.6577024237051,0.0898357289527721,101.209194727766,16.7973243350705,127.149366485723,8.98357289527721
2021-03-25,48538,88,41011,64,7527,24,44908,67,312706,570,357614,637,0,605,6,597,82,47336,4,1348,618,"Knox County",470313,101.209194727766,0.0900669068450849,135.441716473923,18.7109435631165,126.936742127052,9.00669068450849
2021-03-24,48450,123,40947,91,7503,32,44841,95,312136,780,356977,875,1,605,39,591,83,47254,3,1344,617,"Knox County",470313,108.86367163995,0.0950560652395515,186.046313837806,26.1527961166287,125.660995975021,9.50560652395515
2021-03-23,48327,87,40856,57,7471,30,44746,63,311356,530,356102,593,1,604,17,552,69,47171,3,1341,616,"Knox County",470313,115.242402400104,0.0990296093555611,126.086244692364,18.4983192044447,117.368645986822,9.90296093555611
2021-03-22,48240,115,40799,78,7441,37,44683,81,310826,517,355509,598,2,603,30,535,83,47102,1,1338,615,"Knox County",470313,130.551356224472,0.108913250714967,127.149366485723,24.4518012472545,113.754031889401,10.8913250714967
2021-03-21,48125,50,40721,33,7404,17,44602,34,310309,330,354911,364,-1,601,5,505,46,47019,1,1337,615,"Knox County",470313,124.172625464318,0.109759125900174,77.3952665565272,10.6312179335889,107.375301129248,10.9759125900174
2021-03-20,48075,59,40688,29,7387,30,44568,33,309979,315,354547,348,0,602,3,500,56,46973,4,1336,614,"Knox County",470313,127.787239561739,0.111282446671807,73.9932768177788,12.5448371616349,106.312179335889,11.1282446671807
2021-03-19,48016,146,40659,102,7357,44,44535,117,309664,955,354199,1072,3,602,51,497,92,46917,3,1332,614,"Knox County",470313,142.033071592748,0.109204368174727,227.933312496146,31.0431563660796,105.674306259874,10.9204368174727
2021-03-18,47870,68,40557,50,7313,18,44418,66,308709,627,353127,693,2,599,-16,446,82,46825,1,1329,613,"Knox County",470313,137.780584419312,0.107638124587277,147.348680559542,14.4584563896809,94.8304639676131,10.7638124587277
2021-03-17,47802,46,40507,36,7295,10,44352,41,308082,498,352434,539,1,597,-40,462,85,46743,3,1328,613,"Knox County",470313,121.408508801585,0.103399096743523,114.604529324088,9.7807204989018,98.2324537063615,10.3399096743523
2021-03-16,47756,128,40471,84,7285,44,44311,100,307584,698,351895,798,0,596,47,502,81,46658,3,1325,611,"Knox County",470313,130.126107507128,0.106980961015413,169.674238220079,27.2159179099876,106.737428053233,10.6980961015413
2021-03-15,47628,44,40387,28,7241,16,44211,40,306886,290,351097,330,1,596,-65,455,108,46577,1,1322,610,"Knox County",470313,115.029778041432,0.104005791505792,70.1660383616868,9.35547178155824,96.7440831956591,10.4005791505792
2021-03-14,47584,60,40359,38,7225,22,44171,46,306596,405,350767,451,0,595,-13,520,73,46469,0,1321,609,"Knox County",470313,117.15602162815,0.104703379815646,95.893585760972,12.7574615203067,110.564666509325,10.4703379815646
2021-03-13,47524,71,40321,34,7203,37,44125,41,306191,623,350316,664,1,595,-11,533,81,46396,1,1321,609,"Knox County",470313,119.707513932211,0.0991862766659336,141.182574158061,15.0963294656962,113.328783172058,9.91862766659336
2021-03-12,47453,63,40287,60,7166,3,44084,67,305568,691,349652,758,0,594,-52,544,115,46315,1,1320,607,"Knox County",470313,102.059692162454,0.0947318686510749,161.169263873208,13.395334596322,115.667651117447,9.47318686510749
2021-03-11,47390,82,40227,55,7163,27,44017,66,304877,627,348894,693,2,594,-22,596,102,46200,0,1319,605,"Knox County",470313,105.036433183858,0.0947318686510749,147.348680559542,17.4351974110858,126.72411776838,9.47318686510749
2021-03-10,47308,95,40172,72,7136,23,43951,82,304250,1001,348201,1083,2,592,26,618,67,46098,0,1319,604,"Knox County",470313,115.455026758776,0.0925266903914591,230.272180441536,20.1993140738189,131.401853659159,9.25266903914591
2021-03-09,47213,80,40100,50,7113,30,43869,55,303249,597,347118,652,0,590,-5,592,85,46031,2,1319,604,"Knox County",470313,105.24905754253,0.085726624919024,138.631081853999,17.0099486937423,125.873620333693,8.5726624919024
2021-03-08,47133,85,40050,57,7083,28,43814,63,302652,411,346466,474,1,590,-30,597,114,45946,0,1317,599,"Knox County",470313,113.966656248073,0.0879581151832461,100.783946010423,18.0730704871011,126.936742127052,8.79581151832461
2021-03-07,47048,64,39993,40,7055,24,43751,42,302241,327,345992,369,0,589,-5,627,69,45832,0,1317,597,"Knox County",470313,114.81715368276,0.0886426592797784,78.4583883498861,13.6079589549938,133.315472887205,8.86426592797784
2021-03-06,46984,125,39953,87,7031,38,43709,95,301914,848,345623,943,0,589,40,632,85,45763,1,1317,597,"Knox County",470313,126.298869051036,0.0945293644408689,200.504770227487,26.5780448339723,134.378594680564,9.45293644408689
2021-03-05,46859,70,39866,44,6993,26,43614,49,301066,520,344680,569,2,589,-19,592,87,45678,2,1316,597,"Knox County",470313,127.787239561739,0.0945013589797198,120.983260084242,14.8837051070245,125.873620333693,9.45013589797198
2021-03-04,46789,113,39822,86,6967,27,43565,100,300546,1094,344111,1194,5,587,0,611,108,45591,2,1314,595,"Knox County",470313,134.378594680564,0.0919757759273278,253.873484254103,24.0265525299109,129.913483148456,9.19757759273278
2021-03-03,46676,74,39736,33,6940,41,43465,40,299452,497,342917,537,1,582,-49,611,122,45483,4,1312,593,"Knox County",470313,129.913483148456,0.0937104263402279,114.179280606745,15.7342025417116,129.913483148456,9.37104263402279
2021-03-02,46602,133,39703,91,6899,42,43425,99,298955,807,342380,906,-1,581,9,660,125,45361,2,1308,592,"Knox County",470313,141.182574158061,0.0977564102564103,192.637668956631,28.2790397033465,140.332076723374,9.77564102564103
2021-03-01,46469,59,39612,33,6857,26,43326,35,298148,165,341474,200,1,582,-58,651,116,45236,1,1306,587,"Knox County",470313,135.654340832594,0.0974989402289105,42.5248717343556,12.5448371616349,138.418457495328,9.74989402289106
2021-02-28,46410,77,39579,53,6831,24,43291,63,297983,563,341274,626,2,581,-18,709,93,45120,2,1305,587,"Knox County",470313,138.418457495328,0.0966834170854271,133.102848528533,16.3720756177269,150.750670298291,9.66834170854271
2021-02-27,46333,82,39526,47,6807,35,43228,58,297420,670,340648,728,1,579,-33,727,114,45027,3,1303,586,"Knox County",470313,129.275610072441,0.0932773109243697,154.790533113054,17.4351974110858,154.577908754383,9.32773109243698
2021-02-26,46251,107,39479,70,6772,37,43170,80,296750,506,339920,586,5,578,-15,760,117,44913,1,1300,585,"Knox County",470313,137.142711343297,0.0994347917102784,124.597874181662,22.7508063778803,161.594512590551,9.94347917102784
2021-02-25,46144,131,39409,92,6735,39,43090,97,296244,1029,339334,1126,2,573,-7,775,136,44796,5,1299,585,"Knox County",470313,140.969949799389,0.100233595243151,239.415027864422,27.8537909860029,164.783877970628,10.0233595243151
2021-02-24,46013,102,39317,72,6696,30,42993,80,295215,969,338208,1049,2,571,-30,782,130,44660,2,1294,584,"Knox County",470313,146.923431842199,0.0980655046925876,223.042952246695,21.6876845845214,166.272248481331,9.80655046925876
2021-02-23,45911,122,39245,68,6666,54,42913,75,294246,758,337159,833,5,569,-33,812,150,44530,6,1292,583,"Knox County",470313,144.584563896809,0.0947940947940948,177.116090773591,25.9401717579569,172.650979241484,9.47940947940948
2021-02-22,45789,62,39177,33,6612,29,42838,38,293488,306,336326,344,3,564,-111,845,170,44380,3,1286,581,"Knox County",470313,145.222436972824,0.0927815570672714,73.1427793830917,13.1827102376502,179.667583077653,9.27815570672714
2021-02-21,45727,82,39144,41,6583,41,42800,45,293182,499,335982,544,2,561,-31,956,111,44210,3,1283,579,"Knox County",470313,146.285558766183,0.0907869481765835,115.667651117447,17.4351974110858,203.26888689022,9.07869481765835
2021-02-20,45645,137,39103,98,6542,39,42755,115,292683,1007,335438,1122,1,559,8,987,128,44099,2,1280,576,"Knox County",470313,157.979898493131,0.0945753033547466,238.564530429735,29.1295371380336,209.860242009045,9.45753033547466
2021-02-19,45508,95,39005,43,6503,52,42640,48,291676,274,334316,322,1,558,-83,979,177,43971,2,1278,575,"Knox County",470313,155.42840618907,0.0932584269662921,68.4650434923126,20.1993140738189,208.159247139671,9.32584269662921
2021-02-18,45413,155,38962,111,6451,44,42592,119,291402,987,333994,1106,4,557,-37,1062,188,43794,6,1276,573,"Knox County",470313,160.531390797193,0.0977443609022556,235.162540690987,32.9567755941256,225.807068909428,9.77443609022556
2021-02-17,45258,114,38851,68,6407,46,42473,76,290415,892,332888,968,1,553,-50,1099,163,43606,4,1270,567,"Knox County",470313,163.082883101254,0.098492078640962,205.820379194281,24.2391768885827,233.674170180284,9.8492078640962
2021-02-16,45144,146,38783,90,6361,56,42397,101,289523,818,331920,919,2,552,-41,1149,185,43443,4,1266,564,"Knox County",470313,168.185867709377,0.101784037558685,195.401785619364,31.0431563660796,244.305388113873,10.1784037558685
2021-02-15,44998,76,38693,36,6305,40,42296,44,288705,312,331001,356,2,550,-140,1190,214,43258,1,1262,564,"Knox County",470313,171.162608730781,0.102679407907064,75.694271687153,16.1594512590551,253.022986819416,10.2679407907064
2021-02-14,44922,164,38657,134,6265,30,42252,134,288393,706,330645,840,2,548,21,1330,141,43044,5,1261,563,"Knox County",470313,188.597806141867,0.113083614415054,178.604461284294,34.8703948221716,282.790397033465,11.3083614415054
2021-02-13,44758,134,38523,90,6235,44,42118,105,287687,870,329805,975,4,546,-10,1309,140,42903,6,1256,562,"Knox County",470313,187.959933065852,0.114290922347794,207.308749704984,28.4916640620183,278.325285501358,11.4290922347794
2021-02-12,44624,179,38433,114,6191,65,42013,124,286817,995,328830,1119,3,542,12,1319,164,42763,3,1250,558,"Knox County",470313,205.820379194281,0.111889224892567,237.92665735372,38.0597602022483,280.451529088075,11.1889224892567
2021-02-11,44445,163,38319,113,6126,50,41889,118,285822,1133,327711,1251,5,539,-33,1307,191,42599,5,1247,557,"Knox County",470313,207.521374063655,0.109209707529558,265.993072698394,34.6577704634998,277.900036784014,10.9209707529558
2021-02-10,44282,148,38206,106,6076,42,41771,112,284689,1032,326460,1144,7,534,-48,1340,189,42408,6,1242,555,"Knox County",470313,214.750602258496,0.111750454270139,243.242266320514,31.4684050834232,284.916640620183,11.1750454270139
2021-02-09,44134,209,38100,154,6034,55,41659,165,283657,1022,325316,1187,0,527,12,1388,197,42219,6,1236,553,"Knox County",470313,228.145936854818,0.116705471478463,252.385113743401,44.4384909624016,295.122609836428,11.6705471478463
2021-02-08,43925,106,37946,71,5979,35,41494,76,282635,371,324129,447,4,527,-159,1376,261,42022,2,1230,548,"Knox County",470313,234.524667614971,0.119775958638518,95.0430883262848,22.5381820192085,292.571117532367,11.9775958638518
2021-02-07,43819,109,37875,76,5944,33,41418,83,282264,716,323682,799,1,523,-27,1535,135,41761,2,1228,545,"Knox County",470313,222.830327888024,0.1131175960705,169.886862578751,23.1760550952238,326.37839056118,11.31175960705
2021-02-06,43710,304,37799,176,5911,128,41335,197,281548,1396,322883,1593,2,522,136,1562,166,41626,6,1226,544,"Knox County",470313,258.976468862226,0.11604774535809,338.710603364143,64.6378050362206,332.119248245317,11.604774535809
2021-02-05,43406,176,37623,130,5783,46,41138,143,280152,727,321290,870,8,520,-6,1426,174,41460,4,1220,540,"Knox County",470313,258.33859578621,0.122616924975998,184.983192044447,37.421887126233,303.202335465956,12.2616924975998
2021-02-04,43230,200,37493,149,5737,51,40995,161,279425,1581,320420,1742,2,512,0,1432,198,41286,7,1216,537,"Knox County",470313,266.205697057066,0.120406065278849,370.391632806238,42.5248717343556,304.478081617986,12.0406065278849
2021-02-03,43030,230,37344,165,5686,65,40834,172,277844,1634,318678,1806,5,510,-9,1432,234,41088,7,1209,529,"Knox County",470313,283.640894468152,0.118072003789673,383.999591761231,48.903602494509,304.478081617986,11.8072003789673
2021-02-02,42800,91,37179,70,5621,21,40662,77,276210,291,316872,368,7,505,-159,1441,243,40854,1,1202,529,"Knox County",470313,258.551220144882,0.119213114754098,78.2457639912144,19.3488166391318,306.391700846032,11.9213114754098
2021-02-01,42709,153,37109,82,5600,71,40585,97,275919,425,316504,522,4,498,-126,1600,275,40611,2,1201,527,"Knox County",470313,268.544565002456,0.120779220779221,110.989915226668,32.5315268767821,340.198973874845,12.0779220779221
2021-01-31,42556,174,37027,120,5529,54,40488,129,275494,939,315982,1068,7,494,13,1726,154,40336,4,1199,524,"Knox County",470313,282.365148316121,0.122474589032501,227.082815061459,36.9966384088894,366.989643067489,12.2474589032501
2021-01-30,42382,277,36907,233,5475,44,40359,249,274555,1518,314914,1767,7,487,92,1713,178,40182,9,1195,522,"Knox County",470313,276.624290631983,0.12624339923861,375.707241773032,58.8969473520825,364.225526404756,12.624339923861
2021-01-29,42105,101,36674,52,5431,49,40110,62,273037,376,313147,438,4,480,-139,1621,236,40004,1,1186,516,"Knox County",470313,260.6774637316,0.122811567890027,93.1294690982388,21.4750602258496,344.664085406952,12.2811567890027
2021-01-28,42004,158,36622,117,5382,41,40048,129,272661,656,312709,785,9,476,-74,1760,223,39768,6,1185,511,"Knox County",470313,251.747240667385,0.135475273911756,166.910121557346,33.5946486701409,374.21887126233,13.5475273911756
2021-01-27,41846,168,36505,123,5341,45,39919,125,272005,893,311924,1018,12,467,-73,1834,229,39545,2,1179,507,"Knox County",470313,238.564530429735,0.145491116325846,216.45159712787,35.7208922568587,389.953073804041,14.5491116325846
2021-01-26,41678,234,36382,173,5296,61,39794,193,271112,1041,310906,1234,3,455,-28,1907,259,39316,7,1177,503,"Knox County",470313,268.969813719799,0.144028103044496,262.378458600974,49.7540999291961,405.474651987081,14.4028103044496
2021-01-25,41444,157,36209,105,5235,52,39601,115,270071,415,309672,530,9,452,-200,1935,348,39057,1,1170,496,"Knox County",470313,269.820311154486,0.146491228070175,112.690910096042,33.3820243114692,411.428134029891,14.6491228070175
2021-01-24,41287,156,36104,103,5183,53,39486,111,269656,791,309142,902,4,443,-101,2135,253,38709,2,1169,492,"Knox County",470313,265.993072698394,0.14743781839976,191.787171521944,33.1693999527974,453.953005764246,14.743781839976
2021-01-23,41131,309,36001,222,5130,87,39375,231,268865,1492,308240,1723,7,439,62,2236,240,38456,7,1167,487,"Knox County",470313,272.797052175891,0.145701357466063,366.351769991474,65.7009268295794,475.428065990096,14.5701357466063
2021-01-22,40822,178,35779,142,5043,36,39144,176,267373,1173,306517,1349,3,432,-151,2174,326,38216,8,1160,483,"Knox County",470313,289.169127793618,0.14321707996287,286.830259848229,37.8471358435765,462.245355752446,14.321707996287
2021-01-21,40644,267,35637,194,5007,73,38968,203,266200,1080,305168,1283,11,429,-127,2325,383,37890,6,1152,475,"Knox County",470313,312.345182888842,0.143550192810051,272.797052175891,56.7707037653648,494.351633911884,14.3550192810051
2021-01-20,40377,193,35443,132,4934,61,38765,130,265120,736,303885,866,10,418,-155,2452,338,37507,8,1146,469,"Knox County",470313,317.660791855637,0.146950678331431,184.13269460976,41.0365012236532,521.3549274632,14.6950678331431
2021-01-19,40184,311,35311,196,4873,115,38635,219,264384,957,303019,1176,8,408,-84,2607,387,37169,14,1138,459,"Knox County",470313,334.032867473363,0.151360326989398,250.046245798011,66.126175546923,554.311703057326,15.1360326989398
2021-01-18,39873,128,35115,79,4758,49,38416,87,263427,472,301843,559,7,400,-369,2691,490,36782,4,1124,456,"Knox County",470313,327.866761071882,0.147238483074574,118.857016497524,27.2159179099876,572.172149185755,14.7238483074574
2021-01-17,39745,181,35036,138,4709,43,38329,151,262955,690,301284,841,3,393,-210,3060,388,36292,8,1120,447,"Knox County",470313,333.182370038676,0.153520584840323,178.817085642965,38.4850089195918,650.630537535641,15.3520584840323
2021-01-16,39564,420,34898,340,4666,80,38178,389,262265,1757,300443,2146,1,390,1,3270,418,35904,7,1112,441,"Knox County",470313,356.783673851244,0.164841849148418,456.291873709636,89.3022306421468,695.281652856715,16.4841849148418
2021-01-15,39144,187,34558,149,4586,38,37789,153,260508,755,298297,908,0,389,-99,3269,286,35486,4,1105,433,"Knox County",470313,358.69729307929,0.171230235248747,193.062917673975,39.7607550716225,695.069028498043,17.1230235248747
2021-01-14,38957,337,34409,266,4548,71,37636,290,259753,1479,297389,1769,6,389,-92,3368,423,35200,8,1101,423,"Knox County",470313,373.580998186314,0.171687840290381,376.132490490376,71.6544088723892,716.118840006549,17.1687840290381
2021-01-13,38620,248,34143,200,4477,48,37346,206,258274,946,295620,1152,12,383,-250,3460,486,34777,6,1093,416,"Knox County",470313,385.275337913262,0.174833352824231,244.943261189888,52.730840950601,735.680281004352,17.4833352824231
2021-01-12,38372,332,33943,261,4429,71,37140,283,257328,1181,294468,1464,10,371,-175,3710,497,34291,6,1087,414,"Knox County",470313,389.740449445369,0.176377418259984,311.282061095483,70.5912870790304,788.836370672297,17.6377418259984
2021-01-11,38040,244,33682,197,4358,47,36857,228,256147,726,293004,954,4,361,-395,3885,635,33794,5,1081,409,"Knox County",470313,414.404875051296,0.184102230885857,202.843638172876,51.8803435159139,826.045633439858,18.4102230885857
2021-01-10,37796,328,33485,205,4311,123,36629,222,255421,1013,292050,1235,5,357,-4,4280,327,33159,17,1076,403,"Knox County",470313,445.660655776047,0.183942667220607,262.591082959646,69.7407896443432,910.032255115211,18.3942667220607
2021-01-09,37468,474,33280,392,4188,82,36407,426,254408,1384,290815,1810,5,352,100,4284,369,32832,11,1059,397,"Knox County",470313,457.142371144323,0.194575979337064,384.850089195918,100.783946010423,910.882752549898,19.4575979337064
2021-01-08,36994,459,32888,371,4106,88,35981,392,253024,1432,289005,1824,7,347,267,4184,185,32463,6,1048,395,"Knox County",470313,514.976196703047,0.200528996865204,387.826830217323,97.5945806303462,889.62031668272,20.0528996865204
2021-01-07,36535,388,32517,345,4018,43,35589,353,251592,1309,287181,1662,10,340,72,3917,306,32278,10,1042,387,"Knox County",470313,525.820038995307,0.208890208890209,353.381684112495,82.4982511646499,832.849612917355,20.8890208890209
2021-01-06,36147,496,32172,363,3975,133,35236,378,250283,1187,285519,1565,9,330,59,3845,428,31972,15,1032,384,"Knox County",470313,578.550879945908,0.217043941411451,332.757121321333,105.461681901202,817.540659092987,21.7043941411451
2021-01-05,35651,520,31809,328,3842,192,34858,345,249096,1193,283954,1538,14,321,32,3786,474,31544,14,1017,375,"Knox County",470313,618.524259376203,0.221382697393275,327.016263637195,110.564666509325,804.995821931352,22.1382697393275
2021-01-04,35131,322,31481,228,3650,94,34513,249,247903,654,282416,903,6,307,-222,3754,538,31070,6,1003,369,"Knox County",470313,635.108959352601,0.224447186106102,191.999795880616,68.4650434923126,798.191842453855,22.4447186106102
2021-01-03,34809,285,31253,182,3556,103,34264,195,247249,608,281513,803,2,301,-15,3976,298,30532,10,997,361,"Knox County",470313,625.966111929715,0.231370608609599,170.737360013438,60.5979422214568,845.39445007899,23.1370608609599
2021-01-02,34524,422,31071,319,3453,103,34069,345,246641,1095,280710,1440,0,299,105,3991,317,30234,22,987,352,"Knox County",470313,614.909645278782,0.231843862352337,306.179076487361,89.7274793594904,848.583815459067,23.1843862352337
2021-01-01,34102,419,30752,349,3350,70,33724,374,245546,1297,279270,1671,2,299,2,3886,415,29917,8,965,348,"Knox County",470313,606.404670931911,0.233667292840743,355.295303340541,89.089606283475,826.25825779853,23.3667292840743
2020-12-31,33683,449,30403,312,3280,137,33350,322,244249,929,277599,1251,12,297,2,3884,435,29502,8,957,342,"Knox County",470313,619.37475681089,0.240758913967942,265.993072698394,95.4683370436284,825.833009081186,24.0758913967942
2020-12-30,33234,363,30091,248,3143,115,33028,271,243320,931,276348,1202,6,285,-147,3882,504,29067,9,949,339,"Knox County",470313,591.095717107543,0.238533151680291,255.574479123477,77.1826421978555,825.407760363843,23.8533151680291
2020-12-29,32871,590,29843,398,3028,192,32757,420,242389,1081,275146,1501,7,279,111,4029,472,28563,14,940,335,"Knox County",470313,605.979422214568,0.248090297571543,319.149162366339,125.448371616349,856.663541088594,24.8090297571543
2020-12-28,32281,252,29445,174,2836,78,32337,185,241308,565,273645,750,4,272,-330,3918,578,28091,4,926,327,"Knox County",470313,591.095717107543,0.245068461359944,159.468269003834,53.5813383852881,833.062237276027,24.5068461359944
2020-12-27,32029,230,29271,156,2758,74,32152,172,240743,489,272895,661,3,268,-74,4248,301,27513,8,922,322,"Knox County",470313,579.401377380595,0.246460594620104,140.544701082045,48.903602494509,903.228275637714,24.6460594620104
2020-12-26,31799,358,29115,288,2684,70,31980,328,240254,1064,272234,1392,0,265,58,4322,300,27212,10,914,315,"Knox County",470313,565.793418425602,0.245847176079734,295.973107271115,76.1195204044966,918.962478179425,24.5847176079734
2020-12-25,31441,353,28827,287,2614,66,31652,308,239190,1070,270842,1378,1,265,-106,4264,458,26912,5,904,309,"Knox County",470313,551.760210753264,0.246588813767671,292.99636624971,75.0563986111377,906.630265376462,24.6588813767671
2020-12-24,31088,351,28540,277,2548,74,31344,311,238120,1273,269464,1584,5,264,-105,4370,451,26454,8,899,302,"Knox County",470313,530.92302360343,0.235592820028342,336.796984136097,74.6311498937941,929.168447395671,23.5592820028342
2020-12-23,30737,472,28263,351,2474,121,31033,371,236847,1411,267880,1782,6,259,-15,4475,481,26003,9,891,295,"Knox County",470313,554.099078698654,0.231542882404951,378.896607153109,100.358697293079,951.494005056207,23.1542882404951
2020-12-22,30265,530,27912,392,2353,138,30662,432,235436,1470,266098,1902,7,253,-26,4490,549,25522,15,882,289,"Knox County",470313,541.341617178347,0.222986559424278,404.411530193722,112.690910096042,954.683370436284,22.2986559424278
2020-12-21,29735,442,27520,361,2215,81,30230,391,233966,1422,264196,1813,2,246,-136,4516,576,24973,5,867,283,"Knox County",470313,581.740245325985,0.220034246575342,385.487962271934,93.9799665329259,960.21160376175,22.0034246575342
2020-12-20,29293,514,27159,431,2134,83,29839,478,232544,2245,262383,2723,2,244,235,4652,277,24397,7,862,280,"Knox County",470313,642.12556318877,0.20828694130746,578.976128663252,109.288920357294,989.128516541112,20.828694130746
2020-12-19,28779,525,26728,441,2051,84,29361,489,230299,1445,259660,1934,6,242,252,4417,267,24120,14,855,274,"Knox County",470313,677.633831086957,0.211954864287893,411.215509671219,111.627788302684,939.161792253244,21.1954864287893
2020-12-18,28254,480,26287,420,1967,60,28872,430,228854,1358,257726,1788,4,236,98,4165,378,23853,11,841,267,"Knox County",470313,704.637124638273,0.214549756025432,380.172353305139,102.059692162454,885.580453867956,21.4549756025433
2020-12-17,27774,733,25867,635,1907,98,28442,663,227496,1898,255938,2561,11,232,288,4067,434,23475,11,830,261,"Knox County",470313,785.859629650892,0.224367372267807,544.530982558424,155.853654906413,864.743266718122,22.4367372267807
2020-12-16,27041,564,25232,453,1809,111,27779,472,225598,1729,253377,2201,8,221,99,3779,457,23041,11,819,257,"Knox County",470313,805.421070648696,0.224835812893714,467.986213436584,119.920138290883,803.50745142065,22.4835812893714
2020-12-15,26477,765,24779,675,1698,90,27307,716,223869,2415,251176,3131,2,213,325,3680,438,22584,15,808,253,"Knox County",470313,855.387794936564,0.225311126246053,665.726867001337,162.65763438391,782.457639912144,22.5311126246053
2020-12-14,25712,472,24104,411,1608,61,26591,461,221454,1624,248045,2085,6,211,-11,3355,477,22146,7,793,245,"Knox County",470313,861.766525696717,0.225841807221579,443.321787830657,100.358697293079,713.354723343816,22.5841807221579
2020-12-13,25240,628,23693,572,1547,56,26130,754,219830,2935,245960,3689,2,205,400,3366,226,21669,10,786,237,"Knox County",470313,886.0057025853,0.229167864742078,784.37125914019,133.528097245877,715.693591289205,22.9167864742078
2020-12-12,24612,464,23121,392,1491,72,25376,454,216895,2171,242271,2625,3,203,182,2966,279,21443,19,776,231,"Knox County",470313,873.035616706321,0.218473451327434,558.138941513418,98.6577024237051,630.643847820494,21.8473451327434
2020-12-11,24148,557,22729,523,1419,34,24922,429,214724,1407,239646,1836,6,200,283,2784,268,21164,10,757,227,"Knox County",470313,889.407692324048,0.217839805825243,390.378322521385,118.43176778018,591.94621454223,21.7839805825243
2020-12-10,23591,473,22206,415,1385,58,24493,538,213317,1910,237810,2448,8,194,325,2501,140,20896,9,747,225,"Knox County",470313,834.125359069386,0.212267554815432,520.504430028513,100.571321651751,531.773521038117,21.2267554815432
2020-12-09,23118,407,21791,337,1327,70,23955,359,211407,924,235362,1283,2,186,78,2176,327,20756,13,738,215,"Knox County",470313,800.743334757917,0.217055623793648,272.797052175891,86.5381139794137,462.670604469789,21.7055623793648
2020-12-08,22711,491,21454,446,1257,45,23596,538,210483,2077,234079,2615,9,184,126,2098,356,20429,10,725,212,"Knox County",470313,742.484260481849,0.213075206561727,556.0126979267,104.398560107843,446.085904493391,21.3075206561727
2020-12-07,22220,323,21008,271,1212,52,23058,317,208406,1135,231464,1452,3,175,-128,1972,448,20073,6,715,210,"Knox County",470313,710.803231039754,0.212503135189365,308.730568791422,68.6776678509843,419.295235300747,21.2503135189365
2020-12-06,21897,332,20737,291,1160,41,22741,187,207271,668,230012,855,6,172,103,2100,223,19625,6,709,207,"Knox County",470313,647.866420872908,0.215189873417722,181.79382666437,70.5912870790304,446.511153210734,21.5189873417722
2020-12-05,21565,289,20446,263,1119,26,22554,213,206603,714,229157,927,2,166,55,1997,232,19402,8,703,203,"Knox County",470313,610.657158105347,0.226086194814296,197.102780488738,61.4484396561439,424.610844267541,22.6086194814296
2020-12-04,21276,354,20183,322,1093,32,22341,297,205889,1091,228230,1388,5,164,17,1942,332,19170,11,695,201,"Knox County",470313,567.494413294976,0.223285922684172,295.122609836428,75.2690229698095,412.916504540593,22.3285922684172
2020-12-03,20922,441,19861,424,1061,17,22044,448,204798,1215,226842,1663,2,159,180,1925,259,18838,10,684,196,"Knox County",470313,560.690433817479,0.231660610821958,353.594308471167,93.7673421742542,409.301890443173,23.1660610821958
2020-12-02,20481,192,19437,170,1044,22,21596,185,203583,575,225179,760,2,157,-144,1745,334,18579,7,674,194,"Knox County",470313,514.976196703047,0.226190476190476,161.594512590551,40.8238768649814,371.029505882253,22.6190476190476
2020-12-01,20289,403,19267,380,1022,23,21411,409,203008,1832,224419,2241,5,155,88,1889,310,18245,7,667,189,"Knox County",470313,496.26525313993,0.221408572043937,476.491187783455,85.6876165447266,401.647413530989,22.1408572043937
2020-11-30,19886,385,18887,371,999,14,21002,436,201176,1815,222178,2251,1,150,25,1801,359,17935,3,660,186,"Knox County",470313,509.44796337758,0.215666831928607,478.617431370173,81.8603780886346,382.936469967872,21.5666831928607
2020-11-29,19501,226,18516,218,985,8,20566,261,199361,1465,219927,1726,0,149,41,1776,185,17576,5,657,183,"Knox County",470313,486.909781358372,0.205275648046732,366.989643067489,48.0531050598219,377.620861001078,20.5275648046732
2020-11-28,19275,271,18298,257,977,14,20305,299,197896,1967,218201,2266,0,149,72,1735,199,17391,8,652,177,"Knox County",470313,483.08254290228,0.189914599430663,481.806796750249,57.6212012000519,368.903262295535,18.9914599430663
2020-11-27,19004,235,18041,215,963,20,20006,249,195929,1247,215935,1496,3,149,-6,1663,238,17192,12,644,173,"Knox County",470313,457.780244220338,0.184390873175845,318.08604057298,49.9667242878679,353.594308471167,18.4390873175845
2020-11-26,18769,344,17826,341,943,3,19757,441,194682,1429,214439,1870,4,146,48,1669,292,16954,5,632,170,"Knox County",470313,437.155681429176,0.18080888183981,397.607550716225,73.1427793830917,354.870054623198,18.080888183981
2020-11-25,18425,219,17485,193,940,26,19316,123,193253,325,212569,448,0,142,-58,1621,277,16662,3,627,164,"Knox County",470313,442.896539113314,0.180354529191738,95.2557126849566,46.5647345491194,344.664085406952,18.0354529191738
2020-11-24,18206,153,17292,130,914,23,19193,116,192928,673,212121,789,2,142,-111,1679,262,16385,6,624,162,"Knox County",470313,389.740449445369,0.177484787018256,167.760618992033,32.5315268767821,356.996298209916,17.7484787018256
2020-11-23,18053,167,17162,147,891,20,19077,100,192255,391,211332,491,3,140,-97,1790,261,16123,7,618,160,"Knox County",470313,343.388339254922,0.174884437596302,104.398560107843,35.508267898187,380.597602022483,17.4884437596302
2020-11-22,17886,220,17015,212,871,8,18977,258,191864,1804,210841,2062,2,137,86,1887,132,15862,5,611,153,"Knox County",470313,342.112593102891,0.168329441732116,438.431427581207,46.7773589077912,401.222164813645,16.8329441732116
2020-11-21,17666,173,16803,169,863,4,18719,198,190060,1465,208779,1663,0,135,2,1801,171,15730,4,606,151,"Knox County",470313,321.275405953057,0.168386438371697,353.594308471167,36.7840140502176,382.936469967872,16.8386438371697
2020-11-20,17493,178,16634,169,859,9,18521,163,188595,791,207116,954,7,135,-17,1799,188,15559,5,602,149,"Knox County",470313,309.155817508765,0.169022592726833,202.843638172876,37.8471358435765,382.511221250529,16.9022592726833
2020-11-19,17315,166,16465,148,850,18,18358,128,187804,663,206162,791,2,128,-29,1816,193,15371,4,597,145,"Knox County",470313,271.308681665189,0.15087524312309,168.185867709377,35.2956435395152,386.125835347949,15.087524312309
2020-11-18,17149,168,16317,163,832,5,18230,179,187141,874,205371,1053,0,126,-9,1845,177,15178,7,593,140,"Knox County",470313,260.464839372928,0.146353966423171,223.893449681382,35.7208922568587,392.291941749431,14.6353966423171
2020-11-17,16981,248,16154,240,827,8,18051,260,186267,1033,204318,1293,9,126,86,1854,153,15001,7,586,138,"Knox County",470313,280.664153446747,0.154809197062718,274.923295762609,52.730840950601,394.205560977477,15.4809197062718
2020-11-16,16733,272,15914,261,819,11,17791,286,185234,1409,203025,1695,2,117,79,1768,191,14848,6,579,137,"Knox County",470313,302.989711107284,0.154768163179476,360.398287948664,57.8338255587237,375.919866131704,15.4768163179476
2020-11-15,16461,274,15653,247,808,27,17505,295,183825,2278,201330,2573,2,115,162,1689,110,14657,3,573,135,"Knox County",470313,314.47142647556,0.150568748752744,547.082474862485,58.2590742760672,359.122541796633,15.0568748752744
2020-11-14,16187,306,15406,293,781,13,17210,321,181547,1699,198757,2020,0,113,188,1527,118,14547,7,570,131,"Knox County",470313,342.750466178906,0.157240581944311,429.501204516992,65.0630537535641,324.677395691805,15.7240581944311
2020-11-13,15881,219,15113,200,768,19,16889,190,179848,965,196737,1155,4,113,73,1339,142,14429,6,563,128,"Knox County",470313,351.468064884449,0.156805293005671,245.581134265904,46.5647345491194,284.704016261511,15.6805293005671
2020-11-12,15662,143,14913,130,749,13,16699,136,178883,955,195582,1091,1,109,-3,1266,145,14287,3,557,127,"Knox County",470313,346.577704634998,0.153216911764706,231.97317531091,30.4052832900643,269.182438078471,15.3216911764706
2020-11-11,15519,191,14783,177,736,14,16563,191,177928,1229,194491,1420,3,108,23,1269,165,14142,7,554,125,"Knox County",470313,351.468064884449,0.149284253578732,301.926589313925,40.6112525063096,269.820311154486,14.9284253578732
2020-11-10,15328,168,14606,163,722,5,16372,186,176699,1131,193071,1317,2,105,24,1246,142,13977,4,547,123,"Knox County",470313,334.458116190707,0.142400851743412,280.026280370732,35.7208922568587,264.929950905036,14.2400851743412
2020-11-09,15160,135,14443,121,717,14,16186,131,175568,490,191754,621,1,103,-15,1222,149,13835,2,543,121,"Knox County",470313,305.328579052673,0.142198685888006,132.039726735174,28.7042884206901,259.826966296913,14.2198685888006
2020-11-08,15025,215,14322,203,703,12,16055,252,175078,2625,191133,2877,1,102,94,1237,120,13686,3,541,119,"Knox County",470313,292.783741891039,0.133987239310542,611.720279898706,45.7142371144323,263.01633167699,13.3987239310542
2020-11-07,14810,169,14119,161,691,8,15803,187,172453,1918,188256,2105,1,101,59,1143,109,13566,5,538,114,"Knox County",470313,263.654204753005,0.120253164556962,447.574275004093,35.9335166155305,243.029641961842,12.0253164556962
2020-11-06,14641,155,13958,138,683,17,15616,160,170535,1236,186151,1396,0,100,24,1084,131,13457,5,533,114,"Knox County",470313,250.046245798011,0.114805578645978,296.823604705802,32.9567755941256,230.484804800208,11.4805578645978
2020-11-05,14486,158,13820,142,666,16,15456,151,169299,613,184755,764,1,100,34,1060,123,13326,6,528,111,"Knox County",470313,253.235611178088,0.119809523809524,162.445010025239,33.5946486701409,225.381820192085,11.9809523809524
2020-11-04,14328,145,13678,133,650,12,15305,148,168686,934,183991,1082,-1,99,20,1026,126,13203,5,522,110,"Knox County",470313,243.454890679186,0.119563078134226,230.059556082864,30.8305320074078,218.152591997244,11.9563078134226
2020-11-03,14183,196,13545,183,638,13,15157,195,167752,836,182909,1031,3,100,44,1006,149,13077,5,517,108,"Knox County",470313,249.408372721996,0.123936816524909,219.215713790603,41.6743742996685,213.900104823809,12.3936816524909
2020-11-02,13987,116,13362,110,625,6,14962,115,166916,807,181878,922,1,97,-36,962,151,12928,2,512,107,"Knox County",470313,245.368509907232,0.118699027218237,196.039658695379,24.6644256059263,204.544633042251,11.8699027218237
2020-11-01,13871,124,13252,116,619,8,14847,131,166109,1273,180956,1404,0,96,15,998,109,12777,3,510,105,"Knox County",470313,226.0196932681,0.124885110294118,298.524599575177,26.3654204753005,212.199109954435,12.4885110294118
2020-10-31,13747,5,13136,5,611,0,14716,7,164836,4,179552,11,0,96,-99,983,104,12668,0,507,103,"Knox County",470313,191.149298445929,0.137216338880484,2.33886794538956,1.06312179335889,209.009744574358,13.7216338880484
2020-10-30,13742,156,13131,146,611,10,14709,148,164832,854,179541,1002,1,96,27,1082,128,12564,4,507,102,"Knox County",470313,191.3619228046,0.143983268983269,213.049607389122,33.1693999527974,230.059556082864,14.3983268983269
2020-10-29,13586,152,12985,138,601,14,14561,136,163978,1569,178539,1705,0,95,49,1055,103,12436,4,503,102,"Knox County",470313,190.08617665257,0.122956546038843,362.524531535382,32.3189025181103,224.318698398726,12.2956546038843
2020-10-28,13434,103,12847,96,587,7,14425,102,162409,1055,176834,1157,3,95,-47,1006,147,12333,8,499,101,"Knox County",470313,181.155953588355,0.115320796460177,246.006382983247,21.9003089431931,213.900104823809,11.5320796460177
2020-10-27,13331,119,12751,113,580,6,14323,127,161354,799,175677,926,1,92,-6,1053,124,12186,3,491,100,"Knox County",470313,164.783877970628,0.107478602497545,196.890156130067,25.3022986819416,223.893449681382,10.7478602497545
2020-10-26,13212,81,12638,74,574,7,14196,73,160555,372,174751,445,2,91,-72,1059,151,12062,2,488,98,"Knox County",470313,157.342025417116,0.108872180451128,94.6178396089413,17.222573052414,225.169195833413,10.8872180451128
2020-10-25,13131,132,12564,121,567,11,14123,151,160183,1365,174306,1516,0,89,53,1131,79,11911,3,486,98,"Knox County",470313,159.04302028649,0.11002661934339,322.338527746416,28.0664153446747,240.478149657781,11.002661934339
2020-10-24,12999,172,12443,167,556,5,13972,202,158818,1789,172790,1991,0,89,56,1078,116,11832,5,483,97,"Knox County",470313,194.551288184677,0.107412491420728,423.33509811551,36.5713896915458,229.209058648177,10.7412491420728
2020-10-23,12827,159,12276,148,551,11,13770,172,157029,1239,170799,1411,1,89,40,1022,118,11716,5,478,96,"Knox County",470313,195.189161260692,0.105234400611955,300.012970085879,33.8072730288127,217.302094562557,10.5234400611955
2020-10-22,12668,182,12128,168,540,14,13598,169,155790,1607,169388,1776,1,88,59,982,122,11598,5,473,96,"Knox County",470313,201.567892020846,0.108002602472349,377.620861001078,38.6976332782636,208.797120215686,10.8002602472349
2020-10-21,12486,72,11960,68,526,4,13429,74,154183,682,167612,756,0,87,-32,923,104,11476,1,468,96,"Knox County",470313,194.976536902021,0.109738124929146,160.744015155864,15.308953824368,196.252283054051,10.9738124929146
2020-10-20,12414,127,11892,121,522,6,13355,150,153501,739,166856,889,0,87,13,955,114,11372,7,467,95,"Knox County",470313,196.677531771395,0.112818761384335,189.023054859211,27.0032935513158,203.056262531548,11.2818761384335
2020-10-19,12287,112,11771,107,516,5,13205,117,152762,939,165967,1056,1,87,-9,942,120,11258,6,460,94,"Knox County",470313,203.26888689022,0.110164981373071,224.531322757398,23.8139281712392,200.292145868815,11.0164981373071
2020-10-18,12175,140,11664,135,511,5,13088,168,151823,1431,164911,1599,0,86,51,951,89,11138,7,454,94,"Knox County",470313,204.969881759594,0.11099388056552,339.986349516173,29.7674102140489,202.205765096861,11.099388056552
2020-10-17,12035,128,11529,125,506,3,12920,154,150392,1458,163312,1612,1,86,42,900,85,11049,3,447,93,"Knox County",470313,195.614409978036,0.110341795801736,342.750466178906,27.2159179099876,191.3619228046,11.0341795801736
2020-10-16,11907,72,11404,71,503,1,12766,61,148934,390,161700,451,1,85,-26,858,97,10964,3,444,92,"Knox County",470313,177.116090773591,0.109718638653397,95.893585760972,15.308953824368,182.431699740386,10.9718638653397
2020-10-15,11835,74,11333,62,502,12,12705,66,148544,941,161249,1007,1,84,-56,884,129,10867,3,441,90,"Knox County",470313,154.152660037039,0.10719131614654,214.112729182481,15.7342025417116,187.959933065852,10.719131614654
2020-10-14,11761,149,11271,143,490,6,12639,150,147603,1086,160242,1236,0,83,57,940,92,10738,5,438,88,"Knox County",470313,170.524735654766,0.11031847133758,262.803707318318,31.6810294420949,199.866897151471,11.031847133758
2020-10-13,11612,71,11128,68,484,3,12489,63,146517,581,159006,644,1,83,-36,883,106,10646,6,433,88,"Knox County",470313,158.617771569146,0.102432610124918,136.930086984625,15.0963294656962,187.74730870718,10.2432610124918
2020-10-12,11541,79,11060,66,481,13,12426,87,145936,806,158362,893,0,82,-42,919,121,10540,5,427,87,"Knox County",470313,151.601167732978,0.100644987906477,189.873552293898,16.7973243350705,195.401785619364,10.0644987906477
2020-10-11,11462,170,10994,163,468,7,12339,179,145130,1612,157469,1791,0,82,94,961,76,10419,8,422,85,"Knox County",470313,157.979898493131,0.0995546240503013,380.810226381155,36.1461409742023,204.332008683579,9.95546240503013
2020-10-10,11292,130,10831,122,461,8,12160,132,143518,1393,155678,1525,0,82,46,867,84,10343,3,414,85,"Knox County",470313,158.405147210475,0.0977872002120048,324.252146974462,27.6411666273312,184.345318968432,9.77872002120048
2020-10-09,11162,120,10709,118,453,2,12028,134,142125,1336,154153,1470,0,82,34,821,86,10259,3,411,85,"Knox County",470313,168.61111642672,0.0946766285314032,312.557807247514,25.5149230406134,174.56459846953,9.46766285314032
2020-10-08,11042,110,10591,102,451,8,11894,103,140789,943,152683,1046,1,82,32,787,77,10173,4,408,85,"Knox County",470313,176.265593338904,0.0985473561882626,222.40507917068,23.3886794538956,167.335370274689,9.85473561882626
2020-10-07,10932,104,10489,88,443,16,11791,95,139846,1650,151637,1745,0,81,11,755,93,10096,5,404,85,"Knox County",470313,166.697497198674,0.087008997147246,371.029505882253,22.1129333018649,160.531390797193,8.7008997147246
2020-10-06,10828,115,10401,102,427,13,11696,114,138196,1393,149892,1507,0,81,3,744,112,10003,4,399,84,"Knox County",470313,176.052968980232,0.0845945675052621,320.42490851837,24.4518012472545,158.192522851803,8.45945675052621
2020-10-05,10713,118,10299,109,414,9,11582,123,136803,1238,148385,1361,0,81,11,741,107,9891,5,395,84,"Knox County",470313,184.345318968432,0.0842508377213978,289.38175215229,25.0896743232698,157.554649775788,8.42508377213978
2020-10-04,10595,96,10190,89,405,7,11459,99,135565,1827,147024,1926,1,81,31,730,64,9784,2,390,82,"Knox County",470313,168.61111642672,0.0756143667296786,409.514514801845,20.4119384324907,155.215781830398,7.56143667296786
2020-10-03,10499,77,10101,76,398,1,11360,92,133738,1864,145098,1956,0,80,6,699,71,9720,2,388,82,"Knox County",470313,157.342025417116,0.0690218872037054,415.893245561998,16.3720756177269,148.624426711573,6.90218872037054
2020-10-02,10422,82,10025,79,397,3,11268,82,131874,602,143142,684,0,80,-17,693,99,9649,1,386,82,"Knox County",470313,149.262299787588,0.0692420537897311,145.435061331496,17.4351974110858,147.348680559542,6.92420537897311
2020-10-01,10340,71,9946,68,394,3,11186,73,131272,683,142458,756,0,80,2,710,69,9550,1,385,82,"Knox County",470313,140.969949799389,0.0682435832913941,160.744015155864,15.0963294656962,150.963294656962,6.82435832913941
2020-09-30,10269,75,9878,72,391,3,11113,70,130589,675,141702,745,1,80,-31,708,105,9481,2,384,82,"Knox County",470313,134.803843397907,0.0730833799664242,158.405147210475,15.9468269003834,150.538045939619,7.30833799664242
2020-09-29,10194,80,9806,75,388,5,11043,87,129914,1140,140957,1227,-1,79,-17,739,98,9376,2,382,82,"Knox County",470313,127.361990844395,0.0723281340265742,260.890088090272,17.0099486937423,157.129401058444,7.23281340265742
2020-09-28,10114,57,9731,51,383,6,10956,49,128774,431,139730,480,1,80,-70,756,126,9278,3,380,81,"Knox County",470313,114.391904965417,0.0710059171597633,102.059692162454,12.1195884442914,160.744015155864,7.10059171597633
2020-09-27,10057,72,9680,67,377,5,10907,79,128343,978,139250,1057,0,79,-18,826,90,9152,3,377,79,"Knox County",470313,109.288920357294,0.0770456191165822,224.74394711607,15.308953824368,175.627720262889,7.70456191165822
2020-09-26,9985,127,9613,122,372,5,10828,136,127365,2087,138193,2223,4,79,9,844,114,9062,5,374,79,"Knox County",470313,119.920138290883,0.0803123257110987,472.663949327363,27.0032935513158,179.454958718981,8.03123257110987
2020-09-25,9858,102,9491,100,367,2,10692,103,125278,1439,135970,1542,0,75,-3,835,105,8948,1,369,79,"Knox County",470313,124.172625464318,0.074346201743462,327.866761071882,21.6876845845214,177.541339490935,7.4346201743462
2020-09-24,9756,92,9391,89,365,3,10589,105,123839,1717,134428,1822,0,75,-52,838,144,8843,3,368,76,"Knox County",470313,128.637736996426,0.0691512752858399,387.40158149998,19.5614409978036,178.17921256695,6.91512752858399
2020-09-23,9664,53,9302,52,362,1,10484,49,122122,432,132606,481,2,75,-123,890,174,8699,2,365,76,"Knox County",470313,123.960001105647,0.0688405797101449,102.272316521125,11.2690910096042,189.235679217883,6.88405797101449
2020-09-22,9611,82,9250,75,361,7,10435,88,121690,1141,132125,1229,1,73,-53,1013,134,8525,3,363,76,"Knox County",470313,124.38524982299,0.0689381933438986,261.315336807615,17.4351974110858,215.388475334511,6.89381933438986
2020-09-21,9529,34,9175,30,354,4,10347,32,120549,379,130896,411,0,72,-103,1066,137,8391,2,360,76,"Knox County",470313,119.494889573539,0.0675413576725613,87.3886114141008,7.22922819484046,226.657566344116,6.75413576725613
2020-09-20,9495,97,9145,78,350,19,10315,88,120170,707,130485,795,0,72,-17,1169,114,8254,1,358,76,"Knox County",470313,124.810498540334,0.0706809361401858,169.036365144064,20.6245627911625,248.557875287309,7.06809361401858
2020-09-19,9398,132,9067,129,331,3,10227,136,119463,1466,129690,1602,1,72,31,1186,100,8140,5,357,74,"Knox County",470313,125.873620333693,0.0762496828216189,340.624222592189,28.0664153446747,252.172489384729,7.62496828216189
2020-09-18,9266,118,8938,114,328,4,10091,129,117997,1606,128088,1735,3,71,-16,1155,131,8040,3,352,74,"Knox County",470313,129.275610072441,0.0776470588235294,368.903262295535,25.0896743232698,245.581134265904,7.76470588235294
2020-09-17,9148,126,8824,119,324,7,9962,124,116391,1516,126353,1640,0,68,-15,1171,141,7909,6,349,74,"Knox County",470313,136.504838267282,0.0818446724946155,348.703948221716,26.790669192644,248.983124004652,8.18446724946155
2020-09-16,9022,99,8705,77,317,22,9838,117,114875,768,124713,885,1,68,-90,1186,188,7768,3,343,72,"Knox County",470313,146.285558766183,0.0860552006749428,188.172557424524,21.049811508506,252.172489384729,8.60552006749428
2020-09-15,8923,132,8628,126,295,6,9721,136,114107,1338,123828,1474,0,67,-65,1276,197,7580,3,340,71,"Knox County",470313,156.916776699772,0.089206274877078,313.408304682201,28.0664153446747,271.308681665189,8.9206274877078
2020-09-14,8791,127,8502,124,289,3,9585,136,112769,901,122354,1037,0,67,-68,1341,195,7383,5,337,71,"Knox County",470313,176.690842056248,0.0944589877835951,220.491459942634,27.0032935513158,285.129264978855,9.44589877835951
2020-09-13,8664,143,8378,136,286,7,9449,148,111868,1008,121317,1156,0,67,-8,1409,151,7188,0,332,71,"Knox County",470313,186.471562555149,0.0971770385140099,245.793758624576,30.4052832900643,299.587721368535,9.71770385140099
2020-09-12,8521,130,8242,123,279,7,9301,141,110860,1177,120161,1318,1,67,29,1417,100,7037,1,332,71,"Knox County",470313,186.046313837806,0.100703082747431,280.238904729404,27.6411666273312,301.28871623791,10.0703082747431
2020-09-11,8391,104,8119,95,272,9,9160,106,109683,773,118843,879,0,66,-17,1388,121,6937,5,331,69,"Knox County",470313,183.069572816401,0.108236976993682,186.896811272493,22.1129333018649,295.122609836428,10.8236976993682
2020-09-10,8287,192,8024,189,263,3,9054,192,108910,1501,117964,1693,0,66,89,1405,103,6816,5,326,67,"Knox County",470313,197.102780488738,0.115612414119877,359.97303923132,40.8238768649814,298.737223933848,11.5612414119877
2020-09-09,8095,91,7835,82,260,9,8862,93,107409,1710,116271,1803,0,66,-23,1316,114,6713,2,321,67,"Knox County",470313,195.401785619364,0.101709401709402,383.361718685216,19.3488166391318,279.81365601206,10.1709401709402
2020-09-08,8004,126,7753,124,251,2,8769,133,105699,702,114468,835,1,66,30,1339,95,6599,8,319,67,"Knox County",470313,194.126039467333,0.108817796124298,177.541339490935,26.790669192644,284.704016261511,10.8817796124298
2020-09-07,7878,95,7629,92,249,3,8636,98,104997,347,113633,445,1,65,11,1309,83,6504,0,311,67,"Knox County",470313,187.322059989837,0.112067905031369,94.6178396089413,20.1993140738189,278.325285501358,11.2067905031369
2020-09-06,7783,96,7537,92,246,4,8538,94,104650,476,113188,570,0,64,23,1298,73,6421,1,311,67,"Knox County",470313,177.328715132263,0.113615272438022,121.195884442914,20.4119384324907,275.986417555968,11.3615272438022
2020-09-05,7687,284,7445,282,242,2,8444,295,104174,1506,112618,1801,0,64,215,1275,69,6348,4,310,64,"Knox County",470313,210.072866367717,0.125965611761774,382.936469967872,60.385317862785,271.096057306517,12.5965611761774
2020-09-04,7403,93,7163,89,240,4,8149,97,102668,565,110817,662,1,64,16,1060,76,6279,0,306,64,"Knox County",470313,207.733998422327,0.12831348444103,140.757325440717,19.7740653564754,225.381820192085,12.831348444103
2020-09-03,7310,190,7074,184,236,6,8052,198,102103,1798,110155,1996,2,63,107,1044,81,6203,6,306,64,"Knox County",470313,207.308749704984,0.124260355029586,424.398219908869,40.3986281476379,221.979830453336,12.4260355029586
2020-09-02,7120,124,6890,120,230,4,7854,121,100305,1461,108159,1582,2,61,41,937,81,6122,5,300,63,"Knox County",470313,214.325353541152,0.131288810036751,336.371735418753,26.3654204753005,199.229024075456,13.1288810036751
2020-09-01,6996,153,6770,146,226,7,7733,158,98844,660,106577,818,2,59,64,896,87,6041,4,295,62,"Knox County",470313,220.06621122529,0.134747269494539,173.926725393515,32.5315268767821,190.511425369913,13.4747269494539
2020-08-31,6843,99,6624,93,219,6,7575,94,98184,431,105759,525,0,57,18,832,81,5954,3,291,59,"Knox County",470313,220.916708659978,0.132889112396279,111.627788302684,21.049811508506,176.903466414919,13.2889112396279
2020-08-30,6744,72,6531,71,213,1,7481,76,97753,423,105234,499,1,57,5,814,66,5873,1,288,59,"Knox County",470313,215.813724051855,0.131802613218318,106.099554977217,15.308953824368,173.076227958827,13.1802613218318
2020-08-29,6672,118,6460,113,212,5,7405,125,97330,1391,104735,1516,5,56,37,809,76,5807,3,287,57,"Knox County",470313,180.51808051234,0.114372203211371,322.338527746416,25.0896743232698,172.013106165469,11.4372203211371
2020-08-28,6554,89,6347,85,207,4,7280,91,95939,309,103219,400,0,51,-7,772,96,5731,3,284,57,"Knox County",470313,179.667583077653,0.117639040348964,85.0497434687113,18.9235679217883,164.146004894613,11.7639040348964
2020-08-27,6465,116,6262,112,203,4,7189,134,95630,1987,102819,2121,0,51,24,779,92,5635,2,281,57,"Knox County",470313,163.933380535941,0.107090202385739,450.976264742841,24.6644256059263,165.634375405315,10.7090202385739
2020-08-26,6349,77,6150,76,199,1,7055,86,93643,794,100698,880,0,51,-15,755,92,5543,3,279,56,"Knox County",470313,153.940035678367,0.113034472555112,187.109435631165,16.3720756177269,160.531390797193,11.3034472555112
2020-08-25,6272,87,6074,82,198,5,6969,96,92849,896,99818,992,2,51,-7,770,92,5451,3,276,55,"Knox County",470313,139.90682800603,0.101254868022501,210.923363802404,18.4983192044447,163.720756177269,10.1254868022501
2020-08-24,6185,32,5992,28,193,4,6873,29,91953,261,98826,290,0,49,-66,777,98,5359,1,273,55,"Knox County",470313,125.660995975021,0.0951030158256196,61.6610640148157,6.8039794774969,165.209126687972,9.51030158256196
2020-08-23,6153,76,5964,75,189,1,6844,74,91692,566,98536,640,0,49,13,843,63,5261,3,272,55,"Knox County",470313,126.511493409708,0.0928498318467612,136.079589549938,16.1594512590551,179.242334360309,9.28498318467612
2020-08-22,6077,136,5889,135,188,1,6770,153,91126,1892,97896,2045,0,49,69,830,67,5198,4,269,55,"Knox County",470313,130.3387318658,0.0899837133550489,434.816813483786,28.9169127793618,176.478217697576,8.99837133550489
2020-08-21,5941,30,5754,30,187,0,6617,41,89234,262,95851,303,1,49,-62,761,91,5131,1,265,55,"Knox County",470313,117.793894704165,0.0843075230367212,64.4251806775488,6.37873076015334,161.807136949223,8.43075230367212
2020-08-20,5911,119,5724,117,187,2,6576,130,88972,2068,95548,2198,3,48,24,823,92,5040,3,264,55,"Knox County",470313,118.43176778018,0.0828796951551443,467.348340360568,25.3022986819416,174.989847186873,8.28796951551443
2020-08-19,5792,46,5607,41,185,5,6446,48,86904,608,93350,656,2,45,-50,799,94,4948,4,261,55,"Knox County",470313,111.840412661355,0.0801516002245929,139.481579288686,9.7807204989018,169.886862578751,8.01516002245929
2020-08-18,5746,134,5566,132,180,2,6398,152,86296,1164,92694,1316,0,43,3,849,131,4854,4,257,55,"Knox County",470313,121.833757518929,0.0841836734693878,279.81365601206,28.4916640620183,180.51808051234,8.41836734693877
2020-08-17,5612,50,5434,42,178,8,6246,50,85132,289,91378,339,1,43,-70,846,119,4723,0,253,54,"Knox County",470313,125.660995975021,0.0864345738295318,72.0796575897328,10.6312179335889,179.880207436324,8.64345738295318
2020-08-16,5562,83,5392,78,170,5,6196,82,84843,587,91039,669,0,42,11,916,72,4604,1,253,53,"Knox County",470313,127.149366485723,0.0871644964124369,142.24569595142,17.6478217697576,194.763912543349,8.71644964124369
2020-08-15,5479,119,5314,116,165,3,6114,132,84256,1223,90370,1355,1,42,42,905,76,4532,2,252,52,"Knox County",470313,123.534752388303,0.0928905792861322,288.106006000259,25.3022986819416,192.425044597959,9.28905792861323
2020-08-14,5360,91,5198,83,162,8,5982,96,83033,1024,89015,1120,0,41,5,863,86,4456,2,250,52,"Knox County",470313,136.504838267282,0.0901607212857703,238.139281712392,19.3488166391318,183.494821533745,9.01607212857703
2020-08-13,5269,127,5115,126,154,1,5886,229,82009,1778,87895,2007,1,41,13,858,113,4370,4,248,51,"Knox County",470313,138.205833136656,0.105735727686947,426.737087854259,27.0032935513158,182.431699740386,10.5735727686947
2020-08-12,5142,79,4989,72,153,7,5657,88,80231,892,85888,980,0,40,-40,845,119,4257,1,244,50,"Knox County",470313,145.222436972824,0.106473156948369,208.371871498343,16.7973243350705,179.667583077653,10.6473156948369
2020-08-11,5063,111,4917,108,146,3,5569,117,79339,1121,84908,1238,0,40,2,885,109,4138,5,243,50,"Knox County",470313,140.332076723374,0.103009859885833,263.228956035661,23.6013038125674,188.172557424524,10.3009859885833
2020-08-10,4952,37,4809,35,143,2,5452,35,78218,365,83670,400,1,40,-94,883,130,4029,0,238,48,"Knox County",470313,137.56796006064,0.100270305058566,85.0497434687113,7.86710127085579,187.74730870718,10.0270305058566
2020-08-09,4915,85,4774,81,141,4,5417,109,77853,826,83270,935,1,39,25,977,59,3899,4,238,48,"Knox County",470313,137.993208777984,0.10031113876789,198.803775358113,18.0730704871011,207.733998422327,10.031113876789
2020-08-08,4830,157,4693,156,137,1,5308,176,77027,2284,82335,2460,1,38,96,952,60,3840,4,234,47,"Knox County",470313,146.072934407512,0.0929978118161926,523.055922332574,33.3820243114692,202.418389455533,9.29978118161926
2020-08-07,4673,50,4537,46,136,4,5132,44,74743,403,79875,447,0,37,-34,856,84,3780,0,230,45,"Knox County",470313,137.355335701969,0.0942482579426007,95.0430883262848,10.6312179335889,182.006451023042,9.42482579426007
2020-08-06,4623,113,4491,105,132,8,5088,121,74340,1463,79428,1584,-1,37,41,890,73,3696,5,230,43,"Knox County",470313,134.378594680564,0.0857782197911487,336.796984136097,24.0265525299109,189.235679217883,8.57782197911487
2020-08-05,4510,99,4386,99,124,0,4967,100,72877,1107,77844,1207,1,38,-1,849,99,3623,3,225,42,"Knox County",470313,138.631081853999,0.0848748639825898,256.637600916836,21.049811508506,180.51808051234,8.48748639825898
2020-08-04,4411,112,4287,111,124,1,4867,106,71770,1082,76637,1188,1,37,-31,850,142,3524,9,222,41,"Knox County",470313,138.843706212671,0.0840530349105948,252.597738102072,23.8139281712392,180.730704871011,8.40530349105948
2020-08-03,4299,50,4176,50,123,0,4761,81,70688,593,75449,674,2,36,-59,881,107,3382,1,213,41,"Knox County",470313,141.607822875404,0.0867569158328429,143.308817744778,10.6312179335889,187.322059989837,8.67569158328429
2020-08-02,4249,97,4126,91,123,6,4680,95,70095,692,74775,787,3,34,29,940,65,3275,2,212,40,"Knox County",470313,144.159315179466,0.0866179465676291,167.335370274689,20.6245627911625,199.866897151471,8.66179465676291
2020-08-01,4152,118,4035,110,117,8,4585,118,69403,1417,73988,1535,1,31,29,911,88,3210,1,210,40,"Knox County",470313,135.866965191266,0.0895984909727836,326.37839056118,25.0896743232698,193.70079074999,8.95984909727836
2020-07-31,4034,117,3925,114,109,3,4467,116,67986,1060,72453,1176,2,30,9,882,106,3122,1,209,39,"Knox County",470313,150.112797222275,0.0904183535762483,250.046245798011,24.877049964598,187.534684348508,9.04183535762483
2020-07-30,3917,189,3811,186,106,3,4351,227,66926,2420,71277,2647,1,28,78,873,110,3016,7,208,36,"Knox County",470313,166.272248481331,0.0914912090297374,562.816677404197,40.1860037889661,185.621065120462,9.14912090297373
2020-07-29,3728,75,3625,71,103,4,4124,60,64506,438,68630,498,0,27,-40,795,115,2906,3,201,34,"Knox County",470313,161.169263873208,0.0944150499706055,105.886930618546,15.9468269003834,169.036365144064,9.44150499706055
2020-07-28,3653,154,3554,152,99,2,4064,186,64068,1211,68132,1397,1,27,46,835,107,2791,3,198,30,"Knox County",470313,170.099486937423,0.101331191186596,297.036229064474,32.7441512354538,177.541339490935,10.1331191186596
2020-07-27,3499,83,3402,76,97,7,3878,85,62857,677,66735,762,3,26,-36,789,116,2684,2,195,30,"Knox County",470313,177.116090773591,0.100772551692797,162.019761307895,17.6478217697576,167.760618992033,10.0772551692797
2020-07-26,3416,118,3326,113,90,5,3793,132,62180,1473,65973,1605,0,23,49,825,69,2568,2,193,29,"Knox County",470313,181.581202305699,0.0960498960498961,341.262095668204,25.0896743232698,175.415095904217,9.6049896049896
2020-07-25,3298,175,3213,172,85,3,3661,197,60707,1949,64368,2146,2,23,95,776,78,2499,3,191,28,"Knox County",470313,193.70079074999,0.0980353826605415,456.291873709636,37.2092627675612,164.9965023293,9.80353826605415
2020-07-24,3123,106,3041,99,82,7,3464,113,58758,916,62222,1029,0,21,-15,681,121,2421,4,188,25,"Knox County",470313,191.3619228046,0.0991669972233241,218.79046507326,22.5381820192085,144.797188255481,9.91669972233241
2020-07-23,3017,205,2942,197,75,8,3351,254,57842,2389,61193,2643,0,21,89,696,116,2300,4,184,25,"Knox County",470313,194.763912543349,0.101884920634921,561.96617996951,43.5879935277145,147.986553635558,10.1884920634921
2020-07-22,2812,69,2745,61,67,8,3097,63,55453,437,58550,500,3,21,-68,607,134,2184,3,180,24,"Knox County",470313,193.488166391318,0.102162269390994,106.312179335889,14.6710807483527,129.062985713769,10.2162269390994
2020-07-21,2743,232,2684,228,59,4,3034,280,55016,1691,58050,1971,0,18,120,675,112,2050,12,177,24,"Knox County",470313,210.072866367717,0.10548048048048,419.082610942075,49.3288512118525,143.52144210345,10.548048048048
2020-07-20,2511,74,2456,70,55,4,2754,57,53325,364,56079,421,0,18,-59,555,133,1938,4,165,23,"Knox County",470313,208.159247139671,0.106253029568589,89.5148550008186,15.7342025417116,118.006519062837,10.6253029568589
2020-07-19,2437,84,2386,74,51,10,2697,74,52961,577,55658,651,0,18,-16,614,100,1805,0,161,22,"Knox County",470313,200.93001894483,0.110885589146459,138.418457495328,17.8604461284294,130.551356224472,11.0885589146459
2020-07-18,2353,112,2312,109,41,3,2623,146,52384,2258,55007,2404,1,18,36,630,75,1705,8,161,20,"Knox County",470313,187.534684348508,0.102609418858509,511.148958246955,23.8139281712392,133.95334596322,10.2609418858509
2020-07-17,2241,74,2203,74,38,0,2477,80,50126,347,52603,427,0,17,3,594,71,1630,6,153,19,"Knox County",470313,180.730704871011,0.105800155262282,90.7906011528493,15.7342025417116,126.298869051036,10.5800155262282
2020-07-16,2167,187,2129,185,38,2,2397,228,49779,2034,52176,2262,2,17,97,591,88,1559,3,147,17,"Knox County",470313,176.903466414919,0.107457156090783,480.956299315562,39.7607550716225,125.660995975021,10.7457156090783
2020-07-15,1980,78,1944,78,36,0,2169,80,47745,511,49914,591,3,15,-14,494,89,1471,4,144,17,"Knox County",470313,178.817085642965,0.108284633894809,125.660995975021,16.5846999763987,105.036433183858,10.8284633894809
2020-07-14,1902,95,1866,95,36,0,2089,127,47234,777,49323,904,2,12,12,508,81,1382,1,140,16,"Knox County",470313,149.687548504932,0.103394255874674,192.212420239287,20.1993140738189,108.013174205263,10.3394255874674
2020-07-13,1807,94,1771,92,36,2,1962,59,46457,655,48419,714,1,10,20,496,73,1301,2,139,15,"Knox County",470313,153.940035678367,0.0998365396705646,151.81379209165,19.9866897151471,105.461681901202,9.98365396705646
2020-07-12,1713,69,1679,67,34,2,1903,87,45802,916,47705,1003,0,9,27,476,42,1228,4,137,12,"Knox County",470313,150.750670298291,0.0971703792895846,213.262231747793,14.6710807483527,101.209194727766,9.71703792895846
2020-07-11,1644,28,1612,27,32,1,1816,36,44886,883,46702,919,0,9,-16,449,44,1186,2,133,11,"Knox County",470313,132.890224169861,0.102199413489736,195.401785619364,5.95348204280979,95.4683370436284,10.2199413489736
2020-07-10,1616,78,1585,74,31,4,1780,68,44003,418,45783,486,0,9,29,465,49,1142,6,131,10,"Knox County",470313,133.740721604548,0.0995784270969618,103.335438314484,16.5846999763987,98.8703267823768,9.95784270969618
2020-07-09,1538,70,1511,66,27,4,1712,88,43585,1652,45297,1740,0,9,23,436,47,1093,8,125,10,"Knox County",470313,108.86367163995,0.0857322636463741,369.966384088894,14.8837051070245,92.7042203808953,8.57322636463741
2020-07-08,1468,70,1445,65,23,5,1624,63,41933,594,43557,657,1,9,15,413,54,1046,5,117,10,"Knox County",470313,107.162676770576,0.0822045773003269,139.694203647358,14.8837051070245,87.8138601314444,8.2204577300327
2020-07-07,1398,79,1380,79,18,0,1561,104,41339,1304,42900,1408,0,8,38,398,41,992,7,112,10,"Knox County",470313,103.760687031828,0.0729031326692652,299.375097009864,16.7973243350705,84.6244947513677,7.29031326692652
2020-07-06,1319,35,1301,35,18,0,1457,34,40035,658,41492,692,1,8,-19,360,53,951,6,105,9,"Knox County",470313,91.2158498701928,0.0695148443157133,147.13605620087,7.44185255351224,76.5447691218401,6.95148443157133
2020-07-05,1284,77,1266,77,18,0,1423,109,39377,1080,40800,1189,2,7,34,379,41,898,6,99,9,"Knox County",470313,92.9168447395671,0.0707939641799464,252.810362460744,16.3720756177269,80.5846319366039,7.07939641799464
2020-07-04,1207,41,1189,40,18,1,1314,50,38297,1141,39611,1191,0,5,4,345,37,857,1,93,8,"Knox County",470313,95.6809614023002,0.0700801303816379,253.235611178088,8.7175987055429,73.3554037417635,7.00801303816379
2020-07-03,1166,62,1149,61,17,1,1264,49,37156,910,38420,959,0,5,27,341,35,820,4,92,6,"Knox County",470313,92.2789716635517,0.0634252169474222,203.906759966235,13.1827102376502,72.5049063070764,6.34252169474222
2020-07-02,1104,68,1088,68,16,0,1215,102,36246,1228,37461,1330,0,5,33,314,35,785,2,88,6,"Knox County",470313,91.8537229462082,0.0688122811742526,282.790397033465,14.4584563896809,66.7640486229383,6.88122811742526
2020-07-01,1036,49,1020,49,16,0,1113,34,35018,737,36131,771,0,5,25,281,24,750,4,86,6,"Knox County",470313,87.3886114141008,0.0639257294429708,163.933380535941,10.4185935749171,59.7474447867697,6.39257294429708
2020-06-30,987,40,971,39,16,1,1079,73,34281,1514,35360,1587,0,5,18,256,22,726,3,82,5,"Knox County",470313,79.0962614259015,0.0584272574167638,337.434857212112,8.50497434687113,54.4318358199752,5.84272574167638
2020-06-29,947,51,932,51,15,0,1006,79,32767,1333,33773,1412,0,5,20,238,31,704,3,79,5,"Knox County",470313,82.4982511646499,0.0587747363431686,300.225594444551,10.8438422922607,50.6045973638832,5.87747363431686
2020-06-28,896,10,881,10,15,0,927,30,31434,684,32361,714,0,5,-5,218,15,673,1,76,5,"Knox County",470313,68.2524191336408,0.0523606228026118,151.81379209165,2.12624358671778,46.3521101904476,5.23606228026117
2020-06-27,886,29,871,29,15,0,897,16,30750,111,31647,127,0,5,18,223,11,658,3,75,5,"Knox County",470313,65.7009268295794,0.0555072463768116,27.0032935513158,6.16610640148157,47.4152319838065,5.55072463768116
2020-06-26,857,37,842,37,15,0,881,14,30639,319,31520,333,0,5,17,205,20,647,8,72,5,"Knox County",470313,60.385317862785,0.0554670066942939,70.8039114377021,7.86710127085579,43.5879935277145,5.54670066942939
2020-06-25,820,32,805,32,15,0,867,52,30320,702,31187,754,0,5,13,188,19,627,1,64,5,"Knox County",470313,52.730840950601,0.0522990522990523,160.318766438521,6.8039794774969,39.9733794302943,5.22990522990523
2020-06-24,788,35,773,34,15,1,815,32,29618,272,30433,304,0,5,22,175,13,608,1,63,5,"Knox County",470313,49.7540999291961,0.0565857388644619,64.6378050362206,7.44185255351224,37.2092627675612,5.65857388644619
2020-06-23,753,27,739,24,14,3,783,25,29346,215,30129,240,0,5,18,153,9,595,4,62,5,"Knox County",470313,46.989983266463,0.0638516992790937,51.0298460812268,5.74085768413801,32.5315268767821,6.38516992790937
2020-06-22,726,36,715,36,11,0,758,31,29131,572,29889,603,0,5,20,135,16,586,0,58,5,"Knox County",470313,43.8006178863863,0.0650406504065041,128.212488279082,7.65447691218401,28.7042884206901,6.50406504065041
2020-06-21,690,31,679,31,11,0,727,37,28559,815,29286,852,0,5,16,115,15,570,1,58,5,"Knox County",470313,48.2657294184936,0.0644257703081232,181.155953588355,6.59135511882512,24.4518012472545,6.44257703081232
2020-06-20,659,17,648,17,11,0,690,9,27744,437,28434,446,0,5,11,99,6,555,2,57,5,"Knox County",470313,45.7142371144323,0.0566251415628539,94.8304639676131,3.61461409742023,21.049811508506,5.66251415628539
2020-06-19,642,30,631,28,11,2,681,10,27307,334,27988,344,0,5,8,88,22,549,1,55,5,"Knox County",470313,44.2258666037299,0.0553203499858877,73.1427793830917,6.37873076015334,18.7109435631165,5.53203499858877
2020-06-18,612,15,603,15,9,0,671,18,26973,804,27644,822,0,5,2,80,13,527,0,54,5,"Knox County",470313,40.6112525063096,0.0448629188590418,174.777222828202,3.18936538007667,17.0099486937423,4.48629188590418
2020-06-17,597,17,588,17,9,0,653,13,26169,282,26822,295,0,5,-3,78,20,514,0,54,5,"Knox County",470313,36.7840140502176,0.0397001665741255,62.7241858081746,3.61461409742023,16.5846999763987,3.97001665741255
2020-06-16,580,9,571,8,9,1,640,9,25887,178,26527,187,0,5,-2,81,11,494,0,54,5,"Knox County",470313,32.9567755941256,0.0357847280924204,39.7607550716225,1.913619228046,17.222573052414,3.57847280924204
2020-06-15,571,8,563,8,8,0,631,9,25709,218,26340,227,0,5,-5,83,13,483,0,54,5,"Knox County",470313,27.0032935513158,0.0330917113142137,48.2657294184936,1.70099486937423,17.6478217697576,3.30917113142137
2020-06-14,563,8,555,8,8,0,622,9,25491,624,26113,633,0,5,4,88,4,470,0,54,5,"Knox County",470313,22.1129333018649,0.0260663507109005,134.591219039236,1.70099486937423,18.7109435631165,2.60663507109005
2020-06-13,555,10,547,8,8,2,613,9,24867,213,25480,222,0,5,0,84,10,466,3,54,5,"Knox County",470313,20.6245627911625,0.0282051282051282,47.2026076251348,2.12624358671778,17.8604461284294,2.82051282051282
2020-06-12,545,19,539,19,6,0,604,19,24654,750,25258,769,0,5,1,84,18,456,0,51,5,"Knox County",470313,18.2856948457729,0.0272583201267829,163.508131818597,4.03986281476378,17.8604461284294,2.72583201267829
2020-06-11,526,7,520,7,6,0,585,10,23904,379,24489,389,0,5,1,83,6,438,2,51,5,"Knox County",470313,16.5846999763987,0.0286554004408523,82.7108755233217,1.48837051070245,17.6478217697576,2.86554004408523
2020-06-10,519,12,513,12,6,0,575,12,23525,706,24100,718,0,5,-6,82,18,432,0,49,5,"Knox County",470313,15.5215781830398,0.024483306836248,152.664289526337,2.55149230406134,17.4351974110858,2.4483306836248
2020-06-09,507,16,501,16,6,0,563,19,22819,508,23382,527,0,5,5,88,11,414,1,49,5,"Knox County",470313,17.0099486937423,0.0249641319942611,112.053037020027,3.40198973874845,18.7109435631165,2.49641319942611
2020-06-08,491,8,485,8,6,0,544,8,22311,336,22855,344,0,5,4,83,4,403,1,48,5,"Knox County",470313,17.0099486937423,0.0238756246529706,73.1427793830917,1.70099486937423,17.6478217697576,2.38756246529706
2020-06-07,483,7,477,7,6,0,536,8,21975,848,22511,856,0,5,0,79,7,399,1,47,5,"Knox County",470313,16.7973243350705,0.0222222222222222,182.006451023042,1.48837051070245,16.7973243350705,2.22222222222222
2020-06-06,476,11,470,11,6,0,528,12,21127,478,21655,490,0,5,5,79,6,392,0,46,5,"Knox County",470313,17.0099486937423,0.021500122159785,104.185935749171,2.33886794538956,16.7973243350705,2.1500122159785
2020-06-05,465,18,459,18,6,0,516,17,20649,518,21165,535,0,5,7,74,11,386,1,46,5,"Knox County",470313,16.7973243350705,0.0222855662088624,113.754031889401,3.82723845609201,15.7342025417116,2.22855662088624
2020-06-04,447,4,441,4,6,0,499,4,20131,338,20630,342,0,5,-1,67,5,375,0,45,5,"Knox County",470313,16.1594512590551,0.0209863588667366,72.7175306657481,0.850497434687113,14.2458320310091,2.09863588667366
2020-06-03,443,4,437,4,6,0,495,4,19793,399,20288,403,0,5,-3,68,7,370,0,45,5,"Knox County",470313,14.4584563896809,0.0205890763511581,85.6876165447266,0.850497434687113,14.4584563896809,2.05890763511581
2020-06-02,439,26,433,25,6,1,491,24,19394,939,19885,963,0,5,21,71,5,363,2,45,5,"Knox County",470313,16.5846999763987,0.0195779303330791,204.757257400922,5.52823332546623,15.0963294656962,1.95779303330791
2020-06-01,413,17,408,17,5,0,467,20,18455,972,18922,992,0,5,4,50,13,358,0,43,5,"Knox County",470313,18.4983192044447,0.0194280724732591,210.923363802404,3.61461409742023,10.6312179335889,1.94280724732591
2020-05-31,396,7,391,7,5,0,447,7,17483,317,17930,324,0,5,3,46,4,345,0,43,5,"Knox County",470313,18.4983192044447,0.0217337614225735,68.8902922096561,1.48837051070245,9.7807204989018,2.17337614225735
2020-05-30,389,6,384,6,5,0,440,6,17166,294,17606,300,0,5,-1,43,7,341,2,43,5,"Knox County",470313,17.4351974110858,0.0212490282456595,63.7873076015334,1.27574615203067,9.14284742288646,2.12490282456595
2020-05-29,383,8,378,8,5,0,434,7,16872,205,17306,212,0,5,0,44,8,334,0,41,5,"Knox County",470313,15.308953824368,0.0203619909502262,45.076364038417,1.70099486937423,9.35547178155824,2.03619909502262
2020-05-28,375,11,370,11,5,0,427,11,16667,336,17094,347,0,5,7,44,4,326,0,41,5,"Knox County",470313,16.7973243350705,0.022310081897769,73.780652459107,2.33886794538956,9.35547178155824,2.2310081897769
2020-05-27,364,5,359,5,5,0,416,6,16331,420,16747,426,0,5,0,37,5,322,1,41,5,"Knox County",470313,17.0099486937423,0.0227272727272727,90.5779767941775,1.06312179335889,7.86710127085579,2.27272727272727
2020-05-26,359,9,354,9,5,0,410,10,15911,1142,16321,1152,0,5,7,37,2,317,0,40,5,"Knox County",470313,13.395334596322,0.0178523847588596,244.943261189888,1.913619228046,7.86710127085579,1.78523847588596
2020-05-25,350,9,345,9,5,0,400,11,14769,381,15169,392,0,5,5,30,4,315,1,40,5,"Knox County",470313,11.6943397269478,0.018395179194418,83.348748599337,1.913619228046,6.37873076015334,1.8395179194418
2020-05-24,341,2,336,2,5,0,389,3,14388,273,14777,276,0,5,1,25,1,311,0,39,5,"Knox County",470313,10.6312179335889,0.0173913043478261,58.6843229934108,0.425248717343556,5.31560896679445,1.73913043478261
2020-05-23,339,7,334,7,5,0,386,10,14115,360,14501,370,0,5,4,24,3,310,2,39,5,"Knox County",470313,10.8438422922607,0.0182677165354331,78.6710127085579,1.48837051070245,5.10298460812268,1.82677165354331
2020-05-22,332,1,327,1,5,0,376,1,13755,253,14131,254,0,5,-14,20,15,307,0,37,5,"Knox County",470313,9.35547178155824,0.0161641280696301,54.0065871026317,0.212624358671778,4.25248717343556,1.61641280696301
2020-05-21,331,0,326,0,5,0,375,0,13502,250,13877,250,0,5,-1,34,1,292,0,37,5,"Knox County",470313,7.01660383616868,0.0131410256410256,53.1560896679445,0,7.22922819484046,1.31410256410256
2020-05-20,331,7,326,7,5,0,375,7,13252,360,13627,367,0,5,4,35,3,291,0,37,5,"Knox County",470313,7.44185255351224,0.0137210062071219,78.0331396325426,1.48837051070245,7.44185255351224,1.37210062071219
2020-05-19,324,7,319,7,5,0,368,7,12892,369,13260,376,0,5,4,31,3,288,2,37,5,"Knox County",470313,7.01660383616868,0.0170678336980306,79.9467588605886,1.48837051070245,6.59135511882512,1.70678336980306
2020-05-18,317,3,312,3,5,0,361,4,12523,478,12884,482,0,5,0,27,3,285,0,35,5,"Knox County",470313,5.74085768413801,0.0134736842105263,102.484940879797,0.637873076015334,5.74085768413801,1.34736842105263
2020-05-17,314,3,309,3,5,0,357,5,12045,216,12402,221,0,5,1,27,2,282,1,35,5,"Knox County",470313,5.95348204280979,0.0146551724137931,46.989983266463,0.637873076015334,5.74085768413801,1.46551724137931
2020-05-16,311,0,306,0,5,0,352,0,11829,349,12181,349,0,5,-4,26,4,280,0,34,5,"Knox County",470313,4.46511153210734,0.0104393214441061,74.2059011764506,0,5.52823332546623,1.04393214441061
2020-05-15,311,1,306,1,5,0,352,4,11480,540,11832,544,0,5,-4,30,5,276,0,34,5,"Knox County",470313,4.46511153210734,0.0104287369640788,115.667651117447,0.212624358671778,6.37873076015334,1.04287369640788
2020-05-14,310,3,305,3,5,0,348,7,10940,458,11288,465,0,5,0,34,3,271,0,34,5,"Knox County",470313,5.10298460812268,0.0121255349500713,98.8703267823768,0.637873076015334,7.22922819484046,1.21255349500713
2020-05-13,307,7,302,7,5,0,341,5,10482,341,10823,346,0,5,1,34,6,268,0,34,5,"Knox County",470313,5.10298460812268,0.011498383039885,73.5680281004352,1.48837051070245,7.22922819484046,1.1498383039885
2020-05-12,300,6,295,6,5,0,336,8,10141,401,10477,409,0,5,3,33,3,262,0,34,5,"Knox County",470313,4.8903602494509,0.01171875,86.9633626967573,1.27574615203067,7.01660383616868,1.171875
2020-05-11,294,16,289,16,5,0,328,12,9740,254,10068,266,0,5,9,30,7,259,1,34,5,"Knox County",470313,7.65447691218401,0.0157692307692308,56.558079406693,3.40198973874845,6.37873076015334,1.57692307692308
2020-05-10,278,5,273,5,5,0,316,5,9486,221,9802,226,0,5,1,21,4,252,1,33,5,"Knox County",470313,8.07972562952757,0.0157389635316699,48.0531050598219,1.06312179335889,4.46511153210734,1.57389635316699
2020-05-09,273,2,268,2,5,0,311,4,9265,352,9576,356,0,5,-1,20,3,248,0,32,5,"Knox County",470313,8.50497434687113,0.0172281776416539,75.694271687153,0.425248717343556,4.25248717343556,1.72281776416539
2020-05-08,271,3,266,3,5,0,307,4,8913,265,9220,269,0,5,-2,21,5,245,0,32,5,"Knox County",470313,8.93022306421468,0.0192554557124519,57.1959524827083,0.637873076015334,4.46511153210734,1.92554557124519
2020-05-07,268,3,263,3,5,0,303,3,8648,220,8951,223,0,5,-2,23,5,240,0,32,5,"Knox County",470313,8.93022306421468,0.0195704057279236,47.4152319838065,0.637873076015334,4.8903602494509,1.95704057279236
2020-05-06,265,1,260,1,5,0,300,1,8428,185,8728,186,0,5,-7,25,8,235,0,32,5,"Knox County",470313,7.65447691218401,0.0191214470284238,39.5481307129507,0.212624358671778,5.31560896679445,1.91214470284238
2020-05-05,264,4,259,4,5,0,299,5,8243,305,8542,310,0,5,-1,32,5,227,0,32,5,"Knox County",470313,7.22922819484046,0.0185185185185185,65.9135511882512,0.850497434687113,6.8039794774969,1.85185185185185
2020-05-04,260,4,255,4,5,0,294,7,7938,259,8232,266,0,5,-3,33,7,222,0,32,5,"Knox County",470313,4.67773589077912,0.0157952069716776,56.558079406693,0.850497434687113,7.01660383616868,1.57952069716776
2020-05-03,256,7,251,5,5,2,287,6,7679,290,7966,296,0,5,6,36,1,215,2,32,5,"Knox County",470313,5.10298460812268,0.0157397691500525,62.9368101668463,1.48837051070245,7.65447691218401,1.57397691500525
2020-05-02,249,3,246,3,3,0,281,5,7389,308,7670,313,0,5,1,30,2,214,1,30,5,"Knox County",470313,5.31560896679445,0.0166398282340311,66.5514242642666,0.637873076015334,6.37873076015334,1.66398282340311
2020-05-01,246,9,243,8,3,1,276,7,7081,354,7357,361,0,5,4,29,5,212,0,29,5,"Knox County",470313,6.59135511882512,0.0173913043478261,76.7573934805119,1.913619228046,6.16610640148157,1.73913043478261
2020-04-30,237,4,235,4,2,0,269,3,6727,119,6996,122,0,5,-1,25,5,207,0,29,5,"Knox County",470313,6.8039794774969,0.0183387270765912,25.9401717579569,0.850497434687113,5.31560896679445,1.83387270765912
2020-04-29,233,8,231,8,2,0,266,10,6608,671,6874,681,0,5,5,26,3,202,0,29,5,"Knox County",470313,8.29234998819935,0.0183056619838229,144.797188255481,1.70099486937423,5.52823332546623,1.83056619838229
2020-04-28,225,8,223,8,2,0,256,10,5937,391,6193,401,1,5,4,21,3,199,0,29,5,"Knox County",470313,9.14284742288646,0.019672131147541,85.262367827383,1.70099486937423,4.46511153210734,1.9672131147541
2020-04-27,217,2,215,2,2,0,246,4,5546,161,5792,165,0,4,1,17,1,196,0,29,5,"Knox County",470313,8.7175987055429,0.0192389910218042,35.0830191808434,0.425248717343556,3.61461409742023,1.92389910218042
2020-04-26,215,1,213,1,2,0,242,1,5385,172,5627,173,0,4,-2,16,3,195,0,29,4,"Knox County",470313,7.44185255351224,0.0180505415162455,36.7840140502176,0.212624358671778,3.40198973874845,1.80505415162455
2020-04-25,214,0,212,0,2,0,241,0,5213,53,5454,53,0,4,-6,18,6,192,0,29,4,"Knox County",470313,6.8039794774969,0.0178936605316973,11.2690910096042,0,3.82723845609201,1.78936605316973
2020-04-24,214,8,212,8,2,0,241,10,5160,836,5401,846,0,4,5,24,3,186,1,29,4,"Knox County",470313,6.59135511882512,0.0155673904137649,179.880207436324,1.70099486937423,5.10298460812268,1.55673904137648
2020-04-23,206,1,204,1,2,0,231,2,4324,137,4555,139,0,4,0,19,1,183,0,28,4,"Knox County",470313,5.95348204280979,0.0150528885272579,29.5547858553772,0.212624358671778,4.03986281476378,1.50528885272579
2020-04-22,205,5,203,3,2,2,229,2,4187,189,4416,191,0,4,1,19,4,182,0,28,4,"Knox County",470313,5.31560896679445,0.0147357723577236,40.6112525063096,1.06312179335889,4.03986281476378,1.47357723577236
2020-04-21,200,4,200,4,0,0,227,5,3998,475,4225,480,0,4,-2,18,6,178,1,28,4,"Knox County",470313,4.46511153210734,0.0117244748412311,102.059692162454,0.850497434687113,3.82723845609201,1.17244748412311
2020-04-20,196,3,196,3,0,0,222,2,3523,175,3745,177,0,4,-1,20,4,172,1,27,4,"Knox County",470313,4.67773589077912,0.0106847984458475,37.6345114849047,0.637873076015334,4.25248717343556,1.06847984458475
2020-04-19,193,0,193,0,0,0,220,0,3348,72,3568,72,0,4,-4,21,4,168,0,26,4,"Knox County",470313,4.46511153210734,0.0107252298263534,15.308953824368,0,4.46511153210734,1.07252298263534
2020-04-18,193,0,193,0,0,0,220,1,3276,135,3496,136,0,4,-5,25,5,164,0,26,4,"Knox County",470313,4.46511153210734,0.0107790298873101,28.9169127793618,0,5.31560896679445,1.07790298873101
2020-04-17,193,2,193,2,0,0,219,3,3141,104,3360,107,0,4,-2,30,4,159,1,26,4,"Knox County",470313,3.18936538007667,0.0115207373271889,22.7508063778803,0.425248717343556,6.37873076015334,1.15207373271889
2020-04-16,191,7,191,7,0,0,216,9,3037,213,3253,222,0,4,2,32,5,155,2,25,4,"Knox County",470313,4.46511153210734,0.015884476534296,47.2026076251348,1.48837051070245,6.8039794774969,1.5884476534296
2020-04-15,184,9,184,9,0,0,207,10,2824,84,3031,94,0,4,3,30,6,150,1,23,4,"Knox County",470313,5.31560896679445,0.0232919254658385,19.9866897151471,1.913619228046,6.37873076015334,2.32919254658385
2020-04-14,175,4,175,4,0,0,197,4,2740,102,2937,106,0,4,1,27,3,144,1,22,4,"Knox County",470313,5.31560896679445,0.0317286652078775,22.5381820192085,0.850497434687113,5.74085768413801,3.17286652078775
2020-04-13,171,4,171,4,0,0,193,9,2638,242,2831,251,0,4,-2,26,6,141,1,21,4,"Knox County",470313,5.52823332546623,0.0364372469635627,53.3687140266163,0.850497434687113,5.52823332546623,3.64372469635628
2020-04-12,167,5,167,5,0,0,184,6,2396,166,2580,172,0,4,1,28,4,135,0,20,4,"Knox County",470313,6.59135511882512,0.0386029411764706,36.5713896915458,1.06312179335889,5.95348204280979,3.86029411764706
2020-04-11,162,5,162,5,0,0,178,8,2230,313,2408,321,1,4,-4,27,8,131,1,20,4,"Knox County",470313,7.65447691218401,0.0384917517674784,68.2524191336408,1.06312179335889,5.74085768413801,3.84917517674784
2020-04-10,157,4,157,4,0,0,170,5,1917,123,2087,128,0,3,0,31,4,123,0,19,4,"Knox County",470313,8.07972562952757,0.0394126738794436,27.2159179099876,0.850497434687113,6.59135511882512,3.94126738794436
2020-04-09,153,1,153,1,0,0,165,1,1794,81,1959,82,0,3,-2,31,3,119,0,19,4,"Knox County",470313,6.8039794774969,0.037261698440208,17.4351974110858,0.212624358671778,6.59135511882512,3.7261698440208
2020-04-08,152,8,152,8,0,0,164,12,1713,111,1877,123,0,3,-3,33,11,116,1,19,4,"Knox County",470313,6.59135511882512,0.0380388841927303,26.1527961166287,1.70099486937423,7.01660383616868,3.80388841927303
2020-04-07,144,20,144,20,0,0,152,25,1602,366,1754,391,0,3,11,36,9,105,2,18,3,"Knox County",470313,9.99334485757357,0.0449591280653951,83.1361242406653,4.25248717343556,7.65447691218401,4.49591280653951
2020-04-06,124,8,124,8,0,0,127,14,1236,54,1363,68,2,3,-2,25,8,96,1,16,3,"Knox County",470313,10.8438422922607,0.0552529182879377,14.4584563896809,1.70099486937423,5.31560896679445,5.52529182879377
2020-04-05,116,4,116,4,0,0,113,10,1182,75,1295,85,0,1,-2,27,6,88,0,15,3,"Knox County",470313,10.6312179335889,0.0626043405676127,18.0730704871011,0.850497434687113,5.74085768413801,6.26043405676127
2020-04-04,112,15,112,15,0,0,103,6,1107,127,1210,133,0,1,4,29,11,82,1,15,2,"Knox County",470313,12.7574615203067,0.0722772277227723,28.2790397033465,3.18936538007667,6.16610640148157,7.22772277227723
2020-04-03,97,4,97,4,0,0,97,3,980,51,1077,54,0,1,-8,25,12,71,1,14,1,"Knox County",470313,12.7574615203067,0.0758547008547008,11.481715368276,0.850497434687113,5.31560896679445,7.58547008547009
2020-04-02,93,7,93,7,0,0,94,7,929,106,1023,113,0,1,NA,33,8,59,0,13,1,"Knox County",470313,14.0332076723374,0.0796277145811789,24.0265525299109,1.48837051070245,7.01660383616868,7.96277145811789
2020-04-01,86,15,86,15,0,0,87,15,823,140,910,155,NA,NA,NA,NA,7,51,1,13,1,"Knox County",470313,15.5215781830398,0.0800800800800801,32.9567755941256,3.18936538007667,NA,8.00800800800801
2020-03-31,71,8,71,8,0,0,72,11,683,58,755,69,NA,NA,NA,NA,12,44,1,12,1,"Knox County",470313,12.9700858789785,0.0974889217134417,14.6710807483527,1.70099486937423,NA,9.74889217134417
2020-03-30,63,13,63,13,0,0,61,15,625,130,686,145,NA,NA,NA,NA,9,32,2,11,1,"Knox County",470313,14.0332076723374,0.0888594164456233,30.8305320074078,2.76411666273312,NA,8.88594164456233
2020-03-29,50,8,50,8,0,0,46,8,495,55,541,63,NA,NA,NA,NA,6,23,1,9,1,"Knox County",470313,14.8837051070245,0.0887978142076503,13.395334596322,1.70099486937423,NA,8.87978142076503
2020-03-28,42,7,42,7,0,0,38,6,440,62,478,68,NA,NA,NA,NA,1,17,1,8,0,"Knox County",470313,13.1827102376502,0.0974512743628186,14.4584563896809,1.48837051070245,NA,9.74512743628186
2020-03-27,35,2,35,2,0,0,32,2,378,54,410,56,NA,NA,NA,NA,5,16,1,7,0,"Knox County",470313,12.7574615203067,0.0956651718983558,11.9069640856196,0.425248717343556,NA,9.56651718983558
2020-03-26,33,7,33,7,0,0,30,7,324,82,354,89,NA,NA,NA,NA,3,11,2,6,0,"Knox County",470313,12.7574615203067,0.0992248062015504,18.9235679217883,1.48837051070245,NA,9.92248062015504
2020-03-25,26,6,26,6,0,0,23,7,242,68,265,75,NA,NA,NA,NA,3,8,1,4,0,"Knox County",470313,10.8438422922607,0.0991150442477876,15.9468269003834,1.27574615203067,NA,9.91150442477876
2020-03-24,20,7,20,7,0,0,16,7,174,43,190,50,NA,NA,NA,NA,2,5,0,3,0,"Knox County",470313,10.6312179335889,0.0952380952380952,10.6312179335889,1.48837051070245,NA,9.52380952380952
2020-03-23,13,4,13,4,0,0,9,4,131,22,140,26,NA,NA,NA,NA,3,3,2,3,0,"Knox County",470313,8.7175987055429,0.0960187353629977,5.52823332546623,0.850497434687113,NA,9.60187353629976
2020-03-22,9,2,9,2,0,0,5,0,109,9,114,9,NA,NA,NA,NA,0,0,1,1,0,"Knox County",470313,7.44185255351224,0.0884718498659517,1.913619228046,0.425248717343556,NA,8.84718498659517
2020-03-21,7,1,7,1,0,0,5,2,100,17,105,19,NA,NA,NA,NA,0,0,0,0,0,"Knox County",470313,6.16610640148157,0.0895061728395062,4.03986281476378,0.212624358671778,NA,8.95061728395062
2020-03-20,6,5,6,5,0,0,3,2,83,38,86,40,NA,NA,NA,NA,0,0,0,0,0,"Knox County",470313,6.8039794774969,0.0941558441558442,8.50497434687113,1.06312179335889,NA,9.41558441558442
2020-03-19,1,0,1,0,0,0,1,0,45,11,46,11,NA,NA,NA,NA,0,0,0,0,0,"Knox County",470313,5.31560896679445,0.0956521739130435,2.33886794538956,0,NA,9.56521739130435
2020-03-18,1,0,1,0,0,0,1,0,34,15,35,15,NA,NA,NA,NA,0,0,0,0,0,"Knox County",470313,4.03986281476378,0.0882352941176471,3.18936538007667,0,NA,8.82352941176471
2020-03-17,1,0,1,0,0,0,1,0,19,5,20,5,NA,NA,NA,NA,0,0,0,0,0,"Knox County",470313,2.55149230406134,0.064,1.06312179335889,0,NA,6.4
2020-03-16,1,1,1,1,0,0,1,1,14,3,15,4,NA,NA,NA,NA,0,0,0,0,0,"Knox County",470313,1.913619228046,0.0485436893203883,0.850497434687113,0.212624358671778,NA,4.85436893203883
2020-03-15,0,0,0,0,0,0,0,0,11,1,11,1,NA,NA,NA,NA,0,0,0,0,0,"Knox County",470313,1.48837051070245,0.0526315789473684,0.212624358671778,0,NA,5.26315789473684
2020-03-14,0,0,0,0,0,0,0,0,10,8,10,8,NA,NA,NA,NA,0,0,0,0,0,"Knox County",470313,1.27574615203067,0.0357142857142857,1.70099486937423,0,NA,3.57142857142857
2020-03-13,0,0,0,0,0,0,0,0,2,0,2,0,NA,NA,NA,NA,0,0,0,0,0,"Knox County",470313,0.212624358671778,0.0227272727272727,0,0,NA,2.27272727272727
2020-03-12,0,0,0,0,0,0,0,0,2,2,2,2,NA,NA,NA,NA,0,0,0,0,0,"Knox County",470313,0.212624358671778,0.0285714285714286,0.425248717343556,0,NA,2.85714285714286
2020-03-12,0,0,0,0,0,0,0,0,0,0,0,0,NA,NA,NA,NA,0,0,0,0,0,"Anderson",76978,NA,NA,0,0,NA,NA
2020-03-13,0,0,0,0,0,0,0,0,1,1,1,1,NA,NA,NA,NA,0,0,0,0,0,"Anderson",76978,NA,NA,1.29907246226194,0,NA,NA
2020-03-14,0,0,0,0,0,0,0,0,1,0,1,0,NA,NA,NA,NA,0,0,0,0,0,"Anderson",76978,NA,NA,0,0,NA,NA
2020-03-15,0,0,0,0,0,0,0,0,1,0,1,0,NA,NA,NA,NA,0,0,0,0,0,"Anderson",76978,NA,NA,0,0,NA,NA
2020-03-16,0,0,0,0,0,0,0,0,2,1,2,1,NA,NA,NA,NA,0,0,0,0,0,"Anderson",76978,NA,NA,1.29907246226194,0,NA,NA
2020-03-17,0,0,0,0,0,0,0,0,4,2,4,2,NA,NA,NA,NA,0,0,0,0,0,"Anderson",76978,NA,NA,2.59814492452389,0,NA,NA
2020-03-18,0,0,0,0,0,0,0,0,4,0,4,0,NA,NA,NA,NA,0,0,0,0,0,"Anderson",76978,0,0,0,0,NA,0
2020-03-19,1,1,1,1,0,0,2,2,5,1,7,3,NA,NA,NA,NA,0,0,0,0,0,"Anderson",76978,1.29907246226194,0.285714285714286,3.89721738678583,1.29907246226194,NA,28.5714285714286
2020-03-20,1,0,1,0,0,0,2,0,7,2,9,2,NA,NA,NA,NA,0,0,0,0,0,"Anderson",76978,1.29907246226194,0.25,2.59814492452389,0,NA,25
2020-03-21,1,0,1,0,0,0,2,0,7,0,9,0,NA,NA,NA,NA,0,0,0,0,0,"Anderson",76978,1.29907246226194,0.25,0,0,NA,25
2020-03-22,1,0,1,0,0,0,2,0,10,3,12,3,NA,NA,NA,NA,0,0,0,0,0,"Anderson",76978,1.29907246226194,0.181818181818182,3.89721738678583,0,NA,18.1818181818182
2020-03-23,1,0,1,0,0,0,2,0,15,5,17,5,NA,NA,NA,NA,0,0,0,0,0,"Anderson",76978,1.29907246226194,0.133333333333333,6.49536231130973,0,NA,13.3333333333333
2020-03-24,1,0,1,0,0,0,2,0,20,5,22,5,NA,NA,NA,NA,0,0,0,0,0,"Anderson",76978,1.29907246226194,0.111111111111111,6.49536231130973,0,NA,11.1111111111111
2020-03-25,2,1,2,1,0,0,4,2,29,9,33,11,NA,NA,NA,NA,1,1,0,0,0,"Anderson",76978,2.59814492452389,0.137931034482759,14.2897970848814,1.29907246226194,NA,13.7931034482759
2020-03-26,3,1,3,1,0,0,5,1,44,15,49,16,NA,NA,NA,NA,0,1,1,1,0,"Anderson",76978,2.59814492452389,0.0714285714285714,20.7851593961911,1.29907246226194,NA,7.14285714285714
2020-03-27,4,1,4,1,0,0,6,1,53,9,59,10,NA,NA,NA,NA,3,4,0,1,0,"Anderson",76978,3.89721738678583,0.08,12.9907246226195,1.29907246226194,NA,8
2020-03-28,7,3,7,3,0,0,9,3,72,19,81,22,NA,NA,NA,NA,0,4,1,2,0,"Anderson",76978,7.79443477357167,0.0972222222222222,28.5795941697628,3.89721738678583,NA,9.72222222222222
2020-03-29,7,0,7,0,0,0,9,0,83,11,92,11,NA,NA,NA,NA,0,4,0,2,0,"Anderson",76978,7.79443477357167,0.0875,14.2897970848814,0,NA,8.75
2020-03-30,8,1,8,1,0,0,10,1,127,44,137,45,NA,NA,NA,NA,1,5,0,2,0,"Anderson",76978,9.09350723583361,0.0666666666666667,58.4582608017875,1.29907246226194,NA,6.66666666666667
2020-03-31,9,1,9,1,0,0,11,1,142,15,153,16,NA,NA,NA,NA,1,6,0,2,0,"Anderson",76978,10.3925796980956,0.0687022900763359,20.7851593961911,1.29907246226194,NA,6.87022900763359
2020-04-01,9,0,9,0,0,0,11,0,163,21,174,21,NA,NA,NA,NA,0,6,0,2,0,"Anderson",76978,9.09350723583361,0.049645390070922,27.2805217075008,0,NA,4.9645390070922
2020-04-02,9,0,9,0,0,0,11,0,179,16,190,16,0,0,NA,3,0,6,0,2,0,"Anderson",76978,7.79443477357167,0.0425531914893617,20.7851593961911,0,3.89721738678583,4.25531914893617
2020-04-03,9,0,9,0,0,0,11,0,192,13,203,13,0,0,-2,1,2,8,0,2,0,"Anderson",76978,6.49536231130972,0.0347222222222222,16.8879420094053,0,1.29907246226194,3.47222222222222
2020-04-04,9,0,9,0,0,0,11,0,219,27,230,27,0,0,0,1,0,8,0,2,0,"Anderson",76978,2.59814492452389,0.0134228187919463,35.0749564810725,0,1.29907246226194,1.34228187919463
2020-04-05,9,0,9,0,0,0,11,0,248,29,259,29,0,0,0,1,0,8,0,2,0,"Anderson",76978,2.59814492452389,0.0119760479041916,37.6731014055964,0,1.29907246226194,1.19760479041916
2020-04-06,9,0,9,0,0,0,11,0,262,14,273,14,0,0,-1,0,1,9,0,2,0,"Anderson",76978,1.29907246226194,0.00735294117647059,18.1870144716672,0,0,0.735294117647059
2020-04-07,10,1,10,1,0,0,12,1,304,42,316,43,0,0,1,1,0,9,0,2,0,"Anderson",76978,1.29907246226194,0.00613496932515337,55.8601158772636,1.29907246226194,1.29907246226194,0.613496932515337
2020-04-08,10,0,10,0,0,0,12,0,322,18,334,18,1,1,-1,0,0,9,0,2,1,"Anderson",76978,1.29907246226194,0.00625,23.383304320715,0,0,0.625
2020-04-09,10,0,10,0,0,0,12,0,350,28,362,28,0,1,0,0,0,9,0,2,1,"Anderson",76978,1.29907246226194,0.00581395348837209,36.3740289433345,0,0,0.581395348837209
2020-04-10,10,0,10,0,0,0,12,0,366,16,378,16,0,1,0,0,0,9,0,2,1,"Anderson",76978,1.29907246226194,0.00571428571428571,20.7851593961911,0,0,0.571428571428571
2020-04-11,10,0,10,0,0,0,12,0,439,73,451,73,0,1,0,0,0,9,0,2,1,"Anderson",76978,1.29907246226194,0.00452488687782805,94.832289745122,0,0,0.452488687782805
2020-04-12,12,2,12,2,0,0,14,2,477,38,491,40,0,1,2,2,0,9,0,2,1,"Anderson",76978,3.89721738678583,0.0129310344827586,51.9628984904778,2.59814492452389,2.59814492452389,1.29310344827586
2020-04-13,13,1,13,1,0,0,15,1,514,37,529,38,0,1,0,2,1,10,0,2,1,"Anderson",76978,5.19628984904778,0.015625,49.3647535659539,1.29907246226194,2.59814492452389,1.5625
2020-04-14,13,0,13,0,0,0,15,0,526,12,541,12,0,1,0,2,0,10,0,2,1,"Anderson",76978,3.89721738678583,0.0133333333333333,15.5888695471433,0,2.59814492452389,1.33333333333333
2020-04-15,13,0,13,0,0,0,15,0,544,18,559,18,0,1,-2,0,2,12,0,2,1,"Anderson",76978,3.89721738678583,0.0133333333333333,23.383304320715,0,0,1.33333333333333
2020-04-16,13,0,13,0,0,0,15,0,566,22,581,22,0,1,0,0,0,12,0,2,1,"Anderson",76978,3.89721738678583,0.0136986301369863,28.5795941697628,0,0,1.36986301369863
2020-04-17,13,0,13,0,0,0,15,0,586,20,601,20,0,1,0,0,0,12,0,2,1,"Anderson",76978,3.89721738678583,0.0134529147982063,25.9814492452389,0,0,1.34529147982063
2020-04-18,13,0,13,0,0,0,15,0,616,30,631,30,0,1,0,0,0,12,0,2,1,"Anderson",76978,3.89721738678583,0.0166666666666667,38.9721738678584,0,0,1.66666666666667
2020-04-19,14,1,14,1,0,0,16,1,628,12,644,13,0,1,0,0,1,13,0,2,1,"Anderson",76978,2.59814492452389,0.0130718954248366,16.8879420094053,1.29907246226194,0,1.30718954248366
2020-04-20,19,5,18,4,1,1,19,3,648,20,667,23,0,1,5,5,0,13,0,2,1,"Anderson",76978,7.79443477357167,0.0289855072463768,29.8786666320247,6.49536231130973,6.49536231130973,2.89855072463768
2020-04-21,20,1,19,1,1,0,22,3,1071,423,1093,426,0,1,1,6,0,13,0,2,1,"Anderson",76978,9.09350723583361,0.0126811594202899,553.404868923589,1.29907246226194,7.79443477357167,1.26811594202899
2020-04-22,21,1,20,1,1,0,24,2,1141,70,1165,72,0,1,0,6,1,14,0,2,1,"Anderson",76978,10.3925796980956,0.0148514851485149,93.53321728286,1.29907246226194,7.79443477357167,1.48514851485149
2020-04-23,21,0,20,0,1,0,24,0,1191,50,1215,50,0,1,-1,5,1,15,0,2,1,"Anderson",76978,10.3925796980956,0.0141955835962145,64.9536231130973,0,6.49536231130973,1.41955835962145
2020-04-24,22,1,21,1,1,0,25,1,1299,108,1324,109,0,1,1,6,0,15,0,2,1,"Anderson",76978,11.6916521603575,0.0138312586445367,141.598898386552,1.29907246226194,7.79443477357167,1.38312586445367
2020-04-25,22,0,21,0,1,0,25,0,1336,37,1361,37,0,1,0,6,0,15,0,2,1,"Anderson",76978,11.6916521603575,0.0136986301369863,48.065681103692,0,7.79443477357167,1.36986301369863
2020-04-26,22,0,21,0,1,0,25,0,1372,36,1397,36,0,1,0,6,0,15,0,2,1,"Anderson",76978,10.3925796980956,0.0119521912350598,46.76660864143,0,7.79443477357167,1.19521912350598
2020-04-27,22,0,21,0,1,0,25,0,1411,39,1436,39,0,1,-1,5,1,16,0,2,1,"Anderson",76978,3.89721738678583,0.00780234070221066,50.6638260282159,0,6.49536231130973,0.780234070221066
2020-04-28,22,0,21,0,1,0,25,0,1690,279,1715,279,0,1,0,5,0,16,0,2,1,"Anderson",76978,2.59814492452389,0.00482315112540193,362.441216971083,0,6.49536231130973,0.482315112540193
2020-04-29,26,4,25,4,1,0,28,3,2070,380,2098,383,0,1,4,9,0,16,0,2,1,"Anderson",76978,6.49536231130972,0.00428724544480171,497.544753046325,5.19628984904778,11.6916521603575,0.428724544480171
2020-04-30,26,0,25,0,1,0,29,1,2102,32,2131,33,0,1,-1,8,1,17,0,2,1,"Anderson",76978,6.49536231130972,0.00545851528384279,42.8693912546442,0,10.3925796980956,0.545851528384279
2020-05-01,26,0,25,0,1,0,29,0,2154,52,2183,52,0,1,-2,6,2,19,0,2,1,"Anderson",76978,5.19628984904778,0.00465657741559953,67.5517680376211,0,7.79443477357167,0.465657741559953
2020-05-02,26,0,25,0,1,0,29,0,2221,67,2250,67,0,1,0,6,0,19,0,2,1,"Anderson",76978,5.19628984904778,0.00449943757030371,87.0378549715503,0,7.79443477357167,0.449943757030371
2020-05-03,27,1,26,1,1,0,30,1,2314,93,2344,94,0,1,1,7,0,19,0,2,1,"Anderson",76978,6.49536231130972,0.00527983104540655,122.112811452623,1.29907246226194,9.09350723583361,0.527983104540655
2020-05-04,27,0,26,0,1,0,30,0,2406,92,2436,92,0,1,-1,6,1,20,0,2,1,"Anderson",76978,6.49536231130972,0.005,119.514666528099,0,7.79443477357167,0.5
2020-05-05,28,1,27,1,1,0,30,0,2475,69,2505,69,0,1,-1,5,2,22,0,2,1,"Anderson",76978,7.79443477357167,0.00632911392405063,89.6359998960742,1.29907246226194,6.49536231130973,0.632911392405063
2020-05-06,30,2,29,2,1,0,31,1,2525,50,2556,51,0,1,2,7,0,22,0,2,1,"Anderson",76978,5.19628984904778,0.00655021834061135,66.2526955753592,2.59814492452389,9.09350723583361,0.655021834061135
2020-05-07,30,0,29,0,1,0,33,2,2597,72,2630,74,0,1,-1,6,1,23,0,2,1,"Anderson",76978,5.19628984904778,0.00801603206412826,96.1313622073839,0,7.79443477357167,0.801603206412826
2020-05-08,30,0,29,0,1,0,33,0,2652,55,2685,55,0,1,0,6,0,23,0,2,1,"Anderson",76978,5.19628984904778,0.00796812749003984,71.448985424407,0,7.79443477357167,0.796812749003984
2020-05-09,30,0,29,0,1,0,33,0,2734,82,2767,82,0,1,0,6,0,23,0,2,1,"Anderson",76978,5.19628984904778,0.00773694390715667,106.523941905479,0,7.79443477357167,0.773694390715667
2020-05-10,30,0,29,0,1,0,33,0,2827,93,2860,93,0,1,-3,3,3,26,0,2,1,"Anderson",76978,3.89721738678583,0.00581395348837209,120.813738990361,0,3.89721738678583,0.581395348837209
2020-05-11,32,2,31,2,1,0,33,0,2909,82,2942,82,0,1,2,5,0,26,0,2,1,"Anderson",76978,6.49536231130972,0.00592885375494071,106.523941905479,2.59814492452389,6.49536231130973,0.592885375494071
2020-05-12,33,1,32,1,1,0,35,2,3042,133,3077,135,0,1,1,6,0,26,0,2,1,"Anderson",76978,6.49536231130972,0.00874125874125874,175.374782405363,1.29907246226194,7.79443477357167,0.874125874125874
2020-05-13,35,2,34,2,1,0,38,3,3220,178,3258,181,0,1,1,7,1,27,1,3,1,"Anderson",76978,6.49536231130972,0.00997150997150997,235.132115669412,2.59814492452389,9.09350723583361,0.997150997150997
2020-05-14,35,0,34,0,1,0,39,1,3346,126,3385,127,0,1,-1,6,1,28,0,3,1,"Anderson",76978,6.49536231130972,0.00794701986754967,164.982202707267,0,7.79443477357167,0.794701986754967
2020-05-15,36,1,35,1,1,0,39,0,3417,71,3456,71,0,1,1,7,0,28,0,3,1,"Anderson",76978,7.79443477357167,0.00778210116731518,92.2341448205981,1.29907246226194,9.09350723583361,0.778210116731518
2020-05-16,36,0,35,0,1,0,41,2,3657,240,3698,242,0,1,-1,6,1,29,0,3,1,"Anderson",76978,7.79443477357167,0.00859291084854995,314.375535867391,0,7.79443477357167,0.859291084854995
2020-05-17,36,0,35,0,1,0,41,0,3727,70,3768,70,0,1,0,6,0,29,0,3,1,"Anderson",76978,7.79443477357167,0.00881057268722467,90.9350723583361,0,7.79443477357167,0.881057268722467
2020-05-18,37,1,36,1,1,0,42,1,3804,77,3846,78,0,1,-2,4,3,32,0,3,1,"Anderson",76978,6.49536231130972,0.00995575221238938,101.327652056432,1.29907246226194,5.19628984904778,0.995575221238938
2020-05-19,37,0,36,0,1,0,42,0,3856,52,3898,52,0,1,0,4,0,32,0,3,1,"Anderson",76978,5.19628984904778,0.00852618757612668,67.5517680376211,0,5.19628984904778,0.852618757612667
2020-05-20,37,0,36,0,1,0,43,1,3921,65,3964,66,0,1,0,4,0,32,0,3,1,"Anderson",76978,2.59814492452389,0.00708215297450425,85.7387825092884,0,5.19628984904778,0.708215297450425
2020-05-21,37,0,36,0,1,0,44,1,4001,80,4045,81,0,1,-1,3,1,33,0,3,1,"Anderson",76978,2.59814492452389,0.00757575757575758,105.224869443218,0,3.89721738678583,0.757575757575758
2020-05-22,38,1,37,1,1,0,45,1,4029,28,4074,29,0,1,-1,2,2,35,1,4,1,"Anderson",76978,2.59814492452389,0.00970873786407767,37.6731014055964,1.29907246226194,2.59814492452389,0.970873786407767
2020-05-23,38,0,37,0,1,0,46,1,4192,163,4238,164,0,1,0,2,0,35,0,4,1,"Anderson",76978,2.59814492452389,0.00925925925925926,213.047883810959,0,2.59814492452389,0.925925925925926
2020-05-24,38,0,37,0,1,0,46,0,4247,55,4293,55,0,1,0,2,0,35,0,4,1,"Anderson",76978,2.59814492452389,0.00952380952380952,71.448985424407,0,2.59814492452389,0.952380952380952
2020-05-25,38,0,37,0,1,0,47,1,4281,34,4328,35,0,1,0,2,0,35,0,4,1,"Anderson",76978,1.29907246226194,0.0103734439834025,45.4675361791681,0,2.59814492452389,1.03734439834025
2020-05-26,38,0,37,0,1,0,47,0,4412,131,4459,131,0,1,-1,1,1,36,0,4,1,"Anderson",76978,1.29907246226194,0.0089126559714795,170.178492556315,0,1.29907246226194,0.89126559714795
2020-05-27,38,0,37,0,1,0,47,0,4515,103,4562,103,0,1,0,1,0,36,0,4,1,"Anderson",76978,1.29907246226194,0.00668896321070234,133.80446361298,0,1.29907246226194,0.668896321070234
2020-05-28,38,0,37,0,1,0,47,0,4563,48,4610,48,0,1,0,1,0,36,0,4,1,"Anderson",76978,1.29907246226194,0.00530973451327434,62.3554781885734,0,1.29907246226194,0.530973451327434
2020-05-29,39,1,38,1,1,0,47,0,4613,50,4660,50,0,1,0,1,1,37,0,4,1,"Anderson",76978,1.29907246226194,0.00341296928327645,64.9536231130973,1.29907246226194,1.29907246226194,0.341296928327645
2020-05-30,39,0,38,0,1,0,48,1,4665,52,4713,53,0,1,0,1,0,37,0,4,1,"Anderson",76978,1.29907246226194,0.00421052631578947,68.8508404998831,0,1.29907246226194,0.421052631578947
2020-05-31,40,1,39,1,1,0,49,1,4731,66,4780,67,0,1,1,2,0,37,0,4,1,"Anderson",76978,2.59814492452389,0.00616016427104723,87.0378549715503,1.29907246226194,2.59814492452389,0.616016427104723
2020-06-01,40,0,39,0,1,0,49,0,4855,124,4904,124,0,1,0,2,0,37,0,4,1,"Anderson",76978,2.59814492452389,0.00347222222222222,161.084985320481,0,2.59814492452389,0.347222222222222
2020-06-02,40,0,39,0,1,0,49,0,4982,127,5031,127,0,1,0,2,0,37,0,4,1,"Anderson",76978,2.59814492452389,0.0034965034965035,164.982202707267,0,2.59814492452389,0.34965034965035
2020-06-03,41,1,40,1,1,0,50,1,5042,60,5092,61,0,1,1,3,0,37,0,4,2,"Anderson",76978,3.89721738678583,0.00566037735849057,79.2434201979787,1.29907246226194,3.89721738678583,0.566037735849057
2020-06-04,41,0,40,0,1,0,50,0,5090,48,5140,48,1,2,-2,1,1,38,0,4,2,"Anderson",76978,3.89721738678583,0.00566037735849057,62.3554781885734,0,1.29907246226194,0.566037735849057
2020-06-05,42,1,41,1,1,0,53,3,5147,57,5200,60,0,2,1,2,0,38,0,4,2,"Anderson",76978,3.89721738678583,0.0111111111111111,77.9443477357167,1.29907246226194,2.59814492452389,1.11111111111111
2020-06-06,43,1,42,1,1,0,54,1,5200,53,5254,54,0,2,1,3,0,38,0,4,2,"Anderson",76978,5.19628984904778,0.011090573012939,70.149912962145,1.29907246226194,3.89721738678583,1.1090573012939
2020-06-07,45,2,43,1,2,1,57,3,5295,95,5352,98,0,2,2,5,0,38,0,4,2,"Anderson",76978,6.49536231130972,0.013986013986014,127.309101301671,2.59814492452389,6.49536231130973,1.3986013986014
2020-06-08,46,1,44,1,2,0,57,0,5336,41,5393,41,0,2,1,6,0,38,0,4,2,"Anderson",76978,7.79443477357167,0.016359918200409,53.2619709527397,1.29907246226194,7.79443477357167,1.6359918200409
2020-06-09,47,1,45,1,2,0,60,3,5517,181,5577,184,0,2,1,7,0,38,0,4,2,"Anderson",76978,9.09350723583361,0.0201465201465201,239.029333056198,1.29907246226194,9.09350723583361,2.01465201465201
2020-06-10,52,5,50,5,2,0,63,3,5725,208,5788,211,0,2,2,9,3,41,0,4,2,"Anderson",76978,14.2897970848814,0.0186781609195402,274.10428953727,6.49536231130973,11.6916521603575,1.86781609195402
2020-06-11,55,3,53,3,2,0,66,3,5870,145,5936,148,0,2,2,11,1,42,1,5,2,"Anderson",76978,18.1870144716672,0.0201005025125628,192.262724414768,3.89721738678583,14.2897970848814,2.01005025125628
2020-06-12,57,2,55,2,2,0,70,4,5952,82,6022,86,0,2,2,13,0,42,0,5,2,"Anderson",76978,19.4860869339292,0.0206812652068127,111.720231754527,2.59814492452389,16.8879420094053,2.06812652068127
2020-06-13,58,1,55,0,3,1,70,0,5995,43,6065,43,0,2,0,13,1,43,0,5,2,"Anderson",76978,19.4860869339292,0.0197287299630086,55.8601158772636,1.29907246226194,16.8879420094053,1.97287299630086
2020-06-14,60,2,57,2,3,0,70,0,6170,175,6240,175,0,2,1,14,1,44,1,6,2,"Anderson",76978,19.4860869339292,0.0146396396396396,227.33768089584,2.59814492452389,18.1870144716672,1.46396396396396
2020-06-15,60,0,57,0,3,0,71,1,6228,58,6299,59,0,2,0,14,0,44,0,6,2,"Anderson",76978,18.1870144716672,0.0154525386313466,76.6452752734548,0,18.1870144716672,1.54525386313466
2020-06-16,64,4,61,4,3,0,75,4,6289,61,6364,65,0,2,3,17,1,45,0,6,2,"Anderson",76978,22.0842318584531,0.0190597204574333,84.4397100470264,5.19628984904778,22.0842318584531,1.90597204574333
2020-06-17,66,2,63,2,3,0,79,4,6326,37,6405,41,0,2,0,17,2,47,0,6,2,"Anderson",76978,18.1870144716672,0.0259319286871961,53.2619709527397,2.59814492452389,22.0842318584531,2.59319286871961
2020-06-18,70,4,67,4,3,0,84,5,6456,130,6540,135,0,2,2,19,2,49,0,6,2,"Anderson",76978,19.4860869339292,0.0298013245033113,175.374782405363,5.19628984904778,24.682376782977,2.98013245033113
2020-06-19,72,2,69,2,3,0,86,2,6521,65,6607,67,0,2,0,19,2,51,0,6,2,"Anderson",76978,19.4860869339292,0.0273504273504274,87.0378549715503,2.59814492452389,24.682376782977,2.73504273504274
2020-06-20,73,1,70,1,3,0,87,1,6559,38,6646,39,0,2,-1,18,2,53,0,6,2,"Anderson",76978,19.4860869339292,0.0292598967297762,50.6638260282159,1.29907246226194,23.383304320715,2.92598967297762
2020-06-21,74,1,71,1,3,0,88,1,6619,60,6707,61,0,2,-1,17,2,55,0,6,2,"Anderson",76978,18.1870144716672,0.0385438972162741,79.2434201979787,1.29907246226194,22.0842318584531,3.85438972162741
2020-06-22,76,2,73,2,3,0,90,2,6711,92,6801,94,0,2,0,17,2,57,1,7,2,"Anderson",76978,20.7851593961911,0.0378486055776892,122.112811452623,2.59814492452389,22.0842318584531,3.78486055776892
2020-06-23,76,0,73,0,3,0,90,0,6800,89,6890,89,0,2,-1,16,1,58,0,7,2,"Anderson",76978,15.5888695471433,0.0285171102661597,115.617449141313,0,20.7851593961911,2.85171102661597
2020-06-24,77,1,74,1,3,0,91,1,6831,31,6922,32,0,2,-2,14,3,61,0,7,2,"Anderson",76978,14.2897970848814,0.02321083172147,41.5703187923822,1.29907246226194,18.1870144716672,2.321083172147
2020-06-25,81,4,78,4,3,0,92,1,6944,113,7036,114,0,2,0,14,4,65,0,7,2,"Anderson",76978,14.2897970848814,0.0161290322580645,148.094260697862,5.19628984904778,18.1870144716672,1.61290322580645
2020-06-26,86,5,83,5,3,0,98,6,6972,28,7070,34,0,2,3,17,2,67,0,7,2,"Anderson",76978,18.1870144716672,0.0259179265658747,44.1684637169061,6.49536231130973,22.0842318584531,2.59179265658747
2020-06-27,87,1,83,0,4,1,98,0,6984,12,7082,12,0,2,-4,13,5,72,0,7,2,"Anderson",76978,18.1870144716672,0.0252293577981651,15.5888695471433,1.29907246226194,16.8879420094053,2.52293577981651
2020-06-28,91,4,87,4,4,0,106,8,7093,109,7199,117,0,2,3,16,1,73,0,7,2,"Anderson",76978,22.0842318584531,0.0365853658536585,151.991478084648,5.19628984904778,20.7851593961911,3.65853658536585
2020-06-29,97,6,92,5,5,1,114,8,7315,222,7429,230,0,2,3,19,3,76,1,8,2,"Anderson",76978,27.2805217075008,0.0382165605095541,298.786666320247,7.79443477357167,24.682376782977,3.82165605095541
2020-06-30,102,5,96,4,6,1,120,6,7479,164,7599,170,0,2,2,21,3,79,0,8,2,"Anderson",76978,33.7758840188106,0.0423131170662905,220.842318584531,6.49536231130973,27.2805217075008,4.23131170662905
2020-07-01,104,2,98,2,6,0,124,4,7600,121,7724,125,0,2,-2,19,4,83,0,8,2,"Anderson",76978,35.0749564810725,0.0411471321695761,162.384057782743,2.59814492452389,24.682376782977,4.11471321695761
2020-07-02,110,6,104,6,6,0,130,6,7839,239,7969,245,0,2,4,23,2,85,0,8,2,"Anderson",76978,37.6731014055964,0.0407288317256163,318.272753254177,7.79443477357167,29.8786666320247,4.07288317256163
2020-07-03,120,10,113,9,7,1,142,12,7963,124,8105,136,0,2,7,30,3,88,0,8,2,"Anderson",76978,44.1684637169061,0.042512077294686,176.673854867625,12.9907246226195,38.9721738678584,4.2512077294686
2020-07-04,131,11,124,11,7,0,156,14,8147,184,8303,198,0,2,8,38,3,91,2,10,2,"Anderson",76978,57.1591883395256,0.0475020475020475,257.216347527865,14.2897970848814,49.3647535659539,4.75020475020475
2020-07-05,140,9,133,9,7,0,169,13,8303,156,8472,169,0,2,8,46,1,92,1,11,2,"Anderson",76978,63.6545506508353,0.0494893951296151,219.543246122269,11.6916521603575,59.7573332640495,4.94893951296151
2020-07-06,141,1,134,1,7,0,170,1,8330,27,8500,28,0,2,-4,42,5,97,0,11,2,"Anderson",76978,57.1591883395256,0.0522875816993464,36.3740289433345,1.29907246226194,54.5610434150017,5.22875816993464
2020-07-07,157,16,150,16,7,0,190,20,8563,233,8753,253,0,2,12,54,4,101,0,11,2,"Anderson",76978,71.448985424407,0.0606585788561525,328.665332952272,20.7851593961911,70.149912962145,6.06585788561525
2020-07-08,173,16,165,15,8,1,206,16,8703,140,8909,156,0,2,10,64,6,107,0,11,2,"Anderson",76978,89.6359998960742,0.0691983122362869,202.655304112863,20.7851593961911,83.1406375847645,6.91983122362869
2020-07-09,187,14,179,14,8,0,220,14,8971,268,9191,282,0,2,11,75,3,110,0,11,2,"Anderson",76978,100.02857959417,0.0736497545008183,366.338434357868,18.1870144716672,97.4304346696459,7.36497545008183
2020-07-10,193,6,185,6,8,0,227,7,9001,30,9228,37,0,2,1,76,5,115,1,12,2,"Anderson",76978,94.832289745122,0.0756901157613535,48.065681103692,7.79443477357167,98.7295071319078,7.56901157613535
2020-07-11,201,8,193,8,8,0,235,8,9170,169,9405,177,0,2,1,77,7,122,1,13,2,"Anderson",76978,90.9350723583361,0.0716878402903811,229.935825820364,10.3925796980956,100.02857959417,7.16878402903811
2020-07-12,212,11,204,11,8,0,248,13,9353,183,9601,196,0,2,6,83,5,127,0,13,2,"Anderson",76978,93.53321728286,0.0699734278122232,254.618202603341,14.2897970848814,107.823014367741,6.99734278122232
2020-07-13,218,6,209,5,9,1,255,7,9392,39,9647,46,0,2,-6,77,12,139,2,15,2,"Anderson",76978,100.02857959417,0.0741063644289451,59.7573332640495,7.79443477357167,100.02857959417,7.41063644289451
2020-07-14,229,11,219,10,10,1,266,11,9532,140,9798,151,0,2,0,77,11,150,0,15,2,"Anderson",76978,93.53321728286,0.0727272727272727,196.159941801554,14.2897970848814,100.02857959417,7.27272727272727
2020-07-15,245,16,234,15,11,1,285,19,9634,102,9919,121,0,2,0,77,16,166,0,15,2,"Anderson",76978,93.53321728286,0.0782178217821782,157.187767933695,20.7851593961911,100.02857959417,7.82178217821782
2020-07-16,263,18,252,18,11,0,308,23,9923,289,10231,312,0,2,4,81,14,180,1,16,2,"Anderson",76978,98.7295071319078,0.0846153846153846,405.310608225727,23.383304320715,105.224869443218,8.46153846153846
2020-07-17,270,7,259,7,11,0,317,9,9994,71,10311,80,0,2,-8,73,15,195,1,17,3,"Anderson",76978,100.02857959417,0.0831024930747922,103.925796980956,9.09350723583361,94.832289745122,8.31024930747922
2020-07-18,277,7,266,7,11,0,328,11,10208,214,10536,225,0,2,-4,69,11,206,0,17,3,"Anderson",76978,98.7295071319078,0.0822281167108753,292.291304008938,9.09350723583361,89.6359998960742,8.22281167108753
2020-07-19,285,8,274,8,11,0,337,9,10289,81,10626,90,0,2,-5,64,13,219,2,19,3,"Anderson",76978,94.832289745122,0.0868292682926829,116.916521603575,10.3925796980956,83.1406375847645,8.68292682926829
2020-07-20,313,28,302,28,11,0,367,30,10458,169,10825,199,1,3,9,73,18,237,0,19,3,"Anderson",76978,123.411883914885,0.0950764006791171,258.515419990127,36.3740289433345,94.832289745122,9.50764006791171
2020-07-21,336,23,324,22,12,1,391,24,10750,292,11141,316,0,3,12,85,11,248,1,20,3,"Anderson",76978,139.000753462028,0.0930752047654505,410.506898074775,29.8786666320247,110.421159292265,9.30752047654505
2020-07-22,365,29,353,29,12,0,424,33,10885,135,11309,168,0,3,13,98,16,264,0,20,3,"Anderson",76978,155.888695471433,0.1,218.244173660007,37.6731014055964,127.309101301671,10
2020-07-23,388,23,376,23,12,0,455,31,11312,427,11767,458,0,3,9,107,14,278,2,22,3,"Anderson",76978,162.384057782743,0.095703125,594.975187715971,29.8786666320247,139.000753462028,9.5703125
2020-07-24,394,6,382,6,12,0,463,8,11424,112,11887,120,0,3,-16,91,22,300,0,22,4,"Anderson",76978,161.084985320481,0.0926395939086294,155.888695471433,7.79443477357167,118.215594065837,9.26395939086294
2020-07-25,426,32,413,31,13,1,499,36,11681,257,12180,293,1,4,26,117,5,305,1,23,4,"Anderson",76978,193.56179687703,0.104014598540146,380.62823144275,41.5703187923822,151.991478084648,10.4014598540146
2020-07-26,465,39,451,38,14,1,541,42,12084,403,12625,445,0,4,31,148,8,313,2,25,4,"Anderson",76978,233.83304320715,0.102051025512756,578.087245706565,50.6638260282159,192.262724414768,10.2051025512756
2020-07-27,483,18,468,17,15,1,562,21,12264,180,12826,201,0,4,-19,129,37,350,1,26,4,"Anderson",76978,220.842318584531,0.0974512743628186,261.113564914651,23.383304320715,167.580347631791,9.74512743628186
2020-07-28,523,40,508,40,15,0,608,46,12644,380,13252,426,0,4,24,153,16,366,1,27,5,"Anderson",76978,242.926550442984,0.10279488394126,553.404868923589,51.9628984904778,198.758086726078,10.279488394126
2020-07-29,527,4,512,4,15,0,612,4,12680,36,13292,40,1,5,-15,138,18,384,0,27,5,"Anderson",76978,210.449738886435,0.0948058497226425,51.9628984904778,5.19628984904778,179.271999792148,9.48058497226425
2020-07-30,564,37,549,37,15,0,665,53,13165,485,13830,538,0,5,20,158,17,401,0,27,5,"Anderson",76978,228.636753358102,0.101793504604944,698.900984696926,48.065681103692,205.253449037387,10.1793504604944
2020-07-31,576,12,561,12,15,0,679,14,13347,182,14026,196,0,5,-8,150,20,421,0,27,5,"Anderson",76978,236.431188131674,0.100981767180926,254.618202603341,15.5888695471433,194.860869339292,10.0981767180926
2020-08-01,599,23,584,23,15,0,704,25,13756,409,14460,434,0,5,17,167,6,427,1,28,5,"Anderson",76978,224.739535971316,0.0899122807017544,563.797448621684,29.8786666320247,216.945101197745,8.99122807017544
2020-08-02,606,7,591,7,15,0,711,7,13884,128,14595,135,0,5,2,169,5,432,1,29,6,"Anderson",76978,183.169217178934,0.0862944162436548,175.374782405363,9.09350723583361,219.543246122269,8.62944162436548
2020-08-03,631,25,615,24,16,1,742,31,14111,227,14853,258,0,5,14,183,11,443,0,29,6,"Anderson",76978,192.262724414768,0.0888011840157869,335.160695263582,32.4768115565486,237.730260593936,8.88011840157869
2020-08-04,638,7,622,7,16,0,750,8,14354,243,15104,251,2,7,-19,164,24,467,0,29,6,"Anderson",76978,149.393333160124,0.0766738660907127,326.067188027748,9.09350723583361,213.047883810959,7.66738660907127
2020-08-05,653,15,637,15,16,0,769,19,14563,209,15332,228,-1,6,-1,163,17,484,0,29,6,"Anderson",76978,163.683130245005,0.0769607843137255,296.188521395723,19.4860869339292,211.748811348697,7.69607843137255
2020-08-06,675,22,659,22,16,0,799,30,14884,321,15683,351,0,6,3,166,19,503,1,30,6,"Anderson",76978,144.197043311076,0.0723151645979493,455.974434253943,28.5795941697628,215.646028735483,7.23151645979493
2020-08-07,679,4,663,4,16,0,803,4,14965,81,15768,85,0,6,-21,145,25,528,0,30,6,"Anderson",76978,133.80446361298,0.0711825487944891,110.421159292265,5.19628984904778,188.365507027982,7.11825487944891
2020-08-08,690,11,674,11,16,0,819,16,15285,320,16104,336,0,6,1,146,10,538,0,30,6,"Anderson",76978,118.215594065837,0.0699513381995134,436.488347320014,14.2897970848814,189.664579490244,6.99513381995134
2020-08-09,697,7,681,7,16,0,828,9,15422,137,16250,146,0,6,-9,137,16,554,0,30,6,"Anderson",76978,118.215594065837,0.0706948640483384,189.664579490244,9.09350723583361,177.972927329886,7.06948640483384
2020-08-10,702,5,686,5,16,0,834,6,15561,139,16395,145,0,6,-11,126,16,570,0,30,6,"Anderson",76978,92.2341448205981,0.059662775616083,188.365507027982,6.49536231130973,163.683130245005,5.9662775616083
2020-08-11,723,21,707,21,16,0,856,22,15764,203,16620,225,0,6,9,135,12,582,1,31,6,"Anderson",76978,110.421159292265,0.0699208443271768,292.291304008938,27.2805217075008,175.374782405363,6.99208443271768
2020-08-12,731,8,715,8,16,0,864,8,16003,239,16867,247,0,6,-8,127,16,598,0,31,6,"Anderson",76978,101.327652056432,0.0618892508143322,320.8708981787,10.3925796980956,164.982202707267,6.18892508143322
2020-08-13,749,18,733,18,16,0,888,24,16231,228,17119,252,1,7,3,130,14,612,2,33,6,"Anderson",76978,96.1313622073839,0.0619777158774373,327.36626049001,23.383304320715,168.879420094053,6.19777158774373
2020-08-14,766,17,749,16,17,1,910,22,16560,329,17470,351,0,7,-9,121,26,638,0,33,6,"Anderson",76978,113.019304216789,0.0628672150411281,455.974434253943,22.0842318584531,157.187767933695,6.28672150411281
2020-08-15,776,10,759,10,17,0,922,12,16783,223,17705,235,-1,6,5,126,6,644,0,33,6,"Anderson",76978,111.720231754527,0.0643347907557776,305.282028631557,12.9907246226195,163.683130245005,6.43347907557776
2020-08-16,788,12,771,12,17,0,936,14,16925,142,17861,156,0,6,7,133,5,649,0,33,7,"Anderson",76978,118.215594065837,0.0670391061452514,202.655304112863,15.5888695471433,172.776637480839,6.70391061452514
2020-08-17,792,4,775,4,17,0,939,3,16968,43,17907,46,0,6,-13,120,17,666,0,33,7,"Anderson",76978,116.916521603575,0.0694444444444444,59.7573332640495,5.19628984904778,155.888695471433,6.94444444444444
2020-08-18,806,14,789,14,17,0,956,17,17132,164,18088,181,0,6,5,125,9,675,0,33,7,"Anderson",76978,107.823014367741,0.0681198910081744,235.132115669412,18.1870144716672,162.384057782743,6.81198910081744
2020-08-19,820,14,803,14,17,0,970,14,17306,174,18276,188,0,6,0,125,14,689,0,33,7,"Anderson",76978,115.617449141313,0.0752306600425834,244.225622905246,18.1870144716672,162.384057782743,7.52306600425834
2020-08-20,835,15,818,15,17,0,986,16,17748,442,18734,458,0,6,5,130,10,699,0,33,8,"Anderson",76978,111.720231754527,0.0606811145510836,594.975187715971,19.4860869339292,168.879420094053,6.06811145510836
2020-08-21,838,3,821,3,17,0,989,3,17784,36,18773,39,1,7,-7,123,9,708,0,33,8,"Anderson",76978,93.53321728286,0.0606293169608596,50.6638260282159,3.89721738678583,159.785912858219,6.06293169608596
2020-08-22,856,18,839,18,17,0,1008,19,18328,544,19336,563,1,8,10,133,7,715,1,34,8,"Anderson",76978,103.925796980956,0.052728387492336,731.377796253475,23.383304320715,172.776637480839,5.2728387492336
2020-08-23,857,1,840,1,17,0,1009,1,18412,84,19421,85,0,8,-5,128,6,721,0,34,8,"Anderson",76978,89.6359998960742,0.0467948717948718,110.421159292265,1.29907246226194,166.281275169529,4.67948717948718
2020-08-24,858,1,840,0,18,1,1009,0,18451,39,19460,39,0,8,-19,109,20,741,0,34,8,"Anderson",76978,85.7387825092884,0.0450740502253702,50.6638260282159,1.29907246226194,141.598898386552,4.50740502253703
2020-08-25,866,8,848,8,18,0,1017,8,18603,152,19620,160,0,8,-2,107,10,751,1,35,8,"Anderson",76978,77.9443477357167,0.0398172323759791,207.851593961911,10.3925796980956,139.000753462028,3.98172323759791
2020-08-26,872,6,854,6,18,0,1023,6,18783,180,19806,186,0,8,-14,93,20,771,0,35,8,"Anderson",76978,67.5517680376211,0.034640522875817,241.627477980722,7.79443477357167,120.813738990361,3.4640522875817
2020-08-27,875,3,857,3,18,0,1026,3,19194,411,20220,414,0,8,-16,77,19,790,0,35,8,"Anderson",76978,51.9628984904778,0.0269179004037685,537.815999376445,3.89721738678583,100.02857959417,2.69179004037685
2020-08-28,875,0,857,0,18,0,1026,0,19232,38,20258,38,0,8,-20,57,20,810,0,35,8,"Anderson",76978,48.065681103692,0.0249158249158249,49.3647535659539,0,74.0471303489309,2.49158249158249
2020-08-29,884,9,865,8,19,1,1034,8,19494,262,20528,270,0,8,3,60,6,816,0,35,8,"Anderson",76978,36.3740289433345,0.0218120805369128,350.749564810725,11.6916521603575,77.9443477357167,2.18120805369128
2020-08-30,900,16,881,16,19,0,1050,16,19577,83,20627,99,0,8,8,68,8,824,0,35,8,"Anderson",76978,55.8601158772636,0.0339966832504146,128.608173763933,20.7851593961911,88.3369274338123,3.39966832504146
2020-08-31,902,2,883,2,19,0,1052,2,19635,58,20687,60,0,8,-15,53,17,841,0,35,8,"Anderson",76978,57.1591883395256,0.0350448247758761,77.9443477357167,2.59814492452389,68.8508404998831,3.50448247758761
2020-09-01,909,7,889,6,20,1,1058,6,19746,111,20804,117,0,8,0,53,7,848,0,35,8,"Anderson",76978,55.8601158772636,0.0346283783783784,151.991478084648,9.09350723583361,68.8508404998831,3.46283783783784
2020-09-02,917,8,895,6,22,2,1068,10,20062,316,21130,326,0,8,5,58,3,851,0,35,8,"Anderson",76978,58.4582608017875,0.033987915407855,423.497622697394,10.3925796980956,75.3462028111928,3.3987915407855
2020-09-03,933,16,909,14,24,2,1084,16,20386,324,21470,340,0,8,10,68,6,857,0,35,9,"Anderson",76978,75.3462028111928,0.0464,441.684637169061,20.7851593961911,88.3369274338123,4.64
2020-09-04,942,9,917,8,25,1,1094,10,20575,189,21669,199,0,8,6,74,3,860,0,35,9,"Anderson",76978,87.0378549715503,0.0481927710843374,258.515419990127,11.6916521603575,96.1313622073839,4.81927710843374
2020-09-05,961,19,936,19,25,0,1115,21,20844,269,21959,290,0,8,16,90,3,863,1,36,10,"Anderson",76978,100.02857959417,0.0566037735849057,376.731014055964,24.682376782977,116.916521603575,5.66037735849057
2020-09-06,963,2,938,2,25,0,1117,2,20900,56,22017,58,0,8,-1,89,3,866,0,36,10,"Anderson",76978,81.8415651225025,0.0482014388489209,75.3462028111928,2.59814492452389,115.617449141313,4.82014388489209
2020-09-07,966,3,941,3,25,0,1122,5,20988,88,22110,93,0,8,-8,81,11,877,0,36,10,"Anderson",76978,83.1406375847645,0.0491918482080112,120.813738990361,3.89721738678583,105.224869443218,4.91918482080112
2020-09-08,975,9,944,3,31,6,1126,4,21163,175,22289,179,1,9,4,85,4,881,0,36,10,"Anderson",76978,85.7387825092884,0.0457912457912458,232.533970744888,11.6916521603575,110.421159292265,4.57912457912458
2020-09-09,984,9,953,9,31,0,1135,9,21404,241,22539,250,0,9,-3,82,12,893,1,37,11,"Anderson",76978,87.0378549715503,0.0475514549325763,324.768115565486,11.6916521603575,106.523941905479,4.75514549325763
2020-09-10,1013,29,981,28,32,1,1165,30,21773,369,22938,399,1,10,25,107,3,896,0,37,11,"Anderson",76978,103.925796980956,0.0551771117166213,518.329912442516,37.6731014055964,139.000753462028,5.51771117166213
2020-09-11,1014,1,982,1,32,0,1167,2,21906,133,23073,135,0,10,-13,94,14,910,0,37,11,"Anderson",76978,93.53321728286,0.051994301994302,175.374782405363,1.29907246226194,122.112811452623,5.1994301994302
2020-09-12,1017,3,985,3,32,0,1172,5,22048,142,23220,147,0,10,-5,89,8,918,0,37,11,"Anderson",76978,72.7480578866689,0.0452022204599524,190.963651952506,3.89721738678583,115.617449141313,4.52022204599524
2020-09-13,1038,21,1005,20,33,1,1193,21,22292,244,23485,265,0,10,16,105,5,923,1,38,11,"Anderson",76978,97.4304346696459,0.0517711171662125,344.254202499415,27.2805217075008,136.402608537504,5.17711171662125
2020-09-14,1044,6,1010,5,34,1,1199,6,22398,106,23597,112,0,10,-7,98,13,936,1,39,11,"Anderson",76978,101.327652056432,0.0517821116341627,145.496115773338,7.79443477357167,127.309101301671,5.17821116341627
2020-09-15,1060,16,1026,16,34,0,1216,17,22638,240,23854,257,1,11,5,103,10,946,1,40,12,"Anderson",76978,110.421159292265,0.0575079872204473,333.86162280132,20.7851593961911,133.80446361298,5.75079872204473
2020-09-16,1068,8,1034,8,34,0,1228,12,22774,136,24002,148,0,11,-5,98,13,959,0,40,12,"Anderson",76978,109.122086830003,0.063568010936432,192.262724414768,10.3925796980956,127.309101301671,6.3568010936432
2020-09-17,1090,22,1054,20,36,2,1248,20,23195,421,24443,441,0,11,15,113,7,966,1,41,12,"Anderson",76978,100.02857959417,0.0551495016611296,572.890955857518,28.5795941697628,146.7951882356,5.51495016611296
2020-09-18,1109,19,1073,19,36,0,1266,18,23419,224,24685,242,0,11,6,119,13,979,0,41,12,"Anderson",76978,123.411883914885,0.0614143920595533,314.375535867391,24.682376782977,154.589623009171,6.14143920595533
2020-09-19,1124,15,1088,15,36,0,1287,21,23701,282,24988,303,0,11,9,128,6,985,1,42,12,"Anderson",76978,139.000753462028,0.0650452488687783,393.618956065369,19.4860869339292,166.281275169529,6.50452488687783
2020-09-20,1131,7,1095,7,36,0,1297,10,23853,152,25150,162,0,11,0,128,7,992,0,42,13,"Anderson",76978,120.813738990361,0.0624624624624625,210.449738886435,9.09350723583361,166.281275169529,6.24624624624625
2020-09-21,1133,2,1097,2,36,0,1299,2,23886,33,25185,35,0,11,-6,122,8,1000,0,42,13,"Anderson",76978,115.617449141313,0.0629722921914358,45.4675361791681,2.59814492452389,158.486840395957,6.29722921914358
2020-09-22,1147,14,1111,14,36,0,1316,17,24134,248,25450,265,0,11,0,122,14,1014,1,43,13,"Anderson",76978,113.019304216789,0.06265664160401,344.254202499415,18.1870144716672,158.486840395957,6.265664160401
2020-09-23,1147,0,1111,0,36,0,1316,0,24175,41,25491,41,0,11,-12,110,12,1026,0,43,13,"Anderson",76978,102.626724518694,0.0591000671591672,53.2619709527397,0,142.897970848814,5.91000671591672
2020-09-24,1160,13,1124,13,36,0,1331,15,24499,324,25830,339,1,12,0,110,12,1038,0,43,13,"Anderson",76978,90.9350723583361,0.0598413842826244,440.385564706799,16.8879420094053,142.897970848814,5.98413842826244
2020-09-25,1174,14,1137,13,37,1,1344,13,24735,236,26079,249,1,13,-2,108,15,1053,0,43,13,"Anderson",76978,84.4397100470264,0.0559540889526542,323.469043103224,18.1870144716672,140.29982592429,5.59540889526542
2020-09-26,1188,14,1151,14,37,0,1361,17,25035,300,26396,317,0,13,8,116,6,1059,0,43,13,"Anderson",76978,83.1406375847645,0.0525568181818182,411.805970537037,18.1870144716672,150.692405622386,5.25568181818182
2020-09-27,1207,19,1168,17,39,2,1377,16,25242,207,26619,223,0,13,12,128,7,1066,0,43,13,"Anderson",76978,98.7295071319078,0.0544588155207624,289.693159084414,24.682376782977,166.281275169529,5.44588155207624
2020-09-28,1210,3,1170,2,40,1,1379,2,25279,37,26658,39,0,13,-9,119,12,1078,0,43,13,"Anderson",76978,100.02857959417,0.0543109300746775,50.6638260282159,3.89721738678583,154.589623009171,5.43109300746775
2020-09-29,1221,11,1180,10,41,1,1389,10,25573,294,26962,304,0,13,-7,112,18,1096,0,43,13,"Anderson",76978,96.1313622073839,0.0482804232804233,394.918028527631,14.2897970848814,145.496115773338,4.82804232804233
2020-09-30,1233,12,1190,10,43,2,1399,10,25639,66,27038,76,0,13,3,115,9,1105,0,43,13,"Anderson",76978,111.720231754527,0.0536522301228184,98.7295071319078,15.5888695471433,149.393333160124,5.36522301228184
2020-10-01,1249,16,1204,14,45,2,1414,15,25919,280,27333,295,0,13,4,119,12,1117,0,43,13,"Anderson",76978,115.617449141313,0.0552228875582169,383.226376367274,20.7851593961911,154.589623009171,5.52228875582169
2020-10-02,1256,7,1210,6,46,1,1421,7,26001,82,27422,89,0,13,1,120,6,1123,0,43,13,"Anderson",76978,106.523941905479,0.0573343261355175,115.617449141313,9.09350723583361,155.888695471433,5.73343261355175
2020-10-03,1272,16,1226,16,46,0,1445,24,26265,264,27710,288,0,13,3,123,13,1136,0,43,13,"Anderson",76978,109.122086830003,0.0639269406392694,374.13286913144,20.7851593961911,159.785912858219,6.39269406392694
2020-10-04,1288,16,1240,14,48,2,1461,16,26602,337,28063,353,0,13,8,131,8,1144,0,43,13,"Anderson",76978,105.224869443218,0.0581717451523546,458.572579178467,20.7851593961911,170.178492556315,5.81717451523546
2020-10-05,1314,26,1265,25,49,1,1488,27,26813,211,28301,238,0,13,11,142,15,1159,1,44,13,"Anderson",76978,135.103536075242,0.0663420572124163,309.179246018343,33.7758840188106,184.468289641196,6.63420572124163
2020-10-06,1342,28,1292,27,50,1,1519,31,27150,337,28669,368,0,13,15,157,13,1172,1,45,13,"Anderson",76978,157.187767933695,0.0761570005858231,478.058666112396,36.3740289433345,203.954376575125,7.61570005858231
2020-10-07,1348,6,1298,6,50,0,1527,8,27385,235,28912,243,0,13,-3,154,9,1181,0,45,13,"Anderson",76978,149.393333160124,0.0683030949839915,315.674608329653,7.79443477357167,200.05715918834,6.83030949839915
2020-10-08,1358,10,1306,8,52,2,1536,9,27624,239,29160,248,0,13,-3,151,13,1194,1,46,13,"Anderson",76978,141.598898386552,0.066776135741653,322.169970640962,12.9907246226195,196.159941801554,6.6776135741653
2020-10-09,1373,15,1319,13,54,2,1552,16,27797,173,29349,189,0,13,-2,149,17,1211,0,46,13,"Anderson",76978,151.991478084648,0.0679813181110535,245.524695367508,19.4860869339292,193.56179687703,6.79813181110535
2020-10-10,1389,16,1335,16,54,0,1572,20,28009,212,29581,232,0,13,3,152,13,1224,1,47,14,"Anderson",76978,151.991478084648,0.0678781400320684,301.384811244771,20.7851593961911,197.459014263816,6.78781400320684
2020-10-11,1417,28,1363,28,54,0,1603,31,28298,289,29901,320,0,13,18,170,10,1234,0,47,14,"Anderson",76978,167.580347631791,0.0772578890097933,415.703187923822,36.3740289433345,220.842318584531,7.72578890097933
2020-10-12,1433,16,1378,15,55,1,1619,16,28377,79,29996,95,0,13,-11,159,27,1261,0,47,14,"Anderson",76978,154.589623009171,0.0772861356932153,123.411883914885,20.7851593961911,206.552521499649,7.72861356932153
2020-10-13,1453,20,1396,18,57,2,1637,18,28498,121,30135,139,0,13,7,166,13,1274,0,47,14,"Anderson",76978,144.197043311076,0.0804911323328786,180.57107225441,25.9814492452389,215.646028735483,8.04911323328786
2020-10-14,1475,22,1418,22,57,0,1661,24,28798,300,30459,324,0,13,12,178,10,1284,0,47,14,"Anderson",76978,164.982202707267,0.0866192630898513,420.89947777287,28.5795941697628,231.234898282626,8.66192630898513
2020-10-15,1497,22,1434,16,63,6,1675,14,28949,151,30624,165,0,13,2,180,20,1304,1,48,14,"Anderson",76978,180.57107225441,0.0949453551912568,214.346956273221,28.5795941697628,233.83304320715,9.49453551912568
2020-10-16,1504,7,1437,3,67,4,1679,4,29048,99,30727,103,0,13,-11,169,18,1322,0,48,15,"Anderson",76978,170.178492556315,0.0921625544267054,133.80446361298,9.09350723583361,219.543246122269,9.21625544267054
2020-10-17,1532,28,1464,27,68,1,1709,30,29296,248,31005,278,0,13,14,183,14,1336,2,50,15,"Anderson",76978,185.767362103458,0.0962078651685393,361.142144508821,36.3740289433345,237.730260593936,9.62078651685393
2020-10-18,1551,19,1483,19,68,0,1731,22,29535,239,31266,261,0,13,4,187,15,1351,0,50,15,"Anderson",76978,174.075709943101,0.0937728937728938,339.057912650368,24.682376782977,242.926550442984,9.37728937728938
2020-10-19,1555,4,1487,4,68,0,1736,5,29612,77,31348,82,0,13,-16,171,20,1371,1,51,15,"Anderson",76978,158.486840395957,0.0865384615384615,106.523941905479,5.19628984904778,222.141391046793,8.65384615384615
2020-10-20,1582,27,1514,27,68,0,1771,35,29811,199,31582,234,0,13,6,177,21,1392,0,51,15,"Anderson",76978,167.580347631791,0.0926053904630269,303.982956169295,35.0749564810725,229.935825820364,9.26053904630269
2020-10-21,1599,17,1531,17,68,0,1790,19,30027,216,31817,235,0,13,8,185,9,1401,1,52,15,"Anderson",76978,161.084985320481,0.0949926362297496,305.282028631557,22.0842318584531,240.32840551846,9.49926362297496
2020-10-22,1620,21,1552,21,68,0,1815,25,30359,332,32174,357,1,14,-4,181,24,1425,0,52,15,"Anderson",76978,159.785912858219,0.0903225806451613,463.768869027514,27.2805217075008,235.132115669412,9.03225806451613
2020-10-23,1635,15,1566,14,69,1,1831,16,30634,275,32465,291,0,14,-7,174,22,1447,0,52,15,"Anderson",76978,170.178492556315,0.0874568469505178,378.030086518226,19.4860869339292,226.038608433578,8.74568469505178
2020-10-24,1666,31,1596,30,70,1,1864,33,31010,376,32874,409,0,14,19,193,12,1459,2,54,17,"Anderson",76978,174.075709943101,0.0829320492241841,531.320637065136,40.2712463301203,250.720985216555,8.29320492241841
2020-10-25,1683,17,1612,16,71,1,1883,19,31206,196,33089,215,0,14,0,193,17,1476,4,58,17,"Anderson",76978,171.477565018577,0.0833790455293472,279.300579386318,22.0842318584531,250.720985216555,8.33790455293472
2020-10-26,1699,16,1627,15,72,1,1901,18,31340,134,33241,152,-1,13,-11,182,28,1504,1,59,17,"Anderson",76978,187.06643456572,0.0871632329635499,197.459014263816,20.7851593961911,236.431188131674,8.71632329635499
2020-10-27,1728,29,1651,24,77,5,1925,24,31495,155,33420,179,1,14,10,192,18,1522,2,61,17,"Anderson",76978,189.664579490244,0.0837867247007617,232.533970744888,37.6731014055964,249.421912754293,8.37867247007617
2020-10-28,1784,56,1705,54,79,2,1984,59,31929,434,33913,493,0,14,34,226,22,1544,0,61,17,"Anderson",76978,240.32840551846,0.0925572519083969,640.442723895139,72.7480578866689,293.5903764712,9.25572519083969
2020-10-29,1813,29,1726,21,87,8,2003,19,32135,206,34138,225,0,14,6,232,23,1567,2,63,17,"Anderson",76978,250.720985216555,0.0957230142566191,292.291304008938,37.6731014055964,301.384811244771,9.57230142566191
2020-10-30,1850,37,1760,34,90,3,2041,38,32286,151,34327,189,2,16,20,252,15,1582,1,64,17,"Anderson",76978,279.300579386318,0.112781954887218,245.524695367508,48.065681103692,327.36626049001,11.2781954887218
2020-10-31,1850,0,1760,0,90,0,2041,0,32287,1,34328,1,0,16,-10,242,10,1592,0,64,19,"Anderson",76978,239.029333056198,0.121733149931224,1.29907246226194,0,314.375535867391,12.1733149931224
2020-11-01,1855,5,1765,5,90,0,2049,8,32531,244,34580,252,0,16,-10,232,15,1607,0,64,19,"Anderson",76978,223.440463509055,0.111334674714956,327.36626049001,6.49536231130973,301.384811244771,11.1334674714956
2020-11-02,1888,33,1796,31,92,2,2084,35,32798,267,34882,302,0,16,8,240,25,1632,0,64,20,"Anderson",76978,245.524695367508,0.111517367458867,392.319883603107,42.8693912546442,311.777390942867,11.1517367458867
2020-11-03,1914,26,1821,25,93,1,2109,25,32978,180,35087,205,0,16,6,246,20,1652,0,64,21,"Anderson",76978,241.627477980722,0.110377924415117,266.309854763699,33.7758840188106,319.571825716438,11.0377924415117
2020-11-04,1932,18,1836,15,96,3,2127,18,33057,79,35184,97,2,18,1,247,15,1667,1,65,21,"Anderson",76978,192.262724414768,0.112509834775767,126.010028839409,23.383304320715,320.8708981787,11.2509834775767
2020-11-05,1956,24,1854,18,102,6,2147,20,33156,99,35303,119,0,18,1,248,23,1690,0,65,22,"Anderson",76978,185.767362103458,0.123605150214592,154.589623009171,31.1777390942867,322.169970640962,12.3605150214592
2020-11-06,2005,49,1900,46,105,3,2196,49,33523,367,35719,416,0,18,24,272,25,1715,2,67,23,"Anderson",76978,201.356231650601,0.111350574712644,540.414144300969,63.6545506508353,353.347709735249,11.1350574712644
2020-11-07,2085,80,1977,77,108,3,2273,77,33970,447,36243,524,0,18,50,322,30,1745,0,67,23,"Anderson",76978,305.282028631557,0.121148825065274,680.713970225259,103.925796980956,418.301332848346,12.1148825065274
2020-11-08,2139,54,2028,51,111,3,2335,62,34580,610,36915,672,0,18,39,361,15,1760,1,68,23,"Anderson",76978,368.936579282392,0.122483940042827,872.976694640027,70.149912962145,468.965158876562,12.2483940042827
2020-11-09,2147,8,2035,7,112,1,2344,9,34654,74,36998,83,0,18,-46,315,54,1814,0,68,23,"Anderson",76978,336.459767725844,0.122873345935728,107.823014367741,10.3925796980956,409.207825612513,12.2873345935728
2020-11-10,2166,19,2053,18,113,1,2366,22,34825,171,37191,193,0,18,-16,299,35,1849,1,69,23,"Anderson",76978,327.36626049001,0.122148288973384,250.720985216555,24.682376782977,388.422666216322,12.2148288973384
2020-11-11,2205,39,2089,36,116,3,2408,42,35098,273,37506,315,1,19,13,312,25,1874,1,70,23,"Anderson",76978,354.646782197511,0.121016365202412,409.207825612513,50.6638260282159,405.310608225727,12.1016365202412
2020-11-12,2212,7,2095,6,117,1,2416,8,35296,198,37712,206,0,19,-13,299,20,1894,0,70,24,"Anderson",76978,332.562550339058,0.111664591116646,267.608927225961,9.09350723583361,388.422666216322,11.1664591116646
2020-11-13,2268,56,2148,53,120,3,2475,59,35558,262,38033,321,2,21,31,330,23,1917,2,72,24,"Anderson",76978,341.656057574892,0.12057044079516,417.002260386084,72.7480578866689,428.693912546442,12.057044079516
2020-11-14,2309,41,2188,40,121,1,2520,45,35954,396,38474,441,1,22,20,350,20,1937,1,73,25,"Anderson",76978,290.992231546676,0.110712684894666,572.890955857518,53.2619709527397,454.675361791681,11.0712684894666
2020-11-15,2407,98,2286,98,121,0,2628,108,36536,582,39164,690,1,23,79,429,18,1955,1,74,25,"Anderson",76978,348.151419886201,0.130280124499778,896.359998960742,127.309101301671,557.302086310374,13.0280124499778
2020-11-16,2456,49,2315,29,141,20,2657,29,36813,277,39470,306,0,23,-6,423,55,2010,1,75,25,"Anderson",76978,401.413390838941,0.126618122977346,397.516173452155,63.6545506508353,549.507651536803,12.6618122977346
2020-11-17,2472,16,2330,15,142,1,2673,16,37019,206,39692,222,2,25,-37,386,51,2061,1,76,26,"Anderson",76978,397.516173452155,0.122750899640144,288.394086622152,20.7851593961911,501.441970433111,12.2750899640144
2020-11-18,2502,30,2356,26,146,4,2699,26,37313,294,40012,320,0,25,-5,381,35,2096,0,76,27,"Anderson",76978,385.824521291798,0.116121308858739,415.703187923822,38.9721738678584,494.946608121801,11.6121308858739
2020-11-19,2560,58,2410,54,150,4,2761,62,37729,416,40490,478,0,25,19,400,39,2135,1,77,27,"Anderson",76978,452.077216867157,0.124190064794816,620.95663696121,75.3462028111928,519.628984904778,12.4190064794816
2020-11-20,2590,30,2437,27,153,3,2792,31,37842,113,40634,144,0,25,-10,390,40,2175,0,77,28,"Anderson",76978,418.301332848346,0.121876201460977,187.06643456572,38.9721738678584,506.638260282159,12.1876201460977
2020-11-21,2647,57,2486,49,161,8,2840,48,38186,344,41026,392,0,25,33,423,24,2199,1,78,28,"Anderson",76978,439.086492244537,0.125391849529781,509.236405206682,74.0471303489309,549.507651536803,12.5391849529781
2020-11-22,2703,56,2535,49,168,7,2897,57,38669,483,41566,540,0,25,42,465,14,2213,1,79,31,"Anderson",76978,384.525448829536,0.111990008326395,701.49912962145,72.7480578866689,604.068694951804,11.1990008326395
2020-11-23,2710,7,2541,6,169,1,2903,6,38691,22,41594,28,0,25,-64,401,71,2284,0,79,32,"Anderson",76978,329.964405414534,0.115819209039548,36.3740289433345,9.09350723583361,520.92805736704,11.5819209039548
2020-11-24,2723,13,2553,12,170,1,2915,12,38848,157,41763,169,2,27,-35,366,46,2330,0,79,32,"Anderson",76978,326.067188027748,0.116851762433607,219.543246122269,16.8879420094053,475.460521187872,11.6851762433607
2020-11-25,2751,28,2574,21,177,7,2936,21,38885,37,41821,58,1,28,-11,355,38,2368,0,79,32,"Anderson",76978,323.469043103224,0.131011608623549,75.3462028111928,36.3740289433345,461.170724102991,13.1011608623549
2020-11-26,2796,45,2616,42,180,3,2981,45,39235,350,42216,395,0,28,-30,325,75,2443,1,80,33,"Anderson",76978,306.581101093819,0.127462340672074,513.133622593468,58.4582608017875,422.198550235132,12.7462340672074
2020-11-27,2895,99,2706,90,189,9,3076,95,39661,426,42737,521,0,28,56,381,43,2486,3,83,35,"Anderson",76978,396.217100989893,0.135045173561579,676.816752838473,128.608173763933,494.946608121801,13.5045173561579
2020-11-28,2926,31,2731,25,195,6,3106,30,39804,143,42910,173,1,29,5,386,25,2511,2,85,35,"Anderson",76978,362.441216971083,0.141188959660297,224.739535971316,40.2712463301203,501.441970433111,14.1188959660297
2020-11-29,3017,91,2820,89,197,2,3202,96,40241,437,43443,533,0,29,65,451,26,2537,1,86,35,"Anderson",76978,407.908753150251,0.162493340436867,692.405622385617,118.215594065837,585.881680480137,16.2493340436867
2020-11-30,3087,70,2886,66,201,4,3275,73,40493,252,43768,325,0,29,1,452,69,2606,0,86,37,"Anderson",76978,489.750318272753,0.171113155473781,422.198550235132,90.9350723583361,587.180752942399,17.1113155473781
2020-12-01,3163,76,2952,66,211,10,3347,72,40924,431,44271,503,1,30,14,466,61,2667,6,92,38,"Anderson",76978,571.591883395256,0.172248803827751,653.433448517758,98.7295071319078,605.367767414066,17.2248803827751
2020-12-02,3178,15,2966,14,212,1,3363,16,41032,108,44395,124,0,30,-40,426,55,2722,0,92,38,"Anderson",76978,554.70394138585,0.165889665889666,161.084985320481,19.4860869339292,553.404868923589,16.5889665889666
2020-12-03,3219,41,2995,29,224,12,3396,33,41256,224,44652,257,1,31,-14,412,54,2776,1,93,39,"Anderson",76978,549.507651536803,0.170361247947455,333.86162280132,53.2619709527397,535.217854451921,17.0361247947455
2020-12-04,3286,67,3055,60,231,7,3459,63,41414,158,44873,221,1,32,-25,387,91,2867,0,93,39,"Anderson",76978,507.93733274442,0.179307116104869,287.09501415989,87.0378549715503,502.741042895373,17.9307116104869
2020-12-05,3317,31,3074,19,243,12,3477,18,41481,67,44958,85,0,32,1,388,30,2897,0,93,39,"Anderson",76978,507.93733274442,0.18115234375,110.421159292265,40.2712463301203,504.040115357635,18.115234375
2020-12-06,3353,36,3103,29,250,7,3505,28,41689,208,45194,236,0,32,12,400,24,2921,2,95,40,"Anderson",76978,436.488347320014,0.173043974871502,306.581101093819,46.76660864143,519.628984904778,17.3043974871502
2020-12-07,3493,140,3227,124,266,16,3641,136,42282,593,45923,729,2,34,28,428,110,3031,4,99,41,"Anderson",76978,527.42341967835,0.169837587006961,947.023824988958,181.870144716672,556.003013848112,16.9837587006961
2020-12-08,3564,71,3276,49,288,22,3693,52,42580,298,46273,350,1,35,-8,420,78,3109,2,101,43,"Anderson",76978,520.92805736704,0.172827172827173,454.675361791681,92.2341448205981,545.610434150017,17.2827172827173
2020-12-09,3669,105,3367,91,302,14,3797,104,42841,261,46638,365,0,35,46,466,59,3168,3,104,44,"Anderson",76978,637.844578970615,0.193490860454748,474.16144872561,136.402608537504,605.367767414066,19.3490860454748
2020-12-10,3763,94,3445,78,318,16,3884,87,43373,532,47257,619,3,38,81,547,10,3178,3,107,45,"Anderson",76978,706.695419470498,0.187332053742802,804.125854140144,122.112811452623,710.592636857284,18.7332053742802
2020-12-11,3836,73,3498,53,338,20,3935,51,43539,166,47474,217,1,39,30,577,42,3220,2,109,45,"Anderson",76978,714.48985424407,0.183006535947712,281.898724310842,94.832289745122,749.564810725142,18.3006535947712
2020-12-12,3924,88,3559,61,365,27,4000,65,44052,513,48052,578,0,39,55,632,33,3253,2,111,45,"Anderson",76978,788.536984593001,0.169036845507434,750.863883187404,114.318376679051,821.013796149549,16.9036845507434
2020-12-13,4156,232,3742,183,414,49,4204,204,44924,872,49128,1076,1,40,188,820,43,3296,0,111,47,"Anderson",76978,1043.15518719634,0.177681748856126,1397.80196939385,301.384811244771,1065.23941905479,17.7681748856126
2020-12-14,4271,115,3828,86,443,29,4303,99,45215,291,49518,390,0,40,-37,783,152,3448,1,112,48,"Anderson",76978,1010.67837563979,0.184144645340751,506.638260282159,149.393333160124,1017.1737379511,18.4144645340751
2020-12-15,4406,135,3913,85,493,50,4399,96,45742,527,50141,623,1,41,42,825,92,3540,6,118,51,"Anderson",76978,1093.81901322456,0.182523267838676,809.322143989192,175.374782405363,1071.7347813661,18.2523267838676
2020-12-16,4475,69,3943,30,532,39,4435,36,46065,323,50500,359,2,43,-17,808,84,3624,4,122,52,"Anderson",76978,1047.05240458313,0.165199378560331,466.367013952038,89.6359998960742,1049.65054950765,16.5199378560331
2020-12-17,4676,201,4117,174,559,27,4629,194,46593,528,51222,722,2,45,114,922,85,3709,2,124,54,"Anderson",76978,1186.05315804516,0.187894073139975,937.930317753124,261.113564914651,1197.74481020551,18.7894073139975
2020-12-18,4774,98,4193,76,581,22,4716,87,46959,366,51675,453,1,46,23,945,74,3783,2,126,54,"Anderson",76978,1218.5299696017,0.185908117114973,588.479825404661,127.309101301671,1227.62347683754,18.5908117114973
2020-12-19,4879,105,4274,81,605,24,4803,87,47217,258,52020,345,0,46,74,1019,31,3814,1,127,55,"Anderson",76978,1240.61420146016,0.202368951612903,448.179999480371,136.402608537504,1323.75483904492,20.2368951612903
2020-12-20,5019,140,4396,122,623,18,4940,137,47681,464,52621,601,2,48,84,1103,54,3868,3,130,56,"Anderson",76978,1121.09953493206,0.2107071285428,780.742549819429,181.870144716672,1432.87692587493,21.07071285428
2020-12-21,5067,48,4414,18,653,30,4963,23,47901,220,52864,243,3,51,-83,1020,128,3996,2,132,59,"Anderson",76978,1034.06167996051,0.197250448296473,315.674608329653,62.3554781885734,1325.05391150718,19.7250448296473
2020-12-22,5137,70,4458,44,679,26,5010,47,48007,106,53017,153,1,52,-31,989,100,4096,2,134,64,"Anderson",76978,949.621969913482,0.212447844228095,198.758086726078,90.9350723583361,1284.78266517706,21.2447844228095
2020-12-23,5211,74,4500,42,711,32,5053,43,48323,316,53376,359,2,54,-8,981,80,4176,2,136,66,"Anderson",76978,956.117332224792,0.214881780250348,466.367013952038,96.1313622073839,1274.39008547897,21.4881780250348
2020-12-24,5269,58,4524,24,745,34,5080,27,48475,152,53555,179,1,55,-47,934,104,4280,1,137,71,"Anderson",76978,770.349970121333,0.193313330475782,232.533970744888,75.3462028111928,1213.33367975266,19.3313330475782
2020-12-25,5362,93,4601,77,761,16,5172,92,48884,409,54056,501,0,55,-16,918,109,4389,1,138,72,"Anderson",76978,763.854607810024,0.191516169676606,650.835303593234,120.813738990361,1192.54852035647,19.1516169676606
2020-12-26,5418,56,4630,29,788,27,5200,28,49003,119,54203,147,0,55,6,924,50,4439,3,141,74,"Anderson",76978,700.200057159188,0.181859825927623,190.963651952506,72.7480578866689,1200.34295513004,18.1859825927623
2020-12-27,5478,60,4667,37,811,23,5236,36,49139,136,54375,172,1,56,30,954,29,4468,6,147,75,"Anderson",76978,596.274260178233,0.168757126567845,223.440463509055,77.9443477357167,1239.3151289979,16.8757126567845
2020-12-28,5525,47,4688,21,837,26,5256,20,49208,69,54464,89,2,58,-85,869,130,4598,4,151,82,"Anderson",76978,594.975187715971,0.183125,115.617449141313,61.0564057263114,1128.89396970563,18.3125
2020-12-29,5621,96,4740,52,881,44,5304,48,49303,95,54607,143,2,60,-34,835,128,4726,5,156,85,"Anderson",76978,628.751071734781,0.184905660377358,185.767362103458,124.710956377147,1084.72550598872,18.4905660377358
2020-12-30,5656,35,4758,18,898,17,5321,17,49431,128,54752,145,6,66,-89,746,118,4844,1,157,88,"Anderson",76978,578.087245706566,0.194767441860465,188.365507027982,45.4675361791681,969.108056847411,19.4767441860465
2020-12-31,5819,163,4858,100,961,63,5423,102,49735,304,55158,406,6,72,63,809,94,4938,1,158,93,"Anderson",76978,714.48985424407,0.213973799126638,527.42341967835,211.748811348697,1050.94962196991,21.3973799126638
2021-01-01,5884,65,4900,42,984,23,5478,55,50011,276,55489,331,0,72,-25,784,90,5028,2,160,94,"Anderson",76978,678.115825300735,0.213538032100488,429.992985008704,84.4397100470264,1018.47281041336,21.3538032100488
2021-01-02,5977,93,4941,41,1036,52,5519,41,50296,285,55815,326,0,72,49,833,44,5072,2,162,96,"Anderson",76978,726.181506404427,0.197890818858561,423.497622697394,120.813738990361,1082.1273610642,19.7890818858561
2021-01-03,6002,25,4953,12,1049,13,5535,16,50348,52,55883,68,0,72,-9,824,34,5106,1,163,99,"Anderson",76978,680.713970225259,0.198275862068966,88.3369274338123,32.4768115565486,1070.43570890384,19.8275862068966
2021-01-04,6039,37,4977,24,1062,13,5566,31,50455,107,56021,138,1,73,-57,767,93,5199,0,163,104,"Anderson",76978,667.72324560264,0.199100834938985,179.271999792148,48.065681103692,996.388578554912,19.9100834938985
2021-01-05,6111,72,5008,31,1103,41,5597,31,50573,118,56170,149,2,75,-47,720,117,5316,2,165,107,"Anderson",76978,636.545506508353,0.187460012795905,193.56179687703,93.53321728286,935.3321728286,18.7460012795905
2021-01-06,6185,74,5048,40,1137,34,5640,43,50734,161,56374,204,5,80,-12,708,81,5397,2,167,109,"Anderson",76978,687.209332536569,0.196670776818742,265.010782301437,96.1313622073839,919.743303281457,19.6670776818742
2021-01-07,6290,105,5128,80,1162,25,5732,92,50955,221,56687,313,1,81,65,773,39,5436,1,168,112,"Anderson",76978,611.863129725376,0.202092871157619,406.609680687989,136.402608537504,1004.18301332848,20.2092871157619
2021-01-08,6373,83,5179,51,1194,32,5784,52,51154,199,56938,251,5,86,62,835,16,5452,2,170,115,"Anderson",76978,635.246434046091,0.211180124223602,326.067188027748,107.823014367741,1084.72550598872,21.1180124223602
2021-01-09,6482,109,5247,68,1235,41,5859,75,51585,431,57444,506,2,88,44,879,63,5515,0,170,117,"Anderson",76978,656.031593442282,0.208717004297115,657.330665904544,141.598898386552,1141.88469432825,20.8717004297115
2021-01-10,6542,60,5272,25,1270,35,5884,25,51679,94,57563,119,2,90,28,907,30,5545,3,173,118,"Anderson",76978,701.49912962145,0.207738095238095,154.589623009171,77.9443477357167,1178.25872327158,20.7738095238095
2021-01-11,6575,33,5282,10,1293,23,5897,13,51750,71,57647,84,1,91,-93,814,125,5670,1,174,120,"Anderson",76978,696.302839772403,0.203567035670357,109.122086830003,42.8693912546442,1057.44498428122,20.3567035670357
2021-01-12,6628,53,5316,34,1312,19,5935,38,51922,172,57857,210,2,93,-100,714,151,5821,1,175,120,"Anderson",76978,671.620462989426,0.200355660936574,272.805217075008,68.8508404998831,927.537738055029,20.0355660936574
2021-01-13,6654,26,5333,17,1321,9,5954,19,52012,90,57966,109,3,96,-44,670,67,5888,0,175,121,"Anderson",76978,609.264984800852,0.197236180904523,141.598898386552,33.7758840188106,870.378549715503,19.7236180904523
2021-01-14,6751,97,5395,62,1356,35,6028,74,52419,407,58447,481,5,101,9,679,83,5971,2,177,123,"Anderson",76978,598.872405102757,0.168181818181818,624.853854347995,126.010028839409,882.070201875861,16.8181818181818
2021-01-15,6785,34,5415,20,1370,14,6052,24,52574,155,58626,179,0,101,-17,662,51,6022,1,178,126,"Anderson",76978,535.217854451921,0.158767772511848,232.533970744888,44.1684637169061,859.985970017408,15.8767772511848
2021-01-16,6849,64,5445,30,1404,34,6085,33,52818,244,58903,277,1,102,2,664,61,6083,1,179,129,"Anderson",76978,476.759593650134,0.154900616860864,359.843072046559,83.1406375847645,862.584114941931,15.4900616860864
2021-01-17,6886,37,5465,20,1421,17,6108,23,52922,104,59030,127,0,102,-7,657,44,6127,0,179,131,"Anderson",76978,446.880927018109,0.152692569870484,164.982202707267,48.065681103692,853.490607706098,15.2692569870484
2021-01-18,6905,19,5473,8,1432,11,6118,10,53018,96,59136,106,1,103,-67,590,85,6212,0,179,132,"Anderson",76978,428.693912546442,0.148421759570181,137.701680999766,24.682376782977,766.452752734548,14.8421759570181
2021-01-19,6947,42,5490,17,1457,25,6138,20,53130,112,59268,132,1,104,-78,512,119,6331,0,179,134,"Anderson",76978,414.40411546156,0.143869596031184,171.477565018577,54.5610434150017,665.125100678116,14.3869596031184
2021-01-20,6975,28,5506,16,1469,12,6157,19,53282,152,59439,171,3,107,-29,483,54,6385,0,179,137,"Anderson",76978,417.002260386084,0.137813985064494,222.141391046793,36.3740289433345,627.451999272519,13.7813985064494
2021-01-21,7031,56,5546,40,1485,16,6196,39,53523,241,59719,280,5,112,-43,440,94,6479,2,181,138,"Anderson",76978,363.740289433345,0.132075471698113,363.740289433345,72.7480578866689,571.591883395256,13.2075471698113
2021-01-22,7069,38,5564,18,1505,20,6218,22,53668,145,59886,167,2,114,-16,424,52,6531,0,181,141,"Anderson",76978,368.936579282392,0.131746031746032,216.945101197745,49.3647535659539,550.806723999065,13.1746031746032
2021-01-23,7107,38,5578,14,1529,24,6231,13,53928,260,60159,273,0,114,8,432,30,6561,1,182,141,"Anderson",76978,335.160695263582,0.116242038216561,354.646782197511,49.3647535659539,561.19930369716,11.6242038216561
2021-01-24,7120,13,5590,12,1530,1,6245,14,53995,67,60240,81,0,114,-22,410,35,6596,0,182,143,"Anderson",76978,303.982956169295,0.113223140495868,105.224869443218,16.8879420094053,532.619709527397,11.3223140495868
2021-01-25,7137,17,5601,11,1536,6,6256,11,54055,60,60311,71,2,116,-47,363,62,6658,1,183,145,"Anderson",76978,301.384811244771,0.117446808510638,92.2341448205981,22.0842318584531,471.563303801086,11.7446808510638
2021-01-26,7164,27,5622,21,1542,6,6281,25,54218,163,60499,188,0,116,-36,327,63,6721,1,184,148,"Anderson",76978,281.898724310842,0.116165718927701,244.225622905246,35.0749564810725,424.796695159656,11.6165718927701
2021-01-27,7181,17,5630,8,1551,9,6290,9,54304,86,60594,95,4,120,-17,310,30,6751,0,184,150,"Anderson",76978,267.608927225961,0.115151515151515,123.411883914885,22.0842318584531,402.712463301203,11.5151515151515
2021-01-28,7268,87,5670,40,1598,47,6337,47,54530,226,60867,273,4,124,24,334,59,6810,0,184,151,"Anderson",76978,307.880173556081,0.122822299651568,354.646782197511,113.019304216789,433.89020239549,12.2822299651568
2021-01-29,7281,13,5674,4,1607,9,6342,5,54575,45,60917,50,1,125,-34,300,46,6856,1,185,151,"Anderson",76978,275.403361999532,0.120271580989331,64.9536231130973,16.8879420094053,389.721738678584,12.0271580989331
2021-01-30,7321,40,5709,35,1612,5,6378,36,54834,259,61212,295,2,127,1,301,37,6893,2,187,152,"Anderson",76978,278.001506924056,0.13960113960114,383.226376367274,51.9628984904778,391.020811140845,13.960113960114
2021-01-31,7337,16,5716,7,1621,9,6389,11,55003,169,61392,180,1,128,-4,297,19,6912,0,187,154,"Anderson",76978,281.898724310842,0.125,233.83304320715,20.7851593961911,385.824521291798,12.5
2021-02-01,7357,20,5728,12,1629,8,6402,13,55056,53,61458,66,1,129,-26,271,45,6957,1,188,156,"Anderson",76978,285.795941697628,0.127288578901482,85.7387825092884,25.9814492452389,352.048637272987,12.7288578901482
2021-02-02,7364,7,5734,6,1630,1,6408,6,55125,69,61533,75,5,134,-45,226,47,7004,0,188,157,"Anderson",76978,259.814492452389,0.122823984526112,97.4304346696459,9.09350723583361,293.5903764712,12.2823984526112
2021-02-03,7386,22,5740,6,1646,16,6418,10,55317,192,61735,202,4,138,1,227,17,7021,0,188,158,"Anderson",76978,266.309854763699,0.112182296231376,262.412637376913,28.5795941697628,294.889448933461,11.2182296231376
2021-02-04,7417,31,5755,15,1662,16,6435,17,55641,324,62076,341,2,140,-4,223,33,7054,0,188,158,"Anderson",76978,193.56179687703,0.0810587262200165,442.983709631323,40.2712463301203,289.693159084414,8.10587262200166
2021-02-05,7435,18,5766,11,1669,7,6452,17,55798,157,62250,174,2,142,-13,210,29,7083,0,188,159,"Anderson",76978,200.05715918834,0.0825206301575394,226.038608433578,23.383304320715,272.805217075008,8.25206301575394
2021-02-06,7461,26,5782,16,1679,10,6472,20,56020,222,62492,242,1,143,8,218,17,7100,1,189,159,"Anderson",76978,181.870144716672,0.0734375,314.375535867391,33.7758840188106,283.197796773104,7.34375
2021-02-07,7474,13,5789,7,1685,6,6480,8,56127,107,62607,115,0,143,-10,208,23,7123,0,189,159,"Anderson",76978,177.972927329886,0.0748971193415638,149.393333160124,16.8879420094053,270.207072150485,7.48971193415638
2021-02-08,7499,25,5795,6,1704,19,6485,5,56149,22,62634,27,2,145,-12,196,35,7158,0,189,159,"Anderson",76978,184.468289641196,0.070578231292517,35.0749564810725,32.4768115565486,254.618202603341,7.0578231292517
2021-02-09,7523,24,5805,10,1718,14,6496,11,56318,169,62814,180,2,147,-24,172,46,7204,2,191,159,"Anderson",76978,206.552521499649,0.068696330991413,233.83304320715,31.1777390942867,223.440463509055,6.8696330991413
2021-02-10,7548,25,5820,15,1728,10,6515,19,56513,195,63028,214,1,148,8,180,16,7220,1,192,159,"Anderson",76978,210.449738886435,0.0750193348801237,278.001506924056,32.4768115565486,233.83304320715,7.50193348801237
2021-02-11,7561,13,5828,8,1733,5,6527,12,56693,180,63220,192,-1,147,-16,164,30,7250,0,192,160,"Anderson",76978,187.06643456572,0.0804195804195804,249.421912754293,16.8879420094053,213.047883810959,8.04195804195804
2021-02-12,7588,27,5843,15,1745,12,6542,15,56887,194,63429,209,0,147,13,177,14,7264,0,192,160,"Anderson",76978,198.758086726078,0.0763358778625954,271.506144612746,35.0749564810725,229.935825820364,7.63358778625954
2021-02-13,7615,27,5854,11,1761,16,6552,10,57076,189,63628,199,0,147,12,189,15,7279,0,192,160,"Anderson",76978,200.05715918834,0.0704225352112676,258.515419990127,35.0749564810725,245.524695367508,7.04225352112676
2021-02-14,7628,13,5863,9,1765,4,6563,11,57137,61,63700,72,2,149,0,189,11,7290,0,192,160,"Anderson",76978,200.05715918834,0.0759377859103385,93.53321728286,16.8879420094053,245.524695367508,7.59377859103385
2021-02-15,7644,16,5871,8,1773,8,6572,9,57210,73,63782,82,0,149,-6,183,22,7312,1,193,161,"Anderson",76978,188.365507027982,0.0757839721254355,106.523941905479,20.7851593961911,237.730260593936,7.57839721254355
2021-02-16,7673,29,5885,14,1788,15,6589,17,57294,84,63883,101,0,149,11,194,18,7330,0,193,161,"Anderson",76978,194.860869339292,0.0869971936389149,131.206318688456,37.6731014055964,252.020057678817,8.69971936389149
2021-02-17,7692,19,5897,12,1795,7,6601,12,57402,108,64003,120,0,149,-9,185,28,7358,0,193,163,"Anderson",76978,187.06643456572,0.0882051282051282,155.888695471433,24.682376782977,240.32840551846,8.82051282051282
2021-02-18,7716,24,5919,22,1797,2,6627,26,57558,156,64185,182,0,149,9,194,15,7373,0,193,163,"Anderson",76978,201.356231650601,0.103626943005181,236.431188131674,31.1777390942867,252.020057678817,10.3626943005181
2021-02-19,7729,13,5930,11,1799,2,6642,15,57604,46,64246,61,0,149,0,194,13,7386,0,193,164,"Anderson",76978,183.169217178934,0.122399020807834,79.2434201979787,16.8879420094053,252.020057678817,12.2399020807834
2021-02-20,7748,19,5937,7,1811,12,6651,9,57726,122,64377,131,1,150,3,197,15,7401,0,193,165,"Anderson",76978,172.776637480839,0.132176234979973,170.178492556315,24.682376782977,255.917275065603,13.2176234979973
2021-02-21,7760,12,5944,7,1816,5,6658,7,57790,64,64448,71,2,152,-1,196,11,7412,1,194,165,"Anderson",76978,171.477565018577,0.127005347593583,92.2341448205981,15.5888695471433,254.618202603341,12.7005347593583
2021-02-22,7765,5,5946,2,1819,3,6664,6,57827,37,64491,43,1,153,-17,179,21,7433,0,194,166,"Anderson",76978,157.187767933695,0.129760225669958,55.8601158772636,6.49536231130973,232.533970744888,12.9760225669958
2021-02-23,7789,24,5955,9,1834,15,6672,8,57970,143,64642,151,2,155,-2,177,24,7457,0,194,168,"Anderson",76978,150.692405622386,0.10935441370224,196.159941801554,31.1777390942867,229.935825820364,10.935441370224
2021-02-24,7821,32,5974,19,1847,13,6695,23,58144,174,64839,197,0,155,15,192,17,7474,0,194,168,"Anderson",76978,167.580347631791,0.11244019138756,255.917275065603,41.5703187923822,249.421912754293,11.244019138756
2021-02-25,7838,17,5982,8,1856,9,6706,11,58271,127,64977,138,1,156,-3,189,19,7493,0,194,168,"Anderson",76978,158.486840395957,0.0997474747474748,179.271999792148,22.0842318584531,245.524695367508,9.97474747474748
2021-02-26,7850,12,5990,8,1860,4,6715,9,58370,99,65085,108,0,156,-17,172,29,7522,0,194,168,"Anderson",76978,157.187767933695,0.0870083432657926,140.29982592429,15.5888695471433,223.440463509055,8.70083432657926
2021-02-27,7859,9,5997,7,1862,2,6721,6,58462,92,65183,98,0,156,-6,166,15,7537,0,194,168,"Anderson",76978,144.197043311076,0.086848635235732,127.309101301671,11.6916521603575,215.646028735483,8.6848635235732
2021-02-28,7873,14,6007,10,1866,4,6732,11,58533,71,65265,82,0,156,0,166,14,7551,0,194,168,"Anderson",76978,146.7951882356,0.0905752753977968,106.523941905479,18.1870144716672,215.646028735483,9.05752753977968
2021-03-01,7881,8,6012,5,1869,3,6739,7,58568,35,65307,42,0,156,-11,155,19,7570,0,194,169,"Anderson",76978,150.692405622386,0.0919117647058824,54.5610434150017,10.3925796980956,201.356231650601,9.19117647058824
2021-03-02,7904,23,6023,11,1881,12,6749,10,58684,116,65433,126,1,157,-2,153,24,7594,1,195,169,"Anderson",76978,149.393333160124,0.0973451327433628,163.683130245005,29.8786666320247,198.758086726078,9.73451327433628
2021-03-03,7937,33,6044,21,1893,12,6774,25,58800,116,65574,141,1,158,13,166,19,7613,0,195,170,"Anderson",76978,150.692405622386,0.107482993197279,183.169217178934,42.8693912546442,215.646028735483,10.7482993197279
2021-03-04,7962,25,6057,13,1905,12,6791,17,58963,163,65754,180,0,158,13,179,12,7625,0,195,170,"Anderson",76978,161.084985320481,0.109395109395109,233.83304320715,32.4768115565486,232.533970744888,10.9395109395109
2021-03-05,7995,33,6074,17,1921,16,6813,22,59097,134,65910,156,0,158,18,197,15,7640,2,197,170,"Anderson",76978,188.365507027982,0.118787878787879,202.655304112863,42.8693912546442,255.917275065603,11.8787878787879
2021-03-06,8005,10,6079,5,1926,5,6821,8,59186,89,66007,97,0,158,-1,196,11,7651,0,197,170,"Anderson",76978,189.664579490244,0.121359223300971,126.010028839409,12.9907246226195,254.618202603341,12.1359223300971
2021-03-07,8011,6,6082,3,1929,3,6824,3,59225,39,66049,42,0,158,-10,186,16,7667,0,197,170,"Anderson",76978,179.271999792148,0.11734693877551,54.5610434150017,7.79443477357167,241.627477980722,11.734693877551
2021-03-08,8027,16,6089,7,1938,9,6833,9,59302,77,66135,86,1,159,-4,182,19,7686,0,197,170,"Anderson",76978,189.664579490244,0.113526570048309,111.720231754527,20.7851593961911,236.431188131674,11.3526570048309
2021-03-09,8048,21,6097,8,1951,13,6841,8,59367,65,66208,73,0,159,3,185,18,7704,3,200,171,"Anderson",76978,187.06643456572,0.118709677419355,94.832289745122,27.2805217075008,240.32840551846,11.8709677419355
2021-03-10,8070,22,6110,13,1960,9,6857,16,59524,157,66381,173,0,159,11,196,11,7715,1,201,171,"Anderson",76978,172.776637480839,0.102850061957869,224.739535971316,28.5795941697628,254.618202603341,10.2850061957869
2021-03-11,8093,23,6120,10,1973,13,6867,10,59621,97,66488,107,0,159,1,197,22,7737,1,202,172,"Anderson",76978,170.178492556315,0.103542234332425,139.000753462028,29.8786666320247,255.917275065603,10.3542234332425
2021-03-12,8113,20,6137,17,1976,3,6887,20,59727,106,66614,126,0,159,8,205,12,7749,0,202,172,"Anderson",76978,153.29055054691,0.105113636363636,163.683130245005,25.9814492452389,266.309854763699,10.5113636363636
2021-03-13,8124,11,6141,4,1983,7,6891,4,59803,76,66694,80,0,159,2,207,9,7758,1,203,172,"Anderson",76978,154.589623009171,0.101892285298399,103.925796980956,14.2897970848814,268.907999688223,10.1892285298399
2021-03-14,8130,6,6145,4,1985,2,6897,6,59839,36,66736,42,0,159,-13,194,19,7777,1,204,172,"Anderson",76978,154.589623009171,0.106259097525473,54.5610434150017,7.79443477357167,252.020057678817,10.6259097525473
2021-03-15,8148,18,6151,6,1997,12,6903,6,59872,33,66775,39,0,159,-9,185,27,7804,1,205,172,"Anderson",76978,157.187767933695,0.109375,50.6638260282159,23.383304320715,240.32840551846,10.9375
2021-03-16,8181,33,6164,13,2017,20,6918,15,59965,93,66883,108,0,159,-2,183,35,7839,2,207,172,"Anderson",76978,172.776637480839,0.114074074074074,140.29982592429,42.8693912546442,237.730260593936,11.4074074074074
2021-03-17,8198,17,6175,11,2023,6,6931,13,60052,87,66983,100,0,159,-5,178,22,7861,0,207,173,"Anderson",76978,166.281275169529,0.122923588039867,129.907246226195,22.0842318584531,231.234898282626,12.2923588039867
2021-03-18,8214,16,6187,12,2027,4,6946,15,60133,81,67079,96,1,160,-1,177,16,7877,0,207,173,"Anderson",76978,157.187767933695,0.133671742808799,124.710956377147,20.7851593961911,229.935825820364,13.3671742808799
2021-03-19,8238,24,6201,14,2037,10,6959,13,60252,119,67211,132,0,160,13,190,11,7888,1,208,173,"Anderson",76978,162.384057782743,0.120603015075377,171.477565018577,31.1777390942867,246.82376782977,12.0603015075377
2021-03-20,8250,12,6207,6,2043,6,6967,8,60291,39,67258,47,0,160,3,193,9,7897,1,209,173,"Anderson",76978,163.683130245005,0.134751773049645,61.0564057263114,15.5888695471433,250.720985216555,13.4751773049645
2021-03-21,8260,10,6213,6,2047,4,6974,7,60353,62,67327,69,-1,159,-5,188,16,7913,0,209,173,"Anderson",76978,168.879420094053,0.130287648054146,89.6359998960742,12.9907246226195,244.225622905246,13.0287648054146
2021-03-22,8266,6,6214,1,2052,5,6975,1,60419,66,67394,67,0,159,-9,179,15,7928,1,210,173,"Anderson",76978,153.29055054691,0.116316639741519,87.0378549715503,7.79443477357167,232.533970744888,11.6316639741519
2021-03-23,8272,6,6215,1,2057,5,6976,1,60462,43,67438,44,0,159,-15,164,21,7949,0,210,174,"Anderson",76978,118.215594065837,0.104504504504505,57.1591883395256,7.79443477357167,213.047883810959,10.4504504504505
2021-03-24,8280,8,6222,7,2058,1,6983,7,60583,121,67566,128,1,160,-11,153,18,7967,0,210,174,"Anderson",76978,106.523941905479,0.0891938250428816,166.281275169529,10.3925796980956,198.758086726078,8.91938250428817
2021-03-25,8290,10,6227,5,2063,5,6989,6,60684,101,67673,107,0,160,-10,143,20,7987,0,210,174,"Anderson",76978,98.7295071319078,0.0723905723905724,139.000753462028,12.9907246226195,185.767362103458,7.23905723905724
2021-03-26,8307,17,6239,12,2068,5,7000,11,60750,66,67750,77,0,160,2,145,15,8002,0,210,175,"Anderson",76978,89.6359998960742,0.0760667903525046,100.02857959417,22.0842318584531,188.365507027982,7.60667903525046
2021-03-27,8311,4,6243,4,2068,0,7006,6,60814,64,67820,70,1,161,-12,133,15,8017,2,212,175,"Anderson",76978,79.2434201979786,0.0693950177935943,90.9350723583361,5.19628984904778,172.776637480839,6.93950177935943
2021-03-28,8314,3,6243,0,2071,3,7006,0,60843,29,67849,29,1,162,-12,121,14,8031,0,212,176,"Anderson",76978,70.149912962145,0.0613026819923372,37.6731014055964,3.89721738678583,157.187767933695,6.13026819923372
2021-03-29,8329,15,6247,4,2082,11,7010,4,60929,86,67939,90,1,163,-18,103,32,8063,0,212,177,"Anderson",76978,81.8415651225025,0.0642201834862385,116.916521603575,19.4860869339292,133.80446361298,6.42201834862385
2021-03-30,8334,5,6250,3,2084,2,7013,3,60987,58,68000,61,1,164,-12,91,16,8079,0,212,177,"Anderson",76978,80.5424926602406,0.0658362989323843,79.2434201979787,6.49536231130973,118.215594065837,6.58362989323843
2021-03-31,8357,23,6264,14,2093,9,7029,16,61151,164,68180,180,1,165,10,101,12,8091,1,213,177,"Anderson",76978,100.02857959417,0.0749185667752443,233.83304320715,29.8786666320247,131.206318688456,7.49185667752443
2021-04-01,8366,9,6268,4,2098,5,7033,4,61208,57,68241,61,0,165,-8,93,17,8108,0,213,177,"Anderson",76978,98.7295071319078,0.0774647887323944,79.2434201979787,11.6916521603575,120.813738990361,7.74647887323944
2021-04-02,8375,9,6275,7,2100,2,7040,7,61278,70,68318,77,0,165,-1,92,10,8118,0,213,177,"Anderson",76978,88.3369274338123,0.0704225352112676,100.02857959417,11.6916521603575,119.514666528099,7.04225352112676
2021-04-03,8381,6,6280,5,2101,1,7046,6,61328,50,68374,56,0,165,-8,84,14,8132,0,213,177,"Anderson",76978,90.9350723583361,0.0722021660649819,72.7480578866689,7.79443477357167,109.122086830003,7.22021660649819
2021-04-04,8383,2,6282,2,2101,0,7048,2,61366,38,68414,40,0,165,-6,78,8,8140,0,213,177,"Anderson",76978,89.6359998960742,0.0743362831858407,51.9628984904778,2.59814492452389,101.327652056432,7.43362831858407
2021-04-05,8397,14,6285,3,2112,11,7050,2,61424,58,68474,60,0,165,4,82,10,8150,2,215,177,"Anderson",76978,88.3369274338123,0.0747663551401869,77.9443477357167,18.1870144716672,106.523941905479,7.47663551401869
2021-04-06,8402,5,6289,4,2113,1,7056,6,61466,42,68522,48,0,165,3,85,2,8152,0,215,177,"Anderson",76978,88.3369274338123,0.0823754789272031,62.3554781885734,6.49536231130973,110.421159292265,8.23754789272031
2021-04-07,8422,20,6302,13,2120,7,7070,14,61625,159,68695,173,0,165,10,95,10,8162,2,217,177,"Anderson",76978,84.4397100470264,0.0796116504854369,224.739535971316,25.9814492452389,123.411883914885,7.96116504854369
2021-04-08,8425,3,6304,2,2121,1,7073,3,61716,91,68789,94,5,170,-17,78,15,8177,1,218,177,"Anderson",76978,76.6452752734548,0.072992700729927,122.112811452623,3.89721738678583,101.327652056432,7.2992700729927
2021-04-09,8433,8,6310,6,2123,2,7082,9,61803,87,68885,96,-4,166,8,86,4,8181,0,218,177,"Anderson",76978,75.3462028111928,0.0740740740740741,124.710956377147,10.3925796980956,111.720231754527,7.40740740740741
2021-04-10,8438,5,6315,5,2123,0,7087,5,61874,71,68961,76,0,166,-6,80,11,8192,0,218,177,"Anderson",76978,74.0471303489309,0.0698466780238501,98.7295071319078,6.49536231130973,103.925796980956,6.98466780238501
2021-04-11,8445,7,6320,5,2125,2,7092,5,61918,44,69010,49,-1,165,0,80,8,8200,0,218,177,"Anderson",76978,80.5424926602406,0.0738255033557047,63.6545506508353,9.09350723583361,103.925796980956,7.38255033557047
2021-04-12,8448,3,6323,3,2125,0,7095,3,61987,69,69082,72,0,165,-7,73,10,8210,0,218,177,"Anderson",76978,66.2526955753592,0.0740131578947368,93.53321728286,3.89721738678583,94.832289745122,7.40131578947368
2021-04-13,8458,10,6328,5,2130,5,7101,6,62048,61,69149,67,5,170,-5,68,10,8220,0,218,177,"Anderson",76978,72.7480578866689,0.0717703349282297,87.0378549715503,12.9907246226195,88.3369274338123,7.17703349282297
2021-04-14,8472,14,6337,9,2135,5,7112,11,62186,138,69298,149,0,170,7,75,7,8227,0,218,177,"Anderson",76978,64.9536231130973,0.0696517412935323,193.56179687703,18.1870144716672,97.4304346696459,6.96517412935323
2021-04-15,8481,9,6342,5,2139,4,7117,5,62267,81,69384,86,0,170,6,81,3,8230,0,218,177,"Anderson",76978,72.7480578866689,0.0739495798319328,111.720231754527,11.6916521603575,105.224869443218,7.39495798319328
2021-04-16,8494,13,6353,11,2141,2,7130,13,62420,153,69550,166,0,170,6,87,7,8237,0,218,177,"Anderson",76978,79.2434201979786,0.0721804511278196,215.646028735483,16.8879420094053,113.019304216789,7.21804511278196
2021-04-17,8499,5,6356,3,2143,2,7134,4,62485,65,69619,69,0,170,0,87,5,8242,0,218,177,"Anderson",76978,79.2434201979786,0.0714285714285714,89.6359998960742,6.49536231130973,113.019304216789,7.14285714285714
2021-04-18,8506,7,6362,6,2144,1,7140,6,62530,45,69670,51,0,170,0,87,7,8249,0,218,177,"Anderson",76978,79.2434201979786,0.0727272727272727,66.2526955753592,9.09350723583361,113.019304216789,7.27272727272727
2021-04-19,8512,6,6365,3,2147,3,7143,3,62553,23,69696,26,0,170,-6,81,12,8261,0,218,178,"Anderson",76978,83.1406375847645,0.0781758957654723,33.7758840188106,7.79443477357167,105.224869443218,7.81758957654723
2021-04-20,8518,6,6368,3,2150,3,7146,3,62652,99,69798,102,0,170,-1,80,7,8268,0,218,178,"Anderson",76978,77.9443477357167,0.0693374422187981,132.505391150718,7.79443477357167,103.925796980956,6.93374422187981
2021-04-21,8530,12,6374,6,2156,6,7152,6,62807,155,69959,161,1,171,-2,78,13,8281,0,218,178,"Anderson",76978,75.3462028111928,0.0605143721633888,209.150666424173,15.5888695471433,101.327652056432,6.05143721633888
2021-04-22,8548,18,6380,6,2168,12,7159,7,62951,144,70110,151,0,171,12,90,6,8287,0,218,178,"Anderson",76978,87.0378549715503,0.0578512396694215,196.159941801554,23.383304320715,116.916521603575,5.78512396694215
2021-04-23,8558,10,6385,5,2173,5,7165,6,63117,166,70282,172,0,171,8,98,2,8289,0,218,178,"Anderson",76978,83.1406375847645,0.0478142076502732,223.440463509055,12.9907246226195,127.309101301671,4.78142076502732
2021-04-24,8570,12,6391,6,2179,6,7172,7,63184,67,70356,74,0,171,8,106,4,8293,1,219,178,"Anderson",76978,92.2341448205981,0.0515603799185889,96.1313622073839,15.5888695471433,137.701680999766,5.15603799185889
2021-04-25,8574,4,6393,2,2181,2,7174,2,63224,40,70398,42,0,171,0,106,4,8297,0,219,178,"Anderson",76978,88.3369274338123,0.0467032967032967,54.5610434150017,5.19628984904778,137.701680999766,4.67032967032967
2021-04-26,8583,9,6397,4,2186,5,7178,4,63299,75,70477,79,0,171,2,108,7,8304,0,219,179,"Anderson",76978,92.2341448205981,0.0448143405889885,102.626724518694,11.6916521603575,140.29982592429,4.48143405889885
2021-04-27,8593,10,6403,6,2190,4,7184,6,63367,68,70551,74,0,171,-3,105,13,8317,0,219,179,"Anderson",76978,97.4304346696459,0.050464807436919,96.1313622073839,12.9907246226195,136.402608537504,5.0464807436919
2021-04-28,8610,17,6415,12,2195,5,7197,13,63505,138,70702,151,0,171,1,106,16,8333,1,220,180,"Anderson",76978,103.925796980956,0.0605652759084791,196.159941801554,22.0842318584531,137.701680999766,6.05652759084791
2021-04-29,8616,6,6417,2,2199,4,7200,3,63654,149,70854,152,0,171,-1,105,7,8340,0,220,180,"Anderson",76978,88.3369274338123,0.0551075268817204,197.459014263816,7.79443477357167,136.402608537504,5.51075268817204
2021-04-30,8623,7,6420,3,2203,4,7204,4,63776,122,70980,126,0,171,-2,103,9,8349,0,220,180,"Anderson",76978,84.4397100470264,0.0558739255014327,163.683130245005,9.09350723583361,133.80446361298,5.58739255014327
2021-05-01,8628,5,6423,3,2205,2,7207,3,63839,63,71046,66,0,171,-1,102,6,8355,1,221,180,"Anderson",76978,75.3462028111928,0.0507246376811594,85.7387825092884,6.49536231130973,132.505391150718,5.07246376811594
2021-05-02,8631,3,6424,1,2207,2,7208,1,63890,51,71098,52,0,171,-7,95,10,8365,0,221,180,"Anderson",76978,74.0471303489309,0.0485714285714286,67.5517680376211,3.89721738678583,123.411883914885,4.85714285714286
2021-05-03,8641,10,6429,5,2212,5,7213,5,63996,106,71209,111,0,171,-3,92,13,8378,0,221,180,"Anderson",76978,75.3462028111928,0.0478142076502732,144.197043311076,12.9907246226195,119.514666528099,4.78142076502732
2021-05-04,8643,2,6429,0,2214,2,7214,1,64072,76,71286,77,0,171,-11,81,13,8391,0,221,180,"Anderson",76978,64.9536231130973,0.0408163265306122,100.02857959417,2.59814492452389,105.224869443218,4.08163265306122
2021-05-05,8651,8,6433,4,2218,4,7217,3,64189,117,71406,120,0,171,-3,78,11,8402,0,221,180,"Anderson",76978,53.2619709527397,0.0284090909090909,155.888695471433,10.3925796980956,101.327652056432,2.84090909090909
2021-05-06,8656,5,6436,3,2220,2,7223,6,64241,52,71464,58,0,171,-4,74,9,8411,1,222,180,"Anderson",76978,51.9628984904778,0.0377049180327869,75.3462028111928,6.49536231130973,96.1313622073839,3.77049180327869
2021-05-07,8661,5,6438,2,2223,3,7226,3,64362,121,71588,124,0,171,-4,70,9,8420,0,222,180,"Anderson",76978,49.3647535659539,0.0361842105263158,161.084985320481,6.49536231130973,90.9350723583361,3.61842105263158
2021-05-08,8667,6,6441,3,2226,3,7228,2,64431,69,71659,71,0,171,-6,64,12,8432,1,223,181,"Anderson",76978,50.6638260282159,0.034257748776509,92.2341448205981,7.79443477357167,83.1406375847645,3.4257748776509
2021-05-09,8668,1,6441,0,2227,1,7229,1,64459,28,71688,29,0,171,-4,60,5,8437,0,223,181,"Anderson",76978,48.065681103692,0.0355932203389831,37.6731014055964,1.29907246226194,77.9443477357167,3.55932203389831
2021-05-10,8673,5,6441,0,2232,5,7229,0,64547,88,71776,88,0,171,-5,55,10,8447,0,223,181,"Anderson",76978,41.5703187923822,0.0282186948853616,114.318376679051,6.49536231130973,71.448985424407,2.82186948853616
2021-05-11,8681,8,6442,1,2239,7,7231,2,64589,42,71820,44,0,171,3,58,5,8452,0,223,182,"Anderson",76978,49.3647535659539,0.0318352059925094,57.1591883395256,10.3925796980956,75.3462028111928,3.18352059925094
2021-05-12,8694,13,6449,7,2245,6,7237,6,64693,104,71930,110,0,171,8,66,5,8457,2,225,182,"Anderson",76978,55.8601158772636,0.0381679389312977,142.897970848814,16.8879420094053,85.7387825092884,3.81679389312977
2021-05-13,8698,4,6451,2,2247,2,7239,2,64796,103,72035,105,0,171,-3,63,7,8464,2,227,182,"Anderson",76978,54.5610434150017,0.0280210157618214,136.402608537504,5.19628984904778,81.8415651225025,2.80210157618214
2021-05-14,8706,8,6454,3,2252,5,7244,5,64883,87,72127,92,0,171,2,65,6,8470,0,227,182,"Anderson",76978,58.4582608017875,0.0333951762523191,119.514666528099,10.3925796980956,84.4397100470264,3.33951762523191
2021-05-15,8711,5,6456,2,2255,3,7246,2,64948,65,72194,67,0,171,1,66,4,8474,0,227,182,"Anderson",76978,57.1591883395256,0.0336448598130841,87.0378549715503,6.49536231130973,85.7387825092884,3.36448598130841
2021-05-16,8713,2,6457,1,2256,1,7247,1,64984,36,72231,37,0,171,-5,61,7,8481,0,227,182,"Anderson",76978,58.4582608017875,0.0331491712707182,48.065681103692,2.59814492452389,79.2434201979787,3.31491712707182
2021-05-17,8719,6,6462,5,2257,1,7252,5,65043,59,72295,64,1,172,0,61,5,8486,0,227,182,"Anderson",76978,59.7573332640495,0.0443159922928709,83.1406375847645,7.79443477357167,79.2434201979787,4.43159922928709
2021-05-18,8723,4,6462,0,2261,4,7252,0,65134,91,72386,91,0,172,0,61,4,8490,1,228,182,"Anderson",76978,54.5610434150017,0.0371024734982332,118.215594065837,5.19628984904778,79.2434201979787,3.71024734982332
2021-05-19,8730,7,6467,5,2263,2,7258,6,65253,119,72511,125,0,172,5,66,2,8492,0,228,182,"Anderson",76978,46.76660864143,0.036144578313253,162.384057782743,9.09350723583361,85.7387825092884,3.6144578313253
2021-05-20,8732,2,6469,2,2263,0,7260,2,65372,119,72632,121,0,172,-1,65,3,8495,0,228,182,"Anderson",76978,44.1684637169061,0.0351758793969849,157.187767933695,2.59814492452389,84.4397100470264,3.51758793969849
2021-05-21,8734,2,6469,0,2265,2,7260,0,65442,70,72702,70,0,172,-7,58,9,8504,0,228,182,"Anderson",76978,36.3740289433345,0.0278260869565217,90.9350723583361,2.59814492452389,75.3462028111928,2.78260869565217
2021-05-22,8739,5,6471,2,2268,3,7262,2,65482,40,72744,42,0,172,-3,55,8,8512,0,228,182,"Anderson",76978,36.3740289433345,0.0290909090909091,54.5610434150017,6.49536231130973,71.448985424407,2.90909090909091
2021-05-23,8739,0,6471,0,2268,0,7262,0,65511,29,72773,29,0,172,-3,52,3,8515,0,228,182,"Anderson",76978,33.7758840188106,0.0276752767527675,37.6731014055964,0,67.5517680376211,2.76752767527675
2021-05-24,8747,8,6475,4,2272,4,7265,3,65570,59,72835,62,0,172,1,53,7,8522,0,228,182,"Anderson",76978,36.3740289433345,0.0240740740740741,80.5424926602406,10.3925796980956,68.8508404998831,2.40740740740741
2021-05-25,8749,2,6475,0,2274,2,7266,1,65615,45,72881,46,0,172,-10,43,12,8534,0,228,182,"Anderson",76978,33.7758840188106,0.0282828282828283,59.7573332640495,2.59814492452389,55.8601158772636,2.82828282828283
2021-05-26,8756,7,6480,5,2276,2,7272,6,65715,100,72987,106,0,172,0,43,7,8541,0,228,182,"Anderson",76978,33.7758840188106,0.0294117647058824,137.701680999766,9.09350723583361,55.8601158772636,2.94117647058824
2021-05-27,8758,2,6481,1,2277,1,7273,1,65765,50,73038,51,0,172,-1,42,3,8544,1,229,182,"Anderson",76978,33.7758840188106,0.0320197044334975,66.2526955753592,2.59814492452389,54.5610434150017,3.20197044334975
2021-05-28,8763,5,6485,4,2278,1,7278,5,65848,83,73126,88,0,172,0,42,5,8549,0,229,182,"Anderson",76978,37.6731014055964,0.0424528301886792,114.318376679051,6.49536231130973,54.5610434150017,4.24528301886792
2021-05-29,8764,1,6485,0,2279,1,7278,0,65885,37,73163,37,0,172,-5,37,6,8555,0,229,182,"Anderson",76978,32.4768115565486,0.0381861575178998,48.065681103692,1.29907246226194,48.065681103692,3.81861575178998
2021-05-30,8767,3,6486,1,2281,2,7279,1,65935,50,73214,51,0,172,0,37,3,8558,0,229,182,"Anderson",76978,36.3740289433345,0.0385487528344671,66.2526955753592,3.89721738678583,48.065681103692,3.85487528344671
2021-05-31,8771,4,6489,3,2282,1,7282,3,65986,51,73268,54,0,172,1,38,3,8561,0,229,182,"Anderson",76978,31.1777390942867,0.0392609699769053,70.149912962145,5.19628984904778,49.3647535659539,3.92609699769053
2021-06-01,8774,3,6491,2,2283,1,7283,1,66034,48,73317,49,0,172,1,39,2,8563,1,230,182,"Anderson",76978,32.4768115565486,0.0389908256880734,63.6545506508353,3.89721738678583,50.6638260282159,3.89908256880734
2021-06-02,8778,4,6492,1,2286,3,7285,2,66075,41,73360,43,0,172,-2,37,6,8569,0,230,182,"Anderson",76978,28.5795941697628,0.0348525469168901,55.8601158772636,5.19628984904778,48.065681103692,3.48525469168901
2021-06-03,8779,1,6492,0,2287,1,7288,3,66165,90,73453,93,1,173,-3,34,3,8572,0,230,183,"Anderson",76978,27.2805217075008,0.036144578313253,120.813738990361,1.29907246226194,44.1684637169061,3.6144578313253
2021-06-04,8780,1,6493,1,2287,0,7290,2,66218,53,73508,55,-1,172,-2,32,4,8576,0,230,183,"Anderson",76978,22.0842318584531,0.031413612565445,71.448985424407,1.29907246226194,41.5703187923822,3.1413612565445
2021-06-05,8781,1,6494,1,2287,0,7291,1,66275,57,73566,58,0,172,-3,29,4,8580,0,230,183,"Anderson",76978,22.0842318584531,0.032258064516129,75.3462028111928,1.29907246226194,37.6731014055964,3.2258064516129
2021-06-06,8781,0,6494,0,2287,0,7291,0,66300,25,73591,25,0,172,-4,25,4,8584,0,230,183,"Anderson",76978,18.1870144716672,0.0318302387267905,32.4768115565486,0,32.4768115565486,3.18302387267904
2021-06-07,8782,1,6494,0,2288,1,7291,0,66364,64,73655,64,0,172,-1,24,2,8586,0,230,183,"Anderson",76978,14.2897970848814,0.0232558139534884,83.1406375847645,1.29907246226194,31.1777390942867,2.32558139534884
2021-06-08,8783,1,6494,0,2289,1,7291,0,66401,37,73692,37,0,172,-1,23,2,8588,1,231,184,"Anderson",76978,11.6916521603575,0.0213333333333333,48.065681103692,1.29907246226194,29.8786666320247,2.13333333333333
2021-06-09,8783,0,6494,0,2289,0,7291,0,66483,82,73774,82,0,172,-4,19,4,8592,0,231,184,"Anderson",76978,6.49536231130972,0.0144927536231884,106.523941905479,0,24.682376782977,1.44927536231884
2021-06-10,8787,4,6495,1,2292,3,7292,1,66540,57,73832,58,0,172,4,23,0,8592,0,231,184,"Anderson",76978,10.3925796980956,0.0105540897097625,75.3462028111928,5.19628984904778,29.8786666320247,1.05540897097625
2021-06-11,8788,1,6495,0,2293,1,7293,1,66595,55,73888,56,1,173,-3,20,3,8595,0,231,184,"Anderson",76978,10.3925796980956,0.00789473684210526,72.7480578866689,1.29907246226194,25.9814492452389,0.789473684210526
2021-06-12,8789,1,6495,0,2294,1,7294,1,66650,55,73944,56,2,175,-4,16,3,8598,0,231,184,"Anderson",76978,10.3925796980956,0.00793650793650794,72.7480578866689,1.29907246226194,20.7851593961911,0.793650793650794
2021-06-13,8790,1,6495,0,2295,1,7295,1,66688,38,73983,39,0,175,-3,13,4,8602,0,231,184,"Anderson",76978,11.6916521603575,0.0102040816326531,50.6638260282159,1.29907246226194,16.8879420094053,1.02040816326531
2021-06-14,8792,2,6497,2,2295,0,7297,2,66774,86,74071,88,0,175,1,14,1,8603,0,231,184,"Anderson",76978,12.9907246226194,0.0144230769230769,114.318376679051,2.59814492452389,18.1870144716672,1.44230769230769
2021-06-15,8792,0,6497,0,2295,0,7298,1,66805,31,74103,32,0,175,-2,12,2,8605,0,231,184,"Anderson",76978,11.6916521603575,0.0170316301703163,41.5703187923822,0,15.5888695471433,1.70316301703163
2021-06-16,8793,1,6498,1,2295,0,7299,1,66849,44,74148,45,0,175,0,12,1,8606,0,231,184,"Anderson",76978,12.9907246226194,0.0213903743315508,58.4582608017875,1.29907246226194,15.5888695471433,2.13903743315508
2021-06-17,8793,0,6498,0,2295,0,7299,0,66935,86,74234,86,0,175,-1,11,1,8607,0,231,184,"Anderson",76978,7.79443477357167,0.0174129353233831,111.720231754527,0,14.2897970848814,1.74129353233831
2021-06-18,8795,2,6499,1,2296,1,7303,4,66985,50,74288,54,0,175,1,12,1,8608,0,231,184,"Anderson",76978,9.09350723583361,0.025,70.149912962145,2.59814492452389,15.5888695471433,2.5
2021-06-19,8795,0,6499,0,2296,0,7303,0,67033,48,74336,48,0,175,-1,11,1,8609,0,231,184,"Anderson",76978,7.79443477357167,0.0229591836734694,62.3554781885734,0,14.2897970848814,2.29591836734694
2021-06-20,8795,0,6499,0,2296,0,7304,1,67056,23,74360,24,0,175,-2,9,2,8611,0,231,184,"Anderson",76978,6.49536231130972,0.0238726790450928,31.1777390942867,0,11.6916521603575,2.38726790450928
2021-06-21,8796,1,6499,0,2297,1,7304,0,67096,40,74400,40,0,175,0,9,1,8612,0,231,184,"Anderson",76978,5.19628984904778,0.0212765957446809,51.9628984904778,1.29907246226194,11.6916521603575,2.12765957446809
2021-06-22,8800,4,6500,1,2300,3,7304,0,67138,42,74442,42,0,175,2,11,2,8614,1,232,184,"Anderson",76978,10.3925796980956,0.0176991150442478,54.5610434150017,5.19628984904778,14.2897970848814,1.76991150442478
2021-06-23,8801,1,6501,1,2300,0,7305,1,67186,48,74491,49,0,175,1,12,0,8614,0,232,184,"Anderson",76978,10.3925796980956,0.0174927113702624,63.6545506508353,1.29907246226194,15.5888695471433,1.74927113702624
2021-06-24,8801,0,6501,0,2300,0,7306,1,67231,45,74537,46,0,175,-3,9,3,8617,0,232,184,"Anderson",76978,10.3925796980956,0.0231023102310231,59.7573332640495,0,11.6916521603575,2.31023102310231
2021-06-25,8802,1,6502,1,2300,0,7307,1,67267,36,74574,37,0,175,1,10,0,8617,0,232,184,"Anderson",76978,9.09350723583361,0.013986013986014,48.065681103692,1.29907246226194,12.9907246226195,1.3986013986014
2021-06-26,8803,1,6503,1,2300,0,7308,1,67300,33,74608,34,0,175,0,10,1,8618,0,232,184,"Anderson",76978,10.3925796980956,0.0183823529411765,44.1684637169061,1.29907246226194,12.9907246226195,1.83823529411765
2021-06-27,8803,0,6503,0,2300,0,7308,0,67332,32,74640,32,0,175,0,10,0,8618,0,232,184,"Anderson",76978,10.3925796980956,0.0142857142857143,41.5703187923822,0,12.9907246226195,1.42857142857143
2021-06-28,8804,1,6503,0,2301,1,7309,1,67348,16,74657,17,0,175,1,11,0,8618,0,232,184,"Anderson",76978,10.3925796980956,0.0194552529182879,22.0842318584531,1.29907246226194,14.2897970848814,1.94552529182879
2021-06-29,8807,3,6506,3,2301,0,7312,3,67407,59,74719,62,0,175,2,13,1,8619,0,232,184,"Anderson",76978,9.09350723583361,0.0288808664259928,80.5424926602406,3.89721738678583,16.8879420094053,2.88808664259928
2021-06-30,8807,0,6506,0,2301,0,7312,0,67453,46,74765,46,0,175,-1,12,1,8620,0,232,184,"Anderson",76978,7.79443477357167,0.0255474452554745,59.7573332640495,0,15.5888695471433,2.55474452554745
2021-07-01,8808,1,6507,1,2301,0,7313,1,67490,37,74803,38,0,175,1,13,0,8620,0,232,184,"Anderson",76978,9.09350723583361,0.0263157894736842,49.3647535659539,1.29907246226194,16.8879420094053,2.63157894736842
2021-07-02,8808,0,6507,0,2301,0,7313,0,67533,43,74846,43,0,175,0,13,0,8620,0,232,184,"Anderson",76978,7.79443477357167,0.0220588235294118,55.8601158772636,0,16.8879420094053,2.20588235294118
2021-07-03,8808,0,6507,0,2301,0,7313,0,67554,21,74867,21,0,175,-1,12,1,8621,0,232,184,"Anderson",76978,6.49536231130972,0.0193050193050193,27.2805217075008,0,15.5888695471433,1.93050193050193
2021-07-04,8809,1,6507,0,2302,1,7314,1,67579,25,74893,26,0,175,0,12,1,8622,0,232,184,"Anderson",76978,7.79443477357167,0.0237154150197628,33.7758840188106,1.29907246226194,15.5888695471433,2.37154150197628
2021-07-05,8809,0,6507,0,2302,0,7315,1,67594,15,74909,16,0,175,-1,11,1,8623,0,232,184,"Anderson",76978,6.49536231130972,0.0238095238095238,20.7851593961911,0,14.2897970848814,2.38095238095238
2021-07-06,8810,1,6507,0,2303,1,7315,0,67624,30,74939,30,1,176,-3,8,3,8626,0,232,184,"Anderson",76978,3.89721738678583,0.0136363636363636,38.9721738678584,1.29907246226194,10.3925796980956,1.36363636363636
2021-07-07,8811,1,6507,0,2304,1,7315,0,67670,46,74985,46,0,176,-2,6,3,8629,0,232,184,"Anderson",76978,5.19628984904778,0.0136363636363636,59.7573332640495,1.29907246226194,7.79443477357167,1.36363636363636
2021-07-08,8812,1,6508,1,2304,0,7316,1,67711,41,75027,42,0,176,-1,5,2,8631,0,232,184,"Anderson",76978,5.19628984904778,0.0133928571428571,54.5610434150017,1.29907246226194,6.49536231130973,1.33928571428571
2021-07-09,8814,2,6509,1,2305,1,7317,1,67755,44,75072,45,0,176,1,6,1,8632,0,232,184,"Anderson",76978,7.79443477357167,0.0176991150442478,58.4582608017875,2.59814492452389,7.79443477357167,1.76991150442478
2021-07-10,8816,2,6510,1,2306,1,7318,1,67777,22,75095,23,0,176,2,8,0,8632,1,233,184,"Anderson",76978,10.3925796980956,0.0219298245614035,29.8786666320247,2.59814492452389,10.3925796980956,2.19298245614035
2021-07-11,8816,0,6510,0,2306,0,7318,0,67792,15,75110,15,0,176,0,8,0,8632,0,233,184,"Anderson",76978,9.09350723583361,0.0184331797235023,19.4860869339292,0,10.3925796980956,1.84331797235023
2021-07-12,8824,8,6514,4,2310,4,7322,4,67828,36,75150,40,0,176,7,15,1,8633,1,234,184,"Anderson",76978,19.4860869339292,0.029045643153527,51.9628984904778,10.3925796980956,19.4860869339292,2.9045643153527
2021-07-13,8825,1,6514,0,2311,1,7322,0,67849,21,75171,21,0,176,0,15,1,8634,0,234,186,"Anderson",76978,19.4860869339292,0.0301724137931034,27.2805217075008,1.29907246226194,19.4860869339292,3.01724137931034
2021-07-14,8830,5,6519,5,2311,0,7327,5,67903,54,75230,59,0,176,5,20,0,8634,1,235,186,"Anderson",76978,24.682376782977,0.0489795918367347,76.6452752734548,6.49536231130973,25.9814492452389,4.89795918367347
2021-07-15,8833,3,6522,3,2311,0,7329,2,67936,33,75265,35,0,176,3,23,0,8634,0,235,186,"Anderson",76978,27.2805217075008,0.0546218487394958,45.4675361791681,3.89721738678583,29.8786666320247,5.46218487394958
2021-07-16,8843,10,6524,2,2319,8,7330,1,67964,28,75294,29,0,176,10,33,0,8634,0,235,186,"Anderson",76978,37.6731014055964,0.0585585585585586,37.6731014055964,12.9907246226195,42.8693912546442,5.85585585585586
2021-07-17,8848,5,6525,1,2323,4,7331,1,68000,36,75331,37,0,176,4,37,1,8635,0,235,186,"Anderson",76978,41.5703187923822,0.0550847457627119,48.065681103692,6.49536231130973,48.065681103692,5.50847457627119
2021-07-18,8851,3,6527,2,2324,1,7333,2,68020,20,75353,22,0,176,-1,36,4,8639,0,235,186,"Anderson",76978,45.4675361791681,0.0617283950617284,28.5795941697628,3.89721738678583,46.76660864143,6.17283950617284
2021-07-19,8856,5,6531,4,2325,1,7337,4,68054,34,75391,38,1,177,2,38,2,8641,0,235,186,"Anderson",76978,41.5703187923822,0.0622406639004149,49.3647535659539,6.49536231130973,49.3647535659539,6.22406639004149
2021-07-20,8871,15,6542,11,2329,4,7348,11,68089,35,75437,46,0,177,10,48,5,8646,1,236,186,"Anderson",76978,59.7573332640495,0.0977443609022556,59.7573332640495,19.4860869339292,62.3554781885734,9.77443609022556
2021-07-21,8878,7,6546,4,2332,3,7353,5,68174,85,75527,90,0,177,5,53,2,8648,0,236,187,"Anderson",76978,62.3554781885734,0.0875420875420875,116.916521603575,9.09350723583361,68.8508404998831,8.75420875420875
2021-07-22,8888,10,6551,5,2337,5,7357,4,68230,56,75587,60,0,177,9,62,1,8649,0,236,187,"Anderson",76978,71.448985424407,0.0869565217391304,77.9443477357167,12.9907246226195,80.5424926602406,8.69565217391304
2021-07-23,8898,10,6555,4,2343,6,7362,5,68301,71,75663,76,0,177,10,72,0,8649,0,236,187,"Anderson",76978,71.448985424407,0.0867208672086721,98.7295071319078,12.9907246226195,93.53321728286,8.67208672086721
2021-07-24,8906,8,6559,4,2347,4,7366,4,68355,54,75721,58,0,177,7,79,1,8650,0,236,188,"Anderson",76978,75.3462028111928,0.0897435897435897,75.3462028111928,10.3925796980956,102.626724518694,8.97435897435897
2021-07-25,8911,5,6562,3,2349,2,7367,1,68377,22,75744,23,0,177,2,81,3,8653,0,236,188,"Anderson",76978,77.9443477357167,0.0869565217391304,29.8786666320247,6.49536231130973,105.224869443218,8.69565217391304
2021-07-26,8934,23,6571,9,2363,14,7375,8,68427,50,75802,58,2,179,13,94,8,8661,0,236,188,"Anderson",76978,101.327652056432,0.0924574209245742,75.3462028111928,29.8786666320247,122.112811452623,9.24574209245742
2021-07-27,8949,15,6576,5,2373,10,7380,5,68480,53,75860,58,0,179,12,106,3,8664,0,236,188,"Anderson",76978,101.327652056432,0.0756501182033097,75.3462028111928,19.4860869339292,137.701680999766,7.56501182033097
2021-07-28,8969,20,6584,8,2385,12,7392,12,68563,83,75955,95,0,179,14,120,6,8670,0,236,188,"Anderson",76978,118.215594065837,0.0911214953271028,123.411883914885,25.9814492452389,155.888695471433,9.11214953271028
2021-07-29,8981,12,6594,10,2387,2,7404,12,68612,49,76016,61,0,179,8,128,4,8674,0,236,188,"Anderson",76978,120.813738990361,0.10955710955711,79.2434201979787,15.5888695471433,166.281275169529,10.955710955711
2021-07-30,9012,31,6615,21,2397,10,7427,23,68661,49,76088,72,0,179,19,147,12,8686,1,237,188,"Anderson",76978,148.094260697862,0.152941176470588,93.53321728286,40.2712463301203,190.963651952506,15.2941176470588
2021-07-31,9025,13,6621,6,2404,7,7433,6,68703,42,76136,48,0,179,8,155,5,8691,0,237,188,"Anderson",76978,154.589623009171,0.16144578313253,62.3554781885734,16.8879420094053,201.356231650601,16.144578313253
2021-08-01,9044,19,6633,12,2411,7,7448,15,68742,39,76190,54,0,179,14,169,5,8696,0,237,188,"Anderson",76978,172.776637480839,0.181614349775785,70.149912962145,24.682376782977,219.543246122269,18.1614349775785
2021-08-02,9055,11,6638,5,2417,6,7453,5,68821,79,76274,84,0,179,3,172,8,8704,0,237,188,"Anderson",76978,157.187767933695,0.165254237288136,109.122086830003,14.2897970848814,223.440463509055,16.5254237288136
2021-08-03,9078,23,6649,11,2429,12,7466,13,68893,72,76359,85,0,179,14,186,9,8713,1,238,188,"Anderson",76978,167.580347631791,0.172344689378758,110.421159292265,29.8786666320247,241.627477980722,17.2344689378758
2021-08-04,9104,26,6671,22,2433,4,7487,21,68995,102,76482,123,0,179,24,210,2,8715,0,238,188,"Anderson",76978,175.374782405363,0.180265654648956,159.785912858219,33.7758840188106,272.805217075008,18.0265654648956
2021-08-05,9134,30,6687,16,2447,14,7503,16,69093,98,76596,114,0,179,13,223,17,8732,1,239,188,"Anderson",76978,198.758086726078,0.170689655172414,148.094260697862,38.9721738678584,289.693159084414,17.0689655172414
2021-08-06,9159,25,6703,16,2456,9,7521,18,69236,143,76757,161,0,179,17,240,8,8740,1,240,188,"Anderson",76978,190.963651952506,0.14050822122571,209.150666424173,32.4768115565486,311.777390942867,14.050822122571
2021-08-07,9172,13,6709,6,2463,7,7528,7,69311,75,76839,82,0,179,5,245,8,8748,0,240,188,"Anderson",76978,190.963651952506,0.135135135135135,106.523941905479,16.8879420094053,318.272753254177,13.5135135135135
2021-08-08,9186,14,6717,8,2469,6,7538,10,69363,52,76901,62,0,179,6,251,8,8756,0,240,188,"Anderson",76978,184.468289641196,0.126582278481013,80.5424926602406,18.1870144716672,326.067188027748,12.6582278481013
2021-08-09,9222,36,6736,19,2486,17,7557,19,69462,99,77019,118,0,179,16,267,20,8776,0,240,188,"Anderson",76978,216.945101197745,0.139597315436242,153.29055054691,46.76660864143,346.852347423939,13.9597315436242
2021-08-10,9261,39,6756,20,2505,19,7577,20,69562,100,77139,120,0,179,20,287,19,8795,2,242,188,"Anderson",76978,237.730260593936,0.142307692307692,155.888695471433,50.6638260282159,372.833796669178,14.2307692307692
2021-08-11,9315,54,6780,24,2535,30,7606,29,69694,132,77300,161,0,179,30,317,24,8819,1,243,188,"Anderson",76978,274.10428953727,0.145476772616137,209.150666424173,70.149912962145,411.805970537037,14.5476772616137
2021-08-12,9363,48,6816,36,2547,12,7643,37,69862,168,77505,205,0,179,27,344,21,8840,0,243,190,"Anderson",76978,297.487593857985,0.154015401540154,266.309854763699,62.3554781885734,446.880927018109,15.4015401540154
2021-08-13,9426,63,6851,35,2575,28,7681,38,69976,114,77657,152,2,181,45,389,16,8856,1,244,191,"Anderson",76978,346.852347423939,0.177777777777778,197.459014263816,81.8415651225025,505.339187819897,17.7777777777778
2021-08-14,9476,50,6886,35,2590,15,7713,32,70162,186,77875,218,0,181,29,418,21,8877,0,244,191,"Anderson",76978,394.918028527631,0.178571428571429,283.197796773104,64.9536231130973,543.012289225493,17.8571428571429
2021-08-15,9499,23,6899,13,2600,10,7728,15,70251,89,77979,104,0,181,16,434,7,8884,0,244,191,"Anderson",76978,406.609680687989,0.176252319109462,135.103536075242,29.8786666320247,563.797448621684,17.6252319109462
2021-08-16,9537,38,6923,24,2614,14,7752,24,70340,89,78092,113,0,181,11,445,27,8911,0,244,192,"Anderson",76978,409.207825612513,0.181733457595527,146.7951882356,49.3647535659539,578.087245706565,18.1733457595527
2021-08-17,9580,43,6944,21,2636,22,7776,24,70448,108,78224,132,1,182,14,459,28,8939,0,244,192,"Anderson",76978,414.40411546156,0.183410138248848,171.477565018577,55.8601158772636,596.274260178233,18.3410138248848
2021-08-18,9632,52,6971,27,2661,25,7807,31,70560,112,78367,143,0,182,15,474,37,8976,0,244,193,"Anderson",76978,411.805970537037,0.188378631677601,185.767362103458,67.5517680376211,615.760347112162,18.8378631677601
2021-08-19,9706,74,7004,33,2702,41,7842,35,70712,152,78554,187,0,182,48,522,26,9002,0,244,193,"Anderson",76978,445.581854555847,0.189704480457579,242.926550442984,96.1313622073839,678.115825300735,18.9704480457579
2021-08-20,9766,60,7046,42,2720,18,7886,44,70906,194,78792,238,0,182,26,548,34,9036,2,246,193,"Anderson",76978,441.684637169061,0.180616740088106,309.179246018343,77.9443477357167,711.891709319546,18.0616740088106
2021-08-21,9848,82,7080,34,2768,48,7920,34,71180,274,79100,308,0,182,61,609,21,9057,1,247,193,"Anderson",76978,483.254955961444,0.168979591836735,400.114318376679,106.523941905479,791.135129517524,16.8979591836735
2021-08-22,9870,22,7101,21,2769,1,7948,28,71336,156,79284,184,0,182,-3,606,25,9082,0,247,193,"Anderson",76978,481.955883499182,0.168582375478927,239.029333056198,28.5795941697628,787.237912130739,16.8582375478927
2021-08-23,9918,48,7115,14,2803,34,7965,17,71471,135,79436,152,0,182,-4,602,52,9134,2,249,194,"Anderson",76978,494.946608121801,0.158482142857143,197.459014263816,62.3554781885734,782.041622281691,15.8482142857143
2021-08-24,9962,44,7142,27,2820,17,7989,24,71557,86,79546,110,1,183,-23,579,66,9200,0,249,195,"Anderson",76978,496.245680584063,0.161119515885023,142.897970848814,57.1591883395256,752.162955649666,16.1119515885023
2021-08-25,10033,71,7168,26,2865,45,8011,22,71601,44,79612,66,0,183,15,594,56,9256,1,250,195,"Anderson",76978,520.92805736704,0.163855421686747,85.7387825092884,92.2341448205981,771.649042583595,16.3855421686747
2021-08-26,10101,68,7204,36,2897,32,8055,44,71773,172,79828,216,1,184,15,609,52,9308,2,252,196,"Anderson",76978,513.133622593468,0.167189952904239,280.59965184858,88.3369274338123,791.135129517524,16.7189952904239
2021-08-27,10176,75,7259,55,2917,20,8116,61,71950,177,80066,238,0,184,29,638,46,9354,0,252,196,"Anderson",76978,532.619709527397,0.180533751962323,309.179246018343,97.4304346696459,828.808230923121,18.0533751962323
2021-08-28,10235,59,7291,32,2944,27,8156,40,72154,204,80310,244,0,184,31,669,28,9382,0,252,196,"Anderson",76978,502.741042895373,0.19504132231405,316.973680791915,76.6452752734548,869.079477253241,19.504132231405
2021-08-29,10299,64,7340,49,2959,15,8210,54,72365,211,80575,265,0,184,40,709,24,9406,1,253,197,"Anderson",76978,557.302086310374,0.20294345468629,344.254202499415,83.1406375847645,921.042375743719,20.294345468629
2021-08-30,10370,71,7386,46,2984,25,8258,48,72591,226,80849,274,0,184,3,712,68,9474,3,256,197,"Anderson",76978,587.180752942399,0.207360226468507,355.945854659773,92.2341448205981,924.939593130505,20.7360226468507
2021-08-31,10504,134,7468,82,3036,52,8345,87,72848,257,81193,344,0,184,48,760,86,9560,0,256,198,"Anderson",76978,704.097274545974,0.216150576806314,446.880927018109,174.075709943101,987.295071319078,21.6150576806314
2021-09-01,10535,31,7490,22,3045,9,8369,24,72939,91,81308,115,0,184,-17,743,48,9608,0,256,199,"Anderson",76978,652.134376055496,0.211084905660377,149.393333160124,40.2712463301203,965.210839460625,21.1084905660377
2021-09-02,10594,59,7516,26,3078,33,8398,29,73040,101,81438,130,1,185,-9,734,67,9675,0,256,199,"Anderson",76978,640.442723895139,0.21304347826087,168.879420094053,76.6452752734548,953.519187300268,21.304347826087
2021-09-03,10623,29,7534,18,3089,11,8416,18,73113,73,81529,91,0,185,-38,696,67,9742,0,256,199,"Anderson",76978,580.685390631089,0.205058099794942,118.215594065837,37.6731014055964,904.154433734314,20.5058099794942
2021-09-04,10730,107,7604,70,3126,37,8492,76,73434,321,81926,397,0,185,76,772,31,9773,1,257,199,"Anderson",76978,643.040868819663,0.207920792079208,515.731767517992,139.000753462028,1002.88394086622,20.7920792079208
2021-09-05,10842,112,7678,74,3164,38,8568,76,73738,304,82306,380,0,185,76,848,36,9809,1,258,200,"Anderson",76978,705.396347008236,0.20681686886193,493.647535659539,145.496115773338,1101.61344799813,20.681686886193
2021-09-06,10957,115,7755,77,3202,38,8655,87,74145,407,82800,494,0,185,-4,844,119,9928,3,261,201,"Anderson",76978,762.555535347762,0.203485392106612,641.741796357401,149.393333160124,1096.41715814908,20.3485392106612
2021-09-07,10994,37,7775,20,3219,17,8673,18,74244,99,82917,117,0,185,-73,771,110,10038,0,261,201,"Anderson",76978,636.545506508353,0.190255220417633,151.991478084648,48.065681103692,1001.58486840396,19.0255220417633
2021-09-08,11035,41,7806,31,3229,10,8705,32,74351,107,83056,139,0,185,-56,715,97,10135,2,263,204,"Anderson",76978,649.536231130973,0.192219679633867,180.57107225441,53.2619709527397,928.836810517291,19.2219679633867
2021-09-09,11093,58,7827,21,3266,37,8723,18,74557,206,83280,224,0,185,-42,673,100,10235,1,264,207,"Anderson",76978,648.237158668711,0.176438653637351,290.992231546676,75.3462028111928,874.275767102289,17.6438653637351
2021-09-10,11245,152,7900,73,3345,79,8804,81,74850,293,83654,374,1,186,65,738,86,10321,2,266,208,"Anderson",76978,808.02307152693,0.182588235294118,485.853100885967,197.459014263816,958.715477149315,18.2588235294118
2021-09-11,11360,115,7962,62,3398,53,8873,69,75196,346,84069,415,0,186,82,820,33,10354,1,267,208,"Anderson",76978,818.415651225025,0.177788147456836,539.115071838707,149.393333160124,1065.23941905479,17.7788147456836
2021-09-12,11398,38,7994,32,3404,6,8908,35,75339,143,84247,178,0,186,5,825,33,10387,4,271,209,"Anderson",76978,722.284289017641,0.175167439464194,231.234898282626,49.3647535659539,1071.7347813661,17.5167439464194
2021-09-13,11486,88,8028,34,3458,54,8942,34,75469,130,84411,164,4,190,-48,777,132,10519,3,274,209,"Anderson",76978,687.209332536569,0.178150217256363,213.047883810959,114.318376679051,1009.37930317753,17.8150217256363
2021-09-14,11546,60,8058,30,3488,30,8977,35,75628,159,84605,194,1,191,-47,730,106,10625,1,275,209,"Anderson",76978,717.087999168594,0.180094786729858,252.020057678817,77.9443477357167,948.32289745122,18.0094786729858
2021-09-15,11586,40,8074,16,3512,24,8991,14,75689,61,84680,75,0,191,-42,688,82,10707,1,276,210,"Anderson",76978,715.788926706332,0.176108374384236,97.4304346696459,51.9628984904778,893.761854036218,17.6108374384236
2021-09-16,11672,86,8128,54,3544,32,9047,56,75911,222,84958,278,0,191,26,714,60,10767,1,277,210,"Anderson",76978,752.162955649666,0.193087008343266,361.142144508821,111.720231754527,927.537738055029,19.3087008343266
2021-09-17,11745,73,8170,42,3575,31,9084,37,76074,163,85158,200,0,191,14,728,59,10826,1,278,214,"Anderson",76978,649.536231130973,0.186170212765957,259.814492452389,94.832289745122,945.724752526696,18.6170212765957
2021-09-18,11797,52,8200,30,3597,22,9117,33,76228,154,85345,187,0,191,7,735,45,10871,1,279,215,"Anderson",76978,567.69466600847,0.191222570532915,242.926550442984,67.5517680376211,954.81825976253,19.1222570532915
2021-09-19,11820,23,8209,9,3611,14,9127,10,76296,68,85423,78,0,191,-18,717,41,10912,0,279,215,"Anderson",76978,548.208579074541,0.186224489795918,101.327652056432,29.8786666320247,931.434955441815,18.6224489795918
2021-09-20,11883,63,8244,35,3639,28,9163,36,76482,186,85645,222,0,191,23,740,40,10952,3,282,215,"Anderson",76978,515.731767517992,0.179092382495948,288.394086622152,81.8415651225025,961.313622073839,17.9092382495948
2021-09-21,11937,54,8270,26,3667,28,9187,24,76600,118,85787,142,0,191,-56,684,110,11062,1,283,216,"Anderson",76978,507.93733274442,0.177664974619289,184.468289641196,70.149912962145,888.56556418717,17.7664974619289
2021-09-22,11988,51,8304,34,3684,17,9227,40,76872,272,86099,312,0,191,-39,645,90,11152,0,283,218,"Anderson",76978,522.227129829302,0.16631430584919,405.310608225727,66.2526955753592,837.901738158955,16.631430584919
2021-09-23,12063,75,8352,48,3711,27,9278,51,77080,208,86358,259,2,193,-10,635,83,11235,1,284,218,"Anderson",76978,507.93733274442,0.165,336.459767725844,97.4304346696459,824.911013536335,16.5
2021-09-24,12104,41,8374,22,3730,19,9303,25,77220,140,86523,165,2,195,-18,617,57,11292,1,285,221,"Anderson",76978,466.367013952038,0.16043956043956,214.346956273221,53.2619709527397,801.52770921562,16.043956043956
2021-09-25,12114,10,8378,4,3736,6,9309,6,77315,95,86624,101,0,195,-36,581,46,11338,0,285,221,"Anderson",76978,411.805970537037,0.150117279124316,131.206318688456,12.9907246226195,754.76110057419,15.0117279124316
2021-09-26,12132,18,8393,15,3739,3,9327,18,77452,137,86779,155,1,196,-12,569,29,11367,0,285,221,"Anderson",76978,405.310608225727,0.147492625368732,201.356231650601,23.383304320715,739.172231027047,14.7492625368732
2021-09-27,12182,50,8414,21,3768,29,9349,22,77538,86,86887,108,1,197,-43,526,92,11459,1,286,222,"Anderson",76978,388.422666216322,0.14975845410628,140.29982592429,64.9536231130973,683.312115149783,14.975845410628
2021-09-28,12231,49,8438,24,3793,25,9376,27,77633,95,87009,122,0,197,-29,497,78,11537,1,287,222,"Anderson",76978,381.927303905012,0.154664484451718,158.486840395957,63.6545506508353,645.639013744187,15.4664484451718
2021-09-29,12267,36,8454,16,3813,20,9393,17,77824,191,87217,208,2,199,-37,460,71,11608,0,287,224,"Anderson",76978,362.441216971083,0.148479427549195,270.207072150485,46.76660864143,597.573332640495,14.8479427549195
2021-09-30,12329,62,8492,38,3837,24,9433,40,77996,172,87429,212,0,199,2,462,60,11668,1,288,225,"Anderson",76978,345.553274961677,0.144724556489262,275.403361999532,80.5424926602406,600.171477565019,14.4724556489262
2021-10-01,12380,51,8519,27,3861,24,9462,29,78147,151,87609,180,0,199,-10,452,61,11729,1,289,226,"Anderson",76978,358.543999584297,0.146408839779006,233.83304320715,66.2526955753592,587.180752942399,14.6408839779006
2021-10-02,12397,17,8526,7,3871,10,9468,6,78227,80,87695,86,1,200,-10,442,26,11755,0,289,228,"Anderson",76978,367.63750682013,0.148459383753501,111.720231754527,22.0842318584531,574.19002831978,14.8459383753501
2021-10-03,12410,13,8535,9,3875,4,9477,9,78325,98,87802,107,4,204,-10,432,19,11774,0,289,228,"Anderson",76978,361.142144508821,0.146627565982405,139.000753462028,16.8879420094053,561.19930369716,14.6627565982405
2021-10-04,12454,44,8558,23,3896,21,9503,26,78445,120,87948,146,1,205,-22,410,65,11839,0,289,230,"Anderson",76978,353.347709735249,0.145146088595664,189.664579490244,57.1591883395256,532.619709527397,14.5146088595664
2021-10-05,12507,53,8587,29,3920,24,9533,30,78573,128,88106,158,2,207,-15,395,66,11905,0,289,231,"Anderson",76978,358.543999584297,0.143117593436645,205.253449037387,68.8508404998831,513.133622593468,14.3117593436645
2021-10-06,12537,30,8610,23,3927,7,9559,26,78738,165,88297,191,1,208,-5,390,34,11939,0,289,232,"Anderson",76978,350.749564810725,0.153703703703704,248.122840292031,38.9721738678584,506.638260282159,15.3703703703704
2021-10-07,12569,32,8632,22,3937,10,9584,25,78877,139,88461,164,0,208,-10,380,42,11981,0,289,234,"Anderson",76978,311.777390942867,0.146317829457364,213.047883810959,41.5703187923822,493.647535659539,14.6317829457364
2021-10-08,12586,17,8637,5,3949,12,9594,10,79007,130,88601,140,1,209,-13,367,29,12010,1,290,234,"Anderson",76978,267.608927225961,0.133064516129032,181.870144716672,22.0842318584531,476.759593650134,13.3064516129032
2021-10-09,12601,15,8640,3,3961,12,9601,7,79069,62,88670,69,0,209,-12,355,27,12037,0,290,235,"Anderson",76978,265.010782301437,0.136410256410256,89.6359998960742,19.4860869339292,461.170724102991,13.6410256410256
2021-10-10,12611,10,8648,8,3963,2,9610,9,79156,87,88766,96,0,209,-15,340,25,12062,0,290,235,"Anderson",76978,261.113564914651,0.137966804979253,124.710956377147,12.9907246226195,441.684637169061,13.7966804979253
2021-10-11,12651,40,8662,14,3989,26,9623,13,79257,101,88880,114,0,209,-12,328,52,12114,1,291,235,"Anderson",76978,255.917275065603,0.128755364806867,148.094260697862,51.9628984904778,426.095767621918,12.8755364806867
2021-10-12,12686,35,8686,24,4000,11,9645,22,79356,99,89001,121,2,211,-10,318,43,12157,3,294,235,"Anderson",76978,232.533970744888,0.125139664804469,157.187767933695,45.4675361791681,413.105042999298,12.5139664804469
2021-10-13,12712,26,8700,14,4012,12,9663,18,79468,112,89131,130,0,211,-15,303,41,12198,1,295,238,"Anderson",76978,227.33768089584,0.124700239808153,168.879420094053,33.7758840188106,393.618956065369,12.4700239808153
2021-10-14,12731,19,8710,10,4021,9,9677,14,79571,103,89248,117,1,212,-21,282,39,12237,0,295,238,"Anderson",76978,210.449738886435,0.118170266836086,151.991478084648,24.682376782977,366.338434357868,11.8170266836086
2021-10-15,12754,23,8722,12,4032,11,9690,13,79693,122,89383,135,0,212,-15,267,38,12275,1,296,238,"Anderson",76978,218.244173660007,0.122762148337596,175.374782405363,29.8786666320247,346.852347423939,12.2762148337596
2021-10-16,12762,8,8727,5,4035,3,9697,7,79748,55,89445,62,0,212,-15,252,23,12298,1,297,238,"Anderson",76978,209.150666424173,0.123870967741935,80.5424926602406,10.3925796980956,327.36626049001,12.3870967741935
2021-10-17,12764,2,8728,1,4036,1,9698,1,79799,51,89497,52,0,212,-11,241,13,12311,0,297,238,"Anderson",76978,198.758086726078,0.120383036935705,67.5517680376211,2.59814492452389,313.076463405129,12.0383036935705
2021-10-18,12788,24,8738,10,4050,14,9709,11,79867,68,89576,79,1,213,-26,215,49,12360,1,298,238,"Anderson",76978,177.972927329886,0.123563218390805,102.626724518694,31.1777390942867,279.300579386318,12.3563218390805
2021-10-19,12817,29,8751,13,4066,16,9720,11,79978,111,89698,122,2,215,-17,198,44,12404,0,298,238,"Anderson",76978,170.178492556315,0.107604017216643,158.486840395957,37.6731014055964,257.216347527865,10.7604017216643
2021-10-20,12852,35,8777,26,4075,9,9749,29,80089,111,89838,140,0,215,12,210,23,12427,1,299,239,"Anderson",76978,181.870144716672,0.121640735502122,181.870144716672,45.4675361791681,272.805217075008,12.1640735502122
2021-10-21,12884,32,8795,18,4089,14,9767,18,80182,93,89949,111,0,215,11,221,21,12448,1,300,240,"Anderson",76978,198.758086726078,0.128388017118402,144.197043311076,41.5703187923822,287.09501415989,12.8388017118402
2021-10-22,12893,9,8801,6,4092,3,9775,8,80258,76,90033,84,0,215,-22,199,31,12479,1,301,240,"Anderson",76978,180.57107225441,0.130769230769231,109.122086830003,11.6916521603575,258.515419990127,13.0769230769231
2021-10-23,12910,17,8805,4,4105,13,9779,4,80311,53,90090,57,0,215,3,202,14,12493,1,302,240,"Anderson",76978,192.262724414768,0.127131782945736,74.0471303489309,22.0842318584531,262.412637376913,12.7131782945736
2021-10-24,12916,6,8810,5,4106,1,9786,7,80363,52,90149,59,0,215,-10,192,16,12509,0,302,241,"Anderson",76978,197.459014263816,0.134969325153374,76.6452752734548,7.79443477357167,249.421912754293,13.4969325153374
2021-10-25,12940,24,8823,13,4117,11,9800,14,80434,71,90234,85,1,216,-8,184,31,12540,2,304,241,"Anderson",76978,197.459014263816,0.138297872340426,110.421159292265,31.1777390942867,239.029333056198,13.8297872340426
2021-10-26,12952,12,8829,6,4123,6,9806,6,80498,64,90304,70,0,216,-9,175,21,12561,0,304,242,"Anderson",76978,175.374782405363,0.141914191419142,90.9350723583361,15.5888695471433,227.33768089584,14.1914191419142
2021-10-27,12969,17,8839,10,4130,7,9819,13,80619,121,90438,134,1,217,-5,170,21,12582,2,306,244,"Anderson",76978,151.991478084648,0.116666666666667,174.075709943101,22.0842318584531,220.842318584531,11.6666666666667
2021-10-28,12991,22,8853,14,4138,8,9836,17,80701,82,90537,99,1,218,7,177,14,12596,0,306,245,"Anderson",76978,139.000753462028,0.11734693877551,128.608173763933,28.5795941697628,229.935825820364,11.734693877551
2021-10-29,13012,21,8864,11,4148,10,9848,12,80815,114,90663,126,0,218,7,184,14,12610,1,307,245,"Anderson",76978,154.589623009171,0.115873015873016,163.683130245005,27.2805217075008,239.029333056198,11.5873015873016
2021-10-30,13024,12,8868,4,4156,8,9853,5,80902,87,90755,92,0,218,0,184,12,12622,1,308,245,"Anderson",76978,148.094260697862,0.111278195488722,119.514666528099,15.5888695471433,239.029333056198,11.1278195488722
2021-10-31,13027,3,8870,2,4157,1,9856,3,80941,39,90797,42,0,218,-8,176,11,12633,0,308,245,"Anderson",76978,144.197043311076,0.108024691358025,54.5610434150017,3.89721738678583,228.636753358102,10.8024691358025
2021-11-01,13054,27,8875,5,4179,22,9860,4,81029,88,90889,92,1,219,-15,161,41,12674,1,309,246,"Anderson",76978,148.094260697862,0.0916030534351145,119.514666528099,35.0749564810725,209.150666424173,9.16030534351145
2021-11-02,13074,20,8880,5,4194,15,9865,5,81105,76,90970,81,2,221,-6,155,24,12698,1,310,246,"Anderson",76978,158.486840395957,0.0885885885885886,105.224869443218,25.9814492452389,201.356231650601,8.85885885885886
2021-11-03,13104,30,8898,18,4206,12,9883,18,81305,200,91188,218,1,222,11,166,18,12716,0,310,246,"Anderson",76978,175.374782405363,0.0853333333333333,283.197796773104,38.9721738678584,215.646028735483,8.53333333333333
2021-11-04,13126,22,8913,15,4213,7,9899,16,81438,133,91337,149,0,222,6,172,16,12732,0,310,246,"Anderson",76978,175.374782405363,0.07875,193.56179687703,28.5795941697628,223.440463509055,7.875
2021-11-05,13136,10,8916,3,4220,7,9900,1,81560,122,91460,123,0,222,3,175,7,12739,0,310,246,"Anderson",76978,161.084985320481,0.0652446675031368,159.785912858219,12.9907246226195,227.33768089584,6.52446675031368
2021-11-06,13145,9,8920,4,4225,5,9905,5,81647,87,91552,92,0,222,-4,171,13,12752,3,313,247,"Anderson",76978,157.187767933695,0.0652446675031368,119.514666528099,11.6916521603575,222.141391046793,6.52446675031368
2021-11-07,13151,6,8925,5,4226,1,9911,6,81695,48,91606,54,0,222,-4,167,10,12762,0,313,247,"Anderson",76978,161.084985320481,0.0679851668726823,70.149912962145,7.79443477357167,216.945101197745,6.79851668726823
2021-11-08,13176,25,8936,11,4240,14,9924,13,81783,88,91707,101,1,223,-1,166,25,12787,0,313,247,"Anderson",76978,158.486840395957,0.078239608801956,131.206318688456,32.4768115565486,215.646028735483,7.8239608801956
2021-11-09,13199,23,8943,7,4256,16,9930,6,81941,158,91871,164,1,224,6,172,16,12803,0,313,248,"Anderson",76978,162.384057782743,0.072142064372919,213.047883810959,29.8786666320247,223.440463509055,7.2142064372919
2021-11-10,13217,18,8955,12,4262,6,9943,13,82057,116,92000,129,0,224,4,176,14,12817,1,314,250,"Anderson",76978,146.7951882356,0.0738916256157636,167.580347631791,23.383304320715,228.636753358102,7.38916256157635
2021-11-11,13240,23,8973,18,4267,5,9961,18,82247,190,92208,208,0,224,2,178,21,12838,0,314,251,"Anderson",76978,148.094260697862,0.0711825487944891,270.207072150485,29.8786666320247,231.234898282626,7.11825487944891
2021-11-12,13253,13,8981,8,4272,5,9969,8,82380,133,92349,141,0,224,1,179,12,12850,1,315,251,"Anderson",76978,151.991478084648,0.077615298087739,183.169217178934,16.8879420094053,232.533970744888,7.7615298087739
2021-11-13,13260,7,8985,4,4275,3,9973,4,82431,51,92404,55,3,227,-10,169,14,12864,1,316,252,"Anderson",76978,149.393333160124,0.07981220657277,71.448985424407,9.09350723583361,219.543246122269,7.981220657277
2021-11-14,13262,2,8987,2,4275,0,9976,3,82510,79,92486,82,0,227,-4,165,6,12870,0,316,252,"Anderson",76978,144.197043311076,0.0738636363636364,106.523941905479,2.59814492452389,214.346956273221,7.38636363636364
2021-11-15,13294,32,9001,14,4293,18,9990,14,82595,85,92585,99,0,227,5,170,27,12897,0,316,253,"Anderson",76978,153.29055054691,0.0751708428246014,128.608173763933,41.5703187923822,220.842318584531,7.51708428246014
2021-11-16,13319,25,9014,13,4305,12,10003,13,82721,126,92724,139,1,228,-2,168,26,12923,0,316,254,"Anderson",76978,155.888695471433,0.0855803048065651,180.57107225441,32.4768115565486,218.244173660007,8.55803048065651
2021-11-17,13336,17,9023,9,4313,8,10012,9,82835,114,92847,123,0,228,-3,165,20,12943,2,318,256,"Anderson",76978,154.589623009171,0.0814639905548996,159.785912858219,22.0842318584531,214.346956273221,8.14639905548996
2021-11-18,13359,23,9037,14,4322,9,10030,18,82970,135,93000,153,4,232,4,169,15,12958,0,318,258,"Anderson",76978,154.589623009171,0.0871212121212121,198.758086726078,29.8786666320247,219.543246122269,8.71212121212121
2021-11-19,13373,14,9043,6,4330,8,10037,7,83079,109,93116,116,1,233,2,171,11,12969,0,318,258,"Anderson",76978,155.888695471433,0.0886571056062582,150.692405622386,18.1870144716672,222.141391046793,8.86571056062582
2021-11-20,13382,9,9048,5,4334,4,10042,5,83172,93,93214,98,0,233,-9,162,18,12987,0,318,259,"Anderson",76978,158.486840395957,0.0851851851851852,127.309101301671,11.6916521603575,210.449738886435,8.51851851851852
2021-11-21,13394,12,9054,6,4340,6,10048,6,83212,40,93260,46,0,233,4,166,8,12995,0,318,259,"Anderson",76978,171.477565018577,0.0930232558139535,59.7573332640495,15.5888695471433,215.646028735483,9.30232558139535
2021-11-22,13422,28,9071,17,4351,11,10066,18,83334,122,93400,140,1,234,6,172,21,13016,0,318,259,"Anderson",76978,166.281275169529,0.0932515337423313,181.870144716672,36.3740289433345,223.440463509055,9.32515337423313
2021-11-23,13439,17,9077,6,4362,11,10071,5,83431,97,93502,102,0,234,-4,168,21,13037,1,319,261,"Anderson",76978,155.888695471433,0.0874035989717224,132.505391150718,22.0842318584531,218.244173660007,8.74035989717224
2021-11-24,13464,25,9093,16,4371,9,10083,12,83541,110,93624,122,1,235,6,174,18,13055,1,320,261,"Anderson",76978,166.281275169529,0.0913770913770914,158.486840395957,32.4768115565486,226.038608433578,9.13770913770914
2021-11-25,13469,5,9095,2,4374,3,10084,1,83586,45,93670,46,0,235,-12,162,17,13072,2,322,261,"Anderson",76978,142.897970848814,0.0805970149253731,59.7573332640495,6.49536231130973,210.449738886435,8.05970149253731
2021-11-26,13476,7,9101,6,4375,1,10093,9,83629,43,93722,52,0,235,-7,155,14,13086,0,322,262,"Anderson",76978,133.80446361298,0.0924092409240924,67.5517680376211,9.09350723583361,201.356231650601,9.24092409240924
2021-11-27,13481,5,9103,2,4378,3,10095,2,83665,36,93760,38,0,235,-8,147,13,13099,0,322,262,"Anderson",76978,128.608173763933,0.0970695970695971,49.3647535659539,6.49536231130973,190.963651952506,9.70695970695971
2021-11-28,13491,10,9104,1,4387,9,10096,1,83703,38,93799,39,0,235,-10,137,20,13119,0,322,262,"Anderson",76978,126.010028839409,0.0890538033395176,50.6638260282159,12.9907246226195,177.972927329886,8.90538033395176
2021-11-29,13518,27,9119,15,4399,12,10112,16,83782,79,93894,95,0,235,13,150,14,13133,0,322,262,"Anderson",76978,124.710956377147,0.0931174089068826,123.411883914885,35.0749564810725,194.860869339292,9.31174089068826
2021-11-30,13545,27,9133,14,4412,13,10124,12,83884,102,94008,114,0,235,14,164,13,13146,1,323,262,"Anderson",76978,137.701680999766,0.104743083003953,148.094260697862,35.0749564810725,213.047883810959,10.4743083003953
2021-12-01,13576,31,9151,18,4425,13,10142,18,83991,107,94133,125,0,235,15,179,16,13162,2,325,262,"Anderson",76978,145.496115773338,0.115913555992141,162.384057782743,40.2712463301203,232.533970744888,11.5913555992141
2021-12-02,13618,42,9175,24,4443,18,10168,26,84129,138,94297,164,0,235,23,202,19,13181,0,325,265,"Anderson",76978,193.56179687703,0.133971291866029,213.047883810959,54.5610434150017,262.412637376913,13.3971291866029
2021-12-03,13649,31,9193,18,4456,13,10187,19,84316,187,94503,206,1,236,18,220,12,13193,1,326,265,"Anderson",76978,224.739535971316,0.120358514724712,267.608927225961,40.2712463301203,285.795941697628,12.0358514724712
2021-12-04,13669,20,9206,13,4463,7,10201,14,84385,69,94586,83,0,236,8,228,12,13205,0,326,265,"Anderson",76978,244.225622905246,0.128329297820823,107.823014367741,25.9814492452389,296.188521395723,12.8329297820823
2021-12-05,13682,13,9208,2,4474,11,10203,2,84427,42,94630,44,0,236,0,228,13,13218,0,326,265,"Anderson",76978,248.122840292031,0.128760529482551,57.1591883395256,16.8879420094053,296.188521395723,12.8760529482551
2021-12-06,13717,35,9228,20,4489,15,10225,22,84529,102,94754,124,2,238,7,235,26,13244,1,327,265,"Anderson",76978,258.515419990127,0.131395348837209,161.084985320481,45.4675361791681,305.282028631557,13.1395348837209
2021-12-07,13746,29,9243,15,4503,14,10241,16,84624,95,94865,111,0,238,18,253,11,13255,0,327,265,"Anderson",76978,261.113564914651,0.136522753792299,144.197043311076,37.6731014055964,328.665332952272,13.6522753792299
2021-12-08,13773,27,9264,21,4509,6,10261,20,84745,121,95006,141,0,238,17,270,10,13265,2,329,265,"Anderson",76978,255.917275065603,0.13631156930126,183.169217178934,35.0749564810725,350.749564810725,13.631156930126
2021-12-09,13801,28,9280,16,4521,12,10278,17,84955,210,95233,227,0,238,12,282,16,13281,1,330,265,"Anderson",76978,237.730260593936,0.117521367521368,294.889448933461,36.3740289433345,366.338434357868,11.7521367521368
2021-12-10,13830,29,9297,17,4533,12,10295,17,85108,153,95403,170,0,238,10,292,19,13300,2,332,265,"Anderson",76978,235.132115669412,0.12,220.842318584531,37.6731014055964,379.329158980488,12
2021-12-11,13840,10,9302,5,4538,5,10301,6,85183,75,95484,81,0,238,-2,290,12,13312,0,332,266,"Anderson",76978,222.141391046793,0.111358574610245,105.224869443218,12.9907246226195,376.731014055964,11.1358574610245
2021-12-12,13860,20,9313,11,4547,9,10313,12,85253,70,95566,82,0,238,2,292,18,13330,0,332,266,"Anderson",76978,231.234898282626,0.117521367521368,106.523941905479,25.9814492452389,379.329158980488,11.7521367521368
2021-12-13,13889,29,9319,6,4570,23,10320,7,85328,75,95648,82,0,238,-9,283,38,13368,0,332,269,"Anderson",76978,223.440463509055,0.106263982102908,106.523941905479,37.6731014055964,367.63750682013,10.6263982102908
2021-12-14,13903,14,9324,5,4579,9,10326,6,85407,79,95733,85,3,241,-10,273,21,13389,1,333,269,"Anderson",76978,203.954376575125,0.097926267281106,110.421159292265,18.1870144716672,354.646782197511,9.7926267281106
2021-12-15,13929,26,9338,14,4591,12,10341,15,85536,129,95877,144,0,241,-2,271,28,13417,0,333,270,"Anderson",76978,202.655304112863,0.0918484500574053,187.06643456572,33.7758840188106,352.048637272987,9.18484500574053
2021-12-16,13957,28,9348,10,4609,18,10356,15,85631,95,95987,110,0,241,5,276,23,13440,2,335,270,"Anderson",76978,202.655304112863,0.103448275862069,142.897970848814,36.3740289433345,358.543999584297,10.3448275862069
2021-12-17,13988,31,9371,23,4617,8,10378,22,85786,155,96164,177,1,242,0,276,30,13470,0,335,271,"Anderson",76978,205.253449037387,0.109067017082786,229.935825820364,40.2712463301203,358.543999584297,10.9067017082786
2021-12-18,13999,11,9380,9,4619,2,10388,10,85868,82,96256,92,0,242,1,277,10,13480,0,335,271,"Anderson",76978,206.552521499649,0.112694300518135,119.514666528099,14.2897970848814,359.843072046559,11.2694300518135
2021-12-19,14013,14,9388,8,4625,6,10399,11,85948,80,96347,91,0,242,-9,268,23,13503,0,335,271,"Anderson",76978,198.758086726078,0.1101152368758,118.215594065837,18.1870144716672,348.151419886201,11.01152368758
2021-12-20,14037,24,9404,16,4633,8,10413,14,86034,86,96447,100,0,242,-5,263,29,13532,0,335,272,"Anderson",76978,192.262724414768,0.11639549436796,129.907246226195,31.1777390942867,341.656057574892,11.639549436796
2021-12-21,14065,28,9412,8,4653,20,10424,11,86115,81,96539,92,0,242,2,265,26,13558,0,335,272,"Anderson",76978,210.449738886435,0.121588089330025,119.514666528099,36.3740289433345,344.254202499415,12.1588089330025
2021-12-22,14113,48,9426,14,4687,34,10435,11,86230,115,96665,126,19,261,1,266,28,13586,1,336,273,"Anderson",76978,239.029333056198,0.119289340101523,163.683130245005,62.3554781885734,345.553274961677,11.9289340101523
2021-12-23,14140,27,9441,15,4699,12,10452,17,86330,100,96782,117,-1,260,3,269,25,13611,1,337,274,"Anderson",76978,237.730260593936,0.120754716981132,151.991478084648,35.0749564810725,349.450492348463,12.0754716981132
2021-12-24,14166,26,9456,15,4710,11,10469,17,86417,87,96886,104,0,260,6,275,20,13631,1,338,274,"Anderson",76978,231.234898282626,0.126038781163435,135.103536075242,33.7758840188106,357.244927122035,12.6038781163435
2021-12-25,14180,14,9463,7,4717,7,10479,10,86475,58,96954,68,1,261,-3,272,16,13647,0,338,275,"Anderson",76978,235.132115669412,0.130372492836676,88.3369274338123,18.1870144716672,353.347709735249,13.0372492836676
2021-12-26,14191,11,9467,4,4724,7,10485,6,86519,44,97004,50,1,262,-8,264,18,13665,0,338,275,"Anderson",76978,231.234898282626,0.13089802130898,64.9536231130973,14.2897970848814,342.955130037153,13.089802130898
2021-12-27,14238,47,9486,19,4752,28,10505,20,86623,104,97128,124,1,263,18,282,28,13693,2,340,276,"Anderson",76978,261.113564914651,0.135095447870778,161.084985320481,61.0564057263114,366.338434357868,13.5095447870778
2021-12-28,14325,87,9522,36,4803,51,10541,36,86732,109,97273,145,0,263,67,349,20,13713,0,340,276,"Anderson",76978,337.758840188106,0.159400544959128,188.365507027982,113.019304216789,453.376289329419,15.9400544959128
2021-12-29,14406,81,9566,44,4840,37,10588,47,86890,158,97478,205,2,265,50,399,29,13742,0,340,276,"Anderson",76978,380.62823144275,0.188191881918819,266.309854763699,105.224869443218,518.329912442516,18.8191881918819
2021-12-30,14498,92,9608,42,4890,50,10626,38,87009,119,97635,157,1,266,70,469,21,13763,0,340,276,"Anderson",76978,465.067941489776,0.203985932004689,203.954376575125,119.514666528099,609.264984800852,20.3985932004689
2021-12-31,14566,68,9649,41,4917,27,10671,45,87126,117,97797,162,0,266,48,517,20,13783,0,340,277,"Anderson",76978,519.628984904778,0.221734357848518,210.449738886435,88.3369274338123,671.620462989426,22.1734357848518
2022-01-01,14627,61,9683,34,4944,27,10708,37,87225,99,97933,136,0,266,48,565,13,13796,0,340,277,"Anderson",76978,580.685390631089,0.23391215526047,176.673854867625,79.2434201979787,733.975941177999,23.391215526047
2022-01-02,14659,32,9706,23,4953,9,10741,33,87341,116,98082,149,0,266,12,577,20,13816,0,340,278,"Anderson",76978,607.96591233859,0.23747680890538,193.56179687703,41.5703187923822,749.564810725142,23.747680890538
2022-01-03,14720,61,9727,21,4993,40,10764,23,87417,76,98181,99,1,267,34,611,26,13842,0,340,278,"Anderson",76978,626.152926810257,0.245963912630579,128.608173763933,79.2434201979787,793.733274442048,24.5963912630579
2022-01-04,14846,126,9792,65,5054,61,10827,63,87591,174,98418,237,1,268,72,683,53,13895,0,340,279,"Anderson",76978,676.816752838473,0.249781659388646,307.880173556081,163.683130245005,887.266491724908,24.9781659388646
2022-01-05,15013,167,9878,86,5135,81,10913,86,87737,146,98650,232,1,269,134,817,32,13927,0,340,280,"Anderson",76978,788.536984593001,0.277303754266212,301.384811244771,216.945101197745,1061.34220166801,27.7303754266212
2022-01-06,15156,143,9950,72,5206,71,10984,71,87857,120,98841,191,1,270,116,933,26,13953,1,341,280,"Anderson",76978,854.78968016836,0.296849087893864,248.122840292031,185.767362103458,1212.03460729039,29.6849087893864
2022-01-07,15297,141,10022,72,5275,69,11062,78,87997,140,99059,218,0,270,115,1048,26,13979,1,342,280,"Anderson",76978,949.621969913482,0.309825673534073,283.197796773104,183.169217178934,1361.42794045052,30.9825673534073
2022-01-08,15400,103,10064,42,5336,61,11107,45,88072,75,99179,120,0,270,81,1129,22,14001,2,344,282,"Anderson",76978,1004.18301332848,0.320224719101124,155.888695471433,133.80446361298,1466.65280989374,32.0224719101124
2022-01-09,15485,85,10119,55,5366,30,11169,62,88215,143,99384,205,0,270,40,1169,45,14046,1,345,282,"Anderson",76978,1073.03385382837,0.328725038402458,266.309854763699,110.421159292265,1518.61570838421,32.8725038402458
2022-01-10,15641,156,10194,75,5447,81,11248,79,88328,113,99576,192,1,271,68,1237,87,14133,3,348,284,"Anderson",76978,1196.44573774325,0.346953405017921,249.421912754293,202.655304112863,1606.95263581803,34.6953405017921
2022-01-11,15815,174,10303,109,5512,65,11350,102,88469,141,99819,243,0,271,68,1305,106,14239,0,348,285,"Anderson",76978,1258.80121593182,0.373304782298358,315.674608329653,226.038608433578,1695.28956325184,37.3304782298358
2022-01-12,16071,256,10466,163,5605,93,11514,164,88660,191,100174,355,0,271,185,1490,71,14310,1,349,285,"Anderson",76978,1374.41866507314,0.394356955380577,461.170724102991,332.562550339058,1935.6179687703,39.4356955380577
2022-01-13,16303,232,10618,152,5685,80,11669,155,88892,232,100561,387,4,275,122,1612,106,14416,0,349,285,"Anderson",76978,1490.03611421445,0.398255813953488,502.741042895373,301.384811244771,2094.10480916626,39.8255813953488
2022-01-14,16560,257,10762,144,5798,113,11818,149,89048,156,100866,305,2,277,200,1812,55,14471,1,350,285,"Anderson",76978,1640.72851983684,0.418372993912562,396.217100989893,333.86162280132,2353.91930161864,41.8372993912562
2022-01-15,16657,97,10821,59,5836,38,11880,62,89166,118,101046,180,1,278,51,1863,45,14516,2,352,285,"Anderson",76978,1632.93408506326,0.414033208355651,233.83304320715,126.010028839409,2420.171997194,41.4033208355651
2022-01-16,16809,152,10949,128,5860,24,12013,133,89363,197,101376,330,0,278,87,1950,65,14581,1,353,285,"Anderson",76978,1719.97194003482,0.423694779116466,428.693912546442,197.459014263816,2533.19130141079,42.3694779116466
2022-01-17,16990,181,11061,112,5929,69,12129,116,89482,119,101611,235,0,278,16,1966,165,14746,1,354,285,"Anderson",76978,1752.44875159136,0.432923832923833,305.282028631557,235.132115669412,2553.97646080698,43.2923832923833
2022-01-18,17205,215,11201,140,6004,75,12271,142,89619,137,101890,279,0,278,22,1988,193,14939,0,354,287,"Anderson",76978,1805.7107225441,0.444712699179141,362.441216971083,279.300579386318,2582.55605497675,44.4712699179141
2022-01-19,17506,301,11412,211,6094,90,12485,214,89839,220,102324,434,3,281,127,2115,171,15110,0,354,287,"Anderson",76978,1864.16898334589,0.451627906976744,563.797448621684,391.020811140845,2747.53825768401,45.1627906976744
2022-01-20,17802,296,11653,241,6149,55,12745,260,89996,157,102741,417,1,282,174,2289,121,15231,1,355,288,"Anderson",76978,1947.30962093066,0.493577981651376,541.713216763231,384.525448829536,2973.57686611759,49.3577981651376
2022-01-21,18048,246,11868,215,6180,31,12970,225,90215,219,103185,444,2,284,118,2407,126,15357,0,355,290,"Anderson",76978,1933.01982384577,0.496765847347995,576.788173244304,319.571825716438,3126.8674166645,49.6765847347995
2022-01-22,18176,128,11960,92,6216,36,13074,104,90334,119,103408,223,0,284,25,2432,103,15460,0,355,290,"Anderson",76978,1973.29107017589,0.505503810330229,289.693159084414,166.281275169529,3159.34422822105,50.5503810330229
2022-01-23,18303,127,12070,110,6233,17,13187,113,90441,107,103628,220,0,284,52,2484,75,15535,0,355,291,"Anderson",76978,1940.81425861935,0.521314387211368,285.795941697628,164.982202707267,3226.89599625867,52.1314387211368
2022-01-24,18571,268,12220,150,6351,118,13348,161,90619,178,103967,339,1,285,1,2485,266,15801,1,356,292,"Anderson",76978,2053.83356283614,0.517402376910017,440.385564706799,348.151419886201,3228.19506872093,51.7402376910017
2022-01-25,18754,183,12353,133,6401,50,13493,145,90739,120,104232,265,1,286,-82,2403,264,16065,0,356,293,"Anderson",76978,2012.26324404375,0.521776259607173,344.254202499415,237.730260593936,3121.67112681545,52.1776259607173
2022-01-26,18959,205,12507,154,6452,51,13659,166,90891,152,104550,318,1,287,-29,2374,233,16298,1,357,293,"Anderson",76978,1887.55228766661,0.527403414195867,413.105042999298,266.309854763699,3083.99802540986,52.7403414195867
2022-01-27,19180,221,12679,172,6501,49,13837,178,91111,220,104948,398,0,287,-57,2317,278,16576,0,357,293,"Anderson",76978,1790.12185299696,0.494789306751246,517.030839980254,287.09501415989,3009.95089506093,49.4789306751246
2022-01-28,19371,191,12817,138,6554,53,13981,144,91274,163,105255,307,1,288,-125,2192,315,16891,1,358,294,"Anderson",76978,1718.67286757255,0.488405797101449,398.815245914417,248.122840292031,2847.56683727818,48.8405797101449
2022-01-29,19514,143,12917,100,6597,43,14086,105,91391,117,105477,222,0,288,-6,2186,149,17040,0,358,296,"Anderson",76978,1738.15895450648,0.489125181246979,288.394086622152,185.767362103458,2839.77240250461,48.9125181246979
2022-01-30,19581,67,12963,46,6618,21,14136,50,91482,91,105618,141,0,288,-25,2161,92,17132,1,359,297,"Anderson",76978,1660.21460677077,0.476884422110553,183.169217178934,87.0378549715503,2807.29559094806,47.6884422110553
2022-01-31,19777,196,13084,121,6693,75,14277,141,91632,150,105909,291,4,292,-91,2070,283,17415,1,360,299,"Anderson",76978,1566.68138948791,0.478372811534501,378.030086518226,254.618202603341,2689.07999688223,47.83728115345
2022-02-01,19940,163,13179,95,6761,68,14384,107,91752,120,106136,227,1,293,-235,1835,397,17812,1,361,299,"Anderson",76978,1540.69994024267,0.46796218487395,294.889448933461,211.748811348697,2383.79796825067,46.796218487395
2022-02-02,20084,144,13266,87,6818,57,14477,93,91893,141,106370,234,1,294,-230,1605,373,18185,0,361,300,"Anderson",76978,1461.45652004469,0.449450549450549,303.982956169295,187.06643456572,2085.01130193042,44.9450549450549
2022-02-03,20716,632,13357,91,7359,541,14575,98,92101,208,106676,306,2,296,343,1948,287,18472,1,362,302,"Anderson",76978,1995.37530203435,0.427083333333333,397.516173452155,821.013796149549,2530.59315648627,42.7083333333333
2022-02-04,20862,146,13467,110,7395,36,14685,110,92225,124,106910,234,0,296,-76,1872,222,18694,0,362,304,"Anderson",76978,1936.91704123256,0.425377643504532,303.982956169295,189.664579490244,2431.86364935436,42.5377643504532
2022-02-05,20911,49,13493,26,7418,23,14715,30,92301,76,107016,106,0,296,-59,1813,108,18802,0,362,304,"Anderson",76978,1814.80422977994,0.408706952566602,137.701680999766,63.6545506508353,2355.21837408091,40.8706952566602
2022-02-06,20969,58,13535,42,7434,16,14763,48,92375,74,107138,122,0,296,-18,1795,76,18878,0,362,306,"Anderson",76978,1803.11257761958,0.4125,158.486840395957,75.3462028111928,2331.83506976019,41.25
2022-02-07,21055,86,13588,53,7467,33,14821,58,92477,102,107298,160,3,299,-269,1526,352,19230,0,362,307,"Anderson",76978,1660.21460677077,0.391648668106551,207.851593961911,111.720231754527,1982.38457741173,39.1648668106551
2022-02-08,21141,86,13635,47,7506,39,14878,57,92574,97,107452,154,0,299,-203,1323,289,19519,0,362,307,"Anderson",76978,1560.1860271766,0.375379939209726,200.05715918834,111.720231754527,1718.67286757255,37.5379939209726
2022-02-09,21240,99,13699,64,7541,35,14952,74,92681,107,107633,181,0,299,-100,1223,199,19718,0,362,308,"Anderson",76978,1501.72776637481,0.376088677751386,235.132115669412,128.608173763933,1588.76562134636,37.6088677751386
2022-02-10,21328,88,13749,50,7579,38,15006,54,92807,126,107813,180,2,301,-102,1121,188,19906,0,362,309,"Anderson",76978,795.03234690431,0.379067722075638,233.83304320715,114.318376679051,1456.26023019564,37.9067722075638
2022-02-11,21387,59,13791,42,7596,17,15051,45,92909,102,107960,147,1,302,-120,1001,178,20084,0,362,309,"Anderson",76978,682.013042687521,0.348571428571429,190.963651952506,76.6452752734548,1300.37153472421,34.8571428571429
2022-02-12,21418,31,13814,23,7604,8,15076,25,92971,62,108047,87,0,302,-41,960,72,20156,1,363,309,"Anderson",76978,658.629738366806,0.350145489815713,113.019304216789,40.2712463301203,1247.10956377147,35.0145489815713
2022-02-13,21439,21,13828,14,7611,7,15091,15,93018,47,108109,62,0,302,-34,926,55,20211,0,363,309,"Anderson",76978,610.564057263114,0.337796086508754,80.5424926602406,27.2805217075008,1202.94110005456,33.7796086508754
2022-02-14,21490,51,13855,27,7635,24,15127,36,93075,57,108202,93,1,303,-140,786,190,20401,0,363,309,"Anderson",76978,565.096521083946,0.338495575221239,120.813738990361,66.2526955753592,1021.07095533789,33.8495575221239
2022-02-15,21546,56,13894,39,7652,17,15172,45,93152,77,108324,122,0,303,-100,686,156,20557,0,363,310,"Anderson",76978,526.124347216088,0.337155963302752,158.486840395957,72.7480578866689,891.163709111694,33.7155963302752
2022-02-16,21608,62,13927,33,7681,29,15203,31,93244,92,108447,123,0,303,-77,609,139,20696,0,363,310,"Anderson",76978,478.058666112396,0.308353808353808,159.785912858219,80.5424926602406,791.135129517524,30.8353808353808
2022-02-17,21656,48,13959,32,7697,16,15238,35,93338,94,108576,129,0,303,-68,541,116,20812,0,363,310,"Anderson",76978,426.095767621918,0.304062909567497,167.580347631791,62.3554781885734,702.798202083712,30.4062909567497
2022-02-18,21705,49,13991,32,7714,17,15275,37,93410,72,108685,109,0,303,-33,508,82,20894,0,363,311,"Anderson",76978,413.105042999299,0.308965517241379,141.598898386552,63.6545506508353,659.928810829068,30.8965517241379
2022-02-19,21732,27,14001,10,7731,17,15286,11,93465,55,108751,66,0,303,-8,500,35,20929,0,363,312,"Anderson",76978,407.908753150251,0.298295454545455,85.7387825092884,35.0749564810725,649.536231130973,29.8295454545455
2022-02-20,21742,10,14003,2,7739,8,15288,2,93502,37,108790,39,0,303,-20,480,30,20959,0,363,312,"Anderson",76978,393.618956065369,0.28928046989721,50.6638260282159,12.9907246226195,623.554781885734,28.928046989721
2022-02-21,21759,17,14013,10,7746,7,15298,10,93531,29,108829,39,0,303,-82,398,99,21058,2,365,313,"Anderson",76978,349.450492348463,0.272727272727273,50.6638260282159,22.0842318584531,517.030839980254,27.2727272727273
2022-02-22,21794,35,14028,15,7766,20,15316,18,93608,77,108924,95,2,305,-71,327,104,21162,0,365,313,"Anderson",76978,322.169970640962,0.24,123.411883914885,45.4675361791681,424.796695159656,24
2022-02-23,21829,35,14045,17,7784,18,15335,19,93674,66,109009,85,4,309,-35,292,66,21228,0,365,314,"Anderson",76978,287.09501415989,0.234875444839858,110.421159292265,45.4675361791681,379.329158980488,23.4875444839858
2022-02-24,21857,28,14059,14,7798,14,15352,17,93752,78,109104,95,1,310,-27,265,54,21282,0,365,315,"Anderson",76978,261.113564914651,0.215909090909091,123.411883914885,36.3740289433345,344.254202499415,21.5909090909091
2022-02-25,21870,13,14065,6,7805,7,15358,6,93819,67,109177,73,-1,309,-36,229,50,21332,0,365,315,"Anderson",76978,214.346956273221,0.16869918699187,94.832289745122,16.8879420094053,297.487593857985,16.869918699187
2022-02-26,21883,13,14070,5,7813,8,15365,7,93864,45,109229,52,0,309,-4,225,17,21349,1,366,315,"Anderson",76978,196.159941801554,0.165271966527197,67.5517680376211,16.8879420094053,292.291304008938,16.5271966527197
2022-02-27,21883,0,14070,0,7813,0,15366,1,93881,17,109247,18,0,309,-14,211,14,21363,0,366,315,"Anderson",76978,183.169217178934,0.170678336980306,23.383304320715,0,274.10428953727,17.0678336980306
2022-02-28,21901,18,14079,9,7822,9,15378,12,93938,57,109316,69,0,309,-26,185,44,21407,0,366,315,"Anderson",76978,184.468289641196,0.164271047227926,89.6359998960742,23.383304320715,240.32840551846,16.4271047227926
2022-03-01,21914,13,14086,7,7828,6,15386,8,93983,45,109369,53,-1,308,-35,150,49,21456,0,366,317,"Anderson",76978,155.888695471433,0.157303370786517,68.8508404998831,16.8879420094053,194.860869339292,15.7303370786517
2022-03-02,21924,10,14092,6,7832,4,15394,8,94036,53,109430,61,2,310,-23,127,31,21487,0,366,318,"Anderson",76978,123.411883914885,0.140142517814727,79.2434201979787,12.9907246226195,164.982202707267,14.0142517814727
2022-03-03,21935,11,14094,2,7841,9,15396,2,94080,44,109476,46,2,312,-28,99,37,21524,0,366,318,"Anderson",76978,101.327652056432,0.118279569892473,59.7573332640495,14.2897970848814,128.608173763933,11.8279569892473
2022-03-04,21944,9,14097,3,7847,6,15401,5,94144,64,109545,69,0,312,-15,84,24,21548,0,366,319,"Anderson",76978,96.1313622073839,0.116847826086957,89.6359998960742,11.6916521603575,109.122086830003,11.6847826086957
2022-03-05,21949,5,14098,1,7851,4,15402,1,94185,41,109587,42,0,312,-3,81,8,21556,0,366,319,"Anderson",76978,85.7387825092884,0.103351955307263,54.5610434150017,6.49536231130973,105.224869443218,10.3351955307263
2022-03-06,21951,2,14099,1,7852,1,15403,1,94209,24,109612,25,0,312,-4,77,6,21562,1,367,320,"Anderson",76978,88.3369274338123,0.101369863013699,32.4768115565486,2.59814492452389,100.02857959417,10.1369863013699
2022-03-07,21964,13,14101,2,7863,11,15405,2,94242,33,109647,35,1,313,-9,68,21,21583,0,367,320,"Anderson",76978,81.8415651225025,0.081570996978852,45.4675361791681,16.8879420094053,88.3369274338123,8.1570996978852
2022-03-08,22015,51,14103,2,7912,49,15408,3,94272,30,109680,33,0,313,35,103,16,21599,0,367,320,"Anderson",76978,131.206318688456,0.0707395498392283,42.8693912546442,66.2526955753592,133.80446361298,7.07395498392283
2022-03-09,22022,7,14109,6,7913,1,15413,5,94310,38,109723,43,0,313,-11,92,18,21617,0,367,320,"Anderson",76978,127.309101301671,0.0648464163822526,55.8601158772636,9.09350723583361,119.514666528099,6.48464163822526
2022-03-10,22027,5,14113,4,7914,1,15420,7,94356,46,109776,53,3,316,-11,81,13,21630,0,367,320,"Anderson",76978,119.514666528099,0.08,68.8508404998831,6.49536231130973,105.224869443218,8
2022-03-11,22033,6,14113,0,7920,6,15421,1,94395,39,109816,40,1,317,-15,66,20,21650,1,368,320,"Anderson",76978,115.617449141313,0.0738007380073801,51.9628984904778,7.79443477357167,85.7387825092884,7.38007380073801
2022-03-12,22033,0,14113,0,7920,0,15421,0,94417,22,109838,22,0,317,-6,60,6,21656,0,368,321,"Anderson",76978,109.122086830003,0.0756972111553785,28.5795941697628,0,77.9443477357167,7.56972111553785
2022-03-13,22036,3,14115,2,7921,1,15422,1,94461,44,109883,45,1,318,-1,59,3,21659,0,368,321,"Anderson",76978,110.421159292265,0.0701107011070111,58.4582608017875,3.89721738678583,76.6452752734548,7.01107011070111
2022-03-14,22043,7,14119,4,7924,3,15429,7,94487,26,109916,33,2,320,-6,53,11,21670,0,368,321,"Anderson",76978,102.626724518694,0.0892193308550186,42.8693912546442,9.09350723583361,68.8508404998831,8.92193308550186
2022-03-15,22047,4,14120,1,7927,3,15429,0,94509,22,109938,22,0,320,-8,45,12,21682,0,368,322,"Anderson",76978,41.5703187923822,0.0813953488372093,28.5795941697628,5.19628984904778,58.4582608017875,8.13953488372093
2022-03-16,22049,2,14122,2,7927,0,15432,3,94533,24,109965,27,1,321,-4,41,5,21687,0,368,322,"Anderson",76978,35.0749564810725,0.0785123966942149,35.0749564810725,2.59814492452389,53.2619709527397,7.85123966942149
2022-03-17,22049,0,14122,0,7927,0,15434,2,94562,29,109996,31,0,321,-5,36,5,21692,0,368,322,"Anderson",76978,28.5795941697628,0.0636363636363636,40.2712463301203,0,46.76660864143,6.36363636363636
2022-03-18,22051,2,14124,2,7927,0,15436,2,94606,44,110042,46,0,321,-3,33,5,21697,0,368,323,"Anderson",76978,23.383304320715,0.0663716814159292,59.7573332640495,2.59814492452389,42.8693912546442,6.63716814159292
2022-03-19,22051,0,14124,0,7927,0,15436,0,94626,20,110062,20,0,321,-3,30,3,21700,0,368,323,"Anderson",76978,23.383304320715,0.0669642857142857,25.9814492452389,0,38.9721738678584,6.69642857142857
2022-03-20,22055,4,14127,3,7928,1,15440,4,94645,19,110085,23,0,321,1,31,3,21703,0,368,323,"Anderson",76978,24.682376782977,0.0891089108910891,29.8786666320247,5.19628984904778,40.2712463301203,8.91089108910891
2022-03-21,22056,1,14127,0,7929,1,15440,0,94658,13,110098,13,2,323,-7,24,6,21709,0,368,323,"Anderson",76978,16.8879420094053,0.0604395604395604,16.8879420094053,1.29907246226194,31.1777390942867,6.04395604395604
2022-03-22,22056,0,14127,0,7929,0,15441,1,94664,6,110105,7,0,323,-5,19,5,21714,0,368,323,"Anderson",76978,11.6916521603575,0.0718562874251497,9.09350723583361,0,24.682376782977,7.18562874251497
2022-03-23,22058,2,14129,2,7929,0,15443,2,94689,25,110132,27,0,323,-2,17,4,21718,0,368,323,"Anderson",76978,11.6916521603575,0.0658682634730539,35.0749564810725,2.59814492452389,22.0842318584531,6.58682634730539
2022-03-24,22058,0,14129,0,7929,0,15444,1,94705,16,110149,17,0,323,-1,16,1,21719,0,368,323,"Anderson",76978,11.6916521603575,0.065359477124183,22.0842318584531,0,20.7851593961911,6.5359477124183
2022-03-25,22059,1,14130,1,7929,0,15446,2,94728,23,110174,25,0,323,0,16,1,21720,0,368,323,"Anderson",76978,10.3925796980956,0.0757575757575758,32.4768115565486,1.29907246226194,20.7851593961911,7.57575757575758
2022-03-26,22060,1,14131,1,7929,0,15447,1,94747,19,110194,20,0,323,1,17,0,21720,0,368,323,"Anderson",76978,11.6916521603575,0.0833333333333333,25.9814492452389,1.29907246226194,22.0842318584531,8.33333333333333
2020-03-12,1,1,1,1,0,0,1,1,11,11,12,12,NA,NA,NA,NA,0,0,0,0,0,"East TN",2455501,NA,NA,0.488698640318208,0.040724886693184,NA,NA
2020-03-13,1,0,1,0,0,0,1,0,23,12,24,12,NA,NA,NA,NA,0,0,0,0,0,"East TN",2455501,NA,NA,0.488698640318208,0,NA,NA
2020-03-14,3,2,3,2,0,0,3,2,50,27,53,29,NA,NA,NA,NA,0,0,0,0,0,"East TN",2455501,NA,NA,1.18102171410234,0.081449773386368,NA,NA
2020-03-15,3,0,3,0,0,0,3,0,53,3,56,3,NA,NA,NA,NA,0,0,0,0,0,"East TN",2455501,NA,NA,0.122174660079552,0,NA,NA
2020-03-16,5,2,5,2,0,0,5,2,89,36,94,38,NA,NA,NA,NA,0,0,0,0,0,"East TN",2455501,NA,NA,1.54754569434099,0.081449773386368,NA,NA
2020-03-17,6,1,6,1,0,0,5,0,130,41,135,41,NA,NA,NA,NA,0,0,0,0,0,"East TN",2455501,NA,NA,1.66972035442054,0.040724886693184,NA,NA
2020-03-18,8,2,8,2,0,0,7,2,171,41,178,43,NA,NA,NA,NA,0,0,0,0,0,"East TN",2455501,0.325799093545472,0.0393258426966292,1.75117012780691,0.081449773386368,NA,3.93258426966292
2020-03-19,11,3,11,3,0,0,11,4,238,67,249,71,NA,NA,NA,NA,0,0,0,0,0,"East TN",2455501,0.40724886693184,0.0421940928270042,2.89146695521606,0.122174660079552,NA,4.21940928270042
2020-03-20,29,18,29,18,0,0,27,16,382,144,409,160,NA,NA,NA,NA,3,3,2,2,0,"East TN",2455501,1.14029682740915,0.0675324675324675,6.51598187090944,0.733047960477312,NA,6.75324675324675
2020-03-21,38,9,38,9,0,0,38,11,610,228,648,239,NA,NA,NA,NA,3,6,1,3,1,"East TN",2455501,1.42537103426144,0.0588235294117647,9.73324791967098,0.366523980238656,NA,5.88235294117647
2020-03-22,48,10,47,9,1,1,43,5,713,103,756,108,NA,NA,NA,NA,2,8,4,7,2,"East TN",2455501,1.83261990119328,0.0571428571428571,4.39828776286387,0.40724886693184,NA,5.71428571428571
2020-03-23,64,16,63,16,1,0,56,13,846,133,902,146,NA,NA,NA,NA,7,15,4,11,2,"East TN",2455501,2.40276831489786,0.0631188118811881,5.94583345720486,0.651598187090944,NA,6.31188118811881
2020-03-24,83,19,82,19,1,0,70,14,987,141,1057,155,NA,NA,NA,NA,7,22,5,16,2,"East TN",2455501,3.13581627537517,0.0704989154013015,6.31235743744352,0.773772847170496,NA,7.04989154013015
2020-03-25,116,33,115,33,1,0,99,29,1288,301,1387,330,NA,NA,NA,NA,15,37,12,28,3,"East TN",2455501,4.39828776286387,0.076095947063689,13.4392126087507,1.34392126087507,NA,7.6095947063689
2020-03-26,144,28,143,28,1,0,130,31,1774,486,1904,517,NA,NA,NA,NA,15,52,5,33,4,"East TN",2455501,5.41640993019347,0.0719033232628399,21.0547664203761,1.14029682740915,NA,7.19033232628399
2020-03-27,166,22,165,22,1,0,147,17,2171,397,2318,414,NA,NA,NA,NA,17,69,6,39,4,"East TN",2455501,5.57930947696621,0.0628601361969618,16.8601030909782,0.895947507250048,NA,6.28601361969618
2020-03-28,197,31,196,31,1,0,180,33,2608,437,2788,470,NA,NA,NA,NA,12,81,8,47,4,"East TN",2455501,6.47525698421626,0.0663551401869159,19.1406967457965,1.2624714874887,NA,6.63551401869159
2020-03-29,213,16,212,16,1,0,196,16,2795,187,2991,203,NA,NA,NA,NA,27,108,3,50,7,"East TN",2455501,6.71960630437536,0.0684563758389262,8.26715199871635,0.651598187090944,NA,6.84563758389262
2020-03-30,246,33,245,33,1,0,226,30,3345,550,3571,580,NA,NA,NA,NA,33,141,8,58,9,"East TN",2455501,7.41192937815949,0.0636942675159236,23.6204342820467,1.34392126087507,NA,6.36942675159236
2020-03-31,295,49,294,49,1,0,278,52,3645,300,3923,352,NA,NA,NA,NA,39,180,12,70,10,"East TN",2455501,8.63367597895501,0.0725750174459177,14.3351601160008,1.99551944796602,NA,7.25750174459177
2020-04-01,346,51,345,51,1,0,336,58,4243,598,4579,656,NA,NA,NA,NA,36,216,9,79,12,"East TN",2455501,9.36672393943232,0.0742481203007519,26.7155256707287,2.07696922135238,NA,7.42481203007519
2020-04-02,391,45,390,45,1,0,383,47,4839,596,5222,643,2,7,NA,134,34,250,5,84,14,"East TN",2455501,10.0590470132164,0.0762507534659433,26.1861021437173,1.83261990119328,5.45713481688666,7.62507534659433
2020-04-03,412,21,411,21,1,0,401,18,5124,285,5525,303,1,8,-13,121,33,283,2,86,17,"East TN",2455501,10.0183221265233,0.0792017461802308,12.3396406680348,0.855222620556864,4.92771128987526,7.92017461802307
2020-04-04,447,35,446,35,1,0,431,30,5716,592,6147,622,3,11,0,121,32,315,5,91,19,"East TN",2455501,10.181221673296,0.0747246204227449,25.3308795231604,1.42537103426144,4.92771128987526,7.47246204227449
2020-04-05,473,26,472,26,1,0,464,33,6093,377,6557,410,-1,10,1,122,26,341,2,93,20,"East TN",2455501,10.5884705402278,0.0751542344363432,16.6972035442054,1.05884705402278,4.96843617656845,7.51542344363432
2020-04-06,514,41,513,41,1,0,514,50,6626,533,7140,583,8,18,0,122,33,374,5,98,20,"East TN",2455501,10.9142696337733,0.080694872513309,23.7426089421263,1.66972035442054,4.96843617656845,8.06948725133091
2020-04-07,570,56,569,56,1,0,592,78,7755,1129,8347,1207,0,18,19,141,37,411,7,105,21,"East TN",2455501,11.1993438406256,0.0709764918625678,49.1549382386731,2.2805936548183,5.74220902373894,7.09764918625678
2020-04-08,607,37,606,37,1,0,632,40,8162,407,8794,447,1,19,4,145,32,443,8,113,25,"East TN",2455501,10.629195426921,0.0702253855278766,18.2040243518532,1.50682080764781,5.90510857051168,7.02253855278766
2020-04-09,633,26,632,26,1,0,662,30,8613,451,9275,481,3,22,3,148,20,463,2,115,25,"East TN",2455501,9.85542257975053,0.0688378978534419,19.5886704994215,1.05884705402278,6.02728323059123,6.88378978534419
2020-04-10,655,22,654,22,1,0,682,20,8941,328,9623,348,0,22,-7,141,29,492,4,119,25,"East TN",2455501,9.89614746644371,0.0685700341630063,14.172260569228,0.895947507250048,5.74220902373894,6.85700341630063
2020-04-11,679,24,678,24,1,0,728,46,10022,1081,10750,1127,2,24,-5,136,27,519,5,124,27,"East TN",2455501,9.44817371281869,0.0645231370845101,45.8969473032184,0.977397280636416,5.53858459027302,6.45231370845101
2020-04-12,709,30,708,30,1,0,761,33,11472,1450,12233,1483,0,24,18,154,12,531,1,125,28,"East TN",2455501,9.61107325959142,0.0523255813953488,60.3950069659919,1.22174660079552,6.27163255075034,5.23255813953488
2020-04-13,738,29,737,29,1,0,803,42,12435,963,13238,1005,0,24,-2,152,31,562,7,132,32,"East TN",2455501,9.12237461927321,0.0473925877336832,40.9285111266499,1.18102171410234,6.19018277736397,4.73925877336832
2020-04-14,749,11,748,11,1,0,823,20,12720,285,13543,305,4,28,-18,134,25,587,1,133,33,"East TN",2455501,7.28975471807994,0.0444572748267898,12.4210904414211,0.447973753625024,5.45713481688666,4.44572748267898
2020-04-15,773,24,772,24,1,0,850,27,13132,412,13982,439,2,30,-6,128,28,615,4,137,34,"East TN",2455501,6.76033119106854,0.0420200462606014,17.8782252583078,0.977397280636416,5.21278549672755,4.20200462606014
2020-04-16,801,28,800,28,1,0,886,36,13809,677,14695,713,1,31,1,129,26,641,6,143,34,"East TN",2455501,6.84178096445491,0.0413284132841328,29.0368442122402,1.14029682740915,5.25351038342074,4.13284132841328
2020-04-17,823,22,821,21,2,1,916,30,14138,329,15054,359,0,31,-1,128,23,664,4,147,35,"East TN",2455501,6.84178096445491,0.0430859878475419,14.6202343228531,0.895947507250048,5.21278549672755,4.30859878475419
2020-04-18,835,12,833,12,2,0,935,19,14919,781,15854,800,0,31,-11,117,23,687,0,147,35,"East TN",2455501,6.3530823241367,0.0405564263322884,32.5799093545472,0.488698640318208,4.76481174310253,4.05564263322884
2020-04-19,914,79,912,79,2,0,1016,81,15605,686,16621,767,1,32,66,183,12,699,1,148,35,"East TN",2455501,8.34860177210272,0.0581130355515041,31.2359880936721,3.21726604876154,7.45265426485267,5.81130355515041
2020-04-20,939,25,931,19,8,6,1033,17,16568,963,17601,980,0,32,10,193,15,714,2,150,35,"East TN",2455501,8.18570222532998,0.0527160210864084,39.9103889593203,1.0181221673296,7.85990313178451,5.27160210864084
2020-04-21,1045,106,1037,106,8,0,1154,121,19274,2706,20428,2827,0,32,83,276,23,737,6,156,36,"East TN",2455501,12.0545664611825,0.0480755265068991,115.129254681631,4.3168379894775,11.2400687273188,4.80755265068991
2020-04-22,1247,202,1237,200,10,2,1354,200,21826,2552,23180,2752,2,34,177,453,23,760,2,158,36,"East TN",2455501,19.3035962925692,0.0547945205479452,112.074888179642,8.22642711202317,18.4483736720124,5.47945205479452
2020-04-23,1492,245,1480,243,12,2,1601,247,22933,1107,24534,1354,0,34,236,689,9,769,3,161,36,"East TN",2455501,28.1408967049901,0.0726699867872751,55.1414965825711,9.97759723983008,28.0594469316038,7.26699867872751
2020-04-24,1540,48,1527,47,13,1,1655,54,25622,2689,27277,2743,0,34,22,711,26,795,4,165,36,"East TN",2455501,29.1997437590129,0.0604597889225231,111.708364199404,1.95479456127283,28.9553944388538,6.04597889225231
2020-04-25,1563,23,1546,19,17,4,1674,19,26397,775,28071,794,0,34,10,721,13,808,3,168,37,"East TN",2455501,29.6477175126379,0.0604894818695261,32.3355600343881,0.936672393943232,29.3626433057857,6.04894818695261
2020-04-26,1583,20,1565,19,18,1,1700,26,27514,1117,29214,1143,0,34,-1,720,21,829,0,168,37,"East TN",2455501,27.2449491977401,0.0543158897800365,46.5485454903093,0.81449773386368,29.3219184190925,5.43158897800365
2020-04-27,1652,69,1633,68,19,1,1772,72,28429,915,30201,987,0,34,50,770,19,848,8,176,38,"East TN",2455501,29.0368442122402,0.0586507936507936,40.1954631661726,2.8100171818297,31.3581627537517,5.86507936507936
2020-04-28,1689,37,1667,34,22,3,1812,40,30603,2174,32415,2214,2,36,19,789,16,864,1,177,39,"East TN",2455501,26.2268270304105,0.0548928005339117,90.1648991387094,1.50682080764781,32.1319356009222,5.48928005339117
2020-04-29,1752,63,1729,62,23,1,1878,66,33349,2746,35227,2812,1,37,39,828,23,887,6,183,40,"East TN",2455501,20.5660677800579,0.0434963061343073,114.518381381233,2.56566786167059,33.7202061819563,4.34963061343073
2020-04-30,1774,22,1750,21,24,1,1900,22,33898,549,35798,571,0,37,-1,827,23,910,1,184,40,"East TN",2455501,11.4844180474779,0.0265447443181818,23.2539103018081,0.895947507250048,33.6794812952632,2.65447443181818
2020-05-01,1814,40,1786,36,28,4,1929,29,35560,1662,37489,1691,0,37,-16,811,56,966,0,184,40,"East TN",2455501,11.1586189539324,0.026831179005092,68.8657833981741,1.62899546772736,33.0278831081722,2.6831179005092
2020-05-02,1835,21,1807,21,28,0,1966,37,37437,1877,39403,1914,0,37,-107,704,128,1094,3,187,40,"East TN",2455501,11.077169180546,0.0257677373808683,77.9474331307542,0.855222620556864,28.6703202320015,2.57677373808683
2020-05-03,1873,38,1840,33,33,5,2003,37,39557,2120,41560,2157,0,37,-20,684,58,1152,3,190,42,"East TN",2455501,11.8102171410234,0.0245423618985906,87.8435805971979,1.54754569434099,27.8558224981379,2.45423618985906
2020-05-04,1920,47,1884,44,36,3,2060,57,41503,1946,43563,2003,0,37,-312,372,359,1511,1,191,42,"East TN",2455501,10.9142696337733,0.0215536596317916,81.5719480464475,1.91406967457965,15.1496578498644,2.15536596317917
2020-05-05,1948,28,1911,27,37,1,2092,32,44413,2910,46505,2942,2,39,-45,327,71,1582,1,192,42,"East TN",2455501,10.5477456535347,0.0198722498225692,119.812616651347,1.14029682740915,13.3170379486712,1.98722498225692
2020-05-06,1985,37,1948,37,37,0,2135,43,45457,1044,47592,1087,1,40,7,334,29,1611,0,192,42,"East TN",2455501,9.48889859951187,0.0207844723008492,44.267951835491,1.50682080764781,13.6021121555235,2.07844723008492
2020-05-07,2028,43,1989,41,39,2,2183,48,46849,1392,49032,1440,0,40,18,352,25,1636,4,196,46,"East TN",2455501,10.3441212200687,0.0213843131328397,58.643836838185,1.75117012780691,14.3351601160008,2.13843131328397
2020-05-08,2047,19,2008,19,39,0,2219,36,48519,1670,50738,1706,1,41,-15,337,33,1669,0,196,47,"East TN",2455501,9.48889859951187,0.0218884444108989,69.4766566985719,0.773772847170496,13.724286815603,2.18884444108989
2020-05-09,2063,16,2022,14,41,2,2237,18,51337,2818,53574,2836,0,41,-32,305,48,1717,1,197,48,"East TN",2455501,9.28527416604595,0.0191235622045022,115.49577866187,0.651598187090944,12.4210904414211,1.91235622045022
2020-05-10,2079,16,2037,15,42,1,2256,19,53901,2564,56157,2583,1,42,-27,278,42,1759,3,200,48,"East TN",2455501,8.3893266587959,0.0173323285606631,105.192382328494,0.651598187090944,11.3215185007052,1.73323285606631
2020-05-11,2140,61,2097,60,43,1,2307,51,55472,1571,57779,1622,3,45,13,291,45,1804,5,205,50,"East TN",2455501,8.95947507250048,0.0173747889701744,66.0557662163444,2.48421808828422,11.8509420277165,1.73747889701745
2020-05-12,2193,53,2150,53,43,0,2373,66,59027,3555,61400,3621,3,48,30,321,20,1824,3,208,50,"East TN",2455501,9.97759723983008,0.0188653910708291,147.464814716019,2.15841899473875,13.0726886285121,1.88653910708291
2020-05-13,2247,54,2201,51,46,3,2425,52,60652,1625,63077,1677,0,48,18,339,36,1860,7,215,52,"East TN",2455501,10.6699203136142,0.0187278010978366,68.2956349844696,2.19914388143194,13.8057365889894,1.87278010978366
2020-05-14,2278,31,2232,31,46,0,2470,45,62361,1709,64831,1754,1,49,-2,337,32,1892,2,217,53,"East TN",2455501,10.181221673296,0.0181657066902969,71.4314512598447,1.2624714874887,13.724286815603,1.81657066902969
2020-05-15,2306,28,2260,28,46,0,2507,37,64680,2319,67187,2356,1,50,-21,316,48,1940,4,221,53,"East TN",2455501,10.5477456535347,0.0175086631406164,95.9478330491415,1.14029682740915,12.8690641950461,1.75086631406164
2020-05-16,2316,10,2270,10,46,0,2525,18,67449,2769,69974,2787,1,51,-28,288,37,1977,1,222,53,"East TN",2455501,10.3033963333756,0.0175609756097561,113.500259213904,0.40724886693184,11.728767367637,1.75609756097561
2020-05-17,2396,80,2350,80,46,0,2604,79,69676,2227,72280,2306,0,51,59,347,21,1998,4,226,55,"East TN",2455501,12.9097890817393,0.0215840724430937,93.9115887144823,3.25799093545472,14.1315356825348,2.15840724430937
2020-05-18,2445,49,2398,48,47,1,2665,61,71554,1878,74219,1939,0,51,8,355,41,2039,3,229,55,"East TN",2455501,12.4210904414211,0.0217761557177616,78.9655552980838,1.99551944796602,14.4573347760803,2.17761557177616
2020-05-19,2486,41,2438,40,48,1,2705,40,72678,1124,75383,1164,1,52,-6,349,46,2085,3,232,55,"East TN",2455501,11.9323918011029,0.0237431166416363,47.4037681108662,1.66972035442054,14.2129854559212,2.37431166416363
2020-05-20,2528,42,2480,42,48,0,2750,45,74418,1740,77168,1785,0,52,13,362,29,2114,3,235,55,"East TN",2455501,11.4436931607847,0.0230643673266624,72.6939227473334,1.71044524111373,14.7424089829326,2.30643673266624
2020-05-21,2769,241,2720,240,49,1,2988,238,75880,1462,78868,1700,0,52,211,573,30,2144,4,239,56,"East TN",2455501,19.9959193663533,0.0369024720381848,69.2323073784128,9.81469769305734,23.3353600751944,3.69024720381848
2020-05-22,2860,91,2808,88,52,3,3066,78,77404,1524,80470,1602,0,52,40,613,51,2195,7,246,56,"East TN",2455501,22.5615872280239,0.0420838665964014,65.2412684824808,3.70596468907974,24.9643555429218,4.20838665964014
2020-05-23,2926,66,2870,62,56,4,3157,91,79619,2215,82776,2306,2,54,36,649,28,2223,7,253,57,"East TN",2455501,24.8421808828422,0.049367286361506,93.9115887144823,2.68784252175014,26.4304514638764,4.9367286361506
2020-05-24,2978,52,2922,52,56,0,3227,70,81739,2120,84966,2190,0,54,26,675,26,2249,0,253,58,"East TN",2455501,23.7018840554331,0.0491092542960744,89.187501858073,2.11769410804557,27.4892985178992,4.91092542960744
2020-05-25,3062,84,3005,83,57,1,3321,94,84389,2650,87710,2744,1,55,42,717,41,2290,2,255,58,"East TN",2455501,25.1272550896945,0.0486250092654362,111.749089086097,3.42089048222746,29.1997437590129,4.86250092654362
2020-05-26,3123,61,3057,52,66,9,3377,56,86775,2386,90152,2442,1,56,15,732,45,2335,3,258,58,"East TN",2455501,25.9417528235582,0.0455007109486086,99.4501733047553,2.48421808828422,29.8106170594107,4.55007109486086
2020-05-27,3199,76,3130,73,69,3,3444,67,88642,1867,92086,1934,0,56,40,772,36,2371,9,267,58,"East TN",2455501,27.3263989711265,0.0465209813647942,78.7619308646179,3.09509138868198,31.439612527138,4.65209813647942
2020-05-28,3273,74,3204,74,69,0,3511,67,90041,1399,93552,1466,0,56,14,786,60,2431,1,268,58,"East TN",2455501,20.5253428933647,0.0356169980931626,59.7026838922077,3.01364161529562,32.0097609408426,3.56169980931626
2020-05-29,3348,75,3278,74,70,1,3594,83,91319,1278,94913,1361,0,56,10,796,65,2496,4,272,58,"East TN",2455501,19.8737447062738,0.0365575019040366,55.4265707894234,3.0543665019888,32.4170098077745,3.65575019040366
2020-05-30,3421,73,3350,72,71,1,3675,81,93564,2245,97239,2326,0,56,-1,795,74,2570,5,277,59,"East TN",2455501,20.1588189131261,0.0358155292816152,94.726086448346,2.97291672860243,32.3762849210813,3.58155292816152
2020-05-31,3533,112,3460,110,73,2,3769,94,96347,2783,100116,2877,0,56,71,866,41,2611,1,278,60,"East TN",2455501,22.6023121147171,0.0357755775577558,117.16549901629,4.56118730963661,35.2677518762973,3.57755775577558
2020-06-01,3629,96,3553,93,76,3,3903,134,100179,3832,104082,3966,0,56,-169,697,265,2876,5,283,60,"East TN",2455501,23.0910107550353,0.0355484974346445,161.514900625168,3.90958912254566,28.3852460251492,3.55484974346445
2020-06-02,3736,107,3658,105,78,2,4018,115,104238,4059,108256,4174,1,57,16,713,90,2966,3,286,64,"East TN",2455501,24.9643555429218,0.0354065399911622,169.98567705735,4.35756287617069,29.0368442122402,3.54065399911622
2020-06-03,3786,50,3708,50,78,0,4068,50,106169,1931,110237,1981,0,57,-65,648,115,3081,4,290,65,"East TN",2455501,23.905508488899,0.0343782711696325,80.6760005391975,2.0362443346592,26.3897265771832,3.43782711696325
2020-06-04,3837,51,3757,49,80,2,4129,61,107717,1548,111846,1609,6,63,-37,611,82,3163,5,295,66,"East TN",2455501,22.9688360949558,0.0337815677271236,65.526342689333,2.07696922135238,24.8829057695354,3.37815677271236
2020-06-05,3936,99,3852,95,84,4,4211,82,109873,2156,114084,2238,1,64,-43,568,141,3304,4,299,67,"East TN",2455501,23.9462333755922,0.0321840279588963,91.1422964193458,4.03176378262522,23.1317356417285,3.21840279588963
2020-06-06,3989,53,3902,50,87,3,4286,75,112978,3105,117264,3180,1,65,-14,554,66,3370,4,303,67,"East TN",2455501,23.1317356417285,0.0305118601747815,129.505139684325,2.15841899473875,22.5615872280239,3.05118601747815
2020-06-07,4047,58,3958,56,89,2,4367,81,116937,3959,121304,4040,0,65,-8,546,66,3436,6,309,68,"East TN",2455501,20.9325917602966,0.0282235227487257,164.528542240463,2.36204342820467,22.2357881344785,2.82235227487257
2020-06-08,4207,160,4114,156,93,4,4524,157,119888,2951,124412,3108,0,65,75,621,85,3521,6,315,68,"East TN",2455501,23.5389845086604,0.0305459911460895,126.572947842416,6.51598187090944,25.2901546364673,3.05459911460895
2020-06-09,4315,108,4221,107,94,1,4642,118,122215,2327,126857,2445,1,66,-35,586,142,3663,7,322,69,"East TN",2455501,23.5797093953535,0.0335465835170152,99.5723479648349,4.39828776286387,23.8647836022058,3.35465835170152
2020-06-10,4392,77,4295,74,97,3,4716,74,125052,2837,129768,2911,0,66,-63,523,140,3803,6,328,69,"East TN",2455501,24.6792813360695,0.0331780246787159,118.550145163859,3.13581627537517,21.2991157405352,3.31780246787159
2020-06-11,4656,264,4557,262,99,2,4996,280,127343,2291,132339,2571,1,67,149,672,114,3917,8,336,69,"East TN",2455501,33.3536822017177,0.042307129263651,104.703683688176,10.7513700870006,27.3671238578196,4.2307129263651
2020-06-12,4827,171,4727,170,100,1,5168,172,129970,2627,135138,2799,2,69,24,696,145,4062,3,339,70,"East TN",2455501,36.2858740436269,0.0454545454545455,113.988957854222,6.96395562453446,28.3445211384561,4.54545454545455
2020-06-13,4975,148,4871,144,104,4,5336,168,132161,2191,137497,2359,0,69,50,746,98,4160,4,343,71,"East TN",2455501,40.1547382794794,0.0518954183759205,96.0700077092211,6.02728323059123,30.3807654731153,5.18954183759205
2020-06-14,5091,116,4986,115,105,1,5471,135,136031,3870,141502,4005,0,69,30,776,86,4246,4,347,72,"East TN",2455501,42.5167817076841,0.0546588771165462,163.103171206202,4.72408685640934,31.6025120739108,5.46588771165462
2020-06-15,5273,182,5157,171,116,11,5650,179,139205,3174,144855,3353,0,69,58,834,124,4370,9,356,77,"East TN",2455501,43.4127292149341,0.0550799784767402,136.550545082246,7.41192937815949,33.9645555021155,5.50799784767402
2020-06-16,5427,154,5309,152,118,2,5808,158,141005,1800,146813,1958,3,72,64,898,87,4457,4,360,80,"East TN",2455501,45.2860740028206,0.0584285427941471,79.7393281452543,6.27163255075034,36.5709482504792,5.84285427941471
2020-06-17,5560,133,5439,130,121,3,5930,122,142445,1440,148375,1562,3,75,-6,892,136,4593,6,366,82,"East TN",2455501,47.5666676576389,0.0652442629118074,63.6122730147534,5.41640993019347,36.3265989303201,6.52442629118074
2020-06-18,5738,178,5616,177,122,1,6136,206,146036,3591,152172,3797,1,76,42,934,135,4728,12,378,82,"East TN",2455501,44.0643274020251,0.057479957646347,154.63239477402,7.24902983138675,38.0370441714339,5.7479957646347
2020-06-19,5873,135,5747,131,126,4,6254,118,147500,1464,153754,1582,4,80,22,956,109,4837,13,391,83,"East TN",2455501,42.5982314810705,0.0583369144821659,64.4267707486171,5.49785970357984,38.9329916786839,5.83369144821659
2020-06-20,5939,66,5812,65,127,1,6349,95,149675,2175,156024,2270,0,80,-44,912,110,4947,7,398,83,"East TN",2455501,39.2587907722294,0.0546769579532574,92.4454927935277,2.68784252175014,37.1410966641838,5.46769579532574
2020-06-21,6027,88,5899,87,128,1,6468,119,153025,3350,159493,3469,1,81,0,912,87,5034,3,401,86,"East TN",2455501,38.1184939448202,0.0554165971874826,141.274631938655,3.58379002900019,37.1410966641838,5.54165971874826
2020-06-22,6223,196,6088,189,135,7,6666,198,156436,3411,163102,3609,1,82,43,955,152,5186,7,408,87,"East TN",2455501,38.6886423585248,0.0556803858168466,146.976116075701,7.98207779186406,38.8922667919907,5.56803858168466
2020-06-23,6413,190,6272,184,141,6,6850,184,158240,1804,165090,1988,4,86,57,1012,129,5315,15,423,87,"East TN",2455501,40.1547382794794,0.0570115445642064,80.9610747460498,7.73772847170496,41.2135853335022,5.70115445642064
2020-06-24,6591,178,6448,176,143,2,7033,183,159871,1631,166904,1814,2,88,38,1050,138,5453,9,432,87,"East TN",2455501,41.9873581806727,0.0595283069782503,73.8749444614358,7.24902983138675,42.7611310278432,5.95283069782503
2020-06-25,6760,169,6608,160,152,9,7217,184,163044,3173,170261,3357,0,88,22,1072,147,5600,8,440,87,"East TN",2455501,41.620834200434,0.0597600751838134,136.713444629019,6.8825058511481,43.6570785350932,5.97600751838134
2020-06-26,6974,214,6812,204,162,10,7389,172,164633,1589,172022,1761,1,89,67,1139,146,5746,16,456,87,"East TN",2455501,44.8381002491956,0.0621305014232538,71.716525466697,8.71512575234138,46.3856459435366,6.21305014232538
2020-06-27,7048,74,6881,69,167,5,7435,46,164842,209,172277,255,-1,88,-52,1087,127,5873,5,461,89,"East TN",2455501,45.1638993427411,0.0668184335199655,10.3848461067619,3.01364161529562,44.267951835491,6.68184335199655
2020-06-28,7175,127,7006,125,169,2,7606,171,167929,3087,175535,3258,0,88,30,1117,97,5970,5,466,90,"East TN",2455501,46.7521699237752,0.0709387856875701,132.681680846393,5.17206061003437,45.4896984362865,7.09387856875701
2020-06-29,7518,343,7347,341,171,2,7946,340,173197,5268,181143,5608,1,89,147,1264,195,6165,22,488,91,"East TN",2455501,52.7387282676733,0.0709495039077657,228.385164575376,13.9686361357621,51.4762567801846,7.09495039077656
2020-06-30,7788,270,7613,266,175,4,8394,448,179483,6286,187877,6734,0,89,100,1364,170,6335,22,510,92,"East TN",2455501,55.996719203128,0.0677579321542985,274.241386991901,10.9957194071597,55.548745449503,6.77579321542985
2020-07-01,8063,275,7885,272,178,3,8728,334,182687,3204,191415,3538,0,89,66,1430,209,6544,17,527,95,"East TN",2455501,59.9470332123668,0.0691526253518828,144.084649120485,11.1993438406256,58.2365879712531,6.91526253518828
2020-07-02,8543,480,8360,475,183,5,9334,606,189070,6383,198404,6989,2,91,314,1744,164,6708,25,552,98,"East TN",2455501,72.6124729739471,0.0752229684113279,284.626233098663,19.5479456127283,71.0242023929129,7.52229684113279
2020-07-03,8769,226,8580,220,189,6,9562,228,192425,3355,201987,3583,5,96,24,1768,197,6905,14,566,99,"East TN",2455501,73.1011716142653,0.0725179375938595,145.917269021678,9.20382439265958,72.0015996735493,7.25179375938595
2020-07-04,8989,220,8798,218,191,2,9842,280,197189,4764,207031,5044,2,98,77,1845,141,7046,15,581,105,"East TN",2455501,79.0470050714701,0.0692582148817402,205.41632848042,8.95947507250048,75.1374159489245,6.92582148817402
2020-07-05,9309,320,9117,319,192,1,10210,368,201036,3847,211246,4215,2,100,163,2008,155,7201,12,593,108,"East TN",2455501,86.9069082032546,0.072918708521184,171.655397411771,13.0319637418189,81.7755724799135,7.2918708521184
2020-07-06,9543,234,9340,223,203,11,10420,210,202667,1631,213087,1841,4,104,-51,1957,281,7482,26,619,108,"East TN",2455501,82.4678955536976,0.0774480340596043,74.9745164021517,9.52962348620506,79.6986032585611,7.74480340596043
2020-07-07,9991,448,9779,439,212,9,10986,566,208945,6278,219931,6844,0,104,159,2116,289,7771,32,651,109,"East TN",2455501,89.7169253850844,0.080863542771573,278.721124528151,18.2447492385464,86.1738602427773,8.0863542771573
2020-07-08,10372,381,10150,371,222,10,11420,434,213116,4171,224536,4605,1,105,61,2177,319,8090,20,671,109,"East TN",2455501,94.0337633745619,0.0812777391986957,187.538103222112,15.5161818301031,88.6580783310616,8.12777391986957
2020-07-09,10821,449,10585,435,236,14,11892,472,219065,5949,230957,6421,1,106,149,2326,299,8389,24,695,113,"East TN",2455501,92.7712918870731,0.0785795471999508,261.494497456934,18.2854741252396,94.726086448346,7.85795471999508
2020-07-10,11288,467,11040,455,248,12,12345,453,222349,3284,234694,3737,0,106,141,2467,326,8715,29,724,115,"East TN",2455501,102.58598958013,0.0850888189072676,152.188901572429,19.0185220857169,100.468295472085,8.50888189072676
2020-07-11,11594,306,11339,299,255,7,12767,422,226827,4478,239594,4900,5,111,44,2511,257,8972,23,747,120,"East TN",2455501,106.088329835744,0.0898258759942266,199.551944796602,12.4618153281143,102.260190486585,8.98258759942266
2020-07-12,12064,470,11801,462,263,8,13400,633,232757,5930,246157,6563,1,112,222,2733,247,9219,25,772,125,"East TN",2455501,112.197062839722,0.091375211251468,267.277431367367,19.1406967457965,111.301115332472,9.1375211251468
2020-07-13,12418,354,12142,341,276,13,13743,343,236191,3434,249934,3777,3,115,-119,2614,470,9689,20,792,129,"East TN",2455501,117.084049242904,0.0901837327326512,153.817897040156,14.4166098893871,106.454853815983,9.01837327326512
2020-07-14,12933,515,12652,510,281,5,14327,584,240679,4488,255006,5072,4,119,77,2691,434,10123,34,826,133,"East TN",2455501,119.812616651347,0.0952530292230934,206.556625307829,20.9733166469898,109.590670091358,9.52530292230934
2020-07-15,13313,380,13026,374,287,6,14710,383,243776,3097,258486,3480,6,125,-106,2585,480,10603,24,850,140,"East TN",2455501,119.771891764654,0.0969072164948454,141.72260569228,15.4754569434099,105.273832101881,9.69072164948454
2020-07-16,14140,827,13838,812,302,15,15807,1097,253609,9833,269416,10930,6,131,349,2934,472,11075,44,894,142,"East TN",2455501,135.165898934678,0.101796718583427,445.123011556501,33.6794812952632,119.486817557802,10.1796718583427
2020-07-17,14608,468,14292,454,316,14,16318,511,257928,4319,274246,4830,3,134,95,3029,370,11445,24,918,147,"East TN",2455501,135.206623821371,0.100450040453074,196.701202728079,19.0592469724101,123.355681793654,10.0450040453074
2020-07-18,15117,509,14786,494,331,15,16986,668,266018,8090,283004,8758,6,140,185,3214,318,11763,27,945,150,"East TN",2455501,143.473775820087,0.0971895876526146,356.668557658905,20.7289673268307,130.889785831893,9.71895876526146
2020-07-19,15598,481,15248,462,350,19,17546,560,270872,4854,288418,5414,0,140,76,3290,405,12168,26,971,154,"East TN",2455501,143.921749573712,0.0981046354795201,220.484536556898,19.5886704994215,133.984877220575,9.81046354795201
2020-07-20,16034,436,15669,421,365,15,17957,411,273329,2457,291286,2868,2,142,-270,3020,704,12872,29,1000,158,"East TN",2455501,147.261190282553,0.101905591023409,116.798975036052,17.7560505982282,122.989157813416,10.1905591023409
2020-07-21,17035,1001,16653,984,382,17,19169,1212,281707,8378,300876,9590,1,143,381,3401,619,13491,61,1061,161,"East TN",2455501,167.053485215441,0.105559189012426,390.551663387635,40.7656115798772,138.505339643519,10.5559189012426
2020-07-22,17619,584,17221,568,398,16,19823,654,285007,3300,304830,3954,4,147,-79,3322,659,14150,29,1090,166,"East TN",2455501,175.36136210085,0.110327118936648,161.02620198485,23.7833338288195,135.288073594757,11.0327118936648
2020-07-23,18414,795,17994,773,420,22,20822,999,295210,10203,316032,11202,4,151,242,3564,549,14699,50,1140,172,"East TN",2455501,174.058165726668,0.107581088038442,456.200180737047,32.3762849210813,145.143496174508,10.7581088038442
2020-07-24,19017,603,18584,590,433,13,21506,684,301020,5810,322526,6494,2,153,7,3571,594,15293,34,1174,179,"East TN",2455501,179.556025430248,0.107456503728252,264.467414185537,24.55710667599,145.42857038136,10.7456503728252
2020-07-25,19995,978,19550,966,445,12,22708,1202,310634,9614,333342,10816,10,163,550,4121,418,15711,29,1203,187,"East TN",2455501,198.655997289352,0.1136715801184,440.480374473478,39.8289391859339,167.827258062611,11.36715801184
2020-07-26,20770,775,20310,760,460,15,23605,897,318157,7523,341762,8420,1,164,391,4512,383,16094,21,1224,194,"East TN",2455501,210.629113977148,0.113583533293341,342.903545956609,31.5617871872176,183.750688759646,11.3583533293341
2020-07-27,21416,646,20934,624,482,22,24311,706,322623,4466,346934,5172,6,170,-78,4434,718,16812,38,1262,198,"East TN",2455501,219.181340182716,0.114182001150086,210.629113977148,26.3082768037969,180.574147597578,11.4182001150086
2020-07-28,22231,815,21726,792,505,23,25283,972,330844,8221,356127,9193,7,177,170,4604,638,17450,50,1312,203,"East TN",2455501,211.606511257784,0.110658630613021,374.38388337044,33.190782654945,187.497378335419,11.0658630613021
2020-07-29,22574,343,22058,332,516,11,25599,316,332414,1570,358013,1886,5,182,-337,4267,675,18125,24,1336,212,"East TN",2455501,201.791813564727,0.108606133538913,76.807136303345,13.9686361357621,173.773091519816,10.8606133538913
2020-07-30,23762,1188,23231,1173,531,15,26980,1381,344948,12534,371928,13915,5,187,674,4941,509,18634,46,1382,219,"East TN",2455501,217.796694035148,0.110168885072277,566.686798335655,48.3811653915026,201.221665151022,11.0168885072277
2020-07-31,24384,622,23837,606,547,16,27634,654,348916,3968,376550,4622,6,193,80,5021,536,19170,27,1409,228,"East TN",2455501,218.570466882319,0.113431067673627,188.230426295896,25.3308795231604,204.479656086477,11.3431067673627
2020-08-01,24943,559,24379,542,564,17,28270,636,355891,6975,384161,7611,1,194,152,5173,406,19576,16,1425,231,"East TN",2455501,201.506739357874,0.109447253979811,309.957112621823,22.7652116614899,210.669838863841,10.9447253979811
2020-08-02,25374,431,24799,420,575,11,28754,484,359689,3798,388443,4282,4,198,50,5223,377,19953,21,1446,236,"East TN",2455501,187.497378335419,0.110301835864699,174.383964820214,17.5524261647623,212.7060831985,11.0301835864699
2020-08-03,26000,626,25407,608,593,18,29462,708,363833,4144,393295,4852,3,201,-43,5180,666,20619,39,1485,244,"East TN",2455501,186.682880601555,0.111106317810228,197.597150235329,25.4937790699332,210.954913070693,11.1106317810228
2020-08-04,26486,486,25873,466,613,20,29988,526,369204,5371,399192,5897,6,207,-218,4962,698,21317,34,1519,253,"East TN",2455501,173.284392879498,0.10925345408104,240.154656829706,19.7922949328874,202.076887771579,10.925345408104
2020-08-05,26954,468,26333,460,621,8,30509,521,373417,4213,403926,4734,9,216,-222,4740,681,21998,20,1539,259,"East TN",2455501,178.375003716146,0.106941389149043,192.791613605533,19.0592469724101,193.035962925692,10.6941389149043
2020-08-06,27685,731,27026,693,659,38,31361,852,380486,7069,411847,7921,7,223,202,4942,522,22520,37,1576,265,"East TN",2455501,159.763730497361,0.109747238157268,322.58182749671,29.7698921727175,201.262390037715,10.9747238157268
2020-08-07,28240,555,27567,541,673,14,31980,619,384456,3970,416436,4589,6,229,40,4982,509,23029,34,1610,278,"East TN",2455501,157.035163088917,0.108960537531966,186.886505035021,22.6023121147171,202.891385505443,10.8960537531966
2020-08-08,28915,675,28230,663,685,12,32780,800,394533,10077,427313,10877,8,237,290,5272,377,23406,24,1634,289,"East TN",2455501,161.759249945327,0.104514275120504,442.964592561762,27.4892985178992,214.701602646466,10.4514275120504
2020-08-09,29443,528,28746,516,697,12,33414,634,398834,4301,432248,4935,2,239,115,5387,411,23817,20,1654,296,"East TN",2455501,165.709563954566,0.106380550165506,200.977315830863,21.5027401740012,219.384964616182,10.6380550165506
2020-08-10,29746,303,29038,292,708,11,33742,328,401123,2289,434865,2617,3,242,-477,4910,777,24594,26,1680,300,"East TN",2455501,152.555425552667,0.102958864565793,106.577028476063,12.3396406680348,199.959193663533,10.2958864565793
2020-08-11,30358,612,29633,595,725,17,34427,685,407223,6100,441650,6785,17,259,-7,4903,602,25196,28,1708,305,"East TN",2455501,157.686761276008,0.104550379198267,276.318356213253,24.9236306562286,199.674119456681,10.4550379198267
2020-08-12,30803,445,30057,424,746,21,34901,474,410971,3748,445872,4222,6,265,-251,4652,690,25886,25,1733,310,"East TN",2455501,156.750088882065,0.104706050636533,171.940471618623,18.1225745784669,189.452172896692,10.4706050636533
2020-08-13,31620,817,30861,804,759,13,36018,1117,419534,8563,455552,9680,6,271,202,4854,609,26495,44,1777,318,"East TN",2455501,160.252429137679,0.106555314037295,394.216903190021,33.2722324283313,197.678600008715,10.6555314037295
2020-08-14,32081,461,31293,432,788,29,36552,534,424190,4656,460742,5190,4,275,-142,4712,599,27094,18,1795,325,"East TN",2455501,156.42428978852,0.103191441339773,211.362161937625,18.7741727655578,191.895666098283,10.3191441339773
2020-08-15,32731,650,31931,638,800,12,37429,877,431123,6933,468552,7810,4,279,216,4928,430,27524,17,1812,334,"East TN",2455501,155.40616762119,0.11273309246102,318.061365073767,26.4711763505696,200.692241624011,11.273309246102
2020-08-16,33205,474,32394,463,811,11,38022,593,436588,5465,474610,6058,2,281,110,5038,362,27886,10,1822,343,"East TN",2455501,153.207023739758,0.108776733865257,246.711363587309,19.3035962925692,205.171979160261,10.8776733865257
2020-08-17,33478,273,32597,203,881,70,38249,227,438060,1472,476309,1699,8,289,-397,4641,662,28548,12,1834,349,"East TN",2455501,151.985277138963,0.108749155486922,69.1915824917196,11.1178940672392,189.004199143067,10.8749155486922
2020-08-18,34108,630,33162,565,946,65,39061,812,448657,10597,487718,11409,8,297,52,4693,570,29118,22,1856,352,"East TN",2455501,152.71832509944,0.10059043153599,464.630232282536,25.6566786167059,191.121893251113,10.059043153599
2020-08-19,34563,455,33596,434,967,21,39558,497,453441,4784,492999,5281,7,304,-113,4580,561,29679,22,1878,359,"East TN",2455501,153.125573966372,0.0988180872960299,215.068126626705,18.5298234453987,186.519981054783,9.88180872960299
2020-08-20,35341,778,34353,757,988,21,40432,874,464980,11539,505412,12413,6,310,265,4845,507,30186,27,1905,367,"East TN",2455501,151.537303385338,0.088527878058564,505.518018522493,31.6839618472971,197.312076028476,8.8527878058564
2020-08-21,35550,209,34550,197,1000,12,40645,213,467431,2451,508076,2664,17,327,-321,4524,513,30699,17,1922,374,"East TN",2455501,141.274631938655,0.0864706130899565,108.491098150642,8.51150131887546,184.239387399964,8.64706130899565
2020-08-22,36419,869,35407,857,1012,12,41617,972,480798,13367,522415,14339,2,329,453,4977,414,31113,20,1942,381,"East TN",2455501,150.193382124463,0.077752817332863,583.954150293565,35.3899265363769,202.687761071977,7.7752817332863
2020-08-23,36672,253,35649,242,1023,11,41871,254,485903,5105,527774,5359,0,329,-94,4883,347,31460,20,1962,386,"East TN",2455501,141.193182165269,0.0723986156045444,218.244667788773,10.3033963333756,198.859621722817,7.23986156045444
2020-08-24,36864,192,35824,175,1040,17,42069,198,487246,1343,529315,1541,8,337,-485,4398,669,32129,15,1977,396,"East TN",2455501,137.894466343121,0.0720673131343622,62.7570503941965,7.81917824509133,179.108051676623,7.20673131343622
2020-08-25,37478,614,36413,589,1065,25,42754,685,496980,9734,539734,10419,16,353,119,4517,479,32608,23,2000,405,"East TN",2455501,137.24286815603,0.0709973854198708,424.312594456284,25.005080429615,183.954313193112,7.09973854198708
2020-08-26,37823,345,36733,320,1090,25,43138,384,500942,3962,544080,4346,6,359,-208,4309,547,33155,11,2011,413,"East TN",2455501,132.76313061978,0.0700847673303185,176.990357568578,14.0500859091485,175.48353676093,7.00847673303185
2020-08-27,38684,861,37577,844,1107,17,44114,976,511234,10292,555348,11268,8,367,387,4696,466,33621,29,2040,420,"East TN",2455501,136.143296215314,0.0737343800064082,458.888023258797,35.0641274428314,191.244067911192,7.37343800064082
2020-08-28,39018,334,37891,314,1127,20,44452,338,513843,2609,558295,2947,12,379,-182,4514,504,34125,10,2050,426,"East TN",2455501,141.233907051962,0.0758079611302495,120.016241084813,13.6021121555235,183.832138533033,7.58079611302495
2020-08-29,39469,451,38326,435,1143,16,44980,528,520362,6519,565342,7047,8,387,61,4575,382,34507,16,2066,435,"East TN",2455501,124.210904414211,0.0783423020476623,286.988276526868,18.366923898626,186.316356621317,7.83423020476623
2020-08-30,39732,263,38578,252,1154,11,45247,267,522243,1881,567490,2148,8,395,-55,4520,310,34817,14,2080,438,"East TN",2455501,124.618153281143,0.0850035250276966,87.4770566169592,10.7106452003074,184.076487853192,8.50035250276967
2020-08-31,40139,407,38956,378,1183,29,45697,450,525730,3487,571427,3937,2,397,-133,4387,538,35355,17,2097,443,"East TN",2455501,133.374003920178,0.0861512158054711,160.333878911065,16.5750288841259,178.660077922998,8.61512158054711
2020-09-01,40746,607,39521,565,1225,42,46371,674,531395,5665,577766,6339,6,403,105,4492,496,35851,28,2125,452,"East TN",2455501,133.088929713325,0.0951041228439209,258.155056748093,24.7200062227627,182.936191025783,9.51041228439209
2020-09-02,41234,488,39980,459,1254,29,46824,453,536188,4793,583012,5246,7,410,23,4515,458,36309,22,2147,459,"East TN",2455501,138.912588510451,0.0946778999280797,213.642755592443,19.8737447062738,183.872863419726,9.46778999280797
2020-09-03,41789,555,40502,522,1287,33,47471,647,544444,8256,591915,8903,6,416,-39,4476,588,36897,22,2169,462,"East TN",2455501,126.450773182336,0.0918040856509968,362.573666229417,22.6023121147171,182.284592838692,9.18040856509968
2020-09-04,42146,357,40845,343,1301,14,47819,348,547776,3332,595595,3680,7,423,-40,4436,390,37287,11,2180,463,"East TN",2455501,127.38744557628,0.0902680965147453,149.867583030917,14.5387845494667,180.655597370964,9.02680965147453
2020-09-05,43144,998,41828,983,1316,15,48909,1090,557095,9319,606004,10409,1,424,640,5076,357,37644,26,2206,469,"East TN",2455501,149.663958597451,0.0966258423097733,423.905345589352,40.6434369197976,206.719524854602,9.66258423097733
2020-09-06,43407,263,42075,247,1332,16,49177,268,559722,2627,608899,2895,0,424,-51,5025,314,37958,9,2215,483,"East TN",2455501,149.663958597451,0.0949069042961675,117.898546976768,10.7106452003074,204.64255563325,9.49069042961675
2020-09-07,43611,204,42272,197,1339,7,49414,237,561058,1336,610472,1573,3,427,-342,4683,543,38501,13,2228,487,"East TN",2455501,141.396806598735,0.095197848636189,64.0602467683784,8.30787688540954,190.714644384181,9.5197848636189
2020-09-08,43922,311,42561,289,1361,22,49734,320,564484,3426,614218,3746,7,434,-302,4381,606,39107,24,2252,494,"East TN",2455501,129.342240137552,0.0922583123011083,152.555425552667,12.6654397615802,178.415728602839,9.22583123011083
2020-09-09,44255,333,42877,316,1378,17,50109,375,569630,5146,619739,5521,6,440,-161,4220,488,39595,16,2268,501,"East TN",2455501,123.029882700109,0.0894437334930705,224.842099433069,13.5613872688303,171.859021845236,8.94437334930705
2020-09-10,44930,675,43515,638,1415,37,50816,707,577440,7810,628256,8517,18,458,194,4414,463,40058,39,2307,512,"East TN",2455501,127.916869103291,0.0920447978866845,346.853859965848,27.4892985178992,179.759649863714,9.20447978866845
2020-09-11,45256,326,43818,303,1438,23,51171,355,581600,4160,632771,4515,17,475,-205,4209,514,40572,26,2333,523,"East TN",2455501,126.654397615802,0.0901656982999785,183.872863419726,13.276313061978,171.411048091611,9.01656982999785
2020-09-12,45675,419,44219,401,1456,18,51683,512,588586,6986,640269,7498,10,485,92,4301,317,40889,15,2348,534,"East TN",2455501,103.074688220449,0.0809572450021888,305.355200425494,17.0637275244441,175.157737667384,8.09572450021888
2020-09-13,46115,440,44639,420,1476,20,52185,502,594160,5574,646345,6076,2,487,48,4349,390,41279,21,2369,539,"East TN",2455501,110.282993165142,0.0803290071035625,247.444411547786,17.918950145001,177.112532228657,8.03290071035625
2020-09-14,46559,444,45068,429,1491,15,52670,485,599132,4972,651802,5457,9,496,-151,4198,586,41865,25,2394,549,"East TN",2455501,120.056965971506,0.0787805468182918,222.235706684705,18.0818496917737,170.963074337986,7.87805468182918
2020-09-15,47052,493,45524,456,1528,37,53210,540,607307,8175,660517,8715,7,503,-66,4132,552,42417,20,2414,552,"East TN",2455501,127.468895349666,0.0750772154906153,354.917387531099,20.0773691397397,168.275231816236,7.50772154906153
2020-09-16,47405,353,45834,310,1571,43,53604,394,610721,3414,664325,3808,6,509,-175,3957,522,42939,17,2431,561,"East TN",2455501,128.28339308353,0.0783878347463329,155.080368527645,14.375885002694,161.148376644929,7.83878347463329
2020-09-17,47956,551,46353,519,1603,32,54181,577,617896,7175,672077,7752,8,517,119,4076,424,43363,21,2452,572,"East TN",2455501,123.233507133575,0.0767896670546085,315.699321645562,22.4394125679444,165.994638161418,7.67896670546085
2020-09-18,48490,534,46839,486,1651,48,54747,566,626010,8114,680757,8680,17,534,-29,4047,546,43909,30,2482,578,"East TN",2455501,131.704283565757,0.0745217355061893,353.492016496837,21.7470894941603,164.813616447316,7.45217355061893
2020-09-19,48998,508,47324,485,1674,23,55320,573,634364,8354,689684,8927,3,537,193,4240,312,44221,30,2512,580,"East TN",2455501,135.32879848145,0.0736011332591318,363.551063510054,20.6882424401375,172.6735195791,7.36011332591318
2020-09-20,49304,306,47605,281,1699,25,55649,329,639322,4958,694971,5287,1,538,-19,4221,324,44545,13,2525,591,"East TN",2455501,129.871663664564,0.071237609509316,215.312475946864,12.4618153281143,171.89974673193,7.1237609509316
2020-09-21,49467,163,47738,133,1729,30,55801,152,640839,1517,696640,1669,3,541,-208,4013,368,44913,9,2534,596,"East TN",2455501,118.427970503779,0.0698291627637272,67.9698358909241,6.63815653098899,163.428970299747,6.98291627637272
2020-09-22,49927,460,48140,402,1787,58,56291,490,646988,6149,703279,6639,6,547,-55,3958,509,45422,29,2563,603,"East TN",2455501,117.084049242904,0.072049950890978,270.372522756049,18.7334478788646,161.189101531622,7.2049950890978
2020-09-23,50221,294,48394,254,1827,40,56573,282,649081,2093,705654,2375,8,555,-217,3741,503,45925,13,2576,612,"East TN",2455501,114.681280928006,0.0718381765830289,96.721605896312,11.9731166877961,152.351801119201,7.18381765830289
2020-09-24,50684,463,48836,442,1848,21,57054,481,655974,6893,713028,7374,11,566,-36,3705,488,46413,28,2604,617,"East TN",2455501,111.097490899006,0.0701570169226637,300.305314475539,18.8556225389442,150.885705198247,7.01570169226637
2020-09-25,51138,454,49266,430,1872,24,57540,486,662647,6673,720187,7159,11,577,14,3719,429,46842,18,2622,624,"East TN",2455501,107.839499963551,0.0708343900583312,291.549463836504,18.4890985587055,151.455853611951,7.08343900583312
2020-09-26,51696,558,49800,534,1896,24,58178,638,673203,10556,731381,11194,5,582,194,3913,359,47201,29,2651,631,"East TN",2455501,109.87574429821,0.068542101350217,455.874381643502,22.7244867747967,159.356481630429,6.8542101350217
2020-09-27,52089,393,50165,365,1924,28,58585,407,679221,6018,737806,6425,3,585,91,4004,299,47500,30,2681,638,"East TN",2455501,113.418809440517,0.0685420800747053,261.657397003707,16.0048804704213,163.062446319509,6.85420800747053
2020-09-28,52323,234,50360,195,1963,39,58810,225,680908,1687,739718,1912,4,589,-315,3689,545,48045,15,2696,645,"East TN",2455501,116.310276395733,0.0698500394632991,77.8659833573678,9.52962348620506,150.234107011156,6.98500394632991
2020-09-29,52706,383,50700,340,2006,43,59207,397,686717,5809,745924,6206,9,598,-44,3645,418,48463,33,2729,647,"East TN",2455501,113.174460120358,0.0683784734435456,252.7386468179,15.5976316034895,148.442211996656,6.83784734435456
2020-09-30,53188,482,51150,450,2038,32,59683,476,690155,3438,749838,3914,6,604,80,3725,396,48859,23,2752,651,"East TN",2455501,120.830738818677,0.0703874705775846,159.397206517122,19.6293953861147,151.70020293211,7.03874705775846
2020-10-01,53576,388,51499,349,2077,39,60062,379,693435,3280,753497,3659,11,615,0,3725,377,49236,31,2783,656,"East TN",2455501,117.776372316688,0.0743284983567669,149.01236041036,15.8012560369554,151.70020293211,7.43284983567669
2020-10-02,54041,465,51936,437,2105,28,60525,463,697056,3621,757581,4084,2,617,24,3749,439,49675,17,2800,660,"East TN",2455501,118.224346070313,0.0798256404770819,166.320437254963,18.9370723123306,152.677600212747,7.98256404770819
2020-10-03,54446,405,52324,388,2122,17,61008,483,704516,7460,765524,7943,12,629,83,3832,310,49985,22,2822,666,"East TN",2455501,111.993438406256,0.0828866824825001,323.477775003961,16.4935791107395,156.057765808281,8.28866824825001
2020-10-04,54901,455,52749,425,2152,30,61547,539,714638,10122,776185,10661,4,633,144,3976,307,50292,27,2849,679,"East TN",2455501,114.518381381233,0.0771776231793429,434.168017036035,18.5298234453987,161.9221494921,7.71776231793429
2020-10-05,55572,671,53361,612,2211,59,62298,751,721886,7248,784184,7999,5,638,151,4127,515,50807,42,2891,688,"East TN",2455501,132.315156866155,0.078441955651509,325.758368658779,27.3263989711265,168.07160738277,7.8441955651509
2020-10-06,56322,750,54027,666,2295,84,63037,739,728526,6640,791563,7379,8,646,302,4429,440,51247,46,2937,697,"East TN",2455501,147.261190282553,0.0839194548522097,300.508938909005,30.543665019888,180.370523164112,8.39194548522097
2020-10-07,57059,737,54686,659,2373,78,63745,708,735279,6753,799024,7461,3,649,293,4722,441,51688,38,2975,703,"East TN",2455501,157.646036389315,0.082584475257187,303.848379617846,30.0142414928766,192.302914965215,8.2584475257187
2020-10-08,57777,718,55343,657,2434,61,64423,678,741740,6461,806163,7139,10,659,266,4988,442,52130,32,3007,709,"East TN",2455501,171.085248998066,0.0828048456309574,290.734966102641,29.2404686457061,203.135734825602,8.28048456309574
2020-10-09,58318,541,55842,499,2476,42,64983,560,747219,5479,812202,6039,4,663,123,5111,414,52544,20,3027,716,"East TN",2455501,174.180340386748,0.0816169605096941,245.937590740138,22.0321637010125,208.144895888863,8.16169605096941
2020-10-10,58936,618,56430,588,2506,30,65652,669,755645,8426,821297,9095,12,675,252,5363,354,52898,20,3047,730,"East TN",2455501,182.854741252396,0.0832660964983056,370.392844474508,25.1679799763877,218.407567335546,8.32660964983056
2020-10-11,59879,943,57342,912,2537,31,66681,1029,766072,10427,832753,11456,1,676,586,5949,356,53254,37,3084,737,"East TN",2455501,202.72848595867,0.0907580257389337,466.544301957116,38.4035681516725,242.272350937752,9.07580257389337
2020-10-12,60235,356,57627,285,2608,71,66998,317,768993,2921,835991,3238,6,682,-337,5612,687,53941,19,3103,748,"East TN",2455501,189.900146650317,0.0907213310942537,131.86718311253,14.4980596627735,228.548064122149,9.07213310942537
2020-10-13,60740,505,58080,453,2660,52,67482,484,773378,4385,840860,4869,9,691,7,5619,489,54430,24,3127,755,"East TN",2455501,179.922549410487,0.0901677586871412,198.289473309113,20.5660677800579,228.833138329001,9.01677586871412
2020-10-14,61614,874,58892,812,2722,62,68330,848,779562,6184,847892,7032,1,692,328,5947,545,54975,44,3171,762,"East TN",2455501,185.501858887453,0.0938241794221167,286.37740322647,35.5935509698428,242.190901164365,9.38241794221167
2020-10-15,62123,509,59332,440,2791,69,68795,465,783716,4154,852511,4619,14,706,-67,5880,562,55537,19,3190,771,"East TN",2455501,176.990357568578,0.0943298524208164,188.108251635817,20.7289673268307,239.462333755922,9.43298524208164
2020-10-16,62762,639,59928,596,2834,43,69379,584,787805,4089,857184,4673,2,708,-135,5745,772,56309,22,3212,783,"East TN",2455501,180.98139646451,0.0977279800809213,190.307395517249,26.0232025969446,233.964474052342,9.77279800809213
2020-10-17,63480,718,60609,681,2871,37,70239,860,796589,8784,866828,9644,6,714,237,5982,475,56784,37,3249,790,"East TN",2455501,185.053885133828,0.100744547670818,392.750807269066,29.2404686457061,243.616272198627,10.0744547670818
2020-10-18,64285,805,61368,759,2917,46,71110,871,804699,8110,875809,8981,3,717,348,6330,454,57238,39,3288,798,"East TN",2455501,179.433850770169,0.102866034931252,365.750207391485,32.7835337880131,257.788532767855,10.2866034931252
2020-10-19,65033,748,62053,685,2980,63,71869,759,809598,4899,881467,5658,3,720,-19,6311,764,58002,67,3355,809,"East TN",2455501,195.398006353897,0.107111443398716,230.421408910035,30.4622152465016,257.014759920684,10.7111443398716
2020-10-20,65719,686,62662,609,3057,77,72560,691,813213,3615,885773,4306,15,735,34,6345,637,58639,32,3387,822,"East TN",2455501,202.769210845363,0.113063032974863,175.36136210085,27.9372722715242,258.399406068252,11.3063032974863
2020-10-21,66313,594,63215,553,3098,41,73177,617,816957,3744,890134,4361,5,740,-128,6217,717,59356,27,3414,836,"East TN",2455501,191.366242571272,0.114743620093746,177.601230868975,24.1905826957513,253.186620571525,11.4743620093746
2020-10-22,67443,1130,64251,1036,3192,94,74278,1101,825523,8566,899801,9667,10,750,440,6657,680,60036,43,3457,851,"East TN",2455501,216.656397207739,0.115944174244026,393.68747966301,46.0191219632979,271.105570716526,11.5944174244026
2020-10-23,68414,971,65155,904,3259,67,75248,970,832639,7116,907887,8086,19,769,290,6947,662,60698,39,3496,859,"East TN",2455501,230.177059589876,0.115752519574779,329.301433801086,39.5438649790817,282.915787857549,11.5752519574779
2020-10-24,69651,1237,66330,1175,3321,62,76575,1327,843164,10525,919739,11852,12,781,644,7591,581,61279,50,3546,876,"East TN",2455501,251.313275783638,0.119748256506209,482.671357087617,50.3766848394686,309.14261488796,11.9748256506209
2020-10-25,70580,929,67202,872,3378,57,77622,1047,851041,7877,928663,8924,9,790,437,8028,483,61762,43,3589,887,"East TN",2455501,256.363161733593,0.123207325840996,363.428888849974,37.8334197379679,326.939390372881,12.3207325840996
2020-10-26,71042,462,67608,406,3434,56,78056,434,853796,2755,931852,3189,6,796,-449,7579,905,62667,21,3610,900,"East TN",2455501,244.715844139343,0.122794482484867,129.871663664564,18.814897652251,308.653916247642,12.2794482484867
2020-10-27,71884,842,68320,712,3564,130,78839,783,858181,4385,937020,5168,12,808,80,7659,750,63417,54,3664,924,"East TN",2455501,251.068926463479,0.122524245321677,210.466214430375,34.2903545956609,311.911907183096,12.2524245321677
2020-10-28,72881,997,69231,911,3650,86,79809,970,865398,7217,945207,8187,13,821,200,7859,784,64201,41,3705,938,"East TN",2455501,267.481055800833,0.120421985364879,333.414647357097,40.6027120331044,320.056884521733,12.0421985364879
2020-10-29,73789,908,70024,793,3765,115,80643,834,871901,6503,952544,7337,11,832,151,8010,746,64947,40,3745,950,"East TN",2455501,258.440130954946,0.120679521453084,298.798493667891,36.9781971174111,326.206342412404,12.0679521453084
2020-10-30,74689,900,70831,807,3858,93,81483,840,876758,4857,958241,5697,28,860,50,8060,822,65769,39,3784,966,"East TN",2455501,255.54866399973,0.12382333081781,232.009679491069,36.6523980238656,328.242586747063,12.382333081781
2020-10-31,74703,14,70845,14,3858,0,81499,16,876779,21,958278,37,5,865,-603,7457,612,66381,0,3784,977,"East TN",2455501,205.742127573966,0.127766677910688,1.50682080764781,0.570148413704576,303.685480071073,12.7766677910688
2020-11-01,75210,507,71235,390,3975,117,81969,470,883343,6564,965312,7034,0,865,-137,7320,644,67025,27,3811,993,"East TN",2455501,188.556225389442,0.118611694725641,286.458852999856,20.6475175534443,298.106170594107,11.8611694725641
2020-11-02,76022,812,71979,744,4043,68,82746,777,887571,4228,970317,5005,11,876,-228,7092,1029,68054,38,3849,1007,"East TN",2455501,202.809935732056,0.121929026387625,203.828057899386,33.0686079948654,288.820896428061,12.1929026387625
2020-11-03,77062,1040,72939,960,4123,80,83822,1076,894435,6864,978257,7940,31,907,30,7122,979,69033,29,3878,1020,"East TN",2455501,210.873463297307,0.120838082304726,323.355600343881,42.3538821609114,290.042643028856,12.0838082304726
2020-11-04,77973,911,73751,812,4222,99,84669,847,899320,4885,983989,5732,6,913,-5,7117,910,69943,35,3913,1044,"East TN",2455501,207.371123041693,0.125315868186272,233.435050525331,37.1003717774906,289.839018595391,12.5315868186272
2020-11-05,78551,578,74235,484,4316,94,85170,501,901982,2662,987152,3163,17,930,-365,6752,926,70869,27,3940,1058,"East TN",2455501,193.931910432942,0.130807905686546,128.812816610541,23.5389845086603,274.974434952378,13.0807905686546
2020-11-06,79517,966,75084,849,4433,117,86097,927,908392,6410,994489,7337,10,940,43,6795,913,71782,37,3977,1082,"East TN",2455501,196.619752954692,0.127289781505186,298.798493667891,39.3402405456157,276.725605080185,12.7289781505186
2020-11-07,80844,1327,76325,1241,4519,86,87516,1419,919313,10921,1006829,12340,21,961,649,7444,657,72439,52,4029,1092,"East TN",2455501,250.091529182843,0.123931535910692,502.54510179389,54.0419246418552,303.156056544062,12.3931535910692
2020-11-08,82401,1557,77764,1439,4637,118,89183,1667,932214,12901,1021397,14568,3,964,889,8333,665,73104,52,4081,1109,"East TN",2455501,292.852660210686,0.128626192386556,593.280149346304,63.4086485812875,339.360480814302,12.8626192386556
2020-11-09,83020,619,78303,539,4717,80,89763,580,935666,3452,1025429,4032,9,973,-467,7866,1077,74181,19,4100,1120,"East TN",2455501,284.992757078902,0.127322543184787,164.202743146918,25.2087048630809,320.341958728585,12.7322543184787
2020-11-10,83959,939,79153,850,4806,89,90686,923,940668,5002,1031354,5925,27,1000,7,7873,905,75086,44,4144,1138,"East TN",2455501,280.87954352289,0.129272840273462,241.294953657115,38.2406686048998,320.627032935438,12.9272840273462
2020-11-11,85263,1304,80253,1100,5010,204,91855,1169,947215,6547,1039070,7716,26,1026,383,8256,895,75981,59,4203,1152,"East TN",2455501,296.884423993311,0.130462409905412,314.233225724608,53.1052522479119,336.224664538927,13.0462409905412
2020-11-12,86100,837,80958,705,5142,132,92619,764,951431,4216,1044050,4980,15,1041,8,8264,814,76795,34,4237,1170,"East TN",2455501,307.432169646846,0.130918485711273,202.809935732056,34.086730162195,336.550463632473,13.0918485711273
2020-11-13,87559,1459,82246,1288,5313,171,93919,1300,957293,5862,1051212,7162,27,1068,526,8790,906,77701,47,4284,1186,"East TN",2455501,327.509538786586,0.137898207076495,291.671638496584,59.4176096853555,357.971754033087,13.7898207076495
2020-11-14,89034,1475,83637,1391,5397,84,95454,1535,966190,8897,1061644,10432,7,1075,917,9707,551,78252,52,4336,1215,"East TN",2455501,333.536822017177,0.144814375627109,424.842017983295,60.0692078724464,395.316475130737,14.4814375627109
2020-11-15,90986,1952,85370,1733,5616,219,97415,1961,977363,11173,1074778,13134,7,1082,1339,11046,606,78858,56,4392,1232,"East TN",2455501,349.623152260985,0.154212172870497,534.880661828279,79.4949788250952,449.84709841291,15.4212172870497
2020-11-16,92511,1525,86769,1399,5742,126,98952,1537,984983,7620,1083935,9157,10,1092,172,11218,1343,80201,41,4433,1251,"East TN",2455501,386.519899605009,0.157060814275459,372.917787449486,62.1054522071056,456.851778924138,15.7060814275459
2020-11-17,93723,1212,87888,1119,5835,93,100173,1221,990127,5144,1090300,6365,31,1123,89,11307,1092,81293,46,4479,1278,"East TN",2455501,397.637793672249,0.16094391476945,259.213903802116,49.358562672139,460.476293839831,16.094391476945
2020-11-18,94920,1197,88843,955,6077,242,101206,1033,995268,5141,1096474,6174,14,1137,56,11363,1127,82420,53,4532,1293,"East TN",2455501,393.280230796078,0.162898055884607,251.435450443718,48.7476893717412,462.75688749465,16.2898055884607
2020-11-19,96000,1080,89723,880,6277,200,102065,859,999929,4661,1101994,5520,45,1182,-243,11120,1278,83698,52,4584,1313,"East TN",2455501,403.176378262522,0.163019467071655,224.801374546376,43.9828776286387,452.860740028206,16.3019467071655
2020-11-20,97126,1126,90686,963,6440,163,103088,1023,1004829,4900,1107917,5923,28,1210,-126,10994,1224,84922,36,4620,1339,"East TN",2455501,389.614990993691,0.161696499426858,241.213503883729,45.8562224165252,447.729404304865,16.1696499426858
2020-11-21,98344,1218,91750,1064,6594,154,104187,1099,1011235,6406,1115422,7505,3,1213,362,11356,853,85775,47,4667,1363,"East TN",2455501,379.148695113543,0.162389824835435,305.640274632346,49.6029119922981,462.471813287797,16.2389824835435
2020-11-22,99930,1586,93179,1429,6751,157,105853,1666,1020835,9600,1126688,11266,17,1230,803,12159,766,86541,57,4724,1390,"East TN",2455501,364.243386583838,0.162550568291273,458.806573485411,64.5896702953898,495.173897302424,16.2550568291273
2020-11-23,100821,891,93937,758,6884,133,106555,702,1023951,3116,1130506,3818,18,1248,-1158,11001,2031,88572,35,4759,1417,"East TN",2455501,338.423808420359,0.163256103583775,155.487617394577,36.2858740436269,448.014478511717,16.3256103583775
2020-11-24,101732,911,94670,733,7062,178,107260,705,1026978,3027,1134238,3732,13,1261,-735,10266,1633,90205,57,4816,1445,"East TN",2455501,326.165617525711,0.161295461787064,151.985277138963,37.1003717774906,418.081686792227,16.1295461787064
2020-11-25,102639,907,95356,686,7283,221,107805,545,1029286,2308,1137091,2853,38,1299,-494,9772,1363,91568,56,4872,1470,"East TN",2455501,314.355400384687,0.162468916955954,116.188101735654,36.9374722307179,397.963592765794,16.2468916955954
2020-11-26,104105,1466,96743,1387,7362,79,109475,1670,1037652,8366,1147127,10036,18,1317,-441,9331,1889,93457,25,4897,1489,"East TN",2455501,330.075206648256,0.164181419360557,408.714962852795,59.7026838922077,380.0039177341,16.4181419360557
2020-11-27,105809,1704,98310,1567,7499,137,111225,1750,1045192,7540,1156417,9290,5,1322,161,9492,1538,94995,50,4947,1517,"East TN",2455501,353.614191156917,0.167773195876289,378.334197379679,69.3952069251855,386.560624491703,16.7773195876289
2020-11-28,107435,1626,99692,1382,7743,244,112719,1494,1052725,7533,1165444,9027,2,1324,569,10061,1055,96050,45,4992,1545,"East TN",2455501,370.229944927736,0.170564951421375,367.623552179372,66.2186657631172,409.733085020124,17.0564951421375
2020-11-29,109723,2288,101813,2121,7910,167,115045,2326,1063421,10696,1178466,13022,4,1328,1279,11340,1005,97055,51,5043,1570,"East TN",2455501,398.818815386351,0.177527135076674,530.319474518642,93.178540754005,461.820215100707,17.7527135076674
2020-11-30,111961,2238,103822,2009,8139,229,117266,2221,1072872,9451,1190138,11672,15,1343,-106,11234,2329,99384,53,5096,1601,"East TN",2455501,453.67523776207,0.179618325731151,475.340877482844,91.1422964193458,457.503377111229,17.9618325731151
2020-12-01,114223,2262,105829,2007,8394,255,119404,2138,1081709,8837,1201113,10975,20,1363,421,11655,1821,101205,63,5159,1629,"East TN",2455501,508.694559684561,0.181592523364486,446.955631457694,92.1196936999822,474.648554409059,18.1592523364486
2020-12-02,115280,1057,106742,913,8538,144,120280,876,1084619,2910,1204899,3786,15,1378,-688,10967,1730,102935,42,5201,1662,"East TN",2455501,514.803292688539,0.18397534214252,154.184421020395,43.0462052346955,446.629832364149,18.397534214252
2020-12-03,117089,1809,108312,1570,8777,239,122002,1722,1090609,5990,1212611,7712,33,1411,318,11285,1458,104393,45,5246,1683,"East TN",2455501,528.771928824301,0.191298637835196,314.070326177835,73.6713200279699,459.580346332581,19.1298637835196
2020-12-04,118817,1728,109699,1387,9118,341,123459,1457,1096131,5522,1219590,6979,37,1448,-302,10983,1993,106386,36,5282,1718,"East TN",2455501,529.749326104937,0.193658683298245,284.218984231731,70.3726042058219,447.28143055124,19.3658683298245
2020-12-05,119950,1133,110608,909,9342,224,124388,929,1099193,3062,1223581,3991,5,1453,123,11106,1005,107391,24,5306,1744,"East TN",2455501,509.671956965198,0.200715551198032,162.533022792497,46.1412966233775,452.290591614501,20.0715551198032
2020-12-06,121419,1469,111871,1263,9548,206,125630,1242,1103684,4491,1229314,5733,20,1473,484,11590,965,108356,40,5346,1780,"East TN",2455501,476.31827476348,0.208169446192574,233.475775412024,59.8248585522873,472.001436774003,20.8169446192574
2020-12-07,124142,2723,114276,2405,9866,318,128201,2571,1113230,9546,1241431,12117,31,1504,-210,11380,2902,111258,51,5397,1802,"East TN",2455501,496.069844809674,0.213186984578792,493.46345206131,110.89386646554,463.449210568434,21.3186984578792
2020-12-08,126907,2765,116639,2363,10268,402,130732,2531,1121591,8361,1252323,10892,45,1549,719,12099,2001,113259,71,5468,1826,"East TN",2455501,516.554462816346,0.221206795547745,443.57546586216,112.604311706654,492.730404100833,22.1206795547745
2020-12-09,129553,2646,119024,2385,10529,261,133310,2578,1128689,7098,1261999,9676,21,1570,578,12677,2047,115306,56,5524,1849,"East TN",2455501,581.266307771815,0.228196147110333,394.054003643248,107.758050190165,516.269388609494,22.8196147110333
2020-12-10,132628,3075,121706,2682,10922,393,136260,2950,1140159,11470,1276419,14420,30,1600,2512,15189,533,115839,74,5598,1886,"East TN",2455501,632.824014325386,0.223451604814443,587.252866115713,125.229026581541,618.570303982772,22.3451604814443
2020-12-11,134614,1986,123456,1750,11158,236,138050,1790,1147332,7173,1285382,8963,35,1635,442,15631,1509,117348,50,5648,1911,"East TN",2455501,643.331035092228,0.22177468385214,365.017159431008,80.8796249726634,636.570703901159,22.177468385214
2020-12-12,137875,3261,126183,2727,11692,534,141024,2974,1158564,11232,1299588,14206,21,1656,1878,17509,1362,118710,73,5721,1936,"East TN",2455501,729.993593975323,0.218874577341561,578.537740363372,132.803855506473,713.052041110959,21.8874577341561
2020-12-13,142167,4292,130044,3861,12123,431,145390,4366,1175848,17284,1321238,21650,15,1671,2959,20468,1318,120028,62,5783,1970,"East TN",2455501,844.959949110182,0.214960184500239,881.693796907433,174.791213687146,833.55698083609,21.4960184500239
2020-12-14,145026,2859,132501,2457,12525,402,148063,2673,1185127,9279,1333190,11952,37,1708,-1085,19383,3907,123935,72,5855,2004,"East TN",2455501,850.498533700455,0.216458331062893,486.743845756935,116.432451055813,789.370478773985,21.6458331062893
2020-12-15,149153,4127,136042,3541,13111,586,151926,3863,1200148,15021,1352074,18884,34,1742,1613,20996,2480,126415,94,5949,2035,"East TN",2455501,905.965829376571,0.212469047929344,769.048760314087,168.07160738277,855.059721010091,21.2469047929344
2020-12-16,152371,3218,138299,2257,14072,961,154312,2386,1208043,7895,1362355,10281,19,1761,664,21660,2535,128950,60,6009,2077,"East TN",2455501,929.260464565072,0.2092749810674,418.692560092625,131.052685378666,882.101045774365,20.92749810674
2020-12-17,156439,4068,141672,3373,14767,695,157921,3609,1218743,10700,1376664,14309,58,1819,1450,23110,2560,131510,75,6084,2116,"East TN",2455501,969.700277051404,0.216080602523817,582.73240369277,165.668839067872,941.152131479482,21.6080602523817
2020-12-18,159646,3207,144408,2736,15238,471,160800,2879,1227433,8690,1388233,11569,43,1862,850,23960,2314,133824,62,6146,2146,"East TN",2455501,1019.42536370378,0.221193765738787,471.146214153446,130.604711625041,975.768285168689,22.1193765738787
2020-12-19,162286,2640,146650,2242,15636,398,163268,2468,1235798,8365,1399066,10833,27,1889,1270,25230,1343,135167,41,6187,2183,"East TN",2455501,994.135209067315,0.223607229739239,441.172697547262,107.513700870006,1027.48889126903,22.3607229739239
2020-12-20,165917,3631,149616,2966,16301,665,166586,3318,1249741,13943,1416327,17261,16,1905,2279,27509,1336,136503,55,6242,2217,"East TN",2455501,967.21605896312,0.222906960847206,702.952269211049,147.872063582951,1120.3009080428,22.2906960847206
2020-12-21,168231,2314,151358,1742,16873,572,168489,1903,1256656,6915,1425145,8818,14,1919,-1322,26187,3622,140125,35,6277,2252,"East TN",2455501,945.020995715335,0.222130389864608,359.112050860496,94.2373878080278,1066.46260783441,22.2130389864608
2020-12-22,170886,2655,153060,1702,17826,953,170290,1801,1261709,5053,1431999,6854,62,1981,-292,25895,2885,143010,60,6337,2297,"East TN",2455501,885.073962502968,0.229765405067251,279.128373395083,108.124574170404,1054.57094092,22.9765405067251
2020-12-23,173104,2218,154506,1446,18598,772,171832,1542,1267486,5777,1439318,7319,41,2022,-558,25337,2735,145745,35,6372,2337,"East TN",2455501,844.349075809784,0.227641853877837,298.065445707414,90.3277986854821,1031.8464541452,22.7641853877837
2020-12-24,175195,2091,155963,1457,19232,634,173429,1597,1273776,6290,1447205,7887,15,2037,-578,24759,2654,148399,30,6402,2375,"East TN",2455501,763.835974817359,0.219843778795311,321.197181349142,85.1557380754477,1008.30746963654,21.9843778795311
2020-12-25,177561,2366,157942,1979,19619,387,175595,2166,1282324,8548,1457919,10714,3,2040,-297,24462,2660,151059,27,6429,2411,"East TN",2455501,729.586345108391,0.212309502626065,436.326436030773,96.3550819160733,996.212178288667,21.2309502626065
2020-12-26,179501,1940,159410,1468,20091,472,177208,1613,1287978,5654,1465186,7267,2,2042,416,24878,1522,152581,43,6472,2449,"East TN",2455501,701.078924423163,0.210828796128252,295.947751599368,79.006280184777,1013.15373115303,21.0828796128252
2020-12-27,180796,1295,160319,909,20477,386,178198,990,1290771,2793,1468969,3783,27,2069,-191,24687,1459,154040,41,6513,2480,"East TN",2455501,605.945589107885,0.220584324303788,154.062246360315,52.7387282676733,1005.37527779463,22.0584324303788
2020-12-28,182192,1396,161297,978,20895,418,179218,1020,1292590,1819,1471808,2839,25,2094,-2415,22272,3786,157826,42,6555,2517,"East TN",2455501,568.560143123542,0.229925208409232,115.617953321949,56.8519418236849,907.024676430594,22.9925208409232
2020-12-29,185098,2906,163024,1727,22074,1179,180997,1779,1296679,4089,1477676,5868,50,2144,-109,22163,2965,160791,64,6619,2559,"East TN",2455501,578.782089683531,0.2344068130569,238.973635115604,118.346520730393,902.585663781037,23.44068130569
2020-12-30,187426,2328,164640,1616,22786,712,182678,1681,1301159,4480,1483837,6161,40,2184,-532,21631,2820,163611,44,6663,2597,"East TN",2455501,583.261827219781,0.243626316853478,250.906026916707,94.8075362217323,880.920024060263,24.3626316853478
2020-12-31,190871,3445,167320,2680,23551,765,185573,2895,1308280,7121,1493853,10016,52,2236,596,22227,2797,166408,30,6693,2640,"East TN",2455501,638.403323802352,0.260332704510376,407.900465118931,140.297234658019,905.192056529401,26.0332704510376
2021-01-01,193110,2239,169036,1716,24074,523,187429,1856,1314482,6202,1501911,8058,24,2260,-444,21783,2659,169067,30,6723,2679,"East TN",2455501,633.231263192318,0.269003455173668,328.161136973677,91.183021306039,887.110206837627,26.9003455173668
2021-01-02,195836,2726,171148,2112,24688,614,189680,2251,1321043,6561,1510723,8812,4,2264,1169,22952,1553,170620,63,6786,2715,"East TN",2455501,665.241024133161,0.273887168676022,358.867701540337,111.01604112562,934.717599381959,27.3887168676022
2021-01-03,197151,1315,172053,905,25098,410,190617,937,1324414,3371,1515031,4308,15,2279,-186,22766,1486,172106,26,6812,2759,"East TN",2455501,666.055521867024,0.269614866918501,175.442811874237,53.553226001537,927.142770457027,26.9614866918501
2021-01-04,198710,1559,173181,1128,25529,431,191798,1181,1326779,2365,1518577,3546,46,2325,-1563,21203,3076,175182,34,6846,2809,"East TN",2455501,672.693678398013,0.268981590369689,144.41044821403,63.4900983546738,863.48977255558,26.8981590369689
2021-01-05,201613,2903,174920,1739,26693,1164,193626,1828,1332051,5272,1525677,7100,43,2368,-427,20776,3287,178469,60,6906,2853,"East TN",2455501,672.571503737934,0.263098685444053,289.146695521606,118.224346070313,846.100245937591,26.3098685444053
2021-01-06,204158,2545,176715,1795,27443,750,195530,1904,1337635,5584,1533165,7488,52,2420,62,20838,2431,180900,63,6969,2896,"East TN",2455501,681.408804150355,0.260541680181641,304.947951558562,103.644836634153,848.625188912568,26.0541680181641
2021-01-07,206668,2510,178852,2137,27816,373,197850,2320,1344744,7109,1542594,9429,33,2453,973,21811,1504,182404,45,7014,2928,"East TN",2455501,643.331035092228,0.25188239880183,383.994956630032,102.219465599892,888.250503665036,25.188239880183
2021-01-08,209018,2350,180712,1860,28306,490,199841,1991,1352089,7345,1551930,9336,50,2503,1667,23478,633,183037,47,7061,2983,"East TN",2455501,647.851497515171,0.24814570463224,380.207542167566,95.7034837289824,956.138889782574,24.814570463224
2021-01-09,211593,2575,182713,2001,28880,574,202019,2178,1360280,8191,1562299,10369,27,2530,753,24231,1795,184832,32,7093,3011,"East TN",2455501,641.7020396245,0.239239181014425,422.276350121625,104.866583234949,986.804729462541,23.9239181014425
2021-01-10,213258,1665,183845,1132,29413,533,203270,1251,1366086,5806,1569356,7057,36,2566,-14,24217,1643,186475,41,7134,3051,"East TN",2455501,655.955749967115,0.232913023469857,287.395525393799,67.8069363441514,986.234581048837,23.2913023469857
2021-01-11,214681,1423,184857,1012,29824,411,204367,1097,1369359,3273,1573726,4370,28,2594,-2168,22049,3563,190038,40,7174,3091,"East TN",2455501,650.417165376842,0.227909844240149,177.967754849214,57.9515137644008,897.943026698014,22.7909844240149
2021-01-12,216500,1819,185994,1137,30506,682,205559,1192,1373563,4204,1579122,5396,60,2654,-2137,19912,3896,193934,39,7213,3130,"East TN",2455501,606.27138820143,0.223276265319487,219.751488596421,74.0785688949017,810.91394383468,22.3276265319487
2021-01-13,218030,1530,187073,1079,30957,451,206696,1137,1378301,4738,1584997,5875,49,2703,-1336,18576,2817,196751,33,7246,3157,"East TN",2455501,564.935628207848,0.215426763389412,239.258709322456,62.3090766405715,756.505495212586,21.5426763389412
2021-01-14,220281,2251,188854,1781,31427,470,208660,1964,1386826,8525,1595486,10489,38,2741,-199,18377,2412,199163,50,7296,3199,"East TN",2455501,554.387882554314,0.204378734024049,427.163336524807,91.6717199463572,748.401242760642,20.4378734024049
2021-01-15,221245,964,189525,671,31720,293,209356,696,1389884,3058,1599240,3754,23,2764,-388,17989,1329,200492,30,7326,3240,"East TN",2455501,497.943189597561,0.201120270555908,152.881224646213,39.2587907722294,732.599986723687,20.1120270555908
2021-01-16,223676,2431,191275,1750,32401,681,211359,2003,1400775,10891,1612134,12894,13,2777,341,18330,2077,202569,54,7380,3283,"East TN",2455501,492.078805913742,0.187418480987258,525.106689021914,99.0021995511303,746.487173086063,18.7418480987258
2021-01-17,224533,857,191882,607,32651,250,212031,672,1404394,3619,1616425,4291,13,2790,-853,17477,1697,204266,24,7404,3317,"East TN",2455501,459.17309746565,0.186130999171429,174.750488800453,34.9012278960587,711.748844736777,18.6130999171429
2021-01-18,225100,567,192204,322,32896,245,212386,355,1406478,2084,1618864,2439,13,2803,-2467,15010,3021,207287,21,7425,3348,"East TN",2455501,424.312594456284,0.177655190748372,99.3279986446758,23.0910107550353,611.280549264692,17.7655190748372
2021-01-19,226783,1683,193180,976,33603,707,213450,1064,1410686,4208,1624136,5272,21,2824,-1164,13846,2826,210113,53,7478,3387,"East TN",2455501,418.774009866011,0.175301017461234,214.701602646466,68.5399843046287,563.876781153826,17.5301017461234
2021-01-20,227765,982,193835,655,33930,327,214145,695,1414682,3996,1628827,4691,32,2856,-1019,12827,1969,212082,29,7507,3427,"East TN",2455501,396.456771958146,0.169952087611225,191.040443477726,39.9918387327067,522.378121613471,16.9952087611225
2021-01-21,229328,1563,194974,1139,34354,424,215421,1276,1421615,6933,1637036,8209,65,2921,-767,12060,2265,214347,37,7544,3473,"East TN",2455501,368.438049913236,0.162719614921781,334.310594864347,63.6529979014466,491.142133519799,16.2719614921781
2021-01-22,230316,988,195680,706,34636,282,216237,816,1427059,5444,1643296,6260,32,2953,-732,11328,1688,216035,31,7575,3505,"East TN",2455501,369.415447193872,0.156187579444344,254.937790699332,40.2361880528658,461.331516460388,15.6187579444344
2021-01-23,231748,1432,196649,969,35099,463,217337,1100,1435341,8282,1652678,9382,19,2972,200,11528,1213,217248,41,7616,3530,"East TN",2455501,328.731285387381,0.147444751381215,382.080886955452,58.3180377446395,469.476493799025,14.7444751381215
2021-01-24,232371,623,197138,489,35233,134,217880,543,1438717,3376,1656597,3919,19,2991,-606,10922,1210,218458,20,7636,3557,"East TN",2455501,319.201661901176,0.145598924624116,159.600830950588,25.3716044098536,444.797212462956,14.5598924624116
2021-01-25,233111,740,197649,511,35462,229,218429,549,1440474,1757,1658903,2306,44,3035,-1140,9782,1836,220294,20,7656,3588,"East TN",2455501,326.247067299097,0.150927845350783,93.9115887144823,30.1364161529562,398.370841632726,15.0927845350783
2021-01-26,234142,1031,198377,728,35765,303,219212,783,1444940,4466,1664152,5249,63,3098,-917,8865,1885,222179,25,7681,3611,"East TN",2455501,299.694441175141,0.143992403038784,213.764930252523,41.9873581806727,361.026120535076,14.3992403038785
2021-01-27,235095,953,199081,704,36014,249,219968,756,1449462,4522,1669430,5278,55,3153,-390,8475,1288,223467,27,7708,3634,"East TN",2455501,298.513419461039,0.143413048296924,214.945951966625,38.8108170186043,345.143414724734,14.3413048296924
2021-01-28,236426,1331,199798,717,36628,614,220766,798,1453893,4431,1674659,5229,46,3199,-172,8303,1457,224924,29,7737,3661,"East TN",2455501,289.06524574822,0.142067352417404,212.950432518659,54.2048241886279,338.138734213507,14.2067352417404
2021-01-29,237021,595,200150,352,36871,243,221163,397,1456560,2667,1677723,3064,17,3216,-683,7620,1261,226185,17,7754,3682,"East TN",2455501,273.060365277799,0.14308536904174,124.781052827916,24.2313075824445,310.323636602062,14.308536904174
2021-01-30,238175,1154,201116,966,37059,188,222259,1096,1465610,9050,1687869,10146,44,3260,236,7856,874,227059,29,7783,3702,"East TN",2455501,261.738846777094,0.139865306470404,413.194700389045,46.9965192439343,319.934709861654,13.9865306470404
2021-01-31,238854,679,201556,440,37298,239,222750,491,1469535,3925,1692285,4416,29,3289,-85,7771,735,227794,30,7813,3721,"East TN",2455501,264.019440431912,0.136460434880072,179.841099637101,27.6521980646719,316.473094492733,13.6460434880072
2021-02-01,239547,693,201963,407,37584,286,223192,442,1471231,1696,1694423,2138,39,3328,-545,7226,1199,228993,10,7823,3748,"East TN",2455501,262.105370757332,0.134093468468468,87.0698077500274,28.2223464783765,294.278031244948,13.4093468468468
2021-02-02,240085,538,202312,349,37773,189,223555,363,1472290,1059,1695845,1422,57,3385,-836,6390,1317,230310,12,7835,3764,"East TN",2455501,242.028001617593,0.137033414318619,57.9107888777077,21.909989040933,260.232025969446,13.7033414318619
2021-02-03,241196,1111,203070,758,38126,353,224381,826,1478295,6005,1702676,6831,46,3431,36,6426,1029,231339,39,7874,3777,"East TN",2455501,248.462533715116,0.132737772965169,278.19170100114,45.2453491161274,261.6981218904,13.2737772965169
2021-02-04,242293,1097,203852,782,38441,315,225245,864,1486009,7714,1711254,8578,58,3489,-5,6421,1044,232383,36,7910,3796,"East TN",2455501,238.932910228911,0.122393769640661,349.338078054132,44.6752007024228,261.494497456934,12.2393769640661
2021-02-05,243109,816,204410,558,38699,258,225851,606,1489815,3806,1715666,4412,67,3556,-152,6269,901,233284,28,7938,3809,"East TN",2455501,247.933110188104,0.123553751680152,179.678200090328,33.2315075416381,255.30431467957,12.3553751680152
2021-02-06,244340,1231,205230,820,39110,411,226815,964,1498470,8655,1725285,9619,27,3583,500,6769,704,233988,22,7960,3838,"East TN",2455501,251.068926463479,0.12176608937353,391.732685101737,50.1323355193095,275.666758026162,12.176608937353
2021-02-07,244858,518,205584,354,39274,164,227221,406,1501554,3084,1728775,3490,2,3585,-128,6641,644,234632,9,7969,3855,"East TN",2455501,244.512219705877,0.122526719649219,142.129854559212,21.0954913070693,270.453972529435,12.2526719649219
2021-02-08,245369,511,205882,298,39487,213,227541,320,1502917,1363,1730458,1683,32,3617,-627,6014,1106,235738,9,7978,3871,"East TN",2455501,237.100290327717,0.120688219786319,68.5399843046287,20.810417100217,244.919468572809,12.0688219786319
2021-02-09,246397,1028,206514,632,39883,396,228208,667,1507150,4233,1735358,4900,16,3633,-61,5953,1073,236811,38,8016,3882,"East TN",2455501,257.055484807377,0.117758712322527,199.551944796602,41.8651835205931,242.435250484524,11.7758712322527
2021-02-10,247246,849,207097,583,40149,266,228845,637,1513137,5987,1741982,6624,39,3672,-28,5925,838,237649,30,8046,3895,"East TN",2455501,246.385564493763,0.11357044725996,269.761649455651,34.5754288025132,241.294953657115,11.357044725996
2021-02-11,248114,868,207681,584,40433,284,229496,651,1518711,5574,1748207,6225,37,3709,-98,5827,929,238578,31,8077,3913,"East TN",2455501,237.059565441024,0.115038021270262,253.51241966507,35.3492016496837,237.303914761183,11.5038021270262
2021-02-12,248947,833,208275,594,40672,239,230146,650,1524222,5511,1754368,6161,34,3743,58,5885,741,239319,12,8089,3922,"East TN",2455501,237.751888514808,0.11097617694176,250.906026916707,33.9238306154223,239.665958189388,11.097617694176
2021-02-13,249541,594,208648,373,40893,221,230579,433,1528649,4427,1759228,4860,12,3755,-24,5861,606,239925,16,8105,3934,"East TN",2455501,211.81013569125,0.110891789175971,197.922949328874,24.1905826957513,238.688560908751,11.0891789175971
2021-02-14,250080,539,209061,413,41019,126,231031,452,1531617,2968,1762648,3420,15,3770,-53,5808,577,240502,15,8120,3947,"East TN",2455501,212.665358311807,0.112478965547781,139.279112490689,21.9507139276262,236.530141914013,11.2478965547781
2021-02-15,250458,378,209271,210,41187,168,231260,229,1532941,1324,1764201,1553,5,3775,-576,5232,949,241451,10,8130,3958,"East TN",2455501,207.248948381613,0.110215452093768,63.2457490345148,15.3940071700236,213.072607178739,11.0215452093768
2021-02-16,251224,766,209699,428,41525,338,231733,473,1536350,3409,1768083,3882,8,3783,-42,5190,800,242251,25,8155,3968,"East TN",2455501,196.579028067999,0.107715813598167,158.09401014294,31.1952632069789,211.362161937625,10.7715813598167
2021-02-17,251845,621,210118,419,41727,202,232184,451,1539604,3254,1771788,3705,11,3794,-90,5100,700,242951,11,8166,3985,"East TN",2455501,187.293753901953,0.112024424612494,150.885705198247,25.2901546364673,207.696922135238,11.2024424612494
2021-02-18,252639,794,210669,551,41970,243,232789,605,1545324,5720,1778113,6325,42,3836,25,5125,727,243678,20,8186,4002,"East TN",2455501,184.280112286658,0.110111683274259,257.584908334389,32.3355600343881,208.715044302568,11.0111683274259
2021-02-19,253118,479,210973,304,42145,175,233134,345,1548032,2708,1781166,3053,5,3841,-223,4902,697,244375,11,8197,4011,"East TN",2455501,169.86350239727,0.111500858273005,124.333079074291,19.5072207260351,199.633394569988,11.1500858273005
2021-02-20,253740,622,211421,448,42319,174,233640,506,1553259,5227,1786899,5733,18,3859,75,4977,529,244904,18,8215,4021,"East TN",2455501,171.00379922468,0.110621228000434,233.475775412024,25.3308795231604,202.687761071977,11.0621228000434
2021-02-21,254088,348,211648,227,42440,121,233903,263,1555393,2134,1789296,2397,7,3866,-83,4894,424,245328,12,8227,4039,"East TN",2455501,163.225345866281,0.107775442809967,97.617553403562,14.172260569228,199.307595476443,10.7775442809967
2021-02-22,254445,357,211843,195,42602,162,234130,227,1556775,1382,1790905,1609,7,3873,-484,4410,834,246162,22,8249,4055,"East TN",2455501,162.370123245725,0.10747453565009,65.526342689333,14.5387845494667,179.596750316941,10.747453565009
2021-02-23,255089,644,212193,350,42896,294,234498,368,1559722,2947,1794220,3315,26,3899,-143,4267,761,246923,27,8276,4062,"East TN",2455501,157.401687069156,0.10578872862226,135.002999387905,26.2268270304105,173.773091519816,10.578872862226
2021-02-24,255830,741,212742,549,43088,192,235108,610,1565924,6202,1801032,6812,19,3918,56,4323,666,247589,23,8299,4069,"East TN",2455501,162.288673472338,0.0999863219805772,277.417928153969,30.1771410396493,176.053685174634,9.99863219805772
2021-02-25,256465,635,213187,445,43278,190,235603,495,1570692,4768,1806295,5263,21,3939,-95,4228,709,248298,16,8315,4078,"East TN",2455501,155.813416488122,0.0998509687034277,214.335078666227,25.8603030501718,172.184820938782,9.98509687034277
2021-02-26,256926,461,213510,323,43416,138,235971,368,1573815,3123,1809786,3491,14,3953,-183,4045,630,248928,11,8326,4083,"East TN",2455501,155.080368527645,0.0991264849755416,142.170579445905,18.7741727655578,164.732166673929,9.91264849755416
2021-02-27,257365,439,213736,226,43629,213,236245,274,1577910,4095,1814155,4369,7,3960,10,4055,422,249350,16,8342,4092,"East TN",2455501,147.627714262792,0.095575286175521,177.927029962521,17.8782252583078,165.139415540861,9.5575286175521
2021-02-28,257731,366,214010,274,43721,92,236558,313,1580470,2560,1817028,2873,5,3965,-51,4004,412,249762,11,8353,4101,"East TN",2455501,148.360762223269,0.0957377758546084,117.002599469518,14.9053085297053,163.062446319509,9.57377758546084
2021-03-01,257976,245,214159,149,43817,96,236714,156,1581249,779,1817963,935,4,3969,-409,3595,650,250412,11,8364,4110,"East TN",2455501,143.799574913633,0.0954985586517851,38.077769058127,9.97759723983008,146.405967661996,9.54985586517851
2021-03-02,258597,621,214550,391,44047,230,237161,447,1584705,3456,1821866,3903,7,3976,6,3601,608,251020,24,8388,4120,"East TN",2455501,142.862902519689,0.0963249656369818,158.949232763497,25.2901546364673,146.650316982156,9.63249656369818
2021-03-03,259079,482,214852,302,44227,180,237516,355,1588879,4174,1826395,4529,7,3983,-147,3454,622,251642,17,8405,4123,"East TN",2455501,132.315156866155,0.0949414501439104,184.44301183343,19.6293953861147,140.663758638258,9.49414501439104
2021-03-04,259688,609,215267,415,44421,194,237988,472,1593701,4822,1831689,5294,18,4001,47,3501,544,252186,21,8426,4128,"East TN",2455501,131.256309812132,0.0939198235803733,215.597550153716,24.8014559961491,142.577828312837,9.39198235803733
2021-03-05,260159,471,215578,311,44581,160,238342,354,1597382,3681,1835724,4035,15,4016,-63,3438,519,252705,16,8442,4133,"East TN",2455501,131.663558679064,0.0914102860667746,164.324917806997,19.1814216324897,140.012160451167,9.14102860667746
2021-03-06,260622,463,215901,323,44721,140,238714,372,1601658,4276,1840372,4648,1,4017,51,3489,411,253116,10,8452,4139,"East TN",2455501,132.6409559597,0.0941755349582332,189.289273349919,18.8556225389442,142.089129672519,9.41755349582332
2021-03-07,260877,255,216065,164,44812,91,238898,184,1603388,1730,1842286,1914,1,4018,-110,3379,364,253480,4,8456,4143,"East TN",2455501,128.120493536757,0.0926439147992715,77.9474331307542,10.3848461067619,137.609392136269,9.26439147992715
2021-03-08,261334,457,216358,293,44976,164,239210,312,1604969,1581,1844179,1893,3,4021,-127,3252,581,254061,9,8465,4151,"East TN",2455501,136.754169515712,0.0952090326518157,77.0922105101973,18.6112732187851,132.437331526234,9.52090326518157
2021-03-09,261872,538,216639,281,45233,257,239528,318,1607545,2576,1847073,2894,6,4027,24,3276,508,254569,21,8486,4163,"East TN",2455501,133.374003920178,0.0939024874042925,117.857822090074,21.909989040933,133.414728806871,9.39024874042924
2021-03-10,262521,649,217102,463,45419,186,240035,507,1613017,5472,1853052,5979,7,4034,173,3449,469,255038,28,8514,4173,"East TN",2455501,140.175059997939,0.0944967550737142,243.494097538547,26.4304514638764,140.460134204792,9.44967550737142
2021-03-11,263052,531,217440,338,45612,193,240400,365,1616355,3338,1856755,3703,5,4039,87,3536,439,255477,9,8523,4181,"East TN",2455501,136.998518835871,0.0962259634564749,150.80425542486,21.6249148340807,144.003199347099,9.62259634564749
2021-03-12,263514,462,217807,367,45707,95,240816,416,1619702,3347,1860518,3763,5,4044,2,3538,455,255932,12,8535,4189,"East TN",2455501,136.631994855632,0.0997822053722675,153.247748626451,18.814897652251,144.084649120485,9.97822053722675
2021-03-13,263960,446,218022,215,45938,231,241096,280,1623341,3639,1864437,3919,2,4046,41,3579,403,256335,20,8555,4195,"East TN",2455501,135.939671781848,0.0989819239559526,159.600830950588,18.1632994651601,145.754369474906,9.89819239559526
2021-03-14,264222,262,218198,176,46024,86,241307,211,1625183,1842,1866490,2053,0,4046,-52,3527,314,256649,10,8565,4201,"East TN",2455501,136.2247459887,0.0995290034705007,83.6081923811067,10.6699203136142,143.63667536686,9.95290034705007
2021-03-15,264578,356,218383,185,46195,171,241523,216,1626379,1196,1867902,1412,4,4050,-166,3361,518,257167,15,8580,4205,"East TN",2455501,132.111532432689,0.097500316148885,57.5035400107758,14.4980596627735,136.876344175791,9.7500316148885
2021-03-16,265277,699,218834,451,46443,248,242019,496,1629646,3267,1871665,3763,4,4054,190,3551,505,257672,36,8616,4206,"East TN",2455501,138.668239190292,0.101293103448276,153.247748626451,28.4666957985356,144.614072647496,10.1293103448276
2021-03-17,265702,425,219166,332,46536,93,242383,364,1633370,3724,1875753,4088,1,4055,-30,3521,454,258126,16,8632,4215,"East TN",2455501,129.545864571018,0.103431566891326,166.483336801736,17.3080768446032,143.392326046701,10.3431566891326
2021-03-18,266252,550,219515,349,46737,201,242768,385,1636661,3291,1879429,3676,6,4061,99,3620,445,258571,31,8663,4222,"East TN",2455501,130.319637418189,0.104436799858869,149.704683484144,22.3986876812512,147.424089829326,10.4436799858869
2021-03-19,267044,792,220045,530,46999,262,243331,563,1641706,5045,1885037,5608,15,4076,337,3957,440,259011,25,8688,4228,"East TN",2455501,143.75885002694,0.102573514417391,228.385164575376,32.2541102610017,161.148376644929,10.2573514417391
2021-03-20,267317,273,220211,166,47106,107,243525,194,1643827,2121,1887352,2315,1,4077,-41,3916,313,259324,15,8703,4230,"East TN",2455501,136.713444629019,0.106000436395374,94.278112694721,11.1178940672392,159.478656290509,10.6000436395374
2021-03-21,267598,281,220407,196,47191,85,243750,225,1645626,1799,1889376,2024,-13,4064,-25,3891,319,259643,8,8711,4237,"East TN",2455501,137.487217476189,0.106746482565761,82.4271706670044,11.4436931607847,158.460534123179,10.6746482565761
2021-03-22,268124,526,220747,340,47377,186,244106,356,1647715,2089,1891821,2445,14,4078,-15,3876,527,260170,19,8730,4244,"East TN",2455501,144.41044821403,0.107989464442493,99.5723479648349,21.4212904006148,157.849660822781,10.7989464442493
2021-03-23,268561,437,220995,248,47566,189,244371,265,1650170,2455,1894541,2720,11,4089,-78,3798,504,260674,17,8747,4250,"East TN",2455501,133.740527900416,0.10281517747858,110.77169180546,17.7967754849214,154.673119660713,10.281517747858
2021-03-24,269159,598,221453,458,47706,140,244864,493,1654869,4699,1899733,5192,4,4093,87,3885,507,261181,26,8773,4256,"East TN",2455501,140.785933298337,0.103461217681401,211.443611711011,24.353482242524,158.21618480302,10.3461217681401
2021-03-25,269559,400,221760,307,47799,93,245197,333,1657837,2968,1903034,3301,8,4101,-66,3819,458,261639,23,8796,4260,"East TN",2455501,134.677200294359,0.102901927557721,134.4328509742,16.2899546772736,155.52834228127,10.2901927557721
2021-03-26,269969,410,222082,322,47887,88,245543,346,1660469,2632,1906012,2978,7,4108,-64,3755,467,262106,14,8810,4270,"East TN",2455501,119.120293577563,0.105458879618594,121.278712572302,16.6972035442054,152.921949532906,10.5458879618594
2021-03-27,270172,203,222262,180,47910,23,245753,210,1662981,2512,1908734,2722,2,4110,-164,3591,365,262471,12,8822,4281,"East TN",2455501,116.26955150904,0.104199794219437,110.853141578847,8.26715199871635,146.243068115224,10.4199794219437
2021-03-28,270488,316,222481,219,48007,97,245998,245,1665053,2072,1911051,2317,5,4115,-68,3523,379,262850,17,8839,4287,"East TN",2455501,117.694922543302,0.103713956170704,94.3595624681073,12.8690641950461,143.473775820087,10.3713956170704
2021-03-29,270927,439,222718,237,48209,202,246251,253,1666908,1855,1913159,2108,18,4133,-91,3432,512,263362,18,8857,4292,"East TN",2455501,114.151857400995,0.100524885181367,85.8480611492319,17.8782252583078,139.767811131007,10.0524885181367
2021-03-30,271302,375,222976,258,48326,117,246573,322,1669385,2477,1915958,2799,5,4138,-143,3289,513,263875,20,8877,4298,"East TN",2455501,111.626914426017,0.102815520381006,113.988957854222,15.271832509944,133.944152333882,10.2815520381006
2021-03-31,271963,661,223418,442,48545,219,247061,488,1674202,4817,1921263,5305,4,4142,168,3457,489,264364,18,8895,4303,"East TN",2455501,114.192582287688,0.102043660009289,216.045523907341,26.9191501041946,140.785933298337,10.2043660009289
2021-04-01,272412,449,223740,322,48672,127,247411,350,1677030,2828,1924441,3178,1,4143,-86,3371,534,264898,18,8913,4311,"East TN",2455501,116.188101735654,0.103424113607698,129.423689910939,18.2854741252396,137.283593042723,10.3424113607698
2021-04-02,272762,350,223974,234,48788,116,247663,252,1680050,3020,1927713,3272,0,4143,-79,3292,429,265327,12,8925,4316,"East TN",2455501,113.744608534063,0.0976913506290033,133.251829260098,14.2537103426144,134.066326993962,9.76913506290033
2021-04-03,273105,343,224225,251,48880,92,247937,274,1682401,2351,1930338,2625,0,4143,-54,3238,397,265724,13,8938,4325,"East TN",2455501,119.446092671109,0.101092390298093,106.902827569608,13.9686361357621,131.86718311253,10.1092390298093
2021-04-04,273276,171,224348,123,48928,48,248078,141,1683996,1595,1932074,1736,6,4149,-180,3058,345,266069,8,8946,4329,"East TN",2455501,113.540984100597,0.0989392570042335,70.6984032993674,6.96395562453446,124.536703507757,9.89392570042335
2021-04-05,273683,407,224583,235,49100,172,248301,223,1685215,1219,1933516,1442,6,4155,-93,2965,494,266563,40,8986,4335,"East TN",2455501,112.237787726415,0.100702461069902,58.7252866115713,16.5750288841259,120.749289045291,10.0702461069902
2021-04-06,274114,431,224833,250,49281,181,248579,278,1687301,2086,1935880,2364,3,4158,-6,2959,434,266997,27,9013,4340,"East TN",2455501,114.518381381233,0.10069270153599,96.273632142687,17.5524261647623,120.504939725131,10.069270153599
2021-04-07,274746,632,225296,463,49450,169,249086,507,1691994,4693,1941080,5200,5,4163,209,3168,418,267415,24,9037,4344,"East TN",2455501,113.337359667131,0.10218499268305,211.769410804557,25.7381283900923,129.016441044007,10.218499268305
2021-04-08,275152,406,225551,255,49601,151,249375,289,1695005,3011,1944380,3300,-1,4162,49,3217,358,267773,21,9058,4349,"East TN",2455501,111.586189539324,0.0985004263002157,134.392126087507,16.5343039974327,131.011960491973,9.85004263002157
2021-04-09,275670,518,225957,406,49713,112,249825,450,1698881,3876,1948706,4326,4,4166,109,3326,405,268178,31,9089,4352,"East TN",2455501,118.427970503779,0.102986709855666,176.175859834714,21.0954913070693,135.45097314153,10.2986709855666
2021-04-10,275974,304,226172,215,49802,89,250072,247,1701662,2781,1951734,3028,1,4167,-11,3315,314,268492,15,9104,4357,"East TN",2455501,116.839699922745,0.0997850065432791,123.314956906961,12.3803655547279,135.002999387905,9.97850065432791
2021-04-11,276211,237,226335,163,49876,74,250246,174,1703375,1713,1953621,1887,2,4169,-85,3230,320,268812,10,9114,4361,"East TN",2455501,119.527542444495,0.100617255302362,76.8478611900382,9.65179814628461,131.541384018984,10.0617255302362
2021-04-12,276676,465,226658,323,50018,142,250576,330,1705138,1763,1955714,2093,3,4172,13,3243,449,269261,16,9130,4370,"East TN",2455501,121.8895858727,0.102486710514461,85.2371878488341,18.9370723123306,132.070807545996,10.2486710514461
2021-04-13,277054,378,226898,240,50156,138,250826,250,1707195,2057,1958021,2307,3,4175,-53,3190,428,269689,16,9146,4374,"East TN",2455501,119.731166877961,0.10148593107809,93.9523136011755,15.3940071700236,129.912388551257,10.148593107809
2021-04-14,277734,680,227400,502,50334,178,251383,557,1712016,4821,1963399,5378,0,4175,269,3459,411,270100,29,9175,4377,"East TN",2455501,121.685961439234,0.102916797347551,219.018440635944,27.6929229513651,140.867383071723,10.2916797347551
2021-04-15,278275,541,227767,367,50508,174,251763,380,1715161,3145,1966924,3525,2,4177,115,3574,424,270524,24,9199,4382,"East TN",2455501,127.183821142814,0.105926188786373,143.555225593474,22.0321637010125,145.55074504144,10.5926188786373
2021-04-16,279248,973,228657,890,50591,83,252869,1106,1722646,7485,1975515,8591,3,4180,629,4203,341,270865,32,9231,4385,"East TN",2455501,145.713644588212,0.113543959118207,349.867501581144,39.625314752468,171.166698771452,11.3543959118207
2021-04-17,279450,202,228804,147,50646,55,253042,173,1724877,2231,1977919,2404,0,4180,-92,4111,294,271159,10,9241,4386,"East TN",2455501,141.559706145508,0.113423715867863,97.9026276104143,8.22642711202317,167.420009195679,11.3423715867863
2021-04-18,279668,218,228991,187,50677,31,253244,202,1726680,1803,1979924,2005,6,4186,-122,3989,334,271493,8,9249,4395,"East TN",2455501,140.785933298337,0.113979393985477,81.6533978198339,8.87802529911411,162.451573019111,11.3979393985477
2021-04-19,279996,328,229186,195,50810,133,253454,210,1728129,1449,1981583,1659,8,4194,-211,3778,531,272024,15,9264,4402,"East TN",2455501,135.206623821371,0.111252850902625,67.5625870239923,13.3577628353644,153.858621926849,11.1252850902625
2021-04-20,280349,353,229463,277,50886,76,253734,280,1730577,2448,1984311,2728,4,4198,-113,3665,462,272486,20,9284,4406,"East TN",2455501,134.188501654041,0.110612400152149,111.097490899006,14.375885002694,149.256709730519,11.0612400152149
2021-04-21,280863,514,229794,331,51069,183,254072,338,1734359,3782,1988431,4120,4,4202,31,3696,479,272965,15,9299,4412,"East TN",2455501,127.428170462973,0.107422499201023,167.786533175918,20.9325917602966,150.519181218008,10.7422499201023
2021-04-22,281506,643,230193,399,51313,244,254523,451,1738611,4252,1993134,4703,3,4205,194,3890,446,273411,25,9324,4416,"East TN",2455501,131.582108905678,0.105303319343762,191.529142118044,26.1861021437173,158.419809236486,10.5303319343762
2021-04-23,281890,384,230471,278,51419,106,254831,308,1741814,3203,1996645,3511,0,4205,-9,3881,393,273804,11,9335,4421,"East TN",2455501,107.595150643392,0.0928537624230951,142.985077179769,15.6383564901827,158.053285256247,9.28537624230951
2021-04-24,282149,259,230658,187,51491,72,255040,209,1744812,2998,1999852,3207,0,4205,-133,3748,392,274196,19,9354,4428,"East TN",2455501,109.916469184904,0.0910956093557653,130.604711625041,10.5477456535347,152.636875326054,9.10956093557653
2021-04-25,282349,200,230807,149,51542,51,255199,159,1746463,1651,2001662,1810,4,4209,-113,3635,309,274505,17,9371,4433,"East TN",2455501,109.183421224426,0.0899346766031834,73.712044914663,8.1449773386368,148.034963129724,8.99346766031834
2021-04-26,282735,386,231051,244,51684,142,255450,251,1748435,1972,2003885,2223,6,4215,-143,3492,523,275028,16,9387,4441,"East TN",2455501,111.545464652631,0.0894986996681912,90.531423118948,15.719806263569,142.211304332599,8.94986996681912
2021-04-27,283123,388,231254,203,51869,185,255668,218,1750799,2364,2006467,2582,3,4218,-50,3442,435,275463,24,9411,4447,"East TN",2455501,112.970835686892,0.0872901245712222,105.151657441801,15.8012560369554,140.175059997939,8.72901245712223
2021-04-28,283611,488,231600,346,52011,142,256049,381,1754927,4128,2010976,4509,6,4224,11,3453,471,275934,24,9435,4455,"East TN",2455501,111.91198863287,0.0876912840984697,183.628514099567,19.8737447062738,140.623033751564,8.76912840984697
2021-04-29,284003,392,231879,279,52124,113,256353,304,1757859,2932,2014212,3236,1,4225,18,3471,373,276307,22,9457,4460,"East TN",2455501,101.69004207288,0.0868203814403644,131.785733339143,15.9641555837281,141.356081712042,8.68203814403644
2021-04-30,284373,370,232107,228,52266,142,256592,239,1761126,3267,2017718,3506,0,4225,0,3471,370,276677,18,9475,4465,"East TN",2455501,101.119893659176,0.0835666492668343,142.781452746303,15.0682080764781,141.356081712042,8.35666492668343
2021-05-01,284608,235,232289,182,52319,53,256781,189,1763617,2491,2020398,2680,-1,4224,-28,3443,264,276941,15,9490,4466,"East TN",2455501,100.142496378539,0.0847366884065025,109.142696337733,9.57034837289824,140.215784884633,8.47366884065025
2021-05-02,284783,175,232417,128,52366,47,256914,133,1765093,1476,2022007,1609,1,4225,-76,3367,250,277191,11,9501,4470,"East TN",2455501,99.1243742112099,0.0842958957974932,65.526342689333,7.1268551713072,137.120693495951,8.42958957974932
2021-05-03,284996,213,232532,115,52464,98,257040,126,1766577,1484,2023617,1610,5,4230,-223,3144,431,277622,17,9518,4474,"East TN",2455501,92.078968813289,0.0805797689033043,65.5670675760262,8.67440086564819,128.03904376337,8.05797689033043
2021-05-04,285316,320,232752,220,52564,100,257285,245,1768977,2400,2026262,2645,7,4237,-81,3063,394,278016,12,9530,4482,"East TN",2455501,89.3096765181525,0.0816872947714069,107.717325303472,13.0319637418189,124.740327941223,8.16872947714069
2021-05-05,285780,464,233045,293,52735,171,257596,311,1773127,4150,2030723,4461,5,4242,127,3190,332,278348,22,9552,4487,"East TN",2455501,88.3322792375161,0.0783410138248848,181.673719538294,18.8963474256374,129.912388551257,7.83410138248848
2021-05-06,286065,285,233241,196,52824,89,257827,231,1775565,2438,2033392,2669,4,4246,-101,3089,382,278730,10,9562,4493,"East TN",2455501,83.9747163613454,0.0768508863399374,108.694722584108,11.6065927075574,125.799174995245,7.68508863399374
2021-05-07,286431,366,233490,249,52941,117,258096,269,1779014,3449,2037110,3718,0,4246,16,3105,350,279080,15,9577,4498,"East TN",2455501,83.8118168145727,0.0775577557755776,151.415128725258,14.9053085297053,126.450773182336,7.75577557755776
2021-05-08,286602,171,233593,103,53009,68,258210,114,1780909,1895,2039119,2009,0,4246,-93,3012,264,279344,7,9584,4505,"East TN",2455501,81.2054240662089,0.0763313925538166,81.8162973666066,6.96395562453446,122.66335871987,7.63313925538166
2021-05-09,286748,146,233708,115,53040,31,258342,132,1782620,1711,2040962,1843,3,4249,-160,2852,303,279647,11,9595,4510,"East TN",2455501,80.0244023521066,0.0753363228699552,75.0559661755381,5.94583345720486,116.147376848961,7.53363228699552
2021-05-10,286983,235,233844,136,53139,99,258487,145,1784136,1516,2042623,1661,7,4256,-201,2651,429,280076,22,9617,4513,"East TN",2455501,80.9203498593566,0.0761338524676418,67.6440367973786,9.57034837289824,107.961674623631,7.61338524676418
2021-05-11,287298,315,234072,228,53226,87,258731,244,1786814,2678,2045545,2922,1,4257,-57,2594,371,280447,19,9636,4517,"East TN",2455501,80.7167254258907,0.0749883316911269,118.998118917484,12.828339308353,105.640356082119,7.49883316911269
2021-05-12,287602,304,234289,217,53313,87,258982,251,1790880,4066,2049862,4317,3,4260,-52,2542,353,280800,16,9652,4519,"East TN",2455501,74.2007435549812,0.0724175766758974,175.809335854475,12.3803655547279,103.522661974074,7.24175766758974
2021-05-13,287812,210,234425,136,53387,74,259127,145,1793613,2733,2052740,2878,1,4261,-131,2411,340,281140,9,9661,4524,"East TN",2455501,71.1463770529924,0.067190407277238,117.206223902984,8.55222620556864,98.1877018172666,6.7190407277238
2021-05-14,288113,301,234644,219,53469,82,259375,248,1796298,2685,2055673,2933,1,4262,32,2443,268,281408,21,9682,4529,"East TN",2455501,68.4992594179355,0.0689005009966061,119.446092671109,12.2581908946484,99.4908981914485,6.89005009966061
2021-05-15,288221,108,234725,81,53496,27,259477,102,1798286,1988,2057763,2090,0,4262,-154,2289,262,281670,6,9688,4533,"East TN",2455501,65.9335915562649,0.0679575198455267,85.1150131887546,4.39828776286387,93.2192656406982,6.79575198455267
2021-05-16,288321,100,234799,74,53522,26,259562,85,1799735,1449,2059297,1534,3,4265,-120,2169,217,281887,4,9692,4537,"East TN",2455501,64.0602467683784,0.0665394055085901,62.4719761873443,4.0724886693184,88.3322792375161,6.65394055085901
2021-05-17,288520,199,234903,104,53617,95,259672,110,1801302,1567,2060974,1677,6,4271,-117,2052,310,282197,10,9702,4544,"East TN",2455501,62.5941508474238,0.0645741376491744,68.2956349844696,8.10425245194362,83.5674674944136,6.45741376491744
2021-05-18,288733,213,235038,135,53695,78,259818,146,1803540,2238,2063358,2384,8,4279,-99,1953,304,282501,22,9724,4550,"East TN",2455501,58.440212404719,0.0610228484814461,97.0881298765507,8.67440086564819,79.5357037117883,6.10228484814461
2021-05-19,288950,217,235202,164,53748,53,259985,167,1806810,3270,2066795,3437,1,4280,-53,1900,269,282770,21,9745,4553,"East TN",2455501,54.897147262412,0.0592334494773519,139.971435564473,8.83730041242093,77.3772847170496,5.92334494773519
2021-05-20,289128,178,235335,133,53793,45,260141,156,1820978,14168,2081119,14324,3,4283,-91,1809,266,283036,7,9752,4558,"East TN",2455501,53.5939508882301,0.0357306459001374,583.343276993168,7.24902983138675,73.6713200279699,3.57306459001374
2021-05-21,289292,164,235443,108,53849,56,260262,121,1823256,2278,2083518,2399,0,4283,-58,1751,222,283258,10,9762,4561,"East TN",2455501,48.0146414112639,0.0318549111151015,97.6990031769484,6.67888141768218,71.3092765997652,3.18549111151015
2021-05-22,289363,71,235491,48,53872,23,260324,62,1824842,1586,2085166,1648,0,4283,-105,1646,176,283434,12,9774,4562,"East TN",2455501,46.5078206036161,0.0309090245593548,67.1146132703672,2.89146695521606,67.0331634969809,3.09090245593548
2021-05-23,289437,74,235542,51,53895,23,260385,61,1825907,1065,2086292,1126,3,4286,-128,1518,199,283633,5,9779,4564,"East TN",2455501,45.4489735495933,0.0304871272457863,45.8562224165252,3.01364161529562,61.8203780002533,3.04871272457863
2021-05-24,289597,160,235653,111,53944,49,260511,126,1827831,1924,2088342,2050,0,4286,-90,1428,250,283883,7,9786,4568,"East TN",2455501,43.8607029685592,0.0306562408652441,83.4860177210272,6.51598187090944,58.1551381978667,3.06562408652441
2021-05-25,289741,144,235749,96,53992,48,260599,88,1829558,1727,2090157,1815,0,4286,-72,1356,216,284099,9,9795,4574,"East TN",2455501,41.0506857867295,0.0291428784656144,73.915669348129,5.8643836838185,55.2229463559575,2.91428784656144
2021-05-26,289925,184,235889,140,54036,44,260764,165,1832441,2883,2093205,3048,7,4293,-32,1324,209,284308,14,9809,4579,"East TN",2455501,39.7067645258544,0.0294964028776978,124.129454640825,7.49337915154586,53.9197499817756,2.94964028776978
2021-05-27,290049,124,235965,76,54084,48,260903,139,1835413,2972,2096316,3111,4,4297,-81,1243,201,284509,11,9820,4583,"East TN",2455501,37.5076206444225,0.0501414752911759,126.695122502495,5.04988594995482,50.6210341596277,5.01414752911759
2021-05-28,290166,117,236055,90,54111,27,261001,98,1837525,2112,2098526,2210,0,4297,-59,1184,176,284685,9,9829,4586,"East TN",2455501,35.5935509698428,0.0492404051172708,90.0019995919366,4.76481174310253,48.2182658447298,4.92404051172708
2021-05-29,290217,51,236087,32,54130,19,261038,37,1838601,1076,2099639,1113,0,4297,-88,1096,139,284824,7,9836,4589,"East TN",2455501,34.7790532359791,0.0493332412077662,45.3267988895138,2.07696922135238,44.6344758157297,4.93332412077662
2021-05-30,290272,55,236127,40,54145,15,261084,46,1839688,1087,2100772,1133,0,4297,-66,1030,121,284945,7,9843,4594,"East TN",2455501,34.0052803888086,0.0482734806629834,46.1412966233775,2.23986876812512,41.9466332939795,4.82734806629834
2021-05-31,290352,80,236193,66,54159,14,261155,71,1841115,1427,2102270,1498,6,4303,-95,935,169,285114,4,9847,4599,"East TN",2455501,30.7472894533539,0.0462377943710511,61.0058802663896,3.25799093545472,38.077769058127,4.62377943710511
2021-06-01,290482,130,236286,93,54196,37,261249,94,1842431,1316,2103680,1410,3,4306,-38,897,165,285279,11,9858,4602,"East TN",2455501,30.1771410396493,0.048066257487244,57.4220902373894,5.29423527011392,36.530223363786,4.8066257487244
2021-06-02,290601,119,236357,71,54244,48,261322,73,1844410,1979,2105732,2052,1,4307,-18,879,136,285415,9,9867,4606,"East TN",2455501,27.5300234045924,0.0445437854234853,83.5674674944136,4.8462615164889,35.7971754033087,4.45437854234853
2021-06-03,290689,88,236413,56,54276,32,261441,119,1847577,3167,2109018,3286,1,4308,-43,836,130,285545,7,9874,4611,"East TN",2455501,26.0639274836378,0.0423555345614864,133.821977673803,3.58379002900019,34.0460052755018,4.23555345614864
2021-06-04,290780,91,236472,59,54308,32,261519,78,1849729,2152,2111248,2230,1,4309,-32,804,122,285667,7,9881,4611,"East TN",2455501,25.005080429615,0.0407168684169156,90.8164973258003,3.70596468907974,32.7428089013199,4.07168684169156
2021-06-05,290821,41,236498,26,54323,15,261549,30,1851112,1383,2112661,1413,-1,4308,-67,737,109,285776,2,9883,4616,"East TN",2455501,24.5978315626831,0.0392412839809553,57.544264897469,1.66972035442054,30.0142414928766,3.92412839809553
2021-06-06,290847,26,236514,16,54333,10,261568,19,1852028,916,2113596,935,-1,4307,-56,681,83,285859,2,9885,4619,"East TN",2455501,23.4168098485808,0.0377417342482845,38.077769058127,1.05884705402278,27.7336478380583,3.77417342482845
2021-06-07,290920,73,236549,35,54371,38,261620,52,1853298,1270,2114918,1322,3,4310,-68,613,138,285997,10,9895,4621,"East TN",2455501,23.1317356417285,0.0367647058823529,53.8383002083892,2.97291672860243,24.9643555429218,3.67647058823529
2021-06-08,291007,87,236616,67,54391,20,261690,70,1854777,1479,2116467,1549,3,4313,-29,584,113,286110,4,9899,4624,"East TN",2455501,21.3805655139216,0.0344881520294049,63.082849487742,3.54306514230701,23.7833338288195,3.44881520294049
2021-06-09,291055,48,236654,38,54401,10,261744,54,1857507,2730,2119251,2784,0,4313,-63,521,111,286221,3,9902,4627,"East TN",2455501,18.4890985587055,0.0312153265774096,113.378084553824,1.95479456127283,21.2176659671489,3.12153265774096
2021-06-10,291130,75,236711,57,54419,18,261810,66,1859292,1785,2121102,1851,4,4317,-21,500,92,286313,4,9906,4630,"East TN",2455501,17.9596750316941,0.0305362462760675,75.3817652690836,3.0543665019888,20.362443346592,3.05362462760675
2021-06-11,291200,70,236757,46,54443,24,261866,56,1860777,1485,2122643,1541,2,4319,-4,496,72,286385,4,9910,4631,"East TN",2455501,17.1044524111373,0.0304519526107942,62.7570503941965,2.85074206852288,20.1995437998193,3.04519526107942
2021-06-12,291229,29,236779,22,54450,7,261897,31,1861971,1194,2123868,1225,3,4322,-24,472,50,286435,1,9911,4634,"East TN",2455501,16.6157537708191,0.0310520210582672,49.8879861991504,1.18102171410234,19.2221465191828,3.10520210582672
2021-06-13,291247,18,236793,14,54454,4,261918,21,1862814,843,2124732,864,1,4323,-41,431,58,286493,1,9912,4635,"East TN",2455501,16.2899546772736,0.0314295977011494,35.186302102911,0.733047960477312,17.5524261647623,3.14295977011494
2021-06-14,291300,53,236826,33,54474,20,261959,41,1864067,1253,2126026,1294,3,4326,-9,422,59,286552,3,9915,4637,"East TN",2455501,15.4754569434099,0.0305185451926539,52.6980033809801,2.15841899473875,17.1859021845236,3.05185451926539
2021-06-15,291388,88,236895,69,54493,19,262047,88,1865949,1882,2127996,1970,0,4326,-7,415,95,286647,4,9919,4641,"East TN",2455501,15.5161818301031,0.0309653916211293,80.2280267855725,3.58379002900019,16.9008279776714,3.09653916211293
2021-06-16,291455,67,236935,40,54520,27,262085,38,1867855,1906,2129940,1944,2,4328,-14,401,79,286726,7,9926,4644,"East TN",2455501,16.2899546772736,0.0319019552811301,79.1691797315497,2.72856740844333,16.3306795639668,3.19019552811301
2021-06-17,291506,51,236973,38,54533,13,262131,46,1870205,2350,2132336,2396,1,4329,-7,394,57,286783,1,9927,4648,"East TN",2455501,15.3125573966372,0.0285739718711056,97.5768285168689,2.07696922135238,16.0456053571145,2.85739718711056
2021-06-18,291568,62,237024,51,54544,11,262186,55,1871933,1728,2134119,1783,2,4331,-1,393,61,286844,4,9931,4650,"East TN",2455501,14.9867583030917,0.0278842802370164,72.6124729739471,2.52494297497741,16.0048804704213,2.78842802370164
2021-06-19,291596,28,237041,17,54555,11,262204,18,1873084,1151,2135288,1169,0,4331,-16,377,44,286888,5,9936,4652,"East TN",2455501,14.9460334163985,0.0268826619964974,47.6073925443321,1.14029682740915,15.3532822833304,2.68826619964974
2021-06-20,291621,25,237062,21,54559,4,262221,17,1873838,754,2136059,771,3,4334,-13,364,35,286923,2,9938,4655,"East TN",2455501,15.2311076232508,0.0267502427827315,31.3988876404449,1.0181221673296,14.823858756319,2.67502427827315
2021-06-21,291688,67,237102,40,54586,27,262273,52,1875109,1271,2137382,1323,6,4340,3,367,58,286981,2,9940,4657,"East TN",2455501,15.8012560369554,0.0276505811905601,53.8790250950824,2.72856740844333,14.9460334163985,2.76505811905601
2021-06-22,291781,93,237148,46,54633,47,262324,51,1876536,1427,2138860,1478,5,4345,36,403,52,287033,7,9947,4661,"East TN",2455501,16.0048804704213,0.0254970544918999,60.1913825325259,3.78741446246611,16.4121293373532,2.54970544918999
2021-06-23,291850,69,237196,48,54654,21,262379,55,1878325,1789,2140704,1844,2,4347,6,409,61,287094,5,9952,4665,"East TN",2455501,16.0863302438077,0.0273132664437012,75.0966910622313,2.8100171818297,16.6564786575123,2.73132664437012
2021-06-24,291933,83,237248,52,54685,31,262441,62,1880169,1844,2142610,1906,3,4350,27,436,53,287147,6,9958,4666,"East TN",2455501,17.3895266179896,0.0301732528713257,77.6216340372087,3.38016559553427,17.7560505982282,3.01732528713257
2021-06-25,292012,79,237304,56,54708,23,262510,69,1881975,1806,2144485,1875,0,4350,32,468,47,287194,3,9961,4668,"East TN",2455501,18.0818496917737,0.0312560293266448,76.35916254972,3.21726604876154,19.0592469724101,3.12560293266448
2021-06-26,292047,35,237322,18,54725,17,262531,21,1883159,1184,2145690,1205,0,4350,1,469,34,287228,2,9963,4670,"East TN",2455501,18.366923898626,0.0314362622572582,49.0734884652867,1.42537103426144,19.0999718591033,3.14362622572582
2021-06-27,292076,29,237342,20,54734,9,262555,24,1883873,714,2146428,738,2,4352,-9,460,36,287264,3,9966,4672,"East TN",2455501,18.5298234453987,0.0322113993634873,30.0549663795698,1.18102171410234,18.7334478788646,3.22113993634873
2021-06-28,292120,44,237366,24,54754,20,262580,25,1884425,552,2147005,577,4,4356,-15,445,55,287319,3,9969,4672,"East TN",2455501,17.5931510514555,0.0319027330354359,23.4982596219672,1.7918950145001,18.1225745784669,3.19027330354359
2021-06-29,292251,131,237452,86,54799,45,262677,97,1886439,2014,2149116,2111,0,4356,79,524,52,287371,7,9976,4675,"East TN",2455501,19.1406967457965,0.0344188767550702,85.9702358093114,5.3349601568071,21.3398406272284,3.44188767550702
2021-06-30,292336,85,237515,63,54821,22,262752,75,1888083,1644,2150835,1719,3,4359,29,553,53,287424,4,9980,4675,"East TN",2455501,19.7922949328874,0.0368176882834863,70.0060802255833,3.46161536892064,22.5208623413308,3.68176882834863
2021-07-01,292442,106,237568,53,54874,53,262817,65,1890635,2552,2153452,2617,1,4360,56,609,49,287473,2,9982,4678,"East TN",2455501,20.7289673268307,0.0346799483490131,106.577028476063,4.3168379894775,24.8014559961491,3.46799483490131
2021-07-02,292524,82,237631,63,54893,19,262891,74,1892317,1682,2155208,1756,0,4360,32,641,50,287523,3,9985,4680,"East TN",2455501,20.8511419869102,0.035531101370885,71.5129010332311,3.33944070884109,26.1046523703309,3.5531101370885
2021-07-03,292572,48,237667,36,54905,12,262931,40,1893406,1089,2156337,1129,1,4361,1,642,46,287569,3,9988,4683,"East TN",2455501,21.3805655139216,0.0375692683384991,45.9783970766047,1.95479456127283,26.1453772570241,3.75692683384991
2021-07-04,292599,27,237688,21,54911,6,262956,25,1894106,700,2157062,725,0,4361,-13,629,40,287609,1,9989,4684,"East TN",2455501,21.2991157405352,0.0377092345307504,29.5255428525584,1.09957194071597,25.6159537300127,3.77092345307504
2021-07-05,292642,43,237712,24,54930,19,262981,25,1894588,482,2157569,507,0,4361,-30,599,73,287682,2,9991,4685,"East TN",2455501,21.258390853842,0.0379591063990913,20.6475175534443,1.75117012780691,24.3942071292172,3.79591063990913
2021-07-06,292804,162,237816,104,54988,58,263094,113,1895913,1325,2159007,1438,5,4366,82,681,75,287757,6,9997,4685,"East TN",2455501,22.5208623413308,0.0421595389748256,58.5623870647986,6.59743164429581,27.7336478380583,4.21595389748256
2021-07-07,292947,143,237897,81,55050,62,263182,88,1897372,1459,2160554,1547,4,4370,82,763,57,287814,6,10003,4687,"East TN",2455501,24.8829057695354,0.04424323490071,63.0013997143556,5.82365879712531,31.0730885468994,4.42432349007099
2021-07-08,293087,140,237999,102,55088,38,263299,117,1899226,1854,2162525,1971,2,4372,76,839,62,287876,3,10006,4689,"East TN",2455501,26.2675519171037,0.0531246555714758,80.2687516722657,5.70148413704576,34.1681799355814,5.31246555714758
2021-07-09,293251,164,238121,122,55130,42,263430,131,1900971,1745,2164401,1876,0,4372,100,939,64,287940,4,10010,4691,"East TN",2455501,29.6069926259448,0.0586315674970086,76.3998874364132,6.67888141768218,38.2406686048998,5.86315674970086
2021-07-10,293355,104,238194,73,55161,31,263504,74,1902027,1056,2165531,1130,0,4372,56,995,48,287988,13,10023,4692,"East TN",2455501,31.8875862807631,0.0623232542962802,46.0191219632979,4.23538821609114,40.5212622597181,6.23232542962802
2021-07-11,293403,48,238229,35,55174,13,263547,43,1902782,755,2166329,798,2,4374,4,999,42,288030,7,10030,4692,"East TN",2455501,32.7428089013199,0.0637746843638718,32.4984595811608,1.95479456127283,40.6841618064908,6.37746843638718
2021-07-12,293576,173,238346,117,55230,56,263672,125,1904148,1366,2167820,1491,1,4375,93,1092,79,288109,14,10044,4693,"East TN",2455501,38.0370441714339,0.0674080577504634,60.7208060595373,7.04540539792083,44.4715762689569,6.74080577504634
2021-07-13,293790,214,238483,137,55307,77,263817,145,1905770,1622,2169587,1767,4,4379,149,1241,61,288170,17,10061,4697,"East TN",2455501,40.1547382794794,0.0683364839319471,71.9608747868561,8.71512575234138,50.5395843862413,6.83364839319471
2021-07-14,293963,173,238619,136,55344,37,263959,142,1907332,1562,2171291,1704,0,4379,103,1344,70,288240,12,10073,4698,"East TN",2455501,41.3764848802749,0.0723665828443699,69.3952069251855,7.04540539792083,54.7342477156393,7.23665828443699
2021-07-15,294183,220,238769,150,55414,70,264126,167,1909133,1801,2173259,1968,0,4379,118,1462,102,288342,15,10088,4698,"East TN",2455501,44.6344758157297,0.0770449040432271,80.1465770121861,8.95947507250048,59.539784345435,7.70449040432271
2021-07-16,294413,230,238911,142,55502,88,264280,154,1910662,1529,2174942,1683,0,4379,164,1626,66,288408,10,10098,4702,"East TN",2455501,47.3223183374798,0.0806375106726117,68.5399843046287,9.36672393943232,66.2186657631172,8.06375106726117
2021-07-17,294557,144,239011,100,55546,44,264390,110,1911880,1218,2176270,1328,0,4379,54,1680,90,288498,5,10103,4704,"East TN",2455501,48.9513138052072,0.0825030263525468,54.0826495285484,5.8643836838185,68.4178096445491,8.25030263525468
2021-07-18,294701,144,239132,121,55569,23,264522,132,1913004,1124,2177526,1256,0,4379,50,1730,94,288592,6,10109,4706,"East TN",2455501,52.8609029277528,0.0870768955970349,51.1504576866391,5.8643836838185,70.4540539792083,8.70768955970349
2021-07-19,295004,303,239343,211,55661,92,264738,216,1914694,1690,2179432,1906,3,4382,165,1895,135,288727,14,10123,4707,"East TN",2455501,58.1551381978667,0.0918015845676886,77.6216340372087,12.3396406680348,77.1736602835837,9.18015845676886
2021-07-20,295360,356,239580,237,55780,119,264992,254,1916354,1660,2181346,1914,2,4384,212,2107,142,288869,22,10145,4709,"East TN",2455501,63.9380721082989,0.0999234628794965,77.9474331307542,14.4980596627735,85.8073362625387,9.99234628794965
2021-07-21,295762,402,239874,294,55888,108,265302,310,1918470,2116,2183772,2426,3,4387,248,2355,151,289020,28,10173,4713,"East TN",2455501,73.264071161038,0.107603557407259,98.7985751176644,16.37140445066,95.9071081624483,10.7603557407259
2021-07-22,296236,474,240207,333,56029,141,265669,367,1920839,2369,2186508,2736,5,4392,321,2676,148,289168,21,10194,4716,"East TN",2455501,83.6081923811067,0.116461619744886,111.423289992551,19.3035962925692,108.97979679096,11.6461619744886
2021-07-23,296697,461,240527,320,56170,141,266002,333,1922742,1903,2188744,2236,1,4393,328,3004,132,289300,27,10221,4722,"East TN",2455501,93.0156412072322,0.124764526880162,91.0608466459594,18.7741727655578,122.337559626325,12.4764526880162
2021-07-24,297054,357,240776,249,56278,108,266267,265,1924493,1751,2190760,2016,0,4393,225,3229,132,289432,21,10242,4726,"East TN",2455501,101.69004207288,0.129537612146308,82.1013715734589,14.5387845494667,131.500659132291,12.9537612146308
2021-07-25,297282,228,240966,190,56316,38,266470,203,1925808,1315,2192278,1518,3,4396,97,3326,128,289560,17,10259,4731,"East TN",2455501,105.110932555108,0.13204989154013,61.8203780002533,9.28527416604595,135.45097314153,13.204989154013
2021-07-26,297949,667,241429,463,56520,204,266956,486,1927537,1729,2194493,2215,10,4406,448,3774,209,289769,36,10295,4735,"East TN",2455501,119.934791311427,0.147267777704004,90.2056240254026,27.1634994243537,153.695722380076,14.7267777704004
2021-07-27,298676,727,241919,490,56757,237,267471,515,1929858,2321,2197329,2836,2,4408,534,4308,191,289960,28,10323,4741,"East TN",2455501,135.043724274598,0.155102296189702,115.49577866187,29.6069926259448,175.442811874237,15.5102296189702
2021-07-28,299494,818,242466,547,57028,271,268084,613,1932725,2867,2200809,3480,2,4410,558,4866,258,290218,37,10360,4744,"East TN",2455501,151.985277138963,0.163291659329694,141.72260569228,33.3129573150245,198.167298649033,16.3291659329694
2021-07-29,300182,688,242921,455,57261,233,268580,496,1935153,2428,2203733,2924,3,4413,474,5340,211,290429,23,10383,4748,"East TN",2455501,160.700402891304,0.16899854862119,119.07956869087,28.0187220449106,217.470894941603,16.899854862119
2021-07-30,301181,999,243671,750,57510,249,269383,803,1936956,1803,2206339,2606,4,4417,751,6091,244,290673,41,10424,4753,"East TN",2455501,182.610391932237,0.192156862745098,106.129054722438,40.6841618064908,248.055284848184,19.2156862745098
2021-07-31,301716,535,244036,365,57680,170,269779,396,1938926,1970,2208705,2366,2,4419,319,6410,214,290887,32,10456,4763,"East TN",2455501,189.859421763624,0.195709111173029,96.3550819160733,21.7878143808534,261.046523703309,19.5709111173029
2021-08-01,302248,532,244458,422,57790,110,270240,461,1941064,2138,2211304,2599,3,4422,320,6730,209,291096,28,10484,4767,"East TN",2455501,202.239787318352,0.198149900136655,105.843980515585,21.6656397207739,274.078487445128,19.8149900136655
2021-08-02,303098,850,244996,538,58102,312,270776,536,1943399,2335,2214175,2871,9,4431,415,7145,426,291522,32,10516,4776,"East TN",2455501,209.692441583204,0.194085966873285,116.921149696131,34.6161536892064,290.9793154228,19.4085966873285
2021-08-03,304435,1337,245964,968,58471,369,271791,1015,1947174,3775,2218965,4790,4,4435,896,8041,437,291959,40,10556,4786,"East TN",2455501,234.534622466047,0.199667221297837,195.072207260351,54.449173508787,327.468813899892,19.9667221297837
2021-08-04,305522,1087,246799,835,58723,252,272677,886,1950793,3619,2223470,4505,8,4443,645,8686,434,292393,40,10596,4792,"East TN",2455501,245.489616986513,0.202683023697101,183.465614552794,44.267951835491,353.736365816996,20.2683023697101
2021-08-05,306700,1178,247690,891,59010,287,273628,951,1954759,3966,2228387,4917,10,4453,665,9351,503,292896,43,10639,4799,"East TN",2455501,265.444811466173,0.204753792488034,200.244267870386,47.9739165245707,380.818415467964,20.4753792488034
2021-08-06,308039,1339,248677,987,59362,352,274711,1083,1959387,4628,2234098,5711,3,4456,910,10261,426,293322,52,10691,4812,"East TN",2455501,279.291272941856,0.191937749918945,232.579827904774,54.5306232821734,417.878062358761,19.1937749918945
2021-08-07,308763,724,249202,525,59561,199,275294,583,1962389,3002,2237683,3585,0,4456,326,10587,398,293720,28,10719,4821,"East TN",2455501,286.988276526868,0.190316792049141,145.998718795065,29.4848179658652,431.154375420739,19.0316792049141
2021-08-08,309400,637,249654,452,59746,185,275820,526,1964504,2115,2240324,2641,5,4461,219,10806,413,294133,30,10749,4831,"East TN",2455501,291.264389629652,0.192281185389387,107.554425756699,25.9417528235582,440.073125606546,19.2281185389387
2021-08-09,310769,1369,250616,962,60153,407,276827,1007,1968042,3538,2244869,4545,13,4474,572,11378,784,294917,66,10815,4843,"East TN",2455501,312.400605823414,0.197139506092396,185.094610020521,55.7523698829689,463.367760795048,19.7139506092396
2021-08-10,312096,1327,251466,850,60630,477,277744,917,1971294,3252,2249038,4169,6,4480,549,11927,772,295689,48,10863,4857,"East TN",2455501,311.993356956483,0.197951650982609,169.782052623884,54.0419246418552,485.725723589606,19.7951650982609
2021-08-11,313983,1887,252778,1312,61205,575,279128,1384,1976650,5356,2255778,6740,8,4488,1064,12991,815,296504,63,10926,4877,"East TN",2455501,344.57326631103,0.199671907886592,274.48573631206,76.8478611900382,529.057003031153,19.9671907886592
2021-08-12,315445,1462,253846,1068,61599,394,280289,1161,1981132,4482,2261421,5643,10,4498,586,13577,866,297370,45,10971,4891,"East TN",2455501,356.139134131894,0.201640733789429,229.810535609637,59.539784345435,552.921786633359,20.1640733789429
2021-08-13,317092,1647,254968,1122,62124,525,281461,1172,1986551,5419,2268012,6591,11,4509,794,14371,842,298212,30,11001,4915,"East TN",2455501,368.682399233395,0.199032847791473,268.417728194776,67.073888383674,585.257346667747,19.9032847791473
2021-08-14,318622,1530,256057,1089,62565,441,282661,1200,1992026,5475,2274687,6675,1,4510,911,15282,618,298830,27,11028,4929,"East TN",2455501,401.506657908101,0.199086585234029,271.838618677003,62.3090766405715,622.357718445238,19.9086585234029
2021-08-15,319767,1145,257025,968,62742,177,283720,1059,1995834,3808,2279554,4867,11,4521,426,15708,708,299538,20,11048,4942,"East TN",2455501,422.194900348238,0.201376497578384,198.208023535727,46.6299952636957,639.706520176534,20.1376497578384
2021-08-16,321206,1439,257943,918,63263,521,284683,963,1998894,3060,2283577,4023,17,4538,177,15885,1245,300783,27,11075,4960,"East TN",2455501,425.045642416761,0.202955461403327,163.836219166679,58.6031119514918,646.914825121228,20.2955461403327
2021-08-17,322943,1737,259159,1216,63784,521,286003,1320,2003753,4859,2289756,6179,10,4548,510,16395,1217,302000,25,11100,4977,"East TN",2455501,441.742845960967,0.202834127412938,251.639074877184,70.7391281860606,667.684517334752,20.2834127412938
2021-08-18,325034,2091,260549,1390,64485,701,287480,1477,2009173,5420,2296653,6897,13,4561,930,17325,1148,303148,32,11132,4992,"East TN",2455501,450.050722846376,0.204330275229358,280.87954352289,85.1557380754477,705.558661959413,20.4330275229358
2021-08-19,327424,2390,262050,1501,65374,889,289055,1575,2019125,9952,2308180,11527,23,4584,1116,18441,1251,304399,43,11175,5013,"East TN",2455501,487.843417697651,0.187471930537437,469.435768912332,97.3324791967098,751.007635509006,18.7471930537437
2021-08-20,329879,2455,264030,1980,65849,475,291167,2112,2026019,6894,2317186,9006,4,4588,1269,19710,1182,305581,37,11212,5046,"East TN",2455501,520.749126145744,0.197380729653882,366.768329558815,99.9795968317667,802.687516722656,19.7380729653882
2021-08-21,332804,2925,266005,1975,66799,950,293285,2118,2034948,8929,2328233,11047,0,4588,2167,21877,758,306339,57,11269,5070,"East TN",2455501,577.560343082735,0.198408844731633,449.887823299604,119.120293577563,890.938346186786,19.8408844731633
2021-08-22,334288,1484,267345,1340,66943,144,294801,1516,2040460,5512,2335261,7028,7,4595,544,22421,933,307272,17,11286,5089,"East TN",2455501,591.366079671725,0.198915755650098,286.214503679697,60.4357318526851,913.092684547878,19.8915755650098
2021-08-23,336237,1949,268474,1129,67763,820,295988,1187,2044428,3968,2340416,5155,18,4613,185,22606,1746,309018,38,11324,5110,"East TN",2455501,612.135771885249,0.198895124826264,209.936790903364,79.3728041650156,920.626788586118,19.8895124826264
2021-08-24,338220,1983,269862,1388,68358,595,297421,1433,2048207,3779,2345628,5212,15,4628,146,22752,1822,310840,25,11349,5148,"East TN",2455501,622.154094011772,0.204359965635739,212.258109444875,80.7574503125839,926.572622043322,20.4359965635739
2021-08-25,340447,2227,271075,1213,69372,1014,298666,1245,2052243,4036,2350909,5281,17,4645,613,23365,1597,312437,39,11388,5186,"East TN",2455501,627.692678602045,0.206170746092598,215.068126626705,90.6943226657208,951.536977586244,20.6170746092598
2021-08-26,343105,2658,272913,1838,70192,820,300624,1958,2059087,6844,2359711,8802,24,4669,740,24105,1894,314331,40,11428,5216,"East TN",2455501,638.606948235818,0.224505637383323,358.460452673406,108.246748830483,981.6733937392,22.4505637383323
2021-08-27,346114,3009,275192,2279,70922,730,302995,2371,2066157,7070,2369152,9441,19,4688,1307,25412,1683,316014,44,11472,5237,"East TN",2455501,661.168535463842,0.227610360620406,384.48365527035,122.541184059791,1034.90082064719,22.7610360620406
2021-08-28,348258,2144,276733,1541,71525,603,304667,1672,2072023,5866,2376690,7538,1,4689,919,26331,1224,317238,33,11505,5271,"East TN",2455501,629.362398956466,0.234888664176486,306.984195893221,87.3141570701865,1072.32699151823,23.4888664176486
2021-08-29,350593,2335,278560,1827,72033,508,306688,2021,2079017,6994,2385705,9015,9,4698,1065,27396,1261,318499,45,11550,5302,"East TN",2455501,664.019277532365,0.235647450638332,367.134853539054,95.0926104285846,1115.69899584647,23.5647450638332
2021-08-30,353836,3243,280975,2415,72861,828,309294,2606,2088059,9042,2397353,11648,21,4719,477,27873,2745,321244,70,11620,5342,"East TN",2455501,716.717280913345,0.233696893057239,474.363480202207,132.070807545996,1135.12476679912,23.3696893057239
2021-08-31,357424,3588,283387,2412,74037,1176,311904,2610,2096646,8587,2408550,11197,7,4726,912,28785,2669,323913,80,11700,5377,"East TN",2455501,782.080724055906,0.230173866056387,455.996556303581,146.120893455144,1172.2658634633,23.0173866056387
2021-09-01,358859,1435,284339,952,74520,483,312894,990,2098929,2283,2411823,3273,14,4740,-963,27822,2384,326297,31,11731,5419,"East TN",2455501,749.826613794904,0.233575204386512,133.292554146791,58.440212404719,1133.04779757777,23.3575204386512
2021-09-02,361174,2315,285834,1495,75340,820,314410,1516,2103191,4262,2417601,5778,19,4759,-585,27237,2881,329178,44,11775,5449,"East TN",2455501,735.857977659142,0.238141302470202,235.308395313217,94.278112694721,1109.22373886225,23.8141302470202
2021-09-03,362929,1755,287060,1226,75869,529,315704,1294,2107297,4106,2423001,5400,17,4776,-1005,26232,2743,331921,32,11807,5478,"East TN",2455501,684.788969745889,0.236011810804286,219.914388143194,71.4721761465379,1068.2952277356,23.6011810804286
2021-09-04,366190,3261,289404,2344,76786,917,318279,2575,2115345,8048,2433624,10623,3,4779,1512,27744,1746,333667,56,11863,5509,"East TN",2455501,730.278668182175,0.239083851477149,432.620471341694,132.803855506473,1129.8712564157,23.9083851477149
2021-09-05,370647,4457,292658,3254,77989,1203,321765,3486,2127855,12510,2449620,15996,8,4787,2731,30475,1718,335385,58,11921,5563,"East TN",2455501,816.696877745112,0.235891418289916,651.435287544171,181.510819991521,1241.09092197478,23.5891418289916
2021-09-06,375561,4914,296598,3940,78963,974,326055,4290,2143493,15638,2469548,19928,11,4798,965,31440,3938,339323,102,12023,5599,"East TN",2455501,884.748163409422,0.232162892167048,811.565542021771,200.122093210306,1280.39043763371,23.2162892167048
2021-09-07,377643,2082,298056,1458,79587,624,327573,1518,2147919,4426,2475492,5944,34,4832,-1811,29629,3859,343182,64,12087,5631,"East TN",2455501,823.416484049487,0.234068297929551,242.068726504286,84.7892140952091,1206.63766783235,23.4068297929551
2021-09-08,379317,1674,299232,1176,80085,498,328834,1261,2152299,4380,2481133,5641,19,4851,-1780,27849,3435,346617,60,12147,5672,"East TN",2455501,833.149731969158,0.22998124368778,229.729085836251,68.17346032439,1134.14736951848,22.998124368778
2021-09-09,381227,1910,300238,1006,80989,904,329911,1077,2155965,3666,2485876,4743,8,4859,-1606,26243,3508,350125,55,12202,5712,"East TN",2455501,816.656152858419,0.227037715122666,193.158137585772,77.7845335839814,1068.74320148923,22.7037715122666
2021-09-10,386720,5493,304078,3840,82642,1653,334047,4136,2168071,12106,2502118,16242,23,4882,2258,28501,3212,353337,144,12346,5747,"East TN",2455501,968.88577931754,0.231846505807854,661.453609670695,223.70180260566,1160.69999564244,23.1846505807854
2021-09-11,391003,4283,307185,3107,83818,1176,337365,3318,2179891,11820,2517256,15138,8,4890,2504,31005,1771,355108,119,12465,5791,"East TN",2455501,1010.50661351797,0.228214080734647,616.493334761419,174.424689706907,1262.67511192217,22.8214080734647
2021-09-12,392582,1579,308608,1423,83974,156,338919,1554,2185135,5244,2524054,6798,23,4913,-135,30870,1691,356799,49,12514,5835,"East TN",2455501,893.300389614991,0.230459198753258,276.847779740265,64.3045960885375,1257.17725221859,23.0459198753258
2021-09-13,394935,2353,310064,1456,84871,897,340424,1505,2190258,5123,2530682,6628,63,4976,-1938,28932,4228,361027,84,12598,5885,"East TN",2455501,789.003954793747,0.235041057349429,269.924549002424,95.8256583890619,1178.2524218072,23.5041057349429
2021-09-14,397748,2813,312019,1955,85729,858,342499,2075,2196480,6222,2538979,8297,43,5019,-935,27997,3705,364732,63,12661,5928,"East TN",2455501,818.773846966464,0.235103249484146,337.894384893348,114.559106267927,1140.17465274907,23.5103249484146
2021-09-15,399541,1793,313215,1196,86326,597,343714,1215,2200255,3775,2543969,4990,23,5042,-1555,26442,3325,368057,36,12697,5967,"East TN",2455501,823.620108482953,0.236806925966007,203.217184598988,73.0197218408789,1076.84745394117,23.6806925966007
2021-09-16,402186,2645,315066,1851,87120,794,345671,1957,2206914,6659,2552585,8616,23,5065,-557,25885,3179,371236,65,12762,6004,"East TN",2455501,853.552900202443,0.236249981261899,350.885623748473,107.717325303472,1054.16369205307,23.6249981261899
2021-09-17,404867,2681,316940,1874,87927,807,347675,2004,2214118,7204,2561793,9208,23,5088,-56,25829,2714,373950,82,12844,6059,"East TN",2455501,739.03451882121,0.228370339338081,374.994756670838,109.183421224426,1051.88309839825,22.8370339338081
2021-09-18,406321,1454,318119,1179,88202,275,349012,1337,2219590,5472,2568602,6809,3,5091,-285,25544,1736,375686,39,12883,6117,"East TN",2455501,623.823814366192,0.226833638452849,277.29575349389,59.2139852518895,1040.27650569069,22.6833638452849
2021-09-19,406964,643,318565,446,88399,197,349525,513,2221667,2077,2571192,2590,17,5108,-1072,24472,1698,377384,24,12907,6160,"East TN",2455501,585.705320421372,0.224998939284654,105.477456535347,26.1861021437173,996.619427155599,22.4998939284654
2021-09-20,408945,1981,319821,1256,89124,725,350896,1371,2227304,5637,2578200,7008,48,5156,175,24647,1758,379142,70,12977,6204,"East TN",2455501,570.555662571508,0.22037964560798,285.400005945833,80.6760005391975,1003.74628232691,22.037964560798
2021-09-21,410817,1872,320923,1102,89894,770,352036,1140,2231609,4305,2583645,5445,31,5187,-2037,22610,3878,383020,61,13038,6251,"East TN",2455501,532.233544193222,0.21351811221063,221.747008044387,76.2369878896404,920.78968813289,21.351811221063
2021-09-22,412408,1591,322039,1116,90369,475,353257,1221,2236967,5358,2590224,6579,14,5201,-1342,21268,2919,385939,45,13083,6289,"East TN",2455501,524.007117081199,0.206312831045292,267.929029554458,64.7932947288557,866.136890190637,20.6312831045292
2021-09-23,414757,2349,323547,1508,91210,841,354920,1663,2243323,6356,2598243,8019,32,5233,-389,20879,2706,388645,59,13142,6327,"East TN",2455501,511.952550620016,0.202571290901923,326.572866392642,95.6627588422892,850.294909266989,20.2571290901923
2021-09-24,416296,1539,324530,983,91766,556,356019,1099,2248205,4882,2604224,5981,37,5270,-913,19966,2415,391060,40,13182,6376,"East TN",2455501,465.4447300164,0.196648676675072,243.575547311933,62.6756006208102,813.113087716112,19.6648676675072
2021-09-25,416993,697,325018,488,91975,209,356581,562,2251227,3022,2607808,3584,2,5272,-914,19052,1609,392669,21,13203,6417,"East TN",2455501,434.61599078966,0.193057185124726,145.957993908371,28.3852460251492,775.890541278541,19.3057185124726
2021-09-26,417854,861,325646,628,92208,233,357304,723,2255204,3977,2612508,4700,6,5278,-431,18621,1286,393955,26,13229,6453,"East TN",2455501,443.494016088774,0.188280569270985,191.406967457965,35.0641274428314,758.338115113779,18.8280569270985
2021-09-27,419314,1460,326478,832,92836,628,358226,922,2258795,3591,2617021,4513,46,5324,-1369,17252,2783,396738,45,13274,6486,"East TN",2455501,422.276350121625,0.188815331907988,183.791413646339,59.4583345720486,702.58574523081,18.8815331907988
2021-09-28,420608,1294,327267,789,93341,505,359089,863,2262457,3662,2621546,4525,14,5338,-1016,16236,2296,399034,34,13308,6522,"East TN",2455501,398.737365612965,0.186090076778977,184.280112286658,52.6980033809801,661.209260350535,18.6090076778977
2021-09-29,422283,1675,328276,1009,94007,666,360227,1138,2267955,5498,2628182,6636,30,5368,-383,15853,2028,401062,50,13358,6566,"East TN",2455501,402.158256095192,0.183624005479741,270.250348095969,68.2141852110832,645.611628747046,18.3624005479741
2021-09-30,423492,1209,329036,760,94456,449,361046,819,2272627,4672,2633673,5491,11,5379,-785,15068,1983,403045,40,13398,6601,"East TN",2455501,355.731885264962,0.172904318374259,223.620352832273,49.2363880120595,613.642592692897,17.2904318374259
2021-10-01,424865,1373,330011,975,94854,398,362121,1075,2277600,4973,2639721,6048,14,5393,-298,14770,1657,404702,48,13446,6630,"East TN",2455501,348.971554073894,0.171901850860636,246.304114720377,55.9152694297416,601.506576458328,17.1901850860636
2021-10-02,425419,554,330363,352,95056,202,362516,395,2280270,2670,2642786,3065,11,5404,-469,14301,1012,405714,19,13465,6668,"East TN",2455501,343.147895276768,0.169678083366688,124.821777714609,22.5615872280239,582.406604599224,16.9678083366688
2021-10-03,425958,539,330828,465,95130,74,363040,524,2283362,3092,2646402,3616,13,5417,-346,13955,872,406586,15,13480,6701,"East TN",2455501,330.034481761563,0.169233492653567,147.261190282553,21.9507139276262,568.315793803383,16.9233492653567
2021-10-04,427308,1350,331686,858,95622,492,363980,940,2287499,4137,2651479,5077,22,5439,-607,13348,1935,408521,29,13509,6724,"East TN",2455501,325.554744225313,0.166985895873237,206.760249741295,54.9785970357984,543.59578758062,16.6985895873237
2021-10-05,428572,1264,332442,756,96130,508,364795,815,2291961,4462,2656756,5277,17,5456,-451,12897,1698,410219,40,13549,6764,"East TN",2455501,324.332997624517,0.162056234024425,214.905227079932,51.4762567801846,525.228863681994,16.2056234024425
2021-10-06,429509,937,333149,707,96360,230,365575,780,2296382,4421,2661957,5201,18,5474,-408,12489,1327,411546,26,13575,6799,"East TN",2455501,294.278031244948,0.158341968911917,211.81013569125,38.1592188315134,508.613109911175,15.8341968911917
2021-10-07,430626,1117,333942,793,96684,324,366433,858,2301165,4783,2667598,5641,24,5498,-380,12109,1473,413019,26,13601,6829,"East TN",2455501,290.531341669175,0.158791451731761,229.729085836251,45.4896984362865,493.137652967765,15.8791451731761
2021-10-08,431680,1054,334529,587,97151,467,367076,643,2305412,4247,2672488,4890,9,5507,-131,11978,1176,414195,31,13632,6850,"East TN",2455501,277.540102814049,0.151219214453566,199.14469592967,42.9240305746159,487.802692810958,15.1219214453566
2021-10-09,432221,541,334884,355,97337,186,367493,417,2308221,2809,2675714,3226,4,5511,-295,11683,832,415027,32,13664,6879,"East TN",2455501,277.010679287038,0.151147959183673,131.378484472212,22.0321637010125,475.788851236469,15.1147959183673
2021-10-10,432540,319,335151,267,97389,52,367802,309,2310453,2232,2678255,2541,6,5517,-527,11156,840,415867,16,13680,6902,"East TN",2455501,268.051204214537,0.149499262235896,103.481937087381,12.9912388551257,454.326835949161,14.9499262235896
2021-10-11,433759,1219,335688,537,98071,682,368350,548,2313899,3446,2682249,3994,52,5569,-276,10880,1443,417310,33,13713,6916,"East TN",2455501,262.71624405773,0.142021449463763,162.655197452577,49.6436368789913,443.086767221842,14.2021449463763
2021-10-12,434694,935,336325,637,98369,298,369355,1005,2317543,3644,2686898,4649,29,5598,-367,10513,1273,418583,32,13745,6950,"East TN",2455501,249.317756335672,0.151283922765576,189.329998236612,38.077769058127,428.140733805443,15.1283922765576
2021-10-13,435541,847,336873,548,98668,299,370005,650,2321408,3865,2691413,4515,25,5623,-402,10111,1224,419807,37,13782,6973,"East TN",2455501,245.652516533286,0.150393807713199,183.872863419726,34.4939790291268,411.769329354783,15.0393807713199
2021-10-14,436490,949,337526,653,98964,296,370726,721,2325411,4003,2696137,4724,31,5654,-169,9942,1087,420894,33,13815,7005,"East TN",2455501,238.810735568831,0.15042573320719,192.384364738601,38.6479174718316,404.886823503635,15.042573320719
2021-10-15,437292,802,338038,512,99254,290,371302,576,2329305,3894,2700607,4470,24,5678,-300,9642,1078,421972,30,13845,7030,"East TN",2455501,228.548064122149,0.150289839610228,182.040243518532,32.6613591279336,392.66935749568,15.0289839610228
2021-10-16,437599,307,338277,239,99322,68,371573,271,2331535,2230,2703108,2501,7,5685,-376,9266,676,422648,12,13857,7045,"East TN",2455501,219.018440635944,0.148937723589107,101.852941619653,12.5025402148075,377.356800099043,14.8937723589107
2021-10-17,437851,252,338487,210,99364,42,371821,248,2333198,1663,2705019,1911,7,5692,-452,8814,697,423345,14,13871,7061,"East TN",2455501,216.2898732275,0.150164399940218,77.8252584706746,10.2626714466824,358.949151313724,15.0164399940218
2021-10-18,438638,787,338954,467,99684,320,372337,516,2336389,3191,2708726,3707,23,5715,-468,8346,1232,424577,37,13908,7082,"East TN",2455501,198.696722176045,0.150583525323866,150.967154971633,32.0504858275358,339.889904341314,15.0583525323866
2021-10-19,439469,831,339395,441,100074,390,372811,474,2339717,3328,2712528,3802,25,5740,-275,8071,1081,425658,23,13931,7098,"East TN",2455501,194.461333959954,0.134841982052282,154.836019207486,33.8423808420359,328.690560500688,13.4841982052282
2021-10-20,440233,764,339885,490,100348,274,373352,541,2343738,4021,2717090,4562,15,5755,-208,7863,957,426615,21,13952,7117,"East TN",2455501,191.081168364419,0.130350118783347,185.786933094305,31.1138134335926,320.219784068506,13.0350118783347
2021-10-21,440862,629,340308,423,100554,206,373822,470,2347375,3637,2721197,4107,17,5772,-244,7619,856,427471,21,13973,7135,"East TN",2455501,178.0492046226,0.123543495610535,167.257109648907,25.6159537300127,310.282911715369,12.3543495610535
2021-10-22,441407,545,340648,340,100759,205,374208,386,2350479,3104,2724687,3490,6,5778,-318,7301,857,428328,18,13991,7153,"East TN",2455501,167.582908742452,0.120681063122924,142.129854559212,22.1950632477853,297.332397746936,12.0681063122924
2021-10-23,441764,357,340892,244,100872,113,374481,273,2352864,2385,2727345,2658,0,5778,-198,7103,555,428883,15,14006,7173,"East TN",2455501,169.619153077111,0.119981845938029,108.246748830483,14.5387845494667,289.268870181686,11.9981845938029
2021-10-24,442007,243,341054,162,100953,81,374677,196,2354761,1897,2729438,2093,7,5785,-303,6800,539,429422,14,14020,7185,"East TN",2455501,169.252629096873,0.116958106392563,85.2371878488341,9.89614746644371,276.929229513651,11.6958106392563
2021-10-25,442429,422,341302,248,101127,174,374948,271,2357192,2431,2732140,2702,28,5813,-485,6315,879,430301,21,14041,7196,"East TN",2455501,154.388045453861,0.111514478517127,110.038643844983,17.1859021845236,257.177659467457,11.1514478517127
2021-10-26,442955,526,341631,329,101324,197,375286,338,2359832,2640,2735118,2978,12,5825,-232,6083,746,431047,28,14069,7207,"East TN",2455501,141.966955012439,0.109561752988048,121.278712572302,21.4212904006148,247.729485754638,10.9561752988048
2021-10-27,443575,620,342025,394,101550,226,375710,424,2364029,4197,2739739,4621,10,5835,-88,5995,698,431745,21,14090,7228,"East TN",2455501,136.102571328621,0.104110556757473,188.189701409203,25.2494297497741,244.145695725638,10.4110556757473
2021-10-28,443991,416,342280,255,101711,161,376001,291,2366826,2797,2742827,3088,16,5851,-196,5799,596,432341,15,14105,7243,"East TN",2455501,127.428170462973,0.100739713361073,125.758450108552,16.9415528643645,236.163617933774,10.0739713361073
2021-10-29,444451,460,342585,305,101866,155,376334,333,2370344,3518,2746678,3851,4,5855,-154,5645,610,432951,10,14115,7260,"East TN",2455501,123.966555094052,0.0966759128734482,156.831538655452,18.7334478788646,229.891985383024,9.66759128734482
2021-10-30,444714,263,342787,202,101927,61,376563,229,2372918,2574,2749481,2803,0,5855,-149,5496,412,433363,16,14131,7274,"East TN",2455501,120.138415744893,0.0940549331405855,114.151857400995,10.7106452003074,223.823977265739,9.40549331405855
2021-10-31,444885,171,342914,127,101971,44,376709,146,2374543,1625,2751252,1771,0,5855,-225,5271,396,433759,5,14136,7285,"East TN",2455501,117.206223902984,0.0931511873109013,72.1237743336289,6.96395562453446,214.660877759773,9.31511873109013
2021-11-01,445481,596,343275,361,102206,235,377099,390,2377661,3118,2754760,3508,14,5869,-186,5085,768,434527,23,14159,7294,"East TN",2455501,124.292354187598,0.0950928381962865,142.862902519689,24.2720324691377,207.086048834841,9.50928381962865
2021-11-02,445893,412,343495,220,102398,192,377325,226,2379872,2211,2757197,2437,25,5894,-183,4902,570,435097,16,14175,7317,"East TN",2455501,119.649717104575,0.0923501970197926,99.2465488712894,16.7786533175918,199.633394569988,9.23501970197926
2021-11-03,446465,572,343874,379,102591,193,377718,393,2384450,4578,2762168,4971,6,5900,77,4979,489,435586,14,14189,7328,"East TN",2455501,117.694922543302,0.0895269517142984,202.443411751818,23.2946351885012,202.769210845363,8.95269517142984
2021-11-04,446882,417,344176,302,102706,115,378048,330,2387986,3536,2766034,3866,13,5913,-75,4904,479,436065,9,14198,7339,"East TN",2455501,117.735647429995,0.0882061446977205,157.442411955849,16.9822777510577,199.714844343374,8.82061446977205
2021-11-05,447317,435,344461,285,102856,150,378372,324,2391569,3583,2769941,3907,2,5915,20,4924,413,436478,13,14211,7345,"East TN",2455501,116.717525262665,0.0876069294587972,159.11213231027,17.715325711535,200.529342077238,8.76069294587972
2021-11-06,447550,233,344632,171,102918,62,378560,188,2393809,2240,2772369,2428,0,5915,-85,4839,318,436796,13,14224,7353,"East TN",2455501,115.49577866187,0.0872509612023768,98.8800248910507,9.48889859951187,197.067726708317,8.72509612023768
2021-11-07,447749,199,344760,128,102989,71,378714,154,2395710,1901,2774424,2055,6,5921,-130,4709,323,437119,8,14232,7365,"East TN",2455501,116.636075489279,0.0865268427412394,83.6896421544931,8.10425245194362,191.773491438203,8.65268427412394
2021-11-08,448290,541,345106,346,103184,195,379099,385,2399243,3533,2778342,3918,25,5946,-27,4682,543,437662,25,14257,7377,"East TN",2455501,114.396206721154,0.0848104486472733,159.560106063895,22.0321637010125,190.673919497487,8.48104486472733
2021-11-09,449157,867,345722,616,103435,251,379899,800,2406516,7273,2786415,8073,10,5956,424,5106,433,438095,27,14284,7392,"East TN",2455501,132.926030166553,0.0880963789444863,328.772010274074,35.3084767629905,207.941271455397,8.80963789444863
2021-11-10,449783,626,346159,437,103624,189,380401,502,2411767,5251,2792168,5753,7,5963,179,5285,440,438535,28,14312,7404,"East TN",2455501,135.125174047985,0.0894333333333333,234.290273145888,25.4937790699332,215.231026173477,8.94333333333333
2021-11-11,450287,504,346541,382,103746,122,380806,405,2416057,4290,2796863,4695,5,5968,81,5366,418,438953,10,14322,7417,"East TN",2455501,138.668239190292,0.0894612215770865,191.203343024499,20.5253428933647,218.529741995625,8.94612215770865
2021-11-12,450769,482,346863,322,103906,160,381138,332,2419507,3450,2800645,3782,2,5970,117,5483,363,439316,24,14346,7427,"East TN",2455501,140.582308864871,0.0900859822824388,154.021521473622,19.6293953861147,223.294553738728,9.00859822824388
2021-11-13,451006,237,347005,142,104001,95,381287,149,2421506,1999,2802793,2148,4,5974,-101,5382,334,439650,11,14357,7436,"East TN",2455501,140.745208411644,0.089633184328162,87.4770566169592,9.65179814628461,219.181340182716,8.9633184328162
2021-11-14,451367,361,347321,316,104046,45,381632,345,2424485,2979,2806117,3324,1,5975,59,5441,301,439951,14,14371,7444,"East TN",2455501,147.34264005594,0.0920708042785473,135.369523368144,14.7016840962394,221.584108497614,9.20708042785473
2021-11-15,451944,577,347611,290,104333,287,381933,301,2427253,2768,2809186,3069,26,6001,-27,5414,578,440529,20,14391,7454,"East TN",2455501,148.808735976894,0.0918817274024121,124.984677261382,23.4982596219672,220.484536556898,9.18817274024121
2021-11-16,452616,672,348044,433,104572,239,382393,460,2430860,3607,2813253,4067,24,6025,178,5592,470,440999,17,14408,7464,"East TN",2455501,140.867383071723,0.0929279379983605,165.628114181179,27.3671238578196,227.733566388285,9.29279379983605
2021-11-17,453329,713,348511,467,104818,246,382902,509,2435505,4645,2818407,5154,5,6030,292,5884,416,441415,27,14435,7474,"East TN",2455501,144.41044821403,0.0953161324745608,209.89606601667,29.0368442122402,239.625233302695,9.53161324745608
2021-11-18,453955,626,348921,410,105034,216,383380,478,2440368,4863,2823748,5341,12,6042,184,6068,430,441845,19,14454,7483,"East TN",2455501,149.378884390599,0.0957411195834108,217.511619828296,25.4937790699332,247.11861245424,9.57411195834108
2021-11-19,454568,613,349364,443,105204,170,383840,460,2444842,4474,2828682,4934,7,6049,218,6286,388,442233,13,14467,7491,"East TN",2455501,154.713844547406,0.0963726504262225,200.93659094417,24.9643555429218,255.996637753355,9.63726504262225
2021-11-20,454890,322,349611,247,105279,75,384127,287,2447546,2704,2831673,2991,0,6049,21,6307,301,442534,14,14481,7498,"East TN",2455501,158.175459916327,0.0983379501385042,121.808136099313,13.1134135152052,256.851860373912,9.83379501385042
2021-11-21,455154,264,349763,152,105391,112,384291,164,2449030,1484,2833321,1648,9,6058,-93,6214,348,442882,10,14491,7509,"East TN",2455501,154.225145907088,0.0977429789736803,67.1146132703672,10.7513700870006,253.064445911445,9.77429789736803
2021-11-22,455906,752,350257,494,105649,258,384803,512,2452898,3868,2837701,4380,20,6078,152,6366,580,443462,38,14529,7514,"East TN",2455501,161.352001078395,0.100648781343153,178.375003716146,30.6251147932744,259.254628688809,10.0648781343153
2021-11-23,456582,676,350726,469,105856,207,385293,490,2456199,3301,2841492,3791,21,6099,119,6485,536,443998,19,14548,7521,"East TN",2455501,161.514900625168,0.102694854633663,154.388045453861,27.5300234045924,264.100890205298,10.2694854633663
2021-11-24,457320,738,351259,533,106061,205,385866,573,2460227,4028,2846093,4601,6,6105,253,6738,479,444477,21,14569,7531,"East TN",2455501,162.533022792497,0.107057718702593,187.37520367534,30.0549663795698,274.404286538674,10.7057718702593
2021-11-25,457606,286,351417,158,106189,128,386039,173,2461863,1636,2847902,1809,1,6106,-197,6541,482,444959,10,14579,7540,"East TN",2455501,148.686561316815,0.11008528608098,73.6713200279699,11.6473175942506,266.381483860117,11.008528608098
2021-11-26,457836,230,351619,202,106217,28,386282,243,2463540,1677,2849822,1920,1,6107,-287,6254,516,445475,15,14594,7544,"East TN",2455501,133.088929713325,0.115515610217597,78.1917824509133,9.36672393943232,254.693441379173,11.5515610217597
2021-11-27,458120,284,351847,228,106273,56,386536,254,2465135,1595,2851671,1849,0,6107,-96,6158,380,445855,14,14608,7555,"East TN",2455501,131.541384018984,0.12046204620462,75.3003154956972,11.5658678208643,250.783852256627,12.046204620462
2021-11-28,458434,314,352058,211,106376,103,386753,217,2466645,1510,2853398,1727,7,6114,-108,6050,415,446270,20,14628,7565,"East TN",2455501,133.577628353644,0.122627882651791,70.3318793191288,12.7876144216598,246.385564493763,12.2627882651791
2021-11-29,459531,1097,352770,712,106761,385,387491,738,2471192,4547,2858683,5285,19,6133,423,6473,655,446925,35,14663,7573,"East TN",2455501,147.627714262792,0.128109808407206,215.231026173477,44.6752007024228,263.61219156498,12.8109808407206
2021-11-30,460369,838,353278,508,107091,330,387996,505,2474559,3367,2862555,3872,64,6197,187,6660,587,447512,26,14689,7585,"East TN",2455501,154.225145907088,0.128329297820823,157.686761276008,34.1274550488882,271.227745376605,12.8329297820823
2021-12-01,461451,1082,354048,770,107403,312,388803,807,2479730,5171,2868533,5978,48,6245,504,7164,530,448042,32,14721,7606,"East TN",2455501,168.234506929543,0.130882352941176,243.453372651854,44.0643274020251,291.75308826997,13.0882352941176
2021-12-02,462354,903,354671,623,107683,280,389469,666,2484391,4661,2873860,5327,39,6284,280,7444,584,448626,18,14739,7623,"East TN",2455501,193.361762019238,0.132136528237923,216.941471414591,36.7745726839452,303.156056544062,13.2136528237923
2021-12-03,463373,1019,355407,736,107966,283,390251,782,2489369,4978,2879620,5760,21,6305,519,7963,479,449105,25,14764,7635,"East TN",2455501,225.49369762016,0.133196858849587,234.57534735274,41.4986595403545,324.292272737824,13.3196858849587
2021-12-04,463796,423,355740,333,108056,90,390632,381,2492121,2752,2882753,3133,3,6308,17,7980,403,449508,29,14793,7647,"East TN",2455501,231.154456870512,0.131780451708384,127.591070009745,17.2266270712168,324.984595811608,13.1780451708384
2021-12-05,464181,385,355956,216,108225,169,390863,231,2494053,1932,2884916,2163,12,6320,-31,7949,404,449912,15,14808,7655,"East TN",2455501,234.045923825728,0.1304016752332,88.087929917357,15.6790813768758,323.72212432412,13.04016752332
2021-12-06,465133,952,356602,646,108531,306,391554,691,2498237,4184,2889791,4875,69,6389,127,8076,756,450668,32,14840,7669,"East TN",2455501,228.140815255217,0.130609489520381,198.533822629272,38.7700921319112,328.894184934154,13.0609489520381
2021-12-07,465975,842,357135,533,108840,309,392095,541,2501714,3477,2893809,4018,8,6397,215,8291,619,451287,25,14865,7674,"East TN",2455501,228.303714801989,0.131151212644781,163.632594733213,34.2903545956609,337.650035573189,13.1151212644781
2021-12-08,467021,1046,357772,637,109249,409,392752,657,2506330,4616,2899082,5273,4,6401,445,8736,597,451884,29,14894,7690,"East TN",2455501,226.837618881035,0.129267733804707,214.742327533159,42.5982314810705,355.772610151655,12.9267733804707
2021-12-09,467939,918,358391,619,109548,299,393418,666,2511307,4977,2904725,5643,19,6420,521,9257,378,452262,30,14924,7704,"East TN",2455501,227.448492181433,0.12794427344889,229.810535609637,37.3854459843429,376.990276118804,12.794427344889
2021-12-10,468734,795,358939,548,109795,247,394019,601,2515817,4510,2909836,5111,5,6425,162,9419,628,452890,22,14946,7718,"East TN",2455501,218.326117562159,0.124702144559174,208.144895888863,32.3762849210813,383.5877077631,12.4702144559174
2021-12-11,469131,397,359225,286,109906,111,394344,325,2518739,2922,2913083,3247,0,6425,-176,9243,573,453463,19,14965,7727,"East TN",2455501,217.267270508137,0.122387075502803,132.233707092768,16.167780017194,376.4201277051,12.2387075502803
2021-12-12,469562,431,359488,263,110074,168,394638,294,2521258,2519,2915896,2813,9,6434,-138,9105,560,454023,18,14983,7734,"East TN",2455501,219.140615296023,0.121852808263396,114.559106267927,17.5524261647623,370.80009334144,12.1852808263396
2021-12-13,470444,882,360062,574,110382,308,395241,603,2525860,4602,2921101,5205,23,6457,-174,8931,1033,455056,24,15007,7743,"East TN",2455501,216.2898732275,0.11775790482274,211.973035238023,35.9193500633883,363.713963056826,11.775790482274
2021-12-14,471200,756,360518,456,110682,300,395724,483,2529883,4023,2925607,4506,36,6493,-132,8799,852,455908,22,15029,7751,"East TN",2455501,212.787532971886,0.114126674633625,183.506339439487,30.7880143400471,358.338278013326,11.4126674633625
2021-12-15,472071,871,361108,590,110963,281,396353,629,2534687,4804,2931040,5433,19,6512,-10,8789,862,456770,22,15051,7766,"East TN",2455501,205.660677800579,0.112679141373052,221.258309404069,35.4713763097633,357.931029146394,11.2679141373052
2021-12-16,472865,794,361618,510,111247,284,396898,545,2538507,3820,2935405,4365,19,6531,12,8801,763,457533,22,15073,7783,"East TN",2455501,200.610791850624,0.113428943937419,177.764130415748,32.3355600343881,358.419727786712,11.3428943937419
2021-12-17,473676,811,362154,536,111522,275,397483,585,2543175,4668,2940658,5253,24,6555,41,8842,746,458279,33,15106,7797,"East TN",2455501,201.262390037715,0.112387255856207,213.927829799296,33.0278831081722,360.089448141133,11.2387255856207
2021-12-18,474247,571,362534,380,111713,191,397909,426,2546520,3345,2944429,3771,0,6555,18,8860,553,458832,28,15134,7810,"East TN",2455501,208.348520322329,0.113730619536783,153.573547719997,23.2539103018081,360.82249610161,11.3730619536783
2021-12-19,474668,421,362815,281,111853,140,398220,311,2549183,2663,2947403,2974,6,6561,-193,8667,608,459440,16,15150,7819,"East TN",2455501,207.941271455397,0.113689021487289,121.115813025529,17.1451772978305,352.962592969826,11.3689021487289
2021-12-20,475602,934,363438,623,112164,311,398858,638,2553145,3962,2952003,4600,40,6601,13,8680,881,460321,31,15181,7830,"East TN",2455501,210.058965563443,0.117047440295127,187.334478788646,38.0370441714339,353.492016496837,11.7047440295127
2021-12-21,476613,1011,364095,657,112518,354,399527,669,2557528,4383,2957055,5052,30,6631,168,8848,813,461134,28,15209,7840,"East TN",2455501,220.443811670205,0.120929788857797,205.742127573966,41.172860446809,360.333797461292,12.0929788857797
2021-12-22,478099,1486,364826,731,113273,755,400275,748,2561866,4338,2962141,5086,854,7485,-132,8716,764,461898,37,15246,7856,"East TN",2455501,245.489616986513,0.126105269927012,207.126773721534,60.5171816260714,354.958112417792,12.6105269927012
2021-12-23,479267,1168,365632,806,113635,362,401139,864,2566352,4486,2967491,5350,28,7513,372,9088,768,462666,32,15278,7873,"East TN",2455501,260.720724609764,0.132176026927632,217.878143808534,47.5666676576389,370.107770267656,13.2176026927632
2021-12-24,480205,938,366280,648,113925,290,401846,707,2570189,3837,2972035,4544,0,7513,247,9335,691,463357,17,15295,7895,"East TN",2455501,265.892785219798,0.139050897153966,185.053885133828,38.1999437182066,380.166817280873,13.9050897153966
2021-12-25,480685,480,366563,283,114122,197,402179,333,2572308,2119,2974487,2452,8,7521,-80,9255,552,463909,19,15314,7903,"East TN",2455501,262.186820530719,0.142058686539357,99.8574221716871,19.5479456127283,376.908826345418,14.2058686539357
2021-12-26,481028,343,366839,276,114189,67,402499,320,2574183,1875,2976682,2195,62,7583,-267,8988,548,464457,18,15332,7920,"East TN",2455501,259.01027936865,0.146145701697462,89.3911262915389,13.9686361357621,366.035281598338,14.6145701697462
2021-12-27,482904,1876,368101,1262,114803,614,403809,1310,2578937,4754,2982746,6064,64,7647,927,9915,885,465342,35,15367,7937,"East TN",2455501,297.37312263363,0.161044790684058,246.955712907468,76.3998874364132,403.787251562919,16.1044790684058
2021-12-28,485331,2427,369544,1443,115787,984,405296,1487,2583315,4378,2988611,5865,18,7665,1627,11542,782,466124,26,15393,7949,"East TN",2455501,355.039562191178,0.182817847635949,238.851460455524,98.8393000043576,470.04664221273,18.2817847635949
2021-12-29,488221,2890,371471,1927,116750,963,407299,2003,2588604,5289,2995903,7292,37,7702,2086,13628,767,466891,30,15423,7964,"East TN",2455501,412.217303108408,0.208044547123986,296.965873766698,117.694922543302,554.998755854711,20.8044547123986
2021-12-30,491048,2827,373257,1786,117791,1041,409122,1823,2593067,4463,3002189,6286,14,7716,2079,15707,734,467625,33,15456,7979,"East TN",2455501,479.779890132401,0.230070897458067,255.996637753355,115.129254681631,639.665795289841,23.0070897458067
2021-12-31,493572,2524,375072,1815,118500,709,411069,1947,2597900,4833,3008969,6780,0,7716,1768,17475,756,468381,24,15480,7998,"East TN",2455501,544.36956042779,0.249715709102724,276.114731779788,102.789614013596,711.66739496339,24.9715709102724
2022-01-01,495031,1459,376301,1229,118730,230,412408,1339,2601550,3650,3013958,4989,0,7716,853,18328,606,468987,32,15512,8006,"East TN",2455501,584.239224500418,0.25915228902232,203.176459712295,59.4176096853555,746.405723312676,25.915228902232
2022-01-02,496495,1464,377263,962,119232,502,413631,1223,2604566,3016,3018197,4239,6,7722,759,19087,699,469686,26,15538,8026,"East TN",2455501,629.891822483477,0.26814404432133,172.632794692407,59.6212341188214,777.315912312803,26.814404432133
2022-01-03,499392,2897,379447,2184,119945,713,415857,2226,2608737,4171,3024594,6397,33,7755,1767,20854,1097,470783,36,15574,8040,"East TN",2455501,671.471931797218,0.28789906327662,260.517100176298,117.979996750154,849.276787099659,28.789906327662
2022-01-04,503565,4173,381898,2451,121667,1722,418247,2390,2613974,5237,3032221,7627,14,7769,2980,23834,1179,471962,42,15616,8058,"East TN",2455501,742.577583963517,0.296973171290988,310.608710808914,169.944952170657,970.636949445347,29.6973171290988
2022-01-05,508501,4936,385311,3413,123190,1523,421748,3501,2619208,5234,3040956,8735,15,7784,3680,27514,1241,473203,44,15660,8083,"East TN",2455501,825.900702137772,0.320711162408719,355.731885264962,201.018040717556,1120.50453247626,32.0711162408719
2022-01-06,513670,5169,388783,3472,124887,1697,425398,3650,2624820,5612,3050218,9262,11,7795,3851,31365,1307,474510,42,15702,8103,"East TN",2455501,921.278386773208,0.338878594182681,377.19390055227,210.506939317068,1277.33607113172,33.8878594182681
2022-01-07,518047,4377,392009,3226,126038,1151,428673,3275,2629504,4684,3058177,7959,12,7807,3431,34796,934,475444,37,15739,8125,"East TN",2455501,996.741601815678,0.357746707852382,324.129373191051,178.252829056066,1417.06315737603,35.7746707852382
2022-01-08,521195,3148,394433,2424,126762,724,431277,2604,2634266,4762,3065543,7366,1,7808,2433,37229,714,476158,40,15779,8144,"East TN",2455501,1065.52593544047,0.365784627314142,299.979515381993,128.201943310143,1516.14680670055,36.5784627314142
2022-01-09,524703,3508,397120,2687,127583,821,434177,2900,2639268,5002,3073445,7902,15,7823,1829,39058,1664,477822,41,15820,8162,"East TN",2455501,1148.76760384133,0.371886765131769,321.80805464954,142.862902519689,1590.63262446238,37.188676513177
2022-01-10,529350,4647,400193,3073,129157,1574,437421,3244,2644047,4779,3081468,8023,29,7852,1594,40652,3024,480846,60,15880,8195,"East TN",2455501,1220.03615555441,0.379153919189788,326.735765939415,189.248548463226,1655.54809385132,37.9153919189788
2022-01-11,534959,5609,404233,4040,130726,1569,441555,4134,2649236,5189,3090791,9323,30,7882,2232,42884,3347,484193,49,15929,8220,"East TN",2455501,1278.51709284582,0.397951169540721,379.678118640554,228.425889462069,1746.4460409505,39.795116954072
2022-01-12,540652,5693,408218,3985,132434,1708,445722,4167,2654005,4769,3099727,8936,16,7898,2506,45390,3171,487364,30,15959,8242,"East TN",2455501,1309.34583207256,0.40792227459121,363.917587490292,231.846779944296,1848.50260700362,40.792227459121
2022-01-13,547994,7342,413473,5255,134521,2087,451205,5483,2660932,6927,3112137,12410,65,7963,3830,49220,3447,490811,47,16006,8258,"East TN",2455501,1397.84101085685,0.416786446809542,505.395843862413,299.002118101357,2004.47892303852,41.6786446809542
2022-01-14,554508,6514,418259,4786,136249,1728,456136,4931,2666812,5880,3122948,10811,69,8032,4351,53571,2094,492905,38,16044,8290,"East TN",2455501,1484.87009372018,0.424001482144787,440.276750040012,265.281911919401,2181.67290504056,42.4001482144787
2022-01-15,559063,4555,421658,3399,137405,1156,459750,3614,2671901,5089,3131651,8703,9,8041,2945,56516,1601,494506,37,16081,8304,"East TN",2455501,1542.17000929749,0.430704302051189,354.42868889078,185.501858887453,2301.60769635199,43.0704302051189
2022-01-16,562928,3865,424985,3327,137943,538,463245,3495,2676549,4648,3139794,8143,7,8048,1238,57754,2620,497126,34,16115,8322,"East TN",2455501,1556.70879384696,0.438107582631238,331.622752342597,157.401687069156,2352.02510607815,43.8107582631238
2022-01-17,567561,4633,428312,3327,139249,1306,466711,3466,2681284,4735,3147995,8201,15,8063,-575,57179,5193,502319,37,16152,8344,"East TN",2455501,1556.13864543325,0.440272370616441,333.984795770802,188.678400049521,2328.60829622957,44.0272370616441
2022-01-18,573521,5960,431987,3675,141534,2285,470448,3737,2684745,3461,3155193,7198,49,8112,25,57204,5886,508205,40,16192,8374,"East TN",2455501,1570.43308066256,0.448635135554796,293.137734417538,242.720324691377,2329.6264183969,44.8635135554796
2022-01-19,581834,8313,437995,6008,143839,2305,476625,6177,2690593,5848,3167218,12025,22,8134,2747,59951,5544,513749,43,16235,8406,"East TN",2455501,1677.1322837987,0.457883273325332,489.716762485538,338.545983080439,2441.49768214307,45.7883273325332
2022-01-20,590120,8286,444052,6057,146068,2229,482894,6269,2696310,5717,3179204,11986,44,8178,3752,63703,4490,518239,36,16271,8439,"East TN",2455501,1715.57657683707,0.472497651602129,488.128491904503,337.446411139723,2594.2974570159,47.2497651602129
2022-01-21,597426,7306,449663,5611,147763,1695,488775,5881,2702032,5722,3190807,11603,53,8231,2986,66689,4267,522506,26,16297,8470,"East TN",2455501,1747.83068709807,0.480982625738664,472.530860301014,297.536022180402,2715.90196868175,48.0982625738664
2022-01-22,603435,6009,454533,4870,148902,1139,493937,5162,2708119,6087,3202056,11249,0,8231,2674,69363,3335,525841,43,16340,8497,"East TN",2455501,1807.04467234996,0.485576308500817,458.114250411627,244.715844139343,2824.80031569932,48.5576308500817
2022-01-23,607037,3602,457510,2977,149527,625,497080,3143,2711389,3270,3208469,6413,6,8237,377,69740,3219,529060,24,16364,8530,"East TN",2455501,1796.33402714965,0.492682926829268,261.168698363389,146.691041868849,2840.15359798265,49.2682926829268
2022-01-24,613726,6689,462191,4681,151535,2008,502040,4960,2716769,5380,3218809,10340,37,8274,-384,69356,7036,536096,41,16405,8565,"East TN",2455501,1880.06439419084,0.498898522890954,421.095328407523,272.408767090708,2824.51524149247,49.8898522890954
2022-01-25,619433,5707,466263,4072,153170,1635,506302,4262,2721424,4655,3227726,8917,30,8304,-1328,68028,7005,543101,29,16434,8594,"East TN",2455501,1869.76099785746,0.494312933423407,363.143814643122,232.416928358001,2770.43259196392,49.4312933423407
2022-01-26,625237,5804,470688,4425,154549,1379,510977,4675,2726318,4894,3237295,9569,27,8331,-1400,66628,7177,550278,34,16468,8627,"East TN",2455501,1767.58225714426,0.490203633146396,389.696440767078,236.36724236724,2713.41775059346,49.0203633146396
2022-01-27,632496,7259,476455,5767,156041,1492,517120,6143,2733472,7154,3250592,13297,29,8360,-92,66536,7322,557600,46,16514,8671,"East TN",2455501,1725.75779851037,0.479436319829663,541.518818359268,295.621952505823,2709.67106101769,47.9436319829663
2022-01-28,637460,4964,480159,3704,157301,1260,521050,3930,2738311,4839,3259361,8769,38,8398,-2141,64395,7067,564667,38,16552,8705,"East TN",2455501,1630.38011387493,0.470796744172477,357.11653141253,202.158337544965,2622.47907860758,47.0796744172477
2022-01-29,641524,4064,483431,3272,158093,792,524596,3546,2743743,5432,3268339,8978,5,8403,262,64657,3797,568464,29,16581,8741,"East TN",2455501,1551.17020925669,0.462546957741804,365.628032731406,165.5059395211,2633.1489989212,46.2546957741804
2022-01-30,643594,2070,484941,1510,158653,560,526190,1594,2746222,2479,3272412,4073,17,8420,-1161,63496,3214,571678,23,16604,8784,"East TN",2455501,1488.77968284273,0.455249206324383,165.872463501338,84.3005154548909,2585.86740547041,45.5249206324383
2022-01-31,647500,3906,487401,2460,160099,1446,528755,2565,2749155,2933,3277910,5498,68,8488,-3106,60390,6944,578622,37,16641,8820,"East TN",2455501,1375.4423231756,0.452022808412717,223.905427039126,159.071407423577,2459.37590740138,45.2022808412717
2022-02-01,652471,4971,490924,3523,161547,1448,532660,3905,2754414,5259,3287074,9164,28,8516,-4965,55425,9908,588530,35,16676,8851,"East TN",2455501,1345.46880656941,0.444126171058839,373.202861656338,202.443411751818,2257.17684496972,44.4126171058839
2022-02-02,657189,4718,494439,3515,162750,1203,536414,3754,2759315,4901,3295729,8655,21,8537,-4998,50427,9695,598225,43,16719,8891,"East TN",2455501,1301.24157962062,0.435311633637951,352.473894329508,192.140015418442,2053.63386127719,43.5311633637951
2022-02-03,666128,8939,497114,2675,169014,6264,539238,2824,2763668,4353,3302906,7177,26,8563,426,50853,8487,606712,39,16758,8917,"East TN",2455501,1369.65938926516,0.422793133769163,292.282511796982,364.039762150372,2070.98266300849,42.2793133769163
2022-02-04,669669,3541,499636,2522,170033,1019,541984,2746,2768259,4591,3310243,7337,12,8575,-2981,47872,6510,613222,32,16790,8944,"East TN",2455501,1311.70787550076,0.411422506976927,298.798493667891,144.206823780565,1949.5817757761,41.1422506976927
2022-02-05,671347,1678,500822,1186,170525,492,543317,1333,2770884,2625,3314201,3958,3,8578,-1784,46088,3459,616681,24,16814,8985,"East TN",2455501,1214.53829585083,0.408202869477999,161.189101531622,68.3363598711627,1876.92857791546,40.8202869477999
2022-02-06,672652,1305,501766,944,170886,361,544402,1085,2773536,2652,3317938,3737,1,8579,-1959,44129,3263,619944,30,16844,9011,"East TN",2455501,1183.38375753054,0.400035144752449,152.188901572429,53.1459771346051,1797.14852488352,40.0035144752449
2022-02-07,675462,2810,503601,1835,171861,975,546375,1973,2776422,2886,3322797,4859,50,8629,-5641,38488,8401,628345,38,16882,9041,"East TN",2455501,1138.74928171481,0.392541270300978,197.882224442181,114.436931607847,1567.41943904727,39.2541270300978
2022-02-08,678131,2669,505312,1711,172819,958,548264,1889,2779089,2667,3327353,4556,21,8650,-4772,33716,7420,635765,42,16924,9074,"East TN",2455501,1045.0005925471,0.387397899649942,185.542583774146,108.694722584108,1373.08027974739,38.7397899649942
2022-02-09,681043,2912,507396,2084,173647,828,550576,2312,2782760,3671,3333336,5983,26,8676,-3109,30607,5995,641760,25,16949,9104,"East TN",2455501,971.451447179211,0.376578828409605,243.65699708532,118.590870050552,1246.46660701828,37.6578828409605
2022-02-10,683555,2512,509178,1782,174377,730,552547,1971,2785969,3209,3338516,5180,28,8704,-2932,27675,5416,647176,29,16978,9138,"East TN",2455501,709.712600402118,0.373743330525133,210.954913070693,102.300915373278,1127.06123923387,37.3743330525133
2022-02-11,685857,2302,510906,1728,174951,574,554447,1900,2789333,3364,3343780,5264,31,8735,-2018,25657,4289,651465,39,17017,9164,"East TN",2455501,659.254465789263,0.371619405432806,214.375803552921,93.7486891677096,1044.87841788702,37.1619405432806
2022-02-12,686789,932,511592,686,175197,246,555227,780,2791835,2502,3347062,3282,3,8738,-1250,24407,2179,653644,17,17034,9197,"East TN",2455501,628.873700316147,0.362435714068349,133.65907812703,37.9555943980475,993.972309520542,36.2435714068349
2022-02-13,687364,575,512007,415,175357,160,555710,483,2793237,1402,3348947,1885,35,8773,-1537,22870,2077,655721,9,17043,9216,"East TN",2455501,599.144533030123,0.364668322100035,76.7664114166518,23.4168098485808,931.378158673118,36.4668322100035
2022-02-14,689608,2244,513439,1432,176169,812,557329,1619,2796244,3007,3353573,4626,146,8919,-2777,20093,4875,660596,23,17066,9242,"East TN",2455501,576.094247161781,0.355926696126852,188.393325842669,91.3866457395049,818.285148326146,35.5926696126852
2022-02-15,691504,1896,514838,1399,176666,497,558862,1533,2799109,2865,3357971,4398,37,8956,-2260,17833,4119,664715,28,17094,9270,"East TN",2455501,544.61390974795,0.346136259716507,179.108051676623,77.2143851702769,726.24690439955,34.6136259716507
2022-02-16,693271,1767,516073,1235,177198,532,560234,1372,2802316,3207,3362550,4579,14,8970,-1708,16125,3461,668176,19,17113,9288,"East TN",2455501,497.983914484254,0.330594920243719,186.47925616809,71.9608747868561,656.688797927592,33.0594920243719
2022-02-17,695069,1798,517350,1277,177719,521,561640,1406,2805839,3523,3367479,4929,13,8983,-1380,14745,3165,671341,20,17133,9309,"East TN",2455501,468.906345385321,0.313952283948486,200.732966510704,73.2233462743448,600.488454290998,31.3952283948486
2022-02-18,696251,1182,518075,725,178176,457,562477,837,2808804,2965,3371281,3802,8,8991,-1220,13525,2394,673735,9,17142,9335,"East TN",2455501,423.294472288954,0.291989382204283,154.836019207486,48.1368160713435,550.804092525314,29.1989382204283
2022-02-19,696787,536,518417,342,178370,194,562888,411,2810906,2102,3373794,2513,1,8992,-762,12763,1297,675032,12,17154,9362,"East TN",2455501,407.167417158454,0.286585365853659,102.341640259971,21.8285392675466,519.771728865107,28.6585365853659
2022-02-20,697156,369,518649,232,178507,137,563160,272,2812342,1436,3375502,1708,8,9000,-946,11817,1307,676339,5,17159,9377,"East TN",2455501,398.778090499658,0.280549802297119,69.5581064719583,15.0274831897849,481.245986053355,28.0549802297119
2022-02-21,697886,730,519059,410,178827,320,563605,445,2813893,1551,3377498,1996,7,9007,-2022,9795,2745,679084,13,17172,9395,"East TN",2455501,337.120612046177,0.262319749216301,81.2868738395953,29.7291672860243,398.900265159737,26.2319749216301
2022-02-22,699061,1175,519711,652,179350,523,564334,729,2816244,2351,3380578,3080,44,9051,-930,8865,2061,681145,19,17191,9411,"East TN",2455501,307.757968740391,0.242048922899987,125.432651015007,47.8517418644912,361.026120535076,24.2048922899987
2022-02-23,699930,869,520183,472,179747,397,564867,533,2818841,2597,3383708,3130,80,9131,-949,7916,1738,682883,7,17198,9434,"East TN",2455501,271.187020489912,0.218971547405237,127.468895349666,35.3899265363769,322.378203063245,21.8971547405237
2022-02-24,700790,860,520673,490,180117,370,565435,568,2821343,2502,3386778,3070,50,9181,-791,7125,1601,684484,13,17211,9451,"East TN",2455501,232.987076771706,0.196642313073216,125.025402148075,35.0234025561382,290.164817688936,19.6642313073216
2022-02-25,701556,766,521127,454,180429,312,565943,508,2823720,2377,3389663,2885,5,9186,-482,6643,1243,685727,23,17234,9463,"East TN",2455501,216.045523907341,0.188554020237189,117.491298109836,31.1952632069789,270.535422302821,18.8554020237189
2022-02-26,701813,257,521309,182,180504,75,566161,218,2825457,1737,3391618,1955,0,9186,-400,6243,657,686384,5,17239,9476,"East TN",2455501,204.683280519943,0.18362881508079,79.6171534851747,10.4662958801483,254.245467625548,18.362881508079
2022-02-27,701836,23,521331,22,180505,1,566191,30,2825812,355,3392003,385,4,9190,-591,5652,610,686994,2,17241,9489,"East TN",2455501,190.592469724101,0.183685837221987,15.6790813768758,0.936672393943232,230.177059589876,18.3685837221987
2022-02-28,702703,867,521790,459,180913,408,566705,514,2828501,2689,3395206,3203,27,9217,-460,5192,1300,688294,17,17258,9505,"East TN",2455501,196.171779201067,0.175062118816354,130.441812078268,35.3084767629905,211.443611711011,17.5062118816354
2022-03-01,703471,768,522155,365,181316,403,567110,405,2830720,2219,3397830,2624,28,9245,-341,4851,1081,689375,16,17274,9511,"East TN",2455501,179.596750316941,0.16090888012984,106.862102682915,31.2767129803653,197.556425348636,16.090888012984
2022-03-02,703932,461,522423,268,181509,193,567421,311,2833033,2313,3400454,2624,8,9253,-363,4488,816,690191,9,17283,9529,"East TN",2455501,162.980996546122,0.152514033201959,106.862102682915,18.7741727655578,182.77329147901,15.2514033201959
2022-03-03,704296,364,522608,185,181688,179,567642,221,2834989,1956,3402631,2177,15,9268,-496,3992,845,691036,10,17293,9540,"East TN",2455501,142.781452746303,0.139216552072163,88.6580783310616,14.823858756319,162.573747679191,13.9216552072163
2022-03-04,704632,336,522820,212,181812,124,567906,264,2837232,2243,3405138,2507,10,9278,-306,3686,632,691668,7,17300,9545,"East TN",2455501,125.269751468234,0.126849757673667,102.097290939812,13.6835619289098,150.111932351076,12.6849757673667
2022-03-05,704773,141,522922,102,181851,39,568022,116,2838944,1712,3406966,1828,0,9278,-199,3487,340,692008,5,17305,9555,"East TN",2455501,120.545664611825,0.121253583528799,74.4450928751403,5.74220902373894,142.007679899133,12.1253583528799
2022-03-06,704872,99,522981,59,181891,40,568094,72,2840156,1212,3408250,1284,2,9280,-200,3287,297,692305,4,17309,9559,"East TN",2455501,123.640756000507,0.117129316181449,52.2907545140483,4.03176378262522,133.862702560496,11.7129316181449
2022-03-07,705138,266,523155,174,181983,92,568306,212,2841860,1704,3410166,1916,13,9293,-389,2898,642,692947,8,17317,9563,"East TN",2455501,99.165099097903,0.10701871657754,78.0288829041405,10.8328198603869,118.020721636847,10.701871657754
2022-03-08,705401,263,523252,97,182149,166,568429,123,2843612,1752,3412041,1875,27,9320,-292,2606,528,693475,5,17322,9571,"East TN",2455501,78.5990313178451,0.0928154246710295,76.35916254972,10.7106452003074,106.129054722438,9.28154246710295
2022-03-09,705695,294,523378,126,182317,168,568578,149,2845624,2012,3414202,2161,23,9343,-222,2384,493,693968,5,17327,9577,"East TN",2455501,71.7979752400834,0.084157695664824,88.0064801439706,11.9731166877961,97.0881298765507,8.4157695664824
2022-03-10,705881,186,523476,98,182405,88,568707,129,2847720,2096,3416427,2225,75,9418,-323,2061,434,694402,2,17329,9582,"East TN",2455501,64.5489454086966,0.0771962887793563,90.6128728923344,7.57482892493222,83.9339914746522,7.71962887793563
2022-03-11,706093,212,523566,90,182527,122,568811,104,2849910,2190,3418721,2294,79,9497,-198,1863,331,694733,5,17334,9588,"East TN",2455501,59.4990594587418,0.0666274018994331,93.4228900741641,8.63367597895501,75.8704639094018,6.66274018994331
2022-03-12,706162,69,523601,35,182561,34,568852,41,2851195,1285,3420047,1326,0,9497,-121,1742,190,694923,2,17336,9594,"East TN",2455501,56.5668676168326,0.0634508065132635,54.001199755162,2.8100171818297,70.9427526195265,6.34508065132635
2022-03-13,706255,93,523654,53,182601,40,568922,70,2852804,1609,3421726,1679,4,9501,-65,1677,154,695077,2,17338,9597,"East TN",2455501,56.3225182966735,0.0614425645592164,68.3770847578559,3.78741446246611,68.2956349844696,6.14425645592164
2022-03-14,706413,158,523738,84,182675,74,569028,106,2853889,1085,3422917,1191,69,9570,-245,1432,334,695411,2,17340,9600,"East TN",2455501,51.9242305338096,0.0566230099600031,48.5033400515821,6.43453209752307,58.3180377446395,5.66230099600031
2022-03-15,706601,188,523817,79,182784,109,569120,92,2855322,1433,3424442,1525,4,9574,-73,1359,257,695668,2,17342,9604,"East TN",2455501,48.8698640318208,0.0557213127973551,62.1054522071056,7.65627869831859,55.345121016037,5.57213127973551
2022-03-16,706759,158,523912,95,182847,63,569231,111,2856890,1568,3426121,1679,10,9584,-86,1273,234,695902,5,17347,9608,"East TN",2455501,43.3312794415478,0.054786475375451,68.3770847578559,6.43453209752307,51.8427807604232,5.4786475375451
2022-03-17,706903,144,524007,95,182896,49,569347,116,2858190,1300,3427537,1416,8,9592,-103,1170,239,696141,1,17348,9612,"East TN",2455501,41.620834200434,0.0576057605760576,57.6664395575485,5.8643836838185,47.6481174310253,5.76057605760576
2022-03-18,707048,145,524095,88,182953,57,569441,94,2859681,1491,3429122,1585,2,9594,-26,1144,169,696310,1,17349,9617,"East TN",2455501,38.8922667919907,0.0605710989327949,64.5489454086966,5.90510857051168,46.5892703770025,6.05710989327949
2022-03-19,707122,74,524154,59,182968,15,569508,67,2860854,1173,3430362,1240,0,9594,-32,1112,106,696416,1,17350,9618,"East TN",2455501,39.0958912254566,0.0635967038293747,50.4988594995482,3.01364161529562,45.2860740028206,6.35967038293747
2022-03-20,707188,66,524203,49,182985,17,569566,58,2861509,655,3431075,713,3,9597,-42,1070,105,696521,0,17350,9619,"East TN",2455501,37.9963192847407,0.0688843726601776,29.0368442122402,2.68784252175014,43.5756287617069,6.88843726601776
2022-03-21,707288,100,524270,67,183018,33,569643,77,2862398,889,3432041,966,17,9614,-85,985,168,696689,1,17351,9622,"East TN",2455501,35.634275856536,0.067404647084612,39.3402405456157,4.0724886693184,40.1140133927862,6.7404647084612
2022-03-22,707372,84,524325,55,183047,29,569706,63,2863401,1003,3433107,1066,2,9616,-58,927,140,696829,4,17355,9623,"East TN",2455501,31.3988876404449,0.0676283900750144,43.4127292149341,3.42089048222746,37.7519699645816,6.76283900750144
2022-03-23,707469,97,524400,75,183069,22,569784,78,2864844,1443,3434628,1521,11,9627,-54,873,140,696969,0,17355,9629,"East TN",2455501,28.9146695521606,0.065005289761373,61.9425526603329,3.95031400923885,35.5528260831496,6.5005289761373
2022-03-24,707574,105,524435,35,183139,70,569828,44,2865929,1085,3435757,1129,5,9632,-20,853,120,697089,0,17355,9630,"East TN",2455501,27.3263989711265,0.0585158150851582,45.9783970766047,4.27611310278432,34.738328349286,5.85158150851581
2022-03-25,707635,61,524478,43,183157,18,569879,51,2867383,1454,3437262,1505,0,9632,-45,808,106,697195,1,17356,9630,"East TN",2455501,23.905508488899,0.0538083538083538,61.2909544732419,2.48421808828422,32.9057084480927,5.38083538083538
2022-03-26,707678,43,524512,34,183166,9,569917,38,2868380,997,3438297,1035,0,9632,11,819,32,697227,0,17356,9631,"East TN",2455501,22.6430370014103,0.0515437933207309,42.1502577274454,1.75117012780691,33.3536822017177,5.15437933207309
