"DATE","TOTAL_CASES","NEW_CASES","TOTAL_CONFIRMED","NEW_CONFIRMED","TOTAL_PROBABLE","NEW_PROBABLE","POS_TESTS","NEW_POS_TESTS","NEG_TESTS","NEW_NEG_TESTS","TOTAL_TESTS","NEW_TESTS","NEW_DEATHS","TOTAL_DEATHS","NEW_HOSPITALIZED","TOTAL_HOSPITALIZED","TOTAL_DEATHS_BY_DOD","Region","Population","New_cases_per_100k_per_week","PositivityRate_per_week","Tests_per_100k","New_cases_per_100k","PositivityPercentage_per_week"
2023-11-18,166966,18,121227,10,45739,8,130514,11,592102,95,722616,106,0,1645,0,2958,1646,"Knox County",470313,NA,NA,22.5381820192085,3.82723845609201,NA
2023-11-17,166948,73,121217,66,45731,7,130503,66,592007,317,722510,383,1,1645,0,2958,1646,"Knox County",470313,NA,NA,81.435129371291,15.5215781830398,NA
2023-11-16,166875,38,121151,21,45724,17,130437,21,591690,96,722127,117,0,1644,0,2958,1646,"Knox County",470313,NA,NA,24.877049964598,8.07972562952757,NA
2023-11-15,166837,38,121130,24,45707,14,130416,24,591594,143,722010,167,3,1644,0,2958,1646,"Knox County",470313,NA,NA,35.508267898187,8.07972562952757,NA
2023-11-14,166799,47,121106,24,45693,23,130392,26,591451,107,721843,133,0,1641,0,2958,1646,"Knox County",470313,NA,NA,28.2790397033465,9.99334485757357,NA
2023-11-13,166752,72,121082,49,45670,23,130366,52,591344,197,721710,249,0,1641,0,2958,1646,"Knox County",470313,NA,NA,52.9434653092728,15.308953824368,NA
2023-11-12,166680,22,121033,15,45647,7,130314,15,591147,149,721461,164,0,1641,0,2958,1646,"Knox County",470313,65.4883024709077,0.163002274450341,34.8703948221716,4.67773589077912,16.3002274450341
2023-11-11,166658,24,121018,16,45640,8,130299,16,590998,64,721297,80,0,1641,0,2958,1646,"Knox County",470313,66.7640486229383,0.17014694508894,17.0099486937423,5.10298460812268,17.014694508894
2023-11-10,166634,35,121002,13,45632,22,130283,13,590934,102,721217,115,0,1641,0,2958,1646,"Knox County",470313,58.6843229934108,0.162926829268293,24.4518012472545,7.44185255351224,16.2926829268293
2023-11-09,166599,63,120989,39,45610,24,130270,37,590832,161,721102,198,0,1641,0,2958,1646,"Knox County",470313,63.9999319602052,0.165461121157324,42.0996230170121,13.395334596322,16.5461121157324
2023-11-08,166536,54,120950,32,45586,22,130233,32,590671,147,720904,179,0,1641,0,2958,1646,"Knox County",470313,67.4019216989537,0.170840787119857,38.0597602022483,11.481715368276,17.0840787119857
2023-11-07,166482,58,120918,28,45564,30,130201,29,590524,72,720725,101,0,1641,0,2958,1646,"Knox County",470313,69.7407896443432,0.178637200736648,21.4750602258496,12.3322128029631,17.8637200736648
2023-11-06,166424,35,120890,13,45534,22,130172,15,590452,81,720624,96,0,1641,0,2958,1646,"Knox County",470313,61.8736883734874,0.168274383708467,20.4119384324907,7.44185255351224,16.8274383708467
2023-11-05,166389,12,120877,5,45512,7,130157,5,590371,72,720528,77,0,1641,0,2958,1646,"Knox County",470313,59.7474447867697,0.173758865248227,16.3720756177269,2.55149230406134,17.3758865248227
2023-11-04,166377,21,120872,11,45505,10,130152,11,590299,94,720451,105,0,1641,0,2958,1646,"Knox County",470313,59.1095717107543,0.163030998851894,22.3255576605367,4.46511153210734,16.3030998851894
2023-11-03,166356,46,120861,27,45495,19,130141,26,590205,94,720346,120,0,1641,0,2958,1646,"Knox County",470313,61.4484396561439,0.176940639269406,25.5149230406134,9.7807204989018,17.6940639269406
2023-11-02,166310,39,120834,19,45476,20,130115,16,590111,99,720226,115,0,1641,0,2958,1646,"Knox County",470313,56.3454550480212,0.168978562421185,24.4518012472545,8.29234998819935,16.8978562421185
2023-11-01,166271,53,120815,35,45456,18,130099,35,590012,153,720111,188,1,1641,0,2958,1646,"Knox County",470313,56.1328306893494,0.170822942643392,39.9733794302943,11.2690910096042,17.0822942643392
2023-10-31,166218,34,120780,20,45438,14,130064,21,589859,64,719923,85,0,1640,0,2958,1646,"Knox County",470313,51.0298460812268,0.16412213740458,18.0730704871011,7.22922819484046,16.412213740458
2023-10-30,166184,40,120760,21,45424,19,130043,20,589795,73,719838,93,4,1640,0,2958,1646,"Knox County",470313,52.0929678745856,0.171136653895275,19.7740653564754,8.50497434687113,17.1136653895275
2023-10-29,166144,15,120739,7,45405,8,130023,8,589722,31,719745,39,0,1636,0,2958,1646,"Knox County",470313,52.730840950601,0.183892617449664,8.29234998819935,3.18936538007667,18.3892617449664
2023-10-28,166129,16,120732,4,45397,12,130015,5,589691,34,719706,39,0,1636,0,2958,1646,"Knox County",470313,51.6677191572421,0.192930780559647,8.29234998819935,3.40198973874845,19.2930780559647
2023-10-27,166113,50,120728,24,45385,26,130010,24,589657,136,719667,160,0,1636,0,2958,1646,"Knox County",470313,52.5182165919292,0.179415855354659,34.0198973874845,10.6312179335889,17.9415855354659
2023-10-26,166063,84,120704,48,45359,36,129986,49,589521,164,719507,213,0,1636,0,2958,1646,"Knox County",470313,62.0863127321592,0.19828641370869,45.2889883970888,17.8604461284294,19.828641370869
2023-10-25,165979,33,120656,20,45323,13,129937,22,589357,93,719294,115,0,1636,0,2958,1646,"Knox County",470313,57.8338255587237,0.200268817204301,24.4518012472545,7.01660383616868,20.0268817204301
2023-10-24,165946,44,120636,29,45310,15,129915,28,589264,94,719179,122,0,1636,0,2958,1646,"Knox County",470313,59.9600691454414,0.199743918053777,25.9401717579569,9.35547178155824,19.9743918053777
2023-10-23,165902,35,120607,11,45295,24,129887,11,589170,51,719057,62,0,1636,0,2958,1646,"Knox County",470313,58.8969473520825,0.196,13.1827102376502,7.44185255351224,19.6
2023-10-22,165867,19,120596,11,45271,8,129876,12,589119,93,718995,105,0,1636,0,2958,1646,"Knox County",470313,59.7474447867697,0.185049019607843,22.3255576605367,4.03986281476378,18.5049019607843
2023-10-21,165848,12,120585,4,45263,8,129864,4,589026,42,718890,46,0,1636,0,2958,1646,"Knox County",470313,58.8969473520825,0.182260024301337,9.7807204989018,2.55149230406134,18.2260024301337
2023-10-20,165836,27,120581,11,45255,16,129860,9,588984,65,718844,74,0,1636,0,2958,1646,"Knox County",470313,54.0065871026316,0.183175033921303,15.7342025417116,5.74085768413801,18.3175033921303
2023-10-19,165809,51,120570,31,45239,20,129851,31,588919,160,718770,191,1,1636,0,2958,1646,"Knox County",470313,46.989983266463,0.163636363636364,40.6112525063096,10.8438422922607,16.3636363636364
2023-10-18,165758,26,120539,17,45219,9,129820,18,588759,88,718579,106,0,1635,1,2958,1646,"Knox County",470313,45.5016127557605,0.160056657223796,22.5381820192085,5.52823332546623,16.0056657223796
2023-10-17,165732,18,120522,10,45210,8,129802,10,588671,84,718473,94,0,1635,0,2957,1646,"Knox County",470313,39.9733794302943,0.140117994100295,19.9866897151471,3.82723845609201,14.0117994100295
2023-10-16,165714,16,120512,10,45202,6,129792,11,588587,51,718379,62,0,1635,0,2957,1645,"Knox County",470313,35.9335166155305,0.140117994100295,13.1827102376502,3.40198973874845,14.0117994100295
2023-10-15,165698,13,120502,7,45196,6,129781,7,588536,40,718317,47,0,1635,0,2957,1645,"Knox County",470313,34.6577704634998,0.145161290322581,9.99334485757357,2.76411666273312,14.5161290322581
2023-10-14,165685,8,120495,4,45190,4,129774,3,588496,39,718270,42,0,1635,0,2957,1645,"Knox County",470313,33.8072730288127,0.14448051948052,8.93022306421468,1.70099486937423,14.448051948052
2023-10-13,165677,38,120491,23,45186,15,129771,21,588457,81,718228,102,0,1635,0,2957,1645,"Knox County",470313,36.1461409742023,0.156832298136646,21.6876845845214,8.07972562952757,15.6832298136646
2023-10-12,165639,32,120468,22,45171,10,129750,23,588376,145,718126,168,0,1635,0,2957,1645,"Knox County",470313,32.1062781594385,0.14975845410628,35.7208922568587,6.8039794774969,14.975845410628
2023-10-11,165607,33,120446,18,45161,15,129727,18,588231,105,717958,123,1,1635,0,2957,1645,"Knox County",470313,33.594648670141,0.14576802507837,26.1527961166287,7.01660383616868,14.576802507837
2023-10-10,165574,36,120428,20,45146,16,129709,22,588126,101,717835,123,0,1634,1,2957,1645,"Knox County",470313,37.421887126233,0.157421289355322,26.1527961166287,7.65447691218401,15.7421289355322
2023-10-09,165538,28,120408,15,45130,13,129687,15,588025,62,717712,77,0,1634,0,2956,1645,"Knox County",470313,39.9733794302943,0.159824046920821,16.3720756177269,5.95348204280979,15.9824046920821
2023-10-08,165510,20,120393,17,45117,3,129672,18,587963,56,717635,74,0,1634,0,2956,1645,"Knox County",470313,41.4617499409967,0.169252468265162,15.7342025417116,4.25248717343556,16.9252468265162
2023-10-07,165490,10,120376,7,45114,3,129654,7,587907,62,717561,69,0,1634,0,2956,1645,"Knox County",470313,41.8869986583403,0.168478260869565,14.6710807483527,2.12624358671778,16.8478260869565
2023-10-06,165480,26,120369,13,45111,13,129647,13,587845,51,717492,64,0,1634,0,2956,1645,"Knox County",470313,39.335506354279,0.166189111747851,13.6079589549938,5.52823332546623,16.6189111747851
2023-10-05,165454,52,120356,35,45098,17,129634,36,587794,159,717428,195,0,1634,0,2956,1645,"Knox County",470313,43.5879935277145,0.177931034482759,41.4617499409967,11.0564666509325,17.7931034482759
2023-10-04,165402,36,120321,21,45081,15,129598,22,587635,110,717233,132,1,1634,0,2956,1645,"Knox County",470313,44.2258666037299,0.181198910081744,28.0664153446747,7.65447691218401,18.1198910081744
2023-10-03,165366,30,120300,12,45066,18,129576,12,587525,55,717101,67,1,1633,0,2956,1645,"Knox County",470313,42.9501204516992,0.18141592920354,14.2458320310091,6.37873076015334,18.141592920354
2023-10-02,165336,37,120288,21,45048,16,129564,21,587470,75,717034,96,1,1632,0,2956,1645,"Knox County",470313,44.8637396797452,0.185078909612626,20.4119384324907,7.86710127085579,18.5078909612626
2023-10-01,165299,38,120267,22,45032,16,129543,24,587395,105,716938,129,0,1631,0,2956,1645,"Knox County",470313,48.6909781358372,0.179521276595745,27.4285422686594,8.07972562952757,17.9521276595745
2023-09-30,165261,0,120245,0,45016,0,129519,0,587290,0,716809,0,0,1631,0,2956,1645,"Knox County",470313,46.5647345491194,0.187408491947291,0,0,18.7408491947291
2023-09-29,165261,29,120245,20,45016,9,129519,20,587290,127,716809,147,0,1631,0,2956,1644,"Knox County",470313,47.2026076251348,0.176240208877285,31.2557807247514,6.16610640148157,17.6240208877285
2023-09-28,165232,28,120225,18,45007,10,129499,18,587163,118,716662,136,1,1631,0,2956,1643,"Knox County",470313,42.0996230170121,0.165487977369165,28.9169127793618,5.95348204280979,16.5487977369165
2023-09-27,165204,42,120207,28,44997,14,129481,29,587045,148,716526,177,4,1630,0,2956,1643,"Knox County",470313,43.3753691690427,0.164893617021277,37.6345114849047,8.93022306421468,16.4893617021277
2023-09-26,165162,51,120179,24,44983,27,129452,25,586897,91,716349,116,1,1626,0,2956,1643,"Knox County",470313,47.8404807011501,0.17103620474407,24.6644256059263,10.8438422922607,17.103620474407
2023-09-25,165111,52,120155,20,44956,32,129427,20,586806,54,716233,74,0,1625,0,2956,1643,"Knox County",470313,51.0298460812268,0.174582798459564,15.7342025417116,11.0564666509325,17.4582798459564
2023-09-24,165059,52,120135,22,44924,30,129407,22,586752,95,716159,117,0,1625,0,2956,1643,"Knox County",470313,54.0065871026316,0.17470664928292,24.877049964598,11.0564666509325,17.470664928292
2023-09-23,165007,0,120113,0,44894,0,129385,0,586657,0,716042,0,0,1625,0,2956,1641,"Knox County",470313,54.0065871026316,0.17470664928292,0,0,17.470664928292
2023-09-22,165007,28,120113,11,44894,17,129385,11,586657,60,716042,71,0,1625,0,2956,1641,"Knox County",470313,53.7939627439599,0.180897250361794,15.0963294656962,5.95348204280979,18.0897250361794
2023-09-21,164979,56,120102,36,44877,20,129374,37,586597,143,715971,180,0,1625,0,2956,1641,"Knox County",470313,59.7474447867697,0.195918367346939,38.2723845609201,11.9069640856196,19.5918367346939
2023-09-20,164923,48,120066,23,44857,25,129337,23,586454,152,715791,175,0,1625,0,2956,1641,"Knox County",470313,61.0231909388003,0.188267394270123,37.2092627675612,10.2059692162454,18.8267394270123
2023-09-19,164875,72,120043,34,44832,38,129314,36,586302,143,715616,179,0,1625,0,2956,1641,"Knox County",470313,65.4883024709077,0.187185929648241,38.0597602022483,15.308953824368,18.7185929648241
2023-09-18,164803,40,120009,20,44794,20,129278,21,586159,66,715437,87,0,1625,0,2956,1639,"Knox County",470313,62.9368101668463,0.185414091470952,18.4983192044447,8.50497434687113,18.5414091470952
2023-09-17,164763,43,119989,27,44774,16,129257,29,586093,112,715350,141,0,1625,0,2956,1639,"Knox County",470313,61.0231909388003,0.188475390156062,29.9800345727207,9.14284742288646,18.8475390156062
2023-09-16,164720,0,119962,0,44758,0,129228,0,585981,0,715209,0,0,1625,0,2956,1637,"Knox County",470313,61.0231909388003,0.188475390156062,0,0,18.8475390156062
2023-09-15,164720,30,119962,10,44758,20,129228,11,585981,61,715209,72,0,1625,0,2956,1637,"Knox County",470313,61.4484396561439,0.188249400479616,15.308953824368,6.37873076015334,18.8249400479616
2023-09-14,164690,36,119952,15,44738,21,129217,15,585920,82,715137,97,0,1625,1,2956,1636,"Knox County",470313,57.1959524827083,0.179760319573901,20.6245627911625,7.65447691218401,17.9760319573901
2023-09-13,164654,94,119937,55,44717,39,129202,56,585838,206,715040,262,2,1625,0,2955,1636,"Knox County",470313,66.9766729816101,0.200477326968974,55.7075819720059,19.9866897151471,20.0477326968974
2023-09-12,164560,59,119882,28,44678,31,129146,28,585632,83,714778,111,0,1623,2,2955,1636,"Knox County",470313,64.212556318877,0.207792207792208,23.6013038125674,12.5448371616349,20.7792207792208
2023-09-11,164501,137,119854,61,44647,76,129118,74,585549,245,714667,319,0,1623,1,2953,1636,"Knox County",470313,84.8371191100395,0.212574850299401,67.8271704162972,29.1295371380336,21.2574850299401
2023-09-10,164364,0,119793,0,44571,0,129044,0,585304,0,714348,0,0,1623,0,2952,1636,"Knox County",470313,75.694271687153,0.213704994192799,0,0,21.3704994192799
2023-09-09,164364,0,119793,0,44571,0,129044,0,585304,0,714348,0,0,1623,0,2952,1635,"Knox County",470313,75.694271687153,0.213704994192799,0,0,21.3704994192799
2023-09-08,164364,60,119793,28,44571,32,129044,29,585304,85,714348,114,0,1623,0,2952,1635,"Knox County",470313,82.0730024473064,0.223698781838317,24.2391768885827,12.7574615203067,22.3698781838317
2023-09-07,164304,87,119765,61,44539,26,129015,63,585219,221,714234,284,0,1623,0,2952,1635,"Knox County",470313,92.916844739567,0.229357798165138,60.385317862785,18.4983192044447,22.9357798165138
2023-09-06,164217,88,119704,39,44513,49,128952,42,584998,158,713950,200,5,1623,0,2952,1634,"Knox County",470313,91.6410985875364,0.229571984435798,42.5248717343556,18.7109435631165,22.9571984435798
2023-09-05,164129,78,119665,43,44464,35,128910,43,584840,128,713750,171,0,1618,0,2952,1634,"Knox County",470313,95.6809614023002,0.230698529411765,36.3587653328741,16.5846999763987,23.0698529411765
2023-09-04,164051,38,119622,25,44429,13,128867,25,584712,85,713579,110,0,1618,0,2952,1634,"Knox County",470313,74.6311498937941,0.229806598407281,23.3886794538956,8.07972562952757,22.9806598407281
2023-09-03,164013,25,119597,11,44416,14,128842,11,584627,49,713469,60,0,1618,1,2952,1634,"Knox County",470313,79.9467588605886,0.226837060702875,12.7574615203067,5.31560896679445,22.6837060702875
2023-09-02,163988,28,119586,18,44402,10,128831,21,584578,74,713409,95,0,1618,0,2951,1634,"Knox County",470313,85.9002409033984,0.226305609284333,20.1993140738189,5.95348204280979,22.6305609284333
2023-09-01,163960,73,119568,51,44392,22,128810,49,584504,153,713314,202,0,1618,0,2951,1633,"Knox County",470313,88.6643575661315,0.226381461675579,42.9501204516992,15.5215781830398,22.6381461675579
2023-08-31,163887,103,119517,69,44370,34,128761,70,584351,137,713112,207,0,1618,1,2951,1633,"Knox County",470313,92.0663473048799,0.249760765550239,44.0132422450581,21.9003089431931,24.9760765550239
2023-08-30,163784,68,119448,30,44336,38,128691,30,584214,99,712905,129,0,1618,0,2950,1633,"Knox County",470313,87.8138601314444,0.25564681724846,27.4285422686594,14.4584563896809,25.564681724846
2023-08-29,163716,66,119418,45,44298,21,128661,45,584115,111,712776,156,0,1618,0,2950,1633,"Knox County",470313,85.262367827383,0.261730969760167,33.1693999527974,14.0332076723374,26.1730969760167
2023-08-28,163650,78,119373,42,44277,36,128616,42,584004,83,712620,125,0,1618,1,2950,1633,"Knox County",470313,93.7673421742542,0.275154004106776,26.5780448339723,16.5846999763987,27.5154004106776
2023-08-27,163572,31,119331,12,44241,19,128574,12,583921,61,712495,73,0,1618,0,2949,1633,"Knox County",470313,95.0430883262848,0.272543059777102,15.5215781830398,6.59135511882512,27.2543059777102
2023-08-26,163541,34,119319,10,44222,24,128562,10,583860,48,712422,58,0,1618,0,2949,1631,"Knox County",470313,96.3188344783155,0.271578947368421,12.3322128029631,7.22922819484046,27.1578947368421
2023-08-25,163507,99,119309,50,44198,49,128552,50,583812,117,712364,167,0,1618,0,2949,1631,"Knox County",470313,101.847067803782,0.283060109289618,35.508267898187,21.049811508506,28.3060109289618
2023-08-24,163408,85,119259,60,44149,25,128502,60,583695,221,712197,281,-2,1618,0,2949,1628,"Knox County",470313,98.0198293476897,0.251769464105157,59.7474447867697,18.0730704871011,25.1769464105157
2023-08-23,163323,75,119199,41,44124,34,128442,41,583474,133,711916,174,0,1620,0,2949,1627,"Knox County",470313,99.5081998583922,0.251450676982592,36.9966384088894,15.9468269003834,25.1450676982592
2023-08-22,163248,68,119158,38,44090,30,128401,38,583341,90,711742,128,0,1620,0,2949,1627,"Knox County",470313,99.9334485757357,0.251491053677932,27.2159179099876,14.4584563896809,25.1491053677932
2023-08-21,163180,56,119120,26,44060,30,128363,26,583251,60,711614,86,0,1620,0,2949,1627,"Knox County",470313,95.2557126849566,0.245087900723888,18.2856948457729,11.9069640856196,24.5087900723888
2023-08-20,163124,23,119094,12,44030,11,128337,12,583191,37,711528,49,0,1620,1,2949,1627,"Knox County",470313,93.5547178155824,0.251325556733828,10.4185935749171,4.8903602494509,25.1325556733828
2023-08-19,163101,48,119082,25,44019,23,128325,25,583154,78,711479,103,0,1620,1,2948,1627,"Knox County",470313,96.5314588369873,0.255060728744939,21.9003089431931,10.2059692162454,25.5060728744939
2023-08-18,163053,68,119057,43,43996,25,128300,46,583076,133,711376,179,0,1620,0,2947,1627,"Knox County",470313,89.9401037181622,0.248,38.0597602022483,14.4584563896809,24.8
2023-08-17,162985,45,119014,29,43971,16,128254,30,582943,111,711197,141,0,1620,1,2947,1627,"Knox County",470313,81.435129371291,0.253488372093023,29.9800345727207,9.56809614023002,25.3488372093023
2023-08-16,162940,29,118985,23,43955,6,128224,24,582832,57,711056,81,0,1620,0,2946,1626,"Knox County",470313,71.6544088723892,0.262059973924381,17.222573052414,6.16610640148157,26.2059973924381
2023-08-15,162911,50,118962,26,43949,24,128200,26,582775,78,710975,104,0,1620,0,2946,1626,"Knox County",470313,67.8271704162972,0.254374158815612,22.1129333018649,10.6312179335889,25.4374158815612
2023-08-14,162861,55,118936,27,43925,28,128174,26,582697,51,710871,77,1,1620,0,2946,1626,"Knox County",470313,67.6145460576255,0.257493188010899,16.3720756177269,11.6943397269478,25.7493188010899
2023-08-13,162806,19,118909,9,43897,10,128148,9,582646,25,710794,34,0,1619,1,2946,1626,"Knox County",470313,66.7640486229383,0.258692628650904,7.22922819484046,4.03986281476378,25.8692628650904
2023-08-12,162787,32,118900,19,43887,13,128139,19,582621,51,710760,70,0,1619,0,2945,1626,"Knox County",470313,63.3620588841899,0.262390670553936,14.8837051070245,6.8039794774969,26.2390670553936
2023-08-11,162755,24,118881,8,43874,16,128120,8,582570,41,710690,49,0,1619,0,2945,1626,"Knox County",470313,54.0065871026316,0.255395683453237,10.4185935749171,5.10298460812268,25.5395683453237
2023-08-10,162731,35,118873,21,43858,14,128112,21,582529,51,710641,72,0,1619,1,2945,1626,"Knox County",470313,51.8803435159139,0.273100616016427,15.308953824368,7.44185255351224,27.3100616016427
2023-08-09,162696,34,118852,25,43844,9,128091,25,582478,107,710569,132,0,1619,0,2944,1626,"Knox County",470313,52.9434653092728,0.24907063197026,28.0664153446747,7.22922819484046,24.907063197026
2023-08-08,162662,31,118827,13,43835,18,128066,13,582371,51,710437,64,0,1619,0,2944,1626,"Knox County",470313,48.903602494509,0.242971887550201,13.6079589549938,6.59135511882512,24.2971887550201
2023-08-07,162631,35,118814,19,43817,16,128053,19,582320,32,710373,51,0,1619,0,2944,1626,"Knox County",470313,44.6511153210734,0.241525423728814,10.8438422922607,7.44185255351224,24.1525423728814
2023-08-06,162596,15,118795,12,43801,3,128034,12,582288,27,710322,39,0,1619,0,2944,1626,"Knox County",470313,43.8006178863863,0.245283018867925,8.29234998819935,3.18936538007667,24.5283018867925
2023-08-05,162581,20,118783,17,43798,3,128022,18,582261,35,710283,53,0,1619,0,2944,1626,"Knox County",470313,41.249125582325,0.252173913043478,11.2690910096042,4.25248717343556,25.2173913043478
2023-08-04,162561,31,118766,19,43795,12,128004,19,582226,113,710230,132,0,1619,0,2944,1626,"Knox County",470313,42.7374960930274,0.233885819521179,28.0664153446747,6.59135511882512,23.3885819521179
2023-08-03,162530,35,118747,11,43783,24,127985,11,582113,43,710098,54,0,1619,1,2944,1626,"Knox County",470313,42.7374960930274,0.222857142857143,11.481715368276,7.44185255351224,22.2857142857143
2023-08-02,162495,20,118736,12,43759,8,127974,12,582070,38,710044,50,0,1619,1,2943,1626,"Knox County",470313,39.7607550716225,0.234762979683973,10.6312179335889,4.25248717343556,23.4762979683973
2023-08-01,162475,39,118724,24,43751,15,127962,24,582032,40,709994,64,1,1619,0,2942,1626,"Knox County",470313,41.4617499409967,0.259593679458239,13.6079589549938,8.29234998819935,25.9593679458239
2023-07-31,162436,16,118700,4,43736,12,127938,4,581992,41,709930,45,0,1618,0,2942,1626,"Knox County",470313,37.421887126233,0.22883295194508,9.56809614023002,3.40198973874845,22.883295194508
2023-07-30,162420,11,118696,5,43724,6,127934,4,581951,26,709885,30,0,1618,0,2942,1625,"Knox County",470313,36.5713896915458,0.214953271028037,6.37873076015334,2.33886794538956,21.4953271028037
2023-07-29,162409,10,118691,8,43718,2,127930,8,581925,28,709855,36,0,1618,0,2942,1625,"Knox County",470313,34.4451461048281,0.199513381995134,7.65447691218401,2.12624358671778,19.9513381995134
2023-07-28,162399,35,118683,26,43716,9,127922,27,581897,87,709819,114,0,1618,0,2942,1625,"Knox County",470313,35.2956435395152,0.229007633587786,24.2391768885827,7.44185255351224,22.9007633587786
2023-07-27,162364,25,118657,14,43707,11,127895,12,581810,35,709705,47,0,1618,0,2942,1625,"Knox County",470313,33.1693999527974,0.235751295336788,9.99334485757357,5.31560896679445,23.5751295336788
2023-07-26,162339,23,118643,16,43696,7,127883,15,581775,72,709658,87,0,1618,0,2942,1625,"Knox County",470313,33.8072730288127,0.222222222222222,18.4983192044447,4.8903602494509,22.2222222222222
2023-07-25,162316,25,118627,13,43689,12,127868,14,581703,41,709571,55,0,1618,0,2942,1625,"Knox County",470313,30.8305320074078,0.202898550724638,11.6943397269478,5.31560896679445,20.2898550724638
2023-07-24,162291,16,118614,10,43677,6,127854,9,581662,22,709516,31,0,1618,0,2942,1625,"Knox County",470313,30.8305320074078,0.2225,6.59135511882512,3.40198973874845,22.25
2023-07-23,162275,16,118604,12,43671,4,127845,12,581640,38,709485,50,0,1618,0,2942,1624,"Knox County",470313,31.8936538007667,0.230952380952381,10.6312179335889,3.40198973874845,23.0952380952381
2023-07-22,162259,8,118592,3,43667,5,127833,3,581602,20,709435,23,0,1618,0,2942,1624,"Knox County",470313,31.4684050834232,0.226044226044226,4.8903602494509,1.70099486937423,22.6044226044226
2023-07-21,162251,26,118589,11,43662,15,127830,12,581582,32,709412,44,0,1618,0,2942,1624,"Knox County",470313,29.5547858553772,0.228486646884273,9.35547178155824,5.52823332546623,22.8486646884273
2023-07-20,162225,19,118578,13,43647,6,127818,12,581550,27,709368,39,0,1618,1,2942,1624,"Knox County",470313,28.2790397033465,0.234042553191489,8.29234998819935,4.03986281476378,23.4042553191489
2023-07-19,162206,17,118565,12,43641,5,127806,12,581523,39,709329,51,0,1618,0,2941,1624,"Knox County",470313,27.0032935513158,0.252559726962457,10.8438422922607,3.61461409742023,25.2559726962457
2023-07-18,162189,24,118553,14,43636,10,127794,14,581484,123,709278,137,0,1618,0,2941,1624,"Knox County",470313,26.790669192644,0.197333333333333,29.1295371380336,5.10298460812268,19.7333333333333
2023-07-17,162165,24,118539,11,43626,13,127780,11,581361,38,709141,49,0,1618,0,2941,1624,"Knox County",470313,28.4916640620183,0.193384223918575,10.4185935749171,5.10298460812268,19.3384223918575
2023-07-16,162141,6,118528,4,43613,2,127769,4,581323,26,709092,30,0,1618,0,2941,1624,"Knox County",470313,26.3654204753005,0.18230563002681,6.37873076015334,1.27574615203067,18.230563002681
2023-07-15,162135,8,118524,5,43611,3,127765,5,581297,28,709062,33,0,1618,0,2941,1624,"Knox County",470313,26.3654204753005,0.182767624020888,7.01660383616868,1.70099486937423,18.2767624020888
2023-07-14,162127,12,118519,5,43608,7,127760,5,581269,28,709029,33,0,1618,0,2941,1624,"Knox County",470313,23.3886794538956,0.169354838709677,7.01660383616868,2.55149230406134,16.9354838709677
2023-07-13,162115,9,118514,3,43601,6,127755,5,581241,32,708996,37,1,1618,0,2941,1624,"Knox County",470313,21.2624358671778,0.151351351351351,7.86710127085579,1.913619228046,15.1351351351351
2023-07-12,162106,4,118511,2,43595,2,127750,2,581209,26,708959,28,0,1617,0,2941,1624,"Knox County",470313,18.4983192044447,0.132564841498559,5.95348204280979,0.850497434687113,13.2564841498559
2023-07-11,162102,5,118509,4,43593,1,127748,4,581183,36,708931,40,0,1617,0,2941,1624,"Knox County",470313,14.4584563896809,0.144,8.50497434687113,1.06312179335889,14.4
2023-07-10,162097,9,118505,3,43592,6,127744,3,581147,26,708891,29,0,1617,0,2941,1624,"Knox County",470313,11.2690910096042,0.121739130434783,6.16610640148157,1.913619228046,12.1739130434783
2023-07-09,162088,4,118502,3,43586,1,127741,4,581121,24,708862,28,0,1617,0,2941,1624,"Knox County",470313,10.8438422922607,0.12280701754386,5.95348204280979,0.850497434687113,12.280701754386
2023-07-08,162084,3,118499,0,43585,3,127737,0,581097,24,708834,24,0,1617,0,2941,1624,"Knox County",470313,9.7807204989018,0.105022831050228,5.10298460812268,0.637873076015334,10.5022831050228
2023-07-07,162081,9,118499,4,43582,5,127737,5,581073,39,708810,44,0,1617,0,2941,1624,"Knox County",470313,9.14284742288646,0.1,9.35547178155824,1.913619228046,10
2023-07-06,162072,6,118495,3,43577,3,127732,3,581034,37,708766,40,0,1617,0,2941,1624,"Knox County",470313,8.50497434687113,0.0901287553648069,8.50497434687113,1.27574615203067,9.01287553648069
2023-07-05,162066,14,118492,8,43574,6,127729,10,580997,56,708726,66,0,1617,0,2941,1624,"Knox County",470313,10.6312179335889,0.107011070110701,14.0332076723374,2.97674102140489,10.7011070110701
2023-07-04,162052,8,118484,5,43568,3,127719,6,580941,29,708660,35,0,1617,0,2941,1623,"Knox County",470313,11.2690910096042,0.116541353383459,7.44185255351224,1.70099486937423,11.6541353383459
2023-07-03,162044,13,118479,10,43565,3,127713,9,580912,30,708625,39,0,1617,0,2941,1623,"Knox County",470313,12.1195884442914,0.134057971014493,8.29234998819935,2.76411666273312,13.4057971014493
2023-07-02,162031,6,118469,2,43562,4,127704,2,580882,22,708586,24,0,1617,0,2941,1623,"Knox County",470313,12.5448371616349,0.128676470588235,5.10298460812268,1.27574615203067,12.8676470588235
2023-07-01,162025,2,118467,2,43558,0,127702,2,580860,19,708562,21,0,1617,0,2941,1623,"Knox County",470313,12.3322128029631,0.137546468401487,4.46511153210734,0.425248717343556,13.7546468401487
2023-06-30,162023,12,118465,4,43558,8,127700,4,580841,29,708541,33,0,1617,0,2941,1623,"Knox County",470313,12.9700858789785,0.13953488372093,7.01660383616868,2.55149230406134,13.953488372093
2023-06-29,162011,10,118461,6,43550,4,127696,6,580812,76,708508,82,0,1617,0,2941,1623,"Knox County",470313,13.8205833136656,0.13,17.4351974110858,2.12624358671778,13
2023-06-28,162001,13,118455,6,43546,7,127690,6,580736,58,708426,64,0,1617,0,2941,1623,"Knox County",470313,13.6079589549938,0.11744966442953,13.6079589549938,2.76411666273312,11.744966442953
2023-06-27,161988,8,118449,5,43539,3,127684,7,580678,23,708362,30,0,1617,0,2941,1623,"Knox County",470313,13.6079589549938,0.122866894197952,6.37873076015334,1.70099486937423,12.2866894197952
2023-06-26,161980,10,118444,2,43536,8,127677,3,580655,35,708332,38,0,1617,0,2941,1623,"Knox County",470313,12.9700858789785,0.102739726027397,8.07972562952757,2.12624358671778,10.2739726027397
2023-06-25,161970,7,118442,2,43528,5,127674,2,580620,24,708294,26,0,1617,0,2941,1623,"Knox County",470313,13.1827102376502,0.102040816326531,5.52823332546623,1.48837051070245,10.2040816326531
2023-06-24,161963,10,118440,4,43523,6,127672,5,580596,68,708268,73,0,1617,0,2941,1623,"Knox County",470313,14.8837051070245,0.0953757225433526,15.5215781830398,2.12624358671778,9.53757225433526
2023-06-23,161953,14,118436,6,43517,8,127667,6,580528,32,708195,38,0,1617,0,2941,1623,"Knox County",470313,15.308953824368,0.0997150997150997,8.07972562952757,2.97674102140489,9.97150997150997
2023-06-22,161939,17,118430,7,43509,10,127661,8,580496,35,708157,43,0,1617,0,2941,1623,"Knox County",470313,16.7973243350705,0.118589743589744,9.14284742288646,3.61461409742023,11.8589743589744
2023-06-21,161922,14,118423,8,43499,6,127653,8,580461,84,708114,92,0,1617,0,2941,1623,"Knox County",470313,17.0099486937423,0.114705882352941,19.5614409978036,2.97674102140489,11.4705882352941
2023-06-20,161908,18,118415,9,43493,9,127645,10,580377,44,708022,54,1,1617,0,2941,1623,"Knox County",470313,19.13619228046,0.115384615384615,11.481715368276,3.82723845609201,11.5384615384615
2023-06-19,161890,3,118406,1,43484,2,127635,1,580333,23,707968,24,0,1616,0,2941,1623,"Knox County",470313,17.6478217697576,0.114285714285714,5.10298460812268,0.637873076015334,11.4285714285714
2023-06-18,161887,2,118405,0,43482,2,127634,0,580310,18,707944,18,0,1616,0,2941,1623,"Knox County",470313,16.5846999763987,0.111111111111111,3.82723845609201,0.425248717343556,11.1111111111111
2023-06-17,161885,1,118405,0,43480,1,127634,0,580292,25,707926,25,0,1616,0,2941,1623,"Knox County",470313,14.6710807483527,0.112244897959184,5.31560896679445,0.212624358671778,11.2244897959184
2023-06-16,161884,32,118405,5,43479,27,127634,5,580267,31,707901,36,0,1616,0,2941,1623,"Knox County",470313,18.4983192044447,0.10958904109589,7.65447691218401,6.8039794774969,10.958904109589
2023-06-15,161852,5,118400,4,43452,1,127629,7,580236,34,707865,41,1,1616,0,2941,1623,"Knox County",470313,15.9468269003834,0.106896551724138,8.7175987055429,1.06312179335889,10.6896551724138
2023-06-14,161847,11,118396,6,43451,5,127622,7,580202,42,707824,49,0,1615,0,2941,1623,"Knox County",470313,15.308953824368,0.121457489878543,10.4185935749171,2.33886794538956,12.1457489878543
2023-06-13,161836,17,118390,5,43446,12,127615,7,580160,28,707775,35,0,1615,0,2941,1623,"Knox County",470313,15.0963294656962,0.118421052631579,7.44185255351224,3.61461409742023,11.8421052631579
2023-06-12,161819,8,118385,2,43434,6,127608,3,580132,54,707740,57,0,1615,0,2941,1623,"Knox County",470313,16.1594512590551,0.111111111111111,12.1195884442914,1.70099486937423,11.1111111111111
2023-06-11,161811,6,118383,0,43428,6,127605,0,580078,21,707683,21,0,1615,0,2941,1623,"Knox County",470313,17.0099486937423,0.109848484848485,4.46511153210734,1.27574615203067,10.9848484848485
2023-06-10,161805,6,118383,1,43422,5,127605,1,580057,25,707662,26,0,1615,0,2941,1623,"Knox County",470313,18.0730704871011,0.113207547169811,5.52823332546623,1.27574615203067,11.3207547169811
2023-06-09,161799,6,118382,1,43417,5,127604,1,580032,34,707636,35,0,1615,0,2941,1623,"Knox County",470313,12.5448371616349,0.0984848484848485,7.44185255351224,1.27574615203067,9.84848484848485
2023-06-08,161793,17,118381,7,43412,10,127603,8,579998,30,707601,38,0,1615,0,2941,1622,"Knox County",470313,15.0963294656962,0.103448275862069,8.07972562952757,3.61461409742023,10.3448275862069
2023-06-07,161776,7,118374,2,43402,5,127595,2,579968,39,707563,41,0,1615,0,2941,1621,"Knox County",470313,14.2458320310091,0.0869565217391304,8.7175987055429,1.48837051070245,8.69565217391304
2023-06-06,161769,11,118372,7,43397,4,127593,8,579929,62,707522,70,0,1615,0,2941,1621,"Knox County",470313,12.9700858789785,0.0798611111111111,14.8837051070245,2.33886794538956,7.98611111111111
2023-06-05,161758,5,118365,0,43393,5,127585,3,579867,38,707452,41,0,1615,0,2941,1621,"Knox County",470313,12.3322128029631,0.0845588235294118,8.7175987055429,1.06312179335889,8.45588235294118
2023-06-04,161753,6,118365,3,43388,3,127582,3,579829,19,707411,22,0,1615,0,2941,1621,"Knox County",470313,12.3322128029631,0.0952380952380952,4.67773589077912,1.27574615203067,9.52380952380952
2023-06-03,161747,6,118362,4,43385,2,127579,4,579810,75,707389,79,0,1615,0,2941,1621,"Knox County",470313,12.3322128029631,0.0889570552147239,16.7973243350705,1.27574615203067,8.89570552147239
2023-06-02,161741,20,118358,6,43383,14,127575,10,579735,40,707310,50,0,1615,0,2941,1621,"Knox County",470313,15.308953824368,0.111436950146628,10.6312179335889,4.25248717343556,11.1436950146628
2023-06-01,161721,10,118352,2,43369,8,127565,3,579695,53,707260,56,1,1615,0,2941,1621,"Knox County",470313,13.8205833136656,0.0919220055710306,11.9069640856196,2.12624358671778,9.19220055710306
2023-05-31,161711,21,118350,13,43361,8,127562,13,579642,51,707204,64,0,1614,1,2941,1621,"Knox County",470313,16.7973243350705,0.115183246073298,13.6079589549938,4.46511153210734,11.5183246073298
2023-05-30,161690,10,118337,4,43353,6,127549,7,579591,39,707140,46,2,1614,0,2940,1621,"Knox County",470313,16.5846999763987,0.120111731843575,9.7807204989018,2.12624358671778,12.0111731843575
2023-05-29,161680,6,118333,3,43347,3,127542,3,579552,19,707094,22,0,1612,1,2940,1621,"Knox County",470313,16.7973243350705,0.126843657817109,4.67773589077912,1.27574615203067,12.6843657817109
2023-05-28,161674,5,118330,1,43344,4,127539,1,579533,28,707072,29,0,1612,0,2939,1621,"Knox County",470313,16.5846999763987,0.11849710982659,6.16610640148157,1.06312179335889,11.849710982659
2023-05-27,161669,4,118329,1,43340,3,127538,1,579505,18,707043,19,0,1612,0,2939,1621,"Knox County",470313,16.1594512590551,0.132867132867133,4.03986281476378,0.850497434687113,13.2867132867133
2023-05-26,161665,5,118328,4,43337,1,127537,4,579487,29,707024,33,2,1612,0,2939,1621,"Knox County",470313,12.9700858789785,0.118959107806691,7.01660383616868,1.06312179335889,11.8959107806691
2023-05-25,161660,21,118324,12,43336,9,127533,11,579458,59,706991,70,0,1610,0,2939,1621,"Knox County",470313,15.308953824368,0.141342756183746,14.8837051070245,4.46511153210734,14.1342756183746
2023-05-24,161639,21,118312,12,43327,9,127522,13,579399,94,706921,107,-1,1610,0,2939,1621,"Knox County",470313,15.308953824368,0.122699386503067,22.7508063778803,4.46511153210734,12.2699386503067
2023-05-23,161618,16,118300,7,43318,9,127509,7,579305,36,706814,43,0,1611,0,2939,1621,"Knox County",470313,16.5846999763987,0.123839009287926,9.14284742288646,3.40198973874845,12.3839009287926
2023-05-22,161602,11,118293,4,43309,7,127502,6,579269,30,706771,36,0,1611,0,2939,1620,"Knox County",470313,17.6478217697576,0.127596439169139,7.65447691218401,2.33886794538956,12.7596439169139
2023-05-21,161591,3,118289,1,43302,2,127496,1,579239,24,706735,25,1,1611,0,2939,1620,"Knox County",470313,17.222573052414,0.129129129129129,5.31560896679445,0.637873076015334,12.9129129129129
2023-05-20,161588,5,118288,1,43300,4,127495,1,579215,25,706710,26,0,1610,0,2939,1620,"Knox County",470313,17.4351974110858,0.126470588235294,5.52823332546623,1.06312179335889,12.6470588235294
2023-05-19,161583,19,118287,7,43296,12,127494,8,579190,91,706684,99,0,1610,0,2939,1620,"Knox County",470313,20.4119384324907,0.11576354679803,21.049811508506,4.03986281476378,11.576354679803
2023-05-18,161564,8,118280,2,43284,6,127486,3,579099,42,706585,45,0,1610,0,2939,1620,"Knox County",470313,17.6478217697576,0.102362204724409,9.56809614023002,1.70099486937423,10.2362204724409
2023-05-17,161556,12,118278,9,43278,3,127483,9,579057,72,706540,81,-1,1610,0,2939,1620,"Knox County",470313,15.7342025417116,0.0985915492957746,17.222573052414,2.55149230406134,9.85915492957746
2023-05-16,161544,15,118269,7,43275,8,127474,7,578985,42,706459,49,0,1611,0,2939,1620,"Knox County",470313,15.5215781830398,0.0969529085872576,10.4185935749171,3.18936538007667,9.69529085872576
2023-05-15,161529,28,118262,9,43267,19,127467,10,578943,90,706410,100,0,1611,0,2939,1620,"Knox County",470313,19.13619228046,0.0917647058823529,21.2624358671778,5.95348204280979,9.17647058823529
2023-05-14,161501,1,118253,0,43248,1,127457,0,578853,29,706310,29,0,1611,0,2939,1620,"Knox County",470313,18.7109435631165,0.0885780885780886,6.16610640148157,0.212624358671778,8.85780885780886
2023-05-13,161500,6,118253,1,43247,5,127457,1,578824,30,706281,31,0,1611,0,2939,1620,"Knox County",470313,18.9235679217883,0.0875576036866359,6.59135511882512,1.27574615203067,8.75576036866359
2023-05-12,161494,24,118252,13,43242,11,127456,12,578794,104,706250,116,0,1611,0,2939,1619,"Knox County",470313,19.9866897151471,0.0931263858093126,24.6644256059263,5.10298460812268,9.31263858093126
2023-05-11,161470,12,118239,2,43231,10,127444,2,578690,57,706134,59,1,1611,0,2939,1619,"Knox County",470313,20.8371871498343,0.0881720430107527,12.5448371616349,2.55149230406134,8.81720430107527
2023-05-10,161458,20,118237,13,43221,7,127442,13,578633,111,706075,124,0,1610,0,2939,1619,"Knox County",470313,22.5381820192085,0.0885826771653543,26.3654204753005,4.25248717343556,8.85826771653543
2023-05-09,161438,25,118224,18,43214,7,127429,18,578522,148,705951,166,0,1610,0,2939,1618,"Knox County",470313,24.6644256059263,0.0896,35.2956435395152,5.31560896679445,8.96
2023-05-08,161413,21,118206,10,43207,11,127411,11,578374,49,705785,60,0,1610,0,2939,1618,"Knox County",470313,23.1760550952238,0.0974358974358974,12.7574615203067,4.46511153210734,9.74358974358974
2023-05-07,161392,4,118196,2,43196,2,127400,2,578325,22,705725,24,0,1610,0,2939,1618,"Knox County",470313,23.8139281712392,0.101724137931034,5.10298460812268,0.850497434687113,10.1724137931034
2023-05-06,161388,15,118194,12,43194,3,127398,12,578303,143,705701,155,0,1610,0,2939,1617,"Knox County",470313,25.7275473992852,0.0994318181818182,32.9567755941256,3.18936538007667,9.94318181818182
2023-05-05,161373,14,118182,12,43191,2,127386,12,578160,143,705546,155,0,1610,0,2939,1617,"Knox County",470313,23.6013038125674,0.0942126514131898,32.9567755941256,2.97674102140489,9.42126514131898
2023-05-04,161359,11,118170,6,43189,5,127374,5,578017,71,705391,76,1,1610,0,2939,1617,"Knox County",470313,23.3886794538956,0.0960526315789474,16.1594512590551,2.33886794538956,9.60526315789474
2023-05-03,161348,14,118164,9,43184,5,127369,11,577946,109,705315,120,0,1609,0,2939,1617,"Knox County",470313,22.1129333018649,0.0939153439153439,25.5149230406134,2.97674102140489,9.39153439153439
2023-05-02,161334,19,118155,5,43179,14,127358,5,577837,38,705195,43,0,1609,0,2939,1617,"Knox County",470313,20.8371871498343,0.0916271721958926,9.14284742288646,4.03986281476378,9.16271721958926
2023-05-01,161315,18,118150,11,43165,7,127353,10,577799,153,705152,163,0,1609,1,2939,1617,"Knox County",470313,20.1993140738189,0.077445652173913,34.6577704634998,3.82723845609201,7.7445652173913
2023-04-30,161297,19,118139,14,43158,5,127343,14,577646,83,704989,97,0,1609,0,2938,1617,"Knox County",470313,23.3886794538956,0.0852904820766378,20.6245627911625,4.03986281476378,8.52904820766378
2023-04-29,161278,6,118125,0,43153,6,127329,0,577563,25,704892,25,0,1609,1,2938,1617,"Knox County",470313,21.4750602258496,0.0839469808541973,5.31560896679445,1.27574615203067,8.39469808541973
2023-04-28,161272,12,118125,3,43147,9,127329,3,577538,92,704867,95,0,1609,0,2937,1617,"Knox County",470313,21.049811508506,0.0775444264943457,20.1993140738189,2.55149230406134,7.75444264943457
2023-04-27,161260,22,118122,9,43138,13,127326,9,577446,156,704772,165,0,1609,0,2937,1617,"Knox County",470313,23.3886794538956,0.0734463276836158,35.0830191808434,4.67773589077912,7.34463276836158
2023-04-26,161238,12,118113,3,43125,9,127317,3,577290,44,704607,47,0,1609,0,2937,1617,"Knox County",470313,22.963430736552,0.0692913385826772,9.99334485757357,2.55149230406134,6.92913385826772
2023-04-25,161226,18,118110,5,43116,13,127314,5,577246,32,704560,37,0,1609,0,2937,1616,"Knox County",470313,22.7508063778803,0.0699523052464229,7.86710127085579,3.82723845609201,6.99523052464229
2023-04-24,161208,17,118105,10,43103,7,127309,11,577214,74,704523,85,0,1609,0,2937,1616,"Knox County",470313,22.5381820192085,0.0816696914700544,18.0730704871011,3.61461409742023,8.16696914700544
2023-04-23,161191,12,118095,9,43096,3,127298,9,577140,94,704438,103,0,1609,0,2937,1615,"Knox County",470313,21.049811508506,0.0718132854578097,21.9003089431931,2.55149230406134,7.18132854578097
2023-04-22,161179,5,118086,0,43093,5,127289,1,577046,37,704335,38,0,1609,0,2937,1615,"Knox County",470313,20.8371871498343,0.0719298245614035,8.07972562952757,1.06312179335889,7.19298245614035
2023-04-21,161174,15,118086,6,43088,9,127288,6,577009,80,704297,86,0,1609,0,2937,1614,"Knox County",470313,21.4750602258496,0.0784313725490196,18.2856948457729,3.18936538007667,7.84313725490196
2023-04-20,161159,19,118080,10,43079,9,127282,10,576929,129,704211,139,0,1609,0,2937,1614,"Knox County",470313,20.8371871498343,0.0841121495327103,29.5547858553772,4.03986281476378,8.41121495327103
2023-04-19,161140,12,118070,5,43070,7,127272,6,576800,83,704072,89,0,1609,0,2937,1613,"Knox County",470313,20.8371871498343,0.0831889081455806,18.9235679217883,2.55149230406134,8.31889081455806
2023-04-18,161128,16,118065,9,43063,7,127266,10,576717,86,703983,96,0,1609,0,2937,1613,"Knox County",470313,20.4119384324907,0.0833333333333333,20.4119384324907,3.40198973874845,8.33333333333333
2023-04-17,161112,17,118056,7,43056,10,127256,5,576631,53,703887,58,0,1609,0,2937,1613,"Knox County",470313,20.4119384324907,0.077175697865353,12.3322128029631,3.61461409742023,7.7175697865353
2023-04-16,161095,7,118049,4,43046,3,127251,3,576578,74,703829,77,0,1609,0,2937,1613,"Knox County",470313,19.3488166391318,0.0703259005145798,16.3720756177269,1.48837051070245,7.03259005145798
2023-04-15,161088,18,118045,3,43043,15,127248,3,576504,32,703752,35,0,1609,0,2937,1613,"Knox County",470313,22.1129333018649,0.0741379310344828,7.44185255351224,3.82723845609201,7.41379310344828
2023-04-14,161070,23,118042,10,43028,13,127245,10,576472,127,703717,137,0,1609,0,2937,1613,"Knox County",470313,23.8139281712392,0.0744849445324881,29.1295371380336,4.8903602494509,7.44849445324881
2023-04-13,161047,20,118032,10,43015,10,127235,10,576345,103,703580,113,0,1609,0,2937,1613,"Knox County",470313,24.0265525299109,0.0776859504132231,24.0265525299109,4.25248717343556,7.76859504132231
2023-04-12,161027,36,118022,22,43005,14,127225,21,576242,161,703467,182,0,1609,2,2937,1613,"Knox County",470313,29.1295371380336,0.0888252148997135,38.6976332782636,7.65447691218401,8.88252148997135
2023-04-11,160991,20,118000,7,42991,13,127204,7,576081,64,703285,71,1,1609,0,2935,1613,"Knox County",470313,29.9800345727207,0.087667161961367,15.0963294656962,4.25248717343556,8.7667161961367
2023-04-10,160971,27,117993,20,42978,7,127197,21,576017,101,703214,122,0,1608,0,2935,1613,"Knox County",470313,32.1062781594385,0.101763907734057,25.9401717579569,5.74085768413801,10.1763907734057
2023-04-09,160944,2,117973,1,42971,1,127176,1,575916,34,703092,35,0,1608,0,2935,1613,"Knox County",470313,31.0431563660796,0.105035971223022,7.44185255351224,0.425248717343556,10.5035971223022
2023-04-08,160942,7,117972,1,42970,6,127175,1,575882,44,703057,45,0,1608,0,2935,1612,"Knox County",470313,28.70428842069,0.100709219858156,9.56809614023002,1.48837051070245,10.0709219858156
2023-04-07,160935,10,117971,4,42964,6,127174,5,575838,76,703012,81,0,1608,0,2935,1612,"Knox County",470313,25.9401717579569,0.101694915254237,17.222573052414,2.12624358671778,10.1694915254237
2023-04-06,160925,23,117967,15,42958,8,127169,16,575762,114,702931,130,0,1608,0,2935,1611,"Knox County",470313,26.5780448339723,0.108108108108108,27.6411666273312,4.8903602494509,10.8108108108108
2023-04-05,160902,35,117952,23,42950,12,127153,23,575648,200,702801,223,0,1608,0,2935,1611,"Knox County",470313,26.3654204753005,0.104667609618105,47.4152319838065,7.44185255351224,10.4667609618105
2023-04-04,160867,32,117929,10,42938,22,127130,10,575448,122,702578,132,4,1608,0,2935,1610,"Knox County",470313,28.9169127793618,0.100260416666667,28.0664153446747,6.8039794774969,10.0260416666667
2023-04-03,160835,22,117919,12,42916,10,127120,12,575326,108,702446,120,0,1604,0,2935,1610,"Knox County",470313,27.8537909860029,0.0887728459530026,25.5149230406134,4.67773589077912,8.87728459530026
2023-04-02,160813,16,117907,3,42906,13,127108,4,575218,33,702326,37,0,1604,0,2935,1610,"Knox County",470313,30.8305320074078,0.0924479166666667,7.86710127085579,3.40198973874845,9.24479166666667
2023-04-01,160797,10,117904,4,42893,6,127104,4,575185,29,702289,33,0,1604,0,2935,1610,"Knox County",470313,31.4684050834232,0.0978835978835979,7.01660383616868,2.12624358671778,9.78835978835979
2023-03-31,160787,30,117900,15,42887,15,127100,15,575156,244,702256,259,0,1604,0,2935,1609,"Knox County",470313,35.7208922568587,0.0899357601713062,55.0697088959905,6.37873076015334,8.99357601713062
2023-03-30,160757,27,117885,15,42872,12,127085,15,574912,76,701997,91,0,1604,0,2935,1609,"Knox County",470313,36.5713896915458,0.0927374301675978,19.3488166391318,5.74085768413801,9.27374301675978
2023-03-29,160730,26,117870,11,42860,15,127070,11,574836,102,701906,113,2,1604,0,2935,1609,"Knox County",470313,34.6577704634998,0.0904458598726115,24.0265525299109,5.52823332546623,9.04458598726115
2023-03-28,160704,34,117859,17,42845,17,127059,21,574734,85,701793,106,0,1602,0,2935,1609,"Knox County",470313,35.0830191808434,0.108036890645586,22.5381820192085,7.22922819484046,10.8036890645586
2023-03-27,160670,27,117842,10,42828,17,127038,11,574649,82,701687,93,0,1602,0,2935,1609,"Knox County",470313,36.1461409742023,0.110655737704918,19.7740653564754,5.74085768413801,11.0655737704918
2023-03-26,160643,22,117832,17,42811,5,127027,18,574567,102,701594,120,0,1602,1,2935,1609,"Knox County",470313,37.421887126233,0.116564417177914,25.5149230406134,4.67773589077912,11.6564417177914
2023-03-25,160621,15,117815,6,42806,9,127009,6,574465,47,701474,53,0,1602,0,2934,1609,"Knox County",470313,38.4850089195918,0.116167664670659,11.2690910096042,3.18936538007667,11.6167664670659
2023-03-24,160606,23,117809,14,42797,9,127003,14,574418,105,701421,119,0,1602,0,2934,1609,"Knox County",470313,36.9966384088894,0.138129496402878,25.3022986819416,4.8903602494509,13.8129496402878
2023-03-23,160583,50,117795,37,42788,13,126989,37,574313,244,701302,281,0,1602,0,2934,1608,"Knox County",470313,41.8869986583403,0.133333333333333,59.7474447867697,10.6312179335889,13.3333333333333
2023-03-22,160533,19,117758,10,42775,9,126952,11,574069,60,701021,71,0,1602,0,2934,1608,"Knox County",470313,40.3986281476379,0.139976275207592,15.0963294656962,4.03986281476378,13.9976275207592
2023-03-21,160514,35,117748,18,42766,17,126941,19,574009,149,700950,168,0,1602,0,2934,1608,"Knox County",470313,40.6112525063096,0.12817679558011,35.7208922568587,7.44185255351224,12.817679558011
2023-03-20,160479,35,117730,19,42749,16,126922,22,573860,161,700782,183,0,1602,0,2934,1608,"Knox County",470313,42.3122473756839,0.127638190954774,38.9102576369354,7.44185255351224,12.7638190954774
2023-03-19,160444,2,117711,0,42733,2,126900,1,573699,42,700599,43,0,1602,0,2934,1608,"Knox County",470313,38.0597602022483,0.119825708061002,9.14284742288646,0.425248717343556,11.9825708061002
2023-03-18,160442,10,117711,7,42731,3,126899,6,573657,47,700556,53,0,1602,1,2934,1608,"Knox County",470313,36.9966384088894,0.119825708061002,11.2690910096042,2.12624358671778,11.9825708061002
2023-03-17,160432,32,117704,15,42728,17,126893,16,573610,82,700503,98,0,1602,1,2933,1608,"Knox County",470313,38.9102576369354,0.124860646599777,20.8371871498343,6.8039794774969,12.4860646599777
2023-03-16,160400,33,117689,18,42711,15,126877,19,573528,173,700405,192,0,1602,0,2932,1606,"Knox County",470313,35.2956435395152,0.116336633663366,40.8238768649814,7.01660383616868,11.6336633663366
2023-03-15,160367,26,117671,12,42696,14,126858,13,573355,131,700213,144,-1,1602,0,2932,1606,"Knox County",470313,36.7840140502176,0.108967082860386,30.6179076487361,5.52823332546623,10.8967082860386
2023-03-14,160341,23,117659,10,42682,13,126845,10,573224,58,700069,68,3,1603,0,2932,1606,"Knox County",470313,34.2325217461563,0.111395646606914,14.4584563896809,4.8903602494509,11.1395646606914
2023-03-13,160318,33,117649,22,42669,11,126835,22,573166,158,700001,180,0,1600,0,2932,1606,"Knox County",470313,33.8072730288127,0.111825192802057,38.2723845609201,7.01660383616868,11.1825192802057
2023-03-12,160285,9,117627,3,42658,6,126813,3,573008,38,699821,41,0,1600,0,2932,1606,"Knox County",470313,35.2956435395152,0.114690721649485,8.7175987055429,1.913619228046,11.4690721649485
2023-03-11,160276,11,117624,3,42652,8,126810,3,572970,48,699780,51,0,1600,0,2932,1606,"Knox County",470313,35.508267898187,0.111111111111111,10.8438422922607,2.33886794538956,11.1111111111111
2023-03-10,160265,36,117621,21,42644,15,126807,21,572922,174,699729,195,0,1600,0,2932,1606,"Knox County",470313,36.3587653328741,0.104477611940299,41.4617499409967,7.65447691218401,10.4477611940298
2023-03-09,160229,42,117600,21,42629,21,126786,22,572748,175,699534,197,-2,1600,0,2932,1606,"Knox County",470313,38.2723845609201,0.107305936073059,41.8869986583403,8.93022306421468,10.7305936073059
2023-03-08,160187,37,117579,15,42608,22,126764,15,572573,138,699337,153,2,1602,1,2932,1606,"Knox County",470313,40.6112525063096,0.108474576271186,32.5315268767821,7.86710127085579,10.8474576271186
2023-03-07,160150,27,117564,6,42586,21,126749,6,572435,53,699184,59,0,1600,0,2931,1606,"Knox County",470313,41.4617499409967,0.105022831050228,12.5448371616349,5.74085768413801,10.5022831050228
2023-03-06,160123,73,117558,32,42565,41,126743,32,572382,190,699125,222,0,1600,0,2931,1606,"Knox County",470313,49.9667242878679,0.111111111111111,47.2026076251348,15.5215781830398,11.1111111111111
2023-03-05,160050,18,117526,5,42524,13,126711,6,572192,60,698903,66,0,1600,0,2931,1606,"Knox County",470313,51.8803435159139,0.111346765641569,14.0332076723374,3.82723845609201,11.1346765641569
2023-03-04,160032,14,117521,5,42511,9,126705,5,572132,62,698837,67,0,1600,0,2931,1606,"Knox County",470313,52.5182165919292,0.111574556830031,14.2458320310091,2.97674102140489,11.1574556830031
2023-03-03,160018,48,117516,16,42502,32,126700,17,572070,111,698770,128,4,1600,0,2931,1606,"Knox County",470313,55.0697088959905,0.115470852017937,27.2159179099876,10.2059692162454,11.5470852017937
2023-03-02,159970,44,117500,15,42470,29,126683,16,571959,148,698642,164,1,1596,0,2931,1606,"Knox County",470313,55.4949576133341,0.112922002328289,34.8703948221716,9.35547178155824,11.2922002328289
2023-03-01,159926,61,117485,27,42441,34,126667,31,571811,130,698478,161,0,1595,0,2931,1605,"Knox County",470313,60.5979422214568,0.130334486735871,34.2325217461563,12.9700858789785,13.0334486735871
2023-02-28,159865,52,117458,22,42407,30,126636,22,571681,90,698317,112,0,1595,1,2931,1605,"Knox County",470313,65.9135511882512,0.140217391304348,23.8139281712392,11.0564666509325,14.0217391304348
2023-02-27,159813,101,117436,38,42377,63,126614,41,571591,241,698205,282,0,1595,1,2930,1605,"Knox County",470313,71.867033231061,0.140816326530612,59.9600691454414,21.4750602258496,14.0816326530612
2023-02-26,159712,15,117398,9,42314,6,126573,11,571350,52,697923,63,0,1595,1,2929,1604,"Knox County",470313,71.2291601550457,0.146366427840328,13.395334596322,3.18936538007667,14.6366427840328
2023-02-25,159697,34,117389,24,42308,10,126562,25,571298,106,697860,131,0,1595,0,2928,1604,"Knox County",470313,75.4816473284812,0.156580211335255,27.8537909860029,7.22922819484046,15.6580211335255
2023-02-24,159663,73,117365,30,42298,43,126537,37,571192,158,697729,195,0,1595,0,2928,1604,"Knox County",470313,80.7972562952757,0.165162454873646,41.4617499409967,15.5215781830398,16.5162454873646
2023-02-23,159590,84,117335,46,42255,38,126500,49,571034,265,697534,314,0,1595,0,2928,1604,"Knox County",470313,89.3022306421468,0.171701112877583,66.7640486229383,17.8604461284294,17.1701112877583
2023-02-22,159506,92,117289,42,42217,50,126451,43,570769,134,697220,177,1,1595,0,2928,1604,"Knox County",470313,95.893585760972,0.178963893249608,37.6345114849047,19.5614409978036,17.8963893249608
2023-02-21,159414,106,117247,56,42167,50,126408,62,570635,274,697043,336,0,1594,0,2928,1604,"Knox County",470313,107.375301129248,0.17890520694259,71.4417845137175,22.5381820192085,17.890520694259
2023-02-20,159308,97,117191,71,42117,26,126346,71,570361,360,696707,431,0,1594,0,2928,1603,"Knox County",470313,106.524803694561,0.18093503339405,91.6410985875364,20.6245627911625,18.093503339405
2023-02-19,159211,42,117120,18,42091,24,126275,17,570001,56,696276,73,0,1594,0,2928,1602,"Knox County",470313,112.265661378699,0.183464091732046,15.5215781830398,8.93022306421468,18.3464091732046
2023-02-18,159169,34,117102,18,42067,16,126258,18,569945,77,696203,95,0,1594,1,2928,1602,"Knox County",470313,112.265661378699,0.183220234423196,20.1993140738189,7.22922819484046,18.3220234423196
2023-02-17,159135,110,117084,63,42051,47,126240,67,569868,212,696108,279,0,1594,0,2927,1602,"Knox County",470313,120.132762649555,0.191788856304985,59.3221960694261,23.3886794538956,19.1788856304985
2023-02-16,159025,92,117021,38,42004,54,126173,39,569656,163,695829,202,6,1594,0,2927,1601,"Knox County",470313,121.833757518929,0.198995605775267,42.9501204516992,19.5614409978036,19.8995605775267
2023-02-15,158933,114,116983,58,41950,56,126134,62,569493,281,695627,343,0,1588,1,2927,1601,"Knox County",470313,126.511493409708,0.191017623649801,72.9301550244199,24.2391768885827,19.1017623649801
2023-02-14,158819,72,116925,25,41894,47,126072,26,569212,60,695284,86,0,1588,0,2926,1600,"Knox County",470313,119.282265214868,0.198807157057654,18.2856948457729,15.308953824368,19.8807157057654
2023-02-13,158747,125,116900,61,41847,64,126046,61,569152,161,695198,222,0,1588,0,2926,1600,"Knox County",470313,125.235747257677,0.223076923076923,47.2026076251348,26.5780448339723,22.3076923076923
2023-02-12,158622,72,116839,34,41783,38,125985,37,568991,118,694976,155,0,1588,0,2926,1599,"Knox County",470313,131.614478017831,0.224312590448625,32.9567755941256,15.308953824368,22.4312590448625
2023-02-11,158550,66,116805,27,41745,39,125948,28,568873,91,694821,119,0,1588,0,2926,1599,"Knox County",470313,138.418457495328,0.227596017069701,25.3022986819416,14.0332076723374,22.7596017069701
2023-02-10,158484,115,116778,72,41706,43,125920,72,568782,253,694702,325,0,1588,0,2926,1599,"Knox County",470313,139.481579288686,0.223829201101928,69.1029165683279,24.4518012472545,22.3829201101928
2023-02-09,158369,129,116706,66,41663,63,125848,68,568529,208,694377,276,0,1588,0,2926,1599,"Knox County",470313,147.348680559542,0.231979030144168,58.6843229934108,27.4285422686594,23.1979030144168
2023-02-08,158240,169,116640,109,41600,60,125780,111,568321,289,694101,400,3,1588,0,2926,1598,"Knox County",470313,159.04302028649,0.254579911560328,85.0497434687113,35.9335166155305,25.4579911560329
2023-02-07,158071,112,116531,35,41540,77,125669,33,568032,81,693701,114,1,1585,0,2926,1598,"Knox County",470313,167.547994633361,0.254500310366232,24.2391768885827,23.8139281712392,25.4500310366232
2023-02-06,157959,133,116496,61,41463,72,125636,62,567951,105,693587,167,0,1584,1,2926,1597,"Knox County",470313,169.248989502735,0.26413881748072,35.508267898187,28.2790397033465,26.413881748072
2023-02-05,157826,65,116435,17,41391,48,125574,19,567846,73,693420,92,0,1584,0,2925,1595,"Knox County",470313,167.760618992033,0.263228399196249,19.5614409978036,13.8205833136656,26.3228399196249
2023-02-04,157761,35,116418,16,41343,19,125555,17,567773,103,693328,120,0,1584,0,2925,1595,"Knox County",470313,161.169263873208,0.255689424364123,25.5149230406134,7.44185255351224,25.5689424364123
2023-02-03,157726,115,116402,56,41324,59,125538,55,567670,157,693208,212,6,1584,0,2925,1595,"Knox County",470313,161.169263873208,0.264301230992035,45.076364038417,24.4518012472545,26.4301230992035
2023-02-02,157611,241,116346,179,41265,62,125483,198,567513,549,692996,747,0,1578,0,2925,1595,"Knox County",470313,184.983192044447,0.267278617710583,158.830395927818,51.2424704398985,26.7278617710583
2023-02-01,157370,139,116167,50,41203,89,125285,50,566964,109,692249,159,3,1578,1,2925,1595,"Knox County",470313,178.604461284294,0.269397889509621,33.8072730288127,29.5547858553772,26.9397889509621
2023-01-31,157231,126,116117,51,41114,75,125235,52,566855,183,692090,235,0,1575,1,2924,1595,"Knox County",470313,181.581202305699,0.261547344110855,49.9667242878679,26.790669192644,26.1547344110854
2023-01-30,157105,94,116066,44,41039,50,125183,46,566672,125,691855,171,0,1575,0,2923,1595,"Knox County",470313,173.288852317499,0.251728110599078,36.3587653328741,19.9866897151471,25.1728110599078
2023-01-29,157011,38,116022,14,40989,24,125137,16,566547,69,691684,85,0,1575,0,2923,1592,"Knox County",470313,167.547994633361,0.251012145748988,18.0730704871011,8.07972562952757,25.1012145748988
2023-01-28,156973,36,116008,17,40965,19,125121,18,566478,66,691599,84,0,1575,0,2923,1590,"Knox County",470313,167.760618992033,0.256940342587123,17.8604461284294,7.65447691218401,25.6940342587123
2023-01-27,156937,107,115991,57,40946,50,125103,59,566412,159,691515,218,0,1575,0,2923,1589,"Knox County",470313,166.059624122659,0.2583872866392,46.3521101904476,22.7508063778803,25.83872866392
2023-01-26,156830,81,115934,36,40896,45,125044,38,566253,108,691297,146,0,1575,0,2923,1587,"Knox County",470313,132.039726735174,0.254098360655738,31.0431563660796,17.222573052414,25.4098360655738
2023-01-25,156749,110,115898,44,40851,66,125006,44,566145,174,691151,218,3,1575,0,2923,1586,"Knox County",470313,125.873620333693,0.235955056179775,46.3521101904476,23.3886794538956,23.5955056179775
2023-01-24,156639,95,115854,33,40785,62,124962,32,565971,95,690933,127,0,1572,2,2923,1586,"Knox County",470313,119.282265214868,0.241182078169685,27.0032935513158,20.1993140738189,24.1182078169685
2023-01-23,156544,116,115821,62,40723,54,124930,64,565876,140,690806,204,4,1572,1,2921,1585,"Knox County",470313,123.960001105647,0.250462107208872,43.3753691690427,24.6644256059263,25.0462107208872
2023-01-22,156428,20,115759,3,40669,17,124866,2,565736,50,690602,52,0,1568,0,2920,1583,"Knox County",470313,120.132762649555,0.244995233555767,11.0564666509325,4.25248717343556,24.4995233555767
2023-01-21,156408,28,115756,10,40652,18,124864,10,565686,58,690550,68,0,1568,0,2920,1583,"Knox County",470313,118.43176778018,0.241045498547919,14.4584563896809,5.95348204280979,24.1045498547919
2023-01-20,156380,79,115746,47,40634,32,124854,49,565628,147,690482,196,0,1568,1,2920,1583,"Knox County",470313,112.478285737371,0.236399604352127,41.6743742996685,16.7973243350705,23.6399604352127
2023-01-19,156301,89,115699,26,40602,63,124805,27,565481,65,690286,92,0,1568,0,2919,1580,"Knox County",470313,114.179280606745,0.238244514106583,19.5614409978036,18.9235679217883,23.8244514106583
2023-01-18,156212,68,115673,45,40539,23,124778,48,565416,140,690194,188,1,1568,0,2919,1579,"Knox County",470313,105.24905754253,0.250269687162891,39.9733794302943,14.4584563896809,25.0269687162891
2023-01-17,156144,94,115628,37,40516,57,124730,39,565276,143,690006,182,0,1567,0,2919,1579,"Knox County",470313,105.036433183858,0.243380855397149,38.6976332782636,19.9866897151471,24.3380855397149
2023-01-16,156050,73,115591,26,40459,47,124691,25,565133,64,689824,89,0,1567,2,2919,1577,"Knox County",470313,95.893585760972,0.230680507497116,18.9235679217883,15.5215781830398,23.0680507497116
2023-01-15,155977,22,115565,12,40412,10,124666,12,565069,72,689735,84,0,1567,1,2917,1577,"Knox County",470313,96.3188344783155,0.233592880978865,17.8604461284294,4.67773589077912,23.3592880978865
2023-01-14,155955,18,115553,8,40402,10,124654,9,564997,56,689651,65,0,1567,0,2916,1577,"Knox County",470313,94.1925908915977,0.233258928571429,13.8205833136656,3.82723845609201,23.3258928571429
2023-01-13,155937,103,115545,61,40392,42,124645,66,564941,188,689586,254,4,1567,1,2916,1577,"Knox County",470313,99.2955754997204,0.236897274633124,54.0065871026317,21.9003089431931,23.6897274633124
2023-01-12,155834,76,115484,34,40350,42,124579,33,564753,150,689332,183,3,1563,1,2915,1576,"Knox County",470313,96.5314588369873,0.22200956937799,38.9102576369354,16.1594512590551,22.200956937799
2023-01-11,155758,89,115450,44,40308,45,124546,46,564603,147,689149,193,2,1560,1,2914,1576,"Knox County",470313,100.996570369095,0.219047619047619,41.0365012236532,18.9235679217883,21.9047619047619
2023-01-10,155669,80,115406,31,40263,49,124500,34,564456,133,688956,167,0,1558,0,2913,1576,"Knox County",470313,98.0198293476897,0.217391304347826,35.508267898187,17.0099486937423,21.7391304347826
2023-01-09,155589,83,115375,34,40214,49,124466,34,564323,132,688789,166,2,1558,1,2913,1575,"Knox County",470313,100.146072934408,0.210431654676259,35.2956435395152,17.6478217697576,21.0431654676259
2023-01-08,155506,44,115341,7,40165,37,124432,8,564191,51,688623,59,1,1556,0,2912,1573,"Knox County",470313,104.823808825187,0.211591536338546,12.5448371616349,9.35547178155824,21.1591536338546
2023-01-07,155462,42,115334,23,40128,19,124424,24,564140,94,688564,118,0,1555,1,2912,1573,"Knox County",470313,109.926793433309,0.214912280701754,25.0896743232698,8.93022306421468,21.4912280701754
2023-01-06,155420,104,115311,45,40109,59,124400,47,564046,166,688446,213,0,1555,1,2911,1572,"Knox County",470313,110.139417791981,0.205641492265696,45.2889883970888,22.1129333018649,20.5641492265696
2023-01-05,155316,175,115266,103,40050,72,124353,108,563880,348,688233,456,1,1555,0,2910,1571,"Knox County",470313,131.189229300487,0.219387755102041,96.9567075543308,37.2092627675612,21.9387755102041
2023-01-04,155141,166,115163,59,39978,107,124245,60,563532,148,687777,208,0,1554,1,2910,1571,"Knox County",470313,147.561304918214,0.227108868060562,44.2258666037299,35.2956435395152,22.7108868060562
2023-01-03,154975,108,115104,19,39871,89,124185,25,563384,74,687569,99,0,1554,0,2909,1571,"Knox County",470313,153.514786961024,0.23199393479909,21.049811508506,22.963430736552,23.199393479909
2023-01-02,154867,65,115085,31,39782,34,124160,32,563310,99,687470,131,0,1554,0,2909,1571,"Knox County",470313,149.687548504932,0.236760124610592,27.8537909860029,13.8205833136656,23.6760124610592
2023-01-01,154802,53,115054,21,39748,32,124128,21,563211,89,687339,110,0,1554,0,2909,1568,"Knox County",470313,151.601167732978,0.237453183520599,23.3886794538956,11.2690910096042,23.7453183520599
2022-12-31,154749,39,115033,16,39716,23,124107,15,563122,107,687229,122,0,1554,0,2909,1568,"Knox County",470313,150.963294656962,0.230022404779686,25.9401717579569,8.29234998819935,23.0022404779686
2022-12-30,154710,91,115017,27,39693,64,124092,26,563015,63,687107,89,0,1554,2,2909,1566,"Knox County",470313,148.199177994229,0.236213991769547,18.9235679217883,19.3488166391318,23.6213991769547
2022-12-29,154619,91,114990,27,39629,64,124066,25,562952,117,687018,142,2,1554,0,2907,1564,"Knox County",470313,130.3387318658,0.226415094339623,30.1926589313925,19.3488166391318,22.6415094339623
2022-12-28,154528,99,114963,51,39565,48,124041,52,562835,117,686876,169,1,1552,0,2907,1564,"Knox County",470313,116.092899834791,0.22737819025522,35.9335166155305,21.049811508506,22.737819025522
2022-12-27,154429,144,114912,43,39517,101,123989,42,562718,48,686707,90,0,1551,1,2907,1564,"Knox County",470313,123.747376746975,0.249706916764361,19.13619228046,30.6179076487361,24.9706916764361
2022-12-26,154285,30,114869,9,39416,21,123947,8,562670,60,686617,68,0,1551,0,2906,1564,"Knox County",470313,116.305524193463,0.239240506329114,14.4584563896809,6.37873076015334,23.9240506329114
2022-12-25,154255,18,114860,10,39395,8,123939,13,562610,65,686549,78,0,1551,0,2906,1563,"Knox County",470313,108.86367163995,0.238786279683377,16.5846999763987,3.82723845609201,23.8786279683377
2022-12-24,154237,24,114850,7,39387,17,123926,6,562545,52,686471,58,0,1551,0,2906,1563,"Knox County",470313,105.674306259874,0.247838616714697,12.3322128029631,5.10298460812268,24.7838616714697
2022-12-23,154213,56,114843,16,39370,40,123920,15,562493,98,686413,113,0,1551,1,2906,1563,"Knox County",470313,98.2324537063615,0.224233983286908,24.0265525299109,11.9069640856196,22.4233983286908
2022-12-22,154157,90,114827,47,39330,43,123905,47,562395,199,686300,246,0,1551,3,2905,1562,"Knox County",470313,98.0198293476897,0.222627737226277,52.3055922332574,19.13619228046,22.2627737226277
2022-12-21,154067,109,114780,57,39287,52,123858,58,562196,243,686054,301,0,1551,0,2902,1561,"Knox County",470313,100.146072934408,0.19811320754717,63.9999319602052,23.1760550952238,19.811320754717
2022-12-20,153958,98,114723,41,39235,57,123800,38,561953,132,685753,170,-1,1551,1,2902,1560,"Knox County",470313,90.3653524355057,0.178916827852998,36.1461409742023,20.8371871498343,17.8916827852998
2022-12-19,153860,102,114682,54,39178,48,123762,57,561821,127,685583,184,0,1552,0,2901,1559,"Knox County",470313,105.674306259874,0.203478260869565,39.1228819956072,21.6876845845214,20.3478260869565
2022-12-18,153758,15,114628,5,39130,10,123705,7,561694,57,685399,64,0,1552,0,2901,1559,"Knox County",470313,105.036433183858,0.200704225352113,13.6079589549938,3.18936538007667,20.0704225352113
2022-12-17,153743,41,114623,12,39120,29,123698,12,561637,53,685335,65,0,1552,0,2901,1558,"Knox County",470313,108.651047281279,0.204724409448819,13.8205833136656,8.7175987055429,20.4724409448819
2022-12-16,153702,93,114611,52,39091,41,123686,52,561584,251,685270,303,1,1552,2,2901,1557,"Knox County",470313,116.518148552134,0.203300825206302,64.4251806775488,19.7740653564754,20.3300825206302
2022-12-15,153609,114,114559,56,39050,58,123634,56,561333,142,684967,198,0,1551,1,2899,1557,"Knox County",470313,121.621133160257,0.217898832684825,42.0996230170121,24.2391768885827,21.7898832684825
2022-12-14,153495,63,114503,27,38992,36,123578,28,561191,136,684769,164,0,1551,0,2898,1557,"Knox County",470313,111.840412661355,0.217770034843206,34.8703948221716,13.395334596322,21.7770034843206
2022-12-13,153432,115,114476,68,38956,47,123550,71,561055,279,684605,350,0,1551,1,2898,1556,"Knox County",470313,115.455026758776,0.213102409638554,74.4185255351224,24.4518012472545,21.3102409638554
2022-12-12,153317,121,114408,71,38909,50,123479,70,560776,305,684255,375,0,1551,0,2897,1555,"Knox County",470313,119.494889573539,0.19486504279131,79.7341345019168,25.7275473992852,19.486504279131
2022-12-11,153196,40,114337,19,38859,21,123409,19,560471,77,683880,96,0,1551,0,2897,1555,"Knox County",470313,124.810498540334,0.198581560283688,20.4119384324907,8.50497434687113,19.8581560283688
2022-12-10,153156,23,114318,11,38838,12,123390,11,560394,73,683784,84,0,1551,0,2897,1555,"Knox County",470313,120.983260084242,0.195541401273885,17.8604461284294,4.8903602494509,19.5541401273885
2022-12-09,153133,78,114307,43,38826,35,123379,44,560321,243,683700,287,0,1551,0,2897,1554,"Knox County",470313,117.793894704165,0.192406692406692,61.0231909388003,16.5846999763987,19.2406692406692
2022-12-08,153055,95,114264,56,38791,39,123335,57,560078,288,683413,345,0,1551,1,2897,1554,"Knox County",470313,113.754031889401,0.17636684303351,73.3554037417635,20.1993140738189,17.636684303351
2022-12-07,152960,104,114208,59,38752,45,123278,60,559790,307,683068,367,1,1551,0,2896,1554,"Knox County",470313,122.471630594944,0.17436974789916,78.0331396325426,22.1129333018649,17.436974789916
2022-12-06,152856,79,114149,55,38707,24,123218,57,559483,265,682701,322,1,1550,0,2896,1554,"Knox County",470313,114.81715368276,0.169509594882729,68.4650434923126,16.7973243350705,16.9509594882729
2022-12-05,152777,110,114094,54,38683,56,123161,50,559218,271,682379,321,0,1549,0,2896,1554,"Knox County",470313,112.478285737371,0.163556531284303,68.2524191336408,23.3886794538956,16.3556531284303
2022-12-04,152667,18,114040,9,38627,9,123111,10,558947,62,682058,72,0,1549,0,2896,1554,"Knox County",470313,107.800549846592,0.160734149054505,15.308953824368,3.82723845609201,16.0734149054505
2022-12-03,152649,31,114031,16,38618,15,123101,16,558885,116,681986,132,0,1549,0,2896,1554,"Knox County",470313,109.501544715966,0.159263271939328,28.0664153446747,6.59135511882512,15.9263271939328
2022-12-02,152618,91,114015,57,38603,34,123085,57,558769,403,681854,460,0,1549,0,2896,1554,"Knox County",470313,112.265661378699,0.152055473006439,97.807204989018,19.3488166391318,15.2055473006439
2022-12-01,152527,91,113958,46,38569,45,123028,50,558366,292,681394,342,6,1549,0,2896,1554,"Knox County",470313,111.415163944012,0.148809523809524,72.7175306657481,19.3488166391318,14.8809523809524
2022-11-30,152436,80,113912,47,38524,33,122978,47,558074,407,681052,454,1,1543,1,2896,1554,"Knox County",470313,106.312179335889,0.136471707085116,96.5314588369873,17.0099486937423,13.6471707085117
2022-11-29,152356,89,113865,58,38491,31,122931,57,557667,334,680598,391,0,1542,0,2895,1554,"Knox County",470313,108.438422922607,0.132136279926335,83.1361242406653,18.9235679217883,13.2136279926335
2022-11-28,152267,75,113807,31,38460,44,122874,31,557333,260,680207,291,0,1542,0,2895,1554,"Knox County",470313,100.996570369095,0.125116713352007,61.8736883734874,15.9468269003834,12.5116713352007
2022-11-27,152192,42,113776,4,38416,38,122843,5,557073,111,679916,116,0,1542,0,2895,1552,"Knox County",470313,106.099554977217,0.120311070448307,24.6644256059263,8.93022306421468,12.0311070448307
2022-11-26,152150,27,113772,7,38378,20,122838,7,556962,48,679800,55,0,1542,0,2895,1552,"Knox County",470313,105.24905754253,0.120436225699384,11.6943397269478,5.74085768413801,12.0436225699384
2022-11-25,152123,35,113765,15,38358,20,122831,15,556914,91,679745,106,0,1542,1,2895,1552,"Knox County",470313,93.3420934569106,0.120797720797721,22.5381820192085,7.44185255351224,12.0797720797721
2022-11-24,152088,14,113750,6,38338,8,122816,7,556823,93,679639,100,0,1542,1,2894,1552,"Knox County",470313,76.9700178391837,0.111698612029081,21.2624358671778,2.97674102140489,11.1698612029081
2022-11-23,152074,62,113744,31,38330,31,122809,31,556730,241,679539,272,0,1542,0,2893,1552,"Knox County",470313,73.1427793830917,0.114951164537941,57.8338255587237,13.1827102376502,11.4951164537941
2022-11-22,152012,63,113713,33,38299,30,122778,32,556489,210,679267,242,1,1542,0,2893,1552,"Knox County",470313,67.6145460576255,0.1082910321489,51.4550947985703,13.395334596322,10.82910321489
2022-11-21,151949,69,113680,15,38269,54,122746,18,556279,122,679025,140,0,1541,1,2893,1552,"Knox County",470313,66.3387999055948,0.111542192046557,29.7674102140489,14.6710807483527,11.1542192046557
2022-11-20,151880,20,113665,15,38215,5,122728,16,556157,80,678885,96,0,1541,0,2892,1551,"Knox County",470313,61.6610640148157,0.124629080118694,20.4119384324907,4.25248717343556,12.4629080118694
2022-11-19,151860,18,113650,11,38210,7,122712,11,556077,63,678789,74,0,1541,0,2892,1551,"Knox County",470313,59.7474447867697,0.12621359223301,15.7342025417116,3.82723845609201,12.621359223301
2022-11-18,151842,45,113639,26,38203,19,122701,29,556014,189,678715,218,0,1541,1,2892,1548,"Knox County",470313,61.8736883734874,0.126094570928196,46.3521101904476,9.56809614023002,12.6094570928196
2022-11-17,151797,51,113613,25,38184,26,122672,23,555825,193,678497,216,1,1541,1,2891,1547,"Knox County",470313,69.7407896443432,0.127186009538951,45.9268614731041,10.8438422922607,12.7186009538951
2022-11-16,151746,65,113588,37,38158,28,122649,36,555632,184,678281,220,1,1540,0,2890,1547,"Knox County",470313,70.3786627203586,0.13681592039801,46.7773589077912,13.8205833136656,13.681592039801
2022-11-15,151681,64,113551,36,38130,28,122613,36,555448,216,678061,252,0,1539,0,2890,1547,"Knox County",470313,70.5912870790304,0.138980263157895,53.5813383852881,13.6079589549938,13.8980263157895
2022-11-14,151617,62,113515,22,38102,40,122577,23,555232,135,677809,158,0,1539,0,2890,1547,"Knox County",470313,69.1029165683279,0.141004862236629,33.594648670141,13.1827102376502,14.1004862236629
2022-11-13,151555,13,113493,6,38062,7,122554,6,555097,81,677651,87,0,1539,1,2890,1547,"Knox County",470313,67.6145460576255,0.133877551020408,18.4983192044447,2.76411666273312,13.3877551020408
2022-11-12,151542,24,113487,9,38055,15,122548,12,555016,86,677564,98,0,1539,0,2889,1546,"Knox County",470313,68.8902922096561,0.132105684547638,20.8371871498343,5.10298460812268,13.2105684547638
2022-11-11,151518,31,113478,17,38040,14,122536,17,554930,140,677466,157,0,1539,0,2889,1546,"Knox County",470313,65.9135511882512,0.128787878787879,33.3820243114692,6.59135511882512,12.8787878787879
2022-11-10,151487,57,113461,24,38026,33,122519,25,554790,133,677309,158,0,1539,0,2889,1546,"Knox County",470313,67.1892973402819,0.13716814159292,33.594648670141,12.1195884442914,13.716814159292
2022-11-09,151430,89,113437,51,37993,38,122494,52,554657,494,677151,546,0,1539,0,2889,1546,"Knox County",470313,72.2922819484046,0.117445054945055,116.092899834791,18.9235679217883,11.7445054945055
2022-11-08,151341,68,113386,41,37955,27,122442,44,554163,237,676605,281,1,1539,1,2889,1545,"Knox County",470313,73.1427793830917,0.120538720538721,59.7474447867697,14.4584563896809,12.0538720538721
2022-11-07,151273,86,113345,33,37928,53,122398,33,553926,142,676324,175,0,1538,0,2888,1545,"Knox County",470313,78.2457639912144,0.125832223701731,37.2092627675612,18.2856948457729,12.5832223701731
2022-11-06,151187,27,113312,12,37875,15,122365,11,553784,70,676149,81,0,1538,1,2888,1544,"Knox County",470313,81.2225050126193,0.129679144385027,17.222573052414,5.74085768413801,12.9679144385027
2022-11-05,151160,20,113300,13,37860,7,122354,13,553714,85,676068,98,0,1538,0,2887,1544,"Knox County",470313,80.3720075779321,0.130347593582888,20.8371871498343,4.25248717343556,13.0347593582888
2022-11-04,151140,80,113287,58,37853,22,122341,58,553629,300,675970,358,2,1538,1,2887,1543,"Knox County",470313,90.7906011528493,0.139068945197407,76.1195204044966,17.0099486937423,13.9068945197407
2022-11-03,151060,90,113229,57,37831,33,122283,59,553329,394,675612,453,2,1536,0,2886,1542,"Knox County",470313,97.807204989018,0.135542168674699,96.3188344783155,19.13619228046,13.5542168674699
2022-11-02,150970,86,113172,42,37798,44,122224,43,552935,314,675159,357,0,1534,0,2886,1542,"Knox County",470313,97.1693319130026,0.144758735440932,75.9068960458248,18.2856948457729,14.4758735440932
2022-11-01,150884,80,113130,44,37754,36,122181,41,552621,249,674802,290,4,1534,2,2886,1541,"Knox County",470313,99.720824217064,0.142384105960265,61.6610640148157,17.0099486937423,14.2384105960265
2022-10-31,150804,129,113086,74,37718,55,122140,77,552372,399,674512,476,0,1530,0,2884,1541,"Knox County",470313,108.86367163995,0.142924751538097,101.209194727766,27.4285422686594,14.2924751538098
2022-10-30,150675,5,113012,5,37663,0,122063,5,551973,27,674036,32,0,1530,0,2884,1541,"Knox County",470313,104.185935749171,0.143410852713178,6.8039794774969,1.06312179335889,14.3410852713178
2022-10-29,150670,16,113007,8,37663,8,122058,9,551946,79,674004,88,0,1530,0,2884,1541,"Knox County",470313,103.335438314484,0.142161635832522,18.7109435631165,3.40198973874845,14.2161635832522
2022-10-28,150654,67,112999,30,37655,37,122049,33,551867,153,673916,186,0,1530,0,2884,1541,"Knox County",470313,100.571321651751,0.141870350690755,39.5481307129507,14.2458320310091,14.1870350690755
2022-10-27,150587,81,112969,59,37618,22,122016,61,551714,254,673730,315,-1,1530,0,2884,1541,"Knox County",470313,98.6577024237051,0.154243119266055,66.9766729816101,17.222573052414,15.4243119266055
2022-10-26,150506,72,112910,35,37596,37,121955,37,551460,233,673415,270,4,1531,0,2884,1541,"Knox County",470313,95.6809614023002,0.15872057936029,57.4085768413801,15.308953824368,15.872057936029
2022-10-25,150434,62,112875,28,37559,34,121918,32,551227,179,673145,211,0,1527,2,2884,1541,"Knox County",470313,91.8537229462082,0.160963244613435,44.8637396797452,13.1827102376502,16.0963244613435
2022-10-24,150372,91,112847,40,37525,51,121886,43,551048,127,672934,170,0,1527,0,2882,1540,"Knox County",470313,83.7739973166806,0.172955974842767,36.1461409742023,19.3488166391318,17.2955974842767
2022-10-23,150281,25,112807,15,37474,10,121843,15,550921,59,672764,74,0,1527,0,2882,1540,"Knox County",470313,88.0264844901162,0.17503805175038,15.7342025417116,5.31560896679445,17.503805175038
2022-10-22,150256,16,112792,9,37464,7,121828,9,550862,86,672690,95,0,1527,0,2882,1540,"Knox County",470313,88.0264844901162,0.174110522331567,20.1993140738189,3.40198973874845,17.4110522331567
2022-10-21,150240,62,112783,41,37457,21,121819,42,550776,228,672595,270,0,1527,0,2882,1539,"Knox County",470313,86.9633626967573,0.170106761565836,57.4085768413801,13.1827102376502,17.0106761565836
2022-10-20,150178,63,112742,36,37436,27,121777,37,550548,250,672325,287,2,1527,1,2882,1539,"Knox County",470313,83.1361242406653,0.156136528685548,61.0231909388003,13.395334596322,15.6136528685548
2022-10-19,150115,58,112706,39,37409,19,121740,41,550298,125,672038,166,0,1525,0,2881,1539,"Knox County",470313,80.1593832192604,0.172034564021995,35.2956435395152,12.3322128029631,17.2034564021995
2022-10-18,150057,55,112667,35,37390,20,121699,37,550173,184,671872,221,4,1525,3,2881,1537,"Knox County",470313,78.6710127085579,0.174590802805924,46.989983266463,11.6943397269478,17.4590802805924
2022-10-17,150002,78,112632,42,37370,36,121662,44,549989,122,671651,166,2,1521,0,2878,1536,"Knox County",470313,75.9068960458248,0.175918686473808,35.2956435395152,16.5846999763987,17.5918686473808
2022-10-16,149924,12,112590,6,37334,6,121618,7,549867,55,671485,62,0,1519,0,2878,1535,"Knox County",470313,73.1427793830917,0.171270718232044,13.1827102376502,2.55149230406134,17.1270718232044
2022-10-15,149912,15,112584,8,37328,7,121611,8,549812,127,671423,135,0,1519,0,2878,1532,"Knox County",470313,72.9301550244199,0.165263963274675,28.70428842069,3.18936538007667,16.5263963274675
2022-10-14,149897,43,112576,24,37321,19,121603,26,549685,114,671288,140,0,1519,1,2878,1532,"Knox County",470313,68.8902922096561,0.169923534409516,29.7674102140489,9.14284742288646,16.9923534409516
2022-10-13,149854,54,112552,29,37302,25,121577,34,549571,155,671148,189,1,1519,0,2877,1531,"Knox County",470313,66.9766729816101,0.182576459684893,40.1860037889661,11.481715368276,18.2576459684893
2022-10-12,149800,63,112523,42,37277,21,121543,46,549416,221,670959,267,0,1518,0,2877,1531,"Knox County",470313,68.039794774969,0.171186440677966,56.7707037653648,13.395334596322,17.1186440677966
2022-10-11,149737,73,112481,29,37256,44,121497,28,549195,183,670692,211,1,1518,0,2877,1529,"Knox County",470313,71.867033231061,0.164957264957265,44.8637396797452,15.5215781830398,16.4957264957265
2022-10-10,149664,68,112452,37,37212,31,121469,41,549012,139,670481,180,2,1517,1,2877,1529,"Knox County",470313,69.7407896443432,0.160472972972973,38.2723845609201,14.4584563896809,16.0472972972973
2022-10-09,149596,36,112415,24,37181,12,121428,27,548873,139,670301,166,0,1515,0,2876,1529,"Knox County",470313,74.8437742524659,0.16304347826087,35.2956435395152,7.65447691218401,16.304347826087
2022-10-08,149560,31,112391,18,37169,13,121401,17,548734,125,670135,142,0,1515,0,2876,1529,"Knox County",470313,78.2457639912144,0.169111969111969,30.1926589313925,6.59135511882512,16.9111969111969
2022-10-07,149529,55,112373,30,37156,25,121384,32,548609,257,669993,289,0,1515,1,2876,1527,"Knox County",470313,80.7972562952757,0.155817174515235,61.4484396561439,11.6943397269478,15.5817174515235
2022-10-06,149474,98,112343,64,37131,34,121352,70,548352,275,669704,345,6,1515,0,2875,1525,"Knox County",470313,90.1527280768339,0.163125,73.3554037417635,20.8371871498343,16.3125
2022-10-05,149376,80,112279,40,37097,40,121282,41,548077,182,669359,223,0,1509,0,2875,1525,"Knox County",470313,93.7673421742542,0.16452442159383,47.4152319838065,17.0099486937423,16.452442159383
2022-10-04,149296,47,112239,31,37057,16,121241,32,547895,327,669136,359,0,1509,0,2875,1524,"Knox County",470313,88.2391088487879,0.152582159624413,76.3321447631684,9.99334485757357,15.2582159624413
2022-10-03,149249,110,112208,35,37041,75,121209,36,547568,111,668777,147,1,1509,1,2875,1524,"Knox County",470313,97.1693319130026,0.152603231597846,31.2557807247514,23.3886794538956,15.2603231597846
2022-10-02,149139,19,112173,10,36966,9,121173,12,547457,92,668630,104,0,1508,0,2874,1523,"Knox County",470313,93.5547178155824,0.149160969546302,22.1129333018649,4.03986281476378,14.9160969546302
2022-10-01,149120,29,112163,20,36957,9,121161,22,547365,81,668526,103,0,1508,0,2874,1522,"Knox County",470313,93.1294690982388,0.156050955414013,21.9003089431931,6.16610640148157,15.6050955414013
2022-09-30,149091,76,112143,46,36948,30,121139,50,547284,166,668423,216,1,1508,0,2874,1522,"Knox County",470313,97.5945806303462,0.175684702738811,45.9268614731041,16.1594512590551,17.5684702738811
2022-09-29,149015,64,112097,38,36918,26,121089,42,547118,226,668207,268,2,1507,1,2874,1521,"Knox County",470313,90.3653524355057,0.165492957746479,56.9833281240365,13.6079589549938,16.5492957746479
2022-09-28,148951,76,112059,45,36892,31,121047,48,546892,241,667939,289,4,1505,3,2873,1521,"Knox County",470313,89.5148550008186,0.162853297442799,61.4484396561439,16.1594512590551,16.28532974428
2022-09-27,148875,92,112014,54,36861,38,120999,56,546651,171,667650,227,1,1501,0,2870,1521,"Knox County",470313,99.0829511410486,0.196454948301329,48.2657294184936,19.5614409978036,19.6454948301329
2022-09-26,148783,69,111960,29,36823,40,120943,33,546480,92,667423,125,0,1500,1,2870,1520,"Knox County",470313,90.3653524355057,0.197447447447447,26.5780448339723,14.6710807483527,19.7447447447447
2022-09-25,148714,29,111931,18,36783,11,120910,17,546388,89,667298,106,0,1500,0,2869,1520,"Knox County",470313,92.4915960222235,0.200899550224888,22.5381820192085,6.16610640148157,20.0899550224888
2022-09-24,148685,15,111913,10,36772,5,120893,10,546299,65,667192,75,0,1500,0,2869,1519,"Knox County",470313,89.5148550008186,0.196018376722818,15.9468269003834,3.18936538007667,19.6018376722818
2022-09-23,148670,75,111903,46,36767,29,120883,50,546234,192,667117,242,5,1500,0,2869,1518,"Knox County",470313,89.3022306421468,0.192192192192192,51.4550947985703,15.9468269003834,19.2192192192192
2022-09-22,148595,97,111857,66,36738,31,120833,73,546042,233,666875,306,4,1495,1,2869,1515,"Knox County",470313,96.3188344783155,0.209489051094891,65.0630537535641,20.6245627911625,20.948905109489
2022-09-21,148498,89,111791,54,36707,35,120760,59,545809,226,666569,285,3,1491,1,2868,1514,"Knox County",470313,99.0829511410486,0.218155197657394,60.5979422214568,18.9235679217883,21.8155197657394
2022-09-20,148409,83,111737,35,36672,48,120701,38,545583,168,666284,206,1,1488,1,2867,1514,"Knox County",470313,97.1693319130026,0.20817843866171,43.8006178863863,17.6478217697576,20.817843866171
2022-09-19,148326,114,111702,46,36624,68,120663,51,545415,152,666078,203,0,1487,0,2866,1511,"Knox County",470313,106.737428053233,0.209416725228391,43.162744810371,24.2391768885827,20.9416725228391
2022-09-18,148212,48,111656,36,36556,12,120612,39,545263,95,665875,134,0,1487,1,2866,1511,"Knox County",470313,110.777290867996,0.220537560303239,28.4916640620183,10.2059692162454,22.0537560303239
2022-09-17,148164,42,111620,16,36544,26,120573,18,545168,117,665741,135,0,1487,0,2865,1510,"Knox County",470313,116.518148552134,0.217074784910655,28.70428842069,8.93022306421468,21.7074784910655
2022-09-16,148122,91,111604,33,36518,58,120555,39,545051,295,665606,334,0,1487,1,2865,1510,"Knox County",470313,119.920138290883,0.197754210854648,71.0165357963739,19.3488166391318,19.7754210854648
2022-09-15,148031,146,111571,82,36460,64,120516,87,544756,288,665272,375,2,1487,0,2864,1510,"Knox County",470313,130.3387318658,0.197966507177033,79.7341345019168,31.0431563660796,19.7966507177033
2022-09-14,147885,126,111489,67,36396,59,120429,74,544468,220,664897,294,4,1485,2,2864,1509,"Knox County",470313,138.205833136656,0.205829863176681,62.5115614495028,26.790669192644,20.5829863176681
2022-09-13,147759,106,111422,62,36337,44,120355,65,544248,213,664603,278,0,1481,0,2862,1508,"Knox County",470313,143.096193386107,0.212778094694809,59.1095717107543,22.5381820192085,21.2778094694809
2022-09-12,147653,116,111360,49,36293,67,120290,57,544035,137,664325,194,0,1481,0,2862,1507,"Knox County",470313,143.52144210345,0.217316513761468,41.249125582325,24.6644256059263,21.7316513761468
2022-09-11,147537,48,111311,26,36226,22,120233,27,543898,77,664131,104,0,1481,0,2862,1506,"Knox County",470313,143.52144210345,0.214119019836639,22.1129333018649,10.2059692162454,21.4119019836639
2022-09-10,147489,72,111285,50,36204,22,120206,54,543821,139,664027,193,0,1481,0,2862,1505,"Knox County",470313,149.900172863604,0.227426636568849,41.0365012236532,15.308953824368,22.7426636568849
2022-09-09,147417,155,111235,104,36182,51,120152,113,543682,259,663834,372,0,1481,1,2862,1505,"Knox County",470313,163.508131818597,0.26353591160221,79.0962614259015,32.9567755941256,26.353591160221
2022-09-08,147262,178,111131,115,36131,63,120039,122,543423,336,663462,458,0,1481,0,2861,1501,"Knox County",470313,170.312111296094,0.270470153195985,97.3819562716744,37.8471358435765,27.0470153195985
2022-09-07,147084,181,111016,97,36068,84,119917,105,543087,263,663004,368,0,1481,1,2861,1500,"Knox County",470313,182.006451023042,0.276054905948144,78.2457639912144,38.4850089195918,27.6054905948144
2022-09-06,146903,167,110919,97,35984,70,119812,98,542824,162,662636,260,-1,1481,1,2860,1498,"Knox County",470313,194.976536902021,0.295536172396101,55.2823332546623,35.508267898187,29.5536172396101
2022-09-05,146736,45,110822,14,35914,31,119714,16,542662,56,662376,72,0,1482,2,2859,1498,"Knox County",470313,179.880207436324,0.292829775588396,15.308953824368,9.56809614023002,29.2829775588396
2022-09-04,146691,88,110808,56,35883,32,119698,58,542606,130,662304,188,0,1482,1,2857,1496,"Knox County",470313,188.385181783195,0.296180010465725,39.9733794302943,18.7109435631165,29.6180010465725
2022-09-03,146603,90,110752,58,35851,32,119640,68,542476,155,662116,223,0,1482,0,2856,1494,"Knox County",470313,192.212420239287,0.29881504379186,47.4152319838065,19.13619228046,29.881504379186
2022-09-02,146513,227,110694,167,35819,60,119572,177,542321,396,661893,573,1,1482,1,2856,1494,"Knox County",470313,207.521374063655,0.300653594771242,121.833757518929,48.2657294184936,30.0653594771242
2022-09-01,146286,168,110527,88,35759,80,119395,95,541925,227,661320,322,3,1481,3,2855,1493,"Knox County",470313,205.395130476938,0.307577268195414,68.4650434923126,35.7208922568587,30.7577268195414
2022-08-31,146118,277,110439,168,35679,109,119300,182,541698,301,660998,483,1,1478,0,2852,1493,"Knox County",470313,225.807068909428,0.327204148986327,102.697565238469,58.8969473520825,32.7204148986327
2022-08-30,145841,251,110271,149,35570,102,119118,159,541397,216,660515,375,-1,1477,1,2852,1491,"Knox County",470313,243.667515037858,0.337656529516995,79.7341345019168,53.3687140266163,33.7656529516995
2022-08-29,145590,239,110122,111,35468,128,118959,118,541181,123,660140,241,0,1478,2,2851,1491,"Knox County",470313,284.916640620183,0.356340956340956,51.2424704398985,50.817221722555,35.6340956340956
2022-08-28,145351,106,110011,77,35340,29,118841,82,541058,137,659899,219,1,1478,0,2849,1489,"Knox County",470313,288.743879076275,0.361658456486043,46.5647345491194,22.5381820192085,36.1658456486043
2022-08-27,145245,136,109934,74,35311,62,118759,78,540921,211,659680,289,0,1477,0,2849,1488,"Knox County",470313,298.524599575177,0.356115107913669,61.4484396561439,28.9169127793618,35.6115107913669
2022-08-26,145109,233,109860,157,35249,76,118681,170,540710,352,659391,522,0,1477,1,2849,1488,"Knox County",470313,299.800345727207,0.360669114647083,110.989915226668,49.5414755705243,36.0669114647083
2022-08-25,144876,255,109703,145,35173,110,118511,156,540358,326,658869,482,3,1477,0,2848,1488,"Knox County",470313,318.298664931652,0.361930294906166,102.484940879797,54.2192114613034,36.1930294906166
2022-08-24,144621,281,109558,162,35063,119,118355,169,540032,272,658387,441,2,1474,1,2848,1487,"Knox County",470313,319.149162366339,0.362787076683534,93.7673421742542,59.7474447867697,36.2787076683534
2022-08-23,144340,287,109396,175,34944,112,118186,189,539760,292,657946,481,4,1472,0,2847,1486,"Knox County",470313,326.803639278523,0.359626168224299,102.272316521125,61.0231909388003,35.9626168224299
2022-08-22,144053,281,109221,151,34832,130,117997,155,539468,276,657465,431,0,1468,1,2847,1486,"Knox County",470313,335.733862342738,0.34869109947644,91.6410985875364,59.7474447867697,34.869109947644
2022-08-21,143772,129,109070,90,34702,39,117842,104,539192,196,657034,300,0,1468,0,2846,1486,"Knox County",470313,340.624222592189,0.346571622539036,63.7873076015334,27.4285422686594,34.6571622539036
2022-08-20,143643,76,108980,53,34663,23,117738,62,538996,123,656734,185,0,1468,0,2846,1486,"Knox County",470313,327.866761071882,0.353624208304011,39.335506354279,16.1594512590551,35.3624208304011
2022-08-19,143567,212,108927,147,34640,65,117676,150,538873,248,656549,398,0,1468,1,2846,1484,"Knox County",470313,323.401649539775,0.362398822663723,84.6244947513677,45.076364038417,36.2398822663723
2022-08-18,143355,621,108780,214,34575,407,117526,224,538625,286,656151,510,0,1468,2,2845,1484,"Knox County",470313,401.222164813645,0.383466860888565,108.438422922607,132.039726735174,38.3466860888565
2022-08-17,142734,199,108566,135,34168,64,117302,150,538339,266,655641,416,3,1468,0,2843,1481,"Knox County",470313,383.78696740256,0.380007350238883,88.4517332074597,42.3122473756839,38.0007350238883
2022-08-16,142535,261,108431,176,34104,85,117152,192,538073,191,655225,383,4,1465,0,2843,1480,"Knox County",470313,378.258734077093,0.395348837209302,81.435129371291,55.4949576133341,39.5348837209302
2022-08-15,142274,237,108255,146,34019,91,116960,148,537882,154,654842,302,1,1461,1,2843,1479,"Knox County",470313,368.903262295535,0.41299117882919,64.212556318877,50.3919730052114,41.299117882919
2022-08-14,142037,90,108109,69,33928,21,116812,79,537728,122,654540,201,1,1460,0,2842,1479,"Knox County",470313,360.610912307336,0.419624217118998,42.7374960930274,19.13619228046,41.9624217118998
2022-08-13,141947,98,108040,67,33907,31,116733,79,537606,154,654339,233,0,1459,1,2842,1478,"Knox County",470313,365.288648198115,0.418338108882521,49.5414755705243,20.8371871498343,41.8338108882521
2022-08-12,141849,213,107973,147,33876,66,116654,152,537452,338,654106,490,1,1459,3,2841,1478,"Knox County",470313,365.501272556787,0.403944773175542,104.185935749171,45.2889883970888,40.3944773175542
2022-08-11,141636,179,107826,129,33810,50,116502,134,537114,188,653616,322,0,1458,1,2838,1477,"Knox County",470313,271.521306023861,0.397954835960801,68.4650434923126,38.0597602022483,39.7954835960801
2022-08-10,141457,223,107697,159,33760,64,116368,169,536926,255,653294,424,1,1458,1,2837,1475,"Knox County",470313,276.624290631983,0.404670912951168,90.1527280768339,47.4152319838065,40.4670912951168
2022-08-09,141234,272,107538,192,33696,80,116199,199,536671,349,652870,548,5,1457,0,2836,1474,"Knox County",470313,278.963158577373,0.380952380952381,116.518148552134,57.8338255587237,38.0952380952381
2022-08-08,140962,237,107346,150,33616,87,116000,156,536322,327,652322,483,2,1452,0,2836,1471,"Knox County",470313,278.963158577373,0.358385783043317,102.697565238469,50.3919730052114,35.8385783043317
2022-08-07,140725,84,107196,58,33529,26,115844,61,535995,115,651839,176,1,1450,0,2836,1471,"Knox County",470313,277.687412425342,0.355007473841555,37.421887126233,17.8604461284294,35.5007473841555
2022-08-06,140641,96,107138,69,33503,27,115783,74,535880,102,651663,176,0,1449,1,2836,1470,"Knox County",470313,277.262163707999,0.360824742268041,37.421887126233,20.4119384324907,36.0824742268041
2022-08-05,140545,205,107069,122,33476,83,115709,120,535778,281,651487,401,2,1449,3,2835,1469,"Knox County",470313,275.561168838624,0.360869565217391,85.262367827383,43.5879935277145,36.0869565217391
2022-08-04,140340,192,106947,128,33393,64,115589,136,535497,239,651086,375,5,1447,1,2832,1467,"Knox County",470313,278.325285501358,0.354239256678281,79.7341345019168,40.8238768649814,35.4239256678281
2022-08-03,140148,204,106819,121,33329,83,115453,126,535258,289,650711,415,-2,1442,0,2831,1464,"Knox County",470313,274.285422686594,0.338772338772339,88.2391088487879,43.3753691690427,33.8772338772339
2022-08-02,139944,286,106698,174,33246,112,115327,182,534969,308,650296,490,0,1444,0,2831,1463,"Knox County",470313,277.262163707999,0.339825119236884,104.185935749171,60.8105665801286,33.9825119236884
2022-08-01,139658,177,106524,98,33134,79,115145,109,534661,133,649806,242,4,1444,2,2831,1462,"Knox County",470313,264.504702187692,0.355164835164835,51.4550947985703,37.6345114849047,35.5164835164835
2022-07-31,139481,100,106426,65,33055,35,115036,74,534528,153,649564,227,0,1440,0,2829,1461,"Knox County",470313,267.90669192644,0.352966466036113,48.2657294184936,21.2624358671778,35.2966466036114
2022-07-30,139381,116,106361,85,33020,31,114962,95,534375,203,649337,298,0,1440,0,2829,1460,"Knox County",470313,272.159179099876,0.343954248366013,63.3620588841899,24.6644256059263,34.3954248366013
2022-07-29,139265,218,106276,151,32989,67,114867,154,534172,298,649039,452,0,1440,0,2829,1459,"Knox County",470313,274.923295762609,0.350540216086435,96.1062101196437,46.3521101904476,35.0540216086435
2022-07-28,139047,283,106125,188,32922,95,114713,204,533874,319,648587,523,1,1440,0,2829,1458,"Knox County",470313,294.272112401741,0.356630147336607,111.20253958534,60.1726935041132,35.6630147336607
2022-07-27,138764,199,105937,129,32827,70,114509,134,533555,248,648064,382,4,1439,1,2829,1457,"Knox County",470313,293.208990608382,0.364192807957154,81.2225050126193,42.3122473756839,36.4192807957154
2022-07-26,138565,301,105808,230,32757,71,114375,238,533307,239,647682,477,1,1435,1,2828,1457,"Knox County",470313,296.398355988459,0.387543252595156,101.421819086438,63.9999319602052,38.7543252595156
2022-07-25,138264,289,105578,172,32686,117,114137,181,533068,249,647205,430,1,1434,0,2827,1456,"Knox County",470313,320.212284159698,0.387235568304052,91.4284742288646,61.4484396561439,38.7235568304052
2022-07-24,137975,112,105406,68,32569,44,113956,73,532819,178,646775,251,0,1433,0,2827,1454,"Knox County",470313,322.763776463759,0.383576253110558,53.3687140266163,23.8139281712392,38.3576253110558
2022-07-23,137863,110,105338,53,32525,57,113883,59,532641,143,646524,202,0,1433,0,2827,1453,"Knox County",470313,321.488030311729,0.383879278616121,42.9501204516992,23.3886794538956,38.3879278616121
2022-07-22,137753,262,105285,183,32468,79,113824,190,532498,309,646322,499,0,1433,1,2827,1453,"Knox County",470313,330.843502093287,0.390376266280753,106.099554977217,55.7075819720059,39.0376266280753
2022-07-21,137491,286,105102,175,32389,111,113634,179,532189,354,645823,533,0,1433,2,2826,1452,"Knox County",470313,331.481375169302,0.379956741167988,113.328783172058,60.8105665801286,37.9956741167988
2022-07-20,137205,223,104927,142,32278,81,113455,153,531835,318,645290,471,5,1433,1,2824,1450,"Knox County",470313,336.584359777425,0.374781697520084,100.146072934408,47.4152319838065,37.4781697520084
2022-07-19,136982,228,104785,145,32197,83,113302,149,531517,234,644819,383,1,1428,1,2823,1450,"Knox County",470313,321.062781594385,0.355362946912243,81.435129371291,48.4783537771654,35.5362946912243
2022-07-18,136754,348,104640,206,32114,142,113153,232,531283,382,644436,614,1,1427,0,2822,1448,"Knox County",470313,333.60761875602,0.350491026075178,130.551356224472,73.9932768177788,35.0491026075178
2022-07-17,136406,76,104434,62,31972,14,112921,69,530901,87,643822,156,0,1426,1,2822,1447,"Knox County",470313,325.953141843836,0.36074177746676,33.1693999527974,16.1594512590551,36.074177746676
2022-07-16,136330,102,104372,65,31958,37,112852,67,530814,123,643666,190,1,1426,0,2821,1446,"Knox County",470313,324.252146974462,0.365073787772312,40.3986281476379,21.6876845845214,36.5073787772312
2022-07-15,136228,191,104307,119,31921,72,112785,129,530691,326,643476,455,0,1425,2,2821,1444,"Knox County",470313,309.155817508765,0.349036402569593,96.7440831956591,40.6112525063096,34.9036402569593
2022-07-14,136037,206,104188,144,31849,62,112656,146,530365,239,643021,385,1,1425,0,2819,1442,"Knox County",470313,292.145868815023,0.356066314996232,81.8603780886346,43.8006178863863,35.6066314996232
2022-07-13,135831,267,104044,171,31787,96,112510,179,530126,320,642636,499,0,1424,0,2819,1437,"Knox County",470313,301.501340596581,0.362043251304996,106.099554977217,56.7707037653648,36.2043251304996
2022-07-12,135564,235,103873,161,31691,74,112331,170,529806,293,642137,463,4,1424,0,2819,1436,"Knox County",470313,302.989711107284,0.359160028964518,98.4450780650333,49.9667242878679,35.9160028964519
2022-07-11,135329,201,103712,137,31617,64,112161,144,529513,253,641674,397,0,1420,1,2819,1435,"Knox County",470313,271.733930382532,0.355206286836935,84.4118703926959,42.7374960930274,35.5206286836935
2022-07-10,135128,83,103575,43,31553,40,112017,42,529260,87,641277,129,0,1420,1,2818,1435,"Knox County",470313,273.222300893235,0.348292295472597,27.4285422686594,17.6478217697576,34.8292295472597
2022-07-09,135045,120,103532,79,31513,41,111975,79,529173,105,641148,184,0,1420,0,2817,1434,"Knox County",470313,277.049539349327,0.35390127388535,39.1228819956072,25.5149230406134,35.390127388535
2022-07-08,134925,196,103453,126,31472,70,111896,133,529068,304,640964,437,1,1420,0,2817,1432,"Knox County",470313,278.112661142686,0.358059342421812,92.916844739567,41.6743742996685,35.8059342421812
2022-07-07,134729,182,103327,105,31402,77,111763,109,528764,205,640527,314,0,1419,0,2817,1432,"Knox County",470313,273.009676534563,0.353281056541478,66.7640486229383,38.6976332782636,35.3281056541477
2022-07-06,134547,228,103222,157,31325,71,111654,158,528559,228,640213,386,3,1419,2,2817,1428,"Knox County",470313,264.717326546364,0.361471861471861,82.0730024473064,48.4783537771654,36.1471861471861
2022-07-05,134319,165,103065,119,31254,46,111496,123,528331,118,639827,241,0,1416,1,2815,1428,"Knox County",470313,249.833621439339,0.377394636015326,51.2424704398985,35.0830191808434,37.7394636015326
2022-07-04,134154,79,102946,44,31208,35,111373,47,528213,123,639586,170,1,1416,1,2814,1427,"Knox County",470313,223.893449681382,0.371305749596991,36.1461409742023,16.7973243350705,37.1305749596991
2022-07-03,134075,105,102902,65,31173,40,111326,69,528090,159,639416,228,0,1415,0,2813,1427,"Knox County",470313,228.571185572162,0.366326530612245,48.4783537771654,22.3255576605367,36.6326530612245
2022-07-02,133970,108,102837,75,31133,33,111257,79,527931,200,639188,279,0,1415,0,2813,1427,"Knox County",470313,226.0196932681,0.349391727493917,59.3221960694261,22.963430736552,34.9391727493917
2022-07-01,133862,184,102762,124,31100,60,111178,130,527731,318,638909,448,0,1415,1,2813,1424,"Knox County",470313,223.468200964039,0.346079380445305,95.2557126849566,39.1228819956072,34.6079380445305
2022-06-30,133678,195,102638,118,31040,77,111048,124,527413,308,638461,432,1,1415,2,2812,1423,"Knox County",470313,226.232317626772,0.334249084249084,91.8537229462082,41.4617499409967,33.4249084249084
2022-06-29,133483,184,102520,120,30963,64,110924,131,527105,244,638029,375,2,1414,0,2810,1422,"Knox County",470313,216.876845845214,0.323515876668201,79.7341345019168,39.1228819956072,32.3515876668201
2022-06-28,133299,184,102400,117,30899,67,110793,123,526861,265,637654,388,1,1412,0,2810,1421,"Knox County",470313,220.916708659978,0.30301724137931,82.4982511646499,39.1228819956072,30.301724137931
2022-06-27,133115,144,102283,102,30832,42,110670,104,526596,167,637266,271,0,1411,0,2810,1421,"Knox County",470313,234.737291973643,0.313919867823214,57.6212012000519,30.6179076487361,31.3919867823214
2022-06-26,132971,90,102181,58,30790,32,110566,63,526429,168,636995,231,0,1411,1,2810,1421,"Knox County",470313,231.547926593566,0.311056105610561,49.1162268531808,19.13619228046,31.1056105610561
2022-06-25,132881,105,102123,60,30758,45,110503,71,526261,203,636764,274,0,1411,0,2809,1421,"Knox County",470313,230.910053517551,0.308391897478297,58.2590742760672,22.3255576605367,30.8391897478297
2022-06-24,132776,147,102063,121,30713,26,110432,130,526058,386,636490,516,0,1411,1,2809,1421,"Knox County",470313,223.042952246695,0.299959790912746,109.714169074638,31.2557807247514,29.9959790912746
2022-06-23,132629,188,101942,130,30687,58,110302,138,525672,304,635974,442,1,1411,1,2808,1419,"Knox County",470313,221.554581735993,0.304365238285943,93.9799665329259,39.9733794302943,30.4365238285943
2022-06-22,132441,182,101812,127,30629,55,110164,131,525368,331,635532,462,0,1410,1,2807,1419,"Knox County",470313,221.129333018649,0.294117647058824,98.2324537063615,38.6976332782636,29.4117647058824
2022-06-21,132259,177,101685,87,30574,90,110033,94,525037,175,635070,269,1,1410,1,2806,1419,"Knox County",470313,219.640962507947,0.296551724137931,57.1959524827083,37.6345114849047,29.6551724137931
2022-06-20,132082,120,101598,84,30484,36,109939,91,524862,157,634801,248,0,1409,0,2805,1419,"Knox County",470313,214.537977899824,0.294021294021294,52.730840950601,25.5149230406134,29.4021294021294
2022-06-19,131962,89,101514,59,30448,30,109848,65,524705,198,634553,263,0,1409,0,2805,1418,"Knox County",470313,214.325353541152,0.291026677445432,55.9202063306777,18.9235679217883,29.1026677445432
2022-06-18,131873,101,101455,83,30418,18,109783,89,524507,194,634290,283,-1,1409,0,2805,1418,"Knox County",470313,213.474856106465,0.297221103503826,60.1726935041132,21.4750602258496,29.7221103503826
2022-06-17,131772,132,101372,84,30400,48,109694,88,524313,254,634007,342,3,1410,2,2805,1418,"Knox County",470313,210.285490726389,0.301429190125595,72.7175306657481,28.0664153446747,30.1429190125595
2022-06-16,131640,138,101288,104,30352,34,109606,108,524059,301,633665,409,1,1407,0,2803,1417,"Knox County",470313,199.6542727928,0.292618629173989,86.9633626967573,29.3421614967054,29.2618629173989
2022-06-15,131502,113,101184,81,30318,32,109498,85,523758,264,633256,349,0,1406,0,2803,1417,"Knox County",470313,184.983192044447,0.286638927415626,74.2059011764506,24.0265525299109,28.6638927415626
2022-06-14,131389,171,101103,106,30286,65,109413,114,523494,244,632907,358,2,1406,0,2803,1416,"Knox County",470313,183.707445892416,0.284191829484902,76.1195204044966,36.3587653328741,28.4191829484902
2022-06-13,131218,117,100997,71,30221,46,109299,71,523250,150,632549,221,1,1404,0,2803,1416,"Knox County",470313,183.069572816401,0.278651685393258,46.989983266463,24.877049964598,27.8651685393258
2022-06-12,131101,79,100926,44,30175,35,109228,48,523100,129,632328,177,1,1403,1,2803,1414,"Knox County",470313,180.943329229683,0.281907433380084,37.6345114849047,16.7973243350705,28.1907433380084
2022-06-11,131022,102,100882,82,30140,20,109180,93,522971,227,632151,320,0,1402,0,2802,1413,"Knox County",470313,181.155953588355,0.278952205882353,68.039794774969,21.6876845845214,27.8952205882353
2022-06-10,130920,122,100800,77,30120,45,109087,88,522744,368,631831,456,0,1402,2,2802,1413,"Knox County",470313,179.029710001637,0.265065502183406,96.9567075543308,25.9401717579569,26.5065502183406
2022-06-09,130798,161,100723,107,30075,54,108999,114,522376,330,631375,444,1,1402,0,2800,1413,"Knox County",470313,183.920070251088,0.263655913978495,94.4052152502695,34.2325217461563,26.3655913978495
2022-06-08,130637,150,100616,100,30021,50,108885,116,522046,324,630931,440,0,1401,0,2800,1413,"Knox County",470313,191.787171521944,0.266556291390728,93.5547178155824,31.8936538007667,26.6556291390728
2022-06-07,130487,121,100516,70,29971,51,108769,71,521722,169,630491,240,0,1401,0,2800,1413,"Knox County",470313,181.155953588355,0.261531766753699,51.0298460812268,25.7275473992852,26.1531766753699
2022-06-06,130366,116,100446,79,29920,37,108698,81,521553,280,630251,361,0,1401,1,2800,1413,"Knox County",470313,180.943329229683,0.250615258408532,76.7573934805119,24.6644256059263,25.0615258408532
2022-06-05,130250,76,100367,55,29883,21,108617,58,521273,233,629890,291,3,1401,1,2799,1413,"Knox County",470313,180.305456153668,0.24333855799373,61.8736883734874,16.1594512590551,24.333855799373
2022-06-04,130174,86,100312,72,29862,14,108559,76,521040,300,629599,376,0,1398,0,2798,1413,"Knox County",470313,176.903466414919,0.23159509202454,79.9467588605886,18.2856948457729,23.159509202454
2022-06-03,130088,132,100240,90,29848,42,108483,96,520740,346,629223,442,0,1398,1,2798,1412,"Knox County",470313,179.029710001637,0.235929067077872,93.9799665329259,28.0664153446747,23.5929067077872
2022-06-02,129956,113,100150,87,29806,26,108387,95,520394,284,628781,379,0,1398,0,2797,1409,"Knox County",470313,168.823740785392,0.234480031633057,80.5846319366039,24.0265525299109,23.4480031633057
2022-06-01,129843,169,100063,90,29780,79,108292,105,520110,303,628402,408,1,1398,1,2797,1409,"Knox County",470313,172.863603600156,0.233079695634762,86.7507383380855,35.9335166155305,23.3079695634762
2022-05-31,129674,129,99973,94,29701,35,108187,96,519807,214,627994,310,0,1397,2,2796,1409,"Knox County",470313,174.56459846953,0.236462797039346,65.9135511882512,27.4285422686594,23.6462797039346
2022-05-30,129545,57,99879,32,29666,25,108091,36,519593,118,627684,154,0,1397,3,2794,1409,"Knox County",470313,162.019761307895,0.238135593220339,32.7441512354538,12.1195884442914,23.8135593220339
2022-05-29,129488,56,99847,43,29641,13,108055,46,519475,200,627530,246,0,1397,0,2791,1409,"Knox County",470313,157.767274134459,0.237580993520518,52.3055922332574,11.9069640856196,23.7580993520518
2022-05-28,129432,69,99804,56,29628,13,108009,58,519275,229,627284,287,0,1397,0,2791,1408,"Knox County",470313,154.152660037039,0.238993710691824,61.0231909388003,14.6710807483527,23.8993710691824
2022-05-27,129363,98,99748,66,29615,32,107951,67,519046,417,626997,484,2,1397,2,2791,1408,"Knox County",470313,146.923431842199,0.221781305114638,102.910189597141,20.8371871498343,22.1781305114638
2022-05-26,129265,102,99682,78,29583,24,107884,82,518629,367,626513,449,1,1395,3,2789,1408,"Knox County",470313,144.584563896809,0.209580838323353,95.4683370436284,21.6876845845214,20.9580838323353
2022-05-25,129163,110,99604,79,29559,31,107802,86,518262,264,626064,350,2,1394,0,2786,1407,"Knox County",470313,132.039726735174,0.206578947368421,74.4185255351224,23.3886794538956,20.6578947368421
2022-05-24,129053,107,99525,68,29528,39,107716,73,517998,281,625714,354,0,1392,1,2786,1406,"Knox County",470313,127.361990844395,0.192771084337349,75.2690229698095,22.7508063778803,19.2771084337349
2022-05-23,128946,107,99457,71,29489,36,107643,70,517717,337,625360,407,1,1392,2,2785,1406,"Knox County",470313,137.993208777984,0.187039192859915,86.5381139794137,22.7508063778803,18.7039192859915
2022-05-22,128839,47,99386,38,29453,9,107573,41,517380,180,624953,221,1,1391,2,2783,1406,"Knox County",470313,136.079589549938,0.186912225705329,46.989983266463,9.99334485757357,18.6912225705329
2022-05-21,128792,55,99348,45,29444,10,107532,49,517200,208,624732,257,0,1390,4,2781,1406,"Knox County",470313,133.102848528533,0.185567010309278,54.644460178647,11.6943397269478,18.5567010309278
2022-05-20,128737,87,99303,59,29434,28,107483,63,516992,225,624475,288,0,1390,1,2777,1406,"Knox County",470313,130.763980583144,0.199484092863285,61.2358152974721,18.4983192044447,19.9484092863285
2022-05-19,128650,96,99244,68,29406,28,107420,70,516767,254,624187,324,6,1390,2,2776,1406,"Knox County",470313,129.488234431113,0.205361199454793,68.8902922096561,20.4119384324907,20.5361199454793
2022-05-18,128554,82,99176,54,29378,28,107350,56,516513,239,623863,295,1,1384,1,2774,1406,"Knox County",470313,123.534752388303,0.196644920782852,62.7241858081746,17.4351974110858,19.6644920782852
2022-05-17,128472,80,99122,51,29350,29,107294,54,516274,315,623568,369,2,1383,0,2773,1406,"Knox County",470313,117.793894704165,0.186487737158723,78.4583883498861,17.0099486937423,18.6487737158723
2022-05-16,128392,64,99071,40,29321,24,107240,39,515959,254,623199,293,0,1381,1,2773,1406,"Knox County",470313,108.651047281279,0.181729360039082,62.298937090831,13.6079589549938,18.1729360039082
2022-05-15,128328,39,99031,25,29297,14,107201,27,515705,174,622906,201,0,1381,1,2772,1405,"Knox County",470313,106.950052411904,0.176615688209176,42.7374960930274,8.29234998819935,17.6615688209176
2022-05-14,128289,29,99006,21,29283,8,107174,22,515531,145,622705,167,0,1381,1,2771,1405,"Knox County",470313,101.421819086438,0.170882808466701,35.508267898187,6.16610640148157,17.0882808466701
2022-05-13,128260,77,98985,55,29275,22,107152,58,515386,251,622538,309,-3,1381,0,2770,1405,"Knox County",470313,99.2955754997204,0.166496424923391,65.7009268295794,16.3720756177269,16.6496424923391
2022-05-12,128183,72,98930,45,29253,27,107094,49,515135,301,622229,350,1,1384,0,2770,1404,"Knox County",470313,94.1925908915977,0.153729838709677,74.4185255351224,15.308953824368,15.3729838709677
2022-05-11,128111,48,98885,34,29226,14,107045,36,514834,177,621879,213,0,1383,0,2770,1403,"Knox County",470313,86.9633626967573,0.149842271293375,45.2889883970888,10.2059692162454,14.9842271293375
2022-05-10,128063,78,98851,40,29212,38,107009,43,514657,322,621666,365,1,1383,3,2770,1403,"Knox County",470313,86.5381139794137,0.14436248682824,77.607890915199,16.5846999763987,14.436248682824
2022-05-09,127985,54,98811,31,29174,23,106966,32,514335,181,621301,213,0,1382,1,2767,1402,"Knox County",470313,84.4118703926959,0.146864686468647,45.2889883970888,11.481715368276,14.6864686468647
2022-05-08,127931,31,98780,23,29151,8,106934,24,514154,133,621088,157,0,1382,0,2766,1402,"Knox County",470313,82.7108755233217,0.148816234498309,33.3820243114692,6.59135511882512,14.8816234498309
2022-05-07,127900,17,98757,10,29143,7,106910,13,514021,174,620931,187,0,1382,0,2766,1402,"Knox County",470313,80.1593832192604,0.142140468227425,39.7607550716225,3.61461409742023,14.2140468227425
2022-05-06,127883,51,98747,30,29136,21,106897,34,513847,209,620744,243,0,1382,1,2766,1402,"Knox County",470313,74.6311498937941,0.133680555555556,51.6677191572421,10.8438422922607,13.3680555555556
2022-05-05,127832,49,98717,32,29115,17,106863,35,513638,185,620501,220,1,1382,0,2765,1401,"Knox County",470313,69.7407896443432,0.135794743429287,46.7773589077912,10.4185935749171,13.5794743429287
2022-05-04,127783,54,98685,35,29098,19,106828,38,513453,249,620281,287,1,1381,0,2765,1401,"Knox County",470313,71.0165357963739,0.130980861244019,61.0231909388003,11.481715368276,13.0980861244019
2022-05-03,127729,34,98650,21,29079,13,106790,24,513204,145,619994,169,0,1380,0,2765,1401,"Knox County",470313,61.6610640148157,0.13550135501355,35.9335166155305,7.22922819484046,13.550135501355
2022-05-02,127695,37,98629,28,29066,9,106766,32,513059,190,619825,222,3,1380,2,2765,1400,"Knox County",470313,58.0464499173954,0.134680134680135,47.2026076251348,7.86710127085579,13.4680134680135
2022-05-01,127658,14,98601,9,29057,5,106734,9,512869,82,619603,91,0,1377,0,2763,1400,"Knox County",470313,54.4318358199752,0.130373502466526,19.3488166391318,2.97674102140489,13.0373502466526
2022-04-30,127644,19,98592,14,29052,5,106725,15,512787,141,619512,156,0,1377,0,2763,1400,"Knox County",470313,54.8570845373188,0.134726224783862,33.1693999527974,4.03986281476378,13.4726224783862
2022-04-29,127625,25,98578,14,29047,11,106710,13,512646,200,619356,213,0,1377,0,2763,1400,"Knox County",470313,49.3288512118525,0.122238586156112,45.2889883970888,5.31560896679445,12.2238586156112
2022-04-28,127600,32,98564,25,29036,7,106697,26,512446,226,619143,252,1,1377,0,2763,1399,"Knox County",470313,45.7142371144323,0.11294964028777,53.5813383852881,6.8039794774969,11.294964028777
2022-04-27,127568,35,98539,25,29029,10,106671,27,512220,181,618891,208,0,1376,0,2763,1399,"Knox County",470313,41.6743742996685,0.111365369946606,44.2258666037299,7.44185255351224,11.1365369946606
2022-04-26,127533,39,98514,21,29019,18,106644,21,512039,240,618683,261,0,1376,0,2763,1399,"Knox County",470313,42.7374960930274,0.101924447612259,55.4949576133341,8.29234998819935,10.1924447612259
2022-04-25,127494,60,98493,16,29001,44,106623,17,511799,101,618422,118,0,1376,2,2763,1399,"Knox County",470313,47.6278563424783,0.0985373364126251,25.0896743232698,12.7574615203067,9.85373364126251
2022-04-24,127434,15,98477,11,28957,4,106606,12,511698,148,618304,160,1,1376,0,2761,1398,"Knox County",470313,47.8404807011501,0.0957602339181287,34.0198973874845,3.18936538007667,9.57602339181287
2022-04-23,127419,12,98466,5,28953,7,106594,7,511550,197,618144,204,0,1375,0,2761,1397,"Knox County",470313,46.3521101904476,0.086864406779661,43.3753691690427,2.55149230406134,8.6864406779661
2022-04-22,127407,26,98461,19,28946,7,106587,21,511353,210,617940,231,0,1375,0,2761,1397,"Knox County",470313,46.5647345491194,0.0913528591352859,49.1162268531808,5.52823332546623,9.13528591352859
2022-04-21,127381,32,98442,23,28939,9,106566,23,511143,231,617709,254,0,1375,0,2761,1397,"Knox County",470313,46.5647345491194,0.0891364902506964,54.0065871026317,6.8039794774969,8.91364902506964
2022-04-20,127349,55,98419,32,28930,23,106543,34,510912,247,617455,281,1,1375,0,2761,1397,"Knox County",470313,50.817221722555,0.0894632206759443,59.7474447867697,11.6943397269478,8.94632206759443
2022-04-19,127294,29,98387,16,28907,13,106509,17,510665,151,617174,168,0,1374,0,2761,1396,"Knox County",470313,48.6909781358372,0.0925141242937853,35.7208922568587,6.16610640148157,9.25141242937853
2022-04-18,127265,38,98371,21,28894,17,106492,21,510514,117,617006,138,0,1374,1,2761,1396,"Knox County",470313,44.0132422450581,0.0940111420612813,29.3421614967054,8.07972562952757,9.40111420612813
2022-04-17,127227,16,98350,10,28877,6,106471,9,510397,101,616868,110,0,1374,0,2760,1396,"Knox County",470313,44.2258666037299,0.0952380952380952,23.3886794538956,3.40198973874845,9.52380952380952
2022-04-16,127211,10,98340,10,28871,0,106462,12,510296,126,616758,138,0,1374,0,2760,1395,"Knox County",470313,43.8006178863863,0.103787878787879,29.3421614967054,2.12624358671778,10.3787878787879
2022-04-15,127201,18,98330,13,28871,5,106450,13,510170,198,616620,211,0,1374,0,2760,1395,"Knox County",470313,42.0996230170121,0.0992307692307692,44.8637396797452,3.82723845609201,9.92307692307692
2022-04-14,127183,17,98317,5,28866,12,106437,6,509972,158,616409,164,1,1374,0,2760,1395,"Knox County",470313,38.9102576369354,0.0925619834710744,34.8703948221716,3.61461409742023,9.25619834710744
2022-04-13,127166,39,98312,26,28854,13,106431,28,509814,209,616245,237,-1,1373,0,2760,1394,"Knox County",470313,35.508267898187,0.0909090909090909,50.3919730052114,8.29234998819935,9.09090909090909
2022-04-12,127127,23,98286,6,28841,17,106403,8,509605,192,616008,200,5,1374,0,2760,1393,"Knox County",470313,34.2325217461563,0.0809682804674457,42.5248717343556,4.8903602494509,8.09682804674457
2022-04-11,127104,22,98280,13,28824,9,106395,13,509413,173,615808,186,1,1369,2,2760,1393,"Knox County",470313,30.8305320074078,0.0714285714285714,39.5481307129507,4.67773589077912,7.14285714285714
2022-04-10,127082,9,98267,7,28815,2,106382,7,509240,110,615622,117,0,1368,1,2758,1392,"Knox County",470313,29.3421614967054,0.0694333599361532,24.877049964598,1.913619228046,6.94333599361532
2022-04-09,127073,7,98260,5,28813,2,106375,5,509130,148,615505,153,0,1368,0,2757,1392,"Knox County",470313,28.70428842069,0.0630914826498423,32.5315268767821,1.48837051070245,6.30914826498423
2022-04-08,127066,18,98255,15,28811,3,106370,16,508982,176,615352,192,1,1368,0,2757,1392,"Knox County",470313,28.70428842069,0.066453162530024,40.8238768649814,3.82723845609201,6.6453162530024
2022-04-07,127048,17,98240,8,28808,9,106354,12,508806,181,615160,193,5,1367,0,2757,1392,"Knox County",470313,28.70428842069,0.0696400625978091,41.0365012236532,3.61461409742023,6.96400625978091
2022-04-06,127031,21,98232,14,28799,7,106342,16,508625,204,614967,220,-1,1362,0,2757,1392,"Knox County",470313,24.877049964598,0.0610626486915147,46.7773589077912,4.46511153210734,6.10626486915147
2022-04-05,127010,15,98218,12,28792,3,106326,13,508421,198,614747,211,4,1363,0,2757,1390,"Knox County",470313,23.1760550952238,0.0644654088050314,44.8637396797452,3.18936538007667,6.44654088050314
2022-04-04,126995,16,98206,5,28789,11,106313,7,508223,158,614536,165,8,1359,2,2757,1388,"Knox County",470313,21.9003089431931,0.0607513988808953,35.0830191808434,3.40198973874845,6.07513988808953
2022-04-03,126979,5,98201,4,28778,1,106306,3,508065,75,614371,78,1,1351,0,2755,1388,"Knox County",470313,21.049811508506,0.0594059405940594,16.5846999763987,1.06312179335889,5.94059405940594
2022-04-02,126974,2,98197,2,28777,0,106303,3,507990,116,614293,119,0,1350,0,2755,1387,"Knox County",470313,19.9866897151471,0.0594227504244482,25.3022986819416,0.425248717343556,5.94227504244482
2022-04-01,126972,20,98195,8,28777,12,106300,8,507874,231,614174,239,4,1350,0,2755,1386,"Knox County",470313,20.4119384324907,0.0506122448979592,50.817221722555,4.25248717343556,5.06122448979592
2022-03-31,126952,17,98187,7,28765,10,106292,8,507643,238,613935,246,3,1346,0,2755,1386,"Knox County",470313,20.4119384324907,0.0453834115805947,52.3055922332574,3.61461409742023,4.53834115805947
2022-03-30,126935,22,98180,10,28755,12,106284,9,507405,256,613689,265,0,1343,1,2755,1386,"Knox County",470313,20.6245627911625,0.0385487528344671,56.3454550480212,4.67773589077912,3.85487528344671
2022-03-29,126913,20,98170,8,28743,12,106275,9,507149,192,613424,201,2,1343,0,2754,1386,"Knox County",470313,21.6876845845214,0.0357958872810358,42.7374960930274,4.25248717343556,3.57958872810358
2022-03-28,126893,19,98162,12,28731,7,106266,16,506957,332,613223,348,3,1341,0,2754,1383,"Knox County",470313,22.3255576605367,0.0374331550802139,73.9932768177788,4.03986281476378,3.74331550802139
2022-03-27,126874,4,98150,3,28724,1,106250,3,506625,73,612875,76,0,1338,0,2754,1383,"Knox County",470313,22.1129333018649,0.037483266398929,16.1594512590551,0.850497434687113,3.7483266398929
2022-03-26,126870,8,98147,5,28723,3,106247,5,506552,166,612799,171,0,1338,1,2754,1382,"Knox County",470313,23.3886794538956,0.03751617076326,36.3587653328741,1.70099486937423,3.751617076326
2022-03-25,126862,14,98142,7,28720,7,106242,8,506386,244,612628,252,0,1338,1,2753,1381,"Knox County",470313,22.1129333018649,0.0372033354714561,53.5813383852881,2.97674102140489,3.72033354714561
2022-03-24,126848,56,98135,9,28713,47,106234,10,506142,187,612376,197,1,1338,0,2752,1380,"Knox County",470313,30.4052832900643,0.0397350993377483,41.8869986583403,11.9069640856196,3.97350993377483
2022-03-23,126792,11,98126,6,28666,5,106224,6,505955,201,612179,207,0,1337,0,2752,1378,"Knox County",470313,28.0664153446747,0.0392561983471074,44.0132422450581,2.33886794538956,3.92561983471074
2022-03-22,126781,16,98120,11,28661,5,106218,11,505754,151,611972,162,0,1337,1,2752,1377,"Knox County",470313,27.2159179099876,0.0417551309271054,34.4451461048281,3.40198973874845,4.17551309271054
2022-03-21,126765,12,98109,6,28656,6,106207,6,505603,124,611810,130,7,1337,1,2751,1373,"Knox County",470313,25.7275473992852,0.0410041841004184,27.6411666273312,2.55149230406134,4.10041841004184
2022-03-20,126753,11,98103,8,28650,3,106201,10,505479,98,611680,108,1,1330,0,2750,1373,"Knox County",470313,27.2159179099876,0.045639771801141,22.963430736552,2.33886794538956,4.5639771801141
2022-03-19,126742,11,98095,10,28647,1,106191,11,505381,175,611572,186,0,1329,0,2750,1373,"Knox County",470313,27.8537909860029,0.0499194847020934,39.5481307129507,2.33886794538956,4.99194847020934
2022-03-18,126731,24,98085,15,28646,9,106180,14,505206,219,611386,233,0,1329,1,2750,1373,"Knox County",470313,29.9800345727207,0.0556009811937858,49.5414755705243,5.10298460812268,5.56009811937858
2022-03-17,126707,35,98070,25,28637,10,106166,31,504987,209,611153,240,1,1329,0,2749,1371,"Knox County",470313,25.5149230406134,0.0703001579778831,51.0298460812268,7.44185255351224,7.03001579778831
2022-03-16,126672,20,98045,8,28627,12,106135,13,504778,236,610913,249,3,1328,2,2749,1369,"Knox County",470313,27.4285422686594,0.073394495412844,52.9434653092728,4.25248717343556,7.3394495412844
2022-03-15,126652,55,98037,18,28615,37,106122,19,504542,257,610664,276,1,1325,1,2747,1367,"Knox County",470313,35.7208922568587,0.0731364275668073,58.6843229934108,11.6943397269478,7.31364275668073
2022-03-14,126597,21,98019,16,28578,5,106103,22,504285,228,610388,250,10,1324,0,2746,1365,"Knox County",470313,37.6345114849047,0.0778210116731518,53.1560896679445,4.46511153210734,7.78210116731517
2022-03-13,126576,5,98003,5,28573,0,106081,10,504057,484,610138,494,2,1314,0,2746,1362,"Knox County",470313,36.3587653328741,0.0622406639004149,105.036433183858,1.06312179335889,6.22406639004149
2022-03-12,126571,9,97998,8,28573,1,106071,9,503573,293,609644,302,0,1312,3,2746,1361,"Knox County",470313,35.9335166155305,0.0577299412915851,64.212556318877,1.913619228046,5.77299412915851
2022-03-11,126562,20,97990,13,28572,7,106062,15,503280,467,609342,482,9,1312,0,2743,1359,"Knox County",470313,35.0830191808434,0.051897078063672,102.484940879797,4.25248717343556,5.1897078063672
2022-03-10,126542,28,97977,20,28565,8,106047,23,502813,459,608860,482,4,1303,1,2743,1355,"Knox County",470313,33.594648670141,0.0437869822485207,102.484940879797,5.95348204280979,4.37869822485207
2022-03-09,126514,64,97957,20,28557,44,106024,23,502354,419,608378,442,1,1299,2,2742,1353,"Knox County",470313,42.9501204516992,0.0443548387096774,93.9799665329259,13.6079589549938,4.43548387096774
2022-03-08,126450,36,97937,19,28513,17,106001,20,501935,311,607936,331,1,1298,1,2740,1351,"Knox County",470313,38.9102576369354,0.0438375853395616,70.3786627203586,7.65447691218401,4.38375853395616
2022-03-07,126414,27,97918,22,28496,5,105981,26,501624,268,607605,294,4,1297,2,2739,1348,"Knox County",470313,40.1860037889661,0.0445702157764415,62.5115614495028,5.74085768413801,4.45702157764415
2022-03-06,126387,14,97896,11,28491,3,105955,13,501356,212,607311,225,2,1293,2,2737,1348,"Knox County",470313,42.0996230170121,0.0504300234558249,47.8404807011501,2.97674102140489,5.04300234558249
2022-03-05,126373,20,97885,11,28488,9,105942,12,501144,266,607086,278,0,1291,1,2735,1348,"Knox County",470313,44.4384909624016,0.0520915548539858,59.1095717107543,4.25248717343556,5.20915548539858
2022-03-04,126353,53,97874,29,28479,24,105930,30,500878,380,606808,410,1,1291,1,2734,1346,"Knox County",470313,51.4550947985703,0.0597075548334687,87.175987055429,11.2690910096042,5.97075548334687
2022-03-03,126300,46,97845,30,28455,16,105900,35,500498,326,606398,361,8,1290,4,2733,1344,"Knox County",470313,55.2823332546623,0.0679196924391286,76.7573934805119,9.7807204989018,6.79196924391286
2022-03-02,126254,37,97815,29,28439,8,105865,36,500172,338,606037,374,-2,1282,1,2729,1342,"Knox County",470313,49.5414755705243,0.0756709194896612,79.521510143245,7.86710127085579,7.56709194896612
2022-03-01,126217,91,97786,48,28431,43,105829,60,499834,391,605663,451,3,1284,3,2728,1336,"Knox County",470313,61.2358152974721,0.0885917258671124,95.893585760972,19.3488166391318,8.85917258671124
2022-02-28,126126,132,97738,88,28388,44,105769,95,499443,549,605212,644,10,1281,4,2725,1335,"Knox County",470313,83.5613729580088,0.102442581115567,136.930086984625,28.0664153446747,10.2442581115567
2022-02-27,125994,3,97650,3,28344,0,105674,5,498894,75,604568,80,1,1271,1,2721,1330,"Knox County",470313,81.2225050126193,0.105080831408776,17.0099486937423,0.637873076015334,10.5080831408776
2022-02-26,125991,47,97647,32,28344,15,105669,35,498819,275,604488,310,0,1270,2,2720,1325,"Knox County",470313,86.9633626967573,0.11254752851711,65.9135511882512,9.99334485757357,11.254752851711
2022-02-25,125944,105,97615,66,28329,39,105634,74,498544,406,604178,480,2,1270,5,2718,1325,"Knox County",470313,98.0198293476897,0.125925925925926,102.059692162454,22.3255576605367,12.5925925925926
2022-02-24,125839,141,97549,84,28290,57,105560,94,498138,462,603698,556,1,1268,4,2713,1319,"Knox County",470313,118.219143421509,0.137823834196891,118.219143421509,29.9800345727207,13.7823834196891
2022-02-23,125698,140,97465,95,28233,45,105466,114,497676,413,603142,527,6,1267,1,2709,1316,"Knox County",470313,140.119452364702,0.156496062992126,112.053037020027,29.7674102140489,15.6496062992126
2022-02-22,125558,142,97370,86,28188,56,105352,99,497263,356,602615,455,11,1261,7,2708,1312,"Knox County",470313,150.963294656962,0.169069462647444,96.7440831956591,30.1926589313925,16.9069462647444
2022-02-21,125416,74,97284,49,28132,25,105253,52,496907,290,602160,342,0,1250,1,2701,1309,"Knox County",470313,138.631081853999,0.172,72.7175306657481,15.7342025417116,17.2
2022-02-20,125342,72,97235,48,28107,24,105201,57,496617,289,601818,346,0,1250,1,2700,1304,"Knox County",470313,153.302162602352,0.174071618037135,73.5680281004352,15.308953824368,17.4071618037135
2022-02-19,125270,90,97187,55,28083,35,105144,70,496328,322,601472,392,0,1250,1,2699,1302,"Knox County",470313,162.445010025239,0.180761781794706,83.348748599337,19.13619228046,18.0761781794706
2022-02-18,125180,140,97132,91,28048,49,105074,112,496006,498,601080,610,0,1250,3,2698,1298,"Knox County",470313,169.886862578751,0.185254027261462,129.700858789785,29.7674102140489,18.5254027261462
2022-02-17,125040,271,97041,209,27999,62,104962,253,495508,1208,600470,1461,1,1250,2,2695,1294,"Knox County",470313,197.528029206082,0.183159932252601,310.644188019468,57.6212012000519,18.3159932252601
2022-02-16,124769,225,96832,146,27937,79,104709,161,494300,546,599009,707,3,1249,3,2693,1292,"Knox County",470313,215.601099693183,0.186413169487596,150.325421580947,47.8404807011501,18.6413169487596
2022-02-15,124544,270,96686,213,27858,57,104548,243,493754,592,598302,835,5,1246,6,2690,1289,"Knox County",470313,242.817017603171,0.202002983166418,177.541339490935,57.4085768413801,20.2002983166418
2022-02-14,124274,342,96473,206,27801,136,104305,248,493162,602,597467,850,19,1241,8,2684,1285,"Knox County",470313,299.800345727207,0.219957700442223,180.730704871011,72.7175306657481,21.9957700442223
2022-02-13,123932,119,96267,100,27665,19,104057,116,492560,283,596617,399,1,1222,1,2676,1284,"Knox County",470313,309.793690584781,0.228968405024743,84.8371191100395,25.3022986819416,22.8968405024743
2022-02-12,123813,153,96167,109,27646,44,103941,127,492277,414,596218,541,0,1221,3,2675,1281,"Knox County",470313,323.189025181103,0.233203775680178,115.029778041432,32.5315268767821,23.3203775680178
2022-02-11,123660,340,96058,249,27602,91,103814,278,491863,630,595677,908,3,1221,10,2672,1275,"Knox County",470313,365.713896915458,0.250131555867392,193.062917673975,72.2922819484046,25.0131555867392
2022-02-10,123320,421,95809,273,27511,148,103536,303,491233,555,594769,858,7,1218,13,2662,1270,"Knox County",470313,397.607550716225,0.2895253040408,182.431699740386,89.5148550008186,28.95253040408
2022-02-09,122899,435,95536,305,27363,130,103233,369,490678,606,593911,975,8,1211,4,2649,1267,"Knox County",470313,442.258666037299,0.313827804696236,207.308749704984,92.4915960222235,31.3827804696236
2022-02-08,122464,451,95231,331,27233,120,102864,389,490072,462,592936,851,6,1203,8,2645,1261,"Knox County",470313,480.74367495689,0.340022296544036,180.943329229683,95.893585760972,34.0022296544036
2022-02-07,122013,591,94900,410,27113,181,102475,442,489610,624,592085,1066,10,1197,11,2637,1249,"Knox County",470313,533.687140266163,0.361557699178278,226.657566344116,125.660995975021,36.1557699178278
2022-02-06,121422,252,94490,186,26932,66,102033,216,488986,435,591019,651,0,1187,13,2626,1244,"Knox County",470313,561.96617996951,0.363076923076923,138.418457495328,53.5813383852881,36.3076923076923
2022-02-05,121170,269,94304,192,26866,77,101817,220,488551,496,590368,716,0,1187,7,2613,1239,"Knox County",470313,586.630605575436,0.367966804979253,152.239040808993,57.1959524827083,36.7966804979253
2022-02-04,120901,652,94112,513,26789,139,101597,584,488055,963,589652,1547,3,1187,3,2606,1228,"Knox County",470313,652.969405481031,0.37860144057623,328.929882865241,138.631081853999,37.860144057623
2022-02-03,120249,1649,93599,502,26650,1147,101013,506,487092,741,588105,1247,1,1184,13,2603,1228,"Knox County",470313,914.072117929974,0.386502197646392,265.142575263707,350.617567449762,38.6502197646392
2022-02-02,118600,718,93097,538,25503,180,100507,604,486351,904,586858,1508,7,1183,6,2590,1226,"Knox County",470313,974.244811434088,0.390324281571316,320.637532877041,152.664289526337,39.0324281571316
2022-02-01,117882,936,92559,738,25323,198,99903,836,485447,1139,585350,1975,5,1176,12,2584,1217,"Knox County",470313,1077.3676253899,0.391274397244546,419.933108376762,199.016399716784,39.1274397244546
2022-01-31,116946,717,91821,518,25125,199,99067,523,484308,605,583375,1128,11,1171,13,2572,1210,"Knox County",470313,1104.15829458254,0.397742818057456,239.840276581766,152.451665167665,39.7742818057456
2022-01-30,116229,388,91303,319,24926,69,98544,336,483703,569,582247,905,1,1160,7,2559,1208,"Knox County",470313,1133.07520736191,0.399844892532683,192.425044597959,82.4982511646499,39.9844892532683
2022-01-29,115841,678,90984,589,24857,89,98208,645,483134,912,581342,1557,0,1159,4,2552,1202,"Knox County",470313,1220.03857005866,0.408837539272322,331.056126451959,144.159315179466,40.8837539272322
2022-01-28,115163,933,90395,771,24768,162,97563,834,482222,1040,579785,1874,3,1159,16,2548,1199,"Knox County",470313,1279.78601484543,0.420247204237787,398.458048150912,198.378526640769,42.0247204237787
2022-01-27,114230,1434,89624,1202,24606,232,96729,1276,481182,1472,577911,2748,7,1156,13,2532,1193,"Knox County",470313,1234.071777731,0.432150491663104,584.291737630046,304.90333033533,43.2150491663104
2022-01-26,112796,993,88422,802,24374,191,95453,852,479710,965,575163,1817,4,1149,4,2519,1185,"Knox County",470313,1292.54347636574,0.441686104631789,386.338459706621,211.135988161076,44.1686104631789
2022-01-25,111803,1023,87620,771,24183,252,94601,810,478745,930,573346,1740,7,1145,11,2515,1177,"Knox County",470313,1311.04179557018,0.448296371824284,369.966384088894,217.514718921229,44.8296371824284
2022-01-24,110780,1320,86849,1084,23931,236,93791,1163,477815,1550,571606,2713,13,1138,15,2504,1171,"Knox County",470313,1439.25428384927,0.443013329339524,576.849885076534,280.664153446747,44.3013329339524
2022-01-23,109460,770,85765,680,23695,90,92628,710,476265,818,568893,1528,0,1125,8,2489,1166,"Knox County",470313,1520.47678886189,0.450025041139014,324.890020050477,163.720756177269,45.0025041139014
2022-01-22,108690,900,85085,738,23605,162,91918,772,475447,1056,567365,1828,0,1125,15,2481,1156,"Knox County",470313,1567.67939648702,0.450379000561482,388.67732765201,191.3619228046,45.0379000561482
2022-01-21,107790,1516,84347,1232,23443,284,91146,1292,474391,1348,565537,2640,1,1125,7,2466,1153,"Knox County",470313,1691.63939759267,0.45790595444252,561.328306893494,322.338527746416,45.790595444252
2022-01-20,106274,1408,83115,1167,23159,241,89854,1217,473043,1152,562897,2369,11,1124,11,2459,1147,"Knox County",470313,1686.1111642672,0.465732832251452,503.707105693442,299.375097009864,46.5732832251452
2022-01-19,104866,1664,81948,1304,22918,360,88637,1342,471891,1331,560528,2673,4,1113,7,2448,1145,"Knox County",470313,1828.78210893596,0.471628687625073,568.344910729663,353.806932829839,47.1628687625073
2022-01-18,103202,1044,80644,663,22558,381,87295,691,470560,686,557855,1377,6,1109,7,2441,1143,"Knox County",470313,1833.24722046807,0.475079323109466,292.783741891039,221.979830453336,47.5079323109466
2022-01-17,102158,1091,79981,859,22177,232,86604,903,469874,1279,556478,2182,7,1103,14,2434,1139,"Knox County",470313,1784.55624233223,0.474549564979105,463.94635062182,231.97317531091,47.4549564979105
2022-01-16,101067,768,79122,689,21945,79,85701,716,468595,1073,554296,1789,0,1096,7,2420,1136,"Knox County",470313,1784.13099361489,0.466617310539777,380.384977663811,163.295507459926,46.6617310539777
2022-01-15,100299,753,78433,599,21866,154,84985,627,467522,816,552507,1443,1,1096,12,2413,1132,"Knox County",470313,1752.87521289014,0.469011262350584,306.816949563376,160.106142079849,46.9011262350584
2022-01-14,99546,1305,77834,1053,21712,252,84358,1102,466706,1188,551064,2290,6,1095,10,2401,1130,"Knox County",470313,1708.01147321039,0.467181193797352,486.909781358372,277.47478806667,46.7181193797352
2022-01-13,98241,1408,76781,1061,21460,347,83256,1113,465518,1401,548774,2514,6,1089,11,2391,1124,"Knox County",470313,1708.01147321039,0.455144379029997,534.53763770085,299.375097009864,45.5144379029997
2022-01-12,96833,1169,75720,891,21113,278,82143,940,464117,1058,546260,1998,1,1083,4,2380,1118,"Knox County",470313,1602.76241566786,0.448171853159715,424.823468626213,248.557875287309,44.8171853159715
2022-01-11,95664,1368,74829,1062,20835,306,81203,1097,463059,1283,544262,2380,2,1082,10,2376,1118,"Knox County",470313,1671.65270787752,0.445190463140586,506.045973638832,290.870122662993,44.5190463140586
2022-01-10,94296,1005,73767,689,20529,316,80106,718,461776,812,541882,1530,3,1080,5,2366,1115,"Knox County",470313,1653.36701303175,0.452739529546758,325.315268767821,213.687480465137,45.2739529546758
2022-01-09,93291,740,73078,626,20213,114,79388,664,460964,1205,540352,1869,5,1077,3,2361,1114,"Knox County",470313,1647.41353098894,0.446448944666286,397.394926357553,157.342025417116,44.6448944666286
2022-01-08,92551,621,72452,476,20099,145,78724,510,459759,912,538483,1422,0,1072,10,2358,1112,"Knox County",470313,1619.34711564426,0.438763122188103,302.351838031269,132.039726735174,43.8763122188103
2022-01-07,91930,964,71976,747,19954,217,78214,771,458847,1091,537061,1862,0,1072,8,2348,1108,"Knox County",470313,1546.84220933719,0.428213627992634,395.906555846851,204.969881759594,42.8213627992634
2022-01-06,90966,1160,71229,741,19737,419,77443,780,457756,1010,535199,1790,2,1072,7,2340,1108,"Knox County",470313,1494.11136838659,0.426425959069333,380.597602022483,246.644256059263,42.6425959069333
2022-01-05,89806,1211,70488,898,19318,313,76663,941,456746,1255,533409,2196,1,1070,8,2333,1104,"Knox County",470313,1503.0415914508,0.420032186374435,466.923091643225,257.488098351523,42.0032186374435
2022-01-04,88595,926,69590,577,19005,349,75722,567,455491,1040,531213,1607,0,1069,6,2325,1103,"Knox County",470313,1409.06162491787,0.403307266210492,341.687344385547,196.890156130067,40.3307266210492
2022-01-03,87669,714,69013,537,18656,177,75155,504,454451,820,529606,1324,6,1069,7,2319,1098,"Knox County",470313,1347.18793654439,0.392460646230323,281.514650881434,151.81379209165,39.2460646230323
2022-01-02,86955,289,68476,207,18479,82,74651,266,453631,651,528282,917,3,1063,9,2312,1096,"Knox County",470313,1251.29435078341,0.390268033819032,194.976536902021,61.4484396561439,39.0268033819032
2022-01-01,86666,266,68269,218,18397,48,74385,238,452980,767,527365,1005,0,1060,16,2303,1092,"Knox County",470313,1175.81270345493,0.38005793851042,213.687480465137,56.558079406693,38.005793851042
2021-12-31,86400,593,68051,430,18349,163,74147,471,452213,1004,526360,1475,0,1060,5,2287,1092,"Knox County",470313,1096.9290663877,0.365231723870467,313.620929040873,126.086244692364,36.5231723870467
2021-12-30,85807,579,67621,401,18186,178,73676,403,451209,918,524885,1321,2,1060,6,2282,1089,"Knox County",470313,973.3943139994,0.344337227018791,280.876777805419,123.10950367096,34.4337227018791
2021-12-29,85228,632,67220,477,18008,155,73273,505,450291,1195,523564,1700,1,1058,5,2276,1087,"Knox County",470313,850.284810328441,0.31596962241951,361.461409742023,134.378594680564,31.596962241951
2021-12-28,84596,427,66743,261,17853,166,72768,281,449096,976,521864,1257,1,1057,5,2271,1085,"Knox County",470313,744.185255351224,0.296477386376264,267.268818850425,90.7906011528493,29.6477386376264
2021-12-27,84169,314,66482,234,17687,80,72487,255,448120,893,520607,1148,2,1056,1,2266,1085,"Knox County",470313,659.135511882512,0.274169783520345,244.092763755201,66.7640486229383,27.4169783520345
2021-12-26,83855,61,66248,49,17607,12,72232,60,447227,426,519459,486,7,1054,1,2265,1084,"Knox County",470313,610.657158105347,0.263703527168732,103.335438314484,12.9700858789785,26.3703527168732
2021-12-25,83794,86,66199,63,17595,23,72172,74,446801,489,518973,563,1,1047,1,2264,1084,"Knox County",470313,572.384773544427,0.257735849056604,119.707513932211,18.2856948457729,25.7735849056604
2021-12-24,83708,175,66136,124,17572,51,72098,138,446312,848,518410,986,0,1046,3,2263,1084,"Knox County",470313,483.507791619624,0.229995979091275,209.647617650373,37.2092627675612,22.9995979091275
2021-12-23,83533,219,66012,160,17521,59,71960,167,445464,959,517424,1126,4,1046,5,2260,1084,"Knox County",470313,406.963022497783,0.203688411780897,239.415027864422,46.5647345491194,20.3688411780897
2021-12-22,83314,175,65852,102,17462,73,71793,101,444505,812,516298,913,46,1042,11,2255,1083,"Knox County",470313,309.793690584781,0.16607501157586,194.126039467333,37.2092627675612,16.607501157586
2021-12-21,83139,176,65750,123,17389,53,71692,120,443693,912,515385,1032,3,996,6,2244,1081,"Knox County",470313,256.424976558164,0.146306363927087,219.428338149275,37.421887126233,14.6306363927087
2021-12-20,82963,112,65627,78,17336,34,71572,84,442781,607,514353,691,1,993,3,2238,1079,"Knox County",470313,213.474856106465,0.128342245989305,146.923431842199,23.8139281712392,12.8342245989305
2021-12-19,82851,70,65549,49,17302,21,71488,58,442174,556,513662,614,3,992,6,2235,1078,"Knox County",470313,215.388475334511,0.125232067510549,130.551356224472,14.8837051070245,12.5232067510549
2021-12-18,82781,90,65500,59,17281,31,71430,67,441618,660,513048,727,0,989,3,2229,1077,"Knox County",470313,216.238972769198,0.120709476104451,154.577908754383,19.13619228046,12.0709476104451
2021-12-17,82691,119,65441,76,17250,43,71363,83,440958,1006,512321,1089,2,989,6,2226,1075,"Knox County",470313,204.332008683579,0.109819121447028,231.547926593566,25.3022986819416,10.9819121447028
2021-12-16,82572,141,65365,109,17207,32,71280,109,439952,661,511232,770,2,987,3,2220,1073,"Knox County",470313,187.74730870718,0.106579849211789,163.720756177269,29.9800345727207,10.6579849211789
2021-12-15,82431,157,65256,114,17175,43,71171,127,439291,841,510462,968,0,985,5,2217,1071,"Knox County",470313,183.920070251088,0.109998302495332,205.820379194281,33.3820243114692,10.9998302495332
2021-12-14,82274,99,65142,61,17132,38,71044,65,438450,806,509494,871,3,985,5,2212,1068,"Knox County",470313,167.547994633361,0.103490401396161,185.195816403119,21.049811508506,10.3490401396161
2021-12-13,82175,111,65081,74,17094,37,70979,79,437644,622,508623,701,4,982,3,2207,1065,"Knox County",470313,167.335370274689,0.102439024390244,149.049675428916,23.6013038125674,10.2439024390244
2021-12-12,82064,54,65007,29,17057,25,70900,41,437022,493,507922,534,6,978,5,2204,1065,"Knox County",470313,163.933380535941,0.100883392226148,113.54140753073,11.481715368276,10.0883392226148
2021-12-11,82010,65,64978,45,17032,20,70859,51,436529,540,507388,591,0,972,1,2199,1064,"Knox County",470313,158.617771569146,0.100470673425054,125.660995975021,13.8205833136656,10.0470673425054
2021-12-10,81945,85,64933,48,17012,37,70808,57,435989,848,506797,905,0,972,3,2198,1061,"Knox County",470313,151.388543374306,0.099063670411985,192.425044597959,18.0730704871011,9.9063670411985
2021-12-09,81860,165,64885,97,16975,68,70751,108,435141,982,505892,1090,3,972,2,2195,1059,"Knox County",470313,156.491527982429,0.0932862190812721,231.760550952238,35.0830191808434,9.32862190812721
2021-12-08,81695,130,64788,67,16907,63,70643,65,434159,746,504802,811,0,969,7,2193,1058,"Knox County",470313,150.750670298291,0.0846810830456115,172.438354882812,27.6411666273312,8.46810830456115
2021-12-07,81565,129,64721,70,16844,59,70578,76,433413,630,503991,706,2,969,2,2186,1057,"Knox County",470313,157.129401058444,0.0893593106032222,150.112797222275,27.4285422686594,8.93593106032222
2021-12-06,81436,148,64651,107,16785,41,70502,115,432783,759,503285,874,8,967,4,2184,1057,"Knox County",470313,164.9965023293,0.0930865541643985,185.833689479134,31.4684050834232,9.30865541643985
2021-12-05,81288,43,64544,28,16744,15,70387,33,432024,342,502411,375,2,959,1,2180,1054,"Knox County",470313,162.65763438391,0.0943572496263079,79.7341345019168,9.14284742288646,9.43572496263079
2021-12-04,81245,69,64516,50,16729,19,70354,55,431682,499,502036,554,0,957,3,2179,1054,"Knox County",470313,163.508131818597,0.0957666980244591,117.793894704165,14.6710807483527,9.57666980244591
2021-12-03,81176,148,64466,104,16710,44,70299,109,431183,1009,501482,1118,3,957,2,2176,1052,"Knox County",470313,176.903466414919,0.101483357452967,237.714032995048,31.4684050834232,10.1483357452967
2021-12-02,81028,133,64362,86,16666,47,70190,85,430174,794,500364,879,0,954,4,2174,1050,"Knox County",470313,170.099486937423,0.101184878690991,186.896811272493,28.2790397033465,10.1184878690991
2021-12-01,80895,184,64276,141,16619,43,70105,146,429380,1007,499485,1153,4,954,7,2170,1048,"Knox County",470313,181.581202305699,0.109383283265595,245.15588554856,39.1228819956072,10.9383283265595
2021-11-30,80711,115,64135,67,16576,48,69959,68,428373,693,498332,761,3,950,6,2163,1047,"Knox County",470313,178.604461284294,0.106930346517326,161.807136949223,24.4518012472545,10.6930346517326
2021-11-29,80596,164,64068,128,16528,36,69891,139,427680,967,497571,1106,2,947,5,2157,1044,"Knox County",470313,182.006451023042,0.106794483686512,235.162540690987,34.8703948221716,10.6794483686512
2021-11-28,80432,34,63940,22,16492,12,69752,22,426713,270,496465,292,3,945,5,2152,1043,"Knox County",470313,180.092831794996,0.106430155210643,62.0863127321592,7.22922819484046,10.6430155210643
2021-11-27,80398,59,63918,31,16480,28,69730,32,426443,266,496173,298,0,942,1,2147,1041,"Knox County",470313,177.966588208278,0.107187444266096,63.3620588841899,12.5448371616349,10.7187444266096
2021-11-26,80339,20,63887,18,16452,2,69698,20,426177,298,495875,318,0,942,4,2146,1039,"Knox County",470313,150.750670298291,0.106511337632619,67.6145460576254,4.25248717343556,10.6511337632619
2021-11-25,80319,52,63869,26,16450,26,69678,30,425879,331,495557,361,0,942,4,2142,1038,"Knox County",470313,133.528097245877,0.106551643739799,76.7573934805119,11.0564666509325,10.6551643739799
2021-11-24,80267,105,63843,66,16424,39,69648,73,425548,742,495196,815,0,942,3,2138,1033,"Knox County",470313,116.730772910806,0.0971905846621109,173.288852317499,22.3255576605367,9.71905846621109
2021-11-23,80162,100,63777,65,16385,35,69575,65,424806,673,494381,738,0,942,2,2135,1029,"Knox County",470313,113.54140753073,0.0969959266802444,156.916776699772,21.2624358671778,9.69959266802444
2021-11-22,80062,108,63712,84,16350,24,69510,82,424133,738,493643,820,0,942,3,2133,1029,"Knox County",470313,101.63444344511,0.0889621087314662,174.351974110858,22.963430736552,8.89621087314662
2021-11-21,79954,44,63628,32,16326,12,69428,37,423395,284,492823,321,0,942,2,2130,1029,"Knox County",470313,103.760687031828,0.0923454099700354,68.2524191336408,9.35547178155824,9.23454099700354
2021-11-20,79910,56,63596,38,16314,18,69391,45,423111,533,492502,578,0,942,1,2128,1027,"Knox County",470313,103.122813955812,0.0890913692736016,122.896879312288,11.9069640856196,8.90913692736016
2021-11-19,79854,112,63558,83,16296,29,69346,81,422578,825,491924,906,0,942,0,2127,1026,"Knox County",470313,122.684254953616,0.0909892046706323,192.637668956631,23.8139281712392,9.09892046706323
2021-11-18,79742,82,63475,46,16267,36,69265,51,421753,920,491018,971,3,942,2,2127,1026,"Knox County",470313,129.062985713769,0.0842882113031657,206.458252270297,17.4351974110858,8.42882113031657
2021-11-17,79660,106,63429,65,16231,41,69214,66,420833,813,490047,879,0,939,1,2125,1026,"Knox County",470313,129.275610072441,0.0819106080951467,186.896811272493,22.5381820192085,8.19106080951467
2021-11-16,79554,75,63364,52,16190,23,69148,69,420020,764,489168,833,0,939,2,2124,1025,"Knox County",470313,123.960001105647,0.0811981914091937,177.116090773591,15.9468269003834,8.11981914091937
2021-11-15,79479,84,63312,45,16167,39,69079,34,419256,446,488335,480,3,939,0,2122,1022,"Knox County",470313,118.857016497524,0.0770933977455717,102.059692162454,17.8604461284294,7.70933977455717
2021-11-14,79395,72,63267,62,16128,10,69045,68,418810,624,487855,692,0,936,2,2122,1022,"Knox County",470313,124.810498540334,0.0775426109758382,147.13605620087,15.308953824368,7.75426109758382
2021-11-13,79323,30,63205,13,16118,17,68977,12,418186,317,487163,329,0,936,2,2120,1020,"Knox County",470313,119.282265214868,0.074852652259332,69.953414003015,6.37873076015334,7.4852652259332
2021-11-12,79293,65,63192,48,16101,17,68965,50,417869,676,486834,726,0,936,4,2118,1020,"Knox County",470313,109.288920357294,0.0712830957230143,154.365284395711,13.8205833136656,7.12830957230142
2021-11-11,79228,67,63144,48,16084,19,68915,55,417193,962,486108,1017,0,936,0,2114,1018,"Knox County",470313,106.099554977217,0.0714285714285714,216.238972769198,14.2458320310091,7.14285714285714
2021-11-10,79161,72,63096,49,16065,23,68860,67,416231,844,485091,911,1,936,2,2114,1018,"Knox County",470313,98.8703267823768,0.0711708099438653,193.70079074999,15.308953824368,7.11708099438653
2021-11-09,79089,103,63047,73,16042,30,68793,130,415387,1170,484180,1300,1,935,1,2112,1018,"Knox County",470313,104.823808825187,0.0762603116406966,276.411666273312,21.9003089431931,7.62603116406966
2021-11-08,78986,78,62974,58,16012,20,68663,70,414217,669,482880,739,6,934,1,2111,1017,"Knox County",470313,103.548062673156,0.0791039551977599,157.129401058444,16.5846999763987,7.91039551977599
2021-11-07,78908,31,62916,20,15992,11,68593,22,413548,390,482141,412,0,928,1,2110,1014,"Knox County",470313,94.8304639676131,0.0747147589252852,87.6012357727726,6.59135511882512,7.47147589252852
2021-11-06,78877,42,62896,28,15981,14,68571,31,413158,450,481729,481,0,928,2,2109,1011,"Knox County",470313,97.3819562716744,0.0760830648048693,102.272316521125,8.93022306421468,7.60830648048693
2021-11-05,78835,52,62868,32,15967,20,68540,36,412708,601,481248,637,0,928,2,2107,1010,"Knox County",470313,94.6178396089413,0.0747680553028925,135.441716473923,11.0564666509325,7.47680553028925
2021-11-04,78783,69,62836,46,15947,23,68504,50,412107,664,480611,714,0,928,1,2105,1010,"Knox County",470313,95.0430883262848,0.078167115902965,151.81379209165,14.6710807483527,7.8167115902965
2021-11-03,78714,80,62790,60,15924,20,68454,66,411443,968,479897,1034,0,928,2,2104,1009,"Knox County",470313,96.7440831956591,0.0761707729922889,219.853586866619,17.0099486937423,7.61707729922889
2021-11-02,78634,41,62730,19,15904,22,68388,22,410475,301,478863,323,4,928,1,2102,1007,"Knox County",470313,83.5613729580088,0.0684331797235023,68.6776678509843,8.7175987055429,6.84331797235023
2021-11-01,78593,95,62711,70,15882,25,68366,83,410174,650,478540,733,1,924,3,2101,1004,"Knox County",470313,87.175987055429,0.0715274573142593,155.853654906413,20.1993140738189,7.15274573142593
2021-10-31,78498,26,62641,20,15857,6,68283,19,409524,278,477807,297,0,923,1,2098,1003,"Knox County",470313,86.1128652620702,0.0727660583076558,63.1494345255181,5.52823332546623,7.27660583076558
2021-10-30,78472,57,62621,42,15851,15,68264,44,409246,523,477510,567,0,923,4,2097,1002,"Knox County",470313,89.3022306421468,0.0743321718931475,120.558011366898,12.1195884442914,7.43321718931475
2021-10-29,78415,73,62579,59,15836,14,68220,66,408723,836,476943,902,1,923,1,2093,1002,"Knox County",470313,93.7673421742542,0.0765864332603939,191.787171521944,15.5215781830398,7.65864332603939
2021-10-28,78342,55,62520,32,15822,23,68154,39,407887,557,476041,596,4,922,3,2092,1001,"Knox County",470313,90.7906011528493,0.0761455525606469,126.72411776838,11.6943397269478,7.61455525606469
2021-10-27,78287,87,62488,57,15799,30,68115,65,407330,759,475445,824,1,918,3,2089,999,"Knox County",470313,92.2789716635517,0.0796793965110797,175.202471545545,18.4983192044447,7.96793965110797
2021-10-26,78200,95,62431,57,15769,38,68050,55,406571,555,474621,610,0,917,5,2086,996,"Knox County",470313,103.760687031828,0.0819165378670788,129.700858789785,20.1993140738189,8.19165378670788
2021-10-25,78105,72,62374,48,15731,24,67995,55,406016,491,474011,546,6,917,3,2081,994,"Knox County",470313,98.8703267823768,0.0789958544449562,116.092899834791,15.308953824368,7.89958544449562
2021-10-24,78033,38,62326,20,15707,18,67940,23,405525,336,473465,359,1,911,5,2078,993,"Knox County",470313,101.421819086438,0.0787920072661217,76.3321447631684,8.07972562952757,7.87920072661217
2021-10-23,77995,59,62306,40,15689,19,67917,42,405189,471,473106,513,0,910,1,2073,990,"Knox County",470313,101.847067803782,0.0793103448275862,109.076295998622,12.5448371616349,7.93103448275862
2021-10-22,77936,90,62266,56,15670,34,67875,55,404718,551,472593,606,0,910,2,2072,988,"Knox County",470313,105.461681901202,0.0823877651702023,128.850361355098,19.13619228046,8.23877651702023
2021-10-21,77846,126,62210,72,15636,54,67820,79,404167,712,471987,791,3,910,2,2070,986,"Knox County",470313,120.558011366898,0.0880207107554719,168.185867709377,26.790669192644,8.80207107554719
2021-10-20,77720,148,62138,83,15582,65,67741,90,403455,959,471196,1049,3,907,3,2068,984,"Knox County",470313,133.528097245877,0.089181940098346,223.042952246695,31.4684050834232,8.9181940098346
2021-10-19,77572,130,62055,85,15517,45,67651,92,402496,724,470147,816,4,904,3,2065,982,"Knox County",470313,140.969949799389,0.0931623931623932,173.501476676171,27.6411666273312,9.31623931623932
2021-10-18,77442,120,61970,89,15472,31,67559,106,401772,604,469331,710,9,900,8,2062,980,"Knox County",470313,151.175919015634,0.100536746490504,150.963294656962,25.5149230406134,10.0536746490504
2021-10-17,77322,63,61881,56,15441,7,67453,61,401168,303,468621,364,1,891,4,2054,977,"Knox County",470313,156.491527982429,0.108269746339451,77.3952665565272,13.395334596322,10.8269746339451
2021-10-16,77259,54,61825,39,15434,15,67392,42,400865,372,468257,414,0,890,1,2050,975,"Knox County",470313,155.42840618907,0.110526315789474,88.0264844901162,11.481715368276,11.0526315789474
2021-10-15,77205,126,61786,90,15419,36,67350,100,400493,794,467843,894,9,890,5,2049,971,"Knox County",470313,163.082883101254,0.113140134974196,190.08617665257,26.790669192644,11.3140134974196
2021-10-14,77079,193,61696,136,15383,57,67250,144,399699,699,466949,843,0,881,7,2044,969,"Knox County",470313,177.328715132263,0.12475442043222,179.242334360309,41.0365012236532,12.475442043222
2021-10-13,76886,119,61560,88,15326,31,67106,99,399000,764,466106,863,7,881,6,2037,964,"Knox County",470313,171.162608730781,0.131321370309951,183.494821533745,25.3022986819416,13.1321370309951
2021-10-12,76767,135,61472,103,15295,32,67007,108,398236,821,465243,929,4,874,3,2031,963,"Knox County",470313,172.22573052414,0.131552720749452,197.528029206082,28.70428842069,13.1552720749452
2021-10-11,76632,192,61369,136,15263,56,66899,148,397415,581,464314,729,3,870,12,2028,954,"Knox County",470313,187.534684348508,0.139396346306593,155.003157471726,40.8238768649814,13.9396346306593
2021-10-10,76440,53,61233,40,15207,13,66751,52,396834,489,463585,541,0,867,4,2016,953,"Knox County",470313,185.408440761791,0.132936888547861,115.029778041432,11.2690910096042,13.2936888547861
2021-10-09,76387,64,61193,34,15194,30,66699,46,396345,483,463044,529,0,867,7,2012,950,"Knox County",470313,187.534684348508,0.130818318318318,112.478285737371,13.6079589549938,13.0818318318318
2021-10-08,76323,282,61159,115,15164,167,66653,123,395862,936,462515,1059,-1,867,4,2005,946,"Knox County",470313,220.704084301306,0.131075914800655,225.169195833413,59.9600691454414,13.1075914800655
2021-10-07,76041,257,61044,169,14997,88,66530,175,394926,1107,461456,1282,6,868,9,2001,942,"Knox County",470313,234.3120432563,0.126601483479434,272.58442781722,54.644460178647,12.6601483479434
2021-10-06,75784,137,60875,101,14909,36,66355,112,393819,835,460174,947,1,862,4,1992,941,"Knox County",470313,238.139281712392,0.126994680851064,201.355267662174,29.1295371380336,12.6994680851064
2021-10-05,75647,209,60774,119,14873,90,66243,138,392984,915,459227,1053,3,861,4,1988,936,"Knox County",470313,253.873484254103,0.129315960912052,223.893449681382,44.4384909624016,12.9315960912052
2021-10-04,75438,310,60655,219,14783,91,66105,245,392069,829,458174,1074,3,858,4,1984,932,"Knox County",470313,278.963158577373,0.13739398612182,228.35856121349,65.9135511882512,13.739398612182
2021-10-03,75128,101,60436,92,14692,9,65860,106,391240,677,457100,783,1,855,6,1980,930,"Knox County",470313,289.169127793618,0.14047866805411,166.484872840002,21.4750602258496,14.047866805411
2021-10-02,75027,68,60344,43,14683,25,65754,50,390563,471,456317,521,5,854,2,1974,929,"Knox County",470313,290.019625228305,0.141241256139306,110.777290867996,14.4584563896809,14.1241256139306
2021-10-01,74959,219,60301,147,14658,72,65704,164,390092,965,455796,1129,0,849,8,1972,925,"Knox County",470313,276.624290631983,0.145824127264693,240.052900940438,46.5647345491194,14.5824127264693
2021-09-30,74740,240,60154,166,14586,74,65540,186,389127,1103,454667,1289,1,849,8,1964,922,"Knox County",470313,273.009676534563,0.147292525014715,274.072798327922,51.0298460812268,14.7292525014715
2021-09-29,74500,356,59988,164,14512,192,65354,187,388024,1105,453378,1292,6,848,8,1956,920,"Knox County",470313,319.574411083683,0.150679176585912,274.710671403937,75.694271687153,15.0679176585912
2021-09-28,74144,337,59824,239,14320,98,65167,259,386919,766,452086,1025,2,842,1,1948,917,"Knox County",470313,346.79032899367,0.16828342471531,217.939967638573,71.6544088723892,16.828342471531
2021-09-27,73807,238,59585,161,14222,77,64908,186,386153,756,451061,942,7,840,13,1947,914,"Knox County",470313,331.481375169302,0.16301389485747,200.292145868815,50.6045973638832,16.301389485747
2021-09-26,73569,124,59424,99,14145,25,64722,117,385397,703,450119,820,2,833,1,1934,908,"Knox County",470313,336.371735418753,0.163721858079225,174.351974110858,26.3654204753005,16.3721858079225
2021-09-25,73445,110,59325,90,14120,20,64605,102,384694,699,449299,801,0,831,3,1933,903,"Knox County",470313,345.301958482968,0.164565634420389,170.312111296094,23.3886794538956,16.4565634420389
2021-09-24,73335,245,59235,166,14100,79,64503,183,383995,937,448498,1120,13,831,5,1930,896,"Knox County",470313,350.830191808434,0.167375497324736,238.139281712392,52.0929678745856,16.7375497324736
2021-09-23,73090,350,59069,243,14021,107,64320,268,383058,1370,447378,1638,14,818,9,1925,893,"Knox County",470313,374.21887126233,0.170463472113119,348.278699504373,74.4185255351224,17.0463472113119
2021-09-22,72740,252,58826,186,13914,66,64052,201,381688,1260,445740,1461,3,804,4,1916,890,"Knox County",470313,352.105937960465,0.168566670936339,310.644188019468,53.5813383852881,16.8566670936339
2021-09-21,72488,396,58640,215,13848,181,63851,228,380428,996,444279,1224,10,801,7,1912,881,"Knox County",470313,364.6507751221,0.16050462153385,260.252215014256,84.1992460340241,16.050462153385
2021-09-20,72092,427,58425,303,13667,124,63623,339,379432,1295,443055,1634,5,791,9,1905,877,"Knox County",470313,404.836778911066,0.165325362152219,347.428202069686,90.7906011528493,16.5325362152219
2021-09-19,71665,119,58122,87,13543,32,63284,96,378137,432,441421,528,1,786,8,1896,870,"Knox County",470313,403.773657117707,0.168570068998335,112.265661378699,25.3022986819416,16.8570068998335
2021-09-18,71546,221,58035,178,13511,43,63188,193,377705,1075,440893,1268,0,785,7,1888,862,"Knox County",470313,427.374960930274,0.169953792403922,269.607686795815,46.989983266463,16.9953792403922
2021-09-17,71325,541,57857,417,13468,124,62995,445,376630,1310,439625,1755,5,785,11,1881,849,"Knox County",470313,490.31177109712,0.186159023979806,373.155749468971,115.029778041432,18.6159023979806
2021-09-16,70784,580,57440,453,13344,127,62550,484,375320,1518,437870,2002,7,780,16,1870,844,"Knox County",470313,539.215373591629,0.201175040518639,425.6739660609,123.322128029631,20.1175040518639
2021-09-15,70204,338,56987,249,13217,89,62066,267,373802,807,435868,1074,6,773,5,1854,841,"Knox County",470313,557.501068437402,0.216341591987348,228.35856121349,71.867033231061,21.6341591987348
2021-09-14,69866,554,56738,442,13128,112,61799,477,372995,1406,434794,1883,12,767,8,1849,837,"Knox County",470313,591.095717107543,0.226833596214511,400.371667378958,117.793894704165,22.6833596214511
2021-09-13,69312,395,56296,293,13016,102,61322,328,371589,1134,432911,1462,20,755,15,1841,834,"Knox County",470313,584.291737630046,0.229643000401123,310.85681237814,83.9866216753524,22.9643000401123
2021-09-12,68917,383,56003,355,12914,28,60994,373,370455,1460,431449,1833,0,735,6,1826,825,"Knox County",470313,640.424568319396,0.227631462268334,389.740449445369,81.435129371291,22.7631462268334
2021-09-11,68534,854,55648,693,12886,161,60621,754,368995,2620,429616,3374,4,735,25,1820,817,"Knox County",470313,775.015787358631,0.233729358140925,717.39458615858,181.581202305699,23.3729358140925
2021-09-10,67680,1021,54955,745,12725,276,59867,804,366375,2512,426242,3316,1,731,24,1795,807,"Knox County",470313,877.075479521085,0.233337794432548,705.062373355616,217.089470203885,23.3337794432548
2021-09-09,66659,308,54210,167,12449,141,59063,172,363863,685,422926,857,1,730,18,1771,800,"Knox County",470313,819.241653962361,0.230089136893978,182.219075381714,65.4883024709077,23.0089136893978
2021-09-08,66351,291,54043,226,12308,65,58891,249,363178,837,422069,1086,5,729,11,1753,795,"Knox County",470313,809.248309104788,0.228585909782058,230.910053517551,61.8736883734874,22.8585909782058
2021-09-07,66060,407,53817,297,12243,110,58642,309,362341,979,420983,1288,3,724,12,1742,789,"Knox County",470313,777.992528380036,0.226165254237288,273.86017396925,86.5381139794137,22.6165254237288
2021-09-06,65653,979,53520,783,12133,196,58333,840,361362,3219,419695,4059,1,721,19,1730,788,"Knox County",470313,902.165153844355,0.221400113830393,863.042271848748,208.159247139671,22.1400113830393
2021-09-05,64674,971,52737,805,11937,166,57493,837,358143,2905,415636,3742,2,720,15,1711,785,"Knox County",470313,1027.18827674336,0.223733212955648,795.640350149794,206.458252270297,22.3733212955648
2021-09-04,63703,537,51932,384,11771,153,56656,404,355238,1185,411894,1589,2,718,10,1696,779,"Knox County",470313,959.786355044407,0.226830645667315,337.860105929456,114.179280606745,22.6830645667315
2021-09-03,63166,331,51548,237,11618,94,56252,249,354053,724,410305,973,5,716,8,1686,775,"Knox County",470313,813.07554756088,0.225099308518464,206.88350098764,70.3786627203586,22.5099308518464
2021-09-02,62835,314,51311,174,11524,140,56003,193,353329,541,409332,734,3,711,5,1678,770,"Knox County",470313,814.35129371291,0.228713532774107,156.066279265085,66.7640486229383,22.8713532774107
2021-09-01,62521,270,51137,208,11384,62,55810,220,352788,539,408598,759,2,708,2,1673,767,"Knox County",470313,809.886182180803,0.232197200243457,161.38188823188,57.4085768413801,23.2197200243457
2021-08-31,62251,594,50929,432,11322,162,55590,478,352249,1485,407839,1963,2,706,9,1671,764,"Knox County",470313,849.646937252425,0.23308488313192,417.3816160727,126.298869051036,23.308488313192
2021-08-30,61657,513,50497,407,11160,106,55112,432,350764,1328,405876,1760,9,704,13,1662,760,"Knox County",470313,750.563986111377,0.244184027777778,374.21887126233,109.076295998622,24.4184027777778
2021-08-29,61144,486,50090,411,11054,75,54680,445,349436,1188,404116,1633,1,695,5,1649,754,"Knox County",470313,647.441172155564,0.257252151737329,347.215577711014,103.335438314484,25.7252151737329
2021-08-28,60658,398,49679,304,10979,94,54235,322,348248,845,402483,1167,0,694,4,1644,747,"Knox County",470313,617.886386300187,0.260206919568361,248.132626569965,84.6244947513677,26.0206919568361
2021-08-27,60260,467,49375,370,10885,97,53913,386,347403,925,401316,1311,5,694,5,1640,744,"Knox County",470313,646.803299079549,0.265465851828026,278.750534218701,99.2955754997204,26.5465851828026
2021-08-26,59793,448,49005,345,10788,103,53527,366,346478,1123,400005,1489,5,689,0,1635,743,"Knox County",470313,675.294963141567,0.262745487006546,316.597670062278,95.2557126849566,26.2745487006546
2021-08-25,59345,351,48660,227,10685,124,53161,238,345355,504,398516,742,2,684,4,1635,738,"Knox County",470313,692.517536193981,0.264977645305514,157.767274134459,74.6311498937941,26.4977645305514
2021-08-24,58994,333,48433,221,10561,112,52923,234,344851,553,397774,787,4,682,5,1631,728,"Knox County",470313,637.022578580647,0.272584092698841,167.335370274689,70.8039114377021,27.2584092698841
2021-08-23,58661,285,48212,206,10449,79,52689,226,344298,653,396987,879,1,678,1,1626,728,"Knox County",470313,588.544224803482,0.276848151848152,186.896811272493,60.5979422214568,27.6848151848152
2021-08-22,58376,239,48006,218,10370,21,52463,234,343645,675,396108,909,2,677,0,1625,724,"Knox County",470313,536.026008211553,0.275398132894014,193.275542032646,50.817221722555,27.5398132894014
2021-08-21,58137,498,47788,376,10349,122,52229,408,342970,1499,395199,1907,0,675,8,1625,722,"Knox County",470313,557.288444078731,0.260717846460618,405.474651987081,105.886930618546,26.0717846460618
2021-08-20,57639,425,47412,330,10227,95,51821,356,341471,898,393292,1254,0,675,6,1617,719,"Knox County",470313,548.358221014516,0.258817622693611,266.63094577441,90.3653524355057,25.8817622693611
2021-08-19,57214,368,47082,253,10132,115,51465,262,340573,761,392038,1023,1,675,6,1611,716,"Knox County",470313,531.348272320774,0.261031862418344,217.514718921229,78.2457639912144,26.1031862418344
2021-08-18,56846,264,46829,194,10017,70,51203,200,339812,692,391015,892,2,674,5,1605,716,"Knox County",470313,512.849953116329,0.250947588550516,189.660927935226,56.1328306893494,25.0947588550516
2021-08-17,56582,260,46635,179,9947,81,51003,197,339120,829,390123,1026,0,672,5,1600,716,"Knox County",470313,497.328374933289,0.238656527249683,218.152591997244,55.2823332546623,23.8656527249683
2021-08-16,56322,180,46456,126,9866,54,50806,131,338291,333,389097,464,2,672,4,1595,713,"Knox County",470313,475.002817272752,0.239197324414716,98.6577024237051,38.2723845609201,23.9197324414716
2021-08-15,56142,203,46330,180,9812,23,50675,198,337958,679,388633,877,3,670,6,1591,713,"Knox County",470313,467.348340360568,0.235388956066102,186.471562555149,43.162744810371,23.5388956066102
2021-08-14,55939,220,46150,148,9789,72,50477,155,337279,618,387756,773,0,667,4,1585,712,"Knox County",470313,408.238768649814,0.237597083531463,164.358629253285,46.7773589077912,23.7597083531463
2021-08-13,55719,266,46002,205,9717,61,50322,219,336661,1163,386983,1382,1,667,5,1581,710,"Knox County",470313,374.431495621001,0.211589249650458,293.846863684397,56.558079406693,21.1589249650458
2021-08-12,55453,220,45797,144,9656,76,50103,149,335498,493,385601,642,2,666,8,1576,707,"Knox County",470313,342.963090537578,0.206241743725231,136.504838267282,46.7773589077912,20.6241743725231
2021-08-11,55233,316,45653,236,9580,80,49954,247,335005,757,384959,1004,1,664,10,1568,705,"Knox County",470313,354.019557188511,0.21011673151751,213.474856106465,67.1892973402819,21.011673151751
2021-08-10,54917,173,45417,109,9500,64,49707,121,334248,489,383955,610,1,663,2,1558,702,"Knox County",470313,335.521237984066,0.212100139082058,129.700858789785,36.7840140502176,21.2100139082058
2021-08-09,54744,199,45308,162,9436,37,49586,170,333759,541,383345,711,1,662,5,1556,698,"Knox County",470313,339.56110079883,0.209868311385231,151.175919015634,42.3122473756839,20.9868311385231
2021-08-08,54545,89,45146,67,9399,22,49416,75,333218,297,382634,372,1,661,5,1551,697,"Knox County",470313,315.321923910247,0.20677102293411,79.0962614259015,18.9235679217883,20.677102293411
2021-08-07,54456,104,45079,75,9377,29,49341,79,332921,469,382262,548,0,660,2,1546,697,"Knox County",470313,290.657498304321,0.201176693869805,116.518148552134,22.1129333018649,20.1176693869805
2021-08-06,54352,202,45004,147,9348,55,49262,163,332452,640,381714,803,0,660,10,1544,697,"Knox County",470313,277.049539349327,0.21407249466951,170.737360013438,42.9501204516992,21.407249466951
2021-08-05,54150,173,44857,130,9293,43,49099,146,331812,641,380911,787,2,660,4,1534,696,"Knox County",470313,267.056194491753,0.207032057911065,167.335370274689,36.7840140502176,20.7032057911065
2021-08-04,53977,145,44727,101,9250,44,48953,104,331171,520,380124,624,1,658,4,1530,694,"Knox County",470313,230.697429158879,0.192592592592593,132.67759981119,30.8305320074078,19.2592592592593
2021-08-03,53832,240,44626,177,9206,63,48849,183,330651,614,379500,797,0,657,6,1526,693,"Knox County",470313,244.943261189888,0.19819043515726,169.461613861407,51.0298460812268,19.819043515726
2021-08-02,53592,97,44449,75,9143,22,48666,82,330037,424,378703,506,2,657,3,1520,690,"Knox County",470313,223.255576605367,0.187514086094208,107.58792548792,20.6245627911625,18.7514086094208
2021-08-01,53495,105,44374,89,9121,16,48584,99,329613,410,378197,509,0,655,2,1517,690,"Knox County",470313,226.657566344116,0.187144731088763,108.225798563935,22.3255576605367,18.7144731088763
2021-07-31,53390,103,44285,63,9105,40,48485,68,329203,306,377688,374,1,655,6,1515,688,"Knox County",470313,226.444941985444,0.192045454545455,79.521510143245,21.9003089431931,19.2045454545455
2021-07-30,53287,118,44222,83,9065,35,48417,91,328897,171,377314,262,1,654,0,1509,688,"Knox County",470313,208.584495857014,0.200310961388961,55.7075819720059,25.0896743232698,20.0310961388961
2021-07-29,53169,118,44139,67,9030,51,48326,69,328726,358,377052,427,0,653,2,1509,687,"Knox County",470313,196.890156130067,0.198913975421549,90.7906011528493,25.0896743232698,19.8913975421549
2021-07-28,53051,130,44072,89,8979,41,48257,94,328368,395,376625,489,0,653,4,1507,686,"Knox County",470313,193.70079074999,0.203923900118906,103.9733113905,27.6411666273312,20.3923900118906
2021-07-27,52921,117,43983,78,8938,39,48163,84,327973,367,376136,451,0,653,4,1503,686,"Knox County",470313,167.547994633361,0.194499668654738,95.893585760972,24.877049964598,19.4499668654738
2021-07-26,52804,98,43905,74,8899,24,48079,79,327606,273,375685,352,1,653,4,1499,686,"Knox County",470313,167.760618992033,0.20391061452514,74.8437742524659,20.8371871498343,20.391061452514
2021-07-25,52706,51,43831,43,8875,8,48000,44,327333,238,375333,282,3,652,5,1495,686,"Knox County",470313,156.278903623757,0.200606750094805,59.9600691454414,10.8438422922607,20.0606750094805
2021-07-24,52655,66,43788,44,8867,22,47956,45,327095,263,375051,308,0,649,1,1490,685,"Knox County",470313,148.411802352901,0.196810579541035,65.4883024709077,14.0332076723374,19.6810579541035
2021-07-23,52589,56,43744,30,8845,26,47911,32,326832,233,374743,265,1,649,3,1489,683,"Knox County",470313,135.229092115251,0.173659673659674,56.3454550480212,11.9069640856196,17.3659673659674
2021-07-22,52533,95,43714,70,8819,25,47879,79,326599,355,374478,434,0,648,3,1486,682,"Knox County",470313,130.3387318658,0.17706315381635,92.2789716635517,20.1993140738189,17.706315381635
2021-07-21,52438,61,43644,47,8794,14,47800,46,326244,312,374044,358,1,648,1,1483,682,"Knox County",470313,115.667651117447,0.166938775510204,76.1195204044966,12.9700858789785,16.6938775510204
2021-07-20,52377,77,43597,42,8780,35,47754,44,325932,211,373686,255,0,647,3,1482,682,"Knox County",470313,107.162676770576,0.163708961845608,54.2192114613034,16.3720756177269,16.3708961845608
2021-07-19,52300,49,43555,37,8745,12,47710,42,325721,254,373431,296,0,647,0,1479,682,"Knox County",470313,96.7440831956591,0.151046405823476,62.9368101668463,10.4185935749171,15.1046405823476
2021-07-18,52251,36,43518,30,8733,6,47668,31,325467,203,373135,234,0,647,1,1479,682,"Knox County",470313,93.5547178155824,0.148372093023256,49.7540999291961,7.65447691218401,14.8372093023256
2021-07-17,52215,29,43488,22,8727,7,47637,23,325264,162,372901,185,0,647,1,1478,681,"Knox County",470313,85.6876165447266,0.146521953626048,39.335506354279,6.16610640148157,14.6521953626048
2021-07-16,52186,37,43466,21,8720,16,47614,22,325102,220,372716,242,0,647,1,1477,681,"Knox County",470313,81.6477537299628,0.143213572854291,51.4550947985703,7.86710127085579,14.3213572854291
2021-07-15,52149,55,43445,42,8704,13,47592,44,324882,286,372474,330,-1,647,1,1476,681,"Knox County",470313,73.1427793830917,0.132631578947368,70.1660383616868,11.6943397269478,13.2631578947368
2021-07-14,52094,21,43403,17,8691,4,47548,16,324596,199,372144,215,0,648,2,1475,681,"Knox County",470313,64.6378050362206,0.126351735913489,45.7142371144323,4.46511153210734,12.6351735913489
2021-07-13,52073,42,43386,26,8687,16,47532,29,324397,265,371929,294,3,648,3,1473,681,"Knox County",470313,57.1959524827083,0.115256124721604,62.5115614495028,8.93022306421468,11.5256124721604
2021-07-12,52031,29,43360,23,8671,6,47503,25,324132,186,371635,211,0,645,1,1470,681,"Knox County",470313,52.9434653092728,0.11104617182934,44.8637396797452,6.16610640148157,11.104617182934
2021-07-11,52002,8,43337,3,8665,5,47478,4,323946,107,371424,111,0,645,0,1469,680,"Knox County",470313,46.989983266463,0.10264483627204,23.6013038125674,1.70099486937423,10.264483627204
2021-07-10,51994,20,43334,16,8660,4,47474,16,323839,153,371313,169,0,645,2,1469,680,"Knox County",470313,45.076364038417,0.099236641221374,35.9335166155305,4.25248717343556,9.9236641221374
2021-07-09,51974,26,43318,20,8656,6,47458,20,323686,242,371144,262,0,645,0,1467,680,"Knox County",470313,42.7374960930274,0.0967336683417085,55.7075819720059,5.52823332546623,9.67336683417085
2021-07-08,51948,19,43298,14,8650,5,47438,16,323444,240,370882,256,0,645,0,1467,679,"Knox County",470313,35.0830191808434,0.08300395256917,54.4318358199752,4.03986281476378,8.300395256917
2021-07-07,51929,18,43284,5,8645,13,47422,5,323204,228,370626,233,1,645,1,1467,677,"Knox County",470313,34.4451461048281,0.0748697916666667,49.5414755705243,3.82723845609201,7.48697916666667
2021-07-06,51911,24,43279,9,8632,15,47417,13,322976,216,370393,229,0,644,2,1466,677,"Knox County",470313,30.6179076487361,0.0673011556764106,48.6909781358372,5.10298460812268,6.73011556764106
2021-07-05,51887,10,43270,7,8617,3,47404,6,322760,77,370164,83,0,644,1,1464,677,"Knox County",470313,26.5780448339723,0.0595681310498883,17.6478217697576,2.12624358671778,5.95681310498883
2021-07-04,51877,8,43263,7,8614,1,47398,7,322683,103,370081,110,0,644,1,1463,677,"Knox County",470313,26.5780448339723,0.0618479880774963,23.3886794538956,1.70099486937423,6.18479880774963
2021-07-03,51869,9,43256,7,8613,2,47391,7,322580,116,369971,123,0,644,1,1462,677,"Knox County",470313,24.2391768885827,0.0570987654320988,26.1527961166287,1.913619228046,5.70987654320988
2021-07-02,51860,17,43249,13,8611,4,47384,17,322464,262,369848,279,-1,644,0,1461,677,"Knox County",470313,22.3255576605367,0.0540746382330541,59.3221960694261,3.61461409742023,5.40746382330541
2021-07-01,51843,18,43236,15,8607,3,47367,17,322202,168,369569,185,-1,645,1,1461,677,"Knox County",470313,22.1129333018649,0.0579710144927536,39.335506354279,3.82723845609201,5.79710144927536
2021-06-30,51825,18,43221,12,8604,6,47350,11,322034,219,369384,230,0,646,0,1460,677,"Knox County",470313,22.1129333018649,0.062953995157385,48.903602494509,3.82723845609201,6.2953995157385
2021-06-29,51807,21,43209,16,8598,5,47339,19,321815,306,369154,325,0,646,1,1460,677,"Knox County",470313,21.4750602258496,0.0629213483146067,69.1029165683279,4.46511153210734,6.29213483146067
2021-06-28,51786,9,43193,2,8593,7,47320,2,321509,91,368829,93,0,646,0,1459,677,"Knox County",470313,21.2624358671778,0.0594795539033457,19.7740653564754,1.913619228046,5.94795539033457
2021-06-27,51777,5,43191,3,8586,2,47318,3,321418,101,368736,104,0,646,0,1459,677,"Knox County",470313,20.6245627911625,0.0567587752053772,22.1129333018649,1.06312179335889,5.67587752053771
2021-06-26,51772,3,43188,2,8584,1,47315,2,321317,116,368632,118,0,646,0,1459,677,"Knox County",470313,19.3488166391318,0.0532233883058471,25.0896743232698,0.637873076015334,5.32233883058471
2021-06-25,51769,13,43186,9,8583,4,47313,11,321201,214,368514,225,0,646,0,1459,677,"Knox County",470313,18.4983192044447,0.05078125,47.8404807011501,2.76411666273312,5.078125
2021-06-24,51756,14,43177,9,8579,5,47302,10,320987,277,368289,287,1,646,1,1459,677,"Knox County",470313,17.6478217697576,0.0419681620839363,61.0231909388003,2.97674102140489,4.19681620839363
2021-06-23,51742,13,43168,6,8574,7,47292,8,320710,203,368002,211,0,645,0,1458,676,"Knox County",470313,16.5846999763987,0.0403521643433602,44.8637396797452,2.76411666273312,4.03521643433602
2021-06-22,51729,14,43162,5,8567,9,47284,5,320507,189,367791,194,2,645,1,1458,675,"Knox County",470313,15.0963294656962,0.0332792207792208,41.249125582325,2.97674102140489,3.32792207792208
2021-06-21,51715,9,43157,8,8558,1,47279,9,320318,225,367597,234,0,643,1,1457,674,"Knox County",470313,15.0963294656962,0.0349599417334304,49.7540999291961,1.913619228046,3.49599417334304
2021-06-20,51706,3,43149,2,8557,1,47270,3,320093,124,367363,127,1,643,0,1456,674,"Knox County",470313,14.6710807483527,0.0343839541547278,27.0032935513158,0.637873076015334,3.43839541547278
2021-06-19,51703,3,43147,1,8556,2,47267,1,319969,126,367236,127,0,642,0,1456,674,"Knox County",470313,14.6710807483527,0.0334519572953737,27.0032935513158,0.637873076015334,3.34519572953737
2021-06-18,51700,5,43146,3,8554,2,47266,3,319843,201,367109,204,1,642,0,1456,674,"Knox County",470313,12.9700858789785,0.0281791907514451,43.3753691690427,1.06312179335889,2.81791907514451
2021-06-17,51695,12,43143,8,8552,4,47263,9,319642,413,366905,422,0,641,0,1456,674,"Knox County",470313,12.5448371616349,0.0250164581961817,89.7274793594904,2.55149230406134,2.50164581961817
2021-06-16,51683,7,43135,4,8548,3,47254,4,319229,245,366483,249,1,641,0,1456,673,"Knox County",470313,11.2690910096042,0.0218368657675016,52.9434653092728,1.48837051070245,2.18368657675016
2021-06-15,51676,13,43131,9,8545,4,47250,14,318984,338,366234,352,0,640,0,1456,673,"Knox County",470313,11.0564666509325,0.0250728862973761,74.8437742524659,2.76411666273312,2.50728862973761
2021-06-14,51663,7,43122,2,8541,5,47236,3,318646,175,365882,178,1,640,0,1456,673,"Knox County",470313,10.6312179335889,0.0223025919228451,37.8471358435765,1.48837051070245,2.23025919228451
2021-06-13,51656,3,43120,3,8536,0,47233,4,318471,104,365704,108,0,639,1,1456,673,"Knox County",470313,10.6312179335889,0.0231707317073171,22.963430736552,0.637873076015334,2.31707317073171
2021-06-12,51653,2,43117,1,8536,1,47229,1,318367,141,365596,142,0,639,0,1455,673,"Knox County",470313,10.4185935749171,0.0229607250755287,30.1926589313925,0.425248717343556,2.29607250755287
2021-06-11,51651,7,43116,3,8535,4,47228,2,318226,237,365454,239,0,639,0,1455,672,"Knox County",470313,10.8438422922607,0.0218934911242604,50.817221722555,1.48837051070245,2.18934911242604
2021-06-10,51644,7,43113,4,8531,3,47226,5,317989,253,365215,258,0,639,0,1455,671,"Knox County",470313,9.7807204989018,0.0216251638269987,54.8570845373188,1.48837051070245,2.16251638269987
2021-06-09,51637,2,43109,1,8528,1,47221,1,317736,232,364957,233,1,639,0,1455,671,"Knox County",470313,8.7175987055429,0.0198675496688742,49.5414755705243,0.425248717343556,1.98675496688742
2021-06-08,51635,5,43108,3,8527,2,47220,4,317504,207,364724,211,1,638,0,1455,670,"Knox County",470313,7.01660383616868,0.014609203798393,44.8637396797452,1.06312179335889,1.4609203798393
2021-06-07,51630,16,43105,10,8525,6,47216,10,317297,230,364513,240,0,637,2,1455,669,"Knox County",470313,8.93022306421468,0.0188679245283019,51.0298460812268,3.40198973874845,1.88679245283019
2021-06-06,51614,4,43095,2,8519,2,47206,2,317067,135,364273,137,0,637,0,1453,669,"Knox County",470313,9.14284742288646,0.0171232876712329,29.1295371380336,0.850497434687113,1.71232876712329
2021-06-05,51610,5,43093,2,8517,3,47204,3,316932,188,364136,191,0,637,0,1453,668,"Knox County",470313,9.7807204989018,0.0178926441351889,40.6112525063096,1.06312179335889,1.78926441351889
2021-06-04,51605,7,43091,2,8514,5,47201,3,316744,245,363945,248,1,637,0,1453,668,"Knox County",470313,9.7807204989018,0.0184453227931489,52.730840950601,1.48837051070245,1.84453227931489
2021-06-03,51598,7,43089,4,8509,3,47198,6,316499,297,363697,303,0,636,0,1453,668,"Knox County",470313,9.7807204989018,0.018554062699936,64.4251806775488,1.48837051070245,1.8554062699936
2021-06-02,51591,20,43085,7,8506,13,47192,6,316202,218,363394,224,0,636,1,1453,668,"Knox County",470313,13.6079589549938,0.0218790218790219,47.6278563424783,4.25248717343556,2.18790218790219
2021-06-01,51571,12,43078,9,8493,3,47186,10,315984,201,363170,211,0,636,1,1452,668,"Knox County",470313,15.0963294656962,0.0257400257400257,44.8637396797452,2.55149230406134,2.57400257400257
2021-05-31,51559,17,43069,14,8490,3,47176,12,315783,265,362959,277,0,636,0,1451,668,"Knox County",470313,15.308953824368,0.0263984915147706,58.8969473520825,3.61461409742023,2.63984915147706
2021-05-30,51542,3,43055,1,8487,2,47164,1,315518,153,362682,154,0,636,0,1451,668,"Knox County",470313,15.0963294656962,0.0254975124378109,32.7441512354538,0.637873076015334,2.54975124378109
2021-05-29,51539,14,43054,8,8485,6,47163,6,315365,137,362528,143,0,636,1,1451,667,"Knox County",470313,17.0099486937423,0.0282051282051282,30.4052832900643,2.97674102140489,2.82051282051282
2021-05-28,51525,10,43046,6,8479,4,47157,10,315228,262,362385,272,0,636,1,1450,665,"Knox County",470313,17.6478217697576,0.0321969696969697,57.8338255587237,2.12624358671778,3.21969696969697
2021-05-27,51515,23,43040,8,8475,15,47147,9,314966,254,362113,263,0,636,1,1449,665,"Knox County",470313,21.049811508506,0.0349740932642487,55.9202063306777,4.8903602494509,3.49740932642487
2021-05-26,51492,16,43032,8,8460,8,47138,11,314712,423,361850,434,0,636,0,1448,665,"Knox County",470313,20.1993140738189,0.0336374002280502,92.2789716635517,3.40198973874845,3.36374002280502
2021-05-25,51476,18,43024,8,8452,10,47127,7,314289,230,361416,237,0,636,1,1448,665,"Knox County",470313,21.4750602258496,0.0314606741573034,50.3919730052114,3.82723845609201,3.14606741573034
2021-05-24,51458,25,43016,21,8442,4,47120,24,314059,336,361179,360,0,636,1,1447,665,"Knox County",470313,23.1760550952238,0.0365002683843264,76.5447691218401,5.31560896679445,3.65002683843264
2021-05-23,51433,16,42995,8,8438,8,47096,8,313723,161,360819,169,1,636,1,1446,664,"Knox County",470313,25.9401717579569,0.0399361022364217,35.9335166155305,3.40198973874845,3.99361022364217
2021-05-22,51417,8,42987,4,8430,4,47088,4,313562,210,360650,214,0,635,0,1445,663,"Knox County",470313,24.6644256059263,0.0374551051821447,45.5016127557605,1.70099486937423,3.74551051821447
2021-05-21,51409,15,42983,11,8426,4,47084,13,313352,276,360436,289,0,635,1,1445,663,"Knox County",470313,25.7275473992852,0.0386571719226857,61.4484396561439,3.18936538007667,3.86571719226857
2021-05-20,51394,34,42972,26,8422,8,47071,27,313076,427,360147,454,0,635,1,1444,662,"Knox County",470313,28.0664153446747,0.0435790449698656,96.5314588369873,7.22922819484046,4.35790449698656
2021-05-19,51360,14,42946,6,8414,8,47044,6,312649,389,359693,395,0,635,1,1443,661,"Knox County",470313,27.6411666273312,0.0420207743153919,83.9866216753524,2.97674102140489,4.20207743153919
2021-05-18,51346,24,42940,14,8406,10,47038,14,312260,337,359298,351,1,635,0,1442,661,"Knox County",470313,28.9169127793618,0.043010752688172,74.6311498937941,5.10298460812268,4.3010752688172
2021-05-17,51322,15,42926,8,8396,7,47024,8,311923,290,358947,298,0,634,0,1442,660,"Knox County",470313,26.790669192644,0.0368663594470046,63.3620588841899,3.18936538007667,3.68663594470046
2021-05-16,51307,22,42918,13,8389,9,47016,12,311633,174,358649,186,1,634,1,1442,660,"Knox County",470313,28.0664153446747,0.0384087791495199,39.5481307129507,4.67773589077912,3.84087791495199
2021-05-15,51285,23,42905,13,8380,10,47004,17,311459,246,358463,263,0,633,2,1441,659,"Knox County",470313,31.2557807247514,0.0433810375670841,55.9202063306777,4.8903602494509,4.33810375670841
2021-05-14,51262,36,42892,25,8370,11,46987,26,311213,391,358200,417,0,633,4,1439,658,"Knox County",470313,35.7208922568587,0.0465313028764805,88.6643575661315,7.65447691218401,4.65313028764805
2021-05-13,51226,31,42867,17,8359,14,46961,17,310822,254,357783,271,0,633,0,1435,658,"Knox County",470313,35.0830191808434,0.0458505272810637,57.6212012000519,6.59135511882512,4.58505272810637
2021-05-12,51195,34,42850,28,8345,6,46944,26,310568,382,357512,408,0,633,0,1435,658,"Knox County",470313,39.335506354279,0.0546946216955333,86.7507383380855,7.22922819484046,5.46946216955333
2021-05-11,51161,36,42822,30,8339,6,46918,31,310186,418,357104,449,0,633,4,1435,658,"Knox County",470313,41.8869986583403,0.0597731239092496,95.4683370436284,7.65447691218401,5.97731239092496
2021-05-10,51125,21,42792,14,8333,7,46887,13,309768,220,356655,233,1,633,1,1431,658,"Knox County",470313,43.162744810371,0.0637629097440503,49.5414755705243,4.46511153210734,6.37629097440503
2021-05-09,51104,17,42778,14,8326,3,46874,17,309548,287,356422,304,0,632,1,1430,657,"Knox County",470313,42.0996230170121,0.0626865671641791,64.6378050362206,3.61461409742023,6.26865671641791
2021-05-08,51087,20,42764,11,8323,9,46857,14,309261,206,356118,220,0,632,1,1429,657,"Knox County",470313,41.4617499409967,0.0625543006081668,46.7773589077912,4.25248717343556,6.25543006081668
2021-05-07,51067,43,42753,31,8314,12,46843,33,309055,368,355898,401,0,632,0,1428,657,"Knox County",470313,42.9501204516992,0.0660542432195975,85.262367827383,9.14284742288646,6.60542432195976
2021-05-06,51024,40,42722,26,8302,14,46810,28,308687,240,355497,268,1,632,0,1428,657,"Knox County",470313,44.8637396797452,0.0709592641261498,56.9833281240365,8.50497434687113,7.09592641261498
2021-05-05,50984,51,42696,32,8288,19,46782,38,308447,422,355229,460,0,631,4,1428,656,"Knox County",470313,48.4783537771654,0.0745182012847966,97.807204989018,10.8438422922607,7.45182012847966
2021-05-04,50933,50,42664,32,8269,18,46744,34,308025,383,354769,417,0,631,0,1424,656,"Knox County",470313,51.4550947985703,0.0768562744246635,88.6643575661315,10.6312179335889,7.68562744246635
2021-05-03,50883,24,42632,9,8251,15,46710,7,307642,204,354352,211,1,631,1,1424,656,"Knox County",470313,52.0929678745856,0.074967119684349,44.8637396797452,5.10298460812268,7.4967119684349
2021-05-02,50859,25,42623,18,8236,7,46703,20,307438,195,354141,215,0,630,2,1423,655,"Knox County",470313,53.7939627439599,0.0793795620437956,45.7142371144323,5.31560896679445,7.93795620437956
2021-05-01,50834,45,42605,35,8229,10,46683,37,307243,351,353926,388,0,630,2,1421,655,"Knox County",470313,59.1095717107543,0.0834745762711864,82.4982511646499,9.56809614023002,8.34745762711864
2021-04-30,50789,58,42570,30,8219,28,46646,29,306892,370,353538,399,0,630,3,1419,655,"Knox County",470313,62.298937090831,0.0818490245971162,84.8371191100395,12.3322128029631,8.18490245971162
2021-04-29,50731,55,42540,34,8191,21,46617,35,306522,413,353139,448,0,630,2,1416,654,"Knox County",470313,65.4883024709077,0.0788022064617809,95.2557126849566,11.6943397269478,7.88022064617809
2021-04-28,50676,47,42506,28,8170,19,46582,34,306109,394,352691,428,4,630,1,1414,654,"Knox County",470313,64.6378050362206,0.0782122905027933,91.003225511521,9.99334485757357,7.82122905027933
2021-04-27,50629,39,42478,17,8151,22,46548,20,305715,261,352263,281,1,626,2,1413,652,"Knox County",470313,62.298937090831,0.0767932489451477,59.7474447867697,8.29234998819935,7.67932489451477
2021-04-26,50590,69,42461,36,8129,33,46528,40,305454,341,351982,381,1,625,0,1411,651,"Knox County",470313,71.867033231061,0.0846456692913386,81.0098806539475,14.6710807483527,8.46456692913386
2021-04-25,50521,37,42425,24,8096,13,46488,25,305113,259,351601,284,0,624,3,1411,649,"Knox County",470313,74.4185255351224,0.0843234955921809,60.385317862785,7.86710127085579,8.43234955921809
2021-04-24,50484,36,42401,22,8083,14,46463,28,304854,394,351317,422,0,624,3,1408,649,"Knox County",470313,72.5049063070764,0.0798335225122966,89.7274793594904,7.65447691218401,7.98335225122966
2021-04-23,50448,42,42379,31,8069,11,46435,36,304460,346,350895,382,0,624,2,1405,648,"Knox County",470313,69.1029165683279,0.083015993907083,81.2225050126193,8.93022306421468,8.3015993907083
2021-04-22,50406,78,42348,61,8058,17,46399,64,304114,520,350513,584,1,624,1,1403,647,"Knox County",470313,73.9932768177788,0.0894279507603186,124.172625464318,16.5846999763987,8.94279507603186
2021-04-21,50328,62,42287,34,8041,28,46335,34,303594,358,349929,392,1,623,1,1402,646,"Knox County",470313,77.1826421978555,0.0906089508437271,83.348748599337,13.1827102376502,9.06089508437271
2021-04-20,50266,38,42253,34,8013,4,46301,38,303236,345,349537,383,1,622,1,1401,645,"Knox County",470313,76.9700178391837,0.0937057991513437,81.435129371291,8.07972562952757,9.37057991513437
2021-04-19,50228,63,42219,40,8009,23,46263,39,302891,247,349154,286,0,621,0,1400,644,"Knox County",470313,75.694271687153,0.0965971459934138,60.8105665801286,13.395334596322,9.65971459934138
2021-04-18,50165,38,42179,27,7986,11,46224,32,302644,284,348868,316,0,621,1,1400,644,"Knox County",470313,75.9068960458248,0.0980108499095841,67.1892973402819,8.07972562952757,9.80108499095841
2021-04-17,50127,37,42152,18,7975,19,46192,23,302360,235,348552,258,0,621,1,1399,643,"Knox County",470313,76.1195204044966,0.102268358323722,54.8570845373188,7.86710127085579,10.2268358323722
2021-04-16,50090,345,42134,329,7956,16,46169,369,302125,1647,348294,2016,1,621,4,1398,643,"Knox County",470313,140.544701082045,0.141440377804014,428.650707082305,73.3554037417635,14.1440377804014
2021-04-15,49745,87,41805,54,7940,33,45800,55,300478,420,346278,475,1,620,0,1394,642,"Knox County",470313,142.458320310091,0.142995637421231,100.996570369095,18.4983192044447,14.2995637421231
2021-04-14,49658,86,41751,59,7907,27,45745,61,300058,499,345803,560,0,619,3,1394,641,"Knox County",470313,147.561304918214,0.14368886818817,119.069640856196,18.2856948457729,14.368886818817
2021-04-13,49572,68,41692,38,7880,30,45684,43,299559,253,345243,296,-5,619,1,1391,641,"Knox County",470313,153.940035678367,0.147848823389589,62.9368101668463,14.4584563896809,14.7848823389589
2021-04-12,49504,63,41654,43,7850,20,45641,50,299306,270,344947,320,1,624,0,1390,641,"Knox County",470313,153.940035678367,0.149257250648432,68.039794774969,13.395334596322,14.9257250648432
2021-04-11,49441,26,41611,15,7830,11,45591,14,299036,211,344627,225,2,623,0,1390,640,"Knox County",470313,151.388543374306,0.148192771084337,47.8404807011501,5.52823332546623,14.8192771084337
2021-04-10,49415,51,41596,33,7819,18,45577,40,298825,423,344402,463,0,621,1,1390,640,"Knox County",470313,154.365284395711,0.1451205510907,98.4450780650333,10.8438422922607,14.51205510907
2021-04-09,49364,82,41563,62,7801,20,45537,71,298402,441,343939,512,5,621,2,1389,639,"Knox County",470313,98.4450780650333,0.117151876534549,108.86367163995,17.4351974110858,11.7151876534549
2021-04-08,49282,49,41501,26,7781,23,45466,25,297961,331,343427,356,-6,616,0,1387,639,"Knox County",470313,90.3653524355057,0.111273792093704,75.694271687153,10.4185935749171,11.1273792093704
2021-04-07,49233,76,41475,53,7758,23,45441,57,297630,565,343071,622,2,622,1,1387,638,"Knox County",470313,88.2391088487879,0.107372942018611,132.252351093846,16.1594512590551,10.7372942018611
2021-04-06,49157,73,41422,40,7735,33,45384,44,297065,302,342449,346,2,620,0,1386,638,"Knox County",470313,89.3022306421468,0.105836849507736,73.5680281004352,15.5215781830398,10.5836849507736
2021-04-05,49084,44,41382,32,7702,12,45340,35,296763,191,342103,226,0,618,3,1386,638,"Knox County",470313,85.262367827383,0.104,48.0531050598219,9.35547178155824,10.4
2021-04-04,49040,49,41350,31,7690,18,45305,40,296572,244,341877,284,3,618,0,1383,636,"Knox County",470313,90.1527280768339,0.111071555713777,60.385317862785,10.4185935749171,11.1071555713777
2021-04-03,48991,80,41319,63,7672,17,45265,70,296328,444,341593,514,0,615,0,1383,635,"Knox County",470313,96.3188344783155,0.11958041958042,109.288920357294,17.0099486937423,11.958041958042
2021-04-02,48911,72,41256,42,7655,30,45195,43,295884,348,341079,391,0,615,2,1383,633,"Knox County",470313,94.1925908915977,0.114640379700621,83.1361242406653,15.308953824368,11.4640379700621
2021-04-01,48839,76,41214,64,7625,12,45152,67,295536,410,340688,477,1,615,1,1381,630,"Knox County",470313,99.9334485757357,0.124475524475524,101.421819086438,16.1594512590551,12.4475524475524
2021-03-31,48763,86,41150,65,7613,21,45085,72,295126,574,340211,646,3,614,2,1380,630,"Knox County",470313,102.059692162454,0.128640776699029,137.355335701969,18.2856948457729,12.8640776699029
2021-03-30,48677,56,41085,32,7592,24,45013,38,294552,320,339565,358,1,611,2,1378,628,"Knox County",470313,98.4450780650333,0.12603591160221,76.1195204044966,11.9069640856196,12.603591160221
2021-03-29,48621,43,41053,21,7568,22,44975,22,294232,279,339207,301,5,610,0,1376,626,"Knox County",470313,98.2324537063615,0.118478626725008,63.9999319602052,9.14284742288646,11.8478626725008
2021-03-28,48578,80,41032,46,7546,34,44953,49,293953,357,338906,406,2,605,5,1376,625,"Knox County",470313,104.823808825187,0.116715163271904,86.3254896207419,17.0099486937423,11.6715163271904
2021-03-27,48498,43,40986,40,7512,3,44904,42,293596,314,338500,356,0,603,2,1371,623,"Knox County",470313,96.9567075543308,0.113458262350937,75.694271687153,9.14284742288646,11.3458262350937
2021-03-26,48455,79,40946,54,7509,25,44862,60,293282,333,338144,393,0,603,2,1369,621,"Knox County",470313,98.4450780650333,0.119169220292816,83.5613729580088,16.7973243350705,11.9169220292816
2021-03-25,48376,87,40892,63,7484,24,44802,67,292949,419,337751,486,0,603,4,1367,619,"Knox County",470313,100.783946010423,0.118805159538357,103.335438314484,18.4983192044447,11.8805159538357
2021-03-24,48289,123,40829,93,7460,30,44735,95,292530,535,337265,630,1,603,3,1363,618,"Knox County",470313,108.651047281279,0.127303754266212,133.95334596322,26.1527961166287,12.7303754266212
2021-03-23,48166,88,40736,58,7430,30,44640,63,291995,375,336635,438,1,602,3,1360,617,"Knox County",470313,115.455026758776,0.132225913621262,93.1294690982388,18.7109435631165,13.2225913621262
2021-03-22,48078,110,40678,77,7400,33,44577,79,291620,368,336197,447,2,601,1,1357,616,"Knox County",470313,129.700858789785,0.144169835234474,95.0430883262848,23.3886794538956,14.4169835234474
2021-03-21,47968,50,40601,33,7367,17,44498,34,291252,221,335750,255,-3,599,1,1356,616,"Knox County",470313,123.322128029631,0.146422628951747,54.2192114613034,10.6312179335889,14.6422628951747
2021-03-20,47918,59,40568,29,7350,30,44464,33,291031,220,335495,253,0,602,4,1355,615,"Knox County",470313,126.72411776838,0.148518263266713,53.7939627439599,12.5448371616349,14.8518263266713
2021-03-19,47859,146,40539,102,7320,44,44431,116,290811,655,335242,771,3,602,3,1351,615,"Knox County",470313,140.969949799389,0.148475609756098,163.933380535941,31.0431563660796,14.8475609756098
2021-03-18,47713,68,40437,50,7276,18,44315,66,290156,435,334471,501,2,599,1,1348,614,"Knox County",470313,136.930086984625,0.147496206373293,106.524803694561,14.4584563896809,14.7496206373293
2021-03-17,47645,46,40387,36,7258,10,44249,41,289721,358,333970,399,1,597,3,1347,614,"Knox County",470313,120.558011366898,0.140992167101828,84.8371191100395,9.7807204989018,14.0992167101828
2021-03-16,47599,128,40351,84,7248,44,44208,100,289363,533,333571,633,0,596,4,1344,612,"Knox County",470313,129.062985713769,0.143909174593434,134.591219039236,27.2159179099876,14.3909174593434
2021-03-15,47471,43,40267,28,7204,15,44108,39,288830,208,332938,247,1,596,1,1340,611,"Knox County",470313,114.81715368276,0.140241909120628,52.5182165919292,9.14284742288646,14.0241909120628
2021-03-14,47428,59,40239,37,7189,22,44069,46,288622,289,332691,335,0,595,0,1339,610,"Knox County",470313,116.730772910806,0.14049060210258,71.2291601550457,12.5448371616349,14.049060210258
2021-03-13,47369,70,40202,33,7167,37,44023,41,288333,468,332356,509,1,595,1,1339,610,"Knox County",470313,119.069640856196,0.132253313696613,108.225798563935,14.8837051070245,13.2253313696613
2021-03-12,47299,63,40169,60,7130,3,43982,67,287865,502,331847,569,0,594,1,1338,608,"Knox County",470313,101.421819086438,0.125274036955841,120.983260084242,13.395334596322,12.5274036955841
2021-03-11,47236,81,40109,54,7127,27,43915,65,287363,446,331278,511,2,594,0,1337,606,"Knox County",470313,104.185935749171,0.12457071495473,108.651047281279,17.222573052414,12.457071495473
2021-03-10,47155,94,40055,71,7100,23,43850,81,286917,705,330767,786,2,592,0,1337,605,"Knox County",470313,114.391904965417,0.122284122562674,167.122745916018,19.9866897151471,12.2284122562674
2021-03-09,47061,80,39984,50,7077,30,43769,55,286212,417,329981,472,0,590,2,1337,605,"Knox County",470313,104.185935749171,0.114902303878682,100.358697293079,17.0099486937423,11.4902303878682
2021-03-08,46981,83,39934,57,7047,26,43714,62,285795,290,329509,352,1,590,0,1335,600,"Knox County",470313,112.690910096042,0.117996604414261,74.8437742524659,17.6478217697576,11.7996604414261
2021-03-07,46898,63,39877,40,7021,23,43652,41,285505,204,329157,245,0,589,0,1335,598,"Knox County",470313,113.54140753073,0.119628339140534,52.0929678745856,13.395334596322,11.9628339140534
2021-03-06,46835,123,39837,86,6998,37,43611,95,285301,639,328912,734,0,589,1,1335,598,"Knox County",470313,124.810498540334,0.127010084491687,156.066279265085,26.1527961166287,12.7010084491687
2021-03-05,46712,69,39751,43,6961,26,43516,48,284662,347,328178,395,2,589,2,1334,598,"Knox County",470313,126.086244692364,0.127896995708154,83.9866216753524,14.6710807483527,12.7896995708154
2021-03-04,46643,112,39708,85,6935,27,43468,99,284315,774,327783,873,5,587,2,1332,596,"Knox County",470313,132.67759981119,0.124708322530464,185.621065120462,23.8139281712392,12.4708322530464
2021-03-03,46531,70,39623,29,6908,41,43369,36,283541,351,326910,387,1,582,4,1330,594,"Knox County",470313,127.574615203067,0.126084441873916,82.2856268059781,14.8837051070245,12.6084441873916
2021-03-02,46461,133,39594,91,6867,42,43333,99,283190,622,326523,721,-1,581,2,1326,593,"Knox County",470313,138.843706212671,0.129484758564877,153.302162602352,28.2790397033465,12.9484758564877
2021-03-01,46328,56,39503,30,6825,26,43234,33,282568,101,325802,134,1,582,1,1324,588,"Knox County",470313,133.102848528533,0.129263399254801,28.4916640620183,11.9069640856196,12.9263399254801
2021-02-28,46272,77,39473,53,6799,24,43201,63,282467,424,325668,487,2,581,2,1323,588,"Knox County",470313,136.079589549938,0.126775663361029,103.548062673156,16.3720756177269,12.6775663361029
2021-02-27,46195,81,39420,47,6775,34,43138,59,282043,476,325181,535,1,579,3,1321,587,"Knox County",470313,127.149366485723,0.123725934314836,113.754031889401,17.222573052414,12.3725934314836
2021-02-26,46114,105,39373,69,6741,36,43079,80,281567,360,324646,440,5,578,2,1318,586,"Knox County",470313,134.803843397907,0.131115459882583,93.5547178155824,22.3255576605367,13.1115459882583
2021-02-25,46009,131,39304,92,6705,39,42999,98,281207,738,324206,836,2,573,5,1316,586,"Knox County",470313,138.843706212671,0.132203389830508,177.753963849607,27.8537909860029,13.2203389830508
2021-02-24,45878,100,39212,70,6666,30,42901,78,280469,691,323370,769,2,571,2,1311,585,"Knox County",470313,145.222436972824,0.130035696073432,163.508131818597,21.2624358671778,13.0035696073432
2021-02-23,45778,115,39142,61,6636,54,42823,68,279778,538,322601,606,5,569,7,1309,584,"Knox County",470313,141.395198516732,0.12582085631731,128.850361355098,24.4518012472545,12.582085631731
2021-02-22,45663,60,39081,31,6582,29,42755,37,279240,222,321995,259,3,564,3,1302,582,"Knox County",470313,142.24569595142,0.122838250254324,55.0697088959905,12.7574615203067,12.2838250254323
2021-02-21,45603,82,39050,41,6553,41,42718,45,279018,367,321736,412,2,561,3,1299,580,"Knox County",470313,143.308817744778,0.120560020741509,87.6012357727726,17.4351974110858,12.0560020741509
2021-02-20,45521,137,39009,98,6512,39,42673,115,278651,751,321324,866,1,559,2,1296,577,"Knox County",470313,155.215781830398,0.12440305635148,184.13269460976,29.1295371380336,12.440305635148
2021-02-19,45384,93,38911,41,6473,52,42558,46,277900,179,320458,225,1,558,2,1294,576,"Knox County",470313,152.664289526337,0.122577397432671,47.8404807011501,19.7740653564754,12.2577397432671
2021-02-18,45291,147,38870,104,6421,43,42512,113,277721,686,320233,799,4,557,6,1292,574,"Knox County",470313,156.066279265085,0.127540650406504,169.886862578751,31.2557807247514,12.7540650406504
2021-02-17,45144,113,38766,68,6378,45,42399,76,277035,629,319434,705,1,553,5,1286,568,"Knox County",470313,158.830395927818,0.129132231404959,149.900172863604,24.0265525299109,12.9132231404959
2021-02-16,45031,145,38698,90,6333,55,42323,102,276406,538,318729,640,2,552,4,1281,565,"Knox County",470313,165.209126687972,0.136712749615975,136.079589549938,30.8305320074078,13.6712749615975
2021-02-15,44886,73,38608,34,6278,39,42221,43,275868,223,318089,266,2,550,1,1277,565,"Knox County",470313,167.973243350705,0.138001533350371,56.558079406693,15.5215781830398,13.8001533350371
2021-02-14,44813,162,38574,132,6239,30,42178,134,275645,540,317823,674,2,548,7,1276,564,"Knox County",470313,184.983192044447,0.150658682634731,143.308817744778,34.4451461048281,15.0658682634731
2021-02-13,44651,133,38442,89,6209,44,42044,105,275105,629,317149,734,4,546,7,1269,563,"Knox County",470313,184.13269460976,0.153104130596092,156.066279265085,28.2790397033465,15.3104130596092
2021-02-12,44518,174,38353,109,6165,65,41939,119,274476,702,316415,821,3,542,3,1262,559,"Knox County",470313,201.355267662174,0.149170079758569,174.56459846953,36.9966384088894,14.9170079758569
2021-02-11,44344,162,38244,112,6100,50,41820,117,273774,870,315594,987,5,539,5,1259,558,"Knox County",470313,204.544633042251,0.144188937228092,209.860242009045,34.4451461048281,14.4188937228092
2021-02-10,44182,147,38132,105,6050,42,41703,111,272904,640,314607,751,7,534,6,1254,556,"Knox County",470313,211.773861237091,0.150010260619741,159.680893362505,31.2557807247514,15.0010260619741
2021-02-09,44035,206,38027,150,6008,56,41592,161,272264,755,313856,916,0,527,6,1248,554,"Knox County",470313,224.74394711607,0.153427850067974,194.763912543349,43.8006178863863,15.3427850067974
2021-02-08,43829,103,37877,68,5952,35,41431,71,271509,282,312940,353,4,527,2,1242,549,"Knox County",470313,231.122677876223,0.156226126814362,75.0563986111377,21.9003089431931,15.6226126814362
2021-02-07,43726,109,37809,76,5917,33,41360,83,271227,523,312587,606,1,523,2,1240,546,"Knox County",470313,219.853586866619,0.148413312693498,128.850361355098,23.1760550952238,14.8413312693498
2021-02-06,43617,299,37733,173,5884,126,41277,194,270704,1028,311981,1222,2,522,6,1238,545,"Knox County",470313,255.149230406134,0.151343705799151,259.826966296913,63.5746832428617,15.1343705799151
2021-02-05,43318,173,37560,128,5758,45,41083,142,269676,489,310759,631,8,520,6,1232,541,"Knox County",470313,254.936606047462,0.160812294182217,134.165970321892,36.7840140502176,16.0812294182217
2021-02-04,43145,199,37432,148,5713,51,40941,158,269187,1156,310128,1314,2,512,7,1226,538,"Knox County",470313,262.803707318318,0.158812359744519,279.388407294717,42.3122473756839,15.8812359744519
2021-02-03,42946,228,37284,164,5662,64,40783,170,268031,1139,308814,1309,5,510,7,1219,530,"Knox County",470313,280.026280370732,0.1541489529208,278.325285501358,48.4783537771654,15.41489529208
2021-02-02,42718,89,37120,68,5598,21,40613,76,266892,217,307505,293,7,505,1,1212,530,"Knox County",470313,255.149230406134,0.156075418994413,62.298937090831,18.9235679217883,15.6075418994413
2021-02-01,42629,153,37052,84,5577,69,40537,98,266675,311,307212,409,4,498,2,1211,528,"Knox County",470313,265.780448339723,0.159232365145228,86.9633626967573,32.5315268767821,15.9232365145228
2021-01-31,42476,173,36968,119,5508,54,40439,127,266364,675,306803,802,7,494,4,1209,525,"Knox County",470313,279.388407294717,0.161371237458194,170.524735654766,36.7840140502176,16.1371237458194
2021-01-30,42303,275,36849,233,5454,42,40312,251,265689,1033,306001,1284,7,487,9,1205,523,"Knox County",470313,274.285422686594,0.169149288315127,273.009676534563,58.471698634739,16.9149288315127
2021-01-29,42028,101,36616,52,5412,49,40061,62,264656,254,304717,316,4,480,1,1196,517,"Knox County",470313,258.976468862226,0.164484023048717,67.1892973402819,21.4750602258496,16.4484023048717
2021-01-28,41927,156,36564,116,5363,40,39999,126,264402,485,304401,611,9,476,6,1195,512,"Knox County",470313,249.833621439339,0.181130573248408,129.913483148456,33.1693999527974,18.1130573248408
2021-01-27,41771,169,36448,124,5323,45,39873,125,263917,588,303790,713,12,467,3,1189,508,"Knox County",470313,237.288784277704,0.195347786811201,151.601167732978,35.9335166155305,19.5347786811201
2021-01-26,41602,230,36324,169,5278,61,39748,191,263329,717,303077,908,3,455,8,1186,504,"Knox County",470313,267.268818850425,0.194328772556018,193.062917673975,48.903602494509,19.4328772556018
2021-01-25,41372,157,36155,106,5217,51,39557,115,262612,299,302169,414,9,452,1,1178,496,"Knox County",470313,268.119316285112,0.197503961965135,88.0264844901162,33.3820243114692,19.7503961965135
2021-01-24,41215,152,36049,101,5166,51,39442,109,262313,574,301755,683,4,443,2,1177,492,"Knox County",470313,263.654204753005,0.198620409819436,145.222436972824,32.3189025181103,19.8620409819436
2021-01-23,41063,307,35948,220,5115,87,39333,231,261739,1068,301072,1299,7,439,7,1175,487,"Knox County",470313,270.458184230502,0.193972491909385,276.19904191464,65.2756781122359,19.3972491909385
2021-01-22,40756,178,35728,142,5028,36,39102,175,260671,776,299773,951,3,432,9,1168,483,"Knox County",470313,286.830259848229,0.192149130668579,202.205765096861,37.8471358435765,19.2149130668579
2021-01-21,40578,257,35586,187,4992,70,38927,199,259895,805,298822,1004,11,429,5,1159,475,"Knox County",470313,308.305320074078,0.191728064300067,213.474856106465,54.644460178647,19.1728064300067
2021-01-20,40321,193,35399,132,4922,61,38728,131,259090,513,297818,644,10,418,9,1154,470,"Knox County",470313,313.408304682201,0.194985600542097,136.930086984625,41.0365012236532,19.4985600542097
2021-01-19,40128,310,35267,195,4861,115,38597,218,258577,712,297174,930,8,408,15,1145,460,"Knox County",470313,330.418253375943,0.198818565400844,197.740653564754,65.9135511882512,19.8818565400844
2021-01-18,39818,129,35072,80,4746,49,38379,86,257865,321,296244,407,7,400,4,1130,456,"Knox County",470313,324.464771333133,0.19415343021291,86.5381139794137,27.4285422686594,19.415343021291
2021-01-17,39689,180,34992,137,4697,43,38293,150,257544,505,295837,655,3,393,8,1126,447,"Knox County",470313,330.418253375943,0.202037351443124,139.268954930015,38.2723845609201,20.2037351443124
2021-01-16,39509,419,34855,339,4654,80,38143,387,257039,1252,295182,1639,1,390,9,1118,441,"Knox County",470313,354.232181547182,0.216051364365971,348.491323863044,89.089606283475,21.6051364365971
2021-01-15,39090,187,34516,149,4574,38,37756,153,255787,532,293543,685,0,389,4,1109,433,"Knox County",470313,356.145800775228,0.221998658618377,145.647685690168,39.7607550716225,22.1998658618377
2021-01-14,38903,334,34367,264,4536,70,37603,288,255255,1079,292858,1367,6,389,8,1105,423,"Knox County",470313,372.517876392955,0.223328591749644,290.657498304321,71.0165357963739,22.3328591749644
2021-01-13,38569,244,34103,196,4466,48,37315,202,254176,644,291491,846,12,383,6,1097,416,"Knox County",470313,383.361718685216,0.227293613110737,179.880207436324,51.8803435159139,22.7293613110737
2021-01-12,38325,330,33907,259,4418,71,37113,281,253532,834,290645,1115,10,371,6,1091,414,"Knox County",470313,387.614205858652,0.230414060172773,237.076159919033,70.1660383616868,23.0414060172773
2021-01-11,37995,243,33648,196,4347,47,36832,228,252698,516,289530,744,4,361,6,1085,409,"Knox County",470313,411.853382747234,0.239540490710538,158.192522851803,51.6677191572421,23.9540490710538
2021-01-10,37752,324,33452,203,4300,121,36604,220,252182,739,288786,959,5,357,17,1079,403,"Knox County",470313,442.47129039597,0.239157036029912,203.906759966235,68.8902922096561,23.9157036029912
2021-01-09,37428,467,33249,386,4179,81,36384,421,251443,977,287827,1398,5,352,11,1062,397,"Knox County",470313,452.677259612216,0.252038234467248,297.248853423146,99.2955754997204,25.2038234467248
2021-01-08,36961,455,32863,367,4098,88,35963,388,250466,1043,286429,1431,7,347,6,1051,395,"Knox County",470313,509.660587736252,0.258015267175572,304.265457259315,96.7440831956591,25.8015267175572
2021-01-07,36506,380,32496,338,4010,42,35575,349,249423,868,284998,1217,10,340,10,1045,387,"Knox County",470313,519.441308235154,0.27094682230869,258.763844503554,80.7972562952757,27.094682230869
2021-01-06,36126,488,32158,358,3968,130,35226,375,248555,805,283781,1180,9,330,15,1035,384,"Knox County",470313,571.321651751068,0.281203381402287,250.896743232698,103.760687031828,28.1203381402287
2021-01-05,35638,514,31800,322,3838,192,34851,341,247750,850,282601,1191,14,321,15,1020,375,"Knox County",470313,610.444533746675,0.285960591133005,253.235611178088,109.288920357294,28.5960591133005
2021-01-04,35124,322,31478,229,3646,93,34510,250,246900,465,281410,715,6,307,6,1005,369,"Knox County",470313,627.241858081746,0.289704610060561,152.026416450321,68.4650434923126,28.9704610060561
2021-01-03,34802,283,31249,182,3553,101,34260,195,246435,459,280695,654,2,301,9,999,361,"Knox County",470313,618.524259376203,0.29784228101721,139.056330571343,60.1726935041132,29.784228101721
2021-01-02,34519,420,31067,318,3452,102,34065,342,245976,759,280041,1101,0,299,24,990,352,"Knox County",470313,608.530914518629,0.299105354519963,234.099418897628,89.3022306421468,29.9105354519963
2021-01-01,34099,417,30749,347,3350,70,33723,374,245217,986,278940,1360,2,299,9,966,348,"Knox County",470313,600.451188889102,0.3000808843354,289.169127793618,88.6643575661315,30.00808843354
2020-12-31,33682,449,30402,312,3280,137,33349,322,244231,929,277580,1251,12,297,8,957,342,"Knox County",470313,615.122269637454,0.295088566827697,265.993072698394,95.4683370436284,29.5088566827697
2020-12-30,33233,363,30090,248,3143,115,33027,271,243302,931,276329,1202,6,285,9,949,339,"Knox County",470313,588.544224803482,0.28030505753278,255.574479123477,77.1826421978555,28.030505753278
2020-12-29,32870,590,29842,398,3028,192,32756,420,242371,1081,275127,1501,7,279,14,940,335,"Knox County",470313,604.703676062537,0.27929085303186,319.149162366339,125.448371616349,27.929085303186
2020-12-28,32280,252,29444,174,2836,78,32336,185,241290,565,273626,750,4,272,4,926,327,"Knox County",470313,589.819970955513,0.269727586647909,159.468269003834,53.5813383852881,26.9727586647909
2020-12-27,32028,230,29270,156,2758,74,32151,172,240725,489,272876,661,3,268,8,922,322,"Knox County",470313,578.550879945908,0.26654740608229,140.544701082045,48.903602494509,26.654740608229
2020-12-26,31798,359,29114,289,2684,70,31979,329,240236,1063,272215,1392,0,265,10,914,315,"Knox County",470313,565.58079406693,0.255389922385118,295.973107271115,76.3321447631684,25.5389922385118
2020-12-25,31439,353,28825,287,2614,66,31650,308,239173,1070,270823,1378,1,265,5,904,309,"Knox County",470313,551.972835111936,0.246711739397664,292.99636624971,75.0563986111377,24.6711739397664
2020-12-24,31086,351,28538,277,2548,74,31342,311,238103,1273,269445,1584,5,264,8,899,302,"Knox County",470313,531.135647962102,0.235710911667454,336.796984136097,74.6311498937941,23.5710911667454
2020-12-23,30735,472,28261,351,2474,121,31031,371,236830,1411,267861,1782,6,259,9,891,295,"Knox County",470313,554.311703057326,0.231653404067197,378.896607153109,100.358697293079,23.1653404067197
2020-12-22,30263,530,27910,392,2353,138,30660,432,235419,1470,266079,1902,7,253,15,882,289,"Knox County",470313,541.554241537019,0.223092390729178,404.411530193722,112.690910096042,22.3092390729178
2020-12-21,29733,442,27518,361,2215,81,30228,391,233949,1422,264177,1813,2,246,5,867,283,"Knox County",470313,581.952869684657,0.220129375951294,385.487962271934,93.9799665329259,22.0129375951294
2020-12-20,29291,514,27157,431,2134,83,29837,478,232527,2245,262364,2723,2,244,7,862,280,"Knox County",470313,642.338187547442,0.208366470494672,578.976128663252,109.288920357294,20.8366470494672
2020-12-19,28777,525,26726,441,2051,84,29359,489,230282,1445,259641,1934,6,242,14,855,274,"Knox County",470313,677.633831086957,0.211954864287893,411.215509671219,111.627788302684,21.1954864287893
2020-12-18,28252,480,26285,420,1967,60,28870,430,228837,1358,257707,1788,4,236,11,841,267,"Knox County",470313,704.637124638273,0.214549756025432,380.172353305139,102.059692162454,21.4549756025433
2020-12-17,27772,733,25865,635,1907,98,28440,663,227479,1898,255919,2561,11,232,11,830,261,"Knox County",470313,785.859629650892,0.224367372267807,544.530982558424,155.853654906413,22.4367372267807
2020-12-16,27039,564,25230,453,1809,111,27777,472,225581,1729,253358,2201,8,221,11,819,257,"Knox County",470313,805.421070648696,0.224835812893714,467.986213436584,119.920138290883,22.4835812893714
2020-12-15,26475,765,24777,675,1698,90,27305,716,223852,2415,251157,3131,2,213,15,808,253,"Knox County",470313,855.387794936564,0.225311126246053,665.726867001337,162.65763438391,22.5311126246053
2020-12-14,25710,472,24102,411,1608,61,26589,461,221437,1624,248026,2085,6,211,7,793,245,"Knox County",470313,861.766525696717,0.225841807221579,443.321787830657,100.358697293079,22.584180722158
2020-12-13,25238,628,23691,572,1547,56,26128,754,219813,2935,245941,3689,2,205,10,786,237,"Knox County",470313,886.0057025853,0.229167864742078,784.37125914019,133.528097245877,22.9167864742078
2020-12-12,24610,464,23119,392,1491,72,25374,454,216878,2171,242252,2625,3,203,19,776,231,"Knox County",470313,873.035616706321,0.218473451327434,558.138941513418,98.6577024237051,21.8473451327434
2020-12-11,24146,557,22727,523,1419,34,24920,429,214707,1406,239627,1835,6,200,10,757,227,"Knox County",470313,889.407692324048,0.21785182324709,390.165698162713,118.43176778018,21.785182324709
2020-12-10,23589,473,22204,415,1385,58,24491,538,213301,1910,237792,2448,8,194,9,747,225,"Knox County",470313,834.125359069386,0.212279338292439,520.504430028513,100.571321651751,21.2279338292439
2020-12-09,23116,407,21789,337,1327,70,23953,359,211391,924,235344,1283,2,186,13,738,215,"Knox County",470313,800.743334757917,0.217068320074871,272.797052175891,86.5381139794137,21.7068320074871
2020-12-08,22709,491,21452,446,1257,45,23594,538,210467,2077,234061,2615,9,184,10,725,212,"Knox County",470313,742.484260481849,0.213088057901086,556.0126979267,104.398560107843,21.3088057901086
2020-12-07,22218,323,21006,271,1212,52,23056,317,208390,1135,231446,1452,3,175,6,715,210,"Knox County",470313,710.803231039754,0.212516460776322,308.730568791422,68.6776678509843,21.2516460776322
2020-12-06,21895,332,20735,291,1160,41,22739,187,207255,668,229994,855,6,172,6,709,207,"Knox County",470313,647.866420872908,0.215206283840464,181.79382666437,70.5912870790304,21.5206283840464
2020-12-05,21563,289,20444,263,1119,26,22552,213,206587,714,229139,927,2,166,8,703,203,"Knox County",470313,610.657158105347,0.22610600087604,197.102780488738,61.4484396561439,22.610600087604
2020-12-04,21274,354,20181,322,1093,32,22339,297,205873,1091,228212,1388,5,164,11,695,201,"Knox County",470313,567.494413294976,0.223285922684172,295.122609836428,75.2690229698095,22.3285922684172
2020-12-03,20920,441,19859,424,1061,17,22042,448,204782,1215,226824,1663,2,159,10,684,196,"Knox County",470313,560.690433817479,0.231660610821958,353.594308471167,93.7673421742542,23.1660610821958
2020-12-02,20479,192,19435,170,1044,22,21594,185,203567,575,225161,760,2,157,7,674,194,"Knox County",470313,514.976196703047,0.226190476190476,161.594512590551,40.8238768649814,22.6190476190476
2020-12-01,20287,403,19265,380,1022,23,21409,409,202992,1832,224401,2241,5,155,7,667,189,"Knox County",470313,496.26525313993,0.221408572043937,476.491187783455,85.6876165447266,22.1408572043937
2020-11-30,19884,385,18885,371,999,14,21000,436,201160,1815,222160,2251,1,150,3,660,186,"Knox County",470313,509.44796337758,0.215666831928607,478.617431370173,81.8603780886346,21.5666831928607
2020-11-29,19499,226,18514,218,985,8,20564,260,199345,1464,219909,1724,0,149,5,657,183,"Knox County",470313,486.909781358372,0.205221836771955,366.564394350146,48.0531050598219,20.5221836771955
2020-11-28,19273,270,18296,256,977,14,20304,299,197881,1967,218185,2266,0,149,8,652,177,"Knox County",470313,482.869918543608,0.189864150329456,481.806796750249,57.4085768413801,18.9864150329456
2020-11-27,19003,235,18040,215,963,20,20005,249,195914,1247,215919,1496,3,149,12,644,173,"Knox County",470313,457.567619861667,0.184339972582856,318.08604057298,49.9667242878679,18.4339972582856
2020-11-26,18768,344,17825,341,943,3,19756,441,194667,1429,214423,1870,4,146,5,632,170,"Knox County",470313,436.943057070504,0.180758248730964,397.607550716225,73.1427793830917,18.0758248730964
2020-11-25,18424,219,17484,193,940,26,19315,123,193238,325,212553,448,0,142,3,627,164,"Knox County",470313,442.683914754642,0.18030253741054,95.2557126849566,46.5647345491194,18.030253741054
2020-11-24,18205,153,17291,130,914,23,19192,116,192913,673,212105,789,2,142,6,624,162,"Knox County",470313,389.527825086698,0.177425304315751,167.760618992033,32.5315268767821,17.7425304315751
2020-11-23,18052,167,17161,147,891,20,19076,100,192240,391,211316,491,3,140,7,618,160,"Knox County",470313,343.17571489625,0.174812857771907,104.398560107843,35.508267898187,17.4812857771907
2020-11-22,17885,220,17014,212,871,8,18976,258,191849,1804,210825,2062,2,137,5,611,153,"Knox County",470313,341.899968744219,0.168329441732116,438.431427581207,46.7773589077912,16.8329441732116
2020-11-21,17665,173,16802,169,863,4,18718,198,190045,1465,208763,1663,0,135,4,606,151,"Knox County",470313,321.275405953057,0.168386438371697,353.594308471167,36.7840140502176,16.8386438371697
2020-11-20,17492,178,16633,169,859,9,18520,163,188580,791,207100,954,7,135,5,602,149,"Knox County",470313,309.155817508765,0.169022592726833,202.843638172876,37.8471358435765,16.9022592726833
2020-11-19,17314,166,16464,148,850,18,18357,128,187789,663,206146,791,2,128,4,597,145,"Knox County",470313,271.308681665189,0.15087524312309,168.185867709377,35.2956435395152,15.087524312309
2020-11-18,17148,168,16316,163,832,5,18229,179,187126,874,205355,1053,0,126,7,593,140,"Knox County",470313,260.464839372928,0.146353966423171,223.893449681382,35.7208922568587,14.6353966423171
2020-11-17,16980,248,16153,240,827,8,18050,260,186252,1033,204302,1293,9,126,7,586,138,"Knox County",470313,280.664153446747,0.154809197062718,274.923295762609,52.730840950601,15.4809197062718
2020-11-16,16732,272,15913,261,819,11,17790,286,185219,1409,203009,1695,2,117,6,579,137,"Knox County",470313,302.989711107284,0.154768163179476,360.398287948664,57.8338255587237,15.4768163179476
2020-11-15,16460,274,15652,247,808,27,17504,295,183810,2278,201314,2573,2,115,3,573,135,"Knox County",470313,314.47142647556,0.150568748752744,547.082474862485,58.2590742760672,15.0568748752744
2020-11-14,16186,306,15405,293,781,13,17209,321,181532,1699,198741,2020,0,113,7,570,131,"Knox County",470313,342.750466178906,0.157240581944311,429.501204516992,65.0630537535641,15.7240581944311
2020-11-13,15880,219,15112,200,768,19,16888,190,179833,965,196721,1155,4,113,6,563,128,"Knox County",470313,351.468064884449,0.156805293005671,245.581134265904,46.5647345491194,15.6805293005671
2020-11-12,15661,143,14912,130,749,13,16698,136,178868,955,195566,1091,1,109,3,557,127,"Knox County",470313,346.577704634998,0.153216911764706,231.97317531091,30.4052832900643,15.3216911764706
2020-11-11,15518,191,14782,177,736,14,16562,191,177913,1229,194475,1420,3,108,7,554,125,"Knox County",470313,351.468064884449,0.149284253578732,301.926589313925,40.6112525063096,14.9284253578732
2020-11-10,15327,168,14605,163,722,5,16371,186,176684,1131,193055,1317,2,105,4,547,123,"Knox County",470313,334.458116190707,0.142400851743412,280.026280370732,35.7208922568587,14.2400851743412
2020-11-09,15159,135,14442,121,717,14,16185,131,175553,490,191738,621,1,103,2,543,121,"Knox County",470313,305.328579052673,0.142198685888006,132.039726735174,28.70428842069,14.2198685888006
2020-11-08,15024,215,14321,203,703,12,16054,252,175063,2624,191117,2876,1,102,3,541,119,"Knox County",470313,292.783741891039,0.134,611.507655540034,45.7142371144323,13.4
2020-11-07,14809,169,14118,161,691,8,15802,187,172439,1918,188241,2105,1,101,5,538,114,"Knox County",470313,263.654204753005,0.120264525271611,447.574275004093,35.9335166155305,12.0264525271611
2020-11-06,14640,155,13957,138,683,17,15615,160,170521,1235,186136,1395,0,100,5,533,114,"Knox County",470313,250.046245798011,0.114826789838337,296.61098034713,32.9567755941256,11.4826789838337
2020-11-05,14485,158,13819,142,666,16,15455,151,169286,613,184741,764,1,100,6,528,111,"Knox County",470313,253.235611178088,0.119832349018861,162.445010025239,33.594648670141,11.9832349018861
2020-11-04,14327,145,13677,133,650,12,15304,148,168673,934,183977,1082,-1,99,5,522,110,"Knox County",470313,243.454890679186,0.119586614173228,230.059556082864,30.8305320074078,11.9586614173228
2020-11-03,14182,196,13544,183,638,13,15156,195,167739,837,182895,1032,3,100,5,517,108,"Knox County",470313,249.408372721996,0.123949367088608,219.428338149275,41.6743742996685,12.3949367088608
2020-11-02,13986,116,13361,110,625,6,14961,115,166902,806,181863,921,1,97,2,512,107,"Knox County",470313,245.368509907232,0.118722358722359,195.827034336708,24.6644256059263,11.8722358722359
2020-11-01,13870,124,13251,116,619,8,14846,131,166096,1273,180942,1404,0,96,3,510,105,"Knox County",470313,226.0196932681,0.124899459956337,298.524599575177,26.3654204753005,12.4899459956337
2020-10-31,13746,5,13135,5,611,0,14715,7,164823,4,179538,11,0,96,0,507,103,"Knox County",470313,191.149298445929,0.137237100922984,2.33886794538956,1.06312179335889,13.7237100922984
2020-10-30,13741,156,13130,146,611,10,14708,148,164819,854,179527,1002,1,96,4,507,102,"Knox County",470313,191.3619228046,0.143983268983269,213.049607389122,33.1693999527974,14.3983268983269
2020-10-29,13585,152,12984,138,601,14,14560,136,163965,1569,178525,1705,0,95,4,503,102,"Knox County",470313,190.08617665257,0.122956546038843,362.524531535382,32.3189025181103,12.2956546038843
2020-10-28,13433,103,12846,96,587,7,14424,102,162396,1055,176820,1157,3,95,8,499,101,"Knox County",470313,181.155953588355,0.115320796460177,246.006382983247,21.9003089431931,11.5320796460177
2020-10-27,13330,119,12750,113,580,6,14322,127,161341,799,175663,926,1,92,3,491,100,"Knox County",470313,164.783877970628,0.107493685096829,196.890156130067,25.3022986819416,10.7493685096829
2020-10-26,13211,81,12637,74,574,7,14195,73,160542,372,174737,445,2,91,2,488,98,"Knox County",470313,157.342025417116,0.108872180451128,94.6178396089413,17.222573052414,10.8872180451128
2020-10-25,13130,132,12563,121,567,11,14122,151,160170,1365,174292,1516,0,89,3,486,98,"Knox County",470313,159.04302028649,0.11002661934339,322.338527746416,28.0664153446747,11.002661934339
2020-10-24,12998,172,12442,167,556,5,13971,202,158805,1788,172776,1990,0,89,5,483,97,"Knox County",470313,194.551288184677,0.107424779773481,423.122473756839,36.5713896915458,10.7424779773481
2020-10-23,12826,159,12275,148,551,11,13769,172,157017,1239,170786,1411,1,89,5,478,96,"Knox County",470313,195.189161260692,0.105245901639344,300.012970085879,33.8072730288127,10.5245901639344
2020-10-22,12667,182,12127,168,540,14,13597,169,155778,1607,169375,1776,1,88,5,473,96,"Knox County",470313,201.567892020846,0.108014315150201,377.620861001078,38.6976332782636,10.8014315150201
2020-10-21,12485,72,11959,68,526,4,13428,74,154171,682,167599,756,0,87,1,468,96,"Knox County",470313,194.976536902021,0.109750566893424,160.744015155864,15.308953824368,10.9750566893424
2020-10-20,12413,127,11891,121,522,6,13354,150,153489,739,166843,889,0,87,7,467,95,"Knox County",470313,196.677531771395,0.112831606512581,189.023054859211,27.0032935513158,11.2831606512581
2020-10-19,12286,112,11770,107,516,5,13204,117,152750,939,165954,1056,1,87,6,460,94,"Knox County",470313,203.26888689022,0.110176708537364,224.531322757398,23.8139281712392,11.0176708537364
2020-10-18,12174,140,11663,135,511,5,13087,168,151811,1431,164898,1599,0,86,7,454,94,"Knox County",470313,204.969881759594,0.111005592487074,339.986349516173,29.7674102140489,11.1005592487074
2020-10-17,12034,128,11528,125,506,3,12919,154,150380,1458,163299,1612,1,86,3,447,93,"Knox County",470313,195.614409978036,0.110341795801736,342.750466178906,27.2159179099876,11.0341795801736
2020-10-16,11906,72,11403,71,503,1,12765,61,148922,390,161687,451,1,85,3,444,92,"Knox County",470313,177.116090773591,0.109718638653397,95.893585760972,15.308953824368,10.9718638653397
2020-10-15,11834,74,11332,62,502,12,12704,66,148532,941,161236,1007,1,84,3,441,90,"Knox County",470313,154.152660037039,0.10719131614654,214.112729182481,15.7342025417116,10.719131614654
2020-10-14,11760,149,11270,143,490,6,12638,150,147591,1086,160229,1236,0,83,5,438,88,"Knox County",470313,170.524735654766,0.11031847133758,262.803707318318,31.6810294420949,11.031847133758
2020-10-13,11611,71,11127,68,484,3,12488,63,146505,581,158993,644,1,83,6,433,88,"Knox County",470313,158.617771569146,0.102432610124918,136.930086984625,15.0963294656962,10.2432610124918
2020-10-12,11540,79,11059,66,481,13,12425,87,145924,806,158349,893,0,82,5,427,87,"Knox County",470313,151.601167732978,0.100644987906477,189.873552293898,16.7973243350705,10.0644987906477
2020-10-11,11461,170,10993,163,468,7,12338,179,145118,1612,157456,1791,0,82,8,422,85,"Knox County",470313,157.979898493131,0.0995546240503013,380.810226381155,36.1461409742023,9.95546240503013
2020-10-10,11291,130,10830,122,461,8,12159,132,143506,1393,155665,1525,0,82,3,414,85,"Knox County",470313,158.405147210475,0.0977872002120048,324.252146974462,27.6411666273312,9.77872002120048
2020-10-09,11161,120,10708,118,453,2,12027,134,142113,1336,154140,1470,0,82,3,411,85,"Knox County",470313,168.61111642672,0.0946766285314032,312.557807247514,25.5149230406134,9.46766285314032
2020-10-08,11041,110,10590,102,451,8,11893,103,140777,943,152670,1046,1,82,4,408,85,"Knox County",470313,176.265593338904,0.0985473561882626,222.40507917068,23.3886794538956,9.85473561882626
2020-10-07,10931,104,10488,88,443,16,11790,95,139834,1649,151624,1744,0,81,5,404,85,"Knox County",470313,166.697497198674,0.087018544935806,370.816881523581,22.1129333018649,8.7018544935806
2020-10-06,10827,115,10400,102,427,13,11695,114,138185,1392,149880,1506,0,81,4,399,84,"Knox County",470313,176.052968980232,0.0846115288220551,320.212284159698,24.4518012472545,8.46115288220551
2020-10-05,10712,118,10298,109,414,9,11581,123,136793,1238,148374,1361,0,81,5,395,84,"Knox County",470313,184.345318968432,0.0842669730920234,289.38175215229,25.0896743232698,8.42669730920234
2020-10-04,10594,96,10189,89,405,7,11458,99,135555,1827,147013,1926,1,81,2,390,82,"Knox County",470313,168.61111642672,0.0756286632633768,409.514514801845,20.4119384324907,7.56286632633768
2020-10-03,10498,77,10100,76,398,1,11359,92,133728,1864,145087,1956,0,80,2,388,82,"Knox County",470313,157.342025417116,0.0690344263784177,415.893245561998,16.3720756177269,6.90344263784177
2020-10-02,10421,82,10024,79,397,3,11267,82,131864,602,143131,684,0,80,1,386,82,"Knox County",470313,149.262299787588,0.0692556001173824,145.435061331496,17.4351974110858,6.92556001173824
2020-10-01,10339,71,9945,68,394,3,11185,73,131262,683,142447,756,0,80,1,385,82,"Knox County",470313,140.969949799389,0.0682573240712776,160.744015155864,15.0963294656962,6.82573240712776
2020-09-30,10268,75,9877,72,391,3,11112,70,130579,675,141691,745,1,80,2,384,82,"Knox County",470313,134.803843397907,0.0730915603313186,158.405147210475,15.9468269003834,7.30915603313186
2020-09-29,10193,80,9805,75,388,5,11042,87,129904,1140,140946,1227,-1,79,2,382,82,"Knox County",470313,127.361990844395,0.0723281340265742,260.890088090272,17.0099486937423,7.23281340265742
2020-09-28,10113,57,9730,51,383,6,10955,49,128764,431,139719,480,1,80,3,380,81,"Knox County",470313,114.391904965417,0.0710059171597633,102.059692162454,12.1195884442914,7.10059171597633
2020-09-27,10056,72,9679,67,377,5,10906,79,128333,978,139239,1057,0,79,3,377,79,"Knox County",470313,109.288920357294,0.0770456191165822,224.74394711607,15.308953824368,7.70456191165822
2020-09-26,9984,127,9612,122,372,5,10827,136,127355,2087,138182,2223,4,79,5,374,79,"Knox County",470313,119.920138290883,0.0803123257110987,472.663949327363,27.0032935513158,8.03123257110987
2020-09-25,9857,102,9490,100,367,2,10691,103,125268,1439,135959,1542,0,75,1,369,79,"Knox County",470313,124.172625464318,0.074346201743462,327.866761071882,21.6876845845214,7.4346201743462
2020-09-24,9755,92,9390,89,365,3,10588,105,123829,1715,134417,1820,0,75,3,368,76,"Knox County",470313,128.637736996426,0.0691664833956455,386.976332782636,19.5614409978036,6.91664833956455
2020-09-23,9663,53,9301,52,362,1,10483,49,122114,432,132597,481,2,75,2,365,76,"Knox County",470313,123.960001105647,0.0688561721404304,102.272316521125,11.2690910096042,6.88561721404304
2020-09-22,9610,82,9249,75,361,7,10434,88,121682,1141,132116,1229,1,73,3,363,76,"Knox County",470313,124.38524982299,0.0689538043478261,261.315336807615,17.4351974110858,6.89538043478261
2020-09-21,9528,34,9174,30,354,4,10346,32,120541,379,130887,411,0,72,2,360,76,"Knox County",470313,119.494889573539,0.067556772794705,87.3886114141008,7.22922819484046,6.7556772794705
2020-09-20,9494,97,9144,78,350,19,10314,88,120162,707,130476,795,0,72,1,358,76,"Knox County",470313,124.810498540334,0.0706975649923538,169.036365144064,20.6245627911625,7.06975649923538
2020-09-19,9397,132,9066,129,331,3,10226,136,119455,1466,129681,1602,1,72,5,357,74,"Knox County",470313,125.873620333693,0.0762690355329949,340.624222592189,28.0664153446747,7.62690355329949
2020-09-18,9265,118,8937,114,328,4,10090,129,117989,1606,128079,1735,3,71,3,352,74,"Knox County",470313,129.275610072441,0.0776662950575994,368.903262295535,25.0896743232698,7.76662950575994
2020-09-17,9147,126,8823,119,324,7,9961,124,116383,1516,126344,1640,0,68,6,349,74,"Knox County",470313,136.504838267282,0.0818446724946155,348.703948221716,26.790669192644,8.18446724946155
2020-09-16,9021,99,8704,77,317,22,9837,117,114867,768,124704,885,1,68,3,343,72,"Knox County",470313,146.285558766183,0.0860552006749428,188.172557424524,21.049811508506,8.60552006749428
2020-09-15,8922,132,8627,126,295,6,9720,136,114099,1338,123819,1474,0,67,3,340,71,"Knox County",470313,156.916776699772,0.089206274877078,313.408304682201,28.0664153446747,8.9206274877078
2020-09-14,8790,127,8501,124,289,3,9584,136,112761,901,122345,1037,0,67,5,337,71,"Knox County",470313,176.690842056248,0.0944589877835951,220.491459942634,27.0032935513158,9.44589877835951
2020-09-13,8663,143,8377,136,286,7,9448,148,111860,1008,121308,1156,0,67,0,332,71,"Knox County",470313,186.471562555149,0.0971770385140099,245.793758624576,30.4052832900643,9.71770385140099
2020-09-12,8520,130,8241,123,279,7,9300,141,110852,1178,120152,1319,1,67,1,332,71,"Knox County",470313,186.046313837806,0.100692191217824,280.451529088075,27.6411666273312,10.0692191217824
2020-09-11,8390,103,8118,94,272,9,9159,105,109674,773,118833,878,0,66,5,331,69,"Knox County",470313,182.856948457729,0.108117773274526,186.684186913821,21.9003089431931,10.8117773274526
2020-09-10,8287,192,8024,189,263,3,9054,192,108901,1501,117955,1693,0,66,5,326,67,"Knox County",470313,196.890156130067,0.115493958777541,359.97303923132,40.8238768649814,11.5493958777541
2020-09-09,8095,91,7835,82,260,9,8862,93,107400,1710,116262,1803,0,66,2,321,67,"Knox County",470313,195.189161260692,0.101602564102564,383.361718685216,19.3488166391318,10.1602564102564
2020-09-08,8004,126,7753,124,251,2,8769,133,105690,702,114459,835,1,66,8,319,67,"Knox County",470313,193.913415108662,0.108703130374957,177.541339490935,26.790669192644,10.8703130374957
2020-09-07,7878,95,7629,92,249,3,8636,98,104988,347,113624,445,1,65,0,311,67,"Knox County",470313,187.109435631165,0.111944888670193,94.6178396089413,20.1993140738189,11.1944888670193
2020-09-06,7783,96,7537,92,246,4,8538,94,104641,476,113179,570,0,64,1,311,67,"Knox County",470313,177.116090773591,0.113482699191303,121.195884442914,20.4119384324907,11.3482699191303
2020-09-05,7687,284,7445,282,242,2,8444,295,104165,1506,112609,1801,0,64,4,310,64,"Knox County",470313,209.860242009045,0.125856697819315,382.936469967872,60.385317862785,12.5856697819315
2020-09-04,7403,93,7163,89,240,4,8149,97,102659,565,110808,662,1,64,0,306,64,"Knox County",470313,207.733998422327,0.12831348444103,140.757325440717,19.7740653564754,12.831348444103
2020-09-03,7310,190,7074,184,236,6,8052,198,102094,1798,110146,1996,2,63,6,306,64,"Knox County",470313,207.308749704984,0.124260355029586,424.398219908869,40.3986281476379,12.4260355029586
2020-09-02,7120,124,6890,120,230,4,7854,121,100296,1461,108150,1582,2,61,5,300,63,"Knox County",470313,214.325353541152,0.131288810036751,336.371735418753,26.3654204753005,13.1288810036751
2020-09-01,6996,153,6770,146,226,7,7733,158,98835,660,106568,818,2,59,4,295,62,"Knox County",470313,220.06621122529,0.134747269494539,173.926725393515,32.5315268767821,13.4747269494539
2020-08-31,6843,99,6624,93,219,6,7575,94,98175,431,105750,525,0,57,3,291,59,"Knox County",470313,220.916708659978,0.132889112396279,111.627788302684,21.049811508506,13.2889112396279
2020-08-30,6744,72,6531,71,213,1,7481,76,97744,423,105225,499,1,57,1,288,59,"Knox County",470313,215.813724051855,0.131802613218318,106.099554977217,15.308953824368,13.1802613218318
2020-08-29,6672,118,6460,113,212,5,7405,125,97321,1391,104726,1516,5,56,3,287,57,"Knox County",470313,180.51808051234,0.114372203211371,322.338527746416,25.0896743232698,11.4372203211371
2020-08-28,6554,89,6347,85,207,4,7280,91,95930,309,103210,400,0,51,3,284,57,"Knox County",470313,179.667583077653,0.117639040348964,85.0497434687113,18.9235679217883,11.7639040348964
2020-08-27,6465,116,6262,112,203,4,7189,134,95621,1986,102810,2120,0,51,2,281,57,"Knox County",470313,163.933380535941,0.107104557640751,450.76364038417,24.6644256059263,10.7104557640751
2020-08-26,6349,77,6150,76,199,1,7055,86,93635,794,100690,880,0,51,3,279,56,"Knox County",470313,153.940035678367,0.113051198579461,187.109435631165,16.3720756177269,11.3051198579461
2020-08-25,6272,87,6074,82,198,5,6969,96,92841,896,99810,992,2,51,3,276,55,"Knox County",470313,139.90682800603,0.101269474899019,210.923363802404,18.4983192044447,10.1269474899019
2020-08-24,6185,32,5992,28,193,4,6873,29,91945,261,98818,290,0,49,1,273,55,"Knox County",470313,125.660995975021,0.095117216664178,61.6610640148157,6.8039794774969,9.5117216664178
2020-08-23,6153,76,5964,75,189,1,6844,74,91684,565,98528,639,0,49,3,272,55,"Knox County",470313,126.511493409708,0.092876992833114,135.866965191266,16.1594512590551,9.28769928331139
2020-08-22,6077,136,5889,135,188,1,6770,153,91119,1892,97889,2045,0,49,4,269,55,"Knox County",470313,130.3387318658,0.0900081455335325,434.816813483786,28.9169127793618,9.00081455335325
2020-08-21,5941,30,5754,30,187,0,6617,41,89227,262,95844,303,1,49,1,265,55,"Knox County",470313,117.793894704165,0.0843307194937405,64.4251806775488,6.37873076015334,8.43307194937405
2020-08-20,5911,119,5724,117,187,2,6576,130,88965,2068,95541,2198,3,48,3,264,55,"Knox County",470313,118.43176778018,0.0828909759085341,467.348340360568,25.3022986819416,8.28909759085341
2020-08-19,5792,46,5607,41,185,5,6446,48,86897,608,93343,656,2,45,4,261,55,"Knox County",470313,111.840412661355,0.080162852730591,139.481579288686,9.7807204989018,8.0162852730591
2020-08-18,5746,134,5566,132,180,2,6398,152,86289,1163,92687,1315,0,43,4,257,55,"Knox County",470313,121.833757518929,0.0842062852538276,279.601031653388,28.4916640620183,8.42062852538276
2020-08-17,5612,50,5434,42,178,8,6246,50,85126,289,91372,339,1,43,0,253,54,"Knox County",470313,125.660995975021,0.0864576384256171,72.0796575897328,10.6312179335889,8.64576384256171
2020-08-16,5562,83,5392,78,170,5,6196,82,84837,587,91033,669,0,42,1,253,53,"Knox County",470313,127.149366485723,0.0871760797342193,142.24569595142,17.6478217697576,8.71760797342193
2020-08-15,5479,119,5314,116,165,3,6114,132,84250,1223,90364,1355,1,42,2,252,52,"Knox County",470313,123.534752388303,0.0929041697147037,288.106006000259,25.3022986819416,9.29041697147037
2020-08-14,5360,91,5198,83,162,8,5982,96,83027,1024,89009,1120,0,41,2,250,52,"Knox County",470313,136.504838267282,0.0901725039205436,238.139281712392,19.3488166391318,9.01725039205436
2020-08-13,5269,127,5115,126,154,1,5886,229,82003,1778,87889,2007,1,41,4,248,51,"Knox County",470313,138.205833136656,0.105749899477282,426.737087854259,27.0032935513158,10.5749899477282
2020-08-12,5142,79,4989,72,153,7,5657,88,80225,892,85882,980,0,40,1,244,50,"Knox County",470313,145.222436972824,0.106486833654464,208.371871498343,16.7973243350705,10.6486833654464
2020-08-11,5063,111,4917,108,146,3,5569,117,79333,1121,84902,1238,0,40,5,243,50,"Knox County",470313,140.332076723374,0.103009859885833,263.228956035661,23.6013038125674,10.3009859885833
2020-08-10,4952,37,4809,35,143,2,5452,35,78212,365,83664,400,1,40,0,238,48,"Knox County",470313,137.56796006064,0.100270305058566,85.0497434687113,7.86710127085579,10.0270305058566
2020-08-09,4915,85,4774,81,141,4,5417,109,77847,826,83264,935,1,39,4,238,48,"Knox County",470313,137.993208777984,0.10031113876789,198.803775358113,18.0730704871011,10.031113876789
2020-08-08,4830,157,4693,156,137,1,5308,176,77021,2284,82329,2460,1,38,4,234,47,"Knox County",470313,146.072934407512,0.0929978118161926,523.055922332574,33.3820243114692,9.29978118161926
2020-08-07,4673,50,4537,46,136,4,5132,44,74737,403,79869,447,0,37,0,230,45,"Knox County",470313,137.355335701969,0.0942482579426007,95.0430883262848,10.6312179335889,9.42482579426007
2020-08-06,4623,113,4491,105,132,8,5088,121,74334,1463,79422,1584,-1,37,5,230,43,"Knox County",470313,134.378594680564,0.0857782197911487,336.796984136097,24.0265525299109,8.57782197911487
2020-08-05,4510,99,4386,99,124,0,4967,100,72871,1107,77838,1207,1,38,3,225,42,"Knox County",470313,138.631081853999,0.0848748639825898,256.637600916836,21.049811508506,8.48748639825898
2020-08-04,4411,112,4287,111,124,1,4867,106,71764,1082,76631,1188,1,37,9,222,41,"Knox County",470313,138.843706212671,0.0840530349105948,252.597738102072,23.8139281712392,8.40530349105948
2020-08-03,4299,50,4176,50,123,0,4761,81,70682,593,75443,674,2,36,1,213,41,"Knox County",470313,141.607822875404,0.0867569158328429,143.308817744778,10.6312179335889,8.67569158328429
2020-08-02,4249,97,4126,91,123,6,4680,95,70089,692,74769,787,3,34,2,212,40,"Knox County",470313,144.159315179466,0.0866179465676291,167.335370274689,20.6245627911625,8.66179465676291
2020-08-01,4152,118,4035,110,117,8,4585,118,69397,1417,73982,1535,1,31,1,210,40,"Knox County",470313,135.866965191266,0.0895984909727836,326.37839056118,25.0896743232698,8.95984909727836
2020-07-31,4034,117,3925,114,109,3,4467,116,67980,1060,72447,1176,2,30,1,209,39,"Knox County",470313,150.112797222275,0.0904183535762483,250.046245798011,24.877049964598,9.04183535762483
2020-07-30,3917,189,3811,186,106,3,4351,227,66920,2420,71271,2647,1,28,7,208,36,"Knox County",470313,166.27224848133,0.0914912090297374,562.816677404197,40.1860037889661,9.14912090297373
2020-07-29,3728,75,3625,71,103,4,4124,60,64500,438,68624,498,0,27,3,201,34,"Knox County",470313,161.169263873208,0.0944150499706055,105.886930618546,15.9468269003834,9.44150499706055
2020-07-28,3653,154,3554,152,99,2,4064,186,64062,1211,68126,1397,1,27,3,198,30,"Knox County",470313,170.099486937423,0.101331191186596,297.036229064474,32.7441512354538,10.1331191186596
2020-07-27,3499,83,3402,76,97,7,3878,85,62851,677,66729,762,3,26,2,195,30,"Knox County",470313,177.116090773591,0.100772551692797,162.019761307895,17.6478217697576,10.0772551692797
2020-07-26,3416,118,3326,113,90,5,3793,132,62174,1472,65967,1604,0,23,2,193,29,"Knox County",470313,181.581202305699,0.0960598814845618,341.049471309532,25.0896743232698,9.60598814845618
2020-07-25,3298,175,3213,172,85,3,3661,197,60702,1949,64363,2146,2,23,3,191,28,"Knox County",470313,193.70079074999,0.0980449657869013,456.291873709636,37.2092627675612,9.80449657869013
2020-07-24,3123,106,3041,99,82,7,3464,113,58753,916,62217,1029,0,21,4,188,25,"Knox County",470313,191.3619228046,0.0991768322919766,218.79046507326,22.5381820192085,9.91768322919766
2020-07-23,3017,205,2942,197,75,8,3351,254,57837,2389,61188,2643,0,21,4,184,25,"Knox County",470313,194.763912543349,0.101895029268777,561.96617996951,43.5879935277145,10.1895029268777
2020-07-22,2812,69,2745,61,67,8,3097,63,55448,437,58545,500,3,21,3,180,24,"Knox County",470313,193.488166391318,0.102172403531396,106.312179335889,14.6710807483527,10.2172403531396
2020-07-21,2743,232,2684,228,59,4,3034,280,55011,1691,58045,1971,0,18,12,177,24,"Knox County",470313,210.072866367717,0.105490380103238,419.082610942075,49.3288512118525,10.5490380103238
2020-07-20,2511,74,2456,70,55,4,2754,57,53320,364,56074,421,0,18,4,165,23,"Knox County",470313,208.159247139671,0.106263331394221,89.5148550008186,15.7342025417116,10.6263331394221
2020-07-19,2437,84,2386,74,51,10,2697,74,52956,577,55653,651,0,18,0,161,22,"Knox County",470313,200.93001894483,0.110885589146459,138.418457495328,17.8604461284294,11.0885589146459
2020-07-18,2353,112,2312,109,41,3,2623,146,52379,2258,55002,2404,1,18,8,161,20,"Knox County",470313,187.534684348508,0.102609418858509,511.148958246955,23.8139281712392,10.2609418858509
2020-07-17,2241,74,2203,74,38,0,2477,80,50121,347,52598,427,0,17,6,153,19,"Knox County",470313,180.730704871011,0.105800155262282,90.7906011528493,15.7342025417116,10.5800155262282
2020-07-16,2167,187,2129,185,38,2,2397,228,49774,2033,52171,2261,2,17,3,147,17,"Knox County",470313,176.903466414919,0.107469600463231,480.74367495689,39.7607550716225,10.7469600463231
2020-07-15,1980,78,1944,78,36,0,2169,80,47741,511,49910,591,3,15,4,144,17,"Knox County",470313,178.817085642965,0.108297043318817,125.660995975021,16.5846999763987,10.8297043318817
2020-07-14,1902,95,1866,95,36,0,2089,127,47230,777,49319,904,2,12,1,140,16,"Knox County",470313,149.687548504932,0.103407755581669,192.212420239287,20.1993140738189,10.3407755581669
2020-07-13,1807,94,1771,92,36,2,1962,59,46453,655,48415,714,1,10,2,139,15,"Knox County",470313,153.940035678367,0.0998490945674044,151.81379209165,19.9866897151471,9.98490945674044
2020-07-12,1713,69,1679,67,34,2,1903,87,45798,916,47701,1003,0,9,4,137,12,"Knox County",470313,150.750670298291,0.0971820809248555,213.262231747793,14.6710807483527,9.71820809248555
2020-07-11,1644,28,1612,27,32,1,1816,36,44882,883,46698,919,0,9,2,133,11,"Knox County",470313,132.890224169861,0.102214400938554,195.401785619364,5.95348204280979,10.2214400938554
2020-07-10,1616,78,1585,74,31,4,1780,68,43999,418,45779,486,0,9,6,131,10,"Knox County",470313,133.740721604548,0.0995929049142193,103.335438314484,16.5846999763987,9.95929049142192
2020-07-09,1538,70,1511,66,27,4,1712,88,43581,1652,45293,1740,0,9,8,125,10,"Knox County",470313,108.86367163995,0.0857322636463741,369.966384088894,14.8837051070245,8.57322636463741
2020-07-08,1468,70,1445,65,23,5,1624,63,41929,594,43553,657,1,9,5,117,10,"Knox County",470313,107.162676770576,0.082204577300327,139.694203647358,14.8837051070245,8.2204577300327
2020-07-07,1398,79,1380,79,18,0,1561,104,41335,1303,42896,1407,0,8,7,112,10,"Knox County",470313,103.760687031828,0.0729136586774473,299.162472651192,16.7973243350705,7.29136586774473
2020-07-06,1319,35,1301,35,18,0,1457,34,40032,658,41489,692,1,8,6,105,9,"Knox County",470313,91.2158498701928,0.0695249130938586,147.13605620087,7.44185255351224,6.95249130938586
2020-07-05,1284,77,1266,77,18,0,1423,109,39374,1079,40797,1188,2,7,6,99,9,"Knox County",470313,92.916844739567,0.0708139370856256,252.597738102072,16.3720756177269,7.08139370856256
2020-07-04,1207,41,1189,40,18,1,1314,50,38295,1141,39609,1191,0,5,1,93,8,"Knox County",470313,95.6809614023002,0.0700991713082462,253.235611178088,8.7175987055429,7.00991713082462
2020-07-03,1166,62,1149,61,17,1,1264,49,37154,910,38418,959,0,5,4,92,6,"Knox County",470313,92.2789716635517,0.0634414092417667,203.906759966235,13.1827102376502,6.34414092417667
2020-07-02,1104,68,1088,68,16,0,1215,102,36244,1228,37459,1330,0,5,2,88,6,"Knox County",470313,91.8537229462082,0.0688308189655172,282.790397033465,14.4584563896809,6.88308189655172
2020-07-01,1036,49,1020,49,16,0,1113,34,35016,737,36129,771,0,5,4,86,6,"Knox County",470313,87.3886114141008,0.0639426903687981,163.933380535941,10.4185935749171,6.39426903687981
2020-06-30,987,40,971,39,16,1,1079,73,34279,1514,35358,1587,0,5,3,82,5,"Knox County",470313,79.0962614259015,0.0584348276755636,337.434857212112,8.50497434687113,5.84348276755636
2020-06-29,947,51,932,51,15,0,1006,79,32765,1333,33771,1412,0,5,3,79,5,"Knox County",470313,82.4982511646499,0.058781701825077,300.225594444551,10.8438422922607,5.8781701825077
2020-06-28,896,10,881,10,15,0,927,30,31432,684,32359,714,0,5,1,76,5,"Knox County",470313,68.2524191336408,0.0523606228026118,151.81379209165,2.12624358671778,5.23606228026117
2020-06-27,886,29,871,29,15,0,897,16,30748,111,31645,127,0,5,3,75,5,"Knox County",470313,65.7009268295794,0.0555072463768116,27.0032935513158,6.16610640148157,5.55072463768116
2020-06-26,857,37,842,37,15,0,881,14,30637,319,31518,333,0,5,8,72,5,"Knox County",470313,60.385317862785,0.0554670066942939,70.8039114377021,7.86710127085579,5.54670066942939
2020-06-25,820,32,805,32,15,0,867,52,30318,702,31185,754,0,5,1,64,5,"Knox County",470313,52.730840950601,0.0522990522990523,160.318766438521,6.8039794774969,5.22990522990523
2020-06-24,788,35,773,34,15,1,815,32,29616,272,30431,304,0,5,1,63,5,"Knox County",470313,49.7540999291961,0.0565857388644619,64.6378050362206,7.44185255351224,5.65857388644619
2020-06-23,753,27,739,24,14,3,783,25,29344,215,30127,240,0,5,4,62,5,"Knox County",470313,46.989983266463,0.0638516992790937,51.0298460812268,5.74085768413801,6.38516992790937
2020-06-22,726,36,715,36,11,0,758,31,29129,572,29887,603,0,5,0,58,5,"Knox County",470313,43.8006178863863,0.0650406504065041,128.212488279082,7.65447691218401,6.50406504065041
2020-06-21,690,31,679,31,11,0,727,37,28557,815,29284,852,0,5,1,58,5,"Knox County",470313,48.2657294184936,0.0644257703081232,181.155953588355,6.59135511882512,6.44257703081232
2020-06-20,659,17,648,17,11,0,690,9,27742,437,28432,446,0,5,2,57,5,"Knox County",470313,45.7142371144323,0.0566251415628539,94.8304639676131,3.61461409742023,5.66251415628539
2020-06-19,642,30,631,28,11,2,681,10,27305,334,27986,344,0,5,1,55,5,"Knox County",470313,44.2258666037299,0.0553203499858877,73.1427793830917,6.37873076015334,5.53203499858877
2020-06-18,612,15,603,15,9,0,671,18,26971,804,27642,822,0,5,0,54,5,"Knox County",470313,40.6112525063096,0.0448629188590418,174.777222828202,3.18936538007667,4.48629188590418
2020-06-17,597,17,588,17,9,0,653,13,26167,282,26820,295,0,5,0,54,5,"Knox County",470313,36.7840140502176,0.0397001665741255,62.7241858081746,3.61461409742023,3.97001665741255
2020-06-16,580,9,571,8,9,1,640,9,25885,178,26525,187,0,5,0,54,5,"Knox County",470313,32.9567755941256,0.0357847280924204,39.7607550716225,1.913619228046,3.57847280924204
2020-06-15,571,8,563,8,8,0,631,9,25707,218,26338,227,0,5,0,54,5,"Knox County",470313,27.0032935513158,0.0330917113142137,48.2657294184936,1.70099486937423,3.30917113142137
2020-06-14,563,8,555,8,8,0,622,9,25489,624,26111,633,0,5,0,54,5,"Knox County",470313,22.1129333018649,0.0260663507109005,134.591219039236,1.70099486937423,2.60663507109005
2020-06-13,555,10,547,8,8,2,613,9,24865,213,25478,222,0,5,3,54,5,"Knox County",470313,20.6245627911625,0.0282051282051282,47.2026076251348,2.12624358671778,2.82051282051282
2020-06-12,545,19,539,19,6,0,604,19,24652,750,25256,769,0,5,0,51,5,"Knox County",470313,18.2856948457729,0.0272583201267829,163.508131818597,4.03986281476378,2.72583201267829
2020-06-11,526,7,520,7,6,0,585,10,23902,379,24487,389,0,5,2,51,5,"Knox County",470313,16.5846999763987,0.0286554004408523,82.7108755233217,1.48837051070245,2.86554004408523
2020-06-10,519,12,513,12,6,0,575,12,23523,705,24098,717,0,5,0,49,5,"Knox County",470313,15.5215781830398,0.0244910941475827,152.451665167665,2.55149230406134,2.44910941475827
2020-06-09,507,16,501,16,6,0,563,19,22818,508,23381,527,0,5,1,49,5,"Knox County",470313,17.0099486937423,0.0249712973593571,112.053037020027,3.40198973874845,2.49712973593571
2020-06-08,491,8,485,8,6,0,544,8,22310,336,22854,344,0,5,1,48,5,"Knox County",470313,17.0099486937423,0.0238822549291863,73.1427793830917,1.70099486937423,2.38822549291863
2020-06-07,483,7,477,7,6,0,536,8,21974,847,22510,855,0,5,1,47,5,"Knox County",470313,16.7973243350705,0.0222338477635365,181.79382666437,1.48837051070245,2.22338477635365
2020-06-06,476,11,470,11,6,0,528,12,21127,478,21655,490,0,5,0,46,5,"Knox County",470313,17.0099486937423,0.0215106330970423,104.185935749171,2.33886794538956,2.15106330970423
2020-06-05,465,18,459,18,6,0,516,17,20649,518,21165,535,0,5,1,46,5,"Knox County",470313,16.7973243350705,0.0222971221156339,113.754031889401,3.82723845609201,2.22971221156339
2020-06-04,447,4,441,4,6,0,499,4,20131,338,20630,342,0,5,0,45,5,"Knox County",470313,16.1594512590551,0.020997375328084,72.7175306657481,0.850497434687113,2.0997375328084
2020-06-03,443,4,437,4,6,0,495,4,19793,399,20288,403,0,5,0,45,5,"Knox County",470313,14.4584563896809,0.0205949656750572,85.6876165447266,0.850497434687113,2.05949656750572
2020-06-02,439,26,433,25,6,1,491,24,19394,939,19885,963,0,5,2,45,5,"Knox County",470313,16.5846999763987,0.0195829094608342,204.757257400922,5.52823332546623,1.95829094608342
2020-06-01,413,17,408,17,5,0,467,20,18455,972,18922,992,0,5,0,43,5,"Knox County",470313,18.4983192044447,0.0194323144104804,210.923363802404,3.61461409742023,1.94323144104803
2020-05-31,396,7,391,7,5,0,447,7,17483,317,17930,324,0,5,0,43,5,"Knox County",470313,18.4983192044447,0.0217337614225735,68.8902922096561,1.48837051070245,2.17337614225735
2020-05-30,389,6,384,6,5,0,440,6,17166,294,17606,300,0,5,2,43,5,"Knox County",470313,17.4351974110858,0.0212490282456595,63.7873076015334,1.27574615203067,2.12490282456595
2020-05-29,383,8,378,8,5,0,434,7,16872,205,17306,212,0,5,0,41,5,"Knox County",470313,15.308953824368,0.0203619909502262,45.076364038417,1.70099486937423,2.03619909502262
2020-05-28,375,11,370,11,5,0,427,11,16667,336,17094,347,0,5,0,41,5,"Knox County",470313,16.7973243350705,0.022310081897769,73.780652459107,2.33886794538956,2.2310081897769
2020-05-27,364,5,359,5,5,0,416,6,16331,420,16747,426,0,5,1,41,5,"Knox County",470313,17.0099486937423,0.0227272727272727,90.5779767941775,1.06312179335889,2.27272727272727
2020-05-26,359,9,354,9,5,0,410,10,15911,1142,16321,1152,0,5,0,40,5,"Knox County",470313,13.395334596322,0.0178523847588596,244.943261189888,1.913619228046,1.78523847588596
2020-05-25,350,9,345,9,5,0,400,11,14769,381,15169,392,0,5,1,40,5,"Knox County",470313,11.6943397269478,0.018395179194418,83.348748599337,1.913619228046,1.8395179194418
2020-05-24,341,2,336,2,5,0,389,3,14388,273,14777,276,0,5,0,39,5,"Knox County",470313,10.6312179335889,0.0173913043478261,58.6843229934108,0.425248717343556,1.73913043478261
2020-05-23,339,7,334,7,5,0,386,10,14115,360,14501,370,0,5,2,39,5,"Knox County",470313,10.8438422922607,0.0182677165354331,78.6710127085579,1.48837051070245,1.82677165354331
2020-05-22,332,1,327,1,5,0,376,1,13755,253,14131,254,0,5,0,37,5,"Knox County",470313,9.35547178155824,0.0161641280696301,54.0065871026317,0.212624358671778,1.61641280696301
2020-05-21,331,0,326,0,5,0,375,0,13502,250,13877,250,0,5,0,37,5,"Knox County",470313,7.01660383616868,0.0131410256410256,53.1560896679445,0,1.31410256410256
2020-05-20,331,7,326,7,5,0,375,7,13252,360,13627,367,0,5,0,37,5,"Knox County",470313,7.44185255351224,0.0137210062071219,78.0331396325426,1.48837051070245,1.37210062071219
2020-05-19,324,7,319,7,5,0,368,7,12892,369,13260,376,0,5,2,37,5,"Knox County",470313,7.01660383616868,0.0170678336980306,79.9467588605886,1.48837051070245,1.70678336980306
2020-05-18,317,3,312,3,5,0,361,4,12523,478,12884,482,0,5,0,35,5,"Knox County",470313,5.74085768413801,0.0134736842105263,102.484940879797,0.637873076015334,1.34736842105263
2020-05-17,314,3,309,3,5,0,357,5,12045,216,12402,221,0,5,1,35,5,"Knox County",470313,5.95348204280979,0.0146551724137931,46.989983266463,0.637873076015334,1.46551724137931
2020-05-16,311,0,306,0,5,0,352,0,11829,349,12181,349,0,5,0,34,5,"Knox County",470313,4.46511153210734,0.0104393214441061,74.2059011764506,0,1.04393214441061
2020-05-15,311,1,306,1,5,0,352,4,11480,540,11832,544,0,5,0,34,5,"Knox County",470313,4.46511153210734,0.0104287369640788,115.667651117447,0.212624358671778,1.04287369640788
2020-05-14,310,3,305,3,5,0,348,7,10940,458,11288,465,0,5,0,34,5,"Knox County",470313,5.10298460812268,0.0121255349500713,98.8703267823768,0.637873076015334,1.21255349500713
2020-05-13,307,7,302,7,5,0,341,5,10482,341,10823,346,0,5,0,34,5,"Knox County",470313,5.10298460812268,0.011498383039885,73.5680281004352,1.48837051070245,1.1498383039885
2020-05-12,300,6,295,6,5,0,336,8,10141,401,10477,409,0,5,0,34,5,"Knox County",470313,4.8903602494509,0.01171875,86.9633626967573,1.27574615203067,1.171875
2020-05-11,294,16,289,16,5,0,328,12,9740,254,10068,266,0,5,1,34,5,"Knox County",470313,7.65447691218401,0.0157692307692308,56.558079406693,3.40198973874845,1.57692307692308
2020-05-10,278,5,273,5,5,0,316,5,9486,221,9802,226,0,5,1,33,5,"Knox County",470313,8.07972562952757,0.0157389635316699,48.0531050598219,1.06312179335889,1.57389635316699
2020-05-09,273,2,268,2,5,0,311,4,9265,352,9576,356,0,5,0,32,5,"Knox County",470313,8.50497434687113,0.0172281776416539,75.694271687153,0.425248717343556,1.72281776416539
2020-05-08,271,3,266,3,5,0,307,4,8913,265,9220,269,0,5,0,32,5,"Knox County",470313,8.93022306421468,0.0192554557124519,57.1959524827083,0.637873076015334,1.92554557124519
2020-05-07,268,3,263,3,5,0,303,3,8648,220,8951,223,0,5,0,32,5,"Knox County",470313,8.93022306421468,0.0195704057279236,47.4152319838065,0.637873076015334,1.95704057279236
2020-05-06,265,1,260,1,5,0,300,1,8428,185,8728,186,0,5,0,32,5,"Knox County",470313,7.65447691218401,0.0191214470284238,39.5481307129507,0.212624358671778,1.91214470284238
2020-05-05,264,4,259,4,5,0,299,5,8243,305,8542,310,0,5,0,32,5,"Knox County",470313,7.22922819484046,0.0185185185185185,65.9135511882512,0.850497434687113,1.85185185185185
2020-05-04,260,4,255,4,5,0,294,7,7938,259,8232,266,0,5,0,32,5,"Knox County",470313,4.67773589077912,0.0157952069716776,56.558079406693,0.850497434687113,1.57952069716776
2020-05-03,256,7,251,5,5,2,287,6,7679,290,7966,296,0,5,2,32,5,"Knox County",470313,5.10298460812268,0.0157397691500525,62.9368101668463,1.48837051070245,1.57397691500525
2020-05-02,249,3,246,3,3,0,281,5,7389,308,7670,313,0,5,1,30,5,"Knox County",470313,5.31560896679445,0.0166398282340311,66.5514242642666,0.637873076015334,1.66398282340311
2020-05-01,246,9,243,8,3,1,276,7,7081,354,7357,361,0,5,0,29,5,"Knox County",470313,6.59135511882512,0.0173913043478261,76.7573934805119,1.913619228046,1.73913043478261
2020-04-30,237,4,235,4,2,0,269,3,6727,119,6996,122,0,5,0,29,5,"Knox County",470313,6.8039794774969,0.0183387270765912,25.9401717579569,0.850497434687113,1.83387270765912
2020-04-29,233,8,231,8,2,0,266,10,6608,671,6874,681,0,5,0,29,5,"Knox County",470313,8.29234998819935,0.0183056619838229,144.797188255481,1.70099486937423,1.83056619838229
2020-04-28,225,8,223,8,2,0,256,10,5937,391,6193,401,1,5,0,29,5,"Knox County",470313,9.14284742288646,0.019672131147541,85.262367827383,1.70099486937423,1.9672131147541
2020-04-27,217,2,215,2,2,0,246,4,5546,161,5792,165,0,4,0,29,5,"Knox County",470313,8.7175987055429,0.0192389910218042,35.0830191808434,0.425248717343556,1.92389910218042
2020-04-26,215,1,213,1,2,0,242,1,5385,172,5627,173,0,4,0,29,4,"Knox County",470313,7.44185255351224,0.0180505415162455,36.7840140502176,0.212624358671778,1.80505415162455
2020-04-25,214,0,212,0,2,0,241,0,5213,53,5454,53,0,4,0,29,4,"Knox County",470313,6.8039794774969,0.0178936605316973,11.2690910096042,0,1.78936605316973
2020-04-24,214,8,212,8,2,0,241,10,5160,836,5401,846,0,4,1,29,4,"Knox County",470313,6.59135511882512,0.0155673904137649,179.880207436324,1.70099486937423,1.55673904137648
2020-04-23,206,1,204,1,2,0,231,2,4324,137,4555,139,0,4,0,28,4,"Knox County",470313,5.95348204280979,0.0150528885272579,29.5547858553772,0.212624358671778,1.50528885272579
2020-04-22,205,5,203,3,2,2,229,2,4187,189,4416,191,0,4,0,28,4,"Knox County",470313,5.31560896679445,0.0147357723577236,40.6112525063096,1.06312179335889,1.47357723577236
2020-04-21,200,4,200,4,0,0,227,5,3998,475,4225,480,0,4,1,28,4,"Knox County",470313,4.46511153210734,0.0117244748412311,102.059692162454,0.850497434687113,1.17244748412311
2020-04-20,196,3,196,3,0,0,222,2,3523,175,3745,177,0,4,1,27,4,"Knox County",470313,4.67773589077912,0.0106847984458475,37.6345114849047,0.637873076015334,1.06847984458475
2020-04-19,193,0,193,0,0,0,220,0,3348,72,3568,72,0,4,0,26,4,"Knox County",470313,4.46511153210734,0.0107252298263534,15.308953824368,0,1.07252298263534
2020-04-18,193,0,193,0,0,0,220,1,3276,135,3496,136,0,4,0,26,4,"Knox County",470313,4.46511153210734,0.0107790298873101,28.9169127793618,0,1.07790298873101
2020-04-17,193,2,193,2,0,0,219,3,3141,104,3360,107,0,4,1,26,4,"Knox County",470313,3.18936538007667,0.0115207373271889,22.7508063778803,0.425248717343556,1.15207373271889
2020-04-16,191,7,191,7,0,0,216,9,3037,213,3253,222,0,4,2,25,4,"Knox County",470313,4.46511153210734,0.015884476534296,47.2026076251348,1.48837051070245,1.5884476534296
2020-04-15,184,9,184,9,0,0,207,10,2824,84,3031,94,0,4,1,23,4,"Knox County",470313,5.31560896679445,0.0232919254658385,19.9866897151471,1.913619228046,2.32919254658385
2020-04-14,175,4,175,4,0,0,197,4,2740,102,2937,106,0,4,1,22,4,"Knox County",470313,5.31560896679445,0.0317286652078775,22.5381820192085,0.850497434687113,3.17286652078775
2020-04-13,171,4,171,4,0,0,193,9,2638,242,2831,251,0,4,1,21,4,"Knox County",470313,5.52823332546623,0.0364372469635627,53.3687140266163,0.850497434687113,3.64372469635628
2020-04-12,167,5,167,5,0,0,184,6,2396,166,2580,172,0,4,0,20,4,"Knox County",470313,6.59135511882512,0.0386029411764706,36.5713896915458,1.06312179335889,3.86029411764706
2020-04-11,162,5,162,5,0,0,178,8,2230,313,2408,321,1,4,1,20,4,"Knox County",470313,7.65447691218401,0.0384917517674784,68.2524191336408,1.06312179335889,3.84917517674784
2020-04-10,157,4,157,4,0,0,170,5,1917,123,2087,128,0,3,0,19,4,"Knox County",470313,8.07972562952757,0.0394126738794436,27.2159179099876,0.850497434687113,3.94126738794436
2020-04-09,153,1,153,1,0,0,165,1,1794,81,1959,82,0,3,0,19,4,"Knox County",470313,6.8039794774969,0.037261698440208,17.4351974110858,0.212624358671778,3.7261698440208
2020-04-08,152,8,152,8,0,0,164,12,1713,111,1877,123,0,3,1,19,4,"Knox County",470313,6.59135511882512,0.0380388841927303,26.1527961166287,1.70099486937423,3.80388841927303
2020-04-07,144,20,144,20,0,0,152,25,1602,366,1754,391,0,3,2,18,3,"Knox County",470313,9.99334485757357,0.0449591280653951,83.1361242406653,4.25248717343556,4.49591280653951
2020-04-06,124,8,124,8,0,0,127,14,1236,54,1363,68,2,3,1,16,3,"Knox County",470313,10.8438422922607,0.0552529182879377,14.4584563896809,1.70099486937423,5.52529182879377
2020-04-05,116,4,116,4,0,0,113,10,1182,75,1295,85,0,1,0,15,3,"Knox County",470313,10.6312179335889,0.0626043405676127,18.0730704871011,0.850497434687113,6.26043405676127
2020-04-04,112,15,112,15,0,0,103,6,1107,127,1210,133,0,1,1,15,2,"Knox County",470313,12.7574615203067,0.0722772277227723,28.2790397033465,3.18936538007667,7.22772277227723
2020-04-03,97,4,97,4,0,0,97,3,980,51,1077,54,0,1,1,14,1,"Knox County",470313,12.7574615203067,0.0758547008547008,11.481715368276,0.850497434687113,7.58547008547009
2020-04-02,93,7,93,7,0,0,94,7,929,106,1023,113,0,1,0,13,1,"Knox County",470313,14.0332076723374,0.0796277145811789,24.0265525299109,1.48837051070245,7.96277145811789
2020-04-01,86,15,86,15,0,0,87,15,823,140,910,155,0,0,1,13,1,"Knox County",470313,15.5215781830398,0.0800800800800801,32.9567755941256,3.18936538007667,8.00800800800801
2020-03-31,71,8,71,8,0,0,72,11,683,58,755,69,0,0,1,12,1,"Knox County",470313,12.9700858789785,0.0974889217134417,14.6710807483527,1.70099486937423,9.74889217134417
2020-03-30,63,13,63,13,0,0,61,15,625,130,686,145,0,0,2,11,1,"Knox County",470313,14.0332076723374,0.0888594164456233,30.8305320074078,2.76411666273312,8.88594164456233
2020-03-29,50,8,50,8,0,0,46,8,495,55,541,63,0,0,1,9,1,"Knox County",470313,14.8837051070245,0.0887978142076503,13.395334596322,1.70099486937423,8.87978142076503
2020-03-28,42,7,42,7,0,0,38,6,440,62,478,68,0,0,1,8,0,"Knox County",470313,13.1827102376502,0.0974512743628186,14.4584563896809,1.48837051070245,9.74512743628186
2020-03-27,35,2,35,2,0,0,32,2,378,54,410,56,0,0,1,7,0,"Knox County",470313,12.7574615203067,0.0956651718983558,11.9069640856196,0.425248717343556,9.56651718983558
2020-03-26,33,7,33,7,0,0,30,7,324,82,354,89,0,0,2,6,0,"Knox County",470313,12.7574615203067,0.0992248062015504,18.9235679217883,1.48837051070245,9.92248062015504
2020-03-25,26,6,26,6,0,0,23,7,242,68,265,75,0,0,1,4,0,"Knox County",470313,10.8438422922607,0.0991150442477876,15.9468269003834,1.27574615203067,9.91150442477876
2020-03-24,20,7,20,7,0,0,16,7,174,43,190,50,0,0,0,3,0,"Knox County",470313,10.6312179335889,0.0952380952380952,10.6312179335889,1.48837051070245,9.52380952380952
2020-03-23,13,4,13,4,0,0,9,4,131,22,140,26,0,0,2,3,0,"Knox County",470313,8.7175987055429,0.0960187353629977,5.52823332546623,0.850497434687113,9.60187353629976
2020-03-22,9,2,9,2,0,0,5,0,109,9,114,9,0,0,1,1,0,"Knox County",470313,7.44185255351224,0.0884718498659517,1.913619228046,0.425248717343556,8.84718498659517
2020-03-21,7,1,7,1,0,0,5,2,100,17,105,19,0,0,0,0,0,"Knox County",470313,6.16610640148157,0.0895061728395062,4.03986281476378,0.212624358671778,8.95061728395062
2020-03-20,6,5,6,5,0,0,3,2,83,38,86,40,0,0,0,0,0,"Knox County",470313,6.8039794774969,0.0941558441558442,8.50497434687113,1.06312179335889,9.41558441558442
2020-03-19,1,0,1,0,0,0,1,0,45,11,46,11,0,0,0,0,0,"Knox County",470313,5.31560896679445,0.0956521739130435,2.33886794538956,0,9.56521739130435
2020-03-18,1,0,1,0,0,0,1,0,34,15,35,15,0,0,0,0,0,"Knox County",470313,4.03986281476378,0.0882352941176471,3.18936538007667,0,8.82352941176471
2020-03-17,1,0,1,0,0,0,1,0,19,5,20,5,0,0,0,0,0,"Knox County",470313,2.55149230406134,0.064,1.06312179335889,0,6.4
2020-03-16,1,1,1,1,0,0,1,1,14,3,15,4,0,0,0,0,0,"Knox County",470313,1.913619228046,0.0485436893203883,0.850497434687113,0.212624358671778,4.85436893203883
2020-03-15,0,0,0,0,0,0,0,0,11,1,11,1,0,0,0,0,0,"Knox County",470313,1.48837051070245,0.0526315789473684,0.212624358671778,0,5.26315789473684
2020-03-14,0,0,0,0,0,0,0,0,10,8,10,8,0,0,0,0,0,"Knox County",470313,1.27574615203067,0.0357142857142857,1.70099486937423,0,3.57142857142857
2020-03-13,0,0,0,0,0,0,0,0,2,0,2,0,0,0,0,0,0,"Knox County",470313,0.212624358671778,0.0227272727272727,0,0,2.27272727272727
2020-03-12,0,0,0,0,0,0,0,0,2,2,2,2,0,0,0,0,0,"Knox County",470313,0.212624358671778,0.0285714285714286,0.425248717343556,0,2.85714285714286
2020-03-12,0,0,0,0,0,0,0,0,0,0,0,0,0,0,0,0,0,"Anderson",76978,NA,NA,0,0,NA
2020-03-13,0,0,0,0,0,0,0,0,1,1,1,1,0,0,0,0,0,"Anderson",76978,NA,NA,1.29907246226194,0,NA
2020-03-14,0,0,0,0,0,0,0,0,1,0,1,0,0,0,0,0,0,"Anderson",76978,NA,NA,0,0,NA
2020-03-15,0,0,0,0,0,0,0,0,1,0,1,0,0,0,0,0,0,"Anderson",76978,NA,NA,0,0,NA
2020-03-16,0,0,0,0,0,0,0,0,2,1,2,1,0,0,0,0,0,"Anderson",76978,NA,NA,1.29907246226194,0,NA
2020-03-17,0,0,0,0,0,0,0,0,4,2,4,2,0,0,0,0,0,"Anderson",76978,NA,NA,2.59814492452389,0,NA
2020-03-18,0,0,0,0,0,0,0,0,4,0,4,0,0,0,0,0,0,"Anderson",76978,0,0,0,0,0
2020-03-19,1,1,1,1,0,0,2,2,5,1,7,3,0,0,0,0,0,"Anderson",76978,1.29907246226194,0.285714285714286,3.89721738678583,1.29907246226194,28.5714285714286
2020-03-20,1,0,1,0,0,0,2,0,7,2,9,2,0,0,0,0,0,"Anderson",76978,1.29907246226194,0.25,2.59814492452389,0,25
2020-03-21,1,0,1,0,0,0,2,0,7,0,9,0,0,0,0,0,0,"Anderson",76978,1.29907246226194,0.25,0,0,25
2020-03-22,1,0,1,0,0,0,2,0,10,3,12,3,0,0,0,0,0,"Anderson",76978,1.29907246226194,0.181818181818182,3.89721738678583,0,18.1818181818182
2020-03-23,1,0,1,0,0,0,2,0,15,5,17,5,0,0,0,0,0,"Anderson",76978,1.29907246226194,0.133333333333333,6.49536231130973,0,13.3333333333333
2020-03-24,1,0,1,0,0,0,2,0,20,5,22,5,0,0,0,0,0,"Anderson",76978,1.29907246226194,0.111111111111111,6.49536231130973,0,11.1111111111111
2020-03-25,2,1,2,1,0,0,4,2,29,9,33,11,0,0,0,0,0,"Anderson",76978,2.59814492452389,0.137931034482759,14.2897970848814,1.29907246226194,13.7931034482759
2020-03-26,3,1,3,1,0,0,5,1,44,15,49,16,0,0,1,1,0,"Anderson",76978,2.59814492452389,0.0714285714285714,20.7851593961911,1.29907246226194,7.14285714285714
2020-03-27,4,1,4,1,0,0,6,1,53,9,59,10,0,0,0,1,0,"Anderson",76978,3.89721738678583,0.08,12.9907246226195,1.29907246226194,8
2020-03-28,7,3,7,3,0,0,9,3,72,19,81,22,0,0,1,2,0,"Anderson",76978,7.79443477357167,0.0972222222222222,28.5795941697628,3.89721738678583,9.72222222222222
2020-03-29,7,0,7,0,0,0,9,0,83,11,92,11,0,0,0,2,0,"Anderson",76978,7.79443477357167,0.0875,14.2897970848814,0,8.75
2020-03-30,8,1,8,1,0,0,10,1,127,44,137,45,0,0,0,2,0,"Anderson",76978,9.09350723583361,0.0666666666666667,58.4582608017875,1.29907246226194,6.66666666666667
2020-03-31,9,1,9,1,0,0,11,1,142,15,153,16,0,0,0,2,0,"Anderson",76978,10.3925796980956,0.0687022900763359,20.7851593961911,1.29907246226194,6.87022900763359
2020-04-01,9,0,9,0,0,0,11,0,163,21,174,21,0,0,0,2,0,"Anderson",76978,9.09350723583361,0.049645390070922,27.2805217075008,0,4.9645390070922
2020-04-02,9,0,9,0,0,0,11,0,179,16,190,16,0,0,0,2,0,"Anderson",76978,7.79443477357167,0.0425531914893617,20.7851593961911,0,4.25531914893617
2020-04-03,9,0,9,0,0,0,11,0,192,13,203,13,0,0,0,2,0,"Anderson",76978,6.49536231130972,0.0347222222222222,16.8879420094053,0,3.47222222222222
2020-04-04,9,0,9,0,0,0,11,0,219,27,230,27,0,0,0,2,0,"Anderson",76978,2.59814492452389,0.0134228187919463,35.0749564810725,0,1.34228187919463
2020-04-05,9,0,9,0,0,0,11,0,248,29,259,29,0,0,0,2,0,"Anderson",76978,2.59814492452389,0.0119760479041916,37.6731014055964,0,1.19760479041916
2020-04-06,9,0,9,0,0,0,11,0,262,14,273,14,0,0,0,2,0,"Anderson",76978,1.29907246226194,0.00735294117647059,18.1870144716672,0,0.735294117647059
2020-04-07,10,1,10,1,0,0,12,1,304,42,316,43,0,0,0,2,0,"Anderson",76978,1.29907246226194,0.00613496932515337,55.8601158772636,1.29907246226194,0.613496932515337
2020-04-08,10,0,10,0,0,0,12,0,322,18,334,18,1,1,0,2,1,"Anderson",76978,1.29907246226194,0.00625,23.383304320715,0,0.625
2020-04-09,10,0,10,0,0,0,12,0,350,28,362,28,0,1,0,2,1,"Anderson",76978,1.29907246226194,0.00581395348837209,36.3740289433345,0,0.581395348837209
2020-04-10,10,0,10,0,0,0,12,0,366,16,378,16,0,1,0,2,1,"Anderson",76978,1.29907246226194,0.00571428571428571,20.7851593961911,0,0.571428571428571
2020-04-11,10,0,10,0,0,0,12,0,439,73,451,73,0,1,0,2,1,"Anderson",76978,1.29907246226194,0.00452488687782805,94.832289745122,0,0.452488687782805
2020-04-12,12,2,12,2,0,0,14,2,477,38,491,40,0,1,0,2,1,"Anderson",76978,3.89721738678583,0.0129310344827586,51.9628984904778,2.59814492452389,1.29310344827586
2020-04-13,13,1,13,1,0,0,15,1,514,37,529,38,0,1,0,2,1,"Anderson",76978,5.19628984904778,0.015625,49.3647535659539,1.29907246226194,1.5625
2020-04-14,13,0,13,0,0,0,15,0,526,12,541,12,0,1,0,2,1,"Anderson",76978,3.89721738678583,0.0133333333333333,15.5888695471433,0,1.33333333333333
2020-04-15,13,0,13,0,0,0,15,0,544,18,559,18,0,1,0,2,1,"Anderson",76978,3.89721738678583,0.0133333333333333,23.383304320715,0,1.33333333333333
2020-04-16,13,0,13,0,0,0,15,0,566,22,581,22,0,1,0,2,1,"Anderson",76978,3.89721738678583,0.0136986301369863,28.5795941697628,0,1.36986301369863
2020-04-17,13,0,13,0,0,0,15,0,586,20,601,20,0,1,0,2,1,"Anderson",76978,3.89721738678583,0.0134529147982063,25.9814492452389,0,1.34529147982063
2020-04-18,13,0,13,0,0,0,15,0,616,30,631,30,0,1,0,2,1,"Anderson",76978,3.89721738678583,0.0166666666666667,38.9721738678584,0,1.66666666666667
2020-04-19,14,1,14,1,0,0,16,1,628,12,644,13,0,1,0,2,1,"Anderson",76978,2.59814492452389,0.0130718954248366,16.8879420094053,1.29907246226194,1.30718954248366
2020-04-20,19,5,18,4,1,1,19,3,648,20,667,23,0,1,0,2,1,"Anderson",76978,7.79443477357167,0.0289855072463768,29.8786666320247,6.49536231130973,2.89855072463768
2020-04-21,20,1,19,1,1,0,22,3,1071,423,1093,426,0,1,0,2,1,"Anderson",76978,9.09350723583361,0.0126811594202899,553.404868923589,1.29907246226194,1.26811594202899
2020-04-22,21,1,20,1,1,0,24,2,1141,70,1165,72,0,1,0,2,1,"Anderson",76978,10.3925796980956,0.0148514851485149,93.53321728286,1.29907246226194,1.48514851485149
2020-04-23,21,0,20,0,1,0,24,0,1191,50,1215,50,0,1,0,2,1,"Anderson",76978,10.3925796980956,0.0141955835962145,64.9536231130973,0,1.41955835962145
2020-04-24,22,1,21,1,1,0,25,1,1299,108,1324,109,0,1,0,2,1,"Anderson",76978,11.6916521603575,0.0138312586445367,141.598898386552,1.29907246226194,1.38312586445367
2020-04-25,22,0,21,0,1,0,25,0,1336,37,1361,37,0,1,0,2,1,"Anderson",76978,11.6916521603575,0.0136986301369863,48.065681103692,0,1.36986301369863
2020-04-26,22,0,21,0,1,0,25,0,1372,36,1397,36,0,1,0,2,1,"Anderson",76978,10.3925796980956,0.0119521912350598,46.76660864143,0,1.19521912350598
2020-04-27,22,0,21,0,1,0,25,0,1411,39,1436,39,0,1,0,2,1,"Anderson",76978,3.89721738678583,0.00780234070221066,50.6638260282159,0,0.780234070221066
2020-04-28,22,0,21,0,1,0,25,0,1690,279,1715,279,0,1,0,2,1,"Anderson",76978,2.59814492452389,0.00482315112540193,362.441216971083,0,0.482315112540193
2020-04-29,26,4,25,4,1,0,28,3,2068,378,2096,381,0,1,0,2,1,"Anderson",76978,6.49536231130972,0.00429645542427497,494.946608121801,5.19628984904778,0.429645542427497
2020-04-30,26,0,25,0,1,0,29,1,2100,32,2129,33,0,1,0,2,1,"Anderson",76978,6.49536231130972,0.00547045951859956,42.8693912546442,0,0.547045951859956
2020-05-01,26,0,25,0,1,0,29,0,2152,52,2181,52,0,1,0,2,1,"Anderson",76978,5.19628984904778,0.00466744457409568,67.5517680376211,0,0.466744457409568
2020-05-02,26,0,25,0,1,0,29,0,2219,67,2248,67,0,1,0,2,1,"Anderson",76978,5.19628984904778,0.00450958286358512,87.0378549715503,0,0.450958286358512
2020-05-03,27,1,26,1,1,0,30,1,2312,93,2342,94,0,1,0,2,1,"Anderson",76978,6.49536231130972,0.00529100529100529,122.112811452623,1.29907246226194,0.529100529100529
2020-05-04,27,0,26,0,1,0,30,0,2404,92,2434,92,0,1,0,2,1,"Anderson",76978,6.49536231130972,0.00501002004008016,119.514666528099,0,0.501002004008016
2020-05-05,28,1,27,1,1,0,30,0,2473,69,2503,69,0,1,0,2,1,"Anderson",76978,7.79443477357167,0.00634517766497462,89.6359998960742,1.29907246226194,0.634517766497462
2020-05-06,30,2,29,2,1,0,31,1,2523,50,2554,51,0,1,0,2,1,"Anderson",76978,5.19628984904778,0.00655021834061135,66.2526955753592,2.59814492452389,0.655021834061135
2020-05-07,30,0,29,0,1,0,33,2,2595,72,2628,74,0,1,0,2,1,"Anderson",76978,5.19628984904778,0.00801603206412826,96.1313622073839,0,0.801603206412826
2020-05-08,30,0,29,0,1,0,33,0,2650,55,2683,55,0,1,0,2,1,"Anderson",76978,5.19628984904778,0.00796812749003984,71.448985424407,0,0.796812749003984
2020-05-09,30,0,29,0,1,0,33,0,2732,82,2765,82,0,1,0,2,1,"Anderson",76978,5.19628984904778,0.00773694390715667,106.523941905479,0,0.773694390715667
2020-05-10,30,0,29,0,1,0,33,0,2825,93,2858,93,0,1,0,2,1,"Anderson",76978,3.89721738678583,0.00581395348837209,120.813738990361,0,0.581395348837209
2020-05-11,32,2,31,2,1,0,33,0,2907,82,2940,82,0,1,0,2,1,"Anderson",76978,6.49536231130972,0.00592885375494071,106.523941905479,2.59814492452389,0.592885375494071
2020-05-12,33,1,32,1,1,0,35,2,3040,133,3075,135,0,1,0,2,1,"Anderson",76978,6.49536231130972,0.00874125874125874,175.374782405363,1.29907246226194,0.874125874125874
2020-05-13,35,2,34,2,1,0,38,3,3218,178,3256,181,0,1,1,3,1,"Anderson",76978,6.49536231130972,0.00997150997150997,235.132115669412,2.59814492452389,0.997150997150997
2020-05-14,35,0,34,0,1,0,39,1,3344,126,3383,127,0,1,0,3,1,"Anderson",76978,6.49536231130972,0.00794701986754967,164.982202707267,0,0.794701986754967
2020-05-15,36,1,35,1,1,0,39,0,3415,71,3454,71,0,1,0,3,1,"Anderson",76978,7.79443477357167,0.00778210116731518,92.2341448205981,1.29907246226194,0.778210116731518
2020-05-16,36,0,35,0,1,0,41,2,3655,240,3696,242,0,1,0,3,1,"Anderson",76978,7.79443477357167,0.00859291084854995,314.375535867391,0,0.859291084854995
2020-05-17,36,0,35,0,1,0,41,0,3725,70,3766,70,0,1,0,3,1,"Anderson",76978,7.79443477357167,0.00881057268722467,90.9350723583361,0,0.881057268722467
2020-05-18,37,1,36,1,1,0,42,1,3802,77,3844,78,0,1,0,3,1,"Anderson",76978,6.49536231130972,0.00995575221238938,101.327652056432,1.29907246226194,0.995575221238938
2020-05-19,37,0,36,0,1,0,42,0,3854,52,3896,52,0,1,0,3,1,"Anderson",76978,5.19628984904778,0.00852618757612668,67.5517680376211,0,0.852618757612667
2020-05-20,37,0,36,0,1,0,43,1,3919,65,3962,66,0,1,0,3,1,"Anderson",76978,2.59814492452389,0.00708215297450425,85.7387825092884,0,0.708215297450425
2020-05-21,37,0,36,0,1,0,44,1,3999,80,4043,81,0,1,0,3,1,"Anderson",76978,2.59814492452389,0.00757575757575758,105.224869443218,0,0.757575757575758
2020-05-22,38,1,37,1,1,0,45,1,4027,28,4072,29,0,1,1,4,1,"Anderson",76978,2.59814492452389,0.00970873786407767,37.6731014055964,1.29907246226194,0.970873786407767
2020-05-23,38,0,37,0,1,0,46,1,4190,163,4236,164,0,1,0,4,1,"Anderson",76978,2.59814492452389,0.00925925925925926,213.047883810959,0,0.925925925925926
2020-05-24,38,0,37,0,1,0,46,0,4245,55,4291,55,0,1,0,4,1,"Anderson",76978,2.59814492452389,0.00952380952380952,71.448985424407,0,0.952380952380952
2020-05-25,38,0,37,0,1,0,47,1,4279,34,4326,35,0,1,0,4,1,"Anderson",76978,1.29907246226194,0.0103734439834025,45.4675361791681,0,1.03734439834025
2020-05-26,38,0,37,0,1,0,47,0,4410,131,4457,131,0,1,0,4,1,"Anderson",76978,1.29907246226194,0.0089126559714795,170.178492556315,0,0.89126559714795
2020-05-27,38,0,37,0,1,0,47,0,4513,103,4560,103,0,1,0,4,1,"Anderson",76978,1.29907246226194,0.00668896321070234,133.80446361298,0,0.668896321070234
2020-05-28,38,0,37,0,1,0,47,0,4561,48,4608,48,0,1,0,4,1,"Anderson",76978,1.29907246226194,0.00530973451327434,62.3554781885734,0,0.530973451327434
2020-05-29,39,1,38,1,1,0,47,0,4611,50,4658,50,0,1,0,4,1,"Anderson",76978,1.29907246226194,0.00341296928327645,64.9536231130973,1.29907246226194,0.341296928327645
2020-05-30,39,0,38,0,1,0,48,1,4663,52,4711,53,0,1,0,4,1,"Anderson",76978,1.29907246226194,0.00421052631578947,68.8508404998831,0,0.421052631578947
2020-05-31,40,1,39,1,1,0,49,1,4729,66,4778,67,0,1,0,4,1,"Anderson",76978,2.59814492452389,0.00616016427104723,87.0378549715503,1.29907246226194,0.616016427104723
2020-06-01,40,0,39,0,1,0,49,0,4853,124,4902,124,0,1,0,4,1,"Anderson",76978,2.59814492452389,0.00347222222222222,161.084985320481,0,0.347222222222222
2020-06-02,40,0,39,0,1,0,49,0,4980,127,5029,127,0,1,0,4,1,"Anderson",76978,2.59814492452389,0.0034965034965035,164.982202707267,0,0.34965034965035
2020-06-03,41,1,40,1,1,0,50,1,5040,60,5090,61,0,1,0,4,2,"Anderson",76978,3.89721738678583,0.00566037735849057,79.2434201979787,1.29907246226194,0.566037735849057
2020-06-04,41,0,40,0,1,0,50,0,5088,48,5138,48,1,2,0,4,2,"Anderson",76978,3.89721738678583,0.00566037735849057,62.3554781885734,0,0.566037735849057
2020-06-05,42,1,41,1,1,0,53,3,5145,57,5198,60,0,2,0,4,2,"Anderson",76978,3.89721738678583,0.0111111111111111,77.9443477357167,1.29907246226194,1.11111111111111
2020-06-06,43,1,42,1,1,0,54,1,5198,53,5252,54,0,2,0,4,2,"Anderson",76978,5.19628984904778,0.011090573012939,70.149912962145,1.29907246226194,1.1090573012939
2020-06-07,45,2,43,1,2,1,57,3,5293,95,5350,98,0,2,0,4,2,"Anderson",76978,6.49536231130972,0.013986013986014,127.309101301671,2.59814492452389,1.3986013986014
2020-06-08,46,1,44,1,2,0,57,0,5334,41,5391,41,0,2,0,4,2,"Anderson",76978,7.79443477357167,0.016359918200409,53.2619709527397,1.29907246226194,1.6359918200409
2020-06-09,47,1,45,1,2,0,60,3,5515,181,5575,184,0,2,0,4,2,"Anderson",76978,9.09350723583361,0.0201465201465201,239.029333056198,1.29907246226194,2.01465201465201
2020-06-10,52,5,50,5,2,0,63,3,5723,208,5786,211,0,2,0,4,2,"Anderson",76978,14.2897970848814,0.0186781609195402,274.10428953727,6.49536231130973,1.86781609195402
2020-06-11,55,3,53,3,2,0,66,3,5868,145,5934,148,0,2,1,5,2,"Anderson",76978,18.1870144716672,0.0201005025125628,192.262724414768,3.89721738678583,2.01005025125628
2020-06-12,57,2,55,2,2,0,70,4,5950,82,6020,86,0,2,0,5,2,"Anderson",76978,19.4860869339292,0.0206812652068127,111.720231754527,2.59814492452389,2.06812652068127
2020-06-13,58,1,55,0,3,1,70,0,5993,43,6063,43,0,2,0,5,2,"Anderson",76978,19.4860869339292,0.0197287299630086,55.8601158772636,1.29907246226194,1.97287299630086
2020-06-14,60,2,57,2,3,0,70,0,6168,175,6238,175,0,2,1,6,2,"Anderson",76978,19.4860869339292,0.0146396396396396,227.33768089584,2.59814492452389,1.46396396396396
2020-06-15,60,0,57,0,3,0,71,1,6226,58,6297,59,0,2,0,6,2,"Anderson",76978,18.1870144716672,0.0154525386313466,76.6452752734548,0,1.54525386313466
2020-06-16,64,4,61,4,3,0,75,4,6287,61,6362,65,0,2,0,6,2,"Anderson",76978,22.0842318584531,0.0190597204574333,84.4397100470264,5.19628984904778,1.90597204574333
2020-06-17,66,2,63,2,3,0,79,4,6324,37,6403,41,0,2,0,6,2,"Anderson",76978,18.1870144716672,0.0259319286871961,53.2619709527397,2.59814492452389,2.59319286871961
2020-06-18,70,4,67,4,3,0,84,5,6454,130,6538,135,0,2,0,6,2,"Anderson",76978,19.4860869339292,0.0298013245033113,175.374782405363,5.19628984904778,2.98013245033113
2020-06-19,72,2,69,2,3,0,86,2,6519,65,6605,67,0,2,0,6,2,"Anderson",76978,19.4860869339292,0.0273504273504274,87.0378549715503,2.59814492452389,2.73504273504274
2020-06-20,73,1,70,1,3,0,87,1,6557,38,6644,39,0,2,0,6,2,"Anderson",76978,19.4860869339292,0.0292598967297762,50.6638260282159,1.29907246226194,2.92598967297762
2020-06-21,74,1,71,1,3,0,88,1,6617,60,6705,61,0,2,0,6,2,"Anderson",76978,18.1870144716672,0.0385438972162741,79.2434201979787,1.29907246226194,3.85438972162741
2020-06-22,76,2,73,2,3,0,90,2,6709,92,6799,94,0,2,1,7,2,"Anderson",76978,20.7851593961911,0.0378486055776892,122.112811452623,2.59814492452389,3.78486055776892
2020-06-23,76,0,73,0,3,0,90,0,6798,89,6888,89,0,2,0,7,2,"Anderson",76978,15.5888695471433,0.0285171102661597,115.617449141313,0,2.85171102661597
2020-06-24,77,1,74,1,3,0,91,1,6829,31,6920,32,0,2,0,7,2,"Anderson",76978,14.2897970848814,0.02321083172147,41.5703187923822,1.29907246226194,2.321083172147
2020-06-25,81,4,78,4,3,0,92,1,6942,113,7034,114,0,2,0,7,2,"Anderson",76978,14.2897970848814,0.0161290322580645,148.094260697862,5.19628984904778,1.61290322580645
2020-06-26,86,5,83,5,3,0,98,6,6970,28,7068,34,0,2,0,7,2,"Anderson",76978,18.1870144716672,0.0259179265658747,44.1684637169061,6.49536231130973,2.59179265658747
2020-06-27,87,1,83,0,4,1,98,0,6982,12,7080,12,0,2,0,7,2,"Anderson",76978,18.1870144716672,0.0252293577981651,15.5888695471433,1.29907246226194,2.52293577981651
2020-06-28,91,4,87,4,4,0,106,8,7091,109,7197,117,0,2,0,7,2,"Anderson",76978,22.0842318584531,0.0365853658536585,151.991478084648,5.19628984904778,3.65853658536585
2020-06-29,97,6,92,5,5,1,114,8,7313,222,7427,230,0,2,1,8,2,"Anderson",76978,27.2805217075008,0.0382165605095541,298.786666320247,7.79443477357167,3.82165605095541
2020-06-30,102,5,96,4,6,1,120,6,7477,164,7597,170,0,2,0,8,2,"Anderson",76978,33.7758840188106,0.0423131170662905,220.842318584531,6.49536231130973,4.23131170662905
2020-07-01,104,2,98,2,6,0,124,4,7598,121,7722,125,0,2,0,8,2,"Anderson",76978,35.0749564810725,0.0411471321695761,162.384057782743,2.59814492452389,4.11471321695761
2020-07-02,110,6,104,6,6,0,130,6,7837,239,7967,245,0,2,0,8,2,"Anderson",76978,37.6731014055964,0.0407288317256163,318.272753254177,7.79443477357167,4.07288317256163
2020-07-03,120,10,113,9,7,1,142,12,7961,124,8103,136,0,2,0,8,2,"Anderson",76978,44.1684637169061,0.042512077294686,176.673854867625,12.9907246226195,4.2512077294686
2020-07-04,131,11,124,11,7,0,156,14,8145,184,8301,198,0,2,2,10,2,"Anderson",76978,57.1591883395256,0.0475020475020475,257.216347527865,14.2897970848814,4.75020475020475
2020-07-05,140,9,133,9,7,0,169,13,8301,156,8470,169,0,2,1,11,2,"Anderson",76978,63.6545506508353,0.0494893951296151,219.543246122269,11.6916521603575,4.94893951296151
2020-07-06,141,1,134,1,7,0,170,1,8328,27,8498,28,0,2,0,11,2,"Anderson",76978,57.1591883395256,0.0522875816993464,36.3740289433345,1.29907246226194,5.22875816993464
2020-07-07,157,16,150,16,7,0,190,20,8561,233,8751,253,0,2,0,11,2,"Anderson",76978,71.448985424407,0.0606585788561525,328.665332952272,20.7851593961911,6.06585788561525
2020-07-08,173,16,165,15,8,1,206,16,8701,140,8907,156,0,2,0,11,2,"Anderson",76978,89.6359998960742,0.0691983122362869,202.655304112863,20.7851593961911,6.91983122362869
2020-07-09,187,14,179,14,8,0,220,14,8969,268,9189,282,0,2,0,11,2,"Anderson",76978,100.02857959417,0.0736497545008183,366.338434357868,18.1870144716672,7.36497545008183
2020-07-10,193,6,185,6,8,0,227,7,8999,30,9226,37,0,2,1,12,2,"Anderson",76978,94.832289745122,0.0756901157613535,48.065681103692,7.79443477357167,7.56901157613535
2020-07-11,201,8,193,8,8,0,235,8,9168,169,9403,177,0,2,1,13,2,"Anderson",76978,90.9350723583361,0.0716878402903811,229.935825820364,10.3925796980956,7.16878402903811
2020-07-12,212,11,204,11,8,0,248,13,9351,183,9599,196,0,2,0,13,2,"Anderson",76978,93.53321728286,0.0699734278122232,254.618202603341,14.2897970848814,6.99734278122232
2020-07-13,218,6,209,5,9,1,255,7,9390,39,9645,46,0,2,2,15,2,"Anderson",76978,100.02857959417,0.0741063644289451,59.7573332640495,7.79443477357167,7.41063644289451
2020-07-14,229,11,219,10,10,1,266,11,9530,140,9796,151,0,2,0,15,2,"Anderson",76978,93.53321728286,0.0727272727272727,196.159941801554,14.2897970848814,7.27272727272727
2020-07-15,245,16,234,15,11,1,285,19,9632,102,9917,121,0,2,0,15,2,"Anderson",76978,93.53321728286,0.0782178217821782,157.187767933695,20.7851593961911,7.82178217821782
2020-07-16,263,18,252,18,11,0,308,23,9921,289,10229,312,0,2,1,16,2,"Anderson",76978,98.7295071319078,0.0846153846153846,405.310608225727,23.383304320715,8.46153846153846
2020-07-17,270,7,259,7,11,0,317,9,9992,71,10309,80,0,2,1,17,3,"Anderson",76978,100.02857959417,0.0831024930747922,103.925796980956,9.09350723583361,8.31024930747922
2020-07-18,277,7,266,7,11,0,328,11,10206,214,10534,225,0,2,0,17,3,"Anderson",76978,98.7295071319078,0.0822281167108753,292.291304008938,9.09350723583361,8.22281167108753
2020-07-19,285,8,274,8,11,0,337,9,10287,81,10624,90,0,2,2,19,3,"Anderson",76978,94.832289745122,0.0868292682926829,116.916521603575,10.3925796980956,8.68292682926829
2020-07-20,313,28,302,28,11,0,367,30,10456,169,10823,199,1,3,0,19,3,"Anderson",76978,123.411883914885,0.0950764006791171,258.515419990127,36.3740289433345,9.50764006791171
2020-07-21,336,23,324,22,12,1,391,24,10748,292,11139,316,0,3,1,20,3,"Anderson",76978,139.000753462028,0.0930752047654505,410.506898074775,29.8786666320247,9.30752047654505
2020-07-22,365,29,353,29,12,0,424,33,10883,135,11307,168,0,3,0,20,3,"Anderson",76978,155.888695471433,0.1,218.244173660007,37.6731014055964,10
2020-07-23,388,23,376,23,12,0,455,31,11310,427,11765,458,0,3,2,22,3,"Anderson",76978,162.384057782743,0.095703125,594.975187715971,29.8786666320247,9.5703125
2020-07-24,394,6,382,6,12,0,463,8,11422,112,11885,120,0,3,0,22,4,"Anderson",76978,161.084985320481,0.0926395939086294,155.888695471433,7.79443477357167,9.26395939086294
2020-07-25,426,32,413,31,13,1,499,36,11679,257,12178,293,1,4,1,23,4,"Anderson",76978,193.56179687703,0.104014598540146,380.62823144275,41.5703187923822,10.4014598540146
2020-07-26,465,39,451,38,14,1,541,42,12082,403,12623,445,0,4,2,25,4,"Anderson",76978,233.83304320715,0.102051025512756,578.087245706565,50.6638260282159,10.2051025512756
2020-07-27,483,18,468,17,15,1,562,21,12262,180,12824,201,0,4,1,26,4,"Anderson",76978,220.842318584531,0.0974512743628186,261.113564914651,23.383304320715,9.74512743628186
2020-07-28,523,40,508,40,15,0,608,46,12642,380,13250,426,0,4,1,27,5,"Anderson",76978,242.926550442984,0.10279488394126,553.404868923589,51.9628984904778,10.279488394126
2020-07-29,527,4,512,4,15,0,612,4,12678,36,13290,40,1,5,0,27,5,"Anderson",76978,210.449738886435,0.0948058497226425,51.9628984904778,5.19628984904778,9.48058497226425
2020-07-30,564,37,549,37,15,0,666,54,13163,485,13829,539,0,5,0,27,5,"Anderson",76978,228.636753358102,0.102228682170543,700.200057159188,48.065681103692,10.2228682170543
2020-07-31,576,12,561,12,15,0,680,14,13345,182,14025,196,0,5,0,27,5,"Anderson",76978,236.431188131674,0.101401869158878,254.618202603341,15.5888695471433,10.1401869158878
2020-08-01,599,23,584,23,15,0,705,25,13754,409,14459,434,0,5,1,28,5,"Anderson",76978,224.739535971316,0.0903112669881631,563.797448621684,29.8786666320247,9.03112669881631
2020-08-02,606,7,591,7,15,0,712,7,13882,128,14594,135,0,5,1,29,6,"Anderson",76978,183.169217178934,0.0867579908675799,175.374782405363,9.09350723583361,8.67579908675799
2020-08-03,631,25,615,24,16,1,743,31,14109,227,14852,258,0,5,0,29,6,"Anderson",76978,192.262724414768,0.0892504930966469,335.160695263582,32.4768115565486,8.92504930966469
2020-08-04,638,7,622,7,16,0,751,8,14352,243,15103,251,2,7,0,29,6,"Anderson",76978,149.393333160124,0.0771721532649757,326.067188027748,9.09350723583361,7.71721532649757
2020-08-05,653,15,637,15,16,0,770,19,14561,209,15331,228,-1,6,0,29,6,"Anderson",76978,163.683130245005,0.0774130328270456,296.188521395723,19.4860869339292,7.74130328270456
2020-08-06,675,22,659,22,16,0,800,30,14882,321,15682,351,0,6,1,30,6,"Anderson",76978,144.197043311076,0.0723151645979493,455.974434253943,28.5795941697628,7.23151645979493
2020-08-07,679,4,663,4,16,0,804,4,14963,81,15767,85,0,6,0,30,6,"Anderson",76978,133.80446361298,0.0711825487944891,110.421159292265,5.19628984904778,7.11825487944891
2020-08-08,690,11,674,11,16,0,820,16,15283,320,16103,336,0,6,0,30,6,"Anderson",76978,118.215594065837,0.0699513381995134,436.488347320014,14.2897970848814,6.99513381995134
2020-08-09,697,7,681,7,16,0,829,9,15420,137,16249,146,0,6,0,30,6,"Anderson",76978,118.215594065837,0.0706948640483384,189.664579490244,9.09350723583361,7.06948640483384
2020-08-10,702,5,686,5,16,0,835,6,15559,139,16394,145,0,6,0,30,6,"Anderson",76978,92.2341448205981,0.059662775616083,188.365507027982,6.49536231130973,5.9662775616083
2020-08-11,723,21,707,21,16,0,857,22,15762,203,16619,225,0,6,1,31,6,"Anderson",76978,110.421159292265,0.0699208443271768,292.291304008938,27.2805217075008,6.99208443271768
2020-08-12,731,8,715,8,16,0,865,8,16001,239,16866,247,0,6,0,31,6,"Anderson",76978,101.327652056432,0.0618892508143322,320.8708981787,10.3925796980956,6.18892508143322
2020-08-13,749,18,733,18,16,0,889,24,16229,228,17118,252,1,7,2,33,6,"Anderson",76978,96.1313622073839,0.0619777158774373,327.36626049001,23.383304320715,6.19777158774373
2020-08-14,766,17,749,16,17,1,911,22,16558,329,17469,351,0,7,0,33,6,"Anderson",76978,113.019304216789,0.0628672150411281,455.974434253943,22.0842318584531,6.28672150411281
2020-08-15,776,10,759,10,17,0,923,12,16781,223,17704,235,-1,6,0,33,6,"Anderson",76978,111.720231754527,0.0643347907557776,305.282028631557,12.9907246226195,6.43347907557776
2020-08-16,788,12,771,12,17,0,937,14,16923,142,17860,156,0,6,0,33,7,"Anderson",76978,118.215594065837,0.0670391061452514,202.655304112863,15.5888695471433,6.70391061452514
2020-08-17,792,4,775,4,17,0,940,3,16966,43,17906,46,0,6,0,33,7,"Anderson",76978,116.916521603575,0.0694444444444444,59.7573332640495,5.19628984904778,6.94444444444444
2020-08-18,806,14,789,14,17,0,957,17,17129,163,18086,180,0,6,0,33,7,"Anderson",76978,107.823014367741,0.0681663258350375,233.83304320715,18.1870144716672,6.81663258350375
2020-08-19,820,14,803,14,17,0,971,14,17303,174,18274,188,0,6,0,33,7,"Anderson",76978,115.617449141313,0.0752840909090909,244.225622905246,18.1870144716672,7.52840909090909
2020-08-20,835,15,818,15,17,0,987,16,17745,442,18732,458,0,6,0,33,8,"Anderson",76978,111.720231754527,0.0607187112763321,594.975187715971,19.4860869339292,6.07187112763321
2020-08-21,838,3,821,3,17,0,990,3,17781,36,18771,39,1,7,0,33,8,"Anderson",76978,93.53321728286,0.0606758832565284,50.6638260282159,3.89721738678583,6.06758832565284
2020-08-22,856,18,839,18,17,0,1009,19,18325,544,19334,563,1,8,1,34,8,"Anderson",76978,103.925796980956,0.052760736196319,731.377796253475,23.383304320715,5.2760736196319
2020-08-23,857,1,840,1,17,0,1010,1,18409,84,19419,85,0,8,0,34,8,"Anderson",76978,89.6359998960742,0.0468248877485568,110.421159292265,1.29907246226194,4.68248877485568
2020-08-24,858,1,840,0,18,1,1010,0,18448,39,19458,39,0,8,0,34,8,"Anderson",76978,85.7387825092884,0.0451030927835052,50.6638260282159,1.29907246226194,4.51030927835052
2020-08-25,866,8,848,8,18,0,1018,8,18600,152,19618,160,0,8,1,35,8,"Anderson",76978,77.9443477357167,0.0398172323759791,207.851593961911,10.3925796980956,3.98172323759791
2020-08-26,872,6,854,6,18,0,1024,6,18780,180,19804,186,0,8,0,35,8,"Anderson",76978,67.5517680376211,0.034640522875817,241.627477980722,7.79443477357167,3.4640522875817
2020-08-27,875,3,857,3,18,0,1027,3,19191,411,20218,414,0,8,0,35,8,"Anderson",76978,51.9628984904778,0.0269179004037685,537.815999376445,3.89721738678583,2.69179004037685
2020-08-28,875,0,857,0,18,0,1027,0,19229,38,20256,38,0,8,0,35,8,"Anderson",76978,48.065681103692,0.0249158249158249,49.3647535659539,0,2.49158249158249
2020-08-29,884,9,865,8,19,1,1035,8,19491,262,20526,270,0,8,0,35,8,"Anderson",76978,36.3740289433345,0.0218120805369128,350.749564810725,11.6916521603575,2.18120805369128
2020-08-30,900,16,881,16,19,0,1051,16,19574,83,20625,99,0,8,0,35,8,"Anderson",76978,55.8601158772636,0.0339966832504146,128.608173763933,20.7851593961911,3.39966832504146
2020-08-31,902,2,883,2,19,0,1053,2,19632,58,20685,60,0,8,0,35,8,"Anderson",76978,57.1591883395256,0.0350448247758761,77.9443477357167,2.59814492452389,3.50448247758761
2020-09-01,909,7,889,6,20,1,1059,6,19743,111,20802,117,0,8,0,35,8,"Anderson",76978,55.8601158772636,0.0346283783783784,151.991478084648,9.09350723583361,3.46283783783784
2020-09-02,917,8,895,6,22,2,1069,10,20059,316,21128,326,0,8,0,35,8,"Anderson",76978,58.4582608017875,0.033987915407855,423.497622697394,10.3925796980956,3.3987915407855
2020-09-03,933,16,909,14,24,2,1085,16,20383,324,21468,340,0,8,0,35,9,"Anderson",76978,75.3462028111928,0.0464,441.684637169061,20.7851593961911,4.64
2020-09-04,942,9,917,8,25,1,1095,10,20572,189,21667,199,0,8,0,35,9,"Anderson",76978,87.0378549715503,0.0481927710843374,258.515419990127,11.6916521603575,4.81927710843374
2020-09-05,961,19,936,19,25,0,1116,21,20841,269,21957,290,0,8,1,36,10,"Anderson",76978,100.02857959417,0.0566037735849057,376.731014055964,24.682376782977,5.66037735849057
2020-09-06,963,2,938,2,25,0,1118,2,20897,56,22015,58,0,8,0,36,10,"Anderson",76978,81.8415651225025,0.0482014388489209,75.3462028111928,2.59814492452389,4.82014388489209
2020-09-07,966,3,941,3,25,0,1123,5,20985,88,22108,93,0,8,0,36,10,"Anderson",76978,83.1406375847645,0.0491918482080112,120.813738990361,3.89721738678583,4.91918482080112
2020-09-08,975,9,944,3,31,6,1127,4,21160,175,22287,179,1,9,0,36,10,"Anderson",76978,85.7387825092884,0.0457912457912458,232.533970744888,11.6916521603575,4.57912457912458
2020-09-09,984,9,953,9,31,0,1136,9,21401,241,22537,250,0,9,1,37,11,"Anderson",76978,87.0378549715503,0.0475514549325763,324.768115565486,11.6916521603575,4.75514549325763
2020-09-10,1013,29,981,28,32,1,1166,30,21770,369,22936,399,1,10,0,37,11,"Anderson",76978,103.925796980956,0.0551771117166213,518.329912442516,37.6731014055964,5.51771117166213
2020-09-11,1014,1,982,1,32,0,1168,2,21903,133,23071,135,0,10,0,37,11,"Anderson",76978,93.53321728286,0.051994301994302,175.374782405363,1.29907246226194,5.1994301994302
2020-09-12,1017,3,985,3,32,0,1173,5,22045,142,23218,147,0,10,0,37,11,"Anderson",76978,72.7480578866689,0.0452022204599524,190.963651952506,3.89721738678583,4.52022204599524
2020-09-13,1038,21,1005,20,33,1,1194,21,22289,244,23483,265,0,10,1,38,11,"Anderson",76978,97.4304346696459,0.0517711171662125,344.254202499415,27.2805217075008,5.17711171662125
2020-09-14,1044,6,1010,5,34,1,1200,6,22395,106,23595,112,0,10,1,39,11,"Anderson",76978,101.327652056432,0.0517821116341627,145.496115773338,7.79443477357167,5.17821116341627
2020-09-15,1060,16,1026,16,34,0,1217,17,22635,240,23852,257,1,11,1,40,12,"Anderson",76978,110.421159292265,0.0575079872204473,333.86162280132,20.7851593961911,5.75079872204473
2020-09-16,1068,8,1034,8,34,0,1229,12,22771,136,24000,148,0,11,0,40,12,"Anderson",76978,109.122086830003,0.063568010936432,192.262724414768,10.3925796980956,6.3568010936432
2020-09-17,1090,22,1054,20,36,2,1249,20,23192,421,24441,441,0,11,1,41,12,"Anderson",76978,100.02857959417,0.0551495016611296,572.890955857518,28.5795941697628,5.51495016611296
2020-09-18,1109,19,1073,19,36,0,1267,18,23416,224,24683,242,0,11,0,41,12,"Anderson",76978,123.411883914885,0.0614143920595533,314.375535867391,24.682376782977,6.14143920595533
2020-09-19,1124,15,1088,15,36,0,1288,21,23698,282,24986,303,0,11,1,42,12,"Anderson",76978,139.000753462028,0.0650452488687783,393.618956065369,19.4860869339292,6.50452488687783
2020-09-20,1131,7,1095,7,36,0,1298,10,23850,152,25148,162,0,11,0,42,13,"Anderson",76978,120.813738990361,0.0624624624624625,210.449738886435,9.09350723583361,6.24624624624625
2020-09-21,1133,2,1097,2,36,0,1300,2,23883,33,25183,35,0,11,0,42,13,"Anderson",76978,115.617449141313,0.0629722921914358,45.4675361791681,2.59814492452389,6.29722921914358
2020-09-22,1147,14,1111,14,36,0,1317,17,24131,248,25448,265,0,11,1,43,13,"Anderson",76978,113.019304216789,0.06265664160401,344.254202499415,18.1870144716672,6.265664160401
2020-09-23,1147,0,1111,0,36,0,1317,0,24172,41,25489,41,0,11,0,43,13,"Anderson",76978,102.626724518694,0.0591000671591672,53.2619709527397,0,5.91000671591672
2020-09-24,1160,13,1124,13,36,0,1332,15,24496,324,25828,339,1,12,0,43,13,"Anderson",76978,90.9350723583361,0.0598413842826244,440.385564706799,16.8879420094053,5.98413842826244
2020-09-25,1174,14,1137,13,37,1,1345,13,24732,236,26077,249,1,13,0,43,13,"Anderson",76978,84.4397100470264,0.0559540889526542,323.469043103224,18.1870144716672,5.59540889526542
2020-09-26,1188,14,1151,14,37,0,1362,17,25031,299,26393,316,0,13,0,43,13,"Anderson",76978,83.1406375847645,0.0525941719971571,410.506898074775,18.1870144716672,5.25941719971571
2020-09-27,1207,19,1168,17,39,2,1378,16,25238,207,26616,223,0,13,0,43,13,"Anderson",76978,98.7295071319078,0.0544959128065395,289.693159084414,24.682376782977,5.44959128065395
2020-09-28,1210,3,1170,2,40,1,1380,2,25275,37,26655,39,0,13,0,43,13,"Anderson",76978,100.02857959417,0.0543478260869565,50.6638260282159,3.89721738678583,5.43478260869565
2020-09-29,1221,11,1180,10,41,1,1390,10,25569,294,26959,304,0,13,0,43,13,"Anderson",76978,96.1313622073839,0.0483123759099934,394.918028527631,14.2897970848814,4.83123759099934
2020-09-30,1233,12,1190,10,43,2,1400,10,25635,66,27035,76,0,13,0,43,13,"Anderson",76978,111.720231754527,0.0536869340232859,98.7295071319078,15.5888695471433,5.36869340232859
2020-10-01,1249,16,1204,14,45,2,1415,15,25915,280,27330,295,0,13,0,43,13,"Anderson",76978,115.617449141313,0.0552596537949401,383.226376367274,20.7851593961911,5.52596537949401
2020-10-02,1256,7,1210,6,46,1,1422,7,25997,82,27419,89,0,13,0,43,13,"Anderson",76978,106.523941905479,0.0573770491803279,115.617449141313,9.09350723583361,5.73770491803279
2020-10-03,1272,16,1226,16,46,0,1446,24,26261,264,27707,288,0,13,0,43,13,"Anderson",76978,109.122086830003,0.0639269406392694,374.13286913144,20.7851593961911,6.39269406392694
2020-10-04,1288,16,1240,14,48,2,1462,16,26598,337,28060,353,0,13,0,43,13,"Anderson",76978,105.224869443218,0.0581717451523546,458.572579178467,20.7851593961911,5.81717451523546
2020-10-05,1314,26,1265,25,49,1,1489,27,26809,211,28298,238,0,13,1,44,13,"Anderson",76978,135.103536075242,0.0663420572124163,309.179246018343,33.7758840188106,6.63420572124163
2020-10-06,1342,28,1292,27,50,1,1520,31,27146,337,28666,368,0,13,1,45,13,"Anderson",76978,157.187767933695,0.0761570005858231,478.058666112396,36.3740289433345,7.61570005858231
2020-10-07,1348,6,1298,6,50,0,1528,8,27381,235,28909,243,0,13,0,45,13,"Anderson",76978,149.393333160124,0.0683030949839915,315.674608329653,7.79443477357167,6.83030949839915
2020-10-08,1358,10,1306,8,52,2,1537,9,27620,239,29157,248,0,13,1,46,13,"Anderson",76978,141.598898386552,0.066776135741653,322.169970640962,12.9907246226195,6.6776135741653
2020-10-09,1373,15,1319,13,54,2,1553,16,27793,173,29346,189,0,13,0,46,13,"Anderson",76978,151.991478084648,0.0679813181110535,245.524695367508,19.4860869339292,6.79813181110535
2020-10-10,1389,16,1335,16,54,0,1573,20,28005,212,29578,232,0,13,1,47,14,"Anderson",76978,151.991478084648,0.0678781400320684,301.384811244771,20.7851593961911,6.78781400320684
2020-10-11,1417,28,1363,28,54,0,1604,31,28294,289,29898,320,0,13,0,47,14,"Anderson",76978,167.580347631791,0.0772578890097933,415.703187923822,36.3740289433345,7.72578890097933
2020-10-12,1433,16,1378,15,55,1,1620,16,28373,79,29993,95,0,13,0,47,14,"Anderson",76978,154.589623009171,0.0772861356932153,123.411883914885,20.7851593961911,7.72861356932153
2020-10-13,1453,20,1396,18,57,2,1638,18,28494,121,30132,139,0,13,0,47,14,"Anderson",76978,144.197043311076,0.0804911323328786,180.57107225441,25.9814492452389,8.04911323328786
2020-10-14,1475,22,1418,22,57,0,1662,24,28794,300,30456,324,0,13,0,47,14,"Anderson",76978,164.982202707267,0.0866192630898513,420.89947777287,28.5795941697628,8.66192630898513
2020-10-15,1497,22,1434,16,63,6,1676,14,28945,151,30621,165,0,13,1,48,14,"Anderson",76978,180.57107225441,0.0949453551912568,214.346956273221,28.5795941697628,9.49453551912568
2020-10-16,1504,7,1437,3,67,4,1680,4,29044,99,30724,103,0,13,0,48,15,"Anderson",76978,170.178492556315,0.0921625544267054,133.80446361298,9.09350723583361,9.21625544267054
2020-10-17,1532,28,1464,27,68,1,1710,30,29292,248,31002,278,0,13,2,50,15,"Anderson",76978,185.767362103458,0.0962078651685393,361.142144508821,36.3740289433345,9.62078651685393
2020-10-18,1551,19,1483,19,68,0,1732,22,29531,239,31263,261,0,13,0,50,15,"Anderson",76978,174.075709943101,0.0937728937728938,339.057912650368,24.682376782977,9.37728937728938
2020-10-19,1555,4,1487,4,68,0,1737,5,29608,77,31345,82,0,13,1,51,15,"Anderson",76978,158.486840395957,0.0865384615384615,106.523941905479,5.19628984904778,8.65384615384615
2020-10-20,1582,27,1514,27,68,0,1772,35,29807,199,31579,234,0,13,0,51,15,"Anderson",76978,167.580347631791,0.092605390463027,303.982956169295,35.0749564810725,9.2605390463027
2020-10-21,1599,17,1531,17,68,0,1791,19,30023,216,31814,235,0,13,1,52,15,"Anderson",76978,161.084985320481,0.0949926362297496,305.282028631557,22.0842318584531,9.49926362297496
2020-10-22,1620,21,1552,21,68,0,1816,25,30355,332,32171,357,1,14,0,52,15,"Anderson",76978,159.785912858219,0.0903225806451613,463.768869027514,27.2805217075008,9.03225806451613
2020-10-23,1635,15,1566,14,69,1,1832,16,30630,275,32462,291,0,14,0,52,15,"Anderson",76978,170.178492556315,0.0874568469505178,378.030086518226,19.4860869339292,8.74568469505178
2020-10-24,1666,31,1596,30,70,1,1865,33,31006,376,32871,409,0,14,2,54,17,"Anderson",76978,174.075709943101,0.082932049224184,531.320637065136,40.2712463301203,8.29320492241841
2020-10-25,1683,17,1612,16,71,1,1884,19,31202,196,33086,215,0,14,4,58,17,"Anderson",76978,171.477565018577,0.0833790455293472,279.300579386318,22.0842318584531,8.33790455293472
2020-10-26,1699,16,1627,15,72,1,1902,18,31336,134,33238,152,-1,13,1,59,17,"Anderson",76978,187.06643456572,0.0871632329635499,197.459014263816,20.7851593961911,8.71632329635499
2020-10-27,1728,29,1651,24,77,5,1926,24,31491,155,33417,179,1,14,2,61,17,"Anderson",76978,189.664579490244,0.0837867247007617,232.533970744888,37.6731014055964,8.37867247007617
2020-10-28,1784,56,1705,54,79,2,1985,59,31925,434,33910,493,0,14,0,61,17,"Anderson",76978,240.32840551846,0.092557251908397,640.442723895139,72.7480578866689,9.25572519083969
2020-10-29,1813,29,1726,21,87,8,2004,19,32131,206,34135,225,0,14,2,63,17,"Anderson",76978,250.720985216555,0.0957230142566191,292.291304008938,37.6731014055964,9.57230142566191
2020-10-30,1850,37,1760,34,90,3,2042,38,32282,151,34324,189,2,16,1,64,17,"Anderson",76978,279.300579386318,0.112781954887218,245.524695367508,48.065681103692,11.2781954887218
2020-10-31,1850,0,1760,0,90,0,2042,0,32283,1,34325,1,0,16,0,64,19,"Anderson",76978,239.029333056198,0.121733149931224,1.29907246226194,0,12.1733149931224
2020-11-01,1855,5,1765,5,90,0,2050,8,32527,244,34577,252,0,16,0,64,19,"Anderson",76978,223.440463509055,0.111334674714956,327.36626049001,6.49536231130973,11.1334674714956
2020-11-02,1888,33,1796,31,92,2,2085,35,32794,267,34879,302,0,16,0,64,20,"Anderson",76978,245.524695367508,0.111517367458867,392.319883603107,42.8693912546442,11.1517367458867
2020-11-03,1914,26,1821,25,93,1,2110,25,32974,180,35084,205,0,16,0,64,21,"Anderson",76978,241.627477980722,0.110377924415117,266.309854763699,33.7758840188106,11.0377924415117
2020-11-04,1932,18,1836,15,96,3,2128,18,33052,78,35180,96,2,18,1,65,21,"Anderson",76978,192.262724414768,0.11259842519685,124.710956377147,23.383304320715,11.259842519685
2020-11-05,1956,24,1854,18,102,6,2148,20,33151,99,35299,119,0,18,0,65,22,"Anderson",76978,185.767362103458,0.123711340206186,154.589623009171,31.1777390942867,12.3711340206186
2020-11-06,2005,49,1900,46,105,3,2197,49,33518,367,35715,416,0,18,2,67,23,"Anderson",76978,201.356231650601,0.111430625449317,540.414144300969,63.6545506508353,11.1430625449317
2020-11-07,2085,80,1977,77,108,3,2274,77,33965,447,36239,524,0,18,0,67,23,"Anderson",76978,305.282028631557,0.121212121212121,680.713970225259,103.925796980956,12.1212121212121
2020-11-08,2139,54,2028,51,111,3,2336,62,34575,610,36911,672,0,18,1,68,23,"Anderson",76978,368.936579282392,0.122536418166238,872.976694640027,70.149912962145,12.2536418166238
2020-11-09,2147,8,2035,7,112,1,2345,9,34649,74,36994,83,0,18,0,68,23,"Anderson",76978,336.459767725844,0.122931442080378,107.823014367741,10.3925796980956,12.2931442080378
2020-11-10,2166,19,2053,18,113,1,2367,22,34820,171,37187,193,0,18,1,69,23,"Anderson",76978,327.36626049001,0.122206371849738,250.720985216555,24.682376782977,12.2206371849738
2020-11-11,2205,39,2089,36,116,3,2409,42,35093,273,37502,315,1,19,1,70,23,"Anderson",76978,354.646782197511,0.121016365202412,409.207825612513,50.6638260282159,12.1016365202412
2020-11-12,2212,7,2095,6,117,1,2417,8,35291,198,37708,206,0,19,0,70,24,"Anderson",76978,332.562550339058,0.111664591116646,267.608927225961,9.09350723583361,11.1664591116646
2020-11-13,2268,56,2148,53,120,3,2476,59,35552,261,38028,320,2,21,2,72,24,"Anderson",76978,341.656057574892,0.120622568093385,415.703187923822,72.7480578866689,12.0622568093385
2020-11-14,2309,41,2188,40,121,1,2521,45,35948,396,38469,441,1,22,1,73,25,"Anderson",76978,290.992231546676,0.110762331838565,572.890955857518,53.2619709527397,11.0762331838565
2020-11-15,2407,98,2286,98,121,0,2629,108,36530,582,39159,690,1,23,1,74,25,"Anderson",76978,348.151419886201,0.130338078291815,896.359998960742,127.309101301671,13.0338078291815
2020-11-16,2456,49,2315,29,141,20,2658,29,36807,277,39465,306,0,23,1,75,25,"Anderson",76978,401.413390838941,0.126669364629705,397.516173452155,63.6545506508353,12.6669364629705
2020-11-17,2472,16,2330,15,142,1,2674,16,37012,205,39686,221,2,25,1,76,26,"Anderson",76978,397.516173452155,0.122849139655862,287.09501415989,20.7851593961911,12.2849139655862
2020-11-18,2502,30,2356,26,146,4,2700,26,37306,294,40006,320,0,25,0,76,27,"Anderson",76978,385.824521291798,0.116214057507987,415.703187923822,38.9721738678584,11.6214057507987
2020-11-19,2560,58,2410,54,150,4,2762,62,37722,416,40484,478,0,25,1,77,27,"Anderson",76978,452.077216867157,0.124279538904899,620.95663696121,75.3462028111928,12.4279538904899
2020-11-20,2590,30,2437,27,153,3,2793,31,37835,113,40628,144,0,25,0,77,28,"Anderson",76978,418.301332848346,0.121923076923077,187.06643456572,38.9721738678584,12.1923076923077
2020-11-21,2647,57,2486,49,161,8,2841,48,38179,344,41020,392,0,25,1,78,28,"Anderson",76978,439.086492244537,0.125441003528028,509.236405206682,74.0471303489309,12.5441003528028
2020-11-22,2703,56,2535,49,168,7,2898,57,38662,483,41560,540,0,25,1,79,31,"Anderson",76978,384.525448829536,0.112036651395252,701.49912962145,72.7480578866689,11.2036651395252
2020-11-23,2710,7,2541,6,169,1,2904,6,38684,22,41588,28,0,25,0,79,32,"Anderson",76978,329.964405414534,0.115873763542157,36.3740289433345,9.09350723583361,11.5873763542157
2020-11-24,2723,13,2553,12,170,1,2916,12,38841,157,41757,169,2,27,0,79,32,"Anderson",76978,326.067188027748,0.116851762433607,219.543246122269,16.8879420094053,11.6851762433607
2020-11-25,2751,28,2574,21,177,7,2937,21,38878,37,41815,58,1,28,0,79,32,"Anderson",76978,323.469043103224,0.131011608623549,75.3462028111928,36.3740289433345,13.1011608623549
2020-11-26,2796,45,2616,42,180,3,2982,45,39228,350,42210,395,0,28,1,80,33,"Anderson",76978,306.581101093819,0.127462340672074,513.133622593468,58.4582608017875,12.7462340672074
2020-11-27,2895,99,2706,90,189,9,3077,95,39654,426,42731,521,0,28,3,83,35,"Anderson",76978,396.217100989893,0.135045173561579,676.816752838473,128.608173763933,13.5045173561579
2020-11-28,2926,31,2731,25,195,6,3107,30,39797,143,42904,173,1,29,2,85,35,"Anderson",76978,362.441216971083,0.141188959660297,224.739535971316,40.2712463301203,14.1188959660297
2020-11-29,3017,91,2820,89,197,2,3203,96,40234,437,43437,533,0,29,1,86,35,"Anderson",76978,407.908753150251,0.162493340436867,692.405622385617,118.215594065837,16.2493340436867
2020-11-30,3087,70,2886,66,201,4,3276,73,40486,252,43762,325,0,29,0,86,37,"Anderson",76978,489.750318272753,0.171113155473781,422.198550235132,90.9350723583361,17.1113155473781
2020-12-01,3163,76,2952,66,211,10,3348,72,40916,430,44264,502,1,30,6,92,38,"Anderson",76978,571.591883395256,0.172317510969286,652.134376055496,98.7295071319078,17.2317510969286
2020-12-02,3178,15,2966,14,212,1,3364,16,41024,108,44388,124,0,30,0,92,38,"Anderson",76978,554.70394138585,0.165954139137194,161.084985320481,19.4860869339292,16.5954139137194
2020-12-03,3219,41,2995,29,224,12,3397,33,41249,225,44646,258,1,31,1,93,39,"Anderson",76978,549.507651536803,0.170361247947455,335.160695263582,53.2619709527397,17.0361247947455
2020-12-04,3286,67,3055,60,231,7,3460,63,41407,158,44867,221,1,32,0,93,39,"Anderson",76978,507.93733274442,0.179307116104869,287.09501415989,87.0378549715503,17.9307116104869
2020-12-05,3317,31,3074,19,243,12,3478,18,41474,67,44952,85,0,32,0,93,39,"Anderson",76978,507.93733274442,0.18115234375,110.421159292265,40.2712463301203,18.115234375
2020-12-06,3353,36,3103,29,250,7,3506,28,41682,208,45188,236,0,32,2,95,40,"Anderson",76978,436.488347320014,0.173043974871502,306.581101093819,46.76660864143,17.3043974871502
2020-12-07,3493,140,3227,124,266,16,3642,136,42275,593,45917,729,2,34,4,99,41,"Anderson",76978,527.42341967835,0.169837587006961,947.023824988958,181.870144716672,16.9837587006961
2020-12-08,3564,71,3276,49,288,22,3694,52,42573,298,46267,350,1,35,2,101,43,"Anderson",76978,520.92805736704,0.172740888667,454.675361791681,92.2341448205981,17.2740888666999
2020-12-09,3669,105,3367,91,302,14,3798,104,42834,261,46632,365,0,35,3,104,44,"Anderson",76978,637.844578970615,0.193404634581105,474.16144872561,136.402608537504,19.3404634581105
2020-12-10,3763,94,3445,78,318,16,3885,87,43365,531,47250,618,3,38,3,107,45,"Anderson",76978,706.695419470498,0.187403993855607,802.826781677882,122.112811452623,18.7403993855607
2020-12-11,3836,73,3498,53,338,20,3936,51,43531,166,47467,217,1,39,2,109,45,"Anderson",76978,714.48985424407,0.183076923076923,281.898724310842,94.832289745122,18.3076923076923
2020-12-12,3924,88,3559,61,365,27,4001,65,44044,513,48045,578,0,39,2,111,45,"Anderson",76978,788.536984593001,0.169091496928548,750.863883187404,114.318376679051,16.9091496928548
2020-12-13,4156,232,3742,183,414,49,4205,204,44916,872,49121,1076,1,40,0,111,47,"Anderson",76978,1043.15518719634,0.177726926010679,1397.80196939385,301.384811244771,17.7726926010679
2020-12-14,4271,115,3828,86,443,29,4304,99,45206,290,49510,389,0,40,1,112,48,"Anderson",76978,1010.67837563979,0.184247147230726,505.339187819897,149.393333160124,18.4247147230726
2020-12-15,4406,135,3913,85,493,50,4400,96,45733,527,50133,623,1,41,6,118,51,"Anderson",76978,1093.81901322456,0.182617692705639,809.322143989192,175.374782405363,18.2617692705639
2020-12-16,4475,69,3943,30,532,39,4436,36,46056,323,50492,359,2,43,4,122,52,"Anderson",76978,1047.05240458313,0.165284974093264,466.367013952038,89.6359998960742,16.5284974093264
2020-12-17,4676,201,4117,174,559,27,4630,194,46584,528,51214,722,2,45,2,124,54,"Anderson",76978,1186.05315804516,0.187941473259334,937.930317753124,261.113564914651,18.7941473259334
2020-12-18,4774,98,4193,76,581,22,4717,87,46950,366,51667,453,1,46,2,126,54,"Anderson",76978,1218.5299696017,0.185952380952381,588.479825404661,127.309101301671,18.5952380952381
2020-12-19,4879,105,4274,81,605,24,4804,87,47208,258,52012,345,0,46,1,127,55,"Anderson",76978,1240.61420146016,0.202419964708848,448.179999480371,136.402608537504,20.2419964708848
2020-12-20,5019,140,4396,122,623,18,4941,137,47672,464,52613,601,2,48,3,130,56,"Anderson",76978,1121.09953493206,0.210767468499427,780.742549819429,181.870144716672,21.0767468499427
2020-12-21,5066,47,4414,18,652,29,4964,23,47892,220,52856,243,3,51,2,132,59,"Anderson",76978,1032.76260749825,0.197250448296473,315.674608329653,61.0564057263114,19.7250448296473
2020-12-22,5136,70,4458,44,678,26,5011,47,47998,106,53009,153,1,52,2,134,64,"Anderson",76978,948.32289745122,0.212447844228095,198.758086726078,90.9350723583361,21.2447844228095
2020-12-23,5210,74,4500,42,710,32,5054,43,48314,316,53368,359,2,54,2,136,66,"Anderson",76978,954.81825976253,0.214881780250348,466.367013952038,96.1313622073839,21.4881780250348
2020-12-24,5268,58,4524,24,744,34,5081,27,48466,152,53547,179,1,55,1,137,71,"Anderson",76978,769.050897659071,0.193313330475782,232.533970744888,75.3462028111928,19.3313330475782
2020-12-25,5361,93,4601,77,760,16,5173,92,48875,409,54048,501,0,55,1,138,72,"Anderson",76978,762.555535347762,0.191516169676606,650.835303593234,120.813738990361,19.1516169676606
2020-12-26,5417,56,4630,29,787,27,5201,28,48994,119,54195,147,0,55,3,141,75,"Anderson",76978,698.900984696926,0.181859825927623,190.963651952506,72.7480578866689,18.1859825927623
2020-12-27,5477,60,4667,37,810,23,5237,36,49130,136,54367,172,1,56,6,147,76,"Anderson",76978,594.975187715971,0.168757126567845,223.440463509055,77.9443477357167,16.8757126567845
2020-12-28,5524,47,4688,21,836,26,5257,20,49199,69,54456,89,2,58,4,151,83,"Anderson",76978,594.975187715971,0.183125,115.617449141313,61.0564057263114,18.3125
2020-12-29,5620,96,4740,52,880,44,5305,48,49294,95,54599,143,2,60,5,156,86,"Anderson",76978,628.751071734781,0.184905660377358,185.767362103458,124.710956377147,18.4905660377358
2020-12-30,5655,35,4758,18,897,17,5322,17,49422,128,54744,145,6,66,1,157,89,"Anderson",76978,578.087245706566,0.194767441860465,188.365507027982,45.4675361791681,19.4767441860465
2020-12-31,5818,163,4858,100,960,63,5424,102,49726,304,55150,406,6,72,1,158,94,"Anderson",76978,714.48985424407,0.213973799126638,527.42341967835,211.748811348697,21.3973799126638
2021-01-01,5883,65,4900,42,983,23,5479,55,49953,227,55432,282,0,72,2,160,95,"Anderson",76978,678.115825300735,0.221098265895954,366.338434357868,84.4397100470264,22.1098265895954
2021-01-02,5976,93,4941,41,1035,52,5521,42,50114,161,55635,203,0,72,2,162,97,"Anderson",76978,726.181506404427,0.222222222222222,263.711709839175,120.813738990361,22.2222222222222
2021-01-03,6001,25,4953,12,1048,13,5537,16,50152,38,55689,54,0,72,1,163,100,"Anderson",76978,680.713970225259,0.226928895612708,70.149912962145,32.4768115565486,22.6928895612708
2021-01-04,6039,38,4978,25,1061,13,5569,32,50226,74,55795,106,1,73,0,163,105,"Anderson",76978,669.022318064902,0.233009708737864,137.701680999766,49.3647535659539,23.3009708737864
2021-01-05,6111,72,5009,31,1102,41,5600,31,50323,97,55923,128,2,75,2,165,108,"Anderson",76978,637.844578970615,0.222809667673716,166.281275169529,93.53321728286,22.2809667673716
2021-01-06,6187,76,5050,41,1137,35,5644,44,50441,118,56085,162,5,80,2,167,110,"Anderson",76978,691.106549923355,0.240119313944817,210.449738886435,98.7295071319078,24.0119313944817
2021-01-07,6292,105,5130,80,1162,25,5736,92,50607,166,56343,258,1,81,1,168,113,"Anderson",76978,615.760347112162,0.261525565800503,335.160695263582,136.402608537504,26.1525565800503
2021-01-08,6379,87,5181,51,1198,36,5788,52,50711,104,56499,156,5,86,2,170,116,"Anderson",76978,644.339941281925,0.289597000937207,202.655304112863,113.019304216789,28.9597000937207
2021-01-09,6490,111,5251,70,1239,41,5865,77,51031,320,56896,397,2,88,0,170,118,"Anderson",76978,667.72324560264,0.272799365582871,515.731767517992,144.197043311076,27.2799365582871
2021-01-10,6550,60,5276,25,1274,35,5890,25,51088,57,56978,82,2,90,3,173,119,"Anderson",76978,713.190781781808,0.273855702094647,106.523941905479,77.9443477357167,27.3855702094647
2021-01-11,6584,34,5286,10,1298,24,5903,13,51142,54,57045,67,1,91,1,174,121,"Anderson",76978,707.99449193276,0.2672,87.0378549715503,44.1684637169061,26.72
2021-01-12,6637,53,5320,34,1317,19,5941,38,51267,125,57208,163,2,93,1,175,121,"Anderson",76978,683.312115149783,0.265369649805447,211.748811348697,68.8508404998831,26.5369649805447
2021-01-13,6663,26,5337,17,1326,9,5960,19,51330,63,57290,82,3,96,0,175,122,"Anderson",76978,618.358492036686,0.262240663900415,106.523941905479,33.7758840188106,26.2240663900415
2021-01-14,6760,97,5399,62,1361,35,6034,74,51611,281,57645,355,5,101,2,177,124,"Anderson",76978,607.96591233859,0.228878648233487,461.17072410299,126.010028839409,22.8878648233487
2021-01-15,6794,34,5419,20,1375,14,6058,24,51731,120,57789,144,0,101,1,178,127,"Anderson",76978,539.115071838707,0.209302325581395,187.06643456572,44.1684637169061,20.9302325581395
2021-01-16,6859,65,5449,30,1410,35,6091,33,51888,157,57979,190,1,102,1,179,130,"Anderson",76978,479.357738574658,0.208679593721145,246.82376782977,84.4397100470264,20.8679593721145
2021-01-17,6896,37,5469,20,1427,17,6114,23,51971,83,58085,106,0,102,0,179,132,"Anderson",76978,449.479071942633,0.202348690153568,137.701680999766,48.065681103692,20.2348690153568
2021-01-18,6915,19,5477,8,1438,11,6124,10,52047,76,58171,86,1,103,0,179,133,"Anderson",76978,429.992985008704,0.196269982238011,111.720231754527,24.682376782977,19.6269982238011
2021-01-19,6956,41,5493,16,1463,25,6143,19,52131,84,58274,103,1,104,0,179,135,"Anderson",76978,414.40411546156,0.189493433395872,133.80446361298,53.2619709527397,18.9493433395872
2021-01-20,6985,29,5510,17,1475,12,6163,20,52248,117,58411,137,3,107,0,179,138,"Anderson",76978,418.301332848346,0.181088314005352,177.972927329886,37.6731014055964,18.1088314005352
2021-01-21,7041,56,5550,40,1491,16,6202,39,52432,184,58634,223,5,112,2,181,139,"Anderson",76978,365.039361895607,0.169868554095046,289.693159084414,72.7480578866689,16.9868554095045
2021-01-22,7079,38,5568,18,1511,20,6224,22,52534,102,58758,124,2,114,0,181,142,"Anderson",76978,370.235651744654,0.171310629514964,161.084985320481,49.3647535659539,17.1310629514964
2021-01-23,7117,38,5582,14,1535,24,6237,13,52709,175,58946,188,0,114,1,182,142,"Anderson",76978,335.160695263582,0.150982419855222,244.225622905246,49.3647535659539,15.0982419855222
2021-01-24,7130,13,5594,12,1536,1,6251,14,52763,54,59014,68,0,114,0,182,144,"Anderson",76978,303.982956169295,0.147470398277718,88.3369274338123,16.8879420094053,14.7470398277718
2021-01-25,7147,17,5605,11,1542,6,6262,11,52813,50,59075,61,2,116,1,183,146,"Anderson",76978,301.384811244771,0.152654867256637,79.2434201979787,22.0842318584531,15.2654867256637
2021-01-26,7175,28,5627,22,1548,6,6288,26,52938,125,59226,151,0,116,1,184,149,"Anderson",76978,284.496869235366,0.152310924369748,196.159941801554,36.3740289433345,15.2310924369748
2021-01-27,7192,17,5635,8,1557,9,6297,9,52999,61,59296,70,4,120,0,184,151,"Anderson",76978,268.907999688223,0.151412429378531,90.9350723583361,22.0842318584531,15.1412429378531
2021-01-28,7280,88,5676,41,1604,47,6345,48,53147,148,59492,196,4,124,0,184,152,"Anderson",76978,310.478318480605,0.166666666666667,254.618202603341,114.318376679051,16.6666666666667
2021-01-29,7293,13,5680,4,1613,9,6350,5,53182,35,59532,40,1,125,1,185,152,"Anderson",76978,278.001506924056,0.162790697674419,51.9628984904778,16.8879420094053,16.2790697674419
2021-01-30,7333,40,5715,35,1618,5,6386,36,53392,210,59778,246,2,127,2,187,153,"Anderson",76978,280.59965184858,0.179086538461538,319.571825716438,51.9628984904778,17.9086538461538
2021-01-31,7349,16,5722,7,1627,9,6397,11,53508,116,59905,127,1,128,0,187,155,"Anderson",76978,284.496869235366,0.163860830527497,164.982202707267,20.7851593961911,16.3860830527497
2021-02-01,7369,20,5735,13,1634,7,6410,13,53552,44,59962,57,1,129,1,188,157,"Anderson",76978,288.394086622152,0.166854565952649,74.0471303489309,25.9814492452389,16.6854565952649
2021-02-02,7376,7,5741,6,1635,1,6415,5,53602,50,60017,55,5,134,0,188,158,"Anderson",76978,261.113564914651,0.160556257901391,71.448985424407,9.09350723583361,16.0556257901391
2021-02-03,7398,22,5747,6,1651,16,6425,10,53730,128,60155,138,4,138,0,188,159,"Anderson",76978,267.608927225961,0.149010477299185,179.271999792148,28.5795941697628,14.9010477299185
2021-02-04,7429,31,5762,15,1667,16,6442,17,53967,237,60409,254,2,140,0,188,159,"Anderson",76978,193.56179687703,0.105779716466739,329.964405414534,40.2712463301203,10.5779716466739
2021-02-05,7447,18,5773,11,1674,7,6459,17,54079,112,60538,129,2,142,0,188,160,"Anderson",76978,200.05715918834,0.108349900596421,167.580347631791,23.383304320715,10.8349900596421
2021-02-06,7474,27,5789,16,1685,11,6479,20,54235,156,60714,176,1,143,1,189,160,"Anderson",76978,183.169217178934,0.0993589743589744,228.636753358102,35.0749564810725,9.93589743589744
2021-02-07,7487,13,5796,7,1691,6,6487,8,54317,82,60804,90,0,143,0,189,160,"Anderson",76978,179.271999792148,0.100111234705228,116.916521603575,16.8879420094053,10.0111234705228
2021-02-08,7512,25,5802,6,1710,19,6492,5,54333,16,60825,21,2,145,0,189,160,"Anderson",76978,185.767362103458,0.0950173812282735,27.2805217075008,32.4768115565486,9.50173812282735
2021-02-09,7536,24,5812,10,1724,14,6503,11,54462,129,60965,140,2,147,2,191,160,"Anderson",76978,207.851593961911,0.0928270042194093,181.870144716672,31.1777390942867,9.28270042194093
2021-02-10,7561,25,5827,15,1734,10,6522,19,54590,128,61112,147,1,148,1,192,160,"Anderson",76978,211.748811348697,0.101358411703239,190.963651952506,32.4768115565486,10.1358411703239
2021-02-11,7574,13,5835,8,1739,5,6533,11,54734,144,61267,155,-1,147,0,192,161,"Anderson",76978,188.365507027982,0.106060606060606,201.356231650601,16.8879420094053,10.6060606060606
2021-02-12,7601,27,5850,15,1751,12,6548,15,54873,139,61421,154,0,147,0,192,161,"Anderson",76978,200.05715918834,0.10079275198188,200.05715918834,35.0749564810725,10.079275198188
2021-02-13,7628,27,5861,11,1767,16,6558,10,54989,116,61547,126,0,147,0,192,161,"Anderson",76978,200.05715918834,0.0948379351740696,163.683130245005,35.0749564810725,9.48379351740696
2021-02-14,7641,13,5870,9,1771,4,6569,11,55034,45,61603,56,2,149,0,192,161,"Anderson",76978,200.05715918834,0.102628285356696,72.7480578866689,16.8879420094053,10.2628285356696
2021-02-15,7658,17,5878,8,1780,9,6578,9,55093,59,61671,68,0,149,1,193,162,"Anderson",76978,189.664579490244,0.101654846335697,88.3369274338123,22.0842318584531,10.1654846335697
2021-02-16,7687,29,5892,14,1795,15,6595,17,55157,64,61752,81,0,149,0,193,162,"Anderson",76978,196.159941801554,0.116899618805591,105.224869443218,37.6731014055964,11.6899618805591
2021-02-17,7706,19,5904,12,1802,7,6607,12,55238,81,61845,93,0,149,0,193,164,"Anderson",76978,188.365507027982,0.115961800818554,120.813738990361,24.682376782977,11.5961800818554
2021-02-18,7730,24,5926,22,1804,2,6633,26,55346,108,61979,134,0,149,0,193,164,"Anderson",76978,202.655304112863,0.140449438202247,174.075709943101,31.1777390942867,14.0449438202247
2021-02-19,7743,13,5937,11,1806,2,6648,15,55379,33,62027,48,0,149,0,193,165,"Anderson",76978,184.468289641196,0.165016501650165,62.3554781885734,16.8879420094053,16.5016501650165
2021-02-20,7762,19,5944,7,1818,12,6657,9,55472,93,62129,102,1,150,0,193,166,"Anderson",76978,174.075709943101,0.170103092783505,132.505391150718,24.682376782977,17.0103092783505
2021-02-21,7774,12,5951,7,1823,5,6664,7,55519,47,62183,54,2,152,1,194,166,"Anderson",76978,172.776637480839,0.163793103448276,70.149912962145,15.5888695471433,16.3793103448276
2021-02-22,7779,5,5953,2,1826,3,6670,6,55542,23,62212,29,1,153,0,194,167,"Anderson",76978,157.187767933695,0.170055452865065,37.6731014055964,6.49536231130973,17.0055452865065
2021-02-23,7803,24,5962,9,1841,15,6678,8,55644,102,62322,110,2,155,0,194,169,"Anderson",76978,150.692405622386,0.145614035087719,142.897970848814,31.1777390942867,14.5614035087719
2021-02-24,7835,32,5981,19,1854,13,6701,23,55771,127,62472,150,0,155,0,194,169,"Anderson",76978,167.580347631791,0.149920255183413,194.860869339292,41.5703187923822,14.9920255183413
2021-02-25,7852,17,5989,8,1863,9,6712,11,55867,96,62579,107,1,156,0,194,169,"Anderson",76978,158.486840395957,0.131666666666667,139.000753462028,22.0842318584531,13.1666666666667
2021-02-26,7864,12,5997,8,1867,4,6721,9,55941,74,62662,83,0,156,0,194,169,"Anderson",76978,157.187767933695,0.11496062992126,107.823014367741,15.5888695471433,11.496062992126
2021-02-27,7873,9,6004,7,1869,2,6727,6,56009,68,62736,74,0,156,0,194,169,"Anderson",76978,144.197043311076,0.115321252059308,96.1313622073839,11.6916521603575,11.5321252059308
2021-02-28,7887,14,6014,10,1873,4,6738,11,56064,55,62802,66,0,156,0,194,169,"Anderson",76978,146.7951882356,0.119547657512116,85.7387825092884,18.1870144716672,11.9547657512116
2021-03-01,7895,8,6019,5,1876,3,6745,7,56095,31,62840,38,0,156,0,194,170,"Anderson",76978,150.692405622386,0.119426751592357,49.3647535659539,10.3925796980956,11.9426751592357
2021-03-02,7918,23,6030,11,1888,12,6755,10,56188,93,62943,103,1,157,1,195,170,"Anderson",76978,149.393333160124,0.123993558776167,133.80446361298,29.8786666320247,12.3993558776167
2021-03-03,7951,33,6051,21,1900,12,6780,25,56286,98,63066,123,1,158,0,195,171,"Anderson",76978,150.692405622386,0.132996632996633,159.785912858219,42.8693912546442,13.2996632996633
2021-03-04,7976,25,6064,13,1912,12,6797,17,56406,120,63203,137,0,158,0,195,171,"Anderson",76978,161.084985320481,0.136217948717949,177.972927329886,32.4768115565486,13.6217948717949
2021-03-05,8009,33,6081,17,1928,16,6819,22,56497,91,63316,113,0,158,2,197,171,"Anderson",76978,188.365507027982,0.149847094801223,146.7951882356,42.8693912546442,14.9847094801223
2021-03-06,8020,11,6086,5,1934,6,6827,8,56570,73,63397,81,0,158,0,197,171,"Anderson",76978,190.963651952506,0.151285930408472,105.224869443218,14.2897970848814,15.1285930408472
2021-03-07,8026,6,6089,3,1937,3,6830,3,56600,30,63430,33,0,158,0,197,171,"Anderson",76978,180.57107225441,0.146496815286624,42.8693912546442,7.79443477357167,14.6496815286624
2021-03-08,8042,16,6096,7,1946,9,6839,9,56657,57,63496,66,1,159,0,197,171,"Anderson",76978,190.963651952506,0.143292682926829,85.7387825092884,20.7851593961911,14.3292682926829
2021-03-09,8063,21,6104,8,1959,13,6847,8,56710,53,63557,61,0,159,3,200,172,"Anderson",76978,188.365507027982,0.149837133550489,79.2434201979787,27.2805217075008,14.9837133550489
2021-03-10,8085,22,6117,13,1968,9,6863,16,56837,127,63700,143,0,159,1,201,172,"Anderson",76978,174.075709943101,0.130914826498423,185.767362103458,28.5795941697628,13.0914826498423
2021-03-11,8108,23,6127,10,1981,13,6873,10,56905,68,63778,78,0,159,1,202,173,"Anderson",76978,171.477565018577,0.132173913043478,101.327652056432,29.8786666320247,13.2173913043478
2021-03-12,8128,20,6144,17,1984,3,6893,20,56988,83,63881,103,0,159,0,202,173,"Anderson",76978,154.589623009171,0.130973451327434,133.80446361298,25.9814492452389,13.0973451327434
2021-03-13,8139,11,6148,4,1991,7,6897,4,57038,50,63935,54,0,159,1,203,173,"Anderson",76978,154.589623009171,0.130111524163569,70.149912962145,14.2897970848814,13.0111524163569
2021-03-14,8145,6,6152,4,1993,2,6903,6,57068,30,63971,36,0,159,1,204,173,"Anderson",76978,154.589623009171,0.134935304990758,46.76660864143,7.79443477357167,13.4935304990758
2021-03-15,8164,19,6158,6,2006,13,6909,6,57096,28,64005,34,0,159,1,205,173,"Anderson",76978,158.486840395957,0.137524557956778,44.1684637169061,24.682376782977,13.7524557956778
2021-03-16,8198,34,6171,13,2027,21,6924,15,57175,79,64099,94,0,159,2,207,173,"Anderson",76978,175.374782405363,0.142066420664207,122.112811452623,44.1684637169061,14.2066420664207
2021-03-17,8216,18,6183,12,2033,6,6937,13,57246,71,64183,84,0,159,0,207,174,"Anderson",76978,170.178492556315,0.153209109730849,109.122086830003,23.383304320715,15.3209109730849
2021-03-18,8232,16,6195,12,2037,4,6952,15,57306,60,64258,75,1,160,0,207,174,"Anderson",76978,161.084985320481,0.164583333333333,97.4304346696459,20.7851593961911,16.4583333333333
2021-03-19,8256,24,6209,14,2047,10,6965,13,57394,88,64359,101,0,160,1,208,174,"Anderson",76978,166.281275169529,0.150627615062762,131.206318688456,31.1777390942867,15.0627615062762
2021-03-20,8268,12,6215,6,2053,6,6973,8,57420,26,64393,34,0,160,1,209,174,"Anderson",76978,167.580347631791,0.165938864628821,44.1684637169061,15.5888695471433,16.5938864628821
2021-03-21,8278,10,6221,6,2057,4,6980,7,57452,32,64432,39,-1,159,0,209,174,"Anderson",76978,172.776637480839,0.167028199566161,50.6638260282159,12.9907246226195,16.7028199566161
2021-03-22,8287,9,6222,1,2065,8,6981,1,57502,50,64483,51,0,159,1,210,174,"Anderson",76978,159.785912858219,0.150627615062762,66.2526955753592,11.6916521603575,15.0627615062762
2021-03-23,8293,6,6223,1,2070,5,6982,1,57532,30,64514,31,0,159,0,210,175,"Anderson",76978,123.411883914885,0.139759036144578,40.2712463301203,7.79443477357167,13.9759036144578
2021-03-24,8301,8,6230,7,2071,1,6989,7,57629,97,64618,104,1,160,0,210,175,"Anderson",76978,110.421159292265,0.119540229885057,135.103536075242,10.3925796980956,11.9540229885057
2021-03-25,8311,10,6235,5,2076,5,6995,6,57709,80,64704,86,0,160,0,210,175,"Anderson",76978,102.626724518694,0.0964125560538117,111.720231754527,12.9907246226195,9.64125560538117
2021-03-26,8328,17,6247,12,2081,5,7006,11,57765,56,64771,67,0,160,0,210,176,"Anderson",76978,93.53321728286,0.0995145631067961,87.0378549715503,22.0842318584531,9.95145631067961
2021-03-27,8332,4,6251,4,2081,0,7012,6,57814,49,64826,55,1,161,2,212,176,"Anderson",76978,83.1406375847645,0.0900692840646651,71.448985424407,5.19628984904778,9.00692840646651
2021-03-28,8335,3,6251,0,2084,3,7012,0,57830,16,64842,16,1,162,0,212,177,"Anderson",76978,74.0471303489309,0.0780487804878049,20.7851593961911,3.89721738678583,7.80487804878049
2021-03-29,8350,15,6255,4,2095,11,7016,4,57893,63,64909,67,1,163,0,212,178,"Anderson",76978,81.8415651225025,0.0821596244131455,87.0378549715503,19.4860869339292,8.21596244131455
2021-03-30,8355,5,6258,3,2097,2,7019,3,57937,44,64956,47,1,164,0,212,178,"Anderson",76978,80.5424926602406,0.083710407239819,61.0564057263114,6.49536231130973,8.3710407239819
2021-03-31,8377,22,6271,13,2106,9,7034,15,58069,132,65103,147,1,165,1,213,178,"Anderson",76978,98.7295071319078,0.0927835051546392,190.963651952506,28.5795941697628,9.27835051546392
2021-04-01,8387,10,6276,5,2111,5,7038,4,58104,35,65142,39,0,165,0,213,178,"Anderson",76978,98.7295071319078,0.0981735159817352,50.6638260282159,12.9907246226195,9.81735159817351
2021-04-02,8396,9,6283,7,2113,2,7047,9,58156,52,65203,61,0,165,0,213,178,"Anderson",76978,88.3369274338123,0.0949074074074074,79.2434201979787,11.6916521603575,9.49074074074074
2021-04-03,8402,6,6288,5,2114,1,7053,6,58195,39,65248,45,0,165,0,213,178,"Anderson",76978,90.9350723583361,0.0971563981042654,58.4582608017875,7.79443477357167,9.71563981042654
2021-04-04,8404,2,6290,2,2114,0,7055,2,58227,32,65282,34,0,165,0,213,178,"Anderson",76978,89.6359998960742,0.0977272727272727,44.1684637169061,2.59814492452389,9.77272727272727
2021-04-05,8418,14,6293,3,2125,11,7057,2,58275,48,65332,50,0,165,2,215,178,"Anderson",76978,88.3369274338123,0.0969267139479905,64.9536231130973,18.1870144716672,9.69267139479905
2021-04-06,8423,5,6297,4,2126,1,7063,6,58305,30,65368,36,0,165,0,215,178,"Anderson",76978,88.3369274338123,0.106796116504854,46.76660864143,6.49536231130973,10.6796116504854
2021-04-07,8443,20,6310,13,2133,7,7077,14,58438,133,65515,147,0,165,2,217,178,"Anderson",76978,85.7387825092884,0.104368932038835,190.963651952506,25.9814492452389,10.4368932038835
2021-04-08,8446,3,6312,2,2134,1,7080,3,58499,61,65579,64,5,170,1,218,178,"Anderson",76978,76.6452752734548,0.0961098398169336,83.1406375847645,3.89721738678583,9.61098398169336
2021-04-09,8454,8,6318,6,2136,2,7089,9,58565,66,65654,75,-4,166,0,218,178,"Anderson",76978,75.3462028111928,0.0931263858093126,97.4304346696459,10.3925796980956,9.31263858093126
2021-04-10,8459,5,6323,5,2136,0,7094,5,58620,55,65714,60,0,166,0,218,178,"Anderson",76978,74.0471303489309,0.0879828326180258,77.9443477357167,6.49536231130973,8.79828326180258
2021-04-11,8466,7,6328,5,2138,2,7099,5,58655,35,65754,40,-1,165,0,218,178,"Anderson",76978,80.5424926602406,0.0932203389830508,51.9628984904778,9.09350723583361,9.32203389830508
2021-04-12,8469,3,6331,3,2138,0,7102,3,58709,54,65811,57,0,165,0,218,178,"Anderson",76978,66.2526955753592,0.0939457202505219,74.0471303489309,3.89721738678583,9.39457202505219
2021-04-13,8479,10,6336,5,2143,5,7108,6,58743,34,65851,40,5,170,0,218,178,"Anderson",76978,72.7480578866689,0.093167701863354,51.9628984904778,12.9907246226195,9.3167701863354
2021-04-14,8493,14,6345,9,2148,5,7119,11,58855,112,65974,123,0,170,0,218,178,"Anderson",76978,64.9536231130973,0.0915032679738562,159.785912858219,18.1870144716672,9.15032679738562
2021-04-15,8502,9,6350,5,2152,4,7124,5,58916,61,66040,66,0,170,0,218,178,"Anderson",76978,72.7480578866689,0.0954446854663774,85.7387825092884,11.6916521603575,9.54446854663774
2021-04-16,8515,13,6361,11,2154,2,7137,13,59038,122,66175,135,0,170,0,218,178,"Anderson",76978,79.2434201979786,0.0921305182341651,175.374782405363,16.8879420094053,9.21305182341651
2021-04-17,8520,5,6364,3,2156,2,7140,3,59091,53,66231,56,0,170,0,218,178,"Anderson",76978,79.2434201979786,0.0889748549323017,72.7480578866689,6.49536231130973,8.89748549323017
2021-04-18,8527,7,6370,6,2157,1,7146,6,59126,35,66272,41,0,170,0,218,178,"Anderson",76978,79.2434201979786,0.0907335907335907,53.2619709527397,9.09350723583361,9.07335907335907
2021-04-19,8533,6,6373,3,2160,3,7149,3,59144,18,66293,21,0,170,0,218,179,"Anderson",76978,83.1406375847645,0.0975103734439834,27.2805217075008,7.79443477357167,9.75103734439834
2021-04-20,8539,6,6376,3,2163,3,7152,3,59215,71,66367,74,0,170,0,218,179,"Anderson",76978,77.9443477357167,0.0852713178294574,96.1313622073839,7.79443477357167,8.52713178294574
2021-04-21,8551,12,6382,6,2169,6,7158,6,59335,120,66493,126,1,171,0,218,179,"Anderson",76978,75.3462028111928,0.0751445086705202,163.683130245005,15.5888695471433,7.51445086705202
2021-04-22,8569,18,6388,6,2181,12,7165,7,59424,89,66589,96,0,171,0,218,179,"Anderson",76978,87.0378549715503,0.0746812386156648,124.710956377147,23.383304320715,7.46812386156649
2021-04-23,8579,10,6393,5,2186,5,7171,6,59489,65,66660,71,0,171,0,218,179,"Anderson",76978,83.1406375847645,0.0701030927835052,92.2341448205981,12.9907246226195,7.01030927835052
2021-04-24,8591,12,6399,6,2192,6,7178,7,59535,46,66713,53,0,171,1,219,179,"Anderson",76978,92.2341448205981,0.0788381742738589,68.8508404998831,15.5888695471433,7.88381742738589
2021-04-25,8595,4,6401,2,2194,2,7180,2,59568,33,66748,35,0,171,0,219,179,"Anderson",76978,88.3369274338123,0.0714285714285714,45.4675361791681,5.19628984904778,7.14285714285714
2021-04-26,8604,9,6405,4,2199,5,7184,4,59619,51,66803,55,0,171,0,219,180,"Anderson",76978,92.2341448205981,0.0686274509803922,71.448985424407,11.6916521603575,6.86274509803922
2021-04-27,8614,10,6411,6,2203,4,7190,6,59663,44,66853,50,0,171,0,219,180,"Anderson",76978,97.4304346696459,0.0781893004115226,64.9536231130973,12.9907246226195,7.81893004115226
2021-04-28,8631,17,6423,12,2208,5,7203,13,59761,98,66964,111,0,171,1,220,181,"Anderson",76978,103.925796980956,0.0955414012738854,144.197043311076,22.0842318584531,9.55414012738854
2021-04-29,8636,5,6425,2,2211,3,7206,3,59864,103,67070,106,0,171,0,220,181,"Anderson",76978,87.0378549715503,0.0852390852390852,137.701680999766,6.49536231130973,8.52390852390852
2021-04-30,8643,7,6428,3,2215,4,7210,4,59938,74,67148,78,0,171,0,220,181,"Anderson",76978,83.1406375847645,0.0799180327868853,101.327652056432,9.09350723583361,7.99180327868853
2021-05-01,8648,5,6431,3,2217,2,7213,3,59982,44,67195,47,0,171,1,221,181,"Anderson",76978,74.0471303489309,0.0726141078838174,61.0564057263114,6.49536231130973,7.26141078838174
2021-05-02,8651,3,6432,1,2219,2,7214,1,60018,36,67232,37,0,171,0,221,181,"Anderson",76978,72.7480578866689,0.0702479338842975,48.065681103692,3.89721738678583,7.02479338842975
2021-05-03,8661,10,6437,5,2224,5,7219,5,60077,59,67296,64,0,171,0,221,181,"Anderson",76978,74.0471303489309,0.0709939148073022,83.1406375847645,12.9907246226195,7.09939148073022
2021-05-04,8663,2,6437,0,2226,2,7220,1,60106,29,67326,30,0,171,0,221,181,"Anderson",76978,63.6545506508353,0.0634249471458774,38.9721738678584,2.59814492452389,6.34249471458774
2021-05-05,8671,8,6441,4,2230,4,7223,3,60185,79,67408,82,0,171,0,221,181,"Anderson",76978,51.9628984904778,0.045045045045045,106.523941905479,10.3925796980956,4.5045045045045
2021-05-06,8676,5,6444,3,2232,2,7229,6,60226,41,67455,47,0,171,1,222,181,"Anderson",76978,51.9628984904778,0.0597402597402597,61.0564057263114,6.49536231130973,5.97402597402597
2021-05-07,8681,5,6446,2,2235,3,7232,3,60284,58,67516,61,0,171,0,222,181,"Anderson",76978,49.3647535659539,0.0597826086956522,79.2434201979787,6.49536231130973,5.97826086956522
2021-05-08,8687,6,6449,3,2238,3,7234,2,60328,44,67562,46,0,171,1,223,182,"Anderson",76978,50.6638260282159,0.0572207084468665,59.7573332640495,7.79443477357167,5.72207084468665
2021-05-09,8688,1,6449,0,2239,1,7235,1,60349,21,67584,22,0,171,0,223,182,"Anderson",76978,48.065681103692,0.0596590909090909,28.5795941697628,1.29907246226194,5.96590909090909
2021-05-10,8693,5,6449,0,2244,5,7235,0,60413,64,67648,64,0,171,0,223,182,"Anderson",76978,41.5703187923822,0.0454545454545455,83.1406375847645,6.49536231130973,4.54545454545455
2021-05-11,8701,8,6450,1,2251,7,7237,2,60434,21,67671,23,0,171,0,223,183,"Anderson",76978,49.3647535659539,0.0492753623188406,29.8786666320247,10.3925796980956,4.92753623188406
2021-05-12,8714,13,6457,7,2257,6,7243,6,60502,68,67745,74,0,171,2,225,183,"Anderson",76978,55.8601158772636,0.0593471810089021,96.1313622073839,16.8879420094053,5.93471810089021
2021-05-13,8718,4,6459,2,2259,2,7245,2,60564,62,67809,64,0,171,2,227,183,"Anderson",76978,54.5610434150017,0.0451977401129944,83.1406375847645,5.19628984904778,4.51977401129944
2021-05-14,8726,8,6462,3,2264,5,7250,5,60628,64,67878,69,0,171,0,227,183,"Anderson",76978,58.4582608017875,0.0497237569060773,89.6359998960742,10.3925796980956,4.97237569060773
2021-05-15,8731,5,6464,2,2267,3,7252,2,60671,43,67923,45,0,171,0,227,183,"Anderson",76978,57.1591883395256,0.0498614958448753,58.4582608017875,6.49536231130973,4.98614958448753
2021-05-16,8733,2,6465,1,2268,1,7253,1,60697,26,67950,27,0,171,0,227,183,"Anderson",76978,58.4582608017875,0.0491803278688525,35.0749564810725,2.59814492452389,4.91803278688525
2021-05-17,8739,6,6470,5,2269,1,7258,5,60742,45,68000,50,1,172,0,227,183,"Anderson",76978,59.7573332640495,0.0653409090909091,64.9536231130973,7.79443477357167,6.53409090909091
2021-05-18,8743,4,6470,0,2273,4,7258,0,60804,62,68062,62,0,172,1,228,183,"Anderson",76978,54.5610434150017,0.0537084398976982,80.5424926602406,5.19628984904778,5.37084398976982
2021-05-19,8750,7,6475,5,2275,2,7264,6,60892,88,68156,94,0,172,0,228,183,"Anderson",76978,46.76660864143,0.0510948905109489,122.112811452623,9.09350723583361,5.10948905109489
2021-05-20,8752,2,6477,2,2275,0,7266,2,60976,84,68242,86,0,172,0,228,183,"Anderson",76978,44.1684637169061,0.0484988452655889,111.720231754527,2.59814492452389,4.84988452655889
2021-05-21,8754,2,6477,0,2277,2,7266,0,61025,49,68291,49,0,172,0,228,183,"Anderson",76978,36.3740289433345,0.0387409200968523,63.6545506508353,2.59814492452389,3.87409200968523
2021-05-22,8759,5,6479,2,2280,3,7268,2,61050,25,68318,27,0,172,0,228,183,"Anderson",76978,36.3740289433345,0.040506329113924,35.0749564810725,6.49536231130973,4.05063291139241
2021-05-23,8759,0,6479,0,2280,0,7268,0,61071,21,68339,21,0,172,0,228,183,"Anderson",76978,33.7758840188106,0.038560411311054,27.2805217075008,0,3.8560411311054
2021-05-24,8767,8,6483,4,2284,4,7271,3,61117,46,68388,49,0,172,0,228,183,"Anderson",76978,36.3740289433345,0.0335051546391753,63.6545506508353,10.3925796980956,3.35051546391753
2021-05-25,8769,2,6483,0,2286,2,7272,1,61142,25,68414,26,0,172,0,228,183,"Anderson",76978,33.7758840188106,0.0397727272727273,33.7758840188106,2.59814492452389,3.97727272727273
2021-05-26,8777,8,6489,6,2288,2,7279,7,61210,68,68489,75,0,172,0,228,183,"Anderson",76978,35.0749564810725,0.045045045045045,97.4304346696459,10.3925796980956,4.5045045045045
2021-05-27,8779,2,6490,1,2289,1,7280,1,61239,29,68519,30,0,172,1,229,183,"Anderson",76978,35.0749564810725,0.0505415162454874,38.9721738678584,2.59814492452389,5.05415162454874
2021-05-28,8784,5,6494,4,2290,1,7285,5,61291,52,68576,57,0,172,0,229,183,"Anderson",76978,38.9721738678584,0.0666666666666667,74.0471303489309,6.49536231130973,6.66666666666667
2021-05-29,8785,1,6494,0,2291,1,7285,0,61314,23,68599,23,0,172,0,229,183,"Anderson",76978,33.7758840188106,0.0604982206405694,29.8786666320247,1.29907246226194,6.04982206405694
2021-05-30,8788,3,6495,1,2293,2,7286,1,61342,28,68628,29,0,172,0,229,183,"Anderson",76978,37.6731014055964,0.0622837370242214,37.6731014055964,3.89721738678583,6.22837370242214
2021-05-31,8792,4,6498,3,2294,1,7289,3,61378,36,68667,39,0,172,0,229,183,"Anderson",76978,32.4768115565486,0.0645161290322581,50.6638260282159,5.19628984904778,6.45161290322581
2021-06-01,8795,3,6500,2,2295,1,7290,1,61408,30,68698,31,0,172,1,230,183,"Anderson",76978,33.7758840188106,0.0633802816901408,40.2712463301203,3.89721738678583,6.33802816901408
2021-06-02,8799,4,6501,1,2298,3,7292,2,61437,29,68729,31,0,172,0,230,183,"Anderson",76978,28.5795941697628,0.0541666666666667,40.2712463301203,5.19628984904778,5.41666666666667
2021-06-03,8800,1,6501,0,2299,1,7295,3,61485,48,68780,51,1,173,0,230,184,"Anderson",76978,27.2805217075008,0.0574712643678161,66.2526955753592,1.29907246226194,5.74712643678161
2021-06-04,8801,1,6502,1,2299,0,7297,2,61515,30,68812,32,-1,172,0,230,184,"Anderson",76978,22.0842318584531,0.0508474576271186,41.5703187923822,1.29907246226194,5.08474576271187
2021-06-05,8802,1,6503,1,2299,0,7298,1,61553,38,68851,39,0,172,0,230,184,"Anderson",76978,22.0842318584531,0.0515873015873016,50.6638260282159,1.29907246226194,5.15873015873016
2021-06-06,8802,0,6503,0,2299,0,7298,0,61573,20,68871,20,0,172,0,230,184,"Anderson",76978,18.1870144716672,0.0493827160493827,25.9814492452389,0,4.93827160493827
2021-06-07,8803,1,6503,0,2300,1,7298,0,61605,32,68903,32,0,172,0,230,184,"Anderson",76978,14.2897970848814,0.038135593220339,41.5703187923822,1.29907246226194,3.8135593220339
2021-06-08,8804,1,6503,0,2301,1,7298,0,61629,24,68927,24,0,172,1,231,185,"Anderson",76978,11.6916521603575,0.0349344978165939,31.1777390942867,1.29907246226194,3.49344978165939
2021-06-09,8804,0,6503,0,2301,0,7298,0,61683,54,68981,54,0,172,0,231,185,"Anderson",76978,6.49536231130972,0.0238095238095238,70.149912962145,0,2.38095238095238
2021-06-10,8808,4,6504,1,2304,3,7299,1,61726,43,69025,44,0,172,0,231,185,"Anderson",76978,10.3925796980956,0.0163265306122449,57.1591883395256,5.19628984904778,1.63265306122449
2021-06-11,8809,1,6504,0,2305,1,7300,1,61771,45,69071,46,1,173,0,231,185,"Anderson",76978,10.3925796980956,0.0115830115830116,59.7573332640495,1.29907246226194,1.15830115830116
2021-06-12,8810,1,6504,0,2306,1,7301,1,61792,21,69093,22,2,175,0,231,185,"Anderson",76978,10.3925796980956,0.012396694214876,28.5795941697628,1.29907246226194,1.2396694214876
2021-06-13,8811,1,6504,0,2307,1,7302,1,61820,28,69122,29,0,175,0,231,185,"Anderson",76978,11.6916521603575,0.0159362549800797,37.6731014055964,1.29907246226194,1.59362549800797
2021-06-14,8813,2,6506,2,2307,0,7304,2,61866,46,69170,48,0,175,0,231,185,"Anderson",76978,12.9907246226194,0.0224719101123595,62.3554781885734,2.59814492452389,2.24719101123596
2021-06-15,8813,0,6506,0,2307,0,7305,1,61888,22,69193,23,0,175,0,231,185,"Anderson",76978,11.6916521603575,0.0263157894736842,29.8786666320247,0,2.63157894736842
2021-06-16,8814,1,6507,1,2307,0,7306,1,61918,30,69224,31,0,175,0,231,185,"Anderson",76978,12.9907246226194,0.0329218106995885,40.2712463301203,1.29907246226194,3.29218106995885
2021-06-17,8814,0,6507,0,2307,0,7306,0,61973,55,69279,55,0,175,0,231,185,"Anderson",76978,7.79443477357167,0.0275590551181102,71.448985424407,0,2.75590551181102
2021-06-18,8816,2,6508,1,2308,1,7310,4,62005,32,69315,36,0,175,0,231,185,"Anderson",76978,9.09350723583361,0.040983606557377,46.76660864143,2.59814492452389,4.0983606557377
2021-06-19,8816,0,6508,0,2308,0,7310,0,62026,21,69336,21,0,175,0,231,185,"Anderson",76978,7.79443477357167,0.037037037037037,27.2805217075008,0,3.7037037037037
2021-06-20,8816,0,6508,0,2308,0,7311,1,62034,8,69345,9,0,175,0,231,185,"Anderson",76978,6.49536231130972,0.0403587443946188,11.6916521603575,0,4.03587443946188
2021-06-21,8817,1,6508,0,2309,1,7311,0,62058,24,69369,24,0,175,0,231,185,"Anderson",76978,5.19628984904778,0.0351758793969849,31.1777390942867,1.29907246226194,3.51758793969849
2021-06-22,8821,4,6509,1,2312,3,7311,0,62088,30,69399,30,0,175,1,232,185,"Anderson",76978,10.3925796980956,0.029126213592233,38.9721738678584,5.19628984904778,2.9126213592233
2021-06-23,8822,1,6510,1,2312,0,7312,1,62119,31,69431,32,0,175,0,232,185,"Anderson",76978,10.3925796980956,0.0289855072463768,41.5703187923822,1.29907246226194,2.89855072463768
2021-06-24,8822,0,6510,0,2312,0,7313,1,62145,26,69458,27,0,175,0,232,185,"Anderson",76978,10.3925796980956,0.0391061452513966,35.0749564810725,0,3.91061452513966
2021-06-25,8823,1,6511,1,2312,0,7314,1,62172,27,69486,28,0,175,0,232,185,"Anderson",76978,9.09350723583361,0.0233918128654971,36.3740289433345,1.29907246226194,2.33918128654971
2021-06-26,8824,1,6512,1,2312,0,7315,1,62187,15,69502,16,0,175,0,232,185,"Anderson",76978,10.3925796980956,0.0301204819277108,20.7851593961911,1.29907246226194,3.01204819277108
2021-06-27,8824,0,6512,0,2312,0,7315,0,62210,23,69525,23,0,175,0,232,185,"Anderson",76978,10.3925796980956,0.0222222222222222,29.8786666320247,0,2.22222222222222
2021-06-28,8825,1,6512,0,2313,1,7316,1,62225,15,69541,16,0,175,0,232,185,"Anderson",76978,10.3925796980956,0.0290697674418605,20.7851593961911,1.29907246226194,2.90697674418605
2021-06-29,8828,3,6515,3,2313,0,7319,3,62257,32,69576,35,0,175,0,232,185,"Anderson",76978,9.09350723583361,0.0451977401129944,45.4675361791681,3.89721738678583,4.51977401129944
2021-06-30,8828,0,6515,0,2313,0,7319,0,62286,29,69605,29,0,175,0,232,185,"Anderson",76978,7.79443477357167,0.0402298850574713,37.6731014055964,0,4.02298850574713
2021-07-01,8829,1,6516,1,2313,0,7320,1,62312,26,69632,27,0,175,0,232,185,"Anderson",76978,9.09350723583361,0.0402298850574713,35.0749564810725,1.29907246226194,4.02298850574713
2021-07-02,8829,0,6516,0,2313,0,7320,0,62339,27,69659,27,0,175,0,232,185,"Anderson",76978,7.79443477357167,0.0346820809248555,35.0749564810725,0,3.46820809248555
2021-07-03,8829,0,6516,0,2313,0,7320,0,62349,10,69669,10,0,175,0,232,185,"Anderson",76978,6.49536231130972,0.029940119760479,12.9907246226195,0,2.9940119760479
2021-07-04,8830,1,6516,0,2314,1,7321,1,62364,15,69685,16,0,175,0,232,185,"Anderson",76978,7.79443477357167,0.0375,20.7851593961911,1.29907246226194,3.75
2021-07-05,8830,0,6516,0,2314,0,7322,1,62378,14,69700,15,0,175,0,232,185,"Anderson",76978,6.49536231130972,0.0377358490566038,19.4860869339292,0,3.77358490566038
2021-07-06,8831,1,6516,0,2315,1,7322,0,62405,27,69727,27,1,176,0,232,185,"Anderson",76978,3.89721738678583,0.0198675496688742,35.0749564810725,1.29907246226194,1.98675496688742
2021-07-07,8832,1,6516,0,2316,1,7322,0,62434,29,69756,29,0,176,0,232,185,"Anderson",76978,5.19628984904778,0.0198675496688742,37.6731014055964,1.29907246226194,1.98675496688742
2021-07-08,8833,1,6517,1,2316,0,7323,1,62463,29,69786,30,0,176,0,232,185,"Anderson",76978,5.19628984904778,0.0194805194805195,38.9721738678584,1.29907246226194,1.94805194805195
2021-07-09,8835,2,6518,1,2317,1,7324,1,62491,28,69815,29,0,176,0,232,185,"Anderson",76978,7.79443477357167,0.0256410256410256,37.6731014055964,2.59814492452389,2.56410256410256
2021-07-10,8837,2,6519,1,2318,1,7325,1,62505,14,69830,15,0,176,1,233,185,"Anderson",76978,10.3925796980956,0.031055900621118,19.4860869339292,2.59814492452389,3.1055900621118
2021-07-11,8837,0,6519,0,2318,0,7325,0,62517,12,69842,12,0,176,0,233,185,"Anderson",76978,9.09350723583361,0.0254777070063694,15.5888695471433,0,2.54777070063694
2021-07-12,8845,8,6523,4,2322,4,7329,4,62536,19,69865,23,0,176,1,234,185,"Anderson",76978,19.4860869339292,0.0424242424242424,29.8786666320247,10.3925796980956,4.24242424242424
2021-07-13,8846,1,6523,0,2323,1,7329,0,62548,12,69877,12,0,176,0,234,187,"Anderson",76978,19.4860869339292,0.0466666666666667,15.5888695471433,1.29907246226194,4.66666666666667
2021-07-14,8851,5,6528,5,2323,0,7334,5,62584,36,69918,41,0,176,1,235,187,"Anderson",76978,24.682376782977,0.0740740740740741,53.2619709527397,6.49536231130973,7.40740740740741
2021-07-15,8854,3,6531,3,2323,0,7336,2,62606,22,69942,24,0,176,0,235,187,"Anderson",76978,27.2805217075008,0.0833333333333333,31.1777390942867,3.89721738678583,8.33333333333333
2021-07-16,8864,10,6533,2,2331,8,7337,1,62624,18,69961,19,0,176,0,235,187,"Anderson",76978,37.6731014055964,0.089041095890411,24.682376782977,12.9907246226195,8.9041095890411
2021-07-17,8869,5,6534,1,2335,4,7338,1,62651,27,69989,28,0,176,0,235,187,"Anderson",76978,41.5703187923822,0.0817610062893082,36.3740289433345,6.49536231130973,8.17610062893082
2021-07-18,8872,3,6536,2,2336,1,7340,2,62662,11,70002,13,0,176,0,235,187,"Anderson",76978,45.4675361791681,0.09375,16.8879420094053,3.89721738678583,9.375
2021-07-19,8877,5,6540,4,2337,1,7344,4,62686,24,70030,28,0,176,0,235,187,"Anderson",76978,41.5703187923822,0.0909090909090909,36.3740289433345,6.49536231130973,9.09090909090909
2021-07-20,8892,15,6551,11,2341,4,7355,11,62716,30,70071,41,0,176,1,236,187,"Anderson",76978,59.7573332640495,0.134020618556701,53.2619709527397,19.4860869339292,13.4020618556701
2021-07-21,8899,7,6555,4,2344,3,7360,5,62777,61,70137,66,0,176,0,236,188,"Anderson",76978,62.3554781885734,0.118721461187215,85.7387825092884,9.09350723583361,11.8721461187215
2021-07-22,8909,10,6560,5,2349,5,7364,4,62820,43,70184,47,0,176,0,236,188,"Anderson",76978,71.448985424407,0.115702479338843,61.0564057263114,12.9907246226195,11.5702479338843
2021-07-23,8919,10,6564,4,2355,6,7369,5,62852,32,70221,37,0,176,0,236,188,"Anderson",76978,71.448985424407,0.123076923076923,48.065681103692,12.9907246226195,12.3076923076923
2021-07-24,8927,8,6568,4,2359,4,7373,4,62890,38,70263,42,0,176,0,236,189,"Anderson",76978,75.3462028111928,0.127737226277372,54.5610434150017,10.3925796980956,12.7737226277372
2021-07-25,8932,5,6571,3,2361,2,7374,1,62904,14,70278,15,0,176,0,236,189,"Anderson",76978,77.9443477357167,0.123188405797101,19.4860869339292,6.49536231130973,12.3188405797101
2021-07-26,8955,23,6580,9,2375,14,7382,8,62934,30,70316,38,2,178,0,236,189,"Anderson",76978,101.327652056432,0.132867132867133,49.3647535659539,29.8786666320247,13.2867132867133
2021-07-27,8970,15,6585,5,2385,10,7387,5,62969,35,70356,40,0,178,0,236,189,"Anderson",76978,101.327652056432,0.112280701754386,51.9628984904778,19.4860869339292,11.2280701754386
2021-07-28,8991,21,6594,9,2397,12,7400,13,63030,61,70430,74,0,178,0,236,189,"Anderson",76978,119.514666528099,0.136518771331058,96.1313622073839,27.2805217075008,13.6518771331058
2021-07-29,9003,12,6604,10,2399,2,7412,12,63071,41,70483,53,0,178,0,236,189,"Anderson",76978,122.112811452623,0.160535117056856,68.8508404998831,15.5888695471433,16.0535117056856
2021-07-30,9034,31,6625,21,2409,10,7435,23,63104,33,70539,56,0,178,1,237,189,"Anderson",76978,149.393333160124,0.207547169811321,72.7480578866689,40.2712463301203,20.7547169811321
2021-07-31,9047,13,6631,6,2416,7,7441,6,63131,27,70572,33,0,178,0,237,189,"Anderson",76978,155.888695471433,0.220064724919094,42.8693912546442,16.8879420094053,22.0064724919094
2021-08-01,9066,19,6643,12,2423,7,7456,15,63163,32,70619,47,0,178,0,237,189,"Anderson",76978,174.075709943101,0.240469208211144,61.0564057263114,24.682376782977,24.0469208211144
2021-08-02,9078,12,6649,6,2429,6,7462,6,63221,58,70683,64,0,178,0,237,189,"Anderson",76978,159.785912858219,0.217983651226158,83.1406375847645,15.5888695471433,21.7983651226158
2021-08-03,9101,23,6660,11,2441,12,7475,13,63281,60,70756,73,0,178,1,238,189,"Anderson",76978,170.178492556315,0.22,94.832289745122,29.8786666320247,22
2021-08-04,9127,26,6682,22,2445,4,7496,21,63365,84,70861,105,0,178,0,238,189,"Anderson",76978,176.673854867625,0.222737819025522,136.402608537504,33.7758840188106,22.2737819025522
2021-08-05,9158,31,6699,17,2459,14,7512,16,63442,77,70954,93,0,178,1,239,189,"Anderson",76978,201.356231650601,0.212314225053079,120.813738990361,40.2712463301203,21.2314225053079
2021-08-06,9183,25,6715,16,2468,9,7530,18,63560,118,71090,136,0,178,1,240,189,"Anderson",76978,193.56179687703,0.172413793103448,176.673854867625,32.4768115565486,17.2413793103448
2021-08-07,9197,14,6722,7,2475,7,7538,8,63623,63,71161,71,0,178,0,240,189,"Anderson",76978,194.860869339292,0.164685908319185,92.2341448205981,18.1870144716672,16.4685908319185
2021-08-08,9211,14,6730,8,2481,6,7548,10,63658,35,71206,45,0,178,0,240,189,"Anderson",76978,188.365507027982,0.156729131175468,58.4582608017875,18.1870144716672,15.6729131175468
2021-08-09,9247,36,6749,19,2498,17,7567,19,63734,76,71301,95,0,178,0,240,189,"Anderson",76978,219.543246122269,0.169902912621359,123.411883914885,46.76660864143,16.9902912621359
2021-08-10,9286,39,6769,20,2517,19,7587,20,63811,77,71398,97,0,178,2,242,189,"Anderson",76978,240.32840551846,0.174454828660436,126.010028839409,50.6638260282159,17.4454828660436
2021-08-11,9341,55,6794,25,2547,30,7617,30,63901,90,71518,120,0,178,1,243,189,"Anderson",76978,278.001506924056,0.184170471841705,155.888695471433,71.448985424407,18.4170471841705
2021-08-12,9390,49,6831,37,2559,12,7655,38,64032,131,71687,169,0,178,0,243,191,"Anderson",76978,301.384811244771,0.195088676671214,219.543246122269,63.6545506508353,19.5088676671214
2021-08-13,9453,63,6866,35,2587,28,7693,38,64127,95,71820,133,2,180,1,244,192,"Anderson",76978,350.749564810725,0.223287671232877,172.776637480839,81.8415651225025,22.3287671232877
2021-08-14,9503,50,6901,35,2602,15,7725,32,64274,147,71999,179,0,180,0,244,192,"Anderson",76978,397.516173452155,0.223150357995227,232.533970744888,64.9536231130973,22.3150357995227
2021-08-15,9527,24,6915,14,2612,10,7741,16,64339,65,72080,81,0,180,0,244,192,"Anderson",76978,410.506898074775,0.220823798627002,105.224869443218,31.1777390942867,22.0823798627002
2021-08-16,9565,38,6939,24,2626,14,7765,24,64414,75,72179,99,0,180,0,244,193,"Anderson",76978,413.105042999299,0.225512528473804,128.608173763933,49.3647535659539,22.5512528473804
2021-08-17,9608,43,6960,21,2648,22,7789,24,64506,92,72295,116,1,181,0,244,193,"Anderson",76978,418.301332848346,0.225195094760312,150.692405622386,55.8601158772636,22.5195094760312
2021-08-18,9660,52,6987,27,2673,25,7820,31,64591,85,72411,116,0,181,0,244,194,"Anderson",76978,414.40411546156,0.227323628219485,150.692405622386,67.5517680376211,22.7323628219485
2021-08-19,9733,73,7019,32,2714,41,7855,35,64712,121,72567,156,0,181,0,244,194,"Anderson",76978,445.581854555847,0.227272727272727,202.655304112863,94.832289745122,22.7272727272727
2021-08-20,9793,60,7061,42,2732,18,7899,44,64860,148,72759,192,0,181,2,246,194,"Anderson",76978,441.684637169061,0.219382321618743,249.421912754293,77.9443477357167,21.9382321618743
2021-08-21,9877,84,7096,35,2781,49,7934,35,65065,205,72999,240,0,181,1,247,194,"Anderson",76978,485.853100885967,0.209,311.777390942867,109.122086830003,20.9
2021-08-22,9899,22,7117,21,2782,1,7962,28,65190,125,73152,153,0,181,0,247,194,"Anderson",76978,483.254955961444,0.20615671641791,198.758086726078,28.5795941697628,20.615671641791
2021-08-23,9949,50,7132,15,2817,35,7980,18,65298,108,73278,126,0,181,2,249,195,"Anderson",76978,498.843825508587,0.195632393084622,163.683130245005,64.9536231130973,19.5632393084622
2021-08-24,9994,45,7160,28,2834,17,8004,24,65375,77,73379,101,1,182,0,249,196,"Anderson",76978,501.441970433111,0.198339483394834,131.206318688456,58.4582608017875,19.8339483394834
2021-08-25,10067,73,7187,27,2880,46,8027,23,65406,31,73433,54,0,182,1,250,196,"Anderson",76978,528.722492140612,0.202544031311155,70.149912962145,94.832289745122,20.2544031311155
2021-08-26,10135,68,7223,36,2912,32,8071,44,65555,149,73626,193,1,183,2,252,197,"Anderson",76978,522.227129829302,0.203966005665722,250.720985216555,88.3369274338123,20.3966005665722
2021-08-27,10213,78,7280,57,2933,21,8135,64,65694,139,73829,203,0,183,0,252,197,"Anderson",76978,545.610434150017,0.220560747663551,263.711709839175,101.327652056432,22.0560747663551
2021-08-28,10272,59,7312,32,2960,27,8175,40,65860,166,74035,206,0,183,0,252,197,"Anderson",76978,513.133622593468,0.232625482625483,267.608927225961,76.6452752734548,23.2625482625483
2021-08-29,10336,64,7361,49,2975,15,8227,52,66019,159,74246,211,0,183,1,253,198,"Anderson",76978,567.69466600847,0.242230347349177,274.10428953727,83.1406375847645,24.2230347349177
2021-08-30,10409,73,7408,47,3001,26,8276,49,66190,171,74466,220,0,183,3,256,198,"Anderson",76978,597.573332640495,0.249158249158249,285.795941697628,94.832289745122,24.9158249158249
2021-08-31,10543,134,7489,81,3054,53,8363,87,66394,204,74757,291,0,183,0,256,199,"Anderson",76978,713.190781781808,0.260522496371553,378.030086518226,174.075709943101,26.0522496371553
2021-09-01,10573,30,7511,22,3062,8,8387,24,66472,78,74859,102,0,183,0,256,200,"Anderson",76978,657.330665904544,0.252454417952314,132.505391150718,38.9721738678584,25.2454417952314
2021-09-02,10638,65,7540,29,3098,36,8419,32,66552,80,74971,112,1,184,0,256,200,"Anderson",76978,653.433448517758,0.258736059479554,145.496115773338,84.4397100470264,25.8736059479554
2021-09-03,10666,28,7557,17,3109,11,8436,17,66609,57,75045,74,0,184,0,256,200,"Anderson",76978,588.479825404661,0.247532894736842,96.1313622073839,36.3740289433345,24.7532894736842
2021-09-04,10775,109,7627,70,3148,39,8512,76,66873,264,75385,340,0,184,1,257,200,"Anderson",76978,653.433448517758,0.24962962962963,441.684637169061,141.598898386552,24.962962962963
2021-09-05,10888,113,7701,74,3187,39,8588,76,67168,295,75756,371,0,184,1,258,201,"Anderson",76978,717.087999168594,0.239072847682119,481.955883499182,146.7951882356,23.9072847682119
2021-09-06,11009,121,7782,81,3227,40,8679,91,67575,407,76254,498,0,184,4,262,202,"Anderson",76978,779.443477357167,0.225391498881432,646.938086206449,157.187767933695,22.5391498881432
2021-09-07,11046,37,7802,20,3244,17,8697,18,67674,99,76371,117,0,184,0,262,202,"Anderson",76978,653.433448517758,0.206939281288724,151.991478084648,48.065681103692,20.6939281288724
2021-09-08,11087,41,7834,32,3253,9,8731,34,67781,107,76512,141,0,184,2,264,205,"Anderson",76978,667.72324560264,0.20810647307925,183.169217178934,53.2619709527397,20.810647307925
2021-09-09,11146,59,7855,21,3291,38,8749,18,67987,206,76736,224,0,184,1,265,208,"Anderson",76978,659.928810829068,0.186968838526912,290.992231546676,76.6452752734548,18.6968838526912
2021-09-10,11302,156,7929,74,3373,82,8830,81,68279,292,77109,373,1,185,2,267,209,"Anderson",76978,826.210085998597,0.190891472868217,484.554028423705,202.655304112863,19.0891472868217
2021-09-11,11421,119,7996,67,3425,52,8904,74,68625,346,77529,420,0,185,2,269,209,"Anderson",76978,839.200810621216,0.182835820895522,545.610434150017,154.589623009171,18.2835820895522
2021-09-12,11461,40,8030,34,3431,6,8941,37,68768,143,77709,180,0,185,4,273,210,"Anderson",76978,744.368520876095,0.180747567844342,233.83304320715,51.9628984904778,18.0747567844342
2021-09-13,11551,90,8066,36,3485,54,8977,36,68898,130,77875,166,4,189,3,276,210,"Anderson",76978,704.097274545974,0.183837137569402,215.646028735483,116.916521603575,18.3837137569402
2021-09-14,11613,62,8097,31,3516,31,9013,36,69057,159,78070,195,1,190,1,277,210,"Anderson",76978,736.574086102523,0.18599175985874,253.319130141079,80.5424926602406,18.599175985874
2021-09-15,11653,40,8114,17,3539,23,9028,15,69118,61,78146,76,0,190,1,278,211,"Anderson",76978,735.275013640261,0.181762545899633,98.7295071319078,51.9628984904778,18.1762545899633
2021-09-16,11742,89,8171,57,3571,32,9087,59,69340,222,78427,281,0,190,1,279,211,"Anderson",76978,774.247187508119,0.199881726788882,365.039361895607,115.617449141313,19.9881726788882
2021-09-17,11813,71,8211,40,3602,31,9126,39,69503,163,78629,202,0,190,1,280,215,"Anderson",76978,663.826028215854,0.194736842105263,262.412637376913,92.2341448205981,19.4736842105263
2021-09-18,11867,54,8242,31,3625,23,9160,34,69656,153,78816,187,0,190,1,281,216,"Anderson",76978,579.386318168827,0.198912198912199,242.926550442984,70.149912962145,19.8912198912199
2021-09-19,11890,23,8251,9,3639,14,9170,10,69724,68,78894,78,0,190,0,281,216,"Anderson",76978,557.302086310374,0.193248945147679,101.327652056432,29.8786666320247,19.3248945147679
2021-09-20,11955,65,8288,37,3667,28,9208,38,69910,186,79118,224,0,190,3,284,216,"Anderson",76978,524.825274753826,0.185840707964602,290.992231546676,84.4397100470264,18.5840707964602
2021-09-21,12009,54,8314,26,3695,28,9232,24,70028,118,79260,142,0,190,1,285,217,"Anderson",76978,514.43269505573,0.184033613445378,184.468289641196,70.149912962145,18.4033613445378
2021-09-22,12060,51,8348,34,3712,17,9272,40,70300,272,79572,312,0,190,0,285,220,"Anderson",76978,528.722492140612,0.171107994389902,405.310608225727,66.2526955753592,17.1107994389902
2021-09-23,12136,76,8396,48,3740,28,9323,51,70508,208,79831,259,2,192,1,286,220,"Anderson",76978,511.834550131206,0.168091168091168,336.459767725844,98.7295071319078,16.8091168091168
2021-09-24,12175,39,8416,20,3759,19,9347,24,70647,139,79994,163,2,194,1,287,223,"Anderson",76978,470.264231338824,0.161904761904762,211.748811348697,50.6638260282159,16.1904761904762
2021-09-25,12186,11,8420,4,3766,7,9353,6,70741,94,80094,100,0,194,0,287,223,"Anderson",76978,414.40411546156,0.151017214397496,129.907246226195,14.2897970848814,15.1017214397496
2021-09-26,12205,19,8436,16,3769,3,9372,19,70878,137,80250,156,1,195,0,287,223,"Anderson",76978,409.207825612513,0.148967551622419,202.655304112863,24.682376782977,14.8967551622419
2021-09-27,12258,53,8459,23,3799,30,9396,24,70962,84,80358,108,1,196,1,288,224,"Anderson",76978,393.618956065369,0.151612903225806,140.29982592429,68.8508404998831,15.1612903225806
2021-09-28,12308,50,8483,24,3825,26,9423,27,71054,92,80477,119,0,196,1,289,224,"Anderson",76978,388.422666216322,0.156943303204601,154.589623009171,64.9536231130973,15.6943303204601
2021-09-29,12349,41,8501,18,3848,23,9442,19,71243,189,80685,208,2,198,0,289,226,"Anderson",76978,375.431941593702,0.152740341419587,270.207072150485,53.2619709527397,15.2740341419587
2021-09-30,12411,62,8539,38,3872,24,9482,40,71415,172,80897,212,0,198,1,290,227,"Anderson",76978,357.244927122035,0.149155722326454,275.403361999532,80.5424926602406,14.9155722326454
2021-10-01,12464,53,8568,29,3896,24,9513,31,71566,151,81079,182,0,198,1,291,228,"Anderson",76978,375.431941593702,0.152995391705069,236.431188131674,68.8508404998831,15.2995391705069
2021-10-02,12481,17,8575,7,3906,10,9519,6,71646,80,81165,86,1,199,0,291,230,"Anderson",76978,383.226376367274,0.15499533146592,111.720231754527,22.0842318584531,15.499533146592
2021-10-03,12495,14,8585,10,3910,4,9529,10,71744,98,81273,108,4,203,0,291,230,"Anderson",76978,376.731014055964,0.15347018572825,140.29982592429,18.1870144716672,15.347018572825
2021-10-04,12541,46,8608,23,3933,23,9555,26,71864,120,81419,146,1,204,0,291,232,"Anderson",76978,367.63750682013,0.14985862393968,189.664579490244,59.7573332640495,14.985862393968
2021-10-05,12594,53,8637,29,3957,24,9585,30,71991,127,81576,157,2,206,0,291,233,"Anderson",76978,371.534724206916,0.147406733393995,203.954376575125,68.8508404998831,14.7406733393995
2021-10-06,12623,29,8659,22,3964,7,9611,26,72156,165,81767,191,1,207,0,291,234,"Anderson",76978,355.945854659773,0.156192236598891,248.122840292031,37.6731014055964,15.6192236598891
2021-10-07,12656,33,8680,21,3976,12,9635,24,72295,139,81930,163,0,207,0,291,236,"Anderson",76978,318.272753254177,0.14811229428848,211.748811348697,42.8693912546442,14.811229428848
2021-10-08,12675,19,8685,5,3990,14,9644,9,72425,130,82069,139,1,208,1,292,236,"Anderson",76978,274.10428953727,0.132323232323232,180.57107225441,24.682376782977,13.2323232323232
2021-10-09,12690,15,8688,3,4002,12,9651,7,72487,62,82138,69,0,208,0,292,237,"Anderson",76978,271.506144612746,0.135662898252826,89.6359998960742,19.4860869339292,13.5662898252826
2021-10-10,12700,10,8696,8,4004,2,9660,9,72574,87,82234,96,0,208,0,292,237,"Anderson",76978,266.309854763699,0.136316337148803,124.710956377147,12.9907246226195,13.6316337148803
2021-10-11,12740,40,8710,14,4030,26,9673,13,72675,101,82348,114,0,208,1,293,237,"Anderson",76978,258.515419990127,0.127018299246502,148.094260697862,51.9628984904778,12.7018299246502
2021-10-12,12776,36,8735,25,4041,11,9696,23,72774,99,82470,122,2,210,3,296,237,"Anderson",76978,236.431188131674,0.124161073825503,158.486840395957,46.76660864143,12.4161073825503
2021-10-13,12802,26,8749,14,4053,12,9714,18,72886,112,82600,130,0,210,1,297,240,"Anderson",76978,232.533970744888,0.123649459783914,168.879420094053,33.7758840188106,12.3649459783914
2021-10-14,12822,20,8759,10,4063,10,9728,14,72989,103,82717,117,1,211,0,297,240,"Anderson",76978,215.646028735483,0.118170266836086,151.991478084648,25.9814492452389,11.8170266836086
2021-10-15,12846,24,8771,12,4075,12,9741,13,73110,121,82851,134,0,211,1,298,240,"Anderson",76978,222.141391046793,0.124040920716113,174.075709943101,31.1777390942867,12.4040920716113
2021-10-16,12856,10,8778,7,4078,3,9750,9,73165,55,82915,64,0,211,1,299,240,"Anderson",76978,215.646028735483,0.127413127413127,83.1406375847645,12.9907246226195,12.7413127413127
2021-10-17,12858,2,8779,1,4079,1,9751,1,73216,51,82967,52,0,211,0,299,240,"Anderson",76978,205.253449037387,0.124147339699864,67.5517680376211,2.59814492452389,12.4147339699864
2021-10-18,12882,24,8789,10,4093,14,9762,11,73283,67,83045,78,1,212,1,300,240,"Anderson",76978,184.468289641196,0.127690100430416,101.327652056432,31.1777390942867,12.7690100430416
2021-10-19,12912,30,8802,13,4110,17,9773,11,73394,111,83167,122,2,214,1,301,240,"Anderson",76978,176.673854867625,0.110473457675753,158.486840395957,38.9721738678584,11.0473457675753
2021-10-20,12947,35,8828,26,4119,9,9802,29,73505,111,83307,140,0,214,1,302,241,"Anderson",76978,188.365507027982,0.124469589816124,181.870144716672,45.4675361791681,12.4469589816124
2021-10-21,12979,32,8846,18,4133,14,9820,18,73598,93,83418,111,0,214,1,303,242,"Anderson",76978,203.954376575125,0.131241084165478,144.197043311076,41.5703187923822,13.1241084165478
2021-10-22,12989,10,8853,7,4136,3,9829,9,73674,76,83503,85,0,214,1,304,242,"Anderson",76978,185.767362103458,0.134969325153374,110.421159292265,12.9907246226195,13.4969325153374
2021-10-23,13006,17,8857,4,4149,13,9833,4,73727,53,83560,57,0,214,1,305,242,"Anderson",76978,194.860869339292,0.128682170542636,74.0471303489309,22.0842318584531,12.8682170542636
2021-10-24,13012,6,8862,5,4150,1,9840,7,73779,52,83619,59,0,214,0,305,243,"Anderson",76978,200.05715918834,0.136503067484663,76.6452752734548,7.79443477357167,13.6503067484663
2021-10-25,13037,25,8876,14,4161,11,9855,15,73850,71,83705,86,1,215,2,307,243,"Anderson",76978,201.356231650601,0.140909090909091,111.720231754527,32.4768115565486,14.0909090909091
2021-10-26,13049,12,8882,6,4167,6,9861,6,73914,64,83775,70,0,215,0,307,244,"Anderson",76978,177.972927329886,0.144736842105263,90.9350723583361,15.5888695471433,14.4736842105263
2021-10-27,13067,18,8892,10,4175,8,9874,13,74035,121,83909,134,1,216,2,309,246,"Anderson",76978,155.888695471433,0.119601328903654,174.075709943101,23.383304320715,11.9601328903654
2021-10-28,13090,23,8907,15,4183,8,9891,17,74117,82,84008,99,1,217,0,309,247,"Anderson",76978,144.197043311076,0.120338983050847,128.608173763933,29.8786666320247,12.0338983050847
2021-10-29,13111,21,8918,11,4193,10,9903,12,74230,113,84133,125,0,217,1,310,247,"Anderson",76978,158.486840395957,0.117460317460317,162.384057782743,27.2805217075008,11.7460317460317
2021-10-30,13123,12,8922,4,4201,8,9908,5,74317,87,84225,92,0,217,1,311,247,"Anderson",76978,151.991478084648,0.112781954887218,119.514666528099,15.5888695471433,11.2781954887218
2021-10-31,13126,3,8924,2,4202,1,9911,3,74356,39,84267,42,0,217,0,311,247,"Anderson",76978,148.094260697862,0.109567901234568,54.5610434150017,3.89721738678583,10.9567901234568
2021-11-01,13153,27,8929,5,4224,22,9915,4,74443,87,84358,91,1,218,1,312,248,"Anderson",76978,150.692405622386,0.0918836140888208,118.215594065837,35.0749564810725,9.18836140888208
2021-11-02,13173,20,8934,5,4239,15,9920,5,74519,76,84439,81,2,220,1,313,248,"Anderson",76978,161.084985320481,0.088855421686747,105.224869443218,25.9814492452389,8.8855421686747
2021-11-03,13203,30,8952,18,4251,12,9938,18,74719,200,84657,218,1,221,0,313,248,"Anderson",76978,176.673854867625,0.0855614973262032,283.197796773104,38.9721738678584,8.55614973262032
2021-11-04,13225,22,8967,15,4258,7,9954,16,74849,130,84803,146,0,221,0,313,248,"Anderson",76978,175.374782405363,0.0792452830188679,189.664579490244,28.5795941697628,7.92452830188679
2021-11-05,13235,10,8970,3,4265,7,9955,1,74968,119,84923,120,0,221,0,313,248,"Anderson",76978,161.084985320481,0.0658227848101266,155.888695471433,12.9907246226195,6.58227848101266
2021-11-06,13244,9,8974,4,4270,5,9960,5,75053,85,85013,90,0,221,3,316,249,"Anderson",76978,157.187767933695,0.065989847715736,116.916521603575,11.6916521603575,6.5989847715736
2021-11-07,13250,6,8979,5,4271,1,9966,6,75101,48,85067,54,0,221,0,316,249,"Anderson",76978,161.084985320481,0.06875,70.149912962145,7.79443477357167,6.875
2021-11-08,13275,25,8990,11,4285,14,9979,13,75187,86,85166,99,1,222,0,316,249,"Anderson",76978,158.486840395957,0.0792079207920792,128.608173763933,32.4768115565486,7.92079207920792
2021-11-09,13300,25,8998,8,4302,17,9986,7,75341,154,85327,161,1,223,0,316,250,"Anderson",76978,164.982202707267,0.0743243243243243,209.150666424173,32.4768115565486,7.43243243243243
2021-11-10,13318,18,9010,12,4308,6,9999,13,75455,114,85454,127,0,223,1,317,251,"Anderson",76978,149.393333160124,0.0765370138017566,164.982202707267,23.383304320715,7.65370138017566
2021-11-11,13341,23,9028,18,4313,5,10017,18,75645,190,85662,208,0,223,0,317,252,"Anderson",76978,150.692405622386,0.0733410942956927,270.207072150485,29.8786666320247,7.33410942956927
2021-11-12,13354,13,9036,8,4318,5,10025,8,75773,128,85798,136,0,223,1,318,252,"Anderson",76978,154.589623009171,0.08,176.673854867625,16.8879420094053,8
2021-11-13,13361,7,9040,4,4321,3,10029,4,75824,51,85853,55,3,226,1,319,253,"Anderson",76978,151.991478084648,0.0821428571428571,71.448985424407,9.09350723583361,8.21428571428571
2021-11-14,13363,2,9042,2,4321,0,10032,3,75903,79,85935,82,0,226,0,319,253,"Anderson",76978,146.7951882356,0.076036866359447,106.523941905479,2.59814492452389,7.6036866359447
2021-11-15,13395,32,9056,14,4339,18,10046,14,75987,84,86033,98,0,226,0,319,254,"Anderson",76978,155.888695471433,0.077277970011534,127.309101301671,41.5703187923822,7.7277970011534
2021-11-16,13420,25,9069,13,4351,12,10059,13,76105,118,86164,131,1,227,0,319,255,"Anderson",76978,155.888695471433,0.0872162485065711,170.178492556315,32.4768115565486,8.72162485065711
2021-11-17,13436,16,9077,8,4359,8,10067,8,76219,114,86286,122,0,227,2,321,257,"Anderson",76978,153.29055054691,0.0817307692307692,158.486840395957,20.7851593961911,8.17307692307692
2021-11-18,13458,22,9090,13,4368,9,10084,17,76349,130,86433,147,4,231,0,321,259,"Anderson",76978,151.991478084648,0.0869001297016861,190.963651952506,28.5795941697628,8.69001297016861
2021-11-19,13472,14,9096,6,4376,8,10091,7,76458,109,86549,116,1,232,0,321,259,"Anderson",76978,153.29055054691,0.0878828229027963,150.692405622386,18.1870144716672,8.78828229027963
2021-11-20,13481,9,9101,5,4380,4,10096,5,76550,92,86646,97,0,232,0,321,260,"Anderson",76978,155.888695471433,0.0844892812105927,126.010028839409,11.6916521603575,8.44892812105927
2021-11-21,13493,12,9107,6,4386,6,10102,6,76590,40,86692,46,0,232,0,321,260,"Anderson",76978,168.879420094053,0.0924702774108322,59.7573332640495,15.5888695471433,9.24702774108322
2021-11-22,13521,28,9124,17,4397,11,10120,18,76712,122,86832,140,1,233,0,321,260,"Anderson",76978,163.683130245005,0.0926157697121402,181.870144716672,36.3740289433345,9.26157697121402
2021-11-23,13538,17,9130,6,4408,11,10125,5,76809,97,86934,102,0,233,1,322,262,"Anderson",76978,153.29055054691,0.0857142857142857,132.505391150718,22.0842318584531,8.57142857142857
2021-11-24,13563,25,9146,16,4417,9,10137,12,76919,110,87056,122,1,234,1,323,262,"Anderson",76978,164.982202707267,0.0909090909090909,158.486840395957,32.4768115565486,9.09090909090909
2021-11-25,13568,5,9148,2,4420,3,10138,1,76964,45,87102,46,0,234,2,325,262,"Anderson",76978,142.897970848814,0.0807174887892377,59.7573332640495,6.49536231130973,8.07174887892377
2021-11-26,13575,7,9154,6,4421,1,10147,9,77007,43,87154,52,0,234,0,325,263,"Anderson",76978,133.80446361298,0.0925619834710744,67.5517680376211,9.09350723583361,9.25619834710744
2021-11-27,13580,5,9156,2,4424,3,10149,2,77043,36,87192,38,0,234,0,325,263,"Anderson",76978,128.608173763933,0.0970695970695971,49.3647535659539,6.49536231130973,9.70695970695971
2021-11-28,13590,10,9157,1,4433,9,10150,1,77081,38,87231,39,0,234,0,325,263,"Anderson",76978,126.010028839409,0.0890538033395176,50.6638260282159,12.9907246226195,8.90538033395176
2021-11-29,13617,27,9172,15,4445,12,10166,16,77160,79,87326,95,0,234,0,325,263,"Anderson",76978,124.710956377147,0.0931174089068826,123.411883914885,35.0749564810725,9.31174089068826
2021-11-30,13643,26,9185,13,4458,13,10178,12,77262,102,87440,114,0,234,1,326,263,"Anderson",76978,136.402608537504,0.104743083003953,148.094260697862,33.7758840188106,10.4743083003953
2021-12-01,13677,34,9205,20,4472,14,10198,20,77369,107,87567,127,0,234,2,328,263,"Anderson",76978,148.094260697862,0.119373776908023,164.982202707267,44.1684637169061,11.9373776908023
2021-12-02,13720,43,9230,25,4490,18,10225,27,77507,138,87732,165,0,234,0,328,266,"Anderson",76978,197.459014263816,0.138095238095238,214.346956273221,55.8601158772636,13.8095238095238
2021-12-03,13752,32,9249,19,4503,13,10245,20,77694,187,87939,207,1,235,1,329,266,"Anderson",76978,229.935825820364,0.12484076433121,268.907999688223,41.5703187923822,12.484076433121
2021-12-04,13773,21,9263,14,4510,7,10260,15,77763,69,88023,84,0,235,0,329,266,"Anderson",76978,250.720985216555,0.133574007220217,109.122086830003,27.2805217075008,13.3574007220217
2021-12-05,13786,13,9265,2,4521,11,10262,2,77805,42,88067,44,0,235,0,329,266,"Anderson",76978,254.618202603341,0.133971291866029,57.1591883395256,16.8879420094053,13.3971291866029
2021-12-06,13821,35,9285,20,4536,15,10284,22,77907,102,88191,124,2,237,1,330,266,"Anderson",76978,265.010782301437,0.136416184971098,161.084985320481,45.4675361791681,13.6416184971098
2021-12-07,13851,30,9300,15,4551,15,10300,16,78002,95,88302,111,0,237,0,330,266,"Anderson",76978,270.207072150485,0.1415313225058,144.197043311076,38.9721738678584,14.15313225058
2021-12-08,13879,28,9322,22,4557,6,10321,21,78122,120,88443,141,0,237,2,332,266,"Anderson",76978,262.412637376913,0.14041095890411,183.169217178934,36.3740289433345,14.041095890411
2021-12-09,13906,27,9337,15,4569,12,10337,16,78327,205,88664,221,0,237,1,333,266,"Anderson",76978,241.627477980722,0.120171673819742,287.09501415989,35.0749564810725,12.0171673819742
2021-12-10,13935,29,9354,17,4581,12,10354,17,78479,152,88833,169,0,237,2,335,266,"Anderson",76978,237.730260593936,0.121923937360179,219.543246122269,37.6731014055964,12.1923937360179
2021-12-11,13944,9,9359,5,4585,4,10360,6,78554,75,88914,81,0,237,0,335,267,"Anderson",76978,222.141391046793,0.112233445566779,105.224869443218,11.6916521603575,11.2233445566779
2021-12-12,13964,20,9370,11,4594,9,10371,11,78624,70,88995,81,0,237,0,335,267,"Anderson",76978,231.234898282626,0.117456896551724,105.224869443218,25.9814492452389,11.7456896551724
2021-12-13,13992,28,9376,6,4616,22,10378,7,78699,75,89077,82,0,237,0,335,270,"Anderson",76978,222.141391046793,0.106094808126411,106.523941905479,36.3740289433345,10.6094808126411
2021-12-14,14006,14,9381,5,4625,9,10384,6,78778,79,89162,85,3,240,1,336,270,"Anderson",76978,201.356231650601,0.0976744186046512,110.421159292265,18.1870144716672,9.76744186046512
2021-12-15,14032,26,9395,14,4637,12,10399,15,78907,129,89306,144,0,240,0,336,271,"Anderson",76978,198.758086726078,0.0903823870220162,187.06643456572,33.7758840188106,9.03823870220162
2021-12-16,14060,28,9405,10,4655,18,10414,15,79002,95,89416,110,0,240,2,338,271,"Anderson",76978,200.05715918834,0.102393617021277,142.897970848814,36.3740289433345,10.2393617021277
2021-12-17,14092,32,9428,23,4664,9,10436,22,79145,143,89581,165,1,241,0,338,272,"Anderson",76978,203.954376575125,0.109625668449198,214.346956273221,41.5703187923822,10.9625668449198
2021-12-18,14103,11,9437,9,4666,2,10446,10,79227,82,89673,92,0,241,0,338,272,"Anderson",76978,206.552521499649,0.1133069828722,119.514666528099,14.2897970848814,11.33069828722
2021-12-19,14119,16,9445,8,4674,8,10457,11,79307,80,89764,91,0,241,0,338,272,"Anderson",76978,201.356231650601,0.11183355006502,118.215594065837,20.7851593961911,11.183355006502
2021-12-20,14143,24,9461,16,4682,8,10471,14,79392,85,89863,99,0,241,0,338,273,"Anderson",76978,196.159941801554,0.118320610687023,128.608173763933,31.1777390942867,11.8320610687023
2021-12-21,14171,28,9469,8,4702,20,10482,11,79473,81,89955,92,0,241,0,338,273,"Anderson",76978,214.346956273221,0.123581336696091,119.514666528099,36.3740289433345,12.3581336696091
2021-12-22,14220,49,9483,14,4737,35,10493,11,79580,107,90073,118,19,260,1,339,274,"Anderson",76978,244.225622905246,0.122555410691004,153.29055054691,63.6545506508353,12.2555410691004
2021-12-23,14247,27,9498,15,4749,12,10510,17,79680,100,90190,117,-1,259,1,340,275,"Anderson",76978,242.926550442984,0.124031007751938,151.991478084648,35.0749564810725,12.4031007751938
2021-12-24,14273,26,9513,15,4760,11,10527,17,79767,87,90294,104,0,259,1,341,275,"Anderson",76978,235.132115669412,0.127629733520337,135.103536075242,33.7758840188106,12.7629733520337
2021-12-25,14287,14,9520,7,4767,7,10537,10,79825,58,90362,68,1,260,0,341,276,"Anderson",76978,239.029333056198,0.132075471698113,88.3369274338123,18.1870144716672,13.2075471698113
2021-12-26,14298,11,9524,4,4774,7,10543,6,79869,44,90412,50,1,261,0,341,276,"Anderson",76978,232.533970744888,0.132716049382716,64.9536231130973,14.2897970848814,13.2716049382716
2021-12-27,14346,48,9544,20,4802,28,10564,21,79968,99,90532,120,1,262,2,343,277,"Anderson",76978,263.711709839175,0.139013452914798,155.888695471433,62.3554781885734,13.9013452914798
2021-12-28,14434,88,9581,37,4853,51,10601,37,80077,109,90678,146,0,262,0,343,277,"Anderson",76978,341.656057574892,0.164591977869986,189.664579490244,114.318376679051,16.4591977869986
2021-12-29,14517,83,9627,46,4890,37,10650,49,80235,158,90885,207,2,264,0,343,277,"Anderson",76978,385.824521291798,0.193349753694581,268.907999688223,107.823014367741,19.3349753694581
2021-12-30,14611,94,9670,43,4941,51,10689,39,80352,117,91041,156,1,265,0,343,277,"Anderson",76978,472.862376263348,0.210340775558167,202.655304112863,122.112811452623,21.0340775558167
2021-12-31,14680,69,9711,41,4969,28,10734,45,80468,116,91202,161,0,265,0,343,278,"Anderson",76978,528.722492140612,0.227973568281938,209.150666424173,89.6359998960742,22.7973568281938
2022-01-01,14740,60,9744,33,4996,27,10770,36,80567,99,91337,135,0,265,0,343,278,"Anderson",76978,588.479825404661,0.238974358974359,175.374782405363,77.9443477357167,23.8974358974359
2022-01-02,14772,32,9767,23,5005,9,10803,33,80683,116,91486,149,0,265,0,343,279,"Anderson",76978,615.760347112162,0.242085661080074,193.56179687703,41.5703187923822,24.2085661080074
2022-01-03,14833,61,9788,21,5045,40,10827,24,80759,76,91586,100,1,266,0,343,279,"Anderson",76978,632.648289121567,0.249525616698292,129.907246226195,79.2434201979787,24.9525616698292
2022-01-04,14961,128,9854,66,5107,62,10890,63,80933,174,91823,237,1,267,0,343,280,"Anderson",76978,684.611187612045,0.252401746724891,307.880173556081,166.281275169529,25.2401746724891
2022-01-05,15129,168,9941,87,5188,81,10977,87,81079,146,92056,233,1,268,0,343,281,"Anderson",76978,795.03234690431,0.279248505550811,302.683883707033,218.244173660007,27.9248505550811
2022-01-06,15270,141,10013,72,5257,69,11049,72,81199,120,92248,192,1,269,1,344,281,"Anderson",76978,856.088752630622,0.298260149130075,249.421912754293,183.169217178934,29.8260149130075
2022-01-07,15412,142,10086,73,5326,69,11127,78,81339,140,92466,218,0,269,1,345,281,"Anderson",76978,950.921042375744,0.310917721518987,283.197796773104,184.468289641196,31.0917721518987
2022-01-08,15515,103,10128,42,5387,61,11172,45,81414,75,92586,120,0,269,2,347,283,"Anderson",76978,1006.78115825301,0.321857485988791,155.888695471433,133.80446361298,32.1857485988791
2022-01-09,15600,85,10184,56,5416,29,11234,62,81557,143,92791,205,0,269,1,348,283,"Anderson",76978,1075.63199875289,0.330268199233716,266.309854763699,110.421159292265,33.0268199233716
2022-01-10,15756,156,10258,74,5498,82,11312,78,81670,113,92982,191,1,270,3,351,285,"Anderson",76978,1199.04388266778,0.347421203438395,248.122840292031,202.655304112863,34.7421203438395
2022-01-11,15931,175,10367,109,5564,66,11414,102,81811,141,93225,243,0,270,0,351,286,"Anderson",76978,1260.10028839409,0.373751783166904,315.674608329653,227.33768089584,37.3751783166904
2022-01-12,16192,261,10531,164,5661,97,11579,165,82002,191,93581,356,0,270,1,352,286,"Anderson",76978,1380.91402738445,0.394754098360656,462.469796565252,339.057912650368,39.4754098360656
2022-01-13,16425,233,10683,152,5742,81,11735,156,82234,232,93969,388,4,274,0,352,286,"Anderson",76978,1500.42869391255,0.398605461940732,504.040115357635,302.683883707033,39.8605461940732
2022-01-14,16679,254,10826,143,5853,111,11884,149,82390,156,94274,305,2,276,1,353,286,"Anderson",76978,1645.92480968588,0.418694690265487,396.217100989893,329.964405414534,41.8694690265487
2022-01-15,16776,97,10885,59,5891,38,11946,62,82508,118,94454,180,1,277,2,355,286,"Anderson",76978,1638.13037491231,0.414346895074946,233.83304320715,126.010028839409,41.4346895074946
2022-01-16,16930,154,11015,130,5915,24,12081,135,82705,197,94786,332,0,277,1,356,286,"Anderson",76978,1727.76637480839,0.424561403508772,431.292057470966,200.05715918834,42.4561403508772
2022-01-17,17110,180,11127,112,5983,68,12198,117,82824,119,95022,236,0,277,2,358,286,"Anderson",76978,1758.94411390267,0.434313725490196,306.581101093819,233.83304320715,43.4313725490196
2022-01-18,17325,215,11267,140,6058,75,12341,143,82961,137,95302,280,0,277,0,358,288,"Anderson",76978,1810.90701239315,0.446316803081367,363.740289433345,279.300579386318,44.6316803081367
2022-01-19,17631,306,11482,215,6149,91,12559,218,83181,220,95740,438,3,280,0,358,288,"Anderson",76978,1869.36527319494,0.453913849004169,568.993738470732,397.516173452155,45.3913849004169
2022-01-20,17930,299,11726,244,6204,55,12822,263,83338,157,96160,420,1,281,2,360,289,"Anderson",76978,1955.10405570423,0.496120492925605,545.610434150017,388.422666216322,49.6120492925605
2022-01-21,18177,247,11942,216,6235,31,13048,226,83557,219,96605,445,2,283,1,361,291,"Anderson",76978,1946.01054846839,0.499356499356499,578.087245706565,320.8708981787,49.9356499356499
2022-01-22,18306,129,12034,92,6272,37,13152,104,83676,119,96828,223,0,283,0,361,291,"Anderson",76978,1987.58086726078,0.508003369839933,289.693159084414,167.580347631791,50.8003369839933
2022-01-23,18435,129,12146,112,6289,17,13267,115,83783,107,97050,222,0,283,0,361,292,"Anderson",76978,1955.10405570423,0.523851590106007,288.394086622152,167.580347631791,52.3851590106007
2022-01-24,18704,269,12297,151,6407,118,13429,162,83961,178,97390,340,1,284,1,362,293,"Anderson",76978,2070.72150484554,0.519847972972973,441.684637169061,349.450492348463,51.9847972972973
2022-01-25,18887,183,12429,132,6458,51,13573,144,84081,120,97654,264,1,285,0,362,294,"Anderson",76978,2029.15118605316,0.523809523809524,342.955130037153,237.730260593936,52.3809523809524
2022-01-26,19097,210,12588,159,6509,51,13744,171,84233,152,97977,323,1,286,2,364,294,"Anderson",76978,1904.44022967601,0.529727313366115,419.600405310608,272.805217075008,52.9727313366115
2022-01-27,19319,222,12762,174,6557,48,13924,180,84453,220,98377,400,0,286,0,364,294,"Anderson",76978,1804.41165008184,0.497068110058638,519.628984904778,288.394086622152,49.7068110058638
2022-01-28,19510,191,12901,139,6609,52,14070,146,84616,163,98686,309,1,287,1,365,295,"Anderson",76978,1731.66359219517,0.491110043248438,401.413390838941,248.122840292031,49.1110043248438
2022-01-29,19656,146,13003,102,6653,44,14177,107,84733,117,98910,224,0,287,0,365,297,"Anderson",76978,1753.74782405363,0.492315081652257,290.992231546676,189.664579490244,49.2315081652257
2022-01-30,19723,67,13049,46,6674,21,14227,50,84824,91,99051,141,0,287,2,367,298,"Anderson",76978,1673.20533139339,0.47976011994003,183.169217178934,87.0378549715503,47.976011994003
2022-01-31,19919,196,13170,121,6749,75,14368,141,84974,150,99342,291,4,291,1,368,300,"Anderson",76978,1578.37304164826,0.481045081967213,378.030086518226,254.618202603341,48.1045081967213
2022-02-01,20082,163,13265,95,6817,68,14474,106,85094,120,99568,226,1,292,1,369,300,"Anderson",76978,1552.39159240302,0.470741901776385,293.5903764712,211.748811348697,47.0741901776385
2022-02-02,20229,147,13353,88,6876,59,14568,94,85235,141,99803,235,1,293,0,369,301,"Anderson",76978,1470.55002728052,0.451259583789704,305.282028631557,190.963651952506,45.1259583789704
2022-02-03,20866,637,13445,92,7421,545,14667,99,85443,208,100110,307,2,295,1,370,303,"Anderson",76978,2009.66509911923,0.428736295441431,398.815245914417,827.509158460859,42.8736295441431
2022-02-04,21013,147,13556,111,7457,36,14778,111,85567,124,100345,235,0,295,0,370,306,"Anderson",76978,1952.5059107797,0.426763110307414,305.282028631557,190.963651952506,42.6763110307414
2022-02-05,21062,49,13582,26,7480,23,14808,30,85643,76,100451,106,0,295,0,370,307,"Anderson",76978,1826.49588194029,0.409474367293965,137.701680999766,63.6545506508353,40.9474367293965
2022-02-06,21121,59,13626,44,7495,15,14857,49,85717,74,100574,123,0,295,1,371,309,"Anderson",76978,1816.1033022422,0.41365725541694,159.785912858219,76.6452752734548,41.365725541694
2022-02-07,21205,84,13677,51,7528,33,14913,56,85819,102,100732,158,3,298,0,371,310,"Anderson",76978,1670.60718646886,0.392086330935252,205.253449037387,109.122086830003,39.2086330935252
2022-02-08,21291,86,13725,48,7566,38,14971,58,85916,97,100887,155,0,298,0,371,310,"Anderson",76978,1570.57860687469,0.376800606520091,201.356231650601,111.720231754527,37.6800606520091
2022-02-09,21390,99,13789,64,7601,35,15045,74,86023,107,101068,181,0,298,0,371,311,"Anderson",76978,1508.22312868612,0.377075098814229,235.132115669412,128.608173763933,37.7075098814229
2022-02-10,21478,88,13839,50,7639,38,15099,54,86149,126,101248,180,2,300,0,371,312,"Anderson",76978,795.03234690431,0.379613356766257,233.83304320715,114.318376679051,37.9613356766257
2022-02-11,21538,60,13882,43,7656,17,15145,46,86251,102,101396,148,1,301,0,371,312,"Anderson",76978,682.013042687521,0.34919124643197,192.262724414768,77.9443477357167,34.919124643197
2022-02-12,21569,31,13905,23,7664,8,15170,25,86313,62,101483,87,0,301,1,372,312,"Anderson",76978,658.629738366806,0.35077519379845,113.019304216789,40.2712463301203,35.077519379845
2022-02-13,21590,21,13919,14,7671,7,15185,15,86360,47,101545,62,0,301,0,372,313,"Anderson",76978,609.264984800852,0.337796086508754,80.5424926602406,27.2805217075008,33.7796086508754
2022-02-14,21642,52,13947,28,7695,24,15222,37,86417,57,101639,94,1,302,0,372,313,"Anderson",76978,567.69466600847,0.340683572216097,122.112811452623,67.5517680376211,34.0683572216097
2022-02-15,21699,57,13986,39,7713,18,15267,45,86494,77,101761,122,0,302,0,372,314,"Anderson",76978,530.021564602874,0.338672768878719,158.486840395957,74.0471303489309,33.8672768878719
2022-02-16,21763,64,14021,35,7742,29,15300,33,86586,92,101886,125,0,302,0,372,314,"Anderson",76978,484.554028423705,0.311735941320293,162.384057782743,83.1406375847645,31.1735941320293
2022-02-17,21811,48,14054,33,7757,15,15335,35,86680,94,102015,129,0,302,0,372,315,"Anderson",76978,432.591129933228,0.307692307692308,167.580347631791,62.3554781885734,30.7692307692308
2022-02-18,21860,49,14086,32,7774,17,15373,38,86752,72,102125,110,0,302,0,372,316,"Anderson",76978,418.301332848346,0.312757201646091,142.897970848814,63.6545506508353,31.2757201646091
2022-02-19,21885,25,14095,9,7790,16,15383,10,86807,55,102190,65,0,302,0,372,318,"Anderson",76978,410.506898074775,0.301272984441301,84.4397100470264,32.4768115565486,30.1272984441301
2022-02-20,21895,10,14098,3,7797,7,15385,2,86844,37,102229,39,0,302,0,372,318,"Anderson",76978,396.217100989893,0.292397660818713,50.6638260282159,12.9907246226195,29.2397660818713
2022-02-21,21912,17,14108,10,7804,7,15396,11,86873,29,102269,40,0,302,2,374,319,"Anderson",76978,350.749564810725,0.276190476190476,51.9628984904778,22.0842318584531,27.6190476190476
2022-02-22,21947,35,14123,15,7824,20,15414,18,86950,77,102364,95,2,304,0,374,319,"Anderson",76978,322.169970640962,0.243781094527363,123.411883914885,45.4675361791681,24.3781094527363
2022-02-23,21984,37,14142,19,7842,18,15435,21,87016,66,102451,87,4,308,0,374,320,"Anderson",76978,287.09501415989,0.238938053097345,113.019304216789,48.065681103692,23.8938053097345
2022-02-24,22012,28,14156,14,7856,14,15452,17,87094,78,102546,95,1,309,0,374,321,"Anderson",76978,261.113564914651,0.220338983050847,123.411883914885,36.3740289433345,22.0338983050847
2022-02-25,22025,13,14162,6,7863,7,15458,6,87161,67,102619,73,-1,308,0,374,321,"Anderson",76978,214.346956273221,0.172064777327935,94.832289745122,16.8879420094053,17.2064777327935
2022-02-26,22037,12,14167,5,7870,7,15465,7,87206,45,102671,52,0,308,1,375,321,"Anderson",76978,197.459014263816,0.17047817047817,67.5517680376211,15.5888695471433,17.047817047817
2022-02-27,22037,0,14167,0,7870,0,15466,1,87223,17,102689,18,0,308,0,375,321,"Anderson",76978,184.468289641196,0.176086956521739,23.383304320715,0,17.6086956521739
2022-02-28,22055,18,14176,9,7879,9,15478,12,87280,57,102758,69,0,308,0,375,321,"Anderson",76978,185.767362103458,0.167689161554192,89.6359998960742,23.383304320715,16.7689161554192
2022-03-01,22068,13,14183,7,7885,6,15486,8,87325,45,102811,53,-1,307,0,375,323,"Anderson",76978,157.187767933695,0.161073825503356,68.8508404998831,16.8879420094053,16.1073825503356
2022-03-02,22079,11,14190,7,7889,4,15495,9,87378,53,102873,62,2,309,0,375,324,"Anderson",76978,123.411883914885,0.14218009478673,80.5424926602406,14.2897970848814,14.218009478673
2022-03-03,22089,10,14192,2,7897,8,15497,2,87422,44,102919,46,2,311,0,375,324,"Anderson",76978,100.02857959417,0.120643431635389,59.7573332640495,12.9907246226195,12.0643431635389
2022-03-04,22098,9,14195,3,7903,6,15502,5,87485,63,102987,68,0,311,0,375,325,"Anderson",76978,94.832289745122,0.119565217391304,88.3369274338123,11.6916521603575,11.9565217391304
2022-03-05,22103,5,14196,1,7907,4,15503,1,87526,41,103029,42,0,311,0,375,326,"Anderson",76978,85.7387825092884,0.106145251396648,54.5610434150017,6.49536231130973,10.6145251396648
2022-03-06,22105,2,14197,1,7908,1,15504,1,87550,24,103054,25,0,311,1,376,327,"Anderson",76978,88.3369274338123,0.104109589041096,32.4768115565486,2.59814492452389,10.4109589041096
2022-03-07,22118,13,14199,2,7919,11,15506,2,87583,33,103089,35,1,312,0,376,327,"Anderson",76978,81.8415651225025,0.0845921450151057,45.4675361791681,16.8879420094053,8.45921450151057
2022-03-08,22169,51,14201,2,7968,49,15509,3,87613,30,103122,33,0,312,0,376,328,"Anderson",76978,131.206318688456,0.0739549839228296,42.8693912546442,66.2526955753592,7.39549839228296
2022-03-09,22176,7,14207,6,7969,1,15514,5,87651,38,103165,43,0,312,0,376,328,"Anderson",76978,126.010028839409,0.0650684931506849,55.8601158772636,9.09350723583361,6.50684931506849
2022-03-10,22181,5,14211,4,7970,1,15522,8,87697,46,103219,54,3,315,0,376,328,"Anderson",76978,119.514666528099,0.0833333333333333,70.149912962145,6.49536231130973,8.33333333333333
2022-03-11,22187,6,14211,0,7976,6,15523,1,87736,39,103259,40,1,316,1,377,328,"Anderson",76978,115.617449141313,0.0772058823529412,51.9628984904778,7.79443477357167,7.72058823529412
2022-03-12,22187,0,14211,0,7976,0,15523,0,87758,22,103281,22,0,316,0,377,330,"Anderson",76978,109.122086830003,0.0793650793650794,28.5795941697628,0,7.93650793650794
2022-03-13,22190,3,14213,2,7977,1,15524,1,87802,44,103326,45,1,317,0,377,330,"Anderson",76978,110.421159292265,0.0735294117647059,58.4582608017875,3.89721738678583,7.35294117647059
2022-03-14,22197,7,14217,4,7980,3,15531,7,87828,26,103359,33,2,319,1,378,330,"Anderson",76978,102.626724518694,0.0925925925925926,42.8693912546442,9.09350723583361,9.25925925925926
2022-03-15,22201,4,14218,1,7983,3,15531,0,87850,22,103381,22,0,319,0,378,331,"Anderson",76978,41.5703187923822,0.0849420849420849,28.5795941697628,5.19628984904778,8.49420849420849
2022-03-16,22203,2,14220,2,7983,0,15534,3,87874,24,103408,27,1,320,0,378,331,"Anderson",76978,35.0749564810725,0.0823045267489712,35.0749564810725,2.59814492452389,8.23045267489712
2022-03-17,22203,0,14220,0,7983,0,15536,2,87903,29,103439,31,0,320,0,378,331,"Anderson",76978,28.5795941697628,0.0636363636363636,40.2712463301203,0,6.36363636363636
2022-03-18,22205,2,14222,2,7983,0,15538,2,87947,44,103485,46,0,320,0,378,332,"Anderson",76978,23.383304320715,0.0663716814159292,59.7573332640495,2.59814492452389,6.63716814159292
2022-03-19,22205,0,14222,0,7983,0,15538,0,87967,20,103505,20,0,320,0,378,332,"Anderson",76978,23.383304320715,0.0669642857142857,25.9814492452389,0,6.69642857142857
2022-03-20,22210,5,14226,4,7984,1,15543,5,87986,19,103529,24,0,320,0,378,333,"Anderson",76978,25.9814492452389,0.0935960591133005,31.1777390942867,6.49536231130973,9.35960591133005
2022-03-21,22211,1,14226,0,7985,1,15543,0,87999,13,103542,13,2,322,0,378,333,"Anderson",76978,18.1870144716672,0.0655737704918033,16.8879420094053,1.29907246226194,6.55737704918033
2022-03-22,22211,0,14226,0,7985,0,15544,1,88005,6,103549,7,0,322,0,378,333,"Anderson",76978,12.9907246226194,0.0773809523809524,9.09350723583361,0,7.73809523809524
2022-03-23,22213,2,14228,2,7985,0,15546,2,88030,25,103576,27,0,322,0,378,334,"Anderson",76978,12.9907246226194,0.0714285714285714,35.0749564810725,2.59814492452389,7.14285714285714
2022-03-24,22214,1,14228,0,7986,1,15547,1,88046,16,103593,17,0,322,0,378,335,"Anderson",76978,14.2897970848814,0.0714285714285714,22.0842318584531,1.29907246226194,7.14285714285714
2022-03-25,22215,1,14229,1,7986,0,15549,2,88069,23,103618,25,0,322,0,378,335,"Anderson",76978,12.9907246226194,0.0827067669172932,32.4768115565486,1.29907246226194,8.27067669172932
2022-03-26,22216,1,14230,1,7986,0,15550,1,88088,19,103638,20,0,322,0,378,335,"Anderson",76978,14.2897970848814,0.0902255639097744,25.9814492452389,1.29907246226194,9.02255639097744
2022-03-27,22216,0,14230,0,7986,0,15550,0,88099,11,103649,11,0,322,0,378,335,"Anderson",76978,7.79443477357167,0.0583333333333333,14.2897970848814,0,5.83333333333333
2022-03-28,22220,4,14233,3,7987,1,15553,3,88143,44,103696,47,1,323,0,378,337,"Anderson",76978,11.6916521603575,0.0649350649350649,61.0564057263114,5.19628984904778,6.49350649350649
2022-03-29,22220,0,14233,0,7987,0,15553,0,88156,13,103709,13,1,324,0,378,338,"Anderson",76978,11.6916521603575,0.05625,16.8879420094053,0,5.625
2022-03-30,22222,2,14233,0,7989,2,15554,1,88179,23,103733,24,1,325,0,378,338,"Anderson",76978,11.6916521603575,0.0509554140127389,31.1777390942867,2.59814492452389,5.09554140127389
2022-03-31,22224,2,14234,1,7990,1,15555,1,88199,20,103754,21,0,325,0,378,338,"Anderson",76978,12.9907246226194,0.0496894409937888,27.2805217075008,2.59814492452389,4.96894409937888
2022-04-01,22227,3,14235,1,7992,2,15556,1,88236,37,103792,38,3,328,0,378,338,"Anderson",76978,15.5888695471433,0.0402298850574713,49.3647535659539,3.89721738678583,4.02298850574713
2022-04-02,22228,1,14236,1,7992,0,15558,2,88256,20,103814,22,0,328,0,378,338,"Anderson",76978,15.5888695471433,0.0454545454545455,28.5795941697628,1.29907246226194,4.54545454545455
2022-04-03,22228,0,14236,0,7992,0,15558,0,88268,12,103826,12,0,328,0,378,338,"Anderson",76978,15.5888695471433,0.0451977401129944,15.5888695471433,0,4.51977401129944
2022-04-04,22230,2,14237,1,7993,1,15559,1,88287,19,103846,20,0,328,0,378,338,"Anderson",76978,12.9907246226194,0.04,25.9814492452389,2.59814492452389,4
2022-04-05,22236,6,14238,1,7998,5,15560,1,88306,19,103866,20,3,331,0,378,339,"Anderson",76978,20.7851593961911,0.0445859872611465,25.9814492452389,7.79443477357167,4.45859872611465
2022-04-06,22239,3,14241,3,7998,0,15564,4,88330,24,103894,28,0,331,0,378,339,"Anderson",76978,22.0842318584531,0.062111801242236,36.3740289433345,3.89721738678583,6.2111801242236
2022-04-07,22241,2,14241,0,8000,2,15564,0,88353,23,103917,23,1,332,0,378,339,"Anderson",76978,22.0842318584531,0.0552147239263804,29.8786666320247,2.59814492452389,5.52147239263804
2022-04-08,22242,1,14241,0,8001,1,15564,0,88384,31,103948,31,1,333,0,378,339,"Anderson",76978,19.4860869339292,0.0512820512820513,40.2712463301203,1.29907246226194,5.12820512820513
2022-04-09,22242,0,14241,0,8001,0,15564,0,88394,10,103958,10,0,333,0,378,339,"Anderson",76978,18.1870144716672,0.0416666666666667,12.9907246226195,0,4.16666666666667
2022-04-10,22242,0,14241,0,8001,0,15564,0,88404,10,103968,10,0,333,0,378,339,"Anderson",76978,18.1870144716672,0.0422535211267606,12.9907246226195,0,4.22535211267606
2022-04-11,22244,2,14241,0,8003,2,15564,0,88422,18,103986,18,0,333,0,378,339,"Anderson",76978,18.1870144716672,0.0357142857142857,23.383304320715,2.59814492452389,3.57142857142857
2022-04-12,22248,4,14244,3,8004,1,15568,4,88440,18,104008,22,1,334,0,378,340,"Anderson",76978,15.5888695471433,0.0563380281690141,28.5795941697628,5.19628984904778,5.63380281690141
2022-04-13,22251,3,14245,1,8006,2,15569,1,88462,22,104031,23,0,334,0,378,340,"Anderson",76978,15.5888695471433,0.0364963503649635,29.8786666320247,3.89721738678583,3.64963503649635
2022-04-14,22254,3,14245,0,8009,3,15569,0,88478,16,104047,16,0,334,0,378,341,"Anderson",76978,16.8879420094053,0.0384615384615385,20.7851593961911,3.89721738678583,3.84615384615385
2022-04-15,22258,4,14248,3,8010,1,15573,4,88498,20,104071,24,0,334,0,378,341,"Anderson",76978,20.7851593961911,0.0731707317073171,31.1777390942867,5.19628984904778,7.31707317073171
2022-04-16,22259,1,14248,0,8011,1,15573,0,88512,14,104085,14,0,334,0,378,341,"Anderson",76978,22.0842318584531,0.0708661417322835,18.1870144716672,1.29907246226194,7.08661417322835
2022-04-17,22261,2,14248,0,8013,2,15574,1,88527,15,104101,16,0,334,0,378,341,"Anderson",76978,24.682376782977,0.075187969924812,20.7851593961911,2.59814492452389,7.5187969924812
2022-04-18,22267,6,14250,2,8017,4,15576,2,88547,20,104123,22,-1,333,0,378,341,"Anderson",76978,29.8786666320247,0.0875912408759124,28.5795941697628,7.79443477357167,8.75912408759124
2022-04-19,22271,4,14251,1,8020,3,15577,1,88560,13,104137,14,0,333,0,378,341,"Anderson",76978,29.8786666320247,0.0697674418604651,18.1870144716672,5.19628984904778,6.97674418604651
2022-04-20,22277,6,14253,2,8024,4,15579,2,88593,33,104172,35,1,334,0,378,341,"Anderson",76978,33.7758840188106,0.0709219858156028,45.4675361791681,7.79443477357167,7.09219858156028
2022-04-21,22280,3,14254,1,8026,2,15580,1,88619,26,104199,27,0,334,0,378,341,"Anderson",76978,33.7758840188106,0.0723684210526316,35.0749564810725,3.89721738678583,7.23684210526316
2022-04-22,22282,2,14255,1,8027,1,15581,1,88651,32,104232,33,0,334,0,378,341,"Anderson",76978,31.1777390942867,0.0496894409937888,42.8693912546442,2.59814492452389,4.96894409937888
2022-04-23,22284,2,14257,2,8027,0,15582,1,88676,25,104258,26,0,334,0,378,341,"Anderson",76978,32.4768115565486,0.0520231213872832,33.7758840188106,2.59814492452389,5.20231213872832
2022-04-24,22287,3,14257,0,8030,3,15582,0,88693,17,104275,17,0,334,0,378,341,"Anderson",76978,33.7758840188106,0.0459770114942529,22.0842318584531,3.89721738678583,4.59770114942529
2022-04-25,22305,18,14259,2,8046,16,15584,2,88704,11,104288,13,0,334,0,378,342,"Anderson",76978,49.3647535659539,0.0484848484848485,16.8879420094053,23.383304320715,4.84848484848485
2022-04-26,22319,14,14264,5,8055,9,15590,6,88725,21,104315,27,0,334,0,378,342,"Anderson",76978,62.3554781885734,0.0730337078651685,35.0749564810725,18.1870144716672,7.30337078651685
2022-04-27,22333,14,14269,5,8064,9,15595,5,88761,36,104356,41,0,334,0,378,343,"Anderson",76978,72.7480578866689,0.0869565217391304,53.2619709527397,18.1870144716672,8.69565217391304
2022-04-28,22338,5,14271,2,8067,3,15597,2,88784,23,104381,25,0,334,0,378,343,"Anderson",76978,75.3462028111928,0.0934065934065934,32.4768115565486,6.49536231130973,9.34065934065934
2022-04-29,22344,6,14272,1,8072,5,15598,1,88805,21,104403,22,0,334,0,378,343,"Anderson",76978,80.5424926602406,0.0994152046783626,28.5795941697628,7.79443477357167,9.94152046783626
2022-04-30,22346,2,14273,1,8073,1,15598,0,88834,29,104432,29,0,334,0,378,343,"Anderson",76978,80.5424926602406,0.0919540229885057,37.6731014055964,2.59814492452389,9.19540229885057
2022-05-01,22348,2,14273,0,8075,2,15598,0,88842,8,104440,8,0,334,0,378,343,"Anderson",76978,79.2434201979786,0.096969696969697,10.3925796980956,2.59814492452389,9.6969696969697
2022-05-02,22356,8,14278,5,8078,3,15602,4,88873,31,104475,35,0,334,0,378,343,"Anderson",76978,66.2526955753592,0.0962566844919786,45.4675361791681,10.3925796980956,9.62566844919786
2022-05-03,22362,6,14283,5,8079,1,15607,5,88884,11,104491,16,0,334,0,378,343,"Anderson",76978,55.8601158772636,0.0965909090909091,20.7851593961911,7.79443477357167,9.65909090909091
2022-05-04,22374,12,14287,4,8087,8,15612,5,88908,24,104520,29,0,334,0,378,343,"Anderson",76978,53.2619709527397,0.103658536585366,37.6731014055964,15.5888695471433,10.3658536585366
2022-05-05,22382,8,14293,6,8089,2,15618,6,88926,18,104544,24,0,334,0,378,343,"Anderson",76978,57.1591883395256,0.128834355828221,31.1777390942867,10.3925796980956,12.8834355828221
2022-05-06,22383,1,14293,0,8090,1,15618,0,88950,24,104568,24,0,334,0,378,343,"Anderson",76978,50.6638260282159,0.121212121212121,31.1777390942867,1.29907246226194,12.1212121212121
2022-05-07,22392,9,14297,4,8095,5,15622,4,88966,16,104588,20,0,334,0,378,344,"Anderson",76978,59.7573332640495,0.153846153846154,25.9814492452389,11.6916521603575,15.3846153846154
2022-05-08,22393,1,14297,0,8096,1,15622,0,88980,14,104602,14,0,334,0,378,344,"Anderson",76978,58.4582608017875,0.148148148148148,18.1870144716672,1.29907246226194,14.8148148148148
2022-05-09,22399,6,14299,2,8100,4,15623,1,88995,15,104618,16,0,334,0,378,344,"Anderson",76978,55.8601158772636,0.146853146853147,20.7851593961911,7.79443477357167,14.6853146853147
2022-05-10,22409,10,14302,3,8107,7,15626,3,89027,32,104653,35,1,335,0,378,344,"Anderson",76978,61.0564057263114,0.117283950617284,45.4675361791681,12.9907246226195,11.7283950617284
2022-05-11,22423,14,14313,11,8110,3,15639,13,89045,18,104684,31,0,335,0,378,344,"Anderson",76978,63.6545506508353,0.164634146341463,40.2712463301203,18.1870144716672,16.4634146341463
2022-05-12,22428,5,14317,4,8111,1,15644,5,89073,28,104717,33,0,335,0,378,344,"Anderson",76978,59.7573332640495,0.15028901734104,42.8693912546442,6.49536231130973,15.028901734104
2022-05-13,22436,8,14322,5,8114,3,15649,5,89109,36,104758,41,2,337,0,378,345,"Anderson",76978,68.8508404998831,0.163157894736842,53.2619709527397,10.3925796980956,16.3157894736842
2022-05-14,22439,3,14324,2,8115,1,15651,2,89118,9,104769,11,0,337,0,378,345,"Anderson",76978,61.0564057263114,0.160220994475138,14.2897970848814,3.89721738678583,16.0220994475138
2022-05-15,22443,4,14324,0,8119,4,15651,0,89132,14,104783,14,0,337,0,378,345,"Anderson",76978,64.9536231130973,0.160220994475138,18.1870144716672,5.19628984904778,16.0220994475138
2022-05-16,22453,10,14330,6,8123,4,15656,5,89155,23,104811,28,0,337,0,378,345,"Anderson",76978,70.149912962145,0.170984455958549,36.3740289433345,12.9907246226195,17.0984455958549
2022-05-17,22466,13,14339,9,8127,4,15666,10,89182,27,104848,37,2,339,0,378,345,"Anderson",76978,74.0471303489309,0.205128205128205,48.065681103692,16.8879420094053,20.5128205128205
2022-05-18,22474,8,14346,7,8128,1,15674,8,89209,27,104883,35,0,339,0,378,346,"Anderson",76978,66.2526955753592,0.175879396984925,45.4675361791681,10.3925796980956,17.5879396984925
2022-05-19,22485,11,14354,8,8131,3,15682,8,89236,27,104918,35,1,340,0,378,346,"Anderson",76978,74.0471303489309,0.189054726368159,45.4675361791681,14.2897970848814,18.9054726368159
2022-05-20,22497,12,14363,9,8134,3,15691,9,89265,29,104956,38,0,340,0,378,346,"Anderson",76978,79.2434201979786,0.212121212121212,49.3647535659539,15.5888695471433,21.2121212121212
2022-05-21,22502,5,14368,5,8134,0,15697,6,89291,26,104988,32,0,340,0,378,346,"Anderson",76978,81.8415651225025,0.210045662100457,41.5703187923822,6.49536231130973,21.0045662100457
2022-05-22,22511,9,14374,6,8137,3,15703,6,89316,25,105019,31,1,341,0,378,346,"Anderson",76978,88.3369274338123,0.220338983050847,40.2712463301203,11.6916521603575,22.0338983050847
2022-05-23,22522,11,14383,9,8139,2,15710,7,89349,33,105059,40,0,341,0,378,346,"Anderson",76978,89.6359998960742,0.217741935483871,51.9628984904778,14.2897970848814,21.7741935483871
2022-05-24,22543,21,14390,7,8153,14,15718,8,89370,21,105088,29,0,341,0,378,346,"Anderson",76978,100.02857959417,0.216666666666667,37.6731014055964,27.2805217075008,21.6666666666667
2022-05-25,22555,12,14396,6,8159,6,15724,6,89403,33,105127,39,1,342,0,378,346,"Anderson",76978,105.224869443218,0.204918032786885,50.6638260282159,15.5888695471433,20.4918032786885
2022-05-26,22572,17,14404,8,8168,9,15734,10,89444,41,105178,51,0,342,0,378,346,"Anderson",76978,113.019304216789,0.2,66.2526955753592,22.0842318584531,20
2022-05-27,22587,15,14413,9,8174,6,15743,9,89490,46,105233,55,0,342,0,378,346,"Anderson",76978,116.916521603575,0.187725631768953,71.448985424407,19.4860869339292,18.7725631768953
2022-05-28,22597,10,14419,6,8178,4,15749,6,89541,51,105290,57,0,342,0,378,346,"Anderson",76978,123.411883914885,0.172185430463576,74.0471303489309,12.9907246226195,17.2185430463576
2022-05-29,22605,8,14421,2,8184,6,15751,2,89563,22,105314,24,0,342,0,378,346,"Anderson",76978,122.112811452623,0.16271186440678,31.1777390942867,10.3925796980956,16.271186440678
2022-05-30,22609,4,14421,0,8188,4,15752,1,89578,15,105330,16,0,342,0,378,346,"Anderson",76978,113.019304216789,0.154981549815498,20.7851593961911,5.19628984904778,15.4981549815498
2022-05-31,22625,16,14429,8,8196,8,15759,7,89605,27,105364,34,0,342,0,378,346,"Anderson",76978,106.523941905479,0.148550724637681,44.1684637169061,20.7851593961911,14.8550724637681
2022-06-01,22649,24,14442,13,8207,11,15776,17,89632,27,105408,44,0,342,0,378,346,"Anderson",76978,122.112811452623,0.185053380782918,57.1591883395256,31.1777390942867,18.5053380782918
2022-06-02,22667,18,14451,9,8216,9,15784,8,89656,24,105440,32,0,342,0,378,346,"Anderson",76978,123.411883914885,0.190839694656489,41.5703187923822,23.383304320715,19.0839694656489
2022-06-03,22681,14,14459,8,8222,6,15793,9,89706,50,105499,59,0,342,0,378,346,"Anderson",76978,122.112811452623,0.18796992481203,76.6452752734548,18.1870144716672,18.796992481203
2022-06-04,22688,7,14464,5,8224,2,15799,6,89735,29,105534,35,0,342,0,378,346,"Anderson",76978,118.215594065837,0.204918032786885,45.4675361791681,9.09350723583361,20.4918032786885
2022-06-05,22698,10,14471,7,8227,3,15807,8,89752,17,105559,25,0,342,0,378,346,"Anderson",76978,120.813738990361,0.228571428571429,32.4768115565486,12.9907246226195,22.8571428571429
2022-06-06,22725,27,14485,14,8240,13,15821,14,89775,23,105596,37,0,342,0,378,347,"Anderson",76978,150.692405622386,0.259398496240602,48.065681103692,35.0749564810725,25.9398496240602
2022-06-07,22747,22,14493,8,8254,14,15829,8,89795,20,105624,28,0,342,0,378,347,"Anderson",76978,158.486840395957,0.269230769230769,36.3740289433345,28.5795941697628,26.9230769230769
2022-06-08,22770,23,14508,15,8262,8,15847,18,89844,49,105691,67,0,342,0,378,347,"Anderson",76978,157.187767933695,0.250883392226148,87.0378549715503,29.8786666320247,25.0883392226148
2022-06-09,22788,18,14520,12,8268,6,15860,13,89879,35,105739,48,0,342,1,379,348,"Anderson",76978,157.187767933695,0.254180602006689,62.3554781885734,23.383304320715,25.4180602006689
2022-06-10,22811,23,14536,16,8275,7,15877,17,89940,61,105817,78,0,342,0,379,348,"Anderson",76978,168.879420094053,0.264150943396226,101.327652056432,29.8786666320247,26.4150943396226
2022-06-11,22820,9,14540,4,8280,5,15882,5,89958,18,105840,23,0,342,0,379,348,"Anderson",76978,171.477565018577,0.271241830065359,29.8786666320247,11.6916521603575,27.1241830065359
2022-06-12,22828,8,14542,2,8286,6,15884,2,89972,14,105856,16,0,342,0,379,348,"Anderson",76978,168.879420094053,0.259259259259259,20.7851593961911,10.3925796980956,25.9259259259259
2022-06-13,22845,17,14548,6,8297,11,15890,6,89996,24,105886,30,0,342,0,379,348,"Anderson",76978,155.888695471433,0.237931034482759,38.9721738678584,22.0842318584531,23.7931034482759
2022-06-14,22875,30,14562,14,8313,16,15906,16,90033,37,105939,53,1,343,0,379,349,"Anderson",76978,166.281275169529,0.244444444444444,68.8508404998831,38.9721738678584,24.4444444444444
2022-06-15,22893,18,14574,12,8319,6,15920,14,90056,23,105976,37,1,344,1,380,349,"Anderson",76978,159.785912858219,0.256140350877193,48.065681103692,23.383304320715,25.6140350877193
2022-06-16,22918,25,14586,12,8332,13,15931,11,90084,28,106015,39,1,345,0,380,349,"Anderson",76978,168.879420094053,0.257246376811594,50.6638260282159,32.4768115565486,25.7246376811594
2022-06-17,22941,23,14599,13,8342,10,15947,16,90107,23,106054,39,0,345,0,380,350,"Anderson",76978,168.879420094053,0.29535864978903,50.6638260282159,29.8786666320247,29.535864978903
2022-06-18,22953,12,14608,9,8345,3,15957,10,90130,23,106087,33,1,346,0,380,350,"Anderson",76978,172.776637480839,0.303643724696356,42.8693912546442,15.5888695471433,30.3643724696356
2022-06-19,22969,16,14613,5,8356,11,15962,5,90148,18,106110,23,0,346,0,380,350,"Anderson",76978,183.169217178934,0.307086614173228,29.8786666320247,20.7851593961911,30.7086614173228
2022-06-20,22981,12,14617,4,8364,8,15969,7,90164,16,106133,23,0,346,0,380,350,"Anderson",76978,176.673854867625,0.319838056680162,29.8786666320247,15.5888695471433,31.9838056680162
2022-06-21,23007,26,14627,10,8380,16,15977,8,90176,12,106153,20,0,346,0,380,350,"Anderson",76978,171.477565018577,0.331775700934579,25.9814492452389,33.7758840188106,33.1775700934579
2022-06-22,23047,40,14657,30,8390,10,16007,30,90226,50,106233,80,0,346,0,380,350,"Anderson",76978,200.05715918834,0.33852140077821,103.925796980956,51.9628984904778,33.852140077821
2022-06-23,23065,18,14668,11,8397,7,16021,14,90249,23,106270,37,0,346,0,380,351,"Anderson",76978,190.963651952506,0.352941176470588,48.065681103692,23.383304320715,35.2941176470588
2022-06-24,23098,33,14679,11,8419,22,16033,12,90282,33,106315,45,0,346,0,380,352,"Anderson",76978,203.954376575125,0.329501915708812,58.4582608017875,42.8693912546442,32.9501915708812
2022-06-25,23109,11,14682,3,8427,8,16039,6,90311,29,106350,35,0,346,0,380,352,"Anderson",76978,202.655304112863,0.311787072243346,45.4675361791681,14.2897970848814,31.1787072243346
2022-06-26,23119,10,14688,6,8431,4,16044,5,90337,26,106381,31,0,346,0,380,352,"Anderson",76978,194.860869339292,0.302583025830258,40.2712463301203,12.9907246226195,30.2583025830258
2022-06-27,23142,23,14700,12,8442,11,16056,12,90353,16,106409,28,1,347,0,380,352,"Anderson",76978,209.150666424173,0.315217391304348,36.3740289433345,29.8786666320247,31.5217391304348
2022-06-28,23172,30,14716,16,8456,14,16072,16,90382,29,106454,45,1,348,1,381,352,"Anderson",76978,214.346956273221,0.315614617940199,58.4582608017875,38.9721738678584,31.5614617940199
2022-06-29,23195,23,14725,9,8470,14,16083,11,90424,42,106507,53,1,349,0,381,352,"Anderson",76978,192.262724414768,0.277372262773723,68.8508404998831,29.8786666320247,27.7372262773723
2022-06-30,23232,37,14737,12,8495,25,16096,13,90469,45,106565,58,0,349,0,381,352,"Anderson",76978,216.945101197745,0.254237288135593,75.3462028111928,48.065681103692,25.4237288135593
2022-07-01,23254,22,14749,12,8505,10,16109,13,90509,40,106618,53,0,349,0,381,352,"Anderson",76978,202.655304112863,0.250825082508251,68.8508404998831,28.5795941697628,25.0825082508251
2022-07-02,23282,28,14763,14,8519,14,16124,15,90529,20,106653,35,0,349,0,381,352,"Anderson",76978,224.739535971316,0.280528052805281,45.4675361791681,36.3740289433345,28.0528052805281
2022-07-03,23294,12,14770,7,8524,5,16131,7,90546,17,106677,24,0,349,0,381,352,"Anderson",76978,227.33768089584,0.293918918918919,31.1777390942867,15.5888695471433,29.3918918918919
2022-07-04,23310,16,14775,5,8535,11,16136,5,90554,8,106690,13,0,349,0,381,353,"Anderson",76978,218.244173660007,0.284697508896797,16.8879420094053,20.7851593961911,28.4697508896797
2022-07-05,23331,21,14785,10,8546,11,16147,11,90579,25,106726,36,0,349,0,381,354,"Anderson",76978,206.552521499649,0.275735294117647,46.76660864143,27.2805217075008,27.5735294117647
2022-07-06,23345,14,14791,6,8554,8,16154,7,90608,29,106762,36,0,349,0,381,354,"Anderson",76978,194.860869339292,0.27843137254902,46.76660864143,18.1870144716672,27.843137254902
2022-07-07,23377,32,14806,15,8571,17,16169,15,90634,26,106803,41,0,349,0,381,354,"Anderson",76978,188.365507027982,0.30672268907563,53.2619709527397,41.5703187923822,30.672268907563
2022-07-08,23411,34,14817,11,8594,23,16179,10,90661,27,106840,37,0,349,0,381,354,"Anderson",76978,203.954376575125,0.315315315315315,48.065681103692,44.1684637169061,31.5315315315315
2022-07-09,23439,28,14822,5,8617,23,16184,5,90675,14,106859,19,0,349,0,381,354,"Anderson",76978,203.954376575125,0.29126213592233,24.682376782977,36.3740289433345,29.126213592233
2022-07-10,23458,19,14826,4,8632,15,16187,3,90681,6,106868,9,0,349,0,381,354,"Anderson",76978,213.047883810959,0.293193717277487,11.6916521603575,24.682376782977,29.3193717277487
2022-07-11,23481,23,14836,10,8645,13,16200,13,90719,38,106919,51,0,349,0,381,354,"Anderson",76978,222.141391046793,0.279475982532751,66.2526955753592,29.8786666320247,27.9475982532751
2022-07-12,23526,45,14854,18,8672,27,16219,19,90753,34,106972,53,0,349,0,381,354,"Anderson",76978,253.319130141079,0.292682926829268,68.8508404998831,58.4582608017875,29.2682926829268
2022-07-13,23564,38,14872,18,8692,20,16238,19,90800,47,107038,66,0,349,0,381,355,"Anderson",76978,284.496869235366,0.304347826086957,85.7387825092884,49.3647535659539,30.4347826086957
2022-07-14,23605,41,14884,12,8721,29,16250,12,90822,22,107072,34,0,349,1,382,355,"Anderson",76978,296.188521395723,0.301115241635688,44.1684637169061,53.2619709527397,30.1115241635688
2022-07-15,23637,32,14900,16,8737,16,16266,16,90848,26,107114,42,0,349,0,382,355,"Anderson",76978,293.5903764712,0.317518248175182,54.5610434150017,41.5703187923822,31.7518248175182
2022-07-16,23659,22,14907,7,8752,15,16273,7,90857,9,107130,16,0,349,0,382,355,"Anderson",76978,285.795941697628,0.328413284132841,20.7851593961911,28.5795941697628,32.8413284132841
2022-07-17,23669,10,14911,4,8758,6,16276,3,90869,12,107145,15,0,349,0,382,355,"Anderson",76978,274.10428953727,0.32129963898917,19.4860869339292,12.9907246226195,32.129963898917
2022-07-18,23715,46,14932,21,8783,25,16297,21,90919,50,107216,71,0,349,0,382,355,"Anderson",76978,303.982956169295,0.326599326599327,92.2341448205981,59.7573332640495,32.6599326599327
2022-07-19,23765,50,14955,23,8810,27,16323,26,90935,16,107258,42,3,352,0,382,355,"Anderson",76978,310.478318480605,0.363636363636364,54.5610434150017,64.9536231130973,36.3636363636364
2022-07-20,23801,36,14971,16,8830,20,16339,16,90965,30,107304,46,0,352,0,382,355,"Anderson",76978,307.880173556081,0.379699248120301,59.7573332640495,46.76660864143,37.9699248120301
2022-07-21,23844,43,15000,29,8844,14,16369,30,91017,52,107386,82,0,352,0,382,356,"Anderson",76978,310.478318480605,0.378980891719745,106.523941905479,55.8601158772636,37.8980891719745
2022-07-22,23882,38,15014,14,8868,24,16384,15,91052,35,107436,50,0,352,0,382,357,"Anderson",76978,318.272753254177,0.366459627329193,64.9536231130973,49.3647535659539,36.6459627329193
2022-07-23,23892,10,15017,3,8875,7,16388,4,91063,11,107451,15,0,352,0,382,357,"Anderson",76978,302.683883707033,0.358255451713396,19.4860869339292,12.9907246226195,35.8255451713396
2022-07-24,23915,23,15026,9,8889,14,16397,9,91077,14,107474,23,0,352,0,382,357,"Anderson",76978,319.571825716438,0.367781155015198,29.8786666320247,29.8786666320247,36.7781155015198
2022-07-25,23961,46,15052,26,8909,20,16424,27,91109,32,107533,59,0,352,0,382,357,"Anderson",76978,319.571825716438,0.400630914826498,76.6452752734548,59.7573332640495,40.0630914826498
2022-07-26,24008,47,15076,24,8932,23,16448,24,91142,33,107590,57,0,352,0,382,358,"Anderson",76978,315.674608329653,0.376506024096386,74.0471303489309,61.0564057263114,37.6506024096386
2022-07-27,24051,43,15094,18,8957,25,16469,21,91184,42,107653,63,0,352,0,382,358,"Anderson",76978,324.768115565486,0.372492836676218,81.8415651225025,55.8601158772636,37.2492836676218
2022-07-28,24087,36,15111,17,8976,19,16487,18,91223,39,107710,57,0,352,0,382,358,"Anderson",76978,315.674608329653,0.364197530864198,74.0471303489309,46.76660864143,36.4197530864198
2022-07-29,24120,33,15132,21,8988,12,16508,21,91258,35,107766,56,0,352,0,382,358,"Anderson",76978,309.179246018343,0.375757575757576,72.7480578866689,42.8693912546442,37.5757575757576
2022-07-30,24144,24,15146,14,8998,10,16522,14,91274,16,107796,30,0,352,0,382,358,"Anderson",76978,327.36626049001,0.388405797101449,38.9721738678584,31.1777390942867,38.8405797101449
2022-07-31,24150,6,15149,3,9001,3,16527,5,91290,16,107817,21,0,352,0,382,359,"Anderson",76978,305.282028631557,0.379008746355685,27.2805217075008,7.79443477357167,37.9008746355685
2022-08-01,24183,33,15165,16,9018,17,16545,18,91309,19,107854,37,0,352,0,382,359,"Anderson",76978,288.394086622152,0.376947040498442,48.065681103692,42.8693912546442,37.6947040498442
2022-08-02,24243,60,15212,47,9031,13,16591,46,91345,36,107936,82,1,353,0,382,359,"Anderson",76978,305.282028631557,0.413294797687861,106.523941905479,77.9443477357167,41.3294797687861
2022-08-03,24276,33,15231,19,9045,14,16614,23,91381,36,107995,59,0,353,0,382,360,"Anderson",76978,292.291304008938,0.423976608187135,76.6452752734548,42.8693912546442,42.3976608187134
2022-08-04,24320,44,15262,31,9058,13,16650,36,91476,95,108126,131,1,354,0,382,360,"Anderson",76978,302.683883707033,0.391826923076923,170.178492556315,57.1591883395256,39.1826923076923
2022-08-05,24353,33,15285,23,9068,10,16672,22,91508,32,108180,54,0,354,0,382,360,"Anderson",76978,302.683883707033,0.396135265700483,70.149912962145,42.8693912546442,39.6135265700483
2022-08-06,24371,18,15293,8,9078,10,16680,8,91523,15,108203,23,0,354,0,382,360,"Anderson",76978,294.889448933461,0.388206388206388,29.8786666320247,23.383304320715,38.8206388206388
2022-08-07,24387,16,15303,10,9084,6,16690,10,91539,16,108229,26,0,354,0,382,360,"Anderson",76978,307.880173556081,0.395631067961165,33.7758840188106,20.7851593961911,39.5631067961165
2022-08-08,24444,57,15332,29,9112,28,16718,28,91551,12,108269,40,0,354,0,382,361,"Anderson",76978,339.057912650368,0.416867469879518,51.9628984904778,74.0471303489309,41.6867469879518
2022-08-09,24475,31,15350,18,9125,13,16737,19,91601,50,108338,69,3,357,0,382,362,"Anderson",76978,301.384811244771,0.36318407960199,89.6359998960742,40.2712463301203,36.318407960199
2022-08-10,24514,39,15377,27,9137,12,16767,30,91633,32,108400,62,0,357,0,382,362,"Anderson",76978,309.179246018343,0.377777777777778,80.5424926602406,50.6638260282159,37.7777777777778
2022-08-11,24549,35,15402,25,9147,10,16793,26,91664,31,108457,57,0,357,0,382,362,"Anderson",76978,297.487593857985,0.43202416918429,74.0471303489309,45.4675361791681,43.202416918429
2022-08-12,24587,38,15425,23,9162,15,16817,24,91703,39,108520,63,0,357,0,382,363,"Anderson",76978,303.982956169295,0.426470588235294,81.8415651225025,49.3647535659539,42.6470588235294
2022-08-13,24605,18,15435,10,9170,8,16828,11,91733,30,108561,41,0,357,0,382,364,"Anderson",76978,303.982956169295,0.41340782122905,53.2619709527397,23.383304320715,41.340782122905
2022-08-14,24617,12,15443,8,9174,4,16836,8,91753,20,108589,28,0,357,0,382,364,"Anderson",76978,298.786666320247,0.405555555555556,36.3740289433345,15.5888695471433,40.5555555555556
2022-08-15,24671,54,15469,26,9202,28,16863,27,91775,22,108638,49,0,357,0,382,365,"Anderson",76978,294.889448933461,0.392953929539295,63.6545506508353,70.149912962145,39.2953929539295
2022-08-16,24720,49,15499,30,9221,19,16895,32,91807,32,108702,64,1,358,0,382,365,"Anderson",76978,318.272753254177,0.434065934065934,83.1406375847645,63.6545506508353,43.4065934065934
2022-08-17,24766,46,15526,27,9240,19,16921,26,91840,33,108761,59,0,358,0,382,365,"Anderson",76978,327.36626049001,0.426592797783933,76.6452752734548,59.7573332640495,42.6592797783933
2022-08-18,25052,286,15570,44,9482,242,16964,43,91884,44,108848,87,0,358,0,382,365,"Anderson",76978,653.433448517758,0.437340153452685,113.019304216789,371.534724206916,43.7340153452685
2022-08-19,25084,32,15585,15,9499,17,16980,16,91921,37,108901,53,0,358,0,382,365,"Anderson",76978,645.639013744187,0.427821522309711,68.8508404998831,41.5703187923822,42.7821522309711
2022-08-20,25098,14,15592,7,9506,7,16988,8,91950,29,108938,37,0,358,0,382,365,"Anderson",76978,640.442723895139,0.424403183023873,48.065681103692,18.1870144716672,42.4403183023873
2022-08-21,25112,14,15598,6,9514,8,16995,7,91981,31,108976,38,0,358,0,382,365,"Anderson",76978,643.040868819663,0.410852713178295,49.3647535659539,18.1870144716672,41.0852713178295
2022-08-22,25176,64,15623,25,9553,39,17020,25,92018,37,109038,62,0,358,0,382,366,"Anderson",76978,656.031593442282,0.3925,80.5424926602406,83.1406375847645,39.25
2022-08-23,25257,81,15656,33,9601,48,17054,34,92050,32,109104,66,3,361,0,382,367,"Anderson",76978,697.601912234664,0.395522388059701,85.7387825092884,105.224869443218,39.5522388059701
2022-08-24,25322,65,15679,23,9643,42,17080,26,92088,38,109168,64,0,361,0,382,367,"Anderson",76978,722.284289017641,0.390663390663391,83.1406375847645,84.4397100470264,39.0663390663391
2022-08-25,25366,44,15702,23,9664,21,17105,25,92127,39,109232,64,1,362,0,382,368,"Anderson",76978,407.908753150251,0.3671875,83.1406375847645,57.1591883395256,36.71875
2022-08-26,25398,32,15717,15,9681,17,17121,16,92184,57,109305,73,0,362,0,382,368,"Anderson",76978,407.908753150251,0.349009900990099,94.832289745122,41.5703187923822,34.9009900990099
2022-08-27,25438,40,15726,9,9712,31,17130,9,92220,36,109350,45,0,362,0,382,368,"Anderson",76978,441.684637169061,0.344660194174757,58.4582608017875,51.9628984904778,34.4660194174757
2022-08-28,25447,9,15730,4,9717,5,17134,4,92248,28,109382,32,0,362,0,382,368,"Anderson",76978,435.189274857752,0.342364532019704,41.5703187923822,11.6916521603575,34.2364532019704
2022-08-29,25482,35,15744,14,9738,21,17150,16,92259,11,109409,27,0,362,0,382,369,"Anderson",76978,397.516173452155,0.350404312668464,35.0749564810725,45.4675361791681,35.0404312668464
2022-08-30,25527,45,15760,16,9767,29,17167,17,92275,16,109442,33,2,364,0,382,369,"Anderson",76978,350.749564810725,0.334319526627219,42.8693912546442,58.4582608017875,33.4319526627219
2022-08-31,25574,47,15791,31,9783,16,17200,33,92324,49,109524,82,0,364,0,382,369,"Anderson",76978,327.36626049001,0.337078651685393,106.523941905479,61.0564057263114,33.7078651685393
2022-09-01,25604,30,15805,14,9799,16,17215,15,92352,28,109567,43,1,365,0,382,369,"Anderson",76978,309.179246018343,0.328358208955224,55.8601158772636,38.9721738678584,32.8358208955224
2022-09-02,25631,27,15819,14,9812,13,17229,14,92396,44,109625,58,0,365,0,382,369,"Anderson",76978,302.683883707033,0.3375,75.3462028111928,35.0749564810725,33.75
2022-09-03,25651,20,15830,11,9821,9,17240,11,92416,20,109656,31,0,365,0,382,370,"Anderson",76978,276.702434461794,0.359477124183007,40.2712463301203,25.9814492452389,35.9477124183007
2022-09-04,25663,12,15832,2,9831,10,17242,2,92430,14,109672,16,0,365,0,382,370,"Anderson",76978,280.59965184858,0.372413793103448,20.7851593961911,15.5888695471433,37.2413793103448
2022-09-05,25672,9,15834,2,9838,7,17244,2,92444,14,109688,16,0,365,0,382,370,"Anderson",76978,246.82376782977,0.336917562724014,20.7851593961911,11.6916521603575,33.6917562724014
2022-09-06,25709,37,15846,12,9863,25,17256,12,92461,17,109717,29,0,365,0,382,370,"Anderson",76978,236.431188131674,0.323636363636364,37.6731014055964,48.065681103692,32.3636363636364
2022-09-07,25749,40,15862,16,9887,24,17273,17,92495,34,109768,51,0,365,0,382,370,"Anderson",76978,227.33768089584,0.299180327868852,66.2526955753592,51.9628984904778,29.9180327868852
2022-09-08,25771,22,15871,9,9900,13,17282,9,92513,18,109795,27,0,365,0,382,371,"Anderson",76978,216.945101197745,0.293859649122807,35.0749564810725,28.5795941697628,29.3859649122807
2022-09-09,25786,15,15879,8,9907,7,17290,8,92558,45,109848,53,0,365,0,382,372,"Anderson",76978,201.356231650601,0.273542600896861,68.8508404998831,19.4860869339292,27.3542600896861
2022-09-10,25802,16,15886,7,9916,9,17299,9,92578,20,109877,29,0,365,0,382,372,"Anderson",76978,196.159941801554,0.266968325791855,37.6731014055964,20.7851593961911,26.6968325791855
2022-09-11,25809,7,15888,2,9921,5,17302,3,92592,14,109894,17,0,365,0,382,372,"Anderson",76978,189.664579490244,0.27027027027027,22.0842318584531,9.09350723583361,27.027027027027
2022-09-12,25822,13,15893,5,9929,8,17308,6,92604,12,109912,18,0,365,0,382,372,"Anderson",76978,194.860869339292,0.285714285714286,23.383304320715,16.8879420094053,28.5714285714286
2022-09-13,25848,26,15905,12,9943,14,17321,13,92626,22,109947,35,0,365,0,382,372,"Anderson",76978,180.57107225441,0.282608695652174,45.4675361791681,33.7758840188106,28.2608695652174
2022-09-14,25865,17,15913,8,9952,9,17329,8,92652,26,109981,34,1,366,0,382,372,"Anderson",76978,150.692405622386,0.262910798122066,44.1684637169061,22.0842318584531,26.2910798122066
2022-09-15,25921,56,15930,17,9991,39,17347,18,92694,42,110041,60,2,368,0,382,372,"Anderson",76978,194.860869339292,0.264227642276423,77.9443477357167,72.7480578866689,26.4227642276423
2022-09-16,25937,16,15934,4,10003,12,17351,4,92740,46,110091,50,0,368,0,382,372,"Anderson",76978,196.159941801554,0.251028806584362,64.9536231130973,20.7851593961911,25.1028806584362
2022-09-17,25947,10,15935,1,10012,9,17354,3,92753,13,110107,16,0,368,0,382,372,"Anderson",76978,188.365507027982,0.239130434782609,20.7851593961911,12.9907246226195,23.9130434782609
2022-09-18,25956,9,15937,2,10019,7,17356,2,92758,5,110114,7,0,368,0,382,372,"Anderson",76978,190.963651952506,0.245454545454545,9.09350723583361,11.6916521603575,24.5454545454545
2022-09-19,25971,15,15940,3,10031,12,17360,4,92778,20,110138,24,0,368,1,383,373,"Anderson",76978,193.56179687703,0.230088495575221,31.1777390942867,19.4860869339292,23.0088495575221
2022-09-20,25977,6,15945,5,10032,1,17366,6,92787,9,110153,15,0,368,0,383,373,"Anderson",76978,167.580347631791,0.218446601941748,19.4860869339292,7.79443477357167,21.8446601941748
2022-09-21,25987,10,15947,2,10040,8,17368,2,92810,23,110178,25,1,369,0,383,373,"Anderson",76978,158.486840395957,0.197969543147208,32.4768115565486,12.9907246226195,19.7969543147208
2022-09-22,26003,16,15954,7,10049,9,17375,7,92846,36,110221,43,0,369,0,383,373,"Anderson",76978,106.523941905479,0.155555555555556,55.8601158772636,20.7851593961911,15.5555555555556
2022-09-23,26023,20,15966,12,10057,8,17388,13,92891,45,110279,58,0,369,0,383,373,"Anderson",76978,111.720231754527,0.196808510638298,75.3462028111928,25.9814492452389,19.6808510638298
2022-09-24,26028,5,15970,4,10058,1,17391,3,92908,17,110299,20,0,369,0,383,373,"Anderson",76978,105.224869443218,0.192708333333333,25.9814492452389,6.49536231130973,19.2708333333333
2022-09-25,26033,5,15972,2,10061,3,17393,2,92923,15,110316,17,0,369,0,383,373,"Anderson",76978,100.02857959417,0.183168316831683,22.0842318584531,6.49536231130973,18.3168316831683
2022-09-26,26048,15,15978,6,10070,9,17400,7,92934,11,110334,18,0,369,0,383,373,"Anderson",76978,100.02857959417,0.204081632653061,23.383304320715,19.4860869339292,20.4081632653061
2022-09-27,26055,7,15979,1,10076,6,17402,2,92955,21,110357,23,0,369,0,383,373,"Anderson",76978,101.327652056432,0.176470588235294,29.8786666320247,9.09350723583361,17.6470588235294
2022-09-28,26071,16,15983,4,10088,12,17407,5,92998,43,110405,48,1,370,0,383,373,"Anderson",76978,109.122086830003,0.171806167400881,62.3554781885734,20.7851593961911,17.1806167400881
2022-09-29,26081,10,15991,8,10090,2,17415,8,93020,22,110435,30,0,370,0,383,373,"Anderson",76978,101.327652056432,0.186915887850467,38.9721738678584,12.9907246226195,18.6915887850467
2022-09-30,26089,8,15995,4,10094,4,17419,4,93054,34,110473,38,0,370,0,383,373,"Anderson",76978,85.7387825092884,0.15979381443299,49.3647535659539,10.3925796980956,15.979381443299
2022-10-01,26094,5,15995,0,10099,5,17419,0,93058,4,110477,4,0,370,0,383,373,"Anderson",76978,85.7387825092884,0.157303370786517,5.19628984904778,6.49536231130973,15.7303370786517
2022-10-02,26096,2,15996,1,10100,1,17420,1,93061,3,110481,4,0,370,0,383,373,"Anderson",76978,81.8415651225025,0.163636363636364,5.19628984904778,2.59814492452389,16.3636363636364
2022-10-03,26107,11,15999,3,10108,8,17424,4,93067,6,110491,10,0,370,0,383,373,"Anderson",76978,76.6452752734548,0.152866242038217,12.9907246226195,14.2897970848814,15.2866242038217
2022-10-04,26109,2,15999,0,10110,2,17424,0,93104,37,110528,37,0,370,0,383,373,"Anderson",76978,70.149912962145,0.128654970760234,48.065681103692,2.59814492452389,12.8654970760234
2022-10-05,26114,5,16001,2,10113,3,17427,3,93120,16,110547,19,0,370,0,383,373,"Anderson",76978,55.8601158772636,0.140845070422535,24.682376782977,6.49536231130973,14.0845070422535
2022-10-06,26127,13,16008,7,10119,6,17435,8,93145,25,110580,33,0,370,0,383,373,"Anderson",76978,59.7573332640495,0.137931034482759,42.8693912546442,16.8879420094053,13.7931034482759
2022-10-07,26143,16,16019,11,10124,5,17446,11,93167,22,110613,33,0,370,0,383,373,"Anderson",76978,70.149912962145,0.192857142857143,42.8693912546442,20.7851593961911,19.2857142857143
2022-10-08,26143,0,16019,0,10124,0,17446,0,93185,18,110631,18,0,370,0,383,373,"Anderson",76978,63.6545506508353,0.175324675324675,23.383304320715,0,17.5324675324675
2022-10-09,26145,2,16020,1,10125,1,17447,1,93196,11,110643,12,0,370,0,383,373,"Anderson",76978,63.6545506508353,0.166666666666667,15.5888695471433,2.59814492452389,16.6666666666667
2022-10-10,26150,5,16022,2,10128,3,17449,2,93211,15,110660,17,0,370,0,383,374,"Anderson",76978,55.8601158772636,0.14792899408284,22.0842318584531,6.49536231130973,14.792899408284
2022-10-11,26163,13,16028,6,10135,7,17455,6,93245,34,110700,40,0,370,0,383,374,"Anderson",76978,70.149912962145,0.180232558139535,51.9628984904778,16.8879420094053,18.0232558139535
2022-10-12,26172,9,16031,3,10141,6,17458,3,93262,17,110720,20,0,370,0,383,374,"Anderson",76978,75.3462028111928,0.179190751445087,25.9814492452389,11.6916521603575,17.9190751445087
2022-10-13,26179,7,16036,5,10143,2,17463,5,93277,15,110740,20,0,370,1,384,374,"Anderson",76978,67.5517680376211,0.175,25.9814492452389,9.09350723583361,17.5
2022-10-14,26184,5,16037,1,10147,4,17464,1,93294,17,110758,18,0,370,0,384,374,"Anderson",76978,53.2619709527397,0.124137931034483,23.383304320715,6.49536231130973,12.4137931034483
2022-10-15,26187,3,16038,1,10149,2,17465,1,93306,12,110771,13,0,370,0,384,374,"Anderson",76978,57.1591883395256,0.135714285714286,16.8879420094053,3.89721738678583,13.5714285714286
2022-10-16,26188,1,16039,1,10149,0,17466,1,93310,4,110776,5,0,370,0,384,374,"Anderson",76978,55.8601158772636,0.142857142857143,6.49536231130973,1.29907246226194,14.2857142857143
2022-10-17,26198,10,16044,5,10154,5,17470,4,93314,4,110784,8,0,370,0,384,374,"Anderson",76978,62.3554781885734,0.169354838709677,10.3925796980956,12.9907246226195,16.9354838709677
2022-10-18,26204,6,16046,2,10158,4,17472,2,93329,15,110801,17,0,370,0,384,375,"Anderson",76978,53.2619709527397,0.168316831683168,22.0842318584531,7.79443477357167,16.8316831683168
2022-10-19,26213,9,16050,4,10163,5,17476,4,93343,14,110819,18,0,370,0,384,375,"Anderson",76978,53.2619709527397,0.181818181818182,23.383304320715,11.6916521603575,18.1818181818182
2022-10-20,26223,10,16052,2,10171,8,17479,3,93355,12,110834,15,1,371,0,384,375,"Anderson",76978,57.1591883395256,0.170212765957447,19.4860869339292,12.9907246226195,17.0212765957447
2022-10-21,26240,17,16066,14,10174,3,17494,15,93413,58,110907,73,0,371,0,384,375,"Anderson",76978,72.7480578866689,0.201342281879195,94.832289745122,22.0842318584531,20.1342281879195
2022-10-22,26245,5,16068,2,10177,3,17496,2,93421,8,110917,10,0,371,0,384,376,"Anderson",76978,75.3462028111928,0.212328767123288,12.9907246226195,6.49536231130973,21.2328767123288
2022-10-23,26255,10,16076,8,10179,2,17503,7,93425,4,110928,11,0,371,1,385,376,"Anderson",76978,87.0378549715503,0.243421052631579,14.2897970848814,12.9907246226195,24.3421052631579
2022-10-24,26265,10,16082,6,10183,4,17510,7,93442,17,110952,24,0,371,0,385,376,"Anderson",76978,87.0378549715503,0.238095238095238,31.1777390942867,12.9907246226195,23.8095238095238
2022-10-25,26277,12,16087,5,10190,7,17516,6,93461,19,110977,25,0,371,0,385,376,"Anderson",76978,94.832289745122,0.25,32.4768115565486,15.5888695471433,25
2022-10-26,26294,17,16098,11,10196,6,17527,11,93482,21,111009,32,1,372,0,385,376,"Anderson",76978,105.224869443218,0.268421052631579,41.5703187923822,22.0842318584531,26.8421052631579
2022-10-27,26311,17,16102,4,10209,13,17531,4,93498,16,111029,20,0,372,0,385,376,"Anderson",76978,114.318376679051,0.266666666666667,25.9814492452389,22.0842318584531,26.6666666666667
2022-10-28,26321,10,16106,4,10215,6,17534,3,93512,14,111046,17,0,372,0,385,376,"Anderson",76978,105.224869443218,0.287769784172662,22.0842318584531,12.9907246226195,28.7769784172662
2022-10-29,26326,5,16107,1,10219,4,17536,2,93531,19,111067,21,0,372,0,385,376,"Anderson",76978,105.224869443218,0.266666666666667,27.2805217075008,6.49536231130973,26.6666666666667
2022-10-30,26329,3,16110,3,10219,0,17539,3,93532,1,111071,4,0,372,0,385,376,"Anderson",76978,96.1313622073839,0.251748251748252,5.19628984904778,3.89721738678583,25.1748251748252
2022-10-31,26343,14,16116,6,10227,8,17546,7,93561,29,111107,36,0,372,0,385,376,"Anderson",76978,101.327652056432,0.232258064516129,46.76660864143,18.1870144716672,23.2258064516129
2022-11-01,26357,14,16125,9,10232,5,17554,8,93588,27,111142,35,0,372,0,385,376,"Anderson",76978,103.925796980956,0.23030303030303,45.4675361791681,18.1870144716672,23.030303030303
2022-11-02,26367,10,16130,5,10237,5,17559,5,93602,14,111161,19,0,372,0,385,378,"Anderson",76978,94.832289745122,0.210526315789474,24.682376782977,12.9907246226195,21.0526315789474
2022-11-03,26380,13,16139,9,10241,4,17568,9,93648,46,111216,55,1,373,0,385,379,"Anderson",76978,89.6359998960742,0.197860962566845,71.448985424407,16.8879420094053,19.7860962566845
2022-11-04,26397,17,16146,7,10251,10,17575,7,93681,33,111256,40,2,375,0,385,379,"Anderson",76978,98.7295071319078,0.195238095238095,51.9628984904778,22.0842318584531,19.5238095238095
2022-11-05,26404,7,16153,7,10251,0,17583,8,93687,6,111270,14,0,375,0,385,379,"Anderson",76978,101.327652056432,0.231527093596059,18.1870144716672,9.09350723583361,23.1527093596059
2022-11-06,26407,3,16154,1,10253,2,17584,1,93695,8,111279,9,0,375,0,385,379,"Anderson",76978,101.327652056432,0.216346153846154,11.6916521603575,3.89721738678583,21.6346153846154
2022-11-07,26428,21,16159,5,10269,16,17589,5,93714,19,111303,24,0,375,0,385,379,"Anderson",76978,110.421159292265,0.219387755102041,31.1777390942867,27.2805217075008,21.9387755102041
2022-11-08,26440,12,16167,8,10273,4,17596,7,93728,14,111324,21,0,375,0,385,379,"Anderson",76978,107.823014367741,0.230769230769231,27.2805217075008,15.5888695471433,23.0769230769231
2022-11-09,26456,16,16174,7,10282,9,17603,7,93785,57,111388,64,0,375,0,385,379,"Anderson",76978,115.617449141313,0.193832599118943,83.1406375847645,20.7851593961911,19.3832599118943
2022-11-10,26468,12,16180,6,10288,6,17610,7,93809,24,111419,31,0,375,0,385,380,"Anderson",76978,114.318376679051,0.206896551724138,40.2712463301203,15.5888695471433,20.6896551724138
2022-11-11,26476,8,16184,4,10292,4,17614,4,93838,29,111452,33,0,375,0,385,380,"Anderson",76978,102.626724518694,0.198979591836735,42.8693912546442,10.3925796980956,19.8979591836735
2022-11-12,26479,3,16186,2,10293,1,17616,2,93848,10,111464,12,0,375,0,385,380,"Anderson",76978,97.4304346696459,0.170103092783505,15.5888695471433,3.89721738678583,17.0103092783505
2022-11-13,26479,0,16186,0,10293,0,17616,0,93854,6,111470,6,0,375,0,385,381,"Anderson",76978,93.53321728286,0.167539267015707,7.79443477357167,0,16.7539267015707
2022-11-14,26487,8,16189,3,10298,5,17619,3,93883,29,111502,32,0,375,0,385,381,"Anderson",76978,76.6452752734548,0.150753768844221,41.5703187923822,10.3925796980956,15.0753768844221
2022-11-15,26501,14,16190,1,10311,13,17620,1,93930,47,111550,48,0,375,0,385,381,"Anderson",76978,79.2434201979786,0.106194690265487,62.3554781885734,18.1870144716672,10.6194690265487
2022-11-16,26509,8,16191,1,10318,7,17622,2,93948,18,111570,20,1,376,0,385,381,"Anderson",76978,68.8508404998831,0.104395604395604,25.9814492452389,10.3925796980956,10.4395604395604
2022-11-17,26517,8,16195,4,10322,4,17626,4,93980,32,111606,36,1,377,0,385,381,"Anderson",76978,63.6545506508353,0.0855614973262032,46.76660864143,10.3925796980956,8.55614973262032
2022-11-18,26528,11,16199,4,10329,7,17630,4,94032,52,111662,56,0,377,0,385,382,"Anderson",76978,67.5517680376211,0.0761904761904762,72.7480578866689,14.2897970848814,7.61904761904762
2022-11-19,26530,2,16199,0,10331,2,17630,0,94039,7,111669,7,0,377,0,385,382,"Anderson",76978,66.2526955753592,0.0682926829268293,9.09350723583361,2.59814492452389,6.82926829268293
2022-11-20,26532,2,16199,0,10333,2,17630,0,94052,13,111682,13,0,377,0,385,382,"Anderson",76978,68.8508404998831,0.0660377358490566,16.8879420094053,2.59814492452389,6.60377358490566
2022-11-21,26537,5,16202,3,10335,2,17633,3,94071,19,111704,22,0,377,0,385,382,"Anderson",76978,64.9536231130973,0.0693069306930693,28.5795941697628,6.49536231130973,6.93069306930693
2022-11-22,26546,9,16204,2,10342,7,17635,2,94108,37,111743,39,0,377,0,385,382,"Anderson",76978,58.4582608017875,0.077720207253886,50.6638260282159,11.6916521603575,7.7720207253886
2022-11-23,26554,8,16208,4,10346,4,17640,5,94127,19,111767,24,1,378,0,385,382,"Anderson",76978,58.4582608017875,0.0913705583756345,31.1777390942867,10.3925796980956,9.13705583756345
2022-11-24,26559,5,16211,3,10348,2,17643,3,94139,12,111782,15,0,378,0,385,382,"Anderson",76978,54.5610434150017,0.0965909090909091,19.4860869339292,6.49536231130973,9.65909090909091
2022-11-25,26563,4,16213,2,10350,2,17645,2,94147,8,111792,10,0,378,0,385,382,"Anderson",76978,45.4675361791681,0.115384615384615,12.9907246226195,5.19628984904778,11.5384615384615
2022-11-26,26566,3,16213,0,10353,3,17645,0,94158,11,111803,11,0,378,0,385,382,"Anderson",76978,46.76660864143,0.111940298507463,14.2897970848814,3.89721738678583,11.1940298507463
2022-11-27,26568,2,16214,1,10354,1,17646,1,94170,12,111816,13,0,378,0,385,383,"Anderson",76978,46.76660864143,0.119402985074627,16.8879420094053,2.59814492452389,11.9402985074627
2022-11-28,26574,6,16216,2,10358,4,17649,3,94199,29,111848,32,0,378,0,385,383,"Anderson",76978,48.065681103692,0.111111111111111,41.5703187923822,7.79443477357167,11.1111111111111
2022-11-29,26589,15,16223,7,10366,8,17657,8,94237,38,111894,46,0,378,0,385,383,"Anderson",76978,55.8601158772636,0.145695364238411,59.7573332640495,19.4860869339292,14.5695364238411
2022-11-30,26604,15,16234,11,10370,4,17669,12,94284,47,111953,59,0,378,0,385,383,"Anderson",76978,64.9536231130973,0.155913978494624,76.6452752734548,19.4860869339292,15.5913978494624
2022-12-01,26613,9,16237,3,10376,6,17672,3,94314,30,111986,33,1,379,0,385,383,"Anderson",76978,70.149912962145,0.142156862745098,42.8693912546442,11.6916521603575,14.2156862745098
2022-12-02,26629,16,16248,11,10381,5,17683,11,94398,84,112081,95,0,379,0,385,383,"Anderson",76978,85.7387825092884,0.131487889273356,123.411883914885,20.7851593961911,13.1487889273356
2022-12-03,26637,8,16250,2,10387,6,17685,2,94415,17,112100,19,0,379,0,385,383,"Anderson",76978,92.2341448205981,0.134680134680135,24.682376782977,10.3925796980956,13.4680134680135
2022-12-04,26640,3,16252,2,10388,1,17687,2,94423,8,112110,10,0,379,0,385,383,"Anderson",76978,93.53321728286,0.139455782312925,12.9907246226195,3.89721738678583,13.9455782312925
2022-12-05,26654,14,16257,5,10397,9,17693,6,94442,19,112135,25,0,379,0,385,383,"Anderson",76978,103.925796980956,0.153310104529617,32.4768115565486,18.1870144716672,15.3310104529617
2022-12-06,26667,13,16263,6,10404,7,17699,6,94483,41,112182,47,0,379,0,385,383,"Anderson",76978,101.327652056432,0.145833333333333,61.0564057263114,16.8879420094053,14.5833333333333
2022-12-07,26688,21,16272,9,10416,12,17706,7,94534,51,112240,58,1,380,0,385,383,"Anderson",76978,109.122086830003,0.128919860627178,75.3462028111928,27.2805217075008,12.8919860627178
2022-12-08,26704,16,16279,7,10425,9,17712,6,94562,28,112274,34,1,381,0,385,383,"Anderson",76978,118.215594065837,0.138888888888889,44.1684637169061,20.7851593961911,13.8888888888889
2022-12-09,26724,20,16285,6,10439,14,17717,5,94577,15,112294,20,0,381,0,385,383,"Anderson",76978,123.411883914885,0.15962441314554,25.9814492452389,25.9814492452389,15.962441314554
2022-12-10,26726,2,16286,1,10440,1,17718,1,94584,7,112302,8,0,381,0,385,383,"Anderson",76978,115.617449141313,0.163366336633663,10.3925796980956,2.59814492452389,16.3366336633663
2022-12-11,26730,4,16288,2,10442,2,17720,2,94590,6,112310,8,0,381,0,385,383,"Anderson",76978,116.916521603575,0.165,10.3925796980956,5.19628984904778,16.5
2022-12-12,26763,33,16301,13,10462,20,17733,13,94644,54,112377,67,0,381,0,385,383,"Anderson",76978,141.598898386552,0.165289256198347,87.0378549715503,42.8693912546442,16.5289256198347
2022-12-13,26780,17,16310,9,10470,8,17742,9,94683,39,112425,48,0,381,0,385,383,"Anderson",76978,146.7951882356,0.176954732510288,62.3554781885734,22.0842318584531,17.6954732510288
2022-12-14,26790,10,16315,5,10475,5,17747,5,94693,10,112440,15,0,381,0,385,383,"Anderson",76978,132.505391150718,0.205,19.4860869339292,12.9907246226195,20.5
2022-12-15,26810,20,16319,4,10491,16,17751,4,94705,12,112456,16,1,382,0,385,383,"Anderson",76978,137.701680999766,0.214285714285714,20.7851593961911,25.9814492452389,21.4285714285714
2022-12-16,26841,31,16341,22,10500,9,17773,22,94749,44,112522,66,0,382,0,385,384,"Anderson",76978,151.991478084648,0.245614035087719,85.7387825092884,40.2712463301203,24.5614035087719
2022-12-17,26850,9,16344,3,10506,6,17776,3,94759,10,112535,13,0,382,0,385,384,"Anderson",76978,161.084985320481,0.248927038626609,16.8879420094053,11.6916521603575,24.8927038626609
2022-12-18,26853,3,16346,2,10507,1,17779,3,94765,6,112544,9,0,382,0,385,384,"Anderson",76978,159.785912858219,0.252136752136752,11.6916521603575,3.89721738678583,25.2136752136752
2022-12-19,26872,19,16356,10,10516,9,17789,10,94800,35,112589,45,0,382,0,385,384,"Anderson",76978,141.598898386552,0.264150943396226,58.4582608017875,24.682376782977,26.4150943396226
2022-12-20,26889,17,16360,4,10529,13,17793,4,94817,17,112610,21,0,382,0,385,384,"Anderson",76978,141.598898386552,0.275675675675676,27.2805217075008,22.0842318584531,27.5675675675676
2022-12-21,26912,23,16369,9,10543,14,17802,9,94862,45,112664,54,0,382,0,385,384,"Anderson",76978,158.486840395957,0.245535714285714,70.149912962145,29.8786666320247,24.5535714285714
2022-12-22,26924,12,16377,8,10547,4,17810,8,94885,23,112695,31,0,382,0,385,384,"Anderson",76978,148.094260697862,0.246861924686192,40.2712463301203,15.5888695471433,24.6861924686192
2022-12-23,26952,28,16379,2,10573,26,17812,2,94892,7,112704,9,0,382,0,385,384,"Anderson",76978,144.197043311076,0.214285714285714,11.6916521603575,36.3740289433345,21.4285714285714
2022-12-24,26954,2,16380,1,10574,1,17812,0,94898,6,112710,6,0,382,0,385,384,"Anderson",76978,135.103536075242,0.205714285714286,7.79443477357167,2.59814492452389,20.5714285714286
2022-12-25,26959,5,16380,0,10579,5,17812,0,94907,9,112719,9,0,382,0,385,384,"Anderson",76978,137.701680999766,0.188571428571429,11.6916521603575,6.49536231130973,18.8571428571429
2022-12-26,26974,15,16380,0,10594,15,17813,1,94914,7,112727,8,0,382,0,385,384,"Anderson",76978,132.505391150718,0.173913043478261,10.3925796980956,19.4860869339292,17.3913043478261
2022-12-27,27001,27,16387,7,10614,20,17819,6,94920,6,112739,12,0,382,0,385,384,"Anderson",76978,145.496115773338,0.201550387596899,15.5888695471433,35.0749564810725,20.1550387596899
2022-12-28,27010,9,16390,3,10620,6,17823,4,94930,10,112753,14,0,382,0,385,384,"Anderson",76978,127.309101301671,0.235955056179775,18.1870144716672,11.6916521603575,23.5955056179775
2022-12-29,27040,30,16396,6,10644,24,17829,6,94938,8,112767,14,1,383,0,385,384,"Anderson",76978,150.692405622386,0.263888888888889,18.1870144716672,38.9721738678584,26.3888888888889
2022-12-30,27055,15,16398,2,10657,13,17830,1,94944,6,112774,7,0,383,0,385,384,"Anderson",76978,133.80446361298,0.257142857142857,9.09350723583361,19.4860869339292,25.7142857142857
2022-12-31,27059,4,16399,1,10660,3,17832,2,94954,10,112786,12,0,383,0,385,384,"Anderson",76978,136.402608537504,0.263157894736842,15.5888695471433,5.19628984904778,26.3157894736842
2023-01-01,27071,12,16400,1,10671,11,17834,2,94967,13,112801,15,0,383,0,385,384,"Anderson",76978,145.496115773338,0.268292682926829,19.4860869339292,15.5888695471433,26.8292682926829
2023-01-02,27087,16,16403,3,10684,13,17837,3,94978,11,112815,14,0,383,0,385,384,"Anderson",76978,146.7951882356,0.272727272727273,18.1870144716672,20.7851593961911,27.2727272727273
2023-01-03,27121,34,16406,3,10715,31,17839,2,94982,4,112821,6,0,383,0,385,384,"Anderson",76978,155.888695471433,0.24390243902439,7.79443477357167,44.1684637169061,24.390243902439
2023-01-04,27141,20,16414,8,10727,12,17847,8,94997,15,112844,23,0,383,0,385,384,"Anderson",76978,170.178492556315,0.263736263736264,29.8786666320247,25.9814492452389,26.3736263736264
2023-01-05,27178,37,16442,28,10736,9,17876,29,95110,113,112986,142,0,383,0,385,384,"Anderson",76978,179.271999792148,0.214611872146119,184.468289641196,48.065681103692,21.4611872146119
2023-01-06,27196,18,16448,6,10748,12,17883,7,95139,29,113022,36,0,383,0,385,385,"Anderson",76978,183.169217178934,0.213709677419355,46.76660864143,23.383304320715,21.3709677419355
2023-01-07,27202,6,16453,5,10749,1,17888,5,95147,8,113035,13,0,383,0,385,385,"Anderson",76978,185.767362103458,0.224899598393574,16.8879420094053,7.79443477357167,22.4899598393574
2023-01-08,27210,8,16453,0,10757,8,17888,0,95156,9,113044,9,0,383,0,385,385,"Anderson",76978,180.57107225441,0.222222222222222,11.6916521603575,10.3925796980956,22.2222222222222
2023-01-09,27224,14,16455,2,10769,12,17890,2,95172,16,113062,18,0,383,0,385,385,"Anderson",76978,177.972927329886,0.214574898785425,23.383304320715,18.1870144716672,21.4574898785425
2023-01-10,27243,19,16463,8,10780,11,17898,8,95202,30,113100,38,0,383,0,385,385,"Anderson",76978,158.486840395957,0.211469534050179,49.3647535659539,24.682376782977,21.1469534050179
2023-01-11,27265,22,16469,6,10796,16,17905,7,95239,37,113144,44,0,383,0,385,385,"Anderson",76978,161.084985320481,0.193333333333333,57.1591883395256,28.5795941697628,19.3333333333333
2023-01-12,27283,18,16476,7,10807,11,17912,7,95262,23,113174,30,0,383,0,385,385,"Anderson",76978,136.402608537504,0.191489361702128,38.9721738678584,23.383304320715,19.1489361702128
2023-01-13,27311,28,16486,10,10825,18,17922,10,95290,28,113212,38,0,383,0,385,385,"Anderson",76978,149.393333160124,0.205263157894737,49.3647535659539,36.3740289433345,20.5263157894737
2023-01-14,27317,6,16487,1,10830,5,17923,1,95298,8,113221,9,0,383,0,385,385,"Anderson",76978,149.393333160124,0.188172043010753,11.6916521603575,7.79443477357167,18.8172043010753
2023-01-15,27319,2,16488,1,10831,1,17924,1,95302,4,113226,5,0,383,0,385,385,"Anderson",76978,141.598898386552,0.197802197802198,6.49536231130973,2.59814492452389,19.7802197802198
2023-01-16,27335,16,16496,8,10839,8,17931,7,95313,11,113244,18,0,383,0,385,386,"Anderson",76978,144.197043311076,0.225274725274725,23.383304320715,20.7851593961911,22.5274725274725
2023-01-17,27339,4,16496,0,10843,4,17931,0,95340,27,113271,27,1,384,0,385,386,"Anderson",76978,124.710956377147,0.192982456140351,35.0749564810725,5.19628984904778,19.2982456140351
2023-01-18,27352,13,16502,6,10850,7,17938,7,95357,17,113295,24,0,384,0,385,386,"Anderson",76978,113.019304216789,0.218543046357616,31.1777390942867,16.8879420094053,21.8543046357616
2023-01-19,27366,14,16507,5,10859,9,17945,7,95371,14,113316,21,0,384,0,385,386,"Anderson",76978,107.823014367741,0.232394366197183,27.2805217075008,18.1870144716672,23.2394366197183
2023-01-20,27385,19,16518,11,10867,8,17956,11,95419,48,113375,59,0,384,0,385,386,"Anderson",76978,96.1313622073839,0.208588957055215,76.6452752734548,24.682376782977,20.8588957055215
2023-01-21,27386,1,16518,0,10868,1,17956,0,95427,8,113383,8,0,384,0,385,386,"Anderson",76978,89.6359998960742,0.203703703703704,10.3925796980956,1.29907246226194,20.3703703703704
2023-01-22,27389,3,16518,0,10871,3,17956,0,95433,6,113389,6,0,384,0,385,386,"Anderson",76978,90.9350723583361,0.196319018404908,7.79443477357167,3.89721738678583,19.6319018404908
2023-01-23,27422,33,16528,10,10894,23,17967,11,95458,25,113425,36,0,384,0,385,386,"Anderson",76978,113.019304216789,0.198895027624309,46.76660864143,42.8693912546442,19.8895027624309
2023-01-24,27446,24,16531,3,10915,21,17971,4,95470,12,113441,16,0,384,0,385,386,"Anderson",76978,139.000753462028,0.235294117647059,20.7851593961911,31.1777390942867,23.5294117647059
2023-01-25,27466,20,16541,10,10925,10,17980,9,95508,38,113488,47,0,384,0,385,386,"Anderson",76978,148.094260697862,0.217616580310881,61.0564057263114,25.9814492452389,21.7616580310881
2023-01-26,27479,13,16546,5,10933,8,17985,5,95530,22,113515,27,0,384,0,385,386,"Anderson",76978,146.7951882356,0.201005025125628,35.0749564810725,16.8879420094053,20.1005025125628
2023-01-27,27488,9,16550,4,10938,5,17989,4,95548,18,113537,22,0,384,0,385,386,"Anderson",76978,133.80446361298,0.203703703703704,28.5795941697628,11.6916521603575,20.3703703703704
2023-01-28,27491,3,16551,1,10940,2,17991,2,95553,5,113544,7,0,384,0,385,386,"Anderson",76978,136.402608537504,0.217391304347826,9.09350723583361,3.89721738678583,21.7391304347826
2023-01-29,27497,6,16552,1,10945,5,17992,1,95556,3,113548,4,0,384,0,385,386,"Anderson",76978,140.29982592429,0.226415094339623,5.19628984904778,7.79443477357167,22.6415094339623
2023-01-30,27530,33,16568,16,10962,17,18008,16,95589,33,113597,49,0,384,0,385,386,"Anderson",76978,140.29982592429,0.238372093023256,63.6545506508353,42.8693912546442,23.8372093023256
2023-01-31,27552,22,16578,10,10974,12,18017,9,95631,42,113648,51,0,384,0,385,386,"Anderson",76978,137.701680999766,0.222222222222222,66.2526955753592,28.5795941697628,22.2222222222222
2023-02-01,27571,19,16584,6,10987,13,18023,6,95658,27,113681,33,0,384,0,385,386,"Anderson",76978,136.402608537504,0.22279792746114,42.8693912546442,24.682376782977,22.279792746114
2023-02-02,27623,52,16625,41,10998,11,18069,46,95761,103,113830,149,0,384,0,385,386,"Anderson",76978,187.06643456572,0.266666666666667,193.56179687703,67.5517680376211,26.6666666666667
2023-02-03,27638,15,16630,5,11008,10,18074,5,95789,28,113863,33,0,384,0,385,386,"Anderson",76978,194.860869339292,0.260736196319018,42.8693912546442,19.4860869339292,26.0736196319018
2023-02-04,27644,6,16630,0,11014,6,18074,0,95796,7,113870,7,0,384,0,385,386,"Anderson",76978,198.758086726078,0.254601226993865,9.09350723583361,7.79443477357167,25.4601226993865
2023-02-05,27659,15,16631,1,11028,14,18075,1,95806,10,113881,11,0,384,0,385,386,"Anderson",76978,210.449738886435,0.249249249249249,14.2897970848814,19.4860869339292,24.9249249249249
2023-02-06,27685,26,16639,8,11046,18,18083,8,95832,26,113915,34,0,384,0,385,387,"Anderson",76978,201.356231650601,0.235849056603774,44.1684637169061,33.7758840188106,23.5849056603774
2023-02-07,27705,20,16649,10,11056,10,18093,10,95841,9,113934,19,0,384,0,385,387,"Anderson",76978,198.758086726078,0.265734265734266,24.682376782977,25.9814492452389,26.5734265734266
2023-02-08,27735,30,16657,8,11078,22,18102,9,95876,35,113978,44,0,384,0,385,387,"Anderson",76978,213.047883810959,0.265993265993266,57.1591883395256,38.9721738678584,26.5993265993266
2023-02-09,27767,32,16673,16,11094,16,18118,16,95920,44,114038,60,0,384,0,385,387,"Anderson",76978,187.06643456572,0.235576923076923,77.9443477357167,41.5703187923822,23.5576923076923
2023-02-10,27783,16,16682,9,11101,7,18127,9,95953,33,114080,42,0,384,0,385,388,"Anderson",76978,188.365507027982,0.244239631336406,54.5610434150017,20.7851593961911,24.4239631336406
2023-02-11,27786,3,16683,1,11103,2,18129,2,95964,11,114093,13,0,384,0,385,388,"Anderson",76978,184.468289641196,0.246636771300448,16.8879420094053,3.89721738678583,24.6636771300448
2023-02-12,27793,7,16684,1,11109,6,18130,1,95976,12,114106,13,0,384,1,386,388,"Anderson",76978,174.075709943101,0.244444444444444,16.8879420094053,9.09350723583361,24.4444444444444
2023-02-13,27814,21,16693,9,11121,12,18139,9,96002,26,114141,35,0,384,0,386,388,"Anderson",76978,167.580347631791,0.247787610619469,45.4675361791681,27.2805217075008,24.7787610619469
2023-02-14,27827,13,16694,1,11133,12,18141,2,96013,11,114154,13,0,384,0,386,388,"Anderson",76978,158.486840395957,0.218181818181818,16.8879420094053,16.8879420094053,21.8181818181818
2023-02-15,27849,22,16697,3,11152,19,18144,3,96030,17,114174,20,0,384,0,386,388,"Anderson",76978,148.094260697862,0.214285714285714,25.9814492452389,28.5795941697628,21.4285714285714
2023-02-16,27864,15,16701,4,11163,11,18148,4,96049,19,114197,23,1,385,0,386,388,"Anderson",76978,126.010028839409,0.188679245283019,29.8786666320247,19.4860869339292,18.8679245283019
2023-02-17,27876,12,16705,4,11171,8,18151,3,96073,24,114224,27,0,385,0,386,388,"Anderson",76978,120.813738990361,0.166666666666667,35.0749564810725,15.5888695471433,16.6666666666667
2023-02-18,27885,9,16711,6,11174,3,18157,6,96081,8,114238,14,0,385,0,386,388,"Anderson",76978,128.608173763933,0.193103448275862,18.1870144716672,11.6916521603575,19.3103448275862
2023-02-19,27896,11,16712,1,11184,10,18158,1,96087,6,114245,7,0,385,0,386,388,"Anderson",76978,133.80446361298,0.201438848920863,9.09350723583361,14.2897970848814,20.1438848920863
2023-02-20,27911,15,16722,10,11189,5,18169,11,96145,58,114314,69,0,385,0,386,389,"Anderson",76978,126.010028839409,0.173410404624277,89.6359998960742,19.4860869339292,17.3410404624277
2023-02-21,27921,10,16729,7,11192,3,18176,7,96176,31,114352,38,0,385,0,386,389,"Anderson",76978,122.112811452623,0.176767676767677,49.3647535659539,12.9907246226195,17.6767676767677
2023-02-22,27941,20,16734,5,11207,15,18181,5,96219,43,114400,48,0,385,0,386,389,"Anderson",76978,119.514666528099,0.163716814159292,62.3554781885734,25.9814492452389,16.3716814159292
2023-02-23,27953,12,16737,3,11216,9,18184,3,96244,25,114428,28,0,385,0,386,389,"Anderson",76978,115.617449141313,0.155844155844156,36.3740289433345,15.5888695471433,15.5844155844156
2023-02-24,27963,10,16742,5,11221,5,18189,5,96270,26,114459,31,1,386,0,386,389,"Anderson",76978,113.019304216789,0.161702127659574,40.2712463301203,12.9907246226195,16.1702127659574
2023-02-25,27976,13,16751,9,11225,4,18198,9,96286,16,114484,25,0,386,0,386,389,"Anderson",76978,118.215594065837,0.166666666666667,32.4768115565486,16.8879420094053,16.6666666666667
2023-02-26,27978,2,16751,0,11227,2,18198,0,96290,4,114488,4,0,386,0,386,389,"Anderson",76978,106.523941905479,0.164609053497942,5.19628984904778,2.59814492452389,16.4609053497942
2023-02-27,27987,9,16753,2,11234,7,18200,2,96301,11,114501,13,0,386,0,386,389,"Anderson",76978,98.7295071319078,0.165775401069519,16.8879420094053,11.6916521603575,16.5775401069519
2023-02-28,28003,16,16757,4,11246,12,18204,4,96319,18,114523,22,0,386,0,386,389,"Anderson",76978,106.523941905479,0.16374269005848,28.5795941697628,20.7851593961911,16.374269005848
2023-03-01,28008,5,16760,3,11248,2,18207,3,96334,15,114541,18,0,386,0,386,389,"Anderson",76978,87.0378549715503,0.184397163120567,23.383304320715,6.49536231130973,18.4397163120567
2023-03-02,28023,15,16769,9,11254,6,18216,9,96359,25,114575,34,0,386,0,386,389,"Anderson",76978,90.9350723583361,0.217687074829932,44.1684637169061,19.4860869339292,21.7687074829932
2023-03-03,28030,7,16773,4,11257,3,18220,4,96380,21,114600,25,1,387,0,386,389,"Anderson",76978,87.0378549715503,0.219858156028369,32.4768115565486,9.09350723583361,21.9858156028369
2023-03-04,28031,1,16773,0,11258,1,18220,0,96384,4,114604,4,0,387,0,386,389,"Anderson",76978,71.448985424407,0.183333333333333,5.19628984904778,1.29907246226194,18.3333333333333
2023-03-05,28031,0,16773,0,11258,0,18220,0,96384,0,114604,0,0,387,0,386,389,"Anderson",76978,68.8508404998831,0.189655172413793,0,0,18.9655172413793
2023-03-06,28040,9,16775,2,11265,7,18222,2,96392,8,114614,10,0,387,0,386,389,"Anderson",76978,68.8508404998831,0.194690265486726,12.9907246226195,11.6916521603575,19.4690265486726
2023-03-07,28045,5,16777,2,11268,3,18224,2,96405,13,114629,15,0,387,0,386,389,"Anderson",76978,54.5610434150017,0.188679245283019,19.4860869339292,6.49536231130973,18.8679245283019
2023-03-08,28052,7,16781,4,11271,3,18228,4,96422,17,114650,21,0,387,0,386,389,"Anderson",76978,57.1591883395256,0.192660550458716,27.2805217075008,9.09350723583361,19.2660550458716
2023-03-09,28060,8,16785,4,11275,4,18232,4,96466,44,114698,48,0,387,0,386,389,"Anderson",76978,48.065681103692,0.130081300813008,62.3554781885734,10.3925796980956,13.0081300813008
2023-03-10,28063,3,16786,1,11277,2,18233,1,96477,11,114710,12,0,387,0,386,389,"Anderson",76978,42.8693912546442,0.118181818181818,15.5888695471433,3.89721738678583,11.8181818181818
2023-03-11,28063,0,16786,0,11277,0,18233,0,96484,7,114717,7,0,387,0,386,389,"Anderson",76978,41.5703187923822,0.115044247787611,9.09350723583361,0,11.5044247787611
2023-03-12,28065,2,16786,0,11279,2,18233,0,96487,3,114720,3,0,387,0,386,389,"Anderson",76978,44.1684637169061,0.112068965517241,3.89721738678583,2.59814492452389,11.2068965517241
2023-03-13,28065,0,16786,0,11279,0,18233,0,96497,10,114730,10,0,387,0,386,389,"Anderson",76978,32.4768115565486,0.0948275862068965,12.9907246226195,0,9.48275862068965
2023-03-14,28066,1,16786,0,11280,1,18234,1,96503,6,114737,7,0,387,0,386,389,"Anderson",76978,27.2805217075008,0.0925925925925926,9.09350723583361,1.29907246226194,9.25925925925926
2023-03-15,28073,7,16789,3,11284,4,18237,3,96513,10,114750,13,0,387,0,386,389,"Anderson",76978,27.2805217075008,0.09,16.8879420094053,9.09350723583361,9
2023-03-16,28076,3,16791,2,11285,1,18239,2,96548,35,114787,37,0,387,0,386,389,"Anderson",76978,20.7851593961911,0.0786516853932584,48.065681103692,3.89721738678583,7.86516853932584
2023-03-17,28080,4,16793,2,11287,2,18241,2,96562,14,114803,16,0,387,0,386,389,"Anderson",76978,22.0842318584531,0.0860215053763441,20.7851593961911,5.19628984904778,8.60215053763441
2023-03-18,28080,0,16793,0,11287,0,18241,0,96567,5,114808,5,0,387,0,386,389,"Anderson",76978,22.0842318584531,0.0879120879120879,6.49536231130973,0,8.79120879120879
2023-03-19,28081,1,16794,1,11287,0,18242,1,96573,6,114815,7,0,387,0,386,389,"Anderson",76978,20.7851593961911,0.0947368421052632,9.09350723583361,1.29907246226194,9.47368421052632
2023-03-20,28083,2,16794,0,11289,2,18242,0,96578,5,114820,5,0,387,0,386,390,"Anderson",76978,23.383304320715,0.1,6.49536231130973,2.59814492452389,10
2023-03-21,28087,4,16796,2,11291,2,18246,4,96586,8,114832,12,0,387,0,386,390,"Anderson",76978,27.2805217075008,0.126315789473684,15.5888695471433,5.19628984904778,12.6315789473684
2023-03-22,28092,5,16796,0,11296,5,18246,0,96591,5,114837,5,0,387,0,386,390,"Anderson",76978,24.682376782977,0.103448275862069,6.49536231130973,6.49536231130973,10.3448275862069
2023-03-23,28103,11,16802,6,11301,5,18252,6,96631,40,114883,46,0,387,0,386,390,"Anderson",76978,35.0749564810725,0.135416666666667,59.7573332640495,14.2897970848814,13.5416666666667
2023-03-24,28108,5,16804,2,11304,3,18254,2,96639,8,114893,10,0,387,0,386,390,"Anderson",76978,36.3740289433345,0.144444444444444,12.9907246226195,6.49536231130973,14.4444444444444
2023-03-25,28109,1,16804,0,11305,1,18254,0,96642,3,114896,3,0,387,0,386,390,"Anderson",76978,37.6731014055964,0.147727272727273,3.89721738678583,1.29907246226194,14.7727272727273
2023-03-26,28110,1,16804,0,11306,1,18254,0,96649,7,114903,7,0,387,0,386,390,"Anderson",76978,37.6731014055964,0.136363636363636,9.09350723583361,1.29907246226194,13.6363636363636
2023-03-27,28117,7,16806,2,11311,5,18256,2,96656,7,114912,9,0,387,0,386,390,"Anderson",76978,44.1684637169061,0.152173913043478,11.6916521603575,9.09350723583361,15.2173913043478
2023-03-28,28124,7,16808,2,11316,5,18258,2,96661,5,114919,7,0,387,0,386,390,"Anderson",76978,48.065681103692,0.137931034482759,9.09350723583361,9.09350723583361,13.7931034482759
2023-03-29,28128,4,16811,3,11317,1,18261,3,96676,15,114937,18,1,388,0,386,390,"Anderson",76978,46.76660864143,0.15,23.383304320715,5.19628984904778,15
2023-03-30,28134,6,16815,4,11319,2,18265,4,96691,15,114956,19,0,388,0,386,390,"Anderson",76978,40.2712463301203,0.178082191780822,24.682376782977,7.79443477357167,17.8082191780822
2023-03-31,28142,8,16818,3,11324,5,18268,3,96702,11,114970,14,0,388,0,386,390,"Anderson",76978,44.1684637169061,0.181818181818182,18.1870144716672,10.3925796980956,18.1818181818182
2023-04-01,28143,1,16818,0,11325,1,18268,0,96704,2,114972,2,0,388,0,386,390,"Anderson",76978,44.1684637169061,0.184210526315789,2.59814492452389,1.29907246226194,18.4210526315789
2023-04-02,28149,6,16819,1,11330,5,18269,1,96712,8,114981,9,0,388,0,386,390,"Anderson",76978,50.6638260282159,0.192307692307692,11.6916521603575,7.79443477357167,19.2307692307692
2023-04-03,28151,2,16820,1,11331,1,18270,1,96717,5,114987,6,0,388,0,386,390,"Anderson",76978,44.1684637169061,0.186666666666667,7.79443477357167,2.59814492452389,18.6666666666667
2023-04-04,28156,5,16821,1,11335,4,18271,1,96729,12,115000,13,0,388,0,386,391,"Anderson",76978,41.5703187923822,0.160493827160494,16.8879420094053,6.49536231130973,16.0493827160494
2023-04-05,28164,8,16826,5,11338,3,18276,5,96763,34,115039,39,0,388,0,386,391,"Anderson",76978,46.76660864143,0.147058823529412,50.6638260282159,10.3925796980956,14.7058823529412
2023-04-06,28166,2,16827,1,11339,1,18277,1,96774,11,115051,12,0,388,0,386,391,"Anderson",76978,41.5703187923822,0.126315789473684,15.5888695471433,2.59814492452389,12.6315789473684
2023-04-07,28171,5,16827,0,11344,5,18277,0,96804,30,115081,30,0,388,0,386,391,"Anderson",76978,37.6731014055964,0.0810810810810811,38.9721738678584,6.49536231130973,8.10810810810811
2023-04-08,28173,2,16827,0,11346,2,18277,0,96808,4,115085,4,0,388,0,386,391,"Anderson",76978,38.9721738678584,0.079646017699115,5.19628984904778,2.59814492452389,7.9646017699115
2023-04-09,28173,0,16827,0,11346,0,18277,0,96812,4,115089,4,0,388,0,386,391,"Anderson",76978,31.1777390942867,0.0740740740740741,5.19628984904778,0,7.40740740740741
2023-04-10,28174,1,16827,0,11347,1,18277,0,96819,7,115096,7,0,388,0,386,391,"Anderson",76978,29.8786666320247,0.0642201834862385,9.09350723583361,1.29907246226194,6.42201834862385
2023-04-11,28176,2,16827,0,11349,2,18277,0,96821,2,115098,2,0,388,0,386,391,"Anderson",76978,25.9814492452389,0.0612244897959184,2.59814492452389,2.59814492452389,6.12244897959184
2023-04-12,28180,4,16829,2,11351,2,18279,2,96844,23,115123,25,1,389,0,386,391,"Anderson",76978,20.7851593961911,0.0357142857142857,32.4768115565486,5.19628984904778,3.57142857142857
2023-04-13,28181,1,16829,0,11352,1,18279,0,96858,14,115137,14,0,389,0,386,391,"Anderson",76978,19.4860869339292,0.0232558139534884,18.1870144716672,1.29907246226194,2.32558139534884
2023-04-14,28186,5,16833,4,11353,1,18283,4,96887,29,115170,33,0,389,0,386,391,"Anderson",76978,19.4860869339292,0.0674157303370786,42.8693912546442,6.49536231130973,6.74157303370786
2023-04-15,28186,0,16833,0,11353,0,18283,0,96893,6,115176,6,0,389,0,386,391,"Anderson",76978,16.8879420094053,0.0659340659340659,7.79443477357167,0,6.59340659340659
2023-04-16,28188,2,16834,1,11354,1,18283,0,96900,7,115183,7,0,389,0,386,391,"Anderson",76978,19.4860869339292,0.0638297872340425,9.09350723583361,2.59814492452389,6.38297872340426
2023-04-17,28189,1,16835,1,11354,0,18284,1,96912,12,115196,13,0,389,0,386,393,"Anderson",76978,19.4860869339292,0.07,16.8879420094053,1.29907246226194,7
2023-04-18,28191,2,16835,0,11356,2,18284,0,96918,6,115202,6,0,389,0,386,393,"Anderson",76978,19.4860869339292,0.0673076923076923,7.79443477357167,2.59814492452389,6.73076923076923
2023-04-19,28191,0,16835,0,11356,0,18284,0,96927,9,115211,9,0,389,0,386,393,"Anderson",76978,14.2897970848814,0.0568181818181818,11.6916521603575,0,5.68181818181818
2023-04-20,28200,9,16840,5,11360,4,18290,6,96965,38,115255,44,0,389,0,386,393,"Anderson",76978,24.682376782977,0.0932203389830508,57.1591883395256,11.6916521603575,9.32203389830508
2023-04-21,28201,1,16840,0,11361,1,18291,1,96967,2,115258,3,0,389,0,386,393,"Anderson",76978,19.4860869339292,0.0909090909090909,3.89721738678583,1.29907246226194,9.09090909090909
2023-04-22,28202,1,16841,1,11361,0,18292,1,96969,2,115261,3,0,389,0,386,393,"Anderson",76978,20.7851593961911,0.105882352941176,3.89721738678583,1.29907246226194,10.5882352941176
2023-04-23,28203,1,16841,0,11362,1,18292,0,96978,9,115270,9,0,389,0,386,393,"Anderson",76978,19.4860869339292,0.103448275862069,11.6916521603575,1.29907246226194,10.3448275862069
2023-04-24,28205,2,16842,1,11363,1,18293,1,96993,15,115286,16,0,389,0,386,393,"Anderson",76978,20.7851593961911,0.1,20.7851593961911,2.59814492452389,10
2023-04-25,28207,2,16842,0,11365,2,18293,0,96995,2,115288,2,2,391,0,386,393,"Anderson",76978,20.7851593961911,0.104651162790698,2.59814492452389,2.59814492452389,10.4651162790698
2023-04-26,28209,2,16842,0,11367,2,18293,0,97002,7,115295,7,0,391,0,386,393,"Anderson",76978,23.383304320715,0.107142857142857,9.09350723583361,2.59814492452389,10.7142857142857
2023-04-27,28212,3,16842,0,11370,3,18293,0,97013,11,115306,11,0,391,0,386,393,"Anderson",76978,15.5888695471433,0.0588235294117647,14.2897970848814,3.89721738678583,5.88235294117647
2023-04-28,28213,1,16842,0,11371,1,18293,0,97022,9,115315,9,0,391,0,386,393,"Anderson",76978,15.5888695471433,0.0350877192982456,11.6916521603575,1.29907246226194,3.50877192982456
2023-04-29,28216,3,16842,0,11374,3,18293,0,97030,8,115323,8,0,391,0,386,393,"Anderson",76978,18.1870144716672,0.0161290322580645,10.3925796980956,3.89721738678583,1.61290322580645
2023-04-30,28219,3,16845,3,11374,0,18296,3,97061,31,115357,34,0,391,0,386,393,"Anderson",76978,20.7851593961911,0.0459770114942529,44.1684637169061,3.89721738678583,4.59770114942529
2023-05-01,28229,10,16851,6,11378,4,18302,6,97110,49,115412,55,0,391,0,386,393,"Anderson",76978,31.1777390942867,0.0714285714285714,71.448985424407,12.9907246226195,7.14285714285714
2023-05-02,28232,3,16852,1,11380,2,18303,1,97111,1,115414,2,0,391,0,386,393,"Anderson",76978,32.4768115565486,0.0793650793650794,2.59814492452389,3.89721738678583,7.93650793650794
2023-05-03,28235,3,16853,1,11382,2,18303,0,97115,4,115418,4,0,391,0,386,393,"Anderson",76978,33.7758840188106,0.0813008130081301,5.19628984904778,3.89721738678583,8.13008130081301
2023-05-04,28237,2,16853,0,11384,2,18303,0,97122,7,115425,7,0,391,0,386,393,"Anderson",76978,32.4768115565486,0.0840336134453782,9.09350723583361,2.59814492452389,8.40336134453782
2023-05-05,28240,3,16854,1,11386,2,18304,1,97135,13,115439,14,0,391,0,386,393,"Anderson",76978,35.0749564810725,0.0887096774193548,18.1870144716672,3.89721738678583,8.87096774193548
2023-05-06,28244,4,16857,3,11387,1,18307,3,97191,56,115498,59,0,391,0,386,393,"Anderson",76978,36.3740289433345,0.08,76.6452752734548,5.19628984904778,8
2023-05-07,28244,0,16857,0,11387,0,18307,0,97201,10,115508,10,0,391,0,386,393,"Anderson",76978,32.4768115565486,0.0728476821192053,12.9907246226195,0,7.28476821192053
2023-05-08,28244,0,16857,0,11387,0,18308,1,97207,6,115515,7,0,391,0,386,393,"Anderson",76978,19.4860869339292,0.058252427184466,9.09350723583361,0,5.8252427184466
2023-05-09,28244,0,16857,0,11387,0,18308,0,97216,9,115524,9,0,391,0,386,393,"Anderson",76978,15.5888695471433,0.0454545454545455,11.6916521603575,0,4.54545454545455
2023-05-10,28247,3,16859,2,11388,1,18310,2,97245,29,115555,31,0,391,0,386,393,"Anderson",76978,15.5888695471433,0.0510948905109489,40.2712463301203,3.89721738678583,5.10948905109489
2023-05-11,28250,3,16861,2,11389,1,18312,2,97260,15,115572,17,0,391,0,386,393,"Anderson",76978,16.8879420094053,0.0612244897959184,22.0842318584531,3.89721738678583,6.12244897959184
2023-05-12,28257,7,16865,4,11392,3,18316,4,97271,11,115587,15,0,391,0,386,393,"Anderson",76978,22.0842318584531,0.0810810810810811,19.4860869339292,9.09350723583361,8.10810810810811
2023-05-13,28258,1,16865,0,11393,1,18316,0,97273,2,115589,2,0,391,0,386,393,"Anderson",76978,18.1870144716672,0.0989010989010989,2.59814492452389,1.29907246226194,9.89010989010989
2023-05-14,28261,3,16866,1,11395,2,18317,1,97279,6,115596,7,0,391,0,386,393,"Anderson",76978,22.0842318584531,0.113636363636364,9.09350723583361,3.89721738678583,11.3636363636364
2023-05-15,28263,2,16867,1,11396,1,18318,1,97281,2,115599,3,0,391,0,386,393,"Anderson",76978,24.682376782977,0.119047619047619,3.89721738678583,2.59814492452389,11.9047619047619
2023-05-16,28263,0,16867,0,11396,0,18318,0,97291,10,115609,10,0,391,0,386,393,"Anderson",76978,24.682376782977,0.117647058823529,12.9907246226195,0,11.7647058823529
2023-05-17,28269,6,16870,3,11399,3,18321,3,97323,32,115644,35,0,391,0,386,393,"Anderson",76978,28.5795941697628,0.123595505617978,45.4675361791681,7.79443477357167,12.3595505617978
2023-05-18,28280,11,16871,1,11409,10,18322,1,97329,6,115651,7,0,391,1,387,393,"Anderson",76978,38.9721738678584,0.126582278481013,9.09350723583361,14.2897970848814,12.6582278481013
2023-05-19,28306,26,16871,0,11435,26,18322,0,97343,14,115665,14,0,391,0,387,393,"Anderson",76978,63.6545506508353,0.0769230769230769,18.1870144716672,33.7758840188106,7.69230769230769
2023-05-20,28306,0,16871,0,11435,0,18322,0,97348,5,115670,5,0,391,0,387,393,"Anderson",76978,62.3554781885734,0.0740740740740741,6.49536231130973,0,7.40740740740741
2023-05-21,28306,0,16871,0,11435,0,18322,0,97354,6,115676,6,0,391,0,387,393,"Anderson",76978,58.4582608017875,0.0625,7.79443477357167,0,6.25
2023-05-22,28308,2,16871,0,11437,2,18322,0,97359,5,115681,5,0,391,0,387,393,"Anderson",76978,58.4582608017875,0.048780487804878,6.49536231130973,2.59814492452389,4.8780487804878
2023-05-23,28308,0,16871,0,11437,0,18322,0,97364,5,115686,5,0,391,0,387,393,"Anderson",76978,58.4582608017875,0.051948051948052,6.49536231130973,0,5.1948051948052
2023-05-24,28313,5,16873,2,11440,3,18324,2,97397,33,115721,35,0,391,0,387,393,"Anderson",76978,57.1591883395256,0.038961038961039,45.4675361791681,6.49536231130973,3.8961038961039
2023-05-25,28315,2,16873,0,11442,2,18324,0,97403,6,115727,6,0,391,0,387,393,"Anderson",76978,45.4675361791681,0.0263157894736842,7.79443477357167,2.59814492452389,2.63157894736842
2023-05-26,28315,0,16873,0,11442,0,18324,0,97404,1,115728,1,0,391,0,387,393,"Anderson",76978,11.6916521603575,0.0317460317460317,1.29907246226194,0,3.17460317460317
2023-05-27,28316,1,16874,1,11442,0,18325,1,97412,8,115737,9,0,391,0,387,393,"Anderson",76978,12.9907246226194,0.0447761194029851,11.6916521603575,1.29907246226194,4.47761194029851
2023-05-28,28317,1,16874,0,11443,1,18325,0,97414,2,115739,2,0,391,0,387,393,"Anderson",76978,14.2897970848814,0.0476190476190476,2.59814492452389,1.29907246226194,4.76190476190476
2023-05-29,28318,1,16874,0,11444,1,18325,0,97417,3,115742,3,0,391,0,387,393,"Anderson",76978,12.9907246226194,0.0491803278688525,3.89721738678583,1.29907246226194,4.91803278688525
2023-05-30,28321,3,16875,1,11446,2,18326,1,97421,4,115747,5,0,391,0,387,393,"Anderson",76978,16.8879420094053,0.0655737704918033,6.49536231130973,3.89721738678583,6.55737704918033
2023-05-31,28324,3,16876,1,11448,2,18327,1,97423,2,115750,3,0,391,0,387,393,"Anderson",76978,14.2897970848814,0.103448275862069,3.89721738678583,3.89721738678583,10.3448275862069
2023-06-01,28324,0,16876,0,11448,0,18327,0,97432,9,115759,9,0,391,0,387,393,"Anderson",76978,11.6916521603575,0.09375,11.6916521603575,0,9.375
2023-06-02,28332,8,16876,0,11456,8,18327,0,97440,8,115767,8,0,391,0,387,393,"Anderson",76978,22.0842318584531,0.0769230769230769,10.3925796980956,10.3925796980956,7.69230769230769
2023-06-03,28335,3,16878,2,11457,1,18329,2,97476,36,115805,38,0,391,0,387,393,"Anderson",76978,24.682376782977,0.0588235294117647,49.3647535659539,3.89721738678583,5.88235294117647
2023-06-04,28338,3,16880,2,11458,1,18331,2,97481,5,115812,7,0,391,0,387,393,"Anderson",76978,27.2805217075008,0.0821917808219178,9.09350723583361,3.89721738678583,8.21917808219178
2023-06-05,28339,1,16880,0,11459,1,18331,0,97483,2,115814,2,0,391,0,387,393,"Anderson",76978,27.2805217075008,0.0833333333333333,2.59814492452389,1.29907246226194,8.33333333333333
2023-06-06,28339,0,16880,0,11459,0,18331,0,97504,21,115835,21,0,391,0,387,393,"Anderson",76978,23.383304320715,0.0568181818181818,27.2805217075008,0,5.68181818181818
2023-06-07,28340,1,16881,1,11459,0,18331,0,97506,2,115837,2,0,391,0,387,393,"Anderson",76978,20.7851593961911,0.0459770114942529,2.59814492452389,1.29907246226194,4.59770114942529
2023-06-08,28341,1,16881,0,11460,1,18331,0,97513,7,115844,7,0,391,0,387,393,"Anderson",76978,22.0842318584531,0.0470588235294118,9.09350723583361,1.29907246226194,4.70588235294118
2023-06-09,28344,3,16881,0,11463,3,18331,0,97518,5,115849,5,0,391,0,387,393,"Anderson",76978,15.5888695471433,0.048780487804878,6.49536231130973,3.89721738678583,4.8780487804878
2023-06-10,28344,0,16881,0,11463,0,18331,0,97518,0,115849,0,0,391,0,387,393,"Anderson",76978,11.6916521603575,0.0454545454545455,0,0,4.54545454545455
2023-06-11,28344,0,16881,0,11463,0,18331,0,97522,4,115853,4,0,391,0,387,393,"Anderson",76978,7.79443477357167,0,5.19628984904778,0,0
2023-06-12,28348,4,16883,2,11465,2,18334,3,97539,17,115873,20,0,391,0,387,393,"Anderson",76978,11.6916521603575,0.0508474576271186,25.9814492452389,5.19628984904778,5.08474576271187
2023-06-13,28348,0,16883,0,11465,0,18334,0,97548,9,115882,9,0,391,0,387,393,"Anderson",76978,11.6916521603575,0.0638297872340425,11.6916521603575,0,6.38297872340426
2023-06-14,28349,1,16883,0,11466,1,18336,2,97554,6,115890,8,0,391,0,387,393,"Anderson",76978,11.6916521603575,0.0943396226415094,10.3925796980956,1.29907246226194,9.43396226415094
2023-06-15,28350,1,16884,1,11466,0,18337,1,97557,3,115894,4,0,391,0,387,393,"Anderson",76978,11.6916521603575,0.12,5.19628984904778,1.29907246226194,12
2023-06-16,28353,3,16885,1,11468,2,18339,2,97564,7,115903,9,0,391,0,387,393,"Anderson",76978,11.6916521603575,0.148148148148148,11.6916521603575,3.89721738678583,14.8148148148148
2023-06-17,28353,0,16885,0,11468,0,18339,0,97565,1,115904,1,0,391,0,387,393,"Anderson",76978,11.6916521603575,0.145454545454545,1.29907246226194,0,14.5454545454545
2023-06-18,28353,0,16885,0,11468,0,18339,0,97569,4,115908,4,0,391,0,387,393,"Anderson",76978,11.6916521603575,0.145454545454545,5.19628984904778,0,14.5454545454545
2023-06-19,28353,0,16885,0,11468,0,18339,0,97570,1,115909,1,0,391,0,387,393,"Anderson",76978,6.49536231130972,0.138888888888889,1.29907246226194,0,13.8888888888889
2023-06-20,28353,0,16885,0,11468,0,18339,0,97576,6,115915,6,0,391,0,387,393,"Anderson",76978,6.49536231130972,0.151515151515152,7.79443477357167,0,15.1515151515152
2023-06-21,28354,1,16886,1,11468,0,18340,1,97609,33,115949,34,0,391,0,387,393,"Anderson",76978,6.49536231130972,0.0677966101694915,44.1684637169061,1.29907246226194,6.77966101694915
2023-06-22,28356,2,16886,0,11470,2,18340,0,97616,7,115956,7,0,391,0,387,393,"Anderson",76978,7.79443477357167,0.0483870967741935,9.09350723583361,2.59814492452389,4.83870967741935
2023-06-23,28358,2,16886,0,11472,2,18341,1,97617,1,115958,2,0,391,0,387,393,"Anderson",76978,6.49536231130972,0.0363636363636364,2.59814492452389,2.59814492452389,3.63636363636364
2023-06-24,28358,0,16886,0,11472,0,18341,0,97617,0,115958,0,0,391,0,387,393,"Anderson",76978,6.49536231130972,0.037037037037037,0,0,3.7037037037037
2023-06-25,28361,3,16886,0,11475,3,18341,0,97622,5,115963,5,0,391,0,387,393,"Anderson",76978,10.3925796980956,0.0363636363636364,6.49536231130973,3.89721738678583,3.63636363636364
2023-06-26,28362,1,16887,1,11475,0,18343,2,97624,2,115967,4,0,391,0,387,393,"Anderson",76978,11.6916521603575,0.0689655172413793,5.19628984904778,1.29907246226194,6.89655172413793
2023-06-27,28363,1,16887,0,11476,1,18343,0,97628,4,115971,4,0,391,0,387,394,"Anderson",76978,12.9907246226194,0.0714285714285714,5.19628984904778,1.29907246226194,7.14285714285714
2023-06-28,28368,5,16889,2,11479,3,18346,3,97647,19,115993,22,0,391,0,387,394,"Anderson",76978,18.1870144716672,0.136363636363636,28.5795941697628,6.49536231130973,13.6363636363636
2023-06-29,28369,1,16890,1,11479,0,18347,1,97654,7,116001,8,0,391,0,387,394,"Anderson",76978,16.8879420094053,0.155555555555556,10.3925796980956,1.29907246226194,15.5555555555556
2023-06-30,28370,1,16890,0,11480,1,18347,0,97657,3,116004,3,0,391,0,387,394,"Anderson",76978,15.5888695471433,0.130434782608696,3.89721738678583,1.29907246226194,13.0434782608696
2023-07-01,28370,0,16890,0,11480,0,18347,0,97658,1,116005,1,0,391,0,387,394,"Anderson",76978,15.5888695471433,0.127659574468085,1.29907246226194,0,12.7659574468085
2023-07-02,28370,0,16890,0,11480,0,18347,0,97659,1,116006,1,0,391,0,387,394,"Anderson",76978,11.6916521603575,0.13953488372093,1.29907246226194,0,13.953488372093
2023-07-03,28371,1,16890,0,11481,1,18347,0,97662,3,116009,3,0,391,0,387,394,"Anderson",76978,11.6916521603575,0.0952380952380952,3.89721738678583,1.29907246226194,9.52380952380952
2023-07-04,28371,0,16890,0,11481,0,18347,0,97665,3,116012,3,0,391,0,387,394,"Anderson",76978,10.3925796980956,0.0975609756097561,3.89721738678583,0,9.75609756097561
2023-07-05,28374,3,16892,2,11482,1,18350,3,97676,11,116026,14,1,392,0,387,394,"Anderson",76978,7.79443477357167,0.121212121212121,18.1870144716672,3.89721738678583,12.1212121212121
2023-07-06,28377,3,16894,2,11483,1,18352,2,97679,3,116031,5,0,392,0,387,394,"Anderson",76978,10.3925796980956,0.166666666666667,6.49536231130973,3.89721738678583,16.6666666666667
2023-07-07,28381,4,16894,0,11487,4,18353,1,97681,2,116034,3,0,392,0,387,394,"Anderson",76978,14.2897970848814,0.2,3.89721738678583,5.19628984904778,20
2023-07-08,28382,1,16894,0,11488,1,18353,0,97685,4,116038,4,0,392,0,387,394,"Anderson",76978,15.5888695471433,0.181818181818182,5.19628984904778,1.29907246226194,18.1818181818182
2023-07-09,28382,0,16894,0,11488,0,18353,0,97688,3,116041,3,0,392,0,387,394,"Anderson",76978,15.5888695471433,0.171428571428571,3.89721738678583,0,17.1428571428571
2023-07-10,28383,1,16894,0,11489,1,18354,1,97691,3,116045,4,0,392,0,387,394,"Anderson",76978,15.5888695471433,0.194444444444444,5.19628984904778,1.29907246226194,19.4444444444444
2023-07-11,28384,1,16894,0,11490,1,18354,0,97700,9,116054,9,0,392,0,387,394,"Anderson",76978,16.8879420094053,0.166666666666667,11.6916521603575,1.29907246226194,16.6666666666667
2023-07-12,28384,0,16894,0,11490,0,18354,0,97701,1,116055,1,0,392,0,387,394,"Anderson",76978,12.9907246226194,0.137931034482759,1.29907246226194,0,13.7931034482759
2023-07-13,28384,0,16894,0,11490,0,18354,0,97703,2,116057,2,0,392,0,387,394,"Anderson",76978,9.09350723583361,0.0769230769230769,2.59814492452389,0,7.69230769230769
2023-07-14,28386,2,16895,1,11491,1,18355,1,97707,4,116062,5,0,392,0,387,394,"Anderson",76978,6.49536231130972,0.0714285714285714,6.49536231130973,2.59814492452389,7.14285714285714
2023-07-15,28386,0,16895,0,11491,0,18355,0,97711,4,116066,4,0,392,0,387,394,"Anderson",76978,5.19628984904778,0.0714285714285714,5.19628984904778,0,7.14285714285714
2023-07-16,28389,3,16895,0,11494,3,18355,0,97712,1,116067,1,0,392,0,387,395,"Anderson",76978,9.09350723583361,0.0769230769230769,1.29907246226194,3.89721738678583,7.69230769230769
2023-07-17,28392,3,16895,0,11497,3,18355,0,97716,4,116071,4,0,392,0,387,395,"Anderson",76978,11.6916521603575,0.0384615384615385,5.19628984904778,3.89721738678583,3.84615384615385
2023-07-18,28398,6,16901,6,11497,0,18361,6,97741,25,116102,31,0,392,0,387,395,"Anderson",76978,18.1870144716672,0.145833333333333,40.2712463301203,7.79443477357167,14.5833333333333
2023-07-19,28400,2,16901,0,11499,2,18361,0,97743,2,116104,2,0,392,0,387,395,"Anderson",76978,20.7851593961911,0.142857142857143,2.59814492452389,2.59814492452389,14.2857142857143
2023-07-20,28401,1,16901,0,11500,1,18361,0,97743,0,116104,0,0,392,0,387,395,"Anderson",76978,22.0842318584531,0.148936170212766,0,1.29907246226194,14.8936170212766
2023-07-21,28401,0,16901,0,11500,0,18361,0,97745,2,116106,2,0,392,0,387,395,"Anderson",76978,19.4860869339292,0.136363636363636,2.59814492452389,0,13.6363636363636
2023-07-22,28403,2,16901,0,11502,2,18361,0,97747,2,116108,2,0,392,0,387,395,"Anderson",76978,22.0842318584531,0.142857142857143,2.59814492452389,2.59814492452389,14.2857142857143
2023-07-23,28405,2,16902,1,11503,1,18362,1,97748,1,116110,2,0,392,0,387,395,"Anderson",76978,20.7851593961911,0.162790697674419,2.59814492452389,2.59814492452389,16.2790697674419
2023-07-24,28407,2,16903,1,11504,1,18363,1,97751,3,116114,4,0,392,0,387,395,"Anderson",76978,19.4860869339292,0.186046511627907,5.19628984904778,2.59814492452389,18.6046511627907
2023-07-25,28410,3,16904,1,11506,2,18364,1,97756,5,116120,6,0,392,0,387,395,"Anderson",76978,15.5888695471433,0.166666666666667,7.79443477357167,3.89721738678583,16.6666666666667
2023-07-26,28412,2,16906,2,11506,0,18366,2,97769,13,116135,15,1,393,0,387,395,"Anderson",76978,15.5888695471433,0.161290322580645,19.4860869339292,2.59814492452389,16.1290322580645
2023-07-27,28422,10,16913,7,11509,3,18373,7,97772,3,116145,10,0,393,0,387,395,"Anderson",76978,27.2805217075008,0.292682926829268,12.9907246226195,12.9907246226195,29.2682926829268
2023-07-28,28427,5,16916,3,11511,2,18376,3,97785,13,116161,16,0,393,0,387,395,"Anderson",76978,33.7758840188106,0.272727272727273,20.7851593961911,6.49536231130973,27.2727272727273
2023-07-29,28429,2,16916,0,11513,2,18376,0,97789,4,116165,4,0,393,0,387,395,"Anderson",76978,33.7758840188106,0.263157894736842,5.19628984904778,2.59814492452389,26.3157894736842
2023-07-30,28431,2,16917,1,11514,1,18377,1,97792,3,116169,4,0,393,0,387,395,"Anderson",76978,33.7758840188106,0.254237288135593,5.19628984904778,2.59814492452389,25.4237288135593
2023-07-31,28433,2,16918,1,11515,1,18378,1,97792,0,116170,1,0,393,0,387,395,"Anderson",76978,33.7758840188106,0.267857142857143,1.29907246226194,2.59814492452389,26.7857142857143
2023-08-01,28437,4,16918,0,11519,4,18378,0,97799,7,116177,7,0,393,0,387,395,"Anderson",76978,35.0749564810725,0.245614035087719,9.09350723583361,5.19628984904778,24.5614035087719
2023-08-02,28440,3,16918,0,11522,3,18378,0,97802,3,116180,3,0,393,0,387,395,"Anderson",76978,36.3740289433345,0.266666666666667,3.89721738678583,3.89721738678583,26.6666666666667
2023-08-03,28446,6,16920,2,11526,4,18380,2,97806,4,116186,6,0,393,0,387,395,"Anderson",76978,31.1777390942867,0.170731707317073,7.79443477357167,7.79443477357167,17.0731707317073
2023-08-04,28456,10,16928,8,11528,2,18388,8,97841,35,116229,43,0,393,0,387,395,"Anderson",76978,37.6731014055964,0.176470588235294,55.8601158772636,12.9907246226195,17.6470588235294
2023-08-05,28459,3,16929,1,11530,2,18389,1,97846,5,116235,6,0,393,0,387,395,"Anderson",76978,38.9721738678584,0.185714285714286,7.79443477357167,3.89721738678583,18.5714285714286
2023-08-06,28463,4,16930,1,11533,3,18390,1,97848,2,116238,3,0,393,0,387,395,"Anderson",76978,41.5703187923822,0.188405797101449,3.89721738678583,5.19628984904778,18.8405797101449
2023-08-07,28467,4,16930,0,11537,4,18390,0,97850,2,116240,2,0,393,0,387,395,"Anderson",76978,44.1684637169061,0.171428571428571,2.59814492452389,5.19628984904778,17.1428571428571
2023-08-08,28471,4,16930,0,11541,4,18390,0,97853,3,116243,3,0,393,0,387,395,"Anderson",76978,44.1684637169061,0.181818181818182,3.89721738678583,5.19628984904778,18.1818181818182
2023-08-09,28493,22,16944,14,11549,8,18404,14,97874,21,116278,35,0,393,0,387,396,"Anderson",76978,68.8508404998831,0.26530612244898,45.4675361791681,28.5795941697628,26.530612244898
2023-08-10,28497,4,16945,1,11552,3,18405,1,97876,2,116281,3,0,393,0,387,396,"Anderson",76978,66.2526955753592,0.263157894736842,3.89721738678583,5.19628984904778,26.3157894736842
2023-08-11,28501,4,16948,3,11553,1,18408,3,97879,3,116287,6,0,393,0,387,396,"Anderson",76978,58.4582608017875,0.344827586206897,7.79443477357167,5.19628984904778,34.4827586206897
2023-08-12,28507,6,16951,3,11556,3,18411,3,97885,6,116296,9,0,393,0,387,396,"Anderson",76978,62.3554781885734,0.360655737704918,11.6916521603575,7.79443477357167,36.0655737704918
2023-08-13,28507,0,16951,0,11556,0,18411,0,97889,4,116300,4,0,393,0,387,396,"Anderson",76978,57.1591883395256,0.338709677419355,5.19628984904778,0,33.8709677419355
2023-08-14,28515,8,16955,4,11560,4,18415,4,97890,1,116305,5,0,393,1,388,396,"Anderson",76978,62.3554781885734,0.384615384615385,6.49536231130973,10.3925796980956,38.4615384615385
2023-08-15,28520,5,16958,3,11562,2,18418,3,97898,8,116316,11,0,393,0,388,396,"Anderson",76978,63.6545506508353,0.383561643835616,14.2897970848814,6.49536231130973,38.3561643835616
2023-08-16,28530,10,16963,5,11567,5,18423,5,97903,5,116326,10,0,393,0,388,396,"Anderson",76978,48.065681103692,0.395833333333333,12.9907246226195,12.9907246226195,39.5833333333333
2023-08-17,28545,15,16975,12,11570,3,18435,12,97917,14,116352,26,0,393,0,388,396,"Anderson",76978,62.3554781885734,0.422535211267606,33.7758840188106,19.4860869339292,42.2535211267606
2023-08-18,28574,29,16995,20,11579,9,18455,20,97972,55,116427,75,0,393,0,388,396,"Anderson",76978,94.832289745122,0.335714285714286,97.4304346696459,37.6731014055964,33.5714285714286
2023-08-19,28578,4,16996,1,11582,3,18456,1,97986,14,116442,15,0,393,0,388,396,"Anderson",76978,92.2341448205981,0.308219178082192,19.4860869339292,5.19628984904778,30.8219178082192
2023-08-20,28578,0,16996,0,11582,0,18456,0,97989,3,116445,3,0,393,0,388,396,"Anderson",76978,92.2341448205981,0.310344827586207,3.89721738678583,0,31.0344827586207
2023-08-21,28588,10,17000,4,11588,6,18460,4,97999,10,116459,14,0,393,0,388,396,"Anderson",76978,94.832289745122,0.292207792207792,18.1870144716672,12.9907246226195,29.2207792207792
2023-08-22,28603,15,17005,5,11598,10,18465,5,98006,7,116471,12,1,394,0,388,396,"Anderson",76978,107.823014367741,0.303225806451613,15.5888695471433,19.4860869339292,30.3225806451613
2023-08-23,28609,6,17010,5,11599,1,18470,5,98017,11,116487,16,0,394,0,388,397,"Anderson",76978,102.626724518694,0.291925465838509,20.7851593961911,7.79443477357167,29.1925465838509
2023-08-24,28634,25,17032,22,11602,3,18492,22,98069,52,116561,74,0,394,0,388,397,"Anderson",76978,115.617449141313,0.272727272727273,96.1313622073839,32.4768115565486,27.2727272727273
2023-08-25,28644,10,17036,4,11608,6,18496,4,98080,11,116576,15,0,394,1,389,397,"Anderson",76978,90.9350723583361,0.275167785234899,19.4860869339292,12.9907246226195,27.5167785234899
2023-08-26,28652,8,17039,3,11613,5,18499,3,98087,7,116586,10,0,394,0,389,397,"Anderson",76978,96.1313622073839,0.298611111111111,12.9907246226195,10.3925796980956,29.8611111111111
2023-08-27,28658,6,17042,3,11616,3,18502,3,98093,6,116595,9,0,394,0,389,397,"Anderson",76978,103.925796980956,0.306666666666667,11.6916521603575,7.79443477357167,30.6666666666667
2023-08-28,28678,20,17056,14,11622,6,18517,15,98102,9,116619,24,0,394,1,390,397,"Anderson",76978,116.916521603575,0.35625,31.1777390942867,25.9814492452389,35.625
2023-08-29,28707,29,17058,2,11649,27,18519,2,98114,12,116633,14,0,394,0,390,397,"Anderson",76978,135.103536075242,0.333333333333333,18.1870144716672,37.6731014055964,33.3333333333333
2023-08-30,28717,10,17063,5,11654,5,18523,4,98122,8,116645,12,0,394,0,390,397,"Anderson",76978,140.29982592429,0.335443037974684,15.5888695471433,12.9907246226195,33.5443037974684
2023-08-31,28777,60,17097,34,11680,26,18557,34,98174,52,116731,86,0,394,0,390,397,"Anderson",76978,185.767362103458,0.382352941176471,111.720231754527,77.9443477357167,38.2352941176471
2023-09-01,28783,6,17099,2,11684,4,18559,2,98187,13,116746,15,0,394,0,390,397,"Anderson",76978,180.57107225441,0.370588235294118,19.4860869339292,7.79443477357167,37.0588235294118
2023-09-02,28793,10,17101,2,11692,8,18560,1,98193,6,116753,7,0,394,0,390,397,"Anderson",76978,183.169217178934,0.365269461077844,9.09350723583361,12.9907246226195,36.5269461077844
2023-09-03,28798,5,17102,1,11696,4,18561,1,98197,4,116758,5,2,396,0,390,397,"Anderson",76978,181.870144716672,0.361963190184049,6.49536231130973,6.49536231130973,36.1963190184049
2023-09-04,28801,3,17104,2,11697,1,18563,2,98203,6,116766,8,0,396,0,390,397,"Anderson",76978,159.785912858219,0.312925170068027,10.3925796980956,3.89721738678583,31.2925170068027
2023-09-05,28809,8,17110,6,11699,2,18569,6,98228,25,116797,31,0,396,0,390,397,"Anderson",76978,132.505391150718,0.304878048780488,40.2712463301203,10.3925796980956,30.4878048780488
2023-09-06,28828,19,17113,3,11715,16,18572,3,98237,9,116809,12,0,396,0,390,397,"Anderson",76978,144.197043311076,0.298780487804878,15.5888695471433,24.682376782977,29.8780487804878
2023-09-07,28865,37,17141,28,11724,9,18600,28,98295,58,116895,86,0,396,0,390,397,"Anderson",76978,114.318376679051,0.26219512195122,111.720231754527,48.065681103692,26.219512195122
2023-09-08,28870,5,17143,2,11727,3,18602,2,98304,9,116906,11,0,396,0,390,397,"Anderson",76978,113.019304216789,0.26875,14.2897970848814,6.49536231130973,26.875
2023-09-09,28870,0,17143,0,11727,0,18602,0,98304,0,116906,0,0,396,0,390,397,"Anderson",76978,100.02857959417,0.274509803921569,0,0,27.4509803921569
2023-09-10,28870,0,17143,0,11727,0,18602,0,98304,0,116906,0,0,396,0,390,397,"Anderson",76978,93.53321728286,0.277027027027027,0,0,27.7027027027027
2023-09-11,28883,13,17144,1,11739,12,18603,1,98327,23,116930,24,0,396,0,390,397,"Anderson",76978,106.523941905479,0.24390243902439,31.1777390942867,16.8879420094053,24.390243902439
2023-09-12,28891,8,17145,1,11746,7,18604,1,98333,6,116937,7,0,396,0,390,397,"Anderson",76978,106.523941905479,0.25,9.09350723583361,10.3925796980956,25
2023-09-13,28902,11,17154,9,11748,2,18613,9,98379,46,116992,55,0,396,0,390,397,"Anderson",76978,96.1313622073839,0.224043715846995,71.448985424407,14.2897970848814,22.4043715846995
2023-09-14,28918,16,17163,9,11755,7,18621,8,98387,8,117008,16,0,396,0,390,397,"Anderson",76978,68.8508404998831,0.185840707964602,20.7851593961911,20.7851593961911,18.5840707964602
2023-09-15,28921,3,17165,2,11756,1,18624,3,98393,6,117017,9,0,396,0,390,397,"Anderson",76978,66.2526955753592,0.198198198198198,11.6916521603575,3.89721738678583,19.8198198198198
2023-09-16,28921,0,17165,0,11756,0,18624,0,98393,0,117017,0,0,396,0,390,398,"Anderson",76978,66.2526955753592,0.198198198198198,0,0,19.8198198198198
2023-09-17,28926,5,17168,3,11758,2,18627,3,98398,5,117025,8,0,396,0,390,398,"Anderson",76978,72.7480578866689,0.210084033613445,10.3925796980956,6.49536231130973,21.0084033613445
2023-09-18,28929,3,17169,1,11760,2,18628,1,98404,6,117032,7,0,396,0,390,398,"Anderson",76978,59.7573332640495,0.245098039215686,9.09350723583361,3.89721738678583,24.5098039215686
2023-09-19,28941,12,17174,5,11767,7,18633,5,98423,19,117056,24,0,396,0,390,398,"Anderson",76978,64.9536231130973,0.243697478991597,31.1777390942867,15.5888695471433,24.3697478991597
2023-09-20,28952,11,17181,7,11771,4,18640,7,98436,13,117076,20,0,396,0,390,398,"Anderson",76978,64.9536231130973,0.321428571428571,25.9814492452389,14.2897970848814,32.1428571428571
2023-09-21,28972,20,17198,17,11774,3,18657,17,98492,56,117149,73,0,396,0,390,398,"Anderson",76978,70.149912962145,0.25531914893617,94.832289745122,25.9814492452389,25.531914893617
2023-09-22,28975,3,17201,3,11774,0,18661,4,98504,12,117165,16,0,396,0,390,398,"Anderson",76978,70.149912962145,0.25,20.7851593961911,3.89721738678583,25
2023-09-23,28975,0,17201,0,11774,0,18661,0,98504,0,117165,0,0,396,0,390,398,"Anderson",76978,70.149912962145,0.25,0,0,25
2023-09-24,28981,6,17203,2,11778,4,18663,2,98517,13,117180,15,0,396,0,390,398,"Anderson",76978,71.448985424407,0.232258064516129,19.4860869339292,7.79443477357167,23.2258064516129
2023-09-25,28994,13,17206,3,11788,10,18666,3,98524,7,117190,10,1,397,0,390,398,"Anderson",76978,84.4397100470264,0.240506329113924,12.9907246226195,16.8879420094053,24.0506329113924
2023-09-26,28996,2,17207,1,11789,1,18667,1,98535,11,117202,12,0,397,0,390,398,"Anderson",76978,71.448985424407,0.232876712328767,15.5888695471433,2.59814492452389,23.2876712328767
2023-09-27,29008,12,17216,9,11792,3,18676,9,98575,40,117251,49,1,398,0,390,398,"Anderson",76978,72.7480578866689,0.205714285714286,63.6545506508353,15.5888695471433,20.5714285714286
2023-09-28,29016,8,17217,1,11799,7,18676,0,98588,13,117264,13,0,398,0,390,398,"Anderson",76978,57.1591883395256,0.165217391304348,16.8879420094053,10.3925796980956,16.5217391304348
2023-09-29,29017,1,17217,0,11800,1,18676,0,98595,7,117271,7,0,398,0,390,398,"Anderson",76978,54.5610434150017,0.141509433962264,9.09350723583361,1.29907246226194,14.1509433962264
2023-09-30,29017,0,17217,0,11800,0,18676,0,98595,0,117271,0,0,398,0,390,398,"Anderson",76978,54.5610434150017,0.141509433962264,0,0,14.1509433962264
2023-10-01,29023,6,17219,2,11804,4,18678,2,98605,10,117283,12,0,398,0,390,398,"Anderson",76978,54.5610434150017,0.145631067961165,15.5888695471433,7.79443477357167,14.5631067961165
2023-10-02,29029,6,17223,4,11806,2,18682,4,98613,8,117295,12,0,398,0,390,398,"Anderson",76978,45.4675361791681,0.152380952380952,15.5888695471433,7.79443477357167,15.2380952380952
2023-10-03,29033,4,17224,1,11809,3,18683,1,98620,7,117303,8,0,398,0,390,398,"Anderson",76978,48.065681103692,0.158415841584158,10.3925796980956,5.19628984904778,15.8415841584158
2023-10-04,29037,4,17227,3,11810,1,18686,3,98636,16,117322,19,0,398,0,390,398,"Anderson",76978,37.6731014055964,0.140845070422535,24.682376782977,5.19628984904778,14.0845070422535
2023-10-05,29043,6,17231,4,11812,2,18690,4,98688,52,117378,56,0,398,0,390,398,"Anderson",76978,35.0749564810725,0.12280701754386,72.7480578866689,7.79443477357167,12.280701754386
2023-10-06,29044,1,17231,0,11813,1,18690,0,98693,5,117383,5,0,398,0,390,398,"Anderson",76978,35.0749564810725,0.125,6.49536231130973,1.29907246226194,12.5
2023-10-07,29045,1,17231,0,11814,1,18690,0,98698,5,117388,5,0,398,0,390,398,"Anderson",76978,36.3740289433345,0.11965811965812,6.49536231130973,1.29907246226194,11.965811965812
2023-10-08,29047,2,17231,0,11816,2,18690,0,98702,4,117392,4,0,398,0,390,398,"Anderson",76978,31.1777390942867,0.110091743119266,5.19628984904778,2.59814492452389,11.0091743119266
2023-10-09,29055,8,17232,1,11823,7,18691,1,98705,3,117396,4,0,398,0,390,398,"Anderson",76978,33.7758840188106,0.0891089108910891,5.19628984904778,10.3925796980956,8.91089108910891
2023-10-10,29070,15,17234,2,11836,13,18693,2,98717,12,117410,14,0,398,0,390,398,"Anderson",76978,48.065681103692,0.0934579439252336,18.1870144716672,19.4860869339292,9.34579439252336
2023-10-11,29074,4,17236,2,11838,2,18694,1,98725,8,117419,9,0,398,0,390,399,"Anderson",76978,48.065681103692,0.0824742268041237,11.6916521603575,5.19628984904778,8.24742268041237
2023-10-12,29082,8,17239,3,11843,5,18697,3,98750,25,117447,28,0,398,0,390,399,"Anderson",76978,50.6638260282159,0.101449275362319,36.3740289433345,10.3925796980956,10.1449275362319
2023-10-13,29086,4,17242,3,11844,1,18700,3,98756,6,117456,9,0,398,0,390,402,"Anderson",76978,54.5610434150017,0.136986301369863,11.6916521603575,5.19628984904778,13.6986301369863
2023-10-14,29086,0,17242,0,11844,0,18700,0,98758,2,117458,2,0,398,0,390,402,"Anderson",76978,53.2619709527397,0.142857142857143,2.59814492452389,0,14.2857142857143
2023-10-15,29087,1,17242,0,11845,1,18700,0,98763,5,117463,5,0,398,0,390,402,"Anderson",76978,51.9628984904778,0.140845070422535,6.49536231130973,1.29907246226194,14.0845070422535
2023-10-16,29092,5,17245,3,11847,2,18704,4,98772,9,117476,13,0,398,0,390,402,"Anderson",76978,48.065681103692,0.1625,16.8879420094053,6.49536231130973,16.25
2023-10-17,29096,4,17246,1,11850,3,18705,1,98774,2,117479,3,0,398,0,390,402,"Anderson",76978,33.7758840188106,0.173913043478261,3.89721738678583,5.19628984904778,17.3913043478261
2023-10-18,29098,2,17247,1,11851,1,18706,1,98788,14,117494,15,0,398,0,390,403,"Anderson",76978,31.1777390942867,0.16,19.4860869339292,2.59814492452389,16
2023-10-19,29123,25,17260,13,11863,12,18720,14,98847,59,117567,73,0,398,0,390,404,"Anderson",76978,53.2619709527397,0.191666666666667,94.832289745122,32.4768115565486,19.1666666666667
2023-10-20,29130,7,17263,3,11867,4,18723,3,98850,3,117573,6,0,398,0,390,404,"Anderson",76978,57.1591883395256,0.196581196581197,7.79443477357167,9.09350723583361,19.6581196581197
2023-10-21,29132,2,17263,0,11869,2,18723,0,98851,1,117574,1,0,398,0,390,405,"Anderson",76978,59.7573332640495,0.198275862068966,1.29907246226194,2.59814492452389,19.8275862068966
2023-10-22,29135,3,17263,0,11872,3,18723,0,98858,7,117581,7,0,398,0,390,405,"Anderson",76978,62.3554781885734,0.194915254237288,9.09350723583361,3.89721738678583,19.4915254237288
2023-10-23,29143,8,17264,1,11879,7,18724,1,98868,10,117592,11,0,398,0,390,405,"Anderson",76978,66.2526955753592,0.172413793103448,14.2897970848814,10.3925796980956,17.2413793103448
2023-10-24,29156,13,17267,3,11889,10,18727,3,98873,5,117600,8,0,398,0,390,405,"Anderson",76978,77.9443477357167,0.181818181818182,10.3925796980956,16.8879420094053,18.1818181818182
2023-10-25,29164,8,17270,3,11894,5,18731,4,98878,5,117609,9,0,398,0,390,405,"Anderson",76978,85.7387825092884,0.217391304347826,11.6916521603575,10.3925796980956,21.7391304347826
2023-10-26,29194,30,17295,25,11899,5,18756,25,98930,52,117686,77,0,398,0,390,405,"Anderson",76978,92.2341448205981,0.302521008403361,100.02857959417,38.9721738678584,30.2521008403361
2023-10-27,29203,9,17301,6,11902,3,18763,7,98941,11,117704,18,0,398,0,390,405,"Anderson",76978,94.832289745122,0.305343511450382,23.383304320715,11.6916521603575,30.5343511450382
2023-10-28,29206,3,17302,1,11904,2,18764,1,98945,4,117709,5,0,398,0,390,405,"Anderson",76978,96.1313622073839,0.303703703703704,6.49536231130973,3.89721738678583,30.3703703703704
2023-10-29,29210,4,17302,0,11908,4,18764,0,98949,4,117713,4,0,398,0,390,405,"Anderson",76978,97.4304346696459,0.310606060606061,5.19628984904778,5.19628984904778,31.0606060606061
2023-10-30,29220,10,17310,8,11910,2,18772,8,98956,7,117728,15,2,400,0,390,406,"Anderson",76978,100.02857959417,0.352941176470588,19.4860869339292,12.9907246226195,35.2941176470588
2023-10-31,29234,14,17315,5,11919,9,18777,5,98968,12,117745,17,1,401,0,390,406,"Anderson",76978,101.327652056432,0.344827586206897,22.0842318584531,18.1870144716672,34.4827586206897
2023-11-01,29258,24,17334,19,11924,5,18796,19,99008,40,117804,59,1,402,0,390,406,"Anderson",76978,122.112811452623,0.333333333333333,76.6452752734548,31.1777390942867,33.3333333333333
2023-11-02,29266,8,17338,4,11928,4,18800,4,99016,8,117816,12,0,402,0,390,406,"Anderson",76978,93.53321728286,0.338461538461538,15.5888695471433,10.3925796980956,33.8461538461538
2023-11-03,29272,6,17339,1,11933,5,18801,1,99024,8,117825,9,0,402,0,390,406,"Anderson",76978,89.6359998960742,0.31404958677686,11.6916521603575,7.79443477357167,31.404958677686
2023-11-04,29275,3,17341,2,11934,1,18803,2,99029,5,117832,7,0,402,0,390,406,"Anderson",76978,89.6359998960742,0.317073170731707,9.09350723583361,3.89721738678583,31.7073170731707
2023-11-05,29278,3,17341,0,11937,3,18803,0,99037,8,117840,8,0,402,0,390,406,"Anderson",76978,88.3369274338123,0.307086614173228,10.3925796980956,3.89721738678583,30.7086614173228
2023-11-06,29287,9,17342,1,11945,8,18804,1,99044,7,117848,8,0,402,0,390,406,"Anderson",76978,87.0378549715503,0.266666666666667,10.3925796980956,11.6916521603575,26.6666666666667
2023-11-07,29293,6,17345,3,11948,3,18808,4,99051,7,117859,11,0,402,0,390,406,"Anderson",76978,76.6452752734548,0.271929824561404,14.2897970848814,7.79443477357167,27.1929824561404
2023-11-08,29301,8,17349,4,11952,4,18812,4,99071,20,117883,24,4,406,0,390,406,"Anderson",76978,55.8601158772636,0.20253164556962,31.1777390942867,10.3925796980956,20.253164556962
2023-11-09,29313,12,17358,9,11955,3,18822,10,99088,17,117910,27,0,406,0,390,406,"Anderson",76978,61.0564057263114,0.234042553191489,35.0749564810725,15.5888695471433,23.4042553191489
2023-11-10,29314,1,17359,1,11955,0,18822,0,99091,3,117913,3,0,406,0,390,406,"Anderson",76978,54.5610434150017,0.238636363636364,3.89721738678583,1.29907246226194,23.8636363636364
2023-11-11,29320,6,17359,0,11961,6,18822,0,99099,8,117921,8,0,406,0,390,406,"Anderson",76978,58.4582608017875,0.213483146067416,10.3925796980956,7.79443477357167,21.3483146067416
2023-11-12,29328,8,17364,5,11964,3,18827,5,99116,17,117943,22,0,406,0,390,406,"Anderson",76978,64.9536231130973,0.233009708737864,28.5795941697628,10.3925796980956,23.3009708737864
2023-11-13,29369,41,17404,40,11965,1,18867,40,99205,89,118072,129,0,406,0,390,406,"Anderson",76978,106.523941905479,0.28125,167.580347631791,53.2619709527397,28.125
2023-11-14,29383,14,17406,2,11977,12,18869,2,99209,4,118078,6,0,406,0,390,406,"Anderson",76978,116.916521603575,0.278538812785388,7.79443477357167,18.1870144716672,27.8538812785388
2023-11-15,29392,9,17412,6,11980,3,18875,6,99226,17,118101,23,1,407,0,390,406,"Anderson",76978,118.215594065837,0.288990825688073,29.8786666320247,11.6916521603575,28.8990825688073
2023-11-16,29396,4,17413,1,11983,3,18876,1,99234,8,118110,9,0,407,0,390,406,"Anderson",76978,107.823014367741,0.27,11.6916521603575,5.19628984904778,27
2023-11-17,29426,30,17443,30,11983,0,18906,30,99347,113,118253,143,0,407,0,390,406,"Anderson",76978,145.496115773338,0.247058823529412,185.767362103458,38.9721738678584,24.7058823529412
2023-11-18,29432,6,17443,0,11989,6,18906,0,99351,4,118257,4,0,407,0,390,406,"Anderson",76978,145.496115773338,0.25,5.19628984904778,7.79443477357167,25
2020-03-12,1,1,1,1,0,0,1,1,11,11,12,12,0,0,0,0,0,"East TN",2455501,NA,NA,0.488698640318208,0.040724886693184,NA
2020-03-13,1,0,1,0,0,0,1,0,23,12,24,12,0,0,0,0,0,"East TN",2455501,NA,NA,0.488698640318208,0,NA
2020-03-14,3,2,3,2,0,0,3,2,50,27,53,29,0,0,0,0,0,"East TN",2455501,NA,NA,1.18102171410234,0.081449773386368,NA
2020-03-15,3,0,3,0,0,0,3,0,53,3,56,3,0,0,0,0,0,"East TN",2455501,NA,NA,0.122174660079552,0,NA
2020-03-16,5,2,5,2,0,0,5,2,89,36,94,38,0,0,0,0,0,"East TN",2455501,NA,NA,1.54754569434099,0.081449773386368,NA
2020-03-17,6,1,6,1,0,0,5,0,130,41,135,41,0,0,0,0,0,"East TN",2455501,NA,NA,1.66972035442054,0.040724886693184,NA
2020-03-18,8,2,8,2,0,0,7,2,171,41,178,43,0,0,0,0,0,"East TN",2455501,0.325799093545472,0.0393258426966292,1.75117012780691,0.081449773386368,3.93258426966292
2020-03-19,11,3,11,3,0,0,11,4,238,67,249,71,0,0,0,0,0,"East TN",2455501,0.40724886693184,0.0421940928270042,2.89146695521606,0.122174660079552,4.21940928270042
2020-03-20,29,18,29,18,0,0,27,16,382,144,409,160,0,0,2,2,0,"East TN",2455501,1.14029682740915,0.0675324675324675,6.51598187090944,0.733047960477312,6.75324675324675
2020-03-21,38,9,38,9,0,0,38,11,610,228,648,239,0,0,1,3,1,"East TN",2455501,1.42537103426144,0.0588235294117647,9.73324791967098,0.366523980238656,5.88235294117647
2020-03-22,48,10,47,9,1,1,43,5,713,103,756,108,0,0,4,7,2,"East TN",2455501,1.83261990119328,0.0571428571428571,4.39828776286387,0.40724886693184,5.71428571428571
2020-03-23,64,16,63,16,1,0,56,13,846,133,902,146,0,0,4,11,2,"East TN",2455501,2.40276831489786,0.0631188118811881,5.94583345720486,0.651598187090944,6.31188118811881
2020-03-24,83,19,82,19,1,0,70,14,987,141,1057,155,0,0,5,16,2,"East TN",2455501,3.13581627537517,0.0704989154013015,6.31235743744352,0.773772847170496,7.04989154013015
2020-03-25,116,33,115,33,1,0,99,29,1288,301,1387,330,0,0,12,28,3,"East TN",2455501,4.39828776286387,0.076095947063689,13.4392126087507,1.34392126087507,7.6095947063689
2020-03-26,144,28,143,28,1,0,130,31,1774,486,1904,517,0,0,5,33,4,"East TN",2455501,5.41640993019347,0.0719033232628399,21.0547664203761,1.14029682740915,7.19033232628399
2020-03-27,166,22,165,22,1,0,147,17,2171,397,2318,414,0,0,6,39,4,"East TN",2455501,5.57930947696621,0.0628601361969618,16.8601030909782,0.895947507250048,6.28601361969618
2020-03-28,197,31,196,31,1,0,180,33,2608,437,2788,470,0,0,8,47,4,"East TN",2455501,6.47525698421626,0.0663551401869159,19.1406967457965,1.2624714874887,6.63551401869159
2020-03-29,213,16,212,16,1,0,196,16,2795,187,2991,203,0,0,3,50,7,"East TN",2455501,6.71960630437536,0.0684563758389262,8.26715199871635,0.651598187090944,6.84563758389262
2020-03-30,246,33,245,33,1,0,226,30,3345,550,3571,580,0,0,8,58,9,"East TN",2455501,7.41192937815949,0.0636942675159236,23.6204342820467,1.34392126087507,6.36942675159236
2020-03-31,295,49,294,49,1,0,278,52,3645,300,3923,352,0,0,12,70,10,"East TN",2455501,8.63367597895501,0.0725750174459177,14.3351601160008,1.99551944796602,7.25750174459177
2020-04-01,346,51,345,51,1,0,336,58,4243,598,4579,656,0,0,9,79,12,"East TN",2455501,9.36672393943232,0.0742481203007519,26.7155256707287,2.07696922135238,7.42481203007519
2020-04-02,391,45,390,45,1,0,383,47,4839,596,5222,643,2,7,5,84,14,"East TN",2455501,10.0590470132164,0.0762507534659433,26.1861021437173,1.83261990119328,7.62507534659433
2020-04-03,412,21,411,21,1,0,401,18,5124,285,5525,303,1,8,2,86,17,"East TN",2455501,10.0183221265233,0.0792017461802308,12.3396406680348,0.855222620556864,7.92017461802307
2020-04-04,447,35,446,35,1,0,431,30,5716,592,6147,622,3,11,5,91,19,"East TN",2455501,10.181221673296,0.0747246204227449,25.3308795231604,1.42537103426144,7.47246204227449
2020-04-05,473,26,472,26,1,0,464,33,6093,377,6557,410,-1,10,2,93,20,"East TN",2455501,10.5884705402278,0.0751542344363432,16.6972035442054,1.05884705402278,7.51542344363432
2020-04-06,514,41,513,41,1,0,514,50,6626,533,7140,583,8,18,5,98,20,"East TN",2455501,10.9142696337733,0.080694872513309,23.7426089421263,1.66972035442054,8.0694872513309
2020-04-07,570,56,569,56,1,0,592,78,7755,1129,8347,1207,0,18,7,105,21,"East TN",2455501,11.1993438406256,0.0709764918625678,49.1549382386731,2.2805936548183,7.09764918625678
2020-04-08,607,37,606,37,1,0,632,40,8162,407,8794,447,1,19,8,113,25,"East TN",2455501,10.629195426921,0.0702253855278766,18.2040243518532,1.50682080764781,7.02253855278766
2020-04-09,633,26,632,26,1,0,662,30,8613,451,9275,481,3,22,2,115,25,"East TN",2455501,9.85542257975053,0.0688378978534419,19.5886704994215,1.05884705402278,6.88378978534419
2020-04-10,655,22,654,22,1,0,682,20,8941,328,9623,348,0,22,4,119,25,"East TN",2455501,9.89614746644371,0.0685700341630063,14.172260569228,0.895947507250048,6.85700341630063
2020-04-11,679,24,678,24,1,0,728,46,10022,1081,10750,1127,2,24,5,124,27,"East TN",2455501,9.44817371281869,0.0645231370845101,45.8969473032184,0.977397280636416,6.45231370845101
2020-04-12,709,30,708,30,1,0,761,33,11472,1450,12233,1483,0,24,1,125,28,"East TN",2455501,9.61107325959142,0.0523255813953488,60.3950069659919,1.22174660079552,5.23255813953488
2020-04-13,738,29,737,29,1,0,803,42,12435,963,13238,1005,0,24,7,132,32,"East TN",2455501,9.12237461927321,0.0473925877336832,40.9285111266499,1.18102171410234,4.73925877336832
2020-04-14,749,11,748,11,1,0,823,20,12720,285,13543,305,4,28,1,133,33,"East TN",2455501,7.28975471807994,0.0444572748267898,12.4210904414211,0.447973753625024,4.44572748267898
2020-04-15,773,24,772,24,1,0,850,27,13132,412,13982,439,2,30,4,137,34,"East TN",2455501,6.76033119106854,0.0420200462606014,17.8782252583078,0.977397280636416,4.20200462606014
2020-04-16,801,28,800,28,1,0,886,36,13808,676,14694,712,1,31,6,143,34,"East TN",2455501,6.84178096445491,0.0413360398597527,28.996119325547,1.14029682740915,4.13360398597527
2020-04-17,823,22,821,21,2,1,916,30,14137,329,15053,359,0,31,4,147,35,"East TN",2455501,6.84178096445491,0.0430939226519337,14.6202343228531,0.895947507250048,4.30939226519337
2020-04-18,835,12,833,12,2,0,935,19,14918,781,15853,800,0,31,0,147,35,"East TN",2455501,6.3530823241367,0.0405643738977072,32.5799093545472,0.488698640318208,4.05643738977072
2020-04-19,914,79,912,79,2,0,1016,81,15604,686,16620,767,1,32,1,148,35,"East TN",2455501,8.34860177210272,0.0581262821974014,31.2359880936721,3.21726604876154,5.81262821974014
2020-04-20,939,25,931,19,8,6,1033,17,16567,963,17600,980,0,32,2,150,35,"East TN",2455501,8.18570222532998,0.0527281063732233,39.9103889593203,1.0181221673296,5.27281063732233
2020-04-21,1045,106,1037,106,8,0,1154,121,19273,2706,20427,2827,0,32,6,156,36,"East TN",2455501,12.0545664611825,0.0480825101685067,115.129254681631,4.3168379894775,4.80825101685067
2020-04-22,1247,202,1237,200,10,2,1354,200,21825,2552,23179,2752,2,34,2,158,36,"East TN",2455501,19.3035962925692,0.0548004784168751,112.074888179642,8.22642711202317,5.48004784168751
2020-04-23,1492,245,1480,243,12,2,1601,247,22932,1107,24533,1354,0,34,3,161,36,"East TN",2455501,28.1408967049901,0.0726699867872751,55.1414965825711,9.97759723983008,7.26699867872751
2020-04-24,1540,48,1527,47,13,1,1655,54,25621,2689,27276,2743,0,34,4,165,36,"East TN",2455501,29.1997437590129,0.0604597889225231,111.708364199404,1.95479456127283,6.04597889225231
2020-04-25,1563,23,1546,19,17,4,1674,19,26396,775,28070,794,0,34,3,168,37,"East TN",2455501,29.647717512638,0.0604894818695261,32.3355600343881,0.936672393943232,6.04894818695261
2020-04-26,1583,20,1565,19,18,1,1700,26,27513,1117,29213,1143,0,34,0,168,37,"East TN",2455501,27.2449491977401,0.0543158897800365,46.5485454903093,0.81449773386368,5.43158897800365
2020-04-27,1652,69,1633,68,19,1,1772,72,28428,915,30200,987,0,34,8,176,38,"East TN",2455501,29.0368442122402,0.0586507936507936,40.1954631661726,2.8100171818297,5.86507936507936
2020-04-28,1689,37,1667,34,22,3,1812,40,30602,2174,32414,2214,2,36,1,177,39,"East TN",2455501,26.2268270304105,0.0548928005339117,90.1648991387094,1.50682080764781,5.48928005339117
2020-04-29,1752,63,1729,62,23,1,1878,66,33345,2743,35223,2809,1,37,6,183,40,"East TN",2455501,20.5660677800579,0.0435071404848887,114.396206721154,2.56566786167059,4.35071404848887
2020-04-30,1774,22,1750,21,24,1,1900,22,33894,549,35794,571,0,37,1,184,40,"East TN",2455501,11.4844180474779,0.0265518160021312,23.2539103018081,0.895947507250048,2.65518160021312
2020-05-01,1814,40,1786,36,28,4,1929,29,35556,1662,37485,1691,0,37,0,184,40,"East TN",2455501,11.1586189539324,0.0268390635713586,68.8657833981741,1.62899546772736,2.68390635713586
2020-05-02,1835,21,1807,21,28,0,1966,37,37433,1877,39399,1914,0,37,3,187,40,"East TN",2455501,11.077169180546,0.0257745608615059,77.9474331307542,0.855222620556864,2.57745608615059
2020-05-03,1873,38,1840,33,33,5,2003,37,39553,2120,41556,2157,0,37,3,190,42,"East TN",2455501,11.8102171410234,0.0245483269869562,87.8435805971979,1.54754569434099,2.45483269869562
2020-05-04,1920,47,1884,44,36,3,2060,57,41499,1946,43559,2003,0,37,1,191,42,"East TN",2455501,10.9142696337733,0.0215584998877161,81.5719480464475,1.91406967457965,2.15584998877161
2020-05-05,1948,28,1911,27,37,1,2092,32,44409,2910,46501,2942,2,39,1,192,42,"East TN",2455501,10.5477456535347,0.0198764818627103,119.812616651347,1.14029682740915,1.98764818627103
2020-05-06,1985,37,1948,37,37,0,2135,43,45453,1044,47588,1087,1,40,0,192,42,"East TN",2455501,9.48889859951187,0.0207844723008492,44.267951835491,1.50682080764781,2.07844723008492
2020-05-07,2028,43,1989,41,39,2,2183,48,46845,1392,49028,1440,0,40,4,196,46,"East TN",2455501,10.3441212200687,0.0213843131328397,58.643836838185,1.75117012780691,2.13843131328397
2020-05-08,2047,19,2008,19,39,0,2219,36,48515,1670,50734,1706,1,41,0,196,47,"East TN",2455501,9.48889859951187,0.0218884444108989,69.4766566985719,0.773772847170496,2.18884444108989
2020-05-09,2063,16,2022,14,41,2,2237,18,51333,2818,53570,2836,0,41,1,197,48,"East TN",2455501,9.28527416604595,0.0191235622045022,115.49577866187,0.651598187090944,1.91235622045022
2020-05-10,2079,16,2037,15,42,1,2256,19,53897,2564,56153,2583,1,42,3,200,48,"East TN",2455501,8.3893266587959,0.0173323285606631,105.192382328494,0.651598187090944,1.73323285606631
2020-05-11,2140,61,2097,60,43,1,2307,51,55468,1571,57775,1622,3,45,5,205,50,"East TN",2455501,8.95947507250048,0.0173747889701744,66.0557662163444,2.48421808828422,1.73747889701745
2020-05-12,2193,53,2150,53,43,0,2373,66,59022,3554,61395,3620,3,48,3,208,50,"East TN",2455501,9.97759723983008,0.0188666577145159,147.424089829326,2.15841899473875,1.88666577145159
2020-05-13,2247,54,2201,51,46,3,2425,52,60647,1625,63072,1677,0,48,7,215,52,"East TN",2455501,10.6699203136142,0.0187290105915784,68.2956349844696,2.19914388143194,1.87290105915784
2020-05-14,2278,31,2232,31,46,0,2470,45,62356,1709,64826,1754,1,49,2,217,53,"East TN",2455501,10.181221673296,0.018166856564122,71.4314512598447,1.2624714874887,1.8166856564122
2020-05-15,2306,28,2260,28,46,0,2507,37,64675,2319,67182,2356,1,50,4,221,53,"East TN",2455501,10.5477456535347,0.0175097276264591,95.9478330491415,1.14029682740915,1.75097276264591
2020-05-16,2316,10,2270,10,46,0,2525,18,67443,2768,69968,2786,1,51,1,222,53,"East TN",2455501,10.3033963333756,0.017563117453348,113.459534327211,0.40724886693184,1.7563117453348
2020-05-17,2396,80,2350,80,46,0,2604,79,69670,2227,72274,2306,0,51,4,226,55,"East TN",2455501,12.9097890817393,0.0215867502016004,93.9115887144823,3.25799093545472,2.15867502016004
2020-05-18,2445,49,2398,48,47,1,2665,61,71548,1878,74213,1939,0,51,3,229,55,"East TN",2455501,12.4210904414211,0.0217788052074462,78.9655552980838,1.99551944796602,2.17788052074462
2020-05-19,2486,41,2438,40,48,1,2705,40,72672,1124,75377,1164,1,52,3,232,55,"East TN",2455501,11.9323918011029,0.0237448147618366,47.4037681108662,1.66972035442054,2.37448147618366
2020-05-20,2528,42,2480,42,48,0,2750,45,74412,1740,77162,1785,0,52,3,235,55,"East TN",2455501,11.4436931607847,0.0230660042583392,72.6939227473334,1.71044524111373,2.30660042583392
2020-05-21,2769,241,2720,240,49,1,2988,238,75874,1462,78862,1700,0,52,4,239,56,"East TN",2455501,19.9959193663533,0.0369051011684241,69.2323073784128,9.81469769305734,3.69051011684241
2020-05-22,2860,91,2808,88,52,3,3066,78,77398,1524,80464,1602,0,52,7,246,56,"East TN",2455501,22.5615872280239,0.0420870350850776,65.2412684824808,3.70596468907974,4.20870350850775
2020-05-23,2926,66,2870,62,56,4,3157,91,79612,2214,82769,2305,2,54,7,253,57,"East TN",2455501,24.8421808828422,0.0493711428794625,93.8708638277891,2.68784252175014,4.93711428794625
2020-05-24,2978,52,2922,52,56,0,3227,70,81732,2120,84959,2190,0,54,0,253,58,"East TN",2455501,23.7018840554331,0.0491131257390619,89.187501858073,2.11769410804557,4.91131257390619
2020-05-25,3062,84,3005,83,57,1,3321,94,84382,2650,87703,2744,1,55,2,255,58,"East TN",2455501,25.1272550896945,0.0486286137879911,111.749089086097,3.42089048222746,4.86286137879911
2020-05-26,3123,61,3057,52,66,9,3377,56,86768,2386,90145,2442,1,56,3,258,58,"East TN",2455501,25.9417528235582,0.0455037919826652,99.4501733047553,2.48421808828422,4.55037919826652
2020-05-27,3199,76,3130,73,69,3,3444,67,88635,1867,92079,1934,0,56,9,267,58,"East TN",2455501,27.3263989711265,0.0465241000201113,78.7619308646179,3.09509138868198,4.65241000201113
2020-05-28,3273,74,3204,74,69,0,3511,67,90034,1399,93545,1466,0,56,1,268,58,"East TN",2455501,20.5253428933647,0.0356194238234693,59.7026838922077,3.01364161529562,3.56194238234693
2020-05-29,3348,75,3278,74,70,1,3594,83,91312,1278,94906,1361,0,56,4,272,58,"East TN",2455501,19.8737447062738,0.0365600332363939,55.4265707894234,3.0543665019888,3.65600332363939
2020-05-30,3421,73,3350,72,71,1,3675,81,93557,2245,97232,2326,0,56,5,277,59,"East TN",2455501,20.1588189131261,0.0358155292816152,94.726086448346,2.97291672860243,3.58155292816152
2020-05-31,3533,112,3460,110,73,2,3769,94,96340,2783,100109,2877,0,56,1,278,60,"East TN",2455501,22.6023121147171,0.0357755775577558,117.16549901629,4.56118730963661,3.57755775577558
2020-06-01,3629,96,3553,93,76,3,3902,133,100171,3831,104073,3964,0,56,5,283,60,"East TN",2455501,23.0910107550353,0.0354917532070861,161.433450851781,3.90958912254566,3.54917532070861
2020-06-02,3736,107,3658,105,78,2,4017,115,104230,4059,108247,4174,1,57,3,286,64,"East TN",2455501,24.9643555429218,0.0353552093691305,169.98567705735,4.35756287617069,3.53552093691305
2020-06-03,3786,50,3708,50,78,0,4067,50,106161,1931,110228,1981,0,57,4,290,65,"East TN",2455501,23.905508488899,0.0343269601630944,80.6760005391975,2.0362443346592,3.43269601630944
2020-06-04,3837,51,3757,49,80,2,4128,61,107708,1547,111836,1608,6,63,5,295,66,"East TN",2455501,22.9688360949558,0.0337324367175113,65.4856178026399,2.07696922135238,3.37324367175113
2020-06-05,3936,99,3852,95,84,4,4210,82,109864,2156,114074,2238,1,64,4,299,67,"East TN",2455501,23.9462333755922,0.0321368948247078,91.1422964193458,4.03176378262522,3.21368948247079
2020-06-06,3989,53,3902,50,87,3,4285,75,112967,3103,117252,3178,1,65,4,303,67,"East TN",2455501,23.1317356417285,0.0304695304695305,129.423689910939,2.15841899473875,3.04695304695305
2020-06-07,4047,58,3958,56,89,2,4366,81,116924,3957,121290,4038,0,65,6,309,68,"East TN",2455501,20.9325917602966,0.0281856380718569,164.447092467077,2.36204342820467,2.81856380718569
2020-06-08,4207,160,4114,156,93,4,4523,157,119875,2951,124398,3108,0,65,6,315,68,"East TN",2455501,23.5389845086604,0.0305535055350553,126.572947842416,6.51598187090944,3.05535055350553
2020-06-09,4315,108,4221,107,94,1,4641,118,122202,2327,126843,2445,1,66,7,322,69,"East TN",2455501,23.5797093953535,0.0335556033555603,99.5723479648349,4.39828776286387,3.35556033555603
2020-06-10,4392,77,4295,74,97,3,4715,74,125038,2836,129753,2910,0,66,6,328,69,"East TN",2455501,24.6792813360695,0.0331882202304737,118.509420277165,3.13581627537517,3.31882202304738
2020-06-11,4656,264,4557,262,99,2,4995,280,127329,2291,132324,2571,1,67,8,336,69,"East TN",2455501,33.3536822017177,0.0423174541194846,104.703683688176,10.7513700870006,4.23174541194846
2020-06-12,4827,171,4727,170,100,1,5167,172,129955,2626,135122,2798,2,69,3,339,70,"East TN",2455501,36.2858740436269,0.0454675028506271,113.948232967529,6.96395562453446,4.54675028506271
2020-06-13,4975,148,4871,144,104,4,5335,168,132146,2191,137481,2359,0,69,4,343,71,"East TN",2455501,40.1547382794794,0.0519056799644075,96.0700077092211,6.02728323059123,5.19056799644075
2020-06-14,5091,116,4986,115,105,1,5470,135,136014,3868,141484,4003,0,69,4,347,72,"East TN",2455501,42.5167817076841,0.0546697038724374,163.021721432816,4.72408685640934,5.46697038724374
2020-06-15,5273,182,5157,171,116,11,5649,179,139187,3173,144836,3352,0,69,9,356,77,"East TN",2455501,43.4127292149341,0.0550934533711713,136.509820195553,7.41192937815949,5.50934533711713
2020-06-16,5427,154,5309,152,118,2,5807,158,140986,1799,146793,1957,3,72,4,360,80,"East TN",2455501,45.2860740028206,0.0584461152882206,79.6986032585611,6.27163255075034,5.84461152882206
2020-06-17,5560,133,5439,130,121,3,5929,122,142426,1440,148355,1562,3,75,6,366,82,"East TN",2455501,47.5666676576389,0.0652617998064724,63.6122730147534,5.41640993019347,6.52617998064724
2020-06-18,5738,178,5616,177,122,1,6135,206,146017,3591,152152,3797,1,76,12,378,82,"East TN",2455501,44.0643274020251,0.0574944522896913,154.63239477402,7.24902983138675,5.74944522896913
2020-06-19,5873,135,5747,131,126,4,6253,118,147480,1463,153733,1581,4,80,13,391,83,"East TN",2455501,42.5982314810705,0.058352587179625,64.3860458619239,5.49785970357984,5.8352587179625
2020-06-20,5939,66,5812,65,127,1,6348,95,149655,2175,156003,2270,0,80,7,398,83,"East TN",2455501,39.2587907722294,0.0546917179570241,92.4454927935277,2.68784252175014,5.46917179570241
2020-06-21,6027,88,5899,87,128,1,6467,119,153005,3350,159472,3469,1,81,3,401,86,"East TN",2455501,38.1184939448202,0.0554258394485212,141.274631938655,3.58379002900019,5.54258394485212
2020-06-22,6223,196,6088,189,135,7,6665,198,156416,3411,163081,3609,1,82,7,408,87,"East TN",2455501,38.6886423585248,0.0556864894491642,146.976116075701,7.98207779186406,5.56864894491642
2020-06-23,6413,190,6272,184,141,6,6849,184,158220,1804,165069,1988,4,86,15,423,87,"East TN",2455501,40.1547382794794,0.0570146640402714,80.9610747460498,7.73772847170496,5.70146640402714
2020-06-24,6591,178,6448,176,143,2,7032,183,159851,1631,166883,1814,2,88,9,432,87,"East TN",2455501,41.9873581806727,0.0595315198618307,73.8749444614358,7.24902983138675,5.95315198618307
2020-06-25,6760,169,6608,160,152,9,7216,184,163024,3173,170240,3357,0,88,8,440,87,"East TN",2455501,41.620834200434,0.0597633790358249,136.713444629019,6.8825058511481,5.97633790358249
2020-06-26,6974,214,6812,204,162,10,7388,172,164612,1588,172000,1760,1,89,16,456,87,"East TN",2455501,44.8381002491956,0.0621339026660097,71.6758005800038,8.71512575234138,6.21339026660097
2020-06-27,7048,74,6881,69,167,5,7434,46,164821,209,172255,255,-1,88,5,461,89,"East TN",2455501,45.1638993427411,0.0668225449175486,10.3848461067619,3.01364161529562,6.68225449175486
2020-06-28,7175,127,7006,125,169,2,7605,171,167908,3087,175513,3258,0,88,5,466,90,"East TN",2455501,46.7521699237752,0.0709432080294246,132.681680846393,5.17206061003437,7.09432080294246
2020-06-29,7518,343,7347,341,171,2,7945,340,173175,5267,181120,5607,1,89,22,488,91,"East TN",2455501,52.7387282676733,0.0709573701424691,228.344439688683,13.9686361357621,7.09573701424691
2020-06-30,7788,270,7613,266,175,4,8393,448,179461,6286,187854,6734,0,89,22,510,92,"East TN",2455501,55.996719203128,0.0677638797454466,274.241386991901,10.9957194071597,6.77638797454466
2020-07-01,8063,275,7885,272,178,3,8727,334,182665,3204,191392,3538,0,89,17,527,95,"East TN",2455501,59.9470332123668,0.0691582683912032,144.084649120485,11.1993438406256,6.91582683912032
2020-07-02,8543,480,8360,475,183,5,9333,606,189047,6382,198380,6988,2,91,25,552,98,"East TN",2455501,72.6124729739471,0.0752309879175551,284.58550821197,19.5479456127283,7.52309879175551
2020-07-03,8769,226,8580,220,189,6,9561,228,192402,3355,201963,3583,5,96,14,566,99,"East TN",2455501,73.1011716142653,0.0725227780929813,145.917269021678,9.20382439265958,7.25227780929813
2020-07-04,8989,220,8798,218,191,2,9841,280,197166,4764,207007,5044,2,98,15,581,105,"East TN",2455501,79.0470050714701,0.0692622007366483,205.41632848042,8.95947507250048,6.92622007366483
2020-07-05,9309,320,9117,319,192,1,10209,368,201011,3845,211220,4213,2,100,12,593,108,"East TN",2455501,86.9069082032546,0.0729268770829249,171.573947638384,13.0319637418189,7.29268770829249
2020-07-06,9543,234,9340,223,203,11,10419,210,202641,1630,213060,1840,4,104,26,619,108,"East TN",2455501,82.4678955536976,0.0774577332498435,74.9337915154586,9.52962348620506,7.74577332498435
2020-07-07,9991,448,9779,439,212,9,10985,566,208917,6276,219902,6842,0,104,32,651,109,"East TN",2455501,89.7169253850844,0.0808786819770344,278.639674754765,18.2447492385464,8.08786819770345
2020-07-08,10372,381,10150,371,222,10,11419,434,213085,4168,224504,4602,1,105,20,671,109,"East TN",2455501,94.0337633745619,0.0812998308770234,187.415928562033,15.5161818301031,8.12998308770234
2020-07-09,10821,449,10585,435,236,14,11891,472,219034,5949,230925,6421,1,106,24,695,113,"East TN",2455501,92.7712918870731,0.0785988631126133,261.494497456934,18.2854741252396,7.85988631126133
2020-07-10,11288,467,11040,455,248,12,12344,453,222318,3284,234662,3737,0,106,29,724,115,"East TN",2455501,102.58598958013,0.0851096363803174,152.188901572429,19.0185220857169,8.51096363803175
2020-07-11,11594,306,11339,299,255,7,12766,422,226796,4478,239562,4900,5,111,23,747,120,"East TN",2455501,106.088329835744,0.0898479496237137,199.551944796602,12.4618153281143,8.98479496237137
2020-07-12,12064,470,11801,462,263,8,13399,633,232725,5929,246124,6562,1,112,25,772,125,"East TN",2455501,112.197062839722,0.0913935365574146,267.236706480673,19.1406967457965,9.13935365574146
2020-07-13,12418,354,12142,341,276,13,13742,343,236158,3433,249900,3776,3,115,20,792,129,"East TN",2455501,117.084049242904,0.0902008686210641,153.777172153463,14.4166098893871,9.02008686210641
2020-07-14,12933,515,12652,510,281,5,14326,584,240646,4488,254972,5072,4,119,34,826,133,"East TN",2455501,119.812616651347,0.0952666096378671,206.556625307829,20.9733166469898,9.52666096378671
2020-07-15,13313,380,13026,374,287,6,14709,383,243742,3096,258451,3479,6,125,24,850,140,"East TN",2455501,119.771891764654,0.0969157804813386,141.681880805587,15.4754569434099,9.69157804813386
2020-07-16,14140,827,13838,812,302,15,15806,1097,253573,9831,269379,10928,6,131,44,894,142,"East TN",2455501,135.165898934678,0.101809954751131,445.041561783115,33.6794812952632,10.1809954751131
2020-07-17,14608,468,14292,454,316,14,16317,511,257892,4319,274209,4830,3,134,24,918,147,"East TN",2455501,135.206623821371,0.100462740536577,196.701202728079,19.0592469724101,10.0462740536577
2020-07-18,15117,509,14786,494,331,15,16985,668,265980,8088,282965,8756,6,140,27,945,150,"East TN",2455501,143.473775820087,0.097205262309057,356.587107885519,20.7289673268307,9.7205262309057
2020-07-19,15598,481,15248,462,350,19,17545,560,270832,4852,288377,5412,0,140,26,971,154,"East TN",2455501,143.921749573712,0.098123210186259,220.403086783512,19.5886704994215,9.8123210186259
2020-07-20,16033,435,15668,420,365,15,17956,411,273289,2457,291245,2868,2,142,29,1000,158,"East TN",2455501,147.22046539586,0.101922844358447,116.798975036052,17.715325711535,10.1922844358447
2020-07-21,17034,1001,16652,984,382,17,19168,1212,281667,8378,300835,9590,1,143,61,1061,161,"East TN",2455501,167.012760328748,0.105575300351046,390.551663387635,40.7656115798772,10.5575300351046
2020-07-22,17618,584,17220,568,398,16,19822,654,284967,3300,304789,3954,4,147,29,1090,166,"East TN",2455501,175.320637214157,0.11034140446286,161.02620198485,23.7833338288195,11.034140446286
2020-07-23,18412,794,17992,772,420,22,20821,999,295168,10201,315989,11200,4,151,50,1140,172,"East TN",2455501,173.976715953282,0.107594936708861,456.118730963661,32.3355600343881,10.7594936708861
2020-07-24,19015,603,18582,590,433,13,21505,684,300975,5807,322480,6491,2,153,34,1174,179,"East TN",2455501,179.474575656862,0.107476538708541,264.345239525457,24.55710667599,10.7476538708541
2020-07-25,19992,977,19547,965,445,12,22706,1201,310582,9607,333288,10808,10,163,29,1203,187,"East TN",2455501,198.533822629272,0.113685591081613,440.154575379933,39.7882142992408,11.3685591081613
2020-07-26,20767,775,20307,760,460,15,23603,897,318100,7518,341703,8415,1,164,21,1224,194,"East TN",2455501,210.506939317068,0.113603120429059,342.699921523143,31.5617871872176,11.3603120429059
2020-07-27,21412,645,20930,623,482,22,24308,705,322563,4463,346871,5168,6,170,38,1262,198,"East TN",2455501,219.059165522637,0.114191205551361,210.466214430375,26.2675519171037,11.4191205551361
2020-07-28,22227,815,21722,792,505,23,25280,972,330777,8214,356057,9186,7,177,50,1312,203,"East TN",2455501,211.484336597704,0.110680525877368,374.098809163588,33.190782654945,11.0680525877368
2020-07-29,22570,343,22054,332,516,11,25596,316,332347,1570,357943,1886,5,182,24,1336,212,"East TN",2455501,201.669638904647,0.108627760845844,76.807136303345,13.9686361357621,10.8627760845844
2020-07-30,23757,1187,23226,1172,531,15,26976,1380,344877,12530,371853,13910,5,187,46,1382,219,"East TN",2455501,217.674519375068,0.110178290133181,566.48317390219,48.3404405048094,11.0178290133181
2020-07-31,24379,622,23832,606,547,16,27630,654,348844,3967,376474,4621,6,193,27,1409,228,"East TN",2455501,218.448292222239,0.11343853020706,188.189701409203,25.3308795231604,11.343853020706
2020-08-01,24938,559,24374,542,564,17,28266,636,355819,6975,384085,7611,1,194,16,1425,231,"East TN",2455501,201.425289584488,0.109455282792291,309.957112621823,22.7652116614899,10.9455282792291
2020-08-02,25369,431,24794,420,575,11,28749,483,359614,3795,388363,4278,4,198,21,1446,236,"East TN",2455501,187.415928562033,0.110287183883412,174.221065273441,17.5524261647623,11.0287183883412
2020-08-03,25995,626,25402,608,593,18,29457,708,363758,4144,393215,4852,3,201,39,1485,244,"East TN",2455501,186.642155714862,0.111103918522355,197.597150235329,25.4937790699332,11.1103918522355
2020-08-04,26481,486,25868,466,613,20,29983,526,369128,5370,399111,5896,6,207,34,1519,253,"East TN",2455501,173.243667992805,0.109234914293678,240.113931943013,19.7922949328874,10.9234914293678
2020-08-05,26949,468,26328,460,621,8,30504,521,373340,4212,403844,4733,9,216,20,1539,259,"East TN",2455501,178.334278829453,0.106925775037581,192.75088871884,19.0592469724101,10.6925775037581
2020-08-06,27679,730,27020,692,659,38,31355,851,380409,7069,411764,7920,7,223,37,1576,265,"East TN",2455501,159.723005610668,0.109719125053243,322.541102610017,29.7291672860243,10.9719125053243
2020-08-07,28234,555,27561,541,673,14,31974,619,384377,3968,416351,4587,6,229,34,1610,278,"East TN",2455501,156.994438202224,0.108934975048273,186.805055261635,22.6023121147171,10.8934975048273
2020-08-08,28909,675,28224,663,685,12,32774,800,394454,10077,427228,10877,8,237,24,1634,289,"East TN",2455501,161.718525058634,0.104489720232714,442.964592561762,27.4892985178992,10.4489720232714
2020-08-09,29437,528,28740,516,697,12,33408,634,398755,4301,432163,4935,2,239,20,1654,296,"East TN",2455501,165.668839067873,0.106369863013699,200.977315830863,21.5027401740012,10.6369863013699
2020-08-10,29740,303,29032,292,708,11,33736,328,401044,2289,434780,2617,3,242,26,1680,300,"East TN",2455501,152.514700665974,0.102947191146397,106.577028476063,12.3396406680348,10.2947191146397
2020-08-11,30352,612,29627,595,725,17,34421,685,407141,6097,441562,6782,17,259,28,1708,305,"East TN",2455501,157.646036389315,0.104544062566253,276.196181553174,24.9236306562286,10.4544062566253
2020-08-12,30797,445,30051,424,746,21,34895,474,410889,3748,445784,4222,6,265,25,1733,310,"East TN",2455501,156.709363995372,0.104697186456843,171.940471618623,18.1225745784669,10.4697186456843
2020-08-13,31614,817,30855,804,759,13,36012,1117,419450,8561,455462,9678,6,271,44,1777,318,"East TN",2455501,160.252429137679,0.106572383175431,394.135453416635,33.2722324283313,10.6572383175431
2020-08-14,32075,461,31287,432,788,29,36546,534,424106,4656,460652,5190,4,275,18,1795,325,"East TN",2455501,156.42428978852,0.103203087966412,211.362161937625,18.7741727655578,10.3203087966412
2020-08-15,32725,650,31925,638,800,12,37423,877,431041,6935,468464,7812,4,279,17,1812,334,"East TN",2455501,155.40616762119,0.112741294014938,318.142814847153,26.4711763505696,11.2741294014938
2020-08-16,33199,474,32388,463,811,11,38016,593,436505,5464,474521,6057,2,281,10,1822,343,"East TN",2455501,153.207023739758,0.108787005996506,246.670638700615,19.3035962925692,10.8787005996506
2020-08-17,33472,273,32591,203,881,70,38243,227,437974,1469,476217,1696,8,289,12,1834,349,"East TN",2455501,151.985277138963,0.108767526606656,69.0694078316401,11.1178940672392,10.8767526606656
2020-08-18,34102,630,33156,565,946,65,39055,812,448566,10592,487621,11404,8,297,22,1856,352,"East TN",2455501,152.71832509944,0.100610087062246,464.42660784907,25.6566786167059,10.0610087062246
2020-08-19,34557,455,33590,434,967,21,39552,497,453349,4783,492901,5280,7,304,22,1878,359,"East TN",2455501,153.125573966372,0.0988390602118131,215.027401740011,18.5298234453987,9.88390602118131
2020-08-20,35333,776,34345,755,988,21,40424,872,464881,11532,505305,12404,6,310,27,1905,367,"East TN",2455501,151.455853611951,0.0885179463515438,505.151494542254,31.6025120739108,8.85179463515438
2020-08-21,35542,209,34542,197,1000,12,40637,213,467332,2451,507969,2664,17,327,17,1922,374,"East TN",2455501,141.193182165269,0.0864594120506372,108.491098150642,8.51150131887546,8.64594120506372
2020-08-22,36411,869,35399,857,1012,12,41609,972,480698,13366,522307,14338,2,329,20,1942,381,"East TN",2455501,150.111932351076,0.0777445536095686,583.913425406872,35.3899265363769,7.77445536095686
2020-08-23,36664,253,35641,242,1023,11,41863,254,485802,5104,527665,5358,0,329,20,1962,386,"East TN",2455501,141.111732391883,0.072388228210146,218.20394290208,10.3033963333756,7.2388228210146
2020-08-24,36856,192,35816,175,1040,17,42061,198,487145,1343,529206,1541,8,337,15,1977,396,"East TN",2455501,137.813016569735,0.072052690180981,62.7570503941965,7.81917824509133,7.2052690180981
2020-08-25,37470,614,36405,589,1065,25,42746,685,496872,9727,539618,10412,16,353,23,2000,405,"East TN",2455501,137.161418382644,0.0709848645114141,424.027520249432,25.005080429615,7.09848645114141
2020-08-26,37813,343,36723,318,1090,25,43129,383,500834,3962,543963,4345,6,359,11,2011,413,"East TN",2455501,132.600231073007,0.0700520935333516,176.949632681884,13.9686361357621,7.00520935333516
2020-08-27,38674,861,37567,844,1107,17,44105,976,511121,10287,555226,11263,8,367,29,2040,420,"East TN",2455501,136.061846441928,0.0737365036758078,458.684398825331,35.0641274428314,7.37365036758078
2020-08-28,39008,334,37881,314,1127,20,44443,338,513730,2609,558173,2947,12,379,10,2050,426,"East TN",2455501,141.152457278576,0.0758106923751096,120.016241084813,13.6021121555235,7.58106923751096
2020-08-29,39459,451,38316,435,1143,16,44971,528,520249,6519,565220,7047,8,387,16,2066,435,"East TN",2455501,124.129454640825,0.0783445575932701,286.988276526868,18.366923898626,7.83445575932701
2020-08-30,39722,263,38568,252,1154,11,45238,267,522130,1881,567368,2148,8,395,14,2080,438,"East TN",2455501,124.536703507757,0.0850061708183261,87.4770566169592,10.7106452003074,8.50061708183261
2020-08-31,40129,407,38946,378,1183,29,45688,450,525616,3486,571304,3936,2,397,17,2097,443,"East TN",2455501,133.292554146791,0.0861561119293078,160.293154024372,16.5750288841259,8.61561119293078
2020-09-01,40736,607,39511,565,1225,42,46362,674,531279,5663,577641,6337,6,403,28,2125,452,"East TN",2455501,133.007479939939,0.0951003340083634,258.073606974707,24.7200062227627,9.51003340083634
2020-09-02,41224,488,39970,459,1254,29,46815,453,536072,4793,582887,5246,7,410,22,2147,459,"East TN",2455501,138.912588510451,0.0946973589559141,213.642755592443,19.8737447062738,9.46973589559141
2020-09-03,41779,555,40492,522,1287,33,47462,647,544328,8256,591790,8903,6,416,22,2169,462,"East TN",2455501,126.450773182336,0.0918116179849032,362.573666229417,22.6023121147171,9.18116179849032
2020-09-04,42136,357,40835,343,1301,14,47810,348,547660,3332,595470,3680,7,423,11,2180,463,"East TN",2455501,127.38744557628,0.0902753572673405,149.867583030917,14.5387845494667,9.02753572673405
2020-09-05,43134,998,41818,983,1316,15,48900,1090,556971,9311,605871,10401,1,424,26,2206,469,"East TN",2455501,149.663958597451,0.0966519888809623,423.579546495807,40.6434369197976,9.66519888809623
2020-09-06,43397,263,42065,247,1332,16,49168,268,559595,2624,608763,2892,0,424,9,2215,483,"East TN",2455501,149.663958597451,0.0949390022949632,117.776372316688,10.7106452003074,9.49390022949632
2020-09-07,43601,204,42262,197,1339,7,49405,237,560931,1336,610336,1573,3,427,13,2228,487,"East TN",2455501,141.396806598735,0.0952295552367288,64.0602467683784,8.30787688540954,9.52295552367288
2020-09-08,43912,311,42551,289,1361,22,49725,320,564356,3425,614081,3745,7,434,24,2252,494,"East TN",2455501,129.342240137552,0.0922886937431394,152.514700665974,12.6654397615802,9.22886937431394
2020-09-09,44245,333,42867,316,1378,17,50099,374,569498,5142,619597,5516,6,440,16,2268,501,"East TN",2455501,123.029882700109,0.0894579133751022,224.638474999603,13.5613872688303,8.94579133751022
2020-09-10,44920,675,43505,638,1415,37,50806,707,577304,7806,628110,8513,18,458,39,2307,512,"East TN",2455501,127.916869103291,0.0920704845814978,346.690960419075,27.4892985178992,9.20704845814978
2020-09-11,45245,325,43807,302,1438,23,51160,354,581459,4155,632619,4509,17,475,26,2333,523,"East TN",2455501,126.613672729109,0.0901773937387278,183.628514099567,13.2355881752848,9.01773937387278
2020-09-12,45663,418,44207,400,1456,18,51671,511,588443,6984,640114,7495,10,485,14,2347,534,"East TN",2455501,102.993238447062,0.0809216482200742,305.233025765414,17.0230026377509,8.09216482200742
2020-09-13,46102,439,44626,419,1476,20,52171,500,594017,5574,646188,6074,2,487,21,2368,539,"East TN",2455501,110.160818505063,0.0802404809619238,247.3629617744,17.8782252583078,8.02404809619238
2020-09-14,46546,444,45055,429,1491,15,52656,485,598990,4973,651646,5458,9,496,25,2393,549,"East TN",2455501,119.934791311427,0.0786976519002663,222.276431571398,18.0818496917737,7.86976519002663
2020-09-15,47039,493,45511,456,1528,37,53196,540,607164,8174,660360,8714,7,503,20,2413,552,"East TN",2455501,127.346720689586,0.0750016206054582,354.876662644405,20.0773691397397,7.50016206054582
2020-09-16,47392,353,45821,310,1571,43,53590,394,610578,3414,664168,3808,6,509,17,2430,561,"East TN",2455501,128.16121842345,0.0783244710686321,155.080368527645,14.375885002694,7.83244710686321
2020-09-17,47943,551,46340,519,1603,32,54167,577,617753,7175,671920,7752,8,517,21,2451,572,"East TN",2455501,123.111332473495,0.0767176443734307,315.699321645562,22.4394125679444,7.67176443734307
2020-09-18,48477,534,46826,486,1651,48,54733,566,625866,8113,680599,8679,17,534,30,2481,578,"East TN",2455501,131.622833792371,0.074468528553564,353.451291610144,21.7470894941603,7.4468528553564
2020-09-19,48985,508,47311,485,1674,23,55306,573,634218,8352,689524,8925,3,537,30,2511,580,"East TN",2455501,135.288073594757,0.0735681036227484,363.469613736667,20.6882424401375,7.35681036227484
2020-09-20,49291,306,47592,281,1699,25,55635,329,639176,4958,694811,5287,1,538,13,2524,591,"East TN",2455501,129.871663664564,0.0712420048125373,215.312475946864,12.4618153281143,7.12420048125373
2020-09-21,49454,163,47725,133,1729,30,55787,152,640692,1516,696479,1668,3,541,9,2533,596,"East TN",2455501,118.427970503779,0.0698369504605982,67.9291110042309,6.63815653098899,6.98369504605982
2020-09-22,49914,460,48127,402,1787,58,56277,490,646841,6149,703118,6639,6,547,29,2562,603,"East TN",2455501,117.084049242904,0.0720566911455166,270.372522756049,18.7334478788646,7.20566911455166
2020-09-23,50208,294,48381,254,1827,40,56559,282,648934,2093,705493,2375,8,555,13,2575,612,"East TN",2455501,114.681280928006,0.0718451300665457,96.721605896312,11.9731166877961,7.18451300665457
2020-09-24,50671,463,48823,442,1848,21,57039,480,655824,6890,712863,7370,11,566,28,2603,617,"East TN",2455501,111.097490899006,0.0701463009549862,300.142414928766,18.8556225389442,7.01463009549862
2020-09-25,51125,454,49253,430,1872,24,57525,486,662498,6674,720023,7160,11,577,18,2621,624,"East TN",2455501,107.839499963551,0.0708198051948052,291.590188723197,18.4890985587055,7.08198051948052
2020-09-26,51683,558,49787,534,1896,24,58163,638,673052,10554,731215,11192,5,582,29,2650,631,"East TN",2455501,109.87574429821,0.0685279796598786,455.792931870115,22.7244867747967,6.85279796598786
2020-09-27,52076,393,50152,365,1924,28,58570,407,679069,6017,737639,6424,3,585,30,2680,638,"East TN",2455501,113.418809440517,0.0685299336882413,261.616672117014,16.0048804704213,6.85299336882413
2020-09-28,52310,234,50347,195,1963,39,58795,225,680755,1686,739550,1911,4,589,15,2695,645,"East TN",2455501,116.310276395733,0.0698381741775208,77.8252584706746,9.52962348620506,6.98381741775208
2020-09-29,52693,383,50687,340,2006,43,59192,397,686563,5808,745755,6205,9,598,33,2728,647,"East TN",2455501,113.174460120358,0.0683678495203696,252.697921931207,15.5976316034895,6.83678495203696
2020-09-30,53175,482,51137,450,2038,32,59668,476,690001,3438,749669,3914,6,604,23,2751,651,"East TN",2455501,120.830738818677,0.0703775805867439,159.397206517122,19.6293953861147,7.0377580586744
2020-10-01,53563,388,51486,349,2077,39,60047,379,693279,3278,753326,3657,11,615,31,2782,656,"East TN",2455501,117.776372316688,0.0743395200553592,148.930910636974,15.8012560369554,7.43395200553592
2020-10-02,54027,464,51922,436,2105,28,60509,462,696900,3621,757409,4083,2,617,17,2799,660,"East TN",2455501,118.18362118362,0.079815973893971,166.27971236827,18.8963474256374,7.9815973893971
2020-10-03,54432,405,52310,388,2122,17,60992,483,704358,7458,765350,7941,12,629,22,2821,666,"East TN",2455501,111.952713519563,0.082876812655632,323.396325230574,16.4935791107395,8.2876812655632
2020-10-04,54887,455,52735,425,2152,30,61531,539,714480,10122,776011,10661,4,633,27,2848,679,"East TN",2455501,114.47765649454,0.0771656416136766,434.168017036035,18.5298234453987,7.71656416136766
2020-10-05,55558,671,53347,612,2211,59,62282,751,721729,7249,784011,8000,5,638,42,2890,688,"East TN",2455501,132.274431979462,0.0784282854636648,325.799093545472,27.3263989711265,7.84282854636648
2020-10-06,56308,750,54013,666,2295,84,63021,739,728366,6637,791387,7376,8,646,46,2936,697,"East TN",2455501,147.22046539586,0.0839104137447405,300.386764248925,30.543665019888,8.39104137447405
2020-10-07,57045,737,54672,659,2373,78,63729,708,735117,6751,798846,7459,3,649,38,2974,703,"East TN",2455501,157.605311502622,0.0825792545295565,303.766929844459,30.0142414928766,8.25792545295565
2020-10-08,57763,718,55329,657,2434,61,64407,678,741575,6458,805982,7136,10,659,32,3006,709,"East TN",2455501,171.044524111373,0.082801580066849,290.612791442561,29.2404686457061,8.2801580066849
2020-10-09,58304,541,55828,499,2476,42,64967,560,747054,5479,812021,6039,4,663,20,3026,716,"East TN",2455501,174.180340386748,0.0816304108987036,245.937590740138,22.0321637010125,8.16304108987036
2020-10-10,58922,618,56416,588,2506,30,65636,669,755480,8426,821116,9095,12,675,20,3046,730,"East TN",2455501,182.854741252396,0.08327654843453,370.392844474508,25.1679799763877,8.327654843453
2020-10-11,59865,943,57328,912,2537,31,66665,1029,765906,10426,832571,11455,1,676,37,3083,737,"East TN",2455501,202.72848595867,0.0907708628005658,466.503577070423,38.4035681516725,9.07708628005658
2020-10-12,60221,356,57613,285,2608,71,66982,317,768827,2921,835809,3238,6,682,19,3102,748,"East TN",2455501,189.900146650317,0.0907370940962972,131.86718311253,14.4980596627735,9.07370940962972
2020-10-13,60726,505,58066,453,2660,52,67466,484,773208,4381,840674,4865,9,691,24,3126,755,"East TN",2455501,179.922549410487,0.0901860531174549,198.12657376234,20.5660677800579,9.01860531174549
2020-10-14,61600,874,58878,812,2722,62,68314,848,779392,6184,847706,7032,1,692,44,3170,762,"East TN",2455501,185.501858887453,0.0938395415472779,286.37740322647,35.5935509698428,9.38395415472779
2020-10-15,62109,509,59318,440,2791,69,68779,465,783545,4153,852324,4618,14,706,19,3189,771,"East TN",2455501,176.990357568578,0.0943420655129256,188.067526749124,20.7289673268307,9.43420655129256
2020-10-16,62748,639,59914,596,2834,43,69363,584,787634,4089,856997,4673,2,708,22,3211,783,"East TN",2455501,180.98139646451,0.097741017431519,190.307395517249,26.0232025969446,9.7741017431519
2020-10-17,63466,718,60595,681,2871,37,70223,860,796417,8783,866640,9643,6,714,37,3248,790,"East TN",2455501,185.053885133828,0.100760038660926,392.710082382373,29.2404686457061,10.0760038660926
2020-10-18,64270,804,61353,758,2917,46,71093,870,804525,8108,875618,8978,3,717,39,3287,798,"East TN",2455501,179.393125883476,0.102864311101819,365.628032731406,32.7428089013199,10.2864311101819
2020-10-19,65018,748,62038,685,2980,63,71852,759,809423,4898,881275,5657,3,720,67,3354,809,"East TN",2455501,195.357281467204,0.107113007522104,230.380684023342,30.4622152465016,10.7113007522104
2020-10-20,65704,686,62647,609,3057,77,72543,691,813037,3614,885580,4305,15,735,32,3386,822,"East TN",2455501,202.72848595867,0.113058388634036,175.320637214157,27.9372722715242,11.3058388634036
2020-10-21,66297,593,63199,552,3098,41,73159,616,816780,3743,889939,4359,5,740,27,3413,836,"East TN",2455501,191.284792797885,0.114720716027751,177.519781095589,24.1498578090581,11.4720716027751
2020-10-22,67427,1130,64235,1036,3192,94,74260,1101,825344,8564,899604,9665,10,750,43,3456,851,"East TN",2455501,216.574947434353,0.115926395939086,393.606029889623,46.0191219632979,11.5926395939086
2020-10-23,68398,971,65139,904,3259,67,75230,970,832460,7116,907690,8086,19,769,39,3495,859,"East TN",2455501,230.09560981649,0.115735900420176,329.301433801086,39.5438649790817,11.5735900420176
2020-10-24,69635,1237,66314,1175,3321,62,76557,1327,842981,10521,919538,11848,12,781,50,3545,876,"East TN",2455501,251.231826010252,0.119739876743922,482.508457540844,50.3766848394686,11.9739876743922
2020-10-25,70564,929,67186,872,3378,57,77604,1047,850856,7875,928460,8922,9,790,43,3588,887,"East TN",2455501,256.3224368469,0.123216380909125,363.347439076588,37.8334197379679,12.3216380909125
2020-10-26,71026,462,67592,406,3434,56,78038,434,853611,2755,931649,3189,6,796,21,3609,900,"East TN",2455501,244.675119252649,0.122801445189979,129.871663664564,18.814897652251,12.2801445189979
2020-10-27,71868,842,68304,712,3564,130,78821,783,857995,4384,936816,5167,12,808,54,3663,924,"East TN",2455501,251.028201576786,0.122531032867515,210.425489543682,34.2903545956609,12.2531032867515
2020-10-28,72865,997,69215,911,3650,86,79791,970,865211,7216,945002,8186,13,821,41,3704,938,"East TN",2455501,267.481055800833,0.120443855220384,333.373922470404,40.6027120331044,12.0443855220384
2020-10-29,73773,908,70008,793,3765,115,80625,834,871713,6502,952338,7336,11,832,40,3744,950,"East TN",2455501,258.440130954946,0.120700117571206,298.757768781198,36.9781971174111,12.0700117571206
2020-10-30,74673,900,70815,807,3858,93,81465,840,876569,4856,958034,5696,28,860,39,3783,966,"East TN",2455501,255.54866399973,0.123847926267281,231.968954604376,36.6523980238656,12.3847926267281
2020-10-31,74687,14,70829,14,3858,0,81481,16,876590,21,958071,37,5,865,0,3783,977,"East TN",2455501,205.742127573966,0.127786572548205,1.50682080764781,0.570148413704576,12.7786572548205
2020-11-01,75194,507,71219,390,3975,117,81951,470,883153,6563,965104,7033,0,865,27,3810,993,"East TN",2455501,188.556225389442,0.118627879052505,286.418128113163,20.6475175534443,11.8627879052505
2020-11-02,76004,810,71961,742,4043,68,82726,775,887381,4228,970107,5003,11,876,38,3848,1007,"East TN",2455501,202.72848595867,0.121899214727755,203.746608126,32.987158221479,12.1899214727755
2020-11-03,77044,1040,72921,960,4123,80,83802,1076,894243,6862,978045,7938,31,907,29,3877,1020,"East TN",2455501,210.79201352392,0.120813019961677,323.274150570495,42.3538821609114,12.0813019961677
2020-11-04,77955,911,73733,812,4222,99,84649,847,899128,4885,983777,5732,6,913,35,3912,1044,"East TN",2455501,207.289673268307,0.12528691166989,233.435050525331,37.1003717774906,12.528691166989
2020-11-05,78533,578,74217,484,4316,94,85150,501,901789,2661,986939,3162,17,930,27,3939,1058,"East TN",2455501,193.850460659556,0.130776567151238,128.772091723848,23.5389845086603,13.0776567151238
2020-11-06,79499,966,75066,849,4433,117,86077,927,908196,6407,994273,7334,10,940,37,3976,1082,"East TN",2455501,196.538303181306,0.127266204917354,298.676319007811,39.3402405456157,12.7266204917354
2020-11-07,80826,1327,76307,1241,4519,86,87496,1419,919116,10920,1006612,12339,21,961,52,4028,1092,"East TN",2455501,250.010079409457,0.123915864938918,502.504376907197,54.0419246418552,12.3915864938918
2020-11-08,82383,1557,77746,1439,4637,118,89163,1667,932015,12899,1021178,14566,3,964,52,4080,1109,"East TN",2455501,292.7712104373,0.128615757748689,593.198699572918,63.4086485812875,12.8615757748689
2020-11-09,83002,619,78285,539,4717,80,89743,580,935467,3452,1025210,4032,9,973,19,4099,1120,"East TN",2455501,284.992757078902,0.127343338838176,164.202743146918,25.2087048630809,12.7343338838176
2020-11-10,83941,939,79135,850,4806,89,90666,923,940468,5001,1031134,5924,27,1000,44,4143,1138,"East TN",2455501,280.87954352289,0.12929232044303,241.254228770422,38.2406686048998,12.929232044303
2020-11-11,85245,1304,80235,1100,5010,204,91835,1169,947015,6547,1038850,7716,26,1026,59,4202,1152,"East TN",2455501,296.884423993311,0.130481361102537,314.233225724608,53.1052522479119,13.0481361102537
2020-11-12,86082,837,80940,705,5142,132,92599,764,951228,4213,1043827,4977,15,1041,34,4236,1170,"East TN",2455501,307.432169646846,0.130941499085923,202.687761071977,34.086730162195,13.0941499085923
2020-11-13,87540,1458,82227,1287,5313,171,93898,1299,957087,5859,1050985,7158,27,1068,47,4283,1186,"East TN",2455501,327.468813899893,0.137907321201862,291.508738949811,59.3768847986623,13.7907321201862
2020-11-14,89015,1475,83618,1391,5397,84,95433,1535,965982,8895,1061415,10430,7,1075,52,4335,1215,"East TN",2455501,333.496097130484,0.144827837892086,424.760568209909,60.0692078724464,14.4827837892086
2020-11-15,90967,1952,85351,1733,5616,219,97393,1960,977151,11169,1074544,13129,7,1082,56,4391,1232,"East TN",2455501,349.582427374291,0.154218041449612,534.677037394813,79.4949788250952,15.4218041449612
2020-11-16,92492,1525,86750,1399,5742,126,98930,1537,984770,7619,1083700,9156,10,1092,41,4432,1251,"East TN",2455501,386.479174718316,0.157069584544367,372.877062562793,62.1054522071056,15.7069584544367
2020-11-17,93704,1212,87869,1119,5835,93,100151,1221,989913,5143,1090064,6364,31,1123,46,4478,1278,"East TN",2455501,397.597068785555,0.160953673850331,259.173178915423,49.358562672139,16.0953673850331
2020-11-18,94902,1198,88825,956,6077,242,101184,1033,995057,5144,1096241,6177,14,1137,53,4531,1293,"East TN",2455501,393.280230796078,0.162900106288442,251.557625103798,48.7884142584344,16.2900106288442
2020-11-19,95982,1080,89706,881,6276,199,102043,859,999718,4661,1101761,5520,45,1182,52,4583,1313,"East TN",2455501,403.176378262522,0.163013083854041,224.801374546376,43.9828776286387,16.3013083854041
2020-11-20,97108,1126,90669,963,6439,163,103066,1023,1004617,4899,1107683,5922,28,1210,36,4619,1339,"East TN",2455501,389.655715880384,0.161698825355392,241.172778997036,45.8562224165252,16.1698825355392
2020-11-21,98326,1218,91733,1064,6593,154,104165,1099,1011023,6406,1115188,7505,3,1213,47,4666,1363,"East TN",2455501,379.189420000236,0.162386327710933,305.640274632346,49.6029119922981,16.2386327710933
2020-11-22,99912,1586,93162,1429,6750,157,105831,1666,1020624,9601,1126455,11267,17,1230,57,4723,1390,"East TN",2455501,364.284111470531,0.162547436959411,458.847298372104,64.5896702953898,16.2547436959411
2020-11-23,100803,891,93920,758,6883,133,106533,702,1023740,3116,1130273,3818,18,1248,35,4758,1417,"East TN",2455501,338.464533307052,0.163249092822021,155.487617394577,36.2858740436269,16.3249092822021
2020-11-24,101714,911,94655,735,7059,176,107238,705,1026767,3027,1134005,3732,13,1261,57,4815,1445,"East TN",2455501,326.206342412404,0.161284449602877,151.985277138963,37.1003717774906,16.1284449602877
2020-11-25,102620,906,95341,686,7279,220,107783,545,1029075,2308,1136858,2853,38,1299,56,4871,1470,"East TN",2455501,314.314675497994,0.162468916955954,116.188101735654,36.8967473440247,16.2468916955954
2020-11-26,104085,1465,96728,1387,7357,78,109452,1669,1037440,8365,1146892,10034,18,1317,25,4896,1489,"East TN",2455501,329.99375687487,0.164166537413308,408.633513079408,59.6619590055146,16.4166537413308
2020-11-27,105788,1703,98294,1566,7494,137,111201,1749,1044979,7539,1156180,9288,5,1322,50,4946,1517,"East TN",2455501,353.492016496837,0.167742334577397,378.252747606293,69.3544820384923,16.7742334577397
2020-11-28,107412,1624,99674,1380,7738,244,112695,1494,1052509,7530,1165204,9024,2,1324,45,4991,1545,"East TN",2455501,370.02632049427,0.170545425463852,367.501377519292,66.1372159897308,17.0545425463852
2020-11-29,109699,2287,101794,2120,7905,167,115020,2325,1063204,10695,1178224,13020,4,1328,51,5042,1570,"East TN",2455501,398.574466066192,0.177500048291449,530.238024745256,93.1378158673118,17.7500048291449
2020-11-30,111933,2234,103799,2005,8134,229,117240,2220,1072654,9450,1189894,11670,15,1343,53,5095,1601,"East TN",2455501,453.267988895138,0.179584374633099,475.259427709457,90.979396872573,17.9584374633099
2020-12-01,114194,2261,105805,2006,8389,255,119378,2138,1081489,8835,1200867,10973,20,1363,63,5158,1629,"East TN",2455501,508.246585930936,0.181568005743173,446.874181684308,92.078968813289,18.1568005743172
2020-12-02,115251,1057,106718,913,8533,144,120254,876,1084397,2908,1204651,3784,15,1378,42,5200,1662,"East TN",2455501,514.396043821607,0.183957045712684,154.102971247008,43.0462052346955,18.3957045712684
2020-12-03,117059,1808,108287,1569,8772,239,121976,1722,1090388,5991,1212364,7713,33,1411,45,5245,1683,"East TN",2455501,528.364679957369,0.191287878787879,314.111051064528,73.6305951412767,19.1287878787879
2020-12-04,118788,1729,109675,1388,9113,341,123434,1458,1095908,5520,1219342,6978,37,1448,36,5281,1718,"East TN",2455501,529.423527011392,0.193676577689117,284.178259345038,70.4133290925151,19.3676577689117
2020-12-05,119921,1133,110584,909,9337,224,124363,929,1098972,3064,1223335,3993,5,1453,24,5305,1744,"East TN",2455501,509.427607645039,0.200719065558824,162.614472565884,46.1412966233775,20.0719065558824
2020-12-06,121390,1469,111847,1263,9543,206,125604,1241,1103464,4492,1229068,5733,20,1473,40,5345,1780,"East TN",2455501,476.114650330014,0.20816615529856,233.475775412024,59.8248585522873,20.816615529856
2020-12-07,124113,2723,114252,2405,9861,318,128175,2571,1113010,9546,1241185,12117,31,1504,51,5396,1802,"East TN",2455501,496.029119922981,0.2131952974206,493.46345206131,110.89386646554,21.31952974206
2020-12-08,126877,2764,116615,2363,10262,401,130706,2531,1121369,8359,1252075,10890,45,1549,71,5467,1826,"East TN",2455501,516.513737929653,0.221215435088267,443.494016088774,112.563586819961,22.1215435088267
2020-12-09,129521,2644,118998,2383,10523,261,133283,2577,1128467,7098,1261750,9675,21,1570,56,5523,1849,"East TN",2455501,581.144133111736,0.228182630168654,394.013278756555,107.676600416778,22.8182630168654
2020-12-10,132596,3075,121680,2682,10916,393,136233,2950,1139936,11469,1276169,14419,30,1600,74,5597,1886,"East TN",2455501,632.742564552,0.223446438366899,587.21214122902,125.229026581541,22.3446438366899
2020-12-11,134580,1984,123428,1748,11152,236,138023,1790,1147107,7171,1285130,8961,35,1635,50,5647,1911,"East TN",2455501,643.127410658762,0.221757767373989,364.935709657622,80.798175199277,22.1757767373989
2020-12-12,137841,3261,126155,2727,11686,534,140997,2974,1158339,11232,1299336,14206,21,1656,73,5720,1936,"East TN",2455501,729.789969541857,0.218865541242878,578.537740363372,132.803855506473,21.8865541242878
2020-12-13,142131,4290,130014,3859,12117,431,145361,4364,1175619,17280,1320980,21644,15,1671,62,5782,1970,"East TN",2455501,844.674874903329,0.214955609713639,881.449447587274,174.709763913759,21.4955609713639
2020-12-14,144990,2859,132471,2457,12519,402,148034,2673,1184897,9278,1332931,11951,37,1708,72,5854,2004,"East TN",2455501,850.213459493602,0.216456303272077,486.703120870242,116.432451055813,21.6456303272077
2020-12-15,149116,4126,136011,3540,13105,586,151897,3863,1199918,15021,1351815,18884,34,1742,94,5948,2035,"East TN",2455501,905.680755169719,0.212462402245839,769.048760314087,168.030882496077,21.2462402245839
2020-12-16,152334,3218,138268,2257,14066,961,154283,2386,1207814,7896,1362097,10282,19,1761,60,6008,2077,"East TN",2455501,929.056840131607,0.209273819845137,418.733284979318,131.052685378666,20.9273819845137
2020-12-17,156401,4067,141640,3372,14761,695,157890,3607,1218513,10699,1376403,14306,58,1819,75,6083,2116,"East TN",2455501,969.455927731245,0.216064409282279,582.61022903269,165.628114181179,21.6064409282279
2020-12-18,159608,3207,144376,2736,15232,471,160769,2879,1227202,8689,1387971,11568,43,1862,62,6145,2146,"East TN",2455501,1019.26246415701,0.221176379070604,471.105489266752,130.604711625041,22.1176379070604
2020-12-19,162248,2640,146618,2242,15630,398,163237,2468,1235565,8363,1398802,10831,27,1889,41,6186,2183,"East TN",2455501,993.972309520542,0.223593991916836,441.091247773876,107.513700870006,22.3593991916836
2020-12-20,165878,3630,149583,2965,16295,665,166553,3316,1249508,13943,1416061,17259,16,1905,55,6241,2217,"East TN",2455501,967.09388430304,0.222883646575026,702.870819437663,147.831338696258,22.2883646575026
2020-12-21,168191,2313,151325,1742,16866,571,168456,1903,1256420,6912,1424876,8815,14,1919,35,6276,2252,"East TN",2455501,944.858096168562,0.222111044646256,358.989876200417,94.1966629213346,22.2111044646256
2020-12-22,170845,2654,153026,1701,17819,953,170255,1799,1261473,5053,1431728,6852,62,1981,60,6336,2297,"East TN",2455501,884.911062956195,0.229724825748001,279.046923621697,108.08384928371,22.9724825748001
2020-12-23,173063,2218,154472,1446,18591,772,171795,1540,1267250,5777,1439045,7317,41,2022,35,6371,2337,"East TN",2455501,844.186176263011,0.227582263346676,297.983995934027,90.3277986854821,22.7582263346676
2020-12-24,175155,2092,155930,1458,19225,634,173393,1598,1273539,6289,1446932,7887,15,2037,30,6401,2375,"East TN",2455501,763.754525043973,0.219810290802365,321.197181349142,85.1964629621409,21.9810290802365
2020-12-25,177521,2366,157909,1979,19612,387,175559,2166,1282086,8547,1457645,10713,3,2040,27,6428,2411,"East TN",2455501,729.504895335005,0.212274306053908,436.28571114408,96.3550819160733,21.2274306053908
2020-12-26,179460,1939,159376,1467,20084,472,177171,1612,1287739,5653,1464910,7265,2,2042,43,6471,2449,"East TN",2455501,700.956749763083,0.210776305439584,295.866301825982,78.9655552980838,21.0776305439584
2020-12-27,180756,1296,160286,910,20470,386,178161,990,1290532,2793,1468693,3783,27,2069,41,6512,2480,"East TN",2455501,605.904864221191,0.220550235598115,154.062246360315,52.7794531543665,22.0550235598115
2020-12-28,182152,1396,161264,978,20888,418,179181,1020,1292351,1819,1471532,2839,25,2094,42,6554,2517,"East TN",2455501,568.560143123542,0.229873971193416,115.617953321949,56.8519418236849,22.9873971193416
2020-12-29,185057,2905,162990,1726,22067,1179,180959,1778,1296438,4087,1477397,5865,50,2144,64,6618,2559,"East TN",2455501,578.782089683531,0.234382184851869,238.851460455524,118.3057958437,23.4382184851869
2020-12-30,187385,2328,164606,1616,22779,712,182636,1677,1300917,4479,1483553,6156,40,2184,44,6662,2597,"East TN",2455501,583.261827219781,0.243574188909859,250.702402483241,94.8075362217323,24.3574188909859
2020-12-31,190830,3445,167286,2680,23544,765,185531,2895,1308040,7123,1493571,10018,52,2236,30,6692,2640,"East TN",2455501,638.362598915659,0.26025429361693,407.981914892317,140.297234658019,26.025429361693
2021-01-01,193073,2243,169006,1720,24067,523,187392,1861,1312896,4856,1500288,6717,24,2260,31,6723,2680,"East TN",2455501,633.353437852398,0.277489857655418,273.549063918117,91.3459208528117,27.7489857655418
2021-01-02,195811,2738,171127,2121,24684,617,189647,2255,1317581,4685,1507228,6940,4,2264,65,6788,2717,"East TN",2455501,665.892622320252,0.294815444964318,282.630713650697,111.504739765938,29.4815444964318
2021-01-03,197132,1321,172036,909,25096,412,190588,941,1320236,2655,1510824,3596,15,2279,25,6813,2761,"East TN",2455501,666.910744487581,0.294960955116185,146.44669254869,53.7975753216961,29.4960955116185
2021-01-04,198695,1563,173169,1133,25526,430,191772,1184,1322014,1778,1513786,2962,46,2325,34,6847,2811,"East TN",2455501,673.711800565343,0.297983622852274,120.627114385211,63.6529979014466,29.7983622852274
2021-01-05,201609,2914,174909,1740,26700,1174,193602,1830,1325964,3950,1519566,5780,43,2368,61,6908,2855,"East TN",2455501,674.078324545581,0.299817401408618,235.389845086604,118.672319823938,29.9817401408618
2021-01-06,204159,2550,176706,1797,27453,753,195508,1906,1330185,4221,1525693,6127,52,2420,63,6971,2898,"East TN",2455501,683.119249391468,0.305457997152349,249.521380769138,103.848461067619,30.5457997152349
2021-01-07,206670,2511,178845,2139,27825,372,197834,2326,1335555,5370,1533389,7696,33,2453,45,7016,2930,"East TN",2455501,645.082205220035,0.308980862926315,313.418727990744,102.260190486585,30.8980862926315
2021-01-08,209035,2365,180709,1864,28326,501,199826,1992,1341285,5730,1541111,7722,50,2503,48,7064,2985,"East TN",2455501,650.050641396603,0.304583200646694,314.477575044767,96.3143570293801,30.4583200646694
2021-01-09,211619,2584,182718,2009,28901,575,202011,2185,1347336,6051,1549347,8236,27,2530,33,7097,3013,"East TN",2455501,643.779008845853,0.293549229563855,335.410166805063,105.233107215187,29.3549229563855
2021-01-10,213289,1670,183852,1134,29437,536,203262,1251,1351631,4295,1554893,5546,36,2566,41,7138,3053,"East TN",2455501,657.991994301774,0.287594454151444,225.860221600398,68.0105607776173,28.7594454151444
2021-01-11,214714,1425,184864,1012,29850,413,204362,1100,1354165,2534,1558527,3634,28,2594,41,7179,3093,"East TN",2455501,652.371959938115,0.281397376008583,147.994238243031,58.0329635377872,28.1397376008583
2021-01-12,216541,1827,186004,1140,30537,687,205554,1192,1357243,3078,1562797,4270,60,2654,39,7218,3134,"East TN",2455501,608.104008102623,0.276468275080382,173.895266179896,74.4043679884472,27.6468275080382
2021-01-13,218069,1528,187079,1075,30990,453,206690,1136,1360833,3590,1567523,4726,49,2703,32,7250,3161,"East TN",2455501,566.483173902189,0.267320105187664,192.465814511988,62.2276268671852,26.7320105187664
2021-01-14,220325,2256,188864,1785,31461,471,208657,1967,1367276,6443,1575933,8410,38,2741,50,7300,3203,"East TN",2455501,556.098327795428,0.254395449417074,342.496297089677,91.8753443798231,25.4395449417074
2021-01-15,221291,966,189537,673,31754,293,209353,696,1369574,2298,1578927,2994,23,2764,30,7330,3244,"East TN",2455501,499.124211311663,0.25193039983076,121.930310759393,39.3402405456157,25.1930399830759
2021-01-16,223728,2437,191290,1753,32438,684,211358,2005,1377862,8288,1589220,10293,13,2777,56,7386,3287,"East TN",2455501,493.137652967765,0.234419281217867,419.181258732943,99.2465488712894,23.4419281217867
2021-01-17,224588,860,191899,609,32689,251,212033,675,1380576,2714,1592609,3389,13,2790,24,7410,3321,"East TN",2455501,460.150494746286,0.232553823311062,138.016641003201,35.0234025561382,23.2553823311062
2021-01-18,225156,568,192222,323,32934,245,212388,355,1382178,1602,1594566,1957,13,2803,21,7431,3352,"East TN",2455501,425.249266850227,0.222703182663226,79.6986032585611,23.1317356417285,22.2703182663226
2021-01-19,226845,1689,193201,979,33644,710,213452,1064,1385461,3283,1598913,4347,21,2824,54,7485,3392,"East TN",2455501,419.629232486568,0.218684239672167,177.031082455271,68.7843336247878,21.8684239672167
2021-01-20,227830,985,193859,658,33971,327,214149,697,1388548,3087,1602697,3784,32,2856,30,7515,3432,"East TN",2455501,397.515619012169,0.212060044350941,154.102971247008,40.1140133927862,21.2060044350941
2021-01-21,229386,1556,194992,1133,34394,423,215419,1270,1393736,5188,1609155,6458,65,2921,36,7551,3477,"East TN",2455501,369.00819832694,0.20353982300885,263.001318264582,63.3679236945943,20.353982300885
2021-01-22,230374,988,195698,706,34676,282,216235,816,1397640,3904,1613875,4720,32,2953,32,7583,3509,"East TN",2455501,369.90414583419,0.196921139979398,192.221465191828,40.2361880528658,19.6921139979398
2021-01-23,231808,1434,196668,970,35140,464,217339,1104,1403839,6199,1621178,7303,19,2972,41,7624,3535,"East TN",2455501,329.057084480927,0.187151886851493,297.413847520323,58.3994875180259,18.7151886851493
2021-01-24,232429,621,197157,489,35272,132,217882,543,1406415,2576,1624297,3119,19,2991,20,7644,3563,"East TN",2455501,319.323836561256,0.184580913910629,127.020921596041,25.2901546364673,18.4580913910629
2021-01-25,233168,739,197668,511,35500,228,218433,551,1407767,1352,1626200,1903,44,3035,20,7664,3594,"East TN",2455501,326.28779218579,0.19109186318518,77.4994593771291,30.095691266263,19.1091863185181
2021-01-26,234198,1030,198394,726,35804,304,219213,780,1410984,3217,1630197,3997,63,3098,26,7690,3618,"East TN",2455501,299.450091854982,0.184151643012402,162.777372112656,41.9466332939795,18.4151643012402
2021-01-27,235154,956,199101,707,36053,249,219970,757,1414375,3391,1634345,4148,55,3153,28,7718,3641,"East TN",2455501,298.26907014088,0.18392947421638,168.926830003327,38.9329916786839,18.392947421638
2021-01-28,236487,1333,199820,719,36667,614,220766,796,1417653,3278,1638419,4074,46,3199,29,7747,3669,"East TN",2455501,289.1874204083,0.182715965008201,165.913188388032,54.2862739620143,18.2715965008201
2021-01-29,237082,595,200172,352,36910,243,221163,397,1419711,2058,1640874,2455,17,3216,17,7764,3690,"East TN",2455501,273.182539937878,0.182525278714026,99.9795968317667,24.2313075824445,18.2525278714026
2021-01-30,238238,1156,201139,967,37099,189,222260,1097,1426536,6825,1648796,7922,44,3260,29,7793,3710,"East TN",2455501,261.861021437173,0.178180896516764,322.622552383404,47.0779690173207,17.8180896516764
2021-01-31,238915,677,201577,438,37338,239,222749,489,1429453,2917,1652202,3406,29,3289,30,7823,3729,"East TN",2455501,264.141615091991,0.174413187600788,138.708964076985,27.5707482912856,17.4413187600788
2021-02-01,239610,695,201989,412,37621,283,223195,446,1430768,1315,1653963,1761,39,3328,10,7833,3756,"East TN",2455501,262.349720077491,0.171523250369196,71.716525466697,28.3037962517629,17.1523250369196
2021-02-02,240149,539,202338,349,37811,190,223556,361,1431591,823,1655147,1184,57,3385,13,7846,3772,"East TN",2455501,242.353800711138,0.174068136272545,48.2182658447298,21.9507139276262,17.4068136272545
2021-02-03,241262,1113,203098,760,38164,353,224383,827,1436003,4412,1660386,5239,46,3431,39,7885,3785,"East TN",2455501,248.747607921968,0.16946353826658,213.357681385591,45.3267988895138,16.946353826658
2021-02-04,242358,1096,203878,780,38480,316,225245,862,1441739,5736,1666984,6598,58,3489,36,7921,3803,"East TN",2455501,239.095809775683,0.156800280063014,268.702802401628,44.6344758157297,15.6800280063014
2021-02-05,243175,817,204436,558,38739,259,225848,603,1444576,2837,1670424,3440,67,3556,30,7951,3817,"East TN",2455501,248.13673462157,0.158544839255499,140.093610224553,33.2722324283313,15.8544839255499
2021-02-06,244399,1224,205249,813,39150,411,226808,960,1451020,6444,1677828,7404,27,3583,22,7973,3846,"East TN",2455501,250.906026916707,0.156654725819785,301.527061076334,49.8472613124572,15.6654725819785
2021-02-07,244918,519,205603,354,39315,165,227215,407,1453392,2372,1680607,2779,2,3585,10,7983,3863,"East TN",2455501,244.471494819184,0.157225840521035,113.174460120358,21.1362161937625,15.7225840521035
2021-02-08,245427,509,205900,297,39527,212,227532,317,1454403,1011,1681935,1328,32,3617,9,7992,3879,"East TN",2455501,236.896665894251,0.155047905047905,54.0826495285484,20.7289673268307,15.5047905047905
2021-02-09,246454,1027,206532,632,39922,395,228198,666,1457620,3217,1685818,3883,16,3633,38,8030,3890,"East TN",2455501,256.770410600525,0.151348179061654,158.134735029633,41.8244586339,15.1348179061654
2021-02-10,247302,848,207114,582,40188,266,228832,634,1461914,4294,1690746,4928,39,3672,30,8060,3903,"East TN",2455501,245.978315626831,0.146541501976285,200.692241624011,34.53470391582,14.6541501976285
2021-02-11,248170,868,207697,583,40473,285,229481,649,1466243,4329,1695724,4978,37,3709,31,8091,3921,"East TN",2455501,236.693041460785,0.147390396659708,202.72848595867,35.3492016496837,14.7390396659708
2021-02-12,249002,832,208288,591,40714,241,230127,646,1470318,4075,1700445,4721,34,3743,12,8103,3930,"East TN",2455501,237.303914761183,0.142533559841444,192.262190078522,33.8831057287291,14.2533559841444
2021-02-13,249595,593,208660,372,40935,221,230562,435,1473529,3211,1704091,3646,12,3755,17,8120,3942,"East TN",2455501,211.606511257784,0.142938735102616,148.482936883349,24.1498578090581,14.2938735102616
2021-02-14,250133,538,209072,412,41061,126,231015,453,1475837,2308,1706852,2761,15,3770,17,8137,3955,"East TN",2455501,212.380284104955,0.144789483711183,112.441412159881,21.909989040933,14.4789483711183
2021-02-15,250511,378,209282,210,41229,168,231243,228,1476841,1004,1708084,1232,5,3775,10,8147,3966,"East TN",2455501,207.045323948147,0.141917472943516,50.1730604060027,15.3940071700236,14.1917472943516
2021-02-16,251276,765,209710,428,41566,337,231718,475,1479276,2435,1710994,2910,8,3783,26,8173,3976,"East TN",2455501,196.375403634533,0.139815697489673,118.509420277165,31.1545383202858,13.9815697489673
2021-02-17,251898,622,210131,421,41767,201,232170,452,1481788,2512,1713958,2964,11,3794,12,8185,3993,"East TN",2455501,187.171579241874,0.143804928485266,120.708564158597,25.3308795231604,14.3804928485266
2021-02-18,252684,786,210676,545,42008,241,232770,600,1485986,4198,1718756,4798,42,3836,20,8205,4010,"East TN",2455501,183.832138533033,0.142801319902744,195.398006353897,32.0097609408426,14.2801319902744
2021-02-19,253161,477,210977,301,42184,176,233114,344,1488080,2094,1721194,2438,5,3841,11,8216,4019,"East TN",2455501,169.374803756952,0.143958744999759,99.2872737579826,19.4257709526488,14.3958744999759
2021-02-20,253788,627,211429,452,42359,175,233623,509,1492068,3988,1725691,4497,18,3859,18,8234,4029,"East TN",2455501,170.75944990452,0.141712962962963,183.139815459248,25.5345039566264,14.1712962962963
2021-02-21,254137,349,211657,228,42480,121,233886,263,1493735,1667,1727621,1930,7,3866,12,8246,4047,"East TN",2455501,163.062446319509,0.138234869276325,78.5990313178451,14.2129854559212,13.8234869276325
2021-02-22,254495,358,211851,194,42644,164,234112,226,1494802,1067,1728914,1293,7,3873,22,8268,4063,"East TN",2455501,162.247948585645,0.137734037445991,52.6572784942869,14.5795094361599,13.7734037445991
2021-02-23,255131,636,212193,342,42938,294,234473,361,1497011,2209,1731484,2570,26,3899,28,8296,4070,"East TN",2455501,156.994438202224,0.134455832113226,104.662958801483,25.901027936865,13.4455832113226
2021-02-24,255874,743,212744,551,43130,192,235084,611,1501689,4678,1736773,5289,19,3918,23,8319,4077,"East TN",2455501,161.9221494921,0.127722989261451,215.39392572025,30.2585908130357,12.7722989261451
2021-02-25,256510,636,213190,446,43320,190,235581,497,1505387,3698,1740968,4195,21,3939,16,8335,4086,"East TN",2455501,155.813416488122,0.12655321447866,170.840899677907,25.901027936865,12.655321447866
2021-02-26,256970,460,213512,322,43458,138,235949,368,1507778,2391,1743727,2759,14,3953,12,8347,4091,"East TN",2455501,155.121093414338,0.125815470643057,112.359962386495,18.7334478788646,12.5815470643057
2021-02-27,257410,440,213739,227,43671,213,236224,275,1510869,3091,1747093,3366,7,3960,16,8363,4100,"East TN",2455501,147.505539602712,0.121530698065601,137.079968609257,17.918950145001,12.1530698065601
2021-02-28,257777,367,214013,274,43764,93,236537,313,1512804,1935,1749341,2248,5,3965,11,8374,4109,"East TN",2455501,148.23858756319,0.122053406998158,91.5495452862776,14.9460334163985,12.2053406998158
2021-03-01,258021,244,214160,147,43861,97,236692,155,1513397,593,1750089,748,4,3969,11,8385,4118,"East TN",2455501,143.595950480167,0.121841794569067,30.4622152465016,9.9368723531369,12.1841794569067
2021-03-02,258645,624,214551,391,44094,233,237140,448,1516155,2758,1753295,3206,7,3976,24,8409,4128,"East TN",2455501,143.107251839849,0.122277749759296,130.563986738348,25.4123292965468,12.2277749759296
2021-03-03,259125,480,214850,299,44275,181,237493,353,1519263,3108,1756756,3461,7,3983,17,8426,4131,"East TN",2455501,132.396606639541,0.120552469599159,140.94883284511,19.5479456127283,12.0552469599159
2021-03-04,259739,614,215266,416,44473,198,237966,473,1522852,3589,1760818,4062,18,4001,21,8447,4136,"East TN",2455501,131.500659132291,0.120151133501259,165.424489747713,25.005080429615,12.0151133501259
2021-03-05,260208,469,215576,310,44632,159,238319,353,1525582,2730,1763901,3083,15,4016,16,8463,4141,"East TN",2455501,131.86718311253,0.117477941905423,125.554825675086,19.0999718591033,11.7477941905423
2021-03-06,260671,463,215899,323,44772,140,238692,373,1528932,3350,1767624,3723,1,4017,10,8473,4147,"East TN",2455501,132.803855506473,0.120208465247674,151.618753158724,18.8556225389442,12.0208465247674
2021-03-07,260925,254,216062,163,44863,91,238874,182,1530270,1338,1769144,1520,1,4018,4,8477,4151,"East TN",2455501,128.201943310143,0.118012422360248,61.9018277736397,10.3441212200687,11.8012422360248
2021-03-08,261380,455,216355,293,45025,162,239186,312,1531516,1246,1770702,1558,3,4021,9,8486,4159,"East TN",2455501,136.794894402405,0.120991607238151,63.4493734679807,18.5298234453987,12.0991607238151
2021-03-09,261919,539,216637,282,45282,257,239505,319,1533530,2014,1773035,2333,6,4027,21,8507,4171,"East TN",2455501,133.333279033484,0.119807497467072,95.0111606551983,21.9507139276262,11.9807497467072
2021-03-10,262570,651,217102,465,45468,186,240012,507,1537676,4146,1777688,4653,7,4034,28,8535,4181,"East TN",2455501,140.297234658019,0.120342060003822,189.492897783385,26.5119012372628,12.0342060003822
2021-03-11,263106,536,217443,341,45663,195,240381,369,1540117,2441,1780498,2810,5,4039,9,8544,4189,"East TN",2455501,137.120693495951,0.122713414634146,114.436931607847,21.8285392675466,12.2713414634146
2021-03-12,263566,460,217808,365,45758,95,240797,416,1542746,2629,1783543,3045,5,4044,12,8556,4197,"East TN",2455501,136.754169515712,0.12615823235923,124.007279980745,18.7334478788646,12.615823235923
2021-03-13,264011,445,218022,214,45989,231,241076,279,1545557,2811,1786633,3090,2,4046,21,8577,4204,"East TN",2455501,136.021121555235,0.125414277447525,125.839899881939,18.1225745784669,12.5414277447525
2021-03-14,264273,262,218198,176,46075,86,241288,212,1547012,1455,1788300,1667,0,4046,11,8588,4210,"East TN",2455501,136.34692064878,0.126017957820004,67.8883861175377,10.6699203136142,12.6017957820004
2021-03-15,264631,358,218384,186,46247,172,241505,217,1547955,943,1789460,1160,4,4050,15,8603,4214,"East TN",2455501,132.396606639541,0.123627252372321,47.2408685640934,14.5795094361599,12.3627252372321
2021-03-16,265331,700,218835,451,46496,249,242001,496,1550505,2550,1792506,3046,4,4054,37,8640,4215,"East TN",2455501,138.953313397144,0.128190642493965,124.048004867438,28.5074206852288,12.8190642493965
2021-03-17,265757,426,219168,333,46589,93,242365,364,1553257,2752,1795622,3116,1,4055,16,8656,4224,"East TN",2455501,129.790213891177,0.131203300992528,126.898746935961,17.3488017312964,13.1203300992528
2021-03-18,266307,550,219517,349,46790,201,242750,385,1555809,2552,1798559,2937,6,4061,31,8687,4231,"East TN",2455501,130.360362304882,0.13116660207076,119.608992217881,22.3986876812512,13.116660207076
2021-03-19,267099,792,220048,531,47051,261,243311,561,1559549,3740,1802860,4301,15,4076,25,8712,4237,"East TN",2455501,143.881024687019,0.130144432365274,175.157737667384,32.2541102610017,13.0144432365274
2021-03-20,267372,273,220213,165,47159,108,243505,194,1561151,1602,1804656,1796,1,4077,15,8727,4239,"East TN",2455501,136.876344175791,0.134772235476891,73.1418965009585,11.1178940672392,13.4772235476891
2021-03-21,267654,282,220411,198,47243,84,243731,226,1562494,1343,1806225,1569,-17,4060,8,8735,4247,"East TN",2455501,137.690841909655,0.13629009762901,63.8973472216057,11.4844180474779,13.629009762901
2021-03-22,268180,526,220752,341,47428,185,244087,356,1564158,1664,1808245,2020,14,4074,19,8754,4254,"East TN",2455501,144.53262287411,0.137450093159436,82.2642711202317,21.4212904006148,13.7450093159436
2021-03-23,268617,437,221000,248,47617,189,244352,265,1566012,1854,1810364,2119,11,4085,17,8771,4260,"East TN",2455501,133.821977673803,0.131649680815321,86.2960349028569,17.7967754849214,13.1649680815321
2021-03-24,269215,598,221460,460,47755,138,244845,493,1569531,3519,1814376,4012,4,4089,26,8797,4266,"East TN",2455501,140.82665818503,0.132238455796097,163.388245413054,24.353482242524,13.2238455796097
2021-03-25,269614,399,221766,306,47848,93,245178,333,1571843,2312,1817021,2645,8,4097,23,8820,4270,"East TN",2455501,134.67720029436,0.131513378832196,107.717325303472,16.2492297905804,13.1513378832196
2021-03-26,270022,408,222087,321,47935,87,245521,343,1573957,2114,1819478,2457,7,4104,14,8834,4280,"East TN",2455501,119.038843804177,0.132988325911662,100.061046605153,16.6157537708191,13.2988325911662
2021-03-27,270227,205,222268,181,47959,24,245731,210,1575825,1868,1821556,2078,2,4106,13,8847,4291,"East TN",2455501,116.26955150904,0.131715976331361,84.6263145484363,8.34860177210272,13.1715976331361
2021-03-28,270544,317,222487,219,48057,98,245976,245,1577487,1662,1823463,1907,5,4111,17,8864,4298,"East TN",2455501,117.694922543302,0.130235526163128,77.6623589239019,12.9097890817393,13.0235526163128
2021-03-29,270983,439,222723,236,48260,203,246229,253,1578964,1477,1825193,1730,18,4129,18,8882,4303,"East TN",2455501,114.151857400995,0.126386594288412,70.4540539792083,17.8782252583078,12.6386594288412
2021-03-30,271359,376,222982,259,48377,117,246552,323,1580850,1886,1827402,2209,5,4134,20,8902,4309,"East TN",2455501,111.667639312711,0.129123136518371,89.9612747052435,15.3125573966372,12.9123136518371
2021-03-31,272022,663,223425,443,48597,220,247042,490,1584553,3703,1831595,4193,4,4138,18,8920,4314,"East TN",2455501,114.314756947767,0.127591613914861,170.759449904521,27.000599877581,12.7591613914861
2021-04-01,272472,450,223748,323,48724,127,247391,349,1586730,2177,1834121,2526,1,4139,18,8938,4322,"East TN",2455501,116.39172616912,0.129415204678363,102.871063786983,18.3261990119328,12.9415204678363
2021-04-02,272818,346,223979,231,48839,115,247641,250,1589001,2271,1836642,2521,0,4139,12,8950,4328,"East TN",2455501,113.866783194142,0.123514332323468,102.667439353517,14.0908107958417,12.3514332323468
2021-04-03,273161,343,224230,251,48931,92,247916,275,1590847,1846,1838763,2121,0,4139,13,8963,4336,"East TN",2455501,119.486817557802,0.126983204509793,86.3774846762433,13.9686361357621,12.6983204509793
2021-04-04,273332,171,224353,123,48979,48,248057,141,1592087,1240,1840144,1381,6,4145,8,8971,4340,"East TN",2455501,113.540984100597,0.124752712667106,56.2410685232871,6.96395562453446,12.4752712667106
2021-04-05,273739,407,224588,235,49151,172,248280,223,1593040,953,1841320,1176,6,4151,40,9011,4346,"East TN",2455501,112.237787726415,0.127178024431078,47.8924667511844,16.5750288841259,12.7178024431078
2021-04-06,274168,429,224837,249,49331,180,248556,276,1594638,1598,1843194,1874,3,4154,27,9038,4351,"East TN",2455501,114.396206721154,0.126899696048632,76.3184376630268,17.4709763913759,12.6899696048632
2021-04-07,274799,631,225298,461,49501,170,249063,507,1598306,3668,1847369,4175,5,4159,24,9062,4355,"East TN",2455501,113.093010346972,0.128122226448586,170.026401944043,25.6974035033991,12.8122226448586
2021-04-08,275205,406,225553,255,49652,151,249352,289,1600628,2322,1849980,2611,-1,4158,21,9083,4360,"East TN",2455501,111.301115332472,0.123652184879248,106.332679155903,16.5343039974327,12.3652184879248
2021-04-09,275724,519,225959,406,49765,113,249801,449,1603624,2996,1853425,3445,4,4162,31,9114,4363,"East TN",2455501,118.346520730393,0.128701662396473,140.297234658019,21.1362161937625,12.8701662396473
2021-04-10,276030,306,226175,216,49855,90,250049,248,1605819,2195,1855868,2443,1,4163,15,9129,4368,"East TN",2455501,116.839699922745,0.124700380005846,99.4908981914485,12.4618153281143,12.4700380005846
2021-04-11,276267,237,226339,164,49928,73,250223,174,1607127,1308,1857350,1482,2,4165,10,9139,4372,"East TN",2455501,119.527542444495,0.125886318726026,60.3542820792987,9.65179814628461,12.5886318726026
2021-04-12,276734,467,226664,325,50070,142,250555,332,1608555,1428,1859110,1760,3,4168,16,9155,4381,"East TN",2455501,121.971035646086,0.127880831928049,71.6758005800038,19.0185220857169,12.7880831928049
2021-04-13,277113,379,226905,241,50208,138,250805,250,1610053,1498,1860858,1748,3,4171,16,9171,4385,"East TN",2455501,119.934791311427,0.127321105072464,71.1871019396856,15.4347320567167,12.7321105072464
2021-04-14,277792,679,227406,501,50386,178,251362,557,1613768,3715,1865130,4272,0,4171,29,9200,4388,"East TN",2455501,121.8895858727,0.129440909858679,173.976715953282,27.6521980646719,12.9440909858679
2021-04-15,278334,542,227774,368,50560,174,251742,380,1616184,2416,1867926,2796,2,4173,24,9224,4393,"East TN",2455501,127.428170462973,0.133177309706898,113.866783194142,22.0728885877057,13.3177309706898
2021-04-16,279312,978,228667,893,50645,85,252855,1113,1622238,6054,1875093,7167,3,4176,32,9256,4396,"East TN",2455501,146.120893455144,0.140945172604763,291.87526293005,39.828939185934,14.0945172604763
2021-04-17,279514,202,228814,147,50700,55,253027,172,1623973,1735,1877000,1907,0,4176,10,9266,4397,"East TN",2455501,141.885505239053,0.140923717584706,77.6623589239019,8.22642711202317,14.0923717584706
2021-04-18,279733,219,229002,188,50731,31,253229,202,1625407,1434,1878636,1636,6,4182,8,9274,4406,"East TN",2455501,141.152457278576,0.141219580945222,66.625914630049,8.9187501858073,14.1219580945222
2021-04-19,280063,330,229199,197,50864,133,253442,213,1626572,1165,1880014,1378,8,4190,15,9289,4413,"East TN",2455501,135.57314780161,0.138107539226942,56.1188938632076,13.4392126087507,13.8107539226942
2021-04-20,280416,353,229476,277,50940,76,253721,279,1628498,1926,1882219,2205,4,4194,20,9309,4417,"East TN",2455501,134.514300747587,0.136510462993306,89.7983751584707,14.375885002694,13.6510462993306
2021-04-21,280929,513,229806,330,51123,183,254058,337,1631390,2892,1885448,3229,4,4198,15,9324,4423,"East TN",2455501,127.753969556518,0.132690225415887,131.500659132291,20.8918668736034,13.2690225415887
2021-04-22,281569,640,230203,397,51366,243,254504,446,1634521,3131,1889025,3577,3,4201,26,9350,4427,"East TN",2455501,131.74500845245,0.130906678041613,145.672919701519,26.0639274836378,13.0906678041613
2021-04-23,281951,382,230480,277,51471,105,254812,308,1636794,2273,1891606,2581,0,4201,11,9361,4432,"East TN",2455501,107.472975983313,0.118512686973899,105.110932555108,15.5569067167963,11.8512686973899
2021-04-24,282213,262,230669,189,51544,73,255022,210,1639143,2349,1894165,2559,0,4201,19,9380,4439,"East TN",2455501,109.916469184904,0.116224876201573,104.214985047858,10.6699203136142,11.6224876201573
2021-04-25,282411,198,230816,147,51595,51,255180,158,1640488,1345,1895668,1503,4,4205,17,9397,4444,"East TN",2455501,109.061246564347,0.114549084077031,61.2095046998555,8.06352756525043,11.4549084077031
2021-04-26,282800,389,231063,247,51737,142,255431,251,1641989,1501,1897420,1752,6,4211,16,9413,4452,"East TN",2455501,111.464014879245,0.114270941054809,71.3500014864584,15.8419809236486,11.4270941054809
2021-04-27,283187,387,231265,202,51922,185,255650,219,1643840,1851,1899490,2070,3,4214,25,9438,4458,"East TN",2455501,112.848661026813,0.111690116380059,84.3005154548909,15.7605311502622,11.1690116380059
2021-04-28,283675,488,231610,345,52065,143,256032,382,1646999,3159,1903031,3541,6,4220,24,9462,4466,"East TN",2455501,111.830538859483,0.112267531138031,144.206823780565,19.8737447062738,11.2267531138031
2021-04-29,284067,392,231889,279,52178,113,256336,304,1649220,2221,1905556,2525,1,4221,22,9484,4471,"East TN",2455501,101.730766959574,0.110822091827476,102.83033890029,15.9641555837281,11.0822091827476
2021-04-30,284438,371,232118,229,52320,142,256576,240,1651736,2516,1908312,2756,0,4221,18,9502,4476,"East TN",2455501,101.282793205949,0.105590805698551,112.237787726415,15.1089329631713,10.5590805698551
2021-05-01,284673,235,232300,182,52373,53,256764,188,1653704,1968,1910468,2156,-1,4220,15,9517,4477,"East TN",2455501,100.183221265233,0.106851499723977,87.8028557105047,9.57034837289824,10.6851499723977
2021-05-02,284848,175,232428,128,52420,47,256897,133,1654852,1148,1911749,1281,1,4221,11,9528,4481,"East TN",2455501,99.2465488712894,0.10677196691748,52.1685798539687,7.1268551713072,10.677196691748
2021-05-03,285061,213,232543,115,52518,98,257023,126,1655944,1092,1912967,1218,5,4226,17,9545,4485,"East TN",2455501,92.078968813289,0.102399176690037,49.6029119922981,8.67440086564819,10.2399176690037
2021-05-04,285380,319,232762,219,52618,100,257268,245,1657807,1863,1915075,2108,7,4233,12,9557,4493,"East TN",2455501,89.3096765181525,0.10381777350016,85.8480611492319,12.9912388551257,10.381777350016
2021-05-05,285846,466,233056,294,52790,172,257580,312,1660964,3157,1918544,3469,5,4238,22,9579,4498,"East TN",2455501,88.4137290109025,0.0997872751885515,141.274631938655,18.9777971990237,9.97872751885515
2021-05-06,286131,285,233252,196,52879,89,257811,231,1662837,1873,1920648,2104,4,4242,10,9589,4504,"East TN",2455501,84.0561661347318,0.0977338987543069,85.6851616024591,11.6065927075574,9.77338987543069
2021-05-07,286496,365,233500,248,52996,117,258080,269,1665411,2574,1923491,2843,0,4242,15,9604,4509,"East TN",2455501,83.8118168145727,0.0990842611502734,115.780852868722,14.8645836430122,9.90842611502734
2021-05-08,286667,171,233603,103,53064,68,258194,114,1666878,1467,1925072,1581,0,4242,7,9611,4516,"East TN",2455501,81.2054240662089,0.0979183785264311,64.3860458619239,6.96395562453446,9.79183785264311
2021-05-09,286813,146,233718,115,53095,31,258326,132,1668286,1408,1926612,1540,3,4245,11,9622,4521,"East TN",2455501,80.0244023521066,0.0961447890735383,62.7163255075034,5.94583345720486,9.61447890735383
2021-05-10,287047,234,233854,136,53193,98,258472,146,1669510,1224,1927982,1370,7,4252,22,9644,4524,"East TN",2455501,80.8796249726634,0.0965034965034965,55.7930947696621,9.52962348620506,9.65034965034965
2021-05-11,287362,315,234082,228,53280,87,258716,244,1671699,2189,1930415,2433,1,4253,19,9663,4528,"East TN",2455501,80.7167254258907,0.094393741851369,99.0836493245167,12.828339308353,9.4393741851369
2021-05-12,287667,305,234299,217,53368,88,258965,249,1674948,3249,1933913,3498,3,4256,16,9679,4530,"East TN",2455501,74.1600186682881,0.0901164682152385,142.455653652758,12.4210904414211,9.01164682152385
2021-05-13,287877,210,234436,137,53441,73,259110,145,1677057,2109,1936167,2254,1,4257,9,9688,4535,"East TN",2455501,71.1056521662993,0.0837038468973516,91.7938946064367,8.55222620556864,8.37038468973516
2021-05-14,288179,302,234656,220,53523,82,259358,248,1679208,2151,1938566,2399,1,4258,21,9709,4540,"East TN",2455501,68.5399843046287,0.0847761194029851,97.6990031769484,12.2989157813416,8.47761194029851
2021-05-15,288287,108,234737,81,53550,27,259460,102,1680781,1573,1940241,1675,0,4258,6,9715,4544,"East TN",2455501,65.9743164429581,0.0834596875206012,68.2141852110832,4.39828776286387,8.34596875206012
2021-05-16,288387,100,234811,74,53576,26,259545,85,1681913,1132,1941458,1217,3,4261,4,9719,4548,"East TN",2455501,64.1009716550716,0.0821096591674525,49.5621871056049,4.0724886693184,8.21096591674525
2021-05-17,288586,199,234914,103,53672,96,259655,110,1683171,1258,1942826,1368,6,4267,10,9729,4555,"East TN",2455501,62.6756006208102,0.0796954998652654,55.7116449962757,8.10425245194362,7.96954998652654
2021-05-18,288799,213,235048,134,53751,79,259799,144,1684982,1811,1944781,1955,8,4275,23,9752,4561,"East TN",2455501,58.5216621781054,0.0753863288319644,79.6171534851747,8.67440086564819,7.53863288319644
2021-05-19,289017,218,235213,165,53804,53,259966,167,1687460,2478,1947426,2645,1,4276,21,9773,4564,"East TN",2455501,54.9785970357984,0.0740768149189669,107.717325303472,8.87802529911411,7.40768149189669
2021-05-20,289193,176,235346,133,53847,43,260120,154,1698417,10957,1958537,11111,3,4279,7,9780,4569,"East TN",2455501,53.5939508882301,0.0451497541350022,452.494216047967,7.16758005800038,4.51497541350022
2021-05-21,289356,163,235453,107,53903,56,260240,120,1700241,1824,1960481,1944,0,4279,10,9790,4572,"East TN",2455501,47.9331916378776,0.0402464065708419,79.1691797315497,6.63815653098899,4.02464065708419
2021-05-22,289427,71,235500,47,53927,24,260302,62,1701518,1277,1961820,1339,0,4279,12,9802,4573,"East TN",2455501,46.4263708302298,0.0390194170258121,54.5306232821734,2.89146695521606,3.90194170258121
2021-05-23,289501,74,235551,51,53950,23,260363,61,1702381,863,1962744,924,3,4282,5,9807,4576,"East TN",2455501,45.367523776207,0.038429014375646,37.629795304502,3.01364161529562,3.8429014375646
2021-05-24,289661,160,235662,111,53999,49,260489,126,1704006,1625,1964495,1751,0,4282,7,9814,4580,"East TN",2455501,43.7792531951728,0.0384881628132355,71.3092765997652,6.51598187090944,3.84881628132355
2021-05-25,289805,144,235758,96,54047,48,260576,87,1705419,1413,1965995,1500,0,4282,9,9823,4586,"East TN",2455501,40.9692360133431,0.0366267559159046,61.087330039776,5.8643836838185,3.66267559159046
2021-05-26,289991,186,235900,142,54091,44,260741,165,1707649,2230,1968390,2395,7,4289,14,9837,4591,"East TN",2455501,39.6660396391612,0.0369681358519367,97.5361036301757,7.57482892493222,3.69681358519367
2021-05-27,290114,123,235975,75,54139,48,260880,139,1709941,2292,1970821,2431,4,4293,11,9848,4595,"East TN",2455501,37.5076206444225,0.0618690980136763,99.0021995511303,5.00916106326163,6.18690980136763
2021-05-28,290231,117,236066,91,54165,26,260978,98,1711608,1667,1972586,1765,0,4293,9,9857,4598,"East TN",2455501,35.634275856536,0.0609665427509294,71.8794250134698,4.76481174310253,6.09665427509294
2021-05-29,290282,51,236098,32,54184,19,261015,37,1712469,861,1973484,898,0,4293,7,9864,4601,"East TN",2455501,34.8197781226723,0.0611282578875171,36.5709482504792,2.07696922135238,6.11282578875171
2021-05-30,290337,55,236138,40,54199,15,261061,46,1713326,857,1974387,903,0,4293,7,9871,4606,"East TN",2455501,34.0460052755018,0.0599501846603109,36.7745726839452,2.23986876812512,5.99501846603109
2021-05-31,290417,80,236204,66,54213,14,261132,71,1714477,1151,1975609,1222,6,4299,4,9875,4611,"East TN",2455501,30.7880143400471,0.0578549577109951,49.7658115390708,3.25799093545472,5.78549577109951
2021-06-01,290548,131,236298,94,54250,37,261226,94,1715504,1027,1976730,1121,3,4302,11,9886,4614,"East TN",2455501,30.2585908130357,0.0605496040987424,45.6525979830593,5.3349601568071,6.05496040987424
2021-06-02,290667,119,236369,71,54298,48,261299,73,1717183,1679,1978482,1752,1,4303,9,9895,4618,"East TN",2455501,27.5300234045924,0.0552913198573127,71.3500014864584,4.8462615164889,5.52913198573127
2021-06-03,290755,88,236425,56,54330,32,261419,120,1719526,2343,1980945,2463,1,4304,7,9902,4623,"East TN",2455501,26.1046523703309,0.0532398261556697,100.305395925312,3.58379002900019,5.32398261556697
2021-06-04,290846,91,236484,59,54362,32,261497,78,1721243,1717,1982740,1795,0,4304,7,9909,4623,"East TN",2455501,25.0458053163082,0.0511128619263344,73.1011716142653,3.70596468907974,5.11128619263344
2021-06-05,290887,41,236510,26,54377,15,261527,30,1722318,1075,1983845,1105,-1,4303,2,9911,4628,"East TN",2455501,24.6385564493763,0.049416079529003,45.0009997959683,1.66972035442054,4.9416079529003
2021-06-06,290913,26,236526,16,54387,10,261546,19,1723038,720,1984584,739,-1,4302,2,9913,4631,"East TN",2455501,23.457534735274,0.0475630087280573,30.095691266263,1.05884705402278,4.75630087280573
2021-06-07,290986,73,236561,35,54425,38,261598,52,1724031,993,1985629,1045,3,4305,10,9923,4633,"East TN",2455501,23.1724605284217,0.0465069860279441,42.5575065943773,2.97291672860243,4.65069860279441
2021-06-08,291073,87,236628,67,54445,20,261668,70,1725258,1227,1986926,1297,3,4308,4,9927,4636,"East TN",2455501,21.3805655139216,0.0433503334641036,52.8201780410596,3.54306514230701,4.33503334641036
2021-06-09,291122,49,236667,39,54455,10,261723,55,1727271,2013,1988994,2068,0,4308,3,9930,4639,"East TN",2455501,18.5298234453987,0.0403348554033486,84.2190656815045,1.99551944796602,4.03348554033485
2021-06-10,291197,75,236724,57,54473,18,261789,66,1728642,1371,1990431,1437,4,4312,4,9934,4642,"East TN",2455501,18.0003999183873,0.0390048492515286,58.5216621781054,3.0543665019888,3.90048492515286
2021-06-11,291267,70,236770,46,54497,24,261845,56,1729833,1191,1991678,1247,2,4314,4,9938,4643,"East TN",2455501,17.1451772978305,0.0389348847616917,50.7839337064004,2.85074206852288,3.89348847616917
2021-06-12,291296,29,236792,22,54504,7,261876,31,1730747,914,1992623,945,3,4317,1,9939,4646,"East TN",2455501,16.6564786575123,0.0397584871269082,38.4850179250589,1.18102171410234,3.97584871269082
2021-06-13,291315,19,236806,14,54509,5,261897,21,1731451,704,1993348,725,1,4318,1,9940,4647,"East TN",2455501,16.37140445066,0.0400502053856686,29.5255428525584,0.773772847170496,4.00502053856686
2021-06-14,291368,53,236839,33,54529,20,261938,41,1732438,987,1994376,1028,3,4321,3,9943,4649,"East TN",2455501,15.5569067167963,0.0388704698753858,41.8651835205931,2.15841899473875,3.88704698753858
2021-06-15,291457,89,236909,70,54548,19,262027,89,1734012,1574,1996039,1663,0,4321,4,9947,4653,"East TN",2455501,15.6383564901827,0.0393942719192363,67.725486570765,3.62451491569338,3.93942719192363
2021-06-16,291526,69,236951,42,54575,27,262066,39,1735411,1399,1997477,1438,2,4323,8,9955,4656,"East TN",2455501,16.4528542240463,0.0404338087940587,58.5623870647986,2.8100171818297,4.04338087940587
2021-06-17,291577,51,236989,38,54588,13,262112,46,1737280,1869,1999392,1915,1,4324,1,9956,4660,"East TN",2455501,15.4754569434099,0.0360450842539895,77.9881580174473,2.07696922135238,3.60450842539895
2021-06-18,291639,62,237040,51,54599,11,262167,55,1738653,1373,2000820,1428,2,4326,4,9960,4662,"East TN",2455501,15.1496578498644,0.0352220520673813,58.1551381978667,2.52494297497741,3.52220520673813
2021-06-19,291667,28,237057,17,54610,11,262185,18,1739526,873,2001711,891,0,4326,5,9965,4664,"East TN",2455501,15.1089329631713,0.0340008802816901,36.2858740436269,1.14029682740915,3.40008802816901
2021-06-20,291692,25,237078,21,54614,4,262202,17,1740137,611,2002339,628,3,4329,2,9967,4667,"East TN",2455501,15.3532822833304,0.0339228117005895,25.5752288433196,1.0181221673296,3.39228117005895
2021-06-21,291759,67,237118,40,54641,27,262254,52,1741172,1035,2003426,1087,6,4335,2,9969,4669,"East TN",2455501,15.9234306970349,0.0349171270718232,44.267951835491,2.72856740844333,3.49171270718232
2021-06-22,291852,93,237164,46,54688,47,262305,51,1742368,1196,2004673,1247,5,4340,7,9976,4673,"East TN",2455501,16.0863302438077,0.0321982858466528,50.7839337064004,3.78741446246611,3.21982858466528
2021-06-23,291923,71,237212,48,54711,23,262360,55,1743691,1323,2006051,1378,2,4342,5,9981,4677,"East TN",2455501,16.167780017194,0.0342897130860742,56.1188938632076,2.89146695521606,3.42897130860742
2021-06-24,292006,83,237264,52,54742,31,262422,62,1745172,1481,2007594,1543,3,4345,6,9987,4678,"East TN",2455501,17.4709763913759,0.0377956595952207,62.8385001675829,3.38016559553427,3.77956595952207
2021-06-25,292084,78,237320,56,54764,22,262491,69,1746599,1427,2009090,1496,0,4345,3,9990,4680,"East TN",2455501,18.1225745784669,0.0391777509068924,60.9244304930033,3.17654116206835,3.91777509068924
2021-06-26,292119,35,237338,18,54781,17,262512,21,1747471,872,2009983,893,0,4345,2,9992,4682,"East TN",2455501,18.4076487853192,0.0395309477756286,36.3673238170133,1.42537103426144,3.95309477756286
2021-06-27,292148,29,237358,20,54790,9,262536,24,1748040,569,2010576,593,2,4347,3,9995,4684,"East TN",2455501,18.5705483320919,0.040548743474566,24.1498578090581,1.18102171410234,4.0548743474566
2021-06-28,292192,44,237382,24,54810,20,262561,25,1748512,472,2011073,497,4,4351,3,9998,4684,"East TN",2455501,17.6338759381487,0.0401464626650974,20.2402686865124,1.7918950145001,4.01464626650974
2021-06-29,292322,130,237467,85,54855,45,262656,95,1750088,1576,2012744,1671,0,4351,7,10005,4687,"East TN",2455501,19.1406967457965,0.0434890348160079,68.0512856643105,5.29423527011392,4.34890348160079
2021-06-30,292407,85,237530,63,54877,22,262732,76,1751393,1305,2014125,1381,3,4354,4,10009,4687,"East TN",2455501,19.7108451595011,0.0460738171909834,56.2410685232871,3.46161536892064,4.60738171909834
2021-07-01,292513,106,237583,53,54930,53,262796,64,1753374,1981,2016170,2045,1,4355,2,10011,4690,"East TN",2455501,20.6475175534443,0.0436100746268657,83.2823932875613,4.3168379894775,4.36100746268657
2021-07-02,292595,82,237646,63,54949,19,262870,74,1754640,1266,2017510,1340,0,4355,3,10014,4692,"East TN",2455501,20.810417100217,0.0450118764845606,54.5713481688666,3.33944070884109,4.50118764845606
2021-07-03,292643,48,237682,36,54961,12,262910,40,1755487,847,2018397,887,1,4356,3,10017,4695,"East TN",2455501,21.3398406272284,0.0473021155217495,36.1229744968542,1.95479456127283,4.73021155217495
2021-07-04,292670,27,237703,21,54967,6,262935,25,1755996,509,2018931,534,0,4356,1,10018,4696,"East TN",2455501,21.258390853842,0.0477558348294434,21.7470894941603,1.09957194071597,4.77558348294435
2021-07-05,292713,43,237727,24,54986,19,262960,25,1756385,389,2019345,414,0,4356,2,10020,4697,"East TN",2455501,21.2176659671489,0.0482350096711799,16.8601030909782,1.75117012780691,4.82350096711799
2021-07-06,292875,162,237831,104,55044,58,263071,111,1757538,1153,2020609,1264,5,4361,6,10026,4697,"East TN",2455501,22.5208623413308,0.05276541640178,51.4762567801846,6.59743164429581,5.276541640178
2021-07-07,293018,143,237913,82,55105,61,263159,88,1758686,1148,2021845,1236,4,4365,6,10032,4699,"East TN",2455501,24.8829057695354,0.0553108808290155,50.3359599527754,5.82365879712531,5.53108808290155
2021-07-08,293158,140,238015,102,55143,38,263276,117,1760080,1394,2023356,1511,2,4367,3,10035,4701,"East TN",2455501,26.2675519171037,0.0667965488449763,61.535303793401,5.70148413704576,6.67965488449763
2021-07-09,293321,163,238136,121,55185,42,263406,130,1761423,1343,2024829,1473,0,4367,4,10039,4703,"East TN",2455501,29.5662677392516,0.0732340483672633,59.98775809906,6.63815653098899,7.32340483672633
2021-07-10,293425,104,238209,73,55216,31,263480,74,1762281,858,2025761,932,0,4367,13,10052,4704,"East TN",2455501,31.8468613940699,0.0774035850081477,37.9555943980475,4.23538821609114,7.74035850081477
2021-07-11,293473,48,238244,35,55229,13,263523,43,1762905,624,2026428,667,2,4369,7,10059,4704,"East TN",2455501,32.7020840146267,0.0784313725490196,27.1634994243537,1.95479456127283,7.84313725490196
2021-07-12,293647,174,238362,118,55285,56,263649,126,1763986,1081,2027635,1207,1,4370,14,10073,4705,"East TN",2455501,38.0370441714339,0.0831121833534379,49.1549382386731,7.08613028461402,8.31121833534379
2021-07-13,293861,214,238499,137,55362,77,263793,144,1765306,1320,2029099,1464,4,4374,17,10090,4709,"East TN",2455501,40.1547382794794,0.0850412249705536,59.6212341188214,8.71512575234138,8.50412249705536
2021-07-14,294034,173,238635,136,55399,37,263935,142,1766443,1137,2030378,1279,0,4374,12,10102,4710,"East TN",2455501,41.3764848802749,0.0909410523848588,52.0871300805823,7.04540539792083,9.09410523848588
2021-07-15,294255,221,238785,150,55470,71,264102,167,1767878,1435,2031980,1602,0,4374,15,10117,4710,"East TN",2455501,44.6752007024228,0.0957792207792208,65.2412684824808,9.00019995919366,9.57792207792208
2021-07-16,294487,232,238929,144,55558,88,264258,156,1769109,1231,2033367,1387,0,4374,10,10127,4714,"East TN",2455501,47.4852178842525,0.0997891777933942,56.4854178434462,9.44817371281869,9.97891777933942
2021-07-17,294633,146,239031,102,55602,44,264370,112,1770121,1012,2034491,1124,0,4374,5,10132,4716,"East TN",2455501,49.1956631253663,0.101947308132875,45.7747726431388,5.94583345720486,10.1947308132875
2021-07-18,294777,144,239152,121,55625,23,264502,132,1771019,898,2035521,1030,0,4374,6,10138,4718,"East TN",2455501,53.1052522479119,0.107665236995491,41.9466332939795,5.8643836838185,10.7665236995491
2021-07-19,295082,305,239364,212,55718,93,264718,216,1772369,1350,2037087,1566,2,4376,14,10152,4719,"East TN",2455501,58.440212404719,0.113097757088447,63.7751725615261,12.4210904414211,11.3097757088447
2021-07-20,295440,358,239602,238,55838,120,264972,254,1773729,1360,2038701,1614,2,4378,22,10174,4721,"East TN",2455501,64.3045960885375,0.122786919391793,65.729967122799,14.5795094361599,12.2786919391793
2021-07-21,295842,402,239896,294,55946,108,265281,309,1775300,1571,2040581,1880,3,4381,28,10202,4725,"East TN",2455501,73.6305951412767,0.131921983730275,76.5627869831859,16.37140445066,13.1921983730275
2021-07-22,296318,476,240231,335,56087,141,265650,369,1777219,1919,2042869,2288,5,4386,21,10223,4728,"East TN",2455501,84.0154412480386,0.14216181467536,93.178540754005,19.3850460659556,14.216181467536
2021-07-23,296778,460,240550,319,56228,141,265983,333,1778709,1490,2044692,1823,1,4387,28,10251,4734,"East TN",2455501,93.3007154140845,0.152317880794702,74.2414684416744,18.7334478788646,15.2317880794702
2021-07-24,297141,363,240804,254,56337,109,266253,270,1780137,1428,2046390,1698,0,4387,21,10272,4738,"East TN",2455501,102.138015826505,0.158248592318682,69.1508576050264,14.7831338696258,15.8248592318682
2021-07-25,297371,230,240996,192,56375,38,266458,205,1781199,1062,2047657,1267,3,4390,17,10289,4743,"East TN",2455501,105.640356082119,0.161173368490442,51.5984314402641,9.36672393943232,16.1173368490442
2021-07-26,298042,671,241461,465,56581,206,266945,487,1782610,1411,2049555,1898,10,4400,36,10325,4747,"East TN",2455501,120.545664611825,0.178617260186076,77.2958349436632,27.3263989711265,17.8617260186076
2021-07-27,298770,728,241952,491,56818,237,267459,514,1784508,1898,2051967,2412,2,4402,28,10353,4753,"East TN",2455501,135.613872688303,0.187471732247852,98.2284267039598,29.647717512638,18.7471732247852
2021-07-28,299593,823,242503,551,57090,272,268076,617,1786710,2202,2054786,2819,2,4404,37,10390,4756,"East TN",2455501,152.759049986133,0.196761703625484,114.803455588086,33.5165817484904,19.6761703625484
2021-07-29,300288,695,242964,461,57324,234,268574,498,1788689,1979,2057263,2477,3,4407,24,10414,4760,"East TN",2455501,161.67780017194,0.203140197304432,100.875544339017,28.3037962517629,20.3140197304432
2021-07-30,301290,1002,243716,752,57574,250,269381,807,1789857,1168,2059238,1975,4,4411,41,10455,4765,"East TN",2455501,183.750688759646,0.233603739859755,80.4316512190384,40.8063364665704,23.3603739859755
2021-07-31,301827,537,244081,365,57746,172,269778,397,1791472,1615,2061250,2012,2,4413,33,10488,4775,"East TN",2455501,190.83681904426,0.23721399730821,81.9384720266862,21.8692641542398,23.721399730821
2021-08-01,302359,532,244503,422,57856,110,270241,463,1793238,1766,2063479,2229,3,4416,28,10516,4779,"East TN",2455501,203.135734825602,0.239097459233978,90.7757724391071,21.6656397207739,23.9097459233978
2021-08-02,303214,855,245045,542,58169,313,270781,540,1795140,1902,2065921,2442,9,4425,33,10549,4788,"East TN",2455501,210.629113977148,0.234388366124893,99.4501733047553,34.8197781226723,23.4388366124893
2021-08-03,304561,1347,246018,973,58543,374,271802,1021,1798220,3080,2070022,4101,4,4429,41,10590,4798,"East TN",2455501,235.837818840229,0.240542785931875,167.012760328748,54.8564223757188,24.0542785931875
2021-08-04,305655,1094,246856,838,58799,256,272691,889,1801073,2853,2073764,3742,8,4437,40,10630,4804,"East TN",2455501,246.874263134081,0.243176309410897,152.392526005895,44.5530260423433,24.3176309410897
2021-08-05,306844,1189,247755,899,59089,290,273647,956,1804223,3150,2077870,4106,10,4447,43,10673,4811,"East TN",2455501,266.992357160514,0.246178483039744,167.216384762213,48.4218902781958,24.6178483039744
2021-08-06,308191,1347,248748,993,59443,354,274736,1089,1807903,3680,2082639,4769,3,4450,51,10724,4824,"East TN",2455501,281.042443069663,0.22883637451391,194.216984639794,54.8564223757188,22.883637451391
2021-08-07,308917,726,249274,526,59643,200,275321,585,1810267,2364,2085588,2949,0,4450,28,10752,4833,"East TN",2455501,288.739446654675,0.227750842304216,120.0976908582,29.5662677392516,22.7750842304216
2021-08-08,309555,638,249726,452,59829,186,275845,524,1811950,1683,2087795,2207,5,4455,30,10782,4843,"East TN",2455501,293.056284644152,0.230465537094917,89.8798249318571,25.9824777102514,23.0465537094917
2021-08-09,310934,1379,250695,969,60239,410,276858,1013,1814790,2840,2091648,3853,13,4468,67,10849,4855,"East TN",2455501,314.39612527138,0.236210984568741,156.912988428838,56.1596187499007,23.6210984568741
2021-08-10,312267,1333,251547,852,60720,481,277775,917,1817446,2656,2095221,3573,6,4474,49,10898,4869,"East TN",2455501,313.825976857676,0.237033215603794,145.510020154746,54.2862739620143,23.7033215603794
2021-08-11,314159,1892,252860,1313,61299,579,279161,1386,1821717,4271,2100878,5657,8,4482,63,10961,4889,"East TN",2455501,346.324436438837,0.238622114037029,230.380684023342,77.0514856235041,23.8622114037029
2021-08-12,315627,1468,253932,1072,61695,396,280325,1164,1825139,3422,2105464,4586,10,4492,45,11006,4903,"East TN",2455501,357.686679826235,0.242009132420091,186.764330374942,59.7841336655941,24.2009132420091
2021-08-13,317283,1656,255061,1129,62222,527,281504,1179,1829508,4369,2111012,5548,11,4503,31,11037,4927,"East TN",2455501,370.270669814429,0.238536636943573,225.941671373785,67.4404123639127,23.8536636943573
2021-08-14,318821,1538,256155,1094,62666,444,282708,1204,1833808,4300,2116516,5504,1,4504,28,11065,4941,"East TN",2455501,403.339277809294,0.238845059493016,224.149776359285,62.634875734117,23.8845059493016
2021-08-15,319972,1151,257128,973,62844,178,283776,1068,1836769,2961,2120545,4029,11,4515,21,11086,4954,"East TN",2455501,424.231144682898,0.242167938931298,164.080568486838,46.8743445838548,24.2167938931298
2021-08-16,321419,1447,258056,928,63363,519,284751,975,1839268,2499,2124019,3474,17,4532,28,11114,4972,"East TN",2455501,427.000436978034,0.243829353433629,141.478256372121,58.9289110450372,24.3829353433629
2021-08-17,323163,1744,259274,1218,63889,526,286076,1325,1843296,4028,2129372,5353,10,4542,25,11139,4989,"East TN",2455501,443.738365408933,0.243067552926708,218.000318468614,71.0242023929129,24.3067552926708
2021-08-18,325272,2109,260678,1404,64594,705,287565,1489,1847573,4277,2135138,5766,13,4555,32,11171,5004,"East TN",2455501,452.575665821354,0.245300642148278,234.819696672899,85.888786035925,24.5300642148278
2021-08-19,327670,2398,262182,1504,65488,894,289141,1576,1856444,8871,2145585,10447,23,4578,43,11214,5026,"East TN",2455501,490.449810446015,0.219735300715336,425.452891283693,97.6582782902552,21.9735300715336
2021-08-20,330146,2476,264176,1994,65970,482,291265,2124,1862024,5580,2153289,7704,4,4582,37,11251,5059,"East TN",2455501,523.844217534426,0.23088203987984,313.74452708429,100.834819452324,23.088203987984
2021-08-21,333102,2956,266168,1992,66934,964,293396,2131,1869102,7078,2162498,9209,0,4582,57,11308,5083,"East TN",2455501,581.592106865361,0.232438780392327,375.035481557531,120.382765065052,23.2438780392327
2021-08-22,334590,1488,267514,1346,67076,142,294922,1526,1873598,4496,2168520,6022,7,4589,17,11325,5102,"East TN",2455501,595.316393680964,0.232329338196978,245.245267666354,60.5986313994578,23.2329338196978
2021-08-23,336551,1961,268647,1133,67904,828,296112,1190,1876850,3252,2172962,4442,17,4606,38,11363,5123,"East TN",2455501,616.24898544126,0.23212716833868,180.899946691123,79.8615028053338,23.212716833868
2021-08-24,338532,1981,270040,1393,68492,588,297549,1437,1879949,3099,2177498,4536,15,4621,25,11388,5161,"East TN",2455501,625.900783587545,0.2383950463367,184.728086040283,80.6760005391975,23.83950463367
2021-08-25,340770,2238,271261,1221,69509,1017,298800,1251,1883268,3319,2182068,4570,17,4638,39,11427,5200,"East TN",2455501,631.154293970966,0.239399105050075,186.112732187851,91.1422964193458,23.9399105050075
2021-08-26,343432,2662,273103,1842,70329,820,300762,1962,1888829,5561,2189591,7523,24,4662,40,11467,5230,"East TN",2455501,641.905664057966,0.264077625778303,306.373322592823,108.409648377256,26.4077625778303
2021-08-27,346462,3030,275398,2295,71064,735,303150,2388,1894518,5689,2197668,8077,19,4681,44,11511,5252,"East TN",2455501,664.46725128599,0.267806845580117,328.934909820847,123.396406680348,26.7806845580117
2021-08-28,348625,2163,276952,1554,71673,609,304834,1684,1899170,4652,2204004,6336,1,4682,33,11544,5287,"East TN",2455501,632.172416138295,0.275574615718209,258.032882088014,88.087929917357,27.5574615718209
2021-08-29,350976,2351,278796,1844,72180,507,306873,2039,1904809,5639,2211682,7678,9,4691,45,11589,5318,"East TN",2455501,667.317993354513,0.276887076595153,312.685680030267,95.7442086156756,27.6887076595153
2021-08-30,354230,3254,281220,2424,73010,830,309490,2617,1912223,7414,2221713,10031,21,4712,71,11660,5358,"East TN",2455501,719.9752718488,0.274414883797255,408.511338419329,132.518781299621,27.4414883797255
2021-08-31,357847,3617,283642,2422,74205,1195,312112,2622,1919169,6946,2231281,9568,7,4719,80,11740,5394,"East TN",2455501,786.601186478849,0.270773292676124,389.655715880384,147.301915169247,27.0773292676124
2021-09-01,359283,1436,284597,955,74686,481,313100,988,1921087,1918,2234187,2906,14,4733,32,11772,5436,"East TN",2455501,753.939827350915,0.274372109979086,118.346520730393,58.4809372914122,27.4372109979086
2021-09-02,361619,2336,286103,1506,75516,830,314627,1527,1924612,3525,2239239,5052,19,4752,44,11816,5466,"East TN",2455501,740.663514288937,0.279266032871415,205.742127573966,95.1333353152778,27.9266032871415
2021-09-03,363387,1768,287338,1235,76049,533,315929,1302,1927914,3302,2243843,4604,17,4769,32,11848,5496,"East TN",2455501,689.268707282139,0.27675148890092,187.497378335419,72.0015996735493,27.675148890092
2021-09-04,366662,3275,289692,2354,76970,921,318515,2586,1934412,6498,2252927,9084,3,4772,56,11904,5527,"East TN",2455501,734.55478128496,0.279643521452078,369.944870720883,133.374003920178,27.9643521452078
2021-09-05,371167,4505,292982,3290,78185,1215,322038,3523,1946501,12089,2268539,15612,8,4780,58,11962,5582,"East TN",2455501,822.276187222078,0.266721775682853,635.796931053989,183.465614552794,26.6721775682853
2021-09-06,376110,4943,296948,3966,79162,977,326361,4323,1962130,15629,2288491,19952,11,4791,102,12064,5619,"East TN",2455501,891.060520846866,0.252643086046303,812.542939302407,201.303114924409,25.2643086046303
2021-09-07,378199,2089,298412,1464,79787,625,327887,1526,1966551,4421,2294438,5947,34,4825,65,12129,5651,"East TN",2455501,828.832893979681,0.249774371803601,242.190901164365,85.0742883020614,24.9774371803601
2021-09-08,379886,1687,299594,1182,80292,505,329156,1269,1970921,4370,2300077,5639,19,4844,60,12189,5692,"East TN",2455501,839.05484053967,0.2436788587039,229.647636062865,68.7028838514014,24.36788587039
2021-09-09,381800,1914,300601,1007,81199,907,330234,1078,1974586,3665,2304820,4743,8,4852,55,12244,5732,"East TN",2455501,821.868938355146,0.23798051264848,193.158137585772,77.9474331307542,23.798051264848
2021-09-10,387335,5535,304463,3862,82872,1673,334402,4168,1986691,12105,2321093,16273,23,4875,145,12389,5768,"East TN",2455501,975.27958652837,0.239132686084142,662.716081158183,225.412247846773,23.9132686084142
2021-09-11,391642,4307,307572,3109,84070,1198,337728,3326,1998509,11818,2336237,15144,8,4883,119,12508,5812,"East TN",2455501,1017.30766959574,0.230620573760653,616.737684081578,175.402086987543,23.0620573760653
2021-09-12,393233,1591,309008,1436,84225,155,339297,1569,2003750,5241,2343047,6810,23,4906,51,12559,5856,"East TN",2455501,898.635349771798,0.231639555483975,277.336478380583,64.7932947288557,23.1639555483975
2021-09-13,395601,2368,310466,1458,85135,910,340808,1511,2008873,5123,2349681,6634,63,4969,84,12643,5906,"East TN",2455501,793.768766536849,0.236100670044125,270.168898322583,96.4365316894597,23.6100670044125
2021-09-14,398431,2830,312430,1964,86001,866,342893,2085,2015092,6219,2357985,8304,43,5012,63,12706,5950,"East TN",2455501,823.945907576499,0.236140179709506,338.1794591002,115.251429341711,23.6140179709506
2021-09-15,400233,1802,313633,1203,86600,599,344116,1223,2018863,3771,2362979,4994,23,5035,36,12742,5989,"East TN",2455501,828.629269546215,0.23783027566691,203.380084145761,73.3862458211176,23.783027566691
2021-09-16,402887,2654,315494,1861,87393,793,346088,1972,2025517,6654,2371605,8626,23,5058,65,12807,6026,"East TN",2455501,858.765685699171,0.237388635172569,351.292872615405,108.08384928371,23.7388635172569
2021-09-17,405583,2696,317379,1885,88204,811,348107,2019,2032711,7194,2380818,9213,23,5081,82,12889,6082,"East TN",2455501,743.147732377222,0.229468396818753,375.198381104304,109.794294524824,22.9468396818753
2021-09-18,407039,1456,318556,1177,88483,279,349445,1338,2038184,5473,2387629,6811,3,5084,40,12929,6140,"East TN",2455501,627.041080414954,0.227992683686177,277.377203267276,59.2954350252759,22.7992683686177
2021-09-19,407687,648,319004,448,88683,200,349961,516,2040261,2077,2390222,2593,17,5101,26,12955,6183,"East TN",2455501,588.637512263281,0.226051934287228,105.599631195426,26.3897265771832,22.6051934287228
2021-09-20,409674,1987,320259,1255,89415,732,351335,1374,2045892,5631,2397227,7005,48,5149,70,13025,6227,"East TN",2455501,573.121330433178,0.221406637782358,285.277831285754,80.9203498593566,22.1406637782358
2021-09-21,411551,1877,321364,1105,90187,772,352476,1141,2050194,4302,2402670,5443,31,5180,61,13086,6275,"East TN",2455501,534.310513414574,0.214456752825333,221.665558271,76.4406123231064,21.4456752825333
2021-09-22,413156,1605,322489,1125,90667,480,353705,1229,2055549,5355,2409254,6584,14,5194,45,13131,6316,"East TN",2455501,526.287710736017,0.20721772015127,268.132653987923,65.3634431425603,20.721772015127
2021-09-23,415510,2354,323999,1510,91511,844,355373,1668,2061899,6350,2417272,8018,32,5226,60,13191,6354,"East TN",2455501,514.070244728062,0.203319683797928,326.532141505949,95.8663832757551,20.3319683797928
2021-09-24,417060,1550,324988,989,92072,561,356479,1106,2066772,4873,2423251,5979,37,5263,40,13231,6404,"East TN",2455501,467.399524577673,0.19729927179318,243.494097538547,63.1235743744352,19.729927179318
2021-09-25,417761,701,325480,492,92281,209,357044,565,2069784,3012,2426828,3577,2,5265,21,13252,6446,"East TN",2455501,436.652235124319,0.193856986147606,145.672919701519,28.548145571922,19.3856986147606
2021-09-26,418625,864,326111,631,92514,233,357770,726,2073759,3975,2431529,4701,6,5271,26,13278,6482,"East TN",2455501,445.448810650047,0.189047861137337,191.447692344658,35.186302102911,18.9047861137337
2021-09-27,420100,1475,326946,835,93154,640,358696,926,2077334,3575,2436030,4501,46,5317,46,13324,6516,"East TN",2455501,424.597668663136,0.189701827178311,183.302715006021,60.0692078724464,18.9701827178311
2021-09-28,421389,1289,327728,782,93661,507,359548,852,2080974,3640,2440522,4492,14,5331,34,13358,6552,"East TN",2455501,400.651435287544,0.186832928246856,182.936191025783,52.4943789475142,18.6832928246856
2021-09-29,423071,1682,328738,1010,94333,672,360688,1140,2086451,5477,2447139,6617,30,5361,51,13409,6597,"East TN",2455501,403.787251562919,0.184320971360697,269.476575248798,68.4992594179355,18.4320971360697
2021-09-30,424288,1217,329506,768,94782,449,361514,826,2091120,4669,2452634,5495,11,5372,40,13449,6632,"East TN",2455501,357.483055392769,0.173660992025338,223.783252379046,49.5621871056049,17.3660992025338
2021-10-01,425663,1375,330483,977,95180,398,362595,1081,2096091,4971,2458686,6052,14,5386,47,13496,6661,"East TN",2455501,350.356200221462,0.172597714124453,246.46701426715,55.996719203128,17.2597714124453
2021-10-02,426218,555,330835,352,95383,203,362992,397,2098759,2668,2461751,3065,11,5397,19,13515,6699,"East TN",2455501,344.410366764257,0.170317555765541,124.821777714609,22.6023121147171,17.0317555765541
2021-10-03,426761,543,331305,470,95456,73,363520,528,2101849,3090,2465369,3618,13,5410,15,13530,6732,"East TN",2455501,331.337678135745,0.169917257683215,147.34264005594,22.1136134743989,16.9917257683215
2021-10-04,428119,1358,332162,857,95957,501,364466,946,2105986,4137,2470452,5083,22,5432,29,13559,6756,"East TN",2455501,326.572866392642,0.167625355877055,207.004599061454,55.3043961293439,16.7625355877055
2021-10-05,429388,1269,332919,757,96469,512,365281,815,2110447,4461,2475728,5276,17,5449,41,13600,6795,"East TN",2455501,325.758368658779,0.16284156109754,214.864502193239,51.6798812136505,16.284156109754
2021-10-06,430329,941,333630,711,96699,230,366067,786,2114866,4419,2480933,5205,18,5467,26,13626,6830,"East TN",2455501,295.581227619129,0.159170266911286,211.973035238023,38.3221183782861,15.9170266911286
2021-10-07,431454,1125,334425,795,97029,330,366927,860,2119648,4782,2486575,5642,24,5491,26,13652,6861,"East TN",2455501,291.834538043357,0.159482631625468,229.769810722944,45.815497529832,15.9482631625468
2021-10-08,432506,1052,335013,588,97493,464,367569,642,2123893,4245,2491462,4887,9,5500,30,13682,6882,"East TN",2455501,278.680399641458,0.151757383451306,199.02252126959,42.8425808012296,15.1757383451306
2021-10-09,433049,543,335368,355,97681,188,367988,419,2126692,2799,2494680,3218,4,5504,32,13714,6913,"East TN",2455501,278.19170100114,0.151720368064624,131.052685378666,22.1136134743989,15.1720368064624
2021-10-10,433367,318,335634,266,97733,52,368300,312,2128924,2232,2497224,2544,6,5510,16,13730,6937,"East TN",2455501,269.028601495174,0.150054936430702,103.60411174746,12.9505139684325,15.0054936430702
2021-10-11,434590,1223,336172,538,98418,685,368847,547,2132370,3446,2501217,3993,52,5562,33,13763,6951,"East TN",2455501,263.530741791594,0.142402080286039,162.614472565884,49.806536425764,14.2402080286039
2021-10-12,435525,935,336810,638,98715,297,369854,1007,2136015,3645,2505869,4652,29,5591,32,13795,6985,"East TN",2455501,249.92862963607,0.151720248166949,189.452172896692,38.077769058127,15.1720248166949
2021-10-13,436375,850,337361,551,99014,299,370506,652,2139878,3863,2510384,4515,25,5616,38,13833,7008,"East TN",2455501,246.22266494699,0.150724932939459,183.872863419726,34.6161536892064,15.0724932939459
2021-10-14,437326,951,338016,655,99310,296,371229,723,2143881,4003,2515110,4726,31,5647,33,13866,7040,"East TN",2455501,239.136534662376,0.150762221832837,192.465814511988,38.729367245218,15.0762221832837
2021-10-15,438135,809,338533,517,99602,292,371809,580,2147774,3893,2519583,4473,24,5671,30,13896,7065,"East TN",2455501,229.240387195933,0.15077699939547,182.162418178612,32.9464333347859,15.077699939547
2021-10-16,438444,309,338773,240,99671,69,372081,272,2150004,2230,2522085,2502,7,5678,12,13908,7080,"East TN",2455501,219.710763709728,0.149352307972998,101.893666506346,12.5839899881939,14.9352307972998
2021-10-17,438697,253,338984,211,99713,42,372330,249,2151667,1663,2523997,1912,7,5685,14,13922,7096,"East TN",2455501,217.063646074671,0.15052478243006,77.8659833573678,10.3033963333756,15.052478243006
2021-10-18,439487,790,339451,467,100036,323,372847,517,2154847,3180,2527694,3697,23,5708,37,13959,7117,"East TN",2455501,199.429770136522,0.15107451750576,150.559906104701,32.1726604876154,15.107451750576
2021-10-19,440321,834,339894,443,100427,391,373323,476,2158175,3328,2531498,3804,25,5733,23,13982,7133,"East TN",2455501,195.31655658051,0.135354481251707,154.917468980872,33.9645555021155,13.5354481251707
2021-10-20,441086,765,340386,492,100700,273,373865,542,2162196,4021,2536061,4563,15,5748,21,14003,7152,"East TN",2455501,191.85494121159,0.130817463099272,185.827657980999,31.1545383202858,13.0817463099272
2021-10-21,441723,637,340814,428,100909,209,374340,475,2165831,3635,2540171,4110,17,5765,21,14024,7170,"East TN",2455501,179.06732678993,0.124137105462671,167.379284308986,25.9417528235582,12.4137105462671
2021-10-22,442268,545,341157,343,101111,202,374728,388,2168936,3105,2543664,3493,6,5771,18,14042,7188,"East TN",2455501,168.315956702929,0.121215896349819,142.252029219292,22.1950632477853,12.1215896349819
2021-10-23,442626,358,341403,246,101223,112,375003,275,2171321,2385,2546324,2660,0,5771,15,14057,7208,"East TN",2455501,170.311476150895,0.120549527620776,108.328198603869,14.5795094361599,12.0549527620776
2021-10-24,442870,244,341566,163,101304,81,375200,197,2173217,1896,2548417,2093,7,5778,14,14071,7220,"East TN",2455501,169.944952170657,0.117526617526618,85.2371878488341,9.9368723531369,11.7526617526618
2021-10-25,443294,424,341816,250,101478,174,375472,272,2175648,2431,2551120,2703,28,5806,21,14092,7231,"East TN",2455501,155.039643640951,0.112054981644327,110.079368731676,17.26735195791,11.2054981644327
2021-10-26,443820,526,342145,329,101675,197,375811,339,2178289,2641,2554100,2980,12,5818,28,14120,7242,"East TN",2455501,142.496378539451,0.110078754092558,121.360162345688,21.4212904006148,11.0078754092558
2021-10-27,444443,623,342542,397,101901,226,376237,426,2182487,4198,2558724,4624,10,5828,21,14141,7263,"East TN",2455501,136.713444629019,0.10466398976305,188.311876069283,25.3716044098536,10.466398976305
2021-10-28,444861,418,342798,256,102063,162,376528,291,2185279,2792,2561807,3083,16,5844,15,14156,7278,"East TN",2455501,127.794694443211,0.101127750046219,125.554825675086,17.0230026377509,10.1127750046219
2021-10-29,445325,464,343103,305,102222,159,376861,333,2188784,3505,2565645,3838,4,5848,10,14166,7295,"East TN",2455501,124.495978621063,0.0970383513033984,156.30211512844,18.8963474256374,9.70383513033984
2021-10-30,445589,264,343306,203,102283,61,377090,229,2191358,2574,2568448,2803,0,5848,16,14182,7310,"East TN",2455501,120.667839271904,0.0943319472066534,114.151857400995,10.7513700870006,9.43319472066534
2021-10-31,445761,172,343434,128,102327,44,377238,148,2192982,1624,2570220,1772,0,5848,5,14187,7321,"East TN",2455501,117.735647429995,0.0934733752235931,72.164499220322,7.00468051122765,9.34733752235931
2021-11-01,446363,602,343795,361,102568,241,377628,390,2196084,3102,2573712,3492,14,5862,23,14210,7330,"East TN",2455501,124.984677261382,0.0954320113314448,142.211304332599,24.5163817892968,9.54320113314448
2021-11-02,446776,413,344016,221,102760,192,377856,228,2198295,2211,2576151,2439,25,5887,16,14226,7353,"East TN",2455501,120.382765065052,0.0927395582966759,99.3279986446758,16.819378204285,9.27395582966759
2021-11-03,447351,575,344397,381,102954,194,378251,395,2202872,4577,2581123,4972,6,5893,14,14240,7364,"East TN",2455501,118.427970503779,0.0899147283360864,202.484136638511,23.4168098485808,8.99147283360864
2021-11-04,447772,421,344702,305,103070,116,378584,333,2206400,3528,2584984,3861,13,5906,9,14249,7375,"East TN",2455501,118.550145163859,0.0887086335591319,157.238787522383,17.1451772978305,8.87086335591319
2021-11-05,448207,435,344987,285,103220,150,378908,324,2209975,3575,2588883,3899,2,5908,13,14262,7381,"East TN",2455501,117.369123449756,0.0880884757724417,158.786333216724,17.715325711535,8.80884757724417
2021-11-06,448443,236,345160,173,103283,63,379099,191,2212209,2234,2591308,2425,0,5908,14,14276,7389,"East TN",2455501,116.228826622347,0.0878827646544182,98.7578502309712,9.61107325959142,8.78827646544182
2021-11-07,448646,203,345290,130,103356,73,379255,156,2214111,1902,2593366,2058,6,5914,8,14284,7401,"East TN",2455501,117.491298109836,0.0871424868227772,83.8118168145727,8.26715199871635,8.71424868227772
2021-11-08,449190,544,345637,347,103553,197,379641,386,2217623,3512,2597264,3898,25,5939,25,14309,7413,"East TN",2455501,115.129254681631,0.0854704483695652,158.745608330031,22.1543383610921,8.54704483695652
2021-11-09,450060,870,346256,619,103804,251,380444,803,2224886,7263,2605330,8066,10,5949,27,14336,7428,"East TN",2455501,133.740527900416,0.0886939237122588,328.486936067222,35.4306514230701,8.86939237122588
2021-11-10,450686,626,346694,438,103992,188,380945,501,2230122,5236,2611067,5737,7,5956,28,14364,7440,"East TN",2455501,135.817497121769,0.0899679401549559,233.638674958797,25.4937790699332,8.99679401549559
2021-11-11,451192,506,347080,386,104112,120,381353,408,2234409,4287,2615762,4695,5,5961,10,14374,7453,"East TN",2455501,139.279112490689,0.0899668594450582,191.203343024499,20.6067926667511,8.99668594450582
2021-11-12,451675,483,347404,324,104271,159,381688,335,2237843,3434,2619531,3769,2,5963,24,14398,7463,"East TN",2455501,141.233907051962,0.0907073871051945,153.49209794661,19.6701202728079,9.07073871051945
2021-11-13,451914,239,347546,142,104368,97,381837,149,2239841,1998,2621678,2147,4,5967,11,14409,7472,"East TN",2455501,141.356081712042,0.0901547579848535,87.436331730266,9.73324791967098,9.01547579848535
2021-11-14,452275,361,347862,316,104413,45,382182,345,2242819,2978,2625001,3323,1,5968,14,14423,7480,"East TN",2455501,147.790613809565,0.0925241030504188,135.32879848145,14.7016840962394,9.25241030504188
2021-11-15,452856,581,348155,293,104701,288,382485,303,2245560,2741,2628045,3044,26,5994,20,14443,7490,"East TN",2455501,149.297434617213,0.0923946590429161,123.966555094052,23.6611591687399,9.23946590429161
2021-11-16,453532,676,348591,436,104941,240,382950,465,2249141,3581,2632091,4046,24,6018,17,14460,7500,"East TN",2455501,141.396806598735,0.0936437352864243,164.772891560622,27.5300234045924,9.36437352864243
2021-11-17,454247,715,349059,468,105188,247,383460,510,2253757,4616,2637217,5126,5,6023,27,14487,7510,"East TN",2455501,145.021321514428,0.0961759082217973,208.755769189261,29.1182939856266,9.61759082217973
2021-11-18,454873,626,349471,412,105402,214,383940,480,2258589,4832,2642529,5312,12,6035,19,14506,7519,"East TN",2455501,149.90830791761,0.0966488586692569,216.330598114193,25.4937790699332,9.66488586692569
2021-11-19,455489,616,349916,445,105573,171,384403,463,2263063,4474,2647466,4937,7,6042,13,14519,7527,"East TN",2455501,155.324717847804,0.097189905136925,201.058765604249,25.0865302030013,9.7189905136925
2021-11-20,455813,324,350164,248,105649,76,384691,288,2265762,2699,2650453,2987,0,6042,14,14533,7535,"East TN",2455501,158.786333216724,0.0991833188531712,121.645236552541,13.1948632885916,9.91833188531712
2021-11-21,456080,267,350316,152,105764,115,384855,164,2267245,1483,2652100,1647,9,6051,11,14544,7546,"East TN",2455501,154.958193867565,0.0986383261374958,67.073888383674,10.8735447470801,9.86383261374958
2021-11-22,456837,757,350815,499,106022,258,385371,516,2271111,3866,2656482,4382,20,6071,38,14582,7552,"East TN",2455501,162.125773925565,0.101487498681296,178.456453489532,30.8287392267403,10.1487498681296
2021-11-23,457517,680,351288,473,106229,207,385864,493,2274411,3300,2660275,3793,21,6092,20,14602,7559,"East TN",2455501,162.288673472338,0.103391995458416,154.469495227247,27.6929229513651,10.3391995458416
2021-11-24,458256,739,351823,535,106433,204,386440,576,2278439,4028,2664879,4604,6,6098,21,14623,7569,"East TN",2455501,163.266070752975,0.107729014532572,187.497378335419,30.095691266263,10.7729014532572
2021-11-25,458542,286,351981,158,106561,128,386614,174,2280074,1635,2666688,1809,1,6099,12,14635,7578,"East TN",2455501,149.419609277292,0.11068338921313,73.6713200279699,11.6473175942506,11.068338921313
2021-11-26,458772,230,352183,202,106589,28,386858,244,2281751,1677,2668609,1921,1,6100,15,14650,7583,"East TN",2455501,133.699803013723,0.116114080310268,78.2325073376065,9.36672393943232,11.6114080310268
2021-11-27,459056,284,352411,228,106645,56,387112,254,2283346,1595,2670458,1849,0,6100,14,14664,7594,"East TN",2455501,132.070807545996,0.121019745063734,75.3003154956972,11.5658678208643,12.1019745063734
2021-11-28,459373,317,352623,212,106750,105,387329,217,2284857,1511,2672186,1728,7,6107,20,14684,7605,"East TN",2455501,134.107051880655,0.123170367420094,70.3726042058219,12.9097890817393,12.3170367420094
2021-11-29,460470,1097,353339,716,107131,381,388068,739,2289404,4547,2677472,5286,19,6126,36,14720,7613,"East TN",2455501,147.953513356337,0.128489757027156,215.271751060171,44.6752007024228,12.8489757027156
2021-11-30,461311,841,353849,510,107462,331,388576,508,2292771,3367,2681347,3875,64,6190,26,14746,7625,"East TN",2455501,154.51022011394,0.12870159453303,157.808935936088,34.2496297089677,12.870159453303
2021-12-01,462402,1091,354627,778,107775,313,389391,815,2297940,5169,2687331,5984,48,6238,33,14779,7646,"East TN",2455501,168.845380229941,0.131435952253697,243.697721972013,44.4308513822637,13.1435952253697
2021-12-02,463310,908,355255,628,108055,280,390061,670,2302601,4661,2692662,5331,39,6277,18,14797,7664,"East TN",2455501,194.176259753101,0.132709632709633,217.104370961364,36.9781971174111,13.2709632709633
2021-12-03,464337,1027,355998,743,108339,284,390851,790,2307578,4977,2698429,5767,21,6298,26,14823,7677,"East TN",2455501,226.633994447569,0.133903420523139,234.860421559592,41.8244586339,13.3903420523139
2021-12-04,464763,426,356333,335,108430,91,391233,382,2310330,2752,2701563,3134,3,6301,29,14852,7689,"East TN",2455501,232.416928358001,0.132486738466484,127.631794896439,17.3488017312964,13.2486738466484
2021-12-05,465150,387,356549,216,108601,171,391464,231,2312261,1931,2703725,2162,12,6313,15,14867,7697,"East TN",2455501,235.267670426524,0.131107517676527,88.0472050306638,15.7605311502622,13.1107517676527
2021-12-06,466105,955,357197,648,108908,307,392156,692,2316445,4184,2708601,4876,69,6382,32,14899,7711,"East TN",2455501,229.484736516092,0.131324488419159,198.574547515965,38.8922667919907,13.1324488419159
2021-12-07,466956,851,357732,535,109224,316,392699,543,2319920,3475,2712619,4018,8,6390,28,14927,7716,"East TN",2455501,229.891985383024,0.131843182399591,163.632594733213,34.6568785758996,13.1843182399591
2021-12-08,468010,1054,358373,641,109637,413,393360,661,2324521,4601,2717881,5262,4,6394,29,14956,7733,"East TN",2455501,228.385164575376,0.129918166939444,214.294353779534,42.9240305746159,12.9918166939444
2021-12-09,468943,933,359004,631,109939,302,394038,678,2329433,4912,2723471,5590,19,6413,34,14990,7747,"East TN",2455501,229.403286742705,0.129085656788601,227.652116614899,37.9963192847407,12.9085656788601
2021-12-10,469743,800,359552,548,110191,252,394639,601,2333928,4495,2728567,5096,5,6418,22,15012,7761,"East TN",2455501,220.158737463353,0.125688499568651,207.534022588466,32.5799093545472,12.5688499568651
2021-12-11,470140,397,359838,286,110302,111,394964,325,2336848,2920,2731812,3245,0,6418,19,15031,7770,"East TN",2455501,218.97771574925,0.123342920427122,132.152257319382,16.167780017194,12.3342920427122
2021-12-12,470573,433,360102,264,110471,169,395259,295,2339365,2517,2734624,2812,9,6427,18,15049,7777,"East TN",2455501,220.851060537137,0.122819508721965,114.518381381233,17.6338759381487,12.2819508721965
2021-12-13,471459,886,360679,577,110780,309,395865,606,2343962,4597,2739827,5203,23,6450,24,15073,7786,"East TN",2455501,218.041043355307,0.118779222442836,211.891585464636,36.082249610161,11.8779222442836
2021-12-14,472222,763,361139,460,111083,303,396353,488,2347980,4018,2744333,4506,36,6486,24,15097,7794,"East TN",2455501,214.457253326307,0.115217254209497,183.506339439487,31.0730885468994,11.5217254209497
2021-12-15,473094,872,361730,591,111364,281,396984,631,2352785,4805,2749769,5436,19,6505,23,15120,7809,"East TN",2455501,207.045323948147,0.113647767185148,221.380484064148,35.5121011964564,11.3647767185148
2021-12-16,473894,800,362245,515,111649,285,397532,548,2356605,3820,2754137,4368,19,6524,22,15142,7826,"East TN",2455501,201.628914017954,0.113937259505641,177.886305075828,32.5799093545472,11.3937259505641
2021-12-17,474706,812,362781,536,111925,276,398118,586,2361223,4618,2759341,5204,24,6548,34,15176,7840,"East TN",2455501,202.117612658272,0.113049977253526,211.93231035133,33.0686079948654,11.3049977253526
2021-12-18,475280,574,363166,385,112114,189,398548,430,2364568,3345,2763116,3775,0,6548,29,15205,7853,"East TN",2455501,209.325917602966,0.114490161001789,153.73644726677,23.3760849618876,11.4490161001789
2021-12-19,475703,423,363446,280,112257,143,398859,311,2367229,2661,2766088,2972,6,6554,16,15221,7862,"East TN",2455501,208.918668736034,0.11441647597254,121.034363252143,17.2266270712168,11.441647597254
2021-12-20,476642,939,364074,628,112568,311,399504,645,2371169,3940,2770673,4585,40,6594,32,15253,7874,"East TN",2455501,211.077087730773,0.117973156973351,186.723605488249,38.2406686048998,11.7973156973351
2021-12-21,477654,1012,364732,658,112922,354,400175,671,2375552,4383,2775727,5054,30,6624,29,15282,7884,"East TN",2455501,221.217584517375,0.121743008218131,205.823577347352,41.2135853335022,12.1743008218131
2021-12-22,479143,1489,365463,731,113680,758,400923,748,2379881,4329,2780804,5077,852,7476,41,15323,7900,"East TN",2455501,246.34483960707,0.1269212179797,206.760249741295,60.639356286151,12.69212179797
2021-12-23,480311,1168,366270,807,114041,361,401788,865,2384364,4483,2786152,5348,27,7503,35,15358,7917,"East TN",2455501,261.331597910162,0.132937685459941,217.796694035148,47.5666676576389,13.2937685459941
2021-12-24,481253,942,366923,653,114330,289,402498,710,2388198,3834,2790696,4544,0,7503,20,15378,7939,"East TN",2455501,266.625833180276,0.139690639451443,185.053885133828,38.3628432649793,13.9690639451443
2021-12-25,481736,483,367207,284,114529,199,402832,334,2390317,2119,2793149,2453,8,7511,19,15397,7947,"East TN",2455501,262.919868491196,0.142643092598142,99.8981470583803,19.6701202728079,14.2643092598142
2021-12-26,482079,343,367484,277,114595,66,403152,320,2392192,1875,2795344,2195,62,7573,19,15416,7964,"East TN",2455501,259.661877555741,0.146739130434783,89.3911262915389,13.9686361357621,14.6739130434783
2021-12-27,483960,1881,368749,1265,115211,616,404467,1315,2396914,4722,2801381,6037,64,7637,36,15452,7983,"East TN",2455501,298.02472082072,0.161619122052885,245.856140966752,76.6035118698791,16.1619122052885
2021-12-28,486392,2432,370197,1448,116195,984,405958,1491,2401288,4374,2807246,5865,18,7655,27,15479,7996,"East TN",2455501,355.854059925042,0.183476633141914,238.851460455524,99.0429244378235,18.3476633141914
2021-12-29,489294,2902,372137,1940,117157,962,407974,2016,2406578,5290,2814552,7306,37,7692,30,15509,8011,"East TN",2455501,413.398324822511,0.208930899608866,297.536022180402,118.18362118362,20.8930899608866
2021-12-30,492129,2835,373925,1788,118204,1047,409803,1829,2411038,4460,2820841,6289,14,7706,34,15543,8026,"East TN",2455501,481.286710940048,0.231053071578887,256.118812413434,115.455053775177,23.1053071578887
2021-12-31,494671,2542,375752,1827,118919,715,411765,1962,2415864,4826,2827629,6788,0,7706,25,15568,8046,"East TN",2455501,546.446529649143,0.250913816911705,276.440530873333,103.522661974074,25.0913816911705
2022-01-01,496130,1459,376984,1232,119146,227,413106,1341,2419513,3649,2832619,4990,0,7706,35,15603,8054,"East TN",2455501,586.19401906169,0.260298961236382,203.217184598988,59.4176096853555,26.0298961236382
2022-01-02,497598,1468,377951,967,119647,501,414335,1229,2422530,3017,2836865,4246,6,7712,27,15630,8074,"East TN",2455501,632.009516591522,0.269333590231449,172.917868899259,59.7841336655941,26.9333590231449
2022-01-03,500500,2902,380144,2193,120356,709,416571,2236,2426700,4170,2843271,6406,33,7745,38,15668,8088,"East TN",2455501,673.589625905263,0.288947242778706,260.883624156537,118.18362118362,28.8947242778706
2022-01-04,504698,4198,382614,2470,122084,1728,418973,2402,2431937,5237,2850910,7639,14,7759,43,15711,8106,"East TN",2455501,745.509775805426,0.298071637962624,311.097409449233,170.963074337986,29.8071637962624
2022-01-05,509648,4950,386031,3417,123617,1533,422485,3512,2437171,5234,2859656,8746,15,7774,44,15755,8131,"East TN",2455501,828.914343753067,0.321723128769067,356.179859018587,201.588189131261,32.1723128769067
2022-01-06,514821,5173,389516,3485,125305,1688,426150,3665,2442777,5606,2868927,9271,11,7785,43,15798,8151,"East TN",2455501,924.129128841731,0.339953416794909,377.560424532509,210.669838863841,33.9953416794909
2022-01-07,519223,4402,392758,3242,126465,1160,429450,3300,2447461,4684,2876911,7984,12,7797,41,15839,8174,"East TN",2455501,999.877418091054,0.358853130960594,325.147495358381,179.270951223396,35.8853130960594
2022-01-08,522380,3157,395191,2433,127189,724,432062,2612,2452225,4764,2884287,7376,1,7798,43,15882,8194,"East TN",2455501,1069.02827569608,0.366880854687621,300.386764248925,128.568467290382,36.6880854687621
2022-01-09,525902,3522,397889,2698,128013,824,434978,2916,2457227,5002,2892205,7918,15,7813,43,15925,8212,"East TN",2455501,1152.67719296388,0.373021322732201,322.459652836631,143.433050933394,37.3021322732201
2022-01-10,530573,4671,400979,3090,129594,1581,438237,3259,2462007,4780,2900244,8039,29,7842,64,15989,8245,"East TN",2455501,1224.71951752412,0.380285398346585,327.387364126506,190.225945743862,38.0285398346585
2022-01-11,536214,5641,405042,4063,131172,1578,442395,4158,2467196,5189,2909591,9347,30,7872,50,16039,8271,"East TN",2455501,1283.48552902239,0.39914111893117,380.655515921191,229.729085836251,39.914111893117
2022-01-12,541940,5726,409044,4002,132896,1724,446585,4190,2471965,4769,2918550,8959,16,7888,33,16072,8293,"East TN",2455501,1315.0880410963,0.409209766699494,364.854259884235,233.190701205172,40.9209766699494
2022-01-13,549312,7372,414322,5278,134990,2094,452096,5511,2478890,6925,2930986,12436,65,7953,50,16122,8309,"East TN",2455501,1404.64206693461,0.418086014921285,506.454690916436,300.223864702152,41.8086014921285
2022-01-14,555849,6537,419132,4810,136717,1727,457062,4966,2484769,5879,2941831,10845,68,8021,39,16161,8342,"East TN",2455501,1491.58970002456,0.425323475046211,441.66139618758,266.218584313344,42.5323475046211
2022-01-15,560425,4576,422534,3402,137891,1174,460694,3632,2489858,5089,2950552,8721,9,8030,38,16199,8357,"East TN",2455501,1549.37831424219,0.432083301893911,355.161736851258,186.35708150801,43.2083301893911
2022-01-16,564301,3876,425866,3332,138435,544,464203,3509,2494506,4648,2958709,8157,7,8037,40,16239,8375,"East TN",2455501,1563.79492413157,0.439447251293155,332.192900756302,157.849660822781,43.9447251293155
2022-01-17,568967,4666,429215,3349,139752,1317,467695,3492,2499241,4735,2966936,8227,15,8052,44,16283,8399,"East TN",2455501,1563.59129969811,0.441702153181791,335.043642824825,190.022321310397,44.1702153181791
2022-01-18,574951,5984,432908,3693,142043,2291,471449,3754,2502704,3463,2974153,7217,49,8101,48,16331,8431,"East TN",2455501,1577.55993583387,0.450017037886063,293.911507264709,243.697721972013,45.0017037886063
2022-01-19,583306,8355,438950,6042,144356,2313,477663,6214,2508552,5848,2986215,12062,22,8123,53,16384,8463,"East TN",2455501,1684.62566295025,0.45929210079066,491.223583293185,340.256428321552,45.929210079066
2022-01-20,591638,8332,445046,6096,146592,2236,483974,6311,2514269,5717,2998243,12028,44,8167,43,16427,8497,"East TN",2455501,1723.72155417571,0.47397296935635,489.838937145617,339.319755927609,47.397296935635
2022-01-21,598966,7328,450678,5632,148288,1696,489882,5908,2519990,5721,3009872,11629,53,8220,32,16459,8528,"East TN",2455501,1755.93493955001,0.48235622639291,473.589707355037,298.431969687652,48.235622639291
2022-01-22,604996,6030,455570,4892,149426,1138,495077,5195,2526079,6089,3021156,11284,0,8220,58,16517,8555,"East TN",2455501,1815.1489248019,0.486983740298,459.539621445888,245.5710667599,48.6983740298
2022-01-23,608619,3623,458566,2996,150053,627,498244,3167,2529347,3268,3027591,6435,6,8226,32,16549,8587,"East TN",2455501,1804.84552846853,0.494192967683865,262.064645870639,147.546264489406,49.4192967683865
2022-01-24,615355,6736,463284,4718,152071,2018,503245,5001,2534727,5380,3037972,10381,37,8263,46,16595,8622,"East TN",2455501,1889.14604392342,0.50045047581508,422.765048761943,274.322836765287,50.045047581508
2022-01-25,621089,5734,467385,4101,153704,1633,507537,4292,2539380,4653,3046917,8945,30,8293,36,16631,8651,"East TN",2455501,1878.96482225012,0.495959540432082,364.284111470531,233.516500298717,49.5959540432082
2022-01-26,626923,5834,471831,4446,155092,1388,512239,4702,2544273,4893,3056512,9595,26,8319,38,16669,8685,"East TN",2455501,1776.29738289661,0.491855982474359,390.7552878211,237.588988968035,49.1855982474359
2022-01-27,634215,7292,477631,5800,156584,1492,518416,6177,2551426,7153,3069842,13330,29,8348,52,16721,8732,"East TN",2455501,1733.9435007357,0.481040237992151,542.862739620143,296.965873766698,48.1040237992151
2022-01-28,639197,4982,481350,3719,157847,1263,522362,3946,2556266,4840,3078628,8786,38,8386,43,16764,8767,"East TN",2455501,1638.40291655349,0.472395136424458,357.808854486315,202.891385505443,47.2395136424458
2022-01-29,643290,4093,484643,3293,158647,800,525933,3571,2561697,5431,3087630,9002,5,8391,31,16795,8805,"East TN",2455501,1559.51881102879,0.464181484490177,366.605430012042,166.686961235202,46.4181484490177
2022-01-30,645369,2079,486157,1514,159212,565,527534,1601,2564174,2477,3091708,4078,17,8408,24,16819,8850,"East TN",2455501,1496.63958597451,0.456821123882902,166.076087934804,84.6670394351295,45.6821123882902
2022-01-31,649311,3942,488643,2486,160668,1456,530126,2592,2567105,2931,3097231,5523,68,8476,38,16857,8888,"East TN",2455501,1382.85425255376,0.453618859582511,224.923549206455,160.537503344531,45.3618859582511
2022-02-01,654305,4994,492188,3545,162117,1449,534060,3934,2572364,5259,3106424,9193,28,8504,40,16897,8920,"East TN",2455501,1352.7178364008,0.445712269144806,374.38388337044,203.380084145761,44.5712269144806
2022-02-02,659034,4729,495710,3522,163324,1207,537826,3766,2577263,4899,3115089,8665,21,8525,48,16945,8962,"East TN",2455501,1307.71683660483,0.436809669324137,352.881143196439,192.587989172067,43.6809669324137
2022-02-03,668044,9010,498402,2692,169642,6318,540669,2843,2581616,4353,3122285,7196,26,8551,41,16986,8990,"East TN",2455501,1377.68219194372,0.424327364948611,293.056284644152,366.931229105588,42.4327364948611
2022-02-04,671596,3552,500936,2534,170660,1018,543428,2759,2586206,4590,3129634,7349,12,8563,38,17024,9019,"East TN",2455501,1319.44560397247,0.413010234090107,299.287192308209,144.65479753419,41.3010234090107
2022-02-05,673281,1685,502124,1188,171157,497,544772,1344,2588828,2622,3133600,3966,3,8566,27,17051,9063,"East TN",2455501,1221.38007681528,0.409810746138786,161.514900625168,68.621434078015,40.9810746138786
2022-02-06,674594,1313,503076,952,171518,361,545864,1092,2591481,2653,3137345,3745,1,8567,36,17087,9096,"East TN",2455501,1190.1848136083,0.401647785787848,152.514700665974,53.4717762281506,40.1647785787848
2022-02-07,677415,2821,504915,1839,172500,982,547846,1982,2594367,2886,3142213,4868,50,8617,46,17133,9128,"East TN",2455501,1144.53221562524,0.393935351918545,198.24874842242,114.884905361472,39.3935351918545
2022-02-08,680090,2675,506630,1715,173460,960,549744,1898,2597035,2668,3146779,4566,21,8638,43,17176,9165,"East TN",2455501,1050.09120338375,0.388650724817247,185.949832641078,108.939071904267,38.8650724817247
2022-02-09,683005,2915,508717,2087,174288,828,552065,2321,2600706,3671,3152771,5992,26,8664,28,17204,9198,"East TN",2455501,976.216258922314,0.377872724377687,244.023521065559,118.713044710631,37.7872724377687
2022-02-10,685521,2516,510500,1783,175021,733,554043,1978,2603915,3209,3157958,5187,28,8692,32,17236,9236,"East TN",2455501,711.748844736777,0.37490539063157,211.239987277545,102.463814920051,37.490539063157
2022-02-11,687822,2301,512228,1728,175594,573,555943,1900,2607279,3364,3163222,5264,31,8723,41,17277,9267,"East TN",2455501,660.802011483604,0.372603310706205,214.375803552921,93.7079642810164,37.2603310706205
2022-02-12,688757,935,512916,688,175841,247,556727,784,2609782,2503,3166509,3287,3,8726,17,17294,9310,"East TN",2455501,630.258346463715,0.363274484183658,133.862702560496,38.077769058127,36.3274484183658
2022-02-13,689335,578,513334,418,176001,160,557213,486,2611182,1400,3168395,1886,35,8761,11,17305,9334,"East TN",2455501,600.325554744225,0.365507246376812,76.807136303345,23.5389845086603,36.5507246376812
2022-02-14,691596,2261,514777,1443,176819,818,558852,1639,2614189,3007,3173041,4646,146,8907,26,17331,9366,"East TN",2455501,577.519618196042,0.357013104969508,189.207823576533,92.078968813289,35.7013104969508
2022-02-15,693495,1899,516179,1402,177316,497,560396,1544,2617054,2865,3177450,4409,37,8944,31,17362,9396,"East TN",2455501,545.917106122131,0.347298751263408,179.556025430248,77.3365598303564,34.7298751263408
2022-02-16,695269,1774,517418,1239,177851,535,561772,1376,2620259,3205,3182031,4581,14,8958,19,17381,9418,"East TN",2455501,499.450010405209,0.33174982911825,186.560705941476,72.2459489937084,33.174982911825
2022-02-17,697049,1780,518675,1257,178374,523,563159,1387,2623781,3522,3186940,4909,13,8971,23,17404,9442,"East TN",2455501,469.476493799025,0.314540059347181,199.91846877684,72.4902983138675,31.4540059347181
2022-02-18,698234,1185,519404,729,178830,456,564001,842,2626746,2965,3190747,3807,8,8979,10,17414,9470,"East TN",2455501,424.027520249432,0.29275204359673,155.039643640951,48.258990731423,29.275204359673
2022-02-19,698772,538,519750,346,179022,192,564417,416,2628847,2101,3193264,2517,1,8980,15,17429,9504,"East TN",2455501,407.859740232238,0.287422911605307,102.504539806744,21.909989040933,28.7422911605307
2022-02-20,699142,370,519983,233,179159,137,564692,275,2630282,1435,3194974,1710,8,8988,5,17434,9520,"East TN",2455501,399.388963800055,0.281387561608789,69.6395562453446,15.0682080764781,28.1387561608789
2022-02-21,699870,728,520398,415,179472,313,565144,452,2631833,1551,3196977,2003,7,8995,14,17448,9540,"East TN",2455501,336.957712499404,0.262867647058824,81.5719480464475,29.647717512638,26.2867647058824
2022-02-22,701053,1183,521054,656,179999,527,565876,732,2634183,2350,3200059,3082,44,9039,23,17471,9559,"East TN",2455501,307.798693627085,0.242381352558716,125.514100788393,48.1775409580367,24.2381352558716
2022-02-23,701920,867,521526,472,180394,395,566409,533,2636780,2597,3203189,3130,79,9118,10,17481,9587,"East TN",2455501,270.861221396367,0.219160601191039,127.468895349666,35.3084767629905,21.9160601191039
2022-02-24,702777,857,522013,487,180764,370,566976,567,2639281,2501,3206257,3068,50,9168,13,17494,9608,"East TN",2455501,233.272150978558,0.197597970699384,124.943952374689,34.9012278960587,19.7597970699384
2022-02-25,703545,768,522470,457,181075,311,567487,511,2641659,2378,3209146,2889,5,9173,25,17519,9624,"East TN",2455501,216.2898732275,0.18946681884885,117.654197656609,31.2767129803653,18.946681884885
2022-02-26,703800,255,522650,180,181150,75,567704,217,2643395,1736,3211099,1953,0,9173,6,17525,9642,"East TN",2455501,204.764730293329,0.184300532660499,79.5357037117883,10.3848461067619,18.4300532660499
2022-02-27,703823,23,522672,22,181151,1,567734,30,2643751,356,3211485,386,4,9177,2,17527,9664,"East TN",2455501,190.633194610794,0.184240809157531,15.719806263569,0.936672393943232,18.4240809157531
2022-02-28,704688,865,523130,458,181558,407,568246,512,2646439,2688,3214685,3200,27,9204,19,17546,9685,"East TN",2455501,196.21250408776,0.175175062118816,130.319637418189,35.2270269896042,17.5175062118816
2022-03-01,705453,765,523494,364,181959,401,568651,405,2648658,2219,3217309,2624,28,9232,17,17563,9700,"East TN",2455501,179.18950145001,0.160869565217391,106.862102682915,31.1545383202858,16.0869565217391
2022-03-02,705914,461,523760,266,182154,195,568964,313,2650971,2313,3219935,2626,8,9240,11,17574,9722,"East TN",2455501,162.655197452577,0.152573748954974,106.943552456301,18.7741727655578,15.2573748954974
2022-03-03,706274,360,523948,188,182326,172,569187,223,2652927,1956,3222114,2179,15,9255,11,17585,9738,"East TN",2455501,142.414928766064,0.139433688591789,88.7395281044479,14.6609592095462,13.9433688591789
2022-03-04,706612,338,524163,215,182449,123,569454,267,2655169,2242,3224623,2509,10,9265,10,17595,9748,"East TN",2455501,124.903227487995,0.127091813658978,102.178740713199,13.7650117022962,12.7091813658978
2022-03-05,706756,144,524267,104,182489,40,569572,118,2656881,1712,3226453,1830,0,9265,7,17602,9765,"East TN",2455501,120.382765065052,0.121662107594112,74.5265426485267,5.8643836838185,12.1662107594112
2022-03-06,706856,100,524326,59,182530,41,569644,72,2658092,1211,3227736,1283,2,9267,4,17606,9775,"East TN",2455501,123.518581340427,0.117531228847456,52.2500296273551,4.0724886693184,11.7531228847456
2022-03-07,707128,272,524502,176,182626,96,569860,216,2659800,1708,3229660,1924,13,9280,12,17618,9786,"East TN",2455501,99.368723531369,0.107779632721202,78.354681997686,11.077169180546,10.7779632721202
2022-03-08,707391,263,524602,100,182789,163,569984,124,2661552,1752,3231536,1876,27,9307,9,17627,9802,"East TN",2455501,78.9248304113906,0.0936950868067759,76.3998874364132,10.7106452003074,9.36950868067759
2022-03-09,707685,294,524730,128,182955,166,570134,150,2663563,2011,3233697,2161,23,9330,7,17634,9812,"East TN",2455501,72.1237743336289,0.0850167126871094,88.0064801439706,11.9731166877961,8.50167126871094
2022-03-10,707873,188,524832,102,183041,86,570266,132,2665659,2096,3235925,2228,75,9405,3,17637,9821,"East TN",2455501,65.1190938224012,0.0781261313445804,90.735047552414,7.65627869831859,7.81261313445804
2022-03-11,708083,210,524923,91,183160,119,570371,105,2667849,2190,3238220,2295,79,9484,5,17642,9837,"East TN",2455501,59.9063083256737,0.0674413473560344,93.4636149608573,8.55222620556864,6.74413473560344
2022-03-12,708152,69,524958,35,183194,34,570412,41,2669134,1285,3239546,1326,0,9484,3,17645,9846,"East TN",2455501,56.8519418236849,0.0641564194607806,54.001199755162,2.8100171818297,6.41564194607806
2022-03-13,708243,91,525011,53,183232,38,570482,70,2670743,1609,3241225,1679,4,9488,5,17650,9852,"East TN",2455501,56.4854178434462,0.0621246941952702,68.3770847578559,3.70596468907974,6.21246941952702
2022-03-14,708401,158,525094,83,183307,75,570588,106,2671828,1085,3242416,1191,69,9557,3,17653,9863,"East TN",2455501,51.8427807604232,0.0570711821887739,48.5033400515821,6.43453209752307,5.70711821887739
2022-03-15,708587,186,525173,79,183414,107,570679,91,2673262,1434,3243941,1525,4,9561,1,17654,9871,"East TN",2455501,48.7069644850481,0.0560257960499798,62.1054522071056,7.57482892493222,5.60257960499798
2022-03-16,708741,154,525265,92,183476,62,570789,110,2674829,1567,3245618,1677,10,9571,5,17659,9877,"East TN",2455501,43.0054803480023,0.0549450549450549,68.2956349844696,6.27163255075034,5.49450549450549
2022-03-17,708884,143,525362,97,183522,46,570907,118,2676128,1299,3247035,1417,7,9578,1,17660,9886,"East TN",2455501,41.172860446809,0.0576957695769577,57.7071644442417,5.82365879712531,5.76957695769577
2022-03-18,709028,144,525450,88,183578,56,571001,94,2677620,1492,3248621,1586,2,9580,1,17661,9897,"East TN",2455501,38.4850179250589,0.0605710989327949,64.5896702953898,5.8643836838185,6.05710989327949
2022-03-19,709101,73,525508,58,183593,15,571067,66,2678793,1173,3249860,1239,0,9580,1,17662,9902,"East TN",2455501,38.6479174718316,0.0635059142912546,50.458134612855,2.97291672860243,6.35059142912546
2022-03-20,709169,68,525558,50,183611,18,571126,59,2679448,655,3250574,714,3,9583,0,17662,9908,"East TN",2455501,37.7112450778884,0.0688843726601776,29.0775690989334,2.76929229513651,6.88843726601776
2022-03-21,709268,99,525626,68,183642,31,571206,80,2680336,888,3251542,968,16,9599,1,17663,9914,"East TN",2455501,35.3084767629905,0.0677186061801446,39.4216903190021,4.03176378262522,6.77186061801446
2022-03-22,709353,85,525682,56,183671,29,571271,65,2681340,1004,3252611,1069,2,9601,5,17668,9921,"East TN",2455501,31.1952632069789,0.0682814302191465,43.5349038750137,3.46161536892064,6.82814302191465
2022-03-23,709449,96,525757,75,183692,21,571351,80,2682783,1443,3254134,1523,11,9612,0,17668,9931,"East TN",2455501,28.8332197787743,0.06599342414279,62.0240024337192,3.90958912254566,6.599342414279
2022-03-24,709554,105,525791,34,183763,71,571394,43,2683867,1084,3255261,1127,5,9617,0,17668,9939,"East TN",2455501,27.2856740844333,0.0592025285679553,45.8969473032184,4.27611310278432,5.92025285679553
2022-03-25,709620,66,525839,48,183781,18,571453,59,2685321,1454,3256774,1513,0,9617,2,17670,9944,"East TN",2455501,24.1091329223649,0.0554397154421685,61.6167535667874,2.68784252175014,5.54397154421685
2022-03-26,709661,41,525872,33,183789,8,571492,39,2686318,997,3257810,1036,0,9617,1,17671,9953,"East TN",2455501,22.805936548183,0.0534591194968553,42.1909826141386,1.66972035442054,5.34591194968553
2022-03-27,709683,22,525888,16,183795,6,571510,18,2686764,446,3258274,464,2,9619,3,17674,9957,"East TN",2455501,20.9325917602966,0.0498701298701299,18.8963474256374,0.895947507250048,4.98701298701299
2022-03-28,709796,113,525937,49,183859,64,571572,62,2688186,1422,3259758,1484,30,9649,2,17676,9963,"East TN",2455501,21.5027401740012,0.0445472249269718,60.435731852685,4.60191219632979,4.45472249269718
2022-03-29,709911,115,525992,55,183919,60,571632,60,2689296,1110,3260928,1170,6,9655,0,17676,9974,"East TN",2455501,22.7244867747967,0.0434050739449321,47.6481174310253,4.68336196971616,4.34050739449321
2022-03-30,710012,101,526052,60,183960,41,571698,66,2690676,1380,3262374,1446,6,9661,4,17680,9980,"East TN",2455501,22.9281112082626,0.0421116504854369,58.8881861583441,4.11321355601158,4.21116504854369
2022-03-31,710096,84,526107,55,183989,29,571765,67,2691859,1183,3263624,1250,8,9669,0,17680,9981,"East TN",2455501,22.0728885877057,0.0443620710271434,50.90610836648,3.42089048222746,4.43620710271434
2022-04-01,710193,97,526160,53,184033,44,571828,63,2693136,1277,3264964,1340,15,9684,0,17680,9985,"East TN",2455501,23.3353600751944,0.0457875457875458,54.5713481688666,3.95031400923885,4.57875457875458
2022-04-02,710281,88,526186,26,184095,62,571859,31,2693938,802,3265797,833,0,9684,1,17681,9990,"East TN",2455501,25.2494297497741,0.0459496682108426,33.9238306154223,3.58379002900019,4.59496682108426
2022-04-03,710305,24,526198,12,184107,12,571876,17,2694418,480,3266294,497,10,9694,0,17681,9993,"East TN",2455501,25.3308795231604,0.0456359102244389,20.2402686865124,0.977397280636416,4.56359102244389
2022-04-04,710395,90,526249,51,184146,39,571935,59,2695426,1008,3267361,1067,51,9745,4,17685,9995,"East TN",2455501,24.3942071292172,0.0477443114560042,43.4534541016273,3.66523980238656,4.77443114560042
2022-04-05,710491,96,526289,40,184202,56,571984,49,2696441,1015,3268425,1064,36,9781,1,17686,9999,"East TN",2455501,23.6204342820467,0.0469521141790049,43.3312794415478,3.90958912254566,4.69521141790049
2022-04-06,710593,102,526344,55,184249,47,572047,63,2697608,1167,3269655,1230,0,9781,0,17686,10004,"East TN",2455501,23.6611591687399,0.0479329762395275,50.0916106326163,4.15393844270477,4.79329762395275
2022-04-07,710778,185,526391,47,184387,138,572103,56,2698720,1112,3270823,1168,53,9834,1,17687,10004,"East TN",2455501,27.7743727247515,0.0469509654118628,47.5666676576389,7.53410403823904,4.69509654118628
2022-04-08,710849,71,526444,53,184405,18,572160,57,2699939,1219,3272099,1276,6,9840,0,17687,10006,"East TN",2455501,26.7155256707287,0.046531184302733,51.9649554205028,2.89146695521606,4.6531184302733
2022-04-09,710903,54,526474,30,184429,24,572201,41,2700800,861,3273001,902,0,9840,0,17687,10009,"East TN",2455501,25.3308795231604,0.0474736257634647,36.733847797252,2.19914388143194,4.74736257634647
2022-04-10,710969,66,526509,35,184460,31,572243,42,2701433,633,3273676,675,1,9841,1,17688,10010,"East TN",2455501,27.0413247642742,0.0497155242481712,27.4892985178992,2.68784252175014,4.97155242481712
2022-04-11,711074,105,526576,67,184498,38,572319,76,2702340,907,3274659,983,5,9846,2,17690,10014,"East TN",2455501,27.6521980646719,0.052617155385037,40.0325636193999,4.27611310278432,5.2617155385037
2022-04-12,711166,92,526633,57,184533,35,572389,70,2703353,1013,3275742,1083,26,9872,2,17692,10018,"East TN",2455501,27.4892985178992,0.0553505535055351,44.1050522887183,3.74668957577293,5.5350553505535
2022-04-13,711292,126,526712,79,184580,47,572474,85,2704546,1193,3277020,1278,0,9872,1,17693,10022,"East TN",2455501,28.4666957985356,0.0579769178547183,52.0464051938891,5.13133572334118,5.79769178547183
2022-04-14,711395,103,526759,47,184636,56,572526,52,2705580,1034,3278106,1086,3,9875,1,17694,10026,"East TN",2455501,25.1272550896945,0.0580804613483455,44.2272269487978,4.19466332939795,5.80804613483455
2022-04-15,711473,78,526810,51,184663,27,572588,62,2706613,1033,3279201,1095,1,9876,1,17695,10027,"East TN",2455501,25.4123292965468,0.0602647141650239,44.5937509290365,3.17654116206835,6.02647141650239
2022-04-16,711533,60,526856,46,184677,14,572641,53,2707357,744,3279998,797,0,9876,1,17696,10028,"East TN",2455501,25.6566786167059,0.0628840931827926,32.4577346944676,2.44349320159104,6.28840931827926
2022-04-17,711571,38,526883,27,184688,11,572674,33,2707958,601,3280632,634,0,9876,0,17696,10030,"East TN",2455501,24.5163817892968,0.06196089706728,25.8195781634787,1.54754569434099,6.196089706728
2022-04-18,711803,232,527011,128,184792,104,572813,139,2708841,883,3281654,1022,-1,9875,2,17698,10030,"East TN",2455501,29.6884423993311,0.0706218727662616,41.620834200434,9.44817371281869,7.06218727662616
2022-04-19,711920,117,527074,63,184846,54,572877,64,2709799,958,3282676,1022,2,9877,2,17700,10033,"East TN",2455501,30.7065645666607,0.0703778482838189,41.620834200434,4.76481174310253,7.03778482838189
2022-04-20,712060,140,527165,91,184895,49,572978,101,2711228,1429,3284206,1530,8,9885,1,17701,10035,"East TN",2455501,31.2767129803653,0.0701363762872252,62.3090766405715,5.70148413704576,7.01363762872252
2022-04-21,712180,120,527247,82,184933,38,573068,90,2712370,1142,3285438,1232,5,9890,1,17702,10038,"East TN",2455501,31.9690360541494,0.0739225313693399,50.1730604060027,4.88698640318208,7.39225313693399
2022-04-22,712304,124,527332,85,184972,39,573159,91,2713450,1080,3286609,1171,3,9893,0,17702,10041,"East TN",2455501,33.8423808420359,0.0770788336933045,47.6888423177185,5.04988594995482,7.70788336933045
2022-04-23,712381,77,527381,49,185000,28,573209,50,2714307,857,3287516,907,0,9893,0,17702,10042,"East TN",2455501,34.53470391582,0.0755520085129024,36.9374722307179,3.13581627537517,7.55520085129024
2022-04-24,712452,71,527421,40,185031,31,573255,46,2714974,667,3288229,713,2,9895,1,17703,10047,"East TN",2455501,35.8786251766951,0.0764775569303672,29.0368442122402,2.89146695521606,7.64775569303672
2022-04-25,712643,191,527521,100,185122,91,573354,99,2715709,735,3289063,834,0,9895,5,17708,10050,"East TN",2455501,34.2089048222746,0.0730193008503172,33.9645555021155,7.77845335839814,7.30193008503172
2022-04-26,712818,175,527634,113,185184,62,573475,121,2716944,1235,3290419,1356,0,9895,0,17708,10055,"East TN",2455501,36.5709482504792,0.0772310473976495,55.2229463559575,7.1268551713072,7.72310473976495
2022-04-27,713011,193,527734,100,185277,93,573578,103,2718139,1195,3291717,1298,0,9895,2,17710,10058,"East TN",2455501,38.729367245218,0.0798828385035282,52.8609029277528,7.85990313178451,7.98828385035282
2022-04-28,713163,152,527823,89,185340,63,573677,99,2719300,1161,3292977,1260,4,9899,1,17711,10063,"East TN",2455501,40.0325636193999,0.0807799442896936,51.3133572334118,6.19018277736397,8.07799442896936
2022-04-29,713303,140,527910,87,185393,53,573770,93,2720462,1162,3294232,1255,2,9901,0,17711,10065,"East TN",2455501,40.6841618064908,0.080152171061262,51.1097327999459,5.70148413704576,8.0152171061262
2022-04-30,713378,75,527966,56,185412,19,573832,62,2721192,730,3295024,792,0,9901,0,17711,10065,"East TN",2455501,40.6027120331044,0.0829781566329249,32.2541102610017,3.0543665019888,8.29781566329249
2022-05-01,713434,56,527999,33,185435,23,573865,33,2721685,493,3295550,526,0,9901,0,17711,10068,"East TN",2455501,39.9918387327067,0.0833219505532031,21.4212904006148,2.2805936548183,8.33219505532031
2022-05-02,713623,189,528131,132,185492,57,574014,149,2722711,1026,3296725,1175,6,9907,2,17713,10069,"East TN",2455501,39.9103889593203,0.0861393891934221,47.8517418644912,7.69700358501178,8.61393891934221
2022-05-03,713811,188,528240,109,185571,79,574135,121,2723658,947,3297793,1068,2,9909,1,17714,10070,"East TN",2455501,40.4398124863317,0.0895036615134256,43.4941789883205,7.65627869831859,8.95036615134256
2022-05-04,714077,266,528408,168,185669,98,574311,176,2724933,1275,3299244,1451,3,9912,2,17716,10070,"East TN",2455501,43.4127292149341,0.0973827554138435,59.09181059181,10.8328198603869,9.73827554138435
2022-05-05,714299,222,528554,146,185745,76,574465,154,2726054,1121,3300519,1275,1,9913,2,17718,10072,"East TN",2455501,46.263471283457,0.104481569875365,51.9242305338096,9.04092484588685,10.4481569875365
2022-05-06,714527,228,528699,145,185828,83,574621,156,2727272,1218,3301893,1374,1,9914,2,17720,10075,"East TN",2455501,49.8472613124572,0.111082104163947,55.9559943164348,9.28527416604595,11.1082104163947
2022-05-07,714645,118,528777,78,185868,40,574713,92,2728144,872,3302857,964,0,9914,2,17722,10076,"East TN",2455501,51.5984314402641,0.112472871186008,39.2587907722294,4.80553662979571,11.2472871186008
2022-05-08,714756,111,528857,80,185899,31,574798,85,2728795,651,3303593,736,0,9914,1,17723,10077,"East TN",2455501,53.8383002083892,0.116001491980604,29.9735166061834,4.52046242294342,11.6001491980604
2022-05-09,714990,234,528990,133,186000,101,574939,141,2729777,982,3304716,1123,13,9927,2,17725,10078,"East TN",2455501,55.6709201095825,0.115755224627706,45.7340477564456,9.52962348620506,11.5755224627706
2022-05-10,715287,297,529163,173,186124,124,575123,184,2731288,1511,3306411,1695,9,9936,4,17729,10080,"East TN",2455501,60.1099327591396,0.114643768855883,69.0286829449469,12.0952913478756,11.4643768855883
2022-05-11,715573,286,529362,199,186211,87,575336,213,2732373,1085,3307709,1298,1,9937,0,17729,10081,"East TN",2455501,60.9244304930033,0.121086828115771,52.8609029277528,11.6473175942506,12.1086828115771
2022-05-12,715808,235,529526,164,186282,71,575514,178,2733649,1276,3309163,1454,2,9939,2,17731,10082,"East TN",2455501,61.4538540200147,0.121355853771402,59.2139852518895,9.57034837289824,12.1355853771402
2022-05-13,716089,281,529723,197,186366,84,575722,208,2735000,1351,3310722,1559,0,9939,0,17731,10084,"East TN",2455501,63.6122730147534,0.124702684335712,63.4900983546738,11.4436931607847,12.4702684335712
2022-05-14,716200,111,529802,79,186398,32,575805,83,2735727,727,3311532,810,0,9939,1,17732,10088,"East TN",2455501,63.3271988079011,0.125878962536023,32.987158221479,4.52046242294342,12.5878962536023
2022-05-15,716388,188,529935,133,186453,55,575950,145,2736579,852,3312529,997,0,9939,3,17735,10091,"East TN",2455501,66.4630150832763,0.128916741271262,40.6027120331044,7.65627869831859,12.8916741271262
2022-05-16,716699,311,530130,195,186569,116,576149,199,2737938,1359,3314087,1558,2,9941,3,17738,10095,"East TN",2455501,69.5988313586515,0.12912175861701,63.4493734679807,12.6654397615802,12.912175861701
2022-05-17,717118,419,530356,226,186762,193,576389,240,2739186,1248,3315575,1488,16,9957,0,17738,10098,"East TN",2455501,74.5672675352199,0.138149279790484,60.5986313994578,17.0637275244441,13.8149279790485
2022-05-18,717485,367,530579,223,186906,144,576628,239,2740575,1389,3317203,1628,7,9964,3,17741,10099,"East TN",2455501,77.8659833573678,0.136085949020434,66.3001155365036,14.9460334163985,13.6085949020434
2022-05-19,717912,427,530863,284,187049,143,576923,295,2741995,1420,3318918,1715,31,9995,5,17746,10101,"East TN",2455501,85.6851616024591,0.144438749359303,69.8431806788106,17.3895266179896,14.4438749359303
2022-05-20,718351,439,531133,270,187218,169,577205,282,2743395,1400,3320600,1682,0,9995,5,17751,10102,"East TN",2455501,92.1196936999822,0.150131605588176,68.4992594179355,17.8782252583078,15.0131605588176
2022-05-21,718566,215,531274,141,187292,74,577360,155,2744437,1042,3321797,1197,0,9995,5,17756,10103,"East TN",2455501,96.3550819160733,0.151485630784218,48.7476893717412,8.75585063903456,15.1485630784218
2022-05-22,718739,173,531407,133,187332,40,577504,144,2745452,1015,3322956,1159,5,10000,5,17761,10104,"East TN",2455501,95.7442086156756,0.149036156133116,47.2001436774003,7.04540539792083,14.9036156133116
2022-05-23,719124,385,531652,245,187472,140,577751,247,2746644,1192,3324395,1439,6,10006,4,17765,10107,"East TN",2455501,98.7578502309712,0.155413271245634,58.6031119514918,15.6790813768758,15.5413271245634
2022-05-24,719700,576,531955,303,187745,273,578068,317,2748082,1438,3326150,1755,0,10006,3,17768,10108,"East TN",2455501,105.151657441801,0.158770685579196,71.4721761465379,23.457534735274,15.8770685579196
2022-05-25,720179,479,532281,326,187898,153,578421,353,2749568,1486,3327989,1839,18,10024,2,17770,10110,"East TN",2455501,109.712844751438,0.166234007046171,74.8930666287654,19.5072207260351,16.6234007046171
2022-05-26,720677,498,532587,306,188090,192,578740,319,2751066,1498,3329806,1817,12,10036,3,17773,10116,"East TN",2455501,112.604311706654,0.166880969875092,73.9971191215153,20.2809935732056,16.6880969875092
2022-05-27,721095,418,532857,270,188238,148,579017,277,2753016,1950,3332033,2227,4,10040,5,17778,10117,"East TN",2455501,111.749089086097,0.158488585673052,90.6943226657208,17.0230026377509,15.8488585673052
2022-05-28,721381,286,533076,219,188305,67,579245,228,2754076,1060,3333321,1288,0,10040,0,17778,10119,"East TN",2455501,114.640556041313,0.163571676501215,52.453654060821,11.6473175942506,16.3571676501215
2022-05-29,721635,254,533225,149,188410,105,579405,160,2754964,888,3334369,1048,0,10040,2,17780,10123,"East TN",2455501,117.939271863461,0.166564444055025,42.6796812544568,10.3441212200687,16.6564444055025
2022-05-30,721850,215,533368,143,188482,72,579558,153,2755675,711,3335233,864,0,10040,5,17785,10123,"East TN",2455501,111.01604112562,0.166728178630744,35.186302102911,8.75585063903456,16.6728178630744
2022-05-31,722372,522,533668,300,188704,222,579860,302,2756602,927,3336462,1229,2,10042,4,17789,10123,"East TN",2455501,108.816897244188,0.17377812257564,50.0508857459231,21.258390853842,17.377812257564
2022-06-01,723044,672,534066,398,188978,274,580296,436,2757960,1358,3338256,1794,1,10043,5,17794,10124,"East TN",2455501,116.676800375972,0.182623940781143,73.0604467275721,27.3671238578196,18.2623940781143
2022-06-02,723611,567,534454,388,189157,179,580714,418,2759493,1533,3340207,1951,0,10043,3,17797,10125,"East TN",2455501,119.486817557802,0.189789443322757,79.454253938402,23.0910107550353,18.9789443322757
2022-06-03,724245,634,534861,407,189384,227,581145,431,2761052,1559,3342197,1990,1,10044,4,17801,10128,"East TN",2455501,128.28339308353,0.209366391184573,81.0425245194362,25.8195781634787,20.9366391184573
2022-06-04,724557,312,535109,248,189448,64,581415,270,2762208,1156,3343623,1426,0,10044,1,17802,10130,"East TN",2455501,129.342240137552,0.210638710929917,58.0736884244804,12.7061646482734,21.0638710929917
2022-06-05,724893,336,535341,232,189552,104,581660,245,2763202,994,3344862,1239,3,10047,3,17805,10130,"East TN",2455501,132.681680846393,0.21490517487849,50.458134612855,13.6835619289098,21.490517487849
2022-06-06,725438,545,535648,307,189790,238,581980,320,2764294,1092,3346274,1412,0,10047,4,17809,10132,"East TN",2455501,146.120893455144,0.219364188026447,57.5035400107758,22.1950632477853,21.9364188026447
2022-06-07,726083,645,536002,354,190081,291,582341,361,2765347,1053,3347688,1414,3,10050,6,17815,10133,"East TN",2455501,151.130054518406,0.221004810261892,57.5849897841622,26.2675519171037,22.1004810261892
2022-06-08,726729,646,536427,425,190302,221,582801,460,2766960,1613,3349761,2073,0,10050,4,17819,10134,"East TN",2455501,150.071207464383,0.217731421121252,84.4226901149704,26.3082768037969,21.7731421121252
2022-06-09,727353,624,536832,405,190521,219,583231,430,2768449,1489,3351680,1919,10,10060,3,17822,10138,"East TN",2455501,152.392526005895,0.219384642203434,78.1510575642201,25.4123292965468,21.9384642203434
2022-06-10,727973,620,537199,367,190774,253,583630,399,2770137,1688,3353767,2087,1,10061,3,17825,10139,"East TN",2455501,151.82237759219,0.214779602420052,84.992838528675,25.2494297497741,21.4779602420052
2022-06-11,728343,370,537501,302,190842,68,583970,340,2771231,1094,3355201,1434,0,10061,6,17831,10141,"East TN",2455501,154.184421020395,0.220677146311971,58.3994875180259,15.0682080764781,22.0677146311971
2022-06-12,728665,322,537660,159,191005,163,584139,169,2771793,562,3355932,731,2,10063,3,17834,10146,"East TN",2455501,153.61427260669,0.223938572719061,29.7698921727175,13.1134135152052,22.3938572719061
2022-06-13,729251,586,537990,330,191261,256,584476,337,2772565,772,3357041,1109,5,10068,7,17841,10151,"East TN",2455501,155.283992961111,0.231819448314294,45.1638993427411,23.8647836022058,23.1819448314294
2022-06-14,729967,716,538381,391,191586,325,584899,423,2773851,1286,3358750,1709,3,10071,5,17846,10153,"East TN",2455501,158.175459916327,0.231242090037968,69.5988313586515,29.1590188723197,23.1242090037968
2022-06-15,730675,708,538842,461,191833,247,585388,489,2775293,1442,3360681,1931,11,10082,11,17857,10158,"East TN",2455501,160.700402891304,0.236904761904762,78.6397562045383,28.8332197787743,23.6904761904762
2022-06-16,731347,672,539277,435,192070,237,585840,452,2776596,1303,3362436,1755,6,10088,4,17861,10160,"East TN",2455501,162.655197452577,0.242562290814429,71.4721761465379,27.3671238578196,24.2562290814429
2022-06-17,731933,586,539630,353,192303,233,586221,381,2777833,1237,3364054,1618,7,10095,5,17866,10165,"East TN",2455501,161.270551305009,0.251871293866045,65.8928666695717,23.8647836022058,25.1871293866045
2022-06-18,732291,358,539913,283,192378,75,586527,306,2778807,974,3365334,1280,0,10095,6,17872,10166,"East TN",2455501,160.78185266469,0.252343827099576,52.1278549672755,14.5795094361599,25.2343827099576
2022-06-19,732688,397,540142,229,192546,168,586774,247,2779670,863,3366444,1110,1,10096,2,17874,10167,"East TN",2455501,163.836219166679,0.250665905631659,45.2046242294342,16.167780017194,25.0665905631659
2022-06-20,733341,653,540497,355,192844,298,587142,368,2780496,826,3367638,1194,1,10097,8,17882,10170,"East TN",2455501,166.564786575123,0.251580636029065,48.6255147116617,26.5933510106491,25.1580636029065
2022-06-21,734190,849,540955,458,193235,391,587625,483,2781488,992,3369113,1475,1,10098,5,17887,10170,"East TN",2455501,171.981196505316,0.26305123998842,60.0692078724464,34.5754288025132,26.305123998842
2022-06-22,735146,956,541607,652,193539,304,588314,689,2783068,1580,3371382,2269,0,10098,6,17893,10172,"East TN",2455501,182.080968405226,0.273432389496309,92.4047679068345,38.9329916786839,27.3432389496309
2022-06-23,735994,848,542151,544,193843,304,588878,564,2784465,1397,3373343,1961,1,10099,6,17899,10177,"East TN",2455501,189.248548463226,0.278536719537911,79.8615028053338,34.53470391582,27.8536719537911
2022-06-24,736730,736,542650,499,194080,237,589413,535,2786104,1639,3375517,2174,0,10099,10,17909,10182,"East TN",2455501,195.357281467204,0.278461135828317,88.535903670982,29.9735166061834,27.8461135828317
2022-06-25,737191,461,542910,260,194281,201,589700,287,2787112,1008,3376812,1295,1,10100,2,17911,10183,"East TN",2455501,199.551944796602,0.276441888830807,52.7387282676733,18.7741727655578,27.6441888830807
2022-06-26,737648,457,543189,279,194459,178,589988,288,2788017,905,3378005,1193,1,10101,5,17916,10184,"East TN",2455501,201.995437998193,0.278003632903728,48.5847898249685,18.6112732187851,27.8003632903728
2022-06-27,738411,763,543617,428,194794,335,590430,442,2788959,942,3379389,1384,8,10109,8,17924,10186,"East TN",2455501,206.475175534443,0.279805973959663,56.3632431833666,31.0730885468994,27.9805973959663
2022-06-28,739395,984,544209,592,195186,392,591047,617,2790269,1310,3381316,1927,3,10112,7,17931,10189,"East TN",2455501,211.973035238023,0.280422846840941,78.4768566577656,40.073288506093,28.0422846840941
2022-06-29,740380,985,544764,555,195616,430,591636,589,2791712,1443,3383348,2032,16,10128,5,17936,10194,"East TN",2455501,213.154056952125,0.277619923115494,82.7529697605499,40.1140133927862,27.7619923115494
2022-06-30,741283,903,545270,506,196013,397,592180,544,2793138,1426,3385318,1970,2,10130,5,17941,10198,"East TN",2455501,215.39392572025,0.275741127348643,80.2280267855725,36.7745726839452,27.5741127348643
2022-07-01,742105,822,545787,517,196318,305,592713,533,2794632,1494,3387345,2027,1,10131,7,17948,10201,"East TN",2455501,218.896265975864,0.278998985458235,82.549345327084,33.4758568617972,27.8998985458235
2022-07-02,742598,493,546088,301,196510,192,593041,328,2795610,978,3388651,1306,0,10131,3,17951,10208,"East TN",2455501,220.199462350046,0.282202888757496,53.1867020212983,20.0773691397397,28.2202888757496
2022-07-03,743162,564,546427,339,196735,225,593400,359,2796548,938,3389948,1297,0,10131,3,17954,10211,"East TN",2455501,224.557025226217,0.285690362555472,52.8201780410596,22.9688360949558,28.5690362555472
2022-07-04,743586,424,546689,262,196897,162,593672,272,2797194,646,3390866,918,1,10132,4,17958,10215,"East TN",2455501,210.751288637227,0.282477999477215,37.3854459843429,17.26735195791,28.2477999477215
2022-07-05,744488,902,547269,580,197219,322,594253,581,2798031,837,3392284,1418,2,10134,7,17965,10219,"East TN",2455501,207.411847928386,0.292304886943837,57.7478893309349,36.733847797252,29.2304886943837
2022-07-06,745652,1164,547996,727,197656,437,594999,746,2799369,1338,3394368,2084,14,10148,16,17981,10223,"East TN",2455501,214.701602646466,0.305172413793103,84.8706638685955,47.4037681108662,30.5172413793103
2022-07-07,746718,1066,548596,600,198122,466,595619,620,2800889,1520,3396508,2140,0,10148,9,17990,10234,"East TN",2455501,221.339759177455,0.307327971403038,87.1512575234137,43.4127292149341,30.7327971403038
2022-07-08,747801,1083,549272,676,198529,407,596338,719,2802683,1794,3399021,2513,3,10151,7,17997,10238,"East TN",2455501,231.968954604376,0.310465912983899,102.341640259971,44.1050522887183,31.0465912983899
2022-07-09,748425,624,549615,343,198810,281,596686,348,2803456,773,3400142,1121,0,10151,3,18000,10241,"East TN",2455501,237.303914761183,0.317204768949613,45.6525979830593,25.4123292965468,31.7204768949613
2022-07-10,748826,401,549824,209,199002,192,596897,211,2804067,611,3400964,822,2,10153,5,18005,10248,"East TN",2455501,230.665758230194,0.317447349310094,33.4758568617972,16.3306795639668,31.7447349310094
2022-07-11,750023,1197,550490,666,199533,531,597598,701,2805497,1430,3403095,2131,6,10159,12,18017,10249,"East TN",2455501,262.146095644025,0.321040150462017,86.7847335431751,48.7476893717412,32.1040150462017
2022-07-12,751214,1191,551163,673,200051,518,598307,709,2806942,1445,3405249,2154,21,10180,6,18023,10254,"East TN",2455501,273.915587898356,0.312688006170459,87.7214059371183,48.5033400515821,31.2688006170459
2022-07-13,752519,1305,551947,784,200572,521,599126,819,2808520,1578,3407646,2397,1,10181,6,18029,10261,"East TN",2455501,279.657796922095,0.310814881759301,97.617553403562,53.1459771346051,31.0814881759301
2022-07-14,753625,1106,552593,646,201032,460,599800,674,2809871,1351,3409671,2025,1,10182,8,18037,10267,"East TN",2455501,281.286792389822,0.317632758489706,82.4678955536976,45.0417246826615,31.7632758489706
2022-07-15,754688,1063,553239,646,201449,417,600466,666,2811434,1563,3411900,2229,0,10182,15,18052,10273,"East TN",2455501,280.472294655958,0.320521779641276,90.7757724391071,43.2905545548546,32.0521779641277
2022-07-16,755237,549,553541,302,201696,247,600780,314,2812153,719,3412933,1033,1,10183,6,18058,10283,"East TN",2455501,277.417928153969,0.320068798373857,42.0688079540591,22.357962794558,32.0068798373857
2022-07-17,755593,356,553800,259,201793,97,601055,275,2812728,575,3413783,850,1,10184,5,18063,10290,"East TN",2455501,275.585308252776,0.32436227474842,34.6161536892064,14.4980596627735,32.436227474842
2022-07-18,757195,1602,554656,856,202539,746,601980,925,2814341,1613,3416321,2538,5,10189,10,18073,10294,"East TN",2455501,292.078887363516,0.331317102676546,103.359762427301,65.2412684824808,33.1317102676546
2022-07-19,758589,1394,555470,814,203119,580,602811,831,2815695,1354,3418506,2185,17,10206,17,18090,10303,"East TN",2455501,300.346039362232,0.339745040356038,88.983877424607,56.7704920502985,33.9745040356038
2022-07-20,759834,1245,556213,743,203621,502,603580,769,2817182,1487,3420762,2256,14,10220,15,18105,10306,"East TN",2455501,297.902546160641,0.339585239402257,91.8753443798231,50.7024839330141,33.9585239402257
2022-07-21,761194,1360,557060,847,204134,513,604476,896,2818851,1669,3423327,2565,2,10222,11,18116,10316,"East TN",2455501,308.24666738071,0.342413591095489,104.459334368017,55.3858459027302,34.2413591095489
2022-07-22,762570,1376,557881,821,204689,555,605329,853,2820361,1510,3425690,2363,0,10222,6,18122,10322,"East TN",2455501,320.993556915676,0.352646845540247,96.2329072559938,56.0374440898212,35.2646845540247
2022-07-23,763085,515,558207,326,204878,189,605674,345,2821158,797,3426832,1142,0,10222,6,18128,10324,"East TN",2455501,319.608910768108,0.352111662709547,46.5078206036161,20.9733166469898,35.2111662709547
2022-07-24,763682,597,558634,427,205048,170,606118,444,2822038,880,3428156,1324,0,10222,8,18136,10329,"East TN",2455501,329.423608461165,0.352257705419884,53.9197499817756,24.3127573558308,35.2257705419884
2022-07-25,765092,1410,559413,779,205679,631,606944,826,2823276,1238,3430220,2064,3,10225,9,18145,10333,"East TN",2455501,321.604430216074,0.357147996258724,84.0561661347318,57.4220902373894,35.7147996258724
2022-07-26,766632,1540,560436,1023,206196,517,608001,1057,2824714,1438,3432715,2495,9,10234,13,18158,10344,"East TN",2455501,327.550263673279,0.365261454008023,101.608592299494,62.7163255075034,36.5261454008023
2022-07-27,767799,1167,561152,716,206647,451,608752,751,2826002,1288,3434754,2039,10,10244,5,18163,10345,"East TN",2455501,324.37372251121,0.369639794168096,83.0380439674022,47.5259427709457,36.9639794168096
2022-07-28,769200,1401,562077,925,207123,476,609726,974,2827632,1630,3437358,2604,10,10254,6,18169,10349,"East TN",2455501,326.043442865631,0.374171477442805,106.047604949051,57.0555662571508,37.4171477442805
2022-07-29,770370,1170,562893,816,207477,354,610572,846,2829073,1441,3439645,2287,0,10254,14,18183,10355,"East TN",2455501,317.654116206835,0.375707631673235,93.1378158673118,47.6481174310253,37.5707631673235
2022-07-30,770930,560,563301,408,207629,152,611015,443,2830058,985,3441073,1428,0,10254,4,18187,10359,"East TN",2455501,319.486736108028,0.37504388736746,58.1551381978667,22.805936548183,37.504388736746
2022-07-31,771513,583,563695,394,207818,189,611446,431,2830837,779,3442283,1210,0,10254,7,18194,10365,"East TN",2455501,318.916587694324,0.377150138033553,49.2771128987526,23.7426089421263,37.7150138033553
2022-08-01,772527,1014,564251,556,208276,458,612042,596,2831615,778,3443657,1374,9,10263,9,18203,10368,"East TN",2455501,302.789532563823,0.379400163727022,55.9559943164348,41.2950351068886,37.9400163727022
2022-08-02,774051,1524,565224,973,208827,551,613050,1008,2833243,1628,3446293,2636,12,10275,12,18215,10371,"East TN",2455501,302.137934376732,0.371851524524967,107.350801323233,62.0647273204124,37.1851524524967
2022-08-03,775215,1164,565992,768,209223,396,613855,805,2834787,1544,3448642,2349,1,10276,8,18223,10381,"East TN",2455501,302.015759716653,0.367439516129032,95.6627588422892,47.4037681108662,36.7439516129032
2022-08-04,776470,1255,566832,840,209638,415,614733,878,2836219,1432,3450952,2310,8,10284,11,18234,10392,"East TN",2455501,296.069926259448,0.368324260703251,94.074488261255,51.1097327999459,36.8324260703251
2022-08-05,777659,1189,567598,766,210061,423,615529,796,2837716,1497,3453245,2293,6,10290,6,18240,10400,"East TN",2455501,296.843699106618,0.364485294117647,93.3821651874709,48.4218902781958,36.4485294117647
2022-08-06,778144,485,567934,336,210210,149,615888,359,2838360,644,3454248,1003,0,10290,3,18243,10405,"East TN",2455501,293.789332604629,0.369867172675522,40.8470613532635,19.7515700461942,36.9867172675522
2022-08-07,778509,365,568197,263,210312,102,616161,273,2838968,608,3455129,881,3,10293,4,18247,10412,"East TN",2455501,284.911307305515,0.367040323836214,35.8786251766951,14.8645836430122,36.7040323836214
2022-08-08,779799,1290,568965,768,210834,522,616962,801,2840115,1147,3457077,1948,5,10298,9,18256,10418,"East TN",2455501,296.151376032834,0.366616989567809,79.3320792783224,52.5351038342074,36.6616989567809
2022-08-09,781331,1532,570005,1040,211326,492,618051,1089,2841805,1690,3459856,2779,19,10317,9,18265,10428,"East TN",2455501,296.47717512638,0.368723733687237,113.174460120358,62.3905264139579,36.8723733687237
2022-08-10,782612,1281,570858,853,211754,428,618940,889,2843324,1519,3462264,2408,14,10331,11,18276,10431,"East TN",2455501,301.241986869482,0.373293202172956,98.0655271571871,52.1685798539687,37.3293202172956
2022-08-11,783688,1076,571595,737,212093,339,619704,764,2844448,1124,3464152,1888,2,10333,5,18281,10437,"East TN",2455501,293.952232151402,0.376590909090909,76.8885860767314,43.819978081866,37.6590909090909
2022-08-12,785005,1317,572460,865,212545,452,620600,896,2846246,1798,3466846,2694,1,10334,15,18296,10441,"East TN",2455501,299.16501764813,0.372840232335858,109.712844751438,53.6346757749233,37.2840232335858
2022-08-13,785569,564,572879,419,212690,145,621061,461,2847183,937,3468244,1398,0,10334,4,18300,10451,"East TN",2455501,302.382283696891,0.369605601600457,56.9333915970712,22.9688360949558,36.9605601600457
2022-08-14,786082,513,573273,394,212809,119,621478,417,2847922,739,3469400,1156,1,10335,4,18304,10456,"East TN",2455501,308.409566927482,0.372573750963492,47.0779690173207,20.8918668736034,37.2573750963492
2022-08-15,787698,1616,574228,955,213470,661,622458,980,2849041,1119,3471499,2099,8,10343,12,18316,10469,"East TN",2455501,321.68587998946,0.381084454305922,85.4815371689932,65.8114168961853,38.1084454305922
2022-08-16,789238,1540,575241,1013,213997,527,623517,1059,2850634,1593,3474151,2652,19,10362,11,18327,10472,"East TN",2455501,322.011679083006,0.382371458551941,108.002399510324,62.7163255075034,38.2371458551941
2022-08-17,790572,1334,576115,874,214457,460,624438,921,2852322,1688,3476760,2609,16,10378,12,18339,10481,"East TN",2455501,324.170098077745,0.379277041942605,106.251229382517,54.3269988487075,37.9277041942605
2022-08-18,795428,4856,577128,1013,218300,3843,625478,1040,2854182,1860,3479660,2900,0,10378,12,18351,10486,"East TN",2455501,478.11016977798,0.372323961826154,118.102171410234,197.760049782101,37.2323961826154
2022-08-19,796802,1374,577958,830,218844,544,626331,853,2855925,1743,3482256,2596,2,10380,8,18359,10491,"East TN",2455501,480.431488319492,0.37190136275146,105.721805855506,55.9559943164348,37.190136275146
2022-08-20,797240,438,578298,340,218942,98,626692,361,2856762,837,3483454,1198,0,10380,6,18365,10500,"East TN",2455501,475.30015259615,0.370216962524655,48.7884142584344,17.8375003716146,37.0216962524655
2022-08-21,797907,667,578800,502,219107,165,627237,545,2857926,1164,3485163,1709,1,10381,5,18370,10506,"East TN",2455501,481.571785146901,0.365349235551608,69.5988313586515,27.1634994243537,36.5349235551608
2022-08-22,799488,1581,579631,831,219857,750,628086,849,2859377,1451,3487463,2300,1,10382,6,18376,10509,"East TN",2455501,480.146414112639,0.352543222250063,93.6672393943232,64.3860458619239,35.2543222250063
2022-08-23,801379,1891,580733,1102,220646,789,629265,1179,2861639,2262,3490904,3441,20,10402,14,18390,10511,"East TN",2455501,494.440849341947,0.343102727869635,140.134335111246,77.0107607368109,34.3102727869635
2022-08-24,803165,1786,581707,974,221458,812,630260,995,2863702,2063,3493962,3058,6,10408,13,18403,10518,"East TN",2455501,512.848498127266,0.338449017556098,124.536703507757,72.7346476340266,33.8449017556098
2022-08-25,804603,1438,582531,824,222072,614,631124,864,2865674,1972,3496798,2836,15,10423,8,18411,10523,"East TN",2455501,373.650835409963,0.329443342280313,115.49577866187,58.5623870647986,32.9443342280313
2022-08-26,805843,1240,583287,756,222556,484,631920,796,2867591,1917,3499511,2713,5,10428,5,18416,10527,"East TN",2455501,368.193700593077,0.323906114169806,110.486617598608,50.4988594995482,32.3906114169806
2022-08-27,806562,719,583668,381,222894,338,632323,403,2868750,1159,3501073,1562,0,10428,4,18420,10530,"East TN",2455501,379.637393753861,0.319598161076111,63.6122730147534,29.2811935323993,31.9598161076111
2022-08-28,807062,500,583981,313,223081,187,632663,340,2869559,809,3502222,1149,3,10431,8,18428,10539,"East TN",2455501,372.8363376761,0.318072571663052,46.7928948104684,20.362443346592,31.8072571663052
2022-08-29,808142,1080,584507,526,223635,554,633216,553,2870590,1031,3503806,1584,3,10434,11,18439,10549,"East TN",2455501,352.433169442814,0.313895857553693,64.5082205220035,43.9828776286387,31.3895857553693
2022-08-30,809421,1279,585236,729,224185,550,633978,762,2872031,1441,3506009,2203,19,10453,8,18447,10554,"East TN",2455501,327.509538786586,0.31201588877855,89.7169253850844,52.0871300805823,31.201588877855
2022-08-31,810733,1312,586031,795,224702,517,634814,836,2873888,1857,3508702,2693,3,10456,4,18451,10560,"East TN",2455501,308.205942494016,0.308955223880597,109.672119864745,53.4310513414574,30.8955223880597
2022-09-01,811783,1050,586619,588,225164,462,635443,629,2875330,1442,3510773,2071,11,10467,9,18460,10566,"East TN",2455501,292.404686457061,0.309051878354204,84.3412403415841,42.7611310278432,30.9051878354204
2022-09-02,812765,982,587257,638,225508,344,636105,662,2877070,1740,3513175,2402,2,10469,7,18467,10571,"East TN",2455501,281.89766569022,0.306279274004684,97.821177837028,39.9918387327067,30.6279274004684
2022-09-03,813251,486,587519,262,225732,224,636388,283,2877998,928,3514386,1211,0,10469,1,18468,10577,"East TN",2455501,272.408767090708,0.305340644482836,49.3178377854458,19.7922949328874,30.5340644482836
2022-09-04,813665,414,587731,212,225934,202,636605,217,2878715,717,3515320,934,0,10469,4,18472,10585,"East TN",2455501,268.906426835094,0.300961978928081,38.0370441714339,16.8601030909782,30.0961978928081
2022-09-05,813961,296,587867,136,226094,160,636755,150,2879244,529,3515999,679,2,10471,10,18482,10589,"East TN",2455501,236.978115667638,0.290248503239564,27.6521980646719,12.0545664611825,29.0248503239564
2022-09-06,814894,933,588368,501,226526,432,637262,507,2880247,1003,3517509,1510,2,10473,15,18497,10594,"East TN",2455501,222.887304871796,0.285565217391304,61.4945789067078,37.9963192847407,28.5565217391304
2022-09-07,815840,946,588865,497,226975,449,637795,533,2881567,1320,3519362,1853,2,10475,17,18514,10603,"East TN",2455501,207.981996342091,0.279643527204503,75.46321504247,38.5257428117521,27.9643527204503
2022-09-08,816777,937,589383,518,227394,419,638331,536,2883066,1499,3521397,2035,2,10477,13,18527,10606,"East TN",2455501,203.380084145761,0.27183734939759,82.8751444206294,38.1592188315134,27.183734939759
2022-09-09,817460,683,589757,374,227703,309,638735,404,2884472,1406,3523207,1810,0,10477,6,18533,10613,"East TN",2455501,191.203343024499,0.262161084529506,73.712044914663,27.8150976114447,26.2161084529506
2022-09-10,817786,326,589960,203,227826,123,638954,219,2885314,842,3524268,1061,0,10477,1,18534,10618,"East TN",2455501,184.687361153589,0.25966403562032,43.2091047814682,13.276313061978,25.966403562032
2022-09-11,818053,267,590092,132,227961,135,639096,142,2885888,574,3524984,716,0,10477,9,18543,10623,"East TN",2455501,178.700802809691,0.257760761589404,29.1590188723197,10.8735447470801,25.7760761589404
2022-09-12,818682,629,590398,306,228284,323,639427,331,2886745,857,3526172,1188,6,10483,11,18554,10626,"East TN",2455501,192.262190078522,0.262656050329303,48.3811653915026,25.6159537300127,26.2656050329303
2022-09-13,819353,671,590787,389,228566,282,639835,408,2887933,1188,3527768,1596,2,10485,11,18565,10629,"East TN",2455501,181.592269764907,0.250804171946583,64.9969191623217,27.3263989711265,25.0804171946583
2022-09-14,819954,601,591117,330,228837,271,640188,353,2889183,1250,3529371,1603,15,10500,12,18577,10632,"East TN",2455501,167.542183855759,0.239084823658707,65.281993369174,24.4756569026036,23.9084823658707
2022-09-15,820623,669,591507,390,229116,279,640602,414,2890530,1347,3531132,1761,20,10520,4,18581,10637,"East TN",2455501,156.627914221986,0.233281972265023,71.716525466697,27.2449491977401,23.3281972265023
2022-09-16,821146,523,591729,222,229417,301,640841,239,2891911,1381,3532752,1620,3,10523,5,18586,10639,"East TN",2455501,150.111932351076,0.220639078051336,65.9743164429581,21.2991157405352,22.0639078051336
2022-09-17,821352,206,591837,108,229515,98,640958,117,2892578,667,3533536,784,0,10523,3,18589,10645,"East TN",2455501,145.224945947894,0.216227880880449,31.9283111674563,8.3893266587959,21.6227880880449
2022-09-18,821553,201,591945,108,229608,93,641076,118,2893159,581,3534235,699,2,10525,5,18594,10652,"East TN",2455501,142.537103426144,0.214030915576694,28.4666957985356,8.18570222532998,21.4030915576694
2022-09-19,822153,600,592252,307,229901,293,641401,325,2894084,925,3535485,1250,5,10530,7,18601,10660,"East TN",2455501,141.356081712042,0.21196177386449,50.90610836648,24.4349320159104,21.196177386449
2022-09-20,822667,514,592559,307,230108,207,641721,320,2895138,1054,3536859,1374,4,10534,6,18607,10670,"East TN",2455501,134.962274501212,0.207457925420746,55.9559943164348,20.9325917602966,20.7457925420746
2022-09-21,823257,590,592926,367,230331,223,642115,394,2896294,1156,3538409,1550,28,10562,6,18613,10674,"East TN",2455501,134.514300747587,0.213210887364461,63.1235743744352,24.0276831489786,21.3210887364461
2022-09-22,823839,582,593331,405,230508,177,642540,425,2897610,1316,3540150,1741,13,10575,6,18619,10676,"East TN",2455501,130.97123560528,0.214903526280772,70.9020277328333,23.7018840554331,21.4903526280772
2022-09-23,824307,468,593633,302,230674,166,642868,328,2898740,1130,3541608,1458,11,10586,1,18620,10682,"East TN",2455501,128.731366837155,0.228884372177055,59.3768847986623,19.0592469724101,22.8884372177055
2022-09-24,824414,107,593714,81,230700,26,642959,91,2899415,675,3542374,766,0,10586,0,18620,10685,"East TN",2455501,124.699603054529,0.226408689748812,31.1952632069789,4.35756287617069,22.6408689748812
2022-09-25,824616,202,593835,121,230781,81,643090,131,2900307,892,3543397,1023,0,10586,1,18621,10691,"East TN",2455501,124.740327941223,0.219820999781707,41.6615590871272,8.22642711202317,21.9820999781707
2022-09-26,824961,345,593979,144,230982,201,643245,155,2900999,692,3544244,847,2,10588,6,18627,10698,"East TN",2455501,114.355481834461,0.210526315789474,34.4939790291268,14.0500859091485,21.0526315789474
2022-09-27,825418,457,594235,256,231183,201,643522,277,2902121,1122,3545643,1399,3,10591,6,18633,10703,"East TN",2455501,112.034163292949,0.205031876138434,56.9741164837644,18.6112732187851,20.5031876138434
2022-09-28,825874,456,594455,220,231419,236,643753,231,2903441,1320,3547194,1551,16,10607,4,18637,10704,"East TN",2455501,106.577028476063,0.186454183266932,63.1642992611284,18.5705483320919,18.6454183266932
2022-09-29,826280,406,594655,200,231625,206,643960,207,2904553,1112,3548513,1319,2,10609,4,18641,10708,"East TN",2455501,99.4094484180621,0.169795527920603,53.7161255483097,16.5343039974327,16.9795527920603
2022-09-30,826687,407,594888,233,231799,174,644209,249,2905702,1149,3549911,1398,18,10627,1,18642,10712,"East TN",2455501,96.9252303297779,0.161507888714922,56.9333915970712,16.5750288841259,16.1507888714922
2022-10-01,826795,108,594960,72,231835,36,644287,78,2906214,512,3550501,590,0,10627,0,18642,10715,"East TN",2455501,96.9659552164711,0.163405930847791,24.0276831489786,4.39828776286387,16.3405930847791
2022-10-02,826903,108,595036,76,231867,32,644369,82,2906918,704,3551287,786,2,10629,2,18644,10721,"East TN",2455501,93.1378158673118,0.162103929024081,32.0097609408426,4.39828776286387,16.2103929024081
2022-10-03,827458,555,595240,204,232218,351,644584,215,2907638,720,3552222,935,11,10640,3,18647,10725,"East TN",2455501,101.69004207288,0.167836550513913,38.077769058127,22.6023121147171,16.7836550513913
2022-10-04,827745,287,595397,157,232348,130,644743,159,2909101,1463,3553844,1622,2,10642,4,18651,10730,"East TN",2455501,94.7668113350392,0.148884282404585,66.0557662163444,11.6880424809438,14.8884282404585
2022-10-05,828133,388,595591,194,232542,194,644948,205,2910150,1049,3555098,1254,0,10642,2,18653,10733,"East TN",2455501,91.9975190399027,0.151189271255061,51.0690079132527,15.8012560369554,15.1189271255061
2022-10-06,828605,472,595878,287,232727,185,645255,307,2911257,1107,3556512,1414,19,10661,3,18656,10734,"East TN",2455501,94.6853615616528,0.161895236904613,57.5849897841622,19.2221465191828,16.1895236904613
2022-10-07,828994,389,596122,244,232872,145,645514,259,2912604,1347,3558118,1606,6,10667,3,18659,10739,"East TN",2455501,93.9523136011755,0.159010600706714,65.4041680292535,15.8419809236486,15.9010600706714
2022-10-08,829112,118,596187,65,232925,53,645582,68,2913337,733,3558919,801,0,10667,3,18662,10744,"East TN",2455501,94.3595624681073,0.15383701591827,32.6206342412404,4.80553662979571,15.383701591827
2022-10-09,829285,173,596294,107,232991,66,645698,116,2914154,817,3559852,933,0,10667,8,18670,10746,"East TN",2455501,97.0066801031643,0.155166374781086,37.9963192847407,7.04540539792083,15.5166374781086
2022-10-10,829621,336,596484,190,233137,146,645898,200,2915027,873,3560925,1073,2,10669,5,18675,10748,"East TN",2455501,88.087929917357,0.150982419855222,43.6978034217864,13.6835619289098,15.0982419855222
2022-10-11,830019,398,596696,212,233323,186,646125,227,2916009,982,3562134,1209,9,10678,1,18676,10754,"East TN",2455501,92.6083923403004,0.16670687575392,49.2363880120595,16.2085049038872,16.670687575392
2022-10-12,830383,364,596927,231,233456,133,646369,244,2917119,1110,3563488,1354,7,10685,2,18678,10758,"East TN",2455501,91.630995059664,0.169368295589988,55.1414965825711,14.823858756319,16.9368295589988
2022-10-13,830683,300,597116,189,233567,111,646568,199,2918102,983,3564670,1182,7,10692,4,18682,10762,"East TN",2455501,84.6263145484363,0.160946310370189,48.1368160713435,12.2174660079552,16.0946310370189
2022-10-14,830921,238,597258,142,233663,96,646717,149,2919054,952,3565771,1101,0,10692,7,18689,10767,"East TN",2455501,78.4768566577656,0.15719325754606,44.8381002491956,9.69252303297779,15.719325754606
2022-10-15,831035,114,597338,80,233697,34,646802,85,2919723,669,3566525,754,0,10692,0,18689,10768,"East TN",2455501,78.3139571109928,0.160399684459637,30.7065645666607,4.64263708302298,16.0399684459637
2022-10-16,831113,78,597392,54,233721,24,646861,59,2920260,537,3567121,596,1,10693,3,18692,10772,"East TN",2455501,74.4450928751403,0.159994497179805,24.2720324691377,3.17654116206835,15.9994497179805
2022-10-17,831559,446,597632,240,233927,206,647109,248,2921066,806,3568175,1054,2,10695,4,18696,10778,"East TN",2455501,78.9248304113906,0.167034482758621,42.9240305746159,18.1632994651601,16.7034482758621
2022-10-18,831924,365,597844,212,234080,153,647328,219,2922613,1547,3569941,1766,13,10708,7,18703,10782,"East TN",2455501,77.5809091505155,0.154092481106699,71.9201499001629,14.8645836430122,15.4092481106699
2022-10-19,832293,369,598071,227,234222,142,647558,230,2923625,1012,3571183,1242,1,10709,6,18709,10785,"East TN",2455501,77.7845335839814,0.1545159194282,50.5803092729345,15.0274831897849,15.45159194282
2022-10-20,832638,345,598261,190,234377,155,647763,205,2924818,1193,3572581,1398,11,10720,4,18713,10788,"East TN",2455501,79.6171534851747,0.151055492352421,56.9333915970712,14.0500859091485,15.1055492352421
2022-10-21,833042,404,598502,241,234540,163,648018,255,2926146,1328,3574164,1583,1,10721,3,18716,10789,"East TN",2455501,86.3774846762433,0.155010127487192,64.4674956353103,16.4528542240463,15.5010127487192
2022-10-22,833141,99,598568,66,234573,33,648092,74,2926780,634,3574872,708,0,10721,1,18717,10795,"East TN",2455501,85.7666113758455,0.154546543668384,28.8332197787743,4.03176378262522,15.4546543668384
2022-10-23,833258,117,598648,80,234610,37,648174,82,2927367,587,3575541,669,0,10721,2,18719,10795,"East TN",2455501,87.3548819568797,0.155938242280285,27.2449491977401,4.76481174310253,15.5938242280285
2022-10-24,833782,524,598922,274,234860,250,648460,286,2928326,959,3576786,1245,1,10722,6,18725,10798,"East TN",2455501,90.531423118948,0.156892346998026,50.7024839330141,21.3398406272284,15.6892346998026
2022-10-25,834328,546,599237,315,235091,231,648789,329,2929730,1404,3578519,1733,4,10726,7,18732,10801,"East TN",2455501,97.9026276104143,0.170319421776638,70.5762286392879,22.2357881344785,17.0319421776638
2022-10-26,834884,556,599532,295,235352,261,649095,306,2931042,1312,3580137,1618,14,10740,6,18738,10804,"East TN",2455501,105.51818142204,0.171655126200581,65.8928666695717,22.6430370014103,17.1655126200581
2022-10-27,835391,507,599785,253,235606,254,649355,260,2932312,1270,3581667,1530,3,10743,0,18738,10808,"East TN",2455501,112.115613066336,0.175214615892582,62.3090766405715,20.6475175534443,17.5214615892582
2022-10-28,835820,429,600021,236,235799,193,649609,254,2933492,1180,3583101,1434,0,10743,4,18742,10810,"East TN",2455501,113.133735233665,0.178023945395547,58.3994875180259,17.4709763913759,17.8023945395547
2022-10-29,835921,101,600079,58,235842,43,649673,64,2934126,634,3583799,698,0,10743,2,18744,10812,"East TN",2455501,113.215185007052,0.177103170157948,28.4259709118424,4.11321355601158,17.7103170157948
2022-10-30,835953,32,600106,27,235847,5,649702,29,2934272,146,3583974,175,0,10743,1,18745,10814,"East TN",2455501,109.753569638131,0.181192932526977,7.1268551713072,1.30319637418189,18.1192932526977
2022-10-31,836679,726,600506,400,236173,326,650117,415,2936357,2085,3586474,2500,1,10744,7,18752,10817,"East TN",2455501,117.979996750154,0.171036333608588,101.81221673296,29.5662677392516,17.1036333608588
2022-11-01,837197,518,600792,286,236405,232,650405,288,2938013,1656,3588418,1944,16,10760,7,18759,10820,"East TN",2455501,116.839699922745,0.163248813011415,79.1691797315497,21.0954913070693,16.3248813011415
2022-11-02,837699,502,601066,274,236633,228,650689,284,2939660,1647,3590349,1931,7,10767,7,18766,10824,"East TN",2455501,114.640556041313,0.156090873482178,78.6397562045383,20.4438931199784,15.6090873482178
2022-11-03,838223,524,601363,297,236860,227,650993,304,2941528,1868,3592521,2172,9,10776,6,18772,10828,"East TN",2455501,115.332879115097,0.150912106135987,88.4544538975956,21.3398406272284,15.0912106135987
2022-11-04,838740,517,601663,300,237077,217,651305,312,2943326,1798,3594631,2110,4,10780,7,18779,10833,"East TN",2455501,118.916669144097,0.147094535993062,85.9295109226182,21.0547664203761,14.7094535993062
2022-11-05,838889,149,601767,104,237122,45,651414,109,2944115,789,3595529,898,0,10780,1,18780,10839,"East TN",2455501,120.87146370537,0.14842284739983,36.5709482504792,6.06800811728442,14.842284739983
2022-11-06,839019,130,601842,75,237177,55,651489,75,2944868,753,3596357,828,0,10780,5,18785,10842,"East TN",2455501,124.862502601302,0.144310748606961,33.7202061819563,5.29423527011392,14.4310748606961
2022-11-07,839675,656,602144,302,237531,354,651796,307,2946137,1269,3597933,1576,1,10781,4,18789,10846,"East TN",2455501,122.011760532779,0.146522384152195,64.182421428458,26.7155256707287,14.6522384152195
2022-11-08,840203,528,602439,295,237764,233,652094,298,2947891,1754,3599985,2052,2,10783,4,18793,10847,"East TN",2455501,122.419009399711,0.146018846719115,83.5674674944136,21.5027401740012,14.6018846719115
2022-11-09,840731,528,602721,282,238010,246,652385,291,2950092,2201,3602477,2492,9,10792,4,18797,10850,"East TN",2455501,123.477856453734,0.139841688654354,101.486417639415,21.5027401740012,13.9841688654354
2022-11-10,841163,432,602935,214,238228,218,652602,217,2951333,1241,3603935,1458,1,10793,13,18810,10856,"East TN",2455501,119.731166877961,0.140967233222359,59.3768847986623,17.5931510514555,14.0967233222359
2022-11-11,841449,286,603112,177,238337,109,652791,189,2952567,1234,3605358,1423,1,10794,0,18810,10859,"East TN",2455501,110.323718051835,0.138528945651161,57.9515137644008,11.6473175942506,13.8528945651161
2022-11-12,841559,110,603190,78,238369,32,652874,83,2953356,789,3606230,872,0,10794,4,18814,10860,"East TN",2455501,108.735447470801,0.136435847117092,35.5121011964564,4.47973753625024,13.6435847117092
2022-11-13,841672,113,603270,80,238402,33,652971,97,2954115,759,3607086,856,0,10794,7,18821,10867,"East TN",2455501,108.043124397017,0.13813030105322,34.8605030093655,4.60191219632979,13.813030105322
2022-11-14,842212,540,603509,239,238703,301,653219,248,2955236,1121,3608455,1369,7,10801,6,18827,10870,"East TN",2455501,103.319037540608,0.135240448583919,55.7523698829689,21.9914388143194,13.5240448583919
2022-11-15,842707,495,603818,309,238889,186,653536,317,2956727,1491,3610263,1808,0,10801,7,18834,10874,"East TN",2455501,101.975116279733,0.140299669196342,73.6305951412767,20.1588189131261,14.0299669196342
2022-11-16,843073,366,604030,212,239043,154,653758,222,2957995,1268,3611753,1490,8,10809,4,18838,10879,"East TN",2455501,95.3776846354369,0.148016386373437,60.6800811728442,14.9053085297053,14.8016386373437
2022-11-17,843462,389,604243,213,239219,176,653978,220,2959315,1320,3613293,1540,-12,10797,2,18840,10884,"East TN",2455501,93.62651450763,0.147039965804659,62.7163255075034,15.8419809236486,14.7039965804659
2022-11-18,843785,323,604412,169,239373,154,654160,182,2960838,1523,3614998,1705,0,10797,3,18843,10887,"East TN",2455501,95.1333353152778,0.14201244813278,69.4359318118787,13.1541384018984,14.201244813278
2022-11-19,843919,134,604504,92,239415,42,654260,100,2961722,884,3615982,984,0,10797,3,18846,10892,"East TN",2455501,96.1107325959142,0.142124692370796,40.073288506093,5.45713481688666,14.2124692370796
2022-11-20,844024,105,604582,78,239442,27,654342,82,2962602,880,3616944,962,1,10798,6,18852,10895,"East TN",2455501,95.7849335023688,0.139074863055386,39.177340998843,4.27611310278432,13.9074863055386
2022-11-21,844473,449,604807,225,239666,224,654583,241,2963721,1119,3618304,1360,1,10799,5,18857,10898,"East TN",2455501,92.078968813289,0.138491217382475,55.3858459027302,18.2854741252396,13.8491217382475
2022-11-22,844904,431,605037,230,239867,201,654816,233,2965366,1645,3620182,1878,1,10800,8,18865,10900,"East TN",2455501,89.4725760649252,0.129045266659946,76.4813372097995,17.5524261647623,12.9045266659946
2022-11-23,845285,381,605232,195,240053,186,655020,204,2966863,1497,3621883,1701,3,10803,3,18868,10904,"East TN",2455501,90.083449365323,0.124580454096742,69.273032265106,15.5161818301031,12.4580454096742
2022-11-24,845378,93,605289,57,240089,36,655086,66,2967658,795,3622744,861,0,10803,3,18871,10904,"East TN",2455501,78.0288829041405,0.117236271294043,35.0641274428314,3.78741446246611,11.7236271294043
2022-11-25,845511,133,605367,78,240144,55,655165,79,2968465,807,3623630,886,0,10803,4,18875,10905,"East TN",2455501,70.2911544324356,0.116427247451344,36.082249610161,5.41640993019347,11.6427247451344
2022-11-26,845649,138,605430,63,240219,75,655231,66,2969223,758,3624454,824,1,10804,3,18878,10906,"East TN",2455501,70.4540539792083,0.11461284230406,33.5573066351836,5.62003436365939,11.461284230406
2022-11-27,845945,296,605532,102,240413,194,655340,109,2970252,1029,3625592,1138,0,10804,2,18880,10911,"East TN",2455501,78.2325073376065,0.115402405180389,46.3449210568434,12.0545664611825,11.5402405180389
2022-11-28,846426,481,605811,279,240615,202,655624,284,2972037,1785,3627661,2069,3,10807,5,18885,10913,"East TN",2455501,79.5357037117883,0.111253606925297,84.2597905681977,19.5886704994215,11.1253606925297
2022-11-29,846972,546,606140,329,240832,217,655959,335,2974465,2428,3630424,2763,4,10811,7,18892,10918,"East TN",2455501,84.2190656815045,0.111599297012302,112.522861933267,22.2357881344785,11.1599297012302
2022-11-30,847609,637,606451,311,241158,326,656279,320,2976534,2069,3632813,2389,6,10817,9,18901,10924,"East TN",2455501,94.6446366749596,0.115187557182068,97.2917543100166,25.9417528235582,11.5187557182068
2022-12-01,848154,545,606758,307,241396,238,656599,320,2978390,1856,3634989,2176,22,10839,10,18911,10927,"East TN",2455501,113.052285460279,0.123560636994692,88.6173534443684,22.1950632477853,12.3560636994692
2022-12-02,848658,504,607031,273,241627,231,656880,281,2980439,2049,3637319,2330,38,10877,6,18917,10930,"East TN",2455501,128.16121842345,0.125283074001023,94.8889859951187,20.5253428933647,12.5283074001023
2022-12-03,848820,162,607149,118,241671,44,657010,130,2981489,1050,3638499,1180,0,10877,5,18922,10934,"East TN",2455501,129.138615704086,0.126664293342827,48.0553662979571,6.59743164429581,12.6664293342827
2022-12-04,848965,145,607239,90,241726,55,657106,96,2982225,736,3639331,832,1,10878,4,18926,10935,"East TN",2455501,122.989157813416,0.128539194992358,33.8831057287291,5.90510857051168,12.8539194992358
2022-12-05,849516,551,607502,263,242014,288,657375,269,2983876,1651,3641251,1920,0,10878,6,18932,10939,"East TN",2455501,125.839899881939,0.128844738778514,78.1917824509133,22.4394125679444,12.8844738778514
2022-12-06,850001,485,607792,290,242209,195,657678,303,2985813,1937,3643491,2240,6,10884,9,18941,10943,"East TN",2455501,123.355681793654,0.131552766511058,91.2237461927322,19.7515700461942,13.1552766511058
2022-12-07,850605,604,608106,314,242499,290,658005,327,2987536,1723,3645541,2050,5,10889,11,18952,10948,"East TN",2455501,122.011760532779,0.135606536769327,83.4860177210272,24.5978315626831,13.5606536769327
2022-12-08,851157,552,608442,336,242715,216,658344,339,2989288,1752,3647632,2091,6,10895,7,18959,10949,"East TN",2455501,122.296834739632,0.13802103931029,85.1557380754477,22.4801374546376,13.802103931029
2022-12-09,851591,434,608688,246,242903,188,658598,254,2990753,1465,3649351,1719,-1,10894,7,18966,10956,"East TN",2455501,119.446092671109,0.142785904255319,70.0060802255833,17.6746008248419,14.2785904255319
2022-12-10,851733,142,608778,90,242955,52,658691,93,2991450,697,3650141,790,0,10894,6,18972,10959,"East TN",2455501,118.631594937245,0.14439099811029,32.1726604876154,5.78293391043213,14.439099811029
2022-12-11,851992,259,608932,154,243060,105,658849,158,2992346,896,3651195,1054,0,10894,7,18979,10963,"East TN",2455501,123.274232020268,0.146915037086986,42.9240305746159,10.5477456535347,14.6915037086986
2022-12-12,852672,680,609291,359,243381,321,659216,367,2993968,1622,3653184,1989,1,10895,9,18988,10967,"East TN",2455501,128.527742403689,0.154278052459566,81.001799632743,27.6929229513651,15.4278052459566
2022-12-13,853266,594,609640,349,243626,245,659576,360,2995763,1795,3655339,2155,2,10897,7,18995,10971,"East TN",2455501,132.966755053246,0.160195813639433,87.7621308238115,24.1905826957513,16.0195813639433
2022-12-14,853635,369,609850,210,243785,159,659795,219,2996898,1135,3656693,1354,7,10904,9,19004,10977,"East TN",2455501,123.396406680348,0.160509325681492,55.1414965825711,15.0274831897849,16.0509325681492
2022-12-15,854232,597,610130,280,244102,317,660080,285,2998097,1199,3658177,1484,14,10918,9,19013,10980,"East TN",2455501,125.229026581541,0.164627785680417,60.435731852685,24.3127573558308,16.4627785680417
2022-12-16,854727,495,610401,271,244326,224,660354,274,2999425,1328,3659779,1602,14,10932,9,19022,10985,"East TN",2455501,127.713244669825,0.168392788645953,65.2412684824808,20.1588189131261,16.8392788645953
2022-12-17,854961,234,610503,102,244458,132,660459,105,3000138,713,3660597,818,0,10932,2,19024,10990,"East TN",2455501,131.459934245598,0.169089517980107,33.3129573150245,9.52962348620506,16.9089517980107
2022-12-18,855139,178,610595,92,244544,86,660560,101,3000841,703,3661401,804,0,10932,5,19029,10992,"East TN",2455501,128.16121842345,0.167646482461297,32.7428089013199,7.24902983138675,16.7646482461297
2022-12-19,855717,578,610913,318,244804,260,660889,329,3001972,1131,3662861,1460,1,10933,10,19039,10995,"East TN",2455501,124.007279980745,0.172884158313527,59.4583345720486,23.5389845086603,17.2884158313527
2022-12-20,856331,614,611233,320,245098,294,661212,323,3003219,1247,3664431,1570,1,10934,7,19046,10998,"East TN",2455501,124.821777714609,0.179938407391113,63.9380721082989,25.005080429615,17.9938407391113
2022-12-21,856992,661,611571,338,245421,323,661562,350,3004608,1389,3666170,1739,0,10934,6,19052,11002,"East TN",2455501,136.713444629019,0.186451408673631,70.820577959447,26.9191501041946,18.6451408673631
2022-12-22,857440,448,611841,270,245599,178,661841,279,3005798,1190,3667639,1469,0,10934,9,19061,11005,"East TN",2455501,130.645436511734,0.186112872542803,59.8248585522873,18.2447492385464,18.6112872542803
2022-12-23,857885,445,611992,151,245893,294,661999,158,3006567,769,3668566,927,0,10934,2,19063,11006,"East TN",2455501,128.609192177075,0.187208376010015,37.7519699645816,18.1225745784669,18.7208376010015
2022-12-24,858036,151,612085,93,245951,58,662087,88,3007096,529,3669183,617,0,10934,2,19065,11009,"East TN",2455501,125.229026581541,0.189610994642441,25.1272550896945,6.14945789067078,18.9610994642441
2022-12-25,858148,112,612153,68,245995,44,662161,74,3007554,458,3669715,532,0,10934,7,19072,11009,"East TN",2455501,122.541184059791,0.192566754871301,21.6656397207739,4.56118730963661,19.2566754871301
2022-12-26,858481,333,612278,125,246203,208,662289,128,3008232,678,3670521,806,0,10934,8,19080,11011,"East TN",2455501,112.563586819961,0.182767624020888,32.8242586747063,13.5613872688303,18.2767624020888
2022-12-27,859372,891,612658,380,246714,511,662672,383,3009073,841,3671745,1224,2,10936,14,19094,11013,"East TN",2455501,123.844380433973,0.199617172545803,49.8472613124572,36.2858740436269,19.9617172545803
2022-12-28,859929,557,612941,283,246988,274,662969,297,3010166,1093,3673135,1390,3,10939,6,19100,11015,"East TN",2455501,119.608992217881,0.202010050251256,56.6075925035258,22.6837618881035,20.2010050251256
2022-12-29,860733,804,613258,317,247475,487,663296,327,3011114,948,3674410,1275,8,10947,6,19106,11018,"East TN",2455501,134.107051880655,0.214887018165707,51.9242305338096,32.7428089013199,21.4887018165707
2022-12-30,861204,471,613445,187,247759,284,663491,195,3011874,760,3675365,955,0,10947,9,19115,11023,"East TN",2455501,135.165898934678,0.219444035887631,38.8922667919907,19.1814216324897,21.9444035887631
2022-12-31,861464,260,613596,151,247868,109,663645,154,3012722,848,3676367,1002,0,10947,10,19125,11029,"East TN",2455501,139.604911584235,0.216870824053452,40.8063364665704,10.5884705402278,21.6870824053452
2023-01-01,861766,302,613742,146,248024,156,663797,152,3013429,707,3677226,859,0,10947,7,19132,11030,"East TN",2455501,147.34264005594,0.217813872986287,34.982677669445,12.2989157813416,21.7813872986287
2023-01-02,862205,439,613918,176,248287,263,663981,184,3014209,780,3678190,964,2,10949,5,19137,11039,"East TN",2455501,151.659478045417,0.220628504368236,39.2587907722294,17.8782252583078,22.0628504368236
2023-01-03,863062,857,614302,384,248760,473,664383,402,3015119,910,3679502,1312,10,10959,19,19156,11040,"East TN",2455501,150.274831897849,0.22057496454815,53.4310513414574,34.9012278960587,22.057496454815
2023-01-04,863801,739,614653,351,249148,388,664739,356,3016286,1167,3681025,1523,15,10974,15,19171,11046,"East TN",2455501,157.686761276008,0.224334600760456,62.0240024337192,30.095691266263,22.4334600760456
2023-01-05,864672,871,615119,466,249553,405,665223,484,3017961,1675,3683184,2159,4,10978,7,19178,11048,"East TN",2455501,160.415328684452,0.219626168224299,87.9250303705843,35.4713763097633,21.9626168224299
2023-01-06,865297,625,615435,316,249862,309,665543,320,3019133,1172,3684676,1492,0,10978,10,19188,11056,"East TN",2455501,166.686961235202,0.220384491461712,60.7615309462305,25.45305418324,22.0384491461712
2023-01-07,865527,230,615595,160,249932,70,665716,173,3019852,719,3685568,892,0,10978,4,19192,11060,"East TN",2455501,165.465214634407,0.225084229975003,36.3265989303201,9.36672393943232,22.5084229975003
2023-01-08,865786,259,615667,72,250119,187,665793,77,3020333,481,3686126,558,1,10979,6,19198,11066,"East TN",2455501,163.7140445066,0.224269662921348,22.7244867747967,10.5477456535347,22.4269662921348
2023-01-09,866371,585,615965,298,250406,287,666097,304,3021239,906,3687336,1210,16,10995,9,19207,11074,"East TN",2455501,169.659877963805,0.231357970697573,49.2771128987526,23.8240587155126,23.1357970697573
2023-01-10,866954,583,616243,278,250711,305,666384,287,3022229,990,3688613,1277,1,10996,13,19220,11076,"East TN",2455501,158.501259009872,0.219624629568653,52.005680307196,23.7426089421263,21.9624629568653
2023-01-11,867532,578,616567,324,250965,254,666719,335,3023436,1207,3690155,1542,6,11002,6,19226,11080,"East TN",2455501,151.94455225227,0.216867469879518,62.7977752808897,23.5389845086603,21.6867469879518
2023-01-12,868036,504,616810,243,251226,261,666974,255,3024410,974,3691384,1229,8,11010,12,19238,11085,"East TN",2455501,136.998518835871,0.213536585365854,50.0508857459231,20.5253428933647,21.3536585365854
2023-01-13,868634,598,617073,263,251561,335,667254,280,3025377,967,3692631,1247,13,11023,6,19244,11092,"East TN",2455501,135.898946895155,0.215084852294155,50.7839337064004,24.353482242524,21.5084852294155
2023-01-14,868749,115,617130,57,251619,58,667318,64,3025800,423,3693118,487,-1,11022,0,19244,11094,"East TN",2455501,131.215584925439,0.212185430463576,19.8330198195806,4.68336196971616,21.2185430463576
2023-01-15,868901,152,617224,94,251677,58,667422,104,3026359,559,3693781,663,0,11022,4,19248,11099,"East TN",2455501,126.858022049268,0.212802090137165,27.000599877581,6.19018277736397,21.2802090137165
2023-01-16,869481,580,617453,229,252028,351,667658,236,3027040,681,3694698,917,3,11025,12,19260,11104,"East TN",2455501,126.654397615802,0.212034773159468,37.3447210976497,23.6204342820467,21.2034773159468
2023-01-17,870108,627,617775,322,252333,305,667991,333,3028054,1014,3696045,1347,11,11036,11,19271,11110,"East TN",2455501,128.446292630302,0.216227125941873,54.8564223757188,25.5345039566264,21.6227125941873
2023-01-18,870541,433,618044,269,252497,164,668276,285,3029053,999,3697329,1284,8,11044,2,19273,11112,"East TN",2455501,122.541184059791,0.217033732924449,52.2907545140483,17.6338759381487,21.7033732924449
2023-01-19,871232,691,618329,285,252903,406,668570,294,3029925,872,3698495,1166,4,11048,9,19282,11115,"East TN",2455501,130.156737871416,0.224441006890733,47.4852178842525,28.1408967049901,22.4441006890733
2023-01-20,871707,475,618607,278,253100,197,668862,292,3030996,1071,3699858,1363,2,11050,12,19294,11122,"East TN",2455501,125.147576808154,0.22249896222499,55.5080205628098,19.3443211792624,22.249896222499
2023-01-21,871855,148,618688,81,253167,67,668947,85,3031520,524,3700467,609,0,11050,3,19297,11125,"East TN",2455501,126.49149806903,0.221662811266839,24.8014559961491,6.02728323059123,22.1662811266839
2023-01-22,871985,130,618756,68,253229,62,669016,69,3031933,413,3700949,482,1,11051,2,19299,11129,"East TN",2455501,125.595550561779,0.222377232142857,19.6293953861147,5.29423527011392,22.2377232142857
2023-01-23,872670,685,619060,304,253610,381,669336,320,3032905,972,3702241,1292,18,11069,9,19308,11133,"East TN",2455501,129.871663664564,0.222457907994167,52.6165536075937,27.896547384831,22.2457907994167
2023-01-24,873365,695,619378,318,253987,377,669670,334,3033965,1060,3703635,1394,1,11070,20,19328,11138,"East TN",2455501,132.6409559597,0.221212121212121,56.7704920502985,28.3037962517629,22.1212121212121
2023-01-25,873970,605,619675,297,254295,308,669972,302,3035087,1122,3705059,1424,10,11080,7,19335,11144,"East TN",2455501,139.645636470928,0.219404915912031,57.992238651094,24.6385564493763,21.9404915912031
2023-01-26,874523,553,619901,226,254622,327,670207,235,3036129,1042,3706336,1277,10,11090,7,19342,11150,"East TN",2455501,134.025602107269,0.208774391021553,52.005680307196,22.5208623413308,20.8774391021553
2023-01-27,875078,555,620168,267,254910,288,670478,271,3037082,953,3707560,1224,1,11091,15,19357,11154,"East TN",2455501,137.283593042723,0.209815632303298,49.8472613124572,22.6023121147171,20.9815632303298
2023-01-28,875256,178,620273,105,254983,73,670592,114,3037557,475,3708149,589,0,11091,4,19361,11158,"East TN",2455501,138.505339643519,0.214136943504296,23.9869582622854,7.24902983138675,21.4136943504296
2023-01-29,875529,273,620409,136,255120,137,670737,145,3038164,607,3708901,752,1,11092,7,19368,11164,"East TN",2455501,144.328998440644,0.216423541247485,30.6251147932744,11.1178940672392,21.6423541247485
2023-01-30,876120,591,620690,281,255430,310,671026,289,3039156,992,3710182,1281,2,11094,9,19377,11169,"East TN",2455501,140.500859091485,0.212819544138018,52.1685798539687,24.0684080356717,21.2819544138018
2023-01-31,876953,833,621083,393,255870,440,671424,398,3040462,1306,3711886,1704,4,11098,9,19386,11173,"East TN",2455501,146.120893455144,0.212580293297782,69.3952069251855,33.9238306154223,21.2580293297782
2023-02-01,877637,684,621380,297,256257,387,671728,304,3041470,1008,3713198,1312,18,11116,8,19394,11176,"East TN",2455501,149.338159503906,0.215751320801081,53.4310513414574,27.8558224981379,21.5751320801081
2023-02-02,878780,1143,622185,805,256595,338,672597,869,3044234,2764,3716831,3633,1,11117,10,19404,11181,"East TN",2455501,173.365842652884,0.22772748928061,147.953513356337,46.5485454903093,22.772748928061
2023-02-03,879364,584,622459,274,256905,310,672876,279,3045331,1097,3718207,1376,12,11129,6,19410,11184,"East TN",2455501,174.546864366987,0.225227763689302,56.0374440898212,23.7833338288195,22.5227763689302
2023-02-04,879532,168,622553,94,256979,74,672975,99,3045902,571,3718877,670,0,11129,3,19413,11186,"East TN",2455501,174.139615500055,0.222129008202834,27.2856740844333,6.84178096445491,22.2129008202834
2023-02-05,879838,306,622661,108,257177,198,673088,113,3046575,673,3719663,786,0,11129,2,19415,11192,"East TN",2455501,175.48353676093,0.218453818992752,32.0097609408426,12.4618153281143,21.8453818992752
2023-02-06,880523,685,622954,293,257569,392,673384,296,3047460,885,3720844,1181,1,11130,9,19424,11199,"East TN",2455501,179.311676110089,0.221159257175014,48.0960911846503,27.896547384831,22.1159257175014
2023-02-07,881169,646,623222,268,257947,378,673661,277,3048504,1044,3722165,1321,7,11137,4,19428,11202,"East TN",2455501,171.696122298464,0.217628173946882,53.7975753216961,26.3082768037969,21.7628173946882
2023-02-08,881879,710,623606,384,258273,326,674054,393,3049915,1411,3723969,1804,11,11148,6,19434,11205,"East TN",2455501,172.754969352487,0.21595023674682,73.4676955945039,28.9146695521606,21.595023674682
2023-02-09,882624,745,623977,371,258647,374,674435,381,3051179,1264,3725614,1645,3,11151,8,19442,11209,"East TN",2455501,156.546464448599,0.209267903905272,66.9924386102877,30.3400405864221,20.9267903905272
2023-02-10,883246,622,624316,339,258930,283,674786,351,3052422,1243,3727208,1594,3,11154,9,19451,11211,"East TN",2455501,158.09401014294,0.212198644595045,64.9154693889353,25.3308795231604,21.2198644595045
2023-02-11,883455,209,624436,120,259019,89,674912,126,3053110,688,3728022,814,0,11154,1,19452,11215,"East TN",2455501,159.763730497361,0.21180973209404,33.1500577682518,8.51150131887546,21.180973209404
2023-02-12,883790,335,624558,122,259232,213,675040,128,3053718,608,3728758,736,0,11154,4,19456,11218,"East TN",2455501,160.944752211463,0.214623419461242,29.9735166061834,13.6428370422166,21.4623419461242
2023-02-13,884443,653,624876,318,259567,335,675354,314,3054661,943,3730015,1257,2,11156,9,19465,11222,"East TN",2455501,159.641555837281,0.214807545523934,51.1911825733323,26.5933510106491,21.4807545523934
2023-02-14,884963,520,625088,212,259875,308,675575,221,3055361,700,3730936,921,2,11158,4,19469,11225,"East TN",2455501,154.51022011394,0.21821913122791,37.5076206444225,21.1769410804557,21.821913122791
2023-02-15,885692,729,625478,390,260214,339,675986,411,3057146,1785,3733132,2196,3,11161,14,19483,11228,"East TN",2455501,155.283992961111,0.210847975553858,89.431851178232,29.6884423993311,21.0847975553858
2023-02-16,886239,547,625739,261,260500,286,676253,267,3058365,1219,3734618,1486,20,11181,6,19489,11229,"East TN",2455501,147.22046539586,0.201910262105731,60.5171816260714,22.2765130211716,20.1910262105731
2023-02-17,886724,485,625995,256,260729,229,676513,260,3059418,1053,3735931,1313,3,11184,4,19493,11233,"East TN",2455501,141.641155918894,0.197982345523329,53.4717762281506,19.7515700461942,19.7982345523329
2023-02-18,886887,163,626100,105,260787,58,676623,110,3059986,568,3736609,678,0,11184,1,19494,11235,"East TN",2455501,139.767811131007,0.199254687318039,27.6114731779788,6.63815653098899,19.9254687318039
2023-02-19,887110,223,626171,71,260939,152,676700,77,3060455,469,3737155,546,0,11184,0,19494,11238,"East TN",2455501,135.206623821371,0.197689651065857,22.2357881344785,9.08164973258003,19.7689651065857
2023-02-20,887717,607,626543,372,261174,235,677089,389,3062120,1665,3739209,2054,3,11187,7,19501,11241,"East TN",2455501,133.333279033484,0.188710028279313,83.6489172677999,24.7200062227627,18.8710028279313
2023-02-21,888219,502,626859,316,261360,186,677413,324,3063492,1372,3740905,1696,-1,11186,6,19507,11247,"East TN",2455501,132.600231073007,0.184371551810613,69.0694078316401,20.4438931199784,18.4371551810613
2023-02-22,888727,508,627071,212,261656,296,677629,216,3064486,994,3742115,1210,11,11197,3,19510,11253,"East TN",2455501,123.600031113813,0.182901035288879,49.2771128987526,20.6882424401375,18.2901035288879
2023-02-23,889194,467,627281,210,261913,257,677851,222,3065782,1296,3743633,1518,3,11200,4,19514,11255,"East TN",2455501,120.342040178359,0.177260122018857,61.8203780002533,19.0185220857169,17.7260122018857
2023-02-24,889623,429,627453,172,262170,257,678039,188,3066737,955,3744776,1143,5,11205,4,19518,11255,"East TN",2455501,118.06144652354,0.172526851328434,46.5485454903093,17.4709763913759,17.2526851328434
2023-02-25,889763,140,627560,107,262203,33,678151,112,3067385,648,3745536,760,0,11205,1,19519,11257,"East TN",2455501,117.124774129597,0.171166125238042,30.9509138868198,5.70148413704576,17.1166125238042
2023-02-26,889843,80,627610,50,262233,30,678205,54,3067775,390,3745980,444,0,11205,3,19522,11258,"East TN",2455501,111.301115332472,0.170538243626062,18.0818496917737,3.25799093545472,17.0538243626062
2023-02-27,890353,510,627842,232,262511,278,678448,243,3069172,1397,3747620,1640,2,11207,4,19526,11259,"East TN",2455501,107.350801323233,0.161574129116633,66.7888141768218,20.7696922135238,16.1574129116633
2023-02-28,890799,446,628000,158,262799,288,678610,162,3070026,854,3748636,1016,0,11207,9,19535,11261,"East TN",2455501,105.070207668415,0.154831199068685,41.3764848802749,18.1632994651601,15.4831199068685
2023-03-01,891053,254,628131,131,262922,123,678748,138,3070862,836,3749610,974,7,11214,7,19542,11264,"East TN",2455501,94.726086448346,0.149299533022015,39.6660396391612,10.3441212200687,14.9299533022015
2023-03-02,891427,374,628284,153,263143,221,678906,158,3071937,1075,3750843,1233,4,11218,3,19545,11267,"East TN",2455501,90.9386719858799,0.146324549237171,50.2137852926959,15.2311076232508,14.6324549237171
2023-03-03,891710,283,628389,105,263321,178,679011,105,3072833,896,3751844,1001,14,11232,9,19554,11269,"East TN",2455501,84.992838528675,0.137521222410866,40.7656115798772,11.5251429341711,13.7521222410866
2023-03-04,891773,63,628428,39,263345,24,679055,44,3073241,408,3752296,452,0,11232,4,19558,11272,"East TN",2455501,81.8570222532998,0.133727810650888,18.4076487853192,2.56566786167059,13.3727810650888
2023-03-05,891886,113,628478,50,263408,63,679113,58,3073732,491,3752845,549,1,11233,4,19562,11272,"East TN",2455501,83.2009435141749,0.132265112891479,22.357962794558,4.60191219632979,13.2265112891479
2023-03-06,892249,363,628652,174,263597,189,679293,180,3074727,995,3754020,1175,0,11233,6,19568,11275,"East TN",2455501,77.2143851702769,0.13203125,47.8517418644912,14.7831338696258,13.203125
2023-03-07,892486,237,628756,104,263730,133,679400,107,3075544,817,3754944,924,0,11233,4,19572,11277,"East TN",2455501,68.7028838514014,0.125237793278377,37.629795304502,9.65179814628461,12.5237793278377
2023-03-08,892710,224,628846,90,263864,134,679497,97,3076456,912,3755953,1009,10,11243,1,19573,11277,"East TN",2455501,67.4811372506059,0.118082926060224,41.0914106734227,9.12237461927322,11.8082926060224
2023-03-09,892937,227,628976,130,263961,97,679635,138,3077373,917,3757008,1055,0,11243,5,19578,11278,"East TN",2455501,61.4945789067078,0.118248175182482,42.9647554613091,9.24454927935277,11.8248175182482
2023-03-10,893160,223,629104,128,264056,95,679770,135,3078302,929,3758072,1064,0,11243,3,19581,11281,"East TN",2455501,59.0510857051168,0.121868978805395,43.3312794415478,9.08164973258003,12.1868978805395
2023-03-11,893229,69,629134,30,264095,39,679801,31,3078710,408,3758511,439,0,11243,2,19583,11283,"East TN",2455501,59.2954350252759,0.120032180209171,17.8782252583078,2.8100171818297,12.0032180209171
2023-03-12,893302,73,629165,31,264137,42,679832,31,3079225,515,3759057,546,0,11243,2,19585,11286,"East TN",2455501,57.6664395575485,0.115743721828719,22.2357881344785,2.97291672860243,11.5743721828719
2023-03-13,893480,178,629283,118,264197,60,679966,134,3080118,893,3760084,1027,2,11245,1,19586,11289,"East TN",2455501,50.1323355193095,0.110982849604222,41.8244586339,7.24902983138675,11.0982849604222
2023-03-14,893679,199,629366,83,264313,116,680049,83,3080861,743,3760910,826,7,11252,2,19588,11292,"East TN",2455501,48.5847898249685,0.108783104257459,33.63875640857,8.10425245194362,10.8783104257459
2023-03-15,893897,218,629470,104,264427,114,680157,108,3081782,921,3761939,1029,3,11255,5,19593,11292,"East TN",2455501,48.3404405048094,0.110257266956231,41.9059084072863,8.87802529911411,11.0257266956231
2023-03-16,894119,222,629583,113,264536,109,680275,118,3082825,1043,3763100,1161,0,11255,1,19594,11293,"East TN",2455501,48.1368160713435,0.10505581089954,47.2815934507866,9.04092484588685,10.505581089954
2023-03-17,894336,217,629690,107,264646,110,680382,107,3083486,661,3763868,768,1,11256,7,19601,11296,"East TN",2455501,47.8924667511844,0.105590062111801,31.2767129803653,8.83730041242093,10.5590062111801
2023-03-18,894390,54,629728,38,264662,16,680418,36,3083935,449,3764353,485,0,11256,4,19605,11301,"East TN",2455501,47.2815934507866,0.105614515576857,19.7515700461942,2.19914388143194,10.5614515576857
2023-03-19,894433,43,629757,29,264676,14,680451,33,3084292,357,3764743,390,0,11256,2,19607,11302,"East TN",2455501,46.0598468499911,0.108863876187126,15.8827058103418,1.75117012780691,10.8863876187126
2023-03-20,894689,256,629869,112,264820,144,680575,124,3085201,909,3765776,1033,0,11256,3,19610,11306,"East TN",2455501,49.2363880120595,0.106992269852424,42.0688079540591,10.4255709934551,10.6992269852424
2023-03-21,894913,224,629977,108,264936,116,680687,112,3086226,1025,3766913,1137,3,11259,2,19612,11311,"East TN",2455501,50.254510179389,0.106280193236715,46.3041961701502,9.12237461927322,10.6280193236715
2023-03-22,895138,225,630069,92,265069,133,680777,90,3086835,609,3767612,699,0,11259,3,19615,11312,"East TN",2455501,50.5395843862413,0.109289617486339,28.4666957985356,9.1630995059664,10.9289617486339
2023-03-23,895400,262,630203,134,265197,128,680911,134,3087938,1103,3768849,1237,1,11260,3,19618,11313,"East TN",2455501,52.1685798539687,0.110627935293094,50.3766848394686,10.6699203136142,11.0627935293094
2023-03-24,895603,203,630296,93,265307,110,681008,97,3088682,744,3769690,841,1,11261,3,19621,11316,"East TN",2455501,51.5984314402641,0.107523187907935,34.2496297089677,8.26715199871635,10.7523187907935
2023-03-25,895678,75,630327,31,265351,44,681040,32,3089080,398,3770120,430,0,11261,1,19622,11316,"East TN",2455501,52.453654060821,0.107855037281082,17.5117012780691,3.0543665019888,10.7855037281082
2023-03-26,895765,87,630387,60,265378,27,681103,63,3089591,511,3770694,574,0,11261,2,19624,11318,"East TN",2455501,54.2455490753211,0.109561418249034,23.3760849618876,3.54306514230701,10.9561418249034
2023-03-27,895969,204,630477,90,265492,114,681196,93,3090257,666,3771453,759,0,11261,2,19626,11318,"East TN",2455501,52.1278549672755,0.109388761669896,30.9101890001267,8.30787688540954,10.9388761669896
2023-03-28,896195,226,630584,107,265611,119,681309,113,3090855,598,3772164,711,12,11273,5,19631,11318,"East TN",2455501,52.2093047406619,0.118453627880404,28.9553944388538,9.20382439265958,11.8453627880404
2023-03-29,896358,163,630652,68,265706,95,681383,74,3091616,761,3772999,835,11,11284,3,19634,11319,"East TN",2455501,49.6843617656845,0.112493038797104,34.0052803888086,6.63815653098899,11.2493038797104
2023-03-30,896515,157,630715,63,265800,94,681445,62,3092277,661,3773722,723,2,11286,2,19636,11320,"East TN",2455501,45.4082486629002,0.109583418838498,29.444093079172,6.39380721082989,10.9583418838498
2023-03-31,896697,182,630806,91,265891,91,681539,94,3093388,1111,3774927,1205,0,11286,1,19637,11323,"East TN",2455501,44.5530260423433,0.101393927821272,49.0734884652867,7.41192937815949,10.1393927821272
2023-04-01,896739,42,630830,24,265909,18,681567,28,3093676,288,3775243,316,0,11286,1,19638,11325,"East TN",2455501,43.2091047814682,0.10286941245364,12.8690641950461,1.71044524111373,10.286941245364
2023-04-02,896815,76,630859,29,265956,47,681600,33,3094125,449,3775725,482,0,11286,2,19640,11327,"East TN",2455501,42.7611310278432,0.0987875173921686,19.6293953861147,3.09509138868198,9.87875173921686
2023-04-03,896983,168,630941,82,266042,86,681684,84,3094894,769,3776578,853,0,11286,1,19641,11328,"East TN",2455501,41.2950351068886,0.095219512195122,34.738328349286,6.84178096445491,9.5219512195122
2023-04-04,897141,158,631017,76,266124,82,681766,82,3095748,854,3777514,936,10,11296,3,19644,11332,"East TN",2455501,38.5257428117521,0.0854205607476635,38.1184939448202,6.43453209752307,8.54205607476636
2023-04-05,897324,183,631126,109,266198,74,681884,118,3096608,860,3778492,978,1,11297,6,19650,11333,"East TN",2455501,39.3402405456157,0.091206990715456,39.828939185934,7.45265426485267,9.1206990715456
2023-04-06,897474,150,631203,77,266271,73,681970,86,3097285,677,3779255,763,0,11297,1,19651,11336,"East TN",2455501,39.0551663387635,0.094885234050244,31.0730885468994,6.1087330039776,9.4885234050244
2023-04-07,897548,74,631234,31,266314,43,682003,33,3097896,611,3779899,644,0,11297,0,19651,11338,"East TN",2455501,34.6568785758996,0.0933226065969429,26.2268270304105,3.01364161529562,9.33226065969429
2023-04-08,897604,56,631270,36,266334,20,682041,38,3098314,418,3780355,456,0,11297,2,19653,11339,"East TN",2455501,35.2270269896042,0.0927230046948357,18.5705483320919,2.2805936548183,9.27230046948357
2023-04-09,897671,67,631293,23,266378,44,682065,24,3098661,347,3780726,371,1,11298,3,19656,11343,"East TN",2455501,34.8605030093655,0.0929814037192561,15.1089329631713,2.72856740844333,9.29814037192561
2023-04-10,897818,147,631392,99,266426,48,682172,107,3099308,647,3781480,754,1,11299,0,19656,11344,"East TN",2455501,34.0052803888086,0.0995512035903713,30.7065645666607,5.98655834389805,9.95512035903713
2023-04-11,897969,151,631453,61,266516,90,682234,62,3099833,525,3782067,587,4,11303,3,19659,11344,"East TN",2455501,33.7202061819563,0.102789369646387,23.905508488899,6.14945789067078,10.2789369646387
2023-04-12,898121,152,631538,85,266583,67,682325,91,3100662,829,3782987,920,7,11310,5,19664,11345,"East TN",2455501,32.4577346944676,0.0981090100111235,37.4668957577293,6.19018277736397,9.81090100111235
2023-04-13,898233,112,631597,59,266636,53,682384,59,3101346,684,3783730,743,1,11311,2,19666,11345,"East TN",2455501,30.9101890001267,0.0925139664804469,30.2585908130357,4.56118730963661,9.25139664804469
2023-04-14,898374,141,631663,66,266711,75,682452,68,3102054,708,3784506,776,0,11311,2,19668,11346,"East TN",2455501,33.63875640857,0.0974603863685696,31.6025120739108,5.74220902373894,9.74603863685696
2023-04-15,898428,54,631692,29,266736,25,682483,31,3102396,342,3784879,373,0,11311,1,19669,11348,"East TN",2455501,33.5573066351836,0.0977011494252874,15.1903827365576,2.19914388143194,9.77011494252874
2023-04-16,898461,33,631713,21,266748,12,682503,20,3102902,506,3785405,526,0,11311,0,19669,11348,"East TN",2455501,32.1726604876154,0.0936097456721522,21.4212904006148,1.34392126087507,9.36097456721522
2023-04-17,898589,128,631768,55,266821,73,682556,53,3103345,443,3785901,496,0,11311,0,19669,11352,"East TN",2455501,31.3988876404449,0.0868581768830581,20.1995437998193,5.21278549672755,8.68581768830581
2023-04-18,898714,125,631840,72,266874,53,682632,76,3103999,654,3786631,730,1,11312,1,19670,11352,"East TN",2455501,30.3400405864221,0.0872042068361087,29.7291672860243,5.090610836648,8.72042068361087
2023-04-19,898843,129,631906,66,266937,63,682706,74,3104925,926,3787631,1000,1,11313,3,19673,11353,"East TN",2455501,29.4033681924788,0.0820413436692506,40.724886693184,5.25351038342074,8.20413436692506
2023-04-20,898944,101,631964,58,266980,43,682771,65,3105636,711,3788407,776,1,11314,4,19677,11354,"East TN",2455501,28.9553944388538,0.0827453495830661,31.6025120739108,4.11321355601158,8.27453495830661
2023-04-21,899041,97,632005,41,267036,56,682815,44,3106229,593,3789044,637,0,11314,3,19680,11356,"East TN",2455501,27.1634994243537,0.0799911855442926,25.9417528235582,3.95031400923885,7.99911855442926
2023-04-22,899074,33,632022,17,267052,16,682831,16,3106467,238,3789298,254,0,11314,1,19681,11358,"East TN",2455501,26.3082768037969,0.0787508486082824,10.3441212200687,1.34392126087507,7.87508486082824
2023-04-23,899130,56,632052,30,267078,26,682863,32,3107088,621,3789951,653,0,11314,1,19682,11358,"East TN",2455501,27.2449491977401,0.0791904971403432,26.5933510106491,2.2805936548183,7.91904971403432
2023-04-24,899225,95,632106,54,267119,41,682919,56,3107715,627,3790634,683,0,11314,2,19684,11360,"East TN",2455501,25.901027936865,0.0766955419395732,27.8150976114447,3.86886423585248,7.66955419395732
2023-04-25,899318,93,632149,43,267169,50,682964,45,3108252,537,3791216,582,13,11327,3,19687,11360,"East TN",2455501,24.5978315626831,0.0724100327153762,23.7018840554331,3.78741446246611,7.24100327153762
2023-04-26,899414,96,632192,43,267222,53,683007,43,3108732,480,3791739,523,0,11327,2,19689,11361,"East TN",2455501,23.2539103018081,0.0732716650438169,21.2991157405352,3.90958912254566,7.32716650438169
2023-04-27,899534,120,632259,67,267275,53,683071,64,3109514,782,3792585,846,0,11327,0,19689,11362,"East TN",2455501,24.0276831489786,0.0718046912398277,34.4532541424337,4.88698640318208,7.18046912398277
2023-04-28,899608,74,632291,32,267317,42,683104,33,3110118,604,3793222,637,0,11327,2,19691,11362,"East TN",2455501,23.0910107550353,0.069171852561034,25.9417528235582,3.01364161529562,6.9171852561034
2023-04-29,899644,36,632308,17,267336,19,683121,17,3110420,302,3793541,319,0,11327,3,19694,11365,"East TN",2455501,23.2131854151149,0.0683478670751827,12.9912388551257,1.46609592095462,6.83478670751827
2023-04-30,899692,48,632342,34,267350,14,683156,35,3110855,435,3794011,470,1,11328,1,19695,11367,"East TN",2455501,22.8873863215694,0.0721674876847291,19.1406967457965,1.95479456127283,7.21674876847291
2023-05-01,899823,131,632416,74,267407,57,683223,67,3111668,813,3794891,880,2,11330,3,19698,11370,"East TN",2455501,24.353482242524,0.0714117923420249,35.8379002900019,5.3349601568071,7.14117923420249
2023-05-02,899912,89,632458,42,267454,47,683265,42,3112194,526,3795459,568,4,11334,1,19699,11372,"East TN",2455501,24.1905826957513,0.0709403723780344,23.1317356417285,3.62451491569338,7.09403723780344
2023-05-03,900005,93,632510,52,267495,41,683316,51,3112836,642,3796152,693,1,11335,1,19700,11375,"East TN",2455501,24.0684080356717,0.0700203942895989,28.2223464783765,3.78741446246611,7.00203942895989
2023-05-04,900103,98,632547,37,267556,61,683351,35,3113322,486,3796673,521,3,11338,2,19702,11375,"East TN",2455501,23.1724605284217,0.0684931506849315,21.2176659671489,3.99103889593203,6.84931506849315
2023-05-05,900190,87,632597,50,267593,37,683400,49,3113960,638,3797360,687,0,11338,3,19705,11375,"East TN",2455501,23.7018840554331,0.0715321411309812,27.9779971582174,3.54306514230701,7.15321411309812
2023-05-06,900241,51,632638,41,267603,10,683442,42,3114481,521,3797923,563,0,11338,0,19705,11375,"East TN",2455501,24.3127573558308,0.0732542218165221,22.9281112082626,2.07696922135238,7.32542218165221
2023-05-07,900269,28,632652,14,267617,14,683456,14,3114742,261,3798198,275,-1,11337,0,19705,11378,"East TN",2455501,23.4982596219672,0.0716503463100072,11.1993438406256,1.14029682740915,7.16503463100072
2023-05-08,900385,116,632710,58,267675,58,683517,61,3115171,429,3798688,490,0,11337,1,19706,11380,"East TN",2455501,22.8873863215694,0.0774295496444562,19.9551944796602,4.72408685640934,7.74295496444562
2023-05-09,900526,141,632782,72,267744,69,683590,73,3116058,887,3799648,960,1,11338,1,19707,11380,"East TN",2455501,25.005080429615,0.077584148961566,39.0958912254566,5.74220902373894,7.7584148961566
2023-05-10,900618,92,632829,47,267789,45,683639,49,3116638,580,3800277,629,2,11340,0,19707,11382,"East TN",2455501,24.9643555429218,0.0783030303030303,25.6159537300127,3.74668957577293,7.83030303030303
2023-05-11,900706,88,632870,41,267836,47,683680,41,3117036,398,3800716,439,7,11347,7,19714,11383,"East TN",2455501,24.55710667599,0.0813752164234479,17.8782252583078,3.58379002900019,8.13752164234479
2023-05-12,900799,93,632919,49,267880,44,683731,51,3117742,706,3801473,757,0,11347,4,19718,11383,"East TN",2455501,24.8014559961491,0.0804765378069536,30.8287392267403,3.78741446246611,8.04765378069536
2023-05-13,900825,26,632934,15,267891,11,683747,16,3117996,254,3801743,270,0,11347,0,19718,11384,"East TN",2455501,23.7833338288195,0.0798429319371728,10.9957194071597,1.05884705402278,7.98429319371728
2023-05-14,900850,25,632951,17,267899,8,683764,17,3118181,185,3801945,202,0,11347,0,19718,11384,"East TN",2455501,23.6611591687399,0.0821990926074193,8.22642711202317,1.0181221673296,8.21990926074193
2023-05-15,900991,141,633008,57,267983,84,683822,58,3118747,566,3802569,624,0,11347,1,19719,11384,"East TN",2455501,24.6792813360695,0.0785879927853646,25.4123292965468,5.74220902373894,7.85879927853646
2023-05-16,901058,67,633036,28,268022,39,683854,32,3119104,357,3802958,389,0,11347,2,19721,11384,"East TN",2455501,21.6656397207739,0.0797583081570997,15.8419809236486,2.72856740844333,7.97583081570997
2023-05-17,901148,90,633101,65,268047,25,683920,66,3119578,474,3803498,540,0,11347,1,19722,11384,"East TN",2455501,21.5841899473875,0.0872399875814964,21.9914388143194,3.66523980238656,8.72399875814964
2023-05-18,901211,63,633125,24,268086,39,683946,26,3119846,268,3803792,294,0,11347,1,19723,11385,"East TN",2455501,20.5660677800579,0.0864759427828349,11.9731166877961,2.56566786167059,8.64759427828348
2023-05-19,901325,114,633165,40,268160,74,683989,43,3120285,439,3804274,482,1,11348,5,19728,11386,"East TN",2455501,21.4212904006148,0.0921099607283113,19.6293953861147,4.64263708302298,9.21099607283113
2023-05-20,901348,23,633177,12,268171,11,684000,11,3120511,226,3804511,237,0,11348,1,19729,11388,"East TN",2455501,21.2991157405352,0.0914017341040462,9.65179814628461,0.936672393943232,9.14017341040462
2023-05-21,901362,14,633185,8,268177,6,684008,8,3120745,234,3804753,242,1,11349,0,19729,11389,"East TN",2455501,20.8511419869102,0.0868945868945869,9.85542257975053,0.570148413704576,8.68945868945869
2023-05-22,901435,73,633210,25,268225,48,684041,33,3121044,299,3805085,332,1,11350,2,19731,11389,"East TN",2455501,18.0818496917737,0.0870429252782194,13.5206623821371,2.97291672860243,8.70429252782194
2023-05-23,901492,57,633233,23,268259,34,684063,22,3121439,395,3805502,417,0,11350,5,19736,11390,"East TN",2455501,17.6746008248419,0.0821540880503145,16.9822777510577,2.32131854151149,8.21540880503145
2023-05-24,901594,102,633298,65,268296,37,684130,67,3121919,480,3806049,547,0,11350,0,19736,11390,"East TN",2455501,18.1632994651601,0.0823206585652685,22.2765130211716,4.15393844270477,8.23206585652685
2023-05-25,901671,77,633345,47,268326,30,684176,46,3122218,299,3806394,345,0,11350,1,19737,11390,"East TN",2455501,18.7334478788646,0.0883935434281322,14.0500859091485,3.13581627537517,8.83935434281322
2023-05-26,901743,72,633389,44,268354,28,684223,47,3122526,308,3806749,355,5,11355,1,19738,11392,"East TN",2455501,17.0230026377509,0.0945454545454545,14.4573347760803,2.93219184190925,9.45454545454546
2023-05-27,901762,19,633399,10,268363,9,684234,11,3122738,212,3806972,223,0,11355,0,19738,11392,"East TN",2455501,16.8601030909782,0.0950832994717594,9.08164973258003,0.773772847170496,9.50832994717594
2023-05-28,901791,29,633408,9,268383,20,684243,9,3122927,189,3807170,198,0,11355,0,19738,11392,"East TN",2455501,17.4709763913759,0.0972279685560612,8.06352756525043,1.18102171410234,9.72279685560612
2023-05-29,901813,22,633417,9,268396,13,684254,11,3123118,191,3807372,202,0,11355,3,19741,11392,"East TN",2455501,15.3940071700236,0.0931351114997814,8.22642711202317,0.895947507250048,9.31351114997814
2023-05-30,901904,91,633462,45,268442,46,684307,53,3123381,263,3807688,316,5,11360,0,19741,11393,"East TN",2455501,16.7786533175918,0.111619396157365,12.8690641950461,3.70596468907974,11.1619396157365
2023-05-31,902030,126,633527,65,268503,61,684376,69,3123751,370,3808127,439,0,11360,1,19742,11394,"East TN",2455501,17.7560505982282,0.118383060635226,17.8782252583078,5.13133572334118,11.8383060635226
2023-06-01,902100,70,633557,30,268543,40,684412,36,3124043,292,3808455,328,2,11362,0,19742,11394,"East TN",2455501,17.4709763913759,0.114507520621058,13.3577628353644,2.85074206852288,11.4507520621058
2023-06-02,902231,131,633628,71,268603,60,684488,76,3124365,322,3808853,398,0,11362,1,19743,11394,"East TN",2455501,19.8737447062738,0.125950570342205,16.2085049038872,5.3349601568071,12.5950570342205
2023-06-03,902264,33,633649,21,268615,12,684511,23,3124761,396,3809272,419,0,11362,0,19743,11394,"East TN",2455501,20.4438931199784,0.120434782608696,17.0637275244441,1.34392126087507,12.0434782608696
2023-06-04,902300,36,633672,23,268628,13,684536,25,3124958,197,3809494,222,0,11362,0,19743,11394,"East TN",2455501,20.7289673268307,0.126075731497418,9.04092484588685,1.46609592095462,12.6075731497418
2023-06-05,902384,84,633703,31,268681,53,684575,39,3125219,261,3809794,300,0,11362,2,19745,11396,"East TN",2455501,23.2539103018081,0.132535094962841,12.2174660079552,3.42089048222746,13.2535094962841
2023-06-06,902474,90,633737,34,268737,56,684611,36,3125540,321,3810151,357,3,11365,6,19751,11397,"East TN",2455501,23.2131854151149,0.123426715387739,14.5387845494667,3.66523980238656,12.3426715387739
2023-06-07,902552,78,633764,27,268788,51,684638,27,3125817,277,3810455,304,0,11365,0,19751,11398,"East TN",2455501,21.258390853842,0.11254295532646,12.3803655547279,3.17654116206835,11.254295532646
2023-06-08,902609,57,633787,23,268822,34,684665,27,3126066,249,3810731,276,1,11366,1,19752,11399,"East TN",2455501,20.7289673268307,0.11115992970123,11.2400687273188,2.32131854151149,11.115992970123
2023-06-09,902682,73,633809,22,268873,51,684690,25,3126433,367,3811123,392,0,11366,0,19752,11400,"East TN",2455501,18.366923898626,0.0889867841409692,15.9641555837281,2.97291672860243,8.89867841409692
2023-06-10,902693,11,633815,6,268878,5,684696,6,3126610,177,3811306,183,0,11366,0,19752,11401,"East TN",2455501,17.4709763913759,0.0909537856440511,7.45265426485267,0.447973753625024,9.09537856440511
2023-06-11,902720,27,633824,9,268896,18,684706,10,3126851,241,3811557,251,0,11366,0,19752,11402,"East TN",2455501,17.1044524111373,0.0824042656325739,10.2219465599892,1.09957194071597,8.24042656325739
2023-06-12,902779,59,633852,28,268927,31,684737,31,3127132,281,3811869,312,0,11366,1,19753,11403,"East TN",2455501,16.0863302438077,0.0780722891566265,12.7061646482734,2.40276831489786,7.80722891566265
2023-06-13,902863,84,633894,42,268969,42,684786,49,3127402,270,3812188,319,1,11367,0,19753,11403,"East TN",2455501,15.8419809236486,0.0859106529209622,12.9912388551257,3.42089048222746,8.59106529209622
2023-06-14,902946,83,633930,36,269016,47,684828,42,3127711,309,3812539,351,0,11367,1,19754,11404,"East TN",2455501,16.0456053571145,0.0911708253358925,14.2944352293076,3.38016559553427,9.11708253358925
2023-06-15,903000,54,633960,30,269040,24,684862,34,3127961,250,3812823,284,1,11368,2,19756,11404,"East TN",2455501,15.9234306970349,0.0941682600382409,11.5658678208643,2.19914388143194,9.41682600382409
2023-06-16,903070,70,633978,18,269092,52,684887,25,3128210,249,3813097,274,0,11368,0,19756,11404,"East TN",2455501,15.8012560369554,0.0997973657548126,11.1586189539324,2.85074206852288,9.97973657548126
2023-06-17,903086,16,633990,12,269096,4,684899,12,3128397,187,3813296,199,0,11368,0,19756,11404,"East TN",2455501,16.0048804704213,0.102010050251256,8.10425245194362,0.651598187090944,10.2010050251256
2023-06-18,903103,17,633998,8,269105,9,684907,8,3128546,149,3813453,157,0,11368,1,19757,11406,"East TN",2455501,15.5976316034895,0.106012658227848,6.39380721082989,0.692323073784128,10.6012658227848
2023-06-19,903172,69,634020,22,269152,47,684931,24,3128773,227,3813704,251,0,11368,0,19757,11406,"East TN",2455501,16.0048804704213,0.105722070844687,10.2219465599892,2.8100171818297,10.5722070844687
2023-06-20,903288,116,634066,46,269222,70,684976,45,3129086,313,3814062,358,4,11372,2,19759,11407,"East TN",2455501,17.3080768446032,0.101387406616862,14.5795094361599,4.72408685640934,10.1387406616862
2023-06-21,903358,70,634112,46,269246,24,685027,51,3129474,388,3814501,439,2,11374,1,19760,11408,"East TN",2455501,16.7786533175918,0.101427115188583,17.8782252583078,2.85074206852288,10.1427115188583
2023-06-22,903430,72,634154,42,269276,30,685078,51,3129703,229,3814781,280,0,11374,2,19762,11408,"East TN",2455501,17.5117012780691,0.110316649642492,11.4029682740915,2.93219184190925,11.0316649642492
2023-06-23,903497,67,634192,38,269305,29,685118,40,3129987,284,3815105,324,0,11374,1,19763,11408,"East TN",2455501,17.3895266179896,0.11503984063745,13.1948632885916,2.72856740844333,11.503984063745
2023-06-24,903527,30,634210,18,269317,12,685137,19,3130238,251,3815375,270,0,11374,1,19764,11408,"East TN",2455501,17.9596750316941,0.114478114478114,10.9957194071597,1.22174660079552,11.4478114478114
2023-06-25,903552,25,634221,11,269331,14,685149,12,3130415,177,3815564,189,0,11374,0,19764,11408,"East TN",2455501,18.2854741252396,0.114637612505921,7.69700358501178,1.0181221673296,11.4637612505921
2023-06-26,903621,69,634253,32,269368,37,685184,35,3130619,204,3815803,239,0,11374,0,19764,11409,"East TN",2455501,18.2854741252396,0.120533587422582,9.73324791967098,2.8100171818297,12.0533587422582
2023-06-27,903674,53,634275,22,269399,31,685209,25,3130813,194,3816022,219,0,11374,2,19766,11410,"East TN",2455501,15.719806263569,0.118877551020408,8.9187501858073,2.15841899473875,11.8877551020408
2023-06-28,903742,68,634314,39,269428,29,685251,42,3131154,341,3816405,383,0,11374,1,19767,11410,"East TN",2455501,15.6383564901827,0.117647058823529,15.5976316034895,2.76929229513651,11.7647058823529
2023-06-29,903798,56,634344,30,269454,26,685281,30,3131436,282,3816717,312,0,11374,3,19770,11410,"East TN",2455501,14.9867583030917,0.104855371900826,12.7061646482734,2.2805936548183,10.4855371900826
2023-06-30,903860,62,634376,32,269484,30,685315,34,3131682,246,3816997,280,0,11374,0,19770,11410,"East TN",2455501,14.7831338696258,0.104122621564482,11.4029682740915,2.52494297497741,10.4122621564482
2023-07-01,903886,26,634392,16,269494,10,685331,16,3131827,145,3817158,161,0,11374,0,19770,11410,"East TN",2455501,14.6202343228531,0.10880538418396,6.55670675760262,1.05884705402278,10.880538418396
2023-07-02,903904,18,634401,9,269503,9,685340,9,3131996,169,3817336,178,0,11374,0,19770,11410,"East TN",2455501,14.3351601160008,0.107787810383747,7.24902983138675,0.733047960477312,10.7787810383747
2023-07-03,903972,68,634432,31,269540,37,685381,41,3132189,193,3817570,234,0,11374,5,19775,11410,"East TN",2455501,14.2944352293076,0.111488398415393,9.52962348620506,2.76929229513651,11.1488398415393
2023-07-04,904007,35,634457,25,269550,10,685407,26,3132402,213,3817809,239,0,11374,3,19778,11410,"East TN",2455501,13.5613872688303,0.110800223838836,9.73324791967098,1.42537103426144,11.0800223838836
2023-07-05,904074,67,634489,32,269585,35,685445,38,3132664,262,3818109,300,4,11378,3,19781,11412,"East TN",2455501,13.5206623821371,0.113849765258216,12.2174660079552,2.72856740844333,11.3849765258216
2023-07-06,904136,62,634527,38,269609,24,685488,43,3132879,215,3818367,258,0,11378,0,19781,11412,"East TN",2455501,13.7650117022962,0.125454545454545,10.5070207668415,2.52494297497741,12.5454545454545
2023-07-07,904197,61,634559,32,269638,29,685522,34,3133121,242,3818643,276,0,11378,1,19782,11412,"East TN",2455501,13.724286815603,0.125759416767922,11.2400687273188,2.48421808828422,12.5759416767922
2023-07-08,904223,26,634571,12,269652,14,685534,12,3133283,162,3818817,174,0,11378,0,19782,11413,"East TN",2455501,13.724286815603,0.122362869198312,7.08613028461402,1.05884705402278,12.2362869198312
2023-07-09,904261,38,634591,20,269670,18,685554,20,3133495,212,3819049,232,0,11378,1,19783,11413,"East TN",2455501,14.5387845494667,0.124927028604787,9.44817371281869,1.54754569434099,12.4927028604787
2023-07-10,904351,90,634632,41,269719,49,685600,46,3133718,223,3819318,269,1,11379,4,19787,11413,"East TN",2455501,15.4347320567167,0.125286041189931,10.9549945204665,3.66523980238656,12.5286041189931
2023-07-11,904426,75,634681,49,269745,26,685646,46,3133978,260,3819624,306,0,11379,6,19793,11413,"East TN",2455501,17.0637275244441,0.13168044077135,12.4618153281143,3.0543665019888,13.168044077135
2023-07-12,904481,55,634711,30,269770,25,685675,29,3134224,246,3819899,275,0,11379,0,19793,11415,"East TN",2455501,16.5750288841259,0.128491620111732,11.1993438406256,2.23986876812512,12.8491620111732
2023-07-13,904585,104,634753,42,269832,62,685714,39,3134506,282,3820220,321,5,11384,0,19793,11415,"East TN",2455501,18.2854741252396,0.121964382083108,13.0726886285121,4.23538821609114,12.1964382083108
2023-07-14,904673,88,634793,40,269880,48,685754,40,3134757,251,3820511,291,0,11384,4,19797,11416,"East TN",2455501,19.3850460659556,0.124197002141328,11.8509420277165,3.58379002900019,12.4197002141328
2023-07-15,904710,37,634820,27,269890,10,685783,29,3134956,199,3820739,228,0,11384,1,19798,11417,"East TN",2455501,19.8330198195806,0.129552549427679,9.28527416604595,1.50682080764781,12.9552549427679
2023-07-16,904757,47,634845,25,269912,22,685807,24,3135125,169,3820932,193,0,11384,1,19799,11418,"East TN",2455501,20.1995437998193,0.134360063728093,7.85990313178451,1.91406967457965,13.4360063728093
2023-07-17,904866,109,634908,63,269958,46,685856,49,3135356,231,3821212,280,0,11384,3,19802,11419,"East TN",2455501,20.9733166469898,0.135163674762408,11.4029682740915,4.43901264955706,13.5163674762408
2023-07-18,904996,130,634985,77,270011,53,685933,77,3135812,456,3821745,533,1,11385,2,19804,11419,"East TN",2455501,23.2131854151149,0.135313531353135,21.7063646074671,5.29423527011392,13.5313531353135
2023-07-19,905105,109,635058,73,270047,36,686009,76,3136070,258,3822079,334,0,11385,1,19805,11421,"East TN",2455501,25.4123292965468,0.153211009174312,13.6021121555235,4.43901264955706,15.3211009174312
2023-07-20,905195,90,635112,54,270083,36,686061,52,3136267,197,3822328,249,0,11385,2,19807,11421,"East TN",2455501,24.8421808828422,0.1646110056926,10.1404967866028,3.66523980238656,16.46110056926
2023-07-21,905311,116,635176,64,270135,52,686127,66,3136521,254,3822648,320,0,11385,4,19811,11422,"East TN",2455501,25.9824777102514,0.174543752924661,13.0319637418189,4.72408685640934,17.4543752924661
2023-07-22,905336,25,635192,16,270144,9,686143,16,3136659,138,3822802,154,0,11385,0,19811,11422,"East TN",2455501,25.4937790699332,0.174503150751333,6.27163255075034,1.0181221673296,17.4503150751333
2023-07-23,905414,78,635236,44,270178,34,686186,43,3136872,213,3823058,256,0,11385,3,19814,11424,"East TN",2455501,26.7562505574219,0.17826904985889,10.4255709934551,3.17654116206835,17.826904985889
2023-07-24,905548,134,635311,75,270237,59,686259,73,3137094,222,3823353,295,2,11387,0,19814,11426,"East TN",2455501,27.7743727247515,0.188229799159271,12.0138415744893,5.45713481688666,18.8229799159271
2023-07-25,905686,138,635393,82,270293,56,686343,84,3137399,305,3823742,389,2,11389,2,19816,11427,"East TN",2455501,28.100171818297,0.205307961942914,15.8419809236486,5.62003436365939,20.5307961942914
2023-07-26,905836,150,635497,104,270339,46,686481,138,3137766,367,3824247,505,2,11391,0,19816,11427,"East TN",2455501,29.7698921727175,0.217712177121771,20.5660677800579,6.1087330039776,21.7712177121771
2023-07-27,905967,131,635556,59,270411,72,686539,58,3138037,271,3824576,329,0,11391,0,19816,11427,"East TN",2455501,31.439612527138,0.212633451957295,13.3984877220575,5.3349601568071,21.2633451957295
2023-07-28,906148,181,635648,92,270500,89,686633,94,3138419,382,3825052,476,0,11391,3,19819,11427,"East TN",2455501,34.086730162195,0.210482529118136,19.3850460659556,7.3712044914663,21.0482529118136
2023-07-29,906204,56,635678,30,270526,26,686664,31,3138607,188,3825271,219,0,11391,0,19819,11427,"East TN",2455501,35.3492016496837,0.211016605913325,8.9187501858073,2.2805936548183,21.1016605913325
2023-07-30,906289,85,635727,49,270562,36,686714,50,3138830,223,3825544,273,0,11391,2,19821,11427,"East TN",2455501,35.634275856536,0.212389380530973,11.1178940672392,3.46161536892064,21.2389380530973
2023-07-31,906467,178,635797,70,270670,108,686784,70,3139074,244,3825858,314,1,11392,4,19825,11428,"East TN",2455501,37.4261708710361,0.209580838323353,12.7876144216598,7.24902983138675,20.9580838323353
2023-08-01,906730,263,635946,149,270784,114,686933,149,3139409,335,3826342,484,1,11393,4,19829,11429,"East TN",2455501,42.5167817076841,0.226923076923077,19.7108451595011,10.7106452003074,22.6923076923077
2023-08-02,906900,170,636025,79,270875,91,687015,82,3139734,325,3826749,407,1,11394,4,19833,11429,"East TN",2455501,43.3312794415478,0.213429256594724,16.5750288841259,6.92323073784128,21.3429256594724
2023-08-03,907094,194,636133,108,270961,86,687126,111,3140030,296,3827156,407,0,11394,2,19835,11430,"East TN",2455501,45.8969473032184,0.227519379844961,16.5750288841259,7.9006280184777,22.7519379844961
2023-08-04,907327,233,636281,148,271046,85,687275,149,3140599,569,3827874,718,0,11394,1,19836,11430,"East TN",2455501,48.0146414112639,0.227498228206945,29.2404686457061,9.48889859951187,22.7498228206945
2023-08-05,907429,102,636345,64,271084,38,687342,67,3140868,269,3828210,336,0,11394,1,19837,11430,"East TN",2455501,49.8879861991504,0.230690711126233,13.6835619289098,4.15393844270477,23.0690711126233
2023-08-06,907518,89,636409,64,271109,25,687407,65,3141094,226,3828501,291,0,11394,1,19838,11430,"East TN",2455501,50.0508857459231,0.234359147784917,11.8509420277165,3.62451491569338,23.4359147784917
2023-08-07,907724,206,636518,109,271206,97,687516,109,3141374,280,3828890,389,1,11395,1,19839,11430,"East TN",2455501,51.1911825733323,0.241424802110818,15.8419809236486,8.3893266587959,24.1424802110818
2023-08-08,908013,289,636649,131,271364,158,687656,140,3141765,391,3829421,531,0,11395,6,19845,11433,"East TN",2455501,52.2500296273551,0.234816498863267,21.6249148340807,11.7694922543302,23.4816498863267
2023-08-09,908304,291,636820,171,271484,120,687832,176,3142283,518,3830115,694,1,11396,7,19852,11436,"East TN",2455501,57.1777409172303,0.242721330956625,28.2630713650697,11.8509420277165,24.2721330956625
2023-08-10,908511,207,636925,105,271586,102,687937,105,3142617,334,3830554,439,0,11396,5,19857,11436,"East TN",2455501,57.7071644442417,0.238669805768099,17.8782252583078,8.43005154548909,23.8669805768099
2023-08-11,908744,233,637053,128,271691,105,688075,138,3143033,416,3831108,554,0,11396,3,19860,11436,"East TN",2455501,57.7071644442417,0.247371675943105,22.5615872280239,9.48889859951187,24.7371675943105
2023-08-12,908879,135,637142,89,271737,46,688168,93,3143400,367,3831568,460,0,11396,1,19861,11438,"East TN",2455501,59.0510857051168,0.245979749851102,18.7334478788646,5.49785970357984,24.5979749851102
2023-08-13,908957,78,637199,57,271758,21,688226,58,3143623,223,3831849,281,0,11396,2,19863,11440,"East TN",2455501,58.6031119514918,0.244623655913978,11.4436931607847,3.17654116206835,24.4623655913978
2023-08-14,909289,332,637365,166,271924,166,688394,168,3144142,519,3832536,687,2,11398,4,19867,11442,"East TN",2455501,63.734447674833,0.240811848601207,27.9779971582174,13.5206623821371,24.0811848601207
2023-08-15,909646,357,637574,209,272072,148,688601,207,3144723,581,3833324,788,2,11400,3,19870,11444,"East TN",2455501,66.5037399699695,0.242121445042275,32.091210714229,14.5387845494667,24.2121445042275
2023-08-16,909927,281,637720,146,272207,135,688751,150,3145229,506,3833980,656,4,11404,1,19871,11446,"East TN",2455501,66.0964911030376,0.23777490297542,26.7155256707287,11.4436931607847,23.777490297542
2023-08-17,910219,292,637891,171,272328,121,688925,174,3145853,624,3834778,798,0,11404,3,19874,11451,"East TN",2455501,69.5581064719583,0.233901515151515,32.4984595811608,11.8916669144097,23.3901515151515
2023-08-18,910644,425,638137,246,272507,179,689177,252,3146692,839,3835869,1091,0,11404,1,19875,11451,"East TN",2455501,77.3772847170496,0.23146397815585,44.4308513822637,17.3080768446032,23.146397815585
2023-08-19,910851,207,638267,130,272584,77,689307,130,3147133,441,3836440,571,0,11404,7,19882,11451,"East TN",2455501,80.3094765589588,0.233784893267652,23.2539103018081,8.43005154548909,23.3784893267652
2023-08-20,911012,161,638354,87,272658,74,689396,89,3147462,329,3836858,418,0,11404,3,19885,11453,"East TN",2455501,83.6896421544931,0.233579556797764,17.0230026377509,6.55670675760262,23.3579556797764
2023-08-21,911468,456,638606,252,272862,204,689651,255,3148196,734,3837847,989,1,11405,0,19885,11457,"East TN",2455501,88.7395281044479,0.236678591602335,40.276912939559,18.5705483320919,23.6678591602335
2023-08-22,911957,489,638884,278,273073,211,689934,283,3149040,844,3838974,1127,1,11406,3,19888,11457,"East TN",2455501,94.1152131479482,0.235929203539823,45.8969473032184,19.914469592967,23.5929203539823
2023-08-23,912428,471,639165,281,273263,190,690215,281,3149985,945,3840200,1226,0,11406,2,19890,11459,"East TN",2455501,101.852941619653,0.235369774919614,49.9287110858436,19.1814216324897,23.5369774919614
2023-08-24,912982,554,639549,384,273433,170,690607,392,3151361,1376,3841968,1768,5,11411,3,19893,11461,"East TN",2455501,112.522861933267,0.233936022253129,72.0015996735493,22.5615872280239,23.3936022253129
2023-08-25,913400,418,639782,233,273618,185,690845,238,3152139,778,3842984,1016,0,11411,4,19897,11466,"East TN",2455501,112.237787726415,0.234434293745608,41.3764848802749,17.0230026377509,23.4434293745608
2023-08-26,913555,155,639872,90,273683,65,690937,92,3152550,411,3843487,503,0,11411,3,19900,11466,"East TN",2455501,110.12009361837,0.231304101035902,20.4846180066715,6.31235743744352,23.1304101035902
2023-08-27,913745,190,639973,101,273772,89,691042,105,3152971,421,3844013,526,0,11411,4,19904,11470,"East TN",2455501,111.301115332472,0.23004891684137,21.4212904006148,7.73772847170496,23.004891684137
2023-08-28,914228,483,640227,254,274001,229,691302,260,3153764,793,3845066,1053,1,11412,5,19909,11472,"East TN",2455501,112.400687273188,0.228702036293115,42.8833056879227,19.6701202728079,22.8702036293115
2023-08-29,914705,477,640502,275,274203,202,691574,272,3154742,978,3846316,1250,4,11416,5,19914,11472,"East TN",2455501,111.91198863287,0.223372378098611,50.90610836648,19.4257709526488,22.3372378098611
2023-08-30,915083,378,640697,195,274386,183,691770,196,3155558,816,3847328,1012,5,11421,1,19915,11473,"East TN",2455501,108.124574170404,0.218153759820426,41.2135853335022,15.3940071700236,21.8153759820426
2023-08-31,915596,513,640998,301,274598,212,692081,311,3156547,989,3848628,1300,0,11421,4,19919,11475,"East TN",2455501,106.454853815983,0.221321321321321,52.9423527011392,20.8918668736034,22.1321321321321
2023-09-01,915912,316,641184,186,274728,130,692267,186,3157362,815,3849629,1001,0,11421,2,19921,11475,"East TN",2455501,102.300915373278,0.213995485327314,40.7656115798772,12.8690641950461,21.3995485327314
2023-09-02,916089,177,641299,115,274790,62,692390,123,3157903,541,3850293,664,12,11433,1,19922,11477,"East TN",2455501,103.196862880528,0.213488098736409,27.0413247642742,7.20830494469357,21.3488098736409
2023-09-03,916229,140,641372,73,274857,67,692463,73,3158274,371,3850737,444,-1,11432,2,19924,11477,"East TN",2455501,101.160618545869,0.21133254015467,18.0818496917737,5.70148413704576,21.133254015467
2023-09-04,916385,156,641486,114,274899,42,692577,114,3158778,504,3851355,618,0,11432,3,19927,11477,"East TN",2455501,87.8435805971979,0.202734934011767,25.1679799763877,6.3530823241367,20.2734934011767
2023-09-05,916620,235,641618,132,275002,103,692706,129,3159341,563,3852047,692,3,11435,3,19930,11478,"East TN",2455501,77.9881580174474,0.197522247426278,28.1816215916833,9.57034837289824,19.7522247426278
2023-09-06,917094,474,641888,270,275206,204,692983,277,3160427,1086,3853410,1363,8,11443,4,19934,11478,"East TN",2455501,81.897747139993,0.199440973364025,55.5080205628098,19.3035962925692,19.9440973364025
2023-09-07,917550,456,642163,275,275387,181,693245,262,3161445,1018,3854690,1280,0,11443,3,19937,11481,"East TN",2455501,79.5764285984815,0.192015836357638,52.1278549672755,18.5705483320919,19.2015836357638
2023-09-08,917805,255,642288,125,275517,130,693368,123,3161961,516,3855329,639,0,11443,1,19938,11481,"East TN",2455501,77.0922105101973,0.193157894736842,26.0232025969446,10.3848461067619,19.3157894736842
2023-09-09,917805,0,642288,0,275517,0,693368,0,3161961,0,3855329,0,0,11443,0,19938,11481,"East TN",2455501,69.8839055655037,0.194201747418586,0,0,19.4201747418586
2023-09-10,917805,0,642288,0,275517,0,693368,0,3161961,0,3855329,0,0,11443,0,19938,11485,"East TN",2455501,64.182421428458,0.197081881533101,0,0,19.7081881533101
2023-09-11,918458,653,642607,319,275851,334,693702,334,3163594,1633,3857296,1967,1,11444,12,19950,11485,"East TN",2455501,84.4226901149704,0.189362060259216,80.1058521254929,26.5933510106491,18.9362060259216
2023-09-12,918776,318,642764,157,276012,161,693857,155,3164253,659,3858110,814,0,11444,3,19953,11486,"East TN",2455501,87.8028557105047,0.189840013194788,33.1500577682518,12.9505139684325,18.9840013194788
2023-09-13,919132,356,642989,225,276143,131,694080,223,3165267,1014,3859347,1237,9,11453,1,19954,11487,"East TN",2455501,82.997319080709,0.184773454606704,50.3766848394686,14.4980596627735,18.4773454606704
2023-09-14,919371,239,643096,107,276275,132,694189,109,3165864,597,3860053,706,0,11453,5,19959,11487,"East TN",2455501,74.1600186682881,0.176020883833675,28.7517700053879,9.73324791967098,17.6020883833675
2023-09-15,919588,217,643200,104,276388,113,694297,108,3166372,508,3860669,616,0,11453,6,19965,11491,"East TN",2455501,72.6124729739471,0.173970037453184,25.0865302030013,8.83730041242093,17.3970037453184
2023-09-16,919588,0,643200,0,276388,0,694297,0,3166372,0,3860669,0,0,11453,0,19965,11492,"East TN",2455501,72.6124729739471,0.173970037453184,0,0,17.3970037453184
2023-09-17,919805,217,643339,139,276466,78,694441,144,3167266,894,3861707,1038,0,11453,1,19966,11497,"East TN",2455501,81.449773386368,0.168234556287237,42.272432387525,8.83730041242093,16.8234556287237
2023-09-18,920030,225,643460,121,276570,104,694575,134,3167829,563,3862404,697,1,11454,2,19968,11498,"East TN",2455501,64.0195218816853,0.170908379013312,28.3852460251492,9.1630995059664,17.0908379013312
2023-09-19,920302,272,643609,149,276693,123,694744,169,3168651,822,3863395,991,0,11454,2,19970,11502,"East TN",2455501,62.1461770937988,0.167833491012299,40.3583627129453,11.077169180546,16.7833491012299
2023-09-20,920535,233,643737,128,276798,105,694871,127,3169364,713,3864235,840,0,11454,1,19971,11503,"East TN",2455501,57.1370160305371,0.161824877250409,34.2089048222746,9.48889859951187,16.1824877250409
2023-09-21,920870,335,643933,196,276937,139,695066,195,3170216,852,3865282,1047,0,11454,1,19972,11504,"East TN",2455501,61.0466051530828,0.167718493019698,42.6389563677636,13.6428370422166,16.7718493019698
2023-09-22,921026,156,644008,75,277018,81,695144,78,3170649,433,3865793,511,0,11454,3,19975,11504,"East TN",2455501,58.5623870647986,0.165300546448087,20.810417100217,6.3530823241367,16.5300546448087
2023-09-23,921026,0,644008,0,277018,0,695144,0,3170649,0,3865793,0,0,11454,0,19975,11504,"East TN",2455501,58.5623870647986,0.165300546448087,0,0,16.5300546448087
2023-09-24,921228,202,644131,123,277097,79,695274,130,3171519,870,3866793,1000,1,11455,6,19981,11509,"East TN",2455501,57.9515137644008,0.163782933543059,40.724886693184,8.22642711202317,16.3782933543059
2023-09-25,921526,298,644244,113,277282,185,695387,113,3171997,478,3867384,591,3,11458,2,19983,11511,"East TN",2455501,60.9244304930033,0.163052208835341,24.0684080356717,12.1360162345688,16.3052208835341
2023-09-26,921809,283,644396,152,277413,131,695545,158,3172642,645,3868187,803,4,11462,4,19987,11514,"East TN",2455501,61.3724042466283,0.167153589315526,32.7020840146267,11.5251429341711,16.7153589315526
2023-09-27,922118,309,644585,189,277533,120,695736,191,3173562,920,3869298,1111,7,11469,6,19993,11514,"East TN",2455501,64.4674956353103,0.170847323721114,45.2453491161274,12.5839899881939,17.0847323721114
2023-09-28,922311,193,644684,99,277627,94,695834,98,3174245,683,3870079,781,6,11475,0,19993,11518,"East TN",2455501,58.6845617248781,0.160100062539087,31.8061365073767,7.85990313178451,16.0100062539087
2023-09-29,922495,184,644775,91,277720,93,695927,93,3174769,524,3870696,617,0,11475,1,19994,11519,"East TN",2455501,59.8248585522873,0.159698143993473,25.1272550896945,7.49337915154586,15.9698143993473
2023-09-30,922495,0,644775,0,277720,0,695927,0,3174769,0,3870696,0,0,11475,0,19994,11523,"East TN",2455501,59.8248585522873,0.159698143993473,0,0,15.9698143993473
2023-10-01,922653,158,644882,107,277771,51,696042,115,3175542,773,3871584,888,0,11475,1,19995,11525,"East TN",2455501,58.0329635377872,0.160300563556669,36.1636993835474,6.43453209752307,16.0300563556669
2023-10-02,922931,278,645001,119,277930,159,696165,123,3176162,620,3872327,743,2,11477,5,20000,11525,"East TN",2455501,57.2184658039235,0.157394294962573,30.2585908130357,11.3215185007052,15.7394294962573
2023-10-03,923175,244,645125,124,278050,120,696290,125,3176727,565,3873017,690,2,11479,4,20004,11526,"East TN",2455501,55.6301952228893,0.154244306418219,28.100171818297,9.9368723531369,15.4244306418219
2023-10-04,923402,227,645248,123,278154,104,696418,128,3177388,661,3873806,789,10,11489,0,20004,11526,"East TN",2455501,52.2907545140483,0.151286601597161,32.1319356009222,9.24454927935277,15.1286601597161
2023-10-05,923661,259,645403,155,278258,104,696570,152,3178245,857,3874815,1009,0,11489,2,20006,11528,"East TN",2455501,54.9785970357984,0.155405405405405,41.0914106734227,10.5477456535347,15.5405405405405
2023-10-06,923823,162,645475,72,278348,90,696645,75,3178741,496,3875386,571,0,11489,8,20014,11529,"East TN",2455501,54.0826495285484,0.153091684434968,23.2539103018081,6.59743164429581,15.3091684434968
2023-10-07,923887,64,645523,48,278364,16,696694,49,3179063,322,3875757,371,0,11489,0,20014,11530,"East TN",2455501,56.6890422769121,0.15155107686228,15.1089329631713,2.60639274836378,15.155107686228
2023-10-08,923993,106,645591,68,278402,38,696765,71,3179443,380,3876208,451,1,11490,2,20016,11531,"East TN",2455501,54.5713481688666,0.156358131487889,18.366923898626,4.3168379894775,15.6358131487889
2023-10-09,924185,192,645679,88,278506,104,696856,91,3179879,436,3876735,527,0,11490,2,20018,11531,"East TN",2455501,51.0690079132527,0.156760435571688,21.462015287308,7.81917824509133,15.6760435571688
2023-10-10,924392,207,645775,96,278617,111,696956,100,3180496,617,3877452,717,0,11490,5,20023,11534,"East TN",2455501,49.5621871056049,0.150169109357384,29.1997437590129,8.43005154548909,15.0169109357384
2023-10-11,924582,190,645876,101,278706,89,697056,100,3181089,593,3878145,693,9,11499,2,20025,11536,"East TN",2455501,48.0553662979571,0.147038488130906,28.2223464783765,7.73772847170496,14.7038488130906
2023-10-12,924787,205,645997,121,278790,84,697180,124,3181745,656,3878925,780,0,11499,0,20025,11537,"East TN",2455501,45.8562224165252,0.148418491484185,31.7654116206835,8.34860177210272,14.8418491484185
2023-10-13,924969,182,646104,107,278865,75,697289,109,3182211,466,3879500,575,0,11499,2,20027,11540,"East TN",2455501,46.6707201503889,0.156538648517258,23.4168098485808,7.41192937815949,15.6538648517258
2023-10-14,925044,75,646159,55,278885,20,697346,57,3182537,326,3879883,383,0,11499,1,20028,11540,"East TN",2455501,47.1186939040139,0.158022297624818,15.5976316034895,3.0543665019888,15.8022297624818
2023-10-15,925119,75,646211,52,278908,23,697401,55,3182927,390,3880328,445,0,11499,1,20029,11540,"East TN",2455501,45.8562224165252,0.154368932038835,18.1225745784669,3.0543665019888,15.4368932038835
2023-10-16,925304,185,646319,108,278985,77,697511,110,3183398,471,3880909,581,0,11499,2,20031,11540,"East TN",2455501,45.5711482096729,0.156923814087207,23.6611591687399,7.53410403823904,15.6923814087207
2023-10-17,925476,172,646421,102,279055,70,697613,102,3184007,609,3881620,711,0,11499,5,20036,11542,"East TN",2455501,44.1457771754115,0.157629558541267,28.9553944388538,7.00468051122765,15.7629558541267
2023-10-18,925653,177,646536,115,279117,62,697727,114,3184628,621,3882355,735,0,11499,3,20039,11546,"East TN",2455501,43.6163536484001,0.15938242280285,29.9327917194902,7.20830494469357,15.938242280285
2023-10-19,925919,266,646685,149,279234,117,697881,154,3185451,823,3883332,977,7,11506,3,20042,11549,"East TN",2455501,46.1005717366843,0.159065123666894,39.7882142992408,10.8328198603869,15.9065123666894
2023-10-20,926099,180,646772,87,279327,93,697965,84,3185950,499,3883915,583,0,11506,0,20042,11550,"East TN",2455501,46.0191219632979,0.153114382785957,23.7426089421263,7.33047960477312,15.3114382785957
2023-10-21,926163,64,646815,43,279348,21,698010,45,3186258,308,3884268,353,0,11506,0,20042,11551,"East TN",2455501,45.5711482096729,0.151425313568985,14.375885002694,2.60639274836378,15.1425313568985
2023-10-22,926292,129,646900,85,279392,44,698098,88,3186932,674,3885030,762,1,11507,2,20044,11553,"East TN",2455501,47.7702920911048,0.148234793704806,31.0323636602062,5.25351038342074,14.8234793704806
2023-10-23,926530,238,646998,98,279532,140,698204,106,3187496,564,3885700,670,0,11507,4,20048,11553,"East TN",2455501,49.9287110858436,0.144646211646838,27.2856740844333,9.69252303297779,14.4646211646838
2023-10-24,926783,253,647158,160,279625,93,698367,163,3188194,698,3886561,861,0,11507,1,20049,11553,"East TN",2455501,53.2274269079915,0.152600688119814,35.0641274428314,10.3033963333756,15.2600688119814
2023-10-25,927022,239,647293,135,279729,104,698506,139,3188775,581,3887281,720,1,11508,4,20053,11555,"East TN",2455501,55.7523698829689,0.15814047909054,29.3219184190925,9.73324791967098,15.814047909054
2023-10-26,927330,308,647491,198,279839,110,698707,201,3189640,865,3888347,1066,1,11509,4,20057,11558,"East TN",2455501,57.4628151240826,0.164705882352941,43.4127292149341,12.5432651015007,16.4705882352941
2023-10-27,927584,254,647634,143,279950,111,698851,144,3190236,596,3889087,740,0,11509,4,20061,11558,"East TN",2455501,60.4764567393782,0.171307037896365,30.1364161529562,10.3441212200687,17.1307037896365
2023-10-28,927705,121,647689,55,280016,66,698909,58,3190589,353,3889498,411,0,11509,3,20064,11558,"East TN",2455501,62.7977752808897,0.17189292543021,16.7379284308986,4.92771128987526,17.189292543021
2023-10-29,927774,69,647721,32,280053,37,698942,33,3190882,293,3889824,326,0,11509,0,20064,11558,"East TN",2455501,60.3542820792987,0.176053400083438,13.276313061978,2.8100171818297,17.6053400083438
2023-10-30,928083,309,647882,161,280201,148,699107,165,3191423,541,3890530,706,9,11518,2,20066,11560,"East TN",2455501,63.2457490345148,0.18695652173913,28.7517700053879,12.5839899881939,18.695652173913
2023-10-31,928348,265,648034,152,280314,113,699264,157,3191991,568,3891255,725,4,11522,0,20066,11560,"East TN",2455501,63.734447674833,0.191095014912654,29.5255428525584,10.7920949736938,19.1095014912654
2023-11-01,928630,282,648221,187,280409,95,699452,188,3192806,815,3892258,1003,6,11528,2,20068,11560,"East TN",2455501,65.4856178026399,0.190074341973076,40.8470613532635,11.4844180474779,19.0074341973076
2023-11-02,928884,254,648343,122,280541,132,699575,123,3193377,571,3892952,694,0,11528,0,20068,11560,"East TN",2455501,63.2864739212079,0.188490770901194,28.2630713650697,10.3441212200687,18.8490770901194
2023-11-03,929145,261,648477,134,280668,127,699707,132,3194096,719,3893803,851,0,11528,4,20072,11560,"East TN",2455501,63.5715481280602,0.181509754028838,34.6568785758996,10.629195426921,18.1509754028838
2023-11-04,929268,123,648548,71,280720,52,699783,76,3194675,579,3894458,655,0,11528,0,20072,11560,"East TN",2455501,63.6529979014466,0.176209677419355,26.6748007840355,5.00916106326163,17.6209677419355
2023-11-05,929384,116,648608,60,280776,56,699845,62,3195105,430,3894950,492,0,11528,3,20075,11560,"East TN",2455501,65.5670675760262,0.176160749122123,20.0366442530465,4.72408685640934,17.6160749122123
2023-11-06,929657,273,648744,136,280913,137,699984,139,3195761,656,3895745,795,1,11529,4,20079,11560,"East TN",2455501,64.1009716550716,0.16816874400767,32.3762849210813,11.1178940672392,16.816874400767
2023-11-07,930017,360,648941,197,281076,163,700185,201,3196532,771,3896717,972,0,11529,4,20083,11560,"East TN",2455501,67.9698358909241,0.168619553277188,39.5845898657748,14.6609592095462,16.8619553277188
2023-11-08,930399,382,649151,210,281248,172,700395,210,3197430,898,3897825,1108,10,11539,5,20088,11560,"East TN",2455501,72.0423245602425,0.169391054427879,45.1231744560479,15.5569067167963,16.9391054427879
2023-11-09,930731,332,649334,183,281397,149,700580,185,3198275,845,3898855,1030,0,11539,1,20089,11560,"East TN",2455501,75.2188657223108,0.170252414026766,41.9466332939795,13.5206623821371,17.0252414026766
2023-11-10,930928,197,649446,112,281482,85,700696,116,3198925,650,3899621,766,0,11539,0,20089,11560,"East TN",2455501,72.6124729739471,0.169989687177724,31.1952632069789,8.02280267855725,16.9989687177724
2023-11-11,931048,120,649523,77,281525,43,700774,78,3199321,396,3900095,474,0,11539,1,20090,11560,"East TN",2455501,72.4902983138675,0.175802731949619,19.3035962925692,4.88698640318208,17.5802731949619
2023-11-12,931217,169,649634,111,281583,58,700885,111,3200027,706,3900912,817,0,11539,2,20092,11560,"East TN",2455501,74.6487173086063,0.174438108017444,33.2722324283313,6.8825058511481,17.4438108017444
2023-11-13,931630,413,649912,278,281718,135,701175,290,3201114,1087,3902289,1377,0,11539,2,20094,11560,"East TN",2455501,80.350201445652,0.181998777506112,56.0781689765144,16.819378204285,18.1998777506112
2023-11-14,932031,401,650152,240,281879,161,701413,238,3202031,917,3903444,1155,0,11539,4,20098,11560,"East TN",2455501,82.0199218000726,0.182547941132749,47.0372441306275,16.3306795639668,18.2547941132749
2023-11-15,932345,314,650331,179,282014,135,701594,181,3202906,875,3904500,1056,19,11558,0,20098,11560,"East TN",2455501,79.2506295049361,0.179625468164794,43.0054803480023,12.7876144216598,17.9625468164794
2023-11-16,932594,249,650473,142,282121,107,701742,148,3203722,816,3905464,964,0,11558,0,20098,11560,"East TN",2455501,75.8704639094018,0.175820850355576,39.2587907722294,10.1404967866028,17.5820850355576
2023-11-17,932953,359,650752,279,282201,80,702022,280,3205037,1315,3907059,1595,7,11565,2,20100,11560,"East TN",2455501,82.4678955536976,0.178273729497177,64.9561942756285,14.6202343228531,17.8273729497177
2023-11-18,933102,149,650859,107,282243,42,702135,113,3205611,574,3907746,687,0,11565,0,20100,11560,"East TN",2455501,83.6489172677999,0.177885243758986,27.9779971582174,6.06800811728442,17.7885243758986
