"DATE","TOTAL_CASES","NEW_CASES","TOTAL_CONFIRMED","NEW_CONFIRMED","TOTAL_PROBABLE","NEW_PROBABLE","POS_TESTS","NEW_POS_TESTS","NEG_TESTS","NEW_NEG_TESTS","TOTAL_TESTS","NEW_TESTS","NEW_DEATHS","TOTAL_DEATHS","NEW_ACTIVE","TOTAL_ACTIVE","NEW_INACTIVE_RECOVERED","TOTAL_INACTIVE_RECOVERED","NEW_HOSPITALIZED","TOTAL_HOSPITALIZED","TOTAL_DEATHS_BY_DOD","Region","Population","New_cases_per_100k_per_week","PositivityRate_per_week","Tests_per_100k","New_cases_per_100k","Active_cases_per_100k","PositivityPercentage_per_week"
2021-11-11,79582,71,63255,44,16327,27,69131,50,458149,962,527280,1012,0,940,1,621,70,78021,0,2060,940,"Knox County",470313,NA,NA,215.175850975839,15.0963294656962,132.039726735174,NA
2021-11-10,79511,77,63211,52,16300,25,69081,70,457187,855,526268,925,1,940,8,620,68,77951,2,2060,940,"Knox County",470313,NA,NA,196.677531771395,16.3720756177269,131.827102376502,NA
2021-11-09,79434,107,63159,77,16275,30,69011,134,456332,1174,525343,1308,1,939,32,612,74,77883,1,2058,940,"Knox County",470313,NA,NA,278.112661142686,22.7508063778803,130.126107507128,NA
2021-11-08,79327,77,63082,58,16245,19,68877,71,455158,687,524035,758,6,938,-8,580,79,77809,1,2057,939,"Knox County",470313,NA,NA,161.169263873208,16.3720756177269,123.322128029631,NA
2021-11-07,79250,31,63024,20,16226,11,68806,23,454471,390,523277,413,0,932,-19,588,50,77730,1,2056,937,"Knox County",470313,NA,NA,87.8138601314444,6.59135511882512,125.023122899006,NA
2021-11-06,79219,41,63004,27,16215,14,68783,30,454081,453,522864,483,0,932,-2,607,43,77680,2,2055,935,"Knox County",470313,NA,NA,102.697565238469,8.7175987055429,129.062985713769,NA
2021-11-05,79178,52,62977,30,16201,22,68753,36,453628,605,522381,641,0,932,-25,609,77,77637,2,2053,934,"Knox County",470313,96.9567075543308,0.0747292418772563,136.29221390861,11.0564666509325,129.488234431113,7.47292418772563
2021-11-04,79126,68,62947,45,16179,23,68717,49,453023,668,521740,717,0,932,0,634,68,77560,1,2051,934,"Knox County",470313,96.3188344783155,0.0787416587225929,152.451665167665,14.4584563896809,134.803843397907,7.87416587225929
2021-11-03,79058,80,62902,60,16156,20,68668,66,452355,969,521023,1035,0,932,-1,634,81,77492,2,2050,933,"Knox County",470313,96.9567075543308,0.0763772175536881,220.06621122529,17.0099486937423,134.803843397907,7.63772175536881
2021-11-02,78978,41,62842,19,16136,22,68602,21,451386,301,519988,322,4,932,-51,635,88,77411,1,2048,933,"Knox County",470313,82.9234998819935,0.0677500572213321,68.4650434923126,8.7175987055429,135.016467756579,6.77500572213321
2021-11-01,78937,95,62823,70,16114,25,68581,82,451085,661,519666,743,1,928,-21,686,115,77323,3,2047,932,"Knox County",470313,86.7507383380855,0.0705098759761139,157.979898493131,20.1993140738189,145.86031004884,7.05098759761139
2021-10-31,78842,26,62753,19,16089,7,68499,19,450424,278,518923,297,0,927,-43,707,69,77208,1,2044,931,"Knox County",470313,85.6876165447266,0.0714959886739028,63.1494345255181,5.52823332546623,150.325421580947,7.14959886739028
2021-10-30,78816,55,62734,39,16082,16,68480,43,450146,522,518626,565,0,927,-24,750,79,77139,4,2043,931,"Knox County",470313,88.6643575661315,0.0731481481481481,120.132762649555,11.6943397269478,159.468269003834,7.31481481481481
2021-10-29,78761,73,62695,59,16066,14,68437,66,449624,846,518061,912,1,927,-34,774,106,77060,1,2039,931,"Knox County",470313,93.1294690982388,0.0753648442605097,193.913415108662,15.5215781830398,164.571253611956,7.53648442605097
2021-10-28,78688,54,62636,32,16052,22,68371,39,448778,561,517149,600,4,926,-51,808,101,76954,3,2038,930,"Knox County",470313,90.1527280768339,0.0751005811354493,127.574615203067,11.481715368276,171.800481806797,7.51005811354493
2021-10-27,78634,88,62604,56,16030,32,68332,65,448217,759,516549,824,1,922,-29,859,116,76853,3,2035,929,"Knox County",470313,91.8537229462082,0.0785831574008914,175.202471545545,18.7109435631165,182.644324099057,7.85831574008914
2021-10-26,78546,97,62548,57,15998,40,68267,55,447458,554,515725,609,0,921,-16,888,113,76737,4,2032,926,"Knox County",470313,103.760687031828,0.0810989010989011,129.488234431113,20.6245627911625,188.810430500539,8.10989010989011
2021-10-25,78449,71,62491,47,15958,24,68212,54,446904,491,515116,545,6,921,-69,904,134,76624,3,2028,925,"Knox County",470313,98.6577024237051,0.0783547794117647,115.880275476119,15.0963294656962,192.212420239287,7.83547794117647
2021-10-24,78378,37,62444,19,15934,18,68158,22,446413,337,514571,359,1,915,-71,973,107,76490,4,2025,924,"Knox County",470313,100.996570369095,0.0779338468509289,76.3321447631684,7.86710127085579,206.88350098764,7.79338468509289
2021-10-23,78341,59,62425,40,15916,19,68136,42,446076,471,514212,513,0,914,-17,1044,76,76383,1,2021,922,"Knox County",470313,101.847067803782,0.0786336542870243,109.076295998622,12.5448371616349,221.979830453336,7.86336542870243
2021-10-22,78282,91,62385,54,15897,37,68094,55,445605,551,513699,606,0,914,-69,1061,160,76307,2,2020,920,"Knox County",470313,105.674306259874,0.0818540433925049,128.850361355098,19.3488166391318,225.594444550757,8.18540433925049
2021-10-21,78191,124,62331,69,15860,55,68039,78,445054,712,513093,790,3,914,-23,1130,144,76147,2,2018,918,"Knox County",470313,120.558011366898,0.0873763542157324,167.973243350705,26.3654204753005,240.265525299109,8.73763542157324
2021-10-20,78067,150,62262,82,15805,68,67961,90,444342,959,512303,1049,3,911,-45,1153,192,76003,3,2016,917,"Knox County",470313,133.740721604548,0.088570789532543,223.042952246695,31.8936538007667,245.15588554856,8.85707895325431
2021-10-19,77917,131,62180,85,15737,46,67871,92,443383,724,511254,816,4,908,-41,1198,168,75811,4,2013,916,"Knox County",470313,140.969949799389,0.0925609234715691,173.501476676171,27.8537909860029,254.72398168879,9.2560923471569
2021-10-18,77786,121,62095,90,15691,31,67779,106,442659,607,510438,713,9,904,-73,1239,185,75643,8,2009,914,"Knox County",470313,151.601167732978,0.10008254230293,151.601167732978,25.7275473992852,263.441580394333,10.008254230293
2021-10-17,77665,61,62005,54,15660,7,67673,61,442052,303,509725,364,1,895,-67,1312,127,75458,4,2001,912,"Knox County",470313,156.7041523411,0.108018965161822,77.3952665565272,12.9700858789785,278.963158577373,10.8018965161822
2021-10-16,77604,54,61951,40,15653,14,67612,44,441749,372,509361,416,0,894,-84,1379,138,75331,1,1997,911,"Knox County",470313,155.641030547742,0.110643668489693,88.4517332074597,11.481715368276,293.208990608382,11.0643668489693
2021-10-15,77550,125,61911,87,15639,38,67568,100,441377,794,508945,894,9,894,-75,1463,191,75193,5,1996,907,"Knox County",470313,162.870258742582,0.113248710829036,190.08617665257,26.5780448339723,311.069436736811,11.3248710829036
2021-10-14,77425,193,61824,134,15601,59,67468,144,440583,699,508051,843,0,885,8,1538,185,75002,7,1991,905,"Knox County",470313,177.541339490935,0.125024533856722,179.242334360309,41.0365012236532,327.016263637195,12.5024533856722
2021-10-13,77232,120,61690,86,15542,34,67324,98,439884,764,507208,862,7,885,-80,1530,193,74817,5,1984,901,"Knox County",470313,171.162608730781,0.131418092909535,183.282197175073,25.5149230406134,325.315268767821,13.1418092909535
2021-10-12,77112,137,61604,104,15508,33,67226,109,439120,821,506346,930,4,878,-78,1610,211,74624,3,1979,900,"Knox County",470313,172.438354882812,0.131819992035046,197.740653564754,29.1295371380336,342.325217461563,13.1819992035046
2021-10-11,76975,192,61500,135,15475,57,67117,149,438299,581,505416,730,3,874,-84,1688,273,74413,11,1976,894,"Knox County",470313,187.534684348508,0.139908712046041,155.215781830398,40.8238768649814,358.909917437962,13.9908712046041
2021-10-10,76783,54,61365,41,15418,13,66968,51,437718,489,504686,540,0,871,-89,1772,143,74140,4,1965,893,"Knox County",470313,186.046313837806,0.13326941514861,114.81715368276,11.481715368276,376.770363566391,13.326941514861
2021-10-09,76729,65,61324,34,15405,31,66917,48,437229,490,504146,538,0,871,-67,1861,132,73997,7,1961,891,"Knox County",470313,188.385181783195,0.1309724564362,114.391904965417,13.8205833136656,395.693931488179,13.09724564362
2021-10-08,76664,290,61290,112,15374,178,66869,122,436739,936,503608,1058,-1,871,77,1928,214,73865,5,1954,889,"Knox County",470313,223.468200964039,0.131067078712961,224.956571474741,61.6610640148157,409.939763519188,13.1067078712961
2021-10-07,76374,259,61178,169,15196,90,66747,176,435803,1106,502550,1282,6,872,-10,1851,263,73651,9,1949,886,"Knox County",470313,237.501408636376,0.126767676767677,272.58442781722,55.0697088959905,393.567687901461,12.6767676767677
2021-10-06,76115,139,61009,103,15106,36,66571,112,434697,835,501268,947,1,866,-120,1861,258,73388,4,1940,885,"Knox County",470313,241.54127145114,0.127302904564315,201.355267662174,29.5547858553772,395.693931488179,12.7302904564315
2021-10-05,75976,210,60906,116,15070,94,66459,138,433862,915,500321,1053,3,865,-73,1981,280,73130,4,1936,880,"Knox County",470313,257.06284963418,0.129472999349382,223.893449681382,44.6511153210734,421.208854528793,12.9472999349382
2021-10-04,75766,317,60790,225,14976,92,66321,246,432947,829,499268,1075,3,862,-14,2054,328,72850,4,1932,877,"Knox County",470313,283.640894468152,0.137532727552749,228.571185572162,67.4019216989537,436.730432711832,13.7532727552749
2021-10-03,75449,101,60565,92,14884,9,66075,107,432118,678,498193,785,1,859,-66,2068,166,72522,6,1928,876,"Knox County",470313,293.634239325726,0.140842980112793,166.910121557346,21.4750602258496,439.707173733237,14.0842980112793
2021-10-02,75348,68,60473,43,14875,25,65968,50,431440,472,497408,522,5,858,-143,2134,206,72356,2,1922,875,"Knox County",470313,294.272112401741,0.141475751264505,110.989915226668,14.4584563896809,453.740381405575,14.1475751264505
2021-10-01,75280,224,60430,150,14850,74,65918,167,430968,965,496886,1132,0,853,-82,2277,306,72150,9,1920,873,"Knox County",470313,280.238904729404,0.146556798116539,240.690774016453,47.6278563424783,484.145664695639,14.6556798116539
2021-09-30,75056,240,60280,166,14776,74,65751,186,430003,1104,495754,1290,1,853,-114,2359,353,71844,8,1911,871,"Knox County",470313,276.19904191464,0.147854203409759,274.285422686594,51.0298460812268,501.580862106725,14.7854203409759
2021-09-29,74816,362,60114,170,14702,192,65565,192,428899,1111,494464,1303,6,852,-98,2473,454,71491,7,1903,869,"Knox County",470313,323.614273898446,0.151675977653631,277.049539349327,76.9700178391837,525.820038995307,15.1675977653631
2021-09-28,74454,349,59944,247,14510,102,65373,270,427788,778,493161,1048,2,846,-69,2571,416,71037,1,1896,866,"Knox County",470313,353.169059753823,0.170230607966457,222.830327888024,74.2059011764506,546.657226145142,17.0230607966457
2021-09-27,74105,240,59697,162,14408,78,65103,186,427010,760,492113,946,7,844,-299,2640,532,70621,12,1895,864,"Knox County",470313,336.796984136097,0.164816396242528,201.142643303502,51.0298460812268,561.328306893494,16.4816396242528
2021-09-26,73865,124,59535,99,14330,25,64917,117,426250,703,491167,820,2,837,-159,2939,281,70089,0,1883,858,"Knox County",470313,341.687344385547,0.165415663503753,174.351974110858,26.3654204753005,624.902990136356,16.5415663503753
2021-09-25,73741,111,59436,90,14305,21,64800,102,425547,705,490347,807,0,835,-184,3098,295,69808,3,1883,854,"Knox County",470313,350.830191808434,0.166076776476994,171.587857448125,23.6013038125674,658.710263165169,16.6076776476994
2021-09-24,73630,242,59346,163,14284,79,64698,182,424842,939,489540,1121,13,835,-283,3282,512,69513,5,1880,849,"Knox County",470313,354.657430264526,0.168370824812543,238.351906071063,51.4550947985703,697.833145160776,16.8370824812543
2021-09-23,73388,355,59183,244,14205,111,64516,268,423903,1371,488419,1639,14,822,-245,3565,586,69001,8,1875,846,"Knox County",470313,379.10923151178,0.171395106715252,348.491323863044,75.4816473284812,758.005838664889,17.1395106715252
2021-09-22,73033,252,58939,187,14094,65,64248,202,422532,1261,486780,1463,3,808,-358,3810,607,68415,4,1867,843,"Knox County",470313,355.720552057885,0.169173890872004,311.069436736811,53.5813383852881,810.098806539475,16.9173890872004
2021-09-21,72781,397,58752,216,14029,181,64046,230,421271,996,485317,1226,10,805,-391,4168,778,67808,7,1863,835,"Knox County",470313,365.92652127413,0.160433807030666,260.6774637316,84.4118703926959,886.218326943971,16.0433807030666
2021-09-20,72384,435,58536,312,13848,123,63816,345,420275,1295,484091,1640,5,795,118,4559,312,67030,9,1856,831,"Knox County",470313,407.388271215127,0.16590178981184,348.703948221716,92.4915960222235,969.354451184637,16.590178981184
2021-09-19,71949,120,58224,86,13725,34,63471,97,418980,432,482451,529,1,790,-189,4441,308,66718,7,1847,824,"Knox County",470313,406.53777378044,0.169258160237389,112.478285737371,25.5149230406134,944.264776861367,16.9258160237389
2021-09-18,71829,226,58138,183,13691,43,63374,197,418548,1075,481922,1272,0,789,-91,4630,317,66410,7,1840,816,"Knox County",470313,430.989575027694,0.171091113610799,270.458184230502,48.0531050598219,984.450780650333,17.1091113610799
2021-09-17,71603,547,57955,421,13648,126,63177,451,417473,1310,480650,1761,5,789,17,4721,525,66093,12,1833,804,"Knox County",470313,495.840004422587,0.187827911857293,374.431495621001,116.305524193463,1003.79959728946,18.7827911857293
2021-09-16,71056,589,57534,455,13522,134,62726,487,416163,1518,478889,2005,7,784,3,4704,579,65568,16,1821,799,"Knox County",470313,545.594104351783,0.203011317704123,426.311839136915,125.235747257677,1000.18498319204,20.3011317704123
2021-09-15,70467,338,57079,249,13388,89,62239,267,414645,808,476884,1075,6,777,-320,4701,652,64989,5,1805,797,"Knox County",470313,563.879799197556,0.218132099284813,228.571185572162,71.867033231061,999.547110116029,21.8132099284813
2021-09-14,70129,555,56830,441,13299,114,61972,476,413837,1406,475809,1882,12,771,-145,5021,688,64337,8,1800,793,"Knox County",470313,597.474447867697,0.228256591892956,400.159043020287,118.006519062837,1067.586904891,22.8256591892956
2021-09-13,69574,400,56389,300,13185,100,61496,333,412431,1134,473927,1467,20,759,-385,5166,765,63649,15,1792,790,"Knox County",470313,590.032595314184,0.231007907116405,311.919934171499,85.0497434687113,1098.41743689841,23.1007907116405
2021-09-12,69174,387,56089,358,13085,29,61163,377,411297,1460,472460,1837,0,739,110,5551,277,62884,4,1777,782,"Knox County",470313,646.803299079549,0.229046818302505,390.590946880056,82.2856268059781,1180.27781498704,22.9046818302505
2021-09-11,68787,866,55731,706,13056,160,60786,763,409837,2621,470623,3384,4,739,521,5441,341,62607,23,1773,774,"Knox County",470313,782.882888629487,0.235180076056968,719.520829745297,184.13269460976,1156.88913553315,23.5180076056968
2021-09-10,67921,1026,55025,749,12896,277,60023,802,407216,2513,467239,3315,1,735,476,4920,549,62266,20,1750,764,"Knox County",470313,884.729956433269,0.234213164049449,704.849748996945,218.152591997244,1046.11184466515,23.4213164049449
2021-09-09,66895,310,54276,166,12619,144,59221,172,404703,685,463924,857,1,734,-385,4444,694,61717,16,1730,757,"Knox County",470313,825.407760363843,0.230875009046826,182.219075381714,65.9135511882512,944.902649937382,23.0875009046826
2021-09-08,66585,289,54110,225,12475,64,59049,251,404018,837,463067,1088,5,733,-437,4829,721,61023,10,1714,753,"Knox County",470313,814.989166788926,0.229501084598698,231.335302234895,61.4484396561439,1026.76302802602,22.9501084598698
2021-09-07,66296,416,53885,299,12411,117,58798,311,403181,979,461979,1290,3,728,-205,5266,618,60302,12,1704,750,"Knox County",470313,785.434380933548,0.227300196404291,274.285422686594,88.4517332074597,1119.67987276558,22.7300196404291
2021-09-06,65880,989,53586,788,12294,201,58487,842,402202,3221,460689,4063,1,725,365,5471,623,59684,17,1692,749,"Knox County",470313,910.670128191226,0.222180118731843,863.892769283435,210.285490726389,1163.2678662933,22.2180118731843
2021-09-05,64891,968,52798,799,12093,169,57645,835,398981,2999,456626,3834,2,724,634,5106,332,59061,14,1675,746,"Knox County",470313,1034.20488057953,0.222982446301385,815.201791147597,205.820379194281,1085.6599753781,22.2982446301385
2021-09-04,63923,543,51999,385,11924,158,56810,409,395982,1502,452792,1911,2,722,235,4472,306,58729,10,1661,742,"Knox County",470313,965.527212728545,0.221420711578433,406.325149421768,115.455026758776,950.856131980192,22.1420711578433
2021-09-03,63380,334,51614,232,11766,102,56401,249,394480,909,450881,1158,5,720,-139,4237,468,58423,8,1651,738,"Knox County",470313,818.391156527674,0.216111541440744,246.219007341919,71.0165357963739,900.889407692324,21.6111541440744
2021-09-02,63046,323,51382,178,11664,145,56152,200,393571,681,449723,881,3,715,-154,4376,474,57955,5,1643,734,"Knox County",470313,821.155273190407,0.217715289982425,187.322059989837,68.6776678509843,930.444193547701,21.7715289982425
2021-09-01,62723,276,51204,211,11519,65,55952,226,392890,645,448842,871,3,712,-122,4530,395,57481,2,1638,731,"Knox County",470313,818.391156527674,0.219303255282696,185.195816403119,58.6843229934108,963.188344783155,21.9303255282696
2021-08-31,62447,596,50993,431,11454,165,55726,479,392245,1894,447971,2373,2,709,189,4652,405,57086,8,1636,729,"Knox County",470313,856.663541088594,0.214697501822278,504.55760312813,126.72411776838,989.128516541112,21.4697501822278
2021-08-30,61851,513,50562,401,11289,112,55247,430,390351,1630,445598,2060,9,707,101,4463,403,56681,11,1628,726,"Knox County",470313,755.454346360828,0.216075794621027,438.006178863863,109.076295998622,948.942512752146,21.6075794621027
2021-08-29,61338,483,50161,406,11177,77,54817,439,388721,1485,443538,1924,1,698,257,4362,225,56278,5,1617,720,"Knox County",470313,652.331532405015,0.217570227232063,409.089266084501,102.697565238469,927.467452526296,21.7570227232063
2021-08-28,60855,398,49755,301,11100,97,54378,320,387236,1065,441614,1385,0,697,192,4105,206,56053,4,1612,714,"Knox County",470313,621.501000397608,0.219958693203154,294.484736760413,84.6244947513677,872.822992347649,21.9958693203154
2021-08-27,60457,473,49454,369,11003,104,54058,389,386171,1166,440229,1555,5,697,196,3913,272,55847,4,1608,711,"Knox County",470313,651.055786252985,0.224726219567382,330.630877734615,100.571321651751,831.999115482668,22.4726219567382
2021-08-26,59984,449,49085,347,10899,102,53669,367,385005,1426,438674,1793,5,692,155,3717,289,55575,0,1604,710,"Knox County",470313,677.846455445629,0.221553381824262,381.235475098498,95.4683370436284,790.324741182999,22.1553381824262
2021-08-25,59535,351,48738,222,10797,129,53302,237,383579,642,436881,879,2,687,90,3562,259,55286,4,1604,706,"Knox County",470313,693.793282346012,0.222324337872838,186.896811272493,74.6311498937941,757.367965588874,22.2324337872838
2021-08-24,59184,342,48516,222,10668,120,53065,236,382937,677,436002,913,4,685,77,3472,261,55027,5,1600,697,"Knox County",470313,639.78669524338,0.230088495575221,194.126039467333,72.7175306657481,738.231773308414,23.0088495575221
2021-08-23,58842,287,48294,205,10548,82,52829,227,382260,825,435089,1052,1,681,29,3395,257,54766,1,1595,697,"Knox County",470313,591.733590183559,0.233133354383749,223.680825322711,61.0231909388003,721.859697690687,23.3133354383749
2021-08-22,58555,240,48089,217,10466,23,52602,233,381435,889,434037,1122,2,680,69,3366,169,54509,0,1594,694,"Knox County",470313,540.065871026316,0.230946085756984,238.564530429735,51.0298460812268,715.693591289205,23.0946085756984
2021-08-21,58315,496,47872,370,10443,126,52369,411,380546,1905,432915,2316,0,678,381,3297,115,54340,8,1594,692,"Knox County",470313,560.903058176151,0.218068535825545,492.438014683838,105.461681901202,701.022510540853,21.8068535825545
2021-08-20,57819,424,47502,329,10317,95,51958,357,378641,1148,430599,1505,0,678,231,2916,193,54225,6,1586,690,"Knox County",470313,550.484464601234,0.215866388308977,319.999659801026,90.1527280768339,620.012629886905,21.5866388308977
2021-08-19,57395,368,47173,252,10222,116,51601,264,377493,952,429094,1216,1,678,203,2685,164,54032,6,1580,687,"Knox County",470313,533.26189154882,0.218260579806731,258.551220144882,78.2457639912144,570.896403033724,21.8260579806731
2021-08-18,57027,263,46921,185,10106,78,51337,200,376541,914,427878,1114,2,677,97,2482,164,53868,5,1574,687,"Knox County",470313,514.550947985703,0.208703182507036,236.863535560361,55.9202063306777,527.733658223353,20.8703182507036
2021-08-17,56764,263,46736,179,10028,84,51137,196,375627,1042,426764,1238,0,675,102,2385,161,53704,5,1569,687,"Knox County",470313,497.753623650633,0.197427585485726,263.228956035661,55.9202063306777,507.109095432191,19.7427585485726
2021-08-16,56501,185,46557,125,9944,60,50941,132,374585,422,425526,554,2,675,-25,2283,208,53543,5,1564,684,"Knox County",470313,476.065939066111,0.197793712079426,117.793894704165,39.335506354279,485.42141084767,19.7793712079426
2021-08-15,56316,204,46432,181,9884,23,50809,199,374163,953,424972,1152,3,673,80,2308,121,53335,6,1559,684,"Knox County",470313,468.411462153927,0.193402968664101,244.943261189888,43.3753691690427,490.737019814464,19.3402968664101
2021-08-14,56112,219,46251,145,9861,74,50610,154,373210,794,423820,948,0,670,96,2228,123,53214,4,1553,683,"Knox County",470313,409.514514801845,0.194383331176394,201.567892020846,46.5647345491194,473.727071120722,19.4383331176394
2021-08-13,55893,265,46106,204,9787,61,50456,218,372416,1470,422872,1688,1,670,123,2132,141,53091,5,1549,681,"Knox County",470313,375.707241773032,0.172313527180784,358.909917437962,56.3454550480212,453.315132688231,17.2313527180784
2021-08-12,55628,222,45902,143,9726,79,50238,152,370946,643,421184,795,2,669,82,2009,138,52950,7,1544,678,"Knox County",470313,344.664085406952,0.167044999332354,169.036365144064,47.2026076251348,427.162336571602,16.7044999332354
2021-08-11,55406,316,45759,238,9647,78,50086,248,370303,989,420389,1237,1,667,183,1927,132,52812,9,1537,676,"Knox County",470313,355.933176416557,0.170651602732528,263.01633167699,67.1892973402819,409.727139160517,17.0651602732528
2021-08-10,55090,173,45521,108,9569,65,49838,122,369314,621,419152,743,1,666,56,1744,116,52680,2,1528,674,"Knox County",470313,336.796984136097,0.172123085569763,157.979898493131,36.7840140502176,370.816881523581,17.2123085569763
2021-08-09,54917,197,45413,158,9504,39,49716,167,368693,753,418409,920,1,665,75,1688,121,52564,4,1526,670,"Knox County",470313,339.348476440158,0.168381665107577,195.614409978036,41.8869986583403,358.909917437962,16.8381665107577
2021-08-08,54720,88,45255,66,9465,22,49549,75,367940,418,417489,493,1,664,22,1613,65,52443,4,1522,669,"Knox County",470313,314.684050834232,0.166471277842907,104.823808825187,18.7109435631165,342.963090537578,16.6471277842907
2021-08-07,54632,105,45189,74,9443,31,49474,80,367522,638,416996,718,0,663,44,1591,61,52378,2,1518,669,"Knox County",470313,290.444873945649,0.16105550500455,152.664289526337,22.3255576605367,338.285354646799,16.105550500455
2021-08-06,54527,203,45115,147,9412,56,49394,163,366884,879,416278,1042,0,663,139,1547,64,52317,10,1516,669,"Knox County",470313,277.262163707999,0.169300605245461,221.554581735993,43.162744810371,328.929882865241,16.9300605245461
2021-08-05,54324,174,44968,130,9356,44,49231,147,366005,850,415236,997,2,663,102,1408,70,52253,4,1506,668,"Knox County",470313,267.056194491753,0.162926829268293,211.986485595763,36.9966384088894,299.375097009864,16.2926829268293
2021-08-04,54150,144,44838,99,9312,45,49084,105,365155,656,414239,761,1,661,70,1306,73,52183,4,1502,666,"Knox County",470313,230.484804800208,0.151392315826577,161.807136949223,30.6179076487361,277.687412425342,15.1392315826577
2021-08-03,54006,238,44739,175,9267,63,48979,183,364499,814,413478,997,0,660,161,1236,77,52110,5,1498,665,"Knox County",470313,244.305388113873,0.155195681511471,211.986485595763,50.6045973638832,262.803707318318,15.5195681511471
2021-08-02,53768,97,44564,75,9204,22,48796,83,363685,532,412481,615,2,660,-4,1075,99,52033,3,1493,663,"Knox County",470313,223.042952246695,0.14867508447448,130.763980583144,20.6245627911625,228.571185572162,14.867508447448
2021-08-01,53671,107,44489,91,9182,16,48713,99,363153,526,411866,625,0,658,63,1079,44,51934,2,1490,663,"Knox County",470313,227.082815061459,0.149435273675065,132.890224169861,22.7508063778803,229.421683006849,14.9435273675065
2021-07-31,53564,104,44398,64,9166,40,48614,68,362627,399,411241,467,1,658,46,1016,57,51890,6,1488,661,"Knox County",470313,226.870190702787,0.15406976744186,99.2955754997204,22.1129333018649,216.026348410527,15.406976744186
2021-07-30,53460,118,44334,82,9126,36,48546,89,362228,339,410774,428,1,657,79,970,38,51833,0,1482,661,"Knox County",470313,208.797120215686,0.158282208588957,91.0032255115211,25.0896743232698,206.245627911625,15.8282208588957
2021-07-29,53342,117,44252,64,9090,53,48457,68,361889,483,410346,551,0,656,82,891,35,51795,1,1482,660,"Knox County",470313,196.677531771395,0.156390639063906,117.15602162815,24.877049964598,189.448303576554,15.6390639063906
2021-07-28,53225,131,44188,89,9037,42,48389,95,361406,536,409795,631,0,656,80,809,51,51760,4,1481,659,"Knox County",470313,193.913415108662,0.15878535002318,134.165970321892,27.8537909860029,172.013106165469,15.878535002318
2021-07-27,53094,117,44099,78,8995,39,48294,84,360870,499,409164,583,0,656,85,729,32,51709,4,1477,659,"Knox County",470313,168.185867709377,0.15025641025641,123.960001105647,24.877049964598,155.003157471726,15.025641025641
2021-07-26,52977,97,44021,73,8956,24,48210,79,360371,371,408581,450,1,656,61,644,35,51677,4,1473,659,"Knox County",470313,168.185867709377,0.155823293172691,95.6809614023002,20.6245627911625,136.930086984625,15.5823293172691
2021-07-25,52880,51,43948,43,8932,8,48131,44,360000,320,408131,364,3,655,22,583,26,51642,5,1469,659,"Knox County",470313,156.278903623757,0.151698330454807,77.3952665565272,10.8438422922607,123.960001105647,15.1698330454807
2021-07-24,52829,64,43905,42,8924,22,48087,44,359680,348,407767,392,0,652,39,561,25,51616,1,1464,658,"Knox County",470313,147.773929276886,0.14798470138276,83.348748599337,13.6079589549938,119.282265214868,14.798470138276
2021-07-23,52765,56,43863,31,8902,25,48043,32,359332,321,407375,353,1,652,24,522,31,51591,3,1463,656,"Knox County",470313,134.591219039236,0.134175691937425,75.0563986111377,11.9069640856196,110.989915226668,13.4175691937425
2021-07-22,52709,94,43832,69,8877,25,48011,78,359011,474,407022,552,0,651,70,498,24,51560,3,1460,655,"Knox County",470313,129.700858789785,0.137142857142857,117.368645986822,19.9866897151471,105.886930618546,13.7142857142857
2021-07-21,52615,61,43763,47,8852,14,47933,46,358537,411,406470,457,1,651,33,428,27,51536,1,1457,655,"Knox County",470313,114.81715368276,0.129165344335132,97.1693319130026,12.9700858789785,91.0032255115211,12.9165344335132
2021-07-20,52554,78,43716,42,8838,36,47887,45,358126,299,406013,344,0,650,54,395,24,51509,3,1456,655,"Knox County",470313,106.524803694561,0.126373626373626,73.1427793830917,16.5846999763987,83.9866216753524,12.6373626373626
2021-07-19,52476,48,43674,36,8802,12,47842,42,357827,348,405669,390,0,650,28,341,20,51485,0,1453,655,"Knox County",470313,96.1062101196437,0.116058906030856,82.9234998819935,10.2059692162454,72.5049063070764,11.6058906030856
2021-07-18,52428,36,43638,30,8790,6,47800,31,357479,272,405279,303,0,650,27,313,9,51465,1,1453,655,"Knox County",470313,92.9168447395671,0.113937656753852,64.4251806775488,7.65447691218401,66.5514242642666,11.3937656753852
2021-07-17,52392,27,43608,20,8784,7,47769,21,357207,202,404976,223,0,650,12,286,15,51456,1,1452,654,"Knox County",470313,85.0497434687113,0.112509534706331,47.4152319838065,5.74085768413801,60.8105665801286,11.2509534706331
2021-07-16,52365,37,43588,21,8777,16,47748,22,357005,291,404753,313,0,650,25,274,12,51441,1,1451,654,"Knox County",470313,81.0098806539475,0.110379550735864,66.5514242642666,7.86710127085579,58.2590742760672,11.0379550735864
2021-07-15,52328,55,43567,42,8761,13,47726,44,356714,364,404440,408,-1,650,36,249,20,51429,1,1450,654,"Knox County",470313,72.7175306657481,0.102953240360952,86.7507383380855,11.6943397269478,52.9434653092728,10.2953240360952
2021-07-14,52273,21,43525,16,8748,5,47682,16,356350,269,404032,285,0,651,8,213,13,51409,2,1449,654,"Knox County",470313,64.212556318877,0.0975286849073257,60.5979422214568,4.46511153210734,45.2889883970888,9.75286849073257
2021-07-13,52252,42,43509,26,8743,16,47666,29,356081,355,403747,384,3,651,28,205,11,51396,3,1447,654,"Knox County",470313,56.558079406693,0.0888985255854293,81.6477537299628,8.93022306421468,43.5879935277145,8.88985255854293
2021-07-12,52210,27,43483,21,8727,6,47637,24,355726,270,403363,294,0,648,16,177,11,51385,1,1444,654,"Knox County",470313,52.0929678745856,0.0846153846153846,62.5115614495028,5.74085768413801,37.6345114849047,8.46153846153846
2021-07-11,52183,8,43462,3,8721,5,47613,4,355456,136,403069,140,0,648,1,161,7,51374,0,1443,653,"Knox County",470313,46.1394858317759,0.0781631656082071,29.7674102140489,1.70099486937423,34.2325217461563,7.81631656082071
2021-07-10,52175,20,43459,16,8716,4,47609,16,355320,191,402929,207,0,648,12,160,8,51367,2,1443,653,"Knox County",470313,44.6511153210734,0.0763170851797144,44.0132422450581,4.25248717343556,34.0198973874845,7.63170851797144
2021-07-09,52155,27,43443,21,8712,6,47593,21,355129,338,402722,359,0,648,12,148,15,51359,0,1441,653,"Knox County",470313,42.5248717343556,0.0741454020221473,76.3321447631684,5.74085768413801,31.4684050834232,7.41454020221473
2021-07-08,52128,19,43422,14,8706,5,47572,16,354791,317,402363,333,0,648,6,136,13,51344,0,1441,652,"Knox County",470313,34.8703948221716,0.0629370629370629,70.8039114377021,4.03986281476378,28.9169127793618,6.29370629370629
2021-07-07,52109,18,43408,4,8701,14,47556,5,354474,333,402030,338,1,648,8,130,9,51331,1,1441,650,"Knox County",470313,34.2325217461563,0.0559610705596107,71.867033231061,3.82723845609201,27.6411666273312,5.59610705596107
2021-07-06,52091,24,43404,9,8687,15,47551,14,354141,263,401692,277,0,647,14,122,10,51322,2,1440,650,"Knox County",470313,30.4052832900643,0.0513347022587269,58.8969473520825,5.10298460812268,25.9401717579569,5.13347022587269
2021-07-05,52067,10,43395,6,8672,4,47537,6,353878,105,401415,111,0,647,0,108,10,51312,1,1438,650,"Knox County",470313,26.790669192644,0.0464589235127479,23.6013038125674,2.12624358671778,22.963430736552,4.64589235127479
2021-07-04,52057,8,43389,7,8668,1,47531,7,353773,143,401304,150,0,647,0,108,8,51302,1,1437,650,"Knox County",470313,26.790669192644,0.047887323943662,31.8936538007667,1.70099486937423,22.963430736552,4.7887323943662
2021-07-03,52049,9,43382,7,8667,2,47524,7,353630,185,401154,192,0,647,-2,108,11,51294,1,1436,650,"Knox County",470313,24.4518012472545,0.0431818181818182,40.8238768649814,1.913619228046,22.963430736552,4.31818181818182
2021-07-02,52040,17,43375,13,8665,4,47517,17,353445,342,400962,359,-1,647,10,110,8,51283,0,1435,650,"Knox County",470313,22.3255576605367,0.0409090909090909,76.3321447631684,3.61461409742023,23.3886794538956,4.09090909090909
2021-07-01,52023,18,43362,15,8661,3,47500,17,353103,248,400603,265,-1,648,13,100,6,51275,1,1435,650,"Knox County",470313,22.1129333018649,0.0431442080378251,56.3454550480212,3.82723845609201,21.2624358671778,4.31442080378251
2021-06-30,52005,18,43347,12,8658,6,47483,11,352855,299,400338,310,0,649,9,87,9,51269,0,1434,650,"Knox County",470313,22.1129333018649,0.0474759615384615,65.9135511882512,3.82723845609201,18.4983192044447,4.74759615384615
2021-06-29,51987,21,43335,16,8652,5,47472,19,352556,438,400028,457,0,649,8,78,13,51260,1,1434,650,"Knox County",470313,21.4750602258496,0.0455531453362256,97.1693319130026,4.46511153210734,16.5846999763987,4.55531453362256
2021-06-28,51966,9,43319,2,8647,7,47453,2,352118,113,399571,115,0,649,-4,70,13,51247,0,1433,650,"Knox County",470313,21.2624358671778,0.0432900432900433,24.4518012472545,1.913619228046,14.8837051070245,4.32900432900433
2021-06-27,51957,5,43317,3,8640,2,47451,3,352005,151,399456,154,0,649,0,74,5,51234,0,1433,650,"Knox County",470313,20.6245627911625,0.041036717062635,32.7441512354538,1.06312179335889,15.7342025417116,4.1036717062635
2021-06-26,51952,3,43314,2,8638,1,47448,2,351854,206,399302,208,0,649,0,74,3,51229,0,1433,650,"Knox County",470313,19.3488166391318,0.0380085653104925,44.2258666037299,0.637873076015334,15.7342025417116,3.80085653104925
2021-06-25,51949,13,43312,9,8637,4,47446,11,351648,311,399094,322,0,649,4,74,9,51226,0,1433,650,"Knox County",470313,18.4983192044447,0.0354997269251775,68.4650434923126,2.76411666273312,15.7342025417116,3.54997269251775
2021-06-24,51936,14,43303,9,8633,5,47435,10,351337,364,398772,374,1,649,8,70,5,51217,1,1433,650,"Knox County",470313,17.6478217697576,0.0298969072164948,79.521510143245,2.97674102140489,14.8837051070245,2.98969072164948
2021-06-23,51922,13,43294,6,8628,7,47425,8,350973,282,398398,290,0,648,6,62,7,51212,0,1432,649,"Knox County",470313,16.5846999763987,0.0286458333333333,61.6610640148157,2.76411666273312,13.1827102376502,2.86458333333333
2021-06-22,51909,14,43288,5,8621,9,47417,5,350691,247,398108,252,2,648,10,56,2,51205,1,1432,648,"Knox County",470313,15.0963294656962,0.0239067055393586,53.5813383852881,2.97674102140489,11.9069640856196,2.39067055393586
2021-06-21,51895,9,43283,8,8612,1,47412,9,350444,289,397856,298,0,646,5,46,4,51203,1,1431,647,"Knox County",470313,15.0963294656962,0.0252897787144362,63.3620588841899,1.913619228046,9.7807204989018,2.52897787144363
2021-06-20,51886,3,43275,2,8611,1,47403,3,350155,161,397558,164,1,646,-2,41,4,51199,0,1430,647,"Knox County",470313,14.6710807483527,0.0251572327044025,34.8703948221716,0.637873076015334,8.7175987055429,2.51572327044025
2021-06-19,51883,3,43273,1,8610,2,47400,1,349994,191,397394,192,0,645,-3,43,6,51195,0,1430,647,"Knox County",470313,14.6710807483527,0.0248414376321353,40.8238768649814,0.637873076015334,9.14284742288646,2.48414376321353
2021-06-18,51880,6,43272,4,8608,2,47399,3,349803,283,397202,286,1,645,-5,46,10,51189,0,1430,647,"Knox County",470313,13.1827102376502,0.0210129310344828,60.8105665801286,1.27574615203067,9.7807204989018,2.10129310344828
2021-06-17,51874,12,43268,8,8606,4,47396,9,349520,515,396916,524,0,644,6,51,6,51179,0,1430,647,"Knox County",470313,12.7574615203067,0.0189431704885344,111.415163944012,2.55149230406134,10.8438422922607,1.89431704885344
2021-06-16,51862,7,43260,4,8602,3,47387,4,349005,362,396392,366,1,644,-6,45,12,51173,0,1430,646,"Knox County",470313,11.481715368276,0.0163304514889529,77.8205152738708,1.48837051070245,9.56809614023002,1.63304514889529
2021-06-15,51855,13,43256,9,8599,4,47383,14,348643,428,396026,442,0,643,-2,51,15,51161,0,1430,646,"Knox County",470313,11.2690910096042,0.0189260563380282,93.9799665329259,2.76411666273312,10.8438422922607,1.89260563380282
2021-06-14,51842,7,43247,2,8595,5,47369,3,348215,260,395584,263,1,643,-5,53,11,51146,0,1430,646,"Knox County",470313,10.8438422922607,0.0165400089405454,55.9202063306777,1.48837051070245,11.2690910096042,1.65400089405454
2021-06-13,51835,3,43245,3,8590,0,47366,4,347955,128,395321,132,0,642,-5,58,8,51135,1,1430,646,"Knox County",470313,10.8438422922607,0.0172335600907029,28.0664153446747,0.637873076015334,12.3322128029631,1.72335600907029
2021-06-12,51832,2,43242,1,8590,1,47362,1,347827,226,395189,227,0,642,-6,63,8,51127,0,1429,646,"Knox County",470313,10.6312179335889,0.0169642857142857,48.2657294184936,0.425248717343556,13.395334596322,1.69642857142857
2021-06-11,51830,7,43241,3,8589,4,47361,2,347601,318,394962,320,0,642,-2,69,9,51119,0,1429,645,"Knox County",470313,10.8438422922607,0.0162708883025506,68.039794774969,1.48837051070245,14.6710807483527,1.62708883025506
2021-06-10,51823,7,43238,4,8585,3,47359,5,347283,358,394642,363,0,642,-1,71,8,51110,0,1429,644,"Knox County",470313,9.7807204989018,0.0156176053005206,77.1826421978555,1.48837051070245,15.0963294656962,1.56176053005206
2021-06-09,51816,2,43234,1,8582,1,47354,1,346925,367,394279,368,1,642,-17,72,18,51102,0,1429,644,"Knox County",470313,8.7175987055429,0.0141843971631206,78.2457639912144,0.425248717343556,15.308953824368,1.41843971631206
2021-06-08,51814,5,43233,3,8581,2,47353,4,346558,266,393911,270,1,641,-17,89,21,51084,0,1429,643,"Knox County",470313,7.01660383616868,0.0102933607822954,57.4085768413801,1.06312179335889,18.9235679217883,1.02933607822954
2021-06-07,51809,15,43230,9,8579,6,47349,10,346292,316,393641,326,0,640,-8,106,23,51063,2,1429,642,"Knox County",470313,8.7175987055429,0.0134596211365902,69.3155409269997,3.18936538007667,22.5381820192085,1.34596211365902
2021-06-06,51794,4,43221,2,8573,2,47339,2,345976,178,393315,180,0,640,-5,114,9,51040,0,1427,642,"Knox County",470313,8.93022306421468,0.0121713729308666,38.2723845609201,0.850497434687113,24.2391768885827,1.21713729308666
2021-06-05,51790,5,43219,2,8571,3,47337,3,345798,258,393135,261,0,640,-9,119,14,51031,0,1427,642,"Knox County",470313,9.56809614023002,0.0129310344827586,55.4949576133341,1.06312179335889,25.3022986819416,1.29310344827586
2021-06-04,51785,7,43217,2,8568,5,47334,3,345540,325,392874,328,1,640,-9,128,15,51017,0,1427,642,"Knox County",470313,9.56809614023002,0.0133587786259542,69.7407896443432,1.48837051070245,27.2159179099876,1.33587786259542
2021-06-03,51778,7,43215,4,8563,3,47331,6,345215,458,392546,464,0,639,-12,137,19,51002,0,1427,642,"Knox County",470313,9.56809614023002,0.0131998179335457,98.6577024237051,1.48837051070245,29.1295371380336,1.31998179335457
2021-06-02,51771,20,43211,7,8560,13,47325,6,344757,282,392082,288,0,639,5,149,15,50983,1,1427,642,"Knox County",470313,13.395334596322,0.0160604629192253,61.2358152974721,4.25248717343556,31.6810294420949,1.60604629192253
2021-06-01,51751,12,43204,9,8547,3,47319,10,344475,291,391794,301,0,639,-10,144,22,50968,1,1426,642,"Knox County",470313,14.8837051070245,0.0186219739292365,63.9999319602052,2.55149230406134,30.6179076487361,1.86219739292365
2021-05-31,51739,17,43195,14,8544,3,47309,12,344184,354,391493,366,0,639,-1,154,18,50946,0,1425,642,"Knox County",470313,15.308953824368,0.0191956124314442,77.8205152738708,3.61461409742023,32.7441512354538,1.91956124314442
2021-05-30,51722,3,43181,1,8541,2,47297,1,343830,203,391127,204,0,639,-9,155,12,50928,0,1425,642,"Knox County",470313,15.0963294656962,0.0185352622061483,43.3753691690427,0.637873076015334,32.9567755941256,1.85352622061483
2021-05-29,51719,14,43180,7,8539,7,47296,6,343627,199,390923,205,0,639,-14,164,28,50916,1,1425,642,"Knox County",470313,17.0099486937423,0.0204081632653061,43.5879935277145,2.97674102140489,34.8703948221716,2.04081632653061
2021-05-28,51705,11,43173,6,8532,5,47290,10,343428,390,390718,400,0,639,-10,178,21,50888,1,1424,641,"Knox County",470313,17.8604461284294,0.0228904847396768,85.0497434687113,2.33886794538956,37.8471358435765,2.28904847396768
2021-05-27,51694,23,43167,8,8527,15,47280,9,343038,341,390318,350,0,639,-5,188,28,50867,1,1423,641,"Knox County",470313,21.2624358671778,0.0255439924314096,74.4185255351224,4.8903602494509,39.9733794302943,2.55439924314096
2021-05-26,51671,17,43159,8,8512,9,47271,11,342697,571,389968,582,0,639,-7,193,24,50839,0,1422,641,"Knox County",470313,20.6245627911625,0.0245016611295681,123.747376746975,3.61461409742023,41.0365012236532,2.45016611295681
2021-05-25,51654,17,43151,8,8503,9,47260,7,342126,311,389386,318,0,639,-11,200,28,50815,1,1422,641,"Knox County",470313,21.6876845845214,0.0230927835051546,67.6145460576254,3.61461409742023,42.5248717343556,2.30927835051546
2021-05-24,51637,25,43143,21,8494,4,47253,24,341815,425,389068,449,0,639,-11,211,36,50787,1,1421,641,"Knox County",470313,23.3886794538956,0.0271132376395534,95.4683370436284,5.31560896679445,44.8637396797452,2.71132376395534
2021-05-23,51612,16,43122,8,8490,8,47229,8,341390,225,388619,233,1,639,-5,222,20,50751,1,1420,641,"Knox County",470313,26.1527961166287,0.0295624753646039,49.5414755705243,3.40198973874845,47.2026076251348,2.95624753646039
2021-05-22,51596,8,43114,4,8482,4,47221,4,341165,269,388386,273,0,638,-6,227,14,50731,0,1419,640,"Knox County",470313,24.877049964598,0.0280230326295585,58.0464499173954,1.70099486937423,48.2657294184936,2.80230326295585
2021-05-21,51588,16,43110,12,8478,4,47217,14,340896,377,388113,391,0,638,-17,233,33,50717,1,1419,640,"Knox County",470313,25.9401717579569,0.0296610169491525,83.1361242406653,3.40198973874845,49.5414755705243,2.96610169491525
2021-05-20,51572,34,43098,26,8474,8,47203,27,340519,594,387722,621,0,638,6,250,28,50684,1,1418,639,"Knox County",470313,28.2790397033465,0.0331356818974538,132.039726735174,7.22922819484046,53.1560896679445,3.31356818974538
2021-05-19,51538,14,43072,6,8466,8,47176,6,339925,544,387101,550,0,638,-29,244,43,50656,1,1417,639,"Knox County",470313,27.6411666273312,0.0317460317460317,116.943397269478,2.97674102140489,51.8803435159139,3.17460317460317
2021-05-18,51524,24,43066,14,8458,10,47170,14,339381,444,386551,458,1,638,-21,273,44,50613,0,1416,639,"Knox County",470313,29.1295371380336,0.0326050420168067,97.3819562716744,5.10298460812268,58.0464499173954,3.26050420168067
2021-05-17,51500,15,43052,7,8448,8,47156,8,338937,420,386093,428,0,637,-18,294,33,50569,0,1416,638,"Knox County",470313,27.0032935513158,0.0274204468517265,91.0032255115211,3.18936538007667,62.5115614495028,2.74204468517265
2021-05-16,51485,22,43045,13,8440,9,47148,12,338517,272,385665,284,1,637,-10,312,31,50536,1,1416,638,"Knox County",470313,28.2790397033465,0.0282861896838602,60.385317862785,4.67773589077912,66.3387999055948,2.82861896838602
2021-05-15,51463,23,43032,13,8431,10,47136,17,338245,336,385381,353,0,636,-8,322,31,50505,1,1415,638,"Knox County",470313,31.4684050834232,0.0317666126418152,75.0563986111377,4.8903602494509,68.4650434923126,3.17666126418152
2021-05-14,51440,36,43019,25,8421,11,47119,26,337909,498,385028,524,0,636,4,330,32,50474,4,1414,637,"Knox County",470313,35.7208922568587,0.0341827221876942,111.415163944012,7.65447691218401,70.1660383616868,3.41827221876942
2021-05-13,51404,31,42994,17,8410,14,47093,17,337411,376,384504,393,0,636,-17,326,48,50442,0,1410,637,"Knox County",470313,35.0830191808434,0.0334448160535117,83.5613729580088,6.59135511882512,69.3155409269997,3.34448160535117
2021-05-12,51373,34,42977,28,8396,6,47076,26,337035,506,384111,532,0,636,-15,343,49,50394,0,1410,637,"Knox County",470313,39.335506354279,0.0403768506056528,113.116158813386,7.22922819484046,72.9301550244199,4.03768506056528
2021-05-11,51339,36,42949,30,8390,6,47050,31,336529,555,383579,586,0,636,-11,358,47,50345,4,1410,637,"Knox County",470313,41.8869986583403,0.0441935483870968,124.597874181662,7.65447691218401,76.1195204044966,4.41935483870968
2021-05-10,51303,21,42919,14,8384,7,47019,13,335974,277,382993,290,1,636,-26,369,46,50298,1,1406,637,"Knox County",470313,43.162744810371,0.0479405806887238,61.6610640148157,4.46511153210734,78.4583883498861,4.79405806887238
2021-05-09,51282,17,42905,14,8377,3,47006,17,335697,369,382703,386,0,635,-22,395,39,50252,1,1405,636,"Knox County",470313,42.0996230170121,0.047976501305483,82.0730024473064,3.61461409742023,83.9866216753524,4.7976501305483
2021-05-08,51265,20,42891,11,8374,9,46989,14,335328,307,382317,321,0,635,-18,417,38,50213,1,1404,636,"Knox County",470313,41.4617499409967,0.0474934036939314,68.2524191336408,4.25248717343556,88.6643575661315,4.74934036939314
2021-05-07,51245,43,42880,31,8365,12,46975,33,335021,576,381996,609,0,635,3,435,40,50175,0,1403,636,"Knox County",470313,42.9501204516992,0.0484440166827077,129.488234431113,9.14284742288646,92.4915960222235,4.84440166827077
2021-05-06,51202,40,42849,26,8353,14,46942,28,334445,340,381387,368,1,635,-8,432,47,50135,0,1403,636,"Knox County",470313,44.8637396797452,0.0523932729624838,78.2457639912144,8.50497434687113,91.8537229462082,5.23932729624838
2021-05-05,51162,51,42823,32,8339,19,46914,38,334105,585,381019,623,0,634,5,440,46,50088,4,1403,635,"Knox County",470313,48.4783537771654,0.0546654099905749,132.464975452518,10.8438422922607,93.5547178155824,5.46654099905749
2021-05-04,51111,50,42791,32,8320,18,46876,34,333520,536,380396,570,0,634,6,435,44,50042,0,1399,635,"Knox County",470313,51.4550947985703,0.0558888538048626,121.195884442914,10.6312179335889,92.4915960222235,5.58888538048626
2021-05-03,51061,24,42759,9,8302,15,46842,7,332984,309,379826,316,1,634,-37,429,60,49998,1,1399,635,"Knox County",470313,52.0929678745856,0.053554650798622,67.1892973402819,5.10298460812268,91.2158498701928,5.3554650798622
2021-05-02,51037,25,42750,18,8287,7,46835,20,332675,288,379510,308,0,633,-17,466,42,49938,2,1398,635,"Knox County",470313,53.7939627439599,0.0558587479935795,65.4883024709077,5.31560896679445,99.0829511410486,5.58587479935795
2021-05-01,51012,45,42732,35,8280,10,46815,38,332387,450,379202,488,0,633,7,483,38,49896,2,1396,635,"Knox County",470313,59.1095717107543,0.0603290676416819,103.760687031828,9.56809614023002,102.697565238469,6.03290676416819
2021-04-30,50967,58,42697,30,8270,28,46777,29,331937,567,378714,596,0,633,-10,476,68,49858,3,1394,635,"Knox County",470313,62.298937090831,0.0593453655552157,126.72411776838,12.3322128029631,101.209194727766,5.93453655552157
2021-04-29,50909,54,42667,34,8242,20,46748,35,331370,571,378118,606,0,633,-2,486,56,49790,2,1391,634,"Knox County",470313,65.2756781122359,0.0573139435414885,128.850361355098,11.481715368276,103.335438314484,5.73139435414885
2021-04-28,50855,47,42633,28,8222,19,46713,34,330799,543,377512,577,4,633,-38,488,81,49734,1,1389,634,"Knox County",470313,64.4251806775488,0.0569199653279399,122.684254953616,9.99334485757357,103.760687031828,5.69199653279399
2021-04-27,50808,39,42605,17,8203,22,46679,20,330256,392,376935,412,1,629,-33,526,71,49653,2,1388,632,"Knox County",470313,62.0863127321592,0.0554041780199818,87.6012357727726,8.29234998819935,111.840412661355,5.54041780199818
2021-04-26,50769,69,42588,36,8181,33,46659,40,329864,480,376523,520,1,628,2,559,66,49582,0,1386,631,"Knox County",470313,71.6544088723892,0.0615911035072712,110.564666509325,14.6710807483527,118.857016497524,6.15911035072712
2021-04-25,50700,38,42552,25,8148,13,46619,26,329384,341,376003,367,0,627,-4,557,42,49516,3,1386,630,"Knox County",470313,74.4185255351224,0.0622546270330903,78.0331396325426,8.07972562952757,118.43176778018,6.22546270330903
2021-04-24,50662,35,42527,22,8135,13,46593,28,329043,510,375636,538,0,627,-28,561,63,49474,3,1383,630,"Knox County",470313,72.2922819484046,0.0586283185840708,114.391904965417,7.44185255351224,119.282265214868,5.86283185840708
2021-04-23,50627,43,42505,31,8122,12,46565,36,328533,553,375098,589,0,627,-4,589,47,49411,2,1380,630,"Knox County",470313,69.1029165683279,0.0606816292601829,125.235747257677,9.14284742288646,125.235747257677,6.06816292601829
2021-04-22,50584,79,42474,62,8110,17,46529,65,327980,787,374509,852,1,627,15,593,63,49364,1,1378,630,"Knox County",470313,74.4185255351224,0.064591439688716,181.155953588355,16.7973243350705,126.086244692364,6.4591439688716
2021-04-21,50505,62,42412,34,8093,28,46464,35,327193,479,373657,514,1,626,-2,578,63,49301,1,1377,629,"Knox County",470313,77.607890915199,0.0659282700421941,109.288920357294,13.1827102376502,122.896879312288,6.59282700421941
2021-04-20,50443,38,42378,34,8065,4,46429,39,326714,474,373143,513,1,625,-32,580,69,49238,1,1376,628,"Knox County",470313,77.3952665565272,0.0690983817107629,109.076295998622,8.07972562952757,123.322128029631,6.90983817107629
2021-04-19,50405,65,42344,41,8061,24,46390,39,326240,336,372630,375,0,624,-3,612,68,49169,0,1375,627,"Knox County",470313,76.5447691218401,0.0715048025613661,79.7341345019168,13.8205833136656,130.126107507128,7.15048025613661
2021-04-18,50340,38,42303,27,8037,11,46351,32,325904,364,372255,396,0,624,-12,615,50,49101,1,1375,627,"Knox County",470313,76.5447691218401,0.0725443473656341,84.1992460340241,8.07972562952757,130.763980583144,7.25443473656341
2021-04-17,50302,37,42276,18,8026,19,46319,23,325540,335,371859,358,0,624,-23,627,60,49051,1,1374,626,"Knox County",470313,76.9700178391837,0.0747845426744509,76.1195204044966,7.86710127085579,133.315472887205,7.47845426744509
2021-04-16,50265,346,42258,330,8007,16,46296,369,325205,2088,371501,2457,1,624,279,650,66,48991,4,1373,626,"Knox County",470313,141.395198516732,0.110155535224154,522.418049256559,73.5680281004352,138.205833136656,11.0155535224154
2021-04-15,49919,86,41928,54,7991,32,45927,55,323117,577,369044,632,1,623,12,371,73,48925,0,1369,625,"Knox County",470313,142.883569027435,0.112869399428027,134.378594680564,18.2856948457729,78.8836370672297,11.2869399428027
2021-04-14,49833,85,41874,60,7959,25,45872,62,322540,684,368412,746,0,622,-1,359,86,48852,3,1369,624,"Knox County",470313,147.773929276886,0.113018075588826,158.617771569146,18.0730704871011,76.3321447631684,11.3018075588826
2021-04-13,49748,68,41814,38,7934,30,45810,43,321856,340,367666,383,-5,622,-8,360,81,48766,1,1366,624,"Knox County",470313,154.152660037039,0.116513933046568,81.435129371291,14.4584563896809,76.5447691218401,11.6513933046568
2021-04-12,49680,63,41776,43,7904,20,45767,50,321516,360,367283,410,1,627,-24,368,86,48685,0,1365,624,"Knox County",470313,153.727411319696,0.117800074321813,87.175987055429,13.395334596322,78.2457639912144,11.7800074321813
2021-04-11,49617,26,41733,14,7884,12,45717,14,321156,296,366873,310,2,626,-26,392,50,48599,0,1365,623,"Knox County",470313,151.175919015634,0.11631419939577,65.9135511882512,5.52823332546623,83.348748599337,11.631419939577
2021-04-10,49591,50,41719,33,7872,17,45703,41,320860,571,366563,612,0,624,6,418,44,48549,1,1365,623,"Knox County",470313,153.940035678367,0.114234234234234,130.126107507128,10.6312179335889,88.8769819248033,11.4234234234234
2021-04-09,49541,82,41686,62,7855,20,45662,71,320289,620,365951,691,5,624,11,412,66,48505,2,1364,622,"Knox County",470313,97.8072049890179,0.0887949260042283,146.923431842199,17.4351974110858,87.6012357727726,8.87949260042283
2021-04-08,49459,49,41624,26,7835,23,45591,26,319669,466,365260,492,-6,619,-23,401,78,48439,0,1362,622,"Knox County",470313,89.9401037181622,0.0842480790340285,104.611184466515,10.4185935749171,85.262367827383,8.42480790340285
2021-04-07,49410,77,41598,54,7812,23,45565,57,319203,768,364768,825,2,625,9,424,66,48361,1,1362,622,"Knox County",470313,88.2391088487879,0.0811173784582326,175.415095904217,16.3720756177269,90.1527280768339,8.11173784582326
2021-04-06,49333,75,41544,41,7789,34,45508,45,318435,422,363943,467,2,623,-3,415,76,48295,0,1361,622,"Knox County",470313,89.7274793594904,0.079852902547938,99.2955754997204,15.9468269003834,88.2391088487879,7.9852902547938
2021-04-05,49258,44,41503,32,7755,12,45463,35,318013,266,363476,301,0,621,-59,418,103,48219,3,1361,622,"Knox County",470313,85.6876165447266,0.0781503515413737,63.9999319602052,9.35547178155824,88.8769819248033,7.81503515413737
2021-04-04,49214,49,41471,31,7743,18,45428,40,317747,341,363175,381,3,621,-27,477,73,48116,0,1358,621,"Knox County",470313,90.5779767941775,0.0835765455027859,81.0098806539475,10.4185935749171,101.421819086438,8.35765455027859
2021-04-03,49165,81,41440,64,7725,17,45388,71,317406,593,362794,664,0,618,6,504,75,48043,0,1358,620,"Knox County",470313,97.1693319130026,0.0902904998691442,141.182574158061,17.222573052414,107.162676770576,9.02904998691442
2021-04-02,49084,76,41376,45,7708,31,45317,45,316813,530,362130,575,0,618,5,498,71,47968,2,1358,617,"Knox County",470313,95.8935857609719,0.0860998650472335,122.259006236272,16.1594512590551,105.886930618546,8.60998650472335
2021-04-01,49008,75,41331,63,7677,12,45272,67,316283,580,361555,647,1,618,-20,493,94,47897,1,1356,616,"Knox County",470313,101.421819086438,0.0932642487046632,137.56796006064,15.9468269003834,104.823808825187,9.32642487046632
2021-03-31,48933,87,41268,66,7665,21,45205,72,315703,765,360908,837,3,617,-16,513,100,47803,2,1355,616,"Knox County",470313,103.548062673156,0.096849173553719,177.966588208278,18.4983192044447,109.076295998622,9.6849173553719
2021-03-30,48846,57,41202,33,7644,24,45133,38,314938,460,360071,498,1,614,-24,529,80,47703,2,1353,614,"Knox County",470313,99.7208242170639,0.094286446323341,105.886930618546,12.1195884442914,112.478285737371,9.4286446323341
2021-03-29,48789,43,41169,21,7620,22,45095,22,314478,400,359573,422,5,613,-58,553,96,47623,0,1351,613,"Knox County",470313,99.5081998583922,0.088220675944334,89.7274793594904,9.14284742288646,117.581270345493,8.8220675944334
2021-03-28,48746,80,41148,46,7598,34,45073,49,314078,484,359151,533,2,608,13,611,65,47527,5,1351,612,"Knox County",470313,106.099554977217,0.0871647509578544,113.328783172058,17.0099486937423,129.913483148456,8.71647509578544
2021-03-27,48666,42,41102,39,7564,3,45024,42,313594,442,358618,484,0,606,-16,598,58,47462,2,1346,611,"Knox County",470313,97.8072049890179,0.0838338338338338,102.910189597141,8.93022306421468,127.149366485723,8.38338338338338
2021-03-26,48624,79,41063,54,7561,25,44982,60,313152,417,358134,477,0,606,1,614,78,47404,2,1344,610,"Knox County",470313,98.4450780650333,0.0897896357106208,101.421819086438,16.7973243350705,130.551356224472,8.97896357106208
2021-03-25,48545,88,41009,64,7536,24,44922,67,312735,570,357657,637,0,606,7,613,81,47326,4,1342,608,"Knox County",470313,101.209194727766,0.0900205761316872,135.441716473923,18.7109435631165,130.3387318658,9.00205761316873
2021-03-24,48457,123,40945,90,7512,33,44855,95,312165,780,357020,875,1,606,38,606,84,47245,3,1338,607,"Knox County",470313,108.86367163995,0.0950076413652573,186.046313837806,26.1527961166287,128.850361355098,9.50076413652573
2021-03-23,48334,87,40855,57,7479,30,44760,63,311385,531,356145,594,1,605,17,568,69,47161,3,1335,606,"Knox County",470313,115.242402400104,0.0989557434112382,126.298869051036,18.4983192044447,120.77063572557,9.89557434112382
2021-03-22,48247,115,40798,78,7449,37,44697,81,310854,517,355551,598,2,604,32,551,81,47092,1,1332,605,"Knox County",470313,130.551356224472,0.108861362553597,127.149366485723,24.4518012472545,117.15602162815,10.8861362553597
2021-03-21,48132,50,40720,33,7412,17,44616,34,310337,330,354953,364,0,602,4,519,46,47011,1,1331,605,"Knox County",470313,124.172625464318,0.109704641350211,77.3952665565272,10.6312179335889,110.352042150653,10.9704641350211
2021-03-20,48082,59,40687,29,7395,30,44582,33,310007,315,354589,348,0,602,3,515,56,46965,4,1330,604,"Knox County",470313,127.787239561739,0.111225276136656,73.9932768177788,12.5448371616349,109.501544715966,11.1225276136656
2021-03-19,48023,146,40658,102,7365,44,44549,117,309692,956,354241,1073,3,602,51,512,92,46909,3,1326,604,"Knox County",470313,142.033071592748,0.109155713967476,228.145936854818,31.0431563660796,108.86367163995,10.9155713967476
2021-03-18,47877,68,40556,50,7321,18,44432,66,308736,627,353168,693,2,599,-16,461,82,46817,1,1323,603,"Knox County",470313,137.780584419312,0.107590759075908,147.348680559542,14.4584563896809,98.0198293476897,10.7590759075908
2021-03-17,47809,46,40506,36,7303,10,44366,41,308109,497,352475,538,1,597,-40,477,85,46735,3,1322,603,"Knox County",470313,121.408508801585,0.103374524714829,114.391904965417,9.7807204989018,101.421819086438,10.3374524714829
2021-03-16,47763,128,40470,84,7293,44,44325,100,307612,699,351937,799,0,596,48,517,80,46650,3,1319,601,"Knox County",470313,130.126107507128,0.106956718785407,169.886862578751,27.2159179099876,109.926793433309,10.6956718785407
2021-03-15,47635,44,40386,28,7249,16,44225,40,306913,290,351138,330,1,596,-65,469,108,46570,1,1316,600,"Knox County",470313,115.029778041432,0.103980699638118,70.1660383616868,9.35547178155824,99.7208242170639,10.3980699638118
2021-03-14,47591,60,40358,38,7233,22,44185,46,306623,405,350808,451,0,595,-12,534,72,46462,0,1315,599,"Knox County",470313,117.15602162815,0.104678638941399,95.893585760972,12.7574615203067,113.54140753073,10.4678638941399
2021-03-13,47531,71,40320,34,7211,37,44139,41,306218,623,350357,664,1,595,-10,546,80,46390,1,1315,599,"Knox County",470313,119.707513932211,0.0991644678979771,141.182574158061,15.0963294656962,116.092899834791,9.91644678979771
2021-03-12,47460,63,40286,60,7174,3,44098,67,305595,692,349693,759,0,594,-52,556,115,46310,1,1314,597,"Knox County",470313,102.059692162454,0.0947094945677846,161.38188823188,13.395334596322,118.219143421509,9.47094945677846
2021-03-11,47397,83,40226,56,7171,27,44031,66,304903,627,348934,693,2,594,-22,608,103,46195,0,1313,595,"Knox County",470313,105.24905754253,0.0947094945677846,147.348680559542,17.6478217697576,129.275610072441,9.47094945677846
2021-03-10,47314,95,40170,72,7144,23,43965,82,304276,1001,348241,1083,2,592,26,630,67,46092,1,1313,594,"Knox County",470313,115.667651117447,0.0924879681941829,230.272180441536,20.1993140738189,133.95334596322,9.24879681941829
2021-03-09,47219,80,40098,50,7121,30,43883,55,303275,597,347158,652,0,590,-6,604,86,46025,2,1312,594,"Knox County",470313,105.461681901202,0.0857081174438687,138.631081853999,17.0099486937423,128.425112637754,8.57081174438687
2021-03-08,47139,85,40048,57,7091,28,43828,63,302678,412,346506,475,1,590,-30,610,114,45939,0,1310,590,"Knox County",470313,114.179280606745,0.0879212895122462,100.996570369095,18.0730704871011,129.700858789785,8.79212895122462
2021-03-07,47054,64,39991,40,7063,24,43765,42,302266,327,346031,369,0,589,-5,640,69,45825,0,1310,588,"Knox County",470313,115.029778041432,0.088604898828541,78.4583883498861,13.6079589549938,136.079589549938,8.8604898828541
2021-03-06,46990,125,39951,87,7039,38,43723,95,301939,848,345662,943,0,589,40,645,85,45756,1,1310,588,"Knox County",470313,126.511493409708,0.0944913550462405,200.504770227487,26.5780448339723,137.142711343297,9.44913550462405
2021-03-05,46865,70,39864,44,7001,26,43628,49,301091,521,344719,570,2,589,-19,605,87,45671,2,1309,588,"Knox County",470313,127.99986392041,0.0944618599791014,121.195884442914,14.8837051070245,128.637736996426,9.44618599791014
2021-03-04,46795,112,39820,85,6975,27,43579,100,300570,1094,344149,1194,5,587,-1,624,108,45584,1,1307,586,"Knox County",470313,134.165970321892,0.0919409761634506,253.873484254103,23.8139281712392,132.67759981119,9.19409761634506
2021-03-03,46683,74,39735,33,6948,41,43479,40,299476,497,342955,537,1,582,-49,625,122,45476,4,1306,584,"Knox County",470313,129.700858789785,0.0936708860759494,114.179280606745,15.7342025417116,132.890224169861,9.36708860759494
2021-03-02,46609,133,39702,91,6907,42,43439,99,298979,808,342418,907,-1,581,9,674,125,45354,2,1302,583,"Knox County",470313,140.969949799389,0.0976976976976977,192.850293315303,28.2790397033465,143.308817744778,9.76976976976977
2021-03-01,46476,59,39611,33,6865,26,43340,35,298171,165,341511,200,1,582,-58,665,116,45229,1,1300,580,"Knox County",470313,135.441716473923,0.0974576271186441,42.5248717343556,12.5448371616349,141.395198516732,9.74576271186441
2021-02-28,46417,77,39578,53,6839,24,43305,63,298006,563,341311,626,2,581,-19,723,94,45113,2,1299,580,"Knox County",470313,138.205833136656,0.0966445649989954,133.102848528533,16.3720756177269,153.727411319696,9.66445649989954
2021-02-27,46340,82,39525,47,6815,35,43242,58,297443,671,340685,729,1,579,-33,742,114,45019,3,1297,579,"Knox County",470313,129.062985713769,0.0932185597312618,155.003157471726,17.4351974110858,157.767274134459,9.32185597312618
2021-02-26,46258,107,39478,70,6780,37,43184,80,296772,506,339956,586,5,578,-17,775,119,44905,1,1294,578,"Knox County",470313,136.930086984625,0.0993931784892237,124.597874181662,22.7508063778803,164.783877970628,9.93931784892237
2021-02-25,46151,131,39408,92,6743,39,43104,97,296266,1029,339370,1126,2,573,-7,792,136,44786,5,1293,578,"Knox County",470313,140.969949799389,0.100191042241562,239.415027864422,27.8537909860029,168.398492068048,10.0191042241562
2021-02-24,46020,102,39316,72,6704,30,43007,80,295237,969,338244,1049,2,571,-30,799,130,44650,2,1288,577,"Knox County",470313,146.923431842199,0.0980279532835535,223.042952246695,21.6876845845214,169.886862578751,9.80279532835535
2021-02-23,45918,122,39244,68,6674,54,42927,75,294268,758,337195,833,5,569,-32,829,149,44520,6,1286,576,"Knox County",470313,144.584563896809,0.0947756845989512,177.116090773591,25.9401717579569,176.265593338904,9.47756845989512
2021-02-22,45796,62,39176,33,6620,29,42852,38,293510,307,336362,345,3,564,-110,861,169,44371,3,1280,574,"Knox County",470313,145.222436972824,0.0927465054778995,73.3554037417635,13.1827102376502,183.069572816401,9.27465054778995
2021-02-21,45734,82,39143,41,6591,41,42814,45,293203,499,336017,544,2,561,-31,971,111,44202,3,1277,572,"Knox County",470313,146.285558766183,0.090752110514198,115.667651117447,17.4351974110858,206.458252270297,9.0752110514198
2021-02-20,45652,137,39102,98,6550,39,42769,115,292704,1007,335473,1122,1,559,8,1002,128,44091,2,1274,569,"Knox County",470313,157.979898493131,0.0945584299732382,238.564530429735,29.1295371380336,213.049607389122,9.45584299732382
2021-02-19,45515,95,39004,43,6511,52,42654,48,291697,274,334351,322,1,558,-83,994,177,43963,2,1272,568,"Knox County",470313,155.42840618907,0.0932409661112151,68.4650434923126,20.1993140738189,211.348612519747,9.32409661112151
2021-02-18,45420,155,38961,111,6459,44,42606,119,291423,988,334029,1107,4,557,-38,1077,189,43786,6,1270,566,"Knox County",470313,160.531390797193,0.0977076287110109,235.375165049658,32.9567755941256,228.996434289505,9.77076287110109
2021-02-17,45265,114,38850,68,6415,46,42487,76,290435,892,332922,968,1,553,-49,1115,162,43597,4,1264,560,"Knox County",470313,163.082883101254,0.0984544934172868,205.820379194281,24.2391768885827,237.076159919033,9.84544934172868
2021-02-16,45151,146,38782,90,6369,56,42411,101,289543,818,331954,919,2,552,-41,1164,185,43435,4,1260,557,"Knox County",470313,168.185867709377,0.101745823165008,195.401785619364,31.0431563660796,247.49475349395,10.1745823165008
2021-02-15,45005,76,38692,36,6313,40,42310,43,288725,312,331035,355,2,550,-140,1205,214,43250,1,1256,557,"Knox County",470313,171.162608730781,0.102492036724752,75.4816473284812,16.1594512590551,256.212352199493,10.2492036724752
2021-02-14,44929,165,38656,135,6273,30,42267,135,288413,706,330680,841,2,548,20,1345,143,43036,5,1255,557,"Knox County",470313,188.810430500539,0.113063542776003,178.817085642965,35.0830191808434,285.979762413542,11.3063542776003
2021-02-13,44764,135,38521,91,6243,44,42132,106,287707,871,329839,977,4,546,-9,1325,140,42893,7,1250,556,"Knox County",470313,188.385181783195,0.11441063946074,207.733998422327,28.7042884206901,281.727275240106,11.441063946074
2021-02-12,44629,179,38430,114,6199,65,42026,124,286836,996,328862,1120,3,542,13,1334,163,42753,3,1243,552,"Knox County",470313,206.245627911625,0.111977095594083,238.139281712392,38.0597602022483,283.640894468152,11.1977095594083
2021-02-11,44450,162,38316,112,6134,50,41902,118,285840,1133,327742,1251,5,539,-34,1321,191,42590,5,1240,551,"Knox County",470313,207.733998422327,0.109314259057689,265.993072698394,34.4451461048281,280.876777805419,10.9314259057689
2021-02-10,44288,148,38204,106,6084,42,41784,112,284707,1032,326491,1144,7,534,-47,1355,188,42399,6,1235,549,"Knox County",470313,214.963226617168,0.111851067050098,243.242266320514,31.4684050834232,288.106006000259,11.1851067050098
2021-02-09,44140,209,38098,154,6042,55,41672,165,283675,1023,325347,1188,0,527,12,1402,197,42211,6,1229,547,"Knox County",470313,228.35856121349,0.116783013379872,252.597738102072,44.4384909624016,298.099350857833,11.6783013379872
2021-02-08,43931,107,37944,72,5987,35,41507,76,282652,371,324159,447,4,527,-159,1390,262,42014,2,1223,542,"Knox County",470313,234.949916332315,0.119977037887486,95.0430883262848,22.7508063778803,295.547858553772,11.9977037887486
2021-02-07,43824,108,37872,75,5952,33,41431,83,282281,716,323712,799,1,523,-28,1549,135,41752,2,1221,539,"Knox County",470313,222.830327888024,0.113196650303205,169.886862578751,22.963430736552,329.355131582584,11.3196650303205
2021-02-06,43716,304,37797,176,5919,128,41348,197,281565,1396,322913,1593,2,522,136,1577,166,41617,6,1219,538,"Knox County",470313,258.763844503554,0.116016971625564,338.710603364143,64.6378050362206,335.308613625394,11.6016971625564
2021-02-05,43412,177,37621,131,5791,46,41151,143,280169,727,321320,870,8,520,-4,1441,173,41451,4,1213,534,"Knox County",470313,258.33859578621,0.12260010970927,184.983192044447,37.6345114849047,306.391700846032,12.260010970927
2021-02-04,43235,199,37490,148,5745,51,41008,161,279442,1582,320450,1743,2,512,0,1445,197,41278,7,1209,531,"Knox County",470313,266.205697057066,0.120375128468654,370.604257164909,42.3122473756839,307.242198280719,12.0375128468654
2021-02-03,43036,230,37342,164,5694,66,40847,172,277860,1634,318707,1806,5,510,-8,1445,233,41081,7,1202,523,"Knox County",470313,283.640894468152,0.118044044518115,383.999591761231,48.903602494509,307.242198280719,11.8044044518115
2021-02-02,42806,91,37178,70,5628,21,40675,77,276226,291,316901,368,7,505,-160,1453,244,40848,1,1195,523,"Knox County",470313,258.551220144882,0.119197482297404,78.2457639912144,19.3488166391318,308.943193150094,11.9197482297404
2021-02-01,42715,153,37108,82,5607,71,40598,97,275935,425,316533,522,4,498,-125,1613,274,40604,2,1194,521,"Knox County",470313,268.331940643784,0.120763537202961,110.989915226668,32.5315268767821,342.963090537578,12.0763537202961
2021-01-31,42562,174,37026,120,5536,54,40501,129,275510,939,316011,1068,7,494,12,1738,155,40330,4,1192,518,"Knox County",470313,282.365148316121,0.122459222082811,227.082815061459,36.9966384088894,369.54113537155,12.2459222082811
2021-01-30,42388,277,36906,233,5482,44,40372,250,274571,1518,314943,1768,7,487,92,1726,178,40175,9,1188,516,"Knox County",470313,276.624290631983,0.126335174953959,375.919866131704,58.8969473520825,366.989643067489,12.6335174953959
2021-01-29,42111,101,36673,52,5438,49,40122,62,273053,376,313175,438,4,480,-140,1634,237,39997,1,1179,510,"Knox County",470313,260.464839372928,0.12290937378452,93.1294690982388,21.4750602258496,347.428202069686,12.290937378452
2021-01-28,42010,157,36621,116,5389,41,40060,129,272677,657,312737,786,9,476,-75,1774,223,39760,5,1178,505,"Knox County",470313,251.534616308714,0.135583185316755,167.122745916018,33.3820243114692,377.195612283734,13.5583185316755
2021-01-27,41853,168,36505,123,5348,45,39931,125,272020,894,311951,1019,12,467,-73,1849,229,39537,2,1173,501,"Knox County",470313,238.351906071063,0.145585525213604,216.664221486542,35.7208922568587,393.142439184118,14.5585525213604
2021-01-26,41685,234,36382,173,5303,61,39806,193,271126,1041,310932,1234,3,455,-26,1922,257,39308,7,1171,497,"Knox County",470313,268.757189361128,0.144111192392099,262.378458600974,49.7540999291961,408.664017367158,14.4111192392099
2021-01-25,41451,158,36209,106,5242,52,39613,115,270085,415,309698,530,9,452,-198,1948,347,39051,1,1164,490,"Knox County",470313,269.820311154486,0.146573140435482,112.690910096042,33.5946486701409,414.192250692624,14.6573140435481
2021-01-24,41293,157,36103,104,5190,53,39498,111,269670,791,309168,902,4,443,-98,2146,251,38704,2,1163,486,"Knox County",470313,266.205697057066,0.147521341920024,191.787171521944,33.3820243114692,456.291873709636,14.7521341920024
2021-01-23,41136,309,35999,222,5137,87,39387,232,268879,1492,308266,1724,7,439,63,2244,239,38453,7,1161,481,"Knox County",470313,273.009676534563,0.145786220413086,366.564394350146,65.7009268295794,477.12906085947,14.5786220413086
2021-01-22,40827,178,35777,143,5050,35,39155,176,267387,1173,306542,1349,3,432,-150,2181,325,38214,7,1154,478,"Knox County",470313,289.38175215229,0.143292682926829,286.830259848229,37.8471358435765,463.733726263148,14.3292682926829
2021-01-21,40649,268,35634,195,5015,73,38979,203,266214,1081,305193,1284,11,429,-125,2331,382,37889,6,1147,470,"Knox County",470313,312.983055964857,0.143620989803531,273.009676534563,56.9833281240365,495.627380063915,14.3620989803531
2021-01-20,40381,192,35439,131,4942,61,38776,131,265133,736,303909,867,10,418,-154,2456,336,37507,8,1141,465,"Knox County",470313,318.08604057298,0.147148288973384,184.345318968432,40.8238768649814,522.205424897887,14.7148288973384
2021-01-19,40189,310,35308,195,4881,115,38645,219,264397,957,303042,1176,8,408,-85,2610,387,37171,14,1133,455,"Knox County",470313,334.245491832035,0.15155771195097,250.046245798011,65.9135511882512,554.949576133341,15.155771195097
2021-01-18,39879,129,35113,80,4766,49,38426,87,263440,472,301866,559,7,400,-364,2695,486,36784,4,1119,452,"Knox County",470313,328.079385430554,0.147436712886401,118.857016497524,27.4285422686594,573.022646620442,14.7436712886401
2021-01-17,39750,181,35033,138,4717,43,38339,151,262968,690,301307,841,3,393,-205,3059,383,36298,8,1115,443,"Knox County",470313,333.182370038676,0.153717948717949,178.817085642965,38.4850089195918,650.417913176969,15.3717948717949
2021-01-16,39569,421,34895,340,4674,81,38188,389,262278,1757,300466,2146,1,390,9,3264,411,35915,7,1107,437,"Knox County",470313,356.996298209916,0.164923376307468,456.291873709636,89.5148550008186,694.005906704684,16.4923376307468
2021-01-15,39148,187,34555,149,4593,38,37799,153,260521,755,298320,908,0,389,-95,3255,282,35504,4,1100,429,"Knox County",470313,358.909917437962,0.171314741035857,193.062917673975,39.7607550716225,692.092287476638,17.1314741035857
2021-01-14,38961,338,34406,267,4555,71,37646,290,259766,1479,297412,1769,6,389,-91,3350,423,35222,7,1096,419,"Knox County",470313,373.793622544986,0.171788047423179,376.132490490376,71.867033231061,712.291601550457,17.1788047423179
2021-01-13,38623,249,34139,201,4484,48,37356,206,258287,946,295643,1152,12,383,-249,3441,486,34799,6,1089,412,"Knox County",470313,385.913210989277,0.174833352824231,244.943261189888,52.9434653092728,731.640418189589,17.4833352824231
2021-01-12,38374,332,33938,261,4436,71,37150,283,257341,1181,294491,1464,10,371,-176,3690,498,34313,6,1083,410,"Knox County",470313,390.590946880056,0.176377418259984,311.282061095483,70.5912870790304,784.583883498861,17.6377418259984
2021-01-11,38042,244,33677,197,4365,47,36867,228,256160,726,293027,954,4,361,-396,3866,636,33815,5,1077,405,"Knox County",470313,415.042748127311,0.184102230885857,202.843638172876,51.8803435159139,822.005770625094,18.4102230885857
2021-01-10,37798,328,33480,205,4318,123,36639,222,255434,1013,292073,1235,5,357,-6,4262,329,33179,17,1072,399,"Knox County",470313,446.298528852062,0.183942667220607,262.591082959646,69.7407896443432,906.205016659119,18.3942667220607
2021-01-09,37470,475,33275,393,4195,82,36417,426,254421,1384,290838,1810,5,352,101,4268,369,32850,12,1055,393,"Knox County",470313,457.780244220338,0.194575979337064,384.850089195918,100.996570369095,907.480762811149,19.4575979337064
2021-01-08,36995,459,32882,371,4113,88,35991,392,253037,1432,289028,1824,7,347,267,4167,185,32481,6,1043,391,"Knox County",470313,515.614069779062,0.200528996865204,387.826830217323,97.5945806303462,886.0057025853,20.0528996865204
2021-01-07,36536,389,32511,346,4025,43,35599,354,251605,1309,287204,1663,10,340,73,3900,306,32296,10,1037,383,"Knox County",470313,526.457912071323,0.208968521084934,353.594308471167,82.7108755233217,829.234998819935,20.8968521084934
2021-01-06,36147,497,32165,363,3982,134,35245,378,250296,1187,285541,1565,9,330,59,3827,429,31990,15,1027,380,"Knox County",470313,579.188753021924,0.217118402282454,332.757121321333,105.674306259874,813.713420636895,21.7118402282454
2021-01-05,35650,520,31802,327,3848,193,34867,345,249109,1193,283976,1538,14,321,32,3768,474,31561,14,1012,371,"Knox County",470313,619.162132452218,0.221456228161299,327.016263637195,110.564666509325,801.16858347526,22.1456228161299
2021-01-04,35130,322,31475,228,3655,94,34522,249,247916,654,282438,903,6,307,-222,3736,538,31087,6,998,365,"Knox County",470313,635.746832428617,0.224520781932055,191.999795880616,68.4650434923126,794.364603997763,22.4520781932055
2021-01-03,34808,285,31247,182,3561,103,34273,195,247262,608,281535,803,2,301,-15,3958,298,30549,10,992,357,"Knox County",470313,626.60398500573,0.231446665347318,170.737360013438,60.5979422214568,841.567211622898,23.1446665347318
2021-01-02,34523,422,31065,319,3458,103,34078,345,246654,1095,280732,1440,0,299,105,3973,317,30251,22,982,348,"Knox County",470313,615.334893996126,0.231922760887428,306.179076487361,89.7274793594904,844.756577002974,23.1922760887428
2021-01-01,34101,419,30746,349,3355,70,33733,374,245559,1297,279292,1671,2,299,2,3868,415,29934,7,960,344,"Knox County",470313,606.829919649255,0.233747260774288,355.295303340541,89.089606283475,822.431019342438,23.3747260774288
2020-12-31,33682,448,30397,311,3285,137,33359,322,244262,929,277621,1251,12,297,0,3866,436,29519,8,953,338,"Knox County",470313,619.37475681089,0.240758913967942,265.993072698394,95.2557126849566,822.005770625094,24.0758913967942
2020-12-30,33234,363,30086,248,3148,115,33037,271,243333,931,276370,1202,6,285,-146,3866,503,29083,9,945,335,"Knox County",470313,590.883092748871,0.238533151680291,255.574479123477,77.1826421978555,822.005770625094,23.8533151680291
2020-12-29,32871,590,29838,398,3033,192,32766,420,242402,1081,275168,1501,7,279,110,4012,473,28580,14,936,331,"Knox County",470313,605.766797855896,0.248090297571543,319.149162366339,125.448371616349,853.048926991174,24.8090297571543
2020-12-28,32281,252,29440,174,2841,78,32346,185,241321,565,273667,750,4,272,-331,3902,579,28107,4,922,323,"Knox County",470313,590.883092748871,0.245068461359944,159.468269003834,53.5813383852881,829.660247537278,24.5068461359944
2020-12-27,32029,230,29266,156,2763,74,32161,172,240756,489,272917,661,3,268,-74,4233,301,27528,8,918,318,"Knox County",470313,579.188753021924,0.246460594620104,140.544701082045,48.903602494509,900.038910257637,24.6460594620104
2020-12-26,31799,358,29110,288,2689,70,31989,328,240267,1064,272256,1392,0,265,59,4307,299,27227,10,910,311,"Knox County",470313,565.58079406693,0.245847176079734,295.973107271115,76.1195204044966,915.773112799348,24.5847176079734
2020-12-25,31441,353,28822,287,2619,66,31661,308,239203,1070,270864,1378,1,265,-101,4248,453,26928,5,900,306,"Knox County",470313,551.547586394592,0.246588813767671,292.99636624971,75.0563986111377,903.228275637714,24.6588813767671
2020-12-24,31088,351,28535,277,2553,74,31353,311,238133,1273,269486,1584,5,264,-111,4349,457,26475,8,895,299,"Knox County",470313,530.92302360343,0.235592820028342,336.796984136097,74.6311498937941,924.703335863563,23.5592820028342
2020-12-23,30737,472,28258,351,2479,121,31042,371,236860,1411,267902,1782,6,259,-14,4460,480,26018,9,887,292,"Knox County",470313,554.099078698654,0.231542882404951,378.896607153109,100.358697293079,948.304639676131,23.1542882404951
2020-12-22,30265,530,27907,392,2358,138,30671,432,235449,1470,266120,1902,7,253,-26,4474,549,25538,15,878,285,"Knox County",470313,541.341617178347,0.222986559424278,404.411530193722,112.690910096042,951.281380697535,22.2986559424278
2020-12-21,29735,442,27515,361,2220,81,30239,391,233979,1423,264218,1814,2,246,-137,4500,577,24989,5,863,279,"Knox County",470313,581.740245325985,0.22001331684581,385.700586630606,93.9799665329259,956.809614023002,22.001331684581
2020-12-20,29293,514,27154,431,2139,83,29848,478,232556,2245,262404,2723,2,244,234,4637,278,24412,7,858,276,"Knox County",470313,642.12556318877,0.208270377733598,578.976128663252,109.288920357294,985.939151161035,20.8270377733598
2020-12-19,28779,525,26723,441,2056,84,29370,489,230311,1445,259681,1934,6,242,253,4403,266,24134,13,851,270,"Knox County",470313,677.633831086957,0.211938705496684,411.215509671219,111.627788302684,936.185051231839,21.1938705496684
2020-12-18,28254,480,26282,420,1972,60,28881,430,228866,1358,257747,1788,4,236,98,4150,378,23868,11,838,263,"Knox County",470313,704.637124638273,0.214533895172618,380.172353305139,102.059692162454,882.391088487879,21.4533895172618
2020-12-17,27774,733,25862,634,1912,99,28451,663,227508,1898,255959,2561,11,232,288,4052,434,23490,11,827,257,"Knox County",470313,785.859629650892,0.224351902923331,544.530982558424,155.853654906413,861.553901338045,22.4351902923332
2020-12-16,27041,564,25228,452,1813,112,27788,472,225610,1729,253398,2201,8,221,99,3764,457,23056,11,816,253,"Knox County",470313,805.421070648696,0.224820746498693,467.986213436584,119.920138290883,800.318086040573,22.4820746498693
2020-12-15,26477,765,24776,675,1701,90,27316,716,223881,2415,251197,3131,2,213,324,3665,439,22599,15,805,249,"Knox County",470313,855.387794936564,0.225297176820208,665.726867001337,162.65763438391,779.268274532067,22.5297176820208
2020-12-14,25712,472,24101,411,1611,61,26600,462,221466,1624,248066,2086,6,211,-12,3341,478,22160,7,790,241,"Knox County",470313,861.766525696717,0.225888943010229,443.534412189329,100.358697293079,710.377982322411,22.5888943010229
2020-12-13,25240,628,23690,572,1550,56,26138,757,219842,2935,245980,3692,2,205,399,3353,227,21682,10,783,234,"Knox County",470313,886.0057025853,0.229345138848962,785.009132216205,133.528097245877,712.929474626472,22.9345138848962
2020-12-12,24612,464,23118,392,1494,72,25381,454,216907,2172,242288,2626,3,203,182,2954,279,21455,19,773,228,"Knox County",470313,873.035616706321,0.21863422726016,558.351565872089,98.6577024237051,628.092355516433,21.863422726016
2020-12-11,24148,557,22726,523,1422,34,24927,430,214735,1407,239662,1837,6,200,281,2772,270,21176,10,754,224,"Knox County",470313,889.407692324048,0.218043454284769,390.590946880056,118.43176778018,589.394722238169,21.8043454284769
2020-12-10,23591,473,22203,414,1388,59,24497,540,213328,1910,237825,2450,8,194,325,2491,140,20906,9,744,222,"Knox County",470313,834.125359069386,0.212561726682572,520.929678745856,100.571321651751,529.647277451399,21.2561726682572
2020-12-09,23118,407,21789,337,1329,70,23957,359,211418,924,235375,1283,2,186,77,2166,328,20766,13,735,212,"Knox County",470313,800.743334757917,0.217363344051447,272.797052175891,86.5381139794137,460.544360883071,21.7363344051447
2020-12-08,22711,491,21452,446,1259,45,23598,539,210494,2077,234092,2616,9,184,126,2089,356,20438,9,722,209,"Knox County",470313,742.484260481849,0.213441832429174,556.225322285372,104.398560107843,444.172285265345,21.3441832429174
2020-12-07,22220,323,21006,271,1214,52,23059,317,208417,1135,231476,1452,3,175,-128,1963,448,20082,6,713,207,"Knox County",470313,710.803231039754,0.212835297066934,308.730568791422,68.6776678509843,417.3816160727,21.2835297066934
2020-12-06,21897,332,20735,291,1162,41,22742,187,207282,668,230024,855,6,172,103,2091,223,19634,6,707,204,"Knox County",470313,647.866420872908,0.215412760118912,181.79382666437,70.5912870790304,444.597533982688,21.5412760118911
2020-12-05,21565,289,20444,263,1121,26,22555,213,206614,714,229169,927,2,166,55,1988,232,19411,8,701,200,"Knox County",470313,610.657158105347,0.226357267950963,197.102780488738,61.4484396561439,422.697225039495,22.6357267950963
2020-12-04,21276,354,20181,322,1095,32,22342,297,205900,1091,228242,1388,5,164,17,1933,332,19179,11,693,198,"Knox County",470313,567.494413294976,0.223498313736214,295.122609836428,75.2690229698095,411.002885312547,22.3498313736214
2020-12-03,20922,441,19859,424,1063,17,22045,448,204809,1215,226854,1663,2,159,180,1916,259,18847,10,682,193,"Knox County",470313,560.690433817479,0.231736056559309,353.594308471167,93.7673421742542,407.388271215127,23.1736056559309
2020-12-02,20481,192,19435,170,1046,22,21597,185,203594,575,225191,760,2,157,-146,1736,336,18588,7,672,191,"Knox County",470313,514.976196703047,0.226270572404513,161.594512590551,40.8238768649814,369.115886654207,22.6270572404513
2020-12-01,20289,403,19265,380,1024,23,21412,409,203019,1832,224431,2241,5,155,87,1882,311,18252,7,665,186,"Knox County",470313,496.26525313993,0.221408572043937,476.491187783455,85.6876165447266,400.159043020287,22.1408572043937
2020-11-30,19886,385,18885,371,1001,14,21003,436,201187,1815,222190,2251,1,150,24,1795,360,17941,3,658,183,"Knox County",470313,509.44796337758,0.215666831928607,478.617431370173,81.8603780886346,381.660723815842,21.5666831928607
2020-11-29,19501,226,18514,218,987,8,20567,261,199372,1465,219939,1726,0,149,40,1771,186,17581,5,655,180,"Knox County",470313,486.909781358372,0.205275648046732,366.989643067489,48.0531050598219,376.557739207719,20.5275648046732
2020-11-28,19275,271,18296,257,979,14,20306,299,197907,1967,218213,2266,0,149,73,1731,198,17395,8,650,174,"Knox County",470313,483.08254290228,0.189914599430663,481.806796750249,57.6212012000519,368.052764860848,18.9914599430663
2020-11-27,19004,235,18039,215,965,20,20007,249,195940,1247,215947,1496,3,149,-6,1658,238,17197,12,642,170,"Knox County",470313,457.780244220338,0.184390873175845,318.08604057298,49.9667242878679,352.531186677808,18.4390873175845
2020-11-26,18769,344,17824,341,945,3,19758,441,194693,1429,214451,1870,4,146,48,1664,292,16959,5,630,168,"Knox County",470313,437.155681429176,0.18080888183981,397.607550716225,73.1427793830917,353.806932829839,18.080888183981
2020-11-25,18425,219,17483,193,942,26,19317,123,193264,325,212581,448,0,142,-58,1616,277,16667,3,625,162,"Knox County",470313,442.896539113314,0.180354529191738,95.2557126849566,46.5647345491194,343.600963613593,18.0354529191738
2020-11-24,18206,153,17290,130,916,23,19194,116,192939,673,212133,789,2,142,-111,1674,262,16390,6,622,160,"Knox County",470313,389.740449445369,0.177484787018256,167.760618992033,32.5315268767821,355.933176416557,17.7484787018256
2020-11-23,18053,167,17160,146,893,21,19078,100,192266,392,211344,492,3,140,-98,1785,262,16128,7,616,158,"Knox County",470313,343.388339254922,0.174865192032574,104.611184466515,35.508267898187,379.534480229124,17.4865192032574
2020-11-22,17886,220,17014,212,872,8,18978,258,191874,1808,210852,2066,2,137,86,1883,132,15866,5,609,151,"Knox County",470313,342.112593102891,0.168240161238994,439.281925015894,46.7773589077912,400.371667378958,16.8240161238994
2020-11-21,17666,173,16802,169,864,4,18720,198,190066,1465,208786,1663,0,135,2,1797,171,15734,4,604,149,"Knox County",470313,321.275405953057,0.168291024478694,353.594308471167,36.7840140502176,382.085972533185,16.8291024478694
2020-11-20,17493,178,16633,169,860,9,18522,163,188601,791,207123,954,7,135,-17,1795,188,15563,5,600,147,"Knox County",470313,309.155817508765,0.168920550591645,202.843638172876,37.8471358435765,381.660723815842,16.8920550591645
2020-11-19,17315,166,16464,148,851,18,18359,128,187810,663,206169,791,2,128,-28,1812,192,15375,4,595,143,"Knox County",470313,271.308681665189,0.150770512286547,168.185867709377,35.2956435395152,385.275337913262,15.0770512286547
2020-11-18,17149,168,16316,163,833,5,18231,179,187147,875,205378,1054,0,126,-9,1840,177,15183,7,591,138,"Knox County",470313,260.464839372928,0.146241516199257,224.106074040054,35.7208922568587,391.228819956072,14.6241516199257
2020-11-17,16981,248,16153,240,828,8,18052,260,186272,1033,204324,1293,9,126,86,1849,153,15006,6,584,137,"Knox County",470313,280.664153446747,0.154697461806809,274.923295762609,52.730840950601,393.142439184118,15.4697461806809
2020-11-16,16733,272,15913,261,820,11,17792,286,185239,1409,203031,1695,2,117,79,1763,191,14853,6,578,136,"Knox County",470313,302.989711107284,0.154686843211433,360.398287948664,57.8338255587237,374.856744338345,15.4686843211433
2020-11-15,16461,274,15652,247,809,27,17506,295,183830,2278,201336,2573,2,115,162,1684,110,14662,3,572,134,"Knox County",470313,314.47142647556,0.150553726429213,547.082474862485,58.2590742760672,358.059420003274,15.0553726429213
2020-11-14,16187,306,15405,293,782,13,17211,321,181552,1699,198763,2020,0,113,188,1522,118,14552,7,569,130,"Knox County",470313,342.750466178906,0.157225433526012,429.501204516992,65.0630537535641,323.614273898446,15.7225433526012
2020-11-13,15881,219,15112,200,769,19,16890,190,179853,965,196743,1155,4,113,73,1334,142,14434,6,562,127,"Knox County",470313,351.468064884449,0.156790473490218,245.581134265904,46.5647345491194,283.640894468152,15.6790473490218
2020-11-12,15662,143,14912,130,750,13,16700,136,178888,955,195588,1091,1,109,-3,1261,145,14292,3,556,126,"Knox County",470313,346.577704634998,0.153202830622185,231.97317531091,30.4052832900643,268.119316285112,15.3202830622185
2020-11-11,15519,191,14782,177,737,14,16564,191,177933,1229,194497,1420,3,108,23,1264,165,14147,7,553,124,"Knox County",470313,351.468064884449,0.149284253578732,301.926589313925,40.6112525063096,268.757189361128,14.9284253578732
2020-11-10,15328,168,14605,163,723,5,16373,186,176704,1131,193077,1317,2,105,24,1241,142,13982,4,546,123,"Knox County",470313,334.458116190707,0.142400851743412,280.026280370732,35.7208922568587,263.866829111677,14.2400851743412
2020-11-09,15160,135,14442,121,718,14,16187,131,175573,490,191760,621,1,103,-16,1217,150,13840,2,542,121,"Knox County",470313,305.328579052673,0.142198685888006,132.039726735174,28.7042884206901,258.763844503554,14.2198685888006
2020-11-08,15025,215,14321,203,704,12,16056,252,175083,2625,191139,2877,1,102,94,1233,120,13690,3,540,119,"Knox County",470313,292.783741891039,0.133987239310542,611.720279898706,45.7142371144323,262.165834242302,13.3987239310542
2020-11-07,14810,169,14118,161,692,8,15804,187,172458,1918,188262,2105,1,101,59,1139,109,13570,5,537,114,"Knox County",470313,263.654204753005,0.120253164556962,447.574275004093,35.9335166155305,242.179144527155,12.0253164556962
2020-11-06,14641,155,13957,138,684,17,15617,160,170540,1236,186157,1396,0,100,24,1080,131,13461,5,532,114,"Knox County",470313,250.046245798011,0.114805578645978,296.823604705802,32.9567755941256,229.63430736552,11.4805578645978
2020-11-05,14486,158,13819,142,667,16,15457,151,169304,613,184761,764,1,100,33,1056,124,13330,6,527,111,"Knox County",470313,253.235611178088,0.119809523809524,162.445010025239,33.5946486701409,224.531322757398,11.9809523809524
2020-11-04,14328,145,13677,132,651,13,15306,148,168691,934,183997,1082,-1,99,20,1023,126,13206,5,521,110,"Knox County",470313,243.454890679186,0.119563078134226,230.059556082864,30.8305320074078,217.514718921229,11.9563078134226
2020-11-03,14183,196,13545,183,638,13,15158,195,167757,836,182915,1031,3,100,44,1003,149,13080,5,516,108,"Knox County",470313,249.408372721996,0.123936816524909,219.215713790603,41.6743742996685,213.262231747793,12.3936816524909
2020-11-02,13987,116,13362,110,625,6,14963,115,166921,807,181884,922,1,97,-36,959,151,12931,2,511,107,"Knox County",470313,245.368509907232,0.118699027218237,196.039658695379,24.6644256059263,203.906759966235,11.8699027218237
2020-11-01,13871,124,13252,116,619,8,14848,131,166114,1273,180962,1404,0,96,14,995,110,12780,3,509,105,"Knox County",470313,226.0196932681,0.124885110294118,298.524599575177,26.3654204753005,211.561236878419,12.4885110294118
2020-10-31,13747,5,13136,5,611,0,14717,7,164841,4,179558,11,0,96,-99,981,104,12670,0,506,103,"Knox County",470313,191.149298445929,0.137216338880484,2.33886794538956,1.06312179335889,208.584495857014,13.7216338880484
2020-10-30,13742,156,13131,146,611,10,14710,148,164837,853,179547,1001,1,96,27,1080,128,12566,4,506,102,"Knox County",470313,191.3619228046,0.144006436041834,212.83698303045,33.1693999527974,229.63430736552,14.4006436041834
2020-10-29,13586,152,12985,138,601,14,14562,136,163984,1569,178546,1705,0,95,49,1053,103,12438,4,502,102,"Knox County",470313,190.08617665257,0.122973728339855,362.524531535382,32.3189025181103,223.893449681382,12.2973728339855
2020-10-28,13434,103,12847,96,587,7,14426,102,162415,1055,176841,1157,3,95,-47,1004,147,12335,8,498,101,"Knox County",470313,181.155953588355,0.115336744571982,246.006382983247,21.9003089431931,213.474856106465,11.5336744571982
2020-10-27,13331,119,12751,113,580,6,14324,127,161360,799,175684,926,1,92,-6,1051,124,12188,3,490,100,"Knox County",470313,164.783877970628,0.107493685096829,196.890156130067,25.3022986819416,223.468200964039,10.7493685096829
2020-10-26,13212,81,12638,74,574,7,14197,73,160561,372,174758,445,2,91,-72,1057,151,12064,1,487,98,"Knox County",470313,157.342025417116,0.108888554669875,94.6178396089413,17.222573052414,224.74394711607,10.8888554669875
2020-10-25,13131,132,12564,121,567,11,14124,151,160189,1365,174313,1516,0,89,53,1129,79,11913,3,486,98,"Knox County",470313,159.04302028649,0.110042893063156,322.338527746416,28.0664153446747,240.052900940438,11.0042893063156
2020-10-24,12999,172,12443,167,556,5,13973,202,158824,1789,172797,1991,0,89,56,1076,116,11834,5,483,97,"Knox County",470313,194.551288184677,0.107424779773481,423.33509811551,36.5713896915458,228.783809930833,10.7424779773481
2020-10-23,12827,159,12276,148,551,11,13771,172,157035,1239,170806,1411,1,89,39,1020,119,11718,5,478,96,"Knox County",470313,195.189161260692,0.105234400611955,300.012970085879,33.8072730288127,216.876845845214,10.5234400611955
2020-10-22,12668,182,12128,168,540,14,13599,169,155796,1607,169395,1776,1,88,59,981,122,11599,5,473,96,"Knox County",470313,201.567892020846,0.108002602472349,377.620861001078,38.6976332782636,208.584495857014,10.8002602472349
2020-10-21,12486,72,11960,68,526,4,13430,74,154189,682,167619,756,0,87,-32,922,104,11477,1,468,96,"Knox County",470313,194.976536902021,0.109738124929146,160.744015155864,15.308953824368,196.039658695379,10.9738124929146
2020-10-20,12414,127,11892,121,522,6,13356,150,153507,739,166863,889,0,87,13,954,114,11373,7,467,95,"Knox County",470313,196.677531771395,0.112818761384335,189.023054859211,27.0032935513158,202.843638172876,11.2818761384335
2020-10-19,12287,112,11771,107,516,5,13206,117,152768,939,165974,1056,1,87,-9,941,120,11259,6,460,94,"Knox County",470313,203.26888689022,0.110164981373071,224.531322757398,23.8139281712392,200.079521510143,11.0164981373071
2020-10-18,12175,140,11664,135,511,5,13089,168,151829,1431,164918,1599,0,86,51,950,89,11139,7,454,94,"Knox County",470313,204.969881759594,0.11099388056552,339.986349516173,29.7674102140489,201.993140738189,11.099388056552
2020-10-17,12035,128,11529,125,506,3,12921,154,150398,1458,163319,1612,1,86,42,899,85,11050,3,447,93,"Knox County",470313,195.614409978036,0.110341795801736,342.750466178906,27.2159179099876,191.149298445929,11.0341795801736
2020-10-16,11907,72,11404,71,503,1,12767,61,148940,390,161707,451,1,85,-26,857,97,10965,3,444,92,"Knox County",470313,177.116090773591,0.109718638653397,95.893585760972,15.308953824368,182.219075381714,10.9718638653397
2020-10-15,11835,74,11333,62,502,12,12706,66,148550,941,161256,1007,1,84,-56,883,129,10868,3,441,90,"Knox County",470313,154.152660037039,0.10719131614654,214.112729182481,15.7342025417116,187.74730870718,10.719131614654
2020-10-14,11761,149,11271,143,490,6,12640,150,147609,1086,160249,1236,0,83,58,939,91,10739,5,438,88,"Knox County",470313,170.524735654766,0.11031847133758,262.803707318318,31.6810294420949,199.6542727928,11.031847133758
2020-10-13,11612,71,11128,68,484,3,12490,63,146523,581,159013,644,1,83,-36,881,106,10648,6,433,88,"Knox County",470313,158.617771569146,0.102432610124918,136.930086984625,15.0963294656962,187.322059989837,10.2432610124918
2020-10-12,11541,79,11060,66,481,13,12427,87,145942,806,158369,893,0,82,-42,917,121,10542,5,427,87,"Knox County",470313,151.601167732978,0.100644987906477,189.873552293898,16.7973243350705,194.976536902021,10.0644987906477
2020-10-11,11462,170,10994,163,468,7,12340,179,145136,1612,157476,1791,0,82,94,959,76,10421,8,422,85,"Knox County",470313,157.979898493131,0.0995546240503013,380.810226381155,36.1461409742023,203.906759966235,9.95546240503013
2020-10-10,11292,130,10831,122,461,8,12161,132,143524,1393,155685,1525,0,82,46,865,84,10345,3,414,85,"Knox County",470313,158.405147210475,0.0977872002120048,324.252146974462,27.6411666273312,183.920070251088,9.77872002120048
2020-10-09,11162,120,10709,118,453,2,12029,134,142131,1336,154160,1470,0,82,34,819,86,10261,3,411,85,"Knox County",470313,168.61111642672,0.0946766285314032,312.557807247514,25.5149230406134,174.139349752186,9.46766285314032
2020-10-08,11042,110,10591,102,451,8,11895,103,140795,943,152690,1046,1,82,32,785,77,10175,4,408,85,"Knox County",470313,176.265593338904,0.0985473561882626,222.40507917068,23.3886794538956,166.910121557346,9.85473561882626
2020-10-07,10932,104,10489,88,443,16,11792,95,139852,1650,151644,1745,0,81,11,753,93,10098,5,404,85,"Knox County",470313,166.697497198674,0.087008997147246,371.029505882253,22.1129333018649,160.106142079849,8.7008997147246
2020-10-06,10828,115,10401,102,427,13,11697,114,138202,1393,149899,1507,0,81,3,742,112,10005,4,399,84,"Knox County",470313,176.052968980232,0.0845945675052621,320.42490851837,24.4518012472545,157.767274134459,8.45945675052621
2020-10-05,10713,118,10299,109,414,9,11583,123,136809,1238,148392,1361,0,81,11,739,107,9893,5,395,84,"Knox County",470313,184.345318968432,0.0842508377213978,289.38175215229,25.0896743232698,157.129401058444,8.42508377213978
2020-10-04,10595,96,10190,89,405,7,11460,99,135571,1827,147031,1926,1,81,31,728,64,9786,2,390,82,"Knox County",470313,168.61111642672,0.0756143667296786,409.514514801845,20.4119384324907,154.790533113054,7.56143667296786
2020-10-03,10499,77,10101,76,398,1,11361,92,133744,1864,145105,1956,0,80,6,697,71,9722,2,388,82,"Knox County",470313,157.342025417116,0.0690218872037054,415.893245561998,16.3720756177269,148.199177994229,6.90218872037054
2020-10-02,10422,82,10025,79,397,3,11269,82,131880,602,143149,684,0,80,-17,691,99,9651,1,386,82,"Knox County",470313,149.262299787588,0.0692420537897311,145.435061331496,17.4351974110858,146.923431842199,6.92420537897311
2020-10-01,10340,71,9946,68,394,3,11187,73,131278,683,142465,756,0,80,2,708,69,9552,1,385,82,"Knox County",470313,140.969949799389,0.0682435832913941,160.744015155864,15.0963294656962,150.538045939619,6.82435832913941
2020-09-30,10269,75,9878,72,391,3,11114,70,130595,675,141709,745,1,80,-32,706,106,9483,2,384,82,"Knox County",470313,134.803843397907,0.0730833799664242,158.405147210475,15.9468269003834,150.112797222275,7.30833799664242
2020-09-29,10194,80,9806,75,388,5,11044,87,129920,1140,140964,1227,-1,79,-16,738,97,9377,2,382,82,"Knox County",470313,127.361990844395,0.0723281340265742,260.890088090272,17.0099486937423,156.916776699772,7.23281340265742
2020-09-28,10114,57,9731,51,383,6,10957,49,128780,431,139737,480,1,80,-70,754,126,9280,3,380,81,"Knox County",470313,114.391904965417,0.0710059171597633,102.059692162454,12.1195884442914,160.318766438521,7.10059171597633
2020-09-27,10057,72,9680,67,377,5,10908,79,128349,978,139257,1057,0,79,-18,824,90,9154,3,377,79,"Knox County",470313,109.288920357294,0.0770456191165822,224.74394711607,15.308953824368,175.202471545545,7.70456191165822
2020-09-26,9985,126,9613,121,372,5,10829,136,127371,2087,138200,2223,4,79,8,842,114,9064,5,374,79,"Knox County",470313,119.707513932211,0.0803123257110987,472.663949327363,26.790669192644,179.029710001637,8.03123257110987
2020-09-25,9859,102,9492,100,367,2,10693,103,125284,1439,135977,1542,0,75,-3,834,105,8950,1,369,79,"Knox County",470313,123.960001105647,0.074346201743462,327.866761071882,21.6876845845214,177.328715132263,7.4346201743462
2020-09-24,9757,92,9392,89,365,3,10590,105,123845,1717,134435,1822,0,75,-52,837,144,8845,3,368,76,"Knox County",470313,128.425112637754,0.0691512752858399,387.40158149998,19.5614409978036,177.966588208278,6.91512752858399
2020-09-23,9665,53,9303,52,362,1,10485,49,122128,432,132613,481,2,75,-123,889,174,8701,2,365,76,"Knox County",470313,123.747376746975,0.0688405797101449,102.272316521125,11.2690910096042,189.023054859211,6.88405797101449
2020-09-22,9612,82,9251,75,361,7,10436,88,121696,1140,132132,1228,1,73,-53,1012,134,8527,3,363,76,"Knox County",470313,124.172625464318,0.0689459979621873,261.102712448944,17.4351974110858,215.175850975839,6.89459979621873
2020-09-21,9530,34,9176,30,354,4,10348,32,120556,379,130904,411,0,72,-103,1065,137,8393,2,360,76,"Knox County",470313,119.282265214868,0.0675490643541762,87.3886114141008,7.22922819484046,226.444941985444,6.75490643541762
2020-09-20,9496,97,9146,78,350,19,10316,88,120177,707,130493,795,0,72,-17,1168,114,8256,1,358,76,"Knox County",470313,124.597874181662,0.0706892495883322,169.036365144064,20.6245627911625,248.345250928637,7.06892495883322
2020-09-19,9399,132,9068,129,331,3,10228,136,119470,1466,129698,1602,1,72,31,1185,100,8142,5,357,74,"Knox County",470313,125.873620333693,0.0762593579494988,340.624222592189,28.0664153446747,251.959865026057,7.62593579494988
2020-09-18,9267,118,8939,114,328,4,10092,129,118004,1606,128096,1735,3,71,-16,1154,131,8042,3,352,74,"Knox County",470313,129.275610072441,0.0776566757493188,368.903262295535,25.0896743232698,245.368509907232,7.76566757493188
2020-09-17,9149,126,8825,119,324,7,9963,124,116398,1516,126361,1640,0,68,-15,1170,141,7911,6,349,74,"Knox County",470313,136.504838267282,0.0818550430816016,348.703948221716,26.790669192644,248.77049964598,8.18550430816016
2020-09-16,9023,99,8706,77,317,22,9839,117,114882,768,124721,885,1,68,-90,1185,188,7770,3,343,72,"Knox County",470313,146.285558766183,0.0860655737704918,188.172557424524,21.049811508506,251.959865026057,8.60655737704918
2020-09-15,8924,132,8629,126,295,6,9722,136,114114,1338,123836,1474,0,67,-65,1275,197,7582,3,340,71,"Knox County",470313,156.916776699772,0.089206274877078,313.408304682201,28.0664153446747,271.096057306517,8.9206274877078
2020-09-14,8792,127,8503,124,289,3,9586,136,112776,902,122362,1038,0,67,-68,1340,195,7385,5,337,71,"Knox County",470313,176.690842056248,0.0944486857890719,220.704084301306,27.0032935513158,284.916640620183,9.44486857890719
2020-09-13,8665,143,8379,136,286,7,9450,148,111874,1008,121324,1156,0,67,-8,1408,151,7190,0,332,71,"Knox County",470313,186.471562555149,0.0971668415529906,245.793758624576,30.4052832900643,299.375097009864,9.71668415529906
2020-09-12,8522,130,8243,123,279,7,9302,141,110866,1177,120168,1318,1,67,29,1416,100,7039,1,332,71,"Knox County",470313,186.046313837806,0.100692191217824,280.238904729404,27.6411666273312,301.076091879238,10.0692191217824
2020-09-11,8392,104,8120,95,272,9,9161,106,109689,773,118850,879,0,66,-17,1387,121,6939,5,331,69,"Knox County",470313,183.069572816401,0.108224076281287,186.896811272493,22.1129333018649,294.909985477756,10.8224076281287
2020-09-10,8288,192,8025,189,263,3,9055,192,108916,1501,117971,1693,0,66,89,1404,103,6818,5,326,67,"Knox County",470313,197.102780488738,0.115598720833827,359.97303923132,40.8238768649814,298.524599575177,11.5598720833827
2020-09-09,8096,91,7836,82,260,9,8863,93,107415,1710,116278,1803,0,66,-23,1315,114,6715,2,321,67,"Knox County",470313,195.401785619364,0.101698536481145,383.361718685216,19.3488166391318,279.601031653388,10.1698536481145
2020-09-08,8005,126,7754,124,251,2,8770,133,105705,702,114475,835,1,66,30,1338,95,6601,8,319,67,"Knox County",470313,194.126039467333,0.108805319880761,177.541339490935,26.790669192644,284.491391902839,10.8805319880761
2020-09-07,7879,95,7630,92,249,3,8637,98,105003,347,113640,445,1,65,11,1308,83,6506,0,311,67,"Knox County",470313,187.322059989837,0.112067905031369,94.6178396089413,20.1993140738189,278.112661142686,11.2067905031369
2020-09-06,7784,96,7538,92,246,4,8539,94,104656,476,113195,570,0,64,23,1297,73,6423,1,311,67,"Knox County",470313,177.328715132263,0.113615272438022,121.195884442914,20.4119384324907,275.773793197296,11.3615272438022
2020-09-05,7688,284,7446,282,242,2,8445,295,104180,1506,112625,1801,0,64,215,1274,69,6350,4,310,64,"Knox County",470313,210.072866367717,0.125965611761774,382.936469967872,60.385317862785,270.883432947845,12.5965611761774
2020-09-04,7404,93,7164,89,240,4,8150,97,102674,565,110824,662,1,64,16,1059,76,6281,0,306,64,"Knox County",470313,207.733998422327,0.12831348444103,140.757325440717,19.7740653564754,225.169195833413,12.831348444103
2020-09-03,7311,190,7075,184,236,6,8053,198,102109,1798,110162,1996,2,63,107,1043,81,6205,6,306,64,"Knox County",470313,207.308749704984,0.124260355029586,424.398219908869,40.3986281476379,221.767206094665,12.4260355029586
2020-09-02,7121,124,6891,120,230,4,7855,121,100311,1461,108166,1582,2,61,40,936,82,6124,5,300,63,"Knox County",470313,214.325353541152,0.131288810036751,336.371735418753,26.3654204753005,199.016399716784,13.1288810036751
2020-09-01,6997,153,6771,146,226,7,7734,158,98850,660,106584,818,2,59,64,896,87,6042,4,295,62,"Knox County",470313,220.06621122529,0.134747269494539,173.926725393515,32.5315268767821,190.511425369913,13.4747269494539
2020-08-31,6844,99,6625,93,219,6,7576,94,98190,431,105766,525,0,57,18,832,81,5955,3,291,59,"Knox County",470313,220.916708659978,0.132889112396279,111.627788302684,21.049811508506,176.903466414919,13.2889112396279
2020-08-30,6745,72,6532,71,213,1,7482,76,97759,423,105241,499,1,57,5,814,66,5874,1,288,59,"Knox County",470313,215.813724051855,0.131802613218318,106.099554977217,15.308953824368,173.076227958827,13.1802613218318
2020-08-29,6673,118,6461,113,212,5,7406,125,97336,1391,104742,1516,5,56,37,809,76,5808,3,287,57,"Knox County",470313,180.51808051234,0.114372203211371,322.338527746416,25.0896743232698,172.013106165469,11.4372203211371
2020-08-28,6555,89,6348,85,207,4,7281,91,95945,309,103226,400,0,51,-7,772,96,5732,3,284,57,"Knox County",470313,179.667583077653,0.117639040348964,85.0497434687113,18.9235679217883,164.146004894613,11.7639040348964
2020-08-27,6466,116,6263,112,203,4,7190,134,95636,1987,102826,2121,0,51,24,779,92,5636,2,281,57,"Knox County",470313,163.933380535941,0.107090202385739,450.976264742841,24.6644256059263,165.634375405315,10.7090202385739
2020-08-26,6350,77,6151,76,199,1,7056,86,93649,794,100705,880,0,51,-15,755,92,5544,3,279,56,"Knox County",470313,153.940035678367,0.113034472555112,187.109435631165,16.3720756177269,160.531390797193,11.3034472555112
2020-08-25,6273,87,6075,82,198,5,6970,96,92855,896,99825,992,2,51,-6,770,91,5452,3,276,55,"Knox County",470313,139.90682800603,0.101254868022501,210.923363802404,18.4983192044447,163.720756177269,10.1254868022501
2020-08-24,6186,32,5993,28,193,4,6874,29,91959,261,98833,290,0,49,-66,776,98,5361,1,273,55,"Knox County",470313,125.660995975021,0.0951030158256196,61.6610640148157,6.8039794774969,164.9965023293,9.51030158256196
2020-08-23,6154,76,5965,75,189,1,6845,74,91698,566,98543,640,0,49,13,842,63,5263,3,272,55,"Knox County",470313,126.511493409708,0.0928498318467612,136.079589549938,16.1594512590551,179.029710001637,9.28498318467612
2020-08-22,6078,137,5890,136,188,1,6771,154,91132,1892,97903,2046,0,49,70,829,67,5200,4,269,55,"Knox County",470313,130.551356224472,0.0901072058623965,435.029437842458,29.1295371380336,176.265593338904,9.01072058623965
2020-08-21,5941,30,5754,30,187,0,6617,41,89240,262,95857,303,1,49,-62,759,91,5133,1,265,55,"Knox County",470313,118.006519062837,0.0844334433443344,64.4251806775488,6.37873076015334,161.38188823188,8.44334433443344
2020-08-20,5911,119,5724,117,187,2,6576,130,88978,2068,95554,2198,3,48,24,821,92,5042,3,264,55,"Knox County",470313,118.644392138852,0.0830044904068581,467.348340360568,25.3022986819416,174.56459846953,8.30044904068581
2020-08-19,5792,46,5607,41,185,5,6446,48,86910,608,93356,656,2,45,-50,797,94,4950,4,261,55,"Knox County",470313,112.053037020027,0.080280701754386,139.481579288686,9.7807204989018,169.461613861407,8.0280701754386
2020-08-18,5746,134,5566,132,180,2,6398,152,86302,1164,92700,1316,0,43,3,847,131,4856,4,257,55,"Knox County",470313,122.046381877601,0.0843066183380319,279.81365601206,28.4916640620183,180.092831794996,8.43066183380319
2020-08-17,5612,50,5434,42,178,8,6246,50,85138,289,91384,339,1,43,-70,844,119,4725,0,253,54,"Knox County",470313,125.873620333693,0.0865564150440117,72.0796575897328,10.6312179335889,179.454958718981,8.65564150440117
2020-08-16,5562,83,5392,78,170,5,6196,82,84849,587,91045,669,0,42,11,914,72,4606,1,253,53,"Knox County",470313,127.361990844395,0.0872857712235951,142.24569595142,17.6478217697576,194.338663826005,8.72857712235951
2020-08-15,5479,119,5314,116,165,3,6114,132,84262,1223,90376,1355,1,42,42,903,76,4534,2,252,52,"Knox County",470313,123.534752388303,0.0928905792861322,288.106006000259,25.3022986819416,191.999795880616,9.28905792861323
2020-08-14,5360,91,5198,83,162,8,5982,96,83039,1024,89021,1120,0,41,5,861,86,4458,2,250,52,"Knox County",470313,136.504838267282,0.0901607212857703,238.139281712392,19.3488166391318,183.069572816401,9.01607212857703
2020-08-13,5269,127,5115,126,154,1,5886,229,82015,1778,87901,2007,1,41,13,856,113,4372,4,248,51,"Knox County",470313,138.205833136656,0.105735727686947,426.737087854259,27.0032935513158,182.006451023042,10.5735727686947
2020-08-12,5142,79,4989,72,153,7,5657,88,80237,892,85894,980,0,40,-40,843,119,4259,1,244,50,"Knox County",470313,145.222436972824,0.106473156948369,208.371871498343,16.7973243350705,179.242334360309,10.6473156948369
2020-08-11,5063,111,4917,108,146,3,5569,117,79345,1121,84914,1238,0,40,2,883,109,4140,5,243,50,"Knox County",470313,140.332076723374,0.103009859885833,263.228956035661,23.6013038125674,187.74730870718,10.3009859885833
2020-08-10,4952,37,4809,35,143,2,5452,35,78224,365,83676,400,1,40,-94,881,130,4031,0,238,48,"Knox County",470313,137.56796006064,0.100270305058566,85.0497434687113,7.86710127085579,187.322059989837,10.0270305058566
2020-08-09,4915,85,4774,81,141,4,5417,109,77859,826,83276,935,1,39,25,975,59,3901,4,238,48,"Knox County",470313,137.993208777984,0.10031113876789,198.803775358113,18.0730704871011,207.308749704984,10.031113876789
2020-08-08,4830,157,4693,156,137,1,5308,176,77033,2284,82341,2460,1,38,96,950,60,3842,4,234,47,"Knox County",470313,146.072934407512,0.0929978118161926,523.055922332574,33.3820243114692,201.993140738189,9.29978118161926
2020-08-07,4673,50,4537,46,136,4,5132,44,74749,403,79881,447,0,37,-35,854,85,3782,0,230,45,"Knox County",470313,137.355335701969,0.0942482579426007,95.0430883262848,10.6312179335889,181.581202305699,9.42482579426007
2020-08-06,4623,113,4491,105,132,8,5088,121,74346,1463,79434,1584,-1,37,41,889,73,3697,5,230,43,"Knox County",470313,134.378594680564,0.0857782197911487,336.796984136097,24.0265525299109,189.023054859211,8.57782197911487
2020-08-05,4510,99,4386,99,124,0,4967,100,72883,1107,77850,1207,1,38,-1,848,99,3624,3,225,42,"Knox County",470313,138.631081853999,0.0848748639825898,256.637600916836,21.049811508506,180.305456153668,8.48748639825898
2020-08-04,4411,112,4287,111,124,1,4867,106,71776,1082,76643,1188,1,37,-31,849,142,3525,9,222,41,"Knox County",470313,138.843706212671,0.0840530349105948,252.597738102072,23.8139281712392,180.51808051234,8.40530349105948
2020-08-03,4299,50,4176,50,123,0,4761,81,70694,593,75455,674,2,36,-59,880,107,3383,1,213,41,"Knox County",470313,141.607822875404,0.0867569158328429,143.308817744778,10.6312179335889,187.109435631165,8.67569158328429
2020-08-02,4249,97,4126,91,123,6,4680,95,70101,692,74781,787,3,34,28,939,66,3276,2,212,40,"Knox County",470313,144.159315179466,0.0866179465676291,167.335370274689,20.6245627911625,199.6542727928,8.66179465676291
2020-08-01,4152,118,4035,110,117,8,4585,118,69409,1417,73994,1535,1,31,29,911,88,3210,1,210,40,"Knox County",470313,135.866965191266,0.0895984909727836,326.37839056118,25.0896743232698,193.70079074999,8.95984909727836
2020-07-31,4034,117,3925,114,109,3,4467,116,67992,1060,72459,1176,2,30,9,882,106,3122,1,209,39,"Knox County",470313,150.112797222275,0.0904183535762483,250.046245798011,24.877049964598,187.534684348508,9.04183535762483
2020-07-30,3917,189,3811,186,106,3,4351,227,66932,2420,71283,2647,1,28,78,873,110,3016,7,208,36,"Knox County",470313,166.272248481331,0.0914912090297374,562.816677404197,40.1860037889661,185.621065120462,9.14912090297373
2020-07-29,3728,75,3625,71,103,4,4124,60,64512,438,68636,498,0,27,-40,795,115,2906,3,201,34,"Knox County",470313,161.169263873208,0.0944150499706055,105.886930618546,15.9468269003834,169.036365144064,9.44150499706055
2020-07-28,3653,154,3554,152,99,2,4064,186,64074,1211,68138,1397,1,27,46,835,107,2791,3,198,30,"Knox County",470313,170.099486937423,0.101331191186596,297.036229064474,32.7441512354538,177.541339490935,10.1331191186596
2020-07-27,3499,83,3402,76,97,7,3878,85,62863,677,66741,762,3,26,-36,789,116,2684,2,195,30,"Knox County",470313,177.116090773591,0.100772551692797,162.019761307895,17.6478217697576,167.760618992033,10.0772551692797
2020-07-26,3416,118,3326,113,90,5,3793,132,62186,1473,65979,1605,0,23,49,825,69,2568,2,193,29,"Knox County",470313,181.581202305699,0.0960498960498961,341.262095668204,25.0896743232698,175.415095904217,9.6049896049896
2020-07-25,3298,175,3213,172,85,3,3661,197,60713,1949,64374,2146,2,23,95,776,78,2499,3,191,28,"Knox County",470313,193.70079074999,0.0980353826605415,456.291873709636,37.2092627675612,164.9965023293,9.80353826605415
2020-07-24,3123,106,3041,99,82,7,3464,113,58764,916,62228,1029,0,21,-15,681,121,2421,4,188,25,"Knox County",470313,191.3619228046,0.0991669972233241,218.79046507326,22.5381820192085,144.797188255481,9.91669972233241
2020-07-23,3017,205,2942,197,75,8,3351,254,57848,2389,61199,2643,0,21,89,696,116,2300,4,184,25,"Knox County",470313,194.763912543349,0.101884920634921,561.96617996951,43.5879935277145,147.986553635558,10.1884920634921
2020-07-22,2812,69,2745,61,67,8,3097,63,55459,437,58556,500,3,21,-68,607,134,2184,3,180,24,"Knox County",470313,193.488166391318,0.102162269390994,106.312179335889,14.6710807483527,129.062985713769,10.2162269390994
2020-07-21,2743,232,2684,228,59,4,3034,280,55022,1691,58056,1971,0,18,120,675,112,2050,12,177,24,"Knox County",470313,210.072866367717,0.10548048048048,419.082610942075,49.3288512118525,143.52144210345,10.548048048048
2020-07-20,2511,74,2456,70,55,4,2754,57,53331,364,56085,421,0,18,-59,555,133,1938,4,165,23,"Knox County",470313,208.159247139671,0.106253029568589,89.5148550008186,15.7342025417116,118.006519062837,10.6253029568589
2020-07-19,2437,84,2386,74,51,10,2697,74,52967,577,55664,651,0,18,-16,614,100,1805,0,161,22,"Knox County",470313,200.93001894483,0.110885589146459,138.418457495328,17.8604461284294,130.551356224472,11.0885589146459
2020-07-18,2353,112,2312,109,41,3,2623,146,52390,2258,55013,2404,1,18,36,630,75,1705,8,161,20,"Knox County",470313,187.534684348508,0.102609418858509,511.148958246955,23.8139281712392,133.95334596322,10.2609418858509
2020-07-17,2241,74,2203,74,38,0,2477,80,50132,347,52609,427,0,17,3,594,71,1630,6,153,19,"Knox County",470313,180.730704871011,0.105800155262282,90.7906011528493,15.7342025417116,126.298869051036,10.5800155262282
2020-07-16,2167,187,2129,185,38,2,2397,228,49785,2035,52182,2263,2,17,97,591,88,1559,3,147,17,"Knox County",470313,176.903466414919,0.107444714599977,481.168923674234,39.7607550716225,125.660995975021,10.7444714599977
2020-07-15,1980,78,1944,78,36,0,2169,80,47750,511,49919,591,3,15,-14,494,89,1471,4,144,17,"Knox County",470313,178.817085642965,0.10827222731439,125.660995975021,16.5846999763987,105.036433183858,10.827222731439
2020-07-14,1902,95,1866,95,36,0,2089,127,47239,777,49328,904,2,12,12,508,81,1382,1,140,16,"Knox County",470313,149.687548504932,0.103380759691946,192.212420239287,20.1993140738189,108.013174205263,10.3380759691946
2020-07-13,1807,94,1771,92,36,2,1962,59,46462,655,48424,714,1,10,20,496,73,1301,2,139,15,"Knox County",470313,153.940035678367,0.099823987930601,151.81379209165,19.9866897151471,105.461681901202,9.9823987930601
2020-07-12,1713,69,1679,67,34,2,1903,87,45807,916,47710,1003,0,9,27,476,42,1228,4,137,12,"Knox County",470313,150.750670298291,0.097158680471948,213.262231747793,14.6710807483527,101.209194727766,9.7158680471948
2020-07-11,1644,28,1612,27,32,1,1816,36,44891,883,46707,919,0,9,-16,449,44,1186,2,133,11,"Knox County",470313,132.890224169861,0.10218443043542,195.401785619364,5.95348204280979,95.4683370436284,10.218443043542
2020-07-10,1616,78,1585,74,31,4,1780,68,44008,418,45788,486,0,9,29,465,49,1142,6,131,10,"Knox County",470313,133.740721604548,0.0995639534883721,103.335438314484,16.5846999763987,98.8703267823768,9.95639534883721
2020-07-09,1538,70,1511,66,27,4,1712,88,43590,1652,45302,1740,0,9,23,436,47,1093,8,125,10,"Knox County",470313,108.86367163995,0.0857322636463741,369.966384088894,14.8837051070245,92.7042203808953,8.57322636463741
2020-07-08,1468,70,1445,65,23,5,1624,63,41938,594,43562,657,1,9,15,413,54,1046,5,117,10,"Knox County",470313,107.162676770576,0.0822045773003269,139.694203647358,14.8837051070245,87.8138601314444,8.2204577300327
2020-07-07,1398,79,1380,79,18,0,1561,104,41344,1305,42905,1409,0,8,38,398,41,992,7,112,10,"Knox County",470313,103.760687031828,0.0728926096997691,299.587721368535,16.7973243350705,84.6244947513677,7.28926096997691
2020-07-06,1319,35,1301,35,18,0,1457,34,40039,658,41496,692,1,8,-19,360,53,951,6,105,9,"Knox County",470313,91.2158498701928,0.0695047784535187,147.13605620087,7.44185255351224,76.5447691218401,6.95047784535187
2020-07-05,1284,77,1266,77,18,0,1423,109,39381,1081,40804,1190,2,7,34,379,41,898,6,99,9,"Knox County",470313,92.9168447395671,0.0707740025377132,253.022986819416,16.3720756177269,80.5846319366039,7.07740025377132
2020-07-04,1207,41,1189,40,18,1,1314,50,38300,1141,39614,1191,0,5,4,345,37,857,1,93,8,"Knox County",470313,95.6809614023002,0.070061099796334,253.235611178088,8.7175987055429,73.3554037417635,7.0061099796334
2020-07-03,1166,62,1149,61,17,1,1264,49,37159,910,38423,959,0,5,27,341,35,820,4,92,6,"Knox County",470313,92.2789716635517,0.0634090329165603,203.906759966235,13.1827102376502,72.5049063070764,6.34090329165603
2020-07-02,1104,68,1088,68,16,0,1215,102,36249,1228,37464,1330,0,5,33,314,35,785,2,88,6,"Knox County",470313,91.8537229462082,0.0687937533656435,282.790397033465,14.4584563896809,66.7640486229383,6.87937533656435
2020-07-01,1036,49,1020,49,16,0,1113,34,35021,737,36134,771,0,5,25,281,24,750,4,86,6,"Knox County",470313,87.3886114141008,0.0639087775125961,163.933380535941,10.4185935749171,59.7474447867697,6.39087775125961
2020-06-30,987,40,971,39,16,1,1079,73,34284,1514,35363,1587,0,5,18,256,22,726,3,82,5,"Knox County",470313,79.0962614259015,0.058419689119171,337.434857212112,8.50497434687113,54.4318358199752,5.8419689119171
2020-06-29,947,51,932,51,15,0,1006,79,32770,1333,33776,1412,0,5,20,238,31,704,3,79,5,"Knox County",470313,82.4982511646499,0.0587677725118483,300.225594444551,10.8438422922607,50.6045973638832,5.87677725118483
2020-06-28,896,10,881,10,15,0,927,30,31437,684,32364,714,0,5,-5,218,15,673,1,76,5,"Knox County",470313,68.2524191336408,0.0523606228026118,151.81379209165,2.12624358671778,46.3521101904476,5.23606228026117
2020-06-27,886,29,871,29,15,0,897,16,30753,111,31650,127,0,5,18,223,11,658,3,75,5,"Knox County",470313,65.7009268295794,0.0555072463768116,27.0032935513158,6.16610640148157,47.4152319838065,5.55072463768116
2020-06-26,857,37,842,37,15,0,881,14,30642,319,31523,333,0,5,17,205,20,647,8,72,5,"Knox County",470313,60.385317862785,0.0554670066942939,70.8039114377021,7.86710127085579,43.5879935277145,5.54670066942939
2020-06-25,820,32,805,32,15,0,867,52,30323,702,31190,754,0,5,13,188,19,627,1,64,5,"Knox County",470313,52.730840950601,0.0522990522990523,160.318766438521,6.8039794774969,39.9733794302943,5.22990522990523
2020-06-24,788,35,773,34,15,1,815,32,29621,272,30436,304,0,5,22,175,13,608,1,63,5,"Knox County",470313,49.7540999291961,0.0565857388644619,64.6378050362206,7.44185255351224,37.2092627675612,5.65857388644619
2020-06-23,753,27,739,24,14,3,783,25,29349,216,30132,241,0,5,18,153,9,595,4,62,5,"Knox County",470313,46.989983266463,0.0638352638352638,51.2424704398985,5.74085768413801,32.5315268767821,6.38352638352638
2020-06-22,726,36,715,36,11,0,758,31,29133,572,29891,603,0,5,20,135,16,586,0,58,5,"Knox County",470313,43.8006178863863,0.0650195058517555,128.212488279082,7.65447691218401,28.7042884206901,6.50195058517555
2020-06-21,690,31,679,31,11,0,727,37,28561,815,29288,852,0,5,16,115,15,570,1,58,5,"Knox County",470313,48.2657294184936,0.0644057249533292,181.155953588355,6.59135511882512,24.4518012472545,6.44057249533292
2020-06-20,659,17,648,17,11,0,690,9,27746,437,28436,446,0,5,11,99,6,555,2,57,5,"Knox County",470313,45.7142371144323,0.0566091140673648,94.8304639676131,3.61461409742023,21.049811508506,5.66091140673648
2020-06-19,642,30,631,28,11,2,681,10,27309,334,27990,344,0,5,8,88,22,549,1,55,5,"Knox County",470313,44.2258666037299,0.0553047404063205,73.1427793830917,6.37873076015334,18.7109435631165,5.53047404063205
2020-06-18,612,15,603,15,9,0,671,18,26975,804,27646,822,0,5,2,80,13,527,0,54,5,"Knox County",470313,40.6112525063096,0.0448504983388704,174.777222828202,3.18936538007667,17.0099486937423,4.48504983388704
2020-06-17,597,17,588,17,9,0,653,13,26171,282,26824,295,0,5,-3,78,20,514,0,54,5,"Knox County",470313,36.7840140502176,0.0396891479322787,62.7241858081746,3.61461409742023,16.5846999763987,3.96891479322787
2020-06-16,580,9,571,8,9,1,640,9,25889,178,26529,187,0,5,-2,81,11,494,0,54,5,"Knox County",470313,32.9567755941256,0.0357847280924204,39.7607550716225,1.913619228046,17.222573052414,3.57847280924204
2020-06-15,571,8,563,8,8,0,631,9,25711,218,26342,227,0,5,-5,83,13,483,0,54,5,"Knox County",470313,27.0032935513158,0.0330917113142137,48.2657294184936,1.70099486937423,17.6478217697576,3.30917113142137
2020-06-14,563,8,555,8,8,0,622,9,25493,624,26115,633,0,5,4,88,4,470,0,54,5,"Knox County",470313,22.1129333018649,0.0260663507109005,134.591219039236,1.70099486937423,18.7109435631165,2.60663507109005
2020-06-13,555,10,547,8,8,2,613,9,24869,213,25482,222,0,5,0,84,10,466,3,54,5,"Knox County",470313,20.6245627911625,0.0282051282051282,47.2026076251348,2.12624358671778,17.8604461284294,2.82051282051282
2020-06-12,545,19,539,19,6,0,604,19,24656,750,25260,769,0,5,1,84,18,456,0,51,5,"Knox County",470313,18.2856948457729,0.0272583201267829,163.508131818597,4.03986281476378,17.8604461284294,2.72583201267829
2020-06-11,526,7,520,7,6,0,585,10,23906,379,24491,389,0,5,1,83,6,438,2,51,5,"Knox County",470313,16.5846999763987,0.0286554004408523,82.7108755233217,1.48837051070245,17.6478217697576,2.86554004408523
2020-06-10,519,12,513,12,6,0,575,12,23527,706,24102,718,0,5,-6,82,18,432,0,49,5,"Knox County",470313,15.5215781830398,0.024483306836248,152.664289526337,2.55149230406134,17.4351974110858,2.4483306836248
2020-06-09,507,16,501,16,6,0,563,19,22821,508,23384,527,0,5,5,88,11,414,1,49,5,"Knox County",470313,17.0099486937423,0.0249641319942611,112.053037020027,3.40198973874845,18.7109435631165,2.49641319942611
2020-06-08,491,8,485,8,6,0,544,8,22313,336,22857,344,0,5,4,83,4,403,1,48,5,"Knox County",470313,17.0099486937423,0.0238756246529706,73.1427793830917,1.70099486937423,17.6478217697576,2.38756246529706
2020-06-07,483,7,477,7,6,0,536,8,21977,850,22513,858,0,5,0,79,7,399,1,47,5,"Knox County",470313,16.7973243350705,0.0222106088319833,182.431699740386,1.48837051070245,16.7973243350705,2.22106088319833
2020-06-06,476,11,470,11,6,0,528,12,21127,478,21655,490,0,5,5,79,6,392,0,46,5,"Knox County",470313,17.0099486937423,0.0214896214896215,104.185935749171,2.33886794538956,16.7973243350705,2.14896214896215
2020-06-05,465,18,459,18,6,0,516,17,20649,518,21165,535,0,5,7,74,11,386,1,46,5,"Knox County",470313,16.7973243350705,0.0222740222740223,113.754031889401,3.82723845609201,15.7342025417116,2.22740222740223
2020-06-04,447,4,441,4,6,0,499,4,20131,338,20630,342,0,5,-1,67,5,375,0,45,5,"Knox County",470313,16.1594512590551,0.0209753539590981,72.7175306657481,0.850497434687113,14.2458320310091,2.09753539590981
2020-06-03,443,4,437,4,6,0,495,4,19793,399,20288,403,0,5,-3,68,7,370,0,45,5,"Knox County",470313,14.4584563896809,0.0205773078022292,85.6876165447266,0.850497434687113,14.4584563896809,2.05773078022292
2020-06-02,439,26,433,25,6,1,491,24,19394,939,19885,963,0,5,21,71,5,363,2,45,5,"Knox County",470313,16.5846999763987,0.0195679796696315,204.757257400922,5.52823332546623,15.0963294656962,1.95679796696315
2020-06-01,413,17,408,17,5,0,467,20,18455,972,18922,992,0,5,4,50,13,358,0,43,5,"Knox County",470313,18.4983192044447,0.019419594152302,210.923363802404,3.61461409742023,10.6312179335889,1.9419594152302
2020-05-31,396,7,391,7,5,0,447,7,17483,317,17930,324,0,5,3,46,4,345,0,43,5,"Knox County",470313,18.4983192044447,0.0217337614225735,68.8902922096561,1.48837051070245,9.7807204989018,2.17337614225735
2020-05-30,389,6,384,6,5,0,440,6,17166,294,17606,300,0,5,-1,43,7,341,2,43,5,"Knox County",470313,17.4351974110858,0.0212490282456595,63.7873076015334,1.27574615203067,9.14284742288646,2.12490282456595
2020-05-29,383,8,378,8,5,0,434,7,16872,205,17306,212,0,5,0,44,8,334,0,41,5,"Knox County",470313,15.308953824368,0.0203619909502262,45.076364038417,1.70099486937423,9.35547178155824,2.03619909502262
2020-05-28,375,11,370,11,5,0,427,11,16667,336,17094,347,0,5,7,44,4,326,0,41,5,"Knox County",470313,16.7973243350705,0.022310081897769,73.780652459107,2.33886794538956,9.35547178155824,2.2310081897769
2020-05-27,364,5,359,5,5,0,416,6,16331,420,16747,426,0,5,0,37,5,322,1,41,5,"Knox County",470313,17.0099486937423,0.0227272727272727,90.5779767941775,1.06312179335889,7.86710127085579,2.27272727272727
2020-05-26,359,9,354,9,5,0,410,10,15911,1142,16321,1152,0,5,7,37,2,317,0,40,5,"Knox County",470313,13.395334596322,0.0178523847588596,244.943261189888,1.913619228046,7.86710127085579,1.78523847588596
2020-05-25,350,9,345,9,5,0,400,11,14769,381,15169,392,0,5,5,30,4,315,1,40,5,"Knox County",470313,11.6943397269478,0.018395179194418,83.348748599337,1.913619228046,6.37873076015334,1.8395179194418
2020-05-24,341,2,336,2,5,0,389,3,14388,273,14777,276,0,5,1,25,1,311,0,39,5,"Knox County",470313,10.6312179335889,0.0173913043478261,58.6843229934108,0.425248717343556,5.31560896679445,1.73913043478261
2020-05-23,339,7,334,7,5,0,386,10,14115,360,14501,370,0,5,4,24,3,310,2,39,5,"Knox County",470313,10.8438422922607,0.0182677165354331,78.6710127085579,1.48837051070245,5.10298460812268,1.82677165354331
2020-05-22,332,1,327,1,5,0,376,1,13755,253,14131,254,0,5,-14,20,15,307,0,37,5,"Knox County",470313,9.35547178155824,0.0161641280696301,54.0065871026317,0.212624358671778,4.25248717343556,1.61641280696301
2020-05-21,331,0,326,0,5,0,375,0,13502,250,13877,250,0,5,-1,34,1,292,0,37,5,"Knox County",470313,7.01660383616868,0.0131410256410256,53.1560896679445,0,7.22922819484046,1.31410256410256
2020-05-20,331,7,326,7,5,0,375,7,13252,360,13627,367,0,5,4,35,3,291,0,37,5,"Knox County",470313,7.44185255351224,0.0137210062071219,78.0331396325426,1.48837051070245,7.44185255351224,1.37210062071219
2020-05-19,324,7,319,7,5,0,368,7,12892,369,13260,376,0,5,4,31,3,288,2,37,5,"Knox County",470313,7.01660383616868,0.0170678336980306,79.9467588605886,1.48837051070245,6.59135511882512,1.70678336980306
2020-05-18,317,3,312,3,5,0,361,4,12523,478,12884,482,0,5,0,27,3,285,0,35,5,"Knox County",470313,5.74085768413801,0.0134736842105263,102.484940879797,0.637873076015334,5.74085768413801,1.34736842105263
2020-05-17,314,3,309,3,5,0,357,5,12045,216,12402,221,0,5,1,27,2,282,1,35,5,"Knox County",470313,5.95348204280979,0.0146551724137931,46.989983266463,0.637873076015334,5.74085768413801,1.46551724137931
2020-05-16,311,0,306,0,5,0,352,0,11829,349,12181,349,0,5,-4,26,4,280,0,34,5,"Knox County",470313,4.46511153210734,0.0104393214441061,74.2059011764506,0,5.52823332546623,1.04393214441061
2020-05-15,311,1,306,1,5,0,352,4,11480,541,11832,545,0,5,-4,30,5,276,0,34,5,"Knox County",470313,4.46511153210734,0.0104247104247104,115.880275476119,0.212624358671778,6.37873076015334,1.04247104247104
2020-05-14,310,3,305,3,5,0,348,7,10939,458,11287,465,0,5,0,34,3,271,0,34,5,"Knox County",470313,5.10298460812268,0.0121212121212121,98.8703267823768,0.637873076015334,7.22922819484046,1.21212121212121
2020-05-13,307,7,302,7,5,0,341,5,10481,341,10822,346,0,5,1,34,6,268,0,34,5,"Knox County",470313,5.10298460812268,0.0114942528735632,73.5680281004352,1.48837051070245,7.22922819484046,1.14942528735632
2020-05-12,300,6,295,6,5,0,336,8,10140,401,10476,409,0,5,3,33,3,262,0,34,5,"Knox County",470313,4.8903602494509,0.0117145899893504,86.9633626967573,1.27574615203067,7.01660383616868,1.17145899893504
2020-05-11,294,16,289,16,5,0,328,12,9739,254,10067,266,0,5,9,30,7,259,1,34,5,"Knox County",470313,7.65447691218401,0.015763168012303,56.558079406693,3.40198973874845,6.37873076015334,1.5763168012303
2020-05-10,278,5,273,5,5,0,316,5,9485,221,9801,226,0,5,1,21,4,252,1,33,5,"Knox County",470313,8.07972562952757,0.0157329240214889,48.0531050598219,1.06312179335889,4.46511153210734,1.57329240214889
2020-05-09,273,2,268,2,5,0,311,4,9264,352,9575,356,0,5,-1,20,3,248,0,32,5,"Knox County",470313,8.50497434687113,0.0172215843857635,75.694271687153,0.425248717343556,4.25248717343556,1.72215843857635
2020-05-08,271,3,266,3,5,0,307,4,8912,265,9219,269,0,5,-2,21,5,245,0,32,5,"Knox County",470313,8.93022306421468,0.0192554557124519,57.1959524827083,0.637873076015334,4.46511153210734,1.92554557124519
2020-05-07,268,3,263,3,5,0,303,3,8647,220,8950,223,0,5,-2,23,5,240,0,32,5,"Knox County",470313,8.93022306421468,0.0195704057279236,47.4152319838065,0.637873076015334,4.8903602494509,1.95704057279236
2020-05-06,265,1,260,1,5,0,300,1,8427,185,8727,186,0,5,-7,25,8,235,0,32,5,"Knox County",470313,7.65447691218401,0.0191214470284238,39.5481307129507,0.212624358671778,5.31560896679445,1.91214470284238
2020-05-05,264,4,259,4,5,0,299,5,8242,305,8541,310,0,5,-1,32,5,227,0,32,5,"Knox County",470313,7.22922819484046,0.0185185185185185,65.9135511882512,0.850497434687113,6.8039794774969,1.85185185185185
2020-05-04,260,4,255,4,5,0,294,7,7937,259,8231,266,0,5,-3,33,7,222,0,32,5,"Knox County",470313,4.67773589077912,0.0157952069716776,56.558079406693,0.850497434687113,7.01660383616868,1.57952069716776
2020-05-03,256,7,251,5,5,2,287,6,7678,290,7965,296,0,5,6,36,1,215,2,32,5,"Knox County",470313,5.10298460812268,0.0157397691500525,62.9368101668463,1.48837051070245,7.65447691218401,1.57397691500525
2020-05-02,249,3,246,3,3,0,281,5,7388,308,7669,313,0,5,1,30,2,214,1,30,5,"Knox County",470313,5.31560896679445,0.0166398282340311,66.5514242642666,0.637873076015334,6.37873076015334,1.66398282340311
2020-05-01,246,9,243,8,3,1,276,7,7080,354,7356,361,0,5,4,29,5,212,0,29,5,"Knox County",470313,6.59135511882512,0.0173913043478261,76.7573934805119,1.913619228046,6.16610640148157,1.73913043478261
2020-04-30,237,4,235,4,2,0,269,3,6726,119,6995,122,0,5,-1,25,5,207,0,29,5,"Knox County",470313,6.8039794774969,0.0183387270765912,25.9401717579569,0.850497434687113,5.31560896679445,1.83387270765912
2020-04-29,233,8,231,8,2,0,266,10,6607,671,6873,681,0,5,5,26,3,202,0,29,5,"Knox County",470313,8.29234998819935,0.0183056619838229,144.797188255481,1.70099486937423,5.52823332546623,1.83056619838229
2020-04-28,225,8,223,8,2,0,256,10,5936,391,6192,401,1,5,4,21,3,199,0,29,5,"Knox County",470313,9.14284742288646,0.019672131147541,85.262367827383,1.70099486937423,4.46511153210734,1.9672131147541
2020-04-27,217,2,215,2,2,0,246,4,5545,161,5791,165,0,4,1,17,1,196,0,29,5,"Knox County",470313,8.7175987055429,0.0192389910218042,35.0830191808434,0.425248717343556,3.61461409742023,1.92389910218042
2020-04-26,215,1,213,1,2,0,242,1,5384,172,5626,173,0,4,-2,16,3,195,0,29,4,"Knox County",470313,7.44185255351224,0.0180505415162455,36.7840140502176,0.212624358671778,3.40198973874845,1.80505415162455
2020-04-25,214,0,212,0,2,0,241,0,5212,53,5453,53,0,4,-6,18,6,192,0,29,4,"Knox County",470313,6.8039794774969,0.0178936605316973,11.2690910096042,0,3.82723845609201,1.78936605316973
2020-04-24,214,8,212,8,2,0,241,10,5159,836,5400,846,0,4,5,24,3,186,1,29,4,"Knox County",470313,6.59135511882512,0.0155673904137649,179.880207436324,1.70099486937423,5.10298460812268,1.55673904137648
2020-04-23,206,1,204,1,2,0,231,2,4323,137,4554,139,0,4,0,19,1,183,0,28,4,"Knox County",470313,5.95348204280979,0.0150528885272579,29.5547858553772,0.212624358671778,4.03986281476378,1.50528885272579
2020-04-22,205,5,203,3,2,2,229,2,4186,189,4415,191,0,4,1,19,4,182,0,28,4,"Knox County",470313,5.31560896679445,0.0147357723577236,40.6112525063096,1.06312179335889,4.03986281476378,1.47357723577236
2020-04-21,200,4,200,4,0,0,227,5,3997,475,4224,480,0,4,-2,18,6,178,1,28,4,"Knox County",470313,4.46511153210734,0.0117244748412311,102.059692162454,0.850497434687113,3.82723845609201,1.17244748412311
2020-04-20,196,3,196,3,0,0,222,2,3522,175,3744,177,0,4,-1,20,4,172,1,27,4,"Knox County",470313,4.67773589077912,0.0106847984458475,37.6345114849047,0.637873076015334,4.25248717343556,1.06847984458475
2020-04-19,193,0,193,0,0,0,220,0,3347,72,3567,72,0,4,-4,21,4,168,0,26,4,"Knox County",470313,4.46511153210734,0.0107252298263534,15.308953824368,0,4.46511153210734,1.07252298263534
2020-04-18,193,0,193,0,0,0,220,1,3275,135,3495,136,0,4,-5,25,5,164,0,26,4,"Knox County",470313,4.46511153210734,0.0107790298873101,28.9169127793618,0,5.31560896679445,1.07790298873101
2020-04-17,193,2,193,2,0,0,219,3,3140,104,3359,107,0,4,-2,30,4,159,1,26,4,"Knox County",470313,3.18936538007667,0.0115207373271889,22.7508063778803,0.425248717343556,6.37873076015334,1.15207373271889
2020-04-16,191,7,191,7,0,0,216,9,3036,213,3252,222,0,4,2,32,5,155,2,25,4,"Knox County",470313,4.46511153210734,0.015884476534296,47.2026076251348,1.48837051070245,6.8039794774969,1.5884476534296
2020-04-15,184,9,184,9,0,0,207,10,2823,84,3030,94,0,4,3,30,6,150,1,23,4,"Knox County",470313,5.31560896679445,0.0232919254658385,19.9866897151471,1.913619228046,6.37873076015334,2.32919254658385
2020-04-14,175,4,175,4,0,0,197,4,2739,102,2936,106,0,4,1,27,3,144,1,22,4,"Knox County",470313,5.31560896679445,0.0317286652078775,22.5381820192085,0.850497434687113,5.74085768413801,3.17286652078775
2020-04-13,171,4,171,4,0,0,193,9,2637,242,2830,251,0,4,-2,26,6,141,1,21,4,"Knox County",470313,5.52823332546623,0.0364372469635627,53.3687140266163,0.850497434687113,5.52823332546623,3.64372469635628
2020-04-12,167,5,167,5,0,0,184,6,2395,166,2579,172,0,4,1,28,4,135,0,20,4,"Knox County",470313,6.59135511882512,0.0386029411764706,36.5713896915458,1.06312179335889,5.95348204280979,3.86029411764706
2020-04-11,162,5,162,5,0,0,178,8,2229,313,2407,321,1,4,-4,27,8,131,1,20,4,"Knox County",470313,7.65447691218401,0.0384917517674784,68.2524191336408,1.06312179335889,5.74085768413801,3.84917517674784
2020-04-10,157,4,157,4,0,0,170,5,1916,123,2086,128,0,3,0,31,4,123,0,19,4,"Knox County",470313,8.07972562952757,0.0394126738794436,27.2159179099876,0.850497434687113,6.59135511882512,3.94126738794436
2020-04-09,153,1,153,1,0,0,165,1,1793,81,1958,82,0,3,-2,31,3,119,0,19,4,"Knox County",470313,6.8039794774969,0.037261698440208,17.4351974110858,0.212624358671778,6.59135511882512,3.7261698440208
2020-04-08,152,8,152,8,0,0,164,12,1712,111,1876,123,0,3,-3,33,11,116,1,19,4,"Knox County",470313,6.59135511882512,0.0380388841927303,26.1527961166287,1.70099486937423,7.01660383616868,3.80388841927303
2020-04-07,144,20,144,20,0,0,152,25,1601,366,1753,391,0,3,11,36,9,105,2,18,3,"Knox County",470313,9.99334485757357,0.0449591280653951,83.1361242406653,4.25248717343556,7.65447691218401,4.49591280653951
2020-04-06,124,8,124,8,0,0,127,14,1235,54,1362,68,2,3,-2,25,8,96,1,16,3,"Knox County",470313,10.8438422922607,0.0552529182879377,14.4584563896809,1.70099486937423,5.31560896679445,5.52529182879377
2020-04-05,116,4,116,4,0,0,113,10,1181,75,1294,85,0,1,-2,27,6,88,0,15,3,"Knox County",470313,10.6312179335889,0.0626043405676127,18.0730704871011,0.850497434687113,5.74085768413801,6.26043405676127
2020-04-04,112,15,112,15,0,0,103,6,1106,127,1209,133,0,1,4,29,11,82,1,15,2,"Knox County",470313,12.7574615203067,0.0722772277227723,28.2790397033465,3.18936538007667,6.16610640148157,7.22772277227723
2020-04-03,97,4,97,4,0,0,97,3,979,51,1076,54,0,1,-8,25,12,71,1,14,1,"Knox County",470313,12.7574615203067,0.0758547008547008,11.481715368276,0.850497434687113,5.31560896679445,7.58547008547009
2020-04-02,93,7,93,7,0,0,94,7,928,106,1022,113,0,1,NA,33,8,59,0,13,1,"Knox County",470313,14.0332076723374,0.0796277145811789,24.0265525299109,1.48837051070245,7.01660383616868,7.96277145811789
2020-04-01,86,15,86,15,0,0,87,15,822,140,909,155,NA,NA,NA,NA,7,51,1,13,1,"Knox County",470313,15.5215781830398,0.0800800800800801,32.9567755941256,3.18936538007667,NA,8.00800800800801
2020-03-31,71,8,71,8,0,0,72,11,682,58,754,69,NA,NA,NA,NA,12,44,1,12,1,"Knox County",470313,12.9700858789785,0.0974889217134417,14.6710807483527,1.70099486937423,NA,9.74889217134417
2020-03-30,63,13,63,13,0,0,61,15,624,130,685,145,NA,NA,NA,NA,9,32,2,11,1,"Knox County",470313,14.0332076723374,0.0888594164456233,30.8305320074078,2.76411666273312,NA,8.88594164456233
2020-03-29,50,8,50,8,0,0,46,8,494,55,540,63,NA,NA,NA,NA,6,23,1,9,1,"Knox County",470313,14.8837051070245,0.0887978142076503,13.395334596322,1.70099486937423,NA,8.87978142076503
2020-03-28,42,7,42,7,0,0,38,6,439,62,477,68,NA,NA,NA,NA,1,17,1,8,0,"Knox County",470313,13.1827102376502,0.0974512743628186,14.4584563896809,1.48837051070245,NA,9.74512743628186
2020-03-27,35,2,35,2,0,0,32,2,377,54,409,56,NA,NA,NA,NA,5,16,1,7,0,"Knox County",470313,12.7574615203067,0.0956651718983558,11.9069640856196,0.425248717343556,NA,9.56651718983558
2020-03-26,33,7,33,7,0,0,30,7,323,82,353,89,NA,NA,NA,NA,3,11,2,6,0,"Knox County",470313,12.7574615203067,0.0992248062015504,18.9235679217883,1.48837051070245,NA,9.92248062015504
2020-03-25,26,6,26,6,0,0,23,7,241,68,264,75,NA,NA,NA,NA,3,8,1,4,0,"Knox County",470313,10.8438422922607,0.0991150442477876,15.9468269003834,1.27574615203067,NA,9.91150442477876
2020-03-24,20,7,20,7,0,0,16,7,173,43,189,50,NA,NA,NA,NA,2,5,0,3,0,"Knox County",470313,10.6312179335889,0.0952380952380952,10.6312179335889,1.48837051070245,NA,9.52380952380952
2020-03-23,13,4,13,4,0,0,9,4,130,22,139,26,NA,NA,NA,NA,3,3,2,3,0,"Knox County",470313,8.7175987055429,0.0960187353629977,5.52823332546623,0.850497434687113,NA,9.60187353629976
2020-03-22,9,2,9,2,0,0,5,0,108,9,113,9,NA,NA,NA,NA,0,0,1,1,0,"Knox County",470313,7.44185255351224,0.0884718498659517,1.913619228046,0.425248717343556,NA,8.84718498659517
2020-03-21,7,1,7,1,0,0,5,2,99,17,104,19,NA,NA,NA,NA,0,0,0,0,0,"Knox County",470313,6.16610640148157,0.0895061728395062,4.03986281476378,0.212624358671778,NA,8.95061728395062
2020-03-20,6,5,6,5,0,0,3,2,82,38,85,40,NA,NA,NA,NA,0,0,0,0,0,"Knox County",470313,6.8039794774969,0.0941558441558442,8.50497434687113,1.06312179335889,NA,9.41558441558442
2020-03-19,1,0,1,0,0,0,1,0,44,11,45,11,NA,NA,NA,NA,0,0,0,0,0,"Knox County",470313,5.31560896679445,0.0956521739130435,2.33886794538956,0,NA,9.56521739130435
2020-03-18,1,0,1,0,0,0,1,0,33,14,34,14,NA,NA,NA,NA,0,0,0,0,0,"Knox County",470313,4.03986281476378,0.0887573964497041,2.97674102140489,0,NA,8.87573964497041
2020-03-17,1,0,1,0,0,0,1,0,19,5,20,5,NA,NA,NA,NA,0,0,0,0,0,"Knox County",470313,2.55149230406134,0.0645161290322581,1.06312179335889,0,NA,6.45161290322581
2020-03-16,1,1,1,1,0,0,1,1,14,3,15,4,NA,NA,NA,NA,0,0,0,0,0,"Knox County",470313,1.913619228046,0.0490196078431373,0.850497434687113,0.212624358671778,NA,4.90196078431373
2020-03-15,0,0,0,0,0,0,0,0,11,1,11,1,NA,NA,NA,NA,0,0,0,0,0,"Knox County",470313,1.48837051070245,0.0531914893617021,0.212624358671778,0,NA,5.31914893617021
2020-03-14,0,0,0,0,0,0,0,0,10,8,10,8,NA,NA,NA,NA,0,0,0,0,0,"Knox County",470313,1.27574615203067,0.036144578313253,1.70099486937423,0,NA,3.6144578313253
2020-03-13,0,0,0,0,0,0,0,0,2,0,2,0,NA,NA,NA,NA,0,0,0,0,0,"Knox County",470313,0.212624358671778,0.0232558139534884,0,0,NA,2.32558139534884
2020-03-12,0,0,0,0,0,0,0,0,2,2,2,2,NA,NA,NA,NA,0,0,0,0,0,"Knox County",470313,0.212624358671778,0.0294117647058824,0.425248717343556,0,NA,2.94117647058824
2020-03-12,0,0,0,0,0,0,0,0,0,0,0,0,NA,NA,NA,NA,0,0,0,0,0,"Anderson",76978,NA,NA,0,0,NA,NA
2020-03-13,0,0,0,0,0,0,0,0,1,1,1,1,NA,NA,NA,NA,0,0,0,0,0,"Anderson",76978,NA,NA,1.29907246226194,0,NA,NA
2020-03-14,0,0,0,0,0,0,0,0,1,0,1,0,NA,NA,NA,NA,0,0,0,0,0,"Anderson",76978,NA,NA,0,0,NA,NA
2020-03-15,0,0,0,0,0,0,0,0,1,0,1,0,NA,NA,NA,NA,0,0,0,0,0,"Anderson",76978,NA,NA,0,0,NA,NA
2020-03-16,0,0,0,0,0,0,0,0,2,1,2,1,NA,NA,NA,NA,0,0,0,0,0,"Anderson",76978,NA,NA,1.29907246226194,0,NA,NA
2020-03-17,0,0,0,0,0,0,0,0,4,2,4,2,NA,NA,NA,NA,0,0,0,0,0,"Anderson",76978,NA,NA,2.59814492452389,0,NA,NA
2020-03-18,0,0,0,0,0,0,0,0,4,0,4,0,NA,NA,NA,NA,0,0,0,0,0,"Anderson",76978,0,0,0,0,NA,0
2020-03-19,1,1,1,1,0,0,2,2,5,1,7,3,NA,NA,NA,NA,0,0,0,0,0,"Anderson",76978,1.29907246226194,0.285714285714286,3.89721738678583,1.29907246226194,NA,28.5714285714286
2020-03-20,1,0,1,0,0,0,2,0,7,2,9,2,NA,NA,NA,NA,0,0,0,0,0,"Anderson",76978,1.29907246226194,0.25,2.59814492452389,0,NA,25
2020-03-21,1,0,1,0,0,0,2,0,7,0,9,0,NA,NA,NA,NA,0,0,0,0,0,"Anderson",76978,1.29907246226194,0.25,0,0,NA,25
2020-03-22,1,0,1,0,0,0,2,0,10,3,12,3,NA,NA,NA,NA,0,0,0,0,0,"Anderson",76978,1.29907246226194,0.181818181818182,3.89721738678583,0,NA,18.1818181818182
2020-03-23,1,0,1,0,0,0,2,0,15,5,17,5,NA,NA,NA,NA,0,0,0,0,0,"Anderson",76978,1.29907246226194,0.133333333333333,6.49536231130973,0,NA,13.3333333333333
2020-03-24,1,0,1,0,0,0,2,0,20,5,22,5,NA,NA,NA,NA,0,0,0,0,0,"Anderson",76978,1.29907246226194,0.111111111111111,6.49536231130973,0,NA,11.1111111111111
2020-03-25,2,1,2,1,0,0,4,2,29,9,33,11,NA,NA,NA,NA,1,1,0,0,0,"Anderson",76978,2.59814492452389,0.137931034482759,14.2897970848814,1.29907246226194,NA,13.7931034482759
2020-03-26,3,1,3,1,0,0,5,1,44,15,49,16,NA,NA,NA,NA,0,1,1,1,0,"Anderson",76978,2.59814492452389,0.0714285714285714,20.7851593961911,1.29907246226194,NA,7.14285714285714
2020-03-27,4,1,4,1,0,0,6,1,53,9,59,10,NA,NA,NA,NA,3,4,0,1,0,"Anderson",76978,3.89721738678583,0.08,12.9907246226195,1.29907246226194,NA,8
2020-03-28,7,3,7,3,0,0,9,3,72,19,81,22,NA,NA,NA,NA,0,4,1,2,0,"Anderson",76978,7.79443477357167,0.0972222222222222,28.5795941697628,3.89721738678583,NA,9.72222222222222
2020-03-29,7,0,7,0,0,0,9,0,83,11,92,11,NA,NA,NA,NA,0,4,0,2,0,"Anderson",76978,7.79443477357167,0.0875,14.2897970848814,0,NA,8.75
2020-03-30,8,1,8,1,0,0,10,1,127,44,137,45,NA,NA,NA,NA,1,5,0,2,0,"Anderson",76978,9.09350723583361,0.0666666666666667,58.4582608017875,1.29907246226194,NA,6.66666666666667
2020-03-31,9,1,9,1,0,0,11,1,142,15,153,16,NA,NA,NA,NA,1,6,0,2,0,"Anderson",76978,10.3925796980956,0.0687022900763359,20.7851593961911,1.29907246226194,NA,6.87022900763359
2020-04-01,9,0,9,0,0,0,11,0,163,21,174,21,NA,NA,NA,NA,0,6,0,2,0,"Anderson",76978,9.09350723583361,0.049645390070922,27.2805217075008,0,NA,4.9645390070922
2020-04-02,9,0,9,0,0,0,11,0,179,16,190,16,0,0,NA,3,0,6,0,2,0,"Anderson",76978,7.79443477357167,0.0425531914893617,20.7851593961911,0,3.89721738678583,4.25531914893617
2020-04-03,9,0,9,0,0,0,11,0,192,13,203,13,0,0,-2,1,2,8,0,2,0,"Anderson",76978,6.49536231130972,0.0347222222222222,16.8879420094053,0,1.29907246226194,3.47222222222222
2020-04-04,9,0,9,0,0,0,11,0,219,27,230,27,0,0,0,1,0,8,0,2,0,"Anderson",76978,2.59814492452389,0.0134228187919463,35.0749564810725,0,1.29907246226194,1.34228187919463
2020-04-05,9,0,9,0,0,0,11,0,248,29,259,29,0,0,0,1,0,8,0,2,0,"Anderson",76978,2.59814492452389,0.0119760479041916,37.6731014055964,0,1.29907246226194,1.19760479041916
2020-04-06,9,0,9,0,0,0,11,0,262,14,273,14,0,0,-1,0,1,9,0,2,0,"Anderson",76978,1.29907246226194,0.00735294117647059,18.1870144716672,0,0,0.735294117647059
2020-04-07,10,1,10,1,0,0,12,1,304,42,316,43,0,0,1,1,0,9,0,2,0,"Anderson",76978,1.29907246226194,0.00613496932515337,55.8601158772636,1.29907246226194,1.29907246226194,0.613496932515337
2020-04-08,10,0,10,0,0,0,12,0,322,18,334,18,1,1,-1,0,0,9,0,2,1,"Anderson",76978,1.29907246226194,0.00625,23.383304320715,0,0,0.625
2020-04-09,10,0,10,0,0,0,12,0,350,28,362,28,0,1,0,0,0,9,0,2,1,"Anderson",76978,1.29907246226194,0.00581395348837209,36.3740289433345,0,0,0.581395348837209
2020-04-10,10,0,10,0,0,0,12,0,366,16,378,16,0,1,0,0,0,9,0,2,1,"Anderson",76978,1.29907246226194,0.00571428571428571,20.7851593961911,0,0,0.571428571428571
2020-04-11,10,0,10,0,0,0,12,0,439,73,451,73,0,1,0,0,0,9,0,2,1,"Anderson",76978,1.29907246226194,0.00452488687782805,94.832289745122,0,0,0.452488687782805
2020-04-12,12,2,12,2,0,0,14,2,477,38,491,40,0,1,2,2,0,9,0,2,1,"Anderson",76978,3.89721738678583,0.0129310344827586,51.9628984904778,2.59814492452389,2.59814492452389,1.29310344827586
2020-04-13,13,1,13,1,0,0,15,1,514,37,529,38,0,1,0,2,1,10,0,2,1,"Anderson",76978,5.19628984904778,0.015625,49.3647535659539,1.29907246226194,2.59814492452389,1.5625
2020-04-14,13,0,13,0,0,0,15,0,526,12,541,12,0,1,0,2,0,10,0,2,1,"Anderson",76978,3.89721738678583,0.0133333333333333,15.5888695471433,0,2.59814492452389,1.33333333333333
2020-04-15,13,0,13,0,0,0,15,0,544,18,559,18,0,1,-2,0,2,12,0,2,1,"Anderson",76978,3.89721738678583,0.0133333333333333,23.383304320715,0,0,1.33333333333333
2020-04-16,13,0,13,0,0,0,15,0,566,22,581,22,0,1,0,0,0,12,0,2,1,"Anderson",76978,3.89721738678583,0.0136986301369863,28.5795941697628,0,0,1.36986301369863
2020-04-17,13,0,13,0,0,0,15,0,586,20,601,20,0,1,0,0,0,12,0,2,1,"Anderson",76978,3.89721738678583,0.0134529147982063,25.9814492452389,0,0,1.34529147982063
2020-04-18,13,0,13,0,0,0,15,0,616,30,631,30,0,1,0,0,0,12,0,2,1,"Anderson",76978,3.89721738678583,0.0166666666666667,38.9721738678584,0,0,1.66666666666667
2020-04-19,14,1,14,1,0,0,16,1,628,12,644,13,0,1,0,0,1,13,0,2,1,"Anderson",76978,2.59814492452389,0.0130718954248366,16.8879420094053,1.29907246226194,0,1.30718954248366
2020-04-20,19,5,18,4,1,1,19,3,648,20,667,23,0,1,5,5,0,13,0,2,1,"Anderson",76978,7.79443477357167,0.0289855072463768,29.8786666320247,6.49536231130973,6.49536231130973,2.89855072463768
2020-04-21,20,1,19,1,1,0,22,3,1071,423,1093,426,0,1,1,6,0,13,0,2,1,"Anderson",76978,9.09350723583361,0.0126811594202899,553.404868923589,1.29907246226194,7.79443477357167,1.26811594202899
2020-04-22,21,1,20,1,1,0,24,2,1141,70,1165,72,0,1,0,6,1,14,0,2,1,"Anderson",76978,10.3925796980956,0.0148514851485149,93.53321728286,1.29907246226194,7.79443477357167,1.48514851485149
2020-04-23,21,0,20,0,1,0,24,0,1191,50,1215,50,0,1,-1,5,1,15,0,2,1,"Anderson",76978,10.3925796980956,0.0141955835962145,64.9536231130973,0,6.49536231130973,1.41955835962145
2020-04-24,22,1,21,1,1,0,25,1,1299,108,1324,109,0,1,1,6,0,15,0,2,1,"Anderson",76978,11.6916521603575,0.0138312586445367,141.598898386552,1.29907246226194,7.79443477357167,1.38312586445367
2020-04-25,22,0,21,0,1,0,25,0,1336,37,1361,37,0,1,0,6,0,15,0,2,1,"Anderson",76978,11.6916521603575,0.0136986301369863,48.065681103692,0,7.79443477357167,1.36986301369863
2020-04-26,22,0,21,0,1,0,25,0,1372,36,1397,36,0,1,0,6,0,15,0,2,1,"Anderson",76978,10.3925796980956,0.0119521912350598,46.76660864143,0,7.79443477357167,1.19521912350598
2020-04-27,22,0,21,0,1,0,25,0,1411,39,1436,39,0,1,-1,5,1,16,0,2,1,"Anderson",76978,3.89721738678583,0.00780234070221066,50.6638260282159,0,6.49536231130973,0.780234070221066
2020-04-28,22,0,21,0,1,0,25,0,1690,279,1715,279,0,1,0,5,0,16,0,2,1,"Anderson",76978,2.59814492452389,0.00482315112540193,362.441216971083,0,6.49536231130973,0.482315112540193
2020-04-29,26,4,25,4,1,0,28,3,2070,380,2098,383,0,1,4,9,0,16,0,2,1,"Anderson",76978,6.49536231130972,0.00428724544480171,497.544753046325,5.19628984904778,11.6916521603575,0.428724544480171
2020-04-30,26,0,25,0,1,0,29,1,2102,32,2131,33,0,1,-1,8,1,17,0,2,1,"Anderson",76978,6.49536231130972,0.00545851528384279,42.8693912546442,0,10.3925796980956,0.545851528384279
2020-05-01,26,0,25,0,1,0,29,0,2154,52,2183,52,0,1,-2,6,2,19,0,2,1,"Anderson",76978,5.19628984904778,0.00465657741559953,67.5517680376211,0,7.79443477357167,0.465657741559953
2020-05-02,26,0,25,0,1,0,29,0,2221,67,2250,67,0,1,0,6,0,19,0,2,1,"Anderson",76978,5.19628984904778,0.00449943757030371,87.0378549715503,0,7.79443477357167,0.449943757030371
2020-05-03,27,1,26,1,1,0,30,1,2314,93,2344,94,0,1,1,7,0,19,0,2,1,"Anderson",76978,6.49536231130972,0.00527983104540655,122.112811452623,1.29907246226194,9.09350723583361,0.527983104540655
2020-05-04,27,0,26,0,1,0,30,0,2406,92,2436,92,0,1,-1,6,1,20,0,2,1,"Anderson",76978,6.49536231130972,0.005,119.514666528099,0,7.79443477357167,0.5
2020-05-05,28,1,27,1,1,0,30,0,2475,69,2505,69,0,1,-1,5,2,22,0,2,1,"Anderson",76978,7.79443477357167,0.00632911392405063,89.6359998960742,1.29907246226194,6.49536231130973,0.632911392405063
2020-05-06,30,2,29,2,1,0,31,1,2525,50,2556,51,0,1,2,7,0,22,0,2,1,"Anderson",76978,5.19628984904778,0.00655021834061135,66.2526955753592,2.59814492452389,9.09350723583361,0.655021834061135
2020-05-07,30,0,29,0,1,0,33,2,2597,72,2630,74,0,1,-1,6,1,23,0,2,1,"Anderson",76978,5.19628984904778,0.00801603206412826,96.1313622073839,0,7.79443477357167,0.801603206412826
2020-05-08,30,0,29,0,1,0,33,0,2652,55,2685,55,0,1,0,6,0,23,0,2,1,"Anderson",76978,5.19628984904778,0.00796812749003984,71.448985424407,0,7.79443477357167,0.796812749003984
2020-05-09,30,0,29,0,1,0,33,0,2734,82,2767,82,0,1,0,6,0,23,0,2,1,"Anderson",76978,5.19628984904778,0.00773694390715667,106.523941905479,0,7.79443477357167,0.773694390715667
2020-05-10,30,0,29,0,1,0,33,0,2827,93,2860,93,0,1,-3,3,3,26,0,2,1,"Anderson",76978,3.89721738678583,0.00581395348837209,120.813738990361,0,3.89721738678583,0.581395348837209
2020-05-11,32,2,31,2,1,0,33,0,2909,82,2942,82,0,1,2,5,0,26,0,2,1,"Anderson",76978,6.49536231130972,0.00592885375494071,106.523941905479,2.59814492452389,6.49536231130973,0.592885375494071
2020-05-12,33,1,32,1,1,0,35,2,3042,133,3077,135,0,1,1,6,0,26,0,2,1,"Anderson",76978,6.49536231130972,0.00874125874125874,175.374782405363,1.29907246226194,7.79443477357167,0.874125874125874
2020-05-13,35,2,34,2,1,0,38,3,3220,178,3258,181,0,1,1,7,1,27,1,3,1,"Anderson",76978,6.49536231130972,0.00997150997150997,235.132115669412,2.59814492452389,9.09350723583361,0.997150997150997
2020-05-14,35,0,34,0,1,0,39,1,3346,126,3385,127,0,1,-1,6,1,28,0,3,1,"Anderson",76978,6.49536231130972,0.00794701986754967,164.982202707267,0,7.79443477357167,0.794701986754967
2020-05-15,36,1,35,1,1,0,39,0,3417,71,3456,71,0,1,1,7,0,28,0,3,1,"Anderson",76978,7.79443477357167,0.00778210116731518,92.2341448205981,1.29907246226194,9.09350723583361,0.778210116731518
2020-05-16,36,0,35,0,1,0,41,2,3657,240,3698,242,0,1,-1,6,1,29,0,3,1,"Anderson",76978,7.79443477357167,0.00859291084854995,314.375535867391,0,7.79443477357167,0.859291084854995
2020-05-17,36,0,35,0,1,0,41,0,3727,70,3768,70,0,1,0,6,0,29,0,3,1,"Anderson",76978,7.79443477357167,0.00881057268722467,90.9350723583361,0,7.79443477357167,0.881057268722467
2020-05-18,37,1,36,1,1,0,42,1,3804,77,3846,78,0,1,-2,4,3,32,0,3,1,"Anderson",76978,6.49536231130972,0.00995575221238938,101.327652056432,1.29907246226194,5.19628984904778,0.995575221238938
2020-05-19,37,0,36,0,1,0,42,0,3856,52,3898,52,0,1,0,4,0,32,0,3,1,"Anderson",76978,5.19628984904778,0.00852618757612668,67.5517680376211,0,5.19628984904778,0.852618757612667
2020-05-20,37,0,36,0,1,0,43,1,3921,65,3964,66,0,1,0,4,0,32,0,3,1,"Anderson",76978,2.59814492452389,0.00708215297450425,85.7387825092884,0,5.19628984904778,0.708215297450425
2020-05-21,37,0,36,0,1,0,44,1,4001,80,4045,81,0,1,-1,3,1,33,0,3,1,"Anderson",76978,2.59814492452389,0.00757575757575758,105.224869443218,0,3.89721738678583,0.757575757575758
2020-05-22,38,1,37,1,1,0,45,1,4029,28,4074,29,0,1,-1,2,2,35,1,4,1,"Anderson",76978,2.59814492452389,0.00970873786407767,37.6731014055964,1.29907246226194,2.59814492452389,0.970873786407767
2020-05-23,38,0,37,0,1,0,46,1,4192,163,4238,164,0,1,0,2,0,35,0,4,1,"Anderson",76978,2.59814492452389,0.00925925925925926,213.047883810959,0,2.59814492452389,0.925925925925926
2020-05-24,38,0,37,0,1,0,46,0,4247,55,4293,55,0,1,0,2,0,35,0,4,1,"Anderson",76978,2.59814492452389,0.00952380952380952,71.448985424407,0,2.59814492452389,0.952380952380952
2020-05-25,38,0,37,0,1,0,47,1,4281,34,4328,35,0,1,0,2,0,35,0,4,1,"Anderson",76978,1.29907246226194,0.0103734439834025,45.4675361791681,0,2.59814492452389,1.03734439834025
2020-05-26,38,0,37,0,1,0,47,0,4412,131,4459,131,0,1,-1,1,1,36,0,4,1,"Anderson",76978,1.29907246226194,0.0089126559714795,170.178492556315,0,1.29907246226194,0.89126559714795
2020-05-27,38,0,37,0,1,0,47,0,4515,103,4562,103,0,1,0,1,0,36,0,4,1,"Anderson",76978,1.29907246226194,0.00668896321070234,133.80446361298,0,1.29907246226194,0.668896321070234
2020-05-28,38,0,37,0,1,0,47,0,4563,48,4610,48,0,1,0,1,0,36,0,4,1,"Anderson",76978,1.29907246226194,0.00530973451327434,62.3554781885734,0,1.29907246226194,0.530973451327434
2020-05-29,39,1,38,1,1,0,47,0,4613,50,4660,50,0,1,0,1,1,37,0,4,1,"Anderson",76978,1.29907246226194,0.00341296928327645,64.9536231130973,1.29907246226194,1.29907246226194,0.341296928327645
2020-05-30,39,0,38,0,1,0,48,1,4665,52,4713,53,0,1,0,1,0,37,0,4,1,"Anderson",76978,1.29907246226194,0.00421052631578947,68.8508404998831,0,1.29907246226194,0.421052631578947
2020-05-31,40,1,39,1,1,0,49,1,4731,66,4780,67,0,1,1,2,0,37,0,4,1,"Anderson",76978,2.59814492452389,0.00616016427104723,87.0378549715503,1.29907246226194,2.59814492452389,0.616016427104723
2020-06-01,40,0,39,0,1,0,49,0,4855,124,4904,124,0,1,0,2,0,37,0,4,1,"Anderson",76978,2.59814492452389,0.00347222222222222,161.084985320481,0,2.59814492452389,0.347222222222222
2020-06-02,40,0,39,0,1,0,49,0,4982,127,5031,127,0,1,0,2,0,37,0,4,1,"Anderson",76978,2.59814492452389,0.0034965034965035,164.982202707267,0,2.59814492452389,0.34965034965035
2020-06-03,41,1,40,1,1,0,50,1,5042,60,5092,61,0,1,1,3,0,37,0,4,2,"Anderson",76978,3.89721738678583,0.00566037735849057,79.2434201979787,1.29907246226194,3.89721738678583,0.566037735849057
2020-06-04,41,0,40,0,1,0,50,0,5090,48,5140,48,1,2,-2,1,1,38,0,4,2,"Anderson",76978,3.89721738678583,0.00566037735849057,62.3554781885734,0,1.29907246226194,0.566037735849057
2020-06-05,42,1,41,1,1,0,53,3,5147,57,5200,60,0,2,1,2,0,38,0,4,2,"Anderson",76978,3.89721738678583,0.0111111111111111,77.9443477357167,1.29907246226194,2.59814492452389,1.11111111111111
2020-06-06,43,1,42,1,1,0,54,1,5200,53,5254,54,0,2,1,3,0,38,0,4,2,"Anderson",76978,5.19628984904778,0.011090573012939,70.149912962145,1.29907246226194,3.89721738678583,1.1090573012939
2020-06-07,45,2,43,1,2,1,57,3,5295,95,5352,98,0,2,2,5,0,38,0,4,2,"Anderson",76978,6.49536231130972,0.013986013986014,127.309101301671,2.59814492452389,6.49536231130973,1.3986013986014
2020-06-08,46,1,44,1,2,0,57,0,5336,41,5393,41,0,2,1,6,0,38,0,4,2,"Anderson",76978,7.79443477357167,0.016359918200409,53.2619709527397,1.29907246226194,7.79443477357167,1.6359918200409
2020-06-09,47,1,45,1,2,0,60,3,5517,181,5577,184,0,2,1,7,0,38,0,4,2,"Anderson",76978,9.09350723583361,0.0201465201465201,239.029333056198,1.29907246226194,9.09350723583361,2.01465201465201
2020-06-10,52,5,50,5,2,0,63,3,5725,208,5788,211,0,2,2,9,3,41,0,4,2,"Anderson",76978,14.2897970848814,0.0186781609195402,274.10428953727,6.49536231130973,11.6916521603575,1.86781609195402
2020-06-11,55,3,53,3,2,0,66,3,5870,145,5936,148,0,2,2,11,1,42,1,5,2,"Anderson",76978,18.1870144716672,0.0201005025125628,192.262724414768,3.89721738678583,14.2897970848814,2.01005025125628
2020-06-12,57,2,55,2,2,0,70,4,5952,82,6022,86,0,2,2,13,0,42,0,5,2,"Anderson",76978,19.4860869339292,0.0206812652068127,111.720231754527,2.59814492452389,16.8879420094053,2.06812652068127
2020-06-13,58,1,55,0,3,1,70,0,5995,43,6065,43,0,2,0,13,1,43,0,5,2,"Anderson",76978,19.4860869339292,0.0197287299630086,55.8601158772636,1.29907246226194,16.8879420094053,1.97287299630086
2020-06-14,60,2,57,2,3,0,70,0,6170,175,6240,175,0,2,1,14,1,44,1,6,2,"Anderson",76978,19.4860869339292,0.0146396396396396,227.33768089584,2.59814492452389,18.1870144716672,1.46396396396396
2020-06-15,60,0,57,0,3,0,71,1,6228,58,6299,59,0,2,0,14,0,44,0,6,2,"Anderson",76978,18.1870144716672,0.0154525386313466,76.6452752734548,0,18.1870144716672,1.54525386313466
2020-06-16,64,4,61,4,3,0,75,4,6289,61,6364,65,0,2,3,17,1,45,0,6,2,"Anderson",76978,22.0842318584531,0.0190597204574333,84.4397100470264,5.19628984904778,22.0842318584531,1.90597204574333
2020-06-17,66,2,63,2,3,0,79,4,6326,37,6405,41,0,2,0,17,2,47,0,6,2,"Anderson",76978,18.1870144716672,0.0259319286871961,53.2619709527397,2.59814492452389,22.0842318584531,2.59319286871961
2020-06-18,70,4,67,4,3,0,84,5,6456,130,6540,135,0,2,2,19,2,49,0,6,2,"Anderson",76978,19.4860869339292,0.0298013245033113,175.374782405363,5.19628984904778,24.682376782977,2.98013245033113
2020-06-19,72,2,69,2,3,0,86,2,6521,65,6607,67,0,2,0,19,2,51,0,6,2,"Anderson",76978,19.4860869339292,0.0273504273504274,87.0378549715503,2.59814492452389,24.682376782977,2.73504273504274
2020-06-20,73,1,70,1,3,0,87,1,6559,38,6646,39,0,2,-1,18,2,53,0,6,2,"Anderson",76978,19.4860869339292,0.0292598967297762,50.6638260282159,1.29907246226194,23.383304320715,2.92598967297762
2020-06-21,74,1,71,1,3,0,88,1,6619,60,6707,61,0,2,-1,17,2,55,0,6,2,"Anderson",76978,18.1870144716672,0.0385438972162741,79.2434201979787,1.29907246226194,22.0842318584531,3.85438972162741
2020-06-22,76,2,73,2,3,0,90,2,6711,92,6801,94,0,2,0,17,2,57,1,7,2,"Anderson",76978,20.7851593961911,0.0378486055776892,122.112811452623,2.59814492452389,22.0842318584531,3.78486055776892
2020-06-23,76,0,73,0,3,0,90,0,6800,89,6890,89,0,2,-1,16,1,58,0,7,2,"Anderson",76978,15.5888695471433,0.0285171102661597,115.617449141313,0,20.7851593961911,2.85171102661597
2020-06-24,77,1,74,1,3,0,91,1,6831,31,6922,32,0,2,-2,14,3,61,0,7,2,"Anderson",76978,14.2897970848814,0.02321083172147,41.5703187923822,1.29907246226194,18.1870144716672,2.321083172147
2020-06-25,81,4,78,4,3,0,92,1,6944,113,7036,114,0,2,0,14,4,65,0,7,2,"Anderson",76978,14.2897970848814,0.0161290322580645,148.094260697862,5.19628984904778,18.1870144716672,1.61290322580645
2020-06-26,86,5,83,5,3,0,98,6,6972,28,7070,34,0,2,3,17,2,67,0,7,2,"Anderson",76978,18.1870144716672,0.0259179265658747,44.1684637169061,6.49536231130973,22.0842318584531,2.59179265658747
2020-06-27,87,1,83,0,4,1,98,0,6984,12,7082,12,0,2,-4,13,5,72,0,7,2,"Anderson",76978,18.1870144716672,0.0252293577981651,15.5888695471433,1.29907246226194,16.8879420094053,2.52293577981651
2020-06-28,91,4,87,4,4,0,106,8,7093,109,7199,117,0,2,3,16,1,73,0,7,2,"Anderson",76978,22.0842318584531,0.0365853658536585,151.991478084648,5.19628984904778,20.7851593961911,3.65853658536585
2020-06-29,97,6,92,5,5,1,114,8,7315,222,7429,230,0,2,3,19,3,76,1,8,2,"Anderson",76978,27.2805217075008,0.0382165605095541,298.786666320247,7.79443477357167,24.682376782977,3.82165605095541
2020-06-30,102,5,96,4,6,1,120,6,7479,164,7599,170,0,2,2,21,3,79,0,8,2,"Anderson",76978,33.7758840188106,0.0423131170662905,220.842318584531,6.49536231130973,27.2805217075008,4.23131170662905
2020-07-01,104,2,98,2,6,0,124,4,7600,121,7724,125,0,2,-2,19,4,83,0,8,2,"Anderson",76978,35.0749564810725,0.0411471321695761,162.384057782743,2.59814492452389,24.682376782977,4.11471321695761
2020-07-02,110,6,104,6,6,0,130,6,7839,239,7969,245,0,2,4,23,2,85,0,8,2,"Anderson",76978,37.6731014055964,0.0407288317256163,318.272753254177,7.79443477357167,29.8786666320247,4.07288317256163
2020-07-03,120,10,113,9,7,1,142,12,7964,125,8106,137,0,2,7,30,3,88,0,8,2,"Anderson",76978,44.1684637169061,0.0424710424710425,177.972927329886,12.9907246226195,38.9721738678584,4.24710424710425
2020-07-04,131,11,124,11,7,0,156,14,8148,184,8304,198,0,2,8,38,3,91,2,10,2,"Anderson",76978,57.1591883395256,0.0474631751227496,257.216347527865,14.2897970848814,49.3647535659539,4.74631751227496
2020-07-05,140,9,133,9,7,0,169,13,8304,156,8473,169,0,2,8,46,1,92,1,11,2,"Anderson",76978,63.6545506508353,0.0494505494505494,219.543246122269,11.6916521603575,59.7573332640495,4.94505494505495
2020-07-06,141,1,134,1,7,0,170,1,8331,27,8501,28,0,2,-4,42,5,97,0,11,2,"Anderson",76978,57.1591883395256,0.0522388059701493,36.3740289433345,1.29907246226194,54.5610434150017,5.22388059701492
2020-07-07,157,16,150,16,7,0,190,20,8564,233,8754,253,0,2,12,54,4,101,0,11,2,"Anderson",76978,71.448985424407,0.0606060606060606,328.665332952272,20.7851593961911,70.149912962145,6.06060606060606
2020-07-08,173,16,165,15,8,1,206,16,8704,140,8910,156,0,2,10,64,6,107,0,11,2,"Anderson",76978,89.6359998960742,0.0691399662731872,202.655304112863,20.7851593961911,83.1406375847645,6.91399662731872
2020-07-09,187,14,179,14,8,0,220,14,8972,268,9192,282,0,2,11,75,3,110,0,11,2,"Anderson",76978,100.02857959417,0.0735895339329518,366.338434357868,18.1870144716672,97.4304346696459,7.35895339329518
2020-07-10,193,6,185,6,8,0,227,7,9002,30,9229,37,0,2,1,76,5,115,1,12,2,"Anderson",76978,94.832289745122,0.0756901157613535,48.065681103692,7.79443477357167,98.7295071319078,7.56901157613535
2020-07-11,201,8,193,8,8,0,235,8,9171,169,9406,177,0,2,1,77,7,122,1,13,2,"Anderson",76978,90.9350723583361,0.0716878402903811,229.935825820364,10.3925796980956,100.02857959417,7.16878402903811
2020-07-12,212,11,204,11,8,0,248,13,9354,183,9602,196,0,2,6,83,5,127,0,13,2,"Anderson",76978,93.53321728286,0.0699734278122232,254.618202603341,14.2897970848814,107.823014367741,6.99734278122232
2020-07-13,218,6,209,5,9,1,255,7,9393,39,9648,46,0,2,-6,77,12,139,2,15,2,"Anderson",76978,100.02857959417,0.0741063644289451,59.7573332640495,7.79443477357167,100.02857959417,7.41063644289451
2020-07-14,229,11,219,10,10,1,266,11,9533,140,9799,151,0,2,0,77,11,150,0,15,2,"Anderson",76978,93.53321728286,0.0727272727272727,196.159941801554,14.2897970848814,100.02857959417,7.27272727272727
2020-07-15,245,16,234,15,11,1,285,19,9635,102,9920,121,0,2,0,77,16,166,0,15,2,"Anderson",76978,93.53321728286,0.0782178217821782,157.187767933695,20.7851593961911,100.02857959417,7.82178217821782
2020-07-16,263,18,252,18,11,0,308,23,9924,289,10232,312,0,2,4,81,14,180,1,16,2,"Anderson",76978,98.7295071319078,0.0846153846153846,405.310608225727,23.383304320715,105.224869443218,8.46153846153846
2020-07-17,270,7,259,7,11,0,317,9,9995,71,10312,80,0,2,-8,73,15,195,1,17,3,"Anderson",76978,100.02857959417,0.0831024930747922,103.925796980956,9.09350723583361,94.832289745122,8.31024930747922
2020-07-18,277,7,266,7,11,0,328,11,10209,214,10537,225,0,2,-4,69,11,206,0,17,3,"Anderson",76978,98.7295071319078,0.0822281167108753,292.291304008938,9.09350723583361,89.6359998960742,8.22281167108753
2020-07-19,285,8,274,8,11,0,337,9,10290,81,10627,90,0,2,-5,64,13,219,2,19,3,"Anderson",76978,94.832289745122,0.0868292682926829,116.916521603575,10.3925796980956,83.1406375847645,8.68292682926829
2020-07-20,313,28,302,28,11,0,367,30,10459,169,10826,199,1,3,9,73,18,237,0,19,3,"Anderson",76978,123.411883914885,0.0950764006791171,258.515419990127,36.3740289433345,94.832289745122,9.50764006791171
2020-07-21,336,23,324,22,12,1,391,24,10751,292,11142,316,0,3,12,85,11,248,1,20,3,"Anderson",76978,139.000753462028,0.0930752047654505,410.506898074775,29.8786666320247,110.421159292265,9.30752047654505
2020-07-22,365,29,353,29,12,0,424,33,10886,135,11310,168,0,3,13,98,16,264,0,20,3,"Anderson",76978,155.888695471433,0.1,218.244173660007,37.6731014055964,127.309101301671,10
2020-07-23,388,23,376,23,12,0,455,31,11313,427,11768,458,0,3,9,107,14,278,2,22,3,"Anderson",76978,162.384057782743,0.095703125,594.975187715971,29.8786666320247,139.000753462028,9.5703125
2020-07-24,394,6,382,6,12,0,463,8,11425,112,11888,120,0,3,-16,91,22,300,0,22,4,"Anderson",76978,161.084985320481,0.0926395939086294,155.888695471433,7.79443477357167,118.215594065837,9.26395939086294
2020-07-25,426,32,413,31,13,1,499,36,11682,257,12181,293,1,4,26,117,5,305,1,23,4,"Anderson",76978,193.56179687703,0.104014598540146,380.62823144275,41.5703187923822,151.991478084648,10.4014598540146
2020-07-26,465,39,451,38,14,1,541,42,12085,403,12626,445,0,4,31,148,8,313,2,25,4,"Anderson",76978,233.83304320715,0.102051025512756,578.087245706565,50.6638260282159,192.262724414768,10.2051025512756
2020-07-27,483,18,468,17,15,1,562,21,12265,180,12827,201,0,4,-19,129,37,350,1,26,4,"Anderson",76978,220.842318584531,0.0974512743628186,261.113564914651,23.383304320715,167.580347631791,9.74512743628186
2020-07-28,523,40,508,40,15,0,608,46,12645,380,13253,426,0,4,24,153,16,366,1,27,5,"Anderson",76978,242.926550442984,0.10279488394126,553.404868923589,51.9628984904778,198.758086726078,10.279488394126
2020-07-29,527,4,512,4,15,0,612,4,12681,36,13293,40,1,5,-15,138,18,384,0,27,5,"Anderson",76978,210.449738886435,0.0948058497226425,51.9628984904778,5.19628984904778,179.271999792148,9.48058497226425
2020-07-30,564,37,549,37,15,0,665,53,13166,485,13831,538,0,5,20,158,17,401,0,27,5,"Anderson",76978,228.636753358102,0.101793504604944,698.900984696926,48.065681103692,205.253449037387,10.1793504604944
2020-07-31,576,12,561,12,15,0,679,14,13348,182,14027,196,0,5,-8,150,20,421,0,27,5,"Anderson",76978,236.431188131674,0.100981767180926,254.618202603341,15.5888695471433,194.860869339292,10.0981767180926
2020-08-01,599,23,584,23,15,0,704,25,13757,409,14461,434,0,5,17,167,6,427,1,28,5,"Anderson",76978,224.739535971316,0.0899122807017544,563.797448621684,29.8786666320247,216.945101197745,8.99122807017544
2020-08-02,606,7,591,7,15,0,711,7,13885,128,14596,135,0,5,2,169,5,432,1,29,6,"Anderson",76978,183.169217178934,0.0862944162436548,175.374782405363,9.09350723583361,219.543246122269,8.62944162436548
2020-08-03,631,25,615,24,16,1,742,31,14112,227,14854,258,0,5,14,183,11,443,0,29,6,"Anderson",76978,192.262724414768,0.0888011840157869,335.160695263582,32.4768115565486,237.730260593936,8.88011840157869
2020-08-04,638,7,622,7,16,0,750,8,14355,243,15105,251,2,7,-19,164,24,467,0,29,6,"Anderson",76978,149.393333160124,0.0766738660907127,326.067188027748,9.09350723583361,213.047883810959,7.66738660907127
2020-08-05,653,15,637,15,16,0,769,19,14564,209,15333,228,-1,6,-1,163,17,484,0,29,6,"Anderson",76978,163.683130245005,0.0769607843137255,296.188521395723,19.4860869339292,211.748811348697,7.69607843137255
2020-08-06,675,22,659,22,16,0,799,30,14885,321,15684,351,0,6,3,166,19,503,1,30,6,"Anderson",76978,144.197043311076,0.0723151645979493,455.974434253943,28.5795941697628,215.646028735483,7.23151645979493
2020-08-07,679,4,663,4,16,0,803,4,14966,81,15769,85,0,6,-21,145,25,528,0,30,6,"Anderson",76978,133.80446361298,0.0711825487944891,110.421159292265,5.19628984904778,188.365507027982,7.11825487944891
2020-08-08,690,11,674,11,16,0,819,16,15286,320,16105,336,0,6,1,146,10,538,0,30,6,"Anderson",76978,118.215594065837,0.0699513381995134,436.488347320014,14.2897970848814,189.664579490244,6.99513381995134
2020-08-09,697,7,681,7,16,0,828,9,15423,137,16251,146,0,6,-9,137,16,554,0,30,6,"Anderson",76978,118.215594065837,0.0706948640483384,189.664579490244,9.09350723583361,177.972927329886,7.06948640483384
2020-08-10,702,5,686,5,16,0,834,6,15562,139,16396,145,0,6,-11,126,16,570,0,30,6,"Anderson",76978,92.2341448205981,0.059662775616083,188.365507027982,6.49536231130973,163.683130245005,5.9662775616083
2020-08-11,723,21,707,21,16,0,856,22,15765,203,16621,225,0,6,9,135,12,582,1,31,6,"Anderson",76978,110.421159292265,0.0699208443271768,292.291304008938,27.2805217075008,175.374782405363,6.99208443271768
2020-08-12,731,8,715,8,16,0,864,8,16005,240,16869,248,0,6,-8,127,16,598,0,31,6,"Anderson",76978,101.327652056432,0.0618489583333333,322.169970640962,10.3925796980956,164.982202707267,6.18489583333333
2020-08-13,749,18,733,18,16,0,888,24,16233,228,17121,252,1,7,3,130,14,612,2,33,6,"Anderson",76978,96.1313622073839,0.0619345859429367,327.36626049001,23.383304320715,168.879420094053,6.19345859429367
2020-08-14,766,17,749,16,17,1,910,22,16562,329,17472,351,0,7,-9,121,26,638,0,33,6,"Anderson",76978,113.019304216789,0.0628302994715208,455.974434253943,22.0842318584531,157.187767933695,6.28302994715208
2020-08-15,776,10,759,10,17,0,922,12,16785,223,17707,235,-1,6,5,126,6,644,0,33,6,"Anderson",76978,111.720231754527,0.0642946317103621,305.282028631557,12.9907246226195,163.683130245005,6.4294631710362
2020-08-16,788,12,771,12,17,0,936,14,16927,142,17863,156,0,6,7,133,5,649,0,33,7,"Anderson",76978,118.215594065837,0.0669975186104218,202.655304112863,15.5888695471433,172.776637480839,6.69975186104218
2020-08-17,792,4,775,4,17,0,939,3,16970,43,17909,46,0,6,-13,120,17,666,0,33,7,"Anderson",76978,116.916521603575,0.069398545935228,59.7573332640495,5.19628984904778,155.888695471433,6.9398545935228
2020-08-18,806,14,789,14,17,0,956,17,17134,164,18090,181,0,6,5,125,9,675,0,33,7,"Anderson",76978,107.823014367741,0.068073519400953,235.132115669412,18.1870144716672,162.384057782743,6.8073519400953
2020-08-19,820,14,803,14,17,0,970,14,17308,174,18278,188,0,6,0,125,14,689,0,33,7,"Anderson",76978,115.617449141313,0.0752306600425834,244.225622905246,18.1870144716672,162.384057782743,7.52306600425834
2020-08-20,835,15,818,15,17,0,986,16,17750,442,18736,458,0,6,5,130,10,699,0,33,8,"Anderson",76978,111.720231754527,0.0606811145510836,594.975187715971,19.4860869339292,168.879420094053,6.06811145510836
2020-08-21,838,3,821,3,17,0,989,3,17786,36,18775,39,1,7,-7,123,9,708,0,33,8,"Anderson",76978,93.53321728286,0.0606293169608596,50.6638260282159,3.89721738678583,159.785912858219,6.06293169608596
2020-08-22,856,18,839,18,17,0,1008,19,18330,544,19338,563,1,8,10,133,7,715,1,34,8,"Anderson",76978,103.925796980956,0.052728387492336,731.377796253475,23.383304320715,172.776637480839,5.2728387492336
2020-08-23,857,1,840,1,17,0,1009,1,18414,84,19423,85,0,8,-5,128,6,721,0,34,8,"Anderson",76978,89.6359998960742,0.0467948717948718,110.421159292265,1.29907246226194,166.281275169529,4.67948717948718
2020-08-24,858,1,840,0,18,1,1009,0,18453,39,19462,39,0,8,-19,109,20,741,0,34,8,"Anderson",76978,85.7387825092884,0.0450740502253702,50.6638260282159,1.29907246226194,141.598898386552,4.50740502253703
2020-08-25,866,8,848,8,18,0,1017,8,18605,152,19622,160,0,8,-2,107,10,751,1,35,8,"Anderson",76978,77.9443477357167,0.0398172323759791,207.851593961911,10.3925796980956,139.000753462028,3.98172323759791
2020-08-26,872,6,854,6,18,0,1023,6,18785,180,19808,186,0,8,-14,93,20,771,0,35,8,"Anderson",76978,67.5517680376211,0.034640522875817,241.627477980722,7.79443477357167,120.813738990361,3.4640522875817
2020-08-27,875,3,857,3,18,0,1026,3,19196,411,20222,414,0,8,-16,77,19,790,0,35,8,"Anderson",76978,51.9628984904778,0.0269179004037685,537.815999376445,3.89721738678583,100.02857959417,2.69179004037685
2020-08-28,875,0,857,0,18,0,1026,0,19234,38,20260,38,0,8,-20,57,20,810,0,35,8,"Anderson",76978,48.065681103692,0.0249158249158249,49.3647535659539,0,74.0471303489309,2.49158249158249
2020-08-29,884,9,865,8,19,1,1034,8,19496,262,20530,270,0,8,3,60,6,816,0,35,8,"Anderson",76978,36.3740289433345,0.0218120805369128,350.749564810725,11.6916521603575,77.9443477357167,2.18120805369128
2020-08-30,900,16,881,16,19,0,1050,16,19579,83,20629,99,0,8,8,68,8,824,0,35,8,"Anderson",76978,55.8601158772636,0.0339966832504146,128.608173763933,20.7851593961911,88.3369274338123,3.39966832504146
2020-08-31,902,2,883,2,19,0,1052,2,19637,58,20689,60,0,8,-15,53,17,841,0,35,8,"Anderson",76978,57.1591883395256,0.0350448247758761,77.9443477357167,2.59814492452389,68.8508404998831,3.50448247758761
2020-09-01,909,7,889,6,20,1,1058,6,19748,111,20806,117,0,8,0,53,7,848,0,35,8,"Anderson",76978,55.8601158772636,0.0346283783783784,151.991478084648,9.09350723583361,68.8508404998831,3.46283783783784
2020-09-02,917,8,895,6,22,2,1068,10,20064,316,21132,326,0,8,5,58,3,851,0,35,8,"Anderson",76978,58.4582608017875,0.033987915407855,423.497622697394,10.3925796980956,75.3462028111928,3.3987915407855
2020-09-03,933,16,909,14,24,2,1084,16,20388,324,21472,340,0,8,10,68,6,857,0,35,9,"Anderson",76978,75.3462028111928,0.0464,441.684637169061,20.7851593961911,88.3369274338123,4.64
2020-09-04,942,9,917,8,25,1,1094,10,20577,189,21671,199,0,8,6,74,3,860,0,35,9,"Anderson",76978,87.0378549715503,0.0481927710843374,258.515419990127,11.6916521603575,96.1313622073839,4.81927710843374
2020-09-05,961,19,936,19,25,0,1115,21,20846,269,21961,290,0,8,16,90,3,863,1,36,10,"Anderson",76978,100.02857959417,0.0566037735849057,376.731014055964,24.682376782977,116.916521603575,5.66037735849057
2020-09-06,963,2,938,2,25,0,1117,2,20902,56,22019,58,0,8,-1,89,3,866,0,36,10,"Anderson",76978,81.8415651225025,0.0482014388489209,75.3462028111928,2.59814492452389,115.617449141313,4.82014388489209
2020-09-07,966,3,941,3,25,0,1122,5,20990,88,22112,93,0,8,-8,81,11,877,0,36,10,"Anderson",76978,83.1406375847645,0.0491918482080112,120.813738990361,3.89721738678583,105.224869443218,4.91918482080112
2020-09-08,975,9,944,3,31,6,1126,4,21165,175,22291,179,1,9,4,85,4,881,0,36,10,"Anderson",76978,85.7387825092884,0.0457912457912458,232.533970744888,11.6916521603575,110.421159292265,4.57912457912458
2020-09-09,984,9,953,9,31,0,1135,9,21406,241,22541,250,0,9,-3,82,12,893,1,37,11,"Anderson",76978,87.0378549715503,0.0475514549325763,324.768115565486,11.6916521603575,106.523941905479,4.75514549325763
2020-09-10,1013,29,981,28,32,1,1165,30,21775,369,22940,399,1,10,25,107,3,896,0,37,11,"Anderson",76978,103.925796980956,0.0551771117166213,518.329912442516,37.6731014055964,139.000753462028,5.51771117166213
2020-09-11,1014,1,982,1,32,0,1167,2,21908,133,23075,135,0,10,-13,94,14,910,0,37,11,"Anderson",76978,93.53321728286,0.051994301994302,175.374782405363,1.29907246226194,122.112811452623,5.1994301994302
2020-09-12,1017,3,985,3,32,0,1172,5,22050,142,23222,147,0,10,-5,89,8,918,0,37,11,"Anderson",76978,72.7480578866689,0.0452022204599524,190.963651952506,3.89721738678583,115.617449141313,4.52022204599524
2020-09-13,1038,21,1005,20,33,1,1193,21,22294,244,23487,265,0,10,16,105,5,923,1,38,11,"Anderson",76978,97.4304346696459,0.0517711171662125,344.254202499415,27.2805217075008,136.402608537504,5.17711171662125
2020-09-14,1044,6,1010,5,34,1,1199,6,22400,106,23599,112,0,10,-7,98,13,936,1,39,11,"Anderson",76978,101.327652056432,0.0517821116341627,145.496115773338,7.79443477357167,127.309101301671,5.17821116341627
2020-09-15,1060,16,1026,16,34,0,1216,17,22640,240,23856,257,1,11,5,103,10,946,1,40,12,"Anderson",76978,110.421159292265,0.0575079872204473,333.86162280132,20.7851593961911,133.80446361298,5.75079872204473
2020-09-16,1068,8,1034,8,34,0,1228,12,22776,136,24004,148,0,11,-5,98,13,959,0,40,12,"Anderson",76978,109.122086830003,0.063568010936432,192.262724414768,10.3925796980956,127.309101301671,6.3568010936432
2020-09-17,1090,22,1054,20,36,2,1248,20,23197,421,24445,441,0,11,15,113,7,966,1,41,12,"Anderson",76978,100.02857959417,0.0551495016611296,572.890955857518,28.5795941697628,146.7951882356,5.51495016611296
2020-09-18,1109,19,1073,19,36,0,1266,18,23421,224,24687,242,0,11,6,119,13,979,0,41,12,"Anderson",76978,123.411883914885,0.0614143920595533,314.375535867391,24.682376782977,154.589623009171,6.14143920595533
2020-09-19,1124,15,1088,15,36,0,1287,21,23703,282,24990,303,0,11,9,128,6,985,1,42,12,"Anderson",76978,139.000753462028,0.0650452488687783,393.618956065369,19.4860869339292,166.281275169529,6.50452488687783
2020-09-20,1131,7,1095,7,36,0,1297,10,23855,152,25152,162,0,11,0,128,7,992,0,42,13,"Anderson",76978,120.813738990361,0.0624624624624625,210.449738886435,9.09350723583361,166.281275169529,6.24624624624625
2020-09-21,1133,2,1097,2,36,0,1299,2,23888,33,25187,35,0,11,-6,122,8,1000,0,42,13,"Anderson",76978,115.617449141313,0.0629722921914358,45.4675361791681,2.59814492452389,158.486840395957,6.29722921914358
2020-09-22,1147,14,1111,14,36,0,1316,17,24136,248,25452,265,0,11,0,122,14,1014,1,43,13,"Anderson",76978,113.019304216789,0.06265664160401,344.254202499415,18.1870144716672,158.486840395957,6.265664160401
2020-09-23,1147,0,1111,0,36,0,1316,0,24177,41,25493,41,0,11,-12,110,12,1026,0,43,13,"Anderson",76978,102.626724518694,0.0591000671591672,53.2619709527397,0,142.897970848814,5.91000671591672
2020-09-24,1160,13,1124,13,36,0,1331,15,24501,324,25832,339,1,12,0,110,12,1038,0,43,13,"Anderson",76978,90.9350723583361,0.0598413842826244,440.385564706799,16.8879420094053,142.897970848814,5.98413842826244
2020-09-25,1174,14,1137,13,37,1,1344,13,24737,236,26081,249,1,13,-2,108,15,1053,0,43,13,"Anderson",76978,84.4397100470264,0.0559540889526542,323.469043103224,18.1870144716672,140.29982592429,5.59540889526542
2020-09-26,1188,14,1151,14,37,0,1361,17,25037,300,26398,317,0,13,8,116,6,1059,0,43,13,"Anderson",76978,83.1406375847645,0.0525568181818182,411.805970537037,18.1870144716672,150.692405622386,5.25568181818182
2020-09-27,1207,19,1168,17,39,2,1377,16,25244,207,26621,223,0,13,12,128,7,1066,0,43,13,"Anderson",76978,98.7295071319078,0.0544588155207624,289.693159084414,24.682376782977,166.281275169529,5.44588155207624
2020-09-28,1210,3,1170,2,40,1,1379,2,25281,37,26660,39,0,13,-9,119,12,1078,0,43,13,"Anderson",76978,100.02857959417,0.0543109300746775,50.6638260282159,3.89721738678583,154.589623009171,5.43109300746775
2020-09-29,1221,11,1180,10,41,1,1389,10,25575,294,26964,304,0,13,-7,112,18,1096,0,43,13,"Anderson",76978,96.1313622073839,0.0482804232804233,394.918028527631,14.2897970848814,145.496115773338,4.82804232804233
2020-09-30,1233,12,1190,10,43,2,1399,10,25641,66,27040,76,0,13,3,115,9,1105,0,43,13,"Anderson",76978,111.720231754527,0.0536522301228184,98.7295071319078,15.5888695471433,149.393333160124,5.36522301228184
2020-10-01,1249,16,1204,14,45,2,1414,15,25921,280,27335,295,0,13,4,119,12,1117,0,43,13,"Anderson",76978,115.617449141313,0.0552228875582169,383.226376367274,20.7851593961911,154.589623009171,5.52228875582169
2020-10-02,1256,7,1210,6,46,1,1421,7,26003,82,27424,89,0,13,1,120,6,1123,0,43,13,"Anderson",76978,106.523941905479,0.0573343261355175,115.617449141313,9.09350723583361,155.888695471433,5.73343261355175
2020-10-03,1272,16,1226,16,46,0,1445,24,26267,264,27712,288,0,13,3,123,13,1136,0,43,13,"Anderson",76978,109.122086830003,0.0639269406392694,374.13286913144,20.7851593961911,159.785912858219,6.39269406392694
2020-10-04,1288,16,1240,14,48,2,1461,16,26604,337,28065,353,0,13,8,131,8,1144,0,43,13,"Anderson",76978,105.224869443218,0.0581717451523546,458.572579178467,20.7851593961911,170.178492556315,5.81717451523546
2020-10-05,1314,26,1265,25,49,1,1488,27,26815,211,28303,238,0,13,11,142,15,1159,1,44,13,"Anderson",76978,135.103536075242,0.0663420572124163,309.179246018343,33.7758840188106,184.468289641196,6.63420572124163
2020-10-06,1342,28,1292,27,50,1,1520,32,27152,337,28672,369,0,13,15,157,13,1172,1,45,13,"Anderson",76978,157.187767933695,0.0766978922716628,479.357738574658,36.3740289433345,203.954376575125,7.66978922716628
2020-10-07,1348,6,1298,6,50,0,1528,8,27387,235,28915,243,0,13,-3,154,9,1181,0,45,13,"Anderson",76978,149.393333160124,0.0688,315.674608329653,7.79443477357167,200.05715918834,6.88
2020-10-08,1358,10,1306,8,52,2,1537,9,27626,239,29163,248,0,13,-3,151,13,1194,1,46,13,"Anderson",76978,141.598898386552,0.0672866520787746,322.169970640962,12.9907246226195,196.159941801554,6.72866520787746
2020-10-09,1373,15,1319,13,54,2,1553,16,27799,173,29352,189,0,13,-2,149,17,1211,0,46,13,"Anderson",76978,151.991478084648,0.0684647302904564,245.524695367508,19.4860869339292,193.56179687703,6.84647302904564
2020-10-10,1389,16,1335,16,54,0,1573,20,28011,212,29584,232,0,13,3,152,13,1224,1,47,14,"Anderson",76978,151.991478084648,0.0683760683760684,301.384811244771,20.7851593961911,197.459014263816,6.83760683760684
2020-10-11,1417,28,1363,28,54,0,1604,31,28300,289,29904,320,0,13,18,170,10,1234,0,47,14,"Anderson",76978,167.580347631791,0.0777596519847743,415.703187923822,36.3740289433345,220.842318584531,7.77596519847743
2020-10-12,1433,16,1378,15,55,1,1620,16,28379,79,29999,95,0,13,-11,159,27,1261,0,47,14,"Anderson",76978,154.589623009171,0.0778301886792453,123.411883914885,20.7851593961911,206.552521499649,7.78301886792453
2020-10-13,1453,20,1396,18,57,2,1638,18,28500,121,30138,139,0,13,7,166,13,1274,0,47,14,"Anderson",76978,144.197043311076,0.0804911323328786,180.57107225441,25.9814492452389,215.646028735483,8.04911323328786
2020-10-14,1475,22,1418,22,57,0,1662,24,28800,300,30462,324,0,13,12,178,10,1284,0,47,14,"Anderson",76978,164.982202707267,0.0866192630898513,420.89947777287,28.5795941697628,231.234898282626,8.66192630898513
2020-10-15,1497,22,1434,16,63,6,1676,14,28951,151,30627,165,0,13,2,180,20,1304,1,48,14,"Anderson",76978,180.57107225441,0.0949453551912568,214.346956273221,28.5795941697628,233.83304320715,9.49453551912568
2020-10-16,1504,7,1437,3,67,4,1680,4,29050,99,30730,103,0,13,-11,169,18,1322,0,48,15,"Anderson",76978,170.178492556315,0.0921625544267054,133.80446361298,9.09350723583361,219.543246122269,9.21625544267054
2020-10-17,1532,28,1464,27,68,1,1710,30,29298,248,31008,278,0,13,14,183,14,1336,2,50,15,"Anderson",76978,185.767362103458,0.0962078651685393,361.142144508821,36.3740289433345,237.730260593936,9.62078651685393
2020-10-18,1552,20,1484,20,68,0,1733,23,29537,239,31270,262,0,13,5,188,15,1351,0,50,15,"Anderson",76978,175.374782405363,0.0944363103953148,340.35698511263,25.9814492452389,244.225622905246,9.44363103953148
2020-10-19,1556,4,1488,4,68,0,1738,5,29614,77,31352,82,0,13,-16,172,20,1371,1,51,15,"Anderson",76978,159.785912858219,0.0872135994087214,106.523941905479,5.19628984904778,223.440463509055,8.72135994087214
2020-10-20,1583,27,1515,27,68,0,1773,35,29813,199,31586,234,0,13,6,178,21,1392,0,51,15,"Anderson",76978,168.879420094053,0.093232044198895,303.982956169295,35.0749564810725,231.234898282626,9.3232044198895
2020-10-21,1600,17,1532,17,68,0,1792,19,30029,216,31821,235,0,13,8,186,9,1401,1,52,15,"Anderson",76978,162.384057782743,0.0956585724797645,305.282028631557,22.0842318584531,241.627477980722,9.56585724797645
2020-10-22,1621,21,1553,21,68,0,1817,25,30361,332,32178,357,1,14,-4,182,24,1425,0,52,15,"Anderson",76978,161.084985320481,0.0909090909090909,463.768869027514,27.2805217075008,236.431188131674,9.09090909090909
2020-10-23,1636,15,1567,14,69,1,1833,16,30636,275,32469,291,0,14,-7,175,22,1447,0,52,15,"Anderson",76978,171.477565018577,0.0879815986198965,378.030086518226,19.4860869339292,227.33768089584,8.79815986198965
2020-10-24,1667,31,1597,30,70,1,1866,33,31012,376,32878,409,0,14,19,194,12,1459,2,54,17,"Anderson",76978,175.374782405363,0.0834224598930481,531.320637065136,40.2712463301203,252.020057678817,8.34224598930481
2020-10-25,1684,17,1613,16,71,1,1885,19,31208,196,33093,215,0,14,0,194,17,1476,4,58,17,"Anderson",76978,171.477565018577,0.0833790455293472,279.300579386318,22.0842318584531,252.020057678817,8.33790455293472
2020-10-26,1700,16,1628,15,72,1,1903,18,31342,134,33245,152,-1,13,-11,183,28,1504,1,59,17,"Anderson",76978,187.06643456572,0.0871632329635499,197.459014263816,20.7851593961911,237.730260593936,8.71632329635499
2020-10-27,1729,29,1652,24,77,5,1927,24,31497,155,33424,179,1,14,10,193,18,1522,2,61,17,"Anderson",76978,189.664579490244,0.0837867247007617,232.533970744888,37.6731014055964,250.720985216555,8.37867247007617
2020-10-28,1785,56,1706,54,79,2,1986,59,31931,434,33917,493,0,14,33,226,23,1545,0,61,17,"Anderson",76978,240.32840551846,0.0925572519083969,640.442723895139,72.7480578866689,293.5903764712,9.25572519083969
2020-10-29,1814,29,1727,21,87,8,2005,19,32137,206,34142,225,0,14,6,232,23,1568,2,63,17,"Anderson",76978,250.720985216555,0.0957230142566191,292.291304008938,37.6731014055964,301.384811244771,9.57230142566191
2020-10-30,1851,37,1761,34,90,3,2043,38,32288,151,34331,189,2,16,20,252,15,1583,1,64,17,"Anderson",76978,279.300579386318,0.112781954887218,245.524695367508,48.065681103692,327.36626049001,11.2781954887218
2020-10-31,1851,0,1761,0,90,0,2043,0,32289,1,34332,1,0,16,-10,242,10,1593,0,64,19,"Anderson",76978,239.029333056198,0.121733149931224,1.29907246226194,0,314.375535867391,12.1733149931224
2020-11-01,1856,5,1766,5,90,0,2051,8,32533,244,34584,252,0,16,-10,232,15,1608,0,64,19,"Anderson",76978,223.440463509055,0.111334674714956,327.36626049001,6.49536231130973,301.384811244771,11.1334674714956
2020-11-02,1889,33,1797,31,92,2,2086,35,32800,267,34886,302,0,16,8,240,25,1633,0,64,20,"Anderson",76978,245.524695367508,0.111517367458867,392.319883603107,42.8693912546442,311.777390942867,11.1517367458867
2020-11-03,1915,26,1822,25,93,1,2111,25,32980,180,35091,205,0,16,6,246,20,1653,0,64,21,"Anderson",76978,241.627477980722,0.110377924415117,266.309854763699,33.7758840188106,319.571825716438,11.0377924415117
2020-11-04,1933,18,1837,15,96,3,2129,18,33059,79,35188,97,2,18,1,247,15,1668,1,65,21,"Anderson",76978,192.262724414768,0.112509834775767,126.010028839409,23.383304320715,320.8708981787,11.2509834775767
2020-11-05,1957,24,1855,18,102,6,2149,20,33158,99,35307,119,0,18,1,248,23,1691,0,65,22,"Anderson",76978,185.767362103458,0.123605150214592,154.589623009171,31.1777390942867,322.169970640962,12.3605150214592
2020-11-06,2006,49,1901,46,105,3,2198,49,33525,367,35723,416,0,18,24,272,25,1716,2,67,23,"Anderson",76978,201.356231650601,0.111350574712644,540.414144300969,63.6545506508353,353.347709735249,11.1350574712644
2020-11-07,2086,80,1978,77,108,3,2275,77,33972,447,36247,524,0,18,50,322,30,1746,0,67,23,"Anderson",76978,305.282028631557,0.121148825065274,680.713970225259,103.925796980956,418.301332848346,12.1148825065274
2020-11-08,2140,54,2029,51,111,3,2337,62,34582,610,36919,672,0,18,39,361,15,1761,1,68,23,"Anderson",76978,368.936579282392,0.122483940042827,872.976694640027,70.149912962145,468.965158876562,12.2483940042827
2020-11-09,2148,8,2036,7,112,1,2346,9,34656,74,37002,83,0,18,-46,315,54,1815,0,68,23,"Anderson",76978,336.459767725844,0.122873345935728,107.823014367741,10.3925796980956,409.207825612513,12.2873345935728
2020-11-10,2167,19,2054,18,113,1,2368,22,34827,171,37195,193,0,18,-16,299,35,1850,1,69,23,"Anderson",76978,327.36626049001,0.122148288973384,250.720985216555,24.682376782977,388.422666216322,12.2148288973384
2020-11-11,2206,39,2090,36,116,3,2410,42,35100,273,37510,315,1,19,13,312,25,1875,1,70,23,"Anderson",76978,354.646782197511,0.121016365202412,409.207825612513,50.6638260282159,405.310608225727,12.1016365202412
2020-11-12,2213,7,2096,6,117,1,2418,8,35298,198,37716,206,0,19,-13,299,20,1895,0,70,24,"Anderson",76978,332.562550339058,0.111664591116646,267.608927225961,9.09350723583361,388.422666216322,11.1664591116646
2020-11-13,2269,56,2149,53,120,3,2477,59,35560,262,38037,321,2,21,31,330,23,1918,2,72,24,"Anderson",76978,341.656057574892,0.12057044079516,417.002260386084,72.7480578866689,428.693912546442,12.057044079516
2020-11-14,2310,41,2189,40,121,1,2522,45,35956,396,38478,441,1,22,20,350,20,1938,1,73,25,"Anderson",76978,290.992231546676,0.110712684894666,572.890955857518,53.2619709527397,454.675361791681,11.0712684894666
2020-11-15,2408,98,2287,98,121,0,2630,108,36538,582,39168,690,1,23,79,429,18,1956,1,74,25,"Anderson",76978,348.151419886201,0.130280124499778,896.359998960742,127.309101301671,557.302086310374,13.0280124499778
2020-11-16,2457,49,2316,29,141,20,2659,29,36815,277,39474,306,0,23,-6,423,55,2011,1,75,25,"Anderson",76978,401.413390838941,0.126618122977346,397.516173452155,63.6545506508353,549.507651536803,12.6618122977346
2020-11-17,2473,16,2331,15,142,1,2675,16,37021,206,39696,222,2,25,-37,386,51,2062,1,76,26,"Anderson",76978,397.516173452155,0.122750899640144,288.394086622152,20.7851593961911,501.441970433111,12.2750899640144
2020-11-18,2503,30,2357,26,146,4,2701,26,37315,294,40016,320,0,25,-5,381,35,2097,0,76,27,"Anderson",76978,385.824521291798,0.116121308858739,415.703187923822,38.9721738678584,494.946608121801,11.6121308858739
2020-11-19,2561,58,2411,54,150,4,2763,62,37731,416,40494,478,0,25,19,400,39,2136,1,77,27,"Anderson",76978,452.077216867157,0.124190064794816,620.95663696121,75.3462028111928,519.628984904778,12.4190064794816
2020-11-20,2591,30,2438,27,153,3,2794,31,37845,114,40639,145,0,25,-10,390,40,2176,0,77,28,"Anderson",76978,418.301332848346,0.121829362029208,188.365507027982,38.9721738678584,506.638260282159,12.1829362029208
2020-11-21,2648,57,2487,49,161,8,2842,48,38189,344,41031,392,0,25,33,423,24,2200,1,78,28,"Anderson",76978,439.086492244537,0.125342734038386,509.236405206682,74.0471303489309,549.507651536803,12.5342734038386
2020-11-22,2704,56,2536,49,168,7,2899,57,38672,483,41571,540,0,25,42,465,14,2214,1,79,31,"Anderson",76978,384.525448829536,0.111943404078236,701.49912962145,72.7480578866689,604.068694951804,11.1943404078236
2020-11-23,2711,7,2542,6,169,1,2905,6,38694,22,41599,28,0,25,-64,401,71,2285,0,79,32,"Anderson",76978,329.964405414534,0.115764705882353,36.3740289433345,9.09350723583361,520.92805736704,11.5764705882353
2020-11-24,2724,13,2554,12,170,1,2917,12,38851,157,41768,169,2,27,-35,366,46,2331,0,79,32,"Anderson",76978,326.067188027748,0.116795366795367,219.543246122269,16.8879420094053,475.460521187872,11.6795366795367
2020-11-25,2752,28,2575,21,177,7,2938,21,38888,37,41826,58,1,28,-11,355,38,2369,0,79,32,"Anderson",76978,323.469043103224,0.130939226519337,75.3462028111928,36.3740289433345,461.170724102991,13.0939226519337
2020-11-26,2797,45,2617,42,180,3,2983,45,39238,350,42221,395,0,28,-30,325,75,2444,1,80,33,"Anderson",76978,306.581101093819,0.127388535031847,513.133622593468,58.4582608017875,422.198550235132,12.7388535031847
2020-11-27,2896,99,2707,90,189,9,3078,95,39664,426,42742,521,0,28,56,381,43,2487,3,83,35,"Anderson",76978,396.217100989893,0.135045173561579,676.816752838473,128.608173763933,494.946608121801,13.5045173561579
2020-11-28,2927,31,2732,25,195,6,3108,30,39807,143,42915,173,1,29,5,386,25,2512,2,85,35,"Anderson",76978,362.441216971083,0.141188959660297,224.739535971316,40.2712463301203,501.441970433111,14.1188959660297
2020-11-29,3018,91,2821,89,197,2,3204,96,40244,437,43448,533,0,29,65,451,26,2538,1,86,35,"Anderson",76978,407.908753150251,0.162493340436867,692.405622385617,118.215594065837,585.881680480137,16.2493340436867
2020-11-30,3088,70,2887,66,201,4,3277,73,40496,252,43773,325,0,29,1,452,69,2607,0,86,37,"Anderson",76978,489.750318272753,0.171113155473781,422.198550235132,90.9350723583361,587.180752942399,17.1113155473781
2020-12-01,3164,76,2953,66,211,10,3349,72,40927,431,44276,503,1,30,14,466,61,2668,6,92,38,"Anderson",76978,571.591883395256,0.172248803827751,653.433448517758,98.7295071319078,605.367767414066,17.2248803827751
2020-12-02,3179,15,2967,14,212,1,3365,16,41035,108,44400,124,0,30,-40,426,55,2723,0,92,38,"Anderson",76978,554.70394138585,0.165889665889666,161.084985320481,19.4860869339292,553.404868923589,16.5889665889666
2020-12-03,3220,41,2996,29,224,12,3398,33,41259,224,44657,257,1,31,-14,412,54,2777,1,93,39,"Anderson",76978,549.507651536803,0.170361247947455,333.86162280132,53.2619709527397,535.217854451921,17.0361247947455
2020-12-04,3287,67,3056,60,231,7,3461,63,41417,158,44878,221,1,32,-25,387,91,2868,0,93,39,"Anderson",76978,507.93733274442,0.179307116104869,287.09501415989,87.0378549715503,502.741042895373,17.9307116104869
2020-12-05,3318,31,3075,19,243,12,3479,18,41484,67,44963,85,0,32,1,388,30,2898,0,93,39,"Anderson",76978,507.93733274442,0.18115234375,110.421159292265,40.2712463301203,504.040115357635,18.115234375
2020-12-06,3354,36,3104,29,250,7,3507,28,41692,208,45199,236,0,32,12,400,24,2922,2,95,40,"Anderson",76978,436.488347320014,0.173043974871502,306.581101093819,46.76660864143,519.628984904778,17.3043974871502
2020-12-07,3494,140,3228,124,266,16,3643,136,42285,593,45928,729,2,34,28,428,110,3032,4,99,41,"Anderson",76978,527.42341967835,0.169837587006961,947.023824988958,181.870144716672,556.003013848112,16.9837587006961
2020-12-08,3565,71,3277,49,288,22,3695,52,42583,298,46278,350,1,35,-8,420,78,3110,2,101,43,"Anderson",76978,520.92805736704,0.172827172827173,454.675361791681,92.2341448205981,545.610434150017,17.2827172827173
2020-12-09,3670,105,3368,91,302,14,3799,104,42844,261,46643,365,0,35,46,466,59,3169,3,104,44,"Anderson",76978,637.844578970615,0.193490860454748,474.16144872561,136.402608537504,605.367767414066,19.3490860454748
2020-12-10,3764,94,3446,78,318,16,3886,87,43376,532,47262,619,3,38,81,547,10,3179,3,107,45,"Anderson",76978,706.695419470498,0.187332053742802,804.125854140144,122.112811452623,710.592636857284,18.7332053742802
2020-12-11,3837,73,3499,53,338,20,3937,51,43542,166,47479,217,1,39,30,577,42,3221,2,109,45,"Anderson",76978,714.48985424407,0.183006535947712,281.898724310842,94.832289745122,749.564810725142,18.3006535947712
2020-12-12,3925,88,3560,61,365,27,4002,65,44055,513,48057,578,0,39,55,632,33,3254,2,111,45,"Anderson",76978,788.536984593001,0.169036845507434,750.863883187404,114.318376679051,821.013796149549,16.9036845507434
2020-12-13,4157,232,3743,183,414,49,4206,204,44927,872,49133,1076,1,40,188,820,43,3297,0,111,47,"Anderson",76978,1043.15518719634,0.177681748856126,1397.80196939385,301.384811244771,1065.23941905479,17.7681748856126
2020-12-14,4272,115,3828,85,444,30,4305,99,45218,291,49523,390,0,40,-37,783,152,3449,1,112,48,"Anderson",76978,1010.67837563979,0.184144645340751,506.638260282159,149.393333160124,1017.1737379511,18.4144645340751
2020-12-15,4407,135,3913,85,494,50,4401,96,45745,527,50146,623,1,41,42,825,92,3541,6,118,51,"Anderson",76978,1093.81901322456,0.182523267838676,809.322143989192,175.374782405363,1071.7347813661,18.2523267838676
2020-12-16,4476,69,3943,30,533,39,4437,36,46068,323,50505,359,2,43,-17,808,84,3625,4,122,52,"Anderson",76978,1047.05240458313,0.165199378560331,466.367013952038,89.6359998960742,1049.65054950765,16.5199378560331
2020-12-17,4677,201,4117,174,560,27,4631,194,46596,528,51227,722,2,45,114,922,85,3710,2,124,54,"Anderson",76978,1186.05315804516,0.187894073139975,937.930317753124,261.113564914651,1197.74481020551,18.7894073139975
2020-12-18,4775,98,4193,76,582,22,4718,87,46962,366,51680,453,1,46,23,945,74,3784,2,126,54,"Anderson",76978,1218.5299696017,0.185908117114973,588.479825404661,127.309101301671,1227.62347683754,18.5908117114973
2020-12-19,4880,105,4274,81,606,24,4805,87,47220,258,52025,345,0,46,74,1019,31,3815,1,127,55,"Anderson",76978,1240.61420146016,0.202368951612903,448.179999480371,136.402608537504,1323.75483904492,20.2368951612903
2020-12-20,5020,140,4396,122,624,18,4942,137,47684,464,52626,601,2,48,84,1103,54,3869,3,130,56,"Anderson",76978,1121.09953493206,0.2107071285428,780.742549819429,181.870144716672,1432.87692587493,21.07071285428
2020-12-21,5068,48,4414,18,654,30,4965,23,47904,220,52869,243,3,51,-83,1020,128,3997,2,132,59,"Anderson",76978,1034.06167996051,0.197250448296473,315.674608329653,62.3554781885734,1325.05391150718,19.7250448296473
2020-12-22,5138,70,4458,44,680,26,5012,47,48010,106,53022,153,1,52,-31,989,100,4097,2,134,64,"Anderson",76978,949.621969913482,0.212447844228095,198.758086726078,90.9350723583361,1284.78266517706,21.2447844228095
2020-12-23,5212,74,4500,42,712,32,5055,43,48326,316,53381,359,2,54,-8,981,80,4177,2,136,66,"Anderson",76978,956.117332224792,0.214881780250348,466.367013952038,96.1313622073839,1274.39008547897,21.4881780250348
2020-12-24,5270,58,4524,24,746,34,5082,27,48478,152,53560,179,1,55,-47,934,104,4281,1,137,71,"Anderson",76978,770.349970121333,0.193313330475782,232.533970744888,75.3462028111928,1213.33367975266,19.3313330475782
2020-12-25,5364,94,4602,78,762,16,5175,93,48887,409,54062,502,0,55,-16,918,110,4391,1,138,72,"Anderson",76978,765.153680272286,0.191855583543241,652.134376055496,122.112811452623,1192.54852035647,19.1855583543241
2020-12-26,5420,56,4631,29,789,27,5203,28,49006,119,54209,147,0,55,6,924,50,4441,3,141,74,"Anderson",76978,701.49912962145,0.182234432234432,190.963651952506,72.7480578866689,1200.34295513004,18.2234432234432
2020-12-27,5480,60,4668,37,812,23,5239,36,49142,136,54381,172,1,56,29,953,30,4471,6,147,75,"Anderson",76978,597.573332640495,0.169230769230769,223.440463509055,77.9443477357167,1238.01605653563,16.9230769230769
2020-12-28,5527,47,4689,21,838,26,5259,20,49211,69,54470,89,2,58,-85,868,130,4601,4,151,82,"Anderson",76978,596.274260178233,0.183635227982511,115.617449141313,61.0564057263114,1127.59489724337,18.3635227982511
2020-12-29,5623,96,4741,52,882,44,5307,48,49306,95,54613,143,2,60,-34,834,128,4729,5,156,85,"Anderson",76978,630.050144197043,0.185417976115651,185.767362103458,124.710956377147,1083.42643352646,18.5417976115651
2020-12-30,5658,35,4759,18,899,17,5324,17,49434,128,54758,145,6,66,-89,745,118,4847,1,157,88,"Anderson",76978,579.386318168827,0.195352214960058,188.365507027982,45.4675361791681,967.808984385149,19.5352214960058
2020-12-31,5821,163,4859,100,962,63,5426,102,49738,304,55164,406,6,72,63,808,94,4941,1,158,93,"Anderson",76978,715.788926706332,0.214463840399002,527.42341967835,211.748811348697,1049.65054950765,21.4463840399002
2021-01-01,5886,65,4901,42,985,23,5481,55,50014,276,55495,331,0,72,-25,783,90,5031,2,160,94,"Anderson",76978,678.115825300735,0.213538032100488,429.992985008704,84.4397100470264,1017.1737379511,21.3538032100488
2021-01-02,5979,93,4942,41,1037,52,5522,41,50299,285,55821,326,0,72,48,831,45,5076,2,162,96,"Anderson",76978,726.181506404427,0.197890818858561,423.497622697394,120.813738990361,1079.52921613968,19.7890818858561
2021-01-03,6004,25,4954,12,1050,13,5538,16,50351,52,55889,68,0,72,-9,822,34,5110,1,163,98,"Anderson",76978,680.713970225259,0.198275862068966,88.3369274338123,32.4768115565486,1067.83756397932,19.8275862068966
2021-01-04,6041,37,4978,24,1063,13,5569,31,50458,107,56027,138,1,73,-57,765,93,5203,0,163,103,"Anderson",76978,667.72324560264,0.199100834938985,179.271999792148,48.065681103692,993.790433630388,19.9100834938985
2021-01-05,6113,72,5009,31,1104,41,5600,31,50576,118,56176,149,2,75,-48,717,118,5321,2,165,106,"Anderson",76978,636.545506508353,0.187460012795905,193.56179687703,93.53321728286,931.434955441815,18.7460012795905
2021-01-06,6187,74,5049,40,1138,34,5643,43,50737,161,56380,204,5,80,-12,705,81,5402,2,167,108,"Anderson",76978,687.209332536569,0.196670776818742,265.010782301437,96.1313622073839,915.846085894671,19.6670776818742
2021-01-07,6292,105,5129,80,1163,25,5735,92,50958,221,56693,313,1,81,65,770,39,5441,1,168,111,"Anderson",76978,611.863129725376,0.202092871157619,406.609680687989,136.402608537504,1000.2857959417,20.2092871157619
2021-01-08,6374,82,5179,50,1195,32,5787,52,51157,199,56944,251,5,86,61,831,16,5457,2,170,114,"Anderson",76978,633.947361583829,0.211180124223602,326.067188027748,106.523941905479,1079.52921613968,21.1180124223602
2021-01-09,6484,110,5248,69,1236,41,5862,75,51588,431,57450,506,2,88,43,874,65,5522,0,170,116,"Anderson",76978,656.031593442282,0.208717004297115,657.330665904544,142.897970848814,1135.38933201694,20.8717004297115
2021-01-10,6544,60,5273,25,1271,35,5887,25,51682,94,57569,119,2,90,28,902,30,5552,3,173,117,"Anderson",76978,701.49912962145,0.207738095238095,154.589623009171,77.9443477357167,1171.76336096027,20.7738095238095
2021-01-11,6577,33,5283,10,1294,23,5900,13,51753,71,57653,84,1,91,-93,809,125,5677,1,174,119,"Anderson",76978,696.302839772403,0.203567035670357,109.122086830003,42.8693912546442,1050.94962196991,20.3567035670357
2021-01-12,6630,53,5317,34,1313,19,5938,38,51925,172,57863,210,2,93,-100,709,151,5828,1,175,119,"Anderson",76978,671.620462989426,0.200355660936574,272.805217075008,68.8508404998831,921.042375743719,20.0355660936574
2021-01-13,6656,26,5334,17,1322,9,5957,19,52015,90,57972,109,3,96,-44,665,67,5895,0,175,120,"Anderson",76978,609.264984800852,0.197236180904523,141.598898386552,33.7758840188106,863.883187404193,19.7236180904523
2021-01-14,6753,97,5396,62,1357,35,6031,74,52422,407,58453,481,5,101,8,673,84,5979,2,177,122,"Anderson",76978,598.872405102757,0.168181818181818,624.853854347995,126.010028839409,874.275767102289,16.8181818181818
2021-01-15,6787,34,5416,20,1371,14,6055,24,52577,155,58632,179,0,101,-16,657,50,6029,1,178,125,"Anderson",76978,536.516926914183,0.158767772511848,232.533970744888,44.1684637169061,853.490607706098,15.8767772511848
2021-01-16,6851,64,5446,30,1405,34,6088,33,52821,244,58909,277,1,102,2,659,61,6090,1,179,128,"Anderson",76978,476.759593650134,0.154900616860864,359.843072046559,83.1406375847645,856.088752630622,15.4900616860864
2021-01-17,6888,37,5466,20,1422,17,6111,23,52925,104,59036,127,0,102,-6,653,43,6133,0,179,130,"Anderson",76978,446.880927018109,0.152692569870484,164.982202707267,48.065681103692,848.29431785705,15.2692569870484
2021-01-18,6907,19,5474,8,1433,11,6121,10,53021,96,59142,106,1,103,-68,585,86,6219,0,179,131,"Anderson",76978,428.693912546442,0.148421759570181,137.701680999766,24.682376782977,759.957390423238,14.8421759570181
2021-01-19,6949,42,5491,17,1458,25,6141,20,53133,112,59274,132,1,104,-78,507,119,6338,0,179,133,"Anderson",76978,414.40411546156,0.143869596031184,171.477565018577,54.5610434150017,658.629738366806,14.3869596031184
2021-01-20,6977,28,5507,16,1470,12,6160,19,53285,152,59445,171,3,107,-29,478,54,6392,0,179,135,"Anderson",76978,417.002260386084,0.137813985064494,222.141391046793,36.3740289433345,620.95663696121,13.7813985064494
2021-01-21,7033,56,5547,40,1486,16,6199,39,53526,241,59725,280,5,112,-42,436,93,6485,2,181,136,"Anderson",76978,363.740289433345,0.132075471698113,363.740289433345,72.7480578866689,566.395593546208,13.2075471698113
2021-01-22,7071,38,5565,18,1506,20,6221,22,53671,145,59892,167,2,114,-16,420,52,6537,0,181,139,"Anderson",76978,368.936579282392,0.131746031746032,216.945101197745,49.3647535659539,545.610434150017,13.1746031746032
2021-01-23,7109,38,5579,14,1530,24,6234,13,53931,260,60165,273,0,114,8,428,30,6567,1,182,139,"Anderson",76978,335.160695263582,0.116242038216561,354.646782197511,49.3647535659539,556.003013848112,11.6242038216561
2021-01-24,7122,13,5591,12,1531,1,6248,14,53998,67,60246,81,0,114,-21,407,34,6601,0,182,141,"Anderson",76978,303.982956169295,0.113223140495868,105.224869443218,16.8879420094053,528.722492140612,11.3223140495868
2021-01-25,7139,17,5602,11,1537,6,6259,11,54058,60,60317,71,2,116,-47,360,62,6663,1,183,143,"Anderson",76978,301.384811244771,0.117446808510638,92.2341448205981,22.0842318584531,467.6660864143,11.7446808510638
2021-01-26,7166,27,5623,21,1543,6,6284,25,54222,164,60506,189,0,116,-36,324,63,6726,1,184,146,"Anderson",76978,281.898724310842,0.116071428571429,245.524695367508,35.0749564810725,420.89947777287,11.6071428571429
2021-01-27,7183,17,5631,8,1552,9,6293,9,54308,86,60601,95,4,120,-18,306,31,6757,0,184,148,"Anderson",76978,267.608927225961,0.115051903114187,123.411883914885,22.0842318584531,397.516173452155,11.5051903114187
2021-01-28,7270,87,5671,40,1599,47,6340,47,54534,226,60874,273,4,124,24,330,59,6816,0,184,149,"Anderson",76978,307.880173556081,0.122715404699739,354.646782197511,113.019304216789,428.693912546442,12.2715404699739
2021-01-29,7283,13,5675,4,1608,9,6345,5,54579,45,60924,50,1,125,-34,296,46,6862,1,185,149,"Anderson",76978,275.403361999532,0.12015503875969,64.9536231130973,16.8879420094053,384.525448829536,12.015503875969
2021-01-30,7323,40,5710,35,1613,5,6381,36,54838,259,61219,295,2,127,1,297,37,6899,2,187,150,"Anderson",76978,278.001506924056,0.139468690702087,383.226376367274,51.9628984904778,385.824521291798,13.9468690702087
2021-01-31,7339,16,5717,7,1622,9,6392,11,55007,169,61399,180,1,128,-4,293,19,6918,0,187,152,"Anderson",76978,281.898724310842,0.12489158716392,233.83304320715,20.7851593961911,380.62823144275,12.489158716392
2021-02-01,7359,20,5729,12,1630,8,6405,13,55060,53,61465,66,1,129,-26,267,45,6963,1,188,153,"Anderson",76978,285.795941697628,0.127177700348432,85.7387825092884,25.9814492452389,346.852347423939,12.7177700348432
2021-02-02,7366,7,5735,6,1631,1,6411,6,55129,69,61540,75,5,134,-45,222,47,7010,0,188,154,"Anderson",76978,259.814492452389,0.122823984526112,97.4304346696459,9.09350723583361,288.394086622152,12.2823984526112
2021-02-03,7388,22,5741,6,1647,16,6421,10,55321,192,61742,202,4,138,1,223,17,7027,0,188,155,"Anderson",76978,266.309854763699,0.112182296231376,262.412637376913,28.5795941697628,289.693159084414,11.2182296231376
2021-02-04,7418,30,5755,14,1663,16,6438,17,55645,324,62083,341,2,140,-5,218,33,7060,0,188,155,"Anderson",76978,192.262724414768,0.0810587262200165,442.983709631323,38.9721738678584,283.197796773104,8.10587262200166
2021-02-05,7436,18,5766,11,1670,7,6455,17,55802,157,62257,174,2,142,-13,205,29,7089,0,188,156,"Anderson",76978,198.758086726078,0.0825206301575394,226.038608433578,23.383304320715,266.309854763699,8.25206301575394
2021-02-06,7462,26,5782,16,1680,10,6475,20,56024,222,62499,242,1,143,8,213,17,7106,1,189,156,"Anderson",76978,180.57107225441,0.0734375,314.375535867391,33.7758840188106,276.702434461794,7.34375
2021-02-07,7475,13,5789,7,1686,6,6483,8,56131,107,62614,115,0,143,-10,203,23,7129,0,189,156,"Anderson",76978,176.673854867625,0.0748971193415638,149.393333160124,16.8879420094053,263.711709839175,7.48971193415638
2021-02-08,7500,25,5795,6,1705,19,6488,5,56153,22,62641,27,2,145,-13,190,36,7165,0,189,156,"Anderson",76978,183.169217178934,0.070578231292517,35.0749564810725,32.4768115565486,246.82376782977,7.0578231292517
2021-02-09,7524,24,5805,10,1719,14,6499,11,56322,169,62821,180,2,147,-24,166,46,7211,2,191,156,"Anderson",76978,205.253449037387,0.068696330991413,233.83304320715,31.1777390942867,215.646028735483,6.8696330991413
2021-02-10,7549,25,5820,15,1729,10,6518,19,56517,195,63035,214,1,148,8,174,16,7227,1,192,156,"Anderson",76978,209.150666424173,0.0750193348801237,278.001506924056,32.4768115565486,226.038608433578,7.50193348801237
2021-02-11,7562,13,5828,8,1734,5,6530,12,56697,180,63227,192,-1,147,-16,158,30,7257,0,192,157,"Anderson",76978,187.06643456572,0.0804195804195804,249.421912754293,16.8879420094053,205.253449037387,8.04195804195804
2021-02-12,7589,27,5843,15,1746,12,6545,15,56891,194,63436,209,0,147,13,171,14,7271,0,192,157,"Anderson",76978,198.758086726078,0.0763358778625954,271.506144612746,35.0749564810725,222.141391046793,7.63358778625954
2021-02-13,7615,26,5853,10,1762,16,6555,10,57080,189,63635,199,0,147,11,182,15,7286,0,192,157,"Anderson",76978,198.758086726078,0.0704225352112676,258.515419990127,33.7758840188106,236.431188131674,7.04225352112676
2021-02-14,7629,14,5863,10,1766,4,6566,11,57141,61,63707,72,2,149,1,183,11,7297,0,192,157,"Anderson",76978,200.05715918834,0.0759377859103385,93.53321728286,18.1870144716672,237.730260593936,7.59377859103385
2021-02-15,7645,16,5871,8,1774,8,6575,9,57214,73,63789,82,0,149,-6,177,22,7319,1,193,158,"Anderson",76978,188.365507027982,0.0757839721254355,106.523941905479,20.7851593961911,229.935825820364,7.57839721254355
2021-02-16,7674,29,5885,14,1789,15,6592,17,57298,84,63890,101,0,149,11,188,18,7337,0,193,158,"Anderson",76978,194.860869339292,0.0869971936389149,131.206318688456,37.6731014055964,244.225622905246,8.69971936389149
2021-02-17,7693,19,5897,12,1796,7,6604,12,57406,108,64010,120,0,149,-8,180,27,7364,0,193,160,"Anderson",76978,187.06643456572,0.0882051282051282,155.888695471433,24.682376782977,233.83304320715,8.82051282051282
2021-02-18,7717,24,5919,22,1798,2,6630,26,57562,156,64192,182,0,149,9,189,15,7379,0,193,160,"Anderson",76978,201.356231650601,0.103626943005181,236.431188131674,31.1777390942867,245.524695367508,10.3626943005181
2021-02-19,7730,13,5930,11,1800,2,6645,15,57608,46,64253,61,0,149,0,189,13,7392,0,193,161,"Anderson",76978,183.169217178934,0.122399020807834,79.2434201979787,16.8879420094053,245.524695367508,12.2399020807834
2021-02-20,7749,19,5937,7,1812,12,6654,9,57730,122,64384,131,1,150,3,192,15,7407,0,193,162,"Anderson",76978,174.075709943101,0.132176234979973,170.178492556315,24.682376782977,249.421912754293,13.2176234979973
2021-02-21,7761,12,5944,7,1817,5,6661,7,57794,64,64455,71,2,152,-1,191,11,7418,1,194,162,"Anderson",76978,171.477565018577,0.127005347593583,92.2341448205981,15.5888695471433,248.122840292031,12.7005347593583
2021-02-22,7766,5,5946,2,1820,3,6667,6,57831,37,64498,43,1,153,-17,174,21,7439,0,194,163,"Anderson",76978,157.187767933695,0.129760225669958,55.8601158772636,6.49536231130973,226.038608433578,12.9760225669958
2021-02-23,7790,24,5955,9,1835,15,6675,8,57974,143,64649,151,2,155,-2,172,24,7463,0,194,165,"Anderson",76978,150.692405622386,0.10935441370224,196.159941801554,31.1777390942867,223.440463509055,10.935441370224
2021-02-24,7822,32,5974,19,1848,13,6698,23,58148,174,64846,197,0,155,15,187,17,7480,0,194,165,"Anderson",76978,167.580347631791,0.11244019138756,255.917275065603,41.5703187923822,242.926550442984,11.244019138756
2021-02-25,7839,17,5982,8,1857,9,6709,11,58275,127,64984,138,1,156,-3,184,19,7499,0,194,165,"Anderson",76978,158.486840395957,0.0997474747474748,179.271999792148,22.0842318584531,239.029333056198,9.97474747474748
2021-02-26,7851,12,5990,8,1861,4,6718,9,58374,99,65092,108,0,156,-17,167,29,7528,0,194,165,"Anderson",76978,157.187767933695,0.0870083432657926,140.29982592429,15.5888695471433,216.945101197745,8.70083432657926
2021-02-27,7860,9,5997,7,1863,2,6724,6,58466,92,65190,98,0,156,-6,161,15,7543,0,194,165,"Anderson",76978,144.197043311076,0.086848635235732,127.309101301671,11.6916521603575,209.150666424173,8.6848635235732
2021-02-28,7874,14,6007,10,1867,4,6735,11,58537,71,65272,82,0,156,0,161,14,7557,0,194,165,"Anderson",76978,146.7951882356,0.0905752753977968,106.523941905479,18.1870144716672,209.150666424173,9.05752753977968
2021-03-01,7882,8,6012,5,1870,3,6742,7,58572,35,65314,42,0,156,-11,150,19,7576,0,194,165,"Anderson",76978,150.692405622386,0.0919117647058824,54.5610434150017,10.3925796980956,194.860869339292,9.19117647058824
2021-03-02,7905,23,6023,11,1882,12,6752,10,58688,116,65440,126,1,157,-2,148,24,7600,1,195,165,"Anderson",76978,149.393333160124,0.0973451327433628,163.683130245005,29.8786666320247,192.262724414768,9.73451327433628
2021-03-03,7938,33,6044,21,1894,12,6777,25,58804,116,65581,141,1,158,13,161,19,7619,0,195,166,"Anderson",76978,150.692405622386,0.107482993197279,183.169217178934,42.8693912546442,209.150666424173,10.7482993197279
2021-03-04,7963,25,6057,13,1906,12,6794,17,58967,163,65761,180,0,158,13,174,12,7631,0,195,166,"Anderson",76978,161.084985320481,0.109395109395109,233.83304320715,32.4768115565486,226.038608433578,10.9395109395109
2021-03-05,7995,32,6074,17,1921,15,6816,22,59101,134,65917,156,0,158,17,191,15,7646,2,197,166,"Anderson",76978,187.06643456572,0.118787878787879,202.655304112863,41.5703187923822,248.122840292031,11.8787878787879
2021-03-06,8005,10,6079,5,1926,5,6824,8,59190,89,66014,97,0,158,-1,190,11,7657,0,197,166,"Anderson",76978,188.365507027982,0.121359223300971,126.010028839409,12.9907246226195,246.82376782977,12.1359223300971
2021-03-07,8011,6,6082,3,1929,3,6827,3,59229,39,66056,42,0,158,-10,180,16,7673,0,197,166,"Anderson",76978,177.972927329886,0.11734693877551,54.5610434150017,7.79443477357167,233.83304320715,11.734693877551
2021-03-08,8027,16,6088,6,1939,10,6836,9,59306,77,66142,86,1,159,-4,176,19,7692,0,197,166,"Anderson",76978,188.365507027982,0.113526570048309,111.720231754527,20.7851593961911,228.636753358102,11.3526570048309
2021-03-09,8048,21,6096,8,1952,13,6844,8,59371,65,66215,73,0,159,3,179,18,7710,3,200,167,"Anderson",76978,185.767362103458,0.118709677419355,94.832289745122,27.2805217075008,232.533970744888,11.8709677419355
2021-03-10,8070,22,6109,13,1961,9,6860,16,59528,157,66388,173,0,159,11,190,11,7721,1,201,167,"Anderson",76978,171.477565018577,0.102850061957869,224.739535971316,28.5795941697628,246.82376782977,10.2850061957869
2021-03-11,8093,23,6119,10,1974,13,6870,10,59625,97,66495,107,0,159,1,191,22,7743,1,202,168,"Anderson",76978,168.879420094053,0.103542234332425,139.000753462028,29.8786666320247,248.122840292031,10.3542234332425
2021-03-12,8113,20,6136,17,1977,3,6890,20,59731,106,66621,126,0,159,8,199,12,7755,0,202,168,"Anderson",76978,153.29055054691,0.105113636363636,163.683130245005,25.9814492452389,258.515419990127,10.5113636363636
2021-03-13,8124,11,6140,4,1984,7,6894,4,59807,76,66701,80,0,159,2,201,9,7764,1,203,168,"Anderson",76978,154.589623009171,0.101892285298399,103.925796980956,14.2897970848814,261.113564914651,10.1892285298399
2021-03-14,8130,6,6144,4,1986,2,6900,6,59843,36,66743,42,0,159,-13,188,19,7783,1,204,168,"Anderson",76978,154.589623009171,0.106259097525473,54.5610434150017,7.79443477357167,244.225622905246,10.6259097525473
2021-03-15,8148,18,6149,5,1999,13,6906,6,59876,33,66782,39,0,159,-9,179,27,7810,1,205,168,"Anderson",76978,157.187767933695,0.109375,50.6638260282159,23.383304320715,232.533970744888,10.9375
2021-03-16,8181,33,6162,13,2019,20,6921,15,59969,93,66890,108,0,159,-1,178,34,7844,2,207,168,"Anderson",76978,172.776637480839,0.114074074074074,140.29982592429,42.8693912546442,231.234898282626,11.4074074074074
2021-03-17,8198,17,6173,11,2025,6,6934,13,60056,87,66990,100,0,159,-5,173,22,7866,0,207,169,"Anderson",76978,166.281275169529,0.122923588039867,129.907246226195,22.0842318584531,224.739535971316,12.2923588039867
2021-03-18,8214,16,6185,12,2029,4,6949,15,60137,81,67086,96,1,160,-1,172,16,7882,0,207,169,"Anderson",76978,157.187767933695,0.133671742808799,124.710956377147,20.7851593961911,223.440463509055,13.3671742808799
2021-03-19,8239,25,6200,15,2039,10,6962,13,60256,119,67218,132,0,160,13,185,12,7894,1,208,169,"Anderson",76978,163.683130245005,0.120603015075377,171.477565018577,32.4768115565486,240.32840551846,12.0603015075377
2021-03-20,8251,12,6206,6,2045,6,6970,8,60295,39,67265,47,0,160,3,188,9,7903,1,209,169,"Anderson",76978,164.982202707267,0.134751773049645,61.0564057263114,15.5888695471433,244.225622905246,13.4751773049645
2021-03-21,8261,10,6212,6,2049,4,6977,7,60357,62,67334,69,-1,159,-5,183,16,7919,0,209,169,"Anderson",76978,170.178492556315,0.130287648054146,89.6359998960742,12.9907246226195,237.730260593936,13.0287648054146
2021-03-22,8267,6,6213,1,2054,5,6978,1,60423,66,67401,67,0,159,-8,175,14,7933,1,210,169,"Anderson",76978,154.589623009171,0.116316639741519,87.0378549715503,7.79443477357167,227.33768089584,11.6316639741519
2021-03-23,8273,6,6214,1,2059,5,6979,1,60466,43,67445,44,0,159,-15,160,21,7954,0,210,170,"Anderson",76978,119.514666528099,0.104504504504505,57.1591883395256,7.79443477357167,207.851593961911,10.4504504504505
2021-03-24,8281,8,6221,7,2060,1,6986,7,60587,121,67573,128,1,160,-11,149,18,7972,0,210,170,"Anderson",76978,107.823014367741,0.0891938250428816,166.281275169529,10.3925796980956,193.56179687703,8.91938250428817
2021-03-25,8291,10,6226,5,2065,5,6992,6,60688,101,67680,107,0,160,-10,139,20,7992,0,210,170,"Anderson",76978,100.02857959417,0.0723905723905724,139.000753462028,12.9907246226195,180.57107225441,7.23905723905724
2021-03-26,8308,17,6238,12,2070,5,7003,11,60754,66,67757,77,0,160,3,142,14,8006,0,210,171,"Anderson",76978,89.6359998960742,0.0760667903525046,100.02857959417,22.0842318584531,184.468289641196,7.60667903525046
2021-03-27,8312,4,6242,4,2070,0,7009,6,60818,64,67827,70,1,161,-12,130,15,8021,2,212,171,"Anderson",76978,79.2434201979786,0.0693950177935943,90.9350723583361,5.19628984904778,168.879420094053,6.93950177935943
2021-03-28,8315,3,6242,0,2073,3,7009,0,60847,29,67856,29,1,162,-12,118,14,8035,0,212,172,"Anderson",76978,70.149912962145,0.0613026819923372,37.6731014055964,3.89721738678583,153.29055054691,6.13026819923372
2021-03-29,8330,15,6246,4,2084,11,7013,4,60933,86,67946,90,1,163,-16,102,30,8065,0,212,173,"Anderson",76978,81.8415651225025,0.0642201834862385,116.916521603575,19.4860869339292,132.505391150718,6.42201834862385
2021-03-30,8335,5,6249,3,2086,2,7016,3,60991,58,68007,61,1,164,-12,90,16,8081,0,212,173,"Anderson",76978,80.5424926602406,0.0658362989323843,79.2434201979787,6.49536231130973,116.916521603575,6.58362989323843
2021-03-31,8358,23,6263,14,2095,9,7032,16,61155,164,68187,180,1,165,10,100,12,8093,1,213,173,"Anderson",76978,100.02857959417,0.0749185667752443,233.83304320715,29.8786666320247,129.907246226195,7.49185667752443
2021-04-01,8367,9,6266,3,2101,6,7036,4,61212,57,68248,61,0,165,-8,92,17,8110,0,213,173,"Anderson",76978,98.7295071319078,0.0774647887323944,79.2434201979787,11.6916521603575,119.514666528099,7.74647887323944
2021-04-02,8376,9,6273,7,2103,2,7043,7,61282,70,68325,77,0,165,-1,91,10,8120,0,213,173,"Anderson",76978,88.3369274338123,0.0704225352112676,100.02857959417,11.6916521603575,118.215594065837,7.04225352112676
2021-04-03,8382,6,6278,5,2104,1,7049,6,61332,50,68381,56,0,165,-8,83,14,8134,0,213,173,"Anderson",76978,90.9350723583361,0.0722021660649819,72.7480578866689,7.79443477357167,107.823014367741,7.22021660649819
2021-04-04,8384,2,6280,2,2104,0,7051,2,61370,38,68421,40,0,165,-5,78,7,8141,0,213,173,"Anderson",76978,89.6359998960742,0.0743362831858407,51.9628984904778,2.59814492452389,101.327652056432,7.43362831858407
2021-04-05,8398,14,6283,3,2115,11,7053,2,61428,58,68481,60,0,165,4,82,10,8151,2,215,173,"Anderson",76978,88.3369274338123,0.0747663551401869,77.9443477357167,18.1870144716672,106.523941905479,7.47663551401869
2021-04-06,8403,5,6287,4,2116,1,7059,6,61470,42,68529,48,0,165,3,85,2,8153,0,215,173,"Anderson",76978,88.3369274338123,0.0823754789272031,62.3554781885734,6.49536231130973,110.421159292265,8.23754789272031
2021-04-07,8423,20,6300,13,2123,7,7073,14,61629,159,68702,173,0,165,10,95,10,8163,2,217,173,"Anderson",76978,84.4397100470264,0.0796116504854369,224.739535971316,25.9814492452389,123.411883914885,7.96116504854369
2021-04-08,8426,3,6302,2,2124,1,7076,3,61720,91,68796,94,5,170,-17,78,15,8178,1,218,173,"Anderson",76978,76.6452752734548,0.072992700729927,122.112811452623,3.89721738678583,101.327652056432,7.2992700729927
2021-04-09,8434,8,6308,6,2126,2,7085,9,61807,87,68892,96,-4,166,8,86,4,8182,0,218,173,"Anderson",76978,75.3462028111928,0.0740740740740741,124.710956377147,10.3925796980956,111.720231754527,7.40740740740741
2021-04-10,8439,5,6313,5,2126,0,7090,5,61878,71,68968,76,0,166,-6,80,11,8193,0,218,173,"Anderson",76978,74.0471303489309,0.0698466780238501,98.7295071319078,6.49536231130973,103.925796980956,6.98466780238501
2021-04-11,8446,7,6318,5,2128,2,7095,5,61922,44,69017,49,-1,165,0,80,8,8201,0,218,173,"Anderson",76978,80.5424926602406,0.0738255033557047,63.6545506508353,9.09350723583361,103.925796980956,7.38255033557047
2021-04-12,8449,3,6321,3,2128,0,7098,3,61991,69,69089,72,0,165,-7,73,10,8211,0,218,173,"Anderson",76978,66.2526955753592,0.0740131578947368,93.53321728286,3.89721738678583,94.832289745122,7.40131578947368
2021-04-13,8459,10,6326,5,2133,5,7104,6,62052,61,69156,67,5,170,-8,65,13,8224,0,218,173,"Anderson",76978,72.7480578866689,0.0717703349282297,87.0378549715503,12.9907246226195,84.4397100470264,7.17703349282297
2021-04-14,8473,14,6335,9,2138,5,7115,11,62190,138,69305,149,0,170,7,72,7,8231,0,218,173,"Anderson",76978,64.9536231130973,0.0696517412935323,193.56179687703,18.1870144716672,93.53321728286,6.96517412935323
2021-04-15,8482,9,6340,5,2142,4,7120,5,62271,81,69391,86,0,170,6,78,3,8234,0,218,173,"Anderson",76978,72.7480578866689,0.0739495798319328,111.720231754527,11.6916521603575,101.327652056432,7.39495798319328
2021-04-16,8495,13,6351,11,2144,2,7133,13,62424,153,69557,166,0,170,6,84,7,8241,0,218,173,"Anderson",76978,79.2434201979786,0.0721804511278196,215.646028735483,16.8879420094053,109.122086830003,7.21804511278196
2021-04-17,8500,5,6354,3,2146,2,7137,4,62489,65,69626,69,0,170,0,84,5,8246,0,218,173,"Anderson",76978,79.2434201979786,0.0714285714285714,89.6359998960742,6.49536231130973,109.122086830003,7.14285714285714
2021-04-18,8507,7,6360,6,2147,1,7143,6,62534,45,69677,51,0,170,0,84,7,8253,0,218,173,"Anderson",76978,79.2434201979786,0.0727272727272727,66.2526955753592,9.09350723583361,109.122086830003,7.27272727272727
2021-04-19,8513,6,6363,3,2150,3,7146,3,62557,23,69703,26,0,170,-6,78,12,8265,0,218,174,"Anderson",76978,83.1406375847645,0.0781758957654723,33.7758840188106,7.79443477357167,101.327652056432,7.81758957654723
2021-04-20,8519,6,6366,3,2153,3,7149,3,62656,99,69805,102,0,170,-1,77,7,8272,0,218,174,"Anderson",76978,77.9443477357167,0.0693374422187981,132.505391150718,7.79443477357167,100.02857959417,6.93374422187981
2021-04-21,8530,11,6371,5,2159,6,7155,6,62811,155,69966,161,1,171,-3,74,13,8285,0,218,174,"Anderson",76978,74.0471303489309,0.0605143721633888,209.150666424173,14.2897970848814,96.1313622073839,6.05143721633888
2021-04-22,8548,18,6377,6,2171,12,7162,7,62955,144,70117,151,0,171,12,86,6,8291,0,218,174,"Anderson",76978,85.7387825092884,0.0578512396694215,196.159941801554,23.383304320715,111.720231754527,5.78512396694215
2021-04-23,8558,10,6382,5,2176,5,7168,6,63121,166,70289,172,0,171,8,94,2,8293,0,218,174,"Anderson",76978,81.8415651225025,0.0478142076502732,223.440463509055,12.9907246226195,122.112811452623,4.78142076502732
2021-04-24,8571,13,6389,7,2182,6,7175,7,63188,67,70363,74,0,171,9,103,4,8297,1,219,174,"Anderson",76978,92.2341448205981,0.0515603799185889,96.1313622073839,16.8879420094053,133.80446361298,5.15603799185889
2021-04-25,8575,4,6391,2,2184,2,7177,2,63228,40,70405,42,0,171,0,103,4,8301,0,219,174,"Anderson",76978,88.3369274338123,0.0467032967032967,54.5610434150017,5.19628984904778,133.80446361298,4.67032967032967
2021-04-26,8584,9,6395,4,2189,5,7181,4,63303,75,70484,79,0,171,2,105,7,8308,0,219,175,"Anderson",76978,92.2341448205981,0.0448143405889885,102.626724518694,11.6916521603575,136.402608537504,4.48143405889885
2021-04-27,8594,10,6401,6,2193,4,7187,6,63371,68,70558,74,0,171,-3,102,13,8321,0,219,175,"Anderson",76978,97.4304346696459,0.050464807436919,96.1313622073839,12.9907246226195,132.505391150718,5.0464807436919
2021-04-28,8611,17,6413,12,2198,5,7200,13,63509,138,70709,151,0,171,1,103,16,8337,1,220,175,"Anderson",76978,105.224869443218,0.0605652759084791,196.159941801554,22.0842318584531,133.80446361298,6.05652759084791
2021-04-29,8617,6,6415,2,2202,4,7203,3,63658,149,70861,152,0,171,-1,102,7,8344,0,220,175,"Anderson",76978,89.6359998960742,0.0551075268817204,197.459014263816,7.79443477357167,132.505391150718,5.51075268817204
2021-04-30,8624,7,6418,3,2206,4,7207,4,63780,122,70987,126,0,171,-2,100,9,8353,0,220,175,"Anderson",76978,85.7387825092884,0.0558739255014327,163.683130245005,9.09350723583361,129.907246226195,5.58739255014327
2021-05-01,8629,5,6421,3,2208,2,7210,3,63843,63,71053,66,0,171,-1,99,6,8359,1,221,175,"Anderson",76978,75.3462028111928,0.0507246376811594,85.7387825092884,6.49536231130973,128.608173763933,5.07246376811594
2021-05-02,8632,3,6422,1,2210,2,7211,1,63894,51,71105,52,0,171,-7,92,10,8369,0,221,175,"Anderson",76978,74.0471303489309,0.0485714285714286,67.5517680376211,3.89721738678583,119.514666528099,4.85714285714286
2021-05-03,8642,10,6427,5,2215,5,7216,5,64000,106,71216,111,0,171,-3,89,13,8382,0,221,175,"Anderson",76978,75.3462028111928,0.0478142076502732,144.197043311076,12.9907246226195,115.617449141313,4.78142076502732
2021-05-04,8644,2,6427,0,2217,2,7217,1,64076,76,71293,77,0,171,-10,79,12,8394,0,221,175,"Anderson",76978,64.9536231130973,0.0408163265306122,100.02857959417,2.59814492452389,102.626724518694,4.08163265306122
2021-05-05,8652,8,6431,4,2221,4,7220,3,64193,117,71413,120,0,171,-3,76,11,8405,0,221,175,"Anderson",76978,53.2619709527397,0.0284090909090909,155.888695471433,10.3925796980956,98.7295071319078,2.84090909090909
2021-05-06,8657,5,6434,3,2223,2,7226,6,64245,52,71471,58,0,171,-5,71,10,8415,1,222,175,"Anderson",76978,51.9628984904778,0.0377049180327869,75.3462028111928,6.49536231130973,92.2341448205981,3.77049180327869
2021-05-07,8662,5,6436,2,2226,3,7229,3,64366,121,71595,124,0,171,-4,67,9,8424,0,222,175,"Anderson",76978,49.3647535659539,0.0361842105263158,161.084985320481,6.49536231130973,87.0378549715503,3.61842105263158
2021-05-08,8668,6,6439,3,2229,3,7231,2,64435,69,71666,71,0,171,-6,61,12,8436,1,223,175,"Anderson",76978,50.6638260282159,0.034257748776509,92.2341448205981,7.79443477357167,79.2434201979787,3.4257748776509
2021-05-09,8669,1,6439,0,2230,1,7232,1,64463,28,71695,29,0,171,-4,57,5,8441,0,223,175,"Anderson",76978,48.065681103692,0.0355932203389831,37.6731014055964,1.29907246226194,74.0471303489309,3.55932203389831
2021-05-10,8674,5,6439,0,2235,5,7232,0,64551,88,71783,88,0,171,-5,52,10,8451,0,223,175,"Anderson",76978,41.5703187923822,0.0282186948853616,114.318376679051,6.49536231130973,67.5517680376211,2.82186948853616
2021-05-11,8682,8,6440,1,2242,7,7234,2,64593,42,71827,44,0,171,3,55,5,8456,0,223,175,"Anderson",76978,49.3647535659539,0.0318352059925094,57.1591883395256,10.3925796980956,71.448985424407,3.18352059925094
2021-05-12,8695,13,6447,7,2248,6,7240,6,64697,104,71937,110,0,171,8,63,5,8461,2,225,175,"Anderson",76978,55.8601158772636,0.0381679389312977,142.897970848814,16.8879420094053,81.8415651225025,3.81679389312977
2021-05-13,8699,4,6449,2,2250,2,7242,2,64800,103,72042,105,0,171,-3,60,7,8468,2,227,175,"Anderson",76978,54.5610434150017,0.0280210157618214,136.402608537504,5.19628984904778,77.9443477357167,2.80210157618214
2021-05-14,8707,8,6452,3,2255,5,7247,5,64887,87,72134,92,0,171,2,62,6,8474,0,227,175,"Anderson",76978,58.4582608017875,0.0333951762523191,119.514666528099,10.3925796980956,80.5424926602406,3.33951762523191
2021-05-15,8712,5,6454,2,2258,3,7249,2,64952,65,72201,67,0,171,1,63,4,8478,0,227,175,"Anderson",76978,57.1591883395256,0.0336448598130841,87.0378549715503,6.49536231130973,81.8415651225025,3.36448598130841
2021-05-16,8714,2,6455,1,2259,1,7250,1,64988,36,72238,37,0,171,-5,58,7,8485,0,227,175,"Anderson",76978,58.4582608017875,0.0331491712707182,48.065681103692,2.59814492452389,75.3462028111928,3.31491712707182
2021-05-17,8720,6,6460,5,2260,1,7255,5,65047,59,72302,64,1,172,0,58,5,8490,0,227,175,"Anderson",76978,59.7573332640495,0.0443159922928709,83.1406375847645,7.79443477357167,75.3462028111928,4.43159922928709
2021-05-18,8724,4,6460,0,2264,4,7255,0,65138,91,72393,91,0,172,0,58,4,8494,1,228,175,"Anderson",76978,54.5610434150017,0.0371024734982332,118.215594065837,5.19628984904778,75.3462028111928,3.71024734982332
2021-05-19,8731,7,6465,5,2266,2,7261,6,65257,119,72518,125,0,172,4,62,3,8497,0,228,175,"Anderson",76978,46.76660864143,0.036144578313253,162.384057782743,9.09350723583361,80.5424926602406,3.6144578313253
2021-05-20,8733,2,6467,2,2266,0,7263,2,65376,119,72639,121,0,172,-1,61,3,8500,0,228,175,"Anderson",76978,44.1684637169061,0.0351758793969849,157.187767933695,2.59814492452389,79.2434201979787,3.51758793969849
2021-05-21,8735,2,6467,0,2268,2,7263,0,65446,70,72709,70,0,172,-7,54,9,8509,0,228,175,"Anderson",76978,36.3740289433345,0.0278260869565217,90.9350723583361,2.59814492452389,70.149912962145,2.78260869565217
2021-05-22,8740,5,6469,2,2271,3,7265,2,65486,40,72751,42,0,172,-3,51,8,8517,0,228,175,"Anderson",76978,36.3740289433345,0.0290909090909091,54.5610434150017,6.49536231130973,66.2526955753592,2.90909090909091
2021-05-23,8740,0,6469,0,2271,0,7265,0,65515,29,72780,29,0,172,-3,48,3,8520,0,228,175,"Anderson",76978,33.7758840188106,0.0276752767527675,37.6731014055964,0,62.3554781885734,2.76752767527675
2021-05-24,8748,8,6473,4,2275,4,7268,3,65574,59,72842,62,0,172,1,49,7,8527,0,228,175,"Anderson",76978,36.3740289433345,0.0240740740740741,80.5424926602406,10.3925796980956,63.6545506508353,2.40740740740741
2021-05-25,8750,2,6473,0,2277,2,7269,1,65619,45,72888,46,0,172,-10,39,12,8539,0,228,175,"Anderson",76978,33.7758840188106,0.0282828282828283,59.7573332640495,2.59814492452389,50.6638260282159,2.82828282828283
2021-05-26,8757,7,6478,5,2279,2,7275,6,65719,100,72994,106,0,172,0,39,7,8546,0,228,175,"Anderson",76978,33.7758840188106,0.0294117647058824,137.701680999766,9.09350723583361,50.6638260282159,2.94117647058824
2021-05-27,8759,2,6479,1,2280,1,7276,1,65769,50,73045,51,0,172,-1,38,3,8549,1,229,175,"Anderson",76978,33.7758840188106,0.0320197044334975,66.2526955753592,2.59814492452389,49.3647535659539,3.20197044334975
2021-05-28,8764,5,6483,4,2281,1,7281,5,65852,83,73133,88,0,172,0,38,5,8554,0,229,175,"Anderson",76978,37.6731014055964,0.0424528301886792,114.318376679051,6.49536231130973,49.3647535659539,4.24528301886792
2021-05-29,8765,1,6483,0,2282,1,7281,0,65889,37,73170,37,0,172,-5,33,6,8560,0,229,175,"Anderson",76978,32.4768115565486,0.0381861575178998,48.065681103692,1.29907246226194,42.8693912546442,3.81861575178998
2021-05-30,8768,3,6484,1,2284,2,7282,1,65939,50,73221,51,0,172,0,33,3,8563,0,229,175,"Anderson",76978,36.3740289433345,0.0385487528344671,66.2526955753592,3.89721738678583,42.8693912546442,3.85487528344671
2021-05-31,8772,4,6487,3,2285,1,7285,3,65990,51,73275,54,0,172,1,34,3,8566,0,229,175,"Anderson",76978,31.1777390942867,0.0392609699769053,70.149912962145,5.19628984904778,44.1684637169061,3.92609699769053
2021-06-01,8775,3,6489,2,2286,1,7286,1,66038,48,73324,49,0,172,1,35,2,8568,1,230,175,"Anderson",76978,32.4768115565486,0.0389908256880734,63.6545506508353,3.89721738678583,45.4675361791681,3.89908256880734
2021-06-02,8779,4,6490,1,2289,3,7288,2,66079,41,73367,43,0,172,-2,33,6,8574,0,230,175,"Anderson",76978,28.5795941697628,0.0348525469168901,55.8601158772636,5.19628984904778,42.8693912546442,3.48525469168901
2021-06-03,8780,1,6490,0,2290,1,7291,3,66169,90,73460,93,1,173,-3,30,3,8577,0,230,175,"Anderson",76978,27.2805217075008,0.036144578313253,120.813738990361,1.29907246226194,38.9721738678584,3.6144578313253
2021-06-04,8781,1,6491,1,2290,0,7293,2,66222,53,73515,55,-1,172,-2,28,4,8581,0,230,175,"Anderson",76978,22.0842318584531,0.031413612565445,71.448985424407,1.29907246226194,36.3740289433345,3.1413612565445
2021-06-05,8782,1,6492,1,2290,0,7294,1,66279,57,73573,58,0,172,-3,25,4,8585,0,230,175,"Anderson",76978,22.0842318584531,0.032258064516129,75.3462028111928,1.29907246226194,32.4768115565486,3.2258064516129
2021-06-06,8782,0,6492,0,2290,0,7294,0,66304,25,73598,25,0,172,-4,21,4,8589,0,230,175,"Anderson",76978,18.1870144716672,0.0318302387267905,32.4768115565486,0,27.2805217075008,3.18302387267904
2021-06-07,8783,1,6492,0,2291,1,7294,0,66368,64,73662,64,0,172,-1,20,2,8591,0,230,175,"Anderson",76978,14.2897970848814,0.0232558139534884,83.1406375847645,1.29907246226194,25.9814492452389,2.32558139534884
2021-06-08,8784,1,6492,0,2292,1,7294,0,66405,37,73699,37,0,172,-1,19,2,8593,1,231,176,"Anderson",76978,11.6916521603575,0.0213333333333333,48.065681103692,1.29907246226194,24.682376782977,2.13333333333333
2021-06-09,8784,0,6492,0,2292,0,7294,0,66487,82,73781,82,0,172,-4,15,4,8597,0,231,176,"Anderson",76978,6.49536231130972,0.0144927536231884,106.523941905479,0,19.4860869339292,1.44927536231884
2021-06-10,8788,4,6493,1,2295,3,7295,1,66544,57,73839,58,0,172,4,19,0,8597,0,231,176,"Anderson",76978,10.3925796980956,0.0105540897097625,75.3462028111928,5.19628984904778,24.682376782977,1.05540897097625
2021-06-11,8789,1,6493,0,2296,1,7296,1,66599,55,73895,56,1,173,-3,16,3,8600,0,231,176,"Anderson",76978,10.3925796980956,0.00789473684210526,72.7480578866689,1.29907246226194,20.7851593961911,0.789473684210526
2021-06-12,8790,1,6493,0,2297,1,7297,1,66654,55,73951,56,2,175,-4,12,3,8603,0,231,176,"Anderson",76978,10.3925796980956,0.00793650793650794,72.7480578866689,1.29907246226194,15.5888695471433,0.793650793650794
2021-06-13,8791,1,6493,0,2298,1,7298,1,66692,38,73990,39,0,175,-3,9,4,8607,0,231,176,"Anderson",76978,11.6916521603575,0.0102040816326531,50.6638260282159,1.29907246226194,11.6916521603575,1.02040816326531
2021-06-14,8793,2,6495,2,2298,0,7300,2,66778,86,74078,88,0,175,1,10,1,8608,0,231,176,"Anderson",76978,12.9907246226194,0.0144230769230769,114.318376679051,2.59814492452389,12.9907246226195,1.44230769230769
2021-06-15,8793,0,6495,0,2298,0,7301,1,66809,31,74110,32,0,175,-1,9,1,8609,0,231,176,"Anderson",76978,11.6916521603575,0.0170316301703163,41.5703187923822,0,11.6916521603575,1.70316301703163
2021-06-16,8794,1,6496,1,2298,0,7302,1,66853,44,74155,45,0,175,0,9,1,8610,0,231,176,"Anderson",76978,12.9907246226194,0.0213903743315508,58.4582608017875,1.29907246226194,11.6916521603575,2.13903743315508
2021-06-17,8794,0,6496,0,2298,0,7302,0,66939,86,74241,86,0,175,-1,8,1,8611,0,231,176,"Anderson",76978,7.79443477357167,0.0174129353233831,111.720231754527,0,10.3925796980956,1.74129353233831
2021-06-18,8796,2,6497,1,2299,1,7306,4,66989,50,74295,54,0,175,1,9,1,8612,0,231,176,"Anderson",76978,9.09350723583361,0.025,70.149912962145,2.59814492452389,11.6916521603575,2.5
2021-06-19,8796,0,6497,0,2299,0,7306,0,67037,48,74343,48,0,175,-1,8,1,8613,0,231,176,"Anderson",76978,7.79443477357167,0.0229591836734694,62.3554781885734,0,10.3925796980956,2.29591836734694
2021-06-20,8796,0,6497,0,2299,0,7307,1,67060,23,74367,24,0,175,-2,6,2,8615,0,231,176,"Anderson",76978,6.49536231130972,0.0238726790450928,31.1777390942867,0,7.79443477357167,2.38726790450928
2021-06-21,8797,1,6497,0,2300,1,7307,0,67100,40,74407,40,0,175,0,6,1,8616,0,231,176,"Anderson",76978,5.19628984904778,0.0212765957446809,51.9628984904778,1.29907246226194,7.79443477357167,2.12765957446809
2021-06-22,8801,4,6498,1,2303,3,7307,0,67142,42,74449,42,0,175,2,8,2,8618,1,232,176,"Anderson",76978,10.3925796980956,0.0176991150442478,54.5610434150017,5.19628984904778,10.3925796980956,1.76991150442478
2021-06-23,8802,1,6499,1,2303,0,7308,1,67190,48,74498,49,0,175,1,9,0,8618,0,232,176,"Anderson",76978,10.3925796980956,0.0174927113702624,63.6545506508353,1.29907246226194,11.6916521603575,1.74927113702624
2021-06-24,8802,0,6499,0,2303,0,7309,1,67235,45,74544,46,0,175,-3,6,3,8621,0,232,176,"Anderson",76978,10.3925796980956,0.0231023102310231,59.7573332640495,0,7.79443477357167,2.31023102310231
2021-06-25,8803,1,6500,1,2303,0,7310,1,67271,36,74581,37,0,175,1,7,0,8621,0,232,176,"Anderson",76978,9.09350723583361,0.013986013986014,48.065681103692,1.29907246226194,9.09350723583361,1.3986013986014
2021-06-26,8804,1,6501,1,2303,0,7311,1,67304,33,74615,34,0,175,0,7,1,8622,0,232,176,"Anderson",76978,10.3925796980956,0.0183823529411765,44.1684637169061,1.29907246226194,9.09350723583361,1.83823529411765
2021-06-27,8804,0,6501,0,2303,0,7311,0,67336,32,74647,32,0,175,0,7,0,8622,0,232,176,"Anderson",76978,10.3925796980956,0.0142857142857143,41.5703187923822,0,9.09350723583361,1.42857142857143
2021-06-28,8805,1,6501,0,2304,1,7312,1,67352,16,74664,17,0,175,1,8,0,8622,0,232,176,"Anderson",76978,10.3925796980956,0.0194552529182879,22.0842318584531,1.29907246226194,10.3925796980956,1.94552529182879
2021-06-29,8808,3,6504,3,2304,0,7315,3,67411,59,74726,62,0,175,2,10,1,8623,0,232,176,"Anderson",76978,9.09350723583361,0.0288808664259928,80.5424926602406,3.89721738678583,12.9907246226195,2.88808664259928
2021-06-30,8808,0,6504,0,2304,0,7315,0,67457,46,74772,46,0,175,-1,9,1,8624,0,232,176,"Anderson",76978,7.79443477357167,0.0255474452554745,59.7573332640495,0,11.6916521603575,2.55474452554745
2021-07-01,8809,1,6505,1,2304,0,7316,1,67494,37,74810,38,0,175,1,10,0,8624,0,232,176,"Anderson",76978,9.09350723583361,0.0263157894736842,49.3647535659539,1.29907246226194,12.9907246226195,2.63157894736842
2021-07-02,8809,0,6505,0,2304,0,7316,0,67537,43,74853,43,0,175,0,10,0,8624,0,232,176,"Anderson",76978,7.79443477357167,0.0220588235294118,55.8601158772636,0,12.9907246226195,2.20588235294118
2021-07-03,8809,0,6505,0,2304,0,7316,0,67558,21,74874,21,0,175,-1,9,1,8625,0,232,176,"Anderson",76978,6.49536231130972,0.0193050193050193,27.2805217075008,0,11.6916521603575,1.93050193050193
2021-07-04,8810,1,6505,0,2305,1,7317,1,67583,25,74900,26,0,175,0,9,1,8626,0,232,176,"Anderson",76978,7.79443477357167,0.0237154150197628,33.7758840188106,1.29907246226194,11.6916521603575,2.37154150197628
2021-07-05,8810,0,6505,0,2305,0,7318,1,67598,15,74916,16,0,175,-1,8,1,8627,0,232,176,"Anderson",76978,6.49536231130972,0.0238095238095238,20.7851593961911,0,10.3925796980956,2.38095238095238
2021-07-06,8811,1,6505,0,2306,1,7318,0,67628,30,74946,30,1,176,-3,5,3,8630,0,232,176,"Anderson",76978,3.89721738678583,0.0136363636363636,38.9721738678584,1.29907246226194,6.49536231130973,1.36363636363636
2021-07-07,8812,1,6505,0,2307,1,7318,0,67674,46,74992,46,0,176,-2,3,3,8633,0,232,176,"Anderson",76978,5.19628984904778,0.0136363636363636,59.7573332640495,1.29907246226194,3.89721738678583,1.36363636363636
2021-07-08,8813,1,6506,1,2307,0,7319,1,67715,41,75034,42,0,176,-1,2,2,8635,0,232,176,"Anderson",76978,5.19628984904778,0.0133928571428571,54.5610434150017,1.29907246226194,2.59814492452389,1.33928571428571
2021-07-09,8815,2,6507,1,2308,1,7320,1,67759,44,75079,45,0,176,1,3,1,8636,0,232,176,"Anderson",76978,7.79443477357167,0.0176991150442478,58.4582608017875,2.59814492452389,3.89721738678583,1.76991150442478
2021-07-10,8817,2,6508,1,2309,1,7321,1,67781,22,75102,23,0,176,2,5,0,8636,1,233,176,"Anderson",76978,10.3925796980956,0.0219298245614035,29.8786666320247,2.59814492452389,6.49536231130973,2.19298245614035
2021-07-11,8817,0,6508,0,2309,0,7321,0,67796,15,75117,15,0,176,0,5,0,8636,0,233,176,"Anderson",76978,9.09350723583361,0.0184331797235023,19.4860869339292,0,6.49536231130973,1.84331797235023
2021-07-12,8825,8,6512,4,2313,4,7325,4,67832,36,75157,40,0,176,7,12,1,8637,1,234,176,"Anderson",76978,19.4860869339292,0.029045643153527,51.9628984904778,10.3925796980956,15.5888695471433,2.9045643153527
2021-07-13,8826,1,6512,0,2314,1,7325,0,67853,21,75178,21,0,176,0,12,1,8638,0,234,177,"Anderson",76978,19.4860869339292,0.0301724137931034,27.2805217075008,1.29907246226194,15.5888695471433,3.01724137931034
2021-07-14,8831,5,6516,4,2315,1,7330,5,67907,54,75237,59,0,176,5,17,0,8638,1,235,177,"Anderson",76978,24.682376782977,0.0489795918367347,76.6452752734548,6.49536231130973,22.0842318584531,4.89795918367347
2021-07-15,8834,3,6519,3,2315,0,7332,2,67940,33,75272,35,0,176,3,20,0,8638,0,235,177,"Anderson",76978,27.2805217075008,0.0546218487394958,45.4675361791681,3.89721738678583,25.9814492452389,5.46218487394958
2021-07-16,8844,10,6521,2,2323,8,7333,1,67968,28,75301,29,0,176,10,30,0,8638,0,235,177,"Anderson",76978,37.6731014055964,0.0585585585585586,37.6731014055964,12.9907246226195,38.9721738678584,5.85585585585586
2021-07-17,8849,5,6522,1,2327,4,7334,1,68004,36,75338,37,0,176,4,34,1,8639,0,235,177,"Anderson",76978,41.5703187923822,0.0550847457627119,48.065681103692,6.49536231130973,44.1684637169061,5.50847457627119
2021-07-18,8852,3,6524,2,2328,1,7336,2,68024,20,75360,22,0,176,-1,33,4,8643,0,235,177,"Anderson",76978,45.4675361791681,0.0617283950617284,28.5795941697628,3.89721738678583,42.8693912546442,6.17283950617284
2021-07-19,8857,5,6528,4,2329,1,7340,4,68058,34,75398,38,1,177,2,35,2,8645,0,235,177,"Anderson",76978,41.5703187923822,0.0622406639004149,49.3647535659539,6.49536231130973,45.4675361791681,6.22406639004149
2021-07-20,8872,15,6539,11,2333,4,7351,11,68093,35,75444,46,0,177,10,45,5,8650,1,236,177,"Anderson",76978,59.7573332640495,0.0977443609022556,59.7573332640495,19.4860869339292,58.4582608017875,9.77443609022556
2021-07-21,8879,7,6543,4,2336,3,7356,5,68178,85,75534,90,0,177,6,51,1,8651,0,236,178,"Anderson",76978,62.3554781885734,0.0875420875420875,116.916521603575,9.09350723583361,66.2526955753592,8.75420875420875
2021-07-22,8889,10,6548,5,2341,5,7360,4,68234,56,75594,60,0,177,9,60,1,8652,0,236,178,"Anderson",76978,71.448985424407,0.0869565217391304,77.9443477357167,12.9907246226195,77.9443477357167,8.69565217391304
2021-07-23,8899,10,6552,4,2347,6,7365,5,68305,71,75670,76,0,177,10,70,0,8652,0,236,178,"Anderson",76978,71.448985424407,0.0867208672086721,98.7295071319078,12.9907246226195,90.9350723583361,8.67208672086721
2021-07-24,8907,8,6556,4,2351,4,7369,4,68359,54,75728,58,0,177,7,77,1,8653,0,236,179,"Anderson",76978,75.3462028111928,0.0897435897435897,75.3462028111928,10.3925796980956,100.02857959417,8.97435897435897
2021-07-25,8912,5,6559,3,2353,2,7370,1,68381,22,75751,23,0,177,2,79,3,8656,0,236,179,"Anderson",76978,77.9443477357167,0.0869565217391304,29.8786666320247,6.49536231130973,102.626724518694,8.69565217391304
2021-07-26,8935,23,6568,9,2367,14,7378,8,68431,50,75809,58,2,179,13,92,8,8664,0,236,179,"Anderson",76978,101.327652056432,0.0924574209245742,75.3462028111928,29.8786666320247,119.514666528099,9.24574209245742
2021-07-27,8950,15,6573,5,2377,10,7383,5,68484,53,75867,58,0,179,12,104,3,8667,0,236,179,"Anderson",76978,101.327652056432,0.0756501182033097,75.3462028111928,19.4860869339292,135.103536075242,7.56501182033097
2021-07-28,8970,20,6581,8,2389,12,7395,12,68567,83,75962,95,0,179,14,118,6,8673,0,236,179,"Anderson",76978,118.215594065837,0.0911214953271028,123.411883914885,25.9814492452389,153.29055054691,9.11214953271028
2021-07-29,8982,12,6591,10,2391,2,7407,12,68616,49,76023,61,0,179,9,127,3,8676,0,236,179,"Anderson",76978,120.813738990361,0.10955710955711,79.2434201979787,15.5888695471433,164.982202707267,10.955710955711
2021-07-30,9013,31,6611,20,2402,11,7430,23,68665,49,76095,72,0,179,19,146,12,8688,1,237,179,"Anderson",76978,148.094260697862,0.152941176470588,93.53321728286,40.2712463301203,189.664579490244,15.2941176470588
2021-07-31,9026,13,6617,6,2409,7,7436,6,68707,42,76143,48,0,179,8,154,5,8693,0,237,179,"Anderson",76978,154.589623009171,0.16144578313253,62.3554781885734,16.8879420094053,200.05715918834,16.144578313253
2021-08-01,9045,19,6628,11,2417,8,7451,15,68746,39,76197,54,0,179,14,168,5,8698,0,237,179,"Anderson",76978,172.776637480839,0.181614349775785,70.149912962145,24.682376782977,218.244173660007,18.1614349775785
2021-08-02,9056,11,6633,5,2423,6,7456,5,68825,79,76281,84,0,179,3,171,8,8706,0,237,179,"Anderson",76978,157.187767933695,0.165254237288136,109.122086830003,14.2897970848814,222.141391046793,16.5254237288136
2021-08-03,9079,23,6644,11,2435,12,7469,13,68897,72,76366,85,0,179,13,184,10,8716,1,238,179,"Anderson",76978,167.580347631791,0.172344689378758,110.421159292265,29.8786666320247,239.029333056198,17.2344689378758
2021-08-04,9105,26,6666,22,2439,4,7490,21,68999,102,76489,123,0,179,24,208,2,8718,0,238,179,"Anderson",76978,175.374782405363,0.180265654648956,159.785912858219,33.7758840188106,270.207072150485,18.0265654648956
2021-08-05,9135,30,6682,16,2453,14,7506,16,69097,98,76603,114,0,179,13,221,17,8735,1,239,179,"Anderson",76978,198.758086726078,0.170689655172414,148.094260697862,38.9721738678584,287.09501415989,17.0689655172414
2021-08-06,9160,25,6698,16,2462,9,7524,18,69240,143,76764,161,0,179,17,238,8,8743,1,240,179,"Anderson",76978,190.963651952506,0.14050822122571,209.150666424173,32.4768115565486,309.179246018343,14.050822122571
2021-08-07,9173,13,6704,6,2469,7,7531,7,69315,75,76846,82,0,179,5,243,8,8751,0,240,179,"Anderson",76978,190.963651952506,0.135135135135135,106.523941905479,16.8879420094053,315.674608329653,13.5135135135135
2021-08-08,9187,14,6712,8,2475,6,7541,10,69367,52,76908,62,0,179,6,249,8,8759,0,240,179,"Anderson",76978,184.468289641196,0.126582278481013,80.5424926602406,18.1870144716672,323.469043103224,12.6582278481013
2021-08-09,9223,36,6732,20,2491,16,7560,19,69466,99,77026,118,0,179,16,265,20,8779,0,240,179,"Anderson",76978,216.945101197745,0.139597315436242,153.29055054691,46.76660864143,344.254202499415,13.9597315436242
2021-08-10,9262,39,6752,20,2510,19,7580,20,69566,100,77146,120,0,179,20,285,19,8798,2,242,179,"Anderson",76978,237.730260593936,0.142307692307692,155.888695471433,50.6638260282159,370.235651744654,14.2307692307692
2021-08-11,9316,54,6776,24,2540,30,7609,29,69698,132,77307,161,0,179,30,315,24,8822,1,243,179,"Anderson",76978,274.10428953727,0.145476772616137,209.150666424173,70.149912962145,409.207825612513,14.5476772616137
2021-08-12,9364,48,6810,34,2554,14,7646,37,69866,168,77512,205,0,179,27,342,21,8843,0,243,181,"Anderson",76978,297.487593857985,0.154015401540154,266.309854763699,62.3554781885734,444.282782093585,15.4015401540154
2021-08-13,9428,64,6844,34,2584,30,7684,38,69980,114,77664,152,2,181,45,387,17,8860,1,244,181,"Anderson",76978,348.151419886201,0.177777777777778,197.459014263816,83.1406375847645,502.741042895373,17.7777777777778
2021-08-14,9478,50,6879,35,2599,15,7716,32,70166,186,77882,218,0,181,29,416,21,8881,0,244,181,"Anderson",76978,396.217100989893,0.178571428571429,283.197796773104,64.9536231130973,540.414144300969,17.8571428571429
2021-08-15,9501,23,6891,12,2610,11,7731,15,70255,89,77986,104,0,181,16,432,7,8888,0,244,181,"Anderson",76978,407.908753150251,0.176252319109462,135.103536075242,29.8786666320247,561.19930369716,17.6252319109462
2021-08-16,9539,38,6915,24,2624,14,7755,24,70344,89,78099,113,0,181,11,443,27,8915,0,244,182,"Anderson",76978,410.506898074775,0.181733457595527,146.7951882356,49.3647535659539,575.489100782042,18.1733457595527
2021-08-17,9582,43,6936,21,2646,22,7780,25,70452,108,78232,133,1,182,14,457,28,8943,0,244,182,"Anderson",76978,415.703187923822,0.184162062615101,172.776637480839,55.8601158772636,593.676115253709,18.4162062615101
2021-08-18,9634,52,6963,27,2671,25,7811,31,70564,112,78375,143,0,182,16,473,36,8979,0,244,182,"Anderson",76978,413.105042999299,0.189138576779026,185.767362103458,67.5517680376211,614.4612746499,18.9138576779026
2021-08-19,9708,74,6993,30,2715,44,7846,35,70716,152,78562,187,0,182,49,522,25,9004,0,244,182,"Anderson",76978,446.880927018109,0.19047619047619,242.926550442984,96.1313622073839,678.115825300735,19.047619047619
2021-08-20,9767,59,7032,39,2735,20,7889,43,70910,194,78799,237,0,182,26,548,33,9037,2,246,182,"Anderson",76978,440.385564706799,0.180616740088106,307.880173556081,76.6452752734548,711.891709319546,18.0616740088106
2021-08-21,9849,82,7065,33,2784,49,7923,34,71184,274,79107,308,0,182,62,610,20,9057,1,247,182,"Anderson",76978,481.955883499182,0.168979591836735,400.114318376679,106.523941905479,792.434201979786,16.8979591836735
2021-08-22,9872,23,7086,21,2786,2,7951,28,71340,156,79291,184,0,182,-2,608,25,9082,0,247,182,"Anderson",76978,481.955883499182,0.168582375478927,239.029333056198,29.8786666320247,789.836057055263,16.8582375478927
2021-08-23,9920,48,7100,14,2820,34,7968,17,71475,135,79443,152,0,182,-4,604,52,9134,2,249,183,"Anderson",76978,494.946608121801,0.158482142857143,197.459014263816,62.3554781885734,784.639767206215,15.8482142857143
2021-08-24,9964,44,7126,26,2838,18,7992,24,71561,86,79553,110,1,183,-23,581,66,9200,0,249,184,"Anderson",76978,496.245680584063,0.160484481453444,142.897970848814,57.1591883395256,754.76110057419,16.0484481453444
2021-08-25,10035,71,7152,26,2883,45,8014,22,71605,44,79619,66,0,183,15,596,56,9256,1,250,184,"Anderson",76978,520.92805736704,0.163183279742765,85.7387825092884,92.2341448205981,774.247187508119,16.3183279742765
2021-08-26,10103,68,7188,36,2915,32,8058,44,71777,172,79835,216,1,184,15,611,52,9308,1,251,184,"Anderson",76978,513.133622593468,0.166535742340927,280.59965184858,88.3369274338123,793.733274442048,16.6535742340927
2021-08-27,10177,74,7241,53,2936,21,8119,61,71954,177,80073,238,0,184,28,639,46,9354,0,251,184,"Anderson",76978,532.619709527397,0.180533751962323,309.179246018343,96.1313622073839,830.107303385383,18.0533751962323
2021-08-28,10236,59,7273,32,2963,27,8159,40,72158,204,80317,244,0,184,32,671,27,9381,0,251,184,"Anderson",76978,502.741042895373,0.19504132231405,316.973680791915,76.6452752734548,871.677622177765,19.504132231405
2021-08-29,10300,64,7322,49,2978,15,8213,54,72369,211,80582,265,0,184,38,709,26,9407,1,252,185,"Anderson",76978,556.003013848112,0.20294345468629,344.254202499415,83.1406375847645,921.042375743719,20.294345468629
2021-08-30,10371,71,7368,46,3003,25,8261,48,72595,226,80856,274,0,184,5,714,66,9473,3,255,185,"Anderson",76978,585.881680480137,0.207360226468507,355.945854659773,92.2341448205981,927.537738055029,20.7360226468507
2021-08-31,10506,135,7450,82,3056,53,8348,87,72852,257,81200,344,0,184,49,763,86,9559,0,255,185,"Anderson",76978,704.097274545974,0.216150576806314,446.880927018109,175.374782405363,991.192288705864,21.6150576806314
2021-09-01,10537,31,7472,22,3065,9,8372,24,72943,91,81315,115,0,184,-16,747,47,9606,0,255,186,"Anderson",76978,652.134376055496,0.211084905660377,149.393333160124,40.2712463301203,970.407129309673,21.1084905660377
2021-09-02,10596,59,7498,26,3098,33,8401,29,73043,100,81444,129,1,185,-10,737,68,9674,0,255,186,"Anderson",76978,640.442723895139,0.213175885643257,167.580347631791,76.6452752734548,957.416404687054,21.3175885643257
2021-09-03,10625,29,7515,17,3110,12,8419,18,73116,73,81535,91,0,185,-35,702,64,9738,0,255,186,"Anderson",76978,581.984463093351,0.205198358413133,118.215594065837,37.6731014055964,911.948868507885,20.5198358413133
2021-09-04,10731,106,7584,69,3147,37,8496,77,73437,321,81933,398,0,185,80,782,26,9764,1,256,186,"Anderson",76978,643.040868819663,0.208539603960396,517.030839980254,137.701680999766,1015.87466548884,20.8539603960396
2021-09-05,10843,112,7658,74,3185,38,8571,75,73741,304,82312,379,0,185,80,862,32,9796,1,257,187,"Anderson",76978,705.396347008236,0.206936416184971,492.348463197277,145.496115773338,1119.8004624698,20.6936416184971
2021-09-06,10958,115,7735,77,3223,38,8658,87,74148,407,82806,494,0,185,5,867,110,9906,2,259,188,"Anderson",76978,762.555535347762,0.203589743589744,641.741796357401,149.393333160124,1126.29582478111,20.3589743589744
2021-09-07,10995,37,7755,20,3240,17,8676,18,74247,99,82923,117,0,185,-75,792,112,10018,0,259,188,"Anderson",76978,635.246434046091,0.190365641323273,151.991478084648,48.065681103692,1028.86539011146,19.0365641323273
2021-09-08,11036,41,7786,31,3250,10,8708,32,74354,107,83062,139,0,185,-60,732,101,10119,1,260,191,"Anderson",76978,648.237158668711,0.192329708070979,180.57107225441,53.2619709527397,950.921042375744,19.2329708070979
2021-09-09,11094,58,7807,21,3287,37,8726,18,74560,206,83286,224,0,185,-44,688,102,10221,1,261,193,"Anderson",76978,646.938086206449,0.176438653637351,290.992231546676,75.3462028111928,893.761854036218,17.6438653637351
2021-09-10,11246,152,7880,73,3366,79,8807,81,74853,293,83660,374,1,186,65,753,86,10307,1,262,194,"Anderson",76978,806.723999064668,0.182588235294118,485.853100885967,197.459014263816,978.201564083245,18.2588235294118
2021-09-11,11358,112,7943,63,3415,49,8876,69,75199,346,84075,415,0,186,80,833,32,10339,1,263,194,"Anderson",76978,814.51843383824,0.177404295051354,539.115071838707,145.496115773338,1082.1273610642,17.7404295051354
2021-09-12,11396,38,7975,32,3421,6,8911,35,75342,143,84253,178,0,186,7,840,31,10370,4,267,194,"Anderson",76978,718.387071630856,0.175167439464194,231.234898282626,49.3647535659539,1091.22086830003,17.5167439464194
2021-09-13,11483,87,8008,33,3475,54,8945,34,75472,130,84417,164,4,190,-41,799,124,10494,3,270,194,"Anderson",76978,682.013042687521,0.178150217256363,213.047883810959,113.019304216789,1037.95889734729,17.8150217256363
2021-09-14,11543,60,8038,30,3505,30,8980,35,75631,159,84611,194,1,191,-51,748,110,10604,1,271,194,"Anderson",76978,711.891709319546,0.180094786729858,252.020057678817,77.9443477357167,971.706201771935,18.0094786729858
2021-09-15,11584,41,8054,16,3530,25,8994,14,75692,61,84686,75,0,191,-37,711,78,10682,1,272,195,"Anderson",76978,711.891709319546,0.176108374384236,97.4304346696459,53.2619709527397,923.640520668243,17.6108374384236
2021-09-16,11670,86,8106,52,3564,34,9050,56,75914,222,84964,278,0,191,24,735,62,10744,1,273,195,"Anderson",76978,748.26573826288,0.193087008343266,361.142144508821,111.720231754527,954.81825976253,19.3087008343266
2021-09-17,11743,73,8147,41,3596,32,9087,37,76077,163,85164,200,0,191,16,751,57,10801,1,274,199,"Anderson",76978,645.639013744187,0.186170212765957,259.814492452389,94.832289745122,975.603419158721,18.6170212765957
2021-09-18,11795,52,8177,30,3618,22,9120,33,76231,154,85351,187,0,191,8,759,44,10845,1,275,200,"Anderson",76978,567.69466600847,0.191222570532915,242.926550442984,67.5517680376211,985.995998856816,19.1222570532915
2021-09-19,11818,23,8186,9,3632,14,9130,10,76299,68,85429,78,0,191,-10,749,33,10878,0,275,200,"Anderson",76978,548.208579074541,0.186224489795918,101.327652056432,29.8786666320247,973.005274234197,18.6224489795918
2021-09-20,11881,63,8220,34,3661,29,9166,36,76485,186,85651,222,0,191,30,779,33,10911,2,277,200,"Anderson",76978,517.030839980254,0.179092382495948,288.394086622152,81.8415651225025,1011.97744810206,17.9092382495948
2021-09-21,11935,54,8246,26,3689,28,9190,24,76603,118,85793,142,0,191,-68,711,122,11033,1,278,201,"Anderson",76978,509.236405206682,0.177664974619289,184.468289641196,70.149912962145,923.640520668243,17.7664974619289
2021-09-22,11986,51,8279,33,3707,18,9230,40,76875,272,86105,312,0,191,-40,671,91,11124,0,278,202,"Anderson",76978,522.227129829302,0.16631430584919,405.310608225727,66.2526955753592,871.677622177765,16.631430584919
2021-09-23,12061,75,8327,48,3734,27,9281,51,77083,208,86364,259,2,193,-13,658,86,11210,1,279,202,"Anderson",76978,507.93733274442,0.165,336.459767725844,97.4304346696459,854.78968016836,16.5
2021-09-24,12102,41,8348,21,3754,20,9306,25,77223,140,86529,165,2,195,-17,641,56,11266,1,280,204,"Anderson",76978,466.367013952038,0.16043956043956,214.346956273221,53.2619709527397,832.705448309907,16.043956043956
2021-09-25,12112,10,8352,4,3760,6,9312,6,77318,95,86630,101,0,195,-38,603,48,11314,0,280,204,"Anderson",76978,411.805970537037,0.150117279124316,131.206318688456,12.9907246226195,783.340694743953,15.0117279124316
2021-09-26,12130,18,8367,15,3763,3,9330,18,77455,137,86785,155,1,196,-12,591,29,11343,0,280,204,"Anderson",76978,405.310608225727,0.147492625368732,201.356231650601,23.383304320715,767.751825196809,14.7492625368732
2021-09-27,12180,50,8388,21,3792,29,9352,22,77541,86,86893,108,1,197,-44,547,93,11436,1,281,205,"Anderson",76978,388.422666216322,0.14975845410628,140.29982592429,64.9536231130973,710.592636857284,14.975845410628
2021-09-28,12229,49,8412,24,3817,25,9379,27,77636,95,87015,122,0,197,-26,521,75,11511,1,282,205,"Anderson",76978,381.927303905012,0.154664484451718,158.486840395957,63.6545506508353,676.816752838473,15.4664484451718
2021-09-29,12265,36,8427,15,3838,21,9396,17,77827,191,87223,208,2,199,-37,484,71,11582,0,282,207,"Anderson",76978,362.441216971083,0.148479427549195,270.207072150485,46.76660864143,628.751071734781,14.8479427549195
2021-09-30,12327,62,8465,38,3862,24,9436,40,77999,172,87435,212,0,199,1,485,61,11643,1,283,208,"Anderson",76978,345.553274961677,0.144724556489262,275.403361999532,80.5424926602406,630.050144197043,14.4724556489262
2021-10-01,12378,51,8492,27,3886,24,9465,29,78150,151,87615,180,0,199,-11,474,62,11705,1,284,209,"Anderson",76978,358.543999584297,0.146408839779006,233.83304320715,66.2526955753592,615.760347112162,14.6408839779006
2021-10-02,12396,18,8499,7,3897,11,9471,6,78230,80,87701,86,1,200,-9,465,26,11731,0,284,209,"Anderson",76978,368.936579282392,0.148459383753501,111.720231754527,23.383304320715,604.068694951804,14.8459383753501
2021-10-03,12409,13,8508,9,3901,4,9480,9,78328,98,87808,107,4,204,-9,456,18,11749,0,284,209,"Anderson",76978,362.441216971083,0.146627565982405,139.000753462028,16.8879420094053,592.377042791447,14.6627565982405
2021-10-04,12454,45,8530,22,3924,23,9506,26,78448,120,87954,146,1,205,-21,435,65,11814,0,284,211,"Anderson",76978,355.945854659773,0.145146088595664,189.664579490244,58.4582608017875,565.096521083946,14.5146088595664
2021-10-05,12505,51,8557,27,3948,24,9536,30,78576,128,88112,158,2,207,-17,418,66,11880,0,284,212,"Anderson",76978,358.543999584297,0.143117593436645,205.253449037387,66.2526955753592,543.012289225493,14.3117593436645
2021-10-06,12535,30,8580,23,3955,7,9562,26,78741,165,88303,191,1,208,-6,412,35,11915,0,284,213,"Anderson",76978,350.749564810725,0.153703703703704,248.122840292031,38.9721738678584,535.217854451921,15.3703703703704
2021-10-07,12567,32,8602,22,3965,10,9587,25,78881,140,88468,165,0,208,-9,403,41,11956,0,284,215,"Anderson",76978,311.777390942867,0.146176185866409,214.346956273221,41.5703187923822,523.526202291564,14.6176185866409
2021-10-08,12583,16,8606,4,3977,12,9596,9,79011,130,88607,139,1,209,-13,390,28,11984,1,285,215,"Anderson",76978,266.309854763699,0.132056451612903,180.57107225441,20.7851593961911,506.638260282159,13.2056451612903
2021-10-09,12598,15,8609,3,3989,12,9603,7,79073,62,88676,69,0,209,-11,379,26,12010,0,285,216,"Anderson",76978,262.412637376913,0.135384615384615,89.6359998960742,19.4860869339292,492.348463197277,13.5384615384615
2021-10-10,12608,10,8617,8,3991,2,9612,9,79160,87,88772,96,0,209,-16,363,26,12036,0,285,216,"Anderson",76978,258.515419990127,0.136929460580913,124.710956377147,12.9907246226195,471.563303801086,13.6929460580913
2021-10-11,12649,41,8630,13,4019,28,9625,13,79261,101,88886,114,0,209,-9,354,50,12086,1,286,216,"Anderson",76978,253.319130141079,0.127682403433476,148.094260697862,53.2619709527397,459.871651640728,12.7682403433476
2021-10-12,12684,35,8654,24,4030,11,9647,22,79360,99,89007,121,2,211,-9,345,42,12128,1,287,216,"Anderson",76978,232.533970744888,0.124022346368715,157.187767933695,45.4675361791681,448.179999480371,12.4022346368715
2021-10-13,12710,26,8668,14,4042,12,9665,18,79472,112,89137,130,0,211,-10,335,36,12164,0,287,218,"Anderson",76978,227.33768089584,0.123501199040767,168.879420094053,33.7758840188106,435.189274857752,12.3501199040767
2021-10-14,12729,19,8678,10,4051,9,9679,14,79575,103,89254,117,1,212,-18,317,36,12200,0,287,218,"Anderson",76978,210.449738886435,0.11704834605598,151.991478084648,24.682376782977,411.805970537037,11.704834605598
2021-10-15,12752,23,8690,12,4062,11,9692,13,79697,122,89389,135,0,212,-12,305,35,12235,0,287,218,"Anderson",76978,219.543246122269,0.122762148337596,175.374782405363,29.8786666320247,396.217100989893,12.2762148337596
2021-10-16,12760,8,8695,5,4065,3,9699,7,79752,55,89451,62,0,212,-16,289,24,12259,0,287,218,"Anderson",76978,210.449738886435,0.123870967741935,80.5424926602406,10.3925796980956,375.431941593702,12.3870967741935
2021-10-17,12762,2,8696,1,4066,1,9700,1,79803,51,89503,52,0,212,-14,275,16,12275,0,287,218,"Anderson",76978,200.05715918834,0.120383036935705,67.5517680376211,2.59814492452389,357.244927122035,12.0383036935705
2021-10-18,12785,23,8705,9,4080,14,9710,10,79871,68,89581,78,1,213,-27,248,49,12324,0,287,218,"Anderson",76978,176.673854867625,0.122302158273381,101.327652056432,29.8786666320247,322.169970640962,12.2302158273381
2021-10-19,12814,29,8718,13,4096,16,9721,11,79982,111,89703,122,2,215,-16,232,43,12367,0,287,218,"Anderson",76978,168.879420094053,0.10632183908046,158.486840395957,37.6731014055964,301.384811244771,10.632183908046
2021-10-20,12848,34,8743,25,4105,9,9750,29,80093,111,89843,140,0,215,9,241,25,12392,1,288,218,"Anderson",76978,179.271999792148,0.120396600566572,181.870144716672,44.1684637169061,313.076463405129,12.0396600566572
2021-10-21,12880,32,8761,18,4119,14,9768,18,80186,93,89954,111,0,215,10,251,22,12414,0,288,219,"Anderson",76978,196.159941801554,0.127142857142857,144.197043311076,41.5703187923822,326.067188027748,12.7142857142857
2021-10-22,12889,9,8767,6,4122,3,9776,8,80262,76,90038,84,0,215,-22,229,31,12445,0,288,219,"Anderson",76978,177.972927329886,0.129429892141757,109.122086830003,11.6916521603575,297.487593857985,12.9429892141757
2021-10-23,12906,17,8771,4,4135,13,9780,4,80315,53,90095,57,0,215,5,234,12,12457,0,288,219,"Anderson",76978,189.664579490244,0.125776397515528,74.0471303489309,22.0842318584531,303.982956169295,12.5776397515528
2021-10-24,12912,6,8776,5,4136,1,9787,7,80367,52,90154,59,0,215,-11,223,17,12474,0,288,219,"Anderson",76978,194.860869339292,0.133640552995392,76.6452752734548,7.79443477357167,289.693159084414,13.3640552995392
2021-10-25,12935,23,8788,12,4147,11,9801,14,80438,71,90239,85,1,216,-12,211,34,12508,1,289,220,"Anderson",76978,194.860869339292,0.138297872340426,110.421159292265,29.8786666320247,274.10428953727,13.8297872340426
2021-10-26,12947,12,8794,6,4153,6,9807,6,80502,64,90309,70,0,216,-6,205,18,12526,0,289,220,"Anderson",76978,172.776637480839,0.141914191419142,90.9350723583361,15.5888695471433,266.309854763699,14.1914191419142
2021-10-27,12965,18,8804,10,4161,8,9820,13,80623,121,90443,134,1,217,-5,200,22,12548,1,290,221,"Anderson",76978,151.991478084648,0.116666666666667,174.075709943101,23.383304320715,259.814492452389,11.6666666666667
2021-10-28,12987,22,8818,14,4169,8,9837,17,80705,82,90542,99,1,218,5,205,16,12564,0,290,222,"Anderson",76978,139.000753462028,0.11734693877551,128.608173763933,28.5795941697628,266.309854763699,11.734693877551
2021-10-29,13008,21,8828,10,4180,11,9849,12,80819,114,90668,126,0,218,5,210,16,12580,0,290,222,"Anderson",76978,154.589623009171,0.115873015873016,163.683130245005,27.2805217075008,272.805217075008,11.5873015873016
2021-10-30,13020,12,8830,2,4190,10,9854,5,80906,87,90760,92,0,218,2,212,10,12590,0,290,222,"Anderson",76978,148.094260697862,0.111278195488722,119.514666528099,15.5888695471433,275.403361999532,11.1278195488722
2021-10-31,13023,3,8832,2,4191,1,9857,3,80945,39,90802,42,0,218,-9,203,12,12602,0,290,222,"Anderson",76978,144.197043311076,0.108024691358025,54.5610434150017,3.89721738678583,263.711709839175,10.8024691358025
2021-11-01,13050,27,8836,4,4214,23,9861,4,81033,88,90894,92,1,219,-14,189,40,12642,1,291,223,"Anderson",76978,149.393333160124,0.0916030534351145,119.514666528099,35.0749564810725,245.524695367508,9.16030534351145
2021-11-02,13070,20,8841,5,4229,15,9866,5,81109,76,90975,81,2,221,-3,186,21,12663,0,291,223,"Anderson",76978,159.785912858219,0.0885885885885886,105.224869443218,25.9814492452389,241.627477980722,8.85885885885886
2021-11-03,13099,29,8858,17,4241,12,9883,17,81309,200,91192,217,1,222,5,191,23,12686,0,291,223,"Anderson",76978,174.075709943101,0.0841121495327103,281.898724310842,37.6731014055964,248.122840292031,8.41121495327103
2021-11-04,13121,22,8873,15,4248,7,9899,16,81442,133,91341,149,0,222,4,195,18,12704,0,291,223,"Anderson",76978,174.075709943101,0.0775969962453066,193.56179687703,28.5795941697628,253.319130141079,7.75969962453066
2021-11-05,13131,10,8875,2,4256,8,9900,1,81564,122,91464,123,0,222,1,196,9,12713,0,291,223,"Anderson",76978,159.785912858219,0.064070351758794,159.785912858219,12.9907246226195,254.618202603341,6.4070351758794
2021-11-06,13140,9,8879,4,4261,5,9905,5,81651,87,91556,92,0,222,-1,195,10,12723,1,292,224,"Anderson",76978,155.888695471433,0.064070351758794,119.514666528099,11.6916521603575,253.319130141079,6.4070351758794
2021-11-07,13146,6,8884,5,4262,1,9911,6,81699,48,91610,54,0,222,0,195,6,12729,0,292,224,"Anderson",76978,159.785912858219,0.0668316831683168,70.149912962145,7.79443477357167,253.319130141079,6.68316831683168
2021-11-08,13171,25,8895,11,4276,14,9924,13,81787,88,91711,101,1,223,0,195,24,12753,0,292,224,"Anderson",76978,157.187767933695,0.0771113831089351,131.206318688456,32.4768115565486,253.319130141079,7.71113831089351
2021-11-09,13194,23,8900,5,4294,18,9930,6,81945,158,91875,164,1,224,1,196,21,12774,0,292,224,"Anderson",76978,161.084985320481,0.0711111111111111,213.047883810959,29.8786666320247,254.618202603341,7.11111111111111
2021-11-10,13213,19,8911,11,4302,8,9943,13,82061,116,92004,129,0,224,3,199,16,12790,0,292,224,"Anderson",76978,148.094260697862,0.0738916256157636,167.580347631791,24.682376782977,258.515419990127,7.38916256157635
2021-11-11,13235,22,8927,16,4308,6,9959,16,82251,190,92210,206,0,224,1,200,21,12811,0,292,224,"Anderson",76978,148.094260697862,0.0690448791714614,267.608927225961,28.5795941697628,259.814492452389,6.90448791714614
2020-03-12,1,1,1,1,0,0,1,1,11,11,12,12,NA,NA,NA,NA,0,0,0,0,0,"East TN",2455501,NA,NA,0.488698640318208,0.040724886693184,NA,NA
2020-03-13,1,0,1,0,0,0,1,0,23,12,24,12,NA,NA,NA,NA,0,0,0,0,0,"East TN",2455501,NA,NA,0.488698640318208,0,NA,NA
2020-03-14,3,2,3,2,0,0,3,2,51,28,54,30,NA,NA,NA,NA,0,0,0,0,0,"East TN",2455501,NA,NA,1.22174660079552,0.081449773386368,NA,NA
2020-03-15,3,0,3,0,0,0,3,0,54,3,57,3,NA,NA,NA,NA,0,0,0,0,0,"East TN",2455501,NA,NA,0.122174660079552,0,NA,NA
2020-03-16,5,2,5,2,0,0,5,2,90,36,95,38,NA,NA,NA,NA,0,0,0,0,0,"East TN",2455501,NA,NA,1.54754569434099,0.081449773386368,NA,NA
2020-03-17,6,1,6,1,0,0,5,0,131,41,136,41,NA,NA,NA,NA,0,0,0,0,0,"East TN",2455501,NA,NA,1.66972035442054,0.040724886693184,NA,NA
2020-03-18,8,2,8,2,0,0,7,2,171,40,178,42,NA,NA,NA,NA,0,0,0,0,0,"East TN",2455501,0.325799093545472,0.0393258426966292,1.71044524111373,0.081449773386368,NA,3.93258426966292
2020-03-19,11,3,11,3,0,0,11,4,238,67,249,71,NA,NA,NA,NA,0,0,0,0,0,"East TN",2455501,0.40724886693184,0.0421940928270042,2.89146695521606,0.122174660079552,NA,4.21940928270042
2020-03-20,29,18,29,18,0,0,27,16,382,144,409,160,NA,NA,NA,NA,3,3,2,2,0,"East TN",2455501,1.14029682740915,0.0675324675324675,6.51598187090944,0.733047960477312,NA,6.75324675324675
2020-03-21,38,9,38,9,0,0,38,11,610,228,648,239,NA,NA,NA,NA,3,6,1,3,1,"East TN",2455501,1.42537103426144,0.0589225589225589,9.73324791967098,0.366523980238656,NA,5.89225589225589
2020-03-22,48,10,47,9,1,1,43,5,713,103,756,108,NA,NA,NA,NA,2,8,4,7,2,"East TN",2455501,1.83261990119328,0.0572246065808298,4.39828776286387,0.40724886693184,NA,5.72246065808298
2020-03-23,64,16,63,16,1,0,56,13,846,133,902,146,NA,NA,NA,NA,7,15,4,11,2,"East TN",2455501,2.40276831489786,0.0631970260223048,5.94583345720486,0.651598187090944,NA,6.31970260223048
2020-03-24,83,19,82,19,1,0,70,14,987,141,1057,155,NA,NA,NA,NA,7,22,5,16,2,"East TN",2455501,3.13581627537517,0.0705754614549403,6.31235743744352,0.773772847170496,NA,7.05754614549403
2020-03-25,116,33,115,33,1,0,99,29,1288,301,1387,330,NA,NA,NA,NA,15,37,12,28,3,"East TN",2455501,4.39828776286387,0.076095947063689,13.4392126087507,1.34392126087507,NA,7.6095947063689
2020-03-26,144,28,143,28,1,0,130,31,1774,486,1904,517,NA,NA,NA,NA,15,52,5,33,4,"East TN",2455501,5.41640993019347,0.0719033232628399,21.0547664203761,1.14029682740915,NA,7.19033232628399
2020-03-27,166,22,165,22,1,0,147,17,2171,397,2318,414,NA,NA,NA,NA,17,69,6,39,4,"East TN",2455501,5.57930947696621,0.0628601361969618,16.8601030909782,0.895947507250048,NA,6.28601361969618
2020-03-28,197,31,196,31,1,0,180,33,2608,437,2788,470,NA,NA,NA,NA,12,81,8,47,4,"East TN",2455501,6.47525698421626,0.0663551401869159,19.1406967457965,1.2624714874887,NA,6.63551401869159
2020-03-29,213,16,212,16,1,0,196,16,2795,187,2991,203,NA,NA,NA,NA,27,108,3,50,7,"East TN",2455501,6.71960630437536,0.0684563758389262,8.26715199871635,0.651598187090944,NA,6.84563758389262
2020-03-30,246,33,245,33,1,0,226,30,3345,550,3571,580,NA,NA,NA,NA,33,141,8,58,9,"East TN",2455501,7.41192937815949,0.0636942675159236,23.6204342820467,1.34392126087507,NA,6.36942675159236
2020-03-31,295,49,294,49,1,0,278,52,3645,300,3923,352,NA,NA,NA,NA,39,180,12,70,10,"East TN",2455501,8.63367597895501,0.0725750174459177,14.3351601160008,1.99551944796602,NA,7.25750174459177
2020-04-01,346,51,345,51,1,0,336,58,4243,598,4579,656,NA,NA,NA,NA,36,216,9,79,12,"East TN",2455501,9.36672393943232,0.0742481203007519,26.7155256707287,2.07696922135238,NA,7.42481203007519
2020-04-02,391,45,390,45,1,0,383,47,4839,596,5222,643,2,7,NA,134,34,250,5,84,14,"East TN",2455501,10.0590470132164,0.0762507534659433,26.1861021437173,1.83261990119328,5.45713481688666,7.62507534659433
2020-04-03,412,21,411,21,1,0,401,18,5124,285,5525,303,1,8,-13,121,33,283,2,86,17,"East TN",2455501,10.0183221265233,0.0792017461802308,12.3396406680348,0.855222620556864,4.92771128987526,7.92017461802307
2020-04-04,447,35,446,35,1,0,431,30,5716,592,6147,622,3,11,0,121,32,315,5,91,19,"East TN",2455501,10.181221673296,0.0747246204227449,25.3308795231604,1.42537103426144,4.92771128987526,7.47246204227449
2020-04-05,473,26,472,26,1,0,464,33,6093,377,6557,410,-1,10,1,122,26,341,2,93,20,"East TN",2455501,10.5884705402278,0.0751542344363432,16.6972035442054,1.05884705402278,4.96843617656845,7.51542344363432
2020-04-06,514,41,513,41,1,0,514,50,6626,533,7140,583,8,18,0,122,33,374,5,98,20,"East TN",2455501,10.9142696337733,0.080694872513309,23.7426089421263,1.66972035442054,4.96843617656845,8.06948725133091
2020-04-07,570,56,569,56,1,0,592,78,7755,1129,8347,1207,0,18,19,141,37,411,7,105,21,"East TN",2455501,11.1993438406256,0.0709764918625678,49.1549382386731,2.2805936548183,5.74220902373894,7.09764918625678
2020-04-08,607,37,606,37,1,0,632,40,8162,407,8794,447,1,19,4,145,32,443,8,113,25,"East TN",2455501,10.629195426921,0.0702253855278766,18.2040243518532,1.50682080764781,5.90510857051168,7.02253855278766
2020-04-09,633,26,632,26,1,0,662,30,8613,451,9275,481,3,22,3,148,20,463,2,115,25,"East TN",2455501,9.85542257975053,0.0688378978534419,19.5886704994215,1.05884705402278,6.02728323059123,6.88378978534419
2020-04-10,655,22,654,22,1,0,682,20,8941,328,9623,348,0,22,-7,141,29,492,4,119,25,"East TN",2455501,9.89614746644371,0.0685700341630063,14.172260569228,0.895947507250048,5.74220902373894,6.85700341630063
2020-04-11,679,24,678,24,1,0,728,46,10022,1081,10750,1127,2,24,-5,136,27,519,5,124,27,"East TN",2455501,9.44817371281869,0.0645231370845101,45.8969473032184,0.977397280636416,5.53858459027302,6.45231370845101
2020-04-12,709,30,708,30,1,0,761,33,11472,1450,12233,1483,0,24,18,154,12,531,1,125,28,"East TN",2455501,9.61107325959142,0.0523255813953488,60.3950069659919,1.22174660079552,6.27163255075034,5.23255813953488
2020-04-13,738,29,737,29,1,0,803,42,12435,963,13238,1005,0,24,-2,152,31,562,7,132,32,"East TN",2455501,9.12237461927321,0.0473925877336832,40.9285111266499,1.18102171410234,6.19018277736397,4.73925877336832
2020-04-14,749,11,748,11,1,0,823,20,12720,285,13543,305,4,28,-17,135,24,586,1,133,33,"East TN",2455501,7.28975471807994,0.0444572748267898,12.4210904414211,0.447973753625024,5.49785970357984,4.44572748267898
2020-04-15,773,24,772,24,1,0,850,27,13132,412,13982,439,2,30,-6,129,28,614,4,137,34,"East TN",2455501,6.76033119106854,0.0420200462606014,17.8782252583078,0.977397280636416,5.25351038342074,4.20200462606014
2020-04-16,801,28,800,28,1,0,886,36,13809,677,14695,713,1,31,1,130,26,640,6,143,34,"East TN",2455501,6.84178096445491,0.0413284132841328,29.0368442122402,1.14029682740915,5.29423527011392,4.13284132841328
2020-04-17,823,22,821,21,2,1,916,30,14138,329,15054,359,0,31,-1,129,23,663,3,146,35,"East TN",2455501,6.84178096445491,0.0430859878475419,14.6202343228531,0.895947507250048,5.25351038342074,4.30859878475419
2020-04-18,835,12,833,12,2,0,935,19,14919,781,15854,800,0,31,-11,118,23,686,0,146,35,"East TN",2455501,6.3530823241367,0.0405564263322884,32.5799093545472,0.488698640318208,4.80553662979571,4.05564263322884
2020-04-19,914,79,912,79,2,0,1016,81,15606,687,16622,768,1,32,66,184,12,698,1,147,35,"East TN",2455501,8.34860177210272,0.0580997949419002,31.2767129803653,3.21726604876154,7.49337915154586,5.80997949419002
2020-04-20,939,25,931,19,8,6,1033,17,16569,963,17602,980,0,32,10,194,15,713,2,149,35,"East TN",2455501,8.18570222532998,0.0527039413382218,39.9103889593203,1.0181221673296,7.9006280184777,5.27039413382218
2020-04-21,1045,106,1037,106,8,0,1154,121,19275,2706,20429,2827,0,32,83,277,23,736,6,155,36,"East TN",2455501,12.0545664611825,0.0480685448736567,115.129254681631,4.3168379894775,11.280793614012,4.80685448736567
2020-04-22,1247,202,1237,200,10,2,1354,200,21827,2552,23181,2752,2,34,177,454,23,759,2,157,36,"East TN",2455501,19.3035962925692,0.054788563974345,112.074888179642,8.22642711202317,18.4890985587055,5.4788563974345
2020-04-23,1492,245,1480,243,12,2,1601,247,22934,1107,24535,1354,0,34,236,690,9,768,3,160,36,"East TN",2455501,28.1408967049901,0.0726626016260163,55.1414965825711,9.97759723983008,28.100171818297,7.26626016260163
2020-04-24,1540,48,1527,47,13,1,1655,54,25623,2689,27278,2743,0,34,22,712,26,794,4,164,36,"East TN",2455501,29.1997437590129,0.0604548429319372,111.708364199404,1.95479456127283,28.996119325547,6.04548429319372
2020-04-25,1563,23,1546,19,17,4,1674,19,26398,775,28072,794,0,34,10,722,13,807,3,167,37,"East TN",2455501,29.6477175126379,0.0604845310198068,32.3355600343881,0.936672393943232,29.4033681924788,6.04845310198068
2020-04-26,1583,20,1565,19,18,1,1700,26,27516,1118,29216,1144,0,34,-1,721,21,828,0,167,38,"East TN",2455501,27.2449491977401,0.0543115769414007,46.5892703770025,0.81449773386368,29.3626433057857,5.43115769414007
2020-04-27,1652,69,1633,68,19,1,1772,72,28431,915,30203,987,0,34,50,771,19,847,8,175,39,"East TN",2455501,29.0368442122402,0.058646139195302,40.1954631661726,2.8100171818297,31.3988876404449,5.8646139195302
2020-04-28,1689,37,1667,34,22,3,1812,40,30605,2174,32417,2214,2,36,19,790,16,863,1,176,40,"East TN",2455501,26.2268270304105,0.0548882215548882,90.1648991387094,1.50682080764781,32.1726604876154,5.48882215548882
2020-04-29,1752,63,1729,62,23,1,1878,66,33354,2749,35232,2815,1,37,39,829,23,886,6,182,41,"East TN",2455501,20.5660677800579,0.0434818687245872,114.640556041313,2.56566786167059,33.7609310686495,4.34818687245872
2020-04-30,1774,22,1750,21,24,1,1900,22,33903,549,35803,571,0,37,-1,828,23,909,1,183,41,"East TN",2455501,11.4844180474779,0.0265353212637558,23.2539103018081,0.895947507250048,33.7202061819563,2.65353212637558
2020-05-01,1814,40,1786,36,28,4,1929,29,35565,1662,37494,1691,0,37,-16,812,56,965,0,183,41,"East TN",2455501,11.1586189539324,0.0268206734534064,68.8657833981741,1.62899546772736,33.0686079948654,2.68206734534064
2020-05-02,1835,21,1807,21,28,0,1966,37,37442,1877,39408,1914,0,37,-107,705,128,1093,2,185,41,"East TN",2455501,11.077169180546,0.0257586450247001,77.9474331307542,0.855222620556864,28.7110451186947,2.57586450247001
2020-05-03,1873,38,1840,33,33,5,2003,37,39562,2120,41565,2157,0,37,-20,685,58,1151,3,188,43,"East TN",2455501,11.8102171410234,0.0245363997084784,87.8435805971979,1.54754569434099,27.896547384831,2.45363997084784
2020-05-04,1920,47,1884,44,36,3,2060,57,41508,1946,43568,2003,0,37,-312,373,359,1510,1,189,43,"East TN",2455501,10.9142696337733,0.0215488215488215,81.5719480464475,1.91406967457965,15.1903827365576,2.15488215488215
2020-05-05,1948,28,1911,27,37,1,2092,32,44418,2910,46510,2942,2,39,-45,328,71,1581,1,190,43,"East TN",2455501,10.5477456535347,0.0198680195841907,119.812616651347,1.14029682740915,13.3577628353644,1.98680195841907
2020-05-06,1985,37,1948,37,37,0,2135,43,45462,1044,47597,1087,1,40,7,335,29,1610,0,190,43,"East TN",2455501,9.48889859951187,0.0207844723008492,44.267951835491,1.50682080764781,13.6428370422166,2.07844723008492
2020-05-07,2028,43,1989,41,39,2,2183,48,46853,1391,49036,1439,0,40,19,354,24,1634,4,194,47,"East TN",2455501,10.3441212200687,0.0213859291166024,58.6031119514918,1.75117012780691,14.4166098893871,2.13859291166024
2020-05-08,2047,19,2008,19,39,0,2219,36,48523,1670,50742,1706,1,41,-15,339,33,1667,0,194,48,"East TN",2455501,9.48889859951187,0.0218900966183575,69.4766566985719,0.773772847170496,13.8057365889894,2.18900966183575
2020-05-09,2063,16,2022,14,41,2,2237,18,51342,2819,53579,2837,0,41,-33,306,49,1716,1,195,49,"East TN",2455501,9.28527416604595,0.0191235622045022,115.536503548563,0.651598187090944,12.4618153281143,1.91235622045022
2020-05-10,2079,16,2037,15,42,1,2256,19,53906,2564,56162,2583,1,42,-27,279,42,1758,3,198,49,"East TN",2455501,8.3893266587959,0.0173323285606631,105.192382328494,0.651598187090944,11.3622433873983,1.73323285606631
2020-05-11,2140,61,2097,60,43,1,2307,51,55477,1571,57784,1622,3,45,13,292,45,1803,4,202,51,"East TN",2455501,8.95947507250048,0.0173747889701744,66.0557662163444,2.48421808828422,11.8916669144097,1.73747889701745
2020-05-12,2193,53,2150,53,43,0,2373,66,59032,3555,61405,3621,3,48,30,322,20,1823,3,205,51,"East TN",2455501,9.97759723983008,0.0188653910708291,147.464814716019,2.15841899473875,13.1134135152052,1.88653910708291
2020-05-13,2247,54,2201,51,46,3,2425,52,60657,1625,63082,1677,0,48,18,340,36,1859,7,212,53,"East TN",2455501,10.6699203136142,0.0187278010978366,68.2956349844696,2.19914388143194,13.8464614756826,1.87278010978366
2020-05-14,2278,31,2232,31,46,0,2470,45,62365,1708,64835,1753,1,49,-1,339,31,1890,2,214,54,"East TN",2455501,10.181221673296,0.0181657066902969,71.3907263731516,1.2624714874887,13.8057365889894,1.81657066902969
2020-05-15,2306,28,2260,28,46,0,2507,37,64685,2320,67192,2357,1,50,-21,318,48,1938,4,218,54,"East TN",2455501,10.5477456535347,0.0175075987841945,95.9885579358347,1.14029682740915,12.9505139684325,1.75075987841945
2020-05-16,2316,10,2270,10,46,0,2525,18,67455,2770,69980,2788,1,51,-28,290,37,1975,1,219,54,"East TN",2455501,10.3033963333756,0.0175599048838485,113.540984100597,0.40724886693184,11.8102171410234,1.75599048838485
2020-05-17,2396,80,2350,80,46,0,2604,79,69682,2227,72286,2306,0,51,59,349,21,1996,4,223,56,"East TN",2455501,12.9097890817393,0.0215827338129496,93.9115887144823,3.25799093545472,14.2129854559212,2.15827338129496
2020-05-18,2445,49,2398,48,47,1,2665,61,71560,1878,74225,1939,0,51,8,357,41,2037,3,226,56,"East TN",2455501,12.4210904414211,0.0217748312146463,78.9655552980838,1.99551944796602,14.5387845494667,2.17748312146463
2020-05-19,2486,41,2438,40,48,1,2705,40,72684,1124,75389,1164,1,52,-6,351,46,2083,3,229,56,"East TN",2455501,11.9323918011029,0.0237414187643021,47.4037681108662,1.66972035442054,14.2944352293076,2.37414187643021
2020-05-20,2528,42,2480,42,48,0,2750,45,74424,1740,77174,1785,0,52,13,364,29,2112,3,232,56,"East TN",2455501,11.4436931607847,0.0230627306273063,72.6939227473334,1.71044524111373,14.823858756319,2.30627306273063
2020-05-21,2769,241,2720,240,49,1,2988,238,75886,1462,78874,1700,0,52,211,575,30,2142,4,236,57,"East TN",2455501,19.9959193663533,0.0368972149013463,69.2323073784128,9.81469769305734,23.4168098485808,3.68972149013463
2020-05-22,2860,91,2808,88,52,3,3066,78,77411,1525,80477,1603,0,52,40,615,51,2193,6,242,57,"East TN",2455501,22.5615872280239,0.0420775310500565,65.2819933691739,3.70596468907974,25.0458053163082,4.20775310500565
2020-05-23,2926,66,2870,62,56,4,3157,91,79626,2215,82783,2306,2,54,36,651,28,2221,6,248,58,"East TN",2455501,24.8421808828422,0.0493634304459892,93.9115887144823,2.68784252175014,26.5119012372628,4.93634304459892
2020-05-24,2978,52,2922,52,56,0,3227,70,81746,2120,84973,2190,0,54,26,677,26,2247,0,248,59,"East TN",2455501,23.7018840554331,0.0491053834633877,89.187501858073,2.11769410804557,27.5707482912856,4.91053834633877
2020-05-25,3062,84,3005,83,57,1,3321,94,84396,2650,87717,2744,1,55,42,719,41,2288,2,250,59,"East TN",2455501,25.1272550896945,0.0486214052772013,111.749089086097,3.42089048222746,29.2811935323993,4.86214052772013
2020-05-26,3123,61,3057,52,66,9,3377,56,86782,2386,90159,2442,1,56,15,734,45,2333,3,253,59,"East TN",2455501,25.9417528235582,0.0454976303317536,99.4501733047553,2.48421808828422,29.8920668327971,4.54976303317536
2020-05-27,3199,76,3130,73,69,3,3444,67,88649,1867,92093,1934,0,56,40,774,36,2369,8,261,59,"East TN",2455501,27.3263989711265,0.0465178631275555,78.7619308646179,3.09509138868198,31.5210623005244,4.65178631275555
2020-05-28,3273,74,3204,74,69,0,3511,67,90048,1399,93559,1466,0,56,14,788,60,2429,1,262,59,"East TN",2455501,20.5253428933647,0.0356145726932244,59.7026838922077,3.01364161529562,32.091210714229,3.56145726932244
2020-05-29,3348,75,3278,74,70,1,3594,83,91326,1278,94920,1361,0,56,10,798,65,2494,4,266,59,"East TN",2455501,19.8737447062738,0.0365575019040366,55.4265707894234,3.0543665019888,32.4984595811608,3.65575019040366
2020-05-30,3421,73,3350,72,71,1,3675,81,93571,2245,97246,2326,0,56,-1,797,74,2568,4,270,60,"East TN",2455501,20.1588189131261,0.0358155292816152,94.726086448346,2.97291672860243,32.4577346944676,3.58155292816152
2020-05-31,3533,112,3460,110,73,2,3769,94,96354,2783,100123,2877,0,56,71,868,41,2609,1,271,61,"East TN",2455501,22.6023121147171,0.0357755775577558,117.16549901629,4.56118730963661,35.3492016496837,3.57755775577558
2020-06-01,3629,96,3553,93,76,3,3903,134,100186,3832,104089,3966,0,56,-169,699,265,2874,5,276,61,"East TN",2455501,23.0910107550353,0.0355484974346445,161.514900625168,3.90958912254566,28.4666957985356,3.55484974346445
2020-06-02,3736,107,3658,105,78,2,4018,115,104246,4060,108264,4175,1,57,16,715,90,2964,3,279,65,"East TN",2455501,24.9643555429218,0.0354045843689589,170.026401944043,4.35756287617069,29.1182939856266,3.54045843689589
2020-06-03,3786,50,3708,50,78,0,4068,50,106176,1930,110244,1980,0,57,-65,650,115,3079,4,283,66,"East TN",2455501,23.905508488899,0.0343782711696325,80.6352756525043,2.0362443346592,26.4711763505696,3.43782711696325
2020-06-04,3837,51,3757,49,80,2,4129,61,107724,1548,111853,1609,6,63,-37,613,82,3161,5,288,67,"East TN",2455501,22.9688360949558,0.0337815677271236,65.526342689333,2.07696922135238,24.9643555429218,3.37815677271236
2020-06-05,3936,99,3852,95,84,4,4211,82,109880,2156,114091,2238,1,64,-43,570,141,3302,4,292,68,"East TN",2455501,23.9462333755922,0.0321840279588963,91.1422964193458,4.03176378262522,23.2131854151149,3.21840279588963
2020-06-06,3989,53,3902,50,87,3,4286,75,112985,3105,117271,3180,1,65,-14,556,66,3368,4,296,68,"East TN",2455501,23.1317356417285,0.0305118601747815,129.505139684325,2.15841899473875,22.6430370014103,3.05118601747815
2020-06-07,4047,58,3958,56,89,2,4367,81,116949,3964,121316,4045,0,65,-8,548,66,3434,6,302,69,"East TN",2455501,20.9325917602966,0.0282168640588874,164.732166673929,2.36204342820467,22.3172379078648,2.82168640588874
2020-06-08,4207,160,4114,156,93,4,4524,157,119900,2951,124424,3108,0,65,75,623,85,3519,6,308,69,"East TN",2455501,23.5389845086604,0.0305384804524219,126.572947842416,6.51598187090944,25.3716044098536,3.05384804524219
2020-06-09,4315,108,4221,107,94,1,4642,118,122227,2327,126869,2445,1,66,-35,588,142,3661,7,315,70,"East TN",2455501,23.5797093953535,0.0335393711367912,99.5723479648349,4.39828776286387,23.9462333755922,3.35393711367912
2020-06-10,4392,77,4295,74,97,3,4716,74,125065,2838,129781,2912,0,66,-63,525,140,3801,6,321,70,"East TN",2455501,24.6792813360695,0.0331678353892614,118.590870050552,3.13581627537517,21.3805655139216,3.31678353892614
2020-06-11,4656,264,4557,262,99,2,4996,280,127356,2291,132352,2571,1,67,149,674,114,3915,8,329,70,"East TN",2455501,33.3536822017177,0.0422947460851749,104.703683688176,10.7513700870006,27.448573631206,4.22947460851749
2020-06-12,4827,171,4727,170,100,1,5168,172,129983,2627,135151,2799,2,69,24,698,145,4060,3,332,71,"East TN",2455501,36.2858740436269,0.0454415954415954,113.988957854222,6.96395562453446,28.4259709118424,4.54415954415954
2020-06-13,4975,148,4871,144,104,4,5336,168,132174,2191,137510,2359,0,69,50,748,98,4158,4,336,72,"East TN",2455501,40.1547382794794,0.051880033598498,96.0700077092211,6.02728323059123,30.4622152465016,5.1880033598498
2020-06-14,5091,116,4986,115,105,1,5471,135,136044,3870,141515,4005,0,69,30,778,86,4244,4,340,73,"East TN",2455501,42.5167817076841,0.0546561710975791,163.103171206202,4.72408685640934,31.6839618472971,5.46561710975791
2020-06-15,5274,183,5158,172,116,11,5650,179,139218,3174,144868,3353,0,69,58,836,125,4369,9,349,78,"East TN",2455501,43.4534541016273,0.0550772842887889,136.550545082246,7.45265426485267,34.0460052755018,5.50772842887889
2020-06-16,5428,154,5310,152,118,2,5808,158,141018,1800,146826,1958,3,72,64,900,87,4456,4,353,81,"East TN",2455501,45.3267988895138,0.0584256150724057,79.7393281452543,6.27163255075034,36.6523980238656,5.84256150724057
2020-06-17,5561,133,5440,130,121,3,5930,122,142458,1440,148388,1562,3,75,-6,894,136,4592,6,359,83,"East TN",2455501,47.6073925443321,0.0652442629118074,63.6122730147534,5.41640993019347,36.4080487037065,6.52442629118074
2020-06-18,5739,178,5617,177,122,1,6136,206,146049,3591,152185,3797,1,76,42,936,135,4727,10,369,83,"East TN",2455501,44.1050522887183,0.057479957646347,154.63239477402,7.24902983138675,38.1184939448202,5.7479957646347
2020-06-19,5874,135,5748,131,126,4,6254,118,147513,1464,153767,1582,4,80,22,958,109,4836,12,381,84,"East TN",2455501,42.6389563677636,0.0583369144821659,64.4267707486171,5.49785970357984,39.0144414520703,5.83369144821659
2020-06-20,5940,66,5813,65,127,1,6349,95,149688,2175,156037,2270,0,80,-44,914,110,4946,6,387,84,"East TN",2455501,39.2995156589226,0.0546769579532574,92.4454927935277,2.68784252175014,37.2225464375702,5.46769579532574
2020-06-21,6028,88,5900,87,128,1,6468,119,153038,3350,159506,3469,1,81,0,914,87,5033,3,390,87,"East TN",2455501,38.1592188315134,0.0554165971874826,141.274631938655,3.58379002900019,37.2225464375702,5.54165971874826
2020-06-22,6224,196,6089,189,135,7,6666,198,156448,3410,163114,3608,1,82,43,957,152,5185,7,397,88,"East TN",2455501,38.6886423585248,0.0556834374657459,146.935391189008,7.98207779186406,38.9737165653771,5.56834374657459
2020-06-23,6414,190,6273,184,141,6,6850,184,158253,1805,165103,1989,4,86,57,1014,129,5314,15,412,88,"East TN",2455501,40.1547382794794,0.0570115445642064,81.001799632743,7.73772847170496,41.2950351068886,5.70115445642064
2020-06-24,6592,178,6449,176,143,2,7033,183,159884,1631,166917,1814,2,88,37,1051,139,5453,9,421,88,"East TN",2455501,41.9873581806727,0.0595283069782503,73.8749444614358,7.24902983138675,42.8018559145364,5.95283069782503
2020-06-25,6761,169,6609,160,152,9,7217,184,163058,3174,170275,3358,0,88,22,1073,147,5600,8,429,88,"East TN",2455501,41.620834200434,0.0597567716970702,136.754169515712,6.8825058511481,43.6978034217864,5.97567716970702
2020-06-26,6975,214,6813,204,162,10,7389,172,164647,1589,172036,1761,1,89,67,1140,146,5746,16,445,88,"East TN",2455501,44.8381002491956,0.0621271005528491,71.716525466697,8.71512575234138,46.4263708302298,6.21271005528491
2020-06-27,7049,74,6882,69,167,5,7435,46,164856,209,172291,255,-1,88,-52,1088,127,5873,5,450,90,"East TN",2455501,45.1638993427411,0.0668143226282761,10.3848461067619,3.01364161529562,44.3086767221842,6.68143226282761
2020-06-28,7176,127,7007,125,169,2,7606,171,167945,3089,175551,3260,0,88,30,1118,97,5970,5,455,91,"East TN",2455501,46.7521699237752,0.0709255219694609,132.76313061978,5.17206061003437,45.5304233229797,7.09255219694609
2020-06-29,7519,343,7348,341,171,2,7946,340,173213,5268,181159,5608,1,89,147,1265,195,6165,22,477,92,"East TN",2455501,52.7387282676733,0.0709337766694375,228.385164575376,13.9686361357621,51.5169816668778,7.09337766694375
2020-06-30,7789,270,7614,266,175,4,8394,448,179500,6287,187894,6735,0,89,100,1365,170,6335,22,499,93,"East TN",2455501,55.996719203128,0.0677460401035496,274.282111878594,10.9957194071597,55.5894703361962,6.77460401035496
2020-07-01,8064,275,7886,272,178,3,8728,334,182704,3204,191432,3538,0,89,66,1431,209,6544,17,516,96,"East TN",2455501,59.9470332123668,0.0691413420354885,144.084649120485,11.1993438406256,58.2773128579463,6.91413420354885
2020-07-02,8544,480,8361,475,183,5,9334,606,189087,6383,198421,6989,2,91,314,1745,164,6708,24,540,99,"East TN",2455501,72.6124729739471,0.0752149506146522,284.626233098663,19.5479456127283,71.0649272796061,7.52149506146522
2020-07-03,8770,226,8581,220,189,6,9562,228,192443,3356,202005,3584,5,96,24,1769,197,6905,14,554,100,"East TN",2455501,73.1011716142653,0.0725082585338183,145.957993908371,9.20382439265958,72.0423245602425,7.25082585338183
2020-07-04,8990,220,8799,218,191,2,9842,280,197207,4764,207049,5044,2,98,77,1846,141,7046,14,568,106,"East TN",2455501,79.0470050714701,0.0692502445480177,205.41632848042,8.95947507250048,75.1781408356177,6.92502445480177
2020-07-05,9310,320,9118,319,192,1,10210,368,201055,3848,211265,4216,2,100,163,2009,155,7201,11,579,109,"East TN",2455501,86.9069082032546,0.0729125833006664,171.696122298464,13.0319637418189,81.8162973666066,7.29125833006664
2020-07-06,9544,234,9341,223,203,11,10420,210,202686,1631,213106,1841,4,104,-51,1958,281,7482,26,605,109,"East TN",2455501,82.4678955536976,0.0774407612608383,74.9745164021517,9.52962348620506,79.7393281452543,7.74407612608383
2020-07-07,9992,448,9780,439,212,9,10986,566,208964,6278,219950,6844,0,104,159,2117,289,7771,31,636,110,"East TN",2455501,89.7169253850844,0.080858497629149,278.721124528151,18.2447492385464,86.2145851294705,8.0858497629149
2020-07-08,10373,381,10151,371,222,10,11420,434,213136,4172,224556,4606,1,105,61,2178,319,8090,20,656,110,"East TN",2455501,94.0337633745619,0.0812703779736747,187.578828108805,15.5161818301031,88.6988032177547,8.12703779736747
2020-07-09,10822,449,10586,435,236,14,11892,472,219086,5950,230978,6422,1,106,149,2327,299,8389,24,680,113,"East TN",2455501,92.7712918870731,0.078569892803391,261.535222343628,18.2854741252396,94.7668113350392,7.8569892803391
2020-07-10,11289,467,11041,455,248,12,12345,453,222370,3284,234715,3737,0,106,141,2468,326,8715,27,707,115,"East TN",2455501,102.58598958013,0.0850810149801284,152.188901572429,19.0185220857169,100.509020358778,8.50810149801284
2020-07-11,11595,306,11340,299,255,7,12767,422,226848,4478,239615,4900,5,111,44,2512,257,8972,22,729,120,"East TN",2455501,106.088329835744,0.0898176011791439,199.551944796602,12.4618153281143,102.300915373278,8.98176011791439
2020-07-12,12065,470,11802,462,263,8,13400,633,232778,5930,246178,6563,1,112,222,2734,247,9219,24,753,125,"East TN",2455501,112.197062839722,0.091369976799473,267.277431367367,19.1406967457965,111.341840219165,9.1369976799473
2020-07-13,12419,354,12143,341,276,13,13743,343,236212,3434,249955,3777,3,115,-119,2615,470,9689,18,771,129,"East TN",2455501,117.084049242904,0.0901788379603246,153.817897040156,14.4166098893871,106.495578702676,9.01788379603246
2020-07-14,12934,515,12653,510,281,5,14327,584,240700,4488,255027,5072,4,119,77,2692,434,10123,34,805,133,"East TN",2455501,119.812616651347,0.0952475981412321,206.556625307829,20.9733166469898,109.631394978051,9.52475981412321
2020-07-15,13314,380,13027,374,287,6,14710,383,243797,3097,258507,3480,6,125,-105,2587,479,10602,24,829,140,"East TN",2455501,119.771891764654,0.0969043621690083,141.72260569228,15.4754569434099,105.355281875267,9.69043621690083
2020-07-16,14141,827,13839,812,302,15,15807,1097,253631,9834,269438,10931,6,131,349,2936,472,11074,43,872,142,"East TN",2455501,135.165898934678,0.101794071762871,445.163736443194,33.6794812952632,119.568267331188,10.1794071762871
2020-07-17,14609,468,14293,454,316,14,16318,511,257951,4320,274269,4831,3,134,95,3031,370,11444,24,896,147,"East TN",2455501,135.206623821371,0.100444961318704,196.741927614772,19.0592469724101,123.437131567041,10.0444961318704
2020-07-18,15118,509,14787,494,331,15,16986,668,266042,8091,283028,8759,6,140,185,3216,318,11762,27,923,150,"East TN",2455501,143.473775820087,0.0971828714901067,356.709282545599,20.7289673268307,130.97123560528,9.71828714901067
2020-07-19,15599,481,15249,462,350,19,17546,560,270895,4853,288441,5413,0,140,76,3292,405,12167,25,948,154,"East TN",2455501,143.921749573712,0.0980999929015924,220.443811670205,19.5886704994215,134.066326993962,9.80999929015924
2020-07-20,16035,436,15670,421,365,15,17957,411,273352,2457,291309,2868,2,142,-270,3022,704,12871,29,977,158,"East TN",2455501,147.261190282553,0.10190066257194,116.798975036052,17.7560505982282,123.070607586802,10.190066257194
2020-07-21,17036,1001,16654,984,382,17,19169,1212,281729,8377,300898,9589,1,143,381,3403,619,13490,61,1038,161,"East TN",2455501,167.053485215441,0.105556887794031,390.510938500941,40.7656115798772,138.586789416905,10.5556887794031
2020-07-22,17620,584,17222,568,398,16,19823,654,285029,3300,304852,3954,4,147,-80,3323,660,14150,29,1067,166,"East TN",2455501,175.36136210085,0.110324738375229,161.02620198485,23.7833338288195,135.32879848145,11.0324738375229
2020-07-23,18415,795,17995,773,420,22,20822,999,295233,10204,316055,11203,4,151,242,3565,549,14699,50,1117,171,"East TN",2455501,174.058165726668,0.107578780273291,456.24090562374,32.3762849210813,145.184221061201,10.7578780273291
2020-07-24,19018,603,18585,590,433,13,21506,684,301042,5809,322548,6493,2,153,6,3571,595,15294,34,1151,177,"East TN",2455501,179.556025430248,0.107458729468299,264.426689298844,24.55710667599,145.42857038136,10.7458729468299
2020-07-25,19996,978,19551,966,445,12,22708,1202,310657,9615,333365,10817,10,163,550,4121,418,15712,28,1179,185,"East TN",2455501,198.655997289352,0.113673838329658,440.521099360171,39.8289391859339,167.827258062611,11.3673838329658
2020-07-26,20771,775,20311,760,460,15,23605,897,318180,7523,341785,8420,1,164,391,4512,383,16095,21,1200,192,"East TN",2455501,210.629113977148,0.113583533293341,342.903545956609,31.5617871872176,183.750688759646,11.3583533293341
2020-07-27,21417,646,20935,624,482,22,24311,706,322646,4466,346957,5172,6,170,-78,4434,718,16813,38,1238,196,"East TN",2455501,219.181340182716,0.114182001150086,210.629113977148,26.3082768037969,180.574147597578,11.4182001150086
2020-07-28,22232,815,21727,792,505,23,25283,972,330867,8221,356150,9193,7,177,170,4604,638,17451,50,1288,201,"East TN",2455501,211.606511257784,0.110656627814378,374.38388337044,33.190782654945,187.497378335419,11.0656627814378
2020-07-29,22575,343,22059,332,516,11,25599,316,332439,1572,358038,1888,5,182,-337,4267,675,18126,24,1312,210,"East TN",2455501,201.791813564727,0.108600007520776,76.8885860767314,13.9686361357621,173.773091519816,10.8600007520776
2020-07-30,23763,1188,23232,1173,531,15,26980,1381,344973,12534,371953,13915,5,187,673,4940,510,18636,42,1354,216,"East TN",2455501,217.796694035148,0.110164943289563,566.686798335655,48.3811653915026,201.180940264329,11.0164943289563
2020-07-31,24385,622,23838,606,547,16,27634,654,348941,3968,376575,4622,6,193,80,5020,536,19172,25,1379,225,"East TN",2455501,218.570466882319,0.113424769096933,188.230426295896,25.3308795231604,204.438931199784,11.3424769096933
2020-08-01,24944,559,24380,542,564,17,28270,636,355915,6974,384185,7610,1,194,152,5172,406,19578,16,1395,228,"East TN",2455501,201.506739357874,0.109445100354191,309.91638773513,22.7652116614899,210.629113977148,10.9445100354191
2020-08-02,25375,431,24800,420,575,11,28754,484,359713,3798,388467,4282,4,198,49,5221,378,19956,19,1414,233,"East TN",2455501,187.497378335419,0.11029947303029,174.383964820214,17.5524261647623,212.624633425114,11.029947303029
2020-08-03,26001,626,25408,608,593,18,29462,708,363857,4144,393319,4852,3,201,-43,5178,666,20622,33,1447,241,"East TN",2455501,186.682880601555,0.11110392131487,197.597150235329,25.4937790699332,210.873463297307,11.110392131487
2020-08-04,26487,486,25874,466,613,20,29988,526,369228,5371,399216,5897,6,207,-219,4959,699,21321,33,1480,250,"East TN",2455501,173.284392879498,0.109250917196861,240.154656829706,19.7922949328874,201.954713111499,10.9250917196861
2020-08-05,26955,468,26334,460,621,8,30509,521,373441,4213,403950,4734,9,216,-223,4736,682,22003,19,1499,256,"East TN",2455501,178.375003716146,0.106943718417843,192.791613605533,19.0592469724101,192.873063378919,10.6943718417843
2020-08-06,27686,731,27027,693,659,38,31361,852,380511,7070,411872,7922,7,223,201,4937,523,22526,36,1535,262,"East TN",2455501,159.763730497361,0.109747238157268,322.622552383404,29.7698921727175,201.058765604249,10.9747238157268
2020-08-07,28241,555,27568,541,673,14,31980,619,384481,3970,416461,4589,6,229,38,4975,511,23037,34,1569,275,"East TN",2455501,157.035163088917,0.108960537531966,186.886505035021,22.6023121147171,202.60631129859,10.8960537531966
2020-08-08,28916,675,28231,663,685,12,32780,800,394557,10076,427337,10876,8,237,289,5264,378,23415,19,1588,285,"East TN",2455501,161.759249945327,0.104514275120504,442.923867675069,27.4892985178992,214.375803552921,10.4514275120504
2020-08-09,29444,528,28747,516,697,12,33414,634,398858,4301,432272,4935,2,239,115,5379,411,23826,19,1607,292,"East TN",2455501,165.709563954566,0.106380550165506,200.977315830863,21.5027401740012,219.059165522637,10.6380550165506
2020-08-10,29747,303,29039,292,708,11,33742,328,401147,2289,434889,2617,3,242,-478,4901,778,24604,26,1633,296,"East TN",2455501,152.555425552667,0.102958864565793,106.577028476063,12.3396406680348,199.592669683295,10.2958864565793
2020-08-11,30359,612,29634,595,725,17,34427,685,407247,6100,441674,6785,17,259,-7,4894,602,25206,28,1661,301,"East TN",2455501,157.686761276008,0.104550379198267,276.318356213253,24.9236306562286,199.307595476443,10.4550379198267
2020-08-12,30804,445,30058,424,746,21,34901,474,410996,3749,445897,4223,6,265,-251,4643,690,25896,25,1686,306,"East TN",2455501,156.750088882065,0.104703554485422,171.981196505316,18.1225745784669,189.085648916453,10.4703554485422
2020-08-13,31621,817,30862,804,759,13,36018,1117,419558,8562,455576,9679,6,271,202,4845,609,26505,44,1730,313,"East TN",2455501,160.252429137679,0.106557752150833,394.176178303328,33.2722324283313,197.312076028476,10.6557752150833
2020-08-14,32082,461,31294,432,788,29,36552,534,424214,4656,460766,5190,4,275,-142,4703,599,27104,18,1748,320,"East TN",2455501,156.42428978852,0.103193770454802,211.362161937625,18.7741727655578,191.529142118044,10.3193770454802
2020-08-15,32732,650,31932,638,800,12,37429,877,431147,6933,468576,7810,4,279,216,4919,430,27534,17,1765,329,"East TN",2455501,155.40616762119,0.11273309246102,318.061365073767,26.4711763505696,200.325717643772,11.273309246102
2020-08-16,33206,474,32395,463,811,11,38022,593,436613,5466,474635,6059,2,281,110,5029,362,27896,10,1775,338,"East TN",2455501,153.207023739758,0.108774166135543,246.752088474002,19.3035962925692,204.805455180022,10.8774166135543
2020-08-17,33479,273,32598,203,881,70,38249,227,438085,1472,476334,1699,8,289,-397,4632,662,28558,12,1787,344,"East TN",2455501,151.985277138963,0.108746531547834,69.1915824917196,11.1178940672392,188.637675162828,10.8746531547834
2020-08-18,34109,630,33163,565,946,65,39061,812,448682,10597,487743,11409,8,297,52,4684,570,29128,22,1809,347,"East TN",2455501,152.71832509944,0.100588248062689,464.630232282536,25.6566786167059,190.755369270874,10.0588248062689
2020-08-19,34564,455,33597,434,967,21,39558,497,453466,4784,493024,5281,7,304,-113,4571,561,29689,22,1831,354,"East TN",2455501,153.125573966372,0.0988180872960299,215.068126626705,18.5298234453987,186.153457074544,9.88180872960299
2020-08-20,35342,778,34354,757,988,21,40432,874,465004,11538,505436,12412,6,310,264,4835,508,30197,26,1857,362,"East TN",2455501,151.537303385338,0.088527878058564,505.4772936358,31.6839618472971,196.904827161545,8.8527878058564
2020-08-21,35551,209,34551,197,1000,12,40645,213,467455,2451,508100,2664,17,327,-321,4514,513,30710,17,1874,369,"East TN",2455501,141.274631938655,0.0864706130899565,108.491098150642,8.51150131887546,183.832138533033,8.64706130899565
2020-08-22,36421,870,35409,858,1012,12,41618,973,480822,13367,522440,14340,2,329,454,4968,414,31124,20,1894,376,"East TN",2455501,150.234107011156,0.0777699391058963,583.994875180259,35.4306514230701,202.321237091738,7.77699391058963
2020-08-23,36674,253,35651,242,1023,11,41872,254,485929,5107,527801,5361,0,329,-94,4874,347,31471,20,1914,381,"East TN",2455501,141.233907051962,0.072414701124779,218.326117562159,10.3033963333756,198.493097742579,7.2414701124779
2020-08-24,36866,192,35826,175,1040,17,42070,198,487272,1343,529342,1541,8,337,-486,4388,670,32141,15,1929,391,"East TN",2455501,137.935191229814,0.0720834591005131,62.7570503941965,7.81917824509133,178.700802809691,7.20834591005131
2020-08-25,37480,614,36415,589,1065,25,42755,685,497008,9736,539763,10421,16,353,119,4507,479,32620,22,1951,399,"East TN",2455501,137.283593042723,0.0710111495578624,424.39404422967,25.005080429615,183.54706432618,7.10111495578624
2020-08-26,37826,346,36735,320,1091,26,43140,385,500970,3962,544110,4347,6,359,-207,4300,547,33167,11,1962,407,"East TN",2455501,132.844580393166,0.070117057510864,177.031082455271,14.0908107958417,175.117012780691,7.0117057510864
2020-08-27,38687,861,37579,844,1108,17,44116,976,511260,10290,555376,11266,8,367,387,4687,466,33633,29,1991,413,"East TN",2455501,136.2247459887,0.073768522226672,458.806573485411,35.0641274428314,190.877543930953,7.3768522226672
2020-08-28,39021,334,37893,314,1128,20,44454,338,513868,2608,558322,2946,12,379,-182,4505,504,34137,10,2001,419,"East TN",2455501,141.315356825348,0.0758432559436104,119.97551619812,13.6021121555235,183.465614552794,7.58432559436104
2020-08-29,39472,451,38328,435,1144,16,44982,528,520387,6519,565369,7047,8,387,61,4566,382,34519,16,2017,428,"East TN",2455501,124.251629300904,0.0783619464697524,286.988276526868,18.366923898626,185.949832641078,7.83619464697524
2020-08-30,39735,263,38580,252,1155,11,45249,267,522268,1881,567517,2148,8,395,-55,4511,310,34829,14,2031,431,"East TN",2455501,124.658878167836,0.0850287037969584,87.4770566169592,10.7106452003074,183.709963872953,8.50287037969584
2020-08-31,40142,407,38958,378,1184,29,45699,450,525754,3486,571453,3936,2,397,-133,4378,538,35367,16,2047,436,"East TN",2455501,133.414728806871,0.0861770083826079,160.293154024372,16.5750288841259,178.29355394276,8.61770083826079
2020-09-01,40749,607,39523,565,1226,42,46373,674,531419,5665,577792,6339,6,403,105,4483,496,35863,28,2075,445,"East TN",2455501,133.129654600018,0.0951379210602435,258.155056748093,24.7200062227627,182.569667045544,9.51379210602435
2020-09-02,41237,488,39982,459,1255,29,46826,453,536212,4793,583038,5246,7,410,22,4505,459,36322,22,2097,452,"East TN",2455501,138.912588510451,0.0946876284422524,213.642755592443,19.8737447062738,183.465614552794,9.46876284422524
2020-09-03,41792,555,40504,522,1288,33,47473,647,544469,8257,591942,8904,6,416,-39,4466,588,36910,22,2119,455,"East TN",2455501,126.450773182336,0.091806596291637,362.61439111611,22.6023121147171,181.87734397176,9.1806596291637
2020-09-04,42149,357,40847,343,1302,14,47821,348,547801,3332,595622,3680,7,423,-40,4426,390,37300,11,2130,456,"East TN",2455501,127.38744557628,0.0902680965147453,149.867583030917,14.5387845494667,180.248348504032,9.02680965147453
2020-09-05,43147,998,41830,983,1317,15,48911,1090,557119,9318,606030,10408,1,424,640,5066,357,37657,26,2156,462,"East TN",2455501,149.663958597451,0.0966282186862104,423.864620702659,40.6434369197976,206.31227598767,9.66282186862104
2020-09-06,43410,263,42077,247,1333,16,49179,268,559747,2628,608926,2896,0,424,-50,5016,313,37970,9,2165,476,"East TN",2455501,149.663958597451,0.0949069042961675,117.939271863461,10.7106452003074,204.276031653011,9.49069042961675
2020-09-07,43614,204,42274,197,1340,7,49416,237,561083,1336,610499,1573,3,427,-342,4674,543,38513,13,2178,480,"East TN",2455501,141.396806598735,0.0951954105414127,64.0602467683784,8.30787688540954,190.348120403942,9.51954105414127
2020-09-08,43925,311,42563,289,1362,22,49736,320,564509,3426,614245,3746,7,434,-303,4371,607,39120,24,2202,487,"East TN",2455501,129.342240137552,0.0922557814171673,152.555425552667,12.6654397615802,178.008479735907,9.22557814171673
2020-09-09,44258,333,42879,316,1379,17,50111,375,569655,5146,619766,5521,6,440,-161,4210,488,39608,16,2218,494,"East TN",2455501,123.029882700109,0.089441298192115,224.842099433069,13.5613872688303,171.451772978305,8.9441298192115
2020-09-10,44933,675,43517,638,1416,37,50818,707,577466,7811,628284,8518,18,458,194,4404,463,40071,39,2257,505,"East TN",2455501,127.916869103291,0.0920422651477629,346.894584852541,27.4892985178992,179.352400996782,9.20422651477629
2020-09-11,45259,326,43820,303,1439,23,51173,355,581625,4159,632798,4514,17,475,-206,4198,515,40586,26,2283,516,"East TN",2455501,126.654397615802,0.0901656982999785,183.832138533033,13.276313061978,170.963074337986,9.01656982999785
2020-09-12,45678,419,44221,401,1457,18,51685,512,588611,6986,640296,7498,10,485,92,4290,317,40903,14,2297,527,"East TN",2455501,103.074688220449,0.080954882390708,305.355200425494,17.0637275244441,174.709763913759,8.0954882390708
2020-09-13,46119,441,44642,421,1477,20,52188,503,594184,5573,646372,6076,2,487,51,4341,388,41291,21,2318,532,"East TN",2455501,110.323718051835,0.0803557122256049,247.444411547786,17.9596750316941,176.786733135112,8.03557122256049
2020-09-14,46563,444,45071,429,1492,15,52673,485,599157,4973,651830,5458,9,496,-150,4191,585,41876,23,2341,542,"East TN",2455501,120.0976908582,0.0788028356439476,222.276431571398,18.0818496917737,170.678000131134,7.88028356439477
2020-09-15,47056,493,45527,456,1529,37,53213,540,607333,8176,660546,8716,7,503,-66,4125,552,42428,19,2360,545,"East TN",2455501,127.509620236359,0.0750955702900585,354.958112417792,20.0773691397397,167.990157609384,7.50955702900585
2020-09-16,47409,353,45837,310,1572,43,53607,394,610746,3413,664353,3807,6,509,-175,3950,522,42950,17,2377,554,"East TN",2455501,128.324117970223,0.0784085047211071,155.039643640951,14.375885002694,160.863302438077,7.84085047211071
2020-09-17,47960,551,46356,519,1604,32,54184,577,617922,7176,672106,7753,8,517,119,4069,424,43374,21,2398,565,"East TN",2455501,123.274232020268,0.0768107343343526,315.740046532256,22.4394125679444,165.709563954566,7.68107343343526
2020-09-18,48494,534,46842,486,1652,48,54751,567,626037,8115,680788,8682,17,534,-29,4040,546,43920,29,2427,571,"East TN",2455501,131.74500845245,0.0745571994165451,353.573466270223,21.7470894941603,164.528542240463,7.45571994165451
2020-09-19,49002,508,47327,485,1675,23,55324,573,634391,8354,689715,8927,3,537,193,4233,312,44232,29,2456,573,"East TN",2455501,135.369523368144,0.073635646208948,363.551063510054,20.6882424401375,172.388445372248,7.3635646208948
2020-09-20,49308,306,47608,281,1700,25,55653,329,639349,4958,695002,5287,1,538,-19,4214,324,44556,13,2469,584,"East TN",2455501,129.871663664564,0.0712523133867983,215.312475946864,12.4618153281143,171.614672525077,7.12523133867983
2020-09-21,49471,163,47741,133,1730,30,55805,152,640866,1517,696671,1669,3,541,-210,4004,370,44926,9,2478,589,"East TN",2455501,118.427970503779,0.0698467919983943,67.9698358909241,6.63815653098899,163.062446319509,6.98467919983943
2020-09-22,49931,460,48143,402,1788,58,56295,490,647016,6150,703311,6640,6,547,-55,3949,509,45435,28,2506,596,"East TN",2455501,117.084049242904,0.0720682801356249,270.413247642742,18.7334478788646,160.822577551384,7.20682801356249
2020-09-23,50225,294,48397,254,1828,40,56577,282,649109,2093,705686,2375,8,555,-217,3732,503,45938,11,2517,605,"East TN",2455501,114.681280928006,0.0718554181888564,96.721605896312,11.9731166877961,151.985277138963,7.18554181888564
2020-09-24,50688,463,48839,442,1849,21,57058,481,656003,6894,713061,7375,11,566,-36,3696,488,46426,27,2544,610,"East TN",2455501,111.097490899006,0.070174581858137,300.346039362232,18.8556225389442,150.519181218008,7.0174581858137
2020-09-25,51142,454,49269,430,1873,24,57544,486,662675,6672,720219,7158,11,577,14,3710,429,46855,18,2562,616,"East TN",2455501,107.839499963551,0.0708325936445943,291.508738949811,18.4890985587055,151.089329631713,7.08325936445944
2020-09-26,51699,557,49802,533,1897,24,58182,638,673231,10556,731413,11194,5,582,193,3903,359,47214,28,2590,623,"East TN",2455501,109.835019411517,0.0685404575759029,455.874381643502,22.6837618881035,158.949232763497,6.85404575759029
2020-09-27,52092,393,50167,365,1925,28,58588,406,679250,6019,737838,6425,3,585,91,3994,299,47513,30,2620,630,"East TN",2455501,113.378084553824,0.0685171351199925,261.657397003707,16.0048804704213,162.655197452577,6.85171351199925
2020-09-28,52326,234,50362,195,1964,39,58813,225,680937,1687,739750,1912,4,589,-315,3679,545,48058,14,2634,637,"East TN",2455501,116.26955150904,0.0698252048561944,77.8659833573678,9.52962348620506,149.826858144224,6.98252048561944
2020-09-29,52709,383,50702,340,2007,43,59210,397,686748,5811,745958,6208,9,598,-43,3636,417,48475,30,2664,639,"East TN",2455501,113.133735233665,0.0683518184163013,252.820096591286,15.5976316034895,148.075688016417,6.83518184163013
2020-09-30,53191,482,51152,450,2039,32,59686,476,690186,3438,749872,3914,6,604,79,3715,397,48872,21,2685,643,"East TN",2455501,120.790013931984,0.0703616530122663,159.397206517122,19.6293953861147,151.292954065179,7.03616530122663
2020-10-01,53579,388,51501,349,2078,39,60065,379,693466,3280,753531,3659,11,615,0,3715,377,49249,30,2715,648,"East TN",2455501,117.735647429995,0.0743019520632567,149.01236041036,15.8012560369554,151.292954065179,7.43019520632567
2020-10-02,54044,465,51938,437,2106,28,60528,463,697087,3621,757615,4084,2,617,24,3739,439,49688,17,2732,652,"East TN",2455501,118.18362118362,0.0797946304417585,166.320437254963,18.9370723123306,152.270351345815,7.97946304417585
2020-10-03,54449,405,52326,388,2123,17,61011,483,704546,7459,765557,7942,12,629,83,3822,310,49998,21,2753,658,"East TN",2455501,111.993438406256,0.0828549671977507,323.437050117267,16.4935791107395,155.650516941349,8.28549671977507
2020-10-04,54904,455,52751,425,2153,30,61550,539,714669,10123,776219,10662,4,633,145,3967,306,50304,26,2779,670,"East TN",2455501,114.518381381233,0.0771736015215862,434.208741922728,18.5298234453987,161.555625511861,7.71736015215862
2020-10-05,55577,673,53365,614,2212,59,62302,752,721917,7248,784219,8000,5,638,154,4121,514,50818,38,2817,679,"East TN",2455501,132.396606639541,0.0784591513188963,325.799093545472,27.4078487445128,167.827258062611,7.84591513188963
2020-10-06,56327,750,54031,666,2296,84,63042,740,728557,6640,791599,7380,8,646,302,4423,440,51258,42,2859,688,"East TN",2455501,147.34264005594,0.0839595977301111,300.549663795698,30.543665019888,180.126173843953,8.39595977301111
2020-10-07,57064,737,54690,659,2374,78,63750,708,735310,6753,799060,7461,3,649,293,4716,441,51699,36,2895,694,"East TN",2455501,157.727486162702,0.0826217776693502,303.848379617846,30.0142414928766,192.058565645056,8.26217776693503
2020-10-08,57782,718,55347,657,2435,61,64428,678,741771,6461,806199,7139,10,659,265,4981,443,52142,31,2926,699,"East TN",2455501,171.166698771452,0.0828396749449381,290.734966102641,29.2404686457061,202.850660618749,8.28396749449381
2020-10-09,58323,541,55846,499,2477,42,64988,560,747250,5479,812238,6039,4,663,123,5104,414,52556,20,2946,706,"East TN",2455501,174.261790160134,0.0816505867491716,245.937590740138,22.0321637010125,207.859821682011,8.16505867491716
2020-10-10,58941,618,56434,588,2507,30,65657,669,755675,8425,821332,9094,12,675,252,5356,354,52910,19,2965,720,"East TN",2455501,182.936191025783,0.083298969072165,370.352119587815,25.1679799763877,218.122493128693,8.3298969072165
2020-10-11,59884,943,57346,912,2538,31,66686,1029,766103,10428,832789,11457,1,676,587,5943,355,53265,36,3001,727,"East TN",2455501,202.809935732056,0.0907901714689765,466.585026843809,38.4035681516725,242.028001617593,9.07901714689765
2020-10-12,60240,356,57632,286,2608,70,67003,317,769024,2921,836027,3238,6,682,-338,5605,688,53953,18,3019,738,"East TN",2455501,189.900146650317,0.0907388820259419,131.86718311253,14.4980596627735,228.262989915296,9.07388820259419
2020-10-13,60745,505,58085,453,2660,52,67487,484,773409,4385,840896,4869,9,691,7,5612,489,54442,22,3041,745,"East TN",2455501,179.922549410487,0.0901677586871412,198.289473309113,20.5660677800579,228.548064122149,9.01677586871412
2020-10-14,61619,874,58897,812,2722,62,68334,847,779595,6186,847929,7033,1,692,328,5940,545,54987,40,3081,752,"East TN",2455501,185.501858887453,0.0938017966399967,286.418128113163,35.5935509698428,241.905826957513,9.38017966399967
2020-10-15,62128,509,59337,440,2791,69,68799,465,783749,4154,852548,4619,14,706,-67,5873,562,55549,19,3100,761,"East TN",2455501,176.990357568578,0.0943062417743641,188.108251635817,20.7289673268307,239.17725954907,9.43062417743641
2020-10-16,62767,639,59933,596,2834,43,69383,584,787838,4089,857221,4673,2,708,-135,5738,772,56321,21,3121,773,"East TN",2455501,180.98139646451,0.0977035769068315,190.307395517249,26.0232025969446,233.67939984549,9.77035769068315
2020-10-17,63485,718,60614,681,2871,37,70242,859,796622,8784,866864,9643,6,714,236,5974,476,56797,36,3157,780,"East TN",2455501,185.053885133828,0.100698409909514,392.710082382373,29.2404686457061,243.290473105081,10.0698409909514
2020-10-18,64291,806,61374,760,2917,46,71114,872,804732,8110,875846,8982,3,717,349,6323,454,57251,34,3191,788,"East TN",2455501,179.474575656862,0.102840420837494,365.790932278179,32.8242586747063,257.503458561002,10.2840420837494
2020-10-19,65039,748,62059,685,2980,63,71873,759,809631,4899,881504,5658,3,720,-19,6304,764,58015,65,3256,799,"East TN",2455501,195.43873124059,0.107087098973107,230.421408910035,30.4622152465016,256.729685713832,10.7087098973107
2020-10-20,65725,686,62668,609,3057,77,72564,691,813247,3616,885811,4307,15,735,35,6339,636,58651,27,3283,812,"East TN",2455501,202.809935732056,0.113035734164533,175.402086987543,27.9372722715242,258.155056748093,11.3035734164533
2020-10-21,66319,594,63221,553,3098,41,73181,617,816991,3744,890172,4361,5,740,-128,6211,717,59368,24,3307,826,"East TN",2455501,191.406967457965,0.114740903818384,177.601230868975,24.1905826957513,252.942271251366,11.4740903818384
2020-10-22,67449,1130,64256,1035,3193,95,74281,1100,825557,8566,899838,9666,10,750,440,6651,680,60048,42,3349,841,"East TN",2455501,216.697122094432,0.115923028124339,393.646754776317,46.0191219632979,270.861221396367,11.5923028124339
2020-10-23,68420,971,65160,904,3260,67,75251,970,832673,7116,907924,8086,19,769,289,6940,663,60711,36,3385,849,"East TN",2455501,230.217784476569,0.115732796875924,329.301433801086,39.5438649790817,282.630713650697,11.5732796875924
2020-10-24,69657,1237,66335,1175,3322,62,76578,1327,843199,10526,919777,11853,12,781,643,7583,582,61293,48,3433,866,"East TN",2455501,251.354000670332,0.119743730274224,482.71208197431,50.3766848394686,308.816815794414,11.9743730274224
2020-10-25,70587,930,67208,873,3379,57,77625,1047,851077,7878,928702,8925,9,790,437,8020,484,61777,40,3473,877,"East TN",2455501,256.403886620286,0.123183744513395,363.469613736667,37.8741446246611,326.613591279336,12.3183744513395
2020-10-26,71049,462,67614,406,3435,56,78059,434,853832,2755,931891,3189,6,796,-450,7570,906,62683,20,3493,891,"East TN",2455501,244.756569026036,0.122769762041797,129.871663664564,18.814897652251,308.287392267403,12.2769762041797
2020-10-27,71890,841,68325,711,3565,130,78842,783,858217,4385,937059,5168,12,808,79,7649,750,63433,52,3545,915,"East TN",2455501,251.068926463479,0.122502341554792,210.466214430375,34.2496297089677,311.504658316164,12.2502341554792
2020-10-28,72887,997,69235,910,3652,87,79812,970,865435,7218,945247,8188,13,821,199,7848,785,64218,39,3584,929,"East TN",2455501,267.481055800833,0.120399455288243,333.455372243791,40.6027120331044,319.608910768108,12.0399455288243
2020-10-29,73794,907,70027,792,3767,115,80646,834,871938,6503,952584,7337,11,832,150,7998,746,64964,40,3624,941,"East TN",2455501,258.399406068252,0.120672657642286,298.798493667891,36.9374722307179,325.717643772086,12.0672657642286
2020-10-30,74694,900,70834,807,3860,93,81486,840,876796,4858,958282,5698,28,860,50,8048,822,65786,38,3662,957,"East TN",2455501,255.507939113036,0.123813495373128,232.050404377762,36.6523980238656,327.753888106745,12.3813495373128
2020-10-31,74708,14,70848,14,3860,0,81502,16,876817,21,958319,37,5,865,-603,7445,612,66398,0,3662,967,"East TN",2455501,205.701402687272,0.127756732914742,1.50682080764781,0.570148413704576,303.196781430755,12.7756732914742
2020-11-01,75215,507,71238,390,3977,117,81972,470,883385,6568,965357,7038,0,865,-139,7306,646,67044,26,3688,983,"East TN",2455501,188.474775616056,0.118592279361615,286.621752546629,20.6475175534443,297.536022180402,11.8592279361615
2020-11-02,76027,812,71982,744,4045,68,82749,777,887613,4228,970362,5005,11,876,-227,7079,1028,68072,37,3725,997,"East TN",2455501,202.72848595867,0.121910010137506,203.828057899386,33.0686079948654,288.29147290105,12.1910010137506
2020-11-03,77067,1040,72942,960,4125,80,83825,1076,894476,6863,978301,7939,31,907,31,7110,978,69050,26,3751,1010,"East TN",2455501,210.832738410614,0.120823432423258,323.314875457188,42.3538821609114,289.553944388538,12.0823432423258
2020-11-04,77978,911,73753,811,4225,100,84672,847,899361,4885,984033,5732,6,913,-5,7105,910,69960,34,3785,1034,"East TN",2455501,207.330398155,0.125302944361367,233.435050525331,37.1003717774906,289.350319955072,12.5302944361367
2020-11-05,78556,578,74237,484,4319,94,85173,501,902024,2663,987197,3164,17,930,-369,6736,930,70890,27,3812,1048,"East TN",2455501,193.931910432942,0.130789009909572,128.853541497234,23.5389845086603,274.322836765287,13.0789009909572
2020-11-06,79522,966,75085,848,4437,118,86100,927,908434,6410,994534,7337,10,940,42,6778,914,71804,36,3848,1072,"East TN",2455501,196.619752954692,0.127275736511089,298.798493667891,39.3402405456157,276.033282006401,12.7275736511089
2020-11-07,80849,1327,76326,1241,4523,86,87519,1419,919356,10922,1006875,12341,21,961,649,7427,657,72461,48,3896,1082,"East TN",2455501,250.091529182843,0.123918774198863,502.585826680584,54.0419246418552,302.463733470278,12.3918774198863
2020-11-08,82405,1556,77764,1438,4641,118,89184,1665,932257,12901,1021441,14566,3,964,888,8315,665,73126,50,3946,1099,"East TN",2455501,292.811935323993,0.128592825048142,593.198699572918,63.3679236945943,338.627432853825,12.8592825048142
2020-11-09,83026,621,78303,539,4723,82,89765,581,935709,3452,1025474,4033,9,973,-466,7849,1078,74204,18,3964,1109,"East TN",2455501,285.033481965595,0.127304398316156,164.243468033611,25.2901546364673,319.649635654801,12.7304398316156
2020-11-10,83965,939,79152,849,4813,90,90688,923,940711,5002,1031399,5925,27,1000,4,7853,908,75112,42,4006,1126,"East TN",2455501,280.920268409583,0.129251572563938,241.294953657115,38.2406686048998,319.812535201574,12.9251572563938
2020-11-11,85268,1303,80251,1099,5017,204,91857,1169,947257,6546,1039114,7715,26,1026,382,8235,895,76007,51,4057,1139,"East TN",2455501,296.884423993311,0.130444254824713,314.192500837915,53.0645273612188,335.36944191837,13.0444254824713
2020-11-12,86105,837,80956,705,5149,132,92621,764,951473,4216,1044094,4980,15,1041,8,8243,814,76821,34,4091,1156,"East TN",2455501,307.432169646846,0.13090321106561,202.809935732056,34.086730162195,335.695241011916,13.090321106561
2020-11-13,87565,1460,82244,1288,5321,172,93921,1300,957335,5862,1051256,7162,27,1068,527,8770,906,77727,46,4137,1172,"East TN",2455501,327.550263673279,0.137883008356546,291.671638496584,59.4583345720486,357.157256299224,13.7883008356546
2020-11-14,89042,1477,83636,1392,5406,85,95455,1534,966232,8897,1061687,10431,7,1075,919,9689,551,78278,50,4187,1201,"East TN",2455501,333.658996677256,0.144785813325549,424.801293096602,60.1506576458328,394.58342717026,14.4785813325549
2020-11-15,90994,1952,85369,1733,5625,219,97414,1959,977406,11174,1074820,13133,7,1082,1338,11027,607,78885,54,4241,1218,"East TN",2455501,349.786051807757,0.154180482961464,534.839936941585,79.4949788250952,449.07332556574,15.4180482961464
2020-11-16,92519,1525,86767,1398,5752,127,98950,1536,985028,7622,1083978,9158,10,1092,171,11198,1344,80229,37,4278,1237,"East TN",2455501,386.601349378396,0.156997812115411,372.958512336179,62.1054522071056,456.037281190274,15.6997812115411
2020-11-17,93732,1213,87886,1119,5846,94,100171,1221,990173,5145,1090344,6366,31,1123,90,11288,1092,81321,42,4320,1264,"East TN",2455501,397.759968332328,0.160878785308338,259.254628688809,49.3992875588322,459.702520992661,16.0878785308338
2020-11-18,94931,1199,88841,955,6090,244,101205,1034,995315,5142,1096520,6176,14,1137,57,11345,1128,82449,52,4372,1278,"East TN",2455501,393.524580116237,0.162840121241682,251.516900217104,48.8291391451276,462.023839534172,16.2840121241682
2020-11-19,96010,1079,89718,877,6292,202,102062,857,999976,4661,1102038,5518,45,1182,-245,11100,1279,83728,50,4422,1297,"East TN",2455501,403.380002695988,0.162933176860417,224.719924772989,43.9421527419455,452.046242294342,16.2933176860417
2020-11-20,97136,1126,90681,963,6455,163,103085,1023,1004877,4901,1107962,5924,28,1210,-127,10973,1225,84953,33,4455,1322,"East TN",2455501,389.777890540464,0.161605473847565,241.254228770422,45.8562224165252,446.874181684308,16.1605473847565
2020-11-21,98354,1218,91743,1062,6611,156,104184,1099,1011283,6406,1115467,7505,3,1213,360,11333,855,85808,45,4500,1345,"East TN",2455501,379.230144886929,0.16230940870212,305.640274632346,49.6029119922981,461.535140893854,16.230940870212
2020-11-22,99940,1586,93171,1428,6769,158,105850,1666,1020888,9605,1126738,11271,17,1230,804,12137,765,86573,56,4556,1372,"East TN",2455501,364.324836357224,0.162486998728765,459.010197918877,64.5896702953898,494.277949795174,16.2486998728765
2020-11-23,100831,891,93928,757,6903,134,106553,703,1024005,3117,1130558,3820,18,1248,-1160,10977,2033,88606,35,4591,1399,"East TN",2455501,338.505258193745,0.163224559896951,155.569067167963,36.2858740436269,447.037081231081,16.3224559896951
2020-11-24,101742,911,94661,733,7081,178,107259,706,1027032,3027,1134291,3733,13,1261,-738,10239,1636,90242,53,4644,1427,"East TN",2455501,326.206342412404,0.161285184426696,152.026002025656,37.1003717774906,416.982114851511,16.1285184426696
2020-11-25,102650,908,95347,686,7303,222,107804,545,1029340,2308,1137144,2853,38,1299,-494,9745,1364,91606,54,4698,1452,"East TN",2455501,314.355400384687,0.162440921622686,116.188101735654,36.9781971174111,396.864020825078,16.2440921622686
2020-11-26,104116,1466,96734,1387,7382,79,109475,1671,1037707,8367,1147182,10038,18,1317,-441,9304,1889,93495,22,4720,1471,"East TN",2455501,330.115931534949,0.164207868155237,408.796412626181,59.7026838922077,378.904345793384,16.4207868155237
2020-11-27,105820,1704,98300,1566,7520,138,111225,1750,1045247,7540,1156472,9290,5,1322,161,9465,1538,95033,48,4768,1498,"East TN",2455501,353.65491604361,0.167800453514739,378.334197379679,69.3952069251855,385.461052550987,16.7800453514739
2020-11-28,107444,1624,99679,1379,7765,245,112719,1494,1052779,7532,1165498,9026,2,1324,568,10033,1054,96087,43,4811,1524,"East TN",2455501,370.189220041043,0.170594231576423,367.582827292679,66.1372159897308,408.592788192715,17.0594231576423
2020-11-29,109733,2289,101801,2122,7932,167,115046,2327,1063477,10698,1178523,13025,4,1328,1278,11311,1007,97094,50,4861,1548,"East TN",2455501,398.818815386351,0.17758038041904,530.441649178722,93.2192656406982,460.639193386604,17.758038041904
2020-11-30,111971,2238,103810,2009,8161,229,117267,2221,1072928,9451,1190195,11672,15,1343,-110,11201,2333,99427,53,4914,1578,"East TN",2455501,453.67523776207,0.179653570769824,475.340877482844,91.1422964193458,456.159455850354,17.9653570769824
2020-12-01,114234,2263,105818,2008,8416,255,119405,2138,1081765,8837,1201170,10975,20,1363,422,11623,1821,101248,62,4976,1606,"East TN",2455501,508.735284571255,0.1816115671586,446.955631457694,92.1604185866754,473.345358034878,18.16115671586
2020-12-02,115291,1057,106731,913,8560,144,120281,876,1084675,2910,1204956,3786,15,1378,-692,10931,1734,102982,41,5017,1639,"East TN",2455501,514.803292688539,0.183993983365776,154.184421020395,43.0462052346955,445.163736443194,18.3993983365776
2020-12-03,117101,1810,108302,1571,8799,239,122003,1722,1090665,5990,1212668,7712,33,1411,318,11249,1459,104441,45,5062,1660,"East TN",2455501,528.812653710994,0.191308065846135,314.070326177835,73.712044914663,458.114250411627,19.1308065846135
2020-12-04,118827,1726,109687,1385,9140,341,123460,1457,1096187,5522,1219647,6979,37,1448,-300,10949,1989,106430,35,5097,1694,"East TN",2455501,529.708601218244,0.193668381480016,284.218984231731,70.2911544324356,445.896784403672,19.3668381480016
2020-12-05,119960,1133,110596,909,9364,224,124389,929,1099249,3062,1223638,3991,5,1453,123,11072,1005,107435,23,5120,1719,"East TN",2455501,509.712681851891,0.200722394220846,162.533022792497,46.1412966233775,450.905945466933,20.0722394220846
2020-12-06,121428,1468,111858,1262,9570,206,125630,1241,1103740,4491,1229370,5732,20,1473,484,11556,964,108399,37,5157,1755,"East TN",2455501,476.277549876787,0.20815387338486,233.435050525331,59.7841336655941,470.616790626434,20.815387338486
2020-12-07,124151,2723,114263,2405,9888,318,128201,2571,1113288,9548,1241489,12119,31,1504,-205,11351,2897,111296,50,5207,1777,"East TN",2455501,496.029119922981,0.213163332943424,493.544901834697,110.89386646554,462.268188854332,21.3163332943424
2020-12-08,126916,2765,116625,2362,10291,403,130733,2532,1121648,8360,1252381,10892,45,1549,728,12079,1992,113288,70,5277,1801,"East TN",2455501,516.473013042959,0.22120247603054,443.57546586216,112.604311706654,491.915906366969,22.120247603054
2020-12-09,129561,2645,119008,2383,10553,262,133310,2577,1128746,7098,1262056,9675,21,1570,579,12658,2045,115333,56,5333,1824,"East TN",2455501,581.144133111736,0.228178633975482,394.013278756555,107.717325303472,515.495615762323,22.8178633975482
2020-12-10,132636,3075,121688,2680,10948,395,136260,2950,1140219,11473,1276479,14423,30,1600,2531,15189,514,115847,70,5403,1860,"East TN",2455501,632.661114778613,0.223425428217705,587.375040775793,125.229026581541,618.570303982772,22.3425428217705
2020-12-11,134622,1986,123438,1750,11184,236,138051,1791,1147394,7175,1285445,8966,35,1635,450,15639,1501,117348,50,5453,1884,"East TN",2455501,643.249585318841,0.221754460621903,365.139334091088,80.8796249726634,636.896502994705,22.1754460621903
2020-12-12,137883,3261,126164,2726,11719,535,141025,2974,1158629,11235,1299654,14209,21,1656,1903,17542,1337,118685,73,5526,1909,"East TN",2455501,729.912144201937,0.218848663439276,578.659915023451,132.803855506473,714.395962371834,21.8848663439276
2020-12-13,142175,4292,130024,3860,12151,432,145394,4369,1175915,17286,1321309,21655,15,1671,2977,20519,1300,119985,62,5588,1943,"East TN",2455501,844.919224223488,0.214968620498374,881.8974213409,174.791213687146,835.633950057442,21.4968620498374
2020-12-14,145033,2858,132478,2454,12555,404,148067,2673,1185193,9278,1333260,11951,37,1708,-1139,19380,3960,123945,64,5652,1975,"East TN",2455501,850.417083927068,0.216473613668806,486.703120870242,116.39172616912,789.248304113906,21.6473613668806
2020-12-15,149161,4128,136020,3542,13141,586,151932,3865,1200214,15021,1352146,18886,34,1742,1607,20987,2487,126432,89,5741,2006,"East TN",2455501,905.925104489878,0.212489349972435,769.130210087473,168.112332269464,854.693197029853,21.2489349972435
2020-12-16,152379,3218,138276,2256,14103,962,154318,2386,1208109,7895,1362427,10281,19,1761,651,21638,2548,128980,57,5798,2048,"East TN",2455501,929.260464565072,0.209303484074085,418.692560092625,131.052685378666,881.205098267115,20.9303484074085
2020-12-17,156448,4069,141647,3371,14801,698,157927,3609,1218809,10700,1376736,14309,58,1819,1450,23088,2561,131541,72,5870,2087,"East TN",2455501,969.741001938097,0.216114585515226,582.73240369277,165.709563954566,940.256183972232,21.6114585515226
2020-12-18,159655,3207,144383,2736,15272,471,160807,2880,1227499,8690,1388306,11570,43,1862,836,23924,2328,133869,57,5927,2115,"East TN",2455501,1019.46608859048,0.221230592741661,471.186939040139,130.604711625041,974.302189247734,22.1230592741661
2020-12-19,162294,2639,146624,2241,15670,398,163273,2466,1235863,8364,1399136,10830,27,1889,1286,25210,1326,135195,39,5966,2152,"East TN",2455501,994.135209067315,0.223638447156269,441.050522887183,107.472975983313,1026.67439353517,22.3638447156269
2020-12-20,165927,3633,149592,2968,16335,665,166591,3318,1249808,13945,1416399,17263,16,1905,2297,27507,1320,136515,52,6018,2186,"East TN",2455501,967.297508736506,0.222915133031865,703.033718984435,147.953513356337,1120.21945826941,22.2915133031865
2020-12-21,168241,2314,151334,1742,16907,572,168494,1903,1256724,6916,1425218,8819,14,1919,-1342,26165,3642,140157,35,6053,2221,"East TN",2455501,945.143170375414,0.222134017703734,359.15277574719,94.2373878080278,1065.56666032716,22.2134017703734
2020-12-22,170895,2654,153035,1701,17860,953,170295,1801,1261779,5055,1432074,6856,62,1981,-299,25866,2891,143048,57,6110,2265,"East TN",2455501,885.114687389661,0.229744269842859,279.209823168469,108.08384928371,1053.3899192059,22.9744269842859
2020-12-23,173114,2219,154480,1445,18634,774,171838,1543,1267557,5778,1439395,7321,41,2022,-558,25308,2736,145784,34,6144,2306,"East TN",2455501,844.43052558317,0.227627065793577,298.1468954808,90.3685235721753,1030.6654324311,22.7627065793577
2020-12-24,175205,2091,155937,1457,19268,634,173436,1598,1273848,6291,1447284,7889,15,2037,-586,24722,2662,148446,30,6174,2346,"East TN",2455501,763.876699704052,0.219836139933095,321.278631122529,85.1557380754477,1006.80064882889,21.9836139933095
2020-12-25,177573,2368,157917,1980,19656,388,175602,2166,1282396,8548,1457998,10714,3,2040,-305,24417,2670,151116,26,6200,2381,"East TN",2455501,729.708519768471,0.212291224243816,436.326436030773,96.4365316894597,994.379558387474,21.2291224243816
2020-12-26,179512,1939,159384,1467,20128,472,177215,1613,1288049,5653,1465264,7266,2,2042,423,24840,1514,152630,42,6242,2416,"East TN",2455501,701.201099083242,0.210833534962497,295.907026712675,78.9655552980838,1011.60618545869,21.0833534962497
2020-12-27,180808,1296,160294,910,20514,386,178205,990,1290842,2793,1469047,3783,27,2069,-183,24657,1452,154082,41,6283,2447,"East TN",2455501,606.027038881271,0.220597173681811,154.062246360315,52.7794531543665,1004.15353119384,22.0597173681811
2020-12-28,182204,1396,161271,977,20933,419,179224,1019,1292662,1820,1471886,2839,25,2094,-2429,22228,3800,157882,41,6324,2483,"East TN",2455501,568.641592896928,0.229922002228508,115.617953321949,56.8519418236849,905.232781416094,22.9922002228508
2020-12-29,185110,2906,162998,1727,22112,1179,181004,1780,1296751,4089,1477755,5869,50,2144,-111,22117,2967,160849,64,6388,2525,"East TN",2455501,578.904264343611,0.234430069394278,239.014360002297,118.346520730393,900.71231899315,23.4430069394278
2020-12-30,187437,2327,164614,1616,22823,711,182685,1681,1301231,4480,1483916,6161,40,2184,-550,21567,2837,163686,44,6432,2563,"East TN",2455501,583.302552106474,0.243637833831226,250.906026916707,94.7668113350392,878.313631311899,24.3637833831226
2020-12-31,190881,3444,167293,2679,23588,765,185580,2895,1308352,7121,1493932,10016,52,2236,597,22164,2795,166481,29,6461,2606,"East TN",2455501,638.403323802352,0.260332704510376,407.900465118931,140.256509771326,902.62638866773,26.0332704510376
2021-01-01,193121,2240,169009,1716,24112,524,187436,1856,1314553,6201,1501989,8057,24,2260,-446,21718,2662,169143,29,6490,2644,"East TN",2455501,633.190538305625,0.269009570139347,328.120412086983,91.2237461927322,884.46308920257,26.9009570139347
2021-01-02,195844,2723,171118,2109,24726,614,189687,2251,1321114,6561,1510801,8812,4,2264,1167,22885,1552,170695,62,6552,2679,"East TN",2455501,665.118849473081,0.273887168676022,358.867701540337,110.89386646554,931.989031973516,27.3887168676022
2021-01-03,197158,1314,172022,904,25136,410,190624,937,1324485,3371,1515109,4308,15,2279,-182,22703,1481,172176,23,6575,2721,"East TN",2455501,665.851897433558,0.269614866918501,175.442811874237,53.5125011148438,924.577102595356,26.9614866918501
2021-01-04,198715,1557,173147,1125,25568,432,191804,1180,1326850,2365,1518654,3545,46,2325,-1579,21124,3090,175266,33,6608,2768,"East TN",2455501,672.408604191161,0.268987341772152,144.369723327337,63.4086485812875,860.272506506819,26.8987341772152
2021-01-05,201618,2903,174885,1738,26733,1165,193633,1829,1332123,5273,1525756,7102,43,2368,-441,20683,3301,178567,58,6666,2811,"East TN",2455501,672.286429531081,0.263098685444053,289.228145294993,118.224346070313,842.312831475125,26.3098685444053
2021-01-06,204164,2546,176679,1794,27485,752,195536,1903,1337707,5584,1533243,7487,52,2420,65,20748,2429,180996,61,6727,2854,"East TN",2455501,681.205179716889,0.260526689237132,304.907226671869,103.685561520846,844.959949110182,26.0526689237132
2021-01-07,206676,2512,178818,2139,27858,373,197858,2322,1344816,7109,1542674,9431,33,2453,979,21727,1500,182496,44,6771,2886,"East TN",2455501,643.249585318841,0.251897747322638,384.076406403418,102.300915373278,884.829613182809,25.1897747322638
2021-01-08,209026,2350,180678,1860,28348,490,199849,1991,1352162,7346,1552011,9337,50,2503,1674,23401,626,183122,47,6818,2940,"East TN",2455501,647.729322855091,0.248150813641998,380.248267054259,95.7034837289824,953.003073507199,24.8150813641998
2021-01-09,211602,2576,182681,2003,28921,573,202028,2179,1360353,8191,1562381,10370,27,2530,755,24156,1794,184916,32,6850,2968,"East TN",2455501,641.742764511193,0.239259402869329,422.317075008318,104.907308121642,983.750362960553,23.9259402869329
2021-01-10,213270,1668,183815,1134,29455,534,203280,1252,1366158,5805,1569438,7057,36,2566,2,24158,1630,186546,41,6891,3007,"East TN",2455501,656.159374400581,0.232951094259051,287.395525393799,67.9291110042309,983.831812733939,23.2951094259051
2021-01-11,214695,1425,184829,1014,29866,411,204378,1098,1369431,3273,1573809,4371,28,2594,-2185,21973,3582,190128,40,6931,3046,"East TN",2455501,650.78368935708,0.227975704831838,178.008479735907,58.0329635377872,894.847935309332,22.7975704831838
2021-01-12,216514,1819,185966,1137,30548,682,205573,1195,1373635,4204,1579208,5399,60,2654,-2159,19814,3918,194046,39,6970,3083,"East TN",2455501,606.637912181669,0.223377983985632,219.8736632565,74.0785688949017,806.922904938748,22.3377983985632
2021-01-13,218043,1529,187044,1078,30999,451,206709,1136,1378373,4738,1585082,5874,49,2703,-1344,18470,2824,196870,32,7002,3108,"East TN",2455501,565.220702414701,0.215532707035244,239.217984435763,62.2683517538783,752.188657223109,21.5532707035244
2021-01-14,220294,2251,188825,1781,31469,470,208675,1966,1386898,8525,1595573,10491,38,2741,-199,18271,2412,199282,49,7051,3149,"East TN",2455501,554.59150698778,0.204484016711091,427.244786298193,91.6717199463572,744.084404771165,20.4484016711091
2021-01-15,221259,965,189496,671,31763,294,209369,694,1389956,3058,1599325,3752,23,2764,-366,17905,1308,200590,29,7080,3189,"East TN",2455501,498.18753891772,0.201208944498457,152.799774872826,39.2995156589226,729.179096241459,20.1208944498457
2021-01-16,223693,2434,191247,1751,32446,683,211372,2003,1400847,10891,1612219,12894,13,2777,358,18263,2063,202653,54,7134,3230,"East TN",2455501,492.404605007288,0.187487459368353,525.106689021914,99.1243742112099,743.758605677619,18.7487459368353
2021-01-17,224549,856,191853,606,32696,250,212044,672,1404466,3619,1616510,4291,13,2790,-830,17433,1673,204326,24,7158,3262,"East TN",2455501,459.335997012422,0.186182868796737,174.750488800453,34.8605030093655,709.956949722277,18.6182868796737
2021-01-18,225111,562,192172,319,32939,243,212398,354,1406550,2084,1618948,2438,13,2803,-2442,14991,2991,207317,21,7179,3293,"East TN",2455501,424.190419796205,0.177673408803917,99.2872737579826,22.8873863215694,610.506776417521,17.7673408803917
2021-01-19,226789,1678,193143,971,33646,707,213463,1065,1410758,4208,1624221,5273,21,2824,-1175,13816,2832,210149,51,7230,3331,"East TN",2455501,418.448210772466,0.175282696110013,214.742327533159,68.3363598711627,562.65503455303,17.5282696110013
2021-01-20,227773,984,193801,658,33972,326,214160,697,1414754,3996,1628914,4693,32,2856,-1005,12811,1957,212106,29,7259,3370,"East TN",2455501,396.25314752468,0.169989961671838,191.121893251113,40.073288506093,521.72652342638,16.9989961671838
2021-01-21,229339,1566,194943,1142,34396,424,215444,1284,1421688,6934,1637132,8218,65,2921,-770,12041,2271,214377,37,7296,3415,"East TN",2455501,368.356600139849,0.162876873842008,334.677118844586,63.7751725615261,490.368360672629,16.2876873842008
2021-01-22,230326,987,195650,707,34676,280,216263,819,1427133,5445,1643396,6264,32,2953,-734,11307,1689,216066,28,7324,3446,"East TN",2455501,369.252547647099,0.156429398016836,255.100690246105,40.1954631661726,460.476293839831,15.6429398016836
2021-01-23,231759,1433,196620,970,35139,463,217364,1101,1435415,8282,1652779,9383,19,2972,206,11513,1208,217274,40,7364,3469,"East TN",2455501,328.486936067222,0.147731755424063,382.121611842145,58.3587626313327,468.865620498627,14.7731755424063
2021-01-24,232384,625,197111,491,35273,134,217907,543,1438791,3376,1656698,3919,19,2991,-589,10924,1195,218469,19,7383,3495,"East TN",2455501,319.079487241097,0.145889320195083,159.600830950588,25.45305418324,444.878662236342,14.5889320195083
2021-01-25,233125,741,197623,512,35502,229,218456,549,1440548,1757,1659004,2306,44,3035,-1156,9768,1853,220322,20,7403,3525,"East TN",2455501,326.369241959177,0.151238266427002,93.9115887144823,30.1771410396493,397.800693219021,15.1238266427002
2021-01-26,234157,1032,198351,728,35806,304,219240,784,1445014,4466,1664254,5250,63,3098,-918,8850,1887,222209,25,7428,3547,"East TN",2455501,300.06096515538,0.144305947593236,213.805655139216,42.0280830673659,360.415247234678,14.4305947593236
2021-01-27,235110,953,199055,704,36055,249,219995,755,1449536,4522,1669531,5277,55,3153,-384,8466,1282,223491,27,7455,3569,"East TN",2455501,298.798493667891,0.143659059014698,214.905227079932,38.8108170186043,344.776890744496,14.3659059014698
2021-01-28,236436,1326,199769,714,36667,612,220791,796,1453968,4432,1674759,5228,46,3199,-182,8284,1462,224953,28,7483,3596,"East TN",2455501,289.024520861527,0.142105403035055,212.909707631966,54.001199755162,337.364961366336,14.2105403035055
2021-01-29,237028,592,200120,351,36908,241,221188,397,1456635,2667,1677823,3064,17,3216,-681,7603,1256,226209,16,7499,3615,"East TN",2455501,272.938190617719,0.143056322072792,124.781052827916,24.1091329223649,309.631313528278,14.3056322072792
2021-01-30,238182,1154,201086,966,37096,188,222287,1099,1465686,9051,1687973,10150,44,3260,239,7842,871,227080,27,7526,3634,"East TN",2455501,261.575947230321,0.139881798033756,413.357599935818,46.9965192439343,319.364561447949,13.9881798033756
2021-01-31,238863,681,201528,442,37335,239,222778,491,1469613,3927,1692391,4418,29,3289,-85,7757,737,227817,30,7556,3655,"East TN",2455501,263.856540885139,0.136469335724092,179.922549410487,27.7336478380583,315.902946079028,13.6469335724092
2021-02-01,239555,692,201934,406,37621,286,223219,441,1471309,1696,1694528,2137,39,3328,-546,7211,1199,229016,11,7567,3681,"East TN",2455501,261.861021437173,0.134078369552978,87.0290828633342,28.1816215916833,293.66715794455,13.4078369552978
2021-02-02,240091,536,202283,349,37808,187,223582,363,1472368,1059,1695950,1422,57,3385,-839,6372,1318,230334,11,7578,3696,"East TN",2455501,241.661477637354,0.136988894497728,57.9107888777077,21.8285392675466,259.498978008968,13.6988894497728
2021-02-03,241202,1111,203041,758,38161,353,224410,828,1478372,6004,1702782,6832,46,3431,37,6409,1028,231362,39,7617,3708,"East TN",2455501,248.096009734877,0.132777961565066,278.232425887833,45.2453491161274,261.005798816616,13.2777961565066
2021-02-04,242296,1094,203819,778,38477,316,225276,866,1486087,7715,1711363,8581,58,3489,-3,6406,1039,232401,35,7652,3727,"East TN",2455501,238.647836022058,0.122527592612829,349.460252714212,44.5530260423433,260.883624156537,12.2527592612829
2021-02-05,243113,817,204378,559,38735,258,225882,606,1489893,3806,1715775,4412,67,3556,-153,6253,903,233304,28,7680,3740,"East TN",2455501,247.810935528025,0.123682546374368,179.678200090328,33.2722324283313,254.65271649248,12.3682546374368
2021-02-06,244346,1233,205200,822,39146,411,226843,961,1498548,8655,1725391,9616,27,3583,502,6755,704,234008,22,7702,3770,"East TN",2455501,251.028201576786,0.121759580950345,391.610510441657,50.2137852926959,275.096609612458,12.1759580950345
2021-02-07,244863,517,205553,353,39310,164,227249,406,1501632,3084,1728881,3490,2,3585,-118,6637,633,234641,9,7711,3784,"East TN",2455501,244.349320159104,0.122526719649219,142.129854559212,21.0547664203761,270.291072982662,12.2526719649219
2021-02-08,245374,511,205852,299,39522,212,227569,320,1502995,1363,1730564,1683,32,3617,-628,6009,1107,235748,9,7720,3799,"East TN",2455501,236.978115667638,0.120712620712621,68.5399843046287,20.810417100217,244.715844139343,12.0712620712621
2021-02-09,246402,1028,206483,631,39919,397,228237,668,1507229,4234,1735466,4902,16,3633,-55,5954,1067,236815,37,7757,3810,"East TN",2455501,257.014759920684,0.117800384654317,199.633394569988,41.8651835205931,242.475975371218,11.7800384654317
2021-02-10,247250,848,207066,583,40184,265,228874,637,1513216,5987,1742090,6624,39,3672,-30,5924,839,237654,28,7785,3823,"East TN",2455501,246.304114720377,0.113564668769716,269.761649455651,34.53470391582,241.254228770422,11.3564668769716
2021-02-11,248118,868,207649,583,40469,285,229525,651,1518790,5574,1748315,6225,37,3709,-99,5825,930,238584,31,7816,3841,"East TN",2455501,237.100290327717,0.114987010175363,253.51241966507,35.3492016496837,237.222464987797,11.4987010175363
2021-02-12,248950,832,208242,593,40708,239,230174,649,1524303,5513,1754477,6162,34,3743,57,5882,741,239325,11,7827,3850,"East TN",2455501,237.711163628115,0.110898661567878,250.9467518034,33.8831057287291,239.543783529308,11.0898661567878
2021-02-13,249544,594,208615,373,40929,221,230608,434,1528731,4428,1759339,4862,12,3755,-22,5860,604,239929,17,7844,3862,"East TN",2455501,211.68796103117,0.11090491339696,198.004399102261,24.1905826957513,238.647836022058,11.090491339696
2021-02-14,250085,541,209030,415,41055,126,231061,453,1531699,2968,1762760,3421,15,3770,-48,5812,574,240503,14,7858,3875,"East TN",2455501,212.665358311807,0.112518079046017,139.319837377382,22.0321637010125,236.693041460785,11.2518079046017
2021-02-15,250460,375,209239,209,41221,166,231289,228,1533023,1324,1764312,1552,5,3775,-575,5237,945,241448,9,7867,3885,"East TN",2455501,207.126773721534,0.110228754296551,63.2050241478216,15.271832509944,213.276231612205,11.0228754296551
2021-02-16,251226,766,209667,428,41559,338,231761,472,1536432,3409,1768193,3881,8,3783,-43,5194,801,242249,21,7888,3895,"East TN",2455501,196.45685340792,0.10767867510007,158.053285256247,31.1952632069789,211.525061484398,10.767867510007
2021-02-17,251847,621,210085,418,41762,203,232212,451,1539686,3254,1771898,3705,11,3794,-94,5100,704,242953,11,7899,3911,"East TN",2455501,187.212304128567,0.111983360171766,150.885705198247,25.2901546364673,207.696922135238,11.1983360171766
2021-02-18,252641,794,210637,552,42004,242,232818,606,1545406,5720,1778224,6326,42,3836,25,5125,727,243680,20,7919,3927,"East TN",2455501,184.198662513271,0.110100638603765,257.625633221082,32.3355600343881,208.715044302568,11.0100638603765
2021-02-19,253120,479,210941,304,42179,175,233163,345,1548114,2708,1781277,3053,5,3841,-222,4903,696,244376,11,7930,3936,"East TN",2455501,169.822777510577,0.111529850746269,124.333079074291,19.5072207260351,199.674119456681,11.1529850746269
2021-02-20,253742,622,211388,447,42354,175,233668,505,1553341,5227,1787009,5732,18,3859,73,4976,531,244907,18,7948,3946,"East TN",2455501,170.963074337986,0.110589085652331,233.435050525331,25.3308795231604,202.647036185284,11.0589085652331
2021-02-21,254090,348,211615,227,42475,121,233931,263,1555475,2134,1789406,2397,7,3866,-82,4894,423,245330,11,7959,3962,"East TN",2455501,163.103171206202,0.107708474067402,97.617553403562,14.172260569228,199.307595476443,10.7708474067402
2021-02-22,254448,358,211811,196,42637,162,234159,228,1556858,1383,1791017,1611,7,3873,-482,4412,833,246163,22,7981,3977,"East TN",2455501,162.410848132418,0.107470511140236,65.6077924627194,14.5795094361599,179.678200090328,10.7470511140236
2021-02-23,255091,643,212159,348,42932,295,234527,368,1559804,2946,1794331,3314,26,3899,-144,4268,761,246924,27,8008,3982,"East TN",2455501,157.401687069156,0.105822939781162,134.962274501212,26.1861021437173,173.813816406509,10.5822939781162
2021-02-24,255832,741,212708,549,43124,192,235137,610,1566006,6202,1801143,6812,19,3918,55,4323,667,247591,20,8028,3988,"East TN",2455501,162.288673472338,0.100017096939648,277.417928153969,30.1771410396493,176.053685174634,10.0017096939648
2021-02-25,256467,635,213153,445,43314,190,235632,495,1570774,4768,1806406,5263,21,3939,-96,4227,710,248301,16,8044,3997,"East TN",2455501,155.813416488122,0.0998509687034277,214.335078666227,25.8603030501718,172.144096052089,9.98509687034277
2021-02-26,256929,462,213477,324,43452,138,236000,368,1573896,3122,1809896,3490,14,3953,-184,4043,632,248933,11,8055,4001,"East TN",2455501,155.121093414338,0.0991299486355219,142.129854559212,18.814897652251,164.650716900543,9.91299486355219
2021-02-27,257368,439,213702,225,43666,214,236274,274,1577992,4096,1814266,4370,7,3960,12,4055,420,249353,15,8070,4007,"East TN",2455501,147.668439149485,0.0956084675496203,177.967754849214,17.8782252583078,165.139415540861,9.56084675496203
2021-02-28,257734,366,213976,274,43758,92,236587,313,1580552,2560,1817139,2873,5,3965,-54,4001,415,249768,10,8080,4013,"East TN",2455501,148.401487109962,0.0957703818555511,117.002599469518,14.9053085297053,162.940271659429,9.57703818555511
2021-03-01,257978,244,214124,148,43854,96,236743,156,1581331,779,1818074,935,4,3969,-412,3589,652,250420,11,8091,4017,"East TN",2455501,143.75885002694,0.0955020881842037,38.077769058127,9.9368723531369,146.161618341837,9.55020881842037
2021-03-02,258598,620,214514,390,44084,230,237190,447,1584788,3457,1821978,3904,7,3976,3,3592,610,251030,23,8114,4022,"East TN",2455501,142.822177632996,0.0963214815350671,158.98995765019,25.2494297497741,146.283793001917,9.63214815350671
2021-03-03,259081,483,214817,303,44264,180,237545,355,1588960,4172,1826505,4527,7,3983,-146,3446,622,251652,16,8130,4025,"East TN",2455501,132.315156866155,0.0949451935967195,184.361562060044,19.6701202728079,140.337959544712,9.49451935967195
2021-03-04,259692,611,215230,413,44462,198,238017,472,1593782,4822,1831799,5294,18,4001,51,3497,542,252194,16,8146,4030,"East TN",2455501,131.337759585518,0.093923522230536,215.597550153716,24.8829057695354,142.414928766064,9.3923522230536
2021-03-05,260162,470,215541,311,44621,159,238371,354,1597465,3683,1835836,4037,15,4016,-64,3433,519,252713,15,8161,4034,"East TN",2455501,131.663558679064,0.0914032382420971,164.406367580384,19.1406967457965,139.808536017701,9.14032382420971
2021-03-06,260625,463,215864,323,44761,140,238743,372,1601741,4276,1840484,4648,1,4017,49,3482,413,253126,8,8169,4039,"East TN",2455501,132.6409559597,0.0941719429399649,189.289273349919,18.8556225389442,141.804055465667,9.41719429399649
2021-03-07,260880,255,216028,164,44852,91,238927,184,1603472,1731,1842399,1915,1,4018,-111,3371,365,253491,4,8173,4043,"East TN",2455501,128.120493536757,0.0926365795724466,77.9881580174473,10.3848461067619,137.283593042723,9.26365795724466
2021-03-08,261337,457,216319,291,45018,166,239239,312,1605054,1582,1844293,1894,3,4021,-126,3245,580,254071,9,8182,4051,"East TN",2455501,136.794894402405,0.0951981387543385,77.1329353968905,18.6112732187851,132.152257319382,9.51981387543385
2021-03-09,261876,539,216601,282,45275,257,239558,319,1607630,2576,1847188,2895,6,4027,25,3270,508,254579,17,8199,4062,"East TN",2455501,133.496178580257,0.0939309797699326,117.898546976768,21.9507139276262,133.170379486712,9.39309797699326
2021-03-10,262525,649,217064,463,45461,186,240065,507,1613101,5471,1853166,5978,7,4034,174,3444,468,255047,24,8223,4070,"East TN",2455501,140.256509771326,0.0945200855181726,243.453372651854,26.4304514638764,140.256509771326,9.45200855181726
2021-03-11,263059,534,217404,340,45655,194,240430,365,1616440,3339,1856870,3704,5,4039,88,3532,441,255488,8,8231,4077,"East TN",2455501,137.120693495951,0.0962466594870568,150.844980311554,21.7470894941603,143.840299800326,9.62466594870568
2021-03-12,263522,463,217772,368,45750,95,240846,416,1619789,3349,1860635,3765,5,4044,3,3535,455,255943,10,8241,4085,"East TN",2455501,136.835619289098,0.099802411387556,153.329198399838,18.8556225389442,143.962474460405,9.98024113875559
2021-03-13,263969,447,217988,216,45981,231,241126,280,1623429,3640,1864555,3920,2,4046,42,3577,403,256346,20,8261,4091,"East TN",2455501,136.184021102007,0.0989987952307756,159.641555837281,18.2040243518532,145.672919701519,9.89987952307756
2021-03-14,264231,262,218164,176,46067,86,241337,211,1625271,1842,1866608,2053,0,4046,-50,3527,312,256658,10,8271,4096,"East TN",2455501,136.46909530886,0.0995497542236358,83.6081923811067,10.6699203136142,143.63667536686,9.95497542236358
2021-03-15,264588,357,218348,184,46240,173,241554,217,1626467,1196,1868021,1413,4,4050,-167,3360,520,257178,15,8286,4100,"East TN",2455501,132.396606639541,0.0975640593391773,57.544264897469,14.5387845494667,136.835619289098,9.75640593391774
2021-03-16,265288,700,218799,451,46489,249,242050,496,1629735,3268,1871785,3764,4,4054,193,3553,503,257681,35,8321,4101,"East TN",2455501,138.953313397144,0.101313168272554,153.288473513145,28.5074206852288,144.695522420883,10.1313168272554
2021-03-17,265714,426,219130,331,46584,95,242414,364,1633457,3722,1875871,4086,1,4055,-30,3523,455,258136,15,8336,4109,"East TN",2455501,129.871663664564,0.103457388240476,166.40188702835,17.3488017312964,143.473775820087,10.3457388240476
2021-03-18,266264,550,219479,349,46785,201,242799,385,1636748,3291,1879547,3676,6,4061,97,3620,447,258583,31,8367,4115,"East TN",2455501,130.523261851655,0.104467081183578,149.704683484144,22.3986876812512,147.424089829326,10.4467081183578
2021-03-19,267057,793,220010,531,47047,262,243362,563,1641794,5046,1885156,5609,15,4076,336,3956,442,259025,25,8392,4119,"East TN",2455501,143.962474460405,0.102605929611354,228.425889462069,32.2948351476949,161.107651758236,10.2605929611354
2021-03-20,267330,273,220176,166,47154,107,243556,194,1643915,2121,1887471,2315,1,4077,-42,3914,314,259339,15,8407,4120,"East TN",2455501,136.876344175791,0.106039448420318,94.278112694721,11.1178940672392,159.397206517122,10.6039448420318
2021-03-21,267611,281,220372,196,47239,85,243781,225,1645715,1800,1889496,2025,-7,4070,-32,3882,320,259659,8,8415,4126,"East TN",2455501,137.650117022962,0.106780845858092,82.4678955536976,11.4436931607847,158.09401014294,10.6780845858092
2021-03-22,268136,525,220711,339,47425,186,244137,356,1647804,2089,1891941,2445,14,4084,-10,3872,521,260180,19,8434,4132,"East TN",2455501,144.491897987417,0.107984949832776,99.5723479648349,21.3805655139216,157.686761276008,10.7984949832776
2021-03-23,268573,437,220959,248,47614,189,244404,267,1650260,2456,1894664,2723,11,4095,-73,3799,499,260679,16,8450,4137,"East TN",2455501,133.781252787109,0.102889112286376,110.89386646554,17.7967754849214,154.713844547406,10.2889112286376
2021-03-24,269170,597,221415,456,47755,141,244897,493,1654958,4698,1899855,5191,4,4099,84,3883,509,261188,24,8474,4141,"East TN",2455501,140.745208411644,0.103527351567712,211.402886824318,24.3127573558308,158.134735029633,10.3527351567712
2021-03-25,269570,400,221722,307,47848,93,245230,333,1657926,2968,1903156,3301,8,4107,-66,3817,458,261646,23,8497,4143,"East TN",2455501,134.636475407666,0.102969206658478,134.4328509742,16.2899546772736,155.446892507883,10.2969206658478
2021-03-26,269980,410,222044,322,47936,88,245576,346,1660559,2633,1906135,2979,7,4114,-64,3753,467,262113,12,8509,4148,"East TN",2455501,119.038843804177,0.105534105534106,121.319437458995,16.6972035442054,152.84049975952,10.5534105534106
2021-03-27,270183,203,222224,180,47959,23,245786,210,1663071,2512,1908857,2722,2,4116,-165,3588,366,262479,11,8520,4153,"East TN",2455501,116.188101735654,0.104273823997007,110.853141578847,8.26715199871635,146.120893455144,10.4273823997007
2021-03-28,270499,316,222443,219,48056,97,246031,245,1665143,2072,1911174,2317,5,4121,-67,3521,378,262857,17,8537,4159,"East TN",2455501,117.613472769915,0.103791862717963,94.3595624681073,12.8690641950461,143.392326046701,10.3791862717963
2021-03-29,270938,439,222680,237,48258,202,246286,255,1666999,1856,1913285,2111,18,4139,-96,3425,517,263374,17,8554,4162,"East TN",2455501,114.111132514302,0.100684032983508,85.9702358093114,17.8782252583078,139.482736924155,10.0684032983508
2021-03-30,271313,375,222938,258,48375,117,246608,322,1669475,2476,1916083,2798,5,4144,-144,3281,514,263888,19,8573,4166,"East TN",2455501,111.586189539324,0.102899295018442,113.948232967529,15.271832509944,133.618353240337,10.2899295018442
2021-03-31,271974,661,223380,442,48594,219,247096,488,1674291,4816,1921387,5304,4,4148,167,3448,490,264378,17,8590,4169,"East TN",2455501,114.192582287688,0.102127066691436,216.004799020648,26.9191501041946,140.419409318098,10.2127066691436
2021-04-01,272421,447,223698,318,48723,129,247446,350,1677119,2828,1924565,3178,1,4149,-89,3359,535,264913,13,8603,4170,"East TN",2455501,116.106651962268,0.103507870521743,129.423689910939,18.2040243518532,136.794894402405,10.3507870521743
2021-04-02,272772,351,223933,235,48839,116,247698,252,1680142,3023,1927840,3275,0,4149,-81,3278,432,265345,9,8612,4174,"East TN",2455501,113.70388364737,0.0977654918221608,133.374003920178,14.2944352293076,133.496178580257,9.77654918221608
2021-04-03,273116,344,224184,251,48932,93,247973,275,1682493,2351,1930466,2626,0,4149,-53,3225,397,265742,12,8624,4180,"East TN",2455501,119.446092671109,0.101207830070804,106.943552456301,14.0093610224553,131.337759585518,10.1207830070804
2021-04-04,273287,171,224307,123,48980,48,248114,141,1684088,1595,1932202,1736,6,4155,-179,3046,344,266086,6,8630,4183,"East TN",2455501,113.540984100597,0.0990583983260415,70.6984032993674,6.96395562453446,124.048004867438,9.90583983260415
2021-04-05,273695,408,224543,236,49152,172,248337,223,1685307,1219,1933644,1442,6,4161,-92,2954,494,266580,37,8667,4186,"East TN",2455501,112.278512613108,0.100741686723316,58.7252866115713,16.6157537708191,120.301315291666,10.0741686723316
2021-04-06,274126,431,224792,249,49334,182,248615,278,1687395,2088,1936010,2366,3,4164,-7,2947,435,267015,22,8689,4187,"East TN",2455501,114.559106267927,0.100717619310483,96.3550819160733,17.5524261647623,120.016241084813,10.0717619310483
2021-04-07,274758,632,225254,462,49504,170,249123,508,1692087,4692,1941210,5200,5,4169,207,3154,420,267435,21,8710,4187,"East TN",2455501,113.378084553824,0.10225495636382,211.769410804557,25.7381283900923,128.446292630302,10.225495636382
2021-04-08,275163,405,225509,255,49654,150,249412,289,1695100,3013,1944512,3302,-1,4168,42,3196,364,267799,16,8726,4190,"East TN",2455501,111.667639312711,0.0985611871459367,134.473575860894,16.4935791107395,130.156737871416,9.85611871459367
2021-04-09,275681,518,225915,406,49766,112,249862,450,1698976,3876,1948838,4326,4,4172,109,3305,405,268204,27,8753,4191,"East TN",2455501,118.468695390472,0.103057434041337,176.175859834714,21.0954913070693,134.595750520973,10.3057434041337
2021-04-10,275985,304,226130,215,49855,89,250109,247,1701757,2781,1951866,3028,1,4173,-15,3290,318,268522,14,8767,4195,"East TN",2455501,116.839699922745,0.0998130841121495,123.314956906961,12.3803655547279,133.984877220575,9.98130841121495
2021-04-11,276222,237,226293,163,49929,74,250283,174,1703470,1713,1953753,1887,2,4175,-87,3203,322,268844,9,8776,4198,"East TN",2455501,119.527542444495,0.100644981671384,76.8478611900382,9.65179814628461,130.441812078268,10.0644981671384
2021-04-12,276685,463,226613,320,50072,143,250613,330,1705233,1763,1955846,2093,3,4178,12,3215,448,269292,15,8791,4205,"East TN",2455501,121.76741121262,0.102513287091253,85.2371878488341,18.8556225389442,130.930510718587,10.2513287091253
2021-04-13,277064,379,226853,240,50211,139,250863,250,1707291,2058,1958154,2308,3,4181,-58,3157,434,269726,14,8805,4207,"East TN",2455501,119.649717104575,0.101517341040462,93.9930384878687,15.4347320567167,128.568467290382,10.1517341040462
2021-04-14,277746,682,227357,504,50389,178,251420,557,1712112,4821,1963532,5378,0,4181,270,3427,412,270138,25,8830,4208,"East TN",2455501,121.685961439234,0.102902965684078,219.018440635944,27.7743727247515,139.564186697542,10.2902965684078
2021-04-15,278285,539,227723,366,50562,173,251800,380,1715257,3145,1967057,3525,2,4183,112,3539,425,270563,23,8853,4212,"East TN",2455501,127.14309625612,0.105921490352628,143.555225593474,21.9507139276262,144.125374007178,10.5921490352628
2021-04-16,279263,978,228618,895,50645,83,252905,1105,1722741,7484,1975646,8589,3,4186,633,4172,342,270905,32,8885,4213,"East TN",2455501,145.876544134985,0.113510892270964,349.786051807757,39.8289391859339,169.904227283964,11.3510892270964
2021-04-17,279465,202,228765,147,50700,55,253078,173,1724972,2231,1978050,2404,0,4186,-90,4082,292,271197,10,8895,4214,"East TN",2455501,141.72260569228,0.113389856400855,97.9026276104143,8.22642711202317,166.238987481577,11.3389856400855
2021-04-18,279683,218,228952,187,50731,31,253281,203,1726775,1803,1980056,2006,6,4192,-122,3960,334,271531,7,8902,4219,"East TN",2455501,140.94883284511,0.113979393985477,81.6941227065271,8.87802529911411,161.270551305009,11.3979393985477
2021-04-19,280011,328,229147,195,50864,133,253491,210,1728224,1449,1981715,1659,8,4200,-216,3744,536,272067,14,8916,4221,"East TN",2455501,135.45097314153,0.111252850902625,67.5625870239923,13.3577628353644,152.473975779281,11.1252850902625
2021-04-20,280364,353,229424,277,50940,76,253772,281,1730672,2448,1984444,2729,4,4204,-112,3632,461,272528,20,8936,4224,"East TN",2455501,134.392126087507,0.11065043742868,111.138215785699,14.375885002694,147.912788469644,11.065043742868
2021-04-21,280874,510,229751,327,51123,183,254110,338,1734453,3781,1988563,4119,4,4208,25,3657,481,273009,12,8948,4229,"East TN",2455501,127.38744557628,0.107466741240861,167.745808289225,20.7696922135238,148.930910636974,10.7466741240861
2021-04-22,281518,644,230151,400,51367,244,254561,451,1738705,4252,1993266,4703,3,4211,193,3850,448,273457,21,8969,4231,"East TN",2455501,131.663558679064,0.105345492006563,191.529142118044,26.2268270304105,156.790813768758,10.5345492006563
2021-04-23,281904,386,230428,277,51476,109,254869,308,1741908,3203,1996777,3511,0,4211,-8,3842,394,273851,10,8979,4232,"East TN",2455501,107.554425756699,0.0929440159008092,142.985077179769,15.719806263569,156.465014675213,9.29440159008092
2021-04-24,282165,261,230617,189,51548,72,255078,209,1744906,2998,1999984,3207,0,4211,-130,3712,391,274242,19,8998,4236,"East TN",2455501,109.957194071597,0.0911826388255676,130.604711625041,10.629195426921,151.170779405099,9.11826388255676
2021-04-25,282365,200,230765,148,51600,52,255237,159,1746557,1651,2001794,1810,4,4215,-114,3598,310,274552,17,9015,4239,"East TN",2455501,109.224146111119,0.0899806789953078,73.712044914663,8.1449773386368,146.528142322076,8.99806789953078
2021-04-26,282753,388,231008,243,51745,145,255489,252,1748529,1972,2004018,2224,6,4221,-141,3457,523,275075,16,9031,4243,"East TN",2455501,111.667639312711,0.0895843608483164,90.5721480056412,15.8012560369554,140.785933298337,8.95843608483164
2021-04-27,283142,389,231211,203,51931,186,255707,218,1750893,2364,2006600,2582,3,4224,-54,3403,440,275515,23,9054,4246,"East TN",2455501,113.133735233665,0.0873352590720347,105.151657441801,15.8419809236486,138.586789416905,8.73352590720347
2021-04-28,283630,488,231557,346,52073,142,256088,381,1755020,4127,2011108,4508,6,4230,9,3412,473,275988,22,9076,4251,"East TN",2455501,112.237787726415,0.0877356398314482,183.587789212873,19.8737447062738,138.953313397144,8.77356398314482
2021-04-29,284022,392,231836,279,52186,113,256391,303,1757952,2932,2014343,3235,1,4231,18,3430,373,276361,20,9096,4253,"East TN",2455501,101.975116279733,0.0868245006405086,131.74500845245,15.9641555837281,139.686361357621,8.68245006405086
2021-04-30,284391,369,232063,227,52328,142,256631,240,1761219,3267,2017850,3507,0,4231,-4,3426,373,276734,15,9111,4256,"East TN",2455501,101.282793205949,0.083614103355004,142.822177632996,15.0274831897849,139.523461810848,8.3614103355004
2021-05-01,284626,235,232245,182,52381,53,256820,189,1763710,2491,2020530,2680,-1,4230,-31,3395,267,277001,15,9126,4256,"East TN",2455501,100.223946151926,0.0847853596807164,109.142696337733,9.57034837289824,138.26099032336,8.47853596807165
2021-05-02,284801,175,232373,128,52428,47,256953,133,1765186,1476,2022139,1609,1,4231,-77,3318,251,277252,11,9137,4260,"East TN",2455501,99.2058239845962,0.0843450479233227,65.526342689333,7.1268551713072,135.125174047985,8.43450479233227
2021-05-03,285012,211,232487,114,52525,97,257079,126,1766670,1484,2023749,1610,5,4236,-225,3093,431,277683,16,9153,4262,"East TN",2455501,91.9975190399027,0.0805838528204348,65.5670675760262,8.59295109226182,125.962074542018,8.05838528204348
2021-05-04,285332,320,232707,220,52625,100,257324,245,1769070,2400,2026394,2645,7,4243,-81,3012,394,278077,12,9165,4268,"East TN",2455501,89.1875018580729,0.0816914216429221,107.717325303472,13.0319637418189,122.66335871987,8.16914216429221
2021-05-05,285798,466,233000,293,52798,173,257635,311,1773219,4149,2030854,4460,5,4248,128,3140,333,278410,22,9187,4273,"East TN",2455501,88.2915543508229,0.0783449812620278,181.632994651601,18.9777971990237,127.876144216598,7.83449812620278
2021-05-06,286085,287,233196,196,52889,91,257866,231,1775657,2438,2033523,2669,4,4252,-100,3040,383,278793,10,9197,4278,"East TN",2455501,84.0154412480386,0.076903023983316,108.694722584108,11.6880424809438,123.803655547279,7.6903023983316
2021-05-07,286451,366,233443,247,53008,119,258135,269,1779106,3449,2037241,3718,0,4252,18,3058,348,279141,15,9212,4279,"East TN",2455501,83.893266587959,0.0775617554535609,151.415128725258,14.9053085297053,124.536703507757,7.75617554535609
2021-05-08,286622,171,233546,103,53076,68,258249,114,1781001,1895,2039250,2009,0,4252,-97,2961,268,279409,7,9219,4281,"East TN",2455501,81.2868738395953,0.0763354700854701,81.8162973666066,6.96395562453446,120.586389498518,7.63354700854701
2021-05-09,286768,146,233661,115,53107,31,258381,132,1782712,1711,2041093,1843,4,4256,-161,2800,303,279712,11,9230,4283,"East TN",2455501,80.1058521254929,0.0753402975625198,75.0559661755381,5.94583345720486,114.029682740915,7.53402975625198
2021-05-10,287004,236,233797,136,53207,100,258526,145,1784228,1516,2042754,1661,7,4263,-200,2600,429,280141,19,9249,4284,"East TN",2455501,81.1239742928225,0.0761378584583004,67.6440367973786,9.61107325959142,105.884705402278,7.61378584583004
2021-05-11,287320,316,234025,228,53295,88,258770,244,1786907,2679,2045677,2923,1,4264,-56,2544,371,280512,19,9268,4286,"East TN",2455501,80.9610747460498,0.0749883316911269,119.038843804177,12.8690641950461,103.60411174746,7.49883316911269
2021-05-12,287624,304,234242,217,53382,87,259021,251,1790972,4065,2049993,4316,3,4267,-54,2490,355,280867,15,9283,4288,"East TN",2455501,74.363643101754,0.0724175766758974,175.768610967782,12.3803655547279,101.404967866028,7.24175766758974
2021-05-13,287834,210,234378,136,53456,74,259166,145,1793705,2733,2052871,2878,1,4268,-134,2356,343,281210,9,9292,4290,"East TN",2455501,71.2278268263788,0.067190407277238,117.206223902984,8.55222620556864,95.9478330491415,6.7190407277238
2021-05-14,288137,303,234597,219,53540,84,259414,248,1796391,2686,2055805,2934,1,4269,34,2390,268,281478,19,9311,4293,"East TN",2455501,68.6621589647082,0.0688967894850248,119.486817557802,12.3396406680348,97.3324791967098,6.88967894850248
2021-05-15,288245,108,234678,81,53567,27,259516,102,1798379,1988,2057895,2090,0,4269,-157,2233,265,281743,5,9316,4296,"East TN",2455501,66.0964911030376,0.0679538750335211,85.1150131887546,4.39828776286387,90.9386719858799,6.79538750335211
2021-05-16,288345,100,234752,74,53593,26,259601,85,1799828,1449,2059429,1534,3,4272,-122,2111,219,281962,4,9320,4299,"East TN",2455501,64.2231463151512,0.0665357766143106,62.4719761873443,4.0724886693184,85.9702358093114,6.65357766143106
2021-05-17,288547,202,234854,102,53693,100,259711,110,1801397,1569,2061108,1679,6,4278,-114,1997,310,282272,11,9331,4303,"East TN",2455501,62.8385001675829,0.064563582870219,68.3770847578559,8.22642711202317,81.3275987262884,6.4563582870219
2021-05-18,288760,213,234989,135,53771,78,259857,146,1803635,2238,2063492,2384,8,4286,-103,1894,308,282580,20,9351,4306,"East TN",2455501,58.643836838185,0.0610159977547011,97.0881298765507,8.67440086564819,77.1329353968905,6.10159977547011
2021-05-19,288977,217,235153,164,53824,53,260024,167,1806905,3270,2066929,3437,1,4287,-54,1840,270,282850,19,9370,4308,"East TN",2455501,55.100771695878,0.0592229570146434,139.971435564473,8.83730041242093,74.9337915154586,5.92229570146434
2021-05-20,289156,179,235285,132,53871,47,260180,156,1821074,14169,2081254,14325,3,4290,-90,1750,266,283116,7,9377,4310,"East TN",2455501,53.8383002083892,0.0357256104005919,583.384001879861,7.28975471807994,71.268551713072,3.57256104005919
2021-05-21,289319,163,235392,107,53927,56,260301,121,1823352,2278,2083653,2399,0,4290,-60,1690,223,283339,9,9386,4312,"East TN",2455501,48.1368160713435,0.0318514794599253,97.6990031769484,6.63815653098899,68.8250585114809,3.18514794599253
2021-05-22,289390,71,235440,48,53950,23,260363,62,1824939,1587,2085302,1649,0,4290,-108,1582,179,283518,10,9396,4312,"East TN",2455501,46.6299952636957,0.0309045134454701,67.1553381570604,2.89146695521606,64.4267707486171,3.09045134454701
2021-05-23,289464,74,235491,51,53973,23,260424,61,1826004,1065,2086428,1126,3,4293,-129,1453,200,283718,5,9401,4314,"East TN",2455501,45.5711482096729,0.0304826104670543,45.8562224165252,3.01364161529562,59.1732603651963,3.04826104670543
2021-05-24,289624,160,235602,111,54022,49,260550,126,1827929,1925,2088479,2051,0,4293,-94,1359,254,283972,7,9408,4315,"East TN",2455501,43.8607029685592,0.0306528807862336,83.5267426077204,6.51598187090944,55.345121016037,3.06528807862336
2021-05-25,289767,143,235698,96,54069,47,260638,88,1829656,1727,2090294,1815,0,4293,-73,1286,216,284188,8,9416,4319,"East TN",2455501,41.0099609000363,0.0291396164465338,73.915669348129,5.82365879712531,52.3722042874346,2.91396164465338
2021-05-26,289952,185,235838,140,54114,45,260803,165,1832540,2884,2093343,3049,7,4300,-32,1254,210,284398,13,9429,4321,"East TN",2455501,39.7067645258544,0.0294919360944953,124.170179527518,7.53410403823904,51.0690079132527,2.94919360944953
2021-05-27,290076,124,235914,76,54162,48,260942,139,1835512,2972,2096454,3111,4,4304,-82,1172,202,284600,9,9438,4325,"East TN",2455501,37.4668957577293,0.0501315789473684,126.695122502495,5.04988594995482,47.7295672044116,5.01315789473684
2021-05-28,290193,117,236004,90,54189,27,261040,98,1837624,2112,2098664,2210,0,4304,-61,1111,178,284778,5,9443,4326,"East TN",2455501,35.5935509698428,0.0492305642528812,90.0019995919366,4.76481174310253,45.2453491161274,4.92305642528812
2021-05-29,290245,52,236036,32,54209,20,261077,37,1838701,1077,2099778,1114,0,4304,-88,1023,140,284918,7,9450,4328,"East TN",2455501,34.8197781226723,0.0493230174081238,45.367523776207,2.11769410804557,41.6615590871272,4.93230174081238
2021-05-30,290300,55,236076,40,54224,15,261123,46,1839787,1086,2100910,1132,0,4304,-67,956,122,285040,7,9457,4330,"East TN",2455501,34.0460052755018,0.0482668139759702,46.1005717366843,2.23986876812512,38.9329916786839,4.82668139759702
2021-05-31,290380,80,236142,66,54238,14,261194,71,1841214,1427,2102408,1498,6,4310,-97,859,171,285211,4,9461,4331,"East TN",2455501,30.7880143400471,0.0462344748366717,61.0058802663896,3.25799093545472,34.9826776694451,4.62344748366717
2021-06-01,290510,130,236235,93,54275,37,261288,94,1842529,1315,2103817,1409,3,4313,-37,822,164,285375,11,9472,4331,"East TN",2455501,30.2585908130357,0.048066257487244,57.3813653506963,5.29423527011392,33.4758568617972,4.8066257487244
2021-06-02,290629,119,236306,71,54323,48,261361,73,1844509,1980,2105870,2053,1,4314,-20,802,138,285513,9,9481,4335,"East TN",2455501,27.5707482912856,0.0445437854234853,83.6081923811067,4.8462615164889,32.6613591279336,4.45437854234853
2021-06-03,290717,88,236363,57,54354,31,261480,119,1847675,3166,2109155,3285,1,4315,-42,760,129,285642,6,9487,4338,"East TN",2455501,26.1046523703309,0.0423588693803637,133.781252787109,3.58379002900019,30.9509138868198,4.23588693803637
2021-06-04,290808,91,236422,59,54386,32,261558,78,1849826,2151,2111384,2229,1,4316,-32,728,122,285764,7,9494,4338,"East TN",2455501,25.0458053163082,0.0407232704402516,90.7757724391071,3.70596468907974,29.6477175126379,4.07232704402516
2021-06-05,290849,41,236448,26,54401,15,261588,30,1851209,1383,2112797,1413,-1,4315,-69,659,111,285875,2,9496,4340,"East TN",2455501,24.5978315626831,0.0392503264459636,57.544264897469,1.66972035442054,26.8377003308083,3.92503264459636
2021-06-06,290875,26,236464,16,54411,10,261607,19,1852125,916,2113732,935,-1,4314,-57,602,84,285959,2,9498,4340,"East TN",2455501,23.4168098485808,0.037747621275932,38.077769058127,1.05884705402278,24.5163817892968,3.7747621275932
2021-06-07,290948,73,236498,34,54450,39,261659,52,1853395,1270,2115054,1322,3,4317,-70,532,140,286099,10,9508,4341,"East TN",2455501,23.1317356417285,0.0367705203226317,53.8383002083892,2.97291672860243,21.6656397207739,3.67705203226317
2021-06-08,291034,86,236563,65,54471,21,261729,70,1854874,1479,2116603,1549,3,4320,-28,504,111,286210,4,9512,4344,"East TN",2455501,21.3398406272284,0.0344908493664946,63.082849487742,3.50234025561382,20.5253428933647,3.44908493664946
2021-06-09,291082,48,236600,37,54482,11,261783,54,1857605,2731,2119388,2785,0,4320,-64,440,112,286322,3,9515,4345,"East TN",2455501,18.4483736720124,0.0312176357449327,113.418809440517,1.95479456127283,17.918950145001,3.12176357449327
2021-06-10,291157,75,236657,57,54500,18,261849,66,1859390,1785,2121239,1851,4,4324,-23,417,94,286416,4,9519,4348,"East TN",2455501,17.918950145001,0.0305362462760675,75.3817652690836,3.0543665019888,16.9822777510577,3.05362462760675
2021-06-11,291227,70,236703,46,54524,24,261905,56,1860874,1484,2122779,1540,2,4326,-5,412,73,286489,4,9523,4349,"East TN",2455501,17.0637275244441,0.0304519526107942,62.7163255075034,2.85074206852288,16.7786533175918,3.04519526107942
2021-06-12,291256,29,236725,22,54531,7,261936,31,1862068,1194,2124004,1225,3,4329,-24,388,50,286539,1,9524,4352,"East TN",2455501,16.5750288841259,0.0310520210582672,49.8879861991504,1.18102171410234,15.8012560369554,3.10520210582672
2021-06-13,291274,18,236739,14,54535,4,261957,21,1862912,844,2124869,865,1,4330,-41,347,58,286597,1,9525,4352,"East TN",2455501,16.2492297905804,0.0314267756128221,35.2270269896042,0.733047960477312,14.1315356825348,3.14267756128221
2021-06-14,291327,53,236772,33,54555,20,261998,41,1864165,1253,2126163,1294,3,4333,-9,338,59,286656,3,9528,4352,"East TN",2455501,15.4347320567167,0.0305157980016203,52.6980033809801,2.15841899473875,13.7650117022962,3.05157980016203
2021-06-15,291415,88,236840,68,54575,20,262086,88,1866047,1882,2128133,1970,0,4333,-7,331,95,286751,4,9532,4353,"East TN",2455501,15.5161818301031,0.0309627059843885,80.2280267855725,3.58379002900019,13.4799374954439,3.09627059843885
2021-06-16,291482,67,236880,40,54602,27,262124,38,1867953,1906,2130077,1944,2,4335,-14,317,79,286830,7,9539,4355,"East TN",2455501,16.2899546772736,0.0319019552811301,79.1691797315497,2.72856740844333,12.9097890817393,3.19019552811301
2021-06-17,291534,52,236919,39,54615,13,262170,46,1870303,2350,2132473,2396,1,4336,-6,311,57,286887,1,9540,4359,"East TN",2455501,15.3532822833304,0.0285739718711056,97.5768285168689,2.11769410804557,12.6654397615802,2.85739718711056
2021-06-18,291597,63,236971,52,54626,11,262225,55,1872031,1728,2134256,1783,2,4338,1,312,60,286947,4,9544,4361,"East TN",2455501,15.0682080764781,0.0278818506578374,72.6124729739471,2.56566786167059,12.7061646482734,2.78818506578374
2021-06-19,291625,28,236988,17,54637,11,262243,18,1873183,1152,2135426,1170,0,4338,-16,296,44,286991,4,9548,4362,"East TN",2455501,15.0274831897849,0.0268779548240238,47.6481174310253,1.14029682740915,12.0545664611825,2.68779548240238
2021-06-20,291650,25,237009,21,54641,4,262260,17,1873937,754,2136197,771,3,4341,-13,283,35,287026,2,9550,4365,"East TN",2455501,15.3125573966372,0.0267478813559322,31.3988876404449,1.0181221673296,11.5251429341711,2.67478813559322
2021-06-21,291717,67,237049,40,54668,27,262312,52,1875208,1271,2137520,1323,6,4347,2,285,59,287085,2,9552,4366,"East TN",2455501,15.8827058103418,0.0276481465175663,53.8790250950824,2.72856740844333,11.6065927075574,2.76481465175663
2021-06-22,291810,93,237095,46,54715,47,262363,51,1876635,1427,2138998,1478,5,4352,36,321,52,287137,7,9559,4370,"East TN",2455501,16.0863302438077,0.0254947077772665,60.1913825325259,3.78741446246611,13.0726886285121,2.54947077772665
2021-06-23,291879,69,237142,47,54737,22,262418,55,1878422,1787,2140840,1842,2,4354,6,327,61,287198,5,9564,4374,"East TN",2455501,16.167780017194,0.0273158041438261,75.0152412888449,2.8100171818297,13.3170379486712,2.73158041438261
2021-06-24,291963,84,237193,51,54770,33,262480,62,1880266,1844,2142746,1906,3,4357,28,355,53,287251,5,9569,4375,"East TN",2455501,17.4709763913759,0.0301761900126545,77.6216340372087,3.42089048222746,14.4573347760803,3.01761900126545
2021-06-25,292042,79,237249,56,54793,23,262549,69,1882074,1808,2144623,1877,0,4357,32,387,47,287298,2,9571,4377,"East TN",2455501,18.1225745784669,0.0312530143725282,76.4406123231064,3.21726604876154,15.7605311502622,3.12530143725282
2021-06-26,292077,35,237267,18,54810,17,262570,21,1883258,1184,2145828,1205,0,4357,1,388,34,287332,2,9573,4379,"East TN",2455501,18.4076487853192,0.0314362622572582,49.0734884652867,1.42537103426144,15.8012560369554,3.14362622572582
2021-06-27,292106,29,237287,20,54819,9,262594,24,1883972,714,2146566,738,2,4359,-9,379,36,287368,3,9576,4381,"East TN",2455501,18.5705483320919,0.0322113993634873,30.0549663795698,1.18102171410234,15.4347320567167,3.22113993634873
2021-06-28,292150,44,237311,24,54839,20,262619,25,1884524,552,2147143,577,4,4363,-16,363,56,287424,3,9579,4381,"East TN",2455501,17.6338759381487,0.0319027330354359,23.4982596219672,1.7918950145001,14.7831338696258,3.19027330354359
2021-06-29,292281,131,237396,85,54885,46,262716,97,1886539,2015,2149255,2112,0,4363,79,442,52,287476,6,9585,4384,"East TN",2455501,19.1814216324897,0.0344155211075363,86.0109606960046,5.3349601568071,18.0003999183873,3.44155211075363
2021-06-30,292366,85,237459,63,54907,22,262791,75,1888183,1644,2150974,1719,3,4366,29,471,53,287529,3,9588,4384,"East TN",2455501,19.8330198195806,0.0368067890270377,70.0060802255833,3.46161536892064,19.1814216324897,3.68067890270377
2021-07-01,292472,106,237512,53,54960,53,262856,65,1890735,2552,2153591,2617,1,4367,57,528,48,287577,2,9590,4387,"East TN",2455501,20.7289673268307,0.0346703550023052,106.577028476063,4.3168379894775,21.5027401740012,3.46703550023052
2021-07-02,292554,82,237575,63,54979,19,262930,74,1892417,1682,2155347,1756,0,4367,30,558,52,287629,2,9592,4389,"East TN",2455501,20.8511419869102,0.0355277881387542,71.5129010332311,3.33944070884109,22.7244867747967,3.55277881387542
2021-07-03,292601,47,237610,35,54991,12,262970,40,1893505,1088,2156475,1128,1,4368,0,558,46,287675,3,9595,4392,"East TN",2455501,21.3398406272284,0.0375692683384991,45.9376721899116,1.91406967457965,22.7244867747967,3.75692683384991
2021-07-04,292628,27,237631,21,54997,6,262995,25,1894205,700,2157200,725,0,4368,-13,545,40,287715,1,9596,4393,"East TN",2455501,21.258390853842,0.0377092345307504,29.5255428525584,1.09957194071597,22.1950632477853,3.77092345307504
2021-07-05,292671,43,237654,23,55017,20,263020,25,1894687,482,2157707,507,0,4368,-30,515,73,287788,2,9598,4393,"East TN",2455501,21.2176659671489,0.0379591063990913,20.6475175534443,1.75117012780691,20.9733166469898,3.79591063990913
2021-07-06,292833,162,237757,103,55076,59,263133,113,1896012,1325,2159145,1438,5,4373,82,597,75,287863,6,9604,4393,"East TN",2455501,22.4801374546376,0.0421638018200202,58.5623870647986,6.59743164429581,24.3127573558308,4.21638018200202
2021-07-07,292975,142,237835,78,55140,64,263221,88,1897471,1459,2160692,1547,5,4378,80,677,57,287920,6,9610,4395,"East TN",2455501,24.8014559961491,0.0442477876106195,63.0013997143556,5.78293391043213,27.5707482912856,4.42477876106195
2021-07-08,293115,140,237937,102,55178,38,263338,117,1899326,1855,2162664,1972,2,4380,76,753,62,287982,3,9613,4397,"East TN",2455501,26.1861021437173,0.0531246555714758,80.3094765589588,5.70148413704576,30.6658396799676,5.31246555714758
2021-07-09,293279,164,238059,122,55220,42,263469,131,1901071,1745,2164540,1876,0,4380,100,853,64,288046,4,9617,4399,"East TN",2455501,29.5255428525584,0.0586315674970086,76.3998874364132,6.67888141768218,34.738328349286,5.86315674970086
2021-07-10,293383,104,238131,72,55252,32,263543,74,1902127,1056,2165670,1130,0,4380,56,909,48,288094,12,9629,4400,"East TN",2455501,31.8468613940699,0.0623164763458401,46.0191219632979,4.23538821609114,37.0189220041043,6.23164763458401
2021-07-11,293431,48,238166,35,55265,13,263586,43,1902882,755,2166468,798,2,4382,4,913,42,288136,7,9636,4400,"East TN",2455501,32.7020840146267,0.0637678031937851,32.4984595811608,1.95479456127283,37.181821550877,6.37678031937851
2021-07-12,293604,173,238282,116,55322,57,263711,125,1904248,1366,2167959,1491,1,4383,92,1005,80,288216,13,9649,4401,"East TN",2455501,37.9963192847407,0.0674014826375341,60.7208060595373,7.04540539792083,40.9285111266499,6.74014826375341
2021-07-13,293818,214,238417,135,55401,79,263856,145,1905869,1621,2169725,1766,4,4387,149,1154,61,288277,14,9663,4404,"East TN",2455501,40.1140133927862,0.0683364839319471,71.9201499001629,8.71512575234138,46.9965192439343,6.83364839319471
2021-07-14,293991,173,238549,132,55442,41,263998,142,1907432,1563,2171430,1705,0,4387,104,1258,69,288346,11,9674,4405,"East TN",2455501,41.3764848802749,0.0723598435462842,69.4359318118787,7.04540539792083,51.2319074600255,7.23598435462842
2021-07-15,294211,220,238697,148,55514,72,264165,167,1909233,1801,2173398,1968,0,4387,118,1376,102,288448,14,9688,4405,"East TN",2455501,44.6344758157297,0.0770449040432271,80.1465770121861,8.95947507250048,56.0374440898212,7.70449040432271
2021-07-16,294442,231,238838,141,55604,90,264320,155,1910762,1529,2175082,1684,0,4387,165,1541,66,288514,9,9697,4409,"East TN",2455501,47.363043224173,0.0807247201669512,68.5807091913219,9.4074488261255,62.7570503941965,8.07247201669512
2021-07-17,294586,144,238938,100,55648,44,264430,110,1911980,1218,2176410,1328,0,4387,54,1595,90,288604,5,9702,4411,"East TN",2455501,48.9920386919003,0.0825884543761639,54.0826495285484,5.8643836838185,64.9561942756285,8.25884543761639
2021-07-18,294730,144,239059,121,55671,23,264562,132,1913106,1126,2177668,1258,0,4387,49,1644,95,288699,6,9708,4413,"East TN",2455501,52.901627814446,0.0871428571428571,51.2319074600255,5.8643836838185,66.9517137235945,8.71428571428572
2021-07-19,295034,304,239269,210,55765,94,264779,217,1914796,1690,2179575,1907,3,4390,165,1809,136,288835,12,9720,4414,"East TN",2455501,58.2365879712531,0.0919421487603306,77.6623589239019,12.3803655547279,73.6713200279699,9.19421487603306
2021-07-20,295390,356,239505,236,55885,120,265033,254,1916457,1661,2181490,1915,2,4392,214,2023,140,288975,22,9742,4415,"East TN",2455501,64.0195218816853,0.100042498937527,77.9881580174473,14.4980596627735,82.3864457803112,10.0042498937527
2021-07-21,295791,401,239797,292,55994,109,265343,310,1918573,2116,2183916,2426,3,4395,248,2271,150,289125,23,9765,4419,"East TN",2455501,73.3047960477312,0.10772064712478,98.7985751176644,16.3306795639668,92.4862176802209,10.772064712478
2021-07-22,296265,474,240129,332,56136,142,265710,367,1920942,2369,2186652,2736,5,4400,321,2592,148,289273,19,9784,4421,"East TN",2455501,83.6489172677999,0.116568583069262,111.423289992551,19.3035962925692,105.558906308733,11.6568583069262
2021-07-23,296729,464,240446,317,56283,147,266043,333,1922845,1903,2188888,2236,1,4401,332,2924,131,289404,21,9805,4426,"East TN",2455501,93.1378158673118,0.124800811241489,91.0608466459594,18.8963474256374,119.07956869087,12.4800811241489
2021-07-24,297086,357,240690,244,56396,113,266307,264,1924596,1751,2190903,2015,0,4401,224,3148,133,289537,19,9824,4430,"East TN",2455501,101.81221673296,0.129510798316429,82.0606466867658,14.5387845494667,128.201943310143,12.9510798316429
2021-07-25,297314,228,240879,189,56435,39,266510,203,1925911,1315,2192421,1518,3,4404,97,3245,128,289665,14,9838,4435,"East TN",2455501,105.233107215187,0.132040940825595,61.8203780002533,9.28527416604595,132.152257319382,13.2040940825595
2021-07-26,297982,668,241338,459,56644,209,266996,486,1927640,1729,2194636,2215,10,4414,449,3694,209,289874,30,9868,4439,"East TN",2455501,120.056965971506,0.147201381050395,90.2056240254026,27.2042243110469,150.437731444622,14.7201381050395
2021-07-27,298710,728,241825,487,56885,241,267511,515,1929961,2321,2197472,2836,2,4416,535,4229,191,290065,25,9893,4445,"East TN",2455501,135.206623821371,0.155049430609436,115.49577866187,29.6477175126379,172.225545825475,15.5049430609436
2021-07-28,299529,819,242368,543,57161,276,268124,613,1932829,2868,2200953,3481,2,4418,559,4788,258,290323,31,9924,4448,"East TN",2455501,152.229626459122,0.163232963549921,141.763330578973,33.3536822017177,194.990757486965,16.3232963549921
2021-07-29,300217,688,242819,451,57398,237,268620,496,1935257,2428,2203877,2924,3,4421,475,5263,210,290533,17,9941,4452,"East TN",2455501,160.944752211463,0.168940493468795,119.07956869087,28.0187220449106,214.335078666227,16.8940493468795
2021-07-30,301216,999,243558,739,57658,260,269412,792,1937060,1803,2206472,2595,4,4425,752,6015,243,290776,38,9979,4455,"East TN",2455501,182.732566592317,0.191594631483167,105.681080968812,40.6841618064908,244.960193459502,19.1594631483167
2021-07-31,301751,535,243920,362,57831,173,269807,395,1939030,1970,2208837,2365,2,4427,319,6334,214,290990,32,10011,4464,"East TN",2455501,189.981596423703,0.195160031225605,96.3143570293801,21.7878143808534,257.951432314627,19.5160031225605
2021-08-01,302285,534,244342,422,57943,112,270268,461,1941168,2138,2211436,2599,3,4430,320,6654,211,291201,26,10037,4467,"East TN",2455501,202.443411751818,0.197633447278464,105.843980515585,21.7470894941603,270.983396056446,19.7633447278464
2021-08-02,303135,850,244873,531,58262,319,270804,536,1943503,2335,2214307,2871,9,4439,415,7069,426,291627,32,10069,4475,"East TN",2455501,209.855341129977,0.193584464440039,116.921149696131,34.6161536892064,287.884224034118,19.3584464440039
2021-08-03,304473,1338,245834,961,58639,377,271819,1015,1947278,3775,2219097,4790,4,4443,894,7963,440,292067,33,10102,4484,"East TN",2455501,234.697522012819,0.19921387283237,195.072207260351,54.4898983954802,324.292272737824,19.921387283237
2021-08-04,305560,1087,246659,825,58901,262,272707,888,1950898,3620,2223605,4508,8,4451,646,8609,433,292500,34,10136,4490,"East TN",2455501,245.611791646593,0.202322090764612,183.587789212873,44.267951835491,350.600549541621,20.2322090764612
2021-08-05,306740,1180,247540,881,59200,299,273658,951,1954863,3965,2228521,4916,10,4461,663,9272,507,293007,36,10172,4497,"East TN",2455501,265.648435899639,0.20443109884759,200.203542983693,48.0553662979571,377.601149419202,20.443109884759
2021-08-06,308080,1340,248519,979,59561,361,274740,1082,1959491,4628,2234231,5710,3,4464,908,10180,429,293436,45,10217,4510,"East TN",2455501,279.535622262015,0.191937749918945,232.539103018081,54.5713481688666,414.579346536613,19.1937749918945
2021-08-07,308804,724,249040,521,59764,203,275321,581,1962495,3004,2237816,3585,0,4464,327,10507,397,293833,26,10243,4519,"East TN",2455501,287.232625847027,0.190275716898444,145.998718795065,29.4848179658652,427.896384485284,19.0275716898444
2021-08-08,309440,636,249489,449,59951,187,275847,526,1964610,2115,2240457,2641,5,4469,220,10727,411,294244,27,10270,4528,"East TN",2455501,291.386564289731,0.192240101995107,107.554425756699,25.901027936865,436.855859557785,19.2240101995107
2021-08-09,310807,1367,250437,948,60370,419,276853,1006,1968149,3539,2245002,4545,14,4483,567,11294,786,295030,58,10328,4539,"East TN",2455501,312.441330710108,0.197067926372373,185.094610020521,55.6709201095825,459.94687031282,19.7067926372373
2021-08-10,312133,1326,251276,839,60857,487,277770,917,1971401,3252,2249171,4169,6,4489,547,11841,773,295803,42,10370,4553,"East TN",2455501,311.952632069789,0.197878566203365,169.782052623884,54.001199755162,482.223383333992,19.7878566203365
2021-08-11,314020,1887,252574,1298,61446,589,279152,1382,1976757,5356,2255909,6738,8,4497,1059,12900,820,296623,58,10428,4568,"East TN",2455501,344.532541424337,0.199510896483408,274.404286538674,76.8478611900382,525.351038342074,19.9510896483408
2021-08-12,315482,1462,253628,1054,61854,408,280313,1161,1981239,4482,2261552,5643,10,4507,582,13482,870,297493,38,10466,4582,"East TN",2455501,356.016959471815,0.201477400018165,229.810535609637,59.539784345435,549.052922397507,20.1477400018165
2021-08-13,317128,1646,254737,1109,62391,537,281483,1170,1986658,5419,2268141,6589,11,4518,793,14275,842,298335,26,10492,4601,"East TN",2455501,368.478774799929,0.198849896785609,268.336278421389,67.0331634969809,581.347757545202,19.8849896785609
2021-08-14,318658,1530,255819,1082,62839,448,282682,1199,1992134,5476,2274816,6675,1,4519,912,15187,617,298952,26,10518,4614,"East TN",2455501,401.303033474635,0.198945945945946,271.838618677003,62.3090766405715,618.488854209385,19.8945945945946
2021-08-15,319803,1145,256780,961,63023,184,283739,1057,1995944,3810,2279683,4867,11,4530,422,15609,712,299664,19,10537,4626,"East TN",2455501,422.032000801466,0.201193086218325,198.208023535727,46.6299952636957,635.674756393909,20.1193086218325
2021-08-16,321245,1442,257693,913,63552,529,284701,962,1999004,3060,2283705,4022,17,4547,166,15775,1259,300923,27,10564,4643,"East TN",2455501,425.086367303455,0.202774978683823,163.795494279986,58.7252866115713,642.435087584978,20.2774978683823
2021-08-17,322982,1737,258900,1207,64082,530,286022,1321,2003864,4860,2289886,6181,10,4557,515,16290,1212,302135,25,10589,4657,"East TN",2455501,441.824295734353,0.202677146014982,251.72052465057,70.7391281860606,663.408404231967,20.2677146014982
2021-08-18,325078,2096,260272,1372,64806,724,287501,1479,2009284,5420,2296785,6899,13,4570,936,17226,1147,303282,31,10620,4668,"East TN",2455501,450.335797053229,0.204251883745963,280.960993296276,85.3593625089137,701.526898176788,20.4251883745963
2021-08-19,327470,2392,261742,1470,65728,922,289079,1578,2019235,9951,2308314,11529,23,4593,1118,18344,1251,304533,40,10660,4685,"East TN",2455501,488.20994167789,0.187459903340319,469.517218685718,97.4139289700961,747.057321499767,18.7459903340319
2021-08-20,329920,2450,263701,1959,66219,491,291181,2102,2026129,6894,2317310,8996,4,4597,1265,19609,1181,305714,33,10693,4712,"East TN",2455501,520.95275057921,0.197238097175049,366.361080691883,99.7759723983008,798.574303166645,19.7238097175049
2021-08-21,332845,2925,265650,1949,67195,976,293296,2115,2035059,8930,2328355,11045,0,4597,2168,21777,757,306471,53,10746,4724,"East TN",2455501,577.763967516201,0.198248006126375,449.806373526217,119.120293577563,886.865857517468,19.8248006126375
2021-08-22,334330,1485,266988,1338,67342,147,294814,1518,2040571,5512,2335385,7030,7,4604,541,22318,937,307408,17,10763,4734,"East TN",2455501,591.610428991884,0.198825894940936,286.295953453083,60.4764567393782,908.89802121848,19.8825894940936
2021-08-23,336279,1949,268100,1112,68179,837,296000,1186,2044538,3967,2340538,5153,18,4622,177,22495,1754,309162,34,10797,4741,"East TN",2455501,612.257946545328,0.198810550208506,209.855341129977,79.3728041650156,916.106326163174,19.8810550208506
2021-08-24,338267,1988,269482,1382,68785,606,297438,1438,2048317,3779,2345755,5217,15,4637,147,22642,1826,310988,25,10822,4757,"East TN",2455501,622.479893105317,0.204335141133724,212.461733878341,80.9610747460498,922.092884507072,20.4335141133724
2021-08-25,340499,2232,270674,1192,69825,1040,298684,1246,2052353,4036,2351037,5282,17,4654,607,23249,1608,312596,39,10861,4781,"East TN",2455501,628.01847769559,0.206130649561307,215.108851513398,90.8979470991867,946.812890729835,20.6130649561306
2021-08-26,343157,2658,272490,1816,70667,842,300642,1958,2059197,6844,2359839,8802,24,4678,736,23985,1898,314494,34,10895,4796,"East TN",2455501,638.851297555977,0.224415332362931,358.460452673406,108.246748830483,976.786407336018,22.4415332362931
2021-08-27,346171,3014,274753,2263,71418,751,303003,2361,2066266,7069,2369269,9430,19,4697,1314,25299,1681,316175,38,10933,4809,"East TN",2455501,661.820133650933,0.22752554899055,384.035681516725,122.744808493257,1030.29890845086,22.752554899055
2021-08-28,348313,2142,276284,1531,72029,611,304669,1666,2072133,5867,2376802,7533,1,4698,918,26217,1223,317398,28,10961,4829,"East TN",2455501,629.93254737017,0.234751377794291,306.780571459755,87.2327072968001,1067.6843544352,23.4751377794291
2021-08-29,350654,2341,278109,1825,72545,516,306689,2020,2079126,6993,2385815,9013,9,4707,1082,27299,1250,318648,39,11000,4845,"East TN",2455501,664.793050379536,0.235474915724767,367.053403765667,95.3369597487437,1111.74868183723,23.5474915724767
2021-08-30,353900,3246,280512,2403,73388,843,309293,2604,2088168,9042,2397461,11646,21,4728,479,27778,2746,321394,59,11059,4864,"East TN",2455501,717.613228420595,0.23352599125134,474.282030428821,132.192982206075,1131.25590256326,23.352599125134
2021-08-31,357494,3594,282906,2394,74588,1200,311903,2610,2096755,8587,2408658,11197,7,4735,911,28689,2676,324070,72,11131,4880,"East TN",2455501,783.017396449849,0.229957235743923,455.996556303581,146.365242775303,1168.35627434076,22.9957235743923
2021-09-01,358929,1435,283848,942,75081,493,312892,989,2099038,2283,2411930,3272,15,4750,-956,27733,2376,326446,28,11159,4906,"East TN",2455501,750.559661755381,0.233327311842084,133.251829260098,58.440212404719,1129.42328266207,23.3327311842084
2021-09-02,361245,2316,285324,1476,75921,840,314410,1518,2103300,4262,2417710,5780,19,4769,-566,27167,2863,329309,38,11197,4924,"East TN",2455501,736.631750506312,0.237908451556047,235.389845086604,94.3188375814141,1106.37299679373,23.7908451556047
2021-09-03,362999,1754,286529,1205,76470,549,315705,1295,2107406,4106,2423111,5401,17,4786,-939,26228,2676,331985,30,11227,4931,"East TN",2455501,685.3183932729,0.235912484677389,219.955113029887,71.4314512598447,1068.13232818883,23.5912484677389
2021-09-04,366260,3261,288853,2324,77407,937,318280,2575,2115454,8048,2433734,10623,3,4789,1588,27816,1670,333655,46,11273,4946,"East TN",2455501,730.889541482573,0.239074685589826,432.620471341694,132.803855506473,1132.80344825761,23.9074685589826
2021-09-05,370716,4456,292100,3247,78616,1209,321765,3485,2127965,12511,2449730,15996,8,4797,2832,30648,1616,335271,45,11318,4971,"East TN",2455501,817.022676838657,0.235875772510365,651.435287544171,181.470095104828,1248.1363273727,23.5875772510365
2021-09-06,375625,4909,296029,3929,79596,980,326050,4285,2143605,15640,2469655,19925,11,4808,1056,31704,3842,339113,74,11392,4992,"East TN",2455501,884.748163409422,0.232110701720365,811.443367361691,199.91846877684,1291.14180772071,23.2110701720365
2021-09-07,377708,2083,297480,1451,80228,632,327565,1515,2148031,4426,2475596,5941,34,4842,-1796,29908,3845,342958,53,11445,5007,"East TN",2455501,823.212859616021,0.23397771071738,241.946551844206,84.8299389819023,1217.99991121975,23.397771071738
2021-09-08,379384,1676,298656,1176,80728,500,328826,1261,2152411,4380,2481237,5641,20,4862,-1864,28044,3520,346478,51,11496,5027,"East TN",2455501,833.027557309079,0.22990462723823,229.729085836251,68.2549100977764,1142.08872242365,22.990462723823
2021-09-09,381291,1907,299652,996,81639,911,329901,1075,2156077,3666,2485978,4741,7,4869,-1741,26303,3641,350119,44,11540,5048,"East TN",2455501,816.371078651566,0.22691451338841,193.076687812385,77.6623589239019,1071.18669469082,22.691451338841
2021-09-10,386781,5490,303478,3826,83303,1664,334033,4132,2168183,12106,2502216,16238,23,4892,2179,28482,3288,353407,116,11656,5069,"East TN",2455501,968.519255337302,0.231692054863789,661.290710123922,223.57962794558,1159.92622279527,23.1692054863789
2021-09-11,391070,4289,306582,3104,84488,1185,337352,3319,2180005,11822,2517357,15141,8,4900,2590,31072,1691,355098,95,11751,5098,"East TN",2455501,1010.3844388579,0.228071224423903,616.615509421499,174.669039027066,1265.40367933061,22.8071224423903
2021-09-12,392650,1580,308005,1423,84645,157,338905,1553,2185249,5244,2524154,6797,23,4923,-27,31045,1584,356682,38,11789,5123,"East TN",2455501,893.259664728298,0.23030205310115,276.807054853572,64.3453209752307,1264.3041073899,23.030205310115
2021-09-13,395001,2351,309449,1444,85552,907,340409,1504,2190372,5123,2530781,6627,63,4986,-1838,29207,4126,360808,71,11860,5154,"East TN",2455501,789.085404567133,0.23490822236037,269.88382411573,95.7442086156756,1189.45176564783,23.490822236037
2021-09-14,397817,2816,311396,1947,86421,869,342483,2074,2196594,6222,2539077,8296,43,5029,-929,28278,3702,364510,59,11919,5182,"East TN",2455501,818.936746513237,0.234999448653928,337.853660006654,114.681280928006,1151.61834590986,23.4999448653928
2021-09-15,399614,1797,312583,1187,87031,610,343698,1215,2200369,3775,2544067,4990,23,5052,-1531,26747,3305,367815,33,11952,5202,"East TN",2455501,823.864457803112,0.236702212318956,203.217184598988,73.1826213876516,1089.26854438259,23.6702212318956
2021-09-16,402269,2655,314428,1845,87841,810,345653,1955,2207028,6659,2552681,8614,23,5075,-602,26145,3234,371049,61,12013,5225,"East TN",2455501,854.326673049614,0.236151297542839,350.804173975087,108.124574170404,1064.7521625933,23.6151297542839
2021-09-17,404954,2685,316301,1873,88653,812,347660,2007,2214232,7204,2561892,9211,23,5098,-68,26077,2730,373779,75,12088,5257,"East TN",2455501,740.093365875233,0.228349755345533,375.116931330918,109.346320771199,1061.98287029816,22.8349755345533
2021-09-18,406411,1457,317478,1177,88933,280,348997,1337,2219704,5472,2568701,6809,3,5101,-218,25859,1672,375451,35,12123,5295,"East TN",2455501,624.760486760136,0.226803521346214,277.29575349389,59.3361599119691,1053.10484499905,22.6803521346214
2021-09-19,407055,644,317922,444,89133,200,349510,513,2221781,2077,2571291,2590,17,5118,-995,24864,1622,377073,23,12146,5324,"East TN",2455501,586.641992815315,0.224982497825487,105.477456535347,26.2268270304105,1012.58358273933,22.4982497825487
2021-09-20,409045,1990,319175,1253,89870,737,350884,1374,2227418,5637,2578302,7011,48,5166,233,25097,1709,378782,63,12209,5350,"East TN",2455501,571.940308719076,0.220428863028977,285.522180605913,81.0425245194362,1022.07248133884,22.0428863028977
2021-09-21,410918,1873,320271,1096,90647,777,352024,1140,2231723,4305,2583747,5445,31,5197,-2278,22819,4120,382902,57,12266,5377,"East TN",2455501,533.536740567404,0.213588538168793,221.747008044387,76.2777127763336,929.301189451766,21.3588538168793
2021-09-22,412508,1590,321377,1106,91131,484,353243,1219,2237082,5359,2590325,6578,14,5211,-1514,21305,3090,385992,43,12309,5399,"East TN",2455501,525.106689021914,0.206342686670414,267.888304667764,64.7525698421626,867.643710998285,20.6342686670414
2021-09-23,414862,2354,322874,1497,91988,857,354905,1662,2243439,6357,2598344,8019,32,5243,-492,20813,2814,388806,50,12359,5415,"East TN",2455501,512.848498127266,0.202614808488273,326.572866392642,95.8663832757551,847.607066745239,20.2614808488273
2021-09-24,416403,1541,323853,979,92550,562,356003,1098,2248322,4883,2604325,5981,38,5281,-1078,19735,2581,391387,36,12395,5442,"East TN",2455501,466.259227750264,0.196615841444159,243.575547311933,62.7570503941965,803.705638889986,19.6615841444159
2021-09-25,417104,701,324337,484,92767,217,356565,562,2251344,3022,2607909,3584,2,5283,-944,18791,1643,393030,20,12415,5468,"East TN",2455501,435.471213410216,0.193021832279127,145.957993908371,28.548145571922,765.26134585162,19.3021832279127
2021-09-26,417962,858,324960,623,93002,235,357285,720,2255321,3977,2612606,4697,6,5289,-475,18316,1327,394357,24,12439,5484,"East TN",2455501,444.186339162558,0.188188309330752,191.284792797885,34.9419527827519,745.917024672358,18.8188309330752
2021-09-27,419422,1460,325785,825,93637,635,358207,922,2258912,3591,2617119,4513,47,5336,-1468,16848,2881,397238,42,12481,5501,"East TN",2455501,422.60214921517,0.188654455522065,183.791413646339,59.4583345720486,686.132891006764,18.8654455522065
2021-09-28,420719,1297,326571,786,94148,511,359070,863,2262574,3662,2621644,4525,14,5350,-1045,15803,2328,399566,29,12510,5514,"East TN",2455501,399.144614479896,0.185925007256511,184.280112286658,52.8201780410596,643.575384412387,18.5925007256511
2021-09-29,422402,1683,327578,1007,94824,676,360208,1138,2268072,5498,2628280,6636,30,5380,-377,15426,2030,401596,45,12555,5539,"East TN",2455501,402.932028942362,0.183506784349888,270.250348095969,68.5399843046287,628.222102129056,18.3506784349888
2021-09-30,423612,1210,328326,748,95286,462,361028,820,2272744,4672,2633772,5492,11,5391,-813,14613,2012,403608,35,12590,5555,"East TN",2455501,356.34275856536,0.172829400474201,223.661077718967,49.2771128987526,595.112769247498,17.2829400474201
2021-10-01,424986,1374,329293,967,95693,407,362103,1075,2277716,4972,2639819,6047,14,5405,-325,14288,1685,405293,43,12633,5574,"East TN",2455501,349.541702487598,0.17186003268158,246.263389833684,55.9559943164348,581.877181072213,17.186003268158
2021-10-02,425542,556,329643,350,95899,206,362497,394,2280386,2670,2642883,3064,11,5416,-454,13834,999,406292,18,12651,5595,"East TN",2455501,343.636593917087,0.169611711557157,124.781052827916,22.6430370014103,563.388082513507,16.9611711557157
2021-10-03,426079,537,330106,463,95973,74,363021,524,2283478,3092,2646499,3616,13,5429,-357,13477,881,407173,13,12664,5613,"East TN",2455501,330.563905288575,0.169238485823031,147.261190282553,21.8692641542398,548.849297964041,16.9238485823031
2021-10-04,427430,1351,330957,851,96473,500,363962,941,2287616,4138,2651578,5079,22,5451,-628,12849,1957,409130,25,12689,5623,"East TN",2455501,326.124892639017,0.167010069938187,206.841699514682,55.0193219224916,523.274069120721,16.7010069938187
2021-10-05,428693,1263,331703,746,96990,517,364774,812,2292078,4462,2656852,5274,17,5468,-458,12391,1704,410834,38,12727,5646,"East TN",2455501,324.740246491449,0.162008634401272,214.783052419852,51.4355318934914,504.622071015243,16.2008634401272
2021-10-06,429629,936,332408,705,97221,231,365553,779,2296499,4421,2662052,5200,18,5486,-425,11966,1343,412177,22,12749,5667,"East TN",2455501,294.318756131641,0.158267203600616,211.769410804557,38.1184939448202,487.31399417064,15.8267203600616
2021-10-07,430743,1114,333195,787,97548,327,366409,856,2301283,4784,2667692,5640,24,5510,-396,11570,1486,413663,22,12771,5687,"East TN",2455501,290.409167009095,0.158637971698113,229.688360949558,45.367523776207,471.186939040139,15.8637971698113
2021-10-08,431800,1057,333776,581,98024,476,367050,641,2305530,4247,2672580,4888,9,5519,-112,11458,1160,414823,22,12793,5702,"East TN",2455501,277.499377927356,0.151002716644791,199.063246156283,43.0462052346955,466.625751730502,15.1002716644791
2021-10-09,432341,541,334127,351,98214,190,367466,416,2308339,2809,2675805,3225,4,5523,-288,11170,825,415648,25,12818,5722,"East TN",2455501,276.888504626958,0.150932507138084,131.337759585518,22.0321637010125,454.896984362865,15.0932507138084
2021-10-10,432661,320,334395,268,98266,52,367776,310,2310572,2233,2678348,2543,6,5529,-520,10650,834,416482,15,12833,5733,"East TN",2455501,268.051204214537,0.149298251122484,103.563386860767,13.0319637418189,433.72004328241,14.9298251122484
2021-10-11,433881,1220,334922,527,98959,693,368323,547,2314018,3446,2682341,3993,52,5581,-277,10373,1445,417927,28,12861,5739,"East TN",2455501,262.71624405773,0.141761206644345,162.614472565884,49.6843617656845,422.439249668398,14.1761206644345
2021-10-12,434822,941,335562,640,99260,301,369328,1005,2317662,3644,2686990,4649,29,5610,-341,10032,1253,419180,25,12886,5760,"East TN",2455501,249.602830542525,0.151104917380052,189.329998236612,38.3221183782861,408.552063306022,15.1104917380052
2021-10-13,435672,850,336103,541,99569,309,369976,648,2321528,3866,2691504,4514,25,5635,-379,9653,1204,420384,33,12919,5772,"East TN",2455501,246.100490286911,0.150176558468016,183.832138533033,34.6161536892064,393.117331249305,15.0176558468016
2021-10-14,436623,951,336750,647,99873,304,370698,722,2325531,4003,2696229,4725,31,5666,-144,9509,1064,421448,24,12943,5787,"East TN",2455501,239.462333755922,0.150296106808704,192.425089625294,38.729367245218,387.252947565487,15.0296106808704
2021-10-15,437424,801,337248,498,100176,303,371272,574,2329425,3894,2700697,4468,24,5690,-288,9221,1065,422513,21,12964,5797,"East TN",2455501,229.036762762467,0.150158267240459,181.958793745146,32.6206342412404,375.52418019785,15.0158267240459
2021-10-16,437729,305,337484,236,100245,69,371543,271,2331655,2230,2703198,2501,7,5697,-357,8864,655,423168,8,12972,5805,"East TN",2455501,219.425689502875,0.148833643631585,101.852941619653,12.4210904414211,360.985395648383,14.8833643631585
2021-10-17,437977,248,337690,206,100287,42,371790,247,2333318,1663,2705108,1910,7,5704,-440,8424,681,423849,13,12985,5810,"East TN",2455501,216.493497660966,0.15,77.7845335839814,10.0997718999096,343.066445503382,15
2021-10-18,438767,790,338154,464,100613,326,372306,516,2336509,3191,2708815,3707,23,5727,-477,7947,1244,425093,31,13016,5822,"East TN",2455501,198.981796382897,0.150449497620307,150.967154971633,32.1726604876154,323.640674550733,15.0449497620307
2021-10-19,439600,833,338592,438,101008,395,372780,474,2339837,3328,2712617,3802,25,5752,-308,7639,1116,426209,18,13034,5829,"East TN",2455501,194.583508620033,0.134701681819956,154.836019207486,33.9238306154223,311.097409449233,13.4701681819956
2021-10-20,440363,763,339078,486,101285,277,373320,540,2343858,4021,2717178,4561,15,5767,-215,7424,963,427172,15,13049,5838,"East TN",2455501,191.040443477726,0.130248500428449,185.746208207612,31.0730885468994,302.341558810198,13.0248500428449
2021-10-21,440989,626,339495,417,101494,209,373788,468,2347496,3638,2721284,4106,17,5784,-301,7123,910,428082,15,13064,5845,"East TN",2455501,177.804855302441,0.123328676910796,167.216384762213,25.4937790699332,290.08336791555,12.3328676910796
2021-10-22,441535,546,339829,334,101706,212,374174,386,2350601,3105,2724775,3491,6,5790,-330,6793,870,428952,13,13077,5852,"East TN",2455501,167.420009195679,0.120524960544896,142.170579445905,22.2357881344785,276.644155306799,12.0524960544896
2021-10-23,441893,358,340071,242,101822,116,374447,273,2352986,2385,2727433,2658,0,5790,-139,6654,497,429449,8,13085,5863,"East TN",2455501,169.578428190418,0.119826696925934,108.246748830483,14.5795094361599,270.983396056446,11.9826696925934
2021-10-24,442136,243,340233,162,101903,81,374642,195,2354883,1897,2729525,2092,7,5797,-260,6394,496,429945,13,13098,5868,"East TN",2455501,169.374803756952,0.116803866158824,85.1964629621409,9.89614746644371,260.394925516218,11.6803866158824
2021-10-25,442559,423,340478,245,102081,178,374912,270,2357315,2432,2732227,2702,28,5825,-514,5880,909,430854,17,13115,5875,"East TN",2455501,154.428770340554,0.111310439091064,110.038643844983,17.2266270712168,239.462333755922,11.1310439091064
2021-10-26,443086,527,340803,325,102283,202,375251,339,2359955,2640,2735206,2979,12,5837,-219,5661,734,431588,20,13135,5880,"East TN",2455501,141.966955012439,0.109389525875426,121.319437458995,21.462015287308,230.543583570115,10.9389525875426
2021-10-27,443707,621,341190,387,102517,234,375674,423,2364151,4196,2739825,4619,10,5847,-112,5549,723,432311,12,13147,5893,"East TN",2455501,136.184021102007,0.103943127125006,188.108251635817,25.2901546364673,225.982396260478,10.3943127125006
2021-10-28,444121,414,341441,251,102680,163,375965,291,2366948,2797,2742913,3088,16,5863,-236,5313,634,432945,13,13160,5903,"East TN",2455501,127.550345123052,0.100651902538259,125.758450108552,16.8601030909782,216.371323000887,10.0651902538259
2021-10-29,444581,460,341744,303,102837,157,376298,333,2370466,3518,2746764,3851,4,5867,-170,5143,626,433571,5,13165,5910,"East TN",2455501,124.048004867438,0.0965937514211651,156.831538655452,18.7334478788646,209.448092263045,9.65937514211651
2021-10-30,444842,261,341940,196,102902,65,376526,228,2373040,2574,2749566,2802,0,5867,-148,4995,409,433980,12,13177,5916,"East TN",2455501,120.0976908582,0.0939321375321917,114.111132514302,10.629195426921,203.420809032454,9.39321375321918
2021-10-31,445013,171,342064,124,102949,47,376672,146,2374665,1625,2751337,1771,0,5867,-214,4781,385,434365,3,13180,5923,"East TN",2455501,117.16549901629,0.0930680359435173,72.1237743336289,6.96395562453446,194.705683280113,9.30680359435173
2021-11-01,445609,596,342417,353,103192,243,377062,390,2377783,3118,2754845,3508,14,5881,-208,4573,790,435155,17,13197,5929,"East TN",2455501,124.210904414211,0.0950570342205323,142.862902519689,24.2720324691377,186.23490684793,9.50570342205323
2021-11-02,446021,412,342632,215,103389,197,377286,224,2379994,2211,2757280,2435,25,5906,-201,4372,588,435743,11,13208,5942,"East TN",2455501,119.527542444495,0.0921899066775392,99.165099097903,16.7786533175918,178.0492046226,9.21899066775392
2021-11-03,446595,574,343004,372,103591,202,377678,392,2384572,4578,2762250,4970,6,5912,69,4441,499,436242,7,13215,5948,"East TN",2455501,117.613472769915,0.0893645484949833,202.402686865124,23.3760849618876,180.85922180443,8.93645484949833
2021-11-04,447017,422,343302,298,103715,124,378008,330,2388108,3536,2766116,3866,13,5925,-74,4367,483,436725,4,13219,5952,"East TN",2455501,117.939271863461,0.0880489591863121,157.442411955849,17.1859021845236,177.845580189135,8.80489591863121
2021-11-05,447451,434,343578,276,103873,158,378332,324,2391690,3582,2770022,3906,2,5927,22,4389,410,437135,9,13228,5954,"East TN",2455501,116.880424809438,0.0874537793447416,159.071407423577,17.6746008248419,178.741527696385,8.74537793447416
2021-11-06,447683,232,343744,166,103939,66,378520,188,2393930,2240,2772450,2428,0,5927,-59,4330,291,437426,8,13236,5958,"East TN",2455501,115.699403095336,0.0871351162384199,98.8800248910507,9.44817371281869,176.338759381487,8.71351162384198
2021-11-07,447881,198,343868,124,104013,74,378674,154,2395832,1902,2774506,2056,6,5933,-126,4204,318,437744,4,13240,5963,"East TN",2455501,116.798975036052,0.0864085631662998,83.7303670411863,8.06352756525043,171.207423658146,8.64085631662998
2021-11-08,448422,541,344207,339,104215,202,379059,385,2399365,3533,2778424,3918,25,5958,-50,4154,566,438310,7,13247,5969,"East TN",2455501,114.559106267927,0.0846940073794478,159.560106063895,22.0321637010125,169.171179323486,8.46940073794478
2021-11-09,449290,868,344813,606,104477,262,379861,802,2406643,7278,2786504,8080,11,5969,408,4562,449,438759,9,13256,5976,"East TN",2455501,133.129654600018,0.0881125102655352,329.057084480927,35.3492016496837,185.786933094305,8.81125102655352
2021-11-10,449908,618,345231,418,104677,200,380351,490,2411895,5252,2792246,5742,6,5975,180,4742,432,439191,7,13263,5976,"East TN",2455501,134.921549614519,0.0891118815842112,233.842299392263,25.1679799763877,193.117412699079,8.91118815842112
2021-11-11,450382,474,345577,346,104805,128,380720,369,2416185,4290,2796905,4659,5,5980,41,4783,428,439619,0,13263,5978,"East TN",2455501,137.039243722564,0.0880834064113807,189.737247103544,19.3035962925692,194.787133053499,8.80834064113807
