"DATE","TOTAL_CASES","NEW_CASES","TOTAL_CONFIRMED","NEW_CONFIRMED","TOTAL_PROBABLE","NEW_PROBABLE","POS_TESTS","NEW_POS_TESTS","NEG_TESTS","NEW_NEG_TESTS","TOTAL_TESTS","NEW_TESTS","NEW_DEATHS","TOTAL_DEATHS","NEW_HOSPITALIZED","TOTAL_HOSPITALIZED","TOTAL_DEATHS_BY_DOD","NEW_DEATHS_BY_DOD","Region","Population","New_cases_per_100k_per_week","PositivityRate_per_week","Tests_per_100k","New_cases_per_100k","PositivityPercentage_per_week"
2022-10-15,149564,15,112373,7,37191,8,121389,8,590876,127,712265,135,0,1519,0,2800,1519,0,"Knox County",470313,NA,NA,28.70428842069,3.18936538007667,NA
2022-10-14,149549,43,112366,24,37183,19,121381,26,590749,114,712130,140,0,1519,0,2800,1519,0,"Knox County",470313,NA,NA,29.7674102140489,9.14284742288646,NA
2022-10-13,149506,54,112342,29,37164,25,121355,34,590635,155,711990,189,1,1519,0,2800,1519,0,"Knox County",470313,NA,NA,40.1860037889661,11.481715368276,NA
2022-10-12,149452,63,112313,42,37139,21,121321,46,590480,221,711801,267,0,1518,0,2800,1519,0,"Knox County",470313,NA,NA,56.7707037653648,13.395334596322,NA
2022-10-11,149389,73,112271,28,37118,45,121275,28,590259,183,711534,211,1,1518,0,2800,1519,0,"Knox County",470313,NA,NA,44.8637396797452,15.5215781830398,NA
2022-10-10,149316,68,112243,38,37073,30,121247,41,590076,138,711323,179,2,1517,0,2800,1519,0,"Knox County",470313,NA,NA,38.0597602022483,14.4584563896809,NA
2022-10-09,149248,36,112205,24,37043,12,121206,27,589938,139,711144,166,0,1515,0,2800,1519,0,"Knox County",470313,74.8437742524659,0.163170163170163,35.2956435395152,7.65447691218401,16.3170163170163
2022-10-08,149212,31,112181,17,37031,14,121179,17,589799,125,710978,142,0,1515,0,2800,1519,1,"Knox County",470313,78.2457639912144,0.169242658423493,30.1926589313925,6.59135511882512,16.9242658423493
2022-10-07,149181,55,112164,30,37017,25,121162,32,589674,257,710836,289,0,1515,0,2800,1518,0,"Knox County",470313,80.7972562952757,0.155925155925156,61.4484396561439,11.6943397269478,15.5925155925156
2022-10-06,149126,98,112134,64,36992,34,121130,70,589417,275,710547,345,6,1515,0,2800,1518,0,"Knox County",470313,90.1527280768339,0.163227016885553,73.3554037417635,20.8371871498343,16.3227016885553
2022-10-05,149028,81,112070,40,36958,41,121060,41,589142,182,710202,223,0,1509,0,2800,1518,0,"Knox County",470313,93.9799665329259,0.164630225080386,47.4152319838065,17.222573052414,16.4630225080386
2022-10-04,148947,47,112030,30,36917,17,121019,33,588960,327,709979,360,0,1509,0,2800,1518,0,"Knox County",470313,88.4517332074597,0.153169014084507,76.5447691218401,9.99334485757357,15.3169014084507
2022-10-03,148900,111,112000,35,36900,76,120986,36,588633,111,709619,147,1,1509,0,2800,1518,1,"Knox County",470313,97.5945806303462,0.15311004784689,31.2557807247514,23.6013038125674,15.311004784689
2022-10-02,148789,19,111965,10,36824,9,120950,12,588522,92,709472,104,0,1508,0,2800,1517,1,"Knox County",470313,93.9799665329259,0.149689440993789,22.1129333018649,4.03986281476378,14.9689440993789
2022-10-01,148770,29,111955,20,36815,9,120938,22,588430,81,709368,103,0,1508,0,2800,1516,0,"Knox County",470313,93.5547178155824,0.156588160407384,21.9003089431931,6.16610640148157,15.6588160407384
2022-09-30,148741,76,111935,45,36806,31,120916,50,588349,166,709265,216,1,1508,0,2800,1516,1,"Knox County",470313,98.0198293476897,0.176234979973298,45.9268614731041,16.1594512590551,17.6234979973298
2022-09-29,148665,64,111890,38,36775,26,120866,42,588183,226,709049,268,2,1507,0,2800,1515,0,"Knox County",470313,90.7906011528493,0.166080225193526,56.9833281240365,13.6079589549938,16.6080225193526
2022-09-28,148601,76,111852,45,36749,31,120824,48,587957,241,708781,289,4,1505,0,2800,1515,0,"Knox County",470313,89.7274793594904,0.163416274377942,61.4484396561439,16.1594512590551,16.3416274377942
2022-09-27,148525,92,111807,54,36718,38,120776,56,587716,171,708492,227,1,1501,0,2800,1515,0,"Knox County",470313,99.2955754997204,0.196454948301329,48.2657294184936,19.5614409978036,19.6454948301329
2022-09-26,148433,69,111753,29,36680,40,120720,33,587545,92,708265,125,0,1500,0,2800,1515,1,"Knox County",470313,90.3653524355057,0.197447447447447,26.5780448339723,14.6710807483527,19.7447447447447
2022-09-25,148364,28,111724,17,36640,11,120687,16,587453,89,708140,105,0,1500,0,2800,1514,0,"Knox County",470313,92.2789716635517,0.200300075018755,22.3255576605367,5.95348204280979,20.0300075018755
2022-09-24,148336,14,111707,10,36629,4,120671,10,587364,65,708035,75,0,1500,0,2800,1514,1,"Knox County",470313,89.089606283475,0.195402298850575,15.9468269003834,2.97674102140489,19.5402298850575
2022-09-23,148322,75,111697,46,36625,29,120661,50,587299,192,707960,242,5,1500,0,2800,1513,3,"Knox County",470313,88.8769819248033,0.191585274229902,51.4550947985703,15.9468269003834,19.1585274229902
2022-09-22,148247,97,111651,66,36596,31,120611,73,587107,233,707718,306,4,1495,1,2800,1510,0,"Knox County",470313,95.893585760972,0.20891161431702,65.0630537535641,20.6245627911625,20.891161431702
2022-09-21,148150,89,111585,54,36565,35,120538,59,586874,226,707412,285,3,1491,0,2799,1510,0,"Knox County",470313,98.6577024237051,0.217582417582418,60.5979422214568,18.9235679217883,21.7582417582418
2022-09-20,148061,84,111531,35,36530,49,120479,38,586648,168,707127,206,1,1488,0,2799,1510,3,"Knox County",470313,96.9567075543308,0.207589285714286,43.8006178863863,17.8604461284294,20.7589285714286
2022-09-19,147977,113,111496,46,36481,67,120441,51,586480,152,706921,203,0,1487,0,2799,1507,0,"Knox County",470313,106.312179335889,0.208860759493671,43.162744810371,24.0265525299109,20.8860759493671
2022-09-18,147864,49,111450,37,36414,12,120390,40,586328,95,706718,135,0,1487,1,2799,1507,1,"Knox County",470313,110.777290867996,0.221074380165289,28.70428842069,10.4185935749171,22.1074380165289
2022-09-17,147815,41,111413,16,36402,25,120350,18,586233,117,706583,135,0,1487,0,2798,1506,0,"Knox County",470313,116.518148552134,0.217592592592593,28.70428842069,8.7175987055429,21.7592592592593
2022-09-16,147774,91,111397,33,36377,58,120332,39,586116,295,706448,334,0,1487,0,2798,1506,0,"Knox County",470313,119.920138290883,0.198254364089776,71.0165357963739,19.3488166391318,19.8254364089776
2022-09-15,147683,146,111364,82,36319,64,120293,87,585821,288,706114,375,2,1487,0,2798,1506,1,"Knox County",470313,130.3387318658,0.198445905558876,79.7341345019168,31.0431563660796,19.8445905558876
2022-09-14,147537,126,111282,67,36255,59,120206,74,585533,220,705739,294,4,1485,0,2798,1505,1,"Knox County",470313,138.205833136656,0.206302021403092,62.5115614495028,26.790669192644,20.6302021403092
2022-09-13,147411,106,111215,62,36196,44,120132,65,585313,213,705445,278,0,1481,0,2798,1504,1,"Knox County",470313,142.883569027435,0.213226909920182,59.1095717107543,22.5381820192085,21.3226909920182
2022-09-12,147305,116,111153,49,36152,67,120067,57,585100,137,705167,194,0,1481,0,2798,1503,1,"Knox County",470313,143.52144210345,0.217765042979943,41.249125582325,24.6644256059263,21.7765042979943
2022-09-11,147189,48,111104,26,36085,22,120010,27,584963,77,704973,104,0,1481,0,2798,1502,1,"Knox County",470313,143.308817744778,0.214119019836639,22.1129333018649,10.2059692162454,21.4119019836639
2022-09-10,147141,72,111078,50,36063,22,119983,54,584886,139,704869,193,0,1481,0,2798,1501,0,"Knox County",470313,149.900172863604,0.227426636568849,41.0365012236532,15.308953824368,22.7426636568849
2022-09-09,147069,154,111028,103,36041,51,119929,112,584747,259,704676,371,0,1481,0,2798,1501,4,"Knox County",470313,163.295507459926,0.263128800442233,78.8836370672297,32.7441512354538,26.3128800442233
2022-09-08,146915,178,110925,115,35990,63,119817,122,584488,336,704305,458,0,1481,0,2798,1497,1,"Knox County",470313,170.099486937423,0.270084566596195,97.3819562716744,37.8471358435765,27.0084566596195
2022-09-07,146737,181,110810,97,35927,84,119695,105,584152,263,703847,368,0,1481,0,2798,1496,1,"Knox County",470313,181.79382666437,0.275686673448627,78.2457639912144,38.4850089195918,27.5686673448627
2022-09-06,146556,167,110713,97,35843,70,119590,98,583889,162,703479,260,-1,1481,0,2798,1495,0,"Knox County",470313,194.763912543349,0.29517453798768,55.2823332546623,35.508267898187,29.517453798768
2022-09-05,146389,45,110616,14,35773,31,119492,16,583727,56,703219,72,0,1482,1,2798,1495,2,"Knox County",470313,179.667583077653,0.292442497261774,15.308953824368,9.56809614023002,29.2442497261774
2022-09-04,146344,87,110602,56,35742,31,119476,58,583671,130,703147,188,0,1482,0,2797,1493,1,"Knox County",470313,187.959933065852,0.295811518324607,39.9733794302943,18.4983192044447,29.5811518324607
2022-09-03,146257,90,110546,58,35711,32,119418,68,583541,155,702959,223,0,1482,0,2797,1492,0,"Knox County",470313,191.787171521944,0.298453608247423,47.4152319838065,19.13619228046,29.8453608247423
2022-09-02,146167,227,110488,167,35679,60,119350,178,583386,396,702736,574,1,1482,1,2797,1492,1,"Knox County",470313,207.308749704984,0.300979934671022,122.046381877601,48.2657294184936,30.0979934671022
2022-09-01,145940,168,110321,88,35619,80,119172,95,582990,227,702162,322,3,1481,1,2796,1491,0,"Knox County",470313,205.182506118266,0.307922272047833,68.4650434923126,35.7208922568587,30.7922272047833
2022-08-31,145772,277,110233,168,35539,109,119077,182,582763,301,701840,483,1,1478,0,2795,1491,2,"Knox County",470313,225.594444550757,0.327521206409048,102.697565238469,58.8969473520825,32.7521206409048
2022-08-30,145495,249,110065,148,35430,101,118895,158,582462,216,701357,374,-1,1477,0,2795,1489,0,"Knox County",470313,243.029641961842,0.337656529516995,79.521510143245,52.9434653092728,33.7656529516995
2022-08-29,145246,241,109917,112,35329,129,118737,118,582246,123,700983,241,0,1478,0,2795,1489,2,"Knox County",470313,284.704016261511,0.356340956340956,51.2424704398985,51.2424704398985,35.6340956340956
2022-08-28,145005,105,109805,76,35200,29,118619,82,582123,137,700742,219,1,1478,0,2795,1487,1,"Knox County",470313,288.531254717603,0.361658456486043,46.5647345491194,22.3255576605367,36.1658456486043
2022-08-27,144900,135,109729,73,35171,62,118537,77,581986,211,700523,288,0,1477,0,2795,1486,0,"Knox County",470313,298.099350857833,0.355857656937225,61.2358152974721,28.70428842069,35.5857656937225
2022-08-26,144765,230,109656,154,35109,76,118460,167,581775,352,700235,519,0,1477,0,2795,1486,0,"Knox County",470313,298.737223933848,0.359362224039248,110.352042150653,48.903602494509,35.9362224039248
2022-08-25,144535,255,109502,145,35033,110,118293,155,581423,326,699716,481,3,1477,0,2795,1486,1,"Knox County",470313,317.235543138293,0.360460652591171,102.272316521125,54.2192114613034,36.0460652591171
2022-08-24,144280,281,109357,162,34923,119,118138,169,581097,272,699235,441,2,1474,1,2795,1485,0,"Knox County",470313,318.08604057298,0.361295357003512,93.7673421742542,59.7474447867697,36.1295357003511
2022-08-23,143999,285,109195,173,34804,112,117969,187,580825,292,698794,479,4,1472,0,2794,1485,0,"Knox County",470313,325.740517485164,0.357946026986507,101.847067803782,60.5979422214568,35.7946026986507
2022-08-22,143714,281,109022,151,34692,130,117782,155,580533,276,698315,431,0,1468,1,2794,1485,0,"Knox County",470313,334.245491832035,0.347095871238628,91.6410985875364,59.7474447867697,34.7095871238628
2022-08-21,143433,129,108871,90,34562,39,117627,104,580257,196,697884,300,0,1468,0,2793,1485,0,"Knox County",470313,339.348476440158,0.345015311330384,63.7873076015334,27.4285422686594,34.5015311330384
2022-08-20,143304,75,108781,52,34523,23,117523,60,580061,123,697584,183,0,1468,0,2793,1485,2,"Knox County",470313,326.591014919851,0.351799576570219,38.9102576369354,15.9468269003834,35.1799576570219
2022-08-19,143229,211,108729,146,34500,65,117463,149,579938,248,697401,397,0,1468,0,2793,1483,0,"Knox County",470313,322.551152105087,0.36098820058997,84.4118703926959,44.8637396797452,36.098820058997
2022-08-18,143018,616,108583,212,34435,404,117314,222,579690,286,697004,508,0,1468,1,2793,1483,3,"Knox County",470313,399.308545585599,0.38189120116831,108.013174205263,130.976604941815,38.189120116831
2022-08-17,142402,199,108371,135,34031,64,117092,149,579404,266,696496,415,3,1468,0,2792,1480,1,"Knox County",470313,381.873348174514,0.378179137486178,88.2391088487879,42.3122473756839,37.8179137486178
2022-08-16,142203,260,108236,175,33967,85,116943,191,579138,191,696081,382,4,1465,0,2792,1479,1,"Knox County",470313,376.557739207719,0.393730886850153,81.2225050126193,55.2823332546623,39.3730886850153
2022-08-15,141943,236,108061,145,33882,91,116752,147,578947,154,695699,301,1,1461,0,2792,1478,0,"Knox County",470313,366.989643067489,0.411102172164119,63.9999319602052,50.1793486465396,41.1102172164119
2022-08-14,141707,90,107916,69,33791,21,116605,79,578793,122,695398,201,1,1460,0,2792,1478,1,"Knox County",470313,358.69729307929,0.41767909509845,42.7374960930274,19.13619228046,41.767909509845
2022-08-13,141617,98,107847,67,33770,31,116526,79,578671,154,695197,233,0,1459,0,2792,1477,0,"Knox County",470313,363.587653328741,0.416906032006565,49.5414755705243,20.8371871498343,41.6906032006565
2022-08-12,141519,210,107780,144,33739,66,116447,150,578517,338,694964,488,1,1459,0,2792,1477,1,"Knox County",470313,363.375028970069,0.402294303797468,103.760687031828,44.6511153210734,40.2294303797468
2022-08-11,141309,178,107636,128,33673,50,116297,133,578179,188,694476,321,0,1458,0,2792,1476,2,"Knox County",470313,270.24555987183,0.396411789833405,68.2524191336408,37.8471358435765,39.6411789833405
2022-08-10,141131,222,107508,158,33623,64,116164,168,577991,255,694155,423,1,1458,0,2792,1474,1,"Knox County",470313,275.135920121281,0.403150276713495,89.9401037181622,47.2026076251348,40.3150276713495
2022-08-09,140909,272,107350,192,33559,80,115996,199,577736,349,693732,548,5,1457,0,2792,1473,3,"Knox County",470313,277.687412425342,0.379721669980119,116.518148552134,57.8338255587237,37.9721669980119
2022-08-08,140637,237,107158,150,33479,87,115797,156,577387,327,693184,483,2,1452,0,2792,1470,0,"Knox County",470313,277.900036784014,0.35743418613274,102.697565238469,50.3919730052114,35.743418613274
2022-08-07,140400,84,107008,58,33392,26,115641,61,577060,115,692701,176,1,1450,0,2792,1470,1,"Knox County",470313,276.624290631983,0.354041916167665,37.421887126233,17.8604461284294,35.4041916167665
2022-08-06,140316,96,106950,69,33366,27,115580,74,576945,102,692525,176,0,1449,1,2792,1469,1,"Knox County",470313,276.19904191464,0.359847036328872,37.421887126233,20.4119384324907,35.9847036328872
2022-08-05,140220,205,106881,121,33339,84,115506,120,576843,281,692349,401,2,1449,1,2791,1468,2,"Knox County",470313,275.135920121281,0.360363924050633,85.262367827383,43.5879935277145,36.0363924050633
2022-08-04,140015,190,106760,127,33255,63,115386,135,576562,239,691948,374,5,1447,0,2790,1466,3,"Knox County",470313,277.687412425342,0.353738860906625,79.521510143245,40.3986281476379,35.3738860906625
2022-08-03,139825,205,106633,121,33192,84,115251,126,576323,289,691574,415,-2,1442,0,2790,1463,1,"Knox County",470313,274.072798327922,0.338515351729499,88.2391088487879,43.5879935277145,33.8515351729499
2022-08-02,139620,283,106512,173,33108,110,115125,181,576034,308,691159,489,0,1444,0,2790,1462,0,"Knox County",470313,276.411666273312,0.339299920445505,103.9733113905,60.1726935041132,33.9299920445505
2022-08-01,139337,175,106339,99,32998,76,114944,110,575726,133,690670,243,4,1444,1,2790,1462,1,"Knox County",470313,263.228956035661,0.354881266490765,51.6677191572421,37.2092627675612,35.4881266490765
2022-07-31,139162,99,106240,64,32922,35,114834,73,575593,153,690427,226,0,1440,0,2789,1461,1,"Knox County",470313,266.418321415738,0.352409638554217,48.0531050598219,21.049811508506,35.2409638554217
2022-07-30,139063,116,106176,85,32887,31,114761,95,575440,203,690201,298,0,1440,0,2789,1460,1,"Knox County",470313,270.670808589174,0.343417825020442,63.3620588841899,24.6644256059263,34.3417825020442
2022-07-29,138947,218,106091,151,32856,67,114666,154,575237,298,689903,452,0,1440,0,2789,1459,1,"Knox County",470313,273.434925251907,0.350020024028835,96.1062101196437,46.3521101904476,35.0020024028835
2022-07-28,138729,282,105940,187,32789,95,114512,203,574939,319,689451,522,1,1440,0,2789,1458,1,"Knox County",470313,292.99636624971,0.356143667296786,110.989915226668,59.9600691454414,35.6143667296786
2022-07-27,138447,198,105753,129,32694,69,114309,134,574620,248,688929,382,4,1439,0,2789,1457,0,"Knox County",470313,291.507995739008,0.363705972434916,81.2225050126193,42.0996230170121,36.3705972434916
2022-07-26,138249,300,105624,229,32625,71,114175,237,574372,239,688547,476,1,1435,1,2789,1457,1,"Knox County",470313,295.122609836428,0.387071950750289,101.209194727766,63.7873076015334,38.7071950750289
2022-07-25,137949,289,105395,172,32554,117,113938,181,574133,249,688071,430,1,1434,0,2788,1456,1,"Knox County",470313,319.361786725011,0.386575735821967,91.4284742288646,61.4484396561439,38.6575735821967
2022-07-24,137660,112,105223,68,32437,44,113757,73,573884,178,687641,251,0,1433,0,2788,1455,1,"Knox County",470313,322.125903387744,0.383137673425827,53.3687140266163,23.8139281712392,38.3137673425827
2022-07-23,137548,110,105155,53,32393,57,113684,59,573706,143,687390,202,0,1433,0,2788,1454,0,"Knox County",470313,320.850157235713,0.383425414364641,42.9501204516992,23.3886794538956,38.3425414364641
2022-07-22,137438,262,105102,183,32336,79,113625,190,573563,309,687188,499,0,1433,0,2788,1454,1,"Knox County",470313,330.205629017271,0.389934829833454,106.099554977217,55.7075819720059,38.9934829833454
2022-07-21,137176,286,104919,175,32257,111,113435,179,573254,354,686689,533,0,1433,2,2788,1453,2,"Knox County",470313,331.056126451959,0.379733141002524,113.328783172058,60.8105665801286,37.9733141002524
2022-07-20,136890,222,104744,141,32146,81,113256,152,572900,318,686156,470,5,1433,0,2786,1451,0,"Knox County",470313,336.159111060081,0.374344634743097,99.9334485757357,47.2026076251348,37.4344634743097
2022-07-19,136668,226,104603,144,32065,82,113104,148,572582,234,685686,382,1,1428,1,2786,1451,2,"Knox County",470313,320.42490851837,0.354897000361402,81.2225050126193,48.0531050598219,35.4897000361402
2022-07-18,136442,347,104459,205,31983,142,112956,231,572348,382,685304,613,1,1427,0,2785,1449,1,"Knox County",470313,332.757121321333,0.349830508474576,130.3387318658,73.780652459107,34.9830508474576
2022-07-17,136095,76,104254,62,31841,14,112725,69,571966,87,684691,156,0,1426,0,2785,1448,1,"Knox County",470313,325.102644409149,0.360070052539405,33.1693999527974,16.1594512590551,36.0070052539405
2022-07-16,136019,102,104192,65,31827,37,112656,67,571879,123,684535,190,1,1426,0,2785,1447,2,"Knox County",470313,323.401649539775,0.36440379880408,40.3986281476379,21.6876845845214,36.440379880408
2022-07-15,135917,191,104127,119,31790,72,112589,129,571756,326,684345,455,0,1425,2,2785,1445,2,"Knox County",470313,308.305320074078,0.348338692390139,96.7440831956591,40.6112525063096,34.8338692390139
2022-07-14,135726,205,104008,143,31718,62,112460,145,571430,239,683890,384,1,1425,0,2783,1443,5,"Knox County",470313,291.082747021664,0.355094339622642,81.6477537299628,43.5879935277145,35.5094339622642
2022-07-13,135521,267,103865,171,31656,96,112315,179,571191,320,683506,499,0,1424,0,2783,1438,1,"Knox County",470313,300.650843161894,0.361328854050019,106.099554977217,56.7707037653648,36.1328854050019
2022-07-12,135254,236,103694,162,31560,74,112136,171,570871,293,683007,464,4,1424,0,2783,1437,1,"Knox County",470313,302.777086748612,0.358927924664976,98.6577024237051,50.1793486465396,35.8927924664976
2022-07-11,135018,200,103532,136,31486,64,111965,143,570578,253,682543,396,0,1420,1,2783,1436,0,"Knox County",470313,271.521306023861,0.354952830188679,84.1992460340241,42.5248717343556,35.4952830188679
2022-07-10,134818,83,103396,43,31422,40,111822,42,570325,87,682147,129,0,1420,1,2782,1436,1,"Knox County",470313,273.009676534563,0.34803337306317,27.4285422686594,17.6478217697576,34.803337306317
2022-07-09,134735,118,103353,78,31382,40,111780,78,570238,104,682018,182,0,1420,0,2781,1435,2,"Knox County",470313,276.411666273312,0.35352730171383,38.6976332782636,25.0896743232698,35.352730171383
2022-07-08,134617,193,103275,125,31342,68,111702,132,570134,304,681836,436,1,1420,0,2781,1433,0,"Knox County",470313,276.836914990655,0.357429718875502,92.7042203808953,41.0365012236532,35.7429718875502
2022-07-07,134424,181,103150,105,31274,76,111570,109,569830,205,681400,314,0,1419,0,2781,1433,4,"Knox County",470313,271.733930382532,0.352892561983471,66.7640486229383,38.4850089195918,35.2892561983471
2022-07-06,134243,227,103045,156,31198,71,111461,157,569625,228,681086,385,3,1419,1,2781,1429,0,"Knox County",470313,263.228956035661,0.360797918473547,81.8603780886346,48.2657294184936,36.0797918473547
2022-07-05,134016,164,102889,118,31127,46,111304,122,569397,118,680701,240,0,1416,1,2780,1429,1,"Knox County",470313,247.920002211293,0.376080691642651,51.0298460812268,34.8703948221716,37.6080691642651
2022-07-04,133852,79,102771,44,31081,35,111182,47,569279,123,680461,170,1,1416,1,2779,1428,0,"Knox County",470313,222.192454812008,0.370150862068966,36.1461409742023,16.7973243350705,37.0150862068966
2022-07-03,133773,105,102727,65,31046,40,111135,69,569156,159,680291,228,0,1415,0,2778,1428,0,"Knox County",470313,226.870190702787,0.365217391304348,48.4783537771654,22.3255576605367,36.5217391304348
2022-07-02,133668,108,102662,75,31006,33,111066,79,568997,200,680063,279,0,1415,0,2778,1428,2,"Knox County",470313,224.74394711607,0.348440545808967,59.3221960694261,22.963430736552,34.8440545808967
2022-07-01,133560,184,102587,124,30973,60,110987,130,568797,318,679784,448,0,1415,1,2778,1426,1,"Knox County",470313,222.830327888024,0.345445736434109,95.2557126849566,39.1228819956072,34.5445736434108
2022-06-30,133376,195,102463,118,30913,77,110857,124,568479,308,679336,432,1,1415,2,2777,1425,1,"Knox County",470313,225.807068909428,0.333638863428048,91.8537229462082,41.4617499409967,33.3638863428048
2022-06-29,133181,184,102345,120,30836,64,110733,131,568171,244,678904,375,2,1414,0,2775,1424,1,"Knox County",470313,216.664221486542,0.323204419889503,79.7341345019168,39.1228819956072,32.3204419889503
2022-06-28,132997,183,102225,116,30772,67,110602,122,567927,265,678529,387,1,1412,0,2775,1423,0,"Knox County",470313,220.704084301306,0.302716688227684,82.2856268059781,38.9102576369354,30.2716688227684
2022-06-27,132814,142,102109,100,30705,42,110480,102,567662,167,678142,269,0,1411,0,2775,1423,0,"Knox County",470313,234.099418897628,0.313068651778329,57.1959524827083,30.1926589313925,31.3068651778329
2022-06-26,132672,89,102009,57,30663,32,110378,62,567495,168,677873,230,0,1411,0,2775,1423,0,"Knox County",470313,230.697429158879,0.309917355371901,48.903602494509,18.9235679217883,30.9917355371901
2022-06-25,132583,104,101952,60,30631,44,110316,71,567327,203,677643,274,0,1411,0,2775,1423,0,"Knox County",470313,229.846931724192,0.307246376811594,58.2590742760672,22.1129333018649,30.7246376811594
2022-06-24,132479,145,101892,119,30587,26,110245,128,567124,386,677369,514,0,1411,1,2775,1423,2,"Knox County",470313,221.554581735993,0.298266827891979,109.288920357294,30.8305320074078,29.8266827891979
2022-06-23,132334,185,101773,128,30561,57,110117,136,566738,304,676855,440,1,1411,1,2774,1421,0,"Knox County",470313,219.428338149275,0.302129369224588,93.5547178155824,39.335506354279,30.2129369224588
2022-06-22,132149,182,101645,127,30504,55,109981,131,566434,332,676415,463,0,1410,0,2773,1421,0,"Knox County",470313,219.003089431931,0.291812184710904,98.4450780650333,38.6976332782636,29.1812184710904
2022-06-21,131967,177,101518,88,30449,89,109850,95,566102,175,675952,270,1,1410,1,2773,1421,0,"Knox County",470313,217.727343279901,0.294715447154472,57.4085768413801,37.6345114849047,29.4715447154472
2022-06-20,131790,120,101430,84,30360,36,109755,91,565927,157,675682,248,0,1409,0,2772,1421,1,"Knox County",470313,213.049607389122,0.292742927429274,52.730840950601,25.5149230406134,29.2742927429274
2022-06-19,131670,89,101346,59,30324,30,109664,65,565770,198,675434,263,0,1409,0,2772,1420,0,"Knox County",470313,213.049607389122,0.29004854368932,55.9202063306777,18.9235679217883,29.004854368932
2022-06-18,131581,99,101287,81,30294,18,109599,87,565572,194,675171,281,-1,1409,0,2772,1420,0,"Knox County",470313,211.986485595763,0.295683743444937,59.7474447867697,21.049811508506,29.5683743444937
2022-06-17,131482,133,101206,85,30276,48,109512,89,565378,254,674890,343,3,1410,2,2772,1420,1,"Knox County",470313,209.434993291701,0.300693240901213,72.9301550244199,28.2790397033465,30.0693240901213
2022-06-16,131349,138,101121,104,30228,34,109423,108,565124,301,674547,409,1,1407,0,2770,1419,0,"Knox County",470313,199.441648434128,0.292490118577075,86.9633626967573,29.3421614967054,29.2490118577075
2022-06-15,131211,113,101017,81,30194,32,109315,85,564823,264,674138,349,0,1406,0,2770,1419,1,"Knox County",470313,184.770567685775,0.286638927415626,74.2059011764506,24.0265525299109,28.6638927415626
2022-06-14,131098,170,100936,106,30162,64,109230,114,564559,244,673789,358,2,1406,0,2770,1418,0,"Knox County",470313,183.282197175073,0.283873833851622,76.1195204044966,36.1461409742023,28.3873833851622
2022-06-13,130928,117,100830,71,30098,46,109116,71,564315,150,673431,221,1,1404,0,2770,1418,2,"Knox County",470313,182.644324099057,0.278327338129496,46.989983266463,24.877049964598,27.8327338129496
2022-06-12,130811,79,100759,44,30052,35,109045,48,564165,129,673210,177,1,1403,1,2770,1416,1,"Knox County",470313,180.51808051234,0.281571562207671,37.6345114849047,16.7973243350705,28.1571562207671
2022-06-11,130732,102,100715,82,30017,20,108997,93,564036,227,673033,320,0,1402,0,2769,1415,0,"Knox County",470313,181.155953588355,0.279283417547083,68.039794774969,21.6876845845214,27.9283417547083
2022-06-10,130630,122,100633,77,29997,45,108904,88,563809,368,672713,456,0,1402,1,2769,1415,0,"Knox County",470313,178.817085642965,0.265065502183406,96.9567075543308,25.9401717579569,26.5065502183406
2022-06-09,130508,161,100556,107,29952,54,108816,114,563441,330,672257,444,1,1402,0,2768,1415,0,"Knox County",470313,183.707445892416,0.263655913978495,94.4052152502695,34.2325217461563,26.3655913978495
2022-06-08,130347,150,100449,100,29898,50,108702,116,563111,324,671813,440,0,1401,0,2768,1415,0,"Knox County",470313,191.574547163272,0.266556291390728,93.5547178155824,31.8936538007667,26.6556291390728
2022-06-07,130197,121,100349,70,29848,51,108586,71,562787,169,671373,240,0,1401,0,2768,1415,0,"Knox County",470313,181.155953588355,0.261531766753699,51.0298460812268,25.7275473992852,26.1531766753699
2022-06-06,130076,116,100279,79,29797,37,108515,81,562618,280,671133,361,0,1401,1,2768,1415,0,"Knox County",470313,180.943329229683,0.250615258408532,76.7573934805119,24.6644256059263,25.0615258408532
2022-06-05,129960,75,100200,54,29760,21,108434,57,562338,233,670772,290,3,1401,1,2767,1415,0,"Knox County",470313,180.092831794996,0.243041944335555,61.6610640148157,15.9468269003834,24.3041944335555
2022-06-04,129885,86,100146,72,29739,14,108377,76,562105,300,670482,376,0,1398,0,2766,1415,1,"Knox County",470313,176.690842056248,0.231300345224396,79.9467588605886,18.2856948457729,23.1300345224396
2022-06-03,129799,132,100074,90,29725,42,108301,96,561805,346,670106,442,0,1398,1,2766,1414,3,"Knox County",470313,178.817085642965,0.235634400308523,93.9799665329259,28.0664153446747,23.5634400308523
2022-06-02,129667,114,99984,88,29683,26,108205,96,561459,284,669664,380,0,1398,0,2765,1411,0,"Knox County",470313,168.823740785392,0.234480031633057,80.7972562952757,24.2391768885827,23.4480031633057
2022-06-01,129553,169,99896,90,29657,79,108109,105,561175,303,669284,408,1,1398,1,2765,1411,0,"Knox County",470313,172.863603600156,0.233079695634762,86.7507383380855,35.9335166155305,23.3079695634762
2022-05-31,129384,129,99806,94,29578,35,108004,96,560872,214,668876,310,0,1397,2,2764,1411,0,"Knox County",470313,174.56459846953,0.236462797039346,65.9135511882512,27.4285422686594,23.6462797039346
2022-05-30,129255,57,99712,32,29543,25,107908,36,560658,118,668566,154,0,1397,3,2762,1411,0,"Knox County",470313,162.019761307895,0.238135593220339,32.7441512354538,12.1195884442914,23.8135593220339
2022-05-29,129198,56,99680,43,29518,13,107872,46,560540,200,668412,246,0,1397,0,2759,1411,1,"Knox County",470313,157.979898493131,0.237910189982729,52.3055922332574,11.9069640856196,23.7910189982729
2022-05-28,129142,69,99637,56,29505,13,107826,58,560340,229,668166,287,0,1397,0,2759,1410,0,"Knox County",470313,154.365284395711,0.23933542882802,61.0231909388003,14.6710807483527,23.933542882802
2022-05-27,129073,98,99581,66,29492,32,107768,67,560111,417,667879,484,2,1397,2,2759,1410,0,"Knox County",470313,147.13605620087,0.222124283825474,102.910189597141,20.8371871498343,22.2124283825474
2022-05-26,128975,102,99515,78,29460,24,107701,82,559694,367,667395,449,1,1395,3,2757,1410,1,"Knox County",470313,144.584563896809,0.209580838323353,95.4683370436284,21.6876845845214,20.9580838323353
2022-05-25,128873,108,99437,79,29436,29,107619,86,559327,264,666946,350,2,1394,0,2754,1409,1,"Knox County",470313,131.614478017831,0.206578947368421,74.4185255351224,22.963430736552,20.6578947368421
2022-05-24,128765,106,99358,68,29407,38,107533,73,559063,281,666596,354,0,1392,1,2754,1408,0,"Knox County",470313,126.72411776838,0.192771084337349,75.2690229698095,22.5381820192085,19.2771084337349
2022-05-23,128659,107,99290,71,29369,36,107460,70,558782,337,666242,407,1,1392,2,2753,1408,0,"Knox County",470313,137.355335701969,0.187039192859915,86.5381139794137,22.7508063778803,18.7039192859915
2022-05-22,128552,47,99219,38,29333,9,107390,40,558445,180,665835,220,1,1391,2,2751,1408,0,"Knox County",470313,135.441716473923,0.186593492747942,46.7773589077912,9.99334485757357,18.6593492747942
2022-05-21,128505,55,99181,45,29324,10,107350,49,558265,208,665615,257,0,1390,3,2749,1408,0,"Knox County",470313,132.464975452518,0.185243950813169,54.644460178647,11.6943397269478,18.5243950813169
2022-05-20,128450,87,99136,59,29314,28,107301,63,558057,225,665358,288,0,1390,1,2746,1408,0,"Knox County",470313,130.126107507128,0.199139784946237,61.2358152974721,18.4983192044447,19.9139784946237
2022-05-19,128363,95,99077,67,29286,28,107238,69,557832,254,665070,323,6,1390,1,2745,1408,0,"Knox County",470313,128.637736996426,0.204638472032742,68.6776678509843,20.1993140738189,20.4638472032742
2022-05-18,128268,82,99010,54,29258,28,107169,56,557578,239,664747,295,1,1384,1,2744,1408,0,"Knox County",470313,123.10950367096,0.19589552238806,62.7241858081746,17.4351974110858,19.589552238806
2022-05-17,128186,80,98956,51,29230,29,107113,54,557339,315,664452,369,2,1383,0,2743,1408,0,"Knox County",470313,117.581270345493,0.185734136174155,78.4583883498861,17.0099486937423,18.5734136174155
2022-05-16,128106,64,98905,40,29201,24,107059,39,557024,254,664083,293,0,1381,1,2743,1408,1,"Knox County",470313,108.438422922607,0.180929095354523,62.298937090831,13.6079589549938,18.0929095354523
2022-05-15,128042,39,98865,25,29177,14,107020,27,556770,174,663790,201,0,1381,1,2742,1407,0,"Knox County",470313,106.737428053233,0.176209279368213,42.7374960930274,8.29234998819935,17.6209279368213
2022-05-14,128003,29,98840,21,29163,8,106993,22,556596,145,663589,167,0,1381,1,2741,1407,0,"Knox County",470313,101.209194727766,0.170454545454545,35.508267898187,6.16610640148157,17.0454545454545
2022-05-13,127974,77,98819,55,29155,22,106971,58,556451,251,663422,309,-3,1381,0,2740,1407,1,"Knox County",470313,99.0829511410486,0.166070516096065,65.7009268295794,16.3720756177269,16.6070516096065
2022-05-12,127897,72,98764,45,29133,27,106913,49,556200,301,663113,350,1,1384,0,2740,1406,1,"Knox County",470313,94.1925908915977,0.153729838709677,74.4185255351224,15.308953824368,15.3729838709677
2022-05-11,127825,47,98719,33,29106,14,106864,35,555899,177,662763,212,0,1383,0,2740,1405,0,"Knox County",470313,86.7507383380855,0.149395055234087,45.076364038417,9.99334485757357,14.9395055234087
2022-05-10,127778,78,98686,40,29092,38,106829,43,555722,322,662551,365,1,1383,3,2740,1405,1,"Knox County",470313,86.3254896207419,0.143911439114391,77.607890915199,16.5846999763987,14.3911439114391
2022-05-09,127700,54,98646,31,29054,23,106786,32,555400,181,662186,213,0,1382,1,2737,1404,0,"Knox County",470313,84.1992460340242,0.146395156851954,45.2889883970888,11.481715368276,14.6395156851954
2022-05-08,127646,31,98615,23,29031,8,106754,24,555219,133,661973,157,0,1382,0,2736,1404,0,"Knox County",470313,82.4982511646499,0.148336153412296,33.3820243114692,6.59135511882512,14.8336153412296
2022-05-07,127615,17,98592,10,29023,7,106730,13,555086,174,661816,187,0,1382,0,2736,1404,0,"Knox County",470313,79.9467588605886,0.141662018962632,39.7607550716225,3.61461409742023,14.1662018962632
2022-05-06,127598,51,98582,30,29016,21,106717,34,554912,209,661629,243,0,1382,1,2736,1404,1,"Knox County",470313,74.4185255351224,0.13317892298784,51.6677191572421,10.8438422922607,13.317892298784
2022-05-05,127547,48,98552,31,28995,17,106683,34,554703,185,661386,219,1,1382,0,2735,1403,0,"Knox County",470313,69.3155409269997,0.134711779448622,46.5647345491194,10.2059692162454,13.4711779448622
2022-05-04,127499,54,98521,35,28978,19,106649,38,554518,249,661167,287,1,1381,0,2735,1403,0,"Knox County",470313,70.8039114377021,0.130460801915021,61.0231909388003,11.481715368276,13.0460801915021
2022-05-03,127445,34,98486,21,28959,13,106611,24,554269,145,660880,169,0,1380,0,2735,1403,1,"Knox County",470313,61.4484396561439,0.134915254237288,35.9335166155305,7.22922819484046,13.4915254237288
2022-05-02,127411,37,98465,28,28946,9,106587,32,554124,190,660711,222,3,1380,2,2735,1402,0,"Knox County",470313,57.8338255587237,0.134097035040431,47.2026076251348,7.86710127085579,13.4097035040431
2022-05-01,127374,14,98437,9,28937,5,106555,9,553934,82,660489,91,0,1377,0,2733,1402,0,"Knox County",470313,54.2192114613034,0.129760225669958,19.3488166391318,2.97674102140489,12.9760225669958
2022-04-30,127360,19,98428,14,28932,5,106546,15,553852,141,660398,156,0,1377,0,2733,1402,0,"Knox County",470313,54.644460178647,0.134102379235761,33.1693999527974,4.03986281476378,13.4102379235761
2022-04-29,127341,24,98414,14,28927,10,106531,13,553711,200,660242,213,0,1377,0,2733,1402,1,"Knox County",470313,48.903602494509,0.121591746499632,45.2889883970888,5.10298460812268,12.1591746499632
2022-04-28,127317,32,98400,25,28917,7,106518,26,553511,226,660029,252,1,1377,0,2733,1401,0,"Knox County",470313,45.5016127557605,0.11294964028777,53.5813383852881,6.8039794774969,11.294964028777
2022-04-27,127285,35,98375,25,28910,10,106492,27,553285,181,659777,208,0,1376,0,2733,1401,0,"Knox County",470313,41.4617499409967,0.111365369946606,44.2258666037299,7.44185255351224,11.1365369946606
2022-04-26,127250,39,98350,21,28900,18,106465,21,553104,240,659569,261,0,1376,0,2733,1401,0,"Knox County",470313,42.5248717343556,0.101924447612259,55.4949576133341,8.29234998819935,10.1924447612259
2022-04-25,127211,60,98329,16,28882,44,106444,17,552864,101,659308,118,0,1376,2,2733,1401,1,"Knox County",470313,47.4152319838065,0.0985373364126251,25.0896743232698,12.7574615203067,9.85373364126251
2022-04-24,127151,15,98313,11,28838,4,106427,12,552763,148,659190,160,1,1376,0,2731,1400,1,"Knox County",470313,47.6278563424783,0.0957602339181287,34.0198973874845,3.18936538007667,9.57602339181287
2022-04-23,127136,12,98302,5,28834,7,106415,7,552615,197,659030,204,0,1375,0,2731,1399,0,"Knox County",470313,46.1394858317759,0.086864406779661,43.3753691690427,2.55149230406134,8.6864406779661
2022-04-22,127124,26,98297,19,28827,7,106408,21,552418,210,658826,231,0,1375,0,2731,1399,0,"Knox County",470313,46.5647345491194,0.0913528591352859,49.1162268531808,5.52823332546623,9.13528591352859
2022-04-21,127098,32,98278,23,28820,9,106387,23,552208,231,658595,254,0,1375,0,2731,1399,0,"Knox County",470313,46.5647345491194,0.0891364902506964,54.0065871026317,6.8039794774969,8.91364902506964
2022-04-20,127066,55,98255,32,28811,23,106364,34,551977,247,658341,281,1,1375,0,2731,1399,1,"Knox County",470313,50.817221722555,0.0894632206759443,59.7474447867697,11.6943397269478,8.94632206759443
2022-04-19,127011,29,98223,16,28788,13,106330,17,551730,151,658060,168,0,1374,0,2731,1398,0,"Knox County",470313,48.6909781358372,0.0925141242937853,35.7208922568587,6.16610640148157,9.25141242937853
2022-04-18,126982,38,98207,21,28775,17,106313,21,551579,117,657892,138,0,1374,1,2731,1398,0,"Knox County",470313,44.0132422450581,0.0940111420612813,29.3421614967054,8.07972562952757,9.40111420612813
2022-04-17,126944,16,98186,10,28758,6,106292,9,551462,101,657754,110,0,1374,0,2730,1398,1,"Knox County",470313,44.2258666037299,0.0952380952380952,23.3886794538956,3.40198973874845,9.52380952380952
2022-04-16,126928,10,98176,10,28752,0,106283,12,551361,126,657644,138,0,1374,0,2730,1397,0,"Knox County",470313,43.8006178863863,0.103787878787879,29.3421614967054,2.12624358671778,10.3787878787879
2022-04-15,126918,18,98166,13,28752,5,106271,13,551235,198,657506,211,0,1374,0,2730,1397,0,"Knox County",470313,42.0996230170121,0.0992307692307692,44.8637396797452,3.82723845609201,9.92307692307692
2022-04-14,126900,18,98153,5,28747,13,106258,6,551037,158,657295,164,1,1374,0,2730,1397,1,"Knox County",470313,39.1228819956072,0.0925619834710744,34.8703948221716,3.82723845609201,9.25619834710744
2022-04-13,126882,39,98148,26,28734,13,106252,28,550879,209,657131,237,-1,1373,0,2730,1396,1,"Knox County",470313,35.7208922568587,0.0909090909090909,50.3919730052114,8.29234998819935,9.09090909090909
2022-04-12,126843,23,98122,6,28721,17,106224,8,550670,192,656894,200,5,1374,0,2730,1395,0,"Knox County",470313,34.4451461048281,0.0809682804674457,42.5248717343556,4.8903602494509,8.09682804674457
2022-04-11,126820,22,98116,13,28704,9,106216,13,550478,173,656694,186,1,1369,2,2730,1395,1,"Knox County",470313,31.0431563660796,0.0714285714285714,39.5481307129507,4.67773589077912,7.14285714285714
2022-04-10,126798,9,98103,7,28695,2,106203,7,550305,110,656508,117,0,1368,1,2728,1394,0,"Knox County",470313,29.5547858553772,0.0694333599361532,24.877049964598,1.913619228046,6.94333599361532
2022-04-09,126789,7,98096,5,28693,2,106196,5,550195,148,656391,153,0,1368,0,2727,1394,0,"Knox County",470313,28.9169127793618,0.0630914826498423,32.5315268767821,1.48837051070245,6.30914826498423
2022-04-08,126782,18,98091,15,28691,3,106191,16,550047,176,656238,192,1,1368,0,2727,1394,0,"Knox County",470313,28.9169127793618,0.066453162530024,40.8238768649814,3.82723845609201,6.6453162530024
2022-04-07,126764,16,98076,7,28688,9,106175,10,549871,181,656046,191,5,1367,0,2727,1394,0,"Knox County",470313,28.4916640620183,0.0681818181818182,40.6112525063096,3.40198973874845,6.81818181818182
2022-04-06,126748,21,98069,14,28679,7,106165,16,549690,204,655855,220,-1,1362,0,2727,1394,2,"Knox County",470313,24.6644256059263,0.0595710881652105,46.7773589077912,4.46511153210734,5.95710881652105
2022-04-05,126727,15,98055,12,28672,3,106149,13,549486,198,655635,211,4,1363,0,2727,1392,2,"Knox County",470313,22.963430736552,0.062992125984252,44.8637396797452,3.18936538007667,6.2992125984252
2022-04-04,126712,16,98043,5,28669,11,106136,7,549288,158,655424,165,8,1359,2,2727,1390,0,"Knox County",470313,21.6876845845214,0.0592473979183347,35.0830191808434,3.40198973874845,5.92473979183347
2022-04-03,126696,5,98038,4,28658,1,106129,3,549130,75,655259,78,1,1351,0,2725,1390,1,"Knox County",470313,20.8371871498343,0.0578512396694215,16.5846999763987,1.06312179335889,5.78512396694215
2022-04-02,126691,2,98034,2,28657,0,106126,3,549055,116,655181,119,0,1350,0,2725,1389,1,"Knox County",470313,19.7740653564754,0.0578231292517007,25.3022986819416,0.425248717343556,5.78231292517007
2022-04-01,126689,19,98032,8,28657,11,106123,8,548939,231,655062,239,4,1350,0,2725,1388,0,"Knox County",470313,19.9866897151471,0.0490596892886345,50.817221722555,4.03986281476378,4.90596892886345
2022-03-31,126670,17,98024,7,28646,10,106115,8,548708,238,654823,246,3,1346,0,2725,1388,0,"Knox County",470313,20.1993140738189,0.0453834115805947,52.3055922332574,3.61461409742023,4.53834115805947
2022-03-30,126653,22,98017,10,28636,12,106107,9,548470,256,654577,265,0,1343,1,2725,1388,0,"Knox County",470313,20.4119384324907,0.0385487528344671,56.3454550480212,4.67773589077912,3.85487528344671
2022-03-29,126631,20,98007,8,28624,12,106098,9,548214,192,654312,201,2,1343,0,2724,1388,3,"Knox County",470313,21.4750602258496,0.0357958872810358,42.7374960930274,4.25248717343556,3.57958872810358
2022-03-28,126611,19,97999,12,28612,7,106089,16,548022,332,654111,348,3,1341,0,2724,1385,0,"Knox County",470313,22.1129333018649,0.0374331550802139,73.9932768177788,4.03986281476378,3.74331550802139
2022-03-27,126592,4,97987,3,28605,1,106073,3,547690,73,653763,76,0,1338,0,2724,1385,1,"Knox County",470313,21.9003089431931,0.037483266398929,16.1594512590551,0.850497434687113,3.7483266398929
2022-03-26,126588,8,97984,5,28604,3,106070,5,547617,166,653687,171,0,1338,1,2724,1384,1,"Knox County",470313,23.1760550952238,0.03751617076326,36.3587653328741,1.70099486937423,3.751617076326
2022-03-25,126580,14,97979,7,28601,7,106065,8,547451,244,653516,252,0,1338,1,2723,1383,1,"Knox County",470313,22.1129333018649,0.0372033354714561,53.5813383852881,2.97674102140489,3.72033354714561
2022-03-24,126566,56,97972,9,28594,47,106057,10,547207,187,653264,197,1,1338,0,2722,1382,2,"Knox County",470313,30.4052832900643,0.0397350993377483,41.8869986583403,11.9069640856196,3.97350993377483
2022-03-23,126510,11,97963,6,28547,5,106047,6,547020,201,653067,207,0,1337,0,2722,1380,1,"Knox County",470313,28.0664153446747,0.0392561983471074,44.0132422450581,2.33886794538956,3.92561983471074
2022-03-22,126499,16,97957,11,28542,5,106041,11,546819,150,652860,161,0,1337,1,2722,1379,4,"Knox County",470313,27.2159179099876,0.0417847025495751,34.2325217461563,3.40198973874845,4.17847025495751
2022-03-21,126483,12,97946,6,28537,6,106030,6,546669,125,652699,131,7,1337,1,2721,1375,0,"Knox County",470313,25.7275473992852,0.0410041841004184,27.8537909860029,2.55149230406134,4.10041841004184
2022-03-20,126471,11,97940,8,28531,3,106024,10,546544,98,652568,108,1,1330,0,2720,1375,0,"Knox County",470313,27.2159179099876,0.045639771801141,22.963430736552,2.33886794538956,4.5639771801141
2022-03-19,126460,11,97932,10,28528,1,106014,11,546446,175,652460,186,0,1329,0,2720,1375,0,"Knox County",470313,27.8537909860029,0.0499194847020934,39.5481307129507,2.33886794538956,4.99194847020934
2022-03-18,126449,24,97922,15,28527,9,106003,14,546271,219,652274,233,0,1329,1,2720,1375,2,"Knox County",470313,29.9800345727207,0.0556009811937858,49.5414755705243,5.10298460812268,5.56009811937858
2022-03-17,126425,35,97907,25,28518,10,105989,31,546052,209,652041,240,1,1329,0,2719,1373,2,"Knox County",470313,25.5149230406134,0.0703001579778831,51.0298460812268,7.44185255351224,7.03001579778831
2022-03-16,126390,21,97882,8,28508,13,105958,12,545843,236,651801,248,3,1328,2,2719,1371,2,"Knox County",470313,27.6411666273312,0.0726855394032135,52.730840950601,4.46511153210734,7.26855394032135
2022-03-15,126369,55,97874,18,28495,37,105946,19,545607,257,651553,276,1,1325,1,2717,1369,2,"Knox County",470313,35.9335166155305,0.0724331926863572,58.6843229934108,11.6943397269478,7.24331926863572
2022-03-14,126314,21,97856,16,28458,5,105927,22,545350,228,651277,250,10,1324,0,2716,1367,3,"Knox County",470313,37.8471358435765,0.0772225827384815,53.1560896679445,4.46511153210734,7.72225827384815
2022-03-13,126293,5,97840,5,28453,0,105905,10,545122,484,651027,494,2,1314,0,2716,1364,1,"Knox County",470313,36.5713896915458,0.0617540217955371,105.036433183858,1.06312179335889,6.17540217955371
2022-03-12,126288,9,97835,8,28453,1,105895,9,544638,293,650533,302,0,1312,3,2716,1363,2,"Knox County",470313,36.1461409742023,0.0572687224669604,64.212556318877,1.913619228046,5.72687224669604
2022-03-11,126279,20,97827,13,28452,7,105886,15,544345,467,650231,482,9,1312,0,2713,1361,4,"Knox County",470313,35.2956435395152,0.0514834205933682,102.484940879797,4.25248717343556,5.14834205933682
2022-03-10,126259,28,97814,20,28445,8,105871,23,543878,459,649749,482,4,1303,1,2713,1357,2,"Knox County",470313,33.8072730288127,0.0434096290449882,102.484940879797,5.95348204280979,4.34096290449882
2022-03-09,126231,64,97794,20,28437,44,105848,23,543419,419,649267,442,1,1299,2,2712,1355,2,"Knox County",470313,42.9501204516992,0.0443548387096774,93.9799665329259,13.6079589549938,4.43548387096774
2022-03-08,126167,35,97774,18,28393,17,105825,19,543000,311,648825,330,1,1298,1,2710,1353,3,"Knox County",470313,38.6976332782636,0.0434938892882818,70.1660383616868,7.44185255351224,4.34938892882818
2022-03-07,126132,26,97756,21,28376,5,105806,25,542689,267,648495,292,4,1297,2,2709,1350,0,"Knox County",470313,39.7607550716225,0.0439093484419263,62.0863127321592,5.52823332546623,4.39093484419263
2022-03-06,126106,14,97735,11,28371,3,105781,13,542422,212,648203,225,2,1293,2,2707,1350,0,"Knox County",470313,41.6743742996685,0.049706457925636,47.8404807011501,2.97674102140489,4.9706457925636
2022-03-05,126092,19,97724,10,28368,9,105768,11,542210,266,647978,277,0,1291,1,2705,1350,2,"Knox County",470313,43.8006178863863,0.0509881422924901,58.8969473520825,4.03986281476378,5.09881422924901
2022-03-04,126073,53,97714,29,28359,24,105757,30,541944,380,647701,410,1,1291,1,2704,1348,2,"Knox County",470313,50.817221722555,0.0585842148087876,87.175987055429,11.2690910096042,5.85842148087876
2022-03-03,126020,45,97685,29,28335,16,105727,34,541564,326,647291,360,8,1290,4,2703,1346,2,"Knox County",470313,54.4318358199752,0.0663527397260274,76.5447691218401,9.56809614023002,6.63527397260274
2022-03-02,125975,37,97656,29,28319,8,105693,36,541238,338,646931,374,-2,1282,1,2699,1344,7,"Knox County",470313,48.6909781358372,0.0740740740740741,79.521510143245,7.86710127085579,7.40740740740741
2022-03-01,125938,91,97627,48,28311,43,105657,60,540900,391,646557,451,3,1284,3,2698,1337,2,"Knox County",470313,60.5979422214568,0.0874843030556718,95.893585760972,19.3488166391318,8.74843030556718
2022-02-28,125847,132,97579,88,28268,44,105597,96,540509,549,646106,645,10,1281,4,2695,1335,5,"Knox County",470313,83.1361242406653,0.102115244347192,137.142711343297,28.0664153446747,10.2115244347192
2022-02-27,125715,3,97491,3,28224,0,105501,5,539960,75,645461,80,1,1271,1,2691,1330,5,"Knox County",470313,80.7972562952757,0.104736234116288,17.0099486937423,0.637873076015334,10.4736234116288
2022-02-26,125712,46,97488,32,28224,14,105496,35,539885,275,645381,310,0,1270,2,2690,1325,0,"Knox County",470313,86.5381139794137,0.11254752851711,65.9135511882512,9.7807204989018,11.254752851711
2022-02-25,125666,105,97456,66,28210,39,105461,74,539610,406,645071,480,2,1270,5,2688,1325,6,"Knox County",470313,97.5945806303462,0.125925925925926,102.059692162454,22.3255576605367,12.5925925925926
2022-02-24,125561,141,97390,84,28171,57,105387,94,539204,463,644591,557,1,1268,4,2683,1319,3,"Knox County",470313,118.006519062837,0.138073869520193,118.43176778018,29.9800345727207,13.8073869520193
2022-02-23,125420,139,97306,95,28114,44,105293,114,538741,413,644034,527,6,1267,1,2679,1316,4,"Knox County",470313,139.694203647358,0.15672131147541,112.053037020027,29.5547858553772,15.672131147541
2022-02-22,125281,141,97211,86,28070,55,105179,99,538328,356,643507,455,11,1261,7,2678,1312,3,"Knox County",470313,150.325421580947,0.16928618205632,96.7440831956591,29.9800345727207,16.928618205632
2022-02-21,125140,72,97125,47,28015,25,105080,50,537972,290,643052,340,0,1250,1,2671,1309,5,"Knox County",470313,137.56796006064,0.171335030920335,72.2922819484046,15.308953824368,17.1335030920335
2022-02-20,125068,72,97078,48,27990,24,105030,57,537682,289,642712,346,0,1250,1,2670,1304,2,"Knox County",470313,152.239040808993,0.17346600331675,73.5680281004352,15.308953824368,17.346600331675
2022-02-19,124996,89,97030,54,27966,35,104973,68,537393,322,642366,390,0,1250,1,2669,1302,4,"Knox County",470313,161.38188823188,0.179644588045234,82.9234998819935,18.9235679217883,17.9644588045234
2022-02-18,124907,139,96976,91,27931,48,104905,112,537071,498,641976,610,0,1250,3,2668,1298,4,"Knox County",470313,168.61111642672,0.184186046511628,129.700858789785,29.5547858553772,18.4186046511628
2022-02-17,124768,270,96885,208,27883,62,104793,252,536573,1208,641366,1460,1,1250,2,2665,1294,2,"Knox County",470313,196.039658695379,0.182170542635659,310.431563660796,57.4085768413801,18.2170542635659
2022-02-16,124498,224,96677,145,27821,79,104541,160,535365,546,639906,706,3,1249,3,2663,1292,3,"Knox County",470313,214.112729182481,0.185279777107035,150.112797222275,47.6278563424783,18.5279777107035
2022-02-15,124274,269,96532,212,27742,57,104381,241,534819,592,639200,833,5,1246,6,2660,1289,4,"Knox County",470313,241.328647092468,0.200640341515475,177.116090773591,57.1959524827083,20.0640341515475
2022-02-14,124005,341,96320,205,27685,136,104140,246,534227,602,638367,848,19,1241,8,2654,1285,1,"Knox County",470313,298.524599575177,0.218756017716156,180.305456153668,72.5049063070764,21.8756017716156
2022-02-13,123664,119,96115,100,27549,19,103894,116,533625,283,637519,399,1,1222,1,2646,1284,3,"Knox County",470313,308.51794443275,0.227792603888677,84.8371191100395,25.3022986819416,22.7792603888677
2022-02-12,123545,153,96015,109,27530,44,103778,127,533342,414,637120,541,0,1221,3,2645,1281,6,"Knox County",470313,322.125903387744,0.232351306281267,115.029778041432,32.5315268767821,23.2351306281267
2022-02-11,123392,339,95906,249,27486,90,103651,278,532928,631,636579,909,3,1221,10,2642,1275,5,"Knox County",470313,364.6507751221,0.249297752808989,193.275542032646,72.0796575897328,24.9297752808989
2022-02-10,123053,420,95657,272,27396,148,103373,302,532297,555,635670,857,7,1218,12,2632,1270,3,"Knox County",470313,396.544428922866,0.28863145493815,182.219075381714,89.3022306421468,28.863145493815
2022-02-09,122633,435,95385,305,27248,130,103071,369,531742,606,634813,975,8,1211,4,2620,1267,6,"Knox County",470313,441.408168602611,0.313129429317419,207.308749704984,92.4915960222235,31.3129429317419
2022-02-08,122198,451,95080,331,27118,120,102702,389,531136,462,633838,851,6,1203,8,2616,1261,12,"Knox County",470313,480.105801880875,0.339591078066915,180.943329229683,95.893585760972,33.9591078066914
2022-02-07,121747,588,94749,409,26998,179,102313,441,530674,624,632987,1065,10,1197,11,2608,1249,5,"Knox County",470313,532.624018472804,0.361264963373236,226.444941985444,125.023122899006,36.1264963373236
2022-02-06,121159,250,94340,184,26819,66,101872,214,530050,435,631922,649,0,1187,13,2597,1244,5,"Knox County",470313,560.477809458807,0.362579100393364,137.993208777984,53.1560896679445,36.2579100393364
2022-02-05,120909,269,94156,192,26753,77,101658,220,529615,496,631273,716,0,1187,7,2584,1239,11,"Knox County",470313,585.142235064734,0.367485885088011,152.239040808993,57.1959524827083,36.7485885088011
2022-02-04,120640,649,93964,510,26676,139,101438,581,529119,963,630557,1544,3,1187,3,2577,1228,0,"Knox County",470313,651.055786252985,0.377948024635722,328.292009789225,137.993208777984,37.7948024635722
2022-02-03,119991,1638,93454,502,26537,1136,100857,505,528156,741,629013,1246,1,1184,13,2574,1228,2,"Knox County",470313,910.03225511521,0.385892705080897,264.929950905036,348.278699504373,38.5892705080897
2022-02-02,118353,715,92952,536,25401,179,100352,602,527415,904,627767,1506,7,1183,6,2561,1226,9,"Knox County",470313,969.567075543308,0.389600105582684,320.212284159698,152.026416450321,38.9600105582684
2022-02-01,117638,931,92416,733,25222,198,99750,830,526511,1139,626261,1969,5,1176,12,2555,1217,7,"Knox County",470313,1071.62676770576,0.390224266820011,418.657362224731,197.953277923425,39.0224266820011
2022-01-31,116707,713,91683,517,25024,196,98920,522,525372,605,624292,1127,11,1171,13,2543,1210,2,"Knox County",470313,1098.20481253973,0.396711202466598,239.627652223094,151.601167732978,39.6711202466598
2022-01-30,115994,387,91166,319,24828,68,98398,336,524767,569,623165,905,1,1160,7,2530,1208,6,"Knox County",470313,1127.33434967777,0.398979252191279,192.425044597959,82.2856268059781,39.8979252191279
2022-01-29,115607,677,90847,588,24760,89,98062,644,524198,912,622260,1556,0,1159,5,2523,1202,3,"Knox County",470313,1214.08508801585,0.407997564193647,330.843502093287,143.946690820794,40.7997564193647
2022-01-28,114930,932,90259,770,24671,162,97418,832,523286,1040,620704,1872,3,1159,15,2518,1199,6,"Knox County",470313,1274.25778151997,0.419506924663589,398.032799433569,198.165902282097,41.9506924663589
2022-01-27,113998,1428,89489,1198,24509,230,96586,1272,522246,1472,618832,2744,7,1156,13,2503,1193,8,"Knox County",470313,1229.60666619889,0.431372549019608,583.441240195359,303.627584183299,43.1372549019608
2022-01-26,112570,990,88291,800,24279,190,95314,850,520774,965,616088,1815,4,1149,4,2490,1185,8,"Knox County",470313,1288.07836483363,0.440940940940941,385.913210989277,210.49811508506,44.0940940940941
2022-01-25,111580,1018,87491,766,24089,252,94464,804,519809,930,614273,1734,7,1145,11,2486,1177,6,"Knox County",470313,1306.57668403808,0.447545307581043,368.690637936863,216.45159712787,44.7545307581043
2022-01-24,110562,1316,86725,1082,23837,234,93660,1161,518879,1550,612539,2711,13,1138,15,2475,1171,5,"Knox County",470313,1434.78917231716,0.442303366574192,576.424636359191,279.81365601206,44.2303366574192
2022-01-23,109246,768,85643,679,23603,89,92499,709,517329,818,609828,1527,0,1125,7,2460,1166,10,"Knox County",470313,1515.79905297111,0.449315853571173,324.677395691805,163.295507459926,44.9315853571173
2022-01-22,108478,899,84964,737,23514,162,91790,770,516511,1056,608301,1826,0,1125,14,2453,1156,3,"Knox County",470313,1563.00166059624,0.449645091011315,388.252078934667,191.149298445929,44.9645091011315
2022-01-21,107579,1514,84227,1230,23352,284,91020,1290,515455,1348,606475,2638,1,1125,6,2439,1153,6,"Knox County",470313,1686.74903734322,0.457219073024341,560.903058176151,321.913279029072,45.7219073024341
2022-01-20,106065,1406,82997,1164,23068,242,89730,1214,514107,1152,603837,2366,11,1124,11,2433,1147,2,"Knox County",470313,1682.07130145244,0.465074912772799,503.069232617427,298.94984829252,46.5074912772799
2022-01-19,104659,1662,81833,1302,22826,360,88516,1339,512955,1331,601471,2670,4,1113,7,2422,1145,2,"Knox County",470313,1824.95487047987,0.470979834539814,567.707037653648,353.381684112495,47.0979834539814
2022-01-18,102997,1042,80531,663,22466,379,87177,691,511624,686,598801,1377,6,1109,7,2415,1143,4,"Knox County",470313,1830.05785508799,0.474627853126034,292.783741891039,221.554581735993,47.4627853126034
2022-01-17,101955,1090,79868,859,22087,231,86486,903,510938,1279,597424,2182,7,1103,13,2408,1139,3,"Knox County",470313,1782.00475002817,0.47415329768271,463.94635062182,231.760550952238,47.415329768271
2022-01-16,100865,769,79009,689,21856,80,85583,716,509659,1073,595242,1789,0,1096,7,2395,1136,4,"Knox County",470313,1782.21737438684,0.466258081896552,380.384977663811,163.508131818597,46.6258081896552
2022-01-15,100096,751,78320,597,21776,154,84867,626,508586,816,593453,1442,1,1096,12,2388,1132,2,"Knox County",470313,1750.74896930342,0.468680862831858,306.604325204704,159.680893362505,46.8680862831858
2022-01-14,99345,1300,77723,1048,21622,252,84241,1093,507770,1188,592011,2281,6,1095,10,2376,1130,6,"Knox County",470313,1705.24735654766,0.466576876727866,484.996162130326,276.411666273312,46.6576876727866
2022-01-13,98045,1398,76675,1053,21370,345,83148,1104,506582,1401,589730,2505,6,1089,11,2366,1124,6,"Knox County",470313,1703.54636167829,0.454302962235013,532.624018472804,297.248853423146,45.4302962235013
2022-01-12,96647,1162,75622,886,21025,276,82044,935,505181,1058,587225,1993,1,1083,4,2355,1118,0,"Knox County",470313,1597.2341823424,0.447195813987766,423.760346832854,247.069504776606,44.7195813987766
2022-01-11,95485,1362,74736,1058,20749,304,81109,1093,504123,1283,585232,2376,2,1082,10,2351,1118,3,"Knox County",470313,1665.27397711737,0.444124107633169,505.195476204145,289.594376510962,44.4124107633169
2022-01-10,94123,1000,73678,685,20445,315,80016,714,502840,812,582856,1526,3,1080,5,2341,1115,1,"Knox County",470313,1646.13778483691,0.451480736055204,324.464771333133,212.624358671778,45.1480736055204
2022-01-09,93123,739,72993,626,20130,113,79302,664,502028,1205,581330,1869,5,1077,2,2336,1114,2,"Knox County",470313,1639.75905407675,0.445182961692396,397.394926357553,157.129401058444,44.5182961692396
2022-01-08,92384,620,72367,475,20017,145,78638,509,500823,912,579461,1421,0,1072,10,2334,1112,4,"Knox County",470313,1611.90526309075,0.437477632238208,302.139213672597,131.827102376502,43.7477632238208
2022-01-07,91764,964,71892,747,19872,217,78129,769,499911,1091,578040,1860,0,1072,7,2324,1108,0,"Knox County",470313,1540.46347857703,0.427158671586716,395.481307129507,204.969881759594,42.7158671586716
2022-01-06,90800,1157,71145,739,19655,418,77360,778,498820,1010,576180,1788,2,1072,7,2317,1108,4,"Knox County",470313,1489.22100813713,0.42562144471285,380.172353305139,246.006382983247,42.562144471285
2022-01-05,89643,1210,70406,898,19237,312,76582,940,497810,1255,574392,2195,1,1070,8,2310,1104,1,"Knox County",470313,1499.42697735338,0.419409282700422,466.710467284553,257.275473992852,41.9409282700422
2022-01-04,88433,922,69508,576,18925,346,75642,566,496555,1040,572197,1606,0,1069,6,2302,1103,5,"Knox County",470313,1405.8722595378,0.4027721157766,341.474720026876,196.039658695379,40.27721157766
2022-01-03,87511,714,68932,537,18579,177,75076,504,495515,820,570591,1324,6,1069,7,2296,1098,2,"Knox County",470313,1345.06169295767,0.392108099146149,281.514650881434,151.81379209165,39.2108099146149
2022-01-02,86797,288,68395,206,18402,82,74572,265,494695,651,569267,916,3,1063,9,2289,1096,4,"Knox County",470313,1249.1681071967,0.38982898289829,194.763912543349,61.2358152974721,38.982898289829
2022-01-01,86509,265,68189,217,18320,48,74307,237,494044,767,568351,1004,0,1060,15,2280,1092,0,"Knox County",470313,1173.68645986822,0.379594126998971,213.474856106465,56.3454550480212,37.9594126998971
2021-12-31,86244,591,67972,429,18272,162,74070,470,493277,1008,567347,1478,0,1060,5,2265,1092,3,"Knox County",470313,1094.37757408364,0.364659101929978,314.258802116888,125.660995975021,36.4659101929978
2021-12-30,85653,577,67543,401,18110,176,73600,403,492269,918,565869,1321,2,1060,6,2260,1089,2,"Knox County",470313,971.055446054011,0.343864282811865,280.876777805419,122.684254953616,34.3864282811865
2021-12-29,85076,631,67142,476,17934,155,73197,504,491351,1195,564548,1699,1,1058,5,2254,1087,2,"Knox County",470313,847.945942383051,0.315468549422336,361.248785383351,134.165970321892,31.5468549422336
2021-12-28,84445,427,66666,261,17779,166,72693,281,490156,977,562849,1258,1,1057,5,2249,1085,0,"Knox County",470313,742.696884840521,0.296,267.481443209097,90.7906011528493,29.6
2021-12-27,84018,314,66405,234,17613,80,72412,255,489179,905,561591,1160,2,1056,1,2244,1085,1,"Knox County",470313,657.64714137181,0.273313716613852,246.644256059263,66.7640486229383,27.3313716613852
2021-12-26,83704,61,66171,49,17533,12,72157,60,488274,426,560431,486,7,1054,1,2243,1084,0,"Knox County",470313,609.381411953316,0.262907447061623,103.335438314484,12.9700858789785,26.2907447061623
2021-12-25,83643,85,66122,63,17521,22,72097,74,487848,489,559945,563,1,1047,1,2242,1084,0,"Knox County",470313,571.109027392396,0.25699937225361,119.707513932211,18.0730704871011,25.699937225361
2021-12-24,83558,175,66059,124,17499,51,72023,138,487359,848,559382,986,0,1046,2,2241,1084,0,"Knox County",470313,482.657294184936,0.229492840893885,209.647617650373,37.2092627675612,22.9492840893885
2021-12-23,83383,218,65935,159,17448,59,71885,166,486511,959,558396,1125,4,1046,5,2239,1084,1,"Knox County",470313,406.325149421768,0.203105675415693,239.20240350575,46.3521101904476,20.3105675415693
2021-12-22,83165,175,65776,102,17389,73,71719,101,485552,812,557271,913,46,1042,10,2234,1083,2,"Knox County",470313,309.368441867437,0.165613926975813,194.126039467333,37.2092627675612,16.5613926975813
2021-12-21,82990,176,65674,123,17316,53,71618,120,484740,912,556358,1032,3,996,6,2224,1081,2,"Knox County",470313,255.999727840821,0.145889864325619,219.428338149275,37.421887126233,14.5889864325619
2021-12-20,82814,112,65551,78,17263,34,71498,84,483828,622,555326,706,1,993,3,2218,1079,1,"Knox County",470313,213.049607389122,0.127860953364309,150.112797222275,23.8139281712392,12.7860953364309
2021-12-19,82702,69,65473,49,17229,20,71414,58,483206,556,554620,614,3,992,6,2215,1078,1,"Knox County",470313,214.750602258496,0.12476847954201,130.551356224472,14.6710807483527,12.476847954201
2021-12-18,82633,88,65424,57,17209,31,71356,65,482650,660,554006,725,0,989,3,2209,1077,2,"Knox County",470313,215.388475334511,0.119980331093263,154.152660037039,18.7109435631165,11.9980331093263
2021-12-17,82545,118,65367,76,17178,42,71291,83,481990,1034,553281,1117,2,989,6,2206,1075,2,"Knox County",470313,203.26888689022,0.108632862644416,237.501408636376,25.0896743232698,10.8632862644416
2021-12-16,82427,138,65291,108,17136,30,71208,108,480956,661,552164,769,2,987,3,2200,1073,2,"Knox County",470313,186.258938196478,0.105343771272975,163.508131818597,29.3421614967054,10.5343771272975
2021-12-15,82289,156,65183,113,17106,43,71100,125,480295,841,551395,966,0,985,5,2197,1071,3,"Knox County",470313,182.219075381714,0.108449991566875,205.395130476938,33.1693999527974,10.8449991566875
2021-12-14,82133,101,65070,62,17063,39,70975,66,479454,811,550429,877,3,985,5,2192,1068,3,"Knox County",470313,166.27224848133,0.102009005888466,186.471562555149,21.4750602258496,10.2009005888466
2021-12-13,82032,109,65008,73,17024,36,70909,78,478643,627,549552,705,4,982,3,2187,1065,0,"Knox County",470313,165.634375405315,0.100987354928114,149.900172863604,23.1760550952238,10.0987354928114
2021-12-12,81923,54,64935,29,16988,25,70831,41,478016,493,548847,534,6,978,5,2184,1065,1,"Knox County",470313,162.445010025239,0.0994203407693659,113.54140753073,11.481715368276,9.94203407693659
2021-12-11,81869,65,64906,45,16963,20,70790,51,477523,541,548313,592,0,972,1,2179,1064,3,"Knox County",470313,157.554649775788,0.0992805755395683,125.873620333693,13.8205833136656,9.92805755395683
2021-12-10,81804,85,64861,48,16943,37,70739,57,476982,855,547721,912,0,972,3,2178,1061,2,"Knox County",470313,150.538045939619,0.0982259570494865,193.913415108662,18.0730704871011,9.82259570494865
2021-12-09,81719,164,64813,96,16906,68,70682,107,476127,1017,546809,1124,3,972,2,2175,1059,1,"Knox County",470313,156.066279265085,0.0919439579684764,238.989779147079,34.8703948221716,9.19439579684764
2021-12-08,81555,130,64717,67,16838,63,70575,65,475110,751,545685,816,0,969,7,2173,1058,1,"Knox County",470313,150.538045939619,0.0836330935251798,173.501476676171,27.6411666273312,8.36330935251799
2021-12-07,81425,126,64650,69,16775,57,70510,76,474359,631,544869,707,2,969,2,2166,1057,0,"Knox County",470313,155.853654906413,0.088126159554731,150.325421580947,26.790669192644,8.8126159554731
2021-12-06,81299,148,64581,107,16718,41,70434,115,473728,759,544162,874,8,967,4,2164,1057,3,"Knox County",470313,164.146004894613,0.0921028962043533,185.833689479134,31.4684050834232,9.21028962043533
2021-12-05,81151,43,64474,28,16677,15,70319,33,472969,342,543288,375,2,959,1,2160,1054,0,"Knox County",470313,161.807136949223,0.0933333333333333,79.7341345019168,9.14284742288646,9.33333333333333
2021-12-04,81108,69,64446,50,16662,19,70286,55,472627,499,542913,554,0,957,3,2159,1054,2,"Knox County",470313,162.65763438391,0.0947407683700112,117.793894704165,14.6710807483527,9.47407683700112
2021-12-03,81039,147,64396,103,16643,44,70231,108,472128,1009,542359,1117,3,957,2,2156,1052,2,"Knox County",470313,175.840344621561,0.100413148913239,237.501408636376,31.2557807247514,10.0413148913239
2021-12-02,80892,133,64293,86,16599,47,70123,85,471119,794,541242,879,0,954,4,2154,1050,2,"Knox County",470313,169.248989502735,0.100901916572717,186.896811272493,28.2790397033465,10.0901916572717
2021-12-01,80759,184,64207,141,16552,43,70038,146,470325,1008,540363,1154,4,954,7,2150,1048,1,"Knox County",470313,180.730704871011,0.109187279151943,245.368509907232,39.1228819956072,10.9187279151943
2021-11-30,80575,116,64066,67,16509,49,69892,68,469317,693,539209,761,3,950,6,2143,1047,3,"Knox County",470313,178.604461284294,0.106755337766888,161.807136949223,24.6644256059263,10.6755337766888
2021-11-29,80459,165,63999,128,16460,37,69824,139,468624,967,538448,1106,2,947,5,2137,1044,1,"Knox County",470313,182.219075381714,0.106626303397242,235.162540690987,35.0830191808434,10.6626303397242
2021-11-28,80294,34,63871,22,16423,12,69685,22,467657,270,537342,292,3,945,5,2132,1043,2,"Knox County",470313,180.305456153668,0.106259594064472,62.0863127321592,7.22922819484046,10.6259594064472
2021-11-27,80260,59,63849,31,16411,28,69663,32,467387,266,537050,298,0,942,1,2127,1041,2,"Knox County",470313,178.17921256695,0.107009095773141,63.3620588841899,12.5448371616349,10.7009095773141
2021-11-26,80201,20,63818,18,16383,2,69631,20,467121,298,536752,318,0,942,4,2126,1039,1,"Knox County",470313,151.175919015634,0.10648918469218,67.6145460576254,4.25248717343556,10.648918469218
2021-11-25,80181,52,63800,26,16381,26,69611,30,466823,331,536434,361,0,942,4,2122,1038,5,"Knox County",470313,133.95334596322,0.106526806526807,76.7573934805119,11.0564666509325,10.6526806526807
2021-11-24,80129,105,63774,66,16355,39,69581,73,466492,742,536073,815,0,942,3,2118,1033,4,"Knox County",470313,117.15602162815,0.0971905846621109,173.288852317499,22.3255576605367,9.71905846621109
2021-11-23,80024,98,63708,64,16316,34,69508,64,465750,674,535258,738,0,942,2,2115,1029,0,"Knox County",470313,113.328783172058,0.0967413441955193,156.916776699772,20.8371871498343,9.67413441955193
2021-11-22,79926,107,63644,84,16282,23,69444,82,465076,740,534520,822,0,942,3,2113,1029,0,"Knox County",470313,100.996570369095,0.0886388583973655,174.777222828202,22.7508063778803,8.86388583973655
2021-11-21,79819,44,63560,32,16259,12,69362,37,464336,284,533698,321,0,942,2,2110,1029,2,"Knox County",470313,103.122813955812,0.0920228695888919,68.2524191336408,9.35547178155824,9.20228695888919
2021-11-20,79775,54,63528,37,16247,17,69325,44,464052,537,533377,581,0,942,1,2108,1027,1,"Knox County",470313,102.059692162454,0.0884732052578362,123.534752388303,11.481715368276,8.84732052578362
2021-11-19,79721,112,63491,83,16230,29,69281,81,463515,825,532796,906,0,942,0,2107,1026,0,"Knox County",470313,121.621133160257,0.0904489436619718,192.637668956631,23.8139281712392,9.04489436619718
2021-11-18,79609,81,63408,45,16201,36,69200,50,462690,937,531890,987,3,942,2,2107,1026,0,"Knox County",470313,127.787239561739,0.0833655705996132,209.860242009045,17.222573052414,8.33655705996132
2021-11-17,79528,105,63363,65,16165,40,69150,66,461753,833,530903,899,0,939,1,2105,1026,1,"Knox County",470313,127.787239561739,0.0807004187285877,191.149298445929,22.3255576605367,8.07004187285877
2021-11-16,79423,72,63298,50,16125,22,69084,67,460920,777,530004,844,0,939,2,2104,1025,3,"Knox County",470313,122.259006236272,0.0796641791044776,179.454958718981,15.308953824368,7.96641791044776
2021-11-15,79351,84,63248,45,16103,39,69017,34,460143,459,529160,493,3,939,0,2102,1022,0,"Knox County",470313,117.368645986822,0.0753329357980521,104.823808825187,17.8604461284294,7.53329357980521
2021-11-14,79267,72,63203,62,16064,10,68983,68,459684,624,528667,692,0,936,2,2102,1022,2,"Knox County",470313,123.322128029631,0.075897815623843,147.13605620087,15.308953824368,7.5897815623843
2021-11-13,79195,29,63141,13,16054,16,68915,12,459060,317,527975,329,0,936,2,2100,1020,0,"Knox County",470313,118.006519062837,0.0733980582524272,69.953414003015,6.16610640148157,7.33980582524272
2021-11-12,79166,65,63128,48,16038,17,68903,50,458743,687,527646,737,0,936,4,2098,1020,2,"Knox County",470313,108.013174205263,0.0696647259586428,156.7041523411,13.8205833136656,6.96647259586428
2021-11-11,79101,66,63080,47,16021,19,68853,54,458056,962,526909,1016,0,936,0,2094,1018,0,"Knox County",470313,104.823808825187,0.070059880239521,216.026348410527,14.0332076723374,7.0059880239521
2021-11-10,79035,72,63033,49,16002,23,68799,68,457094,854,525893,922,1,936,2,2094,1018,0,"Knox County",470313,97.807204989018,0.0701370951718657,196.039658695379,15.308953824368,7.01370951718657
2021-11-09,78963,103,62984,73,15979,30,68731,130,456240,1173,524971,1303,1,935,1,2092,1018,1,"Knox County",470313,104.398560107843,0.0757465404224326,277.049539349327,21.9003089431931,7.57465404224326
2021-11-08,78860,78,62911,58,15949,20,68601,70,455067,687,523668,757,6,934,1,2091,1017,3,"Knox County",470313,103.122813955812,0.0785267546907575,160.956639514536,16.5846999763987,7.85267546907575
2021-11-07,78782,30,62853,19,15929,11,68531,22,454380,390,522911,412,0,928,1,2090,1014,3,"Knox County",470313,94.1925908915977,0.0741417092768444,87.6012357727726,6.37873076015334,7.41417092768444
2021-11-06,78752,41,62834,27,15918,14,68509,30,453990,453,522499,483,0,928,2,2089,1011,1,"Knox County",470313,96.7440831956591,0.0753108348134991,102.697565238469,8.7175987055429,7.53108348134991
2021-11-05,78711,52,62807,32,15904,20,68479,36,453537,605,522016,641,0,928,2,2087,1010,0,"Knox County",470313,93.9799665329259,0.0740874593422479,136.29221390861,11.0564666509325,7.40874593422479
2021-11-04,78659,67,62775,45,15884,22,68443,49,452932,667,521375,716,0,928,1,2085,1010,1,"Knox County",470313,94.1925908915977,0.0773786778754299,152.239040808993,14.2458320310091,7.73786778754299
2021-11-03,78592,80,62730,60,15862,20,68394,66,452265,969,520659,1035,0,928,2,2084,1009,2,"Knox County",470313,95.893585760972,0.075369365999626,220.06621122529,17.0099486937423,7.5369365999626
2021-11-02,78512,41,62670,19,15842,22,68328,22,451296,301,519624,323,4,928,1,2082,1007,3,"Knox County",470313,82.7108755233217,0.0675520952599038,68.6776678509843,8.7175987055429,6.75520952599038
2021-11-01,78471,94,62651,70,15820,24,68306,83,450995,661,519301,744,1,924,3,2081,1004,1,"Knox County",470313,86.1128652620702,0.0707395498392283,158.192522851803,19.9866897151471,7.07395498392283
2021-10-31,78377,26,62581,20,15796,6,68223,19,450334,278,518557,297,0,923,1,2078,1003,1,"Knox County",470313,85.262367827383,0.0719509318235433,63.1494345255181,5.52823332546623,7.19509318235433
2021-10-30,78351,56,62561,41,15790,15,68204,43,450056,523,518260,566,0,923,4,2077,1002,0,"Knox County",470313,88.4517332074597,0.0735770476631189,120.345387008226,11.9069640856196,7.35770476631189
2021-10-29,78295,73,62520,59,15775,14,68161,66,449533,846,517694,912,1,923,1,2073,1002,1,"Knox County",470313,92.916844739567,0.0757674722403658,193.913415108662,15.5215781830398,7.57674722403658
2021-10-28,78222,55,62461,32,15761,23,68095,39,448687,561,516782,600,4,922,3,2072,1001,2,"Knox County",470313,90.3653524355057,0.0754969845878937,127.574615203067,11.6943397269478,7.54969845878937
2021-10-27,78167,87,62429,57,15738,30,68056,65,448126,759,516182,824,1,918,3,2069,999,3,"Knox County",470313,91.8537229462082,0.0789967182372246,175.202471545545,18.4983192044447,7.89967182372246
2021-10-26,78080,95,62372,57,15708,38,67991,55,447367,554,515358,609,0,917,5,2066,996,2,"Knox County",470313,103.335438314484,0.0812829525483304,129.488234431113,20.1993140738189,8.12829525483304
2021-10-25,77985,70,62315,46,15670,24,67936,53,446813,491,514749,544,6,917,3,2061,994,1,"Knox County",470313,98.2324537063615,0.078125,115.667651117447,14.8837051070245,7.8125
2021-10-24,77915,38,62269,20,15646,18,67883,23,446322,337,514205,360,1,911,5,2058,993,3,"Knox County",470313,100.783946010423,0.077916194790487,76.5447691218401,8.07972562952757,7.7916194790487
2021-10-23,77877,59,62249,40,15628,19,67860,42,445985,471,513845,513,0,910,1,2053,990,2,"Knox County",470313,101.421819086438,0.0786336542870243,109.076295998622,12.5448371616349,7.86336542870243
2021-10-22,77818,89,62209,55,15609,34,67818,54,445514,551,513332,605,0,910,2,2052,988,2,"Knox County",470313,104.823808825187,0.0816276202219482,128.637736996426,18.9235679217883,8.16276202219482
2021-10-21,77729,125,62154,71,15575,54,67764,78,444963,712,512727,790,3,910,2,2050,986,2,"Knox County",470313,119.707513932211,0.0871613663133098,167.973243350705,26.5780448339723,8.71613663133098
2021-10-20,77604,147,62083,82,15521,65,67686,89,444251,959,511937,1048,3,907,3,2048,984,2,"Knox County",470313,132.464975452518,0.0881628999776236,222.830327888024,31.2557807247514,8.81628999776236
2021-10-19,77457,130,62001,85,15456,45,67597,92,443292,724,510889,816,4,904,3,2045,982,2,"Knox County",470313,139.90682800603,0.0921727972626176,173.501476676171,27.6411666273312,9.21727972626176
2021-10-18,77327,119,61916,88,15411,31,67505,105,442568,607,510073,712,9,900,8,2042,980,3,"Knox County",470313,150.325421580947,0.0997109826589595,151.388543374306,25.3022986819416,9.97109826589595
2021-10-17,77208,63,61828,56,15380,7,67400,61,441961,303,509361,364,1,891,4,2034,977,2,"Knox County",470313,155.641030547742,0.10746699669967,77.3952665565272,13.395334596322,10.746699669967
2021-10-16,77145,54,61772,39,15373,15,67339,42,441658,372,508997,414,0,890,1,2030,975,4,"Knox County",470313,154.577908754383,0.109707306801432,88.0264844901162,11.481715368276,10.9707306801432
2021-10-15,77091,125,61733,90,15358,35,67297,99,441286,794,508583,893,9,890,5,2029,971,2,"Knox County",470313,162.232385666567,0.112368473297598,189.873552293898,26.5780448339723,11.2368473297598
2021-10-14,76966,190,61643,135,15323,55,67198,143,440492,699,507690,842,0,881,7,2024,969,5,"Knox County",470313,176.052968980232,0.123992925918648,179.029710001637,40.3986281476379,12.3992925918648
2021-10-13,76776,119,61508,88,15268,31,67055,99,439793,764,506848,863,7,881,5,2017,964,1,"Knox County",470313,170.099486937423,0.130709624796085,183.494821533745,25.3022986819416,13.0709624796085
2021-10-12,76657,135,61420,103,15237,32,66956,108,439029,821,505985,929,4,874,3,2012,963,9,"Knox County",470313,171.162608730781,0.130954753836954,197.528029206082,28.70428842069,13.0954753836954
2021-10-11,76522,191,61317,136,15205,55,66848,148,438208,581,505056,729,3,870,12,2009,954,1,"Knox County",470313,186.471562555149,0.139054429876837,155.003157471726,40.6112525063096,13.9054429876838
2021-10-10,76331,53,61181,40,15150,13,66700,52,437627,489,504327,541,0,867,4,1997,953,3,"Knox County",470313,184.345318968432,0.132604106697371,115.029778041432,11.2690910096042,13.2604106697371
2021-10-09,76278,64,61141,34,15137,30,66648,46,437138,490,503786,536,0,867,7,1993,950,4,"Knox County",470313,186.471562555149,0.130320645040315,113.966656248073,13.6079589549938,13.0320645040315
2021-10-08,76214,281,61107,115,15107,166,66602,123,436648,936,503250,1059,-1,867,5,1986,946,4,"Knox County",470313,219.640962507947,0.130751045644663,225.169195833413,59.7474447867697,13.0751045644663
2021-10-07,75933,256,60992,169,14941,87,66479,175,435712,1106,502191,1281,6,868,9,1981,942,1,"Knox County",470313,233.674170180284,0.126473560121253,272.371803458548,54.4318358199752,12.6473560121253
2021-10-06,75677,137,60823,101,14854,36,66304,112,434606,835,500910,947,1,862,4,1972,941,5,"Knox County",470313,237.501408636376,0.12686815011624,201.355267662174,29.1295371380336,12.686815011624
2021-10-05,75540,208,60722,118,14818,90,66192,138,433771,915,499963,1053,3,861,4,1968,936,4,"Knox County",470313,253.022986819416,0.129189716889034,223.893449681382,44.2258666037299,12.9189716889034
2021-10-04,75332,307,60604,219,14728,88,66054,245,432856,829,498910,1074,3,858,4,1964,932,2,"Knox County",470313,277.687412425342,0.137266985056232,228.35856121349,65.2756781122359,13.7266985056232
2021-10-03,75025,100,60385,91,14640,9,65809,105,432027,677,497836,782,1,855,6,1960,930,1,"Knox County",470313,287.680757282916,0.140225787284611,166.27224848133,21.2624358671778,14.0225787284611
2021-10-02,74925,67,60294,43,14631,24,65704,50,431350,472,497054,522,5,854,2,1954,929,4,"Knox County",470313,288.318630358931,0.141113426615064,110.989915226668,14.2458320310091,14.1113426615064
2021-10-01,74858,218,60251,147,14607,71,65654,164,430878,965,496532,1129,0,849,8,1952,925,3,"Knox County",470313,274.923295762609,0.145698291101945,240.052900940438,46.3521101904476,14.5698291101945
2021-09-30,74640,239,60104,165,14536,74,65490,185,429913,1104,495403,1289,1,849,8,1944,922,2,"Knox County",470313,271.308681665189,0.146998234255444,274.072798327922,50.817221722555,14.6998234255444
2021-09-29,74401,352,59939,164,14462,188,65305,186,428809,1110,494114,1296,6,848,8,1936,920,3,"Knox County",470313,317.022918779621,0.150174947515745,275.561168838624,74.8437742524659,15.0174947515745
2021-09-28,74049,337,59775,239,14274,98,65119,259,427699,777,492818,1036,2,842,1,1928,917,3,"Knox County",470313,344.451461048281,0.167508417508417,220.278835583962,71.6544088723892,16.7508417508418
2021-09-27,73712,237,59536,160,14176,77,64860,185,426922,760,491782,945,7,840,12,1927,914,6,"Knox County",470313,329.567755941256,0.162023146163738,200.93001894483,50.3919730052114,16.2023146163738
2021-09-26,73475,123,59376,99,14099,24,64675,117,426162,703,490837,820,2,833,1,1915,908,5,"Knox County",470313,334.458116190707,0.162853488702572,174.351974110858,26.1527961166287,16.2853488702572
2021-09-25,73352,110,59277,90,14075,20,64558,102,425459,705,490017,807,0,831,3,1914,903,7,"Knox County",470313,343.600963613593,0.163616498224529,171.587857448125,23.3886794538956,16.3616498224529
2021-09-24,73242,245,59187,166,14055,79,64456,183,424754,938,489210,1121,13,831,5,1911,896,3,"Knox County",470313,349.341821297731,0.166393218485097,238.351906071063,52.0929678745856,16.6393218485097
2021-09-23,72997,350,59021,243,13976,107,64273,268,423816,1370,488089,1638,14,818,9,1906,893,3,"Knox County",470313,372.943125110299,0.169646352603419,348.278699504373,74.4185255351224,16.9646352603419
2021-09-22,72647,250,58778,186,13869,64,64005,201,422446,1260,486451,1461,3,804,4,1897,890,9,"Knox County",470313,351.255440525777,0.167986714358712,310.644188019468,53.1560896679445,16.7986714358712
2021-09-21,72397,392,58592,213,13805,179,63804,226,421186,996,484990,1222,10,801,7,1893,881,4,"Knox County",470313,362.949780252725,0.159970052408285,259.826966296913,83.348748599337,15.9970052408285
2021-09-20,72005,426,58379,304,13626,122,63578,339,420190,1295,483768,1634,5,791,9,1886,877,7,"Knox County",470313,403.135784041691,0.165000574514535,347.428202069686,90.5779767941775,16.5000574514535
2021-09-19,71579,119,58075,87,13504,32,63239,96,418895,432,482134,528,1,786,8,1877,870,8,"Knox County",470313,402.285286607004,0.168232077041969,112.265661378699,25.3022986819416,16.8232077041969
2021-09-18,71460,221,57988,178,13472,43,63143,193,418463,1075,481606,1268,0,785,7,1869,862,13,"Knox County",470313,425.886590419572,0.169747520288548,269.607686795815,46.989983266463,16.9747520288548
2021-09-17,71239,541,57810,417,13429,124,62950,443,417388,1310,480338,1753,5,785,11,1862,849,5,"Knox County",470313,488.823400586418,0.185816498316498,372.730500751627,115.029778041432,18.5816498316498
2021-09-16,70698,577,57393,452,13305,125,62507,483,416078,1518,478585,2001,7,780,16,1851,844,3,"Knox County",470313,537.089130004912,0.200770244248505,425.461341702228,122.684254953616,20.0770244248505
2021-09-15,70121,337,56941,248,13180,89,62024,266,414560,807,476584,1073,6,773,5,1835,841,4,"Knox County",470313,555.587449209356,0.21584555332841,228.145936854818,71.6544088723892,21.584555332841
2021-09-14,69784,550,56693,439,13091,111,61758,474,413753,1406,475511,1880,12,767,8,1830,837,3,"Knox County",470313,589.182097879497,0.226299694189602,399.733794302943,116.943397269478,22.6299694189602
2021-09-13,69234,393,56254,292,12980,101,61284,327,412347,1134,473631,1461,20,755,15,1822,834,9,"Knox County",470313,582.165494043329,0.229024488157367,310.644188019468,83.5613729580088,22.9024488157367
2021-09-12,68841,383,55962,355,12879,28,60957,373,411213,1460,472170,1833,0,735,5,1807,825,8,"Knox County",470313,638.298324732678,0.227083148460378,389.740449445369,81.435129371291,22.7083148460378
2021-09-11,68458,851,55607,693,12851,158,60584,754,409753,2620,470337,3374,4,735,25,1802,817,10,"Knox County",470313,772.251670695898,0.233271028037383,717.39458615858,180.943329229683,23.3271028037383
2021-09-10,67607,1018,54914,744,12693,274,59830,802,407133,2512,466963,3314,1,731,24,1777,807,7,"Knox County",470313,873.673489782336,0.232927155865024,704.637124638273,216.45159712787,23.2927155865024
2021-09-09,66589,309,54170,167,12419,142,59028,172,404621,685,463649,857,1,730,18,1753,800,5,"Knox County",470313,816.6901616583,0.22969837587007,182.219075381714,65.7009268295794,22.969837587007
2021-09-08,66280,291,54003,225,12277,66,58856,247,403936,837,462792,1084,5,729,11,1735,795,6,"Knox County",470313,806.909441159398,0.228138810403535,230.484804800208,61.8736883734874,22.8138810403535
2021-09-07,65989,404,53778,296,12211,108,58609,308,403099,979,461708,1287,3,724,12,1724,789,1,"Knox County",470313,775.866284793319,0.225813777441332,273.647549610578,85.9002409033984,22.5813777441332
2021-09-06,65585,978,53482,782,12103,196,58301,838,402120,3220,460421,4058,1,721,19,1712,788,3,"Knox County",470313,900.251534616309,0.221041310811666,862.829647490076,207.946622780999,22.1041310811666
2021-09-05,64607,966,52700,801,11907,165,57463,833,398900,2998,456363,3831,2,720,15,1693,785,6,"Knox County",470313,1024.21153572196,0.222072451558551,814.563918071582,205.395130476938,22.2072451558551
2021-09-04,63641,535,51899,382,11742,153,56630,404,395902,1502,452532,1906,2,718,10,1678,779,4,"Knox County",470313,957.022238381673,0.22060353798127,405.262027628409,113.754031889401,22.060353798127
2021-09-03,63106,331,51517,237,11589,94,56226,249,394400,909,450626,1158,5,716,8,1668,775,5,"Knox County",470313,810.949303974162,0.215147027713137,246.219007341919,70.3786627203586,21.5147027713137
2021-09-02,62775,316,51280,178,11495,138,55977,197,393491,680,449468,877,3,711,5,1660,770,3,"Knox County",470313,812.437674484864,0.216604464474333,186.471562555149,67.1892973402819,21.6604464474333
2021-09-01,62459,270,51102,208,11357,62,55780,220,392811,645,448591,865,2,708,2,1655,767,3,"Knox County",470313,807.972562952757,0.218066084966385,183.920070251088,57.4085768413801,21.8066084966385
2021-08-31,62189,592,50894,431,11295,161,55560,477,392166,1894,447726,2371,2,706,9,1653,764,4,"Knox County",470313,847.945942383051,0.213593521837249,504.132354410786,125.873620333693,21.3593521837249
2021-08-30,61597,509,50463,404,11134,105,55083,429,390272,1629,445355,2058,9,704,13,1644,760,6,"Knox County",470313,748.225118165987,0.214985458441757,437.580930146519,108.225798563935,21.4985458441757
2021-08-29,61088,481,50059,407,11029,74,54654,441,388643,1484,443297,1925,1,695,5,1631,754,7,"Knox County",470313,645.102304210175,0.2165770609319,409.301890443173,102.272316521125,21.65770609319
2021-08-28,60607,394,49652,301,10955,93,54213,319,387159,1065,441372,1384,0,694,4,1626,747,3,"Knox County",470313,615.122269637454,0.219214137995864,294.272112401741,83.7739973166806,21.9214137995864
2021-08-27,60213,466,49351,370,10862,96,53894,386,386094,1166,439988,1552,5,694,5,1622,744,1,"Knox County",470313,643.826558058144,0.223803480783176,329.9930046586,99.0829511410486,22.3803480783176
2021-08-26,59747,447,48981,345,10766,102,53508,366,384928,1426,438436,1792,5,689,0,1617,743,5,"Knox County",470313,671.680349044147,0.22080857118942,381.022850739826,95.0430883262848,22.080857118942
2021-08-25,59300,346,48636,224,10664,122,53142,235,383502,642,436644,877,2,684,4,1617,738,10,"Knox County",470313,687.839800303202,0.221841291077849,186.471562555149,73.5680281004352,22.1841291077849
2021-08-24,58954,333,48412,221,10542,112,52907,233,382860,677,435767,910,4,682,5,1613,728,0,"Knox County",470313,632.770091407212,0.229472280434368,193.488166391318,70.8039114377021,22.9472280434368
2021-08-23,58621,284,48191,206,10430,78,52674,226,382183,825,434857,1051,1,678,1,1608,728,4,"Knox County",470313,584.929610706062,0.232430723843641,223.468200964039,60.385317862785,23.2430723843641
2021-08-22,58337,239,47985,218,10352,21,52448,234,381358,889,433806,1123,2,677,0,1607,724,2,"Knox County",470313,533.474515907491,0.230060996662447,238.777154788407,50.817221722555,23.0060996662447
2021-08-21,58098,497,47767,375,10331,122,52214,409,380469,1903,432683,2312,0,675,8,1607,722,3,"Knox County",470313,555.374824850684,0.217219507122803,491.587517249151,105.674306259874,21.7219507122803
2021-08-20,57601,424,47392,330,10209,94,51805,356,378566,1148,430371,1504,0,675,6,1599,719,3,"Knox County",470313,546.44460178647,0.215173999372975,319.787035442354,90.1527280768339,21.5173999372975
2021-08-19,57177,367,47062,253,10115,114,51449,262,377418,952,428867,1214,1,675,6,1593,716,0,"Knox County",470313,529.434653092728,0.217439661884106,258.125971427539,78.0331396325426,21.7439661884106
2021-08-18,56810,262,46809,192,10001,70,51187,198,376466,914,427653,1112,2,674,5,1587,716,0,"Knox County",470313,511.574206964298,0.207890743550835,236.438286843017,55.7075819720059,20.7890743550835
2021-08-17,56548,260,46617,179,9931,81,50989,197,375552,1042,426541,1239,0,672,5,1582,716,3,"Knox County",470313,496.052628781258,0.196964939822083,263.441580394333,55.2823332546623,19.6964939822083
2021-08-16,56288,179,46438,126,9850,53,50792,131,374510,421,425302,552,2,672,4,1577,713,0,"Knox County",470313,473.727071120722,0.197327738515901,117.368645986822,38.0597602022483,19.7327738515901
2021-08-15,56109,203,46312,180,9797,23,50661,198,374089,953,424750,1151,3,670,6,1573,713,1,"Knox County",470313,466.072594208538,0.192756494936151,244.730636831217,43.162744810371,19.2756494936151
2021-08-14,55906,220,46132,148,9774,72,50463,155,373136,795,423599,950,0,667,4,1567,712,2,"Knox County",470313,407.175646856455,0.193861693861694,201.993140738189,46.7773589077912,19.3861693861694
2021-08-13,55686,264,45984,205,9702,59,50308,219,372341,1470,422649,1689,1,667,5,1563,710,3,"Knox County",470313,373.155749468971,0.171999494119135,359.122541796633,56.1328306893494,17.1999494119135
2021-08-12,55422,220,45779,144,9643,76,50089,150,370871,643,420960,793,2,666,8,1558,707,2,"Knox County",470313,341.899968744219,0.166711194229228,168.61111642672,46.7773589077912,16.6711194229228
2021-08-11,55202,315,45635,236,9567,79,49939,247,370228,989,420167,1236,1,664,10,1550,705,3,"Knox County",470313,353.169059753823,0.170433639947438,262.803707318318,66.9766729816101,17.0433639947438
2021-08-10,54887,172,45399,108,9488,64,49692,120,369239,621,418931,741,1,663,2,1540,702,4,"Knox County",470313,334.458116190707,0.171541057367829,157.554649775788,36.5713896915458,17.1541057367829
2021-08-09,54715,199,45291,162,9424,37,49572,170,368618,752,418190,922,1,662,5,1538,698,1,"Knox County",470313,338.710603364143,0.168270515904838,196.039658695379,42.3122473756839,16.8270515904838
2021-08-08,54516,89,45129,67,9387,22,49402,75,367866,418,417268,493,1,661,5,1533,697,0,"Knox County",470313,314.47142647556,0.166471277842907,104.823808825187,18.9235679217883,16.6471277842907
2021-08-07,54427,103,45062,74,9365,29,49327,78,367448,638,416775,716,0,660,2,1528,697,0,"Knox County",470313,289.594376510962,0.160698027314112,152.239040808993,21.9003089431931,16.0698027314112
2021-08-06,54324,202,44988,147,9336,55,49249,163,366810,879,416059,1042,0,660,10,1526,697,1,"Knox County",470313,276.411666273312,0.16876998149083,221.554581735993,42.9501204516992,16.876998149083
2021-08-05,54122,173,44841,130,9281,43,49086,146,365931,850,415017,996,2,660,4,1516,696,2,"Knox County",470313,266.418321415738,0.1625447445493,211.773861237091,36.7840140502176,16.25447445493
2021-08-04,53949,144,44711,101,9238,43,48940,104,365081,656,414021,760,1,658,4,1512,694,1,"Knox County",470313,230.059556082864,0.150970017636684,161.594512590551,30.6179076487361,15.0970017636684
2021-08-03,53805,237,44610,176,9195,61,48836,182,364425,812,413261,994,0,657,6,1508,693,3,"Knox County",470313,243.88013939653,0.154989025831504,211.348612519747,50.3919730052114,15.4989025831504
2021-08-02,53568,97,44434,75,9134,22,48654,82,363613,532,412267,614,2,657,3,1502,690,0,"Knox County",470313,222.192454812008,0.147818343722173,130.551356224472,20.6245627911625,14.7818343722173
2021-08-01,53471,105,44359,89,9112,16,48572,99,363081,526,411653,625,0,655,2,1499,690,2,"Knox County",470313,225.594444550757,0.148599269183922,132.890224169861,22.3255576605367,14.8599269183922
2021-07-31,53366,103,44270,63,9096,40,48473,68,362555,399,411028,467,1,655,6,1497,688,0,"Knox County",470313,225.594444550757,0.15351036740633,99.2955754997204,21.9003089431931,15.351036740633
2021-07-30,53263,118,44207,83,9056,35,48405,91,362156,339,410561,430,1,654,0,1491,688,1,"Knox County",470313,207.733998422327,0.158002455996725,91.4284742288646,25.0896743232698,15.8002455996725
2021-07-29,53145,118,44124,67,9021,51,48314,69,361817,483,410131,552,0,653,2,1491,687,1,"Knox County",470313,196.039658695379,0.156461053579469,117.368645986822,25.0896743232698,15.6461053579469
2021-07-28,53027,130,44057,89,8970,41,48245,94,361334,536,409579,630,0,653,4,1489,686,0,"Knox County",470313,193.062917673975,0.158858998144712,133.95334596322,27.6411666273312,15.8858998144712
2021-07-27,52897,117,43968,78,8929,39,48151,84,360798,499,408949,583,0,653,4,1485,686,0,"Knox County",470313,167.547994633361,0.150474237375032,123.960001105647,24.877049964598,15.0474237375032
2021-07-26,52780,97,43890,73,8890,24,48067,78,360299,371,408366,449,1,653,4,1481,686,0,"Knox County",470313,167.547994633361,0.156049250535332,95.4683370436284,20.6245627911625,15.6049250535332
2021-07-25,52683,51,43817,43,8866,8,47989,44,359928,320,407917,364,3,652,5,1477,686,1,"Knox County",470313,156.066279265085,0.151942446043165,77.3952665565272,10.8438422922607,15.1942446043165
2021-07-24,52632,65,43774,44,8858,21,47945,45,359608,348,407553,393,0,649,1,1472,685,2,"Knox County",470313,147.986553635558,0.148485739488386,83.5613729580088,13.8205833136656,14.8485739488386
2021-07-23,52567,55,43730,30,8837,25,47900,32,359260,321,407160,353,1,649,3,1471,683,1,"Knox County",470313,134.591219039236,0.134175691937425,75.0563986111377,11.6943397269478,13.4175691937425
2021-07-22,52512,95,43700,70,8812,25,47868,79,358939,474,406807,553,0,648,3,1468,682,0,"Knox County",470313,129.700858789785,0.137142857142857,117.581270345493,20.1993140738189,13.7142857142857
2021-07-21,52417,61,43630,47,8787,14,47789,46,358465,411,406254,457,1,648,1,1465,682,0,"Knox County",470313,115.029778041432,0.129441624365482,97.1693319130026,12.9700858789785,12.9441624365482
2021-07-20,52356,77,43583,42,8773,35,47743,44,358054,299,405797,343,0,647,3,1464,682,0,"Knox County",470313,106.524803694561,0.126373626373626,72.9301550244199,16.3720756177269,12.6373626373626
2021-07-19,52279,48,43541,36,8738,12,47699,41,357755,348,405454,389,0,647,0,1461,682,0,"Knox County",470313,96.1062101196437,0.116058906030856,82.7108755233217,10.2059692162454,11.6058906030856
2021-07-18,52231,36,43505,30,8726,6,47658,31,357407,271,405065,302,0,647,1,1461,682,1,"Knox County",470313,92.916844739567,0.113978494623656,64.212556318877,7.65447691218401,11.3978494623656
2021-07-17,52195,29,43475,22,8720,7,47627,23,357136,202,404763,225,0,647,1,1460,681,0,"Knox County",470313,85.262367827383,0.112890922959573,47.8404807011501,6.16610640148157,11.2890922959573
2021-07-16,52166,37,43453,21,8713,16,47604,22,356934,291,404538,313,0,647,1,1459,681,0,"Knox County",470313,81.435129371291,0.110766847405112,66.5514242642666,7.86710127085579,11.0766847405112
2021-07-15,52129,55,43432,42,8697,13,47582,44,356643,364,404225,408,-1,647,1,1458,681,0,"Knox County",470313,72.9301550244199,0.10299548625359,86.7507383380855,11.6943397269478,10.299548625359
2021-07-14,52074,21,43390,17,8684,4,47538,16,356279,269,403817,285,0,648,2,1457,681,0,"Knox County",470313,64.4251806775488,0.0975717439293598,60.5979422214568,4.46511153210734,9.75717439293598
2021-07-13,52053,42,43373,26,8680,16,47522,29,356010,355,403532,384,3,648,3,1455,681,0,"Knox County",470313,56.9833281240365,0.0893321769297485,81.6477537299628,8.93022306421468,8.93321769297485
2021-07-12,52011,28,43347,22,8664,6,47493,24,355655,270,403148,294,0,645,1,1452,681,1,"Knox County",470313,52.730840950601,0.0854816824966079,62.5115614495028,5.95348204280979,8.54816824966079
2021-07-11,51983,8,43325,3,8658,5,47469,4,355385,136,402854,140,0,645,0,1451,680,0,"Knox County",470313,46.7773589077912,0.0790629575402635,29.7674102140489,1.70099486937423,7.90629575402635
2021-07-10,51975,20,43322,16,8653,4,47465,16,355249,191,402714,207,0,645,2,1451,680,0,"Knox County",470313,44.8637396797452,0.0763170851797144,44.0132422450581,4.25248717343556,7.63170851797144
2021-07-09,51955,26,43306,20,8649,6,47449,20,355058,338,402507,358,0,645,0,1449,680,1,"Knox County",470313,42.5248717343556,0.0736994219653179,76.1195204044966,5.52823332546623,7.36994219653179
2021-07-08,51929,19,43286,14,8643,5,47429,16,354720,317,402149,333,0,645,0,1449,679,2,"Knox County",470313,34.8703948221716,0.0624687656171914,70.8039114377021,4.03986281476378,6.24687656171914
2021-07-07,51910,18,43272,5,8638,13,47413,5,354403,333,401816,338,1,645,1,1449,677,0,"Knox County",470313,34.2325217461563,0.0555014605647517,71.867033231061,3.82723845609201,5.55014605647517
2021-07-06,51892,24,43267,9,8625,15,47408,13,354070,263,401478,276,0,644,2,1448,677,0,"Knox County",470313,30.4052832900643,0.0503597122302158,58.6843229934108,5.10298460812268,5.03597122302158
2021-07-05,51868,10,43258,7,8610,3,47395,6,353807,105,401202,111,0,644,1,1446,677,0,"Knox County",470313,26.5780448339723,0.0453771979580261,23.6013038125674,2.12624358671778,4.53771979580261
2021-07-04,51858,8,43251,7,8607,1,47389,7,353702,143,401091,150,0,644,1,1445,677,0,"Knox County",470313,26.5780448339723,0.0468133107727016,31.8936538007667,1.70099486937423,4.68133107727016
2021-07-03,51850,9,43244,7,8606,2,47382,7,353559,184,400941,191,0,644,1,1444,677,0,"Knox County",470313,24.2391768885827,0.0421172453044963,40.6112525063096,1.913619228046,4.21172453044963
2021-07-02,51841,17,43237,13,8604,4,47375,17,353375,342,400750,359,-1,644,0,1443,677,0,"Knox County",470313,22.3255576605367,0.040386803185438,76.3321447631684,3.61461409742023,4.0386803185438
2021-07-01,51824,18,43224,15,8600,3,47358,17,353033,248,400391,265,-1,645,1,1443,677,0,"Knox County",470313,22.1129333018649,0.042603550295858,56.3454550480212,3.82723845609201,4.2603550295858
2021-06-30,51806,18,43209,12,8597,6,47341,11,352785,299,400126,310,0,646,0,1442,677,0,"Knox County",470313,22.1129333018649,0.0469314079422383,65.9135511882512,3.82723845609201,4.69314079422383
2021-06-29,51788,21,43197,16,8591,5,47330,19,352486,437,399816,456,0,646,1,1442,677,0,"Knox County",470313,21.4750602258496,0.0456026058631922,96.9567075543308,4.46511153210734,4.56026058631922
2021-06-28,51767,9,43181,2,8586,7,47311,2,352049,113,399360,115,0,646,0,1441,677,0,"Knox County",470313,21.2624358671778,0.0433369447453954,24.4518012472545,1.913619228046,4.33369447453954
2021-06-27,51758,5,43179,3,8579,2,47309,3,351936,151,399245,154,0,646,0,1441,677,0,"Knox County",470313,20.6245627911625,0.0410810810810811,32.7441512354538,1.06312179335889,4.10810810810811
2021-06-26,51753,3,43176,2,8577,1,47306,2,351785,206,399091,208,0,646,0,1441,677,0,"Knox County",470313,19.3488166391318,0.0380289234065345,44.2258666037299,0.637873076015334,3.80289234065345
2021-06-25,51750,13,43174,9,8576,4,47304,11,351579,311,398883,322,0,646,0,1441,677,0,"Knox County",470313,18.4983192044447,0.0355191256830601,68.4650434923126,2.76411666273312,3.55191256830601
2021-06-24,51737,14,43165,9,8572,5,47293,10,351268,364,398561,374,1,646,1,1441,677,1,"Knox County",470313,17.6478217697576,0.0299123259412068,79.521510143245,2.97674102140489,2.99123259412068
2021-06-23,51723,13,43156,6,8567,7,47283,8,350904,282,398187,290,0,645,0,1440,676,1,"Knox County",470313,16.5846999763987,0.0286607608129234,61.6610640148157,2.76411666273312,2.86607608129234
2021-06-22,51710,14,43150,5,8560,9,47275,5,350622,247,397897,252,2,645,1,1440,675,1,"Knox County",470313,15.0963294656962,0.0239067055393586,53.5813383852881,2.97674102140489,2.39067055393586
2021-06-21,51696,9,43145,8,8551,1,47270,9,350375,289,397645,298,0,643,1,1439,674,0,"Knox County",470313,15.0963294656962,0.0252897787144362,63.3620588841899,1.913619228046,2.52897787144363
2021-06-20,51687,3,43137,2,8550,1,47261,3,350086,161,397347,164,1,643,0,1438,674,0,"Knox County",470313,14.6710807483527,0.0251572327044025,34.8703948221716,0.637873076015334,2.51572327044025
2021-06-19,51684,3,43135,1,8549,2,47258,1,349925,191,397183,192,0,642,0,1438,674,0,"Knox County",470313,14.6710807483527,0.0248414376321353,40.8238768649814,0.637873076015334,2.48414376321353
2021-06-18,51681,5,43134,3,8547,2,47257,3,349734,283,396991,286,1,642,0,1438,674,0,"Knox County",470313,12.9700858789785,0.0210129310344828,60.8105665801286,1.06312179335889,2.10129310344828
2021-06-17,51676,12,43131,8,8545,4,47254,9,349451,515,396705,524,0,641,0,1438,674,1,"Knox County",470313,12.5448371616349,0.0189431704885344,111.415163944012,2.55149230406134,1.89431704885344
2021-06-16,51664,7,43123,4,8541,3,47245,4,348936,362,396181,366,1,641,0,1438,673,0,"Knox County",470313,11.2690910096042,0.0163304514889529,77.8205152738708,1.48837051070245,1.63304514889529
2021-06-15,51657,13,43119,9,8538,4,47241,14,348574,428,395815,442,0,640,0,1438,673,0,"Knox County",470313,11.0564666509325,0.0189260563380282,93.9799665329259,2.76411666273312,1.89260563380282
2021-06-14,51644,7,43110,2,8534,5,47227,3,348146,259,395373,262,1,640,0,1438,673,0,"Knox County",470313,10.6312179335889,0.0165474060822898,55.7075819720059,1.48837051070245,1.65474060822898
2021-06-13,51637,3,43108,3,8529,0,47224,4,347887,128,395111,132,0,639,1,1438,673,0,"Knox County",470313,10.6312179335889,0.0172413793103448,28.0664153446747,0.637873076015334,1.72413793103448
2021-06-12,51634,2,43105,1,8529,1,47220,1,347759,226,394979,227,0,639,0,1437,673,1,"Knox County",470313,10.4185935749171,0.0169718624385887,48.2657294184936,0.425248717343556,1.69718624385887
2021-06-11,51632,7,43104,3,8528,4,47219,2,347533,317,394752,319,0,639,0,1437,672,1,"Knox County",470313,10.8438422922607,0.0162852112676056,67.8271704162972,1.48837051070245,1.62852112676056
2021-06-10,51625,7,43101,4,8524,3,47217,5,347216,358,394433,363,0,639,0,1437,671,0,"Knox County",470313,9.7807204989018,0.0156324017053529,77.1826421978555,1.48837051070245,1.56324017053529
2021-06-09,51618,2,43097,1,8521,1,47212,1,346858,367,394070,368,1,639,0,1437,671,1,"Knox County",470313,8.7175987055429,0.0141978230004733,78.2457639912144,0.425248717343556,1.41978230004733
2021-06-08,51616,5,43096,3,8520,2,47211,4,346491,266,393702,270,1,638,0,1437,670,1,"Knox County",470313,7.01660383616868,0.0103039670273055,57.4085768413801,1.06312179335889,1.03039670273055
2021-06-07,51611,16,43093,10,8518,6,47207,10,346225,316,393432,326,0,637,2,1437,669,0,"Knox County",470313,8.93022306421468,0.0134663341645885,69.3155409269997,3.40198973874845,1.34663341645885
2021-06-06,51595,4,43083,2,8512,2,47197,2,345909,178,393106,180,0,637,0,1435,669,1,"Knox County",470313,9.14284742288646,0.0121773015099854,38.2723845609201,0.850497434687113,1.21773015099854
2021-06-05,51591,5,43081,2,8510,3,47195,3,345731,258,392926,261,0,637,0,1435,668,0,"Knox County",470313,9.7807204989018,0.0129372304743651,55.4949576133341,1.06312179335889,1.29372304743651
2021-06-04,51586,7,43079,2,8507,5,47192,3,345473,325,392665,328,1,637,0,1435,668,0,"Knox County",470313,9.7807204989018,0.0133587786259542,69.7407896443432,1.48837051070245,1.33587786259542
2021-06-03,51579,7,43077,4,8502,3,47189,6,345148,458,392337,464,0,636,0,1435,668,0,"Knox County",470313,9.7807204989018,0.0131998179335457,98.6577024237051,1.48837051070245,1.31998179335457
2021-06-02,51572,20,43073,7,8499,13,47183,6,344690,282,391873,288,0,636,1,1435,668,0,"Knox County",470313,13.6079589549938,0.0160604629192253,61.2358152974721,4.25248717343556,1.60604629192253
2021-06-01,51552,12,43066,9,8486,3,47177,10,344408,291,391585,301,0,636,1,1434,668,0,"Knox County",470313,15.0963294656962,0.0186219739292365,63.9999319602052,2.55149230406134,1.86219739292365
2021-05-31,51540,17,43057,14,8483,3,47167,12,344117,353,391284,365,0,636,0,1433,668,0,"Knox County",470313,15.308953824368,0.0192043895747599,77.607890915199,3.61461409742023,1.92043895747599
2021-05-30,51523,3,43043,1,8480,2,47155,1,343764,203,390919,204,0,636,0,1433,668,1,"Knox County",470313,15.0963294656962,0.018543645409317,43.3753691690427,0.637873076015334,1.8543645409317
2021-05-29,51520,14,43042,8,8478,6,47154,6,343561,199,390715,205,0,636,1,1433,667,2,"Knox County",470313,17.0099486937423,0.0204176334106729,43.5879935277145,2.97674102140489,2.04176334106729
2021-05-28,51506,10,43034,6,8472,4,47148,10,343362,390,390510,400,0,636,1,1432,665,0,"Knox County",470313,17.6478217697576,0.0229007633587786,85.0497434687113,2.12624358671778,2.29007633587786
2021-05-27,51496,23,43028,8,8468,15,47138,9,342972,341,390110,350,0,636,1,1431,665,0,"Knox County",470313,21.049811508506,0.0255560814008519,74.4185255351224,4.8903602494509,2.55560814008519
2021-05-26,51473,16,43020,8,8453,8,47129,11,342631,572,389760,583,0,636,0,1430,665,0,"Knox County",470313,20.1993140738189,0.0245016611295681,123.960001105647,3.40198973874845,2.45016611295681
2021-05-25,51457,18,43012,8,8445,10,47118,7,342059,311,389177,318,0,636,1,1430,665,0,"Knox County",470313,21.4750602258496,0.0230927835051546,67.6145460576254,3.82723845609201,2.30927835051546
2021-05-24,51439,25,43004,21,8435,4,47111,24,341748,425,388859,449,0,636,1,1429,665,1,"Knox County",470313,23.1760550952238,0.027102431247509,95.4683370436284,5.31560896679445,2.7102431247509
2021-05-23,51414,16,42983,8,8431,8,47087,8,341323,225,388410,233,1,636,1,1428,664,1,"Knox County",470313,25.9401717579569,0.0295508274231678,49.5414755705243,3.40198973874845,2.95508274231678
2021-05-22,51398,8,42975,4,8423,4,47079,4,341098,269,388177,273,0,635,0,1427,663,0,"Knox County",470313,24.6644256059263,0.0280122793553338,58.0464499173954,1.70099486937423,2.80122793553338
2021-05-21,51390,15,42971,11,8419,4,47075,13,340829,377,387904,390,0,635,1,1427,663,1,"Knox County",470313,25.7275473992852,0.0292758089368259,82.9234998819935,3.18936538007667,2.92758089368259
2021-05-20,51375,34,42960,26,8415,8,47062,27,340452,594,387514,621,0,635,1,1426,662,1,"Knox County",470313,28.0664153446747,0.0327868852459016,132.039726735174,7.22922819484046,3.27868852459016
2021-05-19,51341,14,42934,6,8407,8,47035,6,339858,544,386893,550,0,635,1,1425,661,0,"Knox County",470313,27.6411666273312,0.0314043754410727,116.943397269478,2.97674102140489,3.14043754410727
2021-05-18,51327,24,42928,14,8399,10,47029,14,339314,444,386343,458,1,635,0,1424,661,1,"Knox County",470313,28.9169127793618,0.0322797579018157,97.3819562716744,5.10298460812268,3.22797579018157
2021-05-17,51303,15,42914,8,8389,7,47015,8,338870,420,385885,428,0,634,0,1424,660,0,"Knox County",470313,26.790669192644,0.0270910938029123,91.003225511521,3.18936538007667,2.70910938029123
2021-05-16,51288,22,42906,13,8382,9,47007,12,338450,272,385457,284,1,634,1,1424,660,1,"Knox County",470313,28.0664153446747,0.0279627163781625,60.385317862785,4.67773589077912,2.79627163781625
2021-05-15,51266,23,42893,13,8373,10,46995,17,338178,336,385173,353,0,633,2,1423,659,1,"Knox County",470313,31.2557807247514,0.0314526588845655,75.0563986111377,4.8903602494509,3.14526588845655
2021-05-14,51243,36,42880,25,8363,11,46978,26,337842,498,384820,524,0,633,4,1421,658,0,"Knox County",470313,35.7208922568587,0.0341827221876942,111.415163944012,7.65447691218401,3.41827221876942
2021-05-13,51207,31,42855,17,8352,14,46952,17,337344,376,384296,393,0,633,0,1417,658,0,"Knox County",470313,35.0830191808434,0.0334448160535117,83.5613729580088,6.59135511882512,3.34448160535117
2021-05-12,51176,34,42838,28,8338,6,46935,26,336968,506,383903,532,0,633,0,1417,658,0,"Knox County",470313,39.335506354279,0.0403768506056528,113.116158813386,7.22922819484046,4.03768506056528
2021-05-11,51142,36,42810,30,8332,6,46909,31,336462,555,383371,586,0,633,4,1417,658,0,"Knox County",470313,41.8869986583403,0.0441935483870968,124.597874181662,7.65447691218401,4.41935483870968
2021-05-10,51106,21,42780,14,8326,7,46878,13,335907,277,382785,290,1,633,1,1413,658,1,"Knox County",470313,43.162744810371,0.0479405806887238,61.6610640148157,4.46511153210734,4.79405806887238
2021-05-09,51085,17,42766,14,8319,3,46865,17,335630,369,382495,386,0,632,1,1412,657,0,"Knox County",470313,42.0996230170121,0.047976501305483,82.0730024473064,3.61461409742023,4.7976501305483
2021-05-08,51068,20,42752,11,8316,9,46848,14,335261,307,382109,321,0,632,1,1411,657,0,"Knox County",470313,41.4617499409967,0.0474934036939314,68.2524191336408,4.25248717343556,4.74934036939314
2021-05-07,51048,43,42741,31,8307,12,46834,33,334954,576,381788,609,0,632,0,1410,657,0,"Knox County",470313,42.9501204516992,0.0484440166827077,129.488234431113,9.14284742288646,4.84440166827077
2021-05-06,51005,40,42710,26,8295,14,46801,28,334378,340,381179,368,1,632,0,1410,657,1,"Knox County",470313,44.8637396797452,0.0523932729624838,78.2457639912144,8.50497434687113,5.23932729624838
2021-05-05,50965,51,42684,32,8281,19,46773,38,334038,585,380811,623,0,631,4,1410,656,0,"Knox County",470313,48.4783537771654,0.0546654099905749,132.464975452518,10.8438422922607,5.46654099905749
2021-05-04,50914,50,42652,32,8262,18,46735,34,333453,536,380188,570,0,631,0,1406,656,0,"Knox County",470313,51.4550947985703,0.0558888538048626,121.195884442914,10.6312179335889,5.58888538048626
2021-05-03,50864,24,42620,9,8244,15,46701,7,332917,309,379618,316,1,631,1,1406,656,1,"Knox County",470313,52.0929678745856,0.053554650798622,67.1892973402819,5.10298460812268,5.3554650798622
2021-05-02,50840,25,42611,18,8229,7,46694,20,332608,288,379302,308,0,630,2,1405,655,0,"Knox County",470313,53.7939627439599,0.0558587479935795,65.4883024709077,5.31560896679445,5.58587479935795
2021-05-01,50815,45,42593,35,8222,10,46674,37,332320,450,378994,487,0,630,2,1403,655,0,"Knox County",470313,59.1095717107543,0.060042669917708,103.548062673156,9.56809614023002,6.0042669917708
2021-04-30,50770,57,42558,30,8212,27,46637,29,331870,567,378507,596,0,630,3,1401,655,1,"Knox County",470313,62.0863127321592,0.0590575275397797,126.72411776838,12.1195884442914,5.90575275397797
2021-04-29,50713,54,42528,34,8185,20,46608,35,331303,571,377911,606,0,630,2,1398,654,0,"Knox County",470313,65.0630537535641,0.0570450656018254,128.850361355098,11.481715368276,5.70450656018254
2021-04-28,50659,47,42494,28,8165,19,46573,34,330732,543,377305,577,4,630,1,1396,654,2,"Knox County",470313,64.212556318877,0.0566473988439306,122.684254953616,9.99334485757357,5.66473988439306
2021-04-27,50612,39,42466,17,8146,22,46539,20,330189,392,376728,412,1,626,2,1395,652,1,"Knox County",470313,61.8736883734874,0.0551181102362205,87.6012357727726,8.29234998819935,5.51181102362205
2021-04-26,50573,69,42449,36,8124,33,46519,40,329797,480,376316,520,1,625,0,1393,651,2,"Knox County",470313,71.4417845137175,0.0613234455219624,110.564666509325,14.6710807483527,6.13234455219624
2021-04-25,50504,37,42413,24,8091,13,46479,25,329317,341,375796,366,0,624,3,1393,649,0,"Knox County",470313,73.9932768177788,0.0617283950617284,77.8205152738708,7.86710127085579,6.17283950617284
2021-04-24,50467,35,42389,22,8078,13,46454,28,328976,509,375430,537,0,624,3,1390,649,1,"Knox County",470313,71.867033231061,0.0583840619811843,114.179280606745,7.44185255351224,5.83840619811843
2021-04-23,50432,42,42367,31,8065,11,46426,36,328467,553,374893,589,0,624,2,1387,648,1,"Knox County",470313,68.6776678509843,0.0604380371499861,125.235747257677,8.93022306421468,6.04380371499861
2021-04-22,50390,78,42336,61,8054,17,46390,64,327914,787,374304,851,1,624,1,1385,647,1,"Knox County",470313,73.780652459107,0.064122533748702,180.943329229683,16.5846999763987,6.4122533748702
2021-04-21,50312,62,42275,34,8037,28,46326,34,327127,479,373453,513,1,623,1,1384,646,1,"Knox County",470313,76.9700178391837,0.0652059134107709,109.076295998622,13.1827102376502,6.52059134107709
2021-04-20,50250,38,42241,34,8009,4,46292,38,326648,474,372940,512,1,622,1,1383,645,1,"Knox County",470313,76.7573934805119,0.0681584362139918,108.86367163995,8.07972562952757,6.81584362139918
2021-04-19,50212,64,42207,40,8005,24,46254,39,326174,336,372428,375,0,621,0,1382,644,0,"Knox County",470313,75.694271687153,0.070531659096981,79.7341345019168,13.6079589549938,7.0531659096981
2021-04-18,50148,38,42167,27,7981,11,46215,32,325838,364,372053,396,0,621,1,1382,644,1,"Knox County",470313,75.9068960458248,0.0718261330506229,84.1992460340241,8.07972562952757,7.18261330506229
2021-04-17,50110,37,42140,18,7970,19,46183,23,325474,335,371657,358,0,621,1,1381,643,0,"Knox County",470313,76.3321447631684,0.0740122426265999,76.1195204044966,7.86710127085579,7.40122426265999
2021-04-16,50073,345,42122,329,7951,16,46160,369,325139,2088,371299,2457,1,621,4,1380,643,1,"Knox County",470313,140.757325440717,0.10966678872208,522.418049256559,73.3554037417635,10.966678872208
2021-04-15,49728,86,41793,54,7935,32,45791,55,323051,577,368842,632,1,620,0,1376,642,1,"Knox County",470313,142.458320310091,0.112530993705894,134.378594680564,18.2856948457729,11.2530993705894
2021-04-14,49642,84,41739,59,7903,25,45736,61,322474,684,368210,745,0,619,3,1376,641,0,"Knox County",470313,147.13605620087,0.112694063926941,158.405147210475,17.8604461284294,11.2694063926941
2021-04-13,49558,68,41680,38,7878,30,45675,43,321790,339,367465,382,-5,619,1,1373,641,0,"Knox County",470313,153.514786961024,0.116370439663237,81.2225050126193,14.4584563896809,11.6370439663237
2021-04-12,49490,63,41642,43,7848,20,45632,50,321451,360,367083,410,1,624,0,1372,641,1,"Knox County",470313,153.302162602352,0.117657992565056,87.175987055429,13.395334596322,11.7657992565056
2021-04-11,49427,26,41599,15,7828,11,45582,14,321091,296,366673,310,2,623,0,1372,640,0,"Knox County",470313,150.750670298291,0.116169248205516,65.9135511882512,5.52823332546623,11.6169248205516
2021-04-10,49401,50,41584,33,7817,17,45568,41,320795,571,366363,612,0,621,1,1372,640,1,"Knox County",470313,153.514786961024,0.114095169430425,130.126107507128,10.6312179335889,11.4095169430425
2021-04-09,49351,82,41551,62,7800,20,45527,71,320224,620,365751,691,5,621,2,1371,639,0,"Knox County",470313,97.5945806303462,0.0885774722369117,146.923431842199,17.4351974110858,8.85774722369117
2021-04-08,49269,49,41489,26,7780,23,45456,25,319604,465,365060,490,-6,616,0,1369,639,1,"Knox County",470313,89.7274793594904,0.0837912087912088,104.185935749171,10.4185935749171,8.37912087912088
2021-04-07,49220,76,41463,53,7757,23,45431,57,319139,767,364570,824,2,622,1,1369,638,0,"Knox County",470313,88.0264844901162,0.0809357354127454,175.202471545545,16.1594512590551,8.09357354127454
2021-04-06,49144,73,41410,40,7734,33,45374,44,318372,419,363746,463,2,620,0,1368,638,0,"Knox County",470313,89.089606283475,0.0794736842105263,98.4450780650333,15.5215781830398,7.94736842105263
2021-04-05,49071,44,41370,32,7701,12,45330,35,317953,266,363283,301,0,618,3,1368,638,2,"Knox County",470313,85.0497434687113,0.0777567054998645,63.9999319602052,9.35547178155824,7.77567054998645
2021-04-04,49027,49,41338,31,7689,18,45295,40,317687,341,362982,381,3,618,0,1365,636,1,"Knox County",470313,89.9401037181622,0.0832004253056885,81.0098806539475,10.4185935749171,8.32004253056885
2021-04-03,48978,80,41307,63,7671,17,45255,70,317346,593,362601,663,0,615,0,1365,635,3,"Knox County",470313,96.3188344783155,0.0896931549960661,140.969949799389,17.0099486937423,8.96931549960661
2021-04-02,48898,73,41244,43,7654,30,45185,44,316753,529,361938,573,0,615,2,1365,632,2,"Knox County",470313,94.4052152502695,0.0852503382949932,121.833757518929,15.5215781830398,8.52503382949932
2021-04-01,48825,76,41201,64,7624,12,45141,67,316224,580,361365,647,1,615,1,1363,630,0,"Knox County",470313,100.146072934408,0.0926791277258567,137.56796006064,16.1594512590551,9.26791277258567
2021-03-31,48749,86,41137,65,7612,21,45074,71,315644,765,360718,836,3,614,2,1362,630,2,"Knox County",470313,102.272316521125,0.0960144927536232,177.753963849607,18.2856948457729,9.60144927536232
2021-03-30,48663,56,41072,32,7591,24,45003,38,314879,460,359882,498,1,611,2,1360,628,2,"Knox County",470313,98.6577024237051,0.0936137471146448,105.886930618546,11.9069640856196,9.36137471146448
2021-03-29,48607,42,41040,21,7567,21,44965,22,314419,399,359384,421,5,610,0,1358,626,1,"Knox County",470313,98.2324537063615,0.087583976113461,89.5148550008186,8.93022306421468,8.7583976113461
2021-03-28,48565,80,41019,46,7546,34,44943,49,314020,484,358963,533,2,605,5,1358,625,2,"Knox County",470313,104.823808825187,0.086549988012467,113.328783172058,17.0099486937423,8.6549988012467
2021-03-27,48485,43,40973,40,7512,3,44894,42,313536,442,358430,484,0,603,2,1353,623,2,"Knox County",470313,96.9567075543308,0.0834168336673347,102.910189597141,9.14284742288646,8.34168336673347
2021-03-26,48442,79,40933,54,7509,25,44852,60,313094,416,357946,476,0,603,2,1351,621,2,"Knox County",470313,98.2324537063615,0.089602053915276,101.209194727766,16.7973243350705,8.9602053915276
2021-03-25,48363,87,40879,63,7484,24,44792,67,312678,570,357470,637,0,603,4,1349,619,1,"Knox County",470313,100.571321651751,0.0898326898326898,135.441716473923,18.4983192044447,8.98326898326898
2021-03-24,48276,123,40816,93,7460,30,44725,95,312108,780,356833,875,1,603,3,1345,618,1,"Knox County",470313,108.438422922607,0.0950560652395515,186.046313837806,26.1527961166287,9.50560652395515
2021-03-23,48153,88,40723,58,7430,30,44630,63,311328,530,355958,593,1,602,3,1342,617,1,"Knox County",470313,115.242402400104,0.0990296093555611,126.086244692364,18.7109435631165,9.90296093555611
2021-03-22,48065,111,40665,77,7400,34,44567,79,310798,516,355365,595,2,601,1,1339,616,0,"Knox County",470313,129.913483148456,0.108514190317195,126.511493409708,23.6013038125674,10.8514190317195
2021-03-21,47954,50,40588,33,7366,17,44488,34,310282,330,354770,364,-3,599,1,1338,616,1,"Knox County",470313,123.534752388303,0.10934393638171,77.3952665565272,10.6312179335889,10.934393638171
2021-03-20,47904,59,40555,29,7349,30,44454,33,309952,315,354406,348,0,602,4,1337,615,0,"Knox County",470313,126.936742127052,0.110853909465021,73.9932768177788,12.5448371616349,11.0853909465021
2021-03-19,47845,146,40526,102,7319,44,44421,116,309637,955,354058,1071,3,602,3,1333,615,1,"Knox County",470313,141.182574158061,0.108632612090118,227.720688137474,31.0431563660796,10.8632612090118
2021-03-18,47699,68,40424,50,7275,18,44305,66,308682,627,352987,693,2,599,1,1330,614,0,"Knox County",470313,137.142711343297,0.107072042300066,147.348680559542,14.4584563896809,10.7072042300066
2021-03-17,47631,46,40374,36,7257,10,44239,41,308055,498,352294,539,1,597,3,1329,614,2,"Knox County",470313,120.77063572557,0.102783725910064,114.604529324088,9.7807204989018,10.2783725910064
2021-03-16,47585,128,40338,84,7247,44,44198,100,307557,698,351755,798,0,596,3,1326,612,1,"Knox County",470313,129.275610072441,0.106397459165154,169.674238220079,27.2159179099876,10.6397459165154
2021-03-15,47457,43,40254,28,7203,15,44098,39,306859,290,350957,329,1,596,1,1323,611,1,"Knox County",470313,114.81715368276,0.103573153066152,69.953414003015,9.14284742288646,10.3573153066152
2021-03-14,47414,59,40226,37,7188,22,44059,46,306569,405,350628,451,0,595,0,1322,610,0,"Knox County",470313,116.730772910806,0.104279971624498,95.893585760972,12.5448371616349,10.4279971624498
2021-03-13,47355,70,40189,33,7166,37,44013,40,306164,623,350177,663,1,595,1,1322,610,2,"Knox County",470313,119.069640856196,0.0985915492957746,140.969949799389,14.8837051070245,9.85915492957746
2021-03-12,47285,63,40156,60,7129,3,43973,67,305541,691,349514,758,0,594,1,1321,608,2,"Knox County",470313,101.421819086438,0.0943039470574332,161.169263873208,13.395334596322,9.43039470574332
2021-03-11,47222,80,40096,53,7126,27,43906,64,304850,627,348756,691,2,594,0,1320,606,1,"Knox County",470313,103.9733113905,0.0938756207141168,146.923431842199,17.0099486937423,9.38756207141168
2021-03-10,47142,94,40043,71,7099,23,43842,81,304223,1001,348065,1082,2,592,0,1320,605,0,"Knox County",470313,114.179280606745,0.0915758591785415,230.059556082864,19.9866897151471,9.15758591785415
2021-03-09,47048,80,39972,50,7076,30,43761,55,303222,597,346983,652,0,590,2,1320,605,5,"Knox County",470313,103.9733113905,0.0847384349329875,138.631081853999,17.0099486937423,8.47384349329875
2021-03-08,46968,84,39922,57,7046,27,43706,62,302625,412,346331,474,1,590,0,1318,600,2,"Knox County",470313,112.690910096042,0.0869838608258227,100.783946010423,17.8604461284294,8.69838608258227
2021-03-07,46884,62,39865,39,7019,23,43644,41,302213,327,345857,368,0,589,0,1318,598,0,"Knox County",470313,113.328783172058,0.087457337883959,78.2457639912144,13.1827102376502,8.7457337883959
2021-03-06,46822,122,39826,85,6996,37,43603,94,301886,848,345489,942,0,589,1,1318,598,0,"Knox County",470313,124.38524982299,0.0934165492248842,200.292145868815,25.9401717579569,9.34165492248842
2021-03-05,46700,69,39741,43,6959,26,43509,48,301038,520,344547,568,2,589,2,1317,598,2,"Knox County",470313,125.660995975021,0.0931546996022608,120.77063572557,14.6710807483527,9.31546996022608
2021-03-04,46631,112,39698,85,6933,27,43461,99,300518,1094,343979,1193,5,587,2,1315,596,2,"Knox County",470313,132.464975452518,0.0909263118014775,253.660859895431,23.8139281712392,9.09263118014776
2021-03-03,46519,70,39613,29,6906,41,43362,36,299424,497,342786,533,1,582,4,1313,594,1,"Knox County",470313,127.361990844395,0.0919661733615222,113.328783172058,14.8837051070245,9.19661733615222
2021-03-02,46449,133,39584,91,6865,42,43326,99,298927,807,342253,906,-1,581,2,1309,593,5,"Knox County",470313,138.631081853999,0.096107544141252,192.637668956631,28.2790397033465,9.6107544141252
2021-03-01,46316,56,39493,30,6823,26,43227,33,298120,165,341347,198,1,582,1,1307,588,0,"Knox County",470313,132.67759981119,0.0955819881053526,42.0996230170121,11.9069640856196,9.55819881053526
2021-02-28,46260,77,39463,53,6797,24,43194,63,297955,563,341149,626,2,581,2,1306,588,1,"Knox County",470313,135.866965191266,0.0950463149416029,133.102848528533,16.3720756177269,9.50463149416029
2021-02-27,46183,82,39410,47,6773,35,43131,59,297392,670,340523,729,1,579,3,1304,587,1,"Knox County",470313,127.361990844395,0.09194193141174,155.003157471726,17.4351974110858,9.194193141174
2021-02-26,46101,105,39363,69,6738,36,43072,80,296722,505,339794,585,5,578,1,1301,586,0,"Knox County",470313,135.016467756579,0.0983228511530398,124.38524982299,22.3255576605367,9.83228511530398
2021-02-25,45996,131,39294,92,6702,39,42992,98,296217,1028,339209,1126,2,573,5,1300,586,1,"Knox County",470313,139.056330571343,0.099510950457155,239.415027864422,27.8537909860029,9.9510950457155
2021-02-24,45865,100,39202,70,6663,30,42894,78,295189,969,338083,1047,2,571,2,1295,585,1,"Knox County",470313,145.435061331496,0.097757331799885,222.617703529352,21.2624358671778,9.7757331799885
2021-02-23,45765,115,39132,61,6633,54,42816,68,294220,758,337036,826,5,569,6,1293,584,2,"Knox County",470313,141.607822875404,0.0932450846797742,175.627720262889,24.4518012472545,9.32450846797742
2021-02-22,45650,60,39071,31,6579,29,42748,37,293462,306,336210,343,3,564,3,1287,582,2,"Knox County",470313,142.458320310091,0.0914426353653919,72.9301550244199,12.7574615203067,9.14426353653919
2021-02-21,45590,82,39040,41,6550,41,42711,45,293156,499,335867,544,2,561,3,1284,580,3,"Knox County",470313,143.52144210345,0.0894230769230769,115.667651117447,17.4351974110858,8.94230769230769
2021-02-20,45508,137,38999,98,6509,39,42666,115,292657,1007,335323,1122,1,559,2,1281,577,1,"Knox County",470313,155.215781830398,0.0931521544788128,238.564530429735,29.1295371380336,9.31521544788128
2021-02-19,45371,93,38901,41,6470,52,42551,46,291650,274,334201,320,1,558,2,1279,576,2,"Knox County",470313,152.664289526337,0.0914039039039039,68.039794774969,19.7740653564754,9.14039039039039
2021-02-18,45278,147,38860,104,6418,43,42505,113,291376,987,333881,1100,4,557,5,1277,574,6,"Knox County",470313,156.066279265085,0.0946812523576009,233.886794538956,31.2557807247514,9.46812523576009
2021-02-17,45131,113,38756,68,6375,45,42392,76,290389,891,332781,967,1,553,4,1272,568,3,"Knox County",470313,158.830395927818,0.0957487552661815,205.607754835609,24.0265525299109,9.57487552661815
2021-02-16,45018,145,38688,90,6330,55,42316,102,289498,818,331814,920,2,552,4,1268,565,0,"Knox County",470313,165.209126687972,0.100451467268623,195.614409978036,30.8305320074078,10.0451467268623
2021-02-15,44873,73,38598,34,6275,39,42214,43,288680,312,330894,355,2,550,1,1264,565,1,"Knox County",470313,167.973243350705,0.101351351351351,75.4816473284812,15.5215781830398,10.1351351351351
2021-02-14,44800,162,38564,132,6236,30,42171,134,288368,706,330539,840,2,548,5,1263,564,1,"Knox County",470313,184.983192044447,0.111842105263158,178.604461284294,34.4451461048281,11.1842105263158
2021-02-13,44638,133,38432,89,6206,44,42037,105,287662,870,329699,975,4,546,7,1258,563,4,"Knox County",470313,184.13269460976,0.113018075588826,207.308749704984,28.2790397033465,11.3018075588826
2021-02-12,44505,174,38343,109,6162,65,41932,119,286792,996,328724,1115,3,542,3,1251,559,1,"Knox County",470313,201.355267662174,0.110331632653061,237.076159919033,36.9966384088894,11.0331632653061
2021-02-11,44331,162,38234,112,6097,50,41813,117,285796,1132,327609,1249,5,539,5,1248,558,2,"Knox County",470313,204.544633042251,0.108394331101075,265.567823981051,34.4451461048281,10.8394331101075
2021-02-10,44169,147,38122,105,6047,42,41696,111,284664,1032,326360,1143,7,534,6,1243,556,2,"Knox County",470313,211.773861237091,0.110807943004396,243.029641961842,31.2557807247514,11.0807943004396
2021-02-09,44022,204,38017,149,6005,55,41585,160,283632,1022,325217,1182,0,527,6,1237,554,5,"Knox County",470313,224.318698398726,0.115031345677212,251.321991950042,43.3753691690427,11.5031345677212
2021-02-08,43818,103,37868,68,5950,35,41425,71,282610,371,324035,442,4,527,2,1231,549,3,"Knox County",470313,230.697429158879,0.117621652749784,93.9799665329259,21.9003089431931,11.7621652749784
2021-02-07,43715,109,37800,76,5915,33,41354,83,282239,716,323593,799,1,523,2,1229,546,1,"Knox County",470313,219.428338149275,0.110934105720492,169.886862578751,23.1760550952238,11.0934105720492
2021-02-06,43606,299,37724,173,5882,126,41271,194,281523,1396,322794,1590,2,522,6,1227,545,4,"Knox County",470313,254.72398168879,0.113696808510638,338.072730288127,63.5746832428617,11.3696808510638
2021-02-05,43307,173,37551,128,5756,45,41077,142,280127,727,321204,869,8,520,4,1221,541,3,"Knox County",470313,254.511357330118,0.120703876821556,184.770567685775,36.7840140502176,12.0703876821556
2021-02-04,43134,198,37423,148,5711,50,40935,158,279400,1581,320335,1739,2,512,7,1217,538,8,"Knox County",470313,262.165834242302,0.118366821226172,369.753759730222,42.0996230170121,11.8366821226172
2021-02-03,42936,228,37275,164,5661,64,40777,170,277819,1634,318596,1804,5,510,7,1210,530,0,"Knox County",470313,279.388407294717,0.116083086053412,383.574343043888,48.4783537771654,11.6083086053412
2021-02-02,42708,89,37111,68,5597,21,40607,76,276185,291,316792,367,7,505,1,1203,530,2,"Knox County",470313,254.936606047462,0.117477003942181,78.0331396325426,18.9235679217883,11.7477003942181
2021-02-01,42619,152,37043,83,5576,69,40531,97,275894,425,316425,522,4,498,2,1202,528,3,"Knox County",470313,265.355199622379,0.11963589076723,110.989915226668,32.3189025181103,11.963589076723
2021-01-31,42467,173,36960,119,5507,54,40434,127,275469,939,315903,1066,7,494,4,1200,525,2,"Knox County",470313,278.963158577373,0.12115118763353,226.657566344116,36.7840140502176,12.115118763353
2021-01-30,42294,275,36841,233,5453,42,40307,251,274530,1518,314837,1769,7,487,9,1196,523,6,"Knox County",470313,273.86017396925,0.125491642084562,376.132490490376,58.471698634739,12.5491642084562
2021-01-29,42019,101,36608,52,5411,49,40056,62,273012,376,313068,438,4,480,1,1187,517,5,"Knox County",470313,258.551220144882,0.122128487994809,93.1294690982388,21.4750602258496,12.2128487994809
2021-01-28,41918,156,36556,116,5362,40,39994,127,272636,656,312630,783,9,476,6,1186,512,4,"Knox County",470313,249.620997080668,0.13483479033931,166.484872840002,33.1693999527974,13.483479033931
2021-01-27,41762,169,36440,124,5322,45,39867,125,271980,893,311847,1018,12,467,3,1180,508,4,"Knox County",470313,237.076159919033,0.145061210799933,216.45159712787,35.9335166155305,14.5061210799933
2021-01-26,41593,230,36316,169,5277,61,39742,191,271087,1041,310829,1232,3,455,8,1177,504,7,"Knox County",470313,267.056194491753,0.143526654950205,261.953209883631,48.903602494509,14.3526654950205
2021-01-25,41363,157,36147,106,5216,51,39551,115,270046,415,309597,530,9,452,1,1169,497,4,"Knox County",470313,268.119316285112,0.145991808074898,112.690910096042,33.3820243114692,14.5991808074898
2021-01-24,41206,152,36041,101,5165,51,39436,109,269631,790,309067,899,4,443,2,1168,493,5,"Knox County",470313,263.654204753005,0.1469485680012,191.149298445929,32.3189025181103,14.69485680012
2021-01-23,41054,307,35940,220,5114,87,39327,231,268841,1492,308168,1723,7,439,7,1166,488,4,"Knox County",470313,270.458184230502,0.144949418692435,366.351769991474,65.2756781122359,14.4949418692435
2021-01-22,40747,178,35720,142,5027,36,39096,175,267349,1172,306445,1347,3,432,8,1159,484,8,"Knox County",470313,286.830259848229,0.142458842272969,286.405011130885,37.8471358435765,14.2458842272969
2021-01-21,40569,257,35578,187,4991,70,38921,199,266177,1078,305098,1277,11,429,5,1151,476,6,"Knox County",470313,308.305320074078,0.142661350610516,271.521306023861,54.644460178647,14.2661350610516
2021-01-20,40312,193,35391,132,4921,61,38722,131,265099,736,303821,867,10,418,8,1146,470,10,"Knox County",470313,313.408304682201,0.14615873015873,184.345318968432,41.0365012236532,14.615873015873
2021-01-19,40119,310,35259,195,4860,115,38591,218,264363,956,302954,1174,8,408,14,1138,460,4,"Knox County",470313,330.418253375943,0.150697198413714,249.620997080668,65.9135511882512,15.0697198413714
2021-01-18,39809,128,35064,79,4745,49,38373,85,263407,472,301780,557,7,400,4,1124,456,9,"Knox County",470313,324.252146974462,0.146353901070882,118.43176778018,27.2159179099876,14.6353901070882
2021-01-17,39681,180,34985,137,4696,43,38288,150,262935,690,301223,840,3,393,8,1120,447,6,"Knox County",470313,330.205629017271,0.152729608220938,178.604461284294,38.2723845609201,15.2729608220938
2021-01-16,39501,418,34848,338,4653,80,38138,387,262245,1757,300383,2144,1,390,7,1112,441,8,"Knox County",470313,353.806932829839,0.163904460151109,455.866624992292,88.8769819248033,16.3904460151109
2021-01-15,39083,187,34510,149,4573,38,37751,153,260488,755,298239,908,0,389,4,1105,433,10,"Knox County",470313,355.720552057885,0.170336037079954,193.062917673975,39.7607550716225,17.0336037079954
2021-01-14,38896,334,34361,264,4535,70,37598,288,259733,1480,297331,1768,6,389,8,1101,423,7,"Knox County",470313,372.092627675612,0.170985710825866,375.919866131704,71.0165357963739,17.0985710825866
2021-01-13,38562,243,34097,195,4465,48,37310,201,258253,946,295563,1147,12,383,6,1093,416,2,"Knox County",470313,382.723845609201,0.173576950105411,243.88013939653,51.6677191572421,17.3576950105411
2021-01-12,38319,330,33902,259,4417,71,37109,281,257307,1180,294416,1461,10,371,6,1087,414,5,"Knox County",470313,386.976332782636,0.175070821529745,310.644188019468,70.1660383616868,17.5070821529745
2021-01-11,37989,243,33643,196,4346,47,36828,228,256127,726,292955,954,4,361,5,1081,409,6,"Knox County",470313,411.428134029891,0.183040555194101,202.843638172876,51.6677191572421,18.3040555194101
2021-01-10,37746,324,33447,203,4299,121,36600,220,255401,1013,292001,1233,5,357,17,1076,403,6,"Knox County",470313,442.046041678627,0.182839313572543,262.165834242302,68.8902922096561,18.2839313572543
2021-01-09,37422,467,33244,386,4178,81,36380,421,254388,1383,290768,1804,5,352,11,1059,397,2,"Knox County",470313,452.464635253544,0.193207547169811,383.574343043888,99.2955754997204,19.3207547169811
2021-01-08,36955,453,32858,365,4097,88,35959,387,253005,1432,288964,1819,7,347,6,1048,395,8,"Knox County",470313,509.022714660237,0.198900451600236,386.763708423964,96.3188344783155,19.8900451600236
2021-01-07,36502,379,32493,337,4009,42,35572,348,251573,1309,287145,1657,10,340,9,1042,387,3,"Knox County",470313,518.590810800467,0.207047146401985,352.318562319136,80.5846319366039,20.7047146401985
2021-01-06,36123,487,32156,357,3967,130,35224,374,250264,1187,285488,1561,9,330,15,1033,384,9,"Knox County",470313,570.471154316381,0.215368481266088,331.906623886646,103.548062673156,21.5368481266088
2021-01-05,35636,514,31799,323,3837,191,34850,342,249077,1192,283927,1534,14,321,14,1018,375,6,"Knox County",470313,609.594036311988,0.219655368301458,326.165766202508,109.288920357294,21.9655368301458
2021-01-04,35122,321,31476,228,3646,93,34508,249,247885,654,282393,903,6,307,6,1004,369,8,"Knox County",470313,626.178736288387,0.22271905622681,191.999795880616,68.2524191336408,22.271905622681
2021-01-03,34801,283,31248,182,3553,101,34259,195,247231,608,281490,803,2,301,9,998,361,9,"Knox County",470313,617.461137582844,0.229739113183216,170.737360013438,60.1726935041132,22.9739113183216
2021-01-02,34518,420,31066,318,3452,102,34064,342,246623,1095,280687,1437,0,299,23,989,352,4,"Knox County",470313,607.46779272527,0.230286184887791,305.541203411345,89.3022306421468,23.0286184887791
2021-01-01,34098,416,30748,346,3350,70,33722,373,245528,1297,279250,1670,2,299,9,966,348,6,"Knox County",470313,599.600691454414,0.232409827496079,355.08267898187,88.4517332074597,23.2409827496079
2020-12-31,33682,449,30402,312,3280,137,33349,322,244231,929,277580,1251,12,297,8,957,342,3,"Knox County",470313,614.484396561439,0.239873348618845,265.993072698394,95.4683370436284,23.9873348618845
2020-12-30,33233,363,30090,248,3143,115,33027,271,243302,931,276329,1202,6,285,9,949,339,4,"Knox County",470313,588.118976086138,0.237954545454545,255.574479123477,77.1826421978555,23.7954545454545
2020-12-29,32870,590,29842,398,3028,192,32756,420,242371,1081,275127,1501,7,279,14,940,335,8,"Knox County",470313,604.278427345194,0.247747233945477,319.149162366339,125.448371616349,24.7747233945477
2020-12-28,32280,252,29444,174,2836,78,32336,185,241290,565,273626,750,4,272,4,926,327,5,"Knox County",470313,589.607346596841,0.244717901091247,159.468269003834,53.5813383852881,24.4717901091247
2020-12-27,32028,230,29270,156,2758,74,32151,172,240725,489,272876,661,3,268,8,922,322,7,"Knox County",470313,578.338255587237,0.246104815864023,140.544701082045,48.903602494509,24.6104815864023
2020-12-26,31798,359,29114,289,2684,70,31979,329,240236,1063,272215,1392,0,265,10,914,315,6,"Knox County",470313,565.368169708258,0.245876349827934,295.973107271115,76.3321447631684,24.5876349827934
2020-12-25,31439,353,28825,287,2614,66,31650,308,239173,1070,270823,1378,1,265,5,904,309,7,"Knox County",470313,551.972835111936,0.246711739397664,292.99636624971,75.0563986111377,24.6711739397664
2020-12-24,31086,351,28538,277,2548,74,31342,311,238103,1273,269445,1584,5,264,8,899,302,7,"Knox County",470313,531.135647962102,0.235710911667454,336.796984136097,74.6311498937941,23.5710911667454
2020-12-23,30735,472,28261,351,2474,121,31031,371,236830,1411,267861,1782,6,259,9,891,295,6,"Knox County",470313,554.311703057326,0.231653404067197,378.896607153109,100.358697293079,23.1653404067197
2020-12-22,30263,530,27910,392,2353,138,30660,432,235419,1470,266079,1902,7,253,15,882,289,6,"Knox County",470313,541.554241537019,0.223092390729178,404.411530193722,112.690910096042,22.3092390729178
2020-12-21,29733,442,27518,361,2215,81,30228,391,233949,1422,264177,1813,2,246,5,867,283,3,"Knox County",470313,581.952869684657,0.220129375951294,385.487962271934,93.9799665329259,22.0129375951294
2020-12-20,29291,514,27157,431,2134,83,29837,478,232527,2245,262364,2723,2,244,7,862,280,6,"Knox County",470313,642.338187547442,0.208366470494672,578.976128663252,109.288920357294,20.8366470494672
2020-12-19,28777,525,26726,441,2051,84,29359,489,230282,1445,259641,1934,6,242,14,855,274,7,"Knox County",470313,677.633831086957,0.211954864287893,411.215509671219,111.627788302684,21.1954864287893
2020-12-18,28252,480,26285,420,1967,60,28870,430,228837,1358,257707,1788,4,236,11,841,267,6,"Knox County",470313,704.637124638273,0.214549756025432,380.172353305139,102.059692162454,21.4549756025433
2020-12-17,27772,733,25865,635,1907,98,28440,663,227479,1898,255919,2561,11,232,11,830,261,4,"Knox County",470313,785.859629650892,0.224367372267807,544.530982558424,155.853654906413,22.4367372267807
2020-12-16,27039,564,25230,453,1809,111,27777,472,225581,1729,253358,2201,8,221,11,819,257,4,"Knox County",470313,805.421070648696,0.224835812893714,467.986213436584,119.920138290883,22.4835812893714
2020-12-15,26475,765,24777,675,1698,90,27305,716,223852,2415,251157,3131,2,213,15,808,253,8,"Knox County",470313,855.387794936564,0.225311126246053,665.726867001337,162.65763438391,22.5311126246053
2020-12-14,25710,472,24102,411,1608,61,26589,461,221437,1624,248026,2085,6,211,7,793,245,8,"Knox County",470313,861.766525696717,0.225841807221579,443.321787830657,100.358697293079,22.584180722158
2020-12-13,25238,628,23691,572,1547,56,26128,754,219813,2935,245941,3689,2,205,10,786,237,6,"Knox County",470313,886.0057025853,0.229167864742078,784.37125914019,133.528097245877,22.9167864742078
2020-12-12,24610,464,23119,392,1491,72,25374,454,216878,2171,242252,2625,3,203,19,776,231,4,"Knox County",470313,873.035616706321,0.218473451327434,558.138941513418,98.6577024237051,21.8473451327434
2020-12-11,24146,557,22727,523,1419,34,24920,429,214707,1406,239627,1835,6,200,10,757,227,2,"Knox County",470313,889.407692324048,0.21785182324709,390.165698162713,118.43176778018,21.785182324709
2020-12-10,23589,473,22204,415,1385,58,24491,538,213301,1910,237792,2448,8,194,9,747,225,10,"Knox County",470313,834.125359069386,0.212279338292439,520.504430028513,100.571321651751,21.2279338292439
2020-12-09,23116,407,21789,337,1327,70,23953,359,211391,924,235344,1283,2,186,13,738,215,3,"Knox County",470313,800.743334757917,0.217068320074871,272.797052175891,86.5381139794137,21.7068320074871
2020-12-08,22709,491,21452,446,1257,45,23594,538,210467,2077,234061,2615,9,184,10,725,212,2,"Knox County",470313,742.484260481849,0.213088057901086,556.0126979267,104.398560107843,21.3088057901086
2020-12-07,22218,323,21006,271,1212,52,23056,317,208390,1135,231446,1452,3,175,6,715,210,3,"Knox County",470313,710.803231039754,0.212516460776322,308.730568791422,68.6776678509843,21.2516460776322
2020-12-06,21895,332,20735,291,1160,41,22739,187,207255,668,229994,855,6,172,6,709,207,4,"Knox County",470313,647.866420872908,0.215206283840464,181.79382666437,70.5912870790304,21.5206283840464
2020-12-05,21563,289,20444,263,1119,26,22552,213,206587,714,229139,927,2,166,8,703,203,2,"Knox County",470313,610.657158105347,0.22610600087604,197.102780488738,61.4484396561439,22.610600087604
2020-12-04,21274,354,20181,322,1093,32,22339,297,205873,1091,228212,1388,5,164,11,695,201,5,"Knox County",470313,567.494413294976,0.223285922684172,295.122609836428,75.2690229698095,22.3285922684172
2020-12-03,20920,441,19859,424,1061,17,22042,448,204782,1215,226824,1663,2,159,10,684,196,2,"Knox County",470313,560.690433817479,0.231660610821958,353.594308471167,93.7673421742542,23.1660610821958
2020-12-02,20479,192,19435,170,1044,22,21594,185,203567,575,225161,760,2,157,7,674,194,5,"Knox County",470313,514.976196703047,0.226190476190476,161.594512590551,40.8238768649814,22.6190476190476
2020-12-01,20287,403,19265,380,1022,23,21409,409,202992,1832,224401,2241,5,155,7,667,189,3,"Knox County",470313,496.26525313993,0.221408572043937,476.491187783455,85.6876165447266,22.1408572043937
2020-11-30,19884,385,18885,371,999,14,21000,436,201160,1815,222160,2251,1,150,3,660,186,3,"Knox County",470313,509.44796337758,0.215666831928607,478.617431370173,81.8603780886346,21.5666831928607
2020-11-29,19499,226,18514,218,985,8,20564,260,199345,1464,219909,1724,0,149,5,657,183,6,"Knox County",470313,486.909781358372,0.205221836771955,366.564394350146,48.0531050598219,20.5221836771955
2020-11-28,19273,270,18296,256,977,14,20304,299,197881,1967,218185,2266,0,149,8,652,177,4,"Knox County",470313,482.869918543608,0.189864150329456,481.806796750249,57.4085768413801,18.9864150329456
2020-11-27,19003,235,18040,215,963,20,20005,249,195914,1247,215919,1496,3,149,12,644,173,3,"Knox County",470313,457.567619861667,0.184339972582856,318.08604057298,49.9667242878679,18.4339972582856
2020-11-26,18768,344,17825,341,943,3,19756,441,194667,1429,214423,1870,4,146,5,632,170,6,"Knox County",470313,436.943057070504,0.180758248730964,397.607550716225,73.1427793830917,18.0758248730964
2020-11-25,18424,219,17484,193,940,26,19315,123,193238,325,212553,448,0,142,3,627,164,2,"Knox County",470313,442.683914754642,0.18030253741054,95.2557126849566,46.5647345491194,18.030253741054
2020-11-24,18205,153,17291,130,914,23,19192,116,192913,673,212105,789,2,142,6,624,162,2,"Knox County",470313,389.527825086698,0.177425304315751,167.760618992033,32.5315268767821,17.7425304315751
2020-11-23,18052,167,17161,147,891,20,19076,100,192240,391,211316,491,3,140,7,618,160,7,"Knox County",470313,343.17571489625,0.174812857771907,104.398560107843,35.508267898187,17.4812857771907
2020-11-22,17885,220,17014,212,871,8,18976,258,191849,1804,210825,2062,2,137,5,611,153,2,"Knox County",470313,341.899968744219,0.168329441732116,438.431427581207,46.7773589077912,16.8329441732116
2020-11-21,17665,173,16802,169,863,4,18718,198,190045,1465,208763,1663,0,135,4,606,151,2,"Knox County",470313,321.275405953057,0.168386438371697,353.594308471167,36.7840140502176,16.8386438371697
2020-11-20,17492,178,16633,169,859,9,18520,163,188580,791,207100,954,7,135,5,602,149,4,"Knox County",470313,309.155817508765,0.169022592726833,202.843638172876,37.8471358435765,16.9022592726833
2020-11-19,17314,166,16464,148,850,18,18357,128,187789,663,206146,791,2,128,4,597,145,5,"Knox County",470313,271.308681665189,0.15087524312309,168.185867709377,35.2956435395152,15.087524312309
2020-11-18,17148,168,16316,163,832,5,18229,179,187126,874,205355,1053,0,126,7,593,140,2,"Knox County",470313,260.464839372928,0.146353966423171,223.893449681382,35.7208922568587,14.6353966423171
2020-11-17,16980,248,16153,240,827,8,18050,260,186252,1033,204302,1293,9,126,7,586,138,1,"Knox County",470313,280.664153446747,0.154809197062718,274.923295762609,52.730840950601,15.4809197062718
2020-11-16,16732,272,15913,261,819,11,17790,286,185219,1409,203009,1695,2,117,6,579,137,2,"Knox County",470313,302.989711107284,0.154768163179476,360.398287948664,57.8338255587237,15.4768163179476
2020-11-15,16460,274,15652,247,808,27,17504,295,183810,2278,201314,2573,2,115,3,573,135,4,"Knox County",470313,314.47142647556,0.150568748752744,547.082474862485,58.2590742760672,15.0568748752744
2020-11-14,16186,306,15405,293,781,13,17209,321,181532,1699,198741,2020,0,113,7,570,131,3,"Knox County",470313,342.750466178906,0.157240581944311,429.501204516992,65.0630537535641,15.7240581944311
2020-11-13,15880,219,15112,200,768,19,16888,190,179833,965,196721,1155,4,113,6,563,128,1,"Knox County",470313,351.468064884449,0.156805293005671,245.581134265904,46.5647345491194,15.6805293005671
2020-11-12,15661,143,14912,130,749,13,16698,136,178868,955,195566,1091,1,109,3,557,127,2,"Knox County",470313,346.577704634998,0.153216911764706,231.97317531091,30.4052832900643,15.3216911764706
2020-11-11,15518,191,14782,177,736,14,16562,191,177913,1229,194475,1420,3,108,7,554,125,2,"Knox County",470313,351.468064884449,0.149284253578732,301.926589313925,40.6112525063096,14.9284253578732
2020-11-10,15327,168,14605,163,722,5,16371,186,176684,1131,193055,1317,2,105,4,547,123,2,"Knox County",470313,334.458116190707,0.142400851743412,280.026280370732,35.7208922568587,14.2400851743412
2020-11-09,15159,135,14442,121,717,14,16185,131,175553,490,191738,621,1,103,2,543,121,2,"Knox County",470313,305.328579052673,0.142198685888006,132.039726735174,28.70428842069,14.2198685888006
2020-11-08,15024,215,14321,203,703,12,16054,252,175063,2624,191117,2876,1,102,3,541,119,5,"Knox County",470313,292.783741891039,0.134,611.507655540034,45.7142371144323,13.4
2020-11-07,14809,169,14118,161,691,8,15802,187,172439,1918,188241,2105,1,101,5,538,114,0,"Knox County",470313,263.654204753005,0.120264525271611,447.574275004093,35.9335166155305,12.0264525271611
2020-11-06,14640,155,13957,138,683,17,15615,160,170521,1235,186136,1395,0,100,5,533,114,3,"Knox County",470313,250.046245798011,0.114826789838337,296.61098034713,32.9567755941256,11.4826789838337
2020-11-05,14485,158,13819,142,666,16,15455,151,169286,613,184741,764,1,100,6,528,111,1,"Knox County",470313,253.235611178088,0.119832349018861,162.445010025239,33.594648670141,11.9832349018861
2020-11-04,14327,145,13677,133,650,12,15304,148,168673,934,183977,1082,-1,99,5,522,110,2,"Knox County",470313,243.454890679186,0.119586614173228,230.059556082864,30.8305320074078,11.9586614173228
2020-11-03,14182,196,13544,183,638,13,15156,195,167739,837,182895,1032,3,100,5,517,108,1,"Knox County",470313,249.408372721996,0.123949367088608,219.428338149275,41.6743742996685,12.3949367088608
2020-11-02,13986,116,13361,110,625,6,14961,115,166902,806,181863,921,1,97,2,512,107,2,"Knox County",470313,245.368509907232,0.118722358722359,195.827034336708,24.6644256059263,11.8722358722359
2020-11-01,13870,124,13251,116,619,8,14846,131,166096,1273,180942,1404,0,96,3,510,105,2,"Knox County",470313,226.0196932681,0.124899459956337,298.524599575177,26.3654204753005,12.4899459956337
2020-10-31,13746,5,13135,5,611,0,14715,7,164823,4,179538,11,0,96,0,507,103,1,"Knox County",470313,191.149298445929,0.137237100922984,2.33886794538956,1.06312179335889,13.7237100922984
2020-10-30,13741,156,13130,146,611,10,14708,148,164819,854,179527,1002,1,96,4,507,102,0,"Knox County",470313,191.3619228046,0.143983268983269,213.049607389122,33.1693999527974,14.3983268983269
2020-10-29,13585,152,12984,138,601,14,14560,136,163965,1569,178525,1705,0,95,4,503,102,1,"Knox County",470313,190.08617665257,0.122956546038843,362.524531535382,32.3189025181103,12.2956546038843
2020-10-28,13433,103,12846,96,587,7,14424,102,162396,1055,176820,1157,3,95,8,499,101,1,"Knox County",470313,181.155953588355,0.115320796460177,246.006382983247,21.9003089431931,11.5320796460177
2020-10-27,13330,119,12750,113,580,6,14322,127,161341,799,175663,926,1,92,3,491,100,2,"Knox County",470313,164.783877970628,0.107493685096829,196.890156130067,25.3022986819416,10.7493685096829
2020-10-26,13211,81,12637,74,574,7,14195,73,160542,372,174737,445,2,91,2,488,98,0,"Knox County",470313,157.342025417116,0.108872180451128,94.6178396089413,17.222573052414,10.8872180451128
2020-10-25,13130,132,12563,121,567,11,14122,151,160170,1365,174292,1516,0,89,3,486,98,1,"Knox County",470313,159.04302028649,0.11002661934339,322.338527746416,28.0664153446747,11.002661934339
2020-10-24,12998,172,12442,167,556,5,13971,202,158805,1788,172776,1990,0,89,5,483,97,1,"Knox County",470313,194.551288184677,0.107424779773481,423.122473756839,36.5713896915458,10.7424779773481
2020-10-23,12826,159,12275,148,551,11,13769,172,157017,1239,170786,1411,1,89,5,478,96,0,"Knox County",470313,195.189161260692,0.105245901639344,300.012970085879,33.8072730288127,10.5245901639344
2020-10-22,12667,182,12127,168,540,14,13597,169,155778,1607,169375,1776,1,88,5,473,96,0,"Knox County",470313,201.567892020846,0.108014315150201,377.620861001078,38.6976332782636,10.8014315150201
2020-10-21,12485,72,11959,68,526,4,13428,74,154171,682,167599,756,0,87,1,468,96,1,"Knox County",470313,194.976536902021,0.109750566893424,160.744015155864,15.308953824368,10.9750566893424
2020-10-20,12413,127,11891,121,522,6,13354,150,153489,739,166843,889,0,87,7,467,95,1,"Knox County",470313,196.677531771395,0.112831606512581,189.023054859211,27.0032935513158,11.2831606512581
2020-10-19,12286,112,11770,107,516,5,13204,117,152750,939,165954,1056,1,87,6,460,94,0,"Knox County",470313,203.26888689022,0.110176708537364,224.531322757398,23.8139281712392,11.0176708537364
2020-10-18,12174,140,11663,135,511,5,13087,168,151811,1431,164898,1599,0,86,7,454,94,1,"Knox County",470313,204.969881759594,0.111005592487074,339.986349516173,29.7674102140489,11.1005592487074
2020-10-17,12034,128,11528,125,506,3,12919,154,150380,1458,163299,1612,1,86,3,447,93,1,"Knox County",470313,195.614409978036,0.110341795801736,342.750466178906,27.2159179099876,11.0341795801736
2020-10-16,11906,72,11403,71,503,1,12765,61,148922,390,161687,451,1,85,3,444,92,2,"Knox County",470313,177.116090773591,0.109718638653397,95.893585760972,15.308953824368,10.9718638653397
2020-10-15,11834,74,11332,62,502,12,12704,66,148532,941,161236,1007,1,84,3,441,90,2,"Knox County",470313,154.152660037039,0.10719131614654,214.112729182481,15.7342025417116,10.719131614654
2020-10-14,11760,149,11270,143,490,6,12638,150,147591,1086,160229,1236,0,83,5,438,88,0,"Knox County",470313,170.524735654766,0.11031847133758,262.803707318318,31.6810294420949,11.031847133758
2020-10-13,11611,71,11127,68,484,3,12488,63,146505,581,158993,644,1,83,6,433,88,1,"Knox County",470313,158.617771569146,0.102432610124918,136.930086984625,15.0963294656962,10.2432610124918
2020-10-12,11540,79,11059,66,481,13,12425,87,145924,806,158349,893,0,82,5,427,87,2,"Knox County",470313,151.601167732978,0.100644987906477,189.873552293898,16.7973243350705,10.0644987906477
2020-10-11,11461,170,10993,163,468,7,12338,179,145118,1612,157456,1791,0,82,8,422,85,0,"Knox County",470313,157.979898493131,0.0995546240503013,380.810226381155,36.1461409742023,9.95546240503013
2020-10-10,11291,130,10830,122,461,8,12159,132,143506,1393,155665,1525,0,82,3,414,85,0,"Knox County",470313,158.405147210475,0.0977872002120048,324.252146974462,27.6411666273312,9.77872002120048
2020-10-09,11161,120,10708,118,453,2,12027,134,142113,1336,154140,1470,0,82,3,411,85,0,"Knox County",470313,168.61111642672,0.0946766285314032,312.557807247514,25.5149230406134,9.46766285314032
2020-10-08,11041,110,10590,102,451,8,11893,103,140777,943,152670,1046,1,82,4,408,85,0,"Knox County",470313,176.265593338904,0.0985473561882626,222.40507917068,23.3886794538956,9.85473561882626
2020-10-07,10931,104,10488,88,443,16,11790,95,139834,1649,151624,1744,0,81,5,404,85,1,"Knox County",470313,166.697497198674,0.087018544935806,370.816881523581,22.1129333018649,8.7018544935806
2020-10-06,10827,115,10400,102,427,13,11695,114,138185,1392,149880,1506,0,81,4,399,84,0,"Knox County",470313,176.052968980232,0.0846115288220551,320.212284159698,24.4518012472545,8.46115288220551
2020-10-05,10712,118,10298,109,414,9,11581,123,136793,1238,148374,1361,0,81,5,395,84,2,"Knox County",470313,184.345318968432,0.0842669730920234,289.38175215229,25.0896743232698,8.42669730920234
2020-10-04,10594,96,10189,89,405,7,11458,99,135555,1827,147013,1926,1,81,2,390,82,0,"Knox County",470313,168.61111642672,0.0756286632633768,409.514514801845,20.4119384324907,7.56286632633768
2020-10-03,10498,77,10100,76,398,1,11359,92,133728,1864,145087,1956,0,80,2,388,82,0,"Knox County",470313,157.342025417116,0.0690344263784177,415.893245561998,16.3720756177269,6.90344263784177
2020-10-02,10421,82,10024,79,397,3,11267,82,131864,602,143131,684,0,80,1,386,82,0,"Knox County",470313,149.262299787588,0.0692556001173824,145.435061331496,17.4351974110858,6.92556001173824
2020-10-01,10339,71,9945,68,394,3,11185,73,131262,683,142447,756,0,80,1,385,82,0,"Knox County",470313,140.969949799389,0.0682573240712776,160.744015155864,15.0963294656962,6.82573240712776
2020-09-30,10268,75,9877,72,391,3,11112,70,130579,675,141691,745,1,80,2,384,82,0,"Knox County",470313,134.803843397907,0.0730915603313186,158.405147210475,15.9468269003834,7.30915603313186
2020-09-29,10193,80,9805,75,388,5,11042,87,129904,1140,140946,1227,-1,79,2,382,82,1,"Knox County",470313,127.361990844395,0.0723281340265742,260.890088090272,17.0099486937423,7.23281340265742
2020-09-28,10113,57,9730,51,383,6,10955,49,128764,431,139719,480,1,80,3,380,81,2,"Knox County",470313,114.391904965417,0.0710059171597633,102.059692162454,12.1195884442914,7.10059171597633
2020-09-27,10056,72,9679,67,377,5,10906,79,128333,978,139239,1057,0,79,3,377,79,0,"Knox County",470313,109.288920357294,0.0770456191165822,224.74394711607,15.308953824368,7.70456191165822
2020-09-26,9984,127,9612,122,372,5,10827,136,127355,2087,138182,2223,4,79,5,374,79,0,"Knox County",470313,119.920138290883,0.0803123257110987,472.663949327363,27.0032935513158,8.03123257110987
2020-09-25,9857,102,9490,100,367,2,10691,103,125268,1439,135959,1542,0,75,1,369,79,3,"Knox County",470313,124.172625464318,0.074346201743462,327.866761071882,21.6876845845214,7.4346201743462
2020-09-24,9755,92,9390,89,365,3,10588,105,123829,1715,134417,1820,0,75,3,368,76,0,"Knox County",470313,128.637736996426,0.0691664833956455,386.976332782636,19.5614409978036,6.91664833956455
2020-09-23,9663,53,9301,52,362,1,10483,49,122114,432,132597,481,2,75,2,365,76,0,"Knox County",470313,123.960001105647,0.0688561721404304,102.272316521125,11.2690910096042,6.88561721404304
2020-09-22,9610,82,9249,75,361,7,10434,88,121682,1141,132116,1229,1,73,3,363,76,0,"Knox County",470313,124.38524982299,0.0689538043478261,261.315336807615,17.4351974110858,6.89538043478261
2020-09-21,9528,34,9174,30,354,4,10346,32,120541,379,130887,411,0,72,2,360,76,0,"Knox County",470313,119.494889573539,0.067556772794705,87.3886114141008,7.22922819484046,6.7556772794705
2020-09-20,9494,97,9144,78,350,19,10314,88,120162,707,130476,795,0,72,1,358,76,2,"Knox County",470313,124.810498540334,0.0706975649923538,169.036365144064,20.6245627911625,7.06975649923538
2020-09-19,9397,132,9066,129,331,3,10226,136,119455,1466,129681,1602,1,72,5,357,74,0,"Knox County",470313,125.873620333693,0.0762690355329949,340.624222592189,28.0664153446747,7.62690355329949
2020-09-18,9265,118,8937,114,328,4,10090,129,117989,1606,128079,1735,3,71,3,352,74,0,"Knox County",470313,129.275610072441,0.0776662950575994,368.903262295535,25.0896743232698,7.76662950575994
2020-09-17,9147,126,8823,119,324,7,9961,124,116383,1516,126344,1640,0,68,6,349,74,2,"Knox County",470313,136.504838267282,0.0818446724946155,348.703948221716,26.790669192644,8.18446724946155
2020-09-16,9021,99,8704,77,317,22,9837,117,114867,768,124704,885,1,68,3,343,72,1,"Knox County",470313,146.285558766183,0.0860552006749428,188.172557424524,21.049811508506,8.60552006749428
2020-09-15,8922,132,8627,126,295,6,9720,136,114099,1338,123819,1474,0,67,3,340,71,0,"Knox County",470313,156.916776699772,0.089206274877078,313.408304682201,28.0664153446747,8.9206274877078
2020-09-14,8790,127,8501,124,289,3,9584,136,112761,901,122345,1037,0,67,5,337,71,0,"Knox County",470313,176.690842056248,0.0944589877835951,220.491459942634,27.0032935513158,9.44589877835951
2020-09-13,8663,143,8377,136,286,7,9448,148,111860,1008,121308,1156,0,67,0,332,71,0,"Knox County",470313,186.471562555149,0.0971770385140099,245.793758624576,30.4052832900643,9.71770385140099
2020-09-12,8520,130,8241,123,279,7,9300,141,110852,1178,120152,1319,1,67,1,332,71,2,"Knox County",470313,186.046313837806,0.100692191217824,280.451529088075,27.6411666273312,10.0692191217824
2020-09-11,8390,103,8118,94,272,9,9159,105,109674,773,118833,878,0,66,5,331,69,2,"Knox County",470313,182.856948457729,0.108117773274526,186.684186913821,21.9003089431931,10.8117773274526
2020-09-10,8287,192,8024,189,263,3,9054,192,108901,1501,117955,1693,0,66,5,326,67,0,"Knox County",470313,196.890156130067,0.115493958777541,359.97303923132,40.8238768649814,11.5493958777541
2020-09-09,8095,91,7835,82,260,9,8862,93,107400,1710,116262,1803,0,66,2,321,67,0,"Knox County",470313,195.189161260692,0.101602564102564,383.361718685216,19.3488166391318,10.1602564102564
2020-09-08,8004,126,7753,124,251,2,8769,133,105690,702,114459,835,1,66,8,319,67,0,"Knox County",470313,193.913415108662,0.108703130374957,177.541339490935,26.790669192644,10.8703130374957
2020-09-07,7878,95,7629,92,249,3,8636,98,104988,347,113624,445,1,65,0,311,67,0,"Knox County",470313,187.109435631165,0.111944888670193,94.6178396089413,20.1993140738189,11.1944888670193
2020-09-06,7783,96,7537,92,246,4,8538,94,104641,476,113179,570,0,64,1,311,67,3,"Knox County",470313,177.116090773591,0.113482699191303,121.195884442914,20.4119384324907,11.3482699191303
2020-09-05,7687,284,7445,282,242,2,8444,295,104165,1506,112609,1801,0,64,4,310,64,0,"Knox County",470313,209.860242009045,0.125856697819315,382.936469967872,60.385317862785,12.5856697819315
2020-09-04,7403,93,7163,89,240,4,8149,97,102659,565,110808,662,1,64,0,306,64,0,"Knox County",470313,207.733998422327,0.12831348444103,140.757325440717,19.7740653564754,12.831348444103
2020-09-03,7310,190,7074,184,236,6,8052,198,102094,1798,110146,1996,2,63,6,306,64,1,"Knox County",470313,207.308749704984,0.124260355029586,424.398219908869,40.3986281476379,12.4260355029586
2020-09-02,7120,124,6890,120,230,4,7854,121,100296,1461,108150,1582,2,61,5,300,63,1,"Knox County",470313,214.325353541152,0.131288810036751,336.371735418753,26.3654204753005,13.1288810036751
2020-09-01,6996,153,6770,146,226,7,7733,158,98835,660,106568,818,2,59,4,295,62,3,"Knox County",470313,220.06621122529,0.134747269494539,173.926725393515,32.5315268767821,13.4747269494539
2020-08-31,6843,99,6624,93,219,6,7575,94,98175,431,105750,525,0,57,3,291,59,0,"Knox County",470313,220.916708659978,0.132889112396279,111.627788302684,21.049811508506,13.2889112396279
2020-08-30,6744,72,6531,71,213,1,7481,76,97744,423,105225,499,1,57,1,288,59,2,"Knox County",470313,215.813724051855,0.131802613218318,106.099554977217,15.308953824368,13.1802613218318
2020-08-29,6672,118,6460,113,212,5,7405,125,97321,1391,104726,1516,5,56,3,287,57,0,"Knox County",470313,180.51808051234,0.114372203211371,322.338527746416,25.0896743232698,11.4372203211371
2020-08-28,6554,89,6347,85,207,4,7280,91,95930,309,103210,400,0,51,3,284,57,0,"Knox County",470313,179.667583077653,0.117639040348964,85.0497434687113,18.9235679217883,11.7639040348964
2020-08-27,6465,116,6262,112,203,4,7189,134,95621,1986,102810,2120,0,51,2,281,57,1,"Knox County",470313,163.933380535941,0.107104557640751,450.76364038417,24.6644256059263,10.7104557640751
2020-08-26,6349,77,6150,76,199,1,7055,86,93635,794,100690,880,0,51,3,279,56,1,"Knox County",470313,153.940035678367,0.113051198579461,187.109435631165,16.3720756177269,11.3051198579461
2020-08-25,6272,87,6074,82,198,5,6969,96,92841,896,99810,992,2,51,3,276,55,0,"Knox County",470313,139.90682800603,0.101269474899019,210.923363802404,18.4983192044447,10.1269474899019
2020-08-24,6185,32,5992,28,193,4,6873,29,91945,261,98818,290,0,49,1,273,55,0,"Knox County",470313,125.660995975021,0.095117216664178,61.6610640148157,6.8039794774969,9.5117216664178
2020-08-23,6153,76,5964,75,189,1,6844,74,91684,565,98528,639,0,49,3,272,55,0,"Knox County",470313,126.511493409708,0.092876992833114,135.866965191266,16.1594512590551,9.28769928331139
2020-08-22,6077,136,5889,135,188,1,6770,153,91119,1892,97889,2045,0,49,4,269,55,0,"Knox County",470313,130.3387318658,0.0900081455335325,434.816813483786,28.9169127793618,9.00081455335325
2020-08-21,5941,30,5754,30,187,0,6617,41,89227,262,95844,303,1,49,1,265,55,0,"Knox County",470313,117.793894704165,0.0843307194937405,64.4251806775488,6.37873076015334,8.43307194937405
2020-08-20,5911,119,5724,117,187,2,6576,130,88965,2068,95541,2198,3,48,3,264,55,0,"Knox County",470313,118.43176778018,0.0828909759085341,467.348340360568,25.3022986819416,8.28909759085341
2020-08-19,5792,46,5607,41,185,5,6446,48,86897,608,93343,656,2,45,4,261,55,0,"Knox County",470313,111.840412661355,0.080162852730591,139.481579288686,9.7807204989018,8.0162852730591
2020-08-18,5746,134,5566,132,180,2,6398,152,86289,1163,92687,1315,0,43,4,257,55,1,"Knox County",470313,121.833757518929,0.0842062852538276,279.601031653388,28.4916640620183,8.42062852538276
2020-08-17,5612,50,5434,42,178,8,6246,50,85126,289,91372,339,1,43,0,253,54,1,"Knox County",470313,125.660995975021,0.0864576384256171,72.0796575897328,10.6312179335889,8.64576384256171
2020-08-16,5562,83,5392,78,170,5,6196,82,84837,587,91033,669,0,42,1,253,53,1,"Knox County",470313,127.149366485723,0.0871760797342193,142.24569595142,17.6478217697576,8.71760797342193
2020-08-15,5479,119,5314,116,165,3,6114,132,84250,1223,90364,1355,1,42,2,252,52,0,"Knox County",470313,123.534752388303,0.0929041697147037,288.106006000259,25.3022986819416,9.29041697147037
2020-08-14,5360,91,5198,83,162,8,5982,96,83027,1024,89009,1120,0,41,2,250,52,1,"Knox County",470313,136.504838267282,0.0901725039205436,238.139281712392,19.3488166391318,9.01725039205436
2020-08-13,5269,127,5115,126,154,1,5886,229,82003,1778,87889,2007,1,41,4,248,51,1,"Knox County",470313,138.205833136656,0.105749899477282,426.737087854259,27.0032935513158,10.5749899477282
2020-08-12,5142,79,4989,72,153,7,5657,88,80225,892,85882,980,0,40,1,244,50,0,"Knox County",470313,145.222436972824,0.106486833654464,208.371871498343,16.7973243350705,10.6486833654464
2020-08-11,5063,111,4917,108,146,3,5569,117,79333,1121,84902,1238,0,40,5,243,50,2,"Knox County",470313,140.332076723374,0.103009859885833,263.228956035661,23.6013038125674,10.3009859885833
2020-08-10,4952,37,4809,35,143,2,5452,35,78212,365,83664,400,1,40,0,238,48,0,"Knox County",470313,137.56796006064,0.100270305058566,85.0497434687113,7.86710127085579,10.0270305058566
2020-08-09,4915,85,4774,81,141,4,5417,109,77847,826,83264,935,1,39,4,238,48,1,"Knox County",470313,137.993208777984,0.10031113876789,198.803775358113,18.0730704871011,10.031113876789
2020-08-08,4830,157,4693,156,137,1,5308,176,77021,2284,82329,2460,1,38,4,234,47,2,"Knox County",470313,146.072934407512,0.0929978118161926,523.055922332574,33.3820243114692,9.29978118161926
2020-08-07,4673,50,4537,46,136,4,5132,44,74737,403,79869,447,0,37,0,230,45,2,"Knox County",470313,137.355335701969,0.0942482579426007,95.0430883262848,10.6312179335889,9.42482579426007
2020-08-06,4623,113,4491,105,132,8,5088,121,74334,1463,79422,1584,-1,37,5,230,43,1,"Knox County",470313,134.378594680564,0.0857782197911487,336.796984136097,24.0265525299109,8.57782197911487
2020-08-05,4510,99,4386,99,124,0,4967,100,72871,1107,77838,1207,1,38,3,225,42,1,"Knox County",470313,138.631081853999,0.0848748639825898,256.637600916836,21.049811508506,8.48748639825898
2020-08-04,4411,112,4287,111,124,1,4867,106,71764,1082,76631,1188,1,37,9,222,41,0,"Knox County",470313,138.843706212671,0.0840530349105948,252.597738102072,23.8139281712392,8.40530349105948
2020-08-03,4299,50,4176,50,123,0,4761,81,70682,593,75443,674,2,36,1,213,41,1,"Knox County",470313,141.607822875404,0.0867569158328429,143.308817744778,10.6312179335889,8.67569158328429
2020-08-02,4249,97,4126,91,123,6,4680,95,70089,692,74769,787,3,34,2,212,40,0,"Knox County",470313,144.159315179466,0.0866179465676291,167.335370274689,20.6245627911625,8.66179465676291
2020-08-01,4152,118,4035,110,117,8,4585,118,69397,1417,73982,1535,1,31,1,210,40,1,"Knox County",470313,135.866965191266,0.0895984909727836,326.37839056118,25.0896743232698,8.95984909727836
2020-07-31,4034,117,3925,114,109,3,4467,116,67980,1060,72447,1176,2,30,1,209,39,3,"Knox County",470313,150.112797222275,0.0904183535762483,250.046245798011,24.877049964598,9.04183535762483
2020-07-30,3917,189,3811,186,106,3,4351,227,66920,2420,71271,2647,1,28,7,208,36,2,"Knox County",470313,166.27224848133,0.0914912090297374,562.816677404197,40.1860037889661,9.14912090297373
2020-07-29,3728,75,3625,71,103,4,4124,60,64500,438,68624,498,0,27,3,201,34,4,"Knox County",470313,161.169263873208,0.0944150499706055,105.886930618546,15.9468269003834,9.44150499706055
2020-07-28,3653,154,3554,152,99,2,4064,186,64062,1211,68126,1397,1,27,3,198,30,0,"Knox County",470313,170.099486937423,0.101331191186596,297.036229064474,32.7441512354538,10.1331191186596
2020-07-27,3499,83,3402,76,97,7,3878,85,62851,677,66729,762,3,26,2,195,30,1,"Knox County",470313,177.116090773591,0.100772551692797,162.019761307895,17.6478217697576,10.0772551692797
2020-07-26,3416,118,3326,113,90,5,3793,132,62174,1472,65967,1604,0,23,2,193,29,1,"Knox County",470313,181.581202305699,0.0960598814845618,341.049471309532,25.0896743232698,9.60598814845618
2020-07-25,3298,175,3213,172,85,3,3661,197,60702,1949,64363,2146,2,23,3,191,28,3,"Knox County",470313,193.70079074999,0.0980449657869013,456.291873709636,37.2092627675612,9.80449657869013
2020-07-24,3123,106,3041,99,82,7,3464,113,58753,916,62217,1029,0,21,4,188,25,0,"Knox County",470313,191.3619228046,0.0991768322919766,218.79046507326,22.5381820192085,9.91768322919766
2020-07-23,3017,205,2942,197,75,8,3351,254,57837,2389,61188,2643,0,21,4,184,25,1,"Knox County",470313,194.763912543349,0.101895029268777,561.96617996951,43.5879935277145,10.1895029268777
2020-07-22,2812,69,2745,61,67,8,3097,63,55448,437,58545,500,3,21,3,180,24,0,"Knox County",470313,193.488166391318,0.102172403531396,106.312179335889,14.6710807483527,10.2172403531396
2020-07-21,2743,232,2684,228,59,4,3034,280,55011,1691,58045,1971,0,18,12,177,24,1,"Knox County",470313,210.072866367717,0.105490380103238,419.082610942075,49.3288512118525,10.5490380103238
2020-07-20,2511,74,2456,70,55,4,2754,57,53320,364,56074,421,0,18,4,165,23,1,"Knox County",470313,208.159247139671,0.106263331394221,89.5148550008186,15.7342025417116,10.6263331394221
2020-07-19,2437,84,2386,74,51,10,2697,74,52956,577,55653,651,0,18,0,161,22,2,"Knox County",470313,200.93001894483,0.110885589146459,138.418457495328,17.8604461284294,11.0885589146459
2020-07-18,2353,112,2312,109,41,3,2623,146,52379,2258,55002,2404,1,18,8,161,20,1,"Knox County",470313,187.534684348508,0.102609418858509,511.148958246955,23.8139281712392,10.2609418858509
2020-07-17,2241,74,2203,74,38,0,2477,80,50121,347,52598,427,0,17,6,153,19,2,"Knox County",470313,180.730704871011,0.105800155262282,90.7906011528493,15.7342025417116,10.5800155262282
2020-07-16,2167,187,2129,185,38,2,2397,228,49774,2033,52171,2261,2,17,3,147,17,0,"Knox County",470313,176.903466414919,0.107469600463231,480.74367495689,39.7607550716225,10.7469600463231
2020-07-15,1980,78,1944,78,36,0,2169,80,47741,511,49910,591,3,15,4,144,17,1,"Knox County",470313,178.817085642965,0.108297043318817,125.660995975021,16.5846999763987,10.8297043318817
2020-07-14,1902,95,1866,95,36,0,2089,127,47230,777,49319,904,2,12,1,140,16,1,"Knox County",470313,149.687548504932,0.103407755581669,192.212420239287,20.1993140738189,10.3407755581669
2020-07-13,1807,94,1771,92,36,2,1962,59,46453,655,48415,714,1,10,2,139,15,3,"Knox County",470313,153.940035678367,0.0998490945674044,151.81379209165,19.9866897151471,9.98490945674044
2020-07-12,1713,69,1679,67,34,2,1903,87,45798,916,47701,1003,0,9,4,137,12,1,"Knox County",470313,150.750670298291,0.0971820809248555,213.262231747793,14.6710807483527,9.71820809248555
2020-07-11,1644,28,1612,27,32,1,1816,36,44882,883,46698,919,0,9,2,133,11,1,"Knox County",470313,132.890224169861,0.102214400938554,195.401785619364,5.95348204280979,10.2214400938554
2020-07-10,1616,78,1585,74,31,4,1780,68,43999,418,45779,486,0,9,6,131,10,0,"Knox County",470313,133.740721604548,0.0995929049142193,103.335438314484,16.5846999763987,9.95929049142192
2020-07-09,1538,70,1511,66,27,4,1712,88,43581,1652,45293,1740,0,9,8,125,10,0,"Knox County",470313,108.86367163995,0.0857322636463741,369.966384088894,14.8837051070245,8.57322636463741
2020-07-08,1468,70,1445,65,23,5,1624,63,41929,594,43553,657,1,9,5,117,10,0,"Knox County",470313,107.162676770576,0.082204577300327,139.694203647358,14.8837051070245,8.2204577300327
2020-07-07,1398,79,1380,79,18,0,1561,104,41335,1303,42896,1407,0,8,7,112,10,1,"Knox County",470313,103.760687031828,0.0729136586774473,299.162472651192,16.7973243350705,7.29136586774473
2020-07-06,1319,35,1301,35,18,0,1457,34,40032,658,41489,692,1,8,6,105,9,0,"Knox County",470313,91.2158498701928,0.0695249130938586,147.13605620087,7.44185255351224,6.95249130938586
2020-07-05,1284,77,1266,77,18,0,1423,109,39374,1079,40797,1188,2,7,6,99,9,1,"Knox County",470313,92.916844739567,0.0708139370856256,252.597738102072,16.3720756177269,7.08139370856256
2020-07-04,1207,41,1189,40,18,1,1314,50,38295,1141,39609,1191,0,5,1,93,8,2,"Knox County",470313,95.6809614023002,0.0700991713082462,253.235611178088,8.7175987055429,7.00991713082462
2020-07-03,1166,62,1149,61,17,1,1264,49,37154,910,38418,959,0,5,4,92,6,0,"Knox County",470313,92.2789716635517,0.0634414092417667,203.906759966235,13.1827102376502,6.34414092417667
2020-07-02,1104,68,1088,68,16,0,1215,102,36244,1228,37459,1330,0,5,2,88,6,0,"Knox County",470313,91.8537229462082,0.0688308189655172,282.790397033465,14.4584563896809,6.88308189655172
2020-07-01,1036,49,1020,49,16,0,1113,34,35016,737,36129,771,0,5,4,86,6,1,"Knox County",470313,87.3886114141008,0.0639426903687981,163.933380535941,10.4185935749171,6.39426903687981
2020-06-30,987,40,971,39,16,1,1079,73,34279,1514,35358,1587,0,5,3,82,5,0,"Knox County",470313,79.0962614259015,0.0584348276755636,337.434857212112,8.50497434687113,5.84348276755636
2020-06-29,947,51,932,51,15,0,1006,79,32765,1333,33771,1412,0,5,3,79,5,0,"Knox County",470313,82.4982511646499,0.058781701825077,300.225594444551,10.8438422922607,5.8781701825077
2020-06-28,896,10,881,10,15,0,927,30,31432,684,32359,714,0,5,1,76,5,0,"Knox County",470313,68.2524191336408,0.0523606228026118,151.81379209165,2.12624358671778,5.23606228026117
2020-06-27,886,29,871,29,15,0,897,16,30748,111,31645,127,0,5,3,75,5,0,"Knox County",470313,65.7009268295794,0.0555072463768116,27.0032935513158,6.16610640148157,5.55072463768116
2020-06-26,857,37,842,37,15,0,881,14,30637,319,31518,333,0,5,8,72,5,0,"Knox County",470313,60.385317862785,0.0554670066942939,70.8039114377021,7.86710127085579,5.54670066942939
2020-06-25,820,32,805,32,15,0,867,52,30318,702,31185,754,0,5,1,64,5,0,"Knox County",470313,52.730840950601,0.0522990522990523,160.318766438521,6.8039794774969,5.22990522990523
2020-06-24,788,35,773,34,15,1,815,32,29616,272,30431,304,0,5,1,63,5,0,"Knox County",470313,49.7540999291961,0.0565857388644619,64.6378050362206,7.44185255351224,5.65857388644619
2020-06-23,753,27,739,24,14,3,783,25,29344,215,30127,240,0,5,4,62,5,0,"Knox County",470313,46.989983266463,0.0638516992790937,51.0298460812268,5.74085768413801,6.38516992790937
2020-06-22,726,36,715,36,11,0,758,31,29129,572,29887,603,0,5,0,58,5,0,"Knox County",470313,43.8006178863863,0.0650406504065041,128.212488279082,7.65447691218401,6.50406504065041
2020-06-21,690,31,679,31,11,0,727,37,28557,815,29284,852,0,5,1,58,5,0,"Knox County",470313,48.2657294184936,0.0644257703081232,181.155953588355,6.59135511882512,6.44257703081232
2020-06-20,659,17,648,17,11,0,690,9,27742,437,28432,446,0,5,2,57,5,0,"Knox County",470313,45.7142371144323,0.0566251415628539,94.8304639676131,3.61461409742023,5.66251415628539
2020-06-19,642,30,631,28,11,2,681,10,27305,334,27986,344,0,5,1,55,5,0,"Knox County",470313,44.2258666037299,0.0553203499858877,73.1427793830917,6.37873076015334,5.53203499858877
2020-06-18,612,15,603,15,9,0,671,18,26971,804,27642,822,0,5,0,54,5,0,"Knox County",470313,40.6112525063096,0.0448629188590418,174.777222828202,3.18936538007667,4.48629188590418
2020-06-17,597,17,588,17,9,0,653,13,26167,282,26820,295,0,5,0,54,5,0,"Knox County",470313,36.7840140502176,0.0397001665741255,62.7241858081746,3.61461409742023,3.97001665741255
2020-06-16,580,9,571,8,9,1,640,9,25885,178,26525,187,0,5,0,54,5,0,"Knox County",470313,32.9567755941256,0.0357847280924204,39.7607550716225,1.913619228046,3.57847280924204
2020-06-15,571,8,563,8,8,0,631,9,25707,218,26338,227,0,5,0,54,5,0,"Knox County",470313,27.0032935513158,0.0330917113142137,48.2657294184936,1.70099486937423,3.30917113142137
2020-06-14,563,8,555,8,8,0,622,9,25489,624,26111,633,0,5,0,54,5,0,"Knox County",470313,22.1129333018649,0.0260663507109005,134.591219039236,1.70099486937423,2.60663507109005
2020-06-13,555,10,547,8,8,2,613,9,24865,213,25478,222,0,5,3,54,5,0,"Knox County",470313,20.6245627911625,0.0282051282051282,47.2026076251348,2.12624358671778,2.82051282051282
2020-06-12,545,19,539,19,6,0,604,19,24652,750,25256,769,0,5,0,51,5,0,"Knox County",470313,18.2856948457729,0.0272583201267829,163.508131818597,4.03986281476378,2.72583201267829
2020-06-11,526,7,520,7,6,0,585,10,23902,379,24487,389,0,5,2,51,5,0,"Knox County",470313,16.5846999763987,0.0286554004408523,82.7108755233217,1.48837051070245,2.86554004408523
2020-06-10,519,12,513,12,6,0,575,12,23523,705,24098,717,0,5,0,49,5,0,"Knox County",470313,15.5215781830398,0.0244910941475827,152.451665167665,2.55149230406134,2.44910941475827
2020-06-09,507,16,501,16,6,0,563,19,22818,508,23381,527,0,5,1,49,5,0,"Knox County",470313,17.0099486937423,0.0249712973593571,112.053037020027,3.40198973874845,2.49712973593571
2020-06-08,491,8,485,8,6,0,544,8,22310,336,22854,344,0,5,1,48,5,0,"Knox County",470313,17.0099486937423,0.0238822549291863,73.1427793830917,1.70099486937423,2.38822549291863
2020-06-07,483,7,477,7,6,0,536,8,21974,847,22510,855,0,5,1,47,5,0,"Knox County",470313,16.7973243350705,0.0222338477635365,181.79382666437,1.48837051070245,2.22338477635365
2020-06-06,476,11,470,11,6,0,528,12,21127,478,21655,490,0,5,0,46,5,0,"Knox County",470313,17.0099486937423,0.0215106330970423,104.185935749171,2.33886794538956,2.15106330970423
2020-06-05,465,18,459,18,6,0,516,17,20649,518,21165,535,0,5,1,46,5,0,"Knox County",470313,16.7973243350705,0.0222971221156339,113.754031889401,3.82723845609201,2.22971221156339
2020-06-04,447,4,441,4,6,0,499,4,20131,338,20630,342,0,5,0,45,5,0,"Knox County",470313,16.1594512590551,0.020997375328084,72.7175306657481,0.850497434687113,2.0997375328084
2020-06-03,443,4,437,4,6,0,495,4,19793,399,20288,403,0,5,0,45,5,0,"Knox County",470313,14.4584563896809,0.0205949656750572,85.6876165447266,0.850497434687113,2.05949656750572
2020-06-02,439,26,433,25,6,1,491,24,19394,939,19885,963,0,5,2,45,5,0,"Knox County",470313,16.5846999763987,0.0195829094608342,204.757257400922,5.52823332546623,1.95829094608342
2020-06-01,413,17,408,17,5,0,467,20,18455,972,18922,992,0,5,0,43,5,0,"Knox County",470313,18.4983192044447,0.0194323144104804,210.923363802404,3.61461409742023,1.94323144104803
2020-05-31,396,7,391,7,5,0,447,7,17483,317,17930,324,0,5,0,43,5,0,"Knox County",470313,18.4983192044447,0.0217337614225735,68.8902922096561,1.48837051070245,2.17337614225735
2020-05-30,389,6,384,6,5,0,440,6,17166,294,17606,300,0,5,2,43,5,0,"Knox County",470313,17.4351974110858,0.0212490282456595,63.7873076015334,1.27574615203067,2.12490282456595
2020-05-29,383,8,378,8,5,0,434,7,16872,205,17306,212,0,5,0,41,5,0,"Knox County",470313,15.308953824368,0.0203619909502262,45.076364038417,1.70099486937423,2.03619909502262
2020-05-28,375,11,370,11,5,0,427,11,16667,336,17094,347,0,5,0,41,5,0,"Knox County",470313,16.7973243350705,0.022310081897769,73.780652459107,2.33886794538956,2.2310081897769
2020-05-27,364,5,359,5,5,0,416,6,16331,420,16747,426,0,5,1,41,5,0,"Knox County",470313,17.0099486937423,0.0227272727272727,90.5779767941775,1.06312179335889,2.27272727272727
2020-05-26,359,9,354,9,5,0,410,10,15911,1142,16321,1152,0,5,0,40,5,0,"Knox County",470313,13.395334596322,0.0178523847588596,244.943261189888,1.913619228046,1.78523847588596
2020-05-25,350,9,345,9,5,0,400,11,14769,381,15169,392,0,5,1,40,5,0,"Knox County",470313,11.6943397269478,0.018395179194418,83.348748599337,1.913619228046,1.8395179194418
2020-05-24,341,2,336,2,5,0,389,3,14388,273,14777,276,0,5,0,39,5,0,"Knox County",470313,10.6312179335889,0.0173913043478261,58.6843229934108,0.425248717343556,1.73913043478261
2020-05-23,339,7,334,7,5,0,386,10,14115,360,14501,370,0,5,2,39,5,0,"Knox County",470313,10.8438422922607,0.0182677165354331,78.6710127085579,1.48837051070245,1.82677165354331
2020-05-22,332,1,327,1,5,0,376,1,13755,253,14131,254,0,5,0,37,5,0,"Knox County",470313,9.35547178155824,0.0161641280696301,54.0065871026317,0.212624358671778,1.61641280696301
2020-05-21,331,0,326,0,5,0,375,0,13502,250,13877,250,0,5,0,37,5,0,"Knox County",470313,7.01660383616868,0.0131410256410256,53.1560896679445,0,1.31410256410256
2020-05-20,331,7,326,7,5,0,375,7,13252,360,13627,367,0,5,0,37,5,0,"Knox County",470313,7.44185255351224,0.0137210062071219,78.0331396325426,1.48837051070245,1.37210062071219
2020-05-19,324,7,319,7,5,0,368,7,12892,369,13260,376,0,5,2,37,5,0,"Knox County",470313,7.01660383616868,0.0170678336980306,79.9467588605886,1.48837051070245,1.70678336980306
2020-05-18,317,3,312,3,5,0,361,4,12523,478,12884,482,0,5,0,35,5,0,"Knox County",470313,5.74085768413801,0.0134736842105263,102.484940879797,0.637873076015334,1.34736842105263
2020-05-17,314,3,309,3,5,0,357,5,12045,216,12402,221,0,5,1,35,5,0,"Knox County",470313,5.95348204280979,0.0146551724137931,46.989983266463,0.637873076015334,1.46551724137931
2020-05-16,311,0,306,0,5,0,352,0,11829,349,12181,349,0,5,0,34,5,0,"Knox County",470313,4.46511153210734,0.0104393214441061,74.2059011764506,0,1.04393214441061
2020-05-15,311,1,306,1,5,0,352,4,11480,540,11832,544,0,5,0,34,5,0,"Knox County",470313,4.46511153210734,0.0104287369640788,115.667651117447,0.212624358671778,1.04287369640788
2020-05-14,310,3,305,3,5,0,348,7,10940,458,11288,465,0,5,0,34,5,0,"Knox County",470313,5.10298460812268,0.0121255349500713,98.8703267823768,0.637873076015334,1.21255349500713
2020-05-13,307,7,302,7,5,0,341,5,10482,341,10823,346,0,5,0,34,5,0,"Knox County",470313,5.10298460812268,0.011498383039885,73.5680281004352,1.48837051070245,1.1498383039885
2020-05-12,300,6,295,6,5,0,336,8,10141,401,10477,409,0,5,0,34,5,0,"Knox County",470313,4.8903602494509,0.01171875,86.9633626967573,1.27574615203067,1.171875
2020-05-11,294,16,289,16,5,0,328,12,9740,254,10068,266,0,5,1,34,5,0,"Knox County",470313,7.65447691218401,0.0157692307692308,56.558079406693,3.40198973874845,1.57692307692308
2020-05-10,278,5,273,5,5,0,316,5,9486,221,9802,226,0,5,1,33,5,0,"Knox County",470313,8.07972562952757,0.0157389635316699,48.0531050598219,1.06312179335889,1.57389635316699
2020-05-09,273,2,268,2,5,0,311,4,9265,352,9576,356,0,5,0,32,5,0,"Knox County",470313,8.50497434687113,0.0172281776416539,75.694271687153,0.425248717343556,1.72281776416539
2020-05-08,271,3,266,3,5,0,307,4,8913,265,9220,269,0,5,0,32,5,0,"Knox County",470313,8.93022306421468,0.0192554557124519,57.1959524827083,0.637873076015334,1.92554557124519
2020-05-07,268,3,263,3,5,0,303,3,8648,220,8951,223,0,5,0,32,5,0,"Knox County",470313,8.93022306421468,0.0195704057279236,47.4152319838065,0.637873076015334,1.95704057279236
2020-05-06,265,1,260,1,5,0,300,1,8428,185,8728,186,0,5,0,32,5,0,"Knox County",470313,7.65447691218401,0.0191214470284238,39.5481307129507,0.212624358671778,1.91214470284238
2020-05-05,264,4,259,4,5,0,299,5,8243,305,8542,310,0,5,0,32,5,0,"Knox County",470313,7.22922819484046,0.0185185185185185,65.9135511882512,0.850497434687113,1.85185185185185
2020-05-04,260,4,255,4,5,0,294,7,7938,259,8232,266,0,5,0,32,5,0,"Knox County",470313,4.67773589077912,0.0157952069716776,56.558079406693,0.850497434687113,1.57952069716776
2020-05-03,256,7,251,5,5,2,287,6,7679,290,7966,296,0,5,2,32,5,0,"Knox County",470313,5.10298460812268,0.0157397691500525,62.9368101668463,1.48837051070245,1.57397691500525
2020-05-02,249,3,246,3,3,0,281,5,7389,308,7670,313,0,5,1,30,5,0,"Knox County",470313,5.31560896679445,0.0166398282340311,66.5514242642666,0.637873076015334,1.66398282340311
2020-05-01,246,9,243,8,3,1,276,7,7081,354,7357,361,0,5,0,29,5,0,"Knox County",470313,6.59135511882512,0.0173913043478261,76.7573934805119,1.913619228046,1.73913043478261
2020-04-30,237,4,235,4,2,0,269,3,6727,119,6996,122,0,5,0,29,5,0,"Knox County",470313,6.8039794774969,0.0183387270765912,25.9401717579569,0.850497434687113,1.83387270765912
2020-04-29,233,8,231,8,2,0,266,10,6608,671,6874,681,0,5,0,29,5,0,"Knox County",470313,8.29234998819935,0.0183056619838229,144.797188255481,1.70099486937423,1.83056619838229
2020-04-28,225,8,223,8,2,0,256,10,5937,391,6193,401,1,5,0,29,5,0,"Knox County",470313,9.14284742288646,0.019672131147541,85.262367827383,1.70099486937423,1.9672131147541
2020-04-27,217,2,215,2,2,0,246,4,5546,161,5792,165,0,4,0,29,5,1,"Knox County",470313,8.7175987055429,0.0192389910218042,35.0830191808434,0.425248717343556,1.92389910218042
2020-04-26,215,1,213,1,2,0,242,1,5385,172,5627,173,0,4,0,29,4,0,"Knox County",470313,7.44185255351224,0.0180505415162455,36.7840140502176,0.212624358671778,1.80505415162455
2020-04-25,214,0,212,0,2,0,241,0,5213,53,5454,53,0,4,0,29,4,0,"Knox County",470313,6.8039794774969,0.0178936605316973,11.2690910096042,0,1.78936605316973
2020-04-24,214,8,212,8,2,0,241,10,5160,836,5401,846,0,4,1,29,4,0,"Knox County",470313,6.59135511882512,0.0155673904137649,179.880207436324,1.70099486937423,1.55673904137648
2020-04-23,206,1,204,1,2,0,231,2,4324,137,4555,139,0,4,0,28,4,0,"Knox County",470313,5.95348204280979,0.0150528885272579,29.5547858553772,0.212624358671778,1.50528885272579
2020-04-22,205,5,203,3,2,2,229,2,4187,189,4416,191,0,4,0,28,4,0,"Knox County",470313,5.31560896679445,0.0147357723577236,40.6112525063096,1.06312179335889,1.47357723577236
2020-04-21,200,4,200,4,0,0,227,5,3998,475,4225,480,0,4,1,28,4,0,"Knox County",470313,4.46511153210734,0.0117244748412311,102.059692162454,0.850497434687113,1.17244748412311
2020-04-20,196,3,196,3,0,0,222,2,3523,175,3745,177,0,4,1,27,4,0,"Knox County",470313,4.67773589077912,0.0106847984458475,37.6345114849047,0.637873076015334,1.06847984458475
2020-04-19,193,0,193,0,0,0,220,0,3348,72,3568,72,0,4,0,26,4,0,"Knox County",470313,4.46511153210734,0.0107252298263534,15.308953824368,0,1.07252298263534
2020-04-18,193,0,193,0,0,0,220,1,3276,135,3496,136,0,4,0,26,4,0,"Knox County",470313,4.46511153210734,0.0107790298873101,28.9169127793618,0,1.07790298873101
2020-04-17,193,2,193,2,0,0,219,3,3141,104,3360,107,0,4,1,26,4,0,"Knox County",470313,3.18936538007667,0.0115207373271889,22.7508063778803,0.425248717343556,1.15207373271889
2020-04-16,191,7,191,7,0,0,216,9,3037,213,3253,222,0,4,2,25,4,0,"Knox County",470313,4.46511153210734,0.015884476534296,47.2026076251348,1.48837051070245,1.5884476534296
2020-04-15,184,9,184,9,0,0,207,10,2824,84,3031,94,0,4,1,23,4,0,"Knox County",470313,5.31560896679445,0.0232919254658385,19.9866897151471,1.913619228046,2.32919254658385
2020-04-14,175,4,175,4,0,0,197,4,2740,102,2937,106,0,4,1,22,4,0,"Knox County",470313,5.31560896679445,0.0317286652078775,22.5381820192085,0.850497434687113,3.17286652078775
2020-04-13,171,4,171,4,0,0,193,9,2638,242,2831,251,0,4,1,21,4,0,"Knox County",470313,5.52823332546623,0.0364372469635627,53.3687140266163,0.850497434687113,3.64372469635628
2020-04-12,167,5,167,5,0,0,184,6,2396,166,2580,172,0,4,0,20,4,0,"Knox County",470313,6.59135511882512,0.0386029411764706,36.5713896915458,1.06312179335889,3.86029411764706
2020-04-11,162,5,162,5,0,0,178,8,2230,313,2408,321,1,4,1,20,4,0,"Knox County",470313,7.65447691218401,0.0384917517674784,68.2524191336408,1.06312179335889,3.84917517674784
2020-04-10,157,4,157,4,0,0,170,5,1917,123,2087,128,0,3,0,19,4,0,"Knox County",470313,8.07972562952757,0.0394126738794436,27.2159179099876,0.850497434687113,3.94126738794436
2020-04-09,153,1,153,1,0,0,165,1,1794,81,1959,82,0,3,0,19,4,0,"Knox County",470313,6.8039794774969,0.037261698440208,17.4351974110858,0.212624358671778,3.7261698440208
2020-04-08,152,8,152,8,0,0,164,12,1713,111,1877,123,0,3,1,19,4,1,"Knox County",470313,6.59135511882512,0.0380388841927303,26.1527961166287,1.70099486937423,3.80388841927303
2020-04-07,144,20,144,20,0,0,152,25,1602,366,1754,391,0,3,2,18,3,0,"Knox County",470313,9.99334485757357,0.0449591280653951,83.1361242406653,4.25248717343556,4.49591280653951
2020-04-06,124,8,124,8,0,0,127,14,1236,54,1363,68,2,3,1,16,3,0,"Knox County",470313,10.8438422922607,0.0552529182879377,14.4584563896809,1.70099486937423,5.52529182879377
2020-04-05,116,4,116,4,0,0,113,10,1182,75,1295,85,0,1,0,15,3,1,"Knox County",470313,10.6312179335889,0.0626043405676127,18.0730704871011,0.850497434687113,6.26043405676127
2020-04-04,112,15,112,15,0,0,103,6,1107,127,1210,133,0,1,1,15,2,1,"Knox County",470313,12.7574615203067,0.0722772277227723,28.2790397033465,3.18936538007667,7.22772277227723
2020-04-03,97,4,97,4,0,0,97,3,980,51,1077,54,0,1,1,14,1,0,"Knox County",470313,12.7574615203067,0.0758547008547008,11.481715368276,0.850497434687113,7.58547008547009
2020-04-02,93,7,93,7,0,0,94,7,929,106,1023,113,0,1,0,13,1,0,"Knox County",470313,14.0332076723374,0.0796277145811789,24.0265525299109,1.48837051070245,7.96277145811789
2020-04-01,86,15,86,15,0,0,87,15,823,140,910,155,0,0,1,13,1,0,"Knox County",470313,15.5215781830398,0.0800800800800801,32.9567755941256,3.18936538007667,8.00800800800801
2020-03-31,71,8,71,8,0,0,72,11,683,58,755,69,0,0,1,12,1,0,"Knox County",470313,12.9700858789785,0.0974889217134417,14.6710807483527,1.70099486937423,9.74889217134417
2020-03-30,63,13,63,13,0,0,61,15,625,130,686,145,0,0,2,11,1,0,"Knox County",470313,14.0332076723374,0.0888594164456233,30.8305320074078,2.76411666273312,8.88594164456233
2020-03-29,50,8,50,8,0,0,46,8,495,55,541,63,0,0,1,9,1,1,"Knox County",470313,14.8837051070245,0.0887978142076503,13.395334596322,1.70099486937423,8.87978142076503
2020-03-28,42,7,42,7,0,0,38,6,440,62,478,68,0,0,1,8,0,0,"Knox County",470313,13.1827102376502,0.0974512743628186,14.4584563896809,1.48837051070245,9.74512743628186
2020-03-27,35,2,35,2,0,0,32,2,378,54,410,56,0,0,1,7,0,0,"Knox County",470313,12.7574615203067,0.0956651718983558,11.9069640856196,0.425248717343556,9.56651718983558
2020-03-26,33,7,33,7,0,0,30,7,324,82,354,89,0,0,2,6,0,0,"Knox County",470313,12.7574615203067,0.0992248062015504,18.9235679217883,1.48837051070245,9.92248062015504
2020-03-25,26,6,26,6,0,0,23,7,242,68,265,75,0,0,1,4,0,0,"Knox County",470313,10.8438422922607,0.0991150442477876,15.9468269003834,1.27574615203067,9.91150442477876
2020-03-24,20,7,20,7,0,0,16,7,174,43,190,50,0,0,0,3,0,0,"Knox County",470313,10.6312179335889,0.0952380952380952,10.6312179335889,1.48837051070245,9.52380952380952
2020-03-23,13,4,13,4,0,0,9,4,131,22,140,26,0,0,2,3,0,0,"Knox County",470313,8.7175987055429,0.0960187353629977,5.52823332546623,0.850497434687113,9.60187353629976
2020-03-22,9,2,9,2,0,0,5,0,109,9,114,9,0,0,1,1,0,0,"Knox County",470313,7.44185255351224,0.0884718498659517,1.913619228046,0.425248717343556,8.84718498659517
2020-03-21,7,1,7,1,0,0,5,2,100,17,105,19,0,0,0,0,0,0,"Knox County",470313,6.16610640148157,0.0895061728395062,4.03986281476378,0.212624358671778,8.95061728395062
2020-03-20,6,5,6,5,0,0,3,2,83,38,86,40,0,0,0,0,0,0,"Knox County",470313,6.8039794774969,0.0941558441558442,8.50497434687113,1.06312179335889,9.41558441558442
2020-03-19,1,0,1,0,0,0,1,0,45,11,46,11,0,0,0,0,0,0,"Knox County",470313,5.31560896679445,0.0956521739130435,2.33886794538956,0,9.56521739130435
2020-03-18,1,0,1,0,0,0,1,0,34,15,35,15,0,0,0,0,0,0,"Knox County",470313,4.03986281476378,0.0882352941176471,3.18936538007667,0,8.82352941176471
2020-03-17,1,0,1,0,0,0,1,0,19,5,20,5,0,0,0,0,0,0,"Knox County",470313,2.55149230406134,0.064,1.06312179335889,0,6.4
2020-03-16,1,1,1,1,0,0,1,1,14,3,15,4,0,0,0,0,0,0,"Knox County",470313,1.913619228046,0.0485436893203883,0.850497434687113,0.212624358671778,4.85436893203883
2020-03-15,0,0,0,0,0,0,0,0,11,1,11,1,0,0,0,0,0,0,"Knox County",470313,1.48837051070245,0.0526315789473684,0.212624358671778,0,5.26315789473684
2020-03-14,0,0,0,0,0,0,0,0,10,8,10,8,0,0,0,0,0,0,"Knox County",470313,1.27574615203067,0.0357142857142857,1.70099486937423,0,3.57142857142857
2020-03-13,0,0,0,0,0,0,0,0,2,0,2,0,0,0,0,0,0,0,"Knox County",470313,0.212624358671778,0.0227272727272727,0,0,2.27272727272727
2020-03-12,0,0,0,0,0,0,0,0,2,2,2,2,0,0,0,0,0,0,"Knox County",470313,0.212624358671778,0.0285714285714286,0.425248717343556,0,2.85714285714286
2020-03-12,0,0,0,0,0,0,0,0,0,0,0,0,0,0,0,0,0,0,"Anderson",76978,NA,NA,0,0,NA
2020-03-13,0,0,0,0,0,0,0,0,1,1,1,1,0,0,0,0,0,0,"Anderson",76978,NA,NA,1.29907246226194,0,NA
2020-03-14,0,0,0,0,0,0,0,0,1,0,1,0,0,0,0,0,0,0,"Anderson",76978,NA,NA,0,0,NA
2020-03-15,0,0,0,0,0,0,0,0,1,0,1,0,0,0,0,0,0,0,"Anderson",76978,NA,NA,0,0,NA
2020-03-16,0,0,0,0,0,0,0,0,2,1,2,1,0,0,0,0,0,0,"Anderson",76978,NA,NA,1.29907246226194,0,NA
2020-03-17,0,0,0,0,0,0,0,0,4,2,4,2,0,0,0,0,0,0,"Anderson",76978,NA,NA,2.59814492452389,0,NA
2020-03-18,0,0,0,0,0,0,0,0,4,0,4,0,0,0,0,0,0,0,"Anderson",76978,0,0,0,0,0
2020-03-19,1,1,1,1,0,0,2,2,5,1,7,3,0,0,0,0,0,0,"Anderson",76978,1.29907246226194,0.285714285714286,3.89721738678583,1.29907246226194,28.5714285714286
2020-03-20,1,0,1,0,0,0,2,0,7,2,9,2,0,0,0,0,0,0,"Anderson",76978,1.29907246226194,0.25,2.59814492452389,0,25
2020-03-21,1,0,1,0,0,0,2,0,7,0,9,0,0,0,0,0,0,0,"Anderson",76978,1.29907246226194,0.25,0,0,25
2020-03-22,1,0,1,0,0,0,2,0,10,3,12,3,0,0,0,0,0,0,"Anderson",76978,1.29907246226194,0.181818181818182,3.89721738678583,0,18.1818181818182
2020-03-23,1,0,1,0,0,0,2,0,15,5,17,5,0,0,0,0,0,0,"Anderson",76978,1.29907246226194,0.133333333333333,6.49536231130973,0,13.3333333333333
2020-03-24,1,0,1,0,0,0,2,0,20,5,22,5,0,0,0,0,0,0,"Anderson",76978,1.29907246226194,0.111111111111111,6.49536231130973,0,11.1111111111111
2020-03-25,2,1,2,1,0,0,4,2,29,9,33,11,0,0,0,0,0,0,"Anderson",76978,2.59814492452389,0.137931034482759,14.2897970848814,1.29907246226194,13.7931034482759
2020-03-26,3,1,3,1,0,0,5,1,44,15,49,16,0,0,1,1,0,0,"Anderson",76978,2.59814492452389,0.0714285714285714,20.7851593961911,1.29907246226194,7.14285714285714
2020-03-27,4,1,4,1,0,0,6,1,53,9,59,10,0,0,0,1,0,0,"Anderson",76978,3.89721738678583,0.08,12.9907246226195,1.29907246226194,8
2020-03-28,7,3,7,3,0,0,9,3,72,19,81,22,0,0,1,2,0,0,"Anderson",76978,7.79443477357167,0.0972222222222222,28.5795941697628,3.89721738678583,9.72222222222222
2020-03-29,7,0,7,0,0,0,9,0,83,11,92,11,0,0,0,2,0,0,"Anderson",76978,7.79443477357167,0.0875,14.2897970848814,0,8.75
2020-03-30,8,1,8,1,0,0,10,1,127,44,137,45,0,0,0,2,0,0,"Anderson",76978,9.09350723583361,0.0666666666666667,58.4582608017875,1.29907246226194,6.66666666666667
2020-03-31,9,1,9,1,0,0,11,1,142,15,153,16,0,0,0,2,0,0,"Anderson",76978,10.3925796980956,0.0687022900763359,20.7851593961911,1.29907246226194,6.87022900763359
2020-04-01,9,0,9,0,0,0,11,0,163,21,174,21,0,0,0,2,0,0,"Anderson",76978,9.09350723583361,0.049645390070922,27.2805217075008,0,4.9645390070922
2020-04-02,9,0,9,0,0,0,11,0,179,16,190,16,0,0,0,2,0,0,"Anderson",76978,7.79443477357167,0.0425531914893617,20.7851593961911,0,4.25531914893617
2020-04-03,9,0,9,0,0,0,11,0,192,13,203,13,0,0,0,2,0,0,"Anderson",76978,6.49536231130972,0.0347222222222222,16.8879420094053,0,3.47222222222222
2020-04-04,9,0,9,0,0,0,11,0,219,27,230,27,0,0,0,2,0,0,"Anderson",76978,2.59814492452389,0.0134228187919463,35.0749564810725,0,1.34228187919463
2020-04-05,9,0,9,0,0,0,11,0,248,29,259,29,0,0,0,2,0,0,"Anderson",76978,2.59814492452389,0.0119760479041916,37.6731014055964,0,1.19760479041916
2020-04-06,9,0,9,0,0,0,11,0,262,14,273,14,0,0,0,2,0,0,"Anderson",76978,1.29907246226194,0.00735294117647059,18.1870144716672,0,0.735294117647059
2020-04-07,10,1,10,1,0,0,12,1,304,42,316,43,0,0,0,2,0,0,"Anderson",76978,1.29907246226194,0.00613496932515337,55.8601158772636,1.29907246226194,0.613496932515337
2020-04-08,10,0,10,0,0,0,12,0,322,18,334,18,1,1,0,2,1,1,"Anderson",76978,1.29907246226194,0.00625,23.383304320715,0,0.625
2020-04-09,10,0,10,0,0,0,12,0,350,28,362,28,0,1,0,2,1,0,"Anderson",76978,1.29907246226194,0.00581395348837209,36.3740289433345,0,0.581395348837209
2020-04-10,10,0,10,0,0,0,12,0,366,16,378,16,0,1,0,2,1,0,"Anderson",76978,1.29907246226194,0.00571428571428571,20.7851593961911,0,0.571428571428571
2020-04-11,10,0,10,0,0,0,12,0,439,73,451,73,0,1,0,2,1,0,"Anderson",76978,1.29907246226194,0.00452488687782805,94.832289745122,0,0.452488687782805
2020-04-12,12,2,12,2,0,0,14,2,477,38,491,40,0,1,0,2,1,0,"Anderson",76978,3.89721738678583,0.0129310344827586,51.9628984904778,2.59814492452389,1.29310344827586
2020-04-13,13,1,13,1,0,0,15,1,514,37,529,38,0,1,0,2,1,0,"Anderson",76978,5.19628984904778,0.015625,49.3647535659539,1.29907246226194,1.5625
2020-04-14,13,0,13,0,0,0,15,0,526,12,541,12,0,1,0,2,1,0,"Anderson",76978,3.89721738678583,0.0133333333333333,15.5888695471433,0,1.33333333333333
2020-04-15,13,0,13,0,0,0,15,0,544,18,559,18,0,1,0,2,1,0,"Anderson",76978,3.89721738678583,0.0133333333333333,23.383304320715,0,1.33333333333333
2020-04-16,13,0,13,0,0,0,15,0,566,22,581,22,0,1,0,2,1,0,"Anderson",76978,3.89721738678583,0.0136986301369863,28.5795941697628,0,1.36986301369863
2020-04-17,13,0,13,0,0,0,15,0,586,20,601,20,0,1,0,2,1,0,"Anderson",76978,3.89721738678583,0.0134529147982063,25.9814492452389,0,1.34529147982063
2020-04-18,13,0,13,0,0,0,15,0,616,30,631,30,0,1,0,2,1,0,"Anderson",76978,3.89721738678583,0.0166666666666667,38.9721738678584,0,1.66666666666667
2020-04-19,14,1,14,1,0,0,16,1,628,12,644,13,0,1,0,2,1,0,"Anderson",76978,2.59814492452389,0.0130718954248366,16.8879420094053,1.29907246226194,1.30718954248366
2020-04-20,19,5,18,4,1,1,19,3,648,20,667,23,0,1,0,2,1,0,"Anderson",76978,7.79443477357167,0.0289855072463768,29.8786666320247,6.49536231130973,2.89855072463768
2020-04-21,20,1,19,1,1,0,22,3,1071,423,1093,426,0,1,0,2,1,0,"Anderson",76978,9.09350723583361,0.0126811594202899,553.404868923589,1.29907246226194,1.26811594202899
2020-04-22,21,1,20,1,1,0,24,2,1141,70,1165,72,0,1,0,2,1,0,"Anderson",76978,10.3925796980956,0.0148514851485149,93.53321728286,1.29907246226194,1.48514851485149
2020-04-23,21,0,20,0,1,0,24,0,1191,50,1215,50,0,1,0,2,1,0,"Anderson",76978,10.3925796980956,0.0141955835962145,64.9536231130973,0,1.41955835962145
2020-04-24,22,1,21,1,1,0,25,1,1299,108,1324,109,0,1,0,2,1,0,"Anderson",76978,11.6916521603575,0.0138312586445367,141.598898386552,1.29907246226194,1.38312586445367
2020-04-25,22,0,21,0,1,0,25,0,1336,37,1361,37,0,1,0,2,1,0,"Anderson",76978,11.6916521603575,0.0136986301369863,48.065681103692,0,1.36986301369863
2020-04-26,22,0,21,0,1,0,25,0,1372,36,1397,36,0,1,0,2,1,0,"Anderson",76978,10.3925796980956,0.0119521912350598,46.76660864143,0,1.19521912350598
2020-04-27,22,0,21,0,1,0,25,0,1411,39,1436,39,0,1,0,2,1,0,"Anderson",76978,3.89721738678583,0.00780234070221066,50.6638260282159,0,0.780234070221066
2020-04-28,22,0,21,0,1,0,25,0,1690,279,1715,279,0,1,0,2,1,0,"Anderson",76978,2.59814492452389,0.00482315112540193,362.441216971083,0,0.482315112540193
2020-04-29,26,4,25,4,1,0,28,3,2068,378,2096,381,0,1,0,2,1,0,"Anderson",76978,6.49536231130972,0.00429645542427497,494.946608121801,5.19628984904778,0.429645542427497
2020-04-30,26,0,25,0,1,0,29,1,2100,32,2129,33,0,1,0,2,1,0,"Anderson",76978,6.49536231130972,0.00547045951859956,42.8693912546442,0,0.547045951859956
2020-05-01,26,0,25,0,1,0,29,0,2152,52,2181,52,0,1,0,2,1,0,"Anderson",76978,5.19628984904778,0.00466744457409568,67.5517680376211,0,0.466744457409568
2020-05-02,26,0,25,0,1,0,29,0,2219,67,2248,67,0,1,0,2,1,0,"Anderson",76978,5.19628984904778,0.00450958286358512,87.0378549715503,0,0.450958286358512
2020-05-03,27,1,26,1,1,0,30,1,2312,93,2342,94,0,1,0,2,1,0,"Anderson",76978,6.49536231130972,0.00529100529100529,122.112811452623,1.29907246226194,0.529100529100529
2020-05-04,27,0,26,0,1,0,30,0,2404,92,2434,92,0,1,0,2,1,0,"Anderson",76978,6.49536231130972,0.00501002004008016,119.514666528099,0,0.501002004008016
2020-05-05,28,1,27,1,1,0,30,0,2473,69,2503,69,0,1,0,2,1,0,"Anderson",76978,7.79443477357167,0.00634517766497462,89.6359998960742,1.29907246226194,0.634517766497462
2020-05-06,30,2,29,2,1,0,31,1,2523,50,2554,51,0,1,0,2,1,0,"Anderson",76978,5.19628984904778,0.00655021834061135,66.2526955753592,2.59814492452389,0.655021834061135
2020-05-07,30,0,29,0,1,0,33,2,2595,72,2628,74,0,1,0,2,1,0,"Anderson",76978,5.19628984904778,0.00801603206412826,96.1313622073839,0,0.801603206412826
2020-05-08,30,0,29,0,1,0,33,0,2650,55,2683,55,0,1,0,2,1,0,"Anderson",76978,5.19628984904778,0.00796812749003984,71.448985424407,0,0.796812749003984
2020-05-09,30,0,29,0,1,0,33,0,2732,82,2765,82,0,1,0,2,1,0,"Anderson",76978,5.19628984904778,0.00773694390715667,106.523941905479,0,0.773694390715667
2020-05-10,30,0,29,0,1,0,33,0,2825,93,2858,93,0,1,0,2,1,0,"Anderson",76978,3.89721738678583,0.00581395348837209,120.813738990361,0,0.581395348837209
2020-05-11,32,2,31,2,1,0,33,0,2907,82,2940,82,0,1,0,2,1,0,"Anderson",76978,6.49536231130972,0.00592885375494071,106.523941905479,2.59814492452389,0.592885375494071
2020-05-12,33,1,32,1,1,0,35,2,3040,133,3075,135,0,1,0,2,1,0,"Anderson",76978,6.49536231130972,0.00874125874125874,175.374782405363,1.29907246226194,0.874125874125874
2020-05-13,35,2,34,2,1,0,38,3,3218,178,3256,181,0,1,1,3,1,0,"Anderson",76978,6.49536231130972,0.00997150997150997,235.132115669412,2.59814492452389,0.997150997150997
2020-05-14,35,0,34,0,1,0,39,1,3344,126,3383,127,0,1,0,3,1,0,"Anderson",76978,6.49536231130972,0.00794701986754967,164.982202707267,0,0.794701986754967
2020-05-15,36,1,35,1,1,0,39,0,3415,71,3454,71,0,1,0,3,1,0,"Anderson",76978,7.79443477357167,0.00778210116731518,92.2341448205981,1.29907246226194,0.778210116731518
2020-05-16,36,0,35,0,1,0,41,2,3655,240,3696,242,0,1,0,3,1,0,"Anderson",76978,7.79443477357167,0.00859291084854995,314.375535867391,0,0.859291084854995
2020-05-17,36,0,35,0,1,0,41,0,3725,70,3766,70,0,1,0,3,1,0,"Anderson",76978,7.79443477357167,0.00881057268722467,90.9350723583361,0,0.881057268722467
2020-05-18,37,1,36,1,1,0,42,1,3802,77,3844,78,0,1,0,3,1,0,"Anderson",76978,6.49536231130972,0.00995575221238938,101.327652056432,1.29907246226194,0.995575221238938
2020-05-19,37,0,36,0,1,0,42,0,3854,52,3896,52,0,1,0,3,1,0,"Anderson",76978,5.19628984904778,0.00852618757612668,67.5517680376211,0,0.852618757612667
2020-05-20,37,0,36,0,1,0,43,1,3919,65,3962,66,0,1,0,3,1,0,"Anderson",76978,2.59814492452389,0.00708215297450425,85.7387825092884,0,0.708215297450425
2020-05-21,37,0,36,0,1,0,44,1,3999,80,4043,81,0,1,0,3,1,0,"Anderson",76978,2.59814492452389,0.00757575757575758,105.224869443218,0,0.757575757575758
2020-05-22,38,1,37,1,1,0,45,1,4027,28,4072,29,0,1,1,4,1,0,"Anderson",76978,2.59814492452389,0.00970873786407767,37.6731014055964,1.29907246226194,0.970873786407767
2020-05-23,38,0,37,0,1,0,46,1,4190,163,4236,164,0,1,0,4,1,0,"Anderson",76978,2.59814492452389,0.00925925925925926,213.047883810959,0,0.925925925925926
2020-05-24,38,0,37,0,1,0,46,0,4245,55,4291,55,0,1,0,4,1,0,"Anderson",76978,2.59814492452389,0.00952380952380952,71.448985424407,0,0.952380952380952
2020-05-25,38,0,37,0,1,0,47,1,4279,34,4326,35,0,1,0,4,1,0,"Anderson",76978,1.29907246226194,0.0103734439834025,45.4675361791681,0,1.03734439834025
2020-05-26,38,0,37,0,1,0,47,0,4410,131,4457,131,0,1,0,4,1,0,"Anderson",76978,1.29907246226194,0.0089126559714795,170.178492556315,0,0.89126559714795
2020-05-27,38,0,37,0,1,0,47,0,4513,103,4560,103,0,1,0,4,1,0,"Anderson",76978,1.29907246226194,0.00668896321070234,133.80446361298,0,0.668896321070234
2020-05-28,38,0,37,0,1,0,47,0,4561,48,4608,48,0,1,0,4,1,0,"Anderson",76978,1.29907246226194,0.00530973451327434,62.3554781885734,0,0.530973451327434
2020-05-29,39,1,38,1,1,0,47,0,4611,50,4658,50,0,1,0,4,1,0,"Anderson",76978,1.29907246226194,0.00341296928327645,64.9536231130973,1.29907246226194,0.341296928327645
2020-05-30,39,0,38,0,1,0,48,1,4663,52,4711,53,0,1,0,4,1,0,"Anderson",76978,1.29907246226194,0.00421052631578947,68.8508404998831,0,0.421052631578947
2020-05-31,40,1,39,1,1,0,49,1,4729,66,4778,67,0,1,0,4,1,0,"Anderson",76978,2.59814492452389,0.00616016427104723,87.0378549715503,1.29907246226194,0.616016427104723
2020-06-01,40,0,39,0,1,0,49,0,4853,124,4902,124,0,1,0,4,1,0,"Anderson",76978,2.59814492452389,0.00347222222222222,161.084985320481,0,0.347222222222222
2020-06-02,40,0,39,0,1,0,49,0,4980,127,5029,127,0,1,0,4,1,0,"Anderson",76978,2.59814492452389,0.0034965034965035,164.982202707267,0,0.34965034965035
2020-06-03,41,1,40,1,1,0,50,1,5040,60,5090,61,0,1,0,4,2,1,"Anderson",76978,3.89721738678583,0.00566037735849057,79.2434201979787,1.29907246226194,0.566037735849057
2020-06-04,41,0,40,0,1,0,50,0,5088,48,5138,48,1,2,0,4,2,0,"Anderson",76978,3.89721738678583,0.00566037735849057,62.3554781885734,0,0.566037735849057
2020-06-05,42,1,41,1,1,0,53,3,5145,57,5198,60,0,2,0,4,2,0,"Anderson",76978,3.89721738678583,0.0111111111111111,77.9443477357167,1.29907246226194,1.11111111111111
2020-06-06,43,1,42,1,1,0,54,1,5198,53,5252,54,0,2,0,4,2,0,"Anderson",76978,5.19628984904778,0.011090573012939,70.149912962145,1.29907246226194,1.1090573012939
2020-06-07,45,2,43,1,2,1,57,3,5293,95,5350,98,0,2,0,4,2,0,"Anderson",76978,6.49536231130972,0.013986013986014,127.309101301671,2.59814492452389,1.3986013986014
2020-06-08,46,1,44,1,2,0,57,0,5334,41,5391,41,0,2,0,4,2,0,"Anderson",76978,7.79443477357167,0.016359918200409,53.2619709527397,1.29907246226194,1.6359918200409
2020-06-09,47,1,45,1,2,0,60,3,5515,181,5575,184,0,2,0,4,2,0,"Anderson",76978,9.09350723583361,0.0201465201465201,239.029333056198,1.29907246226194,2.01465201465201
2020-06-10,52,5,50,5,2,0,63,3,5723,208,5786,211,0,2,0,4,2,0,"Anderson",76978,14.2897970848814,0.0186781609195402,274.10428953727,6.49536231130973,1.86781609195402
2020-06-11,55,3,53,3,2,0,66,3,5868,145,5934,148,0,2,1,5,2,0,"Anderson",76978,18.1870144716672,0.0201005025125628,192.262724414768,3.89721738678583,2.01005025125628
2020-06-12,57,2,55,2,2,0,70,4,5950,82,6020,86,0,2,0,5,2,0,"Anderson",76978,19.4860869339292,0.0206812652068127,111.720231754527,2.59814492452389,2.06812652068127
2020-06-13,58,1,55,0,3,1,70,0,5993,43,6063,43,0,2,0,5,2,0,"Anderson",76978,19.4860869339292,0.0197287299630086,55.8601158772636,1.29907246226194,1.97287299630086
2020-06-14,60,2,57,2,3,0,70,0,6168,175,6238,175,0,2,1,6,2,0,"Anderson",76978,19.4860869339292,0.0146396396396396,227.33768089584,2.59814492452389,1.46396396396396
2020-06-15,60,0,57,0,3,0,71,1,6226,58,6297,59,0,2,0,6,2,0,"Anderson",76978,18.1870144716672,0.0154525386313466,76.6452752734548,0,1.54525386313466
2020-06-16,64,4,61,4,3,0,75,4,6287,61,6362,65,0,2,0,6,2,0,"Anderson",76978,22.0842318584531,0.0190597204574333,84.4397100470264,5.19628984904778,1.90597204574333
2020-06-17,66,2,63,2,3,0,79,4,6324,37,6403,41,0,2,0,6,2,0,"Anderson",76978,18.1870144716672,0.0259319286871961,53.2619709527397,2.59814492452389,2.59319286871961
2020-06-18,70,4,67,4,3,0,84,5,6454,130,6538,135,0,2,0,6,2,0,"Anderson",76978,19.4860869339292,0.0298013245033113,175.374782405363,5.19628984904778,2.98013245033113
2020-06-19,72,2,69,2,3,0,86,2,6519,65,6605,67,0,2,0,6,2,0,"Anderson",76978,19.4860869339292,0.0273504273504274,87.0378549715503,2.59814492452389,2.73504273504274
2020-06-20,73,1,70,1,3,0,87,1,6557,38,6644,39,0,2,0,6,2,0,"Anderson",76978,19.4860869339292,0.0292598967297762,50.6638260282159,1.29907246226194,2.92598967297762
2020-06-21,74,1,71,1,3,0,88,1,6617,60,6705,61,0,2,0,6,2,0,"Anderson",76978,18.1870144716672,0.0385438972162741,79.2434201979787,1.29907246226194,3.85438972162741
2020-06-22,76,2,73,2,3,0,90,2,6709,92,6799,94,0,2,1,7,2,0,"Anderson",76978,20.7851593961911,0.0378486055776892,122.112811452623,2.59814492452389,3.78486055776892
2020-06-23,76,0,73,0,3,0,90,0,6798,89,6888,89,0,2,0,7,2,0,"Anderson",76978,15.5888695471433,0.0285171102661597,115.617449141313,0,2.85171102661597
2020-06-24,77,1,74,1,3,0,91,1,6829,31,6920,32,0,2,0,7,2,0,"Anderson",76978,14.2897970848814,0.02321083172147,41.5703187923822,1.29907246226194,2.321083172147
2020-06-25,81,4,78,4,3,0,92,1,6942,113,7034,114,0,2,0,7,2,0,"Anderson",76978,14.2897970848814,0.0161290322580645,148.094260697862,5.19628984904778,1.61290322580645
2020-06-26,86,5,83,5,3,0,98,6,6970,28,7068,34,0,2,0,7,2,0,"Anderson",76978,18.1870144716672,0.0259179265658747,44.1684637169061,6.49536231130973,2.59179265658747
2020-06-27,87,1,83,0,4,1,98,0,6982,12,7080,12,0,2,0,7,2,0,"Anderson",76978,18.1870144716672,0.0252293577981651,15.5888695471433,1.29907246226194,2.52293577981651
2020-06-28,91,4,87,4,4,0,106,8,7091,109,7197,117,0,2,0,7,2,0,"Anderson",76978,22.0842318584531,0.0365853658536585,151.991478084648,5.19628984904778,3.65853658536585
2020-06-29,97,6,92,5,5,1,114,8,7313,222,7427,230,0,2,1,8,2,0,"Anderson",76978,27.2805217075008,0.0382165605095541,298.786666320247,7.79443477357167,3.82165605095541
2020-06-30,102,5,96,4,6,1,120,6,7477,164,7597,170,0,2,0,8,2,0,"Anderson",76978,33.7758840188106,0.0423131170662905,220.842318584531,6.49536231130973,4.23131170662905
2020-07-01,104,2,98,2,6,0,124,4,7598,121,7722,125,0,2,0,8,2,0,"Anderson",76978,35.0749564810725,0.0411471321695761,162.384057782743,2.59814492452389,4.11471321695761
2020-07-02,110,6,104,6,6,0,130,6,7837,239,7967,245,0,2,0,8,2,0,"Anderson",76978,37.6731014055964,0.0407288317256163,318.272753254177,7.79443477357167,4.07288317256163
2020-07-03,120,10,113,9,7,1,142,12,7961,124,8103,136,0,2,0,8,2,0,"Anderson",76978,44.1684637169061,0.042512077294686,176.673854867625,12.9907246226195,4.2512077294686
2020-07-04,131,11,124,11,7,0,156,14,8145,184,8301,198,0,2,2,10,2,0,"Anderson",76978,57.1591883395256,0.0475020475020475,257.216347527865,14.2897970848814,4.75020475020475
2020-07-05,140,9,133,9,7,0,169,13,8301,156,8470,169,0,2,1,11,2,0,"Anderson",76978,63.6545506508353,0.0494893951296151,219.543246122269,11.6916521603575,4.94893951296151
2020-07-06,141,1,134,1,7,0,170,1,8328,27,8498,28,0,2,0,11,2,0,"Anderson",76978,57.1591883395256,0.0522875816993464,36.3740289433345,1.29907246226194,5.22875816993464
2020-07-07,157,16,150,16,7,0,190,20,8561,233,8751,253,0,2,0,11,2,0,"Anderson",76978,71.448985424407,0.0606585788561525,328.665332952272,20.7851593961911,6.06585788561525
2020-07-08,173,16,165,15,8,1,206,16,8701,140,8907,156,0,2,0,11,2,0,"Anderson",76978,89.6359998960742,0.0691983122362869,202.655304112863,20.7851593961911,6.91983122362869
2020-07-09,187,14,179,14,8,0,220,14,8969,268,9189,282,0,2,0,11,2,0,"Anderson",76978,100.02857959417,0.0736497545008183,366.338434357868,18.1870144716672,7.36497545008183
2020-07-10,193,6,185,6,8,0,227,7,8999,30,9226,37,0,2,1,12,2,0,"Anderson",76978,94.832289745122,0.0756901157613535,48.065681103692,7.79443477357167,7.56901157613535
2020-07-11,201,8,193,8,8,0,235,8,9168,169,9403,177,0,2,1,13,2,0,"Anderson",76978,90.9350723583361,0.0716878402903811,229.935825820364,10.3925796980956,7.16878402903811
2020-07-12,212,11,204,11,8,0,248,13,9351,183,9599,196,0,2,0,13,2,0,"Anderson",76978,93.53321728286,0.0699734278122232,254.618202603341,14.2897970848814,6.99734278122232
2020-07-13,218,6,209,5,9,1,255,7,9390,39,9645,46,0,2,2,15,2,0,"Anderson",76978,100.02857959417,0.0741063644289451,59.7573332640495,7.79443477357167,7.41063644289451
2020-07-14,229,11,219,10,10,1,266,11,9530,140,9796,151,0,2,0,15,2,0,"Anderson",76978,93.53321728286,0.0727272727272727,196.159941801554,14.2897970848814,7.27272727272727
2020-07-15,245,16,234,15,11,1,285,19,9632,102,9917,121,0,2,0,15,2,0,"Anderson",76978,93.53321728286,0.0782178217821782,157.187767933695,20.7851593961911,7.82178217821782
2020-07-16,263,18,252,18,11,0,308,23,9921,289,10229,312,0,2,1,16,2,0,"Anderson",76978,98.7295071319078,0.0846153846153846,405.310608225727,23.383304320715,8.46153846153846
2020-07-17,270,7,259,7,11,0,317,9,9992,71,10309,80,0,2,1,17,3,1,"Anderson",76978,100.02857959417,0.0831024930747922,103.925796980956,9.09350723583361,8.31024930747922
2020-07-18,277,7,266,7,11,0,328,11,10206,214,10534,225,0,2,0,17,3,0,"Anderson",76978,98.7295071319078,0.0822281167108753,292.291304008938,9.09350723583361,8.22281167108753
2020-07-19,285,8,274,8,11,0,337,9,10287,81,10624,90,0,2,2,19,3,0,"Anderson",76978,94.832289745122,0.0868292682926829,116.916521603575,10.3925796980956,8.68292682926829
2020-07-20,313,28,302,28,11,0,367,30,10456,169,10823,199,1,3,0,19,3,0,"Anderson",76978,123.411883914885,0.0950764006791171,258.515419990127,36.3740289433345,9.50764006791171
2020-07-21,336,23,324,22,12,1,391,24,10748,292,11139,316,0,3,1,20,3,0,"Anderson",76978,139.000753462028,0.0930752047654505,410.506898074775,29.8786666320247,9.30752047654505
2020-07-22,365,29,353,29,12,0,424,33,10883,135,11307,168,0,3,0,20,3,0,"Anderson",76978,155.888695471433,0.1,218.244173660007,37.6731014055964,10
2020-07-23,388,23,376,23,12,0,455,31,11310,427,11765,458,0,3,2,22,3,0,"Anderson",76978,162.384057782743,0.095703125,594.975187715971,29.8786666320247,9.5703125
2020-07-24,394,6,382,6,12,0,463,8,11422,112,11885,120,0,3,0,22,4,1,"Anderson",76978,161.084985320481,0.0926395939086294,155.888695471433,7.79443477357167,9.26395939086294
2020-07-25,426,32,413,31,13,1,499,36,11679,257,12178,293,1,4,1,23,4,0,"Anderson",76978,193.56179687703,0.104014598540146,380.62823144275,41.5703187923822,10.4014598540146
2020-07-26,465,39,451,38,14,1,541,42,12082,403,12623,445,0,4,2,25,4,0,"Anderson",76978,233.83304320715,0.102051025512756,578.087245706565,50.6638260282159,10.2051025512756
2020-07-27,483,18,468,17,15,1,562,21,12262,180,12824,201,0,4,1,26,4,0,"Anderson",76978,220.842318584531,0.0974512743628186,261.113564914651,23.383304320715,9.74512743628186
2020-07-28,523,40,508,40,15,0,608,46,12642,380,13250,426,0,4,1,27,5,1,"Anderson",76978,242.926550442984,0.10279488394126,553.404868923589,51.9628984904778,10.279488394126
2020-07-29,527,4,512,4,15,0,612,4,12678,36,13290,40,1,5,0,27,5,0,"Anderson",76978,210.449738886435,0.0948058497226425,51.9628984904778,5.19628984904778,9.48058497226425
2020-07-30,564,37,549,37,15,0,666,54,13163,485,13829,539,0,5,0,27,5,0,"Anderson",76978,228.636753358102,0.102228682170543,700.200057159188,48.065681103692,10.2228682170543
2020-07-31,576,12,561,12,15,0,680,14,13345,182,14025,196,0,5,0,27,5,0,"Anderson",76978,236.431188131674,0.101401869158878,254.618202603341,15.5888695471433,10.1401869158878
2020-08-01,599,23,584,23,15,0,705,25,13754,409,14459,434,0,5,1,28,5,0,"Anderson",76978,224.739535971316,0.0903112669881631,563.797448621684,29.8786666320247,9.03112669881631
2020-08-02,606,7,591,7,15,0,712,7,13882,128,14594,135,0,5,1,29,6,1,"Anderson",76978,183.169217178934,0.0867579908675799,175.374782405363,9.09350723583361,8.67579908675799
2020-08-03,631,25,615,24,16,1,743,31,14109,227,14852,258,0,5,0,29,6,0,"Anderson",76978,192.262724414768,0.0892504930966469,335.160695263582,32.4768115565486,8.92504930966469
2020-08-04,638,7,622,7,16,0,751,8,14352,243,15103,251,2,7,0,29,6,0,"Anderson",76978,149.393333160124,0.0771721532649757,326.067188027748,9.09350723583361,7.71721532649757
2020-08-05,653,15,637,15,16,0,770,19,14561,209,15331,228,-1,6,0,29,6,0,"Anderson",76978,163.683130245005,0.0774130328270456,296.188521395723,19.4860869339292,7.74130328270456
2020-08-06,675,22,659,22,16,0,800,30,14882,321,15682,351,0,6,1,30,6,0,"Anderson",76978,144.197043311076,0.0723151645979493,455.974434253943,28.5795941697628,7.23151645979493
2020-08-07,679,4,663,4,16,0,804,4,14963,81,15767,85,0,6,0,30,6,0,"Anderson",76978,133.80446361298,0.0711825487944891,110.421159292265,5.19628984904778,7.11825487944891
2020-08-08,690,11,674,11,16,0,820,16,15283,320,16103,336,0,6,0,30,6,0,"Anderson",76978,118.215594065837,0.0699513381995134,436.488347320014,14.2897970848814,6.99513381995134
2020-08-09,697,7,681,7,16,0,829,9,15420,137,16249,146,0,6,0,30,6,0,"Anderson",76978,118.215594065837,0.0706948640483384,189.664579490244,9.09350723583361,7.06948640483384
2020-08-10,702,5,686,5,16,0,835,6,15559,139,16394,145,0,6,0,30,6,0,"Anderson",76978,92.2341448205981,0.059662775616083,188.365507027982,6.49536231130973,5.9662775616083
2020-08-11,723,21,707,21,16,0,857,22,15762,203,16619,225,0,6,1,31,6,0,"Anderson",76978,110.421159292265,0.0699208443271768,292.291304008938,27.2805217075008,6.99208443271768
2020-08-12,731,8,715,8,16,0,865,8,16001,239,16866,247,0,6,0,31,6,0,"Anderson",76978,101.327652056432,0.0618892508143322,320.8708981787,10.3925796980956,6.18892508143322
2020-08-13,749,18,733,18,16,0,889,24,16229,228,17118,252,1,7,2,33,6,0,"Anderson",76978,96.1313622073839,0.0619777158774373,327.36626049001,23.383304320715,6.19777158774373
2020-08-14,766,17,749,16,17,1,911,22,16558,329,17469,351,0,7,0,33,6,0,"Anderson",76978,113.019304216789,0.0628672150411281,455.974434253943,22.0842318584531,6.28672150411281
2020-08-15,776,10,759,10,17,0,923,12,16781,223,17704,235,-1,6,0,33,6,0,"Anderson",76978,111.720231754527,0.0643347907557776,305.282028631557,12.9907246226195,6.43347907557776
2020-08-16,788,12,771,12,17,0,937,14,16923,142,17860,156,0,6,0,33,7,1,"Anderson",76978,118.215594065837,0.0670391061452514,202.655304112863,15.5888695471433,6.70391061452514
2020-08-17,792,4,775,4,17,0,940,3,16966,43,17906,46,0,6,0,33,7,0,"Anderson",76978,116.916521603575,0.0694444444444444,59.7573332640495,5.19628984904778,6.94444444444444
2020-08-18,806,14,789,14,17,0,957,17,17129,163,18086,180,0,6,0,33,7,0,"Anderson",76978,107.823014367741,0.0681663258350375,233.83304320715,18.1870144716672,6.81663258350375
2020-08-19,820,14,803,14,17,0,971,14,17303,174,18274,188,0,6,0,33,7,0,"Anderson",76978,115.617449141313,0.0752840909090909,244.225622905246,18.1870144716672,7.52840909090909
2020-08-20,835,15,818,15,17,0,987,16,17745,442,18732,458,0,6,0,33,8,1,"Anderson",76978,111.720231754527,0.0607187112763321,594.975187715971,19.4860869339292,6.07187112763321
2020-08-21,838,3,821,3,17,0,990,3,17781,36,18771,39,1,7,0,33,8,0,"Anderson",76978,93.53321728286,0.0606758832565284,50.6638260282159,3.89721738678583,6.06758832565284
2020-08-22,856,18,839,18,17,0,1009,19,18325,544,19334,563,1,8,1,34,8,0,"Anderson",76978,103.925796980956,0.052760736196319,731.377796253475,23.383304320715,5.2760736196319
2020-08-23,857,1,840,1,17,0,1010,1,18409,84,19419,85,0,8,0,34,8,0,"Anderson",76978,89.6359998960742,0.0468248877485568,110.421159292265,1.29907246226194,4.68248877485568
2020-08-24,858,1,840,0,18,1,1010,0,18448,39,19458,39,0,8,0,34,8,0,"Anderson",76978,85.7387825092884,0.0451030927835052,50.6638260282159,1.29907246226194,4.51030927835052
2020-08-25,866,8,848,8,18,0,1018,8,18600,152,19618,160,0,8,1,35,8,0,"Anderson",76978,77.9443477357167,0.0398172323759791,207.851593961911,10.3925796980956,3.98172323759791
2020-08-26,872,6,854,6,18,0,1024,6,18780,180,19804,186,0,8,0,35,8,0,"Anderson",76978,67.5517680376211,0.034640522875817,241.627477980722,7.79443477357167,3.4640522875817
2020-08-27,875,3,857,3,18,0,1027,3,19191,411,20218,414,0,8,0,35,8,0,"Anderson",76978,51.9628984904778,0.0269179004037685,537.815999376445,3.89721738678583,2.69179004037685
2020-08-28,875,0,857,0,18,0,1027,0,19229,38,20256,38,0,8,0,35,8,0,"Anderson",76978,48.065681103692,0.0249158249158249,49.3647535659539,0,2.49158249158249
2020-08-29,884,9,865,8,19,1,1035,8,19491,262,20526,270,0,8,0,35,8,0,"Anderson",76978,36.3740289433345,0.0218120805369128,350.749564810725,11.6916521603575,2.18120805369128
2020-08-30,900,16,881,16,19,0,1051,16,19574,83,20625,99,0,8,0,35,8,0,"Anderson",76978,55.8601158772636,0.0339966832504146,128.608173763933,20.7851593961911,3.39966832504146
2020-08-31,902,2,883,2,19,0,1053,2,19632,58,20685,60,0,8,0,35,8,0,"Anderson",76978,57.1591883395256,0.0350448247758761,77.9443477357167,2.59814492452389,3.50448247758761
2020-09-01,909,7,889,6,20,1,1059,6,19743,111,20802,117,0,8,0,35,8,0,"Anderson",76978,55.8601158772636,0.0346283783783784,151.991478084648,9.09350723583361,3.46283783783784
2020-09-02,917,8,895,6,22,2,1069,10,20059,316,21128,326,0,8,0,35,8,0,"Anderson",76978,58.4582608017875,0.033987915407855,423.497622697394,10.3925796980956,3.3987915407855
2020-09-03,933,16,909,14,24,2,1085,16,20383,324,21468,340,0,8,0,35,9,1,"Anderson",76978,75.3462028111928,0.0464,441.684637169061,20.7851593961911,4.64
2020-09-04,942,9,917,8,25,1,1095,10,20572,189,21667,199,0,8,0,35,9,0,"Anderson",76978,87.0378549715503,0.0481927710843374,258.515419990127,11.6916521603575,4.81927710843374
2020-09-05,961,19,936,19,25,0,1116,21,20841,269,21957,290,0,8,1,36,10,1,"Anderson",76978,100.02857959417,0.0566037735849057,376.731014055964,24.682376782977,5.66037735849057
2020-09-06,963,2,938,2,25,0,1118,2,20897,56,22015,58,0,8,0,36,10,0,"Anderson",76978,81.8415651225025,0.0482014388489209,75.3462028111928,2.59814492452389,4.82014388489209
2020-09-07,966,3,941,3,25,0,1123,5,20985,88,22108,93,0,8,0,36,10,0,"Anderson",76978,83.1406375847645,0.0491918482080112,120.813738990361,3.89721738678583,4.91918482080112
2020-09-08,975,9,944,3,31,6,1127,4,21160,175,22287,179,1,9,0,36,10,0,"Anderson",76978,85.7387825092884,0.0457912457912458,232.533970744888,11.6916521603575,4.57912457912458
2020-09-09,984,9,953,9,31,0,1136,9,21401,241,22537,250,0,9,1,37,11,1,"Anderson",76978,87.0378549715503,0.0475514549325763,324.768115565486,11.6916521603575,4.75514549325763
2020-09-10,1013,29,981,28,32,1,1166,30,21770,369,22936,399,1,10,0,37,11,0,"Anderson",76978,103.925796980956,0.0551771117166213,518.329912442516,37.6731014055964,5.51771117166213
2020-09-11,1014,1,982,1,32,0,1168,2,21903,133,23071,135,0,10,0,37,11,0,"Anderson",76978,93.53321728286,0.051994301994302,175.374782405363,1.29907246226194,5.1994301994302
2020-09-12,1017,3,985,3,32,0,1173,5,22045,142,23218,147,0,10,0,37,11,0,"Anderson",76978,72.7480578866689,0.0452022204599524,190.963651952506,3.89721738678583,4.52022204599524
2020-09-13,1038,21,1005,20,33,1,1194,21,22289,244,23483,265,0,10,1,38,11,0,"Anderson",76978,97.4304346696459,0.0517711171662125,344.254202499415,27.2805217075008,5.17711171662125
2020-09-14,1044,6,1010,5,34,1,1200,6,22395,106,23595,112,0,10,1,39,11,0,"Anderson",76978,101.327652056432,0.0517821116341627,145.496115773338,7.79443477357167,5.17821116341627
2020-09-15,1060,16,1026,16,34,0,1217,17,22635,240,23852,257,1,11,1,40,12,1,"Anderson",76978,110.421159292265,0.0575079872204473,333.86162280132,20.7851593961911,5.75079872204473
2020-09-16,1068,8,1034,8,34,0,1229,12,22771,136,24000,148,0,11,0,40,12,0,"Anderson",76978,109.122086830003,0.063568010936432,192.262724414768,10.3925796980956,6.3568010936432
2020-09-17,1090,22,1054,20,36,2,1249,20,23192,421,24441,441,0,11,1,41,12,0,"Anderson",76978,100.02857959417,0.0551495016611296,572.890955857518,28.5795941697628,5.51495016611296
2020-09-18,1109,19,1073,19,36,0,1267,18,23416,224,24683,242,0,11,0,41,12,0,"Anderson",76978,123.411883914885,0.0614143920595533,314.375535867391,24.682376782977,6.14143920595533
2020-09-19,1124,15,1088,15,36,0,1288,21,23698,282,24986,303,0,11,1,42,12,0,"Anderson",76978,139.000753462028,0.0650452488687783,393.618956065369,19.4860869339292,6.50452488687783
2020-09-20,1131,7,1095,7,36,0,1298,10,23850,152,25148,162,0,11,0,42,13,1,"Anderson",76978,120.813738990361,0.0624624624624625,210.449738886435,9.09350723583361,6.24624624624625
2020-09-21,1133,2,1097,2,36,0,1300,2,23883,33,25183,35,0,11,0,42,13,0,"Anderson",76978,115.617449141313,0.0629722921914358,45.4675361791681,2.59814492452389,6.29722921914358
2020-09-22,1147,14,1111,14,36,0,1317,17,24131,248,25448,265,0,11,1,43,13,0,"Anderson",76978,113.019304216789,0.06265664160401,344.254202499415,18.1870144716672,6.265664160401
2020-09-23,1147,0,1111,0,36,0,1317,0,24172,41,25489,41,0,11,0,43,13,0,"Anderson",76978,102.626724518694,0.0591000671591672,53.2619709527397,0,5.91000671591672
2020-09-24,1160,13,1124,13,36,0,1332,15,24496,324,25828,339,1,12,0,43,13,0,"Anderson",76978,90.9350723583361,0.0598413842826244,440.385564706799,16.8879420094053,5.98413842826244
2020-09-25,1174,14,1137,13,37,1,1345,13,24732,236,26077,249,1,13,0,43,13,0,"Anderson",76978,84.4397100470264,0.0559540889526542,323.469043103224,18.1870144716672,5.59540889526542
2020-09-26,1188,14,1151,14,37,0,1362,17,25031,299,26393,316,0,13,0,43,13,0,"Anderson",76978,83.1406375847645,0.0525941719971571,410.506898074775,18.1870144716672,5.25941719971571
2020-09-27,1207,19,1168,17,39,2,1378,16,25238,207,26616,223,0,13,0,43,13,0,"Anderson",76978,98.7295071319078,0.0544959128065395,289.693159084414,24.682376782977,5.44959128065395
2020-09-28,1210,3,1170,2,40,1,1380,2,25275,37,26655,39,0,13,0,43,13,0,"Anderson",76978,100.02857959417,0.0543478260869565,50.6638260282159,3.89721738678583,5.43478260869565
2020-09-29,1221,11,1180,10,41,1,1390,10,25569,294,26959,304,0,13,0,43,13,0,"Anderson",76978,96.1313622073839,0.0483123759099934,394.918028527631,14.2897970848814,4.83123759099934
2020-09-30,1233,12,1190,10,43,2,1400,10,25635,66,27035,76,0,13,0,43,13,0,"Anderson",76978,111.720231754527,0.0536869340232859,98.7295071319078,15.5888695471433,5.36869340232859
2020-10-01,1249,16,1204,14,45,2,1415,15,25915,280,27330,295,0,13,0,43,13,0,"Anderson",76978,115.617449141313,0.0552596537949401,383.226376367274,20.7851593961911,5.52596537949401
2020-10-02,1256,7,1210,6,46,1,1422,7,25997,82,27419,89,0,13,0,43,13,0,"Anderson",76978,106.523941905479,0.0573770491803279,115.617449141313,9.09350723583361,5.73770491803279
2020-10-03,1272,16,1226,16,46,0,1446,24,26261,264,27707,288,0,13,0,43,13,0,"Anderson",76978,109.122086830003,0.0639269406392694,374.13286913144,20.7851593961911,6.39269406392694
2020-10-04,1288,16,1240,14,48,2,1462,16,26598,337,28060,353,0,13,0,43,13,0,"Anderson",76978,105.224869443218,0.0581717451523546,458.572579178467,20.7851593961911,5.81717451523546
2020-10-05,1314,26,1265,25,49,1,1489,27,26809,211,28298,238,0,13,1,44,13,0,"Anderson",76978,135.103536075242,0.0663420572124163,309.179246018343,33.7758840188106,6.63420572124163
2020-10-06,1342,28,1292,27,50,1,1520,31,27146,337,28666,368,0,13,1,45,13,0,"Anderson",76978,157.187767933695,0.0761570005858231,478.058666112396,36.3740289433345,7.61570005858231
2020-10-07,1348,6,1298,6,50,0,1528,8,27381,235,28909,243,0,13,0,45,13,0,"Anderson",76978,149.393333160124,0.0683030949839915,315.674608329653,7.79443477357167,6.83030949839915
2020-10-08,1358,10,1306,8,52,2,1537,9,27620,239,29157,248,0,13,1,46,13,0,"Anderson",76978,141.598898386552,0.066776135741653,322.169970640962,12.9907246226195,6.6776135741653
2020-10-09,1373,15,1319,13,54,2,1553,16,27793,173,29346,189,0,13,0,46,13,0,"Anderson",76978,151.991478084648,0.0679813181110535,245.524695367508,19.4860869339292,6.79813181110535
2020-10-10,1389,16,1335,16,54,0,1573,20,28005,212,29578,232,0,13,1,47,14,1,"Anderson",76978,151.991478084648,0.0678781400320684,301.384811244771,20.7851593961911,6.78781400320684
2020-10-11,1417,28,1363,28,54,0,1604,31,28294,289,29898,320,0,13,0,47,14,0,"Anderson",76978,167.580347631791,0.0772578890097933,415.703187923822,36.3740289433345,7.72578890097933
2020-10-12,1433,16,1378,15,55,1,1620,16,28373,79,29993,95,0,13,0,47,14,0,"Anderson",76978,154.589623009171,0.0772861356932153,123.411883914885,20.7851593961911,7.72861356932153
2020-10-13,1453,20,1396,18,57,2,1638,18,28494,121,30132,139,0,13,0,47,14,0,"Anderson",76978,144.197043311076,0.0804911323328786,180.57107225441,25.9814492452389,8.04911323328786
2020-10-14,1475,22,1418,22,57,0,1662,24,28794,300,30456,324,0,13,0,47,14,0,"Anderson",76978,164.982202707267,0.0866192630898513,420.89947777287,28.5795941697628,8.66192630898513
2020-10-15,1497,22,1434,16,63,6,1676,14,28945,151,30621,165,0,13,1,48,14,0,"Anderson",76978,180.57107225441,0.0949453551912568,214.346956273221,28.5795941697628,9.49453551912568
2020-10-16,1504,7,1437,3,67,4,1680,4,29044,99,30724,103,0,13,0,48,15,1,"Anderson",76978,170.178492556315,0.0921625544267054,133.80446361298,9.09350723583361,9.21625544267054
2020-10-17,1532,28,1464,27,68,1,1710,30,29292,248,31002,278,0,13,2,50,15,0,"Anderson",76978,185.767362103458,0.0962078651685393,361.142144508821,36.3740289433345,9.62078651685393
2020-10-18,1551,19,1483,19,68,0,1732,22,29531,239,31263,261,0,13,0,50,15,0,"Anderson",76978,174.075709943101,0.0937728937728938,339.057912650368,24.682376782977,9.37728937728938
2020-10-19,1555,4,1487,4,68,0,1737,5,29608,77,31345,82,0,13,1,51,15,0,"Anderson",76978,158.486840395957,0.0865384615384615,106.523941905479,5.19628984904778,8.65384615384615
2020-10-20,1582,27,1514,27,68,0,1772,35,29807,199,31579,234,0,13,0,51,15,0,"Anderson",76978,167.580347631791,0.092605390463027,303.982956169295,35.0749564810725,9.2605390463027
2020-10-21,1599,17,1531,17,68,0,1791,19,30023,216,31814,235,0,13,1,52,15,0,"Anderson",76978,161.084985320481,0.0949926362297496,305.282028631557,22.0842318584531,9.49926362297496
2020-10-22,1620,21,1552,21,68,0,1816,25,30355,332,32171,357,1,14,0,52,15,0,"Anderson",76978,159.785912858219,0.0903225806451613,463.768869027514,27.2805217075008,9.03225806451613
2020-10-23,1635,15,1566,14,69,1,1832,16,30630,275,32462,291,0,14,0,52,15,0,"Anderson",76978,170.178492556315,0.0874568469505178,378.030086518226,19.4860869339292,8.74568469505178
2020-10-24,1666,31,1596,30,70,1,1865,33,31006,376,32871,409,0,14,2,54,17,2,"Anderson",76978,174.075709943101,0.082932049224184,531.320637065136,40.2712463301203,8.29320492241841
2020-10-25,1683,17,1612,16,71,1,1884,19,31202,196,33086,215,0,14,4,58,17,0,"Anderson",76978,171.477565018577,0.0833790455293472,279.300579386318,22.0842318584531,8.33790455293472
2020-10-26,1699,16,1627,15,72,1,1902,18,31336,134,33238,152,-1,13,1,59,17,0,"Anderson",76978,187.06643456572,0.0871632329635499,197.459014263816,20.7851593961911,8.71632329635499
2020-10-27,1728,29,1651,24,77,5,1926,24,31491,155,33417,179,1,14,2,61,17,0,"Anderson",76978,189.664579490244,0.0837867247007617,232.533970744888,37.6731014055964,8.37867247007617
2020-10-28,1784,56,1705,54,79,2,1985,59,31925,434,33910,493,0,14,0,61,17,0,"Anderson",76978,240.32840551846,0.092557251908397,640.442723895139,72.7480578866689,9.25572519083969
2020-10-29,1813,29,1726,21,87,8,2004,19,32131,206,34135,225,0,14,2,63,17,0,"Anderson",76978,250.720985216555,0.0957230142566191,292.291304008938,37.6731014055964,9.57230142566191
2020-10-30,1850,37,1760,34,90,3,2042,38,32282,151,34324,189,2,16,1,64,17,0,"Anderson",76978,279.300579386318,0.112781954887218,245.524695367508,48.065681103692,11.2781954887218
2020-10-31,1850,0,1760,0,90,0,2042,0,32283,1,34325,1,0,16,0,64,19,2,"Anderson",76978,239.029333056198,0.121733149931224,1.29907246226194,0,12.1733149931224
2020-11-01,1855,5,1765,5,90,0,2050,8,32527,244,34577,252,0,16,0,64,19,0,"Anderson",76978,223.440463509055,0.111334674714956,327.36626049001,6.49536231130973,11.1334674714956
2020-11-02,1888,33,1796,31,92,2,2085,35,32794,267,34879,302,0,16,0,64,20,1,"Anderson",76978,245.524695367508,0.111517367458867,392.319883603107,42.8693912546442,11.1517367458867
2020-11-03,1914,26,1821,25,93,1,2110,25,32974,180,35084,205,0,16,0,64,21,1,"Anderson",76978,241.627477980722,0.110377924415117,266.309854763699,33.7758840188106,11.0377924415117
2020-11-04,1932,18,1836,15,96,3,2128,18,33052,78,35180,96,2,18,1,65,21,0,"Anderson",76978,192.262724414768,0.11259842519685,124.710956377147,23.383304320715,11.259842519685
2020-11-05,1956,24,1854,18,102,6,2148,20,33151,99,35299,119,0,18,0,65,22,1,"Anderson",76978,185.767362103458,0.123711340206186,154.589623009171,31.1777390942867,12.3711340206186
2020-11-06,2005,49,1900,46,105,3,2197,49,33518,367,35715,416,0,18,2,67,23,1,"Anderson",76978,201.356231650601,0.111430625449317,540.414144300969,63.6545506508353,11.1430625449317
2020-11-07,2085,80,1977,77,108,3,2274,77,33965,447,36239,524,0,18,0,67,23,0,"Anderson",76978,305.282028631557,0.121212121212121,680.713970225259,103.925796980956,12.1212121212121
2020-11-08,2139,54,2028,51,111,3,2336,62,34575,610,36911,672,0,18,1,68,23,0,"Anderson",76978,368.936579282392,0.122536418166238,872.976694640027,70.149912962145,12.2536418166238
2020-11-09,2147,8,2035,7,112,1,2345,9,34649,74,36994,83,0,18,0,68,23,0,"Anderson",76978,336.459767725844,0.122931442080378,107.823014367741,10.3925796980956,12.2931442080378
2020-11-10,2166,19,2053,18,113,1,2367,22,34820,171,37187,193,0,18,1,69,23,0,"Anderson",76978,327.36626049001,0.122206371849738,250.720985216555,24.682376782977,12.2206371849738
2020-11-11,2205,39,2089,36,116,3,2409,42,35093,273,37502,315,1,19,1,70,23,0,"Anderson",76978,354.646782197511,0.121016365202412,409.207825612513,50.6638260282159,12.1016365202412
2020-11-12,2212,7,2095,6,117,1,2417,8,35291,198,37708,206,0,19,0,70,24,1,"Anderson",76978,332.562550339058,0.111664591116646,267.608927225961,9.09350723583361,11.1664591116646
2020-11-13,2268,56,2148,53,120,3,2476,59,35552,261,38028,320,2,21,2,72,24,0,"Anderson",76978,341.656057574892,0.120622568093385,415.703187923822,72.7480578866689,12.0622568093385
2020-11-14,2309,41,2188,40,121,1,2521,45,35948,396,38469,441,1,22,1,73,25,1,"Anderson",76978,290.992231546676,0.110762331838565,572.890955857518,53.2619709527397,11.0762331838565
2020-11-15,2407,98,2286,98,121,0,2629,108,36530,582,39159,690,1,23,1,74,25,0,"Anderson",76978,348.151419886201,0.130338078291815,896.359998960742,127.309101301671,13.0338078291815
2020-11-16,2456,49,2315,29,141,20,2658,29,36807,277,39465,306,0,23,1,75,25,0,"Anderson",76978,401.413390838941,0.126669364629705,397.516173452155,63.6545506508353,12.6669364629705
2020-11-17,2472,16,2330,15,142,1,2674,16,37012,205,39686,221,2,25,1,76,26,1,"Anderson",76978,397.516173452155,0.122849139655862,287.09501415989,20.7851593961911,12.2849139655862
2020-11-18,2502,30,2356,26,146,4,2700,26,37306,294,40006,320,0,25,0,76,27,1,"Anderson",76978,385.824521291798,0.116214057507987,415.703187923822,38.9721738678584,11.6214057507987
2020-11-19,2560,58,2410,54,150,4,2762,62,37722,416,40484,478,0,25,1,77,27,0,"Anderson",76978,452.077216867157,0.124279538904899,620.95663696121,75.3462028111928,12.4279538904899
2020-11-20,2590,30,2437,27,153,3,2793,31,37835,113,40628,144,0,25,0,77,28,1,"Anderson",76978,418.301332848346,0.121923076923077,187.06643456572,38.9721738678584,12.1923076923077
2020-11-21,2647,57,2486,49,161,8,2841,48,38179,344,41020,392,0,25,1,78,28,0,"Anderson",76978,439.086492244537,0.125441003528028,509.236405206682,74.0471303489309,12.5441003528028
2020-11-22,2703,56,2535,49,168,7,2898,57,38662,483,41560,540,0,25,1,79,31,3,"Anderson",76978,384.525448829536,0.112036651395252,701.49912962145,72.7480578866689,11.2036651395252
2020-11-23,2710,7,2541,6,169,1,2904,6,38684,22,41588,28,0,25,0,79,32,1,"Anderson",76978,329.964405414534,0.115873763542157,36.3740289433345,9.09350723583361,11.5873763542157
2020-11-24,2723,13,2553,12,170,1,2916,12,38841,157,41757,169,2,27,0,79,32,0,"Anderson",76978,326.067188027748,0.116851762433607,219.543246122269,16.8879420094053,11.6851762433607
2020-11-25,2751,28,2574,21,177,7,2937,21,38878,37,41815,58,1,28,0,79,32,0,"Anderson",76978,323.469043103224,0.131011608623549,75.3462028111928,36.3740289433345,13.1011608623549
2020-11-26,2796,45,2616,42,180,3,2982,45,39228,350,42210,395,0,28,1,80,33,1,"Anderson",76978,306.581101093819,0.127462340672074,513.133622593468,58.4582608017875,12.7462340672074
2020-11-27,2895,99,2706,90,189,9,3077,95,39654,426,42731,521,0,28,3,83,35,2,"Anderson",76978,396.217100989893,0.135045173561579,676.816752838473,128.608173763933,13.5045173561579
2020-11-28,2926,31,2731,25,195,6,3107,30,39797,143,42904,173,1,29,2,85,35,0,"Anderson",76978,362.441216971083,0.141188959660297,224.739535971316,40.2712463301203,14.1188959660297
2020-11-29,3017,91,2820,89,197,2,3203,96,40234,437,43437,533,0,29,1,86,35,0,"Anderson",76978,407.908753150251,0.162493340436867,692.405622385617,118.215594065837,16.2493340436867
2020-11-30,3087,70,2886,66,201,4,3276,73,40486,252,43762,325,0,29,0,86,37,2,"Anderson",76978,489.750318272753,0.171113155473781,422.198550235132,90.9350723583361,17.1113155473781
2020-12-01,3163,76,2952,66,211,10,3348,72,40916,430,44264,502,1,30,6,92,38,1,"Anderson",76978,571.591883395256,0.172317510969286,652.134376055496,98.7295071319078,17.2317510969286
2020-12-02,3178,15,2966,14,212,1,3364,16,41024,108,44388,124,0,30,0,92,38,0,"Anderson",76978,554.70394138585,0.165954139137194,161.084985320481,19.4860869339292,16.5954139137194
2020-12-03,3219,41,2995,29,224,12,3397,33,41249,225,44646,258,1,31,1,93,39,1,"Anderson",76978,549.507651536803,0.170361247947455,335.160695263582,53.2619709527397,17.0361247947455
2020-12-04,3286,67,3055,60,231,7,3460,63,41407,158,44867,221,1,32,0,93,39,0,"Anderson",76978,507.93733274442,0.179307116104869,287.09501415989,87.0378549715503,17.9307116104869
2020-12-05,3317,31,3074,19,243,12,3478,18,41474,67,44952,85,0,32,0,93,39,0,"Anderson",76978,507.93733274442,0.18115234375,110.421159292265,40.2712463301203,18.115234375
2020-12-06,3353,36,3103,29,250,7,3506,28,41682,208,45188,236,0,32,2,95,40,1,"Anderson",76978,436.488347320014,0.173043974871502,306.581101093819,46.76660864143,17.3043974871502
2020-12-07,3493,140,3227,124,266,16,3642,136,42275,593,45917,729,2,34,4,99,41,1,"Anderson",76978,527.42341967835,0.169837587006961,947.023824988958,181.870144716672,16.9837587006961
2020-12-08,3564,71,3276,49,288,22,3694,52,42573,298,46267,350,1,35,2,101,43,2,"Anderson",76978,520.92805736704,0.172740888667,454.675361791681,92.2341448205981,17.2740888666999
2020-12-09,3669,105,3367,91,302,14,3798,104,42834,261,46632,365,0,35,3,104,44,1,"Anderson",76978,637.844578970615,0.193404634581105,474.16144872561,136.402608537504,19.3404634581105
2020-12-10,3763,94,3445,78,318,16,3885,87,43365,531,47250,618,3,38,3,107,45,1,"Anderson",76978,706.695419470498,0.187403993855607,802.826781677882,122.112811452623,18.7403993855607
2020-12-11,3836,73,3498,53,338,20,3936,51,43531,166,47467,217,1,39,2,109,45,0,"Anderson",76978,714.48985424407,0.183076923076923,281.898724310842,94.832289745122,18.3076923076923
2020-12-12,3924,88,3559,61,365,27,4001,65,44044,513,48045,578,0,39,2,111,45,0,"Anderson",76978,788.536984593001,0.169091496928548,750.863883187404,114.318376679051,16.9091496928548
2020-12-13,4156,232,3742,183,414,49,4205,204,44916,872,49121,1076,1,40,0,111,47,2,"Anderson",76978,1043.15518719634,0.177726926010679,1397.80196939385,301.384811244771,17.7726926010679
2020-12-14,4271,115,3828,86,443,29,4304,99,45206,290,49510,389,0,40,1,112,48,1,"Anderson",76978,1010.67837563979,0.184247147230726,505.339187819897,149.393333160124,18.4247147230726
2020-12-15,4406,135,3913,85,493,50,4400,96,45733,527,50133,623,1,41,6,118,51,3,"Anderson",76978,1093.81901322456,0.182617692705639,809.322143989192,175.374782405363,18.2617692705639
2020-12-16,4475,69,3943,30,532,39,4436,36,46056,323,50492,359,2,43,4,122,52,1,"Anderson",76978,1047.05240458313,0.165284974093264,466.367013952038,89.6359998960742,16.5284974093264
2020-12-17,4676,201,4117,174,559,27,4630,194,46584,528,51214,722,2,45,2,124,54,2,"Anderson",76978,1186.05315804516,0.187941473259334,937.930317753124,261.113564914651,18.7941473259334
2020-12-18,4774,98,4193,76,581,22,4717,87,46950,366,51667,453,1,46,2,126,54,0,"Anderson",76978,1218.5299696017,0.185952380952381,588.479825404661,127.309101301671,18.5952380952381
2020-12-19,4879,105,4274,81,605,24,4804,87,47208,258,52012,345,0,46,1,127,55,1,"Anderson",76978,1240.61420146016,0.202419964708848,448.179999480371,136.402608537504,20.2419964708848
2020-12-20,5019,140,4396,122,623,18,4941,137,47672,464,52613,601,2,48,3,130,56,1,"Anderson",76978,1121.09953493206,0.210767468499427,780.742549819429,181.870144716672,21.0767468499427
2020-12-21,5066,47,4414,18,652,29,4964,23,47892,220,52856,243,3,51,2,132,59,3,"Anderson",76978,1032.76260749825,0.197250448296473,315.674608329653,61.0564057263114,19.7250448296473
2020-12-22,5136,70,4458,44,678,26,5011,47,47998,106,53009,153,1,52,2,134,64,5,"Anderson",76978,948.32289745122,0.212447844228095,198.758086726078,90.9350723583361,21.2447844228095
2020-12-23,5210,74,4500,42,710,32,5054,43,48314,316,53368,359,2,54,2,136,66,2,"Anderson",76978,954.81825976253,0.214881780250348,466.367013952038,96.1313622073839,21.4881780250348
2020-12-24,5268,58,4524,24,744,34,5081,27,48466,152,53547,179,1,55,1,137,71,5,"Anderson",76978,769.050897659071,0.193313330475782,232.533970744888,75.3462028111928,19.3313330475782
2020-12-25,5361,93,4601,77,760,16,5173,92,48875,409,54048,501,0,55,1,138,72,1,"Anderson",76978,762.555535347762,0.191516169676606,650.835303593234,120.813738990361,19.1516169676606
2020-12-26,5417,56,4630,29,787,27,5201,28,48994,119,54195,147,0,55,3,141,74,2,"Anderson",76978,698.900984696926,0.181859825927623,190.963651952506,72.7480578866689,18.1859825927623
2020-12-27,5477,60,4667,37,810,23,5237,36,49130,136,54367,172,1,56,6,147,75,1,"Anderson",76978,594.975187715971,0.168757126567845,223.440463509055,77.9443477357167,16.8757126567845
2020-12-28,5524,47,4688,21,836,26,5257,20,49199,69,54456,89,2,58,4,151,82,7,"Anderson",76978,594.975187715971,0.183125,115.617449141313,61.0564057263114,18.3125
2020-12-29,5620,96,4740,52,880,44,5305,48,49294,95,54599,143,2,60,5,156,85,3,"Anderson",76978,628.751071734781,0.184905660377358,185.767362103458,124.710956377147,18.4905660377358
2020-12-30,5655,35,4758,18,897,17,5322,17,49422,128,54744,145,6,66,1,157,88,3,"Anderson",76978,578.087245706566,0.194767441860465,188.365507027982,45.4675361791681,19.4767441860465
2020-12-31,5818,163,4858,100,960,63,5424,102,49726,304,55150,406,6,72,1,158,93,5,"Anderson",76978,714.48985424407,0.213973799126638,527.42341967835,211.748811348697,21.3973799126638
2021-01-01,5883,65,4900,42,983,23,5479,55,50002,276,55481,331,0,72,2,160,94,1,"Anderson",76978,678.115825300735,0.213538032100488,429.992985008704,84.4397100470264,21.3538032100488
2021-01-02,5976,93,4941,41,1035,52,5521,42,50287,285,55808,327,0,72,2,162,96,2,"Anderson",76978,726.181506404427,0.198388096714197,424.796695159656,120.813738990361,19.8388096714197
2021-01-03,6001,25,4953,12,1048,13,5537,16,50339,52,55876,68,0,72,1,163,99,3,"Anderson",76978,680.713970225259,0.198807157057654,88.3369274338123,32.4768115565486,19.8807157057654
2021-01-04,6038,37,4977,24,1061,13,5568,31,50446,107,56014,138,1,73,0,163,104,5,"Anderson",76978,667.72324560264,0.199614890885751,179.271999792148,48.065681103692,19.9614890885751
2021-01-05,6110,72,5008,31,1102,41,5599,31,50564,118,56163,149,2,75,2,165,107,3,"Anderson",76978,636.545506508353,0.187979539641944,193.56179687703,93.53321728286,18.7979539641944
2021-01-06,6185,75,5049,41,1136,34,5643,44,50725,161,56368,205,5,80,2,167,109,2,"Anderson",76978,688.508404998831,0.197660098522167,266.309854763699,97.4304346696459,19.7660098522167
2021-01-07,6290,105,5129,80,1161,25,5735,92,50946,221,56681,313,1,81,1,168,112,3,"Anderson",76978,613.162202187638,0.203135205747877,406.609680687989,136.402608537504,20.3135205747877
2021-01-08,6373,83,5180,51,1193,32,5787,52,51145,199,56932,251,5,86,2,170,115,3,"Anderson",76978,636.545506508353,0.212267401791868,326.067188027748,107.823014367741,21.2267401791868
2021-01-09,6483,110,5249,69,1234,41,5863,76,51576,431,57439,507,2,88,0,170,117,2,"Anderson",76978,658.629738366806,0.209687308399755,658.629738366806,142.897970848814,20.9687308399755
2021-01-10,6543,60,5274,25,1269,35,5888,25,51670,94,57558,119,2,90,3,173,118,1,"Anderson",76978,704.097274545974,0.208680142687277,154.589623009171,77.9443477357167,20.8680142687277
2021-01-11,6576,33,5284,10,1292,23,5901,13,51741,71,57642,84,1,91,1,174,120,2,"Anderson",76978,698.900984696926,0.204545454545455,109.122086830003,42.8693912546442,20.4545454545455
2021-01-12,6629,53,5318,34,1311,19,5939,38,51913,172,57852,210,2,93,1,175,120,0,"Anderson",76978,674.218607913949,0.201302545885139,272.805217075008,68.8508404998831,20.1302545885139
2021-01-13,6655,26,5335,17,1320,9,5958,19,52003,90,57961,109,3,96,0,175,121,1,"Anderson",76978,610.564057263114,0.19774011299435,141.598898386552,33.7758840188106,19.774011299435
2021-01-14,6752,97,5397,62,1355,35,6032,74,52410,407,58442,481,5,101,2,177,123,2,"Anderson",76978,600.171477565019,0.168654173764906,624.853854347995,126.010028839409,16.8654173764906
2021-01-15,6786,34,5417,20,1369,14,6056,24,52565,155,58621,179,0,101,1,178,126,3,"Anderson",76978,536.516926914183,0.159265837773831,232.533970744888,44.1684637169061,15.9265837773831
2021-01-16,6851,65,5448,31,1403,34,6090,34,52808,243,58898,277,1,102,1,179,129,3,"Anderson",76978,478.058666112396,0.155586017820425,359.843072046559,84.4397100470264,15.5586017820425
2021-01-17,6888,37,5468,20,1420,17,6113,23,52912,104,59025,127,0,102,0,179,131,2,"Anderson",76978,448.179999480371,0.153374233128834,164.982202707267,48.065681103692,15.3374233128834
2021-01-18,6907,19,5476,8,1431,11,6123,10,53008,96,59131,106,1,103,0,179,132,1,"Anderson",76978,429.992985008704,0.149093351242445,137.701680999766,24.682376782977,14.9093351242445
2021-01-19,6949,42,5493,17,1456,25,6143,20,53120,112,59263,132,1,104,0,179,134,2,"Anderson",76978,415.703187923822,0.144578313253012,171.477565018577,54.5610434150017,14.4578313253012
2021-01-20,6977,28,5509,16,1468,12,6162,19,53272,152,59434,171,3,107,0,179,137,3,"Anderson",76978,418.301332848346,0.138492871690428,222.141391046793,36.3740289433345,13.8492871690428
2021-01-21,7033,56,5549,40,1484,16,6201,39,53513,241,59714,280,5,112,2,181,138,1,"Anderson",76978,365.039361895607,0.132861635220126,363.740289433345,72.7480578866689,13.2861635220126
2021-01-22,7071,38,5567,18,1504,20,6223,22,53658,145,59881,167,2,114,0,181,141,3,"Anderson",76978,370.235651744654,0.132539682539683,216.945101197745,49.3647535659539,13.2539682539683
2021-01-23,7109,38,5581,14,1528,24,6236,13,53918,260,60154,273,0,114,1,182,141,0,"Anderson",76978,335.160695263582,0.116242038216561,354.646782197511,49.3647535659539,11.6242038216561
2021-01-24,7122,13,5593,12,1529,1,6250,14,53985,67,60235,81,0,114,0,182,143,2,"Anderson",76978,303.982956169295,0.113223140495868,105.224869443218,16.8879420094053,11.3223140495868
2021-01-25,7139,17,5604,11,1535,6,6261,11,54045,60,60306,71,2,116,1,183,145,2,"Anderson",76978,301.384811244771,0.117446808510638,92.2341448205981,22.0842318584531,11.7446808510638
2021-01-26,7166,27,5625,21,1541,6,6286,25,54208,163,60494,188,0,116,1,184,148,3,"Anderson",76978,281.898724310842,0.116165718927701,244.225622905246,35.0749564810725,11.6165718927701
2021-01-27,7183,17,5633,8,1550,9,6295,9,54294,86,60589,95,4,120,0,184,150,2,"Anderson",76978,267.608927225961,0.115151515151515,123.411883914885,22.0842318584531,11.5151515151515
2021-01-28,7270,87,5673,40,1597,47,6342,47,54520,226,60862,273,4,124,0,184,151,1,"Anderson",76978,307.880173556081,0.122822299651568,354.646782197511,113.019304216789,12.2822299651568
2021-01-29,7283,13,5677,4,1606,9,6347,5,54565,45,60912,50,1,125,1,185,151,0,"Anderson",76978,275.403361999532,0.120271580989331,64.9536231130973,16.8879420094053,12.0271580989331
2021-01-30,7323,40,5712,35,1611,5,6383,36,54824,259,61207,295,2,127,2,187,152,1,"Anderson",76978,278.001506924056,0.13960113960114,383.226376367274,51.9628984904778,13.960113960114
2021-01-31,7339,16,5719,7,1620,9,6394,11,54993,169,61387,180,1,128,0,187,154,2,"Anderson",76978,281.898724310842,0.125,233.83304320715,20.7851593961911,12.5
2021-02-01,7359,20,5732,13,1627,7,6407,13,55046,53,61453,66,1,129,1,188,156,2,"Anderson",76978,285.795941697628,0.127288578901482,85.7387825092884,25.9814492452389,12.7288578901482
2021-02-02,7366,7,5738,6,1628,1,6412,5,55114,68,61526,73,5,134,0,188,157,1,"Anderson",76978,259.814492452389,0.122093023255814,94.832289745122,9.09350723583361,12.2093023255814
2021-02-03,7388,22,5744,6,1644,16,6422,10,55306,192,61728,202,4,138,0,188,158,1,"Anderson",76978,266.309854763699,0.111501316944688,262.412637376913,28.5795941697628,11.1501316944688
2021-02-04,7419,31,5759,15,1660,16,6439,17,55630,324,62069,341,2,140,0,188,158,0,"Anderson",76978,193.56179687703,0.0803645401822701,442.983709631323,40.2712463301203,8.03645401822701
2021-02-05,7437,18,5770,11,1667,7,6456,17,55787,157,62243,174,2,142,0,188,159,1,"Anderson",76978,200.05715918834,0.081893313298272,226.038608433578,23.383304320715,8.1893313298272
2021-02-06,7464,27,5786,16,1678,11,6476,20,56009,222,62485,242,1,143,1,189,159,0,"Anderson",76978,183.169217178934,0.0727699530516432,314.375535867391,35.0749564810725,7.27699530516432
2021-02-07,7477,13,5793,7,1684,6,6484,8,56116,107,62600,115,0,143,0,189,159,0,"Anderson",76978,179.271999792148,0.0741962077493817,149.393333160124,16.8879420094053,7.41962077493817
2021-02-08,7502,25,5799,6,1703,19,6489,5,56138,22,62627,27,2,145,0,189,159,0,"Anderson",76978,185.767362103458,0.0698466780238501,35.0749564810725,32.4768115565486,6.98466780238501
2021-02-09,7526,24,5809,10,1717,14,6500,11,56307,169,62807,180,2,147,2,191,159,0,"Anderson",76978,207.851593961911,0.068696330991413,233.83304320715,31.1777390942867,6.8696330991413
2021-02-10,7551,25,5824,15,1727,10,6519,19,56502,195,63021,214,1,148,1,192,159,0,"Anderson",76978,211.748811348697,0.0750193348801237,278.001506924056,32.4768115565486,7.50193348801237
2021-02-11,7564,13,5832,8,1732,5,6530,11,56682,180,63212,191,-1,147,0,192,160,1,"Anderson",76978,188.365507027982,0.0796150481189851,248.122840292031,16.8879420094053,7.96150481189851
2021-02-12,7591,27,5847,15,1744,12,6545,15,56876,194,63421,209,0,147,0,192,160,0,"Anderson",76978,200.05715918834,0.0755517826825127,271.506144612746,35.0749564810725,7.55517826825127
2021-02-13,7618,27,5858,11,1760,16,6555,10,57065,189,63620,199,0,147,0,192,160,0,"Anderson",76978,200.05715918834,0.0696035242290749,258.515419990127,35.0749564810725,6.96035242290749
2021-02-14,7631,13,5867,9,1764,4,6566,11,57126,61,63692,72,2,149,0,192,160,0,"Anderson",76978,200.05715918834,0.0750915750915751,93.53321728286,16.8879420094053,7.50915750915751
2021-02-15,7648,17,5875,8,1773,9,6575,9,57199,73,63774,82,0,149,1,193,161,1,"Anderson",76978,189.664579490244,0.0749782040104621,106.523941905479,22.0842318584531,7.49782040104621
2021-02-16,7677,29,5889,14,1788,15,6592,17,57283,84,63875,101,0,149,0,193,161,0,"Anderson",76978,196.159941801554,0.0861423220973783,131.206318688456,37.6731014055964,8.61423220973783
2021-02-17,7696,19,5901,12,1795,7,6604,12,57391,108,63995,120,0,149,0,193,163,2,"Anderson",76978,188.365507027982,0.0872689938398357,155.888695471433,24.682376782977,8.72689938398357
2021-02-18,7720,24,5923,22,1797,2,6630,26,57547,156,64177,182,0,149,0,193,163,0,"Anderson",76978,202.655304112863,0.103626943005181,236.431188131674,31.1777390942867,10.3626943005181
2021-02-19,7733,13,5934,11,1799,2,6645,15,57593,46,64238,61,0,149,0,193,164,1,"Anderson",76978,184.468289641196,0.122399020807834,79.2434201979787,16.8879420094053,12.2399020807834
2021-02-20,7752,19,5941,7,1811,12,6654,9,57715,122,64369,131,1,150,0,193,165,1,"Anderson",76978,174.075709943101,0.132176234979973,170.178492556315,24.682376782977,13.2176234979973
2021-02-21,7764,12,5948,7,1816,5,6661,7,57779,64,64440,71,2,152,1,194,165,0,"Anderson",76978,172.776637480839,0.127005347593583,92.2341448205981,15.5888695471433,12.7005347593583
2021-02-22,7769,5,5950,2,1819,3,6667,6,57816,37,64483,43,1,153,0,194,166,1,"Anderson",76978,157.187767933695,0.129760225669958,55.8601158772636,6.49536231130973,12.9760225669958
2021-02-23,7793,24,5959,9,1834,15,6675,8,57959,143,64634,151,2,155,0,194,168,2,"Anderson",76978,150.692405622386,0.10935441370224,196.159941801554,31.1777390942867,10.935441370224
2021-02-24,7825,32,5978,19,1847,13,6698,23,58133,174,64831,197,0,155,0,194,168,0,"Anderson",76978,167.580347631791,0.11244019138756,255.917275065603,41.5703187923822,11.244019138756
2021-02-25,7842,17,5986,8,1856,9,6709,11,58260,127,64969,138,1,156,0,194,168,0,"Anderson",76978,158.486840395957,0.0997474747474748,179.271999792148,22.0842318584531,9.97474747474748
2021-02-26,7854,12,5994,8,1860,4,6718,9,58359,99,65077,108,0,156,0,194,168,0,"Anderson",76978,157.187767933695,0.0870083432657926,140.29982592429,15.5888695471433,8.70083432657926
2021-02-27,7863,9,6001,7,1862,2,6724,6,58451,92,65175,98,0,156,0,194,168,0,"Anderson",76978,144.197043311076,0.086848635235732,127.309101301671,11.6916521603575,8.6848635235732
2021-02-28,7877,14,6011,10,1866,4,6735,11,58521,70,65256,81,0,156,0,194,168,0,"Anderson",76978,146.7951882356,0.0906862745098039,105.224869443218,18.1870144716672,9.06862745098039
2021-03-01,7885,8,6016,5,1869,3,6742,7,58556,35,65298,42,0,156,0,194,169,1,"Anderson",76978,150.692405622386,0.0920245398773006,54.5610434150017,10.3925796980956,9.20245398773006
2021-03-02,7908,23,6027,11,1881,12,6752,10,58672,116,65424,126,1,157,1,195,169,0,"Anderson",76978,149.393333160124,0.0974683544303798,163.683130245005,29.8786666320247,9.74683544303798
2021-03-03,7941,33,6048,21,1893,12,6777,25,58788,116,65565,141,1,158,0,195,170,1,"Anderson",76978,150.692405622386,0.107629427792916,183.169217178934,42.8693912546442,10.7629427792916
2021-03-04,7966,25,6061,13,1905,12,6794,17,58951,163,65745,180,0,158,0,195,170,0,"Anderson",76978,161.084985320481,0.109536082474227,233.83304320715,32.4768115565486,10.9536082474227
2021-03-05,7999,33,6078,17,1921,16,6816,22,59085,134,65901,156,0,158,2,197,170,0,"Anderson",76978,188.365507027982,0.118932038834951,202.655304112863,42.8693912546442,11.8932038834951
2021-03-06,8010,11,6083,5,1927,6,6824,8,59174,89,65998,97,0,158,0,197,170,0,"Anderson",76978,190.963651952506,0.121506682867558,126.010028839409,14.2897970848814,12.1506682867558
2021-03-07,8016,6,6086,3,1930,3,6827,3,59213,39,66040,42,0,158,0,197,170,0,"Anderson",76978,180.57107225441,0.11734693877551,54.5610434150017,7.79443477357167,11.734693877551
2021-03-08,8032,16,6093,7,1939,9,6836,9,59290,77,66126,86,1,159,0,197,170,0,"Anderson",76978,190.963651952506,0.113526570048309,111.720231754527,20.7851593961911,11.3526570048309
2021-03-09,8053,21,6101,8,1952,13,6844,8,59355,65,66199,73,0,159,3,200,171,1,"Anderson",76978,188.365507027982,0.118709677419355,94.832289745122,27.2805217075008,11.8709677419355
2021-03-10,8075,22,6114,13,1961,9,6860,16,59512,157,66372,173,0,159,1,201,171,0,"Anderson",76978,174.075709943101,0.102850061957869,224.739535971316,28.5795941697628,10.2850061957869
2021-03-11,8098,23,6124,10,1974,13,6870,10,59609,97,66479,107,0,159,1,202,172,1,"Anderson",76978,171.477565018577,0.103542234332425,139.000753462028,29.8786666320247,10.3542234332425
2021-03-12,8118,20,6141,17,1977,3,6890,20,59715,106,66605,126,0,159,0,202,172,0,"Anderson",76978,154.589623009171,0.105113636363636,163.683130245005,25.9814492452389,10.5113636363636
2021-03-13,8129,11,6145,4,1984,7,6894,4,59791,76,66685,80,0,159,1,203,172,0,"Anderson",76978,154.589623009171,0.101892285298399,103.925796980956,14.2897970848814,10.1892285298399
2021-03-14,8135,6,6149,4,1986,2,6900,6,59827,36,66727,42,0,159,1,204,172,0,"Anderson",76978,154.589623009171,0.106259097525473,54.5610434150017,7.79443477357167,10.6259097525473
2021-03-15,8154,19,6155,6,1999,13,6906,6,59859,32,66765,38,0,159,1,205,172,0,"Anderson",76978,158.486840395957,0.109546165884194,49.3647535659539,24.682376782977,10.9546165884194
2021-03-16,8187,33,6168,13,2019,20,6921,15,59952,93,66873,108,0,159,2,207,172,0,"Anderson",76978,174.075709943101,0.114243323442137,140.29982592429,42.8693912546442,11.4243323442136
2021-03-17,8205,18,6180,12,2025,6,6934,13,60039,87,66973,100,0,159,0,207,173,1,"Anderson",76978,168.879420094053,0.123128119800333,129.907246226195,23.383304320715,12.3128119800333
2021-03-18,8221,16,6192,12,2029,4,6949,15,60120,81,67069,96,1,160,0,207,173,0,"Anderson",76978,159.785912858219,0.133898305084746,124.710956377147,20.7851593961911,13.3898305084746
2021-03-19,8245,24,6206,14,2039,10,6962,13,60239,119,67201,132,0,160,1,208,173,0,"Anderson",76978,164.982202707267,0.120805369127517,171.477565018577,31.1777390942867,12.0805369127517
2021-03-20,8257,12,6212,6,2045,6,6970,8,60278,39,67248,47,0,160,1,209,173,0,"Anderson",76978,166.281275169529,0.134991119005329,61.0564057263114,15.5888695471433,13.4991119005329
2021-03-21,8267,10,6218,6,2049,4,6977,7,60340,62,67317,69,-1,159,0,209,173,0,"Anderson",76978,171.477565018577,0.130508474576271,89.6359998960742,12.9907246226195,13.0508474576271
2021-03-22,8275,8,6219,1,2056,7,6978,1,60406,66,67384,67,0,159,1,210,173,0,"Anderson",76978,157.187767933695,0.116316639741519,87.0378549715503,10.3925796980956,11.6316639741519
2021-03-23,8281,6,6220,1,2061,5,6979,1,60449,43,67428,44,0,159,0,210,174,1,"Anderson",76978,122.112811452623,0.104504504504505,57.1591883395256,7.79443477357167,10.4504504504505
2021-03-24,8289,8,6227,7,2062,1,6986,7,60569,120,67555,127,1,160,0,210,174,0,"Anderson",76978,109.122086830003,0.0893470790378007,164.982202707267,10.3925796980956,8.93470790378007
2021-03-25,8299,10,6232,5,2067,5,6992,6,60670,101,67662,107,0,160,0,210,174,0,"Anderson",76978,101.327652056432,0.0725126475548061,139.000753462028,12.9907246226195,7.25126475548061
2021-03-26,8316,17,6244,12,2072,5,7003,11,60736,66,67739,77,0,160,0,210,175,1,"Anderson",76978,92.2341448205981,0.0762081784386617,100.02857959417,22.0842318584531,7.62081784386617
2021-03-27,8320,4,6248,4,2072,0,7009,6,60800,64,67809,70,1,161,2,212,175,0,"Anderson",76978,81.8415651225025,0.0695187165775401,90.9350723583361,5.19628984904778,6.95187165775401
2021-03-28,8323,3,6248,0,2075,3,7009,0,60829,29,67838,29,1,162,0,212,176,1,"Anderson",76978,72.7480578866689,0.0614203454894434,37.6731014055964,3.89721738678583,6.14203454894434
2021-03-29,8338,15,6252,4,2086,11,7013,4,60915,86,67928,90,1,163,0,212,177,1,"Anderson",76978,81.8415651225025,0.0643382352941176,116.916521603575,19.4860869339292,6.43382352941176
2021-03-30,8343,5,6255,3,2088,2,7016,3,60973,58,67989,61,1,164,0,212,177,0,"Anderson",76978,80.5424926602406,0.0659536541889483,79.2434201979787,6.49536231130973,6.59536541889483
2021-03-31,8366,23,6269,14,2097,9,7032,16,61137,164,68169,180,1,165,1,213,177,0,"Anderson",76978,100.02857959417,0.0749185667752443,233.83304320715,29.8786666320247,7.49185667752443
2021-04-01,8376,10,6274,5,2102,5,7036,4,61194,57,68230,61,0,165,0,213,177,0,"Anderson",76978,100.02857959417,0.0774647887323944,79.2434201979787,12.9907246226195,7.74647887323944
2021-04-02,8384,8,6280,6,2104,2,7044,8,61264,70,68308,78,0,165,0,213,177,0,"Anderson",76978,88.3369274338123,0.0720562390158172,101.327652056432,10.3925796980956,7.20562390158172
2021-04-03,8390,6,6285,5,2105,1,7050,6,61314,50,68364,56,0,165,0,213,177,0,"Anderson",76978,90.9350723583361,0.0738738738738739,72.7480578866689,7.79443477357167,7.38738738738739
2021-04-04,8392,2,6287,2,2105,0,7052,2,61352,38,68404,40,0,165,0,213,177,0,"Anderson",76978,89.6359998960742,0.0759717314487632,51.9628984904778,2.59814492452389,7.59717314487632
2021-04-05,8406,14,6290,3,2116,11,7054,2,61410,58,68464,60,0,165,2,215,177,0,"Anderson",76978,88.3369274338123,0.0764925373134328,77.9443477357167,18.1870144716672,7.64925373134328
2021-04-06,8411,5,6294,4,2117,1,7060,6,61452,42,68512,48,0,165,0,215,177,0,"Anderson",76978,88.3369274338123,0.0841300191204589,62.3554781885734,6.49536231130973,8.41300191204589
2021-04-07,8431,20,6307,13,2124,7,7074,14,61610,158,68684,172,0,165,2,217,177,0,"Anderson",76978,84.4397100470264,0.0815533980582524,223.440463509055,25.9814492452389,8.15533980582524
2021-04-08,8434,3,6309,2,2125,1,7077,3,61701,91,68778,94,5,170,1,218,177,0,"Anderson",76978,75.3462028111928,0.0748175182481752,122.112811452623,3.89721738678583,7.48175182481752
2021-04-09,8442,8,6315,6,2127,2,7086,9,61788,87,68874,96,-4,166,0,218,177,0,"Anderson",76978,75.3462028111928,0.0742049469964664,124.710956377147,10.3925796980956,7.42049469964664
2021-04-10,8447,5,6320,5,2127,0,7091,5,61859,71,68950,76,0,166,0,218,177,0,"Anderson",76978,74.0471303489309,0.0699658703071672,98.7295071319078,6.49536231130973,6.99658703071672
2021-04-11,8454,7,6325,5,2129,2,7096,5,61903,44,68999,49,-1,165,0,218,177,0,"Anderson",76978,80.5424926602406,0.0739495798319328,63.6545506508353,9.09350723583361,7.39495798319328
2021-04-12,8457,3,6328,3,2129,0,7099,3,61972,69,69071,72,0,165,0,218,177,0,"Anderson",76978,66.2526955753592,0.0741350906095552,93.53321728286,3.89721738678583,7.41350906095552
2021-04-13,8467,10,6333,5,2134,5,7105,6,62033,61,69138,67,5,170,0,218,177,0,"Anderson",76978,72.7480578866689,0.0718849840255591,87.0378549715503,12.9907246226195,7.18849840255591
2021-04-14,8481,14,6342,9,2139,5,7116,11,62171,138,69287,149,0,170,0,218,177,0,"Anderson",76978,64.9536231130973,0.0696517412935323,193.56179687703,18.1870144716672,6.96517412935323
2021-04-15,8490,9,6347,5,2143,4,7121,5,62252,81,69373,86,0,170,0,218,177,0,"Anderson",76978,72.7480578866689,0.0739495798319328,111.720231754527,11.6916521603575,7.39495798319328
2021-04-16,8503,13,6358,11,2145,2,7134,13,62405,153,69539,166,0,170,0,218,177,0,"Anderson",76978,79.2434201979786,0.0721804511278196,215.646028735483,16.8879420094053,7.21804511278196
2021-04-17,8508,5,6361,3,2147,2,7138,4,62470,65,69608,69,0,170,0,218,177,0,"Anderson",76978,79.2434201979786,0.0714285714285714,89.6359998960742,6.49536231130973,7.14285714285714
2021-04-18,8515,7,6367,6,2148,1,7144,6,62515,45,69659,51,0,170,0,218,177,0,"Anderson",76978,79.2434201979786,0.0727272727272727,66.2526955753592,9.09350723583361,7.27272727272727
2021-04-19,8521,6,6370,3,2151,3,7147,3,62538,23,69685,26,0,170,0,218,178,1,"Anderson",76978,83.1406375847645,0.0781758957654723,33.7758840188106,7.79443477357167,7.81758957654723
2021-04-20,8527,6,6373,3,2154,3,7150,3,62637,99,69787,102,0,170,0,218,178,0,"Anderson",76978,77.9443477357167,0.0693374422187981,132.505391150718,7.79443477357167,6.93374422187981
2021-04-21,8539,12,6379,6,2160,6,7156,6,62791,154,69947,160,1,171,0,218,178,0,"Anderson",76978,75.3462028111928,0.0606060606060606,207.851593961911,15.5888695471433,6.06060606060606
2021-04-22,8557,18,6385,6,2172,12,7163,7,62935,144,70098,151,0,171,0,218,178,0,"Anderson",76978,87.0378549715503,0.0579310344827586,196.159941801554,23.383304320715,5.79310344827586
2021-04-23,8567,10,6390,5,2177,5,7169,6,63100,165,70269,171,0,171,0,218,178,0,"Anderson",76978,83.1406375847645,0.047945205479452,222.141391046793,12.9907246226195,4.7945205479452
2021-04-24,8579,12,6396,6,2183,6,7176,7,63167,67,70343,74,0,171,1,219,178,0,"Anderson",76978,92.2341448205981,0.0517006802721088,96.1313622073839,15.5888695471433,5.17006802721088
2021-04-25,8583,4,6398,2,2185,2,7178,2,63207,40,70385,42,0,171,0,219,178,0,"Anderson",76978,88.3369274338123,0.046831955922865,54.5610434150017,5.19628984904778,4.6831955922865
2021-04-26,8592,9,6402,4,2190,5,7182,4,63282,75,70464,79,0,171,0,219,179,1,"Anderson",76978,92.2341448205981,0.0449293966623877,102.626724518694,11.6916521603575,4.49293966623877
2021-04-27,8602,10,6408,6,2194,4,7188,6,63350,68,70538,74,0,171,0,219,179,0,"Anderson",76978,97.4304346696459,0.0505992010652463,96.1313622073839,12.9907246226195,5.05992010652463
2021-04-28,8619,17,6420,12,2199,5,7201,13,63488,138,70689,151,0,171,1,220,180,1,"Anderson",76978,103.925796980956,0.0606469002695418,196.159941801554,22.0842318584531,6.06469002695418
2021-04-29,8625,6,6422,2,2203,4,7204,3,63637,149,70841,152,0,171,0,220,180,0,"Anderson",76978,88.3369274338123,0.0551816958277254,197.459014263816,7.79443477357167,5.51816958277254
2021-04-30,8633,8,6425,3,2208,5,7208,4,63759,122,70967,126,0,171,0,220,180,0,"Anderson",76978,85.7387825092884,0.0558739255014327,163.683130245005,10.3925796980956,5.58739255014327
2021-05-01,8638,5,6428,3,2210,2,7211,3,63822,63,71033,66,0,171,1,221,180,0,"Anderson",76978,76.6452752734548,0.0507246376811594,85.7387825092884,6.49536231130973,5.07246376811594
2021-05-02,8641,3,6429,1,2212,2,7212,1,63873,51,71085,52,0,171,0,221,180,0,"Anderson",76978,75.3462028111928,0.0485714285714286,67.5517680376211,3.89721738678583,4.85714285714286
2021-05-03,8651,10,6434,5,2217,5,7217,5,63979,106,71196,111,0,171,0,221,180,0,"Anderson",76978,76.6452752734548,0.0478142076502732,144.197043311076,12.9907246226195,4.78142076502732
2021-05-04,8653,2,6434,0,2219,2,7218,1,64055,76,71273,77,0,171,0,221,180,0,"Anderson",76978,66.2526955753592,0.0408163265306122,100.02857959417,2.59814492452389,4.08163265306122
2021-05-05,8661,8,6438,4,2223,4,7221,3,64172,117,71393,120,0,171,0,221,180,0,"Anderson",76978,54.5610434150017,0.0284090909090909,155.888695471433,10.3925796980956,2.84090909090909
2021-05-06,8666,5,6441,3,2225,2,7227,6,64224,52,71451,58,0,171,1,222,180,0,"Anderson",76978,53.2619709527397,0.0377049180327869,75.3462028111928,6.49536231130973,3.77049180327869
2021-05-07,8671,5,6443,2,2228,3,7230,3,64344,120,71574,123,0,171,0,222,180,0,"Anderson",76978,49.3647535659539,0.0362438220757825,159.785912858219,6.49536231130973,3.62438220757825
2021-05-08,8677,6,6446,3,2231,3,7232,2,64413,69,71645,71,0,171,1,223,181,1,"Anderson",76978,50.6638260282159,0.0343137254901961,92.2341448205981,7.79443477357167,3.43137254901961
2021-05-09,8678,1,6446,0,2232,1,7233,1,64441,28,71674,29,0,171,0,223,181,0,"Anderson",76978,48.065681103692,0.0356536502546689,37.6731014055964,1.29907246226194,3.56536502546689
2021-05-10,8683,5,6446,0,2237,5,7233,0,64529,88,71762,88,0,171,0,223,181,0,"Anderson",76978,41.5703187923822,0.0282685512367491,114.318376679051,6.49536231130973,2.82685512367491
2021-05-11,8691,8,6447,1,2244,7,7235,2,64571,42,71806,44,0,171,0,223,182,1,"Anderson",76978,49.3647535659539,0.0318949343339587,57.1591883395256,10.3925796980956,3.18949343339587
2021-05-12,8704,13,6454,7,2250,6,7241,6,64674,103,71915,109,0,171,2,225,182,0,"Anderson",76978,55.8601158772636,0.0383141762452107,141.598898386552,16.8879420094053,3.83141762452107
2021-05-13,8708,4,6456,2,2252,2,7243,2,64777,103,72020,105,0,171,2,227,182,0,"Anderson",76978,54.5610434150017,0.0281195079086116,136.402608537504,5.19628984904778,2.81195079086116
2021-05-14,8716,8,6459,3,2257,5,7248,5,64864,87,72112,92,0,171,0,227,182,0,"Anderson",76978,58.4582608017875,0.033457249070632,119.514666528099,10.3925796980956,3.3457249070632
2021-05-15,8721,5,6461,2,2260,3,7250,2,64929,65,72179,67,0,171,0,227,182,0,"Anderson",76978,57.1591883395256,0.0337078651685393,87.0378549715503,6.49536231130973,3.37078651685393
2021-05-16,8723,2,6462,1,2261,1,7251,1,64965,36,72216,37,0,171,0,227,182,0,"Anderson",76978,58.4582608017875,0.033210332103321,48.065681103692,2.59814492452389,3.3210332103321
2021-05-17,8729,6,6467,5,2262,1,7256,5,65024,59,72280,64,1,172,0,227,182,0,"Anderson",76978,59.7573332640495,0.0444015444015444,83.1406375847645,7.79443477357167,4.44015444015444
2021-05-18,8733,4,6467,0,2266,4,7256,0,65115,91,72371,91,0,172,1,228,182,0,"Anderson",76978,54.5610434150017,0.0371681415929204,118.215594065837,5.19628984904778,3.71681415929204
2021-05-19,8740,7,6472,5,2268,2,7262,6,65233,118,72495,124,0,172,0,228,182,0,"Anderson",76978,46.76660864143,0.0362068965517241,161.084985320481,9.09350723583361,3.62068965517241
2021-05-20,8742,2,6474,2,2268,0,7264,2,65352,119,72616,121,0,172,0,228,182,0,"Anderson",76978,44.1684637169061,0.0352348993288591,157.187767933695,2.59814492452389,3.52348993288591
2021-05-21,8744,2,6474,0,2270,2,7264,0,65422,70,72686,70,0,172,0,228,182,0,"Anderson",76978,36.3740289433345,0.0278745644599303,90.9350723583361,2.59814492452389,2.78745644599303
2021-05-22,8749,5,6476,2,2273,3,7266,2,65462,40,72728,42,0,172,0,228,182,0,"Anderson",76978,36.3740289433345,0.029143897996357,54.5610434150017,6.49536231130973,2.9143897996357
2021-05-23,8749,0,6476,0,2273,0,7266,0,65491,29,72757,29,0,172,0,228,182,0,"Anderson",76978,33.7758840188106,0.0277264325323475,37.6731014055964,0,2.77264325323475
2021-05-24,8757,8,6480,4,2277,4,7269,3,65550,59,72819,62,0,172,0,228,182,0,"Anderson",76978,36.3740289433345,0.0241187384044527,80.5424926602406,10.3925796980956,2.41187384044527
2021-05-25,8759,2,6480,0,2279,2,7270,1,65595,45,72865,46,0,172,0,228,182,0,"Anderson",76978,33.7758840188106,0.0283400809716599,59.7573332640495,2.59814492452389,2.83400809716599
2021-05-26,8766,7,6485,5,2281,2,7276,6,65695,100,72971,106,0,172,0,228,182,0,"Anderson",76978,33.7758840188106,0.0294117647058824,137.701680999766,9.09350723583361,2.94117647058824
2021-05-27,8768,2,6486,1,2282,1,7277,1,65745,50,73022,51,0,172,1,229,182,0,"Anderson",76978,33.7758840188106,0.0320197044334975,66.2526955753592,2.59814492452389,3.20197044334975
2021-05-28,8773,5,6490,4,2283,1,7282,5,65828,83,73110,88,0,172,0,229,182,0,"Anderson",76978,37.6731014055964,0.0424528301886792,114.318376679051,6.49536231130973,4.24528301886792
2021-05-29,8774,1,6490,0,2284,1,7282,0,65865,37,73147,37,0,172,0,229,182,0,"Anderson",76978,32.4768115565486,0.0381861575178998,48.065681103692,1.29907246226194,3.81861575178998
2021-05-30,8777,3,6491,1,2286,2,7283,1,65915,50,73198,51,0,172,0,229,182,0,"Anderson",76978,36.3740289433345,0.0385487528344671,66.2526955753592,3.89721738678583,3.85487528344671
2021-05-31,8781,4,6494,3,2287,1,7286,3,65966,51,73252,54,0,172,0,229,182,0,"Anderson",76978,31.1777390942867,0.0392609699769053,70.149912962145,5.19628984904778,3.92609699769053
2021-06-01,8784,3,6496,2,2288,1,7287,1,66014,48,73301,49,0,172,1,230,182,0,"Anderson",76978,32.4768115565486,0.0389908256880734,63.6545506508353,3.89721738678583,3.89908256880734
2021-06-02,8788,4,6497,1,2291,3,7289,2,66055,41,73344,43,0,172,0,230,182,0,"Anderson",76978,28.5795941697628,0.0348525469168901,55.8601158772636,5.19628984904778,3.48525469168901
2021-06-03,8789,1,6497,0,2292,1,7292,3,66144,89,73436,92,1,173,0,230,183,1,"Anderson",76978,27.2805217075008,0.036231884057971,119.514666528099,1.29907246226194,3.6231884057971
2021-06-04,8790,1,6498,1,2292,0,7294,2,66197,53,73491,55,-1,172,0,230,183,0,"Anderson",76978,22.0842318584531,0.031496062992126,71.448985424407,1.29907246226194,3.1496062992126
2021-06-05,8791,1,6499,1,2292,0,7295,1,66254,57,73549,58,0,172,0,230,183,0,"Anderson",76978,22.0842318584531,0.0323383084577114,75.3462028111928,1.29907246226194,3.23383084577114
2021-06-06,8791,0,6499,0,2292,0,7295,0,66279,25,73574,25,0,172,0,230,183,0,"Anderson",76978,18.1870144716672,0.0319148936170213,32.4768115565486,0,3.19148936170213
2021-06-07,8792,1,6499,0,2293,1,7295,0,66343,64,73638,64,0,172,0,230,183,0,"Anderson",76978,14.2897970848814,0.0233160621761658,83.1406375847645,1.29907246226194,2.33160621761658
2021-06-08,8793,1,6499,0,2294,1,7295,0,66380,37,73675,37,0,172,1,231,184,1,"Anderson",76978,11.6916521603575,0.0213903743315508,48.065681103692,1.29907246226194,2.13903743315508
2021-06-09,8793,0,6499,0,2294,0,7295,0,66461,81,73756,81,0,172,0,231,184,0,"Anderson",76978,6.49536231130972,0.0145631067961165,105.224869443218,0,1.45631067961165
2021-06-10,8797,4,6500,1,2297,3,7296,1,66518,57,73814,58,0,172,0,231,184,0,"Anderson",76978,10.3925796980956,0.0105820105820106,75.3462028111928,5.19628984904778,1.05820105820106
2021-06-11,8798,1,6500,0,2298,1,7297,1,66573,55,73870,56,1,173,0,231,184,0,"Anderson",76978,10.3925796980956,0.0079155672823219,72.7480578866689,1.29907246226194,0.79155672823219
2021-06-12,8799,1,6500,0,2299,1,7298,1,66628,55,73926,56,2,175,0,231,184,0,"Anderson",76978,10.3925796980956,0.00795755968169761,72.7480578866689,1.29907246226194,0.795755968169761
2021-06-13,8800,1,6500,0,2300,1,7299,1,66666,38,73965,39,0,175,0,231,184,0,"Anderson",76978,11.6916521603575,0.010230179028133,50.6638260282159,1.29907246226194,1.0230179028133
2021-06-14,8802,2,6502,2,2300,0,7301,2,66752,86,74053,88,0,175,0,231,184,0,"Anderson",76978,12.9907246226194,0.0144578313253012,114.318376679051,2.59814492452389,1.44578313253012
2021-06-15,8802,0,6502,0,2300,0,7302,1,66783,31,74085,32,0,175,0,231,184,0,"Anderson",76978,11.6916521603575,0.0170731707317073,41.5703187923822,0,1.70731707317073
2021-06-16,8803,1,6503,1,2300,0,7303,1,66826,43,74129,44,0,175,0,231,184,0,"Anderson",76978,12.9907246226194,0.0214477211796247,57.1591883395256,1.29907246226194,2.14477211796247
2021-06-17,8803,0,6503,0,2300,0,7303,0,66912,86,74215,86,0,175,0,231,184,0,"Anderson",76978,7.79443477357167,0.0174563591022444,111.720231754527,0,1.74563591022444
2021-06-18,8805,2,6504,1,2301,1,7307,4,66962,50,74269,54,0,175,0,231,184,0,"Anderson",76978,9.09350723583361,0.025062656641604,70.149912962145,2.59814492452389,2.5062656641604
2021-06-19,8805,0,6504,0,2301,0,7307,0,67010,48,74317,48,0,175,0,231,184,0,"Anderson",76978,7.79443477357167,0.0230179028132992,62.3554781885734,0,2.30179028132992
2021-06-20,8805,0,6504,0,2301,0,7308,1,67033,23,74341,24,0,175,0,231,184,0,"Anderson",76978,6.49536231130972,0.023936170212766,31.1777390942867,0,2.3936170212766
2021-06-21,8806,1,6504,0,2302,1,7308,0,67073,40,74381,40,0,175,0,231,184,0,"Anderson",76978,5.19628984904778,0.0213414634146341,51.9628984904778,1.29907246226194,2.13414634146341
2021-06-22,8810,4,6505,1,2305,3,7308,0,67115,42,74423,42,0,175,1,232,184,0,"Anderson",76978,10.3925796980956,0.0177514792899408,54.5610434150017,5.19628984904778,1.77514792899408
2021-06-23,8811,1,6506,1,2305,0,7309,1,67163,48,74472,49,0,175,0,232,184,0,"Anderson",76978,10.3925796980956,0.0174927113702624,63.6545506508353,1.29907246226194,1.74927113702624
2021-06-24,8811,0,6506,0,2305,0,7310,1,67207,44,74517,45,0,175,0,232,184,0,"Anderson",76978,10.3925796980956,0.0231788079470199,58.4582608017875,0,2.31788079470199
2021-06-25,8812,1,6507,1,2305,0,7311,1,67243,36,74554,37,0,175,0,232,184,0,"Anderson",76978,9.09350723583361,0.0140350877192982,48.065681103692,1.29907246226194,1.40350877192982
2021-06-26,8813,1,6508,1,2305,0,7312,1,67276,33,74588,34,0,175,0,232,184,0,"Anderson",76978,10.3925796980956,0.018450184501845,44.1684637169061,1.29907246226194,1.8450184501845
2021-06-27,8813,0,6508,0,2305,0,7312,0,67308,32,74620,32,0,175,0,232,184,0,"Anderson",76978,10.3925796980956,0.014336917562724,41.5703187923822,0,1.4336917562724
2021-06-28,8814,1,6508,0,2306,1,7313,1,67324,16,74637,17,0,175,0,232,184,0,"Anderson",76978,10.3925796980956,0.01953125,22.0842318584531,1.29907246226194,1.953125
2021-06-29,8817,3,6511,3,2306,0,7316,3,67382,58,74698,61,0,175,0,232,184,0,"Anderson",76978,9.09350723583361,0.0290909090909091,79.2434201979787,3.89721738678583,2.90909090909091
2021-06-30,8817,0,6511,0,2306,0,7316,0,67428,46,74744,46,0,175,0,232,184,0,"Anderson",76978,7.79443477357167,0.0257352941176471,59.7573332640495,0,2.57352941176471
2021-07-01,8818,1,6512,1,2306,0,7317,1,67465,37,74782,38,0,175,0,232,184,0,"Anderson",76978,9.09350723583361,0.0264150943396226,49.3647535659539,1.29907246226194,2.64150943396226
2021-07-02,8818,0,6512,0,2306,0,7317,0,67508,43,74825,43,0,175,0,232,184,0,"Anderson",76978,7.79443477357167,0.022140221402214,55.8601158772636,0,2.2140221402214
2021-07-03,8818,0,6512,0,2306,0,7317,0,67529,21,74846,21,0,175,0,232,184,0,"Anderson",76978,6.49536231130972,0.0193798449612403,27.2805217075008,0,1.93798449612403
2021-07-04,8819,1,6512,0,2307,1,7318,1,67554,25,74872,26,0,175,0,232,184,0,"Anderson",76978,7.79443477357167,0.0238095238095238,33.7758840188106,1.29907246226194,2.38095238095238
2021-07-05,8819,0,6512,0,2307,0,7319,1,67569,15,74888,16,0,175,0,232,184,0,"Anderson",76978,6.49536231130972,0.0239043824701195,20.7851593961911,0,2.39043824701195
2021-07-06,8820,1,6512,0,2308,1,7319,0,67599,30,74918,30,1,176,0,232,184,0,"Anderson",76978,3.89721738678583,0.0136363636363636,38.9721738678584,1.29907246226194,1.36363636363636
2021-07-07,8821,1,6512,0,2309,1,7319,0,67645,46,74964,46,0,176,0,232,184,0,"Anderson",76978,5.19628984904778,0.0136363636363636,59.7573332640495,1.29907246226194,1.36363636363636
2021-07-08,8822,1,6513,1,2309,0,7320,1,67686,41,75006,42,0,176,0,232,184,0,"Anderson",76978,5.19628984904778,0.0133928571428571,54.5610434150017,1.29907246226194,1.33928571428571
2021-07-09,8824,2,6514,1,2310,1,7321,1,67730,44,75051,45,0,176,0,232,184,0,"Anderson",76978,7.79443477357167,0.0176991150442478,58.4582608017875,2.59814492452389,1.76991150442478
2021-07-10,8826,2,6515,1,2311,1,7322,1,67752,22,75074,23,0,176,1,233,184,0,"Anderson",76978,10.3925796980956,0.0219298245614035,29.8786666320247,2.59814492452389,2.19298245614035
2021-07-11,8826,0,6515,0,2311,0,7322,0,67767,15,75089,15,0,176,0,233,184,0,"Anderson",76978,9.09350723583361,0.0184331797235023,19.4860869339292,0,1.84331797235023
2021-07-12,8834,8,6519,4,2315,4,7326,4,67803,36,75129,40,0,176,1,234,184,0,"Anderson",76978,19.4860869339292,0.029045643153527,51.9628984904778,10.3925796980956,2.9045643153527
2021-07-13,8835,1,6519,0,2316,1,7326,0,67824,21,75150,21,0,176,0,234,186,2,"Anderson",76978,19.4860869339292,0.0301724137931034,27.2805217075008,1.29907246226194,3.01724137931034
2021-07-14,8840,5,6524,5,2316,0,7331,5,67877,53,75208,58,0,176,1,235,186,0,"Anderson",76978,24.682376782977,0.0491803278688525,75.3462028111928,6.49536231130973,4.91803278688525
2021-07-15,8843,3,6527,3,2316,0,7333,2,67910,33,75243,35,0,176,0,235,186,0,"Anderson",76978,27.2805217075008,0.0548523206751055,45.4675361791681,3.89721738678583,5.48523206751055
2021-07-16,8853,10,6529,2,2324,8,7334,1,67938,28,75272,29,0,176,0,235,186,0,"Anderson",76978,37.6731014055964,0.0588235294117647,37.6731014055964,12.9907246226195,5.88235294117647
2021-07-17,8858,5,6530,1,2328,4,7335,1,67974,36,75309,37,0,176,0,235,186,0,"Anderson",76978,41.5703187923822,0.0553191489361702,48.065681103692,6.49536231130973,5.53191489361702
2021-07-18,8861,3,6532,2,2329,1,7337,2,67994,20,75331,22,0,176,0,235,186,0,"Anderson",76978,45.4675361791681,0.0619834710743802,28.5795941697628,3.89721738678583,6.19834710743802
2021-07-19,8866,5,6536,4,2330,1,7341,4,68028,34,75369,38,0,176,0,235,186,0,"Anderson",76978,41.5703187923822,0.0625,49.3647535659539,6.49536231130973,6.25
2021-07-20,8881,15,6547,11,2334,4,7352,11,68063,35,75415,46,0,176,1,236,186,0,"Anderson",76978,59.7573332640495,0.0981132075471698,59.7573332640495,19.4860869339292,9.81132075471698
2021-07-21,8888,7,6551,4,2337,3,7357,5,68148,85,75505,90,0,176,0,236,187,1,"Anderson",76978,62.3554781885734,0.0875420875420875,116.916521603575,9.09350723583361,8.75420875420875
2021-07-22,8898,10,6556,5,2342,5,7361,4,68203,55,75564,59,0,176,0,236,187,0,"Anderson",76978,71.448985424407,0.0872274143302181,76.6452752734548,12.9907246226195,8.72274143302181
2021-07-23,8908,10,6560,4,2348,6,7366,5,68274,71,75640,76,0,176,0,236,187,0,"Anderson",76978,71.448985424407,0.0869565217391304,98.7295071319078,12.9907246226195,8.69565217391304
2021-07-24,8916,8,6564,4,2352,4,7370,4,68328,54,75698,58,0,176,0,236,188,1,"Anderson",76978,75.3462028111928,0.089974293059126,75.3462028111928,10.3925796980956,8.9974293059126
2021-07-25,8921,5,6567,3,2354,2,7371,1,68350,22,75721,23,0,176,0,236,188,0,"Anderson",76978,77.9443477357167,0.0871794871794872,29.8786666320247,6.49536231130973,8.71794871794872
2021-07-26,8944,23,6576,9,2368,14,7379,8,68400,50,75779,58,2,178,0,236,188,0,"Anderson",76978,101.327652056432,0.0926829268292683,75.3462028111928,29.8786666320247,9.26829268292683
2021-07-27,8959,15,6581,5,2378,10,7384,5,68453,53,75837,58,0,178,0,236,188,0,"Anderson",76978,101.327652056432,0.0758293838862559,75.3462028111928,19.4860869339292,7.58293838862559
2021-07-28,8980,21,6590,9,2390,12,7397,13,68536,83,75933,96,0,178,0,236,188,0,"Anderson",76978,119.514666528099,0.0934579439252336,124.710956377147,27.2805217075008,9.34579439252336
2021-07-29,8992,12,6600,10,2392,2,7409,12,68585,49,75994,61,0,178,0,236,188,0,"Anderson",76978,122.112811452623,0.111627906976744,79.2434201979787,15.5888695471433,11.1627906976744
2021-07-30,9023,31,6621,21,2402,10,7432,23,68633,48,76065,71,0,178,1,237,188,0,"Anderson",76978,149.393333160124,0.155294117647059,92.2341448205981,40.2712463301203,15.5294117647059
2021-07-31,9036,13,6627,6,2409,7,7438,6,68675,42,76113,48,0,178,0,237,188,0,"Anderson",76978,155.888695471433,0.163855421686747,62.3554781885734,16.8879420094053,16.3855421686747
2021-08-01,9055,19,6639,12,2416,7,7453,15,68714,39,76167,54,0,178,0,237,188,0,"Anderson",76978,174.075709943101,0.183856502242152,70.149912962145,24.682376782977,18.3856502242152
2021-08-02,9067,12,6645,6,2422,6,7459,6,68793,79,76252,85,0,178,0,237,188,0,"Anderson",76978,159.785912858219,0.169133192389006,110.421159292265,15.5888695471433,16.9133192389006
2021-08-03,9090,23,6656,11,2434,12,7472,13,68865,72,76337,85,0,178,1,238,188,0,"Anderson",76978,170.178492556315,0.176,110.421159292265,29.8786666320247,17.6
2021-08-04,9116,26,6678,22,2438,4,7493,21,68967,102,76460,123,0,178,0,238,188,0,"Anderson",76978,176.673854867625,0.182163187855787,159.785912858219,33.7758840188106,18.2163187855787
2021-08-05,9147,31,6695,17,2452,14,7510,17,69064,97,76574,114,0,178,1,239,188,0,"Anderson",76978,201.356231650601,0.174137931034483,148.094260697862,40.2712463301203,17.4137931034483
2021-08-06,9172,25,6711,16,2461,9,7528,18,69207,143,76735,161,0,178,1,240,188,0,"Anderson",76978,193.56179687703,0.143283582089552,209.150666424173,32.4768115565486,14.3283582089552
2021-08-07,9186,14,6718,7,2468,7,7536,8,69282,75,76818,83,0,178,0,240,188,0,"Anderson",76978,194.860869339292,0.139007092198582,107.823014367741,18.1870144716672,13.9007092198582
2021-08-08,9200,14,6726,8,2474,6,7546,10,69334,52,76880,62,0,178,0,240,188,0,"Anderson",76978,188.365507027982,0.130434782608696,80.5424926602406,18.1870144716672,13.0434782608696
2021-08-09,9236,36,6745,19,2491,17,7565,19,69433,99,76998,118,0,178,0,240,188,0,"Anderson",76978,219.543246122269,0.142091152815013,153.29055054691,46.76660864143,14.2091152815013
2021-08-10,9275,39,6765,20,2510,19,7585,20,69533,100,77118,120,0,178,2,242,188,0,"Anderson",76978,240.32840551846,0.144686299615877,155.888695471433,50.6638260282159,14.4686299615877
2021-08-11,9330,55,6790,25,2540,30,7615,30,69665,132,77280,162,0,178,1,243,188,0,"Anderson",76978,278.001506924056,0.148780487804878,210.449738886435,71.448985424407,14.8780487804878
2021-08-12,9379,49,6827,37,2552,12,7653,38,69832,167,77485,205,0,178,0,243,190,2,"Anderson",76978,301.384811244771,0.156970362239297,266.309854763699,63.6545506508353,15.6970362239297
2021-08-13,9442,63,6862,35,2580,28,7691,38,69946,114,77637,152,2,180,1,244,191,1,"Anderson",76978,350.749564810725,0.180709534368071,197.459014263816,81.8415651225025,18.0709534368071
2021-08-14,9492,50,6897,35,2595,15,7723,32,70132,186,77855,218,0,180,0,244,191,0,"Anderson",76978,397.516173452155,0.180327868852459,283.197796773104,64.9536231130973,18.0327868852459
2021-08-15,9515,23,6910,13,2605,10,7738,15,70221,89,77959,104,0,180,0,244,191,0,"Anderson",76978,409.207825612513,0.177942539388323,135.103536075242,29.8786666320247,17.7942539388323
2021-08-16,9553,38,6934,24,2619,14,7762,24,70310,89,78072,113,0,180,0,244,192,1,"Anderson",76978,411.805970537037,0.18342644320298,146.7951882356,49.3647535659539,18.342644320298
2021-08-17,9596,43,6955,21,2641,22,7786,24,70418,108,78204,132,1,181,0,244,192,0,"Anderson",76978,417.002260386084,0.185082872928177,171.477565018577,55.8601158772636,18.5082872928177
2021-08-18,9648,52,6982,27,2666,25,7817,31,70529,111,78346,142,0,181,0,244,193,1,"Anderson",76978,413.105042999299,0.189493433395872,184.468289641196,67.5517680376211,18.9493433395872
2021-08-19,9722,74,7015,33,2707,41,7853,36,70681,152,78534,188,0,181,0,244,193,0,"Anderson",76978,445.581854555847,0.190657769304099,244.225622905246,96.1313622073839,19.0657769304099
2021-08-20,9782,60,7057,42,2725,18,7897,44,70875,194,78772,238,0,181,2,246,193,0,"Anderson",76978,441.684637169061,0.181497797356828,309.179246018343,77.9443477357167,18.1497797356828
2021-08-21,9864,82,7091,34,2773,48,7931,34,71149,274,79080,308,0,181,1,247,193,0,"Anderson",76978,483.254955961444,0.169795918367347,400.114318376679,106.523941905479,16.9795918367347
2021-08-22,9886,22,7112,21,2774,1,7959,28,71305,156,79264,184,0,181,0,247,193,0,"Anderson",76978,481.955883499182,0.169348659003831,239.029333056198,28.5795941697628,16.9348659003831
2021-08-23,9936,50,7127,15,2809,35,7977,18,71440,135,79417,153,0,181,2,249,194,1,"Anderson",76978,497.544753046325,0.159851301115242,198.758086726078,64.9536231130973,15.9851301115242
2021-08-24,9981,45,7155,28,2826,17,8001,24,71526,86,79527,110,1,182,0,249,195,1,"Anderson",76978,500.142897970849,0.162509448223734,142.897970848814,58.4582608017875,16.2509448223734
2021-08-25,10054,73,7182,27,2872,46,8024,23,71570,44,79594,67,0,182,1,250,195,0,"Anderson",76978,527.42341967835,0.165865384615385,87.0378549715503,94.832289745122,16.5865384615385
2021-08-26,10122,68,7218,36,2904,32,8068,44,71742,172,79810,216,1,183,2,252,196,1,"Anderson",76978,519.628984904778,0.168495297805643,280.59965184858,88.3369274338123,16.8495297805643
2021-08-27,10200,78,7275,57,2925,21,8132,64,71919,177,80051,241,0,183,0,252,196,0,"Anderson",76978,543.012289225493,0.183737294761532,313.076463405129,101.327652056432,18.3737294761532
2021-08-28,10258,58,7306,31,2952,27,8172,40,72123,204,80295,244,0,183,0,252,196,0,"Anderson",76978,511.834550131206,0.198353909465021,316.973680791915,75.3462028111928,19.8353909465021
2021-08-29,10322,64,7355,49,2967,15,8225,53,72334,211,80559,264,0,183,1,253,197,1,"Anderson",76978,566.395593546208,0.205405405405405,342.955130037153,83.1406375847645,20.5405405405405
2021-08-30,10395,73,7402,47,2993,26,8274,49,72560,226,80834,275,0,183,3,256,197,0,"Anderson",76978,596.274260178233,0.209597741707833,357.244927122035,94.832289745122,20.9597741707833
2021-08-31,10529,134,7484,82,3045,52,8362,88,72817,257,81179,345,0,183,0,256,198,1,"Anderson",76978,711.891709319546,0.218523002421308,448.179999480371,174.075709943101,21.8523002421308
2021-09-01,10559,30,7506,22,3053,8,8386,24,72908,91,81294,115,0,183,0,256,199,1,"Anderson",76978,656.031593442282,0.212941176470588,149.393333160124,38.9721738678584,21.2941176470588
2021-09-02,10622,63,7535,29,3087,34,8418,32,73009,101,81427,133,1,184,0,256,199,0,"Anderson",76978,649.536231130973,0.216450216450216,172.776637480839,81.8415651225025,21.6450216450216
2021-09-03,10650,28,7552,17,3098,11,8435,17,73082,73,81517,90,0,184,0,256,199,0,"Anderson",76978,584.582608017875,0.20668485675307,116.916521603575,36.3740289433345,20.668485675307
2021-09-04,10757,107,7621,69,3136,38,8510,75,73403,321,81913,396,0,184,1,257,199,0,"Anderson",76978,648.23715866871,0.208899876390606,514.43269505573,139.000753462028,20.8899876390606
2021-09-05,10870,113,7695,74,3175,39,8586,76,73707,304,82293,380,0,184,1,258,200,1,"Anderson",76978,711.891709319546,0.208189158016148,493.647535659539,146.7951882356,20.8189158016148
2021-09-06,10991,121,7776,81,3215,40,8677,91,74114,407,82791,498,0,184,4,262,201,1,"Anderson",76978,774.247187508119,0.205927439959121,646.938086206449,157.187767933695,20.5927439959121
2021-09-07,11028,37,7796,20,3232,17,8695,18,74213,99,82908,117,0,184,0,262,201,0,"Anderson",76978,648.23715866871,0.192596876807403,151.991478084648,48.065681103692,19.2596876807403
2021-09-08,11069,41,7828,32,3241,9,8729,34,74320,107,83049,141,0,184,2,264,204,3,"Anderson",76978,662.526955753592,0.195441595441595,183.169217178934,53.2619709527397,19.5441595441595
2021-09-09,11128,59,7849,21,3279,38,8747,18,74526,206,83273,224,0,184,1,265,207,3,"Anderson",76978,657.330665904544,0.178223185265439,290.992231546676,76.6452752734548,17.8223185265439
2021-09-10,11282,154,7923,74,3359,80,8828,81,74818,292,83646,373,1,185,2,267,208,1,"Anderson",76978,821.013796149549,0.184593705965242,484.554028423705,200.05715918834,18.4593705965242
2021-09-11,11402,120,7990,67,3412,53,8902,74,75164,346,84066,420,0,185,2,269,208,0,"Anderson",76978,837.901738158954,0.182071528100325,545.610434150017,155.888695471433,18.2071528100325
2021-09-12,11440,38,8022,32,3418,6,8937,35,75307,143,84244,178,0,185,4,273,209,1,"Anderson",76978,740.471303489309,0.179907739620707,231.234898282626,49.3647535659539,17.9907739620707
2021-09-13,11527,87,8056,34,3471,53,8971,34,75437,130,84408,164,4,189,3,276,209,0,"Anderson",76978,696.302839772403,0.181818181818182,213.047883810959,113.019304216789,18.1818181818182
2021-09-14,11589,62,8087,31,3502,31,9007,36,75596,159,84603,195,1,190,1,277,209,0,"Anderson",76978,728.779651328951,0.184070796460177,253.319130141079,80.5424926602406,18.4070796460177
2021-09-15,11629,40,8104,17,3525,23,9022,15,75657,61,84679,76,0,190,1,278,210,1,"Anderson",76978,727.480578866689,0.179754601226994,98.7295071319078,51.9628984904778,17.9754601226994
2021-09-16,11718,89,8161,57,3557,32,9081,59,75879,222,84960,281,0,190,1,279,210,0,"Anderson",76978,766.452752734548,0.197984588026082,365.039361895607,115.617449141313,19.7984588026082
2021-09-17,11789,71,8201,40,3588,31,9120,39,76042,163,85162,202,0,190,1,280,214,4,"Anderson",76978,658.629738366806,0.192612137203166,262.412637376913,92.2341448205981,19.2612137203166
2021-09-18,11841,52,8231,30,3610,22,9153,33,76196,154,85349,187,0,190,1,281,215,1,"Anderson",76978,570.292810932994,0.195635229929852,242.926550442984,67.5517680376211,19.5635229929852
2021-09-19,11864,23,8240,9,3624,14,9163,10,76264,68,85427,78,0,190,0,281,215,0,"Anderson",76978,550.806723999065,0.191039729501268,101.327652056432,29.8786666320247,19.1039729501268
2021-09-20,11928,64,8276,36,3652,28,9200,37,76450,186,85650,223,0,190,3,284,215,0,"Anderson",76978,520.92805736704,0.184380032206119,289.693159084414,83.1406375847645,18.4380032206119
2021-09-21,11982,54,8302,26,3680,28,9224,24,76568,118,85792,142,0,190,1,285,216,1,"Anderson",76978,510.535477668944,0.182506307821699,184.468289641196,70.149912962145,18.2506307821699
2021-09-22,12033,51,8336,34,3697,17,9264,40,76840,272,86104,312,0,190,0,285,219,3,"Anderson",76978,524.825274753826,0.169824561403509,405.310608225727,66.2526955753592,16.9824561403509
2021-09-23,12109,76,8384,48,3725,28,9315,51,77048,208,86363,259,2,192,1,286,219,0,"Anderson",76978,507.93733274442,0.166785459729152,336.459767725844,98.7295071319078,16.6785459729152
2021-09-24,12148,39,8404,20,3744,19,9339,24,77188,140,86527,164,2,194,1,287,222,3,"Anderson",76978,466.367013952038,0.16043956043956,213.047883810959,50.6638260282159,16.043956043956
2021-09-25,12158,10,8408,4,3750,6,9345,6,77283,95,86628,101,0,194,0,287,222,0,"Anderson",76978,411.805970537037,0.150117279124316,131.206318688456,12.9907246226195,15.0117279124316
2021-09-26,12176,18,8423,15,3753,3,9363,18,77420,137,86783,155,1,195,0,287,222,0,"Anderson",76978,405.310608225727,0.147492625368732,201.356231650601,23.383304320715,14.7492625368732
2021-09-27,12227,51,8445,22,3782,29,9386,23,77506,86,86892,109,1,196,1,288,223,1,"Anderson",76978,388.422666216322,0.14975845410628,141.598898386552,66.2526955753592,14.975845410628
2021-09-28,12276,49,8469,24,3807,25,9413,27,77601,95,87014,122,0,196,1,289,223,0,"Anderson",76978,381.927303905012,0.154664484451718,158.486840395957,63.6545506508353,15.4664484451718
2021-09-29,12315,39,8485,16,3830,23,9430,17,77792,191,87222,208,2,198,0,289,225,2,"Anderson",76978,366.338434357868,0.148479427549195,270.207072150485,50.6638260282159,14.8479427549195
2021-09-30,12377,62,8523,38,3854,24,9470,40,77964,172,87434,212,0,198,1,290,226,1,"Anderson",76978,348.151419886201,0.144724556489262,275.403361999532,80.5424926602406,14.4724556489262
2021-10-01,12428,51,8550,27,3878,24,9499,29,78115,151,87614,180,0,198,1,291,227,1,"Anderson",76978,363.740289433345,0.147194112235511,233.83304320715,66.2526955753592,14.7194112235511
2021-10-02,12445,17,8557,7,3888,10,9505,6,78195,80,87700,86,1,199,0,291,229,2,"Anderson",76978,372.833796669178,0.149253731343284,111.720231754527,22.0842318584531,14.9253731343284
2021-10-03,12459,14,8567,10,3892,4,9515,10,78293,98,87808,108,4,203,0,291,229,0,"Anderson",76978,367.63750682013,0.148292682926829,140.29982592429,18.1870144716672,14.8292682926829
2021-10-04,12504,45,8590,23,3914,22,9541,26,78413,120,87954,146,1,204,0,291,231,2,"Anderson",76978,359.843072046559,0.145951035781544,189.664579490244,58.4582608017875,14.5951035781544
2021-10-05,12557,53,8619,29,3938,24,9571,30,78541,128,88112,158,2,206,0,291,232,1,"Anderson",76978,365.039361895607,0.143897996357013,205.253449037387,68.8508404998831,14.3897996357013
2021-10-06,12586,29,8641,22,3945,7,9597,26,78706,165,88303,191,1,207,0,291,233,1,"Anderson",76978,352.048637272987,0.154486586493987,248.122840292031,37.6731014055964,15.4486586493987
2021-10-07,12619,33,8662,21,3957,12,9621,24,78845,139,88466,163,0,207,0,291,235,2,"Anderson",76978,314.375535867391,0.146317829457364,211.748811348697,42.8693912546442,14.6317829457364
2021-10-08,12638,19,8667,5,3971,14,9630,9,78975,130,88605,139,1,208,1,292,235,0,"Anderson",76978,272.805217075008,0.132189707366297,180.57107225441,24.682376782977,13.2189707366297
2021-10-09,12653,15,8670,3,3983,12,9637,7,79037,62,88674,69,0,208,0,292,236,1,"Anderson",76978,270.207072150485,0.135523613963039,89.6359998960742,19.4860869339292,13.5523613963039
2021-10-10,12663,10,8678,8,3985,2,9646,9,79124,87,88770,96,0,208,0,292,236,0,"Anderson",76978,265.010782301437,0.136174636174636,124.710956377147,12.9907246226195,13.6174636174636
2021-10-11,12703,40,8692,14,4011,26,9659,13,79225,101,88884,114,0,208,1,293,236,0,"Anderson",76978,258.515419990127,0.126881720430108,148.094260697862,51.9628984904778,12.6881720430108
2021-10-12,12739,36,8717,25,4022,11,9682,23,79324,99,89006,122,2,210,3,296,236,0,"Anderson",76978,236.431188131674,0.124161073825503,158.486840395957,46.76660864143,12.4161073825503
2021-10-13,12765,26,8731,14,4034,12,9700,18,79436,112,89136,130,0,210,1,297,239,3,"Anderson",76978,232.533970744888,0.123649459783914,168.879420094053,33.7758840188106,12.3649459783914
2021-10-14,12785,20,8741,10,4044,10,9714,14,79539,103,89253,117,1,211,0,297,239,0,"Anderson",76978,215.646028735483,0.118170266836086,151.991478084648,25.9814492452389,11.8170266836086
2021-10-15,12808,23,8753,12,4055,11,9727,13,79660,121,89387,134,0,211,1,298,239,0,"Anderson",76978,220.842318584531,0.124040920716113,174.075709943101,29.8786666320247,12.4040920716113
2021-10-16,12818,10,8760,7,4058,3,9736,9,79715,55,89451,64,0,211,1,299,239,0,"Anderson",76978,214.346956273221,0.127413127413127,83.1406375847645,12.9907246226195,12.7413127413127
2021-10-17,12820,2,8761,1,4059,1,9737,1,79766,51,89503,52,0,211,0,299,239,0,"Anderson",76978,203.954376575125,0.124147339699864,67.5517680376211,2.59814492452389,12.4147339699864
2021-10-18,12844,24,8771,10,4073,14,9748,11,79834,68,89582,79,1,212,1,300,239,0,"Anderson",76978,183.169217178934,0.127507163323782,102.626724518694,31.1777390942867,12.7507163323782
2021-10-19,12874,30,8784,13,4090,17,9759,11,79945,111,89704,122,2,214,1,301,239,0,"Anderson",76978,175.374782405363,0.110315186246418,158.486840395957,38.9721738678584,11.0315186246418
2021-10-20,12909,35,8810,26,4099,9,9788,29,80056,111,89844,140,0,214,1,302,240,1,"Anderson",76978,187.06643456572,0.124293785310734,181.870144716672,45.4675361791681,12.4293785310734
2021-10-21,12941,32,8828,18,4113,14,9806,18,80149,93,89955,111,0,214,1,303,241,1,"Anderson",76978,202.655304112863,0.131054131054131,144.197043311076,41.5703187923822,13.1054131054131
2021-10-22,12951,10,8835,7,4116,3,9815,9,80225,76,90040,85,0,214,1,304,241,0,"Anderson",76978,185.767362103458,0.134762633996937,110.421159292265,12.9907246226195,13.4762633996937
2021-10-23,12968,17,8839,4,4129,13,9819,4,80278,53,90097,57,0,214,1,305,241,0,"Anderson",76978,194.860869339292,0.128482972136223,74.0471303489309,22.0842318584531,12.8482972136223
2021-10-24,12974,6,8844,5,4130,1,9826,7,80330,52,90156,59,0,214,0,305,242,1,"Anderson",76978,200.05715918834,0.136294027565084,76.6452752734548,7.79443477357167,13.6294027565084
2021-10-25,12999,25,8858,14,4141,11,9841,15,80401,71,90242,86,1,215,2,307,242,0,"Anderson",76978,201.356231650601,0.140909090909091,111.720231754527,32.4768115565486,14.0909090909091
2021-10-26,13011,12,8864,6,4147,6,9847,6,80465,64,90312,70,0,215,0,307,243,1,"Anderson",76978,177.972927329886,0.144736842105263,90.9350723583361,15.5888695471433,14.4736842105263
2021-10-27,13029,18,8874,10,4155,8,9860,13,80586,121,90446,134,1,216,2,309,245,2,"Anderson",76978,155.888695471433,0.119601328903654,174.075709943101,23.383304320715,11.9601328903654
2021-10-28,13051,22,8888,14,4163,8,9877,17,80668,82,90545,99,1,217,0,309,246,1,"Anderson",76978,142.897970848814,0.120338983050847,128.608173763933,28.5795941697628,12.0338983050847
2021-10-29,13072,21,8899,11,4173,10,9889,12,80782,114,90671,126,0,217,1,310,246,0,"Anderson",76978,157.187767933695,0.117274167987322,163.683130245005,27.2805217075008,11.7274167987322
2021-10-30,13084,12,8903,4,4181,8,9894,5,80869,87,90763,92,0,217,1,311,246,0,"Anderson",76978,150.692405622386,0.112612612612613,119.514666528099,15.5888695471433,11.2612612612613
2021-10-31,13087,3,8905,2,4182,1,9897,3,80908,39,90805,42,0,217,0,311,246,0,"Anderson",76978,146.7951882356,0.10939907550077,54.5610434150017,3.89721738678583,10.939907550077
2021-11-01,13114,27,8910,5,4204,22,9901,4,80996,88,90897,92,1,218,1,312,247,1,"Anderson",76978,149.393333160124,0.0916030534351145,119.514666528099,35.0749564810725,9.16030534351145
2021-11-02,13134,20,8915,5,4219,15,9906,5,81072,76,90978,81,2,220,1,313,247,0,"Anderson",76978,159.785912858219,0.0885885885885886,105.224869443218,25.9814492452389,8.85885885885886
2021-11-03,13164,30,8933,18,4231,12,9924,18,81272,200,91196,218,1,221,0,313,247,0,"Anderson",76978,175.374782405363,0.0853333333333333,283.197796773104,38.9721738678584,8.53333333333333
2021-11-04,13186,22,8948,15,4238,7,9940,16,81405,133,91345,149,0,221,0,313,247,0,"Anderson",76978,175.374782405363,0.07875,193.56179687703,28.5795941697628,7.875
2021-11-05,13196,10,8951,3,4245,7,9941,1,81527,122,91468,123,0,221,0,313,247,0,"Anderson",76978,161.084985320481,0.0652446675031368,159.785912858219,12.9907246226195,6.52446675031368
2021-11-06,13205,9,8955,4,4250,5,9946,5,81614,87,91560,92,0,221,3,316,248,1,"Anderson",76978,157.187767933695,0.0652446675031368,119.514666528099,11.6916521603575,6.52446675031368
2021-11-07,13211,6,8960,5,4251,1,9952,6,81662,48,91614,54,0,221,0,316,248,0,"Anderson",76978,161.084985320481,0.0679851668726823,70.149912962145,7.79443477357167,6.79851668726823
2021-11-08,13236,25,8971,11,4265,14,9965,13,81750,88,91715,101,1,222,0,316,248,0,"Anderson",76978,158.486840395957,0.078239608801956,131.206318688456,32.4768115565486,7.8239608801956
2021-11-09,13259,23,8978,7,4281,16,9971,6,81908,158,91879,164,1,223,0,316,249,1,"Anderson",76978,162.384057782743,0.072142064372919,213.047883810959,29.8786666320247,7.2142064372919
2021-11-10,13277,18,8990,12,4287,6,9984,13,82024,116,92008,129,0,223,1,317,250,1,"Anderson",76978,146.7951882356,0.0738916256157636,167.580347631791,23.383304320715,7.38916256157635
2021-11-11,13300,23,9008,18,4292,5,10002,18,82214,190,92216,208,0,223,0,317,251,1,"Anderson",76978,148.094260697862,0.0711825487944891,270.207072150485,29.8786666320247,7.11825487944891
2021-11-12,13313,13,9016,8,4297,5,10010,8,82347,133,92357,141,0,223,1,318,251,0,"Anderson",76978,151.991478084648,0.077615298087739,183.169217178934,16.8879420094053,7.7615298087739
2021-11-13,13320,7,9020,4,4300,3,10014,4,82398,51,92412,55,3,226,1,319,252,1,"Anderson",76978,149.393333160124,0.07981220657277,71.448985424407,9.09350723583361,7.981220657277
2021-11-14,13322,2,9022,2,4300,0,10017,3,82477,79,92494,82,0,226,0,319,252,0,"Anderson",76978,144.197043311076,0.0738636363636364,106.523941905479,2.59814492452389,7.38636363636364
2021-11-15,13354,32,9036,14,4318,18,10031,14,82562,85,92593,99,0,226,0,319,253,1,"Anderson",76978,153.29055054691,0.0751708428246014,128.608173763933,41.5703187923822,7.51708428246014
2021-11-16,13379,25,9049,13,4330,12,10044,13,82688,126,92732,139,1,227,0,319,254,1,"Anderson",76978,155.888695471433,0.0855803048065651,180.57107225441,32.4768115565486,8.5580304806565
2021-11-17,13396,17,9058,9,4338,8,10053,9,82802,114,92855,123,0,227,2,321,256,2,"Anderson",76978,154.589623009171,0.0814639905548996,159.785912858219,22.0842318584531,8.14639905548996
2021-11-18,13418,22,9071,13,4347,9,10070,17,82937,135,93007,152,4,231,0,321,258,2,"Anderson",76978,153.29055054691,0.0859671302149178,197.459014263816,28.5795941697628,8.59671302149178
2021-11-19,13432,14,9077,6,4355,8,10077,7,83046,109,93123,116,1,232,0,321,258,0,"Anderson",76978,154.589623009171,0.087467362924282,150.692405622386,18.1870144716672,8.7467362924282
2021-11-20,13441,9,9082,5,4359,4,10082,5,83139,93,93221,98,0,232,0,321,259,1,"Anderson",76978,157.187767933695,0.0840543881334982,127.309101301671,11.6916521603575,8.40543881334981
2021-11-21,13453,12,9088,6,4365,6,10088,6,83179,40,93267,46,0,232,0,321,259,0,"Anderson",76978,170.178492556315,0.091849935316947,59.7573332640495,15.5888695471433,9.1849935316947
2021-11-22,13481,28,9105,17,4376,11,10106,18,83301,122,93407,140,1,233,0,321,259,0,"Anderson",76978,164.982202707267,0.0921375921375921,181.870144716672,36.3740289433345,9.21375921375921
2021-11-23,13498,17,9111,6,4387,11,10111,5,83398,97,93509,102,0,233,1,322,261,2,"Anderson",76978,154.589623009171,0.0862290862290862,132.505391150718,22.0842318584531,8.62290862290862
2021-11-24,13523,25,9127,16,4396,9,10123,12,83508,110,93631,122,1,234,1,323,261,0,"Anderson",76978,164.982202707267,0.0902061855670103,158.486840395957,32.4768115565486,9.02061855670103
2021-11-25,13528,5,9129,2,4399,3,10124,1,83553,45,93677,46,0,234,2,325,261,0,"Anderson",76978,142.897970848814,0.0805970149253731,59.7573332640495,6.49536231130973,8.05970149253731
2021-11-26,13535,7,9135,6,4400,1,10133,9,83596,43,93729,52,0,234,0,325,262,1,"Anderson",76978,133.80446361298,0.0924092409240924,67.5517680376211,9.09350723583361,9.24092409240924
2021-11-27,13540,5,9137,2,4403,3,10135,2,83632,36,93767,38,0,234,0,325,262,0,"Anderson",76978,128.608173763933,0.0970695970695971,49.3647535659539,6.49536231130973,9.70695970695971
2021-11-28,13550,10,9138,1,4412,9,10136,1,83670,38,93806,39,0,234,0,325,262,0,"Anderson",76978,126.010028839409,0.0890538033395176,50.6638260282159,12.9907246226195,8.90538033395176
2021-11-29,13577,27,9153,15,4424,12,10152,16,83749,79,93901,95,0,234,0,325,262,0,"Anderson",76978,124.710956377147,0.0931174089068826,123.411883914885,35.0749564810725,9.31174089068826
2021-11-30,13603,26,9166,13,4437,13,10164,12,83851,102,94015,114,0,234,1,326,262,0,"Anderson",76978,136.402608537504,0.104743083003953,148.094260697862,33.7758840188106,10.4743083003953
2021-12-01,13635,32,9185,19,4450,13,10183,19,83958,107,94141,126,0,234,2,328,262,0,"Anderson",76978,145.496115773338,0.117647058823529,163.683130245005,41.5703187923822,11.7647058823529
2021-12-02,13677,42,9209,24,4468,18,10209,26,84096,138,94305,164,0,234,0,328,265,3,"Anderson",76978,193.56179687703,0.135350318471338,213.047883810959,54.5610434150017,13.5350318471338
2021-12-03,13708,31,9227,18,4481,13,10228,19,84283,187,94511,206,1,235,1,329,265,0,"Anderson",76978,224.739535971316,0.121483375959079,267.608927225961,40.2712463301203,12.1483375959079
2021-12-04,13728,20,9240,13,4488,7,10242,14,84352,69,94594,83,0,235,0,329,265,0,"Anderson",76978,244.225622905246,0.129383313180169,107.823014367741,25.9814492452389,12.9383313180169
2021-12-05,13741,13,9242,2,4499,11,10244,2,84394,42,94638,44,0,235,0,329,265,0,"Anderson",76978,248.122840292031,0.129807692307692,57.1591883395256,16.8879420094053,12.9807692307692
2021-12-06,13776,35,9262,20,4514,15,10266,22,84496,102,94762,124,2,237,1,330,265,0,"Anderson",76978,258.515419990127,0.132404181184669,161.084985320481,45.4675361791681,13.2404181184669
2021-12-07,13806,30,9277,15,4529,15,10282,16,84591,95,94873,111,0,237,0,330,265,0,"Anderson",76978,263.711709839175,0.137529137529138,144.197043311076,38.9721738678584,13.7529137529138
2021-12-08,13833,27,9298,21,4535,6,10302,20,84712,121,95014,141,0,237,2,332,265,0,"Anderson",76978,257.216347527865,0.13631156930126,183.169217178934,35.0749564810725,13.631156930126
2021-12-09,13861,28,9314,16,4547,12,10319,17,84922,210,95241,227,0,237,1,333,265,0,"Anderson",76978,239.029333056198,0.117521367521368,294.889448933461,36.3740289433345,11.7521367521368
2021-12-10,13890,29,9331,17,4559,12,10336,17,85075,153,95411,170,0,237,2,335,265,0,"Anderson",76978,236.431188131674,0.12,220.842318584531,37.6731014055964,12
2021-12-11,13899,9,9336,5,4563,4,10342,6,85150,75,95492,81,0,237,0,335,266,1,"Anderson",76978,222.141391046793,0.111358574610245,105.224869443218,11.6916521603575,11.1358574610245
2021-12-12,13919,20,9347,11,4572,9,10353,11,85220,70,95573,81,0,237,0,335,266,0,"Anderson",76978,231.234898282626,0.116577540106952,105.224869443218,25.9814492452389,11.6577540106952
2021-12-13,13948,29,9353,6,4595,23,10360,7,85295,75,95655,82,0,237,0,335,269,3,"Anderson",76978,223.440463509055,0.105263157894737,106.523941905479,37.6731014055964,10.5263157894737
2021-12-14,13962,14,9358,5,4604,9,10366,6,85374,79,95740,85,3,240,1,336,269,0,"Anderson",76978,202.655304112863,0.0968858131487889,110.421159292265,18.1870144716672,9.68858131487889
2021-12-15,13988,26,9372,14,4616,12,10381,15,85503,129,95884,144,0,240,0,336,270,1,"Anderson",76978,201.356231650601,0.0908045977011494,187.06643456572,33.7758840188106,9.08045977011494
2021-12-16,14016,28,9382,10,4634,18,10396,15,85598,95,95994,110,0,240,2,338,270,0,"Anderson",76978,201.356231650601,0.102257636122178,142.897970848814,36.3740289433345,10.2257636122178
2021-12-17,14047,31,9405,23,4642,8,10418,22,85753,155,96171,177,1,241,0,338,271,1,"Anderson",76978,203.954376575125,0.107894736842105,229.935825820364,40.2712463301203,10.7894736842105
2021-12-18,14058,11,9414,9,4644,2,10428,10,85835,82,96263,92,0,241,0,338,271,0,"Anderson",76978,206.552521499649,0.111543450064851,119.514666528099,14.2897970848814,11.1543450064851
2021-12-19,14072,14,9422,8,4650,6,10439,11,85915,80,96354,91,0,241,0,338,271,0,"Anderson",76978,198.758086726078,0.1101152368758,118.215594065837,18.1870144716672,11.01152368758
2021-12-20,14096,24,9438,16,4658,8,10453,14,86001,86,96454,100,0,241,0,338,272,1,"Anderson",76978,192.262724414768,0.11639549436796,129.907246226195,31.1777390942867,11.639549436796
2021-12-21,14124,28,9446,8,4678,20,10464,11,86082,81,96546,92,0,241,0,338,272,0,"Anderson",76978,210.449738886435,0.121588089330025,119.514666528099,36.3740289433345,12.1588089330025
2021-12-22,14172,48,9460,14,4712,34,10475,11,86197,115,96672,126,19,260,1,339,273,1,"Anderson",76978,239.029333056198,0.119289340101523,163.683130245005,62.3554781885734,11.9289340101523
2021-12-23,14199,27,9475,15,4724,12,10492,17,86297,100,96789,117,-1,259,1,340,274,1,"Anderson",76978,237.730260593936,0.120754716981132,151.991478084648,35.0749564810725,12.0754716981132
2021-12-24,14225,26,9490,15,4735,11,10509,17,86384,87,96893,104,0,259,1,341,274,0,"Anderson",76978,231.234898282626,0.126038781163435,135.103536075242,33.7758840188106,12.6038781163435
2021-12-25,14239,14,9497,7,4742,7,10519,10,86442,58,96961,68,1,260,0,341,275,1,"Anderson",76978,235.132115669412,0.130372492836676,88.3369274338123,18.1870144716672,13.0372492836676
2021-12-26,14250,11,9501,4,4749,7,10525,6,86486,44,97011,50,1,261,0,341,275,0,"Anderson",76978,231.234898282626,0.13089802130898,64.9536231130973,14.2897970848814,13.089802130898
2021-12-27,14297,47,9520,19,4777,28,10545,20,86590,104,97135,124,1,262,2,343,276,1,"Anderson",76978,261.113564914651,0.135095447870778,161.084985320481,61.0564057263114,13.5095447870778
2021-12-28,14384,87,9556,36,4828,51,10581,36,86699,109,97280,145,0,262,0,343,276,0,"Anderson",76978,337.758840188106,0.159400544959128,188.365507027982,113.019304216789,15.9400544959128
2021-12-29,14465,81,9600,44,4865,37,10628,47,86857,158,97485,205,2,264,0,343,276,0,"Anderson",76978,380.62823144275,0.188191881918819,266.309854763699,105.224869443218,18.8191881918819
2021-12-30,14558,93,9642,42,4916,51,10666,38,86976,119,97642,157,1,265,0,343,276,0,"Anderson",76978,466.367013952038,0.203985932004689,203.954376575125,120.813738990361,20.3985932004689
2021-12-31,14626,68,9683,41,4943,27,10711,45,87093,117,97804,162,0,265,0,343,277,1,"Anderson",76978,520.92805736704,0.221734357848518,210.449738886435,88.3369274338123,22.1734357848518
2022-01-01,14687,61,9717,34,4970,27,10748,37,87192,99,97940,136,0,265,0,343,277,0,"Anderson",76978,581.984463093351,0.23391215526047,176.673854867625,79.2434201979787,23.391215526047
2022-01-02,14719,32,9740,23,4979,9,10781,33,87308,116,98089,149,0,265,0,343,278,1,"Anderson",76978,609.264984800852,0.23747680890538,193.56179687703,41.5703187923822,23.747680890538
2022-01-03,14780,61,9761,21,5019,40,10804,23,87384,76,98188,99,1,266,0,343,278,0,"Anderson",76978,627.451999272519,0.245963912630579,128.608173763933,79.2434201979787,24.5963912630579
2022-01-04,14906,126,9826,65,5080,61,10867,63,87558,174,98425,237,1,267,0,343,279,1,"Anderson",76978,678.115825300735,0.249781659388646,307.880173556081,163.683130245005,24.9781659388646
2022-01-05,15073,167,9912,86,5161,81,10953,86,87704,146,98657,232,1,268,0,343,280,1,"Anderson",76978,789.836057055263,0.277303754266212,301.384811244771,216.945101197745,27.7303754266212
2022-01-06,15215,142,9984,72,5231,70,11024,71,87824,120,98848,191,1,269,1,344,280,0,"Anderson",76978,853.490607706098,0.296849087893864,248.122840292031,184.468289641196,29.6849087893864
2022-01-07,15357,142,10057,73,5300,69,11102,78,87964,140,99066,218,0,269,1,345,280,0,"Anderson",76978,949.621969913482,0.309825673534073,283.197796773104,184.468289641196,30.9825673534073
2022-01-08,15460,103,10099,42,5361,61,11147,45,88039,75,99186,120,0,269,2,347,282,2,"Anderson",76978,1004.18301332848,0.320224719101124,155.888695471433,133.80446361298,32.0224719101124
2022-01-09,15545,85,10155,56,5390,29,11209,62,88182,143,99391,205,0,269,1,348,282,0,"Anderson",76978,1073.03385382837,0.328725038402458,266.309854763699,110.421159292265,32.8725038402458
2022-01-10,15700,155,10229,74,5471,81,11287,78,88295,113,99582,191,1,270,3,351,284,2,"Anderson",76978,1195.14666528099,0.34648493543759,248.122840292031,201.356231650601,34.648493543759
2022-01-11,15875,175,10338,109,5537,66,11389,102,88436,141,99825,243,0,270,0,351,285,1,"Anderson",76978,1258.80121593182,0.372857142857143,315.674608329653,227.33768089584,37.2857142857143
2022-01-12,16134,259,10501,163,5633,96,11553,164,88627,191,100180,355,0,270,1,352,285,0,"Anderson",76978,1378.31588245992,0.393959290873276,461.17072410299,336.459767725844,39.3959290873276
2022-01-13,16366,232,10652,151,5714,81,11708,155,88859,232,100567,387,4,274,0,352,285,0,"Anderson",76978,1495.2324040635,0.397905759162304,502.741042895373,301.384811244771,39.7905759162304
2022-01-14,16620,254,10795,143,5825,111,11857,149,89015,156,100872,305,2,276,1,353,285,0,"Anderson",76978,1640.72851983684,0.418050941306755,396.217100989893,329.964405414534,41.8050941306755
2022-01-15,16717,97,10854,59,5863,38,11919,62,89133,118,101052,180,1,277,2,355,285,0,"Anderson",76978,1632.93408506326,0.413719185423365,233.83304320715,126.010028839409,41.3719185423366
2022-01-16,16869,152,10982,128,5887,24,12052,133,89330,197,101382,330,0,277,1,356,285,0,"Anderson",76978,1719.97194003482,0.42340532395781,428.693912546442,197.459014263816,42.340532395781
2022-01-17,17049,180,11094,112,5955,68,12168,116,89449,119,101617,235,0,277,2,358,285,0,"Anderson",76978,1752.44875159136,0.432923832923833,305.282028631557,233.83304320715,43.2923832923833
2022-01-18,17265,216,11234,140,6031,76,12311,143,89586,137,101897,280,0,277,0,358,287,2,"Anderson",76978,1805.7107225441,0.444980694980695,363.740289433345,280.59965184858,44.4980694980695
2022-01-19,17568,303,11446,212,6122,91,12526,215,89806,220,102332,435,3,280,0,358,287,0,"Anderson",76978,1862.86991088363,0.452137546468401,565.096521083946,393.618956065369,45.2137546468402
2022-01-20,17866,298,11689,243,6177,55,12788,262,89963,157,102751,419,1,281,2,360,288,1,"Anderson",76978,1948.60869339292,0.494505494505495,544.311361687755,387.12359375406,49.4505494505495
2022-01-21,18112,246,11904,215,6208,31,13013,225,90182,219,103195,444,2,283,1,361,290,2,"Anderson",76978,1938.21611369482,0.497632371932845,576.788173244304,319.571825716438,49.7632371932845
2022-01-22,18241,129,11996,92,6245,37,13117,104,90301,119,103418,223,0,283,0,361,290,0,"Anderson",76978,1979.7864324872,0.506339814032122,289.693159084414,167.580347631791,50.6339814032122
2022-01-23,18369,128,12107,111,6262,17,13231,114,90408,107,103639,221,0,283,0,361,291,1,"Anderson",76978,1948.60869339292,0.522374833850244,287.09501415989,166.281275169529,52.2374833850244
2022-01-24,18637,268,12257,150,6380,118,13392,161,90586,178,103978,339,1,284,1,362,292,1,"Anderson",76978,2062.92707007197,0.518424396442186,440.385564706799,348.151419886201,51.8424396442186
2022-01-25,18821,184,12390,133,6431,51,13537,145,90706,120,104243,265,1,285,0,362,293,1,"Anderson",76978,2021.35675127959,0.522591645353794,344.254202499415,239.029333056198,52.2591645353794
2022-01-26,19027,206,12545,155,6482,51,13704,167,90858,152,104562,319,1,286,2,364,293,0,"Anderson",76978,1895.34672244018,0.528251121076233,414.40411546156,267.608927225961,52.8251121076233
2022-01-27,19250,223,12719,174,6531,49,13884,180,91078,220,104962,400,0,286,0,364,293,0,"Anderson",76978,1797.91628777053,0.495703301673451,519.628984904778,289.693159084414,49.5703301673451
2022-01-28,19440,190,12857,138,6583,52,14028,144,91241,163,105269,307,1,287,1,365,294,1,"Anderson",76978,1725.16822988386,0.489392478302797,398.815245914417,246.82376782977,48.9392478302797
2022-01-29,19584,144,12958,101,6626,43,14134,106,91358,117,105492,223,0,287,0,365,296,2,"Anderson",76978,1744.65431681779,0.490356798457088,289.693159084414,187.06643456572,49.0356798457088
2022-01-30,19651,67,13004,46,6647,21,14184,50,91449,91,105633,141,0,287,2,367,297,1,"Anderson",76978,1665.41089661981,0.477933801404213,183.169217178934,87.0378549715503,47.7933801404213
2022-01-31,19846,195,13124,120,6722,75,14324,140,91599,150,105923,290,4,291,1,368,299,2,"Anderson",76978,1570.57860687469,0.479177377892031,376.731014055964,253.319130141079,47.9177377892031
2022-02-01,20009,163,13219,95,6790,68,14431,107,91719,120,106150,227,1,292,1,369,299,0,"Anderson",76978,1543.29808516719,0.468799160985842,294.889448933461,211.748811348697,46.8799160985842
2022-02-02,20153,144,13306,87,6847,57,14524,93,91860,141,106384,234,1,293,0,369,300,1,"Anderson",76978,1462.75559250695,0.450054884742042,303.982956169295,187.06643456572,45.0054884742042
2022-02-03,20787,634,13398,92,7389,542,14623,99,92068,208,106691,307,2,295,1,370,302,2,"Anderson",76978,1996.67437449661,0.427414690572585,398.815245914417,823.611941074073,42.7414690572585
2022-02-04,20933,146,13508,110,7425,36,14733,110,92192,124,106925,234,0,295,0,370,305,3,"Anderson",76978,1939.51518615708,0.425724637681159,303.982956169295,189.664579490244,42.5724637681159
2022-02-05,20982,49,13534,26,7448,23,14763,30,92268,76,107031,106,0,295,0,370,306,1,"Anderson",76978,1816.1033022422,0.408706952566602,137.701680999766,63.6545506508353,40.8706952566602
2022-02-06,21041,59,13578,44,7463,15,14812,49,92342,74,107154,123,0,295,1,371,308,2,"Anderson",76978,1805.7107225441,0.412886259040105,159.785912858219,76.6452752734548,41.2886259040105
2022-02-07,21125,84,13629,51,7496,33,14868,56,92444,102,107312,158,3,298,0,371,309,1,"Anderson",76978,1661.51367923303,0.391648668106551,205.253449037387,109.122086830003,39.1648668106551
2022-02-08,21211,86,13677,48,7534,38,14926,58,92541,97,107467,155,0,298,0,371,309,0,"Anderson",76978,1561.48509963886,0.375854214123007,201.356231650601,111.720231754527,37.5854214123007
2022-02-09,21310,99,13741,64,7569,35,15000,74,92648,107,107648,181,0,298,0,371,310,1,"Anderson",76978,1503.02683883707,0.376582278481013,235.132115669412,128.608173763933,37.6582278481013
2022-02-10,21398,88,13791,50,7607,38,15054,54,92774,126,107828,180,2,300,0,371,311,1,"Anderson",76978,793.733274442048,0.379067722075638,233.83304320715,114.318376679051,37.9067722075638
2022-02-11,21458,60,13834,43,7624,17,15100,46,92876,102,107976,148,1,301,0,371,311,0,"Anderson",76978,682.013042687521,0.34919124643197,192.262724414768,77.9443477357167,34.919124643197
2022-02-12,21489,31,13857,23,7632,8,15125,25,92938,62,108063,87,0,301,1,372,311,0,"Anderson",76978,658.629738366806,0.35077519379845,113.019304216789,40.2712463301203,35.077519379845
2022-02-13,21510,21,13871,14,7639,7,15140,15,92985,47,108125,62,0,301,0,372,312,1,"Anderson",76978,609.264984800852,0.337796086508754,80.5424926602406,27.2805217075008,33.7796086508754
2022-02-14,21561,51,13898,27,7663,24,15176,36,93042,57,108218,93,1,302,0,372,312,0,"Anderson",76978,566.395593546208,0.339955849889625,120.813738990361,66.2526955753592,33.9955849889625
2022-02-15,21618,57,13937,39,7681,18,15221,45,93119,77,108340,122,0,302,0,372,313,1,"Anderson",76978,528.722492140612,0.337915234822451,158.486840395957,74.0471303489309,33.7915234822451
2022-02-16,21680,62,13970,33,7710,29,15252,31,93211,92,108463,123,0,302,0,372,313,0,"Anderson",76978,480.65681103692,0.30920245398773,159.785912858219,80.5424926602406,30.920245398773
2022-02-17,21728,48,14003,33,7725,15,15287,35,93305,94,108592,129,0,302,0,372,314,1,"Anderson",76978,428.693912546442,0.304973821989529,167.580347631791,62.3554781885734,30.4973821989529
2022-02-18,21776,48,14034,31,7742,17,15324,37,93377,72,108701,109,0,302,0,372,315,1,"Anderson",76978,413.105042999299,0.308965517241379,141.598898386552,62.3554781885734,30.8965517241379
2022-02-19,21802,26,14044,10,7758,16,15335,11,93432,55,108767,66,0,302,0,372,317,2,"Anderson",76978,406.609680687989,0.298295454545455,85.7387825092884,33.7758840188106,29.8295454545455
2022-02-20,21812,10,14047,3,7765,7,15337,2,93469,37,108806,39,0,302,0,372,317,0,"Anderson",76978,392.319883603107,0.28928046989721,50.6638260282159,12.9907246226195,28.928046989721
2022-02-21,21828,16,14056,9,7772,7,15347,10,93498,29,108845,39,0,302,2,374,318,1,"Anderson",76978,346.852347423939,0.272727272727273,50.6638260282159,20.7851593961911,27.2727272727273
2022-02-22,21863,35,14071,15,7792,20,15365,18,93575,77,108940,95,2,304,0,374,318,0,"Anderson",76978,318.272753254177,0.24,123.411883914885,45.4675361791681,24
2022-02-23,21899,36,14089,18,7810,18,15385,20,93641,66,109026,86,4,308,0,374,319,1,"Anderson",76978,284.496869235366,0.236234458259325,111.720231754527,46.76660864143,23.6234458259325
2022-02-24,21927,28,14103,14,7824,14,15402,17,93719,78,109121,95,1,309,0,374,320,1,"Anderson",76978,258.515419990127,0.217391304347826,123.411883914885,36.3740289433345,21.7391304347826
2022-02-25,21940,13,14109,6,7831,7,15408,6,93786,67,109194,73,-1,308,0,374,320,0,"Anderson",76978,213.047883810959,0.170385395537525,94.832289745122,16.8879420094053,17.0385395537525
2022-02-26,21953,13,14114,5,7839,8,15415,7,93831,45,109246,52,0,308,1,375,320,0,"Anderson",76978,196.159941801554,0.167014613778706,67.5517680376211,16.8879420094053,16.7014613778706
2022-02-27,21953,0,14114,0,7839,0,15416,1,93848,17,109264,18,0,308,0,375,320,0,"Anderson",76978,183.169217178934,0.172489082969432,23.383304320715,0,17.2489082969432
2022-02-28,21971,18,14123,9,7848,9,15428,12,93905,57,109333,69,0,308,0,375,320,0,"Anderson",76978,185.767362103458,0.165983606557377,89.6359998960742,23.383304320715,16.5983606557377
2022-03-01,21984,13,14130,7,7854,6,15436,8,93950,45,109386,53,-1,307,0,375,322,2,"Anderson",76978,157.187767933695,0.159192825112108,68.8508404998831,16.8879420094053,15.9192825112108
2022-03-02,21994,10,14136,6,7858,4,15444,8,94003,53,109447,61,2,309,0,375,323,1,"Anderson",76978,123.411883914885,0.140142517814727,79.2434201979787,12.9907246226195,14.0142517814727
2022-03-03,22004,10,14138,2,7866,8,15446,2,94047,44,109493,46,2,311,0,375,323,0,"Anderson",76978,100.02857959417,0.118279569892473,59.7573332640495,12.9907246226195,11.8279569892473
2022-03-04,22013,9,14141,3,7872,6,15451,5,94111,64,109562,69,0,311,0,375,324,1,"Anderson",76978,94.832289745122,0.116847826086957,89.6359998960742,11.6916521603575,11.6847826086957
2022-03-05,22018,5,14142,1,7876,4,15452,1,94152,41,109604,42,0,311,0,375,325,1,"Anderson",76978,84.4397100470264,0.103351955307263,54.5610434150017,6.49536231130973,10.3351955307263
2022-03-06,22020,2,14143,1,7877,1,15453,1,94176,24,109629,25,0,311,1,376,326,1,"Anderson",76978,87.0378549715503,0.101369863013699,32.4768115565486,2.59814492452389,10.1369863013699
2022-03-07,22033,13,14145,2,7888,11,15455,2,94209,33,109664,35,1,312,0,376,326,0,"Anderson",76978,80.5424926602406,0.081570996978852,45.4675361791681,16.8879420094053,8.1570996978852
2022-03-08,22084,51,14147,2,7937,49,15458,3,94239,30,109697,33,0,312,0,376,327,1,"Anderson",76978,129.907246226195,0.0707395498392283,42.8693912546442,66.2526955753592,7.07395498392283
2022-03-09,22091,7,14153,6,7938,1,15463,5,94277,38,109740,43,0,312,0,376,327,0,"Anderson",76978,126.010028839409,0.0648464163822526,55.8601158772636,9.09350723583361,6.48464163822526
2022-03-10,22096,5,14157,4,7939,1,15470,7,94323,46,109793,53,3,315,0,376,327,0,"Anderson",76978,119.514666528099,0.08,68.8508404998831,6.49536231130973,8
2022-03-11,22102,6,14157,0,7945,6,15471,1,94362,39,109833,40,1,316,1,377,327,0,"Anderson",76978,115.617449141313,0.0738007380073801,51.9628984904778,7.79443477357167,7.38007380073801
2022-03-12,22102,0,14157,0,7945,0,15471,0,94384,22,109855,22,0,316,0,377,329,2,"Anderson",76978,109.122086830003,0.0756972111553785,28.5795941697628,0,7.56972111553785
2022-03-13,22105,3,14159,2,7946,1,15472,1,94428,44,109900,45,1,317,0,377,329,0,"Anderson",76978,110.421159292265,0.0701107011070111,58.4582608017875,3.89721738678583,7.01107011070111
2022-03-14,22112,7,14163,4,7949,3,15479,7,94454,26,109933,33,2,319,1,378,329,0,"Anderson",76978,102.626724518694,0.0892193308550186,42.8693912546442,9.09350723583361,8.92193308550186
2022-03-15,22116,4,14164,1,7952,3,15479,0,94476,22,109955,22,0,319,0,378,330,1,"Anderson",76978,41.5703187923822,0.0813953488372093,28.5795941697628,5.19628984904778,8.13953488372093
2022-03-16,22118,2,14166,2,7952,0,15482,3,94500,24,109982,27,1,320,0,378,330,0,"Anderson",76978,35.0749564810725,0.0785123966942149,35.0749564810725,2.59814492452389,7.85123966942149
2022-03-17,22118,0,14166,0,7952,0,15484,2,94529,29,110013,31,0,320,0,378,330,0,"Anderson",76978,28.5795941697628,0.0636363636363636,40.2712463301203,0,6.36363636363636
2022-03-18,22120,2,14168,2,7952,0,15486,2,94573,44,110059,46,0,320,0,378,331,1,"Anderson",76978,23.383304320715,0.0663716814159292,59.7573332640495,2.59814492452389,6.63716814159292
2022-03-19,22120,0,14168,0,7952,0,15486,0,94593,20,110079,20,0,320,0,378,331,0,"Anderson",76978,23.383304320715,0.0669642857142857,25.9814492452389,0,6.69642857142857
2022-03-20,22125,5,14172,4,7953,1,15491,5,94612,19,110103,24,0,320,0,378,332,1,"Anderson",76978,25.9814492452389,0.0935960591133005,31.1777390942867,6.49536231130973,9.35960591133005
2022-03-21,22126,1,14172,0,7954,1,15491,0,94625,13,110116,13,2,322,0,378,332,0,"Anderson",76978,18.1870144716672,0.0655737704918033,16.8879420094053,1.29907246226194,6.55737704918033
2022-03-22,22126,0,14172,0,7954,0,15492,1,94631,6,110123,7,0,322,0,378,332,0,"Anderson",76978,12.9907246226194,0.0773809523809524,9.09350723583361,0,7.73809523809524
2022-03-23,22128,2,14174,2,7954,0,15494,2,94656,25,110150,27,0,322,0,378,333,1,"Anderson",76978,12.9907246226194,0.0714285714285714,35.0749564810725,2.59814492452389,7.14285714285714
2022-03-24,22129,1,14174,0,7955,1,15495,1,94672,16,110167,17,0,322,0,378,334,1,"Anderson",76978,14.2897970848814,0.0714285714285714,22.0842318584531,1.29907246226194,7.14285714285714
2022-03-25,22130,1,14175,1,7955,0,15497,2,94695,23,110192,25,0,322,0,378,334,0,"Anderson",76978,12.9907246226194,0.0827067669172932,32.4768115565486,1.29907246226194,8.27067669172932
2022-03-26,22131,1,14176,1,7955,0,15498,1,94714,19,110212,20,0,322,0,378,334,0,"Anderson",76978,14.2897970848814,0.0902255639097744,25.9814492452389,1.29907246226194,9.02255639097744
2022-03-27,22131,0,14176,0,7955,0,15498,0,94725,11,110223,11,0,322,0,378,334,0,"Anderson",76978,7.79443477357167,0.0583333333333333,14.2897970848814,0,5.83333333333333
2022-03-28,22135,4,14179,3,7956,1,15501,3,94769,44,110270,47,1,323,0,378,336,2,"Anderson",76978,11.6916521603575,0.0649350649350649,61.0564057263114,5.19628984904778,6.49350649350649
2022-03-29,22135,0,14179,0,7956,0,15501,0,94782,13,110283,13,1,324,0,378,337,1,"Anderson",76978,11.6916521603575,0.05625,16.8879420094053,0,5.625
2022-03-30,22137,2,14179,0,7958,2,15502,1,94805,23,110307,24,1,325,0,378,337,0,"Anderson",76978,11.6916521603575,0.0509554140127389,31.1777390942867,2.59814492452389,5.09554140127389
2022-03-31,22139,2,14180,1,7959,1,15503,1,94825,20,110328,21,0,325,0,378,337,0,"Anderson",76978,12.9907246226194,0.0496894409937888,27.2805217075008,2.59814492452389,4.96894409937888
2022-04-01,22142,3,14181,1,7961,2,15504,1,94862,37,110366,38,3,328,0,378,337,0,"Anderson",76978,15.5888695471433,0.0402298850574713,49.3647535659539,3.89721738678583,4.02298850574713
2022-04-02,22143,1,14182,1,7961,0,15506,2,94882,20,110388,22,0,328,0,378,337,0,"Anderson",76978,15.5888695471433,0.0454545454545455,28.5795941697628,1.29907246226194,4.54545454545455
2022-04-03,22143,0,14182,0,7961,0,15506,0,94894,12,110400,12,0,328,0,378,337,0,"Anderson",76978,15.5888695471433,0.0451977401129944,15.5888695471433,0,4.51977401129944
2022-04-04,22145,2,14183,1,7962,1,15507,1,94913,19,110420,20,0,328,0,378,337,0,"Anderson",76978,12.9907246226194,0.04,25.9814492452389,2.59814492452389,4
2022-04-05,22151,6,14184,1,7967,5,15508,1,94932,19,110440,20,3,331,0,378,338,1,"Anderson",76978,20.7851593961911,0.0445859872611465,25.9814492452389,7.79443477357167,4.45859872611465
2022-04-06,22154,3,14187,3,7967,0,15512,4,94956,24,110468,28,0,331,0,378,338,0,"Anderson",76978,22.0842318584531,0.062111801242236,36.3740289433345,3.89721738678583,6.2111801242236
2022-04-07,22157,3,14187,0,7970,3,15512,0,94979,23,110491,23,1,332,0,378,338,0,"Anderson",76978,23.383304320715,0.0552147239263804,29.8786666320247,3.89721738678583,5.52147239263804
2022-04-08,22158,1,14187,0,7971,1,15512,0,95010,31,110522,31,1,333,0,378,338,0,"Anderson",76978,20.7851593961911,0.0512820512820513,40.2712463301203,1.29907246226194,5.12820512820513
2022-04-09,22158,0,14187,0,7971,0,15512,0,95020,10,110532,10,0,333,0,378,338,0,"Anderson",76978,19.4860869339292,0.0416666666666667,12.9907246226195,0,4.16666666666667
2022-04-10,22158,0,14187,0,7971,0,15512,0,95030,10,110542,10,0,333,0,378,338,0,"Anderson",76978,19.4860869339292,0.0422535211267606,12.9907246226195,0,4.22535211267606
2022-04-11,22161,3,14187,0,7974,3,15512,0,95048,18,110560,18,0,333,0,378,338,0,"Anderson",76978,20.7851593961911,0.0357142857142857,23.383304320715,3.89721738678583,3.57142857142857
2022-04-12,22165,4,14190,3,7975,1,15516,4,95066,18,110582,22,1,334,0,378,339,1,"Anderson",76978,18.1870144716672,0.0563380281690141,28.5795941697628,5.19628984904778,5.63380281690141
2022-04-13,22168,3,14191,1,7977,2,15517,1,95088,22,110605,23,0,334,0,378,339,0,"Anderson",76978,18.1870144716672,0.0364963503649635,29.8786666320247,3.89721738678583,3.64963503649635
2022-04-14,22171,3,14191,0,7980,3,15517,0,95104,16,110621,16,0,334,0,378,339,0,"Anderson",76978,18.1870144716672,0.0384615384615385,20.7851593961911,3.89721738678583,3.84615384615385
2022-04-15,22175,4,14194,3,7981,1,15521,4,95124,20,110645,24,0,334,0,378,339,0,"Anderson",76978,22.0842318584531,0.0731707317073171,31.1777390942867,5.19628984904778,7.31707317073171
2022-04-16,22176,1,14194,0,7982,1,15521,0,95138,14,110659,14,0,334,0,378,339,0,"Anderson",76978,23.383304320715,0.0708661417322835,18.1870144716672,1.29907246226194,7.08661417322835
2022-04-17,22178,2,14194,0,7984,2,15522,1,95153,15,110675,16,0,334,0,378,339,0,"Anderson",76978,25.9814492452389,0.075187969924812,20.7851593961911,2.59814492452389,7.5187969924812
2022-04-18,22184,6,14196,2,7988,4,15524,2,95173,20,110697,22,-1,333,0,378,339,0,"Anderson",76978,29.8786666320247,0.0875912408759124,28.5795941697628,7.79443477357167,8.75912408759124
2022-04-19,22188,4,14197,1,7991,3,15525,1,95186,13,110711,14,0,333,0,378,339,0,"Anderson",76978,29.8786666320247,0.0697674418604651,18.1870144716672,5.19628984904778,6.97674418604651
2022-04-20,22194,6,14199,2,7995,4,15527,2,95219,33,110746,35,1,334,0,378,339,0,"Anderson",76978,33.7758840188106,0.0709219858156028,45.4675361791681,7.79443477357167,7.09219858156028
2022-04-21,22197,3,14200,1,7997,2,15528,1,95245,26,110773,27,0,334,0,378,339,0,"Anderson",76978,33.7758840188106,0.0723684210526316,35.0749564810725,3.89721738678583,7.23684210526316
2022-04-22,22199,2,14201,1,7998,1,15529,1,95277,32,110806,33,0,334,0,378,339,0,"Anderson",76978,31.1777390942867,0.0496894409937888,42.8693912546442,2.59814492452389,4.96894409937888
2022-04-23,22201,2,14203,2,7998,0,15530,1,95302,25,110832,26,0,334,0,378,339,0,"Anderson",76978,32.4768115565486,0.0520231213872832,33.7758840188106,2.59814492452389,5.20231213872832
2022-04-24,22204,3,14203,0,8001,3,15530,0,95319,17,110849,17,0,334,0,378,339,0,"Anderson",76978,33.7758840188106,0.0459770114942529,22.0842318584531,3.89721738678583,4.59770114942529
2022-04-25,22222,18,14205,2,8017,16,15532,2,95330,11,110862,13,0,334,0,378,340,1,"Anderson",76978,49.3647535659539,0.0484848484848485,16.8879420094053,23.383304320715,4.84848484848485
2022-04-26,22236,14,14210,5,8026,9,15538,6,95351,21,110889,27,0,334,0,378,340,0,"Anderson",76978,62.3554781885734,0.0730337078651685,35.0749564810725,18.1870144716672,7.30337078651685
2022-04-27,22250,14,14215,5,8035,9,15543,5,95387,36,110930,41,0,334,0,378,341,1,"Anderson",76978,72.7480578866689,0.0869565217391304,53.2619709527397,18.1870144716672,8.69565217391304
2022-04-28,22255,5,14217,2,8038,3,15545,2,95410,23,110955,25,0,334,0,378,341,0,"Anderson",76978,75.3462028111928,0.0934065934065934,32.4768115565486,6.49536231130973,9.34065934065934
2022-04-29,22261,6,14218,1,8043,5,15546,1,95431,21,110977,22,0,334,0,378,341,0,"Anderson",76978,80.5424926602406,0.0994152046783626,28.5795941697628,7.79443477357167,9.94152046783626
2022-04-30,22263,2,14219,1,8044,1,15546,0,95460,29,111006,29,0,334,0,378,341,0,"Anderson",76978,80.5424926602406,0.0919540229885057,37.6731014055964,2.59814492452389,9.19540229885057
2022-05-01,22265,2,14219,0,8046,2,15546,0,95468,8,111014,8,0,334,0,378,341,0,"Anderson",76978,79.2434201979786,0.096969696969697,10.3925796980956,2.59814492452389,9.6969696969697
2022-05-02,22273,8,14224,5,8049,3,15550,4,95499,31,111049,35,0,334,0,378,341,0,"Anderson",76978,66.2526955753592,0.0962566844919786,45.4675361791681,10.3925796980956,9.62566844919786
2022-05-03,22279,6,14229,5,8050,1,15555,5,95510,11,111065,16,0,334,0,378,341,0,"Anderson",76978,55.8601158772636,0.0965909090909091,20.7851593961911,7.79443477357167,9.65909090909091
2022-05-04,22291,12,14233,4,8058,8,15560,5,95534,24,111094,29,0,334,0,378,341,0,"Anderson",76978,53.2619709527397,0.103658536585366,37.6731014055964,15.5888695471433,10.3658536585366
2022-05-05,22299,8,14239,6,8060,2,15566,6,95552,18,111118,24,0,334,0,378,341,0,"Anderson",76978,57.1591883395256,0.128834355828221,31.1777390942867,10.3925796980956,12.8834355828221
2022-05-06,22300,1,14239,0,8061,1,15566,0,95576,24,111142,24,0,334,0,378,341,0,"Anderson",76978,50.6638260282159,0.121212121212121,31.1777390942867,1.29907246226194,12.1212121212121
2022-05-07,22309,9,14243,4,8066,5,15570,4,95592,16,111162,20,0,334,0,378,342,1,"Anderson",76978,59.7573332640495,0.153846153846154,25.9814492452389,11.6916521603575,15.3846153846154
2022-05-08,22310,1,14243,0,8067,1,15570,0,95606,14,111176,14,0,334,0,378,342,0,"Anderson",76978,58.4582608017875,0.148148148148148,18.1870144716672,1.29907246226194,14.8148148148148
2022-05-09,22316,6,14245,2,8071,4,15571,1,95621,15,111192,16,0,334,0,378,342,0,"Anderson",76978,55.8601158772636,0.146853146853147,20.7851593961911,7.79443477357167,14.6853146853147
2022-05-10,22326,10,14247,2,8079,8,15574,3,95653,32,111227,35,1,335,0,378,342,0,"Anderson",76978,61.0564057263114,0.117283950617284,45.4675361791681,12.9907246226195,11.7283950617284
2022-05-11,22339,13,14257,10,8082,3,15586,12,95671,18,111257,30,0,335,0,378,342,0,"Anderson",76978,62.3554781885734,0.159509202453988,38.9721738678584,16.8879420094053,15.9509202453988
2022-05-12,22345,6,14262,5,8083,1,15591,5,95699,28,111290,33,0,335,0,378,342,0,"Anderson",76978,59.7573332640495,0.145348837209302,42.8693912546442,7.79443477357167,14.5348837209302
2022-05-13,22353,8,14267,5,8086,3,15596,5,95735,36,111331,41,2,337,0,378,343,1,"Anderson",76978,68.8508404998831,0.158730158730159,53.2619709527397,10.3925796980956,15.8730158730159
2022-05-14,22356,3,14269,2,8087,1,15598,2,95744,9,111342,11,0,337,0,378,343,0,"Anderson",76978,61.0564057263114,0.155555555555556,14.2897970848814,3.89721738678583,15.5555555555556
2022-05-15,22360,4,14269,0,8091,4,15598,0,95758,14,111356,14,0,337,0,378,343,0,"Anderson",76978,64.9536231130973,0.155555555555556,18.1870144716672,5.19628984904778,15.5555555555556
2022-05-16,22370,10,14275,6,8095,4,15603,5,95781,23,111384,28,0,337,0,378,343,0,"Anderson",76978,70.149912962145,0.166666666666667,36.3740289433345,12.9907246226195,16.6666666666667
2022-05-17,22383,13,14284,9,8099,4,15613,10,95808,27,111421,37,2,339,0,378,343,0,"Anderson",76978,74.0471303489309,0.201030927835052,48.065681103692,16.8879420094053,20.1030927835052
2022-05-18,22391,8,14291,7,8100,1,15621,8,95835,27,111456,35,0,339,0,378,344,1,"Anderson",76978,67.5517680376211,0.175879396984925,45.4675361791681,10.3925796980956,17.5879396984925
2022-05-19,22401,10,14298,7,8103,3,15629,8,95862,27,111491,35,1,340,0,378,344,0,"Anderson",76978,72.7480578866689,0.189054726368159,45.4675361791681,12.9907246226195,18.9054726368159
2022-05-20,22413,12,14307,9,8106,3,15638,9,95891,29,111529,38,0,340,0,378,344,0,"Anderson",76978,77.9443477357167,0.212121212121212,49.3647535659539,15.5888695471433,21.2121212121212
2022-05-21,22419,6,14313,6,8106,0,15644,6,95917,26,111561,32,0,340,0,378,344,0,"Anderson",76978,81.8415651225025,0.210045662100457,41.5703187923822,7.79443477357167,21.0045662100457
2022-05-22,22428,9,14319,6,8109,3,15650,6,95942,25,111592,31,1,341,0,378,344,0,"Anderson",76978,88.3369274338123,0.220338983050847,40.2712463301203,11.6916521603575,22.0338983050847
2022-05-23,22439,11,14328,9,8111,2,15657,7,95975,33,111632,40,0,341,0,378,344,0,"Anderson",76978,89.6359998960742,0.217741935483871,51.9628984904778,14.2897970848814,21.7741935483871
2022-05-24,22460,21,14335,7,8125,14,15665,8,95996,21,111661,29,0,341,0,378,344,0,"Anderson",76978,100.02857959417,0.216666666666667,37.6731014055964,27.2805217075008,21.6666666666667
2022-05-25,22472,12,14341,6,8131,6,15671,6,96029,33,111700,39,1,342,0,378,344,0,"Anderson",76978,105.224869443218,0.204918032786885,50.6638260282159,15.5888695471433,20.4918032786885
2022-05-26,22489,17,14349,8,8140,9,15681,10,96070,41,111751,51,0,342,0,378,344,0,"Anderson",76978,114.318376679051,0.2,66.2526955753592,22.0842318584531,20
2022-05-27,22504,15,14358,9,8146,6,15690,9,96116,46,111806,55,0,342,0,378,344,0,"Anderson",76978,118.215594065837,0.187725631768953,71.448985424407,19.4860869339292,18.7725631768953
2022-05-28,22513,9,14364,6,8149,3,15696,6,96167,51,111863,57,0,342,0,378,344,0,"Anderson",76978,122.112811452623,0.172185430463576,74.0471303489309,11.6916521603575,17.2185430463576
2022-05-29,22521,8,14366,2,8155,6,15698,2,96189,22,111887,24,0,342,0,378,344,0,"Anderson",76978,120.813738990361,0.16271186440678,31.1777390942867,10.3925796980956,16.271186440678
2022-05-30,22526,5,14367,1,8159,4,15700,2,96204,15,111904,17,0,342,0,378,344,0,"Anderson",76978,113.019304216789,0.158088235294118,22.0842318584531,6.49536231130973,15.8088235294118
2022-05-31,22541,15,14374,7,8167,8,15706,6,96231,27,111937,33,0,342,0,378,344,0,"Anderson",76978,105.224869443218,0.148550724637681,42.8693912546442,19.4860869339292,14.8550724637681
2022-06-01,22565,24,14387,13,8178,11,15723,17,96258,27,111981,44,0,342,0,378,344,0,"Anderson",76978,120.813738990361,0.185053380782918,57.1591883395256,31.1777390942867,18.5053380782918
2022-06-02,22582,17,14396,9,8186,8,15731,8,96282,24,112013,32,0,342,0,378,344,0,"Anderson",76978,120.813738990361,0.190839694656489,41.5703187923822,22.0842318584531,19.0839694656489
2022-06-03,22596,14,14404,8,8192,6,15740,9,96332,50,112072,59,0,342,0,378,344,0,"Anderson",76978,119.514666528099,0.18796992481203,76.6452752734548,18.1870144716672,18.796992481203
2022-06-04,22603,7,14409,5,8194,2,15746,6,96361,29,112107,35,0,342,0,378,344,0,"Anderson",76978,116.916521603575,0.204918032786885,45.4675361791681,9.09350723583361,20.4918032786885
2022-06-05,22613,10,14416,7,8197,3,15754,8,96378,17,112132,25,0,342,0,378,344,0,"Anderson",76978,119.514666528099,0.228571428571429,32.4768115565486,12.9907246226195,22.8571428571429
2022-06-06,22639,26,14429,13,8210,13,15767,13,96401,23,112168,36,0,342,0,378,345,1,"Anderson",76978,146.7951882356,0.253787878787879,46.76660864143,33.7758840188106,25.3787878787879
2022-06-07,22661,22,14437,8,8224,14,15775,8,96421,20,112196,28,0,342,0,378,345,0,"Anderson",76978,155.888695471433,0.266409266409266,36.3740289433345,28.5795941697628,26.6409266409266
2022-06-08,22684,23,14452,15,8232,8,15793,18,96470,49,112263,67,0,342,0,378,345,0,"Anderson",76978,154.589623009171,0.24822695035461,87.0378549715503,29.8786666320247,24.822695035461
2022-06-09,22702,18,14464,12,8238,6,15806,13,96505,35,112311,48,0,342,1,379,346,1,"Anderson",76978,155.888695471433,0.251677852348993,62.3554781885734,23.383304320715,25.1677852348993
2022-06-10,22725,23,14480,16,8245,7,15823,17,96566,61,112389,78,0,342,0,379,346,0,"Anderson",76978,167.580347631791,0.261829652996845,101.327652056432,29.8786666320247,26.1829652996845
2022-06-11,22734,9,14484,4,8250,5,15828,5,96584,18,112412,23,0,342,0,379,346,0,"Anderson",76978,170.178492556315,0.268852459016393,29.8786666320247,11.6916521603575,26.8852459016393
2022-06-12,22742,8,14486,2,8256,6,15830,2,96598,14,112428,16,0,342,0,379,346,0,"Anderson",76978,167.580347631791,0.256756756756757,20.7851593961911,10.3925796980956,25.6756756756757
2022-06-13,22759,17,14492,6,8267,11,15836,6,96622,24,112458,30,0,342,0,379,346,0,"Anderson",76978,155.888695471433,0.237931034482759,38.9721738678584,22.0842318584531,23.7931034482759
2022-06-14,22789,30,14506,14,8283,16,15852,16,96659,37,112511,53,1,343,0,379,347,1,"Anderson",76978,166.281275169529,0.244444444444444,68.8508404998831,38.9721738678584,24.4444444444444
2022-06-15,22806,17,14518,12,8288,5,15866,14,96682,23,112548,37,1,344,0,379,347,0,"Anderson",76978,158.486840395957,0.256140350877193,48.065681103692,22.0842318584531,25.6140350877193
2022-06-16,22831,25,14530,12,8301,13,15877,11,96710,28,112587,39,1,345,0,379,347,0,"Anderson",76978,167.580347631791,0.257246376811594,50.6638260282159,32.4768115565486,25.7246376811594
2022-06-17,22853,22,14542,12,8311,10,15892,15,96733,23,112625,38,0,345,0,379,348,1,"Anderson",76978,166.281275169529,0.292372881355932,49.3647535659539,28.5795941697628,29.2372881355932
2022-06-18,22864,11,14550,8,8314,3,15901,9,96756,23,112657,32,1,346,0,379,348,0,"Anderson",76978,168.879420094053,0.297959183673469,41.5703187923822,14.2897970848814,29.7959183673469
2022-06-19,22879,15,14555,5,8324,10,15906,5,96774,18,112680,23,0,346,0,379,348,0,"Anderson",76978,177.972927329886,0.301587301587302,29.8786666320247,19.4860869339292,30.1587301587302
2022-06-20,22891,12,14559,4,8332,8,15913,7,96790,16,112703,23,0,346,0,379,348,0,"Anderson",76978,171.477565018577,0.314285714285714,29.8786666320247,15.5888695471433,31.4285714285714
2022-06-21,22916,25,14568,9,8348,16,15920,7,96802,12,112722,19,0,346,0,379,348,0,"Anderson",76978,164.982202707267,0.322274881516588,24.682376782977,32.4768115565486,32.2274881516588
2022-06-22,22956,40,14598,30,8358,10,15950,30,96852,50,112802,80,0,346,0,379,348,0,"Anderson",76978,194.860869339292,0.330708661417323,103.925796980956,51.9628984904778,33.0708661417323
2022-06-23,22974,18,14609,11,8365,7,15964,14,96875,23,112839,37,0,346,0,379,349,1,"Anderson",76978,185.767362103458,0.345238095238095,48.065681103692,23.383304320715,34.5238095238095
2022-06-24,23007,33,14620,11,8387,22,15976,12,96908,33,112884,45,0,346,0,379,349,0,"Anderson",76978,200.05715918834,0.324324324324324,58.4582608017875,42.8693912546442,32.4324324324324
2022-06-25,23018,11,14623,3,8395,8,15982,6,96937,29,112919,35,0,346,0,379,349,0,"Anderson",76978,200.05715918834,0.309160305343511,45.4675361791681,14.2897970848814,30.9160305343511
2022-06-26,23028,10,14629,6,8399,4,15987,5,96963,26,112950,31,0,346,0,379,349,0,"Anderson",76978,193.56179687703,0.3,40.2712463301203,12.9907246226195,30
2022-06-27,23051,23,14641,12,8410,11,15999,12,96979,16,112978,28,1,347,0,379,349,0,"Anderson",76978,207.851593961911,0.312727272727273,36.3740289433345,29.8786666320247,31.2727272727273
2022-06-28,23081,30,14657,16,8424,14,16015,16,97008,29,113023,45,1,348,0,379,349,0,"Anderson",76978,214.346956273221,0.315614617940199,58.4582608017875,38.9721738678584,31.5614617940199
2022-06-29,23103,22,14666,9,8437,13,16026,11,97050,42,113076,53,1,349,0,379,349,0,"Anderson",76978,190.963651952506,0.277372262773723,68.8508404998831,28.5795941697628,27.7372262773723
2022-06-30,23139,36,14678,12,8461,24,16039,13,97095,45,113134,58,0,349,0,379,349,0,"Anderson",76978,214.346956273221,0.254237288135593,75.3462028111928,46.76660864143,25.4237288135593
2022-07-01,23161,22,14690,12,8471,10,16052,13,97135,40,113187,53,0,349,0,379,349,0,"Anderson",76978,200.05715918834,0.250825082508251,68.8508404998831,28.5795941697628,25.0825082508251
2022-07-02,23189,28,14704,14,8485,14,16067,15,97155,20,113222,35,0,349,0,379,349,0,"Anderson",76978,222.141391046793,0.280528052805281,45.4675361791681,36.3740289433345,28.0528052805281
2022-07-03,23200,11,14710,6,8490,5,16073,6,97172,17,113245,23,0,349,0,379,349,0,"Anderson",76978,223.440463509055,0.291525423728814,29.8786666320247,14.2897970848814,29.1525423728814
2022-07-04,23216,16,14715,5,8501,11,16078,5,97180,8,113258,13,0,349,0,379,350,1,"Anderson",76978,214.346956273221,0.282142857142857,16.8879420094053,20.7851593961911,28.2142857142857
2022-07-05,23237,21,14725,10,8512,11,16089,11,97205,25,113294,36,0,349,0,379,351,1,"Anderson",76978,202.655304112863,0.273062730627306,46.76660864143,27.2805217075008,27.3062730627306
2022-07-06,23251,14,14731,6,8520,8,16096,7,97234,29,113330,36,0,349,0,379,351,0,"Anderson",76978,192.262724414768,0.275590551181102,46.76660864143,18.1870144716672,27.5590551181102
2022-07-07,23283,32,14746,15,8537,17,16111,15,97260,26,113371,41,0,349,0,379,351,0,"Anderson",76978,187.06643456572,0.30379746835443,53.2619709527397,41.5703187923822,30.379746835443
2022-07-08,23317,34,14757,11,8560,23,16121,10,97287,27,113408,37,0,349,0,379,351,0,"Anderson",76978,202.655304112863,0.312217194570136,48.065681103692,44.1684637169061,31.2217194570136
2022-07-09,23345,28,14762,5,8583,23,16126,5,97301,14,113427,19,0,349,0,379,351,0,"Anderson",76978,202.655304112863,0.28780487804878,24.682376782977,36.3740289433345,28.780487804878
2022-07-10,23364,19,14766,4,8598,15,16129,3,97307,6,113436,9,0,349,0,379,351,0,"Anderson",76978,213.047883810959,0.293193717277487,11.6916521603575,24.682376782977,29.3193717277487
2022-07-11,23387,23,14776,10,8611,13,16142,13,97345,38,113487,51,0,349,0,379,351,0,"Anderson",76978,222.141391046793,0.279475982532751,66.2526955753592,29.8786666320247,27.9475982532751
2022-07-12,23432,45,14794,18,8638,27,16161,19,97379,34,113540,53,0,349,0,379,351,0,"Anderson",76978,253.319130141079,0.292682926829268,68.8508404998831,58.4582608017875,29.2682926829268
2022-07-13,23469,37,14812,18,8657,19,16180,19,97426,47,113606,66,0,349,0,379,352,1,"Anderson",76978,283.197796773104,0.304347826086957,85.7387825092884,48.065681103692,30.4347826086957
2022-07-14,23510,41,14824,12,8686,29,16192,12,97448,22,113640,34,0,349,1,380,352,0,"Anderson",76978,294.889448933461,0.301115241635688,44.1684637169061,53.2619709527397,30.1115241635688
2022-07-15,23542,32,14840,16,8702,16,16208,16,97474,26,113682,42,0,349,0,380,352,0,"Anderson",76978,292.291304008938,0.317518248175182,54.5610434150017,41.5703187923822,31.7518248175182
2022-07-16,23564,22,14847,7,8717,15,16215,7,97483,9,113698,16,0,349,0,380,352,0,"Anderson",76978,284.496869235366,0.328413284132841,20.7851593961911,28.5795941697628,32.8413284132841
2022-07-17,23574,10,14851,4,8723,6,16218,3,97495,12,113713,15,0,349,0,380,352,0,"Anderson",76978,272.805217075008,0.32129963898917,19.4860869339292,12.9907246226195,32.129963898917
2022-07-18,23620,46,14872,21,8748,25,16239,21,97545,50,113784,71,0,349,0,380,352,0,"Anderson",76978,302.683883707033,0.326599326599327,92.2341448205981,59.7573332640495,32.6599326599327
2022-07-19,23670,50,14895,23,8775,27,16265,26,97561,16,113826,42,3,352,0,380,352,0,"Anderson",76978,309.179246018343,0.363636363636364,54.5610434150017,64.9536231130973,36.3636363636364
2022-07-20,23706,36,14911,16,8795,20,16281,16,97591,30,113872,46,0,352,0,380,352,0,"Anderson",76978,307.880173556081,0.379699248120301,59.7573332640495,46.76660864143,37.9699248120301
2022-07-21,23749,43,14940,29,8809,14,16311,30,97643,52,113954,82,0,352,0,380,353,1,"Anderson",76978,310.478318480605,0.378980891719745,106.523941905479,55.8601158772636,37.8980891719745
2022-07-22,23787,38,14954,14,8833,24,16326,15,97678,35,114004,50,0,352,0,380,354,1,"Anderson",76978,318.272753254177,0.366459627329193,64.9536231130973,49.3647535659539,36.6459627329193
2022-07-23,23797,10,14957,3,8840,7,16330,4,97689,11,114019,15,0,352,0,380,354,0,"Anderson",76978,302.683883707033,0.358255451713396,19.4860869339292,12.9907246226195,35.8255451713396
2022-07-24,23820,23,14966,9,8854,14,16339,9,97703,14,114042,23,0,352,0,380,354,0,"Anderson",76978,319.571825716438,0.367781155015198,29.8786666320247,29.8786666320247,36.7781155015198
2022-07-25,23866,46,14992,26,8874,20,16366,27,97735,32,114101,59,0,352,0,380,354,0,"Anderson",76978,319.571825716438,0.400630914826498,76.6452752734548,59.7573332640495,40.0630914826498
2022-07-26,23913,47,15016,24,8897,23,16390,24,97768,33,114158,57,0,352,0,380,355,1,"Anderson",76978,315.674608329653,0.376506024096386,74.0471303489309,61.0564057263114,37.6506024096386
2022-07-27,23956,43,15034,18,8922,25,16411,21,97810,42,114221,63,0,352,0,380,355,0,"Anderson",76978,324.768115565486,0.372492836676218,81.8415651225025,55.8601158772636,37.2492836676218
2022-07-28,23992,36,15051,17,8941,19,16429,18,97849,39,114278,57,0,352,0,380,355,0,"Anderson",76978,315.674608329653,0.364197530864198,74.0471303489309,46.76660864143,36.4197530864198
2022-07-29,24025,33,15072,21,8953,12,16450,21,97884,35,114334,56,0,352,0,380,355,0,"Anderson",76978,309.179246018343,0.375757575757576,72.7480578866689,42.8693912546442,37.5757575757576
2022-07-30,24049,24,15086,14,8963,10,16464,14,97900,16,114364,30,0,352,0,380,355,0,"Anderson",76978,327.36626049001,0.388405797101449,38.9721738678584,31.1777390942867,38.8405797101449
2022-07-31,24055,6,15089,3,8966,3,16469,5,97916,16,114385,21,0,352,0,380,356,1,"Anderson",76978,305.282028631557,0.379008746355685,27.2805217075008,7.79443477357167,37.9008746355685
2022-08-01,24090,35,15105,16,8985,19,16487,18,97935,19,114422,37,0,352,0,380,356,0,"Anderson",76978,290.992231546676,0.376947040498442,48.065681103692,45.4675361791681,37.6947040498442
2022-08-02,24148,58,15150,45,8998,13,16531,44,97971,36,114502,80,1,353,0,380,356,0,"Anderson",76978,305.282028631557,0.409883720930233,103.925796980956,75.3462028111928,40.9883720930233
2022-08-03,24181,33,15169,19,9012,14,16554,23,98007,36,114561,59,0,353,0,380,357,1,"Anderson",76978,292.291304008938,0.420588235294118,76.6452752734548,42.8693912546442,42.0588235294118
2022-08-04,24222,41,15197,28,9025,13,16587,33,98102,95,114689,128,1,354,0,380,357,0,"Anderson",76978,298.786666320247,0.384428223844282,166.281275169529,53.2619709527397,38.4428223844282
2022-08-05,24254,32,15219,22,9035,10,16608,21,98134,32,114742,53,0,354,0,380,357,0,"Anderson",76978,297.487593857985,0.387254901960784,68.8508404998831,41.5703187923822,38.7254901960784
2022-08-06,24272,18,15227,8,9045,10,16616,8,98149,15,114765,23,0,354,0,380,357,0,"Anderson",76978,289.693159084414,0.379052369077307,29.8786666320247,23.383304320715,37.9052369077307
2022-08-07,24288,16,15237,10,9051,6,16626,10,98165,16,114791,26,0,354,0,380,357,0,"Anderson",76978,302.683883707033,0.386699507389163,33.7758840188106,20.7851593961911,38.6699507389163
2022-08-08,24345,57,15266,29,9079,28,16654,28,98177,12,114831,40,0,354,0,380,358,1,"Anderson",76978,331.263477876796,0.408312958435208,51.9628984904778,74.0471303489309,40.8312958435208
2022-08-09,24376,31,15284,18,9092,13,16673,19,98227,50,114900,69,3,357,0,380,359,1,"Anderson",76978,296.188521395723,0.35678391959799,89.6359998960742,40.2712463301203,35.678391959799
2022-08-10,24414,38,15310,26,9104,12,16702,29,98259,32,114961,61,0,357,0,380,359,0,"Anderson",76978,302.683883707033,0.37,79.2434201979787,49.3647535659539,37
2022-08-11,24448,34,15334,24,9114,10,16727,25,98290,31,115017,56,0,357,0,380,359,0,"Anderson",76978,293.5903764712,0.426829268292683,72.7480578866689,44.1684637169061,42.6829268292683
2022-08-12,24486,38,15356,22,9130,16,16751,24,98329,39,115080,63,0,357,0,380,360,1,"Anderson",76978,301.384811244771,0.423076923076923,81.8415651225025,49.3647535659539,42.3076923076923
2022-08-13,24503,17,15366,10,9137,7,16762,11,98359,30,115121,41,0,357,0,380,361,1,"Anderson",76978,300.085738782509,0.410112359550562,53.2619709527397,22.0842318584531,41.0112359550562
2022-08-14,24515,12,15374,8,9141,4,16770,8,98379,20,115149,28,0,357,0,380,361,0,"Anderson",76978,294.889448933461,0.402234636871508,36.3740289433345,15.5888695471433,40.2234636871508
2022-08-15,24568,53,15400,26,9168,27,16797,27,98401,22,115198,49,0,357,0,380,362,1,"Anderson",76978,289.693159084414,0.389645776566757,63.6545506508353,68.8508404998831,38.9645776566758
2022-08-16,24617,49,15430,30,9187,19,16829,32,98433,32,115262,64,1,358,0,380,362,0,"Anderson",76978,313.076463405129,0.430939226519337,83.1406375847645,63.6545506508353,43.0939226519337
2022-08-17,24663,46,15457,27,9206,19,16855,26,98466,33,115321,59,0,358,0,380,362,0,"Anderson",76978,323.469043103224,0.425,76.6452752734548,59.7573332640495,42.5
2022-08-18,24947,284,15500,43,9447,241,16897,42,98510,44,115407,86,0,358,0,380,362,0,"Anderson",76978,648.23715866871,0.435897435897436,111.720231754527,368.936579282392,43.5897435897436
2022-08-19,24979,32,15515,15,9464,17,16913,16,98547,37,115460,53,0,358,0,380,362,0,"Anderson",76978,640.442723895139,0.426315789473684,68.8508404998831,41.5703187923822,42.6315789473684
2022-08-20,24993,14,15522,7,9471,7,16921,8,98576,29,115497,37,0,358,0,380,362,0,"Anderson",76978,636.545506508353,0.422872340425532,48.065681103692,18.1870144716672,42.2872340425532
2022-08-21,25007,14,15528,6,9479,8,16928,7,98607,31,115535,38,0,358,0,380,362,0,"Anderson",76978,639.143651432877,0.409326424870466,49.3647535659539,18.1870144716672,40.9326424870466
2022-08-22,25071,64,15553,25,9518,39,16953,25,98644,37,115597,62,0,358,0,380,363,1,"Anderson",76978,653.433448517758,0.390977443609023,80.5424926602406,83.1406375847645,39.0977443609023
2022-08-23,25151,80,15585,32,9566,48,16986,33,98676,32,115662,65,3,361,0,380,364,1,"Anderson",76978,693.704694847879,0.3925,84.4397100470264,103.925796980956,39.25
2022-08-24,25216,65,15608,23,9608,42,17012,26,98714,38,115726,64,0,361,0,380,364,0,"Anderson",76978,718.387071630856,0.387654320987654,83.1406375847645,84.4397100470264,38.7654320987654
2022-08-25,25260,44,15631,23,9629,21,17037,25,98753,39,115790,64,1,362,0,380,365,1,"Anderson",76978,406.609680687989,0.365535248041775,83.1406375847645,57.1591883395256,36.5535248041775
2022-08-26,25292,32,15646,15,9646,17,17053,16,98810,57,115863,73,0,362,0,380,365,0,"Anderson",76978,406.609680687989,0.347394540942928,94.832289745122,41.5703187923822,34.7394540942928
2022-08-27,25332,40,15655,9,9677,31,17062,9,98846,36,115908,45,0,362,0,380,365,0,"Anderson",76978,440.385564706799,0.343065693430657,58.4582608017875,51.9628984904778,34.3065693430657
2022-08-28,25341,9,15659,4,9682,5,17066,4,98874,28,115940,32,0,362,0,380,365,0,"Anderson",76978,433.89020239549,0.340740740740741,41.5703187923822,11.6916521603575,34.0740740740741
2022-08-29,25376,35,15673,14,9703,21,17082,16,98885,11,115967,27,0,362,0,380,366,1,"Anderson",76978,396.217100989893,0.348648648648649,35.0749564810725,45.4675361791681,34.8648648648649
2022-08-30,25421,45,15689,16,9732,29,17099,17,98901,16,116000,33,2,364,0,380,366,0,"Anderson",76978,350.749564810725,0.334319526627219,42.8693912546442,58.4582608017875,33.4319526627219
2022-08-31,25468,47,15720,31,9748,16,17132,33,98950,49,116082,82,0,364,0,380,366,0,"Anderson",76978,327.36626049001,0.337078651685393,106.523941905479,61.0564057263114,33.7078651685393
2022-09-01,25498,30,15734,14,9764,16,17147,15,98978,28,116125,43,1,365,0,380,366,0,"Anderson",76978,309.179246018343,0.328358208955224,55.8601158772636,38.9721738678584,32.8358208955224
2022-09-02,25525,27,15748,14,9777,13,17161,14,99022,44,116183,58,0,365,0,380,366,0,"Anderson",76978,302.683883707033,0.3375,75.3462028111928,35.0749564810725,33.75
2022-09-03,25545,20,15759,11,9786,9,17172,11,99042,20,116214,31,0,365,0,380,367,1,"Anderson",76978,276.702434461794,0.359477124183007,40.2712463301203,25.9814492452389,35.9477124183007
2022-09-04,25557,12,15761,2,9796,10,17174,2,99056,14,116230,16,0,365,0,380,367,0,"Anderson",76978,280.59965184858,0.372413793103448,20.7851593961911,15.5888695471433,37.2413793103448
2022-09-05,25566,9,15763,2,9803,7,17176,2,99070,14,116246,16,0,365,0,380,367,0,"Anderson",76978,246.82376782977,0.336917562724014,20.7851593961911,11.6916521603575,33.6917562724014
2022-09-06,25602,36,15775,12,9827,24,17188,12,99087,17,116275,29,0,365,0,380,367,0,"Anderson",76978,235.132115669412,0.323636363636364,37.6731014055964,46.76660864143,32.3636363636364
2022-09-07,25641,39,15790,15,9851,24,17204,16,99121,34,116325,50,0,365,0,380,367,0,"Anderson",76978,224.739535971316,0.296296296296296,64.9536231130973,50.6638260282159,29.6296296296296
2022-09-08,25663,22,15799,9,9864,13,17213,9,99139,18,116352,27,0,365,0,380,368,1,"Anderson",76978,214.346956273221,0.290748898678414,35.0749564810725,28.5795941697628,29.0748898678414
2022-09-09,25677,14,15806,7,9871,7,17220,7,99184,45,116404,52,0,365,0,380,369,1,"Anderson",76978,197.459014263816,0.266968325791855,67.5517680376211,18.1870144716672,26.6968325791855
2022-09-10,25692,15,15813,7,9879,8,17229,9,99204,20,116433,29,0,365,0,380,369,0,"Anderson",76978,190.963651952506,0.26027397260274,37.6731014055964,19.4860869339292,26.027397260274
2022-09-11,25699,7,15815,2,9884,5,17232,3,99218,14,116450,17,0,365,0,380,369,0,"Anderson",76978,184.468289641196,0.263636363636364,22.0842318584531,9.09350723583361,26.3636363636364
2022-09-12,25712,13,15820,5,9892,8,17238,6,99230,12,116468,18,0,365,0,380,369,0,"Anderson",76978,189.664579490244,0.279279279279279,23.383304320715,16.8879420094053,27.9279279279279
2022-09-13,25738,26,15832,12,9906,14,17251,13,99252,22,116503,35,0,365,0,380,369,0,"Anderson",76978,176.673854867625,0.276315789473684,45.4675361791681,33.7758840188106,27.6315789473684
2022-09-14,25755,17,15840,8,9915,9,17259,8,99278,26,116537,34,1,366,0,380,369,0,"Anderson",76978,148.094260697862,0.259433962264151,44.1684637169061,22.0842318584531,25.9433962264151
2022-09-15,25813,58,15857,17,9956,41,17277,18,99320,42,116597,60,2,368,0,380,369,0,"Anderson",76978,194.860869339292,0.261224489795918,77.9443477357167,75.3462028111928,26.1224489795918
2022-09-16,25829,16,15861,4,9968,12,17281,4,99366,46,116647,50,0,368,0,380,369,0,"Anderson",76978,197.459014263816,0.251028806584362,64.9536231130973,20.7851593961911,25.1028806584362
2022-09-17,25839,10,15862,1,9977,9,17284,3,99379,13,116663,16,0,368,0,380,369,0,"Anderson",76978,190.963651952506,0.239130434782609,20.7851593961911,12.9907246226195,23.9130434782609
2022-09-18,25847,8,15863,1,9984,7,17285,1,99384,5,116669,6,0,368,0,380,369,0,"Anderson",76978,192.262724414768,0.242009132420091,7.79443477357167,10.3925796980956,24.2009132420091
2022-09-19,25863,16,15866,3,9997,13,17289,4,99404,20,116693,24,0,368,0,380,370,1,"Anderson",76978,196.159941801554,0.226666666666667,31.1777390942867,20.7851593961911,22.6666666666667
2022-09-20,25869,6,15871,5,9998,1,17295,6,99413,9,116708,15,0,368,0,380,370,0,"Anderson",76978,170.178492556315,0.214634146341463,19.4860869339292,7.79443477357167,21.4634146341463
2022-09-21,25879,10,15873,2,10006,8,17297,2,99436,23,116733,25,1,369,0,380,370,0,"Anderson",76978,161.084985320481,0.193877551020408,32.4768115565486,12.9907246226195,19.3877551020408
2022-09-22,25895,16,15879,6,10016,10,17303,6,99472,36,116775,42,0,369,0,380,370,0,"Anderson",76978,106.523941905479,0.146067415730337,54.5610434150017,20.7851593961911,14.6067415730337
2022-09-23,25916,21,15891,12,10025,9,17316,13,99517,45,116833,58,0,369,0,380,370,0,"Anderson",76978,113.019304216789,0.188172043010753,75.3462028111928,27.2805217075008,18.8172043010753
2022-09-24,25921,5,15894,3,10027,2,17319,3,99534,17,116853,20,0,369,0,380,370,0,"Anderson",76978,106.523941905479,0.184210526315789,25.9814492452389,6.49536231130973,18.4210526315789
2022-09-25,25926,5,15896,2,10030,3,17321,2,99549,15,116870,17,0,369,0,380,370,0,"Anderson",76978,102.626724518694,0.17910447761194,22.0842318584531,6.49536231130973,17.910447761194
2022-09-26,25941,15,15902,6,10039,9,17328,7,99560,11,116888,18,0,369,0,380,370,0,"Anderson",76978,101.327652056432,0.2,23.383304320715,19.4860869339292,20
2022-09-27,25948,7,15903,1,10045,6,17330,2,99581,21,116911,23,0,369,0,380,370,0,"Anderson",76978,102.626724518694,0.172413793103448,29.8786666320247,9.09350723583361,17.2413793103448
2022-09-28,25964,16,15907,4,10057,12,17335,5,99624,43,116959,48,1,370,0,380,370,0,"Anderson",76978,110.421159292265,0.168141592920354,62.3554781885734,20.7851593961911,16.8141592920354
2022-09-29,25974,10,15915,8,10059,2,17343,8,99646,22,116989,30,0,370,0,380,370,0,"Anderson",76978,102.626724518694,0.186915887850467,38.9721738678584,12.9907246226195,18.6915887850467
2022-09-30,25982,8,15919,4,10063,4,17347,4,99680,34,117027,38,0,370,0,380,370,0,"Anderson",76978,85.7387825092884,0.15979381443299,49.3647535659539,10.3925796980956,15.979381443299
2022-10-01,25987,5,15919,0,10068,5,17347,0,99684,4,117031,4,0,370,0,380,370,0,"Anderson",76978,85.7387825092884,0.157303370786517,5.19628984904778,6.49536231130973,15.7303370786517
2022-10-02,25989,2,15920,1,10069,1,17348,1,99687,3,117035,4,0,370,0,380,370,0,"Anderson",76978,81.8415651225025,0.163636363636364,5.19628984904778,2.59814492452389,16.3636363636364
2022-10-03,26000,11,15923,3,10077,8,17352,4,99693,6,117045,10,0,370,0,380,370,0,"Anderson",76978,76.6452752734548,0.152866242038217,12.9907246226195,14.2897970848814,15.2866242038217
2022-10-04,26002,2,15923,0,10079,2,17352,0,99730,37,117082,37,0,370,0,380,370,0,"Anderson",76978,70.149912962145,0.128654970760234,48.065681103692,2.59814492452389,12.8654970760234
2022-10-05,26007,5,15925,2,10082,3,17355,3,99746,16,117101,19,0,370,0,380,370,0,"Anderson",76978,55.8601158772636,0.140845070422535,24.682376782977,6.49536231130973,14.0845070422535
2022-10-06,26020,13,15932,7,10088,6,17363,8,99771,25,117134,33,0,370,0,380,370,0,"Anderson",76978,59.7573332640495,0.137931034482759,42.8693912546442,16.8879420094053,13.7931034482759
2022-10-07,26036,16,15943,11,10093,5,17374,11,99793,22,117167,33,0,370,0,380,370,0,"Anderson",76978,70.149912962145,0.192857142857143,42.8693912546442,20.7851593961911,19.2857142857143
2022-10-08,26036,0,15943,0,10093,0,17374,0,99811,18,117185,18,0,370,0,380,370,0,"Anderson",76978,63.6545506508353,0.175324675324675,23.383304320715,0,17.5324675324675
2022-10-09,26038,2,15944,1,10094,1,17375,1,99822,11,117197,12,0,370,0,380,370,0,"Anderson",76978,63.6545506508353,0.166666666666667,15.5888695471433,2.59814492452389,16.6666666666667
2022-10-10,26043,5,15946,2,10097,3,17377,2,99837,15,117214,17,0,370,0,380,370,0,"Anderson",76978,55.8601158772636,0.14792899408284,22.0842318584531,6.49536231130973,14.792899408284
2022-10-11,26056,13,15952,6,10104,7,17383,6,99871,34,117254,40,0,370,0,380,370,0,"Anderson",76978,70.149912962145,0.180232558139535,51.9628984904778,16.8879420094053,18.0232558139535
2022-10-12,26066,10,15955,3,10111,7,17386,3,99888,17,117274,20,0,370,0,380,370,0,"Anderson",76978,76.6452752734548,0.179190751445087,25.9814492452389,12.9907246226195,17.9190751445087
2022-10-13,26073,7,15960,5,10113,2,17391,5,99903,15,117294,20,0,370,0,380,370,0,"Anderson",76978,68.8508404998831,0.175,25.9814492452389,9.09350723583361,17.5
2022-10-14,26078,5,15961,1,10117,4,17392,1,99920,17,117312,18,0,370,0,380,370,0,"Anderson",76978,54.5610434150017,0.124137931034483,23.383304320715,6.49536231130973,12.4137931034483
2022-10-15,26081,3,15962,1,10119,2,17393,1,99932,12,117325,13,0,370,0,380,370,0,"Anderson",76978,58.4582608017875,0.135714285714286,16.8879420094053,3.89721738678583,13.5714285714286
2020-03-12,1,1,1,1,0,0,1,1,11,11,12,12,0,0,0,0,0,0,"East TN",2455501,NA,NA,0.488698640318208,0.040724886693184,NA
2020-03-13,1,0,1,0,0,0,1,0,23,12,24,12,0,0,0,0,0,0,"East TN",2455501,NA,NA,0.488698640318208,0,NA
2020-03-14,3,2,3,2,0,0,3,2,50,27,53,29,0,0,0,0,0,0,"East TN",2455501,NA,NA,1.18102171410234,0.081449773386368,NA
2020-03-15,3,0,3,0,0,0,3,0,53,3,56,3,0,0,0,0,0,0,"East TN",2455501,NA,NA,0.122174660079552,0,NA
2020-03-16,5,2,5,2,0,0,5,2,89,36,94,38,0,0,0,0,0,0,"East TN",2455501,NA,NA,1.54754569434099,0.081449773386368,NA
2020-03-17,6,1,6,1,0,0,5,0,130,41,135,41,0,0,0,0,0,0,"East TN",2455501,NA,NA,1.66972035442054,0.040724886693184,NA
2020-03-18,8,2,8,2,0,0,7,2,171,41,178,43,0,0,0,0,0,0,"East TN",2455501,0.325799093545472,0.0393258426966292,1.75117012780691,0.081449773386368,3.93258426966292
2020-03-19,11,3,11,3,0,0,11,4,238,67,249,71,0,0,0,0,0,0,"East TN",2455501,0.40724886693184,0.0421940928270042,2.89146695521606,0.122174660079552,4.21940928270042
2020-03-20,29,18,29,18,0,0,27,16,382,144,409,160,0,0,2,2,0,0,"East TN",2455501,1.14029682740915,0.0675324675324675,6.51598187090944,0.733047960477312,6.75324675324675
2020-03-21,38,9,38,9,0,0,38,11,610,228,648,239,0,0,1,3,1,1,"East TN",2455501,1.42537103426144,0.0588235294117647,9.73324791967098,0.366523980238656,5.88235294117647
2020-03-22,48,10,47,9,1,1,43,5,713,103,756,108,0,0,4,7,2,1,"East TN",2455501,1.83261990119328,0.0571428571428571,4.39828776286387,0.40724886693184,5.71428571428571
2020-03-23,64,16,63,16,1,0,56,13,846,133,902,146,0,0,4,11,2,0,"East TN",2455501,2.40276831489786,0.0631188118811881,5.94583345720486,0.651598187090944,6.31188118811881
2020-03-24,83,19,82,19,1,0,70,14,987,141,1057,155,0,0,5,16,2,0,"East TN",2455501,3.13581627537517,0.0704989154013015,6.31235743744352,0.773772847170496,7.04989154013015
2020-03-25,116,33,115,33,1,0,99,29,1288,301,1387,330,0,0,12,28,3,1,"East TN",2455501,4.39828776286387,0.076095947063689,13.4392126087507,1.34392126087507,7.6095947063689
2020-03-26,144,28,143,28,1,0,130,31,1774,486,1904,517,0,0,5,33,4,1,"East TN",2455501,5.41640993019347,0.0719033232628399,21.0547664203761,1.14029682740915,7.19033232628399
2020-03-27,166,22,165,22,1,0,147,17,2171,397,2318,414,0,0,6,39,4,0,"East TN",2455501,5.57930947696621,0.0628601361969618,16.8601030909782,0.895947507250048,6.28601361969618
2020-03-28,197,31,196,31,1,0,180,33,2608,437,2788,470,0,0,8,47,4,0,"East TN",2455501,6.47525698421626,0.0663551401869159,19.1406967457965,1.2624714874887,6.63551401869159
2020-03-29,213,16,212,16,1,0,196,16,2795,187,2991,203,0,0,3,50,7,3,"East TN",2455501,6.71960630437536,0.0684563758389262,8.26715199871635,0.651598187090944,6.84563758389262
2020-03-30,246,33,245,33,1,0,226,30,3345,550,3571,580,0,0,8,58,9,2,"East TN",2455501,7.41192937815949,0.0636942675159236,23.6204342820467,1.34392126087507,6.36942675159236
2020-03-31,295,49,294,49,1,0,278,52,3645,300,3923,352,0,0,12,70,10,1,"East TN",2455501,8.63367597895501,0.0725750174459177,14.3351601160008,1.99551944796602,7.25750174459177
2020-04-01,346,51,345,51,1,0,336,58,4243,598,4579,656,0,0,9,79,12,2,"East TN",2455501,9.36672393943232,0.0742481203007519,26.7155256707287,2.07696922135238,7.42481203007519
2020-04-02,391,45,390,45,1,0,383,47,4839,596,5222,643,2,7,5,84,14,2,"East TN",2455501,10.0590470132164,0.0762507534659433,26.1861021437173,1.83261990119328,7.62507534659433
2020-04-03,412,21,411,21,1,0,401,18,5124,285,5525,303,1,8,2,86,17,3,"East TN",2455501,10.0183221265233,0.0792017461802308,12.3396406680348,0.855222620556864,7.92017461802307
2020-04-04,447,35,446,35,1,0,431,30,5716,592,6147,622,3,11,5,91,19,2,"East TN",2455501,10.181221673296,0.0747246204227449,25.3308795231604,1.42537103426144,7.47246204227449
2020-04-05,473,26,472,26,1,0,464,33,6093,377,6557,410,-1,10,2,93,20,1,"East TN",2455501,10.5884705402278,0.0751542344363432,16.6972035442054,1.05884705402278,7.51542344363432
2020-04-06,514,41,513,41,1,0,514,50,6626,533,7140,583,8,18,5,98,20,0,"East TN",2455501,10.9142696337733,0.080694872513309,23.7426089421263,1.66972035442054,8.0694872513309
2020-04-07,570,56,569,56,1,0,592,78,7755,1129,8347,1207,0,18,7,105,21,1,"East TN",2455501,11.1993438406256,0.0709764918625678,49.1549382386731,2.2805936548183,7.09764918625678
2020-04-08,607,37,606,37,1,0,632,40,8162,407,8794,447,1,19,8,113,25,4,"East TN",2455501,10.629195426921,0.0702253855278766,18.2040243518532,1.50682080764781,7.02253855278766
2020-04-09,633,26,632,26,1,0,662,30,8613,451,9275,481,3,22,2,115,25,0,"East TN",2455501,9.85542257975053,0.0688378978534419,19.5886704994215,1.05884705402278,6.88378978534419
2020-04-10,655,22,654,22,1,0,682,20,8941,328,9623,348,0,22,4,119,25,0,"East TN",2455501,9.89614746644371,0.0685700341630063,14.172260569228,0.895947507250048,6.85700341630063
2020-04-11,679,24,678,24,1,0,728,46,10022,1081,10750,1127,2,24,5,124,27,2,"East TN",2455501,9.44817371281869,0.0645231370845101,45.8969473032184,0.977397280636416,6.45231370845101
2020-04-12,709,30,708,30,1,0,761,33,11472,1450,12233,1483,0,24,1,125,28,1,"East TN",2455501,9.61107325959142,0.0523255813953488,60.3950069659919,1.22174660079552,5.23255813953488
2020-04-13,738,29,737,29,1,0,803,42,12435,963,13238,1005,0,24,7,132,32,4,"East TN",2455501,9.12237461927321,0.0473925877336832,40.9285111266499,1.18102171410234,4.73925877336832
2020-04-14,749,11,748,11,1,0,823,20,12720,285,13543,305,4,28,1,133,33,1,"East TN",2455501,7.28975471807994,0.0444572748267898,12.4210904414211,0.447973753625024,4.44572748267898
2020-04-15,773,24,772,24,1,0,850,27,13132,412,13982,439,2,30,4,137,34,1,"East TN",2455501,6.76033119106854,0.0420200462606014,17.8782252583078,0.977397280636416,4.20200462606014
2020-04-16,801,28,800,28,1,0,886,36,13808,676,14694,712,1,31,6,143,34,0,"East TN",2455501,6.84178096445491,0.0413360398597527,28.996119325547,1.14029682740915,4.13360398597527
2020-04-17,823,22,821,21,2,1,916,30,14137,329,15053,359,0,31,4,147,35,1,"East TN",2455501,6.84178096445491,0.0430939226519337,14.6202343228531,0.895947507250048,4.30939226519337
2020-04-18,835,12,833,12,2,0,935,19,14918,781,15853,800,0,31,0,147,35,0,"East TN",2455501,6.3530823241367,0.0405643738977072,32.5799093545472,0.488698640318208,4.05643738977072
2020-04-19,914,79,912,79,2,0,1016,81,15604,686,16620,767,1,32,1,148,35,0,"East TN",2455501,8.34860177210272,0.0581262821974014,31.2359880936721,3.21726604876154,5.81262821974014
2020-04-20,939,25,931,19,8,6,1033,17,16567,963,17600,980,0,32,2,150,35,0,"East TN",2455501,8.18570222532998,0.0527281063732233,39.9103889593203,1.0181221673296,5.27281063732233
2020-04-21,1045,106,1037,106,8,0,1154,121,19273,2706,20427,2827,0,32,6,156,36,1,"East TN",2455501,12.0545664611825,0.0480825101685067,115.129254681631,4.3168379894775,4.80825101685067
2020-04-22,1247,202,1237,200,10,2,1354,200,21825,2552,23179,2752,2,34,2,158,36,0,"East TN",2455501,19.3035962925692,0.0548004784168751,112.074888179642,8.22642711202317,5.48004784168751
2020-04-23,1492,245,1480,243,12,2,1601,247,22932,1107,24533,1354,0,34,3,161,36,0,"East TN",2455501,28.1408967049901,0.0726699867872751,55.1414965825711,9.97759723983008,7.26699867872751
2020-04-24,1540,48,1527,47,13,1,1655,54,25621,2689,27276,2743,0,34,4,165,36,0,"East TN",2455501,29.1997437590129,0.0604597889225231,111.708364199404,1.95479456127283,6.04597889225231
2020-04-25,1563,23,1546,19,17,4,1674,19,26396,775,28070,794,0,34,3,168,37,1,"East TN",2455501,29.647717512638,0.0604894818695261,32.3355600343881,0.936672393943232,6.04894818695261
2020-04-26,1583,20,1565,19,18,1,1700,26,27513,1117,29213,1143,0,34,0,168,37,0,"East TN",2455501,27.2449491977401,0.0543158897800365,46.5485454903093,0.81449773386368,5.43158897800365
2020-04-27,1652,69,1633,68,19,1,1772,72,28428,915,30200,987,0,34,8,176,38,1,"East TN",2455501,29.0368442122402,0.0586507936507936,40.1954631661726,2.8100171818297,5.86507936507936
2020-04-28,1689,37,1667,34,22,3,1812,40,30602,2174,32414,2214,2,36,1,177,39,1,"East TN",2455501,26.2268270304105,0.0548928005339117,90.1648991387094,1.50682080764781,5.48928005339117
2020-04-29,1752,63,1729,62,23,1,1878,66,33345,2743,35223,2809,1,37,6,183,40,1,"East TN",2455501,20.5660677800579,0.0435071404848887,114.396206721154,2.56566786167059,4.35071404848887
2020-04-30,1774,22,1750,21,24,1,1900,22,33894,549,35794,571,0,37,1,184,40,0,"East TN",2455501,11.4844180474779,0.0265518160021312,23.2539103018081,0.895947507250048,2.65518160021312
2020-05-01,1814,40,1786,36,28,4,1929,29,35556,1662,37485,1691,0,37,0,184,40,0,"East TN",2455501,11.1586189539324,0.0268390635713586,68.8657833981741,1.62899546772736,2.68390635713586
2020-05-02,1835,21,1807,21,28,0,1966,37,37433,1877,39399,1914,0,37,3,187,40,0,"East TN",2455501,11.077169180546,0.0257745608615059,77.9474331307542,0.855222620556864,2.57745608615059
2020-05-03,1873,38,1840,33,33,5,2003,37,39553,2120,41556,2157,0,37,3,190,42,2,"East TN",2455501,11.8102171410234,0.0245483269869562,87.8435805971979,1.54754569434099,2.45483269869562
2020-05-04,1920,47,1884,44,36,3,2060,57,41499,1946,43559,2003,0,37,1,191,42,0,"East TN",2455501,10.9142696337733,0.0215584998877161,81.5719480464475,1.91406967457965,2.15584998877161
2020-05-05,1948,28,1911,27,37,1,2092,32,44409,2910,46501,2942,2,39,1,192,42,0,"East TN",2455501,10.5477456535347,0.0198764818627103,119.812616651347,1.14029682740915,1.98764818627103
2020-05-06,1985,37,1948,37,37,0,2135,43,45453,1044,47588,1087,1,40,0,192,42,0,"East TN",2455501,9.48889859951187,0.0207844723008492,44.267951835491,1.50682080764781,2.07844723008492
2020-05-07,2028,43,1989,41,39,2,2183,48,46845,1392,49028,1440,0,40,4,196,46,4,"East TN",2455501,10.3441212200687,0.0213843131328397,58.643836838185,1.75117012780691,2.13843131328397
2020-05-08,2047,19,2008,19,39,0,2219,36,48515,1670,50734,1706,1,41,0,196,47,1,"East TN",2455501,9.48889859951187,0.0218884444108989,69.4766566985719,0.773772847170496,2.18884444108989
2020-05-09,2063,16,2022,14,41,2,2237,18,51333,2818,53570,2836,0,41,1,197,48,1,"East TN",2455501,9.28527416604595,0.0191235622045022,115.49577866187,0.651598187090944,1.91235622045022
2020-05-10,2079,16,2037,15,42,1,2256,19,53897,2564,56153,2583,1,42,3,200,48,0,"East TN",2455501,8.3893266587959,0.0173323285606631,105.192382328494,0.651598187090944,1.73323285606631
2020-05-11,2140,61,2097,60,43,1,2307,51,55468,1571,57775,1622,3,45,5,205,50,2,"East TN",2455501,8.95947507250048,0.0173747889701744,66.0557662163444,2.48421808828422,1.73747889701745
2020-05-12,2193,53,2150,53,43,0,2373,66,59022,3554,61395,3620,3,48,3,208,50,0,"East TN",2455501,9.97759723983008,0.0188666577145159,147.424089829326,2.15841899473875,1.88666577145159
2020-05-13,2247,54,2201,51,46,3,2425,52,60647,1625,63072,1677,0,48,7,215,52,2,"East TN",2455501,10.6699203136142,0.0187290105915784,68.2956349844696,2.19914388143194,1.87290105915784
2020-05-14,2278,31,2232,31,46,0,2470,45,62356,1709,64826,1754,1,49,2,217,53,1,"East TN",2455501,10.181221673296,0.018166856564122,71.4314512598447,1.2624714874887,1.8166856564122
2020-05-15,2306,28,2260,28,46,0,2507,37,64675,2319,67182,2356,1,50,4,221,53,0,"East TN",2455501,10.5477456535347,0.0175097276264591,95.9478330491415,1.14029682740915,1.75097276264591
2020-05-16,2316,10,2270,10,46,0,2525,18,67443,2768,69968,2786,1,51,1,222,53,0,"East TN",2455501,10.3033963333756,0.017563117453348,113.459534327211,0.40724886693184,1.7563117453348
2020-05-17,2396,80,2350,80,46,0,2604,79,69670,2227,72274,2306,0,51,4,226,55,2,"East TN",2455501,12.9097890817393,0.0215867502016004,93.9115887144823,3.25799093545472,2.15867502016004
2020-05-18,2445,49,2398,48,47,1,2665,61,71548,1878,74213,1939,0,51,3,229,55,0,"East TN",2455501,12.4210904414211,0.0217788052074462,78.9655552980838,1.99551944796602,2.17788052074462
2020-05-19,2486,41,2438,40,48,1,2705,40,72672,1124,75377,1164,1,52,3,232,55,0,"East TN",2455501,11.9323918011029,0.0237448147618366,47.4037681108662,1.66972035442054,2.37448147618366
2020-05-20,2528,42,2480,42,48,0,2750,45,74412,1740,77162,1785,0,52,3,235,55,0,"East TN",2455501,11.4436931607847,0.0230660042583392,72.6939227473334,1.71044524111373,2.30660042583392
2020-05-21,2769,241,2720,240,49,1,2988,238,75874,1462,78862,1700,0,52,4,239,56,1,"East TN",2455501,19.9959193663533,0.0369051011684241,69.2323073784128,9.81469769305734,3.69051011684241
2020-05-22,2860,91,2808,88,52,3,3066,78,77398,1524,80464,1602,0,52,7,246,56,0,"East TN",2455501,22.5615872280239,0.0420870350850776,65.2412684824808,3.70596468907974,4.20870350850775
2020-05-23,2926,66,2870,62,56,4,3157,91,79612,2214,82769,2305,2,54,7,253,57,1,"East TN",2455501,24.8421808828422,0.0493711428794625,93.8708638277891,2.68784252175014,4.93711428794625
2020-05-24,2978,52,2922,52,56,0,3227,70,81732,2120,84959,2190,0,54,0,253,58,1,"East TN",2455501,23.7018840554331,0.0491131257390619,89.187501858073,2.11769410804557,4.91131257390619
2020-05-25,3062,84,3005,83,57,1,3321,94,84382,2650,87703,2744,1,55,2,255,58,0,"East TN",2455501,25.1272550896945,0.0486286137879911,111.749089086097,3.42089048222746,4.86286137879911
2020-05-26,3123,61,3057,52,66,9,3377,56,86768,2386,90145,2442,1,56,3,258,58,0,"East TN",2455501,25.9417528235582,0.0455037919826652,99.4501733047553,2.48421808828422,4.55037919826652
2020-05-27,3199,76,3130,73,69,3,3444,67,88635,1867,92079,1934,0,56,9,267,58,0,"East TN",2455501,27.3263989711265,0.0465241000201113,78.7619308646179,3.09509138868198,4.65241000201113
2020-05-28,3273,74,3204,74,69,0,3511,67,90034,1399,93545,1466,0,56,1,268,58,0,"East TN",2455501,20.5253428933647,0.0356194238234693,59.7026838922077,3.01364161529562,3.56194238234693
2020-05-29,3348,75,3278,74,70,1,3594,83,91312,1278,94906,1361,0,56,4,272,58,0,"East TN",2455501,19.8737447062738,0.0365600332363939,55.4265707894234,3.0543665019888,3.65600332363939
2020-05-30,3421,73,3350,72,71,1,3675,81,93557,2245,97232,2326,0,56,5,277,59,1,"East TN",2455501,20.1588189131261,0.0358155292816152,94.726086448346,2.97291672860243,3.58155292816152
2020-05-31,3533,112,3460,110,73,2,3769,94,96340,2783,100109,2877,0,56,1,278,60,1,"East TN",2455501,22.6023121147171,0.0357755775577558,117.16549901629,4.56118730963661,3.57755775577558
2020-06-01,3629,96,3553,93,76,3,3902,133,100171,3831,104073,3964,0,56,5,283,60,0,"East TN",2455501,23.0910107550353,0.0354917532070861,161.433450851781,3.90958912254566,3.54917532070861
2020-06-02,3736,107,3658,105,78,2,4017,115,104230,4059,108247,4174,1,57,3,286,64,4,"East TN",2455501,24.9643555429218,0.0353552093691305,169.98567705735,4.35756287617069,3.53552093691305
2020-06-03,3786,50,3708,50,78,0,4067,50,106161,1931,110228,1981,0,57,4,290,65,1,"East TN",2455501,23.905508488899,0.0343269601630944,80.6760005391975,2.0362443346592,3.43269601630944
2020-06-04,3837,51,3757,49,80,2,4128,61,107708,1547,111836,1608,6,63,5,295,66,1,"East TN",2455501,22.9688360949558,0.0337324367175113,65.4856178026399,2.07696922135238,3.37324367175113
2020-06-05,3936,99,3852,95,84,4,4210,82,109864,2156,114074,2238,1,64,4,299,67,1,"East TN",2455501,23.9462333755922,0.0321368948247078,91.1422964193458,4.03176378262522,3.21368948247079
2020-06-06,3989,53,3902,50,87,3,4285,75,112967,3103,117252,3178,1,65,4,303,67,0,"East TN",2455501,23.1317356417285,0.0304695304695305,129.423689910939,2.15841899473875,3.04695304695305
2020-06-07,4047,58,3958,56,89,2,4366,81,116924,3957,121290,4038,0,65,6,309,68,1,"East TN",2455501,20.9325917602966,0.0281856380718569,164.447092467077,2.36204342820467,2.81856380718569
2020-06-08,4207,160,4114,156,93,4,4523,157,119875,2951,124398,3108,0,65,6,315,68,0,"East TN",2455501,23.5389845086604,0.0305535055350553,126.572947842416,6.51598187090944,3.05535055350553
2020-06-09,4315,108,4221,107,94,1,4641,118,122202,2327,126843,2445,1,66,7,322,69,1,"East TN",2455501,23.5797093953535,0.0335556033555603,99.5723479648349,4.39828776286387,3.35556033555603
2020-06-10,4392,77,4295,74,97,3,4715,74,125038,2836,129753,2910,0,66,6,328,69,0,"East TN",2455501,24.6792813360695,0.0331882202304737,118.509420277165,3.13581627537517,3.31882202304738
2020-06-11,4656,264,4557,262,99,2,4995,280,127329,2291,132324,2571,1,67,8,336,69,0,"East TN",2455501,33.3536822017177,0.0423174541194846,104.703683688176,10.7513700870006,4.23174541194846
2020-06-12,4827,171,4727,170,100,1,5167,172,129955,2626,135122,2798,2,69,3,339,70,1,"East TN",2455501,36.2858740436269,0.0454675028506271,113.948232967529,6.96395562453446,4.54675028506271
2020-06-13,4975,148,4871,144,104,4,5335,168,132146,2191,137481,2359,0,69,4,343,71,1,"East TN",2455501,40.1547382794794,0.0519056799644075,96.0700077092211,6.02728323059123,5.19056799644075
2020-06-14,5091,116,4986,115,105,1,5470,135,136014,3868,141484,4003,0,69,4,347,72,1,"East TN",2455501,42.5167817076841,0.0546697038724374,163.021721432816,4.72408685640934,5.46697038724374
2020-06-15,5273,182,5157,171,116,11,5649,179,139187,3173,144836,3352,0,69,9,356,77,5,"East TN",2455501,43.4127292149341,0.0550934533711713,136.509820195553,7.41192937815949,5.50934533711713
2020-06-16,5427,154,5309,152,118,2,5807,158,140986,1799,146793,1957,3,72,4,360,80,3,"East TN",2455501,45.2860740028206,0.0584461152882206,79.6986032585611,6.27163255075034,5.84461152882206
2020-06-17,5560,133,5439,130,121,3,5929,122,142426,1440,148355,1562,3,75,6,366,82,2,"East TN",2455501,47.5666676576389,0.0652617998064724,63.6122730147534,5.41640993019347,6.52617998064724
2020-06-18,5738,178,5616,177,122,1,6135,206,146017,3591,152152,3797,1,76,12,378,82,0,"East TN",2455501,44.0643274020251,0.0574944522896913,154.63239477402,7.24902983138675,5.74944522896913
2020-06-19,5873,135,5747,131,126,4,6253,118,147480,1463,153733,1581,4,80,13,391,83,1,"East TN",2455501,42.5982314810705,0.058352587179625,64.3860458619239,5.49785970357984,5.8352587179625
2020-06-20,5939,66,5812,65,127,1,6348,95,149655,2175,156003,2270,0,80,7,398,83,0,"East TN",2455501,39.2587907722294,0.0546917179570241,92.4454927935277,2.68784252175014,5.46917179570241
2020-06-21,6027,88,5899,87,128,1,6467,119,153005,3350,159472,3469,1,81,3,401,86,3,"East TN",2455501,38.1184939448202,0.0554258394485212,141.274631938655,3.58379002900019,5.54258394485212
2020-06-22,6223,196,6088,189,135,7,6665,198,156416,3411,163081,3609,1,82,7,408,87,1,"East TN",2455501,38.6886423585248,0.0556864894491642,146.976116075701,7.98207779186406,5.56864894491642
2020-06-23,6413,190,6272,184,141,6,6849,184,158220,1804,165069,1988,4,86,15,423,87,0,"East TN",2455501,40.1547382794794,0.0570146640402714,80.9610747460498,7.73772847170496,5.70146640402714
2020-06-24,6591,178,6448,176,143,2,7032,183,159851,1631,166883,1814,2,88,9,432,87,0,"East TN",2455501,41.9873581806727,0.0595315198618307,73.8749444614358,7.24902983138675,5.95315198618307
2020-06-25,6760,169,6608,160,152,9,7216,184,163024,3173,170240,3357,0,88,8,440,87,0,"East TN",2455501,41.620834200434,0.0597633790358249,136.713444629019,6.8825058511481,5.97633790358249
2020-06-26,6974,214,6812,204,162,10,7388,172,164612,1588,172000,1760,1,89,16,456,87,0,"East TN",2455501,44.8381002491956,0.0621339026660097,71.6758005800038,8.71512575234138,6.21339026660097
2020-06-27,7048,74,6881,69,167,5,7434,46,164821,209,172255,255,-1,88,5,461,89,2,"East TN",2455501,45.1638993427411,0.0668225449175486,10.3848461067619,3.01364161529562,6.68225449175486
2020-06-28,7175,127,7006,125,169,2,7605,171,167908,3087,175513,3258,0,88,5,466,90,1,"East TN",2455501,46.7521699237752,0.0709432080294246,132.681680846393,5.17206061003437,7.09432080294246
2020-06-29,7518,343,7347,341,171,2,7945,340,173175,5267,181120,5607,1,89,22,488,91,1,"East TN",2455501,52.7387282676733,0.0709573701424691,228.344439688683,13.9686361357621,7.09573701424691
2020-06-30,7788,270,7613,266,175,4,8393,448,179461,6286,187854,6734,0,89,22,510,92,1,"East TN",2455501,55.996719203128,0.0677638797454466,274.241386991901,10.9957194071597,6.77638797454466
2020-07-01,8063,275,7885,272,178,3,8727,334,182665,3204,191392,3538,0,89,17,527,95,3,"East TN",2455501,59.9470332123668,0.0691582683912032,144.084649120485,11.1993438406256,6.91582683912032
2020-07-02,8543,480,8360,475,183,5,9333,606,189047,6382,198380,6988,2,91,25,552,98,3,"East TN",2455501,72.6124729739471,0.0752309879175551,284.58550821197,19.5479456127283,7.52309879175551
2020-07-03,8769,226,8580,220,189,6,9561,228,192402,3355,201963,3583,5,96,14,566,99,1,"East TN",2455501,73.1011716142653,0.0725227780929813,145.917269021678,9.20382439265958,7.25227780929813
2020-07-04,8989,220,8798,218,191,2,9841,280,197166,4764,207007,5044,2,98,15,581,105,6,"East TN",2455501,79.0470050714701,0.0692622007366483,205.41632848042,8.95947507250048,6.92622007366483
2020-07-05,9309,320,9117,319,192,1,10209,368,201011,3845,211220,4213,2,100,12,593,108,3,"East TN",2455501,86.9069082032546,0.0729268770829249,171.573947638384,13.0319637418189,7.29268770829249
2020-07-06,9543,234,9340,223,203,11,10419,210,202641,1630,213060,1840,4,104,26,619,108,0,"East TN",2455501,82.4678955536976,0.0774577332498435,74.9337915154586,9.52962348620506,7.74577332498435
2020-07-07,9991,448,9779,439,212,9,10985,566,208917,6276,219902,6842,0,104,32,651,109,1,"East TN",2455501,89.7169253850844,0.0808786819770344,278.639674754765,18.2447492385464,8.08786819770345
2020-07-08,10372,381,10150,371,222,10,11419,434,213085,4168,224504,4602,1,105,20,671,109,0,"East TN",2455501,94.0337633745619,0.0812998308770234,187.415928562033,15.5161818301031,8.12998308770234
2020-07-09,10821,449,10585,435,236,14,11891,472,219034,5949,230925,6421,1,106,24,695,113,4,"East TN",2455501,92.7712918870731,0.0785988631126133,261.494497456934,18.2854741252396,7.85988631126133
2020-07-10,11288,467,11040,455,248,12,12344,453,222318,3284,234662,3737,0,106,29,724,115,2,"East TN",2455501,102.58598958013,0.0851096363803174,152.188901572429,19.0185220857169,8.51096363803175
2020-07-11,11594,306,11339,299,255,7,12766,422,226796,4478,239562,4900,5,111,23,747,120,5,"East TN",2455501,106.088329835744,0.0898479496237137,199.551944796602,12.4618153281143,8.98479496237137
2020-07-12,12064,470,11801,462,263,8,13399,633,232725,5929,246124,6562,1,112,25,772,125,5,"East TN",2455501,112.197062839722,0.0913935365574146,267.236706480673,19.1406967457965,9.13935365574146
2020-07-13,12418,354,12142,341,276,13,13742,343,236158,3433,249900,3776,3,115,20,792,129,4,"East TN",2455501,117.084049242904,0.0902008686210641,153.777172153463,14.4166098893871,9.02008686210641
2020-07-14,12933,515,12652,510,281,5,14326,584,240646,4488,254972,5072,4,119,34,826,133,4,"East TN",2455501,119.812616651347,0.0952666096378671,206.556625307829,20.9733166469898,9.52666096378671
2020-07-15,13313,380,13026,374,287,6,14709,383,243742,3096,258451,3479,6,125,24,850,140,7,"East TN",2455501,119.771891764654,0.0969157804813386,141.681880805587,15.4754569434099,9.69157804813386
2020-07-16,14140,827,13838,812,302,15,15806,1097,253573,9831,269379,10928,6,131,44,894,142,2,"East TN",2455501,135.165898934678,0.101809954751131,445.041561783115,33.6794812952632,10.1809954751131
2020-07-17,14608,468,14292,454,316,14,16317,511,257892,4319,274209,4830,3,134,24,918,147,5,"East TN",2455501,135.206623821371,0.100462740536577,196.701202728079,19.0592469724101,10.0462740536577
2020-07-18,15117,509,14786,494,331,15,16985,668,265980,8088,282965,8756,6,140,27,945,150,3,"East TN",2455501,143.473775820087,0.097205262309057,356.587107885519,20.7289673268307,9.7205262309057
2020-07-19,15598,481,15248,462,350,19,17545,560,270832,4852,288377,5412,0,140,26,971,154,4,"East TN",2455501,143.921749573712,0.098123210186259,220.403086783512,19.5886704994215,9.8123210186259
2020-07-20,16033,435,15668,420,365,15,17956,411,273289,2457,291245,2868,2,142,29,1000,158,4,"East TN",2455501,147.22046539586,0.101922844358447,116.798975036052,17.715325711535,10.1922844358447
2020-07-21,17034,1001,16652,984,382,17,19168,1212,281667,8378,300835,9590,1,143,61,1061,161,3,"East TN",2455501,167.012760328748,0.105575300351046,390.551663387635,40.7656115798772,10.5575300351046
2020-07-22,17618,584,17220,568,398,16,19822,654,284967,3300,304789,3954,4,147,29,1090,166,5,"East TN",2455501,175.320637214157,0.11034140446286,161.02620198485,23.7833338288195,11.034140446286
2020-07-23,18412,794,17992,772,420,22,20821,999,295168,10201,315989,11200,4,151,50,1140,172,6,"East TN",2455501,173.976715953282,0.107594936708861,456.118730963661,32.3355600343881,10.7594936708861
2020-07-24,19015,603,18582,590,433,13,21505,684,300975,5807,322480,6491,2,153,34,1174,179,7,"East TN",2455501,179.474575656862,0.107476538708541,264.345239525457,24.55710667599,10.7476538708541
2020-07-25,19992,977,19547,965,445,12,22706,1201,310582,9607,333288,10808,10,163,29,1203,187,8,"East TN",2455501,198.533822629272,0.113685591081613,440.154575379933,39.7882142992408,11.3685591081613
2020-07-26,20767,775,20307,760,460,15,23603,897,318100,7518,341703,8415,1,164,21,1224,194,7,"East TN",2455501,210.506939317068,0.113603120429059,342.699921523143,31.5617871872176,11.3603120429059
2020-07-27,21412,645,20930,623,482,22,24308,705,322563,4463,346871,5168,6,170,38,1262,198,4,"East TN",2455501,219.059165522637,0.114191205551361,210.466214430375,26.2675519171037,11.4191205551361
2020-07-28,22227,815,21722,792,505,23,25280,972,330777,8214,356057,9186,7,177,50,1312,203,5,"East TN",2455501,211.484336597704,0.110680525877368,374.098809163588,33.190782654945,11.0680525877368
2020-07-29,22570,343,22054,332,516,11,25596,316,332347,1570,357943,1886,5,182,24,1336,212,9,"East TN",2455501,201.669638904647,0.108627760845844,76.807136303345,13.9686361357621,10.8627760845844
2020-07-30,23757,1187,23226,1172,531,15,26976,1380,344877,12530,371853,13910,5,187,46,1382,219,7,"East TN",2455501,217.674519375068,0.110178290133181,566.48317390219,48.3404405048094,11.0178290133181
2020-07-31,24379,622,23832,606,547,16,27630,654,348844,3967,376474,4621,6,193,27,1409,228,9,"East TN",2455501,218.448292222239,0.11343853020706,188.189701409203,25.3308795231604,11.343853020706
2020-08-01,24938,559,24374,542,564,17,28266,636,355819,6975,384085,7611,1,194,16,1425,231,3,"East TN",2455501,201.425289584488,0.109455282792291,309.957112621823,22.7652116614899,10.9455282792291
2020-08-02,25369,431,24794,420,575,11,28749,483,359614,3795,388363,4278,4,198,21,1446,236,5,"East TN",2455501,187.415928562033,0.110287183883412,174.221065273441,17.5524261647623,11.0287183883412
2020-08-03,25995,626,25402,608,593,18,29457,708,363758,4144,393215,4852,3,201,39,1485,244,8,"East TN",2455501,186.642155714862,0.111103918522355,197.597150235329,25.4937790699332,11.1103918522355
2020-08-04,26481,486,25868,466,613,20,29983,526,369128,5370,399111,5896,6,207,34,1519,253,9,"East TN",2455501,173.243667992805,0.109234914293678,240.113931943013,19.7922949328874,10.9234914293678
2020-08-05,26949,468,26328,460,621,8,30504,521,373340,4212,403844,4733,9,216,20,1539,259,6,"East TN",2455501,178.334278829453,0.106925775037581,192.75088871884,19.0592469724101,10.6925775037581
2020-08-06,27679,730,27020,692,659,38,31355,851,380409,7069,411764,7920,7,223,37,1576,265,6,"East TN",2455501,159.723005610668,0.109719125053243,322.541102610017,29.7291672860243,10.9719125053243
2020-08-07,28234,555,27561,541,673,14,31974,619,384377,3968,416351,4587,6,229,34,1610,278,13,"East TN",2455501,156.994438202224,0.108934975048273,186.805055261635,22.6023121147171,10.8934975048273
2020-08-08,28909,675,28224,663,685,12,32774,800,394454,10077,427228,10877,8,237,24,1634,289,11,"East TN",2455501,161.718525058634,0.104489720232714,442.964592561762,27.4892985178992,10.4489720232714
2020-08-09,29437,528,28740,516,697,12,33408,634,398755,4301,432163,4935,2,239,20,1654,296,7,"East TN",2455501,165.668839067873,0.106369863013699,200.977315830863,21.5027401740012,10.6369863013699
2020-08-10,29740,303,29032,292,708,11,33736,328,401044,2289,434780,2617,3,242,26,1680,300,4,"East TN",2455501,152.514700665974,0.102947191146397,106.577028476063,12.3396406680348,10.2947191146397
2020-08-11,30352,612,29627,595,725,17,34421,685,407141,6097,441562,6782,17,259,28,1708,305,5,"East TN",2455501,157.646036389315,0.104544062566253,276.196181553174,24.9236306562286,10.4544062566253
2020-08-12,30797,445,30051,424,746,21,34895,474,410889,3748,445784,4222,6,265,25,1733,310,5,"East TN",2455501,156.709363995372,0.104697186456843,171.940471618623,18.1225745784669,10.4697186456843
2020-08-13,31614,817,30855,804,759,13,36012,1117,419450,8561,455462,9678,6,271,44,1777,318,8,"East TN",2455501,160.252429137679,0.106572383175431,394.135453416635,33.2722324283313,10.6572383175431
2020-08-14,32075,461,31287,432,788,29,36546,534,424106,4656,460652,5190,4,275,18,1795,325,7,"East TN",2455501,156.42428978852,0.103203087966412,211.362161937625,18.7741727655578,10.3203087966412
2020-08-15,32725,650,31925,638,800,12,37423,877,431041,6935,468464,7812,4,279,17,1812,334,9,"East TN",2455501,155.40616762119,0.112741294014938,318.142814847153,26.4711763505696,11.2741294014938
2020-08-16,33199,474,32388,463,811,11,38016,593,436505,5464,474521,6057,2,281,10,1822,343,9,"East TN",2455501,153.207023739758,0.108787005996506,246.670638700615,19.3035962925692,10.8787005996506
2020-08-17,33472,273,32591,203,881,70,38243,227,437974,1469,476217,1696,8,289,12,1834,349,6,"East TN",2455501,151.985277138963,0.108767526606656,69.0694078316401,11.1178940672392,10.8767526606656
2020-08-18,34102,630,33156,565,946,65,39055,812,448566,10592,487621,11404,8,297,22,1856,352,3,"East TN",2455501,152.71832509944,0.100610087062246,464.42660784907,25.6566786167059,10.0610087062246
2020-08-19,34557,455,33590,434,967,21,39552,497,453349,4783,492901,5280,7,304,22,1878,359,7,"East TN",2455501,153.125573966372,0.0988390602118131,215.027401740011,18.5298234453987,9.88390602118131
2020-08-20,35333,776,34345,755,988,21,40424,872,464881,11532,505305,12404,6,310,27,1905,367,8,"East TN",2455501,151.455853611951,0.0885179463515438,505.151494542254,31.6025120739108,8.85179463515438
2020-08-21,35542,209,34542,197,1000,12,40637,213,467332,2451,507969,2664,17,327,17,1922,374,7,"East TN",2455501,141.193182165269,0.0864594120506372,108.491098150642,8.51150131887546,8.64594120506372
2020-08-22,36411,869,35399,857,1012,12,41609,972,480698,13366,522307,14338,2,329,20,1942,381,7,"East TN",2455501,150.111932351076,0.0777445536095686,583.913425406872,35.3899265363769,7.77445536095686
2020-08-23,36664,253,35641,242,1023,11,41863,254,485802,5104,527665,5358,0,329,20,1962,386,5,"East TN",2455501,141.111732391883,0.072388228210146,218.20394290208,10.3033963333756,7.2388228210146
2020-08-24,36856,192,35816,175,1040,17,42061,198,487145,1343,529206,1541,8,337,15,1977,396,10,"East TN",2455501,137.813016569735,0.072052690180981,62.7570503941965,7.81917824509133,7.2052690180981
2020-08-25,37470,614,36405,589,1065,25,42746,685,496872,9727,539618,10412,16,353,23,2000,405,9,"East TN",2455501,137.161418382644,0.0709848645114141,424.027520249432,25.005080429615,7.09848645114141
2020-08-26,37813,343,36723,318,1090,25,43129,383,500834,3962,543963,4345,6,359,11,2011,413,8,"East TN",2455501,132.600231073007,0.0700520935333516,176.949632681884,13.9686361357621,7.00520935333516
2020-08-27,38674,861,37567,844,1107,17,44105,976,511121,10287,555226,11263,8,367,29,2040,420,7,"East TN",2455501,136.061846441928,0.0737365036758078,458.684398825331,35.0641274428314,7.37365036758078
2020-08-28,39008,334,37881,314,1127,20,44443,338,513730,2609,558173,2947,12,379,10,2050,426,6,"East TN",2455501,141.152457278576,0.0758106923751096,120.016241084813,13.6021121555235,7.58106923751096
2020-08-29,39459,451,38316,435,1143,16,44971,528,520249,6519,565220,7047,8,387,16,2066,435,9,"East TN",2455501,124.129454640825,0.0783445575932701,286.988276526868,18.366923898626,7.83445575932701
2020-08-30,39722,263,38568,252,1154,11,45238,267,522130,1881,567368,2148,8,395,14,2080,438,3,"East TN",2455501,124.536703507757,0.0850061708183261,87.4770566169592,10.7106452003074,8.50061708183261
2020-08-31,40129,407,38946,378,1183,29,45688,450,525616,3486,571304,3936,2,397,17,2097,443,5,"East TN",2455501,133.292554146791,0.0861561119293078,160.293154024372,16.5750288841259,8.61561119293078
2020-09-01,40736,607,39511,565,1225,42,46362,674,531279,5663,577641,6337,6,403,28,2125,452,9,"East TN",2455501,133.007479939939,0.0951003340083634,258.073606974707,24.7200062227627,9.51003340083634
2020-09-02,41224,488,39970,459,1254,29,46815,453,536072,4793,582887,5246,7,410,22,2147,459,7,"East TN",2455501,138.912588510451,0.0946973589559141,213.642755592443,19.8737447062738,9.46973589559141
2020-09-03,41779,555,40492,522,1287,33,47462,647,544328,8256,591790,8903,6,416,22,2169,462,3,"East TN",2455501,126.450773182336,0.0918116179849032,362.573666229417,22.6023121147171,9.18116179849032
2020-09-04,42136,357,40835,343,1301,14,47810,348,547660,3332,595470,3680,7,423,11,2180,463,1,"East TN",2455501,127.38744557628,0.0902753572673405,149.867583030917,14.5387845494667,9.02753572673405
2020-09-05,43134,998,41818,983,1316,15,48900,1090,556971,9311,605871,10401,1,424,26,2206,469,6,"East TN",2455501,149.663958597451,0.0966519888809623,423.579546495807,40.6434369197976,9.66519888809623
2020-09-06,43397,263,42065,247,1332,16,49168,268,559595,2624,608763,2892,0,424,9,2215,483,14,"East TN",2455501,149.663958597451,0.0949390022949632,117.776372316688,10.7106452003074,9.49390022949632
2020-09-07,43601,204,42262,197,1339,7,49405,237,560931,1336,610336,1573,3,427,13,2228,487,4,"East TN",2455501,141.396806598735,0.0952295552367288,64.0602467683784,8.30787688540954,9.52295552367288
2020-09-08,43912,311,42551,289,1361,22,49725,320,564356,3425,614081,3745,7,434,24,2252,494,7,"East TN",2455501,129.342240137552,0.0922886937431394,152.514700665974,12.6654397615802,9.22886937431394
2020-09-09,44245,333,42867,316,1378,17,50099,374,569498,5142,619597,5516,6,440,16,2268,501,7,"East TN",2455501,123.029882700109,0.0894579133751022,224.638474999603,13.5613872688303,8.94579133751022
2020-09-10,44920,675,43505,638,1415,37,50806,707,577304,7806,628110,8513,18,458,39,2307,512,11,"East TN",2455501,127.916869103291,0.0920704845814978,346.690960419075,27.4892985178992,9.20704845814978
2020-09-11,45245,325,43807,302,1438,23,51160,354,581459,4155,632619,4509,17,475,26,2333,523,11,"East TN",2455501,126.613672729109,0.0901773937387278,183.628514099567,13.2355881752848,9.01773937387278
2020-09-12,45663,418,44207,400,1456,18,51671,511,588443,6984,640114,7495,10,485,14,2347,534,11,"East TN",2455501,102.993238447062,0.0809216482200742,305.233025765414,17.0230026377509,8.09216482200742
2020-09-13,46102,439,44626,419,1476,20,52171,500,594017,5574,646188,6074,2,487,21,2368,539,5,"East TN",2455501,110.160818505063,0.0802404809619238,247.3629617744,17.8782252583078,8.02404809619238
2020-09-14,46546,444,45055,429,1491,15,52656,485,598990,4973,651646,5458,9,496,25,2393,549,10,"East TN",2455501,119.934791311427,0.0786976519002663,222.276431571398,18.0818496917737,7.86976519002663
2020-09-15,47039,493,45511,456,1528,37,53196,540,607164,8174,660360,8714,7,503,20,2413,552,3,"East TN",2455501,127.346720689586,0.0750016206054582,354.876662644405,20.0773691397397,7.50016206054582
2020-09-16,47392,353,45821,310,1571,43,53590,394,610578,3414,664168,3808,6,509,17,2430,561,9,"East TN",2455501,128.16121842345,0.0783244710686321,155.080368527645,14.375885002694,7.83244710686321
2020-09-17,47943,551,46340,519,1603,32,54167,577,617753,7175,671920,7752,8,517,21,2451,572,11,"East TN",2455501,123.111332473495,0.0767176443734307,315.699321645562,22.4394125679444,7.67176443734307
2020-09-18,48477,534,46826,486,1651,48,54733,566,625866,8113,680599,8679,17,534,30,2481,578,6,"East TN",2455501,131.622833792371,0.074468528553564,353.451291610144,21.7470894941603,7.4468528553564
2020-09-19,48985,508,47311,485,1674,23,55306,573,634218,8352,689524,8925,3,537,30,2511,580,2,"East TN",2455501,135.288073594757,0.0735681036227484,363.469613736667,20.6882424401375,7.35681036227484
2020-09-20,49291,306,47592,281,1699,25,55635,329,639176,4958,694811,5287,1,538,13,2524,591,11,"East TN",2455501,129.871663664564,0.0712420048125373,215.312475946864,12.4618153281143,7.12420048125373
2020-09-21,49454,163,47725,133,1729,30,55787,152,640692,1516,696479,1668,3,541,9,2533,596,5,"East TN",2455501,118.427970503779,0.0698369504605982,67.9291110042309,6.63815653098899,6.98369504605982
2020-09-22,49914,460,48127,402,1787,58,56277,490,646841,6149,703118,6639,6,547,29,2562,603,7,"East TN",2455501,117.084049242904,0.0720566911455166,270.372522756049,18.7334478788646,7.20566911455166
2020-09-23,50208,294,48381,254,1827,40,56559,282,648934,2093,705493,2375,8,555,13,2575,612,9,"East TN",2455501,114.681280928006,0.0718451300665457,96.721605896312,11.9731166877961,7.18451300665457
2020-09-24,50671,463,48823,442,1848,21,57039,480,655824,6890,712863,7370,11,566,28,2603,617,5,"East TN",2455501,111.097490899006,0.0701463009549862,300.142414928766,18.8556225389442,7.01463009549862
2020-09-25,51125,454,49253,430,1872,24,57525,486,662498,6674,720023,7160,11,577,18,2621,624,7,"East TN",2455501,107.839499963551,0.0708198051948052,291.590188723197,18.4890985587055,7.08198051948052
2020-09-26,51683,558,49787,534,1896,24,58163,638,673052,10554,731215,11192,5,582,29,2650,631,7,"East TN",2455501,109.87574429821,0.0685279796598786,455.792931870115,22.7244867747967,6.85279796598786
2020-09-27,52076,393,50152,365,1924,28,58570,407,679069,6017,737639,6424,3,585,30,2680,638,7,"East TN",2455501,113.418809440517,0.0685299336882413,261.616672117014,16.0048804704213,6.85299336882413
2020-09-28,52310,234,50347,195,1963,39,58795,225,680755,1686,739550,1911,4,589,15,2695,645,7,"East TN",2455501,116.310276395733,0.0698381741775208,77.8252584706746,9.52962348620506,6.98381741775208
2020-09-29,52693,383,50687,340,2006,43,59192,397,686563,5808,745755,6205,9,598,33,2728,647,2,"East TN",2455501,113.174460120358,0.0683678495203696,252.697921931207,15.5976316034895,6.83678495203696
2020-09-30,53175,482,51137,450,2038,32,59668,476,690001,3438,749669,3914,6,604,23,2751,651,4,"East TN",2455501,120.830738818677,0.0703775805867439,159.397206517122,19.6293953861147,7.0377580586744
2020-10-01,53563,388,51486,349,2077,39,60047,379,693279,3278,753326,3657,11,615,31,2782,656,5,"East TN",2455501,117.776372316688,0.0743395200553592,148.930910636974,15.8012560369554,7.43395200553592
2020-10-02,54027,464,51922,436,2105,28,60509,462,696900,3621,757409,4083,2,617,17,2799,660,4,"East TN",2455501,118.18362118362,0.079815973893971,166.27971236827,18.8963474256374,7.9815973893971
2020-10-03,54432,405,52310,388,2122,17,60992,483,704358,7458,765350,7941,12,629,22,2821,666,6,"East TN",2455501,111.952713519563,0.082876812655632,323.396325230574,16.4935791107395,8.2876812655632
2020-10-04,54887,455,52735,425,2152,30,61531,539,714480,10122,776011,10661,4,633,27,2848,679,13,"East TN",2455501,114.47765649454,0.0771656416136766,434.168017036035,18.5298234453987,7.71656416136766
2020-10-05,55558,671,53347,612,2211,59,62282,751,721729,7249,784011,8000,5,638,42,2890,688,9,"East TN",2455501,132.274431979462,0.0784282854636648,325.799093545472,27.3263989711265,7.84282854636648
2020-10-06,56308,750,54013,666,2295,84,63021,739,728366,6637,791387,7376,8,646,46,2936,697,9,"East TN",2455501,147.22046539586,0.0839104137447405,300.386764248925,30.543665019888,8.39104137447405
2020-10-07,57045,737,54672,659,2373,78,63729,708,735117,6751,798846,7459,3,649,38,2974,703,6,"East TN",2455501,157.605311502622,0.0825792545295565,303.766929844459,30.0142414928766,8.25792545295565
2020-10-08,57763,718,55329,657,2434,61,64407,678,741575,6458,805982,7136,10,659,32,3006,709,6,"East TN",2455501,171.044524111373,0.082801580066849,290.612791442561,29.2404686457061,8.2801580066849
2020-10-09,58304,541,55828,499,2476,42,64967,560,747054,5479,812021,6039,4,663,20,3026,716,7,"East TN",2455501,174.180340386748,0.0816304108987036,245.937590740138,22.0321637010125,8.16304108987036
2020-10-10,58922,618,56416,588,2506,30,65636,669,755480,8426,821116,9095,12,675,20,3046,730,14,"East TN",2455501,182.854741252396,0.08327654843453,370.392844474508,25.1679799763877,8.327654843453
2020-10-11,59865,943,57328,912,2537,31,66665,1029,765906,10426,832571,11455,1,676,37,3083,737,7,"East TN",2455501,202.72848595867,0.0907708628005658,466.503577070423,38.4035681516725,9.07708628005658
2020-10-12,60221,356,57613,285,2608,71,66982,317,768827,2921,835809,3238,6,682,19,3102,748,11,"East TN",2455501,189.900146650317,0.0907370940962972,131.86718311253,14.4980596627735,9.07370940962972
2020-10-13,60726,505,58066,453,2660,52,67466,484,773208,4381,840674,4865,9,691,24,3126,755,7,"East TN",2455501,179.922549410487,0.0901860531174549,198.12657376234,20.5660677800579,9.01860531174549
2020-10-14,61600,874,58878,812,2722,62,68314,848,779392,6184,847706,7032,1,692,44,3170,762,7,"East TN",2455501,185.501858887453,0.0938395415472779,286.37740322647,35.5935509698428,9.38395415472779
2020-10-15,62109,509,59318,440,2791,69,68779,465,783545,4153,852324,4618,14,706,19,3189,771,9,"East TN",2455501,176.990357568578,0.0943420655129256,188.067526749124,20.7289673268307,9.43420655129256
2020-10-16,62748,639,59914,596,2834,43,69363,584,787634,4089,856997,4673,2,708,22,3211,783,12,"East TN",2455501,180.98139646451,0.097741017431519,190.307395517249,26.0232025969446,9.7741017431519
2020-10-17,63466,718,60595,681,2871,37,70223,860,796417,8783,866640,9643,6,714,37,3248,790,7,"East TN",2455501,185.053885133828,0.100760038660926,392.710082382373,29.2404686457061,10.0760038660926
2020-10-18,64270,804,61353,758,2917,46,71093,870,804525,8108,875618,8978,3,717,39,3287,798,8,"East TN",2455501,179.393125883476,0.102864311101819,365.628032731406,32.7428089013199,10.2864311101819
2020-10-19,65018,748,62038,685,2980,63,71852,759,809423,4898,881275,5657,3,720,67,3354,809,11,"East TN",2455501,195.357281467204,0.107113007522104,230.380684023342,30.4622152465016,10.7113007522104
2020-10-20,65704,686,62647,609,3057,77,72543,691,813037,3614,885580,4305,15,735,32,3386,822,13,"East TN",2455501,202.72848595867,0.113058388634036,175.320637214157,27.9372722715242,11.3058388634036
2020-10-21,66297,593,63199,552,3098,41,73159,616,816780,3743,889939,4359,5,740,27,3413,836,14,"East TN",2455501,191.284792797885,0.114720716027751,177.519781095589,24.1498578090581,11.4720716027751
2020-10-22,67427,1130,64235,1036,3192,94,74260,1101,825344,8564,899604,9665,10,750,43,3456,851,15,"East TN",2455501,216.574947434353,0.115926395939086,393.606029889623,46.0191219632979,11.5926395939086
2020-10-23,68398,971,65139,904,3259,67,75230,970,832460,7116,907690,8086,19,769,39,3495,859,8,"East TN",2455501,230.09560981649,0.115735900420176,329.301433801086,39.5438649790817,11.5735900420176
2020-10-24,69635,1237,66314,1175,3321,62,76557,1327,842981,10521,919538,11848,12,781,50,3545,876,17,"East TN",2455501,251.231826010252,0.119739876743922,482.508457540844,50.3766848394686,11.9739876743922
2020-10-25,70564,929,67186,872,3378,57,77604,1047,850856,7875,928460,8922,9,790,43,3588,887,11,"East TN",2455501,256.3224368469,0.123216380909125,363.347439076588,37.8334197379679,12.3216380909125
2020-10-26,71026,462,67592,406,3434,56,78038,434,853611,2755,931649,3189,6,796,21,3609,900,13,"East TN",2455501,244.675119252649,0.122801445189979,129.871663664564,18.814897652251,12.2801445189979
2020-10-27,71868,842,68304,712,3564,130,78821,783,857995,4384,936816,5167,12,808,54,3663,924,24,"East TN",2455501,251.028201576786,0.122531032867515,210.425489543682,34.2903545956609,12.2531032867515
2020-10-28,72865,997,69215,911,3650,86,79791,970,865211,7216,945002,8186,13,821,41,3704,938,14,"East TN",2455501,267.481055800833,0.120443855220384,333.373922470404,40.6027120331044,12.0443855220384
2020-10-29,73773,908,70008,793,3765,115,80625,834,871713,6502,952338,7336,11,832,40,3744,950,12,"East TN",2455501,258.440130954946,0.120700117571206,298.757768781198,36.9781971174111,12.0700117571206
2020-10-30,74673,900,70815,807,3858,93,81465,840,876569,4856,958034,5696,28,860,39,3783,966,16,"East TN",2455501,255.54866399973,0.123847926267281,231.968954604376,36.6523980238656,12.3847926267281
2020-10-31,74687,14,70829,14,3858,0,81481,16,876590,21,958071,37,5,865,0,3783,977,11,"East TN",2455501,205.742127573966,0.127786572548205,1.50682080764781,0.570148413704576,12.7786572548205
2020-11-01,75194,507,71219,390,3975,117,81951,470,883153,6563,965104,7033,0,865,27,3810,993,16,"East TN",2455501,188.556225389442,0.118627879052505,286.418128113163,20.6475175534443,11.8627879052505
2020-11-02,76004,810,71961,742,4043,68,82726,775,887381,4228,970107,5003,11,876,38,3848,1007,14,"East TN",2455501,202.72848595867,0.121899214727755,203.746608126,32.987158221479,12.1899214727755
2020-11-03,77044,1040,72921,960,4123,80,83802,1076,894243,6862,978045,7938,31,907,29,3877,1020,13,"East TN",2455501,210.79201352392,0.120813019961677,323.274150570495,42.3538821609114,12.0813019961677
2020-11-04,77955,911,73733,812,4222,99,84649,847,899128,4885,983777,5732,6,913,35,3912,1044,24,"East TN",2455501,207.289673268307,0.12528691166989,233.435050525331,37.1003717774906,12.528691166989
2020-11-05,78533,578,74217,484,4316,94,85150,501,901789,2661,986939,3162,17,930,27,3939,1058,14,"East TN",2455501,193.850460659556,0.130776567151238,128.772091723848,23.5389845086603,13.0776567151238
2020-11-06,79499,966,75066,849,4433,117,86077,927,908196,6407,994273,7334,10,940,37,3976,1082,24,"East TN",2455501,196.538303181306,0.127266204917354,298.676319007811,39.3402405456157,12.7266204917354
2020-11-07,80826,1327,76307,1241,4519,86,87496,1419,919116,10920,1006612,12339,21,961,52,4028,1092,10,"East TN",2455501,250.010079409457,0.123915864938918,502.504376907197,54.0419246418552,12.3915864938918
2020-11-08,82383,1557,77746,1439,4637,118,89163,1667,932015,12899,1021178,14566,3,964,52,4080,1109,17,"East TN",2455501,292.7712104373,0.128615757748689,593.198699572918,63.4086485812875,12.8615757748689
2020-11-09,83002,619,78285,539,4717,80,89743,580,935467,3452,1025210,4032,9,973,19,4099,1120,11,"East TN",2455501,284.992757078902,0.127343338838176,164.202743146918,25.2087048630809,12.7343338838176
2020-11-10,83941,939,79135,850,4806,89,90666,923,940468,5001,1031134,5924,27,1000,44,4143,1138,18,"East TN",2455501,280.87954352289,0.12929232044303,241.254228770422,38.2406686048998,12.929232044303
2020-11-11,85245,1304,80235,1100,5010,204,91835,1169,947015,6547,1038850,7716,26,1026,59,4202,1152,14,"East TN",2455501,296.884423993311,0.130481361102537,314.233225724608,53.1052522479119,13.0481361102537
2020-11-12,86082,837,80940,705,5142,132,92599,764,951228,4213,1043827,4977,15,1041,34,4236,1170,18,"East TN",2455501,307.432169646846,0.130941499085923,202.687761071977,34.086730162195,13.0941499085923
2020-11-13,87540,1458,82227,1287,5313,171,93898,1299,957087,5859,1050985,7158,27,1068,47,4283,1186,16,"East TN",2455501,327.468813899893,0.137907321201862,291.508738949811,59.3768847986623,13.7907321201862
2020-11-14,89015,1475,83618,1391,5397,84,95433,1535,965982,8895,1061415,10430,7,1075,52,4335,1215,29,"East TN",2455501,333.496097130484,0.144827837892086,424.760568209909,60.0692078724464,14.4827837892086
2020-11-15,90967,1952,85351,1733,5616,219,97393,1960,977151,11169,1074544,13129,7,1082,56,4391,1232,17,"East TN",2455501,349.582427374291,0.154218041449612,534.677037394813,79.4949788250952,15.4218041449612
2020-11-16,92492,1525,86750,1399,5742,126,98930,1537,984770,7619,1083700,9156,10,1092,41,4432,1251,19,"East TN",2455501,386.479174718316,0.157069584544367,372.877062562793,62.1054522071056,15.7069584544367
2020-11-17,93704,1212,87869,1119,5835,93,100151,1221,989913,5143,1090064,6364,31,1123,46,4478,1278,27,"East TN",2455501,397.597068785555,0.160953673850331,259.173178915423,49.358562672139,16.0953673850331
2020-11-18,94902,1198,88825,956,6077,242,101184,1033,995057,5144,1096241,6177,14,1137,53,4531,1293,15,"East TN",2455501,393.280230796078,0.162900106288442,251.557625103798,48.7884142584344,16.2900106288442
2020-11-19,95982,1080,89706,881,6276,199,102043,859,999718,4661,1101761,5520,45,1182,52,4583,1313,20,"East TN",2455501,403.176378262522,0.163013083854041,224.801374546376,43.9828776286387,16.3013083854041
2020-11-20,97108,1126,90669,963,6439,163,103066,1023,1004617,4899,1107683,5922,28,1210,36,4619,1339,26,"East TN",2455501,389.655715880384,0.161698825355392,241.172778997036,45.8562224165252,16.1698825355392
2020-11-21,98326,1218,91733,1064,6593,154,104165,1099,1011023,6406,1115188,7505,3,1213,47,4666,1363,24,"East TN",2455501,379.189420000236,0.162386327710933,305.640274632346,49.6029119922981,16.2386327710933
2020-11-22,99912,1586,93162,1429,6750,157,105831,1666,1020624,9601,1126455,11267,17,1230,57,4723,1390,27,"East TN",2455501,364.284111470531,0.162547436959411,458.847298372104,64.5896702953898,16.2547436959411
2020-11-23,100803,891,93920,758,6883,133,106533,702,1023740,3116,1130273,3818,18,1248,35,4758,1417,27,"East TN",2455501,338.464533307052,0.163249092822021,155.487617394577,36.2858740436269,16.3249092822021
2020-11-24,101714,911,94655,735,7059,176,107238,705,1026767,3027,1134005,3732,13,1261,57,4815,1445,28,"East TN",2455501,326.206342412404,0.161284449602877,151.985277138963,37.1003717774906,16.1284449602877
2020-11-25,102620,906,95341,686,7279,220,107783,545,1029075,2308,1136858,2853,38,1299,56,4871,1470,25,"East TN",2455501,314.314675497994,0.162468916955954,116.188101735654,36.8967473440247,16.2468916955954
2020-11-26,104085,1465,96728,1387,7357,78,109452,1669,1037440,8365,1146892,10034,18,1317,25,4896,1489,19,"East TN",2455501,329.99375687487,0.164166537413308,408.633513079408,59.6619590055146,16.4166537413308
2020-11-27,105788,1703,98294,1566,7494,137,111201,1749,1044979,7539,1156180,9288,5,1322,50,4946,1517,28,"East TN",2455501,353.492016496837,0.167742334577397,378.252747606293,69.3544820384923,16.7742334577397
2020-11-28,107412,1624,99674,1380,7738,244,112695,1494,1052509,7530,1165204,9024,2,1324,45,4991,1545,28,"East TN",2455501,370.02632049427,0.170545425463852,367.501377519292,66.1372159897308,17.0545425463852
2020-11-29,109699,2287,101794,2120,7905,167,115020,2325,1063204,10695,1178224,13020,4,1328,51,5042,1570,25,"East TN",2455501,398.574466066192,0.177500048291449,530.238024745256,93.1378158673118,17.7500048291449
2020-11-30,111933,2234,103799,2005,8134,229,117240,2220,1072654,9450,1189894,11670,15,1343,53,5095,1601,31,"East TN",2455501,453.267988895138,0.179584374633099,475.259427709457,90.979396872573,17.9584374633099
2020-12-01,114194,2261,105805,2006,8389,255,119378,2138,1081489,8835,1200867,10973,20,1363,63,5158,1629,28,"East TN",2455501,508.246585930936,0.181568005743173,446.874181684308,92.078968813289,18.1568005743172
2020-12-02,115251,1057,106718,913,8533,144,120254,876,1084397,2908,1204651,3784,15,1378,42,5200,1662,33,"East TN",2455501,514.396043821607,0.183957045712684,154.102971247008,43.0462052346955,18.3957045712684
2020-12-03,117059,1808,108287,1569,8772,239,121976,1722,1090388,5991,1212364,7713,33,1411,45,5245,1683,21,"East TN",2455501,528.364679957369,0.191287878787879,314.111051064528,73.6305951412767,19.1287878787879
2020-12-04,118788,1729,109675,1388,9113,341,123434,1458,1095908,5520,1219342,6978,37,1448,36,5281,1718,35,"East TN",2455501,529.423527011392,0.193676577689117,284.178259345038,70.4133290925151,19.3676577689117
2020-12-05,119921,1133,110584,909,9337,224,124363,929,1098972,3064,1223335,3993,5,1453,24,5305,1744,26,"East TN",2455501,509.427607645039,0.200719065558824,162.614472565884,46.1412966233775,20.0719065558824
2020-12-06,121390,1469,111847,1263,9543,206,125604,1241,1103464,4492,1229068,5733,20,1473,40,5345,1780,36,"East TN",2455501,476.114650330014,0.20816615529856,233.475775412024,59.8248585522873,20.816615529856
2020-12-07,124113,2723,114252,2405,9861,318,128175,2571,1113010,9546,1241185,12117,31,1504,51,5396,1802,22,"East TN",2455501,496.029119922981,0.2131952974206,493.46345206131,110.89386646554,21.31952974206
2020-12-08,126877,2764,116615,2363,10262,401,130706,2531,1121369,8359,1252075,10890,45,1549,71,5467,1826,24,"East TN",2455501,516.513737929653,0.221215435088267,443.494016088774,112.563586819961,22.1215435088267
2020-12-09,129521,2644,118998,2383,10523,261,133283,2577,1128467,7098,1261750,9675,21,1570,56,5523,1849,23,"East TN",2455501,581.144133111736,0.228182630168654,394.013278756555,107.676600416778,22.8182630168654
2020-12-10,132596,3075,121680,2682,10916,393,136233,2950,1139936,11469,1276169,14419,30,1600,74,5597,1886,37,"East TN",2455501,632.742564552,0.223446438366899,587.21214122902,125.229026581541,22.3446438366899
2020-12-11,134580,1984,123428,1748,11152,236,138023,1790,1147107,7171,1285130,8961,35,1635,50,5647,1911,25,"East TN",2455501,643.127410658762,0.221757767373989,364.935709657622,80.798175199277,22.1757767373989
2020-12-12,137841,3261,126155,2727,11686,534,140997,2974,1158339,11232,1299336,14206,21,1656,73,5720,1936,25,"East TN",2455501,729.789969541857,0.218865541242878,578.537740363372,132.803855506473,21.8865541242878
2020-12-13,142131,4290,130014,3859,12117,431,145361,4364,1175619,17280,1320980,21644,15,1671,62,5782,1970,34,"East TN",2455501,844.674874903329,0.214955609713639,881.449447587274,174.709763913759,21.4955609713639
2020-12-14,144990,2859,132471,2457,12519,402,148034,2673,1184897,9278,1332931,11951,37,1708,72,5854,2004,34,"East TN",2455501,850.213459493602,0.216456303272077,486.703120870242,116.432451055813,21.6456303272077
2020-12-15,149116,4126,136011,3540,13105,586,151897,3863,1199918,15021,1351815,18884,34,1742,94,5948,2035,31,"East TN",2455501,905.680755169719,0.212462402245839,769.048760314087,168.030882496077,21.2462402245839
2020-12-16,152334,3218,138268,2257,14066,961,154283,2386,1207814,7896,1362097,10282,19,1761,60,6008,2077,42,"East TN",2455501,929.056840131607,0.209273819845137,418.733284979318,131.052685378666,20.9273819845137
2020-12-17,156401,4067,141640,3372,14761,695,157890,3607,1218513,10699,1376403,14306,58,1819,75,6083,2116,39,"East TN",2455501,969.455927731245,0.216064409282279,582.61022903269,165.628114181179,21.6064409282279
2020-12-18,159608,3207,144376,2736,15232,471,160769,2879,1227202,8689,1387971,11568,43,1862,62,6145,2146,30,"East TN",2455501,1019.26246415701,0.221176379070604,471.105489266752,130.604711625041,22.1176379070604
2020-12-19,162248,2640,146618,2242,15630,398,163237,2468,1235565,8363,1398802,10831,27,1889,41,6186,2183,37,"East TN",2455501,993.972309520542,0.223593991916836,441.091247773876,107.513700870006,22.3593991916836
2020-12-20,165878,3630,149583,2965,16295,665,166553,3316,1249508,13943,1416061,17259,16,1905,55,6241,2217,34,"East TN",2455501,967.09388430304,0.222883646575026,702.870819437663,147.831338696258,22.2883646575026
2020-12-21,168191,2313,151325,1742,16866,571,168456,1903,1256420,6912,1424876,8815,14,1919,35,6276,2252,35,"East TN",2455501,944.858096168562,0.222111044646256,358.989876200417,94.1966629213346,22.2111044646256
2020-12-22,170845,2654,153026,1701,17819,953,170255,1799,1261473,5053,1431728,6852,62,1981,60,6336,2297,45,"East TN",2455501,884.911062956195,0.229724825748001,279.046923621697,108.08384928371,22.9724825748001
2020-12-23,173063,2218,154472,1446,18591,772,171795,1540,1267250,5777,1439045,7317,41,2022,35,6371,2337,40,"East TN",2455501,844.186176263011,0.227582263346676,297.983995934027,90.3277986854821,22.7582263346676
2020-12-24,175155,2092,155930,1458,19225,634,173393,1598,1273539,6289,1446932,7887,15,2037,30,6401,2375,38,"East TN",2455501,763.754525043973,0.219810290802365,321.197181349142,85.1964629621409,21.9810290802365
2020-12-25,177521,2366,157909,1979,19612,387,175559,2166,1282086,8547,1457645,10713,3,2040,27,6428,2411,36,"East TN",2455501,729.504895335005,0.212274306053908,436.28571114408,96.3550819160733,21.2274306053908
2020-12-26,179460,1939,159376,1467,20084,472,177171,1612,1287739,5653,1464910,7265,2,2042,43,6471,2449,38,"East TN",2455501,700.956749763083,0.210776305439584,295.866301825982,78.9655552980838,21.0776305439584
2020-12-27,180756,1296,160286,910,20470,386,178161,990,1290532,2793,1468693,3783,27,2069,41,6512,2480,31,"East TN",2455501,605.904864221191,0.220550235598115,154.062246360315,52.7794531543665,22.0550235598115
2020-12-28,182152,1396,161264,978,20888,418,179181,1020,1292351,1819,1471532,2839,25,2094,42,6554,2517,37,"East TN",2455501,568.560143123542,0.229873971193416,115.617953321949,56.8519418236849,22.9873971193416
2020-12-29,185057,2905,162990,1726,22067,1179,180959,1778,1296438,4087,1477397,5865,50,2144,64,6618,2559,42,"East TN",2455501,578.782089683531,0.234382184851869,238.851460455524,118.3057958437,23.4382184851869
2020-12-30,187385,2328,164606,1616,22779,712,182636,1677,1300917,4479,1483553,6156,40,2184,44,6662,2597,38,"East TN",2455501,583.261827219781,0.243574188909859,250.702402483241,94.8075362217323,24.3574188909859
2020-12-31,190830,3445,167286,2680,23544,765,185531,2895,1308040,7123,1493571,10018,52,2236,30,6692,2640,43,"East TN",2455501,638.362598915659,0.26025429361693,407.981914892317,140.297234658019,26.025429361693
2021-01-01,193067,2237,169000,1714,24067,523,187387,1856,1314232,6192,1501619,8048,24,2260,31,6723,2680,40,"East TN",2455501,633.109088532238,0.268977122845318,327.753888106745,91.1015715326526,26.8977122845318
2021-01-02,195791,2724,171111,2111,24680,613,189634,2247,1320786,6554,1510420,8801,4,2264,64,6787,2717,37,"East TN",2455501,665.078124586388,0.273851900681169,358.419727786712,110.934591352233,27.3851900681169
2021-01-03,197105,1314,172016,905,25089,409,190571,937,1324151,3365,1514722,4302,15,2279,25,6812,2761,44,"East TN",2455501,665.811172546865,0.269612635512394,175.198462554078,53.5125011148438,26.9612635512394
2021-01-04,198661,1556,173142,1126,25519,430,191748,1177,1326514,2363,1518262,3540,46,2325,34,6846,2811,50,"East TN",2455501,672.327154417775,0.268927883586561,144.166098893871,63.3679236945943,26.8927883586561
2021-01-05,201556,2895,174875,1733,26681,1162,193570,1822,1331776,5262,1525346,7084,43,2368,60,6906,2855,44,"East TN",2455501,671.919905550843,0.263008613318317,288.495097334515,117.898546976768,26.3008613318317
2021-01-06,204096,2540,176667,1792,27429,748,195471,1901,1337354,5578,1532825,7479,52,2420,63,6969,2898,43,"East TN",2455501,680.553581529798,0.260492774801104,304.581427578323,103.441212200687,26.0492774801104
2021-01-07,206598,2502,178797,2130,27801,372,197787,2316,1344457,7103,1542244,9419,33,2453,44,7013,2930,32,"East TN",2455501,642.150013378125,0.251802847574631,383.5877077631,101.893666506346,25.1802847574631
2021-01-08,208941,2343,180650,1853,28291,490,199769,1982,1351786,7329,1551555,9311,50,2503,47,7060,2985,55,"East TN",2455501,646.466851367603,0.24795738545338,379.189420000236,95.4184095221301,24.795738545338
2021-01-09,211509,2568,182647,1997,28862,571,201942,2173,1359969,8183,1561911,10356,27,2530,32,7092,3013,28,"East TN",2455501,640.113769043466,0.239032063855819,421.746926594613,104.581509028097,23.9032063855819
2021-01-10,213171,1662,183778,1131,29393,531,203191,1249,1365768,5799,1568959,7048,36,2566,41,7133,3053,40,"East TN",2455501,654.286029612694,0.232682486125708,287.029001413561,67.6847616840718,23.2682486125708
2021-01-11,214593,1422,184789,1011,29804,411,204288,1097,1369039,3271,1573327,4368,28,2594,40,7173,3093,40,"East TN",2455501,648.828894795807,0.227730863524925,177.886305075828,57.9107888777077,22.7730863524925
2021-01-12,216408,1815,185922,1133,30486,682,205475,1187,1373235,4196,1578710,5383,60,2654,39,7212,3132,39,"East TN",2455501,604.846017167169,0.223090472978038,219.222065069409,73.915669348129,22.3090472978038
2021-01-13,217930,1522,186993,1071,30937,451,206606,1131,1377964,4729,1584570,5860,49,2703,32,7244,3159,27,"East TN",2455501,563.388082513507,0.215189873417722,238.647836022058,61.983277547026,21.5189873417722
2021-01-14,220180,2250,188774,1781,31406,469,208569,1963,1386485,8521,1595054,10484,38,2741,50,7294,3201,42,"East TN",2455501,553.125411066825,0.204165877674683,426.959712091341,91.630995059664,20.4165877674683
2021-01-15,221143,963,189444,670,31699,293,209264,695,1389542,3057,1598806,3752,23,2764,30,7324,3242,41,"East TN",2455501,496.925067430231,0.200948128081945,152.799774872826,39.2180658855362,20.0948128081945
2021-01-16,223573,2430,191192,1748,32381,682,211264,2000,1400416,10874,1611680,12874,13,2777,54,7378,3285,43,"East TN",2455501,491.305033066572,0.187305350720328,524.292191288051,98.9614746644371,18.7305350720328
2021-01-17,224429,856,191798,606,32631,250,211934,670,1404033,3617,1615967,4287,13,2790,24,7402,3319,34,"East TN",2455501,458.480774391865,0.185989618788291,174.58758925368,34.8605030093655,18.5989618788291
2021-01-18,224996,567,192120,322,32876,245,212288,354,1406115,2082,1618403,2436,13,2803,21,7423,3350,31,"East TN",2455501,423.660996269193,0.17747803709291,99.2058239845962,23.0910107550353,17.747803709291
2021-01-19,226676,1680,193093,973,33583,707,213346,1058,1410320,4205,1623666,5263,21,2824,53,7476,3390,40,"East TN",2455501,418.163136565613,0.175082302695969,214.335078666227,68.4178096445491,17.5082302695969
2021-01-20,227660,984,193751,658,33909,326,214042,696,1414310,3990,1628352,4686,32,2856,29,7505,3430,40,"East TN",2455501,396.25314752468,0.169841487369238,190.83681904426,40.073288506093,16.9841487369238
2021-01-21,229213,1553,194883,1132,34330,421,215311,1269,1421237,6927,1636548,8196,65,2921,36,7541,3476,46,"East TN",2455501,367.867901499531,0.162481322600858,333.781171337336,63.2457490345148,16.2481322600858
2021-01-22,230199,986,195587,704,34612,282,216125,814,1426675,5438,1642800,6252,32,2953,31,7572,3508,32,"East TN",2455501,368.804573893474,0.155953084511524,254.611991605786,40.1547382794794,15.5953084511524
2021-01-23,231629,1430,196554,967,35075,463,217225,1100,1434952,8277,1652177,9377,19,2972,41,7613,3534,26,"East TN",2455501,328.07968720029,0.147196088599156,381.877262521986,58.2365879712531,14.7196088599156
2021-01-24,232248,619,197041,487,35207,132,217766,541,1438322,3370,1656088,3911,19,2991,20,7633,3562,28,"East TN",2455501,318.427889054006,0.145360285137459,159.275031857043,25.2087048630809,14.5360285137459
2021-01-25,232987,739,197552,511,35435,228,218315,549,1440078,1756,1658393,2305,44,3035,20,7653,3593,31,"East TN",2455501,325.432569565233,0.150712678169542,93.8708638277891,30.095691266263,15.0712678169542
2021-01-26,234016,1029,198278,726,35738,303,219095,780,1444541,4463,1663636,5243,63,3098,26,7679,3616,23,"East TN",2455501,298.920668327971,0.143832874655992,213.520580932364,41.9059084072863,14.3832874655992
2021-01-27,234970,954,198983,705,35987,249,219850,755,1449058,4517,1668908,5272,55,3153,28,7707,3639,23,"East TN",2455501,297.698921727175,0.143209389486143,214.701602646466,38.8515419052975,14.3209389486143
2021-01-28,236298,1328,199698,715,36600,613,220643,793,1453487,4429,1674130,5222,46,3199,29,7736,3667,28,"East TN",2455501,288.535822221209,0.14187643020595,212.665358311807,54.0826495285484,14.187643020595
2021-01-29,236893,595,200050,352,36843,243,221040,397,1456151,2664,1677191,3061,17,3216,17,7753,3688,21,"East TN",2455501,272.612391524174,0.142915297606932,124.658878167836,24.2313075824445,14.2915297606932
2021-01-30,238048,1155,201017,967,37031,188,222137,1097,1465197,9046,1687334,10143,44,3260,29,7782,3708,20,"East TN",2455501,261.413047683548,0.139716130500327,413.072525728965,47.0372441306275,13.9716130500327
2021-01-31,238725,677,201454,437,37271,240,222626,489,1469119,3922,1691745,4411,29,3289,30,7812,3727,19,"East TN",2455501,263.775091111753,0.136298622991278,179.637475203635,27.5707482912856,13.6298622991278
2021-02-01,239417,692,201863,409,37554,283,223068,442,1470815,1696,1693883,2138,39,3328,10,7822,3754,27,"East TN",2455501,261.861021437173,0.133925049309665,87.0698077500274,28.1816215916833,13.3925049309665
2021-02-02,239954,537,202210,347,37744,190,223427,359,1471873,1058,1695300,1417,57,3385,13,7835,3770,16,"East TN",2455501,241.824377184127,0.136811520970187,57.7071644442417,21.8692641542398,13.6811520970187
2021-02-03,241064,1110,202968,758,38096,352,224251,824,1477876,6003,1702127,6827,46,3431,39,7874,3783,13,"East TN",2455501,248.177459508263,0.132484421565971,278.028801454367,45.2046242294342,13.2484421565971
2021-02-04,242158,1094,203748,780,38410,314,225113,862,1485585,7709,1710698,8571,58,3489,36,7910,3801,18,"East TN",2455501,238.647836022058,0.122238022314592,349.05300384728,44.5530260423433,12.2238022314592
2021-02-05,242972,814,204304,556,38668,258,225714,601,1489390,3805,1715104,4406,67,3556,28,7938,3815,14,"East TN",2455501,247.566586207866,0.123282251470472,179.433850770169,33.1500577682518,12.3282251470472
2021-02-06,244196,1224,205118,814,39078,410,226675,961,1498037,8647,1724712,9608,27,3583,22,7960,3844,29,"East TN",2455501,250.376603389695,0.121408315051635,391.284711348112,49.8472613124572,12.1408315051635
2021-02-07,244713,517,205471,353,39242,164,227081,406,1501121,3084,1728202,3490,2,3585,10,7970,3861,17,"East TN",2455501,243.860621518786,0.122198754697315,142.129854559212,21.0547664203761,12.2198754697315
2021-02-08,245221,508,205766,295,39455,213,227396,315,1502485,1364,1729881,1679,32,3617,9,7979,3877,16,"East TN",2455501,236.36724236724,0.120228901605645,68.3770847578559,20.6882424401375,12.0228901605645
2021-02-09,246244,1023,206394,628,39850,395,228058,662,1506716,4231,1734774,4893,16,3633,38,8017,3888,11,"East TN",2455501,256.159537300127,0.117317728124842,199.266870589749,41.6615590871272,11.7317728124842
2021-02-10,247090,846,206975,581,40115,265,228691,633,1512697,5981,1741388,6614,39,3672,30,8047,3901,13,"East TN",2455501,245.408167213127,0.113089325284634,269.354400588719,34.4532541424337,11.3089325284634
2021-02-11,247957,867,207558,583,40399,284,229340,649,1518265,5568,1747605,6217,37,3709,31,8078,3919,18,"East TN",2455501,236.163617933774,0.114531118757959,253.186620571525,35.3084767629905,11.4531118757959
2021-02-12,248786,829,208148,590,40638,239,229985,645,1523773,5508,1753758,6153,34,3743,12,8090,3928,9,"East TN",2455501,236.774491234172,0.110493092564806,250.580227823161,33.7609310686495,11.0493092564806
2021-02-13,249378,592,208519,371,40859,221,230419,434,1528197,4424,1758616,4858,12,3755,17,8107,3940,12,"East TN",2455501,211.03636284408,0.110429447852761,197.841499555488,24.1091329223649,11.0429447852761
2021-02-14,249916,538,208931,412,40985,126,230871,452,1531162,2965,1762033,3417,15,3770,15,8122,3953,13,"East TN",2455501,211.891585464636,0.112027430463185,139.15693783061,21.909989040933,11.2027430463185
2021-02-15,250294,378,209141,210,41153,168,231099,228,1532486,1324,1763585,1552,5,3775,10,8132,3964,11,"East TN",2455501,206.597350194522,0.109868264894375,63.2050241478216,15.3940071700236,10.9868264894375
2021-02-16,251059,765,209569,428,41490,337,231573,474,1535895,3409,1767468,3883,8,3783,26,8158,3974,10,"East TN",2455501,196.090329427681,0.107512081727534,158.134735029633,31.1545383202858,10.7512081727534
2021-02-17,251679,620,209988,419,41691,201,232023,450,1539144,3249,1771167,3699,11,3794,11,8169,3991,17,"East TN",2455501,186.886505035021,0.111890929849894,150.641355878088,25.2494297497741,11.1890929849894
2021-02-18,252465,786,210532,544,41933,242,232622,599,1544861,5717,1777483,6316,42,3836,19,8188,4008,17,"East TN",2455501,183.587789212873,0.109846709953812,257.21838435415,32.0097609408426,10.9846709953812
2021-02-19,252940,475,210832,300,42108,175,232965,343,1547569,2708,1780534,3051,5,3841,11,8199,4017,9,"East TN",2455501,169.171179323486,0.111293695847027,124.251629300904,19.3443211792624,11.1293695847027
2021-02-20,253563,623,211281,449,42282,174,233471,506,1552793,5224,1786264,5730,18,3859,18,8217,4027,10,"East TN",2455501,170.433650810975,0.110387731481481,233.353600751944,25.3716044098536,11.0387731481481
2021-02-21,253912,349,211509,228,42403,121,233734,263,1554927,2134,1788661,2397,7,3866,12,8229,4045,18,"East TN",2455501,162.736647225963,0.10751840168244,97.617553403562,14.2129854559212,10.751840168244
2021-02-22,254268,356,211703,194,42565,162,233960,226,1556306,1379,1790266,1605,7,3873,22,8251,4061,16,"East TN",2455501,161.840699718713,0.107229863948128,65.3634431425603,14.4980596627735,10.7229863948128
2021-02-23,254904,636,212045,342,42859,294,234321,361,1559253,2947,1793574,3308,26,3899,27,8278,4068,7,"East TN",2455501,156.587189335292,0.105263157894737,134.717925181053,25.901027936865,10.5263157894737
2021-02-24,255643,739,212593,548,43050,191,234929,608,1565445,6192,1800374,6800,19,3918,23,8301,4075,7,"East TN",2455501,161.433450851781,0.0994966959975348,276.929229513651,30.095691266263,9.94966959975348
2021-02-25,256278,635,213038,445,43240,190,235425,496,1570211,4766,1805636,5262,21,3939,16,8317,4084,9,"East TN",2455501,155.283992961111,0.0995631016232728,214.294353779534,25.8603030501718,9.95631016232728
2021-02-26,256738,460,213360,322,43378,138,235793,368,1573332,3121,1809125,3489,14,3953,11,8328,4089,5,"East TN",2455501,154.673119660713,0.0989122451120982,142.089129672519,18.7334478788646,9.89122451120982
2021-02-27,257178,440,213587,227,43591,213,236068,275,1577423,4091,1813491,4366,7,3960,16,8344,4098,9,"East TN",2455501,147.22046539586,0.0953832592647005,177.804855302441,17.918950145001,9.53832592647005
2021-02-28,257544,366,213861,274,43683,92,236381,313,1579983,2560,1816364,2873,5,3965,11,8355,4107,9,"East TN",2455501,147.912788469644,0.0955492184961917,117.002599469518,14.9053085297053,9.55492184961918
2021-03-01,257785,241,214007,146,43778,95,236535,154,1580762,779,1817297,933,4,3969,11,8366,4116,9,"East TN",2455501,143.229426499928,0.0952609966334949,37.9963192847407,9.81469769305734,9.52609966334949
2021-03-02,258405,620,214397,390,44008,230,236982,447,1584218,3456,1821200,3903,7,3976,24,8390,4126,10,"East TN",2455501,142.577828312837,0.0963223050749294,158.949232763497,25.2494297497741,9.63223050749294
2021-03-03,258883,478,214695,298,44188,180,237334,352,1588390,4172,1825724,4524,7,3983,17,8407,4129,3,"East TN",2455501,131.948632885916,0.0948717948717949,184.239387399964,19.466495839342,9.48717948717949
2021-03-04,259491,608,215109,414,44382,194,237806,472,1593210,4820,1831016,5292,18,4001,21,8428,4134,5,"East TN",2455501,130.8490609452,0.0938140267927502,215.51610038033,24.7607311094559,9.38140267927502
2021-03-05,259960,469,215419,310,44541,159,238159,353,1596889,3679,1835048,4032,15,4016,16,8444,4139,5,"East TN",2455501,131.215584925439,0.0912703005053428,164.202743146918,19.0999718591033,9.12703005053427
2021-03-06,260421,461,215740,321,44681,140,238530,371,1601163,4274,1839693,4645,1,4017,10,8454,4145,6,"East TN",2455501,132.070807545996,0.0939622929547363,189.16709868984,18.7741727655578,9.39622929547363
2021-03-07,260674,253,215903,163,44771,90,238713,183,1602893,1730,1841606,1913,1,4018,4,8458,4149,4,"East TN",2455501,127.468895349666,0.0923857063624118,77.906708244061,10.3033963333756,9.23857063624119
2021-03-08,261129,455,216196,293,44933,162,239025,312,1604475,1582,1843500,1894,3,4021,9,8467,4157,8,"East TN",2455501,136.184021102007,0.0950272869518757,77.1329353968905,18.5298234453987,9.50272869518757
2021-03-09,261667,538,216477,281,45190,257,239343,318,1607050,2575,1846393,2893,6,4027,21,8488,4169,12,"East TN",2455501,132.844580393166,0.0937165085539634,117.817097203381,21.909989040933,9.37165085539634
2021-03-10,262317,650,216941,464,45376,186,239849,506,1612519,5469,1852368,5975,7,4034,28,8516,4179,10,"East TN",2455501,139.849260904394,0.0943927338237502,243.331197991774,26.4711763505696,9.43927338237502
2021-03-11,262845,528,217277,336,45568,192,240212,363,1615857,3338,1856069,3701,5,4039,9,8525,4187,8,"East TN",2455501,136.591269968939,0.0960364028260089,150.722805651474,21.5027401740012,9.60364028260089
2021-03-12,263305,460,217642,365,45663,95,240628,416,1619202,3345,1859830,3761,5,4044,12,8537,4195,8,"East TN",2455501,136.2247459887,0.0996287628117182,153.166298853065,18.7334478788646,9.96287628117182
2021-03-13,263750,445,217856,214,45894,231,240906,278,1622841,3639,1863747,3917,2,4046,21,8558,4202,7,"East TN",2455501,135.57314780161,0.0987777500623597,159.519381177202,18.1225745784669,9.87777500623597
2021-03-14,264011,261,218031,175,45980,86,241117,211,1624682,1841,1865799,2052,0,4046,10,8568,4208,6,"East TN",2455501,135.898946895155,0.0993675856652751,83.5674674944136,10.629195426921,9.93675856652751
2021-03-15,264367,356,218216,185,46151,171,241332,215,1625877,1195,1867209,1410,4,4050,15,8583,4212,4,"East TN",2455501,131.86718311253,0.0973048209540681,57.4220902373894,14.4980596627735,9.73048209540681
2021-03-16,265066,699,218667,451,46399,248,241828,496,1629142,3265,1870970,3761,4,4054,36,8619,4213,1,"East TN",2455501,138.423889870132,0.1011107946454,153.166298853065,28.4666957985356,10.11107946454
2021-03-17,265492,426,219000,333,46492,93,242192,364,1632866,3724,1875058,4088,1,4055,16,8635,4222,9,"East TN",2455501,129.301515250859,0.103261348611723,166.483336801736,17.3488017312964,10.3261348611723
2021-03-18,266042,550,219349,349,46693,201,242577,385,1636154,3288,1878731,3673,6,4061,31,8666,4229,7,"East TN",2455501,130.197462758109,0.104359721119054,149.582508824065,22.3986876812512,10.4359721119054
2021-03-19,266834,792,219879,530,46955,262,243137,560,1641193,5039,1884330,5599,15,4076,25,8691,4235,6,"East TN",2455501,143.718125140246,0.102408163265306,228.018640595137,32.2541102610017,10.2408163265306
2021-03-20,267106,272,220044,165,47062,107,243331,194,1643313,2120,1886644,2314,1,4077,15,8706,4237,2,"East TN",2455501,136.672719742325,0.105909071057344,94.2373878080278,11.077169180546,10.5909071057344
2021-03-21,267387,281,220241,197,47146,84,243556,225,1645111,1798,1888667,2023,-17,4060,8,8714,4245,8,"East TN",2455501,137.487217476189,0.106655588595417,82.3864457803112,11.4436931607847,10.6655588595417
2021-03-22,267913,526,220582,341,47331,185,243912,356,1647198,2087,1891110,2443,14,4074,19,8733,4252,7,"East TN",2455501,144.41044821403,0.107945274256307,99.4908981914485,21.4212904006148,10.7945274256307
2021-03-23,268350,437,220830,248,47520,189,244177,265,1649653,2455,1893830,2720,11,4085,17,8750,4258,6,"East TN",2455501,133.740527900416,0.102755905511811,110.77169180546,17.7967754849214,10.2755905511811
2021-03-24,268948,598,221290,460,47658,138,244670,493,1654350,4697,1899020,5190,4,4089,26,8776,4264,6,"East TN",2455501,140.745208411644,0.103413738419164,211.362161937625,24.353482242524,10.3413738419164
2021-03-25,269347,399,221596,306,47751,93,245003,333,1657319,2969,1902322,3302,8,4097,23,8799,4268,4,"East TN",2455501,134.595750520973,0.102835827222246,134.473575860894,16.2492297905804,10.2835827222246
2021-03-26,269757,410,221919,323,47838,87,245348,345,1659950,2631,1905298,2976,7,4104,14,8813,4278,10,"East TN",2455501,119.038843804177,0.105446394505914,121.197262798916,16.6972035442054,10.5446394505914
2021-03-27,269961,204,222100,181,47861,23,245558,210,1662461,2511,1908019,2721,2,4106,13,8826,4289,11,"East TN",2455501,116.26955150904,0.104187134502924,110.812416692154,8.30787688540954,10.4187134502924
2021-03-28,270277,316,222319,219,47958,97,245803,245,1664535,2074,1910338,2319,5,4111,17,8843,4296,7,"East TN",2455501,117.694922543302,0.103686954916709,94.4410122414937,12.8690641950461,10.3686954916709
2021-03-29,270715,438,222555,236,48160,202,246056,253,1666389,1854,1912445,2107,18,4129,18,8861,4301,5,"East TN",2455501,114.111132514302,0.100492149050855,85.8073362625387,17.8375003716146,10.0492149050855
2021-03-30,271090,375,222813,258,48277,117,246378,322,1668865,2476,1915243,2798,5,4134,20,8881,4307,6,"East TN",2455501,111.586189539324,0.102788025965535,113.948232967529,15.271832509944,10.2788025965535
2021-03-31,271750,660,223254,441,48496,219,246865,487,1673679,4814,1920544,5301,4,4138,18,8899,4312,5,"East TN",2455501,114.111132514302,0.101979186024902,215.882624360568,26.8784252175014,10.1979186024902
2021-04-01,272200,450,223577,323,48623,127,247215,350,1676506,2827,1923721,3177,1,4139,18,8917,4320,8,"East TN",2455501,116.188101735654,0.103369316323193,129.382965024246,18.3261990119328,10.3369316323193
2021-04-02,272546,346,223808,231,48738,115,247465,250,1679525,3019,1926990,3269,0,4139,12,8929,4325,5,"East TN",2455501,113.58170898729,0.0975935828877005,133.129654600019,14.0908107958417,9.75935828877005
2021-04-03,272888,342,224058,250,48830,92,247739,274,1681877,2352,1929616,2626,0,4139,13,8942,4334,9,"East TN",2455501,119.20174335095,0.100986248090012,106.943552456301,13.9279112490689,10.0986248090012
2021-04-04,273059,171,224181,123,48878,48,247880,141,1683471,1594,1931351,1735,6,4145,8,8950,4338,4,"East TN",2455501,113.296634780438,0.0988435730262219,70.6576784126742,6.96395562453446,9.88435730262219
2021-04-05,273466,407,224416,235,49050,172,248103,223,1684690,1219,1932793,1442,6,4151,40,8990,4344,6,"East TN",2455501,112.034163292949,0.100599567525064,58.7252866115713,16.5750288841259,10.0599567525064
2021-04-06,273894,428,224665,249,49229,179,248379,276,1686774,2084,1935153,2360,3,4154,27,9017,4349,5,"East TN",2455501,114.192582287688,0.100502260170768,96.1107325959142,17.4302515046828,10.0502260170768
2021-04-07,274523,629,225126,461,49397,168,248886,507,1691466,4692,1940352,5199,5,4159,24,9041,4353,4,"East TN",2455501,112.930110800199,0.102029483037157,211.728685917864,25.6159537300127,10.2029483037157
2021-04-08,274928,405,225380,254,49548,151,249174,288,1694477,3011,1943651,3299,-1,4158,21,9062,4358,5,"East TN",2455501,111.097490899006,0.0982940291018565,134.351401200814,16.4935791107395,9.82940291018565
2021-04-09,275446,518,225786,406,49660,112,249623,449,1698352,3875,1947975,4324,4,4162,31,9093,4361,3,"East TN",2455501,118.102171410234,0.102835358589469,176.094410061328,21.0954913070693,10.2835358589469
2021-04-10,275751,305,226002,216,49749,89,249871,248,1701132,2780,1951003,3028,1,4163,15,9108,4366,5,"East TN",2455501,116.595350602586,0.0996867255809604,123.314956906961,12.4210904414211,9.96867255809604
2021-04-11,275988,237,226166,164,49822,73,250045,174,1702843,1711,1952888,1885,2,4165,10,9118,4370,4,"East TN",2455501,119.283193124336,0.100524678460324,76.7664114166518,9.65179814628461,10.0524678460324
2021-04-12,276453,465,226489,323,49964,142,250375,330,1704605,1762,1954980,2092,3,4168,16,9134,4379,9,"East TN",2455501,121.645236552541,0.102402307657637,85.1964629621409,18.9370723123306,10.2402307657637
2021-04-13,276831,378,226729,240,50102,138,250625,250,1706662,2057,1957287,2307,3,4171,16,9150,4383,4,"East TN",2455501,119.608992217881,0.101472847203397,93.9523136011755,15.3940071700236,10.1472847203397
2021-04-14,277509,678,227229,500,50280,178,251181,556,1711482,4820,1962663,5376,0,4171,29,9179,4386,3,"East TN",2455501,121.604511665847,0.102864058087939,218.936990862557,27.6114731779788,10.2864058087939
2021-04-15,278051,542,227597,368,50454,174,251561,380,1714626,3144,1966187,3524,2,4173,24,9203,4391,5,"East TN",2455501,127.183821142814,0.105919417820376,143.51450070678,22.0728885877057,10.5919417820376
2021-04-16,279024,973,228487,890,50537,83,252668,1107,1722110,7484,1974778,8591,3,4176,32,9235,4394,3,"East TN",2455501,145.713644588212,0.113606685818752,349.867501581144,39.625314752468,11.3606685818752
2021-04-17,279226,202,228634,147,50592,55,252841,173,1724341,2231,1977182,2404,0,4176,10,9245,4395,1,"East TN",2455501,141.518981258814,0.113449711600901,97.9026276104143,8.22642711202317,11.3449711600901
2021-04-18,279445,219,228822,188,50623,31,253043,202,1726144,1803,1979187,2005,6,4182,8,9253,4404,9,"East TN",2455501,140.785933298337,0.113996729913685,81.6533978198339,8.9187501858073,11.3996729913685
2021-04-19,279772,327,229016,194,50756,133,253253,210,1727593,1449,1980846,1659,8,4190,15,9268,4411,7,"East TN",2455501,135.165898934678,0.111265754272017,67.5625870239923,13.3170379486712,11.1265754272017
2021-04-20,280125,353,229293,277,50832,76,253532,279,1730041,2448,1983573,2727,4,4194,20,9288,4415,4,"East TN",2455501,134.147776767348,0.110591189226204,111.056766012313,14.375885002694,11.0591189226204
2021-04-21,280638,513,229623,330,51015,183,253868,336,1733822,3781,1987690,4117,4,4198,15,9303,4421,6,"East TN",2455501,127.428170462973,0.107364046829424,167.664358515839,20.8918668736034,10.7364046829424
2021-04-22,281278,640,230020,397,51258,243,254314,446,1738074,4252,1992388,4698,3,4201,26,9329,4425,4,"East TN",2455501,131.419209358905,0.10507232548376,191.325517684578,26.0639274836378,10.507232548376
2021-04-23,281660,382,230297,277,51363,105,254622,308,1741275,3201,1995897,3509,0,4201,11,9340,4430,5,"East TN",2455501,107.350801323233,0.0925233202329656,142.903627406383,15.5569067167963,9.25233202329656
2021-04-24,281920,260,230485,188,51435,72,254831,209,1744270,2995,1999101,3204,0,4201,19,9359,4437,7,"East TN",2455501,109.712844751438,0.0907888133582736,130.482536964962,10.5884705402278,9.07888133582737
2021-04-25,282118,198,230632,147,51486,51,254989,158,1745919,1649,2000908,1807,4,4205,17,9376,4442,5,"East TN",2455501,108.857622130881,0.0895907186593619,73.5898702545835,8.06352756525043,8.95907186593619
2021-04-26,282507,389,230879,247,51628,142,255240,251,1747891,1972,2003131,2223,6,4211,16,9392,4450,8,"East TN",2455501,111.382565105858,0.0891631142023783,90.531423118948,15.8419809236486,8.91631142023783
2021-04-27,282894,387,231081,202,51813,185,255459,219,1750254,2363,2005713,2582,3,4214,25,9417,4456,6,"East TN",2455501,112.767211253426,0.087037037037037,105.151657441801,15.7605311502622,8.7037037037037
2021-04-28,283380,486,231425,344,51955,142,255840,381,1754381,4127,2010221,4508,6,4220,23,9440,4464,8,"East TN",2455501,111.667639312711,0.0875238560205938,183.587789212873,19.7922949328874,8.75238560205938
2021-04-29,283772,392,231704,279,52068,113,256144,304,1757312,2931,2013456,3235,1,4221,22,9462,4469,5,"East TN",2455501,101.567867412801,0.0868615910385419,131.74500845245,15.9641555837281,8.68615910385419
2021-04-30,284142,370,231932,228,52210,142,256383,239,1760576,3264,2016959,3503,0,4221,18,9480,4474,5,"East TN",2455501,101.079168772483,0.0836102934194284,142.659278086224,15.0682080764781,8.36102934194284
2021-05-01,284377,235,232114,182,52263,53,256571,188,1763066,2490,2019637,2678,-1,4220,15,9495,4475,1,"East TN",2455501,100.061046605153,0.0847292559407869,109.061246564347,9.57034837289824,8.47292559407869
2021-05-02,284552,175,232242,128,52310,47,256704,133,1764543,1477,2021247,1610,1,4221,11,9506,4479,4,"East TN",2455501,99.1243742112099,0.0843207630660308,65.5670675760262,7.1268551713072,8.43207630660308
2021-05-03,284765,213,232357,115,52408,98,256830,126,1766027,1484,2022857,1610,5,4226,17,9523,4483,4,"East TN",2455501,91.9567941532095,0.0806042786170536,65.5670675760262,8.67440086564819,8.06042786170536
2021-05-04,285084,319,232576,219,52508,100,257075,245,1768426,2399,2025501,2644,7,4233,12,9535,4491,8,"East TN",2455501,89.187501858073,0.0816656559531029,107.676600416778,12.9912388551257,8.16656559531029
2021-05-05,285548,464,232869,293,52679,171,257386,311,1772576,4150,2029962,4461,5,4238,22,9557,4496,5,"East TN",2455501,88.2915543508229,0.0783141684818398,181.673719538294,18.8963474256374,7.83141684818398
2021-05-06,285833,285,233065,196,52768,89,257617,231,1775012,2436,2032629,2667,4,4242,10,9567,4502,6,"East TN",2455501,83.9339914746522,0.0768267876701612,108.613272810722,11.6065927075574,7.68267876701612
2021-05-07,286198,365,233313,248,52885,117,257886,269,1778460,3448,2036346,3717,0,4242,15,9582,4507,5,"East TN",2455501,83.7303670411863,0.0775261773353278,151.374403838565,14.8645836430122,7.75261773353278
2021-05-08,286369,171,233416,103,52953,68,258000,114,1780354,1894,2038354,2008,0,4242,7,9589,4514,7,"East TN",2455501,81.1239742928225,0.0763477052946519,81.7755724799135,6.96395562453446,7.63477052946519
2021-05-09,286515,146,233531,115,52984,31,258132,132,1782065,1711,2040197,1843,3,4245,11,9600,4519,5,"East TN",2455501,79.9429525787202,0.0753562005277045,75.0559661755381,5.94583345720486,7.53562005277045
2021-05-10,286750,235,233667,136,53083,99,258277,145,1783581,1516,2041858,1661,7,4252,22,9622,4522,3,"East TN",2455501,80.8389000859702,0.0761538866375454,67.6440367973786,9.57034837289824,7.61538866375454
2021-05-11,287065,315,233895,228,53170,87,258521,244,1786258,2677,2044779,2921,1,4253,19,9641,4526,4,"East TN",2455501,80.6760005391975,0.0750077808901338,118.95739403079,12.828339308353,7.50077808901338
2021-05-12,287369,304,234112,217,53257,87,258772,251,1790322,4064,2049094,4315,3,4256,16,9657,4528,2,"East TN",2455501,74.1600186682881,0.0724440727576835,175.727886081089,12.3803655547279,7.24440727576835
2021-05-13,287579,210,234249,137,53330,73,258917,145,1793055,2733,2051972,2878,1,4257,9,9666,4533,5,"East TN",2455501,71.1056521662993,0.0672077754226335,117.206223902984,8.55222620556864,6.72077754226335
2021-05-14,287880,301,234468,219,53412,82,259165,248,1795740,2685,2054905,2933,1,4258,21,9687,4538,5,"East TN",2455501,68.4992594179355,0.0689153510426208,119.446092671109,12.2581908946484,6.89153510426208
2021-05-15,287988,108,234549,81,53439,27,259267,102,1797727,1987,2056994,2089,0,4258,6,9693,4542,4,"East TN",2455501,65.9335915562649,0.0679721030042919,85.0742883020614,4.39828776286387,6.79721030042919
2021-05-16,288088,100,234623,74,53465,26,259352,85,1799176,1449,2058528,1534,3,4261,4,9697,4546,4,"East TN",2455501,64.0602467683784,0.0665539250450057,62.4719761873443,4.0724886693184,6.65539250450057
2021-05-17,288286,198,234726,103,53560,95,259462,110,1800743,1567,2060205,1677,6,4267,10,9707,4553,7,"East TN",2455501,62.5534259607306,0.0645882160571211,68.2956349844696,8.06352756525043,6.45882160571211
2021-05-18,288497,211,234859,133,53638,78,259606,144,1802980,2237,2062586,2381,8,4275,23,9730,4559,6,"East TN",2455501,58.3180377446395,0.0609310945133936,96.9659552164711,8.59295109226182,6.09310945133936
2021-05-19,288715,218,235024,165,53691,53,259773,167,1806249,3269,2066022,3436,1,4276,21,9751,4562,3,"East TN",2455501,54.8156974890257,0.059132797731569,139.93071067778,8.87802529911411,5.9132797731569
2021-05-20,288891,176,235157,133,53734,43,259927,154,1820417,14168,2080344,14322,3,4279,7,9758,4567,5,"East TN",2455501,53.4310513414574,0.035598477372057,583.261827219781,7.16758005800038,3.5598477372057
2021-05-21,289054,163,235264,107,53790,56,260047,120,1822695,2278,2082742,2398,0,4279,10,9768,4570,3,"East TN",2455501,47.811016977798,0.0316844487552538,97.6582782902552,6.63815653098899,3.16844487552538
2021-05-22,289123,69,235310,46,53813,23,260108,61,1824281,1586,2084389,1647,0,4279,12,9780,4571,1,"East TN",2455501,46.2227463967638,0.0306990326701953,67.073888383674,2.8100171818297,3.06990326701953
2021-05-23,289197,74,235361,51,53836,23,260169,61,1825346,1065,2085515,1126,3,4282,5,9785,4574,3,"East TN",2455501,45.1638993427411,0.0302738355504502,45.8562224165252,3.01364161529562,3.02738355504502
2021-05-24,289357,160,235472,111,53885,49,260295,126,1827270,1924,2087565,2050,0,4282,7,9792,4578,4,"East TN",2455501,43.6163536484001,0.0304459064327485,83.4860177210272,6.51598187090944,3.04459064327485
2021-05-25,289501,144,235568,96,53933,48,260382,87,1828997,1727,2089379,1814,0,4282,9,9801,4584,6,"East TN",2455501,40.8877862399567,0.0289627887881163,73.8749444614358,5.8643836838185,2.89627887881163
2021-05-26,289687,186,235710,142,53977,44,260547,165,1831880,2883,2092427,3048,7,4289,14,9815,4589,5,"East TN",2455501,39.5845898657748,0.0293126301836773,124.129454640825,7.57482892493222,2.93126301836773
2021-05-27,289810,123,235785,75,54025,48,260685,138,1834852,2972,2095537,3110,4,4293,11,9826,4593,4,"East TN",2455501,37.4261708710361,0.0498913973540446,126.654397615802,5.00916106326163,4.98913973540446
2021-05-28,289926,116,235875,90,54051,26,260783,98,1836964,2112,2097747,2210,0,4293,9,9835,4596,3,"East TN",2455501,35.5121011964564,0.0490503165611463,90.0019995919366,4.72408685640934,4.90503165611463
2021-05-29,289977,51,235907,32,54070,19,260820,37,1838040,1076,2098860,1113,0,4293,7,9842,4599,3,"East TN",2455501,34.7790532359791,0.0492018519798217,45.3267988895138,2.07696922135238,4.92018519798217
2021-05-30,290032,55,235947,40,54085,15,260866,46,1839127,1087,2099993,1133,0,4293,7,9849,4604,5,"East TN",2455501,34.0052803888086,0.0481420085647189,46.1412966233775,2.23986876812512,4.81420085647189
2021-05-31,290112,80,236013,66,54099,14,260937,71,1840554,1427,2101491,1498,6,4299,4,9853,4609,5,"East TN",2455501,30.7472894533539,0.046100818612667,61.0058802663896,3.25799093545472,4.6100818612667
2021-06-01,290243,131,236107,94,54136,37,261031,94,1841869,1315,2102900,1409,3,4302,11,9864,4612,3,"East TN",2455501,30.2178659263425,0.0479994083277864,57.3813653506963,5.3349601568071,4.79994083277864
2021-06-02,290362,119,236178,71,54184,48,261104,73,1843848,1979,2104952,2052,1,4303,9,9873,4616,4,"East TN",2455501,27.4892985178992,0.0444710578842315,83.5674674944136,4.8462615164889,4.44710578842315
2021-06-03,290449,87,236233,55,54216,32,261223,119,1847013,3165,2108236,3284,1,4304,7,9880,4621,5,"East TN",2455501,26.0232025969446,0.0423655405937475,133.740527900416,3.54306514230701,4.23655405937475
2021-06-04,290540,91,236292,59,54248,32,261301,78,1849165,2152,2110466,2230,0,4304,7,9887,4621,0,"East TN",2455501,25.005080429615,0.0407264722069345,90.8164973258003,3.70596468907974,4.07264722069345
2021-06-05,290581,41,236318,26,54263,15,261331,30,1850548,1383,2111879,1413,-1,4303,2,9889,4626,5,"East TN",2455501,24.5978315626831,0.0392503264459636,57.544264897469,1.66972035442054,3.92503264459636
2021-06-06,290607,26,236334,16,54273,10,261350,19,1851464,916,2112814,935,-1,4302,2,9891,4629,3,"East TN",2455501,23.4168098485808,0.0377505654785118,38.077769058127,1.05884705402278,3.77505654785118
2021-06-07,290680,73,236369,35,54311,38,261402,52,1852734,1270,2114136,1322,3,4305,10,9901,4631,2,"East TN",2455501,23.1317356417285,0.036773428232503,53.8383002083892,2.97291672860243,3.6773428232503
2021-06-08,290767,87,236436,67,54331,20,261472,70,1854212,1478,2115684,1548,3,4308,4,9905,4634,3,"East TN",2455501,21.3398406272284,0.0344962453066333,63.0421246010488,3.54306514230701,3.44962453066333
2021-06-09,290815,48,236474,38,54341,10,261526,54,1856941,2729,2118467,2783,0,4308,3,9908,4637,3,"East TN",2455501,18.4483736720124,0.0312245652978172,113.337359667131,1.95479456127283,3.12245652978172
2021-06-10,290890,75,236531,57,54359,18,261592,66,1858725,1784,2120317,1850,4,4312,4,9912,4640,3,"East TN",2455501,17.9596750316941,0.0305438291532158,75.3410403823904,3.0543665019888,3.05438291532158
2021-06-11,290960,70,236577,46,54383,24,261647,55,1860210,1485,2121857,1540,2,4314,4,9916,4641,1,"East TN",2455501,17.1044524111373,0.0303748573435168,62.7163255075034,2.85074206852288,3.03748573435168
2021-06-12,290989,29,236599,22,54390,7,261678,31,1861403,1193,2123081,1224,3,4317,1,9917,4644,3,"East TN",2455501,16.6157537708191,0.0309766113194072,49.8472613124572,1.18102171410234,3.09766113194073
2021-06-13,291008,19,236613,14,54395,5,261699,21,1862246,843,2123945,864,1,4318,1,9918,4645,1,"East TN",2455501,16.3306795639668,0.0313538765609559,35.186302102911,0.773772847170496,3.13538765609559
2021-06-14,291061,53,236646,33,54415,20,261740,41,1863498,1252,2125238,1293,3,4321,3,9921,4647,2,"East TN",2455501,15.5161818301031,0.0304449648711944,52.6572784942869,2.15841899473875,3.04449648711944
2021-06-15,291149,88,236715,69,54434,19,261828,88,1865380,1882,2127208,1970,0,4321,4,9925,4651,4,"East TN",2455501,15.5569067167963,0.0308920513710517,80.2280267855725,3.58379002900019,3.08920513710517
2021-06-16,291217,68,236756,41,54461,27,261866,38,1867285,1905,2129151,1943,2,4323,8,9933,4654,3,"East TN",2455501,16.37140445066,0.0318232871583677,79.1284548448565,2.76929229513651,3.18232871583677
2021-06-17,291268,51,236794,38,54474,13,261912,46,1869636,2351,2131548,2397,1,4324,1,9934,4658,4,"East TN",2455501,15.3940071700236,0.0284925652212626,97.617553403562,2.07696922135238,2.84925652212626
2021-06-18,291330,62,236845,51,54485,11,261967,55,1871364,1728,2133331,1783,2,4326,4,9938,4660,2,"East TN",2455501,15.0682080764781,0.0278891406658532,72.6124729739471,2.52494297497741,2.78891406658532
2021-06-19,291358,28,236862,17,54496,11,261985,18,1872514,1150,2134499,1168,0,4326,5,9943,4662,2,"East TN",2455501,15.0274831897849,0.0268873708180067,47.5666676576389,1.14029682740915,2.68873708180067
2021-06-20,291383,25,236883,21,54500,4,262002,17,1873267,753,2135269,770,3,4329,2,9945,4665,3,"East TN",2455501,15.271832509944,0.0267573295655246,31.3581627537517,1.0181221673296,2.67573295655246
2021-06-21,291450,67,236923,40,54527,27,262054,52,1874538,1271,2136592,1323,6,4335,2,9947,4667,2,"East TN",2455501,15.8419809236486,0.027655451823146,53.8790250950824,2.72856740844333,2.7655451823146
2021-06-22,291543,93,236969,46,54574,47,262105,51,1875965,1427,2138070,1478,5,4340,7,9954,4671,4,"East TN",2455501,16.0456053571145,0.0255017492174553,60.1913825325259,3.78741446246611,2.55017492174554
2021-06-23,291612,69,237017,48,54595,21,262160,55,1877754,1789,2139914,1844,2,4342,5,9959,4675,4,"East TN",2455501,16.0863302438077,0.0273158041438261,75.0966910622313,2.8100171818297,2.73158041438261
2021-06-24,291695,83,237069,52,54626,31,262222,62,1879597,1843,2141819,1905,3,4345,6,9965,4676,1,"East TN",2455501,17.3895266179896,0.0301820660110992,77.5809091505155,3.38016559553427,3.01820660110992
2021-06-25,291774,79,237125,56,54649,23,262291,69,1881401,1804,2143692,1873,0,4345,3,9968,4678,2,"East TN",2455501,18.0818496917737,0.0312711128269472,76.2777127763336,3.21726604876154,3.12711128269472
2021-06-26,291809,35,237143,18,54666,17,262312,21,1882585,1184,2144897,1205,0,4345,2,9970,4680,2,"East TN",2455501,18.366923898626,0.0314483554529717,49.0734884652867,1.42537103426144,3.14483554529717
2021-06-27,291838,29,237163,20,54675,9,262336,24,1883299,714,2145635,738,2,4347,3,9973,4682,2,"East TN",2455501,18.5298234453987,0.0322207215898129,30.0549663795698,1.18102171410234,3.22207215898129
2021-06-28,291882,44,237187,24,54695,20,262361,25,1883851,552,2146212,577,4,4351,3,9976,4682,0,"East TN",2455501,17.5931510514555,0.0319126819126819,23.4982596219672,1.7918950145001,3.19126819126819
2021-06-29,292012,130,237272,85,54740,45,262456,95,1885863,2012,2148319,2107,0,4351,7,9983,4685,3,"East TN",2455501,19.0999718591033,0.0342472436335252,85.8073362625387,5.29423527011392,3.42472436335252
2021-06-30,292097,85,237335,63,54762,22,262531,75,1887507,1644,2150038,1719,3,4354,4,9987,4685,0,"East TN",2455501,19.7515700461942,0.0366455946266298,70.0060802255833,3.46161536892064,3.66455946266298
2021-07-01,292203,106,237388,53,54815,53,262596,65,1890059,2552,2152655,2617,1,4355,2,9989,4688,3,"East TN",2455501,20.6882424401375,0.0345145810262089,106.577028476063,4.3168379894775,3.45145810262089
2021-07-02,292285,82,237451,63,54834,19,262670,74,1891741,1682,2154411,1756,0,4355,3,9992,4690,2,"East TN",2455501,20.810417100217,0.0353577759119321,71.5129010332311,3.33944070884109,3.53577759119321
2021-07-03,292333,48,237487,36,54846,12,262710,40,1892827,1086,2155537,1126,1,4356,3,9995,4693,3,"East TN",2455501,21.3398406272284,0.037406015037594,45.8562224165252,1.95479456127283,3.7406015037594
2021-07-04,292360,27,237508,21,54852,6,262735,25,1893527,700,2156262,725,0,4356,1,9996,4694,1,"East TN",2455501,21.258390853842,0.0375458737178884,29.5255428525584,1.09957194071597,3.75458737178884
2021-07-05,292403,43,237532,24,54871,19,262760,25,1894009,482,2156769,507,0,4356,2,9998,4695,1,"East TN",2455501,21.2176659671489,0.037794828076158,20.6475175534443,1.75117012780691,3.7794828076158
2021-07-06,292565,162,237636,104,54929,58,262871,111,1895334,1325,2158205,1436,5,4361,6,10004,4695,0,"East TN",2455501,22.5208623413308,0.0419785555330771,58.4809372914122,6.59743164429581,4.19785555330771
2021-07-07,292708,143,237718,82,54990,61,262959,88,1896791,1457,2159750,1545,4,4365,6,10010,4697,2,"East TN",2455501,24.8829057695354,0.0440691927512356,62.9199499409693,5.82365879712531,4.40691927512356
2021-07-08,292848,140,237820,102,55028,38,263076,117,1898645,1854,2161721,1971,2,4367,3,10013,4699,2,"East TN",2455501,26.2675519171037,0.0529450694904037,80.2687516722657,5.70148413704576,5.29450694904037
2021-07-09,293011,163,237941,121,55070,42,263206,130,1900389,1744,2163595,1874,0,4367,4,10017,4701,2,"East TN",2455501,29.5662677392516,0.0583623693379791,76.3184376630268,6.63815653098899,5.83623693379791
2021-07-10,293115,104,238014,73,55101,31,263280,74,1901446,1057,2164726,1131,0,4367,13,10030,4702,1,"East TN",2455501,31.8468613940699,0.0620306888671237,46.0598468499911,4.23538821609114,6.20306888671237
2021-07-11,293163,48,238049,35,55114,13,263323,43,1902202,756,2165525,799,2,4369,7,10037,4702,0,"East TN",2455501,32.7020840146267,0.0634783547446831,32.539184467854,1.95479456127283,6.34783547446832
2021-07-12,293336,173,238166,117,55170,56,263448,125,1903568,1366,2167016,1491,1,4370,14,10051,4703,1,"East TN",2455501,37.9963192847407,0.0671416024202205,60.7208060595373,7.04540539792083,6.71416024202205
2021-07-13,293550,214,238303,137,55247,77,263593,145,1905189,1621,2168782,1766,4,4374,17,10068,4707,4,"East TN",2455501,40.1140133927862,0.0682613217358419,71.9201499001629,8.71512575234138,6.82613217358419
2021-07-14,293723,173,238439,136,55284,37,263735,142,1906750,1561,2170485,1703,0,4374,12,10080,4708,1,"East TN",2455501,41.3357599935818,0.072286911970191,69.3544820384923,7.04540539792083,7.2286911970191
2021-07-15,293943,220,238589,150,55354,70,263902,167,1908551,1801,2172453,1968,0,4374,15,10095,4708,0,"East TN",2455501,44.5937509290365,0.0769660827431979,80.1465770121861,8.95947507250048,7.69660827431979
2021-07-16,294173,230,238731,142,55442,88,264056,154,1910080,1529,2174136,1683,0,4374,10,10105,4712,4,"East TN",2455501,47.3223183374798,0.0806375106726117,68.5399843046287,9.36672393943232,8.06375106726117
2021-07-17,294319,146,238833,102,55486,44,264168,112,1911298,1218,2175466,1330,0,4374,5,10110,4714,2,"East TN",2455501,49.0327635785935,0.08268156424581,54.1640993019347,5.94583345720486,8.268156424581
2021-07-18,294463,144,238954,121,55509,23,264300,132,1912422,1124,2176722,1256,0,4374,6,10116,4716,2,"East TN",2455501,52.9423527011392,0.0872555148700545,51.1504576866391,5.8643836838185,8.72555148700545
2021-07-19,294766,303,239165,211,55601,92,264515,215,1914112,1690,2178627,1905,2,4376,14,10130,4717,1,"East TN",2455501,58.2365879712531,0.0918956162259926,77.5809091505155,12.3396406680348,9.18956162259926
2021-07-20,295122,356,239402,237,55720,119,264768,253,1915772,1660,2180540,1913,2,4378,22,10152,4719,2,"East TN",2455501,64.0195218816853,0.0999319612178942,77.906708244061,14.4980596627735,9.99319612178942
2021-07-21,295524,402,239696,294,55828,108,265077,309,1917888,2116,2182965,2425,3,4381,28,10180,4723,4,"East TN",2455501,73.3455209344244,0.107532051282051,98.7578502309712,16.37140445066,10.7532051282051
2021-07-22,295999,475,240030,334,55969,141,265445,368,1920256,2368,2185701,2736,5,4386,21,10201,4726,3,"East TN",2455501,83.7303670411863,0.116470410628019,111.423289992551,19.3443211792624,11.6470410628019
2021-07-23,296459,460,240349,319,56110,141,265778,333,1922159,1903,2187937,2236,1,4387,28,10229,4732,6,"East TN",2455501,93.0970909806186,0.124773567132816,91.0608466459594,18.7334478788646,12.4773567132816
2021-07-24,296817,358,240599,250,56218,108,266044,266,1923910,1751,2189954,2017,0,4387,21,10250,4736,4,"East TN",2455501,101.730766959574,0.129486471562673,82.1420964601521,14.5795094361599,12.9486471562673
2021-07-25,297045,228,240789,190,56256,38,266247,203,1925225,1315,2191472,1518,3,4390,17,10267,4741,5,"East TN",2455501,105.151657441801,0.132,61.8203780002533,9.28527416604595,13.2
2021-07-26,297712,667,241252,463,56460,204,266732,485,1926954,1729,2193686,2214,10,4400,36,10303,4745,4,"East TN",2455501,119.97551619812,0.147220931004715,90.1648991387094,27.1634994243537,14.7220931004715
2021-07-27,298438,726,241741,489,56697,237,267247,515,1929275,2321,2196522,2836,2,4402,28,10331,4751,6,"East TN",2455501,135.043724274598,0.155112001001126,115.49577866187,29.5662677392516,15.5112001001126
2021-07-28,299255,817,242289,548,56966,269,267861,614,1932141,2866,2200002,3480,2,4404,37,10368,4754,3,"East TN",2455501,151.94455225227,0.163409050889241,141.72260569228,33.2722324283313,16.3409050889241
2021-07-29,299944,689,242748,459,57196,230,268358,497,1934569,2428,2202927,2925,3,4407,24,10392,4758,4,"East TN",2455501,160.659678004611,0.169104841518635,119.120293577563,28.0594469316038,16.9104841518635
2021-07-30,300941,997,243496,748,57445,249,269161,803,1936372,1803,2205533,2606,4,4411,41,10433,4763,5,"East TN",2455501,182.528942158851,0.192259604455558,106.129054722438,40.6027120331044,19.2259604455558
2021-07-31,301475,534,243860,364,57615,170,269557,396,1938341,1969,2207898,2365,2,4413,32,10465,4773,10,"East TN",2455501,189.696522216851,0.195775746767722,96.3143570293801,21.7470894941603,19.5775746767722
2021-08-01,302005,530,244280,420,57725,110,270018,461,1940479,2138,2210497,2599,3,4416,28,10493,4777,4,"East TN",2455501,201.995437998193,0.198212877792378,105.843980515585,21.5841899473875,19.8212877792378
2021-08-02,302856,851,244819,539,58037,312,270555,537,1942814,2335,2213369,2872,9,4425,33,10526,4786,9,"East TN",2455501,209.488817149738,0.194228522074887,116.961874582824,34.6568785758996,19.4228522074887
2021-08-03,304194,1338,245788,969,58406,369,271571,1016,1946588,3774,2218159,4790,4,4429,41,10567,4796,10,"East TN",2455501,234.412447805967,0.19984286176457,195.072207260351,54.4898983954802,19.984286176457
2021-08-04,305281,1087,246623,835,58658,252,272457,886,1950206,3618,2222663,4504,8,4437,40,10607,4802,6,"East TN",2455501,245.408167213127,0.202815409734787,183.424889666101,44.267951835491,20.2815409734787
2021-08-05,306461,1180,247516,893,58945,287,273410,953,1954170,3964,2227580,4917,10,4447,43,10650,4809,7,"East TN",2455501,265.40408657948,0.20492434997769,200.244267870386,48.0553662979571,20.492434997769
2021-08-06,307798,1337,248503,987,59295,350,274493,1083,1958798,4628,2233291,5711,3,4450,51,10701,4822,13,"East TN",2455501,279.250548055163,0.192088767202248,232.579827904774,54.449173508787,19.2088767202248
2021-08-07,308522,724,249028,525,59494,199,275076,583,1961800,3002,2236876,3585,0,4450,28,10729,4831,9,"East TN",2455501,286.988276526868,0.1904548278004,145.998718795065,29.4848179658652,19.04548278004
2021-08-08,309159,637,249480,452,59679,185,275600,524,1963916,2116,2239516,2640,5,4455,30,10759,4841,10,"East TN",2455501,291.345839403038,0.192356731796409,107.513700870006,25.9417528235582,19.2356731796409
2021-08-09,310532,1373,250445,965,60087,408,276610,1010,1967453,3537,2244063,4547,13,4468,67,10826,4853,12,"East TN",2455501,312.60423025688,0.197269824721444,185.176059793908,55.9152694297416,19.7269824721444
2021-08-10,311857,1325,251294,849,60563,476,277526,916,1970704,3251,2248230,4167,6,4474,49,10875,4867,14,"East TN",2455501,312.074806729869,0.198031325862126,169.700602850498,53.9604748684688,19.8031325862126
2021-08-11,313745,1888,252607,1313,61138,575,278910,1384,1976059,5355,2254969,6739,8,4482,63,10938,4887,20,"East TN",2455501,344.695440971109,0.199746177180709,274.445011425367,76.8885860767314,19.974617718071
2021-08-12,315206,1461,253674,1067,61532,394,280070,1160,1980539,4480,2260609,5640,10,4492,45,10983,4901,14,"East TN",2455501,356.139134131894,0.201640982167186,229.688360949558,59.4990594587418,20.1640982167186
2021-08-13,316850,1644,254796,1122,62054,522,281243,1173,1985958,5419,2267201,6592,11,4503,30,11013,4925,24,"East TN",2455501,368.641674346702,0.199056325567679,268.458453081469,66.9517137235945,19.9056325567679
2021-08-14,318381,1531,255886,1090,62495,441,282444,1201,1991428,5470,2273872,6671,1,4504,27,11040,4939,14,"East TN",2455501,401.506657908101,0.199156665585469,271.67571913023,62.3498015272647,19.9156665585469
2021-08-15,319525,1144,256853,967,62672,177,283503,1059,1995235,3807,2278738,4866,11,4515,21,11061,4952,13,"East TN",2455501,422.154175461545,0.201494059456428,198.167298649033,46.5892703770025,20.1494059456428
2021-08-16,320958,1433,257772,919,63186,514,284465,962,1998294,3059,2282759,4021,17,4532,27,11088,4970,18,"East TN",2455501,424.597668663136,0.202992557370271,163.754769393293,58.3587626313327,20.2992557370271
2021-08-17,322693,1735,258986,1214,63707,521,285785,1320,2003153,4859,2288938,6179,10,4542,25,11113,4987,17,"East TN",2455501,441.294872207342,0.202883954013953,251.639074877184,70.6576784126742,20.2883954013953
2021-08-18,324783,2090,260378,1392,64405,698,287262,1477,2008573,5420,2295835,6897,13,4555,32,11145,5002,15,"East TN",2455501,449.521299319365,0.204375275289972,280.87954352289,85.1150131887546,20.4375275289972
2021-08-19,327173,2390,261879,1501,65294,889,288836,1574,2018524,9951,2307360,11525,23,4578,43,11188,5024,22,"East TN",2455501,487.354719057333,0.187504010609399,469.354319138946,97.3324791967098,18.7504010609399
2021-08-20,329627,2454,263858,1979,65769,475,290947,2111,2025415,6891,2316362,9002,4,4582,37,11225,5057,33,"East TN",2455501,520.341877278812,0.197392241817701,366.605430012042,99.9388719450735,19.7392241817701
2021-08-21,332554,2927,265835,1977,66719,950,293064,2117,2034341,8926,2327405,11043,0,4582,57,11282,5081,24,"East TN",2455501,577.193819102497,0.19838230624101,449.724923752831,119.20174335095,19.838230624101
2021-08-22,334035,1481,267174,1339,66861,142,294581,1517,2039851,5510,2334432,7027,7,4589,17,11299,5100,19,"East TN",2455501,590.9181059181,0.1989083204654,286.173778793004,60.3135571926055,19.89083204654
2021-08-23,335983,1948,268303,1129,67680,819,295767,1186,2043817,3966,2339584,5152,17,4606,38,11337,5121,21,"East TN",2455501,611.89142256509,0.198891333040035,209.814616243284,79.3320792783224,19.8891333040035
2021-08-24,337958,1975,269693,1390,68265,585,297200,1433,2047596,3779,2344796,5212,15,4621,25,11362,5159,38,"East TN",2455501,621.665395371454,0.204357477890365,212.258109444875,80.4316512190384,20.4357477890365
2021-08-25,340181,2223,270906,1213,69275,1010,298444,1244,2051631,4035,2350075,5279,17,4638,39,11401,5198,39,"East TN",2455501,627.081805301647,0.206157817109145,214.986676853318,90.531423118948,20.6157817109145
2021-08-26,342835,2654,272742,1836,70093,818,300400,1956,2058476,6845,2358876,8801,24,4662,40,11441,5228,30,"East TN",2455501,637.833175388648,0.224473949840826,358.419727786712,108.08384928371,22.4473949840826
2021-08-27,345841,3006,275021,2279,70820,727,302773,2373,2065548,7072,2368321,9445,19,4681,44,11485,5250,22,"East TN",2455501,660.313312843285,0.22760253276622,384.646554817123,122.419009399711,22.760253276622
2021-08-28,347983,2142,276561,1540,71422,602,304445,1672,2071414,5866,2375859,7538,1,4682,33,11518,5285,35,"East TN",2455501,628.344276789136,0.234882569034548,306.984195893221,87.2327072968001,23.4882569034548
2021-08-29,350317,2334,278390,1829,71927,505,306469,2024,2078407,6993,2384876,9017,9,4691,45,11563,5316,31,"East TN",2455501,663.082605138422,0.235667274601538,367.21630331244,95.0518855418915,23.5667274601538
2021-08-30,353557,3240,280806,2416,72751,824,309075,2606,2087447,9040,2396522,11646,21,4712,71,11634,5356,40,"East TN",2455501,715.699158746016,0.233727914573747,474.282030428821,131.948632885916,23.3727914573747
2021-08-31,357143,3586,283216,2410,73927,1176,311683,2608,2096032,8585,2407715,11193,7,4719,80,11714,5392,36,"East TN",2455501,781.306951208735,0.230184840827095,455.833656756809,146.039443681758,23.0184840827095
2021-09-01,358572,1429,284167,951,74405,478,312668,985,2098314,2282,2410982,3267,14,4733,32,11746,5434,42,"East TN",2455501,748.971391174347,0.233536375129295,133.048204826632,58.1958630845599,23.3536375129295
2021-09-02,360885,2313,285662,1495,75223,818,314184,1516,2102571,4257,2416755,5773,19,4752,44,11790,5464,30,"East TN",2455501,735.084204811971,0.23815200677275,235.104770879751,94.1966629213346,23.815200677275
2021-09-03,362637,1752,286887,1225,75750,527,315477,1293,2106675,4104,2422152,5397,17,4769,32,11822,5494,30,"East TN",2455501,684.015196898718,0.235997845107838,219.792213483114,71.3500014864584,23.5997845107837
2021-09-04,365892,3255,289226,2339,76666,916,318049,2572,2114720,8045,2432769,10617,3,4772,56,11878,5525,31,"East TN",2455501,729.341995788232,0.239044104726762,432.376122021534,132.559506186314,23.9044104726762
2021-09-05,370346,4454,292483,3257,77863,1197,321538,3489,2127229,12509,2448767,15998,8,4780,58,11936,5580,55,"East TN",2455501,815.678755577782,0.235854815232192,651.516737317558,181.388645331442,23.5854815232192
2021-09-06,375252,4906,296418,3935,78834,971,325826,4288,2142862,15633,2468688,19921,11,4791,102,12038,5617,37,"East TN",2455501,883.526416808627,0.232117617714713,811.280467814918,199.796294116761,23.2117617714713
2021-09-07,377326,2074,297873,1455,79453,619,327342,1516,2147287,4425,2474629,5941,34,4825,64,12102,5649,32,"East TN",2455501,821.950388128533,0.234016797680605,241.946551844206,84.4634150016636,23.4016797680605
2021-09-08,379003,1677,299049,1176,79954,501,328603,1261,2151664,4377,2480267,5638,19,4844,60,12162,5690,41,"East TN",2455501,832.050160028442,0.229992061773833,229.606911176171,68.2956349844696,22.9992061773833
2021-09-09,380913,1910,300056,1007,80857,903,329681,1078,2155329,3665,2485010,4743,8,4852,55,12217,5730,40,"East TN",2455501,815.638030691089,0.227045637682221,193.158137585772,77.7845335839814,22.7045637682221
2021-09-10,386397,5484,303892,3836,82505,1648,333817,4136,2167431,12102,2501248,16238,23,4875,144,12361,5766,36,"East TN",2455501,967.623307830052,0.231870132497219,661.290710123922,223.335278625421,23.1870132497219
2021-09-11,390670,4273,306991,3099,83679,1174,337130,3313,2179249,11818,2516379,15131,8,4883,119,12480,5810,44,"East TN",2455501,1009.08124248371,0.228214328429614,616.208260554567,174.017440839975,22.8214328429614
2021-09-12,392246,1576,308412,1421,83834,155,338683,1553,2184489,5240,2523172,6793,23,4906,50,12530,5854,44,"East TN",2455501,891.87501858073,0.2304280626302,276.644155306799,64.182421428458,23.04280626302
2021-09-13,394592,2346,309859,1447,84733,899,340183,1500,2189612,5123,2529795,6623,63,4969,84,12614,5904,50,"East TN",2455501,787.619308646179,0.234948532901304,269.720924568958,95.5405841822097,23.4948532901304
2021-09-14,397401,2809,311812,1953,85589,856,342257,2074,2195832,6220,2538089,8294,43,5012,63,12677,5948,44,"East TN",2455501,817.552100365669,0.23502994011976,337.772210233268,114.396206721154,23.502994011976
2021-09-15,399194,1793,313009,1197,86185,596,343473,1216,2199607,3775,2543080,4991,23,5035,36,12713,5987,39,"East TN",2455501,822.276187222078,0.236734433954755,203.257909485681,73.0197218408789,23.6734433954755
2021-09-16,401832,2638,314860,1851,86972,787,345430,1957,2206264,6657,2551694,8614,23,5058,65,12778,6024,37,"East TN",2455501,851.923904734716,0.236173594865335,350.804173975087,107.432251096619,23.6173594865335
2021-09-17,404505,2673,316731,1871,87774,802,347432,2002,2213466,7202,2560898,9204,23,5081,82,12860,6079,55,"East TN",2455501,737.446248240176,0.228248113998324,374.831857124065,108.857622130881,22.8248113998324
2021-09-18,405952,1447,317904,1173,88048,274,348766,1334,2218938,5472,2567704,6806,3,5084,39,12899,6137,58,"East TN",2455501,622.357718445238,0.226712128592304,277.17357883381,58.9289110450372,22.6712128592304
2021-09-19,406594,642,318349,445,88245,197,349278,512,2221015,2077,2570293,2589,17,5101,25,12924,6180,43,"East TN",2455501,584.320674273804,0.224846671335498,105.436731648653,26.1453772570241,22.4846671335498
2021-09-20,408572,1978,319601,1252,88971,726,350647,1369,2226651,5636,2577298,7005,48,5149,70,12994,6224,44,"East TN",2455501,569.333915970712,0.220280824368987,285.277831285754,80.553825879118,22.0280824368987
2021-09-21,410439,1867,320701,1100,89738,767,351782,1135,2230955,4304,2582737,5439,31,5180,61,13055,6272,48,"East TN",2455501,530.971072705733,0.213335423759183,221.502658724228,76.0333634561745,21.3335423759183
2021-09-22,412031,1592,321818,1117,90213,475,353003,1221,2236311,5356,2589314,6577,14,5194,45,13100,6312,40,"East TN",2455501,522.785370480403,0.206125362287494,267.847579781071,64.8340196155489,20.6125362287494
2021-09-23,414377,2346,323324,1506,91053,840,354667,1664,2242667,6356,2597334,8020,32,5226,60,13160,6350,38,"East TN",2455501,510.893703565993,0.202388255915863,326.613591279336,95.5405841822097,20.2388255915863
2021-09-24,415914,1537,324305,981,91609,556,355765,1098,2247546,4879,2603311,5977,37,5263,40,13200,6400,50,"East TN",2455501,464.630232282536,0.196472779572301,243.412647765161,62.5941508474238,19.6472779572301
2021-09-25,416611,697,324794,489,91817,208,356327,562,2250567,3021,2606894,3583,2,5265,21,13221,6442,42,"East TN",2455501,434.086567262648,0.192931870375096,145.917269021678,28.3852460251492,19.2931870375096
2021-09-26,417471,860,325422,628,92049,232,357050,723,2254542,3975,2611592,4698,6,5271,26,13247,6478,36,"East TN",2455501,442.964592561762,0.188188575994576,191.325517684578,35.0234025561382,18.8188575994576
2021-09-27,418928,1457,326252,830,92676,627,357972,922,2258133,3591,2616105,4513,46,5317,45,13292,6512,34,"East TN",2455501,421.746926594613,0.18875460612776,183.791413646339,59.3361599119691,18.875460612776
2021-09-28,420212,1284,327033,781,93179,503,358823,851,2261793,3660,2620616,4511,14,5331,34,13326,6548,36,"East TN",2455501,398.004317652487,0.185881359064389,183.709963872953,52.2907545140483,18.5881359064389
2021-09-29,421882,1670,328037,1004,93845,666,359956,1133,2267290,5497,2627246,6630,30,5361,51,13377,6593,45,"East TN",2455501,401.180858814556,0.183301697774966,270.00599877581,68.0105607776173,18.3301697774966
2021-09-30,423091,1209,328798,761,94293,448,360776,820,2271961,4671,2632737,5491,11,5372,40,13417,6628,35,"East TN",2455501,354.876662644405,0.172555998079259,223.620352832273,49.2363880120595,17.2555998079259
2021-10-01,424456,1365,329767,969,94689,396,361848,1072,2276934,4973,2638782,6045,14,5386,47,13464,6657,29,"East TN",2455501,347.871982133178,0.171492204899777,246.181940060297,55.5894703361962,17.1492204899777
2021-10-02,425009,553,330118,351,94891,202,362243,395,2279603,2669,2641846,3064,11,5397,19,13483,6695,38,"East TN",2455501,342.007598449359,0.169260700389105,124.781052827916,22.5208623413308,16.9260700389105
2021-10-03,425548,539,330584,466,94964,73,362767,524,2282694,3091,2645461,3615,13,5410,15,13498,6728,33,"East TN",2455501,328.934909820847,0.168797425374236,147.22046539586,21.9507139276262,16.8797425374236
2021-10-04,426889,1341,331436,852,95453,489,363707,940,2286831,4137,2650538,5077,22,5432,29,13527,6751,23,"East TN",2455501,324.210822964438,0.166555339354689,206.760249741295,54.6120730555597,16.6555339354689
2021-10-05,428152,1263,332192,756,95960,507,364522,815,2291293,4462,2655815,5277,17,5449,41,13568,6791,40,"East TN",2455501,323.355600343881,0.161908008750249,214.905227079932,51.4355318934914,16.1908008750249
2021-10-06,429086,934,332897,705,96189,229,365302,780,2295714,4421,2661016,5201,18,5467,26,13594,6826,35,"East TN",2455501,293.382083737698,0.158306188925081,211.81013569125,38.0370441714339,15.8306188925081
2021-10-07,430200,1114,333688,791,96512,323,366158,856,2300495,4781,2666653,5637,24,5491,26,13620,6857,31,"East TN",2455501,289.513219501845,0.158686165821441,229.566186289478,45.367523776207,15.8686165821441
2021-10-08,431247,1047,334276,588,96971,459,366800,642,2304740,4245,2671540,4887,9,5500,31,13651,6878,21,"East TN",2455501,276.562705533413,0.151169180047622,199.02252126959,42.6389563677636,15.1169180047622
2021-10-09,431787,540,334629,353,97158,187,367216,416,2307549,2809,2674765,3225,4,5504,32,13683,6908,30,"East TN",2455501,276.033282006401,0.15106777241107,131.337759585518,21.9914388143194,15.106777241107
2021-10-10,432103,316,334893,264,97210,52,367526,310,2309781,2232,2677307,2542,6,5510,16,13699,6932,24,"East TN",2455501,266.951632273821,0.149437919989952,103.522661974074,12.8690641950461,14.9437919989952
2021-10-11,433318,1215,335431,538,97887,677,368073,547,2313227,3446,2681300,3993,52,5562,33,13732,6946,14,"East TN",2455501,261.82029655048,0.141928353162993,162.614472565884,49.4807373322186,14.1928353162993
2021-10-12,434252,934,336068,637,98184,297,369078,1005,2316871,3644,2685949,4649,29,5591,32,13764,6980,34,"East TN",2455501,248.421808828422,0.151191345324218,189.329998236612,38.0370441714339,15.1191345324218
2021-10-13,435097,845,336617,549,98480,296,369727,649,2320735,3864,2690462,4513,25,5616,37,13801,7003,23,"East TN",2455501,244.797293912729,0.150275079807105,183.791413646339,34.4125292557405,15.0275079807105
2021-10-14,436044,947,337270,653,98774,294,370448,721,2324738,4003,2695186,4724,31,5647,33,13834,7035,32,"East TN",2455501,237.996237834967,0.150352223740932,192.384364738601,38.5664676984452,15.0352223740932
2021-10-15,436847,803,337783,513,99064,290,371023,575,2328631,3893,2699654,4468,24,5671,30,13864,7060,25,"East TN",2455501,228.05936548183,0.150209859856299,181.958793745146,32.7020840146267,15.0209859856299
2021-10-16,437155,308,338022,239,99133,69,371294,271,2330861,2230,2702155,2501,7,5678,12,13876,7075,15,"East TN",2455501,218.611191769012,0.148886454910551,101.852941619653,12.5432651015007,14.8886454910551
2021-10-17,437407,252,338232,210,99175,42,371542,248,2332524,1663,2704066,1911,7,5685,14,13890,7091,16,"East TN",2455501,216.004799020648,0.150080346799208,77.8252584706746,10.2626714466824,15.0080346799208
2021-10-18,438192,785,338697,465,99495,320,372057,515,2335714,3190,2707771,3705,23,5708,37,13927,7112,21,"East TN",2455501,198.493097742579,0.15050432548827,150.885705198247,31.9690360541494,15.050432548827
2021-10-19,439023,831,339138,441,99885,390,372531,474,2339042,3328,2711573,3802,25,5733,23,13950,7128,16,"East TN",2455501,194.298434413181,0.134756478301592,154.836019207486,33.8423808420359,13.4756478301592
2021-10-20,439785,762,339627,489,100158,273,373071,540,2343063,4021,2716134,4561,15,5748,21,13971,7147,19,"East TN",2455501,190.918268817647,0.130258647553755,185.746208207612,31.0323636602062,13.0258647553755
2021-10-21,440415,630,340050,423,100365,207,373541,470,2346700,3637,2720241,4107,17,5765,21,13992,7165,18,"East TN",2455501,178.008479735907,0.123448413490321,167.257109648907,25.6566786167059,12.3448413490321
2021-10-22,440958,543,340392,342,100566,201,373927,386,2349804,3104,2723731,3490,6,5771,18,14010,7183,18,"East TN",2455501,167.420009195679,0.120613033185197,142.129854559212,22.1136134743989,12.0613033185197
2021-10-23,441314,356,340636,244,100678,112,374200,273,2352188,2384,2726388,2657,0,5771,15,14025,7203,20,"East TN",2455501,169.374803756952,0.119919118557339,108.20602394379,14.4980596627735,11.9919118557339
2021-10-24,441557,243,340798,162,100759,81,374396,196,2354085,1897,2728481,2093,7,5778,14,14039,7215,12,"East TN",2455501,169.008279776714,0.116895351218513,85.2371878488341,9.89614746644371,11.6895351218513
2021-10-25,441979,422,341046,248,100933,174,374667,271,2356516,2431,2731183,2702,28,5806,21,14060,7226,11,"East TN",2455501,154.225145907088,0.11148129164531,110.038643844983,17.1859021845236,11.148129164531
2021-10-26,442504,525,341374,328,101130,197,375005,338,2359155,2639,2734160,2977,12,5818,28,14088,7237,11,"East TN",2455501,141.763330578973,0.10953203169965,121.237987685609,21.3805655139216,10.953203169965
2021-10-27,443124,620,341768,394,101356,226,375429,424,2363353,4198,2738782,4622,10,5828,21,14109,7258,21,"East TN",2455501,135.980396668541,0.104115153655952,188.230426295896,25.2494297497741,10.4115153655952
2021-10-28,443540,416,342024,256,101516,160,375720,291,2366150,2797,2741870,3088,16,5844,15,14124,7273,15,"East TN",2455501,127.2652709162,0.100744370983402,125.758450108552,16.9415528643645,10.0744370983402
2021-10-29,443999,459,342328,304,101671,155,376052,332,2369667,3517,2745719,3849,4,5848,10,14134,7290,17,"East TN",2455501,123.844380433973,0.0966436237947972,156.750088882065,18.6927229921715,9.66436237947972
2021-10-30,444262,263,342530,202,101732,61,376281,229,2372241,2574,2748522,2803,0,5848,16,14150,7305,15,"East TN",2455501,120.056965971506,0.0940182524622752,114.151857400995,10.7106452003074,9.40182524622752
2021-10-31,444433,171,342657,127,101776,44,376427,146,2373865,1624,2750292,1770,0,5848,5,14155,7316,11,"East TN",2455501,117.124774129597,0.0931181513914997,72.0830494469357,6.96395562453446,9.31181513914997
2021-11-01,445028,595,343017,360,102011,235,376817,390,2376982,3117,2753799,3507,14,5862,23,14178,7325,9,"East TN",2455501,124.170179527518,0.0950654403961797,142.822177632996,24.2313075824445,9.50654403961797
2021-11-02,445441,413,343238,221,102203,192,377044,227,2379193,2211,2756237,2438,25,5887,16,14194,7348,23,"East TN",2455501,119.608992217881,0.0923585632105812,99.2872737579826,16.819378204285,9.23585632105812
2021-11-03,446014,573,343618,380,102396,193,377438,394,2383771,4578,2761209,4972,6,5893,14,14208,7359,11,"East TN",2455501,117.694922543302,0.0895795246800731,202.484136638511,23.3353600751944,8.95795246800731
2021-11-04,446430,416,343920,302,102510,114,377768,330,2387306,3535,2765074,3865,13,5906,9,14217,7370,11,"East TN",2455501,117.694922543302,0.0882606447164282,157.401687069156,16.9415528643645,8.82606447164282
2021-11-05,446865,435,344205,285,102660,150,378092,324,2390889,3583,2768981,3907,2,5908,13,14230,7376,6,"East TN",2455501,116.717525262665,0.0876966726850658,159.11213231027,17.715325711535,8.76966726850658
2021-11-06,447098,233,344376,171,102722,62,378280,188,2393129,2240,2771409,2428,0,5908,13,14243,7384,8,"East TN",2455501,115.49577866187,0.0873421593044086,98.8800248910507,9.48889859951187,8.73421593044086
2021-11-07,447297,199,344504,128,102793,71,378434,154,2395030,1901,2773464,2055,6,5914,8,14251,7396,12,"East TN",2455501,116.636075489279,0.086613153806318,83.6896421544931,8.10425245194362,8.6613153806318
2021-11-08,447838,541,344850,346,102988,195,378819,385,2398562,3532,2777381,3917,25,5939,25,14276,7408,12,"East TN",2455501,114.436931607847,0.0848952590959206,159.519381177202,22.0321637010125,8.48952590959206
2021-11-09,448700,862,345462,612,103238,250,379614,795,2405829,7267,2785443,8062,10,5949,27,14303,7423,15,"East TN",2455501,132.722405733087,0.087995617338903,328.324036520449,35.1048523295246,8.7995617338903
2021-11-10,449325,625,345899,437,103426,188,380115,501,2411080,5251,2791195,5752,7,5956,28,14331,7435,12,"East TN",2455501,134.840099841132,0.0892749949976656,234.249548259194,25.45305418324,8.92749949976656
2021-11-11,449828,503,346282,383,103546,120,380520,405,2415368,4288,2795888,4693,5,5961,10,14341,7448,13,"East TN",2455501,138.383164983439,0.0893100538716168,191.121893251113,20.4846180066715,8.93100538716168
2021-11-12,450308,480,346603,321,103705,159,380851,331,2418818,3450,2799669,3781,2,5963,24,14365,7458,10,"East TN",2455501,140.215784884633,0.0899048488008342,153.980796586929,19.5479456127283,8.99048488008342
2021-11-13,450545,237,346745,142,103800,95,381000,149,2420816,1998,2801816,2147,4,5967,11,14376,7467,9,"East TN",2455501,140.378684431405,0.0894530864603545,87.436331730266,9.65179814628461,8.94530864603545
2021-11-14,450906,361,347061,316,103845,45,381345,345,2423794,2978,2805139,3323,1,5968,14,14390,7475,8,"East TN",2455501,146.976116075701,0.0919021310181531,135.32879848145,14.7016840962394,9.19021310181531
2021-11-15,451483,577,347352,291,104131,286,381646,301,2426561,2767,2808207,3068,26,5994,20,14410,7485,10,"East TN",2455501,148.442211996656,0.0917082981898397,124.943952374689,23.4982596219672,9.17082981898398
2021-11-16,452154,671,347784,432,104370,239,382106,460,2430168,3607,2812274,4067,24,6018,17,14427,7495,10,"East TN",2455501,140.663758638258,0.0928776415340464,165.628114181179,27.3263989711265,9.28776415340464
2021-11-17,452866,712,348250,466,104616,246,382614,508,2434813,4645,2817427,5153,5,6023,27,14454,7505,10,"East TN",2455501,144.206823780565,0.0952653247941446,209.855341129977,28.996119325547,9.52653247941446
2021-11-18,453490,624,348660,410,104830,214,383092,478,2439675,4862,2822767,5340,12,6035,19,14473,7514,9,"East TN",2455501,149.13453507044,0.0956880836340638,217.470894941603,25.4123292965468,9.56880836340638
2021-11-19,454103,613,349102,442,105001,171,383552,460,2444149,4474,2827701,4934,7,6042,13,14486,7522,8,"East TN",2455501,154.550945000633,0.0963541666666667,200.93659094417,24.9643555429218,9.63541666666667
2021-11-20,454425,322,349349,247,105076,75,383839,287,2446853,2704,2830692,2991,0,6042,14,14500,7530,8,"East TN",2455501,158.012560369554,0.0983169414046267,121.808136099313,13.1134135152052,9.83169414046267
2021-11-21,454689,264,349501,152,105188,112,384003,164,2448336,1483,2832339,1647,9,6051,11,14511,7541,11,"East TN",2455501,154.062246360315,0.0977205882352941,67.073888383674,10.7513700870006,9.77205882352941
2021-11-22,455441,752,349996,495,105445,257,384515,512,2452204,3868,2836719,4380,20,6071,38,14549,7547,6,"East TN",2455501,161.189101531622,0.100624298540965,178.375003716146,30.6251147932744,10.0624298540965
2021-11-23,456116,675,350465,469,105651,206,385003,488,2455505,3301,2840508,3789,21,6092,20,14569,7554,7,"East TN",2455501,161.352001078395,0.102606786144365,154.306595680474,27.4892985178992,10.2606786144365
2021-11-24,456852,736,350997,532,105855,204,385576,573,2459533,4028,2845109,4601,6,6098,21,14590,7564,10,"East TN",2455501,162.329398359031,0.107000939238494,187.37520367534,29.9735166061834,10.7000939238494
2021-11-25,457138,286,351155,158,105983,128,385750,174,2461169,1636,2846919,1810,1,6099,12,14602,7573,9,"East TN",2455501,148.564386656735,0.110052997681351,73.712044914663,11.6473175942506,11.0052997681351
2021-11-26,457368,230,351357,202,106011,28,385994,244,2462846,1677,2848840,1921,1,6100,15,14617,7577,4,"East TN",2455501,132.966755053246,0.115521074790671,78.2325073376065,9.36672393943232,11.5521074790671
2021-11-27,457652,284,351585,228,106067,56,386248,254,2464440,1594,2850688,1848,0,6100,14,14631,7588,11,"East TN",2455501,131.419209358905,0.120474094818964,75.259590609004,11.5658678208643,12.0474094818964
2021-11-28,457968,316,351797,212,106171,104,386465,217,2465950,1510,2852415,1727,7,6107,20,14651,7599,11,"East TN",2455501,133.53690346695,0.122633990834828,70.3318793191288,12.8690641950461,12.2633990834828
2021-11-29,459065,1097,352512,715,106553,382,387203,738,2470497,4547,2857700,5285,19,6126,36,14687,7607,8,"East TN",2455501,147.586989376099,0.128115914398742,215.231026173477,44.6752007024228,12.8115914398742
2021-11-30,459903,838,353021,509,106882,329,387710,507,2473864,3367,2861574,3874,64,6190,26,14713,7619,12,"East TN",2455501,154.225145907088,0.128500901927276,157.768211049395,34.1274550488882,12.8500901927276
2021-12-01,460986,1083,353792,771,107194,312,388518,808,2479034,5170,2867552,5978,48,6238,33,14746,7640,21,"East TN",2455501,168.356681589623,0.131087644254333,243.453372651854,44.1050522887183,13.1087644254333
2021-12-02,461889,903,354416,624,107473,279,389184,666,2483695,4661,2872879,5327,39,6277,18,14764,7657,17,"East TN",2455501,193.483936679317,0.132280431432974,216.941471414591,36.7745726839452,13.2280431432974
2021-12-03,462907,1018,355151,735,107756,283,389966,782,2488671,4976,2878637,5758,21,6298,26,14790,7670,13,"East TN",2455501,225.575147393546,0.13330201026949,234.493897579353,41.4579346536613,13.330201026949
2021-12-04,463330,423,355485,334,107845,89,390347,381,2491423,2752,2881770,3133,3,6301,29,14819,7682,12,"East TN",2455501,231.235906643899,0.131876970593913,127.591070009745,17.2266270712168,13.1876970593913
2021-12-05,463715,385,355701,216,108014,169,390578,231,2493354,1931,2883932,2162,12,6313,15,14834,7690,8,"East TN",2455501,234.045923825728,0.130500999460609,88.0472050306638,15.6790813768758,13.0500999460609
2021-12-06,464666,951,356346,645,108320,306,391268,690,2497538,4184,2888806,4874,69,6382,32,14866,7704,14,"East TN",2455501,228.100090368524,0.130682183501575,198.493097742579,38.729367245218,13.0682183501575
2021-12-07,465508,842,356878,532,108630,310,391809,541,2501014,3476,2892823,4017,8,6390,28,14894,7709,5,"East TN",2455501,228.262989915296,0.13117219751032,163.59186984652,34.2903545956609,13.117219751032
2021-12-08,466554,1046,357515,637,109039,409,392466,657,2505627,4613,2898093,5270,4,6394,29,14923,7726,17,"East TN",2455501,226.756169107649,0.129268851707541,214.62015287308,42.5982314810705,12.9268851707541
2021-12-09,467473,919,358135,620,109338,299,393133,667,2510604,4977,2903737,5644,19,6413,34,14957,7740,14,"East TN",2455501,227.407767294739,0.127973297038045,229.85126049633,37.4261708710361,12.7973297038045
2021-12-10,468269,796,358683,548,109586,248,393734,601,2515113,4509,2908847,5110,5,6418,22,14979,7754,14,"East TN",2455501,218.366842448853,0.124726911618669,208.10417100217,32.4170098077745,12.4726911618669
2021-12-11,468665,396,358969,286,109696,110,394059,325,2518034,2921,2912093,3246,0,6418,19,14998,7763,9,"East TN",2455501,217.267270508137,0.122415328298651,132.192982206075,16.1270551305009,12.2415328298651
2021-12-12,469096,431,359232,263,109864,168,394353,294,2520552,2518,2914905,2812,9,6427,18,15016,7770,7,"East TN",2455501,219.140615296023,0.121880347399348,114.518381381233,17.5524261647623,12.1880347399348
2021-12-13,469976,880,359806,574,110170,306,394956,603,2525154,4602,2920110,5205,23,6450,24,15040,7779,9,"East TN",2455501,216.249148340807,0.117812420138002,211.973035238023,35.8379002900019,11.7812420138002
2021-12-14,470736,760,360265,459,110471,301,395442,486,2529176,4022,2924618,4508,36,6486,24,15064,7787,8,"East TN",2455501,212.909707631966,0.114263248938512,183.587789212873,30.9509138868198,11.4263248938512
2021-12-15,471604,868,360854,589,110750,279,396070,628,2533978,4802,2930048,5430,19,6505,23,15087,7802,15,"East TN",2455501,205.660677800579,0.112783601940228,221.136134743989,35.3492016496837,11.2783601940228
2021-12-16,472398,794,361366,512,111032,282,396615,545,2537798,3820,2934413,4365,19,6524,22,15109,7819,17,"East TN",2455501,200.570066963931,0.113508932064154,177.764130415748,32.3355600343881,11.3508932064154
2021-12-17,473207,809,361901,535,111306,274,397200,585,2542466,4668,2939666,5253,24,6548,34,15143,7833,14,"East TN",2455501,201.099490490943,0.112463090950388,213.927829799296,32.9464333347859,11.2463090950388
2021-12-18,473777,570,362282,381,111495,189,397626,426,2545810,3344,2943436,3770,0,6548,29,15172,7846,13,"East TN",2455501,208.185620775557,0.113805315381425,153.532822833304,23.2131854151149,11.3805315381425
2021-12-19,474197,420,362562,280,111635,140,397936,310,2548471,2661,2946407,2971,6,6554,16,15188,7855,9,"East TN",2455501,207.737647021932,0.113738810234271,120.99363836545,17.1044524111373,11.3738810234271
2021-12-20,475129,932,363184,622,111945,310,398574,638,2552431,3960,2951005,4598,40,6594,31,15219,7867,12,"East TN",2455501,209.855341129977,0.117106327884771,187.25302901526,37.9555943980475,11.7106327884771
2021-12-21,476139,1010,363840,656,112299,354,399243,669,2556814,4383,2956057,5052,30,6624,29,15248,7877,10,"East TN",2455501,220.036562803273,0.120900792009924,205.742127573966,41.1321355601158,12.0900792009924
2021-12-22,477624,1485,364571,731,113053,754,399991,748,2561151,4337,2961142,5085,852,7476,40,15288,7893,16,"East TN",2455501,245.163817892968,0.126101498681418,207.086048834841,60.4764567393782,12.6101498681418
2021-12-23,478789,1165,365376,805,113413,360,400855,864,2565636,4485,2966491,5349,27,7503,35,15323,7910,17,"East TN",2455501,260.272750856139,0.132177816572106,217.837418921841,47.4444929975594,13.2177816572106
2021-12-24,479727,938,366026,650,113701,288,401563,708,2569471,3835,2971034,4543,0,7503,18,15341,7932,22,"East TN",2455501,265.52626123956,0.139090793165009,185.013160247135,38.1999437182066,13.9090793165009
2021-12-25,480207,480,366309,283,113898,197,401896,333,2571590,2119,2973486,2452,8,7511,19,15360,7940,8,"East TN",2455501,261.861021437173,0.142096505823627,99.8574221716871,19.5479456127283,14.2096505823627
2021-12-26,480550,343,366586,277,113964,66,402216,320,2573465,1875,2975681,2195,62,7573,19,15379,7957,17,"East TN",2455501,258.725205161798,0.146204823392772,89.3911262915389,13.9686361357621,14.6204823392772
2021-12-27,482425,1875,367848,1262,114577,613,403527,1311,2578217,4752,2981744,6063,64,7637,36,15415,7976,19,"East TN",2455501,297.12877331347,0.161130811021829,246.914988020775,76.35916254972,16.1130811021829
2021-12-28,484848,2423,369291,1443,115557,980,405012,1485,2582594,4377,2987606,5862,18,7655,27,15442,7989,13,"East TN",2455501,354.673038210939,0.182858410726172,238.729285795445,98.6764004575848,18.2858410726172
2021-12-29,487732,2884,371218,1927,116514,957,407016,2004,2587883,5289,2994899,7293,37,7692,30,15472,8004,15,"East TN",2455501,411.647154694704,0.20810498563261,297.006598653391,117.450573223143,20.810498563261
2021-12-30,490554,2822,373002,1784,117552,1038,408838,1822,2592345,4462,3001183,6284,14,7706,34,15506,8019,15,"East TN",2455501,479.12829194531,0.230110688343134,255.915187979968,114.925630248165,23.0110688343134
2021-12-31,493077,2523,374816,1814,118261,709,410785,1947,2597178,4833,3007963,6780,0,7706,25,15531,8038,19,"East TN",2455501,543.677237354006,0.249722440358526,276.114731779788,102.748889126903,24.9722440358526
2022-01-01,494536,1459,376047,1231,118489,228,412124,1339,2600827,3649,3012951,4988,0,7706,34,15565,8046,8,"East TN",2455501,583.546901426634,0.259166349930318,203.135734825602,59.4176096853555,25.9166349930318
2022-01-02,495998,1462,377009,962,118989,500,413347,1223,2603843,3016,3017190,4239,6,7712,27,15592,8066,20,"East TN",2455501,629.118049636306,0.268158712568359,172.632794692407,59.539784345435,26.8158712568359
2022-01-03,498891,2893,379193,2184,119698,709,415573,2226,2608013,4170,3023586,6396,33,7745,38,15630,8080,14,"East TN",2455501,670.575984289968,0.287892548157354,260.476375289605,117.817097203381,28.7892548157354
2022-01-04,503061,4170,381649,2456,121412,1714,417963,2390,2613250,5237,3031213,7627,14,7759,43,15673,8098,18,"East TN",2455501,741.72236134296,0.296993601944642,310.608710808914,169.822777510577,29.6993601944642
2022-01-05,507990,4929,385056,3407,122934,1522,421461,3498,2618484,5234,3039945,8732,15,7774,44,15717,8123,25,"East TN",2455501,825.004754630521,0.320672201749323,355.609710604883,200.732966510704,32.0672201749323
2022-01-06,513139,5149,388522,3466,124617,1683,425106,3645,2624095,5611,3049201,9256,11,7785,43,15760,8143,20,"East TN",2455501,919.771565965561,0.338789620558957,376.949551232111,209.692441583204,33.8789620558957
2022-01-07,517507,4368,391746,3224,125761,1144,428385,3279,2628779,4684,3057164,7963,12,7797,40,15800,8165,22,"East TN",2455501,994.908981914485,0.357716306579135,324.292272737824,177.886305075828,35.7716306579135
2022-01-08,520648,3141,394168,2422,126480,719,430989,2604,2633541,4762,3064530,7366,1,7798,43,15843,8185,20,"East TN",2455501,1063.40824133242,0.365749626786095,299.979515381993,127.916869103291,36.5749626786095
2022-01-09,524149,3501,396850,2682,127299,819,433888,2899,2638542,5001,3072430,7900,15,7813,42,15885,8203,18,"East TN",2455501,1146.44628529982,0.371850108616944,321.726604876154,142.577828312837,37.1850108616944
2022-01-10,528787,4638,399922,3072,128865,1566,437128,3240,2643320,4778,3080448,8018,29,7842,63,15948,8236,33,"East TN",2455501,1217.51121257943,0.379075656853435,326.532141505949,188.882024482987,37.9075656853435
2022-01-11,534386,5599,403960,4038,130426,1561,441262,4134,2648509,5189,3089771,9323,30,7872,50,15998,8261,25,"East TN",2455501,1275.70707566399,0.397879025923016,379.678118640554,228.018640595137,39.7879025923016
2022-01-12,540070,5684,407939,3979,132131,1705,445428,4166,2653278,4769,3098706,8935,16,7888,32,16030,8283,22,"East TN",2455501,1306.45436511734,0.407872568540358,363.876862603599,231.480255964058,40.7872568540358
2022-01-13,547394,7324,413185,5246,134209,2078,450905,5477,2660204,6926,3111109,12403,65,7953,50,16080,8299,16,"East TN",2455501,1395.03099367502,0.416731278671577,505.110769655561,298.26907014088,41.6731278671577
2022-01-14,553888,6494,417961,4776,135927,1718,455834,4929,2666083,5879,3121917,10808,68,8021,39,16119,8332,33,"East TN",2455501,1481.61210278473,0.423903139622875,440.154575379933,264.467414185537,42.3903139622875
2022-01-15,558427,4539,421346,3385,137081,1154,459447,3613,2671170,5087,3130617,8700,9,8030,38,16157,8347,15,"East TN",2455501,1538.5454943818,0.430614190385401,354.306514230701,184.850260700362,43.0614190385401
2022-01-16,562279,3852,424661,3315,137618,537,462937,3490,2675817,4647,3138754,8137,7,8037,40,16197,8365,18,"East TN",2455501,1552.83992961111,0.437986249321513,331.378403022438,156.872263542145,43.7986249321513
2022-01-17,566911,4632,427988,3327,138923,1305,466407,3470,2680552,4735,3146959,8205,15,8052,43,16240,8389,24,"East TN",2455501,1552.59558029095,0.440212897114763,334.147695317575,188.637675162828,44.0212897114763
2022-01-18,572864,5953,431663,3675,141201,2278,470144,3737,2684013,3461,3154157,7198,49,8101,48,16288,8421,32,"East TN",2455501,1567.01219018033,0.448575777342901,293.137734417538,242.435250484524,44.8575777342901
2022-01-19,581162,8298,437663,6000,143499,2298,476317,6173,2689860,5847,3166177,12020,22,8123,53,16341,8453,32,"East TN",2455501,1673.46704399632,0.457811504201805,489.513138052072,337.935109780041,45.7811504201805
2022-01-20,589450,8288,443725,6062,145725,2226,482592,6275,2695577,5717,3178169,11992,44,8167,43,16384,8487,34,"East TN",2455501,1712.72583476855,0.47251714882195,488.372841224663,337.527860913109,47.251714882195
2022-01-21,596748,7298,449336,5611,147412,1687,488474,5882,2701299,5722,3189773,11604,53,8220,31,16415,8518,31,"East TN",2455501,1745.46864366987,0.48101862768215,472.571585187707,297.210223086857,48.101862768215
2022-01-22,602746,5998,454199,4863,148547,1135,493637,5163,2707385,6086,3201022,11249,0,8220,57,16472,8545,27,"East TN",2455501,1804.88625335522,0.485618919110859,458.114250411627,244.267870385718,48.5618919110859
2022-01-23,606341,3595,457173,2974,149168,621,496782,3145,2710654,3269,3207436,6414,6,8226,31,16503,8577,32,"East TN",2455501,1794.41995747507,0.492778311639149,261.209423250082,146.405967661996,49.2778311639149
2022-01-24,613023,6682,461853,4680,151170,2002,501745,4963,2716034,5380,3217779,10343,37,8263,45,16548,8612,35,"East TN",2455501,1877.9059751961,0.498983338040102,421.217503067602,272.123692883855,49.8983338040102
2022-01-25,618722,5699,465931,4078,152791,1621,506009,4264,2720687,4653,3226696,8917,30,8293,36,16584,8641,29,"East TN",2455501,1867.56185397603,0.494423689325742,363.143814643122,232.091129264456,49.4423689325742
2022-01-26,624521,5799,470353,4422,154168,1377,510686,4677,2725580,4893,3236266,9570,26,8319,37,16621,8675,34,"East TN",2455501,1765.79036212977,0.490362253706002,389.737165653771,236.163617933774,49.0362253706002
2022-01-27,631771,7250,476121,5768,155650,1482,516827,6141,2732733,7153,3249560,13294,29,8348,52,16673,8722,47,"East TN",2455501,1723.51792974224,0.479542239217829,541.396643699188,295.255428525584,47.9542239217829
2022-01-28,636724,4953,479820,3699,156904,1254,520754,3927,2737572,4839,3258326,8766,38,8386,42,16715,8756,34,"East TN",2455501,1628.01807044672,0.470876548072294,356.994356752451,201.71036379134,47.0876548072294
2022-01-29,640786,4062,483087,3267,157699,795,524298,3544,2743001,5429,3267299,8973,5,8391,32,16747,8794,38,"East TN",2455501,1549.17468980872,0.462619008102358,365.42440829794,165.424489747713,46.2619008102358
2022-01-30,642852,2066,484596,1509,158256,557,525894,1596,2745477,2476,3271371,4072,17,8408,24,16771,8840,46,"East TN",2455501,1486.90633805484,0.455337452099789,165.831738614645,84.1376159081181,45.5337452099789
2022-01-31,646761,3909,487062,2466,159699,1443,528466,2572,2748409,2932,3276875,5504,68,8476,38,16809,8878,38,"East TN",2455501,1373.97622725464,0.452162582915933,224.149776359285,159.193582083656,45.2162582915933
2022-02-01,651716,4955,490579,3517,161137,1438,532368,3902,2753668,5259,3286036,9161,28,8504,40,16849,8910,32,"East TN",2455501,1343.67691155491,0.444202898550725,373.080686996259,201.791813564727,44.4202898550725
2022-02-02,656425,4709,494089,3510,162336,1199,536122,3754,2758567,4899,3294689,8653,21,8525,47,16896,8952,42,"East TN",2455501,1299.28678505934,0.43537647844171,352.392444556121,191.773491438203,43.537647844171
2022-02-03,665352,8927,496767,2678,168585,6249,538949,2827,2762920,4353,3301869,7180,26,8551,41,16937,8980,28,"East TN",2455501,1367.58242004381,0.422910015484907,292.404686457061,363.551063510054,42.2910015484907
2022-02-04,668882,3530,499288,2521,169594,1009,541695,2746,2767510,4590,3309205,7336,12,8563,38,16975,9009,29,"East TN",2455501,1309.63090627941,0.411584347176635,298.757768781198,143.75885002694,41.1584347176635
2022-02-05,670558,1676,500471,1183,170087,493,543031,1336,2770132,2622,3313163,3958,3,8566,26,17001,9053,44,"East TN",2455501,1212.46132662947,0.408446712018141,161.189101531622,68.2549100977764,40.8446712018141
2022-02-06,671863,1305,501417,946,170446,359,544117,1086,2772784,2652,3316901,3738,1,8567,36,17037,9085,32,"East TN",2455501,1181.46968785596,0.40024159894575,152.229626459122,53.1459771346051,40.024159894575
2022-02-07,674671,2808,503250,1833,171421,975,546092,1975,2775669,2885,3321761,4860,50,8617,46,17083,9117,32,"East TN",2455501,1136.63158760677,0.392683687564051,197.922949328874,114.355481834461,39.2683687564051
2022-02-08,677330,2659,504956,1706,172374,953,547981,1889,2778336,2667,3326317,4556,21,8638,43,17126,9154,37,"East TN",2455501,1043.12724775921,0.387602095280653,185.542583774146,108.287473717176,38.7602095280653
2022-02-09,680231,2901,507032,2076,173199,825,550292,2311,2782007,3671,3332299,5982,26,8664,28,17154,9187,33,"East TN",2455501,969.496652617938,0.37676149960117,243.616272198627,118.142896296927,37.676149960117
2022-02-10,682735,2504,508810,1778,173925,726,552264,1972,2785216,3209,3337480,5181,28,8692,30,17184,9225,38,"East TN",2455501,707.920705387617,0.373901322625032,210.995637957386,101.975116279733,37.3901322625032
2022-02-11,685029,2294,510534,1724,174495,570,554161,1897,2788580,3364,3342741,5261,31,8723,41,17225,9256,31,"East TN",2455501,657.584745434842,0.371719942748092,214.253628892841,93.4228900741641,37.1719942748092
2022-02-12,685959,930,511219,685,174740,245,554941,780,2791082,2502,3346023,3282,3,8726,17,17242,9298,42,"East TN",2455501,627.203979961727,0.362446743761412,133.65907812703,37.8741446246611,36.2446743761412
2022-02-13,686535,576,511635,416,174900,160,555425,484,2792482,1400,3347907,1884,35,8761,11,17253,9321,23,"East TN",2455501,597.515537562396,0.364703605753725,76.7256865299587,23.457534735274,36.4703605753725
2022-02-14,688774,2239,513063,1428,175711,811,557044,1619,2795489,3007,3352533,4626,146,8907,26,17279,9353,32,"East TN",2455501,574.343077033974,0.355907968282855,188.393325842669,91.183021306039,35.5907968282855
2022-02-15,690663,1889,514457,1394,176206,495,558579,1535,2798354,2865,3356933,4400,37,8944,30,17309,9383,30,"East TN",2455501,542.984914280222,0.346158871178469,179.18950145001,76.9293109634246,34.6158871178469
2022-02-16,692428,1765,515691,1234,176737,531,559950,1371,2801559,3205,3361509,4576,14,8958,20,17329,9405,22,"East TN",2455501,496.721442996765,0.330640191715166,186.35708150801,71.8794250134698,33.0640191715166
2022-02-17,694198,1770,516942,1251,177256,519,561332,1382,2805081,3522,3366413,4904,13,8971,23,17352,9429,24,"East TN",2455501,466.829376163968,0.313413749006325,199.714844343374,72.0830494469357,31.3413749006325
2022-02-18,695375,1177,517666,724,177709,453,562168,836,2808046,2965,3370214,3801,8,8979,10,17362,9457,28,"East TN",2455501,421.339677727682,0.291449787063662,154.795294320792,47.9331916378776,29.1449787063662
2022-02-19,695910,535,518009,343,177901,192,562580,412,2810148,2102,3372728,2514,1,8980,15,17377,9491,34,"East TN",2455501,405.253347483874,0.286051301254447,102.382365146665,21.7878143808534,28.6051301254447
2022-02-20,696278,368,518241,232,178037,136,562852,272,2811583,1435,3374435,1707,8,8988,5,17382,9507,16,"East TN",2455501,396.782571051692,0.279968335343788,69.5173815852651,14.9867583030917,27.9968335343788
2022-02-21,696998,720,518649,408,178349,312,563297,445,2813134,1551,3376431,1996,7,8995,13,17395,9527,20,"East TN",2455501,334.921468164745,0.261653694869864,81.2868738395953,29.3219184190925,26.1653694869864
2022-02-22,698172,1174,519300,651,178872,523,564024,727,2815484,2350,3379508,3077,44,9039,23,17418,9546,19,"East TN",2455501,305.803174179119,0.241196013289037,125.310476354927,47.811016977798,24.1196013289037
2022-02-23,699032,860,519771,471,179261,389,564556,532,2818081,2597,3382637,3129,79,9118,9,17427,9574,28,"East TN",2455501,268.947151721787,0.218004543733434,127.428170462973,35.0234025561382,21.8004543733434
2022-02-24,699887,855,520258,487,179629,368,565122,566,2820583,2502,3385705,3068,50,9168,13,17440,9595,21,"East TN",2455501,231.683880397524,0.196454488907319,124.943952374689,34.8197781226723,19.6454488907319
2022-02-25,700650,763,520711,453,179939,310,565628,506,2822960,2377,3388588,2883,5,9173,24,17464,9611,16,"East TN",2455501,214.823777306546,0.188309567867639,117.409848336449,31.0730885468994,18.8309567867639
2022-02-26,700905,255,520891,180,180014,75,565845,217,2824696,1736,3390541,1953,0,9173,6,17470,9629,18,"East TN",2455501,203.420809032454,0.183293100544546,79.5357037117883,10.3848461067619,18.3293100544546
2022-02-27,700928,23,520913,22,180015,1,565875,30,2825051,355,3390926,385,4,9177,2,17472,9650,21,"East TN",2455501,189.370723123306,0.183312109635559,15.6790813768758,0.936672393943232,18.3312109635559
2022-02-28,701792,864,521371,458,180421,406,566388,513,2827738,2687,3394126,3200,27,9204,19,17491,9671,21,"East TN",2455501,195.235106807124,0.17468211359141,130.319637418189,35.186302102911,17.468211359141
2022-03-01,702554,762,521733,362,180821,400,566791,403,2829956,2218,3396747,2621,28,9232,17,17508,9687,16,"East TN",2455501,178.456453489532,0.160508150124717,106.739928022835,31.0323636602062,16.0508150124717
2022-03-02,703010,456,521996,263,181014,193,567101,310,2832269,2313,3399370,2623,8,9240,11,17519,9710,23,"East TN",2455501,162.003599265486,0.152094663240304,106.821377796222,18.5705483320919,15.2094663240304
2022-03-03,703365,355,522182,186,181183,169,567322,221,2834225,1956,3401547,2177,15,9255,11,17530,9726,16,"East TN",2455501,141.641155918894,0.138871354626941,88.6580783310616,14.4573347760803,13.8871354626941
2022-03-04,703701,336,522395,213,181306,123,567587,265,2836468,2243,3404055,2508,10,9265,10,17540,9736,10,"East TN",2455501,124.251629300904,0.126656753087218,102.138015826505,13.6835619289098,12.6656753087218
2022-03-05,703843,142,522497,102,181346,40,567703,116,2838180,1712,3405883,1828,0,9265,7,17547,9753,17,"East TN",2455501,119.649717104575,0.1211054621301,74.4450928751403,5.78293391043213,12.11054621301
2022-03-06,703942,99,522556,59,181386,40,567775,72,2839391,1211,3407166,1283,2,9267,4,17551,9763,10,"East TN",2455501,122.744808493257,0.116995073891626,52.2500296273551,4.03176378262522,11.6995073891626
2022-03-07,704204,262,522728,172,181476,90,567986,211,2841095,1704,3409081,1915,13,9280,9,17560,9774,11,"East TN",2455501,98.2284267039598,0.106853895018389,77.9881580174473,10.6699203136142,10.6853895018389
2022-03-08,704466,262,522827,99,181639,163,568109,123,2842847,1752,3410956,1875,27,9307,9,17569,9790,16,"East TN",2455501,77.8659833573678,0.0927581110563727,76.35916254972,10.6699203136142,9.27581110563727
2022-03-09,704759,293,522954,127,181805,166,568258,149,2844858,2011,3413116,2160,23,9330,7,17576,9800,10,"East TN",2455501,71.2278268263788,0.0841699403462826,87.9657552572774,11.9323918011029,8.41699403462826
2022-03-10,704945,186,523053,99,181892,87,568387,129,2846954,2096,3415341,2225,75,9405,3,17579,9809,9,"East TN",2455501,64.3453209752307,0.0772074815137016,90.6128728923344,7.57482892493222,7.72074815137016
2022-03-11,705156,211,523144,91,182012,120,568491,104,2849144,2190,3417635,2294,79,9484,5,17584,9825,16,"East TN",2455501,59.2547101385827,0.0665684830633284,93.4228900741641,8.59295109226182,6.65684830633284
2022-03-12,705225,69,523179,35,182046,34,568532,41,2850429,1285,3418961,1326,0,9484,3,17587,9834,9,"East TN",2455501,56.2817934099803,0.0633888973849212,54.001199755162,2.8100171818297,6.33888973849212
2022-03-13,705316,91,523232,53,182084,38,568602,70,2852038,1609,3420640,1679,4,9488,5,17592,9840,6,"East TN",2455501,55.9559943164348,0.0613774677156004,68.3770847578559,3.70596468907974,6.13774677156004
2022-03-14,705473,157,523315,83,182158,74,568708,106,2853123,1085,3421831,1191,69,9557,3,17595,9851,11,"East TN",2455501,51.6798812136505,0.0566274509803922,48.5033400515821,6.39380721082989,5.66274509803922
2022-03-15,705659,186,523394,79,182265,107,568799,91,2854556,1433,3423355,1524,4,9561,1,17596,9859,8,"East TN",2455501,48.5847898249685,0.0556496491652553,62.0647273204124,7.57482892493222,5.56496491652553
2022-03-16,705814,155,523486,92,182328,63,568908,109,2856123,1567,3425031,1676,10,9571,5,17601,9865,6,"East TN",2455501,42.9647554613091,0.0545530843474612,68.2549100977764,6.31235743744352,5.45530843474612
2022-03-17,705954,140,523580,94,182374,46,569023,115,2857422,1299,3426445,1414,7,9578,1,17602,9874,9,"East TN",2455501,41.0914106734227,0.0572766570605187,57.5849897841622,5.70148413704576,5.72766570605187
2022-03-18,706097,143,523668,88,182429,55,569117,94,2858913,1491,3428030,1585,2,9580,1,17603,9885,11,"East TN",2455501,38.3221183782861,0.0602212602212602,64.5489454086966,5.82365879712531,6.02212602212602
2022-03-19,706170,73,523726,58,182444,15,569183,66,2860086,1173,3429269,1239,0,9580,1,17604,9890,5,"East TN",2455501,38.4850179250589,0.0631548311990687,50.458134612855,2.97291672860243,6.31548311990687
2022-03-20,706236,66,523775,49,182461,17,569241,58,2860741,655,3429982,713,3,9583,0,17604,9896,6,"East TN",2455501,37.4668957577293,0.0684007707129094,29.0368442122402,2.68784252175014,6.84007707129094
2022-03-21,706333,97,523841,66,182492,31,569319,78,2861630,889,3430949,967,16,9599,1,17605,9902,6,"East TN",2455501,35.0234025561382,0.0670103092783505,39.3809654323089,3.95031400923885,6.70103092783505
2022-03-22,706417,84,523896,55,182521,29,569382,63,2862633,1003,3432015,1066,2,9601,5,17610,9909,7,"East TN",2455501,30.8694641134335,0.0673210161662817,43.4127292149341,3.42089048222746,6.73210161662818
2022-03-23,706512,95,523969,73,182543,22,569461,79,2864076,1443,3433537,1522,11,9612,0,17610,9919,10,"East TN",2455501,28.4259709118424,0.0650129320479661,61.983277547026,3.86886423585248,6.50129320479661
2022-03-24,706615,103,524003,34,182612,69,569504,43,2865160,1084,3434664,1127,5,9617,0,17610,9927,8,"East TN",2455501,26.9191501041946,0.0585229346635844,45.8969473032184,4.19466332939795,5.85229346635844
2022-03-25,706679,64,524049,46,182630,18,569561,57,2866614,1454,3436175,1511,0,9617,2,17612,9931,4,"East TN",2455501,23.7018840554331,0.05451197053407,61.535303793401,2.60639274836378,5.451197053407
2022-03-26,706720,41,524082,33,182638,8,569600,39,2867611,997,3437211,1036,0,9617,1,17613,9940,9,"East TN",2455501,22.3986876812512,0.0525056660790733,42.1909826141386,1.66972035442054,5.25056660790733
2022-03-27,706741,21,524097,15,182644,6,569617,17,2868057,446,3437674,463,2,9619,3,17616,9944,4,"East TN",2455501,20.5660677800579,0.0488819552782111,18.8556225389442,0.855222620556864,4.88819552782111
2022-03-28,706854,113,524146,49,182708,64,569679,62,2869479,1422,3439158,1484,30,9649,2,17618,9950,6,"East TN",2455501,21.2176659671489,0.0438543062492386,60.435731852685,4.60191219632979,4.38543062492386
2022-03-29,706968,114,524201,55,182767,59,569739,60,2870589,1110,3440328,1170,6,9655,0,17618,9961,11,"East TN",2455501,22.4394125679444,0.0429447852760736,47.6481174310253,4.64263708302298,4.29447852760736
2022-03-30,707067,99,524259,58,182808,41,569803,64,2871969,1380,3441772,1444,6,9661,4,17622,9967,6,"East TN",2455501,22.6023121147171,0.0415300546448087,58.8067363849577,4.03176378262522,4.15300546448087
2022-03-31,707151,84,524314,55,182837,29,569870,67,2873152,1183,3443022,1250,8,9669,0,17622,9968,1,"East TN",2455501,21.8285392675466,0.0437903804737976,50.90610836648,3.42089048222746,4.37903804737976
2022-04-01,707247,96,524367,53,182880,43,569933,63,2874429,1277,3444362,1340,15,9684,0,17622,9971,3,"East TN",2455501,23.1317356417285,0.0454378893367534,54.5713481688666,3.90958912254566,4.54378893367534
2022-04-02,707333,86,524393,26,182940,60,569964,31,2875231,802,3445195,833,0,9684,1,17623,9976,5,"East TN",2455501,24.9643555429218,0.0455911823647295,33.9238306154223,3.50234025561382,4.55911823647295
2022-04-03,707357,24,524405,12,182952,12,569981,17,2875711,480,3445692,497,10,9694,0,17623,9979,3,"East TN",2455501,25.0865302030013,0.0453978548266401,20.2402686865124,0.977397280636416,4.53978548266401
2022-04-04,707447,90,524456,51,182991,39,570040,59,2876719,1008,3446759,1067,51,9745,4,17627,9981,2,"East TN",2455501,24.1498578090581,0.0474937508222602,43.4534541016273,3.66523980238656,4.74937508222602
2022-04-05,707543,96,524496,40,183047,56,570089,49,2877734,1015,3447823,1064,36,9781,1,17628,9985,4,"East TN",2455501,23.4168098485808,0.0466977985323549,43.3312794415478,3.90958912254566,4.66977985323549
2022-04-06,707642,99,524550,54,183092,45,570151,62,2878901,1167,3449052,1229,0,9781,0,17628,9990,5,"East TN",2455501,23.4168098485808,0.0478021978021978,50.0508857459231,4.03176378262522,4.78021978021978
2022-04-07,707825,183,524596,46,183229,137,570205,54,2880014,1113,3450219,1167,53,9834,1,17629,9990,0,"East TN",2455501,27.448573631206,0.0465471724329582,47.5259427709457,7.45265426485267,4.65471724329582
2022-04-08,707894,69,524647,51,183247,18,570260,55,2881233,1219,3451493,1274,6,9840,0,17629,9992,2,"East TN",2455501,26.34900169049,0.0458561211611275,51.8835056471164,2.8100171818297,4.58561211611275
2022-04-09,707948,54,524677,30,183271,24,570301,41,2882094,861,3452395,902,0,9840,0,17629,9995,3,"East TN",2455501,25.0458053163082,0.0468055555555556,36.733847797252,2.19914388143194,4.68055555555556
2022-04-10,708014,66,524712,35,183302,31,570343,42,2882727,633,3453070,675,1,9841,1,17630,9996,1,"East TN",2455501,26.7562505574219,0.0490647872052047,27.4892985178992,2.68784252175014,4.90647872052047
2022-04-11,708118,104,524778,66,183340,38,570418,75,2883634,907,3454052,982,5,9846,2,17632,10000,4,"East TN",2455501,27.3263989711265,0.0518305224187577,39.9918387327067,4.23538821609114,5.18305224187577
2022-04-12,708209,91,524834,56,183375,35,570487,69,2884647,1013,3455134,1082,26,9872,2,17634,10004,4,"East TN",2455501,27.1227745376605,0.0544385173026946,44.0643274020251,3.70596468907974,5.44385173026946
2022-04-13,708333,124,524913,79,183420,45,570572,85,2885840,1193,3456412,1278,0,9872,1,17635,10008,4,"East TN",2455501,28.1408967049901,0.0572010869565217,52.0464051938891,5.04988594995482,5.72010869565217
2022-04-14,708436,103,524960,47,183476,56,570624,52,2886875,1035,3457499,1087,3,9875,0,17635,10011,3,"East TN",2455501,24.8829057695354,0.057554945054945,44.267951835491,4.19466332939795,5.7554945054945
2022-04-15,708511,75,525011,51,183500,24,570686,62,2887908,1033,3458594,1095,1,9876,1,17636,10012,1,"East TN",2455501,25.1272550896945,0.0599915504858471,44.5937509290365,3.0543665019888,5.99915504858471
2022-04-16,708570,59,525057,46,183513,13,570739,53,2888652,744,3459391,797,0,9876,1,17637,10013,1,"East TN",2455501,25.3308795231604,0.0626072041166381,32.4577346944676,2.40276831489786,6.26072041166381
2022-04-17,708608,38,525084,27,183524,11,570772,33,2889252,600,3460024,633,0,9876,0,17637,10015,2,"East TN",2455501,24.1905826957513,0.0616911130284728,25.7788532767855,1.54754569434099,6.16911130284728
2022-04-18,708839,231,525212,128,183627,103,570910,138,2890135,883,3461045,1021,-1,9875,2,17639,10015,0,"East TN",2455501,29.3626433057857,0.0703560703560704,41.5801093137409,9.4074488261255,7.03560703560704
2022-04-19,708955,116,525274,62,183681,54,570973,63,2891093,958,3462066,1021,2,9877,2,17641,10018,3,"East TN",2455501,30.3807654731153,0.0701096364685516,41.5801093137409,4.72408685640934,7.01096364685516
2022-04-20,709095,140,525365,91,183730,49,571074,101,2892523,1430,3463597,1531,8,9885,1,17642,10020,2,"East TN",2455501,31.0323636602062,0.0698677800974252,62.3498015272647,5.70148413704576,6.98677800974252
2022-04-21,709213,118,525445,80,183768,38,571162,88,2893665,1142,3464827,1230,5,9890,1,17643,10023,3,"East TN",2455501,31.643236960604,0.0734170305676856,50.0916106326163,4.80553662979571,7.34170305676856
2022-04-22,709336,123,525529,84,183807,39,571252,90,2894745,1080,3465997,1170,3,9893,0,17643,10026,3,"East TN",2455501,33.5980315218768,0.0764554910171552,47.6481174310253,5.00916106326163,7.64554910171552
2022-04-23,709411,75,525576,47,183835,28,571300,48,2895602,857,3466902,905,0,9893,0,17643,10027,1,"East TN",2455501,34.2496297089677,0.0746904540007988,36.8560224573315,3.0543665019888,7.46904540007988
2022-04-24,709482,71,525616,40,183866,31,571346,46,2896269,667,3467615,713,2,9895,1,17644,10032,5,"East TN",2455501,35.5935509698428,0.0756158608878936,29.0368442122402,2.89146695521606,7.56158608878936
2022-04-25,709671,189,525715,99,183956,90,571444,98,2897004,735,3468448,833,0,9895,5,17649,10035,3,"East TN",2455501,33.8831057287291,0.0721329190868567,33.9238306154223,7.69700358501178,7.21329190868567
2022-04-26,709846,175,525828,113,184018,62,571565,121,2898239,1235,3469804,1356,0,9895,0,17649,10040,5,"East TN",2455501,36.2858740436269,0.0765055569914707,55.2229463559575,7.1268551713072,7.65055569914707
2022-04-27,710038,192,525927,99,184111,93,571667,102,2899434,1195,3471101,1297,0,9895,2,17651,10043,3,"East TN",2455501,38.4035681516725,0.0790245202558635,52.8201780410596,7.81917824509133,7.90245202558635
2022-04-28,710190,152,526016,89,184174,63,571766,99,2900595,1161,3472361,1260,4,9899,1,17652,10048,5,"East TN",2455501,39.7882142992408,0.080169896469339,51.3133572334118,6.19018277736397,8.0169896469339
2022-04-29,710328,138,526102,86,184226,52,571858,92,2901757,1162,3473615,1254,2,9901,0,17652,10050,2,"East TN",2455501,40.3990875996385,0.0795484379102127,51.0690079132527,5.62003436365939,7.95484379102127
2022-04-30,710403,75,526158,56,184245,19,571920,62,2902487,730,3474407,792,0,9901,0,17652,10050,0,"East TN",2455501,40.3990875996385,0.0826115922718188,32.2541102610017,3.0543665019888,8.26115922718188
2022-05-01,710459,56,526191,33,184268,23,571953,33,2902980,493,3474933,526,0,9901,0,17652,10053,3,"East TN",2455501,39.7882142992408,0.0829461601530473,21.4212904006148,2.2805936548183,8.29461601530473
2022-05-02,710644,185,526320,129,184324,56,572099,146,2904006,1026,3476105,1172,6,9907,2,17654,10054,1,"East TN",2455501,39.625314752468,0.085542640720909,47.7295672044116,7.53410403823904,8.5542640720909
2022-05-03,710828,184,526428,108,184400,76,572219,120,2904953,947,3477172,1067,2,9909,1,17655,10055,1,"East TN",2455501,39.9918387327067,0.0887622149837134,43.4534541016273,7.49337915154586,8.87622149837133
2022-05-04,711091,263,526596,168,184495,95,572395,176,2906228,1275,3478623,1451,3,9912,2,17657,10055,0,"East TN",2455501,42.8833056879227,0.0967827705397501,59.09181059181,10.7106452003074,9.67827705397501
2022-05-05,711309,218,526739,143,184570,75,572546,151,2907349,1121,3479895,1272,1,9913,2,17659,10057,2,"East TN",2455501,45.5711482096729,0.103530661003451,51.80205587373,8.87802529911411,10.3530661003451
2022-05-06,711531,222,526881,142,184650,80,572699,153,2908567,1218,3481266,1371,1,9914,2,17661,10060,3,"East TN",2455501,48.9920386919003,0.109920271859888,55.8338196563553,9.04092484588685,10.9920271859888
2022-05-07,711649,118,526959,78,184690,40,572791,92,2909439,872,3482230,964,0,9914,2,17663,10061,1,"East TN",2455501,50.7432088197073,0.11133836124249,39.2587907722294,4.80553662979571,11.133836124249
2022-05-08,711759,110,527039,80,184720,30,572876,85,2910090,651,3482966,736,0,9914,1,17664,10062,1,"East TN",2455501,52.9423527011392,0.114901033237894,29.9735166061834,4.47973753625024,11.4901033237894
2022-05-09,711989,230,527169,130,184820,100,573014,138,2911072,982,3484086,1120,13,9927,2,17666,10063,1,"East TN",2455501,54.7749726023325,0.114647287307355,45.6118730963661,9.36672393943232,11.4647287307355
2022-05-10,712283,294,527339,170,184944,124,573196,182,2912584,1512,3485780,1694,9,9936,4,17670,10065,2,"East TN",2455501,59.2547101385827,0.11349907063197,68.9879580582537,11.9731166877961,11.349907063197
2022-05-11,712564,281,527535,196,185029,85,573406,210,2913669,1085,3487075,1295,1,9937,0,17670,10066,1,"East TN",2455501,59.98775809906,0.119616658778987,52.7387282676733,11.4436931607847,11.9616658778987
2022-05-12,712799,235,527699,164,185100,71,573583,177,2914945,1276,3488528,1453,2,9939,2,17672,10067,1,"East TN",2455501,60.6800811728442,0.120120467971736,59.1732603651963,9.57034837289824,12.0120467971736
2022-05-13,713078,279,527894,195,185184,84,573790,207,2916296,1351,3490086,1558,0,9939,0,17672,10069,2,"East TN",2455501,63.0013997143556,0.123696145124717,63.4493734679807,11.3622433873983,12.3696145124717
2022-05-14,713187,109,527973,79,185214,30,573873,83,2917023,727,3490896,810,0,9939,1,17673,10073,4,"East TN",2455501,62.634875734117,0.124855758135241,32.987158221479,4.43901264955706,12.4855758135241
2022-05-15,713371,184,528105,132,185266,52,574017,144,2917875,852,3491892,996,0,9939,3,17676,10076,3,"East TN",2455501,65.6485173494126,0.127828814698633,40.5619871464113,7.49337915154586,12.7828814698633
2022-05-16,713678,307,528299,194,185379,113,574215,198,2919238,1363,3493453,1561,2,9941,3,17679,10080,4,"East TN",2455501,68.7843336247878,0.128216077719654,63.5715481280602,12.5025402148075,12.8216077719654
2022-05-17,714090,412,528521,222,185569,190,574451,236,2920488,1250,3494939,1486,16,9957,0,17679,10083,3,"East TN",2455501,73.5898702545835,0.137023692542854,60.5171816260714,16.7786533175918,13.7023692542854
2022-05-18,714454,364,528743,222,185711,142,574689,238,2921877,1389,3496566,1627,7,9964,3,17682,10084,1,"East TN",2455501,76.9700358501178,0.135180697502897,66.2593906498104,14.823858756319,13.5180697502897
2022-05-19,714874,420,529021,278,185853,142,574979,290,2923303,1426,3498282,1716,31,9995,4,17686,10086,2,"East TN",2455501,84.5041398883568,0.143120770965758,69.8839055655037,17.1044524111373,14.3120770965758
2022-05-20,715311,437,529290,269,186021,168,575260,281,2924703,1400,3499963,1681,0,9995,5,17691,10087,1,"East TN",2455501,90.9386719858799,0.148830616583983,68.4585345312423,17.7967754849214,14.8830616583983
2022-05-21,715526,215,529431,141,186095,74,575414,154,2925745,1042,3501159,1196,0,9995,4,17695,10088,1,"East TN",2455501,95.2555099753574,0.150151027964533,48.7069644850481,8.75585063903456,15.0151027964533
2022-05-22,715697,171,529564,133,186133,38,575557,143,2926760,1015,3502317,1158,5,10000,5,17700,10089,1,"East TN",2455501,94.726086448346,0.147721822541966,47.1594187907071,6.96395562453446,14.7721822541966
2022-05-23,716080,383,529809,245,186271,138,575804,247,2927952,1192,3503756,1439,6,10006,4,17704,10092,3,"East TN",2455501,97.821177837028,0.154226924196836,58.6031119514918,15.5976316034895,15.4226924196836
2022-05-24,716650,570,530110,301,186540,269,576118,314,2929390,1438,3505508,1752,0,10006,3,17707,10093,1,"East TN",2455501,104.255709934551,0.15772542340808,71.3500014864584,23.2131854151149,15.772542340808
2022-05-25,717126,476,530436,326,186690,150,576471,353,2930876,1486,3507347,1839,18,10024,2,17709,10095,2,"East TN",2455501,108.816897244188,0.165290789351637,74.8930666287654,19.3850460659556,16.5290789351637
2022-05-26,717618,492,530739,303,186879,189,576787,316,2932376,1500,3509163,1816,12,10036,3,17712,10101,6,"East TN",2455501,111.749089086097,0.166161198419263,73.9563942348221,20.0366442530465,16.6161198419263
2022-05-27,718035,417,531009,270,187026,147,577064,277,2934327,1951,3511391,2228,4,10040,5,17717,10102,1,"East TN",2455501,110.934591352233,0.157857892894645,90.735047552414,16.9822777510577,15.7857892894645
2022-05-28,718319,284,531227,218,187092,66,577291,227,2935387,1060,3512678,1287,0,10040,0,17717,10104,2,"East TN",2455501,113.744608534063,0.162948172584426,52.4129291741278,11.5658678208643,16.2948172584426
2022-05-29,718571,252,531376,149,187195,103,577451,160,2936275,888,3513726,1048,0,10040,2,17719,10108,4,"East TN",2455501,117.043324356211,0.166009290910685,42.6796812544568,10.2626714466824,16.6009290910685
2022-05-30,718783,212,531518,142,187265,70,577603,152,2936986,711,3514589,863,0,10040,5,17724,10108,0,"East TN",2455501,110.079368731676,0.16606664820456,35.1455772162178,8.63367597895501,16.606664820456
2022-05-31,719301,518,531815,297,187486,221,577902,299,2937913,927,3515815,1226,2,10042,4,17728,10108,0,"East TN",2455501,107.961674623631,0.173086252061706,49.9287110858436,21.0954913070693,17.3086252061706
2022-06-01,719970,669,532210,395,187760,274,578335,433,2939277,1364,3517612,1797,1,10043,5,17733,10109,1,"East TN",2455501,115.821577755415,0.181587920116902,73.1826213876516,27.2449491977401,18.1587920116902
2022-06-02,720535,565,532598,388,187937,177,578753,418,2940813,1536,3519566,1954,0,10043,3,17736,10110,1,"East TN",2455501,118.794494484018,0.188983946938383,79.5764285984815,23.009560981649,18.8983946938383
2022-06-03,721162,627,532999,401,188163,226,579178,425,2942372,1559,3521550,1984,1,10044,4,17740,10113,3,"East TN",2455501,127.346720689586,0.20809134757358,80.798175199277,25.5345039566264,20.809134757358
2022-06-04,721471,309,533244,245,188227,64,579444,266,2943528,1156,3522972,1422,0,10044,1,17741,10115,2,"East TN",2455501,128.364842856916,0.209150961725277,57.9107888777077,12.5839899881939,20.9150961725277
2022-06-05,721805,334,533475,231,188330,103,579688,244,2944522,994,3524210,1238,3,10047,3,17744,10115,0,"East TN",2455501,131.704283565757,0.213372758489126,50.4174097261618,13.6021121555235,21.3372758489126
2022-06-06,722349,544,533782,307,188567,237,580008,320,2945614,1092,3525622,1412,0,10047,4,17748,10117,2,"East TN",2455501,145.224945947894,0.217982416387202,57.5035400107758,22.1543383610921,21.7982416387202
2022-06-07,722991,642,534136,354,188855,288,580369,361,2946667,1053,3527036,1414,3,10050,6,17754,10118,1,"East TN",2455501,150.274831897849,0.219855627840656,57.5849897841622,26.1453772570241,21.9855627840656
2022-06-08,723634,643,534559,423,189075,220,580828,459,2948280,1613,3529108,2072,0,10050,4,17758,10119,1,"East TN",2455501,149.215984843826,0.216858037578288,84.3819652282772,26.1861021437173,21.6858037578288
2022-06-09,724248,614,534960,401,189288,213,581254,426,2949769,1489,3531023,1915,10,10060,3,17761,10123,4,"East TN",2455501,151.211504291792,0.218294492450031,77.9881580174473,25.005080429615,21.8294492450031
2022-06-10,724864,616,535324,364,189540,252,581650,396,2951457,1688,3533107,2084,1,10061,2,17763,10124,1,"East TN",2455501,150.763530538167,0.213896339880592,84.8706638685955,25.0865302030013,21.3896339880592
2022-06-11,725233,369,535625,301,189608,68,581990,340,2952551,1094,3534541,1434,0,10061,6,17769,10126,2,"East TN",2455501,153.207023739758,0.220070879073386,58.3994875180259,15.0274831897849,22.0070879073386
2022-06-12,725548,315,535780,155,189768,160,582155,165,2953114,563,3535269,728,2,10063,3,17772,10131,5,"East TN",2455501,152.433250892588,0.223076227507008,29.647717512638,12.828339308353,22.3076227507008
2022-06-13,726131,583,536108,328,190023,255,582490,335,2953886,772,3536376,1107,5,10068,7,17779,10136,5,"East TN",2455501,154.021521473622,0.230797842663195,45.0824495693547,23.7426089421263,23.0797842663195
2022-06-14,726837,706,536495,387,190342,319,582909,419,2955172,1286,3538081,1705,3,10071,5,17784,10138,2,"East TN",2455501,156.627914221986,0.229968311453146,69.4359318118787,28.7517700053879,22.9968311453146
2022-06-15,727544,707,536956,461,190588,246,583398,489,2956614,1442,3540012,1931,11,10082,11,17795,10143,5,"East TN",2455501,159.234306970349,0.23569332355099,78.6397562045383,28.7924948920811,23.569332355099
2022-06-16,728213,669,537389,433,190824,236,583848,450,2957917,1303,3541765,1753,6,10088,4,17799,10145,2,"East TN",2455501,161.474175738475,0.241482033140942,71.3907263731516,27.2449491977401,24.1482033140942
2022-06-17,728796,583,537738,349,191058,234,584226,378,2959154,1237,3543380,1615,7,10095,5,17804,10150,5,"East TN",2455501,160.1302544776,0.250754404750316,65.7706920094922,23.7426089421263,25.0754404750316
2022-06-18,729149,353,538017,279,191132,74,584527,301,2960128,974,3544655,1275,0,10095,6,17810,10151,1,"East TN",2455501,159.478656290509,0.250840419220882,51.9242305338096,14.375885002694,25.0840419220882
2022-06-19,729541,392,538244,227,191297,165,584772,245,2960991,863,3545763,1108,1,10096,2,17812,10152,1,"East TN",2455501,162.614472565884,0.249380598437202,45.1231744560479,15.9641555837281,24.9380598437202
2022-06-20,730187,646,538598,354,191589,292,585140,368,2961817,826,3546957,1194,1,10097,7,17819,10155,3,"East TN",2455501,165.180140427554,0.250448917871657,48.6255147116617,26.3082768037969,25.0448917871657
2022-06-21,731030,843,539054,456,191976,387,585620,480,2962809,992,3548429,1472,1,10098,5,17824,10155,0,"East TN",2455501,170.75944990452,0.261982991882489,59.9470332123668,34.3310794823541,26.1982991882489
2022-06-22,731980,950,539703,649,192277,301,586306,686,2964392,1583,3550698,2269,0,10098,5,17829,10157,2,"East TN",2455501,180.655597370964,0.272131761182856,92.4047679068345,38.6886423585248,27.2131761182856
2022-06-23,732820,840,540240,537,192580,303,586863,557,2965790,1398,3552653,1955,1,10099,5,17834,10162,5,"East TN",2455501,187.619552995499,0.27691036002939,79.6171534851747,34.2089048222746,27.691036002939
2022-06-24,733551,731,540734,494,192817,237,587393,530,2967429,1639,3554822,2169,0,10099,9,17843,10167,5,"East TN",2455501,193.64683622609,0.276787274951932,88.3322792375161,29.7698921727175,27.6787274951932
2022-06-25,734008,457,540991,257,193017,200,587678,285,2968437,1008,3556115,1293,1,10100,2,17845,10168,1,"East TN",2455501,197.882224442181,0.274956369982548,52.6572784942869,18.6112732187851,27.4956369982548
2022-06-26,734460,452,541267,276,193193,176,587964,286,2969342,905,3557306,1191,1,10101,4,17849,10169,1,"East TN",2455501,200.325717643772,0.276531231049121,48.5033400515821,18.4076487853192,27.6531231049121
2022-06-27,735213,753,541690,423,193523,330,588401,437,2970284,942,3558685,1379,8,10109,7,17856,10171,2,"East TN",2455501,204.683280519943,0.278052523874488,56.1596187499007,30.6658396799676,27.8052523874488
2022-06-28,736191,978,542279,589,193912,389,589015,614,2971594,1310,3560609,1924,3,10112,6,17862,10174,3,"East TN",2455501,210.181140223523,0.278735632183908,78.354681997686,39.828939185934,27.8735632183908
2022-06-29,737170,979,542828,549,194342,430,589599,584,2973037,1443,3562636,2027,16,10128,5,17867,10179,5,"East TN",2455501,211.362161937625,0.27584184955604,82.549345327084,39.8696640726271,27.584184955604
2022-06-30,738068,898,543333,505,194735,393,590142,543,2974463,1426,3564605,1969,2,10130,5,17872,10183,4,"East TN",2455501,213.72420536583,0.274347389558233,80.1873018988793,36.5709482504792,27.4347389558233
2022-07-01,738886,818,543846,513,195040,305,590670,528,2975957,1494,3566627,2022,1,10131,7,17879,10186,3,"East TN",2455501,217.267270508137,0.277594239728928,82.345720893618,33.3129573150245,27.7594239728928
2022-07-02,739374,488,544144,298,195230,190,590995,325,2976935,978,3567930,1303,0,10131,3,17882,10192,6,"East TN",2455501,218.529741995625,0.280744815911976,53.0645273612188,19.8737447062738,28.0744815911976
2022-07-03,739929,555,544479,335,195450,220,591350,355,2977873,938,3569223,1293,0,10131,3,17885,10195,3,"East TN",2455501,222.724405325023,0.284131912394059,52.6572784942869,22.6023121147171,28.4131912394059
2022-07-04,740350,421,544739,260,195611,161,591621,271,2978519,646,3570140,917,1,10132,4,17889,10199,4,"East TN",2455501,209.203742942886,0.281099956350938,37.3447210976497,17.1451772978305,28.1099956350938
2022-07-05,741241,891,545311,572,195930,319,592195,574,2979356,837,3571551,1411,2,10134,7,17896,10203,4,"East TN",2455501,205.660677800579,0.290623286419302,57.4628151240826,36.2858740436269,29.0623286419302
2022-07-06,742397,1156,546035,724,196362,432,592937,742,2980694,1338,3573631,2080,14,10148,15,17911,10207,4,"East TN",2455501,212.868982745273,0.303592542064575,84.7077643218227,47.0779690173207,30.3592542064575
2022-07-07,743453,1056,546632,597,196821,459,593556,619,2982214,1520,3575770,2139,0,10148,8,17919,10218,11,"East TN",2455501,219.303514842796,0.305776981639051,87.1105326367206,43.0054803480023,30.5776981639051
2022-07-08,744523,1070,547301,669,197222,401,594269,713,2984008,1794,3578277,2507,3,10151,7,17926,10222,4,"East TN",2455501,229.566186289478,0.308927038626609,102.097290939812,43.5756287617069,30.8927038626609
2022-07-09,745143,620,547642,341,197501,279,594615,346,2984780,772,3579395,1118,0,10151,3,17929,10225,3,"East TN",2455501,234.941871332978,0.31574356737898,45.5304233229797,25.2494297497741,31.574356737898
2022-07-10,745543,400,547850,208,197693,192,594825,210,2985391,611,3580216,821,2,10153,5,17934,10232,7,"East TN",2455501,228.629513895535,0.316110251978532,33.4351319751041,16.2899546772736,31.6110251978532
2022-07-11,746729,1186,548512,662,198217,524,595521,696,2986821,1430,3582342,2126,6,10159,12,17946,10233,1,"East TN",2455501,259.784052215821,0.319619734469759,86.5811091097092,48.2997156181162,31.9619734469759
2022-07-12,747906,1177,549178,666,198728,511,596225,704,2988266,1445,3584491,2149,21,10180,6,17952,10238,5,"East TN",2455501,271.431369810071,0.311437403400309,87.5177815036524,47.9331916378776,31.1437403400309
2022-07-13,749205,1299,549959,781,199246,518,597041,816,2989845,1579,3586886,2395,1,10181,7,17959,10244,6,"East TN",2455501,277.255028607197,0.3096190116937,97.5361036301757,52.901627814446,30.96190116937
2022-07-14,750305,1100,550602,643,199703,457,597712,671,2991196,1351,3588908,2022,1,10182,8,17967,10250,6,"East TN",2455501,279.046923621697,0.316334297457756,82.345720893618,44.7973753625024,31.6334297457756
2022-07-15,751361,1056,551243,641,200118,415,598373,661,2992759,1563,3591132,2224,0,10182,15,17982,10256,6,"East TN",2455501,278.476775207992,0.319253208868145,90.5721480056412,43.0054803480023,31.9253208868145
2022-07-16,751910,549,551545,302,200365,247,598687,314,2993478,719,3592165,1033,1,10183,6,17988,10266,10,"East TN",2455501,275.585308252776,0.318872357086922,42.0688079540591,22.357962794558,31.8872357086922
2022-07-17,752266,356,551804,259,200462,97,598962,275,2994053,575,3593015,850,1,10184,4,17992,10273,7,"East TN",2455501,273.793413238276,0.32322837721697,34.6161536892064,14.4980596627735,32.322837721697
2022-07-18,753856,1590,552656,852,201200,738,599883,921,2995666,1613,3595549,2534,5,10189,9,18001,10277,4,"East TN",2455501,290.246267462322,0.330279397289316,103.196862880528,64.7525698421626,33.0279397289316
2022-07-19,755242,1386,553465,809,201777,577,600710,827,2997020,1354,3597730,2181,17,10206,17,18018,10285,8,"East TN",2455501,298.757768781198,0.33877181055971,88.8209778778343,56.444692956753,33.877181055971
2022-07-20,756486,1244,554207,742,202279,502,601478,768,2998507,1487,3599985,2255,14,10220,14,18032,10288,3,"East TN",2455501,296.517900013073,0.338728147186808,91.8346194931299,50.6617590463209,33.8728147186808
2022-07-21,757842,1356,555050,843,202792,513,602371,893,3000176,1669,3602547,2562,2,10222,11,18043,10298,10,"East TN",2455501,306.943471006528,0.341593958501356,104.337159707937,55.2229463559575,34.1593958501356
2022-07-22,759215,1373,555870,820,203345,553,603222,851,3001686,1510,3604908,2361,0,10222,5,18048,10304,6,"East TN",2455501,319.853260088267,0.351988966318235,96.1514574826074,55.9152694297416,35.1988966318235
2022-07-23,759729,514,556195,325,203534,189,603566,344,3002483,797,3606049,1141,0,10222,6,18054,10306,2,"East TN",2455501,318.427889054006,0.351411696917315,46.4670957169229,20.9325917602966,35.1411696917315
2022-07-24,760326,597,556622,427,203704,170,604010,444,3003363,880,3607373,1324,0,10222,8,18062,10311,5,"East TN",2455501,328.242586747063,0.351581000139295,53.9197499817756,24.3127573558308,35.1581000139295
2022-07-25,761723,1397,557394,772,204329,625,604830,820,3004601,1238,3609431,2058,3,10225,9,18071,10314,3,"East TN",2455501,320.382683615278,0.356360754934447,83.8118168145727,56.892666710378,35.6360754934447
2022-07-26,763257,1534,558413,1019,204844,515,605884,1054,3006039,1438,3611923,2492,9,10234,13,18084,10324,10,"East TN",2455501,326.40996684587,0.364545902909885,101.486417639415,62.4719761873443,36.4545902909885
2022-07-27,764418,1161,559124,711,205294,450,606630,746,3007327,1288,3613957,2034,10,10244,4,18088,10325,1,"East TN",2455501,323.029801250335,0.3687374749499,82.8344195339362,47.2815934507866,36.87374749499
2022-07-28,765812,1394,560043,919,205769,475,607597,967,3008957,1630,3616554,2597,10,10254,6,18094,10329,4,"East TN",2455501,324.577346944676,0.373099164703363,105.762530742199,56.7704920502985,37.3099164703363
2022-07-29,766976,1164,560856,813,206120,351,608440,843,3010398,1441,3618838,2284,0,10254,14,18108,10335,6,"East TN",2455501,316.065845625801,0.374587221823403,93.0156412072322,47.4037681108662,37.4587221823403
2022-07-30,767535,559,561263,407,206272,152,608882,442,3011383,985,3620265,1427,0,10254,4,18112,10339,4,"East TN",2455501,317.898465526994,0.373944850872257,58.1144133111736,22.7652116614899,37.3944850872257
2022-07-31,768115,580,561655,392,206460,188,609310,428,3012161,778,3621471,1206,0,10254,7,18119,10345,6,"East TN",2455501,317.20614245321,0.37593984962406,49.1142133519799,23.6204342820467,37.593984962406
2022-08-01,769124,1009,562210,555,206914,454,609904,594,3012939,778,3622843,1372,9,10263,8,18127,10348,3,"East TN",2455501,301.404886416255,0.378317924246943,55.8745445430484,41.0914106734227,37.8317924246943
2022-08-02,770635,1511,563171,961,207464,550,610903,999,3014567,1628,3625470,2627,12,10275,12,18139,10350,2,"East TN",2455501,300.468214022312,0.370487930907212,106.984277342994,61.535303793401,37.0487930907212
2022-08-03,771794,1159,563937,766,207857,393,611706,803,3016111,1544,3627817,2347,1,10276,6,18145,10360,10,"East TN",2455501,300.386764248925,0.366233766233766,95.5813090689028,47.2001436774003,36.6233766233766
2022-08-04,773040,1246,564768,831,208272,415,612576,870,3017543,1432,3630119,2302,8,10284,10,18155,10370,10,"East TN",2455501,294.359481018334,0.367047548838924,93.7486891677096,50.7432088197073,36.7047548838924
2022-08-05,774217,1177,565526,758,208691,419,613363,787,3019040,1497,3632403,2284,6,10290,4,18159,10377,7,"East TN",2455501,294.888904545345,0.362919277552525,93.0156412072322,47.9331916378776,36.2919277552525
2022-08-06,774699,482,565858,332,208841,150,613719,356,3019684,644,3633403,1000,0,10290,3,18162,10382,5,"East TN",2455501,291.75308826997,0.368168671030598,40.724886693184,19.6293953861147,36.8168671030598
2022-08-07,775060,361,566118,260,208942,101,613989,270,3020292,608,3634281,878,3,10293,4,18166,10389,7,"East TN",2455501,282.834338084163,0.365261514441842,35.7564505166156,14.7016840962394,36.5261514441842
2022-08-08,776343,1283,566883,765,209460,518,614786,797,3021439,1147,3636225,1944,5,10298,9,18175,10395,6,"East TN",2455501,293.992957038095,0.364818412793304,79.1691797315497,52.2500296273551,36.4818412793304
2022-08-09,777863,1520,567912,1029,209951,491,615865,1079,3023129,1690,3638994,2769,19,10317,9,18184,10404,9,"East TN",2455501,294.359481018334,0.366903283052351,112.767211253426,61.9018277736397,36.6903283052351
2022-08-10,779130,1267,568756,844,210374,423,616747,882,3024647,1518,3641394,2400,14,10331,10,18194,10407,3,"East TN",2455501,298.757768781198,0.371289681078294,97.7397280636416,51.5984314402641,37.1289681078294
2022-08-11,780201,1071,569488,732,210713,339,617506,759,3025771,1124,3643277,1883,2,10333,4,18198,10413,6,"East TN",2455501,291.630913609891,0.374677002583979,76.6849616432655,43.6163536484001,37.4677002583979
2022-08-12,781509,1308,570347,859,211162,449,618396,890,3027569,1798,3645965,2688,1,10334,12,18210,10417,4,"East TN",2455501,296.965873766698,0.371110455685002,109.468495431279,53.2681517946847,37.1110455685002
2022-08-13,782070,561,570764,417,211306,144,618855,459,3028506,937,3647361,1396,0,10334,3,18213,10427,10,"East TN",2455501,300.183139815459,0.367961025934948,56.8519418236849,22.8466614348762,36.7961025934948
2022-08-14,782578,508,571156,392,211422,116,619270,415,3029245,739,3648515,1154,1,10335,4,18217,10432,5,"East TN",2455501,306.169698159357,0.371013067303639,46.9965192439343,20.6882424401375,37.1013067303639
2022-08-15,784183,1605,572109,953,212074,652,620247,977,3030364,1119,3650611,2096,8,10343,10,18227,10444,12,"East TN",2455501,319.283111674563,0.379605171694703,85.3593625089137,65.3634431425603,37.9605171694703
2022-08-16,785717,1534,573117,1008,212600,526,621301,1054,3031957,1593,3653258,2647,19,10362,11,18238,10447,3,"East TN",2455501,319.853260088267,0.381099270891755,107.798775076858,62.4719761873443,38.1099270891755
2022-08-17,787044,1327,573988,871,213056,456,622217,916,3033645,1688,3655862,2604,16,10378,12,18250,10455,8,"East TN",2455501,322.296753289858,0.378075753386785,106.047604949051,54.0419246418552,37.8075753386785
2022-08-18,791844,4800,574996,1008,216848,3792,623253,1036,3035505,1860,3658758,2896,0,10378,10,18260,10460,5,"East TN",2455501,474.159855768741,0.37122924875654,117.939271863461,195.479456127283,37.122924875654
2022-08-19,793200,1356,575821,825,217379,531,624101,848,3037248,1743,3661349,2591,2,10380,7,18267,10465,5,"East TN",2455501,476.114650330014,0.370839833593344,105.51818142204,55.2229463559575,37.0839833593344
2022-08-20,793636,436,576159,338,217477,98,624460,359,3038085,837,3662545,1196,0,10380,5,18272,10474,9,"East TN",2455501,471.024039493366,0.36913856691254,48.7069644850481,17.7560505982282,36.913856691254
2022-08-21,794300,664,576658,499,217642,165,625002,542,3039249,1164,3664251,1706,1,10381,5,18277,10480,6,"East TN",2455501,477.377121817503,0.364260294865277,69.4766566985719,27.0413247642742,36.4260294865277
2022-08-22,795870,1570,577485,827,218385,743,625847,845,3040700,1451,3666547,2296,1,10382,5,18282,10483,3,"East TN",2455501,475.951750783241,0.35140562248996,93.5043398475505,63.9380721082989,35.140562248996
2022-08-23,797749,1879,578581,1096,219168,783,627018,1171,3042963,2263,3669981,3434,20,10402,13,18295,10485,2,"East TN",2455501,490.00183669239,0.341864497996771,139.849260904394,76.5220620964927,34.1864497996771
2022-08-24,799523,1774,579546,965,219977,809,628004,986,3045026,2063,3673030,3049,6,10408,13,18308,10491,6,"East TN",2455501,508.205861044243,0.337080615097856,124.170179527518,72.2459489937084,33.7080615097857
2022-08-25,800954,1431,580364,818,220590,613,628862,858,3046998,1972,3675860,2830,15,10423,7,18315,10496,5,"East TN",2455501,371.003717774906,0.327973336451877,115.251429341711,58.2773128579463,32.7973336451877
2022-08-26,802179,1225,581107,743,221072,482,629646,784,3048915,1917,3678561,2701,5,10428,4,18319,10500,4,"East TN",2455501,365.668757618099,0.322158958865908,109.99791895829,49.8879861991504,32.2158958865908
2022-08-27,802891,712,581486,379,221405,333,630047,401,3050074,1159,3680121,1560,0,10428,4,18323,10503,3,"East TN",2455501,376.908826345418,0.317876649977242,63.530823241367,28.996119325547,31.7876649977242
2022-08-28,803389,498,581799,313,221590,185,630387,340,3050883,809,3681270,1149,3,10431,7,18330,10511,8,"East TN",2455501,370.148495154349,0.31641106998061,46.7928948104684,20.2809935732056,31.641106998061
2022-08-29,804466,1077,582325,526,222141,551,630940,553,3051914,1031,3682854,1584,3,10434,7,18337,10520,9,"East TN",2455501,350.07112601461,0.312319862635678,64.5082205220035,43.8607029685592,31.2319862635678
2022-08-30,805733,1267,583048,723,222685,544,631696,756,3053355,1441,3685051,2197,19,10453,7,18344,10525,5,"East TN",2455501,325.147495358381,0.31041804910418,89.4725760649252,51.5984314402641,31.041804910418
2022-08-31,807034,1301,583837,789,223197,512,632525,829,3055212,1857,3687737,2686,3,10456,4,18348,10531,6,"East TN",2455501,305.884623952505,0.307404637247569,109.387045657892,52.9830775878324,30.7404637247569
2022-09-01,808075,1041,584420,583,223655,458,633150,625,3056654,1442,3689804,2067,11,10467,7,18355,10536,5,"East TN",2455501,290.001918142163,0.307515777395295,84.1783407948113,42.3946070476045,30.7515777395295
2022-09-02,809051,976,585053,633,223998,343,633808,658,3058394,1740,3692202,2398,2,10469,7,18362,10541,5,"East TN",2455501,279.86142135556,0.305109596070669,97.6582782902552,39.7474894125476,30.5109596070669
2022-09-03,809532,481,585313,260,224219,221,634088,280,3059322,928,3693410,1208,0,10469,1,18363,10547,6,"East TN",2455501,270.453972529435,0.304086086236737,49.1956631253663,19.5886704994215,30.4086086236737
2022-09-04,809942,410,585523,210,224419,200,634303,215,3060040,718,3694343,933,0,10469,3,18366,10554,7,"East TN",2455501,266.870182500435,0.299548688135853,37.9963192847407,16.6972035442054,29.9548688135853
2022-09-05,810238,296,585661,138,224577,158,634453,150,3060569,529,3695022,679,2,10471,8,18374,10558,4,"East TN",2455501,235.064045993058,0.28870808678501,27.6521980646719,12.0545664611825,28.870808678501
2022-09-06,811161,923,586157,496,225004,427,634956,503,3061572,1003,3696528,1506,2,10473,13,18387,10563,5,"East TN",2455501,221.054684970603,0.284046353576719,61.3316793599351,37.5890704178088,28.4046353576719
2022-09-07,812098,937,586652,495,225446,442,635487,531,3062892,1320,3698379,1851,2,10475,16,18403,10572,9,"East TN",2455501,206.230826214284,0.278331140763014,75.3817652690836,38.1592188315134,27.8331140763014
2022-09-08,813030,932,587166,514,225864,418,636020,533,3064391,1499,3700411,2032,2,10477,13,18416,10574,2,"East TN",2455501,201.791813564727,0.27057603469407,82.7529697605499,37.9555943980475,27.057603469407
2022-09-09,813703,673,587534,368,226169,305,636418,398,3065797,1406,3702215,1804,0,10477,5,18421,10581,7,"East TN",2455501,189.452172896692,0.260661140517327,73.4676955945039,27.4078487445128,26.0661140517327
2022-09-10,814024,321,587735,201,226289,120,636635,217,3066639,842,3703274,1059,0,10477,1,18422,10586,5,"East TN",2455501,182.936191025783,0.258211678832117,43.1276550080819,13.0726886285121,25.8211678832117
2022-09-11,814290,266,587866,131,226424,135,636776,141,3067213,574,3703989,715,0,10477,9,18431,10590,4,"East TN",2455501,177.071807341964,0.256375699771926,29.1182939856266,10.8328198603869,25.6375699771926
2022-09-12,814914,624,588171,305,226743,319,637107,331,3068070,857,3705177,1188,6,10483,9,18440,10593,3,"East TN",2455501,190.429570177328,0.261349089118661,48.3811653915026,25.4123292965468,26.1349089118661
2022-09-13,815583,669,588556,385,227027,284,637512,405,3069258,1188,3706770,1593,2,10485,11,18451,10596,3,"East TN",2455501,180.08544895726,0.249560632688928,64.8747445022421,27.2449491977401,24.9560632688928
2022-09-14,816178,595,588880,324,227298,271,637860,348,3070509,1251,3708369,1599,15,10500,9,18460,10599,3,"East TN",2455501,166.157537708191,0.237537537537538,65.1190938224012,24.2313075824445,23.7537537537538
2022-09-15,816848,670,589270,390,227578,280,638274,414,3071856,1347,3710130,1761,20,10520,4,18464,10604,5,"East TN",2455501,155.487617394577,0.231916863874884,71.716525466697,27.2856740844333,23.1916863874884
2022-09-16,817367,519,589489,219,227878,300,638512,238,3073237,1381,3711749,1619,3,10523,4,18468,10606,2,"East TN",2455501,149.215984843826,0.219634990560101,65.9335915562649,21.1362161937625,21.9634990560101
2022-09-17,817571,204,589597,108,227974,96,638629,117,3073904,667,3712533,784,0,10523,3,18471,10612,6,"East TN",2455501,144.451173100724,0.215358030024841,31.9283111674563,8.30787688540954,21.5358030024841
2022-09-18,817771,200,589705,108,228066,92,638747,118,3074485,581,3713232,699,2,10525,4,18475,10619,7,"East TN",2455501,141.763330578973,0.213242453748783,28.4666957985356,8.1449773386368,21.3242453748783
2022-09-19,818365,594,590007,302,228358,292,639067,320,3075410,925,3714477,1245,5,10530,6,18481,10626,7,"East TN",2455501,140.541583978178,0.210752688172043,50.7024839330141,24.1905826957513,21.0752688172043
2022-09-20,818878,513,590313,306,228565,207,639387,320,3076464,1054,3715851,1374,4,10534,4,18485,10636,10,"East TN",2455501,134.188501654041,0.206475057813016,55.9559943164348,20.8918668736034,20.6475057813016
2022-09-21,819463,585,590677,364,228786,221,639778,391,3077620,1156,3717398,1547,28,10562,4,18489,10640,4,"East TN",2455501,133.781252787109,0.212426625318418,63.0013997143556,23.8240587155126,21.2426625318418
2022-09-22,820041,578,591078,401,228963,177,640199,421,3078936,1316,3719135,1737,13,10575,5,18494,10641,1,"East TN",2455501,130.034563211337,0.21377012770683,70.7391281860606,23.5389845086603,21.377012770683
2022-09-23,820504,463,591377,299,229127,164,640526,327,3080066,1130,3720592,1457,11,10586,1,18495,10647,6,"East TN",2455501,127.753969556518,0.227750763315617,59.3361599119691,18.8556225389442,22.7750763315617
2022-09-24,820609,105,591457,80,229152,25,640617,91,3080741,675,3721358,766,0,10586,0,18495,10650,3,"East TN",2455501,123.722205773893,0.225269121813031,31.1952632069789,4.27611310278432,22.5269121813031
2022-09-25,820810,201,591577,120,229233,81,640747,130,3081633,892,3722380,1022,0,10586,0,18495,10655,5,"East TN",2455501,123.762930660586,0.218627022299956,41.620834200434,8.18570222532998,21.8627022299956
2022-09-26,821152,342,591720,143,229432,199,640901,154,3082325,692,3723226,846,2,10588,2,18497,10661,6,"East TN",2455501,113.500259213904,0.20962395702366,34.4532541424337,13.9279112490689,20.962395702366
2022-09-27,821606,454,591974,254,229632,200,641177,276,3083447,1122,3724624,1398,3,10591,3,18500,10664,3,"East TN",2455501,111.097490899006,0.204035107716859,56.9333915970712,18.4890985587055,20.4035107716859
2022-09-28,822059,453,592188,214,229871,239,641404,227,3084767,1320,3726171,1547,16,10607,1,18501,10665,1,"East TN",2455501,105.721805855506,0.185341388350621,63.0013997143556,18.4483736720124,18.5341388350621
2022-09-29,822464,405,592388,200,230076,205,641611,207,3085879,1112,3727490,1319,2,10609,1,18502,10669,4,"East TN",2455501,98.6764004575848,0.169000598444045,53.7161255483097,16.4935791107395,16.9000598444045
2022-09-30,822869,405,592619,231,230250,174,641861,250,3087028,1149,3728889,1399,18,10627,0,18502,10671,2,"East TN",2455501,96.3143570293802,0.160901530673737,56.9741164837644,16.4935791107395,16.0901530673737
2022-10-01,822977,108,592691,72,230286,36,641939,78,3087540,512,3729479,590,0,10627,0,18502,10673,2,"East TN",2455501,96.4365316894597,0.16278783401059,24.0276831489786,4.39828776286387,16.278783401059
2022-10-02,823085,108,592767,76,230318,32,642021,82,3088244,704,3730265,786,2,10629,0,18502,10677,4,"East TN",2455501,92.6491172269936,0.161572606214331,32.0097609408426,4.39828776286387,16.1572606214331
2022-10-03,823639,554,592969,202,230670,352,642236,215,3088964,720,3731200,935,11,10640,1,18503,10680,3,"East TN",2455501,101.282793205949,0.167419112114372,38.077769058127,22.5615872280239,16.7419112114372
2022-10-04,823922,283,593123,154,230799,129,642394,158,3090427,1463,3732821,1621,2,10642,0,18503,10682,2,"East TN",2455501,94.3188375814141,0.14846895205563,66.0150413296513,11.5251429341711,14.846895205563
2022-10-05,824309,387,593314,191,230995,196,642597,203,3091476,1049,3734073,1252,0,10642,1,18504,10684,2,"East TN",2455501,91.630995059664,0.15097443685143,50.9875581398664,15.7605311502622,15.097443685143
2022-10-06,824776,467,593597,283,231179,184,642900,303,3092583,1107,3735483,1410,19,10661,1,18505,10684,0,"East TN",2455501,94.1559380346414,0.161266107844364,57.4220902373894,19.0185220857169,16.1266107844364
2022-10-07,825163,387,593838,241,231325,146,643157,257,3093930,1347,3737087,1604,6,10667,0,18505,10684,0,"East TN",2455501,93.4228900741641,0.158087338375213,65.3227182558671,15.7605311502622,15.8087338375213
2022-10-08,825281,118,593901,63,231380,55,643225,68,3094663,733,3737888,801,0,10667,0,18505,10686,2,"East TN",2455501,93.8301389410959,0.152931383041979,32.6206342412404,4.80553662979571,15.2931383041979
2022-10-09,825453,172,594006,105,231447,67,643341,116,3095480,817,3738821,933,0,10667,0,18505,10686,0,"East TN",2455501,96.4365316894597,0.154277699859748,37.9963192847407,7.00468051122765,15.4277699859748
2022-10-10,825788,335,594192,186,231596,149,643540,199,3096352,872,3739892,1071,2,10669,0,18505,10686,0,"East TN",2455501,87.5177815036524,0.150023009664059,43.6163536484001,13.6428370422166,15.0023009664059
2022-10-11,826178,390,594400,208,231778,182,643763,223,3097333,981,3741096,1204,9,10678,0,18505,10686,0,"East TN",2455501,91.8753443798231,0.165438066465257,49.0327635785935,15.8827058103418,16.5438066465257
2022-10-12,826543,365,594631,231,231912,134,644007,244,3098442,1109,3742449,1353,7,10685,0,18505,10686,0,"East TN",2455501,90.979396872573,0.168338108882521,55.100771695878,14.8645836430122,16.8338108882521
2022-10-13,826843,300,594819,188,232024,112,644205,198,3099424,982,3743629,1180,7,10692,0,18505,10687,1,"East TN",2455501,84.1783407948113,0.160201325804076,48.0553662979571,12.2174660079552,16.0201325804076
2022-10-14,827082,239,594958,139,232124,100,644353,148,3100376,952,3744729,1100,0,10692,0,18505,10687,0,"East TN",2455501,78.1510575642201,0.156503533106517,44.7973753625024,9.73324791967098,15.6503533106517
2022-10-15,827196,114,595037,79,232159,35,644438,85,3101045,669,3745483,754,0,10692,0,18505,10687,0,"East TN",2455501,77.9881580174474,0.159710335747202,30.7065645666607,4.64263708302298,15.9710335747202
