"DATE","TOTAL_CASES","NEW_CASES","TOTAL_CONFIRMED","NEW_CONFIRMED","TOTAL_PROBABLE","NEW_PROBABLE","POS_TESTS","NEW_POS_TESTS","NEG_TESTS","NEW_NEG_TESTS","TOTAL_TESTS","NEW_TESTS","NEW_DEATHS","TOTAL_DEATHS","NEW_HOSPITALIZED","TOTAL_HOSPITALIZED","TOTAL_DEATHS_BY_DOD","NEW_DEATHS_BY_DOD","Region","Population","New_cases_per_100k_per_week","PositivityRate_per_week","Tests_per_100k","New_cases_per_100k","PositivityPercentage_per_week"
2022-11-26,151759,27,113544,7,38215,20,122587,7,556854,48,679441,55,0,1542,0,2810,1543,0,"Knox County",470313,NA,NA,11.6943397269478,5.74085768413801,NA
2022-11-25,151732,36,113537,15,38195,21,122580,15,556806,91,679386,106,0,1542,0,2810,1543,0,"Knox County",470313,NA,NA,22.5381820192085,7.65447691218401,NA
2022-11-24,151696,14,113522,6,38174,8,122565,7,556715,93,679280,100,0,1542,0,2810,1543,0,"Knox County",470313,NA,NA,21.2624358671778,2.97674102140489,NA
2022-11-23,151682,63,113516,30,38166,33,122558,31,556622,241,679180,272,0,1542,0,2810,1543,0,"Knox County",470313,NA,NA,57.8338255587237,13.395334596322,NA
2022-11-22,151619,63,113486,32,38133,31,122527,32,556381,210,678908,242,1,1542,0,2810,1543,0,"Knox County",470313,NA,NA,51.4550947985703,13.395334596322,NA
2022-11-21,151556,70,113454,14,38102,56,122495,18,556171,122,678666,140,0,1541,0,2810,1543,0,"Knox County",470313,NA,NA,29.7674102140489,14.8837051070245,NA
2022-11-20,151486,20,113440,15,38046,5,122477,16,556049,80,678526,96,0,1541,0,2810,1543,0,"Knox County",470313,62.298937090831,0.124629080118694,20.4119384324907,4.25248717343556,12.4629080118694
2022-11-19,151466,18,113425,11,38041,7,122461,11,555969,63,678430,74,0,1541,0,2810,1543,0,"Knox County",470313,60.385317862785,0.12621359223301,15.7342025417116,3.82723845609201,12.621359223301
2022-11-18,151448,45,113414,26,38034,19,122450,27,555906,186,678356,213,0,1541,0,2810,1543,0,"Knox County",470313,62.298937090831,0.124890061565523,45.2889883970888,9.56809614023002,12.4890061565523
2022-11-17,151403,51,113388,23,38015,28,122423,23,555720,193,678143,216,1,1541,0,2810,1543,0,"Knox County",470313,70.1660383616868,0.12609736632083,45.9268614731041,10.8438422922607,12.609736632083
2022-11-16,151352,64,113365,35,37987,29,122400,35,555527,184,677927,219,1,1540,0,2810,1543,0,"Knox County",470313,70.3786627203586,0.135,46.5647345491194,13.6079589549938,13.5
2022-11-15,151288,63,113330,36,37958,27,122365,36,555343,216,677708,252,0,1539,0,2810,1543,0,"Knox County",470313,70.3786627203586,0.137190082644628,53.5813383852881,13.395334596322,13.7190082644628
2022-11-14,151225,62,113294,22,37931,40,122329,23,555127,135,677456,158,0,1539,0,2810,1543,0,"Knox County",470313,68.6776678509843,0.139250814332248,33.594648670141,13.1827102376502,13.9250814332248
2022-11-13,151163,13,113272,6,37891,7,122306,6,554992,81,677298,87,0,1539,0,2810,1543,0,"Knox County",470313,67.1892973402819,0.132075471698113,18.4983192044447,2.76411666273312,13.2075471698113
2022-11-12,151150,24,113266,9,37884,15,122300,12,554911,86,677211,98,0,1539,0,2810,1543,0,"Knox County",470313,68.4650434923126,0.130329847144006,20.8371871498343,5.10298460812268,13.0329847144006
2022-11-11,151126,31,113257,17,37869,14,122288,17,554825,140,677113,157,0,1539,0,2810,1543,0,"Knox County",470313,65.4883024709077,0.128053917438922,33.3820243114692,6.59135511882512,12.8053917438922
2022-11-10,151095,57,113240,24,37855,33,122271,25,554685,133,676956,158,0,1539,0,2810,1543,0,"Knox County",470313,66.7640486229383,0.136403897254207,33.594648670141,12.1195884442914,13.6403897254207
2022-11-09,151038,89,113216,51,37822,38,122246,52,554552,494,676798,546,0,1539,0,2810,1543,0,"Knox County",470313,72.0796575897328,0.117445054945055,116.092899834791,18.9235679217883,11.7445054945055
2022-11-08,150949,68,113165,41,37784,27,122194,44,554058,237,676252,281,1,1539,0,2810,1543,0,"Knox County",470313,73.1427793830917,0.120538720538721,59.7474447867697,14.4584563896809,12.0538720538721
2022-11-07,150881,86,113124,33,37757,53,122150,33,553821,142,675971,175,0,1538,0,2810,1543,1,"Knox County",470313,78.2457639912144,0.125832223701731,37.2092627675612,18.2856948457729,12.5832223701731
2022-11-06,150795,27,113091,12,37704,15,122117,11,553679,70,675796,81,0,1538,0,2810,1542,0,"Knox County",470313,81.2225050126193,0.129679144385027,17.222573052414,5.74085768413801,12.9679144385027
2022-11-05,150768,20,113079,13,37689,7,122106,13,553609,85,675715,98,0,1538,0,2810,1542,1,"Knox County",470313,80.3720075779321,0.130347593582888,20.8371871498343,4.25248717343556,13.0347593582888
2022-11-04,150748,80,113066,58,37682,22,122093,58,553524,300,675617,358,2,1538,0,2810,1541,1,"Knox County",470313,90.7906011528493,0.139068945197407,76.1195204044966,17.0099486937423,13.9068945197407
2022-11-03,150668,90,113008,57,37660,33,122035,59,553224,394,675259,453,2,1536,0,2810,1540,0,"Knox County",470313,97.807204989018,0.135542168674699,96.3188344783155,19.13619228046,13.5542168674699
2022-11-02,150578,87,112951,42,37627,45,121976,43,552830,314,674806,357,0,1534,0,2810,1540,1,"Knox County",470313,97.3819562716744,0.144758735440932,75.9068960458248,18.4983192044447,14.4758735440932
2022-11-01,150491,80,112909,44,37582,36,121933,41,552516,249,674449,290,4,1534,0,2810,1539,0,"Knox County",470313,99.9334485757357,0.142384105960265,61.6610640148157,17.0099486937423,14.2384105960265
2022-10-31,150411,129,112865,73,37546,56,121892,77,552267,399,674159,476,0,1530,0,2810,1539,0,"Knox County",470313,109.076295998622,0.142924751538097,101.209194727766,27.4285422686594,14.2924751538098
2022-10-30,150282,5,112792,5,37490,0,121815,5,551868,27,673683,32,0,1530,0,2810,1539,0,"Knox County",470313,104.398560107843,0.143410852713178,6.8039794774969,1.06312179335889,14.3410852713178
2022-10-29,150277,16,112787,8,37490,8,121810,9,551841,79,673651,88,0,1530,0,2810,1539,0,"Knox County",470313,103.548062673156,0.142161635832522,18.7109435631165,3.40198973874845,14.2161635832522
2022-10-28,150261,65,112779,30,37482,35,121801,33,551762,153,673563,186,0,1530,0,2810,1539,0,"Knox County",470313,100.358697293079,0.141870350690755,39.5481307129507,13.8205833136656,14.1870350690755
2022-10-27,150196,81,112749,59,37447,22,121768,61,551609,254,673377,315,-1,1530,0,2810,1539,0,"Knox County",470313,98.4450780650333,0.154243119266055,66.9766729816101,17.222573052414,15.4243119266055
2022-10-26,150115,72,112690,35,37425,37,121707,37,551355,233,673062,270,4,1531,0,2810,1539,0,"Knox County",470313,95.2557126849566,0.15872057936029,57.4085768413801,15.308953824368,15.872057936029
2022-10-25,150043,62,112655,28,37388,34,121670,32,551122,179,672792,211,0,1527,1,2810,1539,1,"Knox County",470313,91.4284742288646,0.160963244613435,44.8637396797452,13.1827102376502,16.0963244613435
2022-10-24,149981,91,112627,40,37354,51,121638,43,550943,127,672581,170,0,1527,0,2809,1538,0,"Knox County",470313,83.348748599337,0.172955974842767,36.1461409742023,19.3488166391318,17.2955974842767
2022-10-23,149890,25,112587,15,37303,10,121595,15,550816,59,672411,74,0,1527,0,2809,1538,0,"Knox County",470313,87.6012357727726,0.17503805175038,15.7342025417116,5.31560896679445,17.503805175038
2022-10-22,149865,16,112572,9,37293,7,121580,9,550757,86,672337,95,0,1527,0,2809,1538,1,"Knox County",470313,87.6012357727726,0.174110522331567,20.1993140738189,3.40198973874845,17.4110522331567
2022-10-21,149849,62,112563,41,37286,21,121571,42,550671,228,672242,270,0,1527,0,2809,1537,0,"Knox County",470313,86.9633626967573,0.170106761565836,57.4085768413801,13.1827102376502,17.0106761565836
2022-10-20,149787,63,112522,36,37265,27,121529,37,550443,250,671972,287,2,1527,0,2809,1537,0,"Knox County",470313,83.1361242406653,0.156136528685548,61.0231909388003,13.395334596322,15.6136528685548
2022-10-19,149724,58,112486,39,37238,19,121492,41,550193,125,671685,166,0,1525,0,2809,1537,1,"Knox County",470313,80.1593832192604,0.172034564021995,35.2956435395152,12.3322128029631,17.2034564021995
2022-10-18,149666,55,112447,35,37219,20,121451,37,550068,184,671519,221,4,1525,2,2809,1536,1,"Knox County",470313,78.6710127085579,0.174590802805924,46.989983266463,11.6943397269478,17.4590802805924
2022-10-17,149611,78,112412,42,37199,36,121414,44,549884,122,671298,166,2,1521,0,2807,1535,1,"Knox County",470313,75.9068960458248,0.175918686473808,35.2956435395152,16.5846999763987,17.5918686473808
2022-10-16,149533,12,112370,6,37163,6,121370,7,549762,55,671132,62,0,1519,0,2807,1534,3,"Knox County",470313,73.1427793830917,0.171270718232044,13.1827102376502,2.55149230406134,17.1270718232044
2022-10-15,149521,15,112364,8,37157,7,121363,8,549707,127,671070,135,0,1519,0,2807,1531,0,"Knox County",470313,72.9301550244199,0.165263963274675,28.70428842069,3.18936538007667,16.5263963274675
2022-10-14,149506,43,112356,24,37150,19,121355,26,549580,114,670935,140,0,1519,1,2807,1531,1,"Knox County",470313,68.8902922096561,0.169923534409516,29.7674102140489,9.14284742288646,16.9923534409516
2022-10-13,149463,54,112332,29,37131,25,121329,34,549466,155,670795,189,1,1519,0,2806,1530,0,"Knox County",470313,66.9766729816101,0.182576459684893,40.1860037889661,11.481715368276,18.2576459684893
2022-10-12,149409,63,112303,42,37106,21,121295,46,549311,221,670606,267,0,1518,0,2806,1530,2,"Knox County",470313,68.039794774969,0.171186440677966,56.7707037653648,13.395334596322,17.1186440677966
2022-10-11,149346,73,112261,29,37085,44,121249,28,549090,183,670339,211,1,1518,0,2806,1528,0,"Knox County",470313,71.867033231061,0.164957264957265,44.8637396797452,15.5215781830398,16.4957264957265
2022-10-10,149273,68,112232,37,37041,31,121221,41,548907,139,670128,180,2,1517,1,2806,1528,0,"Knox County",470313,69.7407896443432,0.160472972972973,38.2723845609201,14.4584563896809,16.0472972972973
2022-10-09,149205,36,112195,24,37010,12,121180,27,548768,139,669948,166,0,1515,0,2805,1528,0,"Knox County",470313,74.8437742524659,0.16304347826087,35.2956435395152,7.65447691218401,16.304347826087
2022-10-08,149169,31,112171,18,36998,13,121153,17,548629,125,669782,142,0,1515,0,2805,1528,2,"Knox County",470313,78.2457639912144,0.169111969111969,30.1926589313925,6.59135511882512,16.9111969111969
2022-10-07,149138,55,112153,30,36985,25,121136,32,548504,257,669640,289,0,1515,1,2805,1526,2,"Knox County",470313,80.7972562952757,0.155817174515235,61.4484396561439,11.6943397269478,15.5817174515235
2022-10-06,149083,98,112123,64,36960,34,121104,70,548247,275,669351,345,6,1515,0,2804,1524,0,"Knox County",470313,90.1527280768339,0.163125,73.3554037417635,20.8371871498343,16.3125
2022-10-05,148985,80,112059,40,36926,40,121034,41,547972,182,669006,223,0,1509,0,2804,1524,1,"Knox County",470313,93.7673421742542,0.16452442159383,47.4152319838065,17.0099486937423,16.452442159383
2022-10-04,148905,47,112019,31,36886,16,120993,32,547790,327,668783,359,0,1509,0,2804,1523,0,"Knox County",470313,88.2391088487879,0.152582159624413,76.3321447631684,9.99334485757357,15.2582159624413
2022-10-03,148858,110,111988,35,36870,75,120961,36,547463,111,668424,147,1,1509,1,2804,1523,1,"Knox County",470313,97.1693319130026,0.152603231597846,31.2557807247514,23.3886794538956,15.2603231597846
2022-10-02,148748,19,111953,10,36795,9,120925,12,547352,92,668277,104,0,1508,0,2803,1522,1,"Knox County",470313,93.5547178155824,0.149160969546302,22.1129333018649,4.03986281476378,14.9160969546302
2022-10-01,148729,29,111943,20,36786,9,120913,22,547260,81,668173,103,0,1508,0,2803,1521,0,"Knox County",470313,93.1294690982388,0.156050955414013,21.9003089431931,6.16610640148157,15.6050955414013
2022-09-30,148700,76,111923,46,36777,30,120891,50,547179,166,668070,216,1,1508,0,2803,1521,1,"Knox County",470313,97.5945806303462,0.175684702738811,45.9268614731041,16.1594512590551,17.5684702738811
2022-09-29,148624,64,111877,38,36747,26,120841,42,547013,226,667854,268,2,1507,0,2803,1520,0,"Knox County",470313,90.3653524355057,0.165492957746479,56.9833281240365,13.6079589549938,16.5492957746479
2022-09-28,148560,76,111839,45,36721,31,120799,48,546787,241,667586,289,4,1505,1,2803,1520,0,"Knox County",470313,89.5148550008186,0.162853297442799,61.4484396561439,16.1594512590551,16.28532974428
2022-09-27,148484,92,111794,54,36690,38,120751,56,546546,171,667297,227,1,1501,0,2802,1520,0,"Knox County",470313,99.0829511410486,0.196454948301329,48.2657294184936,19.5614409978036,19.6454948301329
2022-09-26,148392,69,111740,29,36652,40,120695,33,546375,92,667070,125,0,1500,0,2802,1520,0,"Knox County",470313,90.3653524355057,0.197447447447447,26.5780448339723,14.6710807483527,19.7447447447447
2022-09-25,148323,28,111711,17,36612,11,120662,16,546283,89,666945,105,0,1500,0,2802,1520,1,"Knox County",470313,92.2789716635517,0.200300075018755,22.3255576605367,5.95348204280979,20.0300075018755
2022-09-24,148295,14,111694,10,36601,4,120646,10,546194,65,666840,75,0,1500,0,2802,1519,1,"Knox County",470313,89.089606283475,0.195402298850575,15.9468269003834,2.97674102140489,19.5402298850575
2022-09-23,148281,75,111684,46,36597,29,120636,50,546129,192,666765,242,5,1500,0,2802,1518,3,"Knox County",470313,88.8769819248033,0.191585274229902,51.4550947985703,15.9468269003834,19.1585274229902
2022-09-22,148206,97,111638,66,36568,31,120586,73,545937,233,666523,306,4,1495,1,2802,1515,0,"Knox County",470313,95.893585760972,0.20891161431702,65.0630537535641,20.6245627911625,20.891161431702
2022-09-21,148109,89,111572,54,36537,35,120513,59,545704,226,666217,285,3,1491,1,2801,1515,0,"Knox County",470313,98.6577024237051,0.217582417582418,60.5979422214568,18.9235679217883,21.7582417582418
2022-09-20,148020,84,111518,35,36502,49,120454,38,545478,168,665932,206,1,1488,0,2800,1515,3,"Knox County",470313,96.9567075543308,0.207589285714286,43.8006178863863,17.8604461284294,20.7589285714286
2022-09-19,147936,113,111483,46,36453,67,120416,51,545310,152,665726,203,0,1487,0,2800,1512,0,"Knox County",470313,106.312179335889,0.208860759493671,43.162744810371,24.0265525299109,20.8860759493671
2022-09-18,147823,49,111437,37,36386,12,120365,40,545158,95,665523,135,0,1487,1,2800,1512,1,"Knox County",470313,110.777290867996,0.221074380165289,28.70428842069,10.4185935749171,22.1074380165289
2022-09-17,147774,41,111400,16,36374,25,120325,18,545063,117,665388,135,0,1487,0,2799,1511,0,"Knox County",470313,116.518148552134,0.217592592592593,28.70428842069,8.7175987055429,21.7592592592593
2022-09-16,147733,91,111384,33,36349,58,120307,39,544946,295,665253,334,0,1487,0,2799,1511,0,"Knox County",470313,119.920138290883,0.198254364089776,71.0165357963739,19.3488166391318,19.8254364089776
2022-09-15,147642,146,111351,82,36291,64,120268,87,544651,288,664919,375,2,1487,0,2799,1511,1,"Knox County",470313,130.3387318658,0.198445905558876,79.7341345019168,31.0431563660796,19.8445905558876
2022-09-14,147496,126,111269,67,36227,59,120181,74,544363,220,664544,294,4,1485,0,2799,1510,1,"Knox County",470313,138.205833136656,0.206302021403092,62.5115614495028,26.790669192644,20.6302021403092
2022-09-13,147370,106,111202,62,36168,44,120107,65,544143,213,664250,278,0,1481,0,2799,1509,1,"Knox County",470313,142.883569027435,0.213226909920182,59.1095717107543,22.5381820192085,21.3226909920182
2022-09-12,147264,116,111140,49,36124,67,120042,57,543930,137,663972,194,0,1481,0,2799,1508,1,"Knox County",470313,143.52144210345,0.217765042979943,41.249125582325,24.6644256059263,21.7765042979943
2022-09-11,147148,48,111091,26,36057,22,119985,27,543793,77,663778,104,0,1481,0,2799,1507,1,"Knox County",470313,143.308817744778,0.214119019836639,22.1129333018649,10.2059692162454,21.4119019836639
2022-09-10,147100,72,111065,50,36035,22,119958,54,543716,139,663674,193,0,1481,0,2799,1506,0,"Knox County",470313,149.900172863604,0.227426636568849,41.0365012236532,15.308953824368,22.7426636568849
2022-09-09,147028,154,111015,103,36013,51,119904,112,543577,259,663481,371,0,1481,0,2799,1506,4,"Knox County",470313,163.295507459926,0.263128800442233,78.8836370672297,32.7441512354538,26.3128800442233
2022-09-08,146874,178,110912,115,35962,63,119792,122,543318,336,663110,458,0,1481,0,2799,1502,1,"Knox County",470313,170.099486937423,0.270084566596195,97.3819562716744,37.8471358435765,27.0084566596195
2022-09-07,146696,181,110797,97,35899,84,119670,105,542982,263,662652,368,0,1481,0,2799,1501,2,"Knox County",470313,181.79382666437,0.275686673448627,78.2457639912144,38.4850089195918,27.5686673448627
2022-09-06,146515,167,110700,97,35815,70,119565,98,542719,162,662284,260,-1,1481,0,2799,1499,0,"Knox County",470313,194.763912543349,0.29517453798768,55.2823332546623,35.508267898187,29.517453798768
2022-09-05,146348,45,110603,14,35745,31,119467,16,542557,56,662024,72,0,1482,1,2799,1499,2,"Knox County",470313,179.667583077653,0.292442497261774,15.308953824368,9.56809614023002,29.2442497261774
2022-09-04,146303,87,110589,56,35714,31,119451,58,542501,130,661952,188,0,1482,0,2798,1497,2,"Knox County",470313,187.959933065852,0.295811518324607,39.9733794302943,18.4983192044447,29.5811518324607
2022-09-03,146216,90,110533,58,35683,32,119393,68,542371,155,661764,223,0,1482,0,2798,1495,0,"Knox County",470313,191.787171521944,0.298453608247423,47.4152319838065,19.13619228046,29.8453608247423
2022-09-02,146126,227,110475,167,35651,60,119325,177,542216,396,661541,573,1,1482,1,2798,1495,1,"Knox County",470313,207.308749704984,0.300653594771242,121.833757518929,48.2657294184936,30.0653594771242
2022-09-01,145899,168,110308,88,35591,80,119148,95,541820,227,660968,322,3,1481,1,2797,1494,0,"Knox County",470313,205.182506118266,0.307577268195414,68.4650434923126,35.7208922568587,30.7577268195414
2022-08-31,145731,277,110220,168,35511,109,119053,182,541593,301,660646,483,1,1478,0,2796,1494,2,"Knox County",470313,225.594444550757,0.327204148986327,102.697565238469,58.8969473520825,32.7204148986327
2022-08-30,145454,249,110052,148,35402,101,118871,158,541292,216,660163,374,-1,1477,0,2796,1492,0,"Knox County",470313,243.029641961842,0.337360178970917,79.521510143245,52.9434653092728,33.7360178970917
2022-08-29,145205,240,109904,111,35301,129,118713,118,541076,123,659789,241,0,1478,0,2796,1492,2,"Knox County",470313,284.491391902839,0.356073211314476,51.2424704398985,51.0298460812268,35.6073211314476
2022-08-28,144965,105,109793,76,35172,29,118595,81,540953,137,659548,218,1,1478,0,2796,1490,1,"Knox County",470313,288.318630358931,0.36113393590797,46.3521101904476,22.3255576605367,36.113393590797
2022-08-27,144860,135,109717,73,35143,62,118514,77,540816,211,659330,288,0,1477,0,2796,1489,0,"Knox County",470313,297.886726499161,0.355342136854742,61.2358152974721,28.70428842069,35.5342136854742
2022-08-26,144725,230,109644,154,35081,76,118437,167,540605,352,659042,519,0,1477,0,2796,1489,0,"Knox County",470313,298.524599575177,0.359100204498978,110.352042150653,48.903602494509,35.9100204498978
2022-08-25,144495,254,109490,144,35005,110,118270,155,540253,326,658523,481,3,1477,0,2796,1489,1,"Knox County",470313,316.810294420949,0.360215053763441,102.272316521125,54.0065871026317,36.0215053763441
2022-08-24,144241,281,109346,162,34895,119,118115,169,539927,272,658042,441,2,1474,1,2796,1488,0,"Knox County",470313,317.660791855637,0.361046057767369,93.7673421742542,59.7474447867697,36.1046057767369
2022-08-23,143960,286,109184,174,34776,112,117946,188,539655,292,657601,480,4,1472,0,2795,1488,0,"Knox County",470313,325.527893126492,0.357946026986507,102.059692162454,60.8105665801286,35.7946026986507
2022-08-22,143674,281,109010,151,34664,130,117758,155,539363,276,657121,431,0,1468,1,2795,1488,0,"Knox County",470313,334.245491832035,0.347095871238628,91.6410985875364,59.7474447867697,34.7095871238628
2022-08-21,143393,129,108859,90,34534,39,117603,104,539087,196,656690,300,0,1468,0,2794,1488,0,"Knox County",470313,339.348476440158,0.345238095238095,63.7873076015334,27.4285422686594,34.5238095238095
2022-08-20,143264,75,108769,52,34495,23,117499,61,538891,123,656390,184,0,1468,0,2794,1488,2,"Knox County",470313,326.591014919851,0.352256699576869,39.1228819956072,15.9468269003834,35.2256699576869
2022-08-19,143189,211,108717,146,34472,65,117438,149,538768,248,656206,397,0,1468,0,2794,1486,0,"Knox County",470313,322.551152105087,0.361459100957996,84.4118703926959,44.8637396797452,36.1459100957996
2022-08-18,142978,616,108571,212,34407,404,117289,222,538520,286,655809,508,0,1468,2,2794,1486,3,"Knox County",470313,399.521169944271,0.382342210871945,108.013174205263,130.976604941815,38.2342210871945
2022-08-17,142362,199,108359,135,34003,64,117067,149,538234,266,655301,415,3,1468,0,2792,1483,1,"Knox County",470313,382.085972533185,0.378637200736648,88.2391088487879,42.3122473756839,37.8637200736648
2022-08-16,142163,260,108224,175,33939,85,116918,191,537968,191,654886,382,4,1465,0,2792,1482,1,"Knox County",470313,376.557739207719,0.393962552541078,81.2225050126193,55.2823332546623,39.3962552541078
2022-08-15,141903,236,108049,145,33854,91,116727,147,537777,154,654504,301,1,1461,0,2792,1481,0,"Knox County",470313,366.989643067489,0.411338962605549,63.9999319602052,50.1793486465396,41.1338962605549
2022-08-14,141667,90,107904,69,33763,21,116580,79,537623,122,654203,201,1,1460,0,2792,1481,1,"Knox County",470313,358.69729307929,0.417922948073702,42.7374960930274,19.13619228046,41.7922948073702
2022-08-13,141577,98,107835,67,33742,31,116501,79,537501,154,654002,233,0,1459,0,2792,1480,0,"Knox County",470313,363.587653328741,0.416906032006565,49.5414755705243,20.8371871498343,41.6906032006565
2022-08-12,141479,211,107768,145,33711,66,116422,150,537347,338,653769,488,1,1459,1,2792,1480,1,"Knox County",470313,363.587653328741,0.402294303797468,103.760687031828,44.8637396797452,40.2294303797468
2022-08-11,141268,178,107623,128,33645,50,116272,133,537009,188,653281,321,0,1458,0,2791,1479,2,"Knox County",470313,270.458184230502,0.396411789833405,68.2524191336408,37.8471358435765,39.6411789833405
2022-08-10,141090,222,107495,158,33595,64,116139,168,536821,255,652960,423,1,1458,0,2791,1477,1,"Knox County",470313,275.348544479953,0.403150276713495,89.9401037181622,47.2026076251348,40.3150276713495
2022-08-09,140868,272,107337,192,33531,80,115971,199,536566,349,652537,548,5,1457,0,2791,1476,3,"Knox County",470313,277.900036784014,0.379721669980119,116.518148552134,57.8338255587237,37.9721669980119
2022-08-08,140596,237,107145,150,33451,87,115772,156,536217,327,651989,483,2,1452,0,2791,1473,0,"Knox County",470313,278.112661142686,0.35743418613274,102.697565238469,50.3919730052114,35.743418613274
2022-08-07,140359,84,106995,58,33364,26,115616,61,535890,115,651506,176,1,1450,0,2791,1473,1,"Knox County",470313,276.836914990655,0.354041916167665,37.421887126233,17.8604461284294,35.4041916167665
2022-08-06,140275,96,106937,69,33338,27,115555,74,535775,102,651330,176,0,1449,1,2791,1472,1,"Knox County",470313,276.411666273312,0.359847036328872,37.421887126233,20.4119384324907,35.9847036328872
2022-08-05,140179,205,106868,121,33311,84,115481,120,535673,281,651154,401,2,1449,1,2790,1471,2,"Knox County",470313,275.135920121281,0.360363924050633,85.262367827383,43.5879935277145,36.0363924050633
2022-08-04,139974,191,106747,128,33227,63,115361,136,535392,239,650753,375,5,1447,0,2789,1469,3,"Knox County",470313,277.900036784014,0.353989155693261,79.7341345019168,40.6112525063096,35.3989155693261
2022-08-03,139783,205,106619,121,33164,84,115225,126,535153,289,650378,415,-2,1442,0,2789,1466,1,"Knox County",470313,274.285422686594,0.338772338772339,88.2391088487879,43.5879935277145,33.8772338772339
2022-08-02,139578,283,106498,173,33080,110,115099,181,534864,308,649963,489,0,1444,0,2789,1465,1,"Knox County",470313,276.624290631983,0.339562624254473,103.9733113905,60.1726935041132,33.9562624254473
2022-08-01,139295,175,106325,99,32970,76,114918,110,534556,133,649474,243,4,1444,1,2789,1464,1,"Knox County",470313,263.441580394333,0.355164835164835,51.6677191572421,37.2092627675612,35.5164835164835
2022-07-31,139120,99,106226,64,32894,35,114808,73,534423,153,649231,226,0,1440,0,2788,1463,1,"Knox County",470313,266.63094577441,0.352688172043011,48.0531050598219,21.049811508506,35.2688172043011
2022-07-30,139021,116,106162,85,32859,31,114735,95,534270,203,649005,298,0,1440,0,2788,1462,1,"Knox County",470313,270.883432947845,0.343686146301594,63.3620588841899,24.6644256059263,34.3686146301594
2022-07-29,138905,218,106077,151,32828,67,114640,154,534067,298,648707,452,0,1440,0,2788,1461,1,"Knox County",470313,273.647549610578,0.350280224179343,96.1062101196437,46.3521101904476,35.0280224179343
2022-07-28,138687,282,105926,187,32761,95,114486,203,533769,319,648255,522,1,1440,0,2788,1460,1,"Knox County",470313,292.99636624971,0.356143667296786,110.989915226668,59.9600691454414,35.6143667296786
2022-07-27,138405,198,105739,129,32666,69,114283,134,533450,248,647733,382,4,1439,0,2788,1459,0,"Knox County",470313,291.507995739008,0.363705972434916,81.2225050126193,42.0996230170121,36.3705972434916
2022-07-26,138207,300,105610,229,32597,71,114149,237,533202,239,647351,476,1,1435,1,2788,1459,1,"Knox County",470313,295.122609836428,0.387071950750289,101.209194727766,63.7873076015334,38.7071950750289
2022-07-25,137907,289,105381,172,32526,117,113912,181,532963,249,646875,430,1,1434,0,2787,1458,2,"Knox County",470313,319.361786725011,0.386575735821967,91.4284742288646,61.4484396561439,38.6575735821967
2022-07-24,137618,112,105209,68,32409,44,113731,73,532714,178,646445,251,0,1433,0,2787,1456,1,"Knox County",470313,322.125903387744,0.383137673425827,53.3687140266163,23.8139281712392,38.3137673425827
2022-07-23,137506,110,105141,53,32365,57,113658,59,532536,143,646194,202,0,1433,0,2787,1455,0,"Knox County",470313,320.850157235713,0.383425414364641,42.9501204516992,23.3886794538956,38.3425414364641
2022-07-22,137396,262,105088,183,32308,79,113599,190,532393,309,645992,499,0,1433,0,2787,1455,1,"Knox County",470313,330.205629017271,0.389934829833454,106.099554977217,55.7075819720059,38.9934829833454
2022-07-21,137134,286,104905,175,32229,111,113409,179,532084,354,645493,533,0,1433,2,2787,1454,2,"Knox County",470313,331.056126451959,0.379733141002524,113.328783172058,60.8105665801286,37.9733141002524
2022-07-20,136848,222,104730,141,32118,81,113230,152,531730,318,644960,470,5,1433,0,2785,1452,0,"Knox County",470313,336.159111060081,0.374344634743097,99.9334485757357,47.2026076251348,37.4344634743097
2022-07-19,136626,226,104589,144,32037,82,113078,148,531412,234,644490,382,1,1428,1,2785,1452,2,"Knox County",470313,320.42490851837,0.354897000361402,81.2225050126193,48.0531050598219,35.4897000361402
2022-07-18,136400,347,104445,205,31955,142,112930,231,531178,382,644108,613,1,1427,0,2784,1450,1,"Knox County",470313,332.757121321333,0.349830508474576,130.3387318658,73.780652459107,34.9830508474576
2022-07-17,136053,76,104240,62,31813,14,112699,69,530796,87,643495,156,0,1426,0,2784,1449,1,"Knox County",470313,325.102644409149,0.360070052539405,33.1693999527974,16.1594512590551,36.0070052539405
2022-07-16,135977,102,104178,65,31799,37,112630,67,530709,123,643339,190,1,1426,0,2784,1448,2,"Knox County",470313,323.401649539775,0.36440379880408,40.3986281476379,21.6876845845214,36.440379880408
2022-07-15,135875,191,104113,119,31762,72,112563,129,530586,326,643149,455,0,1425,2,2784,1446,2,"Knox County",470313,308.305320074078,0.348338692390139,96.7440831956591,40.6112525063096,34.8338692390139
2022-07-14,135684,205,103994,143,31690,62,112434,145,530260,239,642694,384,1,1425,0,2782,1444,5,"Knox County",470313,291.082747021664,0.355094339622642,81.6477537299628,43.5879935277145,35.5094339622642
2022-07-13,135479,267,103851,171,31628,96,112289,179,530021,320,642310,499,0,1424,0,2782,1439,1,"Knox County",470313,300.650843161894,0.361328854050019,106.099554977217,56.7707037653648,36.1328854050019
2022-07-12,135212,236,103680,162,31532,74,112110,171,529701,293,641811,464,4,1424,0,2782,1438,1,"Knox County",470313,302.777086748612,0.358927924664976,98.6577024237051,50.1793486465396,35.8927924664976
2022-07-11,134976,200,103518,136,31458,64,111939,143,529408,253,641347,396,0,1420,1,2782,1437,0,"Knox County",470313,271.521306023861,0.354952830188679,84.1992460340241,42.5248717343556,35.4952830188679
2022-07-10,134776,83,103382,43,31394,40,111796,42,529155,87,640951,129,0,1420,1,2781,1437,1,"Knox County",470313,273.009676534563,0.34803337306317,27.4285422686594,17.6478217697576,34.803337306317
2022-07-09,134693,118,103339,78,31354,40,111754,78,529068,104,640822,182,0,1420,0,2780,1436,2,"Knox County",470313,276.411666273312,0.35352730171383,38.6976332782636,25.0896743232698,35.352730171383
2022-07-08,134575,193,103261,125,31314,68,111676,132,528964,304,640640,436,1,1420,0,2780,1434,0,"Knox County",470313,276.836914990655,0.357429718875502,92.7042203808953,41.0365012236532,35.7429718875502
2022-07-07,134382,181,103136,105,31246,76,111544,109,528660,205,640204,314,0,1419,0,2780,1434,4,"Knox County",470313,271.733930382532,0.352892561983471,66.7640486229383,38.4850089195918,35.2892561983471
2022-07-06,134201,227,103031,156,31170,71,111435,157,528455,228,639890,385,3,1419,1,2780,1430,0,"Knox County",470313,263.228956035661,0.360797918473547,81.8603780886346,48.2657294184936,36.0797918473547
2022-07-05,133974,164,102875,118,31099,46,111278,122,528227,118,639505,240,0,1416,1,2779,1430,1,"Knox County",470313,247.920002211293,0.376080691642651,51.0298460812268,34.8703948221716,37.6080691642651
2022-07-04,133810,79,102757,44,31053,35,111156,47,528109,123,639265,170,1,1416,1,2778,1429,0,"Knox County",470313,222.192454812008,0.370150862068966,36.1461409742023,16.7973243350705,37.0150862068966
2022-07-03,133731,105,102713,65,31018,40,111109,69,527986,159,639095,228,0,1415,0,2777,1429,0,"Knox County",470313,226.870190702787,0.365217391304348,48.4783537771654,22.3255576605367,36.5217391304348
2022-07-02,133626,108,102648,75,30978,33,111040,79,527827,200,638867,279,0,1415,0,2777,1429,3,"Knox County",470313,224.74394711607,0.348440545808967,59.3221960694261,22.963430736552,34.8440545808967
2022-07-01,133518,184,102573,124,30945,60,110961,130,527627,318,638588,448,0,1415,1,2777,1426,1,"Knox County",470313,222.830327888024,0.345445736434109,95.2557126849566,39.1228819956072,34.5445736434108
2022-06-30,133334,195,102449,118,30885,77,110831,124,527309,308,638140,432,1,1415,2,2776,1425,1,"Knox County",470313,225.807068909428,0.333638863428048,91.8537229462082,41.4617499409967,33.3638863428048
2022-06-29,133139,184,102331,120,30808,64,110707,131,527001,244,637708,375,2,1414,0,2774,1424,1,"Knox County",470313,216.664221486542,0.323204419889503,79.7341345019168,39.1228819956072,32.3204419889503
2022-06-28,132955,183,102211,116,30744,67,110576,122,526757,265,637333,387,1,1412,0,2774,1423,0,"Knox County",470313,220.704084301306,0.302716688227684,82.2856268059781,38.9102576369354,30.2716688227684
2022-06-27,132772,142,102095,100,30677,42,110454,102,526492,167,636946,269,0,1411,0,2774,1423,0,"Knox County",470313,234.099418897628,0.313068651778329,57.1959524827083,30.1926589313925,31.3068651778329
2022-06-26,132630,89,101995,57,30635,32,110352,62,526325,168,636677,230,0,1411,0,2774,1423,0,"Knox County",470313,230.697429158879,0.309917355371901,48.903602494509,18.9235679217883,30.9917355371901
2022-06-25,132541,104,101938,60,30603,44,110290,71,526157,203,636447,274,0,1411,0,2774,1423,0,"Knox County",470313,229.846931724192,0.307246376811594,58.2590742760672,22.1129333018649,30.7246376811594
2022-06-24,132437,145,101878,119,30559,26,110219,128,525954,386,636173,514,0,1411,1,2774,1423,2,"Knox County",470313,221.554581735993,0.298266827891979,109.288920357294,30.8305320074078,29.8266827891979
2022-06-23,132292,185,101759,128,30533,57,110091,136,525568,304,635659,440,1,1411,1,2773,1421,0,"Knox County",470313,219.428338149275,0.302129369224588,93.5547178155824,39.335506354279,30.2129369224588
2022-06-22,132107,182,101631,127,30476,55,109955,131,525264,331,635219,462,0,1410,0,2772,1421,0,"Knox County",470313,219.003089431931,0.291925465838509,98.2324537063615,38.6976332782636,29.1925465838509
2022-06-21,131925,177,101504,88,30421,89,109824,95,524933,175,634757,270,1,1410,1,2772,1421,0,"Knox County",470313,217.727343279901,0.294835298901993,57.4085768413801,37.6345114849047,29.4835298901993
2022-06-20,131748,120,101416,84,30332,36,109729,91,524758,157,634487,248,0,1409,0,2771,1421,1,"Knox County",470313,213.049607389122,0.292863002461034,52.730840950601,25.5149230406134,29.2863002461034
2022-06-19,131628,89,101332,59,30296,30,109638,65,524601,198,634239,263,0,1409,0,2771,1420,0,"Knox County",470313,213.049607389122,0.290165924726831,55.9202063306777,18.9235679217883,29.0165924726831
2022-06-18,131539,99,101273,81,30266,18,109573,87,524403,194,633976,281,-1,1409,0,2771,1420,0,"Knox County",470313,211.986485595763,0.295803066989508,59.7474447867697,21.049811508506,29.5803066989508
2022-06-17,131440,133,101192,85,30248,48,109486,89,524209,254,633695,343,3,1410,2,2771,1420,1,"Knox County",470313,209.434993291701,0.300823580407456,72.9301550244199,28.2790397033465,30.0823580407456
2022-06-16,131307,138,101107,104,30200,34,109397,108,523955,301,633352,409,1,1407,0,2769,1419,0,"Knox County",470313,199.441648434128,0.292618629173989,86.9633626967573,29.3421614967054,29.2618629173989
2022-06-15,131169,113,101003,81,30166,32,109289,85,523654,264,632943,349,0,1406,0,2769,1419,1,"Knox County",470313,184.770567685775,0.286638927415626,74.2059011764506,24.0265525299109,28.6638927415626
2022-06-14,131056,170,100922,106,30134,64,109204,114,523390,244,632594,358,2,1406,0,2769,1418,0,"Knox County",470313,183.282197175073,0.283873833851622,76.1195204044966,36.1461409742023,28.3873833851622
2022-06-13,130886,117,100816,71,30070,46,109090,71,523146,150,632236,221,1,1404,0,2769,1418,2,"Knox County",470313,182.644324099057,0.278327338129496,46.989983266463,24.877049964598,27.8327338129496
2022-06-12,130769,79,100745,44,30024,35,109019,48,522996,129,632015,177,1,1403,1,2769,1416,1,"Knox County",470313,180.51808051234,0.281571562207671,37.6345114849047,16.7973243350705,28.1571562207671
2022-06-11,130690,102,100701,82,29989,20,108971,93,522867,227,631838,320,0,1402,0,2768,1415,0,"Knox County",470313,181.155953588355,0.279283417547083,68.039794774969,21.6876845845214,27.9283417547083
2022-06-10,130588,122,100619,77,29969,45,108878,88,522640,368,631518,456,0,1402,1,2768,1415,0,"Knox County",470313,178.817085642965,0.265065502183406,96.9567075543308,25.9401717579569,26.5065502183406
2022-06-09,130466,161,100542,107,29924,54,108790,114,522272,330,631062,444,1,1402,0,2767,1415,0,"Knox County",470313,183.707445892416,0.263655913978495,94.4052152502695,34.2325217461563,26.3655913978495
2022-06-08,130305,150,100435,100,29870,50,108676,116,521942,324,630618,440,0,1401,0,2767,1415,0,"Knox County",470313,191.574547163272,0.266556291390728,93.5547178155824,31.8936538007667,26.6556291390728
2022-06-07,130155,121,100335,70,29820,51,108560,71,521618,169,630178,240,0,1401,0,2767,1415,0,"Knox County",470313,181.155953588355,0.261531766753699,51.0298460812268,25.7275473992852,26.1531766753699
2022-06-06,130034,116,100265,79,29769,37,108489,81,521449,280,629938,361,0,1401,1,2767,1415,0,"Knox County",470313,180.943329229683,0.250615258408532,76.7573934805119,24.6644256059263,25.0615258408532
2022-06-05,129918,75,100186,54,29732,21,108408,57,521169,233,629577,290,3,1401,1,2766,1415,0,"Knox County",470313,180.092831794996,0.243041944335555,61.6610640148157,15.9468269003834,24.3041944335555
2022-06-04,129843,86,100132,72,29711,14,108351,76,520936,300,629287,376,0,1398,0,2765,1415,1,"Knox County",470313,176.690842056248,0.231300345224396,79.9467588605886,18.2856948457729,23.1300345224396
2022-06-03,129757,132,100060,90,29697,42,108275,96,520636,346,628911,442,0,1398,1,2765,1414,3,"Knox County",470313,178.817085642965,0.235634400308523,93.9799665329259,28.0664153446747,23.5634400308523
2022-06-02,129625,114,99970,88,29655,26,108179,96,520290,284,628469,380,0,1398,0,2764,1411,0,"Knox County",470313,168.823740785392,0.234480031633057,80.7972562952757,24.2391768885827,23.4480031633057
2022-06-01,129511,169,99882,90,29629,79,108083,105,520006,303,628089,408,1,1398,1,2764,1411,0,"Knox County",470313,172.863603600156,0.233079695634762,86.7507383380855,35.9335166155305,23.3079695634762
2022-05-31,129342,129,99792,94,29550,35,107978,96,519703,214,627681,310,0,1397,2,2763,1411,0,"Knox County",470313,174.56459846953,0.236462797039346,65.9135511882512,27.4285422686594,23.6462797039346
2022-05-30,129213,57,99698,32,29515,25,107882,36,519489,118,627371,154,0,1397,3,2761,1411,0,"Knox County",470313,162.019761307895,0.238135593220339,32.7441512354538,12.1195884442914,23.8135593220339
2022-05-29,129156,56,99666,43,29490,13,107846,46,519371,200,627217,246,0,1397,0,2758,1411,1,"Knox County",470313,157.979898493131,0.237910189982729,52.3055922332574,11.9069640856196,23.7910189982729
2022-05-28,129100,69,99623,56,29477,13,107800,58,519171,229,626971,287,0,1397,0,2758,1410,0,"Knox County",470313,154.365284395711,0.23933542882802,61.0231909388003,14.6710807483527,23.933542882802
2022-05-27,129031,98,99567,66,29464,32,107742,67,518942,417,626684,484,2,1397,2,2758,1410,0,"Knox County",470313,147.13605620087,0.222124283825474,102.910189597141,20.8371871498343,22.2124283825474
2022-05-26,128933,102,99501,78,29432,24,107675,82,518525,367,626200,449,1,1395,3,2756,1410,1,"Knox County",470313,144.584563896809,0.209580838323353,95.4683370436284,21.6876845845214,20.9580838323353
2022-05-25,128831,108,99423,79,29408,29,107593,86,518158,264,625751,350,2,1394,0,2753,1409,1,"Knox County",470313,131.614478017831,0.206578947368421,74.4185255351224,22.963430736552,20.6578947368421
2022-05-24,128723,106,99344,68,29379,38,107507,73,517894,281,625401,354,0,1392,1,2753,1408,0,"Knox County",470313,126.72411776838,0.192771084337349,75.2690229698095,22.5381820192085,19.2771084337349
2022-05-23,128617,107,99276,71,29341,36,107434,70,517613,337,625047,407,1,1392,2,2752,1408,0,"Knox County",470313,137.355335701969,0.187039192859915,86.5381139794137,22.7508063778803,18.7039192859915
2022-05-22,128510,47,99205,38,29305,9,107364,40,517276,180,624640,220,1,1391,2,2750,1408,0,"Knox County",470313,135.441716473923,0.186593492747942,46.7773589077912,9.99334485757357,18.6593492747942
2022-05-21,128463,55,99167,45,29296,10,107324,49,517096,208,624420,257,0,1390,3,2748,1408,0,"Knox County",470313,132.464975452518,0.185243950813169,54.644460178647,11.6943397269478,18.5243950813169
2022-05-20,128408,87,99122,59,29286,28,107275,63,516888,225,624163,288,0,1390,1,2745,1408,0,"Knox County",470313,130.126107507128,0.199139784946237,61.2358152974721,18.4983192044447,19.9139784946237
2022-05-19,128321,95,99063,67,29258,28,107212,69,516663,254,623875,323,6,1390,1,2744,1408,0,"Knox County",470313,128.637736996426,0.204638472032742,68.6776678509843,20.1993140738189,20.4638472032742
2022-05-18,128226,82,98996,54,29230,28,107143,56,516409,239,623552,295,1,1384,1,2743,1408,0,"Knox County",470313,123.10950367096,0.19589552238806,62.7241858081746,17.4351974110858,19.589552238806
2022-05-17,128144,80,98942,51,29202,29,107087,54,516170,315,623257,369,2,1383,0,2742,1408,0,"Knox County",470313,117.581270345493,0.185734136174155,78.4583883498861,17.0099486937423,18.5734136174155
2022-05-16,128064,64,98891,40,29173,24,107033,39,515855,254,622888,293,0,1381,1,2742,1408,1,"Knox County",470313,108.438422922607,0.180929095354523,62.298937090831,13.6079589549938,18.0929095354523
2022-05-15,128000,39,98851,25,29149,14,106994,27,515601,174,622595,201,0,1381,1,2741,1407,0,"Knox County",470313,106.737428053233,0.176209279368213,42.7374960930274,8.29234998819935,17.6209279368213
2022-05-14,127961,29,98826,21,29135,8,106967,22,515427,145,622394,167,0,1381,1,2740,1407,0,"Knox County",470313,101.209194727766,0.170454545454545,35.508267898187,6.16610640148157,17.0454545454545
2022-05-13,127932,77,98805,55,29127,22,106945,58,515282,251,622227,309,-3,1381,0,2739,1407,1,"Knox County",470313,99.0829511410486,0.166070516096065,65.7009268295794,16.3720756177269,16.6070516096065
2022-05-12,127855,72,98750,45,29105,27,106887,49,515031,301,621918,350,1,1384,0,2739,1406,1,"Knox County",470313,94.1925908915977,0.153729838709677,74.4185255351224,15.308953824368,15.3729838709677
2022-05-11,127783,47,98705,33,29078,14,106838,35,514730,177,621568,212,0,1383,0,2739,1405,0,"Knox County",470313,86.7507383380855,0.149395055234087,45.076364038417,9.99334485757357,14.9395055234087
2022-05-10,127736,78,98672,40,29064,38,106803,43,514553,322,621356,365,1,1383,3,2739,1405,1,"Knox County",470313,86.3254896207419,0.143911439114391,77.607890915199,16.5846999763987,14.3911439114391
2022-05-09,127658,54,98632,31,29026,23,106760,32,514231,181,620991,213,0,1382,1,2736,1404,0,"Knox County",470313,84.1992460340242,0.146395156851954,45.2889883970888,11.481715368276,14.6395156851954
2022-05-08,127604,31,98601,23,29003,8,106728,24,514050,133,620778,157,0,1382,0,2735,1404,0,"Knox County",470313,82.4982511646499,0.148336153412296,33.3820243114692,6.59135511882512,14.8336153412296
2022-05-07,127573,17,98578,10,28995,7,106704,13,513917,174,620621,187,0,1382,0,2735,1404,0,"Knox County",470313,79.9467588605886,0.141662018962632,39.7607550716225,3.61461409742023,14.1662018962632
2022-05-06,127556,51,98568,30,28988,21,106691,34,513743,209,620434,243,0,1382,1,2735,1404,1,"Knox County",470313,74.4185255351224,0.13317892298784,51.6677191572421,10.8438422922607,13.317892298784
2022-05-05,127505,48,98538,31,28967,17,106657,34,513534,185,620191,219,1,1382,0,2734,1403,0,"Knox County",470313,69.3155409269997,0.134711779448622,46.5647345491194,10.2059692162454,13.4711779448622
2022-05-04,127457,54,98507,35,28950,19,106623,38,513349,249,619972,287,1,1381,0,2734,1403,0,"Knox County",470313,70.8039114377021,0.130460801915021,61.0231909388003,11.481715368276,13.0460801915021
2022-05-03,127403,34,98472,21,28931,13,106585,24,513100,145,619685,169,0,1380,0,2734,1403,1,"Knox County",470313,61.4484396561439,0.134915254237288,35.9335166155305,7.22922819484046,13.4915254237288
2022-05-02,127369,37,98451,28,28918,9,106561,32,512955,190,619516,222,3,1380,2,2734,1402,0,"Knox County",470313,57.8338255587237,0.134097035040431,47.2026076251348,7.86710127085579,13.4097035040431
2022-05-01,127332,14,98423,9,28909,5,106529,9,512765,82,619294,91,0,1377,0,2732,1402,0,"Knox County",470313,54.2192114613034,0.129760225669958,19.3488166391318,2.97674102140489,12.9760225669958
2022-04-30,127318,19,98414,14,28904,5,106520,15,512683,141,619203,156,0,1377,0,2732,1402,0,"Knox County",470313,54.644460178647,0.134102379235761,33.1693999527974,4.03986281476378,13.4102379235761
2022-04-29,127299,24,98400,14,28899,10,106505,13,512542,200,619047,213,0,1377,0,2732,1402,1,"Knox County",470313,48.903602494509,0.121591746499632,45.2889883970888,5.10298460812268,12.1591746499632
2022-04-28,127275,32,98386,25,28889,7,106492,26,512342,226,618834,252,1,1377,0,2732,1401,0,"Knox County",470313,45.5016127557605,0.11294964028777,53.5813383852881,6.8039794774969,11.294964028777
2022-04-27,127243,35,98361,25,28882,10,106466,27,512116,181,618582,208,0,1376,0,2732,1401,0,"Knox County",470313,41.4617499409967,0.111365369946606,44.2258666037299,7.44185255351224,11.1365369946606
2022-04-26,127208,39,98336,21,28872,18,106439,21,511935,240,618374,261,0,1376,0,2732,1401,0,"Knox County",470313,42.5248717343556,0.101924447612259,55.4949576133341,8.29234998819935,10.1924447612259
2022-04-25,127169,60,98315,16,28854,44,106418,17,511695,101,618113,118,0,1376,2,2732,1401,1,"Knox County",470313,47.4152319838065,0.0985373364126251,25.0896743232698,12.7574615203067,9.85373364126251
2022-04-24,127109,15,98299,11,28810,4,106401,12,511594,148,617995,160,1,1376,0,2730,1400,1,"Knox County",470313,47.6278563424783,0.0957602339181287,34.0198973874845,3.18936538007667,9.57602339181287
2022-04-23,127094,12,98288,5,28806,7,106389,7,511446,197,617835,204,0,1375,0,2730,1399,0,"Knox County",470313,46.1394858317759,0.086864406779661,43.3753691690427,2.55149230406134,8.6864406779661
2022-04-22,127082,26,98283,19,28799,7,106382,21,511249,210,617631,231,0,1375,0,2730,1399,0,"Knox County",470313,46.5647345491194,0.0913528591352859,49.1162268531808,5.52823332546623,9.13528591352859
2022-04-21,127056,32,98264,23,28792,9,106361,23,511039,231,617400,254,0,1375,0,2730,1399,0,"Knox County",470313,46.5647345491194,0.0891364902506964,54.0065871026317,6.8039794774969,8.91364902506964
2022-04-20,127024,55,98241,32,28783,23,106338,34,510808,247,617146,281,1,1375,0,2730,1399,1,"Knox County",470313,50.817221722555,0.0894632206759443,59.7474447867697,11.6943397269478,8.94632206759443
2022-04-19,126969,29,98209,16,28760,13,106304,17,510561,151,616865,168,0,1374,0,2730,1398,0,"Knox County",470313,48.6909781358372,0.0925141242937853,35.7208922568587,6.16610640148157,9.25141242937853
2022-04-18,126940,38,98193,21,28747,17,106287,21,510410,117,616697,138,0,1374,1,2730,1398,0,"Knox County",470313,44.0132422450581,0.0940111420612813,29.3421614967054,8.07972562952757,9.40111420612813
2022-04-17,126902,16,98172,10,28730,6,106266,9,510293,101,616559,110,0,1374,0,2729,1398,1,"Knox County",470313,44.2258666037299,0.0952380952380952,23.3886794538956,3.40198973874845,9.52380952380952
2022-04-16,126886,10,98162,10,28724,0,106257,12,510192,126,616449,138,0,1374,0,2729,1397,0,"Knox County",470313,43.8006178863863,0.103787878787879,29.3421614967054,2.12624358671778,10.3787878787879
2022-04-15,126876,18,98152,13,28724,5,106245,13,510066,198,616311,211,0,1374,0,2729,1397,0,"Knox County",470313,42.0996230170121,0.0992307692307692,44.8637396797452,3.82723845609201,9.92307692307692
2022-04-14,126858,17,98139,5,28719,12,106232,6,509868,158,616100,164,1,1374,0,2729,1397,1,"Knox County",470313,38.9102576369354,0.0925619834710744,34.8703948221716,3.61461409742023,9.25619834710744
2022-04-13,126841,39,98134,26,28707,13,106226,28,509710,209,615936,237,-1,1373,0,2729,1396,1,"Knox County",470313,35.508267898187,0.0909090909090909,50.3919730052114,8.29234998819935,9.09090909090909
2022-04-12,126802,23,98108,6,28694,17,106198,8,509501,192,615699,200,5,1374,0,2729,1395,0,"Knox County",470313,34.2325217461563,0.0809682804674457,42.5248717343556,4.8903602494509,8.09682804674457
2022-04-11,126779,22,98102,13,28677,9,106190,13,509309,173,615499,186,1,1369,2,2729,1395,1,"Knox County",470313,30.8305320074078,0.0714285714285714,39.5481307129507,4.67773589077912,7.14285714285714
2022-04-10,126757,9,98089,7,28668,2,106177,7,509136,110,615313,117,0,1368,1,2727,1394,0,"Knox County",470313,29.3421614967054,0.0694333599361532,24.877049964598,1.913619228046,6.94333599361532
2022-04-09,126748,7,98082,5,28666,2,106170,5,509026,148,615196,153,0,1368,0,2726,1394,0,"Knox County",470313,28.70428842069,0.0630914826498423,32.5315268767821,1.48837051070245,6.30914826498423
2022-04-08,126741,18,98077,15,28664,3,106165,16,508878,176,615043,192,1,1368,0,2726,1394,0,"Knox County",470313,28.70428842069,0.066453162530024,40.8238768649814,3.82723845609201,6.6453162530024
2022-04-07,126723,16,98062,7,28661,9,106149,10,508702,181,614851,191,5,1367,0,2726,1394,0,"Knox County",470313,28.4916640620183,0.0681818181818182,40.6112525063096,3.40198973874845,6.81818181818182
2022-04-06,126707,21,98055,14,28652,7,106139,16,508521,204,614660,220,-1,1362,0,2726,1394,2,"Knox County",470313,24.6644256059263,0.0595710881652105,46.7773589077912,4.46511153210734,5.95710881652105
2022-04-05,126686,15,98041,12,28645,3,106123,13,508317,198,614440,211,4,1363,0,2726,1392,2,"Knox County",470313,22.963430736552,0.062992125984252,44.8637396797452,3.18936538007667,6.2992125984252
2022-04-04,126671,16,98029,5,28642,11,106110,7,508119,158,614229,165,8,1359,2,2726,1390,0,"Knox County",470313,21.6876845845214,0.0592473979183347,35.0830191808434,3.40198973874845,5.92473979183347
2022-04-03,126655,5,98024,4,28631,1,106103,3,507961,75,614064,78,1,1351,0,2724,1390,1,"Knox County",470313,20.8371871498343,0.0578512396694215,16.5846999763987,1.06312179335889,5.78512396694215
2022-04-02,126650,2,98020,2,28630,0,106100,3,507886,116,613986,119,0,1350,0,2724,1389,1,"Knox County",470313,19.7740653564754,0.0578231292517007,25.3022986819416,0.425248717343556,5.78231292517007
2022-04-01,126648,19,98018,8,28630,11,106097,8,507770,231,613867,239,4,1350,0,2724,1388,0,"Knox County",470313,19.9866897151471,0.0490596892886345,50.817221722555,4.03986281476378,4.90596892886345
2022-03-31,126629,17,98010,7,28619,10,106089,8,507539,238,613628,246,3,1346,0,2724,1388,0,"Knox County",470313,20.1993140738189,0.0453834115805947,52.3055922332574,3.61461409742023,4.53834115805947
2022-03-30,126612,22,98003,10,28609,12,106081,9,507301,256,613382,265,0,1343,1,2724,1388,0,"Knox County",470313,20.4119384324907,0.0385487528344671,56.3454550480212,4.67773589077912,3.85487528344671
2022-03-29,126590,20,97993,8,28597,12,106072,9,507045,192,613117,201,2,1343,0,2723,1388,3,"Knox County",470313,21.4750602258496,0.0357958872810358,42.7374960930274,4.25248717343556,3.57958872810358
2022-03-28,126570,19,97985,12,28585,7,106063,16,506853,332,612916,348,3,1341,0,2723,1385,0,"Knox County",470313,22.1129333018649,0.0374331550802139,73.9932768177788,4.03986281476378,3.74331550802139
2022-03-27,126551,4,97973,3,28578,1,106047,3,506521,73,612568,76,0,1338,0,2723,1385,1,"Knox County",470313,21.9003089431931,0.037483266398929,16.1594512590551,0.850497434687113,3.7483266398929
2022-03-26,126547,8,97970,5,28577,3,106044,5,506448,166,612492,171,0,1338,1,2723,1384,1,"Knox County",470313,23.1760550952238,0.03751617076326,36.3587653328741,1.70099486937423,3.751617076326
2022-03-25,126539,14,97965,7,28574,7,106039,8,506282,244,612321,252,0,1338,1,2722,1383,1,"Knox County",470313,22.1129333018649,0.0372033354714561,53.5813383852881,2.97674102140489,3.72033354714561
2022-03-24,126525,56,97958,9,28567,47,106031,10,506038,187,612069,197,1,1338,0,2721,1382,2,"Knox County",470313,30.4052832900643,0.0397350993377483,41.8869986583403,11.9069640856196,3.97350993377483
2022-03-23,126469,11,97949,6,28520,5,106021,6,505851,201,611872,207,0,1337,0,2721,1380,1,"Knox County",470313,28.0664153446747,0.0392561983471074,44.0132422450581,2.33886794538956,3.92561983471074
2022-03-22,126458,16,97943,11,28515,5,106015,11,505650,150,611665,161,0,1337,1,2721,1379,4,"Knox County",470313,27.2159179099876,0.0417847025495751,34.2325217461563,3.40198973874845,4.17847025495751
2022-03-21,126442,12,97932,6,28510,6,106004,6,505500,124,611504,130,7,1337,1,2720,1375,0,"Knox County",470313,25.7275473992852,0.0410385259631491,27.6411666273312,2.55149230406134,4.10385259631491
2022-03-20,126430,11,97926,8,28504,3,105998,10,505376,98,611374,108,1,1330,0,2719,1375,0,"Knox County",470313,27.2159179099876,0.0456769983686786,22.963430736552,2.33886794538956,4.56769983686786
2022-03-19,126419,11,97918,10,28501,1,105988,11,505278,175,611266,186,0,1329,0,2719,1375,0,"Knox County",470313,27.8537909860029,0.0499597099113618,39.5481307129507,2.33886794538956,4.99597099113618
2022-03-18,126408,24,97908,15,28500,9,105977,14,505103,219,611080,233,0,1329,1,2719,1375,2,"Knox County",470313,29.9800345727207,0.0556464811783961,49.5414755705243,5.10298460812268,5.56464811783961
2022-03-17,126384,35,97893,25,28491,10,105963,31,504884,209,610847,240,1,1329,0,2718,1373,2,"Knox County",470313,25.5149230406134,0.0703557312252964,51.0298460812268,7.44185255351224,7.03557312252964
2022-03-16,126349,21,97868,8,28481,13,105932,12,504675,236,610607,248,3,1328,2,2718,1371,2,"Knox County",470313,27.6411666273312,0.0727411944869832,52.730840950601,4.46511153210734,7.27411944869832
2022-03-15,126328,55,97860,18,28468,37,105920,19,504439,257,610359,276,1,1325,1,2716,1369,2,"Knox County",470313,35.9335166155305,0.0724841660802252,58.6843229934108,11.6943397269478,7.24841660802252
2022-03-14,126273,21,97842,16,28431,5,105901,22,504182,228,610083,250,10,1324,0,2715,1367,3,"Knox County",470313,37.8471358435765,0.0772225827384815,53.1560896679445,4.46511153210734,7.72225827384815
2022-03-13,126252,5,97826,5,28426,0,105879,10,503954,484,609833,494,2,1314,0,2715,1364,1,"Knox County",470313,36.5713896915458,0.0617540217955371,105.036433183858,1.06312179335889,6.17540217955371
2022-03-12,126247,9,97821,8,28426,1,105869,9,503470,293,609339,302,0,1312,3,2715,1363,2,"Knox County",470313,36.1461409742023,0.0572687224669604,64.212556318877,1.913619228046,5.72687224669604
2022-03-11,126238,20,97813,13,28425,7,105860,15,503177,467,609037,482,9,1312,0,2712,1361,4,"Knox County",470313,35.2956435395152,0.0514834205933682,102.484940879797,4.25248717343556,5.14834205933682
2022-03-10,126218,28,97800,20,28418,8,105845,23,502710,459,608555,482,4,1303,1,2712,1357,2,"Knox County",470313,33.8072730288127,0.0434096290449882,102.484940879797,5.95348204280979,4.34096290449882
2022-03-09,126190,64,97780,20,28410,44,105822,23,502251,419,608073,442,1,1299,2,2711,1355,2,"Knox County",470313,42.9501204516992,0.0443548387096774,93.9799665329259,13.6079589549938,4.43548387096774
2022-03-08,126126,35,97760,18,28366,17,105799,19,501832,311,607631,330,1,1298,1,2709,1353,3,"Knox County",470313,38.6976332782636,0.0434938892882818,70.1660383616868,7.44185255351224,4.34938892882818
2022-03-07,126091,26,97742,21,28349,5,105780,25,501521,267,607301,292,4,1297,2,2708,1350,0,"Knox County",470313,39.7607550716225,0.0439093484419263,62.0863127321592,5.52823332546623,4.39093484419263
2022-03-06,126065,14,97721,11,28344,3,105755,13,501254,212,607009,225,2,1293,2,2706,1350,0,"Knox County",470313,41.6743742996685,0.049706457925636,47.8404807011501,2.97674102140489,4.9706457925636
2022-03-05,126051,19,97710,10,28341,9,105742,11,501042,266,606784,277,0,1291,1,2704,1350,2,"Knox County",470313,43.8006178863863,0.0509881422924901,58.8969473520825,4.03986281476378,5.09881422924901
2022-03-04,126032,53,97700,29,28332,24,105731,30,500776,380,606507,410,1,1291,1,2703,1348,2,"Knox County",470313,50.817221722555,0.0585842148087876,87.175987055429,11.2690910096042,5.85842148087876
2022-03-03,125979,45,97671,29,28308,16,105701,34,500396,326,606097,360,8,1290,4,2702,1346,2,"Knox County",470313,54.4318358199752,0.0663527397260274,76.5447691218401,9.56809614023002,6.63527397260274
2022-03-02,125934,37,97642,29,28292,8,105667,36,500070,338,605737,374,-2,1282,1,2698,1344,7,"Knox County",470313,48.6909781358372,0.0740740740740741,79.521510143245,7.86710127085579,7.40740740740741
2022-03-01,125897,91,97613,48,28284,43,105631,60,499732,391,605363,451,3,1284,3,2697,1337,2,"Knox County",470313,60.5979422214568,0.0874843030556718,95.893585760972,19.3488166391318,8.74843030556718
2022-02-28,125806,132,97565,88,28241,44,105571,96,499341,549,604912,645,10,1281,4,2694,1335,5,"Knox County",470313,83.1361242406653,0.102115244347192,137.142711343297,28.0664153446747,10.2115244347192
2022-02-27,125674,3,97477,3,28197,0,105475,5,498792,75,604267,80,1,1271,1,2690,1330,5,"Knox County",470313,80.7972562952757,0.104736234116288,17.0099486937423,0.637873076015334,10.4736234116288
2022-02-26,125671,46,97474,32,28197,14,105470,35,498717,275,604187,310,0,1270,2,2689,1325,0,"Knox County",470313,86.5381139794137,0.11254752851711,65.9135511882512,9.7807204989018,11.254752851711
2022-02-25,125625,105,97442,66,28183,39,105435,74,498442,406,603877,480,2,1270,5,2687,1325,6,"Knox County",470313,97.5945806303462,0.125925925925926,102.059692162454,22.3255576605367,12.5925925925926
2022-02-24,125520,141,97376,84,28144,57,105361,94,498036,463,603397,557,1,1268,4,2682,1319,3,"Knox County",470313,118.006519062837,0.138073869520193,118.43176778018,29.9800345727207,13.8073869520193
2022-02-23,125379,139,97292,95,28087,44,105267,114,497573,413,602840,527,6,1267,1,2678,1316,4,"Knox County",470313,139.694203647358,0.15672131147541,112.053037020027,29.5547858553772,15.672131147541
2022-02-22,125240,141,97197,86,28043,55,105153,99,497160,356,602313,455,11,1261,7,2677,1312,3,"Knox County",470313,150.325421580947,0.16928618205632,96.7440831956591,29.9800345727207,16.928618205632
2022-02-21,125099,71,97111,47,27988,24,105054,50,496804,290,601858,340,0,1250,1,2670,1309,5,"Knox County",470313,137.355335701969,0.171335030920335,72.2922819484046,15.0963294656962,17.1335030920335
2022-02-20,125028,72,97064,48,27964,24,105004,57,496514,289,601518,346,0,1250,1,2669,1304,2,"Knox County",470313,152.026416450321,0.17346600331675,73.5680281004352,15.308953824368,17.346600331675
2022-02-19,124956,89,97016,54,27940,35,104947,68,496225,322,601172,390,0,1250,1,2668,1302,4,"Knox County",470313,161.169263873208,0.179644588045234,82.9234998819935,18.9235679217883,17.9644588045234
2022-02-18,124867,139,96962,91,27905,48,104879,112,495903,498,600782,610,0,1250,3,2667,1298,4,"Knox County",470313,168.398492068048,0.184186046511628,129.700858789785,29.5547858553772,18.4186046511628
2022-02-17,124728,268,96871,206,27857,62,104767,249,495405,1208,600172,1457,1,1250,2,2664,1294,2,"Knox County",470313,195.401785619364,0.181575757575758,309.793690584781,56.9833281240365,18.1575757575758
2022-02-16,124460,224,96665,145,27795,79,104518,160,494197,546,598715,706,3,1249,3,2662,1292,3,"Knox County",470313,213.474856106465,0.184711895910781,150.112797222275,47.6278563424783,18.4711895910781
2022-02-15,124236,269,96520,212,27716,57,104358,241,493651,592,598009,833,5,1246,6,2659,1289,4,"Knox County",470313,240.690774016453,0.200128150363093,177.116090773591,57.1959524827083,20.0128150363093
2022-02-14,123967,341,96308,205,27659,136,104117,246,493059,602,597176,848,19,1241,8,2653,1285,1,"Knox County",470313,298.099350857833,0.218304431599229,180.305456153668,72.5049063070764,21.8304431599229
2022-02-13,123626,119,96103,100,27523,19,103871,116,492457,283,596328,399,1,1222,1,2645,1284,3,"Knox County",470313,308.092695715407,0.227350753385466,84.8371191100395,25.3022986819416,22.7350753385466
2022-02-12,123507,153,96003,109,27504,44,103755,127,492174,414,595929,541,0,1221,3,2644,1281,6,"Knox County",470313,321.7006546704,0.231924360400445,115.029778041432,32.5315268767821,23.1924360400445
2022-02-11,123354,339,95894,249,27460,90,103628,278,491760,630,595388,908,3,1221,10,2641,1275,5,"Knox County",470313,364.225526404756,0.248945888966971,193.062917673975,72.0796575897328,24.8945888966971
2022-02-10,123015,420,95645,272,27370,148,103350,302,491130,555,594480,857,7,1218,12,2631,1270,3,"Knox County",470313,396.544428922866,0.288688138256088,182.219075381714,89.3022306421468,28.8688138256088
2022-02-09,122595,435,95373,305,27222,130,103048,369,490575,606,593623,975,8,1211,4,2619,1267,6,"Knox County",470313,441.408168602611,0.313187838089909,207.308749704984,92.4915960222235,31.3187838089909
2022-02-08,122160,451,95068,331,27092,120,102679,389,489969,462,592648,851,6,1203,8,2615,1261,12,"Knox County",470313,480.105801880875,0.339654210819855,180.943329229683,95.893585760972,33.9654210819855
2022-02-07,121709,587,94737,408,26972,179,102290,440,489507,624,591797,1064,10,1197,11,2607,1249,5,"Knox County",470313,532.411394114132,0.361215370866845,226.232317626772,124.810498540334,36.1215370866845
2022-02-06,121122,250,94329,184,26793,66,101850,214,488883,435,590733,649,0,1187,13,2596,1244,5,"Knox County",470313,560.265185100135,0.362532078699743,137.993208777984,53.1560896679445,36.2532078699743
2022-02-05,120872,269,94145,192,26727,77,101636,220,488448,496,590084,716,0,1187,7,2583,1239,11,"Knox County",470313,584.929610706062,0.367441860465116,152.239040808993,57.1959524827083,36.7441860465116
2022-02-04,120603,649,93953,510,26650,139,101416,581,487952,963,589368,1544,3,1187,3,2576,1228,0,"Knox County",470313,650.843161894313,0.377854567307692,328.292009789225,137.993208777984,37.7854567307692
2022-02-03,119954,1638,93443,502,26511,1136,100835,505,486989,741,587824,1246,1,1184,13,2573,1228,2,"Knox County",470313,909.819630756539,0.385805535841022,264.929950905036,348.278699504373,38.5805535841022
2022-02-02,118316,715,92941,536,25375,179,100330,602,486248,904,586578,1506,7,1183,6,2560,1226,9,"Knox County",470313,969.354451184637,0.389519535374868,320.212284159698,152.026416450321,38.9519535374868
2022-02-01,117601,931,92405,733,25196,198,99728,829,485344,1139,585072,1968,5,1176,12,2554,1217,7,"Knox County",470313,1071.41414334709,0.390083975612562,418.444737866059,197.953277923425,39.0083975612562
2022-01-31,116670,711,91672,516,24998,195,98899,521,484205,605,583104,1126,11,1171,13,2542,1210,2,"Knox County",470313,1097.77956382239,0.396573386636208,239.415027864422,151.175919015634,39.6573386636208
2022-01-30,115959,386,91156,319,24803,67,98378,336,483600,569,581978,905,1,1160,7,2529,1208,6,"Knox County",470313,1126.69647660175,0.39884585506603,192.425044597959,82.0730024473064,39.884585506603
2022-01-29,115573,677,90837,588,24736,89,98042,644,483031,912,581073,1556,0,1159,5,2522,1202,3,"Knox County",470313,1213.44721493984,0.407877372855548,330.843502093287,143.946690820794,40.7877372855548
2022-01-28,114896,932,90249,770,24647,162,97398,832,482119,1040,579517,1872,3,1159,15,2517,1199,6,"Knox County",470313,1273.61990844395,0.41939286766873,398.032799433569,198.165902282097,41.939286766873
2022-01-27,113964,1428,89479,1198,24485,230,96566,1272,481079,1472,577645,2744,7,1156,13,2502,1193,8,"Knox County",470313,1228.96879312288,0.431275156290143,583.441240195359,303.627584183299,43.1275156290143
2022-01-26,112536,990,88281,800,24255,190,95294,850,479607,965,574901,1815,4,1149,4,2489,1185,8,"Knox County",470313,1287.44049175762,0.440847655598198,385.913210989277,210.49811508506,44.0847655598198
2022-01-25,111546,1018,87481,766,24065,252,94444,804,478642,930,573086,1734,7,1145,11,2485,1177,6,"Knox County",470313,1305.93881096206,0.447498298162015,368.690637936863,216.45159712787,44.7498298162015
2022-01-24,110528,1316,86715,1082,23813,234,93640,1161,477712,1550,571352,2711,13,1138,15,2474,1171,5,"Knox County",470313,1434.57654795849,0.442303366574192,576.424636359191,279.81365601206,44.2303366574192
2022-01-23,109212,768,85633,679,23579,89,92479,709,476162,818,568641,1527,0,1125,7,2459,1166,10,"Knox County",470313,1515.79905297111,0.449315853571173,324.677395691805,163.295507459926,44.9315853571173
2022-01-22,108444,899,84954,737,23490,162,91770,770,475344,1056,567114,1826,0,1125,14,2452,1156,3,"Knox County",470313,1563.00166059624,0.449645091011315,388.252078934667,191.149298445929,44.9645091011315
2022-01-21,107545,1514,84217,1230,23328,284,91000,1290,474288,1348,565288,2638,1,1125,6,2438,1153,6,"Knox County",470313,1686.74903734322,0.457219073024341,560.903058176151,321.913279029072,45.7219073024341
2022-01-20,106031,1406,82987,1164,23044,242,89710,1214,472940,1152,562650,2366,11,1124,11,2432,1147,2,"Knox County",470313,1682.07130145244,0.465074912772799,503.069232617427,298.94984829252,46.5074912772799
2022-01-19,104625,1662,81823,1302,22802,360,88496,1339,471788,1331,560284,2670,4,1113,7,2421,1145,2,"Knox County",470313,1824.95487047987,0.470979834539814,567.707037653648,353.381684112495,47.0979834539814
2022-01-18,102963,1042,80521,663,22442,379,87157,691,470457,686,557614,1377,6,1109,7,2414,1143,4,"Knox County",470313,1830.05785508799,0.474627853126034,292.783741891039,221.554581735993,47.4627853126034
2022-01-17,101921,1090,79858,859,22063,231,86466,903,469771,1279,556237,2182,7,1103,13,2407,1139,3,"Knox County",470313,1782.00475002817,0.47415329768271,463.94635062182,231.760550952238,47.415329768271
2022-01-16,100831,769,78999,689,21832,80,85563,716,468492,1073,554055,1789,0,1096,7,2394,1136,4,"Knox County",470313,1782.21737438684,0.466258081896552,380.384977663811,163.508131818597,46.6258081896552
2022-01-15,100062,751,78310,597,21752,154,84847,626,467419,816,552266,1442,1,1096,12,2387,1132,2,"Knox County",470313,1750.74896930342,0.468680862831858,306.604325204704,159.680893362505,46.8680862831858
2022-01-14,99311,1300,77713,1048,21598,252,84221,1093,466603,1188,550824,2281,6,1095,10,2375,1130,6,"Knox County",470313,1705.24735654766,0.466576876727866,484.996162130326,276.411666273312,46.6576876727866
2022-01-13,98011,1398,76665,1053,21346,345,83128,1104,465415,1401,548543,2505,6,1089,11,2365,1124,6,"Knox County",470313,1703.54636167829,0.454302962235013,532.624018472804,297.248853423146,45.4302962235013
2022-01-12,96613,1161,75612,885,21001,276,82024,934,464014,1058,546038,1992,1,1083,4,2354,1118,0,"Knox County",470313,1597.02155798373,0.447155070754717,423.547722474182,246.856880417934,44.7155070754717
2022-01-11,95452,1361,74727,1057,20725,304,81090,1092,462956,1283,544046,2375,2,1082,10,2350,1118,3,"Knox County",470313,1664.84872840002,0.444047782507209,504.982851845473,289.38175215229,44.4047782507209
2022-01-10,94091,1000,73670,685,20421,315,79998,714,461673,812,541671,1526,3,1080,5,2340,1115,1,"Knox County",470313,1645.71253611956,0.451401869158878,324.464771333133,212.624358671778,45.1401869158878
2022-01-09,93091,739,72985,626,20106,113,79284,664,460861,1205,540145,1869,5,1077,2,2335,1114,2,"Knox County",470313,1639.33380535941,0.445103645461044,397.394926357553,157.129401058444,44.5103645461044
2022-01-08,92352,621,72359,476,19993,145,78620,510,459656,912,538276,1422,0,1072,10,2333,1112,4,"Knox County",470313,1611.69263873208,0.437437365783822,302.351838031269,132.039726735174,43.7437365783822
2022-01-07,91731,963,71883,746,19848,217,78110,768,458744,1091,536854,1859,0,1072,7,2323,1108,0,"Knox County",470313,1540.03822985969,0.427074106879244,395.268682770836,204.757257400922,42.7074106879244
2022-01-06,90768,1157,71137,739,19631,418,77342,778,457653,1010,534995,1788,2,1072,7,2316,1108,4,"Knox County",470313,1488.79575941979,0.425531914893617,380.172353305139,246.006382983247,42.5531914893617
2022-01-05,89611,1210,70398,898,19213,312,76564,940,456643,1255,533207,2195,1,1070,8,2309,1104,1,"Knox County",470313,1499.21435299471,0.419364738376554,466.710467284553,257.275473992852,41.9364738376554
2022-01-04,88401,922,69500,576,18901,346,75624,566,455388,1040,531012,1606,0,1069,6,2301,1103,5,"Knox County",470313,1405.8722595378,0.4027721157766,341.474720026876,196.039658695379,40.27721157766
2022-01-03,87479,714,68924,537,18555,177,75058,504,454348,820,529406,1324,6,1069,7,2295,1098,2,"Knox County",470313,1345.06169295767,0.392108099146149,281.514650881434,151.81379209165,39.2108099146149
2022-01-02,86765,288,68387,206,18378,82,74554,265,453528,651,528082,916,3,1063,9,2288,1096,4,"Knox County",470313,1249.1681071967,0.38982898289829,194.763912543349,61.2358152974721,38.982898289829
2022-01-01,86477,265,68181,217,18296,48,74289,237,452877,767,527166,1004,0,1060,15,2279,1092,0,"Knox County",470313,1173.47383550954,0.379536101758324,213.474856106465,56.3454550480212,37.9536101758324
2021-12-31,86212,591,67964,429,18248,162,74052,470,452110,1004,526162,1474,0,1060,5,2264,1092,3,"Knox County",470313,1094.37757408364,0.364800620937227,313.408304682201,125.660995975021,36.4800620937227
2021-12-30,85621,575,67535,401,18086,174,73582,403,451106,918,524688,1321,2,1060,6,2259,1089,2,"Knox County",470313,970.630197336667,0.34400406504065,280.876777805419,122.259006236272,34.400406504065
2021-12-29,85046,631,67134,476,17912,155,73179,504,450188,1195,523367,1699,1,1058,5,2253,1087,2,"Knox County",470313,847.520693665708,0.315603595890411,361.248785383351,134.165970321892,31.5603595890411
2021-12-28,84415,427,66658,261,17757,166,72675,281,448993,976,521668,1257,1,1057,5,2248,1085,0,"Knox County",470313,742.271636123178,0.296164535853252,267.268818850425,90.7906011528493,29.6164535853252
2021-12-27,83988,314,66397,234,17591,80,72394,255,448017,893,520411,1148,2,1056,1,2243,1085,1,"Knox County",470313,657.221892654466,0.273840571493367,244.092763755201,66.7640486229383,27.3840571493367
2021-12-26,83674,61,66163,49,17511,12,72139,60,447124,426,519263,486,7,1054,1,2242,1084,0,"Knox County",470313,608.956163235973,0.263440219334843,103.335438314484,12.9700858789785,26.3440219334843
2021-12-25,83613,85,66114,63,17499,22,72079,74,446698,489,518777,563,1,1047,1,2241,1084,0,"Knox County",470313,570.683778675053,0.257549068948163,119.707513932211,18.0730704871011,25.7549068948163
2021-12-24,83528,175,66051,124,17477,51,72005,138,446209,848,518214,986,0,1046,2,2240,1084,0,"Knox County",470313,482.232045467593,0.229892761394102,209.647617650373,37.2092627675612,22.9892761394102
2021-12-23,83353,218,65927,159,17426,59,71867,166,445361,959,517228,1125,4,1046,5,2238,1084,1,"Knox County",470313,406.325149421768,0.203469162995595,239.20240350575,46.3521101904476,20.3469162995595
2021-12-22,83135,175,65768,102,17367,73,71701,101,444402,812,516103,913,46,1042,10,2233,1083,2,"Knox County",470313,309.368441867437,0.165946279715962,194.126039467333,37.2092627675612,16.5946279715962
2021-12-21,82960,176,65666,123,17294,53,71600,120,443590,912,515190,1032,3,996,6,2223,1081,2,"Knox County",470313,255.999727840821,0.146169838477531,219.428338149275,37.421887126233,14.6169838477531
2021-12-20,82784,112,65543,78,17241,34,71480,84,442678,607,514158,691,1,993,3,2217,1079,1,"Knox County",470313,213.049607389122,0.128191856452726,146.923431842199,23.8139281712392,12.8191856452726
2021-12-19,82672,69,65465,49,17207,20,71396,58,442071,556,513467,614,3,992,6,2214,1078,1,"Knox County",470313,214.750602258496,0.12508440243079,130.551356224472,14.6710807483527,12.508440243079
2021-12-18,82603,88,65416,57,17187,31,71338,65,441515,660,512853,725,0,989,3,2208,1077,2,"Knox County",470313,215.388475334511,0.120276043378245,154.152660037039,18.7109435631165,12.0276043378245
2021-12-17,82515,118,65359,76,17156,42,71273,83,440855,1006,512128,1089,2,989,6,2205,1075,2,"Knox County",470313,203.26888689022,0.109387623202456,231.547926593566,25.0896743232698,10.9387623202456
2021-12-16,82397,138,65283,108,17114,30,71190,108,439849,661,511039,769,2,987,3,2199,1073,2,"Knox County",470313,186.258938196478,0.106120349734271,163.508131818597,29.3421614967054,10.6120349734271
2021-12-15,82259,156,65175,113,17084,43,71082,125,439188,841,510270,966,0,985,5,2196,1071,3,"Knox County",470313,182.219075381714,0.109242269792729,205.395130476938,33.1693999527974,10.9242269792729
2021-12-14,82103,101,65062,62,17041,39,70957,66,438347,806,509304,872,3,985,5,2191,1068,3,"Knox County",470313,166.27224848133,0.1028641285365,185.408440761791,21.4750602258496,10.28641285365
2021-12-13,82002,109,65000,73,17002,36,70891,78,437541,622,508432,700,4,982,3,2186,1065,0,"Knox County",470313,165.634375405315,0.101656495204882,148.837051070245,23.1760550952238,10.1656495204882
2021-12-12,81893,54,64927,29,16966,25,70813,41,436919,493,507732,534,6,978,5,2183,1065,1,"Knox County",470313,162.445010025239,0.100088417329797,113.54140753073,11.481715368276,10.0088417329797
2021-12-11,81839,65,64898,45,16941,20,70772,51,436426,540,507198,591,0,972,1,2178,1064,3,"Knox County",470313,157.554649775788,0.0999818873392501,125.660995975021,13.8205833136656,9.99818873392501
2021-12-10,81774,85,64853,48,16921,37,70721,57,435886,848,506607,905,0,972,3,2177,1061,2,"Knox County",470313,150.538045939619,0.0985572418961964,192.425044597959,18.0730704871011,9.85572418961964
2021-12-09,81689,164,64805,96,16884,68,70664,107,435038,982,505702,1089,3,972,2,2174,1059,1,"Knox County",470313,156.066279265085,0.0928053738730776,231.547926593566,34.8703948221716,9.28053738730776
2021-12-08,81525,130,64709,67,16816,63,70557,65,434056,746,504613,811,0,969,7,2172,1058,1,"Knox County",470313,150.538045939619,0.0845147219193021,172.438354882812,27.6411666273312,8.45147219193021
2021-12-07,81395,126,64642,69,16753,57,70492,75,433310,630,503802,705,2,969,2,2165,1057,0,"Knox County",470313,155.853654906413,0.0888472352389878,149.900172863604,26.790669192644,8.88472352389878
2021-12-06,81269,148,64573,107,16696,41,70417,115,432680,759,503097,874,8,967,4,2163,1057,3,"Knox County",470313,164.146004894613,0.0927573062261754,185.833689479134,31.4684050834232,9.27573062261754
2021-12-05,81121,43,64466,28,16655,15,70302,33,431921,342,502223,375,2,959,1,2159,1054,0,"Knox County",470313,161.807136949223,0.094018691588785,79.7341345019168,9.14284742288646,9.4018691588785
2021-12-04,81078,69,64438,50,16640,19,70269,55,431579,499,501848,554,0,957,3,2158,1054,2,"Knox County",470313,162.65763438391,0.0954263128176172,117.793894704165,14.6710807483527,9.54263128176172
2021-12-03,81009,147,64388,103,16621,44,70214,108,431080,1009,501294,1117,3,957,2,2155,1052,2,"Knox County",470313,175.840344621561,0.100995475113122,237.501408636376,31.2557807247514,10.0995475113122
2021-12-02,80862,133,64285,86,16577,47,70106,85,430071,794,500177,879,0,954,4,2153,1050,2,"Knox County",470313,169.248989502735,0.100846660395108,186.896811272493,28.2790397033465,10.0846660395108
2021-12-01,80729,184,64199,141,16530,43,70021,146,429277,1007,499298,1153,4,954,7,2149,1048,1,"Knox County",470313,180.730704871011,0.109068410818455,245.15588554856,39.1228819956072,10.9068410818455
2021-11-30,80545,116,64058,67,16487,49,69875,68,428270,693,498145,761,3,950,6,2142,1047,3,"Knox County",470313,178.604461284294,0.106774024155435,161.807136949223,24.6644256059263,10.6774024155435
2021-11-29,80429,164,63991,128,16438,36,69807,139,427577,967,497384,1106,2,947,5,2136,1044,1,"Knox County",470313,182.006451023042,0.106644238856182,235.162540690987,34.8703948221716,10.6644238856182
2021-11-28,80265,34,63863,22,16402,12,69668,22,426610,270,496278,292,3,945,5,2131,1043,2,"Knox County",470313,180.092831794996,0.106277720914364,62.0863127321592,7.22922819484046,10.6277720914364
2021-11-27,80231,59,63841,31,16390,28,69646,32,426340,266,495986,298,0,942,1,2126,1041,2,"Knox County",470313,177.966588208278,0.107028184088477,63.3620588841899,12.5448371616349,10.7028184088477
2021-11-26,80172,20,63810,18,16362,2,69614,20,426074,298,495688,318,0,942,4,2125,1039,1,"Knox County",470313,150.963294656962,0.106511337632619,67.6145460576254,4.25248717343556,10.6511337632619
2021-11-25,80152,52,63792,26,16360,26,69594,30,425776,331,495370,361,0,942,4,2121,1038,5,"Knox County",470313,133.740721604548,0.106551643739799,76.7573934805119,11.0564666509325,10.6551643739799
2021-11-24,80100,105,63766,66,16334,39,69564,73,425445,742,495009,815,0,942,3,2117,1033,4,"Knox County",470313,116.943397269478,0.0971905846621109,173.288852317499,22.3255576605367,9.71905846621109
2021-11-23,79995,98,63700,64,16295,34,69491,64,424703,673,494194,737,0,942,2,2114,1029,0,"Knox County",470313,113.116158813386,0.0967659791189203,156.7041523411,20.8371871498343,9.67659791189203
2021-11-22,79897,107,63636,84,16261,23,69427,82,424030,738,493457,820,0,942,3,2112,1029,0,"Knox County",470313,100.996570369095,0.08871189233727,174.351974110858,22.7508063778803,8.871189233727
2021-11-21,79790,44,63552,32,16238,12,69345,37,423292,284,492637,321,0,942,2,2109,1029,2,"Knox County",470313,103.122813955812,0.0920980926430518,68.2524191336408,9.35547178155824,9.20980926430518
2021-11-20,79746,54,63520,37,16226,17,69308,44,423008,533,492316,577,0,942,1,2107,1027,1,"Knox County",470313,102.059692162454,0.0886300329197265,122.684254953616,11.481715368276,8.86300329197265
2021-11-19,79692,112,63483,83,16209,29,69264,81,422475,825,491739,906,0,942,0,2106,1026,0,"Knox County",470313,121.621133160257,0.0905884945999559,192.637668956631,23.8139281712392,9.05884945999559
2021-11-18,79580,80,63400,45,16180,35,69183,50,421650,919,490833,969,3,942,2,2106,1026,0,"Knox County",470313,127.574615203067,0.0837706511175899,206.033003552953,17.0099486937423,8.37706511175899
2021-11-17,79500,105,63355,65,16145,40,69133,66,420731,813,489864,879,0,939,1,2104,1026,1,"Knox County",470313,127.574615203067,0.081397581109618,186.896811272493,22.3255576605367,8.1397581109618
2021-11-16,79395,72,63290,50,16105,22,69067,67,419918,764,488985,831,0,939,2,2103,1025,3,"Knox County",470313,122.046381877601,0.080520460116915,176.690842056248,15.308953824368,8.0520460116915
2021-11-15,79323,84,63240,45,16083,39,69000,34,419154,446,488154,480,3,939,0,2101,1022,0,"Knox County",470313,117.15602162815,0.076365101752972,102.059692162454,17.8604461284294,7.6365101752972
2021-11-14,79239,72,63195,62,16044,10,68966,68,418708,624,487674,692,0,936,2,2101,1022,2,"Knox County",470313,123.10950367096,0.0768653918260217,147.13605620087,15.308953824368,7.68653918260217
2021-11-13,79167,29,63133,13,16034,16,68898,12,418084,317,486982,329,0,936,2,2099,1020,0,"Knox County",470313,117.793894704165,0.0743216673220606,69.953414003015,6.16610640148157,7.43216673220606
2021-11-12,79138,65,63120,48,16018,17,68886,50,417767,676,486653,726,0,936,4,2097,1020,2,"Knox County",470313,107.800549846592,0.0707297187117815,154.365284395711,13.8205833136656,7.07297187117815
2021-11-11,79073,66,63072,47,16001,19,68836,54,417091,962,485927,1016,0,936,0,2093,1018,0,"Knox County",470313,104.823808825187,0.0708661417322835,216.026348410527,14.0332076723374,7.08661417322835
2021-11-10,79007,72,63025,49,15982,23,68782,67,416129,844,484911,911,1,936,2,2093,1018,0,"Knox County",470313,97.807204989018,0.0706118355065196,193.70079074999,15.308953824368,7.06118355065196
2021-11-09,78935,103,62976,73,15959,30,68715,130,415285,1161,484000,1291,1,935,1,2091,1018,1,"Knox County",470313,104.398560107843,0.0762167125803489,274.498047045266,21.9003089431931,7.62167125803489
2021-11-08,78832,78,62903,58,15929,20,68585,70,414124,669,482709,739,6,934,1,2090,1017,3,"Knox County",470313,103.122813955812,0.0790673211781206,157.129401058444,16.5846999763987,7.90673211781206
2021-11-07,78754,30,62845,19,15909,11,68515,21,413455,390,481970,411,0,928,1,2089,1014,3,"Knox County",470313,94.1925908915977,0.0744975106029873,87.3886114141008,6.37873076015334,7.44975106029873
2021-11-06,78724,41,62826,27,15898,14,68494,30,413065,450,481559,480,0,928,2,2088,1011,1,"Knox County",470313,96.7440831956591,0.0757086472909939,102.059692162454,8.7175987055429,7.57086472909939
2021-11-05,78683,52,62799,32,15884,20,68464,36,412615,601,481079,637,0,928,2,2086,1010,0,"Knox County",470313,93.9799665329259,0.0743846855059253,135.441716473923,11.0564666509325,7.43846855059252
2021-11-04,78631,67,62767,45,15864,22,68428,49,412014,664,480442,713,0,928,1,2084,1010,1,"Knox County",470313,94.1925908915977,0.0777692010806638,151.601167732978,14.2458320310091,7.77692010806638
2021-11-03,78564,80,62722,60,15842,20,68379,66,411350,968,479729,1034,0,928,2,2083,1009,2,"Knox County",470313,95.893585760972,0.0757775683317625,219.853586866619,17.0099486937423,7.57775683317625
2021-11-02,78484,41,62662,19,15822,22,68313,22,410382,301,478695,323,4,928,1,2081,1007,3,"Knox County",470313,82.7108755233217,0.0677887940973023,68.6776678509843,8.7175987055429,6.77887940973023
2021-11-01,78443,94,62643,70,15800,24,68291,83,410081,650,478372,733,1,924,3,2080,1004,1,"Knox County",470313,86.1128652620702,0.0708843223274071,155.853654906413,19.9866897151471,7.08843223274071
2021-10-31,78349,26,62573,20,15776,6,68208,19,409431,278,477639,297,0,923,1,2077,1003,1,"Knox County",470313,85.262367827383,0.0723262983163386,63.1494345255181,5.52823332546623,7.23262983163386
2021-10-30,78323,56,62553,41,15770,15,68189,43,409153,523,477342,566,0,923,4,2076,1002,0,"Knox County",470313,88.4517332074597,0.0739019288868231,120.345387008226,11.9069640856196,7.39019288868232
2021-10-29,78267,73,62512,59,15755,14,68146,66,408630,836,476776,902,1,923,1,2072,1002,1,"Knox County",470313,92.916844739567,0.0761821366024518,191.787171521944,15.5215781830398,7.61821366024518
2021-10-28,78194,55,62453,32,15741,23,68080,39,407794,557,475874,596,4,922,3,2071,1001,2,"Knox County",470313,90.3653524355057,0.0759379914625927,126.72411776838,11.6943397269478,7.59379914625927
2021-10-27,78139,87,62421,57,15718,30,68041,65,407237,759,475278,824,1,918,3,2068,999,3,"Knox County",470313,91.8537229462082,0.0794623909455317,175.202471545545,18.4983192044447,7.94623909455317
2021-10-26,78052,95,62364,57,15688,38,67976,55,406478,554,474454,609,0,917,5,2065,996,2,"Knox County",470313,103.335438314484,0.0817318312348133,129.488234431113,20.1993140738189,8.17318312348133
2021-10-25,77957,69,62307,46,15650,23,67921,53,405924,491,473845,544,6,917,3,2060,994,1,"Knox County",470313,98.0198293476897,0.078377132319041,115.667651117447,14.6710807483527,7.8377132319041
2021-10-24,77888,38,62261,20,15627,18,67868,23,405433,332,473301,355,1,911,5,2057,993,3,"Knox County",470313,100.571321651751,0.078252957233849,75.4816473284812,8.07972562952757,7.8252957233849
2021-10-23,77850,59,62241,40,15609,19,67845,42,405101,471,472946,513,0,910,1,2052,990,2,"Knox County",470313,101.209194727766,0.0789776652083813,109.076295998622,12.5448371616349,7.89776652083813
2021-10-22,77791,89,62201,55,15590,34,67803,54,404630,551,472433,605,0,910,2,2051,988,2,"Knox County",470313,104.611184466515,0.0818091942659417,128.637736996426,18.9235679217883,8.18091942659417
2021-10-21,77702,125,62146,71,15556,54,67749,78,404079,712,471828,790,3,910,2,2049,986,2,"Knox County",470313,119.494889573539,0.0872641509433962,167.973243350705,26.5780448339723,8.72641509433962
2021-10-20,77577,146,62075,82,15502,64,67671,89,403367,959,471038,1048,3,907,3,2047,984,2,"Knox County",470313,132.039726735174,0.0882616487455197,222.830327888024,31.0431563660796,8.82616487455197
2021-10-19,77431,130,61993,85,15438,45,67582,92,402408,724,469990,816,4,904,3,2044,982,2,"Knox County",470313,139.481579288686,0.0922714622136587,173.501476676171,27.6411666273312,9.22714622136587
2021-10-18,77301,119,61908,88,15393,31,67490,105,401684,604,469174,709,9,900,8,2041,980,3,"Knox County",470313,150.112797222275,0.0998759305210918,150.750670298291,25.3022986819416,9.98759305210918
2021-10-17,77182,63,61820,56,15362,7,67385,61,401080,303,468465,364,1,891,4,2033,977,2,"Knox County",470313,155.42840618907,0.107533539731682,77.3952665565272,13.395334596322,10.7533539731682
2021-10-16,77119,54,61764,39,15355,15,67324,42,400777,372,468101,414,0,890,1,2029,975,4,"Knox County",470313,154.365284395711,0.109776654024442,88.0264844901162,11.481715368276,10.9776654024442
2021-10-15,77065,125,61725,90,15340,35,67282,99,400405,794,467687,893,9,890,5,2028,971,2,"Knox County",470313,162.019761307895,0.1124354390147,189.873552293898,26.5780448339723,11.24354390147
2021-10-14,76940,190,61635,135,15305,55,67183,143,399611,699,466794,842,0,881,7,2023,969,5,"Knox County",470313,175.840344621561,0.124066063704286,179.029710001637,40.3986281476379,12.4066063704286
2021-10-13,76750,119,61500,88,15250,31,67040,99,398912,764,465952,863,7,881,5,2016,964,1,"Knox County",470313,170.099486937423,0.130789634768415,183.494821533745,25.3022986819416,13.0789634768415
2021-10-12,76631,135,61412,103,15219,32,66941,108,398148,821,465089,929,4,874,3,2011,963,9,"Knox County",470313,171.162608730781,0.131033107299561,197.528029206082,28.70428842069,13.1033107299561
2021-10-11,76496,191,61309,136,15187,55,66833,148,397327,581,464160,729,3,870,12,2008,954,1,"Knox County",470313,186.471562555149,0.139054429876837,155.003157471726,40.6112525063096,13.9054429876838
2021-10-10,76305,53,61173,40,15132,13,66685,52,396746,489,463431,541,0,867,4,1996,953,3,"Knox County",470313,184.345318968432,0.132604106697371,115.029778041432,11.2690910096042,13.2604106697371
2021-10-09,76252,64,61133,34,15119,30,66633,46,396257,483,462890,529,0,867,7,1992,950,4,"Knox County",470313,186.471562555149,0.130491926398798,112.478285737371,13.6079589549938,13.0491926398798
2021-10-08,76188,281,61099,115,15089,166,66587,123,395774,936,462361,1059,-1,867,5,1985,946,4,"Knox County",470313,219.640962507947,0.130917698470503,225.169195833413,59.7474447867697,13.0917698470503
2021-10-07,75907,256,60984,169,14923,87,66464,175,394838,1106,461302,1281,6,868,9,1980,942,1,"Knox County",470313,233.674170180284,0.126622829202495,272.371803458548,54.4318358199752,12.6622829202495
2021-10-06,75651,137,60815,101,14836,36,66289,112,393732,835,460021,947,1,862,4,1971,941,5,"Knox County",470313,237.501408636376,0.127015793848712,201.355267662174,29.1295371380336,12.7015793848712
2021-10-05,75514,208,60714,118,14800,90,66177,138,392897,915,459074,1053,3,861,4,1967,936,4,"Knox County",470313,253.022986819416,0.129337025574198,223.893449681382,44.2258666037299,12.9337025574198
2021-10-04,75306,307,60596,219,14710,88,66039,245,391982,829,458021,1074,3,858,4,1963,932,2,"Knox County",470313,277.687412425342,0.137415175817397,228.35856121349,65.2756781122359,13.7415175817397
2021-10-03,74999,100,60377,91,14622,9,65794,105,391153,677,456947,782,1,855,6,1959,930,1,"Knox County",470313,287.680757282916,0.140371747211896,166.27224848133,21.2624358671778,14.0371747211896
2021-10-02,74899,67,60286,43,14613,24,65689,50,390476,471,456165,521,5,854,2,1953,929,4,"Knox County",470313,288.318630358931,0.141134435015632,110.777290867996,14.2458320310091,14.1134435015632
2021-10-01,74832,218,60243,147,14589,71,65639,164,390005,965,455644,1129,0,849,8,1951,925,3,"Knox County",470313,274.923295762609,0.145719758361574,240.052900940438,46.3521101904476,14.5719758361574
2021-09-30,74614,238,60096,165,14518,73,65475,185,389040,1103,454515,1288,1,849,8,1943,922,2,"Knox County",470313,271.096057306517,0.147041507212246,273.86017396925,50.6045973638832,14.7041507212246
2021-09-29,74376,352,59931,164,14445,188,65290,186,387937,1105,453227,1291,6,848,8,1935,920,3,"Knox County",470313,316.810294420949,0.150322219108994,274.498047045266,74.8437742524659,15.0322219108994
2021-09-28,74024,337,59767,239,14257,98,65104,257,386832,766,451936,1023,2,842,1,1927,917,3,"Knox County",470313,344.238836689609,0.167698368036016,217.514718921229,71.6544088723892,16.7698368036016
2021-09-27,73687,237,59528,160,14159,77,64847,185,386066,756,450913,941,7,840,12,1926,914,6,"Knox County",470313,329.355131582584,0.162293906810036,200.079521510143,50.3919730052114,16.2293906810036
2021-09-26,73450,123,59368,99,14082,24,64662,117,385310,703,449972,820,2,833,1,1914,908,5,"Knox County",470313,334.245491832035,0.163125623841437,174.351974110858,26.1527961166287,16.3125623841437
2021-09-25,73327,110,59269,90,14058,20,64545,102,384607,699,449152,801,0,831,3,1913,903,7,"Knox County",470313,343.388339254922,0.163992869875223,170.312111296094,23.3886794538956,16.3992869875223
2021-09-24,73217,245,59179,166,14038,79,64443,183,383908,937,448351,1120,13,831,5,1910,896,3,"Knox County",470313,349.12919693906,0.166803953871499,238.139281712392,52.0929678745856,16.6803953871499
2021-09-23,72972,350,59013,243,13959,107,64260,268,382971,1370,447231,1638,14,818,9,1905,893,3,"Knox County",470313,372.943125110299,0.170028818443804,348.278699504373,74.4185255351224,17.0028818443804
2021-09-22,72622,250,58770,186,13852,64,63992,201,381601,1260,445593,1461,3,804,4,1896,890,9,"Knox County",470313,351.255440525777,0.168247052793439,310.644188019468,53.1560896679445,16.8247052793439
2021-09-21,72372,392,58584,213,13788,179,63791,226,380341,996,444132,1222,10,801,7,1892,881,4,"Knox County",470313,362.949780252725,0.160189928776709,259.826966296913,83.348748599337,16.0189928776709
2021-09-20,71980,426,58371,304,13609,122,63565,339,379345,1295,442910,1634,5,791,9,1885,877,7,"Knox County",470313,403.135784041691,0.165133394664213,347.428202069686,90.5779767941775,16.5133394664213
2021-09-19,71554,119,58067,87,13487,32,63226,96,378050,432,441276,528,1,786,8,1876,870,8,"Knox County",470313,402.285286607004,0.168372203712518,112.265661378699,25.3022986819416,16.8372203712518
2021-09-18,71435,221,57980,178,13455,43,63130,193,377618,1075,440748,1268,0,785,7,1868,862,13,"Knox County",470313,425.886590419572,0.16976665539398,269.607686795815,46.989983266463,16.976665539398
2021-09-17,71214,540,57802,416,13412,124,62937,442,376543,1310,439480,1752,5,785,11,1861,849,5,"Knox County",470313,488.610776227746,0.185730821845733,372.517876392955,114.81715368276,18.5730821845733
2021-09-16,70674,577,57386,452,13288,125,62495,483,375233,1518,437728,2001,7,780,16,1850,844,3,"Knox County",470313,536.87650564624,0.200689235759173,425.461341702228,122.684254953616,20.0689235759173
2021-09-15,70097,337,56934,248,13163,89,62012,266,373715,807,435727,1073,6,773,5,1834,841,4,"Knox County",470313,555.374824850684,0.21576281916016,228.145936854818,71.6544088723892,21.576281916016
2021-09-14,69760,550,56686,439,13074,111,61746,474,372908,1406,434654,1880,12,767,8,1829,837,3,"Knox County",470313,588.969473520826,0.226223362273086,399.733794302943,116.943397269478,22.6223362273086
2021-09-13,69210,393,56247,292,12963,101,61272,327,371502,1134,432774,1461,20,755,15,1821,834,9,"Knox County",470313,581.952869684657,0.228947104285858,310.644188019468,83.5613729580088,22.8947104285858
2021-09-12,68817,383,55955,355,12862,28,60945,373,370368,1460,431313,1833,0,735,5,1806,825,8,"Knox County",470313,638.085700374006,0.227014554490593,389.740449445369,81.435129371291,22.7014554490593
2021-09-11,68434,851,55600,693,12834,158,60572,754,368908,2620,429480,3374,4,735,25,1801,817,10,"Knox County",470313,772.039046337227,0.233213698220428,717.39458615858,180.943329229683,23.3213698220428
2021-09-10,67583,1018,54907,744,12676,274,59818,802,366288,2512,426106,3314,1,731,24,1776,807,7,"Knox County",470313,873.673489782336,0.232927155865024,704.637124638273,216.45159712787,23.2927155865024
2021-09-09,66565,309,54163,167,12402,142,59016,172,363776,685,422792,857,1,730,18,1752,800,5,"Knox County",470313,816.6901616583,0.22969837587007,182.219075381714,65.7009268295794,22.969837587007
2021-09-08,66256,290,53996,225,12260,65,58844,247,363091,837,421935,1084,5,729,11,1734,795,6,"Knox County",470313,806.696816800726,0.228138810403535,230.484804800208,61.6610640148157,22.8138810403535
2021-09-07,65966,403,53771,296,12195,107,58597,308,362254,979,420851,1287,3,724,12,1723,789,1,"Knox County",470313,775.441036075975,0.225813777441332,273.647549610578,85.6876165447266,22.5813777441332
2021-09-06,65563,978,53475,782,12088,196,58289,838,361275,3219,419564,4057,1,721,19,1711,788,3,"Knox County",470313,899.826285898965,0.221055295457421,862.617023131404,207.946622780999,22.1055295457421
2021-09-05,64585,965,52693,800,11892,165,57451,832,358056,2905,415507,3737,2,720,15,1692,785,6,"Knox County",470313,1023.57366264594,0.223207227555054,794.577228356435,205.182506118266,22.3207227555054
2021-09-04,63620,534,51893,382,11727,152,56619,403,355151,1184,411770,1587,2,718,10,1677,779,4,"Knox County",470313,956.171740946986,0.226213653206054,337.434857212112,113.54140753073,22.6213653206054
2021-09-03,63086,331,51511,237,11575,94,56216,249,353967,724,410183,973,5,716,8,1667,775,5,"Knox County",470313,810.098806539475,0.224488293329407,206.88350098764,70.3786627203586,22.4488293329407
2021-09-02,62755,315,51274,178,11481,137,55967,197,353243,540,409210,737,3,711,5,1659,770,3,"Knox County",470313,811.374552691505,0.228346456692913,156.7041523411,66.9766729816101,22.8346456692913
2021-09-01,62440,270,51096,208,11344,62,55770,220,352703,538,408473,758,2,708,2,1654,767,3,"Knox County",470313,807.12206551807,0.231957978075518,161.169263873208,57.4085768413801,23.1957978075518
2021-08-31,62170,592,50888,431,11282,161,55550,477,352165,1485,407715,1962,2,706,9,1652,764,4,"Knox County",470313,847.308069307036,0.232857866917674,417.168991714029,125.873620333693,23.2857866917674
2021-08-30,61578,509,50457,404,11121,105,55073,429,350680,1328,405753,1757,9,704,13,1643,760,6,"Knox County",470313,747.587245089972,0.243853705151594,373.580998186314,108.225798563935,24.3853705151594
2021-08-29,61069,481,50053,407,11016,74,54644,441,349352,1188,403996,1629,1,695,5,1630,754,7,"Knox County",470313,644.677055492831,0.256939274699564,346.365080276327,102.272316521125,25.6939274699564
2021-08-28,60588,393,49646,301,10942,92,54203,319,348164,845,402367,1164,0,694,4,1625,747,3,"Knox County",470313,614.697020920111,0.259688195991091,247.49475349395,83.5613729580088,25.9688195991091
2021-08-27,60195,466,49345,370,10850,96,53884,386,347319,925,401203,1311,5,694,5,1621,744,1,"Knox County",470313,643.401309340801,0.264971023824855,278.750534218701,99.0829511410486,26.4971023824855
2021-08-26,59729,445,48975,344,10754,101,53498,365,346394,1122,399892,1487,5,689,0,1616,743,5,"Knox County",470313,671.042475968132,0.2619189511323,316.172421344934,94.6178396089413,26.19189511323
2021-08-25,59284,346,48631,224,10653,122,53133,235,345272,504,398405,739,2,684,4,1616,738,10,"Knox County",470313,687.201927227187,0.263906856403622,157.129401058444,73.5680281004352,26.3906856403622
2021-08-24,58938,333,48407,221,10531,112,52898,233,344768,553,397666,786,4,682,5,1612,728,0,"Knox County",470313,632.132218331196,0.271385100867801,167.122745916018,70.8039114377021,27.1385100867801
2021-08-23,58605,284,48186,206,10419,78,52665,226,344215,653,396880,879,1,678,1,1607,728,4,"Knox County",470313,584.291737630046,0.275797373358349,186.896811272493,60.385317862785,27.5797373358349
2021-08-22,58321,238,47980,218,10341,20,52439,234,343562,675,396001,909,2,677,0,1606,724,2,"Knox County",470313,532.624018472804,0.274639175257732,193.275542032646,50.6045973638832,27.4639175257732
2021-08-21,58083,497,47762,375,10321,122,52205,408,342887,1499,395092,1907,0,675,8,1606,722,3,"Knox County",470313,554.736951774669,0.260289348964829,405.474651987081,105.674306259874,26.0289348964829
2021-08-20,57586,424,47387,330,10199,94,51797,356,341388,898,393185,1254,0,675,6,1598,719,3,"Knox County",470313,545.806728710455,0.258384625047105,266.63094577441,90.1527280768339,25.8384625047105
2021-08-19,57162,367,47057,253,10105,114,51441,262,340490,761,391931,1023,1,675,6,1592,716,0,"Knox County",470313,529.222028734056,0.260637588368681,217.514718921229,78.0331396325426,26.0637588368681
2021-08-18,56795,262,46804,192,9991,70,51179,198,339729,691,390908,889,2,674,5,1586,716,0,"Knox County",470313,511.361582605626,0.250686543742644,189.023054859211,55.7075819720059,25.0686543742644
2021-08-17,56533,259,46612,179,9921,80,50981,197,339038,829,390019,1026,0,672,5,1581,716,3,"Knox County",470313,495.627380063915,0.238493723849372,218.152591997244,55.0697088959905,23.8493723849372
2021-08-16,56274,179,46433,126,9841,53,50784,131,338209,332,388993,463,2,672,4,1576,713,0,"Knox County",470313,473.301822403378,0.239057689733637,98.4450780650333,38.0597602022483,23.9057689733637
2021-08-15,56095,203,46307,180,9788,23,50653,198,337877,678,388530,876,3,670,6,1572,713,1,"Knox County",470313,465.859969849866,0.235278300618446,186.258938196478,43.162744810371,23.5278300618446
2021-08-14,55892,220,46127,148,9765,72,50455,155,337199,618,387654,773,0,667,4,1566,712,2,"Knox County",470313,406.963022497783,0.237468274111675,164.358629253285,46.7773589077912,23.7468274111675
2021-08-13,55672,263,45979,204,9693,59,50300,218,336581,1163,386881,1381,1,667,5,1562,710,3,"Knox County",470313,372.730500751627,0.211320167936557,293.634239325726,55.9202063306777,21.1320167936557
2021-08-12,55409,220,45775,144,9634,76,50082,149,335418,493,385500,642,2,666,8,1557,707,2,"Knox County",470313,341.474720026876,0.20595041322314,136.504838267282,46.7773589077912,20.595041322314
2021-08-11,55189,315,45631,236,9558,79,49933,247,334925,757,384858,1004,1,664,10,1549,705,3,"Knox County",470313,352.74381103648,0.210056772100568,213.474856106465,66.9766729816101,21.0056772100568
2021-08-10,54874,171,45395,108,9479,63,49686,120,334168,489,383854,609,1,663,2,1539,702,4,"Knox County",470313,334.032867473363,0.211899791231733,129.488234431113,36.3587653328741,21.1899791231733
2021-08-09,54703,197,45287,162,9416,35,49566,170,333679,541,383245,711,1,662,5,1537,698,1,"Knox County",470313,337.860105929455,0.209639759839893,151.175919015634,41.8869986583403,20.9639759839893
2021-08-08,54506,89,45125,67,9381,22,49396,75,333138,298,382534,373,1,661,5,1532,697,0,"Knox County",470313,313.620929040873,0.206444565811032,79.3088857845732,18.9235679217883,20.6444565811032
2021-08-07,54417,102,45058,74,9359,28,49321,78,332840,469,382161,547,0,660,2,1527,697,0,"Knox County",470313,288.531254717603,0.200683501044238,116.305524193463,21.6876845845214,20.0683501044238
2021-08-06,54315,202,44984,147,9331,55,49243,163,332371,640,381614,803,0,660,10,1525,697,1,"Knox County",470313,275.561168838624,0.213691618682022,170.737360013438,42.9501204516992,21.3691618682022
2021-08-05,54113,173,44837,130,9276,43,49080,146,331731,641,380811,787,2,660,4,1515,696,2,"Knox County",470313,265.567823981051,0.206661150186181,167.335370274689,36.7840140502176,20.6661150186181
2021-08-04,53940,144,44707,101,9233,43,48934,104,331090,520,380024,624,1,658,4,1511,694,1,"Knox County",470313,229.209058648177,0.192186798383476,132.67759981119,30.6179076487361,19.2186798383476
2021-08-03,53796,237,44606,176,9190,61,48830,182,330570,612,379400,794,0,657,6,1507,693,3,"Knox County",470313,243.242266320514,0.197887475749084,168.823740785392,50.3919730052114,19.7887475749084
2021-08-02,53559,96,44430,74,9129,22,48648,81,329958,423,378606,504,2,657,3,1501,690,0,"Knox County",470313,221.767206094665,0.187048736462094,107.162676770576,20.4119384324907,18.7048736462094
2021-08-01,53463,104,44356,88,9107,16,48567,98,329535,410,378102,508,0,655,2,1498,690,2,"Knox County",470313,224.956571474741,0.186555725859426,108.013174205263,22.1129333018649,18.6555725859426
2021-07-31,53359,103,44268,63,9091,40,48469,68,329125,306,377594,374,1,655,6,1496,688,0,"Knox County",470313,225.169195833413,0.191624943104233,79.521510143245,21.9003089431931,19.1624943104233
2021-07-30,53256,118,44205,83,9051,35,48401,91,328819,169,377220,260,1,654,0,1490,688,1,"Knox County",470313,207.308749704984,0.199948065437549,55.2823332546623,25.0896743232698,19.9948065437549
2021-07-29,53138,118,44122,67,9016,51,48310,69,328650,358,376960,427,0,653,2,1490,687,1,"Knox County",470313,195.614409978036,0.198510455456889,90.7906011528493,25.0896743232698,19.8510455456889
2021-07-28,53020,130,44055,89,8965,41,48241,94,328292,395,376533,489,0,653,4,1488,686,0,"Knox County",470313,192.637668956631,0.203516090584029,103.9733113905,27.6411666273312,20.3516090584029
2021-07-27,52890,117,43966,78,8924,39,48147,84,327897,366,376044,450,0,653,4,1484,686,0,"Knox County",470313,167.122745916018,0.194223107569721,95.6809614023002,24.877049964598,19.4223107569721
2021-07-26,52773,97,43888,73,8885,24,48063,78,327531,273,375594,351,1,653,4,1480,686,0,"Knox County",470313,167.335370274689,0.203567681007345,74.6311498937941,20.6245627911625,20.3567681007345
2021-07-25,52676,51,43815,43,8861,8,47985,44,327258,238,375243,282,3,652,5,1476,686,1,"Knox County",470313,156.066279265085,0.200531712875047,59.9600691454414,10.8438422922607,20.0531712875047
2021-07-24,52625,65,43772,44,8853,21,47941,45,327020,262,374961,307,0,649,1,1471,685,2,"Knox County",470313,147.986553635558,0.19680436477007,65.2756781122359,13.8205833136656,19.680436477007
2021-07-23,52560,55,43728,30,8832,25,47896,32,326758,233,374654,265,1,649,3,1470,683,1,"Knox County",470313,134.591219039236,0.173473356670556,56.3454550480212,11.6943397269478,17.3473356670556
2021-07-22,52505,95,43698,70,8807,25,47864,79,326525,355,374389,434,0,648,3,1467,682,0,"Knox County",470313,129.700858789785,0.176881303335919,92.2789716635517,20.1993140738189,17.6881303335919
2021-07-21,52410,61,43628,47,8782,14,47785,46,326170,311,373955,357,1,648,1,1464,682,0,"Knox County",470313,115.029778041432,0.166802943581357,75.9068960458248,12.9700858789785,16.6802943581357
2021-07-20,52349,77,43581,42,8768,35,47739,44,325859,210,373598,254,0,647,3,1463,682,0,"Knox County",470313,106.524803694561,0.163555555555556,54.0065871026317,16.3720756177269,16.3555555555556
2021-07-19,52272,48,43539,36,8733,12,47695,41,325649,254,373344,295,0,647,0,1460,682,0,"Knox County",470313,96.1062101196437,0.150865998176846,62.7241858081746,10.2059692162454,15.0865998176846
2021-07-18,52224,36,43503,30,8721,6,47654,31,325395,203,373049,234,0,647,1,1460,682,1,"Knox County",470313,92.916844739567,0.148182665424045,49.7540999291961,7.65447691218401,14.8182665424045
2021-07-17,52188,29,43473,22,8715,7,47623,23,325192,162,372815,185,0,647,1,1459,681,0,"Knox County",470313,85.262367827383,0.146245059288538,39.335506354279,6.16610640148157,14.6245059288538
2021-07-16,52159,36,43451,21,8708,15,47600,22,325030,220,372630,242,0,647,1,1458,681,0,"Knox County",470313,81.2225050126193,0.142928535732134,51.4550947985703,7.65447691218401,14.2928535732134
2021-07-15,52123,55,43430,42,8693,13,47578,44,324810,286,372388,330,-1,647,1,1457,681,0,"Knox County",470313,72.7175306657481,0.13231418028466,70.1660383616868,11.6943397269478,13.231418028466
2021-07-14,52068,21,43388,17,8680,4,47534,16,324524,199,372058,215,0,648,2,1456,681,0,"Knox County",470313,64.212556318877,0.125925925925926,45.7142371144323,4.46511153210734,12.5925925925926
2021-07-13,52047,42,43371,26,8676,16,47518,29,324325,265,371843,294,3,648,3,1454,681,0,"Knox County",470313,56.7707037653648,0.114763231197772,62.5115614495028,8.93022306421468,11.4763231197772
2021-07-12,52005,28,43345,22,8660,6,47489,24,324060,186,371549,210,0,645,1,1451,681,1,"Knox County",470313,52.5182165919292,0.110526315789474,44.6511153210734,5.95348204280979,11.0526315789474
2021-07-11,51977,8,43323,3,8654,5,47465,4,323874,107,371339,111,0,645,0,1450,680,0,"Knox County",470313,46.5647345491194,0.102079395085066,23.6013038125674,1.70099486937423,10.2079395085066
2021-07-10,51969,20,43320,16,8649,4,47461,16,323767,153,371228,169,0,645,2,1450,680,0,"Knox County",470313,44.6511153210734,0.0986632718014004,35.9335166155305,4.25248717343556,9.86632718014004
2021-07-09,51949,26,43304,20,8645,6,47445,20,323614,242,371059,262,0,645,0,1448,680,1,"Knox County",470313,42.5248717343556,0.0961659333752357,55.7075819720059,5.52823332546623,9.61659333752357
2021-07-08,51923,19,43284,14,8639,5,47425,16,323372,240,370797,256,0,645,0,1448,679,2,"Knox County",470313,34.8703948221716,0.0823994726433751,54.4318358199752,4.03986281476378,8.23994726433751
2021-07-07,51904,18,43270,5,8634,13,47409,5,323132,227,370541,232,1,645,1,1448,677,0,"Knox County",470313,34.2325217461563,0.0743155149934811,49.3288512118525,3.82723845609201,7.43155149934811
2021-07-06,51886,24,43265,9,8621,15,47404,13,322905,216,370309,229,0,644,2,1447,677,0,"Knox County",470313,30.4052832900643,0.066712049012934,48.6909781358372,5.10298460812268,6.6712049012934
2021-07-05,51862,10,43256,7,8606,3,47391,6,322689,77,370080,83,0,644,1,1445,677,0,"Knox County",470313,26.5780448339723,0.0596125186289121,17.6478217697576,2.12624358671778,5.96125186289121
2021-07-04,51852,8,43249,7,8603,1,47385,7,322612,103,369997,110,0,644,1,1444,677,0,"Knox County",470313,26.5780448339723,0.0618941088739746,23.3886794538956,1.70099486937423,6.18941088739746
2021-07-03,51844,9,43242,7,8602,2,47378,7,322509,116,369887,123,0,644,1,1443,677,0,"Knox County",470313,24.2391768885827,0.0571428571428571,26.1527961166287,1.913619228046,5.71428571428571
2021-07-02,51835,17,43235,13,8600,4,47371,17,322393,262,369764,279,-1,644,0,1442,677,0,"Knox County",470313,22.3255576605367,0.0541158536585366,59.3221960694261,3.61461409742023,5.41158536585366
2021-07-01,51818,18,43222,15,8596,3,47354,17,322131,168,369485,185,-1,645,1,1442,677,0,"Knox County",470313,22.1129333018649,0.0580177276390008,39.335506354279,3.82723845609201,5.80177276390008
2021-06-30,51800,18,43207,12,8593,6,47337,11,321963,218,369300,229,0,646,0,1441,677,0,"Knox County",470313,22.1129333018649,0.0630048465266559,48.6909781358372,3.82723845609201,6.30048465266559
2021-06-29,51782,21,43195,16,8587,5,47326,19,321745,305,369071,324,0,646,1,1441,677,0,"Knox County",470313,21.4750602258496,0.0630157539384846,68.8902922096561,4.46511153210734,6.30157539384846
2021-06-28,51761,9,43179,2,8582,7,47307,2,321440,91,368747,93,0,646,0,1440,677,0,"Knox County",470313,21.2624358671778,0.0595681310498883,19.7740653564754,1.913619228046,5.95681310498883
2021-06-27,51752,5,43177,3,8575,2,47305,3,321349,101,368654,104,0,646,0,1440,677,0,"Knox County",470313,20.6245627911625,0.0568436798803291,22.1129333018649,1.06312179335889,5.68436798803291
2021-06-26,51747,3,43174,2,8573,1,47302,2,321248,116,368550,118,0,646,0,1440,677,0,"Knox County",470313,19.3488166391318,0.0533033033033033,25.0896743232698,0.637873076015334,5.33033033033033
2021-06-25,51744,13,43172,9,8572,4,47300,11,321132,214,368432,225,0,646,0,1440,677,0,"Knox County",470313,18.4983192044447,0.0508607198748044,47.8404807011501,2.76411666273312,5.08607198748044
2021-06-24,51731,14,43163,9,8568,5,47289,10,320918,277,368207,287,1,646,1,1440,677,1,"Knox County",470313,17.6478217697576,0.0420289855072464,61.0231909388003,2.97674102140489,4.20289855072464
2021-06-23,51717,13,43154,6,8563,7,47279,8,320641,203,367920,211,0,645,0,1439,676,1,"Knox County",470313,16.5846999763987,0.0403817914831131,44.8637396797452,2.76411666273312,4.03817914831131
2021-06-22,51704,14,43148,5,8556,9,47271,5,320438,189,367709,194,2,645,1,1439,675,1,"Knox County",470313,15.0963294656962,0.0332792207792208,41.249125582325,2.97674102140489,3.32792207792208
2021-06-21,51690,9,43143,8,8547,1,47266,9,320249,225,367515,234,0,643,1,1438,674,0,"Knox County",470313,15.0963294656962,0.0349599417334304,49.7540999291961,1.913619228046,3.49599417334304
2021-06-20,51681,3,43135,2,8546,1,47257,3,320024,124,367281,127,1,643,0,1437,674,0,"Knox County",470313,14.6710807483527,0.0343839541547278,27.0032935513158,0.637873076015334,3.43839541547278
2021-06-19,51678,3,43133,1,8545,2,47254,1,319900,126,367154,127,0,642,0,1437,674,0,"Knox County",470313,14.6710807483527,0.0334519572953737,27.0032935513158,0.637873076015334,3.34519572953737
2021-06-18,51675,5,43132,3,8543,2,47253,3,319774,200,367027,203,1,642,0,1437,674,0,"Knox County",470313,12.9700858789785,0.0281995661605206,43.162744810371,1.06312179335889,2.81995661605206
2021-06-17,51670,12,43129,8,8541,4,47250,9,319574,413,366824,422,0,641,0,1437,674,1,"Knox County",470313,12.5448371616349,0.0250329380764163,89.7274793594904,2.55149230406134,2.50329380764163
2021-06-16,51658,7,43121,4,8537,3,47241,4,319161,245,366402,249,1,641,0,1437,673,0,"Knox County",470313,11.2690910096042,0.0218508997429306,52.9434653092728,1.48837051070245,2.18508997429306
2021-06-15,51651,13,43117,9,8534,4,47237,14,318916,338,366153,352,0,640,0,1437,673,0,"Knox County",470313,11.0564666509325,0.0250875145857643,74.8437742524659,2.76411666273312,2.50875145857643
2021-06-14,51638,7,43108,2,8530,5,47223,3,318578,175,365801,178,1,640,0,1437,673,0,"Knox County",470313,10.6312179335889,0.0223160434258142,37.8471358435765,1.48837051070245,2.23160434258142
2021-06-13,51631,3,43106,3,8525,0,47220,4,318403,104,365623,108,0,639,1,1437,673,0,"Knox County",470313,10.6312179335889,0.0231848688224527,22.963430736552,0.637873076015334,2.31848688224527
2021-06-12,51628,2,43103,1,8525,1,47216,1,318299,140,365515,141,0,639,0,1436,673,1,"Knox County",470313,10.4185935749171,0.0229885057471264,29.9800345727207,0.425248717343556,2.29885057471264
2021-06-11,51626,7,43102,3,8524,4,47215,2,318159,237,365374,239,0,639,0,1436,672,1,"Knox County",470313,10.8438422922607,0.0219064535227946,50.817221722555,1.48837051070245,2.19064535227946
2021-06-10,51619,7,43099,4,8520,3,47213,5,317922,253,365135,258,0,639,0,1436,671,0,"Knox County",470313,9.7807204989018,0.0216393442622951,54.8570845373188,1.48837051070245,2.16393442622951
2021-06-09,51612,2,43095,1,8517,1,47208,1,317669,231,364877,232,1,639,0,1436,671,1,"Knox County",470313,8.7175987055429,0.019893899204244,49.3288512118525,0.425248717343556,1.9893899204244
2021-06-08,51610,5,43094,3,8516,2,47207,4,317438,207,364645,211,1,638,0,1436,670,1,"Knox County",470313,7.01660383616868,0.0146305779078274,44.8637396797452,1.06312179335889,1.46305779078274
2021-06-07,51605,16,43091,10,8514,6,47203,10,317231,229,364434,239,0,637,2,1436,669,0,"Knox County",470313,8.93022306421468,0.0189075630252101,50.817221722555,3.40198973874845,1.89075630252101
2021-06-06,51589,4,43081,2,8508,2,47193,2,317002,135,364195,137,0,637,0,1434,669,1,"Knox County",470313,9.14284742288646,0.0171585449553878,29.1295371380336,0.850497434687113,1.71585449553878
2021-06-05,51585,5,43079,2,8506,3,47191,3,316867,188,364058,191,0,637,0,1434,668,0,"Knox County",470313,9.7807204989018,0.0179163901791639,40.6112525063096,1.06312179335889,1.79163901791639
2021-06-04,51580,7,43077,2,8503,5,47188,3,316679,245,363867,248,1,637,0,1434,668,0,"Knox County",470313,9.7807204989018,0.0184696569920844,52.730840950601,1.48837051070245,1.84696569920844
2021-06-03,51573,7,43075,4,8498,3,47185,6,316434,297,363619,303,0,636,0,1434,668,0,"Knox County",470313,9.7807204989018,0.0185778347213325,64.4251806775488,1.48837051070245,1.85778347213325
2021-06-02,51566,20,43071,7,8495,13,47179,6,316137,218,363316,224,0,636,1,1434,668,0,"Knox County",470313,13.6079589549938,0.0218931101094656,47.6278563424783,4.25248717343556,2.18931101094656
2021-06-01,51546,12,43064,9,8482,3,47173,10,315919,201,363092,211,0,636,1,1433,668,0,"Knox County",470313,15.0963294656962,0.025756600128783,44.8637396797452,2.55149230406134,2.5756600128783
2021-05-31,51534,17,43055,14,8479,3,47163,12,315718,264,362881,276,0,636,0,1432,668,0,"Knox County",470313,15.308953824368,0.0264150943396226,58.6843229934108,3.61461409742023,2.64150943396226
2021-05-30,51517,3,43041,1,8476,2,47151,1,315454,153,362605,154,0,636,0,1432,668,1,"Knox County",470313,15.0963294656962,0.0255133789670193,32.7441512354538,0.637873076015334,2.55133789670193
2021-05-29,51514,14,43040,8,8474,6,47150,6,315301,137,362451,143,0,636,1,1432,667,2,"Knox County",470313,17.0099486937423,0.0282232200128287,30.4052832900643,2.97674102140489,2.82232200128287
2021-05-28,51500,10,43032,6,8468,4,47144,10,315164,262,362308,272,0,636,1,1431,665,0,"Knox County",470313,17.6478217697576,0.0322173089071383,57.8338255587237,2.12624358671778,3.22173089071383
2021-05-27,51490,23,43026,8,8464,15,47134,9,314902,254,362036,263,0,636,1,1430,665,0,"Knox County",470313,21.049811508506,0.0349967595593001,55.9202063306777,4.8903602494509,3.49967595593001
2021-05-26,51467,16,43018,8,8449,8,47125,11,314648,422,361773,433,0,636,0,1429,665,0,"Knox County",470313,20.1993140738189,0.033675799086758,92.0663473048799,3.40198973874845,3.3675799086758
2021-05-25,51451,18,43010,8,8441,10,47114,7,314226,230,361340,237,0,636,1,1429,665,0,"Knox County",470313,21.4750602258496,0.031496062992126,50.3919730052114,3.82723845609201,3.1496062992126
2021-05-24,51433,25,43002,21,8431,4,47107,24,313996,336,361103,360,0,636,1,1428,665,1,"Knox County",470313,23.1760550952238,0.0365198711063373,76.5447691218401,5.31560896679445,3.65198711063373
2021-05-23,51408,16,42981,8,8427,8,47083,8,313660,160,360743,168,1,636,1,1427,664,1,"Knox County",470313,25.9401717579569,0.0399786780383795,35.7208922568587,3.40198973874845,3.99786780383795
2021-05-22,51392,8,42973,4,8419,4,47075,4,313500,210,360575,214,0,635,0,1426,663,0,"Knox County",470313,24.6644256059263,0.0374935798664612,45.5016127557605,1.70099486937423,3.74935798664612
2021-05-21,51384,15,42969,11,8415,4,47071,13,313290,276,360361,289,0,635,1,1426,663,1,"Knox County",470313,25.7275473992852,0.0386965376782077,61.4484396561439,3.18936538007667,3.86965376782077
2021-05-20,51369,34,42958,26,8411,8,47058,27,313014,427,360072,454,0,635,1,1425,662,1,"Knox County",470313,28.0664153446747,0.0436194895591647,96.5314588369873,7.22922819484046,4.36194895591647
2021-05-19,51335,14,42932,6,8403,8,47031,6,312587,389,359618,395,0,635,1,1424,661,0,"Knox County",470313,27.6411666273312,0.0420406235238545,83.9866216753524,2.97674102140489,4.20406235238545
2021-05-18,51321,24,42926,14,8395,10,47025,14,312198,337,359223,351,1,635,0,1423,661,1,"Knox County",470313,28.9169127793618,0.0430300313760645,74.6311498937941,5.10298460812268,4.30300313760645
2021-05-17,51297,15,42912,8,8385,7,47011,8,311861,290,358872,298,0,634,0,1423,660,0,"Knox County",470313,26.790669192644,0.0368833563854311,63.3620588841899,3.18936538007667,3.68833563854311
2021-05-16,51282,22,42904,13,8378,9,47003,12,311571,174,358574,186,1,634,1,1423,660,1,"Knox County",470313,28.0664153446747,0.0384087791495199,39.5481307129507,4.67773589077912,3.84087791495199
2021-05-15,51260,23,42891,13,8369,10,46991,17,311397,246,358388,263,0,633,2,1422,659,1,"Knox County",470313,31.2557807247514,0.0433810375670841,55.9202063306777,4.8903602494509,4.33810375670841
2021-05-14,51237,36,42878,25,8359,11,46974,26,311151,391,358125,417,0,633,4,1420,658,0,"Knox County",470313,35.7208922568587,0.0465313028764805,88.6643575661315,7.65447691218401,4.65313028764805
2021-05-13,51201,31,42853,17,8348,14,46948,17,310760,253,357708,270,0,633,0,1416,658,0,"Knox County",470313,35.0830191808434,0.0458715596330275,57.4085768413801,6.59135511882512,4.58715596330275
2021-05-12,51170,34,42836,28,8334,6,46931,26,310507,381,357438,407,0,633,0,1416,658,0,"Knox County",470313,39.335506354279,0.0547445255474453,86.5381139794137,7.22922819484046,5.47445255474453
2021-05-11,51136,36,42808,30,8328,6,46905,31,310126,418,357031,449,0,633,4,1416,658,0,"Knox County",470313,41.8869986583403,0.059825327510917,95.4683370436284,7.65447691218401,5.9825327510917
2021-05-10,51100,21,42778,14,8322,7,46874,13,309708,220,356582,233,1,633,1,1412,658,1,"Knox County",470313,43.162744810371,0.0638202247191011,49.5414755705243,4.46511153210734,6.38202247191011
2021-05-09,51079,17,42764,14,8315,3,46861,17,309488,286,356349,303,0,632,1,1411,657,0,"Knox County",470313,42.0996230170121,0.0627668659265585,64.4251806775488,3.61461409742023,6.27668659265585
2021-05-08,51062,20,42750,11,8312,9,46844,14,309202,206,356046,220,0,632,1,1410,657,0,"Knox County",470313,41.4617499409967,0.0626359286646368,46.7773589077912,4.25248717343556,6.26359286646368
2021-05-07,51042,43,42739,31,8303,12,46830,33,308996,368,355826,401,0,632,0,1409,657,0,"Knox County",470313,42.9501204516992,0.0661410424879545,85.262367827383,9.14284742288646,6.61410424879544
2021-05-06,50999,40,42708,26,8291,14,46797,28,308628,239,355425,267,1,632,0,1409,657,1,"Knox County",470313,44.8637396797452,0.0710526315789474,56.7707037653648,8.50497434687113,7.10526315789474
2021-05-05,50959,51,42682,32,8277,19,46769,38,308389,422,355158,460,0,631,4,1409,656,0,"Knox County",470313,48.4783537771654,0.0745820831547364,97.807204989018,10.8438422922607,7.45820831547364
2021-05-04,50908,50,42650,32,8258,18,46731,34,307967,383,354698,417,0,631,0,1405,656,0,"Knox County",470313,51.4550947985703,0.0769230769230769,88.6643575661315,10.6312179335889,7.69230769230769
2021-05-03,50858,24,42618,9,8240,15,46697,7,307584,204,354281,211,1,631,1,1405,656,1,"Knox County",470313,52.0929678745856,0.0750329091706889,44.8637396797452,5.10298460812268,7.50329091706889
2021-05-02,50834,25,42609,18,8225,7,46690,20,307380,195,354070,215,0,630,2,1404,655,0,"Knox County",470313,53.7939627439599,0.0794157918758558,45.7142371144323,5.31560896679445,7.94157918758558
2021-05-01,50809,45,42591,35,8218,10,46670,37,307185,351,353855,388,0,630,2,1402,655,0,"Knox County",470313,59.1095717107543,0.0835099618482408,82.4982511646499,9.56809614023002,8.35099618482408
2021-04-30,50764,57,42556,30,8208,27,46633,29,306834,370,353467,399,0,630,3,1400,655,1,"Knox County",470313,62.0863127321592,0.0818837505303352,84.8371191100395,12.1195884442914,8.18837505303352
2021-04-29,50707,54,42526,34,8181,20,46604,35,306464,413,353068,448,0,630,2,1397,654,0,"Knox County",470313,65.0630537535641,0.0788022064617809,95.2557126849566,11.481715368276,7.88022064617809
2021-04-28,50653,47,42492,28,8161,19,46569,34,306051,394,352620,428,4,630,1,1395,654,2,"Knox County",470313,64.212556318877,0.0782122905027933,91.003225511521,9.99334485757357,7.82122905027933
2021-04-27,50606,39,42464,17,8142,22,46535,20,305657,261,352192,281,1,626,2,1394,652,1,"Knox County",470313,61.8736883734874,0.0767932489451477,59.7474447867697,8.29234998819935,7.67932489451477
2021-04-26,50567,69,42447,36,8120,33,46515,40,305396,340,351911,380,1,625,0,1392,651,2,"Knox County",470313,71.4417845137175,0.0846790074832611,80.7972562952757,14.6710807483527,8.46790074832611
2021-04-25,50498,37,42411,24,8087,13,46475,25,305056,259,351531,284,0,624,3,1392,649,0,"Knox County",470313,73.9932768177788,0.0843558282208589,60.385317862785,7.86710127085579,8.43558282208589
2021-04-24,50461,35,42387,22,8074,13,46450,28,304797,394,351247,422,0,624,3,1389,649,1,"Knox County",470313,71.867033231061,0.0798637395912188,89.7274793594904,7.44185255351224,7.98637395912188
2021-04-23,50426,42,42365,31,8061,11,46422,36,304403,346,350825,382,0,624,2,1386,648,1,"Knox County",470313,68.6776678509843,0.083047619047619,81.2225050126193,8.93022306421468,8.3047619047619
2021-04-22,50384,78,42334,61,8050,17,46386,64,304057,520,350443,584,1,624,1,1384,647,1,"Knox County",470313,73.780652459107,0.0894603404563564,124.172625464318,16.5846999763987,8.94603404563564
2021-04-21,50306,62,42273,34,8033,28,46322,34,303537,357,349859,391,1,623,1,1383,646,1,"Knox County",470313,76.9700178391837,0.0906754772393539,83.1361242406653,13.1827102376502,9.06754772393539
2021-04-20,50244,38,42239,34,8005,4,46288,38,303180,345,349468,383,1,622,1,1382,645,1,"Knox County",470313,76.7573934805119,0.0937721160651097,81.435129371291,8.07972562952757,9.37721160651097
2021-04-19,50206,64,42205,40,8001,24,46250,39,302835,247,349085,286,0,621,0,1381,644,0,"Knox County",470313,75.694271687153,0.0966325036603221,60.8105665801286,13.6079589549938,9.66325036603221
2021-04-18,50142,38,42165,27,7977,11,46211,32,302588,283,348799,315,0,621,1,1381,644,1,"Knox County",470313,75.9068960458248,0.0980817951501991,66.9766729816101,8.07972562952757,9.80817951501991
2021-04-17,50104,37,42138,18,7966,19,46179,23,302305,234,348484,257,0,621,1,1380,643,0,"Knox County",470313,76.3321447631684,0.102386451116243,54.644460178647,7.86710127085579,10.2386451116243
2021-04-16,50067,345,42120,329,7947,16,46156,369,302071,1645,348227,2014,1,621,4,1379,643,1,"Knox County",470313,140.757325440717,0.14160756501182,428.225458364961,73.3554037417635,14.160756501182
2021-04-15,49722,86,41791,54,7931,32,45787,55,300426,420,346213,475,1,620,0,1375,642,1,"Knox County",470313,142.458320310091,0.143169133705411,100.996570369095,18.2856948457729,14.3169133705411
2021-04-14,49636,84,41737,59,7899,25,45732,61,300006,498,345738,559,0,619,3,1375,641,0,"Knox County",470313,147.13605620087,0.143856376777804,118.857016497524,17.8604461284294,14.3856376777804
2021-04-13,49552,68,41678,38,7874,30,45671,43,299508,253,345179,296,-5,619,1,1372,641,0,"Knox County",470313,153.514786961024,0.148024750118991,62.9368101668463,14.4584563896809,14.8024750118991
2021-04-12,49484,63,41640,43,7844,20,45628,50,299255,270,344883,320,1,624,0,1371,641,1,"Knox County",470313,153.302162602352,0.14943342776204,68.039794774969,13.395334596322,14.943342776204
2021-04-11,49421,26,41597,15,7824,11,45578,14,298985,211,344563,225,2,623,0,1371,640,0,"Knox County",470313,150.750670298291,0.148335745296671,47.8404807011501,5.52823332546623,14.8335745296671
2021-04-10,49395,50,41582,33,7813,17,45564,41,298774,421,344338,462,0,621,1,1371,640,1,"Knox County",470313,153.514786961024,0.145483796828315,98.2324537063615,10.6312179335889,14.5483796828315
2021-04-09,49345,82,41549,62,7796,20,45523,71,298353,440,343876,511,5,621,2,1370,639,0,"Knox County",470313,97.5945806303462,0.117626404494382,108.651047281279,17.4351974110858,11.7626404494382
2021-04-08,49263,49,41487,26,7776,23,45452,25,297913,331,343365,356,-6,616,0,1368,639,1,"Knox County",470313,89.7274793594904,0.111762550384756,75.694271687153,10.4185935749171,11.1762550384756
2021-04-07,49214,76,41461,53,7753,23,45427,57,297582,565,343009,622,2,622,1,1368,638,0,"Knox County",470313,88.0264844901162,0.107808022922636,132.252351093846,16.1594512590551,10.7808022922636
2021-04-06,49138,73,41408,40,7730,33,45370,44,297017,302,342387,346,2,620,0,1367,638,0,"Knox County",470313,89.089606283475,0.106263194933146,73.5680281004352,15.5215781830398,10.6263194933146
2021-04-05,49065,44,41368,32,7697,12,45326,35,296715,191,342041,226,0,618,3,1367,638,2,"Knox County",470313,85.0497434687113,0.104439592430859,48.0531050598219,9.35547178155824,10.4439592430859
2021-04-04,49021,49,41336,31,7685,18,45291,40,296524,244,341815,284,3,618,0,1364,636,1,"Knox County",470313,89.9401037181622,0.111506946918418,60.385317862785,10.4185935749171,11.1506946918418
2021-04-03,48972,80,41305,63,7667,17,45251,70,296280,444,341531,514,0,615,0,1364,635,3,"Knox County",470313,96.3188344783155,0.119622245540399,109.288920357294,17.0099486937423,11.9622245540399
2021-04-02,48892,73,41242,43,7650,30,45181,44,295836,348,341017,392,0,615,2,1364,632,2,"Knox County",470313,94.4052152502695,0.114963503649635,83.348748599337,15.5215781830398,11.4963503649635
2021-04-01,48819,76,41199,64,7620,12,45137,67,295488,409,340625,476,1,615,1,1362,630,0,"Knox County",470313,100.146072934408,0.124825174825175,101.209194727766,16.1594512590551,12.4825174825175
2021-03-31,48743,85,41135,65,7608,20,45070,71,295079,572,340149,643,3,614,2,1361,630,2,"Knox County",470313,102.059692162454,0.128774730996182,136.717462625953,18.0730704871011,12.8774730996182
2021-03-30,48658,56,41070,32,7588,24,44999,38,294507,319,339506,357,1,611,2,1359,628,2,"Knox County",470313,98.4450780650333,0.126210235131397,75.9068960458248,11.9069640856196,12.6210235131397
2021-03-29,48602,42,41038,21,7564,21,44961,22,294188,279,339149,301,5,610,0,1357,626,1,"Knox County",470313,98.0198293476897,0.118638355240984,63.9999319602052,8.93022306421468,11.8638355240984
2021-03-28,48560,80,41017,46,7543,34,44939,49,293909,356,338848,405,2,605,5,1357,625,2,"Knox County",470313,104.611184466515,0.11690414507772,86.1128652620702,17.0099486937423,11.690414507772
2021-03-27,48480,43,40971,40,7509,3,44890,42,293553,314,338443,356,0,603,2,1352,623,2,"Knox County",470313,96.7440831956591,0.113651877133106,75.694271687153,9.14284742288646,11.3651877133106
2021-03-26,48437,79,40931,54,7506,25,44848,60,293239,333,338087,393,0,603,2,1350,621,2,"Knox County",470313,98.0198293476897,0.119071989082224,83.5613729580088,16.7973243350705,11.9071989082224
2021-03-25,48358,87,40877,63,7481,24,44788,67,292906,419,337694,486,0,603,4,1348,619,1,"Knox County",470313,100.358697293079,0.118667120027202,103.335438314484,18.4983192044447,11.8667120027202
2021-03-24,48271,123,40814,93,7457,30,44721,95,292487,534,337208,629,1,603,3,1344,618,1,"Knox County",470313,108.438422922607,0.127434233003075,133.740721604548,26.1527961166287,12.7434233003075
2021-03-23,48148,88,40721,58,7427,30,44626,63,291953,375,336579,438,1,602,3,1341,617,1,"Knox County",470313,115.242402400104,0.132313829787234,93.1294690982388,18.7109435631165,13.2313829787234
2021-03-22,48060,111,40663,77,7397,34,44563,79,291578,367,336141,446,2,601,1,1338,616,0,"Knox County",470313,129.913483148456,0.14430700919759,94.8304639676131,23.6013038125674,14.430700919759
2021-03-21,47949,50,40586,33,7363,17,44484,34,291211,221,335695,255,-3,599,1,1337,616,1,"Knox County",470313,123.534752388303,0.146520146520147,54.2192114613034,10.6312179335889,14.6520146520147
2021-03-20,47899,59,40553,29,7346,30,44450,33,290990,219,335440,252,0,602,4,1336,615,0,"Knox County",470313,126.936742127052,0.148671955846844,53.5813383852881,12.5448371616349,14.8671955846844
2021-03-19,47840,146,40524,102,7316,44,44417,116,290771,655,335188,771,3,602,3,1332,615,1,"Knox County",470313,141.182574158061,0.148611534940494,163.933380535941,31.0431563660796,14.8611534940494
2021-03-18,47694,68,40422,50,7272,18,44301,66,290116,435,334417,501,2,599,1,1329,614,0,"Knox County",470313,137.142711343297,0.147630619684083,106.524803694561,14.4584563896809,14.7630619684083
2021-03-17,47626,46,40372,36,7254,10,44235,41,289681,358,333916,399,1,597,3,1328,614,2,"Knox County",470313,120.77063572557,0.141084258654474,84.8371191100395,9.7807204989018,14.1084258654474
2021-03-16,47580,128,40336,84,7244,44,44194,100,289323,533,333517,633,0,596,3,1325,612,1,"Knox County",470313,129.275610072441,0.143997543751919,134.591219039236,27.2159179099876,14.3997543751919
2021-03-15,47452,43,40252,28,7200,15,44094,39,288790,207,332884,246,1,596,1,1322,611,1,"Knox County",470313,114.81715368276,0.140333660451423,52.3055922332574,9.14284742288646,14.0333660451423
2021-03-14,47409,59,40224,37,7185,22,44055,46,288583,289,332638,335,0,595,0,1321,610,0,"Knox County",470313,116.730772910806,0.140580172138986,71.2291601550457,12.5448371616349,14.0580172138986
2021-03-13,47350,70,40187,33,7163,37,44009,40,288294,466,332303,506,1,595,1,1321,610,2,"Knox County",470313,119.069640856196,0.132114420524919,107.58792548792,14.8837051070245,13.2114420524919
2021-03-12,47280,63,40154,60,7126,3,43969,67,287828,501,331797,568,0,594,1,1320,608,2,"Knox County",470313,101.421819086438,0.125156838143036,120.77063572557,13.395334596322,12.5156838143036
2021-03-11,47217,80,40094,53,7123,27,43902,64,287327,445,331229,509,2,594,0,1319,606,1,"Knox County",470313,103.9733113905,0.124217772215269,108.225798563935,17.0099486937423,12.4217772215269
2021-03-10,47137,94,40041,71,7096,23,43838,81,286882,705,330720,786,2,592,0,1319,605,0,"Knox County",470313,114.179280606745,0.121964833938041,167.122745916018,19.9866897151471,12.1964833938041
2021-03-09,47043,80,39970,50,7073,30,43757,55,286177,417,329934,472,0,590,2,1319,605,5,"Knox County",470313,103.9733113905,0.114552893045003,100.358697293079,17.0099486937423,11.4552893045003
2021-03-08,46963,84,39920,57,7043,27,43702,62,285760,290,329462,352,1,590,0,1317,600,2,"Knox County",470313,112.690910096042,0.117630385487528,74.8437742524659,17.8604461284294,11.7630385487528
2021-03-07,46879,62,39863,39,7016,23,43640,41,285470,204,329110,245,0,589,0,1317,598,0,"Knox County",470313,113.328783172058,0.119255381035486,52.0929678745856,13.1827102376502,11.9255381035486
2021-03-06,46817,122,39824,85,6993,37,43599,94,285266,638,328865,732,0,589,1,1317,598,0,"Knox County",470313,124.38524982299,0.126637554585153,155.641030547742,25.9401717579569,12.6637554585153
2021-03-05,46695,69,39739,43,6956,26,43505,48,284628,347,328133,395,2,589,2,1316,598,2,"Knox County",470313,125.660995975021,0.127470638785448,83.9866216753524,14.6710807483527,12.7470638785448
2021-03-04,46626,112,39696,85,6930,27,43457,99,284281,773,327738,872,5,587,2,1314,596,2,"Knox County",470313,132.464975452518,0.124545926310327,185.408440761791,23.8139281712392,12.4545926310327
2021-03-03,46514,70,39611,29,6903,41,43358,36,283508,350,326866,386,1,582,4,1312,594,1,"Knox County",470313,127.361990844395,0.125940938042849,82.0730024473064,14.8837051070245,12.5940938042849
2021-03-02,46444,133,39582,91,6862,42,43322,99,283158,622,326480,721,-1,581,2,1308,593,5,"Knox County",470313,138.631081853999,0.1293545773697,153.302162602352,28.2790397033465,12.93545773697
2021-03-01,46311,56,39491,30,6820,26,43223,33,282536,101,325759,134,1,582,1,1306,588,0,"Knox County",470313,132.67759981119,0.129124820659971,28.4916640620183,11.9069640856196,12.9124820659971
2021-02-28,46255,77,39461,53,6794,24,43190,63,282435,423,325625,486,2,581,2,1305,588,1,"Knox County",470313,135.866965191266,0.126677402039721,103.335438314484,16.3720756177269,12.6677402039721
2021-02-27,46178,82,39408,47,6770,35,43127,59,282012,476,325139,535,1,579,3,1303,587,1,"Knox County",470313,127.361990844395,0.123831113629923,113.754031889401,17.4351974110858,12.3831113629923
2021-02-26,46096,105,39361,69,6735,36,43068,80,281536,360,324604,440,5,578,1,1300,586,0,"Knox County",470313,135.016467756579,0.131225517627308,93.5547178155824,22.3255576605367,13.1225517627308
2021-02-25,45991,131,39292,92,6699,39,42988,98,281176,738,324164,836,2,573,5,1299,586,1,"Knox County",470313,139.056330571343,0.132278123233465,177.753963849607,27.8537909860029,13.2278123233465
2021-02-24,45860,100,39200,70,6660,30,42890,78,280438,691,323328,769,2,571,2,1294,585,1,"Knox County",470313,145.435061331496,0.130068859984698,163.508131818597,21.2624358671778,13.0068859984698
2021-02-23,45760,115,39130,61,6630,54,42812,68,279747,537,322559,605,5,569,6,1292,584,2,"Knox County",470313,141.607822875404,0.125886990801577,128.637736996426,24.4518012472545,12.5886990801577
2021-02-22,45645,60,39069,31,6576,29,42744,37,279210,222,321954,259,3,564,3,1286,582,2,"Knox County",470313,142.458320310091,0.122900763358779,55.0697088959905,12.7574615203067,12.2900763358779
2021-02-21,45585,82,39038,41,6547,41,42707,45,278988,367,321695,412,2,561,3,1283,580,3,"Knox County",470313,143.52144210345,0.120591286307054,87.6012357727726,17.4351974110858,12.0591286307054
2021-02-20,45503,137,38997,98,6506,39,42662,115,278621,751,321283,866,1,559,2,1280,577,1,"Knox County",470313,155.215781830398,0.124432768091712,184.13269460976,29.1295371380336,12.4432768091712
2021-02-19,45366,93,38899,41,6467,52,42547,46,277870,179,320417,225,1,558,2,1278,576,2,"Knox County",470313,152.664289526337,0.122608257804632,47.8404807011501,19.7740653564754,12.2608257804632
2021-02-18,45273,147,38858,104,6415,43,42501,113,277691,686,320192,799,4,557,5,1276,574,6,"Knox County",470313,156.066279265085,0.127573062261753,169.886862578751,31.2557807247514,12.7573062261754
2021-02-17,45126,113,38754,68,6372,45,42388,76,277005,629,319393,705,1,553,4,1271,568,3,"Knox County",470313,158.830395927818,0.129165590286748,149.900172863604,24.0265525299109,12.9165590286748
2021-02-16,45013,145,38686,90,6327,55,42312,102,276376,538,318688,640,2,552,4,1267,565,0,"Knox County",470313,165.209126687972,0.136712749615975,136.079589549938,30.8305320074078,13.6712749615975
2021-02-15,44868,73,38596,34,6272,39,42210,43,275838,223,318048,266,2,550,1,1263,565,1,"Knox County",470313,167.973243350705,0.138001533350371,56.558079406693,15.5215781830398,13.8001533350371
2021-02-14,44795,162,38562,132,6233,30,42167,134,275615,539,317782,673,2,548,5,1262,564,1,"Knox County",470313,184.983192044447,0.150694777192142,143.096193386107,34.4451461048281,15.0694777192142
2021-02-13,44633,133,38430,89,6203,44,42033,105,275076,629,317109,734,4,546,7,1257,563,4,"Knox County",470313,184.13269460976,0.153142008906482,156.066279265085,28.2790397033465,15.3142008906482
2021-02-12,44500,173,38341,109,6159,64,41928,119,274447,701,316375,820,3,542,2,1250,559,1,"Knox County",470313,201.142643303502,0.149234418805262,174.351974110858,36.7840140502176,14.9234418805262
2021-02-11,44327,162,38232,112,6095,50,41809,117,273746,870,315555,987,5,539,5,1248,558,2,"Knox County",470313,204.332008683579,0.144248704663212,209.860242009045,34.4451461048281,14.4248704663212
2021-02-10,44165,147,38120,105,6045,42,41692,111,272876,640,314568,751,7,534,6,1243,556,2,"Knox County",470313,211.561236878419,0.150071853828783,159.680893362505,31.2557807247514,15.0071853828783
2021-02-09,44018,204,38015,149,6003,55,41581,160,272236,754,313817,914,0,527,6,1237,554,5,"Knox County",470313,224.106074040054,0.1533527696793,194.338663826005,43.3753691690427,15.33527696793
2021-02-08,43814,103,37866,68,5948,35,41421,71,271482,282,312903,353,4,527,2,1231,549,3,"Knox County",470313,230.484804800208,0.156154434250765,75.0563986111377,21.9003089431931,15.6154434250765
2021-02-07,43711,109,37798,76,5913,33,41350,83,271200,523,312550,606,1,523,2,1229,546,1,"Knox County",470313,219.215713790603,0.148305905130687,128.850361355098,23.1760550952238,14.8305905130687
2021-02-06,43602,299,37722,173,5880,126,41267,194,270677,1028,311944,1222,2,522,6,1227,545,4,"Knox County",470313,254.511357330118,0.151247125420131,259.826966296913,63.5746832428617,15.1247125420131
2021-02-05,43303,173,37549,128,5754,45,41073,142,269649,488,310722,630,8,520,4,1221,541,3,"Knox County",470313,254.511357330118,0.160717554457258,133.95334596322,36.7840140502176,16.0717554457258
2021-02-04,43130,198,37421,148,5709,50,40931,158,269161,1155,310092,1313,2,512,7,1217,538,8,"Knox County",470313,262.165834242302,0.158749352219727,279.175782936045,42.0996230170121,15.8749352219727
2021-02-03,42932,228,37273,164,5659,64,40773,170,268006,1138,308779,1308,5,510,7,1210,530,0,"Knox County",470313,279.388407294717,0.154112826977624,278.112661142686,48.4783537771654,15.4112826977624
2021-02-02,42704,89,37109,68,5595,21,40603,76,266868,215,307471,291,7,505,1,1203,530,2,"Knox County",470313,254.936606047462,0.156211777040014,61.8736883734874,18.9235679217883,15.6211777040014
2021-02-01,42615,152,37041,83,5574,69,40527,97,266653,311,307180,408,4,498,2,1202,528,3,"Knox County",470313,265.355199622379,0.159224645205954,86.7507383380855,32.3189025181103,15.9224645205954
2021-01-31,42463,173,36958,119,5505,54,40430,127,266342,675,306772,802,7,494,4,1200,525,2,"Knox County",470313,278.963158577373,0.161365918982256,170.524735654766,36.7840140502176,16.1365918982256
2021-01-30,42290,275,36839,233,5451,42,40303,251,265667,1033,305970,1284,7,487,9,1196,523,6,"Knox County",470313,273.86017396925,0.169151756129887,273.009676534563,58.471698634739,16.9151756129887
2021-01-29,42015,101,36606,52,5409,49,40052,62,264634,252,304686,314,4,480,1,1187,517,5,"Knox County",470313,258.551220144882,0.16451048951049,66.7640486229383,21.4750602258496,16.451048951049
2021-01-28,41914,156,36554,116,5360,40,39990,126,264382,485,304372,611,9,476,6,1186,512,4,"Knox County",470313,249.620997080668,0.181147867676365,129.913483148456,33.1693999527974,18.1147867676365
2021-01-27,41758,169,36438,124,5320,45,39864,125,263897,587,303761,712,12,467,3,1180,508,4,"Knox County",470313,237.076159919033,0.195386702849389,151.388543374306,35.9335166155305,19.5386702849389
2021-01-26,41589,230,36314,169,5275,61,39739,191,263310,716,303049,907,3,455,8,1177,504,7,"Knox County",470313,267.056194491753,0.194323144104804,192.850293315303,48.903602494509,19.4323144104804
2021-01-25,41359,157,36145,106,5214,51,39548,115,262594,298,302142,413,9,452,1,1169,497,4,"Knox County",470313,268.119316285112,0.197699781875868,87.8138601314444,33.3820243114692,19.7699781875868
2021-01-24,41202,152,36039,101,5163,51,39433,109,262296,573,301729,682,4,443,2,1168,493,5,"Knox County",470313,263.654204753005,0.198862482226285,145.009812614153,32.3189025181103,19.8862482226285
2021-01-23,41050,307,35938,220,5112,87,39324,231,261723,1067,301047,1298,7,439,7,1166,488,4,"Knox County",470313,270.458184230502,0.194247518736075,275.986417555968,65.2756781122359,19.4247518736075
2021-01-22,40743,178,35718,142,5025,36,39093,175,260656,774,299749,949,3,432,8,1159,484,8,"Knox County",470313,286.830259848229,0.192390524048816,201.780516379517,37.8471358435765,19.2390524048816
2021-01-21,40565,256,35576,186,4989,70,38918,198,259882,805,298800,1003,11,429,5,1151,476,6,"Knox County",470313,308.092695715407,0.191817572099262,213.262231747793,54.4318358199752,19.1817572099262
2021-01-20,40309,193,35390,132,4919,61,38720,131,259077,512,297797,643,10,418,8,1146,470,10,"Knox County",470313,313.195680323529,0.195080576759966,136.717462625953,41.0365012236532,19.5080576759966
2021-01-19,40116,310,35258,195,4858,115,38589,218,258565,711,297154,929,8,408,14,1138,460,4,"Knox County",470313,330.205629017271,0.198918370796011,197.528029206082,65.9135511882512,19.8918370796011
2021-01-18,39806,128,35063,79,4743,49,38371,85,257854,321,296225,406,7,400,4,1124,456,9,"Knox County",470313,324.03952261579,0.194077834179357,86.3254896207419,27.2159179099876,19.4077834179357
2021-01-17,39678,180,34984,137,4694,43,38286,150,257533,505,295819,655,3,393,8,1120,447,6,"Knox County",470313,329.9930046586,0.201937786843447,139.268954930015,38.2723845609201,20.1937786843447
2021-01-16,39498,418,34847,338,4651,80,38136,386,257028,1250,295164,1636,1,390,7,1112,441,8,"Knox County",470313,353.594308471167,0.215881691046456,347.853450787029,88.8769819248033,21.5881691046456
2021-01-15,39080,187,34509,149,4571,38,37750,153,255778,532,293528,685,0,389,4,1105,433,10,"Knox County",470313,355.507927699213,0.221755917408091,145.647685690168,39.7607550716225,22.1755917408091
2021-01-14,38893,334,34360,264,4533,70,37597,288,255246,1074,292843,1362,6,389,8,1101,423,7,"Knox County",470313,372.092627675612,0.223400886637112,289.594376510962,71.0165357963739,22.3400886637112
2021-01-13,38559,243,34096,195,4463,48,37309,201,254172,643,291481,844,12,383,6,1093,416,2,"Knox County",470313,382.723845609201,0.22725180297683,179.454958718981,51.6677191572421,22.725180297683
2021-01-12,38316,330,33901,259,4415,71,37108,281,253529,833,290637,1114,10,371,6,1087,414,5,"Knox County",470313,386.976332782636,0.230378991345867,236.863535560361,70.1660383616868,23.0378991345867
2021-01-11,37986,243,33642,196,4344,47,36827,228,252696,516,289523,744,4,361,5,1081,409,6,"Knox County",470313,411.428134029891,0.239630681818182,158.192522851803,51.6677191572421,23.9630681818182
2021-01-10,37743,324,33446,203,4297,121,36599,220,252180,739,288779,959,5,357,17,1076,403,6,"Knox County",470313,442.046041678627,0.239242919389978,203.906759966235,68.8902922096561,23.9242919389978
2021-01-09,37419,467,33243,386,4176,81,36379,421,251441,977,287820,1398,5,352,11,1059,397,2,"Knox County",470313,452.464635253544,0.25218125527723,297.248853423146,99.2955754997204,25.218125527723
2021-01-08,36952,452,32857,365,4095,87,35958,387,250464,1042,286422,1429,7,347,6,1048,395,8,"Knox County",470313,508.810090301565,0.258089171974522,303.840208541971,96.1062101196437,25.8089171974522
2021-01-07,36500,379,32492,337,4008,42,35571,348,249422,868,284993,1216,10,340,9,1042,387,3,"Knox County",470313,518.378186441795,0.270768431983385,258.551220144882,80.5846319366039,27.0768431983385
2021-01-06,36121,487,32155,357,3966,130,35223,374,248554,805,283777,1179,9,330,15,1033,384,9,"Knox County",470313,570.258529957709,0.281005100136833,250.684118874026,103.548062673156,28.1005100136833
2021-01-05,35634,513,31798,322,3836,191,34849,341,247749,850,282598,1191,14,321,14,1018,375,6,"Knox County",470313,609.168787594644,0.285731887629374,253.235611178088,109.076295998622,28.5731887629374
2021-01-04,35121,320,31476,228,3645,92,34508,249,246899,465,281407,714,6,307,6,1004,369,8,"Knox County",470313,625.540863212371,0.289389067524116,151.81379209165,68.039794774969,28.9389067524116
2021-01-03,34801,283,31248,182,3553,101,34259,195,246434,459,280693,654,2,301,9,998,361,9,"Knox County",470313,616.823264506828,0.297519599023262,139.056330571343,60.1726935041132,29.7519599023262
2021-01-02,34518,420,31066,318,3452,102,34064,342,245975,758,280039,1100,0,299,23,989,352,4,"Knox County",470313,606.829919649255,0.298810637444875,233.886794538956,89.3022306421468,29.8810637444875
2021-01-01,34098,416,30748,346,3350,70,33722,373,245217,986,278939,1359,2,299,9,966,348,6,"Knox County",470313,599.175442737071,0.299743693511399,288.956503434947,88.4517332074597,29.9743693511399
2020-12-31,33682,449,30402,312,3280,137,33349,322,244231,929,277580,1251,12,297,8,957,342,3,"Knox County",470313,614.059147844095,0.29484425349087,265.993072698394,95.4683370436284,29.484425349087
2020-12-30,33233,363,30090,248,3143,115,33027,271,243302,931,276329,1202,6,285,9,949,339,4,"Knox County",470313,587.693727368795,0.280149912996921,255.574479123477,77.1826421978555,28.0149912996921
2020-12-29,32870,590,29842,398,3028,192,32756,420,242371,1081,275127,1501,7,279,14,940,335,8,"Knox County",470313,604.065802986522,0.279141498522041,319.149162366339,125.448371616349,27.9141498522041
2020-12-28,32280,252,29444,174,2836,78,32336,185,241290,565,273626,750,4,272,4,926,327,5,"Knox County",470313,589.607346596841,0.269668670845593,159.468269003834,53.5813383852881,26.9668670845593
2020-12-27,32028,230,29270,156,2758,74,32151,172,240725,489,272876,661,3,268,8,922,322,7,"Knox County",470313,578.338255587237,0.26648773006135,140.544701082045,48.903602494509,26.648773006135
2020-12-26,31798,359,29114,289,2684,70,31979,329,240236,1063,272215,1392,0,265,10,914,315,6,"Knox County",470313,565.368169708258,0.255298176441597,295.973107271115,76.3321447631684,25.5298176441597
2020-12-25,31439,353,28825,287,2614,66,31650,308,239173,1070,270823,1378,1,265,5,904,309,7,"Knox County",470313,551.972835111936,0.246711739397664,292.99636624971,75.0563986111377,24.6711739397664
2020-12-24,31086,351,28538,277,2548,74,31342,311,238103,1273,269445,1584,5,264,8,899,302,7,"Knox County",470313,531.135647962102,0.235710911667454,336.796984136097,74.6311498937941,23.5710911667454
2020-12-23,30735,472,28261,351,2474,121,31031,371,236830,1411,267861,1782,6,259,9,891,295,6,"Knox County",470313,554.311703057326,0.231653404067197,378.896607153109,100.358697293079,23.1653404067197
2020-12-22,30263,530,27910,392,2353,138,30660,432,235419,1470,266079,1902,7,253,15,882,289,6,"Knox County",470313,541.554241537019,0.223092390729178,404.411530193722,112.690910096042,22.3092390729178
2020-12-21,29733,442,27518,361,2215,81,30228,391,233949,1422,264177,1813,2,246,5,867,283,3,"Knox County",470313,581.952869684657,0.220129375951294,385.487962271934,93.9799665329259,22.0129375951294
2020-12-20,29291,514,27157,431,2134,83,29837,478,232527,2245,262364,2723,2,244,7,862,280,6,"Knox County",470313,642.338187547442,0.208366470494672,578.976128663252,109.288920357294,20.8366470494672
2020-12-19,28777,525,26726,441,2051,84,29359,489,230282,1445,259641,1934,6,242,14,855,274,7,"Knox County",470313,677.633831086957,0.211954864287893,411.215509671219,111.627788302684,21.1954864287893
2020-12-18,28252,480,26285,420,1967,60,28870,430,228837,1358,257707,1788,4,236,11,841,267,6,"Knox County",470313,704.637124638273,0.214549756025432,380.172353305139,102.059692162454,21.4549756025433
2020-12-17,27772,733,25865,635,1907,98,28440,663,227479,1898,255919,2561,11,232,11,830,261,4,"Knox County",470313,785.859629650892,0.224367372267807,544.530982558424,155.853654906413,22.4367372267807
2020-12-16,27039,564,25230,453,1809,111,27777,472,225581,1729,253358,2201,8,221,11,819,257,4,"Knox County",470313,805.421070648696,0.224835812893714,467.986213436584,119.920138290883,22.4835812893714
2020-12-15,26475,765,24777,675,1698,90,27305,716,223852,2415,251157,3131,2,213,15,808,253,8,"Knox County",470313,855.387794936564,0.225311126246053,665.726867001337,162.65763438391,22.5311126246053
2020-12-14,25710,472,24102,411,1608,61,26589,461,221437,1624,248026,2085,6,211,7,793,245,8,"Knox County",470313,861.766525696717,0.225841807221579,443.321787830657,100.358697293079,22.584180722158
2020-12-13,25238,628,23691,572,1547,56,26128,754,219813,2935,245941,3689,2,205,10,786,237,6,"Knox County",470313,886.0057025853,0.229167864742078,784.37125914019,133.528097245877,22.9167864742078
2020-12-12,24610,464,23119,392,1491,72,25374,454,216878,2171,242252,2625,3,203,19,776,231,4,"Knox County",470313,873.035616706321,0.218473451327434,558.138941513418,98.6577024237051,21.8473451327434
2020-12-11,24146,557,22727,523,1419,34,24920,429,214707,1406,239627,1835,6,200,10,757,227,2,"Knox County",470313,889.407692324048,0.21785182324709,390.165698162713,118.43176778018,21.785182324709
2020-12-10,23589,473,22204,415,1385,58,24491,538,213301,1910,237792,2448,8,194,9,747,225,10,"Knox County",470313,834.125359069386,0.212279338292439,520.504430028513,100.571321651751,21.2279338292439
2020-12-09,23116,407,21789,337,1327,70,23953,359,211391,924,235344,1283,2,186,13,738,215,3,"Knox County",470313,800.743334757917,0.217068320074871,272.797052175891,86.5381139794137,21.7068320074871
2020-12-08,22709,491,21452,446,1257,45,23594,538,210467,2077,234061,2615,9,184,10,725,212,2,"Knox County",470313,742.484260481849,0.213088057901086,556.0126979267,104.398560107843,21.3088057901086
2020-12-07,22218,323,21006,271,1212,52,23056,317,208390,1135,231446,1452,3,175,6,715,210,3,"Knox County",470313,710.803231039754,0.212516460776322,308.730568791422,68.6776678509843,21.2516460776322
2020-12-06,21895,332,20735,291,1160,41,22739,187,207255,668,229994,855,6,172,6,709,207,4,"Knox County",470313,647.866420872908,0.215206283840464,181.79382666437,70.5912870790304,21.5206283840464
2020-12-05,21563,289,20444,263,1119,26,22552,213,206587,714,229139,927,2,166,8,703,203,2,"Knox County",470313,610.657158105347,0.22610600087604,197.102780488738,61.4484396561439,22.610600087604
2020-12-04,21274,354,20181,322,1093,32,22339,297,205873,1091,228212,1388,5,164,11,695,201,5,"Knox County",470313,567.494413294976,0.223285922684172,295.122609836428,75.2690229698095,22.3285922684172
2020-12-03,20920,441,19859,424,1061,17,22042,448,204782,1215,226824,1663,2,159,10,684,196,2,"Knox County",470313,560.690433817479,0.231660610821958,353.594308471167,93.7673421742542,23.1660610821958
2020-12-02,20479,192,19435,170,1044,22,21594,185,203567,575,225161,760,2,157,7,674,194,5,"Knox County",470313,514.976196703047,0.226190476190476,161.594512590551,40.8238768649814,22.6190476190476
2020-12-01,20287,403,19265,380,1022,23,21409,409,202992,1832,224401,2241,5,155,7,667,189,3,"Knox County",470313,496.26525313993,0.221408572043937,476.491187783455,85.6876165447266,22.1408572043937
2020-11-30,19884,385,18885,371,999,14,21000,436,201160,1815,222160,2251,1,150,3,660,186,3,"Knox County",470313,509.44796337758,0.215666831928607,478.617431370173,81.8603780886346,21.5666831928607
2020-11-29,19499,226,18514,218,985,8,20564,260,199345,1464,219909,1724,0,149,5,657,183,6,"Knox County",470313,486.909781358372,0.205221836771955,366.564394350146,48.0531050598219,20.5221836771955
2020-11-28,19273,270,18296,256,977,14,20304,299,197881,1967,218185,2266,0,149,8,652,177,4,"Knox County",470313,482.869918543608,0.189864150329456,481.806796750249,57.4085768413801,18.9864150329456
2020-11-27,19003,235,18040,215,963,20,20005,249,195914,1247,215919,1496,3,149,12,644,173,3,"Knox County",470313,457.567619861667,0.184339972582856,318.08604057298,49.9667242878679,18.4339972582856
2020-11-26,18768,344,17825,341,943,3,19756,441,194667,1429,214423,1870,4,146,5,632,170,6,"Knox County",470313,436.943057070504,0.180758248730964,397.607550716225,73.1427793830917,18.0758248730964
2020-11-25,18424,219,17484,193,940,26,19315,123,193238,325,212553,448,0,142,3,627,164,2,"Knox County",470313,442.683914754642,0.18030253741054,95.2557126849566,46.5647345491194,18.030253741054
2020-11-24,18205,153,17291,130,914,23,19192,116,192913,673,212105,789,2,142,6,624,162,2,"Knox County",470313,389.527825086698,0.177425304315751,167.760618992033,32.5315268767821,17.7425304315751
2020-11-23,18052,167,17161,147,891,20,19076,100,192240,391,211316,491,3,140,7,618,160,7,"Knox County",470313,343.17571489625,0.174812857771907,104.398560107843,35.508267898187,17.4812857771907
2020-11-22,17885,220,17014,212,871,8,18976,258,191849,1804,210825,2062,2,137,5,611,153,2,"Knox County",470313,341.899968744219,0.168329441732116,438.431427581207,46.7773589077912,16.8329441732116
2020-11-21,17665,173,16802,169,863,4,18718,198,190045,1465,208763,1663,0,135,4,606,151,2,"Knox County",470313,321.275405953057,0.168386438371697,353.594308471167,36.7840140502176,16.8386438371697
2020-11-20,17492,178,16633,169,859,9,18520,163,188580,791,207100,954,7,135,5,602,149,4,"Knox County",470313,309.155817508765,0.169022592726833,202.843638172876,37.8471358435765,16.9022592726833
2020-11-19,17314,166,16464,148,850,18,18357,128,187789,663,206146,791,2,128,4,597,145,5,"Knox County",470313,271.308681665189,0.15087524312309,168.185867709377,35.2956435395152,15.087524312309
2020-11-18,17148,168,16316,163,832,5,18229,179,187126,874,205355,1053,0,126,7,593,140,2,"Knox County",470313,260.464839372928,0.146353966423171,223.893449681382,35.7208922568587,14.6353966423171
2020-11-17,16980,248,16153,240,827,8,18050,260,186252,1033,204302,1293,9,126,7,586,138,1,"Knox County",470313,280.664153446747,0.154809197062718,274.923295762609,52.730840950601,15.4809197062718
2020-11-16,16732,272,15913,261,819,11,17790,286,185219,1409,203009,1695,2,117,6,579,137,2,"Knox County",470313,302.989711107284,0.154768163179476,360.398287948664,57.8338255587237,15.4768163179476
2020-11-15,16460,274,15652,247,808,27,17504,295,183810,2278,201314,2573,2,115,3,573,135,4,"Knox County",470313,314.47142647556,0.150568748752744,547.082474862485,58.2590742760672,15.0568748752744
2020-11-14,16186,306,15405,293,781,13,17209,321,181532,1699,198741,2020,0,113,7,570,131,3,"Knox County",470313,342.750466178906,0.157240581944311,429.501204516992,65.0630537535641,15.7240581944311
2020-11-13,15880,219,15112,200,768,19,16888,190,179833,965,196721,1155,4,113,6,563,128,1,"Knox County",470313,351.468064884449,0.156805293005671,245.581134265904,46.5647345491194,15.6805293005671
2020-11-12,15661,143,14912,130,749,13,16698,136,178868,955,195566,1091,1,109,3,557,127,2,"Knox County",470313,346.577704634998,0.153216911764706,231.97317531091,30.4052832900643,15.3216911764706
2020-11-11,15518,191,14782,177,736,14,16562,191,177913,1229,194475,1420,3,108,7,554,125,2,"Knox County",470313,351.468064884449,0.149284253578732,301.926589313925,40.6112525063096,14.9284253578732
2020-11-10,15327,168,14605,163,722,5,16371,186,176684,1131,193055,1317,2,105,4,547,123,2,"Knox County",470313,334.458116190707,0.142400851743412,280.026280370732,35.7208922568587,14.2400851743412
2020-11-09,15159,135,14442,121,717,14,16185,131,175553,490,191738,621,1,103,2,543,121,2,"Knox County",470313,305.328579052673,0.142198685888006,132.039726735174,28.70428842069,14.2198685888006
2020-11-08,15024,215,14321,203,703,12,16054,252,175063,2624,191117,2876,1,102,3,541,119,5,"Knox County",470313,292.783741891039,0.134,611.507655540034,45.7142371144323,13.4
2020-11-07,14809,169,14118,161,691,8,15802,187,172439,1918,188241,2105,1,101,5,538,114,0,"Knox County",470313,263.654204753005,0.120264525271611,447.574275004093,35.9335166155305,12.0264525271611
2020-11-06,14640,155,13957,138,683,17,15615,160,170521,1235,186136,1395,0,100,5,533,114,3,"Knox County",470313,250.046245798011,0.114826789838337,296.61098034713,32.9567755941256,11.4826789838337
2020-11-05,14485,158,13819,142,666,16,15455,151,169286,613,184741,764,1,100,6,528,111,1,"Knox County",470313,253.235611178088,0.119832349018861,162.445010025239,33.594648670141,11.9832349018861
2020-11-04,14327,145,13677,133,650,12,15304,148,168673,934,183977,1082,-1,99,5,522,110,2,"Knox County",470313,243.454890679186,0.119586614173228,230.059556082864,30.8305320074078,11.9586614173228
2020-11-03,14182,196,13544,183,638,13,15156,195,167739,837,182895,1032,3,100,5,517,108,1,"Knox County",470313,249.408372721996,0.123949367088608,219.428338149275,41.6743742996685,12.3949367088608
2020-11-02,13986,116,13361,110,625,6,14961,115,166902,806,181863,921,1,97,2,512,107,2,"Knox County",470313,245.368509907232,0.118722358722359,195.827034336708,24.6644256059263,11.8722358722359
2020-11-01,13870,124,13251,116,619,8,14846,131,166096,1273,180942,1404,0,96,3,510,105,2,"Knox County",470313,226.0196932681,0.124899459956337,298.524599575177,26.3654204753005,12.4899459956337
2020-10-31,13746,5,13135,5,611,0,14715,7,164823,4,179538,11,0,96,0,507,103,1,"Knox County",470313,191.149298445929,0.137237100922984,2.33886794538956,1.06312179335889,13.7237100922984
2020-10-30,13741,156,13130,146,611,10,14708,148,164819,854,179527,1002,1,96,4,507,102,0,"Knox County",470313,191.3619228046,0.143983268983269,213.049607389122,33.1693999527974,14.3983268983269
2020-10-29,13585,152,12984,138,601,14,14560,136,163965,1569,178525,1705,0,95,4,503,102,1,"Knox County",470313,190.08617665257,0.122956546038843,362.524531535382,32.3189025181103,12.2956546038843
2020-10-28,13433,103,12846,96,587,7,14424,102,162396,1055,176820,1157,3,95,8,499,101,1,"Knox County",470313,181.155953588355,0.115320796460177,246.006382983247,21.9003089431931,11.5320796460177
2020-10-27,13330,119,12750,113,580,6,14322,127,161341,799,175663,926,1,92,3,491,100,2,"Knox County",470313,164.783877970628,0.107493685096829,196.890156130067,25.3022986819416,10.7493685096829
2020-10-26,13211,81,12637,74,574,7,14195,73,160542,372,174737,445,2,91,2,488,98,0,"Knox County",470313,157.342025417116,0.108872180451128,94.6178396089413,17.222573052414,10.8872180451128
2020-10-25,13130,132,12563,121,567,11,14122,151,160170,1365,174292,1516,0,89,3,486,98,1,"Knox County",470313,159.04302028649,0.11002661934339,322.338527746416,28.0664153446747,11.002661934339
2020-10-24,12998,172,12442,167,556,5,13971,202,158805,1788,172776,1990,0,89,5,483,97,1,"Knox County",470313,194.551288184677,0.107424779773481,423.122473756839,36.5713896915458,10.7424779773481
2020-10-23,12826,159,12275,148,551,11,13769,172,157017,1239,170786,1411,1,89,5,478,96,0,"Knox County",470313,195.189161260692,0.105245901639344,300.012970085879,33.8072730288127,10.5245901639344
2020-10-22,12667,182,12127,168,540,14,13597,169,155778,1607,169375,1776,1,88,5,473,96,0,"Knox County",470313,201.567892020846,0.108014315150201,377.620861001078,38.6976332782636,10.8014315150201
2020-10-21,12485,72,11959,68,526,4,13428,74,154171,682,167599,756,0,87,1,468,96,1,"Knox County",470313,194.976536902021,0.109750566893424,160.744015155864,15.308953824368,10.9750566893424
2020-10-20,12413,127,11891,121,522,6,13354,150,153489,739,166843,889,0,87,7,467,95,1,"Knox County",470313,196.677531771395,0.112831606512581,189.023054859211,27.0032935513158,11.2831606512581
2020-10-19,12286,112,11770,107,516,5,13204,117,152750,939,165954,1056,1,87,6,460,94,0,"Knox County",470313,203.26888689022,0.110176708537364,224.531322757398,23.8139281712392,11.0176708537364
2020-10-18,12174,140,11663,135,511,5,13087,168,151811,1431,164898,1599,0,86,7,454,94,1,"Knox County",470313,204.969881759594,0.111005592487074,339.986349516173,29.7674102140489,11.1005592487074
2020-10-17,12034,128,11528,125,506,3,12919,154,150380,1458,163299,1612,1,86,3,447,93,1,"Knox County",470313,195.614409978036,0.110341795801736,342.750466178906,27.2159179099876,11.0341795801736
2020-10-16,11906,72,11403,71,503,1,12765,61,148922,390,161687,451,1,85,3,444,92,2,"Knox County",470313,177.116090773591,0.109718638653397,95.893585760972,15.308953824368,10.9718638653397
2020-10-15,11834,74,11332,62,502,12,12704,66,148532,941,161236,1007,1,84,3,441,90,2,"Knox County",470313,154.152660037039,0.10719131614654,214.112729182481,15.7342025417116,10.719131614654
2020-10-14,11760,149,11270,143,490,6,12638,150,147591,1086,160229,1236,0,83,5,438,88,0,"Knox County",470313,170.524735654766,0.11031847133758,262.803707318318,31.6810294420949,11.031847133758
2020-10-13,11611,71,11127,68,484,3,12488,63,146505,581,158993,644,1,83,6,433,88,1,"Knox County",470313,158.617771569146,0.102432610124918,136.930086984625,15.0963294656962,10.2432610124918
2020-10-12,11540,79,11059,66,481,13,12425,87,145924,806,158349,893,0,82,5,427,87,2,"Knox County",470313,151.601167732978,0.100644987906477,189.873552293898,16.7973243350705,10.0644987906477
2020-10-11,11461,170,10993,163,468,7,12338,179,145118,1612,157456,1791,0,82,8,422,85,0,"Knox County",470313,157.979898493131,0.0995546240503013,380.810226381155,36.1461409742023,9.95546240503013
2020-10-10,11291,130,10830,122,461,8,12159,132,143506,1393,155665,1525,0,82,3,414,85,0,"Knox County",470313,158.405147210475,0.0977872002120048,324.252146974462,27.6411666273312,9.77872002120048
2020-10-09,11161,120,10708,118,453,2,12027,134,142113,1336,154140,1470,0,82,3,411,85,0,"Knox County",470313,168.61111642672,0.0946766285314032,312.557807247514,25.5149230406134,9.46766285314032
2020-10-08,11041,110,10590,102,451,8,11893,103,140777,943,152670,1046,1,82,4,408,85,0,"Knox County",470313,176.265593338904,0.0985473561882626,222.40507917068,23.3886794538956,9.85473561882626
2020-10-07,10931,104,10488,88,443,16,11790,95,139834,1649,151624,1744,0,81,5,404,85,1,"Knox County",470313,166.697497198674,0.087018544935806,370.816881523581,22.1129333018649,8.7018544935806
2020-10-06,10827,115,10400,102,427,13,11695,114,138185,1392,149880,1506,0,81,4,399,84,0,"Knox County",470313,176.052968980232,0.0846115288220551,320.212284159698,24.4518012472545,8.46115288220551
2020-10-05,10712,118,10298,109,414,9,11581,123,136793,1238,148374,1361,0,81,5,395,84,2,"Knox County",470313,184.345318968432,0.0842669730920234,289.38175215229,25.0896743232698,8.42669730920234
2020-10-04,10594,96,10189,89,405,7,11458,99,135555,1827,147013,1926,1,81,2,390,82,0,"Knox County",470313,168.61111642672,0.0756286632633768,409.514514801845,20.4119384324907,7.56286632633768
2020-10-03,10498,77,10100,76,398,1,11359,92,133728,1864,145087,1956,0,80,2,388,82,0,"Knox County",470313,157.342025417116,0.0690344263784177,415.893245561998,16.3720756177269,6.90344263784177
2020-10-02,10421,82,10024,79,397,3,11267,82,131864,602,143131,684,0,80,1,386,82,0,"Knox County",470313,149.262299787588,0.0692556001173824,145.435061331496,17.4351974110858,6.92556001173824
2020-10-01,10339,71,9945,68,394,3,11185,73,131262,683,142447,756,0,80,1,385,82,0,"Knox County",470313,140.969949799389,0.0682573240712776,160.744015155864,15.0963294656962,6.82573240712776
2020-09-30,10268,75,9877,72,391,3,11112,70,130579,675,141691,745,1,80,2,384,82,0,"Knox County",470313,134.803843397907,0.0730915603313186,158.405147210475,15.9468269003834,7.30915603313186
2020-09-29,10193,80,9805,75,388,5,11042,87,129904,1140,140946,1227,-1,79,2,382,82,1,"Knox County",470313,127.361990844395,0.0723281340265742,260.890088090272,17.0099486937423,7.23281340265742
2020-09-28,10113,57,9730,51,383,6,10955,49,128764,431,139719,480,1,80,3,380,81,2,"Knox County",470313,114.391904965417,0.0710059171597633,102.059692162454,12.1195884442914,7.10059171597633
2020-09-27,10056,72,9679,67,377,5,10906,79,128333,978,139239,1057,0,79,3,377,79,0,"Knox County",470313,109.288920357294,0.0770456191165822,224.74394711607,15.308953824368,7.70456191165822
2020-09-26,9984,127,9612,122,372,5,10827,136,127355,2087,138182,2223,4,79,5,374,79,0,"Knox County",470313,119.920138290883,0.0803123257110987,472.663949327363,27.0032935513158,8.03123257110987
2020-09-25,9857,102,9490,100,367,2,10691,103,125268,1439,135959,1542,0,75,1,369,79,3,"Knox County",470313,124.172625464318,0.074346201743462,327.866761071882,21.6876845845214,7.4346201743462
2020-09-24,9755,92,9390,89,365,3,10588,105,123829,1715,134417,1820,0,75,3,368,76,0,"Knox County",470313,128.637736996426,0.0691664833956455,386.976332782636,19.5614409978036,6.91664833956455
2020-09-23,9663,53,9301,52,362,1,10483,49,122114,432,132597,481,2,75,2,365,76,0,"Knox County",470313,123.960001105647,0.0688561721404304,102.272316521125,11.2690910096042,6.88561721404304
2020-09-22,9610,82,9249,75,361,7,10434,88,121682,1141,132116,1229,1,73,3,363,76,0,"Knox County",470313,124.38524982299,0.0689538043478261,261.315336807615,17.4351974110858,6.89538043478261
2020-09-21,9528,34,9174,30,354,4,10346,32,120541,379,130887,411,0,72,2,360,76,0,"Knox County",470313,119.494889573539,0.067556772794705,87.3886114141008,7.22922819484046,6.7556772794705
2020-09-20,9494,97,9144,78,350,19,10314,88,120162,707,130476,795,0,72,1,358,76,2,"Knox County",470313,124.810498540334,0.0706975649923538,169.036365144064,20.6245627911625,7.06975649923538
2020-09-19,9397,132,9066,129,331,3,10226,136,119455,1466,129681,1602,1,72,5,357,74,0,"Knox County",470313,125.873620333693,0.0762690355329949,340.624222592189,28.0664153446747,7.62690355329949
2020-09-18,9265,118,8937,114,328,4,10090,129,117989,1606,128079,1735,3,71,3,352,74,0,"Knox County",470313,129.275610072441,0.0776662950575994,368.903262295535,25.0896743232698,7.76662950575994
2020-09-17,9147,126,8823,119,324,7,9961,124,116383,1516,126344,1640,0,68,6,349,74,2,"Knox County",470313,136.504838267282,0.0818446724946155,348.703948221716,26.790669192644,8.18446724946155
2020-09-16,9021,99,8704,77,317,22,9837,117,114867,768,124704,885,1,68,3,343,72,1,"Knox County",470313,146.285558766183,0.0860552006749428,188.172557424524,21.049811508506,8.60552006749428
2020-09-15,8922,132,8627,126,295,6,9720,136,114099,1338,123819,1474,0,67,3,340,71,0,"Knox County",470313,156.916776699772,0.089206274877078,313.408304682201,28.0664153446747,8.9206274877078
2020-09-14,8790,127,8501,124,289,3,9584,136,112761,901,122345,1037,0,67,5,337,71,0,"Knox County",470313,176.690842056248,0.0944589877835951,220.491459942634,27.0032935513158,9.44589877835951
2020-09-13,8663,143,8377,136,286,7,9448,148,111860,1008,121308,1156,0,67,0,332,71,0,"Knox County",470313,186.471562555149,0.0971770385140099,245.793758624576,30.4052832900643,9.71770385140099
2020-09-12,8520,130,8241,123,279,7,9300,141,110852,1178,120152,1319,1,67,1,332,71,2,"Knox County",470313,186.046313837806,0.100692191217824,280.451529088075,27.6411666273312,10.0692191217824
2020-09-11,8390,103,8118,94,272,9,9159,105,109674,773,118833,878,0,66,5,331,69,2,"Knox County",470313,182.856948457729,0.108117773274526,186.684186913821,21.9003089431931,10.8117773274526
2020-09-10,8287,192,8024,189,263,3,9054,192,108901,1501,117955,1693,0,66,5,326,67,0,"Knox County",470313,196.890156130067,0.115493958777541,359.97303923132,40.8238768649814,11.5493958777541
2020-09-09,8095,91,7835,82,260,9,8862,93,107400,1710,116262,1803,0,66,2,321,67,0,"Knox County",470313,195.189161260692,0.101602564102564,383.361718685216,19.3488166391318,10.1602564102564
2020-09-08,8004,126,7753,124,251,2,8769,133,105690,702,114459,835,1,66,8,319,67,0,"Knox County",470313,193.913415108662,0.108703130374957,177.541339490935,26.790669192644,10.8703130374957
2020-09-07,7878,95,7629,92,249,3,8636,98,104988,347,113624,445,1,65,0,311,67,0,"Knox County",470313,187.109435631165,0.111944888670193,94.6178396089413,20.1993140738189,11.1944888670193
2020-09-06,7783,96,7537,92,246,4,8538,94,104641,476,113179,570,0,64,1,311,67,3,"Knox County",470313,177.116090773591,0.113482699191303,121.195884442914,20.4119384324907,11.3482699191303
2020-09-05,7687,284,7445,282,242,2,8444,295,104165,1506,112609,1801,0,64,4,310,64,0,"Knox County",470313,209.860242009045,0.125856697819315,382.936469967872,60.385317862785,12.5856697819315
2020-09-04,7403,93,7163,89,240,4,8149,97,102659,565,110808,662,1,64,0,306,64,0,"Knox County",470313,207.733998422327,0.12831348444103,140.757325440717,19.7740653564754,12.831348444103
2020-09-03,7310,190,7074,184,236,6,8052,198,102094,1798,110146,1996,2,63,6,306,64,1,"Knox County",470313,207.308749704984,0.124260355029586,424.398219908869,40.3986281476379,12.4260355029586
2020-09-02,7120,124,6890,120,230,4,7854,121,100296,1461,108150,1582,2,61,5,300,63,1,"Knox County",470313,214.325353541152,0.131288810036751,336.371735418753,26.3654204753005,13.1288810036751
2020-09-01,6996,153,6770,146,226,7,7733,158,98835,660,106568,818,2,59,4,295,62,3,"Knox County",470313,220.06621122529,0.134747269494539,173.926725393515,32.5315268767821,13.4747269494539
2020-08-31,6843,99,6624,93,219,6,7575,94,98175,431,105750,525,0,57,3,291,59,0,"Knox County",470313,220.916708659978,0.132889112396279,111.627788302684,21.049811508506,13.2889112396279
2020-08-30,6744,72,6531,71,213,1,7481,76,97744,423,105225,499,1,57,1,288,59,2,"Knox County",470313,215.813724051855,0.131802613218318,106.099554977217,15.308953824368,13.1802613218318
2020-08-29,6672,118,6460,113,212,5,7405,125,97321,1391,104726,1516,5,56,3,287,57,0,"Knox County",470313,180.51808051234,0.114372203211371,322.338527746416,25.0896743232698,11.4372203211371
2020-08-28,6554,89,6347,85,207,4,7280,91,95930,309,103210,400,0,51,3,284,57,0,"Knox County",470313,179.667583077653,0.117639040348964,85.0497434687113,18.9235679217883,11.7639040348964
2020-08-27,6465,116,6262,112,203,4,7189,134,95621,1986,102810,2120,0,51,2,281,57,1,"Knox County",470313,163.933380535941,0.107104557640751,450.76364038417,24.6644256059263,10.7104557640751
2020-08-26,6349,77,6150,76,199,1,7055,86,93635,794,100690,880,0,51,3,279,56,1,"Knox County",470313,153.940035678367,0.113051198579461,187.109435631165,16.3720756177269,11.3051198579461
2020-08-25,6272,87,6074,82,198,5,6969,96,92841,896,99810,992,2,51,3,276,55,0,"Knox County",470313,139.90682800603,0.101269474899019,210.923363802404,18.4983192044447,10.1269474899019
2020-08-24,6185,32,5992,28,193,4,6873,29,91945,261,98818,290,0,49,1,273,55,0,"Knox County",470313,125.660995975021,0.095117216664178,61.6610640148157,6.8039794774969,9.5117216664178
2020-08-23,6153,76,5964,75,189,1,6844,74,91684,565,98528,639,0,49,3,272,55,0,"Knox County",470313,126.511493409708,0.092876992833114,135.866965191266,16.1594512590551,9.28769928331139
2020-08-22,6077,136,5889,135,188,1,6770,153,91119,1892,97889,2045,0,49,4,269,55,0,"Knox County",470313,130.3387318658,0.0900081455335325,434.816813483786,28.9169127793618,9.00081455335325
2020-08-21,5941,30,5754,30,187,0,6617,41,89227,262,95844,303,1,49,1,265,55,0,"Knox County",470313,117.793894704165,0.0843307194937405,64.4251806775488,6.37873076015334,8.43307194937405
2020-08-20,5911,119,5724,117,187,2,6576,130,88965,2068,95541,2198,3,48,3,264,55,0,"Knox County",470313,118.43176778018,0.0828909759085341,467.348340360568,25.3022986819416,8.28909759085341
2020-08-19,5792,46,5607,41,185,5,6446,48,86897,608,93343,656,2,45,4,261,55,0,"Knox County",470313,111.840412661355,0.080162852730591,139.481579288686,9.7807204989018,8.0162852730591
2020-08-18,5746,134,5566,132,180,2,6398,152,86289,1163,92687,1315,0,43,4,257,55,1,"Knox County",470313,121.833757518929,0.0842062852538276,279.601031653388,28.4916640620183,8.42062852538276
2020-08-17,5612,50,5434,42,178,8,6246,50,85126,289,91372,339,1,43,0,253,54,1,"Knox County",470313,125.660995975021,0.0864576384256171,72.0796575897328,10.6312179335889,8.64576384256171
2020-08-16,5562,83,5392,78,170,5,6196,82,84837,587,91033,669,0,42,1,253,53,1,"Knox County",470313,127.149366485723,0.0871760797342193,142.24569595142,17.6478217697576,8.71760797342193
2020-08-15,5479,119,5314,116,165,3,6114,132,84250,1223,90364,1355,1,42,2,252,52,0,"Knox County",470313,123.534752388303,0.0929041697147037,288.106006000259,25.3022986819416,9.29041697147037
2020-08-14,5360,91,5198,83,162,8,5982,96,83027,1024,89009,1120,0,41,2,250,52,1,"Knox County",470313,136.504838267282,0.0901725039205436,238.139281712392,19.3488166391318,9.01725039205436
2020-08-13,5269,127,5115,126,154,1,5886,229,82003,1778,87889,2007,1,41,4,248,51,1,"Knox County",470313,138.205833136656,0.105749899477282,426.737087854259,27.0032935513158,10.5749899477282
2020-08-12,5142,79,4989,72,153,7,5657,88,80225,892,85882,980,0,40,1,244,50,0,"Knox County",470313,145.222436972824,0.106486833654464,208.371871498343,16.7973243350705,10.6486833654464
2020-08-11,5063,111,4917,108,146,3,5569,117,79333,1121,84902,1238,0,40,5,243,50,2,"Knox County",470313,140.332076723374,0.103009859885833,263.228956035661,23.6013038125674,10.3009859885833
2020-08-10,4952,37,4809,35,143,2,5452,35,78212,365,83664,400,1,40,0,238,48,0,"Knox County",470313,137.56796006064,0.100270305058566,85.0497434687113,7.86710127085579,10.0270305058566
2020-08-09,4915,85,4774,81,141,4,5417,109,77847,826,83264,935,1,39,4,238,48,1,"Knox County",470313,137.993208777984,0.10031113876789,198.803775358113,18.0730704871011,10.031113876789
2020-08-08,4830,157,4693,156,137,1,5308,176,77021,2284,82329,2460,1,38,4,234,47,2,"Knox County",470313,146.072934407512,0.0929978118161926,523.055922332574,33.3820243114692,9.29978118161926
2020-08-07,4673,50,4537,46,136,4,5132,44,74737,403,79869,447,0,37,0,230,45,2,"Knox County",470313,137.355335701969,0.0942482579426007,95.0430883262848,10.6312179335889,9.42482579426007
2020-08-06,4623,113,4491,105,132,8,5088,121,74334,1463,79422,1584,-1,37,5,230,43,1,"Knox County",470313,134.378594680564,0.0857782197911487,336.796984136097,24.0265525299109,8.57782197911487
2020-08-05,4510,99,4386,99,124,0,4967,100,72871,1107,77838,1207,1,38,3,225,42,1,"Knox County",470313,138.631081853999,0.0848748639825898,256.637600916836,21.049811508506,8.48748639825898
2020-08-04,4411,112,4287,111,124,1,4867,106,71764,1082,76631,1188,1,37,9,222,41,0,"Knox County",470313,138.843706212671,0.0840530349105948,252.597738102072,23.8139281712392,8.40530349105948
2020-08-03,4299,50,4176,50,123,0,4761,81,70682,593,75443,674,2,36,1,213,41,1,"Knox County",470313,141.607822875404,0.0867569158328429,143.308817744778,10.6312179335889,8.67569158328429
2020-08-02,4249,97,4126,91,123,6,4680,95,70089,692,74769,787,3,34,2,212,40,0,"Knox County",470313,144.159315179466,0.0866179465676291,167.335370274689,20.6245627911625,8.66179465676291
2020-08-01,4152,118,4035,110,117,8,4585,118,69397,1417,73982,1535,1,31,1,210,40,1,"Knox County",470313,135.866965191266,0.0895984909727836,326.37839056118,25.0896743232698,8.95984909727836
2020-07-31,4034,117,3925,114,109,3,4467,116,67980,1060,72447,1176,2,30,1,209,39,3,"Knox County",470313,150.112797222275,0.0904183535762483,250.046245798011,24.877049964598,9.04183535762483
2020-07-30,3917,189,3811,186,106,3,4351,227,66920,2420,71271,2647,1,28,7,208,36,2,"Knox County",470313,166.27224848133,0.0914912090297374,562.816677404197,40.1860037889661,9.14912090297373
2020-07-29,3728,75,3625,71,103,4,4124,60,64500,438,68624,498,0,27,3,201,34,4,"Knox County",470313,161.169263873208,0.0944150499706055,105.886930618546,15.9468269003834,9.44150499706055
2020-07-28,3653,154,3554,152,99,2,4064,186,64062,1211,68126,1397,1,27,3,198,30,0,"Knox County",470313,170.099486937423,0.101331191186596,297.036229064474,32.7441512354538,10.1331191186596
2020-07-27,3499,83,3402,76,97,7,3878,85,62851,677,66729,762,3,26,2,195,30,1,"Knox County",470313,177.116090773591,0.100772551692797,162.019761307895,17.6478217697576,10.0772551692797
2020-07-26,3416,118,3326,113,90,5,3793,132,62174,1472,65967,1604,0,23,2,193,29,1,"Knox County",470313,181.581202305699,0.0960598814845618,341.049471309532,25.0896743232698,9.60598814845618
2020-07-25,3298,175,3213,172,85,3,3661,197,60702,1949,64363,2146,2,23,3,191,28,3,"Knox County",470313,193.70079074999,0.0980449657869013,456.291873709636,37.2092627675612,9.80449657869013
2020-07-24,3123,106,3041,99,82,7,3464,113,58753,916,62217,1029,0,21,4,188,25,0,"Knox County",470313,191.3619228046,0.0991768322919766,218.79046507326,22.5381820192085,9.91768322919766
2020-07-23,3017,205,2942,197,75,8,3351,254,57837,2389,61188,2643,0,21,4,184,25,1,"Knox County",470313,194.763912543349,0.101895029268777,561.96617996951,43.5879935277145,10.1895029268777
2020-07-22,2812,69,2745,61,67,8,3097,63,55448,437,58545,500,3,21,3,180,24,0,"Knox County",470313,193.488166391318,0.102172403531396,106.312179335889,14.6710807483527,10.2172403531396
2020-07-21,2743,232,2684,228,59,4,3034,280,55011,1691,58045,1971,0,18,12,177,24,1,"Knox County",470313,210.072866367717,0.105490380103238,419.082610942075,49.3288512118525,10.5490380103238
2020-07-20,2511,74,2456,70,55,4,2754,57,53320,364,56074,421,0,18,4,165,23,1,"Knox County",470313,208.159247139671,0.106263331394221,89.5148550008186,15.7342025417116,10.6263331394221
2020-07-19,2437,84,2386,74,51,10,2697,74,52956,577,55653,651,0,18,0,161,22,2,"Knox County",470313,200.93001894483,0.110885589146459,138.418457495328,17.8604461284294,11.0885589146459
2020-07-18,2353,112,2312,109,41,3,2623,146,52379,2258,55002,2404,1,18,8,161,20,1,"Knox County",470313,187.534684348508,0.102609418858509,511.148958246955,23.8139281712392,10.2609418858509
2020-07-17,2241,74,2203,74,38,0,2477,80,50121,347,52598,427,0,17,6,153,19,2,"Knox County",470313,180.730704871011,0.105800155262282,90.7906011528493,15.7342025417116,10.5800155262282
2020-07-16,2167,187,2129,185,38,2,2397,228,49774,2033,52171,2261,2,17,3,147,17,0,"Knox County",470313,176.903466414919,0.107469600463231,480.74367495689,39.7607550716225,10.7469600463231
2020-07-15,1980,78,1944,78,36,0,2169,80,47741,511,49910,591,3,15,4,144,17,1,"Knox County",470313,178.817085642965,0.108297043318817,125.660995975021,16.5846999763987,10.8297043318817
2020-07-14,1902,95,1866,95,36,0,2089,127,47230,777,49319,904,2,12,1,140,16,1,"Knox County",470313,149.687548504932,0.103407755581669,192.212420239287,20.1993140738189,10.3407755581669
2020-07-13,1807,94,1771,92,36,2,1962,59,46453,655,48415,714,1,10,2,139,15,3,"Knox County",470313,153.940035678367,0.0998490945674044,151.81379209165,19.9866897151471,9.98490945674044
2020-07-12,1713,69,1679,67,34,2,1903,87,45798,916,47701,1003,0,9,4,137,12,1,"Knox County",470313,150.750670298291,0.0971820809248555,213.262231747793,14.6710807483527,9.71820809248555
2020-07-11,1644,28,1612,27,32,1,1816,36,44882,883,46698,919,0,9,2,133,11,1,"Knox County",470313,132.890224169861,0.102214400938554,195.401785619364,5.95348204280979,10.2214400938554
2020-07-10,1616,78,1585,74,31,4,1780,68,43999,418,45779,486,0,9,6,131,10,0,"Knox County",470313,133.740721604548,0.0995929049142193,103.335438314484,16.5846999763987,9.95929049142192
2020-07-09,1538,70,1511,66,27,4,1712,88,43581,1652,45293,1740,0,9,8,125,10,0,"Knox County",470313,108.86367163995,0.0857322636463741,369.966384088894,14.8837051070245,8.57322636463741
2020-07-08,1468,70,1445,65,23,5,1624,63,41929,594,43553,657,1,9,5,117,10,0,"Knox County",470313,107.162676770576,0.082204577300327,139.694203647358,14.8837051070245,8.2204577300327
2020-07-07,1398,79,1380,79,18,0,1561,104,41335,1303,42896,1407,0,8,7,112,10,1,"Knox County",470313,103.760687031828,0.0729136586774473,299.162472651192,16.7973243350705,7.29136586774473
2020-07-06,1319,35,1301,35,18,0,1457,34,40032,658,41489,692,1,8,6,105,9,0,"Knox County",470313,91.2158498701928,0.0695249130938586,147.13605620087,7.44185255351224,6.95249130938586
2020-07-05,1284,77,1266,77,18,0,1423,109,39374,1079,40797,1188,2,7,6,99,9,1,"Knox County",470313,92.916844739567,0.0708139370856256,252.597738102072,16.3720756177269,7.08139370856256
2020-07-04,1207,41,1189,40,18,1,1314,50,38295,1141,39609,1191,0,5,1,93,8,2,"Knox County",470313,95.6809614023002,0.0700991713082462,253.235611178088,8.7175987055429,7.00991713082462
2020-07-03,1166,62,1149,61,17,1,1264,49,37154,910,38418,959,0,5,4,92,6,0,"Knox County",470313,92.2789716635517,0.0634414092417667,203.906759966235,13.1827102376502,6.34414092417667
2020-07-02,1104,68,1088,68,16,0,1215,102,36244,1228,37459,1330,0,5,2,88,6,0,"Knox County",470313,91.8537229462082,0.0688308189655172,282.790397033465,14.4584563896809,6.88308189655172
2020-07-01,1036,49,1020,49,16,0,1113,34,35016,737,36129,771,0,5,4,86,6,1,"Knox County",470313,87.3886114141008,0.0639426903687981,163.933380535941,10.4185935749171,6.39426903687981
2020-06-30,987,40,971,39,16,1,1079,73,34279,1514,35358,1587,0,5,3,82,5,0,"Knox County",470313,79.0962614259015,0.0584348276755636,337.434857212112,8.50497434687113,5.84348276755636
2020-06-29,947,51,932,51,15,0,1006,79,32765,1333,33771,1412,0,5,3,79,5,0,"Knox County",470313,82.4982511646499,0.058781701825077,300.225594444551,10.8438422922607,5.8781701825077
2020-06-28,896,10,881,10,15,0,927,30,31432,684,32359,714,0,5,1,76,5,0,"Knox County",470313,68.2524191336408,0.0523606228026118,151.81379209165,2.12624358671778,5.23606228026117
2020-06-27,886,29,871,29,15,0,897,16,30748,111,31645,127,0,5,3,75,5,0,"Knox County",470313,65.7009268295794,0.0555072463768116,27.0032935513158,6.16610640148157,5.55072463768116
2020-06-26,857,37,842,37,15,0,881,14,30637,319,31518,333,0,5,8,72,5,0,"Knox County",470313,60.385317862785,0.0554670066942939,70.8039114377021,7.86710127085579,5.54670066942939
2020-06-25,820,32,805,32,15,0,867,52,30318,702,31185,754,0,5,1,64,5,0,"Knox County",470313,52.730840950601,0.0522990522990523,160.318766438521,6.8039794774969,5.22990522990523
2020-06-24,788,35,773,34,15,1,815,32,29616,272,30431,304,0,5,1,63,5,0,"Knox County",470313,49.7540999291961,0.0565857388644619,64.6378050362206,7.44185255351224,5.65857388644619
2020-06-23,753,27,739,24,14,3,783,25,29344,215,30127,240,0,5,4,62,5,0,"Knox County",470313,46.989983266463,0.0638516992790937,51.0298460812268,5.74085768413801,6.38516992790937
2020-06-22,726,36,715,36,11,0,758,31,29129,572,29887,603,0,5,0,58,5,0,"Knox County",470313,43.8006178863863,0.0650406504065041,128.212488279082,7.65447691218401,6.50406504065041
2020-06-21,690,31,679,31,11,0,727,37,28557,815,29284,852,0,5,1,58,5,0,"Knox County",470313,48.2657294184936,0.0644257703081232,181.155953588355,6.59135511882512,6.44257703081232
2020-06-20,659,17,648,17,11,0,690,9,27742,437,28432,446,0,5,2,57,5,0,"Knox County",470313,45.7142371144323,0.0566251415628539,94.8304639676131,3.61461409742023,5.66251415628539
2020-06-19,642,30,631,28,11,2,681,10,27305,334,27986,344,0,5,1,55,5,0,"Knox County",470313,44.2258666037299,0.0553203499858877,73.1427793830917,6.37873076015334,5.53203499858877
2020-06-18,612,15,603,15,9,0,671,18,26971,804,27642,822,0,5,0,54,5,0,"Knox County",470313,40.6112525063096,0.0448629188590418,174.777222828202,3.18936538007667,4.48629188590418
2020-06-17,597,17,588,17,9,0,653,13,26167,282,26820,295,0,5,0,54,5,0,"Knox County",470313,36.7840140502176,0.0397001665741255,62.7241858081746,3.61461409742023,3.97001665741255
2020-06-16,580,9,571,8,9,1,640,9,25885,178,26525,187,0,5,0,54,5,0,"Knox County",470313,32.9567755941256,0.0357847280924204,39.7607550716225,1.913619228046,3.57847280924204
2020-06-15,571,8,563,8,8,0,631,9,25707,218,26338,227,0,5,0,54,5,0,"Knox County",470313,27.0032935513158,0.0330917113142137,48.2657294184936,1.70099486937423,3.30917113142137
2020-06-14,563,8,555,8,8,0,622,9,25489,624,26111,633,0,5,0,54,5,0,"Knox County",470313,22.1129333018649,0.0260663507109005,134.591219039236,1.70099486937423,2.60663507109005
2020-06-13,555,10,547,8,8,2,613,9,24865,213,25478,222,0,5,3,54,5,0,"Knox County",470313,20.6245627911625,0.0282051282051282,47.2026076251348,2.12624358671778,2.82051282051282
2020-06-12,545,19,539,19,6,0,604,19,24652,750,25256,769,0,5,0,51,5,0,"Knox County",470313,18.2856948457729,0.0272583201267829,163.508131818597,4.03986281476378,2.72583201267829
2020-06-11,526,7,520,7,6,0,585,10,23902,379,24487,389,0,5,2,51,5,0,"Knox County",470313,16.5846999763987,0.0286554004408523,82.7108755233217,1.48837051070245,2.86554004408523
2020-06-10,519,12,513,12,6,0,575,12,23523,705,24098,717,0,5,0,49,5,0,"Knox County",470313,15.5215781830398,0.0244910941475827,152.451665167665,2.55149230406134,2.44910941475827
2020-06-09,507,16,501,16,6,0,563,19,22818,508,23381,527,0,5,1,49,5,0,"Knox County",470313,17.0099486937423,0.0249712973593571,112.053037020027,3.40198973874845,2.49712973593571
2020-06-08,491,8,485,8,6,0,544,8,22310,336,22854,344,0,5,1,48,5,0,"Knox County",470313,17.0099486937423,0.0238822549291863,73.1427793830917,1.70099486937423,2.38822549291863
2020-06-07,483,7,477,7,6,0,536,8,21974,847,22510,855,0,5,1,47,5,0,"Knox County",470313,16.7973243350705,0.0222338477635365,181.79382666437,1.48837051070245,2.22338477635365
2020-06-06,476,11,470,11,6,0,528,12,21127,478,21655,490,0,5,0,46,5,0,"Knox County",470313,17.0099486937423,0.0215106330970423,104.185935749171,2.33886794538956,2.15106330970423
2020-06-05,465,18,459,18,6,0,516,17,20649,518,21165,535,0,5,1,46,5,0,"Knox County",470313,16.7973243350705,0.0222971221156339,113.754031889401,3.82723845609201,2.22971221156339
2020-06-04,447,4,441,4,6,0,499,4,20131,338,20630,342,0,5,0,45,5,0,"Knox County",470313,16.1594512590551,0.020997375328084,72.7175306657481,0.850497434687113,2.0997375328084
2020-06-03,443,4,437,4,6,0,495,4,19793,399,20288,403,0,5,0,45,5,0,"Knox County",470313,14.4584563896809,0.0205949656750572,85.6876165447266,0.850497434687113,2.05949656750572
2020-06-02,439,26,433,25,6,1,491,24,19394,939,19885,963,0,5,2,45,5,0,"Knox County",470313,16.5846999763987,0.0195829094608342,204.757257400922,5.52823332546623,1.95829094608342
2020-06-01,413,17,408,17,5,0,467,20,18455,972,18922,992,0,5,0,43,5,0,"Knox County",470313,18.4983192044447,0.0194323144104804,210.923363802404,3.61461409742023,1.94323144104803
2020-05-31,396,7,391,7,5,0,447,7,17483,317,17930,324,0,5,0,43,5,0,"Knox County",470313,18.4983192044447,0.0217337614225735,68.8902922096561,1.48837051070245,2.17337614225735
2020-05-30,389,6,384,6,5,0,440,6,17166,294,17606,300,0,5,2,43,5,0,"Knox County",470313,17.4351974110858,0.0212490282456595,63.7873076015334,1.27574615203067,2.12490282456595
2020-05-29,383,8,378,8,5,0,434,7,16872,205,17306,212,0,5,0,41,5,0,"Knox County",470313,15.308953824368,0.0203619909502262,45.076364038417,1.70099486937423,2.03619909502262
2020-05-28,375,11,370,11,5,0,427,11,16667,336,17094,347,0,5,0,41,5,0,"Knox County",470313,16.7973243350705,0.022310081897769,73.780652459107,2.33886794538956,2.2310081897769
2020-05-27,364,5,359,5,5,0,416,6,16331,420,16747,426,0,5,1,41,5,0,"Knox County",470313,17.0099486937423,0.0227272727272727,90.5779767941775,1.06312179335889,2.27272727272727
2020-05-26,359,9,354,9,5,0,410,10,15911,1142,16321,1152,0,5,0,40,5,0,"Knox County",470313,13.395334596322,0.0178523847588596,244.943261189888,1.913619228046,1.78523847588596
2020-05-25,350,9,345,9,5,0,400,11,14769,381,15169,392,0,5,1,40,5,0,"Knox County",470313,11.6943397269478,0.018395179194418,83.348748599337,1.913619228046,1.8395179194418
2020-05-24,341,2,336,2,5,0,389,3,14388,273,14777,276,0,5,0,39,5,0,"Knox County",470313,10.6312179335889,0.0173913043478261,58.6843229934108,0.425248717343556,1.73913043478261
2020-05-23,339,7,334,7,5,0,386,10,14115,360,14501,370,0,5,2,39,5,0,"Knox County",470313,10.8438422922607,0.0182677165354331,78.6710127085579,1.48837051070245,1.82677165354331
2020-05-22,332,1,327,1,5,0,376,1,13755,253,14131,254,0,5,0,37,5,0,"Knox County",470313,9.35547178155824,0.0161641280696301,54.0065871026317,0.212624358671778,1.61641280696301
2020-05-21,331,0,326,0,5,0,375,0,13502,250,13877,250,0,5,0,37,5,0,"Knox County",470313,7.01660383616868,0.0131410256410256,53.1560896679445,0,1.31410256410256
2020-05-20,331,7,326,7,5,0,375,7,13252,360,13627,367,0,5,0,37,5,0,"Knox County",470313,7.44185255351224,0.0137210062071219,78.0331396325426,1.48837051070245,1.37210062071219
2020-05-19,324,7,319,7,5,0,368,7,12892,369,13260,376,0,5,2,37,5,0,"Knox County",470313,7.01660383616868,0.0170678336980306,79.9467588605886,1.48837051070245,1.70678336980306
2020-05-18,317,3,312,3,5,0,361,4,12523,478,12884,482,0,5,0,35,5,0,"Knox County",470313,5.74085768413801,0.0134736842105263,102.484940879797,0.637873076015334,1.34736842105263
2020-05-17,314,3,309,3,5,0,357,5,12045,216,12402,221,0,5,1,35,5,0,"Knox County",470313,5.95348204280979,0.0146551724137931,46.989983266463,0.637873076015334,1.46551724137931
2020-05-16,311,0,306,0,5,0,352,0,11829,349,12181,349,0,5,0,34,5,0,"Knox County",470313,4.46511153210734,0.0104393214441061,74.2059011764506,0,1.04393214441061
2020-05-15,311,1,306,1,5,0,352,4,11480,540,11832,544,0,5,0,34,5,0,"Knox County",470313,4.46511153210734,0.0104287369640788,115.667651117447,0.212624358671778,1.04287369640788
2020-05-14,310,3,305,3,5,0,348,7,10940,458,11288,465,0,5,0,34,5,0,"Knox County",470313,5.10298460812268,0.0121255349500713,98.8703267823768,0.637873076015334,1.21255349500713
2020-05-13,307,7,302,7,5,0,341,5,10482,341,10823,346,0,5,0,34,5,0,"Knox County",470313,5.10298460812268,0.011498383039885,73.5680281004352,1.48837051070245,1.1498383039885
2020-05-12,300,6,295,6,5,0,336,8,10141,401,10477,409,0,5,0,34,5,0,"Knox County",470313,4.8903602494509,0.01171875,86.9633626967573,1.27574615203067,1.171875
2020-05-11,294,16,289,16,5,0,328,12,9740,254,10068,266,0,5,1,34,5,0,"Knox County",470313,7.65447691218401,0.0157692307692308,56.558079406693,3.40198973874845,1.57692307692308
2020-05-10,278,5,273,5,5,0,316,5,9486,221,9802,226,0,5,1,33,5,0,"Knox County",470313,8.07972562952757,0.0157389635316699,48.0531050598219,1.06312179335889,1.57389635316699
2020-05-09,273,2,268,2,5,0,311,4,9265,352,9576,356,0,5,0,32,5,0,"Knox County",470313,8.50497434687113,0.0172281776416539,75.694271687153,0.425248717343556,1.72281776416539
2020-05-08,271,3,266,3,5,0,307,4,8913,265,9220,269,0,5,0,32,5,0,"Knox County",470313,8.93022306421468,0.0192554557124519,57.1959524827083,0.637873076015334,1.92554557124519
2020-05-07,268,3,263,3,5,0,303,3,8648,220,8951,223,0,5,0,32,5,0,"Knox County",470313,8.93022306421468,0.0195704057279236,47.4152319838065,0.637873076015334,1.95704057279236
2020-05-06,265,1,260,1,5,0,300,1,8428,185,8728,186,0,5,0,32,5,0,"Knox County",470313,7.65447691218401,0.0191214470284238,39.5481307129507,0.212624358671778,1.91214470284238
2020-05-05,264,4,259,4,5,0,299,5,8243,305,8542,310,0,5,0,32,5,0,"Knox County",470313,7.22922819484046,0.0185185185185185,65.9135511882512,0.850497434687113,1.85185185185185
2020-05-04,260,4,255,4,5,0,294,7,7938,259,8232,266,0,5,0,32,5,0,"Knox County",470313,4.67773589077912,0.0157952069716776,56.558079406693,0.850497434687113,1.57952069716776
2020-05-03,256,7,251,5,5,2,287,6,7679,290,7966,296,0,5,2,32,5,0,"Knox County",470313,5.10298460812268,0.0157397691500525,62.9368101668463,1.48837051070245,1.57397691500525
2020-05-02,249,3,246,3,3,0,281,5,7389,308,7670,313,0,5,1,30,5,0,"Knox County",470313,5.31560896679445,0.0166398282340311,66.5514242642666,0.637873076015334,1.66398282340311
2020-05-01,246,9,243,8,3,1,276,7,7081,354,7357,361,0,5,0,29,5,0,"Knox County",470313,6.59135511882512,0.0173913043478261,76.7573934805119,1.913619228046,1.73913043478261
2020-04-30,237,4,235,4,2,0,269,3,6727,119,6996,122,0,5,0,29,5,0,"Knox County",470313,6.8039794774969,0.0183387270765912,25.9401717579569,0.850497434687113,1.83387270765912
2020-04-29,233,8,231,8,2,0,266,10,6608,671,6874,681,0,5,0,29,5,0,"Knox County",470313,8.29234998819935,0.0183056619838229,144.797188255481,1.70099486937423,1.83056619838229
2020-04-28,225,8,223,8,2,0,256,10,5937,391,6193,401,1,5,0,29,5,0,"Knox County",470313,9.14284742288646,0.019672131147541,85.262367827383,1.70099486937423,1.9672131147541
2020-04-27,217,2,215,2,2,0,246,4,5546,161,5792,165,0,4,0,29,5,1,"Knox County",470313,8.7175987055429,0.0192389910218042,35.0830191808434,0.425248717343556,1.92389910218042
2020-04-26,215,1,213,1,2,0,242,1,5385,172,5627,173,0,4,0,29,4,0,"Knox County",470313,7.44185255351224,0.0180505415162455,36.7840140502176,0.212624358671778,1.80505415162455
2020-04-25,214,0,212,0,2,0,241,0,5213,53,5454,53,0,4,0,29,4,0,"Knox County",470313,6.8039794774969,0.0178936605316973,11.2690910096042,0,1.78936605316973
2020-04-24,214,8,212,8,2,0,241,10,5160,836,5401,846,0,4,1,29,4,0,"Knox County",470313,6.59135511882512,0.0155673904137649,179.880207436324,1.70099486937423,1.55673904137648
2020-04-23,206,1,204,1,2,0,231,2,4324,137,4555,139,0,4,0,28,4,0,"Knox County",470313,5.95348204280979,0.0150528885272579,29.5547858553772,0.212624358671778,1.50528885272579
2020-04-22,205,5,203,3,2,2,229,2,4187,189,4416,191,0,4,0,28,4,0,"Knox County",470313,5.31560896679445,0.0147357723577236,40.6112525063096,1.06312179335889,1.47357723577236
2020-04-21,200,4,200,4,0,0,227,5,3998,475,4225,480,0,4,1,28,4,0,"Knox County",470313,4.46511153210734,0.0117244748412311,102.059692162454,0.850497434687113,1.17244748412311
2020-04-20,196,3,196,3,0,0,222,2,3523,175,3745,177,0,4,1,27,4,0,"Knox County",470313,4.67773589077912,0.0106847984458475,37.6345114849047,0.637873076015334,1.06847984458475
2020-04-19,193,0,193,0,0,0,220,0,3348,72,3568,72,0,4,0,26,4,0,"Knox County",470313,4.46511153210734,0.0107252298263534,15.308953824368,0,1.07252298263534
2020-04-18,193,0,193,0,0,0,220,1,3276,135,3496,136,0,4,0,26,4,0,"Knox County",470313,4.46511153210734,0.0107790298873101,28.9169127793618,0,1.07790298873101
2020-04-17,193,2,193,2,0,0,219,3,3141,104,3360,107,0,4,1,26,4,0,"Knox County",470313,3.18936538007667,0.0115207373271889,22.7508063778803,0.425248717343556,1.15207373271889
2020-04-16,191,7,191,7,0,0,216,9,3037,213,3253,222,0,4,2,25,4,0,"Knox County",470313,4.46511153210734,0.015884476534296,47.2026076251348,1.48837051070245,1.5884476534296
2020-04-15,184,9,184,9,0,0,207,10,2824,84,3031,94,0,4,1,23,4,0,"Knox County",470313,5.31560896679445,0.0232919254658385,19.9866897151471,1.913619228046,2.32919254658385
2020-04-14,175,4,175,4,0,0,197,4,2740,102,2937,106,0,4,1,22,4,0,"Knox County",470313,5.31560896679445,0.0317286652078775,22.5381820192085,0.850497434687113,3.17286652078775
2020-04-13,171,4,171,4,0,0,193,9,2638,242,2831,251,0,4,1,21,4,0,"Knox County",470313,5.52823332546623,0.0364372469635627,53.3687140266163,0.850497434687113,3.64372469635628
2020-04-12,167,5,167,5,0,0,184,6,2396,166,2580,172,0,4,0,20,4,0,"Knox County",470313,6.59135511882512,0.0386029411764706,36.5713896915458,1.06312179335889,3.86029411764706
2020-04-11,162,5,162,5,0,0,178,8,2230,313,2408,321,1,4,1,20,4,0,"Knox County",470313,7.65447691218401,0.0384917517674784,68.2524191336408,1.06312179335889,3.84917517674784
2020-04-10,157,4,157,4,0,0,170,5,1917,123,2087,128,0,3,0,19,4,0,"Knox County",470313,8.07972562952757,0.0394126738794436,27.2159179099876,0.850497434687113,3.94126738794436
2020-04-09,153,1,153,1,0,0,165,1,1794,81,1959,82,0,3,0,19,4,0,"Knox County",470313,6.8039794774969,0.037261698440208,17.4351974110858,0.212624358671778,3.7261698440208
2020-04-08,152,8,152,8,0,0,164,12,1713,111,1877,123,0,3,1,19,4,1,"Knox County",470313,6.59135511882512,0.0380388841927303,26.1527961166287,1.70099486937423,3.80388841927303
2020-04-07,144,20,144,20,0,0,152,25,1602,366,1754,391,0,3,2,18,3,0,"Knox County",470313,9.99334485757357,0.0449591280653951,83.1361242406653,4.25248717343556,4.49591280653951
2020-04-06,124,8,124,8,0,0,127,14,1236,54,1363,68,2,3,1,16,3,0,"Knox County",470313,10.8438422922607,0.0552529182879377,14.4584563896809,1.70099486937423,5.52529182879377
2020-04-05,116,4,116,4,0,0,113,10,1182,75,1295,85,0,1,0,15,3,1,"Knox County",470313,10.6312179335889,0.0626043405676127,18.0730704871011,0.850497434687113,6.26043405676127
2020-04-04,112,15,112,15,0,0,103,6,1107,127,1210,133,0,1,1,15,2,1,"Knox County",470313,12.7574615203067,0.0722772277227723,28.2790397033465,3.18936538007667,7.22772277227723
2020-04-03,97,4,97,4,0,0,97,3,980,51,1077,54,0,1,1,14,1,0,"Knox County",470313,12.7574615203067,0.0758547008547008,11.481715368276,0.850497434687113,7.58547008547009
2020-04-02,93,7,93,7,0,0,94,7,929,106,1023,113,0,1,0,13,1,0,"Knox County",470313,14.0332076723374,0.0796277145811789,24.0265525299109,1.48837051070245,7.96277145811789
2020-04-01,86,15,86,15,0,0,87,15,823,140,910,155,0,0,1,13,1,0,"Knox County",470313,15.5215781830398,0.0800800800800801,32.9567755941256,3.18936538007667,8.00800800800801
2020-03-31,71,8,71,8,0,0,72,11,683,58,755,69,0,0,1,12,1,0,"Knox County",470313,12.9700858789785,0.0974889217134417,14.6710807483527,1.70099486937423,9.74889217134417
2020-03-30,63,13,63,13,0,0,61,15,625,130,686,145,0,0,2,11,1,0,"Knox County",470313,14.0332076723374,0.0888594164456233,30.8305320074078,2.76411666273312,8.88594164456233
2020-03-29,50,8,50,8,0,0,46,8,495,55,541,63,0,0,1,9,1,1,"Knox County",470313,14.8837051070245,0.0887978142076503,13.395334596322,1.70099486937423,8.87978142076503
2020-03-28,42,7,42,7,0,0,38,6,440,62,478,68,0,0,1,8,0,0,"Knox County",470313,13.1827102376502,0.0974512743628186,14.4584563896809,1.48837051070245,9.74512743628186
2020-03-27,35,2,35,2,0,0,32,2,378,54,410,56,0,0,1,7,0,0,"Knox County",470313,12.7574615203067,0.0956651718983558,11.9069640856196,0.425248717343556,9.56651718983558
2020-03-26,33,7,33,7,0,0,30,7,324,82,354,89,0,0,2,6,0,0,"Knox County",470313,12.7574615203067,0.0992248062015504,18.9235679217883,1.48837051070245,9.92248062015504
2020-03-25,26,6,26,6,0,0,23,7,242,68,265,75,0,0,1,4,0,0,"Knox County",470313,10.8438422922607,0.0991150442477876,15.9468269003834,1.27574615203067,9.91150442477876
2020-03-24,20,7,20,7,0,0,16,7,174,43,190,50,0,0,0,3,0,0,"Knox County",470313,10.6312179335889,0.0952380952380952,10.6312179335889,1.48837051070245,9.52380952380952
2020-03-23,13,4,13,4,0,0,9,4,131,22,140,26,0,0,2,3,0,0,"Knox County",470313,8.7175987055429,0.0960187353629977,5.52823332546623,0.850497434687113,9.60187353629976
2020-03-22,9,2,9,2,0,0,5,0,109,9,114,9,0,0,1,1,0,0,"Knox County",470313,7.44185255351224,0.0884718498659517,1.913619228046,0.425248717343556,8.84718498659517
2020-03-21,7,1,7,1,0,0,5,2,100,17,105,19,0,0,0,0,0,0,"Knox County",470313,6.16610640148157,0.0895061728395062,4.03986281476378,0.212624358671778,8.95061728395062
2020-03-20,6,5,6,5,0,0,3,2,83,38,86,40,0,0,0,0,0,0,"Knox County",470313,6.8039794774969,0.0941558441558442,8.50497434687113,1.06312179335889,9.41558441558442
2020-03-19,1,0,1,0,0,0,1,0,45,11,46,11,0,0,0,0,0,0,"Knox County",470313,5.31560896679445,0.0956521739130435,2.33886794538956,0,9.56521739130435
2020-03-18,1,0,1,0,0,0,1,0,34,15,35,15,0,0,0,0,0,0,"Knox County",470313,4.03986281476378,0.0882352941176471,3.18936538007667,0,8.82352941176471
2020-03-17,1,0,1,0,0,0,1,0,19,5,20,5,0,0,0,0,0,0,"Knox County",470313,2.55149230406134,0.064,1.06312179335889,0,6.4
2020-03-16,1,1,1,1,0,0,1,1,14,3,15,4,0,0,0,0,0,0,"Knox County",470313,1.913619228046,0.0485436893203883,0.850497434687113,0.212624358671778,4.85436893203883
2020-03-15,0,0,0,0,0,0,0,0,11,1,11,1,0,0,0,0,0,0,"Knox County",470313,1.48837051070245,0.0526315789473684,0.212624358671778,0,5.26315789473684
2020-03-14,0,0,0,0,0,0,0,0,10,8,10,8,0,0,0,0,0,0,"Knox County",470313,1.27574615203067,0.0357142857142857,1.70099486937423,0,3.57142857142857
2020-03-13,0,0,0,0,0,0,0,0,2,0,2,0,0,0,0,0,0,0,"Knox County",470313,0.212624358671778,0.0227272727272727,0,0,2.27272727272727
2020-03-12,0,0,0,0,0,0,0,0,2,2,2,2,0,0,0,0,0,0,"Knox County",470313,0.212624358671778,0.0285714285714286,0.425248717343556,0,2.85714285714286
2020-03-12,0,0,0,0,0,0,0,0,0,0,0,0,0,0,0,0,0,0,"Anderson",76978,NA,NA,0,0,NA
2020-03-13,0,0,0,0,0,0,0,0,1,1,1,1,0,0,0,0,0,0,"Anderson",76978,NA,NA,1.29907246226194,0,NA
2020-03-14,0,0,0,0,0,0,0,0,1,0,1,0,0,0,0,0,0,0,"Anderson",76978,NA,NA,0,0,NA
2020-03-15,0,0,0,0,0,0,0,0,1,0,1,0,0,0,0,0,0,0,"Anderson",76978,NA,NA,0,0,NA
2020-03-16,0,0,0,0,0,0,0,0,2,1,2,1,0,0,0,0,0,0,"Anderson",76978,NA,NA,1.29907246226194,0,NA
2020-03-17,0,0,0,0,0,0,0,0,4,2,4,2,0,0,0,0,0,0,"Anderson",76978,NA,NA,2.59814492452389,0,NA
2020-03-18,0,0,0,0,0,0,0,0,4,0,4,0,0,0,0,0,0,0,"Anderson",76978,0,0,0,0,0
2020-03-19,1,1,1,1,0,0,2,2,5,1,7,3,0,0,0,0,0,0,"Anderson",76978,1.29907246226194,0.285714285714286,3.89721738678583,1.29907246226194,28.5714285714286
2020-03-20,1,0,1,0,0,0,2,0,7,2,9,2,0,0,0,0,0,0,"Anderson",76978,1.29907246226194,0.25,2.59814492452389,0,25
2020-03-21,1,0,1,0,0,0,2,0,7,0,9,0,0,0,0,0,0,0,"Anderson",76978,1.29907246226194,0.25,0,0,25
2020-03-22,1,0,1,0,0,0,2,0,10,3,12,3,0,0,0,0,0,0,"Anderson",76978,1.29907246226194,0.181818181818182,3.89721738678583,0,18.1818181818182
2020-03-23,1,0,1,0,0,0,2,0,15,5,17,5,0,0,0,0,0,0,"Anderson",76978,1.29907246226194,0.133333333333333,6.49536231130973,0,13.3333333333333
2020-03-24,1,0,1,0,0,0,2,0,20,5,22,5,0,0,0,0,0,0,"Anderson",76978,1.29907246226194,0.111111111111111,6.49536231130973,0,11.1111111111111
2020-03-25,2,1,2,1,0,0,4,2,29,9,33,11,0,0,0,0,0,0,"Anderson",76978,2.59814492452389,0.137931034482759,14.2897970848814,1.29907246226194,13.7931034482759
2020-03-26,3,1,3,1,0,0,5,1,44,15,49,16,0,0,1,1,0,0,"Anderson",76978,2.59814492452389,0.0714285714285714,20.7851593961911,1.29907246226194,7.14285714285714
2020-03-27,4,1,4,1,0,0,6,1,53,9,59,10,0,0,0,1,0,0,"Anderson",76978,3.89721738678583,0.08,12.9907246226195,1.29907246226194,8
2020-03-28,7,3,7,3,0,0,9,3,72,19,81,22,0,0,1,2,0,0,"Anderson",76978,7.79443477357167,0.0972222222222222,28.5795941697628,3.89721738678583,9.72222222222222
2020-03-29,7,0,7,0,0,0,9,0,83,11,92,11,0,0,0,2,0,0,"Anderson",76978,7.79443477357167,0.0875,14.2897970848814,0,8.75
2020-03-30,8,1,8,1,0,0,10,1,127,44,137,45,0,0,0,2,0,0,"Anderson",76978,9.09350723583361,0.0666666666666667,58.4582608017875,1.29907246226194,6.66666666666667
2020-03-31,9,1,9,1,0,0,11,1,142,15,153,16,0,0,0,2,0,0,"Anderson",76978,10.3925796980956,0.0687022900763359,20.7851593961911,1.29907246226194,6.87022900763359
2020-04-01,9,0,9,0,0,0,11,0,163,21,174,21,0,0,0,2,0,0,"Anderson",76978,9.09350723583361,0.049645390070922,27.2805217075008,0,4.9645390070922
2020-04-02,9,0,9,0,0,0,11,0,179,16,190,16,0,0,0,2,0,0,"Anderson",76978,7.79443477357167,0.0425531914893617,20.7851593961911,0,4.25531914893617
2020-04-03,9,0,9,0,0,0,11,0,192,13,203,13,0,0,0,2,0,0,"Anderson",76978,6.49536231130972,0.0347222222222222,16.8879420094053,0,3.47222222222222
2020-04-04,9,0,9,0,0,0,11,0,219,27,230,27,0,0,0,2,0,0,"Anderson",76978,2.59814492452389,0.0134228187919463,35.0749564810725,0,1.34228187919463
2020-04-05,9,0,9,0,0,0,11,0,248,29,259,29,0,0,0,2,0,0,"Anderson",76978,2.59814492452389,0.0119760479041916,37.6731014055964,0,1.19760479041916
2020-04-06,9,0,9,0,0,0,11,0,262,14,273,14,0,0,0,2,0,0,"Anderson",76978,1.29907246226194,0.00735294117647059,18.1870144716672,0,0.735294117647059
2020-04-07,10,1,10,1,0,0,12,1,304,42,316,43,0,0,0,2,0,0,"Anderson",76978,1.29907246226194,0.00613496932515337,55.8601158772636,1.29907246226194,0.613496932515337
2020-04-08,10,0,10,0,0,0,12,0,322,18,334,18,1,1,0,2,1,1,"Anderson",76978,1.29907246226194,0.00625,23.383304320715,0,0.625
2020-04-09,10,0,10,0,0,0,12,0,350,28,362,28,0,1,0,2,1,0,"Anderson",76978,1.29907246226194,0.00581395348837209,36.3740289433345,0,0.581395348837209
2020-04-10,10,0,10,0,0,0,12,0,366,16,378,16,0,1,0,2,1,0,"Anderson",76978,1.29907246226194,0.00571428571428571,20.7851593961911,0,0.571428571428571
2020-04-11,10,0,10,0,0,0,12,0,439,73,451,73,0,1,0,2,1,0,"Anderson",76978,1.29907246226194,0.00452488687782805,94.832289745122,0,0.452488687782805
2020-04-12,12,2,12,2,0,0,14,2,477,38,491,40,0,1,0,2,1,0,"Anderson",76978,3.89721738678583,0.0129310344827586,51.9628984904778,2.59814492452389,1.29310344827586
2020-04-13,13,1,13,1,0,0,15,1,514,37,529,38,0,1,0,2,1,0,"Anderson",76978,5.19628984904778,0.015625,49.3647535659539,1.29907246226194,1.5625
2020-04-14,13,0,13,0,0,0,15,0,526,12,541,12,0,1,0,2,1,0,"Anderson",76978,3.89721738678583,0.0133333333333333,15.5888695471433,0,1.33333333333333
2020-04-15,13,0,13,0,0,0,15,0,544,18,559,18,0,1,0,2,1,0,"Anderson",76978,3.89721738678583,0.0133333333333333,23.383304320715,0,1.33333333333333
2020-04-16,13,0,13,0,0,0,15,0,566,22,581,22,0,1,0,2,1,0,"Anderson",76978,3.89721738678583,0.0136986301369863,28.5795941697628,0,1.36986301369863
2020-04-17,13,0,13,0,0,0,15,0,586,20,601,20,0,1,0,2,1,0,"Anderson",76978,3.89721738678583,0.0134529147982063,25.9814492452389,0,1.34529147982063
2020-04-18,13,0,13,0,0,0,15,0,616,30,631,30,0,1,0,2,1,0,"Anderson",76978,3.89721738678583,0.0166666666666667,38.9721738678584,0,1.66666666666667
2020-04-19,14,1,14,1,0,0,16,1,628,12,644,13,0,1,0,2,1,0,"Anderson",76978,2.59814492452389,0.0130718954248366,16.8879420094053,1.29907246226194,1.30718954248366
2020-04-20,19,5,18,4,1,1,19,3,648,20,667,23,0,1,0,2,1,0,"Anderson",76978,7.79443477357167,0.0289855072463768,29.8786666320247,6.49536231130973,2.89855072463768
2020-04-21,20,1,19,1,1,0,22,3,1071,423,1093,426,0,1,0,2,1,0,"Anderson",76978,9.09350723583361,0.0126811594202899,553.404868923589,1.29907246226194,1.26811594202899
2020-04-22,21,1,20,1,1,0,24,2,1141,70,1165,72,0,1,0,2,1,0,"Anderson",76978,10.3925796980956,0.0148514851485149,93.53321728286,1.29907246226194,1.48514851485149
2020-04-23,21,0,20,0,1,0,24,0,1191,50,1215,50,0,1,0,2,1,0,"Anderson",76978,10.3925796980956,0.0141955835962145,64.9536231130973,0,1.41955835962145
2020-04-24,22,1,21,1,1,0,25,1,1299,108,1324,109,0,1,0,2,1,0,"Anderson",76978,11.6916521603575,0.0138312586445367,141.598898386552,1.29907246226194,1.38312586445367
2020-04-25,22,0,21,0,1,0,25,0,1336,37,1361,37,0,1,0,2,1,0,"Anderson",76978,11.6916521603575,0.0136986301369863,48.065681103692,0,1.36986301369863
2020-04-26,22,0,21,0,1,0,25,0,1372,36,1397,36,0,1,0,2,1,0,"Anderson",76978,10.3925796980956,0.0119521912350598,46.76660864143,0,1.19521912350598
2020-04-27,22,0,21,0,1,0,25,0,1411,39,1436,39,0,1,0,2,1,0,"Anderson",76978,3.89721738678583,0.00780234070221066,50.6638260282159,0,0.780234070221066
2020-04-28,22,0,21,0,1,0,25,0,1690,279,1715,279,0,1,0,2,1,0,"Anderson",76978,2.59814492452389,0.00482315112540193,362.441216971083,0,0.482315112540193
2020-04-29,26,4,25,4,1,0,28,3,2068,378,2096,381,0,1,0,2,1,0,"Anderson",76978,6.49536231130972,0.00429645542427497,494.946608121801,5.19628984904778,0.429645542427497
2020-04-30,26,0,25,0,1,0,29,1,2100,32,2129,33,0,1,0,2,1,0,"Anderson",76978,6.49536231130972,0.00547045951859956,42.8693912546442,0,0.547045951859956
2020-05-01,26,0,25,0,1,0,29,0,2152,52,2181,52,0,1,0,2,1,0,"Anderson",76978,5.19628984904778,0.00466744457409568,67.5517680376211,0,0.466744457409568
2020-05-02,26,0,25,0,1,0,29,0,2219,67,2248,67,0,1,0,2,1,0,"Anderson",76978,5.19628984904778,0.00450958286358512,87.0378549715503,0,0.450958286358512
2020-05-03,27,1,26,1,1,0,30,1,2312,93,2342,94,0,1,0,2,1,0,"Anderson",76978,6.49536231130972,0.00529100529100529,122.112811452623,1.29907246226194,0.529100529100529
2020-05-04,27,0,26,0,1,0,30,0,2404,92,2434,92,0,1,0,2,1,0,"Anderson",76978,6.49536231130972,0.00501002004008016,119.514666528099,0,0.501002004008016
2020-05-05,28,1,27,1,1,0,30,0,2473,69,2503,69,0,1,0,2,1,0,"Anderson",76978,7.79443477357167,0.00634517766497462,89.6359998960742,1.29907246226194,0.634517766497462
2020-05-06,30,2,29,2,1,0,31,1,2523,50,2554,51,0,1,0,2,1,0,"Anderson",76978,5.19628984904778,0.00655021834061135,66.2526955753592,2.59814492452389,0.655021834061135
2020-05-07,30,0,29,0,1,0,33,2,2595,72,2628,74,0,1,0,2,1,0,"Anderson",76978,5.19628984904778,0.00801603206412826,96.1313622073839,0,0.801603206412826
2020-05-08,30,0,29,0,1,0,33,0,2650,55,2683,55,0,1,0,2,1,0,"Anderson",76978,5.19628984904778,0.00796812749003984,71.448985424407,0,0.796812749003984
2020-05-09,30,0,29,0,1,0,33,0,2732,82,2765,82,0,1,0,2,1,0,"Anderson",76978,5.19628984904778,0.00773694390715667,106.523941905479,0,0.773694390715667
2020-05-10,30,0,29,0,1,0,33,0,2825,93,2858,93,0,1,0,2,1,0,"Anderson",76978,3.89721738678583,0.00581395348837209,120.813738990361,0,0.581395348837209
2020-05-11,32,2,31,2,1,0,33,0,2907,82,2940,82,0,1,0,2,1,0,"Anderson",76978,6.49536231130972,0.00592885375494071,106.523941905479,2.59814492452389,0.592885375494071
2020-05-12,33,1,32,1,1,0,35,2,3040,133,3075,135,0,1,0,2,1,0,"Anderson",76978,6.49536231130972,0.00874125874125874,175.374782405363,1.29907246226194,0.874125874125874
2020-05-13,35,2,34,2,1,0,38,3,3218,178,3256,181,0,1,1,3,1,0,"Anderson",76978,6.49536231130972,0.00997150997150997,235.132115669412,2.59814492452389,0.997150997150997
2020-05-14,35,0,34,0,1,0,39,1,3344,126,3383,127,0,1,0,3,1,0,"Anderson",76978,6.49536231130972,0.00794701986754967,164.982202707267,0,0.794701986754967
2020-05-15,36,1,35,1,1,0,39,0,3415,71,3454,71,0,1,0,3,1,0,"Anderson",76978,7.79443477357167,0.00778210116731518,92.2341448205981,1.29907246226194,0.778210116731518
2020-05-16,36,0,35,0,1,0,41,2,3655,240,3696,242,0,1,0,3,1,0,"Anderson",76978,7.79443477357167,0.00859291084854995,314.375535867391,0,0.859291084854995
2020-05-17,36,0,35,0,1,0,41,0,3725,70,3766,70,0,1,0,3,1,0,"Anderson",76978,7.79443477357167,0.00881057268722467,90.9350723583361,0,0.881057268722467
2020-05-18,37,1,36,1,1,0,42,1,3802,77,3844,78,0,1,0,3,1,0,"Anderson",76978,6.49536231130972,0.00995575221238938,101.327652056432,1.29907246226194,0.995575221238938
2020-05-19,37,0,36,0,1,0,42,0,3854,52,3896,52,0,1,0,3,1,0,"Anderson",76978,5.19628984904778,0.00852618757612668,67.5517680376211,0,0.852618757612667
2020-05-20,37,0,36,0,1,0,43,1,3919,65,3962,66,0,1,0,3,1,0,"Anderson",76978,2.59814492452389,0.00708215297450425,85.7387825092884,0,0.708215297450425
2020-05-21,37,0,36,0,1,0,44,1,3999,80,4043,81,0,1,0,3,1,0,"Anderson",76978,2.59814492452389,0.00757575757575758,105.224869443218,0,0.757575757575758
2020-05-22,38,1,37,1,1,0,45,1,4027,28,4072,29,0,1,1,4,1,0,"Anderson",76978,2.59814492452389,0.00970873786407767,37.6731014055964,1.29907246226194,0.970873786407767
2020-05-23,38,0,37,0,1,0,46,1,4190,163,4236,164,0,1,0,4,1,0,"Anderson",76978,2.59814492452389,0.00925925925925926,213.047883810959,0,0.925925925925926
2020-05-24,38,0,37,0,1,0,46,0,4245,55,4291,55,0,1,0,4,1,0,"Anderson",76978,2.59814492452389,0.00952380952380952,71.448985424407,0,0.952380952380952
2020-05-25,38,0,37,0,1,0,47,1,4279,34,4326,35,0,1,0,4,1,0,"Anderson",76978,1.29907246226194,0.0103734439834025,45.4675361791681,0,1.03734439834025
2020-05-26,38,0,37,0,1,0,47,0,4410,131,4457,131,0,1,0,4,1,0,"Anderson",76978,1.29907246226194,0.0089126559714795,170.178492556315,0,0.89126559714795
2020-05-27,38,0,37,0,1,0,47,0,4513,103,4560,103,0,1,0,4,1,0,"Anderson",76978,1.29907246226194,0.00668896321070234,133.80446361298,0,0.668896321070234
2020-05-28,38,0,37,0,1,0,47,0,4561,48,4608,48,0,1,0,4,1,0,"Anderson",76978,1.29907246226194,0.00530973451327434,62.3554781885734,0,0.530973451327434
2020-05-29,39,1,38,1,1,0,47,0,4611,50,4658,50,0,1,0,4,1,0,"Anderson",76978,1.29907246226194,0.00341296928327645,64.9536231130973,1.29907246226194,0.341296928327645
2020-05-30,39,0,38,0,1,0,48,1,4663,52,4711,53,0,1,0,4,1,0,"Anderson",76978,1.29907246226194,0.00421052631578947,68.8508404998831,0,0.421052631578947
2020-05-31,40,1,39,1,1,0,49,1,4729,66,4778,67,0,1,0,4,1,0,"Anderson",76978,2.59814492452389,0.00616016427104723,87.0378549715503,1.29907246226194,0.616016427104723
2020-06-01,40,0,39,0,1,0,49,0,4853,124,4902,124,0,1,0,4,1,0,"Anderson",76978,2.59814492452389,0.00347222222222222,161.084985320481,0,0.347222222222222
2020-06-02,40,0,39,0,1,0,49,0,4980,127,5029,127,0,1,0,4,1,0,"Anderson",76978,2.59814492452389,0.0034965034965035,164.982202707267,0,0.34965034965035
2020-06-03,41,1,40,1,1,0,50,1,5040,60,5090,61,0,1,0,4,2,1,"Anderson",76978,3.89721738678583,0.00566037735849057,79.2434201979787,1.29907246226194,0.566037735849057
2020-06-04,41,0,40,0,1,0,50,0,5088,48,5138,48,1,2,0,4,2,0,"Anderson",76978,3.89721738678583,0.00566037735849057,62.3554781885734,0,0.566037735849057
2020-06-05,42,1,41,1,1,0,53,3,5145,57,5198,60,0,2,0,4,2,0,"Anderson",76978,3.89721738678583,0.0111111111111111,77.9443477357167,1.29907246226194,1.11111111111111
2020-06-06,43,1,42,1,1,0,54,1,5198,53,5252,54,0,2,0,4,2,0,"Anderson",76978,5.19628984904778,0.011090573012939,70.149912962145,1.29907246226194,1.1090573012939
2020-06-07,45,2,43,1,2,1,57,3,5293,95,5350,98,0,2,0,4,2,0,"Anderson",76978,6.49536231130972,0.013986013986014,127.309101301671,2.59814492452389,1.3986013986014
2020-06-08,46,1,44,1,2,0,57,0,5334,41,5391,41,0,2,0,4,2,0,"Anderson",76978,7.79443477357167,0.016359918200409,53.2619709527397,1.29907246226194,1.6359918200409
2020-06-09,47,1,45,1,2,0,60,3,5515,181,5575,184,0,2,0,4,2,0,"Anderson",76978,9.09350723583361,0.0201465201465201,239.029333056198,1.29907246226194,2.01465201465201
2020-06-10,52,5,50,5,2,0,63,3,5723,208,5786,211,0,2,0,4,2,0,"Anderson",76978,14.2897970848814,0.0186781609195402,274.10428953727,6.49536231130973,1.86781609195402
2020-06-11,55,3,53,3,2,0,66,3,5868,145,5934,148,0,2,1,5,2,0,"Anderson",76978,18.1870144716672,0.0201005025125628,192.262724414768,3.89721738678583,2.01005025125628
2020-06-12,57,2,55,2,2,0,70,4,5950,82,6020,86,0,2,0,5,2,0,"Anderson",76978,19.4860869339292,0.0206812652068127,111.720231754527,2.59814492452389,2.06812652068127
2020-06-13,58,1,55,0,3,1,70,0,5993,43,6063,43,0,2,0,5,2,0,"Anderson",76978,19.4860869339292,0.0197287299630086,55.8601158772636,1.29907246226194,1.97287299630086
2020-06-14,60,2,57,2,3,0,70,0,6168,175,6238,175,0,2,1,6,2,0,"Anderson",76978,19.4860869339292,0.0146396396396396,227.33768089584,2.59814492452389,1.46396396396396
2020-06-15,60,0,57,0,3,0,71,1,6226,58,6297,59,0,2,0,6,2,0,"Anderson",76978,18.1870144716672,0.0154525386313466,76.6452752734548,0,1.54525386313466
2020-06-16,64,4,61,4,3,0,75,4,6287,61,6362,65,0,2,0,6,2,0,"Anderson",76978,22.0842318584531,0.0190597204574333,84.4397100470264,5.19628984904778,1.90597204574333
2020-06-17,66,2,63,2,3,0,79,4,6324,37,6403,41,0,2,0,6,2,0,"Anderson",76978,18.1870144716672,0.0259319286871961,53.2619709527397,2.59814492452389,2.59319286871961
2020-06-18,70,4,67,4,3,0,84,5,6454,130,6538,135,0,2,0,6,2,0,"Anderson",76978,19.4860869339292,0.0298013245033113,175.374782405363,5.19628984904778,2.98013245033113
2020-06-19,72,2,69,2,3,0,86,2,6519,65,6605,67,0,2,0,6,2,0,"Anderson",76978,19.4860869339292,0.0273504273504274,87.0378549715503,2.59814492452389,2.73504273504274
2020-06-20,73,1,70,1,3,0,87,1,6557,38,6644,39,0,2,0,6,2,0,"Anderson",76978,19.4860869339292,0.0292598967297762,50.6638260282159,1.29907246226194,2.92598967297762
2020-06-21,74,1,71,1,3,0,88,1,6617,60,6705,61,0,2,0,6,2,0,"Anderson",76978,18.1870144716672,0.0385438972162741,79.2434201979787,1.29907246226194,3.85438972162741
2020-06-22,76,2,73,2,3,0,90,2,6709,92,6799,94,0,2,1,7,2,0,"Anderson",76978,20.7851593961911,0.0378486055776892,122.112811452623,2.59814492452389,3.78486055776892
2020-06-23,76,0,73,0,3,0,90,0,6798,89,6888,89,0,2,0,7,2,0,"Anderson",76978,15.5888695471433,0.0285171102661597,115.617449141313,0,2.85171102661597
2020-06-24,77,1,74,1,3,0,91,1,6829,31,6920,32,0,2,0,7,2,0,"Anderson",76978,14.2897970848814,0.02321083172147,41.5703187923822,1.29907246226194,2.321083172147
2020-06-25,81,4,78,4,3,0,92,1,6942,113,7034,114,0,2,0,7,2,0,"Anderson",76978,14.2897970848814,0.0161290322580645,148.094260697862,5.19628984904778,1.61290322580645
2020-06-26,86,5,83,5,3,0,98,6,6970,28,7068,34,0,2,0,7,2,0,"Anderson",76978,18.1870144716672,0.0259179265658747,44.1684637169061,6.49536231130973,2.59179265658747
2020-06-27,87,1,83,0,4,1,98,0,6982,12,7080,12,0,2,0,7,2,0,"Anderson",76978,18.1870144716672,0.0252293577981651,15.5888695471433,1.29907246226194,2.52293577981651
2020-06-28,91,4,87,4,4,0,106,8,7091,109,7197,117,0,2,0,7,2,0,"Anderson",76978,22.0842318584531,0.0365853658536585,151.991478084648,5.19628984904778,3.65853658536585
2020-06-29,97,6,92,5,5,1,114,8,7313,222,7427,230,0,2,1,8,2,0,"Anderson",76978,27.2805217075008,0.0382165605095541,298.786666320247,7.79443477357167,3.82165605095541
2020-06-30,102,5,96,4,6,1,120,6,7477,164,7597,170,0,2,0,8,2,0,"Anderson",76978,33.7758840188106,0.0423131170662905,220.842318584531,6.49536231130973,4.23131170662905
2020-07-01,104,2,98,2,6,0,124,4,7598,121,7722,125,0,2,0,8,2,0,"Anderson",76978,35.0749564810725,0.0411471321695761,162.384057782743,2.59814492452389,4.11471321695761
2020-07-02,110,6,104,6,6,0,130,6,7837,239,7967,245,0,2,0,8,2,0,"Anderson",76978,37.6731014055964,0.0407288317256163,318.272753254177,7.79443477357167,4.07288317256163
2020-07-03,120,10,113,9,7,1,142,12,7961,124,8103,136,0,2,0,8,2,0,"Anderson",76978,44.1684637169061,0.042512077294686,176.673854867625,12.9907246226195,4.2512077294686
2020-07-04,131,11,124,11,7,0,156,14,8145,184,8301,198,0,2,2,10,2,0,"Anderson",76978,57.1591883395256,0.0475020475020475,257.216347527865,14.2897970848814,4.75020475020475
2020-07-05,140,9,133,9,7,0,169,13,8301,156,8470,169,0,2,1,11,2,0,"Anderson",76978,63.6545506508353,0.0494893951296151,219.543246122269,11.6916521603575,4.94893951296151
2020-07-06,141,1,134,1,7,0,170,1,8328,27,8498,28,0,2,0,11,2,0,"Anderson",76978,57.1591883395256,0.0522875816993464,36.3740289433345,1.29907246226194,5.22875816993464
2020-07-07,157,16,150,16,7,0,190,20,8561,233,8751,253,0,2,0,11,2,0,"Anderson",76978,71.448985424407,0.0606585788561525,328.665332952272,20.7851593961911,6.06585788561525
2020-07-08,173,16,165,15,8,1,206,16,8701,140,8907,156,0,2,0,11,2,0,"Anderson",76978,89.6359998960742,0.0691983122362869,202.655304112863,20.7851593961911,6.91983122362869
2020-07-09,187,14,179,14,8,0,220,14,8969,268,9189,282,0,2,0,11,2,0,"Anderson",76978,100.02857959417,0.0736497545008183,366.338434357868,18.1870144716672,7.36497545008183
2020-07-10,193,6,185,6,8,0,227,7,8999,30,9226,37,0,2,1,12,2,0,"Anderson",76978,94.832289745122,0.0756901157613535,48.065681103692,7.79443477357167,7.56901157613535
2020-07-11,201,8,193,8,8,0,235,8,9168,169,9403,177,0,2,1,13,2,0,"Anderson",76978,90.9350723583361,0.0716878402903811,229.935825820364,10.3925796980956,7.16878402903811
2020-07-12,212,11,204,11,8,0,248,13,9351,183,9599,196,0,2,0,13,2,0,"Anderson",76978,93.53321728286,0.0699734278122232,254.618202603341,14.2897970848814,6.99734278122232
2020-07-13,218,6,209,5,9,1,255,7,9390,39,9645,46,0,2,2,15,2,0,"Anderson",76978,100.02857959417,0.0741063644289451,59.7573332640495,7.79443477357167,7.41063644289451
2020-07-14,229,11,219,10,10,1,266,11,9530,140,9796,151,0,2,0,15,2,0,"Anderson",76978,93.53321728286,0.0727272727272727,196.159941801554,14.2897970848814,7.27272727272727
2020-07-15,245,16,234,15,11,1,285,19,9632,102,9917,121,0,2,0,15,2,0,"Anderson",76978,93.53321728286,0.0782178217821782,157.187767933695,20.7851593961911,7.82178217821782
2020-07-16,263,18,252,18,11,0,308,23,9921,289,10229,312,0,2,1,16,2,0,"Anderson",76978,98.7295071319078,0.0846153846153846,405.310608225727,23.383304320715,8.46153846153846
2020-07-17,270,7,259,7,11,0,317,9,9992,71,10309,80,0,2,1,17,3,1,"Anderson",76978,100.02857959417,0.0831024930747922,103.925796980956,9.09350723583361,8.31024930747922
2020-07-18,277,7,266,7,11,0,328,11,10206,214,10534,225,0,2,0,17,3,0,"Anderson",76978,98.7295071319078,0.0822281167108753,292.291304008938,9.09350723583361,8.22281167108753
2020-07-19,285,8,274,8,11,0,337,9,10287,81,10624,90,0,2,2,19,3,0,"Anderson",76978,94.832289745122,0.0868292682926829,116.916521603575,10.3925796980956,8.68292682926829
2020-07-20,313,28,302,28,11,0,367,30,10456,169,10823,199,1,3,0,19,3,0,"Anderson",76978,123.411883914885,0.0950764006791171,258.515419990127,36.3740289433345,9.50764006791171
2020-07-21,336,23,324,22,12,1,391,24,10748,292,11139,316,0,3,1,20,3,0,"Anderson",76978,139.000753462028,0.0930752047654505,410.506898074775,29.8786666320247,9.30752047654505
2020-07-22,365,29,353,29,12,0,424,33,10883,135,11307,168,0,3,0,20,3,0,"Anderson",76978,155.888695471433,0.1,218.244173660007,37.6731014055964,10
2020-07-23,388,23,376,23,12,0,455,31,11310,427,11765,458,0,3,2,22,3,0,"Anderson",76978,162.384057782743,0.095703125,594.975187715971,29.8786666320247,9.5703125
2020-07-24,394,6,382,6,12,0,463,8,11422,112,11885,120,0,3,0,22,4,1,"Anderson",76978,161.084985320481,0.0926395939086294,155.888695471433,7.79443477357167,9.26395939086294
2020-07-25,426,32,413,31,13,1,499,36,11679,257,12178,293,1,4,1,23,4,0,"Anderson",76978,193.56179687703,0.104014598540146,380.62823144275,41.5703187923822,10.4014598540146
2020-07-26,465,39,451,38,14,1,541,42,12082,403,12623,445,0,4,2,25,4,0,"Anderson",76978,233.83304320715,0.102051025512756,578.087245706565,50.6638260282159,10.2051025512756
2020-07-27,483,18,468,17,15,1,562,21,12262,180,12824,201,0,4,1,26,4,0,"Anderson",76978,220.842318584531,0.0974512743628186,261.113564914651,23.383304320715,9.74512743628186
2020-07-28,523,40,508,40,15,0,608,46,12642,380,13250,426,0,4,1,27,5,1,"Anderson",76978,242.926550442984,0.10279488394126,553.404868923589,51.9628984904778,10.279488394126
2020-07-29,527,4,512,4,15,0,612,4,12678,36,13290,40,1,5,0,27,5,0,"Anderson",76978,210.449738886435,0.0948058497226425,51.9628984904778,5.19628984904778,9.48058497226425
2020-07-30,564,37,549,37,15,0,666,54,13163,485,13829,539,0,5,0,27,5,0,"Anderson",76978,228.636753358102,0.102228682170543,700.200057159188,48.065681103692,10.2228682170543
2020-07-31,576,12,561,12,15,0,680,14,13345,182,14025,196,0,5,0,27,5,0,"Anderson",76978,236.431188131674,0.101401869158878,254.618202603341,15.5888695471433,10.1401869158878
2020-08-01,599,23,584,23,15,0,705,25,13754,409,14459,434,0,5,1,28,5,0,"Anderson",76978,224.739535971316,0.0903112669881631,563.797448621684,29.8786666320247,9.03112669881631
2020-08-02,606,7,591,7,15,0,712,7,13882,128,14594,135,0,5,1,29,6,1,"Anderson",76978,183.169217178934,0.0867579908675799,175.374782405363,9.09350723583361,8.67579908675799
2020-08-03,631,25,615,24,16,1,743,31,14109,227,14852,258,0,5,0,29,6,0,"Anderson",76978,192.262724414768,0.0892504930966469,335.160695263582,32.4768115565486,8.92504930966469
2020-08-04,638,7,622,7,16,0,751,8,14352,243,15103,251,2,7,0,29,6,0,"Anderson",76978,149.393333160124,0.0771721532649757,326.067188027748,9.09350723583361,7.71721532649757
2020-08-05,653,15,637,15,16,0,770,19,14561,209,15331,228,-1,6,0,29,6,0,"Anderson",76978,163.683130245005,0.0774130328270456,296.188521395723,19.4860869339292,7.74130328270456
2020-08-06,675,22,659,22,16,0,800,30,14882,321,15682,351,0,6,1,30,6,0,"Anderson",76978,144.197043311076,0.0723151645979493,455.974434253943,28.5795941697628,7.23151645979493
2020-08-07,679,4,663,4,16,0,804,4,14963,81,15767,85,0,6,0,30,6,0,"Anderson",76978,133.80446361298,0.0711825487944891,110.421159292265,5.19628984904778,7.11825487944891
2020-08-08,690,11,674,11,16,0,820,16,15283,320,16103,336,0,6,0,30,6,0,"Anderson",76978,118.215594065837,0.0699513381995134,436.488347320014,14.2897970848814,6.99513381995134
2020-08-09,697,7,681,7,16,0,829,9,15420,137,16249,146,0,6,0,30,6,0,"Anderson",76978,118.215594065837,0.0706948640483384,189.664579490244,9.09350723583361,7.06948640483384
2020-08-10,702,5,686,5,16,0,835,6,15559,139,16394,145,0,6,0,30,6,0,"Anderson",76978,92.2341448205981,0.059662775616083,188.365507027982,6.49536231130973,5.9662775616083
2020-08-11,723,21,707,21,16,0,857,22,15762,203,16619,225,0,6,1,31,6,0,"Anderson",76978,110.421159292265,0.0699208443271768,292.291304008938,27.2805217075008,6.99208443271768
2020-08-12,731,8,715,8,16,0,865,8,16001,239,16866,247,0,6,0,31,6,0,"Anderson",76978,101.327652056432,0.0618892508143322,320.8708981787,10.3925796980956,6.18892508143322
2020-08-13,749,18,733,18,16,0,889,24,16229,228,17118,252,1,7,2,33,6,0,"Anderson",76978,96.1313622073839,0.0619777158774373,327.36626049001,23.383304320715,6.19777158774373
2020-08-14,766,17,749,16,17,1,911,22,16558,329,17469,351,0,7,0,33,6,0,"Anderson",76978,113.019304216789,0.0628672150411281,455.974434253943,22.0842318584531,6.28672150411281
2020-08-15,776,10,759,10,17,0,923,12,16781,223,17704,235,-1,6,0,33,6,0,"Anderson",76978,111.720231754527,0.0643347907557776,305.282028631557,12.9907246226195,6.43347907557776
2020-08-16,788,12,771,12,17,0,937,14,16923,142,17860,156,0,6,0,33,7,1,"Anderson",76978,118.215594065837,0.0670391061452514,202.655304112863,15.5888695471433,6.70391061452514
2020-08-17,792,4,775,4,17,0,940,3,16966,43,17906,46,0,6,0,33,7,0,"Anderson",76978,116.916521603575,0.0694444444444444,59.7573332640495,5.19628984904778,6.94444444444444
2020-08-18,806,14,789,14,17,0,957,17,17129,163,18086,180,0,6,0,33,7,0,"Anderson",76978,107.823014367741,0.0681663258350375,233.83304320715,18.1870144716672,6.81663258350375
2020-08-19,820,14,803,14,17,0,971,14,17303,174,18274,188,0,6,0,33,7,0,"Anderson",76978,115.617449141313,0.0752840909090909,244.225622905246,18.1870144716672,7.52840909090909
2020-08-20,835,15,818,15,17,0,987,16,17745,442,18732,458,0,6,0,33,8,1,"Anderson",76978,111.720231754527,0.0607187112763321,594.975187715971,19.4860869339292,6.07187112763321
2020-08-21,838,3,821,3,17,0,990,3,17781,36,18771,39,1,7,0,33,8,0,"Anderson",76978,93.53321728286,0.0606758832565284,50.6638260282159,3.89721738678583,6.06758832565284
2020-08-22,856,18,839,18,17,0,1009,19,18325,544,19334,563,1,8,1,34,8,0,"Anderson",76978,103.925796980956,0.052760736196319,731.377796253475,23.383304320715,5.2760736196319
2020-08-23,857,1,840,1,17,0,1010,1,18409,84,19419,85,0,8,0,34,8,0,"Anderson",76978,89.6359998960742,0.0468248877485568,110.421159292265,1.29907246226194,4.68248877485568
2020-08-24,858,1,840,0,18,1,1010,0,18448,39,19458,39,0,8,0,34,8,0,"Anderson",76978,85.7387825092884,0.0451030927835052,50.6638260282159,1.29907246226194,4.51030927835052
2020-08-25,866,8,848,8,18,0,1018,8,18600,152,19618,160,0,8,1,35,8,0,"Anderson",76978,77.9443477357167,0.0398172323759791,207.851593961911,10.3925796980956,3.98172323759791
2020-08-26,872,6,854,6,18,0,1024,6,18780,180,19804,186,0,8,0,35,8,0,"Anderson",76978,67.5517680376211,0.034640522875817,241.627477980722,7.79443477357167,3.4640522875817
2020-08-27,875,3,857,3,18,0,1027,3,19191,411,20218,414,0,8,0,35,8,0,"Anderson",76978,51.9628984904778,0.0269179004037685,537.815999376445,3.89721738678583,2.69179004037685
2020-08-28,875,0,857,0,18,0,1027,0,19229,38,20256,38,0,8,0,35,8,0,"Anderson",76978,48.065681103692,0.0249158249158249,49.3647535659539,0,2.49158249158249
2020-08-29,884,9,865,8,19,1,1035,8,19491,262,20526,270,0,8,0,35,8,0,"Anderson",76978,36.3740289433345,0.0218120805369128,350.749564810725,11.6916521603575,2.18120805369128
2020-08-30,900,16,881,16,19,0,1051,16,19574,83,20625,99,0,8,0,35,8,0,"Anderson",76978,55.8601158772636,0.0339966832504146,128.608173763933,20.7851593961911,3.39966832504146
2020-08-31,902,2,883,2,19,0,1053,2,19632,58,20685,60,0,8,0,35,8,0,"Anderson",76978,57.1591883395256,0.0350448247758761,77.9443477357167,2.59814492452389,3.50448247758761
2020-09-01,909,7,889,6,20,1,1059,6,19743,111,20802,117,0,8,0,35,8,0,"Anderson",76978,55.8601158772636,0.0346283783783784,151.991478084648,9.09350723583361,3.46283783783784
2020-09-02,917,8,895,6,22,2,1069,10,20059,316,21128,326,0,8,0,35,8,0,"Anderson",76978,58.4582608017875,0.033987915407855,423.497622697394,10.3925796980956,3.3987915407855
2020-09-03,933,16,909,14,24,2,1085,16,20383,324,21468,340,0,8,0,35,9,1,"Anderson",76978,75.3462028111928,0.0464,441.684637169061,20.7851593961911,4.64
2020-09-04,942,9,917,8,25,1,1095,10,20572,189,21667,199,0,8,0,35,9,0,"Anderson",76978,87.0378549715503,0.0481927710843374,258.515419990127,11.6916521603575,4.81927710843374
2020-09-05,961,19,936,19,25,0,1116,21,20841,269,21957,290,0,8,1,36,10,1,"Anderson",76978,100.02857959417,0.0566037735849057,376.731014055964,24.682376782977,5.66037735849057
2020-09-06,963,2,938,2,25,0,1118,2,20897,56,22015,58,0,8,0,36,10,0,"Anderson",76978,81.8415651225025,0.0482014388489209,75.3462028111928,2.59814492452389,4.82014388489209
2020-09-07,966,3,941,3,25,0,1123,5,20985,88,22108,93,0,8,0,36,10,0,"Anderson",76978,83.1406375847645,0.0491918482080112,120.813738990361,3.89721738678583,4.91918482080112
2020-09-08,975,9,944,3,31,6,1127,4,21160,175,22287,179,1,9,0,36,10,0,"Anderson",76978,85.7387825092884,0.0457912457912458,232.533970744888,11.6916521603575,4.57912457912458
2020-09-09,984,9,953,9,31,0,1136,9,21401,241,22537,250,0,9,1,37,11,1,"Anderson",76978,87.0378549715503,0.0475514549325763,324.768115565486,11.6916521603575,4.75514549325763
2020-09-10,1013,29,981,28,32,1,1166,30,21770,369,22936,399,1,10,0,37,11,0,"Anderson",76978,103.925796980956,0.0551771117166213,518.329912442516,37.6731014055964,5.51771117166213
2020-09-11,1014,1,982,1,32,0,1168,2,21903,133,23071,135,0,10,0,37,11,0,"Anderson",76978,93.53321728286,0.051994301994302,175.374782405363,1.29907246226194,5.1994301994302
2020-09-12,1017,3,985,3,32,0,1173,5,22045,142,23218,147,0,10,0,37,11,0,"Anderson",76978,72.7480578866689,0.0452022204599524,190.963651952506,3.89721738678583,4.52022204599524
2020-09-13,1038,21,1005,20,33,1,1194,21,22289,244,23483,265,0,10,1,38,11,0,"Anderson",76978,97.4304346696459,0.0517711171662125,344.254202499415,27.2805217075008,5.17711171662125
2020-09-14,1044,6,1010,5,34,1,1200,6,22395,106,23595,112,0,10,1,39,11,0,"Anderson",76978,101.327652056432,0.0517821116341627,145.496115773338,7.79443477357167,5.17821116341627
2020-09-15,1060,16,1026,16,34,0,1217,17,22635,240,23852,257,1,11,1,40,12,1,"Anderson",76978,110.421159292265,0.0575079872204473,333.86162280132,20.7851593961911,5.75079872204473
2020-09-16,1068,8,1034,8,34,0,1229,12,22771,136,24000,148,0,11,0,40,12,0,"Anderson",76978,109.122086830003,0.063568010936432,192.262724414768,10.3925796980956,6.3568010936432
2020-09-17,1090,22,1054,20,36,2,1249,20,23192,421,24441,441,0,11,1,41,12,0,"Anderson",76978,100.02857959417,0.0551495016611296,572.890955857518,28.5795941697628,5.51495016611296
2020-09-18,1109,19,1073,19,36,0,1267,18,23416,224,24683,242,0,11,0,41,12,0,"Anderson",76978,123.411883914885,0.0614143920595533,314.375535867391,24.682376782977,6.14143920595533
2020-09-19,1124,15,1088,15,36,0,1288,21,23698,282,24986,303,0,11,1,42,12,0,"Anderson",76978,139.000753462028,0.0650452488687783,393.618956065369,19.4860869339292,6.50452488687783
2020-09-20,1131,7,1095,7,36,0,1298,10,23850,152,25148,162,0,11,0,42,13,1,"Anderson",76978,120.813738990361,0.0624624624624625,210.449738886435,9.09350723583361,6.24624624624625
2020-09-21,1133,2,1097,2,36,0,1300,2,23883,33,25183,35,0,11,0,42,13,0,"Anderson",76978,115.617449141313,0.0629722921914358,45.4675361791681,2.59814492452389,6.29722921914358
2020-09-22,1147,14,1111,14,36,0,1317,17,24131,248,25448,265,0,11,1,43,13,0,"Anderson",76978,113.019304216789,0.06265664160401,344.254202499415,18.1870144716672,6.265664160401
2020-09-23,1147,0,1111,0,36,0,1317,0,24172,41,25489,41,0,11,0,43,13,0,"Anderson",76978,102.626724518694,0.0591000671591672,53.2619709527397,0,5.91000671591672
2020-09-24,1160,13,1124,13,36,0,1332,15,24496,324,25828,339,1,12,0,43,13,0,"Anderson",76978,90.9350723583361,0.0598413842826244,440.385564706799,16.8879420094053,5.98413842826244
2020-09-25,1174,14,1137,13,37,1,1345,13,24732,236,26077,249,1,13,0,43,13,0,"Anderson",76978,84.4397100470264,0.0559540889526542,323.469043103224,18.1870144716672,5.59540889526542
2020-09-26,1188,14,1151,14,37,0,1362,17,25031,299,26393,316,0,13,0,43,13,0,"Anderson",76978,83.1406375847645,0.0525941719971571,410.506898074775,18.1870144716672,5.25941719971571
2020-09-27,1207,19,1168,17,39,2,1378,16,25238,207,26616,223,0,13,0,43,13,0,"Anderson",76978,98.7295071319078,0.0544959128065395,289.693159084414,24.682376782977,5.44959128065395
2020-09-28,1210,3,1170,2,40,1,1380,2,25275,37,26655,39,0,13,0,43,13,0,"Anderson",76978,100.02857959417,0.0543478260869565,50.6638260282159,3.89721738678583,5.43478260869565
2020-09-29,1221,11,1180,10,41,1,1390,10,25569,294,26959,304,0,13,0,43,13,0,"Anderson",76978,96.1313622073839,0.0483123759099934,394.918028527631,14.2897970848814,4.83123759099934
2020-09-30,1233,12,1190,10,43,2,1400,10,25635,66,27035,76,0,13,0,43,13,0,"Anderson",76978,111.720231754527,0.0536869340232859,98.7295071319078,15.5888695471433,5.36869340232859
2020-10-01,1249,16,1204,14,45,2,1415,15,25915,280,27330,295,0,13,0,43,13,0,"Anderson",76978,115.617449141313,0.0552596537949401,383.226376367274,20.7851593961911,5.52596537949401
2020-10-02,1256,7,1210,6,46,1,1422,7,25997,82,27419,89,0,13,0,43,13,0,"Anderson",76978,106.523941905479,0.0573770491803279,115.617449141313,9.09350723583361,5.73770491803279
2020-10-03,1272,16,1226,16,46,0,1446,24,26261,264,27707,288,0,13,0,43,13,0,"Anderson",76978,109.122086830003,0.0639269406392694,374.13286913144,20.7851593961911,6.39269406392694
2020-10-04,1288,16,1240,14,48,2,1462,16,26598,337,28060,353,0,13,0,43,13,0,"Anderson",76978,105.224869443218,0.0581717451523546,458.572579178467,20.7851593961911,5.81717451523546
2020-10-05,1314,26,1265,25,49,1,1489,27,26809,211,28298,238,0,13,1,44,13,0,"Anderson",76978,135.103536075242,0.0663420572124163,309.179246018343,33.7758840188106,6.63420572124163
2020-10-06,1342,28,1292,27,50,1,1520,31,27146,337,28666,368,0,13,1,45,13,0,"Anderson",76978,157.187767933695,0.0761570005858231,478.058666112396,36.3740289433345,7.61570005858231
2020-10-07,1348,6,1298,6,50,0,1528,8,27381,235,28909,243,0,13,0,45,13,0,"Anderson",76978,149.393333160124,0.0683030949839915,315.674608329653,7.79443477357167,6.83030949839915
2020-10-08,1358,10,1306,8,52,2,1537,9,27620,239,29157,248,0,13,1,46,13,0,"Anderson",76978,141.598898386552,0.066776135741653,322.169970640962,12.9907246226195,6.6776135741653
2020-10-09,1373,15,1319,13,54,2,1553,16,27793,173,29346,189,0,13,0,46,13,0,"Anderson",76978,151.991478084648,0.0679813181110535,245.524695367508,19.4860869339292,6.79813181110535
2020-10-10,1389,16,1335,16,54,0,1573,20,28005,212,29578,232,0,13,1,47,14,1,"Anderson",76978,151.991478084648,0.0678781400320684,301.384811244771,20.7851593961911,6.78781400320684
2020-10-11,1417,28,1363,28,54,0,1604,31,28294,289,29898,320,0,13,0,47,14,0,"Anderson",76978,167.580347631791,0.0772578890097933,415.703187923822,36.3740289433345,7.72578890097933
2020-10-12,1433,16,1378,15,55,1,1620,16,28373,79,29993,95,0,13,0,47,14,0,"Anderson",76978,154.589623009171,0.0772861356932153,123.411883914885,20.7851593961911,7.72861356932153
2020-10-13,1453,20,1396,18,57,2,1638,18,28494,121,30132,139,0,13,0,47,14,0,"Anderson",76978,144.197043311076,0.0804911323328786,180.57107225441,25.9814492452389,8.04911323328786
2020-10-14,1475,22,1418,22,57,0,1662,24,28794,300,30456,324,0,13,0,47,14,0,"Anderson",76978,164.982202707267,0.0866192630898513,420.89947777287,28.5795941697628,8.66192630898513
2020-10-15,1497,22,1434,16,63,6,1676,14,28945,151,30621,165,0,13,1,48,14,0,"Anderson",76978,180.57107225441,0.0949453551912568,214.346956273221,28.5795941697628,9.49453551912568
2020-10-16,1504,7,1437,3,67,4,1680,4,29044,99,30724,103,0,13,0,48,15,1,"Anderson",76978,170.178492556315,0.0921625544267054,133.80446361298,9.09350723583361,9.21625544267054
2020-10-17,1532,28,1464,27,68,1,1710,30,29292,248,31002,278,0,13,2,50,15,0,"Anderson",76978,185.767362103458,0.0962078651685393,361.142144508821,36.3740289433345,9.62078651685393
2020-10-18,1551,19,1483,19,68,0,1732,22,29531,239,31263,261,0,13,0,50,15,0,"Anderson",76978,174.075709943101,0.0937728937728938,339.057912650368,24.682376782977,9.37728937728938
2020-10-19,1555,4,1487,4,68,0,1737,5,29608,77,31345,82,0,13,1,51,15,0,"Anderson",76978,158.486840395957,0.0865384615384615,106.523941905479,5.19628984904778,8.65384615384615
2020-10-20,1582,27,1514,27,68,0,1772,35,29807,199,31579,234,0,13,0,51,15,0,"Anderson",76978,167.580347631791,0.092605390463027,303.982956169295,35.0749564810725,9.2605390463027
2020-10-21,1599,17,1531,17,68,0,1791,19,30023,216,31814,235,0,13,1,52,15,0,"Anderson",76978,161.084985320481,0.0949926362297496,305.282028631557,22.0842318584531,9.49926362297496
2020-10-22,1620,21,1552,21,68,0,1816,25,30355,332,32171,357,1,14,0,52,15,0,"Anderson",76978,159.785912858219,0.0903225806451613,463.768869027514,27.2805217075008,9.03225806451613
2020-10-23,1635,15,1566,14,69,1,1832,16,30630,275,32462,291,0,14,0,52,15,0,"Anderson",76978,170.178492556315,0.0874568469505178,378.030086518226,19.4860869339292,8.74568469505178
2020-10-24,1666,31,1596,30,70,1,1865,33,31006,376,32871,409,0,14,2,54,17,2,"Anderson",76978,174.075709943101,0.082932049224184,531.320637065136,40.2712463301203,8.29320492241841
2020-10-25,1683,17,1612,16,71,1,1884,19,31202,196,33086,215,0,14,4,58,17,0,"Anderson",76978,171.477565018577,0.0833790455293472,279.300579386318,22.0842318584531,8.33790455293472
2020-10-26,1699,16,1627,15,72,1,1902,18,31336,134,33238,152,-1,13,1,59,17,0,"Anderson",76978,187.06643456572,0.0871632329635499,197.459014263816,20.7851593961911,8.71632329635499
2020-10-27,1728,29,1651,24,77,5,1926,24,31491,155,33417,179,1,14,2,61,17,0,"Anderson",76978,189.664579490244,0.0837867247007617,232.533970744888,37.6731014055964,8.37867247007617
2020-10-28,1784,56,1705,54,79,2,1985,59,31925,434,33910,493,0,14,0,61,17,0,"Anderson",76978,240.32840551846,0.092557251908397,640.442723895139,72.7480578866689,9.25572519083969
2020-10-29,1813,29,1726,21,87,8,2004,19,32131,206,34135,225,0,14,2,63,17,0,"Anderson",76978,250.720985216555,0.0957230142566191,292.291304008938,37.6731014055964,9.57230142566191
2020-10-30,1850,37,1760,34,90,3,2042,38,32282,151,34324,189,2,16,1,64,17,0,"Anderson",76978,279.300579386318,0.112781954887218,245.524695367508,48.065681103692,11.2781954887218
2020-10-31,1850,0,1760,0,90,0,2042,0,32283,1,34325,1,0,16,0,64,19,2,"Anderson",76978,239.029333056198,0.121733149931224,1.29907246226194,0,12.1733149931224
2020-11-01,1855,5,1765,5,90,0,2050,8,32527,244,34577,252,0,16,0,64,19,0,"Anderson",76978,223.440463509055,0.111334674714956,327.36626049001,6.49536231130973,11.1334674714956
2020-11-02,1888,33,1796,31,92,2,2085,35,32794,267,34879,302,0,16,0,64,20,1,"Anderson",76978,245.524695367508,0.111517367458867,392.319883603107,42.8693912546442,11.1517367458867
2020-11-03,1914,26,1821,25,93,1,2110,25,32974,180,35084,205,0,16,0,64,21,1,"Anderson",76978,241.627477980722,0.110377924415117,266.309854763699,33.7758840188106,11.0377924415117
2020-11-04,1932,18,1836,15,96,3,2128,18,33052,78,35180,96,2,18,1,65,21,0,"Anderson",76978,192.262724414768,0.11259842519685,124.710956377147,23.383304320715,11.259842519685
2020-11-05,1956,24,1854,18,102,6,2148,20,33151,99,35299,119,0,18,0,65,22,1,"Anderson",76978,185.767362103458,0.123711340206186,154.589623009171,31.1777390942867,12.3711340206186
2020-11-06,2005,49,1900,46,105,3,2197,49,33518,367,35715,416,0,18,2,67,23,1,"Anderson",76978,201.356231650601,0.111430625449317,540.414144300969,63.6545506508353,11.1430625449317
2020-11-07,2085,80,1977,77,108,3,2274,77,33965,447,36239,524,0,18,0,67,23,0,"Anderson",76978,305.282028631557,0.121212121212121,680.713970225259,103.925796980956,12.1212121212121
2020-11-08,2139,54,2028,51,111,3,2336,62,34575,610,36911,672,0,18,1,68,23,0,"Anderson",76978,368.936579282392,0.122536418166238,872.976694640027,70.149912962145,12.2536418166238
2020-11-09,2147,8,2035,7,112,1,2345,9,34649,74,36994,83,0,18,0,68,23,0,"Anderson",76978,336.459767725844,0.122931442080378,107.823014367741,10.3925796980956,12.2931442080378
2020-11-10,2166,19,2053,18,113,1,2367,22,34820,171,37187,193,0,18,1,69,23,0,"Anderson",76978,327.36626049001,0.122206371849738,250.720985216555,24.682376782977,12.2206371849738
2020-11-11,2205,39,2089,36,116,3,2409,42,35093,273,37502,315,1,19,1,70,23,0,"Anderson",76978,354.646782197511,0.121016365202412,409.207825612513,50.6638260282159,12.1016365202412
2020-11-12,2212,7,2095,6,117,1,2417,8,35291,198,37708,206,0,19,0,70,24,1,"Anderson",76978,332.562550339058,0.111664591116646,267.608927225961,9.09350723583361,11.1664591116646
2020-11-13,2268,56,2148,53,120,3,2476,59,35552,261,38028,320,2,21,2,72,24,0,"Anderson",76978,341.656057574892,0.120622568093385,415.703187923822,72.7480578866689,12.0622568093385
2020-11-14,2309,41,2188,40,121,1,2521,45,35948,396,38469,441,1,22,1,73,25,1,"Anderson",76978,290.992231546676,0.110762331838565,572.890955857518,53.2619709527397,11.0762331838565
2020-11-15,2407,98,2286,98,121,0,2629,108,36530,582,39159,690,1,23,1,74,25,0,"Anderson",76978,348.151419886201,0.130338078291815,896.359998960742,127.309101301671,13.0338078291815
2020-11-16,2456,49,2315,29,141,20,2658,29,36807,277,39465,306,0,23,1,75,25,0,"Anderson",76978,401.413390838941,0.126669364629705,397.516173452155,63.6545506508353,12.6669364629705
2020-11-17,2472,16,2330,15,142,1,2674,16,37012,205,39686,221,2,25,1,76,26,1,"Anderson",76978,397.516173452155,0.122849139655862,287.09501415989,20.7851593961911,12.2849139655862
2020-11-18,2502,30,2356,26,146,4,2700,26,37306,294,40006,320,0,25,0,76,27,1,"Anderson",76978,385.824521291798,0.116214057507987,415.703187923822,38.9721738678584,11.6214057507987
2020-11-19,2560,58,2410,54,150,4,2762,62,37722,416,40484,478,0,25,1,77,27,0,"Anderson",76978,452.077216867157,0.124279538904899,620.95663696121,75.3462028111928,12.4279538904899
2020-11-20,2590,30,2437,27,153,3,2793,31,37835,113,40628,144,0,25,0,77,28,1,"Anderson",76978,418.301332848346,0.121923076923077,187.06643456572,38.9721738678584,12.1923076923077
2020-11-21,2647,57,2486,49,161,8,2841,48,38179,344,41020,392,0,25,1,78,28,0,"Anderson",76978,439.086492244537,0.125441003528028,509.236405206682,74.0471303489309,12.5441003528028
2020-11-22,2703,56,2535,49,168,7,2898,57,38662,483,41560,540,0,25,1,79,31,3,"Anderson",76978,384.525448829536,0.112036651395252,701.49912962145,72.7480578866689,11.2036651395252
2020-11-23,2710,7,2541,6,169,1,2904,6,38684,22,41588,28,0,25,0,79,32,1,"Anderson",76978,329.964405414534,0.115873763542157,36.3740289433345,9.09350723583361,11.5873763542157
2020-11-24,2723,13,2553,12,170,1,2916,12,38841,157,41757,169,2,27,0,79,32,0,"Anderson",76978,326.067188027748,0.116851762433607,219.543246122269,16.8879420094053,11.6851762433607
2020-11-25,2751,28,2574,21,177,7,2937,21,38878,37,41815,58,1,28,0,79,32,0,"Anderson",76978,323.469043103224,0.131011608623549,75.3462028111928,36.3740289433345,13.1011608623549
2020-11-26,2796,45,2616,42,180,3,2982,45,39228,350,42210,395,0,28,1,80,33,1,"Anderson",76978,306.581101093819,0.127462340672074,513.133622593468,58.4582608017875,12.7462340672074
2020-11-27,2895,99,2706,90,189,9,3077,95,39654,426,42731,521,0,28,3,83,35,2,"Anderson",76978,396.217100989893,0.135045173561579,676.816752838473,128.608173763933,13.5045173561579
2020-11-28,2926,31,2731,25,195,6,3107,30,39797,143,42904,173,1,29,2,85,35,0,"Anderson",76978,362.441216971083,0.141188959660297,224.739535971316,40.2712463301203,14.1188959660297
2020-11-29,3017,91,2820,89,197,2,3203,96,40234,437,43437,533,0,29,1,86,35,0,"Anderson",76978,407.908753150251,0.162493340436867,692.405622385617,118.215594065837,16.2493340436867
2020-11-30,3087,70,2886,66,201,4,3276,73,40486,252,43762,325,0,29,0,86,37,2,"Anderson",76978,489.750318272753,0.171113155473781,422.198550235132,90.9350723583361,17.1113155473781
2020-12-01,3163,76,2952,66,211,10,3348,72,40916,430,44264,502,1,30,6,92,38,1,"Anderson",76978,571.591883395256,0.172317510969286,652.134376055496,98.7295071319078,17.2317510969286
2020-12-02,3178,15,2966,14,212,1,3364,16,41024,108,44388,124,0,30,0,92,38,0,"Anderson",76978,554.70394138585,0.165954139137194,161.084985320481,19.4860869339292,16.5954139137194
2020-12-03,3219,41,2995,29,224,12,3397,33,41249,225,44646,258,1,31,1,93,39,1,"Anderson",76978,549.507651536803,0.170361247947455,335.160695263582,53.2619709527397,17.0361247947455
2020-12-04,3286,67,3055,60,231,7,3460,63,41407,158,44867,221,1,32,0,93,39,0,"Anderson",76978,507.93733274442,0.179307116104869,287.09501415989,87.0378549715503,17.9307116104869
2020-12-05,3317,31,3074,19,243,12,3478,18,41474,67,44952,85,0,32,0,93,39,0,"Anderson",76978,507.93733274442,0.18115234375,110.421159292265,40.2712463301203,18.115234375
2020-12-06,3353,36,3103,29,250,7,3506,28,41682,208,45188,236,0,32,2,95,40,1,"Anderson",76978,436.488347320014,0.173043974871502,306.581101093819,46.76660864143,17.3043974871502
2020-12-07,3493,140,3227,124,266,16,3642,136,42275,593,45917,729,2,34,4,99,41,1,"Anderson",76978,527.42341967835,0.169837587006961,947.023824988958,181.870144716672,16.9837587006961
2020-12-08,3564,71,3276,49,288,22,3694,52,42573,298,46267,350,1,35,2,101,43,2,"Anderson",76978,520.92805736704,0.172740888667,454.675361791681,92.2341448205981,17.2740888666999
2020-12-09,3669,105,3367,91,302,14,3798,104,42834,261,46632,365,0,35,3,104,44,1,"Anderson",76978,637.844578970615,0.193404634581105,474.16144872561,136.402608537504,19.3404634581105
2020-12-10,3763,94,3445,78,318,16,3885,87,43365,531,47250,618,3,38,3,107,45,1,"Anderson",76978,706.695419470498,0.187403993855607,802.826781677882,122.112811452623,18.7403993855607
2020-12-11,3836,73,3498,53,338,20,3936,51,43531,166,47467,217,1,39,2,109,45,0,"Anderson",76978,714.48985424407,0.183076923076923,281.898724310842,94.832289745122,18.3076923076923
2020-12-12,3924,88,3559,61,365,27,4001,65,44044,513,48045,578,0,39,2,111,45,0,"Anderson",76978,788.536984593001,0.169091496928548,750.863883187404,114.318376679051,16.9091496928548
2020-12-13,4156,232,3742,183,414,49,4205,204,44916,872,49121,1076,1,40,0,111,47,2,"Anderson",76978,1043.15518719634,0.177726926010679,1397.80196939385,301.384811244771,17.7726926010679
2020-12-14,4271,115,3828,86,443,29,4304,99,45206,290,49510,389,0,40,1,112,48,1,"Anderson",76978,1010.67837563979,0.184247147230726,505.339187819897,149.393333160124,18.4247147230726
2020-12-15,4406,135,3913,85,493,50,4400,96,45733,527,50133,623,1,41,6,118,51,3,"Anderson",76978,1093.81901322456,0.182617692705639,809.322143989192,175.374782405363,18.2617692705639
2020-12-16,4475,69,3943,30,532,39,4436,36,46056,323,50492,359,2,43,4,122,52,1,"Anderson",76978,1047.05240458313,0.165284974093264,466.367013952038,89.6359998960742,16.5284974093264
2020-12-17,4676,201,4117,174,559,27,4630,194,46584,528,51214,722,2,45,2,124,54,2,"Anderson",76978,1186.05315804516,0.187941473259334,937.930317753124,261.113564914651,18.7941473259334
2020-12-18,4774,98,4193,76,581,22,4717,87,46950,366,51667,453,1,46,2,126,54,0,"Anderson",76978,1218.5299696017,0.185952380952381,588.479825404661,127.309101301671,18.5952380952381
2020-12-19,4879,105,4274,81,605,24,4804,87,47208,258,52012,345,0,46,1,127,55,1,"Anderson",76978,1240.61420146016,0.202419964708848,448.179999480371,136.402608537504,20.2419964708848
2020-12-20,5019,140,4396,122,623,18,4941,137,47672,464,52613,601,2,48,3,130,56,1,"Anderson",76978,1121.09953493206,0.210767468499427,780.742549819429,181.870144716672,21.0767468499427
2020-12-21,5066,47,4414,18,652,29,4964,23,47892,220,52856,243,3,51,2,132,59,3,"Anderson",76978,1032.76260749825,0.197250448296473,315.674608329653,61.0564057263114,19.7250448296473
2020-12-22,5136,70,4458,44,678,26,5011,47,47998,106,53009,153,1,52,2,134,64,5,"Anderson",76978,948.32289745122,0.212447844228095,198.758086726078,90.9350723583361,21.2447844228095
2020-12-23,5210,74,4500,42,710,32,5054,43,48314,316,53368,359,2,54,2,136,66,2,"Anderson",76978,954.81825976253,0.214881780250348,466.367013952038,96.1313622073839,21.4881780250348
2020-12-24,5268,58,4524,24,744,34,5081,27,48466,152,53547,179,1,55,1,137,71,5,"Anderson",76978,769.050897659071,0.193313330475782,232.533970744888,75.3462028111928,19.3313330475782
2020-12-25,5361,93,4601,77,760,16,5173,92,48875,409,54048,501,0,55,1,138,72,1,"Anderson",76978,762.555535347762,0.191516169676606,650.835303593234,120.813738990361,19.1516169676606
2020-12-26,5417,56,4630,29,787,27,5201,28,48994,119,54195,147,0,55,3,141,74,2,"Anderson",76978,698.900984696926,0.181859825927623,190.963651952506,72.7480578866689,18.1859825927623
2020-12-27,5477,60,4667,37,810,23,5237,36,49130,136,54367,172,1,56,6,147,75,1,"Anderson",76978,594.975187715971,0.168757126567845,223.440463509055,77.9443477357167,16.8757126567845
2020-12-28,5524,47,4688,21,836,26,5257,20,49199,69,54456,89,2,58,4,151,82,7,"Anderson",76978,594.975187715971,0.183125,115.617449141313,61.0564057263114,18.3125
2020-12-29,5620,96,4740,52,880,44,5305,48,49294,95,54599,143,2,60,5,156,85,3,"Anderson",76978,628.751071734781,0.184905660377358,185.767362103458,124.710956377147,18.4905660377358
2020-12-30,5655,35,4758,18,897,17,5322,17,49422,128,54744,145,6,66,1,157,88,3,"Anderson",76978,578.087245706566,0.194767441860465,188.365507027982,45.4675361791681,19.4767441860465
2020-12-31,5818,163,4858,100,960,63,5424,102,49726,304,55150,406,6,72,1,158,93,5,"Anderson",76978,714.48985424407,0.213973799126638,527.42341967835,211.748811348697,21.3973799126638
2021-01-01,5883,65,4900,42,983,23,5479,55,49953,227,55432,282,0,72,2,160,94,1,"Anderson",76978,678.115825300735,0.221098265895954,366.338434357868,84.4397100470264,22.1098265895954
2021-01-02,5976,93,4941,41,1035,52,5521,42,50114,161,55635,203,0,72,2,162,96,2,"Anderson",76978,726.181506404427,0.222222222222222,263.711709839175,120.813738990361,22.2222222222222
2021-01-03,6001,25,4953,12,1048,13,5537,16,50152,38,55689,54,0,72,1,163,99,3,"Anderson",76978,680.713970225259,0.226928895612708,70.149912962145,32.4768115565486,22.6928895612708
2021-01-04,6038,37,4977,24,1061,13,5568,31,50226,74,55794,105,1,73,0,163,104,5,"Anderson",76978,667.72324560264,0.232436472346786,136.402608537504,48.065681103692,23.2436472346786
2021-01-05,6110,72,5008,31,1102,41,5599,31,50323,97,55922,128,2,75,2,165,107,3,"Anderson",76978,636.545506508353,0.222222222222222,166.281275169529,93.53321728286,22.2222222222222
2021-01-06,6185,75,5049,41,1136,34,5643,44,50441,118,56084,162,5,80,2,167,109,2,"Anderson",76978,688.508404998831,0.23955223880597,210.449738886435,97.4304346696459,23.955223880597
2021-01-07,6290,105,5129,80,1161,25,5735,92,50607,166,56342,258,1,81,1,168,112,3,"Anderson",76978,613.162202187638,0.260906040268456,335.160695263582,136.402608537504,26.0906040268456
2021-01-08,6373,83,5180,51,1193,32,5787,52,50711,104,56498,156,5,86,2,170,115,3,"Anderson",76978,636.545506508353,0.288930581613508,202.655304112863,107.823014367741,28.8930581613508
2021-01-09,6483,110,5249,69,1234,41,5863,76,51031,320,56894,396,2,88,0,170,117,2,"Anderson",76978,658.629738366806,0.27164416203336,514.43269505573,142.897970848814,27.164416203336
2021-01-10,6543,60,5274,25,1269,35,5888,25,51087,56,56975,81,2,90,3,173,118,1,"Anderson",76978,704.097274545974,0.27293934681182,105.224869443218,77.9443477357167,27.293934681182
2021-01-11,6576,33,5284,10,1292,23,5901,13,51141,54,57042,67,1,91,1,174,120,2,"Anderson",76978,698.900984696926,0.266826923076923,87.0378549715503,42.8693912546442,26.6826923076923
2021-01-12,6629,53,5318,34,1311,19,5939,38,51266,125,57205,163,2,93,1,175,120,0,"Anderson",76978,674.218607913949,0.265003897116134,211.748811348697,68.8508404998831,26.5003897116134
2021-01-13,6655,26,5335,17,1320,9,5958,19,51329,63,57287,82,3,96,0,175,121,1,"Anderson",76978,610.564057263114,0.261845386533666,106.523941905479,33.7758840188106,26.1845386533666
2021-01-14,6752,97,5397,62,1355,35,6032,74,51610,281,57642,355,5,101,2,177,123,2,"Anderson",76978,600.171477565019,0.228461538461538,461.17072410299,126.010028839409,22.8461538461538
2021-01-15,6786,34,5417,20,1369,14,6056,24,51730,120,57786,144,0,101,1,178,126,3,"Anderson",76978,536.516926914183,0.208850931677019,187.06643456572,44.1684637169061,20.8850931677019
2021-01-16,6851,65,5448,31,1403,34,6090,34,51887,157,57977,191,1,102,1,179,129,3,"Anderson",76978,478.058666112396,0.209602954755309,248.122840292031,84.4397100470264,20.9602954755309
2021-01-17,6888,37,5468,20,1420,17,6113,23,51970,83,58083,106,0,102,0,179,131,2,"Anderson",76978,448.179999480371,0.203068592057762,137.701680999766,48.065681103692,20.3068592057762
2021-01-18,6907,19,5476,8,1431,11,6123,10,52046,76,58169,86,1,103,0,179,132,1,"Anderson",76978,429.992985008704,0.19698314108252,111.720231754527,24.682376782977,19.698314108252
2021-01-19,6949,42,5493,17,1456,25,6143,20,52130,84,58273,104,1,104,0,179,134,2,"Anderson",76978,415.703187923822,0.191011235955056,135.103536075242,54.5610434150017,19.1011235955056
2021-01-20,6977,28,5509,16,1468,12,6162,19,52247,117,58409,136,3,107,0,179,137,3,"Anderson",76978,418.301332848346,0.181818181818182,176.673854867625,36.3740289433345,18.1818181818182
2021-01-21,7033,56,5549,40,1484,16,6201,39,52431,184,58632,223,5,112,2,181,138,1,"Anderson",76978,365.039361895607,0.170707070707071,289.693159084414,72.7480578866689,17.0707070707071
2021-01-22,7071,38,5567,18,1504,20,6223,22,52533,102,58756,124,2,114,0,181,141,3,"Anderson",76978,370.235651744654,0.172164948453608,161.084985320481,49.3647535659539,17.2164948453608
2021-01-23,7109,38,5581,14,1528,24,6236,13,52708,175,58944,188,0,114,1,182,141,0,"Anderson",76978,335.160695263582,0.150982419855222,244.225622905246,49.3647535659539,15.0982419855222
2021-01-24,7122,13,5593,12,1529,1,6250,14,52762,54,59012,68,0,114,0,182,143,2,"Anderson",76978,303.982956169295,0.147470398277718,88.3369274338123,16.8879420094053,14.7470398277718
2021-01-25,7139,17,5604,11,1535,6,6261,11,52812,50,59073,61,2,116,1,183,145,2,"Anderson",76978,301.384811244771,0.152654867256637,79.2434201979787,22.0842318584531,15.2654867256637
2021-01-26,7166,27,5625,21,1541,6,6286,25,52937,125,59223,150,0,116,1,184,148,3,"Anderson",76978,281.898724310842,0.150526315789474,194.860869339292,35.0749564810725,15.0526315789474
2021-01-27,7183,17,5633,8,1550,9,6295,9,52998,61,59293,70,4,120,0,184,150,2,"Anderson",76978,267.608927225961,0.150452488687783,90.9350723583361,22.0842318584531,15.0452488687783
2021-01-28,7270,87,5673,40,1597,47,6342,47,53146,148,59488,195,4,124,0,184,151,1,"Anderson",76978,307.880173556081,0.164719626168224,253.319130141079,113.019304216789,16.4719626168224
2021-01-29,7283,13,5677,4,1606,9,6347,5,53181,35,59528,40,1,125,1,185,151,0,"Anderson",76978,275.403361999532,0.160621761658031,51.9628984904778,16.8879420094053,16.0621761658031
2021-01-30,7323,40,5712,35,1611,5,6383,36,53391,210,59774,246,2,127,2,187,152,1,"Anderson",76978,278.001506924056,0.17710843373494,319.571825716438,51.9628984904778,17.710843373494
2021-01-31,7339,16,5719,7,1620,9,6394,11,53507,116,59901,127,1,128,0,187,154,2,"Anderson",76978,281.898724310842,0.161979752530934,164.982202707267,20.7851593961911,16.1979752530934
2021-02-01,7359,20,5732,13,1627,7,6407,13,53551,44,59958,57,1,129,1,188,156,2,"Anderson",76978,285.795941697628,0.164971751412429,74.0471303489309,25.9814492452389,16.4971751412429
2021-02-02,7366,7,5738,6,1628,1,6412,5,53601,50,60013,55,5,134,0,188,157,1,"Anderson",76978,259.814492452389,0.159493670886076,71.448985424407,9.09350723583361,15.9493670886076
2021-02-03,7388,22,5744,6,1644,16,6422,10,53729,128,60151,138,4,138,0,188,158,1,"Anderson",76978,266.309854763699,0.148018648018648,179.271999792148,28.5795941697628,14.8018648018648
2021-02-04,7419,31,5759,15,1660,16,6439,17,53966,237,60405,254,2,140,0,188,158,0,"Anderson",76978,193.56179687703,0.105779716466739,329.964405414534,40.2712463301203,10.5779716466739
2021-02-05,7437,18,5770,11,1667,7,6456,17,54078,112,60534,129,2,142,0,188,159,1,"Anderson",76978,200.05715918834,0.108349900596421,167.580347631791,23.383304320715,10.8349900596421
2021-02-06,7464,27,5786,16,1678,11,6476,20,54234,156,60710,176,1,143,1,189,159,0,"Anderson",76978,183.169217178934,0.0993589743589744,228.636753358102,35.0749564810725,9.93589743589744
2021-02-07,7477,13,5793,7,1684,6,6484,8,54316,82,60800,90,0,143,0,189,159,0,"Anderson",76978,179.271999792148,0.100111234705228,116.916521603575,16.8879420094053,10.0111234705228
2021-02-08,7502,25,5799,6,1703,19,6489,5,54332,16,60821,21,2,145,0,189,159,0,"Anderson",76978,185.767362103458,0.0950173812282735,27.2805217075008,32.4768115565486,9.50173812282735
2021-02-09,7526,24,5809,10,1717,14,6500,11,54461,129,60961,140,2,147,2,191,159,0,"Anderson",76978,207.851593961911,0.0928270042194093,181.870144716672,31.1777390942867,9.28270042194093
2021-02-10,7551,25,5824,15,1727,10,6519,19,54589,128,61108,147,1,148,1,192,159,0,"Anderson",76978,211.748811348697,0.101358411703239,190.963651952506,32.4768115565486,10.1358411703239
2021-02-11,7564,13,5832,8,1732,5,6530,11,54733,144,61263,155,-1,147,0,192,160,1,"Anderson",76978,188.365507027982,0.106060606060606,201.356231650601,16.8879420094053,10.6060606060606
2021-02-12,7591,27,5847,15,1744,12,6545,15,54872,139,61417,154,0,147,0,192,160,0,"Anderson",76978,200.05715918834,0.10079275198188,200.05715918834,35.0749564810725,10.079275198188
2021-02-13,7618,27,5858,11,1760,16,6555,10,54988,116,61543,126,0,147,0,192,160,0,"Anderson",76978,200.05715918834,0.0948379351740696,163.683130245005,35.0749564810725,9.48379351740696
2021-02-14,7631,13,5867,9,1764,4,6566,11,55033,45,61599,56,2,149,0,192,160,0,"Anderson",76978,200.05715918834,0.102628285356696,72.7480578866689,16.8879420094053,10.2628285356696
2021-02-15,7648,17,5875,8,1773,9,6575,9,55092,59,61667,68,0,149,1,193,161,1,"Anderson",76978,189.664579490244,0.101654846335697,88.3369274338123,22.0842318584531,10.1654846335697
2021-02-16,7677,29,5889,14,1788,15,6592,17,55156,64,61748,81,0,149,0,193,161,0,"Anderson",76978,196.159941801554,0.116899618805591,105.224869443218,37.6731014055964,11.6899618805591
2021-02-17,7696,19,5901,12,1795,7,6604,12,55237,81,61841,93,0,149,0,193,163,2,"Anderson",76978,188.365507027982,0.115961800818554,120.813738990361,24.682376782977,11.5961800818554
2021-02-18,7720,24,5923,22,1797,2,6630,26,55345,108,61975,134,0,149,0,193,163,0,"Anderson",76978,202.655304112863,0.140449438202247,174.075709943101,31.1777390942867,14.0449438202247
2021-02-19,7733,13,5934,11,1799,2,6645,15,55378,33,62023,48,0,149,0,193,164,1,"Anderson",76978,184.468289641196,0.165016501650165,62.3554781885734,16.8879420094053,16.5016501650165
2021-02-20,7752,19,5941,7,1811,12,6654,9,55471,93,62125,102,1,150,0,193,165,1,"Anderson",76978,174.075709943101,0.170103092783505,132.505391150718,24.682376782977,17.0103092783505
2021-02-21,7764,12,5948,7,1816,5,6661,7,55518,47,62179,54,2,152,1,194,165,0,"Anderson",76978,172.776637480839,0.163793103448276,70.149912962145,15.5888695471433,16.3793103448276
2021-02-22,7769,5,5950,2,1819,3,6667,6,55541,23,62208,29,1,153,0,194,166,1,"Anderson",76978,157.187767933695,0.170055452865065,37.6731014055964,6.49536231130973,17.0055452865065
2021-02-23,7793,24,5959,9,1834,15,6675,8,55643,102,62318,110,2,155,0,194,168,2,"Anderson",76978,150.692405622386,0.145614035087719,142.897970848814,31.1777390942867,14.5614035087719
2021-02-24,7825,32,5978,19,1847,13,6698,23,55770,127,62468,150,0,155,0,194,168,0,"Anderson",76978,167.580347631791,0.149920255183413,194.860869339292,41.5703187923822,14.9920255183413
2021-02-25,7842,17,5986,8,1856,9,6709,11,55866,96,62575,107,1,156,0,194,168,0,"Anderson",76978,158.486840395957,0.131666666666667,139.000753462028,22.0842318584531,13.1666666666667
2021-02-26,7854,12,5994,8,1860,4,6718,9,55940,74,62658,83,0,156,0,194,168,0,"Anderson",76978,157.187767933695,0.11496062992126,107.823014367741,15.5888695471433,11.496062992126
2021-02-27,7863,9,6001,7,1862,2,6724,6,56008,68,62732,74,0,156,0,194,168,0,"Anderson",76978,144.197043311076,0.115321252059308,96.1313622073839,11.6916521603575,11.5321252059308
2021-02-28,7877,14,6011,10,1866,4,6735,11,56063,55,62798,66,0,156,0,194,168,0,"Anderson",76978,146.7951882356,0.119547657512116,85.7387825092884,18.1870144716672,11.9547657512116
2021-03-01,7885,8,6016,5,1869,3,6742,7,56094,31,62836,38,0,156,0,194,169,1,"Anderson",76978,150.692405622386,0.119426751592357,49.3647535659539,10.3925796980956,11.9426751592357
2021-03-02,7908,23,6027,11,1881,12,6752,10,56187,93,62939,103,1,157,1,195,169,0,"Anderson",76978,149.393333160124,0.123993558776167,133.80446361298,29.8786666320247,12.3993558776167
2021-03-03,7941,33,6048,21,1893,12,6777,25,56285,98,63062,123,1,158,0,195,170,1,"Anderson",76978,150.692405622386,0.132996632996633,159.785912858219,42.8693912546442,13.2996632996633
2021-03-04,7966,25,6061,13,1905,12,6794,17,56405,120,63199,137,0,158,0,195,170,0,"Anderson",76978,161.084985320481,0.136217948717949,177.972927329886,32.4768115565486,13.6217948717949
2021-03-05,7999,33,6078,17,1921,16,6816,22,56496,91,63312,113,0,158,2,197,170,0,"Anderson",76978,188.365507027982,0.149847094801223,146.7951882356,42.8693912546442,14.9847094801223
2021-03-06,8010,11,6083,5,1927,6,6824,8,56569,73,63393,81,0,158,0,197,170,0,"Anderson",76978,190.963651952506,0.151285930408472,105.224869443218,14.2897970848814,15.1285930408472
2021-03-07,8016,6,6086,3,1930,3,6827,3,56599,30,63426,33,0,158,0,197,170,0,"Anderson",76978,180.57107225441,0.146496815286624,42.8693912546442,7.79443477357167,14.6496815286624
2021-03-08,8032,16,6093,7,1939,9,6836,9,56656,57,63492,66,1,159,0,197,170,0,"Anderson",76978,190.963651952506,0.143292682926829,85.7387825092884,20.7851593961911,14.3292682926829
2021-03-09,8053,21,6101,8,1952,13,6844,8,56709,53,63553,61,0,159,3,200,171,1,"Anderson",76978,188.365507027982,0.149837133550489,79.2434201979787,27.2805217075008,14.9837133550489
2021-03-10,8075,22,6114,13,1961,9,6860,16,56836,127,63696,143,0,159,1,201,171,0,"Anderson",76978,174.075709943101,0.130914826498423,185.767362103458,28.5795941697628,13.0914826498423
2021-03-11,8098,23,6124,10,1974,13,6870,10,56904,68,63774,78,0,159,1,202,172,1,"Anderson",76978,171.477565018577,0.132173913043478,101.327652056432,29.8786666320247,13.2173913043478
2021-03-12,8118,20,6141,17,1977,3,6890,20,56987,83,63877,103,0,159,0,202,172,0,"Anderson",76978,154.589623009171,0.130973451327434,133.80446361298,25.9814492452389,13.0973451327434
2021-03-13,8129,11,6145,4,1984,7,6894,4,57037,50,63931,54,0,159,1,203,172,0,"Anderson",76978,154.589623009171,0.130111524163569,70.149912962145,14.2897970848814,13.0111524163569
2021-03-14,8135,6,6149,4,1986,2,6900,6,57067,30,63967,36,0,159,1,204,172,0,"Anderson",76978,154.589623009171,0.134935304990758,46.76660864143,7.79443477357167,13.4935304990758
2021-03-15,8154,19,6155,6,1999,13,6906,6,57095,28,64001,34,0,159,1,205,172,0,"Anderson",76978,158.486840395957,0.137524557956778,44.1684637169061,24.682376782977,13.7524557956778
2021-03-16,8187,33,6168,13,2019,20,6921,15,57174,79,64095,94,0,159,2,207,172,0,"Anderson",76978,174.075709943101,0.142066420664207,122.112811452623,42.8693912546442,14.2066420664207
2021-03-17,8205,18,6180,12,2025,6,6934,13,57245,71,64179,84,0,159,0,207,173,1,"Anderson",76978,168.879420094053,0.153209109730849,109.122086830003,23.383304320715,15.3209109730849
2021-03-18,8221,16,6192,12,2029,4,6949,15,57305,60,64254,75,1,160,0,207,173,0,"Anderson",76978,159.785912858219,0.164583333333333,97.4304346696459,20.7851593961911,16.4583333333333
2021-03-19,8245,24,6206,14,2039,10,6962,13,57393,88,64355,101,0,160,1,208,173,0,"Anderson",76978,164.982202707267,0.150627615062762,131.206318688456,31.1777390942867,15.0627615062762
2021-03-20,8257,12,6212,6,2045,6,6970,8,57419,26,64389,34,0,160,1,209,173,0,"Anderson",76978,166.281275169529,0.165938864628821,44.1684637169061,15.5888695471433,16.5938864628821
2021-03-21,8267,10,6218,6,2049,4,6977,7,57451,32,64428,39,-1,159,0,209,173,0,"Anderson",76978,171.477565018577,0.167028199566161,50.6638260282159,12.9907246226195,16.7028199566161
2021-03-22,8275,8,6219,1,2056,7,6978,1,57501,50,64479,51,0,159,1,210,173,0,"Anderson",76978,157.187767933695,0.150627615062762,66.2526955753592,10.3925796980956,15.0627615062762
2021-03-23,8281,6,6220,1,2061,5,6979,1,57531,30,64510,31,0,159,0,210,174,1,"Anderson",76978,122.112811452623,0.139759036144578,40.2712463301203,7.79443477357167,13.9759036144578
2021-03-24,8289,8,6227,7,2062,1,6986,7,57628,97,64614,104,1,160,0,210,174,0,"Anderson",76978,109.122086830003,0.119540229885057,135.103536075242,10.3925796980956,11.9540229885057
2021-03-25,8299,10,6232,5,2067,5,6992,6,57708,80,64700,86,0,160,0,210,174,0,"Anderson",76978,101.327652056432,0.0964125560538117,111.720231754527,12.9907246226195,9.64125560538117
2021-03-26,8316,17,6244,12,2072,5,7003,11,57764,56,64767,67,0,160,0,210,175,1,"Anderson",76978,92.2341448205981,0.0995145631067961,87.0378549715503,22.0842318584531,9.95145631067961
2021-03-27,8320,4,6248,4,2072,0,7009,6,57813,49,64822,55,1,161,2,212,175,0,"Anderson",76978,81.8415651225025,0.0900692840646651,71.448985424407,5.19628984904778,9.00692840646651
2021-03-28,8323,3,6248,0,2075,3,7009,0,57829,16,64838,16,1,162,0,212,176,1,"Anderson",76978,72.7480578866689,0.0780487804878049,20.7851593961911,3.89721738678583,7.80487804878049
2021-03-29,8338,15,6252,4,2086,11,7013,4,57892,63,64905,67,1,163,0,212,177,1,"Anderson",76978,81.8415651225025,0.0821596244131455,87.0378549715503,19.4860869339292,8.21596244131455
2021-03-30,8343,5,6255,3,2088,2,7016,3,57936,44,64952,47,1,164,0,212,177,0,"Anderson",76978,80.5424926602406,0.083710407239819,61.0564057263114,6.49536231130973,8.3710407239819
2021-03-31,8366,23,6269,14,2097,9,7032,16,58068,132,65100,148,1,165,1,213,177,0,"Anderson",76978,100.02857959417,0.0946502057613169,192.262724414768,29.8786666320247,9.46502057613169
2021-04-01,8376,10,6274,5,2102,5,7036,4,58103,35,65139,39,0,165,0,213,177,0,"Anderson",76978,100.02857959417,0.100227790432802,50.6638260282159,12.9907246226195,10.0227790432802
2021-04-02,8384,8,6280,6,2104,2,7044,8,58155,52,65199,60,0,165,0,213,177,0,"Anderson",76978,88.3369274338123,0.0949074074074074,77.9443477357167,10.3925796980956,9.49074074074074
2021-04-03,8390,6,6285,5,2105,1,7050,6,58194,39,65244,45,0,165,0,213,177,0,"Anderson",76978,90.9350723583361,0.0971563981042654,58.4582608017875,7.79443477357167,9.71563981042654
2021-04-04,8392,2,6287,2,2105,0,7052,2,58226,32,65278,34,0,165,0,213,177,0,"Anderson",76978,89.6359998960742,0.0977272727272727,44.1684637169061,2.59814492452389,9.77272727272727
2021-04-05,8406,14,6290,3,2116,11,7054,2,58274,48,65328,50,0,165,2,215,177,0,"Anderson",76978,88.3369274338123,0.0969267139479905,64.9536231130973,18.1870144716672,9.69267139479905
2021-04-06,8411,5,6294,4,2117,1,7060,6,58304,30,65364,36,0,165,0,215,177,0,"Anderson",76978,88.3369274338123,0.106796116504854,46.76660864143,6.49536231130973,10.6796116504854
2021-04-07,8431,20,6307,13,2124,7,7074,14,58437,133,65511,147,0,165,2,217,177,0,"Anderson",76978,84.4397100470264,0.102189781021898,190.963651952506,25.9814492452389,10.2189781021898
2021-04-08,8434,3,6309,2,2125,1,7077,3,58498,61,65575,64,5,170,1,218,177,0,"Anderson",76978,75.3462028111928,0.0940366972477064,83.1406375847645,3.89721738678583,9.40366972477064
2021-04-09,8442,8,6315,6,2127,2,7086,9,58564,66,65650,75,-4,166,0,218,177,0,"Anderson",76978,75.3462028111928,0.0931263858093126,97.4304346696459,10.3925796980956,9.31263858093126
2021-04-10,8447,5,6320,5,2127,0,7091,5,58619,55,65710,60,0,166,0,218,177,0,"Anderson",76978,74.0471303489309,0.0879828326180258,77.9443477357167,6.49536231130973,8.79828326180258
2021-04-11,8454,7,6325,5,2129,2,7096,5,58654,35,65750,40,-1,165,0,218,177,0,"Anderson",76978,80.5424926602406,0.0932203389830508,51.9628984904778,9.09350723583361,9.32203389830508
2021-04-12,8457,3,6328,3,2129,0,7099,3,58708,54,65807,57,0,165,0,218,177,0,"Anderson",76978,66.2526955753592,0.0939457202505219,74.0471303489309,3.89721738678583,9.39457202505219
2021-04-13,8467,10,6333,5,2134,5,7105,6,58742,34,65847,40,5,170,0,218,177,0,"Anderson",76978,72.7480578866689,0.093167701863354,51.9628984904778,12.9907246226195,9.3167701863354
2021-04-14,8481,14,6342,9,2139,5,7116,11,58853,111,65969,122,0,170,0,218,177,0,"Anderson",76978,64.9536231130973,0.091703056768559,158.486840395957,18.1870144716672,9.1703056768559
2021-04-15,8490,9,6347,5,2143,4,7121,5,58914,61,66035,66,0,170,0,218,177,0,"Anderson",76978,72.7480578866689,0.0956521739130435,85.7387825092884,11.6916521603575,9.56521739130435
2021-04-16,8503,13,6358,11,2145,2,7134,13,59036,122,66170,135,0,170,0,218,177,0,"Anderson",76978,79.2434201979786,0.0923076923076923,175.374782405363,16.8879420094053,9.23076923076923
2021-04-17,8508,5,6361,3,2147,2,7137,3,59089,53,66226,56,0,170,0,218,177,0,"Anderson",76978,79.2434201979786,0.0891472868217054,72.7480578866689,6.49536231130973,8.91472868217054
2021-04-18,8515,7,6367,6,2148,1,7143,6,59124,35,66267,41,0,170,0,218,177,0,"Anderson",76978,79.2434201979786,0.0909090909090909,53.2619709527397,9.09350723583361,9.09090909090909
2021-04-19,8521,6,6370,3,2151,3,7146,3,59142,18,66288,21,0,170,0,218,178,1,"Anderson",76978,83.1406375847645,0.0977130977130977,27.2805217075008,7.79443477357167,9.77130977130977
2021-04-20,8527,6,6373,3,2154,3,7149,3,59213,71,66362,74,0,170,0,218,178,0,"Anderson",76978,77.9443477357167,0.0854368932038835,96.1313622073839,7.79443477357167,8.54368932038835
2021-04-21,8539,12,6379,6,2160,6,7155,6,59333,120,66488,126,1,171,0,218,178,0,"Anderson",76978,75.3462028111928,0.0751445086705202,163.683130245005,15.5888695471433,7.51445086705202
2021-04-22,8557,18,6385,6,2172,12,7162,7,59422,89,66584,96,0,171,0,218,178,0,"Anderson",76978,87.0378549715503,0.0746812386156648,124.710956377147,23.383304320715,7.46812386156649
2021-04-23,8567,10,6390,5,2177,5,7168,6,59487,65,66655,71,0,171,0,218,178,0,"Anderson",76978,83.1406375847645,0.0701030927835052,92.2341448205981,12.9907246226195,7.01030927835052
2021-04-24,8579,12,6396,6,2183,6,7175,7,59533,46,66708,53,0,171,1,219,178,0,"Anderson",76978,92.2341448205981,0.0788381742738589,68.8508404998831,15.5888695471433,7.88381742738589
2021-04-25,8583,4,6398,2,2185,2,7177,2,59566,33,66743,35,0,171,0,219,178,0,"Anderson",76978,88.3369274338123,0.0714285714285714,45.4675361791681,5.19628984904778,7.14285714285714
2021-04-26,8592,9,6402,4,2190,5,7181,4,59617,51,66798,55,0,171,0,219,179,1,"Anderson",76978,92.2341448205981,0.0686274509803922,71.448985424407,11.6916521603575,6.86274509803922
2021-04-27,8602,10,6408,6,2194,4,7187,6,59661,44,66848,50,0,171,0,219,179,0,"Anderson",76978,97.4304346696459,0.0781893004115226,64.9536231130973,12.9907246226195,7.81893004115226
2021-04-28,8619,17,6420,12,2199,5,7200,13,59759,98,66959,111,0,171,1,220,180,1,"Anderson",76978,103.925796980956,0.0955414012738854,144.197043311076,22.0842318584531,9.55414012738854
2021-04-29,8625,6,6422,2,2203,4,7203,3,59862,103,67065,106,0,171,0,220,180,0,"Anderson",76978,88.3369274338123,0.0852390852390852,137.701680999766,7.79443477357167,8.52390852390852
2021-04-30,8633,8,6425,3,2208,5,7207,4,59936,74,67143,78,0,171,0,220,180,0,"Anderson",76978,85.7387825092884,0.0799180327868853,101.327652056432,10.3925796980956,7.99180327868853
2021-05-01,8638,5,6428,3,2210,2,7210,3,59980,44,67190,47,0,171,1,221,180,0,"Anderson",76978,76.6452752734548,0.0726141078838174,61.0564057263114,6.49536231130973,7.26141078838174
2021-05-02,8641,3,6429,1,2212,2,7211,1,60016,36,67227,37,0,171,0,221,180,0,"Anderson",76978,75.3462028111928,0.0702479338842975,48.065681103692,3.89721738678583,7.02479338842975
2021-05-03,8651,10,6434,5,2217,5,7216,5,60075,59,67291,64,0,171,0,221,180,0,"Anderson",76978,76.6452752734548,0.0709939148073022,83.1406375847645,12.9907246226195,7.09939148073022
2021-05-04,8653,2,6434,0,2219,2,7217,1,60104,29,67321,30,0,171,0,221,180,0,"Anderson",76978,66.2526955753592,0.0634249471458774,38.9721738678584,2.59814492452389,6.34249471458774
2021-05-05,8661,8,6438,4,2223,4,7220,3,60183,79,67403,82,0,171,0,221,180,0,"Anderson",76978,54.5610434150017,0.045045045045045,106.523941905479,10.3925796980956,4.5045045045045
2021-05-06,8666,5,6441,3,2225,2,7226,6,60224,41,67450,47,0,171,1,222,180,0,"Anderson",76978,53.2619709527397,0.0597402597402597,61.0564057263114,6.49536231130973,5.97402597402597
2021-05-07,8671,5,6443,2,2228,3,7229,3,60282,58,67511,61,0,171,0,222,180,0,"Anderson",76978,49.3647535659539,0.0597826086956522,79.2434201979787,6.49536231130973,5.97826086956522
2021-05-08,8677,6,6446,3,2231,3,7231,2,60326,44,67557,46,0,171,1,223,181,1,"Anderson",76978,50.6638260282159,0.0572207084468665,59.7573332640495,7.79443477357167,5.72207084468665
2021-05-09,8678,1,6446,0,2232,1,7232,1,60347,21,67579,22,0,171,0,223,181,0,"Anderson",76978,48.065681103692,0.0596590909090909,28.5795941697628,1.29907246226194,5.96590909090909
2021-05-10,8683,5,6446,0,2237,5,7232,0,60411,64,67643,64,0,171,0,223,181,0,"Anderson",76978,41.5703187923822,0.0454545454545455,83.1406375847645,6.49536231130973,4.54545454545455
2021-05-11,8691,8,6447,1,2244,7,7234,2,60432,21,67666,23,0,171,0,223,182,1,"Anderson",76978,49.3647535659539,0.0492753623188406,29.8786666320247,10.3925796980956,4.92753623188406
2021-05-12,8704,13,6454,7,2250,6,7240,6,60500,68,67740,74,0,171,2,225,182,0,"Anderson",76978,55.8601158772636,0.0593471810089021,96.1313622073839,16.8879420094053,5.93471810089021
2021-05-13,8708,4,6456,2,2252,2,7242,2,60562,62,67804,64,0,171,2,227,182,0,"Anderson",76978,54.5610434150017,0.0451977401129944,83.1406375847645,5.19628984904778,4.51977401129944
2021-05-14,8716,8,6459,3,2257,5,7247,5,60626,64,67873,69,0,171,0,227,182,0,"Anderson",76978,58.4582608017875,0.0497237569060773,89.6359998960742,10.3925796980956,4.97237569060773
2021-05-15,8721,5,6461,2,2260,3,7249,2,60669,43,67918,45,0,171,0,227,182,0,"Anderson",76978,57.1591883395256,0.0498614958448753,58.4582608017875,6.49536231130973,4.98614958448753
2021-05-16,8723,2,6462,1,2261,1,7250,1,60695,26,67945,27,0,171,0,227,182,0,"Anderson",76978,58.4582608017875,0.0491803278688525,35.0749564810725,2.59814492452389,4.91803278688525
2021-05-17,8729,6,6467,5,2262,1,7255,5,60740,45,67995,50,1,172,0,227,182,0,"Anderson",76978,59.7573332640495,0.0653409090909091,64.9536231130973,7.79443477357167,6.53409090909091
2021-05-18,8733,4,6467,0,2266,4,7255,0,60802,62,68057,62,0,172,1,228,182,0,"Anderson",76978,54.5610434150017,0.0537084398976982,80.5424926602406,5.19628984904778,5.37084398976982
2021-05-19,8740,7,6472,5,2268,2,7261,6,60890,88,68151,94,0,172,0,228,182,0,"Anderson",76978,46.76660864143,0.0510948905109489,122.112811452623,9.09350723583361,5.10948905109489
2021-05-20,8742,2,6474,2,2268,0,7263,2,60974,84,68237,86,0,172,0,228,182,0,"Anderson",76978,44.1684637169061,0.0484988452655889,111.720231754527,2.59814492452389,4.84988452655889
2021-05-21,8744,2,6474,0,2270,2,7263,0,61023,49,68286,49,0,172,0,228,182,0,"Anderson",76978,36.3740289433345,0.0387409200968523,63.6545506508353,2.59814492452389,3.87409200968523
2021-05-22,8749,5,6476,2,2273,3,7265,2,61048,25,68313,27,0,172,0,228,182,0,"Anderson",76978,36.3740289433345,0.040506329113924,35.0749564810725,6.49536231130973,4.05063291139241
2021-05-23,8749,0,6476,0,2273,0,7265,0,61069,21,68334,21,0,172,0,228,182,0,"Anderson",76978,33.7758840188106,0.038560411311054,27.2805217075008,0,3.8560411311054
2021-05-24,8757,8,6480,4,2277,4,7268,3,61115,46,68383,49,0,172,0,228,182,0,"Anderson",76978,36.3740289433345,0.0335051546391753,63.6545506508353,10.3925796980956,3.35051546391753
2021-05-25,8759,2,6480,0,2279,2,7269,1,61140,25,68409,26,0,172,0,228,182,0,"Anderson",76978,33.7758840188106,0.0397727272727273,33.7758840188106,2.59814492452389,3.97727272727273
2021-05-26,8766,7,6485,5,2281,2,7275,6,61208,68,68483,74,0,172,0,228,182,0,"Anderson",76978,33.7758840188106,0.0421686746987952,96.1313622073839,9.09350723583361,4.21686746987952
2021-05-27,8768,2,6486,1,2282,1,7276,1,61237,29,68513,30,0,172,1,229,182,0,"Anderson",76978,33.7758840188106,0.0471014492753623,38.9721738678584,2.59814492452389,4.71014492753623
2021-05-28,8773,5,6490,4,2283,1,7281,5,61289,52,68570,57,0,172,0,229,182,0,"Anderson",76978,37.6731014055964,0.0633802816901408,74.0471303489309,6.49536231130973,6.33802816901408
2021-05-29,8774,1,6490,0,2284,1,7281,0,61312,23,68593,23,0,172,0,229,182,0,"Anderson",76978,32.4768115565486,0.0571428571428571,29.8786666320247,1.29907246226194,5.71428571428571
2021-05-30,8777,3,6491,1,2286,2,7282,1,61340,28,68622,29,0,172,0,229,182,0,"Anderson",76978,36.3740289433345,0.0590277777777778,37.6731014055964,3.89721738678583,5.90277777777778
2021-05-31,8781,4,6494,3,2287,1,7285,3,61376,36,68661,39,0,172,0,229,182,0,"Anderson",76978,31.1777390942867,0.0611510791366906,50.6638260282159,5.19628984904778,6.11510791366906
2021-06-01,8784,3,6496,2,2288,1,7286,1,61406,30,68692,31,0,172,1,230,182,0,"Anderson",76978,32.4768115565486,0.0600706713780919,40.2712463301203,3.89721738678583,6.00706713780919
2021-06-02,8788,4,6497,1,2291,3,7288,2,61435,29,68723,31,0,172,0,230,182,0,"Anderson",76978,28.5795941697628,0.0541666666666667,40.2712463301203,5.19628984904778,5.41666666666667
2021-06-03,8789,1,6497,0,2292,1,7291,3,61483,48,68774,51,1,173,0,230,183,1,"Anderson",76978,27.2805217075008,0.0574712643678161,66.2526955753592,1.29907246226194,5.74712643678161
2021-06-04,8790,1,6498,1,2292,0,7293,2,61513,30,68806,32,-1,172,0,230,183,0,"Anderson",76978,22.0842318584531,0.0508474576271186,41.5703187923822,1.29907246226194,5.08474576271187
2021-06-05,8791,1,6499,1,2292,0,7294,1,61551,38,68845,39,0,172,0,230,183,0,"Anderson",76978,22.0842318584531,0.0515873015873016,50.6638260282159,1.29907246226194,5.15873015873016
2021-06-06,8791,0,6499,0,2292,0,7294,0,61571,20,68865,20,0,172,0,230,183,0,"Anderson",76978,18.1870144716672,0.0493827160493827,25.9814492452389,0,4.93827160493827
2021-06-07,8792,1,6499,0,2293,1,7294,0,61603,32,68897,32,0,172,0,230,183,0,"Anderson",76978,14.2897970848814,0.038135593220339,41.5703187923822,1.29907246226194,3.8135593220339
2021-06-08,8793,1,6499,0,2294,1,7294,0,61627,24,68921,24,0,172,1,231,184,1,"Anderson",76978,11.6916521603575,0.0349344978165939,31.1777390942867,1.29907246226194,3.49344978165939
2021-06-09,8793,0,6499,0,2294,0,7294,0,61681,54,68975,54,0,172,0,231,184,0,"Anderson",76978,6.49536231130972,0.0238095238095238,70.149912962145,0,2.38095238095238
2021-06-10,8797,4,6500,1,2297,3,7295,1,61724,43,69019,44,0,172,0,231,184,0,"Anderson",76978,10.3925796980956,0.0163265306122449,57.1591883395256,5.19628984904778,1.63265306122449
2021-06-11,8798,1,6500,0,2298,1,7296,1,61769,45,69065,46,1,173,0,231,184,0,"Anderson",76978,10.3925796980956,0.0115830115830116,59.7573332640495,1.29907246226194,1.15830115830116
2021-06-12,8799,1,6500,0,2299,1,7297,1,61790,21,69087,22,2,175,0,231,184,0,"Anderson",76978,10.3925796980956,0.012396694214876,28.5795941697628,1.29907246226194,1.2396694214876
2021-06-13,8800,1,6500,0,2300,1,7298,1,61818,28,69116,29,0,175,0,231,184,0,"Anderson",76978,11.6916521603575,0.0159362549800797,37.6731014055964,1.29907246226194,1.59362549800797
2021-06-14,8802,2,6502,2,2300,0,7300,2,61864,46,69164,48,0,175,0,231,184,0,"Anderson",76978,12.9907246226194,0.0224719101123595,62.3554781885734,2.59814492452389,2.24719101123596
2021-06-15,8802,0,6502,0,2300,0,7301,1,61886,22,69187,23,0,175,0,231,184,0,"Anderson",76978,11.6916521603575,0.0263157894736842,29.8786666320247,0,2.63157894736842
2021-06-16,8803,1,6503,1,2300,0,7302,1,61916,30,69218,31,0,175,0,231,184,0,"Anderson",76978,12.9907246226194,0.0329218106995885,40.2712463301203,1.29907246226194,3.29218106995885
2021-06-17,8803,0,6503,0,2300,0,7302,0,61971,55,69273,55,0,175,0,231,184,0,"Anderson",76978,7.79443477357167,0.0275590551181102,71.448985424407,0,2.75590551181102
2021-06-18,8805,2,6504,1,2301,1,7306,4,62003,32,69309,36,0,175,0,231,184,0,"Anderson",76978,9.09350723583361,0.040983606557377,46.76660864143,2.59814492452389,4.0983606557377
2021-06-19,8805,0,6504,0,2301,0,7306,0,62024,21,69330,21,0,175,0,231,184,0,"Anderson",76978,7.79443477357167,0.037037037037037,27.2805217075008,0,3.7037037037037
2021-06-20,8805,0,6504,0,2301,0,7307,1,62032,8,69339,9,0,175,0,231,184,0,"Anderson",76978,6.49536231130972,0.0403587443946188,11.6916521603575,0,4.03587443946188
2021-06-21,8806,1,6504,0,2302,1,7307,0,62056,24,69363,24,0,175,0,231,184,0,"Anderson",76978,5.19628984904778,0.0351758793969849,31.1777390942867,1.29907246226194,3.51758793969849
2021-06-22,8810,4,6505,1,2305,3,7307,0,62086,30,69393,30,0,175,1,232,184,0,"Anderson",76978,10.3925796980956,0.029126213592233,38.9721738678584,5.19628984904778,2.9126213592233
2021-06-23,8811,1,6506,1,2305,0,7308,1,62117,31,69425,32,0,175,0,232,184,0,"Anderson",76978,10.3925796980956,0.0289855072463768,41.5703187923822,1.29907246226194,2.89855072463768
2021-06-24,8811,0,6506,0,2305,0,7309,1,62143,26,69452,27,0,175,0,232,184,0,"Anderson",76978,10.3925796980956,0.0391061452513966,35.0749564810725,0,3.91061452513966
2021-06-25,8812,1,6507,1,2305,0,7310,1,62170,27,69480,28,0,175,0,232,184,0,"Anderson",76978,9.09350723583361,0.0233918128654971,36.3740289433345,1.29907246226194,2.33918128654971
2021-06-26,8813,1,6508,1,2305,0,7311,1,62185,15,69496,16,0,175,0,232,184,0,"Anderson",76978,10.3925796980956,0.0301204819277108,20.7851593961911,1.29907246226194,3.01204819277108
2021-06-27,8813,0,6508,0,2305,0,7311,0,62208,23,69519,23,0,175,0,232,184,0,"Anderson",76978,10.3925796980956,0.0222222222222222,29.8786666320247,0,2.22222222222222
2021-06-28,8814,1,6508,0,2306,1,7312,1,62223,15,69535,16,0,175,0,232,184,0,"Anderson",76978,10.3925796980956,0.0290697674418605,20.7851593961911,1.29907246226194,2.90697674418605
2021-06-29,8817,3,6511,3,2306,0,7315,3,62255,32,69570,35,0,175,0,232,184,0,"Anderson",76978,9.09350723583361,0.0451977401129944,45.4675361791681,3.89721738678583,4.51977401129944
2021-06-30,8817,0,6511,0,2306,0,7315,0,62284,29,69599,29,0,175,0,232,184,0,"Anderson",76978,7.79443477357167,0.0402298850574713,37.6731014055964,0,4.02298850574713
2021-07-01,8818,1,6512,1,2306,0,7316,1,62310,26,69626,27,0,175,0,232,184,0,"Anderson",76978,9.09350723583361,0.0402298850574713,35.0749564810725,1.29907246226194,4.02298850574713
2021-07-02,8818,0,6512,0,2306,0,7316,0,62337,27,69653,27,0,175,0,232,184,0,"Anderson",76978,7.79443477357167,0.0346820809248555,35.0749564810725,0,3.46820809248555
2021-07-03,8818,0,6512,0,2306,0,7316,0,62347,10,69663,10,0,175,0,232,184,0,"Anderson",76978,6.49536231130972,0.029940119760479,12.9907246226195,0,2.9940119760479
2021-07-04,8819,1,6512,0,2307,1,7317,1,62362,15,69679,16,0,175,0,232,184,0,"Anderson",76978,7.79443477357167,0.0375,20.7851593961911,1.29907246226194,3.75
2021-07-05,8819,0,6512,0,2307,0,7318,1,62376,14,69694,15,0,175,0,232,184,0,"Anderson",76978,6.49536231130972,0.0377358490566038,19.4860869339292,0,3.77358490566038
2021-07-06,8820,1,6512,0,2308,1,7318,0,62403,27,69721,27,1,176,0,232,184,0,"Anderson",76978,3.89721738678583,0.0198675496688742,35.0749564810725,1.29907246226194,1.98675496688742
2021-07-07,8821,1,6512,0,2309,1,7318,0,62432,29,69750,29,0,176,0,232,184,0,"Anderson",76978,5.19628984904778,0.0198675496688742,37.6731014055964,1.29907246226194,1.98675496688742
2021-07-08,8822,1,6513,1,2309,0,7319,1,62461,29,69780,30,0,176,0,232,184,0,"Anderson",76978,5.19628984904778,0.0194805194805195,38.9721738678584,1.29907246226194,1.94805194805195
2021-07-09,8824,2,6514,1,2310,1,7320,1,62489,28,69809,29,0,176,0,232,184,0,"Anderson",76978,7.79443477357167,0.0256410256410256,37.6731014055964,2.59814492452389,2.56410256410256
2021-07-10,8826,2,6515,1,2311,1,7321,1,62503,14,69824,15,0,176,1,233,184,0,"Anderson",76978,10.3925796980956,0.031055900621118,19.4860869339292,2.59814492452389,3.1055900621118
2021-07-11,8826,0,6515,0,2311,0,7321,0,62515,12,69836,12,0,176,0,233,184,0,"Anderson",76978,9.09350723583361,0.0254777070063694,15.5888695471433,0,2.54777070063694
2021-07-12,8834,8,6519,4,2315,4,7325,4,62534,19,69859,23,0,176,1,234,184,0,"Anderson",76978,19.4860869339292,0.0424242424242424,29.8786666320247,10.3925796980956,4.24242424242424
2021-07-13,8835,1,6519,0,2316,1,7325,0,62546,12,69871,12,0,176,0,234,186,2,"Anderson",76978,19.4860869339292,0.0466666666666667,15.5888695471433,1.29907246226194,4.66666666666667
2021-07-14,8840,5,6524,5,2316,0,7330,5,62582,36,69912,41,0,176,1,235,186,0,"Anderson",76978,24.682376782977,0.0740740740740741,53.2619709527397,6.49536231130973,7.40740740740741
2021-07-15,8843,3,6527,3,2316,0,7332,2,62604,22,69936,24,0,176,0,235,186,0,"Anderson",76978,27.2805217075008,0.0833333333333333,31.1777390942867,3.89721738678583,8.33333333333333
2021-07-16,8853,10,6529,2,2324,8,7333,1,62622,18,69955,19,0,176,0,235,186,0,"Anderson",76978,37.6731014055964,0.089041095890411,24.682376782977,12.9907246226195,8.9041095890411
2021-07-17,8858,5,6530,1,2328,4,7334,1,62649,27,69983,28,0,176,0,235,186,0,"Anderson",76978,41.5703187923822,0.0817610062893082,36.3740289433345,6.49536231130973,8.17610062893082
2021-07-18,8861,3,6532,2,2329,1,7336,2,62660,11,69996,13,0,176,0,235,186,0,"Anderson",76978,45.4675361791681,0.09375,16.8879420094053,3.89721738678583,9.375
2021-07-19,8866,5,6536,4,2330,1,7340,4,62684,24,70024,28,0,176,0,235,186,0,"Anderson",76978,41.5703187923822,0.0909090909090909,36.3740289433345,6.49536231130973,9.09090909090909
2021-07-20,8881,15,6547,11,2334,4,7351,11,62714,30,70065,41,0,176,1,236,186,0,"Anderson",76978,59.7573332640495,0.134020618556701,53.2619709527397,19.4860869339292,13.4020618556701
2021-07-21,8888,7,6551,4,2337,3,7356,5,62775,61,70131,66,0,176,0,236,187,1,"Anderson",76978,62.3554781885734,0.118721461187215,85.7387825092884,9.09350723583361,11.8721461187215
2021-07-22,8898,10,6556,5,2342,5,7360,4,62818,43,70178,47,0,176,0,236,187,0,"Anderson",76978,71.448985424407,0.115702479338843,61.0564057263114,12.9907246226195,11.5702479338843
2021-07-23,8908,10,6560,4,2348,6,7365,5,62850,32,70215,37,0,176,0,236,187,0,"Anderson",76978,71.448985424407,0.123076923076923,48.065681103692,12.9907246226195,12.3076923076923
2021-07-24,8916,8,6564,4,2352,4,7369,4,62888,38,70257,42,0,176,0,236,188,1,"Anderson",76978,75.3462028111928,0.127737226277372,54.5610434150017,10.3925796980956,12.7737226277372
2021-07-25,8921,5,6567,3,2354,2,7370,1,62902,14,70272,15,0,176,0,236,188,0,"Anderson",76978,77.9443477357167,0.123188405797101,19.4860869339292,6.49536231130973,12.3188405797101
2021-07-26,8944,23,6576,9,2368,14,7378,8,62932,30,70310,38,2,178,0,236,188,0,"Anderson",76978,101.327652056432,0.132867132867133,49.3647535659539,29.8786666320247,13.2867132867133
2021-07-27,8959,15,6581,5,2378,10,7383,5,62967,35,70350,40,0,178,0,236,188,0,"Anderson",76978,101.327652056432,0.112280701754386,51.9628984904778,19.4860869339292,11.2280701754386
2021-07-28,8980,21,6590,9,2390,12,7396,13,63028,61,70424,74,0,178,0,236,188,0,"Anderson",76978,119.514666528099,0.136518771331058,96.1313622073839,27.2805217075008,13.6518771331058
2021-07-29,8992,12,6600,10,2392,2,7408,12,63069,41,70477,53,0,178,0,236,188,0,"Anderson",76978,122.112811452623,0.160535117056856,68.8508404998831,15.5888695471433,16.0535117056856
2021-07-30,9023,31,6621,21,2402,10,7431,23,63102,33,70533,56,0,178,1,237,188,0,"Anderson",76978,149.393333160124,0.207547169811321,72.7480578866689,40.2712463301203,20.7547169811321
2021-07-31,9036,13,6627,6,2409,7,7437,6,63129,27,70566,33,0,178,0,237,188,0,"Anderson",76978,155.888695471433,0.220064724919094,42.8693912546442,16.8879420094053,22.0064724919094
2021-08-01,9055,19,6639,12,2416,7,7452,15,63161,32,70613,47,0,178,0,237,188,0,"Anderson",76978,174.075709943101,0.240469208211144,61.0564057263114,24.682376782977,24.0469208211144
2021-08-02,9067,12,6645,6,2422,6,7458,6,63219,58,70677,64,0,178,0,237,188,0,"Anderson",76978,159.785912858219,0.217983651226158,83.1406375847645,15.5888695471433,21.7983651226158
2021-08-03,9090,23,6656,11,2434,12,7471,13,63279,60,70750,73,0,178,1,238,188,0,"Anderson",76978,170.178492556315,0.22,94.832289745122,29.8786666320247,22
2021-08-04,9116,26,6678,22,2438,4,7492,21,63363,84,70855,105,0,178,0,238,188,0,"Anderson",76978,176.673854867625,0.222737819025522,136.402608537504,33.7758840188106,22.2737819025522
2021-08-05,9147,31,6695,17,2452,14,7508,16,63440,77,70948,93,0,178,1,239,188,0,"Anderson",76978,201.356231650601,0.212314225053079,120.813738990361,40.2712463301203,21.2314225053079
2021-08-06,9171,24,6711,16,2460,8,7526,18,63558,118,71084,136,0,178,1,240,188,0,"Anderson",76978,192.262724414768,0.172413793103448,176.673854867625,31.1777390942867,17.2413793103448
2021-08-07,9185,14,6718,7,2467,7,7534,8,63621,63,71155,71,0,178,0,240,188,0,"Anderson",76978,193.56179687703,0.164685908319185,92.2341448205981,18.1870144716672,16.4685908319185
2021-08-08,9199,14,6726,8,2473,6,7544,10,63656,35,71200,45,0,178,0,240,188,0,"Anderson",76978,187.06643456572,0.156729131175468,58.4582608017875,18.1870144716672,15.6729131175468
2021-08-09,9235,36,6745,19,2490,17,7563,19,63732,76,71295,95,0,178,0,240,188,0,"Anderson",76978,218.244173660007,0.169902912621359,123.411883914885,46.76660864143,16.9902912621359
2021-08-10,9274,39,6765,20,2509,19,7583,20,63809,77,71392,97,0,178,2,242,188,0,"Anderson",76978,239.029333056198,0.174454828660436,126.010028839409,50.6638260282159,17.4454828660436
2021-08-11,9328,54,6790,25,2538,29,7613,30,63899,90,71512,120,0,178,1,243,188,0,"Anderson",76978,275.403361999532,0.184170471841705,155.888695471433,70.149912962145,18.4170471841705
2021-08-12,9377,49,6827,37,2550,12,7651,38,64030,131,71681,169,0,178,0,243,190,2,"Anderson",76978,298.786666320247,0.195088676671214,219.543246122269,63.6545506508353,19.5088676671214
2021-08-13,9440,63,6862,35,2578,28,7689,38,64125,95,71814,133,2,180,1,244,191,1,"Anderson",76978,349.450492348463,0.223287671232877,172.776637480839,81.8415651225025,22.3287671232877
2021-08-14,9490,50,6897,35,2593,15,7721,32,64272,147,71993,179,0,180,0,244,191,0,"Anderson",76978,396.217100989893,0.223150357995227,232.533970744888,64.9536231130973,22.3150357995227
2021-08-15,9513,23,6910,13,2603,10,7736,15,64337,65,72073,80,0,180,0,244,191,0,"Anderson",76978,407.908753150251,0.219931271477663,103.925796980956,29.8786666320247,21.9931271477663
2021-08-16,9551,38,6934,24,2617,14,7760,24,64412,75,72172,99,0,180,0,244,192,1,"Anderson",76978,410.506898074775,0.224629418472064,128.608173763933,49.3647535659539,22.4629418472064
2021-08-17,9594,43,6955,21,2639,22,7784,24,64504,92,72288,116,1,181,0,244,192,0,"Anderson",76978,415.703187923822,0.224330357142857,150.692405622386,55.8601158772636,22.4330357142857
2021-08-18,9646,52,6982,27,2664,25,7815,31,64589,85,72404,116,0,181,0,244,193,1,"Anderson",76978,413.105042999299,0.226457399103139,150.692405622386,67.5517680376211,22.6457399103139
2021-08-19,9720,74,7015,33,2705,41,7851,36,64710,121,72561,157,0,181,0,244,193,0,"Anderson",76978,445.581854555847,0.227272727272727,203.954376575125,96.1313622073839,22.7272727272727
2021-08-20,9780,60,7057,42,2723,18,7895,44,64858,148,72753,192,0,181,2,246,193,0,"Anderson",76978,441.684637169061,0.219382321618743,249.421912754293,77.9443477357167,21.9382321618743
2021-08-21,9862,82,7091,34,2771,48,7929,34,65063,205,72992,239,0,181,1,247,193,0,"Anderson",76978,483.254955961444,0.208208208208208,310.478318480605,106.523941905479,20.8208208208208
2021-08-22,9884,22,7112,21,2772,1,7957,28,65188,125,73145,153,0,181,0,247,193,0,"Anderson",76978,481.955883499182,0.20615671641791,198.758086726078,28.5795941697628,20.615671641791
2021-08-23,9934,50,7127,15,2807,35,7975,18,65296,108,73271,126,0,181,2,249,194,1,"Anderson",76978,497.544753046325,0.195632393084622,163.683130245005,64.9536231130973,19.5632393084622
2021-08-24,9979,45,7155,28,2824,17,7999,24,65373,77,73372,101,1,182,0,249,195,1,"Anderson",76978,500.142897970849,0.198339483394834,131.206318688456,58.4582608017875,19.8339483394834
2021-08-25,10052,73,7182,27,2870,46,8022,23,65404,31,73426,54,0,182,1,250,195,0,"Anderson",76978,527.42341967835,0.202544031311155,70.149912962145,94.832289745122,20.2544031311155
2021-08-26,10120,68,7218,36,2902,32,8066,44,65553,149,73619,193,1,183,2,252,196,1,"Anderson",76978,519.628984904778,0.203213610586011,250.720985216555,88.3369274338123,20.3213610586011
2021-08-27,10198,78,7275,57,2923,21,8130,64,65692,139,73822,203,0,183,0,252,196,0,"Anderson",76978,543.012289225493,0.219831618334892,263.711709839175,101.327652056432,21.9831618334892
2021-08-28,10256,58,7306,31,2950,27,8170,40,65858,166,74028,206,0,183,0,252,196,0,"Anderson",76978,511.834550131206,0.232625482625483,267.608927225961,75.3462028111928,23.2625482625483
2021-08-29,10320,64,7355,49,2965,15,8222,52,66017,159,74239,211,0,183,1,253,197,1,"Anderson",76978,566.395593546208,0.242230347349177,274.10428953727,83.1406375847645,24.2230347349177
2021-08-30,10393,73,7402,47,2991,26,8271,49,66188,171,74459,220,0,183,3,256,197,0,"Anderson",76978,596.274260178233,0.249158249158249,285.795941697628,94.832289745122,24.9158249158249
2021-08-31,10527,134,7484,82,3043,52,8359,88,66392,204,74751,292,0,183,0,256,198,1,"Anderson",76978,711.891709319546,0.261058738216099,379.329158980488,174.075709943101,26.1058738216099
2021-09-01,10557,30,7506,22,3051,8,8383,24,66470,78,74853,102,0,183,0,256,199,1,"Anderson",76978,656.031593442282,0.252978276103714,132.505391150718,38.9721738678584,25.2978276103714
2021-09-02,10620,63,7535,29,3085,34,8415,32,66550,80,74965,112,1,184,0,256,199,0,"Anderson",76978,649.536231130973,0.259286775631501,145.496115773338,81.8415651225025,25.9286775631501
2021-09-03,10648,28,7552,17,3096,11,8432,17,66607,57,75039,74,0,184,0,256,199,0,"Anderson",76978,584.582608017875,0.248151191454396,96.1313622073839,36.3740289433345,24.8151191454396
2021-09-04,10755,107,7621,69,3134,38,8507,75,66871,264,75378,339,0,184,1,257,199,0,"Anderson",76978,648.23715866871,0.24962962962963,440.385564706799,139.000753462028,24.962962962963
2021-09-05,10868,113,7695,74,3173,39,8583,76,67166,295,75749,371,0,184,1,258,200,1,"Anderson",76978,711.891709319546,0.239072847682119,481.955883499182,146.7951882356,23.9072847682119
2021-09-06,10989,121,7776,81,3213,40,8674,91,67573,407,76247,498,0,184,4,262,201,1,"Anderson",76978,774.247187508119,0.225391498881432,646.938086206449,157.187767933695,22.5391498881432
2021-09-07,11026,37,7796,20,3230,17,8692,18,67672,99,76364,117,0,184,0,262,201,0,"Anderson",76978,648.23715866871,0.206447613143211,151.991478084648,48.065681103692,20.6447613143211
2021-09-08,11067,41,7828,32,3239,9,8726,34,67779,107,76505,141,0,184,2,264,204,3,"Anderson",76978,662.526955753592,0.207627118644068,183.169217178934,53.2619709527397,20.7627118644068
2021-09-09,11126,59,7849,21,3277,38,8744,18,67985,206,76729,224,0,184,1,265,207,3,"Anderson",76978,657.330665904544,0.186507936507937,290.992231546676,76.6452752734548,18.6507936507937
2021-09-10,11280,154,7923,74,3357,80,8825,81,68277,292,77102,373,1,185,2,267,208,1,"Anderson",76978,821.013796149549,0.190499272903539,484.554028423705,200.05715918834,19.0499272903539
2021-09-11,11400,120,7990,67,3410,53,8899,74,68623,346,77522,420,0,185,2,269,208,0,"Anderson",76978,837.901738158954,0.182835820895522,545.610434150017,155.888695471433,18.2835820895522
2021-09-12,11438,38,8022,32,3416,6,8934,35,68766,143,77700,178,0,185,4,273,209,1,"Anderson",76978,740.471303489309,0.179907739620707,231.234898282626,49.3647535659539,17.9907739620707
2021-09-13,11525,87,8056,34,3469,53,8968,34,68896,130,77864,164,4,189,3,276,209,0,"Anderson",76978,696.302839772403,0.181818181818182,213.047883810959,113.019304216789,18.1818181818182
2021-09-14,11587,62,8087,31,3500,31,9004,36,69055,159,78059,195,1,190,1,277,209,0,"Anderson",76978,728.779651328951,0.184070796460177,253.319130141079,80.5424926602406,18.4070796460177
2021-09-15,11627,40,8104,17,3523,23,9019,15,69116,61,78135,76,0,190,1,278,210,1,"Anderson",76978,727.480578866689,0.179754601226994,98.7295071319078,51.9628984904778,17.9754601226994
2021-09-16,11716,89,8161,57,3555,32,9078,59,69338,222,78416,281,0,190,1,279,210,0,"Anderson",76978,766.452752734548,0.197984588026082,365.039361895607,115.617449141313,19.7984588026082
2021-09-17,11787,71,8201,40,3586,31,9117,39,69501,163,78618,202,0,190,1,280,214,4,"Anderson",76978,658.629738366806,0.192612137203166,262.412637376913,92.2341448205981,19.2612137203166
2021-09-18,11839,52,8231,30,3608,22,9150,33,69654,153,78804,186,0,190,1,281,215,1,"Anderson",76978,570.292810932994,0.195787831513261,241.627477980722,67.5517680376211,19.5787831513261
2021-09-19,11862,23,8240,9,3622,14,9160,10,69722,68,78882,78,0,190,0,281,215,0,"Anderson",76978,550.806723999065,0.191201353637902,101.327652056432,29.8786666320247,19.1201353637902
2021-09-20,11926,64,8276,36,3650,28,9197,37,69908,186,79105,223,0,190,3,284,215,0,"Anderson",76978,520.92805736704,0.184528605962933,289.693159084414,83.1406375847645,18.4528605962933
2021-09-21,11980,54,8302,26,3678,28,9221,24,70026,118,79247,142,0,190,1,285,216,1,"Anderson",76978,510.535477668944,0.182659932659933,184.468289641196,70.149912962145,18.2659932659933
2021-09-22,12031,51,8336,34,3695,17,9261,40,70298,272,79559,312,0,190,0,285,219,3,"Anderson",76978,524.825274753826,0.169943820224719,405.310608225727,66.2526955753592,16.9943820224719
2021-09-23,12107,76,8384,48,3723,28,9312,51,70506,208,79818,259,2,192,1,286,219,0,"Anderson",76978,507.93733274442,0.166904422253923,336.459767725844,98.7295071319078,16.6904422253923
2021-09-24,12146,39,8404,20,3742,19,9336,24,70645,139,79981,163,2,194,1,287,222,3,"Anderson",76978,466.367013952038,0.160674981658107,211.748811348697,50.6638260282159,16.0674981658107
2021-09-25,12156,10,8408,4,3748,6,9342,6,70739,94,80081,100,0,194,0,287,222,0,"Anderson",76978,411.805970537037,0.150352388410337,129.907246226195,12.9907246226195,15.0352388410337
2021-09-26,12174,18,8423,15,3751,3,9360,18,70876,137,80236,155,1,195,0,287,222,0,"Anderson",76978,405.310608225727,0.147710487444609,201.356231650601,23.383304320715,14.7710487444609
2021-09-27,12225,51,8445,22,3780,29,9383,23,70960,84,80343,107,1,196,1,288,223,1,"Anderson",76978,388.422666216322,0.150242326332795,139.000753462028,66.2526955753592,15.0242326332795
2021-09-28,12274,49,8469,24,3805,25,9410,27,71052,92,80462,119,0,196,1,289,223,0,"Anderson",76978,381.927303905012,0.155555555555556,154.589623009171,63.6545506508353,15.5555555555556
2021-09-29,12313,39,8485,16,3828,23,9427,17,71241,189,80668,206,2,198,0,289,225,2,"Anderson",76978,366.338434357868,0.149684400360685,267.608927225961,50.6638260282159,14.9684400360685
2021-09-30,12375,62,8523,38,3852,24,9467,40,71413,172,80880,212,0,198,1,290,226,1,"Anderson",76978,348.151419886201,0.145951035781544,275.403361999532,80.5424926602406,14.5951035781544
2021-10-01,12426,51,8550,27,3876,24,9496,29,71564,151,81060,180,0,198,1,291,227,1,"Anderson",76978,363.740289433345,0.148285449490269,233.83304320715,66.2526955753592,14.8285449490269
2021-10-02,12443,17,8557,7,3886,10,9502,6,71644,80,81146,86,1,199,0,291,229,2,"Anderson",76978,372.833796669178,0.150234741784038,111.720231754527,22.0842318584531,15.0234741784038
2021-10-03,12457,14,8567,10,3890,4,9512,10,71742,98,81254,108,4,203,0,291,229,0,"Anderson",76978,367.63750682013,0.149312377210216,140.29982592429,18.1870144716672,14.9312377210216
2021-10-04,12502,45,8590,23,3912,22,9538,26,71862,120,81400,146,1,204,0,291,231,2,"Anderson",76978,359.843072046559,0.146641438032167,189.664579490244,58.4582608017875,14.6641438032166
2021-10-05,12555,53,8619,29,3936,24,9568,30,71989,127,81557,157,2,206,0,291,232,1,"Anderson",76978,365.039361895607,0.144292237442922,203.954376575125,68.8508404998831,14.4292237442922
2021-10-06,12584,29,8641,22,3943,7,9594,26,72154,165,81748,191,1,207,0,291,233,1,"Anderson",76978,352.048637272987,0.15462962962963,248.122840292031,37.6731014055964,15.462962962963
2021-10-07,12617,33,8662,21,3955,12,9618,24,72293,139,81911,163,0,207,0,291,235,2,"Anderson",76978,314.375535867391,0.146459747817653,211.748811348697,42.8693912546442,14.6459747817653
2021-10-08,12636,19,8667,5,3969,14,9627,9,72423,130,82050,139,1,208,1,292,235,0,"Anderson",76978,272.805217075008,0.132323232323232,180.57107225441,24.682376782977,13.2323232323232
2021-10-09,12651,15,8670,3,3981,12,9634,7,72485,62,82119,69,0,208,0,292,236,1,"Anderson",76978,270.207072150485,0.135662898252826,89.6359998960742,19.4860869339292,13.5662898252826
2021-10-10,12661,10,8678,8,3983,2,9643,9,72572,87,82215,96,0,208,0,292,236,0,"Anderson",76978,265.010782301437,0.136316337148803,124.710956377147,12.9907246226195,13.6316337148803
2021-10-11,12701,40,8692,14,4009,26,9656,13,72673,101,82329,114,0,208,1,293,236,0,"Anderson",76978,258.515419990127,0.127018299246502,148.094260697862,51.9628984904778,12.7018299246502
2021-10-12,12736,35,8716,24,4020,11,9678,22,72772,99,82450,121,2,210,3,296,236,0,"Anderson",76978,235.132115669412,0.123180291153415,157.187767933695,45.4675361791681,12.3180291153415
2021-10-13,12762,26,8730,14,4032,12,9696,18,72884,112,82580,130,0,210,1,297,239,3,"Anderson",76978,231.234898282626,0.122596153846154,168.879420094053,33.7758840188106,12.2596153846154
2021-10-14,12782,20,8740,10,4042,10,9710,14,72987,103,82697,117,1,211,0,297,239,0,"Anderson",76978,214.346956273221,0.11704834605598,151.991478084648,25.9814492452389,11.704834605598
2021-10-15,12805,23,8752,12,4053,11,9723,13,73108,121,82831,134,0,211,1,298,239,0,"Anderson",76978,219.543246122269,0.12291933418694,174.075709943101,29.8786666320247,12.291933418694
2021-10-16,12815,10,8759,7,4056,3,9732,9,73163,55,82895,64,0,211,1,299,239,0,"Anderson",76978,213.047883810959,0.126288659793814,83.1406375847645,12.9907246226195,12.6288659793814
2021-10-17,12817,2,8760,1,4057,1,9733,1,73214,51,82947,52,0,211,0,299,239,0,"Anderson",76978,202.655304112863,0.122950819672131,67.5517680376211,2.59814492452389,12.2950819672131
2021-10-18,12841,24,8770,10,4071,14,9744,11,73281,67,83025,78,1,212,1,300,239,0,"Anderson",76978,181.870144716672,0.126436781609195,101.327652056432,31.1777390942867,12.6436781609195
2021-10-19,12871,30,8783,13,4088,17,9755,11,73392,111,83147,122,2,214,1,301,239,0,"Anderson",76978,175.374782405363,0.110473457675753,158.486840395957,38.9721738678584,11.0473457675753
2021-10-20,12906,35,8809,26,4097,9,9784,29,73503,111,83287,140,0,214,1,302,240,1,"Anderson",76978,187.06643456572,0.124469589816124,181.870144716672,45.4675361791681,12.4469589816124
2021-10-21,12938,32,8827,18,4111,14,9802,18,73596,93,83398,111,0,214,1,303,241,1,"Anderson",76978,202.655304112863,0.131241084165478,144.197043311076,41.5703187923822,13.1241084165478
2021-10-22,12948,10,8834,7,4114,3,9811,9,73672,76,83483,85,0,214,1,304,241,0,"Anderson",76978,185.767362103458,0.134969325153374,110.421159292265,12.9907246226195,13.4969325153374
2021-10-23,12965,17,8838,4,4127,13,9815,4,73725,53,83540,57,0,214,1,305,241,0,"Anderson",76978,194.860869339292,0.128682170542636,74.0471303489309,22.0842318584531,12.8682170542636
2021-10-24,12971,6,8843,5,4128,1,9822,7,73777,52,83599,59,0,214,0,305,242,1,"Anderson",76978,200.05715918834,0.136503067484663,76.6452752734548,7.79443477357167,13.6503067484663
2021-10-25,12996,25,8857,14,4139,11,9837,15,73848,71,83685,86,1,215,2,307,242,0,"Anderson",76978,201.356231650601,0.140909090909091,111.720231754527,32.4768115565486,14.0909090909091
2021-10-26,13008,12,8863,6,4145,6,9843,6,73912,64,83755,70,0,215,0,307,243,1,"Anderson",76978,177.972927329886,0.144736842105263,90.9350723583361,15.5888695471433,14.4736842105263
2021-10-27,13026,18,8873,10,4153,8,9856,13,74033,121,83889,134,1,216,2,309,245,2,"Anderson",76978,155.888695471433,0.119601328903654,174.075709943101,23.383304320715,11.9601328903654
2021-10-28,13048,22,8887,14,4161,8,9873,17,74115,82,83988,99,1,217,0,309,246,1,"Anderson",76978,142.897970848814,0.120338983050847,128.608173763933,28.5795941697628,12.0338983050847
2021-10-29,13069,21,8898,11,4171,10,9885,12,74228,113,84113,125,0,217,1,310,246,0,"Anderson",76978,157.187767933695,0.117460317460317,162.384057782743,27.2805217075008,11.7460317460317
2021-10-30,13081,12,8902,4,4179,8,9890,5,74315,87,84205,92,0,217,1,311,246,0,"Anderson",76978,150.692405622386,0.112781954887218,119.514666528099,15.5888695471433,11.2781954887218
2021-10-31,13084,3,8904,2,4180,1,9893,3,74354,39,84247,42,0,217,0,311,246,0,"Anderson",76978,146.7951882356,0.109567901234568,54.5610434150017,3.89721738678583,10.9567901234568
2021-11-01,13111,27,8909,5,4202,22,9897,4,74441,87,84338,91,1,218,1,312,247,1,"Anderson",76978,149.393333160124,0.0918836140888208,118.215594065837,35.0749564810725,9.18836140888208
2021-11-02,13131,20,8914,5,4217,15,9902,5,74517,76,84419,81,2,220,1,313,247,0,"Anderson",76978,159.785912858219,0.088855421686747,105.224869443218,25.9814492452389,8.8855421686747
2021-11-03,13161,30,8932,18,4229,12,9920,18,74717,200,84637,218,1,221,0,313,247,0,"Anderson",76978,175.374782405363,0.0855614973262032,283.197796773104,38.9721738678584,8.55614973262032
2021-11-04,13183,22,8947,15,4236,7,9936,16,74847,130,84783,146,0,221,0,313,247,0,"Anderson",76978,175.374782405363,0.0792452830188679,189.664579490244,28.5795941697628,7.92452830188679
2021-11-05,13193,10,8950,3,4243,7,9937,1,74966,119,84903,120,0,221,0,313,247,0,"Anderson",76978,161.084985320481,0.0658227848101266,155.888695471433,12.9907246226195,6.58227848101266
2021-11-06,13202,9,8954,4,4248,5,9942,5,75051,85,84993,90,0,221,3,316,248,1,"Anderson",76978,157.187767933695,0.065989847715736,116.916521603575,11.6916521603575,6.5989847715736
2021-11-07,13208,6,8959,5,4249,1,9948,6,75099,48,85047,54,0,221,0,316,248,0,"Anderson",76978,161.084985320481,0.06875,70.149912962145,7.79443477357167,6.875
2021-11-08,13233,25,8970,11,4263,14,9961,13,75185,86,85146,99,1,222,0,316,248,0,"Anderson",76978,158.486840395957,0.0792079207920792,128.608173763933,32.4768115565486,7.92079207920792
2021-11-09,13256,23,8977,7,4279,16,9967,6,75339,154,85306,160,1,223,0,316,249,1,"Anderson",76978,162.384057782743,0.0732807215332582,207.851593961911,29.8786666320247,7.32807215332582
2021-11-10,13274,18,8989,12,4285,6,9980,13,75453,114,85433,127,0,223,1,317,250,1,"Anderson",76978,146.7951882356,0.0753768844221105,164.982202707267,23.383304320715,7.53768844221105
2021-11-11,13297,23,9007,18,4290,5,9998,18,75643,190,85641,208,0,223,0,317,251,1,"Anderson",76978,148.094260697862,0.0722610722610723,270.207072150485,29.8786666320247,7.22610722610723
2021-11-12,13310,13,9015,8,4295,5,10006,8,75771,128,85777,136,0,223,1,318,251,0,"Anderson",76978,151.991478084648,0.0789473684210526,176.673854867625,16.8879420094053,7.89473684210526
2021-11-13,13317,7,9019,4,4298,3,10010,4,75822,51,85832,55,3,226,1,319,252,1,"Anderson",76978,149.393333160124,0.0810488676996424,71.448985424407,9.09350723583361,8.10488676996424
2021-11-14,13319,2,9021,2,4298,0,10013,3,75901,79,85914,82,0,226,0,319,252,0,"Anderson",76978,144.197043311076,0.0749711649365629,106.523941905479,2.59814492452389,7.49711649365629
2021-11-15,13351,32,9035,14,4316,18,10027,14,75985,84,86012,98,0,226,0,319,253,1,"Anderson",76978,153.29055054691,0.0762124711316397,127.309101301671,41.5703187923822,7.62124711316397
2021-11-16,13376,25,9048,13,4328,12,10040,13,76103,118,86143,131,1,227,0,319,254,1,"Anderson",76978,155.888695471433,0.0872162485065711,170.178492556315,32.4768115565486,8.72162485065711
2021-11-17,13393,17,9057,9,4336,8,10049,9,76217,114,86266,123,0,227,2,321,256,2,"Anderson",76978,154.589623009171,0.0828331332533013,159.785912858219,22.0842318584531,8.28331332533013
2021-11-18,13415,22,9070,13,4345,9,10066,17,76347,130,86413,147,4,231,0,321,258,2,"Anderson",76978,153.29055054691,0.0880829015544041,190.963651952506,28.5795941697628,8.80829015544041
2021-11-19,13429,14,9076,6,4353,8,10073,7,76456,109,86529,116,1,232,0,321,258,0,"Anderson",76978,154.589623009171,0.0890957446808511,150.692405622386,18.1870144716672,8.90957446808511
2021-11-20,13438,9,9081,5,4357,4,10078,5,76548,92,86626,97,0,232,0,321,259,1,"Anderson",76978,157.187767933695,0.0856423173803526,126.010028839409,11.6916521603575,8.56423173803526
2021-11-21,13450,12,9087,6,4363,6,10084,6,76588,40,86672,46,0,232,0,321,259,0,"Anderson",76978,170.178492556315,0.0936675461741425,59.7573332640495,15.5888695471433,9.36675461741425
2021-11-22,13478,28,9104,17,4374,11,10102,18,76710,122,86812,140,1,233,0,321,259,0,"Anderson",76978,164.982202707267,0.09375,181.870144716672,36.3740289433345,9.375
2021-11-23,13495,17,9110,6,4385,11,10107,5,76807,97,86914,102,0,233,1,322,261,2,"Anderson",76978,154.589623009171,0.0869001297016861,132.505391150718,22.0842318584531,8.69001297016861
2021-11-24,13520,25,9126,16,4394,9,10119,12,76917,110,87036,122,1,234,1,323,261,0,"Anderson",76978,164.982202707267,0.0909090909090909,158.486840395957,32.4768115565486,9.09090909090909
2021-11-25,13525,5,9128,2,4397,3,10120,1,76962,45,87082,46,0,234,2,325,261,0,"Anderson",76978,142.897970848814,0.0807174887892377,59.7573332640495,6.49536231130973,8.07174887892377
2021-11-26,13532,7,9134,6,4398,1,10129,9,77005,43,87134,52,0,234,0,325,262,1,"Anderson",76978,133.80446361298,0.0925619834710744,67.5517680376211,9.09350723583361,9.25619834710744
2021-11-27,13537,5,9136,2,4401,3,10131,2,77041,36,87172,38,0,234,0,325,262,0,"Anderson",76978,128.608173763933,0.0970695970695971,49.3647535659539,6.49536231130973,9.70695970695971
2021-11-28,13547,10,9137,1,4410,9,10132,1,77079,38,87211,39,0,234,0,325,262,0,"Anderson",76978,126.010028839409,0.0890538033395176,50.6638260282159,12.9907246226195,8.90538033395176
2021-11-29,13574,27,9152,15,4422,12,10148,16,77158,79,87306,95,0,234,0,325,262,0,"Anderson",76978,124.710956377147,0.0931174089068826,123.411883914885,35.0749564810725,9.31174089068826
2021-11-30,13600,26,9165,13,4435,13,10160,12,77260,102,87420,114,0,234,1,326,262,0,"Anderson",76978,136.402608537504,0.104743083003953,148.094260697862,33.7758840188106,10.4743083003953
2021-12-01,13632,32,9184,19,4448,13,10179,19,77367,107,87546,126,0,234,2,328,262,0,"Anderson",76978,145.496115773338,0.117647058823529,163.683130245005,41.5703187923822,11.7647058823529
2021-12-02,13674,42,9208,24,4466,18,10205,26,77505,138,87710,164,0,234,0,328,265,3,"Anderson",76978,193.56179687703,0.135350318471338,213.047883810959,54.5610434150017,13.5350318471338
2021-12-03,13705,31,9226,18,4479,13,10224,19,77692,187,87916,206,1,235,1,329,265,0,"Anderson",76978,224.739535971316,0.121483375959079,267.608927225961,40.2712463301203,12.1483375959079
2021-12-04,13725,20,9239,13,4486,7,10238,14,77761,69,87999,83,0,235,0,329,265,0,"Anderson",76978,244.225622905246,0.129383313180169,107.823014367741,25.9814492452389,12.9383313180169
2021-12-05,13738,13,9241,2,4497,11,10240,2,77803,42,88043,44,0,235,0,329,265,0,"Anderson",76978,248.122840292031,0.129807692307692,57.1591883395256,16.8879420094053,12.9807692307692
2021-12-06,13773,35,9261,20,4512,15,10262,22,77905,102,88167,124,2,237,1,330,265,0,"Anderson",76978,258.515419990127,0.132404181184669,161.084985320481,45.4675361791681,13.2404181184669
2021-12-07,13803,30,9276,15,4527,15,10278,16,78000,95,88278,111,0,237,0,330,265,0,"Anderson",76978,263.711709839175,0.137529137529138,144.197043311076,38.9721738678584,13.7529137529138
2021-12-08,13830,27,9297,21,4533,6,10298,20,78120,120,88418,140,0,237,2,332,265,0,"Anderson",76978,257.216347527865,0.136467889908257,181.870144716672,35.0749564810725,13.6467889908257
2021-12-09,13858,28,9313,16,4545,12,10315,17,78325,205,88640,222,0,237,1,333,265,0,"Anderson",76978,239.029333056198,0.118279569892473,288.394086622152,36.3740289433345,11.8279569892473
2021-12-10,13887,29,9330,17,4557,12,10332,17,78477,152,88809,169,0,237,2,335,265,0,"Anderson",76978,236.431188131674,0.120940649496081,219.543246122269,37.6731014055964,12.0940649496081
2021-12-11,13896,9,9335,5,4561,4,10338,6,78552,75,88890,81,0,237,0,335,266,1,"Anderson",76978,222.141391046793,0.112233445566779,105.224869443218,11.6916521603575,11.2233445566779
2021-12-12,13916,20,9346,11,4570,9,10349,11,78622,70,88971,81,0,237,0,335,266,0,"Anderson",76978,231.234898282626,0.117456896551724,105.224869443218,25.9814492452389,11.7456896551724
2021-12-13,13945,29,9352,6,4593,23,10356,7,78697,75,89053,82,0,237,0,335,269,3,"Anderson",76978,223.440463509055,0.106094808126411,106.523941905479,37.6731014055964,10.6094808126411
2021-12-14,13959,14,9357,5,4602,9,10362,6,78776,79,89138,85,3,240,1,336,269,0,"Anderson",76978,202.655304112863,0.0976744186046512,110.421159292265,18.1870144716672,9.76744186046512
2021-12-15,13984,25,9370,13,4614,12,10376,14,78905,129,89281,143,0,240,0,336,270,1,"Anderson",76978,200.05715918834,0.0903823870220162,185.767362103458,32.4768115565486,9.03823870220162
2021-12-16,14012,28,9380,10,4632,18,10390,14,79000,95,89390,109,0,240,2,338,270,0,"Anderson",76978,200.05715918834,0.1,141.598898386552,36.3740289433345,10
2021-12-17,14043,31,9403,23,4640,8,10412,22,79143,143,89555,165,1,241,0,338,271,1,"Anderson",76978,202.655304112863,0.107238605898123,214.346956273221,40.2712463301203,10.7238605898123
2021-12-18,14054,11,9412,9,4642,2,10422,10,79225,82,89647,92,0,241,0,338,271,0,"Anderson",76978,205.253449037387,0.110964332892999,119.514666528099,14.2897970848814,11.0964332892999
2021-12-19,14068,14,9420,8,4648,6,10433,11,79305,80,89738,91,0,241,0,338,271,0,"Anderson",76978,197.459014263816,0.109517601043025,118.215594065837,18.1870144716672,10.9517601043025
2021-12-20,14092,24,9436,16,4656,8,10447,14,79390,85,89837,99,0,241,0,338,272,1,"Anderson",76978,190.963651952506,0.116071428571429,128.608173763933,31.1777390942867,11.6071428571429
2021-12-21,14120,28,9444,8,4676,20,10458,11,79471,81,89929,92,0,241,0,338,272,0,"Anderson",76978,209.150666424173,0.121365360303413,119.514666528099,36.3740289433345,12.1365360303413
2021-12-22,14168,48,9458,14,4710,34,10469,11,79578,107,90047,118,19,260,1,339,273,1,"Anderson",76978,239.029333056198,0.121409921671018,153.29055054691,62.3554781885734,12.1409921671018
2021-12-23,14195,27,9473,15,4722,12,10486,17,79678,100,90164,117,-1,259,1,340,274,1,"Anderson",76978,237.730260593936,0.124031007751938,151.991478084648,35.0749564810725,12.4031007751938
2021-12-24,14221,26,9488,15,4733,11,10503,17,79765,87,90268,104,0,259,1,341,274,0,"Anderson",76978,231.234898282626,0.127629733520337,135.103536075242,33.7758840188106,12.7629733520337
2021-12-25,14235,14,9495,7,4740,7,10513,10,79823,58,90336,68,1,260,0,341,275,1,"Anderson",76978,235.132115669412,0.132075471698113,88.3369274338123,18.1870144716672,13.2075471698113
2021-12-26,14246,11,9499,4,4747,7,10519,6,79867,44,90386,50,1,261,0,341,275,0,"Anderson",76978,231.234898282626,0.132716049382716,64.9536231130973,14.2897970848814,13.2716049382716
2021-12-27,14293,47,9518,19,4775,28,10539,20,79966,99,90505,119,1,262,2,343,276,1,"Anderson",76978,261.113564914651,0.137724550898204,154.589623009171,61.0564057263114,13.7724550898204
2021-12-28,14380,87,9554,36,4826,51,10575,36,80075,109,90650,145,0,262,0,343,276,0,"Anderson",76978,337.758840188106,0.162274618585298,188.365507027982,113.019304216789,16.2274618585298
2021-12-29,14461,81,9598,44,4863,37,10622,47,80233,158,90855,205,2,264,0,343,276,0,"Anderson",76978,380.62823144275,0.189356435643564,266.309854763699,105.224869443218,18.9356435643564
2021-12-30,14554,93,9640,42,4914,51,10660,38,80350,117,91010,155,1,265,0,343,276,0,"Anderson",76978,466.367013952038,0.205673758865248,201.356231650601,120.813738990361,20.5673758865248
2021-12-31,14622,68,9681,41,4941,27,10705,45,80466,116,91171,161,0,265,0,343,277,1,"Anderson",76978,520.92805736704,0.223698781838317,209.150666424173,88.3369274338123,22.3698781838317
2022-01-01,14683,61,9715,34,4968,27,10742,37,80565,99,91307,136,0,265,0,343,277,0,"Anderson",76978,581.984463093351,0.235839340885685,176.673854867625,79.2434201979787,23.5839340885685
2022-01-02,14715,32,9738,23,4977,9,10775,33,80681,116,91456,149,0,265,0,343,278,1,"Anderson",76978,609.264984800852,0.239252336448598,193.56179687703,41.5703187923822,23.9252336448598
2022-01-03,14776,61,9759,21,5017,40,10798,23,80757,76,91555,99,1,266,0,343,278,0,"Anderson",76978,627.451999272519,0.246666666666667,128.608173763933,79.2434201979787,24.6666666666667
2022-01-04,14902,126,9824,65,5078,61,10861,63,80931,174,91792,237,1,267,0,343,279,1,"Anderson",76978,678.115825300735,0.250437828371278,307.880173556081,163.683130245005,25.0437828371278
2022-01-05,15069,167,9910,86,5159,81,10947,86,81077,146,92024,232,1,268,0,343,280,1,"Anderson",76978,789.836057055263,0.278015397775877,301.384811244771,216.945101197745,27.8015397775877
2022-01-06,15211,142,9982,72,5229,70,11018,71,81197,120,92215,191,1,269,1,344,280,0,"Anderson",76978,853.490607706098,0.297095435684647,248.122840292031,184.468289641196,29.7095435684647
2022-01-07,15353,142,10055,73,5298,69,11096,78,81337,140,92433,218,0,269,1,345,280,0,"Anderson",76978,949.621969913482,0.309825673534073,283.197796773104,184.468289641196,30.9825673534073
2022-01-08,15456,103,10097,42,5359,61,11141,45,81412,75,92553,120,0,269,2,347,282,2,"Anderson",76978,1004.18301332848,0.320224719101124,155.888695471433,133.80446361298,32.0224719101124
2022-01-09,15541,85,10153,56,5388,29,11203,62,81555,143,92758,205,0,269,1,348,282,0,"Anderson",76978,1073.03385382837,0.328725038402458,266.309854763699,110.421159292265,32.8725038402458
2022-01-10,15696,155,10227,74,5469,81,11281,78,81668,113,92949,191,1,270,3,351,284,2,"Anderson",76978,1195.14666528099,0.34648493543759,248.122840292031,201.356231650601,34.648493543759
2022-01-11,15871,175,10336,109,5535,66,11383,102,81809,141,93192,243,0,270,0,351,285,1,"Anderson",76978,1258.80121593182,0.372857142857143,315.674608329653,227.33768089584,37.2857142857143
2022-01-12,16130,259,10499,163,5631,96,11547,164,82000,191,93547,355,0,270,1,352,285,0,"Anderson",76978,1378.31588245992,0.393959290873276,461.17072410299,336.459767725844,39.3959290873276
2022-01-13,16362,232,10650,151,5712,81,11702,155,82232,232,93934,387,4,274,0,352,285,0,"Anderson",76978,1495.2324040635,0.397905759162304,502.741042895373,301.384811244771,39.7905759162304
2022-01-14,16616,254,10793,143,5823,111,11851,149,82388,156,94239,305,2,276,1,353,285,0,"Anderson",76978,1640.72851983684,0.418050941306755,396.217100989893,329.964405414534,41.8050941306755
2022-01-15,16713,97,10852,59,5861,38,11913,62,82506,118,94419,180,1,277,2,355,285,0,"Anderson",76978,1632.93408506326,0.413719185423365,233.83304320715,126.010028839409,41.3719185423366
2022-01-16,16865,152,10980,128,5885,24,12046,133,82703,197,94749,330,0,277,1,356,285,0,"Anderson",76978,1719.97194003482,0.42340532395781,428.693912546442,197.459014263816,42.340532395781
2022-01-17,17045,180,11092,112,5953,68,12162,116,82822,119,94984,235,0,277,2,358,285,0,"Anderson",76978,1752.44875159136,0.432923832923833,305.282028631557,233.83304320715,43.2923832923833
2022-01-18,17261,216,11232,140,6029,76,12305,143,82959,137,95264,280,0,277,0,358,287,2,"Anderson",76978,1805.7107225441,0.444980694980695,363.740289433345,280.59965184858,44.4980694980695
2022-01-19,17564,303,11444,212,6120,91,12520,215,83179,220,95699,435,3,280,0,358,287,0,"Anderson",76978,1862.86991088363,0.452137546468401,565.096521083946,393.618956065369,45.2137546468402
2022-01-20,17862,298,11687,243,6175,55,12782,262,83336,157,96118,419,1,281,2,360,288,1,"Anderson",76978,1948.60869339292,0.494505494505495,544.311361687755,387.12359375406,49.4505494505495
2022-01-21,18108,246,11902,215,6206,31,13007,225,83555,219,96562,444,2,283,1,361,290,2,"Anderson",76978,1938.21611369482,0.497632371932845,576.788173244304,319.571825716438,49.7632371932845
2022-01-22,18237,129,11994,92,6243,37,13111,104,83674,119,96785,223,0,283,0,361,290,0,"Anderson",76978,1979.7864324872,0.506339814032122,289.693159084414,167.580347631791,50.6339814032122
2022-01-23,18365,128,12105,111,6260,17,13225,114,83781,107,97006,221,0,283,0,361,291,1,"Anderson",76978,1948.60869339292,0.522374833850244,287.09501415989,166.281275169529,52.2374833850244
2022-01-24,18633,268,12255,150,6378,118,13386,161,83959,178,97345,339,1,284,1,362,292,1,"Anderson",76978,2062.92707007197,0.518424396442186,440.385564706799,348.151419886201,51.8424396442186
2022-01-25,18817,184,12388,133,6429,51,13531,145,84079,120,97610,265,1,285,0,362,293,1,"Anderson",76978,2021.35675127959,0.522591645353794,344.254202499415,239.029333056198,52.2591645353794
2022-01-26,19023,206,12543,155,6480,51,13698,167,84231,152,97929,319,1,286,2,364,293,0,"Anderson",76978,1895.34672244018,0.528251121076233,414.40411546156,267.608927225961,52.8251121076233
2022-01-27,19246,223,12717,174,6529,49,13878,180,84451,220,98329,400,0,286,0,364,293,0,"Anderson",76978,1797.91628777053,0.495703301673451,519.628984904778,289.693159084414,49.5703301673451
2022-01-28,19436,190,12855,138,6581,52,14022,144,84614,163,98636,307,1,287,1,365,294,1,"Anderson",76978,1725.16822988386,0.489392478302797,398.815245914417,246.82376782977,48.9392478302797
2022-01-29,19580,144,12956,101,6624,43,14128,106,84731,117,98859,223,0,287,0,365,296,2,"Anderson",76978,1744.65431681779,0.490356798457088,289.693159084414,187.06643456572,49.0356798457088
2022-01-30,19647,67,13002,46,6645,21,14178,50,84822,91,99000,141,0,287,2,367,297,1,"Anderson",76978,1665.41089661981,0.477933801404213,183.169217178934,87.0378549715503,47.7933801404213
2022-01-31,19843,196,13123,121,6720,75,14319,141,84972,150,99291,291,4,291,1,368,299,2,"Anderson",76978,1571.87767933695,0.479445015416238,378.030086518226,254.618202603341,47.9445015416238
2022-02-01,20006,163,13218,95,6788,68,14426,107,85092,120,99518,227,1,292,1,369,299,0,"Anderson",76978,1544.59715762945,0.469077568134172,294.889448933461,211.748811348697,46.9077568134172
2022-02-02,20151,145,13305,87,6846,58,14519,93,85233,141,99752,234,1,293,0,369,300,1,"Anderson",76978,1465.35373743147,0.450356555128908,303.982956169295,188.365507027982,45.0356555128908
2022-02-03,20785,634,13397,92,7388,542,14618,99,85441,208,100059,307,2,295,1,370,302,2,"Anderson",76978,1999.27251942113,0.427745664739884,398.815245914417,823.611941074073,42.7745664739884
2022-02-04,20932,147,13508,111,7424,36,14729,111,85565,124,100294,235,0,295,0,370,305,3,"Anderson",76978,1943.41240354387,0.426417370325694,305.282028631557,190.963651952506,42.6417370325694
2022-02-05,20981,49,13534,26,7447,23,14759,30,85641,76,100400,106,0,295,0,370,306,1,"Anderson",76978,1820.00051962898,0.409474367293965,137.701680999766,63.6545506508353,40.9474367293965
2022-02-06,21040,59,13578,44,7462,15,14808,49,85715,74,100523,123,0,295,1,371,308,2,"Anderson",76978,1809.60793993089,0.41365725541694,159.785912858219,76.6452752734548,41.365725541694
2022-02-07,21124,84,13629,51,7495,33,14864,56,85817,102,100681,158,3,298,0,371,309,1,"Anderson",76978,1664.11182415755,0.392086330935252,205.253449037387,109.122086830003,39.2086330935252
2022-02-08,21210,86,13677,48,7533,38,14922,58,85914,97,100836,155,0,298,0,371,309,0,"Anderson",76978,1564.08324456338,0.376327769347496,201.356231650601,111.720231754527,37.6327769347496
2022-02-09,21309,99,13741,64,7568,35,14996,74,86021,107,101017,181,0,298,0,371,310,1,"Anderson",76978,1504.32591129933,0.377075098814229,235.132115669412,128.608173763933,37.7075098814229
2022-02-10,21397,88,13791,50,7606,38,15050,54,86147,126,101197,180,2,300,0,371,311,1,"Anderson",76978,795.03234690431,0.379613356766257,233.83304320715,114.318376679051,37.9613356766257
2022-02-11,21457,60,13834,43,7623,17,15096,46,86249,102,101345,148,1,301,0,371,311,0,"Anderson",76978,682.013042687521,0.34919124643197,192.262724414768,77.9443477357167,34.919124643197
2022-02-12,21488,31,13857,23,7631,8,15121,25,86311,62,101432,87,0,301,1,372,311,0,"Anderson",76978,658.629738366806,0.35077519379845,113.019304216789,40.2712463301203,35.077519379845
2022-02-13,21509,21,13871,14,7638,7,15136,15,86358,47,101494,62,0,301,0,372,312,1,"Anderson",76978,609.264984800852,0.337796086508754,80.5424926602406,27.2805217075008,33.7796086508754
2022-02-14,21560,51,13898,27,7662,24,15172,36,86415,57,101587,93,1,302,0,372,312,0,"Anderson",76978,566.395593546208,0.339955849889625,120.813738990361,66.2526955753592,33.9955849889625
2022-02-15,21617,57,13937,39,7680,18,15217,45,86492,77,101709,122,0,302,0,372,313,1,"Anderson",76978,528.722492140612,0.337915234822451,158.486840395957,74.0471303489309,33.7915234822451
2022-02-16,21679,62,13970,33,7709,29,15248,31,86584,92,101832,123,0,302,0,372,313,0,"Anderson",76978,480.65681103692,0.30920245398773,159.785912858219,80.5424926602406,30.920245398773
2022-02-17,21727,48,14003,33,7724,15,15283,35,86678,94,101961,129,0,302,0,372,314,1,"Anderson",76978,428.693912546442,0.304973821989529,167.580347631791,62.3554781885734,30.4973821989529
2022-02-18,21775,48,14034,31,7741,17,15320,37,86750,72,102070,109,0,302,0,372,315,1,"Anderson",76978,413.105042999299,0.308965517241379,141.598898386552,62.3554781885734,30.8965517241379
2022-02-19,21801,26,14044,10,7757,16,15331,11,86805,55,102136,66,0,302,0,372,317,2,"Anderson",76978,406.609680687989,0.298295454545455,85.7387825092884,33.7758840188106,29.8295454545455
2022-02-20,21811,10,14047,3,7764,7,15333,2,86842,37,102175,39,0,302,0,372,317,0,"Anderson",76978,392.319883603107,0.28928046989721,50.6638260282159,12.9907246226195,28.928046989721
2022-02-21,21827,16,14056,9,7771,7,15343,10,86871,29,102214,39,0,302,2,374,318,1,"Anderson",76978,346.852347423939,0.272727272727273,50.6638260282159,20.7851593961911,27.2727272727273
2022-02-22,21862,35,14071,15,7791,20,15361,18,86948,77,102309,95,2,304,0,374,318,0,"Anderson",76978,318.272753254177,0.24,123.411883914885,45.4675361791681,24
2022-02-23,21898,36,14089,18,7809,18,15381,20,87014,66,102395,86,4,308,0,374,319,1,"Anderson",76978,284.496869235366,0.236234458259325,111.720231754527,46.76660864143,23.6234458259325
2022-02-24,21926,28,14103,14,7823,14,15398,17,87092,78,102490,95,1,309,0,374,320,1,"Anderson",76978,258.515419990127,0.217391304347826,123.411883914885,36.3740289433345,21.7391304347826
2022-02-25,21939,13,14109,6,7830,7,15404,6,87159,67,102563,73,-1,308,0,374,320,0,"Anderson",76978,213.047883810959,0.170385395537525,94.832289745122,16.8879420094053,17.0385395537525
2022-02-26,21952,13,14114,5,7838,8,15411,7,87204,45,102615,52,0,308,1,375,320,0,"Anderson",76978,196.159941801554,0.167014613778706,67.5517680376211,16.8879420094053,16.7014613778706
2022-02-27,21952,0,14114,0,7838,0,15412,1,87221,17,102633,18,0,308,0,375,320,0,"Anderson",76978,183.169217178934,0.172489082969432,23.383304320715,0,17.2489082969432
2022-02-28,21970,18,14123,9,7847,9,15424,12,87278,57,102702,69,0,308,0,375,320,0,"Anderson",76978,185.767362103458,0.165983606557377,89.6359998960742,23.383304320715,16.5983606557377
2022-03-01,21983,13,14130,7,7853,6,15432,8,87323,45,102755,53,-1,307,0,375,322,2,"Anderson",76978,157.187767933695,0.159192825112108,68.8508404998831,16.8879420094053,15.9192825112108
2022-03-02,21993,10,14136,6,7857,4,15440,8,87376,53,102816,61,2,309,0,375,323,1,"Anderson",76978,123.411883914885,0.140142517814727,79.2434201979787,12.9907246226195,14.0142517814727
2022-03-03,22003,10,14138,2,7865,8,15442,2,87420,44,102862,46,2,311,0,375,323,0,"Anderson",76978,100.02857959417,0.118279569892473,59.7573332640495,12.9907246226195,11.8279569892473
2022-03-04,22012,9,14141,3,7871,6,15447,5,87483,63,102930,68,0,311,0,375,324,1,"Anderson",76978,94.832289745122,0.11716621253406,88.3369274338123,11.6916521603575,11.716621253406
2022-03-05,22017,5,14142,1,7875,4,15448,1,87524,41,102972,42,0,311,0,375,325,1,"Anderson",76978,84.4397100470264,0.103641456582633,54.5610434150017,6.49536231130973,10.3641456582633
2022-03-06,22019,2,14143,1,7876,1,15449,1,87548,24,102997,25,0,311,1,376,326,1,"Anderson",76978,87.0378549715503,0.101648351648352,32.4768115565486,2.59814492452389,10.1648351648352
2022-03-07,22032,13,14145,2,7887,11,15451,2,87581,33,103032,35,1,312,0,376,326,0,"Anderson",76978,80.5424926602406,0.0818181818181818,45.4675361791681,16.8879420094053,8.18181818181818
2022-03-08,22083,51,14147,2,7936,49,15454,3,87611,30,103065,33,0,312,0,376,327,1,"Anderson",76978,129.907246226195,0.0709677419354839,42.8693912546442,66.2526955753592,7.09677419354839
2022-03-09,22090,7,14153,6,7937,1,15459,5,87649,38,103108,43,0,312,0,376,327,0,"Anderson",76978,126.010028839409,0.0650684931506849,55.8601158772636,9.09350723583361,6.50684931506849
2022-03-10,22095,5,14157,4,7938,1,15466,7,87695,46,103161,53,3,315,0,376,327,0,"Anderson",76978,119.514666528099,0.0802675585284281,68.8508404998831,6.49536231130973,8.02675585284281
2022-03-11,22101,6,14157,0,7944,6,15467,1,87734,39,103201,40,1,316,1,377,327,0,"Anderson",76978,115.617449141313,0.0738007380073801,51.9628984904778,7.79443477357167,7.38007380073801
2022-03-12,22101,0,14157,0,7944,0,15467,0,87756,22,103223,22,0,316,0,377,329,2,"Anderson",76978,109.122086830003,0.0756972111553785,28.5795941697628,0,7.56972111553785
2022-03-13,22104,3,14159,2,7945,1,15468,1,87800,44,103268,45,1,317,0,377,329,0,"Anderson",76978,110.421159292265,0.0701107011070111,58.4582608017875,3.89721738678583,7.01107011070111
2022-03-14,22111,7,14163,4,7948,3,15475,7,87826,26,103301,33,2,319,1,378,329,0,"Anderson",76978,102.626724518694,0.0892193308550186,42.8693912546442,9.09350723583361,8.92193308550186
2022-03-15,22115,4,14164,1,7951,3,15475,0,87848,22,103323,22,0,319,0,378,330,1,"Anderson",76978,41.5703187923822,0.0813953488372093,28.5795941697628,5.19628984904778,8.13953488372093
2022-03-16,22117,2,14166,2,7951,0,15478,3,87872,24,103350,27,1,320,0,378,330,0,"Anderson",76978,35.0749564810725,0.0785123966942149,35.0749564810725,2.59814492452389,7.85123966942149
2022-03-17,22117,0,14166,0,7951,0,15480,2,87901,29,103381,31,0,320,0,378,330,0,"Anderson",76978,28.5795941697628,0.0636363636363636,40.2712463301203,0,6.36363636363636
2022-03-18,22119,2,14168,2,7951,0,15482,2,87945,44,103427,46,0,320,0,378,331,1,"Anderson",76978,23.383304320715,0.0663716814159292,59.7573332640495,2.59814492452389,6.63716814159292
2022-03-19,22119,0,14168,0,7951,0,15482,0,87965,20,103447,20,0,320,0,378,331,0,"Anderson",76978,23.383304320715,0.0669642857142857,25.9814492452389,0,6.69642857142857
2022-03-20,22124,5,14172,4,7952,1,15487,5,87984,19,103471,24,0,320,0,378,332,1,"Anderson",76978,25.9814492452389,0.0935960591133005,31.1777390942867,6.49536231130973,9.35960591133005
2022-03-21,22125,1,14172,0,7953,1,15487,0,87997,13,103484,13,2,322,0,378,332,0,"Anderson",76978,18.1870144716672,0.0655737704918033,16.8879420094053,1.29907246226194,6.55737704918033
2022-03-22,22125,0,14172,0,7953,0,15488,1,88003,6,103491,7,0,322,0,378,332,0,"Anderson",76978,12.9907246226194,0.0773809523809524,9.09350723583361,0,7.73809523809524
2022-03-23,22127,2,14174,2,7953,0,15490,2,88028,25,103518,27,0,322,0,378,333,1,"Anderson",76978,12.9907246226194,0.0714285714285714,35.0749564810725,2.59814492452389,7.14285714285714
2022-03-24,22128,1,14174,0,7954,1,15491,1,88044,16,103535,17,0,322,0,378,334,1,"Anderson",76978,14.2897970848814,0.0714285714285714,22.0842318584531,1.29907246226194,7.14285714285714
2022-03-25,22129,1,14175,1,7954,0,15493,2,88067,23,103560,25,0,322,0,378,334,0,"Anderson",76978,12.9907246226194,0.0827067669172932,32.4768115565486,1.29907246226194,8.27067669172932
2022-03-26,22130,1,14176,1,7954,0,15494,1,88086,19,103580,20,0,322,0,378,334,0,"Anderson",76978,14.2897970848814,0.0902255639097744,25.9814492452389,1.29907246226194,9.02255639097744
2022-03-27,22130,0,14176,0,7954,0,15494,0,88097,11,103591,11,0,322,0,378,334,0,"Anderson",76978,7.79443477357167,0.0583333333333333,14.2897970848814,0,5.83333333333333
2022-03-28,22134,4,14179,3,7955,1,15497,3,88141,44,103638,47,1,323,0,378,336,2,"Anderson",76978,11.6916521603575,0.0649350649350649,61.0564057263114,5.19628984904778,6.49350649350649
2022-03-29,22134,0,14179,0,7955,0,15497,0,88154,13,103651,13,1,324,0,378,337,1,"Anderson",76978,11.6916521603575,0.05625,16.8879420094053,0,5.625
2022-03-30,22136,2,14179,0,7957,2,15498,1,88177,23,103675,24,1,325,0,378,337,0,"Anderson",76978,11.6916521603575,0.0509554140127389,31.1777390942867,2.59814492452389,5.09554140127389
2022-03-31,22138,2,14180,1,7958,1,15499,1,88197,20,103696,21,0,325,0,378,337,0,"Anderson",76978,12.9907246226194,0.0496894409937888,27.2805217075008,2.59814492452389,4.96894409937888
2022-04-01,22141,3,14181,1,7960,2,15500,1,88234,37,103734,38,3,328,0,378,337,0,"Anderson",76978,15.5888695471433,0.0402298850574713,49.3647535659539,3.89721738678583,4.02298850574713
2022-04-02,22142,1,14182,1,7960,0,15502,2,88254,20,103756,22,0,328,0,378,337,0,"Anderson",76978,15.5888695471433,0.0454545454545455,28.5795941697628,1.29907246226194,4.54545454545455
2022-04-03,22142,0,14182,0,7960,0,15502,0,88266,12,103768,12,0,328,0,378,337,0,"Anderson",76978,15.5888695471433,0.0451977401129944,15.5888695471433,0,4.51977401129944
2022-04-04,22144,2,14183,1,7961,1,15503,1,88285,19,103788,20,0,328,0,378,337,0,"Anderson",76978,12.9907246226194,0.04,25.9814492452389,2.59814492452389,4
2022-04-05,22150,6,14184,1,7966,5,15504,1,88304,19,103808,20,3,331,0,378,338,1,"Anderson",76978,20.7851593961911,0.0445859872611465,25.9814492452389,7.79443477357167,4.45859872611465
2022-04-06,22153,3,14187,3,7966,0,15508,4,88328,24,103836,28,0,331,0,378,338,0,"Anderson",76978,22.0842318584531,0.062111801242236,36.3740289433345,3.89721738678583,6.2111801242236
2022-04-07,22155,2,14187,0,7968,2,15508,0,88351,23,103859,23,1,332,0,378,338,0,"Anderson",76978,22.0842318584531,0.0552147239263804,29.8786666320247,2.59814492452389,5.52147239263804
2022-04-08,22156,1,14187,0,7969,1,15508,0,88382,31,103890,31,1,333,0,378,338,0,"Anderson",76978,19.4860869339292,0.0512820512820513,40.2712463301203,1.29907246226194,5.12820512820513
2022-04-09,22156,0,14187,0,7969,0,15508,0,88392,10,103900,10,0,333,0,378,338,0,"Anderson",76978,18.1870144716672,0.0416666666666667,12.9907246226195,0,4.16666666666667
2022-04-10,22156,0,14187,0,7969,0,15508,0,88402,10,103910,10,0,333,0,378,338,0,"Anderson",76978,18.1870144716672,0.0422535211267606,12.9907246226195,0,4.22535211267606
2022-04-11,22159,3,14187,0,7972,3,15508,0,88420,18,103928,18,0,333,0,378,338,0,"Anderson",76978,19.4860869339292,0.0357142857142857,23.383304320715,3.89721738678583,3.57142857142857
2022-04-12,22163,4,14190,3,7973,1,15512,4,88438,18,103950,22,1,334,0,378,339,1,"Anderson",76978,16.8879420094053,0.0563380281690141,28.5795941697628,5.19628984904778,5.63380281690141
2022-04-13,22166,3,14191,1,7975,2,15513,1,88460,22,103973,23,0,334,0,378,339,0,"Anderson",76978,16.8879420094053,0.0364963503649635,29.8786666320247,3.89721738678583,3.64963503649635
2022-04-14,22169,3,14191,0,7978,3,15513,0,88476,16,103989,16,0,334,0,378,339,0,"Anderson",76978,18.1870144716672,0.0384615384615385,20.7851593961911,3.89721738678583,3.84615384615385
2022-04-15,22173,4,14194,3,7979,1,15517,4,88496,20,104013,24,0,334,0,378,339,0,"Anderson",76978,22.0842318584531,0.0731707317073171,31.1777390942867,5.19628984904778,7.31707317073171
2022-04-16,22174,1,14194,0,7980,1,15517,0,88510,14,104027,14,0,334,0,378,339,0,"Anderson",76978,23.383304320715,0.0708661417322835,18.1870144716672,1.29907246226194,7.08661417322835
2022-04-17,22176,2,14194,0,7982,2,15518,1,88525,15,104043,16,0,334,0,378,339,0,"Anderson",76978,25.9814492452389,0.075187969924812,20.7851593961911,2.59814492452389,7.5187969924812
2022-04-18,22182,6,14196,2,7986,4,15520,2,88545,20,104065,22,-1,333,0,378,339,0,"Anderson",76978,29.8786666320247,0.0875912408759124,28.5795941697628,7.79443477357167,8.75912408759124
2022-04-19,22186,4,14197,1,7989,3,15521,1,88558,13,104079,14,0,333,0,378,339,0,"Anderson",76978,29.8786666320247,0.0697674418604651,18.1870144716672,5.19628984904778,6.97674418604651
2022-04-20,22192,6,14199,2,7993,4,15523,2,88591,33,104114,35,1,334,0,378,339,0,"Anderson",76978,33.7758840188106,0.0709219858156028,45.4675361791681,7.79443477357167,7.09219858156028
2022-04-21,22195,3,14200,1,7995,2,15524,1,88617,26,104141,27,0,334,0,378,339,0,"Anderson",76978,33.7758840188106,0.0723684210526316,35.0749564810725,3.89721738678583,7.23684210526316
2022-04-22,22197,2,14201,1,7996,1,15525,1,88649,32,104174,33,0,334,0,378,339,0,"Anderson",76978,31.1777390942867,0.0496894409937888,42.8693912546442,2.59814492452389,4.96894409937888
2022-04-23,22199,2,14203,2,7996,0,15526,1,88674,25,104200,26,0,334,0,378,339,0,"Anderson",76978,32.4768115565486,0.0520231213872832,33.7758840188106,2.59814492452389,5.20231213872832
2022-04-24,22202,3,14203,0,7999,3,15526,0,88691,17,104217,17,0,334,0,378,339,0,"Anderson",76978,33.7758840188106,0.0459770114942529,22.0842318584531,3.89721738678583,4.59770114942529
2022-04-25,22220,18,14205,2,8015,16,15528,2,88702,11,104230,13,0,334,0,378,340,1,"Anderson",76978,49.3647535659539,0.0484848484848485,16.8879420094053,23.383304320715,4.84848484848485
2022-04-26,22234,14,14210,5,8024,9,15534,6,88723,21,104257,27,0,334,0,378,340,0,"Anderson",76978,62.3554781885734,0.0730337078651685,35.0749564810725,18.1870144716672,7.30337078651685
2022-04-27,22248,14,14215,5,8033,9,15539,5,88759,36,104298,41,0,334,0,378,341,1,"Anderson",76978,72.7480578866689,0.0869565217391304,53.2619709527397,18.1870144716672,8.69565217391304
2022-04-28,22253,5,14217,2,8036,3,15541,2,88782,23,104323,25,0,334,0,378,341,0,"Anderson",76978,75.3462028111928,0.0934065934065934,32.4768115565486,6.49536231130973,9.34065934065934
2022-04-29,22259,6,14218,1,8041,5,15542,1,88803,21,104345,22,0,334,0,378,341,0,"Anderson",76978,80.5424926602406,0.0994152046783626,28.5795941697628,7.79443477357167,9.94152046783626
2022-04-30,22261,2,14219,1,8042,1,15542,0,88832,29,104374,29,0,334,0,378,341,0,"Anderson",76978,80.5424926602406,0.0919540229885057,37.6731014055964,2.59814492452389,9.19540229885057
2022-05-01,22263,2,14219,0,8044,2,15542,0,88840,8,104382,8,0,334,0,378,341,0,"Anderson",76978,79.2434201979786,0.096969696969697,10.3925796980956,2.59814492452389,9.6969696969697
2022-05-02,22271,8,14224,5,8047,3,15546,4,88871,31,104417,35,0,334,0,378,341,0,"Anderson",76978,66.2526955753592,0.0962566844919786,45.4675361791681,10.3925796980956,9.62566844919786
2022-05-03,22277,6,14229,5,8048,1,15551,5,88882,11,104433,16,0,334,0,378,341,0,"Anderson",76978,55.8601158772636,0.0965909090909091,20.7851593961911,7.79443477357167,9.65909090909091
2022-05-04,22289,12,14233,4,8056,8,15556,5,88906,24,104462,29,0,334,0,378,341,0,"Anderson",76978,53.2619709527397,0.103658536585366,37.6731014055964,15.5888695471433,10.3658536585366
2022-05-05,22297,8,14239,6,8058,2,15562,6,88924,18,104486,24,0,334,0,378,341,0,"Anderson",76978,57.1591883395256,0.128834355828221,31.1777390942867,10.3925796980956,12.8834355828221
2022-05-06,22298,1,14239,0,8059,1,15562,0,88948,24,104510,24,0,334,0,378,341,0,"Anderson",76978,50.6638260282159,0.121212121212121,31.1777390942867,1.29907246226194,12.1212121212121
2022-05-07,22307,9,14243,4,8064,5,15566,4,88964,16,104530,20,0,334,0,378,342,1,"Anderson",76978,59.7573332640495,0.153846153846154,25.9814492452389,11.6916521603575,15.3846153846154
2022-05-08,22308,1,14243,0,8065,1,15566,0,88978,14,104544,14,0,334,0,378,342,0,"Anderson",76978,58.4582608017875,0.148148148148148,18.1870144716672,1.29907246226194,14.8148148148148
2022-05-09,22314,6,14245,2,8069,4,15567,1,88993,15,104560,16,0,334,0,378,342,0,"Anderson",76978,55.8601158772636,0.146853146853147,20.7851593961911,7.79443477357167,14.6853146853147
2022-05-10,22324,10,14247,2,8077,8,15570,3,89025,32,104595,35,1,335,0,378,342,0,"Anderson",76978,61.0564057263114,0.117283950617284,45.4675361791681,12.9907246226195,11.7283950617284
2022-05-11,22337,13,14257,10,8080,3,15582,12,89043,18,104625,30,0,335,0,378,342,0,"Anderson",76978,62.3554781885734,0.159509202453988,38.9721738678584,16.8879420094053,15.9509202453988
2022-05-12,22343,6,14262,5,8081,1,15587,5,89071,28,104658,33,0,335,0,378,342,0,"Anderson",76978,59.7573332640495,0.145348837209302,42.8693912546442,7.79443477357167,14.5348837209302
2022-05-13,22351,8,14267,5,8084,3,15592,5,89107,36,104699,41,2,337,0,378,343,1,"Anderson",76978,68.8508404998831,0.158730158730159,53.2619709527397,10.3925796980956,15.8730158730159
2022-05-14,22354,3,14269,2,8085,1,15594,2,89116,9,104710,11,0,337,0,378,343,0,"Anderson",76978,61.0564057263114,0.155555555555556,14.2897970848814,3.89721738678583,15.5555555555556
2022-05-15,22358,4,14269,0,8089,4,15594,0,89130,14,104724,14,0,337,0,378,343,0,"Anderson",76978,64.9536231130973,0.155555555555556,18.1870144716672,5.19628984904778,15.5555555555556
2022-05-16,22368,10,14275,6,8093,4,15599,5,89153,23,104752,28,0,337,0,378,343,0,"Anderson",76978,70.149912962145,0.166666666666667,36.3740289433345,12.9907246226195,16.6666666666667
2022-05-17,22381,13,14284,9,8097,4,15609,10,89180,27,104789,37,2,339,0,378,343,0,"Anderson",76978,74.0471303489309,0.201030927835052,48.065681103692,16.8879420094053,20.1030927835052
2022-05-18,22389,8,14291,7,8098,1,15617,8,89207,27,104824,35,0,339,0,378,344,1,"Anderson",76978,67.5517680376211,0.175879396984925,45.4675361791681,10.3925796980956,17.5879396984925
2022-05-19,22399,10,14298,7,8101,3,15625,8,89234,27,104859,35,1,340,0,378,344,0,"Anderson",76978,72.7480578866689,0.189054726368159,45.4675361791681,12.9907246226195,18.9054726368159
2022-05-20,22411,12,14307,9,8104,3,15634,9,89263,29,104897,38,0,340,0,378,344,0,"Anderson",76978,77.9443477357167,0.212121212121212,49.3647535659539,15.5888695471433,21.2121212121212
2022-05-21,22417,6,14313,6,8104,0,15640,6,89289,26,104929,32,0,340,0,378,344,0,"Anderson",76978,81.8415651225025,0.210045662100457,41.5703187923822,7.79443477357167,21.0045662100457
2022-05-22,22426,9,14319,6,8107,3,15646,6,89314,25,104960,31,1,341,0,378,344,0,"Anderson",76978,88.3369274338123,0.220338983050847,40.2712463301203,11.6916521603575,22.0338983050847
2022-05-23,22437,11,14328,9,8109,2,15653,7,89347,33,105000,40,0,341,0,378,344,0,"Anderson",76978,89.6359998960742,0.217741935483871,51.9628984904778,14.2897970848814,21.7741935483871
2022-05-24,22458,21,14335,7,8123,14,15661,8,89368,21,105029,29,0,341,0,378,344,0,"Anderson",76978,100.02857959417,0.216666666666667,37.6731014055964,27.2805217075008,21.6666666666667
2022-05-25,22470,12,14341,6,8129,6,15667,6,89401,33,105068,39,1,342,0,378,344,0,"Anderson",76978,105.224869443218,0.204918032786885,50.6638260282159,15.5888695471433,20.4918032786885
2022-05-26,22487,17,14349,8,8138,9,15677,10,89442,41,105119,51,0,342,0,378,344,0,"Anderson",76978,114.318376679051,0.2,66.2526955753592,22.0842318584531,20
2022-05-27,22502,15,14358,9,8144,6,15686,9,89488,46,105174,55,0,342,0,378,344,0,"Anderson",76978,118.215594065837,0.187725631768953,71.448985424407,19.4860869339292,18.7725631768953
2022-05-28,22511,9,14364,6,8147,3,15692,6,89539,51,105231,57,0,342,0,378,344,0,"Anderson",76978,122.112811452623,0.172185430463576,74.0471303489309,11.6916521603575,17.2185430463576
2022-05-29,22519,8,14366,2,8153,6,15694,2,89561,22,105255,24,0,342,0,378,344,0,"Anderson",76978,120.813738990361,0.16271186440678,31.1777390942867,10.3925796980956,16.271186440678
2022-05-30,22524,5,14367,1,8157,4,15696,2,89576,15,105272,17,0,342,0,378,344,0,"Anderson",76978,113.019304216789,0.158088235294118,22.0842318584531,6.49536231130973,15.8088235294118
2022-05-31,22539,15,14374,7,8165,8,15702,6,89603,27,105305,33,0,342,0,378,344,0,"Anderson",76978,105.224869443218,0.148550724637681,42.8693912546442,19.4860869339292,14.8550724637681
2022-06-01,22563,24,14387,13,8176,11,15719,17,89630,27,105349,44,0,342,0,378,344,0,"Anderson",76978,120.813738990361,0.185053380782918,57.1591883395256,31.1777390942867,18.5053380782918
2022-06-02,22580,17,14396,9,8184,8,15727,8,89654,24,105381,32,0,342,0,378,344,0,"Anderson",76978,120.813738990361,0.190839694656489,41.5703187923822,22.0842318584531,19.0839694656489
2022-06-03,22594,14,14404,8,8190,6,15736,9,89704,50,105440,59,0,342,0,378,344,0,"Anderson",76978,119.514666528099,0.18796992481203,76.6452752734548,18.1870144716672,18.796992481203
2022-06-04,22601,7,14409,5,8192,2,15742,6,89733,29,105475,35,0,342,0,378,344,0,"Anderson",76978,116.916521603575,0.204918032786885,45.4675361791681,9.09350723583361,20.4918032786885
2022-06-05,22611,10,14416,7,8195,3,15750,8,89750,17,105500,25,0,342,0,378,344,0,"Anderson",76978,119.514666528099,0.228571428571429,32.4768115565486,12.9907246226195,22.8571428571429
2022-06-06,22637,26,14429,13,8208,13,15763,13,89773,23,105536,36,0,342,0,378,345,1,"Anderson",76978,146.7951882356,0.253787878787879,46.76660864143,33.7758840188106,25.3787878787879
2022-06-07,22659,22,14437,8,8222,14,15771,8,89793,20,105564,28,0,342,0,378,345,0,"Anderson",76978,155.888695471433,0.266409266409266,36.3740289433345,28.5795941697628,26.6409266409266
2022-06-08,22682,23,14452,15,8230,8,15789,18,89842,49,105631,67,0,342,0,378,345,0,"Anderson",76978,154.589623009171,0.24822695035461,87.0378549715503,29.8786666320247,24.822695035461
2022-06-09,22700,18,14464,12,8236,6,15802,13,89877,35,105679,48,0,342,1,379,346,1,"Anderson",76978,155.888695471433,0.251677852348993,62.3554781885734,23.383304320715,25.1677852348993
2022-06-10,22723,23,14480,16,8243,7,15819,17,89938,61,105757,78,0,342,0,379,346,0,"Anderson",76978,167.580347631791,0.261829652996845,101.327652056432,29.8786666320247,26.1829652996845
2022-06-11,22732,9,14484,4,8248,5,15824,5,89956,18,105780,23,0,342,0,379,346,0,"Anderson",76978,170.178492556315,0.268852459016393,29.8786666320247,11.6916521603575,26.8852459016393
2022-06-12,22740,8,14486,2,8254,6,15826,2,89970,14,105796,16,0,342,0,379,346,0,"Anderson",76978,167.580347631791,0.256756756756757,20.7851593961911,10.3925796980956,25.6756756756757
2022-06-13,22757,17,14492,6,8265,11,15832,6,89994,24,105826,30,0,342,0,379,346,0,"Anderson",76978,155.888695471433,0.237931034482759,38.9721738678584,22.0842318584531,23.7931034482759
2022-06-14,22787,30,14506,14,8281,16,15848,16,90031,37,105879,53,1,343,0,379,347,1,"Anderson",76978,166.281275169529,0.244444444444444,68.8508404998831,38.9721738678584,24.4444444444444
2022-06-15,22805,18,14518,12,8287,6,15862,14,90054,23,105916,37,1,344,1,380,347,0,"Anderson",76978,159.785912858219,0.256140350877193,48.065681103692,23.383304320715,25.6140350877193
2022-06-16,22830,25,14530,12,8300,13,15873,11,90082,28,105955,39,1,345,0,380,347,0,"Anderson",76978,168.879420094053,0.257246376811594,50.6638260282159,32.4768115565486,25.7246376811594
2022-06-17,22852,22,14542,12,8310,10,15888,15,90105,23,105993,38,0,345,0,380,348,1,"Anderson",76978,167.580347631791,0.292372881355932,49.3647535659539,28.5795941697628,29.2372881355932
2022-06-18,22863,11,14550,8,8313,3,15897,9,90128,23,106025,32,1,346,0,380,348,0,"Anderson",76978,170.178492556315,0.297959183673469,41.5703187923822,14.2897970848814,29.7959183673469
2022-06-19,22878,15,14555,5,8323,10,15902,5,90146,18,106048,23,0,346,0,380,348,0,"Anderson",76978,179.271999792148,0.301587301587302,29.8786666320247,19.4860869339292,30.1587301587302
2022-06-20,22890,12,14559,4,8331,8,15909,7,90162,16,106071,23,0,346,0,380,348,0,"Anderson",76978,172.776637480839,0.314285714285714,29.8786666320247,15.5888695471433,31.4285714285714
2022-06-21,22915,25,14568,9,8347,16,15916,7,90174,12,106090,19,0,346,0,380,348,0,"Anderson",76978,166.281275169529,0.322274881516588,24.682376782977,32.4768115565486,32.2274881516588
2022-06-22,22955,40,14598,30,8357,10,15946,30,90224,50,106170,80,0,346,0,380,348,0,"Anderson",76978,194.860869339292,0.330708661417323,103.925796980956,51.9628984904778,33.0708661417323
2022-06-23,22973,18,14609,11,8364,7,15960,14,90247,23,106207,37,0,346,0,380,349,1,"Anderson",76978,185.767362103458,0.345238095238095,48.065681103692,23.383304320715,34.5238095238095
2022-06-24,23006,33,14620,11,8386,22,15972,12,90280,33,106252,45,0,346,0,380,350,1,"Anderson",76978,200.05715918834,0.324324324324324,58.4582608017875,42.8693912546442,32.4324324324324
2022-06-25,23017,11,14623,3,8394,8,15978,6,90309,29,106287,35,0,346,0,380,350,0,"Anderson",76978,200.05715918834,0.309160305343511,45.4675361791681,14.2897970848814,30.9160305343511
2022-06-26,23027,10,14629,6,8398,4,15983,5,90335,26,106318,31,0,346,0,380,350,0,"Anderson",76978,193.56179687703,0.3,40.2712463301203,12.9907246226195,30
2022-06-27,23050,23,14641,12,8409,11,15995,12,90351,16,106346,28,1,347,0,380,350,0,"Anderson",76978,207.851593961911,0.312727272727273,36.3740289433345,29.8786666320247,31.2727272727273
2022-06-28,23080,30,14657,16,8423,14,16011,16,90380,29,106391,45,1,348,1,381,350,0,"Anderson",76978,214.346956273221,0.315614617940199,58.4582608017875,38.9721738678584,31.5614617940199
2022-06-29,23102,22,14666,9,8436,13,16022,11,90422,42,106444,53,1,349,0,381,350,0,"Anderson",76978,190.963651952506,0.277372262773723,68.8508404998831,28.5795941697628,27.7372262773723
2022-06-30,23138,36,14678,12,8460,24,16035,13,90467,45,106502,58,0,349,0,381,350,0,"Anderson",76978,214.346956273221,0.254237288135593,75.3462028111928,46.76660864143,25.4237288135593
2022-07-01,23160,22,14690,12,8470,10,16048,13,90507,40,106555,53,0,349,0,381,350,0,"Anderson",76978,200.05715918834,0.250825082508251,68.8508404998831,28.5795941697628,25.0825082508251
2022-07-02,23188,28,14704,14,8484,14,16063,15,90527,20,106590,35,0,349,0,381,350,0,"Anderson",76978,222.141391046793,0.280528052805281,45.4675361791681,36.3740289433345,28.0528052805281
2022-07-03,23199,11,14710,6,8489,5,16069,6,90544,17,106613,23,0,349,0,381,350,0,"Anderson",76978,223.440463509055,0.291525423728814,29.8786666320247,14.2897970848814,29.1525423728814
2022-07-04,23215,16,14715,5,8500,11,16074,5,90552,8,106626,13,0,349,0,381,351,1,"Anderson",76978,214.346956273221,0.282142857142857,16.8879420094053,20.7851593961911,28.2142857142857
2022-07-05,23236,21,14725,10,8511,11,16085,11,90577,25,106662,36,0,349,0,381,352,1,"Anderson",76978,202.655304112863,0.273062730627306,46.76660864143,27.2805217075008,27.3062730627306
2022-07-06,23250,14,14731,6,8519,8,16092,7,90606,29,106698,36,0,349,0,381,352,0,"Anderson",76978,192.262724414768,0.275590551181102,46.76660864143,18.1870144716672,27.5590551181102
2022-07-07,23282,32,14746,15,8536,17,16107,15,90632,26,106739,41,0,349,0,381,352,0,"Anderson",76978,187.06643456572,0.30379746835443,53.2619709527397,41.5703187923822,30.379746835443
2022-07-08,23316,34,14757,11,8559,23,16117,10,90659,27,106776,37,0,349,0,381,352,0,"Anderson",76978,202.655304112863,0.312217194570136,48.065681103692,44.1684637169061,31.2217194570136
2022-07-09,23344,28,14762,5,8582,23,16122,5,90673,14,106795,19,0,349,0,381,352,0,"Anderson",76978,202.655304112863,0.28780487804878,24.682376782977,36.3740289433345,28.780487804878
2022-07-10,23363,19,14766,4,8597,15,16125,3,90679,6,106804,9,0,349,0,381,352,0,"Anderson",76978,213.047883810959,0.293193717277487,11.6916521603575,24.682376782977,29.3193717277487
2022-07-11,23386,23,14776,10,8610,13,16138,13,90717,38,106855,51,0,349,0,381,352,0,"Anderson",76978,222.141391046793,0.279475982532751,66.2526955753592,29.8786666320247,27.9475982532751
2022-07-12,23431,45,14794,18,8637,27,16157,19,90751,34,106908,53,0,349,0,381,352,0,"Anderson",76978,253.319130141079,0.292682926829268,68.8508404998831,58.4582608017875,29.2682926829268
2022-07-13,23468,37,14812,18,8656,19,16176,19,90798,47,106974,66,0,349,0,381,353,1,"Anderson",76978,283.197796773104,0.304347826086957,85.7387825092884,48.065681103692,30.4347826086957
2022-07-14,23509,41,14824,12,8685,29,16188,12,90820,22,107008,34,0,349,1,382,353,0,"Anderson",76978,294.889448933461,0.301115241635688,44.1684637169061,53.2619709527397,30.1115241635688
2022-07-15,23541,32,14840,16,8701,16,16204,16,90846,26,107050,42,0,349,0,382,353,0,"Anderson",76978,292.291304008938,0.317518248175182,54.5610434150017,41.5703187923822,31.7518248175182
2022-07-16,23563,22,14847,7,8716,15,16211,7,90855,9,107066,16,0,349,0,382,353,0,"Anderson",76978,284.496869235366,0.328413284132841,20.7851593961911,28.5795941697628,32.8413284132841
2022-07-17,23573,10,14851,4,8722,6,16214,3,90867,12,107081,15,0,349,0,382,353,0,"Anderson",76978,272.805217075008,0.32129963898917,19.4860869339292,12.9907246226195,32.129963898917
2022-07-18,23619,46,14872,21,8747,25,16235,21,90917,50,107152,71,0,349,0,382,353,0,"Anderson",76978,302.683883707033,0.326599326599327,92.2341448205981,59.7573332640495,32.6599326599327
2022-07-19,23669,50,14895,23,8774,27,16261,26,90933,16,107194,42,3,352,0,382,353,0,"Anderson",76978,309.179246018343,0.363636363636364,54.5610434150017,64.9536231130973,36.3636363636364
2022-07-20,23705,36,14911,16,8794,20,16277,16,90963,30,107240,46,0,352,0,382,353,0,"Anderson",76978,307.880173556081,0.379699248120301,59.7573332640495,46.76660864143,37.9699248120301
2022-07-21,23748,43,14940,29,8808,14,16307,30,91015,52,107322,82,0,352,0,382,354,1,"Anderson",76978,310.478318480605,0.378980891719745,106.523941905479,55.8601158772636,37.8980891719745
2022-07-22,23786,38,14954,14,8832,24,16322,15,91050,35,107372,50,0,352,0,382,355,1,"Anderson",76978,318.272753254177,0.366459627329193,64.9536231130973,49.3647535659539,36.6459627329193
2022-07-23,23796,10,14957,3,8839,7,16326,4,91061,11,107387,15,0,352,0,382,355,0,"Anderson",76978,302.683883707033,0.358255451713396,19.4860869339292,12.9907246226195,35.8255451713396
2022-07-24,23819,23,14966,9,8853,14,16335,9,91075,14,107410,23,0,352,0,382,355,0,"Anderson",76978,319.571825716438,0.367781155015198,29.8786666320247,29.8786666320247,36.7781155015198
2022-07-25,23865,46,14992,26,8873,20,16362,27,91107,32,107469,59,0,352,0,382,355,0,"Anderson",76978,319.571825716438,0.400630914826498,76.6452752734548,59.7573332640495,40.0630914826498
2022-07-26,23912,47,15016,24,8896,23,16386,24,91140,33,107526,57,0,352,0,382,356,1,"Anderson",76978,315.674608329653,0.376506024096386,74.0471303489309,61.0564057263114,37.6506024096386
2022-07-27,23955,43,15034,18,8921,25,16407,21,91182,42,107589,63,0,352,0,382,356,0,"Anderson",76978,324.768115565486,0.372492836676218,81.8415651225025,55.8601158772636,37.2492836676218
2022-07-28,23991,36,15051,17,8940,19,16425,18,91221,39,107646,57,0,352,0,382,356,0,"Anderson",76978,315.674608329653,0.364197530864198,74.0471303489309,46.76660864143,36.4197530864198
2022-07-29,24024,33,15072,21,8952,12,16446,21,91256,35,107702,56,0,352,0,382,356,0,"Anderson",76978,309.179246018343,0.375757575757576,72.7480578866689,42.8693912546442,37.5757575757576
2022-07-30,24048,24,15086,14,8962,10,16460,14,91272,16,107732,30,0,352,0,382,356,0,"Anderson",76978,327.36626049001,0.388405797101449,38.9721738678584,31.1777390942867,38.8405797101449
2022-07-31,24054,6,15089,3,8965,3,16465,5,91288,16,107753,21,0,352,0,382,357,1,"Anderson",76978,305.282028631557,0.379008746355685,27.2805217075008,7.79443477357167,37.9008746355685
2022-08-01,24089,35,15105,16,8984,19,16483,18,91307,19,107790,37,0,352,0,382,357,0,"Anderson",76978,290.992231546676,0.376947040498442,48.065681103692,45.4675361791681,37.6947040498442
2022-08-02,24147,58,15150,45,8997,13,16527,44,91343,36,107870,80,1,353,0,382,357,0,"Anderson",76978,305.282028631557,0.409883720930233,103.925796980956,75.3462028111928,40.9883720930233
2022-08-03,24180,33,15169,19,9011,14,16550,23,91379,36,107929,59,0,353,0,382,358,1,"Anderson",76978,292.291304008938,0.420588235294118,76.6452752734548,42.8693912546442,42.0588235294118
2022-08-04,24221,41,15197,28,9024,13,16583,33,91474,95,108057,128,1,354,0,382,358,0,"Anderson",76978,298.786666320247,0.384428223844282,166.281275169529,53.2619709527397,38.4428223844282
2022-08-05,24253,32,15219,22,9034,10,16604,21,91506,32,108110,53,0,354,0,382,358,0,"Anderson",76978,297.487593857985,0.387254901960784,68.8508404998831,41.5703187923822,38.7254901960784
2022-08-06,24271,18,15227,8,9044,10,16612,8,91521,15,108133,23,0,354,0,382,358,0,"Anderson",76978,289.693159084414,0.379052369077307,29.8786666320247,23.383304320715,37.9052369077307
2022-08-07,24287,16,15237,10,9050,6,16622,10,91537,16,108159,26,0,354,0,382,358,0,"Anderson",76978,302.683883707033,0.386699507389163,33.7758840188106,20.7851593961911,38.6699507389163
2022-08-08,24344,57,15266,29,9078,28,16650,28,91549,12,108199,40,0,354,0,382,359,1,"Anderson",76978,331.263477876796,0.408312958435208,51.9628984904778,74.0471303489309,40.8312958435208
2022-08-09,24375,31,15284,18,9091,13,16669,19,91599,50,108268,69,3,357,0,382,360,1,"Anderson",76978,296.188521395723,0.35678391959799,89.6359998960742,40.2712463301203,35.678391959799
2022-08-10,24413,38,15310,26,9103,12,16698,29,91631,32,108329,61,0,357,0,382,360,0,"Anderson",76978,302.683883707033,0.37,79.2434201979787,49.3647535659539,37
2022-08-11,24447,34,15334,24,9113,10,16723,25,91662,31,108385,56,0,357,0,382,360,0,"Anderson",76978,293.5903764712,0.426829268292683,72.7480578866689,44.1684637169061,42.6829268292683
2022-08-12,24485,38,15356,22,9129,16,16747,24,91701,39,108448,63,0,357,0,382,361,1,"Anderson",76978,301.384811244771,0.423076923076923,81.8415651225025,49.3647535659539,42.3076923076923
2022-08-13,24502,17,15366,10,9136,7,16758,11,91731,30,108489,41,0,357,0,382,362,1,"Anderson",76978,300.085738782509,0.410112359550562,53.2619709527397,22.0842318584531,41.0112359550562
2022-08-14,24514,12,15374,8,9140,4,16766,8,91751,20,108517,28,0,357,0,382,362,0,"Anderson",76978,294.889448933461,0.402234636871508,36.3740289433345,15.5888695471433,40.2234636871508
2022-08-15,24567,53,15400,26,9167,27,16793,27,91773,22,108566,49,0,357,0,382,363,1,"Anderson",76978,289.693159084414,0.389645776566757,63.6545506508353,68.8508404998831,38.9645776566758
2022-08-16,24616,49,15430,30,9186,19,16825,32,91805,32,108630,64,1,358,0,382,363,0,"Anderson",76978,313.076463405129,0.430939226519337,83.1406375847645,63.6545506508353,43.0939226519337
2022-08-17,24662,46,15457,27,9205,19,16851,26,91838,33,108689,59,0,358,0,382,363,0,"Anderson",76978,323.469043103224,0.425,76.6452752734548,59.7573332640495,42.5
2022-08-18,24946,284,15500,43,9446,241,16893,42,91882,44,108775,86,0,358,0,382,363,0,"Anderson",76978,648.23715866871,0.435897435897436,111.720231754527,368.936579282392,43.5897435897436
2022-08-19,24978,32,15515,15,9463,17,16909,16,91919,37,108828,53,0,358,0,382,363,0,"Anderson",76978,640.442723895139,0.426315789473684,68.8508404998831,41.5703187923822,42.6315789473684
2022-08-20,24992,14,15522,7,9470,7,16917,8,91948,29,108865,37,0,358,0,382,363,0,"Anderson",76978,636.545506508353,0.422872340425532,48.065681103692,18.1870144716672,42.2872340425532
2022-08-21,25006,14,15528,6,9478,8,16924,7,91979,31,108903,38,0,358,0,382,363,0,"Anderson",76978,639.143651432877,0.409326424870466,49.3647535659539,18.1870144716672,40.9326424870466
2022-08-22,25070,64,15553,25,9517,39,16949,25,92016,37,108965,62,0,358,0,382,364,1,"Anderson",76978,653.433448517758,0.390977443609023,80.5424926602406,83.1406375847645,39.0977443609023
2022-08-23,25150,80,15585,32,9565,48,16982,33,92048,32,109030,65,3,361,0,382,365,1,"Anderson",76978,693.704694847879,0.3925,84.4397100470264,103.925796980956,39.25
2022-08-24,25215,65,15608,23,9607,42,17008,26,92086,38,109094,64,0,361,0,382,365,0,"Anderson",76978,718.387071630856,0.387654320987654,83.1406375847645,84.4397100470264,38.7654320987654
2022-08-25,25259,44,15631,23,9628,21,17033,25,92125,39,109158,64,1,362,0,382,366,1,"Anderson",76978,406.609680687989,0.365535248041775,83.1406375847645,57.1591883395256,36.5535248041775
2022-08-26,25291,32,15646,15,9645,17,17049,16,92182,57,109231,73,0,362,0,382,366,0,"Anderson",76978,406.609680687989,0.347394540942928,94.832289745122,41.5703187923822,34.7394540942928
2022-08-27,25331,40,15655,9,9676,31,17058,9,92218,36,109276,45,0,362,0,382,366,0,"Anderson",76978,440.385564706799,0.343065693430657,58.4582608017875,51.9628984904778,34.3065693430657
2022-08-28,25340,9,15659,4,9681,5,17062,4,92246,28,109308,32,0,362,0,382,366,0,"Anderson",76978,433.89020239549,0.340740740740741,41.5703187923822,11.6916521603575,34.0740740740741
2022-08-29,25375,35,15673,14,9702,21,17078,16,92257,11,109335,27,0,362,0,382,367,1,"Anderson",76978,396.217100989893,0.348648648648649,35.0749564810725,45.4675361791681,34.8648648648649
2022-08-30,25420,45,15689,16,9731,29,17095,17,92273,16,109368,33,2,364,0,382,367,0,"Anderson",76978,350.749564810725,0.334319526627219,42.8693912546442,58.4582608017875,33.4319526627219
2022-08-31,25467,47,15720,31,9747,16,17128,33,92322,49,109450,82,0,364,0,382,367,0,"Anderson",76978,327.36626049001,0.337078651685393,106.523941905479,61.0564057263114,33.7078651685393
2022-09-01,25497,30,15734,14,9763,16,17143,15,92350,28,109493,43,1,365,0,382,367,0,"Anderson",76978,309.179246018343,0.328358208955224,55.8601158772636,38.9721738678584,32.8358208955224
2022-09-02,25524,27,15748,14,9776,13,17157,14,92394,44,109551,58,0,365,0,382,367,0,"Anderson",76978,302.683883707033,0.3375,75.3462028111928,35.0749564810725,33.75
2022-09-03,25544,20,15759,11,9785,9,17168,11,92414,20,109582,31,0,365,0,382,368,1,"Anderson",76978,276.702434461794,0.359477124183007,40.2712463301203,25.9814492452389,35.9477124183007
2022-09-04,25556,12,15761,2,9795,10,17170,2,92428,14,109598,16,0,365,0,382,368,0,"Anderson",76978,280.59965184858,0.372413793103448,20.7851593961911,15.5888695471433,37.2413793103448
2022-09-05,25565,9,15763,2,9802,7,17172,2,92442,14,109614,16,0,365,0,382,368,0,"Anderson",76978,246.82376782977,0.336917562724014,20.7851593961911,11.6916521603575,33.6917562724014
2022-09-06,25601,36,15775,12,9826,24,17184,12,92459,17,109643,29,0,365,0,382,368,0,"Anderson",76978,235.132115669412,0.323636363636364,37.6731014055964,46.76660864143,32.3636363636364
2022-09-07,25640,39,15790,15,9850,24,17200,16,92493,34,109693,50,0,365,0,382,368,0,"Anderson",76978,224.739535971316,0.296296296296296,64.9536231130973,50.6638260282159,29.6296296296296
2022-09-08,25662,22,15799,9,9863,13,17209,9,92511,18,109720,27,0,365,0,382,369,1,"Anderson",76978,214.346956273221,0.290748898678414,35.0749564810725,28.5795941697628,29.0748898678414
2022-09-09,25676,14,15806,7,9870,7,17216,7,92556,45,109772,52,0,365,0,382,370,1,"Anderson",76978,197.459014263816,0.266968325791855,67.5517680376211,18.1870144716672,26.6968325791855
2022-09-10,25691,15,15813,7,9878,8,17225,9,92576,20,109801,29,0,365,0,382,370,0,"Anderson",76978,190.963651952506,0.26027397260274,37.6731014055964,19.4860869339292,26.027397260274
2022-09-11,25698,7,15815,2,9883,5,17228,3,92590,14,109818,17,0,365,0,382,370,0,"Anderson",76978,184.468289641196,0.263636363636364,22.0842318584531,9.09350723583361,26.3636363636364
2022-09-12,25711,13,15820,5,9891,8,17234,6,92602,12,109836,18,0,365,0,382,370,0,"Anderson",76978,189.664579490244,0.279279279279279,23.383304320715,16.8879420094053,27.9279279279279
2022-09-13,25737,26,15832,12,9905,14,17247,13,92624,22,109871,35,0,365,0,382,370,0,"Anderson",76978,176.673854867625,0.276315789473684,45.4675361791681,33.7758840188106,27.6315789473684
2022-09-14,25754,17,15840,8,9914,9,17255,8,92650,26,109905,34,1,366,0,382,370,0,"Anderson",76978,148.094260697862,0.259433962264151,44.1684637169061,22.0842318584531,25.9433962264151
2022-09-15,25812,58,15857,17,9955,41,17273,18,92692,42,109965,60,2,368,0,382,370,0,"Anderson",76978,194.860869339292,0.261224489795918,77.9443477357167,75.3462028111928,26.1224489795918
2022-09-16,25828,16,15861,4,9967,12,17277,4,92738,46,110015,50,0,368,0,382,370,0,"Anderson",76978,197.459014263816,0.251028806584362,64.9536231130973,20.7851593961911,25.1028806584362
2022-09-17,25838,10,15862,1,9976,9,17280,3,92751,13,110031,16,0,368,0,382,370,0,"Anderson",76978,190.963651952506,0.239130434782609,20.7851593961911,12.9907246226195,23.9130434782609
2022-09-18,25846,8,15863,1,9983,7,17281,1,92756,5,110037,6,0,368,0,382,370,0,"Anderson",76978,192.262724414768,0.242009132420091,7.79443477357167,10.3925796980956,24.2009132420091
2022-09-19,25862,16,15866,3,9996,13,17285,4,92776,20,110061,24,0,368,1,383,371,1,"Anderson",76978,196.159941801554,0.226666666666667,31.1777390942867,20.7851593961911,22.6666666666667
2022-09-20,25868,6,15871,5,9997,1,17291,6,92785,9,110076,15,0,368,0,383,371,0,"Anderson",76978,170.178492556315,0.214634146341463,19.4860869339292,7.79443477357167,21.4634146341463
2022-09-21,25878,10,15873,2,10005,8,17293,2,92808,23,110101,25,1,369,0,383,371,0,"Anderson",76978,161.084985320481,0.193877551020408,32.4768115565486,12.9907246226195,19.3877551020408
2022-09-22,25894,16,15879,6,10015,10,17299,6,92844,36,110143,42,0,369,0,383,371,0,"Anderson",76978,106.523941905479,0.146067415730337,54.5610434150017,20.7851593961911,14.6067415730337
2022-09-23,25915,21,15891,12,10024,9,17312,13,92889,45,110201,58,0,369,0,383,371,0,"Anderson",76978,113.019304216789,0.188172043010753,75.3462028111928,27.2805217075008,18.8172043010753
2022-09-24,25920,5,15895,4,10025,1,17315,3,92906,17,110221,20,0,369,0,383,371,0,"Anderson",76978,106.523941905479,0.184210526315789,25.9814492452389,6.49536231130973,18.4210526315789
2022-09-25,25925,5,15897,2,10028,3,17317,2,92921,15,110238,17,0,369,0,383,371,0,"Anderson",76978,102.626724518694,0.17910447761194,22.0842318584531,6.49536231130973,17.910447761194
2022-09-26,25940,15,15903,6,10037,9,17324,7,92932,11,110256,18,0,369,0,383,371,0,"Anderson",76978,101.327652056432,0.2,23.383304320715,19.4860869339292,20
2022-09-27,25947,7,15904,1,10043,6,17326,2,92953,21,110279,23,0,369,0,383,371,0,"Anderson",76978,102.626724518694,0.172413793103448,29.8786666320247,9.09350723583361,17.2413793103448
2022-09-28,25963,16,15908,4,10055,12,17331,5,92996,43,110327,48,1,370,0,383,371,0,"Anderson",76978,110.421159292265,0.168141592920354,62.3554781885734,20.7851593961911,16.8141592920354
2022-09-29,25973,10,15916,8,10057,2,17339,8,93018,22,110357,30,0,370,0,383,371,0,"Anderson",76978,102.626724518694,0.186915887850467,38.9721738678584,12.9907246226195,18.6915887850467
2022-09-30,25981,8,15920,4,10061,4,17343,4,93052,34,110395,38,0,370,0,383,371,0,"Anderson",76978,85.7387825092884,0.15979381443299,49.3647535659539,10.3925796980956,15.979381443299
2022-10-01,25986,5,15920,0,10066,5,17343,0,93056,4,110399,4,0,370,0,383,371,0,"Anderson",76978,85.7387825092884,0.157303370786517,5.19628984904778,6.49536231130973,15.7303370786517
2022-10-02,25988,2,15921,1,10067,1,17344,1,93059,3,110403,4,0,370,0,383,371,0,"Anderson",76978,81.8415651225025,0.163636363636364,5.19628984904778,2.59814492452389,16.3636363636364
2022-10-03,25999,11,15924,3,10075,8,17348,4,93065,6,110413,10,0,370,0,383,371,0,"Anderson",76978,76.6452752734548,0.152866242038217,12.9907246226195,14.2897970848814,15.2866242038217
2022-10-04,26001,2,15924,0,10077,2,17348,0,93102,37,110450,37,0,370,0,383,371,0,"Anderson",76978,70.149912962145,0.128654970760234,48.065681103692,2.59814492452389,12.8654970760234
2022-10-05,26006,5,15926,2,10080,3,17351,3,93118,16,110469,19,0,370,0,383,371,0,"Anderson",76978,55.8601158772636,0.140845070422535,24.682376782977,6.49536231130973,14.0845070422535
2022-10-06,26019,13,15933,7,10086,6,17359,8,93143,25,110502,33,0,370,0,383,371,0,"Anderson",76978,59.7573332640495,0.137931034482759,42.8693912546442,16.8879420094053,13.7931034482759
2022-10-07,26035,16,15944,11,10091,5,17370,11,93165,22,110535,33,0,370,0,383,371,0,"Anderson",76978,70.149912962145,0.192857142857143,42.8693912546442,20.7851593961911,19.2857142857143
2022-10-08,26035,0,15944,0,10091,0,17370,0,93183,18,110553,18,0,370,0,383,371,0,"Anderson",76978,63.6545506508353,0.175324675324675,23.383304320715,0,17.5324675324675
2022-10-09,26037,2,15945,1,10092,1,17371,1,93194,11,110565,12,0,370,0,383,371,0,"Anderson",76978,63.6545506508353,0.166666666666667,15.5888695471433,2.59814492452389,16.6666666666667
2022-10-10,26042,5,15947,2,10095,3,17373,2,93209,15,110582,17,0,370,0,383,372,1,"Anderson",76978,55.8601158772636,0.14792899408284,22.0842318584531,6.49536231130973,14.792899408284
2022-10-11,26055,13,15953,6,10102,7,17379,6,93243,34,110622,40,0,370,0,383,372,0,"Anderson",76978,70.149912962145,0.180232558139535,51.9628984904778,16.8879420094053,18.0232558139535
2022-10-12,26065,10,15956,3,10109,7,17382,3,93260,17,110642,20,0,370,0,383,372,0,"Anderson",76978,76.6452752734548,0.179190751445087,25.9814492452389,12.9907246226195,17.9190751445087
2022-10-13,26072,7,15961,5,10111,2,17387,5,93275,15,110662,20,0,370,1,384,372,0,"Anderson",76978,68.8508404998831,0.175,25.9814492452389,9.09350723583361,17.5
2022-10-14,26077,5,15962,1,10115,4,17388,1,93292,17,110680,18,0,370,0,384,372,0,"Anderson",76978,54.5610434150017,0.124137931034483,23.383304320715,6.49536231130973,12.4137931034483
2022-10-15,26080,3,15963,1,10117,2,17389,1,93304,12,110693,13,0,370,0,384,372,0,"Anderson",76978,58.4582608017875,0.135714285714286,16.8879420094053,3.89721738678583,13.5714285714286
2022-10-16,26081,1,15964,1,10117,0,17390,1,93308,4,110698,5,0,370,0,384,372,0,"Anderson",76978,57.1591883395256,0.142857142857143,6.49536231130973,1.29907246226194,14.2857142857143
2022-10-17,26091,10,15968,4,10123,6,17394,4,93312,4,110706,8,0,370,0,384,372,0,"Anderson",76978,63.6545506508353,0.169354838709677,10.3925796980956,12.9907246226195,16.9354838709677
2022-10-18,26097,6,15970,2,10127,4,17396,2,93327,15,110723,17,0,370,0,384,373,1,"Anderson",76978,54.5610434150017,0.168316831683168,22.0842318584531,7.79443477357167,16.8316831683168
2022-10-19,26106,9,15974,4,10132,5,17400,4,93341,14,110741,18,0,370,0,384,373,0,"Anderson",76978,53.2619709527397,0.181818181818182,23.383304320715,11.6916521603575,18.1818181818182
2022-10-20,26116,10,15976,2,10140,8,17403,3,93353,12,110756,15,1,371,0,384,373,0,"Anderson",76978,57.1591883395256,0.170212765957447,19.4860869339292,12.9907246226195,17.0212765957447
2022-10-21,26133,17,15990,14,10143,3,17418,15,93411,58,110829,73,0,371,0,384,373,0,"Anderson",76978,72.7480578866689,0.201342281879195,94.832289745122,22.0842318584531,20.1342281879195
2022-10-22,26138,5,15992,2,10146,3,17420,2,93419,8,110839,10,0,371,0,384,374,1,"Anderson",76978,75.3462028111928,0.212328767123288,12.9907246226195,6.49536231130973,21.2328767123288
2022-10-23,26148,10,16000,8,10148,2,17427,7,93423,4,110850,11,0,371,1,385,374,0,"Anderson",76978,87.0378549715503,0.243421052631579,14.2897970848814,12.9907246226195,24.3421052631579
2022-10-24,26158,10,16006,6,10152,4,17434,7,93440,17,110874,24,0,371,0,385,374,0,"Anderson",76978,87.0378549715503,0.238095238095238,31.1777390942867,12.9907246226195,23.8095238095238
2022-10-25,26170,12,16011,5,10159,7,17440,6,93459,19,110899,25,0,371,0,385,374,0,"Anderson",76978,94.832289745122,0.25,32.4768115565486,15.5888695471433,25
2022-10-26,26187,17,16022,11,10165,6,17451,11,93480,21,110931,32,1,372,0,385,374,0,"Anderson",76978,105.224869443218,0.268421052631579,41.5703187923822,22.0842318584531,26.8421052631579
2022-10-27,26204,17,16026,4,10178,13,17455,4,93496,16,110951,20,0,372,0,385,374,0,"Anderson",76978,114.318376679051,0.266666666666667,25.9814492452389,22.0842318584531,26.6666666666667
2022-10-28,26214,10,16030,4,10184,6,17458,3,93510,14,110968,17,0,372,0,385,374,0,"Anderson",76978,105.224869443218,0.287769784172662,22.0842318584531,12.9907246226195,28.7769784172662
2022-10-29,26219,5,16031,1,10188,4,17460,2,93529,19,110989,21,0,372,0,385,374,0,"Anderson",76978,105.224869443218,0.266666666666667,27.2805217075008,6.49536231130973,26.6666666666667
2022-10-30,26222,3,16034,3,10188,0,17463,3,93530,1,110993,4,0,372,0,385,374,0,"Anderson",76978,96.1313622073839,0.251748251748252,5.19628984904778,3.89721738678583,25.1748251748252
2022-10-31,26236,14,16040,6,10196,8,17470,7,93559,29,111029,36,0,372,0,385,374,0,"Anderson",76978,101.327652056432,0.232258064516129,46.76660864143,18.1870144716672,23.2258064516129
2022-11-01,26250,14,16049,9,10201,5,17478,8,93586,27,111064,35,0,372,0,385,374,0,"Anderson",76978,103.925796980956,0.23030303030303,45.4675361791681,18.1870144716672,23.030303030303
2022-11-02,26260,10,16054,5,10206,5,17483,5,93600,14,111083,19,0,372,0,385,376,2,"Anderson",76978,94.832289745122,0.210526315789474,24.682376782977,12.9907246226195,21.0526315789474
2022-11-03,26273,13,16063,9,10210,4,17492,9,93646,46,111138,55,1,373,0,385,377,1,"Anderson",76978,89.6359998960742,0.197860962566845,71.448985424407,16.8879420094053,19.7860962566845
2022-11-04,26290,17,16070,7,10220,10,17499,7,93679,33,111178,40,2,375,0,385,377,0,"Anderson",76978,98.7295071319078,0.195238095238095,51.9628984904778,22.0842318584531,19.5238095238095
2022-11-05,26297,7,16077,7,10220,0,17507,8,93685,6,111192,14,0,375,0,385,377,0,"Anderson",76978,101.327652056432,0.231527093596059,18.1870144716672,9.09350723583361,23.1527093596059
2022-11-06,26300,3,16078,1,10222,2,17508,1,93693,8,111201,9,0,375,0,385,377,0,"Anderson",76978,101.327652056432,0.216346153846154,11.6916521603575,3.89721738678583,21.6346153846154
2022-11-07,26321,21,16083,5,10238,16,17513,5,93712,19,111225,24,0,375,0,385,377,0,"Anderson",76978,110.421159292265,0.219387755102041,31.1777390942867,27.2805217075008,21.9387755102041
2022-11-08,26333,12,16091,8,10242,4,17520,7,93726,14,111246,21,0,375,0,385,377,0,"Anderson",76978,107.823014367741,0.230769230769231,27.2805217075008,15.5888695471433,23.0769230769231
2022-11-09,26349,16,16098,7,10251,9,17527,7,93783,57,111310,64,0,375,0,385,377,0,"Anderson",76978,115.617449141313,0.193832599118943,83.1406375847645,20.7851593961911,19.3832599118943
2022-11-10,26361,12,16104,6,10257,6,17534,7,93807,24,111341,31,0,375,0,385,378,1,"Anderson",76978,114.318376679051,0.206896551724138,40.2712463301203,15.5888695471433,20.6896551724138
2022-11-11,26369,8,16108,4,10261,4,17538,4,93836,29,111374,33,0,375,0,385,378,0,"Anderson",76978,102.626724518694,0.198979591836735,42.8693912546442,10.3925796980956,19.8979591836735
2022-11-12,26372,3,16110,2,10262,1,17540,2,93846,10,111386,12,0,375,0,385,378,0,"Anderson",76978,97.4304346696459,0.170103092783505,15.5888695471433,3.89721738678583,17.0103092783505
2022-11-13,26372,0,16110,0,10262,0,17540,0,93852,6,111392,6,0,375,0,385,378,0,"Anderson",76978,93.53321728286,0.167539267015707,7.79443477357167,0,16.7539267015707
2022-11-14,26380,8,16113,3,10267,5,17543,3,93881,29,111424,32,0,375,0,385,378,0,"Anderson",76978,76.6452752734548,0.150753768844221,41.5703187923822,10.3925796980956,15.0753768844221
2022-11-15,26394,14,16114,1,10280,13,17544,1,93928,47,111472,48,0,375,0,385,378,0,"Anderson",76978,79.2434201979786,0.106194690265487,62.3554781885734,18.1870144716672,10.6194690265487
2022-11-16,26403,9,16116,2,10287,7,17546,2,93946,18,111492,20,1,376,0,385,378,0,"Anderson",76978,70.149912962145,0.104395604395604,25.9814492452389,11.6916521603575,10.4395604395604
2022-11-17,26411,8,16120,4,10291,4,17550,4,93978,32,111528,36,1,377,0,385,378,0,"Anderson",76978,64.9536231130973,0.0855614973262032,46.76660864143,10.3925796980956,8.55614973262032
2022-11-18,26422,11,16124,4,10298,7,17554,4,94024,46,111578,50,0,377,0,385,378,0,"Anderson",76978,68.8508404998831,0.0784313725490196,64.9536231130973,14.2897970848814,7.84313725490196
2022-11-19,26424,2,16124,0,10300,2,17554,0,94031,7,111585,7,0,377,0,385,378,0,"Anderson",76978,67.5517680376211,0.0703517587939698,9.09350723583361,2.59814492452389,7.03517587939699
2022-11-20,26426,2,16124,0,10302,2,17554,0,94044,13,111598,13,0,377,0,385,378,0,"Anderson",76978,70.149912962145,0.0679611650485437,16.8879420094053,2.59814492452389,6.79611650485437
2022-11-21,26431,5,16127,3,10304,2,17557,3,94063,19,111620,22,0,377,0,385,378,0,"Anderson",76978,66.2526955753592,0.0714285714285714,28.5795941697628,6.49536231130973,7.14285714285714
2022-11-22,26440,9,16129,2,10311,7,17559,2,94100,37,111659,39,0,377,0,385,378,0,"Anderson",76978,59.7573332640495,0.0802139037433155,50.6638260282159,11.6916521603575,8.02139037433155
2022-11-23,26448,8,16133,4,10315,4,17564,5,94119,19,111683,24,1,378,0,385,378,0,"Anderson",76978,58.4582608017875,0.0942408376963351,31.1777390942867,10.3925796980956,9.42408376963351
2022-11-24,26453,5,16136,3,10317,2,17567,3,94131,12,111698,15,0,378,0,385,378,0,"Anderson",76978,54.5610434150017,0.1,19.4860869339292,6.49536231130973,10
2022-11-25,26457,4,16138,2,10319,2,17569,2,94139,8,111708,10,0,378,0,385,378,0,"Anderson",76978,45.4675361791681,0.115384615384615,12.9907246226195,5.19628984904778,11.5384615384615
2022-11-26,26460,3,16138,0,10322,3,17569,0,94150,11,111719,11,0,378,0,385,378,0,"Anderson",76978,46.76660864143,0.111940298507463,14.2897970848814,3.89721738678583,11.1940298507463
2020-03-12,1,1,1,1,0,0,1,1,11,11,12,12,0,0,0,0,0,0,"East TN",2455501,NA,NA,0.488698640318208,0.040724886693184,NA
2020-03-13,1,0,1,0,0,0,1,0,23,12,24,12,0,0,0,0,0,0,"East TN",2455501,NA,NA,0.488698640318208,0,NA
2020-03-14,3,2,3,2,0,0,3,2,50,27,53,29,0,0,0,0,0,0,"East TN",2455501,NA,NA,1.18102171410234,0.081449773386368,NA
2020-03-15,3,0,3,0,0,0,3,0,53,3,56,3,0,0,0,0,0,0,"East TN",2455501,NA,NA,0.122174660079552,0,NA
2020-03-16,5,2,5,2,0,0,5,2,89,36,94,38,0,0,0,0,0,0,"East TN",2455501,NA,NA,1.54754569434099,0.081449773386368,NA
2020-03-17,6,1,6,1,0,0,5,0,130,41,135,41,0,0,0,0,0,0,"East TN",2455501,NA,NA,1.66972035442054,0.040724886693184,NA
2020-03-18,8,2,8,2,0,0,7,2,171,41,178,43,0,0,0,0,0,0,"East TN",2455501,0.325799093545472,0.0393258426966292,1.75117012780691,0.081449773386368,3.93258426966292
2020-03-19,11,3,11,3,0,0,11,4,238,67,249,71,0,0,0,0,0,0,"East TN",2455501,0.40724886693184,0.0421940928270042,2.89146695521606,0.122174660079552,4.21940928270042
2020-03-20,29,18,29,18,0,0,27,16,382,144,409,160,0,0,2,2,0,0,"East TN",2455501,1.14029682740915,0.0675324675324675,6.51598187090944,0.733047960477312,6.75324675324675
2020-03-21,38,9,38,9,0,0,38,11,610,228,648,239,0,0,1,3,1,1,"East TN",2455501,1.42537103426144,0.0588235294117647,9.73324791967098,0.366523980238656,5.88235294117647
2020-03-22,48,10,47,9,1,1,43,5,713,103,756,108,0,0,4,7,2,1,"East TN",2455501,1.83261990119328,0.0571428571428571,4.39828776286387,0.40724886693184,5.71428571428571
2020-03-23,64,16,63,16,1,0,56,13,846,133,902,146,0,0,4,11,2,0,"East TN",2455501,2.40276831489786,0.0631188118811881,5.94583345720486,0.651598187090944,6.31188118811881
2020-03-24,83,19,82,19,1,0,70,14,987,141,1057,155,0,0,5,16,2,0,"East TN",2455501,3.13581627537517,0.0704989154013015,6.31235743744352,0.773772847170496,7.04989154013015
2020-03-25,116,33,115,33,1,0,99,29,1288,301,1387,330,0,0,12,28,3,1,"East TN",2455501,4.39828776286387,0.076095947063689,13.4392126087507,1.34392126087507,7.6095947063689
2020-03-26,144,28,143,28,1,0,130,31,1774,486,1904,517,0,0,5,33,4,1,"East TN",2455501,5.41640993019347,0.0719033232628399,21.0547664203761,1.14029682740915,7.19033232628399
2020-03-27,166,22,165,22,1,0,147,17,2171,397,2318,414,0,0,6,39,4,0,"East TN",2455501,5.57930947696621,0.0628601361969618,16.8601030909782,0.895947507250048,6.28601361969618
2020-03-28,197,31,196,31,1,0,180,33,2608,437,2788,470,0,0,8,47,4,0,"East TN",2455501,6.47525698421626,0.0663551401869159,19.1406967457965,1.2624714874887,6.63551401869159
2020-03-29,213,16,212,16,1,0,196,16,2795,187,2991,203,0,0,3,50,7,3,"East TN",2455501,6.71960630437536,0.0684563758389262,8.26715199871635,0.651598187090944,6.84563758389262
2020-03-30,246,33,245,33,1,0,226,30,3345,550,3571,580,0,0,8,58,9,2,"East TN",2455501,7.41192937815949,0.0636942675159236,23.6204342820467,1.34392126087507,6.36942675159236
2020-03-31,295,49,294,49,1,0,278,52,3645,300,3923,352,0,0,12,70,10,1,"East TN",2455501,8.63367597895501,0.0725750174459177,14.3351601160008,1.99551944796602,7.25750174459177
2020-04-01,346,51,345,51,1,0,336,58,4243,598,4579,656,0,0,9,79,12,2,"East TN",2455501,9.36672393943232,0.0742481203007519,26.7155256707287,2.07696922135238,7.42481203007519
2020-04-02,391,45,390,45,1,0,383,47,4839,596,5222,643,2,7,5,84,14,2,"East TN",2455501,10.0590470132164,0.0762507534659433,26.1861021437173,1.83261990119328,7.62507534659433
2020-04-03,412,21,411,21,1,0,401,18,5124,285,5525,303,1,8,2,86,17,3,"East TN",2455501,10.0183221265233,0.0792017461802308,12.3396406680348,0.855222620556864,7.92017461802307
2020-04-04,447,35,446,35,1,0,431,30,5716,592,6147,622,3,11,5,91,19,2,"East TN",2455501,10.181221673296,0.0747246204227449,25.3308795231604,1.42537103426144,7.47246204227449
2020-04-05,473,26,472,26,1,0,464,33,6093,377,6557,410,-1,10,2,93,20,1,"East TN",2455501,10.5884705402278,0.0751542344363432,16.6972035442054,1.05884705402278,7.51542344363432
2020-04-06,514,41,513,41,1,0,514,50,6626,533,7140,583,8,18,5,98,20,0,"East TN",2455501,10.9142696337733,0.080694872513309,23.7426089421263,1.66972035442054,8.0694872513309
2020-04-07,570,56,569,56,1,0,592,78,7755,1129,8347,1207,0,18,7,105,21,1,"East TN",2455501,11.1993438406256,0.0709764918625678,49.1549382386731,2.2805936548183,7.09764918625678
2020-04-08,607,37,606,37,1,0,632,40,8162,407,8794,447,1,19,8,113,25,4,"East TN",2455501,10.629195426921,0.0702253855278766,18.2040243518532,1.50682080764781,7.02253855278766
2020-04-09,633,26,632,26,1,0,662,30,8613,451,9275,481,3,22,2,115,25,0,"East TN",2455501,9.85542257975053,0.0688378978534419,19.5886704994215,1.05884705402278,6.88378978534419
2020-04-10,655,22,654,22,1,0,682,20,8941,328,9623,348,0,22,4,119,25,0,"East TN",2455501,9.89614746644371,0.0685700341630063,14.172260569228,0.895947507250048,6.85700341630063
2020-04-11,679,24,678,24,1,0,728,46,10022,1081,10750,1127,2,24,5,124,27,2,"East TN",2455501,9.44817371281869,0.0645231370845101,45.8969473032184,0.977397280636416,6.45231370845101
2020-04-12,709,30,708,30,1,0,761,33,11472,1450,12233,1483,0,24,1,125,28,1,"East TN",2455501,9.61107325959142,0.0523255813953488,60.3950069659919,1.22174660079552,5.23255813953488
2020-04-13,738,29,737,29,1,0,803,42,12435,963,13238,1005,0,24,7,132,32,4,"East TN",2455501,9.12237461927321,0.0473925877336832,40.9285111266499,1.18102171410234,4.73925877336832
2020-04-14,749,11,748,11,1,0,823,20,12720,285,13543,305,4,28,1,133,33,1,"East TN",2455501,7.28975471807994,0.0444572748267898,12.4210904414211,0.447973753625024,4.44572748267898
2020-04-15,773,24,772,24,1,0,850,27,13132,412,13982,439,2,30,4,137,34,1,"East TN",2455501,6.76033119106854,0.0420200462606014,17.8782252583078,0.977397280636416,4.20200462606014
2020-04-16,801,28,800,28,1,0,886,36,13808,676,14694,712,1,31,6,143,34,0,"East TN",2455501,6.84178096445491,0.0413360398597527,28.996119325547,1.14029682740915,4.13360398597527
2020-04-17,823,22,821,21,2,1,916,30,14137,329,15053,359,0,31,4,147,35,1,"East TN",2455501,6.84178096445491,0.0430939226519337,14.6202343228531,0.895947507250048,4.30939226519337
2020-04-18,835,12,833,12,2,0,935,19,14918,781,15853,800,0,31,0,147,35,0,"East TN",2455501,6.3530823241367,0.0405643738977072,32.5799093545472,0.488698640318208,4.05643738977072
2020-04-19,914,79,912,79,2,0,1016,81,15604,686,16620,767,1,32,1,148,35,0,"East TN",2455501,8.34860177210272,0.0581262821974014,31.2359880936721,3.21726604876154,5.81262821974014
2020-04-20,939,25,931,19,8,6,1033,17,16567,963,17600,980,0,32,2,150,35,0,"East TN",2455501,8.18570222532998,0.0527281063732233,39.9103889593203,1.0181221673296,5.27281063732233
2020-04-21,1045,106,1037,106,8,0,1154,121,19273,2706,20427,2827,0,32,6,156,36,1,"East TN",2455501,12.0545664611825,0.0480825101685067,115.129254681631,4.3168379894775,4.80825101685067
2020-04-22,1247,202,1237,200,10,2,1354,200,21825,2552,23179,2752,2,34,2,158,36,0,"East TN",2455501,19.3035962925692,0.0548004784168751,112.074888179642,8.22642711202317,5.48004784168751
2020-04-23,1492,245,1480,243,12,2,1601,247,22932,1107,24533,1354,0,34,3,161,36,0,"East TN",2455501,28.1408967049901,0.0726699867872751,55.1414965825711,9.97759723983008,7.26699867872751
2020-04-24,1540,48,1527,47,13,1,1655,54,25621,2689,27276,2743,0,34,4,165,36,0,"East TN",2455501,29.1997437590129,0.0604597889225231,111.708364199404,1.95479456127283,6.04597889225231
2020-04-25,1563,23,1546,19,17,4,1674,19,26396,775,28070,794,0,34,3,168,37,1,"East TN",2455501,29.647717512638,0.0604894818695261,32.3355600343881,0.936672393943232,6.04894818695261
2020-04-26,1583,20,1565,19,18,1,1700,26,27513,1117,29213,1143,0,34,0,168,37,0,"East TN",2455501,27.2449491977401,0.0543158897800365,46.5485454903093,0.81449773386368,5.43158897800365
2020-04-27,1652,69,1633,68,19,1,1772,72,28428,915,30200,987,0,34,8,176,38,1,"East TN",2455501,29.0368442122402,0.0586507936507936,40.1954631661726,2.8100171818297,5.86507936507936
2020-04-28,1689,37,1667,34,22,3,1812,40,30602,2174,32414,2214,2,36,1,177,39,1,"East TN",2455501,26.2268270304105,0.0548928005339117,90.1648991387094,1.50682080764781,5.48928005339117
2020-04-29,1752,63,1729,62,23,1,1878,66,33345,2743,35223,2809,1,37,6,183,40,1,"East TN",2455501,20.5660677800579,0.0435071404848887,114.396206721154,2.56566786167059,4.35071404848887
2020-04-30,1774,22,1750,21,24,1,1900,22,33894,549,35794,571,0,37,1,184,40,0,"East TN",2455501,11.4844180474779,0.0265518160021312,23.2539103018081,0.895947507250048,2.65518160021312
2020-05-01,1814,40,1786,36,28,4,1929,29,35556,1662,37485,1691,0,37,0,184,40,0,"East TN",2455501,11.1586189539324,0.0268390635713586,68.8657833981741,1.62899546772736,2.68390635713586
2020-05-02,1835,21,1807,21,28,0,1966,37,37433,1877,39399,1914,0,37,3,187,40,0,"East TN",2455501,11.077169180546,0.0257745608615059,77.9474331307542,0.855222620556864,2.57745608615059
2020-05-03,1873,38,1840,33,33,5,2003,37,39553,2120,41556,2157,0,37,3,190,42,2,"East TN",2455501,11.8102171410234,0.0245483269869562,87.8435805971979,1.54754569434099,2.45483269869562
2020-05-04,1920,47,1884,44,36,3,2060,57,41499,1946,43559,2003,0,37,1,191,42,0,"East TN",2455501,10.9142696337733,0.0215584998877161,81.5719480464475,1.91406967457965,2.15584998877161
2020-05-05,1948,28,1911,27,37,1,2092,32,44409,2910,46501,2942,2,39,1,192,42,0,"East TN",2455501,10.5477456535347,0.0198764818627103,119.812616651347,1.14029682740915,1.98764818627103
2020-05-06,1985,37,1948,37,37,0,2135,43,45453,1044,47588,1087,1,40,0,192,42,0,"East TN",2455501,9.48889859951187,0.0207844723008492,44.267951835491,1.50682080764781,2.07844723008492
2020-05-07,2028,43,1989,41,39,2,2183,48,46845,1392,49028,1440,0,40,4,196,46,4,"East TN",2455501,10.3441212200687,0.0213843131328397,58.643836838185,1.75117012780691,2.13843131328397
2020-05-08,2047,19,2008,19,39,0,2219,36,48515,1670,50734,1706,1,41,0,196,47,1,"East TN",2455501,9.48889859951187,0.0218884444108989,69.4766566985719,0.773772847170496,2.18884444108989
2020-05-09,2063,16,2022,14,41,2,2237,18,51333,2818,53570,2836,0,41,1,197,48,1,"East TN",2455501,9.28527416604595,0.0191235622045022,115.49577866187,0.651598187090944,1.91235622045022
2020-05-10,2079,16,2037,15,42,1,2256,19,53897,2564,56153,2583,1,42,3,200,48,0,"East TN",2455501,8.3893266587959,0.0173323285606631,105.192382328494,0.651598187090944,1.73323285606631
2020-05-11,2140,61,2097,60,43,1,2307,51,55468,1571,57775,1622,3,45,5,205,50,2,"East TN",2455501,8.95947507250048,0.0173747889701744,66.0557662163444,2.48421808828422,1.73747889701745
2020-05-12,2193,53,2150,53,43,0,2373,66,59022,3554,61395,3620,3,48,3,208,50,0,"East TN",2455501,9.97759723983008,0.0188666577145159,147.424089829326,2.15841899473875,1.88666577145159
2020-05-13,2247,54,2201,51,46,3,2425,52,60647,1625,63072,1677,0,48,7,215,52,2,"East TN",2455501,10.6699203136142,0.0187290105915784,68.2956349844696,2.19914388143194,1.87290105915784
2020-05-14,2278,31,2232,31,46,0,2470,45,62356,1709,64826,1754,1,49,2,217,53,1,"East TN",2455501,10.181221673296,0.018166856564122,71.4314512598447,1.2624714874887,1.8166856564122
2020-05-15,2306,28,2260,28,46,0,2507,37,64675,2319,67182,2356,1,50,4,221,53,0,"East TN",2455501,10.5477456535347,0.0175097276264591,95.9478330491415,1.14029682740915,1.75097276264591
2020-05-16,2316,10,2270,10,46,0,2525,18,67443,2768,69968,2786,1,51,1,222,53,0,"East TN",2455501,10.3033963333756,0.017563117453348,113.459534327211,0.40724886693184,1.7563117453348
2020-05-17,2396,80,2350,80,46,0,2604,79,69670,2227,72274,2306,0,51,4,226,55,2,"East TN",2455501,12.9097890817393,0.0215867502016004,93.9115887144823,3.25799093545472,2.15867502016004
2020-05-18,2445,49,2398,48,47,1,2665,61,71548,1878,74213,1939,0,51,3,229,55,0,"East TN",2455501,12.4210904414211,0.0217788052074462,78.9655552980838,1.99551944796602,2.17788052074462
2020-05-19,2486,41,2438,40,48,1,2705,40,72672,1124,75377,1164,1,52,3,232,55,0,"East TN",2455501,11.9323918011029,0.0237448147618366,47.4037681108662,1.66972035442054,2.37448147618366
2020-05-20,2528,42,2480,42,48,0,2750,45,74412,1740,77162,1785,0,52,3,235,55,0,"East TN",2455501,11.4436931607847,0.0230660042583392,72.6939227473334,1.71044524111373,2.30660042583392
2020-05-21,2769,241,2720,240,49,1,2988,238,75874,1462,78862,1700,0,52,4,239,56,1,"East TN",2455501,19.9959193663533,0.0369051011684241,69.2323073784128,9.81469769305734,3.69051011684241
2020-05-22,2860,91,2808,88,52,3,3066,78,77398,1524,80464,1602,0,52,7,246,56,0,"East TN",2455501,22.5615872280239,0.0420870350850776,65.2412684824808,3.70596468907974,4.20870350850775
2020-05-23,2926,66,2870,62,56,4,3157,91,79612,2214,82769,2305,2,54,7,253,57,1,"East TN",2455501,24.8421808828422,0.0493711428794625,93.8708638277891,2.68784252175014,4.93711428794625
2020-05-24,2978,52,2922,52,56,0,3227,70,81732,2120,84959,2190,0,54,0,253,58,1,"East TN",2455501,23.7018840554331,0.0491131257390619,89.187501858073,2.11769410804557,4.91131257390619
2020-05-25,3062,84,3005,83,57,1,3321,94,84382,2650,87703,2744,1,55,2,255,58,0,"East TN",2455501,25.1272550896945,0.0486286137879911,111.749089086097,3.42089048222746,4.86286137879911
2020-05-26,3123,61,3057,52,66,9,3377,56,86768,2386,90145,2442,1,56,3,258,58,0,"East TN",2455501,25.9417528235582,0.0455037919826652,99.4501733047553,2.48421808828422,4.55037919826652
2020-05-27,3199,76,3130,73,69,3,3444,67,88635,1867,92079,1934,0,56,9,267,58,0,"East TN",2455501,27.3263989711265,0.0465241000201113,78.7619308646179,3.09509138868198,4.65241000201113
2020-05-28,3273,74,3204,74,69,0,3511,67,90034,1399,93545,1466,0,56,1,268,58,0,"East TN",2455501,20.5253428933647,0.0356194238234693,59.7026838922077,3.01364161529562,3.56194238234693
2020-05-29,3348,75,3278,74,70,1,3594,83,91312,1278,94906,1361,0,56,4,272,58,0,"East TN",2455501,19.8737447062738,0.0365600332363939,55.4265707894234,3.0543665019888,3.65600332363939
2020-05-30,3421,73,3350,72,71,1,3675,81,93557,2245,97232,2326,0,56,5,277,59,1,"East TN",2455501,20.1588189131261,0.0358155292816152,94.726086448346,2.97291672860243,3.58155292816152
2020-05-31,3533,112,3460,110,73,2,3769,94,96340,2783,100109,2877,0,56,1,278,60,1,"East TN",2455501,22.6023121147171,0.0357755775577558,117.16549901629,4.56118730963661,3.57755775577558
2020-06-01,3629,96,3553,93,76,3,3902,133,100171,3831,104073,3964,0,56,5,283,60,0,"East TN",2455501,23.0910107550353,0.0354917532070861,161.433450851781,3.90958912254566,3.54917532070861
2020-06-02,3736,107,3658,105,78,2,4017,115,104230,4059,108247,4174,1,57,3,286,64,4,"East TN",2455501,24.9643555429218,0.0353552093691305,169.98567705735,4.35756287617069,3.53552093691305
2020-06-03,3786,50,3708,50,78,0,4067,50,106161,1931,110228,1981,0,57,4,290,65,1,"East TN",2455501,23.905508488899,0.0343269601630944,80.6760005391975,2.0362443346592,3.43269601630944
2020-06-04,3837,51,3757,49,80,2,4128,61,107708,1547,111836,1608,6,63,5,295,66,1,"East TN",2455501,22.9688360949558,0.0337324367175113,65.4856178026399,2.07696922135238,3.37324367175113
2020-06-05,3936,99,3852,95,84,4,4210,82,109864,2156,114074,2238,1,64,4,299,67,1,"East TN",2455501,23.9462333755922,0.0321368948247078,91.1422964193458,4.03176378262522,3.21368948247079
2020-06-06,3989,53,3902,50,87,3,4285,75,112967,3103,117252,3178,1,65,4,303,67,0,"East TN",2455501,23.1317356417285,0.0304695304695305,129.423689910939,2.15841899473875,3.04695304695305
2020-06-07,4047,58,3958,56,89,2,4366,81,116924,3957,121290,4038,0,65,6,309,68,1,"East TN",2455501,20.9325917602966,0.0281856380718569,164.447092467077,2.36204342820467,2.81856380718569
2020-06-08,4207,160,4114,156,93,4,4523,157,119875,2951,124398,3108,0,65,6,315,68,0,"East TN",2455501,23.5389845086604,0.0305535055350553,126.572947842416,6.51598187090944,3.05535055350553
2020-06-09,4315,108,4221,107,94,1,4641,118,122202,2327,126843,2445,1,66,7,322,69,1,"East TN",2455501,23.5797093953535,0.0335556033555603,99.5723479648349,4.39828776286387,3.35556033555603
2020-06-10,4392,77,4295,74,97,3,4715,74,125038,2836,129753,2910,0,66,6,328,69,0,"East TN",2455501,24.6792813360695,0.0331882202304737,118.509420277165,3.13581627537517,3.31882202304738
2020-06-11,4656,264,4557,262,99,2,4995,280,127329,2291,132324,2571,1,67,8,336,69,0,"East TN",2455501,33.3536822017177,0.0423174541194846,104.703683688176,10.7513700870006,4.23174541194846
2020-06-12,4827,171,4727,170,100,1,5167,172,129955,2626,135122,2798,2,69,3,339,70,1,"East TN",2455501,36.2858740436269,0.0454675028506271,113.948232967529,6.96395562453446,4.54675028506271
2020-06-13,4975,148,4871,144,104,4,5335,168,132146,2191,137481,2359,0,69,4,343,71,1,"East TN",2455501,40.1547382794794,0.0519056799644075,96.0700077092211,6.02728323059123,5.19056799644075
2020-06-14,5091,116,4986,115,105,1,5470,135,136014,3868,141484,4003,0,69,4,347,72,1,"East TN",2455501,42.5167817076841,0.0546697038724374,163.021721432816,4.72408685640934,5.46697038724374
2020-06-15,5273,182,5157,171,116,11,5649,179,139187,3173,144836,3352,0,69,9,356,77,5,"East TN",2455501,43.4127292149341,0.0550934533711713,136.509820195553,7.41192937815949,5.50934533711713
2020-06-16,5427,154,5309,152,118,2,5807,158,140986,1799,146793,1957,3,72,4,360,80,3,"East TN",2455501,45.2860740028206,0.0584461152882206,79.6986032585611,6.27163255075034,5.84461152882206
2020-06-17,5560,133,5439,130,121,3,5929,122,142426,1440,148355,1562,3,75,6,366,82,2,"East TN",2455501,47.5666676576389,0.0652617998064724,63.6122730147534,5.41640993019347,6.52617998064724
2020-06-18,5738,178,5616,177,122,1,6135,206,146017,3591,152152,3797,1,76,12,378,82,0,"East TN",2455501,44.0643274020251,0.0574944522896913,154.63239477402,7.24902983138675,5.74944522896913
2020-06-19,5873,135,5747,131,126,4,6253,118,147480,1463,153733,1581,4,80,13,391,83,1,"East TN",2455501,42.5982314810705,0.058352587179625,64.3860458619239,5.49785970357984,5.8352587179625
2020-06-20,5939,66,5812,65,127,1,6348,95,149655,2175,156003,2270,0,80,7,398,83,0,"East TN",2455501,39.2587907722294,0.0546917179570241,92.4454927935277,2.68784252175014,5.46917179570241
2020-06-21,6027,88,5899,87,128,1,6467,119,153005,3350,159472,3469,1,81,3,401,86,3,"East TN",2455501,38.1184939448202,0.0554258394485212,141.274631938655,3.58379002900019,5.54258394485212
2020-06-22,6223,196,6088,189,135,7,6665,198,156416,3411,163081,3609,1,82,7,408,87,1,"East TN",2455501,38.6886423585248,0.0556864894491642,146.976116075701,7.98207779186406,5.56864894491642
2020-06-23,6413,190,6272,184,141,6,6849,184,158220,1804,165069,1988,4,86,15,423,87,0,"East TN",2455501,40.1547382794794,0.0570146640402714,80.9610747460498,7.73772847170496,5.70146640402714
2020-06-24,6591,178,6448,176,143,2,7032,183,159851,1631,166883,1814,2,88,9,432,87,0,"East TN",2455501,41.9873581806727,0.0595315198618307,73.8749444614358,7.24902983138675,5.95315198618307
2020-06-25,6760,169,6608,160,152,9,7216,184,163024,3173,170240,3357,0,88,8,440,87,0,"East TN",2455501,41.620834200434,0.0597633790358249,136.713444629019,6.8825058511481,5.97633790358249
2020-06-26,6974,214,6812,204,162,10,7388,172,164612,1588,172000,1760,1,89,16,456,87,0,"East TN",2455501,44.8381002491956,0.0621339026660097,71.6758005800038,8.71512575234138,6.21339026660097
2020-06-27,7048,74,6881,69,167,5,7434,46,164821,209,172255,255,-1,88,5,461,89,2,"East TN",2455501,45.1638993427411,0.0668225449175486,10.3848461067619,3.01364161529562,6.68225449175486
2020-06-28,7175,127,7006,125,169,2,7605,171,167908,3087,175513,3258,0,88,5,466,90,1,"East TN",2455501,46.7521699237752,0.0709432080294246,132.681680846393,5.17206061003437,7.09432080294246
2020-06-29,7518,343,7347,341,171,2,7945,340,173175,5267,181120,5607,1,89,22,488,91,1,"East TN",2455501,52.7387282676733,0.0709573701424691,228.344439688683,13.9686361357621,7.09573701424691
2020-06-30,7788,270,7613,266,175,4,8393,448,179461,6286,187854,6734,0,89,22,510,92,1,"East TN",2455501,55.996719203128,0.0677638797454466,274.241386991901,10.9957194071597,6.77638797454466
2020-07-01,8063,275,7885,272,178,3,8727,334,182665,3204,191392,3538,0,89,17,527,95,3,"East TN",2455501,59.9470332123668,0.0691582683912032,144.084649120485,11.1993438406256,6.91582683912032
2020-07-02,8543,480,8360,475,183,5,9333,606,189047,6382,198380,6988,2,91,25,552,98,3,"East TN",2455501,72.6124729739471,0.0752309879175551,284.58550821197,19.5479456127283,7.52309879175551
2020-07-03,8769,226,8580,220,189,6,9561,228,192402,3355,201963,3583,5,96,14,566,99,1,"East TN",2455501,73.1011716142653,0.0725227780929813,145.917269021678,9.20382439265958,7.25227780929813
2020-07-04,8989,220,8798,218,191,2,9841,280,197166,4764,207007,5044,2,98,15,581,105,6,"East TN",2455501,79.0470050714701,0.0692622007366483,205.41632848042,8.95947507250048,6.92622007366483
2020-07-05,9309,320,9117,319,192,1,10209,368,201011,3845,211220,4213,2,100,12,593,108,3,"East TN",2455501,86.9069082032546,0.0729268770829249,171.573947638384,13.0319637418189,7.29268770829249
2020-07-06,9543,234,9340,223,203,11,10419,210,202641,1630,213060,1840,4,104,26,619,108,0,"East TN",2455501,82.4678955536976,0.0774577332498435,74.9337915154586,9.52962348620506,7.74577332498435
2020-07-07,9991,448,9779,439,212,9,10985,566,208917,6276,219902,6842,0,104,32,651,109,1,"East TN",2455501,89.7169253850844,0.0808786819770344,278.639674754765,18.2447492385464,8.08786819770345
2020-07-08,10372,381,10150,371,222,10,11419,434,213085,4168,224504,4602,1,105,20,671,109,0,"East TN",2455501,94.0337633745619,0.0812998308770234,187.415928562033,15.5161818301031,8.12998308770234
2020-07-09,10821,449,10585,435,236,14,11891,472,219034,5949,230925,6421,1,106,24,695,113,4,"East TN",2455501,92.7712918870731,0.0785988631126133,261.494497456934,18.2854741252396,7.85988631126133
2020-07-10,11288,467,11040,455,248,12,12344,453,222318,3284,234662,3737,0,106,29,724,115,2,"East TN",2455501,102.58598958013,0.0851096363803174,152.188901572429,19.0185220857169,8.51096363803175
2020-07-11,11594,306,11339,299,255,7,12766,422,226796,4478,239562,4900,5,111,23,747,120,5,"East TN",2455501,106.088329835744,0.0898479496237137,199.551944796602,12.4618153281143,8.98479496237137
2020-07-12,12064,470,11801,462,263,8,13399,633,232725,5929,246124,6562,1,112,25,772,125,5,"East TN",2455501,112.197062839722,0.0913935365574146,267.236706480673,19.1406967457965,9.13935365574146
2020-07-13,12418,354,12142,341,276,13,13742,343,236158,3433,249900,3776,3,115,20,792,129,4,"East TN",2455501,117.084049242904,0.0902008686210641,153.777172153463,14.4166098893871,9.02008686210641
2020-07-14,12933,515,12652,510,281,5,14326,584,240646,4488,254972,5072,4,119,34,826,133,4,"East TN",2455501,119.812616651347,0.0952666096378671,206.556625307829,20.9733166469898,9.52666096378671
2020-07-15,13313,380,13026,374,287,6,14709,383,243742,3096,258451,3479,6,125,24,850,140,7,"East TN",2455501,119.771891764654,0.0969157804813386,141.681880805587,15.4754569434099,9.69157804813386
2020-07-16,14140,827,13838,812,302,15,15806,1097,253573,9831,269379,10928,6,131,44,894,142,2,"East TN",2455501,135.165898934678,0.101809954751131,445.041561783115,33.6794812952632,10.1809954751131
2020-07-17,14608,468,14292,454,316,14,16317,511,257892,4319,274209,4830,3,134,24,918,147,5,"East TN",2455501,135.206623821371,0.100462740536577,196.701202728079,19.0592469724101,10.0462740536577
2020-07-18,15117,509,14786,494,331,15,16985,668,265980,8088,282965,8756,6,140,27,945,150,3,"East TN",2455501,143.473775820087,0.097205262309057,356.587107885519,20.7289673268307,9.7205262309057
2020-07-19,15598,481,15248,462,350,19,17545,560,270832,4852,288377,5412,0,140,26,971,154,4,"East TN",2455501,143.921749573712,0.098123210186259,220.403086783512,19.5886704994215,9.8123210186259
2020-07-20,16033,435,15668,420,365,15,17956,411,273289,2457,291245,2868,2,142,29,1000,158,4,"East TN",2455501,147.22046539586,0.101922844358447,116.798975036052,17.715325711535,10.1922844358447
2020-07-21,17034,1001,16652,984,382,17,19168,1212,281667,8378,300835,9590,1,143,61,1061,161,3,"East TN",2455501,167.012760328748,0.105575300351046,390.551663387635,40.7656115798772,10.5575300351046
2020-07-22,17618,584,17220,568,398,16,19822,654,284967,3300,304789,3954,4,147,29,1090,166,5,"East TN",2455501,175.320637214157,0.11034140446286,161.02620198485,23.7833338288195,11.034140446286
2020-07-23,18412,794,17992,772,420,22,20821,999,295168,10201,315989,11200,4,151,50,1140,172,6,"East TN",2455501,173.976715953282,0.107594936708861,456.118730963661,32.3355600343881,10.7594936708861
2020-07-24,19015,603,18582,590,433,13,21505,684,300975,5807,322480,6491,2,153,34,1174,179,7,"East TN",2455501,179.474575656862,0.107476538708541,264.345239525457,24.55710667599,10.7476538708541
2020-07-25,19992,977,19547,965,445,12,22706,1201,310582,9607,333288,10808,10,163,29,1203,187,8,"East TN",2455501,198.533822629272,0.113685591081613,440.154575379933,39.7882142992408,11.3685591081613
2020-07-26,20767,775,20307,760,460,15,23603,897,318100,7518,341703,8415,1,164,21,1224,194,7,"East TN",2455501,210.506939317068,0.113603120429059,342.699921523143,31.5617871872176,11.3603120429059
2020-07-27,21412,645,20930,623,482,22,24308,705,322563,4463,346871,5168,6,170,38,1262,198,4,"East TN",2455501,219.059165522637,0.114191205551361,210.466214430375,26.2675519171037,11.4191205551361
2020-07-28,22227,815,21722,792,505,23,25280,972,330777,8214,356057,9186,7,177,50,1312,203,5,"East TN",2455501,211.484336597704,0.110680525877368,374.098809163588,33.190782654945,11.0680525877368
2020-07-29,22570,343,22054,332,516,11,25596,316,332347,1570,357943,1886,5,182,24,1336,212,9,"East TN",2455501,201.669638904647,0.108627760845844,76.807136303345,13.9686361357621,10.8627760845844
2020-07-30,23757,1187,23226,1172,531,15,26976,1380,344877,12530,371853,13910,5,187,46,1382,219,7,"East TN",2455501,217.674519375068,0.110178290133181,566.48317390219,48.3404405048094,11.0178290133181
2020-07-31,24379,622,23832,606,547,16,27630,654,348844,3967,376474,4621,6,193,27,1409,228,9,"East TN",2455501,218.448292222239,0.11343853020706,188.189701409203,25.3308795231604,11.343853020706
2020-08-01,24938,559,24374,542,564,17,28266,636,355819,6975,384085,7611,1,194,16,1425,231,3,"East TN",2455501,201.425289584488,0.109455282792291,309.957112621823,22.7652116614899,10.9455282792291
2020-08-02,25369,431,24794,420,575,11,28749,483,359614,3795,388363,4278,4,198,21,1446,236,5,"East TN",2455501,187.415928562033,0.110287183883412,174.221065273441,17.5524261647623,11.0287183883412
2020-08-03,25995,626,25402,608,593,18,29457,708,363758,4144,393215,4852,3,201,39,1485,244,8,"East TN",2455501,186.642155714862,0.111103918522355,197.597150235329,25.4937790699332,11.1103918522355
2020-08-04,26481,486,25868,466,613,20,29983,526,369128,5370,399111,5896,6,207,34,1519,253,9,"East TN",2455501,173.243667992805,0.109234914293678,240.113931943013,19.7922949328874,10.9234914293678
2020-08-05,26949,468,26328,460,621,8,30504,521,373340,4212,403844,4733,9,216,20,1539,259,6,"East TN",2455501,178.334278829453,0.106925775037581,192.75088871884,19.0592469724101,10.6925775037581
2020-08-06,27679,730,27020,692,659,38,31355,851,380409,7069,411764,7920,7,223,37,1576,265,6,"East TN",2455501,159.723005610668,0.109719125053243,322.541102610017,29.7291672860243,10.9719125053243
2020-08-07,28234,555,27561,541,673,14,31974,619,384377,3968,416351,4587,6,229,34,1610,278,13,"East TN",2455501,156.994438202224,0.108934975048273,186.805055261635,22.6023121147171,10.8934975048273
2020-08-08,28909,675,28224,663,685,12,32774,800,394454,10077,427228,10877,8,237,24,1634,289,11,"East TN",2455501,161.718525058634,0.104489720232714,442.964592561762,27.4892985178992,10.4489720232714
2020-08-09,29437,528,28740,516,697,12,33408,634,398755,4301,432163,4935,2,239,20,1654,296,7,"East TN",2455501,165.668839067873,0.106369863013699,200.977315830863,21.5027401740012,10.6369863013699
2020-08-10,29740,303,29032,292,708,11,33736,328,401044,2289,434780,2617,3,242,26,1680,300,4,"East TN",2455501,152.514700665974,0.102947191146397,106.577028476063,12.3396406680348,10.2947191146397
2020-08-11,30352,612,29627,595,725,17,34421,685,407141,6097,441562,6782,17,259,28,1708,305,5,"East TN",2455501,157.646036389315,0.104544062566253,276.196181553174,24.9236306562286,10.4544062566253
2020-08-12,30797,445,30051,424,746,21,34895,474,410889,3748,445784,4222,6,265,25,1733,310,5,"East TN",2455501,156.709363995372,0.104697186456843,171.940471618623,18.1225745784669,10.4697186456843
2020-08-13,31614,817,30855,804,759,13,36012,1117,419450,8561,455462,9678,6,271,44,1777,318,8,"East TN",2455501,160.252429137679,0.106572383175431,394.135453416635,33.2722324283313,10.6572383175431
2020-08-14,32075,461,31287,432,788,29,36546,534,424106,4656,460652,5190,4,275,18,1795,325,7,"East TN",2455501,156.42428978852,0.103203087966412,211.362161937625,18.7741727655578,10.3203087966412
2020-08-15,32725,650,31925,638,800,12,37423,877,431041,6935,468464,7812,4,279,17,1812,334,9,"East TN",2455501,155.40616762119,0.112741294014938,318.142814847153,26.4711763505696,11.2741294014938
2020-08-16,33199,474,32388,463,811,11,38016,593,436505,5464,474521,6057,2,281,10,1822,343,9,"East TN",2455501,153.207023739758,0.108787005996506,246.670638700615,19.3035962925692,10.8787005996506
2020-08-17,33472,273,32591,203,881,70,38243,227,437974,1469,476217,1696,8,289,12,1834,349,6,"East TN",2455501,151.985277138963,0.108767526606656,69.0694078316401,11.1178940672392,10.8767526606656
2020-08-18,34102,630,33156,565,946,65,39055,812,448566,10592,487621,11404,8,297,22,1856,352,3,"East TN",2455501,152.71832509944,0.100610087062246,464.42660784907,25.6566786167059,10.0610087062246
2020-08-19,34557,455,33590,434,967,21,39552,497,453349,4783,492901,5280,7,304,22,1878,359,7,"East TN",2455501,153.125573966372,0.0988390602118131,215.027401740011,18.5298234453987,9.88390602118131
2020-08-20,35333,776,34345,755,988,21,40424,872,464881,11532,505305,12404,6,310,27,1905,367,8,"East TN",2455501,151.455853611951,0.0885179463515438,505.151494542254,31.6025120739108,8.85179463515438
2020-08-21,35542,209,34542,197,1000,12,40637,213,467332,2451,507969,2664,17,327,17,1922,374,7,"East TN",2455501,141.193182165269,0.0864594120506372,108.491098150642,8.51150131887546,8.64594120506372
2020-08-22,36411,869,35399,857,1012,12,41609,972,480698,13366,522307,14338,2,329,20,1942,381,7,"East TN",2455501,150.111932351076,0.0777445536095686,583.913425406872,35.3899265363769,7.77445536095686
2020-08-23,36664,253,35641,242,1023,11,41863,254,485802,5104,527665,5358,0,329,20,1962,386,5,"East TN",2455501,141.111732391883,0.072388228210146,218.20394290208,10.3033963333756,7.2388228210146
2020-08-24,36856,192,35816,175,1040,17,42061,198,487145,1343,529206,1541,8,337,15,1977,396,10,"East TN",2455501,137.813016569735,0.072052690180981,62.7570503941965,7.81917824509133,7.2052690180981
2020-08-25,37470,614,36405,589,1065,25,42746,685,496872,9727,539618,10412,16,353,23,2000,405,9,"East TN",2455501,137.161418382644,0.0709848645114141,424.027520249432,25.005080429615,7.09848645114141
2020-08-26,37813,343,36723,318,1090,25,43129,383,500834,3962,543963,4345,6,359,11,2011,413,8,"East TN",2455501,132.600231073007,0.0700520935333516,176.949632681884,13.9686361357621,7.00520935333516
2020-08-27,38674,861,37567,844,1107,17,44105,976,511121,10287,555226,11263,8,367,29,2040,420,7,"East TN",2455501,136.061846441928,0.0737365036758078,458.684398825331,35.0641274428314,7.37365036758078
2020-08-28,39008,334,37881,314,1127,20,44443,338,513730,2609,558173,2947,12,379,10,2050,426,6,"East TN",2455501,141.152457278576,0.0758106923751096,120.016241084813,13.6021121555235,7.58106923751096
2020-08-29,39459,451,38316,435,1143,16,44971,528,520249,6519,565220,7047,8,387,16,2066,435,9,"East TN",2455501,124.129454640825,0.0783445575932701,286.988276526868,18.366923898626,7.83445575932701
2020-08-30,39722,263,38568,252,1154,11,45238,267,522130,1881,567368,2148,8,395,14,2080,438,3,"East TN",2455501,124.536703507757,0.0850061708183261,87.4770566169592,10.7106452003074,8.50061708183261
2020-08-31,40129,407,38946,378,1183,29,45688,450,525616,3486,571304,3936,2,397,17,2097,443,5,"East TN",2455501,133.292554146791,0.0861561119293078,160.293154024372,16.5750288841259,8.61561119293078
2020-09-01,40736,607,39511,565,1225,42,46362,674,531279,5663,577641,6337,6,403,28,2125,452,9,"East TN",2455501,133.007479939939,0.0951003340083634,258.073606974707,24.7200062227627,9.51003340083634
2020-09-02,41224,488,39970,459,1254,29,46815,453,536072,4793,582887,5246,7,410,22,2147,459,7,"East TN",2455501,138.912588510451,0.0946973589559141,213.642755592443,19.8737447062738,9.46973589559141
2020-09-03,41779,555,40492,522,1287,33,47462,647,544328,8256,591790,8903,6,416,22,2169,462,3,"East TN",2455501,126.450773182336,0.0918116179849032,362.573666229417,22.6023121147171,9.18116179849032
2020-09-04,42136,357,40835,343,1301,14,47810,348,547660,3332,595470,3680,7,423,11,2180,463,1,"East TN",2455501,127.38744557628,0.0902753572673405,149.867583030917,14.5387845494667,9.02753572673405
2020-09-05,43134,998,41818,983,1316,15,48900,1090,556971,9311,605871,10401,1,424,26,2206,469,6,"East TN",2455501,149.663958597451,0.0966519888809623,423.579546495807,40.6434369197976,9.66519888809623
2020-09-06,43397,263,42065,247,1332,16,49168,268,559595,2624,608763,2892,0,424,9,2215,483,14,"East TN",2455501,149.663958597451,0.0949390022949632,117.776372316688,10.7106452003074,9.49390022949632
2020-09-07,43601,204,42262,197,1339,7,49405,237,560931,1336,610336,1573,3,427,13,2228,487,4,"East TN",2455501,141.396806598735,0.0952295552367288,64.0602467683784,8.30787688540954,9.52295552367288
2020-09-08,43912,311,42551,289,1361,22,49725,320,564356,3425,614081,3745,7,434,24,2252,494,7,"East TN",2455501,129.342240137552,0.0922886937431394,152.514700665974,12.6654397615802,9.22886937431394
2020-09-09,44245,333,42867,316,1378,17,50099,374,569498,5142,619597,5516,6,440,16,2268,501,7,"East TN",2455501,123.029882700109,0.0894579133751022,224.638474999603,13.5613872688303,8.94579133751022
2020-09-10,44920,675,43505,638,1415,37,50806,707,577304,7806,628110,8513,18,458,39,2307,512,11,"East TN",2455501,127.916869103291,0.0920704845814978,346.690960419075,27.4892985178992,9.20704845814978
2020-09-11,45245,325,43807,302,1438,23,51160,354,581459,4155,632619,4509,17,475,26,2333,523,11,"East TN",2455501,126.613672729109,0.0901773937387278,183.628514099567,13.2355881752848,9.01773937387278
2020-09-12,45663,418,44207,400,1456,18,51671,511,588443,6984,640114,7495,10,485,14,2347,534,11,"East TN",2455501,102.993238447062,0.0809216482200742,305.233025765414,17.0230026377509,8.09216482200742
2020-09-13,46102,439,44626,419,1476,20,52171,500,594017,5574,646188,6074,2,487,21,2368,539,5,"East TN",2455501,110.160818505063,0.0802404809619238,247.3629617744,17.8782252583078,8.02404809619238
2020-09-14,46546,444,45055,429,1491,15,52656,485,598990,4973,651646,5458,9,496,25,2393,549,10,"East TN",2455501,119.934791311427,0.0786976519002663,222.276431571398,18.0818496917737,7.86976519002663
2020-09-15,47039,493,45511,456,1528,37,53196,540,607164,8174,660360,8714,7,503,20,2413,552,3,"East TN",2455501,127.346720689586,0.0750016206054582,354.876662644405,20.0773691397397,7.50016206054582
2020-09-16,47392,353,45821,310,1571,43,53590,394,610578,3414,664168,3808,6,509,17,2430,561,9,"East TN",2455501,128.16121842345,0.0783244710686321,155.080368527645,14.375885002694,7.83244710686321
2020-09-17,47943,551,46340,519,1603,32,54167,577,617753,7175,671920,7752,8,517,21,2451,572,11,"East TN",2455501,123.111332473495,0.0767176443734307,315.699321645562,22.4394125679444,7.67176443734307
2020-09-18,48477,534,46826,486,1651,48,54733,566,625866,8113,680599,8679,17,534,30,2481,578,6,"East TN",2455501,131.622833792371,0.074468528553564,353.451291610144,21.7470894941603,7.4468528553564
2020-09-19,48985,508,47311,485,1674,23,55306,573,634218,8352,689524,8925,3,537,30,2511,580,2,"East TN",2455501,135.288073594757,0.0735681036227484,363.469613736667,20.6882424401375,7.35681036227484
2020-09-20,49291,306,47592,281,1699,25,55635,329,639176,4958,694811,5287,1,538,13,2524,591,11,"East TN",2455501,129.871663664564,0.0712420048125373,215.312475946864,12.4618153281143,7.12420048125373
2020-09-21,49454,163,47725,133,1729,30,55787,152,640692,1516,696479,1668,3,541,9,2533,596,5,"East TN",2455501,118.427970503779,0.0698369504605982,67.9291110042309,6.63815653098899,6.98369504605982
2020-09-22,49914,460,48127,402,1787,58,56277,490,646841,6149,703118,6639,6,547,29,2562,603,7,"East TN",2455501,117.084049242904,0.0720566911455166,270.372522756049,18.7334478788646,7.20566911455166
2020-09-23,50208,294,48381,254,1827,40,56559,282,648934,2093,705493,2375,8,555,13,2575,612,9,"East TN",2455501,114.681280928006,0.0718451300665457,96.721605896312,11.9731166877961,7.18451300665457
2020-09-24,50671,463,48823,442,1848,21,57039,480,655824,6890,712863,7370,11,566,28,2603,617,5,"East TN",2455501,111.097490899006,0.0701463009549862,300.142414928766,18.8556225389442,7.01463009549862
2020-09-25,51125,454,49253,430,1872,24,57525,486,662498,6674,720023,7160,11,577,18,2621,624,7,"East TN",2455501,107.839499963551,0.0708198051948052,291.590188723197,18.4890985587055,7.08198051948052
2020-09-26,51683,558,49787,534,1896,24,58163,638,673052,10554,731215,11192,5,582,29,2650,631,7,"East TN",2455501,109.87574429821,0.0685279796598786,455.792931870115,22.7244867747967,6.85279796598786
2020-09-27,52076,393,50152,365,1924,28,58570,407,679069,6017,737639,6424,3,585,30,2680,638,7,"East TN",2455501,113.418809440517,0.0685299336882413,261.616672117014,16.0048804704213,6.85299336882413
2020-09-28,52310,234,50347,195,1963,39,58795,225,680755,1686,739550,1911,4,589,15,2695,645,7,"East TN",2455501,116.310276395733,0.0698381741775208,77.8252584706746,9.52962348620506,6.98381741775208
2020-09-29,52693,383,50687,340,2006,43,59192,397,686563,5808,745755,6205,9,598,33,2728,647,2,"East TN",2455501,113.174460120358,0.0683678495203696,252.697921931207,15.5976316034895,6.83678495203696
2020-09-30,53175,482,51137,450,2038,32,59668,476,690001,3438,749669,3914,6,604,23,2751,651,4,"East TN",2455501,120.830738818677,0.0703775805867439,159.397206517122,19.6293953861147,7.0377580586744
2020-10-01,53563,388,51486,349,2077,39,60047,379,693279,3278,753326,3657,11,615,31,2782,656,5,"East TN",2455501,117.776372316688,0.0743395200553592,148.930910636974,15.8012560369554,7.43395200553592
2020-10-02,54027,464,51922,436,2105,28,60509,462,696900,3621,757409,4083,2,617,17,2799,660,4,"East TN",2455501,118.18362118362,0.079815973893971,166.27971236827,18.8963474256374,7.9815973893971
2020-10-03,54432,405,52310,388,2122,17,60992,483,704358,7458,765350,7941,12,629,22,2821,666,6,"East TN",2455501,111.952713519563,0.082876812655632,323.396325230574,16.4935791107395,8.2876812655632
2020-10-04,54887,455,52735,425,2152,30,61531,539,714480,10122,776011,10661,4,633,27,2848,679,13,"East TN",2455501,114.47765649454,0.0771656416136766,434.168017036035,18.5298234453987,7.71656416136766
2020-10-05,55558,671,53347,612,2211,59,62282,751,721729,7249,784011,8000,5,638,42,2890,688,9,"East TN",2455501,132.274431979462,0.0784282854636648,325.799093545472,27.3263989711265,7.84282854636648
2020-10-06,56308,750,54013,666,2295,84,63021,739,728366,6637,791387,7376,8,646,46,2936,697,9,"East TN",2455501,147.22046539586,0.0839104137447405,300.386764248925,30.543665019888,8.39104137447405
2020-10-07,57045,737,54672,659,2373,78,63729,708,735117,6751,798846,7459,3,649,38,2974,703,6,"East TN",2455501,157.605311502622,0.0825792545295565,303.766929844459,30.0142414928766,8.25792545295565
2020-10-08,57763,718,55329,657,2434,61,64407,678,741575,6458,805982,7136,10,659,32,3006,709,6,"East TN",2455501,171.044524111373,0.082801580066849,290.612791442561,29.2404686457061,8.2801580066849
2020-10-09,58304,541,55828,499,2476,42,64967,560,747054,5479,812021,6039,4,663,20,3026,716,7,"East TN",2455501,174.180340386748,0.0816304108987036,245.937590740138,22.0321637010125,8.16304108987036
2020-10-10,58922,618,56416,588,2506,30,65636,669,755480,8426,821116,9095,12,675,20,3046,730,14,"East TN",2455501,182.854741252396,0.08327654843453,370.392844474508,25.1679799763877,8.327654843453
2020-10-11,59865,943,57328,912,2537,31,66665,1029,765906,10426,832571,11455,1,676,37,3083,737,7,"East TN",2455501,202.72848595867,0.0907708628005658,466.503577070423,38.4035681516725,9.07708628005658
2020-10-12,60221,356,57613,285,2608,71,66982,317,768827,2921,835809,3238,6,682,19,3102,748,11,"East TN",2455501,189.900146650317,0.0907370940962972,131.86718311253,14.4980596627735,9.07370940962972
2020-10-13,60726,505,58066,453,2660,52,67466,484,773208,4381,840674,4865,9,691,24,3126,755,7,"East TN",2455501,179.922549410487,0.0901860531174549,198.12657376234,20.5660677800579,9.01860531174549
2020-10-14,61600,874,58878,812,2722,62,68314,848,779392,6184,847706,7032,1,692,44,3170,762,7,"East TN",2455501,185.501858887453,0.0938395415472779,286.37740322647,35.5935509698428,9.38395415472779
2020-10-15,62109,509,59318,440,2791,69,68779,465,783545,4153,852324,4618,14,706,19,3189,771,9,"East TN",2455501,176.990357568578,0.0943420655129256,188.067526749124,20.7289673268307,9.43420655129256
2020-10-16,62748,639,59914,596,2834,43,69363,584,787634,4089,856997,4673,2,708,22,3211,783,12,"East TN",2455501,180.98139646451,0.097741017431519,190.307395517249,26.0232025969446,9.7741017431519
2020-10-17,63466,718,60595,681,2871,37,70223,860,796417,8783,866640,9643,6,714,37,3248,790,7,"East TN",2455501,185.053885133828,0.100760038660926,392.710082382373,29.2404686457061,10.0760038660926
2020-10-18,64270,804,61353,758,2917,46,71093,870,804525,8108,875618,8978,3,717,39,3287,798,8,"East TN",2455501,179.393125883476,0.102864311101819,365.628032731406,32.7428089013199,10.2864311101819
2020-10-19,65018,748,62038,685,2980,63,71852,759,809423,4898,881275,5657,3,720,67,3354,809,11,"East TN",2455501,195.357281467204,0.107113007522104,230.380684023342,30.4622152465016,10.7113007522104
2020-10-20,65704,686,62647,609,3057,77,72543,691,813037,3614,885580,4305,15,735,32,3386,822,13,"East TN",2455501,202.72848595867,0.113058388634036,175.320637214157,27.9372722715242,11.3058388634036
2020-10-21,66297,593,63199,552,3098,41,73159,616,816780,3743,889939,4359,5,740,27,3413,836,14,"East TN",2455501,191.284792797885,0.114720716027751,177.519781095589,24.1498578090581,11.4720716027751
2020-10-22,67427,1130,64235,1036,3192,94,74260,1101,825344,8564,899604,9665,10,750,43,3456,851,15,"East TN",2455501,216.574947434353,0.115926395939086,393.606029889623,46.0191219632979,11.5926395939086
2020-10-23,68398,971,65139,904,3259,67,75230,970,832460,7116,907690,8086,19,769,39,3495,859,8,"East TN",2455501,230.09560981649,0.115735900420176,329.301433801086,39.5438649790817,11.5735900420176
2020-10-24,69635,1237,66314,1175,3321,62,76557,1327,842981,10521,919538,11848,12,781,50,3545,876,17,"East TN",2455501,251.231826010252,0.119739876743922,482.508457540844,50.3766848394686,11.9739876743922
2020-10-25,70564,929,67186,872,3378,57,77604,1047,850856,7875,928460,8922,9,790,43,3588,887,11,"East TN",2455501,256.3224368469,0.123216380909125,363.347439076588,37.8334197379679,12.3216380909125
2020-10-26,71026,462,67592,406,3434,56,78038,434,853611,2755,931649,3189,6,796,21,3609,900,13,"East TN",2455501,244.675119252649,0.122801445189979,129.871663664564,18.814897652251,12.2801445189979
2020-10-27,71868,842,68304,712,3564,130,78821,783,857995,4384,936816,5167,12,808,54,3663,924,24,"East TN",2455501,251.028201576786,0.122531032867515,210.425489543682,34.2903545956609,12.2531032867515
2020-10-28,72865,997,69215,911,3650,86,79791,970,865211,7216,945002,8186,13,821,41,3704,938,14,"East TN",2455501,267.481055800833,0.120443855220384,333.373922470404,40.6027120331044,12.0443855220384
2020-10-29,73773,908,70008,793,3765,115,80625,834,871713,6502,952338,7336,11,832,40,3744,950,12,"East TN",2455501,258.440130954946,0.120700117571206,298.757768781198,36.9781971174111,12.0700117571206
2020-10-30,74673,900,70815,807,3858,93,81465,840,876569,4856,958034,5696,28,860,39,3783,966,16,"East TN",2455501,255.54866399973,0.123847926267281,231.968954604376,36.6523980238656,12.3847926267281
2020-10-31,74687,14,70829,14,3858,0,81481,16,876590,21,958071,37,5,865,0,3783,977,11,"East TN",2455501,205.742127573966,0.127786572548205,1.50682080764781,0.570148413704576,12.7786572548205
2020-11-01,75194,507,71219,390,3975,117,81951,470,883153,6563,965104,7033,0,865,27,3810,993,16,"East TN",2455501,188.556225389442,0.118627879052505,286.418128113163,20.6475175534443,11.8627879052505
2020-11-02,76004,810,71961,742,4043,68,82726,775,887381,4228,970107,5003,11,876,38,3848,1007,14,"East TN",2455501,202.72848595867,0.121899214727755,203.746608126,32.987158221479,12.1899214727755
2020-11-03,77044,1040,72921,960,4123,80,83802,1076,894243,6862,978045,7938,31,907,29,3877,1020,13,"East TN",2455501,210.79201352392,0.120813019961677,323.274150570495,42.3538821609114,12.0813019961677
2020-11-04,77955,911,73733,812,4222,99,84649,847,899128,4885,983777,5732,6,913,35,3912,1044,24,"East TN",2455501,207.289673268307,0.12528691166989,233.435050525331,37.1003717774906,12.528691166989
2020-11-05,78533,578,74217,484,4316,94,85150,501,901789,2661,986939,3162,17,930,27,3939,1058,14,"East TN",2455501,193.850460659556,0.130776567151238,128.772091723848,23.5389845086603,13.0776567151238
2020-11-06,79499,966,75066,849,4433,117,86077,927,908196,6407,994273,7334,10,940,37,3976,1082,24,"East TN",2455501,196.538303181306,0.127266204917354,298.676319007811,39.3402405456157,12.7266204917354
2020-11-07,80826,1327,76307,1241,4519,86,87496,1419,919116,10920,1006612,12339,21,961,52,4028,1092,10,"East TN",2455501,250.010079409457,0.123915864938918,502.504376907197,54.0419246418552,12.3915864938918
2020-11-08,82383,1557,77746,1439,4637,118,89163,1667,932015,12899,1021178,14566,3,964,52,4080,1109,17,"East TN",2455501,292.7712104373,0.128615757748689,593.198699572918,63.4086485812875,12.8615757748689
2020-11-09,83002,619,78285,539,4717,80,89743,580,935467,3452,1025210,4032,9,973,19,4099,1120,11,"East TN",2455501,284.992757078902,0.127343338838176,164.202743146918,25.2087048630809,12.7343338838176
2020-11-10,83941,939,79135,850,4806,89,90666,923,940468,5001,1031134,5924,27,1000,44,4143,1138,18,"East TN",2455501,280.87954352289,0.12929232044303,241.254228770422,38.2406686048998,12.929232044303
2020-11-11,85245,1304,80235,1100,5010,204,91835,1169,947015,6547,1038850,7716,26,1026,59,4202,1152,14,"East TN",2455501,296.884423993311,0.130481361102537,314.233225724608,53.1052522479119,13.0481361102537
2020-11-12,86082,837,80940,705,5142,132,92599,764,951228,4213,1043827,4977,15,1041,34,4236,1170,18,"East TN",2455501,307.432169646846,0.130941499085923,202.687761071977,34.086730162195,13.0941499085923
2020-11-13,87540,1458,82227,1287,5313,171,93898,1299,957087,5859,1050985,7158,27,1068,47,4283,1186,16,"East TN",2455501,327.468813899893,0.137907321201862,291.508738949811,59.3768847986623,13.7907321201862
2020-11-14,89015,1475,83618,1391,5397,84,95433,1535,965982,8895,1061415,10430,7,1075,52,4335,1215,29,"East TN",2455501,333.496097130484,0.144827837892086,424.760568209909,60.0692078724464,14.4827837892086
2020-11-15,90967,1952,85351,1733,5616,219,97393,1960,977151,11169,1074544,13129,7,1082,56,4391,1232,17,"East TN",2455501,349.582427374291,0.154218041449612,534.677037394813,79.4949788250952,15.4218041449612
2020-11-16,92492,1525,86750,1399,5742,126,98930,1537,984770,7619,1083700,9156,10,1092,41,4432,1251,19,"East TN",2455501,386.479174718316,0.157069584544367,372.877062562793,62.1054522071056,15.7069584544367
2020-11-17,93704,1212,87869,1119,5835,93,100151,1221,989913,5143,1090064,6364,31,1123,46,4478,1278,27,"East TN",2455501,397.597068785555,0.160953673850331,259.173178915423,49.358562672139,16.0953673850331
2020-11-18,94902,1198,88825,956,6077,242,101184,1033,995057,5144,1096241,6177,14,1137,53,4531,1293,15,"East TN",2455501,393.280230796078,0.162900106288442,251.557625103798,48.7884142584344,16.2900106288442
2020-11-19,95982,1080,89706,881,6276,199,102043,859,999718,4661,1101761,5520,45,1182,52,4583,1313,20,"East TN",2455501,403.176378262522,0.163013083854041,224.801374546376,43.9828776286387,16.3013083854041
2020-11-20,97108,1126,90669,963,6439,163,103066,1023,1004617,4899,1107683,5922,28,1210,36,4619,1339,26,"East TN",2455501,389.655715880384,0.161698825355392,241.172778997036,45.8562224165252,16.1698825355392
2020-11-21,98326,1218,91733,1064,6593,154,104165,1099,1011023,6406,1115188,7505,3,1213,47,4666,1363,24,"East TN",2455501,379.189420000236,0.162386327710933,305.640274632346,49.6029119922981,16.2386327710933
2020-11-22,99912,1586,93162,1429,6750,157,105831,1666,1020624,9601,1126455,11267,17,1230,57,4723,1390,27,"East TN",2455501,364.284111470531,0.162547436959411,458.847298372104,64.5896702953898,16.2547436959411
2020-11-23,100803,891,93920,758,6883,133,106533,702,1023740,3116,1130273,3818,18,1248,35,4758,1417,27,"East TN",2455501,338.464533307052,0.163249092822021,155.487617394577,36.2858740436269,16.3249092822021
2020-11-24,101714,911,94655,735,7059,176,107238,705,1026767,3027,1134005,3732,13,1261,57,4815,1445,28,"East TN",2455501,326.206342412404,0.161284449602877,151.985277138963,37.1003717774906,16.1284449602877
2020-11-25,102620,906,95341,686,7279,220,107783,545,1029075,2308,1136858,2853,38,1299,56,4871,1470,25,"East TN",2455501,314.314675497994,0.162468916955954,116.188101735654,36.8967473440247,16.2468916955954
2020-11-26,104085,1465,96728,1387,7357,78,109452,1669,1037440,8365,1146892,10034,18,1317,25,4896,1489,19,"East TN",2455501,329.99375687487,0.164166537413308,408.633513079408,59.6619590055146,16.4166537413308
2020-11-27,105788,1703,98294,1566,7494,137,111201,1749,1044979,7539,1156180,9288,5,1322,50,4946,1517,28,"East TN",2455501,353.492016496837,0.167742334577397,378.252747606293,69.3544820384923,16.7742334577397
2020-11-28,107412,1624,99674,1380,7738,244,112695,1494,1052509,7530,1165204,9024,2,1324,45,4991,1545,28,"East TN",2455501,370.02632049427,0.170545425463852,367.501377519292,66.1372159897308,17.0545425463852
2020-11-29,109699,2287,101794,2120,7905,167,115020,2325,1063204,10695,1178224,13020,4,1328,51,5042,1570,25,"East TN",2455501,398.574466066192,0.177500048291449,530.238024745256,93.1378158673118,17.7500048291449
2020-11-30,111933,2234,103799,2005,8134,229,117240,2220,1072654,9450,1189894,11670,15,1343,53,5095,1601,31,"East TN",2455501,453.267988895138,0.179584374633099,475.259427709457,90.979396872573,17.9584374633099
2020-12-01,114194,2261,105805,2006,8389,255,119378,2138,1081489,8835,1200867,10973,20,1363,63,5158,1629,28,"East TN",2455501,508.246585930936,0.181568005743173,446.874181684308,92.078968813289,18.1568005743172
2020-12-02,115251,1057,106718,913,8533,144,120254,876,1084397,2908,1204651,3784,15,1378,42,5200,1662,33,"East TN",2455501,514.396043821607,0.183957045712684,154.102971247008,43.0462052346955,18.3957045712684
2020-12-03,117059,1808,108287,1569,8772,239,121976,1722,1090388,5991,1212364,7713,33,1411,45,5245,1683,21,"East TN",2455501,528.364679957369,0.191287878787879,314.111051064528,73.6305951412767,19.1287878787879
2020-12-04,118788,1729,109675,1388,9113,341,123434,1458,1095908,5520,1219342,6978,37,1448,36,5281,1718,35,"East TN",2455501,529.423527011392,0.193676577689117,284.178259345038,70.4133290925151,19.3676577689117
2020-12-05,119921,1133,110584,909,9337,224,124363,929,1098972,3064,1223335,3993,5,1453,24,5305,1744,26,"East TN",2455501,509.427607645039,0.200719065558824,162.614472565884,46.1412966233775,20.0719065558824
2020-12-06,121390,1469,111847,1263,9543,206,125604,1241,1103464,4492,1229068,5733,20,1473,40,5345,1780,36,"East TN",2455501,476.114650330014,0.20816615529856,233.475775412024,59.8248585522873,20.816615529856
2020-12-07,124113,2723,114252,2405,9861,318,128175,2571,1113010,9546,1241185,12117,31,1504,51,5396,1802,22,"East TN",2455501,496.029119922981,0.2131952974206,493.46345206131,110.89386646554,21.31952974206
2020-12-08,126877,2764,116615,2363,10262,401,130706,2531,1121369,8359,1252075,10890,45,1549,71,5467,1826,24,"East TN",2455501,516.513737929653,0.221215435088267,443.494016088774,112.563586819961,22.1215435088267
2020-12-09,129521,2644,118998,2383,10523,261,133283,2577,1128467,7098,1261750,9675,21,1570,56,5523,1849,23,"East TN",2455501,581.144133111736,0.228182630168654,394.013278756555,107.676600416778,22.8182630168654
2020-12-10,132596,3075,121680,2682,10916,393,136233,2950,1139936,11469,1276169,14419,30,1600,74,5597,1886,37,"East TN",2455501,632.742564552,0.223446438366899,587.21214122902,125.229026581541,22.3446438366899
2020-12-11,134580,1984,123428,1748,11152,236,138023,1790,1147107,7171,1285130,8961,35,1635,50,5647,1911,25,"East TN",2455501,643.127410658762,0.221757767373989,364.935709657622,80.798175199277,22.1757767373989
2020-12-12,137841,3261,126155,2727,11686,534,140997,2974,1158339,11232,1299336,14206,21,1656,73,5720,1936,25,"East TN",2455501,729.789969541857,0.218865541242878,578.537740363372,132.803855506473,21.8865541242878
2020-12-13,142131,4290,130014,3859,12117,431,145361,4364,1175619,17280,1320980,21644,15,1671,62,5782,1970,34,"East TN",2455501,844.674874903329,0.214955609713639,881.449447587274,174.709763913759,21.4955609713639
2020-12-14,144990,2859,132471,2457,12519,402,148034,2673,1184897,9278,1332931,11951,37,1708,72,5854,2004,34,"East TN",2455501,850.213459493602,0.216456303272077,486.703120870242,116.432451055813,21.6456303272077
2020-12-15,149116,4126,136011,3540,13105,586,151897,3863,1199918,15021,1351815,18884,34,1742,94,5948,2035,31,"East TN",2455501,905.680755169719,0.212462402245839,769.048760314087,168.030882496077,21.2462402245839
2020-12-16,152334,3218,138268,2257,14066,961,154283,2386,1207814,7896,1362097,10282,19,1761,60,6008,2077,42,"East TN",2455501,929.056840131607,0.209273819845137,418.733284979318,131.052685378666,20.9273819845137
2020-12-17,156401,4067,141640,3372,14761,695,157890,3607,1218513,10699,1376403,14306,58,1819,75,6083,2116,39,"East TN",2455501,969.455927731245,0.216064409282279,582.61022903269,165.628114181179,21.6064409282279
2020-12-18,159608,3207,144376,2736,15232,471,160769,2879,1227202,8689,1387971,11568,43,1862,62,6145,2146,30,"East TN",2455501,1019.26246415701,0.221176379070604,471.105489266752,130.604711625041,22.1176379070604
2020-12-19,162248,2640,146618,2242,15630,398,163237,2468,1235565,8363,1398802,10831,27,1889,41,6186,2183,37,"East TN",2455501,993.972309520542,0.223593991916836,441.091247773876,107.513700870006,22.3593991916836
2020-12-20,165878,3630,149583,2965,16295,665,166553,3316,1249508,13943,1416061,17259,16,1905,55,6241,2217,34,"East TN",2455501,967.09388430304,0.222883646575026,702.870819437663,147.831338696258,22.2883646575026
2020-12-21,168191,2313,151325,1742,16866,571,168456,1903,1256420,6912,1424876,8815,14,1919,35,6276,2252,35,"East TN",2455501,944.858096168562,0.222111044646256,358.989876200417,94.1966629213346,22.2111044646256
2020-12-22,170845,2654,153026,1701,17819,953,170255,1799,1261473,5053,1431728,6852,62,1981,60,6336,2297,45,"East TN",2455501,884.911062956195,0.229724825748001,279.046923621697,108.08384928371,22.9724825748001
2020-12-23,173063,2218,154472,1446,18591,772,171795,1540,1267250,5777,1439045,7317,41,2022,35,6371,2337,40,"East TN",2455501,844.186176263011,0.227582263346676,297.983995934027,90.3277986854821,22.7582263346676
2020-12-24,175155,2092,155930,1458,19225,634,173393,1598,1273539,6289,1446932,7887,15,2037,30,6401,2375,38,"East TN",2455501,763.754525043973,0.219810290802365,321.197181349142,85.1964629621409,21.9810290802365
2020-12-25,177521,2366,157909,1979,19612,387,175559,2166,1282086,8547,1457645,10713,3,2040,27,6428,2411,36,"East TN",2455501,729.504895335005,0.212274306053908,436.28571114408,96.3550819160733,21.2274306053908
2020-12-26,179460,1939,159376,1467,20084,472,177171,1612,1287739,5653,1464910,7265,2,2042,43,6471,2449,38,"East TN",2455501,700.956749763083,0.210776305439584,295.866301825982,78.9655552980838,21.0776305439584
2020-12-27,180756,1296,160286,910,20470,386,178161,990,1290532,2793,1468693,3783,27,2069,41,6512,2480,31,"East TN",2455501,605.904864221191,0.220550235598115,154.062246360315,52.7794531543665,22.0550235598115
2020-12-28,182152,1396,161264,978,20888,418,179181,1020,1292351,1819,1471532,2839,25,2094,42,6554,2517,37,"East TN",2455501,568.560143123542,0.229873971193416,115.617953321949,56.8519418236849,22.9873971193416
2020-12-29,185057,2905,162990,1726,22067,1179,180959,1778,1296438,4087,1477397,5865,50,2144,64,6618,2559,42,"East TN",2455501,578.782089683531,0.234382184851869,238.851460455524,118.3057958437,23.4382184851869
2020-12-30,187385,2328,164606,1616,22779,712,182636,1677,1300917,4479,1483553,6156,40,2184,44,6662,2597,38,"East TN",2455501,583.261827219781,0.243574188909859,250.702402483241,94.8075362217323,24.3574188909859
2020-12-31,190830,3445,167286,2680,23544,765,185531,2895,1308040,7123,1493571,10018,52,2236,30,6692,2640,43,"East TN",2455501,638.362598915659,0.26025429361693,407.981914892317,140.297234658019,26.025429361693
2021-01-01,193065,2235,168999,1713,24066,522,187385,1854,1312882,4842,1500267,6696,24,2260,31,6723,2680,40,"East TN",2455501,633.027638758852,0.277462343390737,272.69384129756,91.0201217592662,27.7462343390737
2021-01-02,195785,2720,171107,2108,24678,612,189626,2241,1317524,4642,1507150,6883,4,2264,64,6787,2717,37,"East TN",2455501,664.833775266229,0.294862689393939,280.309395109185,110.77169180546,29.4862689393939
2021-01-03,197092,1307,172005,898,25087,409,190554,928,1320165,2641,1510719,3569,15,2279,25,6812,2761,44,"East TN",2455501,665.281749019854,0.294888878313425,145.347120607974,53.2274269079915,29.4888878313425
2021-01-04,198646,1554,173131,1126,25515,428,191731,1177,1321937,1772,1513668,2949,46,2325,34,6846,2811,50,"East TN",2455501,671.716281117377,0.297845073096639,120.0976908582,63.2864739212079,29.7845073096639
2021-01-05,201531,2885,174856,1725,26675,1160,193545,1814,1325866,3929,1519411,5743,43,2368,60,6906,2855,44,"East TN",2455501,670.901783383513,0.299566811062979,233.883024278956,117.491298109836,29.9566811062979
2021-01-06,204065,2534,176643,1787,27422,747,195441,1896,1330061,4195,1525502,6091,52,2420,63,6969,2898,43,"East TN",2455501,679.291110042309,0.305251615056378,248.055284848184,103.196862880528,30.5251615056378
2021-01-07,206562,2497,178769,2126,27793,371,197753,2312,1335403,5342,1533156,7654,33,2453,44,7013,2930,32,"East TN",2455501,640.683917457171,0.308753315649867,311.70828274963,101.69004207288,30.8753315649867
2021-01-08,208898,2336,180617,1848,28281,488,199730,1977,1341111,5708,1540841,7685,50,2503,47,7060,2985,55,"East TN",2455501,644.797131013182,0.304258885000246,312.970754237119,95.1333353152778,30.4258885000246
2021-01-09,211456,2558,182606,1989,28850,569,201893,2163,1347130,6019,1549023,8182,27,2530,32,7092,3013,28,"East TN",2455501,638.199699368886,0.292957275571371,333.211022923631,104.174260161165,29.2957275571371
2021-01-10,213115,1659,183735,1129,29380,530,203139,1246,1351410,4280,1554549,5526,36,2566,41,7133,3052,39,"East TN",2455501,652.534859484887,0.287132101300479,225.045723866535,67.5625870239923,28.7132101300479
2021-01-11,214536,1421,184746,1011,29790,410,204236,1097,1353937,2527,1558173,3624,28,2594,40,7173,3092,40,"East TN",2455501,647.118449554694,0.280979665206157,147.586989376099,57.8700639910145,28.0979665206157
2021-01-12,216344,1808,185873,1127,30471,681,205417,1181,1356992,3055,1562409,4236,60,2654,39,7212,3131,39,"East TN",2455501,603.257746586135,0.276105865389088,172.510620032327,73.6305951412767,27.6105865389088
2021-01-13,217863,1519,186942,1069,30921,450,206546,1129,1360561,3569,1567107,4698,49,2703,32,7244,3158,27,"East TN",2455501,561.921986592553,0.266915034250691,191.325517684578,61.8611028869465,26.6915034250691
2021-01-14,220105,2242,188715,1773,31390,469,208500,1954,1366978,6417,1575478,8371,38,2741,50,7294,3200,42,"East TN",2455501,551.537140485791,0.253934124096215,340.908026508643,91.3051959661185,25.3934124096215
2021-01-15,221062,957,189381,666,31681,291,209190,690,1369266,2288,1578456,2978,23,2764,30,7324,3241,41,"East TN",2455501,495.37752173589,0.251495414063538,121.278712572302,38.9737165653771,25.1495414063538
2021-01-16,223486,2424,191123,1742,32363,682,211183,1993,1377524,8258,1588707,10251,13,2777,54,7378,3284,43,"East TN",2455501,489.920386919003,0.234099385142627,417.470813491829,98.717125344278,23.4099385142627
2021-01-17,224339,853,191726,603,32613,250,211850,667,1380219,2695,1592069,3362,13,2790,23,7401,3318,34,"East TN",2455501,457.096128244297,0.232169509594883,136.917069062485,34.738328349286,23.2169509594883
2021-01-18,224905,566,192048,322,32857,244,212204,354,1381820,1601,1594024,1955,13,2803,21,7422,3349,31,"East TN",2455501,422.276350121625,0.222253214694151,79.6171534851747,23.0502858683421,22.2253214694151
2021-01-19,226580,1675,193016,968,33564,707,213256,1052,1385083,3263,1598339,4315,21,2824,53,7475,3389,40,"East TN",2455501,416.859940191431,0.218174227664904,175.727886081089,68.2141852110832,21.8174227664904
2021-01-20,227563,983,193673,657,33890,326,213951,695,1388160,3077,1602111,3772,32,2856,29,7504,3429,40,"East TN",2455501,395.031400923885,0.211547251742658,153.61427260669,40.0325636193999,21.1547251742658
2021-01-21,229112,1549,194801,1128,34311,421,215213,1262,1393326,5166,1608539,6428,65,2921,36,7540,3475,46,"East TN",2455501,366.809054445508,0.203048909591361,261.779571663787,63.082849487742,20.3048909591361
2021-01-22,230097,985,195504,703,34593,282,216026,813,1397215,3889,1613241,4702,32,2953,31,7571,3507,32,"East TN",2455501,367.949351272917,0.196521489147621,191.488417231351,40.1140133927862,19.6521489147621
2021-01-23,231524,1427,196469,965,35055,462,217124,1098,1403397,6182,1620521,7280,19,2972,41,7612,3533,26,"East TN",2455501,327.346639239813,0.186741686050167,296.47717512638,58.1144133111736,18.6741686050167
2021-01-24,232143,619,196956,487,35187,132,217665,541,1405966,2569,1623631,3110,19,2991,20,7632,3561,28,"East TN",2455501,317.817015753608,0.184240542424434,126.654397615802,25.2087048630809,18.4240542424434
2021-01-25,232880,737,197465,509,35415,228,218212,547,1407313,1347,1625525,1894,44,3035,20,7652,3592,31,"East TN",2455501,324.780971378142,0.190724103996699,77.1329353968905,30.0142414928766,19.0724103996699
2021-01-26,233908,1028,198190,725,35718,303,218991,779,1410513,3200,1629504,3979,63,3098,26,7678,3615,23,"East TN",2455501,298.431969687652,0.184020535857532,162.044324152179,41.8651835205931,18.4020535857532
2021-01-27,234862,954,198895,705,35967,249,219745,754,1413883,3370,1633628,4124,55,3153,28,7706,3638,23,"East TN",2455501,297.25094797355,0.183837294158708,167.949432722691,38.8515419052975,18.3837294158708
2021-01-28,236188,1326,199608,713,36580,613,220535,790,1417143,3260,1637678,4050,46,3199,29,7735,3666,28,"East TN",2455501,288.16929824097,0.182641820240914,164.935791107395,54.001199755162,18.2641820240914
2021-01-29,236781,593,199958,350,36823,243,220930,395,1419196,2053,1640126,2448,17,3216,17,7752,3687,21,"East TN",2455501,272.205142657242,0.182406546401339,99.6945226249144,24.1498578090581,18.2406546401339
2021-01-30,237933,1152,200922,964,37011,188,222023,1093,1425991,6795,1648014,7888,44,3260,29,7781,3707,20,"East TN",2455501,261.005798816616,0.178190812206744,321.237906235835,46.915069470548,17.8190812206744
2021-01-31,238610,677,201360,438,37250,239,222512,489,1428892,2901,1651404,3390,29,3289,30,7811,3726,19,"East TN",2455501,263.367842244821,0.174522017787059,138.057365889894,27.5707482912856,17.4522017787059
2021-02-01,239302,692,201769,409,37533,283,222954,442,1430204,1312,1653158,1754,39,3328,10,7821,3753,27,"East TN",2455501,261.535222343628,0.171606412622589,71.4314512598447,28.1816215916833,17.1606412622589
2021-02-02,239837,535,202115,346,37722,189,223312,358,1431022,818,1654334,1176,57,3385,13,7834,3769,16,"East TN",2455501,241.457853203888,0.174023358840113,47.8924667511844,21.7878143808534,17.4023358840113
2021-02-03,240947,1110,202873,758,38074,352,224136,824,1435409,4387,1659545,5211,46,3431,39,7873,3782,13,"East TN",2455501,247.810935528025,0.169425473627349,212.217384558182,45.2046242294342,16.9425473627349
2021-02-04,242041,1094,203653,780,38388,314,224998,862,1441116,5707,1666114,6569,58,3489,36,7909,3800,18,"East TN",2455501,238.362761815206,0.156948937965959,267.521780687526,44.5530260423433,15.6948937965959
2021-02-05,242855,814,204209,556,38646,258,225599,601,1443945,2829,1669544,3430,67,3556,28,7937,3814,14,"East TN",2455501,247.3629617744,0.158712352981168,139.686361357621,33.1500577682518,15.8712352981168
2021-02-06,244077,1222,205021,812,39056,410,226558,959,1450377,6432,1676935,7391,27,3583,22,7959,3843,29,"East TN",2455501,250.213703842922,0.156806472805228,300.997637549323,49.7658115390708,15.6806472805228
2021-02-07,244593,516,205374,353,39219,163,226964,406,1452738,2361,1679702,2767,2,3585,10,7969,3860,17,"East TN",2455501,243.65699708532,0.157325606049898,112.68576148004,21.0140415336829,15.7325606049898
2021-02-08,245101,508,205669,295,39432,213,227279,315,1453742,1004,1681021,1319,32,3617,9,7978,3876,16,"East TN",2455501,236.163617933774,0.155223773463015,53.7161255483097,20.6882424401375,15.5223773463015
2021-02-09,246120,1019,206293,624,39827,395,227937,658,1456948,3206,1684885,3864,16,3633,38,8016,3887,11,"East TN",2455501,255.874463093275,0.151386206670813,157.360962182463,41.4986595403545,15.1386206670813
2021-02-10,246965,845,206874,581,40091,264,228569,632,1461222,4274,1689791,4906,39,3672,30,8046,3900,13,"East TN",2455501,245.082368119581,0.146564835019507,199.796294116761,34.4125292557405,14.6564835019507
2021-02-11,247832,867,207457,583,40375,284,229218,649,1465533,4311,1694751,4960,37,3709,31,8077,3918,18,"East TN",2455501,235.837818840229,0.147361804658309,201.995437998193,35.3084767629905,14.7361804658309
2021-02-12,248659,827,208046,589,40613,238,229862,644,1469597,4064,1699459,4708,34,3743,11,8088,3927,9,"East TN",2455501,236.36724236724,0.14250376065519,191.73276655151,33.6794812952632,14.250376065519
2021-02-13,249248,589,208415,369,40833,220,230294,432,1472791,3194,1703085,3626,12,3755,17,8105,3939,12,"East TN",2455501,210.588389090454,0.142868068833652,147.668439149485,23.9869582622854,14.2868068833652
2021-02-14,249786,538,208827,412,40959,126,230746,452,1475090,2299,1705836,2751,15,3770,15,8120,3952,13,"East TN",2455501,211.484336597704,0.144715696028163,112.034163292949,21.909989040933,14.4715696028163
2021-02-15,250164,378,209037,210,41127,168,230974,228,1476089,999,1707063,1227,5,3775,10,8130,3963,11,"East TN",2455501,206.190101327591,0.141886183856847,49.9694359725368,15.3940071700236,14.1886183856847
2021-02-16,250929,765,209465,428,41464,337,231448,474,1478507,2418,1709955,2892,8,3783,26,8156,3973,10,"East TN",2455501,195.845980107522,0.140047865975269,117.776372316688,31.1545383202858,14.0047865975269
2021-02-17,251549,620,209884,419,41665,201,231898,450,1481015,2508,1712913,2958,11,3794,11,8167,3990,17,"East TN",2455501,186.682880601555,0.143975434650982,120.464214838438,25.2494297497741,14.3975434650982
2021-02-18,252333,784,210426,542,41907,242,232495,597,1485195,4180,1717690,4777,42,3836,19,8186,4007,17,"East TN",2455501,183.302715006021,0.142857142857143,194.54278373334,31.9283111674563,14.2857142857143
2021-02-19,252807,474,210726,300,42081,174,232838,343,1487283,2088,1720121,2431,5,3841,11,8197,4016,9,"East TN",2455501,168.926830003327,0.144032523473042,99.0021995511303,19.3035962925692,14.4032523473042
2021-02-20,253429,622,211174,448,42255,174,233341,503,1491253,3970,1724594,4473,18,3859,18,8215,4026,10,"East TN",2455501,170.270751264202,0.141661630015342,182.162418178612,25.3308795231604,14.1661630015342
2021-02-21,253778,349,211402,228,42376,121,233604,263,1492917,1664,1726521,1927,7,3866,12,8227,4044,18,"East TN",2455501,162.573747679191,0.138167754411409,78.4768566577656,14.2129854559212,13.8167754411409
2021-02-22,254134,356,211596,194,42538,162,233830,226,1493979,1062,1727809,1288,7,3873,22,8249,4060,16,"East TN",2455501,161.67780017194,0.13766509206594,52.453654060821,14.4980596627735,13.766509206594
2021-02-23,254770,636,211938,342,42832,294,234191,361,1496179,2200,1730370,2561,26,3899,27,8276,4067,7,"East TN",2455501,156.42428978852,0.134361988733774,104.296434821244,25.901027936865,13.4361988733774
2021-02-24,255509,739,212486,548,43023,191,234798,607,1500839,4660,1735637,5267,19,3918,23,8299,4074,7,"East TN",2455501,161.270551305009,0.127618377046295,214.497978213,30.095691266263,12.7618377046295
2021-02-25,256144,635,212931,445,43213,190,235294,496,1504528,3689,1739822,4185,21,3939,16,8315,4083,9,"East TN",2455501,155.202543187724,0.126468461955539,170.433650810975,25.8603030501718,12.6468461955539
2021-02-26,256604,460,213253,322,43351,138,235662,368,1506913,2385,1742575,2753,14,3953,11,8326,4088,5,"East TN",2455501,154.63239477402,0.125768237285116,112.115613066336,18.7334478788646,12.5768237285116
2021-02-27,257043,439,213479,226,43564,213,235936,274,1509990,3077,1745926,3351,7,3960,16,8342,4097,9,"East TN",2455501,147.179740509167,0.121648228014251,136.46909530886,17.8782252583078,12.1648228014251
2021-02-28,257409,366,213753,274,43656,92,236249,313,1511915,1925,1748164,2238,5,3965,11,8353,4106,9,"East TN",2455501,147.872063582951,0.12221041445271,91.1422964193458,14.9053085297053,12.221041445271
2021-03-01,257650,241,213899,146,43751,95,236403,154,1512504,589,1748907,743,4,3969,11,8364,4115,9,"East TN",2455501,143.188701613235,0.121954687648118,30.2585908130357,9.81469769305734,12.1954687648118
2021-03-02,258269,619,214289,390,43980,229,236850,447,1515250,2746,1752100,3193,7,3976,24,8388,4125,10,"East TN",2455501,142.496378539451,0.122365393465255,130.034563211336,25.2087048630809,12.2365393465255
2021-03-03,258746,477,214586,297,44160,180,237201,351,1518347,3097,1755548,3448,7,3983,17,8405,4128,3,"East TN",2455501,131.826458225837,0.120687057405454,140.419409318098,19.4257709526488,12.0687057405454
2021-03-04,259353,607,214999,413,44354,194,237672,471,1521925,3578,1759597,4049,18,4001,21,8426,4133,5,"East TN",2455501,130.686161398427,0.120252844500632,164.895066220702,24.7200062227627,12.0252844500632
2021-03-05,259822,469,215309,310,44513,159,238025,353,1524650,2725,1762675,3078,15,4016,16,8442,4138,5,"East TN",2455501,131.052685378666,0.117562189054726,125.35120124162,19.0999718591033,11.7562189054726
2021-03-06,260283,461,215630,321,44653,140,238396,371,1527984,3334,1766380,3705,1,4017,10,8452,4144,6,"East TN",2455501,131.948632885916,0.120269873863303,150.885705198247,18.7741727655578,12.0269873863303
2021-03-07,260536,253,215793,163,44743,90,238579,183,1529313,1329,1767892,1512,1,4018,4,8456,4148,4,"East TN",2455501,127.346720689586,0.118106244931062,61.5760286800942,10.3033963333756,11.8106244931062
2021-03-08,260991,455,216086,293,44905,162,238891,312,1530557,1244,1769448,1556,3,4021,9,8465,4156,8,"East TN",2455501,136.061846441928,0.121123606445645,63.3679236945943,18.5298234453987,12.1123606445645
2021-03-09,261529,538,216367,281,45162,257,239209,318,1532558,2001,1771767,2319,6,4027,21,8486,4168,12,"East TN",2455501,132.76313061978,0.119947119540347,94.4410122414937,21.909989040933,11.9947119540347
2021-03-10,262179,650,216831,464,45348,186,239715,506,1536693,4135,1776408,4641,7,4034,28,8514,4178,10,"East TN",2455501,139.808536017701,0.120517737296261,189.004199143067,26.4711763505696,12.0517737296261
2021-03-11,262705,526,217167,336,45538,190,240078,363,1539125,2432,1779203,2795,5,4039,9,8523,4186,8,"East TN",2455501,136.509820195553,0.122717535448332,113.826058307449,21.4212904006148,12.2717535448332
2021-03-12,263164,459,217531,364,45633,95,240493,415,1541740,2615,1782233,3030,5,4044,12,8535,4194,8,"East TN",2455501,136.102571328621,0.126188771858063,123.396406680348,18.6927229921715,12.6188771858063
2021-03-13,263609,445,217745,214,45864,231,240771,278,1544539,2799,1785310,3077,2,4046,21,8556,4201,7,"East TN",2455501,135.45097314153,0.125462229265716,125.310476354927,18.1225745784669,12.5462229265716
2021-03-14,263870,261,217920,175,45950,86,240982,211,1545989,1450,1786971,1661,0,4046,10,8566,4207,6,"East TN",2455501,135.776772235075,0.125949997379318,67.6440367973786,10.629195426921,12.5949997379318
2021-03-15,264226,356,218105,185,46121,171,241197,215,1546927,938,1788124,1153,4,4050,15,8581,4211,4,"East TN",2455501,131.74500845245,0.123473977297066,46.9557943572412,14.4980596627735,12.3473977297066
2021-03-16,264925,699,218556,451,46369,248,241693,496,1549463,2536,1791156,3032,4,4054,36,8617,4212,1,"East TN",2455501,138.301715210053,0.128113879003559,123.477856453734,28.4666957985356,12.8113879003559
2021-03-17,265351,426,218889,333,46462,93,242057,364,1552208,2745,1794265,3109,1,4055,16,8633,4221,9,"East TN",2455501,129.17934059078,0.131153049224394,126.613672729109,17.3488017312964,13.1153049224394
2021-03-18,265901,550,219238,349,46663,201,242442,385,1554749,2541,1797191,2926,6,4061,31,8664,4228,7,"East TN",2455501,130.156737871416,0.131420947298199,119.161018464256,22.3986876812512,13.1420947298199
2021-03-19,266693,792,219768,530,46925,262,243002,560,1558474,3725,1801476,4285,15,4076,25,8689,4234,6,"East TN",2455501,143.718125140246,0.130385075092241,174.506139480293,32.2541102610017,13.0385075092241
2021-03-20,266965,272,219933,165,47032,107,243196,194,1560068,1594,1803264,1788,1,4077,15,8704,4236,2,"East TN",2455501,136.672719742325,0.13506739445249,72.816097407413,11.077169180546,13.506739445249
2021-03-21,267246,281,220130,197,47116,84,243421,225,1561401,1333,1804822,1558,-17,4060,8,8712,4244,8,"East TN",2455501,137.487217476189,0.136631001064366,63.4493734679807,11.4436931607847,13.6631001064366
2021-03-22,267772,526,220471,341,47301,185,243777,356,1563056,1655,1806833,2011,14,4074,19,8731,4251,7,"East TN",2455501,144.41044821403,0.137901544711102,81.897747139993,21.4212904006148,13.7901544711102
2021-03-23,268209,437,220719,248,47490,189,244042,265,1564896,1840,1808938,2105,11,4085,17,8748,4257,6,"East TN",2455501,133.740527900416,0.132099876279384,85.7258864891523,17.7967754849214,13.2099876279384
2021-03-24,268807,598,221179,460,47628,138,244535,493,1568409,3513,1812944,4006,4,4089,26,8774,4263,6,"East TN",2455501,140.745208411644,0.13266234809144,163.143896092895,24.353482242524,13.266234809144
2021-03-25,269206,399,221485,306,47721,93,244868,333,1570708,2299,1815576,2632,8,4097,23,8797,4267,4,"East TN",2455501,134.595750520973,0.131955398422627,107.18790177646,16.2492297905804,13.1955398422627
2021-03-26,269616,410,221808,323,47808,87,245213,345,1572815,2107,1818028,2452,7,4104,14,8811,4277,10,"East TN",2455501,119.038843804177,0.133579023682939,99.8574221716871,16.6972035442054,13.3579023682939
2021-03-27,269820,204,221989,181,47831,23,245423,210,1574669,1854,1820092,2064,2,4106,13,8824,4288,11,"East TN",2455501,116.26955150904,0.13233895887806,84.0561661347318,8.30787688540954,13.233895887806
2021-03-28,270136,316,222208,219,47928,97,245668,245,1576319,1650,1821987,1895,5,4111,17,8841,4295,7,"East TN",2455501,117.694922543302,0.130905913195456,77.1736602835837,12.8690641950461,13.0905913195456
2021-03-29,270574,438,222444,236,48130,202,245921,253,1577791,1472,1823712,1725,18,4129,18,8859,4300,5,"East TN",2455501,114.111132514302,0.127021742994253,70.2504295457424,17.8375003716146,12.7021742994253
2021-03-30,270949,375,222702,258,48247,117,246243,322,1579667,1876,1825910,2198,5,4134,20,8879,4306,6,"East TN",2455501,111.586189539324,0.129684185717653,89.5133009516184,15.271832509944,12.9684185717653
2021-03-31,271605,656,223141,439,48464,217,246725,482,1583341,3674,1830066,4156,4,4138,18,8897,4311,5,"East TN",2455501,113.948232967529,0.127905618502511,169.252629096873,26.7155256707287,12.7905618502511
2021-04-01,272055,450,223464,323,48591,127,247074,349,1585503,2162,1832577,2511,1,4139,18,8915,4319,8,"East TN",2455501,116.025202188881,0.129757073113346,102.260190486585,18.3261990119328,12.9757073113346
2021-04-02,272400,345,223694,230,48706,115,247323,249,1587763,2260,1835086,2509,0,4139,12,8927,4324,5,"East TN",2455501,113.378084553824,0.123695626685426,102.178740713199,14.0500859091485,12.3695626685426
2021-04-03,272742,342,223944,250,48798,92,247597,274,1589605,1842,1837202,2116,0,4139,13,8940,4333,9,"East TN",2455501,118.998118917484,0.127060198714202,86.1738602427773,13.9279112490689,12.7060198714202
2021-04-04,272913,171,224067,123,48846,48,247738,141,1590839,1234,1838577,1375,6,4145,8,8948,4337,4,"East TN",2455501,113.093010346972,0.124773960216998,55.996719203128,6.96395562453446,12.4773960216998
2021-04-05,273320,407,224302,235,49018,172,247961,223,1591786,947,1839747,1170,6,4151,40,8988,4343,6,"East TN",2455501,111.830538859483,0.127221702525725,47.6481174310253,16.5750288841259,12.7221702525725
2021-04-06,273748,428,224551,249,49197,179,248237,276,1593374,1588,1841611,1864,3,4154,27,9015,4348,5,"East TN",2455501,113.988957854222,0.126998280364308,75.911188796095,17.4302515046828,12.6998280364308
2021-04-07,274376,628,225011,460,49365,168,248744,507,1597027,3653,1845771,4160,5,4159,24,9039,4352,4,"East TN",2455501,112.848661026813,0.128557784145177,169.415528643645,25.5752288433196,12.8557784145177
2021-04-08,274781,405,225265,254,49516,151,249032,288,1599342,2315,1848374,2603,-1,4158,21,9060,4357,5,"East TN",2455501,111.01604112562,0.123947584984491,106.006880062358,16.4935791107395,12.3947584984491
2021-04-09,275298,517,225670,405,49628,112,249480,448,1602325,2983,1851805,3431,4,4162,31,9091,4360,3,"East TN",2455501,118.020721636847,0.129014893235241,139.727086244314,21.0547664203761,12.9014893235241
2021-04-10,275603,305,225886,216,49717,89,249728,248,1604508,2183,1854236,2431,1,4163,15,9106,4365,5,"East TN",2455501,116.513900829199,0.12510273570506,99.0021995511303,12.4210904414211,12.510273570506
2021-04-11,275840,237,226050,164,49790,73,249902,174,1605811,1303,1855713,1477,2,4165,10,9116,4369,4,"East TN",2455501,119.20174335095,0.126283846872082,60.1506576458328,9.65179814628461,12.6283846872082
2021-04-12,276305,465,226373,323,49932,142,250232,330,1607233,1422,1857465,1752,3,4168,16,9132,4378,9,"East TN",2455501,121.563786779154,0.128174737555029,71.3500014864584,18.9370723123306,12.8174737555029
2021-04-13,276682,377,226612,239,50070,138,250482,250,1608727,1494,1859209,1744,3,4171,16,9148,4382,4,"East TN",2455501,119.486817557802,0.12757131492215,71.0242023929129,15.3532822833304,12.757131492215
2021-04-14,277360,678,227112,500,50248,178,251037,555,1612420,3693,1863457,4248,0,4171,29,9177,4385,3,"East TN",2455501,121.523061892461,0.129650571073165,172.999318672646,27.6114731779788,12.9650571073165
2021-04-15,277902,542,227480,368,50422,174,251417,380,1614830,2410,1866247,2790,2,4173,24,9201,4390,5,"East TN",2455501,127.102371369427,0.133441503944497,113.622433873983,22.0728885877057,13.3441503944497
2021-04-16,278875,973,228370,890,50505,83,252524,1107,1620824,5994,1873348,7101,3,4176,32,9233,4393,3,"East TN",2455501,145.672919701519,0.141298797753331,289.1874204083,39.625314752468,14.1298797753331
2021-04-17,279077,202,228517,147,50560,55,252696,172,1622549,1725,1875245,1897,0,4176,10,9243,4394,1,"East TN",2455501,141.478256372121,0.141272787852825,77.25511005697,8.22642711202317,14.1272787852825
2021-04-18,279296,219,228705,188,50591,31,252898,202,1623981,1432,1876879,1634,6,4182,8,9251,4403,9,"East TN",2455501,140.745208411644,0.141547765283946,66.5444648566627,8.9187501858073,14.1547765283946
2021-04-19,279622,326,228898,193,50724,133,253107,209,1625143,1162,1878250,1371,8,4190,15,9266,4410,7,"East TN",2455501,135.084449161291,0.138320904498436,55.8338196563553,13.276313061978,13.8320904498436
2021-04-20,279975,353,229175,277,50800,76,253386,279,1627055,1912,1880441,2191,4,4194,20,9286,4414,4,"East TN",2455501,134.107051880655,0.136774679728711,89.2282267447661,14.375885002694,13.6774679728711
2021-04-21,280488,513,229505,330,50983,183,253721,335,1629934,2879,1883655,3214,4,4198,15,9301,4420,6,"East TN",2455501,127.38744557628,0.132884444004357,130.889785831893,20.8918668736034,13.2884444004357
2021-04-22,281128,640,229902,397,51226,243,254167,446,1633056,3122,1887223,3568,3,4201,26,9327,4424,4,"East TN",2455501,131.378484472212,0.131102212051869,145.30639572128,26.0639274836378,13.1102212051869
2021-04-23,281510,382,230179,277,51331,105,254475,308,1635323,2267,1889798,2575,0,4201,11,9338,4429,5,"East TN",2455501,107.31007643654,0.118601823708207,104.866583234949,15.5569067167963,11.8601823708207
2021-04-24,281770,260,230367,188,51403,72,254684,209,1637664,2341,1892348,2550,0,4201,19,9357,4436,7,"East TN",2455501,109.672119864745,0.116236917499854,103.848461067619,10.5884705402278,11.6236917499854
2021-04-25,281968,198,230514,147,51454,51,254842,158,1639001,1337,1893843,1495,4,4205,17,9374,4441,5,"East TN",2455501,108.816897244188,0.114595614241924,60.8837056063101,8.06352756525043,11.4595614241924
2021-04-26,282357,389,230761,247,51596,142,255093,251,1640496,1495,1895589,1746,6,4211,16,9390,4449,8,"East TN",2455501,111.382565105858,0.114539477478517,71.1056521662993,15.8419809236486,11.4539477478517
2021-04-27,282743,386,230963,202,51780,184,255312,219,1642336,1840,1897648,2059,3,4214,25,9415,4455,6,"East TN",2455501,112.726486366733,0.111931190794444,83.8525417012658,15.719806263569,11.1931190794444
2021-04-28,283229,486,231307,344,51922,142,255693,381,1645487,3151,1901180,3532,6,4220,23,9438,4463,8,"East TN",2455501,111.626914426017,0.112524964336662,143.840299800326,19.7922949328874,11.2524964336662
2021-04-29,283621,392,231586,279,52035,113,255997,304,1647694,2207,1903691,2511,1,4221,22,9460,4467,4,"East TN",2455501,101.527142526108,0.111124605295118,102.260190486585,15.9641555837281,11.1124605295118
2021-04-30,283991,370,231814,228,52177,142,256236,239,1650206,2512,1906442,2751,0,4221,18,9478,4472,5,"East TN",2455501,101.03844388579,0.105803893294881,112.034163292949,15.0682080764781,10.5803893294881
2021-05-01,284226,235,231996,182,52230,53,256424,188,1652160,1954,1908584,2142,-1,4220,15,9493,4473,1,"East TN",2455501,100.02032171846,0.107169253510717,87.2327072968001,9.57034837289824,10.7169253510717
2021-05-02,284401,175,232124,128,52277,47,256557,133,1653299,1139,1909856,1272,1,4221,11,9504,4477,4,"East TN",2455501,99.0836493245167,0.107100480859302,51.80205587373,7.1268551713072,10.7100480859302
2021-05-03,284614,213,232239,115,52375,98,256683,126,1654387,1088,1911070,1214,5,4226,17,9521,4481,4,"East TN",2455501,91.9160692665163,0.102706543504942,49.4400124455254,8.67440086564819,10.2706543504942
2021-05-04,284933,319,232458,219,52475,100,256928,245,1656245,1858,1913173,2103,7,4233,12,9533,4489,8,"East TN",2455501,89.187501858073,0.104090177133655,85.644436715766,12.9912388551257,10.4090177133655
2021-05-05,285397,464,232751,293,52646,171,257239,311,1659391,3146,1916630,3457,5,4238,22,9555,4494,5,"East TN",2455501,88.2915543508229,0.100064724919094,140.785933298337,18.8963474256374,10.0064724919094
2021-05-06,285681,284,232946,195,52735,89,257469,230,1661255,1864,1918724,2094,4,4242,10,9565,4500,6,"East TN",2455501,83.893266587959,0.0979179139227034,85.2779127355273,11.5658678208643,9.79179139227034
2021-05-07,286045,364,233193,247,52852,117,257738,269,1663821,2566,1921559,2835,0,4242,15,9580,4505,5,"East TN",2455501,83.6489172677999,0.0993583382946352,115.455053775177,14.823858756319,9.93583382946352
2021-05-08,286216,171,233296,103,52920,68,257851,113,1665281,1460,1923132,1573,0,4242,7,9587,4512,7,"East TN",2455501,81.0425245194362,0.0980890844102282,64.0602467683784,6.96395562453446,9.80890844102282
2021-05-09,286362,146,233411,115,52951,31,257983,132,1666685,1404,1924668,1536,3,4245,11,9598,4517,5,"East TN",2455501,79.8615028053338,0.0962732919254658,62.5534259607306,5.94583345720486,9.62732919254658
2021-05-10,286596,234,233546,135,53050,99,258128,145,1667906,1221,1926034,1366,7,4252,22,9620,4520,3,"East TN",2455501,80.7167254258907,0.0965650895482491,55.6301952228893,9.52962348620506,9.65650895482491
2021-05-11,286910,314,233774,228,53136,86,258372,244,1670091,2185,1928463,2429,1,4253,19,9639,4524,4,"East TN",2455501,80.5131009924248,0.0944408109875736,98.9207497777439,12.7876144216598,9.44408109875736
2021-05-12,287214,304,233991,217,53223,87,258621,249,1673330,3239,1931951,3488,3,4256,16,9655,4526,2,"East TN",2455501,73.9971191215153,0.0902029893610078,142.048404785826,12.3803655547279,9.02029893610078
2021-05-13,287423,209,234128,137,53295,72,258766,145,1675433,2103,1934199,2248,1,4257,8,9663,4531,5,"East TN",2455501,70.9427526195265,0.0838126009693053,91.5495452862776,8.51150131887546,8.38126009693053
2021-05-14,287724,301,234347,219,53377,82,259013,247,1677572,2139,1936585,2386,1,4258,21,9684,4536,5,"East TN",2455501,68.3770847578559,0.0848529216025556,97.169579649937,12.2581908946484,8.48529216025556
2021-05-15,287832,108,234428,81,53404,27,259115,102,1679141,1569,1938256,1671,0,4258,6,9690,4540,4,"East TN",2455501,65.8114168961853,0.0835757736048664,68.0512856643105,4.39828776286387,8.35757736048664
2021-05-16,287932,100,234502,74,53430,26,259200,85,1680268,1127,1939468,1212,3,4261,4,9694,4544,4,"East TN",2455501,63.9380721082989,0.0822297297297297,49.358562672139,4.0724886693184,8.22297297297297
2021-05-17,288130,198,234605,103,53525,95,259310,110,1681519,1251,1940829,1361,6,4267,10,9704,4551,7,"East TN",2455501,62.4719761873443,0.0798918553565394,55.4265707894234,8.06352756525043,7.98918553565394
2021-05-18,288341,211,234738,133,53603,78,259454,144,1683321,1802,1942775,1946,8,4275,23,9727,4557,6,"East TN",2455501,58.2773128579463,0.0756008943543879,79.2506295049361,8.59295109226182,7.56008943543879
2021-05-19,288559,218,234903,165,53656,53,259621,167,1685787,2466,1945408,2633,1,4276,21,9748,4560,3,"East TN",2455501,54.7749726023325,0.0743107676302296,107.228626663153,8.87802529911411,7.43107676302296
2021-05-20,288735,176,235036,133,53699,43,259775,154,1696738,10951,1956513,11105,3,4279,7,9755,4565,5,"East TN",2455501,53.4310513414574,0.0452182486331451,452.249866727808,7.16758005800038,4.52182486331451
2021-05-21,288898,163,235143,107,53755,56,259895,120,1698558,1820,1958453,1940,0,4279,10,9765,4568,3,"East TN",2455501,47.811016977798,0.0403329065300896,79.006280184777,6.63815653098899,4.03329065300896
2021-05-22,288967,69,235189,46,53778,23,259956,61,1699832,1274,1959788,1335,0,4279,12,9777,4569,1,"East TN",2455501,46.2227463967638,0.0390581460152331,54.3677237354006,2.8100171818297,3.90581460152331
2021-05-23,289041,74,235240,51,53801,23,260017,61,1700690,858,1960707,919,3,4282,5,9782,4572,3,"East TN",2455501,45.1638993427411,0.0384669711380008,37.4261708710361,3.01364161529562,3.84669711380008
2021-05-24,289201,160,235351,111,53850,49,260143,126,1702308,1618,1962451,1744,0,4282,7,9789,4576,4,"East TN",2455501,43.6163536484001,0.0385255758024235,71.0242023929129,6.51598187090944,3.85255758024235
2021-05-25,289345,144,235447,96,53898,48,260230,87,1703715,1407,1963945,1494,0,4282,9,9798,4582,6,"East TN",2455501,40.8877862399567,0.0366556447803495,60.8429807196169,5.8643836838185,3.66556447803495
2021-05-26,289531,186,235589,142,53942,44,260395,165,1705937,2222,1966332,2387,7,4289,14,9812,4587,5,"East TN",2455501,39.5845898657748,0.0369910151022749,97.2103045366302,7.57482892493222,3.69910151022749
2021-05-27,289654,123,235664,75,53990,48,260533,138,1708224,2287,1968757,2425,4,4293,11,9823,4591,4,"East TN",2455501,37.4261708710361,0.0619078732440379,98.7578502309712,5.00916106326163,6.19078732440379
2021-05-28,289770,116,235754,90,54016,26,260631,98,1709885,1661,1970516,1759,0,4293,9,9832,4594,3,"East TN",2455501,35.5121011964564,0.0610130150045594,71.6350756933107,4.72408685640934,6.10130150045594
2021-05-29,289821,51,235786,32,54035,19,260668,37,1710742,857,1971410,894,0,4293,7,9839,4597,3,"East TN",2455501,34.7790532359791,0.0612631216658062,36.4080487037065,2.07696922135238,6.12631216658062
2021-05-30,289876,55,235826,40,54050,15,260714,46,1711595,853,1972309,899,0,4293,7,9846,4602,5,"East TN",2455501,34.0052803888086,0.0600758489915532,36.6116731371724,2.23986876812512,6.00758489915532
2021-05-31,289956,80,235892,66,54064,14,260785,71,1712741,1146,1973526,1217,6,4299,4,9850,4607,5,"East TN",2455501,30.7472894533539,0.0579683972911964,49.5621871056049,3.25799093545472,5.79683972911964
2021-06-01,290087,131,235986,94,54101,37,260879,94,1713765,1024,1974644,1118,3,4302,11,9861,4610,3,"East TN",2455501,30.2178659263425,0.06065987475465,45.5304233229797,5.3349601568071,6.065987475465
2021-06-02,290206,119,236057,71,54149,48,260951,72,1715440,1675,1976391,1747,1,4303,9,9870,4614,4,"East TN",2455501,27.4892985178992,0.055273884083905,71.1463770529924,4.8462615164889,5.5273884083905
2021-06-03,290293,87,236112,55,54181,32,261070,119,1717781,2341,1978851,2460,1,4304,7,9877,4619,5,"East TN",2455501,26.0232025969446,0.053199920744997,100.183221265233,3.54306514230701,5.3199920744997
2021-06-04,290384,91,236171,59,54213,32,261148,78,1719488,1707,1980636,1785,0,4304,7,9884,4619,0,"East TN",2455501,25.005080429615,0.0510869565217391,72.6939227473334,3.70596468907974,5.10869565217391
2021-06-05,290425,41,236197,26,54228,15,261178,30,1720559,1071,1981737,1101,-1,4303,2,9886,4624,5,"East TN",2455501,24.5978315626831,0.0493851070010652,44.8381002491956,1.66972035442054,4.93851070010652
2021-06-06,290451,26,236213,16,54238,10,261197,19,1721279,720,1982476,739,-1,4302,2,9888,4627,3,"East TN",2455501,23.4168098485808,0.047506639126586,30.095691266263,1.05884705402278,4.7506639126586
2021-06-07,290524,73,236248,35,54276,38,261249,52,1722269,990,1983518,1042,3,4305,10,9898,4629,2,"East TN",2455501,23.1317356417285,0.0464371497197758,42.4353319342977,2.97291672860243,4.64371497197758
2021-06-08,290611,87,236315,67,54296,20,261319,70,1723490,1221,1984809,1291,3,4308,4,9902,4632,3,"East TN",2455501,21.3398406272284,0.0432857845548451,52.5758287209005,3.54306514230701,4.32857845548451
2021-06-09,290659,48,236353,38,54306,10,261373,54,1725496,2006,1986869,2060,0,4308,3,9905,4635,3,"East TN",2455501,18.4483736720124,0.040274861614812,83.893266587959,1.95479456127283,4.0274861614812
2021-06-10,290734,75,236410,57,54324,18,261439,66,1726864,1368,1988303,1434,4,4312,4,9909,4638,3,"East TN",2455501,17.9596750316941,0.0390393567498942,58.3994875180259,3.0543665019888,3.90393567498942
2021-06-11,290803,69,236455,45,54348,24,261493,54,1728047,1183,1989540,1237,2,4314,3,9912,4639,1,"East TN",2455501,17.0637275244441,0.0387466307277628,50.3766848394686,2.8100171818297,3.87466307277628
2021-06-12,290832,29,236477,22,54355,7,261524,31,1728958,911,1990482,942,3,4317,1,9913,4642,3,"East TN",2455501,16.5750288841259,0.0395654659805603,38.3628432649793,1.18102171410234,3.95654659805603
2021-06-13,290851,19,236491,14,54360,5,261545,21,1729659,701,1991204,722,1,4318,1,9914,4643,1,"East TN",2455501,16.2899546772736,0.03987167736022,29.4033681924788,0.773772847170496,3.987167736022
2021-06-14,290904,53,236524,33,54380,20,261586,41,1730639,980,1992225,1021,3,4321,3,9917,4645,2,"East TN",2455501,15.4754569434099,0.0387044906397152,41.5801093137409,2.15841899473875,3.87044906397152
2021-06-15,290991,87,236592,68,54399,19,261673,87,1732206,1567,1993879,1654,0,4321,4,9921,4649,4,"East TN",2455501,15.4754569434099,0.0390297684674752,67.3589625905263,3.54306514230701,3.90297684674752
2021-06-16,291059,68,236633,41,54426,27,261711,38,1733601,1395,1995312,1433,2,4323,8,9929,4652,3,"East TN",2455501,16.2899546772736,0.0400331635674523,58.3587626313327,2.76929229513651,4.00331635674523
2021-06-17,291110,51,236671,38,54439,13,261757,46,1735465,1864,1997222,1910,1,4324,1,9930,4656,4,"East TN",2455501,15.3125573966372,0.0356542213252607,77.7845335839814,2.07696922135238,3.56542213252607
2021-06-18,291172,62,236722,51,54450,11,261812,55,1736831,1366,1998643,1421,2,4326,4,9934,4658,2,"East TN",2455501,15.0274831897849,0.0350433922882566,57.8700639910145,2.52494297497741,3.50433922882566
2021-06-19,291200,28,236739,17,54461,11,261830,18,1737701,870,1999531,888,0,4326,5,9939,4660,2,"East TN",2455501,14.9867583030917,0.0338158912587026,36.1636993835474,1.14029682740915,3.38158912587026
2021-06-20,291225,25,236760,21,54465,4,261847,17,1738310,609,2000157,626,3,4329,2,9941,4663,3,"East TN",2455501,15.2311076232508,0.0337317100413269,25.4937790699332,1.0181221673296,3.37317100413269
2021-06-21,291291,66,236800,40,54491,26,261899,52,1739337,1027,2001236,1079,6,4335,2,9943,4665,2,"East TN",2455501,15.7605311502622,0.0347353234935079,43.9421527419455,2.68784252175014,3.47353234935079
2021-06-22,291384,93,236846,46,54538,47,261950,51,1740531,1194,2002481,1245,5,4340,7,9950,4669,4,"East TN",2455501,16.0048804704213,0.0322018135317368,50.7024839330141,3.78741446246611,3.22018135317368
2021-06-23,291453,69,236894,48,54559,21,262005,55,1741847,1316,2003852,1371,2,4342,5,9955,4673,4,"East TN",2455501,16.0456053571145,0.0344262295081967,55.8338196563553,2.8100171818297,3.44262295081967
2021-06-24,291536,83,236946,52,54590,31,262067,62,1743326,1479,2005393,1541,3,4345,6,9961,4674,1,"East TN",2455501,17.3488017312964,0.0379390527475217,62.7570503941965,3.38016559553427,3.79390527475217
2021-06-25,291612,76,237002,56,54610,20,262136,69,1744749,1423,2006885,1492,0,4345,3,9964,4676,2,"East TN",2455501,17.918950145001,0.0393108468818248,60.7615309462305,3.09509138868198,3.93108468818248
2021-06-26,291647,35,237020,18,54627,17,262157,21,1745616,867,2007773,888,0,4345,2,9966,4678,2,"East TN",2455501,18.2040243518532,0.0396748362048047,36.1636993835474,1.42537103426144,3.96748362048047
2021-06-27,291676,29,237040,20,54636,9,262181,24,1746184,568,2008365,592,2,4347,3,9969,4680,2,"East TN",2455501,18.366923898626,0.040692007797271,24.1091329223649,1.18102171410234,4.0692007797271
2021-06-28,291720,44,237064,24,54656,20,262206,25,1746655,471,2008861,496,4,4351,3,9972,4680,0,"East TN",2455501,17.4709763913759,0.0402622950819672,20.1995437998193,1.7918950145001,4.02622950819672
2021-06-29,291849,129,237148,84,54701,45,262300,94,1748224,1569,2010524,1663,0,4351,7,9979,4683,3,"East TN",2455501,18.9370723123306,0.0435161009573542,67.725486570765,5.25351038342074,4.35161009573542
2021-06-30,291934,85,237211,63,54723,22,262375,75,1749524,1300,2011899,1375,3,4354,4,9983,4683,0,"East TN",2455501,19.5886704994215,0.0459798682738909,55.996719203128,3.46161536892064,4.59798682738909
2021-07-01,292040,106,237264,53,54776,53,262439,64,1751501,1977,2013940,2041,1,4355,2,9985,4686,3,"East TN",2455501,20.5253428933647,0.0435240435240435,83.1194937407885,4.3168379894775,4.35240435240435
2021-07-02,292122,82,237327,63,54795,19,262513,74,1752765,1264,2015278,1338,0,4355,3,9988,4688,2,"East TN",2455501,20.7696922135238,0.0449183843679257,54.4898983954802,3.33944070884109,4.49183843679257
2021-07-03,292170,48,237363,36,54807,12,262553,40,1753612,847,2016165,887,1,4356,3,9991,4691,3,"East TN",2455501,21.2991157405352,0.0471877979027645,36.1229744968542,1.95479456127283,4.71877979027645
2021-07-04,292197,27,237384,21,54813,6,262578,25,1754120,508,2016698,533,0,4356,1,9992,4692,1,"East TN",2455501,21.2176659671489,0.047641905676227,21.7063646074671,1.09957194071597,4.76419056762271
2021-07-05,292240,43,237408,24,54832,19,262603,25,1754508,388,2017111,413,0,4356,2,9994,4693,1,"East TN",2455501,21.1769410804557,0.0481212121212121,16.819378204285,1.75117012780691,4.81212121212121
2021-07-06,292402,162,237512,104,54890,58,262714,111,1755657,1149,2018371,1260,5,4361,6,10000,4693,0,"East TN",2455501,22.5208623413308,0.0527590161845291,51.3133572334118,6.59743164429581,5.27590161845291
2021-07-07,292545,143,237594,82,54951,61,262801,87,1756802,1145,2019603,1232,4,4365,6,10006,4695,2,"East TN",2455501,24.8829057695354,0.0552959501557632,50.1730604060027,5.82365879712531,5.52959501557632
2021-07-08,292685,140,237696,102,54989,38,262918,117,1758190,1388,2021108,1505,2,4367,3,10009,4697,2,"East TN",2455501,26.2675519171037,0.0668247767857143,61.2909544732419,5.70148413704576,6.68247767857143
2021-07-09,292848,163,237817,121,55031,42,263048,130,1759529,1339,2022577,1469,0,4367,4,10013,4699,2,"East TN",2455501,29.5662677392516,0.0732977120153446,59.8248585522873,6.63815653098899,7.32977120153446
2021-07-10,292952,104,237890,73,55062,31,263122,74,1760386,857,2023508,931,0,4367,13,10026,4700,1,"East TN",2455501,31.8468613940699,0.0774887648100231,37.9148695113543,4.23538821609114,7.74887648100231
2021-07-11,293000,48,237925,35,55075,13,263165,43,1761008,622,2024173,665,2,4369,7,10033,4700,0,"East TN",2455501,32.7020840146267,0.0785284280936455,27.0820496509674,1.95479456127283,7.85284280936455
2021-07-12,293172,172,238041,116,55131,56,263289,124,1762086,1078,2025375,1202,1,4370,14,10047,4701,1,"East TN",2455501,37.9555943980475,0.0830106485963214,48.9513138052072,7.00468051122765,8.30106485963214
2021-07-13,293386,214,238178,137,55208,77,263434,145,1763397,1311,2026831,1456,4,4374,17,10064,4705,4,"East TN",2455501,40.0732885060931,0.0851063829787234,59.2954350252759,8.71512575234138,8.51063829787234
2021-07-14,293558,172,238314,136,55244,36,263576,142,1764528,1131,2028104,1273,0,4374,12,10076,4706,1,"East TN",2455501,41.2543102201954,0.0911657452064463,51.8427807604232,7.00468051122765,9.11657452064463
2021-07-15,293777,219,238463,149,55314,70,263742,166,1765960,1432,2029702,1598,0,4374,14,10090,4706,0,"East TN",2455501,44.4715762689569,0.0958808471026297,65.078368935708,8.9187501858073,9.58808471026297
2021-07-16,294006,229,238605,142,55401,87,263896,154,1767190,1230,2031086,1384,0,4374,10,10100,4710,4,"East TN",2455501,47.1594187907071,0.0996591843929956,56.3632431833666,9.32599905273914,9.96591843929956
2021-07-17,294152,146,238707,102,55445,44,264008,112,1768199,1009,2032207,1121,0,4374,5,10105,4712,2,"East TN",2455501,48.8698640318208,0.101850787446833,45.6525979830593,5.94583345720486,10.1850787446833
2021-07-18,294296,144,238828,121,55468,23,264140,132,1769094,895,2033234,1027,0,4374,6,10111,4714,2,"East TN",2455501,52.7794531543665,0.107604017216643,41.8244586339,5.8643836838185,10.7604017216643
2021-07-19,294599,303,239039,211,55560,92,264355,215,1770438,1344,2034793,1559,2,4376,14,10125,4715,1,"East TN",2455501,58.1144133111736,0.113187513272457,63.4900983546738,12.3396406680348,11.3187513272457
2021-07-20,294955,356,239276,237,55679,119,264608,253,1771791,1353,2036399,1606,2,4378,22,10147,4717,2,"East TN",2455501,63.8973472216057,0.122700668896321,65.4041680292535,14.4980596627735,12.2700668896321
2021-07-21,295355,400,239568,292,55787,108,264915,307,1773348,1557,2038263,1864,3,4381,28,10175,4721,4,"East TN",2455501,73.1826213876517,0.131804311447977,75.911188796095,16.2899546772736,13.1804311447977
2021-07-22,295830,475,239902,334,55928,141,265283,368,1775258,1910,2040541,2278,5,4386,21,10196,4724,3,"East TN",2455501,83.6081923811067,0.142171787065227,92.7712918870731,19.3443211792624,14.2171787065227
2021-07-23,296290,460,240221,319,56069,141,265616,333,1776742,1484,2042358,1817,1,4387,28,10224,4730,6,"East TN",2455501,93.0156412072322,0.152590489709013,73.9971191215153,18.7334478788646,15.2590489709013
2021-07-24,296647,357,240471,250,56176,107,265882,266,1778164,1422,2044046,1688,0,4387,21,10245,4734,4,"East TN",2455501,101.608592299494,0.158290396148323,68.7436087380946,14.5387845494667,15.8290396148323
2021-07-25,296875,228,240661,190,56214,38,266085,203,1779224,1060,2045309,1263,3,4390,17,10262,4739,5,"East TN",2455501,105.029482781722,0.161076604554865,51.4355318934914,9.28527416604595,16.1076604554865
2021-07-26,297539,664,241121,460,56418,204,266567,482,1780624,1400,2047191,1882,10,4400,36,10298,4743,4,"East TN",2455501,119.731166877961,0.178415873527988,76.6442367565723,27.0413247642742,17.8415873527988
2021-07-27,298265,726,241610,489,56655,237,267079,512,1782515,1891,2049594,2403,2,4402,28,10326,4749,6,"East TN",2455501,134.799374954439,0.187267904509284,97.8619027237211,29.5662677392516,18.7267904509284
2021-07-28,299081,816,242157,547,56924,269,267692,613,1784713,2198,2052405,2811,2,4404,37,10363,4752,3,"East TN",2455501,151.740927818804,0.196365436289068,114.47765649454,33.2315075416381,19.6365436289068
2021-07-29,299767,686,242613,456,57154,230,268185,493,1786683,1970,2054868,2463,3,4407,24,10387,4756,4,"East TN",2455501,160.333878911065,0.202554617156418,100.305395925312,27.9372722715242,20.2554617156418
2021-07-30,300763,996,243361,748,57402,248,268988,803,1787830,1147,2056818,1950,4,4411,41,10428,4761,5,"East TN",2455501,182.162418178612,0.233195020746888,79.4135290517088,40.5619871464113,23.3195020746888
2021-07-31,301296,533,243725,364,57571,169,269384,396,1789442,1612,2058826,2008,2,4413,32,10460,4771,10,"East TN",2455501,189.329998236612,0.236941813261164,81.7755724799135,21.7063646074671,23.6941813261164
2021-08-01,301822,526,244142,417,57680,109,269842,458,1791201,1759,2061043,2217,3,4416,28,10488,4775,4,"East TN",2455501,201.466014471181,0.238782254989195,90.2870737987889,21.4212904006148,23.8782254989195
2021-08-02,302669,847,244679,537,57990,310,270377,535,1793095,1894,2063472,2429,9,4425,33,10521,4784,9,"East TN",2455501,208.918668736034,0.234015109637,98.9207497777439,34.4939790291268,23.4015109637
2021-08-03,304003,1334,245645,966,58358,368,271390,1013,1796158,3063,2067548,4076,4,4429,41,10562,4794,10,"East TN",2455501,233.67939984549,0.240113623705024,165.994638161418,54.3269988487075,24.0113623705024
2021-08-04,305085,1082,246475,830,58610,252,272271,881,1799003,2845,2071274,3726,8,4437,40,10602,4800,6,"East TN",2455501,244.512219705877,0.242673167629445,151.740927818804,44.0643274020251,24.2673167629445
2021-08-05,306260,1175,247365,890,58895,285,273219,948,1802138,3135,2075357,4083,10,4447,43,10645,4807,7,"East TN",2455501,264.426689298844,0.245692810776514,166.27971236827,47.8517418644912,24.5692810776514
2021-08-06,307584,1324,248341,976,59243,348,274290,1071,1805805,3667,2080095,4738,3,4450,51,10696,4820,13,"East TN",2455501,277.784452134208,0.227778493792155,192.954513152306,53.9197499817756,22.7778493792155
2021-08-07,308298,714,248860,519,59438,195,274866,576,1808128,2323,2082994,2899,0,4450,28,10724,4829,9,"East TN",2455501,285.155656625674,0.226828864614366,118.06144652354,29.0775690989334,22.6828864614366
2021-08-08,308934,636,249311,451,59623,185,275389,523,1809801,1673,2085190,2196,5,4455,30,10754,4839,10,"East TN",2455501,289.635394161925,0.229717977388495,89.431851178232,25.901027936865,22.9717977388495
2021-08-09,310302,1368,250274,963,60028,405,276396,1007,1812634,2833,2089030,3840,13,4468,67,10821,4851,12,"East TN",2455501,310.853060129073,0.235503560528993,156.383564901827,55.7116449962757,23.5503560528993
2021-08-10,311621,1319,251121,847,60500,472,277309,913,1815279,2645,2092588,3558,6,4474,49,10870,4865,14,"East TN",2455501,310.242186828676,0.23638178913738,144.899146854349,53.7161255483097,23.638178913738
2021-08-11,313498,1877,252424,1303,61074,574,278682,1373,1819537,4258,2098219,5631,8,4482,63,10933,4885,20,"East TN",2455501,342.618471749757,0.237929114863611,229.321836969319,76.4406123231064,23.7929114863611
2021-08-12,314956,1458,253490,1066,61466,392,279840,1158,1822948,3411,2102788,4569,10,4492,45,10978,4899,14,"East TN",2455501,354.143614683928,0.24136925376399,186.072007301158,59.3768847986623,24.136925376399
2021-08-13,316597,1641,254610,1120,61987,521,281010,1170,1827310,4362,2108320,5532,11,4503,30,11008,4923,24,"East TN",2455501,367.053403765667,0.238086802480071,225.290073186694,66.8295390635149,23.8086802480071
2021-08-14,318126,1529,255698,1088,62428,441,282208,1198,1831570,4260,2113778,5458,1,4504,27,11035,4937,14,"East TN",2455501,400.244186420612,0.23850051975052,222.276431571398,62.2683517538783,23.850051975052
2021-08-15,319268,1142,256663,965,62605,177,283265,1057,1834521,2951,2117786,4008,11,4515,21,11056,4950,13,"East TN",2455501,420.850979087363,0.241624739231808,163.225345866281,46.5078206036161,24.1624739231808
2021-08-16,320697,1429,257579,916,63118,513,284224,959,1837013,2492,2121237,3451,17,4532,27,11083,4968,18,"East TN",2455501,423.335197175648,0.243052752507219,140.541583978178,58.1958630845599,24.3052752507219
2021-08-17,322426,1729,258788,1209,63638,520,285538,1314,1841021,4008,2126559,5322,10,4542,25,11108,4985,17,"East TN",2455501,440.032400719853,0.24223602484472,216.737846981125,70.4133290925151,24.223602484472
2021-08-18,324510,2084,260174,1386,64336,698,287009,1471,1845284,4263,2132293,5734,13,4555,31,11139,5000,15,"East TN",2455501,448.462452265342,0.244379879086694,233.516500298717,84.8706638685955,24.4379879086694
2021-08-19,326890,2380,261667,1493,65223,887,288574,1565,1854146,8862,2142720,10427,23,4578,43,11182,5022,22,"East TN",2455501,486.010797796458,0.21872182710608,424.63839354983,96.9252303297779,21.872182710608
2021-08-20,329337,2447,263639,1972,65698,475,290675,2101,1859709,5563,2150384,7664,4,4582,37,11219,5055,33,"East TN",2455501,518.835056471164,0.229768923545074,312.115531616562,99.6537977382213,22.9768923545074
2021-08-21,332252,2915,265609,1970,66643,945,292783,2108,1866733,7024,2159516,9132,0,4582,57,11276,5079,24,"East TN",2455501,575.279749427917,0.23120818575364,371.899665282156,118.713044710631,23.120818575364
2021-08-22,333731,1479,266947,1338,66784,141,294298,1515,1871216,4483,2165514,5998,7,4589,17,11293,5098,19,"East TN",2455501,589.00403624352,0.2311640965471,244.267870385718,60.2321074192191,23.11640965471
2021-08-23,335676,1945,268074,1127,67602,818,295481,1183,1874448,3232,2169929,4415,17,4606,37,11330,5119,21,"East TN",2455501,610.018077777203,0.231187874804896,179.800374750407,79.2099046182429,23.1187874804896
2021-08-24,337643,1967,269459,1385,68184,582,296908,1427,1877541,3093,2174449,4520,15,4621,25,11355,5157,38,"East TN",2455501,619.710600810181,0.237419085404051,184.076487853192,80.1058521254929,23.7419085404051
2021-08-25,339863,2220,270670,1211,69193,1009,298149,1241,1880850,3309,2178999,4550,17,4638,39,11394,5196,39,"East TN",2455501,625.249185400454,0.238513253115231,185.298234453987,90.4092484588685,23.8513253115231
2021-08-26,342495,2632,272487,1817,70008,815,300084,1935,1886388,5538,2186472,7473,24,4662,40,11434,5226,30,"East TN",2455501,635.511856847136,0.263073688059974,304.337078258164,107.18790177646,26.3073688059974
2021-08-27,345491,2996,274757,2270,70734,726,302447,2363,1892067,5679,2194514,8042,19,4681,44,11478,5248,22,"East TN",2455501,657.869819641694,0.266757307953773,327.509538786586,122.011760532779,26.6757307953773
2021-08-28,347630,2139,276295,1538,71335,601,304116,1669,1896706,4639,2200822,6308,1,4682,33,11511,5283,35,"East TN",2455501,626.267307567784,0.27436692006004,256.892585260605,87.1105326367206,27.436692006004
2021-08-29,349959,2329,278121,1826,71838,503,306136,2020,1902334,5628,2208470,7648,9,4691,44,11555,5314,31,"East TN",2455501,660.88346125699,0.275584318837881,311.463933429471,94.8482611084255,27.5584318837881
2021-08-30,353187,3228,280526,2405,72661,823,308731,2595,1909696,7362,2218427,9957,21,4712,71,11626,5354,40,"East TN",2455501,713.133490884345,0.27320714256258,405.497696804033,131.459934245598,27.320714256258
2021-08-31,356765,3578,282931,2405,73834,1173,311334,2603,1916613,6917,2227947,9520,7,4719,80,11706,5390,36,"East TN",2455501,778.741283347064,0.269654940371603,387.700921319112,145.713644588212,26.9654940371603
2021-09-01,358191,1426,283880,949,74311,477,312317,983,1918528,1915,2230845,2898,14,4733,31,11737,5432,42,"East TN",2455501,746.405723312676,0.273270840566292,118.020721636847,58.0736884244804,27.3270840566292
2021-09-02,360483,2292,285355,1475,75128,817,313811,1494,1922036,3508,2235847,5002,19,4752,42,11779,5462,30,"East TN",2455501,732.559261836994,0.278015189873418,203.705883239306,93.3414403007777,27.8015189873418
2021-09-03,362228,1745,286577,1222,75651,523,315098,1287,1925334,3298,2240432,4585,17,4769,31,11810,5492,30,"East TN",2455501,681.612428583821,0.275512870769633,186.723605488249,71.0649272796061,27.5512870769633
2021-09-04,365477,3249,288912,2335,76565,914,317665,2567,1931818,6484,2249483,9051,3,4772,56,11866,5522,30,"East TN",2455501,726.817052813255,0.278436530280923,368.600949460008,132.315156866155,27.8436530280923
2021-09-05,369918,4441,292156,3244,77762,1197,321140,3475,1943901,12083,2265041,15558,8,4780,58,11924,5577,55,"East TN",2455501,812.82801350926,0.265224231496703,633.597787172557,180.85922180443,26.5224231496703
2021-09-06,374790,4872,296060,3904,78730,968,325394,4254,1959527,15626,2284921,19880,11,4791,101,12025,5614,37,"East TN",2455501,879.779727232854,0.25059403855987,809.610747460498,198.411647969192,25.059403855987
2021-09-07,376852,2062,297506,1446,79346,616,326901,1507,1963941,4414,2290842,5921,34,4825,63,12088,5646,32,"East TN",2455501,818.040799005987,0.247507751013594,241.132054110342,83.9747163613454,24.7507751013594
2021-09-08,378526,1674,298681,1175,79845,499,328160,1259,1968311,4370,2296471,5629,19,4844,60,12148,5687,41,"East TN",2455501,828.140570905897,0.241413464175784,229.240387195933,68.17346032439,24.1413464175784
2021-09-09,380428,1902,299681,1000,80747,902,329231,1071,1971976,3665,2301207,4736,8,4852,54,12202,5727,40,"East TN",2455501,812.257865095555,0.235924112607099,192.873063378919,77.458734490436,23.5924112607099
2021-09-10,385878,5450,303487,3806,82391,1644,333332,4101,1984078,12102,2317410,16203,23,4875,144,12346,5763,36,"East TN",2455501,963.143570293802,0.236872872768843,659.86533908966,221.950632477853,23.6872872768843
2021-09-11,390130,4252,306567,3080,83563,1172,336624,3292,1995896,11818,2332520,15110,8,4883,119,12465,5807,44,"East TN",2455501,1003.99063164707,0.228319905584258,615.35303793401,173.162218219418,22.8319905584258
2021-09-12,391701,1571,307983,1416,83718,155,338170,1546,2001136,5240,2339306,6786,23,4906,49,12514,5851,44,"East TN",2455501,887.110206837627,0.229313943311116,276.359081099947,63.9787969949921,22.9313943311116
2021-09-13,394037,2336,309421,1438,84616,898,339661,1491,2006259,5123,2345920,6614,63,4969,83,12597,5901,50,"East TN",2455501,783.831894183712,0.233889080148855,269.354400588719,95.1333353152778,23.3889080148855
2021-09-14,396832,2795,311361,1940,85471,855,341719,2058,2012479,6220,2354198,8278,43,5012,63,12660,5945,44,"East TN",2455501,813.683236129816,0.233884714944125,337.120612046177,113.826058307449,23.3884714944125
2021-09-15,398622,1790,312556,1195,86066,595,342933,1214,2016249,3770,2359182,4984,23,5035,36,12696,5984,39,"East TN",2455501,818.407322986226,0.235572706542712,202.972835278829,72.8975471807994,23.5572706542712
2021-09-16,401238,2616,314389,1833,86849,783,344873,1940,2022901,6652,2367774,8592,23,5058,65,12761,6021,37,"East TN",2455501,847.484892085159,0.234981297039073,349.908226467837,106.536303589369,23.4981297039073
2021-09-17,403895,2657,316248,1859,87647,798,346862,1989,2030081,7180,2376943,9169,23,5081,81,12842,6076,55,"East TN",2455501,733.740283551096,0.227268909680345,373.406486089804,108.20602394379,22.7268909680345
2021-09-18,405339,1444,317419,1171,87920,273,348191,1329,2035551,5470,2383742,6799,3,5084,39,12881,6134,58,"East TN",2455501,619.384801716635,0.225820936316427,276.888504626958,58.8067363849577,22.5820936316427
2021-09-19,405981,642,317864,445,88117,197,348702,511,2037628,2077,2386330,2588,17,5101,25,12906,6177,43,"East TN",2455501,581.551381978667,0.223970738346376,105.39600676196,26.1453772570241,22.3970738346376
2021-09-20,407942,1961,319101,1237,88841,724,350056,1354,2043258,5630,2393314,6984,48,5149,70,12976,6221,44,"East TN",2455501,566.279549468724,0.219331560957083,284.422608665197,79.8615028053338,21.9331560957083
2021-09-21,409801,1859,320194,1093,89607,766,351183,1127,2047560,4302,2398743,5429,31,5180,61,13037,6269,48,"East TN",2455501,528.161055523903,0.212459310809294,221.095409857296,75.7075643626291,21.2459310809294
2021-09-22,411387,1586,321305,1111,90082,475,352397,1214,2052914,5354,2405311,6568,14,5194,44,13081,6309,40,"East TN",2455501,519.853178638494,0.205163779834811,267.481055800833,64.5896702953898,20.5163779834811
2021-09-23,413725,2338,322803,1498,90922,840,354051,1654,2059263,6349,2413314,8003,32,5226,60,13141,6347,38,"East TN",2455501,508.531660137789,0.201537110232762,325.921268205552,95.2147850886642,20.1537110232762
2021-09-24,415252,1527,323776,973,91476,554,355141,1090,2064134,4871,2419275,5961,37,5263,40,13181,6397,50,"East TN",2455501,462.512538174491,0.195573088916186,242.76104957807,62.186901980492,19.5573088916186
2021-09-25,415940,688,324256,480,91684,208,355692,551,2067144,3010,2422836,3561,2,5265,21,13202,6439,42,"East TN",2455501,431.724523834444,0.191870875326137,145.021321514428,28.0187220449106,19.1870875326137
2021-09-26,416796,856,324881,625,91915,231,356412,720,2071119,3975,2427531,4695,6,5271,26,13228,6475,36,"East TN",2455501,440.439649586785,0.187131380306303,191.203343024499,34.8605030093655,18.7131380306303
2021-09-27,418252,1456,325710,829,92542,627,357331,919,2074694,3575,2432025,4494,46,5317,45,13273,6509,34,"East TN",2455501,419.873581806727,0.187931079021467,183.017640799169,59.2954350252759,18.7931079021467
2021-09-28,419528,1276,326483,773,93045,503,358171,840,2078334,3640,2436505,4480,14,5331,34,13307,6545,36,"East TN",2455501,396.130972864601,0.185053757745882,182.447492385464,51.9649554205028,18.5053757745882
2021-09-29,421194,1666,327485,1002,93709,664,359302,1131,2083811,5477,2443113,6608,30,5361,51,13358,6590,45,"East TN",2455501,399.388963800055,0.18266229300037,269.11005126856,67.8476612308445,18.266229300037
2021-09-30,422397,1203,328241,756,94156,447,360117,815,2088478,4667,2448595,5482,11,5372,40,13398,6625,35,"East TN",2455501,353.166217403292,0.171933902100281,223.253828852035,48.9920386919003,17.1933902100281
2021-10-01,423757,1360,329205,964,94552,396,361181,1064,2093449,4971,2454630,6035,14,5386,47,13445,6654,29,"East TN",2455501,346.36516132553,0.170838636685052,245.774691193365,55.3858459027302,17.0838636685052
2021-10-02,424307,550,329553,348,94754,202,361574,393,2096117,2668,2457691,3061,11,5397,19,13464,6692,38,"East TN",2455501,340.74512696187,0.168756276000574,124.658878167836,22.3986876812512,16.8756276000574
2021-10-03,424839,532,330013,460,94826,72,362093,519,2099206,3089,2461299,3608,13,5410,15,13479,6725,33,"East TN",2455501,327.550263673279,0.168236199952618,146.935391189008,21.6656397207739,16.8236199952618
2021-10-04,426176,1337,330863,850,95313,487,363028,935,2103343,4137,2466371,5072,22,5432,29,13508,6748,23,"East TN",2455501,322.70400215679,0.165870843766377,206.556625307829,54.449173508787,16.5870843766377
2021-10-05,427435,1259,331615,752,95820,507,363838,810,2107804,4461,2471642,5271,17,5449,41,13549,6788,40,"East TN",2455501,322.011679083006,0.161282978057319,214.660877759773,51.2726323467187,16.1282978057319
2021-10-06,428366,931,332317,702,96049,229,364614,776,2112223,4419,2476837,5195,18,5467,26,13575,6823,35,"East TN",2455501,292.078887363516,0.157513936662318,211.565786371091,37.9148695113543,15.7513936662318
2021-10-07,429479,1113,333107,790,96372,323,365468,854,2117004,4781,2482472,5635,24,5491,26,13601,6854,31,"East TN",2455501,288.413647561129,0.157953773946926,229.484736516092,45.3267988895138,15.7953773946926
2021-10-08,430522,1043,333692,585,96830,458,366108,640,2121248,4244,2487356,4884,9,5500,31,13632,6875,21,"East TN",2455501,275.50385847939,0.150553077064108,198.900346609511,42.4760568209909,15.0553077064108
2021-10-09,431061,539,334044,352,97017,187,366522,414,2124046,2798,2490568,3212,4,5504,32,13664,6905,30,"East TN",2455501,275.055884725765,0.150500349788606,130.808336058507,21.9507139276262,15.0500349788606
2021-10-10,431376,315,334307,263,97069,52,366830,308,2126278,2232,2493108,2540,6,5510,16,13680,6929,24,"East TN",2455501,266.218584313344,0.148920116948034,103.441212200687,12.828339308353,14.8920116948034
2021-10-11,432587,1211,334842,535,97745,676,367373,543,2129723,3445,2497096,3988,52,5562,33,13713,6943,14,"East TN",2455501,261.087248590003,0.141415785191212,162.410848132418,49.3178377854458,14.1415785191212
2021-10-12,433515,928,335473,631,98042,297,368371,998,2133367,3644,2501738,4642,29,5591,32,13745,6977,34,"East TN",2455501,247.607311094559,0.150618022328549,189.04492402976,37.7926948512748,15.0618022328549
2021-10-13,434360,845,336022,549,98338,296,369020,649,2137230,3863,2506250,4512,25,5616,37,13782,7000,23,"East TN",2455501,244.104970838945,0.149797708496243,183.750688759646,34.4125292557405,14.9797708496243
2021-10-14,435304,944,336672,650,98632,294,369738,718,2141233,4003,2510971,4721,31,5647,32,13814,7032,32,"East TN",2455501,237.222464987797,0.149829818590126,192.262190078522,38.4442930383657,14.9829818590126
2021-10-15,436102,798,337180,508,98922,290,370307,569,2145126,3893,2515433,4462,24,5671,29,13843,7057,25,"East TN",2455501,227.244867747967,0.149553014923247,181.714444424987,32.4984595811608,14.9553014923247
2021-10-16,436407,305,337416,236,98991,69,370575,268,2147354,2228,2517929,2496,7,5678,12,13855,7072,15,"East TN",2455501,217.715244261762,0.148130550783963,101.649317186187,12.4210904414211,14.8130550783963
2021-10-17,436659,252,337626,210,99033,42,370823,248,2149017,1663,2519840,1911,7,5685,14,13869,7088,16,"East TN",2455501,215.149576400091,0.149371539727667,77.8252584706746,10.2626714466824,14.9371539727667
2021-10-18,437441,782,338088,462,99353,320,371335,512,2152197,3180,2523532,3692,23,5708,37,13906,7109,21,"East TN",2455501,197.678600008715,0.149871387501891,150.356281671235,31.8468613940699,14.9871387501891
2021-10-19,438270,829,338527,439,99743,390,371806,471,2155525,3328,2527331,3799,25,5733,23,13929,7125,16,"East TN",2455501,193.64683622609,0.134216387293401,154.713844547406,33.7609310686495,13.4216387293401
2021-10-20,439026,756,339011,484,100015,272,372340,534,2159546,4021,2531886,4555,15,5748,21,13950,7144,19,"East TN",2455501,190.022321310397,0.129505383055079,185.501858887453,30.7880143400471,12.9505383055079
2021-10-21,439652,626,339430,419,100222,207,372807,467,2163181,3635,2535988,4102,17,5765,19,13969,7161,17,"East TN",2455501,177.071807341964,0.122676579925651,167.053485215441,25.4937790699332,12.2676579925651
2021-10-22,440194,542,339771,341,100423,201,373192,385,2166285,3104,2539477,3489,6,5771,18,13987,7179,18,"East TN",2455501,166.646236348509,0.119988354683081,142.089129672519,22.0728885877057,11.9988354683081
2021-10-23,440550,356,340015,244,100535,112,373464,272,2168669,2384,2542133,2656,0,5771,15,14002,7199,20,"East TN",2455501,168.723205569861,0.119360436291522,108.165299057097,14.4980596627735,11.9360436291522
2021-10-24,440793,243,340177,162,100616,81,373660,196,2170561,1892,2544221,2088,7,5778,14,14016,7211,12,"East TN",2455501,168.356681589623,0.116361100857225,85.0335634153682,9.89614746644371,11.6361100857225
2021-10-25,441214,421,340425,248,100789,173,373930,270,2172992,2431,2546922,2701,28,5806,21,14037,7222,11,"East TN",2455501,153.654997493383,0.110944848225737,109.99791895829,17.1451772978305,11.0944848225737
2021-10-26,441737,523,340752,327,100985,196,374267,337,2175631,2639,2549898,2976,12,5818,28,14065,7233,11,"East TN",2455501,141.193182165269,0.109053042052555,121.197262798916,21.2991157405352,10.9053042052555
2021-10-27,442357,620,341146,394,101211,226,374690,423,2179829,4198,2554519,4621,10,5828,21,14086,7254,21,"East TN",2455501,135.654597574996,0.103830689700879,188.189701409203,25.2494297497741,10.3830689700879
2021-10-28,442770,413,341401,255,101369,158,374980,290,2182621,2792,2557601,3082,16,5844,15,14101,7269,15,"East TN",2455501,126.980196709348,0.100541340859668,125.514100788393,16.819378204285,10.0541340859668
2021-10-29,443227,457,341703,302,101524,155,375310,330,2186126,3505,2561436,3835,4,5848,10,14111,7286,17,"East TN",2455501,123.518581340427,0.0964524796211121,156.179940468361,18.6112732187851,9.64524796211121
2021-10-30,443489,262,341904,201,101585,61,375538,228,2188700,2574,2564238,2802,0,5848,15,14126,7301,15,"East TN",2455501,119.690441991268,0.0938249264872201,114.111132514302,10.6699203136142,9.38249264872201
2021-10-31,443660,171,342031,127,101629,44,375684,146,2190324,1624,2566008,1770,0,5848,5,14131,7312,11,"East TN",2455501,116.758250149359,0.0928994354431542,72.0830494469357,6.96395562453446,9.28994354431542
2021-11-01,444253,593,342389,358,101864,235,376071,387,2193426,3102,2569497,3489,14,5862,23,14154,7321,9,"East TN",2455501,123.762930660586,0.0948394241417497,142.089129672519,24.1498578090581,9.48394241417497
2021-11-02,444665,412,342609,220,102056,192,376297,226,2195637,2211,2571934,2437,25,5887,16,14170,7344,23,"East TN",2455501,119.242468237643,0.0921219822109276,99.2465488712894,16.7786533175918,9.21219822109276
2021-11-03,445236,571,342987,378,102249,193,376689,392,2200214,4577,2576903,4969,6,5893,13,14183,7355,11,"East TN",2455501,117.246948789677,0.0893048606147248,202.361961978431,23.2539103018081,8.93048606147248
2021-11-04,445651,415,343288,301,102363,114,377018,329,2203742,3528,2580760,3857,13,5906,9,14192,7366,11,"East TN",2455501,117.328398563063,0.0880003454380586,157.075887975611,16.9008279776714,8.80003454380586
2021-11-05,446086,435,343573,285,102513,150,377342,324,2207317,3575,2584659,3899,2,5908,13,14205,7372,6,"East TN",2455501,116.432451055813,0.0874994617405159,158.786333216724,17.715325711535,8.74994617405159
2021-11-06,446318,232,343744,171,102574,61,377530,188,2209551,2234,2587081,2422,0,5908,13,14218,7380,8,"East TN",2455501,115.210704455018,0.0872039574486714,98.6356755708916,9.44817371281869,8.72039574486714
2021-11-07,446517,199,343872,128,102645,71,377683,153,2211452,1901,2589135,2054,6,5914,8,14226,7392,12,"East TN",2455501,116.351001282427,0.0864357677173866,83.6489172677999,8.10425245194362,8.64357677173866
2021-11-08,447058,541,344218,346,102840,195,378068,385,2214964,3512,2593032,3897,25,5939,25,14251,7403,11,"East TN",2455501,114.233307174381,0.0848523475674527,158.704883443338,22.0321637010125,8.48523475674527
2021-11-09,447917,859,344828,610,103089,249,378861,793,2222213,7249,2601074,8042,10,5949,27,14278,7418,15,"East TN",2455501,132.437331526234,0.0879890185312285,327.509538786586,34.982677669445,8.79890185312285
2021-11-10,448541,624,345264,436,103277,188,379359,498,2227449,5236,2606808,5734,7,5956,28,14306,7430,12,"East TN",2455501,134.595750520973,0.0892827286406955,233.516500298717,25.4123292965468,8.92827286406955
2021-11-11,449044,503,345647,383,103397,120,379764,405,2231736,4287,2611500,4692,5,5961,10,14316,7443,13,"East TN",2455501,138.179540549973,0.0893298633702017,191.081168364419,20.4846180066715,8.93298633702017
2021-11-12,449521,477,345965,318,103556,159,380093,329,2235170,3434,2615263,3763,2,5963,23,14339,7453,10,"East TN",2455501,139.889985791087,0.0898902104300092,153.247748626451,19.4257709526488,8.98902104300092
2021-11-13,449758,237,346107,142,103651,95,380242,149,2237168,1998,2617410,2147,4,5967,11,14350,7462,9,"East TN",2455501,140.093610224553,0.0894193676019651,87.436331730266,9.65179814628461,8.94193676019651
2021-11-14,450119,361,346423,316,103696,45,380587,345,2240146,2978,2620733,3323,1,5968,14,14364,7470,8,"East TN",2455501,146.691041868849,0.0919045509209444,135.32879848145,14.7016840962394,9.19045509209444
2021-11-15,450695,576,346713,290,103982,286,380886,299,2242887,2741,2623773,3040,26,5994,20,14384,7480,10,"East TN",2455501,148.11641290311,0.0916691064051267,123.803655547279,23.457534735274,9.16691064051267
2021-11-16,451365,670,347144,431,104221,239,381346,460,2246468,3581,2627814,4041,24,6018,17,14401,7490,10,"East TN",2455501,140.419409318098,0.0929319371727749,164.569267127157,27.2856740844333,9.29319371727749
2021-11-17,452076,711,347609,465,104467,246,381853,507,2251084,4616,2632937,5123,5,6023,27,14428,7500,10,"East TN",2455501,143.962474460405,0.095449500554939,208.633594529182,28.9553944388538,9.5449500554939
2021-11-18,452699,623,348019,410,104680,213,382329,476,2255915,4831,2638244,5307,12,6035,19,14447,7509,9,"East TN",2455501,148.849460863588,0.0959093628477416,216.126973680727,25.3716044098536,9.59093628477416
2021-11-19,453311,612,348460,441,104851,171,382788,459,2260389,4474,2643177,4933,7,6042,13,14460,7517,8,"East TN",2455501,154.347320567167,0.0965465357884932,200.895866057477,24.9236306562286,9.65465357884932
2021-11-20,453631,320,348705,245,104926,75,383073,285,2263088,2699,2646161,2984,0,6042,14,14474,7525,8,"East TN",2455501,157.727486162702,0.0984661403081632,121.523061892461,13.0319637418189,9.84661403081632
2021-11-21,453894,263,348856,151,105038,112,383236,163,2264571,1483,2647807,1646,9,6051,10,14484,7536,11,"East TN",2455501,153.73644726677,0.0978429489547167,67.0331634969809,10.7106452003074,9.78429489547167
2021-11-22,454644,750,349350,494,105294,256,383747,511,2268437,3866,2652184,4377,20,6071,38,14522,7542,6,"East TN",2455501,160.822577551384,0.100700432930907,178.252829056066,30.543665019888,10.0700432930907
2021-11-23,455318,674,349818,468,105500,206,384234,487,2271737,3300,2655971,3787,21,6092,20,14542,7549,7,"East TN",2455501,160.985477098156,0.102567745143304,154.225145907088,27.448573631206,10.2567745143304
2021-11-24,456054,736,350350,532,105704,204,384807,573,2275765,4028,2660572,4601,6,6098,21,14563,7559,10,"East TN",2455501,162.003599265486,0.106893432241722,187.37520367534,29.9735166061834,10.6893432241722
2021-11-25,456338,284,350506,156,105832,128,384979,172,2277400,1635,2662379,1807,1,6099,12,14575,7568,9,"East TN",2455501,148.197862676497,0.109799047027139,73.5898702545835,11.5658678208643,10.9799047027139
2021-11-26,456568,230,350708,202,105860,28,385223,244,2279077,1677,2664300,1921,1,6100,15,14590,7572,4,"East TN",2455501,132.6409559597,0.115277186005776,78.2325073376065,9.36672393943232,11.5277186005776
2021-11-27,456847,279,350931,223,105916,56,385472,249,2280671,1594,2666143,1843,0,6100,14,14604,7583,11,"East TN",2455501,130.97123560528,0.120058052247022,75.0559661755381,11.3622433873983,12.0058052247022
2021-11-28,457161,314,351141,210,106020,104,385687,215,2282181,1510,2667868,1725,7,6107,20,14624,7594,11,"East TN",2455501,133.048204826632,0.122177359054883,70.2504295457424,12.7876144216598,12.2177359054883
2021-11-29,458253,1092,351853,712,106400,380,386422,735,2286728,4547,2673150,5282,19,6126,36,14660,7602,8,"East TN",2455501,146.976116075701,0.127587522655728,215.108851513398,44.4715762689569,12.7587522655728
2021-11-30,459091,838,352362,509,106729,329,386929,507,2290095,3367,2677024,3874,64,6190,26,14686,7614,12,"East TN",2455501,153.654997493383,0.128010259820453,157.768211049395,34.1274550488882,12.8010259820453
2021-12-01,460168,1077,353131,769,107037,308,387735,806,2295264,5169,2682999,5975,48,6238,33,14719,7635,21,"East TN",2455501,167.542183855759,0.130556918000624,243.331197991774,43.8607029685592,13.0556918000624
2021-12-02,461067,899,353751,620,107316,279,388397,662,2299925,4661,2688322,5323,39,6277,18,14737,7652,17,"East TN",2455501,192.587989172067,0.131750375823922,216.778571867818,36.6116731371724,13.1750375823922
2021-12-03,462083,1016,354484,733,107599,283,389177,780,2304901,4976,2694078,5756,21,6298,26,14763,7665,13,"East TN",2455501,224.59775011291,0.132782591174693,234.412447805967,41.3764848802749,13.2782591174693
2021-12-04,462504,421,354816,332,107688,89,389556,379,2307653,2752,2697209,3131,3,6301,29,14792,7677,12,"East TN",2455501,230.380684023342,0.131462048541814,127.509620236359,17.1451772978305,13.1462048541814
2021-12-05,462889,385,355032,216,107857,169,389787,231,2309584,1931,2699371,2162,12,6313,15,14807,7685,8,"East TN",2455501,233.272150978558,0.130146335269657,88.0472050306638,15.6790813768758,13.0146335269657
2021-12-06,463836,947,355674,642,108162,305,390472,685,2313768,4184,2704240,4869,69,6382,32,14839,7699,14,"East TN",2455501,227.367042408046,0.130266966870376,198.289473309113,38.5664676984452,13.0266966870376
2021-12-07,464676,840,356205,531,108471,309,391011,539,2317243,3475,2708254,4014,8,6390,28,14867,7704,5,"East TN",2455501,227.448492181433,0.130707652897855,163.469695186441,34.2089048222746,13.0707652897855
2021-12-08,465720,1044,356841,636,108879,408,391667,656,2321844,4601,2713511,5257,4,6394,29,14896,7721,17,"East TN",2455501,226.104570920558,0.128867330886209,214.090729346068,42.5167817076841,12.8867330886209
2021-12-09,466634,914,357457,616,109177,298,392330,663,2326756,4912,2719086,5575,19,6413,32,14928,7735,14,"East TN",2455501,226.715444220955,0.127844233519698,227.041243314501,37.2225464375702,12.7844233519698
2021-12-10,467430,796,358005,548,109425,248,392931,601,2331251,4495,2724182,5096,5,6418,22,14950,7749,14,"East TN",2455501,217.755969148455,0.124701036407122,207.534022588466,32.4170098077745,12.4701036407122
2021-12-11,467825,395,358290,285,109535,110,393255,324,2334171,2920,2727426,3244,0,6418,19,14969,7758,9,"East TN",2455501,216.697122094432,0.12241453486448,132.111532432689,16.0863302438077,12.241453486448
2021-12-12,468256,431,358553,263,109703,168,393549,294,2336688,2517,2730237,2811,9,6427,18,14987,7765,7,"East TN",2455501,218.570466882319,0.121881682109765,114.47765649454,17.5524261647623,12.1881682109765
2021-12-13,469132,876,359124,571,110008,305,394149,600,2341284,4596,2735433,5196,23,6450,24,15011,7774,9,"East TN",2455501,215.678999927102,0.117879011316642,211.606511257784,35.6750007432292,11.7879011316642
2021-12-14,469890,758,359581,457,110309,301,394633,484,2345301,4017,2739934,4501,36,6486,24,15035,7782,8,"East TN",2455501,212.339559218261,0.114330808080808,183.302715006021,30.8694641134335,11.4330808080808
2021-12-15,470756,866,360168,587,110588,279,395258,625,2350103,4802,2745361,5427,19,6505,23,15058,7797,15,"East TN",2455501,205.090529386875,0.112747252747253,221.01396008391,35.2677518762973,11.2747252747253
2021-12-16,471544,788,360676,508,110868,280,395798,540,2353923,3820,2749721,4360,19,6524,22,15080,7814,17,"East TN",2455501,199.959193663533,0.113203851803493,177.560505982282,32.091210714229,11.3203851803493
2021-12-17,472351,807,361209,533,111142,274,396381,583,2358540,4617,2754921,5200,24,6548,34,15114,7828,14,"East TN",2455501,200.407167417158,0.112235271153909,211.769410804557,32.8649835613995,11.2235271153909
2021-12-18,472920,569,361590,381,111330,188,396807,426,2361884,3344,2758691,3770,0,6548,29,15143,7841,13,"East TN",2455501,207.493297701772,0.113609467455621,153.532822833304,23.1724605284217,11.3609467455621
2021-12-19,473339,419,361869,279,111470,140,397116,309,2364545,2661,2761661,2970,6,6554,16,15159,7850,9,"East TN",2455501,207.004599061454,0.113511965376782,120.952913478756,17.0637275244441,11.3511965376782
2021-12-20,474271,932,362491,622,111780,310,397754,638,2368484,3939,2766238,4577,40,6594,31,15190,7862,12,"East TN",2455501,209.285192716273,0.117026456744035,186.397806394703,37.9555943980475,11.7026456744035
2021-12-21,475281,1010,363147,656,112134,354,398423,669,2372867,4383,2771290,5052,30,6624,29,15219,7872,10,"East TN",2455501,219.547864162955,0.12087000892971,205.742127573966,41.1321355601158,12.087000892971
2021-12-22,476766,1485,363878,731,112888,754,399171,748,2377196,4329,2776367,5077,852,7476,40,15259,7888,16,"East TN",2455501,244.756569026036,0.126201380377991,206.760249741295,60.4764567393782,12.6201380377991
2021-12-23,477931,1165,364683,805,113248,360,400034,863,2381679,4483,2781713,5346,27,7503,35,15294,7905,17,"East TN",2455501,260.109851309366,0.132408102025506,217.715244261762,47.4444929975594,13.2408102025506
2021-12-24,478869,938,365333,650,113536,288,400742,708,2385512,3833,2786254,4541,0,7503,18,15312,7927,22,"East TN",2455501,265.444811466173,0.139182331726933,184.931710473749,38.1999437182066,13.9182331726933
2021-12-25,479349,480,365616,283,113733,197,401075,333,2387631,2119,2788706,2452,8,7511,19,15331,7935,8,"East TN",2455501,261.82029655048,0.142195568882226,99.8574221716871,19.5479456127283,14.2195568882226
2021-12-26,479692,343,365893,277,113799,66,401395,320,2389506,1875,2790901,2195,62,7573,19,15350,7952,17,"East TN",2455501,258.725205161798,0.146340629274966,89.3911262915389,13.9686361357621,14.6340629274966
2021-12-27,481567,1875,367155,1262,114412,613,402706,1311,2394228,4722,2796934,6033,64,7637,36,15386,7971,19,"East TN",2455501,297.12877331347,0.161323951003388,245.693241419979,76.35916254972,16.1323951003388
2021-12-28,483990,2423,368598,1443,115392,980,404191,1485,2398602,4374,2802793,5859,18,7655,27,15413,7984,13,"East TN",2455501,354.673038210939,0.183093673618386,238.607111135365,98.6764004575848,18.3093673618386
2021-12-29,486873,2883,370524,1926,116349,957,406195,2004,2403891,5289,2810086,7293,37,7692,30,15443,7999,15,"East TN",2455501,411.606429808011,0.208309854977906,297.006598653391,117.409848336449,20.8309854977906
2021-12-30,489692,2819,372307,1783,117385,1036,408015,1820,2408350,4459,2816365,6279,14,7706,34,15477,8014,15,"East TN",2455501,478.965392398537,0.230318596329216,255.711563546502,114.803455588086,23.0318596329216
2021-12-31,492214,2522,374120,1813,118094,709,409961,1946,2413176,4826,2823137,6772,0,7706,25,15502,8033,19,"East TN",2455501,543.47361292054,0.24995255266654,275.788932686242,102.70816424021,24.995255266654
2022-01-01,493673,1459,375351,1231,118322,228,411300,1339,2416825,3649,2828125,4988,0,7706,34,15536,8041,8,"East TN",2455501,583.343276993168,0.2593926786575,203.135734825602,59.4176096853555,25.93926786575
2022-01-02,495135,1462,376313,962,118822,500,412523,1223,2419841,3016,2832364,4239,6,7712,27,15563,8061,20,"East TN",2455501,628.91442520284,0.268383860309191,172.632794692407,59.539784345435,26.8383860309191
2022-01-03,498027,2892,378496,2183,119531,709,414748,2225,2424011,4170,2838759,6395,33,7745,38,15601,8075,14,"East TN",2455501,670.331634969809,0.287913927077107,260.435650402912,117.776372316688,28.7913927077107
2022-01-04,502197,4170,380952,2456,121245,1714,417138,2390,2429248,5237,2846386,7627,14,7759,43,15644,8093,18,"East TN",2455501,741.478012022801,0.296997224325006,310.608710808914,169.822777510577,29.6997224325006
2022-01-05,507125,4928,384358,3406,122767,1522,420635,3497,2434482,5234,2855117,8731,15,7774,44,15688,8118,25,"East TN",2455501,824.760405310362,0.320667984277498,355.56898571819,200.692241624011,32.0667984277498
2022-01-06,512269,5144,387820,3462,124449,1682,424275,3640,2440088,5606,2864363,9246,11,7785,43,15731,8138,20,"East TN",2455501,919.445766872015,0.338764115171465,376.542302365179,209.488817149738,33.8764115171466
2022-01-07,516630,4361,391039,3219,125591,1142,427551,3276,2444772,4684,2872323,7960,12,7797,40,15771,8160,22,"East TN",2455501,994.33883350078,0.357622087585898,324.170098077745,177.601230868975,35.7622087585898
2022-01-08,519769,3139,393459,2420,126310,719,430153,2602,2449534,4762,2879687,7364,1,7798,43,15814,8180,20,"East TN",2455501,1062.75664314533,0.365637484969551,299.898065608607,127.835419329905,36.5637484969551
2022-01-09,523270,3501,396141,2682,127129,819,433051,2898,2454535,5001,2887586,7899,15,7813,42,15856,8197,17,"East TN",2455501,1145.79468711273,0.371735902357756,321.68587998946,142.577828312837,37.1735902357756
2022-01-10,527906,4636,399211,3070,128695,1566,436288,3237,2459313,4778,2895601,8015,29,7842,63,15919,8230,33,"East TN",2455501,1216.81888950564,0.378945146194715,326.40996684587,188.800574709601,37.8945146194715
2022-01-11,533503,5597,403247,4036,130256,1561,440420,4132,2464502,5189,2904922,9321,30,7872,50,15969,8255,25,"East TN",2455501,1274.93330281682,0.397738144048107,379.596668867168,227.937190821751,39.7738144048107
2022-01-12,539185,5682,407224,3977,131961,1705,444584,4164,2469271,4769,2913855,8933,16,7888,32,16001,8277,22,"East TN",2455501,1305.63986738348,0.407725833361708,363.795412830213,231.398806190671,40.7725833361708
2022-01-13,546507,7322,412469,5245,134038,2077,450059,5475,2476196,6925,2926255,12400,65,7953,50,16051,8293,16,"East TN",2455501,1394.33867060123,0.416596652232922,504.988594995482,298.187620367493,41.6596652232922
2022-01-14,552999,6492,417245,4776,135754,1716,454988,4929,2482075,5879,2937063,10808,68,8021,39,16090,8326,33,"East TN",2455501,1481.12340414441,0.423802903923386,440.154575379933,264.38596441215,42.3802903923386
2022-01-15,557536,4537,420628,3383,136908,1154,458598,3610,2487162,5087,2945760,8697,9,8030,38,16128,8341,15,"East TN",2455501,1538.05679574148,0.430508679793562,354.184339570621,184.768810926976,43.0508679793562
2022-01-16,561388,3852,423943,3315,137445,537,462088,3490,2491809,4647,2953897,8137,7,8037,40,16168,8359,18,"East TN",2455501,1552.35123097079,0.437891149281416,331.378403022438,156.872263542145,43.7891149281416
2022-01-17,566018,4630,427269,3326,138749,1304,465557,3469,2496544,4735,2962101,8204,15,8052,43,16211,8383,24,"East TN",2455501,1552.10688165063,0.440135338345865,334.106970430882,188.556225389442,44.0135338345865
2022-01-18,571970,5952,430943,3674,141027,2278,469293,3736,2500005,3461,2969298,7197,49,8101,48,16259,8415,32,"East TN",2455501,1566.56421642671,0.448505654281099,293.097009530845,242.394525597831,44.8505654281099
2022-01-19,580267,8297,436942,5999,143325,2298,475465,6172,2505852,5847,2981317,12019,22,8123,53,16312,8447,32,"East TN",2455501,1673.05979512939,0.45775399484154,489.472413165378,337.894384893348,45.775399484154
2022-01-20,588555,8288,443004,6062,145551,2226,481738,6273,2511568,5716,2993306,11989,44,8167,43,16355,8481,34,"East TN",2455501,1712.400035675,0.472461260831308,488.250666564583,337.527860913109,47.2461260831308
2022-01-21,595852,7297,448615,5611,147237,1686,487620,5882,2517290,5722,3004910,11604,53,8220,31,16386,8512,31,"East TN",2455501,1745.18356946301,0.480964523118192,472.571585187707,297.169498200164,48.0964523118192
2022-01-22,601850,5998,453478,4863,148372,1135,492782,5162,2523376,6086,3016158,11248,0,8220,57,16443,8539,27,"East TN",2455501,1804.68262892176,0.485581976760703,458.073525524934,244.267870385718,48.5581976760703
2022-01-23,605445,3595,456452,2974,148993,621,495927,3145,2526645,3269,3022572,6414,6,8226,31,16474,8571,32,"East TN",2455501,1794.21633304161,0.492741172187841,261.209423250082,146.405967661996,49.2741172187841
2022-01-24,612126,6681,461132,4680,150994,2001,500890,4963,2532025,5380,3032915,10343,37,8263,45,16519,8606,35,"East TN",2455501,1877.74307564933,0.498955008896546,421.217503067602,272.082967997162,49.8955008896546
2022-01-25,617823,5697,465210,4078,152613,1619,505154,4264,2536678,4653,3041832,8917,30,8293,36,16555,8635,29,"East TN",2455501,1867.35822954257,0.494402624975873,363.143814643122,232.009679491069,49.4402624975873
2022-01-26,623618,5795,469631,4421,153987,1374,509830,4676,2541571,4893,3051401,9569,26,8319,37,16592,8669,34,"East TN",2455501,1765.46456303622,0.490340163232692,389.696440767078,236.000718387001,49.0340163232692
2022-01-27,630867,7249,475398,5767,155469,1482,515970,6140,2548724,7153,3064694,13293,29,8348,52,16644,8716,47,"East TN",2455501,1723.151405762,0.479520367568779,541.355918812495,295.214703638891,47.9520367568779
2022-01-28,635818,4951,479096,3698,156722,1253,519892,3922,2553563,4839,3073455,8761,38,8386,42,16686,8750,34,"East TN",2455501,1627.61082157979,0.470814793201546,356.790732318985,201.628914017954,47.0814793201546
2022-01-29,639880,4062,482363,3267,157517,795,523435,3543,2558992,5429,3082427,8972,5,8391,32,16718,8788,38,"East TN",2455501,1548.76744094179,0.462554135417767,365.383683411247,165.424489747713,46.2554135417767
2022-01-30,641944,2064,483871,1508,158073,556,525030,1595,2561468,2476,3086498,4071,17,8408,24,16742,8834,46,"East TN",2455501,1486.41763941452,0.45526077026562,165.791013727952,84.0561661347318,45.526077026562
2022-01-31,645854,3910,486338,2467,159516,1443,527604,2574,2564399,2931,3092003,5505,68,8476,38,16780,8872,38,"East TN",2455501,1373.56897838771,0.452105334416464,224.190501245978,159.234306970349,45.2105334416464
2022-02-01,650810,4956,489856,3518,160954,1438,531505,3901,2569658,5259,3101163,9160,28,8504,40,16820,8904,32,"East TN",2455501,1343.39183734806,0.444135443528678,373.039962109565,201.83253845142,44.4135443528678
2022-02-02,655519,4709,493367,3511,162152,1198,535258,3753,2574557,4899,3109815,8652,21,8525,48,16868,8945,41,"East TN",2455501,1299.16461039926,0.435306604581094,352.351719669428,191.773491438203,43.5306604581094
2022-02-03,664442,8923,496043,2676,168399,6247,538083,2825,2578910,4353,3116993,7178,26,8551,41,16909,8973,28,"East TN",2455501,1367.33807072365,0.422818791946309,292.323236683675,363.388163963281,42.2818791946309
2022-02-04,667972,3530,498565,2522,169407,1008,540830,2747,2583500,4590,3124330,7337,12,8563,38,16947,9002,29,"East TN",2455501,1309.46800673264,0.41155773955774,298.798493667891,143.75885002694,41.155773955774
2022-02-05,669648,1676,499748,1183,169900,493,542166,1336,2586122,2622,3128288,3958,3,8566,26,16973,9046,44,"East TN",2455501,1212.2984270827,0.408429820544689,161.189101531622,68.2549100977764,40.8429820544689
2022-02-06,670953,1305,500694,946,170259,359,543252,1086,2588774,2652,3132026,3738,1,8567,36,17009,9078,32,"East TN",2455501,1181.38823808257,0.400237216657881,152.229626459122,53.1459771346051,40.0237216657881
2022-02-07,673760,2807,502526,1832,171234,975,545226,1974,2591659,2885,3136885,4859,50,8617,46,17055,9110,32,"East TN",2455501,1136.46868805999,0.392629561962479,197.882224442181,114.314756947767,39.2629561962479
2022-02-08,676418,2658,504231,1705,172187,953,547113,1887,2594326,2667,3141439,4554,21,8638,43,17098,9147,37,"East TN",2455501,1042.88289843906,0.387526070116198,185.46113400076,108.246748830483,38.7526070116198
2022-02-09,679318,2900,506307,2076,173011,824,549423,2310,2597997,3671,3147420,5981,26,8664,28,17126,9180,33,"East TN",2455501,969.211578411086,0.376678633160484,243.575547311933,118.102171410234,37.6678633160484
2022-02-10,681819,2501,508082,1775,173737,726,551392,1969,2601206,3209,3152598,5178,28,8692,30,17156,9218,38,"East TN",2455501,707.676356067458,0.373795815194495,210.873463297307,101.852941619653,37.3795815194495
2022-02-11,684112,2293,509805,1723,174307,570,553288,1896,2604569,3363,3157857,5259,31,8723,41,17197,9249,31,"East TN",2455501,657.29967122799,0.371581113729233,214.172179119455,93.3821651874709,37.1581113729233
2022-02-12,685042,930,510490,685,174552,245,554068,780,2607071,2502,3161139,3282,3,8726,17,17214,9291,42,"East TN",2455501,626.918905754874,0.362302517427171,133.65907812703,37.8741446246611,36.2302517427171
2022-02-13,685618,576,510906,416,174712,160,554552,484,2608471,1400,3163023,1884,35,8761,11,17225,9314,23,"East TN",2455501,597.230463355543,0.364551408200794,76.7256865299587,23.457534735274,36.4551408200794
2022-02-14,687857,2239,512334,1428,175523,811,556170,1618,2611478,3007,3167648,4625,146,8907,26,17251,9346,32,"East TN",2455501,574.098727713815,0.355752039788057,188.352600955976,91.183021306039,35.5752039788057
2022-02-15,689744,1887,513727,1393,176017,494,557703,1533,2614343,2865,3172046,4398,37,8944,30,17281,9376,30,"East TN",2455501,542.69984007337,0.345999281210181,179.108051676623,76.8478611900382,34.5999281210181
2022-02-16,691507,1763,514959,1232,176548,531,559072,1369,2617548,3205,3176620,4574,14,8958,20,17301,9398,22,"East TN",2455501,496.39564390322,0.330445205479452,186.275631734624,71.7979752400834,33.0445205479452
2022-02-17,693273,1766,516207,1248,177066,518,560449,1377,2621070,3522,3181519,4899,13,8971,23,17324,9422,24,"East TN",2455501,466.46285218373,0.313163445247398,199.511219909908,71.9201499001629,31.3163445247398
2022-02-18,694449,1176,516930,723,177519,453,561284,835,2624035,2965,3185319,3800,8,8979,10,17334,9450,28,"East TN",2455501,420.973153747443,0.291165974801544,154.754569434099,47.8924667511844,29.1165974801544
2022-02-19,694984,535,517273,343,177711,192,561696,412,2626136,2101,3187832,2513,1,8980,15,17349,9484,34,"East TN",2455501,404.886823503635,0.28576780429326,102.341640259971,21.7878143808534,28.576780429326
2022-02-20,695352,368,517505,232,177847,136,561968,272,2627571,1435,3189539,1707,8,8988,5,17354,9500,16,"East TN",2455501,396.416047071453,0.279680193090964,69.5173815852651,14.9867583030917,27.9680193090964
2022-02-21,696071,719,517913,408,178158,311,562413,445,2629122,1551,3191535,1996,7,8995,13,17367,9520,20,"East TN",2455501,334.514219297813,0.261355549043413,81.2868738395953,29.2811935323993,26.1355549043413
2022-02-22,697241,1170,518561,648,178680,522,563136,723,2631472,2350,3194608,3073,44,9039,23,17390,9539,19,"East TN",2455501,305.3144755388,0.240803120290754,125.147576808154,47.6481174310253,24.0803120290754
2022-02-23,698101,860,519032,471,179069,389,563668,532,2634069,2597,3197737,3129,79,9118,9,17399,9567,28,"East TN",2455501,268.539902854855,0.217644551782924,127.428170462973,35.0234025561382,21.7644551782924
2022-02-24,698956,855,519519,487,179437,368,564234,566,2636571,2502,3200805,3068,50,9168,13,17412,9588,21,"East TN",2455501,231.439531077365,0.196256351757752,124.943952374689,34.8197781226723,19.6256351757752
2022-02-25,699719,763,519972,453,179747,310,564740,506,2638948,2377,3203688,2883,5,9173,24,17436,9604,16,"East TN",2455501,214.62015287308,0.188143067123959,117.409848336449,31.0730885468994,18.8143067123959
2022-02-26,699974,255,520152,180,179822,75,564957,217,2640684,1736,3205641,1953,0,9173,6,17442,9622,18,"East TN",2455501,203.217184598988,0.183109663653209,79.5357037117883,10.3848461067619,18.3109663653209
2022-02-27,699997,23,520174,22,179823,1,564987,30,2641039,355,3206026,385,4,9177,2,17444,9643,21,"East TN",2455501,189.16709868984,0.183113968581306,15.6790813768758,0.936672393943232,18.3113968581306
2022-02-28,700861,864,520632,458,180229,406,565500,513,2643726,2687,3209226,3200,27,9204,19,17463,9664,21,"East TN",2455501,195.072207260351,0.174495506189588,130.319637418189,35.186302102911,17.4495506189588
2022-03-01,701623,762,520994,362,180629,400,565903,403,2645944,2218,3211847,2621,28,9232,17,17480,9680,16,"East TN",2455501,178.456453489532,0.160508150124717,106.739928022835,31.0323636602062,16.0508150124717
2022-03-02,702079,456,521257,263,180822,193,566213,310,2648257,2313,3214470,2623,8,9240,11,17491,9703,23,"East TN",2455501,162.003599265486,0.152094663240304,106.821377796222,18.5705483320919,15.2094663240304
2022-03-03,702434,355,521443,186,180991,169,566434,221,2650213,1956,3216647,2177,15,9255,11,17502,9719,16,"East TN",2455501,141.641155918894,0.138871354626941,88.6580783310616,14.4573347760803,13.8871354626941
2022-03-04,702770,336,521656,213,181114,123,566699,265,2652455,2242,3219154,2507,10,9265,10,17512,9729,10,"East TN",2455501,124.251629300904,0.126664942454416,102.097290939812,13.6835619289098,12.6664942454416
2022-03-05,702912,142,521758,102,181154,40,566815,116,2654167,1712,3220982,1828,0,9265,7,17519,9746,17,"East TN",2455501,119.649717104575,0.121113356365296,74.4450928751403,5.78293391043213,12.1113356365296
2022-03-06,703011,99,521817,59,181194,40,566887,72,2655378,1211,3222265,1283,2,9267,4,17523,9756,10,"East TN",2455501,122.744808493257,0.117002278465423,52.2500296273551,4.03176378262522,11.7002278465423
2022-03-07,703273,262,521989,172,181284,90,567098,211,2657082,1704,3224180,1915,13,9280,9,17532,9767,11,"East TN",2455501,98.2284267039598,0.106861040524274,77.9881580174473,10.6699203136142,10.6861040524274
2022-03-08,703535,262,522088,99,181447,163,567221,123,2658834,1752,3226055,1875,27,9307,9,17541,9783,16,"East TN",2455501,77.8659833573678,0.0927646396396396,76.35916254972,10.6699203136142,9.27646396396396
2022-03-09,703827,292,522215,127,181612,165,567370,149,2660845,2011,3228215,2160,23,9330,7,17548,9793,10,"East TN",2455501,71.1871019396856,0.0841760640232812,87.9657552572774,11.8916669144097,8.41760640232812
2022-03-10,704013,186,522314,99,181699,87,567499,129,2662941,2096,3230440,2225,75,9405,3,17551,9802,9,"East TN",2455501,64.3045960885375,0.0772130790980932,90.6128728923344,7.57482892493222,7.72130790980932
2022-03-11,704224,211,522405,91,181819,120,567603,104,2665131,2190,3232734,2294,79,9484,5,17556,9818,16,"East TN",2455501,59.2139852518895,0.0665684830633284,93.4228900741641,8.59295109226182,6.65684830633284
2022-03-12,704293,69,522440,35,181853,34,567644,41,2666416,1285,3234060,1326,0,9484,3,17559,9827,9,"East TN",2455501,56.2410685232871,0.0633888973849212,54.001199755162,2.8100171818297,6.33888973849212
2022-03-13,704384,91,522493,53,181891,38,567714,70,2668025,1609,3235739,1679,4,9488,5,17564,9833,6,"East TN",2455501,55.9152694297416,0.0613774677156004,68.3770847578559,3.70596468907974,6.13774677156004
2022-03-14,704541,157,522576,83,181965,74,567820,106,2669110,1085,3236930,1191,69,9557,3,17567,9844,11,"East TN",2455501,51.6391563269573,0.0566274509803922,48.5033400515821,6.39380721082989,5.66274509803922
2022-03-15,704727,186,522655,79,182072,107,567911,91,2670543,1433,3238454,1524,4,9561,1,17568,9852,8,"East TN",2455501,48.5440649382753,0.0556496491652553,62.0647273204124,7.57482892493222,5.56496491652553
2022-03-16,704882,155,522747,92,182135,63,568020,109,2672110,1567,3240130,1676,10,9571,5,17573,9858,6,"East TN",2455501,42.9647554613091,0.0545530843474612,68.2549100977764,6.31235743744352,5.45530843474612
2022-03-17,705022,140,522841,94,182181,46,568135,115,2673409,1299,3241544,1414,7,9578,1,17574,9867,9,"East TN",2455501,41.0914106734227,0.0572766570605187,57.5849897841622,5.70148413704576,5.72766570605187
2022-03-18,705165,143,522929,88,182236,55,568229,94,2674900,1491,3243129,1585,2,9580,1,17575,9878,11,"East TN",2455501,38.3221183782861,0.0602212602212602,64.5489454086966,5.82365879712531,6.02212602212602
2022-03-19,705238,73,522987,58,182251,15,568295,66,2676073,1173,3244368,1239,0,9580,1,17576,9883,5,"East TN",2455501,38.4850179250589,0.0631548311990687,50.458134612855,2.97291672860243,6.31548311990687
2022-03-20,705304,66,523036,49,182268,17,568353,58,2676728,655,3245081,713,3,9583,0,17576,9889,6,"East TN",2455501,37.4668957577293,0.0684007707129094,29.0368442122402,2.68784252175014,6.84007707129094
2022-03-21,705401,97,523102,66,182299,31,568431,78,2677616,888,3246047,966,16,9599,1,17577,9895,6,"East TN",2455501,35.0234025561382,0.067017659317758,39.3402405456157,3.95031400923885,6.7017659317758
2022-03-22,705485,84,523157,55,182328,29,568494,63,2678619,1003,3247113,1066,2,9601,5,17582,9902,7,"East TN",2455501,30.8694641134335,0.0673287908534473,43.4127292149341,3.42089048222746,6.73287908534473
2022-03-23,705580,95,523230,73,182350,22,568573,79,2680062,1443,3248635,1522,11,9612,0,17582,9912,10,"East TN",2455501,28.4259709118424,0.0650205761316872,61.983277547026,3.86886423585248,6.50205761316872
2022-03-24,705683,103,523264,34,182419,69,568616,43,2681146,1084,3249762,1127,5,9617,0,17582,9920,8,"East TN",2455501,26.9191501041946,0.0585300559746897,45.8969473032184,4.19466332939795,5.85300559746897
2022-03-25,705747,64,523310,46,182437,18,568673,57,2682600,1454,3251273,1511,0,9617,2,17584,9924,4,"East TN",2455501,23.7018840554331,0.0545186640471513,61.535303793401,2.60639274836378,5.45186640471513
2022-03-26,705788,41,523343,33,182445,8,568712,39,2683597,997,3252309,1036,0,9617,1,17585,9933,9,"East TN",2455501,22.3986876812512,0.0525122780506233,42.1909826141386,1.66972035442054,5.25122780506234
2022-03-27,705809,21,523358,15,182451,6,568729,17,2684043,446,3252772,463,2,9619,3,17588,9937,4,"East TN",2455501,20.5660677800579,0.0488883110128722,18.8556225389442,0.855222620556864,4.88883110128722
2022-03-28,705922,113,523407,49,182515,64,568791,62,2685465,1422,3254256,1484,30,9649,2,17590,9943,6,"East TN",2455501,21.2176659671489,0.0438543062492386,60.435731852685,4.60191219632979,4.38543062492386
2022-03-29,706036,114,523462,55,182574,59,568851,60,2686575,1110,3255426,1170,6,9655,0,17590,9954,11,"East TN",2455501,22.4394125679444,0.0429447852760736,47.6481174310253,4.64263708302298,4.29447852760736
2022-03-30,706135,99,523520,58,182615,41,568915,64,2687955,1380,3256870,1444,6,9661,4,17594,9960,6,"East TN",2455501,22.6023121147171,0.0415300546448087,58.8067363849577,4.03176378262522,4.15300546448087
2022-03-31,706219,84,523575,55,182644,29,568982,67,2689138,1183,3258120,1250,8,9669,0,17594,9961,1,"East TN",2455501,21.8285392675466,0.0437903804737976,50.90610836648,3.42089048222746,4.37903804737976
2022-04-01,706315,96,523628,53,182687,43,569045,63,2690415,1277,3259460,1340,15,9684,0,17594,9964,3,"East TN",2455501,23.1317356417285,0.0454378893367534,54.5713481688666,3.90958912254566,4.54378893367534
2022-04-02,706401,86,523654,26,182747,60,569076,31,2691217,802,3260293,833,0,9684,1,17595,9969,5,"East TN",2455501,24.9643555429218,0.0455911823647295,33.9238306154223,3.50234025561382,4.55911823647295
2022-04-03,706425,24,523666,12,182759,12,569093,17,2691697,480,3260790,497,10,9694,0,17595,9972,3,"East TN",2455501,25.0865302030013,0.0453978548266401,20.2402686865124,0.977397280636416,4.53978548266401
2022-04-04,706515,90,523717,51,182798,39,569152,59,2692705,1008,3261857,1067,51,9745,4,17599,9974,2,"East TN",2455501,24.1498578090581,0.0474937508222602,43.4534541016273,3.66523980238656,4.74937508222602
2022-04-05,706611,96,523757,40,182854,56,569201,49,2693720,1015,3262921,1064,36,9781,1,17600,9978,4,"East TN",2455501,23.4168098485808,0.0466977985323549,43.3312794415478,3.90958912254566,4.66977985323549
2022-04-06,706710,99,523811,54,182899,45,569263,62,2694887,1167,3264150,1229,0,9781,0,17600,9983,5,"East TN",2455501,23.4168098485808,0.0478021978021978,50.0508857459231,4.03176378262522,4.78021978021978
2022-04-07,706892,182,523857,46,183035,136,569317,54,2696000,1113,3265317,1167,53,9834,1,17601,9983,0,"East TN",2455501,27.4078487445128,0.0465471724329582,47.5259427709457,7.41192937815949,4.65471724329582
2022-04-08,706961,69,523908,51,183053,18,569372,55,2697219,1219,3266591,1274,6,9840,0,17601,9985,2,"East TN",2455501,26.3082768037969,0.0458561211611275,51.8835056471164,2.8100171818297,4.58561211611275
2022-04-09,707015,54,523938,30,183077,24,569413,41,2698080,861,3267493,902,0,9840,0,17601,9988,3,"East TN",2455501,25.005080429615,0.0468055555555556,36.733847797252,2.19914388143194,4.68055555555556
2022-04-10,707080,65,523973,35,183107,30,569455,42,2698713,633,3268168,675,1,9841,1,17602,9989,1,"East TN",2455501,26.6748007840355,0.0490647872052047,27.4892985178992,2.64711763505696,4.90647872052047
2022-04-11,707184,104,524039,66,183145,38,569530,75,2699620,907,3269150,982,5,9846,2,17604,9993,4,"East TN",2455501,27.2449491977401,0.0518305224187577,39.9918387327067,4.23538821609114,5.18305224187577
2022-04-12,707275,91,524095,56,183180,35,569599,69,2700633,1013,3270232,1082,26,9872,2,17606,9997,4,"East TN",2455501,27.0413247642742,0.0544385173026946,44.0643274020251,3.70596468907974,5.44385173026946
2022-04-13,707398,123,524174,79,183224,44,569684,85,2701825,1192,3271509,1277,0,9872,1,17607,10001,4,"East TN",2455501,28.0187220449106,0.0572088598994429,52.005680307196,5.00916106326163,5.72088598994429
2022-04-14,707500,102,524221,47,183279,55,569736,52,2702859,1034,3272595,1086,3,9875,0,17607,10004,3,"East TN",2455501,24.7607311094559,0.0575707611981314,44.2272269487978,4.15393844270477,5.75707611981314
2022-04-15,707574,74,524271,50,183303,24,569797,61,2703892,1033,3273689,1094,1,9876,1,17608,10005,1,"East TN",2455501,24.9643555429218,0.059876021414483,44.5530260423433,3.01364161529562,5.9876021414483
2022-04-16,707633,59,524317,46,183316,13,569850,53,2704636,744,3274486,797,0,9876,1,17609,10006,1,"East TN",2455501,25.1679799763877,0.0624910624910625,32.4577346944676,2.40276831489786,6.24910624910625
2022-04-17,707671,38,524344,27,183327,11,569883,33,2705236,600,3275119,633,0,9876,0,17609,10008,2,"East TN",2455501,24.0684080356717,0.061573874262696,25.7788532767855,1.54754569434099,6.1573874262696
2022-04-18,707902,231,524472,128,183430,103,570021,138,2706119,883,3276140,1021,-1,9875,2,17611,10008,0,"East TN",2455501,29.2404686457061,0.0702432045779685,41.5801093137409,9.4074488261255,7.02432045779685
2022-04-19,708018,116,524534,62,183484,54,570084,63,2707077,958,3277161,1021,2,9877,2,17613,10011,3,"East TN",2455501,30.2585908130357,0.0699956703709049,41.5801093137409,4.72408685640934,6.99956703709049
2022-04-20,708158,140,524625,91,183533,49,570185,101,2708506,1429,3278691,1530,8,9885,1,17614,10013,2,"East TN",2455501,30.9509138868198,0.0697577276524645,62.3090766405715,5.70148413704576,6.97577276524645
2022-04-21,708276,118,524705,80,183571,38,570273,88,2709648,1142,3279921,1230,5,9890,1,17615,10016,3,"East TN",2455501,31.6025120739108,0.0733005733005733,50.0916106326163,4.80553662979571,7.33005733005733
2022-04-22,708398,122,524788,83,183610,39,570362,89,2710728,1080,3281090,1169,3,9893,0,17615,10019,3,"East TN",2455501,33.5573066351836,0.0763410349952709,47.6073925443321,4.96843617656845,7.63410349952709
2022-04-23,708473,75,524835,47,183638,28,570410,48,2711585,857,3281995,905,0,9893,0,17615,10020,1,"East TN",2455501,34.2089048222746,0.0745771740577973,36.8560224573315,3.0543665019888,7.45771740577973
2022-04-24,708544,71,524875,40,183669,31,570456,46,2712252,667,3282708,713,2,9895,1,17616,10025,5,"East TN",2455501,35.5528260831496,0.075504018974832,29.0368442122402,2.89146695521606,7.5504018974832
2022-04-25,708733,189,524974,99,183759,90,570554,98,2712987,735,3283541,833,0,9895,5,17621,10028,3,"East TN",2455501,33.8423808420359,0.0720172949601405,33.9238306154223,7.69700358501178,7.20172949601405
2022-04-26,708907,174,525087,113,183820,61,570675,121,2714222,1235,3284897,1356,0,9895,0,17621,10033,5,"East TN",2455501,36.2044242702406,0.0763960703205791,55.2229463559575,7.08613028461402,7.63960703205791
2022-04-27,709098,191,525186,99,183912,92,570777,102,2715417,1195,3286194,1297,0,9895,2,17623,10036,3,"East TN",2455501,38.281393491593,0.0789017726242836,52.8201780410596,7.77845335839814,7.89017726242836
2022-04-28,709250,152,525275,89,183975,63,570876,99,2716578,1161,3287454,1260,4,9899,1,17624,10041,5,"East TN",2455501,39.6660396391612,0.0800477897252091,51.3133572334118,6.19018277736397,8.00477897252091
2022-04-29,709387,137,525361,86,184026,51,570968,92,2717740,1162,3288708,1254,2,9901,0,17624,10043,2,"East TN",2455501,40.276912939559,0.0795484379102127,51.0690079132527,5.57930947696621,7.95484379102127
2022-04-30,709462,75,525417,56,184045,19,571030,62,2718470,730,3289500,792,0,9901,0,17624,10043,0,"East TN",2455501,40.276912939559,0.0826115922718188,32.2541102610017,3.0543665019888,8.26115922718188
2022-05-01,709518,56,525450,33,184068,23,571063,33,2718963,493,3290026,526,0,9901,0,17624,10046,3,"East TN",2455501,39.6660396391612,0.0829461601530473,21.4212904006148,2.2805936548183,8.29461601530473
2022-05-02,709703,185,525579,129,184124,56,571209,146,2719989,1026,3291198,1172,6,9907,2,17626,10047,1,"East TN",2455501,39.5031400923885,0.085542640720909,47.7295672044116,7.53410403823904,8.5542640720909
2022-05-03,709887,184,525687,108,184200,76,571329,120,2720936,947,3292265,1067,2,9909,1,17627,10048,1,"East TN",2455501,39.9103889593203,0.0887622149837134,43.4534541016273,7.49337915154586,8.87622149837133
2022-05-04,710150,263,525855,168,184295,95,571505,176,2722211,1275,3293716,1451,3,9912,2,17629,10048,0,"East TN",2455501,42.8425808012296,0.0967827705397501,59.09181059181,10.7106452003074,9.67827705397501
2022-05-05,710368,218,525998,143,184370,75,571656,151,2723332,1121,3294988,1272,1,9913,2,17631,10050,2,"East TN",2455501,45.5304233229797,0.103530661003451,51.80205587373,8.87802529911411,10.3530661003451
2022-05-06,710590,222,526140,142,184450,80,571809,153,2724550,1218,3296359,1371,1,9914,2,17633,10053,3,"East TN",2455501,48.9920386919003,0.109920271859888,55.8338196563553,9.04092484588685,10.9920271859888
2022-05-07,710708,118,526218,78,184490,40,571901,92,2725422,872,3297323,964,0,9914,2,17635,10054,1,"East TN",2455501,50.7432088197073,0.11133836124249,39.2587907722294,4.80553662979571,11.133836124249
2022-05-08,710818,110,526298,80,184520,30,571986,85,2726073,651,3298059,736,0,9914,1,17636,10055,1,"East TN",2455501,52.9423527011392,0.114901033237894,29.9735166061834,4.47973753625024,11.4901033237894
2022-05-09,711048,230,526428,130,184620,100,572124,138,2727055,982,3299179,1120,13,9927,2,17638,10056,1,"East TN",2455501,54.7749726023325,0.114647287307355,45.6118730963661,9.36672393943232,11.4647287307355
2022-05-10,711342,294,526598,170,184744,124,572306,182,2728566,1511,3300872,1693,9,9936,4,17642,10058,2,"East TN",2455501,59.2547101385827,0.113512257464854,68.9472331715605,11.9731166877961,11.3512257464854
2022-05-11,711623,281,526794,196,184829,85,572516,210,2729651,1085,3302167,1295,1,9937,0,17642,10059,1,"East TN",2455501,59.98775809906,0.119630812921548,52.7387282676733,11.4436931607847,11.9630812921548
2022-05-12,711858,235,526958,164,184900,71,572693,177,2730927,1276,3303620,1453,2,9939,2,17644,10060,1,"East TN",2455501,60.6800811728442,0.120134383688601,59.1732603651963,9.57034837289824,12.0134383688601
2022-05-13,712136,278,527152,194,184984,84,572899,206,2732278,1351,3305177,1557,0,9939,0,17644,10062,2,"East TN",2455501,62.9606748276625,0.123610796098889,63.4086485812875,11.3215185007052,12.3610796098889
2022-05-14,712245,109,527231,79,185014,30,572982,83,2733005,727,3305987,810,0,9939,1,17645,10066,4,"East TN",2455501,62.5941508474238,0.124769159741459,32.987158221479,4.43901264955706,12.4769159741459
2022-05-15,712429,184,527363,132,185066,52,573126,144,2733857,852,3306983,996,0,9939,3,17648,10069,3,"East TN",2455501,65.6077924627194,0.127745405647692,40.5619871464113,7.49337915154586,12.7745405647692
2022-05-16,712736,307,527557,194,185179,113,573324,198,2735216,1359,3308540,1557,2,9941,3,17651,10073,4,"East TN",2455501,68.7436087380946,0.128191432539259,63.4086485812875,12.5025402148075,12.8191432539259
2022-05-17,713147,411,527779,222,185368,189,573560,236,2736464,1248,3310024,1484,16,9957,0,17651,10076,3,"East TN",2455501,73.5084204811971,0.137019230769231,60.435731852685,16.7379284308986,13.7019230769231
2022-05-18,713510,363,528001,222,185509,141,573798,238,2737853,1389,3311651,1627,7,9964,3,17654,10077,1,"East TN",2455501,76.8478611900382,0.135175031632223,66.2593906498104,14.7831338696258,13.5175031632223
2022-05-19,713929,419,528279,278,185650,141,574088,290,2739273,1420,3313361,1710,31,9995,4,17658,10079,2,"East TN",2455501,84.341240341584,0.143209116107176,69.6395562453446,17.0637275244441,14.3209116107176
2022-05-20,714366,437,528548,269,185818,168,574369,281,2740673,1400,3315042,1681,0,9995,5,17663,10080,1,"East TN",2455501,90.8164973258003,0.149011657374557,68.4585345312423,17.7967754849214,14.9011657374557
2022-05-21,714581,215,528689,141,185892,74,574523,154,2741715,1042,3316238,1196,0,9995,4,17667,10081,1,"East TN",2455501,95.1333353152778,0.150326797385621,48.7069644850481,8.75585063903456,15.0326797385621
2022-05-22,714752,171,528822,133,185930,38,574666,143,2742730,1015,3317396,1158,5,10000,5,17672,10082,1,"East TN",2455501,94.6039117882664,0.147892058004418,47.1594187907071,6.96395562453446,14.7892058004418
2022-05-23,715135,383,529067,245,186068,138,574913,247,2743922,1192,3318835,1439,6,10006,4,17676,10085,3,"East TN",2455501,97.6990031769484,0.154346770276833,58.6031119514918,15.5976316034895,15.4346770276833
2022-05-24,715705,570,529368,301,186337,269,575227,314,2745360,1438,3320587,1752,0,10006,3,17679,10086,1,"East TN",2455501,104.174260161165,0.157815014673862,71.3500014864584,23.2131854151149,15.7815014673862
2022-05-25,716181,476,529694,326,186487,150,575580,353,2746846,1486,3322426,1839,18,10024,2,17681,10088,2,"East TN",2455501,108.776172357494,0.16538283062645,74.8930666287654,19.3850460659556,16.538283062645
2022-05-26,716673,492,529997,303,186676,189,575896,316,2748344,1498,3324240,1814,12,10036,3,17684,10094,6,"East TN",2455501,111.749089086097,0.16619174556485,73.8749444614358,20.0366442530465,16.619174556485
2022-05-27,717090,417,530267,270,186823,147,576173,277,2750294,1950,3326467,2227,4,10040,5,17689,10095,1,"East TN",2455501,110.934591352233,0.157899343544858,90.6943226657208,16.9822777510577,15.7899343544858
2022-05-28,717374,284,530485,218,186889,66,576400,227,2751354,1060,3327754,1287,0,10040,0,17689,10097,2,"East TN",2455501,113.744608534063,0.162990621743661,52.4129291741278,11.5658678208643,16.2990621743661
2022-05-29,717626,252,530634,149,186992,103,576560,160,2752242,888,3328802,1048,0,10040,2,17691,10101,4,"East TN",2455501,117.043324356211,0.166052954585306,42.6796812544568,10.2626714466824,16.6052954585306
2022-05-30,717838,212,530776,142,187062,70,576712,152,2752953,711,3329665,863,0,10040,5,17696,10101,0,"East TN",2455501,110.079368731676,0.166112650046168,35.1455772162178,8.63367597895501,16.6112650046168
2022-05-31,718356,518,531073,297,187283,221,577011,299,2753880,927,3330891,1226,2,10042,4,17700,10101,0,"East TN",2455501,107.961674623631,0.173136645962733,49.9287110858436,21.0954913070693,17.3136645962733
2022-06-01,719025,669,531468,395,187557,274,577444,433,2755238,1358,3332682,1791,1,10043,5,17705,10102,1,"East TN",2455501,115.821577755415,0.181747269890796,72.9382720674925,27.2449491977401,18.1747269890796
2022-06-02,719590,565,531856,388,187734,177,577862,418,2756771,1533,3334633,1951,0,10043,3,17708,10103,1,"East TN",2455501,118.794494484018,0.189165784662754,79.454253938402,23.009560981649,18.9165784662754
2022-06-03,720217,627,532257,401,187960,226,578287,425,2758330,1559,3336617,1984,1,10044,4,17712,10106,3,"East TN",2455501,127.346720689586,0.208275862068966,80.798175199277,25.5345039566264,20.8275862068966
2022-06-04,720524,307,532501,244,188023,63,578552,265,2759486,1156,3338038,1421,0,10044,1,17713,10108,2,"East TN",2455501,128.28339308353,0.20925709840529,57.8700639910145,12.5025402148075,20.925709840529
2022-06-05,720858,334,532732,231,188126,103,578796,244,2760480,994,3339276,1238,3,10047,3,17716,10108,0,"East TN",2455501,131.622833792371,0.213481000572847,50.4174097261618,13.6021121555235,21.3481000572847
2022-06-06,721402,544,533039,307,188363,237,579116,320,2761572,1092,3340688,1412,0,10047,4,17720,10110,2,"East TN",2455501,145.143496174508,0.218089449333212,57.5035400107758,22.1543383610921,21.8089449333212
2022-06-07,722044,642,533393,354,188651,288,579477,361,2762625,1053,3342102,1414,3,10050,6,17726,10111,1,"East TN",2455501,150.193382124463,0.21996253679422,57.5849897841622,26.1453772570241,21.996253679422
2022-06-08,722687,643,533817,424,188870,219,579936,459,2764238,1613,3344174,2072,0,10050,4,17730,10112,1,"East TN",2455501,149.13453507044,0.216846501914375,84.3819652282772,26.1861021437173,21.6846501914375
2022-06-09,723300,613,534217,400,189083,213,580360,424,2765727,1489,3346087,1913,10,10060,3,17733,10116,4,"East TN",2455501,151.089329631713,0.21808975030557,77.906708244061,24.9643555429218,21.808975030557
2022-06-10,723916,616,534581,364,189335,252,580756,396,2767415,1688,3348171,2084,1,10061,2,17735,10117,1,"East TN",2455501,150.641355878088,0.213692227799896,84.8706638685955,25.0865302030013,21.3692227799896
2022-06-11,724285,369,534883,302,189402,67,581096,340,2768509,1094,3349605,1434,0,10061,6,17741,10119,2,"East TN",2455501,153.166298853065,0.219936024898418,58.3994875180259,15.0274831897849,21.9936024898418
2022-06-12,724600,315,535038,155,189562,160,581261,165,2769071,562,3350332,727,2,10063,3,17744,10124,5,"East TN",2455501,152.392526005895,0.222955861070912,29.6069926259448,12.828339308353,22.2955861070912
2022-06-13,725183,583,535366,328,189817,255,581596,335,2769843,772,3351439,1107,5,10068,7,17751,10129,5,"East TN",2455501,153.980796586929,0.230676216165938,45.0824495693547,23.7426089421263,23.0676216165938
2022-06-14,725889,706,535753,387,190136,319,582015,419,2771129,1286,3353144,1705,3,10071,5,17756,10131,2,"East TN",2455501,156.587189335292,0.229849664915776,69.4359318118787,28.7517700053879,22.9849664915776
2022-06-15,726595,706,536214,461,190381,245,582504,489,2772571,1442,3355075,1931,11,10082,11,17767,10136,5,"East TN",2455501,159.152857196963,0.235574717915788,78.6397562045383,28.7517700053879,23.5574717915788
2022-06-16,727264,669,536647,433,190617,236,582954,450,2773874,1303,3356828,1753,6,10088,4,17771,10138,2,"East TN",2455501,161.433450851781,0.241504515408249,71.3907263731516,27.2449491977401,24.1504515408249
2022-06-17,727847,583,536996,349,190851,234,583332,378,2775111,1237,3358443,1615,7,10095,5,17776,10143,5,"East TN",2455501,160.089529590906,0.250778816199377,65.7706920094922,23.7426089421263,25.0778816199377
2022-06-18,728200,353,537275,279,190925,74,583633,301,2776085,974,3359718,1275,0,10095,6,17782,10144,1,"East TN",2455501,159.437931403815,0.250865222980322,51.9242305338096,14.375885002694,25.0865222980322
2022-06-19,728592,392,537502,227,191090,165,583878,245,2776948,863,3360826,1108,1,10096,2,17784,10145,1,"East TN",2455501,162.573747679191,0.249380598437202,45.1231744560479,15.9641555837281,24.9380598437202
2022-06-20,729239,647,537857,355,191382,292,584246,368,2777774,826,3362020,1194,1,10097,7,17791,10148,3,"East TN",2455501,165.180140427554,0.250448917871657,48.6255147116617,26.34900169049,25.0448917871657
2022-06-21,730082,843,538313,456,191769,387,584726,480,2778766,992,3363492,1472,1,10098,5,17796,10148,0,"East TN",2455501,170.75944990452,0.261982991882489,59.9470332123668,34.3310794823541,26.1982991882489
2022-06-22,731032,950,538962,649,192070,301,585412,686,2780346,1580,3365758,2266,0,10098,5,17801,10150,2,"East TN",2455501,180.696322257657,0.272208181222503,92.2825932467549,38.6886423585248,27.2208181222503
2022-06-23,731872,840,539499,537,192373,303,585969,557,2781743,1397,3367712,1954,1,10099,5,17806,10155,5,"East TN",2455501,187.660277882192,0.277012127894157,79.5764285984815,34.2089048222746,27.7012127894157
2022-06-24,732603,731,539993,494,192610,237,586499,530,2783382,1639,3369881,2169,0,10099,9,17815,10160,5,"East TN",2455501,193.687561112783,0.276884070641721,88.3322792375161,29.7698921727175,27.6884070641721
2022-06-25,733060,457,540250,257,192810,200,586784,285,2784390,1008,3371174,1293,1,10100,2,17817,10161,1,"East TN",2455501,197.922949328874,0.275052374301676,52.6572784942869,18.6112732187851,27.5052374301676
2022-06-26,733512,452,540527,277,192985,175,587070,286,2785295,905,3372365,1191,1,10101,4,17821,10162,1,"East TN",2455501,200.366442530465,0.276627090735766,48.5033400515821,18.4076487853192,27.6627090735766
2022-06-27,734265,753,540950,423,193315,330,587507,437,2786237,942,3373744,1379,8,10109,7,17828,10164,2,"East TN",2455501,204.683280519943,0.278147389969294,56.1596187499007,30.6658396799676,27.8147389969294
2022-06-28,735242,977,541539,589,193703,388,588121,614,2787547,1310,3375668,1924,3,10112,7,17835,10167,3,"East TN",2455501,210.140415336829,0.278827201051248,78.354681997686,39.7882142992408,27.8827201051248
2022-06-29,736221,979,542089,550,194132,429,588705,584,2788990,1443,3377695,2027,16,10128,5,17840,10172,5,"East TN",2455501,211.321437050932,0.275864957694563,82.549345327084,39.8696640726271,27.5864957694563
2022-06-30,737119,898,542594,505,194525,393,589248,543,2790416,1426,3379664,1969,2,10130,5,17845,10176,4,"East TN",2455501,213.683480479136,0.274347389558233,80.1873018988793,36.5709482504792,27.4347389558233
2022-07-01,737936,817,543107,513,194829,304,589776,528,2791910,1494,3381686,2022,1,10131,7,17852,10179,3,"East TN",2455501,217.18582073475,0.277594239728928,82.345720893618,33.2722324283313,27.7594239728928
2022-07-02,738424,488,543405,298,195019,190,590101,325,2792888,978,3382989,1303,0,10131,3,17855,10186,7,"East TN",2455501,218.448292222239,0.280744815911976,53.0645273612188,19.8737447062738,28.0744815911976
2022-07-03,738979,555,543740,335,195239,220,590456,355,2793826,938,3384282,1293,0,10131,3,17858,10189,3,"East TN",2455501,222.642955551637,0.284131912394059,52.6572784942869,22.6023121147171,28.4131912394059
2022-07-04,739400,421,544000,260,195400,161,590726,270,2794472,646,3385198,916,1,10132,4,17862,10193,4,"East TN",2455501,209.1222931695,0.28103719224725,37.3039962109565,17.1451772978305,28.103719224725
2022-07-05,740290,890,544572,572,195718,318,591299,573,2795309,837,3386608,1410,2,10134,7,17869,10197,4,"East TN",2455501,205.579228027193,0.290493601462523,57.4220902373894,36.2451491569338,29.0493601462523
2022-07-06,741446,1156,545296,724,196150,432,592039,740,2796647,1338,3388686,2078,14,10148,15,17884,10201,4,"East TN",2455501,212.787532971886,0.303339095623692,84.6263145484363,47.0779690173207,30.3339095623692
2022-07-07,742502,1056,545894,598,196608,458,592657,618,2798167,1520,3390824,2138,0,10148,8,17892,10212,11,"East TN",2455501,219.222065069409,0.305465949820789,87.0698077500274,43.0054803480023,30.5465949820789
2022-07-08,743571,1069,546564,670,197007,399,593370,713,2799961,1794,3393331,2507,3,10151,7,17899,10216,4,"East TN",2455501,229.484736516092,0.308630313439244,102.097290939812,43.5349038750137,30.8630313439244
2022-07-09,744191,620,546905,341,197286,279,593716,346,2800733,772,3394449,1118,0,10151,3,17902,10219,3,"East TN",2455501,234.860421559592,0.31544502617801,45.5304233229797,25.2494297497741,31.544502617801
2022-07-10,744591,400,547113,208,197478,192,593926,210,2801344,611,3395270,821,2,10153,5,17907,10226,7,"East TN",2455501,228.548064122149,0.315799053512923,33.4351319751041,16.2899546772736,31.5799053512923
2022-07-11,745776,1185,547774,661,198002,524,594621,695,2802774,1430,3397395,2125,6,10159,12,17919,10227,1,"East TN",2455501,259.661877555741,0.319340821513487,86.540384223016,48.258990731423,31.9340821513487
2022-07-12,746953,1177,548441,667,198512,510,595325,704,2804219,1445,3399544,2149,21,10180,6,17925,10232,5,"East TN",2455501,271.349920036685,0.311224489795918,87.5177815036524,47.9331916378776,31.1224489795918
2022-07-13,748252,1299,549222,781,199030,518,596141,816,2805798,1579,3401939,2395,1,10181,7,17932,10238,6,"East TN",2455501,277.17357883381,0.309514826831661,97.5361036301757,52.901627814446,30.9514826831661
2022-07-14,749352,1100,549865,643,199487,457,596812,671,2807149,1351,3403961,2022,1,10182,8,17940,10244,6,"East TN",2455501,278.96547384831,0.316282256222882,82.345720893618,44.7973753625024,31.6282256222882
2022-07-15,750409,1057,550507,642,199902,415,597473,661,2808712,1563,3406185,2224,0,10182,15,17955,10250,6,"East TN",2455501,278.476775207992,0.319200248949743,90.5721480056412,43.0462052346955,31.9200248949743
2022-07-16,750958,549,550809,302,200149,247,597787,314,2809431,719,3407218,1033,1,10183,6,17961,10260,10,"East TN",2455501,275.585308252776,0.318819014801472,42.0688079540591,22.357962794558,31.8819014801472
2022-07-17,751314,356,551068,259,200246,97,598062,275,2810006,575,3408068,850,1,10184,4,17965,10267,7,"East TN",2455501,273.793413238276,0.323175496171277,34.6161536892064,14.4980596627735,32.3175496171277
2022-07-18,752904,1590,551919,851,200985,739,598982,920,2811619,1613,3410601,2533,5,10189,10,17975,10271,4,"East TN",2455501,290.286992349016,0.330228683931546,103.156137993835,64.7525698421626,33.0228683931546
2022-07-19,754288,1384,552726,807,201562,577,599807,825,2812973,1354,3412780,2179,17,10206,17,17992,10280,9,"East TN",2455501,298.717043894505,0.338621940163191,88.7395281044479,56.3632431833666,33.8621940163191
2022-07-20,755532,1244,553468,742,202064,502,600575,768,2814460,1487,3415035,2255,14,10220,14,18006,10283,3,"East TN",2455501,296.47717512638,0.338576664630422,91.8346194931299,50.6617590463209,33.8576664630422
2022-07-21,756888,1356,554312,844,202576,512,601468,893,2816129,1669,3417597,2562,2,10222,11,18017,10293,10,"East TN",2455501,306.902746119835,0.341449105309475,104.337159707937,55.2229463559575,34.1449105309475
2022-07-22,758260,1372,555132,820,203128,552,602319,851,2817639,1510,3419958,2361,0,10222,5,18022,10299,6,"East TN",2455501,319.731085428188,0.351847818195019,96.1514574826074,55.8745445430484,35.1847818195019
2022-07-23,758774,514,555457,325,203317,189,602663,344,2818436,797,3421099,1141,0,10222,6,18028,10301,2,"East TN",2455501,318.305714393926,0.351271522224624,46.4670957169229,20.9325917602966,35.1271522224624
2022-07-24,759371,597,555884,427,203487,170,603107,444,2819316,880,3422423,1324,0,10222,8,18036,10306,5,"East TN",2455501,328.120412086983,0.351445489376524,53.9197499817756,24.3127573558308,35.1445489376524
2022-07-25,760768,1397,556656,772,204112,625,603926,819,2820554,1238,3424480,2057,3,10225,9,18045,10310,4,"East TN",2455501,320.260508955199,0.356221629800418,83.7710919278795,56.892666710378,35.6221629800418
2022-07-26,762302,1534,557675,1019,204627,515,604980,1054,2821992,1438,3426972,2492,9,10234,13,18058,10320,10,"East TN",2455501,326.369241959177,0.364501127395716,101.486417639415,62.4719761873443,36.4501127395716
2022-07-27,763463,1161,558386,711,205077,450,605726,746,2823280,1288,3429006,2034,10,10244,4,18062,10321,1,"East TN",2455501,322.989076363642,0.368692291174576,82.8344195339362,47.2815934507866,36.8692291174576
2022-07-28,764856,1393,559304,918,205552,475,606692,966,2824910,1630,3431602,2596,10,10254,6,18068,10325,4,"East TN",2455501,324.49589717129,0.373009639414495,105.721805855506,56.7297671636053,37.3009639414495
2022-07-29,766020,1164,560117,813,205903,351,607535,843,2826351,1441,3433886,2284,0,10254,14,18082,10331,6,"East TN",2455501,316.025120739108,0.374497415278576,93.0156412072322,47.4037681108662,37.4497415278576
2022-07-30,766579,559,560524,407,206055,152,607977,442,2827336,985,3435313,1427,0,10254,4,18086,10335,4,"East TN",2455501,317.857740640301,0.373856760939918,58.1144133111736,22.7652116614899,37.3856760939918
2022-07-31,767159,580,560916,392,206243,188,608405,428,2828114,778,3436519,1206,0,10254,7,18093,10341,6,"East TN",2455501,317.165417566517,0.375851305334847,49.1142133519799,23.6204342820467,37.5851305334847
2022-08-01,768166,1007,561470,554,206696,453,608997,592,2828892,778,3437889,1370,9,10263,8,18101,10344,3,"East TN",2455501,301.282711756175,0.378178835110747,55.7930947696621,41.0099609000363,37.8178835110747
2022-08-02,769678,1512,562431,961,207247,551,609996,999,2830520,1628,3440516,2627,12,10275,12,18113,10347,3,"East TN",2455501,300.386764248925,0.370348493797992,106.984277342994,61.5760286800942,37.0348493797992
2022-08-03,770835,1157,563197,766,207638,391,610799,803,2832064,1544,3442863,2347,1,10276,6,18119,10357,10,"East TN",2455501,300.223864702152,0.366096557696471,95.5813090689028,47.1186939040139,36.6096557696471
2022-08-04,772080,1245,564029,832,208051,413,611669,870,2833496,1432,3445165,2302,8,10284,10,18129,10367,10,"East TN",2455501,294.196581471561,0.366954213669542,93.7486891677096,50.7024839330141,36.6954213669542
2022-08-05,773256,1176,564787,758,208469,418,612456,787,2834993,1497,3447449,2284,6,10290,4,18133,10375,8,"East TN",2455501,294.685280111879,0.362825333628253,93.0156412072322,47.8924667511844,36.2825333628253
2022-08-06,773738,482,565120,333,208618,149,612812,356,2835637,644,3448449,1000,0,10290,3,18136,10380,5,"East TN",2455501,291.549463836504,0.368072472594397,40.724886693184,19.6293953861147,36.8072472594397
2022-08-07,774099,361,565380,260,208719,101,613082,270,2836245,608,3449327,878,3,10293,4,18140,10387,7,"East TN",2455501,282.630713650697,0.365162398500937,35.7564505166156,14.7016840962394,36.5162398500937
2022-08-08,775382,1283,566145,765,209237,518,613878,796,2837392,1147,3451270,1943,5,10298,9,18149,10393,6,"East TN",2455501,293.870782378016,0.364770943875645,79.1284548448565,52.2500296273551,36.4770943875645
2022-08-09,776901,1519,567175,1030,209726,489,614957,1079,2839082,1690,3454039,2769,19,10317,9,18158,10402,9,"East TN",2455501,294.155856584868,0.366856466760334,112.767211253426,61.8611028869465,36.6856466760334
2022-08-10,778167,1266,568020,845,210147,421,615839,882,2840600,1518,3456439,2400,14,10331,10,18168,10405,3,"East TN",2455501,298.594869234425,0.371243370654095,97.7397280636416,51.5577065535709,37.1243370654095
2022-08-11,779237,1070,568753,733,210484,337,616598,759,2841724,1124,3458322,1883,2,10333,4,18172,10411,6,"East TN",2455501,291.468014063118,0.374629474804287,76.6849616432655,43.5756287617069,37.4629474804287
2022-08-12,780544,1307,569611,858,210933,449,617487,889,2843522,1798,3461009,2687,1,10334,12,18184,10415,4,"East TN",2455501,296.802974219925,0.371017699115044,109.427770544585,53.2274269079915,37.1017699115044
2022-08-13,781105,561,570028,417,211077,144,617946,459,2844459,937,3462405,1396,0,10334,3,18187,10424,9,"East TN",2455501,300.020240268687,0.367870449985669,56.8519418236849,22.8466614348762,36.7870449985669
2022-08-14,781613,508,570420,392,211193,116,618361,415,2845198,739,3463559,1154,1,10335,4,18191,10429,5,"East TN",2455501,306.006798612585,0.37092467678471,46.9965192439343,20.6882424401375,37.092467678471
2022-08-15,783214,1601,571369,949,211845,652,619335,974,2846317,1119,3465652,2093,8,10343,10,18201,10442,13,"East TN",2455501,318.957312581017,0.379432624113475,85.2371878488341,65.2005435957876,37.9432624113475
2022-08-16,784747,1533,572377,1008,212370,525,620388,1053,2847910,1593,3468298,2646,19,10362,11,18212,10445,3,"East TN",2455501,319.527460994722,0.380882249807139,107.758050190165,62.4312513006511,38.0882249807139
2022-08-17,786074,1327,573248,871,212826,456,621304,916,2849598,1688,3470902,2604,16,10378,12,18224,10453,8,"East TN",2455501,322.011679083006,0.377860748115882,106.047604949051,54.0419246418552,37.7860748115882
2022-08-18,790874,4800,574257,1009,216617,3791,622340,1036,2851458,1860,3473798,2896,0,10378,11,18235,10458,5,"East TN",2455501,473.915506448582,0.371026104936676,117.939271863461,195.479456127283,37.1026104936676
2022-08-19,792230,1356,575082,825,217148,531,623188,848,2853201,1743,3476389,2591,2,10380,7,18242,10463,5,"East TN",2455501,475.911025896548,0.370676202860858,105.51818142204,55.2229463559575,37.0676202860858
2022-08-20,792666,436,575420,338,217246,98,623547,359,2854038,837,3477585,1196,0,10380,5,18247,10472,9,"East TN",2455501,470.8204150599,0.36897233201581,48.7069644850481,17.7560505982282,36.897233201581
2022-08-21,793330,664,575919,499,217411,165,624089,542,2855202,1164,3479291,1706,1,10381,5,18252,10478,6,"East TN",2455501,477.173497384037,0.364098652428172,69.4766566985719,27.0413247642742,36.4098652428172
2022-08-22,794900,1570,576746,827,218154,743,624934,845,2856653,1451,3481587,2296,1,10382,5,18257,10481,3,"East TN",2455501,475.911025896548,0.351364919987449,93.5043398475505,63.9380721082989,35.1364919987449
2022-08-23,796776,1876,577839,1093,218937,783,626102,1168,2858916,2263,3485018,3431,20,10402,14,18271,10483,2,"East TN",2455501,489.87966203231,0.341746411483254,139.727086244314,76.3998874364132,34.1746411483254
2022-08-24,798550,1774,578804,965,219746,809,627088,986,2860979,2063,3488067,3049,6,10408,13,18284,10489,6,"East TN",2455501,508.083686384164,0.336964753859598,124.170179527518,72.2459489937084,33.6964753859598
2022-08-25,799978,1428,579621,817,220357,611,627944,856,2862951,1972,3490895,2828,15,10423,7,18291,10494,5,"East TN",2455501,370.759368454747,0.327776802947886,115.169979568324,58.1551381978667,32.7776802947886
2022-08-26,801202,1224,580364,743,220838,481,628727,783,2864868,1917,3493595,2700,5,10428,4,18295,10498,4,"East TN",2455501,365.383683411247,0.321922585144717,109.957194071597,49.8472613124572,32.1922585144717
2022-08-27,801913,711,580742,378,221171,333,629127,400,2866027,1159,3495154,1559,0,10428,4,18299,10501,3,"East TN",2455501,376.583027251872,0.317604872218111,63.4900983546738,28.9553944388538,31.7604872218111
2022-08-28,802410,497,581054,312,221356,185,629466,339,2866836,809,3496302,1148,3,10431,8,18307,10510,9,"East TN",2455501,369.781971174111,0.316089589089413,46.7521699237752,20.2402686865124,31.6089589089413
2022-08-29,803487,1077,581580,526,221907,551,630019,553,2867867,1031,3497886,1584,3,10434,9,18316,10520,10,"East TN",2455501,349.704602034371,0.311982330204307,64.5082205220035,43.8607029685592,31.1982330204307
2022-08-30,804753,1266,582303,723,222450,543,630775,756,2869308,1441,3500083,2197,19,10453,7,18323,10525,5,"East TN",2455501,324.862421151529,0.310189180219051,89.4725760649252,51.5577065535709,31.0189180219051
2022-08-31,806053,1300,583092,789,222961,511,631604,829,2871165,1857,3502769,2686,3,10456,4,18327,10531,6,"East TN",2455501,305.55882485896,0.307169092640457,109.387045657892,52.9423527011392,30.7169092640457
2022-09-01,807091,1038,583676,584,223415,454,632228,624,2872607,1442,3504835,2066,11,10467,7,18334,10536,5,"East TN",2455501,289.676119048618,0.307317073170732,84.1376159081181,42.272432387525,30.7317073170732
2022-09-02,808067,976,584310,634,223757,342,632886,658,2874347,1740,3507233,2398,2,10469,7,18341,10541,5,"East TN",2455501,279.576347148708,0.30495673852471,97.6582782902552,39.7474894125476,30.495673852471
2022-09-03,808548,481,584570,260,223978,221,633166,280,2875275,928,3508441,1208,0,10469,1,18342,10547,6,"East TN",2455501,270.209623209276,0.30398133513961,49.1956631253663,19.5886704994215,30.398133513961
2022-09-04,808958,410,584780,210,224178,200,633381,215,2875993,718,3509374,933,0,10469,3,18345,10555,8,"East TN",2455501,266.666558066969,0.299495104039168,37.9963192847407,16.6972035442054,29.9495104039168
2022-09-05,809254,296,584918,138,224336,158,633531,150,2876522,529,3510053,679,2,10471,8,18353,10559,4,"East TN",2455501,234.860421559592,0.288649626037643,27.6521980646719,12.0545664611825,28.8649626037643
2022-09-06,810177,923,585414,496,224763,427,634034,503,2877525,1003,3511559,1506,2,10473,13,18366,10564,5,"East TN",2455501,220.89178542383,0.283983966538864,61.3316793599351,37.5890704178088,28.3983966538864
2022-09-07,811114,937,585909,495,225205,442,634565,531,2878845,1320,3513410,1851,2,10475,16,18382,10573,9,"East TN",2455501,206.108651554204,0.278263321116436,75.3817652690836,38.1592188315134,27.8263321116436
2022-09-08,812045,931,586422,513,225623,418,635097,532,2880344,1499,3515441,2031,2,10477,13,18395,10575,2,"East TN",2455501,201.751088678034,0.270507260041486,82.7122448738567,37.9148695113543,27.0507260041486
2022-09-09,812717,672,586789,367,225928,305,635494,397,2881750,1406,3517244,1803,0,10477,5,18400,10582,7,"East TN",2455501,189.370723123306,0.260513435221257,73.4269707078108,27.3671238578196,26.0513435221257
2022-09-10,813038,321,586990,201,226048,120,635711,217,2882592,842,3518303,1059,0,10477,1,18401,10587,5,"East TN",2455501,182.854741252396,0.258061245183533,43.1276550080819,13.0726886285121,25.8061245183533
2022-09-11,813304,266,587121,131,226183,135,635852,141,2883166,574,3519018,715,0,10477,9,18410,10591,4,"East TN",2455501,176.990357568578,0.256221484861054,29.1182939856266,10.8328198603869,25.6221484861053
2022-09-12,813928,624,587426,305,226502,319,636182,330,2884023,857,3520205,1187,6,10483,10,18420,10594,3,"East TN",2455501,190.348120403942,0.261130811662727,48.3404405048094,25.4123292965468,26.1130811662727
2022-09-13,814596,668,587811,385,226785,283,636587,405,2885211,1188,3521798,1593,2,10485,11,18431,10597,3,"East TN",2455501,179.96327429718,0.249340755933197,64.8747445022421,27.2042243110469,24.9340755933197
2022-09-14,815191,595,588136,325,227055,270,636935,348,2886461,1250,3523396,1598,15,10500,10,18441,10600,3,"East TN",2455501,166.035363048111,0.23733226517124,65.078368935708,24.2313075824445,23.733226517124
2022-09-15,815861,670,588526,390,227335,280,637349,414,2887808,1347,3525157,1761,20,10520,4,18445,10605,5,"East TN",2455501,155.40616762119,0.231782626595307,71.716525466697,27.2856740844333,23.1782626595307
2022-09-16,816380,519,588747,221,227633,298,637587,238,2889189,1381,3526776,1619,3,10523,4,18449,10607,2,"East TN",2455501,149.175259957133,0.219576164498531,65.9335915562649,21.1362161937625,21.9576164498531
2022-09-17,816584,204,588855,108,227729,96,637704,117,2889856,667,3527560,784,0,10523,3,18452,10613,6,"East TN",2455501,144.41044821403,0.215296532353894,31.9283111674563,8.30787688540954,21.5296532353894
2022-09-18,816784,200,588963,108,227821,92,637822,118,2890437,581,3528259,699,2,10525,5,18457,10620,7,"East TN",2455501,141.72260569228,0.213180391732496,28.4666957985356,8.1449773386368,21.3180391732496
2022-09-19,817376,592,589263,300,228113,292,638140,318,2891362,925,3529502,1243,5,10530,7,18464,10628,8,"East TN",2455501,140.419409318098,0.210605571689792,50.6210341596277,24.1091329223649,21.0605571689792
2022-09-20,817887,511,589568,305,228319,206,638459,319,2892416,1054,3530875,1373,4,10534,5,18469,10638,10,"East TN",2455501,134.025602107269,0.206235540376776,55.9152694297416,20.810417100217,20.6235540376776
2022-09-21,818470,583,589930,362,228540,221,638848,389,2893572,1156,3532420,1545,28,10562,6,18475,10642,4,"East TN",2455501,133.53690346695,0.21199024822695,62.9199499409693,23.7426089421263,21.199024822695
2022-09-22,819045,575,590329,399,228716,176,639267,419,2894888,1316,3534155,1735,13,10575,6,18481,10643,1,"East TN",2455501,129.668039231098,0.213158479662147,70.6576784126742,23.4168098485808,21.3158479662147
2022-09-23,819508,463,590629,300,228879,163,639593,326,2896018,1130,3535611,1456,11,10586,1,18482,10649,6,"East TN",2455501,127.38744557628,0.227051499717035,59.2954350252759,18.8556225389442,22.7051499717035
2022-09-24,819613,105,590710,81,228903,24,639684,91,2896693,675,3536377,766,0,10586,0,18482,10652,3,"East TN",2455501,123.355681793654,0.22456617897244,31.1952632069789,4.27611310278432,22.456617897244
2022-09-25,819814,201,590830,120,228984,81,639814,130,2897585,892,3537399,1022,0,10586,1,18483,10658,6,"East TN",2455501,123.396406680348,0.217943107221007,41.620834200434,8.18570222532998,21.7943107221007
2022-09-26,820156,342,590973,143,229183,199,639968,154,2898277,692,3538245,846,2,10588,5,18488,10665,7,"East TN",2455501,113.215185007052,0.20908155095505,34.4532541424337,13.9279112490689,20.908155095505
2022-09-27,820610,454,591228,255,229382,199,640244,276,2899399,1122,3539643,1398,3,10591,6,18494,10669,4,"East TN",2455501,110.89386646554,0.203581204379562,56.9333915970712,18.4890985587055,20.3581204379562
2022-09-28,821061,451,591443,215,229618,236,640470,226,2900719,1320,3541189,1546,16,10607,2,18496,10670,1,"East TN",2455501,105.51818142204,0.184969779906489,62.9606748276625,18.366923898626,18.4969779906489
2022-09-29,821466,405,591643,200,229823,205,640677,207,2901831,1112,3542508,1319,2,10609,3,18499,10674,4,"East TN",2455501,98.5949506841985,0.168801628157548,53.7161255483097,16.4935791107395,16.8801628157548
2022-09-30,821871,405,591876,233,229995,172,640926,249,2902980,1149,3543906,1398,18,10627,1,18500,10678,4,"East TN",2455501,96.2329072559938,0.160699216395419,56.9333915970712,16.4935791107395,16.0699216395419
2022-10-01,821979,108,591948,72,230031,36,641004,78,2903492,512,3544496,590,0,10627,0,18500,10681,3,"East TN",2455501,96.3550819160733,0.162581598719054,24.0276831489786,4.39828776286387,16.2581598719054
2022-10-02,822087,108,592024,76,230063,32,641086,82,2904196,704,3545282,786,2,10629,2,18502,10687,6,"East TN",2455501,92.5676674536072,0.161359888367373,32.0097609408426,4.39828776286387,16.1359888367373
2022-10-03,822640,553,592227,203,230413,350,641301,215,2904916,720,3546217,935,11,10640,3,18505,10691,4,"East TN",2455501,101.160618545869,0.167210235825389,38.077769058127,22.5208623413308,16.7210235825389
2022-10-04,822924,284,592383,156,230541,128,641459,158,2906379,1463,3547838,1621,2,10642,3,18508,10696,5,"East TN",2455501,94.2373878080278,0.148261134838316,66.0150413296513,11.5658678208643,14.8261134838316
2022-10-05,823310,386,592575,192,230735,194,641662,203,2907428,1049,3549090,1252,0,10642,2,18510,10699,3,"East TN",2455501,91.5902701729708,0.150866978863435,50.9875581398664,15.719806263569,15.0866978863435
2022-10-06,823777,467,592858,283,230919,184,641965,303,2908535,1107,3550500,1410,19,10661,3,18513,10700,1,"East TN",2455501,94.1152131479482,0.161161161161161,57.4220902373894,19.0185220857169,16.1161161161161
2022-10-07,824162,385,593099,241,231063,144,642221,256,2909882,1347,3552103,1603,6,10667,3,18516,10705,5,"East TN",2455501,93.3007154140845,0.15798462852263,65.281993369174,15.6790813768758,15.798462852263
2022-10-08,824280,118,593163,64,231117,54,642289,68,2910615,733,3552904,801,0,10667,3,18519,10710,5,"East TN",2455501,93.7079642810164,0.152830637488107,32.6206342412404,4.80553662979571,15.2830637488107
2022-10-09,824452,172,593270,107,231182,65,642405,116,2911432,817,3553837,933,0,10667,8,18527,10711,1,"East TN",2455501,96.3143570293802,0.154178842781999,37.9963192847407,7.00468051122765,15.4178842781999
2022-10-10,824787,335,593458,188,231329,147,642604,199,2912305,873,3554909,1072,2,10669,5,18532,10713,2,"East TN",2455501,87.436331730266,0.149907961343764,43.6570785350932,13.6428370422166,14.9907961343764
2022-10-11,825177,390,593667,209,231510,181,642828,224,2913287,982,3556115,1206,9,10678,1,18533,10719,6,"East TN",2455501,91.7531697197436,0.165398091095808,49.1142133519799,15.8827058103418,16.5398091095808
2022-10-12,825542,365,593898,231,231644,134,643072,244,2914396,1109,3557468,1353,7,10685,2,18535,10723,4,"East TN",2455501,90.8979470991867,0.168297923132012,55.100771695878,14.8645836430122,16.8297923132012
2022-10-13,825842,300,594087,189,231755,111,643271,199,2915379,983,3558650,1182,7,10692,4,18539,10726,3,"East TN",2455501,84.096891021425,0.160245398773006,48.1368160713435,12.2174660079552,16.0245398773006
2022-10-14,826080,238,594228,141,231852,97,643419,148,2916331,952,3559750,1100,0,10692,6,18545,10730,4,"East TN",2455501,78.1103326775269,0.156662743559566,44.7973753625024,9.69252303297779,15.6662743559566
2022-10-15,826194,114,594308,80,231886,34,643504,85,2917000,669,3560504,754,0,10692,0,18545,10731,1,"East TN",2455501,77.9474331307542,0.159868421052632,30.7065645666607,4.64263708302298,15.9868421052632
2022-10-16,826271,77,594362,54,231909,23,643563,59,2917537,537,3561100,596,1,10693,3,18548,10735,4,"East TN",2455501,74.0785688949017,0.15943824865758,24.2720324691377,3.13581627537517,15.943824865758
2022-10-17,826715,444,594598,236,232117,208,643811,248,2918343,806,3562154,1054,2,10695,4,18552,10741,6,"East TN",2455501,78.5175815444587,0.166597653554175,42.9240305746159,18.0818496917737,16.6597653554175
2022-10-18,827080,365,594809,211,232271,154,644030,219,2919890,1547,3563920,1766,13,10708,5,18557,10745,4,"East TN",2455501,77.4994593771291,0.154003843689942,71.9201499001629,14.8645836430122,15.4003843689942
2022-10-19,827447,367,595036,227,232411,140,644260,230,2920902,1012,3565162,1242,1,10709,5,18562,10747,2,"East TN",2455501,77.5809091505155,0.154406030673252,50.5803092729345,14.9460334163985,15.4406030673252
2022-10-20,827790,343,595225,189,232565,154,644464,204,2922095,1193,3566559,1397,11,10720,3,18565,10750,3,"East TN",2455501,79.3320792783224,0.150840814262233,56.892666710378,13.9686361357621,15.0840814262233
2022-10-21,828194,404,595466,241,232728,163,644719,255,2923423,1328,3568142,1583,1,10721,3,18568,10751,1,"East TN",2455501,86.092410469391,0.154909437559581,64.4674956353103,16.4528542240463,15.4909437559581
2022-10-22,828293,99,595532,66,232761,33,644793,74,2924057,634,3568850,708,0,10721,1,18569,10757,6,"East TN",2455501,85.4815371689932,0.15444524323029,28.8332197787743,4.03176378262522,15.444524323029
2022-10-23,828410,117,595612,80,232798,37,644875,82,2924644,587,3569519,669,0,10721,2,18571,10757,0,"East TN",2455501,87.1105326367206,0.155837985508968,27.2449491977401,4.76481174310253,15.5837985508968
2022-10-24,828934,524,595885,273,233049,251,645161,286,2925603,959,3570764,1245,1,10722,6,18577,10760,3,"East TN",2455501,90.3685235721753,0.156794425087108,50.7024839330141,21.3398406272284,15.6794425087108
2022-10-25,829479,545,596198,313,233281,232,645489,328,2927007,1404,3572496,1732,4,10726,6,18583,10763,3,"East TN",2455501,97.6990031769484,0.170125932835821,70.5355037525947,22.1950632477853,17.0125932835821
2022-10-26,830035,556,596492,294,233543,262,645794,305,2928319,1312,3574113,1617,14,10740,5,18588,10766,3,"East TN",2455501,105.39600676196,0.171377499720702,65.8521417828785,22.6430370014103,17.1377499720702
2022-10-27,830539,504,596743,251,233796,253,646052,258,2929589,1270,3575641,1528,3,10743,0,18588,10770,4,"East TN",2455501,111.952713519563,0.174851354327241,62.2276268671852,20.5253428933647,17.4851354327241
2022-10-28,830965,426,596977,234,233988,192,646306,254,2930769,1180,3577075,1434,0,10743,4,18592,10772,2,"East TN",2455501,112.848661026813,0.17765588268219,58.3994875180259,17.3488017312964,17.765588268219
2022-10-29,831066,101,597033,56,234033,45,646370,64,2931403,634,3577773,698,0,10743,2,18594,10774,2,"East TN",2455501,112.930110800199,0.176734282192088,28.4259709118424,4.11321355601158,17.6734282192088
2022-10-30,831098,32,597060,27,234038,5,646399,29,2931549,146,3577948,175,0,10743,1,18595,10774,0,"East TN",2455501,109.468495431279,0.180804365879701,7.1268551713072,1.30319637418189,18.0804365879701
2022-10-31,831821,723,597457,397,234364,326,646812,413,2933634,2085,3580446,2498,1,10744,7,18602,10777,3,"East TN",2455501,117.572747883222,0.170522619293534,101.730766959574,29.444093079172,17.0522619293534
2022-11-01,832338,517,597742,285,234596,232,647099,287,2935290,1656,3582389,1943,16,10760,4,18606,10779,2,"East TN",2455501,116.432451055813,0.16274133225513,79.1284548448565,21.0547664203761,16.274133225513
2022-11-02,832837,499,598015,273,234822,226,647382,283,2936937,1647,3584319,1930,7,10767,7,18613,10783,4,"East TN",2455501,114.111132514302,0.155594748187341,78.5990313178451,20.3217184598988,15.5594748187341
2022-11-03,833358,521,598310,295,235048,226,647684,302,2938805,1868,3586489,2170,9,10776,6,18619,10787,4,"East TN",2455501,114.803455588086,0.150442477876106,88.3730041242093,21.2176659671489,15.0442477876106
2022-11-04,833870,512,598605,295,235265,217,647992,308,2940603,1798,3588595,2106,4,10780,6,18625,10790,3,"East TN",2455501,118.3057958437,0.146354166666667,85.7666113758455,20.8511419869102,14.6354166666667
2022-11-05,834019,149,598708,103,235311,46,648101,109,2941392,789,3589493,898,0,10780,1,18626,10794,4,"East TN",2455501,120.260590404972,0.147696245733788,36.5709482504792,6.06800811728442,14.7696245733788
2022-11-06,834149,130,598783,75,235366,55,648176,75,2942145,753,3590321,828,0,10780,4,18630,10797,3,"East TN",2455501,124.251629300904,0.143619170775075,33.7202061819563,5.29423527011392,14.3619170775075
2022-11-07,834805,656,599085,302,235720,354,648483,307,2943414,1269,3591897,1576,1,10781,4,18634,10800,3,"East TN",2455501,121.523061892461,0.145926119989521,64.182421428458,26.7155256707287,14.5926119989521
2022-11-08,835328,523,599377,292,235951,231,648777,294,2945168,1754,3593945,2048,2,10783,2,18636,10800,0,"East TN",2455501,121.76741121262,0.145205953617169,83.4045679476408,21.2991157405352,14.5205953617169
2022-11-09,835855,527,599658,281,236197,246,649068,291,2947369,2201,3596437,2492,9,10792,3,18639,10801,1,"East TN",2455501,122.907708040029,0.139131869945536,101.486417639415,21.462015287308,13.9131869945536
2022-11-10,836285,430,599871,213,236414,217,649286,218,2948610,1241,3597896,1459,1,10793,12,18651,10802,1,"East TN",2455501,119.20174335095,0.140440080652231,59.4176096853555,17.5117012780691,14.0440080652231
2022-11-11,836571,286,600048,177,236523,109,649475,189,2949844,1234,3599319,1423,1,10794,0,18651,10802,0,"East TN",2455501,109.99791895829,0.138287952256621,57.9515137644008,11.6473175942506,13.8287952256621
2022-11-12,836681,110,600126,78,236555,32,649558,83,2950633,789,3600191,872,0,10794,3,18654,10802,0,"East TN",2455501,108.409648377256,0.136193681061881,35.5121011964564,4.47973753625024,13.6193681061881
2022-11-13,836795,114,600206,80,236589,34,649655,97,2951392,759,3601047,856,0,10794,6,18660,10803,1,"East TN",2455501,107.758050190165,0.137889241096401,34.8605030093655,4.64263708302298,13.7889241096401
2022-11-14,837332,537,600444,238,236888,299,649902,247,2952513,1121,3602415,1368,7,10801,6,18666,10804,1,"East TN",2455501,102.911788673676,0.134911580148317,55.7116449962757,21.8692641542398,13.4911580148317
2022-11-15,837793,461,600720,276,237073,185,650185,283,2954004,1491,3604189,1774,0,10801,5,18671,10807,3,"East TN",2455501,100.386845698699,0.137446310035143,72.2459489937084,18.7741727655578,13.7446310035143
2022-11-16,838144,351,600928,208,237216,143,650400,215,2955272,1268,3605672,1483,8,10809,4,18675,10807,0,"East TN",2455501,93.2192656406982,0.144233892799134,60.3950069659919,14.2944352293076,14.4233892799134
2022-11-17,838536,392,601138,210,237398,182,650620,220,2956592,1320,3607212,1540,-12,10797,0,18675,10808,1,"East TN",2455501,91.6717199463572,0.143194504079004,62.7163255075034,15.9641555837281,14.3194504079004
2022-11-18,838858,322,601306,168,237552,154,650795,175,2958082,1490,3608877,1665,0,10797,0,18675,10808,0,"East TN",2455501,93.1378158673118,0.138104205900816,67.8069363441514,13.1134135152052,13.8104205900816
2022-11-19,838994,136,601400,94,237594,42,650895,100,2958966,884,3609861,984,0,10797,2,18677,10808,0,"East TN",2455501,94.1966629213346,0.138262668045502,40.073288506093,5.53858459027302,13.8262668045502
2022-11-20,839098,104,601477,77,237621,27,650976,81,2959846,880,3610822,961,1,10798,3,18680,10809,1,"East TN",2455501,93.7894140544027,0.135140664961637,39.1366161121498,4.23538821609114,13.5140664961637
2022-11-21,839549,451,601699,222,237850,229,651216,240,2960965,1119,3612181,1359,1,10799,0,18680,10809,0,"East TN",2455501,90.2870737987889,0.13454843334016,55.345121016037,18.366923898626,13.454843334016
2022-11-22,839979,430,601927,228,238052,202,651448,232,2962610,1645,3614058,1877,1,10800,4,18684,10809,0,"East TN",2455501,89.0246023113002,0.1279764920458,76.4406123231064,17.5117012780691,12.79764920458
2022-11-23,840364,385,602118,191,238246,194,651652,204,2964107,1497,3615759,1701,3,10803,1,18685,10810,1,"East TN",2455501,90.4092484588685,0.124120154654506,69.273032265106,15.6790813768758,12.4120154654506
2022-11-24,840457,93,602175,57,238282,36,651718,66,2964902,795,3616620,861,0,10803,0,18685,10810,0,"East TN",2455501,78.2325073376065,0.116709183673469,35.0641274428314,3.78741446246611,11.6709183673469
2022-11-25,840591,134,602251,76,238340,58,651796,78,2965709,807,3617505,885,0,10803,0,18685,10810,0,"East TN",2455501,70.5762286392879,0.116017617060732,36.0415247234678,5.45713481688666,11.6017617060732
2022-11-26,840727,136,602314,63,238413,73,651860,64,2966467,758,3618327,822,1,10804,0,18685,10810,0,"East TN",2455501,70.5762286392879,0.113985353177416,33.4758568617972,5.53858459027302,11.3985353177416
