"DATE","TOTAL_CASES","NEW_CASES","TOTAL_CONFIRMED","NEW_CONFIRMED","TOTAL_PROBABLE","NEW_PROBABLE","POS_TESTS","NEW_POS_TESTS","NEG_TESTS","NEW_NEG_TESTS","TOTAL_TESTS","NEW_TESTS","NEW_DEATHS","TOTAL_DEATHS","NEW_ACTIVE","TOTAL_ACTIVE","NEW_INACTIVE_RECOVERED","TOTAL_INACTIVE_RECOVERED","NEW_HOSPITALIZED","TOTAL_HOSPITALIZED","TOTAL_DEATHS_BY_DOD","Region","Population","New_cases_per_100k_per_week","PositivityRate_per_week","Tests_per_100k","New_cases_per_100k","Active_cases_per_100k","PositivityPercentage_per_week"
2021-10-12,77105,136,61540,104,15565,32,67274,109,439125,821,506399,930,4,878,-88,1759,220,74468,0,1890,877,"Knox County",470313,NA,NA,197.740653564754,28.9169127793618,374.006246903658,NA
2021-10-11,76969,194,61436,136,15533,58,67165,150,438304,581,505469,731,3,874,-90,1847,281,74248,9,1890,877,"Knox County",470313,NA,NA,155.42840618907,41.249125582325,392.717190466774,NA
2021-10-10,76775,54,61300,41,15475,13,67015,51,437723,489,504738,540,0,871,-74,1937,128,73967,4,1881,876,"Knox County",470313,NA,NA,114.81715368276,11.481715368276,411.853382747234,NA
2021-10-09,76721,65,61259,34,15462,31,66964,48,437234,490,504198,538,0,871,-70,2011,135,73839,6,1877,875,"Knox County",470313,NA,NA,114.391904965417,13.8205833136656,427.587585288946,NA
2021-10-08,76656,291,61225,113,15431,178,66916,123,436744,936,503660,1059,-1,871,63,2081,229,73704,2,1871,873,"Knox County",470313,NA,NA,225.169195833413,61.8736883734874,442.47129039597,NA
2021-10-07,76365,258,61112,166,15253,92,66793,176,435808,1106,502601,1282,6,872,-4,2018,256,73475,6,1869,870,"Knox County",470313,NA,NA,272.58442781722,54.8570845373188,429.075955799648,NA
2021-10-06,76107,140,60946,102,15161,38,66617,112,434702,835,501319,947,1,866,-111,2022,250,73219,4,1863,869,"Knox County",470313,241.966520168484,0.1275925004148,201.355267662174,29.7674102140489,429.926453234335,12.75925004148
2021-10-05,75967,210,60844,115,15123,95,66505,138,433867,915,500372,1053,3,865,-75,2133,282,72969,3,1859,865,"Knox County",470313,257.700722710195,0.129756097560976,223.893449681382,44.6511153210734,453.527757046903,12.9756097560976
2021-10-04,75757,314,60729,221,15028,93,66367,245,432952,829,499319,1074,3,862,-43,2208,354,72687,4,1856,862,"Knox County",470313,283.215645750809,0.137532727552749,228.35856121349,66.7640486229383,469.474583947286,13.7532727552749
2021-10-03,75443,101,60508,92,14935,9,66122,107,432123,678,498245,785,1,859,-49,2251,149,72333,6,1852,861,"Knox County",470313,293.208990608382,0.140842980112793,166.910121557346,21.4750602258496,478.617431370173,14.0842980112793
2021-10-02,75342,68,60416,43,14926,25,66015,50,431445,472,497460,522,5,858,-127,2300,190,72184,2,1846,860,"Knox County",470313,293.846863684397,0.141475751264505,110.989915226668,14.4584563896809,489.03602494509,14.1475751264505
2021-10-01,75274,224,60373,149,14901,75,65965,165,430973,965,496938,1130,0,853,-74,2427,298,71994,5,1844,858,"Knox County",470313,279.601031653388,0.146179891064331,240.265525299109,47.6278563424783,516.039318496406,14.6179891064331
2021-09-30,75050,240,60224,165,14826,75,65800,186,430008,1104,495808,1290,1,853,-122,2501,361,71696,5,1839,856,"Knox County",470313,275.773793197296,0.147478312012939,274.285422686594,51.0298460812268,531.773521038117,14.7478312012939
2021-09-29,74810,362,60059,170,14751,192,65614,192,428904,1111,494518,1303,6,852,-115,2623,471,71335,4,1834,854,"Knox County",470313,322.976400822431,0.15132038563644,277.049539349327,76.9700178391837,557.713692796074,15.132038563644
2021-09-28,74448,349,59889,247,14559,102,65422,270,427793,778,493215,1048,2,846,-82,2738,429,70864,1,1830,851,"Knox County",470313,352.531186677808,0.16988255033557,222.830327888024,74.2059011764506,582.165494043329,16.988255033557
2021-09-27,74099,240,59642,162,14457,78,65152,187,427015,760,492167,947,7,844,-310,2820,543,70435,8,1829,850,"Knox County",470313,336.796984136097,0.164697508896797,201.355267662174,51.0298460812268,599.600691454414,16.4697508896797
2021-09-26,73859,124,59480,99,14379,25,64965,117,426255,703,491220,820,2,837,-129,3130,251,69892,0,1821,844,"Knox County",470313,341.687344385547,0.165297450424929,174.351974110858,26.3654204753005,665.514242642666,16.5297450424929
2021-09-25,73735,111,59381,89,14354,22,64848,102,425552,705,490400,807,0,835,-171,3259,282,69641,3,1821,841,"Knox County",470313,350.830191808434,0.165963240299523,171.587857448125,23.6013038125674,692.942784911325,16.5963240299523
2021-09-24,73624,242,59292,163,14332,79,64746,183,424847,939,489593,1122,13,835,-275,3430,504,69359,5,1818,836,"Knox County",470313,354.657430264526,0.168597519422107,238.564530429735,51.4550947985703,729.301550244199,16.8597519422107
2021-09-23,73382,355,59129,244,14253,111,64563,269,423908,1371,488471,1640,14,822,-238,3705,579,68855,7,1813,833,"Knox County",470313,379.10923151178,0.171718485755171,348.703948221716,75.4816473284812,787.773248878938,17.1718485755171
2021-09-22,73027,252,58885,187,14142,65,64294,203,422537,1261,486831,1464,3,808,-328,3943,577,68276,4,1806,830,"Knox County",470313,355.720552057885,0.169597349643221,311.282061095483,53.5813383852881,838.377846242821,16.9597349643221
2021-09-21,72775,397,58698,215,14077,182,64091,230,421276,996,485367,1226,10,805,-382,4271,769,67699,7,1802,823,"Knox County",470313,365.92652127413,0.160852230251682,260.6774637316,84.4118703926959,908.118635887165,16.0852230251682
2021-09-20,72378,435,58483,311,13895,124,63861,345,420280,1295,484141,1640,5,795,128,4653,302,66930,6,1795,819,"Knox County",470313,407.388271215127,0.16618878311733,348.703948221716,92.4915960222235,989.341140899784,16.618878311733
2021-09-19,71943,119,58172,85,13771,34,63516,97,418985,432,482501,529,1,790,-194,4525,312,66628,5,1789,812,"Knox County",470313,406.325149421768,0.169553868058851,112.478285737371,25.3022986819416,962.125222989796,16.9553868058851
2021-09-18,71824,225,58087,181,13737,44,63419,196,418553,1075,481972,1271,0,789,-92,4719,317,66316,5,1784,804,"Knox County",470313,430.564326310351,0.1712775528565,270.24555987183,47.8404807011501,1003.37434857212,17.12775528565
2021-09-17,71599,546,57906,422,13693,124,63223,450,417478,1310,480701,1760,5,789,16,4811,525,65999,10,1779,792,"Knox County",470313,495.202131346571,0.187827911857293,374.21887126233,116.092899834791,1022.93578956992,18.7827911857293
2021-09-16,71053,589,57484,455,13569,134,62773,487,416168,1518,478941,2005,7,784,6,4795,576,65474,10,1769,788,"Knox County",470313,544.956231275767,0.202930773117736,426.311839136915,125.235747257677,1019.53379983118,20.2930773117736
2021-09-15,70464,338,57029,249,13435,89,62286,267,414650,808,476936,1075,6,777,-320,4789,652,64898,3,1759,786,"Knox County",470313,563.24192612154,0.217967599410898,228.571185572162,71.867033231061,1018.25805367915,21.7967599410898
2021-09-14,70126,554,56780,439,13346,115,62019,477,413842,1406,475861,1883,12,771,-158,5109,700,64246,5,1756,782,"Knox County",470313,596.62395043301,0.228180655318312,400.371667378958,117.793894704165,1086.29784845411,22.8180655318312
2021-09-13,69572,399,56341,300,13231,99,61542,334,412436,1134,473978,1468,20,759,-412,5267,791,63546,11,1751,779,"Knox County",470313,588.969473520826,0.231007907116405,312.13255853017,84.8371191100395,1119.89249712426,23.1007907116405
2021-09-12,69173,387,56041,358,13132,29,61208,377,411302,1460,472510,1837,0,739,101,5679,286,62755,2,1740,772,"Knox County",470313,645.952801644862,0.229046818302505,390.590946880056,82.2856268059781,1207.49373289703,22.9046818302505
2021-09-11,68786,863,55683,702,13103,161,60831,762,409842,2621,470673,3383,4,739,522,5578,337,62469,20,1738,765,"Knox County",470313,781.607142477456,0.235180076056968,719.308205386626,183.494821533745,1186.01867267118,23.5180076056968
2021-09-10,67923,1023,54981,745,12942,278,60069,801,407221,2513,467290,3314,1,735,477,5056,545,62132,15,1718,755,"Knox County",470313,883.028961563895,0.234213164049449,704.637124638273,217.514718921229,1075.02875744451,23.4213164049449
2021-09-09,66900,310,54236,166,12664,144,59268,172,404708,685,463976,857,1,734,-374,4579,683,61587,13,1703,750,"Knox County",470313,823.706765494469,0.230875009046826,182.219075381714,65.9135511882512,973.606938358072,23.0875009046826
2021-09-08,66590,289,54070,225,12520,64,59096,251,404023,837,463119,1088,5,733,-398,4953,682,60904,10,1690,747,"Knox County",470313,813.288171919551,0.229501084598698,231.335302234895,61.4484396561439,1053.12844850132,22.9501084598698
2021-09-07,66301,417,53845,299,12456,118,58845,312,403186,979,462031,1291,3,728,-204,5351,618,60222,10,1680,743,"Knox County",470313,784.158634781518,0.227300196404291,274.498047045266,88.6643575661315,1137.75294325268,22.7300196404291
2021-09-06,65884,990,53546,787,12338,203,58533,843,402207,3221,460740,4064,1,725,353,5555,636,59604,12,1670,742,"Knox County",470313,909.819630756539,0.222180118731843,864.105393642106,210.49811508506,1181.12831242173,22.2180118731843
2021-09-05,64894,967,52759,795,12135,172,57690,857,398986,2999,456676,3856,2,724,637,5202,328,58968,14,1658,739,"Knox County",470313,1033.14175878617,0.223939954069344,819.879527038377,205.607754835609,1106.07191381059,22.3939954069344
2021-09-04,63927,543,51964,384,11963,159,56833,415,395987,1503,452820,1918,2,722,241,4565,300,58640,7,1644,736,"Knox County",470313,965.101964011201,0.22278496460825,407.813519932471,115.455026758776,970.630197336667,22.278496460825
2021-09-03,63384,334,51580,230,11804,104,56418,249,394484,909,450902,1158,5,720,-125,4324,454,58340,8,1637,733,"Knox County",470313,818.603780886346,0.217748735244519,246.219007341919,71.0165357963739,919.387726896769,21.7748735244519
2021-09-02,63050,323,51350,177,11700,146,56169,200,393575,681,449744,881,3,715,-138,4449,458,57886,4,1629,729,"Knox County",470313,821.367897549079,0.219346240179574,187.322059989837,68.6776678509843,945.965771730741,21.9346240179574
2021-09-01,62727,276,51173,210,11554,66,55969,226,392894,645,448863,871,3,712,-118,4587,391,57428,2,1625,727,"Knox County",470313,818.603780886346,0.220955908540494,185.195816403119,58.6843229934108,975.307933227446,22.0955908540494
2021-08-31,62451,597,50963,431,11488,166,55743,479,392249,1894,447992,2373,2,709,187,4705,408,57037,8,1623,725,"Knox County",470313,856.876165447266,0.216189405462602,504.55760312813,126.936742127052,1000.39760755072,21.6189405462602
2021-08-30,61854,512,50532,400,11322,112,55264,429,390355,1630,445619,2059,9,707,88,4518,415,56629,8,1615,722,"Knox County",470313,755.241722002156,0.217673071058249,437.793554505191,108.86367163995,960.636852479094,21.7673071058249
2021-08-29,61342,483,50132,404,11210,79,54835,440,388725,1485,443560,1925,1,698,268,4430,214,56214,5,1607,716,"Knox County",470313,652.331532405015,0.217970496200268,409.301890443173,102.697565238469,941.925908915977,21.7970496200268
2021-08-28,60859,398,49728,301,11131,97,54395,322,387240,1066,441635,1388,0,697,197,4162,201,56000,4,1602,710,"Knox County",470313,621.501000397608,0.220084467386204,295.122609836428,84.6244947513677,884.942580791941,22.0084467386204
2021-08-27,60461,473,49427,367,11034,106,54073,389,386174,1166,440247,1555,5,697,188,3965,280,55799,4,1598,707,"Knox County",470313,651.055786252985,0.224846181686573,330.630877734615,100.571321651751,843.0555821336,22.4846181686573
2021-08-26,59988,449,49060,346,10928,103,53684,366,385008,1426,438692,1792,5,692,161,3777,283,55519,0,1594,706,"Knox County",470313,677.846455445629,0.221599933127142,381.022850739826,95.4683370436284,803.082202703306,22.1599933127142
2021-08-25,59539,351,48714,221,10825,130,53318,237,383582,642,436900,879,2,687,99,3616,250,55236,3,1594,703,"Knox County",470313,693.793282346012,0.222370729262384,186.896811272493,74.6311498937941,768.84968095715,22.2370729262384
2021-08-24,59188,341,48493,219,10695,122,53081,236,382940,677,436021,913,4,685,86,3517,251,54986,4,1591,694,"Knox County",470313,639.361446526037,0.230139853486823,194.126039467333,72.5049063070764,747.799869448644,23.0139853486823
2021-08-23,58847,287,48274,205,10573,82,52845,227,382263,825,435108,1052,1,681,34,3431,252,54735,1,1587,694,"Knox County",470313,591.520965824887,0.233270202020202,223.680825322711,61.0231909388003,729.514174602871,23.3270202020202
2021-08-22,58560,241,48069,218,10491,23,52618,234,381438,889,434056,1123,2,680,75,3397,164,54483,0,1586,691,"Knox County",470313,540.065871026316,0.231096299701218,238.777154788407,51.2424704398985,722.28494640803,23.1096299701218
2021-08-21,58319,495,47851,369,10468,126,52384,410,380549,1905,432933,2315,0,678,383,3322,112,54319,8,1586,689,"Knox County",470313,560.690433817479,0.217987329940804,492.225390325166,105.24905754253,706.338119507647,21.7987329940804
2021-08-20,57824,424,47482,327,10342,97,51974,357,378644,1148,430618,1505,0,678,234,2939,190,54207,5,1578,687,"Knox County",470313,550.271840242562,0.215784528656436,319.999659801026,90.1527280768339,624.902990136356,21.5784528656436
2021-08-19,57400,368,47155,251,10245,117,51617,264,377496,952,429113,1216,1,678,204,2705,163,54017,6,1573,685,"Knox County",470313,533.049267190148,0.218260579806731,258.551220144882,78.2457639912144,575.14889020716,21.8260579806731
2021-08-18,57032,263,46904,185,10128,78,51353,202,376544,914,427897,1116,2,677,99,2501,162,53854,4,1567,685,"Knox County",470313,514.338323627031,0.208874458874459,237.288784277704,55.9202063306777,531.773521038117,20.8874458874459
2021-08-17,56769,263,46719,179,10050,84,51151,196,375630,1042,426781,1238,0,675,104,2402,159,53692,4,1563,685,"Knox County",470313,497.753623650633,0.197595399895452,263.228956035661,55.9202063306777,510.723709529611,19.7595399895452
2021-08-16,56506,185,46540,124,9966,61,50955,132,374588,422,425543,554,2,675,-24,2298,207,53533,5,1559,682,"Knox County",470313,476.065939066111,0.197970662843278,117.793894704165,39.335506354279,488.610776227746,19.7970662843278
2021-08-15,56321,205,46416,181,9905,24,50823,199,374166,953,424989,1152,3,673,81,2322,121,53326,6,1554,682,"Knox County",470313,468.411462153927,0.19349164467898,244.943261189888,43.5879935277145,493.713760835869,19.349164467898
2021-08-14,56116,219,46235,144,9881,75,50624,155,373213,794,423837,949,0,670,96,2241,123,53205,3,1548,681,"Knox County",470313,409.727139160517,0.194695989650712,201.780516379517,46.5647345491194,476.491187783455,19.4695989650712
2021-08-13,55897,265,46091,204,9806,61,50469,220,372419,1470,422888,1690,1,670,123,2145,141,53082,5,1545,679,"Knox County",470313,375.919866131704,0.172836386607707,359.335166155305,56.3454550480212,456.079249350964,17.2836386607707
2021-08-12,55632,222,45887,142,9745,80,50249,152,370949,643,421198,795,2,669,82,2022,138,52941,6,1540,676,"Knox County",470313,344.876709765624,0.167600747264478,169.036365144064,47.2026076251348,429.926453234335,16.7600747264478
2021-08-11,55410,316,45745,238,9665,78,50097,248,370306,989,420403,1237,1,667,183,1940,132,52803,9,1534,675,"Knox County",470313,356.145800775228,0.170978332239002,263.01633167699,67.1892973402819,412.49125582325,17.0978332239002
2021-08-10,55094,173,45507,108,9587,65,49849,122,369317,621,419166,743,1,666,56,1757,116,52671,2,1525,674,"Knox County",470313,337.009608494768,0.17247191011236,157.979898493131,36.7840140502176,373.580998186314,17.247191011236
2021-08-09,54921,197,45399,157,9522,40,49727,167,368696,753,418423,920,1,665,75,1701,121,52555,2,1523,670,"Knox County",470313,339.56110079883,0.168714934544483,195.614409978036,41.8869986583403,361.674034100695,16.8714934544483
2021-08-08,54724,88,45242,66,9482,22,49560,75,367943,418,417503,493,1,664,22,1626,65,52434,4,1521,669,"Knox County",470313,314.684050834232,0.166837556759924,104.823808825187,18.7109435631165,345.727207200311,16.6837556759924
2021-08-07,54636,105,45176,74,9460,31,49485,80,367525,638,417010,718,0,663,44,1604,61,52369,2,1517,669,"Knox County",470313,290.444873945649,0.161309884778654,152.664289526337,22.3255576605367,341.049471309532,16.1309884778654
2021-08-06,54531,203,45102,146,9429,57,49405,163,366887,879,416292,1042,0,663,139,1560,64,52308,10,1515,669,"Knox County",470313,277.262163707999,0.169300605245461,221.554581735993,43.162744810371,331.693999527974,16.9300605245461
2021-08-05,54328,174,44956,129,9372,45,49242,147,366008,850,415250,997,2,663,102,1421,70,52244,4,1505,668,"Knox County",470313,267.056194491753,0.162926829268293,211.986485595763,36.9966384088894,302.139213672597,16.2926829268293
2021-08-04,54154,144,44827,98,9327,46,49095,105,365158,656,414253,761,1,661,69,1319,74,52174,4,1501,666,"Knox County",470313,230.484804800208,0.151392315826577,161.807136949223,30.6179076487361,280.451529088075,15.1392315826577
2021-08-03,54010,238,44729,175,9281,63,48990,183,364502,814,413492,997,0,660,162,1250,76,52100,5,1497,665,"Knox County",470313,244.305388113873,0.155195681511471,211.986485595763,50.6045973638832,265.780448339723,15.5195681511471
2021-08-02,53772,97,44554,75,9218,22,48807,83,363688,532,412495,615,2,660,-4,1088,99,52024,3,1492,663,"Knox County",470313,223.042952246695,0.14867508447448,130.763980583144,20.6245627911625,231.335302234895,14.867508447448
2021-08-01,53675,107,44479,91,9196,16,48724,99,363156,526,411880,625,0,658,63,1092,44,51925,2,1489,663,"Knox County",470313,227.082815061459,0.149435273675065,132.890224169861,22.7508063778803,232.185799669582,14.9435273675065
2021-07-31,53568,104,44388,64,9180,40,48625,68,362630,399,411255,467,1,658,46,1029,57,51881,5,1487,661,"Knox County",470313,226.870190702787,0.15406976744186,99.2955754997204,22.1129333018649,218.79046507326,15.406976744186
2021-07-30,53464,118,44324,82,9140,36,48557,89,362231,339,410788,428,1,657,79,983,38,51824,0,1482,661,"Knox County",470313,208.797120215686,0.158282208588957,91.0032255115211,25.0896743232698,209.009744574358,15.8282208588957
2021-07-29,53346,117,44242,64,9104,53,48468,69,361892,483,410360,552,0,656,84,904,33,51786,1,1482,660,"Knox County",470313,196.677531771395,0.156580427446569,117.368645986822,24.877049964598,192.212420239287,15.6580427446569
2021-07-28,53229,131,44178,89,9051,42,48399,95,361409,536,409808,631,0,656,80,820,51,51753,4,1481,659,"Knox County",470313,193.913415108662,0.158980301274623,134.165970321892,27.8537909860029,174.351974110858,15.8980301274623
2021-07-27,53098,117,44089,78,9009,39,48304,83,360873,499,409177,582,0,656,85,740,32,51702,4,1477,659,"Knox County",470313,168.185867709377,0.15025641025641,123.747376746975,24.877049964598,157.342025417116,15.025641025641
2021-07-26,52981,98,44011,74,8970,24,48221,80,360374,371,408595,451,1,656,62,655,35,51670,4,1473,659,"Knox County",470313,168.398492068048,0.156049250535332,95.893585760972,20.8371871498343,139.268954930015,15.6049250535332
2021-07-25,52883,51,43937,43,8946,8,48141,44,360003,320,408144,364,3,655,22,593,26,51635,5,1469,659,"Knox County",470313,156.491527982429,0.151942446043165,77.3952665565272,10.8438422922607,126.086244692364,15.1942446043165
2021-07-24,52832,64,43894,41,8938,23,48097,44,359683,348,407780,392,0,652,39,571,25,51609,1,1464,658,"Knox County",470313,147.986553635558,0.148235294117647,83.348748599337,13.6079589549938,121.408508801585,14.8235294117647
2021-07-23,52768,56,43853,30,8915,26,48053,33,359335,321,407388,354,1,652,24,532,31,51584,3,1463,656,"Knox County",470313,134.803843397907,0.134696331930247,75.2690229698095,11.9069640856196,113.116158813386,13.4696331930247
2021-07-22,52712,94,43823,69,8889,25,48020,78,359014,474,407034,552,0,651,70,508,24,51553,3,1460,655,"Knox County",470313,129.913483148456,0.13740228502706,117.368645986822,19.9866897151471,108.013174205263,13.740228502706
2021-07-21,52618,61,43754,47,8864,14,47942,46,358540,411,406482,457,1,651,33,438,27,51529,1,1457,655,"Knox County",470313,115.029778041432,0.129441624365482,97.1693319130026,12.9700858789785,93.1294690982388,12.9441624365482
2021-07-20,52557,78,43707,42,8850,36,47896,45,358129,299,406025,344,0,650,54,405,24,51502,3,1456,655,"Knox County",470313,106.737428053233,0.12697323266987,73.1427793830917,16.5846999763987,86.1128652620702,12.697323266987
2021-07-19,52479,48,43665,36,8814,12,47851,42,357830,348,405681,390,0,650,28,351,20,51478,0,1453,655,"Knox County",470313,96.1062101196437,0.116368734665265,82.9234998819935,10.2059692162454,74.6311498937941,11.6368734665265
2021-07-18,52431,36,43629,30,8802,6,47809,31,357482,272,405291,303,0,650,27,323,9,51458,1,1453,655,"Knox County",470313,92.9168447395671,0.114255014326648,64.4251806775488,7.65447691218401,68.6776678509843,11.4255014326648
2021-07-17,52395,27,43599,20,8796,7,47778,21,357210,202,404988,223,0,650,12,296,15,51449,1,1452,654,"Knox County",470313,85.0497434687113,0.112847884102173,47.4152319838065,5.74085768413801,62.9368101668463,11.2847884102173
2021-07-16,52368,37,43579,21,8789,16,47757,22,357008,291,404765,313,0,650,25,284,12,51434,1,1451,654,"Knox County",470313,81.0098806539475,0.110379550735864,66.5514242642666,7.86710127085579,60.385317862785,11.0379550735864
2021-07-15,52331,55,43558,42,8773,13,47735,44,356717,364,404452,408,-1,650,37,259,19,51422,1,1450,654,"Knox County",470313,72.7175306657481,0.102953240360952,86.7507383380855,11.6943397269478,55.0697088959905,10.2953240360952
2021-07-14,52276,21,43516,16,8760,5,47691,16,356353,269,404044,285,0,651,8,222,13,51403,2,1449,654,"Knox County",470313,64.212556318877,0.0975286849073257,60.5979422214568,4.46511153210734,47.2026076251348,9.75286849073257
2021-07-13,52255,42,43500,26,8755,16,47675,29,356084,355,403759,384,3,651,28,214,11,51390,3,1447,654,"Knox County",470313,56.558079406693,0.0888985255854293,81.6477537299628,8.93022306421468,45.5016127557605,8.88985255854293
2021-07-12,52213,27,43474,21,8739,6,47646,24,355729,270,403375,294,0,648,16,186,11,51379,1,1444,654,"Knox County",470313,52.0929678745856,0.0846153846153846,62.5115614495028,5.74085768413801,39.5481307129507,8.46153846153846
2021-07-11,52186,8,43453,3,8733,5,47622,4,355459,136,403081,140,0,648,1,170,7,51368,0,1443,653,"Knox County",470313,46.1394858317759,0.0781631656082071,29.7674102140489,1.70099486937423,36.1461409742023,7.81631656082071
2021-07-10,52178,20,43450,16,8728,4,47618,16,355323,191,402941,207,0,648,12,169,8,51361,2,1443,653,"Knox County",470313,44.6511153210734,0.0763170851797144,44.0132422450581,4.25248717343556,35.9335166155305,7.63170851797144
2021-07-09,52158,27,43434,21,8724,6,47602,21,355132,338,402734,359,0,648,12,157,15,51353,0,1441,653,"Knox County",470313,42.5248717343556,0.0741454020221473,76.3321447631684,5.74085768413801,33.3820243114692,7.41454020221473
2021-07-08,52131,19,43413,14,8718,5,47581,16,354794,317,402375,333,0,648,6,145,13,51338,0,1441,652,"Knox County",470313,34.8703948221716,0.0629370629370629,70.8039114377021,4.03986281476378,30.8305320074078,6.29370629370629
2021-07-07,52112,18,43399,4,8713,14,47565,5,354477,333,402042,338,1,648,8,139,9,51325,1,1441,650,"Knox County",470313,34.2325217461563,0.0559610705596107,71.867033231061,3.82723845609201,29.5547858553772,5.59610705596107
2021-07-06,52094,24,43395,9,8699,15,47560,14,354144,263,401704,277,0,647,14,131,10,51316,2,1440,650,"Knox County",470313,30.4052832900643,0.0513347022587269,58.8969473520825,5.10298460812268,27.8537909860029,5.13347022587269
2021-07-05,52070,10,43386,6,8684,4,47546,6,353881,105,401427,111,0,647,0,117,10,51306,1,1438,650,"Knox County",470313,26.790669192644,0.0464589235127479,23.6013038125674,2.12624358671778,24.877049964598,4.64589235127479
2021-07-04,52060,8,43380,7,8680,1,47540,7,353776,143,401316,150,0,647,1,117,7,51296,1,1437,650,"Knox County",470313,26.790669192644,0.047887323943662,31.8936538007667,1.70099486937423,24.877049964598,4.7887323943662
2021-07-03,52052,9,43373,7,8679,2,47533,7,353633,185,401166,192,0,647,-2,116,11,51289,1,1436,650,"Knox County",470313,24.4518012472545,0.0431818181818182,40.8238768649814,1.913619228046,24.6644256059263,4.31818181818182
2021-07-02,52043,17,43366,13,8677,4,47526,17,353448,342,400974,359,-1,647,10,118,8,51278,0,1435,650,"Knox County",470313,22.3255576605367,0.0409090909090909,76.3321447631684,3.61461409742023,25.0896743232698,4.09090909090909
2021-07-01,52026,18,43353,15,8673,3,47509,17,353106,248,400615,265,-1,648,13,108,6,51270,1,1435,650,"Knox County",470313,22.1129333018649,0.0431442080378251,56.3454550480212,3.82723845609201,22.963430736552,4.31442080378251
2021-06-30,52008,18,43338,12,8670,6,47492,11,352858,299,400350,310,0,649,9,95,9,51264,0,1434,650,"Knox County",470313,22.1129333018649,0.0474759615384615,65.9135511882512,3.82723845609201,20.1993140738189,4.74759615384615
2021-06-29,51990,21,43326,16,8664,5,47481,19,352559,438,400040,457,0,649,8,86,13,51255,1,1434,650,"Knox County",470313,21.4750602258496,0.0455531453362256,97.1693319130026,4.46511153210734,18.2856948457729,4.55531453362256
2021-06-28,51969,9,43310,2,8659,7,47462,2,352121,113,399583,115,0,649,-4,78,13,51242,0,1433,650,"Knox County",470313,21.2624358671778,0.0432900432900433,24.4518012472545,1.913619228046,16.5846999763987,4.32900432900433
2021-06-27,51960,5,43308,3,8652,2,47460,3,352008,151,399468,154,0,649,0,82,5,51229,0,1433,650,"Knox County",470313,20.6245627911625,0.041036717062635,32.7441512354538,1.06312179335889,17.4351974110858,4.1036717062635
2021-06-26,51955,3,43305,2,8650,1,47457,2,351857,206,399314,208,0,649,0,82,3,51224,0,1433,650,"Knox County",470313,19.3488166391318,0.0380085653104925,44.2258666037299,0.637873076015334,17.4351974110858,3.80085653104925
2021-06-25,51952,13,43303,9,8649,4,47455,11,351651,311,399106,322,0,649,4,82,9,51221,0,1433,650,"Knox County",470313,18.4983192044447,0.0354997269251775,68.4650434923126,2.76411666273312,17.4351974110858,3.54997269251775
2021-06-24,51939,14,43294,9,8645,5,47444,10,351340,364,398784,374,1,649,8,78,5,51212,1,1433,650,"Knox County",470313,17.6478217697576,0.0298969072164948,79.521510143245,2.97674102140489,16.5846999763987,2.98969072164948
2021-06-23,51925,13,43285,6,8640,7,47434,8,350976,282,398410,290,0,648,6,70,7,51207,0,1432,649,"Knox County",470313,16.5846999763987,0.0286458333333333,61.6610640148157,2.76411666273312,14.8837051070245,2.86458333333333
2021-06-22,51912,14,43279,5,8633,9,47426,5,350694,247,398120,252,2,648,10,64,2,51200,1,1432,648,"Knox County",470313,15.0963294656962,0.0239067055393586,53.5813383852881,2.97674102140489,13.6079589549938,2.39067055393586
2021-06-21,51898,9,43274,8,8624,1,47421,9,350447,289,397868,298,0,646,5,54,4,51198,1,1431,647,"Knox County",470313,15.0963294656962,0.0252897787144362,63.3620588841899,1.913619228046,11.481715368276,2.52897787144363
2021-06-20,51889,3,43266,2,8623,1,47412,3,350158,161,397570,164,1,646,-2,49,4,51194,0,1430,647,"Knox County",470313,14.6710807483527,0.0251572327044025,34.8703948221716,0.637873076015334,10.4185935749171,2.51572327044025
2021-06-19,51886,3,43264,1,8622,2,47409,1,349997,191,397406,192,0,645,-3,51,6,51190,0,1430,647,"Knox County",470313,14.6710807483527,0.0248414376321353,40.8238768649814,0.637873076015334,10.8438422922607,2.48414376321353
2021-06-18,51883,6,43263,4,8620,2,47408,3,349806,283,397214,286,1,645,-5,54,10,51184,0,1430,647,"Knox County",470313,13.1827102376502,0.0210129310344828,60.8105665801286,1.27574615203067,11.481715368276,2.10129310344828
2021-06-17,51877,12,43259,8,8618,4,47405,9,349523,515,396928,524,0,644,6,59,6,51174,0,1430,647,"Knox County",470313,12.7574615203067,0.0189431704885344,111.415163944012,2.55149230406134,12.5448371616349,1.89431704885344
2021-06-16,51865,7,43251,4,8614,3,47396,4,349008,362,396404,366,1,644,-6,53,12,51168,0,1430,646,"Knox County",470313,11.481715368276,0.0163304514889529,77.8205152738708,1.48837051070245,11.2690910096042,1.63304514889529
2021-06-15,51858,13,43247,9,8611,4,47392,14,348646,428,396038,442,0,643,-2,59,15,51156,0,1430,646,"Knox County",470313,11.2690910096042,0.0189260563380282,93.9799665329259,2.76411666273312,12.5448371616349,1.89260563380282
2021-06-14,51845,7,43238,2,8607,5,47378,3,348218,260,395596,263,1,643,-5,61,11,51141,0,1430,646,"Knox County",470313,10.8438422922607,0.0165400089405454,55.9202063306777,1.48837051070245,12.9700858789785,1.65400089405454
2021-06-13,51838,3,43236,3,8602,0,47375,4,347958,128,395333,132,0,642,-5,66,8,51130,1,1430,646,"Knox County",470313,10.8438422922607,0.0172335600907029,28.0664153446747,0.637873076015334,14.0332076723374,1.72335600907029
2021-06-12,51835,2,43233,1,8602,1,47371,1,347830,226,395201,227,0,642,-6,71,8,51122,0,1429,646,"Knox County",470313,10.6312179335889,0.0169642857142857,48.2657294184936,0.425248717343556,15.0963294656962,1.69642857142857
2021-06-11,51833,7,43232,3,8601,4,47370,2,347604,318,394974,320,0,642,-2,77,9,51114,0,1429,645,"Knox County",470313,10.8438422922607,0.0162708883025506,68.039794774969,1.48837051070245,16.3720756177269,1.62708883025506
2021-06-10,51826,7,43229,4,8597,3,47368,5,347286,358,394654,363,0,642,-1,79,8,51105,0,1429,644,"Knox County",470313,9.7807204989018,0.0156176053005206,77.1826421978555,1.48837051070245,16.7973243350705,1.56176053005206
2021-06-09,51819,2,43225,1,8594,1,47363,1,346928,367,394291,368,1,642,-17,80,18,51097,0,1429,644,"Knox County",470313,8.7175987055429,0.0141843971631206,78.2457639912144,0.425248717343556,17.0099486937423,1.41843971631206
2021-06-08,51817,5,43224,3,8593,2,47362,4,346561,266,393923,270,1,641,-17,97,21,51079,0,1429,643,"Knox County",470313,7.01660383616868,0.0102933607822954,57.4085768413801,1.06312179335889,20.6245627911625,1.02933607822954
2021-06-07,51812,15,43221,9,8591,6,47358,10,346295,316,393653,326,0,640,-8,114,23,51058,2,1429,642,"Knox County",470313,8.7175987055429,0.0134596211365902,69.3155409269997,3.18936538007667,24.2391768885827,1.34596211365902
2021-06-06,51797,4,43212,2,8585,2,47348,2,345979,178,393327,180,0,640,-5,122,9,51035,0,1427,642,"Knox County",470313,8.93022306421468,0.0121713729308666,38.2723845609201,0.850497434687113,25.9401717579569,1.21713729308666
2021-06-05,51793,5,43210,2,8583,3,47346,3,345801,258,393147,261,0,640,-9,127,14,51026,0,1427,642,"Knox County",470313,9.56809614023002,0.0129310344827586,55.4949576133341,1.06312179335889,27.0032935513158,1.29310344827586
2021-06-04,51788,7,43208,2,8580,5,47343,3,345543,325,392886,328,1,640,-9,136,15,51012,0,1427,642,"Knox County",470313,9.56809614023002,0.0133587786259542,69.7407896443432,1.48837051070245,28.9169127793618,1.33587786259542
2021-06-03,51781,7,43206,4,8575,3,47340,6,345218,458,392558,464,0,639,-12,145,19,50997,0,1427,642,"Knox County",470313,9.56809614023002,0.0131998179335457,98.6577024237051,1.48837051070245,30.8305320074078,1.31998179335457
2021-06-02,51774,20,43202,7,8572,13,47334,6,344760,282,392094,288,0,639,5,157,15,50978,1,1427,642,"Knox County",470313,13.395334596322,0.0160604629192253,61.2358152974721,4.25248717343556,33.3820243114692,1.60604629192253
2021-06-01,51754,12,43195,9,8559,3,47328,10,344478,291,391806,301,0,639,-10,152,22,50963,1,1426,642,"Knox County",470313,14.8837051070245,0.0186219739292365,63.9999319602052,2.55149230406134,32.3189025181103,1.86219739292365
2021-05-31,51742,17,43186,14,8556,3,47318,12,344187,354,391505,366,0,639,-1,162,18,50941,0,1425,642,"Knox County",470313,15.308953824368,0.0191956124314442,77.8205152738708,3.61461409742023,34.4451461048281,1.91956124314442
2021-05-30,51725,3,43172,1,8553,2,47306,1,343833,203,391139,204,0,639,-9,163,12,50923,0,1425,642,"Knox County",470313,15.0963294656962,0.0185352622061483,43.3753691690427,0.637873076015334,34.6577704634998,1.85352622061483
2021-05-29,51722,14,43171,7,8551,7,47305,6,343630,199,390935,205,0,639,-14,172,28,50911,1,1425,642,"Knox County",470313,17.0099486937423,0.0204081632653061,43.5879935277145,2.97674102140489,36.5713896915458,2.04081632653061
2021-05-28,51708,11,43164,6,8544,5,47299,10,343431,390,390730,400,0,639,-10,186,21,50883,1,1424,641,"Knox County",470313,17.8604461284294,0.0228904847396768,85.0497434687113,2.33886794538956,39.5481307129507,2.28904847396768
2021-05-27,51697,23,43158,8,8539,15,47289,9,343041,341,390330,350,0,639,-5,196,28,50862,1,1423,641,"Knox County",470313,21.2624358671778,0.0255439924314096,74.4185255351224,4.8903602494509,41.6743742996685,2.55439924314096
2021-05-26,51674,17,43150,8,8524,9,47280,11,342700,571,389980,582,0,639,-6,201,23,50834,0,1422,641,"Knox County",470313,20.6245627911625,0.0245016611295681,123.747376746975,3.61461409742023,42.7374960930274,2.45016611295681
2021-05-25,51657,17,43142,8,8515,9,47269,7,342129,311,389398,318,0,639,-11,207,28,50811,1,1422,641,"Knox County",470313,21.6876845845214,0.0230927835051546,67.6145460576254,3.61461409742023,44.0132422450581,2.30927835051546
2021-05-24,51640,25,43134,21,8506,4,47262,24,341818,425,389080,449,0,639,-11,218,36,50783,1,1421,641,"Knox County",470313,23.3886794538956,0.0271132376395534,95.4683370436284,5.31560896679445,46.3521101904476,2.71132376395534
2021-05-23,51615,16,43113,8,8502,8,47238,8,341393,225,388631,233,1,639,-5,229,20,50747,1,1420,641,"Knox County",470313,26.1527961166287,0.0295624753646039,49.5414755705243,3.40198973874845,48.6909781358372,2.95624753646039
2021-05-22,51599,8,43105,4,8494,4,47230,4,341168,269,388398,273,0,638,-6,234,14,50727,0,1419,640,"Knox County",470313,24.877049964598,0.0280230326295585,58.0464499173954,1.70099486937423,49.7540999291961,2.80230326295585
2021-05-21,51591,16,43101,12,8490,4,47226,14,340899,377,388125,391,0,638,-17,240,33,50713,1,1419,640,"Knox County",470313,25.9401717579569,0.0296610169491525,83.1361242406653,3.40198973874845,51.0298460812268,2.96610169491525
2021-05-20,51575,34,43089,26,8486,8,47212,27,340522,594,387734,621,0,638,6,257,28,50680,1,1418,639,"Knox County",470313,28.2790397033465,0.0331356818974538,132.039726735174,7.22922819484046,54.644460178647,3.31356818974538
2021-05-19,51541,14,43063,6,8478,8,47185,7,339928,544,387113,551,0,638,-29,251,43,50652,1,1417,639,"Knox County",470313,27.6411666273312,0.0320874471086037,117.15602162815,2.97674102140489,53.3687140266163,3.20874471086037
2021-05-18,51527,24,43057,14,8470,10,47178,14,339384,444,386562,458,1,638,-21,280,44,50609,0,1416,639,"Knox County",470313,29.1295371380336,0.0329301075268817,97.3819562716744,5.10298460812268,59.5348204280979,3.29301075268817
2021-05-17,51503,15,43043,7,8460,8,47164,8,338940,420,386104,428,0,637,-18,301,33,50565,0,1416,638,"Knox County",470313,27.0032935513158,0.0277495769881557,91.0032255115211,3.18936538007667,63.9999319602052,2.77495769881557
2021-05-16,51488,22,43036,13,8452,9,47156,12,338520,272,385676,284,1,637,-10,319,31,50532,1,1416,638,"Knox County",470313,28.2790397033465,0.0286094477711244,60.385317862785,4.67773589077912,67.8271704162972,2.86094477711244
2021-05-15,51466,23,43023,13,8443,10,47144,17,338248,336,385392,353,0,636,-8,329,31,50501,1,1415,638,"Knox County",470313,31.4684050834232,0.0320803629293584,75.0563986111377,4.8903602494509,69.953414003015,3.20803629293584
2021-05-14,51443,36,43010,25,8433,11,47127,26,337912,498,385039,524,0,636,4,337,32,50470,4,1414,637,"Knox County",470313,35.7208922568587,0.0344827586206897,111.415163944012,7.65447691218401,71.6544088723892,3.44827586206897
2021-05-13,51407,31,42985,17,8422,14,47101,17,337414,376,384515,393,0,636,-17,333,48,50438,0,1410,637,"Knox County",470313,35.0830191808434,0.0337679705784019,83.5613729580088,6.59135511882512,70.8039114377021,3.37679705784019
2021-05-12,51376,34,42968,28,8408,6,47084,29,337038,506,384122,535,0,636,-15,350,49,50390,0,1410,637,"Knox County",470313,39.335506354279,0.0413445378151261,113.754031889401,7.22922819484046,74.4185255351224,4.13445378151261
2021-05-11,51342,36,42940,30,8402,6,47055,31,336532,555,383587,586,0,636,-11,365,47,50341,4,1410,637,"Knox County",470313,41.8869986583403,0.0451176281018369,124.597874181662,7.65447691218401,77.607890915199,4.51176281018369
2021-05-10,51306,21,42910,14,8396,7,47024,13,335977,277,383001,290,1,636,-26,376,46,50294,1,1406,637,"Knox County",470313,43.162744810371,0.0489038785834739,61.6610640148157,4.46511153210734,79.9467588605886,4.89038785834739
2021-05-09,51285,17,42896,14,8389,3,47011,17,335700,369,382711,386,0,635,-22,402,39,50248,1,1405,636,"Knox County",470313,42.0996230170121,0.0489077274209325,82.0730024473064,3.61461409742023,85.4749921860548,4.89077274209325
2021-05-08,51268,20,42882,11,8386,9,46994,14,335331,307,382325,321,0,635,-18,424,38,50209,1,1404,636,"Knox County",470313,41.4617499409967,0.0484349258649094,68.2524191336408,4.25248717343556,90.1527280768339,4.84349258649094
2021-05-07,51248,43,42871,31,8377,12,46980,33,335024,576,382004,609,0,635,3,442,40,50171,0,1403,636,"Knox County",470313,42.9501204516992,0.0493589743589744,129.488234431113,9.14284742288646,93.9799665329259,4.93589743589744
2021-05-06,51205,40,42840,26,8365,14,46947,28,334448,340,381395,368,1,635,-8,439,47,50131,0,1403,636,"Knox County",470313,44.8637396797452,0.0533117932148627,78.2457639912144,8.50497434687113,93.3420934569106,5.33117932148627
2021-05-05,51165,51,42814,32,8351,19,46919,38,334108,585,381027,623,0,634,5,447,46,50084,4,1403,635,"Knox County",470313,48.4783537771654,0.0546654099905749,132.464975452518,10.8438422922607,95.0430883262848,5.46654099905749
2021-05-04,51114,50,42782,32,8332,18,46881,34,333523,536,380404,570,0,634,6,442,44,50038,0,1399,635,"Knox County",470313,51.4550947985703,0.0558888538048626,121.195884442914,10.6312179335889,93.9799665329259,5.58888538048626
2021-05-03,51064,24,42750,9,8314,15,46847,7,332987,309,379834,316,1,634,-37,436,60,49994,1,1399,635,"Knox County",470313,52.0929678745856,0.053554650798622,67.1892973402819,5.10298460812268,92.7042203808953,5.3554650798622
2021-05-02,51040,25,42741,18,8299,7,46840,20,332678,288,379518,308,0,633,-17,473,42,49934,2,1398,635,"Knox County",470313,53.7939627439599,0.0558587479935795,65.4883024709077,5.31560896679445,100.571321651751,5.58587479935795
2021-05-01,51015,45,42723,35,8292,10,46820,38,332390,450,379210,488,0,633,7,490,38,49892,2,1396,635,"Knox County",470313,59.1095717107543,0.0603290676416819,103.760687031828,9.56809614023002,104.185935749171,6.03290676416819
2021-04-30,50970,58,42688,30,8282,28,46782,29,331940,567,378722,596,0,633,-10,483,68,49854,3,1394,635,"Knox County",470313,62.298937090831,0.0593453655552157,126.72411776838,12.3322128029631,102.697565238469,5.93453655552157
2021-04-29,50912,54,42658,34,8254,20,46753,35,331373,571,378126,606,0,633,-3,493,57,49786,2,1391,634,"Knox County",470313,65.2756781122359,0.0573139435414885,128.850361355098,11.481715368276,104.823808825187,5.73139435414885
2021-04-28,50858,47,42624,28,8234,19,46718,34,330802,543,377520,577,4,633,-36,496,79,49729,1,1389,634,"Knox County",470313,64.4251806775488,0.0569199653279399,122.684254953616,9.99334485757357,105.461681901202,5.69199653279399
2021-04-27,50811,39,42596,17,8215,22,46684,20,330259,392,376943,412,1,629,-33,532,71,49650,2,1388,632,"Knox County",470313,62.0863127321592,0.0554041780199818,87.6012357727726,8.29234998819935,113.116158813386,5.54041780199818
2021-04-26,50772,69,42579,36,8193,33,46664,40,329867,480,376531,520,1,628,2,565,66,49579,0,1386,631,"Knox County",470313,71.6544088723892,0.0615911035072712,110.564666509325,14.6710807483527,120.132762649555,6.15911035072712
2021-04-25,50703,38,42543,25,8160,13,46624,26,329387,341,376011,367,0,627,-4,563,42,49513,3,1386,630,"Knox County",470313,74.4185255351224,0.0622546270330903,78.0331396325426,8.07972562952757,119.707513932211,6.22546270330903
2021-04-24,50665,35,42518,22,8147,13,46598,28,329046,510,375644,538,0,627,-28,567,63,49471,3,1383,630,"Knox County",470313,72.2922819484046,0.0586283185840708,114.391904965417,7.44185255351224,120.558011366898,5.86283185840708
2021-04-23,50630,43,42496,31,8134,12,46570,37,328536,553,375106,590,0,627,-4,595,47,49408,2,1380,630,"Knox County",470313,69.1029165683279,0.0609418282548476,125.448371616349,9.14284742288646,126.511493409708,6.09418282548476
2021-04-22,50587,79,42465,62,8122,17,46533,65,327983,787,374516,852,1,627,15,599,63,49361,1,1378,630,"Knox County",470313,74.4185255351224,0.0648340248962656,181.155953588355,16.7973243350705,127.361990844395,6.48340248962656
2021-04-21,50508,62,42403,34,8105,28,46468,35,327196,479,373664,514,1,626,-1,584,62,49298,1,1377,629,"Knox County",470313,77.607890915199,0.0661745320326918,109.288920357294,13.1827102376502,124.172625464318,6.61745320326918
2021-04-20,50446,38,42369,34,8077,4,46433,39,326717,474,373150,513,1,625,-32,585,69,49236,1,1376,628,"Knox County",470313,77.3952665565272,0.0693374422187981,109.076295998622,8.07972562952757,124.38524982299,6.93374422187981
2021-04-19,50408,65,42335,41,8073,24,46394,39,326243,336,372637,375,0,624,-3,617,68,49167,0,1375,627,"Knox County",470313,76.5447691218401,0.0717524673246199,79.7341345019168,13.8205833136656,131.189229300487,7.17524673246199
2021-04-18,50343,38,42294,27,8049,11,46355,32,325907,364,372262,396,0,624,-12,620,50,49099,1,1375,627,"Knox County",470313,76.5447691218401,0.0727898358920064,84.1992460340241,8.07972562952757,131.827102376502,7.27898358920064
2021-04-17,50305,37,42267,18,8038,19,46323,23,325543,335,371866,358,0,624,-23,632,60,49049,1,1374,626,"Knox County",470313,76.9700178391837,0.075041689827682,76.1195204044966,7.86710127085579,134.378594680564,7.5041689827682
2021-04-16,50268,346,42249,330,8019,16,46300,369,325208,2088,371508,2457,1,624,279,655,66,48989,4,1373,626,"Knox County",470313,141.395198516732,0.110155535224154,522.418049256559,73.5680281004352,139.268954930015,11.0155535224154
2021-04-15,49922,86,41919,54,8003,32,45931,55,323120,577,369051,632,1,623,12,376,73,48923,0,1369,625,"Knox County",470313,142.883569027435,0.112869399428027,134.378594680564,18.2856948457729,79.9467588605886,11.2869399428027
2021-04-14,49836,85,41865,60,7971,25,45876,62,322543,684,368419,746,0,622,-1,364,86,48850,3,1369,624,"Knox County",470313,147.773929276886,0.113018075588826,158.617771569146,18.0730704871011,77.3952665565272,11.3018075588826
2021-04-13,49751,68,41805,38,7946,30,45814,43,321859,340,367673,383,-5,622,-8,365,81,48764,1,1366,624,"Knox County",470313,154.152660037039,0.116513933046568,81.435129371291,14.4584563896809,77.607890915199,11.6513933046568
2021-04-12,49683,63,41767,43,7916,20,45771,50,321519,360,367290,410,1,627,-24,373,86,48683,0,1365,624,"Knox County",470313,153.727411319696,0.117800074321813,87.175987055429,13.395334596322,79.3088857845732,11.7800074321813
2021-04-11,49620,26,41724,14,7896,12,45721,14,321159,296,366880,310,2,626,-26,397,50,48597,0,1365,623,"Knox County",470313,151.175919015634,0.11631419939577,65.9135511882512,5.52823332546623,84.4118703926959,11.631419939577
2021-04-10,49594,50,41710,33,7884,17,45707,41,320863,571,366570,612,0,624,6,423,44,48547,1,1365,623,"Knox County",470313,153.940035678367,0.114234234234234,130.126107507128,10.6312179335889,89.9401037181622,11.4234234234234
2021-04-09,49544,82,41677,62,7867,20,45666,71,320292,620,365958,691,5,624,11,417,66,48503,2,1364,622,"Knox County",470313,97.8072049890179,0.0887949260042283,146.923431842199,17.4351974110858,88.6643575661315,8.87949260042283
2021-04-08,49462,49,41615,26,7847,23,45595,26,319672,466,365267,492,-6,619,-23,406,78,48437,0,1362,622,"Knox County",470313,89.9401037181622,0.0842480790340285,104.611184466515,10.4185935749171,86.3254896207419,8.42480790340285
2021-04-07,49413,77,41589,54,7824,23,45569,57,319206,768,364775,825,2,625,9,429,66,48359,1,1362,622,"Knox County",470313,88.2391088487879,0.0811173784582326,175.415095904217,16.3720756177269,91.2158498701928,8.11173784582326
2021-04-06,49336,75,41535,41,7801,34,45512,45,318438,422,363950,467,2,623,-3,420,76,48293,0,1361,622,"Knox County",470313,89.7274793594904,0.079852902547938,99.2955754997204,15.9468269003834,89.3022306421468,7.9852902547938
2021-04-05,49261,44,41494,32,7767,12,45467,35,318016,266,363483,301,0,621,-60,423,104,48217,3,1361,622,"Knox County",470313,85.6876165447266,0.0781503515413737,63.9999319602052,9.35547178155824,89.9401037181622,7.81503515413737
2021-04-04,49217,49,41462,31,7755,18,45432,40,317750,341,363182,381,3,621,-27,483,73,48113,0,1358,621,"Knox County",470313,90.5779767941775,0.0835765455027859,81.0098806539475,10.4185935749171,102.697565238469,8.35765455027859
2021-04-03,49168,81,41431,64,7737,17,45392,71,317409,593,362801,664,0,618,6,510,75,48040,0,1358,620,"Knox County",470313,97.1693319130026,0.0902904998691442,141.182574158061,17.222573052414,108.438422922607,9.02904998691442
2021-04-02,49087,76,41367,45,7720,31,45321,45,316816,530,362137,575,0,618,5,504,71,47965,2,1358,617,"Knox County",470313,95.8935857609719,0.0860998650472335,122.259006236272,16.1594512590551,107.162676770576,8.60998650472335
2021-04-01,49011,75,41322,63,7689,12,45276,67,316286,580,361562,647,1,618,-20,499,94,47894,1,1356,616,"Knox County",470313,101.421819086438,0.0932642487046632,137.56796006064,15.9468269003834,106.099554977217,9.32642487046632
2021-03-31,48936,87,41259,66,7677,21,45209,72,315706,765,360915,837,3,617,-16,519,100,47800,2,1355,616,"Knox County",470313,103.548062673156,0.096849173553719,177.966588208278,18.4983192044447,110.352042150653,9.6849173553719
2021-03-30,48849,57,41193,33,7656,24,45137,38,314941,460,360078,498,1,614,-24,535,80,47700,2,1353,614,"Knox County",470313,99.7208242170639,0.094286446323341,105.886930618546,12.1195884442914,113.754031889401,9.4286446323341
2021-03-29,48792,43,41160,21,7632,22,45099,22,314481,400,359580,422,5,613,-58,559,96,47620,0,1351,613,"Knox County",470313,99.5081998583922,0.088220675944334,89.7274793594904,9.14284742288646,118.857016497524,8.8220675944334
2021-03-28,48749,80,41139,46,7610,34,45077,49,314081,484,359158,533,2,608,13,617,65,47524,5,1351,612,"Knox County",470313,106.099554977217,0.0871647509578544,113.328783172058,17.0099486937423,131.189229300487,8.71647509578544
2021-03-27,48669,42,41093,39,7576,3,45028,42,313597,442,358625,484,0,606,-16,604,58,47459,2,1346,611,"Knox County",470313,97.8072049890179,0.0838338338338338,102.910189597141,8.93022306421468,128.425112637754,8.38338338338338
2021-03-26,48627,79,41054,54,7573,25,44986,60,313155,417,358141,477,0,606,1,620,78,47401,2,1344,610,"Knox County",470313,98.4450780650333,0.0897896357106208,101.421819086438,16.7973243350705,131.827102376502,8.97896357106208
2021-03-25,48548,88,41000,64,7548,24,44926,67,312738,570,357664,637,0,606,7,619,81,47323,4,1342,608,"Knox County",470313,101.209194727766,0.0900205761316872,135.441716473923,18.7109435631165,131.614478017831,9.00205761316873
2021-03-24,48460,124,40936,90,7524,34,44859,95,312168,780,357027,875,1,606,39,612,84,47242,3,1338,607,"Knox County",470313,109.076295998622,0.0950076413652573,186.046313837806,26.3654204753005,130.126107507128,9.50076413652573
2021-03-23,48336,87,40846,57,7490,30,44764,63,311388,531,356152,594,1,605,17,573,69,47158,3,1335,606,"Knox County",470313,115.455026758776,0.0989557434112382,126.298869051036,18.4983192044447,121.833757518929,9.89557434112382
2021-03-22,48249,115,40789,78,7460,37,44701,81,310857,517,355558,598,2,604,32,556,81,47089,1,1332,605,"Knox County",470313,130.763980583144,0.108861362553597,127.149366485723,24.4518012472545,118.219143421509,10.8861362553597
2021-03-21,48134,50,40711,33,7423,17,44620,34,310340,330,354960,364,0,602,4,524,46,47008,1,1331,605,"Knox County",470313,124.38524982299,0.109704641350211,77.3952665565272,10.6312179335889,111.415163944012,10.9704641350211
2021-03-20,48084,59,40678,29,7406,30,44586,33,310010,315,354596,348,0,602,3,520,56,46962,4,1330,604,"Knox County",470313,127.99986392041,0.111225276136656,73.9932768177788,12.5448371616349,110.564666509325,11.1225276136656
2021-03-19,48025,146,40649,102,7376,44,44553,117,309695,956,354248,1073,3,602,51,517,92,46906,3,1326,604,"Knox County",470313,142.24569595142,0.109155713967476,228.145936854818,31.0431563660796,109.926793433309,10.9155713967476
2021-03-18,47879,68,40547,50,7332,18,44436,66,308739,627,353175,693,2,599,-16,466,82,46814,1,1323,603,"Knox County",470313,137.993208777984,0.107590759075908,147.348680559542,14.4584563896809,99.0829511410486,10.7590759075908
2021-03-17,47811,46,40497,36,7314,10,44370,41,308112,497,352482,538,1,597,-40,482,85,46732,3,1322,603,"Knox County",470313,121.408508801585,0.103374524714829,114.391904965417,9.7807204989018,102.484940879797,10.3374524714829
2021-03-16,47765,128,40461,84,7304,44,44329,100,307615,699,351944,799,0,596,48,522,80,46647,3,1319,601,"Knox County",470313,130.126107507128,0.106956718785407,169.886862578751,27.2159179099876,110.989915226668,10.6956718785407
2021-03-15,47637,44,40377,28,7260,16,44229,40,306916,290,351145,330,1,596,-65,474,108,46567,1,1316,600,"Knox County",470313,115.029778041432,0.103980699638118,70.1660383616868,9.35547178155824,100.783946010423,10.3980699638118
2021-03-14,47593,60,40349,38,7244,22,44189,46,306626,405,350815,451,0,595,-12,539,72,46459,0,1315,599,"Knox County",470313,117.15602162815,0.104678638941399,95.893585760972,12.7574615203067,114.604529324088,10.4678638941399
2021-03-13,47533,71,40311,34,7222,37,44143,41,306221,623,350364,664,1,595,-11,551,81,46387,1,1315,599,"Knox County",470313,119.707513932211,0.0991644678979771,141.182574158061,15.0963294656962,117.15602162815,9.91644678979771
2021-03-12,47462,63,40277,60,7185,3,44102,67,305598,692,349700,759,0,594,-52,562,115,46306,1,1314,597,"Knox County",470313,102.059692162454,0.0947094945677846,161.38188823188,13.395334596322,119.494889573539,9.47094945677846
2021-03-11,47399,83,40217,56,7182,27,44035,66,304906,627,348941,693,2,594,-22,614,103,46191,0,1313,595,"Knox County",470313,105.24905754253,0.0947094945677846,147.348680559542,17.6478217697576,130.551356224472,9.47094945677846
2021-03-10,47316,95,40161,72,7155,23,43969,82,304279,1001,348248,1083,2,592,26,636,67,46088,1,1313,594,"Knox County",470313,115.667651117447,0.0924879681941829,230.272180441536,20.1993140738189,135.229092115251,9.24879681941829
2021-03-09,47221,80,40089,50,7132,30,43887,55,303278,597,347165,652,0,590,-6,610,86,46021,2,1312,594,"Knox County",470313,105.461681901202,0.0857081174438687,138.631081853999,17.0099486937423,129.700858789785,8.57081174438687
2021-03-08,47141,86,40039,58,7102,28,43832,64,302681,412,346513,476,1,590,-29,616,114,45935,0,1310,590,"Knox County",470313,114.391904965417,0.0881121808287987,101.209194727766,18.2856948457729,130.976604941815,8.81121808287987
2021-03-07,47055,64,39981,40,7074,24,43768,42,302269,327,346037,369,0,589,-5,645,69,45821,0,1310,588,"Knox County",470313,115.242402400104,0.0887989778534923,78.4583883498861,13.6079589549938,137.142711343297,8.87989778534923
2021-03-06,46991,125,39941,87,7050,38,43726,95,301942,848,345668,943,0,589,40,650,85,45752,1,1310,588,"Knox County",470313,126.72411776838,0.0946733668341709,200.504770227487,26.5780448339723,138.205833136656,9.46733668341709
2021-03-05,46866,70,39854,44,7012,26,43631,49,301094,521,344725,570,2,589,-19,610,87,45667,2,1309,588,"Knox County",470313,128.212488279082,0.0946510656080234,121.195884442914,14.8837051070245,129.700858789785,9.46510656080234
2021-03-04,46796,112,39810,85,6986,27,43582,100,300573,1094,344155,1194,5,587,-1,629,108,45580,1,1307,586,"Knox County",470313,134.378594680564,0.0921127293361074,253.873484254103,23.8139281712392,133.740721604548,9.21127293361074
2021-03-03,46684,74,39725,33,6959,41,43482,40,299479,497,342961,537,1,582,-49,630,122,45472,4,1306,584,"Knox County",470313,129.913483148456,0.093862054418899,114.179280606745,15.7342025417116,133.95334596322,9.3862054418899
2021-03-02,46610,133,39692,91,6918,42,43442,99,298982,808,342424,907,-1,581,9,679,125,45350,2,1302,583,"Knox County",470313,141.182574158061,0.0978783026421137,192.850293315303,28.2790397033465,144.371939538137,9.78783026421137
2021-03-01,46477,59,39601,33,6876,26,43343,35,298174,165,341517,200,1,582,-58,670,116,45225,1,1300,580,"Knox County",470313,135.441716473923,0.0974576271186441,42.5248717343556,12.5448371616349,142.458320310091,9.74576271186441
2021-02-28,46418,77,39568,53,6850,24,43308,63,298009,563,341317,626,2,581,-18,728,93,45109,2,1299,580,"Knox County",470313,138.205833136656,0.0966445649989954,133.102848528533,16.3720756177269,154.790533113054,9.66445649989954
2021-02-27,46341,83,39515,47,6826,36,43245,58,297446,671,340691,729,1,579,-32,746,114,45016,3,1297,579,"Knox County",470313,129.275610072441,0.0932185597312618,155.003157471726,17.6478217697576,158.617771569146,9.32185597312618
2021-02-26,46258,107,39468,70,6790,37,43187,80,296775,506,339962,586,5,578,-17,778,119,44902,1,1294,578,"Knox County",470313,137.142711343297,0.0993931784892237,124.597874181662,22.7508063778803,165.421751046643,9.93931784892237
2021-02-25,46151,131,39398,92,6753,39,43107,97,296269,1029,339376,1126,2,573,-7,795,136,44783,5,1293,578,"Knox County",470313,141.182574158061,0.100191042241562,239.415027864422,27.8537909860029,169.036365144064,10.0191042241562
2021-02-24,46020,102,39306,72,6714,30,43010,80,295240,969,338250,1049,2,571,-30,802,130,44647,2,1288,577,"Knox County",470313,147.13605620087,0.0980279532835535,223.042952246695,21.6876845845214,170.524735654766,9.80279532835535
2021-02-23,45918,122,39234,68,6684,54,42930,75,294271,758,337201,833,5,569,-32,832,149,44517,6,1286,576,"Knox County",470313,144.797188255481,0.0947756845989512,177.116090773591,25.9401717579569,176.903466414919,9.47756845989512
2021-02-22,45796,62,39166,33,6630,29,42855,38,293513,307,336368,345,3,564,-110,864,169,44368,3,1280,574,"Knox County",470313,145.435061331496,0.0927465054778995,73.3554037417635,13.1827102376502,183.707445892416,9.27465054778995
2021-02-21,45734,82,39133,41,6601,41,42817,45,293206,499,336023,544,2,561,-31,974,111,44199,3,1277,572,"Knox County",470313,146.498183124855,0.090752110514198,115.667651117447,17.4351974110858,207.096125346312,9.0752110514198
2021-02-20,45652,137,39092,98,6560,39,42772,115,292707,1007,335479,1122,1,559,8,1005,128,44088,2,1274,569,"Knox County",470313,157.979898493131,0.0945584299732382,238.564530429735,29.1295371380336,213.687480465137,9.45584299732382
2021-02-19,45515,95,38994,43,6521,52,42657,48,291700,274,334357,322,1,558,-83,997,177,43960,2,1272,568,"Knox County",470313,155.42840618907,0.0932409661112151,68.4650434923126,20.1993140738189,211.986485595763,9.32409661112151
2021-02-18,45420,155,38951,111,6469,44,42609,119,291426,988,334035,1107,4,557,-38,1080,189,43783,6,1270,566,"Knox County",470313,160.531390797193,0.0977076287110109,235.375165049658,32.9567755941256,229.63430736552,9.77076287110109
2021-02-17,45265,114,38840,68,6425,46,42490,76,290438,892,332928,968,1,553,-49,1118,162,43594,4,1264,560,"Knox County",470313,163.082883101254,0.0984544934172868,205.820379194281,24.2391768885827,237.714032995048,9.84544934172868
2021-02-16,45151,147,38772,90,6379,57,42414,101,289546,818,331960,919,2,552,-40,1167,185,43432,4,1260,557,"Knox County",470313,168.398492068048,0.101745823165008,195.401785619364,31.2557807247514,248.132626569965,10.1745823165008
2021-02-15,45004,76,38682,36,6322,40,42313,43,288728,312,331041,355,2,550,-140,1207,214,43247,1,1256,557,"Knox County",470313,171.375233089453,0.102492036724752,75.4816473284812,16.1594512590551,256.637600916836,10.2492036724752
2021-02-14,44928,165,38646,135,6282,30,42270,135,288416,706,330686,841,2,548,20,1347,143,43033,5,1255,557,"Knox County",470313,189.023054859211,0.113063542776003,178.817085642965,35.0830191808434,286.405011130885,11.3063542776003
2021-02-13,44763,135,38511,91,6252,44,42135,106,287710,871,329845,977,4,546,-8,1327,139,42890,7,1250,556,"Knox County",470313,188.597806141867,0.11441063946074,207.733998422327,28.7042884206901,282.15252395745,11.441063946074
2021-02-12,44628,179,38420,114,6208,65,42029,124,286839,996,328868,1120,3,542,13,1335,163,42751,3,1243,552,"Knox County",470313,206.458252270297,0.111977095594083,238.139281712392,38.0597602022483,283.853518826824,11.1977095594083
2021-02-11,44449,161,38306,112,6143,49,41905,118,285843,1133,327748,1251,5,539,-36,1322,192,42588,5,1240,551,"Knox County",470313,207.733998422327,0.109314259057689,265.993072698394,34.2325217461563,281.089402164091,10.9314259057689
2021-02-10,44288,148,38194,106,6094,42,41787,112,284710,1032,326497,1144,7,534,-46,1358,187,42396,6,1235,549,"Knox County",470313,214.963226617168,0.111851067050098,243.242266320514,31.4684050834232,288.743879076275,11.1851067050098
2021-02-09,44140,209,38088,154,6052,55,41675,165,283678,1023,325353,1188,0,527,12,1404,197,42209,6,1229,547,"Knox County",470313,228.145936854818,0.116783013379872,252.597738102072,44.4384909624016,298.524599575177,11.6783013379872
2021-02-08,43931,107,37934,72,5997,35,41510,76,282655,371,324165,447,4,527,-159,1392,262,42012,2,1223,542,"Knox County",470313,234.737291973643,0.119977037887486,95.0430883262848,22.7508063778803,295.973107271115,11.9977037887486
2021-02-07,43824,108,37862,75,5962,33,41434,83,282284,716,323718,799,1,523,-28,1551,135,41750,2,1221,539,"Knox County",470313,222.617703529352,0.113196650303205,169.886862578751,22.963430736552,329.780380299928,11.3196650303205
2021-02-06,43716,304,37787,176,5929,128,41351,197,281568,1396,322919,1593,2,522,137,1579,165,41615,6,1219,538,"Knox County",470313,258.551220144882,0.116016971625564,338.710603364143,64.6378050362206,335.733862342738,11.6016971625564
2021-02-05,43412,177,37611,131,5801,46,41154,143,280172,727,321326,870,8,520,-4,1442,173,41450,4,1213,534,"Knox County",470313,258.125971427539,0.12260010970927,184.983192044447,37.6345114849047,306.604325204704,12.260010970927
2021-02-04,43235,199,37480,148,5755,51,41011,161,279445,1582,320456,1743,2,512,0,1446,197,41277,7,1209,531,"Knox County",470313,266.205697057066,0.120375128468654,370.604257164909,42.3122473756839,307.454822639391,12.0375128468654
2021-02-03,43036,230,37332,164,5704,66,40850,172,277863,1634,318713,1806,5,510,-8,1446,233,41080,7,1202,523,"Knox County",470313,283.640894468152,0.118044044518115,383.999591761231,48.903602494509,307.454822639391,11.8044044518115
2021-02-02,42806,92,37168,70,5638,22,40678,77,276229,291,316907,368,7,505,-159,1454,244,40847,1,1195,523,"Knox County",470313,258.763844503554,0.119197482297404,78.2457639912144,19.5614409978036,309.155817508765,11.9197482297404
2021-02-01,42714,153,37098,82,5616,71,40601,97,275938,425,316539,522,4,498,-126,1613,275,40603,2,1194,521,"Knox County",470313,268.544565002456,0.120763537202961,110.989915226668,32.5315268767821,342.963090537578,12.0763537202961
2021-01-31,42561,175,37016,121,5545,54,40504,129,275513,939,316017,1068,7,494,13,1739,155,40328,4,1192,518,"Knox County",470313,282.790397033465,0.122459222082811,227.082815061459,37.2092627675612,369.753759730222,12.2459222082811
2021-01-30,42386,276,36895,232,5491,44,40375,250,274574,1518,314949,1768,7,487,91,1726,178,40173,9,1188,516,"Knox County",470313,276.836914990655,0.126335174953959,375.919866131704,58.6843229934108,366.989643067489,12.6335174953959
2021-01-29,42110,102,36663,52,5447,50,40125,62,273056,376,313181,438,4,480,-139,1635,237,39995,1,1179,510,"Knox County",470313,260.890088090272,0.12290937378452,93.1294690982388,21.6876845845214,347.640826428357,12.290937378452
2021-01-28,42008,157,36611,116,5397,41,40063,129,272680,657,312743,786,9,476,-75,1774,223,39758,5,1178,505,"Knox County",470313,251.959865026057,0.135583185316755,167.122745916018,33.3820243114692,377.195612283734,13.5583185316755
2021-01-27,41851,167,36495,123,5356,44,39934,125,272023,894,311957,1019,12,467,-74,1849,229,39535,2,1173,501,"Knox County",470313,238.564530429735,0.145585525213604,216.664221486542,35.508267898187,393.142439184118,14.5585525213604
2021-01-26,41684,234,36372,173,5312,61,39809,193,271129,1041,310938,1234,3,455,-26,1923,257,39306,7,1171,497,"Knox County",470313,268.757189361128,0.144111192392099,262.378458600974,49.7540999291961,408.876641725829,14.4111192392099
2021-01-25,41450,158,36199,106,5251,52,39616,115,270088,415,309704,530,9,452,-198,1949,347,39049,1,1164,490,"Knox County",470313,269.820311154486,0.146573140435482,112.690910096042,33.5946486701409,414.404875051296,14.6573140435481
2021-01-24,41292,156,36093,104,5199,52,39501,111,269673,791,309174,902,4,443,-100,2147,252,38702,2,1163,486,"Knox County",470313,265.780448339723,0.147521341920024,191.787171521944,33.1693999527974,456.504498068308,14.7521341920024
2021-01-23,41136,309,35989,222,5147,87,39390,232,268882,1492,308272,1724,7,439,63,2247,239,38450,7,1161,481,"Knox County",470313,272.797052175891,0.145786220413086,366.564394350146,65.7009268295794,477.766933935485,14.5786220413086
2021-01-22,40827,178,35767,143,5060,35,39158,176,267390,1173,306548,1349,3,432,-152,2184,327,38211,7,1154,478,"Knox County",470313,288.956503434947,0.143292682926829,286.830259848229,37.8471358435765,464.371599339163,14.3292682926829
2021-01-21,40649,268,35624,195,5025,73,38982,203,266217,1081,305199,1284,11,429,-125,2336,382,37884,6,1147,470,"Knox County",470313,312.557807247514,0.143620989803531,273.009676534563,56.9833281240365,496.690501857274,14.3620989803531
2021-01-20,40381,192,35429,131,4952,61,38779,131,265136,736,303915,867,10,418,-154,2461,336,37502,8,1141,465,"Knox County",470313,317.873416214308,0.147148288973384,184.345318968432,40.8238768649814,523.268546691246,14.7148288973384
2021-01-19,40189,311,35298,195,4891,116,38648,219,264400,957,303048,1176,8,408,-84,2615,387,37166,14,1133,455,"Knox County",470313,334.245491832035,0.15155771195097,250.046245798011,66.126175546923,556.0126979267,15.155771195097
2021-01-18,39878,129,35103,80,4775,49,38429,87,263443,472,301872,559,7,400,-365,2699,487,36779,4,1119,452,"Knox County",470313,328.079385430554,0.147436712886401,118.857016497524,27.4285422686594,573.873144055129,14.7436712886401
2021-01-17,39749,181,35023,138,4726,43,38342,151,262971,690,301313,841,3,393,-205,3064,383,36292,8,1115,443,"Knox County",470313,333.394994397348,0.153717948717949,178.817085642965,38.4850089195918,651.481034970328,15.3717948717949
2021-01-16,39568,421,34885,340,4683,81,38191,389,262281,1757,300472,2146,1,390,9,3269,411,35909,7,1107,437,"Knox County",470313,357.208922568587,0.164923376307468,456.291873709636,89.5148550008186,695.069028498043,16.4923376307468
2021-01-15,39147,187,34545,149,4602,38,37802,153,260524,755,298326,908,0,389,-95,3260,282,35498,4,1100,429,"Knox County",470313,359.122541796633,0.171314741035857,193.062917673975,39.7607550716225,693.155409269997,17.1314741035857
2021-01-14,38960,338,34396,267,4564,71,37649,290,259769,1479,297418,1769,6,389,-91,3355,423,35216,7,1096,419,"Knox County",470313,374.006246903658,0.171788047423179,376.132490490376,71.867033231061,713.354723343816,17.1788047423179
2021-01-13,38622,249,34129,201,4493,48,37359,206,258290,946,295649,1152,12,383,-249,3446,486,34793,6,1089,412,"Knox County",470313,386.125835347949,0.174833352824231,244.943261189888,52.9434653092728,732.703539982948,17.4833352824231
2021-01-12,38373,332,33928,261,4445,71,37153,283,257344,1181,294497,1464,10,371,-176,3695,498,34307,6,1083,410,"Knox County",470313,390.590946880056,0.176377418259984,311.282061095483,70.5912870790304,785.64700529222,17.6377418259984
2021-01-11,38041,244,33667,197,4374,47,36870,228,256163,726,293033,954,4,361,-395,3871,635,33809,5,1077,405,"Knox County",470313,415.042748127311,0.184102230885857,202.843638172876,51.8803435159139,823.068892418453,18.4102230885857
2021-01-10,37797,328,33470,205,4327,123,36642,222,255437,1013,292079,1235,5,357,-6,4266,329,33174,17,1072,399,"Knox County",470313,446.298528852062,0.183942667220607,262.591082959646,69.7407896443432,907.055514093806,18.3942667220607
2021-01-09,37469,475,33265,393,4204,82,36420,426,254424,1384,290844,1810,5,352,101,4272,369,32845,12,1055,393,"Knox County",470313,457.780244220338,0.194575979337064,384.850089195918,100.996570369095,908.331260245836,19.4575979337064
2021-01-08,36994,459,32872,371,4122,88,35994,392,253040,1432,289034,1824,7,347,267,4171,185,32476,6,1043,391,"Knox County",470313,515.614069779062,0.200528996865204,387.826830217323,97.5945806303462,886.856200019987,20.0528996865204
2021-01-07,36535,389,32501,346,4034,43,35602,354,251608,1309,287210,1663,10,340,73,3904,306,32291,10,1037,383,"Knox County",470313,526.457912071323,0.208968521084934,353.594308471167,82.7108755233217,830.085496254622,20.8968521084934
2021-01-06,36146,497,32155,363,3991,134,35248,378,250299,1187,285547,1565,9,330,61,3831,427,31985,15,1027,380,"Knox County",470313,579.188753021924,0.217118402282454,332.757121321333,105.674306259874,814.563918071582,21.7118402282454
2021-01-05,35649,520,31792,327,3857,193,34870,345,249112,1193,283982,1538,14,321,32,3770,474,31558,14,1012,371,"Knox County",470313,619.162132452218,0.221456228161299,327.016263637195,110.564666509325,801.593832192604,22.1456228161299
2021-01-04,35129,322,31465,228,3664,94,34525,249,247919,654,282444,903,6,307,-222,3738,538,31084,6,998,365,"Knox County",470313,635.746832428617,0.224520781932055,191.999795880616,68.4650434923126,794.789852715107,22.4520781932055
2021-01-03,34807,285,31237,182,3570,103,34276,195,247265,608,281541,803,2,301,-15,3960,298,30546,10,992,357,"Knox County",470313,626.60398500573,0.231446665347318,170.737360013438,60.5979422214568,841.992460340242,23.1446665347318
2021-01-02,34522,423,31055,319,3467,104,34081,345,246657,1095,280738,1440,0,299,106,3975,317,30248,22,982,348,"Knox County",470313,615.547518354798,0.231922760887428,306.179076487361,89.9401037181622,845.181825720318,23.1922760887428
2021-01-01,34099,420,30736,350,3363,70,33736,374,245562,1297,279298,1671,2,299,3,3869,415,29931,7,960,344,"Knox County",470313,607.255168366598,0.233747260774288,355.295303340541,89.3022306421468,822.64364370111,23.3747260774288
2020-12-31,33679,448,30386,311,3293,137,33362,322,244265,929,277627,1251,12,297,0,3866,436,29516,8,953,338,"Knox County",470313,619.800005528233,0.240758913967942,265.993072698394,95.2557126849566,822.005770625094,24.0758913967942
2020-12-30,33231,363,30075,248,3156,115,33040,271,243336,931,276376,1202,6,285,-146,3866,503,29080,9,945,335,"Knox County",470313,591.308341466215,0.238533151680291,255.574479123477,77.1826421978555,822.005770625094,23.8533151680291
2020-12-29,32868,590,29827,398,3041,192,32769,420,242405,1081,275174,1501,7,279,110,4012,473,28577,14,936,331,"Knox County",470313,606.19204657324,0.248090297571543,319.149162366339,125.448371616349,853.048926991174,24.8090297571543
2020-12-28,32278,252,29429,174,2849,78,32349,185,241324,565,273673,750,4,272,-331,3902,579,28104,4,922,323,"Knox County",470313,591.308341466215,0.245068461359944,159.468269003834,53.5813383852881,829.660247537278,24.5068461359944
2020-12-27,32026,230,29255,156,2771,74,32164,172,240759,489,272923,661,3,268,-74,4233,301,27525,8,918,318,"Knox County",470313,579.614001739267,0.246460594620104,140.544701082045,48.903602494509,900.038910257637,24.6460594620104
2020-12-26,31796,358,29099,288,2697,70,31992,328,240270,1064,272262,1392,0,265,59,4307,299,27224,10,910,311,"Knox County",470313,565.793418425602,0.245847176079734,295.973107271115,76.1195204044966,915.773112799348,24.5847176079734
2020-12-25,31438,353,28811,287,2627,66,31664,308,239206,1070,270870,1378,1,265,-100,4248,452,26925,5,900,306,"Knox County",470313,551.547586394592,0.246588813767671,292.99636624971,75.0563986111377,903.228275637714,24.6588813767671
2020-12-24,31085,351,28524,277,2561,74,31356,311,238136,1273,269492,1584,5,264,-111,4348,457,26473,8,895,299,"Knox County",470313,530.92302360343,0.235592820028342,336.796984136097,74.6311498937941,924.490711504891,23.5592820028342
2020-12-23,30734,472,28247,351,2487,121,31045,371,236863,1411,267908,1782,6,259,-15,4459,481,26016,9,887,292,"Knox County",470313,554.099078698654,0.231542882404951,378.896607153109,100.358697293079,948.092015317459,23.1542882404951
2020-12-22,30262,530,27896,392,2366,138,30674,432,235452,1470,266126,1902,7,253,-25,4474,548,25535,15,878,285,"Knox County",470313,541.341617178347,0.222986559424278,404.411530193722,112.690910096042,951.281380697535,22.2986559424278
2020-12-21,29732,442,27504,361,2228,81,30242,391,233982,1423,264224,1814,2,246,-138,4499,578,24987,5,863,279,"Knox County",470313,581.740245325985,0.22001331684581,385.700586630606,93.9799665329259,956.59698966433,22.001331684581
2020-12-20,29290,514,27143,431,2147,83,29851,478,232559,2245,262410,2723,2,244,234,4637,278,24409,7,858,276,"Knox County",470313,642.12556318877,0.208270377733598,578.976128663252,109.288920357294,985.939151161035,20.8270377733598
2020-12-19,28776,524,26712,440,2064,84,29373,489,230314,1445,259687,1934,6,242,252,4403,266,24131,13,851,270,"Knox County",470313,677.421206728285,0.211938705496684,411.215509671219,111.415163944012,936.185051231839,21.1938705496684
2020-12-18,28252,480,26272,420,1980,60,28884,430,228869,1359,257753,1789,4,236,98,4151,378,23865,11,838,263,"Knox County",470313,704.424500279601,0.214518036664695,380.384977663811,102.059692162454,882.603712846551,21.4518036664695
2020-12-17,27772,732,25852,633,1920,99,28454,663,227510,1898,255964,2561,11,232,287,4053,434,23487,11,827,257,"Knox County",470313,785.434380933548,0.224336435711824,544.530982558424,155.641030547742,861.766525696717,22.4336435711824
2020-12-16,27040,564,25219,452,1821,112,27791,472,225612,1729,253403,2201,8,221,99,3766,457,23053,11,816,253,"Knox County",470313,804.995821931352,0.224805682122755,467.986213436584,119.920138290883,800.743334757917,22.4805682122755
2020-12-15,26476,765,24767,675,1709,90,27319,716,223883,2415,251202,3131,2,213,324,3667,439,22596,15,805,249,"Knox County",470313,854.96254621922,0.225283229121525,665.726867001337,162.65763438391,779.693523249411,22.5283229121525
2020-12-14,25711,473,24092,412,1619,61,26603,463,221468,1624,248071,2087,6,211,-11,3343,478,22157,7,790,241,"Knox County",470313,861.553901338045,0.225922318275904,443.747036548001,100.571321651751,710.803231039754,22.5922318275904
2020-12-13,25238,627,23680,571,1558,56,26140,757,219844,2935,245984,3692,2,205,398,3354,227,21679,10,783,234,"Knox County",470313,885.580453867956,0.229376257545272,785.009132216205,133.315472887205,713.142098985144,22.9376257545272
2020-12-12,24611,464,23109,392,1502,72,25383,454,216909,2172,242292,2626,3,203,183,2956,278,21452,19,773,228,"Knox County",470313,872.822992347649,0.218665339746779,558.351565872089,98.6577024237051,628.517604233776,21.8665339746779
2020-12-11,24147,557,22717,523,1430,34,24929,430,214737,1407,239666,1837,6,200,281,2773,270,21174,10,754,224,"Knox County",470313,889.195067965376,0.218086572925283,390.590946880056,118.43176778018,589.607346596841,21.8086572925283
2020-12-10,23590,473,22194,414,1396,59,24499,540,213330,1910,237829,2450,8,194,325,2492,140,20904,9,744,222,"Knox County",470313,834.125359069386,0.212605415002219,520.929678745856,100.571321651751,529.859901810071,21.2605415002219
2020-12-09,23117,406,21780,336,1337,70,23959,359,211420,924,235379,1283,2,186,76,2167,328,20764,13,735,212,"Knox County",470313,800.530710399245,0.217409096223547,272.797052175891,86.3254896207419,460.756985241743,21.7409096223547
2020-12-08,22711,491,21444,445,1267,46,23600,540,210496,2077,234096,2617,9,184,126,2091,356,20436,9,722,209,"Knox County",470313,742.271636123178,0.213536644165863,556.437946644043,104.398560107843,444.597533982688,21.3536644165863
2020-12-07,22220,323,20999,271,1221,52,23060,317,208419,1135,231479,1452,3,175,-128,1965,448,20080,6,713,207,"Knox County",470313,710.377982322411,0.212884627436235,308.730568791422,68.6776678509843,417.806864790044,21.2884627436235
2020-12-06,21897,332,20728,291,1169,41,22743,187,207284,668,230027,855,6,172,103,2093,223,19632,6,707,204,"Knox County",470313,647.653796514236,0.21547256097561,181.79382666437,70.5912870790304,445.022782700032,21.547256097561
2020-12-05,21565,289,20437,263,1128,26,22556,213,206616,714,229172,927,2,166,55,1990,232,19409,8,701,200,"Knox County",470313,610.444533746675,0.226425006566851,197.102780488738,61.4484396561439,423.122473756839,22.6425006566851
2020-12-04,21276,354,20174,321,1102,33,22343,297,205902,1091,228245,1388,5,164,17,1935,332,19177,11,693,198,"Knox County",470313,567.281788936304,0.223569084943493,295.122609836428,75.2690229698095,411.428134029891,22.3569084943493
2020-12-03,20922,441,19853,424,1069,17,22046,448,204811,1215,226857,1663,2,159,180,1918,259,18845,10,682,193,"Knox County",470313,560.477809458807,0.231811487481591,353.594308471167,93.7673421742542,407.813519932471,23.1811487481591
2020-12-02,20481,192,19429,170,1052,22,21598,185,203596,575,225194,760,2,157,-146,1738,336,18586,7,672,191,"Knox County",470313,514.976196703047,0.226350652038915,161.594512590551,40.8238768649814,369.54113537155,22.6350652038915
2020-12-01,20289,403,19259,380,1030,23,21413,409,203021,1832,224434,2241,5,155,87,1884,311,18250,7,665,186,"Knox County",470313,496.26525313993,0.221408572043937,476.491187783455,85.6876165447266,400.58429173763,22.1408572043937
2020-11-30,19886,385,18879,371,1007,14,21004,436,201189,1815,222193,2251,1,150,24,1797,360,17939,3,658,183,"Knox County",470313,509.44796337758,0.215666831928607,478.617431370173,81.8603780886346,382.085972533185,21.5666831928607
2020-11-29,19501,226,18508,217,993,9,20568,261,199374,1465,219942,1726,0,149,40,1773,186,17579,5,655,180,"Knox County",470313,486.909781358372,0.205275648046732,366.989643067489,48.0531050598219,376.982987925063,20.5275648046732
2020-11-28,19275,271,18291,257,984,14,20307,299,197909,1967,218216,2266,0,149,73,1733,198,17393,8,650,174,"Knox County",470313,483.08254290228,0.189914599430663,481.806796750249,57.6212012000519,368.478013578192,18.9914599430663
2020-11-27,19004,235,18034,215,970,20,20008,249,195942,1247,215950,1496,3,149,-6,1660,238,17195,12,642,170,"Knox County",470313,457.780244220338,0.184390873175845,318.08604057298,49.9667242878679,352.956435395152,18.4390873175845
2020-11-26,18769,344,17819,341,950,3,19759,441,194695,1429,214454,1870,4,146,48,1666,292,16957,5,630,168,"Knox County",470313,437.155681429176,0.18080888183981,397.607550716225,73.1427793830917,354.232181547182,18.080888183981
2020-11-25,18425,219,17478,193,947,26,19318,123,193266,325,212584,448,0,142,-58,1618,277,16665,3,625,162,"Knox County",470313,442.896539113314,0.180354529191738,95.2557126849566,46.5647345491194,344.026212330937,18.0354529191738
2020-11-24,18206,153,17285,130,921,23,19195,116,192941,673,212136,789,2,142,-111,1676,262,16388,6,622,160,"Knox County",470313,389.740449445369,0.177484787018256,167.760618992033,32.5315268767821,356.3584251339,17.7484787018256
2020-11-23,18053,167,17155,146,898,21,19079,100,192268,392,211347,492,3,140,-98,1787,262,16126,7,616,158,"Knox County",470313,343.388339254922,0.174865192032574,104.611184466515,35.508267898187,379.959728946468,17.4865192032574
2020-11-22,17886,220,17009,212,877,8,18979,258,191876,1808,210855,2066,2,137,86,1885,132,15864,5,609,151,"Knox County",470313,342.112593102891,0.168240161238994,439.281925015894,46.7773589077912,400.796916096302,16.8240161238994
2020-11-21,17666,173,16797,169,869,4,18721,198,190068,1465,208789,1663,0,135,2,1799,171,15732,4,604,149,"Knox County",470313,321.275405953057,0.168291024478694,353.594308471167,36.7840140502176,382.511221250529,16.8291024478694
2020-11-20,17493,178,16628,169,865,9,18523,163,188603,791,207126,954,7,135,-17,1797,188,15561,5,600,147,"Knox County",470313,309.155817508765,0.168920550591645,202.843638172876,37.8471358435765,382.085972533185,16.8920550591645
2020-11-19,17315,166,16459,148,856,18,18360,128,187812,663,206172,791,2,128,-28,1814,192,15373,4,595,143,"Knox County",470313,271.308681665189,0.150770512286547,168.185867709377,35.2956435395152,385.700586630606,15.0770512286547
2020-11-18,17149,168,16311,162,838,6,18232,179,187149,875,205381,1054,0,126,-9,1842,177,15181,7,591,138,"Knox County",470313,260.464839372928,0.146241516199257,224.106074040054,35.7208922568587,391.654068673415,14.6241516199257
2020-11-17,16981,248,16149,240,832,8,18053,260,186274,1033,204327,1293,9,126,86,1851,153,15004,6,584,137,"Knox County",470313,280.664153446747,0.154697461806809,274.923295762609,52.730840950601,393.567687901461,15.4697461806809
2020-11-16,16733,272,15909,261,824,11,17793,286,185241,1409,203034,1695,2,117,79,1765,191,14851,6,578,136,"Knox County",470313,302.989711107284,0.154686843211433,360.398287948664,57.8338255587237,375.281993055688,15.4686843211433
2020-11-15,16461,274,15648,247,813,27,17507,295,183832,2278,201339,2573,2,115,162,1686,110,14660,3,572,134,"Knox County",470313,314.47142647556,0.150553726429213,547.082474862485,58.2590742760672,358.484668720618,15.0553726429213
2020-11-14,16187,306,15401,293,786,13,17212,321,181554,1699,198766,2020,0,113,188,1524,118,14550,7,569,130,"Knox County",470313,342.750466178906,0.157225433526012,429.501204516992,65.0630537535641,324.03952261579,15.7225433526012
2020-11-13,15881,219,15108,200,773,19,16891,190,179855,965,196746,1155,4,113,73,1336,142,14432,6,562,127,"Knox County",470313,351.468064884449,0.156790473490218,245.581134265904,46.5647345491194,284.066143185496,15.6790473490218
2020-11-12,15662,143,14908,130,754,13,16701,136,178890,955,195591,1091,1,109,-3,1263,145,14290,3,556,126,"Knox County",470313,346.577704634998,0.153202830622185,231.97317531091,30.4052832900643,268.544565002456,15.3202830622185
2020-11-11,15519,191,14778,177,741,14,16565,191,177935,1229,194500,1420,3,108,23,1266,165,14145,7,553,124,"Knox County",470313,351.468064884449,0.149284253578732,301.926589313925,40.6112525063096,269.182438078471,14.9284253578732
2020-11-10,15328,168,14601,163,727,5,16374,186,176706,1131,193080,1317,2,105,24,1243,142,13980,4,546,123,"Knox County",470313,334.458116190707,0.142400851743412,280.026280370732,35.7208922568587,264.29207782902,14.2400851743412
2020-11-09,15160,135,14438,121,722,14,16188,131,175575,490,191763,621,1,103,-16,1219,150,13838,2,542,121,"Knox County",470313,305.328579052673,0.142198685888006,132.039726735174,28.7042884206901,259.189093220898,14.2198685888006
2020-11-08,15025,215,14317,203,708,12,16057,252,175085,2625,191142,2877,1,102,94,1235,120,13688,3,540,119,"Knox County",470313,292.783741891039,0.133987239310542,611.720279898706,45.7142371144323,262.591082959646,13.3987239310542
2020-11-07,14810,169,14114,161,696,8,15805,187,172460,1918,188265,2105,1,101,59,1141,109,13568,5,537,114,"Knox County",470313,263.654204753005,0.120253164556962,447.574275004093,35.9335166155305,242.604393244499,12.0253164556962
2020-11-06,14641,155,13953,138,688,17,15618,160,170542,1236,186160,1396,0,100,24,1082,131,13459,5,532,114,"Knox County",470313,250.046245798011,0.114805578645978,296.823604705802,32.9567755941256,230.059556082864,11.4805578645978
2020-11-05,14486,158,13815,142,671,16,15458,151,169306,613,184764,764,1,100,33,1058,124,13328,6,527,111,"Knox County",470313,253.235611178088,0.119809523809524,162.445010025239,33.5946486701409,224.956571474741,11.9809523809524
2020-11-04,14328,145,13673,132,655,13,15307,148,168693,934,184000,1082,-1,99,20,1025,126,13204,5,521,110,"Knox County",470313,243.454890679186,0.119563078134226,230.059556082864,30.8305320074078,217.939967638573,11.9563078134226
2020-11-03,14183,196,13541,183,642,13,15159,195,167759,836,182918,1031,3,100,45,1005,148,13078,5,516,108,"Knox County",470313,249.408372721996,0.123936816524909,219.215713790603,41.6743742996685,213.687480465137,12.3936816524909
2020-11-02,13987,116,13358,110,629,6,14964,115,166923,807,181887,922,1,97,-36,960,151,12930,2,511,107,"Knox County",470313,245.368509907232,0.118699027218237,196.039658695379,24.6644256059263,204.119384324907,11.8699027218237
2020-11-01,13871,124,13248,116,623,8,14849,131,166116,1273,180965,1404,0,96,14,996,110,12779,3,509,105,"Knox County",470313,226.0196932681,0.124885110294118,298.524599575177,26.3654204753005,211.773861237091,12.4885110294118
2020-10-31,13747,5,13132,5,615,0,14718,7,164843,4,179561,11,0,96,-99,982,104,12669,0,506,103,"Knox County",470313,191.149298445929,0.137216338880484,2.33886794538956,1.06312179335889,208.797120215686,13.7216338880484
2020-10-30,13742,156,13127,146,615,10,14711,148,164839,853,179550,1001,1,96,27,1081,128,12565,4,506,102,"Knox County",470313,191.3619228046,0.144006436041834,212.83698303045,33.1693999527974,229.846931724192,14.4006436041834
2020-10-29,13586,152,12981,138,605,14,14563,136,163986,1569,178549,1705,0,95,49,1054,103,12437,4,502,102,"Knox County",470313,190.08617665257,0.122973728339855,362.524531535382,32.3189025181103,224.106074040054,12.2973728339855
2020-10-28,13434,103,12843,96,591,7,14427,102,162417,1055,176844,1157,3,95,-47,1005,147,12334,8,498,101,"Knox County",470313,181.155953588355,0.115336744571982,246.006382983247,21.9003089431931,213.687480465137,11.5336744571982
2020-10-27,13331,119,12747,113,584,6,14325,127,161362,799,175687,926,1,92,-6,1052,124,12187,3,490,100,"Knox County",470313,164.783877970628,0.107493685096829,196.890156130067,25.3022986819416,223.680825322711,10.7493685096829
2020-10-26,13212,81,12634,74,578,7,14198,73,160563,372,174761,445,2,91,-72,1058,151,12063,1,487,98,"Knox County",470313,157.342025417116,0.108888554669875,94.6178396089413,17.222573052414,224.956571474741,10.8888554669875
2020-10-25,13131,132,12560,121,571,11,14125,151,160191,1365,174316,1516,0,89,53,1130,79,11912,3,486,98,"Knox County",470313,159.04302028649,0.110042893063156,322.338527746416,28.0664153446747,240.265525299109,11.0042893063156
2020-10-24,12999,172,12439,167,560,5,13974,202,158826,1789,172800,1991,0,89,56,1077,116,11833,5,483,97,"Knox County",470313,194.551288184677,0.107424779773481,423.33509811551,36.5713896915458,228.996434289505,10.7424779773481
2020-10-23,12827,159,12272,148,555,11,13772,172,157037,1239,170809,1411,1,89,39,1021,119,11717,5,478,96,"Knox County",470313,195.189161260692,0.105234400611955,300.012970085879,33.8072730288127,217.089470203885,10.5234400611955
2020-10-22,12668,182,12124,168,544,14,13600,169,155798,1607,169398,1776,1,88,59,982,122,11598,5,473,96,"Knox County",470313,201.567892020846,0.108002602472349,377.620861001078,38.6976332782636,208.797120215686,10.8002602472349
2020-10-21,12486,72,11956,68,530,4,13431,74,154191,682,167622,756,0,87,-32,923,104,11476,1,468,96,"Knox County",470313,194.976536902021,0.109738124929146,160.744015155864,15.308953824368,196.252283054051,10.9738124929146
2020-10-20,12414,127,11888,121,526,6,13357,150,153509,739,166866,889,0,87,13,955,114,11372,7,467,95,"Knox County",470313,196.677531771395,0.112818761384335,189.023054859211,27.0032935513158,203.056262531548,11.2818761384335
2020-10-19,12287,112,11767,107,520,5,13207,117,152770,939,165977,1056,1,87,-9,942,120,11258,6,460,94,"Knox County",470313,203.26888689022,0.110164981373071,224.531322757398,23.8139281712392,200.292145868815,11.0164981373071
2020-10-18,12175,140,11660,135,515,5,13090,168,151831,1431,164921,1599,0,86,52,951,88,11138,7,454,94,"Knox County",470313,204.969881759594,0.11099388056552,339.986349516173,29.7674102140489,202.205765096861,11.099388056552
2020-10-17,12035,128,11525,125,510,3,12922,154,150400,1458,163322,1612,1,86,42,899,85,11050,3,447,93,"Knox County",470313,195.614409978036,0.110341795801736,342.750466178906,27.2159179099876,191.149298445929,11.0341795801736
2020-10-16,11907,72,11400,71,507,1,12768,61,148942,390,161710,451,1,85,-26,857,97,10965,3,444,92,"Knox County",470313,177.116090773591,0.109718638653397,95.893585760972,15.308953824368,182.219075381714,10.9718638653397
2020-10-15,11835,74,11329,62,506,12,12707,66,148552,941,161259,1007,1,84,-56,883,129,10868,3,441,90,"Knox County",470313,154.152660037039,0.10719131614654,214.112729182481,15.7342025417116,187.74730870718,10.719131614654
2020-10-14,11761,149,11267,143,494,6,12641,150,147611,1086,160252,1236,0,83,58,939,91,10739,5,438,88,"Knox County",470313,170.524735654766,0.11031847133758,262.803707318318,31.6810294420949,199.6542727928,11.031847133758
2020-10-13,11612,71,11124,68,488,3,12491,63,146525,581,159016,644,1,83,-36,881,106,10648,6,433,88,"Knox County",470313,158.617771569146,0.102432610124918,136.930086984625,15.0963294656962,187.322059989837,10.2432610124918
2020-10-12,11541,79,11056,66,485,13,12428,87,145944,806,158372,893,0,82,-42,917,121,10542,5,427,87,"Knox County",470313,151.601167732978,0.100644987906477,189.873552293898,16.7973243350705,194.976536902021,10.0644987906477
2020-10-11,11462,170,10990,163,472,7,12341,179,145138,1612,157479,1791,0,82,94,959,76,10421,8,422,85,"Knox County",470313,157.979898493131,0.0995546240503013,380.810226381155,36.1461409742023,203.906759966235,9.95546240503013
2020-10-10,11292,130,10827,122,465,8,12162,132,143526,1393,155688,1525,0,82,46,865,84,10345,3,414,85,"Knox County",470313,158.405147210475,0.0977872002120048,324.252146974462,27.6411666273312,183.920070251088,9.77872002120048
2020-10-09,11162,120,10705,118,457,2,12030,134,142133,1336,154163,1470,0,82,34,819,86,10261,3,411,85,"Knox County",470313,168.61111642672,0.0946766285314032,312.557807247514,25.5149230406134,174.139349752186,9.46766285314032
2020-10-08,11042,110,10587,102,455,8,11896,103,140797,943,152693,1046,1,82,32,785,77,10175,4,408,85,"Knox County",470313,176.265593338904,0.0985473561882626,222.40507917068,23.3886794538956,166.910121557346,9.85473561882626
2020-10-07,10932,104,10485,88,447,16,11793,95,139854,1650,151647,1745,0,81,11,753,93,10098,5,404,85,"Knox County",470313,166.697497198674,0.087008997147246,371.029505882253,22.1129333018649,160.106142079849,8.7008997147246
2020-10-06,10828,115,10397,102,431,13,11698,114,138204,1393,149902,1507,0,81,3,742,112,10005,4,399,84,"Knox County",470313,176.052968980232,0.0845945675052621,320.42490851837,24.4518012472545,157.767274134459,8.45945675052621
2020-10-05,10713,118,10295,109,418,9,11584,123,136811,1238,148395,1361,0,81,11,739,107,9893,5,395,84,"Knox County",470313,184.345318968432,0.0842508377213978,289.38175215229,25.0896743232698,157.129401058444,8.42508377213978
2020-10-04,10595,96,10186,89,409,7,11461,99,135573,1827,147034,1926,1,81,31,728,64,9786,2,390,82,"Knox County",470313,168.61111642672,0.0756143667296786,409.514514801845,20.4119384324907,154.790533113054,7.56143667296786
2020-10-03,10499,77,10097,76,402,1,11362,92,133746,1864,145108,1956,0,80,6,697,71,9722,2,388,82,"Knox County",470313,157.342025417116,0.0690218872037054,415.893245561998,16.3720756177269,148.199177994229,6.90218872037054
2020-10-02,10422,82,10021,79,401,3,11270,82,131882,602,143152,684,0,80,-17,691,99,9651,1,386,82,"Knox County",470313,149.262299787588,0.0692420537897311,145.435061331496,17.4351974110858,146.923431842199,6.92420537897311
2020-10-01,10340,71,9942,68,398,3,11188,73,131280,683,142468,756,0,80,2,708,69,9552,1,385,82,"Knox County",470313,140.969949799389,0.0682435832913941,160.744015155864,15.0963294656962,150.538045939619,6.82435832913941
2020-09-30,10269,75,9874,72,395,3,11115,70,130597,675,141712,745,1,80,-32,706,106,9483,2,384,82,"Knox County",470313,134.803843397907,0.0730833799664242,158.405147210475,15.9468269003834,150.112797222275,7.30833799664242
2020-09-29,10194,80,9802,75,392,5,11045,87,129922,1140,140967,1227,-1,79,-16,738,97,9377,2,382,82,"Knox County",470313,127.361990844395,0.0723281340265742,260.890088090272,17.0099486937423,156.916776699772,7.23281340265742
2020-09-28,10114,57,9727,51,387,6,10958,49,128782,431,139740,480,1,80,-70,754,126,9280,3,380,81,"Knox County",470313,114.391904965417,0.0710059171597633,102.059692162454,12.1195884442914,160.318766438521,7.10059171597633
2020-09-27,10057,72,9676,67,381,5,10909,79,128351,978,139260,1057,0,79,-18,824,90,9154,3,377,79,"Knox County",470313,109.288920357294,0.0770456191165822,224.74394711607,15.308953824368,175.202471545545,7.70456191165822
2020-09-26,9985,126,9609,121,376,5,10830,136,127373,2087,138203,2223,4,79,8,842,114,9064,5,374,79,"Knox County",470313,119.707513932211,0.0803123257110987,472.663949327363,26.790669192644,179.029710001637,8.03123257110987
2020-09-25,9859,102,9488,100,371,2,10694,103,125286,1439,135980,1542,0,75,-3,834,105,8950,1,369,79,"Knox County",470313,123.960001105647,0.074346201743462,327.866761071882,21.6876845845214,177.328715132263,7.4346201743462
2020-09-24,9757,92,9388,89,369,3,10591,105,123847,1717,134438,1822,0,75,-52,837,144,8845,3,368,76,"Knox County",470313,128.425112637754,0.0691512752858399,387.40158149998,19.5614409978036,177.966588208278,6.91512752858399
2020-09-23,9665,53,9299,52,366,1,10486,49,122130,432,132616,481,2,75,-123,889,174,8701,2,365,76,"Knox County",470313,123.747376746975,0.0688405797101449,102.272316521125,11.2690910096042,189.023054859211,6.88405797101449
2020-09-22,9612,82,9247,75,365,7,10437,88,121698,1140,132135,1228,1,73,-53,1012,134,8527,3,363,76,"Knox County",470313,124.172625464318,0.0689459979621873,261.102712448944,17.4351974110858,215.175850975839,6.89459979621873
2020-09-21,9530,34,9172,30,358,4,10349,32,120558,379,130907,411,0,72,-103,1065,137,8393,2,360,76,"Knox County",470313,119.282265214868,0.0675490643541762,87.3886114141008,7.22922819484046,226.444941985444,6.75490643541762
2020-09-20,9496,97,9142,78,354,19,10317,88,120179,707,130496,795,0,72,-17,1168,114,8256,1,358,76,"Knox County",470313,124.597874181662,0.0706892495883322,169.036365144064,20.6245627911625,248.345250928637,7.06892495883322
2020-09-19,9399,132,9064,129,335,3,10229,136,119472,1466,129701,1602,1,72,31,1185,100,8142,5,357,74,"Knox County",470313,125.873620333693,0.0762593579494988,340.624222592189,28.0664153446747,251.959865026057,7.62593579494988
2020-09-18,9267,118,8935,114,332,4,10093,129,118006,1606,128099,1735,3,71,-16,1154,131,8042,3,352,74,"Knox County",470313,129.275610072441,0.0776566757493188,368.903262295535,25.0896743232698,245.368509907232,7.76566757493188
2020-09-17,9149,126,8821,119,328,7,9964,124,116400,1516,126364,1640,0,68,-15,1170,141,7911,6,349,74,"Knox County",470313,136.504838267282,0.0818550430816016,348.703948221716,26.790669192644,248.77049964598,8.18550430816016
2020-09-16,9023,99,8702,77,321,22,9840,117,114884,768,124724,885,1,68,-90,1185,188,7770,3,343,72,"Knox County",470313,146.285558766183,0.0860655737704918,188.172557424524,21.049811508506,251.959865026057,8.60655737704918
2020-09-15,8924,132,8625,126,299,6,9723,136,114116,1338,123839,1474,0,67,-65,1275,197,7582,3,340,71,"Knox County",470313,156.916776699772,0.089206274877078,313.408304682201,28.0664153446747,271.096057306517,8.9206274877078
2020-09-14,8792,127,8499,124,293,3,9587,136,112778,902,122365,1038,0,67,-68,1340,195,7385,5,337,71,"Knox County",470313,176.690842056248,0.0944486857890719,220.704084301306,27.0032935513158,284.916640620183,9.44486857890719
2020-09-13,8665,143,8375,136,290,7,9451,148,111876,1008,121327,1156,0,67,-8,1408,151,7190,0,332,71,"Knox County",470313,186.471562555149,0.0971668415529906,245.793758624576,30.4052832900643,299.375097009864,9.71668415529906
2020-09-12,8522,130,8239,123,283,7,9303,141,110868,1177,120171,1318,1,67,29,1416,100,7039,1,332,71,"Knox County",470313,186.046313837806,0.100692191217824,280.238904729404,27.6411666273312,301.076091879238,10.0692191217824
2020-09-11,8392,104,8116,95,276,9,9162,106,109691,773,118853,879,0,66,-17,1387,121,6939,5,331,69,"Knox County",470313,183.069572816401,0.108224076281287,186.896811272493,22.1129333018649,294.909985477756,10.8224076281287
2020-09-10,8288,192,8021,189,267,3,9056,192,108918,1501,117974,1693,0,66,89,1404,103,6818,5,326,67,"Knox County",470313,197.102780488738,0.115598720833827,359.97303923132,40.8238768649814,298.524599575177,11.5598720833827
2020-09-09,8096,91,7832,82,264,9,8864,93,107417,1710,116281,1803,0,66,-23,1315,114,6715,2,321,67,"Knox County",470313,195.401785619364,0.101698536481145,383.361718685216,19.3488166391318,279.601031653388,10.1698536481145
2020-09-08,8005,126,7750,124,255,2,8771,133,105707,702,114478,835,1,66,30,1338,95,6601,8,319,67,"Knox County",470313,194.126039467333,0.108805319880761,177.541339490935,26.790669192644,284.491391902839,10.8805319880761
2020-09-07,7879,95,7626,92,253,3,8638,98,105005,347,113643,445,1,65,11,1308,83,6506,0,311,67,"Knox County",470313,187.322059989837,0.112067905031369,94.6178396089413,20.1993140738189,278.112661142686,11.2067905031369
2020-09-06,7784,96,7534,92,250,4,8540,94,104658,476,113198,570,0,64,23,1297,73,6423,1,311,67,"Knox County",470313,177.328715132263,0.113615272438022,121.195884442914,20.4119384324907,275.773793197296,11.3615272438022
2020-09-05,7688,284,7442,282,246,2,8446,295,104182,1506,112628,1801,0,64,215,1274,69,6350,4,310,64,"Knox County",470313,210.072866367717,0.125965611761774,382.936469967872,60.385317862785,270.883432947845,12.5965611761774
2020-09-04,7404,93,7160,89,244,4,8151,97,102676,565,110827,662,1,64,16,1059,76,6281,0,306,64,"Knox County",470313,207.733998422327,0.12831348444103,140.757325440717,19.7740653564754,225.169195833413,12.831348444103
2020-09-03,7311,190,7071,184,240,6,8054,198,102111,1798,110165,1996,2,63,107,1043,81,6205,6,306,64,"Knox County",470313,207.308749704984,0.124260355029586,424.398219908869,40.3986281476379,221.767206094665,12.4260355029586
2020-09-02,7121,124,6887,120,234,4,7856,121,100313,1461,108169,1582,2,61,40,936,82,6124,5,300,63,"Knox County",470313,214.325353541152,0.131288810036751,336.371735418753,26.3654204753005,199.016399716784,13.1288810036751
2020-09-01,6997,153,6767,146,230,7,7735,158,98852,660,106587,818,2,59,64,896,87,6042,4,295,62,"Knox County",470313,220.06621122529,0.134747269494539,173.926725393515,32.5315268767821,190.511425369913,13.4747269494539
2020-08-31,6844,99,6621,93,223,6,7577,94,98192,431,105769,525,0,57,18,832,81,5955,3,291,59,"Knox County",470313,220.916708659978,0.132889112396279,111.627788302684,21.049811508506,176.903466414919,13.2889112396279
2020-08-30,6745,72,6528,71,217,1,7483,76,97761,423,105244,499,1,57,5,814,66,5874,1,288,59,"Knox County",470313,215.813724051855,0.131802613218318,106.099554977217,15.308953824368,173.076227958827,13.1802613218318
2020-08-29,6673,118,6457,113,216,5,7407,125,97338,1391,104745,1516,5,56,37,809,76,5808,3,287,57,"Knox County",470313,180.51808051234,0.114372203211371,322.338527746416,25.0896743232698,172.013106165469,11.4372203211371
2020-08-28,6555,89,6344,85,211,4,7282,91,95947,309,103229,400,0,51,-7,772,96,5732,3,284,57,"Knox County",470313,179.667583077653,0.117639040348964,85.0497434687113,18.9235679217883,164.146004894613,11.7639040348964
2020-08-27,6466,116,6259,112,207,4,7191,134,95638,1987,102829,2121,0,51,24,779,92,5636,2,281,57,"Knox County",470313,163.933380535941,0.107090202385739,450.976264742841,24.6644256059263,165.634375405315,10.7090202385739
2020-08-26,6350,77,6147,76,203,1,7057,86,93651,794,100708,880,0,51,-15,755,92,5544,3,279,56,"Knox County",470313,153.940035678367,0.113034472555112,187.109435631165,16.3720756177269,160.531390797193,11.3034472555112
2020-08-25,6273,87,6071,82,202,5,6971,96,92857,896,99828,992,2,51,-6,770,91,5452,3,276,55,"Knox County",470313,139.90682800603,0.101254868022501,210.923363802404,18.4983192044447,163.720756177269,10.1254868022501
2020-08-24,6186,32,5989,28,197,4,6875,29,91961,261,98836,290,0,49,-66,776,98,5361,1,273,55,"Knox County",470313,125.660995975021,0.0951030158256196,61.6610640148157,6.8039794774969,164.9965023293,9.51030158256196
2020-08-23,6154,76,5961,75,193,1,6846,74,91700,566,98546,640,0,49,13,842,63,5263,3,272,55,"Knox County",470313,126.511493409708,0.0928498318467612,136.079589549938,16.1594512590551,179.029710001637,9.28498318467612
2020-08-22,6078,137,5886,136,192,1,6772,154,91134,1892,97906,2046,0,49,70,829,67,5200,4,269,55,"Knox County",470313,130.551356224472,0.0901072058623965,435.029437842458,29.1295371380336,176.265593338904,9.01072058623965
2020-08-21,5941,30,5750,30,191,0,6618,41,89242,262,95860,303,1,49,-62,759,91,5133,1,265,55,"Knox County",470313,118.006519062837,0.0844334433443344,64.4251806775488,6.37873076015334,161.38188823188,8.44334433443344
2020-08-20,5911,119,5720,117,191,2,6577,130,88980,2068,95557,2198,3,48,24,821,92,5042,3,264,55,"Knox County",470313,118.644392138852,0.0830044904068581,467.348340360568,25.3022986819416,174.56459846953,8.30044904068581
2020-08-19,5792,46,5603,41,189,5,6447,48,86912,608,93359,656,2,45,-50,797,94,4950,4,261,55,"Knox County",470313,112.053037020027,0.080280701754386,139.481579288686,9.7807204989018,169.461613861407,8.0280701754386
2020-08-18,5746,134,5562,132,184,2,6399,152,86304,1164,92703,1316,0,43,3,847,131,4856,4,257,55,"Knox County",470313,122.046381877601,0.0843066183380319,279.81365601206,28.4916640620183,180.092831794996,8.43066183380319
2020-08-17,5612,50,5430,42,182,8,6247,50,85140,289,91387,339,1,43,-70,844,119,4725,0,253,54,"Knox County",470313,125.873620333693,0.0865564150440117,72.0796575897328,10.6312179335889,179.454958718981,8.65564150440117
2020-08-16,5562,83,5388,78,174,5,6197,82,84851,587,91048,669,0,42,11,914,72,4606,1,253,53,"Knox County",470313,127.361990844395,0.0872857712235951,142.24569595142,17.6478217697576,194.338663826005,8.72857712235951
2020-08-15,5479,119,5310,116,169,3,6115,132,84264,1223,90379,1355,1,42,42,903,76,4534,2,252,52,"Knox County",470313,123.534752388303,0.0928905792861322,288.106006000259,25.3022986819416,191.999795880616,9.28905792861323
2020-08-14,5360,91,5194,83,166,8,5983,96,83041,1024,89024,1120,0,41,5,861,86,4458,2,250,52,"Knox County",470313,136.504838267282,0.0901607212857703,238.139281712392,19.3488166391318,183.069572816401,9.01607212857703
2020-08-13,5269,127,5111,126,158,1,5887,229,82017,1778,87904,2007,1,41,13,856,113,4372,4,248,51,"Knox County",470313,138.205833136656,0.105735727686947,426.737087854259,27.0032935513158,182.006451023042,10.5735727686947
2020-08-12,5142,79,4985,72,157,7,5658,88,80239,892,85897,980,0,40,-40,843,119,4259,1,244,50,"Knox County",470313,145.222436972824,0.106473156948369,208.371871498343,16.7973243350705,179.242334360309,10.6473156948369
2020-08-11,5063,111,4913,108,150,3,5570,117,79347,1121,84917,1238,0,40,2,883,109,4140,5,243,50,"Knox County",470313,140.332076723374,0.103009859885833,263.228956035661,23.6013038125674,187.74730870718,10.3009859885833
2020-08-10,4952,37,4805,35,147,2,5453,35,78226,365,83679,400,1,40,-94,881,130,4031,0,238,48,"Knox County",470313,137.56796006064,0.100270305058566,85.0497434687113,7.86710127085579,187.322059989837,10.0270305058566
2020-08-09,4915,85,4770,81,145,4,5418,109,77861,826,83279,935,1,39,25,975,59,3901,4,238,48,"Knox County",470313,137.993208777984,0.10031113876789,198.803775358113,18.0730704871011,207.308749704984,10.031113876789
2020-08-08,4830,157,4689,156,141,1,5309,176,77035,2284,82344,2460,1,38,96,950,60,3842,4,234,47,"Knox County",470313,146.072934407512,0.0929978118161926,523.055922332574,33.3820243114692,201.993140738189,9.29978118161926
2020-08-07,4673,50,4533,46,140,4,5133,44,74751,403,79884,447,0,37,-35,854,85,3782,0,230,45,"Knox County",470313,137.355335701969,0.0942482579426007,95.0430883262848,10.6312179335889,181.581202305699,9.42482579426007
2020-08-06,4623,113,4487,105,136,8,5089,121,74348,1463,79437,1584,-1,37,41,889,73,3697,5,230,43,"Knox County",470313,134.378594680564,0.0857782197911487,336.796984136097,24.0265525299109,189.023054859211,8.57782197911487
2020-08-05,4510,99,4382,99,128,0,4968,100,72885,1107,77853,1207,1,38,-1,848,99,3624,3,225,42,"Knox County",470313,138.631081853999,0.0848748639825898,256.637600916836,21.049811508506,180.305456153668,8.48748639825898
2020-08-04,4411,112,4283,111,128,1,4868,106,71778,1082,76646,1188,1,37,-31,849,142,3525,9,222,41,"Knox County",470313,138.843706212671,0.0840530349105948,252.597738102072,23.8139281712392,180.51808051234,8.40530349105948
2020-08-03,4299,50,4172,50,127,0,4762,81,70696,593,75458,674,2,36,-59,880,107,3383,1,213,41,"Knox County",470313,141.607822875404,0.0867569158328429,143.308817744778,10.6312179335889,187.109435631165,8.67569158328429
2020-08-02,4249,97,4122,91,127,6,4681,95,70103,692,74784,787,3,34,28,939,66,3276,2,212,40,"Knox County",470313,144.159315179466,0.0866179465676291,167.335370274689,20.6245627911625,199.6542727928,8.66179465676291
2020-08-01,4152,118,4031,110,121,8,4586,118,69411,1417,73997,1535,1,31,29,911,88,3210,1,210,40,"Knox County",470313,135.866965191266,0.0895984909727836,326.37839056118,25.0896743232698,193.70079074999,8.95984909727836
2020-07-31,4034,117,3921,114,113,3,4468,116,67994,1060,72462,1176,2,30,9,882,106,3122,1,209,39,"Knox County",470313,150.112797222275,0.0904183535762483,250.046245798011,24.877049964598,187.534684348508,9.04183535762483
2020-07-30,3917,189,3807,186,110,3,4352,227,66934,2420,71286,2647,1,28,78,873,110,3016,7,208,36,"Knox County",470313,166.272248481331,0.0914912090297374,562.816677404197,40.1860037889661,185.621065120462,9.14912090297373
2020-07-29,3728,75,3621,70,107,5,4125,60,64514,438,68639,498,0,27,-40,795,115,2906,3,201,34,"Knox County",470313,161.169263873208,0.0944150499706055,105.886930618546,15.9468269003834,169.036365144064,9.44150499706055
2020-07-28,3653,154,3551,152,102,2,4065,187,64076,1211,68141,1398,1,27,46,835,107,2791,3,198,30,"Knox County",470313,170.099486937423,0.101434308663224,297.248853423146,32.7441512354538,177.541339490935,10.1434308663224
2020-07-27,3499,83,3399,76,100,7,3878,85,62865,677,66743,762,3,26,-36,789,116,2684,2,195,30,"Knox County",470313,177.116090773591,0.100874701806202,162.019761307895,17.6478217697576,167.760618992033,10.0874701806202
2020-07-26,3416,118,3323,113,93,5,3793,132,62188,1473,65981,1605,0,23,49,825,69,2568,2,193,29,"Knox County",470313,181.581202305699,0.0961438519904376,341.262095668204,25.0896743232698,175.415095904217,9.61438519904376
2020-07-25,3298,175,3210,171,88,4,3661,197,60715,1949,64376,2146,2,23,95,776,78,2499,3,191,28,"Knox County",470313,193.70079074999,0.098123534010946,456.291873709636,37.2092627675612,164.9965023293,9.8123534010946
2020-07-24,3123,106,3039,99,84,7,3464,113,58766,916,62230,1029,0,21,-15,681,121,2421,4,188,25,"Knox County",470313,191.3619228046,0.0992563212692117,218.79046507326,22.5381820192085,144.797188255481,9.92563212692117
2020-07-23,3017,205,2940,197,77,8,3351,254,57850,2389,61201,2643,0,21,89,696,116,2300,4,184,25,"Knox County",470313,194.763912543349,0.10197401051483,561.96617996951,43.5879935277145,147.986553635558,10.197401051483
2020-07-22,2812,69,2743,61,69,8,3097,63,55461,437,58558,500,3,21,-68,607,134,2184,3,180,24,"Knox County",470313,193.488166391318,0.102251314093028,106.312179335889,14.6710807483527,129.062985713769,10.2251314093028
2020-07-21,2743,232,2682,228,61,4,3034,280,55024,1691,58058,1971,0,18,120,675,112,2050,12,177,24,"Knox County",470313,210.072866367717,0.10548048048048,419.082610942075,49.3288512118525,143.52144210345,10.548048048048
2020-07-20,2511,74,2454,70,57,4,2754,57,53333,364,56087,421,0,18,-59,555,133,1938,4,165,23,"Knox County",470313,208.159247139671,0.106253029568589,89.5148550008186,15.7342025417116,118.006519062837,10.6253029568589
2020-07-19,2437,84,2384,74,53,10,2697,74,52969,578,55666,652,0,18,-16,614,100,1805,0,161,22,"Knox County",470313,200.93001894483,0.110873744926298,138.631081853999,17.8604461284294,130.551356224472,11.0873744926298
2020-07-18,2353,112,2310,109,43,3,2623,146,52391,2258,55014,2404,1,18,36,630,75,1705,8,161,20,"Knox County",470313,187.534684348508,0.102598752598753,511.148958246955,23.8139281712392,133.95334596322,10.2598752598753
2020-07-17,2241,74,2201,73,40,1,2477,80,50133,347,52610,427,0,17,3,594,71,1630,6,153,19,"Knox County",470313,180.730704871011,0.105788423153693,90.7906011528493,15.7342025417116,126.298869051036,10.5788423153693
2020-07-16,2167,187,2128,185,39,2,2397,228,49786,2035,52183,2263,2,17,97,591,88,1559,3,147,17,"Knox County",470313,176.903466414919,0.107432275989812,481.168923674234,39.7607550716225,125.660995975021,10.7432275989812
2020-07-15,1980,78,1943,78,37,0,2169,80,47751,511,49920,591,3,15,-14,494,89,1471,4,144,17,"Knox County",470313,178.817085642965,0.108259823576584,125.660995975021,16.5846999763987,105.036433183858,10.8259823576584
2020-07-14,1902,95,1865,94,37,1,2089,127,47240,777,49329,904,2,12,12,508,81,1382,1,140,16,"Knox County",470313,149.687548504932,0.103367267032106,192.212420239287,20.1993140738189,108.013174205263,10.3367267032106
2020-07-13,1807,94,1771,92,36,2,1962,59,46463,655,48425,714,1,10,20,496,73,1301,2,139,15,"Knox County",470313,153.940035678367,0.0998114393463231,151.81379209165,19.9866897151471,105.461681901202,9.98114393463231
2020-07-12,1713,69,1679,67,34,2,1903,87,45808,916,47711,1003,0,9,27,476,42,1228,4,137,12,"Knox County",470313,150.750670298291,0.097158680471948,213.262231747793,14.6710807483527,101.209194727766,9.7158680471948
2020-07-11,1644,28,1612,27,32,1,1816,36,44892,883,46708,919,0,9,-16,449,44,1186,2,133,11,"Knox County",470313,132.890224169861,0.10218443043542,195.401785619364,5.95348204280979,95.4683370436284,10.218443043542
2020-07-10,1616,78,1585,74,31,4,1780,68,44009,418,45789,486,0,9,29,465,49,1142,6,131,10,"Knox County",470313,133.740721604548,0.0995639534883721,103.335438314484,16.5846999763987,98.8703267823768,9.95639534883721
2020-07-09,1538,70,1511,66,27,4,1712,88,43591,1653,45303,1741,0,9,23,436,47,1093,8,125,10,"Knox County",470313,108.86367163995,0.0857187794904058,370.179008447566,14.8837051070245,92.7042203808953,8.57187794904058
2020-07-08,1468,70,1445,65,23,5,1624,63,41938,594,43562,657,1,9,15,413,54,1046,5,117,10,"Knox County",470313,107.162676770576,0.0821917808219178,139.694203647358,14.8837051070245,87.8138601314444,8.21917808219178
2020-07-07,1398,79,1380,79,18,0,1561,104,41344,1305,42905,1409,0,8,38,398,41,992,7,112,10,"Knox County",470313,103.760687031828,0.0728820897676432,299.587721368535,16.7973243350705,84.6244947513677,7.28820897676432
2020-07-06,1319,35,1301,35,18,0,1457,34,40039,658,41496,692,1,8,-19,360,53,951,6,105,9,"Knox County",470313,91.2158498701928,0.0694947155060084,147.13605620087,7.44185255351224,76.5447691218401,6.94947155060084
2020-07-05,1284,77,1266,77,18,0,1423,109,39381,1081,40804,1190,2,7,34,379,41,898,6,99,9,"Knox County",470313,92.9168447395671,0.0707640259374119,253.022986819416,16.3720756177269,80.5846319366039,7.07640259374119
2020-07-04,1207,41,1189,40,18,1,1314,50,38300,1141,39614,1191,0,5,4,345,37,857,1,93,8,"Knox County",470313,95.6809614023002,0.0700515883790388,253.235611178088,8.7175987055429,73.3554037417635,7.00515883790388
2020-07-03,1166,62,1149,61,17,1,1264,49,37159,910,38423,959,0,5,27,341,35,820,4,92,6,"Knox County",470313,92.2789716635517,0.0634009439979589,203.906759966235,13.1827102376502,72.5049063070764,6.34009439979589
2020-07-02,1104,68,1088,68,16,0,1215,102,36249,1228,37464,1330,0,5,33,314,35,785,2,88,6,"Knox County",470313,91.8537229462082,0.0687937533656435,282.790397033465,14.4584563896809,66.7640486229383,6.87937533656435
2020-07-01,1036,49,1020,49,16,0,1113,34,35021,737,36134,771,0,5,25,281,24,750,4,86,6,"Knox County",470313,87.3886114141008,0.0639087775125961,163.933380535941,10.4185935749171,59.7474447867697,6.39087775125961
2020-06-30,987,40,971,39,16,1,1079,73,34284,1514,35363,1587,0,5,18,256,22,726,3,82,5,"Knox County",470313,79.0962614259015,0.058419689119171,337.434857212112,8.50497434687113,54.4318358199752,5.8419689119171
2020-06-29,947,51,932,51,15,0,1006,79,32770,1333,33776,1412,0,5,20,238,31,704,3,79,5,"Knox County",470313,82.4982511646499,0.0587677725118483,300.225594444551,10.8438422922607,50.6045973638832,5.87677725118483
2020-06-28,896,10,881,10,15,0,927,30,31437,684,32364,714,0,5,-5,218,15,673,1,76,5,"Knox County",470313,68.2524191336408,0.0523606228026118,151.81379209165,2.12624358671778,46.3521101904476,5.23606228026117
2020-06-27,886,29,871,29,15,0,897,16,30753,111,31650,127,0,5,18,223,11,658,3,75,5,"Knox County",470313,65.7009268295794,0.0555072463768116,27.0032935513158,6.16610640148157,47.4152319838065,5.55072463768116
2020-06-26,857,37,842,37,15,0,881,14,30642,319,31523,333,0,5,17,205,20,647,8,72,5,"Knox County",470313,60.385317862785,0.0554670066942939,70.8039114377021,7.86710127085579,43.5879935277145,5.54670066942939
2020-06-25,820,32,805,32,15,0,867,52,30323,702,31190,754,0,5,13,188,19,627,1,64,5,"Knox County",470313,52.730840950601,0.0522990522990523,160.318766438521,6.8039794774969,39.9733794302943,5.22990522990523
2020-06-24,788,35,773,34,15,1,815,32,29621,272,30436,304,0,5,22,175,13,608,1,63,5,"Knox County",470313,49.7540999291961,0.0565857388644619,64.6378050362206,7.44185255351224,37.2092627675612,5.65857388644619
2020-06-23,753,27,739,24,14,3,783,25,29349,216,30132,241,0,5,18,153,9,595,4,62,5,"Knox County",470313,46.989983266463,0.0638352638352638,51.2424704398985,5.74085768413801,32.5315268767821,6.38352638352638
2020-06-22,726,36,715,36,11,0,758,31,29133,572,29891,603,0,5,20,135,16,586,0,58,5,"Knox County",470313,43.8006178863863,0.0650195058517555,128.212488279082,7.65447691218401,28.7042884206901,6.50195058517555
2020-06-21,690,31,679,31,11,0,727,37,28561,815,29288,852,0,5,16,115,15,570,1,58,5,"Knox County",470313,48.2657294184936,0.0644057249533292,181.155953588355,6.59135511882512,24.4518012472545,6.44057249533292
2020-06-20,659,17,648,17,11,0,690,9,27746,437,28436,446,0,5,11,99,6,555,2,57,5,"Knox County",470313,45.7142371144323,0.0566091140673648,94.8304639676131,3.61461409742023,21.049811508506,5.66091140673648
2020-06-19,642,30,631,28,11,2,681,10,27309,334,27990,344,0,5,8,88,22,549,1,55,5,"Knox County",470313,44.2258666037299,0.0553047404063205,73.1427793830917,6.37873076015334,18.7109435631165,5.53047404063205
2020-06-18,612,15,603,15,9,0,671,18,26975,804,27646,822,0,5,2,80,13,527,0,54,5,"Knox County",470313,40.6112525063096,0.0448504983388704,174.777222828202,3.18936538007667,17.0099486937423,4.48504983388704
2020-06-17,597,17,588,17,9,0,653,13,26171,282,26824,295,0,5,-3,78,20,514,0,54,5,"Knox County",470313,36.7840140502176,0.0396891479322787,62.7241858081746,3.61461409742023,16.5846999763987,3.96891479322787
2020-06-16,580,9,571,8,9,1,640,9,25889,178,26529,187,0,5,-2,81,11,494,0,54,5,"Knox County",470313,32.9567755941256,0.0357847280924204,39.7607550716225,1.913619228046,17.222573052414,3.57847280924204
2020-06-15,571,8,563,8,8,0,631,9,25711,218,26342,227,0,5,-5,83,13,483,0,54,5,"Knox County",470313,27.0032935513158,0.0330917113142137,48.2657294184936,1.70099486937423,17.6478217697576,3.30917113142137
2020-06-14,563,8,555,8,8,0,622,9,25493,624,26115,633,0,5,4,88,4,470,0,54,5,"Knox County",470313,22.1129333018649,0.0260663507109005,134.591219039236,1.70099486937423,18.7109435631165,2.60663507109005
2020-06-13,555,10,547,8,8,2,613,9,24869,213,25482,222,0,5,0,84,10,466,3,54,5,"Knox County",470313,20.6245627911625,0.0282051282051282,47.2026076251348,2.12624358671778,17.8604461284294,2.82051282051282
2020-06-12,545,19,539,19,6,0,604,19,24656,750,25260,769,0,5,1,84,18,456,0,51,5,"Knox County",470313,18.2856948457729,0.0272583201267829,163.508131818597,4.03986281476378,17.8604461284294,2.72583201267829
2020-06-11,526,7,520,7,6,0,585,10,23906,379,24491,389,0,5,1,83,6,438,2,51,5,"Knox County",470313,16.5846999763987,0.0286554004408523,82.7108755233217,1.48837051070245,17.6478217697576,2.86554004408523
2020-06-10,519,12,513,12,6,0,575,12,23527,706,24102,718,0,5,-6,82,18,432,0,49,5,"Knox County",470313,15.5215781830398,0.024483306836248,152.664289526337,2.55149230406134,17.4351974110858,2.4483306836248
2020-06-09,507,16,501,16,6,0,563,19,22821,508,23384,527,0,5,5,88,11,414,1,49,5,"Knox County",470313,17.0099486937423,0.0249641319942611,112.053037020027,3.40198973874845,18.7109435631165,2.49641319942611
2020-06-08,491,8,485,8,6,0,544,8,22313,336,22857,344,0,5,4,83,4,403,1,48,5,"Knox County",470313,17.0099486937423,0.0238756246529706,73.1427793830917,1.70099486937423,17.6478217697576,2.38756246529706
2020-06-07,483,7,477,7,6,0,536,8,21977,850,22513,858,0,5,0,79,7,399,1,47,5,"Knox County",470313,16.7973243350705,0.0222106088319833,182.431699740386,1.48837051070245,16.7973243350705,2.22106088319833
2020-06-06,476,11,470,11,6,0,528,12,21127,478,21655,490,0,5,5,79,6,392,0,46,5,"Knox County",470313,17.0099486937423,0.0214896214896215,104.185935749171,2.33886794538956,16.7973243350705,2.14896214896215
2020-06-05,465,18,459,18,6,0,516,17,20649,518,21165,535,0,5,7,74,11,386,1,46,5,"Knox County",470313,16.7973243350705,0.0222740222740223,113.754031889401,3.82723845609201,15.7342025417116,2.22740222740223
2020-06-04,447,4,441,4,6,0,499,4,20131,338,20630,342,0,5,-1,67,5,375,0,45,5,"Knox County",470313,16.1594512590551,0.0209753539590981,72.7175306657481,0.850497434687113,14.2458320310091,2.09753539590981
2020-06-03,443,4,437,4,6,0,495,4,19793,399,20288,403,0,5,-3,68,7,370,0,45,5,"Knox County",470313,14.4584563896809,0.0205773078022292,85.6876165447266,0.850497434687113,14.4584563896809,2.05773078022292
2020-06-02,439,26,433,25,6,1,491,24,19394,939,19885,963,0,5,21,71,5,363,2,45,5,"Knox County",470313,16.5846999763987,0.0195679796696315,204.757257400922,5.52823332546623,15.0963294656962,1.95679796696315
2020-06-01,413,17,408,17,5,0,467,20,18455,972,18922,992,0,5,4,50,13,358,0,43,5,"Knox County",470313,18.4983192044447,0.019419594152302,210.923363802404,3.61461409742023,10.6312179335889,1.9419594152302
2020-05-31,396,7,391,7,5,0,447,7,17483,317,17930,324,0,5,3,46,4,345,0,43,5,"Knox County",470313,18.4983192044447,0.0217337614225735,68.8902922096561,1.48837051070245,9.7807204989018,2.17337614225735
2020-05-30,389,6,384,6,5,0,440,6,17166,294,17606,300,0,5,-1,43,7,341,2,43,5,"Knox County",470313,17.4351974110858,0.0212490282456595,63.7873076015334,1.27574615203067,9.14284742288646,2.12490282456595
2020-05-29,383,8,378,8,5,0,434,7,16872,205,17306,212,0,5,0,44,8,334,0,41,5,"Knox County",470313,15.308953824368,0.0203619909502262,45.076364038417,1.70099486937423,9.35547178155824,2.03619909502262
2020-05-28,375,11,370,11,5,0,427,11,16667,336,17094,347,0,5,7,44,4,326,0,41,5,"Knox County",470313,16.7973243350705,0.022310081897769,73.780652459107,2.33886794538956,9.35547178155824,2.2310081897769
2020-05-27,364,5,359,5,5,0,416,6,16331,420,16747,426,0,5,0,37,5,322,1,41,5,"Knox County",470313,17.0099486937423,0.0227272727272727,90.5779767941775,1.06312179335889,7.86710127085579,2.27272727272727
2020-05-26,359,9,354,9,5,0,410,10,15911,1142,16321,1152,0,5,7,37,2,317,0,40,5,"Knox County",470313,13.395334596322,0.0178523847588596,244.943261189888,1.913619228046,7.86710127085579,1.78523847588596
2020-05-25,350,9,345,9,5,0,400,11,14769,381,15169,392,0,5,5,30,4,315,1,40,5,"Knox County",470313,11.6943397269478,0.018395179194418,83.348748599337,1.913619228046,6.37873076015334,1.8395179194418
2020-05-24,341,2,336,2,5,0,389,3,14388,273,14777,276,0,5,1,25,1,311,0,39,5,"Knox County",470313,10.6312179335889,0.0173913043478261,58.6843229934108,0.425248717343556,5.31560896679445,1.73913043478261
2020-05-23,339,7,334,7,5,0,386,10,14115,360,14501,370,0,5,4,24,3,310,2,39,5,"Knox County",470313,10.8438422922607,0.0182677165354331,78.6710127085579,1.48837051070245,5.10298460812268,1.82677165354331
2020-05-22,332,1,327,1,5,0,376,1,13755,253,14131,254,0,5,-14,20,15,307,0,37,5,"Knox County",470313,9.35547178155824,0.0161641280696301,54.0065871026317,0.212624358671778,4.25248717343556,1.61641280696301
2020-05-21,331,0,326,0,5,0,375,0,13502,250,13877,250,0,5,-1,34,1,292,0,37,5,"Knox County",470313,7.01660383616868,0.0131410256410256,53.1560896679445,0,7.22922819484046,1.31410256410256
2020-05-20,331,7,326,7,5,0,375,7,13252,360,13627,367,0,5,4,35,3,291,0,37,5,"Knox County",470313,7.44185255351224,0.0137210062071219,78.0331396325426,1.48837051070245,7.44185255351224,1.37210062071219
2020-05-19,324,7,319,7,5,0,368,7,12892,369,13260,376,0,5,4,31,3,288,2,37,5,"Knox County",470313,7.01660383616868,0.0170678336980306,79.9467588605886,1.48837051070245,6.59135511882512,1.70678336980306
2020-05-18,317,3,312,3,5,0,361,4,12523,478,12884,482,0,5,0,27,3,285,0,35,5,"Knox County",470313,5.74085768413801,0.0134736842105263,102.484940879797,0.637873076015334,5.74085768413801,1.34736842105263
2020-05-17,314,3,309,3,5,0,357,5,12045,216,12402,221,0,5,1,27,2,282,1,35,5,"Knox County",470313,5.95348204280979,0.0146551724137931,46.989983266463,0.637873076015334,5.74085768413801,1.46551724137931
2020-05-16,311,0,306,0,5,0,352,0,11829,349,12181,349,0,5,-4,26,4,280,0,34,5,"Knox County",470313,4.46511153210734,0.0104393214441061,74.2059011764506,0,5.52823332546623,1.04393214441061
2020-05-15,311,1,306,1,5,0,352,4,11480,541,11832,545,0,5,-4,30,5,276,0,34,5,"Knox County",470313,4.46511153210734,0.0104247104247104,115.880275476119,0.212624358671778,6.37873076015334,1.04247104247104
2020-05-14,310,3,305,3,5,0,348,7,10939,458,11287,465,0,5,0,34,3,271,0,34,5,"Knox County",470313,5.10298460812268,0.0121212121212121,98.8703267823768,0.637873076015334,7.22922819484046,1.21212121212121
2020-05-13,307,7,302,7,5,0,341,5,10481,341,10822,346,0,5,1,34,6,268,0,34,5,"Knox County",470313,5.10298460812268,0.0114942528735632,73.5680281004352,1.48837051070245,7.22922819484046,1.14942528735632
2020-05-12,300,6,295,6,5,0,336,8,10140,401,10476,409,0,5,3,33,3,262,0,34,5,"Knox County",470313,4.8903602494509,0.0117145899893504,86.9633626967573,1.27574615203067,7.01660383616868,1.17145899893504
2020-05-11,294,16,289,16,5,0,328,12,9739,254,10067,266,0,5,9,30,7,259,1,34,5,"Knox County",470313,7.65447691218401,0.015763168012303,56.558079406693,3.40198973874845,6.37873076015334,1.5763168012303
2020-05-10,278,5,273,5,5,0,316,5,9485,221,9801,226,0,5,1,21,4,252,1,33,5,"Knox County",470313,8.07972562952757,0.0157329240214889,48.0531050598219,1.06312179335889,4.46511153210734,1.57329240214889
2020-05-09,273,2,268,2,5,0,311,4,9264,352,9575,356,0,5,-1,20,3,248,0,32,5,"Knox County",470313,8.50497434687113,0.0172215843857635,75.694271687153,0.425248717343556,4.25248717343556,1.72215843857635
2020-05-08,271,3,266,3,5,0,307,4,8912,265,9219,269,0,5,-2,21,5,245,0,32,5,"Knox County",470313,8.93022306421468,0.0192554557124519,57.1959524827083,0.637873076015334,4.46511153210734,1.92554557124519
2020-05-07,268,3,263,3,5,0,303,3,8647,220,8950,223,0,5,-2,23,5,240,0,32,5,"Knox County",470313,8.93022306421468,0.0195704057279236,47.4152319838065,0.637873076015334,4.8903602494509,1.95704057279236
2020-05-06,265,1,260,1,5,0,300,1,8427,185,8727,186,0,5,-7,25,8,235,0,32,5,"Knox County",470313,7.65447691218401,0.0191214470284238,39.5481307129507,0.212624358671778,5.31560896679445,1.91214470284238
2020-05-05,264,4,259,4,5,0,299,5,8242,305,8541,310,0,5,-1,32,5,227,0,32,5,"Knox County",470313,7.22922819484046,0.0185185185185185,65.9135511882512,0.850497434687113,6.8039794774969,1.85185185185185
2020-05-04,260,4,255,4,5,0,294,7,7937,259,8231,266,0,5,-3,33,7,222,0,32,5,"Knox County",470313,4.67773589077912,0.0157952069716776,56.558079406693,0.850497434687113,7.01660383616868,1.57952069716776
2020-05-03,256,7,251,5,5,2,287,6,7678,290,7965,296,0,5,6,36,1,215,2,32,5,"Knox County",470313,5.10298460812268,0.0157397691500525,62.9368101668463,1.48837051070245,7.65447691218401,1.57397691500525
2020-05-02,249,3,246,3,3,0,281,5,7388,308,7669,313,0,5,1,30,2,214,1,30,5,"Knox County",470313,5.31560896679445,0.0166398282340311,66.5514242642666,0.637873076015334,6.37873076015334,1.66398282340311
2020-05-01,246,9,243,8,3,1,276,7,7080,354,7356,361,0,5,4,29,5,212,0,29,5,"Knox County",470313,6.59135511882512,0.0173913043478261,76.7573934805119,1.913619228046,6.16610640148157,1.73913043478261
2020-04-30,237,4,235,4,2,0,269,3,6726,119,6995,122,0,5,-1,25,5,207,0,29,5,"Knox County",470313,6.8039794774969,0.0183387270765912,25.9401717579569,0.850497434687113,5.31560896679445,1.83387270765912
2020-04-29,233,8,231,8,2,0,266,10,6607,671,6873,681,0,5,5,26,3,202,0,29,5,"Knox County",470313,8.29234998819935,0.0183056619838229,144.797188255481,1.70099486937423,5.52823332546623,1.83056619838229
2020-04-28,225,8,223,8,2,0,256,10,5936,391,6192,401,1,5,4,21,3,199,0,29,5,"Knox County",470313,9.14284742288646,0.019672131147541,85.262367827383,1.70099486937423,4.46511153210734,1.9672131147541
2020-04-27,217,2,215,2,2,0,246,4,5545,161,5791,165,0,4,1,17,1,196,0,29,5,"Knox County",470313,8.7175987055429,0.0192389910218042,35.0830191808434,0.425248717343556,3.61461409742023,1.92389910218042
2020-04-26,215,1,213,1,2,0,242,1,5384,172,5626,173,0,4,-2,16,3,195,0,29,4,"Knox County",470313,7.44185255351224,0.0180505415162455,36.7840140502176,0.212624358671778,3.40198973874845,1.80505415162455
2020-04-25,214,0,212,0,2,0,241,0,5212,53,5453,53,0,4,-6,18,6,192,0,29,4,"Knox County",470313,6.8039794774969,0.0178936605316973,11.2690910096042,0,3.82723845609201,1.78936605316973
2020-04-24,214,8,212,8,2,0,241,10,5159,836,5400,846,0,4,5,24,3,186,1,29,4,"Knox County",470313,6.59135511882512,0.0155673904137649,179.880207436324,1.70099486937423,5.10298460812268,1.55673904137648
2020-04-23,206,1,204,1,2,0,231,2,4323,137,4554,139,0,4,0,19,1,183,0,28,4,"Knox County",470313,5.95348204280979,0.0150528885272579,29.5547858553772,0.212624358671778,4.03986281476378,1.50528885272579
2020-04-22,205,5,203,3,2,2,229,2,4186,189,4415,191,0,4,1,19,4,182,0,28,4,"Knox County",470313,5.31560896679445,0.0147357723577236,40.6112525063096,1.06312179335889,4.03986281476378,1.47357723577236
2020-04-21,200,4,200,4,0,0,227,5,3997,475,4224,480,0,4,-2,18,6,178,1,28,4,"Knox County",470313,4.46511153210734,0.0117244748412311,102.059692162454,0.850497434687113,3.82723845609201,1.17244748412311
2020-04-20,196,3,196,3,0,0,222,2,3522,175,3744,177,0,4,-1,20,4,172,1,27,4,"Knox County",470313,4.67773589077912,0.0106847984458475,37.6345114849047,0.637873076015334,4.25248717343556,1.06847984458475
2020-04-19,193,0,193,0,0,0,220,0,3347,72,3567,72,0,4,-4,21,4,168,0,26,4,"Knox County",470313,4.46511153210734,0.0107252298263534,15.308953824368,0,4.46511153210734,1.07252298263534
2020-04-18,193,0,193,0,0,0,220,1,3275,135,3495,136,0,4,-5,25,5,164,0,26,4,"Knox County",470313,4.46511153210734,0.0107790298873101,28.9169127793618,0,5.31560896679445,1.07790298873101
2020-04-17,193,2,193,2,0,0,219,3,3140,104,3359,107,0,4,-2,30,4,159,1,26,4,"Knox County",470313,3.18936538007667,0.0115207373271889,22.7508063778803,0.425248717343556,6.37873076015334,1.15207373271889
2020-04-16,191,7,191,7,0,0,216,9,3036,213,3252,222,0,4,2,32,5,155,2,25,4,"Knox County",470313,4.46511153210734,0.015884476534296,47.2026076251348,1.48837051070245,6.8039794774969,1.5884476534296
2020-04-15,184,9,184,9,0,0,207,10,2823,84,3030,94,0,4,3,30,6,150,1,23,4,"Knox County",470313,5.31560896679445,0.0232919254658385,19.9866897151471,1.913619228046,6.37873076015334,2.32919254658385
2020-04-14,175,4,175,4,0,0,197,4,2739,102,2936,106,0,4,1,27,3,144,1,22,4,"Knox County",470313,5.31560896679445,0.0317286652078775,22.5381820192085,0.850497434687113,5.74085768413801,3.17286652078775
2020-04-13,171,4,171,4,0,0,193,9,2637,242,2830,251,0,4,-2,26,6,141,1,21,4,"Knox County",470313,5.52823332546623,0.0364372469635627,53.3687140266163,0.850497434687113,5.52823332546623,3.64372469635628
2020-04-12,167,5,167,5,0,0,184,6,2395,166,2579,172,0,4,1,28,4,135,0,20,4,"Knox County",470313,6.59135511882512,0.0386029411764706,36.5713896915458,1.06312179335889,5.95348204280979,3.86029411764706
2020-04-11,162,5,162,5,0,0,178,8,2229,313,2407,321,1,4,-4,27,8,131,1,20,4,"Knox County",470313,7.65447691218401,0.0384917517674784,68.2524191336408,1.06312179335889,5.74085768413801,3.84917517674784
2020-04-10,157,4,157,4,0,0,170,5,1916,123,2086,128,0,3,0,31,4,123,0,19,4,"Knox County",470313,8.07972562952757,0.0394126738794436,27.2159179099876,0.850497434687113,6.59135511882512,3.94126738794436
2020-04-09,153,1,153,1,0,0,165,1,1793,81,1958,82,0,3,-2,31,3,119,0,19,4,"Knox County",470313,6.8039794774969,0.037261698440208,17.4351974110858,0.212624358671778,6.59135511882512,3.7261698440208
2020-04-08,152,8,152,8,0,0,164,12,1712,111,1876,123,0,3,-3,33,11,116,1,19,4,"Knox County",470313,6.59135511882512,0.0380388841927303,26.1527961166287,1.70099486937423,7.01660383616868,3.80388841927303
2020-04-07,144,20,144,20,0,0,152,25,1601,366,1753,391,0,3,11,36,9,105,2,18,3,"Knox County",470313,9.99334485757357,0.0449591280653951,83.1361242406653,4.25248717343556,7.65447691218401,4.49591280653951
2020-04-06,124,8,124,8,0,0,127,14,1235,54,1362,68,2,3,-2,25,8,96,1,16,3,"Knox County",470313,10.8438422922607,0.0552529182879377,14.4584563896809,1.70099486937423,5.31560896679445,5.52529182879377
2020-04-05,116,4,116,4,0,0,113,10,1181,75,1294,85,0,1,-2,27,6,88,0,15,3,"Knox County",470313,10.6312179335889,0.0626043405676127,18.0730704871011,0.850497434687113,5.74085768413801,6.26043405676127
2020-04-04,112,15,112,15,0,0,103,6,1106,127,1209,133,0,1,4,29,11,82,1,15,2,"Knox County",470313,12.7574615203067,0.0722772277227723,28.2790397033465,3.18936538007667,6.16610640148157,7.22772277227723
2020-04-03,97,4,97,4,0,0,97,3,979,51,1076,54,0,1,-8,25,12,71,1,14,1,"Knox County",470313,12.7574615203067,0.0758547008547008,11.481715368276,0.850497434687113,5.31560896679445,7.58547008547009
2020-04-02,93,7,93,7,0,0,94,7,928,106,1022,113,0,1,NA,33,8,59,0,13,1,"Knox County",470313,14.0332076723374,0.0796277145811789,24.0265525299109,1.48837051070245,7.01660383616868,7.96277145811789
2020-04-01,86,15,86,15,0,0,87,15,822,140,909,155,NA,NA,NA,NA,7,51,1,13,1,"Knox County",470313,15.5215781830398,0.0800800800800801,32.9567755941256,3.18936538007667,NA,8.00800800800801
2020-03-31,71,8,71,8,0,0,72,11,682,58,754,69,NA,NA,NA,NA,12,44,1,12,1,"Knox County",470313,12.9700858789785,0.0974889217134417,14.6710807483527,1.70099486937423,NA,9.74889217134417
2020-03-30,63,13,63,13,0,0,61,15,624,130,685,145,NA,NA,NA,NA,9,32,2,11,1,"Knox County",470313,14.0332076723374,0.0888594164456233,30.8305320074078,2.76411666273312,NA,8.88594164456233
2020-03-29,50,8,50,8,0,0,46,8,494,55,540,63,NA,NA,NA,NA,6,23,1,9,1,"Knox County",470313,14.8837051070245,0.0887978142076503,13.395334596322,1.70099486937423,NA,8.87978142076503
2020-03-28,42,7,42,7,0,0,38,6,439,62,477,68,NA,NA,NA,NA,1,17,1,8,0,"Knox County",470313,13.1827102376502,0.0974512743628186,14.4584563896809,1.48837051070245,NA,9.74512743628186
2020-03-27,35,2,35,2,0,0,32,2,377,54,409,56,NA,NA,NA,NA,5,16,1,7,0,"Knox County",470313,12.7574615203067,0.0956651718983558,11.9069640856196,0.425248717343556,NA,9.56651718983558
2020-03-26,33,7,33,7,0,0,30,7,323,82,353,89,NA,NA,NA,NA,3,11,2,6,0,"Knox County",470313,12.7574615203067,0.0992248062015504,18.9235679217883,1.48837051070245,NA,9.92248062015504
2020-03-25,26,6,26,6,0,0,23,7,241,68,264,75,NA,NA,NA,NA,3,8,1,4,0,"Knox County",470313,10.8438422922607,0.0991150442477876,15.9468269003834,1.27574615203067,NA,9.91150442477876
2020-03-24,20,7,20,7,0,0,16,7,173,43,189,50,NA,NA,NA,NA,2,5,0,3,0,"Knox County",470313,10.6312179335889,0.0952380952380952,10.6312179335889,1.48837051070245,NA,9.52380952380952
2020-03-23,13,4,13,4,0,0,9,4,130,22,139,26,NA,NA,NA,NA,3,3,2,3,0,"Knox County",470313,8.7175987055429,0.0960187353629977,5.52823332546623,0.850497434687113,NA,9.60187353629976
2020-03-22,9,2,9,2,0,0,5,0,108,9,113,9,NA,NA,NA,NA,0,0,1,1,0,"Knox County",470313,7.44185255351224,0.0884718498659517,1.913619228046,0.425248717343556,NA,8.84718498659517
2020-03-21,7,1,7,1,0,0,5,2,99,17,104,19,NA,NA,NA,NA,0,0,0,0,0,"Knox County",470313,6.16610640148157,0.0895061728395062,4.03986281476378,0.212624358671778,NA,8.95061728395062
2020-03-20,6,5,6,5,0,0,3,2,82,38,85,40,NA,NA,NA,NA,0,0,0,0,0,"Knox County",470313,6.8039794774969,0.0941558441558442,8.50497434687113,1.06312179335889,NA,9.41558441558442
2020-03-19,1,0,1,0,0,0,1,0,44,11,45,11,NA,NA,NA,NA,0,0,0,0,0,"Knox County",470313,5.31560896679445,0.0956521739130435,2.33886794538956,0,NA,9.56521739130435
2020-03-18,1,0,1,0,0,0,1,0,33,14,34,14,NA,NA,NA,NA,0,0,0,0,0,"Knox County",470313,4.03986281476378,0.0887573964497041,2.97674102140489,0,NA,8.87573964497041
2020-03-17,1,0,1,0,0,0,1,0,19,5,20,5,NA,NA,NA,NA,0,0,0,0,0,"Knox County",470313,2.55149230406134,0.0645161290322581,1.06312179335889,0,NA,6.45161290322581
2020-03-16,1,1,1,1,0,0,1,1,14,3,15,4,NA,NA,NA,NA,0,0,0,0,0,"Knox County",470313,1.913619228046,0.0490196078431373,0.850497434687113,0.212624358671778,NA,4.90196078431373
2020-03-15,0,0,0,0,0,0,0,0,11,1,11,1,NA,NA,NA,NA,0,0,0,0,0,"Knox County",470313,1.48837051070245,0.0531914893617021,0.212624358671778,0,NA,5.31914893617021
2020-03-14,0,0,0,0,0,0,0,0,10,8,10,8,NA,NA,NA,NA,0,0,0,0,0,"Knox County",470313,1.27574615203067,0.036144578313253,1.70099486937423,0,NA,3.6144578313253
2020-03-13,0,0,0,0,0,0,0,0,2,0,2,0,NA,NA,NA,NA,0,0,0,0,0,"Knox County",470313,0.212624358671778,0.0232558139534884,0,0,NA,2.32558139534884
2020-03-12,0,0,0,0,0,0,0,0,2,2,2,2,NA,NA,NA,NA,0,0,0,0,0,"Knox County",470313,0.212624358671778,0.0294117647058824,0.425248717343556,0,NA,2.94117647058824
2020-03-12,0,0,0,0,0,0,0,0,0,0,0,0,NA,NA,NA,NA,0,0,0,0,0,"Anderson",76978,NA,NA,0,0,NA,NA
2020-03-13,0,0,0,0,0,0,0,0,1,1,1,1,NA,NA,NA,NA,0,0,0,0,0,"Anderson",76978,NA,NA,1.29907246226194,0,NA,NA
2020-03-14,0,0,0,0,0,0,0,0,1,0,1,0,NA,NA,NA,NA,0,0,0,0,0,"Anderson",76978,NA,NA,0,0,NA,NA
2020-03-15,0,0,0,0,0,0,0,0,1,0,1,0,NA,NA,NA,NA,0,0,0,0,0,"Anderson",76978,NA,NA,0,0,NA,NA
2020-03-16,0,0,0,0,0,0,0,0,2,1,2,1,NA,NA,NA,NA,0,0,0,0,0,"Anderson",76978,NA,NA,1.29907246226194,0,NA,NA
2020-03-17,0,0,0,0,0,0,0,0,4,2,4,2,NA,NA,NA,NA,0,0,0,0,0,"Anderson",76978,NA,NA,2.59814492452389,0,NA,NA
2020-03-18,0,0,0,0,0,0,0,0,4,0,4,0,NA,NA,NA,NA,0,0,0,0,0,"Anderson",76978,0,0,0,0,NA,0
2020-03-19,1,1,1,1,0,0,2,2,5,1,7,3,NA,NA,NA,NA,0,0,0,0,0,"Anderson",76978,1.29907246226194,0.285714285714286,3.89721738678583,1.29907246226194,NA,28.5714285714286
2020-03-20,1,0,1,0,0,0,2,0,7,2,9,2,NA,NA,NA,NA,0,0,0,0,0,"Anderson",76978,1.29907246226194,0.25,2.59814492452389,0,NA,25
2020-03-21,1,0,1,0,0,0,2,0,7,0,9,0,NA,NA,NA,NA,0,0,0,0,0,"Anderson",76978,1.29907246226194,0.25,0,0,NA,25
2020-03-22,1,0,1,0,0,0,2,0,10,3,12,3,NA,NA,NA,NA,0,0,0,0,0,"Anderson",76978,1.29907246226194,0.181818181818182,3.89721738678583,0,NA,18.1818181818182
2020-03-23,1,0,1,0,0,0,2,0,15,5,17,5,NA,NA,NA,NA,0,0,0,0,0,"Anderson",76978,1.29907246226194,0.133333333333333,6.49536231130973,0,NA,13.3333333333333
2020-03-24,1,0,1,0,0,0,2,0,20,5,22,5,NA,NA,NA,NA,0,0,0,0,0,"Anderson",76978,1.29907246226194,0.111111111111111,6.49536231130973,0,NA,11.1111111111111
2020-03-25,2,1,2,1,0,0,4,2,29,9,33,11,NA,NA,NA,NA,1,1,0,0,0,"Anderson",76978,2.59814492452389,0.137931034482759,14.2897970848814,1.29907246226194,NA,13.7931034482759
2020-03-26,3,1,3,1,0,0,5,1,44,15,49,16,NA,NA,NA,NA,0,1,1,1,0,"Anderson",76978,2.59814492452389,0.0714285714285714,20.7851593961911,1.29907246226194,NA,7.14285714285714
2020-03-27,4,1,4,1,0,0,6,1,53,9,59,10,NA,NA,NA,NA,3,4,0,1,0,"Anderson",76978,3.89721738678583,0.08,12.9907246226195,1.29907246226194,NA,8
2020-03-28,7,3,7,3,0,0,9,3,72,19,81,22,NA,NA,NA,NA,0,4,1,2,0,"Anderson",76978,7.79443477357167,0.0972222222222222,28.5795941697628,3.89721738678583,NA,9.72222222222222
2020-03-29,7,0,7,0,0,0,9,0,83,11,92,11,NA,NA,NA,NA,0,4,0,2,0,"Anderson",76978,7.79443477357167,0.0875,14.2897970848814,0,NA,8.75
2020-03-30,8,1,8,1,0,0,10,1,127,44,137,45,NA,NA,NA,NA,1,5,0,2,0,"Anderson",76978,9.09350723583361,0.0666666666666667,58.4582608017875,1.29907246226194,NA,6.66666666666667
2020-03-31,9,1,9,1,0,0,11,1,142,15,153,16,NA,NA,NA,NA,1,6,0,2,0,"Anderson",76978,10.3925796980956,0.0687022900763359,20.7851593961911,1.29907246226194,NA,6.87022900763359
2020-04-01,9,0,9,0,0,0,11,0,163,21,174,21,NA,NA,NA,NA,0,6,0,2,0,"Anderson",76978,9.09350723583361,0.049645390070922,27.2805217075008,0,NA,4.9645390070922
2020-04-02,9,0,9,0,0,0,11,0,179,16,190,16,0,0,NA,3,0,6,0,2,0,"Anderson",76978,7.79443477357167,0.0425531914893617,20.7851593961911,0,3.89721738678583,4.25531914893617
2020-04-03,9,0,9,0,0,0,11,0,192,13,203,13,0,0,-2,1,2,8,0,2,0,"Anderson",76978,6.49536231130972,0.0347222222222222,16.8879420094053,0,1.29907246226194,3.47222222222222
2020-04-04,9,0,9,0,0,0,11,0,219,27,230,27,0,0,0,1,0,8,0,2,0,"Anderson",76978,2.59814492452389,0.0134228187919463,35.0749564810725,0,1.29907246226194,1.34228187919463
2020-04-05,9,0,9,0,0,0,11,0,248,29,259,29,0,0,0,1,0,8,0,2,0,"Anderson",76978,2.59814492452389,0.0119760479041916,37.6731014055964,0,1.29907246226194,1.19760479041916
2020-04-06,9,0,9,0,0,0,11,0,262,14,273,14,0,0,-1,0,1,9,0,2,0,"Anderson",76978,1.29907246226194,0.00735294117647059,18.1870144716672,0,0,0.735294117647059
2020-04-07,10,1,10,1,0,0,12,1,304,42,316,43,0,0,1,1,0,9,0,2,0,"Anderson",76978,1.29907246226194,0.00613496932515337,55.8601158772636,1.29907246226194,1.29907246226194,0.613496932515337
2020-04-08,10,0,10,0,0,0,12,0,322,18,334,18,1,1,-1,0,0,9,0,2,1,"Anderson",76978,1.29907246226194,0.00625,23.383304320715,0,0,0.625
2020-04-09,10,0,10,0,0,0,12,0,350,28,362,28,0,1,0,0,0,9,0,2,1,"Anderson",76978,1.29907246226194,0.00581395348837209,36.3740289433345,0,0,0.581395348837209
2020-04-10,10,0,10,0,0,0,12,0,366,16,378,16,0,1,0,0,0,9,0,2,1,"Anderson",76978,1.29907246226194,0.00571428571428571,20.7851593961911,0,0,0.571428571428571
2020-04-11,10,0,10,0,0,0,12,0,439,73,451,73,0,1,0,0,0,9,0,2,1,"Anderson",76978,1.29907246226194,0.00452488687782805,94.832289745122,0,0,0.452488687782805
2020-04-12,12,2,12,2,0,0,14,2,477,38,491,40,0,1,2,2,0,9,0,2,1,"Anderson",76978,3.89721738678583,0.0129310344827586,51.9628984904778,2.59814492452389,2.59814492452389,1.29310344827586
2020-04-13,13,1,13,1,0,0,15,1,514,37,529,38,0,1,0,2,1,10,0,2,1,"Anderson",76978,5.19628984904778,0.015625,49.3647535659539,1.29907246226194,2.59814492452389,1.5625
2020-04-14,13,0,13,0,0,0,15,0,526,12,541,12,0,1,0,2,0,10,0,2,1,"Anderson",76978,3.89721738678583,0.0133333333333333,15.5888695471433,0,2.59814492452389,1.33333333333333
2020-04-15,13,0,13,0,0,0,15,0,544,18,559,18,0,1,-2,0,2,12,0,2,1,"Anderson",76978,3.89721738678583,0.0133333333333333,23.383304320715,0,0,1.33333333333333
2020-04-16,13,0,13,0,0,0,15,0,566,22,581,22,0,1,0,0,0,12,0,2,1,"Anderson",76978,3.89721738678583,0.0136986301369863,28.5795941697628,0,0,1.36986301369863
2020-04-17,13,0,13,0,0,0,15,0,586,20,601,20,0,1,0,0,0,12,0,2,1,"Anderson",76978,3.89721738678583,0.0134529147982063,25.9814492452389,0,0,1.34529147982063
2020-04-18,13,0,13,0,0,0,15,0,616,30,631,30,0,1,0,0,0,12,0,2,1,"Anderson",76978,3.89721738678583,0.0166666666666667,38.9721738678584,0,0,1.66666666666667
2020-04-19,14,1,14,1,0,0,16,1,628,12,644,13,0,1,0,0,1,13,0,2,1,"Anderson",76978,2.59814492452389,0.0130718954248366,16.8879420094053,1.29907246226194,0,1.30718954248366
2020-04-20,19,5,18,4,1,1,19,3,648,20,667,23,0,1,5,5,0,13,0,2,1,"Anderson",76978,7.79443477357167,0.0289855072463768,29.8786666320247,6.49536231130973,6.49536231130973,2.89855072463768
2020-04-21,20,1,19,1,1,0,22,3,1071,423,1093,426,0,1,1,6,0,13,0,2,1,"Anderson",76978,9.09350723583361,0.0126811594202899,553.404868923589,1.29907246226194,7.79443477357167,1.26811594202899
2020-04-22,21,1,20,1,1,0,24,2,1141,70,1165,72,0,1,0,6,1,14,0,2,1,"Anderson",76978,10.3925796980956,0.0148514851485149,93.53321728286,1.29907246226194,7.79443477357167,1.48514851485149
2020-04-23,21,0,20,0,1,0,24,0,1191,50,1215,50,0,1,-1,5,1,15,0,2,1,"Anderson",76978,10.3925796980956,0.0141955835962145,64.9536231130973,0,6.49536231130973,1.41955835962145
2020-04-24,22,1,21,1,1,0,25,1,1299,108,1324,109,0,1,1,6,0,15,0,2,1,"Anderson",76978,11.6916521603575,0.0138312586445367,141.598898386552,1.29907246226194,7.79443477357167,1.38312586445367
2020-04-25,22,0,21,0,1,0,25,0,1336,37,1361,37,0,1,0,6,0,15,0,2,1,"Anderson",76978,11.6916521603575,0.0136986301369863,48.065681103692,0,7.79443477357167,1.36986301369863
2020-04-26,22,0,21,0,1,0,25,0,1372,36,1397,36,0,1,0,6,0,15,0,2,1,"Anderson",76978,10.3925796980956,0.0119521912350598,46.76660864143,0,7.79443477357167,1.19521912350598
2020-04-27,22,0,21,0,1,0,25,0,1411,39,1436,39,0,1,-1,5,1,16,0,2,1,"Anderson",76978,3.89721738678583,0.00780234070221066,50.6638260282159,0,6.49536231130973,0.780234070221066
2020-04-28,22,0,21,0,1,0,25,0,1690,279,1715,279,0,1,0,5,0,16,0,2,1,"Anderson",76978,2.59814492452389,0.00482315112540193,362.441216971083,0,6.49536231130973,0.482315112540193
2020-04-29,26,4,25,4,1,0,28,3,2070,380,2098,383,0,1,4,9,0,16,0,2,1,"Anderson",76978,6.49536231130972,0.00428724544480171,497.544753046325,5.19628984904778,11.6916521603575,0.428724544480171
2020-04-30,26,0,25,0,1,0,29,1,2102,32,2131,33,0,1,-1,8,1,17,0,2,1,"Anderson",76978,6.49536231130972,0.00545851528384279,42.8693912546442,0,10.3925796980956,0.545851528384279
2020-05-01,26,0,25,0,1,0,29,0,2154,52,2183,52,0,1,-2,6,2,19,0,2,1,"Anderson",76978,5.19628984904778,0.00465657741559953,67.5517680376211,0,7.79443477357167,0.465657741559953
2020-05-02,26,0,25,0,1,0,29,0,2221,67,2250,67,0,1,0,6,0,19,0,2,1,"Anderson",76978,5.19628984904778,0.00449943757030371,87.0378549715503,0,7.79443477357167,0.449943757030371
2020-05-03,27,1,26,1,1,0,30,1,2314,93,2344,94,0,1,1,7,0,19,0,2,1,"Anderson",76978,6.49536231130972,0.00527983104540655,122.112811452623,1.29907246226194,9.09350723583361,0.527983104540655
2020-05-04,27,0,26,0,1,0,30,0,2406,92,2436,92,0,1,-1,6,1,20,0,2,1,"Anderson",76978,6.49536231130972,0.005,119.514666528099,0,7.79443477357167,0.5
2020-05-05,28,1,27,1,1,0,30,0,2475,69,2505,69,0,1,-1,5,2,22,0,2,1,"Anderson",76978,7.79443477357167,0.00632911392405063,89.6359998960742,1.29907246226194,6.49536231130973,0.632911392405063
2020-05-06,30,2,29,2,1,0,31,1,2525,50,2556,51,0,1,2,7,0,22,0,2,1,"Anderson",76978,5.19628984904778,0.00655021834061135,66.2526955753592,2.59814492452389,9.09350723583361,0.655021834061135
2020-05-07,30,0,29,0,1,0,33,2,2597,72,2630,74,0,1,-1,6,1,23,0,2,1,"Anderson",76978,5.19628984904778,0.00801603206412826,96.1313622073839,0,7.79443477357167,0.801603206412826
2020-05-08,30,0,29,0,1,0,33,0,2652,55,2685,55,0,1,0,6,0,23,0,2,1,"Anderson",76978,5.19628984904778,0.00796812749003984,71.448985424407,0,7.79443477357167,0.796812749003984
2020-05-09,30,0,29,0,1,0,33,0,2734,82,2767,82,0,1,0,6,0,23,0,2,1,"Anderson",76978,5.19628984904778,0.00773694390715667,106.523941905479,0,7.79443477357167,0.773694390715667
2020-05-10,30,0,29,0,1,0,33,0,2827,93,2860,93,0,1,-3,3,3,26,0,2,1,"Anderson",76978,3.89721738678583,0.00581395348837209,120.813738990361,0,3.89721738678583,0.581395348837209
2020-05-11,32,2,31,2,1,0,33,0,2909,82,2942,82,0,1,2,5,0,26,0,2,1,"Anderson",76978,6.49536231130972,0.00592885375494071,106.523941905479,2.59814492452389,6.49536231130973,0.592885375494071
2020-05-12,33,1,32,1,1,0,35,2,3042,133,3077,135,0,1,1,6,0,26,0,2,1,"Anderson",76978,6.49536231130972,0.00874125874125874,175.374782405363,1.29907246226194,7.79443477357167,0.874125874125874
2020-05-13,35,2,34,2,1,0,38,3,3220,178,3258,181,0,1,1,7,1,27,1,3,1,"Anderson",76978,6.49536231130972,0.00997150997150997,235.132115669412,2.59814492452389,9.09350723583361,0.997150997150997
2020-05-14,35,0,34,0,1,0,39,1,3346,126,3385,127,0,1,-1,6,1,28,0,3,1,"Anderson",76978,6.49536231130972,0.00794701986754967,164.982202707267,0,7.79443477357167,0.794701986754967
2020-05-15,36,1,35,1,1,0,39,0,3417,71,3456,71,0,1,1,7,0,28,0,3,1,"Anderson",76978,7.79443477357167,0.00778210116731518,92.2341448205981,1.29907246226194,9.09350723583361,0.778210116731518
2020-05-16,36,0,35,0,1,0,41,2,3657,240,3698,242,0,1,-1,6,1,29,0,3,1,"Anderson",76978,7.79443477357167,0.00859291084854995,314.375535867391,0,7.79443477357167,0.859291084854995
2020-05-17,36,0,35,0,1,0,41,0,3727,70,3768,70,0,1,0,6,0,29,0,3,1,"Anderson",76978,7.79443477357167,0.00881057268722467,90.9350723583361,0,7.79443477357167,0.881057268722467
2020-05-18,37,1,36,1,1,0,42,1,3804,77,3846,78,0,1,-2,4,3,32,0,3,1,"Anderson",76978,6.49536231130972,0.00995575221238938,101.327652056432,1.29907246226194,5.19628984904778,0.995575221238938
2020-05-19,37,0,36,0,1,0,42,0,3856,52,3898,52,0,1,0,4,0,32,0,3,1,"Anderson",76978,5.19628984904778,0.00852618757612668,67.5517680376211,0,5.19628984904778,0.852618757612667
2020-05-20,37,0,36,0,1,0,43,1,3921,65,3964,66,0,1,0,4,0,32,0,3,1,"Anderson",76978,2.59814492452389,0.00708215297450425,85.7387825092884,0,5.19628984904778,0.708215297450425
2020-05-21,37,0,36,0,1,0,44,1,4001,80,4045,81,0,1,-1,3,1,33,0,3,1,"Anderson",76978,2.59814492452389,0.00757575757575758,105.224869443218,0,3.89721738678583,0.757575757575758
2020-05-22,38,1,37,1,1,0,45,1,4029,28,4074,29,0,1,-1,2,2,35,1,4,1,"Anderson",76978,2.59814492452389,0.00970873786407767,37.6731014055964,1.29907246226194,2.59814492452389,0.970873786407767
2020-05-23,38,0,37,0,1,0,46,1,4192,163,4238,164,0,1,0,2,0,35,0,4,1,"Anderson",76978,2.59814492452389,0.00925925925925926,213.047883810959,0,2.59814492452389,0.925925925925926
2020-05-24,38,0,37,0,1,0,46,0,4247,55,4293,55,0,1,0,2,0,35,0,4,1,"Anderson",76978,2.59814492452389,0.00952380952380952,71.448985424407,0,2.59814492452389,0.952380952380952
2020-05-25,38,0,37,0,1,0,47,1,4281,34,4328,35,0,1,0,2,0,35,0,4,1,"Anderson",76978,1.29907246226194,0.0103734439834025,45.4675361791681,0,2.59814492452389,1.03734439834025
2020-05-26,38,0,37,0,1,0,47,0,4412,131,4459,131,0,1,-1,1,1,36,0,4,1,"Anderson",76978,1.29907246226194,0.0089126559714795,170.178492556315,0,1.29907246226194,0.89126559714795
2020-05-27,38,0,37,0,1,0,47,0,4515,103,4562,103,0,1,0,1,0,36,0,4,1,"Anderson",76978,1.29907246226194,0.00668896321070234,133.80446361298,0,1.29907246226194,0.668896321070234
2020-05-28,38,0,37,0,1,0,47,0,4563,48,4610,48,0,1,0,1,0,36,0,4,1,"Anderson",76978,1.29907246226194,0.00530973451327434,62.3554781885734,0,1.29907246226194,0.530973451327434
2020-05-29,39,1,38,1,1,0,47,0,4613,50,4660,50,0,1,0,1,1,37,0,4,1,"Anderson",76978,1.29907246226194,0.00341296928327645,64.9536231130973,1.29907246226194,1.29907246226194,0.341296928327645
2020-05-30,39,0,38,0,1,0,48,1,4665,52,4713,53,0,1,0,1,0,37,0,4,1,"Anderson",76978,1.29907246226194,0.00421052631578947,68.8508404998831,0,1.29907246226194,0.421052631578947
2020-05-31,40,1,39,1,1,0,49,1,4731,66,4780,67,0,1,1,2,0,37,0,4,1,"Anderson",76978,2.59814492452389,0.00616016427104723,87.0378549715503,1.29907246226194,2.59814492452389,0.616016427104723
2020-06-01,40,0,39,0,1,0,49,0,4855,124,4904,124,0,1,0,2,0,37,0,4,1,"Anderson",76978,2.59814492452389,0.00347222222222222,161.084985320481,0,2.59814492452389,0.347222222222222
2020-06-02,40,0,39,0,1,0,49,0,4982,127,5031,127,0,1,0,2,0,37,0,4,1,"Anderson",76978,2.59814492452389,0.0034965034965035,164.982202707267,0,2.59814492452389,0.34965034965035
2020-06-03,41,1,40,1,1,0,50,1,5042,60,5092,61,0,1,1,3,0,37,0,4,2,"Anderson",76978,3.89721738678583,0.00566037735849057,79.2434201979787,1.29907246226194,3.89721738678583,0.566037735849057
2020-06-04,41,0,40,0,1,0,50,0,5090,48,5140,48,1,2,-2,1,1,38,0,4,2,"Anderson",76978,3.89721738678583,0.00566037735849057,62.3554781885734,0,1.29907246226194,0.566037735849057
2020-06-05,42,1,41,1,1,0,53,3,5147,57,5200,60,0,2,1,2,0,38,0,4,2,"Anderson",76978,3.89721738678583,0.0111111111111111,77.9443477357167,1.29907246226194,2.59814492452389,1.11111111111111
2020-06-06,43,1,42,1,1,0,54,1,5200,53,5254,54,0,2,1,3,0,38,0,4,2,"Anderson",76978,5.19628984904778,0.011090573012939,70.149912962145,1.29907246226194,3.89721738678583,1.1090573012939
2020-06-07,45,2,43,1,2,1,57,3,5295,95,5352,98,0,2,2,5,0,38,0,4,2,"Anderson",76978,6.49536231130972,0.013986013986014,127.309101301671,2.59814492452389,6.49536231130973,1.3986013986014
2020-06-08,46,1,44,1,2,0,57,0,5336,41,5393,41,0,2,1,6,0,38,0,4,2,"Anderson",76978,7.79443477357167,0.016359918200409,53.2619709527397,1.29907246226194,7.79443477357167,1.6359918200409
2020-06-09,47,1,45,1,2,0,60,3,5517,181,5577,184,0,2,1,7,0,38,0,4,2,"Anderson",76978,9.09350723583361,0.0201465201465201,239.029333056198,1.29907246226194,9.09350723583361,2.01465201465201
2020-06-10,52,5,50,5,2,0,63,3,5725,208,5788,211,0,2,2,9,3,41,0,4,2,"Anderson",76978,14.2897970848814,0.0186781609195402,274.10428953727,6.49536231130973,11.6916521603575,1.86781609195402
2020-06-11,55,3,53,3,2,0,66,3,5870,145,5936,148,0,2,2,11,1,42,1,5,2,"Anderson",76978,18.1870144716672,0.0201005025125628,192.262724414768,3.89721738678583,14.2897970848814,2.01005025125628
2020-06-12,57,2,55,2,2,0,70,4,5952,82,6022,86,0,2,2,13,0,42,0,5,2,"Anderson",76978,19.4860869339292,0.0206812652068127,111.720231754527,2.59814492452389,16.8879420094053,2.06812652068127
2020-06-13,58,1,55,0,3,1,70,0,5995,43,6065,43,0,2,0,13,1,43,0,5,2,"Anderson",76978,19.4860869339292,0.0197287299630086,55.8601158772636,1.29907246226194,16.8879420094053,1.97287299630086
2020-06-14,60,2,57,2,3,0,70,0,6170,175,6240,175,0,2,1,14,1,44,1,6,2,"Anderson",76978,19.4860869339292,0.0146396396396396,227.33768089584,2.59814492452389,18.1870144716672,1.46396396396396
2020-06-15,60,0,57,0,3,0,71,1,6228,58,6299,59,0,2,0,14,0,44,0,6,2,"Anderson",76978,18.1870144716672,0.0154525386313466,76.6452752734548,0,18.1870144716672,1.54525386313466
2020-06-16,64,4,61,4,3,0,75,4,6289,61,6364,65,0,2,3,17,1,45,0,6,2,"Anderson",76978,22.0842318584531,0.0190597204574333,84.4397100470264,5.19628984904778,22.0842318584531,1.90597204574333
2020-06-17,66,2,63,2,3,0,79,4,6327,38,6406,42,0,2,0,17,2,47,0,6,2,"Anderson",76978,18.1870144716672,0.0258899676375405,54.5610434150017,2.59814492452389,22.0842318584531,2.58899676375405
2020-06-18,70,4,67,4,3,0,84,5,6457,130,6541,135,0,2,2,19,2,49,0,6,2,"Anderson",76978,19.4860869339292,0.0297520661157025,175.374782405363,5.19628984904778,24.682376782977,2.97520661157025
2020-06-19,72,2,69,2,3,0,86,2,6522,65,6608,67,0,2,0,19,2,51,0,6,2,"Anderson",76978,19.4860869339292,0.0273037542662116,87.0378549715503,2.59814492452389,24.682376782977,2.73037542662116
2020-06-20,73,1,70,1,3,0,87,1,6560,38,6647,39,0,2,-1,18,2,53,0,6,2,"Anderson",76978,19.4860869339292,0.0292096219931271,50.6638260282159,1.29907246226194,23.383304320715,2.92096219931271
2020-06-21,74,1,71,1,3,0,88,1,6620,60,6708,61,0,2,-1,17,2,55,0,6,2,"Anderson",76978,18.1870144716672,0.0384615384615385,79.2434201979787,1.29907246226194,22.0842318584531,3.84615384615385
2020-06-22,76,2,73,2,3,0,90,2,6712,92,6802,94,0,2,0,17,2,57,1,7,2,"Anderson",76978,20.7851593961911,0.0377733598409543,122.112811452623,2.59814492452389,22.0842318584531,3.77733598409543
2020-06-23,76,0,73,0,3,0,90,0,6801,89,6891,89,0,2,-1,16,1,58,0,7,2,"Anderson",76978,15.5888695471433,0.0284629981024668,115.617449141313,0,20.7851593961911,2.84629981024668
2020-06-24,77,1,74,1,3,0,91,1,6832,31,6923,32,0,2,-2,14,3,61,0,7,2,"Anderson",76978,14.2897970848814,0.02321083172147,41.5703187923822,1.29907246226194,18.1870144716672,2.321083172147
2020-06-25,81,4,78,4,3,0,92,1,6945,113,7037,114,0,2,0,14,4,65,0,7,2,"Anderson",76978,14.2897970848814,0.0161290322580645,148.094260697862,5.19628984904778,18.1870144716672,1.61290322580645
2020-06-26,86,5,83,5,3,0,98,6,6973,28,7071,34,0,2,3,17,2,67,0,7,2,"Anderson",76978,18.1870144716672,0.0259179265658747,44.1684637169061,6.49536231130973,22.0842318584531,2.59179265658747
2020-06-27,87,1,83,0,4,1,98,0,6985,12,7083,12,0,2,-4,13,5,72,0,7,2,"Anderson",76978,18.1870144716672,0.0252293577981651,15.5888695471433,1.29907246226194,16.8879420094053,2.52293577981651
2020-06-28,91,4,87,4,4,0,106,8,7094,109,7200,117,0,2,3,16,1,73,0,7,2,"Anderson",76978,22.0842318584531,0.0365853658536585,151.991478084648,5.19628984904778,20.7851593961911,3.65853658536585
2020-06-29,97,6,92,5,5,1,114,8,7316,222,7430,230,0,2,3,19,3,76,1,8,2,"Anderson",76978,27.2805217075008,0.0382165605095541,298.786666320247,7.79443477357167,24.682376782977,3.82165605095541
2020-06-30,102,5,96,4,6,1,120,6,7480,164,7600,170,0,2,2,21,3,79,0,8,2,"Anderson",76978,33.7758840188106,0.0423131170662905,220.842318584531,6.49536231130973,27.2805217075008,4.23131170662905
2020-07-01,104,2,98,2,6,0,124,4,7601,121,7725,125,0,2,-2,19,4,83,0,8,2,"Anderson",76978,35.0749564810725,0.0411471321695761,162.384057782743,2.59814492452389,24.682376782977,4.11471321695761
2020-07-02,110,6,104,6,6,0,130,6,7840,239,7970,245,0,2,4,23,2,85,0,8,2,"Anderson",76978,37.6731014055964,0.0407288317256163,318.272753254177,7.79443477357167,29.8786666320247,4.07288317256163
2020-07-03,120,10,113,9,7,1,142,12,7965,125,8107,137,0,2,7,30,3,88,0,8,2,"Anderson",76978,44.1684637169061,0.0424710424710425,177.972927329886,12.9907246226195,38.9721738678584,4.24710424710425
2020-07-04,131,11,124,11,7,0,156,14,8149,184,8305,198,0,2,8,38,3,91,2,10,2,"Anderson",76978,57.1591883395256,0.0474631751227496,257.216347527865,14.2897970848814,49.3647535659539,4.74631751227496
2020-07-05,140,9,133,9,7,0,169,13,8305,156,8474,169,0,2,8,46,1,92,1,11,2,"Anderson",76978,63.6545506508353,0.0494505494505494,219.543246122269,11.6916521603575,59.7573332640495,4.94505494505495
2020-07-06,141,1,134,1,7,0,170,1,8332,27,8502,28,0,2,-4,42,5,97,0,11,2,"Anderson",76978,57.1591883395256,0.0522388059701493,36.3740289433345,1.29907246226194,54.5610434150017,5.22388059701492
2020-07-07,157,16,150,16,7,0,190,20,8565,233,8755,253,0,2,12,54,4,101,0,11,2,"Anderson",76978,71.448985424407,0.0606060606060606,328.665332952272,20.7851593961911,70.149912962145,6.06060606060606
2020-07-08,173,16,165,15,8,1,206,16,8705,140,8911,156,0,2,10,64,6,107,0,11,2,"Anderson",76978,89.6359998960742,0.0691399662731872,202.655304112863,20.7851593961911,83.1406375847645,6.91399662731872
2020-07-09,187,14,179,14,8,0,220,14,8973,268,9193,282,0,2,11,75,3,110,0,11,2,"Anderson",76978,100.02857959417,0.0735895339329518,366.338434357868,18.1870144716672,97.4304346696459,7.35895339329518
2020-07-10,193,6,185,6,8,0,227,7,9003,30,9230,37,0,2,1,76,5,115,1,12,2,"Anderson",76978,94.832289745122,0.0756901157613535,48.065681103692,7.79443477357167,98.7295071319078,7.56901157613535
2020-07-11,201,8,193,8,8,0,235,8,9172,169,9407,177,0,2,1,77,7,122,1,13,2,"Anderson",76978,90.9350723583361,0.0716878402903811,229.935825820364,10.3925796980956,100.02857959417,7.16878402903811
2020-07-12,212,11,204,11,8,0,248,13,9355,183,9603,196,0,2,6,83,5,127,0,13,2,"Anderson",76978,93.53321728286,0.0699734278122232,254.618202603341,14.2897970848814,107.823014367741,6.99734278122232
2020-07-13,218,6,209,5,9,1,255,7,9394,39,9649,46,0,2,-6,77,12,139,2,15,2,"Anderson",76978,100.02857959417,0.0741063644289451,59.7573332640495,7.79443477357167,100.02857959417,7.41063644289451
2020-07-14,229,11,219,10,10,1,266,11,9534,140,9800,151,0,2,0,77,11,150,0,15,2,"Anderson",76978,93.53321728286,0.0727272727272727,196.159941801554,14.2897970848814,100.02857959417,7.27272727272727
2020-07-15,245,16,234,15,11,1,285,19,9636,102,9921,121,0,2,0,77,16,166,0,15,2,"Anderson",76978,93.53321728286,0.0782178217821782,157.187767933695,20.7851593961911,100.02857959417,7.82178217821782
2020-07-16,263,18,252,18,11,0,308,23,9925,289,10233,312,0,2,4,81,14,180,1,16,2,"Anderson",76978,98.7295071319078,0.0846153846153846,405.310608225727,23.383304320715,105.224869443218,8.46153846153846
2020-07-17,270,7,259,7,11,0,317,9,9996,71,10313,80,0,2,-8,73,15,195,1,17,3,"Anderson",76978,100.02857959417,0.0831024930747922,103.925796980956,9.09350723583361,94.832289745122,8.31024930747922
2020-07-18,277,7,266,7,11,0,328,11,10210,214,10538,225,0,2,-4,69,11,206,0,17,3,"Anderson",76978,98.7295071319078,0.0822281167108753,292.291304008938,9.09350723583361,89.6359998960742,8.22281167108753
2020-07-19,285,8,274,8,11,0,337,9,10291,81,10628,90,0,2,-5,64,13,219,2,19,3,"Anderson",76978,94.832289745122,0.0868292682926829,116.916521603575,10.3925796980956,83.1406375847645,8.68292682926829
2020-07-20,313,28,302,28,11,0,367,30,10460,169,10827,199,1,3,9,73,18,237,0,19,3,"Anderson",76978,123.411883914885,0.0950764006791171,258.515419990127,36.3740289433345,94.832289745122,9.50764006791171
2020-07-21,336,23,324,22,12,1,391,24,10752,292,11143,316,0,3,12,85,11,248,1,20,3,"Anderson",76978,139.000753462028,0.0930752047654505,410.506898074775,29.8786666320247,110.421159292265,9.30752047654505
2020-07-22,365,29,352,28,13,1,424,33,10887,135,11311,168,0,3,13,98,16,264,0,20,3,"Anderson",76978,155.888695471433,0.1,218.244173660007,37.6731014055964,127.309101301671,10
2020-07-23,388,23,375,23,13,0,455,31,11314,427,11769,458,0,3,9,107,14,278,2,22,3,"Anderson",76978,162.384057782743,0.095703125,594.975187715971,29.8786666320247,139.000753462028,9.5703125
2020-07-24,394,6,381,6,13,0,463,8,11426,112,11889,120,0,3,-16,91,22,300,0,22,4,"Anderson",76978,161.084985320481,0.0926395939086294,155.888695471433,7.79443477357167,118.215594065837,9.26395939086294
2020-07-25,426,32,412,31,14,1,499,36,11683,257,12182,293,1,4,26,117,5,305,1,23,4,"Anderson",76978,193.56179687703,0.104014598540146,380.62823144275,41.5703187923822,151.991478084648,10.4014598540146
2020-07-26,465,39,450,38,15,1,541,42,12086,403,12627,445,0,4,31,148,8,313,2,25,4,"Anderson",76978,233.83304320715,0.102051025512756,578.087245706565,50.6638260282159,192.262724414768,10.2051025512756
2020-07-27,483,18,467,17,16,1,562,21,12266,180,12828,201,0,4,-19,129,37,350,1,26,4,"Anderson",76978,220.842318584531,0.0974512743628186,261.113564914651,23.383304320715,167.580347631791,9.74512743628186
2020-07-28,523,40,507,40,16,0,608,46,12646,380,13254,426,0,4,24,153,16,366,1,27,5,"Anderson",76978,242.926550442984,0.10279488394126,553.404868923589,51.9628984904778,198.758086726078,10.279488394126
2020-07-29,527,4,511,4,16,0,612,4,12682,36,13294,40,1,5,-15,138,18,384,0,27,5,"Anderson",76978,210.449738886435,0.0948058497226425,51.9628984904778,5.19628984904778,179.271999792148,9.48058497226425
2020-07-30,564,37,548,37,16,0,665,53,13167,485,13832,538,0,5,20,158,17,401,0,27,5,"Anderson",76978,228.636753358102,0.101793504604944,698.900984696926,48.065681103692,205.253449037387,10.1793504604944
2020-07-31,576,12,560,12,16,0,679,14,13349,182,14028,196,0,5,-8,150,20,421,0,27,5,"Anderson",76978,236.431188131674,0.100981767180926,254.618202603341,15.5888695471433,194.860869339292,10.0981767180926
2020-08-01,599,23,583,23,16,0,704,25,13758,409,14462,434,0,5,17,167,6,427,1,28,5,"Anderson",76978,224.739535971316,0.0899122807017544,563.797448621684,29.8786666320247,216.945101197745,8.99122807017544
2020-08-02,606,7,590,7,16,0,711,7,13886,128,14597,135,0,5,2,169,5,432,1,29,6,"Anderson",76978,183.169217178934,0.0862944162436548,175.374782405363,9.09350723583361,219.543246122269,8.62944162436548
2020-08-03,631,25,614,24,17,1,742,31,14113,227,14855,258,0,5,14,183,11,443,0,29,6,"Anderson",76978,192.262724414768,0.0888011840157869,335.160695263582,32.4768115565486,237.730260593936,8.88011840157869
2020-08-04,638,7,621,7,17,0,750,8,14356,243,15106,251,2,7,-19,164,24,467,0,29,6,"Anderson",76978,149.393333160124,0.0766738660907127,326.067188027748,9.09350723583361,213.047883810959,7.66738660907127
2020-08-05,653,15,636,15,17,0,769,19,14565,209,15334,228,-1,6,-1,163,17,484,0,29,6,"Anderson",76978,163.683130245005,0.0769607843137255,296.188521395723,19.4860869339292,211.748811348697,7.69607843137255
2020-08-06,675,22,658,22,17,0,799,30,14886,321,15685,351,0,6,3,166,19,503,1,30,6,"Anderson",76978,144.197043311076,0.0723151645979493,455.974434253943,28.5795941697628,215.646028735483,7.23151645979493
2020-08-07,679,4,662,4,17,0,803,4,14967,81,15770,85,0,6,-21,145,25,528,0,30,6,"Anderson",76978,133.80446361298,0.0711825487944891,110.421159292265,5.19628984904778,188.365507027982,7.11825487944891
2020-08-08,690,11,673,11,17,0,819,16,15287,320,16106,336,0,6,1,146,10,538,0,30,6,"Anderson",76978,118.215594065837,0.0699513381995134,436.488347320014,14.2897970848814,189.664579490244,6.99513381995134
2020-08-09,697,7,680,7,17,0,828,9,15424,137,16252,146,0,6,-9,137,16,554,0,30,6,"Anderson",76978,118.215594065837,0.0706948640483384,189.664579490244,9.09350723583361,177.972927329886,7.06948640483384
2020-08-10,702,5,685,5,17,0,834,6,15563,139,16397,145,0,6,-11,126,16,570,0,30,6,"Anderson",76978,92.2341448205981,0.059662775616083,188.365507027982,6.49536231130973,163.683130245005,5.9662775616083
2020-08-11,723,21,706,21,17,0,856,22,15766,203,16622,225,0,6,9,135,12,582,1,31,6,"Anderson",76978,110.421159292265,0.0699208443271768,292.291304008938,27.2805217075008,175.374782405363,6.99208443271768
2020-08-12,731,8,714,8,17,0,864,8,16006,240,16870,248,0,6,-8,127,16,598,0,31,6,"Anderson",76978,101.327652056432,0.0618489583333333,322.169970640962,10.3925796980956,164.982202707267,6.18489583333333
2020-08-13,749,18,732,18,17,0,888,24,16234,228,17122,252,1,7,3,130,14,612,2,33,6,"Anderson",76978,96.1313622073839,0.0619345859429367,327.36626049001,23.383304320715,168.879420094053,6.19345859429367
2020-08-14,766,17,748,16,18,1,910,22,16563,329,17473,351,0,7,-9,121,26,638,0,33,6,"Anderson",76978,113.019304216789,0.0628302994715208,455.974434253943,22.0842318584531,157.187767933695,6.28302994715208
2020-08-15,776,10,758,10,18,0,922,12,16786,223,17708,235,-1,6,5,126,6,644,0,33,6,"Anderson",76978,111.720231754527,0.0642946317103621,305.282028631557,12.9907246226195,163.683130245005,6.4294631710362
2020-08-16,788,12,770,12,18,0,936,14,16928,142,17864,156,0,6,7,133,5,649,0,33,7,"Anderson",76978,118.215594065837,0.0669975186104218,202.655304112863,15.5888695471433,172.776637480839,6.69975186104218
2020-08-17,792,4,774,4,18,0,939,3,16971,43,17910,46,0,6,-13,120,17,666,0,33,7,"Anderson",76978,116.916521603575,0.069398545935228,59.7573332640495,5.19628984904778,155.888695471433,6.9398545935228
2020-08-18,806,14,788,14,18,0,956,17,17135,164,18091,181,0,6,5,125,9,675,0,33,7,"Anderson",76978,107.823014367741,0.068073519400953,235.132115669412,18.1870144716672,162.384057782743,6.8073519400953
2020-08-19,820,14,802,14,18,0,970,14,17309,174,18279,188,0,6,0,125,14,689,0,33,7,"Anderson",76978,115.617449141313,0.0752306600425834,244.225622905246,18.1870144716672,162.384057782743,7.52306600425834
2020-08-20,835,15,817,15,18,0,986,16,17751,442,18737,458,0,6,5,130,10,699,0,33,8,"Anderson",76978,111.720231754527,0.0606811145510836,594.975187715971,19.4860869339292,168.879420094053,6.06811145510836
2020-08-21,838,3,820,3,18,0,989,3,17787,36,18776,39,1,7,-7,123,9,708,0,33,8,"Anderson",76978,93.53321728286,0.0606293169608596,50.6638260282159,3.89721738678583,159.785912858219,6.06293169608596
2020-08-22,856,18,838,18,18,0,1008,19,18331,544,19339,563,1,8,10,133,7,715,1,34,8,"Anderson",76978,103.925796980956,0.052728387492336,731.377796253475,23.383304320715,172.776637480839,5.2728387492336
2020-08-23,857,1,839,1,18,0,1009,1,18415,84,19424,85,0,8,-5,128,6,721,0,34,8,"Anderson",76978,89.6359998960742,0.0467948717948718,110.421159292265,1.29907246226194,166.281275169529,4.67948717948718
2020-08-24,858,1,839,0,19,1,1009,0,18454,39,19463,39,0,8,-19,109,20,741,0,34,8,"Anderson",76978,85.7387825092884,0.0450740502253702,50.6638260282159,1.29907246226194,141.598898386552,4.50740502253703
2020-08-25,866,8,847,8,19,0,1017,8,18606,152,19623,160,0,8,-2,107,10,751,1,35,8,"Anderson",76978,77.9443477357167,0.0398172323759791,207.851593961911,10.3925796980956,139.000753462028,3.98172323759791
2020-08-26,872,6,853,6,19,0,1023,6,18786,180,19809,186,0,8,-14,93,20,771,0,35,8,"Anderson",76978,67.5517680376211,0.034640522875817,241.627477980722,7.79443477357167,120.813738990361,3.4640522875817
2020-08-27,875,3,856,3,19,0,1026,3,19197,411,20223,414,0,8,-16,77,19,790,0,35,8,"Anderson",76978,51.9628984904778,0.0269179004037685,537.815999376445,3.89721738678583,100.02857959417,2.69179004037685
2020-08-28,875,0,856,0,19,0,1026,0,19235,38,20261,38,0,8,-20,57,20,810,0,35,8,"Anderson",76978,48.065681103692,0.0249158249158249,49.3647535659539,0,74.0471303489309,2.49158249158249
2020-08-29,884,9,864,8,20,1,1034,8,19497,262,20531,270,0,8,3,60,6,816,0,35,8,"Anderson",76978,36.3740289433345,0.0218120805369128,350.749564810725,11.6916521603575,77.9443477357167,2.18120805369128
2020-08-30,900,16,880,16,20,0,1050,16,19580,83,20630,99,0,8,8,68,8,824,0,35,8,"Anderson",76978,55.8601158772636,0.0339966832504146,128.608173763933,20.7851593961911,88.3369274338123,3.39966832504146
2020-08-31,902,2,882,2,20,0,1052,2,19638,58,20690,60,0,8,-15,53,17,841,0,35,8,"Anderson",76978,57.1591883395256,0.0350448247758761,77.9443477357167,2.59814492452389,68.8508404998831,3.50448247758761
2020-09-01,909,7,888,6,21,1,1058,6,19749,111,20807,117,0,8,0,53,7,848,0,35,8,"Anderson",76978,55.8601158772636,0.0346283783783784,151.991478084648,9.09350723583361,68.8508404998831,3.46283783783784
2020-09-02,917,8,894,6,23,2,1068,10,20065,316,21133,326,0,8,5,58,3,851,0,35,8,"Anderson",76978,58.4582608017875,0.033987915407855,423.497622697394,10.3925796980956,75.3462028111928,3.3987915407855
2020-09-03,933,16,908,14,25,2,1084,16,20389,324,21473,340,0,8,10,68,6,857,0,35,9,"Anderson",76978,75.3462028111928,0.0464,441.684637169061,20.7851593961911,88.3369274338123,4.64
2020-09-04,942,9,916,8,26,1,1094,10,20578,189,21672,199,0,8,6,74,3,860,0,35,9,"Anderson",76978,87.0378549715503,0.0481927710843374,258.515419990127,11.6916521603575,96.1313622073839,4.81927710843374
2020-09-05,961,19,935,19,26,0,1115,21,20847,269,21962,290,0,8,16,90,3,863,1,36,10,"Anderson",76978,100.02857959417,0.0566037735849057,376.731014055964,24.682376782977,116.916521603575,5.66037735849057
2020-09-06,963,2,937,2,26,0,1117,2,20903,56,22020,58,0,8,-1,89,3,866,0,36,10,"Anderson",76978,81.8415651225025,0.0482014388489209,75.3462028111928,2.59814492452389,115.617449141313,4.82014388489209
2020-09-07,966,3,940,3,26,0,1122,5,20991,88,22113,93,0,8,-8,81,11,877,0,36,10,"Anderson",76978,83.1406375847645,0.0491918482080112,120.813738990361,3.89721738678583,105.224869443218,4.91918482080112
2020-09-08,975,9,943,3,32,6,1126,4,21166,175,22292,179,1,9,4,85,4,881,0,36,10,"Anderson",76978,85.7387825092884,0.0457912457912458,232.533970744888,11.6916521603575,110.421159292265,4.57912457912458
2020-09-09,984,9,952,9,32,0,1135,9,21407,241,22542,250,0,9,-3,82,12,893,1,37,11,"Anderson",76978,87.0378549715503,0.0475514549325763,324.768115565486,11.6916521603575,106.523941905479,4.75514549325763
2020-09-10,1013,29,980,28,33,1,1165,30,21776,369,22941,399,1,10,25,107,3,896,0,37,11,"Anderson",76978,103.925796980956,0.0551771117166213,518.329912442516,37.6731014055964,139.000753462028,5.51771117166213
2020-09-11,1014,1,981,1,33,0,1167,2,21909,133,23076,135,0,10,-13,94,14,910,0,37,11,"Anderson",76978,93.53321728286,0.051994301994302,175.374782405363,1.29907246226194,122.112811452623,5.1994301994302
2020-09-12,1017,3,984,3,33,0,1172,5,22051,142,23223,147,0,10,-5,89,8,918,0,37,11,"Anderson",76978,72.7480578866689,0.0452022204599524,190.963651952506,3.89721738678583,115.617449141313,4.52022204599524
2020-09-13,1038,21,1004,20,34,1,1193,21,22295,244,23488,265,0,10,16,105,5,923,1,38,11,"Anderson",76978,97.4304346696459,0.0517711171662125,344.254202499415,27.2805217075008,136.402608537504,5.17711171662125
2020-09-14,1044,6,1009,5,35,1,1199,6,22401,106,23600,112,0,10,-7,98,13,936,1,39,11,"Anderson",76978,101.327652056432,0.0517821116341627,145.496115773338,7.79443477357167,127.309101301671,5.17821116341627
2020-09-15,1060,16,1025,16,35,0,1216,17,22641,240,23857,257,1,11,5,103,10,946,1,40,12,"Anderson",76978,110.421159292265,0.0575079872204473,333.86162280132,20.7851593961911,133.80446361298,5.75079872204473
2020-09-16,1068,8,1033,8,35,0,1228,12,22777,136,24005,148,0,11,-5,98,13,959,0,40,12,"Anderson",76978,109.122086830003,0.063568010936432,192.262724414768,10.3925796980956,127.309101301671,6.3568010936432
2020-09-17,1090,22,1053,20,37,2,1248,20,23198,421,24446,441,0,11,15,113,7,966,1,41,12,"Anderson",76978,100.02857959417,0.0551495016611296,572.890955857518,28.5795941697628,146.7951882356,5.51495016611296
2020-09-18,1109,19,1072,19,37,0,1266,18,23422,224,24688,242,0,11,6,119,13,979,0,41,12,"Anderson",76978,123.411883914885,0.0614143920595533,314.375535867391,24.682376782977,154.589623009171,6.14143920595533
2020-09-19,1124,15,1087,15,37,0,1287,21,23704,282,24991,303,0,11,9,128,6,985,1,42,12,"Anderson",76978,139.000753462028,0.0650452488687783,393.618956065369,19.4860869339292,166.281275169529,6.50452488687783
2020-09-20,1131,7,1094,7,37,0,1297,10,23856,152,25153,162,0,11,0,128,7,992,0,42,13,"Anderson",76978,120.813738990361,0.0624624624624625,210.449738886435,9.09350723583361,166.281275169529,6.24624624624625
2020-09-21,1133,2,1096,2,37,0,1299,2,23889,33,25188,35,0,11,-6,122,8,1000,0,42,13,"Anderson",76978,115.617449141313,0.0629722921914358,45.4675361791681,2.59814492452389,158.486840395957,6.29722921914358
2020-09-22,1147,14,1110,14,37,0,1316,17,24137,248,25453,265,0,11,0,122,14,1014,1,43,13,"Anderson",76978,113.019304216789,0.06265664160401,344.254202499415,18.1870144716672,158.486840395957,6.265664160401
2020-09-23,1147,0,1110,0,37,0,1316,0,24178,41,25494,41,0,11,-12,110,12,1026,0,43,13,"Anderson",76978,102.626724518694,0.0591000671591672,53.2619709527397,0,142.897970848814,5.91000671591672
2020-09-24,1160,13,1123,13,37,0,1331,15,24502,324,25833,339,1,12,0,110,12,1038,0,43,13,"Anderson",76978,90.9350723583361,0.0598413842826244,440.385564706799,16.8879420094053,142.897970848814,5.98413842826244
2020-09-25,1174,14,1136,13,38,1,1344,13,24738,236,26082,249,1,13,-2,108,15,1053,0,43,13,"Anderson",76978,84.4397100470264,0.0559540889526542,323.469043103224,18.1870144716672,140.29982592429,5.59540889526542
2020-09-26,1188,14,1150,14,38,0,1361,17,25038,300,26399,317,0,13,8,116,6,1059,0,43,13,"Anderson",76978,83.1406375847645,0.0525568181818182,411.805970537037,18.1870144716672,150.692405622386,5.25568181818182
2020-09-27,1207,19,1167,17,40,2,1377,16,25245,207,26622,223,0,13,12,128,7,1066,0,43,13,"Anderson",76978,98.7295071319078,0.0544588155207624,289.693159084414,24.682376782977,166.281275169529,5.44588155207624
2020-09-28,1210,3,1169,2,41,1,1379,2,25282,37,26661,39,0,13,-9,119,12,1078,0,43,13,"Anderson",76978,100.02857959417,0.0543109300746775,50.6638260282159,3.89721738678583,154.589623009171,5.43109300746775
2020-09-29,1221,11,1179,10,42,1,1389,10,25576,294,26965,304,0,13,-7,112,18,1096,0,43,13,"Anderson",76978,96.1313622073839,0.0482804232804233,394.918028527631,14.2897970848814,145.496115773338,4.82804232804233
2020-09-30,1233,12,1189,10,44,2,1399,10,25642,66,27041,76,0,13,3,115,9,1105,0,43,13,"Anderson",76978,111.720231754527,0.0536522301228184,98.7295071319078,15.5888695471433,149.393333160124,5.36522301228184
2020-10-01,1249,16,1203,14,46,2,1414,15,25922,280,27336,295,0,13,4,119,12,1117,0,43,13,"Anderson",76978,115.617449141313,0.0552228875582169,383.226376367274,20.7851593961911,154.589623009171,5.52228875582169
2020-10-02,1256,7,1209,6,47,1,1421,7,26004,82,27425,89,0,13,1,120,6,1123,0,43,13,"Anderson",76978,106.523941905479,0.0573343261355175,115.617449141313,9.09350723583361,155.888695471433,5.73343261355175
2020-10-03,1272,16,1225,16,47,0,1445,24,26268,264,27713,288,0,13,3,123,13,1136,0,43,13,"Anderson",76978,109.122086830003,0.0639269406392694,374.13286913144,20.7851593961911,159.785912858219,6.39269406392694
2020-10-04,1288,16,1239,14,49,2,1461,16,26605,337,28066,353,0,13,8,131,8,1144,0,43,13,"Anderson",76978,105.224869443218,0.0581717451523546,458.572579178467,20.7851593961911,170.178492556315,5.81717451523546
2020-10-05,1314,26,1264,25,50,1,1488,27,26816,211,28304,238,0,13,11,142,15,1159,1,44,13,"Anderson",76978,135.103536075242,0.0663420572124163,309.179246018343,33.7758840188106,184.468289641196,6.63420572124163
2020-10-06,1342,28,1291,27,51,1,1520,32,27153,337,28673,369,0,13,15,157,13,1172,1,45,13,"Anderson",76978,157.187767933695,0.0766978922716628,479.357738574658,36.3740289433345,203.954376575125,7.66978922716628
2020-10-07,1348,6,1297,6,51,0,1528,8,27388,235,28916,243,0,13,-3,154,9,1181,0,45,13,"Anderson",76978,149.393333160124,0.0688,315.674608329653,7.79443477357167,200.05715918834,6.88
2020-10-08,1358,10,1305,8,53,2,1537,9,27627,239,29164,248,0,13,-3,151,13,1194,1,46,13,"Anderson",76978,141.598898386552,0.0672866520787746,322.169970640962,12.9907246226195,196.159941801554,6.72866520787746
2020-10-09,1373,15,1318,13,55,2,1553,16,27800,173,29353,189,0,13,-2,149,17,1211,0,46,13,"Anderson",76978,151.991478084648,0.0684647302904564,245.524695367508,19.4860869339292,193.56179687703,6.84647302904564
2020-10-10,1389,16,1334,16,55,0,1573,20,28012,212,29585,232,0,13,3,152,13,1224,1,47,14,"Anderson",76978,151.991478084648,0.0683760683760684,301.384811244771,20.7851593961911,197.459014263816,6.83760683760684
2020-10-11,1417,28,1362,28,55,0,1604,31,28301,289,29905,320,0,13,18,170,10,1234,0,47,14,"Anderson",76978,167.580347631791,0.0777596519847743,415.703187923822,36.3740289433345,220.842318584531,7.77596519847743
2020-10-12,1433,16,1377,15,56,1,1620,16,28380,79,30000,95,0,13,-11,159,27,1261,0,47,14,"Anderson",76978,154.589623009171,0.0778301886792453,123.411883914885,20.7851593961911,206.552521499649,7.78301886792453
2020-10-13,1453,20,1395,18,58,2,1638,18,28501,121,30139,139,0,13,7,166,13,1274,0,47,14,"Anderson",76978,144.197043311076,0.0804911323328786,180.57107225441,25.9814492452389,215.646028735483,8.04911323328786
2020-10-14,1475,22,1417,22,58,0,1662,24,28801,300,30463,324,0,13,12,178,10,1284,0,47,14,"Anderson",76978,164.982202707267,0.0866192630898513,420.89947777287,28.5795941697628,231.234898282626,8.66192630898513
2020-10-15,1497,22,1433,16,64,6,1676,14,28952,151,30628,165,0,13,2,180,20,1304,1,48,14,"Anderson",76978,180.57107225441,0.0949453551912568,214.346956273221,28.5795941697628,233.83304320715,9.49453551912568
2020-10-16,1504,7,1436,3,68,4,1680,4,29051,99,30731,103,0,13,-11,169,18,1322,0,48,15,"Anderson",76978,170.178492556315,0.0921625544267054,133.80446361298,9.09350723583361,219.543246122269,9.21625544267054
2020-10-17,1532,28,1463,27,69,1,1710,30,29299,248,31009,278,0,13,14,183,14,1336,2,50,15,"Anderson",76978,185.767362103458,0.0962078651685393,361.142144508821,36.3740289433345,237.730260593936,9.62078651685393
2020-10-18,1552,20,1483,20,69,0,1733,23,29538,239,31271,262,0,13,5,188,15,1351,0,50,15,"Anderson",76978,175.374782405363,0.0944363103953148,340.35698511263,25.9814492452389,244.225622905246,9.44363103953148
2020-10-19,1556,4,1487,4,69,0,1738,5,29615,77,31353,82,0,13,-16,172,20,1371,1,51,15,"Anderson",76978,159.785912858219,0.0872135994087214,106.523941905479,5.19628984904778,223.440463509055,8.72135994087214
2020-10-20,1583,27,1514,27,69,0,1773,35,29815,200,31588,235,0,13,6,178,21,1392,0,51,15,"Anderson",76978,168.879420094053,0.093167701863354,305.282028631557,35.0749564810725,231.234898282626,9.3167701863354
2020-10-21,1600,17,1531,17,69,0,1792,19,30031,216,31823,235,0,13,8,186,9,1401,1,52,15,"Anderson",76978,162.384057782743,0.0955882352941176,305.282028631557,22.0842318584531,241.627477980722,9.55882352941176
2020-10-22,1621,21,1552,21,69,0,1817,25,30363,332,32180,357,1,14,-4,182,24,1425,0,52,15,"Anderson",76978,161.084985320481,0.0908505154639175,463.768869027514,27.2805217075008,236.431188131674,9.08505154639175
2020-10-23,1636,15,1566,14,70,1,1833,16,30638,275,32471,291,0,14,-7,175,22,1447,0,52,15,"Anderson",76978,171.477565018577,0.0879310344827586,378.030086518226,19.4860869339292,227.33768089584,8.79310344827586
2020-10-24,1667,31,1596,30,71,1,1866,33,31014,376,32880,409,0,14,19,194,12,1459,2,54,17,"Anderson",76978,175.374782405363,0.0833778727952966,531.320637065136,40.2712463301203,252.020057678817,8.33778727952966
2020-10-25,1684,17,1612,16,72,1,1885,19,31210,196,33095,215,0,14,0,194,17,1476,4,58,17,"Anderson",76978,171.477565018577,0.0833333333333333,279.300579386318,22.0842318584531,252.020057678817,8.33333333333333
2020-10-26,1700,16,1627,15,73,1,1903,18,31344,134,33247,152,-1,13,-11,183,28,1504,1,59,17,"Anderson",76978,187.06643456572,0.087117212249208,197.459014263816,20.7851593961911,237.730260593936,8.7117212249208
2020-10-27,1729,29,1651,24,78,5,1927,24,31499,155,33426,179,1,14,10,193,18,1522,2,61,17,"Anderson",76978,189.664579490244,0.0837867247007617,232.533970744888,37.6731014055964,250.720985216555,8.37867247007617
2020-10-28,1785,56,1705,54,80,2,1986,59,31933,434,33919,493,0,14,33,226,23,1545,0,61,17,"Anderson",76978,240.32840551846,0.0925572519083969,640.442723895139,72.7480578866689,293.5903764712,9.25572519083969
2020-10-29,1814,29,1726,21,88,8,2005,19,32139,206,34144,225,0,14,6,232,23,1568,2,63,17,"Anderson",76978,250.720985216555,0.0957230142566191,292.291304008938,37.6731014055964,301.384811244771,9.57230142566191
2020-10-30,1851,37,1760,34,91,3,2043,38,32290,151,34333,189,2,16,20,252,15,1583,1,64,17,"Anderson",76978,279.300579386318,0.112781954887218,245.524695367508,48.065681103692,327.36626049001,11.2781954887218
2020-10-31,1851,0,1760,0,91,0,2043,0,32291,1,34334,1,0,16,-10,242,10,1593,0,64,19,"Anderson",76978,239.029333056198,0.121733149931224,1.29907246226194,0,314.375535867391,12.1733149931224
2020-11-01,1856,5,1765,5,91,0,2051,8,32535,244,34586,252,0,16,-10,232,15,1608,0,64,19,"Anderson",76978,223.440463509055,0.111334674714956,327.36626049001,6.49536231130973,301.384811244771,11.1334674714956
2020-11-02,1889,33,1796,31,93,2,2086,35,32802,267,34888,302,0,16,8,240,25,1633,0,64,20,"Anderson",76978,245.524695367508,0.111517367458867,392.319883603107,42.8693912546442,311.777390942867,11.1517367458867
2020-11-03,1915,26,1821,25,94,1,2111,25,32982,180,35093,205,0,16,6,246,20,1653,0,64,21,"Anderson",76978,241.627477980722,0.110377924415117,266.309854763699,33.7758840188106,319.571825716438,11.0377924415117
2020-11-04,1933,18,1836,15,97,3,2129,18,33061,79,35190,97,2,18,1,247,15,1668,1,65,21,"Anderson",76978,192.262724414768,0.112509834775767,126.010028839409,23.383304320715,320.8708981787,11.2509834775767
2020-11-05,1957,24,1854,18,103,6,2149,20,33160,99,35309,119,0,18,1,248,23,1691,0,65,22,"Anderson",76978,185.767362103458,0.123605150214592,154.589623009171,31.1777390942867,322.169970640962,12.3605150214592
2020-11-06,2006,49,1900,46,106,3,2198,49,33527,367,35725,416,0,18,24,272,25,1716,2,67,23,"Anderson",76978,201.356231650601,0.111350574712644,540.414144300969,63.6545506508353,353.347709735249,11.1350574712644
2020-11-07,2086,80,1977,77,109,3,2275,77,33974,447,36249,524,0,18,50,322,30,1746,0,67,23,"Anderson",76978,305.282028631557,0.121148825065274,680.713970225259,103.925796980956,418.301332848346,12.1148825065274
2020-11-08,2140,54,2028,51,112,3,2337,62,34584,610,36921,672,0,18,39,361,15,1761,1,68,23,"Anderson",76978,368.936579282392,0.122483940042827,872.976694640027,70.149912962145,468.965158876562,12.2483940042827
2020-11-09,2148,8,2035,7,113,1,2346,9,34658,74,37004,83,0,18,-46,315,54,1815,0,68,23,"Anderson",76978,336.459767725844,0.122873345935728,107.823014367741,10.3925796980956,409.207825612513,12.2873345935728
2020-11-10,2167,19,2053,18,114,1,2368,22,34829,171,37197,193,0,18,-16,299,35,1850,1,69,23,"Anderson",76978,327.36626049001,0.122148288973384,250.720985216555,24.682376782977,388.422666216322,12.2148288973384
2020-11-11,2206,39,2089,36,117,3,2410,42,35102,273,37512,315,1,19,13,312,25,1875,1,70,23,"Anderson",76978,354.646782197511,0.121016365202412,409.207825612513,50.6638260282159,405.310608225727,12.1016365202412
2020-11-12,2213,7,2095,6,118,1,2418,8,35300,198,37718,206,0,19,-13,299,20,1895,0,70,24,"Anderson",76978,332.562550339058,0.111664591116646,267.608927225961,9.09350723583361,388.422666216322,11.1664591116646
2020-11-13,2269,56,2148,53,121,3,2477,59,35562,262,38039,321,2,21,31,330,23,1918,2,72,24,"Anderson",76978,341.656057574892,0.12057044079516,417.002260386084,72.7480578866689,428.693912546442,12.057044079516
2020-11-14,2310,41,2188,40,122,1,2522,45,35958,396,38480,441,1,22,20,350,20,1938,1,73,25,"Anderson",76978,290.992231546676,0.110712684894666,572.890955857518,53.2619709527397,454.675361791681,11.0712684894666
2020-11-15,2408,98,2286,98,122,0,2630,108,36540,582,39170,690,1,23,79,429,18,1956,1,74,25,"Anderson",76978,348.151419886201,0.130280124499778,896.359998960742,127.309101301671,557.302086310374,13.0280124499778
2020-11-16,2457,49,2315,29,142,20,2659,29,36817,277,39476,306,0,23,-6,423,55,2011,1,75,25,"Anderson",76978,401.413390838941,0.126618122977346,397.516173452155,63.6545506508353,549.507651536803,12.6618122977346
2020-11-17,2473,16,2330,15,143,1,2675,16,37023,206,39698,222,2,25,-37,386,51,2062,1,76,26,"Anderson",76978,397.516173452155,0.122750899640144,288.394086622152,20.7851593961911,501.441970433111,12.2750899640144
2020-11-18,2503,30,2356,26,147,4,2701,26,37317,294,40018,320,0,25,-5,381,35,2097,0,76,27,"Anderson",76978,385.824521291798,0.116121308858739,415.703187923822,38.9721738678584,494.946608121801,11.6121308858739
2020-11-19,2561,58,2410,54,151,4,2763,62,37733,416,40496,478,0,25,19,400,39,2136,1,77,27,"Anderson",76978,452.077216867157,0.124190064794816,620.95663696121,75.3462028111928,519.628984904778,12.4190064794816
2020-11-20,2591,30,2437,27,154,3,2794,31,37847,114,40641,145,0,25,-10,390,40,2176,0,77,28,"Anderson",76978,418.301332848346,0.121829362029208,188.365507027982,38.9721738678584,506.638260282159,12.1829362029208
2020-11-21,2648,57,2486,49,162,8,2842,48,38191,344,41033,392,0,25,34,424,23,2199,1,78,28,"Anderson",76978,439.086492244537,0.125342734038386,509.236405206682,74.0471303489309,550.806723999065,12.5342734038386
2020-11-22,2704,56,2535,49,169,7,2899,57,38674,483,41573,540,0,25,42,466,14,2213,1,79,31,"Anderson",76978,384.525448829536,0.111943404078236,701.49912962145,72.7480578866689,605.367767414066,11.1943404078236
2020-11-23,2711,7,2541,6,170,1,2905,6,38696,22,41601,28,0,25,-64,402,71,2284,0,79,32,"Anderson",76978,329.964405414534,0.115764705882353,36.3740289433345,9.09350723583361,522.227129829302,11.5764705882353
2020-11-24,2724,13,2553,12,171,1,2917,12,38853,157,41770,169,2,27,-35,367,46,2330,0,79,32,"Anderson",76978,326.067188027748,0.116795366795367,219.543246122269,16.8879420094053,476.759593650134,11.6795366795367
2020-11-25,2752,28,2574,21,178,7,2938,21,38890,37,41828,58,1,28,-11,356,38,2368,0,79,32,"Anderson",76978,323.469043103224,0.130939226519337,75.3462028111928,36.3740289433345,462.469796565252,13.0939226519337
2020-11-26,2797,45,2616,42,181,3,2983,45,39240,350,42223,395,0,28,-30,326,75,2443,1,80,33,"Anderson",76978,306.581101093819,0.127388535031847,513.133622593468,58.4582608017875,423.497622697394,12.7388535031847
2020-11-27,2896,99,2706,90,190,9,3078,95,39666,426,42744,521,0,28,56,382,43,2486,3,83,35,"Anderson",76978,396.217100989893,0.135045173561579,676.816752838473,128.608173763933,496.245680584063,13.5045173561579
2020-11-28,2927,31,2731,25,196,6,3108,30,39809,143,42917,173,1,29,5,387,25,2511,2,85,35,"Anderson",76978,362.441216971083,0.141188959660297,224.739535971316,40.2712463301203,502.741042895373,14.1188959660297
2020-11-29,3018,91,2820,89,198,2,3204,96,40246,437,43450,533,0,29,65,452,26,2537,1,86,35,"Anderson",76978,407.908753150251,0.162493340436867,692.405622385617,118.215594065837,587.180752942399,16.2493340436867
2020-11-30,3088,70,2886,66,202,4,3277,73,40498,252,43775,325,0,29,1,453,69,2606,0,86,37,"Anderson",76978,489.750318272753,0.171113155473781,422.198550235132,90.9350723583361,588.479825404661,17.1113155473781
2020-12-01,3164,76,2952,66,212,10,3349,72,40929,431,44278,503,1,30,14,467,61,2667,6,92,38,"Anderson",76978,571.591883395256,0.172248803827751,653.433448517758,98.7295071319078,606.666839876328,17.2248803827751
2020-12-02,3179,15,2966,14,213,1,3365,16,41037,108,44402,124,0,30,-40,427,55,2722,0,92,38,"Anderson",76978,554.70394138585,0.165889665889666,161.084985320481,19.4860869339292,554.70394138585,16.5889665889666
2020-12-03,3220,41,2995,29,225,12,3398,33,41261,224,44659,257,1,31,-14,413,54,2776,1,93,39,"Anderson",76978,549.507651536803,0.170361247947455,333.86162280132,53.2619709527397,536.516926914183,17.0361247947455
2020-12-04,3287,67,3055,60,232,7,3461,63,41419,158,44880,221,1,32,-25,388,91,2867,0,93,39,"Anderson",76978,507.93733274442,0.179307116104869,287.09501415989,87.0378549715503,504.040115357635,17.9307116104869
2020-12-05,3318,31,3074,19,244,12,3479,18,41486,67,44965,85,0,32,1,389,30,2897,0,93,39,"Anderson",76978,507.93733274442,0.18115234375,110.421159292265,40.2712463301203,505.339187819897,18.115234375
2020-12-06,3354,36,3103,29,251,7,3507,28,41694,208,45201,236,0,32,12,401,24,2921,2,95,40,"Anderson",76978,436.488347320014,0.173043974871502,306.581101093819,46.76660864143,520.92805736704,17.3043974871502
2020-12-07,3494,140,3227,124,267,16,3643,136,42287,593,45930,729,2,34,28,429,110,3031,4,99,41,"Anderson",76978,527.42341967835,0.169837587006961,947.023824988958,181.870144716672,557.302086310374,16.9837587006961
2020-12-08,3565,71,3276,49,289,22,3695,52,42585,298,46280,350,1,35,-8,421,78,3109,2,101,43,"Anderson",76978,520.92805736704,0.172827172827173,454.675361791681,92.2341448205981,546.909506612279,17.2827172827173
2020-12-09,3670,105,3367,91,303,14,3799,104,42846,261,46645,365,0,35,46,467,59,3168,3,104,44,"Anderson",76978,637.844578970615,0.193490860454748,474.16144872561,136.402608537504,606.666839876328,19.3490860454748
2020-12-10,3764,94,3445,78,319,16,3886,87,43378,532,47264,619,3,38,81,548,10,3178,3,107,45,"Anderson",76978,706.695419470498,0.187332053742802,804.125854140144,122.112811452623,711.891709319546,18.7332053742802
2020-12-11,3837,73,3498,53,339,20,3937,51,43544,166,47481,217,1,39,30,578,42,3220,2,109,45,"Anderson",76978,714.48985424407,0.183006535947712,281.898724310842,94.832289745122,750.863883187404,18.3006535947712
2020-12-12,3925,88,3559,61,366,27,4002,65,44057,513,48059,578,0,39,55,633,33,3253,2,111,45,"Anderson",76978,788.536984593001,0.169036845507434,750.863883187404,114.318376679051,822.312868611811,16.9036845507434
2020-12-13,4157,232,3742,183,415,49,4206,204,44929,872,49135,1076,1,40,188,821,43,3296,0,111,47,"Anderson",76978,1043.15518719634,0.177681748856126,1397.80196939385,301.384811244771,1066.53849151706,17.7681748856126
2020-12-14,4272,115,3827,85,445,30,4305,99,45220,291,49525,390,0,40,-37,784,152,3448,1,112,48,"Anderson",76978,1010.67837563979,0.184144645340751,506.638260282159,149.393333160124,1018.47281041336,18.4144645340751
2020-12-15,4407,135,3912,85,495,50,4401,96,45747,527,50148,623,1,41,42,826,92,3540,6,118,51,"Anderson",76978,1093.81901322456,0.182523267838676,809.322143989192,175.374782405363,1073.03385382837,18.2523267838676
2020-12-16,4476,69,3942,30,534,39,4437,36,46070,323,50507,359,2,43,-17,809,84,3624,4,122,52,"Anderson",76978,1047.05240458313,0.165199378560331,466.367013952038,89.6359998960742,1050.94962196991,16.5199378560331
2020-12-17,4677,201,4116,174,561,27,4631,194,46598,528,51229,722,2,45,114,923,85,3709,2,124,54,"Anderson",76978,1186.05315804516,0.187894073139975,937.930317753124,261.113564914651,1199.04388266778,18.7894073139975
2020-12-18,4775,98,4192,76,583,22,4718,87,46964,366,51682,453,1,46,23,946,74,3783,2,126,54,"Anderson",76978,1218.5299696017,0.185908117114973,588.479825404661,127.309101301671,1228.9225492998,18.5908117114973
2020-12-19,4880,105,4273,81,607,24,4805,87,47222,258,52027,345,0,46,74,1020,31,3814,1,127,55,"Anderson",76978,1240.61420146016,0.202368951612903,448.179999480371,136.402608537504,1325.05391150718,20.2368951612903
2020-12-20,5020,140,4395,122,625,18,4942,137,47686,464,52628,601,2,48,84,1104,54,3868,3,130,56,"Anderson",76978,1121.09953493206,0.2107071285428,780.742549819429,181.870144716672,1434.17599833719,21.07071285428
2020-12-21,5068,48,4413,18,655,30,4965,23,47906,220,52871,243,3,51,-83,1021,128,3996,2,132,59,"Anderson",76978,1034.06167996051,0.197250448296473,315.674608329653,62.3554781885734,1326.35298396945,19.7250448296473
2020-12-22,5138,70,4457,44,681,26,5012,47,48012,106,53024,153,1,52,-31,990,100,4096,2,134,64,"Anderson",76978,949.621969913482,0.212447844228095,198.758086726078,90.9350723583361,1286.08173763933,21.2447844228095
2020-12-23,5212,74,4499,42,713,32,5055,43,48328,316,53383,359,2,54,-8,982,80,4176,2,136,66,"Anderson",76978,956.117332224792,0.214881780250348,466.367013952038,96.1313622073839,1275.68915794123,21.4881780250348
2020-12-24,5270,58,4523,24,747,34,5082,27,48480,152,53562,179,1,55,-47,935,104,4280,1,137,71,"Anderson",76978,770.349970121333,0.193313330475782,232.533970744888,75.3462028111928,1214.63275221492,19.3313330475782
2020-12-25,5364,94,4601,78,763,16,5175,93,48889,409,54064,502,0,55,-16,919,110,4390,1,138,72,"Anderson",76978,765.153680272286,0.191855583543241,652.134376055496,122.112811452623,1193.84759281873,19.1855583543241
2020-12-26,5420,56,4630,29,790,27,5203,28,49008,119,54211,147,0,55,6,925,50,4440,3,141,74,"Anderson",76978,701.49912962145,0.182234432234432,190.963651952506,72.7480578866689,1201.6420275923,18.2234432234432
2020-12-27,5480,60,4667,37,813,23,5239,36,49144,136,54383,172,1,56,29,954,30,4470,6,147,75,"Anderson",76978,597.573332640495,0.169230769230769,223.440463509055,77.9443477357167,1239.3151289979,16.9230769230769
2020-12-28,5527,47,4688,21,839,26,5259,20,49213,69,54472,89,2,58,-85,869,130,4600,4,151,82,"Anderson",76978,596.274260178233,0.183635227982511,115.617449141313,61.0564057263114,1128.89396970563,18.3635227982511
2020-12-29,5623,96,4740,52,883,44,5307,48,49308,95,54615,143,2,60,-34,835,128,4728,5,156,85,"Anderson",76978,630.050144197043,0.185417976115651,185.767362103458,124.710956377147,1084.72550598872,18.5417976115651
2020-12-30,5658,35,4758,18,900,17,5324,17,49436,128,54760,145,6,66,-89,746,118,4846,1,157,88,"Anderson",76978,579.386318168827,0.195352214960058,188.365507027982,45.4675361791681,969.108056847411,19.5352214960058
2020-12-31,5821,163,4858,100,963,63,5426,102,49740,304,55166,406,6,72,63,809,94,4940,1,158,93,"Anderson",76978,715.788926706332,0.214463840399002,527.42341967835,211.748811348697,1050.94962196991,21.4463840399002
2021-01-01,5886,65,4900,42,986,23,5481,55,50016,276,55497,331,0,72,-25,784,90,5030,2,160,94,"Anderson",76978,678.115825300735,0.213538032100488,429.992985008704,84.4397100470264,1018.47281041336,21.3538032100488
2021-01-02,5979,93,4941,41,1038,52,5522,41,50301,285,55823,326,0,72,48,832,45,5075,2,162,96,"Anderson",76978,726.181506404427,0.197890818858561,423.497622697394,120.813738990361,1080.82828860194,19.7890818858561
2021-01-03,6004,25,4953,12,1051,13,5538,16,50353,52,55891,68,0,72,-9,823,34,5109,1,163,98,"Anderson",76978,680.713970225259,0.198275862068966,88.3369274338123,32.4768115565486,1069.13663644158,19.8275862068966
2021-01-04,6041,37,4977,24,1064,13,5569,31,50460,107,56029,138,1,73,-57,766,93,5202,0,163,103,"Anderson",76978,667.72324560264,0.199100834938985,179.271999792148,48.065681103692,995.08950609265,19.9100834938985
2021-01-05,6113,72,5008,31,1105,41,5600,31,50578,118,56178,149,2,75,-48,718,118,5320,2,165,106,"Anderson",76978,636.545506508353,0.187460012795905,193.56179687703,93.53321728286,932.734027904076,18.7460012795905
2021-01-06,6187,74,5048,40,1139,34,5643,43,50739,161,56382,204,5,80,-12,706,81,5401,2,167,108,"Anderson",76978,687.209332536569,0.196670776818742,265.010782301437,96.1313622073839,917.145158356933,19.6670776818742
2021-01-07,6292,105,5128,80,1164,25,5735,92,50960,221,56695,313,1,81,65,771,39,5440,1,168,111,"Anderson",76978,611.863129725376,0.202092871157619,406.609680687989,136.402608537504,1001.58486840396,20.2092871157619
2021-01-08,6374,82,5178,50,1196,32,5787,52,51159,199,56946,251,5,86,61,832,16,5456,2,170,114,"Anderson",76978,633.947361583829,0.211180124223602,326.067188027748,106.523941905479,1080.82828860194,21.1180124223602
2021-01-09,6485,111,5247,69,1238,42,5862,75,51590,431,57452,506,2,88,44,876,65,5521,0,170,116,"Anderson",76978,657.330665904544,0.208717004297115,657.330665904544,144.197043311076,1137.98747694146,20.8717004297115
2021-01-10,6545,60,5272,25,1273,35,5887,25,51684,94,57571,119,2,90,28,904,30,5551,3,173,117,"Anderson",76978,702.798202083712,0.207738095238095,154.589623009171,77.9443477357167,1174.3615058848,20.7738095238095
2021-01-11,6578,33,5282,10,1296,23,5900,13,51755,71,57655,84,1,91,-93,811,125,5676,1,174,119,"Anderson",76978,697.601912234664,0.203567035670357,109.122086830003,42.8693912546442,1053.54776689444,20.3567035670357
2021-01-12,6631,53,5316,34,1315,19,5938,38,51927,172,57865,210,2,93,-100,711,151,5827,1,175,119,"Anderson",76978,672.919535451687,0.200355660936574,272.805217075008,68.8508404998831,923.640520668243,20.0355660936574
2021-01-13,6657,26,5333,17,1324,9,5957,19,52017,90,57974,109,3,96,-45,666,68,5895,0,175,120,"Anderson",76978,610.564057263114,0.197236180904523,141.598898386552,33.7758840188106,865.182259866455,19.7236180904523
2021-01-14,6754,97,5395,62,1359,35,6031,74,52424,407,58455,481,5,101,8,674,84,5979,2,177,122,"Anderson",76978,600.171477565019,0.168181818181818,624.853854347995,126.010028839409,875.574839564551,16.8181818181818
2021-01-15,6788,34,5415,20,1373,14,6055,24,52579,155,58634,179,0,101,-16,658,50,6029,1,178,125,"Anderson",76978,537.815999376445,0.158767772511848,232.533970744888,44.1684637169061,854.78968016836,15.8767772511848
2021-01-16,6852,64,5445,30,1407,34,6088,33,52823,244,58911,277,1,102,2,660,61,6090,1,179,128,"Anderson",76978,476.759593650134,0.154900616860864,359.843072046559,83.1406375847645,857.387825092884,15.4900616860864
2021-01-17,6889,37,5465,20,1424,17,6111,23,52927,104,59038,127,0,102,-6,654,43,6133,0,179,130,"Anderson",76978,446.880927018109,0.152692569870484,164.982202707267,48.065681103692,849.593390319312,15.2692569870484
2021-01-18,6908,19,5473,8,1435,11,6121,10,53023,96,59144,106,1,103,-68,586,86,6219,0,179,131,"Anderson",76978,428.693912546442,0.148421759570181,137.701680999766,24.682376782977,761.2564628855,14.8421759570181
2021-01-19,6950,42,5490,17,1460,25,6141,20,53135,112,59276,132,1,104,-78,508,119,6338,0,179,133,"Anderson",76978,414.40411546156,0.143869596031184,171.477565018577,54.5610434150017,659.928810829068,14.3869596031184
2021-01-20,6978,28,5506,16,1472,12,6160,19,53287,152,59447,171,3,107,-29,479,54,6392,0,179,135,"Anderson",76978,417.002260386084,0.137813985064494,222.141391046793,36.3740289433345,622.255709423472,13.7813985064494
2021-01-21,7034,56,5546,40,1488,16,6199,39,53528,241,59727,280,5,112,-42,437,93,6485,2,181,136,"Anderson",76978,363.740289433345,0.132075471698113,363.740289433345,72.7480578866689,567.69466600847,13.2075471698113
2021-01-22,7072,38,5564,18,1508,20,6221,22,53673,145,59894,167,2,114,-16,421,52,6537,0,181,139,"Anderson",76978,368.936579282392,0.131746031746032,216.945101197745,49.3647535659539,546.909506612279,13.1746031746032
2021-01-23,7110,38,5578,14,1532,24,6234,13,53933,260,60167,273,0,114,8,429,30,6567,1,182,139,"Anderson",76978,335.160695263582,0.116242038216561,354.646782197511,49.3647535659539,557.302086310374,11.6242038216561
2021-01-24,7123,13,5590,12,1533,1,6248,14,54000,67,60248,81,0,114,-21,408,34,6601,0,182,141,"Anderson",76978,303.982956169295,0.113223140495868,105.224869443218,16.8879420094053,530.021564602874,11.3223140495868
2021-01-25,7140,17,5601,11,1539,6,6259,11,54060,60,60319,71,2,116,-47,361,62,6663,1,183,143,"Anderson",76978,301.384811244771,0.117446808510638,92.2341448205981,22.0842318584531,468.965158876562,11.7446808510638
2021-01-26,7167,27,5621,20,1546,7,6284,25,54224,164,60508,189,0,116,-36,325,63,6726,1,184,146,"Anderson",76978,281.898724310842,0.116071428571429,245.524695367508,35.0749564810725,422.198550235132,11.6071428571429
2021-01-27,7184,17,5629,8,1555,9,6293,9,54310,86,60603,95,4,120,-18,307,31,6757,0,184,148,"Anderson",76978,267.608927225961,0.115051903114187,123.411883914885,22.0842318584531,398.815245914417,11.5051903114187
2021-01-28,7271,87,5669,40,1602,47,6340,47,54536,226,60876,273,4,124,24,331,59,6816,0,184,149,"Anderson",76978,307.880173556081,0.122715404699739,354.646782197511,113.019304216789,429.992985008704,12.2715404699739
2021-01-29,7284,13,5673,4,1611,9,6345,5,54581,45,60926,50,1,125,-34,297,46,6862,1,185,149,"Anderson",76978,275.403361999532,0.12015503875969,64.9536231130973,16.8879420094053,385.824521291798,12.015503875969
2021-01-30,7324,40,5708,35,1616,5,6381,36,54840,259,61221,295,2,127,1,298,37,6899,2,187,150,"Anderson",76978,278.001506924056,0.139468690702087,383.226376367274,51.9628984904778,387.12359375406,13.9468690702087
2021-01-31,7340,16,5715,7,1625,9,6392,11,55009,169,61401,180,1,128,-4,294,19,6918,0,187,152,"Anderson",76978,281.898724310842,0.12489158716392,233.83304320715,20.7851593961911,381.927303905012,12.489158716392
2021-02-01,7360,20,5727,12,1633,8,6405,13,55062,53,61467,66,1,129,-26,268,45,6963,1,188,153,"Anderson",76978,285.795941697628,0.127177700348432,85.7387825092884,25.9814492452389,348.151419886201,12.7177700348432
2021-02-02,7367,7,5733,6,1634,1,6411,6,55131,69,61542,75,5,134,-45,223,47,7010,0,188,154,"Anderson",76978,259.814492452389,0.122823984526112,97.4304346696459,9.09350723583361,289.693159084414,12.2823984526112
2021-02-03,7390,23,5740,7,1650,16,6421,10,55323,192,61744,202,4,138,2,225,17,7027,0,188,155,"Anderson",76978,267.608927225961,0.112182296231376,262.412637376913,29.8786666320247,292.291304008938,11.2182296231376
2021-02-04,7420,30,5754,14,1666,16,6438,17,55647,324,62085,341,2,140,-5,220,33,7060,0,188,155,"Anderson",76978,193.56179687703,0.0810587262200165,442.983709631323,38.9721738678584,285.795941697628,8.10587262200166
2021-02-05,7438,18,5765,11,1673,7,6455,17,55804,157,62259,174,2,142,-13,207,29,7089,0,188,156,"Anderson",76978,200.05715918834,0.0825206301575394,226.038608433578,23.383304320715,268.907999688223,8.25206301575394
2021-02-06,7464,26,5781,16,1683,10,6475,20,56026,222,62501,242,1,143,8,215,17,7106,0,188,156,"Anderson",76978,181.870144716672,0.0734375,314.375535867391,33.7758840188106,279.300579386318,7.34375
2021-02-07,7477,13,5788,7,1689,6,6483,8,56133,107,62616,115,0,143,-10,205,23,7129,0,188,156,"Anderson",76978,177.972927329886,0.0748971193415638,149.393333160124,16.8879420094053,266.309854763699,7.48971193415638
2021-02-08,7502,25,5794,6,1708,19,6488,5,56155,22,62643,27,2,145,-13,192,36,7165,0,188,156,"Anderson",76978,184.468289641196,0.070578231292517,35.0749564810725,32.4768115565486,249.421912754293,7.0578231292517
2021-02-09,7526,24,5804,10,1722,14,6499,11,56324,169,62823,180,2,147,-24,168,46,7211,2,190,156,"Anderson",76978,206.552521499649,0.068696330991413,233.83304320715,31.1777390942867,218.244173660007,6.8696330991413
2021-02-10,7551,25,5819,15,1732,10,6518,19,56519,195,63037,214,1,148,8,176,16,7227,1,191,156,"Anderson",76978,209.150666424173,0.0750193348801237,278.001506924056,32.4768115565486,228.636753358102,7.50193348801237
2021-02-11,7564,13,5827,8,1737,5,6530,12,56699,180,63229,192,-1,147,-16,160,30,7257,0,191,157,"Anderson",76978,187.06643456572,0.0804195804195804,249.421912754293,16.8879420094053,207.851593961911,8.04195804195804
2021-02-12,7591,27,5842,15,1749,12,6545,15,56893,194,63438,209,0,147,13,173,14,7271,0,191,157,"Anderson",76978,198.758086726078,0.0763358778625954,271.506144612746,35.0749564810725,224.739535971316,7.63358778625954
2021-02-13,7617,26,5852,10,1765,16,6555,10,57082,189,63637,199,0,147,11,184,15,7286,0,191,157,"Anderson",76978,198.758086726078,0.0704225352112676,258.515419990127,33.7758840188106,239.029333056198,7.04225352112676
2021-02-14,7631,14,5862,10,1769,4,6566,11,57143,61,63709,72,2,149,1,185,11,7297,0,191,157,"Anderson",76978,200.05715918834,0.0759377859103385,93.53321728286,18.1870144716672,240.32840551846,7.59377859103385
2021-02-15,7647,16,5870,8,1777,8,6575,9,57216,73,63791,82,0,149,-7,178,23,7320,1,192,158,"Anderson",76978,188.365507027982,0.0757839721254355,106.523941905479,20.7851593961911,231.234898282626,7.57839721254355
2021-02-16,7676,29,5884,14,1792,15,6592,17,57300,84,63892,101,0,149,11,189,18,7338,0,192,158,"Anderson",76978,194.860869339292,0.0869971936389149,131.206318688456,37.6731014055964,245.524695367508,8.69971936389149
2021-02-17,7695,19,5896,12,1799,7,6604,12,57408,108,64012,120,0,149,-8,181,27,7365,0,192,160,"Anderson",76978,187.06643456572,0.0882051282051282,155.888695471433,24.682376782977,235.132115669412,8.82051282051282
2021-02-18,7719,24,5918,22,1801,2,6630,26,57564,156,64194,182,0,149,9,190,15,7380,0,192,160,"Anderson",76978,201.356231650601,0.103626943005181,236.431188131674,31.1777390942867,246.82376782977,10.3626943005181
2021-02-19,7733,14,5929,11,1804,3,6645,15,57610,46,64255,61,0,149,1,191,13,7393,0,192,161,"Anderson",76978,184.468289641196,0.122399020807834,79.2434201979787,18.1870144716672,248.122840292031,12.2399020807834
2021-02-20,7752,19,5936,7,1816,12,6654,9,57732,122,64386,131,1,150,3,194,15,7408,0,192,162,"Anderson",76978,175.374782405363,0.132176234979973,170.178492556315,24.682376782977,252.020057678817,13.2176234979973
2021-02-21,7764,12,5943,7,1821,5,6661,7,57796,64,64457,71,2,152,-1,193,11,7419,1,193,162,"Anderson",76978,172.776637480839,0.127005347593583,92.2341448205981,15.5888695471433,250.720985216555,12.7005347593583
2021-02-22,7769,5,5945,2,1824,3,6667,6,57833,37,64500,43,1,153,-17,176,21,7440,0,193,163,"Anderson",76978,158.486840395957,0.129760225669958,55.8601158772636,6.49536231130973,228.636753358102,12.9760225669958
2021-02-23,7793,24,5954,9,1839,15,6675,8,57976,143,64651,151,2,155,-2,174,24,7464,0,193,165,"Anderson",76978,151.991478084648,0.10935441370224,196.159941801554,31.1777390942867,226.038608433578,10.935441370224
2021-02-24,7825,32,5973,19,1852,13,6698,23,58150,174,64848,197,0,155,15,189,17,7481,0,193,165,"Anderson",76978,168.879420094053,0.11244019138756,255.917275065603,41.5703187923822,245.524695367508,11.244019138756
2021-02-25,7842,17,5981,8,1861,9,6709,11,58277,127,64986,138,1,156,-4,185,20,7501,0,193,165,"Anderson",76978,159.785912858219,0.0997474747474748,179.271999792148,22.0842318584531,240.32840551846,9.97474747474748
2021-02-26,7854,12,5989,8,1865,4,6718,9,58376,99,65094,108,0,156,-17,168,29,7530,0,193,165,"Anderson",76978,157.187767933695,0.0870083432657926,140.29982592429,15.5888695471433,218.244173660007,8.70083432657926
2021-02-27,7863,9,5996,7,1867,2,6724,6,58468,92,65192,98,0,156,-6,162,15,7545,0,193,165,"Anderson",76978,144.197043311076,0.086848635235732,127.309101301671,11.6916521603575,210.449738886435,8.6848635235732
2021-02-28,7877,14,6006,10,1871,4,6735,11,58539,71,65274,82,0,156,0,162,14,7559,0,193,165,"Anderson",76978,146.7951882356,0.0905752753977968,106.523941905479,18.1870144716672,210.449738886435,9.05752753977968
2021-03-01,7885,8,6011,5,1874,3,6742,7,58574,35,65316,42,0,156,-11,151,19,7578,0,193,165,"Anderson",76978,150.692405622386,0.0919117647058824,54.5610434150017,10.3925796980956,196.159941801554,9.19117647058824
2021-03-02,7908,23,6022,11,1886,12,6752,10,58690,116,65442,126,1,157,-2,149,24,7602,1,194,165,"Anderson",76978,149.393333160124,0.0973451327433628,163.683130245005,29.8786666320247,193.56179687703,9.73451327433628
2021-03-03,7941,33,6043,21,1898,12,6777,25,58806,116,65583,141,1,158,13,162,19,7621,0,194,166,"Anderson",76978,150.692405622386,0.107482993197279,183.169217178934,42.8693912546442,210.449738886435,10.7482993197279
2021-03-04,7966,25,6056,13,1910,12,6794,17,58969,163,65763,180,0,158,13,175,12,7633,0,194,166,"Anderson",76978,161.084985320481,0.109395109395109,233.83304320715,32.4768115565486,227.33768089584,10.9395109395109
2021-03-05,7999,33,6073,17,1926,16,6816,22,59103,134,65919,156,0,158,18,193,15,7648,2,196,166,"Anderson",76978,188.365507027982,0.118787878787879,202.655304112863,42.8693912546442,250.720985216555,11.8787878787879
2021-03-06,8009,10,6078,5,1931,5,6824,8,59192,89,66016,97,0,158,-1,192,11,7659,0,196,166,"Anderson",76978,189.664579490244,0.121359223300971,126.010028839409,12.9907246226195,249.421912754293,12.1359223300971
2021-03-07,8015,6,6081,3,1934,3,6827,3,59231,39,66058,42,0,158,-10,182,16,7675,0,196,166,"Anderson",76978,179.271999792148,0.11734693877551,54.5610434150017,7.79443477357167,236.431188131674,11.734693877551
2021-03-08,8031,16,6087,6,1944,10,6836,9,59308,77,66144,86,1,159,-4,178,19,7694,0,196,166,"Anderson",76978,189.664579490244,0.113526570048309,111.720231754527,20.7851593961911,231.234898282626,11.3526570048309
2021-03-09,8052,21,6095,8,1957,13,6844,8,59373,65,66217,73,0,159,3,181,18,7712,3,199,167,"Anderson",76978,187.06643456572,0.118709677419355,94.832289745122,27.2805217075008,235.132115669412,11.8709677419355
2021-03-10,8074,22,6108,13,1966,9,6860,16,59530,157,66390,173,0,159,11,192,11,7723,1,200,167,"Anderson",76978,172.776637480839,0.102850061957869,224.739535971316,28.5795941697628,249.421912754293,10.2850061957869
2021-03-11,8097,23,6118,10,1979,13,6870,10,59627,97,66497,107,0,159,1,193,22,7745,1,201,168,"Anderson",76978,170.178492556315,0.103542234332425,139.000753462028,29.8786666320247,250.720985216555,10.3542234332425
2021-03-12,8117,20,6135,17,1982,3,6890,20,59733,106,66623,126,0,159,8,201,12,7757,0,201,168,"Anderson",76978,153.29055054691,0.105113636363636,163.683130245005,25.9814492452389,261.113564914651,10.5113636363636
2021-03-13,8128,11,6139,4,1989,7,6894,4,59809,76,66703,80,0,159,2,203,9,7766,1,202,168,"Anderson",76978,154.589623009171,0.101892285298399,103.925796980956,14.2897970848814,263.711709839175,10.1892285298399
2021-03-14,8134,6,6143,4,1991,2,6900,6,59845,36,66745,42,0,159,-13,190,19,7785,1,203,168,"Anderson",76978,154.589623009171,0.106259097525473,54.5610434150017,7.79443477357167,246.82376782977,10.6259097525473
2021-03-15,8152,18,6148,5,2004,13,6906,6,59878,33,66784,39,0,159,-9,181,27,7812,1,204,168,"Anderson",76978,157.187767933695,0.109375,50.6638260282159,23.383304320715,235.132115669412,10.9375
2021-03-16,8185,33,6161,13,2024,20,6921,15,59971,93,66892,108,0,159,-2,179,35,7847,2,206,168,"Anderson",76978,172.776637480839,0.114074074074074,140.29982592429,42.8693912546442,232.533970744888,11.4074074074074
2021-03-17,8202,17,6172,11,2030,6,6934,13,60058,87,66992,100,0,159,-5,174,22,7869,0,206,169,"Anderson",76978,166.281275169529,0.122923588039867,129.907246226195,22.0842318584531,226.038608433578,12.2923588039867
2021-03-18,8218,16,6184,12,2034,4,6949,15,60139,81,67088,96,1,160,-1,173,16,7885,0,206,169,"Anderson",76978,157.187767933695,0.133671742808799,124.710956377147,20.7851593961911,224.739535971316,13.3671742808799
2021-03-19,8243,25,6199,15,2044,10,6962,13,60258,119,67220,132,0,160,13,186,12,7897,1,207,169,"Anderson",76978,163.683130245005,0.120603015075377,171.477565018577,32.4768115565486,241.627477980722,12.0603015075377
2021-03-20,8255,12,6205,6,2050,6,6970,8,60297,39,67267,47,0,160,3,189,9,7906,1,208,169,"Anderson",76978,164.982202707267,0.134751773049645,61.0564057263114,15.5888695471433,245.524695367508,13.4751773049645
2021-03-21,8265,10,6211,6,2054,4,6977,7,60359,62,67336,69,-1,159,-5,184,16,7922,0,208,169,"Anderson",76978,170.178492556315,0.130287648054146,89.6359998960742,12.9907246226195,239.029333056198,13.0287648054146
2021-03-22,8271,6,6212,1,2059,5,6978,1,60425,66,67403,67,0,159,-7,177,13,7935,1,209,169,"Anderson",76978,154.589623009171,0.116316639741519,87.0378549715503,7.79443477357167,229.935825820364,11.6316639741519
2021-03-23,8277,6,6213,1,2064,5,6979,1,60468,43,67447,44,0,159,-15,162,21,7956,0,209,170,"Anderson",76978,119.514666528099,0.104504504504505,57.1591883395256,7.79443477357167,210.449738886435,10.4504504504505
2021-03-24,8285,8,6220,7,2065,1,6986,7,60589,121,67575,128,1,160,-11,151,18,7974,0,209,170,"Anderson",76978,107.823014367741,0.0891938250428816,166.281275169529,10.3925796980956,196.159941801554,8.91938250428817
2021-03-25,8295,10,6225,5,2070,5,6992,6,60690,101,67682,107,0,160,-10,141,20,7994,0,209,170,"Anderson",76978,100.02857959417,0.0723905723905724,139.000753462028,12.9907246226195,183.169217178934,7.23905723905724
2021-03-26,8312,17,6237,12,2075,5,7003,11,60756,66,67759,77,0,160,3,144,14,8008,0,209,171,"Anderson",76978,89.6359998960742,0.0760667903525046,100.02857959417,22.0842318584531,187.06643456572,7.60667903525046
2021-03-27,8316,4,6241,4,2075,0,7009,6,60820,64,67829,70,1,161,-12,132,15,8023,2,211,171,"Anderson",76978,79.2434201979786,0.0693950177935943,90.9350723583361,5.19628984904778,171.477565018577,6.93950177935943
2021-03-28,8319,3,6241,0,2078,3,7009,0,60849,29,67858,29,1,162,-12,120,14,8037,0,211,172,"Anderson",76978,70.149912962145,0.0613026819923372,37.6731014055964,3.89721738678583,155.888695471433,6.13026819923372
2021-03-29,8334,15,6245,4,2089,11,7013,4,60935,86,67948,90,1,163,-16,104,30,8067,0,211,173,"Anderson",76978,81.8415651225025,0.0642201834862385,116.916521603575,19.4860869339292,135.103536075242,6.42201834862385
2021-03-30,8339,5,6248,3,2091,2,7016,3,60993,58,68009,61,1,164,-11,93,15,8082,0,211,173,"Anderson",76978,80.5424926602406,0.0658362989323843,79.2434201979787,6.49536231130973,120.813738990361,6.58362989323843
2021-03-31,8362,23,6262,14,2100,9,7032,16,61157,164,68189,180,1,165,10,103,12,8094,1,212,173,"Anderson",76978,100.02857959417,0.0749185667752443,233.83304320715,29.8786666320247,133.80446361298,7.49185667752443
2021-04-01,8371,9,6265,3,2106,6,7036,4,61214,57,68250,61,0,165,-8,95,17,8111,0,212,173,"Anderson",76978,98.7295071319078,0.0774647887323944,79.2434201979787,11.6916521603575,123.411883914885,7.74647887323944
2021-04-02,8380,9,6272,7,2108,2,7043,7,61284,70,68327,77,0,165,-1,94,10,8121,0,212,173,"Anderson",76978,88.3369274338123,0.0704225352112676,100.02857959417,11.6916521603575,122.112811452623,7.04225352112676
2021-04-03,8386,6,6277,5,2109,1,7049,6,61334,50,68383,56,0,165,-8,86,14,8135,0,212,173,"Anderson",76978,90.9350723583361,0.0722021660649819,72.7480578866689,7.79443477357167,111.720231754527,7.22021660649819
2021-04-04,8388,2,6279,2,2109,0,7051,2,61372,38,68423,40,0,165,-5,81,7,8142,0,212,173,"Anderson",76978,89.6359998960742,0.0743362831858407,51.9628984904778,2.59814492452389,105.224869443218,7.43362831858407
2021-04-05,8402,14,6282,3,2120,11,7053,2,61430,58,68483,60,0,165,4,85,10,8152,2,214,173,"Anderson",76978,88.3369274338123,0.0747663551401869,77.9443477357167,18.1870144716672,110.421159292265,7.47663551401869
2021-04-06,8407,5,6286,4,2121,1,7059,6,61472,42,68531,48,0,165,3,88,2,8154,0,214,173,"Anderson",76978,88.3369274338123,0.0823754789272031,62.3554781885734,6.49536231130973,114.318376679051,8.23754789272031
2021-04-07,8427,20,6299,13,2128,7,7073,14,61631,159,68704,173,0,165,10,98,10,8164,2,216,173,"Anderson",76978,84.4397100470264,0.0796116504854369,224.739535971316,25.9814492452389,127.309101301671,7.96116504854369
2021-04-08,8430,3,6301,2,2129,1,7076,3,61722,91,68798,94,5,170,-17,81,15,8179,1,217,173,"Anderson",76978,76.6452752734548,0.072992700729927,122.112811452623,3.89721738678583,105.224869443218,7.2992700729927
2021-04-09,8438,8,6307,6,2131,2,7085,9,61809,87,68894,96,-4,166,8,89,4,8183,0,217,173,"Anderson",76978,75.3462028111928,0.0740740740740741,124.710956377147,10.3925796980956,115.617449141313,7.40740740740741
2021-04-10,8443,5,6312,5,2131,0,7090,5,61880,71,68970,76,0,166,-6,83,11,8194,0,217,173,"Anderson",76978,74.0471303489309,0.0698466780238501,98.7295071319078,6.49536231130973,107.823014367741,6.98466780238501
2021-04-11,8450,7,6317,5,2133,2,7095,5,61924,44,69019,49,-1,165,0,83,8,8202,0,217,173,"Anderson",76978,80.5424926602406,0.0738255033557047,63.6545506508353,9.09350723583361,107.823014367741,7.38255033557047
2021-04-12,8453,3,6320,3,2133,0,7098,3,61993,69,69091,72,0,165,-7,76,10,8212,0,217,173,"Anderson",76978,66.2526955753592,0.0740131578947368,93.53321728286,3.89721738678583,98.7295071319078,7.40131578947368
2021-04-13,8463,10,6325,5,2138,5,7104,6,62054,61,69158,67,5,170,-8,68,13,8225,0,217,173,"Anderson",76978,72.7480578866689,0.0717703349282297,87.0378549715503,12.9907246226195,88.3369274338123,7.17703349282297
2021-04-14,8477,14,6334,9,2143,5,7115,11,62192,138,69307,149,0,170,7,75,7,8232,0,217,173,"Anderson",76978,64.9536231130973,0.0696517412935323,193.56179687703,18.1870144716672,97.4304346696459,6.96517412935323
2021-04-15,8486,9,6339,5,2147,4,7120,5,62273,81,69393,86,0,170,6,81,3,8235,0,217,173,"Anderson",76978,72.7480578866689,0.0739495798319328,111.720231754527,11.6916521603575,105.224869443218,7.39495798319328
2021-04-16,8499,13,6350,11,2149,2,7133,13,62426,153,69559,166,0,170,6,87,7,8242,0,217,173,"Anderson",76978,79.2434201979786,0.0721804511278196,215.646028735483,16.8879420094053,113.019304216789,7.21804511278196
2021-04-17,8504,5,6353,3,2151,2,7137,4,62491,65,69628,69,0,170,0,87,5,8247,0,217,173,"Anderson",76978,79.2434201979786,0.0714285714285714,89.6359998960742,6.49536231130973,113.019304216789,7.14285714285714
2021-04-18,8511,7,6359,6,2152,1,7143,6,62536,45,69679,51,0,170,0,87,7,8254,0,217,173,"Anderson",76978,79.2434201979786,0.0727272727272727,66.2526955753592,9.09350723583361,113.019304216789,7.27272727272727
2021-04-19,8517,6,6362,3,2155,3,7146,3,62559,23,69705,26,0,170,-6,81,12,8266,0,217,174,"Anderson",76978,83.1406375847645,0.0781758957654723,33.7758840188106,7.79443477357167,105.224869443218,7.81758957654723
2021-04-20,8523,6,6365,3,2158,3,7149,3,62658,99,69807,102,0,170,-1,80,7,8273,0,217,174,"Anderson",76978,77.9443477357167,0.0693374422187981,132.505391150718,7.79443477357167,103.925796980956,6.93374422187981
2021-04-21,8534,11,6370,5,2164,6,7155,6,62813,155,69968,161,1,171,-3,77,13,8286,0,217,174,"Anderson",76978,74.0471303489309,0.0605143721633888,209.150666424173,14.2897970848814,100.02857959417,6.05143721633888
2021-04-22,8552,18,6376,6,2176,12,7162,7,62957,144,70119,151,0,171,12,89,6,8292,0,217,174,"Anderson",76978,85.7387825092884,0.0578512396694215,196.159941801554,23.383304320715,115.617449141313,5.78512396694215
2021-04-23,8562,10,6381,5,2181,5,7168,6,63123,166,70291,172,0,171,8,97,2,8294,0,217,174,"Anderson",76978,81.8415651225025,0.0478142076502732,223.440463509055,12.9907246226195,126.010028839409,4.78142076502732
2021-04-24,8575,13,6388,7,2187,6,7175,7,63190,67,70365,74,0,171,9,106,4,8298,1,218,174,"Anderson",76978,92.2341448205981,0.0515603799185889,96.1313622073839,16.8879420094053,137.701680999766,5.15603799185889
2021-04-25,8579,4,6390,2,2189,2,7177,2,63230,40,70407,42,0,171,0,106,4,8302,0,218,174,"Anderson",76978,88.3369274338123,0.0467032967032967,54.5610434150017,5.19628984904778,137.701680999766,4.67032967032967
2021-04-26,8588,9,6394,4,2194,5,7181,4,63305,75,70486,79,0,171,2,108,7,8309,0,218,175,"Anderson",76978,92.2341448205981,0.0448143405889885,102.626724518694,11.6916521603575,140.29982592429,4.48143405889885
2021-04-27,8598,10,6400,6,2198,4,7187,6,63373,68,70560,74,0,171,-3,105,13,8322,0,218,175,"Anderson",76978,97.4304346696459,0.050464807436919,96.1313622073839,12.9907246226195,136.402608537504,5.0464807436919
2021-04-28,8615,17,6412,12,2203,5,7200,13,63511,138,70711,151,0,171,1,106,16,8338,1,219,175,"Anderson",76978,105.224869443218,0.0605652759084791,196.159941801554,22.0842318584531,137.701680999766,6.05652759084791
2021-04-29,8621,6,6414,2,2207,4,7203,3,63660,149,70863,152,0,171,-1,105,7,8345,0,219,175,"Anderson",76978,89.6359998960742,0.0551075268817204,197.459014263816,7.79443477357167,136.402608537504,5.51075268817204
2021-04-30,8628,7,6417,3,2211,4,7207,4,63782,122,70989,126,0,171,-2,103,9,8354,0,219,175,"Anderson",76978,85.7387825092884,0.0558739255014327,163.683130245005,9.09350723583361,133.80446361298,5.58739255014327
2021-05-01,8633,5,6420,3,2213,2,7210,3,63845,63,71055,66,0,171,-1,102,6,8360,1,220,175,"Anderson",76978,75.3462028111928,0.0507246376811594,85.7387825092884,6.49536231130973,132.505391150718,5.07246376811594
2021-05-02,8636,3,6421,1,2215,2,7211,1,63896,51,71107,52,0,171,-7,95,10,8370,0,220,175,"Anderson",76978,74.0471303489309,0.0485714285714286,67.5517680376211,3.89721738678583,123.411883914885,4.85714285714286
2021-05-03,8646,10,6426,5,2220,5,7216,5,64002,106,71218,111,0,171,-3,92,13,8383,0,220,175,"Anderson",76978,75.3462028111928,0.0478142076502732,144.197043311076,12.9907246226195,119.514666528099,4.78142076502732
2021-05-04,8648,2,6426,0,2222,2,7217,1,64078,76,71295,77,0,171,-10,82,12,8395,0,220,175,"Anderson",76978,64.9536231130973,0.0408163265306122,100.02857959417,2.59814492452389,106.523941905479,4.08163265306122
2021-05-05,8656,8,6430,4,2226,4,7220,3,64195,117,71415,120,0,171,-3,79,11,8406,0,220,175,"Anderson",76978,53.2619709527397,0.0284090909090909,155.888695471433,10.3925796980956,102.626724518694,2.84090909090909
2021-05-06,8661,5,6433,3,2228,2,7226,6,64247,52,71473,58,0,171,-5,74,10,8416,1,221,175,"Anderson",76978,51.9628984904778,0.0377049180327869,75.3462028111928,6.49536231130973,96.1313622073839,3.77049180327869
2021-05-07,8666,5,6435,2,2231,3,7229,3,64368,121,71597,124,0,171,-4,70,9,8425,0,221,175,"Anderson",76978,49.3647535659539,0.0361842105263158,161.084985320481,6.49536231130973,90.9350723583361,3.61842105263158
2021-05-08,8672,6,6438,3,2234,3,7231,2,64437,69,71668,71,0,171,-6,64,12,8437,1,222,175,"Anderson",76978,50.6638260282159,0.034257748776509,92.2341448205981,7.79443477357167,83.1406375847645,3.4257748776509
2021-05-09,8673,1,6438,0,2235,1,7232,1,64465,28,71697,29,0,171,-4,60,5,8442,0,222,175,"Anderson",76978,48.065681103692,0.0355932203389831,37.6731014055964,1.29907246226194,77.9443477357167,3.55932203389831
2021-05-10,8678,5,6438,0,2240,5,7232,0,64553,88,71785,88,0,171,-5,55,10,8452,0,222,175,"Anderson",76978,41.5703187923822,0.0282186948853616,114.318376679051,6.49536231130973,71.448985424407,2.82186948853616
2021-05-11,8686,8,6439,1,2247,7,7234,2,64595,42,71829,44,0,171,3,58,5,8457,0,222,175,"Anderson",76978,49.3647535659539,0.0318352059925094,57.1591883395256,10.3925796980956,75.3462028111928,3.18352059925094
2021-05-12,8699,13,6446,7,2253,6,7240,6,64699,104,71939,110,0,171,8,66,5,8462,2,224,175,"Anderson",76978,55.8601158772636,0.0381679389312977,142.897970848814,16.8879420094053,85.7387825092884,3.81679389312977
2021-05-13,8703,4,6448,2,2255,2,7242,2,64802,103,72044,105,0,171,-3,63,7,8469,2,226,175,"Anderson",76978,54.5610434150017,0.0280210157618214,136.402608537504,5.19628984904778,81.8415651225025,2.80210157618214
2021-05-14,8711,8,6451,3,2260,5,7247,5,64889,87,72136,92,0,171,2,65,6,8475,0,226,175,"Anderson",76978,58.4582608017875,0.0333951762523191,119.514666528099,10.3925796980956,84.4397100470264,3.33951762523191
2021-05-15,8716,5,6453,2,2263,3,7249,2,64954,65,72203,67,0,171,1,66,4,8479,0,226,175,"Anderson",76978,57.1591883395256,0.0336448598130841,87.0378549715503,6.49536231130973,85.7387825092884,3.36448598130841
2021-05-16,8718,2,6454,1,2264,1,7250,1,64990,36,72240,37,0,171,-5,61,7,8486,0,226,175,"Anderson",76978,58.4582608017875,0.0331491712707182,48.065681103692,2.59814492452389,79.2434201979787,3.31491712707182
2021-05-17,8724,6,6459,5,2265,1,7255,5,65049,59,72304,64,1,172,0,61,5,8491,0,226,175,"Anderson",76978,59.7573332640495,0.0443159922928709,83.1406375847645,7.79443477357167,79.2434201979787,4.43159922928709
2021-05-18,8728,4,6459,0,2269,4,7255,0,65140,91,72395,91,0,172,0,61,4,8495,1,227,175,"Anderson",76978,54.5610434150017,0.0371024734982332,118.215594065837,5.19628984904778,79.2434201979787,3.71024734982332
2021-05-19,8735,7,6464,5,2271,2,7261,6,65259,119,72520,125,0,172,4,65,3,8498,0,227,175,"Anderson",76978,46.76660864143,0.036144578313253,162.384057782743,9.09350723583361,84.4397100470264,3.6144578313253
2021-05-20,8737,2,6466,2,2271,0,7263,2,65378,119,72641,121,0,172,-1,64,3,8501,0,227,175,"Anderson",76978,44.1684637169061,0.0351758793969849,157.187767933695,2.59814492452389,83.1406375847645,3.51758793969849
2021-05-21,8739,2,6466,0,2273,2,7263,0,65448,70,72711,70,0,172,-7,57,9,8510,0,227,175,"Anderson",76978,36.3740289433345,0.0278260869565217,90.9350723583361,2.59814492452389,74.0471303489309,2.78260869565217
2021-05-22,8744,5,6468,2,2276,3,7265,2,65488,40,72753,42,0,172,-3,54,8,8518,0,227,175,"Anderson",76978,36.3740289433345,0.0290909090909091,54.5610434150017,6.49536231130973,70.149912962145,2.90909090909091
2021-05-23,8744,0,6468,0,2276,0,7265,0,65517,29,72782,29,0,172,-3,51,3,8521,0,227,175,"Anderson",76978,33.7758840188106,0.0276752767527675,37.6731014055964,0,66.2526955753592,2.76752767527675
2021-05-24,8752,8,6472,4,2280,4,7268,3,65576,59,72844,62,0,172,1,52,7,8528,0,227,175,"Anderson",76978,36.3740289433345,0.0240740740740741,80.5424926602406,10.3925796980956,67.5517680376211,2.40740740740741
2021-05-25,8754,2,6472,0,2282,2,7269,1,65621,45,72890,46,0,172,-10,42,12,8540,0,227,175,"Anderson",76978,33.7758840188106,0.0282828282828283,59.7573332640495,2.59814492452389,54.5610434150017,2.82828282828283
2021-05-26,8761,7,6477,5,2284,2,7275,6,65721,100,72996,106,0,172,0,42,7,8547,0,227,175,"Anderson",76978,33.7758840188106,0.0294117647058824,137.701680999766,9.09350723583361,54.5610434150017,2.94117647058824
2021-05-27,8763,2,6478,1,2285,1,7276,1,65771,50,73047,51,0,172,-1,41,3,8550,1,228,175,"Anderson",76978,33.7758840188106,0.0320197044334975,66.2526955753592,2.59814492452389,53.2619709527397,3.20197044334975
2021-05-28,8768,5,6482,4,2286,1,7281,5,65854,83,73135,88,0,172,0,41,5,8555,0,228,175,"Anderson",76978,37.6731014055964,0.0424528301886792,114.318376679051,6.49536231130973,53.2619709527397,4.24528301886792
2021-05-29,8769,1,6482,0,2287,1,7281,0,65891,37,73172,37,0,172,-5,36,6,8561,0,228,175,"Anderson",76978,32.4768115565486,0.0381861575178998,48.065681103692,1.29907246226194,46.76660864143,3.81861575178998
2021-05-30,8772,3,6483,1,2289,2,7282,1,65941,50,73223,51,0,172,0,36,3,8564,0,228,175,"Anderson",76978,36.3740289433345,0.0385487528344671,66.2526955753592,3.89721738678583,46.76660864143,3.85487528344671
2021-05-31,8776,4,6486,3,2290,1,7285,3,65992,51,73277,54,0,172,1,37,3,8567,0,228,175,"Anderson",76978,31.1777390942867,0.0392609699769053,70.149912962145,5.19628984904778,48.065681103692,3.92609699769053
2021-06-01,8779,3,6488,2,2291,1,7286,1,66040,48,73326,49,0,172,1,38,2,8569,1,229,175,"Anderson",76978,32.4768115565486,0.0389908256880734,63.6545506508353,3.89721738678583,49.3647535659539,3.89908256880734
2021-06-02,8783,4,6489,1,2294,3,7288,2,66081,41,73369,43,0,172,-2,36,6,8575,0,229,175,"Anderson",76978,28.5795941697628,0.0348525469168901,55.8601158772636,5.19628984904778,46.76660864143,3.48525469168901
2021-06-03,8784,1,6489,0,2295,1,7291,3,66171,90,73462,93,1,173,-3,33,3,8578,0,229,175,"Anderson",76978,27.2805217075008,0.036144578313253,120.813738990361,1.29907246226194,42.8693912546442,3.6144578313253
2021-06-04,8785,1,6490,1,2295,0,7293,2,66224,53,73517,55,-1,172,-2,31,4,8582,0,229,175,"Anderson",76978,22.0842318584531,0.031413612565445,71.448985424407,1.29907246226194,40.2712463301203,3.1413612565445
2021-06-05,8786,1,6491,1,2295,0,7294,1,66281,57,73575,58,0,172,-3,28,4,8586,0,229,175,"Anderson",76978,22.0842318584531,0.032258064516129,75.3462028111928,1.29907246226194,36.3740289433345,3.2258064516129
2021-06-06,8786,0,6491,0,2295,0,7294,0,66306,25,73600,25,0,172,-4,24,4,8590,0,229,175,"Anderson",76978,18.1870144716672,0.0318302387267905,32.4768115565486,0,31.1777390942867,3.18302387267904
2021-06-07,8787,1,6491,0,2296,1,7294,0,66370,64,73664,64,0,172,-1,23,2,8592,0,229,175,"Anderson",76978,14.2897970848814,0.0232558139534884,83.1406375847645,1.29907246226194,29.8786666320247,2.32558139534884
2021-06-08,8788,1,6491,0,2297,1,7294,0,66407,37,73701,37,0,172,-1,22,2,8594,1,230,176,"Anderson",76978,11.6916521603575,0.0213333333333333,48.065681103692,1.29907246226194,28.5795941697628,2.13333333333333
2021-06-09,8788,0,6491,0,2297,0,7294,0,66489,82,73783,82,0,172,-4,18,4,8598,0,230,176,"Anderson",76978,6.49536231130972,0.0144927536231884,106.523941905479,0,23.383304320715,1.44927536231884
2021-06-10,8792,4,6492,1,2300,3,7295,1,66546,57,73841,58,0,172,4,22,0,8598,0,230,176,"Anderson",76978,10.3925796980956,0.0105540897097625,75.3462028111928,5.19628984904778,28.5795941697628,1.05540897097625
2021-06-11,8793,1,6492,0,2301,1,7296,1,66601,55,73897,56,1,173,-3,19,3,8601,0,230,176,"Anderson",76978,10.3925796980956,0.00789473684210526,72.7480578866689,1.29907246226194,24.682376782977,0.789473684210526
2021-06-12,8794,1,6492,0,2302,1,7297,1,66656,55,73953,56,2,175,-4,15,3,8604,0,230,176,"Anderson",76978,10.3925796980956,0.00793650793650794,72.7480578866689,1.29907246226194,19.4860869339292,0.793650793650794
2021-06-13,8795,1,6492,0,2303,1,7298,1,66694,38,73992,39,0,175,-3,12,4,8608,0,230,176,"Anderson",76978,11.6916521603575,0.0102040816326531,50.6638260282159,1.29907246226194,15.5888695471433,1.02040816326531
2021-06-14,8797,2,6494,2,2303,0,7300,2,66780,86,74080,88,0,175,1,13,1,8609,0,230,176,"Anderson",76978,12.9907246226194,0.0144230769230769,114.318376679051,2.59814492452389,16.8879420094053,1.44230769230769
2021-06-15,8797,0,6494,0,2303,0,7301,1,66811,31,74112,32,0,175,-1,12,1,8610,0,230,176,"Anderson",76978,11.6916521603575,0.0170316301703163,41.5703187923822,0,15.5888695471433,1.70316301703163
2021-06-16,8798,1,6495,1,2303,0,7302,1,66855,44,74157,45,0,175,0,12,1,8611,0,230,176,"Anderson",76978,12.9907246226194,0.0213903743315508,58.4582608017875,1.29907246226194,15.5888695471433,2.13903743315508
2021-06-17,8798,0,6495,0,2303,0,7302,0,66941,86,74243,86,0,175,-1,11,1,8612,0,230,176,"Anderson",76978,7.79443477357167,0.0174129353233831,111.720231754527,0,14.2897970848814,1.74129353233831
2021-06-18,8800,2,6496,1,2304,1,7306,4,66991,50,74297,54,0,175,1,12,1,8613,0,230,176,"Anderson",76978,9.09350723583361,0.025,70.149912962145,2.59814492452389,15.5888695471433,2.5
2021-06-19,8800,0,6496,0,2304,0,7306,0,67039,48,74345,48,0,175,-1,11,1,8614,0,230,176,"Anderson",76978,7.79443477357167,0.0229591836734694,62.3554781885734,0,14.2897970848814,2.29591836734694
2021-06-20,8800,0,6496,0,2304,0,7307,1,67062,23,74369,24,0,175,-2,9,2,8616,0,230,176,"Anderson",76978,6.49536231130972,0.0238726790450928,31.1777390942867,0,11.6916521603575,2.38726790450928
2021-06-21,8801,1,6496,0,2305,1,7307,0,67102,40,74409,40,0,175,0,9,1,8617,0,230,176,"Anderson",76978,5.19628984904778,0.0212765957446809,51.9628984904778,1.29907246226194,11.6916521603575,2.12765957446809
2021-06-22,8805,4,6497,1,2308,3,7307,0,67144,42,74451,42,0,175,2,11,2,8619,1,231,176,"Anderson",76978,10.3925796980956,0.0176991150442478,54.5610434150017,5.19628984904778,14.2897970848814,1.76991150442478
2021-06-23,8806,1,6498,1,2308,0,7308,1,67192,48,74500,49,0,175,1,12,0,8619,0,231,176,"Anderson",76978,10.3925796980956,0.0174927113702624,63.6545506508353,1.29907246226194,15.5888695471433,1.74927113702624
2021-06-24,8806,0,6498,0,2308,0,7309,1,67237,45,74546,46,0,175,-3,9,3,8622,0,231,176,"Anderson",76978,10.3925796980956,0.0231023102310231,59.7573332640495,0,11.6916521603575,2.31023102310231
2021-06-25,8807,1,6499,1,2308,0,7310,1,67273,36,74583,37,0,175,1,10,0,8622,0,231,176,"Anderson",76978,9.09350723583361,0.013986013986014,48.065681103692,1.29907246226194,12.9907246226195,1.3986013986014
2021-06-26,8808,1,6500,1,2308,0,7311,1,67306,33,74617,34,0,175,0,10,1,8623,0,231,176,"Anderson",76978,10.3925796980956,0.0183823529411765,44.1684637169061,1.29907246226194,12.9907246226195,1.83823529411765
2021-06-27,8808,0,6500,0,2308,0,7311,0,67338,32,74649,32,0,175,0,10,0,8623,0,231,176,"Anderson",76978,10.3925796980956,0.0142857142857143,41.5703187923822,0,12.9907246226195,1.42857142857143
2021-06-28,8809,1,6500,0,2309,1,7312,1,67354,16,74666,17,0,175,1,11,0,8623,0,231,176,"Anderson",76978,10.3925796980956,0.0194552529182879,22.0842318584531,1.29907246226194,14.2897970848814,1.94552529182879
2021-06-29,8812,3,6503,3,2309,0,7315,3,67413,59,74728,62,0,175,2,13,1,8624,0,231,176,"Anderson",76978,9.09350723583361,0.0288808664259928,80.5424926602406,3.89721738678583,16.8879420094053,2.88808664259928
2021-06-30,8812,0,6503,0,2309,0,7315,0,67459,46,74774,46,0,175,-1,12,1,8625,0,231,176,"Anderson",76978,7.79443477357167,0.0255474452554745,59.7573332640495,0,15.5888695471433,2.55474452554745
2021-07-01,8813,1,6504,1,2309,0,7316,1,67496,37,74812,38,0,175,1,13,0,8625,0,231,176,"Anderson",76978,9.09350723583361,0.0263157894736842,49.3647535659539,1.29907246226194,16.8879420094053,2.63157894736842
2021-07-02,8813,0,6504,0,2309,0,7316,0,67539,43,74855,43,0,175,0,13,0,8625,0,231,176,"Anderson",76978,7.79443477357167,0.0220588235294118,55.8601158772636,0,16.8879420094053,2.20588235294118
2021-07-03,8813,0,6504,0,2309,0,7316,0,67560,21,74876,21,0,175,-1,12,1,8626,0,231,176,"Anderson",76978,6.49536231130972,0.0193050193050193,27.2805217075008,0,15.5888695471433,1.93050193050193
2021-07-04,8814,1,6504,0,2310,1,7317,1,67585,25,74902,26,0,175,0,12,1,8627,0,231,176,"Anderson",76978,7.79443477357167,0.0237154150197628,33.7758840188106,1.29907246226194,15.5888695471433,2.37154150197628
2021-07-05,8814,0,6504,0,2310,0,7318,1,67600,15,74918,16,0,175,-1,11,1,8628,0,231,176,"Anderson",76978,6.49536231130972,0.0238095238095238,20.7851593961911,0,14.2897970848814,2.38095238095238
2021-07-06,8815,1,6504,0,2311,1,7318,0,67630,30,74948,30,1,176,-3,8,3,8631,0,231,176,"Anderson",76978,3.89721738678583,0.0136363636363636,38.9721738678584,1.29907246226194,10.3925796980956,1.36363636363636
2021-07-07,8816,1,6504,0,2312,1,7318,0,67676,46,74994,46,0,176,-2,6,3,8634,0,231,176,"Anderson",76978,5.19628984904778,0.0136363636363636,59.7573332640495,1.29907246226194,7.79443477357167,1.36363636363636
2021-07-08,8817,1,6505,1,2312,0,7319,1,67717,41,75036,42,0,176,-1,5,2,8636,0,231,176,"Anderson",76978,5.19628984904778,0.0133928571428571,54.5610434150017,1.29907246226194,6.49536231130973,1.33928571428571
2021-07-09,8819,2,6506,1,2313,1,7320,1,67761,44,75081,45,0,176,1,6,1,8637,0,231,176,"Anderson",76978,7.79443477357167,0.0176991150442478,58.4582608017875,2.59814492452389,7.79443477357167,1.76991150442478
2021-07-10,8821,2,6507,1,2314,1,7321,1,67783,22,75104,23,0,176,2,8,0,8637,1,232,176,"Anderson",76978,10.3925796980956,0.0219298245614035,29.8786666320247,2.59814492452389,10.3925796980956,2.19298245614035
2021-07-11,8821,0,6507,0,2314,0,7321,0,67798,15,75119,15,0,176,0,8,0,8637,0,232,176,"Anderson",76978,9.09350723583361,0.0184331797235023,19.4860869339292,0,10.3925796980956,1.84331797235023
2021-07-12,8829,8,6511,4,2318,4,7325,4,67834,36,75159,40,0,176,7,15,1,8638,1,233,176,"Anderson",76978,19.4860869339292,0.029045643153527,51.9628984904778,10.3925796980956,19.4860869339292,2.9045643153527
2021-07-13,8830,1,6511,0,2319,1,7325,0,67855,21,75180,21,0,176,0,15,1,8639,0,233,177,"Anderson",76978,19.4860869339292,0.0301724137931034,27.2805217075008,1.29907246226194,19.4860869339292,3.01724137931034
2021-07-14,8835,5,6515,4,2320,1,7330,5,67909,54,75239,59,0,176,5,20,0,8639,1,234,177,"Anderson",76978,24.682376782977,0.0489795918367347,76.6452752734548,6.49536231130973,25.9814492452389,4.89795918367347
2021-07-15,8838,3,6518,3,2320,0,7332,2,67942,33,75274,35,0,176,3,23,0,8639,0,234,177,"Anderson",76978,27.2805217075008,0.0546218487394958,45.4675361791681,3.89721738678583,29.8786666320247,5.46218487394958
2021-07-16,8848,10,6520,2,2328,8,7333,1,67970,28,75303,29,0,176,10,33,0,8639,0,234,177,"Anderson",76978,37.6731014055964,0.0585585585585586,37.6731014055964,12.9907246226195,42.8693912546442,5.85585585585586
2021-07-17,8853,5,6521,1,2332,4,7334,1,68006,36,75340,37,0,176,4,37,1,8640,0,234,177,"Anderson",76978,41.5703187923822,0.0550847457627119,48.065681103692,6.49536231130973,48.065681103692,5.50847457627119
2021-07-18,8856,3,6523,2,2333,1,7336,2,68026,20,75362,22,0,176,-1,36,4,8644,0,234,177,"Anderson",76978,45.4675361791681,0.0617283950617284,28.5795941697628,3.89721738678583,46.76660864143,6.17283950617284
2021-07-19,8861,5,6527,4,2334,1,7340,4,68060,34,75400,38,1,177,2,38,2,8646,0,234,177,"Anderson",76978,41.5703187923822,0.0622406639004149,49.3647535659539,6.49536231130973,49.3647535659539,6.22406639004149
2021-07-20,8876,15,6538,11,2338,4,7351,11,68095,35,75446,46,0,177,10,48,5,8651,1,235,177,"Anderson",76978,59.7573332640495,0.0977443609022556,59.7573332640495,19.4860869339292,62.3554781885734,9.77443609022556
2021-07-21,8883,7,6542,4,2341,3,7356,5,68180,85,75536,90,0,177,6,54,1,8652,0,235,178,"Anderson",76978,62.3554781885734,0.0875420875420875,116.916521603575,9.09350723583361,70.149912962145,8.75420875420875
2021-07-22,8893,10,6547,5,2346,5,7360,4,68236,56,75596,60,0,177,9,63,1,8653,0,235,178,"Anderson",76978,71.448985424407,0.0869565217391304,77.9443477357167,12.9907246226195,81.8415651225025,8.69565217391304
2021-07-23,8903,10,6551,4,2352,6,7365,5,68307,71,75672,76,0,177,10,73,0,8653,0,235,178,"Anderson",76978,71.448985424407,0.0867208672086721,98.7295071319078,12.9907246226195,94.832289745122,8.67208672086721
2021-07-24,8911,8,6555,4,2356,4,7369,4,68361,54,75730,58,0,177,7,80,1,8654,0,235,179,"Anderson",76978,75.3462028111928,0.0897435897435897,75.3462028111928,10.3925796980956,103.925796980956,8.97435897435897
2021-07-25,8916,5,6558,3,2358,2,7370,1,68383,22,75753,23,0,177,2,82,3,8657,0,235,179,"Anderson",76978,77.9443477357167,0.0869565217391304,29.8786666320247,6.49536231130973,106.523941905479,8.69565217391304
2021-07-26,8939,23,6567,9,2372,14,7378,8,68433,50,75811,58,2,179,13,95,8,8665,0,235,179,"Anderson",76978,101.327652056432,0.0924574209245742,75.3462028111928,29.8786666320247,123.411883914885,9.24574209245742
2021-07-27,8954,15,6572,5,2382,10,7383,5,68486,53,75869,58,0,179,12,107,3,8668,0,235,179,"Anderson",76978,101.327652056432,0.0756501182033097,75.3462028111928,19.4860869339292,139.000753462028,7.56501182033097
2021-07-28,8974,20,6580,8,2394,12,7395,12,68569,83,75964,95,0,179,14,121,6,8674,0,235,179,"Anderson",76978,118.215594065837,0.0911214953271028,123.411883914885,25.9814492452389,157.187767933695,9.11214953271028
2021-07-29,8986,12,6590,10,2396,2,7407,12,68618,49,76025,61,0,179,9,130,3,8677,0,235,179,"Anderson",76978,120.813738990361,0.10955710955711,79.2434201979787,15.5888695471433,168.879420094053,10.955710955711
2021-07-30,9017,31,6609,19,2408,12,7429,22,68667,49,76096,71,0,179,19,149,12,8689,1,236,179,"Anderson",76978,148.094260697862,0.150943396226415,92.2341448205981,40.2712463301203,193.56179687703,15.0943396226415
2021-07-31,9030,13,6615,6,2415,7,7435,6,68709,42,76144,48,0,179,8,157,5,8694,0,236,179,"Anderson",76978,154.589623009171,0.159420289855072,62.3554781885734,16.8879420094053,203.954376575125,15.9420289855072
2021-08-01,9049,19,6626,11,2423,8,7450,15,68748,39,76198,54,0,179,14,171,5,8699,0,236,179,"Anderson",76978,172.776637480839,0.179775280898876,70.149912962145,24.682376782977,222.141391046793,17.9775280898876
2021-08-02,9060,11,6631,5,2429,6,7455,5,68827,79,76282,84,0,179,3,174,8,8707,0,236,179,"Anderson",76978,157.187767933695,0.16348195329087,109.122086830003,14.2897970848814,226.038608433578,16.348195329087
2021-08-03,9083,23,6642,11,2441,12,7468,13,68899,72,76367,85,0,179,13,187,10,8717,1,237,179,"Anderson",76978,167.580347631791,0.170682730923695,110.421159292265,29.8786666320247,242.926550442984,17.0682730923695
2021-08-04,9109,26,6664,22,2445,4,7489,21,69001,102,76490,123,0,179,24,211,2,8719,0,237,179,"Anderson",76978,175.374782405363,0.178707224334601,159.785912858219,33.7758840188106,274.10428953727,17.8707224334601
2021-08-05,9139,30,6680,16,2459,14,7505,16,69099,98,76604,114,0,179,13,224,17,8736,1,238,179,"Anderson",76978,198.758086726078,0.169257340241796,148.094260697862,38.9721738678584,290.992231546676,16.9257340241796
2021-08-06,9164,25,6696,16,2468,9,7523,18,69242,143,76765,161,0,179,17,241,8,8744,1,239,179,"Anderson",76978,190.963651952506,0.14050822122571,209.150666424173,32.4768115565486,313.076463405129,14.050822122571
2021-08-07,9177,13,6702,6,2475,7,7530,7,69317,75,76847,82,0,179,5,246,8,8752,0,239,179,"Anderson",76978,190.963651952506,0.135135135135135,106.523941905479,16.8879420094053,319.571825716438,13.5135135135135
2021-08-08,9191,14,6710,8,2481,6,7540,10,69369,52,76909,62,0,179,6,252,8,8760,0,239,179,"Anderson",76978,184.468289641196,0.126582278481013,80.5424926602406,18.1870144716672,327.36626049001,12.6582278481013
2021-08-09,9227,36,6730,20,2497,16,7559,19,69468,99,77027,118,0,179,16,268,20,8780,0,239,179,"Anderson",76978,216.945101197745,0.139597315436242,153.29055054691,46.76660864143,348.151419886201,13.9597315436242
2021-08-10,9266,39,6749,19,2517,20,7579,20,69568,100,77147,120,0,179,20,288,19,8799,2,241,179,"Anderson",76978,237.730260593936,0.142307692307692,155.888695471433,50.6638260282159,374.13286913144,14.2307692307692
2021-08-11,9320,54,6772,23,2548,31,7608,29,69700,132,77308,161,0,179,30,318,24,8823,0,241,179,"Anderson",76978,274.10428953727,0.145476772616137,209.150666424173,70.149912962145,413.105042999298,14.5476772616137
2021-08-12,9368,48,6806,34,2562,14,7645,37,69868,168,77513,205,0,179,27,345,21,8844,0,241,181,"Anderson",76978,297.487593857985,0.154015401540154,266.309854763699,62.3554781885734,448.179999480371,15.4015401540154
2021-08-13,9432,64,6839,33,2593,31,7683,38,69982,114,77665,152,2,181,45,390,17,8861,1,242,181,"Anderson",76978,348.151419886201,0.177777777777778,197.459014263816,83.1406375847645,506.638260282159,17.7777777777778
2021-08-14,9483,51,6873,34,2610,17,7715,32,70168,186,77883,218,0,181,30,420,21,8882,0,242,181,"Anderson",76978,397.516173452155,0.178571428571429,283.197796773104,66.2526955753592,545.610434150017,17.8571428571429
2021-08-15,9506,23,6885,12,2621,11,7730,15,70257,89,77987,104,0,181,16,436,7,8889,0,242,181,"Anderson",76978,409.207825612513,0.176252319109462,135.103536075242,29.8786666320247,566.395593546208,17.6252319109462
2021-08-16,9543,37,6908,23,2635,14,7754,24,70346,89,78100,113,0,181,10,446,27,8916,0,242,182,"Anderson",76978,410.506898074775,0.181733457595527,146.7951882356,48.065681103692,579.386318168827,18.1733457595527
2021-08-17,9586,43,6929,21,2657,22,7779,25,70454,108,78233,133,1,182,15,461,27,8943,0,242,182,"Anderson",76978,415.703187923822,0.184162062615101,172.776637480839,55.8601158772636,598.872405102757,18.4162062615101
2021-08-18,9638,52,6956,27,2682,25,7810,31,70566,112,78376,143,0,182,16,477,36,8979,0,242,182,"Anderson",76978,413.105042999299,0.189138576779026,185.767362103458,67.5517680376211,619.657564498948,18.9138576779026
2021-08-19,9712,74,6986,30,2726,44,7845,35,70718,152,78563,187,0,182,50,527,24,9003,0,242,182,"Anderson",76978,446.880927018109,0.19047619047619,242.926550442984,96.1313622073839,684.611187612045,19.047619047619
2021-08-20,9771,59,7025,39,2746,20,7888,43,70912,194,78800,237,0,182,26,553,33,9036,1,243,182,"Anderson",76978,440.385564706799,0.180616740088106,307.880173556081,76.6452752734548,718.387071630856,18.0616740088106
2021-08-21,9853,82,7058,33,2795,49,7922,34,71186,274,79108,308,0,182,63,616,19,9055,1,244,182,"Anderson",76978,480.65681103692,0.168979591836735,400.114318376679,106.523941905479,800.228636753358,16.8979591836735
2021-08-22,9876,23,7079,21,2797,2,7950,28,71342,156,79292,184,0,182,-2,614,25,9080,0,244,182,"Anderson",76978,480.65681103692,0.168582375478927,239.029333056198,29.8786666320247,797.630491828834,16.8582375478927
2021-08-23,9924,48,7093,14,2831,34,7967,17,71477,135,79444,152,0,182,-3,611,51,9131,1,245,183,"Anderson",76978,494.946608121801,0.158482142857143,197.459014263816,62.3554781885734,793.733274442048,15.8482142857143
2021-08-24,9969,45,7119,26,2850,19,7991,24,71563,86,79554,110,1,183,-21,590,65,9196,0,245,184,"Anderson",76978,497.544753046325,0.160484481453444,142.897970848814,58.4582608017875,766.452752734548,16.0484481453444
2021-08-25,10040,71,7144,25,2896,46,8012,21,71607,44,79619,65,0,183,15,605,56,9252,0,245,184,"Anderson",76978,522.227129829302,0.162510056315366,84.4397100470264,92.2341448205981,785.938839668477,16.2510056315366
2021-08-26,10108,68,7178,34,2930,34,8056,44,71779,172,79835,216,1,184,15,620,52,9304,1,246,184,"Anderson",76978,514.43269505573,0.165880503144654,280.59965184858,88.3369274338123,805.424926602406,16.5880503144654
2021-08-27,10183,75,7232,54,2951,21,8116,60,71956,177,80072,237,0,184,30,650,45,9349,0,246,184,"Anderson",76978,535.217854451921,0.179245283018868,307.880173556081,97.4304346696459,844.397100470264,17.9245283018868
2021-08-28,10242,59,7264,32,2978,27,8158,42,72160,204,80318,246,0,184,29,679,30,9379,0,246,184,"Anderson",76978,505.339187819897,0.19504132231405,319.571825716438,76.6452752734548,882.070201875861,19.504132231405
2021-08-29,10306,64,7313,49,2993,15,8212,54,72371,211,80583,265,0,184,40,719,24,9403,1,247,184,"Anderson",76978,558.601158772636,0.20294345468629,344.254202499415,83.1406375847645,934.033100366338,20.294345468629
2021-08-30,10378,72,7360,47,3018,25,8261,49,72597,226,80858,275,0,184,6,725,66,9469,3,250,184,"Anderson",76978,589.778897866923,0.207920792079208,357.244927122035,93.53321728286,941.82753513991,20.7920792079208
2021-08-31,10513,135,7442,82,3071,53,8348,87,72854,257,81202,344,0,184,46,771,89,9558,0,250,184,"Anderson",76978,706.695419470498,0.216626213592233,446.880927018109,175.374782405363,1001.58486840396,21.6626213592233
2021-09-01,10544,31,7464,22,3080,9,8372,24,72945,91,81317,115,0,184,-16,755,47,9605,0,250,185,"Anderson",76978,654.73252098002,0.212014134275618,149.393333160124,40.2712463301203,980.799709007768,21.2014134275618
2021-09-02,10603,59,7489,25,3114,34,8401,29,73045,100,81446,129,1,185,-9,746,67,9672,0,250,185,"Anderson",76978,643.040868819663,0.21415270018622,167.580347631791,76.6452752734548,969.108056847411,21.415270018622
2021-09-03,10632,29,7506,17,3126,12,8419,18,73118,73,81537,91,0,185,-27,719,56,9728,0,250,185,"Anderson",76978,583.283535555613,0.206825938566553,118.215594065837,37.6731014055964,934.033100366338,20.6825938566553
2021-09-04,10738,106,7574,68,3164,38,8496,77,73438,320,81934,397,0,185,78,797,28,9756,1,251,185,"Anderson",76978,644.339941281925,0.209158415841584,515.731767517992,137.701680999766,1035.36075242277,20.9158415841584
2021-09-05,10850,112,7648,74,3202,38,8572,76,73742,304,82314,380,0,185,82,879,30,9786,1,252,186,"Anderson",76978,706.695419470498,0.207972270363951,493.647535659539,145.496115773338,1141.88469432825,20.7972270363951
2021-09-06,10965,115,7725,77,3240,38,8659,87,74149,407,82808,494,0,185,1,880,114,9900,1,253,187,"Anderson",76978,762.555535347762,0.204102564102564,641.741796357401,149.393333160124,1143.18376679051,20.4102564102564
2021-09-07,11002,37,7744,19,3258,18,8677,18,74248,99,82925,117,0,185,-77,803,114,10014,0,253,187,"Anderson",76978,635.246434046091,0.190946024376088,151.991478084648,48.065681103692,1043.15518719634,19.0946024376088
2021-09-08,11043,41,7775,31,3268,10,8709,32,74355,107,83064,139,0,185,-59,744,100,10114,1,254,190,"Anderson",76978,648.237158668711,0.192902117916428,180.57107225441,53.2619709527397,966.509911922887,19.2902117916428
2021-09-09,11101,58,7796,21,3305,37,8727,18,74561,206,83288,224,0,185,-41,703,99,10213,1,255,192,"Anderson",76978,646.938086206449,0.176981541802389,290.992231546676,75.3462028111928,913.247940970147,17.6981541802389
2021-09-10,11253,152,7869,73,3384,79,8808,81,74854,293,83662,374,1,186,66,769,85,10298,1,256,193,"Anderson",76978,806.723999064668,0.183058823529412,485.853100885967,197.459014263816,998.986723479436,18.3058823529412
2021-09-11,11365,112,7932,63,3433,49,8877,69,75200,346,84077,415,0,186,79,848,33,10331,1,257,193,"Anderson",76978,814.51843383824,0.177788147456836,539.115071838707,145.496115773338,1101.61344799813,17.7788147456836
2021-09-12,11403,38,7964,32,3439,6,8912,35,75343,143,84255,178,0,186,8,856,30,10361,3,260,193,"Anderson",76978,718.387071630856,0.175167439464194,231.234898282626,49.3647535659539,1112.00602769622,17.5167439464194
2021-09-13,11490,87,7997,33,3493,54,8945,33,75473,130,84418,163,4,190,-43,813,126,10487,2,262,193,"Anderson",76978,682.013042687521,0.177639751552795,211.748811348697,113.019304216789,1056.14591181896,17.7639751552795
2021-09-14,11548,58,8025,28,3523,30,8980,35,75632,159,84612,194,1,191,-58,755,115,10602,0,262,193,"Anderson",76978,709.293564395022,0.179608772969769,252.020057678817,75.3462028111928,980.799709007768,17.9608772969769
2021-09-15,11589,41,8039,14,3550,27,8994,14,75693,61,84687,75,0,191,-38,717,79,10681,1,263,194,"Anderson",76978,709.293564395022,0.175600739371534,97.4304346696459,53.2619709527397,931.434955441815,17.5600739371534
2021-09-16,11675,86,8091,52,3584,34,9051,57,75915,222,84966,279,0,191,26,743,60,10741,0,263,194,"Anderson",76978,745.667593338356,0.193087008343266,362.441216971083,111.720231754527,965.210839460625,19.3087008343266
2021-09-17,11748,73,8132,41,3616,32,9088,37,76078,163,85166,200,0,191,16,759,57,10798,1,264,198,"Anderson",76978,643.040868819663,0.186170212765957,259.814492452389,94.832289745122,985.995998856816,18.6170212765957
2021-09-18,11800,52,8162,30,3638,22,9121,33,76232,154,85353,187,0,191,9,768,43,10841,0,264,199,"Anderson",76978,565.096521083946,0.191222570532915,242.926550442984,67.5517680376211,997.687651017174,19.1222570532915
2021-09-19,11823,23,8171,9,3652,14,9131,10,76300,68,85431,78,0,191,-8,760,31,10872,0,264,199,"Anderson",76978,545.610434150017,0.186224489795918,101.327652056432,29.8786666320247,987.295071319078,18.6224489795918
2021-09-20,11885,62,8205,34,3680,28,9167,36,76486,186,85653,222,0,191,31,791,31,10903,1,265,199,"Anderson",76978,513.133622593468,0.179757085020243,288.394086622152,80.5424926602406,1027.5663176492,17.9757085020243
2021-09-21,11939,54,8231,26,3708,28,9191,24,76604,118,85795,142,0,191,-67,724,121,11024,1,266,200,"Anderson",76978,507.93733274442,0.178360101437025,184.468289641196,70.149912962145,940.528462677648,17.8360101437025
2021-09-22,11989,50,8263,32,3726,18,9231,40,76876,272,86107,312,0,191,-37,687,87,11111,0,266,201,"Anderson",76978,519.628984904778,0.166901408450704,405.310608225727,64.9536231130973,892.462781573956,16.6901408450704
2021-09-23,12064,75,8310,47,3754,28,9282,51,77084,208,86366,259,2,193,-17,670,90,11201,1,267,201,"Anderson",76978,505.339187819897,0.165,336.459767725844,97.4304346696459,870.378549715503,16.5
2021-09-24,12105,41,8331,21,3774,20,9307,25,77224,140,86531,165,2,195,-12,658,51,11252,0,267,203,"Anderson",76978,463.768869027514,0.16043956043956,214.346956273221,53.2619709527397,854.78968016836,16.043956043956
2021-09-25,12115,10,8335,4,3780,6,9313,6,77319,95,86632,101,0,195,-38,620,48,11300,0,267,203,"Anderson",76978,409.207825612513,0.150117279124316,131.206318688456,12.9907246226195,805.424926602406,15.0117279124316
2021-09-26,12133,18,8350,15,3783,3,9331,18,77456,137,86787,155,1,196,-4,616,21,11321,0,267,203,"Anderson",76978,402.712463301203,0.147492625368732,201.356231650601,23.383304320715,800.228636753358,14.7492625368732
2021-09-27,12183,50,8371,21,3812,29,9353,22,77542,86,86895,108,1,197,-50,566,99,11420,1,268,204,"Anderson",76978,387.12359375406,0.14975845410628,140.29982592429,64.9536231130973,735.275013640261,14.975845410628
2021-09-28,12232,49,8395,24,3837,25,9380,27,77637,95,87017,122,0,197,-25,541,74,11494,0,268,204,"Anderson",76978,380.62823144275,0.154664484451718,158.486840395957,63.6545506508353,702.798202083712,15.4664484451718
2021-09-29,12269,37,8410,15,3859,22,9397,17,77828,191,87225,208,2,199,-30,511,65,11559,0,268,206,"Anderson",76978,363.740289433345,0.148479427549195,270.207072150485,48.065681103692,663.826028215854,14.8479427549195
2021-09-30,12330,61,8447,37,3883,24,9437,40,78000,172,87437,212,0,199,-1,510,62,11621,0,268,207,"Anderson",76978,345.553274961677,0.144724556489262,275.403361999532,79.2434201979787,662.526955753592,14.4724556489262
2021-10-01,12381,51,8474,27,3907,24,9466,29,78151,151,87617,180,0,199,-12,498,63,11684,0,268,208,"Anderson",76978,358.543999584297,0.146408839779006,233.83304320715,66.2526955753592,646.938086206449,14.6408839779006
2021-10-02,12399,18,8480,6,3919,12,9472,6,78231,80,87703,86,1,200,-5,493,22,11706,0,268,208,"Anderson",76978,368.936579282392,0.148459383753501,111.720231754527,23.383304320715,640.442723895139,14.8459383753501
2021-10-03,12412,13,8489,9,3923,4,9481,9,78329,98,87810,107,4,204,-7,486,16,11722,0,268,208,"Anderson",76978,362.441216971083,0.146627565982405,139.000753462028,16.8879420094053,631.349216659305,14.6627565982405
2021-10-04,12458,46,8511,22,3947,24,9508,27,78449,120,87957,147,1,205,-23,463,68,11790,0,268,210,"Anderson",76978,357.244927122035,0.145951035781544,190.963651952506,59.7573332640495,601.470550027281,14.5951035781544
2021-10-05,12507,49,8537,26,3970,23,9538,30,78577,128,88115,158,2,207,-16,447,63,11853,0,268,211,"Anderson",76978,357.244927122035,0.143897996357013,205.253449037387,63.6545506508353,580.685390631089,14.3897996357013
2021-10-06,12537,30,8560,23,3977,7,9564,26,78742,165,88306,191,1,208,-7,440,36,11889,0,268,211,"Anderson",76978,348.151419886201,0.154486586493987,248.122840292031,38.9721738678584,571.591883395256,15.4486586493987
2021-10-07,12568,31,8581,21,3987,10,9589,25,78882,140,88471,165,0,208,-8,432,39,11928,0,268,211,"Anderson",76978,309.179246018343,0.147001934235977,214.346956273221,40.2712463301203,561.19930369716,14.7001934235977
2021-10-08,12584,16,8585,4,3999,12,9599,10,79012,130,88611,140,1,209,-15,417,30,11958,0,268,211,"Anderson",76978,263.711709839175,0.133802816901408,181.870144716672,20.7851593961911,541.713216763231,13.3802816901408
2021-10-09,12599,15,8588,3,4011,12,9606,7,79074,62,88680,69,0,209,-9,408,24,11982,0,268,211,"Anderson",76978,259.814492452389,0.137154554759468,89.6359998960742,19.4860869339292,530.021564602874,13.7154554759468
2021-10-10,12609,10,8596,8,4013,2,9615,9,79161,87,88776,96,0,209,-16,392,26,12008,0,268,211,"Anderson",76978,255.917275065603,0.13871635610766,124.710956377147,12.9907246226195,509.236405206682,13.871635610766
2021-10-11,12649,40,8609,13,4040,27,9628,13,79262,101,88890,114,0,209,-14,378,54,12062,0,268,211,"Anderson",76978,248.122840292031,0.128617363344051,148.094260697862,51.9628984904778,491.049390735015,12.8617363344051
2021-10-12,12684,35,8631,22,4053,13,9650,22,79361,99,89011,121,2,211,-10,368,43,12105,0,268,211,"Anderson",76978,229.935825820364,0.125,157.187767933695,45.4675361791681,478.058666112396,12.5
2020-03-12,1,1,1,1,0,0,1,1,11,11,12,12,NA,NA,NA,NA,0,0,0,0,0,"East TN",2455501,NA,NA,0.488698640318208,0.040724886693184,NA,NA
2020-03-13,1,0,1,0,0,0,1,0,23,12,24,12,NA,NA,NA,NA,0,0,0,0,0,"East TN",2455501,NA,NA,0.488698640318208,0,NA,NA
2020-03-14,3,2,3,2,0,0,3,2,51,28,54,30,NA,NA,NA,NA,0,0,0,0,0,"East TN",2455501,NA,NA,1.22174660079552,0.081449773386368,NA,NA
2020-03-15,3,0,3,0,0,0,3,0,54,3,57,3,NA,NA,NA,NA,0,0,0,0,0,"East TN",2455501,NA,NA,0.122174660079552,0,NA,NA
2020-03-16,5,2,5,2,0,0,5,2,90,36,95,38,NA,NA,NA,NA,0,0,0,0,0,"East TN",2455501,NA,NA,1.54754569434099,0.081449773386368,NA,NA
2020-03-17,6,1,6,1,0,0,5,0,131,41,136,41,NA,NA,NA,NA,0,0,0,0,0,"East TN",2455501,NA,NA,1.66972035442054,0.040724886693184,NA,NA
2020-03-18,8,2,8,2,0,0,7,2,171,40,178,42,NA,NA,NA,NA,0,0,0,0,0,"East TN",2455501,0.325799093545472,0.0393258426966292,1.71044524111373,0.081449773386368,NA,3.93258426966292
2020-03-19,11,3,11,3,0,0,11,4,238,67,249,71,NA,NA,NA,NA,0,0,0,0,0,"East TN",2455501,0.40724886693184,0.0421940928270042,2.89146695521606,0.122174660079552,NA,4.21940928270042
2020-03-20,29,18,29,18,0,0,27,16,382,144,409,160,NA,NA,NA,NA,3,3,2,2,0,"East TN",2455501,1.14029682740915,0.0675324675324675,6.51598187090944,0.733047960477312,NA,6.75324675324675
2020-03-21,38,9,38,9,0,0,38,11,610,228,648,239,NA,NA,NA,NA,3,6,1,3,1,"East TN",2455501,1.42537103426144,0.0589225589225589,9.73324791967098,0.366523980238656,NA,5.89225589225589
2020-03-22,48,10,47,9,1,1,43,5,713,103,756,108,NA,NA,NA,NA,2,8,4,7,2,"East TN",2455501,1.83261990119328,0.0572246065808298,4.39828776286387,0.40724886693184,NA,5.72246065808298
2020-03-23,64,16,63,16,1,0,56,13,846,133,902,146,NA,NA,NA,NA,7,15,4,11,2,"East TN",2455501,2.40276831489786,0.0631970260223048,5.94583345720486,0.651598187090944,NA,6.31970260223048
2020-03-24,83,19,82,19,1,0,70,14,987,141,1057,155,NA,NA,NA,NA,7,22,5,16,2,"East TN",2455501,3.13581627537517,0.0705754614549403,6.31235743744352,0.773772847170496,NA,7.05754614549403
2020-03-25,116,33,115,33,1,0,99,29,1288,301,1387,330,NA,NA,NA,NA,15,37,12,28,3,"East TN",2455501,4.39828776286387,0.076095947063689,13.4392126087507,1.34392126087507,NA,7.6095947063689
2020-03-26,144,28,143,28,1,0,130,31,1774,486,1904,517,NA,NA,NA,NA,15,52,5,33,4,"East TN",2455501,5.41640993019347,0.0719033232628399,21.0547664203761,1.14029682740915,NA,7.19033232628399
2020-03-27,166,22,165,22,1,0,147,17,2171,397,2318,414,NA,NA,NA,NA,17,69,6,39,4,"East TN",2455501,5.57930947696621,0.0628601361969618,16.8601030909782,0.895947507250048,NA,6.28601361969618
2020-03-28,197,31,196,31,1,0,180,33,2608,437,2788,470,NA,NA,NA,NA,12,81,8,47,4,"East TN",2455501,6.47525698421626,0.0663551401869159,19.1406967457965,1.2624714874887,NA,6.63551401869159
2020-03-29,213,16,212,16,1,0,196,16,2795,187,2991,203,NA,NA,NA,NA,27,108,3,50,7,"East TN",2455501,6.71960630437536,0.0684563758389262,8.26715199871635,0.651598187090944,NA,6.84563758389262
2020-03-30,246,33,245,33,1,0,226,30,3345,550,3571,580,NA,NA,NA,NA,33,141,8,58,9,"East TN",2455501,7.41192937815949,0.0636942675159236,23.6204342820467,1.34392126087507,NA,6.36942675159236
2020-03-31,295,49,294,49,1,0,278,52,3645,300,3923,352,NA,NA,NA,NA,39,180,12,70,10,"East TN",2455501,8.63367597895501,0.0725750174459177,14.3351601160008,1.99551944796602,NA,7.25750174459177
2020-04-01,346,51,345,51,1,0,336,58,4243,598,4579,656,NA,NA,NA,NA,36,216,9,79,12,"East TN",2455501,9.36672393943232,0.0742481203007519,26.7155256707287,2.07696922135238,NA,7.42481203007519
2020-04-02,391,45,390,45,1,0,383,47,4839,596,5222,643,2,7,NA,134,34,250,5,84,14,"East TN",2455501,10.0590470132164,0.0762507534659433,26.1861021437173,1.83261990119328,5.45713481688666,7.62507534659433
2020-04-03,412,21,411,21,1,0,401,18,5124,285,5525,303,1,8,-13,121,33,283,2,86,17,"East TN",2455501,10.0183221265233,0.0792017461802308,12.3396406680348,0.855222620556864,4.92771128987526,7.92017461802307
2020-04-04,447,35,446,35,1,0,431,30,5716,592,6147,622,3,11,0,121,32,315,5,91,19,"East TN",2455501,10.181221673296,0.0747246204227449,25.3308795231604,1.42537103426144,4.92771128987526,7.47246204227449
2020-04-05,473,26,472,26,1,0,464,33,6093,377,6557,410,-1,10,1,122,26,341,2,93,20,"East TN",2455501,10.5884705402278,0.0751542344363432,16.6972035442054,1.05884705402278,4.96843617656845,7.51542344363432
2020-04-06,514,41,513,41,1,0,514,50,6626,533,7140,583,8,18,0,122,33,374,5,98,20,"East TN",2455501,10.9142696337733,0.080694872513309,23.7426089421263,1.66972035442054,4.96843617656845,8.06948725133091
2020-04-07,570,56,569,56,1,0,592,78,7755,1129,8347,1207,0,18,19,141,37,411,7,105,21,"East TN",2455501,11.1993438406256,0.0709764918625678,49.1549382386731,2.2805936548183,5.74220902373894,7.09764918625678
2020-04-08,607,37,606,37,1,0,632,40,8162,407,8794,447,1,19,4,145,32,443,8,113,25,"East TN",2455501,10.629195426921,0.0702253855278766,18.2040243518532,1.50682080764781,5.90510857051168,7.02253855278766
2020-04-09,633,26,632,26,1,0,662,30,8613,451,9275,481,3,22,3,148,20,463,2,115,25,"East TN",2455501,9.85542257975053,0.0688378978534419,19.5886704994215,1.05884705402278,6.02728323059123,6.88378978534419
2020-04-10,655,22,654,22,1,0,682,20,8941,328,9623,348,0,22,-7,141,29,492,4,119,25,"East TN",2455501,9.89614746644371,0.0685700341630063,14.172260569228,0.895947507250048,5.74220902373894,6.85700341630063
2020-04-11,679,24,678,24,1,0,728,46,10022,1081,10750,1127,2,24,-5,136,27,519,5,124,27,"East TN",2455501,9.44817371281869,0.0645231370845101,45.8969473032184,0.977397280636416,5.53858459027302,6.45231370845101
2020-04-12,709,30,708,30,1,0,761,33,11472,1450,12233,1483,0,24,18,154,12,531,1,125,28,"East TN",2455501,9.61107325959142,0.0523255813953488,60.3950069659919,1.22174660079552,6.27163255075034,5.23255813953488
2020-04-13,738,29,737,29,1,0,803,42,12435,963,13238,1005,0,24,-2,152,31,562,7,132,32,"East TN",2455501,9.12237461927321,0.0473925877336832,40.9285111266499,1.18102171410234,6.19018277736397,4.73925877336832
2020-04-14,749,11,748,11,1,0,823,20,12720,285,13543,305,4,28,-17,135,24,586,1,133,33,"East TN",2455501,7.28975471807994,0.0444572748267898,12.4210904414211,0.447973753625024,5.49785970357984,4.44572748267898
2020-04-15,773,24,772,24,1,0,850,27,13132,412,13982,439,2,30,-6,129,28,614,4,137,34,"East TN",2455501,6.76033119106854,0.0420200462606014,17.8782252583078,0.977397280636416,5.25351038342074,4.20200462606014
2020-04-16,801,28,800,28,1,0,886,36,13809,677,14695,713,1,31,1,130,26,640,6,143,34,"East TN",2455501,6.84178096445491,0.0413284132841328,29.0368442122402,1.14029682740915,5.29423527011392,4.13284132841328
2020-04-17,823,22,821,21,2,1,916,30,14138,329,15054,359,0,31,-1,129,23,663,3,146,35,"East TN",2455501,6.84178096445491,0.0430859878475419,14.6202343228531,0.895947507250048,5.25351038342074,4.30859878475419
2020-04-18,835,12,833,12,2,0,935,19,14919,781,15854,800,0,31,-11,118,23,686,0,146,35,"East TN",2455501,6.3530823241367,0.0405564263322884,32.5799093545472,0.488698640318208,4.80553662979571,4.05564263322884
2020-04-19,914,79,912,79,2,0,1016,81,15606,687,16622,768,1,32,66,184,12,698,1,147,35,"East TN",2455501,8.34860177210272,0.0580997949419002,31.2767129803653,3.21726604876154,7.49337915154586,5.80997949419002
2020-04-20,939,25,931,19,8,6,1033,17,16569,963,17602,980,0,32,10,194,15,713,2,149,35,"East TN",2455501,8.18570222532998,0.0527039413382218,39.9103889593203,1.0181221673296,7.9006280184777,5.27039413382218
2020-04-21,1045,106,1037,106,8,0,1154,121,19275,2706,20429,2827,0,32,83,277,23,736,6,155,36,"East TN",2455501,12.0545664611825,0.0480685448736567,115.129254681631,4.3168379894775,11.280793614012,4.80685448736567
2020-04-22,1247,202,1237,200,10,2,1354,200,21827,2552,23181,2752,2,34,177,454,23,759,2,157,36,"East TN",2455501,19.3035962925692,0.054788563974345,112.074888179642,8.22642711202317,18.4890985587055,5.4788563974345
2020-04-23,1492,245,1480,243,12,2,1601,247,22934,1107,24535,1354,0,34,236,690,9,768,3,160,36,"East TN",2455501,28.1408967049901,0.0726626016260163,55.1414965825711,9.97759723983008,28.100171818297,7.26626016260163
2020-04-24,1540,48,1527,47,13,1,1655,54,25623,2689,27278,2743,0,34,22,712,26,794,4,164,36,"East TN",2455501,29.1997437590129,0.0604548429319372,111.708364199404,1.95479456127283,28.996119325547,6.04548429319372
2020-04-25,1563,23,1546,19,17,4,1674,19,26398,775,28072,794,0,34,10,722,13,807,3,167,37,"East TN",2455501,29.6477175126379,0.0604845310198068,32.3355600343881,0.936672393943232,29.4033681924788,6.04845310198068
2020-04-26,1583,20,1565,19,18,1,1700,26,27516,1118,29216,1144,0,34,-1,721,21,828,0,167,38,"East TN",2455501,27.2449491977401,0.0543115769414007,46.5892703770025,0.81449773386368,29.3626433057857,5.43115769414007
2020-04-27,1652,69,1633,68,19,1,1772,72,28431,915,30203,987,0,34,51,772,18,846,8,175,39,"East TN",2455501,29.0368442122402,0.058646139195302,40.1954631661726,2.8100171818297,31.439612527138,5.8646139195302
2020-04-28,1689,37,1667,34,22,3,1812,40,30605,2174,32417,2214,2,36,19,791,16,862,1,176,40,"East TN",2455501,26.2268270304105,0.0548882215548882,90.1648991387094,1.50682080764781,32.2133853743085,5.48882215548882
2020-04-29,1752,63,1729,62,23,1,1878,66,33354,2749,35232,2815,1,37,39,830,23,885,6,182,41,"East TN",2455501,20.5660677800579,0.0434818687245872,114.640556041313,2.56566786167059,33.8016559553427,4.34818687245872
2020-04-30,1774,22,1750,21,24,1,1900,22,33903,549,35803,571,0,37,-1,829,23,908,1,183,41,"East TN",2455501,11.4844180474779,0.0265353212637558,23.2539103018081,0.895947507250048,33.7609310686495,2.65353212637558
2020-05-01,1814,40,1786,36,28,4,1929,29,35565,1662,37494,1691,0,37,-16,813,56,964,0,183,41,"East TN",2455501,11.1586189539324,0.0268206734534064,68.8657833981741,1.62899546772736,33.1093328815586,2.68206734534064
2020-05-02,1835,21,1807,21,28,0,1966,37,37442,1877,39408,1914,0,37,-107,706,128,1092,2,185,41,"East TN",2455501,11.077169180546,0.0257586450247001,77.9474331307542,0.855222620556864,28.7517700053879,2.57586450247001
2020-05-03,1873,38,1840,33,33,5,2003,37,39562,2120,41565,2157,0,37,-20,686,58,1150,3,188,43,"East TN",2455501,11.8102171410234,0.0245363997084784,87.8435805971979,1.54754569434099,27.9372722715242,2.45363997084784
2020-05-04,1920,47,1884,44,36,3,2060,57,41508,1946,43568,2003,0,37,-312,374,359,1509,1,189,43,"East TN",2455501,10.9142696337733,0.0215488215488215,81.5719480464475,1.91406967457965,15.2311076232508,2.15488215488215
2020-05-05,1948,28,1911,27,37,1,2092,32,44418,2910,46510,2942,2,39,-45,329,71,1580,1,190,43,"East TN",2455501,10.5477456535347,0.0198680195841907,119.812616651347,1.14029682740915,13.3984877220575,1.98680195841907
2020-05-06,1985,37,1948,37,37,0,2135,43,45462,1044,47597,1087,1,40,7,336,29,1609,0,190,43,"East TN",2455501,9.48889859951187,0.0207844723008492,44.267951835491,1.50682080764781,13.6835619289098,2.07844723008492
2020-05-07,2028,43,1989,41,39,2,2183,48,46853,1391,49036,1439,0,40,19,355,24,1633,4,194,47,"East TN",2455501,10.3441212200687,0.0213859291166024,58.6031119514918,1.75117012780691,14.4573347760803,2.13859291166024
2020-05-08,2047,19,2008,19,39,0,2219,36,48523,1670,50742,1706,1,41,-15,340,33,1666,0,194,48,"East TN",2455501,9.48889859951187,0.0218900966183575,69.4766566985719,0.773772847170496,13.8464614756826,2.18900966183575
2020-05-09,2063,16,2022,14,41,2,2237,18,51342,2819,53579,2837,0,41,-33,307,49,1715,1,195,49,"East TN",2455501,9.28527416604595,0.0191235622045022,115.536503548563,0.651598187090944,12.5025402148075,1.91235622045022
2020-05-10,2079,16,2037,15,42,1,2256,19,53906,2564,56162,2583,1,42,-27,280,42,1757,3,198,49,"East TN",2455501,8.3893266587959,0.0173323285606631,105.192382328494,0.651598187090944,11.4029682740915,1.73323285606631
2020-05-11,2140,61,2097,60,43,1,2307,51,55477,1571,57784,1622,3,45,13,293,45,1802,4,202,51,"East TN",2455501,8.95947507250048,0.0173747889701744,66.0557662163444,2.48421808828422,11.9323918011029,1.73747889701745
2020-05-12,2193,53,2150,53,43,0,2373,66,59032,3555,61405,3621,3,48,30,323,20,1822,3,205,51,"East TN",2455501,9.97759723983008,0.0188653910708291,147.464814716019,2.15841899473875,13.1541384018984,1.88653910708291
2020-05-13,2247,54,2201,51,46,3,2425,52,60657,1625,63082,1677,0,48,18,341,36,1858,7,212,53,"East TN",2455501,10.6699203136142,0.0187278010978366,68.2956349844696,2.19914388143194,13.8871863623757,1.87278010978366
2020-05-14,2278,31,2232,31,46,0,2470,45,62365,1708,64835,1753,1,49,-1,340,31,1889,2,214,54,"East TN",2455501,10.181221673296,0.0181657066902969,71.3907263731516,1.2624714874887,13.8464614756826,1.81657066902969
2020-05-15,2306,28,2260,28,46,0,2507,37,64685,2320,67192,2357,1,50,-21,319,48,1937,4,218,54,"East TN",2455501,10.5477456535347,0.0175075987841945,95.9885579358347,1.14029682740915,12.9912388551257,1.75075987841945
2020-05-16,2316,10,2270,10,46,0,2525,18,67455,2770,69980,2788,1,51,-28,291,37,1974,1,219,54,"East TN",2455501,10.3033963333756,0.0175599048838485,113.540984100597,0.40724886693184,11.8509420277165,1.75599048838485
2020-05-17,2396,80,2350,80,46,0,2604,79,69682,2227,72286,2306,0,51,59,350,21,1995,4,223,56,"East TN",2455501,12.9097890817393,0.0215827338129496,93.9115887144823,3.25799093545472,14.2537103426144,2.15827338129496
2020-05-18,2445,49,2398,48,47,1,2665,61,71560,1878,74225,1939,0,51,8,358,41,2036,3,226,56,"East TN",2455501,12.4210904414211,0.0217748312146463,78.9655552980838,1.99551944796602,14.5795094361599,2.17748312146463
2020-05-19,2486,41,2438,40,48,1,2705,40,72684,1124,75389,1164,1,52,-6,352,46,2082,3,229,56,"East TN",2455501,11.9323918011029,0.0237414187643021,47.4037681108662,1.66972035442054,14.3351601160008,2.37414187643021
2020-05-20,2528,42,2480,42,48,0,2750,45,74424,1740,77174,1785,0,52,13,365,29,2111,3,232,56,"East TN",2455501,11.4436931607847,0.0230627306273063,72.6939227473334,1.71044524111373,14.8645836430122,2.30627306273063
2020-05-21,2769,241,2720,240,49,1,2988,238,75886,1462,78874,1700,0,52,211,576,30,2141,4,236,57,"East TN",2455501,19.9959193663533,0.0368972149013463,69.2323073784128,9.81469769305734,23.457534735274,3.68972149013463
2020-05-22,2860,91,2808,88,52,3,3066,78,77411,1525,80477,1603,0,52,40,616,51,2192,6,242,57,"East TN",2455501,22.5615872280239,0.0420775310500565,65.2819933691739,3.70596468907974,25.0865302030013,4.20775310500565
2020-05-23,2926,66,2870,62,56,4,3157,91,79626,2215,82783,2306,2,54,36,652,28,2220,6,248,58,"East TN",2455501,24.8421808828422,0.0493634304459892,93.9115887144823,2.68784252175014,26.552626123956,4.93634304459892
2020-05-24,2978,52,2922,52,56,0,3227,70,81746,2120,84973,2190,0,54,26,678,26,2246,0,248,59,"East TN",2455501,23.7018840554331,0.0491053834633877,89.187501858073,2.11769410804557,27.6114731779788,4.91053834633877
2020-05-25,3062,84,3005,83,57,1,3321,94,84396,2650,87717,2744,1,55,42,720,41,2287,2,250,59,"East TN",2455501,25.1272550896945,0.0486214052772013,111.749089086097,3.42089048222746,29.3219184190925,4.86214052772013
2020-05-26,3123,61,3057,52,66,9,3377,56,86782,2386,90159,2442,1,56,15,735,45,2332,3,253,59,"East TN",2455501,25.9417528235582,0.0454976303317536,99.4501733047553,2.48421808828422,29.9327917194902,4.54976303317536
2020-05-27,3199,76,3130,73,69,3,3444,67,88649,1867,92093,1934,0,56,40,775,36,2368,8,261,59,"East TN",2455501,27.3263989711265,0.0465178631275555,78.7619308646179,3.09509138868198,31.5617871872176,4.65178631275555
2020-05-28,3273,74,3204,74,69,0,3511,67,90048,1399,93559,1466,0,56,14,789,60,2428,1,262,59,"East TN",2455501,20.5253428933647,0.0356145726932244,59.7026838922077,3.01364161529562,32.1319356009222,3.56145726932244
2020-05-29,3348,75,3278,74,70,1,3594,83,91326,1278,94920,1361,0,56,10,799,65,2493,4,266,59,"East TN",2455501,19.8737447062738,0.0365575019040366,55.4265707894234,3.0543665019888,32.539184467854,3.65575019040366
2020-05-30,3421,73,3350,72,71,1,3675,81,93571,2245,97246,2326,0,56,-1,798,74,2567,4,270,60,"East TN",2455501,20.1588189131261,0.0358155292816152,94.726086448346,2.97291672860243,32.4984595811608,3.58155292816152
2020-05-31,3533,112,3460,110,73,2,3769,94,96354,2783,100123,2877,0,56,71,869,41,2608,1,271,61,"East TN",2455501,22.6023121147171,0.0357755775577558,117.16549901629,4.56118730963661,35.3899265363769,3.57755775577558
2020-06-01,3629,96,3553,93,76,3,3903,134,100186,3832,104089,3966,0,56,-169,700,265,2873,5,276,61,"East TN",2455501,23.0910107550353,0.0355484974346445,161.514900625168,3.90958912254566,28.5074206852288,3.55484974346445
2020-06-02,3736,107,3658,105,78,2,4018,115,104246,4060,108264,4175,1,57,16,716,90,2963,3,279,65,"East TN",2455501,24.9643555429218,0.0354045843689589,170.026401944043,4.35756287617069,29.1590188723197,3.54045843689589
2020-06-03,3786,50,3708,50,78,0,4068,50,106176,1930,110244,1980,0,57,-65,651,115,3078,4,283,66,"East TN",2455501,23.905508488899,0.0343782711696325,80.6352756525043,2.0362443346592,26.5119012372628,3.43782711696325
2020-06-04,3837,51,3757,49,80,2,4129,61,107724,1548,111853,1609,6,63,-37,614,82,3160,5,288,67,"East TN",2455501,22.9688360949558,0.0337815677271236,65.526342689333,2.07696922135238,25.005080429615,3.37815677271236
2020-06-05,3936,99,3852,95,84,4,4211,82,109880,2156,114091,2238,1,64,-43,571,141,3301,4,292,68,"East TN",2455501,23.9462333755922,0.0321840279588963,91.1422964193458,4.03176378262522,23.2539103018081,3.21840279588963
2020-06-06,3989,53,3902,50,87,3,4286,75,112985,3105,117271,3180,1,65,-14,557,66,3367,4,296,68,"East TN",2455501,23.1317356417285,0.0305118601747815,129.505139684325,2.15841899473875,22.6837618881035,3.05118601747815
2020-06-07,4047,58,3958,56,89,2,4367,81,116949,3964,121316,4045,0,65,-8,549,66,3433,6,302,69,"East TN",2455501,20.9325917602966,0.0282168640588874,164.732166673929,2.36204342820467,22.357962794558,2.82168640588874
2020-06-08,4207,160,4114,156,93,4,4524,157,119900,2951,124424,3108,0,65,75,624,85,3518,6,308,69,"East TN",2455501,23.5389845086604,0.0305384804524219,126.572947842416,6.51598187090944,25.4123292965468,3.05384804524219
2020-06-09,4315,108,4221,107,94,1,4642,118,122227,2327,126869,2445,1,66,-35,589,142,3660,7,315,70,"East TN",2455501,23.5797093953535,0.0335393711367912,99.5723479648349,4.39828776286387,23.9869582622854,3.35393711367912
2020-06-10,4392,77,4295,74,97,3,4716,74,125065,2838,129781,2912,0,66,-63,526,140,3800,6,321,70,"East TN",2455501,24.6792813360695,0.0331678353892614,118.590870050552,3.13581627537517,21.4212904006148,3.31678353892614
2020-06-11,4656,264,4557,262,99,2,4996,280,127356,2291,132352,2571,1,67,149,675,114,3914,8,329,70,"East TN",2455501,33.3536822017177,0.0422947460851749,104.703683688176,10.7513700870006,27.4892985178992,4.22947460851749
2020-06-12,4827,171,4727,170,100,1,5168,172,129983,2627,135151,2799,2,69,24,699,145,4059,3,332,71,"East TN",2455501,36.2858740436269,0.0454415954415954,113.988957854222,6.96395562453446,28.4666957985356,4.54415954415954
2020-06-13,4975,148,4871,144,104,4,5336,168,132174,2191,137510,2359,0,69,50,749,98,4157,4,336,72,"East TN",2455501,40.1547382794794,0.051880033598498,96.0700077092211,6.02728323059123,30.5029401331948,5.1880033598498
2020-06-14,5091,116,4986,115,105,1,5471,135,136044,3870,141515,4005,0,69,30,779,86,4243,4,340,73,"East TN",2455501,42.5167817076841,0.0546561710975791,163.103171206202,4.72408685640934,31.7246867339903,5.46561710975791
2020-06-15,5274,183,5158,172,116,11,5650,179,139218,3174,144868,3353,0,69,58,837,125,4368,9,349,78,"East TN",2455501,43.4534541016273,0.0550772842887889,136.550545082246,7.45265426485267,34.086730162195,5.50772842887889
2020-06-16,5428,154,5310,152,118,2,5808,158,141018,1800,146826,1958,3,72,64,901,87,4455,4,353,81,"East TN",2455501,45.3267988895138,0.0584256150724057,79.7393281452543,6.27163255075034,36.6931229105588,5.84256150724057
2020-06-17,5561,133,5440,130,121,3,5930,122,142459,1441,148389,1563,3,75,-6,895,136,4591,6,359,83,"East TN",2455501,47.6073925443321,0.0652407566638005,63.6529979014466,5.41640993019347,36.4487735903997,6.52407566638005
2020-06-18,5739,178,5617,177,122,1,6136,206,146050,3591,152186,3797,1,76,42,937,135,4726,10,369,83,"East TN",2455501,44.1050522887183,0.0574770595946355,154.63239477402,7.24902983138675,38.1592188315134,5.74770595946355
2020-06-19,5874,135,5748,131,126,4,6254,118,147514,1464,153768,1582,4,80,22,959,109,4835,12,381,84,"East TN",2455501,42.6389563677636,0.0583337809528925,64.4267707486171,5.49785970357984,39.0551663387635,5.83337809528925
2020-06-20,5940,66,5813,65,127,1,6349,95,149689,2175,156038,2270,0,80,-44,915,110,4945,6,387,84,"East TN",2455501,39.2995156589226,0.0546740069084629,92.4454927935277,2.68784252175014,37.2632713242634,5.46740069084629
2020-06-21,6028,88,5900,87,128,1,6468,119,153039,3350,159507,3469,1,81,0,915,87,5032,3,390,87,"East TN",2455501,38.1592188315134,0.0554135171187194,141.274631938655,3.58379002900019,37.2632713242634,5.54135171187194
2020-06-22,6224,196,6089,189,135,7,6666,198,156449,3410,163115,3608,1,82,43,958,152,5184,7,397,88,"East TN",2455501,38.6886423585248,0.0556803858168466,146.935391189008,7.98207779186406,39.0144414520703,5.56803858168466
2020-06-23,6414,190,6273,184,141,6,6850,184,158254,1805,165104,1989,4,86,57,1015,129,5313,15,412,88,"East TN",2455501,40.1547382794794,0.0570084254294781,81.001799632743,7.73772847170496,41.3357599935818,5.70084254294781
2020-06-24,6592,178,6449,176,143,2,7033,183,159885,1631,166918,1814,2,88,37,1052,139,5452,9,421,88,"East TN",2455501,41.9873581806727,0.0595283069782503,73.8749444614358,7.24902983138675,42.8425808012296,5.95283069782503
2020-06-25,6761,169,6609,160,152,9,7217,184,163059,3174,170276,3358,0,88,22,1074,147,5599,8,429,88,"East TN",2455501,41.620834200434,0.0597567716970702,136.754169515712,6.8825058511481,43.7385283084796,5.97567716970702
2020-06-26,6975,214,6813,204,162,10,7389,172,164648,1589,172037,1761,1,89,67,1141,146,5745,16,445,88,"East TN",2455501,44.8381002491956,0.0621271005528491,71.716525466697,8.71512575234138,46.4670957169229,6.21271005528491
2020-06-27,7049,74,6882,69,167,5,7435,46,164857,209,172292,255,-1,88,-52,1089,127,5872,5,450,90,"East TN",2455501,45.1638993427411,0.0668143226282761,10.3848461067619,3.01364161529562,44.3494016088774,6.68143226282761
2020-06-28,7176,127,7007,125,169,2,7606,171,167946,3089,175552,3260,0,88,30,1119,97,5969,5,455,91,"East TN",2455501,46.7521699237752,0.0709255219694609,132.76313061978,5.17206061003437,45.5711482096729,7.09255219694609
2020-06-29,7519,343,7348,341,171,2,7946,340,173214,5268,181160,5608,1,89,147,1266,195,6164,22,477,92,"East TN",2455501,52.7387282676733,0.0709337766694375,228.385164575376,13.9686361357621,51.5577065535709,7.09337766694375
2020-06-30,7789,270,7614,266,175,4,8394,448,179502,6288,187896,6736,0,89,100,1366,170,6334,22,499,93,"East TN",2455501,55.996719203128,0.0677430677430677,274.322836765287,10.9957194071597,55.6301952228893,6.77430677430677
2020-07-01,8064,275,7886,272,178,3,8728,334,182706,3204,191434,3538,0,89,66,1432,209,6543,17,516,96,"East TN",2455501,59.9470332123668,0.0691385217816936,144.084649120485,11.1993438406256,58.3180377446395,6.91385217816936
2020-07-02,8544,480,8361,475,183,5,9334,606,189089,6383,198423,6989,2,91,314,1746,164,6707,24,540,99,"East TN",2455501,72.6124729739471,0.0752122783955661,284.626233098663,19.5479456127283,71.1056521662993,7.52122783955661
2020-07-03,8770,226,8581,220,189,6,9562,228,192445,3356,202007,3584,5,96,24,1770,197,6904,14,554,100,"East TN",2455501,73.1011716142653,0.0725058391725058,145.957993908371,9.20382439265958,72.0830494469357,7.25058391725058
2020-07-04,8990,220,8799,218,191,2,9842,280,197209,4764,207051,5044,2,98,77,1847,141,7045,14,568,106,"East TN",2455501,79.0470050714701,0.0692482522512155,205.41632848042,8.95947507250048,75.2188657223108,6.92482522512155
2020-07-05,9310,320,9118,319,192,1,10210,368,201057,3848,211267,4216,2,100,163,2010,155,7200,11,579,109,"East TN",2455501,86.9069082032546,0.0729105417891642,171.696122298464,13.0319637418189,81.8570222532998,7.29105417891642
2020-07-06,9544,234,9341,223,203,11,10420,210,202688,1631,213108,1841,4,104,-51,1959,281,7481,26,605,109,"East TN",2455501,82.4678955536976,0.0774383372981094,74.9745164021517,9.52962348620506,79.7800530319474,7.74383372981094
2020-07-07,9991,447,9780,439,211,8,10986,566,208966,6278,219952,6844,0,104,158,2117,289,7770,31,636,110,"East TN",2455501,89.6762004983912,0.080858497629149,278.721124528151,18.2040243518532,86.2145851294705,8.0858497629149
2020-07-08,10372,381,10151,371,221,10,11420,434,213137,4171,224557,4605,1,105,61,2178,319,8089,20,656,110,"East TN",2455501,93.9930384878687,0.081272831567189,187.538103222112,15.5161818301031,88.6988032177547,8.1272831567189
2020-07-09,10821,449,10586,435,235,14,11892,472,219088,5951,230980,6423,1,106,149,2327,299,8388,24,680,113,"East TN",2455501,92.73056700038,0.078569892803391,261.575947230321,18.2854741252396,94.7668113350392,7.8569892803391
2020-07-10,11288,467,11041,455,247,12,12345,453,222372,3284,234717,3737,0,106,141,2468,326,8714,27,707,115,"East TN",2455501,102.545264693437,0.0850810149801284,152.188901572429,19.0185220857169,100.509020358778,8.50810149801284
2020-07-11,11594,306,11340,299,254,7,12767,422,226850,4478,239617,4900,5,111,44,2512,257,8971,22,729,120,"East TN",2455501,106.047604949051,0.0898176011791439,199.551944796602,12.4618153281143,102.300915373278,8.98176011791439
2020-07-12,12064,470,11802,462,262,8,13400,633,232780,5930,246180,6563,1,112,222,2734,247,9218,24,753,125,"East TN",2455501,112.156337953029,0.091369976799473,267.277431367367,19.1406967457965,111.341840219165,9.1369976799473
2020-07-13,12418,354,12143,341,275,13,13743,343,236214,3434,249957,3777,3,115,-119,2615,470,9688,18,771,129,"East TN",2455501,117.043324356211,0.0901788379603246,153.817897040156,14.4166098893871,106.495578702676,9.01788379603246
2020-07-14,12934,516,12652,509,282,7,14327,584,240702,4488,255029,5072,4,119,78,2693,434,10122,34,805,133,"East TN",2455501,119.853341538041,0.0952475981412321,206.556625307829,21.0140415336829,109.672119864745,9.52475981412321
2020-07-15,13314,380,13026,374,288,6,14710,383,243799,3097,258509,3480,6,125,-105,2588,479,10601,24,829,140,"East TN",2455501,119.812616651347,0.0969015080113101,141.72260569228,15.4754569434099,105.39600676196,9.69015080113101
2020-07-16,14141,827,13838,812,303,15,15807,1097,253633,9834,269440,10931,6,131,349,2937,472,11073,43,872,142,"East TN",2455501,135.206623821371,0.101794071762871,445.163736443194,33.6794812952632,119.608992217881,10.1794071762871
2020-07-17,14609,468,14291,453,318,15,16318,511,257953,4320,274271,4831,3,134,95,3032,370,11443,24,896,147,"East TN",2455501,135.247348708064,0.100444961318704,196.741927614772,19.0592469724101,123.477856453734,10.0444961318704
2020-07-18,15118,509,14785,494,333,15,16986,668,266044,8091,283030,8759,6,140,185,3217,318,11761,27,923,150,"East TN",2455501,143.51450070678,0.0971828714901067,356.709282545599,20.7289673268307,131.011960491973,9.71828714901067
2020-07-19,15599,481,15247,462,352,19,17546,560,270897,4853,288443,5413,0,140,76,3293,405,12166,25,948,154,"East TN",2455501,143.962474460405,0.0980999929015924,220.443811670205,19.5886704994215,134.107051880655,9.80999929015924
2020-07-20,16035,436,15668,421,367,15,17957,411,273354,2457,291311,2868,2,142,-270,3023,704,12870,29,977,158,"East TN",2455501,147.301915169247,0.10190066257194,116.798975036052,17.7560505982282,123.111332473495,10.190066257194
2020-07-21,17036,1001,16652,984,384,17,19169,1212,281731,8377,300900,9589,1,143,381,3404,619,13489,61,1038,161,"East TN",2455501,167.053485215441,0.105556887794031,390.510938500941,40.7656115798772,138.627514303598,10.5556887794031
2020-07-22,17620,584,17219,567,401,17,19823,654,285031,3300,304854,3954,4,147,-80,3324,660,14149,29,1067,166,"East TN",2455501,175.36136210085,0.110324738375229,161.02620198485,23.7833338288195,135.369523368144,11.0324738375229
2020-07-23,18415,795,17992,773,423,22,20822,999,295235,10204,316057,11203,4,151,242,3566,549,14698,50,1117,171,"East TN",2455501,174.058165726668,0.107578780273291,456.24090562374,32.3762849210813,145.224945947894,10.7578780273291
2020-07-24,19018,603,18582,590,436,13,21506,684,301044,5809,322550,6493,2,153,6,3572,595,15293,34,1151,177,"East TN",2455501,179.556025430248,0.107458729468299,264.426689298844,24.55710667599,145.469295268053,10.7458729468299
2020-07-25,19996,978,19547,965,449,13,22708,1202,310659,9615,333367,10817,10,163,550,4122,418,15711,28,1179,185,"East TN",2455501,198.655997289352,0.113673838329658,440.521099360171,39.8289391859339,167.867982949304,11.3673838329658
2020-07-26,20771,775,20307,760,464,15,23605,897,318182,7523,341787,8420,1,164,390,4512,384,16095,21,1200,192,"East TN",2455501,210.629113977148,0.113583533293341,342.903545956609,31.5617871872176,183.750688759646,11.3583533293341
2020-07-27,21417,646,20931,624,486,22,24311,706,322648,4466,346959,5172,6,170,-78,4434,718,16813,38,1238,196,"East TN",2455501,219.181340182716,0.114182001150086,210.629113977148,26.3082768037969,180.574147597578,11.4182001150086
2020-07-28,22232,815,21723,792,509,23,25284,973,330869,8221,356153,9194,7,177,170,4604,638,17451,50,1288,201,"East TN",2455501,211.606511257784,0.110672723653014,374.424608257134,33.190782654945,187.497378335419,11.0672723653014
2020-07-29,22575,343,22054,331,521,12,25600,316,332441,1572,358041,1888,5,182,-337,4267,675,18126,24,1312,210,"East TN",2455501,201.791813564727,0.108616767255156,76.8885860767314,13.9686361357621,173.773091519816,10.8616767255156
2020-07-30,23763,1188,23227,1173,536,15,26981,1381,344975,12534,371956,13915,5,187,673,4940,510,18636,42,1354,216,"East TN",2455501,217.796694035148,0.110180861911662,566.686798335655,48.3811653915026,201.180940264329,11.0180861911662
2020-07-31,24385,622,23833,606,552,16,27635,654,348943,3968,376578,4622,6,193,80,5020,536,19172,25,1379,225,"East TN",2455501,218.570466882319,0.113441178648108,188.230426295896,25.3308795231604,204.438931199784,11.3441178648108
2020-08-01,24944,559,24375,542,569,17,28271,636,355917,6974,384188,7610,1,194,152,5172,406,19578,16,1395,228,"East TN",2455501,201.506739357874,0.109462623718542,309.91638773513,22.7652116614899,210.629113977148,10.9462623718542
2020-08-02,25375,431,24795,420,580,11,28755,484,359715,3798,388470,4282,4,198,49,5221,378,19956,19,1414,233,"East TN",2455501,187.497378335419,0.110318531371163,174.383964820214,17.5524261647623,212.624633425114,11.0318531371163
2020-08-03,26001,626,25403,608,598,18,29463,708,363859,4144,393322,4852,3,201,-43,5178,666,20622,33,1447,241,"East TN",2455501,186.682880601555,0.111123093846386,197.597150235329,25.4937790699332,210.873463297307,11.1123093846386
2020-08-04,26487,486,25869,466,618,20,29989,526,369230,5371,399219,5897,6,207,-219,4959,699,21321,33,1480,250,"East TN",2455501,173.284392879498,0.109250917196861,240.154656829706,19.7922949328874,201.954713111499,10.9250917196861
2020-08-05,26955,468,26329,460,626,8,30510,521,373443,4213,403953,4734,9,216,-225,4734,684,22005,19,1499,256,"East TN",2455501,178.375003716146,0.106943718417843,192.791613605533,19.0592469724101,192.791613605533,10.6943718417843
2020-08-06,27686,731,27022,693,664,38,31362,852,380513,7070,411875,7922,7,223,201,4935,523,22528,36,1535,262,"East TN",2455501,159.763730497361,0.109747238157268,322.622552383404,29.7698921727175,200.977315830863,10.9747238157268
2020-08-07,28241,555,27563,541,678,14,31981,619,384483,3970,416464,4589,6,229,38,4973,511,23039,34,1569,275,"East TN",2455501,157.035163088917,0.108960537531966,186.886505035021,22.6023121147171,202.524861525204,10.8960537531966
2020-08-08,28916,675,28226,663,690,12,32781,800,394559,10076,427340,10876,8,237,289,5262,378,23417,19,1588,285,"East TN",2455501,161.759249945327,0.104514275120504,442.923867675069,27.4892985178992,214.294353779534,10.4514275120504
2020-08-09,29444,528,28742,516,702,12,33415,634,398860,4301,432275,4935,2,239,115,5377,411,23828,19,1607,292,"East TN",2455501,165.709563954566,0.106380550165506,200.977315830863,21.5027401740012,218.97771574925,10.6380550165506
2020-08-10,29747,303,29034,292,713,11,33743,328,401149,2289,434892,2617,3,242,-478,4899,778,24606,26,1633,296,"East TN",2455501,152.555425552667,0.102958864565793,106.577028476063,12.3396406680348,199.511219909908,10.2958864565793
2020-08-11,30359,612,29629,595,730,17,34428,685,407249,6100,441677,6785,17,259,-7,4892,602,25208,28,1661,301,"East TN",2455501,157.686761276008,0.104550379198267,276.318356213253,24.9236306562286,199.226145703056,10.4550379198267
2020-08-12,30804,445,30053,424,751,21,34902,474,410998,3749,445900,4223,6,265,-251,4641,690,25898,25,1686,306,"East TN",2455501,156.750088882065,0.104703554485422,171.981196505316,18.1225745784669,189.004199143067,10.4703554485422
2020-08-13,31621,817,30857,804,764,13,36019,1117,419560,8562,455579,9679,6,271,202,4843,609,26507,44,1730,313,"East TN",2455501,160.252429137679,0.106557752150833,394.176178303328,33.2722324283313,197.23062625509,10.6557752150833
2020-08-14,32082,461,31289,432,793,29,36553,534,424216,4656,460769,5190,4,275,-142,4701,599,27106,18,1748,320,"East TN",2455501,156.42428978852,0.103193770454802,211.362161937625,18.7741727655578,191.447692344658,10.3193770454802
2020-08-15,32732,650,31927,638,805,12,37430,877,431149,6933,468579,7810,4,279,216,4917,430,27536,17,1765,329,"East TN",2455501,155.40616762119,0.11273309246102,318.061365073767,26.4711763505696,200.244267870386,11.273309246102
2020-08-16,33206,474,32390,463,816,11,38023,593,436615,5466,474638,6059,2,281,110,5027,362,27898,10,1775,338,"East TN",2455501,153.207023739758,0.108774166135543,246.752088474002,19.3035962925692,204.724005406636,10.8774166135543
2020-08-17,33479,273,32593,203,886,70,38250,227,438087,1472,476337,1699,8,289,-397,4630,662,28560,12,1787,344,"East TN",2455501,151.985277138963,0.108746531547834,69.1915824917196,11.1178940672392,188.556225389442,10.8746531547834
2020-08-18,34109,630,33158,565,951,65,39062,812,448684,10597,487746,11409,8,297,52,4682,570,29130,22,1809,347,"East TN",2455501,152.71832509944,0.100588248062689,464.630232282536,25.6566786167059,190.673919497487,10.0588248062689
2020-08-19,34564,455,33592,434,972,21,39559,497,453468,4784,493027,5281,7,304,-113,4569,561,29691,22,1831,354,"East TN",2455501,153.125573966372,0.0988180872960299,215.068126626705,18.5298234453987,186.072007301158,9.88180872960299
2020-08-20,35342,778,34349,757,993,21,40433,874,465006,11538,505439,12412,6,310,263,4832,509,30200,26,1857,362,"East TN",2455501,151.537303385338,0.088527878058564,505.4772936358,31.6839618472971,196.782652501465,8.8527878058564
2020-08-21,35551,209,34546,197,1005,12,40646,213,467457,2451,508103,2664,17,327,-321,4511,513,30713,17,1874,369,"East TN",2455501,141.274631938655,0.0864706130899565,108.491098150642,8.51150131887546,183.709963872953,8.64706130899565
2020-08-22,36421,870,35404,858,1017,12,41619,973,480824,13367,522443,14340,2,329,454,4965,414,31127,20,1894,376,"East TN",2455501,150.234107011156,0.0777699391058963,583.994875180259,35.4306514230701,202.199062431659,7.77699391058963
2020-08-23,36674,253,35646,242,1028,11,41873,254,485931,5107,527804,5361,0,329,-94,4871,347,31474,20,1914,381,"East TN",2455501,141.233907051962,0.072414701124779,218.326117562159,10.3033963333756,198.370923082499,7.2414701124779
2020-08-24,36866,192,35821,175,1045,17,42071,198,487274,1343,529345,1541,8,337,-486,4385,670,32144,15,1929,391,"East TN",2455501,137.935191229814,0.0720834591005131,62.7570503941965,7.81917824509133,178.578628149612,7.20834591005131
2020-08-25,37480,614,36410,589,1070,25,42756,685,497010,9736,539766,10421,16,353,119,4504,479,32623,22,1951,399,"East TN",2455501,137.283593042723,0.0710111495578624,424.39404422967,25.005080429615,183.424889666101,7.10111495578624
2020-08-26,37826,346,36730,320,1096,26,43141,385,500972,3962,544113,4347,6,359,-207,4297,547,33170,11,1962,407,"East TN",2455501,132.844580393166,0.070117057510864,177.031082455271,14.0908107958417,174.994838120612,7.0117057510864
2020-08-27,38687,861,37574,844,1113,17,44117,976,511262,10290,555379,11266,8,367,387,4684,466,33636,29,1991,413,"East TN",2455501,136.2247459887,0.073768522226672,458.806573485411,35.0641274428314,190.755369270874,7.3768522226672
2020-08-28,39021,334,37888,314,1133,20,44455,338,513870,2608,558325,2946,12,379,-182,4502,504,34140,10,2001,419,"East TN",2455501,141.315356825348,0.0758432559436104,119.97551619812,13.6021121555235,183.343439892714,7.58432559436104
2020-08-29,39472,451,38323,435,1149,16,44983,528,520389,6519,565372,7047,8,387,61,4563,382,34522,16,2017,428,"East TN",2455501,124.251629300904,0.0783619464697524,286.988276526868,18.366923898626,185.827657980999,7.83619464697524
2020-08-30,39735,263,38575,252,1160,11,45250,267,522270,1881,567520,2148,8,395,-55,4508,310,34832,14,2031,431,"East TN",2455501,124.658878167836,0.0850287037969584,87.4770566169592,10.7106452003074,183.587789212873,8.50287037969584
2020-08-31,40142,407,38953,378,1189,29,45700,450,525756,3486,571456,3936,2,397,-133,4375,538,35370,16,2047,436,"East TN",2455501,133.414728806871,0.0861770083826079,160.293154024372,16.5750288841259,178.17137928268,8.61770083826079
2020-09-01,40749,607,39518,565,1231,42,46374,674,531421,5665,577795,6339,6,403,105,4480,496,35866,28,2075,445,"East TN",2455501,133.129654600018,0.0951379210602435,258.155056748093,24.7200062227627,182.447492385464,9.51379210602435
2020-09-02,41237,488,39977,459,1260,29,46827,453,536214,4793,583041,5246,7,410,22,4502,459,36325,22,2097,452,"East TN",2455501,138.912588510451,0.0946876284422524,213.642755592443,19.8737447062738,183.343439892714,9.46876284422524
2020-09-03,41792,555,40499,522,1293,33,47474,647,544471,8257,591945,8904,6,416,-39,4463,588,36913,22,2119,455,"East TN",2455501,126.450773182336,0.091806596291637,362.61439111611,22.6023121147171,181.75516931168,9.1806596291637
2020-09-04,42149,357,40842,343,1307,14,47822,348,547803,3332,595625,3680,7,423,-40,4423,390,37303,11,2130,456,"East TN",2455501,127.38744557628,0.0902680965147453,149.867583030917,14.5387845494667,180.126173843953,9.02680965147453
2020-09-05,43147,998,41825,983,1322,15,48912,1090,557121,9318,606033,10408,1,424,640,5063,357,37660,26,2156,462,"East TN",2455501,149.663958597451,0.0966282186862104,423.864620702659,40.6434369197976,206.190101327591,9.66282186862104
2020-09-06,43410,263,42072,247,1338,16,49180,268,559749,2628,608929,2896,0,424,-50,5013,313,37973,9,2165,476,"East TN",2455501,149.663958597451,0.0949069042961675,117.939271863461,10.7106452003074,204.153856992931,9.49069042961675
2020-09-07,43614,204,42269,197,1345,7,49417,237,561085,1336,610502,1573,3,427,-342,4671,543,38516,13,2178,480,"East TN",2455501,141.396806598735,0.0951954105414127,64.0602467683784,8.30787688540954,190.225945743862,9.51954105414127
2020-09-08,43925,311,42558,289,1367,22,49737,320,564511,3426,614248,3746,7,434,-303,4368,607,39123,24,2202,487,"East TN",2455501,129.342240137552,0.0922557814171673,152.555425552667,12.6654397615802,177.886305075828,9.22557814171673
2020-09-09,44259,334,42875,317,1384,17,50112,375,569657,5146,619769,5521,6,440,-160,4208,488,39611,16,2218,494,"East TN",2455501,123.070607586802,0.089441298192115,224.842099433069,13.6021121555235,171.370323204918,8.9441298192115
2020-09-10,44934,675,43513,638,1421,37,50819,707,577468,7811,628287,8518,18,458,194,4402,463,40074,39,2257,505,"East TN",2455501,127.957593989984,0.0920422651477629,346.894584852541,27.4892985178992,179.270951223396,9.20422651477629
2020-09-11,45260,326,43816,303,1444,23,51174,355,581627,4159,632801,4514,17,475,-206,4196,515,40589,26,2283,516,"East TN",2455501,126.695122502495,0.0901656982999785,183.832138533033,13.276313061978,170.8816245646,9.01656982999785
2020-09-12,45679,419,44217,401,1462,18,51686,512,588613,6986,640299,7498,10,485,92,4288,317,40906,14,2297,527,"East TN",2455501,103.115413107142,0.080954882390708,305.355200425494,17.0637275244441,174.628314140373,8.0954882390708
2020-09-13,46120,441,44638,421,1482,20,52189,503,594186,5573,646375,6076,2,487,51,4339,388,41294,21,2318,532,"East TN",2455501,110.364442938529,0.0803557122256049,247.444411547786,17.9596750316941,176.705283361725,8.03557122256049
2020-09-14,46564,444,45067,429,1497,15,52674,485,599159,4973,651833,5458,9,496,-150,4189,585,41879,23,2341,542,"East TN",2455501,120.138415744893,0.0788028356439476,222.276431571398,18.0818496917737,170.596550357748,7.88028356439477
2020-09-15,47057,493,45523,456,1534,37,53214,540,607335,8176,660549,8716,7,503,-66,4123,552,42431,19,2360,545,"East TN",2455501,127.550345123052,0.0750955702900585,354.958112417792,20.0773691397397,167.908707835998,7.50955702900585
2020-09-16,47410,353,45833,310,1577,43,53608,394,610748,3413,664356,3807,6,509,-175,3948,522,42953,17,2377,554,"East TN",2455501,128.324117970223,0.0784085047211071,155.039643640951,14.375885002694,160.78185266469,7.84085047211071
2020-09-17,47961,551,46352,519,1609,32,54185,577,617925,7177,672110,7754,8,517,119,4067,424,43377,21,2398,565,"East TN",2455501,123.274232020268,0.0768089815850124,315.780771418949,22.4394125679444,165.628114181179,7.68089815850124
2020-09-18,48495,534,46838,486,1657,48,54752,567,626040,8115,680792,8682,17,534,-29,4038,546,43923,29,2427,571,"East TN",2455501,131.74500845245,0.0745556458502636,353.573466270223,21.7470894941603,164.447092467077,7.45556458502636
2020-09-19,49003,508,47323,485,1680,23,55325,573,634394,8354,689719,8927,3,537,193,4231,312,44235,29,2456,573,"East TN",2455501,135.369523368144,0.0736341562120599,363.551063510054,20.6882424401375,172.306995598862,7.36341562120599
2020-09-20,49309,306,47604,281,1705,25,55654,329,639352,4958,695006,5287,1,538,-19,4212,324,44559,13,2469,584,"East TN",2455501,129.871663664564,0.0712508482243836,215.312475946864,12.4618153281143,171.533222751691,7.12508482243836
2020-09-21,49472,163,47737,133,1735,30,55806,152,640869,1517,696675,1669,3,541,-210,4002,370,44929,9,2478,589,"East TN",2455501,118.427970503779,0.0698452343784845,67.9698358909241,6.63815653098899,162.980996546122,6.98452343784845
2020-09-22,49932,460,48139,402,1793,58,56296,490,647019,6150,703315,6640,6,547,-55,3947,509,45438,28,2506,596,"East TN",2455501,117.084049242904,0.072066594958612,270.413247642742,18.7334478788646,160.741127777997,7.2066594958612
2020-09-23,50226,294,48393,254,1833,40,56578,282,649112,2093,705690,2375,8,555,-218,3729,504,45942,11,2517,605,"East TN",2455501,114.681280928006,0.0718536797793584,96.721605896312,11.9731166877961,151.863102478883,7.18536797793584
2020-09-24,50689,463,48835,442,1854,21,57059,481,656007,6895,713066,7376,11,566,-36,3693,488,46430,27,2544,610,"East TN",2455501,111.097490899006,0.070172868444184,300.386764248925,18.8556225389442,150.397006557929,7.0172868444184
2020-09-25,51143,454,49265,430,1878,24,57545,486,662679,6672,720224,7158,11,577,14,3707,429,46859,18,2562,616,"East TN",2455501,107.839499963551,0.070830797321972,291.508738949811,18.4890985587055,150.967154971633,7.0830797321972
2020-09-26,51700,557,49798,533,1902,24,58183,638,673235,10556,731418,11194,5,582,193,3900,359,47218,28,2590,623,"East TN",2455501,109.835019411517,0.0685388138804288,455.874381643502,22.6837618881035,158.827058103418,6.85388138804288
2020-09-27,52093,393,50163,365,1930,28,58589,406,679254,6019,737843,6425,3,585,91,3991,299,47517,29,2619,630,"East TN",2455501,113.378084553824,0.0685155356350818,261.657397003707,16.0048804704213,162.533022792497,6.85155356350818
2020-09-28,52327,234,50358,195,1969,39,58814,225,680941,1687,739755,1912,4,589,-315,3676,545,48062,13,2632,637,"East TN",2455501,116.26955150904,0.0698235840297122,77.8659833573678,9.52962348620506,149.704683484144,6.98235840297122
2020-09-29,52710,383,50698,340,2012,43,59211,397,686752,5811,745963,6208,9,598,-43,3633,417,48479,30,2662,639,"East TN",2455501,113.133735233665,0.0683502157193772,252.820096591286,15.5976316034895,147.953513356337,6.83502157193772
2020-09-30,53192,482,51148,450,2044,32,59687,476,690190,3438,749877,3914,6,604,79,3712,397,48876,21,2683,643,"East TN",2455501,120.790013931984,0.0703600606513228,159.397206517122,19.6293953861147,151.170779405099,7.03600606513228
2020-10-01,53580,388,51497,349,2083,39,60066,379,693470,3280,753536,3659,11,615,0,3712,377,49253,30,2713,648,"East TN",2455501,117.735647429995,0.0743019520632567,149.01236041036,15.8012560369554,151.170779405099,7.43019520632567
2020-10-02,54045,465,51934,437,2111,28,60529,463,697091,3621,757620,4084,2,617,24,3736,439,49692,17,2730,652,"East TN",2455501,118.18362118362,0.0797946304417585,166.320437254963,18.9370723123306,152.148176685735,7.97946304417585
2020-10-03,54450,405,52322,388,2128,17,61012,483,704551,7460,765563,7943,12,629,83,3819,310,50002,21,2751,658,"East TN",2455501,111.993438406256,0.082852540635525,323.477775003961,16.4935791107395,155.52834228127,8.2852540635525
2020-10-04,54905,455,52747,425,2158,30,61551,539,714674,10123,776225,10662,4,633,145,3964,306,50308,26,2777,670,"East TN",2455501,114.518381381233,0.0771715908498775,434.208741922728,18.5298234453987,161.433450851781,7.71715908498775
2020-10-05,55577,672,53360,613,2217,59,62303,752,721922,7248,784225,8000,5,638,153,4117,514,50822,38,2815,679,"East TN",2455501,132.355881752848,0.0784573870024736,325.799093545472,27.3671238578196,167.664358515839,7.84573870024736
2020-10-06,56327,750,54026,666,2301,84,63043,740,728562,6640,791605,7380,8,646,302,4419,440,51262,42,2857,688,"East TN",2455501,147.301915169247,0.0839577582051619,300.549663795698,30.543665019888,179.96327429718,8.39577582051619
2020-10-07,57064,737,54685,659,2379,78,63751,708,735315,6753,799066,7461,3,649,293,4712,441,51703,36,2893,694,"East TN",2455501,157.686761276008,0.0826200979893879,303.848379617846,30.0142414928766,191.895666098283,8.26200979893879
2020-10-08,57782,718,55342,657,2440,61,64429,678,741776,6461,806205,7139,10,659,266,4978,442,52145,31,2924,699,"East TN",2455501,171.125973884759,0.0828381021094002,290.734966102641,29.2404686457061,202.72848595867,8.28381021094002
2020-10-09,58323,541,55841,499,2482,42,64989,560,747255,5479,812244,6039,4,663,123,5101,414,52559,20,2944,706,"East TN",2455501,174.221065273441,0.0816490919742238,245.937590740138,22.0321637010125,207.737647021932,8.16490919742238
2020-10-10,58941,618,56428,587,2513,31,65658,669,755680,8425,821338,9094,12,675,252,5353,354,52913,19,2963,720,"East TN",2455501,182.895466139089,0.083298969072165,370.352119587815,25.1679799763877,218.000318468614,8.3298969072165
2020-10-11,59884,943,57340,912,2544,31,66687,1029,766108,10428,832795,11457,1,676,587,5940,355,53268,36,2999,727,"East TN",2455501,202.769210845363,0.0907901714689765,466.585026843809,38.4035681516725,241.905826957513,9.07901714689765
2020-10-12,60240,356,57626,286,2614,70,67004,317,769029,2921,836033,3238,6,682,-337,5603,687,53955,18,3017,738,"East TN",2455501,189.900146650317,0.0907388820259419,131.86718311253,14.4980596627735,228.18154014191,9.07388820259419
2020-10-13,60745,505,58079,453,2666,52,67488,484,773414,4385,840902,4869,9,691,7,5610,489,54444,22,3039,745,"East TN",2455501,179.922549410487,0.0901677586871412,198.289473309113,20.5660677800579,228.466614348762,9.01677586871412
2020-10-14,61620,875,58891,812,2729,63,68336,848,779600,6186,847936,7034,1,692,329,5939,545,54989,40,3079,752,"East TN",2455501,185.542583774146,0.0938203396766933,286.458852999856,35.634275856536,241.86510207082,9.38203396766933
2020-10-15,62129,509,59331,440,2798,69,68801,465,783754,4154,852555,4619,14,706,-67,5872,562,55551,19,3098,761,"East TN",2455501,177.031082455271,0.0943257820927724,188.108251635817,20.7289673268307,239.136534662376,9.43257820927724
2020-10-16,62768,639,59927,596,2841,43,69385,584,787843,4089,857228,4673,2,708,-135,5737,772,56323,21,3119,773,"East TN",2455501,181.022121351203,0.0977236350702472,190.307395517249,26.0232025969446,233.638674958797,9.77236350702472
2020-10-17,63486,718,60608,681,2878,37,70244,859,796627,8784,866871,9643,6,714,236,5973,476,56799,36,3155,780,"East TN",2455501,185.094610020521,0.100718160455055,392.710082382373,29.2404686457061,243.249748218388,10.0718160455055
2020-10-18,64291,805,61366,758,2925,47,71116,872,804737,8110,875853,8982,3,717,349,6322,453,57252,34,3189,788,"East TN",2455501,179.474575656862,0.102861256909285,365.790932278179,32.7835337880131,257.462733674309,10.2861256909285
2020-10-19,65039,748,62051,685,2988,63,71875,759,809636,4899,881511,5658,3,720,-19,6303,764,58016,65,3254,799,"East TN",2455501,195.43873124059,0.10710673292581,230.421408910035,30.4622152465016,256.688960827139,10.710673292581
2020-10-20,65725,686,62660,609,3065,77,72566,691,813254,3618,885820,4309,15,735,35,6338,636,58652,27,3281,812,"East TN",2455501,202.809935732056,0.113050447482078,175.48353676093,27.9372722715242,258.1143318614,11.3050447482078
2020-10-21,66319,594,63213,553,3106,41,73183,617,816998,3744,890181,4361,5,740,-128,6210,717,59369,24,3305,826,"East TN",2455501,191.366242571272,0.11473547165345,177.601230868975,24.1905826957513,252.901546364673,11.473547165345
2020-10-22,67449,1130,64248,1035,3201,95,74283,1100,825564,8566,899847,9666,10,750,440,6650,680,60049,42,3347,841,"East TN",2455501,216.656397207739,0.11591812568722,393.646754776317,46.0191219632979,270.820496509674,11.591812568722
2020-10-23,68420,971,65151,903,3269,68,75253,970,832680,7116,907933,8086,19,769,289,6939,663,60712,36,3383,849,"East TN",2455501,230.177059589876,0.11572823192979,329.301433801086,39.5438649790817,282.589988764004,11.572823192979
2020-10-24,69657,1237,66326,1175,3331,62,76580,1327,843206,10526,919786,11853,12,781,643,7582,582,61294,48,3431,866,"East TN",2455501,251.313275783638,0.11973920438439,482.71208197431,50.3766848394686,308.776090907721,11.973920438439
2020-10-25,70587,930,67199,873,3388,57,77627,1047,851084,7878,928711,8925,9,790,437,8019,484,61778,40,3471,877,"East TN",2455501,256.403886620286,0.123179083582428,363.469613736667,37.8741446246611,326.572866392642,12.3179083582428
2020-10-26,71049,462,67605,406,3444,56,78061,434,853839,2755,931900,3189,6,796,-449,7570,905,62683,20,3491,891,"East TN",2455501,244.756569026036,0.122764889162317,129.871663664564,18.814897652251,308.287392267403,12.2764889162317
2020-10-27,71890,841,68316,711,3574,130,78844,783,858224,4385,937068,5168,12,808,78,7648,751,63434,52,3543,915,"East TN",2455501,251.068926463479,0.122502341554792,210.466214430375,34.2496297089677,311.463933429471,12.2502341554792
2020-10-28,72887,997,69225,909,3662,88,79814,970,865442,7218,945256,8188,13,821,199,7847,785,64219,39,3582,929,"East TN",2455501,267.481055800833,0.120399455288243,333.455372243791,40.6027120331044,319.568185881415,12.0399455288243
2020-10-29,73794,907,70017,792,3777,115,80648,834,871945,6503,952593,7337,11,832,149,7996,747,64966,40,3622,941,"East TN",2455501,258.399406068252,0.120672657642286,298.798493667891,36.9374722307179,325.636193998699,12.0672657642286
2020-10-30,74694,900,70824,807,3870,93,81488,840,876803,4858,958291,5698,28,860,50,8046,822,65788,38,3660,957,"East TN",2455501,255.507939113036,0.123813495373128,232.050404377762,36.6523980238656,327.672438333358,12.3813495373128
2020-10-31,74708,14,70838,14,3870,0,81504,16,876824,21,958328,37,5,865,-603,7443,612,66400,0,3660,967,"East TN",2455501,205.701402687272,0.127756732914742,1.50682080764781,0.570148413704576,303.115331657368,12.7756732914742
2020-11-01,75215,507,71228,390,3987,117,81974,470,883392,6568,965366,7038,0,865,-139,7304,646,67046,26,3686,983,"East TN",2455501,188.474775616056,0.118592279361615,286.621752546629,20.6475175534443,297.454572407016,11.8592279361615
2020-11-02,76027,812,71972,744,4055,68,82751,777,887621,4229,970372,5006,11,876,-226,7078,1027,68073,37,3723,997,"East TN",2455501,202.72848595867,0.121906841339156,203.868782786079,33.0686079948654,288.250748014356,12.1906841339156
2020-11-03,77067,1040,72932,960,4135,80,83827,1076,894484,6863,978311,7939,31,907,32,7110,977,69050,26,3749,1010,"East TN",2455501,210.832738410614,0.120820502873215,323.314875457188,42.3538821609114,289.553944388538,12.0820502873215
2020-11-04,77977,910,73742,810,4235,100,84674,847,899369,4885,984043,5732,6,913,-6,7104,910,69960,34,3783,1034,"East TN",2455501,207.289673268307,0.125299713821641,233.435050525331,37.0596468907974,289.309595068379,12.5299713821641
2020-11-05,78555,578,74226,484,4329,94,85175,501,902032,2663,987207,3164,17,930,-369,6735,930,70890,27,3810,1048,"East TN",2455501,193.891185546249,0.130785231409256,128.853541497234,23.5389845086603,274.282111878594,13.0785231409256
2020-11-06,79521,966,75074,848,4447,118,86102,927,908442,6410,994544,7337,10,940,42,6777,914,71804,36,3846,1072,"East TN",2455501,196.579028067999,0.127272225746835,298.798493667891,39.3402405456157,275.992557119708,12.7272225746835
2020-11-07,80848,1327,76315,1241,4533,86,87521,1419,919364,10922,1006885,12341,21,961,649,7426,657,72461,48,3894,1082,"East TN",2455501,250.05080429615,0.12391622217188,502.585826680584,54.0419246418552,302.423008583584,12.391622217188
2020-11-08,82404,1556,77753,1438,4651,118,89186,1665,932267,12903,1021453,14568,3,964,889,8315,664,73125,50,3944,1099,"East TN",2455501,292.7712104373,0.128585946832599,593.280149346304,63.3679236945943,338.627432853825,12.8585946832599
2020-11-09,83025,621,78292,539,4733,82,89767,581,935719,3452,1025486,4033,9,973,-466,7849,1078,74203,18,3962,1109,"East TN",2455501,284.992757078902,0.127299778640636,164.243468033611,25.2901546364673,319.649635654801,12.7299778640636
2020-11-10,83964,939,79141,849,4823,90,90690,923,940721,5002,1031411,5925,27,1000,4,7853,908,75111,42,4004,1126,"East TN",2455501,280.87954352289,0.12924670433145,241.294953657115,38.2406686048998,319.812535201574,12.924670433145
2020-11-11,85267,1303,80239,1098,5028,205,91859,1169,947267,6546,1039126,7715,26,1026,382,8235,895,76006,51,4055,1139,"East TN",2455501,296.884423993311,0.130439518544742,314.192500837915,53.0645273612188,335.36944191837,13.0439518544742
2020-11-12,86104,837,80944,705,5160,132,92623,764,951483,4216,1044106,4980,15,1041,8,8243,814,76820,34,4089,1156,"East TN",2455501,307.432169646846,0.130898609817396,202.809935732056,34.086730162195,335.695241011916,13.0898609817396
2020-11-13,87565,1461,82232,1288,5333,173,93923,1300,957345,5862,1051268,7162,27,1068,528,8771,906,77726,46,4135,1172,"East TN",2455501,327.590988559972,0.137878146816162,291.671638496584,59.4990594587418,357.197981185917,13.7878146816162
2020-11-14,89042,1477,83624,1392,5418,85,95457,1534,966242,8897,1061699,10431,7,1075,919,9690,551,78277,50,4185,1201,"East TN",2455501,333.69972156395,0.1447805305214,424.801293096602,60.1506576458328,394.624152056953,14.47805305214
2020-11-15,90994,1952,85357,1733,5637,219,97416,1959,977416,11174,1074832,13133,7,1082,1338,11028,607,78884,53,4238,1218,"East TN",2455501,349.826776694451,0.154180482961464,534.839936941585,79.4949788250952,449.114050452433,15.4180482961464
2020-11-16,92519,1525,86755,1398,5764,127,98952,1536,985038,7622,1083990,9158,10,1092,171,11199,1344,80228,37,4275,1237,"East TN",2455501,386.642074265089,0.156997812115411,372.958512336179,62.1054522071056,456.078006076968,15.6997812115411
2020-11-17,93732,1213,87874,1119,5858,94,100173,1221,990183,5145,1090356,6366,31,1123,90,11289,1092,81320,42,4317,1264,"East TN",2455501,397.800693219021,0.160878785308338,259.254628688809,49.3992875588322,459.743245879354,16.0878785308338
2020-11-18,94931,1199,88828,954,6103,245,101207,1034,995325,5142,1096532,6176,14,1137,57,11346,1128,82448,52,4369,1278,"East TN",2455501,393.56530500293,0.162840121241682,251.516900217104,48.8291391451276,462.064564420866,16.2840121241682
2020-11-19,96011,1080,89705,877,6306,203,102064,857,999986,4661,1102050,5518,45,1182,-244,11102,1279,83727,50,4419,1297,"East TN",2455501,403.461452469374,0.162933176860417,224.719924772989,43.9828776286387,452.127692067729,16.2933176860417
2020-11-20,97137,1126,90668,963,6469,163,103087,1023,1004887,4901,1107974,5924,28,1210,-127,10975,1225,84952,33,4452,1322,"East TN",2455501,389.818615427157,0.161605473847565,241.254228770422,45.8562224165252,446.955631457694,16.1605473847565
2020-11-21,98355,1218,91730,1062,6625,156,104186,1099,1011293,6406,1115479,7505,3,1213,361,11336,854,85806,45,4497,1345,"East TN",2455501,379.270869773623,0.16230940870212,305.640274632346,49.6029119922981,461.657315553934,16.230940870212
2020-11-22,99941,1586,93158,1428,6783,158,105852,1666,1020898,9605,1126750,11271,17,1230,804,12140,765,86571,56,4553,1372,"East TN",2455501,364.365561243917,0.162486998728765,459.010197918877,64.5896702953898,494.400124455254,16.2486998728765
2020-11-23,100832,891,93915,757,6917,134,106555,703,1024015,3117,1130570,3820,18,1248,-1161,10979,2034,88605,35,4588,1399,"East TN",2455501,338.545983080439,0.163224559896951,155.569067167963,36.2858740436269,447.118531004467,16.3224559896951
2020-11-24,101744,912,94648,733,7096,179,107261,706,1027042,3027,1134303,3733,13,1261,-737,10242,1636,90241,53,4641,1427,"East TN",2455501,326.28779218579,0.161285184426696,152.026002025656,37.1410966641838,417.10428951159,16.1285184426696
2020-11-25,102650,906,95333,685,7317,221,107806,545,1029350,2308,1137156,2853,38,1299,-496,9746,1364,91605,53,4694,1452,"East TN",2455501,314.355400384687,0.162440921622686,116.188101735654,36.8967473440247,396.904745711771,16.2440921622686
2020-11-26,104116,1466,96720,1387,7396,79,109477,1671,1037717,8367,1147194,10038,18,1317,-441,9305,1889,93494,22,4716,1471,"East TN",2455501,330.075206648256,0.164207868155237,408.796412626181,59.7026838922077,378.945070680077,16.4207868155237
2020-11-27,105820,1704,98286,1566,7534,138,111227,1750,1045257,7540,1156484,9290,5,1322,161,9466,1538,95032,48,4764,1498,"East TN",2455501,353.614191156917,0.167800453514739,378.334197379679,69.3952069251855,385.50177743768,16.7800453514739
2020-11-28,107444,1624,99664,1378,7780,246,112721,1494,1052789,7532,1165510,9026,2,1324,568,10034,1054,96086,43,4807,1524,"East TN",2455501,370.148495154349,0.170594231576423,367.582827292679,66.1372159897308,408.633513079408,17.0594231576423
2020-11-29,109733,2289,101785,2121,7948,168,115048,2327,1063487,10698,1178535,13025,4,1328,1278,11312,1007,97093,50,4857,1547,"East TN",2455501,398.778090499658,0.17758038041904,530.441649178722,93.2192656406982,460.679918273297,17.758038041904
2020-11-30,111971,2238,103794,2009,8177,229,117269,2221,1072938,9451,1190207,11672,15,1343,-111,11201,2334,99427,53,4910,1577,"East TN",2455501,453.634512875377,0.179653570769824,475.340877482844,91.1422964193458,456.159455850354,17.9653570769824
2020-12-01,114233,2262,105801,2007,8432,255,119406,2137,1081775,8837,1201181,10974,20,1363,420,11621,1822,101249,62,4972,1605,"East TN",2455501,508.613109911175,0.181599330123508,446.914906571001,92.1196936999822,473.263908261491,18.1599330123508
2020-12-02,115290,1057,106714,913,8576,144,120282,876,1084685,2910,1204967,3786,15,1378,-691,10930,1733,102982,41,5013,1638,"East TN",2455501,514.762567801846,0.183981949831148,154.184421020395,43.0462052346955,445.123011556501,18.3981949831148
2020-12-03,117099,1809,108283,1569,8816,240,122004,1722,1090675,5990,1212679,7712,33,1411,317,11247,1459,104441,45,5058,1659,"East TN",2455501,528.731203937608,0.191295716576315,314.070326177835,73.6713200279699,458.03280063824,19.1295716576315
2020-12-04,118823,1724,109663,1380,9160,344,123461,1457,1096197,5522,1219658,6979,37,1448,-302,10945,1989,106430,35,5093,1693,"East TN",2455501,529.545701671472,0.193655617817457,284.218984231731,70.2097046590492,445.733884856899,19.3655617817457
2020-12-05,119957,1134,110571,908,9386,226,124391,930,1099259,3062,1223650,3992,5,1453,124,11069,1005,107435,23,5116,1718,"East TN",2455501,509.590507191811,0.200722394220846,162.573747679191,46.1820215100707,450.783770806854,20.0722394220846
2020-12-06,121425,1468,111833,1262,9592,206,125632,1241,1103750,4491,1229382,5732,20,1473,484,11553,964,108399,37,5153,1754,"East TN",2455501,476.155375216707,0.20815387338486,233.435050525331,59.7841336655941,470.494615966355,20.815387338486
2020-12-07,124148,2723,114238,2405,9910,318,128203,2571,1113298,9548,1241501,12119,31,1504,-205,11348,2897,111296,50,5203,1776,"East TN",2455501,495.906945262902,0.213163332943424,493.544901834697,110.89386646554,462.146014194252,21.3163332943424
2020-12-08,126913,2765,116597,2359,10316,406,130737,2534,1121658,8360,1252395,10894,45,1549,728,12076,1992,113288,70,5273,1800,"East TN",2455501,516.391563269573,0.221248096223689,443.656915635546,112.604311706654,491.79373170689,22.1248096223689
2020-12-09,129557,2644,118977,2380,10580,264,133314,2577,1128756,7098,1262070,9675,21,1570,580,12656,2043,115331,56,5329,1823,"East TN",2455501,581.021958451656,0.228219182880059,394.013278756555,107.676600416778,515.414165988937,22.8219182880059
2020-12-10,132631,3074,121657,2680,10974,394,136264,2950,1140229,11473,1276493,14423,30,1600,2530,15186,514,115845,70,5399,1859,"East TN",2455501,632.538940118534,0.223461936252233,587.375040775793,125.188301694848,618.448129322692,22.3461936252233
2020-12-11,134615,1984,123404,1747,11211,237,138056,1792,1147404,7175,1285460,8967,35,1635,448,15634,1501,117346,50,5449,1883,"East TN",2455501,643.127410658762,0.221801768943193,365.180058977781,80.7981751992771,636.692878561239,22.1801768943193
2020-12-12,137879,3264,126132,2728,11747,536,141031,2975,1158639,11235,1299670,14210,21,1656,1907,17541,1336,118682,73,5522,1908,"East TN",2455501,729.871419315244,0.218889765851092,578.700639910145,132.926030166553,714.35523748514,21.8889765851092
2020-12-13,142170,4291,129990,3858,12180,433,145400,4369,1175925,17286,1321325,21655,15,1671,2976,20517,1300,119982,62,5584,1942,"East TN",2455501,844.837774450102,0.215002773457468,881.8974213409,174.750488800453,835.552500284056,21.5002773457468
2020-12-14,145028,2858,132444,2454,12584,404,148075,2675,1185203,9278,1333278,11953,37,1708,-1138,19379,3959,123941,64,5648,1974,"East TN",2455501,850.335634153682,0.216524837377556,486.784570643628,116.39172616912,789.207579227213,21.6524837377556
2020-12-15,149156,4128,135986,3542,13170,586,151941,3866,1200224,15021,1352165,18887,34,1742,1607,20986,2487,126428,89,5737,2005,"East TN",2455501,905.843654716492,0.212528816277438,769.170934974166,168.112332269464,854.652472143159,21.2528816277438
2020-12-16,152375,3219,138243,2257,14132,962,154328,2387,1208119,7895,1362447,10282,19,1761,655,21641,2545,128973,57,5794,2047,"East TN",2455501,929.260464565072,0.209350747681242,418.733284979318,131.093410265359,881.327272927195,20.9350747681242
2020-12-17,156444,4069,141613,3370,14831,699,157937,3609,1218819,10700,1376756,14309,58,1819,1448,23089,2563,131536,71,5865,2086,"East TN",2455501,969.781726824791,0.216161495267447,582.73240369277,165.709563954566,940.296908858925,21.6161495267447
2020-12-18,159650,3206,144348,2735,15302,471,160817,2880,1227509,8690,1388326,11570,43,1862,835,23924,2328,133864,57,5922,2114,"East TN",2455501,1019.54753836386,0.221268446328233,471.186939040139,130.563986738348,974.302189247734,22.1268446328233
2020-12-19,162288,2638,146588,2240,15700,398,163284,2467,1235873,8364,1399157,10831,27,1889,1284,25208,1327,135191,39,5961,2151,"East TN",2455501,994.053759293928,0.223677465397489,441.091247773876,107.432251096619,1026.59294376178,22.3677465397489
2020-12-20,165922,3634,149558,2970,16364,664,166603,3319,1249818,13945,1416421,17264,16,1905,2298,27506,1320,136511,52,6013,2185,"East TN",2455501,967.297508736506,0.222964162530496,703.074443871129,147.994238243031,1120.17873338272,22.2964162530495
2020-12-21,168237,2315,151301,1743,16936,572,168506,1903,1256734,6916,1425240,8819,14,1919,-1339,26167,3640,140151,35,6048,2220,"East TN",2455501,945.183895262107,0.222167851938844,359.15277574719,94.278112694721,1065.64811010055,22.2167851938844
2020-12-22,170891,2654,153001,1700,17890,954,170307,1801,1261789,5055,1432096,6856,62,1981,-298,25869,2890,143041,56,6104,2264,"East TN",2455501,885.155412276354,0.229773179367204,279.209823168469,108.08384928371,1053.51209386598,22.9773179367204
2020-12-23,173110,2219,154446,1445,18664,774,171850,1543,1267567,5778,1439417,7321,41,2022,-558,25311,2736,145777,34,6138,2305,"East TN",2455501,844.43052558317,0.227647135247499,298.1468954808,90.3685235721753,1030.78760709118,22.7647135247499
2020-12-24,175202,2092,155904,1458,19298,634,173449,1599,1273857,6290,1447306,7889,15,2037,-585,24726,2662,148439,30,6168,2345,"East TN",2455501,763.917424590745,0.219872430900071,321.278631122529,85.1964629621409,1006.96354837567,21.9872430900071
2020-12-25,177570,2368,157884,1980,19686,388,175615,2166,1282405,8548,1458020,10714,3,2040,-304,24422,2669,151108,26,6194,2380,"East TN",2455501,729.789969541857,0.212328177461474,436.326436030773,96.4365316894597,994.58318282094,21.2328177461474
2020-12-26,179509,1939,159351,1467,20158,472,177228,1613,1288058,5653,1465286,7266,2,2042,424,24846,1513,152621,42,6236,2415,"East TN",2455501,701.323273743322,0.210860590663703,295.907026712675,78.9655552980838,1011.85053477885,21.0860590663703
2020-12-27,180805,1296,160260,909,20545,387,178218,990,1290851,2793,1469069,3783,27,2069,-183,24663,1452,154073,41,6277,2446,"East TN",2455501,606.108488654657,0.22061616775566,154.062246360315,52.7794531543665,1004.397880514,22.061616775566
2020-12-28,182202,1397,161237,977,20965,420,179237,1019,1292671,1820,1471908,2839,25,2094,-2427,22236,3799,157872,41,6318,2482,"East TN",2455501,568.723042670314,0.229943430187709,115.617953321949,56.892666710378,905.558580509639,22.9943430187709
2020-12-29,185108,2906,162963,1726,22145,1180,181017,1780,1296760,4089,1477777,5869,50,2144,-110,22126,2966,160838,64,6382,2524,"East TN",2455501,578.985714116997,0.234451960333618,239.014360002297,118.346520730393,901.078842973389,23.4451960333618
2020-12-30,187434,2326,164578,1615,22856,711,182698,1681,1301240,4480,1483938,6161,40,2184,-552,21574,2838,163676,44,6426,2562,"East TN",2455501,583.343276993168,0.243660295141619,250.906026916707,94.726086448346,878.598705518752,24.3660295141619
2020-12-31,190877,3443,167256,2678,23621,765,185593,2895,1308361,7121,1493954,10016,52,2236,595,22169,2796,166472,29,6455,2605,"East TN",2455501,638.362598915659,0.260332704510376,407.900465118931,140.215784884633,902.830013101196,26.0332704510376
2021-01-01,193118,2241,168973,1717,24145,524,187449,1856,1314562,6201,1502011,8057,24,2260,-446,21723,2663,169135,29,6484,2643,"East TN",2455501,633.190538305625,0.269009570139347,328.120412086983,91.2644710794253,884.666713636036,26.9009570139347
2021-01-02,195842,2724,171082,2109,24760,615,189700,2251,1321123,6561,1510823,8812,4,2264,1168,22891,1552,170687,62,6546,2678,"East TN",2455501,665.159574359774,0.273887168676022,358.867701540337,110.934591352233,932.233381293675,27.3887168676022
2021-01-03,197156,1314,171985,903,25171,411,190636,936,1324494,3371,1515130,4307,15,2279,-183,22708,1482,172169,23,6569,2720,"East TN",2455501,665.892622320252,0.269599010008467,175.402086987543,53.5125011148438,924.780727028822,26.9599010008467
2021-01-04,198712,1556,173108,1123,25604,433,191816,1180,1326859,2365,1518675,3545,46,2325,-1585,21123,3095,175264,33,6602,2767,"East TN",2455501,672.367879304468,0.268971710821733,144.369723327337,63.3679236945943,860.231781620126,26.8971710821733
2021-01-05,201617,2905,174846,1738,26771,1167,193645,1829,1332132,5273,1525777,7102,43,2368,-439,20684,3301,178565,58,6660,2810,"East TN",2455501,672.327154417775,0.263083333333333,289.228145294993,118.3057958437,842.353556361818,26.3083333333333
2021-01-06,204163,2546,176639,1793,27524,753,195548,1903,1337716,5584,1533264,7487,52,2420,66,20750,2428,180993,61,6721,2853,"East TN",2455501,681.286629490275,0.260511697684791,304.907226671869,103.685561520846,845.041398883568,26.0511697684791
2021-01-07,206676,2513,178779,2140,27897,373,197870,2322,1344825,7109,1542695,9431,33,2453,980,21730,1500,182493,44,6765,2885,"East TN",2455501,643.412484865614,0.25188239880183,384.076406403418,102.341640259971,884.951787842888,25.188239880183
2021-01-08,209026,2350,180639,1860,28387,490,199861,1991,1352171,7346,1552032,9337,50,2503,1674,23404,626,183119,47,6812,2939,"East TN",2455501,647.851497515171,0.248135782971152,380.248267054259,95.7034837289824,953.125248167278,24.8135782971152
2021-01-09,211604,2578,182643,2004,28961,574,202040,2179,1360362,8191,1562402,10370,27,2530,758,24162,1793,184912,32,6844,2967,"East TN",2455501,641.905664057966,0.239244653831986,422.317075008318,104.988757895028,983.994712280712,23.9244653831986
2021-01-10,213272,1668,183777,1134,29495,534,203292,1252,1366167,5805,1569459,7057,36,2566,2,24164,1630,186542,41,6885,3006,"East TN",2455501,656.322273947353,0.232951094259051,287.395525393799,67.9291110042309,984.076162054098,23.2951094259051
2021-01-11,214698,1426,184790,1013,29908,413,204390,1098,1369440,3273,1573830,4371,28,2594,-2184,21980,3582,190124,40,6925,3045,"East TN",2455501,651.028038677239,0.227975704831838,178.008479735907,58.0736884244804,895.133009516184,22.7975704831838
2021-01-12,216522,1824,185926,1136,30596,688,205585,1195,1373644,4204,1579229,5399,60,2654,-2154,19826,3918,194042,39,6964,3082,"East TN",2455501,607.004436161908,0.223377983985632,219.8736632565,74.2821933283676,807.411603579066,22.3377983985632
2021-01-13,218051,1529,187004,1078,31047,451,206721,1136,1378382,4738,1585103,5874,49,2703,-1345,18481,2825,196867,32,6996,3107,"East TN",2455501,565.587226394939,0.215532707035244,239.217984435763,62.2683517538783,752.636630976733,21.5532707035244
2021-01-14,220302,2251,188785,1781,31517,470,208687,1966,1386906,8524,1595593,10490,38,2741,-200,18281,2413,199280,49,7045,3148,"East TN",2455501,554.917306081325,0.204487882339597,427.2040614115,91.6717199463572,744.491653638097,20.4487882339597
2021-01-15,221268,966,189456,671,31812,295,209381,694,1389964,3058,1599345,3752,23,2764,-365,17916,1308,200588,29,7074,3188,"East TN",2455501,498.554062897958,0.201213197218523,152.799774872826,39.3402405456157,729.627069995085,20.1213197218523
2021-01-16,223703,2435,191207,1751,32496,684,211384,2003,1400855,10891,1612239,12894,13,2777,358,18274,2064,202652,54,7128,3229,"East TN",2455501,492.730404100833,0.187491221381704,525.106689021914,99.165099097903,744.206579431244,18.7491221381704
2021-01-17,224559,856,191813,606,32746,250,212056,672,1404474,3619,1616530,4291,13,2790,-830,17444,1673,204325,24,7152,3261,"East TN",2455501,459.661796105968,0.186186824159249,174.750488800453,34.8605030093655,710.404923475902,18.6186824159249
2021-01-18,225121,562,192132,319,32989,243,212410,354,1406557,2083,1618967,2437,13,2803,-2445,14999,2994,207319,21,7173,3292,"East TN",2455501,424.475494003057,0.177681281432085,99.2465488712894,22.8873863215694,610.832575511067,17.7681281432085
2021-01-19,226801,1680,193102,970,33699,710,213475,1065,1410765,4208,1624240,5273,21,2824,-1173,13826,2832,210151,51,7224,3330,"East TN",2455501,418.611110319238,0.175290484548222,214.742327533159,68.4178096445491,563.062283419962,17.5290484548222
2021-01-20,227785,984,193760,658,34025,326,214172,697,1414761,3996,1628933,4693,32,2856,-1006,12820,1958,212109,29,7253,3369,"East TN",2455501,396.416047071453,0.169997718457677,191.121893251113,40.073288506093,522.093047406619,16.9997718457677
2021-01-21,229352,1567,194901,1141,34451,426,215456,1284,1421694,6933,1637150,8217,65,2921,-770,12050,2272,214381,37,7290,3414,"East TN",2455501,368.560224573315,0.162884712563467,334.636393957893,63.8158974482193,490.734884652867,16.2884712563467
2021-01-22,230340,988,195608,707,34732,281,216275,819,1427139,5445,1643414,6264,32,2953,-735,11315,1691,216072,28,7318,3445,"East TN",2455501,369.456172080565,0.156436497311035,255.100690246105,40.2361880528658,460.802092933377,15.6436497311035
2021-01-23,231777,1437,196578,970,35199,467,217377,1102,1435421,8282,1652798,9384,19,2972,211,11526,1207,217279,40,7358,3468,"East TN",2455501,328.812735160768,0.147760053255751,382.162336728839,58.5216621781054,469.395044025639,14.7760053255751
2021-01-24,232401,624,197069,491,35332,133,217920,543,1438797,3376,1656717,3919,19,2991,-591,10935,1196,218475,19,7377,3494,"East TN",2455501,319.364561447949,0.145917834125463,159.600830950588,25.4123292965468,445.326635989967,14.5917834125463
2021-01-25,233145,744,197581,512,35564,232,218469,549,1440554,1757,1659023,2306,44,3035,-1158,9777,1858,220333,20,7397,3524,"East TN",2455501,326.776490826108,0.151263231475934,93.9115887144823,30.2993156997289,398.16721719926,15.1263231475934
2021-01-26,234177,1032,198307,726,35870,306,219253,784,1445019,4465,1664272,5249,63,3098,-920,8857,1889,222222,25,7422,3546,"East TN",2455501,300.386764248925,0.144334532374101,213.764930252523,42.0280830673659,360.700321441531,14.4334532374101
2021-01-27,235130,953,199012,705,36118,248,220008,755,1449541,4522,1669549,5277,55,3153,-385,8472,1283,223505,27,7449,3568,"East TN",2455501,299.124292761436,0.143687216860351,214.905227079932,38.8108170186043,345.021240064655,14.3687216860351
2021-01-28,236462,1332,199725,713,36737,619,220804,796,1453972,4431,1674776,5227,46,3199,-176,8296,1462,224967,28,7477,3595,"East TN",2455501,289.553944388538,0.142135757189178,212.868982745273,54.2455490753211,337.853660006654,14.2135757189178
2021-01-29,237057,595,200076,351,36981,244,221201,397,1456639,2667,1677840,3064,17,3216,-680,7616,1258,226225,16,7493,3614,"East TN",2455501,273.549063918117,0.14308952535874,124.781052827916,24.2313075824445,310.160737055289,14.308952535874
2021-01-30,238212,1155,201043,967,37169,188,222301,1100,1465689,9050,1687990,10150,44,3260,239,7855,872,227097,27,7520,3633,"East TN",2455501,262.064645870639,0.139918163218913,413.357599935818,47.0372441306275,319.89398497496,13.9918163218913
2021-01-31,238894,682,201486,443,37408,239,222792,491,1469616,3927,1692408,4418,29,3289,-84,7771,737,227834,30,7550,3654,"East TN",2455501,264.426689298844,0.136505001260822,179.922549410487,27.7743727247515,316.473094492733,13.6505001260822
2021-02-01,239589,695,201891,405,37698,290,223233,441,1471312,1696,1694545,2137,39,3328,-544,7227,1200,229034,12,7562,3680,"East TN",2455501,262.431169850878,0.134114070153708,87.0290828633342,28.3037962517629,294.318756131641,13.4114070153708
2021-02-02,240128,539,202239,348,37889,191,223596,363,1472370,1058,1695966,1421,57,3385,-836,6391,1318,230352,11,7573,3695,"East TN",2455501,242.353800711138,0.137029090679624,57.8700639910145,21.9507139276262,260.272750856139,13.7029090679624
2021-02-03,241242,1114,202998,759,38244,355,224424,828,1478374,6004,1702798,6832,46,3431,41,6432,1027,231379,39,7612,3707,"East TN",2455501,248.910507468741,0.132816024542091,278.232425887833,45.367523776207,261.94247121056,13.2816024542091
2021-02-04,242339,1097,203775,777,38564,320,225290,866,1486089,7715,1711379,8581,58,3489,-1,6431,1040,232419,35,7647,3726,"East TN",2455501,239.340159095842,0.122558260251892,349.460252714212,44.6752007024228,261.901746323866,12.2558260251892
2021-02-05,243156,817,204334,559,38822,258,225896,606,1489895,3806,1715791,4412,67,3556,-154,6277,904,233323,28,7675,3739,"East TN",2455501,248.381083941729,0.123712155147427,179.678200090328,33.2722324283313,255.630113773116,12.3712155147427
2021-02-06,244390,1234,205157,823,39233,411,226857,961,1498550,8655,1725407,9616,27,3583,501,6778,706,234029,21,7696,3769,"East TN",2455501,251.598349990491,0.121762835074966,391.610510441657,50.2545101793891,276.033282006401,12.1762835074966
2021-02-07,244907,517,205509,352,39398,165,227263,406,1501634,3084,1728897,3490,2,3585,-119,6659,634,234663,9,7705,3783,"East TN",2455501,244.878743686115,0.12253007755762,142.129854559212,21.0547664203761,271.187020489912,12.253007755762
2021-02-08,245420,513,205807,298,39613,215,227583,320,1502997,1363,1730580,1683,32,3617,-633,6026,1114,235777,9,7714,3798,"East TN",2455501,237.466814307956,0.120715970584154,68.5399843046287,20.8918668736034,245.408167213127,12.0715970584154
2021-02-09,246448,1028,206437,630,40011,398,228251,668,1507231,4234,1735482,4902,16,3633,-58,5968,1070,236847,36,7750,3809,"East TN",2455501,257.381283900923,0.117800384654317,199.633394569988,41.8651835205931,243.046123784922,11.7800384654317
2021-02-10,247298,850,207020,583,40278,267,228888,637,1513218,5987,1742106,6624,39,3672,-28,5940,839,237686,28,7778,3822,"East TN",2455501,246.629913813922,0.113564668769716,269.761649455651,34.6161536892064,241.905826957513,11.3564668769716
2021-02-11,248165,867,207601,581,40564,286,229539,651,1518792,5574,1748331,6225,37,3709,-105,5835,935,238621,31,7809,3840,"East TN",2455501,237.26318987449,0.114987010175363,253.51241966507,35.3084767629905,237.629713854729,11.4987010175363
2021-02-12,248997,832,208193,592,40804,240,230188,649,1524305,5513,1754493,6162,34,3743,57,5892,741,239362,11,7820,3849,"East TN",2455501,237.874063174888,0.110898661567878,250.9467518034,33.8831057287291,239.95103239624,11.0898661567878
2021-02-13,249591,594,208566,373,41025,221,230622,434,1528733,4428,1759355,4862,12,3755,-21,5871,603,239965,17,7837,3861,"East TN",2455501,211.81013569125,0.11090491339696,198.004399102261,24.1905826957513,239.095809775683,11.090491339696
2021-02-14,250132,541,208981,415,41151,126,231075,453,1531701,2968,1762776,3421,15,3770,-50,5821,576,240541,14,7851,3874,"East TN",2455501,212.787532971886,0.112518079046017,139.319837377382,22.0321637010125,237.059565441024,11.2518079046017
2021-02-15,250510,378,209190,209,41320,169,231303,228,1533025,1324,1764328,1552,5,3775,-574,5247,947,241488,9,7860,3884,"East TN",2455501,207.289673268307,0.110228754296551,63.2050241478216,15.3940071700236,213.683480479136,11.0228754296551
2021-02-16,251279,769,209618,428,41661,341,231775,472,1536434,3409,1768209,3881,8,3783,-40,5207,801,242289,22,7882,3894,"East TN",2455501,196.741927614772,0.10767867510007,158.053285256247,31.3174378670585,212.054485011409,10.767867510007
2021-02-17,251900,621,210035,417,41865,204,232226,451,1539688,3254,1771914,3705,11,3794,-94,5113,704,242993,11,7893,3910,"East TN",2455501,187.415928562033,0.111983360171766,150.885705198247,25.2901546364673,208.22634566225,11.1983360171766
2021-02-18,252695,795,210587,552,42108,243,232832,606,1545408,5720,1778240,6326,42,3836,26,5139,727,243720,20,7913,3926,"East TN",2455501,184.483736720124,0.110100638603765,257.625633221082,32.3762849210813,209.285192716273,11.0100638603765
2021-02-19,253175,480,210891,304,42284,176,233177,345,1548116,2708,1781293,3053,5,3841,-222,4917,697,244417,11,7924,3935,"East TN",2455501,170.148576604123,0.111529850746269,124.333079074291,19.5479456127283,200.244267870386,11.1529850746269
2021-02-20,253797,622,211338,447,42459,175,233682,505,1553343,5227,1787025,5732,18,3859,73,4990,531,244948,18,7942,3945,"East TN",2455501,171.288873431532,0.110589085652331,233.435050525331,25.3308795231604,203.217184598988,11.0589085652331
2021-02-21,254145,348,211565,227,42580,121,233945,263,1555477,2134,1789422,2397,7,3866,-82,4908,423,245371,11,7953,3961,"East TN",2455501,163.428970299747,0.107708474067402,97.617553403562,14.172260569228,199.877743890147,10.7708474067402
2021-02-22,254507,362,211761,196,42746,166,234174,229,1556860,1383,1791034,1612,7,3873,-477,4431,832,246203,22,7975,3976,"East TN",2455501,162.777372112656,0.107503931700741,65.6485173494126,14.7424089829326,180.451972937498,10.7503931700741
2021-02-23,255150,643,212108,347,43042,296,234542,368,1559806,2946,1794348,3314,26,3899,-145,4286,762,246965,27,8002,3981,"East TN",2455501,157.646036389315,0.10585714832243,134.962274501212,26.1861021437173,174.546864366987,10.585714832243
2021-02-24,255892,742,212657,549,43235,193,235152,610,1566008,6202,1801160,6812,19,3918,57,4343,666,247631,20,8022,3987,"East TN",2455501,162.573747679191,0.10004786979416,277.417928153969,30.2178659263425,176.868182908498,10.004786979416
2021-02-25,256529,637,213103,446,43426,191,235647,495,1570776,4768,1806423,5263,21,3939,-96,4247,712,248343,16,8038,3996,"East TN",2455501,156.139215581667,0.0998829081361104,214.335078666227,25.9417528235582,172.958593785952,9.98829081361104
2021-02-26,256990,461,213426,323,43564,138,236015,368,1573898,3122,1809913,3490,14,3953,-182,4065,629,248972,11,8049,4000,"East TN",2455501,155.365442734497,0.0991614255765199,142.129854559212,18.7741727655578,165.546664407793,9.91614255765199
2021-02-27,257424,434,213650,224,43774,210,236289,274,1577994,4096,1814283,4370,7,3960,5,4070,422,249394,15,8064,4006,"East TN",2455501,147.709164036178,0.0956416464891041,177.967754849214,17.6746008248419,165.750288841259,9.56416464891041
2021-02-28,257790,366,213924,274,43866,92,236602,313,1580554,2560,1817156,2873,5,3965,-54,4016,415,249809,10,8074,4012,"East TN",2455501,148.442211996656,0.0958029855051561,117.002599469518,14.9053085297053,163.551144959827,9.58029855051561
2021-03-01,258034,244,214072,148,43962,96,236758,156,1581333,779,1818091,935,4,3969,-408,3608,648,250457,11,8085,4016,"East TN",2455501,143.63667536686,0.0955020881842037,38.077769058127,9.9368723531369,146.935391189008,9.55020881842037
2021-03-02,258655,621,214463,391,44192,230,237205,447,1584790,3457,1821995,3904,7,3976,2,3610,612,251069,23,8108,4021,"East TN",2455501,142.74072785961,0.0963214815350671,158.98995765019,25.2901546364673,147.016840962394,9.63214815350671
2021-03-03,259138,483,214766,303,44372,180,237560,355,1588962,4172,1826522,4527,7,3983,-145,3465,621,251690,16,8124,4024,"East TN",2455501,132.192982206075,0.0949451935967195,184.361562060044,19.6701202728079,141.111732391883,9.49451935967195
2021-03-04,259749,611,215179,413,44570,198,238032,472,1593784,4822,1831816,5294,18,4001,50,3515,543,252233,16,8140,4029,"East TN",2455501,131.134135152052,0.093923522230536,215.597550153716,24.8829057695354,143.147976726542,9.3923522230536
2021-03-05,260220,471,215490,311,44730,160,238386,354,1597467,3683,1835853,4037,15,4016,-63,3452,519,252752,15,8155,4033,"East TN",2455501,131.541384018984,0.0914032382420971,164.406367580384,19.1814216324897,140.582308864871,9.14032382420971
2021-03-06,260683,463,215813,323,44870,140,238758,372,1601743,4276,1840501,4648,1,4017,51,3503,411,253163,8,8163,4038,"East TN",2455501,132.722405733087,0.0941719429399649,189.289273349919,18.8556225389442,142.659278086224,9.41719429399649
2021-03-07,260938,255,215977,164,44961,91,238942,184,1603474,1731,1842416,1915,1,4018,-111,3392,365,253528,4,8167,4042,"East TN",2455501,128.201943310143,0.0926365795724466,77.9881580174473,10.3848461067619,138.13881566328,9.26365795724466
2021-03-08,261398,460,216269,292,45129,168,239255,313,1605056,1582,1844311,1895,3,4021,-124,3268,581,254109,9,8176,4050,"East TN",2455501,136.998518835871,0.0952326468344775,77.1736602835837,18.7334478788646,133.088929713325,9.52326468344775
2021-03-09,261938,540,216551,282,45387,258,239574,319,1607632,2576,1847206,2895,6,4027,25,3293,509,254618,17,8193,4061,"East TN",2455501,133.699803013723,0.0939669192019357,117.898546976768,21.9914388143194,134.107051880655,9.39669192019357
2021-03-10,262587,649,217014,463,45573,186,240081,507,1613103,5471,1853184,5978,7,4034,174,3467,468,255086,24,8217,4069,"East TN",2455501,140.460134204792,0.0945540469582177,243.453372651854,26.4304514638764,141.193182165269,9.45540469582177
2021-03-11,263121,534,217354,340,45767,194,240446,365,1616442,3339,1856888,3704,5,4039,90,3557,439,255525,8,8225,4076,"East TN",2455501,137.324317929416,0.096282705807275,150.844980311554,21.7470894941603,144.858421967655,9.62827058072751
2021-03-12,263584,463,217722,368,45862,95,240862,416,1619791,3349,1860653,3765,5,4044,6,3563,452,255977,10,8235,4084,"East TN",2455501,136.998518835871,0.0998387096774194,153.329198399838,18.8556225389442,145.102771287815,9.98387096774194
2021-03-13,264031,447,217938,216,46093,231,241142,280,1623431,3640,1864573,3920,2,4046,43,3606,402,256379,20,8255,4090,"East TN",2455501,136.34692064878,0.0990362246593553,159.641555837281,18.2040243518532,146.853941415622,9.90362246593553
2021-03-14,264293,262,218114,176,46179,86,241353,211,1625273,1842,1866626,2053,0,4046,-50,3556,312,256691,10,8265,4095,"East TN",2455501,136.631994855632,0.0995869475423379,83.6081923811067,10.6699203136142,144.817697080962,9.95869475423379
2021-03-15,264650,357,218297,183,46353,174,241570,217,1626469,1196,1868039,1413,4,4050,-167,3389,520,257211,15,8280,4099,"East TN",2455501,132.437331526234,0.0975640593391773,57.544264897469,14.5387845494667,138.016641003201,9.75640593391774
2021-03-16,265350,700,218748,451,46602,249,242066,496,1629737,3268,1871803,3764,4,4054,191,3580,505,257716,35,8315,4100,"East TN",2455501,138.953313397144,0.101313168272554,153.288473513145,28.5074206852288,145.795094361599,10.1313168272554
2021-03-17,265776,426,219079,331,46697,95,242430,364,1633459,3722,1875889,4086,1,4055,-28,3552,453,258169,15,8330,4108,"East TN",2455501,129.871663664564,0.103457388240476,166.40188702835,17.3488017312964,144.65479753419,10.3457388240476
2021-03-18,266326,550,219427,348,46899,202,242815,385,1636750,3291,1879565,3676,6,4061,99,3651,445,258614,31,8361,4114,"East TN",2455501,130.523261851655,0.104467081183578,149.704683484144,22.3986876812512,148.686561316815,10.4467081183578
2021-03-19,267119,793,219958,531,47161,262,243378,563,1641796,5046,1885174,5609,15,4076,336,3987,442,259056,25,8386,4118,"East TN",2455501,143.962474460405,0.102605929611354,228.425889462069,32.2948351476949,162.370123245725,10.2605929611354
2021-03-20,267393,274,220125,167,47268,107,243572,194,1643917,2121,1887489,2315,1,4077,-41,3946,314,259370,15,8401,4119,"East TN",2455501,136.917069062485,0.106039448420318,94.278112694721,11.1586189539324,160.700402891304,10.6039448420318
2021-03-21,267674,281,220321,196,47353,85,243797,225,1645717,1800,1889514,2025,-4,4073,-33,3913,318,259688,8,8409,4125,"East TN",2455501,137.690841909655,0.106780845858092,82.4678955536976,11.4436931607847,159.356481630429,10.6780845858092
2021-03-22,268199,525,220660,339,47539,186,244153,356,1647806,2089,1891959,2445,14,4087,-7,3906,518,260206,19,8428,4131,"East TN",2455501,144.53262287411,0.107984949832776,99.5723479648349,21.3805655139216,159.071407423577,10.7984949832776
2021-03-23,268636,437,220908,248,47728,189,244420,267,1650262,2456,1894682,2723,11,4098,-74,3832,500,260706,16,8444,4136,"East TN",2455501,133.821977673803,0.102889112286376,110.89386646554,17.7967754849214,156.057765808281,10.2889112286376
2021-03-24,269233,597,221364,456,47869,141,244913,493,1654960,4698,1899873,5191,4,4102,85,3917,508,261214,24,8468,4140,"East TN",2455501,140.785933298337,0.103527351567712,211.402886824318,24.3127573558308,159.519381177202,10.3527351567712
2021-03-25,269633,400,221671,307,47962,93,245246,333,1657928,2968,1903174,3301,8,4110,-65,3852,457,261671,23,8491,4142,"East TN",2455501,134.677200294359,0.102969206658478,134.4328509742,16.2899546772736,156.872263542145,10.2969206658478
2021-03-26,270043,410,221993,322,48050,88,245592,346,1660561,2633,1906153,2979,7,4117,-63,3789,466,262137,12,8503,4147,"East TN",2455501,119.07956869087,0.105534105534106,121.319437458995,16.6972035442054,154.306595680474,10.5534105534106
2021-03-27,270246,203,222172,179,48074,24,245802,210,1663073,2512,1908875,2722,2,4119,-165,3624,366,262503,11,8514,4152,"East TN",2455501,116.188101735654,0.104273823997007,110.853141578847,8.26715199871635,147.586989376099,10.4273823997007
2021-03-28,270562,316,222391,219,48171,97,246047,245,1665145,2072,1911192,2317,5,4124,-67,3557,378,262881,17,8531,4158,"East TN",2455501,117.613472769915,0.103791862717963,94.3595624681073,12.8690641950461,144.858421967655,10.3791862717963
2021-03-29,271001,439,222627,236,48374,203,246302,255,1667001,1856,1913303,2111,18,4142,-94,3463,515,263396,17,8548,4161,"East TN",2455501,114.111132514302,0.100684032983508,85.9702358093114,17.8782252583078,141.030282618496,10.0684032983508
2021-03-30,271376,375,222885,258,48491,117,246624,322,1669477,2476,1916101,2798,5,4147,-143,3320,513,263909,19,8567,4165,"East TN",2455501,111.586189539324,0.102899295018442,113.948232967529,15.271832509944,135.206623821371,10.2899295018442
2021-03-31,272037,661,223327,442,48710,219,247112,488,1674293,4816,1921405,5304,4,4151,167,3487,490,264399,17,8584,4168,"East TN",2455501,114.192582287688,0.102127066691436,216.004799020648,26.9191501041946,142.007679899133,10.2127066691436
2021-04-01,272484,447,223645,318,48839,129,247462,350,1677121,2828,1924583,3178,1,4152,-88,3399,534,264933,13,8597,4169,"East TN",2455501,116.106651962268,0.103507870521743,129.423689910939,18.2040243518532,138.423889870132,10.3507870521743
2021-04-02,272835,351,223880,235,48955,116,247714,252,1680144,3023,1927858,3275,0,4152,-81,3318,432,265365,9,8606,4173,"East TN",2455501,113.70388364737,0.0977654918221608,133.374003920178,14.2944352293076,135.125174047985,9.77654918221608
2021-04-03,273179,344,224130,250,49049,94,247989,275,1682495,2351,1930484,2626,0,4152,-53,3265,397,265762,12,8618,4179,"East TN",2455501,119.446092671109,0.101207830070804,106.943552456301,14.0093610224553,132.966755053246,10.1207830070804
2021-04-04,273350,171,224253,123,49097,48,248130,141,1684090,1595,1932220,1736,6,4158,-179,3086,344,266106,6,8624,4182,"East TN",2455501,113.540984100597,0.0990583983260415,70.6984032993674,6.96395562453446,125.677000335166,9.90583983260415
2021-04-05,273758,408,224489,236,49269,172,248353,223,1685309,1219,1933662,1442,6,4164,-94,2992,496,266602,37,8661,4185,"East TN",2455501,112.278512613108,0.100741686723316,58.7252866115713,16.6157537708191,121.848860986007,10.0741686723316
2021-04-06,274189,431,224738,249,49451,182,248631,278,1687397,2088,1936028,2366,3,4167,-7,2985,435,267037,22,8683,4186,"East TN",2455501,114.559106267927,0.100717619310483,96.3550819160733,17.5524261647623,121.563786779154,10.0717619310483
2021-04-07,274822,633,225201,463,49621,170,249139,508,1692089,4692,1941228,5200,5,4172,209,3194,419,267456,21,8704,4186,"East TN",2455501,113.418809440517,0.10225495636382,211.769410804557,25.7788532767855,130.07528809803,10.225495636382
2021-04-08,275227,405,225456,255,49771,150,249428,289,1695102,3013,1944530,3302,-1,4171,42,3236,364,267820,16,8720,4189,"East TN",2455501,111.708364199404,0.0985611871459367,134.473575860894,16.4935791107395,131.785733339143,9.85611871459367
2021-04-09,275745,518,225862,406,49883,112,249878,450,1698978,3876,1948856,4326,4,4175,110,3346,404,268224,27,8747,4190,"East TN",2455501,118.509420277165,0.103057434041337,176.175859834714,21.0954913070693,136.265470875394,10.3057434041337
2021-04-10,276050,305,226078,216,49972,89,250125,247,1701759,2781,1951884,3028,1,4176,-15,3331,319,268543,14,8761,4194,"East TN",2455501,116.921149696131,0.0998130841121495,123.314956906961,12.4210904414211,135.654597574996,9.98130841121495
2021-04-11,276287,237,226241,163,50046,74,250299,174,1703472,1713,1953771,1887,2,4178,-87,3244,322,268865,9,8770,4197,"East TN",2455501,119.608992217881,0.100644981671384,76.8478611900382,9.65179814628461,132.111532432689,10.0644981671384
2021-04-12,276750,463,226561,320,50189,143,250629,330,1705235,1763,1955864,2093,3,4181,14,3258,446,269311,15,8785,4204,"East TN",2455501,121.848860986007,0.102513287091253,85.2371878488341,18.8556225389442,132.681680846393,10.2513287091253
2021-04-13,277129,379,226801,240,50328,139,250879,250,1707293,2058,1958172,2308,3,4184,-58,3200,434,269745,14,8799,4206,"East TN",2455501,119.731166877961,0.101517341040462,93.9930384878687,15.4347320567167,130.319637418189,10.1517341040462
2021-04-14,277811,682,227305,504,50506,178,251436,557,1712114,4821,1963550,5378,0,4184,270,3470,412,270157,25,8824,4207,"East TN",2455501,121.726686325927,0.102902965684078,219.018440635944,27.7743727247515,141.315356825348,10.2902965684078
2021-04-15,278350,539,227671,366,50679,173,251816,380,1715259,3145,1967075,3525,2,4186,112,3582,425,270582,23,8847,4211,"East TN",2455501,127.183821142814,0.105921490352628,143.555225593474,21.9507139276262,145.876544134985,10.5921490352628
2021-04-16,279329,979,228567,896,50762,83,252921,1105,1722743,7484,1975664,8589,3,4189,634,4216,342,270924,32,8879,4212,"East TN",2455501,145.957993908371,0.113510892270964,349.786051807757,39.8696640726271,171.696122298464,11.3510892270964
2021-04-17,279531,202,228714,147,50817,55,253094,173,1724974,2231,1978068,2404,0,4189,-90,4126,292,271216,10,8889,4213,"East TN",2455501,141.763330578973,0.113389856400855,97.9026276104143,8.22642711202317,168.030882496077,11.3389856400855
2021-04-18,279749,218,228901,187,50848,31,253297,203,1726777,1803,1980074,2006,6,4195,-122,4004,334,271550,7,8896,4218,"East TN",2455501,140.989557731803,0.113979393985477,81.6941227065271,8.87802529911411,163.062446319509,11.3979393985477
2021-04-19,280077,328,229096,195,50981,133,253507,210,1728226,1449,1981733,1659,8,4203,-217,3787,537,272087,14,8910,4220,"East TN",2455501,135.491698028223,0.111252850902625,67.5625870239923,13.3577628353644,154.225145907088,11.1252850902625
2021-04-20,280430,353,229373,277,51057,76,253788,281,1730674,2448,1984462,2729,4,4207,-112,3675,461,272548,20,8930,4223,"East TN",2455501,134.4328509742,0.11065043742868,111.138215785699,14.375885002694,149.663958597451,11.065043742868
2021-04-21,280940,510,229700,327,51240,183,254126,338,1734455,3781,1988581,4119,4,4211,26,3701,480,273028,12,8942,4228,"East TN",2455501,127.428170462973,0.107466741240861,167.745808289225,20.7696922135238,150.722805651474,10.7466741240861
2021-04-22,281584,644,230100,400,51484,244,254577,451,1738707,4252,1993284,4703,3,4214,193,3894,448,273476,21,8963,4230,"East TN",2455501,131.704283565757,0.105345492006563,191.529142118044,26.2268270304105,158.582708783258,10.5345492006563
2021-04-23,281970,386,230377,277,51593,109,254886,309,1741910,3203,1996796,3512,0,4214,-8,3886,394,273870,10,8973,4231,"East TN",2455501,107.554425756699,0.0929869392390687,143.025802066462,15.719806263569,158.256909689713,9.29869392390687
2021-04-24,282231,261,230566,189,51665,72,255095,209,1744908,2998,2000003,3207,0,4214,-130,3756,391,274261,19,8992,4235,"East TN",2455501,109.957194071597,0.0912240711192159,130.604711625041,10.629195426921,152.962674419599,9.12240711192159
2021-04-25,282431,200,230714,148,51717,52,255254,159,1746559,1651,2001813,1810,4,4218,-114,3642,310,274571,17,9009,4238,"East TN",2455501,109.224146111119,0.0900225401352408,73.712044914663,8.1449773386368,148.320037336576,9.00225401352408
2021-04-26,282819,388,230957,243,51862,145,255506,252,1748531,1972,2004037,2224,6,4224,-141,3501,523,275094,16,9025,4242,"East TN",2455501,111.667639312711,0.0896251793400287,90.5721480056412,15.8012560369554,142.577828312837,8.96251793400287
2021-04-27,283208,389,231160,203,52048,186,255724,218,1750895,2364,2006619,2582,3,4227,-54,3447,440,275534,23,9048,4245,"East TN",2455501,113.133735233665,0.087376449880399,105.151657441801,15.8419809236486,140.378684431405,8.7376449880399
2021-04-28,283696,488,231506,346,52190,142,256105,381,1755022,4127,2011127,4508,6,4233,11,3458,471,276005,22,9070,4250,"East TN",2455501,112.237787726415,0.087776102191076,183.587789212873,19.8737447062738,140.82665818503,8.7776102191076
2021-04-29,284088,392,231785,279,52303,113,256408,303,1757954,2932,2014362,3235,1,4234,17,3475,374,276379,20,9090,4252,"East TN",2455501,101.975116279733,0.0868678242717525,131.74500845245,15.9641555837281,141.518981258814,8.68678242717525
2021-04-30,284457,369,232012,227,52445,142,256648,240,1761221,3267,2017869,3507,0,4234,-4,3471,373,276752,15,9105,4255,"East TN",2455501,101.282793205949,0.083614103355004,142.822177632996,15.0274831897849,141.356081712042,8.3614103355004
2021-05-01,284692,235,232194,182,52498,53,256837,189,1763712,2491,2020549,2680,-1,4233,-31,3440,267,277019,15,9120,4255,"East TN",2455501,100.223946151926,0.0847853596807164,109.142696337733,9.57034837289824,140.093610224553,8.47853596807165
2021-05-02,284867,175,232322,128,52545,47,256970,133,1765188,1476,2022158,1609,1,4234,-77,3363,251,277270,11,9131,4259,"East TN",2455501,99.2058239845962,0.0843450479233227,65.526342689333,7.1268551713072,136.957793949178,8.43450479233227
2021-05-03,285078,211,232435,113,52643,98,257096,126,1766672,1484,2023768,1610,5,4239,-225,3138,431,277701,16,9147,4261,"East TN",2455501,91.9975190399027,0.0805838528204348,65.5670675760262,8.59295109226182,127.794694443211,8.05838528204348
2021-05-04,285398,320,232655,220,52743,100,257341,245,1769072,2400,2026413,2645,7,4246,-81,3057,394,278095,11,9158,4267,"East TN",2455501,89.1875018580729,0.0816914216429221,107.717325303472,13.0319637418189,124.495978621063,8.16914216429221
2021-05-05,285864,466,232947,292,52917,174,257652,311,1773221,4149,2030873,4460,5,4251,128,3185,333,278428,22,9180,4272,"East TN",2455501,88.2915543508229,0.0783449812620278,181.632994651601,18.9777971990237,129.708764117791,7.83449812620278
2021-05-06,286151,287,233143,196,53008,91,257883,231,1775659,2438,2033542,2669,4,4255,-100,3085,383,278811,10,9190,4277,"East TN",2455501,84.0154412480386,0.076903023983316,108.694722584108,11.6880424809438,125.636275448473,7.6903023983316
2021-05-07,286517,366,233390,247,53127,119,258152,269,1779108,3449,2037260,3718,0,4255,18,3103,348,279159,15,9205,4278,"East TN",2455501,83.893266587959,0.0775617554535609,151.415128725258,14.9053085297053,126.36932340895,7.75617554535609
2021-05-08,286688,171,233493,103,53195,68,258266,114,1781003,1895,2039269,2009,0,4255,-96,3007,267,279426,7,9212,4280,"East TN",2455501,81.2868738395953,0.0763354700854701,81.8162973666066,6.96395562453446,122.459734286404,7.63354700854701
2021-05-09,286834,146,233608,115,53226,31,258398,132,1782714,1711,2041112,1843,4,4259,-161,2846,303,279729,11,9223,4282,"East TN",2455501,80.1058521254929,0.0753402975625198,75.0559661755381,5.94583345720486,115.903027528802,7.53402975625198
2021-05-10,287070,236,233744,136,53326,100,258543,145,1784230,1516,2042773,1661,7,4266,-200,2646,429,280158,19,9242,4283,"East TN",2455501,81.1239742928225,0.0761378584583004,67.6440367973786,9.61107325959142,107.758050190165,7.61378584583004
2021-05-11,287386,316,233972,228,53414,88,258787,244,1786909,2679,2045696,2923,1,4267,-56,2590,371,280529,19,9261,4285,"East TN",2455501,80.9610747460498,0.0749883316911269,119.038843804177,12.8690641950461,105.477456535347,7.49883316911269
2021-05-12,287690,304,234189,217,53501,87,259041,254,1790974,4065,2050015,4319,3,4270,-54,2536,355,280884,15,9276,4287,"East TN",2455501,74.363643101754,0.0725629505798767,175.890785627862,12.3803655547279,103.278312653915,7.25629505798767
2021-05-13,287900,210,234325,136,53575,74,259186,145,1793707,2733,2052893,2878,1,4271,-134,2402,343,281227,9,9285,4289,"East TN",2455501,71.2278268263788,0.0673350214459201,117.206223902984,8.55222620556864,97.821177837028,6.73350214459201
2021-05-14,288203,303,234543,218,53660,85,259434,248,1796393,2686,2055827,2934,1,4272,34,2436,268,281495,19,9304,4292,"East TN",2455501,68.6621589647082,0.0690472343404966,119.486817557802,12.3396406680348,99.2058239845962,6.90472343404966
2021-05-15,288311,108,234624,81,53687,27,259536,102,1798381,1988,2057917,2090,0,4272,-157,2279,265,281760,5,9309,4295,"East TN",2455501,66.0964911030376,0.0681038181038181,85.1150131887546,4.39828776286387,92.8120167737663,6.81038181038181
2021-05-16,288411,100,234698,74,53713,26,259621,85,1799830,1449,2059451,1534,3,4275,-123,2156,220,281980,4,9313,4298,"East TN",2455501,64.2231463151512,0.066688478106767,62.4719761873443,4.0724886693184,87.8028557105047,6.6688478106767
2021-05-17,288613,202,234800,102,53813,100,259731,110,1801399,1569,2061130,1679,6,4281,-113,2043,309,282289,11,9324,4302,"East TN",2455501,62.8385001675829,0.0647164569374081,68.3770847578559,8.22642711202317,83.2009435141749,6.47164569374081
2021-05-18,288826,213,234935,135,53891,78,259877,146,1803637,2238,2063514,2384,8,4289,-103,1940,308,282597,20,9344,4305,"East TN",2455501,58.643836838185,0.0611740936132001,97.0881298765507,8.67440086564819,79.006280184777,6.11740936132001
2021-05-19,289043,217,235099,164,53944,53,260045,168,1806907,3270,2066952,3438,1,4290,-53,1887,269,282866,19,9363,4307,"East TN",2455501,55.100771695878,0.0592785026864262,140.012160451167,8.83730041242093,76.8478611900382,5.92785026864262
2021-05-20,289222,179,235231,132,53991,47,260201,156,1821076,14169,2081277,14325,3,4293,-90,1797,266,283132,7,9370,4309,"East TN",2455501,53.8383002083892,0.0357595828635851,583.384001879861,7.28975471807994,73.1826213876516,3.57595828635851
2021-05-21,289385,163,235338,107,54047,56,260322,121,1823354,2278,2083676,2399,0,4293,-60,1737,223,283355,9,9379,4311,"East TN",2455501,48.1368160713435,0.031886243671227,97.6990031769484,6.63815653098899,70.7391281860606,3.1886243671227
2021-05-22,289456,71,235386,48,54070,23,260384,62,1824941,1587,2085325,1649,0,4293,-107,1630,178,283533,10,9389,4311,"East TN",2455501,46.6299952636957,0.0309398715703444,67.1553381570604,2.89146695521606,66.3815653098899,3.09398715703444
2021-05-23,289530,74,235437,51,54093,23,260445,61,1826006,1065,2086451,1126,3,4296,-128,1502,199,283732,5,9394,4313,"East TN",2455501,45.5711482096729,0.0305185185185185,45.8562224165252,3.01364161529562,61.1687798131624,3.05185185185185
2021-05-24,289690,160,235548,111,54142,49,260571,126,1827931,1925,2088502,2051,0,4296,-94,1408,254,283986,7,9401,4314,"East TN",2455501,43.8607029685592,0.0306882946076282,83.5267426077204,6.51598187090944,57.3406404640031,3.06882946076282
2021-05-25,289833,143,235644,96,54189,47,260659,88,1829658,1727,2090317,1815,0,4296,-73,1335,216,284202,8,9409,4318,"East TN",2455501,41.0099609000363,0.0291758385255382,73.915669348129,5.82365879712531,54.3677237354006,2.91758385255382
2021-05-26,290018,185,235784,140,54234,45,260824,165,1832542,2884,2093366,3049,7,4303,-31,1304,209,284411,13,9422,4320,"East TN",2455501,39.7067645258544,0.0294919360944953,124.170179527518,7.53410403823904,53.1052522479119,2.94919360944953
2021-05-27,290143,125,235860,76,54283,49,260963,139,1835514,2972,2096477,3111,4,4307,-81,1223,202,284613,9,9431,4324,"East TN",2455501,37.5076206444225,0.0501315789473684,126.695122502495,5.090610836648,49.806536425764,5.01315789473684
2021-05-28,290260,117,235950,90,54310,27,261061,98,1837626,2112,2098687,2210,0,4307,-61,1162,178,284791,5,9436,4325,"East TN",2455501,35.634275856536,0.0492305642528812,90.0019995919366,4.76481174310253,47.3223183374798,4.92305642528812
2021-05-29,290312,52,235981,31,54331,21,261098,37,1838703,1077,2099801,1114,0,4307,-88,1074,140,284931,7,9443,4327,"East TN",2455501,34.8605030093655,0.0493230174081238,45.367523776207,2.11769410804557,43.7385283084796,4.93230174081238
2021-05-30,290367,55,236021,40,54346,15,261144,46,1839789,1086,2100933,1132,0,4307,-67,1007,122,285053,7,9450,4329,"East TN",2455501,34.086730162195,0.0482668139759702,46.1005717366843,2.23986876812512,41.0099609000363,4.82668139759702
2021-05-31,290447,80,236087,66,54360,14,261215,71,1841216,1427,2102431,1498,6,4313,-97,910,171,285224,4,9454,4330,"East TN",2455501,30.8287392267403,0.0462344748366717,61.0058802663896,3.25799093545472,37.0596468907974,4.62344748366717
2021-06-01,290577,130,236180,93,54397,37,261309,94,1842531,1315,2103840,1409,3,4316,-37,873,164,285388,11,9465,4330,"East TN",2455501,30.2993156997289,0.048066257487244,57.3813653506963,5.29423527011392,35.5528260831496,4.8066257487244
2021-06-02,290696,119,236251,71,54445,48,261382,73,1844511,1980,2105893,2053,1,4317,-20,853,138,285526,9,9474,4334,"East TN",2455501,27.6114731779788,0.0445437854234853,83.6081923811067,4.8462615164889,34.738328349286,4.45437854234853
2021-06-03,290784,88,236307,56,54477,32,261501,119,1847677,3166,2109178,3285,1,4318,-42,811,129,285655,6,9480,4337,"East TN",2455501,26.1046523703309,0.0423588693803637,133.781252787109,3.58379002900019,33.0278831081722,4.23588693803637
2021-06-04,290875,91,236366,59,54509,32,261579,78,1849828,2151,2111407,2229,1,4319,-30,781,120,285775,7,9487,4337,"East TN",2455501,25.0458053163082,0.0407232704402516,90.7757724391071,3.70596468907974,31.8061365073767,4.07232704402516
2021-06-05,290916,41,236392,26,54524,15,261609,30,1851211,1383,2112820,1413,-1,4318,-70,711,112,285887,2,9489,4339,"East TN",2455501,24.5978315626831,0.0392503264459636,57.544264897469,1.66972035442054,28.9553944388538,3.92503264459636
2021-06-06,290942,26,236408,16,54534,10,261628,19,1852127,916,2113755,935,-1,4317,-57,654,84,285971,2,9491,4339,"East TN",2455501,23.4168098485808,0.037747621275932,38.077769058127,1.05884705402278,26.6340758973423,3.7747621275932
2021-06-07,291015,73,236442,34,54573,39,261680,52,1853397,1270,2115077,1322,3,4320,-70,584,140,286111,10,9501,4340,"East TN",2455501,23.1317356417285,0.0367705203226317,53.8383002083892,2.97291672860243,23.7833338288195,3.67705203226317
2021-06-08,291101,86,236507,65,54594,21,261750,70,1854876,1479,2116626,1549,3,4323,-28,556,111,286222,4,9505,4343,"East TN",2455501,21.3398406272284,0.0344908493664946,63.082849487742,3.50234025561382,22.6430370014103,3.44908493664946
2021-06-09,291148,47,236543,36,54605,11,261804,54,1857607,2731,2119411,2785,0,4323,-65,491,112,286334,3,9508,4344,"East TN",2455501,18.4076487853192,0.0312176357449327,113.418809440517,1.91406967457965,19.9959193663533,3.12176357449327
2021-06-10,291223,75,236600,57,54623,18,261870,66,1859392,1785,2121262,1851,4,4327,-24,467,95,286429,4,9512,4347,"East TN",2455501,17.8782252583078,0.0305362462760675,75.3817652690836,3.0543665019888,19.0185220857169,3.05362462760675
2021-06-11,291293,70,236646,46,54647,24,261926,56,1860876,1484,2122802,1540,2,4329,-5,462,73,286502,4,9516,4348,"East TN",2455501,17.0230026377509,0.0304519526107942,62.7163255075034,2.85074206852288,18.814897652251,3.04519526107942
2021-06-12,291322,29,236668,22,54654,7,261957,31,1862070,1194,2124027,1225,3,4332,-24,438,50,286552,1,9517,4351,"East TN",2455501,16.5343039974327,0.0310520210582672,49.8879861991504,1.18102171410234,17.8375003716146,3.10520210582672
2021-06-13,291340,18,236682,14,54658,4,261978,21,1862914,844,2124892,865,1,4333,-41,397,58,286610,1,9518,4351,"East TN",2455501,16.2085049038872,0.0314267756128221,35.2270269896042,0.733047960477312,16.167780017194,3.14267756128221
2021-06-14,291393,53,236715,33,54678,20,262019,41,1864168,1254,2126187,1295,3,4336,-9,388,59,286669,3,9521,4351,"East TN",2455501,15.3940071700236,0.0305130513051305,52.7387282676733,2.15841899473875,15.8012560369554,3.05130513051305
2021-06-15,291481,88,236783,68,54698,20,262107,88,1866050,1882,2128157,1970,0,4336,-7,381,95,286764,4,9525,4352,"East TN",2455501,15.4754569434099,0.0309600208134594,80.2280267855725,3.58379002900019,15.5161818301031,3.09600208134594
2021-06-16,291548,67,236823,40,54725,27,262145,38,1867956,1906,2130101,1944,2,4338,-14,367,79,286843,7,9532,4354,"East TN",2455501,16.2899546772736,0.0318989710009355,79.1691797315497,2.72856740844333,14.9460334163985,3.18989710009355
2021-06-17,291600,52,236862,39,54738,13,262191,46,1870306,2350,2132497,2396,1,4339,-6,361,57,286900,1,9533,4358,"East TN",2455501,15.3532822833304,0.0285714285714286,97.5768285168689,2.11769410804557,14.7016840962394,2.85714285714286
2021-06-18,291663,63,236914,52,54749,11,262246,55,1872034,1728,2134280,1783,2,4341,1,362,60,286960,4,9537,4360,"East TN",2455501,15.0682080764781,0.0278794215020038,72.6124729739471,2.56566786167059,14.7424089829326,2.78794215020038
2021-06-19,291691,28,236930,16,54761,12,262264,18,1873186,1152,2135450,1170,0,4341,-16,346,44,287004,4,9541,4361,"East TN",2455501,15.0274831897849,0.0268756018559048,47.6481174310253,1.14029682740915,14.0908107958417,2.68756018559048
2021-06-20,291716,25,236951,21,54765,4,262281,17,1873940,754,2136221,771,3,4344,-13,333,35,287039,2,9543,4364,"East TN",2455501,15.3125573966372,0.0267455203460147,31.3988876404449,1.0181221673296,13.5613872688303,2.67455203460147
2021-06-21,291783,67,236991,40,54792,27,262333,52,1875212,1272,2137545,1324,6,4350,2,335,59,287098,2,9545,4365,"East TN",2455501,15.8827058103418,0.0276457122732876,53.9197499817756,2.72856740844333,13.6428370422166,2.76457122732876
2021-06-22,291876,93,237037,46,54839,47,262384,51,1876639,1427,2139023,1478,5,4355,37,372,51,287149,7,9552,4369,"East TN",2455501,16.0863302438077,0.0254923614945702,60.1913825325259,3.78741446246611,15.1496578498644,2.54923614945702
2021-06-23,291945,69,237083,46,54862,23,262439,55,1878426,1787,2140865,1842,2,4357,6,378,61,287210,5,9557,4373,"East TN",2455501,16.167780017194,0.0273132664437012,75.0152412888449,2.8100171818297,15.3940071700236,2.73132664437012
2021-06-24,292028,83,237133,50,54895,33,262501,62,1880270,1844,2142771,1906,3,4360,27,405,53,287263,5,9562,4374,"East TN",2455501,17.4302515046828,0.0301732528713257,77.6216340372087,3.38016559553427,16.4935791107395,3.01732528713257
2021-06-25,292107,79,237189,56,54918,23,262570,69,1882078,1808,2144648,1877,0,4360,32,437,47,287310,2,9564,4376,"East TN",2455501,18.0818496917737,0.03125,76.4406123231064,3.21726604876154,17.7967754849214,3.125
2021-06-26,292141,34,237206,17,54935,17,262591,21,1883262,1184,2145853,1205,0,4360,1,438,33,287343,2,9566,4378,"East TN",2455501,18.3261990119328,0.0314332404114198,49.0734884652867,1.38464614756826,17.8375003716146,3.14332404114198
2021-06-27,292170,29,237226,20,54944,9,262615,24,1883976,714,2146591,738,2,4362,-9,429,36,287379,3,9569,4380,"East TN",2455501,18.4890985587055,0.0322082931533269,30.0549663795698,1.18102171410234,17.4709763913759,3.22082931533269
2021-06-28,292214,44,237250,24,54964,20,262640,25,1884528,552,2147168,577,4,4366,-16,413,56,287435,3,9572,4380,"East TN",2455501,17.5524261647623,0.0319027330354359,23.4982596219672,1.7918950145001,16.819378204285,3.19027330354359
2021-06-29,292345,131,237335,85,55010,46,262737,97,1886543,2015,2149280,2112,0,4366,79,492,52,287487,6,9578,4383,"East TN",2455501,19.0999718591033,0.0344155211075363,86.0109606960046,5.3349601568071,20.0366442530465,3.44155211075363
2021-06-30,292430,85,237398,63,55032,22,262812,75,1888187,1644,2150999,1719,3,4369,30,522,52,287539,3,9581,4383,"East TN",2455501,19.7515700461942,0.0368067890270377,70.0060802255833,3.46161536892064,21.258390853842,3.68067890270377
2021-07-01,292536,106,237451,53,55085,53,262877,65,1890739,2552,2153616,2617,1,4370,57,579,48,287587,2,9583,4386,"East TN",2455501,20.6882424401375,0.0346703550023052,106.577028476063,4.3168379894775,23.5797093953535,3.46703550023052
2021-07-02,292618,82,237514,63,55104,19,262951,74,1892421,1682,2155372,1756,0,4370,30,609,52,287639,2,9585,4388,"East TN",2455501,20.810417100217,0.0355277881387542,71.5129010332311,3.33944070884109,24.8014559961491,3.55277881387542
2021-07-03,292665,47,237549,35,55116,12,262991,40,1893509,1088,2156500,1128,1,4371,0,609,46,287685,3,9588,4391,"East TN",2455501,21.3398406272284,0.0375692683384991,45.9376721899116,1.91406967457965,24.8014559961491,3.75692683384991
2021-07-04,292692,27,237570,21,55122,6,263016,25,1894209,700,2157225,725,0,4371,-12,597,39,287724,1,9589,4392,"East TN",2455501,21.258390853842,0.0377092345307504,29.5255428525584,1.09957194071597,24.3127573558308,3.77092345307504
2021-07-05,292735,43,237593,23,55142,20,263041,25,1894691,482,2157732,507,0,4371,-29,568,72,287796,2,9591,4392,"East TN",2455501,21.2176659671489,0.0379591063990913,20.6475175534443,1.75117012780691,23.1317356417285,3.79591063990913
2021-07-06,292897,162,237695,102,55202,60,263154,113,1896016,1325,2159170,1438,5,4376,82,650,75,287871,6,9597,4392,"East TN",2455501,22.4801374546376,0.0421638018200202,58.5623870647986,6.59743164429581,26.4711763505696,4.21638018200202
2021-07-07,293038,141,237773,78,55265,63,263242,88,1897475,1459,2160717,1547,5,4381,79,729,57,287928,6,9603,4394,"East TN",2455501,24.7607311094559,0.0442477876106195,63.0013997143556,5.74220902373894,29.6884423993311,4.42477876106195
2021-07-08,293178,140,237874,101,55304,39,263359,117,1899330,1855,2162689,1972,2,4383,77,806,61,287989,3,9606,4396,"East TN",2455501,26.1453772570241,0.0531246555714758,80.3094765589588,5.70148413704576,32.8242586747063,5.31246555714758
2021-07-09,293342,164,237996,122,55346,42,263490,131,1901075,1745,2164565,1876,0,4383,100,906,64,288053,4,9610,4398,"East TN",2455501,29.4848179658652,0.0586315674970086,76.3998874364132,6.67888141768218,36.8967473440247,5.86315674970086
2021-07-10,293446,104,238068,72,55378,32,263564,74,1902131,1056,2165695,1130,0,4383,56,962,48,288101,12,9622,4399,"East TN",2455501,31.8061365073767,0.0623164763458401,46.0191219632979,4.23538821609114,39.177340998843,6.23164763458401
2021-07-11,293494,48,238102,34,55392,14,263607,43,1902886,755,2166493,798,2,4385,4,966,42,288143,7,9629,4399,"East TN",2455501,32.6613591279336,0.0637678031937851,32.4984595811608,1.95479456127283,39.3402405456157,6.37678031937851
2021-07-12,293666,172,238217,115,55449,57,263731,124,1904252,1366,2167983,1490,1,4386,91,1057,80,288223,13,9642,4400,"East TN",2455501,37.9148695113543,0.0673105062920691,60.6800811728442,7.00468051122765,43.0462052346955,6.73105062920691
2021-07-13,293880,214,238352,135,55528,79,263876,145,1905873,1621,2169749,1766,4,4390,149,1206,61,288284,14,9656,4403,"East TN",2455501,40.0325636193999,0.0682484166745439,71.9201499001629,8.71512575234138,49.1142133519799,6.82484166745439
2021-07-14,294052,172,238483,131,55569,41,264018,142,1907436,1563,2171454,1705,0,4390,103,1309,69,288353,9,9665,4404,"East TN",2455501,41.2950351068886,0.0722734469591133,69.4359318118787,7.00468051122765,53.3088766813779,7.22734469591134
2021-07-15,294272,220,238631,148,55641,72,264185,167,1909237,1801,2173422,1968,0,4390,119,1428,101,288454,14,9679,4404,"East TN",2455501,44.5530260423433,0.0769589117674462,80.1465770121861,8.95947507250048,58.1551381978667,7.69589117674462
2021-07-16,294503,231,238772,141,55731,90,264340,155,1910766,1529,2175106,1684,0,4390,165,1593,66,288520,9,9688,4408,"East TN",2455501,47.2815934507866,0.0806375106726117,68.5807091913219,9.4074488261255,64.8747445022421,8.06375106726117
2021-07-17,294647,144,238872,100,55775,44,264450,110,1911984,1218,2176434,1328,0,4390,54,1647,90,288610,5,9693,4410,"East TN",2455501,48.910588918514,0.0825030263525468,54.0826495285484,5.8643836838185,67.073888383674,8.25030263525468
2021-07-18,294791,144,238993,121,55798,23,264582,132,1913110,1126,2177692,1258,0,4390,50,1697,94,288704,6,9699,4412,"East TN",2455501,52.8201780410596,0.0870613447629253,51.2319074600255,5.8643836838185,69.1101327183332,8.70613447629253
2021-07-19,295095,304,239203,210,55892,94,264799,217,1914800,1690,2179599,1907,3,4393,166,1863,135,288839,12,9711,4413,"East TN",2455501,58.1958630845599,0.0919421487603306,77.6623589239019,12.3803655547279,75.8704639094018,9.19421487603306
2021-07-20,295451,356,239438,235,56013,121,265053,254,1916461,1661,2181514,1915,2,4395,215,2078,139,288978,21,9732,4414,"East TN",2455501,63.9787969949921,0.100042498937527,77.9881580174473,14.4980596627735,84.6263145484363,10.0042498937527
2021-07-21,295852,401,239730,292,56122,109,265363,310,1918577,2116,2183940,2426,3,4398,248,2326,150,289128,23,9755,4418,"East TN",2455501,73.3047960477312,0.10772064712478,98.7985751176644,16.3306795639668,94.726086448346,10.772064712478
2021-07-22,296326,474,240062,332,56264,142,265730,367,1920946,2369,2186676,2736,5,4403,321,2647,148,289276,19,9774,4420,"East TN",2455501,83.6489172677999,0.116568583069262,111.423289992551,19.3035962925692,107.798775076858,11.6568583069262
2021-07-23,296790,464,240377,315,56413,149,266064,334,1922849,1903,2188913,2237,1,4404,332,2979,131,289407,21,9795,4425,"East TN",2455501,93.1378158673118,0.124864199319186,91.1015715326526,18.8963474256374,121.319437458995,12.4864199319186
2021-07-24,297147,357,240620,243,56527,114,266329,265,1924600,1751,2190929,2016,0,4404,223,3202,134,289541,18,9813,4429,"East TN",2455501,101.81221673296,0.129630907209383,82.1013715734589,14.5387845494667,130.401087191575,12.9630907209383
2021-07-25,297375,228,240808,188,56567,40,266532,203,1925915,1315,2192447,1518,3,4407,98,3300,127,289668,13,9826,4434,"East TN",2455501,105.233107215187,0.13215859030837,61.8203780002533,9.28527416604595,134.392126087507,13.215859030837
2021-07-26,298037,662,241260,452,56777,210,267012,480,1927644,1729,2194656,2209,10,4417,443,3743,209,289877,30,9856,4438,"East TN",2455501,119.812616651347,0.146974828983197,89.9612747052435,26.9598749908878,152.433250892588,14.6974828983197
2021-07-27,298765,728,241746,486,57019,242,267527,515,1929965,2321,2197492,2836,2,4419,536,4279,190,290067,24,9880,4444,"East TN",2455501,134.962274501212,0.154837902115409,115.49577866187,29.6477175126379,174.261790160134,15.4837902115409
2021-07-28,299584,819,242289,543,57295,276,268140,613,1932833,2868,2200973,3481,2,4421,560,4839,257,290324,30,9910,4447,"East TN",2455501,151.985277138963,0.163036458639112,141.763330578973,33.3536822017177,197.067726708317,16.3036458639112
2021-07-29,300272,688,242739,450,57533,238,268637,497,1935261,2428,2203898,2925,3,4424,477,5316,208,290532,17,9927,4451,"East TN",2455501,160.700402891304,0.16879572639647,119.120293577563,28.0187220449106,216.493497660966,16.879572639647
2021-07-30,301272,1000,243477,738,57795,262,269426,789,1937064,1803,2206490,2592,4,4428,752,6068,244,290776,39,9966,4454,"East TN",2455501,182.528942158851,0.191272685896342,105.558906308733,40.724886693184,247.11861245424,19.1272685896342
2021-07-31,301807,535,243838,361,57969,174,269820,394,1939034,1970,2208854,2364,2,4430,319,6387,214,290990,30,9996,4463,"East TN",2455501,189.777971990237,0.194755927475593,96.273632142687,21.7878143808534,260.109851309366,19.4755927475593
2021-08-01,302340,533,244259,421,58081,112,270281,461,1941172,2138,2211453,2599,3,4433,319,6706,211,291201,24,10020,4466,"East TN",2455501,202.199062431659,0.197253498895086,105.843980515585,21.7063646074671,273.101090164492,19.7253498895086
2021-08-02,303190,850,244787,528,58403,322,270817,536,1943507,2335,2214324,2871,9,4442,419,7125,422,291623,31,10051,4474,"East TN",2455501,209.855341129977,0.193461460239984,116.921149696131,34.6161536892064,290.164817688936,19.3461460239984
2021-08-03,304528,1338,245746,959,58782,379,271832,1015,1947282,3775,2219114,4790,4,4446,895,8020,439,292062,32,10083,4483,"East TN",2455501,234.697522012819,0.1991027657016,195.072207260351,54.4898983954802,326.613591279336,19.91027657016
2021-08-04,305615,1087,246569,823,59046,264,272720,888,1950902,3620,2223622,4508,8,4454,645,8665,434,292496,33,10116,4489,"East TN",2455501,245.611791646593,0.202216433396618,183.587789212873,44.267951835491,352.881143196439,20.2216433396618
2021-08-05,306795,1180,247448,879,59347,301,273671,951,1954868,3966,2228539,4917,10,4464,663,9328,507,293003,35,10151,4496,"East TN",2455501,265.648435899639,0.204293656913275,200.244267870386,48.0553662979571,379.88174307402,20.4293656913275
2021-08-06,308134,1339,248425,977,59709,362,274752,1081,1959496,4628,2234248,5709,3,4467,908,10236,428,293431,44,10195,4509,"East TN",2455501,279.454172488629,0.19187261330067,232.498378131387,54.5306232821734,416.859940191431,19.187261330067
2021-08-07,308857,723,248945,520,59912,203,275333,581,1962500,3004,2237833,3585,0,4467,326,10562,397,293828,23,10218,4518,"East TN",2455501,287.110451186947,0.190241209151455,145.998718795065,29.444093079172,430.136253253409,19.0241209151455
2021-08-08,309493,636,249394,449,60099,187,275859,526,1964615,2115,2240474,2641,5,4472,226,10788,405,294233,27,10245,4527,"East TN",2455501,291.305114516345,0.192205644188691,107.554425756699,25.901027936865,439.340077646069,19.2205644188691
2021-08-09,310862,1369,250340,946,60522,423,276865,1006,1968154,3539,2245019,4545,14,4486,569,11357,786,295019,56,10301,4538,"East TN",2455501,312.441330710108,0.197035347776511,185.094610020521,55.7523698829689,462.512538174491,19.7035347776511
2021-08-10,312188,1326,251174,834,61014,492,277782,917,1971406,3252,2249188,4169,6,4492,546,11903,774,295793,41,10342,4550,"East TN",2455501,311.952632069789,0.197845314889938,169.782052623884,54.001199755162,484.748326308969,19.7845314889938
2021-08-11,314075,1887,252465,1291,61610,596,279162,1380,1976762,5356,2255924,6736,8,4500,1056,12959,823,296616,56,10398,4559,"East TN",2455501,344.532541424337,0.199430375828122,274.322836765287,76.8478611900382,527.753806656971,19.9430375828122
2021-08-12,315537,1462,253515,1050,62022,412,280323,1161,1981244,4482,2261567,5643,10,4510,586,13545,866,297482,36,10434,4569,"East TN",2455501,356.016959471815,0.201404868596342,229.810535609637,59.539784345435,551.618590259177,20.1404868596342
2021-08-13,317184,1647,254617,1102,62567,545,281495,1172,1986663,5419,2268158,6591,11,4521,793,14338,843,298325,25,10459,4583,"East TN",2455501,368.560224573315,0.198849896785609,268.417728194776,67.073888383674,583.913425406872,19.8849896785609
2021-08-14,318714,1530,255696,1079,63018,451,282695,1200,1992139,5476,2274834,6676,1,4522,913,15251,616,298941,20,10479,4592,"East TN",2455501,401.425208134715,0.198967595470393,271.879343563696,62.3090766405715,621.095246957749,19.8967595470393
2021-08-15,319860,1146,256655,959,63205,187,283752,1057,1995949,3810,2279701,4867,11,4533,426,15677,709,299650,17,10496,4602,"East TN",2455501,422.194900348238,0.201213449919698,198.208023535727,46.6707201503889,638.444048689046,20.1213449919698
2021-08-16,321300,1440,257565,910,63735,530,284714,962,1999009,3060,2283723,4022,17,4550,164,15841,1259,300909,25,10521,4615,"East TN",2455501,425.086367303455,0.20279557668458,163.795494279986,58.643836838185,645.122930106728,20.279557668458
2021-08-17,323037,1737,258770,1205,64267,532,286035,1321,2003869,4860,2289904,6181,10,4560,522,16363,1205,302114,19,10540,4629,"East TN",2455501,441.824295734353,0.202696728558798,251.72052465057,70.7391281860606,666.38132096057,20.2696728558798
2021-08-18,325133,2096,260134,1364,64999,732,287515,1480,2009289,5420,2296804,6900,13,4573,949,17312,1134,303248,25,10565,4639,"East TN",2455501,450.335797053229,0.204329745596869,281.00171818297,85.3593625089137,705.029238432401,20.4329745596869
2021-08-19,327523,2390,261596,1462,65927,928,289091,1576,2019241,9952,2308332,11528,23,4596,1124,18436,1243,304491,37,10602,4649,"East TN",2455501,488.128491904503,0.187490644712926,469.476493799025,97.3324791967098,750.80401107554,18.7490644712926
2021-08-20,329973,2450,263547,1951,66426,499,291193,2102,2026135,6894,2317328,8996,4,4600,1275,19711,1171,305662,29,10631,4670,"East TN",2455501,520.83057591913,0.19723408582469,366.361080691883,99.7759723983008,802.72824160935,19.723408582469
2021-08-21,332896,2923,265487,1940,67409,983,293308,2115,2035065,8930,2328373,11045,0,4600,2171,21882,752,306414,50,10681,4681,"East TN",2455501,577.560343082735,0.198229328153309,449.806373526217,119.038843804177,891.141970620252,19.8229328153309
2021-08-22,334381,1485,266825,1338,67556,147,294827,1519,2040577,5512,2335404,7031,7,4607,564,22446,914,307328,15,10696,4691,"East TN",2455501,591.366079671725,0.198822325547996,286.336678339777,60.4764567393782,914.110806715208,19.8822325547996
2021-08-23,336328,1947,267927,1102,68401,845,296012,1185,2044544,3967,2340556,5152,18,4625,221,22667,1708,309036,31,10727,4698,"East TN",2455501,612.013597225169,0.198792954797389,209.814616243284,79.2913543916292,923.111006674402,19.8792954797389
2021-08-24,338315,1987,269292,1365,69023,622,297449,1437,2048323,3779,2345772,5216,15,4640,187,22854,1785,310821,24,10751,4713,"East TN",2455501,622.194818898465,0.204302999928403,212.421008991648,80.9203498593566,930.726560486027,20.4302999928403
2021-08-25,340545,2230,270476,1184,70069,1046,298694,1245,2052359,4036,2351053,5281,17,4657,661,23515,1552,312373,34,10785,4737,"East TN",2455501,627.651953715352,0.206068314623311,215.068126626705,90.8164973258003,957.645710590222,20.6068314623311
2021-08-26,343203,2658,272288,1812,70915,846,300651,1957,2059204,6845,2359855,8802,24,4681,778,24293,1856,314229,29,10814,4750,"East TN",2455501,638.566223349125,0.224365817207849,358.460452673406,108.246748830483,989.329672437519,22.4365817207849
2021-08-27,346225,3022,274550,2262,71675,760,303016,2365,2066273,7069,2369289,9434,19,4700,1350,25643,1653,315882,35,10849,4762,"East TN",2455501,661.860858537626,0.227536036642867,384.198581063498,123.070607586802,1044.30826947332,22.7536036642867
2021-08-28,348366,2141,276079,1529,72287,612,304686,1670,2072140,5867,2376826,7537,1,4701,971,26614,1169,317051,28,10877,4781,"East TN",2455501,630.013997143556,0.23482550100097,306.943471006528,87.1919824101069,1083.8521344524,23.482550100097
2021-08-29,350706,2340,277901,1822,72805,518,306707,2021,2079133,6993,2385840,9014,9,4710,1113,27727,1218,318269,38,10915,4795,"East TN",2455501,664.833775266229,0.235546038543897,367.094128652361,95.2962348620506,1129.17893334191,23.5546038543897
2021-08-30,353949,3243,280300,2399,73649,844,309310,2603,2088175,9042,2397485,11645,21,4731,429,28156,2793,321062,56,10971,4814,"East TN",2455501,717.613228420595,0.233589207609478,474.241305542128,132.070807545996,1146.64990973329,23.3589207609478
2021-08-31,357544,3595,282687,2387,74857,1208,311921,2611,2096762,8587,2408683,11198,7,4738,878,29034,2710,323772,68,11039,4830,"East TN",2455501,783.098846223235,0.230039261814309,456.037281190274,146.405967661996,1182.4063602499,23.0039261814309
2021-09-01,358981,1437,283618,931,75363,506,312908,987,2099045,2283,2411953,3270,15,4753,-944,28090,2366,326138,22,11061,4856,"East TN",2455501,750.80401107554,0.233399014778325,133.170379486712,58.5216621781054,1143.96206721154,23.3399014778325
2021-09-02,361298,2317,285085,1467,76213,850,314426,1518,2103307,4262,2417733,5780,19,4772,-540,27550,2838,328976,31,11092,4872,"East TN",2455501,736.916824713164,0.238000621997996,235.389845086604,94.3595624681073,1121.97062839722,23.8000621997996
2021-09-03,363050,1752,286282,1197,76768,555,315720,1294,2107413,4106,2423133,5400,17,4789,-880,26670,2615,331591,27,11119,4879,"East TN",2455501,685.196218612821,0.235940866206077,219.914388143194,71.3500014864584,1086.13272810722,23.5940866206077
2021-09-04,366305,3255,288592,2310,77713,945,318299,2579,2115461,8048,2433760,10627,3,4792,1653,28323,1599,333190,34,11153,4892,"East TN",2455501,730.563742389028,0.23910141567429,432.783370888466,132.559506186314,1153.45096581105,23.910141567429
2021-09-05,370767,4462,291828,3236,78939,1226,321810,3511,2127972,12511,2449782,16022,8,4800,2879,31202,1575,334765,40,11193,4916,"East TN",2455501,816.981951951964,0.236198429827031,652.494134598194,181.714444424987,1270.69791460073,23.6198429827031
2021-09-06,375670,4903,295744,3916,79926,987,326094,4284,2143613,15641,2469707,19925,11,4811,936,32138,3956,338721,61,11254,4934,"East TN",2455501,884.58526386265,0.232394561214035,811.443367361691,199.674119456681,1308.81640854555,23.2394561214034
2021-09-07,377757,2087,297188,1444,80569,643,327610,1516,2148039,4426,2475649,5942,34,4845,-1824,30314,3877,342598,48,11302,4947,"East TN",2455501,823.172134729328,0.2342830690201,241.987276730899,84.992838528675,1234.53421521718,23.42830690201
2021-09-08,379434,1677,298360,1172,81074,505,328872,1262,2152419,4380,2481291,5642,20,4865,-1760,28554,3417,346015,46,11348,4965,"East TN",2455501,832.946107535692,0.230234503446883,229.769810722944,68.2956349844696,1162.85841463718,23.0234503446883
2021-09-09,381341,1907,299353,993,81988,914,329947,1075,2156085,3666,2486032,4741,7,4872,-1707,26847,3607,349622,39,11387,4984,"East TN",2455501,816.248903991487,0.227250765018522,193.076687812385,77.6623589239019,1093.34103305191,22.7250765018522
2021-09-10,386826,5485,303167,3814,83659,1671,334079,4132,2168191,12106,2502270,16238,23,4895,2196,29043,3266,352888,105,11492,5001,"East TN",2455501,968.274906017143,0.231990093129636,661.290710123922,223.376003512114,1182.77288423014,23.1990093129636
2021-09-11,391110,4284,306258,3091,84852,1193,337396,3317,2180013,11822,2517409,15139,8,4903,2650,31693,1626,354514,83,11575,5028,"East TN",2455501,1010.18081442443,0.228299202620474,616.534059648113,174.4654145936,1290.69383396708,22.8299202620474
2021-09-12,392689,1579,307679,1421,85010,158,338950,1554,2185257,5244,2524207,6798,23,4926,-8,31685,1564,356078,30,11605,5050,"East TN",2455501,892.77096608798,0.230298958683238,276.847779740265,64.3045960885375,1290.36803487353,23.0298958683238
2021-09-13,395040,2351,309112,1433,85928,918,340455,1505,2190380,5123,2530835,6628,63,4989,-1984,29701,4272,360350,57,11662,5075,"East TN",2455501,788.841055246974,0.23493325480958,269.924549002424,95.7442086156756,1209.56985967426,23.493325480958
2021-09-14,397849,2809,311047,1935,86802,874,342529,2074,2196603,6223,2539132,8297,43,5032,-1004,28697,3770,364120,50,11712,5101,"East TN",2455501,818.244423439453,0.235007797363074,337.894384893348,114.396206721154,1168.6820734343,23.5007797363074
2021-09-15,399643,1794,312229,1182,87414,612,343742,1213,2200378,3775,2544120,4988,23,5055,-1561,27136,3332,367452,25,11737,5120,"East TN",2455501,823.009235182555,0.236674147288672,203.135734825602,73.0604467275721,1105.11052530624,23.6674147288672
2021-09-16,402298,2655,314072,1843,88226,812,345699,1957,2207037,6659,2552736,8616,23,5078,-614,26522,3246,370698,47,11784,5142,"East TN",2455501,853.471450429057,0.236147757255937,350.885623748473,108.124574170404,1080.10544487663,23.6147757255937
2021-09-17,404982,2684,315941,1869,89041,815,347706,2007,2214240,7203,2561946,9210,23,5101,-60,26462,2721,373419,61,11845,5173,"East TN",2455501,739.401042801449,0.228349755345533,375.076206444225,109.305595884506,1077.66195167503,22.8349755345533
2021-09-18,406438,1456,317110,1169,89328,287,349042,1336,2219712,5472,2568754,6808,3,5104,-200,26262,1653,375072,29,11874,5211,"East TN",2455501,624.231063233124,0.226818580192813,277.255028607197,59.2954350252759,1069.5169743364,22.6818580192813
2021-09-19,407082,644,317552,442,89530,202,349555,513,2221789,2077,2571344,2590,17,5121,-976,25286,1603,376675,19,11893,5240,"East TN",2455501,586.153294174997,0.224982497825487,105.477456535347,26.2268270304105,1029.76948492385,22.4982497825487
2021-09-20,409067,1985,318791,1239,90276,746,350929,1374,2227426,5637,2578355,7011,48,5169,300,25586,1637,378312,46,11939,5266,"East TN",2455501,571.247985645292,0.220412457912458,285.522180605913,80.8389000859702,1041.98695093181,22.0412457912458
2021-09-21,410932,1865,319865,1074,91067,791,352069,1140,2231732,4306,2583801,5446,31,5200,-2235,23351,4069,382381,41,11980,5291,"East TN",2455501,532.803692606926,0.213570932861716,221.78773293108,75.9519136827882,950.96682917254,21.3570932861716
2021-09-22,412518,1586,320965,1100,91553,486,353289,1220,2237091,5359,2590380,6579,14,5214,-1404,21947,2976,385357,38,12018,5312,"East TN",2455501,524.332916174744,0.206376999567661,267.929029554458,64.5896702953898,893.789088255309,20.6376999567661
2021-09-23,414872,2354,322458,1493,92414,861,354950,1661,2243448,6357,2598398,8018,32,5246,-482,21465,2804,388161,41,12059,5328,"East TN",2455501,512.074725280096,0.202597345714161,326.532141505949,95.8663832757551,874.159692869194,20.2597345714161
2021-09-24,416414,1542,323435,977,92979,565,356050,1100,2248331,4883,2604381,5983,38,5284,-997,20468,2501,390662,29,12088,5355,"East TN",2455501,465.566904676479,0.196630140214446,243.65699708532,62.7977752808897,833.55698083609,19.6630140214446
2021-09-25,417116,702,323916,481,93200,221,356612,562,2251353,3022,2607965,3584,2,5286,-873,19595,1573,392235,17,12105,5379,"East TN",2455501,434.860340109819,0.193058070439418,145.957993908371,28.5888704586152,798.00415475294,19.3058070439418
2021-09-26,417971,855,324534,618,93437,237,357331,719,2255330,3977,2612661,4696,6,5292,-373,19222,1222,393457,15,12120,5394,"East TN",2455501,443.453291202081,0.18820340295762,191.244067911192,34.8197781226723,782.813772016383,18.820340295762
2021-09-27,419431,1460,325357,823,94074,637,358253,922,2258921,3591,2617174,4513,47,5339,-1545,17677,2958,396415,31,12151,5409,"East TN",2455501,422.072725688159,0.188670496406399,183.791413646339,59.4583345720486,719.893822075414,18.8670496406399
2021-09-28,420727,1296,326136,779,94591,517,359116,863,2262583,3662,2621699,4525,14,5353,-1067,16610,2349,398764,21,12172,5419,"East TN",2455501,398.900265159737,0.185946487941316,184.280112286658,52.7794531543665,676.440367973786,18.5946487941316
2021-09-29,422408,1681,327140,1004,95268,677,360253,1137,2268081,5498,2628334,6635,30,5383,-392,16218,2043,400807,34,12206,5441,"East TN",2455501,402.76912939559,0.183485271644622,270.209623209276,68.4585345312423,660.476212390058,18.3485271644622
2021-09-30,423617,1209,327882,742,95735,467,361073,820,2272753,4672,2633826,5492,11,5394,-848,15370,2046,402853,17,12223,5454,"East TN",2455501,356.139134131894,0.172829400474201,223.661077718967,49.2363880120595,625.941508474238,17.2829400474201
2021-10-01,424988,1371,328844,962,96144,409,362144,1071,2277725,4972,2639869,6043,14,5408,-338,15032,1695,404548,22,12245,5470,"East TN",2455501,349.17517850736,0.171720018034265,246.100490286911,55.8338196563553,612.176496771942,17.1720018034265
2021-10-02,425541,553,329190,346,96351,207,362536,392,2280395,2670,2642931,3062,11,5419,-392,14640,934,405482,10,12255,5488,"East TN",2455501,343.107170390075,0.169421723960419,124.699603054529,22.5208623413308,596.212341188214,16.9421723960419
2021-10-03,426077,536,329651,461,96426,75,363060,524,2283487,3092,2646547,3616,13,5432,-294,14346,817,406299,12,12267,5504,"East TN",2455501,330.115931534949,0.169066871274273,147.261190282553,21.8285392675466,584.239224500418,16.9066871274273
2021-10-04,427427,1350,330492,841,96935,509,364001,941,2287625,4138,2651626,5079,22,5454,-659,13687,1987,408286,19,12286,5513,"East TN",2455501,325.636193998699,0.166840822013236,206.841699514682,54.9785970357984,557.401524169609,16.6840822013236
2021-10-05,428687,1260,331231,739,97456,521,364813,812,2292087,4462,2656900,5274,17,5471,-453,13234,1696,409982,19,12305,5536,"East TN",2455501,324.170098077745,0.161841993125195,214.783052419852,51.3133572334118,538.953150497597,16.1841993125195
2021-10-06,429622,935,331928,697,97694,238,365592,779,2296508,4421,2662100,5200,18,5489,-456,12778,1373,411355,11,12316,5552,"East TN",2455501,293.789332604629,0.158117633122075,211.769410804557,38.077769058127,520.382602165505,15.8117633122075
2021-10-07,430728,1106,332696,768,98032,338,366446,854,2301292,4784,2667738,5638,24,5513,-415,12363,1497,412852,11,12327,5567,"East TN",2455501,289.594669275231,0.15843949044586,229.606911176171,45.0417246826615,503.481774187834,15.843949044586
2021-10-08,431778,1050,333268,572,98510,478,367085,639,2305539,4247,2672624,4886,8,5521,-134,12229,1176,414028,7,12334,5580,"East TN",2455501,276.521980646719,0.150847198900931,198.981796382897,42.7611310278432,498.024639370947,15.0847198900931
2021-10-09,432311,533,333607,339,98704,194,367493,408,2308348,2809,2675841,3217,4,5525,-254,11975,783,414811,10,12344,5596,"East TN",2455501,275.707482912856,0.15062291096931,131.011960491973,21.7063646074671,487.680518150878,15.062291096931
2021-10-10,432629,318,333873,266,98756,52,367802,309,2310581,2233,2678383,2542,6,5531,-470,11505,782,415593,7,12351,5604,"East TN",2455501,266.829457613742,0.14895087322528,103.522661974074,12.9505139684325,468.539821405082,14.895087322528
2021-10-11,433837,1208,334385,512,99452,696,368348,546,2314027,3446,2682375,3992,52,5583,-332,11173,1488,417081,13,12364,5608,"East TN",2455501,261.046523703309,0.14137045107158,162.573747679191,49.1956631253663,455.019159022945,14.137045107158
2021-10-12,434790,953,335041,656,99749,297,369337,989,2317671,3644,2687008,4633,29,5612,-353,10820,1277,418358,3,12367,5608,"East TN",2455501,248.543983488502,0.150259067357513,188.678400049521,38.8108170186043,440.643274020251,15.0259067357513
