"DATE","TOTAL_CASES","NEW_CASES","TOTAL_CONFIRMED","NEW_CONFIRMED","TOTAL_PROBABLE","NEW_PROBABLE","POS_TESTS","NEW_POS_TESTS","NEG_TESTS","NEW_NEG_TESTS","TOTAL_TESTS","NEW_TESTS","NEW_DEATHS","TOTAL_DEATHS","NEW_HOSPITALIZED","TOTAL_HOSPITALIZED","TOTAL_DEATHS_BY_DOD","NEW_DEATHS_BY_DOD","Region","Population","New_cases_per_100k_per_week","PositivityRate_per_week","Tests_per_100k","New_cases_per_100k","PositivityPercentage_per_week"
2023-07-15,161968,8,118438,5,43530,3,127666,5,581297,28,708963,33,0,1618,0,2841,1619,0,"Knox County",470313,NA,NA,7.01660383616868,1.70099486937423,NA
2023-07-14,161960,12,118433,5,43527,7,127661,4,581269,28,708930,32,0,1618,0,2841,1619,0,"Knox County",470313,NA,NA,6.8039794774969,2.55149230406134,NA
2023-07-13,161948,9,118428,3,43520,6,127657,5,581241,32,708898,37,1,1618,0,2841,1619,0,"Knox County",470313,NA,NA,7.86710127085579,1.913619228046,NA
2023-07-12,161939,4,118425,2,43514,2,127652,2,581209,26,708861,28,0,1617,0,2841,1619,0,"Knox County",470313,NA,NA,5.95348204280979,0.850497434687113,NA
2023-07-11,161935,5,118423,4,43512,1,127650,4,581183,36,708833,40,0,1617,0,2841,1619,0,"Knox County",470313,NA,NA,8.50497434687113,1.06312179335889,NA
2023-07-10,161930,9,118419,3,43511,6,127646,3,581147,26,708793,29,0,1617,0,2841,1619,0,"Knox County",470313,NA,NA,6.16610640148157,1.913619228046,NA
2023-07-09,161921,4,118416,3,43505,1,127643,4,581121,24,708764,28,0,1617,0,2841,1619,0,"Knox County",470313,10.8438422922607,0.118942731277533,5.95348204280979,0.850497434687113,11.8942731277533
2023-07-08,161917,3,118413,0,43504,3,127639,0,581097,24,708736,24,0,1617,0,2841,1619,0,"Knox County",470313,9.7807204989018,0.100917431192661,5.10298460812268,0.637873076015334,10.0917431192661
2023-07-07,161914,9,118413,4,43501,5,127639,5,581073,39,708712,44,0,1617,0,2841,1619,0,"Knox County",470313,9.14284742288646,0.1,9.35547178155824,1.913619228046,10
2023-07-06,161905,6,118409,3,43496,3,127634,3,581034,37,708668,40,0,1617,0,2841,1619,0,"Knox County",470313,8.50497434687113,0.0901287553648069,8.50497434687113,1.27574615203067,9.01287553648069
2023-07-05,161899,14,118406,8,43493,6,127631,10,580997,56,708628,66,0,1617,0,2841,1619,1,"Knox County",470313,10.6312179335889,0.107011070110701,14.0332076723374,2.97674102140489,10.7011070110701
2023-07-04,161885,8,118398,5,43487,3,127621,6,580941,29,708562,35,0,1617,0,2841,1618,0,"Knox County",470313,11.2690910096042,0.116541353383459,7.44185255351224,1.70099486937423,11.6541353383459
2023-07-03,161877,13,118393,10,43484,3,127615,9,580912,30,708527,39,0,1617,0,2841,1618,0,"Knox County",470313,12.1195884442914,0.134057971014493,8.29234998819935,2.76411666273312,13.4057971014493
2023-07-02,161864,6,118383,2,43481,4,127606,2,580882,22,708488,24,0,1617,0,2841,1618,0,"Knox County",470313,12.5448371616349,0.128676470588235,5.10298460812268,1.27574615203067,12.8676470588235
2023-07-01,161858,2,118381,2,43477,0,127604,2,580860,19,708464,21,0,1617,0,2841,1618,0,"Knox County",470313,12.3322128029631,0.137546468401487,4.46511153210734,0.425248717343556,13.7546468401487
2023-06-30,161856,12,118379,4,43477,8,127602,4,580841,29,708443,33,0,1617,0,2841,1618,0,"Knox County",470313,12.9700858789785,0.13953488372093,7.01660383616868,2.55149230406134,13.953488372093
2023-06-29,161844,10,118375,6,43469,4,127598,6,580812,76,708410,82,0,1617,0,2841,1618,0,"Knox County",470313,13.8205833136656,0.13,17.4351974110858,2.12624358671778,13
2023-06-28,161834,13,118369,6,43465,7,127592,6,580736,58,708328,64,0,1617,0,2841,1618,0,"Knox County",470313,13.6079589549938,0.11744966442953,13.6079589549938,2.76411666273312,11.744966442953
2023-06-27,161821,8,118363,5,43458,3,127586,7,580678,23,708264,30,0,1617,0,2841,1618,0,"Knox County",470313,13.6079589549938,0.122866894197952,6.37873076015334,1.70099486937423,12.2866894197952
2023-06-26,161813,10,118358,2,43455,8,127579,3,580655,35,708234,38,0,1617,0,2841,1618,0,"Knox County",470313,12.9700858789785,0.102739726027397,8.07972562952757,2.12624358671778,10.2739726027397
2023-06-25,161803,7,118356,2,43447,5,127576,2,580620,24,708196,26,0,1617,0,2841,1618,0,"Knox County",470313,13.1827102376502,0.102040816326531,5.52823332546623,1.48837051070245,10.2040816326531
2023-06-24,161796,10,118354,4,43442,6,127574,5,580596,68,708170,73,0,1617,0,2841,1618,0,"Knox County",470313,14.8837051070245,0.0953757225433526,15.5215781830398,2.12624358671778,9.53757225433526
2023-06-23,161786,14,118350,6,43436,8,127569,6,580528,32,708097,38,0,1617,0,2841,1618,0,"Knox County",470313,15.308953824368,0.0997150997150997,8.07972562952757,2.97674102140489,9.97150997150997
2023-06-22,161772,17,118344,7,43428,10,127563,8,580496,35,708059,43,0,1617,0,2841,1618,0,"Knox County",470313,16.7973243350705,0.118589743589744,9.14284742288646,3.61461409742023,11.8589743589744
2023-06-21,161755,14,118337,8,43418,6,127555,8,580461,84,708016,92,0,1617,0,2841,1618,0,"Knox County",470313,17.0099486937423,0.114705882352941,19.5614409978036,2.97674102140489,11.4705882352941
2023-06-20,161741,18,118329,9,43412,9,127547,10,580377,44,707924,54,1,1617,0,2841,1618,0,"Knox County",470313,19.13619228046,0.115384615384615,11.481715368276,3.82723845609201,11.5384615384615
2023-06-19,161723,3,118320,1,43403,2,127537,1,580333,23,707870,24,0,1616,0,2841,1618,0,"Knox County",470313,17.6478217697576,0.114285714285714,5.10298460812268,0.637873076015334,11.4285714285714
2023-06-18,161720,2,118319,0,43401,2,127536,0,580310,18,707846,18,0,1616,0,2841,1618,0,"Knox County",470313,16.5846999763987,0.111111111111111,3.82723845609201,0.425248717343556,11.1111111111111
2023-06-17,161718,1,118319,0,43399,1,127536,0,580292,25,707828,25,0,1616,0,2841,1618,0,"Knox County",470313,14.6710807483527,0.112244897959184,5.31560896679445,0.212624358671778,11.2244897959184
2023-06-16,161717,32,118319,5,43398,27,127536,5,580267,31,707803,36,0,1616,0,2841,1618,0,"Knox County",470313,18.4983192044447,0.10958904109589,7.65447691218401,6.8039794774969,10.958904109589
2023-06-15,161685,5,118314,4,43371,1,127531,7,580236,34,707767,41,1,1616,0,2841,1618,0,"Knox County",470313,15.9468269003834,0.106896551724138,8.7175987055429,1.06312179335889,10.6896551724138
2023-06-14,161680,11,118310,6,43370,5,127524,7,580202,42,707726,49,0,1615,0,2841,1618,0,"Knox County",470313,15.308953824368,0.121457489878543,10.4185935749171,2.33886794538956,12.1457489878543
2023-06-13,161669,17,118304,5,43365,12,127517,7,580160,28,707677,35,0,1615,0,2841,1618,0,"Knox County",470313,15.0963294656962,0.118421052631579,7.44185255351224,3.61461409742023,11.8421052631579
2023-06-12,161652,8,118299,2,43353,6,127510,3,580132,54,707642,57,0,1615,0,2841,1618,0,"Knox County",470313,16.1594512590551,0.111111111111111,12.1195884442914,1.70099486937423,11.1111111111111
2023-06-11,161644,6,118297,0,43347,6,127507,0,580078,21,707585,21,0,1615,0,2841,1618,0,"Knox County",470313,17.0099486937423,0.109848484848485,4.46511153210734,1.27574615203067,10.9848484848485
2023-06-10,161638,6,118297,1,43341,5,127507,1,580057,25,707564,26,0,1615,0,2841,1618,0,"Knox County",470313,18.0730704871011,0.113207547169811,5.52823332546623,1.27574615203067,11.3207547169811
2023-06-09,161632,6,118296,1,43336,5,127506,1,580032,34,707538,35,0,1615,0,2841,1618,1,"Knox County",470313,12.5448371616349,0.0984848484848485,7.44185255351224,1.27574615203067,9.84848484848485
2023-06-08,161626,17,118295,7,43331,10,127505,8,579998,30,707503,38,0,1615,0,2841,1617,0,"Knox County",470313,15.0963294656962,0.103448275862069,8.07972562952757,3.61461409742023,10.3448275862069
2023-06-07,161609,7,118288,2,43321,5,127497,2,579968,39,707465,41,0,1615,0,2841,1617,0,"Knox County",470313,14.2458320310091,0.0869565217391304,8.7175987055429,1.48837051070245,8.69565217391304
2023-06-06,161602,11,118286,7,43316,4,127495,8,579929,62,707424,70,0,1615,0,2841,1617,0,"Knox County",470313,12.9700858789785,0.0798611111111111,14.8837051070245,2.33886794538956,7.98611111111111
2023-06-05,161591,5,118279,0,43312,5,127487,3,579867,38,707354,41,0,1615,0,2841,1617,0,"Knox County",470313,12.3322128029631,0.0845588235294118,8.7175987055429,1.06312179335889,8.45588235294118
2023-06-04,161586,6,118279,3,43307,3,127484,3,579829,19,707313,22,0,1615,0,2841,1617,0,"Knox County",470313,12.3322128029631,0.0952380952380952,4.67773589077912,1.27574615203067,9.52380952380952
2023-06-03,161580,6,118276,4,43304,2,127481,4,579810,75,707291,79,0,1615,0,2841,1617,0,"Knox County",470313,12.3322128029631,0.0889570552147239,16.7973243350705,1.27574615203067,8.89570552147239
2023-06-02,161574,20,118272,6,43302,14,127477,10,579735,40,707212,50,0,1615,0,2841,1617,0,"Knox County",470313,15.308953824368,0.111436950146628,10.6312179335889,4.25248717343556,11.1436950146628
2023-06-01,161554,10,118266,2,43288,8,127467,3,579695,53,707162,56,1,1615,0,2841,1617,0,"Knox County",470313,13.8205833136656,0.0919220055710306,11.9069640856196,2.12624358671778,9.19220055710306
2023-05-31,161544,21,118264,13,43280,8,127464,13,579642,51,707106,64,0,1614,1,2841,1617,0,"Knox County",470313,16.7973243350705,0.115183246073298,13.6079589549938,4.46511153210734,11.5183246073298
2023-05-30,161523,10,118251,4,43272,6,127451,7,579591,39,707042,46,2,1614,0,2840,1617,0,"Knox County",470313,16.5846999763987,0.120111731843575,9.7807204989018,2.12624358671778,12.0111731843575
2023-05-29,161513,6,118247,3,43266,3,127444,3,579552,19,706996,22,0,1612,0,2840,1617,0,"Knox County",470313,16.7973243350705,0.126843657817109,4.67773589077912,1.27574615203067,12.6843657817109
2023-05-28,161507,5,118244,1,43263,4,127441,1,579533,28,706974,29,0,1612,0,2840,1617,0,"Knox County",470313,16.5846999763987,0.11849710982659,6.16610640148157,1.06312179335889,11.849710982659
2023-05-27,161502,4,118243,1,43259,3,127440,1,579505,18,706945,19,0,1612,0,2840,1617,0,"Knox County",470313,16.1594512590551,0.132867132867133,4.03986281476378,0.850497434687113,13.2867132867133
2023-05-26,161498,5,118242,4,43256,1,127439,4,579487,29,706926,33,2,1612,0,2840,1617,0,"Knox County",470313,12.9700858789785,0.118959107806691,7.01660383616868,1.06312179335889,11.8959107806691
2023-05-25,161493,21,118238,12,43255,9,127435,11,579458,59,706893,70,0,1610,0,2840,1617,0,"Knox County",470313,15.308953824368,0.141342756183746,14.8837051070245,4.46511153210734,14.1342756183746
2023-05-24,161472,21,118226,12,43246,9,127424,13,579399,94,706823,107,-1,1610,0,2840,1617,0,"Knox County",470313,15.308953824368,0.122699386503067,22.7508063778803,4.46511153210734,12.2699386503067
2023-05-23,161451,16,118214,7,43237,9,127411,7,579305,36,706716,43,0,1611,0,2840,1617,1,"Knox County",470313,16.5846999763987,0.123839009287926,9.14284742288646,3.40198973874845,12.3839009287926
2023-05-22,161435,11,118207,4,43228,7,127404,6,579269,30,706673,36,0,1611,0,2840,1616,0,"Knox County",470313,17.6478217697576,0.127596439169139,7.65447691218401,2.33886794538956,12.7596439169139
2023-05-21,161424,3,118203,1,43221,2,127398,1,579239,24,706637,25,1,1611,0,2840,1616,0,"Knox County",470313,17.222573052414,0.129129129129129,5.31560896679445,0.637873076015334,12.9129129129129
2023-05-20,161421,5,118202,1,43219,4,127397,1,579215,25,706612,26,0,1610,0,2840,1616,0,"Knox County",470313,17.4351974110858,0.126470588235294,5.52823332546623,1.06312179335889,12.6470588235294
2023-05-19,161416,19,118201,7,43215,12,127396,8,579190,91,706586,99,0,1610,0,2840,1616,0,"Knox County",470313,20.4119384324907,0.11576354679803,21.049811508506,4.03986281476378,11.576354679803
2023-05-18,161397,8,118194,2,43203,6,127388,3,579099,42,706487,45,0,1610,0,2840,1616,0,"Knox County",470313,17.6478217697576,0.102362204724409,9.56809614023002,1.70099486937423,10.2362204724409
2023-05-17,161389,12,118192,9,43197,3,127385,9,579057,72,706442,81,-1,1610,0,2840,1616,0,"Knox County",470313,15.7342025417116,0.0985915492957746,17.222573052414,2.55149230406134,9.85915492957746
2023-05-16,161377,15,118183,7,43194,8,127376,7,578985,42,706361,49,0,1611,0,2840,1616,0,"Knox County",470313,15.5215781830398,0.0969529085872576,10.4185935749171,3.18936538007667,9.69529085872576
2023-05-15,161362,28,118176,9,43186,19,127369,10,578943,90,706312,100,0,1611,0,2840,1616,0,"Knox County",470313,19.13619228046,0.0917647058823529,21.2624358671778,5.95348204280979,9.17647058823529
2023-05-14,161334,1,118167,0,43167,1,127359,0,578853,29,706212,29,0,1611,0,2840,1616,0,"Knox County",470313,18.7109435631165,0.0885780885780886,6.16610640148157,0.212624358671778,8.85780885780886
2023-05-13,161333,6,118167,1,43166,5,127359,1,578824,30,706183,31,0,1611,0,2840,1616,1,"Knox County",470313,18.9235679217883,0.0875576036866359,6.59135511882512,1.27574615203067,8.75576036866359
2023-05-12,161327,24,118166,13,43161,11,127358,12,578794,104,706152,116,0,1611,0,2840,1615,0,"Knox County",470313,19.9866897151471,0.0931263858093126,24.6644256059263,5.10298460812268,9.31263858093126
2023-05-11,161303,12,118153,2,43150,10,127346,2,578690,57,706036,59,1,1611,0,2840,1615,0,"Knox County",470313,20.8371871498343,0.0881720430107527,12.5448371616349,2.55149230406134,8.81720430107527
2023-05-10,161291,20,118151,13,43140,7,127344,13,578633,111,705977,124,0,1610,0,2840,1615,1,"Knox County",470313,22.5381820192085,0.0885826771653543,26.3654204753005,4.25248717343556,8.85826771653543
2023-05-09,161271,25,118138,18,43133,7,127331,18,578522,148,705853,166,0,1610,0,2840,1614,0,"Knox County",470313,24.6644256059263,0.0896,35.2956435395152,5.31560896679445,8.96
2023-05-08,161246,21,118120,10,43126,11,127313,11,578374,49,705687,60,0,1610,0,2840,1614,0,"Knox County",470313,23.1760550952238,0.0974358974358974,12.7574615203067,4.46511153210734,9.74358974358974
2023-05-07,161225,4,118110,2,43115,2,127302,2,578325,22,705627,24,0,1610,0,2840,1614,1,"Knox County",470313,23.8139281712392,0.101724137931034,5.10298460812268,0.850497434687113,10.1724137931034
2023-05-06,161221,14,118108,12,43113,2,127300,12,578303,143,705603,155,0,1610,0,2840,1613,0,"Knox County",470313,25.5149230406134,0.0994318181818182,32.9567755941256,2.97674102140489,9.94318181818182
2023-05-05,161207,14,118096,12,43111,2,127288,12,578160,143,705448,155,0,1610,0,2840,1613,0,"Knox County",470313,23.3886794538956,0.0942126514131898,32.9567755941256,2.97674102140489,9.42126514131898
2023-05-04,161193,10,118084,6,43109,4,127276,5,578017,71,705293,76,1,1610,0,2840,1613,0,"Knox County",470313,22.963430736552,0.0960526315789474,16.1594512590551,2.12624358671778,9.60526315789474
2023-05-03,161183,14,118078,9,43105,5,127271,11,577946,109,705217,120,0,1609,0,2840,1613,0,"Knox County",470313,21.6876845845214,0.0939153439153439,25.5149230406134,2.97674102140489,9.39153439153439
2023-05-02,161169,19,118069,5,43100,14,127260,5,577837,38,705097,43,0,1609,0,2840,1613,0,"Knox County",470313,20.4119384324907,0.0916271721958926,9.14284742288646,4.03986281476378,9.16271721958926
2023-05-01,161150,18,118064,11,43086,7,127255,10,577799,153,705054,163,0,1609,1,2840,1613,0,"Knox County",470313,19.7740653564754,0.077445652173913,34.6577704634998,3.82723845609201,7.7445652173913
2023-04-30,161132,19,118053,14,43079,5,127245,14,577646,83,704891,97,0,1609,0,2839,1613,0,"Knox County",470313,22.963430736552,0.0852904820766378,20.6245627911625,4.03986281476378,8.52904820766378
2023-04-29,161113,6,118039,0,43074,6,127231,0,577563,25,704794,25,0,1609,0,2839,1613,0,"Knox County",470313,21.2624358671778,0.0839469808541973,5.31560896679445,1.27574615203067,8.39469808541973
2023-04-28,161107,12,118039,3,43068,9,127231,3,577538,92,704769,95,0,1609,0,2839,1613,0,"Knox County",470313,20.8371871498343,0.0775444264943457,20.1993140738189,2.55149230406134,7.75444264943457
2023-04-27,161095,22,118036,9,43059,13,127228,9,577446,156,704674,165,0,1609,0,2839,1613,0,"Knox County",470313,23.3886794538956,0.0734463276836158,35.0830191808434,4.67773589077912,7.34463276836158
2023-04-26,161073,12,118027,3,43046,9,127219,3,577290,44,704509,47,0,1609,0,2839,1613,1,"Knox County",470313,22.963430736552,0.0692913385826772,9.99334485757357,2.55149230406134,6.92913385826772
2023-04-25,161061,18,118024,5,43037,13,127216,5,577246,32,704462,37,0,1609,0,2839,1612,0,"Knox County",470313,22.7508063778803,0.0699523052464229,7.86710127085579,3.82723845609201,6.99523052464229
2023-04-24,161043,17,118019,10,43024,7,127211,11,577214,74,704425,85,0,1609,0,2839,1612,1,"Knox County",470313,22.5381820192085,0.0816696914700544,18.0730704871011,3.61461409742023,8.16696914700544
2023-04-23,161026,12,118009,9,43017,3,127200,9,577140,94,704340,103,0,1609,0,2839,1611,0,"Knox County",470313,21.049811508506,0.0718132854578097,21.9003089431931,2.55149230406134,7.18132854578097
2023-04-22,161014,5,118000,0,43014,5,127191,1,577046,37,704237,38,0,1609,0,2839,1611,1,"Knox County",470313,20.8371871498343,0.0719298245614035,8.07972562952757,1.06312179335889,7.19298245614035
2023-04-21,161009,15,118000,6,43009,9,127190,6,577009,80,704199,86,0,1609,0,2839,1610,0,"Knox County",470313,21.4750602258496,0.0784313725490196,18.2856948457729,3.18936538007667,7.84313725490196
2023-04-20,160994,19,117994,10,43000,9,127184,10,576929,129,704113,139,0,1609,0,2839,1610,1,"Knox County",470313,20.8371871498343,0.0841121495327103,29.5547858553772,4.03986281476378,8.41121495327103
2023-04-19,160975,12,117984,5,42991,7,127174,6,576800,83,703974,89,0,1609,0,2839,1609,0,"Knox County",470313,20.8371871498343,0.0831889081455806,18.9235679217883,2.55149230406134,8.31889081455806
2023-04-18,160963,16,117979,9,42984,7,127168,10,576717,86,703885,96,0,1609,0,2839,1609,0,"Knox County",470313,20.4119384324907,0.0833333333333333,20.4119384324907,3.40198973874845,8.33333333333333
2023-04-17,160947,17,117970,7,42977,10,127158,5,576631,53,703789,58,0,1609,0,2839,1609,0,"Knox County",470313,20.4119384324907,0.077175697865353,12.3322128029631,3.61461409742023,7.7175697865353
2023-04-16,160930,7,117963,4,42967,3,127153,3,576578,74,703731,77,0,1609,0,2839,1609,0,"Knox County",470313,19.3488166391318,0.0703259005145798,16.3720756177269,1.48837051070245,7.03259005145798
2023-04-15,160923,18,117959,3,42964,15,127150,3,576504,32,703654,35,0,1609,0,2839,1609,0,"Knox County",470313,22.1129333018649,0.0741379310344828,7.44185255351224,3.82723845609201,7.41379310344828
2023-04-14,160905,23,117956,10,42949,13,127147,10,576472,127,703619,137,0,1609,0,2839,1609,0,"Knox County",470313,23.8139281712392,0.0744849445324881,29.1295371380336,4.8903602494509,7.44849445324881
2023-04-13,160882,20,117946,10,42936,10,127137,10,576345,103,703482,113,0,1609,0,2839,1609,0,"Knox County",470313,24.0265525299109,0.0776859504132231,24.0265525299109,4.25248717343556,7.76859504132231
2023-04-12,160862,36,117936,22,42926,14,127127,21,576242,161,703369,182,0,1609,2,2839,1609,0,"Knox County",470313,29.1295371380336,0.0888252148997135,38.6976332782636,7.65447691218401,8.88252148997135
2023-04-11,160826,20,117914,7,42912,13,127106,7,576081,64,703187,71,1,1609,0,2837,1609,0,"Knox County",470313,29.9800345727207,0.087667161961367,15.0963294656962,4.25248717343556,8.7667161961367
2023-04-10,160806,27,117907,20,42899,7,127099,21,576017,101,703116,122,0,1608,0,2837,1609,0,"Knox County",470313,32.1062781594385,0.101763907734057,25.9401717579569,5.74085768413801,10.1763907734057
2023-04-09,160779,2,117887,1,42892,1,127078,1,575916,34,702994,35,0,1608,0,2837,1609,1,"Knox County",470313,31.0431563660796,0.105035971223022,7.44185255351224,0.425248717343556,10.5035971223022
2023-04-08,160777,7,117886,1,42891,6,127077,1,575882,44,702959,45,0,1608,0,2837,1608,0,"Knox County",470313,28.70428842069,0.100709219858156,9.56809614023002,1.48837051070245,10.0709219858156
2023-04-07,160770,10,117885,4,42885,6,127076,5,575838,76,702914,81,0,1608,0,2837,1608,0,"Knox County",470313,25.9401717579569,0.101694915254237,17.222573052414,2.12624358671778,10.1694915254237
2023-04-06,160760,23,117881,15,42879,8,127071,16,575762,114,702833,130,0,1608,0,2837,1608,0,"Knox County",470313,26.5780448339723,0.108108108108108,27.6411666273312,4.8903602494509,10.8108108108108
2023-04-05,160737,35,117866,23,42871,12,127055,23,575648,200,702703,223,0,1608,0,2837,1608,1,"Knox County",470313,26.3654204753005,0.104667609618105,47.4152319838065,7.44185255351224,10.4667609618105
2023-04-04,160702,32,117843,10,42859,22,127032,10,575448,122,702480,132,4,1608,0,2837,1607,0,"Knox County",470313,28.9169127793618,0.100260416666667,28.0664153446747,6.8039794774969,10.0260416666667
2023-04-03,160670,22,117833,12,42837,10,127022,12,575326,108,702348,120,0,1604,0,2837,1607,0,"Knox County",470313,27.8537909860029,0.0887728459530026,25.5149230406134,4.67773589077912,8.87728459530026
2023-04-02,160648,16,117821,3,42827,13,127010,4,575218,33,702228,37,0,1604,0,2837,1607,0,"Knox County",470313,30.8305320074078,0.0924479166666667,7.86710127085579,3.40198973874845,9.24479166666667
2023-04-01,160632,10,117818,4,42814,6,127006,4,575185,29,702191,33,0,1604,0,2837,1607,1,"Knox County",470313,31.4684050834232,0.0978835978835979,7.01660383616868,2.12624358671778,9.78835978835979
2023-03-31,160622,30,117814,15,42808,15,127002,15,575156,244,702158,259,0,1604,0,2837,1606,0,"Knox County",470313,35.7208922568587,0.0899357601713062,55.0697088959905,6.37873076015334,8.99357601713062
2023-03-30,160592,27,117799,15,42793,12,126987,15,574912,76,701899,91,0,1604,0,2837,1606,0,"Knox County",470313,36.5713896915458,0.0927374301675978,19.3488166391318,5.74085768413801,9.27374301675978
2023-03-29,160565,26,117784,11,42781,15,126972,11,574836,102,701808,113,2,1604,0,2837,1606,0,"Knox County",470313,34.6577704634998,0.0904458598726115,24.0265525299109,5.52823332546623,9.04458598726115
2023-03-28,160539,34,117773,17,42766,17,126961,21,574734,85,701695,106,0,1602,0,2837,1606,0,"Knox County",470313,35.0830191808434,0.108036890645586,22.5381820192085,7.22922819484046,10.8036890645586
2023-03-27,160505,27,117756,10,42749,17,126940,11,574649,82,701589,93,0,1602,0,2837,1606,0,"Knox County",470313,36.1461409742023,0.110655737704918,19.7740653564754,5.74085768413801,11.0655737704918
2023-03-26,160478,22,117746,17,42732,5,126929,18,574567,102,701496,120,0,1602,0,2837,1606,0,"Knox County",470313,37.421887126233,0.116564417177914,25.5149230406134,4.67773589077912,11.6564417177914
2023-03-25,160456,15,117729,6,42727,9,126911,6,574465,47,701376,53,0,1602,0,2837,1606,0,"Knox County",470313,38.4850089195918,0.116167664670659,11.2690910096042,3.18936538007667,11.6167664670659
2023-03-24,160441,23,117723,14,42718,9,126905,14,574418,105,701323,119,0,1602,0,2837,1606,1,"Knox County",470313,36.9966384088894,0.138129496402878,25.3022986819416,4.8903602494509,13.8129496402878
2023-03-23,160418,50,117709,37,42709,13,126891,37,574313,244,701204,281,0,1602,0,2837,1605,0,"Knox County",470313,41.8869986583403,0.133333333333333,59.7474447867697,10.6312179335889,13.3333333333333
2023-03-22,160368,19,117672,10,42696,9,126854,11,574069,60,700923,71,0,1602,0,2837,1605,0,"Knox County",470313,40.3986281476379,0.139976275207592,15.0963294656962,4.03986281476378,13.9976275207592
2023-03-21,160349,35,117662,18,42687,17,126843,19,574009,149,700852,168,0,1602,0,2837,1605,0,"Knox County",470313,40.6112525063096,0.12817679558011,35.7208922568587,7.44185255351224,12.817679558011
2023-03-20,160314,35,117644,19,42670,16,126824,22,573860,161,700684,183,0,1602,0,2837,1605,0,"Knox County",470313,42.3122473756839,0.127638190954774,38.9102576369354,7.44185255351224,12.7638190954774
2023-03-19,160279,2,117625,0,42654,2,126802,1,573699,42,700501,43,0,1602,0,2837,1605,0,"Knox County",470313,38.0597602022483,0.119825708061002,9.14284742288646,0.425248717343556,11.9825708061002
2023-03-18,160277,10,117625,7,42652,3,126801,6,573657,47,700458,53,0,1602,0,2837,1605,0,"Knox County",470313,36.9966384088894,0.119825708061002,11.2690910096042,2.12624358671778,11.9825708061002
2023-03-17,160267,32,117618,15,42649,17,126795,16,573610,82,700405,98,0,1602,0,2837,1605,2,"Knox County",470313,38.9102576369354,0.124860646599777,20.8371871498343,6.8039794774969,12.4860646599777
2023-03-16,160235,33,117603,18,42632,15,126779,19,573528,173,700307,192,0,1602,0,2837,1603,0,"Knox County",470313,35.2956435395152,0.116336633663366,40.8238768649814,7.01660383616868,11.6336633663366
2023-03-15,160202,26,117585,12,42617,14,126760,13,573355,131,700115,144,-1,1602,0,2837,1603,0,"Knox County",470313,36.7840140502176,0.108967082860386,30.6179076487361,5.52823332546623,10.8967082860386
2023-03-14,160176,23,117573,10,42603,13,126747,10,573224,58,699971,68,3,1603,0,2837,1603,0,"Knox County",470313,34.2325217461563,0.111395646606914,14.4584563896809,4.8903602494509,11.1395646606914
2023-03-13,160153,33,117563,22,42590,11,126737,22,573166,158,699903,180,0,1600,0,2837,1603,0,"Knox County",470313,33.8072730288127,0.111825192802057,38.2723845609201,7.01660383616868,11.1825192802057
2023-03-12,160120,9,117541,3,42579,6,126715,3,573008,38,699723,41,0,1600,0,2837,1603,0,"Knox County",470313,35.2956435395152,0.114690721649485,8.7175987055429,1.913619228046,11.4690721649485
2023-03-11,160111,11,117538,3,42573,8,126712,3,572970,48,699682,51,0,1600,0,2837,1603,0,"Knox County",470313,35.508267898187,0.111111111111111,10.8438422922607,2.33886794538956,11.1111111111111
2023-03-10,160100,36,117535,21,42565,15,126709,21,572922,174,699631,195,0,1600,0,2837,1603,0,"Knox County",470313,36.3587653328741,0.104477611940299,41.4617499409967,7.65447691218401,10.4477611940298
2023-03-09,160064,42,117514,21,42550,21,126688,22,572748,175,699436,197,-2,1600,0,2837,1603,0,"Knox County",470313,38.2723845609201,0.107305936073059,41.8869986583403,8.93022306421468,10.7305936073059
2023-03-08,160022,37,117493,15,42529,22,126666,15,572573,138,699239,153,2,1602,0,2837,1603,0,"Knox County",470313,40.6112525063096,0.108474576271186,32.5315268767821,7.86710127085579,10.8474576271186
2023-03-07,159985,27,117478,6,42507,21,126651,6,572435,53,699086,59,0,1600,0,2837,1603,0,"Knox County",470313,41.4617499409967,0.105022831050228,12.5448371616349,5.74085768413801,10.5022831050228
2023-03-06,159958,73,117472,32,42486,41,126645,32,572382,190,699027,222,0,1600,0,2837,1603,0,"Knox County",470313,49.9667242878679,0.111111111111111,47.2026076251348,15.5215781830398,11.1111111111111
2023-03-05,159885,18,117440,5,42445,13,126613,6,572192,60,698805,66,0,1600,0,2837,1603,0,"Knox County",470313,51.8803435159139,0.111346765641569,14.0332076723374,3.82723845609201,11.1346765641569
2023-03-04,159867,14,117435,5,42432,9,126607,5,572132,62,698739,67,0,1600,0,2837,1603,0,"Knox County",470313,52.5182165919292,0.111574556830031,14.2458320310091,2.97674102140489,11.1574556830031
2023-03-03,159853,48,117430,16,42423,32,126602,17,572070,111,698672,128,4,1600,0,2837,1603,0,"Knox County",470313,55.0697088959905,0.115470852017937,27.2159179099876,10.2059692162454,11.5470852017937
2023-03-02,159805,44,117414,15,42391,29,126585,16,571959,148,698544,164,1,1596,0,2837,1603,1,"Knox County",470313,55.4949576133341,0.112922002328289,34.8703948221716,9.35547178155824,11.2922002328289
2023-03-01,159761,61,117399,27,42362,34,126569,31,571811,130,698380,161,0,1595,0,2837,1602,0,"Knox County",470313,60.5979422214568,0.130334486735871,34.2325217461563,12.9700858789785,13.0334486735871
2023-02-28,159700,52,117372,22,42328,30,126538,22,571681,90,698219,112,0,1595,1,2837,1602,0,"Knox County",470313,65.9135511882512,0.140217391304348,23.8139281712392,11.0564666509325,14.0217391304348
2023-02-27,159648,101,117350,38,42298,63,126516,41,571591,241,698107,282,0,1595,0,2836,1602,1,"Knox County",470313,71.867033231061,0.140816326530612,59.9600691454414,21.4750602258496,14.0816326530612
2023-02-26,159547,15,117312,9,42235,6,126475,11,571350,52,697825,63,0,1595,1,2836,1601,0,"Knox County",470313,71.2291601550457,0.146366427840328,13.395334596322,3.18936538007667,14.6366427840328
2023-02-25,159532,34,117303,24,42229,10,126464,25,571298,106,697762,131,0,1595,0,2835,1601,0,"Knox County",470313,75.4816473284812,0.156580211335255,27.8537909860029,7.22922819484046,15.6580211335255
2023-02-24,159498,73,117279,30,42219,43,126439,37,571192,158,697631,195,0,1595,0,2835,1601,0,"Knox County",470313,80.7972562952757,0.165162454873646,41.4617499409967,15.5215781830398,16.5162454873646
2023-02-23,159425,84,117249,46,42176,38,126402,49,571034,265,697436,314,0,1595,0,2835,1601,0,"Knox County",470313,89.3022306421468,0.171701112877583,66.7640486229383,17.8604461284294,17.1701112877583
2023-02-22,159341,92,117203,42,42138,50,126353,43,570769,134,697122,177,1,1595,0,2835,1601,0,"Knox County",470313,95.893585760972,0.178963893249608,37.6345114849047,19.5614409978036,17.8963893249608
2023-02-21,159249,106,117161,56,42088,50,126310,62,570635,274,696945,336,0,1594,0,2835,1601,1,"Knox County",470313,107.375301129248,0.17890520694259,71.4417845137175,22.5381820192085,17.890520694259
2023-02-20,159143,97,117105,71,42038,26,126248,71,570361,360,696609,431,0,1594,0,2835,1600,1,"Knox County",470313,106.524803694561,0.18093503339405,91.6410985875364,20.6245627911625,18.093503339405
2023-02-19,159046,42,117034,18,42012,24,126177,17,570001,56,696178,73,0,1594,0,2835,1599,0,"Knox County",470313,112.265661378699,0.183464091732046,15.5215781830398,8.93022306421468,18.3464091732046
2023-02-18,159004,34,117016,18,41988,16,126160,19,569945,77,696105,96,0,1594,0,2835,1599,0,"Knox County",470313,112.265661378699,0.183723797780518,20.4119384324907,7.22922819484046,18.3723797780518
2023-02-17,158970,110,116998,63,41972,47,126141,67,569868,212,696009,279,0,1594,0,2835,1599,1,"Knox County",470313,120.132762649555,0.192262602579132,59.3221960694261,23.3886794538956,19.2262602579132
2023-02-16,158860,92,116935,38,41925,54,126074,39,569656,163,695730,202,6,1594,0,2835,1598,0,"Knox County",470313,121.833757518929,0.199498117942284,42.9501204516992,19.5614409978036,19.9498117942284
2023-02-15,158768,114,116897,58,41871,56,126035,62,569493,281,695528,343,0,1588,0,2835,1598,1,"Knox County",470313,126.511493409708,0.191477272727273,72.9301550244199,24.2391768885827,19.1477272727273
2023-02-14,158654,72,116839,25,41815,47,125973,26,569212,60,695185,86,0,1588,0,2835,1597,0,"Knox County",470313,119.282265214868,0.199337748344371,18.2856948457729,15.308953824368,19.9337748344371
2023-02-13,158582,125,116814,61,41768,64,125947,61,569152,161,695099,222,0,1588,0,2835,1597,1,"Knox County",470313,125.235747257677,0.223674096848578,47.2026076251348,26.5780448339723,22.3674096848578
2023-02-12,158457,71,116753,34,41704,37,125886,37,568991,118,694877,155,0,1588,0,2835,1596,0,"Knox County",470313,131.401853659159,0.224873463485177,32.9567755941256,15.0963294656962,22.4873463485177
2023-02-11,158386,66,116719,27,41667,39,125849,28,568873,91,694722,119,0,1588,0,2835,1596,0,"Knox County",470313,138.205833136656,0.227596017069701,25.3022986819416,14.0332076723374,22.7596017069701
2023-02-10,158320,115,116692,72,41628,43,125821,72,568782,253,694603,325,0,1588,0,2835,1596,0,"Knox County",470313,139.268954930015,0.223829201101928,69.1029165683279,24.4518012472545,22.3829201101928
2023-02-09,158205,129,116620,66,41585,63,125749,68,568529,208,694278,276,0,1588,0,2835,1596,1,"Knox County",470313,147.13605620087,0.231979030144168,58.6843229934108,27.4285422686594,23.1979030144168
2023-02-08,158076,169,116554,109,41522,60,125681,111,568321,289,694002,400,3,1588,0,2835,1595,0,"Knox County",470313,158.830395927818,0.254579911560328,85.0497434687113,35.9335166155305,25.4579911560329
2023-02-07,157907,112,116445,35,41462,77,125570,33,568032,81,693602,114,1,1585,0,2835,1595,1,"Knox County",470313,167.335370274689,0.254500310366232,24.2391768885827,23.8139281712392,25.4500310366232
2023-02-06,157795,133,116410,61,41385,72,125537,62,567951,105,693488,167,0,1584,0,2835,1594,2,"Knox County",470313,169.036365144064,0.26413881748072,35.508267898187,28.2790397033465,26.413881748072
2023-02-05,157662,65,116349,17,41313,48,125475,19,567846,73,693321,92,0,1584,0,2835,1592,0,"Knox County",470313,167.760618992033,0.263228399196249,19.5614409978036,13.8205833136656,26.3228399196249
2023-02-04,157597,35,116332,16,41265,19,125456,17,567773,103,693229,120,0,1584,0,2835,1592,0,"Knox County",470313,161.169263873208,0.255689424364123,25.5149230406134,7.44185255351224,25.5689424364123
2023-02-03,157562,115,116316,56,41246,59,125439,55,567670,157,693109,212,6,1584,0,2835,1592,0,"Knox County",470313,161.169263873208,0.264301230992035,45.076364038417,24.4518012472545,26.4301230992035
2023-02-02,157447,241,116260,179,41187,62,125384,198,567513,549,692897,747,0,1578,0,2835,1592,0,"Knox County",470313,184.983192044447,0.267278617710583,158.830395927818,51.2424704398985,26.7278617710583
2023-02-01,157206,139,116081,50,41125,89,125186,50,566964,109,692150,159,3,1578,0,2835,1592,0,"Knox County",470313,178.604461284294,0.269397889509621,33.8072730288127,29.5547858553772,26.9397889509621
2023-01-31,157067,126,116031,51,41036,75,125136,52,566855,183,691991,235,0,1575,0,2835,1592,0,"Knox County",470313,181.581202305699,0.261547344110855,49.9667242878679,26.790669192644,26.1547344110854
2023-01-30,156941,94,115980,44,40961,50,125084,46,566672,125,691756,171,0,1575,0,2835,1592,2,"Knox County",470313,173.288852317499,0.251728110599078,36.3587653328741,19.9866897151471,25.1728110599078
2023-01-29,156847,38,115936,14,40911,24,125038,16,566547,69,691585,85,0,1575,0,2835,1590,2,"Knox County",470313,167.547994633361,0.251012145748988,18.0730704871011,8.07972562952757,25.1012145748988
2023-01-28,156809,36,115922,17,40887,19,125022,18,566478,66,691500,84,0,1575,0,2835,1588,1,"Knox County",470313,167.760618992033,0.256940342587123,17.8604461284294,7.65447691218401,25.6940342587123
2023-01-27,156773,107,115905,57,40868,50,125004,59,566412,159,691416,218,0,1575,0,2835,1587,2,"Knox County",470313,166.059624122659,0.2583872866392,46.3521101904476,22.7508063778803,25.83872866392
2023-01-26,156666,81,115848,36,40818,45,124945,38,566253,108,691198,146,0,1575,0,2835,1585,1,"Knox County",470313,132.039726735174,0.254098360655738,31.0431563660796,17.222573052414,25.4098360655738
2023-01-25,156585,110,115812,44,40773,66,124907,44,566145,174,691052,218,3,1575,0,2835,1584,0,"Knox County",470313,125.873620333693,0.235955056179775,46.3521101904476,23.3886794538956,23.5955056179775
2023-01-24,156475,95,115768,33,40707,62,124863,32,565971,95,690834,127,0,1572,0,2835,1584,1,"Knox County",470313,119.282265214868,0.241182078169685,27.0032935513158,20.1993140738189,24.1182078169685
2023-01-23,156380,116,115735,62,40645,54,124831,64,565876,140,690707,204,4,1572,0,2835,1583,2,"Knox County",470313,123.960001105647,0.250462107208872,43.3753691690427,24.6644256059263,25.0462107208872
2023-01-22,156264,20,115673,3,40591,17,124767,2,565736,50,690503,52,0,1568,0,2835,1581,0,"Knox County",470313,120.132762649555,0.244995233555767,11.0564666509325,4.25248717343556,24.4995233555767
2023-01-21,156244,28,115670,10,40574,18,124765,10,565686,58,690451,68,0,1568,0,2835,1581,0,"Knox County",470313,118.43176778018,0.241045498547919,14.4584563896809,5.95348204280979,24.1045498547919
2023-01-20,156216,79,115660,47,40556,32,124755,49,565628,147,690383,196,0,1568,0,2835,1581,2,"Knox County",470313,112.478285737371,0.236399604352127,41.6743742996685,16.7973243350705,23.6399604352127
2023-01-19,156137,89,115613,26,40524,63,124706,27,565481,65,690187,92,0,1568,0,2835,1579,1,"Knox County",470313,114.179280606745,0.238244514106583,19.5614409978036,18.9235679217883,23.8244514106583
2023-01-18,156048,68,115587,45,40461,23,124679,48,565416,140,690095,188,1,1568,0,2835,1578,0,"Knox County",470313,105.24905754253,0.250269687162891,39.9733794302943,14.4584563896809,25.0269687162891
2023-01-17,155980,94,115542,37,40438,57,124631,39,565276,143,689907,182,0,1567,0,2835,1578,2,"Knox County",470313,105.036433183858,0.243380855397149,38.6976332782636,19.9866897151471,24.3380855397149
2023-01-16,155886,73,115505,26,40381,47,124592,25,565133,64,689725,89,0,1567,1,2835,1576,0,"Knox County",470313,95.893585760972,0.230680507497116,18.9235679217883,15.5215781830398,23.0680507497116
2023-01-15,155813,22,115479,12,40334,10,124567,12,565069,72,689636,84,0,1567,0,2834,1576,0,"Knox County",470313,96.3188344783155,0.233592880978865,17.8604461284294,4.67773589077912,23.3592880978865
2023-01-14,155791,18,115467,8,40324,10,124555,9,564997,56,689552,65,0,1567,0,2834,1576,0,"Knox County",470313,94.1925908915977,0.233258928571429,13.8205833136656,3.82723845609201,23.3258928571429
2023-01-13,155773,103,115459,61,40314,42,124546,66,564941,188,689487,254,4,1567,0,2834,1576,1,"Knox County",470313,99.2955754997204,0.236897274633124,54.0065871026317,21.9003089431931,23.6897274633124
2023-01-12,155670,76,115398,34,40272,42,124480,33,564753,150,689233,183,3,1563,0,2834,1575,0,"Knox County",470313,96.5314588369873,0.22200956937799,38.9102576369354,16.1594512590551,22.200956937799
2023-01-11,155594,89,115364,44,40230,45,124447,46,564603,147,689050,193,2,1560,0,2834,1575,0,"Knox County",470313,100.996570369095,0.219047619047619,41.0365012236532,18.9235679217883,21.9047619047619
2023-01-10,155505,80,115320,31,40185,49,124401,34,564456,133,688857,167,0,1558,0,2834,1575,1,"Knox County",470313,98.0198293476897,0.217391304347826,35.508267898187,17.0099486937423,21.7391304347826
2023-01-09,155425,83,115289,34,40136,49,124367,34,564323,132,688690,166,2,1558,0,2834,1574,2,"Knox County",470313,100.146072934408,0.210431654676259,35.2956435395152,17.6478217697576,21.0431654676259
2023-01-08,155342,44,115255,7,40087,37,124333,8,564191,51,688524,59,1,1556,0,2834,1572,0,"Knox County",470313,104.823808825187,0.211591536338546,12.5448371616349,9.35547178155824,21.1591536338546
2023-01-07,155298,42,115248,23,40050,19,124325,24,564140,94,688465,118,0,1555,0,2834,1572,1,"Knox County",470313,109.926793433309,0.214912280701754,25.0896743232698,8.93022306421468,21.4912280701754
2023-01-06,155256,104,115225,45,40031,59,124301,47,564046,166,688347,213,0,1555,0,2834,1571,1,"Knox County",470313,110.139417791981,0.205641492265696,45.2889883970888,22.1129333018649,20.5641492265696
2023-01-05,155152,174,115180,103,39972,71,124254,108,563880,348,688134,456,1,1555,0,2834,1570,0,"Knox County",470313,130.976604941815,0.219387755102041,96.9567075543308,36.9966384088894,21.9387755102041
2023-01-04,154978,167,115077,59,39901,108,124146,60,563532,148,687678,208,0,1554,0,2834,1570,0,"Knox County",470313,147.561304918214,0.227108868060562,44.2258666037299,35.508267898187,22.7108868060562
2023-01-03,154811,108,115018,19,39793,89,124086,25,563384,74,687470,99,0,1554,0,2834,1570,0,"Knox County",470313,153.514786961024,0.23199393479909,21.049811508506,22.963430736552,23.199393479909
2023-01-02,154703,65,114999,31,39704,34,124061,32,563310,99,687371,131,0,1554,0,2834,1570,3,"Knox County",470313,149.687548504932,0.236760124610592,27.8537909860029,13.8205833136656,23.6760124610592
2023-01-01,154638,53,114968,21,39670,32,124029,21,563211,89,687240,110,0,1554,0,2834,1567,0,"Knox County",470313,151.601167732978,0.237453183520599,23.3886794538956,11.2690910096042,23.7453183520599
2022-12-31,154585,39,114947,16,39638,23,124008,15,563122,107,687130,122,0,1554,0,2834,1567,2,"Knox County",470313,150.963294656962,0.230022404779686,25.9401717579569,8.29234998819935,23.0022404779686
2022-12-30,154546,91,114931,27,39615,64,123993,26,563015,63,687008,89,0,1554,1,2834,1565,2,"Knox County",470313,148.199177994229,0.236213991769547,18.9235679217883,19.3488166391318,23.6213991769547
2022-12-29,154455,91,114904,27,39551,64,123967,25,562952,117,686919,142,2,1554,0,2833,1563,0,"Knox County",470313,130.551356224472,0.226415094339623,30.1926589313925,19.3488166391318,22.6415094339623
2022-12-28,154364,99,114877,51,39487,48,123942,52,562835,117,686777,169,1,1552,0,2833,1563,0,"Knox County",470313,116.092899834791,0.22737819025522,35.9335166155305,21.049811508506,22.737819025522
2022-12-27,154265,144,114826,43,39439,101,123890,42,562718,48,686608,90,0,1551,1,2833,1563,0,"Knox County",470313,123.747376746975,0.249706916764361,19.13619228046,30.6179076487361,24.9706916764361
2022-12-26,154121,30,114783,9,39338,21,123848,8,562670,60,686518,68,0,1551,0,2832,1563,1,"Knox County",470313,116.305524193463,0.239240506329114,14.4584563896809,6.37873076015334,23.9240506329114
2022-12-25,154091,18,114774,10,39317,8,123840,13,562610,65,686450,78,0,1551,0,2832,1562,0,"Knox County",470313,108.86367163995,0.238786279683377,16.5846999763987,3.82723845609201,23.8786279683377
2022-12-24,154073,24,114764,7,39309,17,123827,6,562545,52,686372,58,0,1551,0,2832,1562,0,"Knox County",470313,105.674306259874,0.247838616714697,12.3322128029631,5.10298460812268,24.7838616714697
2022-12-23,154049,56,114757,16,39292,40,123821,15,562493,98,686314,113,0,1551,0,2832,1562,1,"Knox County",470313,98.2324537063615,0.224233983286908,24.0265525299109,11.9069640856196,22.4233983286908
2022-12-22,153993,90,114741,47,39252,43,123806,47,562395,199,686201,246,0,1551,0,2832,1561,1,"Knox County",470313,98.0198293476897,0.222627737226277,52.3055922332574,19.13619228046,22.2627737226277
2022-12-21,153903,109,114694,57,39209,52,123759,58,562196,243,685955,301,0,1551,0,2832,1560,1,"Knox County",470313,100.146072934408,0.19811320754717,63.9999319602052,23.1760550952238,19.811320754717
2022-12-20,153794,98,114637,41,39157,57,123701,38,561953,132,685654,170,-1,1551,0,2832,1559,1,"Knox County",470313,90.3653524355057,0.178916827852998,36.1461409742023,20.8371871498343,17.8916827852998
2022-12-19,153696,102,114596,54,39100,48,123663,57,561821,127,685484,184,0,1552,0,2832,1558,0,"Knox County",470313,105.674306259874,0.203478260869565,39.1228819956072,21.6876845845214,20.3478260869565
2022-12-18,153594,15,114542,5,39052,10,123606,7,561694,57,685300,64,0,1552,0,2832,1558,1,"Knox County",470313,105.036433183858,0.200704225352113,13.6079589549938,3.18936538007667,20.0704225352113
2022-12-17,153579,41,114537,12,39042,29,123599,12,561637,53,685236,65,0,1552,0,2832,1557,1,"Knox County",470313,108.651047281279,0.204724409448819,13.8205833136656,8.7175987055429,20.4724409448819
2022-12-16,153538,93,114525,52,39013,41,123587,52,561584,251,685171,303,1,1552,0,2832,1556,0,"Knox County",470313,116.518148552134,0.203300825206302,64.4251806775488,19.7740653564754,20.3300825206302
2022-12-15,153445,114,114473,56,38972,58,123535,56,561333,142,684868,198,0,1551,0,2832,1556,0,"Knox County",470313,121.621133160257,0.217898832684825,42.0996230170121,24.2391768885827,21.7898832684825
2022-12-14,153331,63,114417,27,38914,36,123479,28,561191,136,684670,164,0,1551,0,2832,1556,1,"Knox County",470313,111.840412661355,0.217770034843206,34.8703948221716,13.395334596322,21.7770034843206
2022-12-13,153268,115,114390,68,38878,47,123451,71,561055,279,684506,350,0,1551,0,2832,1555,1,"Knox County",470313,115.455026758776,0.213102409638554,74.4185255351224,24.4518012472545,21.3102409638554
2022-12-12,153153,121,114322,71,38831,50,123380,70,560776,305,684156,375,0,1551,0,2832,1554,0,"Knox County",470313,119.494889573539,0.19486504279131,79.7341345019168,25.7275473992852,19.486504279131
2022-12-11,153032,40,114251,19,38781,21,123310,19,560471,77,683781,96,0,1551,0,2832,1554,0,"Knox County",470313,124.810498540334,0.198581560283688,20.4119384324907,8.50497434687113,19.8581560283688
2022-12-10,152992,23,114232,11,38760,12,123291,11,560394,73,683685,84,0,1551,0,2832,1554,1,"Knox County",470313,120.983260084242,0.195541401273885,17.8604461284294,4.8903602494509,19.5541401273885
2022-12-09,152969,78,114221,43,38748,35,123280,44,560321,243,683601,287,0,1551,0,2832,1553,0,"Knox County",470313,117.793894704165,0.192406692406692,61.0231909388003,16.5846999763987,19.2406692406692
2022-12-08,152891,95,114178,56,38713,39,123236,57,560078,288,683314,345,0,1551,0,2832,1553,0,"Knox County",470313,113.754031889401,0.17636684303351,73.3554037417635,20.1993140738189,17.636684303351
2022-12-07,152796,103,114122,58,38674,45,123179,59,559790,307,682969,366,1,1551,0,2832,1553,0,"Knox County",470313,122.259006236272,0.173935890698896,77.8205152738708,21.9003089431931,17.3935890698896
2022-12-06,152693,79,114064,55,38629,24,123120,57,559483,265,682603,322,1,1550,0,2832,1553,0,"Knox County",470313,114.604529324088,0.169066666666667,68.4650434923126,16.7973243350705,16.9066666666667
2022-12-05,152614,110,114009,54,38605,56,123063,50,559218,271,682281,321,0,1549,0,2832,1553,0,"Knox County",470313,112.265661378699,0.163097199341021,68.2524191336408,23.3886794538956,16.3097199341021
2022-12-04,152504,18,113955,9,38549,9,123013,10,558947,62,681960,72,0,1549,0,2832,1553,0,"Knox County",470313,107.58792548792,0.160267111853088,15.308953824368,3.82723845609201,16.0267111853088
2022-12-03,152486,31,113946,16,38540,15,123003,16,558885,116,681888,132,0,1549,0,2832,1553,0,"Knox County",470313,109.288920357294,0.158807588075881,28.0664153446747,6.59135511882512,15.8807588075881
2022-12-02,152455,91,113930,57,38525,34,122987,57,558769,403,681756,460,0,1549,0,2832,1553,0,"Knox County",470313,112.053037020027,0.151635282457879,97.807204989018,19.3488166391318,15.1635282457879
2022-12-01,152364,91,113873,46,38491,45,122930,50,558366,292,681296,342,6,1549,0,2832,1553,0,"Knox County",470313,111.20253958534,0.148387096774194,72.7175306657481,19.3488166391318,14.8387096774194
2022-11-30,152273,80,113827,47,38446,33,122880,47,558074,407,680954,454,1,1543,0,2832,1553,0,"Knox County",470313,106.312179335889,0.136471707085116,96.5314588369873,17.0099486937423,13.6471707085117
2022-11-29,152193,89,113780,58,38413,31,122833,57,557667,334,680500,391,0,1542,0,2832,1553,0,"Knox County",470313,108.438422922607,0.132136279926335,83.1361242406653,18.9235679217883,13.2136279926335
2022-11-28,152104,75,113722,31,38382,44,122776,31,557333,260,680109,291,0,1542,0,2832,1553,2,"Knox County",470313,100.996570369095,0.125116713352007,61.8736883734874,15.9468269003834,12.5116713352007
2022-11-27,152029,42,113691,4,38338,38,122745,5,557073,111,679818,116,0,1542,0,2832,1551,0,"Knox County",470313,106.099554977217,0.120311070448307,24.6644256059263,8.93022306421468,12.0311070448307
2022-11-26,151987,27,113687,7,38300,20,122740,7,556962,48,679702,55,0,1542,0,2832,1551,0,"Knox County",470313,105.24905754253,0.120436225699384,11.6943397269478,5.74085768413801,12.0436225699384
2022-11-25,151960,35,113680,15,38280,20,122733,15,556914,91,679647,106,0,1542,0,2832,1551,0,"Knox County",470313,93.3420934569106,0.120797720797721,22.5381820192085,7.44185255351224,12.0797720797721
2022-11-24,151925,14,113665,6,38260,8,122718,7,556823,93,679541,100,0,1542,0,2832,1551,0,"Knox County",470313,76.9700178391837,0.111698612029081,21.2624358671778,2.97674102140489,11.1698612029081
2022-11-23,151911,62,113659,31,38252,31,122711,31,556730,241,679441,272,0,1542,0,2832,1551,0,"Knox County",470313,73.1427793830917,0.114951164537941,57.8338255587237,13.1827102376502,11.4951164537941
2022-11-22,151849,63,113628,33,38221,30,122680,32,556489,210,679169,242,1,1542,0,2832,1551,0,"Knox County",470313,67.6145460576255,0.1082910321489,51.4550947985703,13.395334596322,10.82910321489
2022-11-21,151786,69,113595,15,38191,54,122648,18,556279,122,678927,140,0,1541,1,2832,1551,1,"Knox County",470313,66.3387999055948,0.111542192046557,29.7674102140489,14.6710807483527,11.1542192046557
2022-11-20,151717,20,113580,15,38137,5,122630,16,556157,80,678787,96,0,1541,0,2831,1550,0,"Knox County",470313,61.6610640148157,0.124629080118694,20.4119384324907,4.25248717343556,12.4629080118694
2022-11-19,151697,18,113565,11,38132,7,122614,11,556077,63,678691,74,0,1541,0,2831,1550,2,"Knox County",470313,59.7474447867697,0.12621359223301,15.7342025417116,3.82723845609201,12.621359223301
2022-11-18,151679,45,113554,26,38125,19,122603,29,556014,189,678617,218,0,1541,0,2831,1548,1,"Knox County",470313,61.8736883734874,0.126094570928196,46.3521101904476,9.56809614023002,12.6094570928196
2022-11-17,151634,51,113528,25,38106,26,122574,23,555825,193,678399,216,1,1541,1,2831,1547,0,"Knox County",470313,69.7407896443432,0.127186009538951,45.9268614731041,10.8438422922607,12.7186009538951
2022-11-16,151583,65,113503,37,38080,28,122551,36,555632,184,678183,220,1,1540,0,2830,1547,0,"Knox County",470313,70.3786627203586,0.13681592039801,46.7773589077912,13.8205833136656,13.681592039801
2022-11-15,151518,64,113466,36,38052,28,122515,36,555448,216,677963,252,0,1539,0,2830,1547,0,"Knox County",470313,70.5912870790304,0.138980263157895,53.5813383852881,13.6079589549938,13.8980263157895
2022-11-14,151454,62,113430,22,38024,40,122479,23,555232,135,677711,158,0,1539,0,2830,1547,0,"Knox County",470313,69.1029165683279,0.141004862236629,33.594648670141,13.1827102376502,14.1004862236629
2022-11-13,151392,13,113408,6,37984,7,122456,6,555097,81,677553,87,0,1539,0,2830,1547,1,"Knox County",470313,67.6145460576255,0.133877551020408,18.4983192044447,2.76411666273312,13.3877551020408
2022-11-12,151379,24,113402,9,37977,15,122450,12,555016,86,677466,98,0,1539,0,2830,1546,0,"Knox County",470313,68.8902922096561,0.132105684547638,20.8371871498343,5.10298460812268,13.2105684547638
2022-11-11,151355,31,113393,17,37962,14,122438,17,554930,140,677368,157,0,1539,0,2830,1546,0,"Knox County",470313,65.9135511882512,0.128787878787879,33.3820243114692,6.59135511882512,12.8787878787879
2022-11-10,151324,57,113376,24,37948,33,122421,25,554790,133,677211,158,0,1539,0,2830,1546,0,"Knox County",470313,67.1892973402819,0.13716814159292,33.594648670141,12.1195884442914,13.716814159292
2022-11-09,151267,89,113352,51,37915,38,122396,52,554657,494,677053,546,0,1539,0,2830,1546,1,"Knox County",470313,72.2922819484046,0.117445054945055,116.092899834791,18.9235679217883,11.7445054945055
2022-11-08,151178,68,113301,41,37877,27,122344,44,554163,237,676507,281,1,1539,0,2830,1545,0,"Knox County",470313,73.1427793830917,0.120538720538721,59.7474447867697,14.4584563896809,12.0538720538721
2022-11-07,151110,86,113260,33,37850,53,122300,33,553926,142,676226,175,0,1538,0,2830,1545,1,"Knox County",470313,78.2457639912144,0.125832223701731,37.2092627675612,18.2856948457729,12.5832223701731
2022-11-06,151024,27,113227,12,37797,15,122267,11,553784,70,676051,81,0,1538,0,2830,1544,0,"Knox County",470313,81.2225050126193,0.129679144385027,17.222573052414,5.74085768413801,12.9679144385027
2022-11-05,150997,20,113215,13,37782,7,122256,13,553714,85,675970,98,0,1538,0,2830,1544,1,"Knox County",470313,80.3720075779321,0.130347593582888,20.8371871498343,4.25248717343556,13.0347593582888
2022-11-04,150977,80,113202,58,37775,22,122243,58,553629,300,675872,358,2,1538,0,2830,1543,1,"Knox County",470313,90.7906011528493,0.139068945197407,76.1195204044966,17.0099486937423,13.9068945197407
2022-11-03,150897,90,113144,57,37753,33,122185,59,553329,394,675514,453,2,1536,0,2830,1542,0,"Knox County",470313,97.807204989018,0.135542168674699,96.3188344783155,19.13619228046,13.5542168674699
2022-11-02,150807,86,113087,42,37720,44,122126,43,552935,314,675061,357,0,1534,0,2830,1542,1,"Knox County",470313,97.1693319130026,0.144758735440932,75.9068960458248,18.2856948457729,14.4758735440932
2022-11-01,150721,80,113045,44,37676,36,122083,41,552621,249,674704,290,4,1534,0,2830,1541,0,"Knox County",470313,99.720824217064,0.142384105960265,61.6610640148157,17.0099486937423,14.2384105960265
2022-10-31,150641,129,113001,74,37640,55,122042,77,552372,399,674414,476,0,1530,0,2830,1541,0,"Knox County",470313,108.86367163995,0.142924751538097,101.209194727766,27.4285422686594,14.2924751538098
2022-10-30,150512,5,112927,5,37585,0,121965,5,551973,27,673938,32,0,1530,0,2830,1541,0,"Knox County",470313,104.185935749171,0.143410852713178,6.8039794774969,1.06312179335889,14.3410852713178
2022-10-29,150507,16,112922,8,37585,8,121960,9,551946,79,673906,88,0,1530,0,2830,1541,0,"Knox County",470313,103.335438314484,0.142161635832522,18.7109435631165,3.40198973874845,14.2161635832522
2022-10-28,150491,66,112914,30,37577,36,121951,33,551867,153,673818,186,0,1530,0,2830,1541,0,"Knox County",470313,100.358697293079,0.141870350690755,39.5481307129507,14.0332076723374,14.1870350690755
2022-10-27,150425,81,112884,59,37541,22,121918,61,551714,254,673632,315,-1,1530,0,2830,1541,0,"Knox County",470313,98.4450780650333,0.154243119266055,66.9766729816101,17.222573052414,15.4243119266055
2022-10-26,150344,72,112825,35,37519,37,121857,37,551460,233,673317,270,4,1531,0,2830,1541,0,"Knox County",470313,95.4683370436284,0.15872057936029,57.4085768413801,15.308953824368,15.872057936029
2022-10-25,150272,62,112790,28,37482,34,121820,32,551227,179,673047,211,0,1527,1,2830,1541,1,"Knox County",470313,91.6410985875364,0.160963244613435,44.8637396797452,13.1827102376502,16.0963244613435
2022-10-24,150210,91,112762,40,37448,51,121788,43,551048,127,672836,170,0,1527,0,2829,1540,0,"Knox County",470313,83.5613729580088,0.172955974842767,36.1461409742023,19.3488166391318,17.2955974842767
2022-10-23,150119,25,112722,15,37397,10,121745,15,550921,59,672666,74,0,1527,0,2829,1540,0,"Knox County",470313,87.8138601314444,0.17503805175038,15.7342025417116,5.31560896679445,17.503805175038
2022-10-22,150094,16,112707,9,37387,7,121730,9,550862,86,672592,95,0,1527,0,2829,1540,1,"Knox County",470313,87.8138601314444,0.174110522331567,20.1993140738189,3.40198973874845,17.4110522331567
2022-10-21,150078,62,112698,41,37380,21,121721,42,550776,228,672497,270,0,1527,0,2829,1539,0,"Knox County",470313,86.9633626967573,0.170106761565836,57.4085768413801,13.1827102376502,17.0106761565836
2022-10-20,150016,63,112657,36,37359,27,121679,37,550548,250,672227,287,2,1527,0,2829,1539,0,"Knox County",470313,83.1361242406653,0.156136528685548,61.0231909388003,13.395334596322,15.6136528685548
2022-10-19,149953,58,112621,39,37332,19,121642,41,550298,125,671940,166,0,1525,0,2829,1539,2,"Knox County",470313,80.1593832192604,0.172034564021995,35.2956435395152,12.3322128029631,17.2034564021995
2022-10-18,149895,55,112582,35,37313,20,121601,37,550173,184,671774,221,4,1525,2,2829,1537,1,"Knox County",470313,78.6710127085579,0.174590802805924,46.989983266463,11.6943397269478,17.4590802805924
2022-10-17,149840,78,112547,42,37293,36,121564,44,549989,122,671553,166,2,1521,0,2827,1536,1,"Knox County",470313,75.9068960458248,0.175918686473808,35.2956435395152,16.5846999763987,17.5918686473808
2022-10-16,149762,12,112505,6,37257,6,121520,7,549867,55,671387,62,0,1519,0,2827,1535,3,"Knox County",470313,73.1427793830917,0.171270718232044,13.1827102376502,2.55149230406134,17.1270718232044
2022-10-15,149750,15,112499,8,37251,7,121513,8,549812,127,671325,135,0,1519,0,2827,1532,0,"Knox County",470313,72.9301550244199,0.165263963274675,28.70428842069,3.18936538007667,16.5263963274675
2022-10-14,149735,43,112491,24,37244,19,121505,26,549685,114,671190,140,0,1519,1,2827,1532,1,"Knox County",470313,68.8902922096561,0.169923534409516,29.7674102140489,9.14284742288646,16.9923534409516
2022-10-13,149692,54,112467,29,37225,25,121479,34,549571,155,671050,189,1,1519,0,2826,1531,0,"Knox County",470313,66.9766729816101,0.182576459684893,40.1860037889661,11.481715368276,18.2576459684893
2022-10-12,149638,63,112438,42,37200,21,121445,46,549416,221,670861,267,0,1518,0,2826,1531,2,"Knox County",470313,68.039794774969,0.171186440677966,56.7707037653648,13.395334596322,17.1186440677966
2022-10-11,149575,73,112396,29,37179,44,121399,28,549195,183,670594,211,1,1518,0,2826,1529,0,"Knox County",470313,71.867033231061,0.164957264957265,44.8637396797452,15.5215781830398,16.4957264957265
2022-10-10,149502,68,112367,37,37135,31,121371,41,549012,139,670383,180,2,1517,1,2826,1529,0,"Knox County",470313,69.7407896443432,0.160472972972973,38.2723845609201,14.4584563896809,16.0472972972973
2022-10-09,149434,36,112330,24,37104,12,121330,27,548873,139,670203,166,0,1515,0,2825,1529,0,"Knox County",470313,74.8437742524659,0.16304347826087,35.2956435395152,7.65447691218401,16.304347826087
2022-10-08,149398,31,112306,18,37092,13,121303,17,548734,125,670037,142,0,1515,0,2825,1529,2,"Knox County",470313,78.2457639912144,0.169111969111969,30.1926589313925,6.59135511882512,16.9111969111969
2022-10-07,149367,55,112288,30,37079,25,121286,32,548609,257,669895,289,0,1515,1,2825,1527,2,"Knox County",470313,80.7972562952757,0.155817174515235,61.4484396561439,11.6943397269478,15.5817174515235
2022-10-06,149312,98,112258,64,37054,34,121254,70,548352,275,669606,345,6,1515,0,2824,1525,0,"Knox County",470313,90.1527280768339,0.163125,73.3554037417635,20.8371871498343,16.3125
2022-10-05,149214,80,112194,40,37020,40,121184,41,548077,182,669261,223,0,1509,0,2824,1525,1,"Knox County",470313,93.7673421742542,0.16452442159383,47.4152319838065,17.0099486937423,16.452442159383
2022-10-04,149134,47,112154,31,36980,16,121143,32,547895,327,669038,359,0,1509,0,2824,1524,0,"Knox County",470313,88.2391088487879,0.152582159624413,76.3321447631684,9.99334485757357,15.2582159624413
2022-10-03,149087,110,112123,35,36964,75,121111,36,547568,111,668679,147,1,1509,1,2824,1524,1,"Knox County",470313,97.1693319130026,0.152603231597846,31.2557807247514,23.3886794538956,15.2603231597846
2022-10-02,148977,19,112088,10,36889,9,121075,12,547457,92,668532,104,0,1508,0,2823,1523,1,"Knox County",470313,93.5547178155824,0.149160969546302,22.1129333018649,4.03986281476378,14.9160969546302
2022-10-01,148958,29,112078,20,36880,9,121063,22,547365,81,668428,103,0,1508,0,2823,1522,0,"Knox County",470313,93.1294690982388,0.156050955414013,21.9003089431931,6.16610640148157,15.6050955414013
2022-09-30,148929,76,112058,46,36871,30,121041,50,547284,166,668325,216,1,1508,0,2823,1522,1,"Knox County",470313,97.5945806303462,0.175684702738811,45.9268614731041,16.1594512590551,17.5684702738811
2022-09-29,148853,64,112012,38,36841,26,120991,42,547118,226,668109,268,2,1507,0,2823,1521,0,"Knox County",470313,90.3653524355057,0.165492957746479,56.9833281240365,13.6079589549938,16.5492957746479
2022-09-28,148789,76,111974,45,36815,31,120949,48,546892,241,667841,289,4,1505,2,2823,1521,0,"Knox County",470313,89.5148550008186,0.162853297442799,61.4484396561439,16.1594512590551,16.28532974428
2022-09-27,148713,92,111929,54,36784,38,120901,56,546651,171,667552,227,1,1501,0,2821,1521,0,"Knox County",470313,99.0829511410486,0.196454948301329,48.2657294184936,19.5614409978036,19.6454948301329
2022-09-26,148621,69,111875,29,36746,40,120845,33,546480,92,667325,125,0,1500,0,2821,1521,0,"Knox County",470313,90.3653524355057,0.197447447447447,26.5780448339723,14.6710807483527,19.7447447447447
2022-09-25,148552,29,111846,18,36706,11,120812,17,546388,89,667200,106,0,1500,0,2821,1521,1,"Knox County",470313,92.4915960222235,0.200899550224888,22.5381820192085,6.16610640148157,20.0899550224888
2022-09-24,148523,15,111828,10,36695,5,120795,10,546299,65,667094,75,0,1500,0,2821,1520,1,"Knox County",470313,89.5148550008186,0.196018376722818,15.9468269003834,3.18936538007667,19.6018376722818
2022-09-23,148508,75,111818,46,36690,29,120785,50,546234,192,667019,242,5,1500,0,2821,1519,3,"Knox County",470313,89.3022306421468,0.192192192192192,51.4550947985703,15.9468269003834,19.2192192192192
2022-09-22,148433,97,111772,66,36661,31,120735,73,546042,233,666777,306,4,1495,1,2821,1516,0,"Knox County",470313,96.3188344783155,0.209489051094891,65.0630537535641,20.6245627911625,20.948905109489
2022-09-21,148336,89,111706,54,36630,35,120662,59,545809,226,666471,285,3,1491,1,2820,1516,0,"Knox County",470313,99.0829511410486,0.218155197657394,60.5979422214568,18.9235679217883,21.8155197657394
2022-09-20,148247,83,111652,35,36595,48,120603,38,545583,168,666186,206,1,1488,0,2819,1516,3,"Knox County",470313,97.1693319130026,0.20817843866171,43.8006178863863,17.6478217697576,20.817843866171
2022-09-19,148164,114,111617,46,36547,68,120565,51,545415,152,665980,203,0,1487,0,2819,1513,0,"Knox County",470313,106.737428053233,0.209416725228391,43.162744810371,24.2391768885827,20.9416725228391
2022-09-18,148050,48,111571,36,36479,12,120514,39,545263,95,665777,134,0,1487,1,2819,1513,1,"Knox County",470313,110.777290867996,0.220537560303239,28.4916640620183,10.2059692162454,22.0537560303239
2022-09-17,148002,42,111535,16,36467,26,120475,18,545168,117,665643,135,0,1487,0,2818,1512,0,"Knox County",470313,116.518148552134,0.217074784910655,28.70428842069,8.93022306421468,21.7074784910655
2022-09-16,147960,91,111519,33,36441,58,120457,39,545051,295,665508,334,0,1487,0,2818,1512,0,"Knox County",470313,119.920138290883,0.197754210854648,71.0165357963739,19.3488166391318,19.7754210854648
2022-09-15,147869,146,111486,82,36383,64,120418,87,544756,288,665174,375,2,1487,0,2818,1512,1,"Knox County",470313,130.3387318658,0.197966507177033,79.7341345019168,31.0431563660796,19.7966507177033
2022-09-14,147723,126,111404,67,36319,59,120331,74,544468,220,664799,294,4,1485,0,2818,1511,1,"Knox County",470313,138.205833136656,0.205829863176681,62.5115614495028,26.790669192644,20.5829863176681
2022-09-13,147597,106,111337,62,36260,44,120257,65,544248,213,664505,278,0,1481,0,2818,1510,1,"Knox County",470313,143.096193386107,0.212778094694809,59.1095717107543,22.5381820192085,21.2778094694809
2022-09-12,147491,116,111275,49,36216,67,120192,57,544035,137,664227,194,0,1481,0,2818,1509,1,"Knox County",470313,143.52144210345,0.217316513761468,41.249125582325,24.6644256059263,21.7316513761468
2022-09-11,147375,48,111226,26,36149,22,120135,27,543898,77,664033,104,0,1481,0,2818,1508,1,"Knox County",470313,143.52144210345,0.214119019836639,22.1129333018649,10.2059692162454,21.4119019836639
2022-09-10,147327,72,111200,50,36127,22,120108,54,543821,139,663929,193,0,1481,0,2818,1507,0,"Knox County",470313,149.900172863604,0.227426636568849,41.0365012236532,15.308953824368,22.7426636568849
2022-09-09,147255,154,111150,103,36105,51,120054,112,543682,259,663736,371,0,1481,0,2818,1507,4,"Knox County",470313,163.295507459926,0.263128800442233,78.8836370672297,32.7441512354538,26.3128800442233
2022-09-08,147101,178,111047,115,36054,63,119942,122,543423,336,663365,458,0,1481,0,2818,1503,1,"Knox County",470313,170.099486937423,0.270084566596195,97.3819562716744,37.8471358435765,27.0084566596195
2022-09-07,146923,181,110932,97,35991,84,119820,105,543087,263,662907,368,0,1481,0,2818,1502,2,"Knox County",470313,181.79382666437,0.275686673448627,78.2457639912144,38.4850089195918,27.5686673448627
2022-09-06,146742,167,110835,97,35907,70,119715,98,542824,162,662539,260,-1,1481,0,2818,1500,0,"Knox County",470313,194.763912543349,0.29517453798768,55.2823332546623,35.508267898187,29.517453798768
2022-09-05,146575,45,110738,14,35837,31,119617,16,542662,56,662279,72,0,1482,1,2818,1500,2,"Knox County",470313,179.667583077653,0.292442497261774,15.308953824368,9.56809614023002,29.2442497261774
2022-09-04,146530,88,110724,56,35806,32,119601,58,542606,130,662207,188,0,1482,0,2817,1498,2,"Knox County",470313,188.172557424524,0.295811518324607,39.9733794302943,18.7109435631165,29.5811518324607
2022-09-03,146442,90,110668,58,35774,32,119543,68,542476,155,662019,223,0,1482,0,2817,1496,0,"Knox County",470313,191.999795880616,0.298453608247423,47.4152319838065,19.13619228046,29.8453608247423
2022-09-02,146352,227,110610,167,35742,60,119475,177,542321,396,661796,573,1,1482,1,2817,1496,1,"Knox County",470313,207.521374063655,0.300653594771242,121.833757518929,48.2657294184936,30.0653594771242
2022-09-01,146125,168,110443,88,35682,80,119298,95,541925,227,661223,322,3,1481,1,2816,1495,0,"Knox County",470313,205.395130476938,0.307577268195414,68.4650434923126,35.7208922568587,30.7577268195414
2022-08-31,145957,277,110355,168,35602,109,119203,182,541698,301,660901,483,1,1478,0,2815,1495,2,"Knox County",470313,225.807068909428,0.327204148986327,102.697565238469,58.8969473520825,32.7204148986327
2022-08-30,145680,251,110187,149,35493,102,119021,159,541397,216,660418,375,-1,1477,0,2815,1493,0,"Knox County",470313,243.667515037858,0.337656529516995,79.7341345019168,53.3687140266163,33.7656529516995
2022-08-29,145429,239,110038,111,35391,128,118862,118,541181,123,660043,241,0,1478,0,2815,1493,2,"Knox County",470313,284.916640620183,0.356340956340956,51.2424704398985,50.817221722555,35.6340956340956
2022-08-28,145190,106,109927,77,35263,29,118744,82,541058,137,659802,219,1,1478,0,2815,1491,1,"Knox County",470313,288.743879076275,0.361658456486043,46.5647345491194,22.5381820192085,36.1658456486043
2022-08-27,145084,136,109850,74,35234,62,118662,78,540921,211,659583,289,0,1477,0,2815,1490,0,"Knox County",470313,298.524599575177,0.356115107913669,61.4484396561439,28.9169127793618,35.6115107913669
2022-08-26,144948,233,109776,157,35172,76,118584,170,540710,352,659294,522,0,1477,0,2815,1490,0,"Knox County",470313,299.800345727207,0.360669114647083,110.989915226668,49.5414755705243,36.0669114647083
2022-08-25,144715,256,109619,146,35096,110,118414,157,540358,326,658772,483,3,1477,0,2815,1490,1,"Knox County",470313,318.511289290324,0.362174578866769,102.697565238469,54.4318358199752,36.2174578866769
2022-08-24,144459,281,109473,162,34986,119,118257,169,540032,272,658289,441,2,1474,1,2815,1489,1,"Knox County",470313,319.361786725011,0.363035019455253,93.7673421742542,59.7474447867697,36.3035019455253
2022-08-23,144178,287,109311,175,34867,112,118088,189,539760,292,657848,481,4,1472,0,2814,1488,0,"Knox County",470313,327.016263637195,0.359865470852018,102.272316521125,61.0231909388003,35.9865470852018
2022-08-22,143891,281,109136,151,34755,130,117899,155,539468,276,657367,431,0,1468,1,2814,1488,0,"Knox County",470313,335.94648670141,0.348918353105373,91.6410985875364,59.7474447867697,34.8918353105373
2022-08-21,143610,129,108985,90,34625,39,117744,104,539192,196,656936,300,0,1468,0,2813,1488,0,"Knox County",470313,340.83684695086,0.346793349168646,63.7873076015334,27.4285422686594,34.6793349168646
2022-08-20,143481,76,108895,53,34586,23,117640,62,538996,123,656636,185,0,1468,0,2813,1488,2,"Knox County",470313,328.079385430554,0.353851565247978,39.335506354279,16.1594512590551,35.3851565247978
2022-08-19,143405,212,108842,147,34563,65,117578,150,538873,248,656451,398,0,1468,0,2813,1486,0,"Knox County",470313,323.614273898446,0.362633321073924,84.6244947513677,45.076364038417,36.2633321073924
2022-08-18,143193,621,108695,214,34498,407,117428,224,538625,286,656053,510,0,1468,2,2813,1486,3,"Knox County",470313,401.222164813645,0.383466860888565,108.438422922607,132.039726735174,38.3466860888565
2022-08-17,142572,199,108481,135,34091,64,117204,150,538339,266,655543,416,3,1468,0,2811,1483,1,"Knox County",470313,383.78696740256,0.380007350238883,88.4517332074597,42.3122473756839,38.0007350238883
2022-08-16,142373,261,108346,176,34027,85,117054,192,538073,191,655127,383,4,1465,0,2811,1482,1,"Knox County",470313,378.258734077093,0.395348837209302,81.435129371291,55.4949576133341,39.5348837209302
2022-08-15,142112,237,108170,146,33942,91,116862,148,537882,154,654744,302,1,1461,0,2811,1481,0,"Knox County",470313,368.903262295535,0.41299117882919,64.212556318877,50.3919730052114,41.299117882919
2022-08-14,141875,90,108024,69,33851,21,116714,79,537728,122,654442,201,1,1460,0,2811,1481,1,"Knox County",470313,360.610912307336,0.419624217118998,42.7374960930274,19.13619228046,41.9624217118998
2022-08-13,141785,98,107955,67,33830,31,116635,79,537606,154,654241,233,0,1459,0,2811,1480,0,"Knox County",470313,365.288648198115,0.418338108882521,49.5414755705243,20.8371871498343,41.8338108882521
2022-08-12,141687,213,107888,147,33799,66,116556,152,537452,338,654008,490,1,1459,1,2811,1480,1,"Knox County",470313,365.501272556787,0.403944773175542,104.185935749171,45.2889883970888,40.3944773175542
2022-08-11,141474,179,107741,129,33733,50,116404,134,537114,188,653518,322,0,1458,0,2810,1479,2,"Knox County",470313,271.521306023861,0.397954835960801,68.4650434923126,38.0597602022483,39.7954835960801
2022-08-10,141295,223,107612,159,33683,64,116270,169,536926,255,653196,424,1,1458,0,2810,1477,1,"Knox County",470313,276.624290631983,0.404670912951168,90.1527280768339,47.4152319838065,40.4670912951168
2022-08-09,141072,272,107453,192,33619,80,116101,199,536671,349,652772,548,5,1457,0,2810,1476,3,"Knox County",470313,278.963158577373,0.380952380952381,116.518148552134,57.8338255587237,38.0952380952381
2022-08-08,140800,237,107261,150,33539,87,115902,156,536322,327,652224,483,2,1452,0,2810,1473,0,"Knox County",470313,278.963158577373,0.358385783043317,102.697565238469,50.3919730052114,35.8385783043317
2022-08-07,140563,84,107111,58,33452,26,115746,61,535995,115,651741,176,1,1450,0,2810,1473,1,"Knox County",470313,277.687412425342,0.355007473841555,37.421887126233,17.8604461284294,35.5007473841555
2022-08-06,140479,96,107053,69,33426,27,115685,74,535880,102,651565,176,0,1449,1,2810,1472,1,"Knox County",470313,277.262163707999,0.360824742268041,37.421887126233,20.4119384324907,36.0824742268041
2022-08-05,140383,205,106984,122,33399,83,115611,120,535778,281,651389,401,2,1449,1,2809,1471,2,"Knox County",470313,275.561168838624,0.360869565217391,85.262367827383,43.5879935277145,36.0869565217391
2022-08-04,140178,192,106862,128,33316,64,115491,136,535497,239,650988,375,5,1447,0,2808,1469,3,"Knox County",470313,278.325285501358,0.354239256678281,79.7341345019168,40.8238768649814,35.4239256678281
2022-08-03,139986,205,106734,121,33252,84,115355,126,535258,289,650613,415,-2,1442,0,2808,1466,1,"Knox County",470313,274.498047045266,0.338772338772339,88.2391088487879,43.5879935277145,33.8772338772339
2022-08-02,139781,286,106613,174,33168,112,115229,182,534969,308,650198,490,0,1444,0,2808,1465,1,"Knox County",470313,277.47478806667,0.339825119236884,104.185935749171,60.8105665801286,33.9825119236884
2022-08-01,139495,177,106439,98,33056,79,115047,109,534661,133,649708,242,4,1444,1,2808,1464,1,"Knox County",470313,264.717326546364,0.355164835164835,51.4550947985703,37.6345114849047,35.5164835164835
2022-07-31,139318,100,106341,65,32977,35,114938,74,534528,153,649466,227,0,1440,0,2807,1463,1,"Knox County",470313,268.119316285112,0.352966466036113,48.2657294184936,21.2624358671778,35.2966466036114
2022-07-30,139218,116,106276,85,32942,31,114864,95,534375,203,649239,298,0,1440,0,2807,1462,1,"Knox County",470313,272.371803458548,0.343954248366013,63.3620588841899,24.6644256059263,34.3954248366013
2022-07-29,139102,218,106191,151,32911,67,114769,154,534172,298,648941,452,0,1440,0,2807,1461,1,"Knox County",470313,275.135920121281,0.350540216086435,96.1062101196437,46.3521101904476,35.0540216086435
2022-07-28,138884,283,106040,188,32844,95,114615,204,533874,319,648489,523,1,1440,0,2807,1460,1,"Knox County",470313,294.484736760413,0.356630147336607,111.20253958534,60.1726935041132,35.6630147336607
2022-07-27,138601,199,105852,129,32749,70,114411,134,533555,248,647966,382,4,1439,0,2807,1459,0,"Knox County",470313,293.208990608382,0.364192807957154,81.2225050126193,42.3122473756839,36.4192807957154
2022-07-26,138402,301,105723,230,32679,71,114277,238,533307,239,647584,477,1,1435,1,2807,1459,1,"Knox County",470313,296.398355988459,0.387543252595156,101.421819086438,63.9999319602052,38.7543252595156
2022-07-25,138101,289,105493,172,32608,117,114039,181,533068,249,647107,430,1,1434,0,2806,1458,2,"Knox County",470313,320.212284159698,0.387235568304052,91.4284742288646,61.4484396561439,38.7235568304052
2022-07-24,137812,112,105321,68,32491,44,113858,73,532819,178,646677,251,0,1433,0,2806,1456,1,"Knox County",470313,322.763776463759,0.383576253110558,53.3687140266163,23.8139281712392,38.3576253110558
2022-07-23,137700,110,105253,53,32447,57,113785,59,532641,143,646426,202,0,1433,0,2806,1455,0,"Knox County",470313,321.488030311729,0.383879278616121,42.9501204516992,23.3886794538956,38.3879278616121
2022-07-22,137590,262,105200,183,32390,79,113726,190,532498,309,646224,499,0,1433,0,2806,1455,1,"Knox County",470313,330.843502093287,0.390376266280753,106.099554977217,55.7075819720059,39.0376266280753
2022-07-21,137328,286,105017,175,32311,111,113536,179,532189,354,645725,533,0,1433,2,2806,1454,2,"Knox County",470313,331.481375169302,0.379956741167988,113.328783172058,60.8105665801286,37.9956741167988
2022-07-20,137042,223,104842,142,32200,81,113357,153,531835,318,645192,471,5,1433,0,2804,1452,0,"Knox County",470313,336.584359777425,0.374781697520084,100.146072934408,47.4152319838065,37.4781697520084
2022-07-19,136819,228,104700,145,32119,83,113204,149,531517,234,644721,383,1,1428,1,2804,1452,2,"Knox County",470313,321.062781594385,0.355362946912243,81.435129371291,48.4783537771654,35.5362946912243
2022-07-18,136591,348,104555,206,32036,142,113055,232,531283,382,644338,614,1,1427,0,2803,1450,1,"Knox County",470313,333.60761875602,0.350491026075178,130.551356224472,73.9932768177788,35.0491026075178
2022-07-17,136243,76,104349,62,31894,14,112823,69,530901,87,643724,156,0,1426,0,2803,1449,1,"Knox County",470313,325.953141843836,0.36074177746676,33.1693999527974,16.1594512590551,36.074177746676
2022-07-16,136167,102,104287,65,31880,37,112754,67,530814,123,643568,190,1,1426,0,2803,1448,2,"Knox County",470313,324.252146974462,0.365073787772312,40.3986281476379,21.6876845845214,36.5073787772312
2022-07-15,136065,191,104222,119,31843,72,112687,129,530691,326,643378,455,0,1425,2,2803,1446,2,"Knox County",470313,309.155817508765,0.349036402569593,96.7440831956591,40.6112525063096,34.9036402569593
2022-07-14,135874,206,104103,144,31771,62,112558,146,530365,239,642923,385,1,1425,0,2801,1444,5,"Knox County",470313,292.145868815023,0.356066314996232,81.8603780886346,43.8006178863863,35.6066314996232
2022-07-13,135668,267,103959,171,31709,96,112412,179,530126,320,642538,499,0,1424,0,2801,1439,1,"Knox County",470313,301.501340596581,0.362043251304996,106.099554977217,56.7707037653648,36.2043251304996
2022-07-12,135401,235,103788,161,31613,74,112233,170,529806,293,642039,463,4,1424,0,2801,1438,1,"Knox County",470313,302.989711107284,0.359160028964518,98.4450780650333,49.9667242878679,35.9160028964519
2022-07-11,135166,201,103627,137,31539,64,112063,144,529513,253,641576,397,0,1420,1,2801,1437,0,"Knox County",470313,271.733930382532,0.355206286836935,84.4118703926959,42.7374960930274,35.5206286836935
2022-07-10,134965,83,103490,43,31475,40,111919,42,529260,87,641179,129,0,1420,1,2800,1437,1,"Knox County",470313,273.222300893235,0.348292295472597,27.4285422686594,17.6478217697576,34.8292295472597
2022-07-09,134882,120,103447,79,31435,41,111877,79,529173,105,641050,184,0,1420,0,2799,1436,2,"Knox County",470313,277.049539349327,0.35390127388535,39.1228819956072,25.5149230406134,35.390127388535
2022-07-08,134762,196,103368,126,31394,70,111798,133,529068,304,640866,437,1,1420,0,2799,1434,0,"Knox County",470313,278.112661142686,0.358059342421812,92.916844739567,41.6743742996685,35.8059342421812
2022-07-07,134566,182,103242,105,31324,77,111665,109,528764,205,640429,314,0,1419,0,2799,1434,4,"Knox County",470313,273.009676534563,0.353281056541478,66.7640486229383,38.6976332782636,35.3281056541477
2022-07-06,134384,228,103137,157,31247,71,111556,158,528559,228,640115,386,3,1419,1,2799,1430,0,"Knox County",470313,264.717326546364,0.361471861471861,82.0730024473064,48.4783537771654,36.1471861471861
2022-07-05,134156,165,102980,119,31176,46,111398,123,528331,118,639729,241,0,1416,1,2798,1430,1,"Knox County",470313,249.833621439339,0.377394636015326,51.2424704398985,35.0830191808434,37.7394636015326
2022-07-04,133991,79,102861,44,31130,35,111275,47,528213,123,639488,170,1,1416,1,2797,1429,0,"Knox County",470313,223.893449681382,0.371305749596991,36.1461409742023,16.7973243350705,37.1305749596991
2022-07-03,133912,105,102817,65,31095,40,111228,69,528090,159,639318,228,0,1415,0,2796,1429,0,"Knox County",470313,228.571185572162,0.366326530612245,48.4783537771654,22.3255576605367,36.6326530612245
2022-07-02,133807,108,102752,75,31055,33,111159,79,527931,200,639090,279,0,1415,0,2796,1429,3,"Knox County",470313,226.0196932681,0.349391727493917,59.3221960694261,22.963430736552,34.9391727493917
2022-07-01,133699,184,102677,124,31022,60,111080,130,527731,318,638811,448,0,1415,1,2796,1426,1,"Knox County",470313,223.468200964039,0.346079380445305,95.2557126849566,39.1228819956072,34.6079380445305
2022-06-30,133515,195,102553,118,30962,77,110950,124,527413,308,638363,432,1,1415,2,2795,1425,1,"Knox County",470313,226.232317626772,0.334249084249084,91.8537229462082,41.4617499409967,33.4249084249084
2022-06-29,133320,184,102435,120,30885,64,110826,131,527105,244,637931,375,2,1414,0,2793,1424,1,"Knox County",470313,216.876845845214,0.323515876668201,79.7341345019168,39.1228819956072,32.3515876668201
2022-06-28,133136,183,102315,116,30821,67,110695,122,526861,265,637556,387,1,1412,0,2793,1423,0,"Knox County",470313,220.704084301306,0.302716688227684,82.2856268059781,38.9102576369354,30.2716688227684
2022-06-27,132953,144,102199,102,30754,42,110573,104,526596,167,637169,271,0,1411,0,2793,1423,0,"Knox County",470313,234.524667614971,0.313636363636364,57.6212012000519,30.6179076487361,31.3636363636364
2022-06-26,132809,90,102097,58,30712,32,110469,63,526429,168,636898,231,0,1411,0,2793,1423,0,"Knox County",470313,231.335302234895,0.310771770532398,49.1162268531808,19.13619228046,31.0771770532398
2022-06-25,132719,104,102039,60,30680,44,110406,71,526261,203,636667,274,0,1411,0,2793,1423,0,"Knox County",470313,230.484804800208,0.308105872622002,58.2590742760672,22.1129333018649,30.8105872622002
2022-06-24,132615,147,101979,121,30636,26,110335,130,526058,386,636393,516,0,1411,1,2793,1423,2,"Knox County",470313,222.617703529352,0.299678197908286,109.714169074638,31.2557807247514,29.9678197908286
2022-06-23,132468,188,101858,130,30610,58,110205,138,525672,304,635877,442,1,1411,1,2792,1421,0,"Knox County",470313,221.129333018649,0.304086538461538,93.9799665329259,39.9733794302943,30.4086538461538
2022-06-22,132280,182,101728,127,30552,55,110067,131,525368,331,635435,462,0,1410,0,2791,1421,0,"Knox County",470313,220.704084301306,0.293844367015099,98.2324537063615,38.6976332782636,29.3844367015099
2022-06-21,132098,177,101601,87,30497,90,109936,94,525037,175,634973,269,1,1410,1,2791,1421,0,"Knox County",470313,219.428338149275,0.296551724137931,57.1959524827083,37.6345114849047,29.6551724137931
2022-06-20,131921,120,101514,84,30407,36,109842,91,524862,157,634704,248,0,1409,0,2790,1421,1,"Knox County",470313,214.325353541152,0.294021294021294,52.730840950601,25.5149230406134,29.4021294021294
2022-06-19,131801,89,101430,59,30371,30,109751,65,524705,198,634456,263,0,1409,0,2790,1420,0,"Knox County",470313,214.112729182481,0.291026677445432,55.9202063306777,18.9235679217883,29.1026677445432
2022-06-18,131712,101,101371,83,30341,18,109686,89,524507,194,634193,283,-1,1409,0,2790,1420,0,"Knox County",470313,213.474856106465,0.297221103503826,60.1726935041132,21.4750602258496,29.7221103503826
2022-06-17,131611,132,101288,84,30323,48,109597,88,524313,254,633910,342,3,1410,2,2790,1420,1,"Knox County",470313,210.285490726389,0.301429190125595,72.7175306657481,28.0664153446747,30.1429190125595
2022-06-16,131479,138,101204,104,30275,34,109509,108,524059,301,633568,409,1,1407,0,2788,1419,0,"Knox County",470313,199.6542727928,0.292618629173989,86.9633626967573,29.3421614967054,29.2618629173989
2022-06-15,131341,113,101100,81,30241,32,109401,85,523758,264,633159,349,0,1406,0,2788,1419,1,"Knox County",470313,184.983192044447,0.286638927415626,74.2059011764506,24.0265525299109,28.6638927415626
2022-06-14,131228,171,101019,106,30209,65,109316,114,523494,244,632810,358,2,1406,0,2788,1418,0,"Knox County",470313,183.707445892416,0.284191829484902,76.1195204044966,36.3587653328741,28.4191829484902
2022-06-13,131057,117,100913,71,30144,46,109202,71,523250,150,632452,221,1,1404,0,2788,1418,2,"Knox County",470313,183.069572816401,0.278651685393258,46.989983266463,24.877049964598,27.8651685393258
2022-06-12,130940,79,100842,44,30098,35,109131,48,523100,129,632231,177,1,1403,1,2788,1416,1,"Knox County",470313,180.943329229683,0.281907433380084,37.6345114849047,16.7973243350705,28.1907433380084
2022-06-11,130861,102,100798,82,30063,20,109083,93,522971,227,632054,320,0,1402,0,2787,1415,0,"Knox County",470313,181.155953588355,0.278952205882353,68.039794774969,21.6876845845214,27.8952205882353
2022-06-10,130759,122,100716,77,30043,45,108990,88,522744,368,631734,456,0,1402,1,2787,1415,0,"Knox County",470313,179.029710001637,0.265065502183406,96.9567075543308,25.9401717579569,26.5065502183406
2022-06-09,130637,161,100639,107,29998,54,108902,114,522376,330,631278,444,1,1402,0,2786,1415,0,"Knox County",470313,183.920070251088,0.263655913978495,94.4052152502695,34.2325217461563,26.3655913978495
2022-06-08,130476,150,100532,100,29944,50,108788,116,522046,324,630834,440,0,1401,0,2786,1415,0,"Knox County",470313,191.787171521944,0.266556291390728,93.5547178155824,31.8936538007667,26.6556291390728
2022-06-07,130326,121,100432,70,29894,51,108672,71,521722,169,630394,240,0,1401,0,2786,1415,0,"Knox County",470313,181.155953588355,0.261531766753699,51.0298460812268,25.7275473992852,26.1531766753699
2022-06-06,130205,116,100362,79,29843,37,108601,81,521553,280,630154,361,0,1401,1,2786,1415,0,"Knox County",470313,180.943329229683,0.250615258408532,76.7573934805119,24.6644256059263,25.0615258408532
2022-06-05,130089,76,100283,55,29806,21,108520,58,521273,233,629793,291,3,1401,1,2785,1415,0,"Knox County",470313,180.305456153668,0.24333855799373,61.8736883734874,16.1594512590551,24.333855799373
2022-06-04,130013,86,100228,72,29785,14,108462,76,521040,300,629502,376,0,1398,0,2784,1415,1,"Knox County",470313,176.903466414919,0.23159509202454,79.9467588605886,18.2856948457729,23.159509202454
2022-06-03,129927,132,100156,90,29771,42,108386,96,520740,346,629126,442,0,1398,1,2784,1414,3,"Knox County",470313,179.029710001637,0.235929067077872,93.9799665329259,28.0664153446747,23.5929067077872
2022-06-02,129795,113,100066,87,29729,26,108290,95,520394,284,628684,379,0,1398,0,2783,1411,0,"Knox County",470313,168.823740785392,0.234480031633057,80.5846319366039,24.0265525299109,23.4480031633057
2022-06-01,129682,169,99979,90,29703,79,108195,105,520110,303,628305,408,1,1398,1,2783,1411,0,"Knox County",470313,172.863603600156,0.233079695634762,86.7507383380855,35.9335166155305,23.3079695634762
2022-05-31,129513,129,99889,94,29624,35,108090,96,519807,214,627897,310,0,1397,2,2782,1411,0,"Knox County",470313,174.56459846953,0.236462797039346,65.9135511882512,27.4285422686594,23.6462797039346
2022-05-30,129384,57,99795,32,29589,25,107994,36,519593,118,627587,154,0,1397,3,2780,1411,0,"Knox County",470313,162.019761307895,0.238135593220339,32.7441512354538,12.1195884442914,23.8135593220339
2022-05-29,129327,56,99763,43,29564,13,107958,46,519475,200,627433,246,0,1397,0,2777,1411,1,"Knox County",470313,157.767274134459,0.237580993520518,52.3055922332574,11.9069640856196,23.7580993520518
2022-05-28,129271,69,99720,56,29551,13,107912,58,519275,229,627187,287,0,1397,0,2777,1410,0,"Knox County",470313,154.152660037039,0.238993710691824,61.0231909388003,14.6710807483527,23.8993710691824
2022-05-27,129202,98,99664,66,29538,32,107854,67,519046,417,626900,484,2,1397,2,2777,1410,0,"Knox County",470313,146.923431842199,0.221781305114638,102.910189597141,20.8371871498343,22.1781305114638
2022-05-26,129104,102,99598,78,29506,24,107787,82,518629,367,626416,449,1,1395,3,2775,1410,1,"Knox County",470313,144.584563896809,0.209580838323353,95.4683370436284,21.6876845845214,20.9580838323353
2022-05-25,129002,110,99520,79,29482,31,107705,86,518262,264,625967,350,2,1394,0,2772,1409,1,"Knox County",470313,132.039726735174,0.206578947368421,74.4185255351224,23.3886794538956,20.6578947368421
2022-05-24,128892,107,99441,68,29451,39,107619,73,517998,281,625617,354,0,1392,1,2772,1408,0,"Knox County",470313,127.361990844395,0.192771084337349,75.2690229698095,22.7508063778803,19.2771084337349
2022-05-23,128785,107,99373,71,29412,36,107546,70,517717,337,625263,407,1,1392,2,2771,1408,0,"Knox County",470313,137.993208777984,0.187039192859915,86.5381139794137,22.7508063778803,18.7039192859915
2022-05-22,128678,47,99302,38,29376,9,107476,41,517380,180,624856,221,1,1391,2,2769,1408,0,"Knox County",470313,136.079589549938,0.186912225705329,46.989983266463,9.99334485757357,18.6912225705329
2022-05-21,128631,55,99264,45,29367,10,107435,49,517200,208,624635,257,0,1390,3,2767,1408,0,"Knox County",470313,133.102848528533,0.185567010309278,54.644460178647,11.6943397269478,18.5567010309278
2022-05-20,128576,87,99219,59,29357,28,107386,63,516992,225,624378,288,0,1390,1,2764,1408,0,"Knox County",470313,130.763980583144,0.199484092863285,61.2358152974721,18.4983192044447,19.9484092863285
2022-05-19,128489,96,99160,68,29329,28,107323,70,516767,254,624090,324,6,1390,1,2763,1408,0,"Knox County",470313,129.488234431113,0.205361199454793,68.8902922096561,20.4119384324907,20.5361199454793
2022-05-18,128393,82,99092,54,29301,28,107253,56,516513,239,623766,295,1,1384,1,2762,1408,0,"Knox County",470313,123.534752388303,0.196644920782852,62.7241858081746,17.4351974110858,19.6644920782852
2022-05-17,128311,80,99038,51,29273,29,107197,54,516274,315,623471,369,2,1383,0,2761,1408,0,"Knox County",470313,117.793894704165,0.186487737158723,78.4583883498861,17.0099486937423,18.6487737158723
2022-05-16,128231,64,98987,40,29244,24,107143,39,515959,254,623102,293,0,1381,1,2761,1408,1,"Knox County",470313,108.651047281279,0.181729360039082,62.298937090831,13.6079589549938,18.1729360039082
2022-05-15,128167,39,98947,25,29220,14,107104,27,515705,174,622809,201,0,1381,1,2760,1407,0,"Knox County",470313,106.950052411904,0.176615688209176,42.7374960930274,8.29234998819935,17.6615688209176
2022-05-14,128128,29,98922,21,29206,8,107077,22,515531,145,622608,167,0,1381,1,2759,1407,0,"Knox County",470313,101.421819086438,0.170882808466701,35.508267898187,6.16610640148157,17.0882808466701
2022-05-13,128099,77,98901,55,29198,22,107055,58,515386,251,622441,309,-3,1381,0,2758,1407,1,"Knox County",470313,99.2955754997204,0.166496424923391,65.7009268295794,16.3720756177269,16.6496424923391
2022-05-12,128022,72,98846,45,29176,27,106997,49,515135,301,622132,350,1,1384,0,2758,1406,1,"Knox County",470313,94.1925908915977,0.153729838709677,74.4185255351224,15.308953824368,15.3729838709677
2022-05-11,127950,48,98801,34,29149,14,106948,36,514834,177,621782,213,0,1383,0,2758,1405,0,"Knox County",470313,86.9633626967573,0.149842271293375,45.2889883970888,10.2059692162454,14.9842271293375
2022-05-10,127902,78,98767,40,29135,38,106912,43,514657,322,621569,365,1,1383,3,2758,1405,1,"Knox County",470313,86.5381139794137,0.14436248682824,77.607890915199,16.5846999763987,14.436248682824
2022-05-09,127824,54,98727,31,29097,23,106869,32,514335,181,621204,213,0,1382,1,2755,1404,0,"Knox County",470313,84.4118703926959,0.146864686468647,45.2889883970888,11.481715368276,14.6864686468647
2022-05-08,127770,31,98696,23,29074,8,106837,24,514154,133,620991,157,0,1382,0,2754,1404,0,"Knox County",470313,82.7108755233217,0.148816234498309,33.3820243114692,6.59135511882512,14.8816234498309
2022-05-07,127739,17,98673,10,29066,7,106813,13,514021,174,620834,187,0,1382,0,2754,1404,0,"Knox County",470313,80.1593832192604,0.142140468227425,39.7607550716225,3.61461409742023,14.2140468227425
2022-05-06,127722,51,98663,30,29059,21,106800,34,513847,209,620647,243,0,1382,1,2754,1404,1,"Knox County",470313,74.6311498937941,0.133680555555556,51.6677191572421,10.8438422922607,13.3680555555556
2022-05-05,127671,49,98633,32,29038,17,106766,35,513638,185,620404,220,1,1382,0,2753,1403,0,"Knox County",470313,69.7407896443432,0.135794743429287,46.7773589077912,10.4185935749171,13.5794743429287
2022-05-04,127622,54,98601,35,29021,19,106731,38,513453,249,620184,287,1,1381,0,2753,1403,0,"Knox County",470313,71.0165357963739,0.130980861244019,61.0231909388003,11.481715368276,13.0980861244019
2022-05-03,127568,34,98566,21,29002,13,106693,24,513204,145,619897,169,0,1380,0,2753,1403,1,"Knox County",470313,61.6610640148157,0.13550135501355,35.9335166155305,7.22922819484046,13.550135501355
2022-05-02,127534,37,98545,28,28989,9,106669,32,513059,190,619728,222,3,1380,2,2753,1402,0,"Knox County",470313,58.0464499173954,0.134680134680135,47.2026076251348,7.86710127085579,13.4680134680135
2022-05-01,127497,14,98517,9,28980,5,106637,9,512869,82,619506,91,0,1377,0,2751,1402,0,"Knox County",470313,54.4318358199752,0.130373502466526,19.3488166391318,2.97674102140489,13.0373502466526
2022-04-30,127483,19,98508,14,28975,5,106628,15,512787,141,619415,156,0,1377,0,2751,1402,0,"Knox County",470313,54.8570845373188,0.134726224783862,33.1693999527974,4.03986281476378,13.4726224783862
2022-04-29,127464,25,98494,14,28970,11,106613,13,512646,200,619259,213,0,1377,0,2751,1402,1,"Knox County",470313,49.3288512118525,0.122238586156112,45.2889883970888,5.31560896679445,12.2238586156112
2022-04-28,127439,32,98480,25,28959,7,106600,26,512446,226,619046,252,1,1377,0,2751,1401,0,"Knox County",470313,45.7142371144323,0.11294964028777,53.5813383852881,6.8039794774969,11.294964028777
2022-04-27,127407,35,98455,25,28952,10,106574,27,512220,181,618794,208,0,1376,0,2751,1401,0,"Knox County",470313,41.6743742996685,0.111365369946606,44.2258666037299,7.44185255351224,11.1365369946606
2022-04-26,127372,39,98430,21,28942,18,106547,21,512039,240,618586,261,0,1376,0,2751,1401,0,"Knox County",470313,42.7374960930274,0.101924447612259,55.4949576133341,8.29234998819935,10.1924447612259
2022-04-25,127333,60,98409,16,28924,44,106526,17,511799,101,618325,118,0,1376,2,2751,1401,1,"Knox County",470313,47.6278563424783,0.0985373364126251,25.0896743232698,12.7574615203067,9.85373364126251
2022-04-24,127273,15,98393,11,28880,4,106509,12,511698,148,618207,160,1,1376,0,2749,1400,1,"Knox County",470313,47.8404807011501,0.0957602339181287,34.0198973874845,3.18936538007667,9.57602339181287
2022-04-23,127258,12,98382,5,28876,7,106497,7,511550,197,618047,204,0,1375,0,2749,1399,0,"Knox County",470313,46.3521101904476,0.086864406779661,43.3753691690427,2.55149230406134,8.6864406779661
2022-04-22,127246,26,98377,19,28869,7,106490,21,511353,210,617843,231,0,1375,0,2749,1399,0,"Knox County",470313,46.5647345491194,0.0913528591352859,49.1162268531808,5.52823332546623,9.13528591352859
2022-04-21,127220,32,98358,23,28862,9,106469,23,511143,231,617612,254,0,1375,0,2749,1399,0,"Knox County",470313,46.5647345491194,0.0891364902506964,54.0065871026317,6.8039794774969,8.91364902506964
2022-04-20,127188,55,98335,32,28853,23,106446,34,510912,247,617358,281,1,1375,0,2749,1399,1,"Knox County",470313,50.817221722555,0.0894632206759443,59.7474447867697,11.6943397269478,8.94632206759443
2022-04-19,127133,29,98303,16,28830,13,106412,17,510665,151,617077,168,0,1374,0,2749,1398,0,"Knox County",470313,48.6909781358372,0.0925141242937853,35.7208922568587,6.16610640148157,9.25141242937853
2022-04-18,127104,38,98287,21,28817,17,106395,21,510514,117,616909,138,0,1374,1,2749,1398,0,"Knox County",470313,44.0132422450581,0.0940111420612813,29.3421614967054,8.07972562952757,9.40111420612813
2022-04-17,127066,16,98266,10,28800,6,106374,9,510397,101,616771,110,0,1374,0,2748,1398,1,"Knox County",470313,44.2258666037299,0.0952380952380952,23.3886794538956,3.40198973874845,9.52380952380952
2022-04-16,127050,10,98256,10,28794,0,106365,12,510296,126,616661,138,0,1374,0,2748,1397,0,"Knox County",470313,43.8006178863863,0.103787878787879,29.3421614967054,2.12624358671778,10.3787878787879
2022-04-15,127040,18,98246,13,28794,5,106353,13,510170,198,616523,211,0,1374,0,2748,1397,0,"Knox County",470313,42.0996230170121,0.0992307692307692,44.8637396797452,3.82723845609201,9.92307692307692
2022-04-14,127022,17,98233,5,28789,12,106340,6,509972,158,616312,164,1,1374,0,2748,1397,1,"Knox County",470313,38.9102576369354,0.0925619834710744,34.8703948221716,3.61461409742023,9.25619834710744
2022-04-13,127005,39,98228,26,28777,13,106334,28,509814,209,616148,237,-1,1373,0,2748,1396,1,"Knox County",470313,35.508267898187,0.0909090909090909,50.3919730052114,8.29234998819935,9.09090909090909
2022-04-12,126966,23,98202,6,28764,17,106306,8,509605,192,615911,200,5,1374,0,2748,1395,0,"Knox County",470313,34.2325217461563,0.0809682804674457,42.5248717343556,4.8903602494509,8.09682804674457
2022-04-11,126943,22,98196,13,28747,9,106298,13,509413,173,615711,186,1,1369,2,2748,1395,1,"Knox County",470313,30.8305320074078,0.0714285714285714,39.5481307129507,4.67773589077912,7.14285714285714
2022-04-10,126921,9,98183,7,28738,2,106285,7,509240,110,615525,117,0,1368,1,2746,1394,0,"Knox County",470313,29.3421614967054,0.0694333599361532,24.877049964598,1.913619228046,6.94333599361532
2022-04-09,126912,7,98176,5,28736,2,106278,5,509130,148,615408,153,0,1368,0,2745,1394,0,"Knox County",470313,28.70428842069,0.0630914826498423,32.5315268767821,1.48837051070245,6.30914826498423
2022-04-08,126905,18,98171,15,28734,3,106273,16,508982,176,615255,192,1,1368,0,2745,1394,0,"Knox County",470313,28.70428842069,0.066453162530024,40.8238768649814,3.82723845609201,6.6453162530024
2022-04-07,126887,17,98156,8,28731,9,106257,12,508806,181,615063,193,5,1367,0,2745,1394,0,"Knox County",470313,28.70428842069,0.0696400625978091,41.0365012236532,3.61461409742023,6.96400625978091
2022-04-06,126870,21,98148,14,28722,7,106245,16,508625,204,614870,220,-1,1362,0,2745,1394,2,"Knox County",470313,24.877049964598,0.0610626486915147,46.7773589077912,4.46511153210734,6.10626486915147
2022-04-05,126849,15,98134,12,28715,3,106229,13,508421,198,614650,211,4,1363,0,2745,1392,2,"Knox County",470313,23.1760550952238,0.0644654088050314,44.8637396797452,3.18936538007667,6.44654088050314
2022-04-04,126834,16,98122,5,28712,11,106216,7,508223,158,614439,165,8,1359,2,2745,1390,0,"Knox County",470313,21.9003089431931,0.0607513988808953,35.0830191808434,3.40198973874845,6.07513988808953
2022-04-03,126818,5,98117,4,28701,1,106209,3,508065,75,614274,78,1,1351,0,2743,1390,1,"Knox County",470313,21.049811508506,0.0594059405940594,16.5846999763987,1.06312179335889,5.94059405940594
2022-04-02,126813,2,98113,2,28700,0,106206,3,507990,116,614196,119,0,1350,0,2743,1389,1,"Knox County",470313,19.9866897151471,0.0594227504244482,25.3022986819416,0.425248717343556,5.94227504244482
2022-04-01,126811,20,98111,8,28700,12,106203,8,507874,231,614077,239,4,1350,0,2743,1388,0,"Knox County",470313,20.4119384324907,0.0506122448979592,50.817221722555,4.25248717343556,5.06122448979592
2022-03-31,126791,17,98103,7,28688,10,106195,8,507643,238,613838,246,3,1346,0,2743,1388,0,"Knox County",470313,20.4119384324907,0.0453834115805947,52.3055922332574,3.61461409742023,4.53834115805947
2022-03-30,126774,22,98096,10,28678,12,106187,9,507405,256,613592,265,0,1343,1,2743,1388,0,"Knox County",470313,20.6245627911625,0.0385487528344671,56.3454550480212,4.67773589077912,3.85487528344671
2022-03-29,126752,20,98086,8,28666,12,106178,9,507149,192,613327,201,2,1343,0,2742,1388,3,"Knox County",470313,21.6876845845214,0.0357958872810358,42.7374960930274,4.25248717343556,3.57958872810358
2022-03-28,126732,19,98078,12,28654,7,106169,16,506957,332,613126,348,3,1341,0,2742,1385,0,"Knox County",470313,22.3255576605367,0.0374331550802139,73.9932768177788,4.03986281476378,3.74331550802139
2022-03-27,126713,4,98066,3,28647,1,106153,3,506625,73,612778,76,0,1338,0,2742,1385,1,"Knox County",470313,22.1129333018649,0.037483266398929,16.1594512590551,0.850497434687113,3.7483266398929
2022-03-26,126709,8,98063,5,28646,3,106150,5,506552,166,612702,171,0,1338,1,2742,1384,1,"Knox County",470313,23.3886794538956,0.03751617076326,36.3587653328741,1.70099486937423,3.751617076326
2022-03-25,126701,14,98058,7,28643,7,106145,8,506386,244,612531,252,0,1338,1,2741,1383,1,"Knox County",470313,22.1129333018649,0.0372033354714561,53.5813383852881,2.97674102140489,3.72033354714561
2022-03-24,126687,56,98051,9,28636,47,106137,10,506142,187,612279,197,1,1338,0,2740,1382,2,"Knox County",470313,30.4052832900643,0.0397350993377483,41.8869986583403,11.9069640856196,3.97350993377483
2022-03-23,126631,11,98042,6,28589,5,106127,6,505955,201,612082,207,0,1337,0,2740,1380,1,"Knox County",470313,28.0664153446747,0.0392561983471074,44.0132422450581,2.33886794538956,3.92561983471074
2022-03-22,126620,16,98036,11,28584,5,106121,11,505754,151,611875,162,0,1337,1,2740,1379,4,"Knox County",470313,27.2159179099876,0.0417551309271054,34.4451461048281,3.40198973874845,4.17551309271054
2022-03-21,126604,12,98025,6,28579,6,106110,6,505603,124,611713,130,7,1337,1,2739,1375,0,"Knox County",470313,25.7275473992852,0.0410041841004184,27.6411666273312,2.55149230406134,4.10041841004184
2022-03-20,126592,11,98019,8,28573,3,106104,10,505479,98,611583,108,1,1330,0,2738,1375,0,"Knox County",470313,27.2159179099876,0.045639771801141,22.963430736552,2.33886794538956,4.5639771801141
2022-03-19,126581,11,98011,10,28570,1,106094,11,505381,175,611475,186,0,1329,0,2738,1375,0,"Knox County",470313,27.8537909860029,0.0499194847020934,39.5481307129507,2.33886794538956,4.99194847020934
2022-03-18,126570,24,98001,15,28569,9,106083,14,505206,219,611289,233,0,1329,1,2738,1375,2,"Knox County",470313,29.9800345727207,0.0556009811937858,49.5414755705243,5.10298460812268,5.56009811937858
2022-03-17,126546,35,97986,25,28560,10,106069,31,504987,209,611056,240,1,1329,0,2737,1373,2,"Knox County",470313,25.5149230406134,0.0703001579778831,51.0298460812268,7.44185255351224,7.03001579778831
2022-03-16,126511,20,97961,8,28550,12,106038,13,504778,236,610816,249,3,1328,2,2737,1371,2,"Knox County",470313,27.4285422686594,0.073394495412844,52.9434653092728,4.25248717343556,7.3394495412844
2022-03-15,126491,55,97953,18,28538,37,106025,19,504542,257,610567,276,1,1325,1,2735,1369,2,"Knox County",470313,35.7208922568587,0.0731364275668073,58.6843229934108,11.6943397269478,7.31364275668073
2022-03-14,126436,21,97935,16,28501,5,106006,22,504285,228,610291,250,10,1324,0,2734,1367,3,"Knox County",470313,37.6345114849047,0.0778210116731518,53.1560896679445,4.46511153210734,7.78210116731517
2022-03-13,126415,5,97919,5,28496,0,105984,10,504057,484,610041,494,2,1314,0,2734,1364,1,"Knox County",470313,36.3587653328741,0.0622406639004149,105.036433183858,1.06312179335889,6.22406639004149
2022-03-12,126410,9,97914,8,28496,1,105974,9,503573,293,609547,302,0,1312,3,2734,1363,2,"Knox County",470313,35.9335166155305,0.0577299412915851,64.212556318877,1.913619228046,5.77299412915851
2022-03-11,126401,20,97906,13,28495,7,105965,15,503280,467,609245,482,9,1312,0,2731,1361,4,"Knox County",470313,35.0830191808434,0.051897078063672,102.484940879797,4.25248717343556,5.1897078063672
2022-03-10,126381,28,97893,20,28488,8,105950,23,502813,459,608763,482,4,1303,1,2731,1357,2,"Knox County",470313,33.594648670141,0.0437869822485207,102.484940879797,5.95348204280979,4.37869822485207
2022-03-09,126353,64,97873,20,28480,44,105927,23,502354,419,608281,442,1,1299,2,2730,1355,2,"Knox County",470313,42.9501204516992,0.0443548387096774,93.9799665329259,13.6079589549938,4.43548387096774
2022-03-08,126289,36,97853,19,28436,17,105904,20,501935,311,607839,331,1,1298,1,2728,1353,3,"Knox County",470313,38.9102576369354,0.0438375853395616,70.3786627203586,7.65447691218401,4.38375853395616
2022-03-07,126253,27,97834,22,28419,5,105884,26,501624,268,607508,294,4,1297,2,2727,1350,0,"Knox County",470313,40.1860037889661,0.0445702157764415,62.5115614495028,5.74085768413801,4.45702157764415
2022-03-06,126226,14,97812,11,28414,3,105858,13,501356,212,607214,225,2,1293,2,2725,1350,0,"Knox County",470313,42.0996230170121,0.0504300234558249,47.8404807011501,2.97674102140489,5.04300234558249
2022-03-05,126212,20,97801,11,28411,9,105845,12,501144,266,606989,278,0,1291,1,2723,1350,2,"Knox County",470313,44.4384909624016,0.0520915548539858,59.1095717107543,4.25248717343556,5.20915548539858
2022-03-04,126192,53,97790,29,28402,24,105833,30,500878,380,606711,410,1,1291,1,2722,1348,2,"Knox County",470313,51.4550947985703,0.0597075548334687,87.175987055429,11.2690910096042,5.97075548334687
2022-03-03,126139,46,97761,30,28378,16,105803,35,500498,326,606301,361,8,1290,4,2721,1346,2,"Knox County",470313,55.2823332546623,0.0679196924391286,76.7573934805119,9.7807204989018,6.79196924391286
2022-03-02,126093,37,97731,29,28362,8,105768,36,500172,338,605940,374,-2,1282,1,2717,1344,7,"Knox County",470313,49.5414755705243,0.0756709194896612,79.521510143245,7.86710127085579,7.56709194896612
2022-03-01,126056,91,97702,48,28354,43,105732,60,499834,391,605566,451,3,1284,3,2716,1337,2,"Knox County",470313,61.2358152974721,0.0885917258671124,95.893585760972,19.3488166391318,8.85917258671124
2022-02-28,125965,132,97654,88,28311,44,105672,95,499443,549,605115,644,10,1281,4,2713,1335,5,"Knox County",470313,83.5613729580088,0.102442581115567,136.930086984625,28.0664153446747,10.2442581115567
2022-02-27,125833,3,97566,3,28267,0,105577,5,498894,75,604471,80,1,1271,1,2709,1330,5,"Knox County",470313,81.2225050126193,0.105080831408776,17.0099486937423,0.637873076015334,10.5080831408776
2022-02-26,125830,47,97563,32,28267,15,105572,35,498819,275,604391,310,0,1270,2,2708,1325,0,"Knox County",470313,86.9633626967573,0.11254752851711,65.9135511882512,9.99334485757357,11.254752851711
2022-02-25,125783,105,97531,66,28252,39,105537,74,498544,406,604081,480,2,1270,5,2706,1325,6,"Knox County",470313,98.0198293476897,0.125925925925926,102.059692162454,22.3255576605367,12.5925925925926
2022-02-24,125678,141,97465,84,28213,57,105463,94,498138,463,603601,557,1,1268,4,2701,1319,3,"Knox County",470313,118.219143421509,0.137776243093923,118.43176778018,29.9800345727207,13.7776243093923
2022-02-23,125537,140,97381,95,28156,45,105369,114,497675,413,603044,527,6,1267,1,2697,1316,4,"Knox County",470313,140.119452364702,0.15644473597901,112.053037020027,29.7674102140489,15.644473597901
2022-02-22,125397,142,97286,86,28111,56,105255,99,497262,356,602517,455,11,1261,7,2696,1312,3,"Knox County",470313,150.963294656962,0.169014084507042,96.7440831956591,30.1926589313925,16.9014084507042
2022-02-21,125255,74,97200,49,28055,25,105156,52,496906,290,602062,342,0,1250,1,2689,1309,5,"Knox County",470313,138.631081853999,0.171937477280989,72.7175306657481,15.7342025417116,17.1937477280989
2022-02-20,125181,72,97151,48,28030,24,105104,57,496616,289,601720,346,0,1250,1,2688,1304,2,"Knox County",470313,153.302162602352,0.174013921113689,73.5680281004352,15.308953824368,17.4013921113689
2022-02-19,125109,90,97103,55,28006,35,105047,70,496327,322,601374,392,0,1250,1,2687,1302,4,"Knox County",470313,162.445010025239,0.180703452726686,83.348748599337,19.13619228046,18.0703452726686
2022-02-18,125019,140,97048,91,27971,49,104977,112,496005,498,600982,610,0,1250,3,2686,1298,4,"Knox County",470313,169.886862578751,0.185196655311242,129.700858789785,29.7674102140489,18.5196655311242
2022-02-17,124879,271,96957,209,27922,62,104865,253,495507,1208,600372,1461,1,1250,2,2683,1294,2,"Knox County",470313,197.528029206082,0.183159932252601,310.644188019468,57.6212012000519,18.3159932252601
2022-02-16,124608,225,96748,146,27860,79,104612,161,494299,546,598911,707,3,1249,3,2681,1292,3,"Knox County",470313,215.601099693183,0.186413169487596,150.325421580947,47.8404807011501,18.6413169487596
2022-02-15,124383,270,96602,213,27781,57,104451,243,493753,592,598204,835,5,1246,6,2678,1289,4,"Knox County",470313,242.817017603171,0.202002983166418,177.541339490935,57.4085768413801,20.2002983166418
2022-02-14,124113,342,96389,206,27724,136,104208,248,493161,602,597369,850,19,1241,8,2672,1285,1,"Knox County",470313,299.800345727207,0.219957700442223,180.730704871011,72.7175306657481,21.9957700442223
2022-02-13,123771,119,96183,100,27588,19,103960,116,492559,283,596519,399,1,1222,1,2664,1284,3,"Knox County",470313,309.793690584781,0.228968405024743,84.8371191100395,25.3022986819416,22.8968405024743
2022-02-12,123652,153,96083,109,27569,44,103844,127,492276,414,596120,541,0,1221,3,2663,1281,6,"Knox County",470313,323.189025181103,0.233203775680178,115.029778041432,32.5315268767821,23.3203775680178
2022-02-11,123499,340,95974,249,27525,91,103717,278,491862,630,595579,908,3,1221,10,2660,1275,5,"Knox County",470313,365.713896915458,0.250131555867392,193.062917673975,72.2922819484046,25.0131555867392
2022-02-10,123159,421,95725,273,27434,148,103439,303,491232,555,594671,858,7,1218,12,2650,1270,3,"Knox County",470313,397.607550716225,0.2895253040408,182.431699740386,89.5148550008186,28.95253040408
2022-02-09,122738,435,95452,305,27286,130,103136,369,490677,606,593813,975,8,1211,4,2638,1267,6,"Knox County",470313,442.258666037299,0.313827804696236,207.308749704984,92.4915960222235,31.3827804696236
2022-02-08,122303,450,95147,330,27156,120,102767,388,490071,462,592838,850,6,1203,8,2634,1261,12,"Knox County",470313,480.531050598219,0.33989964690578,180.730704871011,95.6809614023002,33.989964690578
2022-02-07,121853,591,94817,410,27036,181,102379,442,489609,624,591988,1066,10,1197,11,2626,1249,5,"Knox County",470313,533.474515907491,0.361443630516348,226.657566344116,125.660995975021,36.1443630516348
2022-02-06,121262,252,94407,186,26855,66,101937,216,488985,435,590922,651,0,1187,13,2615,1244,5,"Knox County",470313,561.753555610838,0.362968028722859,138.418457495328,53.5813383852881,36.2968028722859
2022-02-05,121010,269,94221,192,26789,77,101721,220,488550,496,590271,716,0,1187,7,2602,1239,11,"Knox County",470313,586.417981216764,0.367861885790173,152.239040808993,57.1959524827083,36.7861885790173
2022-02-04,120741,652,94029,513,26712,139,101501,584,488054,963,589555,1547,3,1187,3,2595,1228,0,"Knox County",470313,652.756781122359,0.378508179498724,328.929882865241,138.631081853999,37.8508179498724
2022-02-03,120089,1647,93516,502,26573,1145,100917,505,487091,741,588008,1246,1,1184,13,2592,1228,2,"Knox County",470313,913.434244853959,0.386328180399943,264.929950905036,350.192318732419,38.6328180399943
2022-02-02,118442,718,93014,538,25428,180,100412,604,486350,904,586762,1508,7,1183,6,2579,1226,9,"Knox County",470313,973.606938358072,0.390163502109705,320.637532877041,152.664289526337,39.0163502109705
2022-02-01,117724,936,92476,738,25248,198,99808,836,485446,1139,585254,1975,5,1176,12,2573,1217,7,"Knox County",470313,1076.94237667256,0.391204501090826,419.933108376762,199.016399716784,39.1204501090826
2022-01-31,116788,717,91738,518,25050,199,98972,523,484307,605,583279,1128,11,1171,13,2561,1210,2,"Knox County",470313,1103.7330458652,0.397674153460267,239.840276581766,152.451665167665,39.7674153460267
2022-01-30,116071,388,91220,319,24851,69,98449,336,483702,569,582151,905,1,1160,7,2548,1208,6,"Knox County",470313,1132.64995864456,0.399778393351801,192.425044597959,82.4982511646499,39.9778393351801
2022-01-29,115683,678,90901,589,24782,89,98113,645,483133,912,581246,1557,0,1159,4,2541,1202,3,"Knox County",470313,1219.61332134132,0.408777620109467,331.056126451959,144.159315179466,40.8777620109467
2022-01-28,115005,933,90312,771,24693,162,97468,834,482221,1040,579689,1874,3,1159,15,2537,1199,6,"Knox County",470313,1279.36076612809,0.420190326694791,398.458048150912,198.378526640769,42.019032669479
2022-01-27,114072,1434,89541,1202,24531,232,96634,1276,481181,1472,577815,2748,7,1156,13,2522,1193,8,"Knox County",470313,1234.071777731,0.432150491663104,584.291737630046,304.90333033533,43.2150491663104
2022-01-26,112638,993,88339,802,24299,191,95358,852,479709,965,575067,1817,4,1149,4,2509,1185,8,"Knox County",470313,1292.54347636574,0.441686104631789,386.338459706621,211.135988161076,44.1686104631789
2022-01-25,111645,1023,87537,771,24108,252,94506,809,478744,930,573250,1739,7,1145,11,2505,1177,6,"Knox County",470313,1311.04179557018,0.44824949014276,369.753759730222,217.514718921229,44.824949014276
2022-01-24,110622,1320,86766,1084,23856,236,93697,1163,477814,1550,571511,2713,13,1138,15,2494,1171,5,"Knox County",470313,1439.25428384927,0.442971616865124,576.849885076534,280.664153446747,44.2971616865124
2022-01-23,109302,770,85682,680,23620,90,92534,710,476264,818,568798,1528,0,1125,7,2479,1166,10,"Knox County",470313,1520.47678886189,0.449985689753864,324.890020050477,163.720756177269,44.9985689753864
2022-01-22,108532,900,85002,738,23530,162,91824,772,475446,1056,567270,1828,0,1125,14,2472,1156,3,"Knox County",470313,1567.67939648702,0.450340422545097,388.67732765201,191.3619228046,45.0340422545097
2022-01-21,107632,1515,84264,1231,23368,284,91052,1291,474390,1348,565442,2639,1,1125,6,2458,1153,6,"Knox County",470313,1691.426773234,0.457833733013589,561.115682534823,322.125903387744,45.7833733013589
2022-01-20,106117,1408,83033,1167,23084,241,89761,1217,473042,1152,562803,2369,11,1124,11,2452,1147,2,"Knox County",470313,1685.89853990853,0.465659810018451,503.707105693442,299.375097009864,46.5659810018451
2022-01-19,104709,1664,81866,1304,22843,360,88544,1342,471890,1331,560434,2673,4,1113,7,2441,1145,2,"Knox County",470313,1828.56948457729,0.471560462263542,568.344910729663,353.806932829839,47.1560462263542
2022-01-18,103045,1042,80562,663,22483,379,87202,691,470559,686,557761,1377,6,1109,7,2434,1143,4,"Knox County",470313,1832.60934739206,0.475044622198718,292.783741891039,221.554581735993,47.5044622198718
2022-01-17,102003,1091,79899,859,22104,232,86511,903,469873,1279,556384,2182,7,1103,13,2427,1139,3,"Knox County",470313,1783.91836925622,0.474513565360373,463.94635062182,231.97317531091,47.4513565360373
2022-01-16,100912,768,79040,689,21872,79,85608,716,468594,1073,554202,1789,0,1096,7,2414,1136,4,"Knox County",470313,1783.49312053888,0.466581409436629,380.384977663811,163.295507459926,46.6581409436629
2022-01-15,100144,753,78351,599,21793,154,84892,627,467521,816,552413,1443,1,1096,12,2407,1132,2,"Knox County",470313,1752.23733981412,0.468974571586512,306.816949563376,160.106142079849,46.8974571586512
2022-01-14,99391,1305,77752,1053,21639,252,84265,1099,466705,1188,550970,2287,6,1095,10,2395,1130,6,"Knox County",470313,1707.58622449305,0.467067988668555,486.271908282357,277.47478806667,46.7067988668555
2022-01-13,98086,1408,76699,1061,21387,347,83166,1113,465517,1401,548683,2514,6,1089,11,2385,1124,6,"Knox County",470313,1707.58622449305,0.45502979320014,534.53763770085,299.375097009864,45.502979320014
2022-01-12,96678,1169,75638,891,21040,278,82053,940,464116,1058,546169,1998,1,1083,4,2374,1118,0,"Knox County",470313,1602.33716695052,0.448050036791759,424.823468626213,248.557875287309,44.8050036791759
2022-01-11,95509,1368,74747,1062,20762,306,81113,1097,463058,1283,544171,2380,2,1082,10,2370,1118,3,"Knox County",470313,1671.65270787752,0.445076406496265,506.045973638832,290.870122662993,44.5076406496265
2022-01-10,94141,1005,73685,689,20456,316,80016,718,461775,812,541791,1530,3,1080,5,2360,1115,1,"Knox County",470313,1653.36701303175,0.452621763144681,325.315268767821,213.687480465137,45.2621763144681
2022-01-09,93136,740,72996,626,20140,114,79298,664,460963,1205,540261,1869,5,1077,2,2355,1114,2,"Knox County",470313,1647.41353098894,0.446330504243635,397.394926357553,157.342025417116,44.6330504243635
2022-01-08,92396,621,72370,476,20026,145,78634,510,459758,912,538392,1422,0,1072,10,2353,1112,4,"Knox County",470313,1619.34711564426,0.438642857142857,302.351838031269,132.039726735174,43.8642857142857
2022-01-07,91775,964,71894,747,19881,217,78124,769,458846,1091,536970,1860,0,1072,7,2343,1108,0,"Knox County",470313,1546.84220933719,0.42812937449348,395.481307129507,204.969881759594,42.812937449348
2022-01-06,90811,1160,71147,741,19664,419,77355,780,457755,1010,535110,1790,2,1072,7,2336,1108,4,"Knox County",470313,1494.11136838659,0.426336679897268,380.597602022483,246.644256059263,42.6336679897268
2022-01-05,89651,1211,70406,898,19245,313,76575,941,456745,1255,533320,2196,1,1070,8,2329,1104,1,"Knox County",470313,1503.0415914508,0.419943281980532,466.923091643225,257.488098351523,41.9943281980532
2022-01-04,88440,926,69508,577,18932,349,75634,567,455490,1040,531124,1607,0,1069,6,2321,1103,5,"Knox County",470313,1409.06162491787,0.403210037477595,341.687344385547,196.890156130067,40.3210037477595
2022-01-03,87514,714,68931,537,18583,177,75067,504,454450,820,529517,1324,6,1069,7,2315,1098,2,"Knox County",470313,1347.18793654439,0.392359960225389,281.514650881434,151.81379209165,39.2359960225389
2022-01-02,86800,289,68394,207,18406,82,74563,266,453630,651,528193,917,3,1063,9,2308,1096,4,"Knox County",470313,1251.29435078341,0.390158330334653,194.976536902021,61.4484396561439,39.0158330334653
2022-01-01,86511,266,68187,218,18324,48,74297,238,452979,767,527276,1005,0,1060,15,2299,1092,0,"Knox County",470313,1175.81270345493,0.37994205065894,213.687480465137,56.558079406693,37.994205065894
2021-12-31,86245,591,67969,429,18276,162,74059,470,452212,1004,526271,1474,0,1060,5,2284,1092,3,"Knox County",470313,1096.50381767036,0.365170173567342,313.408304682201,125.660995975021,36.5170173567342
2021-12-30,85654,577,67540,401,18114,176,73589,403,451208,918,524797,1321,2,1060,6,2279,1089,2,"Knox County",470313,972.543816564713,0.344270621698497,280.876777805419,122.684254953616,34.4270621698497
2021-12-29,85077,631,67139,476,17938,155,73186,504,450290,1195,523476,1699,1,1058,5,2273,1087,2,"Knox County",470313,849.221688535082,0.315823258799615,361.248785383351,134.165970321892,31.5823258799615
2021-12-28,84446,427,66663,261,17783,166,72682,281,449095,976,521777,1257,1,1057,5,2268,1085,0,"Knox County",470313,743.122133557865,0.296320995887518,267.268818850425,90.7906011528493,29.6320995887518
2021-12-27,84019,314,66402,234,17617,80,72401,255,448119,893,520520,1148,2,1056,1,2263,1085,1,"Knox County",470313,658.072390089153,0.274005214828251,244.092763755201,66.7640486229383,27.4005214828251
2021-12-26,83705,61,66168,49,17537,12,72146,60,447226,426,519372,486,7,1054,1,2262,1084,0,"Knox County",470313,609.594036311988,0.263528009535161,103.335438314484,12.9700858789785,26.3528009535161
2021-12-25,83644,86,66119,63,17525,23,72086,74,446800,489,518886,563,1,1047,1,2261,1084,0,"Knox County",470313,571.321651751068,0.257549068948163,119.707513932211,18.2856948457729,25.7549068948163
2021-12-24,83558,175,66056,124,17502,51,72012,138,446311,848,518323,986,0,1046,2,2260,1084,0,"Knox County",470313,482.869918543608,0.229892761394102,209.647617650373,37.2092627675612,22.9892761394102
2021-12-23,83383,218,65932,159,17451,59,71874,166,445463,959,517337,1125,4,1046,5,2258,1084,1,"Knox County",470313,406.53777378044,0.203469162995595,239.20240350575,46.3521101904476,20.3469162995595
2021-12-22,83165,175,65773,102,17392,73,71708,101,444504,812,516212,913,46,1042,10,2253,1083,2,"Knox County",470313,309.581066226109,0.165946279715962,194.126039467333,37.2092627675612,16.5946279715962
2021-12-21,82990,176,65671,123,17319,53,71607,120,443692,912,515299,1032,3,996,6,2243,1081,2,"Knox County",470313,256.212352199493,0.146169838477531,219.428338149275,37.421887126233,14.6169838477531
2021-12-20,82814,112,65548,78,17266,34,71487,84,442780,607,514267,691,1,993,3,2237,1079,1,"Knox County",470313,213.262231747793,0.128191856452726,146.923431842199,23.8139281712392,12.8191856452726
2021-12-19,82702,69,65470,49,17232,20,71403,58,442173,556,513576,614,3,992,6,2234,1078,1,"Knox County",470313,214.963226617168,0.12508440243079,130.551356224472,14.6710807483527,12.508440243079
2021-12-18,82633,88,65421,57,17212,31,71345,65,441617,660,512962,725,0,989,3,2228,1077,2,"Knox County",470313,215.388475334511,0.120276043378245,154.152660037039,18.7109435631165,12.0276043378245
2021-12-17,82545,118,65364,76,17181,42,71280,83,440957,1006,512237,1089,2,989,6,2225,1075,2,"Knox County",470313,203.26888689022,0.109387623202456,231.547926593566,25.0896743232698,10.9387623202456
2021-12-16,82427,138,65288,108,17139,30,71197,108,439951,661,511148,769,2,987,3,2219,1073,2,"Knox County",470313,186.258938196478,0.106120349734271,163.508131818597,29.3421614967054,10.6120349734271
2021-12-15,82289,156,65180,113,17109,43,71089,125,439290,841,510379,966,0,985,5,2216,1071,3,"Knox County",470313,182.219075381714,0.109242269792729,205.395130476938,33.1693999527974,10.9242269792729
2021-12-14,82133,100,65067,61,17066,39,70964,65,438449,806,509413,871,3,985,5,2211,1068,3,"Knox County",470313,166.059624122659,0.102707423580786,185.195816403119,21.2624358671778,10.2707423580786
2021-12-13,82033,109,65006,73,17027,36,70899,78,437643,622,508542,700,4,982,3,2206,1065,0,"Knox County",470313,165.421751046643,0.101499825601674,148.837051070245,23.1760550952238,10.1499825601674
2021-12-12,81924,54,64933,29,16991,25,70821,41,437021,493,507842,534,6,978,5,2203,1065,1,"Knox County",470313,162.232385666567,0.0999292536257517,113.54140753073,11.481715368276,9.99292536257517
2021-12-11,81870,65,64904,45,16966,20,70780,51,436528,540,507308,591,0,972,1,2198,1064,3,"Knox County",470313,157.342025417116,0.0998188405797101,125.660995975021,13.8205833136656,9.98188405797102
2021-12-10,81805,85,64859,48,16946,37,70729,57,435988,848,506717,905,0,972,3,2197,1061,2,"Knox County",470313,150.325421580947,0.0983883058470765,192.425044597959,18.0730704871011,9.83883058470765
2021-12-09,81720,164,64811,96,16909,68,70672,107,435140,982,505812,1089,3,972,2,2194,1059,1,"Knox County",470313,155.853654906413,0.0926449787835926,231.547926593566,34.8703948221716,9.26449787835926
2021-12-08,81556,130,64715,67,16841,63,70565,65,434158,746,504723,811,0,969,7,2192,1058,1,"Knox County",470313,150.325421580947,0.0843483003090347,172.438354882812,27.6411666273312,8.43483003090347
2021-12-07,81426,126,64648,69,16778,57,70500,75,433412,630,503912,705,2,969,2,2185,1057,0,"Knox County",470313,155.853654906413,0.0888472352389878,149.900172863604,26.790669192644,8.88472352389878
2021-12-06,81300,148,64579,107,16721,41,70425,115,432782,759,503207,874,8,967,4,2183,1057,3,"Knox County",470313,164.146004894613,0.0927573062261754,185.833689479134,31.4684050834232,9.27573062261754
2021-12-05,81152,43,64472,28,16680,15,70310,33,432023,342,502333,375,2,959,1,2179,1054,0,"Knox County",470313,161.807136949223,0.094018691588785,79.7341345019168,9.14284742288646,9.4018691588785
2021-12-04,81109,69,64444,50,16665,19,70277,55,431681,499,501958,554,0,957,3,2178,1054,2,"Knox County",470313,162.65763438391,0.0954263128176172,117.793894704165,14.6710807483527,9.54263128176172
2021-12-03,81040,147,64394,103,16646,44,70222,108,431182,1009,501404,1117,3,957,2,2175,1052,2,"Knox County",470313,175.840344621561,0.100995475113122,237.501408636376,31.2557807247514,10.0995475113122
2021-12-02,80893,133,64291,86,16602,47,70114,85,430173,794,500287,879,0,954,4,2173,1050,2,"Knox County",470313,169.248989502735,0.100846660395108,186.896811272493,28.2790397033465,10.0846660395108
2021-12-01,80760,184,64205,141,16555,43,70029,146,429379,1007,499408,1153,4,954,7,2169,1048,1,"Knox County",470313,180.730704871011,0.109068410818455,245.15588554856,39.1228819956072,10.9068410818455
2021-11-30,80576,116,64064,67,16512,49,69883,68,428372,693,498255,761,3,950,6,2162,1047,3,"Knox County",470313,178.604461284294,0.106774024155435,161.807136949223,24.6644256059263,10.6774024155435
2021-11-29,80460,165,63997,128,16463,37,69815,139,427679,967,497494,1106,2,947,5,2156,1044,1,"Knox County",470313,182.219075381714,0.106644238856182,235.162540690987,35.0830191808434,10.6644238856182
2021-11-28,80295,34,63869,22,16426,12,69676,22,426712,270,496388,292,3,945,5,2151,1043,2,"Knox County",470313,180.305456153668,0.106277720914364,62.0863127321592,7.22922819484046,10.6277720914364
2021-11-27,80261,59,63847,31,16414,28,69654,32,426442,266,496096,298,0,942,1,2146,1041,2,"Knox County",470313,178.17921256695,0.107028184088477,63.3620588841899,12.5448371616349,10.7028184088477
2021-11-26,80202,20,63816,18,16386,2,69622,20,426176,298,495798,318,0,942,4,2145,1039,1,"Knox County",470313,151.175919015634,0.106511337632619,67.6145460576254,4.25248717343556,10.6511337632619
2021-11-25,80182,52,63798,26,16384,26,69602,30,425878,331,495480,361,0,942,4,2141,1038,5,"Knox County",470313,133.95334596322,0.106551643739799,76.7573934805119,11.0564666509325,10.6551643739799
2021-11-24,80130,105,63772,66,16358,39,69572,73,425547,742,495119,815,0,942,3,2137,1033,4,"Knox County",470313,117.15602162815,0.0971905846621109,173.288852317499,22.3255576605367,9.71905846621109
2021-11-23,80025,98,63706,64,16319,34,69499,64,424805,673,494304,737,0,942,2,2134,1029,0,"Knox County",470313,113.328783172058,0.0967659791189203,156.7041523411,20.8371871498343,9.67659791189203
2021-11-22,79927,107,63642,84,16285,23,69435,82,424132,738,493567,820,0,942,3,2132,1029,0,"Knox County",470313,100.996570369095,0.08871189233727,174.351974110858,22.7508063778803,8.871189233727
2021-11-21,79820,44,63558,32,16262,12,69353,37,423394,284,492747,321,0,942,2,2129,1029,2,"Knox County",470313,103.122813955812,0.0920980926430518,68.2524191336408,9.35547178155824,9.20980926430518
2021-11-20,79776,54,63526,37,16250,17,69316,44,423110,533,492426,577,0,942,1,2127,1027,1,"Knox County",470313,102.059692162454,0.0886300329197265,122.684254953616,11.481715368276,8.86300329197265
2021-11-19,79722,112,63489,83,16233,29,69272,81,422577,825,491849,906,0,942,0,2126,1026,0,"Knox County",470313,121.621133160257,0.0905884945999559,192.637668956631,23.8139281712392,9.05884945999559
2021-11-18,79610,81,63406,45,16204,36,69191,50,421752,919,490943,969,3,942,2,2126,1026,0,"Knox County",470313,127.787239561739,0.0837706511175899,206.033003552953,17.222573052414,8.37706511175899
2021-11-17,79529,105,63361,65,16168,40,69141,66,420833,813,489974,879,0,939,1,2124,1026,1,"Knox County",470313,127.787239561739,0.081397581109618,186.896811272493,22.3255576605367,8.1397581109618
2021-11-16,79424,73,63296,50,16128,23,69075,67,420020,764,489095,831,0,939,2,2123,1025,3,"Knox County",470313,122.471630594944,0.080520460116915,176.690842056248,15.5215781830398,8.0520460116915
2021-11-15,79351,84,63246,45,16105,39,69008,34,419256,446,488264,480,3,939,0,2121,1022,0,"Knox County",470313,117.581270345493,0.076365101752972,102.059692162454,17.8604461284294,7.6365101752972
2021-11-14,79267,72,63201,62,16066,10,68974,68,418810,624,487784,692,0,936,2,2121,1022,2,"Knox County",470313,123.534752388303,0.0768653918260217,147.13605620087,15.308953824368,7.68653918260217
2021-11-13,79195,29,63139,13,16056,16,68906,12,418186,317,487092,329,0,936,2,2119,1020,0,"Knox County",470313,118.219143421509,0.0743216673220606,69.953414003015,6.16610640148157,7.43216673220606
2021-11-12,79166,65,63126,48,16040,17,68894,50,417869,676,486763,726,0,936,4,2117,1020,2,"Knox County",470313,108.225798563935,0.0707297187117815,154.365284395711,13.8205833136656,7.07297187117815
2021-11-11,79101,66,63078,47,16023,19,68844,54,417193,962,486037,1016,0,936,0,2113,1018,0,"Knox County",470313,105.036433183858,0.0708661417322835,216.026348410527,14.0332076723374,7.08661417322835
2021-11-10,79035,72,63031,49,16004,23,68790,67,416231,844,485021,911,1,936,2,2113,1018,0,"Knox County",470313,98.0198293476897,0.0706118355065196,193.70079074999,15.308953824368,7.06118355065196
2021-11-09,78963,103,62982,73,15981,30,68723,130,415387,1170,484110,1300,1,935,1,2111,1018,1,"Knox County",470313,104.398560107843,0.0760909424275761,276.411666273312,21.9003089431931,7.60909424275761
2021-11-08,78860,78,62909,58,15951,20,68593,70,414217,669,482810,739,6,934,1,2110,1017,3,"Knox County",470313,103.122813955812,0.0789427621214773,157.129401058444,16.5846999763987,7.89427621214773
2021-11-07,78782,30,62851,19,15931,11,68523,21,413548,390,482071,411,0,928,1,2109,1014,3,"Knox County",470313,94.1925908915977,0.0743740795287187,87.3886114141008,6.37873076015334,7.43740795287187
2021-11-06,78752,41,62832,27,15920,14,68502,30,413158,450,481660,480,0,928,2,2108,1011,1,"Knox County",470313,96.7440831956591,0.0755866021852051,102.059692162454,8.7175987055429,7.55866021852051
2021-11-05,78711,52,62805,32,15906,20,68472,36,412708,601,481180,637,0,928,2,2106,1010,0,"Knox County",470313,93.9799665329259,0.0742628321805606,135.441716473923,11.0564666509325,7.42628321805606
2021-11-04,78659,67,62773,45,15886,22,68436,49,412107,664,480543,713,0,928,1,2104,1010,1,"Knox County",470313,94.1925908915977,0.0776343671739549,151.601167732978,14.2458320310091,7.76343671739549
2021-11-03,78592,80,62728,60,15864,20,68387,66,411443,968,479830,1034,0,928,2,2103,1009,2,"Knox County",470313,95.893585760972,0.0756492284531426,219.853586866619,17.0099486937423,7.56492284531426
2021-11-02,78512,41,62668,19,15844,22,68321,22,410475,301,478796,323,4,928,1,2101,1007,3,"Knox County",470313,82.7108755233217,0.0677887940973023,68.6776678509843,8.7175987055429,6.77887940973023
2021-11-01,78471,94,62649,70,15822,24,68299,83,410174,650,478473,733,1,924,3,2100,1004,1,"Knox County",470313,86.1128652620702,0.0708843223274071,155.853654906413,19.9866897151471,7.08843223274071
2021-10-31,78377,26,62579,20,15798,6,68216,19,409524,278,477740,297,0,923,1,2097,1003,1,"Knox County",470313,85.262367827383,0.0723262983163386,63.1494345255181,5.52823332546623,7.23262983163386
2021-10-30,78351,56,62559,41,15792,15,68197,43,409246,523,477443,566,0,923,4,2096,1002,0,"Knox County",470313,88.4517332074597,0.0739019288868231,120.345387008226,11.9069640856196,7.39019288868232
2021-10-29,78295,73,62518,59,15777,14,68154,66,408723,836,476877,902,1,923,1,2092,1002,1,"Knox County",470313,92.916844739567,0.0761821366024518,191.787171521944,15.5215781830398,7.61821366024518
2021-10-28,78222,55,62459,32,15763,23,68088,39,407887,557,475975,596,4,922,3,2091,1001,2,"Knox County",470313,90.3653524355057,0.0759379914625927,126.72411776838,11.6943397269478,7.59379914625927
2021-10-27,78167,87,62427,57,15740,30,68049,65,407330,759,475379,824,1,918,3,2088,999,3,"Knox County",470313,91.8537229462082,0.0794623909455317,175.202471545545,18.4983192044447,7.94623909455317
2021-10-26,78080,95,62370,57,15710,38,67984,55,406571,555,474555,610,0,917,5,2085,996,2,"Knox County",470313,103.335438314484,0.0817137809187279,129.700858789785,20.1993140738189,8.17137809187279
2021-10-25,77985,70,62313,46,15672,24,67929,53,406016,491,473945,544,6,917,3,2080,994,1,"Knox County",470313,98.2324537063615,0.0783590689098871,115.667651117447,14.8837051070245,7.83590689098871
2021-10-24,77915,38,62267,20,15648,18,67876,23,405525,336,473401,359,1,911,5,2077,993,3,"Knox County",470313,100.783946010423,0.0781640536241763,76.3321447631684,8.07972562952757,7.81640536241763
2021-10-23,77877,59,62247,40,15630,19,67853,42,405189,471,473042,513,0,910,1,2072,990,2,"Knox County",470313,101.421819086438,0.078886844526219,109.076295998622,12.5448371616349,7.8886844526219
2021-10-22,77818,89,62207,55,15611,34,67811,54,404718,551,472529,605,0,910,2,2071,988,2,"Knox County",470313,104.823808825187,0.081708220192545,128.637736996426,18.9235679217883,8.1708220192545
2021-10-21,77729,125,62152,71,15577,54,67757,78,404167,712,471924,790,3,910,2,2069,986,2,"Knox County",470313,119.707513932211,0.0871613663133098,167.973243350705,26.5780448339723,8.71613663133098
2021-10-20,77604,147,62081,82,15523,65,67679,89,403455,959,471134,1048,3,907,3,2067,984,2,"Knox County",470313,132.464975452518,0.0881628999776236,222.830327888024,31.2557807247514,8.81628999776236
2021-10-19,77457,130,61999,85,15458,45,67590,92,402496,724,470086,816,4,904,3,2064,982,2,"Knox County",470313,139.90682800603,0.092192513368984,173.501476676171,27.6411666273312,9.2192513368984
2021-10-18,77327,119,61914,88,15413,31,67498,105,401772,604,469270,709,9,900,8,2061,980,3,"Knox County",470313,150.325421580947,0.0997933884297521,150.750670298291,25.3022986819416,9.97933884297521
2021-10-17,77208,63,61826,56,15382,7,67393,61,401168,303,468561,364,1,891,4,2053,977,2,"Knox County",470313,155.641030547742,0.107533539731682,77.3952665565272,13.395334596322,10.7533539731682
2021-10-16,77145,54,61770,39,15375,15,67332,42,400865,372,468197,414,0,890,1,2049,975,4,"Knox County",470313,154.577908754383,0.109776654024442,88.0264844901162,11.481715368276,10.9776654024442
2021-10-15,77091,125,61731,90,15360,35,67290,99,400493,794,467783,893,9,890,5,2048,971,2,"Knox County",470313,162.232385666567,0.1124354390147,189.873552293898,26.5780448339723,11.24354390147
2021-10-14,76966,191,61641,135,15325,56,67191,143,399699,699,466890,842,0,881,7,2043,969,5,"Knox County",470313,176.265593338904,0.124066063704286,179.029710001637,40.6112525063096,12.4066063704286
2021-10-13,76775,119,61506,88,15269,31,67048,99,399000,764,466048,863,7,881,6,2036,964,1,"Knox County",470313,170.312111296094,0.130789634768415,183.494821533745,25.3022986819416,13.0789634768415
2021-10-12,76656,135,61418,103,15238,32,66949,108,398236,821,465185,929,4,874,3,2030,963,9,"Knox County",470313,171.375233089453,0.131033107299561,197.528029206082,28.70428842069,13.1033107299561
2021-10-11,76521,191,61315,136,15206,55,66841,148,397415,581,464256,729,3,870,12,2027,954,1,"Knox County",470313,186.684186913821,0.139054429876837,155.003157471726,40.6112525063096,13.9054429876838
2021-10-10,76330,53,61179,40,15151,13,66693,52,396834,489,463527,541,0,867,4,2015,953,3,"Knox County",470313,184.557943327103,0.132604106697371,115.029778041432,11.2690910096042,13.2604106697371
2021-10-09,76277,64,61139,34,15138,30,66641,46,396345,483,462986,529,0,867,7,2011,950,4,"Knox County",470313,186.684186913821,0.130491926398798,112.478285737371,13.6079589549938,13.0491926398798
2021-10-08,76213,281,61105,115,15108,166,66595,123,395862,936,462457,1059,-1,867,4,2004,946,4,"Knox County",470313,219.853586866619,0.130917698470503,225.169195833413,59.7474447867697,13.0917698470503
2021-10-07,75932,256,60990,169,14942,87,66472,175,394926,1107,461398,1282,6,868,9,2000,942,1,"Knox County",470313,233.674170180284,0.126601483479434,272.58442781722,54.4318358199752,12.6601483479434
2021-10-06,75676,137,60821,101,14855,36,66297,112,393819,835,460116,947,1,862,4,1991,941,5,"Knox County",470313,237.501408636376,0.126994680851064,201.355267662174,29.1295371380336,12.6994680851064
2021-10-05,75539,208,60720,118,14819,90,66185,138,392984,915,459169,1053,3,861,4,1987,936,4,"Knox County",470313,253.022986819416,0.129315960912052,223.893449681382,44.2258666037299,12.9315960912052
2021-10-04,75331,307,60602,219,14729,88,66047,245,392069,829,458116,1074,3,858,4,1983,932,2,"Knox County",470313,277.687412425342,0.13739398612182,228.35856121349,65.2756781122359,13.739398612182
2021-10-03,75024,100,60383,91,14641,9,65802,105,391240,677,457042,782,1,855,6,1979,930,1,"Knox County",470313,287.680757282916,0.140350877192982,166.27224848133,21.2624358671778,14.0350877192982
2021-10-02,74924,67,60292,43,14632,24,65697,50,390563,471,456260,521,5,854,2,1973,929,4,"Knox County",470313,288.318630358931,0.141113426615064,110.777290867996,14.2458320310091,14.1113426615064
2021-10-01,74857,218,60249,147,14608,71,65647,164,390092,965,455739,1129,0,849,8,1971,925,3,"Knox County",470313,274.923295762609,0.145698291101945,240.052900940438,46.3521101904476,14.5698291101945
2021-09-30,74639,239,60102,165,14537,74,65483,185,389127,1103,454610,1288,1,849,8,1963,922,2,"Knox County",470313,271.308681665189,0.147041507212246,273.86017396925,50.817221722555,14.7041507212246
2021-09-29,74400,352,59937,164,14463,188,65298,186,388024,1105,453322,1291,6,848,8,1955,920,3,"Knox County",470313,317.022918779621,0.150322219108994,274.498047045266,74.8437742524659,15.0322219108994
2021-09-28,74048,337,59773,239,14275,98,65112,259,386919,766,452031,1025,2,842,1,1947,917,3,"Knox County",470313,344.451461048281,0.167932489451477,217.939967638573,71.6544088723892,16.7932489451477
2021-09-27,73711,237,59534,160,14177,77,64853,185,386153,756,451006,941,7,840,13,1946,914,6,"Knox County",470313,329.567755941256,0.162534040418518,200.079521510143,50.3919730052114,16.2534040418518
2021-09-26,73474,123,59374,99,14100,24,64668,117,385397,703,450065,820,2,833,1,1933,908,5,"Knox County",470313,334.458116190707,0.163364219529579,174.351974110858,26.1527961166287,16.336421952958
2021-09-25,73351,110,59275,90,14076,20,64551,102,384694,699,449245,801,0,831,3,1932,903,7,"Knox County",470313,343.600963613593,0.164222069910898,170.312111296094,23.3886794538956,16.4222069910898
2021-09-24,73241,245,59185,166,14056,79,64449,183,383995,937,448444,1120,13,831,5,1929,896,3,"Knox County",470313,349.341821297731,0.167032665385671,238.139281712392,52.0929678745856,16.7032665385671
2021-09-23,72996,350,59019,243,13977,107,64266,268,383058,1370,447324,1638,14,818,9,1924,893,3,"Knox County",470313,372.943125110299,0.170246202200105,348.278699504373,74.4185255351224,17.0246202200105
2021-09-22,72646,250,58776,186,13870,64,63998,201,381688,1260,445686,1461,3,804,4,1915,890,9,"Knox County",470313,351.255440525777,0.168460158852165,310.644188019468,53.1560896679445,16.8460158852165
2021-09-21,72396,392,58590,213,13806,179,63797,226,380428,996,444225,1222,10,801,7,1911,881,4,"Knox County",470313,362.949780252725,0.160189928776709,259.826966296913,83.348748599337,16.0189928776709
2021-09-20,72004,426,58377,304,13627,122,63571,339,379432,1295,443003,1634,5,791,9,1904,877,7,"Knox County",470313,403.135784041691,0.165133394664213,347.428202069686,90.5779767941775,16.5133394664213
2021-09-19,71578,119,58073,87,13505,32,63232,96,378137,432,441369,528,1,786,8,1895,870,8,"Knox County",470313,402.285286607004,0.168372203712518,112.265661378699,25.3022986819416,16.8372203712518
2021-09-18,71459,221,57986,178,13473,43,63136,193,377705,1075,440841,1268,0,785,7,1887,862,13,"Knox County",470313,425.886590419572,0.16976665539398,269.607686795815,46.989983266463,16.976665539398
2021-09-17,71238,540,57808,416,13430,124,62943,443,376630,1310,439573,1753,5,785,11,1880,849,5,"Knox County",470313,488.610776227746,0.185816498316498,372.730500751627,114.81715368276,18.5816498316498
2021-09-16,70698,577,57392,452,13306,125,62500,483,375320,1518,437820,2001,7,780,16,1869,844,3,"Knox County",470313,536.87650564624,0.200770244248505,425.461341702228,122.684254953616,20.0770244248505
2021-09-15,70121,337,56940,248,13181,89,62017,266,373802,807,435819,1073,6,773,5,1853,841,4,"Knox County",470313,555.374824850684,0.21584555332841,228.145936854818,71.6544088723892,21.584555332841
2021-09-14,69784,550,56692,439,13092,111,61751,474,372995,1406,434746,1880,12,767,8,1848,837,3,"Knox County",470313,588.969473520826,0.226299694189602,399.733794302943,116.943397269478,22.6299694189602
2021-09-13,69234,393,56253,292,12981,101,61277,327,371589,1134,432866,1461,20,755,15,1840,834,9,"Knox County",470313,581.952869684657,0.229024488157367,310.644188019468,83.5613729580088,22.9024488157367
2021-09-12,68841,383,55961,355,12880,28,60950,373,370455,1460,431405,1833,0,735,5,1825,825,8,"Knox County",470313,638.085700374006,0.227083148460378,389.740449445369,81.435129371291,22.7083148460378
2021-09-11,68458,851,55606,693,12852,158,60577,754,368995,2620,429572,3374,4,735,25,1820,817,10,"Knox County",470313,772.039046337227,0.233271028037383,717.39458615858,180.943329229683,23.3271028037383
2021-09-10,67607,1018,54913,744,12694,274,59823,802,366375,2512,426198,3314,1,731,24,1795,807,7,"Knox County",470313,873.673489782336,0.232927155865024,704.637124638273,216.45159712787,23.2927155865024
2021-09-09,66589,309,54169,167,12420,142,59021,172,363863,685,422884,857,1,730,18,1771,800,5,"Knox County",470313,816.6901616583,0.22969837587007,182.219075381714,65.7009268295794,22.969837587007
2021-09-08,66280,291,54002,225,12278,66,58849,247,363178,837,422027,1084,5,729,11,1753,795,6,"Knox County",470313,806.909441159398,0.228138810403535,230.484804800208,61.8736883734874,22.8138810403535
2021-09-07,65989,404,53777,296,12212,108,58602,308,362341,979,420943,1287,3,724,12,1742,789,1,"Knox County",470313,775.866284793319,0.225813777441332,273.647549610578,85.9002409033984,22.5813777441332
2021-09-06,65585,978,53481,782,12104,196,58294,838,361362,3219,419656,4057,1,721,19,1730,788,3,"Knox County",470313,900.251534616309,0.221055295457421,862.617023131404,207.946622780999,22.1055295457421
2021-09-05,64607,966,52699,801,11908,165,57456,833,358143,2905,415599,3738,2,720,15,1711,785,6,"Knox County",470313,1024.21153572196,0.22325108689515,794.789852715107,205.395130476938,22.325108689515
2021-09-04,63641,535,51898,382,11743,153,56623,403,355238,1185,411861,1588,2,718,10,1696,779,4,"Knox County",470313,957.022238381673,0.226248037676609,337.647481570784,113.754031889401,22.6248037676609
2021-09-03,63106,331,51516,237,11590,94,56220,249,354053,724,410273,973,5,716,8,1686,775,5,"Knox County",470313,810.949303974162,0.224528857479388,206.88350098764,70.3786627203586,22.4528857479388
2021-09-02,62775,316,51279,178,11496,138,55971,197,353329,541,409300,738,3,711,5,1678,770,3,"Knox County",470313,812.437674484864,0.228369847753435,156.916776699772,67.1892973402819,22.8369847753435
2021-09-01,62459,270,51101,208,11358,62,55774,220,352788,539,408562,759,2,708,2,1673,767,3,"Knox County",470313,807.972562952757,0.231963470319635,161.38188823188,57.4085768413801,23.1963470319635
2021-08-31,62189,592,50893,431,11296,161,55554,477,352249,1485,407803,1962,2,706,9,1671,764,4,"Knox County",470313,847.945942383051,0.232862830256967,417.168991714029,125.873620333693,23.2862830256967
2021-08-30,61597,509,50462,404,11135,105,55077,429,350764,1328,405841,1757,9,704,13,1662,760,6,"Knox County",470313,748.225118165987,0.243855840208424,373.580998186314,108.225798563935,24.3855840208424
2021-08-29,61088,481,50058,407,11030,74,54648,441,349436,1188,404084,1629,1,695,5,1649,754,7,"Knox County",470313,645.102304210175,0.256857325111631,346.365080276327,102.272316521125,25.6857325111631
2021-08-28,60607,394,49651,301,10956,93,54207,319,348248,845,402455,1164,0,694,4,1644,747,3,"Knox County",470313,615.122269637454,0.259630371854821,247.49475349395,83.7739973166806,25.9630371854821
2021-08-27,60213,466,49350,370,10863,96,53888,386,347403,925,401291,1311,5,694,5,1640,744,1,"Knox County",470313,643.826558058144,0.264914163090129,278.750534218701,99.0829511410486,26.4914163090129
2021-08-26,59747,447,48980,345,10767,102,53502,366,346478,1123,399980,1489,5,689,0,1635,743,5,"Knox County",470313,671.680349044147,0.261940224406712,316.597670062278,95.0430883262848,26.1940224406712
2021-08-25,59300,346,48635,224,10665,122,53136,235,345355,504,398491,739,2,684,4,1635,738,10,"Knox County",470313,687.839800303202,0.26395383543926,157.129401058444,73.5680281004352,26.395383543926
2021-08-24,58954,333,48411,221,10543,112,52901,233,344851,553,397752,786,4,682,5,1631,728,0,"Knox County",470313,632.770091407212,0.27143661971831,167.122745916018,70.8039114377021,27.143661971831
2021-08-23,58621,284,48190,206,10431,78,52668,226,344298,653,396966,879,1,678,1,1626,728,4,"Knox County",470313,584.929610706062,0.275853445041891,186.896811272493,60.385317862785,27.5853445041891
2021-08-22,58337,239,47984,218,10353,21,52442,234,343645,675,396087,909,2,677,0,1625,724,2,"Knox County",470313,533.474515907491,0.274701113096056,193.275542032646,50.817221722555,27.4701113096056
2021-08-21,58098,497,47766,375,10332,122,52208,408,342970,1499,395178,1907,0,675,8,1625,722,3,"Knox County",470313,555.374824850684,0.260349127182045,405.474651987081,105.674306259874,26.0349127182045
2021-08-20,57601,424,47391,330,10210,94,51800,356,341471,898,393271,1254,0,675,6,1617,719,3,"Knox County",470313,546.44460178647,0.2584453095567,266.63094577441,90.1527280768339,25.84453095567
2021-08-19,57177,367,47061,253,10116,114,51444,262,340573,761,392017,1023,1,675,6,1611,716,0,"Knox County",470313,529.434653092728,0.260637588368681,217.514718921229,78.0331396325426,26.0637588368681
2021-08-18,56810,262,46808,192,10002,70,51182,198,339812,692,390994,890,2,674,5,1605,716,0,"Knox County",470313,511.574206964298,0.250653765690377,189.235679217883,55.7075819720059,25.0653765690377
2021-08-17,56548,260,46616,179,9932,81,50984,197,339120,829,390104,1026,0,672,5,1600,716,3,"Knox County",470313,496.052628781258,0.238463488843813,218.152591997244,55.2823332546623,23.8463488843813
2021-08-16,56288,179,46437,126,9851,53,50787,131,338291,333,389078,464,2,672,4,1595,713,0,"Knox County",470313,473.727071120722,0.238993710691824,98.6577024237051,38.0597602022483,23.8993710691824
2021-08-15,56109,203,46311,180,9798,23,50656,198,337958,679,388614,877,3,670,6,1591,713,1,"Knox County",470313,466.072594208538,0.235183443085607,186.471562555149,43.162744810371,23.5183443085607
2021-08-14,55906,220,46131,148,9775,72,50458,155,337279,618,387737,773,0,667,4,1585,712,2,"Knox County",470313,407.175646856455,0.237355319486285,164.358629253285,46.7773589077912,23.7355319486285
2021-08-13,55686,264,45983,205,9703,59,50303,219,336661,1163,386964,1382,1,667,5,1581,710,3,"Knox County",470313,373.155749468971,0.211344211344211,293.846863684397,56.1328306893494,21.1344211344211
2021-08-12,55422,220,45778,144,9644,76,50084,149,335498,493,385582,642,2,666,8,1576,707,2,"Knox County",470313,341.899968744219,0.205979517674265,136.504838267282,46.7773589077912,20.5979517674265
2021-08-11,55202,315,45634,236,9568,79,49935,247,335005,757,384940,1004,1,664,10,1568,705,3,"Knox County",470313,353.169059753823,0.21011673151751,213.474856106465,66.9766729816101,21.011673151751
2021-08-10,54887,172,45398,108,9489,64,49688,120,334248,489,383936,609,1,663,2,1558,702,4,"Knox County",470313,334.458116190707,0.211963136845766,129.488234431113,36.5713896915458,21.1963136845766
2021-08-09,54715,199,45290,162,9425,37,49568,170,333759,541,383327,711,1,662,5,1556,698,1,"Knox County",470313,338.710603364143,0.20973657885962,151.175919015634,42.3122473756839,20.973657885962
2021-08-08,54516,89,45128,67,9388,22,49398,75,333218,298,382616,373,1,661,5,1551,697,0,"Knox County",470313,314.47142647556,0.206589006188569,79.3088857845732,18.9235679217883,20.6589006188569
2021-08-07,54427,103,45061,74,9366,29,49323,78,332920,469,382243,547,0,660,2,1546,697,0,"Knox County",470313,289.594376510962,0.20083523158694,116.305524193463,21.9003089431931,20.083523158694
2021-08-06,54324,202,44987,147,9337,55,49245,163,332451,640,381696,803,0,660,10,1544,697,1,"Knox County",470313,276.411666273312,0.213691618682022,170.737360013438,42.9501204516992,21.3691618682022
2021-08-05,54122,173,44840,130,9282,43,49082,146,331811,641,380893,787,2,660,4,1534,696,2,"Knox County",470313,266.418321415738,0.206661150186181,167.335370274689,36.7840140502176,20.6661150186181
2021-08-04,53949,144,44710,101,9239,43,48936,104,331170,520,380106,624,1,658,4,1530,694,1,"Knox County",470313,230.059556082864,0.192186798383476,132.67759981119,30.6179076487361,19.2186798383476
2021-08-03,53805,237,44609,176,9196,61,48832,182,330650,614,379482,796,0,657,6,1526,693,3,"Knox County",470313,243.88013939653,0.197802197802198,169.248989502735,50.3919730052114,19.7802197802198
2021-08-02,53568,97,44433,75,9135,22,48650,82,330036,424,378686,506,2,657,3,1520,690,0,"Knox County",470313,222.192454812008,0.187105500450857,107.58792548792,20.6245627911625,18.7105500450857
2021-08-01,53471,105,44358,89,9113,16,48568,99,329612,410,378180,509,0,655,2,1517,690,2,"Knox County",470313,225.594444550757,0.18678915135608,108.225798563935,22.3255576605367,18.678915135608
2021-07-31,53366,103,44269,63,9097,40,48469,68,329202,306,377671,374,1,655,6,1515,688,0,"Knox County",470313,225.594444550757,0.19186178676972,79.521510143245,21.9003089431931,19.186178676972
2021-07-30,53263,118,44206,83,9057,35,48401,91,328896,171,377297,262,1,654,0,1509,688,1,"Knox County",470313,207.733998422327,0.200103680663556,55.7075819720059,25.0896743232698,20.0103680663556
2021-07-29,53145,118,44123,67,9022,51,48310,69,328725,358,377035,427,0,653,2,1509,687,1,"Knox County",470313,196.039658695379,0.198684962835906,90.7906011528493,25.0896743232698,19.8684962835906
2021-07-28,53027,130,44056,89,8971,41,48241,94,328367,395,376608,489,0,653,4,1507,686,0,"Knox County",470313,193.062917673975,0.20368718406185,103.9733113905,27.6411666273312,20.368718406185
2021-07-27,52897,117,43967,78,8930,39,48147,84,327972,367,376119,451,0,653,4,1503,686,0,"Knox County",470313,167.547994633361,0.194499668654738,95.893585760972,24.877049964598,19.4499668654738
2021-07-26,52780,97,43889,73,8891,24,48063,78,327605,273,375668,351,1,653,4,1499,686,0,"Knox County",470313,167.547994633361,0.203632553265805,74.6311498937941,20.6245627911625,20.3632553265805
2021-07-25,52683,51,43816,43,8867,8,47985,44,327332,238,375317,282,3,652,5,1495,686,1,"Knox County",470313,156.066279265085,0.200303490136571,59.9600691454414,10.8438422922607,20.0303490136571
2021-07-24,52632,65,43773,44,8859,21,47941,45,327094,263,375035,308,0,649,1,1490,685,2,"Knox County",470313,147.986553635558,0.196498054474708,65.4883024709077,13.8205833136656,19.6498054474708
2021-07-23,52567,55,43729,30,8838,25,47896,32,326831,233,374727,265,1,649,3,1489,683,1,"Knox County",470313,134.591219039236,0.17333851535173,56.3454550480212,11.6943397269478,17.333851535173
2021-07-22,52512,95,43699,70,8813,25,47864,79,326598,355,374462,434,0,648,3,1486,682,0,"Knox County",470313,129.700858789785,0.176744186046512,92.2789716635517,20.1993140738189,17.6744186046512
2021-07-21,52417,61,43629,47,8788,14,47785,46,326243,312,374028,358,1,648,1,1483,682,0,"Knox County",470313,115.029778041432,0.166598611678236,76.1195204044966,12.9700858789785,16.6598611678236
2021-07-20,52356,77,43582,42,8774,35,47739,44,325931,211,373670,255,0,647,3,1482,682,0,"Knox County",470313,106.524803694561,0.163337771859743,54.2192114613034,16.3720756177269,16.3337771859743
2021-07-19,52279,48,43540,36,8739,12,47695,41,325720,254,373415,295,0,647,0,1479,682,0,"Knox County",470313,96.1062101196437,0.150659990896677,62.7241858081746,10.2059692162454,15.0659990896677
2021-07-18,52231,36,43504,30,8727,6,47654,31,325466,203,373120,234,0,647,1,1479,682,1,"Knox County",470313,92.916844739567,0.14797580269893,49.7540999291961,7.65447691218401,14.797580269893
2021-07-17,52195,29,43474,22,8721,7,47623,23,325263,162,372886,185,0,647,1,1478,681,0,"Knox County",470313,85.262367827383,0.146100691016782,39.335506354279,6.16610640148157,14.6100691016782
2021-07-16,52166,37,43452,21,8714,16,47600,22,325101,220,372701,242,0,647,1,1477,681,0,"Knox County",470313,81.435129371291,0.142785821268098,51.4550947985703,7.86710127085579,14.2785821268098
2021-07-15,52129,55,43431,42,8698,13,47578,44,324881,286,372459,330,-1,647,1,1476,681,0,"Knox County",470313,72.9301550244199,0.132174828857293,70.1660383616868,11.6943397269478,13.2174828857293
2021-07-14,52074,21,43389,17,8685,4,47534,16,324595,199,372129,215,0,648,2,1475,681,0,"Knox County",470313,64.4251806775488,0.125854214123007,45.7142371144323,4.46511153210734,12.5854214123007
2021-07-13,52053,42,43372,26,8681,16,47518,29,324396,265,371914,294,3,648,3,1473,681,0,"Knox County",470313,56.9833281240365,0.114763231197772,62.5115614495028,8.93022306421468,11.4763231197772
2021-07-12,52011,28,43346,22,8665,6,47489,24,324131,186,371620,210,0,645,1,1470,681,1,"Knox County",470313,52.730840950601,0.110526315789474,44.6511153210734,5.95348204280979,11.0526315789474
2021-07-11,51983,8,43324,3,8659,5,47465,4,323945,107,371410,111,0,645,0,1469,680,0,"Knox County",470313,46.7773589077912,0.102079395085066,23.6013038125674,1.70099486937423,10.2079395085066
2021-07-10,51975,20,43321,16,8654,4,47461,16,323838,153,371299,169,0,645,2,1469,680,0,"Knox County",470313,44.8637396797452,0.0986632718014004,35.9335166155305,4.25248717343556,9.86632718014004
2021-07-09,51955,26,43305,20,8650,6,47445,20,323685,242,371130,262,0,645,0,1467,680,1,"Knox County",470313,42.5248717343556,0.0961659333752357,55.7075819720059,5.52823332546623,9.61659333752357
2021-07-08,51929,19,43285,14,8644,5,47425,16,323443,240,370868,256,0,645,0,1467,679,2,"Knox County",470313,34.8703948221716,0.0823994726433751,54.4318358199752,4.03986281476378,8.23994726433751
2021-07-07,51910,18,43271,5,8639,13,47409,5,323203,228,370612,233,1,645,1,1467,677,0,"Knox County",470313,34.2325217461563,0.0742671009771987,49.5414755705243,3.82723845609201,7.42671009771987
2021-07-06,51892,24,43266,9,8626,15,47404,13,322975,216,370379,229,0,644,2,1466,677,0,"Knox County",470313,30.4052832900643,0.0666666666666667,48.6909781358372,5.10298460812268,6.66666666666667
2021-07-05,51868,10,43257,7,8611,3,47391,6,322759,77,370150,83,0,644,1,1464,677,0,"Knox County",470313,26.5780448339723,0.0595681310498883,17.6478217697576,2.12624358671778,5.95681310498883
2021-07-04,51858,8,43250,7,8608,1,47385,7,322682,103,370067,110,0,644,1,1463,677,0,"Knox County",470313,26.5780448339723,0.0618479880774963,23.3886794538956,1.70099486937423,6.18479880774963
2021-07-03,51850,9,43243,7,8607,2,47378,7,322579,116,369957,123,0,644,1,1462,677,0,"Knox County",470313,24.2391768885827,0.0570987654320988,26.1527961166287,1.913619228046,5.70987654320988
2021-07-02,51841,17,43236,13,8605,4,47371,17,322463,262,369834,279,-1,644,0,1461,677,0,"Knox County",470313,22.3255576605367,0.0540746382330541,59.3221960694261,3.61461409742023,5.40746382330541
2021-07-01,51824,18,43223,15,8601,3,47354,17,322201,168,369555,185,-1,645,1,1461,677,0,"Knox County",470313,22.1129333018649,0.0579710144927536,39.335506354279,3.82723845609201,5.79710144927536
2021-06-30,51806,18,43208,12,8598,6,47337,11,322033,219,369370,230,0,646,0,1460,677,0,"Knox County",470313,22.1129333018649,0.062953995157385,48.903602494509,3.82723845609201,6.2953995157385
2021-06-29,51788,21,43196,16,8592,5,47326,19,321814,306,369140,325,0,646,1,1460,677,0,"Knox County",470313,21.4750602258496,0.0629213483146067,69.1029165683279,4.46511153210734,6.29213483146067
2021-06-28,51767,9,43180,2,8587,7,47307,2,321508,91,368815,93,0,646,0,1459,677,0,"Knox County",470313,21.2624358671778,0.0594795539033457,19.7740653564754,1.913619228046,5.94795539033457
2021-06-27,51758,5,43178,3,8580,2,47305,3,321417,101,368722,104,0,646,0,1459,677,0,"Knox County",470313,20.6245627911625,0.0567587752053772,22.1129333018649,1.06312179335889,5.67587752053771
2021-06-26,51753,3,43175,2,8578,1,47302,2,321316,116,368618,118,0,646,0,1459,677,0,"Knox County",470313,19.3488166391318,0.0532233883058471,25.0896743232698,0.637873076015334,5.32233883058471
2021-06-25,51750,13,43173,9,8577,4,47300,11,321200,214,368500,225,0,646,0,1459,677,0,"Knox County",470313,18.4983192044447,0.05078125,47.8404807011501,2.76411666273312,5.078125
2021-06-24,51737,14,43164,9,8573,5,47289,10,320986,277,368275,287,1,646,1,1459,677,1,"Knox County",470313,17.6478217697576,0.0419681620839363,61.0231909388003,2.97674102140489,4.19681620839363
2021-06-23,51723,13,43155,6,8568,7,47279,8,320709,203,367988,211,0,645,0,1458,676,1,"Knox County",470313,16.5846999763987,0.0403521643433602,44.8637396797452,2.76411666273312,4.03521643433602
2021-06-22,51710,14,43149,5,8561,9,47271,5,320506,189,367777,194,2,645,1,1458,675,1,"Knox County",470313,15.0963294656962,0.0332792207792208,41.249125582325,2.97674102140489,3.32792207792208
2021-06-21,51696,9,43144,8,8552,1,47266,9,320317,225,367583,234,0,643,1,1457,674,0,"Knox County",470313,15.0963294656962,0.0349599417334304,49.7540999291961,1.913619228046,3.49599417334304
2021-06-20,51687,3,43136,2,8551,1,47257,3,320092,124,367349,127,1,643,0,1456,674,0,"Knox County",470313,14.6710807483527,0.0343839541547278,27.0032935513158,0.637873076015334,3.43839541547278
2021-06-19,51684,3,43134,1,8550,2,47254,1,319968,126,367222,127,0,642,0,1456,674,0,"Knox County",470313,14.6710807483527,0.0334519572953737,27.0032935513158,0.637873076015334,3.34519572953737
2021-06-18,51681,5,43133,3,8548,2,47253,3,319842,201,367095,204,1,642,0,1456,674,0,"Knox County",470313,12.9700858789785,0.0281791907514451,43.3753691690427,1.06312179335889,2.81791907514451
2021-06-17,51676,12,43130,8,8546,4,47250,9,319641,413,366891,422,0,641,0,1456,674,1,"Knox County",470313,12.5448371616349,0.0250164581961817,89.7274793594904,2.55149230406134,2.50164581961817
2021-06-16,51664,7,43122,4,8542,3,47241,4,319228,245,366469,249,1,641,0,1456,673,0,"Knox County",470313,11.2690910096042,0.0218368657675016,52.9434653092728,1.48837051070245,2.18368657675016
2021-06-15,51657,13,43118,9,8539,4,47237,14,318983,338,366220,352,0,640,0,1456,673,0,"Knox County",470313,11.0564666509325,0.0250728862973761,74.8437742524659,2.76411666273312,2.50728862973761
2021-06-14,51644,7,43109,2,8535,5,47223,3,318645,175,365868,178,1,640,0,1456,673,0,"Knox County",470313,10.6312179335889,0.0223025919228451,37.8471358435765,1.48837051070245,2.23025919228451
2021-06-13,51637,3,43107,3,8530,0,47220,4,318470,104,365690,108,0,639,1,1456,673,0,"Knox County",470313,10.6312179335889,0.0231707317073171,22.963430736552,0.637873076015334,2.31707317073171
2021-06-12,51634,2,43104,1,8530,1,47216,1,318366,141,365582,142,0,639,0,1455,673,1,"Knox County",470313,10.4185935749171,0.0229607250755287,30.1926589313925,0.425248717343556,2.29607250755287
2021-06-11,51632,7,43103,3,8529,4,47215,2,318225,237,365440,239,0,639,0,1455,672,1,"Knox County",470313,10.8438422922607,0.0218934911242604,50.817221722555,1.48837051070245,2.18934911242604
2021-06-10,51625,7,43100,4,8525,3,47213,5,317988,253,365201,258,0,639,0,1455,671,0,"Knox County",470313,9.7807204989018,0.0216251638269987,54.8570845373188,1.48837051070245,2.16251638269987
2021-06-09,51618,2,43096,1,8522,1,47208,1,317735,232,364943,233,1,639,0,1455,671,1,"Knox County",470313,8.7175987055429,0.0198675496688742,49.5414755705243,0.425248717343556,1.98675496688742
2021-06-08,51616,5,43095,3,8521,2,47207,4,317503,207,364710,211,1,638,0,1455,670,1,"Knox County",470313,7.01660383616868,0.014609203798393,44.8637396797452,1.06312179335889,1.4609203798393
2021-06-07,51611,16,43092,10,8519,6,47203,10,317296,230,364499,240,0,637,2,1455,669,0,"Knox County",470313,8.93022306421468,0.0188679245283019,51.0298460812268,3.40198973874845,1.88679245283019
2021-06-06,51595,4,43082,2,8513,2,47193,2,317066,135,364259,137,0,637,0,1453,669,1,"Knox County",470313,9.14284742288646,0.0171232876712329,29.1295371380336,0.850497434687113,1.71232876712329
2021-06-05,51591,5,43080,2,8511,3,47191,3,316931,188,364122,191,0,637,0,1453,668,0,"Knox County",470313,9.7807204989018,0.0178926441351889,40.6112525063096,1.06312179335889,1.78926441351889
2021-06-04,51586,7,43078,2,8508,5,47188,3,316743,245,363931,248,1,637,0,1453,668,0,"Knox County",470313,9.7807204989018,0.0184453227931489,52.730840950601,1.48837051070245,1.84453227931489
2021-06-03,51579,7,43076,4,8503,3,47185,6,316498,297,363683,303,0,636,0,1453,668,0,"Knox County",470313,9.7807204989018,0.018554062699936,64.4251806775488,1.48837051070245,1.8554062699936
2021-06-02,51572,20,43072,7,8500,13,47179,6,316201,218,363380,224,0,636,1,1453,668,0,"Knox County",470313,13.6079589549938,0.0218790218790219,47.6278563424783,4.25248717343556,2.18790218790219
2021-06-01,51552,12,43065,9,8487,3,47173,10,315983,201,363156,211,0,636,1,1452,668,0,"Knox County",470313,15.0963294656962,0.0257400257400257,44.8637396797452,2.55149230406134,2.57400257400257
2021-05-31,51540,17,43056,14,8484,3,47163,12,315782,265,362945,277,0,636,0,1451,668,0,"Knox County",470313,15.308953824368,0.0263984915147706,58.8969473520825,3.61461409742023,2.63984915147706
2021-05-30,51523,3,43042,1,8481,2,47151,1,315517,153,362668,154,0,636,0,1451,668,1,"Knox County",470313,15.0963294656962,0.0254975124378109,32.7441512354538,0.637873076015334,2.54975124378109
2021-05-29,51520,14,43041,8,8479,6,47150,6,315364,137,362514,143,0,636,1,1451,667,2,"Knox County",470313,17.0099486937423,0.0282051282051282,30.4052832900643,2.97674102140489,2.82051282051282
2021-05-28,51506,10,43033,6,8473,4,47144,10,315227,262,362371,272,0,636,1,1450,665,0,"Knox County",470313,17.6478217697576,0.0321969696969697,57.8338255587237,2.12624358671778,3.21969696969697
2021-05-27,51496,23,43027,8,8469,15,47134,9,314965,254,362099,263,0,636,1,1449,665,0,"Knox County",470313,21.049811508506,0.0349740932642487,55.9202063306777,4.8903602494509,3.49740932642487
2021-05-26,51473,16,43019,8,8454,8,47125,11,314711,423,361836,434,0,636,0,1448,665,0,"Knox County",470313,20.1993140738189,0.0336374002280502,92.2789716635517,3.40198973874845,3.36374002280502
2021-05-25,51457,18,43011,8,8446,10,47114,7,314288,230,361402,237,0,636,1,1448,665,0,"Knox County",470313,21.4750602258496,0.0314606741573034,50.3919730052114,3.82723845609201,3.14606741573034
2021-05-24,51439,25,43003,21,8436,4,47107,24,314058,336,361165,360,0,636,1,1447,665,1,"Knox County",470313,23.1760550952238,0.0365002683843264,76.5447691218401,5.31560896679445,3.65002683843264
2021-05-23,51414,16,42982,8,8432,8,47083,8,313722,161,360805,169,1,636,1,1446,664,1,"Knox County",470313,25.9401717579569,0.0399361022364217,35.9335166155305,3.40198973874845,3.99361022364217
2021-05-22,51398,8,42974,4,8424,4,47075,4,313561,210,360636,214,0,635,0,1445,663,0,"Knox County",470313,24.6644256059263,0.0374551051821447,45.5016127557605,1.70099486937423,3.74551051821447
2021-05-21,51390,15,42970,11,8420,4,47071,13,313351,276,360422,289,0,635,1,1445,663,1,"Knox County",470313,25.7275473992852,0.0386571719226857,61.4484396561439,3.18936538007667,3.86571719226857
2021-05-20,51375,34,42959,26,8416,8,47058,27,313075,427,360133,454,0,635,1,1444,662,1,"Knox County",470313,28.0664153446747,0.0435790449698656,96.5314588369873,7.22922819484046,4.35790449698656
2021-05-19,51341,14,42933,6,8408,8,47031,6,312648,389,359679,395,0,635,1,1443,661,0,"Knox County",470313,27.6411666273312,0.0420207743153919,83.9866216753524,2.97674102140489,4.20207743153919
2021-05-18,51327,24,42927,14,8400,10,47025,14,312259,337,359284,351,1,635,0,1442,661,1,"Knox County",470313,28.9169127793618,0.043010752688172,74.6311498937941,5.10298460812268,4.3010752688172
2021-05-17,51303,15,42913,8,8390,7,47011,8,311922,290,358933,298,0,634,0,1442,660,0,"Knox County",470313,26.790669192644,0.0368663594470046,63.3620588841899,3.18936538007667,3.68663594470046
2021-05-16,51288,22,42905,13,8383,9,47003,12,311632,174,358635,186,1,634,1,1442,660,1,"Knox County",470313,28.0664153446747,0.0384087791495199,39.5481307129507,4.67773589077912,3.84087791495199
2021-05-15,51266,23,42892,13,8374,10,46991,17,311458,246,358449,263,0,633,2,1441,659,1,"Knox County",470313,31.2557807247514,0.0433810375670841,55.9202063306777,4.8903602494509,4.33810375670841
2021-05-14,51243,36,42879,25,8364,11,46974,26,311212,391,358186,417,0,633,4,1439,658,0,"Knox County",470313,35.7208922568587,0.0465313028764805,88.6643575661315,7.65447691218401,4.65313028764805
2021-05-13,51207,31,42854,17,8353,14,46948,17,310821,254,357769,271,0,633,0,1435,658,0,"Knox County",470313,35.0830191808434,0.0458505272810637,57.6212012000519,6.59135511882512,4.58505272810637
2021-05-12,51176,34,42837,28,8339,6,46931,26,310567,382,357498,408,0,633,0,1435,658,0,"Knox County",470313,39.335506354279,0.0546946216955333,86.7507383380855,7.22922819484046,5.46946216955333
2021-05-11,51142,36,42809,30,8333,6,46905,31,310185,418,357090,449,0,633,4,1435,658,0,"Knox County",470313,41.8869986583403,0.0597731239092496,95.4683370436284,7.65447691218401,5.97731239092496
2021-05-10,51106,21,42779,14,8327,7,46874,13,309767,220,356641,233,1,633,1,1431,658,1,"Knox County",470313,43.162744810371,0.0637629097440503,49.5414755705243,4.46511153210734,6.37629097440503
2021-05-09,51085,17,42765,14,8320,3,46861,17,309547,287,356408,304,0,632,1,1430,657,0,"Knox County",470313,42.0996230170121,0.0626865671641791,64.6378050362206,3.61461409742023,6.26865671641791
2021-05-08,51068,20,42751,11,8317,9,46844,14,309260,206,356104,220,0,632,1,1429,657,0,"Knox County",470313,41.4617499409967,0.0625543006081668,46.7773589077912,4.25248717343556,6.25543006081668
2021-05-07,51048,43,42740,31,8308,12,46830,33,309054,368,355884,401,0,632,0,1428,657,0,"Knox County",470313,42.9501204516992,0.0660542432195975,85.262367827383,9.14284742288646,6.60542432195976
2021-05-06,51005,40,42709,26,8296,14,46797,28,308686,240,355483,268,1,632,0,1428,657,1,"Knox County",470313,44.8637396797452,0.0709592641261498,56.9833281240365,8.50497434687113,7.09592641261498
2021-05-05,50965,51,42683,32,8282,19,46769,38,308446,422,355215,460,0,631,4,1428,656,0,"Knox County",470313,48.4783537771654,0.0745182012847966,97.807204989018,10.8438422922607,7.45182012847966
2021-05-04,50914,50,42651,32,8263,18,46731,34,308024,383,354755,417,0,631,0,1424,656,0,"Knox County",470313,51.4550947985703,0.0768562744246635,88.6643575661315,10.6312179335889,7.68562744246635
2021-05-03,50864,24,42619,9,8245,15,46697,7,307641,204,354338,211,1,631,1,1424,656,1,"Knox County",470313,52.0929678745856,0.074967119684349,44.8637396797452,5.10298460812268,7.4967119684349
2021-05-02,50840,25,42610,18,8230,7,46690,20,307437,195,354127,215,0,630,2,1423,655,0,"Knox County",470313,53.7939627439599,0.0793795620437956,45.7142371144323,5.31560896679445,7.93795620437956
2021-05-01,50815,45,42592,35,8223,10,46670,37,307242,351,353912,388,0,630,2,1421,655,0,"Knox County",470313,59.1095717107543,0.0834745762711864,82.4982511646499,9.56809614023002,8.34745762711864
2021-04-30,50770,57,42557,30,8213,27,46633,29,306891,370,353524,399,0,630,3,1419,655,1,"Knox County",470313,62.0863127321592,0.0818490245971162,84.8371191100395,12.1195884442914,8.18490245971162
2021-04-29,50713,54,42527,34,8186,20,46604,35,306521,413,353125,448,0,630,2,1416,654,0,"Knox County",470313,65.0630537535641,0.0788022064617809,95.2557126849566,11.481715368276,7.88022064617809
2021-04-28,50659,47,42493,28,8166,19,46569,34,306108,394,352677,428,4,630,1,1414,654,2,"Knox County",470313,64.212556318877,0.0782122905027933,91.003225511521,9.99334485757357,7.82122905027933
2021-04-27,50612,39,42465,17,8147,22,46535,20,305714,261,352249,281,1,626,2,1413,652,1,"Knox County",470313,61.8736883734874,0.0767932489451477,59.7474447867697,8.29234998819935,7.67932489451477
2021-04-26,50573,69,42448,36,8125,33,46515,40,305453,341,351968,381,1,625,0,1411,651,2,"Knox County",470313,71.4417845137175,0.0846456692913386,81.0098806539475,14.6710807483527,8.46456692913386
2021-04-25,50504,37,42412,24,8092,13,46475,25,305112,259,351587,284,0,624,3,1411,649,0,"Knox County",470313,73.9932768177788,0.0843234955921809,60.385317862785,7.86710127085579,8.43234955921809
2021-04-24,50467,35,42388,22,8079,13,46450,28,304853,394,351303,422,0,624,3,1408,649,1,"Knox County",470313,71.867033231061,0.0798335225122966,89.7274793594904,7.44185255351224,7.98335225122966
2021-04-23,50432,42,42366,31,8066,11,46422,36,304459,346,350881,382,0,624,2,1405,648,1,"Knox County",470313,68.6776678509843,0.083015993907083,81.2225050126193,8.93022306421468,8.3015993907083
2021-04-22,50390,78,42335,61,8055,17,46386,64,304113,520,350499,584,1,624,1,1403,647,1,"Knox County",470313,73.780652459107,0.0894279507603186,124.172625464318,16.5846999763987,8.94279507603186
2021-04-21,50312,62,42274,34,8038,28,46322,34,303593,358,349915,392,1,623,1,1402,646,1,"Knox County",470313,76.9700178391837,0.0906089508437271,83.348748599337,13.1827102376502,9.06089508437271
2021-04-20,50250,38,42240,34,8010,4,46288,38,303235,345,349523,383,1,622,1,1401,645,1,"Knox County",470313,76.7573934805119,0.0937057991513437,81.435129371291,8.07972562952757,9.37057991513437
2021-04-19,50212,64,42206,40,8006,24,46250,39,302890,247,349140,286,0,621,0,1400,644,0,"Knox County",470313,75.694271687153,0.0965971459934138,60.8105665801286,13.6079589549938,9.65971459934138
2021-04-18,50148,38,42166,27,7982,11,46211,32,302643,284,348854,316,0,621,1,1400,644,1,"Knox County",470313,75.9068960458248,0.0980108499095841,67.1892973402819,8.07972562952757,9.80108499095841
2021-04-17,50110,37,42139,18,7971,19,46179,23,302359,235,348538,258,0,621,1,1399,643,0,"Knox County",470313,76.3321447631684,0.102268358323722,54.8570845373188,7.86710127085579,10.2268358323722
2021-04-16,50073,345,42121,329,7952,16,46156,369,302124,1647,348280,2016,1,621,4,1398,643,1,"Knox County",470313,140.757325440717,0.141440377804014,428.650707082305,73.3554037417635,14.1440377804014
2021-04-15,49728,86,41792,54,7936,32,45787,55,300477,420,346264,475,1,620,0,1394,642,1,"Knox County",470313,142.458320310091,0.142995637421231,100.996570369095,18.2856948457729,14.2995637421231
2021-04-14,49642,84,41738,59,7904,25,45732,61,300057,499,345789,560,0,619,3,1394,641,0,"Knox County",470313,147.13605620087,0.14368886818817,119.069640856196,17.8604461284294,14.368886818817
2021-04-13,49558,68,41679,38,7879,30,45671,43,299558,253,345229,296,-5,619,1,1391,641,0,"Knox County",470313,153.514786961024,0.147848823389589,62.9368101668463,14.4584563896809,14.7848823389589
2021-04-12,49490,63,41641,43,7849,20,45628,50,299305,270,344933,320,1,624,0,1390,641,1,"Knox County",470313,153.302162602352,0.149257250648432,68.039794774969,13.395334596322,14.9257250648432
2021-04-11,49427,26,41598,15,7829,11,45578,14,299035,211,344613,225,2,623,0,1390,640,0,"Knox County",470313,150.750670298291,0.148192771084337,47.8404807011501,5.52823332546623,14.8192771084337
2021-04-10,49401,50,41583,33,7818,17,45564,41,298824,423,344388,464,0,621,1,1390,640,1,"Knox County",470313,153.514786961024,0.145316804407713,98.6577024237051,10.6312179335889,14.5316804407713
2021-04-09,49351,82,41550,62,7801,20,45523,71,298401,441,343924,512,5,621,2,1389,639,0,"Knox County",470313,97.5945806303462,0.117461430575035,108.86367163995,17.4351974110858,11.7461430575035
2021-04-08,49269,49,41488,26,7781,23,45452,25,297960,331,343412,356,-6,616,0,1387,639,1,"Knox County",470313,89.7274793594904,0.111598975484815,75.694271687153,10.4185935749171,11.1598975484815
2021-04-07,49220,76,41462,53,7758,23,45427,57,297629,565,343056,622,2,622,1,1387,638,0,"Knox County",470313,88.0264844901162,0.107692307692308,132.252351093846,16.1594512590551,10.7692307692308
2021-04-06,49144,73,41409,40,7735,33,45370,44,297064,302,342434,346,2,620,0,1386,638,0,"Knox County",470313,89.089606283475,0.106151142355009,73.5680281004352,15.5215781830398,10.6151142355009
2021-04-05,49071,44,41369,32,7702,12,45326,35,296762,191,342088,226,0,618,3,1386,638,2,"Knox County",470313,85.0497434687113,0.104325699745547,48.0531050598219,9.35547178155824,10.4325699745547
2021-04-04,49027,49,41337,31,7690,18,45291,40,296571,244,341862,284,3,618,0,1383,636,1,"Knox County",470313,89.9401037181622,0.111387900355872,60.385317862785,10.4185935749171,11.1387900355872
2021-04-03,48978,80,41306,63,7672,17,45251,70,296327,444,341578,514,0,615,0,1383,635,2,"Knox County",470313,96.3188344783155,0.11958041958042,109.288920357294,17.0099486937423,11.958041958042
2021-04-02,48898,73,41243,43,7655,30,45181,44,295883,348,341064,392,0,615,2,1383,633,3,"Knox County",470313,94.4052152502695,0.114963503649635,83.348748599337,15.5215781830398,11.4963503649635
2021-04-01,48825,76,41200,64,7625,12,45137,67,295535,410,340672,477,1,615,1,1381,630,0,"Knox County",470313,100.146072934408,0.124781544914366,101.421819086438,16.1594512590551,12.4781544914366
2021-03-31,48749,86,41136,65,7613,21,45070,71,295125,574,340195,645,3,614,2,1380,630,2,"Knox County",470313,102.272316521125,0.128640776699029,137.142711343297,18.2856948457729,12.8640776699029
2021-03-30,48663,56,41071,32,7592,24,44999,38,294551,320,339550,358,1,611,2,1378,628,2,"Knox County",470313,98.6577024237051,0.12603591160221,76.1195204044966,11.9069640856196,12.603591160221
2021-03-29,48607,43,41039,21,7568,22,44961,22,294231,279,339192,301,5,610,0,1376,626,1,"Knox County",470313,98.4450780650333,0.118478626725008,63.9999319602052,9.14284742288646,11.8478626725008
2021-03-28,48564,80,41018,46,7546,34,44939,49,293952,357,338891,406,2,605,5,1376,625,2,"Knox County",470313,105.036433183858,0.116715163271904,86.3254896207419,17.0099486937423,11.6715163271904
2021-03-27,48484,43,40972,40,7512,3,44890,42,293595,314,338485,356,0,603,2,1371,623,2,"Knox County",470313,97.1693319130026,0.113458262350937,75.694271687153,9.14284742288646,11.3458262350937
2021-03-26,48441,79,40932,54,7509,25,44848,60,293281,333,338129,393,0,603,2,1369,621,2,"Knox County",470313,98.4450780650333,0.118869209809264,83.5613729580088,16.7973243350705,11.8869209809264
2021-03-25,48362,87,40878,63,7484,24,44788,67,292948,419,337736,486,0,603,4,1367,619,1,"Knox County",470313,100.783946010423,0.118505942275042,103.335438314484,18.4983192044447,11.8505942275042
2021-03-24,48275,123,40815,93,7460,30,44721,95,292529,535,337250,630,1,603,3,1363,618,1,"Knox County",470313,108.651047281279,0.127303754266212,133.95334596322,26.1527961166287,12.7303754266212
2021-03-23,48152,88,40722,58,7430,30,44626,63,291994,375,336620,438,1,602,3,1360,617,1,"Knox County",470313,115.455026758776,0.132225913621262,93.1294690982388,18.7109435631165,13.2225913621262
2021-03-22,48064,111,40664,77,7400,34,44563,79,291619,368,336182,447,2,601,1,1357,616,0,"Knox County",470313,129.913483148456,0.144169835234474,95.0430883262848,23.6013038125674,14.4169835234474
2021-03-21,47953,50,40587,33,7366,17,44484,34,291251,221,335735,255,-3,599,1,1356,616,1,"Knox County",470313,123.534752388303,0.146422628951747,54.2192114613034,10.6312179335889,14.6422628951747
2021-03-20,47903,59,40554,29,7349,30,44450,33,291030,220,335480,253,0,602,4,1355,615,0,"Knox County",470313,126.936742127052,0.148518263266713,53.7939627439599,12.5448371616349,14.8518263266713
2021-03-19,47844,146,40525,102,7319,44,44417,116,290810,655,335227,771,3,602,3,1351,615,1,"Knox County",470313,141.182574158061,0.148475609756098,163.933380535941,31.0431563660796,14.8475609756098
2021-03-18,47698,68,40423,50,7275,18,44301,66,290155,435,334456,501,2,599,1,1348,614,0,"Knox County",470313,137.142711343297,0.147496206373293,106.524803694561,14.4584563896809,14.7496206373293
2021-03-17,47630,46,40373,36,7257,10,44235,41,289720,358,333955,399,1,597,3,1347,614,2,"Knox County",470313,120.77063572557,0.140992167101828,84.8371191100395,9.7807204989018,14.0992167101828
2021-03-16,47584,128,40337,84,7247,44,44194,100,289362,533,333556,633,0,596,4,1344,612,1,"Knox County",470313,129.275610072441,0.143909174593434,134.591219039236,27.2159179099876,14.3909174593434
2021-03-15,47456,43,40253,28,7203,15,44094,39,288829,208,332923,247,1,596,1,1340,611,1,"Knox County",470313,114.81715368276,0.140241909120628,52.5182165919292,9.14284742288646,14.0241909120628
2021-03-14,47413,59,40225,37,7188,22,44055,46,288621,289,332676,335,0,595,0,1339,610,0,"Knox County",470313,116.730772910806,0.14049060210258,71.2291601550457,12.5448371616349,14.049060210258
2021-03-13,47354,70,40188,33,7166,37,44009,40,288332,468,332341,508,1,595,1,1339,610,2,"Knox County",470313,119.069640856196,0.131997642899234,108.013174205263,14.8837051070245,13.1997642899234
2021-03-12,47284,63,40155,60,7129,3,43969,67,287864,502,331833,569,0,594,1,1338,608,2,"Knox County",470313,101.421819086438,0.125,120.983260084242,13.395334596322,12.5
2021-03-11,47221,80,40095,53,7126,27,43902,64,287362,446,331264,510,2,594,0,1337,606,1,"Knox County",470313,103.9733113905,0.124023742580444,108.438422922607,17.0099486937423,12.4023742580444
2021-03-10,47141,94,40042,71,7099,23,43838,81,286916,705,330754,786,2,592,0,1337,605,0,"Knox County",470313,114.179280606745,0.121794871794872,167.122745916018,19.9866897151471,12.1794871794872
2021-03-09,47047,80,39971,50,7076,30,43757,55,286211,417,329968,472,0,590,2,1337,605,5,"Knox County",470313,103.9733113905,0.114385760140064,100.358697293079,17.0099486937423,11.4385760140064
2021-03-08,46967,84,39921,57,7046,27,43702,62,285794,290,329496,352,1,590,0,1335,600,2,"Knox County",470313,112.690910096042,0.117497168742922,74.8437742524659,17.8604461284294,11.7497168742922
2021-03-07,46883,62,39864,39,7019,23,43640,40,285504,204,329144,244,0,589,0,1335,598,0,"Knox County",470313,113.328783172058,0.118860796280151,51.8803435159139,13.1827102376502,11.8860796280151
2021-03-06,46821,122,39825,85,6996,37,43600,94,285300,639,328900,733,0,589,1,1335,598,0,"Knox County",470313,124.38524982299,0.126295690125477,155.853654906413,25.9401717579569,12.6295690125477
2021-03-05,46699,69,39740,43,6959,26,43506,48,284661,347,328167,395,2,589,2,1334,598,2,"Knox County",470313,125.660995975021,0.127147766323024,83.9866216753524,14.6710807483527,12.7147766323024
2021-03-04,46630,112,39697,85,6933,27,43458,99,284314,774,327772,873,5,587,2,1332,596,2,"Knox County",470313,132.464975452518,0.124254215304799,185.621065120462,23.8139281712392,12.4254215304799
2021-03-03,46518,70,39612,29,6906,41,43359,36,283540,351,326899,387,1,582,4,1330,594,1,"Knox County",470313,127.361990844395,0.125578703703704,82.2856268059781,14.8837051070245,12.5578703703704
2021-03-02,46448,133,39583,91,6865,42,43323,99,283189,622,326512,721,-1,581,2,1326,593,5,"Knox County",470313,138.631081853999,0.129014844804318,153.302162602352,28.2790397033465,12.9014844804318
2021-03-01,46315,56,39492,30,6823,26,43224,33,282567,101,325791,134,1,582,1,1324,588,0,"Knox County",470313,132.67759981119,0.128763980498996,28.4916640620183,11.9069640856196,12.8763980498996
2021-02-28,46259,77,39462,53,6797,24,43191,63,282466,424,325657,487,2,581,2,1323,588,1,"Knox County",470313,135.866965191266,0.126541554959786,103.548062673156,16.3720756177269,12.6541554959786
2021-02-27,46182,82,39409,47,6773,35,43128,59,282042,476,325170,535,1,579,3,1321,587,1,"Knox County",470313,127.361990844395,0.123725934314836,113.754031889401,17.4351974110858,12.3725934314836
2021-02-26,46100,105,39362,69,6738,36,43069,80,281566,360,324635,440,5,578,2,1318,586,0,"Knox County",470313,135.016467756579,0.131115459882583,93.5547178155824,22.3255576605367,13.1115459882583
2021-02-25,45995,131,39293,92,6702,39,42989,98,281206,738,324195,836,2,573,5,1316,586,1,"Knox County",470313,139.056330571343,0.132203389830508,177.753963849607,27.8537909860029,13.2203389830508
2021-02-24,45864,100,39201,70,6663,30,42891,78,280468,691,323359,769,2,571,2,1311,585,1,"Knox County",470313,145.435061331496,0.130035696073432,163.508131818597,21.2624358671778,13.0035696073432
2021-02-23,45764,115,39131,61,6633,54,42813,68,279777,538,322590,606,5,569,7,1309,584,2,"Knox County",470313,141.607822875404,0.12582085631731,128.850361355098,24.4518012472545,12.582085631731
2021-02-22,45649,60,39070,31,6579,29,42745,37,279239,222,321984,259,3,564,3,1302,582,2,"Knox County",470313,142.458320310091,0.122838250254324,55.0697088959905,12.7574615203067,12.2838250254323
2021-02-21,45589,82,39039,41,6550,41,42708,45,279017,367,321725,412,2,561,3,1299,580,3,"Knox County",470313,143.52144210345,0.120560020741509,87.6012357727726,17.4351974110858,12.0560020741509
2021-02-20,45507,137,38998,98,6509,39,42663,115,278650,751,321313,866,1,559,2,1296,577,1,"Knox County",470313,155.215781830398,0.12440305635148,184.13269460976,29.1295371380336,12.440305635148
2021-02-19,45370,93,38900,41,6470,52,42548,46,277899,179,320447,225,1,558,2,1294,576,2,"Knox County",470313,152.664289526337,0.122577397432671,47.8404807011501,19.7740653564754,12.2577397432671
2021-02-18,45277,147,38859,104,6418,43,42502,113,277720,686,320222,799,4,557,6,1292,574,6,"Knox County",470313,156.066279265085,0.127540650406504,169.886862578751,31.2557807247514,12.7540650406504
2021-02-17,45130,113,38755,68,6375,45,42389,76,277034,629,319423,705,1,553,5,1286,568,3,"Knox County",470313,158.830395927818,0.129132231404959,149.900172863604,24.0265525299109,12.9132231404959
2021-02-16,45017,145,38687,90,6330,55,42313,102,276405,538,318718,640,2,552,4,1281,565,0,"Knox County",470313,165.209126687972,0.136712749615975,136.079589549938,30.8305320074078,13.6712749615975
2021-02-15,44872,73,38597,34,6275,39,42211,43,275867,223,318078,266,2,550,1,1277,565,1,"Knox County",470313,167.973243350705,0.138001533350371,56.558079406693,15.5215781830398,13.8001533350371
2021-02-14,44799,162,38563,132,6236,30,42168,134,275644,540,317812,674,2,548,7,1276,564,1,"Knox County",470313,184.983192044447,0.150658682634731,143.308817744778,34.4451461048281,15.0658682634731
2021-02-13,44637,133,38431,89,6206,44,42034,105,275104,629,317138,734,4,546,7,1269,563,4,"Knox County",470313,184.13269460976,0.153104130596092,156.066279265085,28.2790397033465,15.3104130596092
2021-02-12,44504,174,38342,109,6162,65,41929,119,274475,702,316404,821,3,542,3,1262,559,1,"Knox County",470313,201.355267662174,0.149170079758569,174.56459846953,36.9966384088894,14.9170079758569
2021-02-11,44330,162,38233,112,6097,50,41810,117,273773,870,315583,987,5,539,5,1259,558,2,"Knox County",470313,204.544633042251,0.144188937228092,209.860242009045,34.4451461048281,14.4188937228092
2021-02-10,44168,147,38121,105,6047,42,41693,111,272903,640,314596,751,7,534,6,1254,556,2,"Knox County",470313,211.773861237091,0.150010260619741,159.680893362505,31.2557807247514,15.0010260619741
2021-02-09,44021,204,38016,149,6005,55,41582,160,272263,755,313845,915,0,527,6,1248,554,5,"Knox County",470313,224.318698398726,0.153263403263403,194.551288184677,43.3753691690427,15.3263403263403
2021-02-08,43817,103,37867,68,5950,35,41422,71,271508,282,312930,353,4,527,2,1242,549,3,"Knox County",470313,230.697429158879,0.156064947468959,75.0563986111377,21.9003089431931,15.6064947468959
2021-02-07,43714,109,37799,76,5915,33,41351,83,271226,523,312577,606,1,523,2,1240,546,1,"Knox County",470313,219.428338149275,0.148248500096768,128.850361355098,23.1760550952238,14.8248500096768
2021-02-06,43605,299,37723,173,5882,126,41268,194,270703,1028,311971,1222,2,522,6,1238,545,4,"Knox County",470313,254.72398168879,0.151193633952255,259.826966296913,63.5746832428617,15.1193633952255
2021-02-05,43306,173,37550,128,5756,45,41074,142,269675,489,310749,631,8,520,6,1232,541,3,"Knox County",470313,254.511357330118,0.160658737419945,134.165970321892,36.7840140502176,16.0658737419945
2021-02-04,43133,198,37422,148,5711,50,40932,158,269186,1156,310118,1314,2,512,7,1226,538,8,"Knox County",470313,262.165834242302,0.158667127071823,279.388407294717,42.0996230170121,15.8667127071823
2021-02-03,42935,228,37274,164,5661,64,40774,170,268030,1139,308804,1309,5,510,7,1219,530,0,"Knox County",470313,279.388407294717,0.154015748031496,278.325285501358,48.4783537771654,15.4015748031496
2021-02-02,42707,89,37110,68,5597,21,40604,76,266891,217,307495,293,7,505,1,1212,530,2,"Knox County",470313,254.936606047462,0.156075418994413,62.298937090831,18.9235679217883,15.6075418994413
2021-02-01,42618,152,37042,83,5576,69,40528,97,266674,311,307202,408,4,498,2,1211,528,3,"Knox County",470313,265.355199622379,0.159086979076604,86.7507383380855,32.3189025181103,15.9086979076604
2021-01-31,42466,173,36959,119,5507,54,40431,127,266363,675,306794,802,7,494,4,1209,525,2,"Knox County",470313,278.963158577373,0.161230975079445,170.524735654766,36.7840140502176,16.1230975079445
2021-01-30,42293,275,36840,233,5453,42,40304,251,265688,1033,305992,1284,7,487,9,1205,523,6,"Knox County",470313,273.86017396925,0.169011753021023,273.009676534563,58.471698634739,16.9011753021023
2021-01-29,42018,101,36607,52,5411,49,40053,62,264655,254,304708,316,4,480,1,1196,517,5,"Knox County",470313,258.551220144882,0.164338106880894,67.1892973402819,21.4750602258496,16.4338106880894
2021-01-28,41917,156,36555,116,5362,40,39991,126,264401,485,304392,611,9,476,6,1195,512,4,"Knox County",470313,249.620997080668,0.180967549273343,129.913483148456,33.1693999527974,18.0967549273343
2021-01-27,41761,169,36439,124,5322,45,39865,125,263916,587,303781,712,12,467,3,1189,508,4,"Knox County",470313,237.076159919033,0.195210122006326,151.388543374306,35.9335166155305,19.5210122006326
2021-01-26,41592,230,36315,169,5277,61,39740,191,263329,717,303069,908,3,455,8,1186,504,8,"Knox County",470313,267.056194491753,0.1942074985122,193.062917673975,48.903602494509,19.42074985122
2021-01-25,41362,157,36146,106,5216,51,39549,115,262612,299,302161,414,9,452,1,1178,496,4,"Knox County",470313,268.119316285112,0.197543094907866,88.0264844901162,33.3820243114692,19.7543094907866
2021-01-24,41205,152,36040,101,5165,51,39434,109,262313,574,301747,683,4,443,2,1177,492,5,"Knox County",470313,263.654204753005,0.198660714285714,145.222436972824,32.3189025181103,19.8660714285714
2021-01-23,41053,307,35939,220,5114,87,39325,231,261739,1068,301064,1299,7,439,7,1175,487,4,"Knox County",470313,270.458184230502,0.19401173376492,276.19904191464,65.2756781122359,19.401173376492
2021-01-22,40746,178,35719,142,5027,36,39094,175,260671,776,299765,951,3,432,9,1168,483,8,"Knox County",470313,286.830259848229,0.192183578343492,202.205765096861,37.8471358435765,19.2183578343492
2021-01-21,40568,257,35577,187,4991,70,38919,199,259895,805,298814,1004,11,429,5,1159,475,5,"Knox County",470313,308.305320074078,0.19176017417518,213.474856106465,54.644460178647,19.176017417518
2021-01-20,40311,193,35390,132,4921,61,38720,131,259090,513,297810,644,10,418,9,1154,470,10,"Knox County",470313,313.408304682201,0.194985600542097,136.930086984625,41.0365012236532,19.4985600542097
2021-01-19,40118,310,35258,195,4860,115,38589,218,258577,712,297166,930,8,408,15,1145,460,4,"Knox County",470313,330.418253375943,0.198818565400844,197.740653564754,65.9135511882512,19.8818565400844
2021-01-18,39808,128,35063,79,4745,49,38371,85,257865,321,296236,406,7,400,4,1130,456,9,"Knox County",470313,324.252146974462,0.194017238465439,86.3254896207419,27.2159179099876,19.4017238465439
2021-01-17,39680,180,34984,137,4696,43,38286,150,257544,505,295830,655,3,393,8,1126,447,6,"Knox County",470313,330.205629017271,0.201901850908473,139.268954930015,38.2723845609201,20.1901850908473
2021-01-16,39500,418,34847,338,4653,80,38136,386,257039,1252,295175,1638,1,390,9,1118,441,8,"Knox County",470313,353.806932829839,0.215799614643545,348.278699504373,88.8769819248033,21.5799614643545
2021-01-15,39082,187,34509,149,4573,38,37750,153,255787,532,293537,685,0,389,4,1109,433,10,"Knox County",470313,355.720552057885,0.221737671922174,145.647685690168,39.7607550716225,22.1737671922174
2021-01-14,38895,334,34360,264,4535,70,37597,288,255255,1079,292852,1367,6,389,8,1105,423,7,"Knox County",470313,372.092627675612,0.223083003952569,290.657498304321,71.0165357963739,22.3083003952569
2021-01-13,38561,243,34096,195,4465,48,37309,201,254176,644,291485,845,12,383,6,1097,416,2,"Knox County",470313,382.723845609201,0.226938400245173,179.667583077653,51.6677191572421,22.6938400245173
2021-01-12,38318,330,33901,259,4417,71,37108,281,253532,834,290640,1115,10,371,6,1091,414,5,"Knox County",470313,386.976332782636,0.230070034272091,237.076159919033,70.1660383616868,23.0070034272091
2021-01-11,37988,243,33642,196,4346,47,36827,228,252698,516,289525,744,4,361,6,1085,409,6,"Knox County",470313,411.428134029891,0.239324726911619,158.192522851803,51.6677191572421,23.9324726911619
2021-01-10,37745,324,33446,203,4299,121,36599,220,252182,739,288781,959,5,357,17,1079,403,6,"Knox County",470313,442.046041678627,0.238950088399293,203.906759966235,68.8902922096561,23.8950088399293
2021-01-09,37421,467,33243,386,4178,81,36379,421,251443,977,287822,1398,5,352,11,1062,397,2,"Knox County",470313,452.464635253544,0.251933080275552,297.248853423146,99.2955754997204,25.1933080275552
2021-01-08,36954,453,32857,365,4097,88,35958,387,250466,1043,286424,1430,7,347,6,1051,395,8,"Knox County",470313,509.022714660237,0.257826418936116,304.052832900643,96.3188344783155,25.7826418936116
2021-01-07,36501,379,32492,337,4009,42,35571,348,249423,868,284994,1216,10,340,10,1045,387,3,"Knox County",470313,518.590810800467,0.270663033605813,258.551220144882,80.5846319366039,27.0663033605813
2021-01-06,36122,487,32155,357,3967,130,35223,374,248555,805,283778,1179,9,330,15,1035,384,9,"Knox County",470313,570.471154316381,0.280935207063798,250.684118874026,103.548062673156,28.0935207063798
2021-01-05,35635,513,31798,322,3837,191,34849,341,247750,850,282599,1191,14,321,15,1020,375,6,"Knox County",470313,609.381411953316,0.285696685967722,253.235611178088,109.076295998622,28.5696685967722
2021-01-04,35122,321,31476,228,3646,93,34508,249,246900,465,281408,714,6,307,6,1005,369,8,"Knox County",470313,625.966111929715,0.289353283046865,151.81379209165,68.2524191336408,28.9353283046865
2021-01-03,34801,283,31248,182,3553,101,34259,195,246435,459,280694,654,2,301,9,999,361,9,"Knox County",470313,617.248513224172,0.297481367257774,139.056330571343,60.1726935041132,29.7481367257774
2021-01-02,34518,420,31066,318,3452,102,34064,342,245976,759,280040,1101,0,299,24,990,352,4,"Knox County",470313,607.255168366598,0.29873079492318,234.099418897628,89.3022306421468,29.873079492318
2021-01-01,34098,416,30748,346,3350,70,33722,373,245217,986,278939,1359,2,299,9,966,348,6,"Knox County",470313,599.388067095743,0.299703264094956,288.956503434947,88.4517332074597,29.9703264094956
2020-12-31,33682,449,30402,312,3280,137,33349,322,244231,929,277580,1251,12,297,8,957,342,3,"Knox County",470313,614.271772202767,0.294804671768023,265.993072698394,95.4683370436284,29.4804671768023
2020-12-30,33233,363,30090,248,3143,115,33027,271,243302,931,276329,1202,6,285,9,949,339,4,"Knox County",470313,587.906351727467,0.280112419700214,255.574479123477,77.1826421978555,28.0112419700214
2020-12-29,32870,590,29842,398,3028,192,32756,420,242371,1081,275127,1501,7,279,14,940,335,8,"Knox County",470313,604.278427345194,0.279105628373169,319.149162366339,125.448371616349,27.9105628373169
2020-12-28,32280,252,29444,174,2836,78,32336,185,241290,565,273626,750,4,272,4,926,327,5,"Knox County",470313,589.607346596841,0.269634177539013,159.468269003834,53.5813383852881,26.9634177539013
2020-12-27,32028,230,29270,156,2758,74,32151,172,240725,489,272876,661,3,268,8,922,322,7,"Knox County",470313,578.338255587237,0.266453674121406,140.544701082045,48.903602494509,26.6453674121406
2020-12-26,31798,359,29114,289,2684,70,31979,329,240236,1063,272215,1392,0,265,10,914,315,6,"Knox County",470313,565.368169708258,0.255298176441597,295.973107271115,76.3321447631684,25.5298176441597
2020-12-25,31439,353,28825,287,2614,66,31650,308,239173,1070,270823,1378,1,265,5,904,309,7,"Knox County",470313,551.972835111936,0.246711739397664,292.99636624971,75.0563986111377,24.6711739397664
2020-12-24,31086,351,28538,277,2548,74,31342,311,238103,1273,269445,1584,5,264,8,899,302,7,"Knox County",470313,531.135647962102,0.235710911667454,336.796984136097,74.6311498937941,23.5710911667454
2020-12-23,30735,472,28261,351,2474,121,31031,371,236830,1411,267861,1782,6,259,9,891,295,6,"Knox County",470313,554.311703057326,0.231653404067197,378.896607153109,100.358697293079,23.1653404067197
2020-12-22,30263,530,27910,392,2353,138,30660,432,235419,1470,266079,1902,7,253,15,882,289,6,"Knox County",470313,541.554241537019,0.223092390729178,404.411530193722,112.690910096042,22.3092390729178
2020-12-21,29733,442,27518,361,2215,81,30228,391,233949,1422,264177,1813,2,246,5,867,283,3,"Knox County",470313,581.952869684657,0.220129375951294,385.487962271934,93.9799665329259,22.0129375951294
2020-12-20,29291,514,27157,431,2134,83,29837,478,232527,2245,262364,2723,2,244,7,862,280,6,"Knox County",470313,642.338187547442,0.208366470494672,578.976128663252,109.288920357294,20.8366470494672
2020-12-19,28777,525,26726,441,2051,84,29359,489,230282,1445,259641,1934,6,242,14,855,274,7,"Knox County",470313,677.633831086957,0.211954864287893,411.215509671219,111.627788302684,21.1954864287893
2020-12-18,28252,480,26285,420,1967,60,28870,430,228837,1358,257707,1788,4,236,11,841,267,6,"Knox County",470313,704.637124638273,0.214549756025432,380.172353305139,102.059692162454,21.4549756025433
2020-12-17,27772,733,25865,635,1907,98,28440,663,227479,1898,255919,2561,11,232,11,830,261,4,"Knox County",470313,785.859629650892,0.224367372267807,544.530982558424,155.853654906413,22.4367372267807
2020-12-16,27039,564,25230,453,1809,111,27777,472,225581,1729,253358,2201,8,221,11,819,257,4,"Knox County",470313,805.421070648696,0.224835812893714,467.986213436584,119.920138290883,22.4835812893714
2020-12-15,26475,765,24777,675,1698,90,27305,716,223852,2415,251157,3131,2,213,15,808,253,8,"Knox County",470313,855.387794936564,0.225311126246053,665.726867001337,162.65763438391,22.5311126246053
2020-12-14,25710,472,24102,411,1608,61,26589,461,221437,1624,248026,2085,6,211,7,793,245,8,"Knox County",470313,861.766525696717,0.225841807221579,443.321787830657,100.358697293079,22.584180722158
2020-12-13,25238,628,23691,572,1547,56,26128,754,219813,2935,245941,3689,2,205,10,786,237,6,"Knox County",470313,886.0057025853,0.229167864742078,784.37125914019,133.528097245877,22.9167864742078
2020-12-12,24610,464,23119,392,1491,72,25374,454,216878,2171,242252,2625,3,203,19,776,231,4,"Knox County",470313,873.035616706321,0.218473451327434,558.138941513418,98.6577024237051,21.8473451327434
2020-12-11,24146,557,22727,523,1419,34,24920,429,214707,1406,239627,1835,6,200,10,757,227,2,"Knox County",470313,889.407692324048,0.21785182324709,390.165698162713,118.43176778018,21.785182324709
2020-12-10,23589,473,22204,415,1385,58,24491,538,213301,1910,237792,2448,8,194,9,747,225,10,"Knox County",470313,834.125359069386,0.212279338292439,520.504430028513,100.571321651751,21.2279338292439
2020-12-09,23116,407,21789,337,1327,70,23953,359,211391,924,235344,1283,2,186,13,738,215,3,"Knox County",470313,800.743334757917,0.217068320074871,272.797052175891,86.5381139794137,21.7068320074871
2020-12-08,22709,491,21452,446,1257,45,23594,538,210467,2077,234061,2615,9,184,10,725,212,2,"Knox County",470313,742.484260481849,0.213088057901086,556.0126979267,104.398560107843,21.3088057901086
2020-12-07,22218,323,21006,271,1212,52,23056,317,208390,1135,231446,1452,3,175,6,715,210,3,"Knox County",470313,710.803231039754,0.212516460776322,308.730568791422,68.6776678509843,21.2516460776322
2020-12-06,21895,332,20735,291,1160,41,22739,187,207255,668,229994,855,6,172,6,709,207,4,"Knox County",470313,647.866420872908,0.215206283840464,181.79382666437,70.5912870790304,21.5206283840464
2020-12-05,21563,289,20444,263,1119,26,22552,213,206587,714,229139,927,2,166,8,703,203,2,"Knox County",470313,610.657158105347,0.22610600087604,197.102780488738,61.4484396561439,22.610600087604
2020-12-04,21274,354,20181,322,1093,32,22339,297,205873,1091,228212,1388,5,164,11,695,201,5,"Knox County",470313,567.494413294976,0.223285922684172,295.122609836428,75.2690229698095,22.3285922684172
2020-12-03,20920,441,19859,424,1061,17,22042,448,204782,1215,226824,1663,2,159,10,684,196,2,"Knox County",470313,560.690433817479,0.231660610821958,353.594308471167,93.7673421742542,23.1660610821958
2020-12-02,20479,192,19435,170,1044,22,21594,185,203567,575,225161,760,2,157,7,674,194,5,"Knox County",470313,514.976196703047,0.226190476190476,161.594512590551,40.8238768649814,22.6190476190476
2020-12-01,20287,403,19265,380,1022,23,21409,409,202992,1832,224401,2241,5,155,7,667,189,3,"Knox County",470313,496.26525313993,0.221408572043937,476.491187783455,85.6876165447266,22.1408572043937
2020-11-30,19884,385,18885,371,999,14,21000,436,201160,1815,222160,2251,1,150,3,660,186,3,"Knox County",470313,509.44796337758,0.215666831928607,478.617431370173,81.8603780886346,21.5666831928607
2020-11-29,19499,226,18514,218,985,8,20564,260,199345,1464,219909,1724,0,149,5,657,183,6,"Knox County",470313,486.909781358372,0.205221836771955,366.564394350146,48.0531050598219,20.5221836771955
2020-11-28,19273,270,18296,256,977,14,20304,299,197881,1967,218185,2266,0,149,8,652,177,4,"Knox County",470313,482.869918543608,0.189864150329456,481.806796750249,57.4085768413801,18.9864150329456
2020-11-27,19003,235,18040,215,963,20,20005,249,195914,1247,215919,1496,3,149,12,644,173,3,"Knox County",470313,457.567619861667,0.184339972582856,318.08604057298,49.9667242878679,18.4339972582856
2020-11-26,18768,344,17825,341,943,3,19756,441,194667,1429,214423,1870,4,146,5,632,170,6,"Knox County",470313,436.943057070504,0.180758248730964,397.607550716225,73.1427793830917,18.0758248730964
2020-11-25,18424,219,17484,193,940,26,19315,123,193238,325,212553,448,0,142,3,627,164,2,"Knox County",470313,442.683914754642,0.18030253741054,95.2557126849566,46.5647345491194,18.030253741054
2020-11-24,18205,153,17291,130,914,23,19192,116,192913,673,212105,789,2,142,6,624,162,2,"Knox County",470313,389.527825086698,0.177425304315751,167.760618992033,32.5315268767821,17.7425304315751
2020-11-23,18052,167,17161,147,891,20,19076,100,192240,391,211316,491,3,140,7,618,160,7,"Knox County",470313,343.17571489625,0.174812857771907,104.398560107843,35.508267898187,17.4812857771907
2020-11-22,17885,220,17014,212,871,8,18976,258,191849,1804,210825,2062,2,137,5,611,153,2,"Knox County",470313,341.899968744219,0.168329441732116,438.431427581207,46.7773589077912,16.8329441732116
2020-11-21,17665,173,16802,169,863,4,18718,198,190045,1465,208763,1663,0,135,4,606,151,2,"Knox County",470313,321.275405953057,0.168386438371697,353.594308471167,36.7840140502176,16.8386438371697
2020-11-20,17492,178,16633,169,859,9,18520,163,188580,791,207100,954,7,135,5,602,149,4,"Knox County",470313,309.155817508765,0.169022592726833,202.843638172876,37.8471358435765,16.9022592726833
2020-11-19,17314,166,16464,148,850,18,18357,128,187789,663,206146,791,2,128,4,597,145,5,"Knox County",470313,271.308681665189,0.15087524312309,168.185867709377,35.2956435395152,15.087524312309
2020-11-18,17148,168,16316,163,832,5,18229,179,187126,874,205355,1053,0,126,7,593,140,2,"Knox County",470313,260.464839372928,0.146353966423171,223.893449681382,35.7208922568587,14.6353966423171
2020-11-17,16980,248,16153,240,827,8,18050,260,186252,1033,204302,1293,9,126,7,586,138,1,"Knox County",470313,280.664153446747,0.154809197062718,274.923295762609,52.730840950601,15.4809197062718
2020-11-16,16732,272,15913,261,819,11,17790,286,185219,1409,203009,1695,2,117,6,579,137,2,"Knox County",470313,302.989711107284,0.154768163179476,360.398287948664,57.8338255587237,15.4768163179476
2020-11-15,16460,274,15652,247,808,27,17504,295,183810,2278,201314,2573,2,115,3,573,135,4,"Knox County",470313,314.47142647556,0.150568748752744,547.082474862485,58.2590742760672,15.0568748752744
2020-11-14,16186,306,15405,293,781,13,17209,321,181532,1699,198741,2020,0,113,7,570,131,3,"Knox County",470313,342.750466178906,0.157240581944311,429.501204516992,65.0630537535641,15.7240581944311
2020-11-13,15880,219,15112,200,768,19,16888,190,179833,965,196721,1155,4,113,6,563,128,1,"Knox County",470313,351.468064884449,0.156805293005671,245.581134265904,46.5647345491194,15.6805293005671
2020-11-12,15661,143,14912,130,749,13,16698,136,178868,955,195566,1091,1,109,3,557,127,2,"Knox County",470313,346.577704634998,0.153216911764706,231.97317531091,30.4052832900643,15.3216911764706
2020-11-11,15518,191,14782,177,736,14,16562,191,177913,1229,194475,1420,3,108,7,554,125,2,"Knox County",470313,351.468064884449,0.149284253578732,301.926589313925,40.6112525063096,14.9284253578732
2020-11-10,15327,168,14605,163,722,5,16371,186,176684,1131,193055,1317,2,105,4,547,123,2,"Knox County",470313,334.458116190707,0.142400851743412,280.026280370732,35.7208922568587,14.2400851743412
2020-11-09,15159,135,14442,121,717,14,16185,131,175553,490,191738,621,1,103,2,543,121,2,"Knox County",470313,305.328579052673,0.142198685888006,132.039726735174,28.70428842069,14.2198685888006
2020-11-08,15024,215,14321,203,703,12,16054,252,175063,2624,191117,2876,1,102,3,541,119,5,"Knox County",470313,292.783741891039,0.134,611.507655540034,45.7142371144323,13.4
2020-11-07,14809,169,14118,161,691,8,15802,187,172439,1918,188241,2105,1,101,5,538,114,0,"Knox County",470313,263.654204753005,0.120264525271611,447.574275004093,35.9335166155305,12.0264525271611
2020-11-06,14640,155,13957,138,683,17,15615,160,170521,1235,186136,1395,0,100,5,533,114,3,"Knox County",470313,250.046245798011,0.114826789838337,296.61098034713,32.9567755941256,11.4826789838337
2020-11-05,14485,158,13819,142,666,16,15455,151,169286,613,184741,764,1,100,6,528,111,1,"Knox County",470313,253.235611178088,0.119832349018861,162.445010025239,33.594648670141,11.9832349018861
2020-11-04,14327,145,13677,133,650,12,15304,148,168673,934,183977,1082,-1,99,5,522,110,2,"Knox County",470313,243.454890679186,0.119586614173228,230.059556082864,30.8305320074078,11.9586614173228
2020-11-03,14182,196,13544,183,638,13,15156,195,167739,837,182895,1032,3,100,5,517,108,1,"Knox County",470313,249.408372721996,0.123949367088608,219.428338149275,41.6743742996685,12.3949367088608
2020-11-02,13986,116,13361,110,625,6,14961,115,166902,806,181863,921,1,97,2,512,107,2,"Knox County",470313,245.368509907232,0.118722358722359,195.827034336708,24.6644256059263,11.8722358722359
2020-11-01,13870,124,13251,116,619,8,14846,131,166096,1273,180942,1404,0,96,3,510,105,2,"Knox County",470313,226.0196932681,0.124899459956337,298.524599575177,26.3654204753005,12.4899459956337
2020-10-31,13746,5,13135,5,611,0,14715,7,164823,4,179538,11,0,96,0,507,103,1,"Knox County",470313,191.149298445929,0.137237100922984,2.33886794538956,1.06312179335889,13.7237100922984
2020-10-30,13741,156,13130,146,611,10,14708,148,164819,854,179527,1002,1,96,4,507,102,0,"Knox County",470313,191.3619228046,0.143983268983269,213.049607389122,33.1693999527974,14.3983268983269
2020-10-29,13585,152,12984,138,601,14,14560,136,163965,1569,178525,1705,0,95,4,503,102,1,"Knox County",470313,190.08617665257,0.122956546038843,362.524531535382,32.3189025181103,12.2956546038843
2020-10-28,13433,103,12846,96,587,7,14424,102,162396,1055,176820,1157,3,95,8,499,101,1,"Knox County",470313,181.155953588355,0.115320796460177,246.006382983247,21.9003089431931,11.5320796460177
2020-10-27,13330,119,12750,113,580,6,14322,127,161341,799,175663,926,1,92,3,491,100,2,"Knox County",470313,164.783877970628,0.107493685096829,196.890156130067,25.3022986819416,10.7493685096829
2020-10-26,13211,81,12637,74,574,7,14195,73,160542,372,174737,445,2,91,2,488,98,0,"Knox County",470313,157.342025417116,0.108872180451128,94.6178396089413,17.222573052414,10.8872180451128
2020-10-25,13130,132,12563,121,567,11,14122,151,160170,1365,174292,1516,0,89,3,486,98,1,"Knox County",470313,159.04302028649,0.11002661934339,322.338527746416,28.0664153446747,11.002661934339
2020-10-24,12998,172,12442,167,556,5,13971,202,158805,1788,172776,1990,0,89,5,483,97,1,"Knox County",470313,194.551288184677,0.107424779773481,423.122473756839,36.5713896915458,10.7424779773481
2020-10-23,12826,159,12275,148,551,11,13769,172,157017,1239,170786,1411,1,89,5,478,96,0,"Knox County",470313,195.189161260692,0.105245901639344,300.012970085879,33.8072730288127,10.5245901639344
2020-10-22,12667,182,12127,168,540,14,13597,169,155778,1607,169375,1776,1,88,5,473,96,0,"Knox County",470313,201.567892020846,0.108014315150201,377.620861001078,38.6976332782636,10.8014315150201
2020-10-21,12485,72,11959,68,526,4,13428,74,154171,682,167599,756,0,87,1,468,96,1,"Knox County",470313,194.976536902021,0.109750566893424,160.744015155864,15.308953824368,10.9750566893424
2020-10-20,12413,127,11891,121,522,6,13354,150,153489,739,166843,889,0,87,7,467,95,1,"Knox County",470313,196.677531771395,0.112831606512581,189.023054859211,27.0032935513158,11.2831606512581
2020-10-19,12286,112,11770,107,516,5,13204,117,152750,939,165954,1056,1,87,6,460,94,0,"Knox County",470313,203.26888689022,0.110176708537364,224.531322757398,23.8139281712392,11.0176708537364
2020-10-18,12174,140,11663,135,511,5,13087,168,151811,1431,164898,1599,0,86,7,454,94,1,"Knox County",470313,204.969881759594,0.111005592487074,339.986349516173,29.7674102140489,11.1005592487074
2020-10-17,12034,128,11528,125,506,3,12919,154,150380,1458,163299,1612,1,86,3,447,93,1,"Knox County",470313,195.614409978036,0.110341795801736,342.750466178906,27.2159179099876,11.0341795801736
2020-10-16,11906,72,11403,71,503,1,12765,61,148922,390,161687,451,1,85,3,444,92,2,"Knox County",470313,177.116090773591,0.109718638653397,95.893585760972,15.308953824368,10.9718638653397
2020-10-15,11834,74,11332,62,502,12,12704,66,148532,941,161236,1007,1,84,3,441,90,2,"Knox County",470313,154.152660037039,0.10719131614654,214.112729182481,15.7342025417116,10.719131614654
2020-10-14,11760,149,11270,143,490,6,12638,150,147591,1086,160229,1236,0,83,5,438,88,0,"Knox County",470313,170.524735654766,0.11031847133758,262.803707318318,31.6810294420949,11.031847133758
2020-10-13,11611,71,11127,68,484,3,12488,63,146505,581,158993,644,1,83,6,433,88,1,"Knox County",470313,158.617771569146,0.102432610124918,136.930086984625,15.0963294656962,10.2432610124918
2020-10-12,11540,79,11059,66,481,13,12425,87,145924,806,158349,893,0,82,5,427,87,2,"Knox County",470313,151.601167732978,0.100644987906477,189.873552293898,16.7973243350705,10.0644987906477
2020-10-11,11461,170,10993,163,468,7,12338,179,145118,1612,157456,1791,0,82,8,422,85,0,"Knox County",470313,157.979898493131,0.0995546240503013,380.810226381155,36.1461409742023,9.95546240503013
2020-10-10,11291,130,10830,122,461,8,12159,132,143506,1393,155665,1525,0,82,3,414,85,0,"Knox County",470313,158.405147210475,0.0977872002120048,324.252146974462,27.6411666273312,9.77872002120048
2020-10-09,11161,120,10708,118,453,2,12027,134,142113,1336,154140,1470,0,82,3,411,85,0,"Knox County",470313,168.61111642672,0.0946766285314032,312.557807247514,25.5149230406134,9.46766285314032
2020-10-08,11041,110,10590,102,451,8,11893,103,140777,943,152670,1046,1,82,4,408,85,0,"Knox County",470313,176.265593338904,0.0985473561882626,222.40507917068,23.3886794538956,9.85473561882626
2020-10-07,10931,104,10488,88,443,16,11790,95,139834,1649,151624,1744,0,81,5,404,85,1,"Knox County",470313,166.697497198674,0.087018544935806,370.816881523581,22.1129333018649,8.7018544935806
2020-10-06,10827,115,10400,102,427,13,11695,114,138185,1392,149880,1506,0,81,4,399,84,0,"Knox County",470313,176.052968980232,0.0846115288220551,320.212284159698,24.4518012472545,8.46115288220551
2020-10-05,10712,118,10298,109,414,9,11581,123,136793,1238,148374,1361,0,81,5,395,84,2,"Knox County",470313,184.345318968432,0.0842669730920234,289.38175215229,25.0896743232698,8.42669730920234
2020-10-04,10594,96,10189,89,405,7,11458,99,135555,1827,147013,1926,1,81,2,390,82,0,"Knox County",470313,168.61111642672,0.0756286632633768,409.514514801845,20.4119384324907,7.56286632633768
2020-10-03,10498,77,10100,76,398,1,11359,92,133728,1864,145087,1956,0,80,2,388,82,0,"Knox County",470313,157.342025417116,0.0690344263784177,415.893245561998,16.3720756177269,6.90344263784177
2020-10-02,10421,82,10024,79,397,3,11267,82,131864,602,143131,684,0,80,1,386,82,0,"Knox County",470313,149.262299787588,0.0692556001173824,145.435061331496,17.4351974110858,6.92556001173824
2020-10-01,10339,71,9945,68,394,3,11185,73,131262,683,142447,756,0,80,1,385,82,0,"Knox County",470313,140.969949799389,0.0682573240712776,160.744015155864,15.0963294656962,6.82573240712776
2020-09-30,10268,75,9877,72,391,3,11112,70,130579,675,141691,745,1,80,2,384,82,0,"Knox County",470313,134.803843397907,0.0730915603313186,158.405147210475,15.9468269003834,7.30915603313186
2020-09-29,10193,80,9805,75,388,5,11042,87,129904,1140,140946,1227,-1,79,2,382,82,1,"Knox County",470313,127.361990844395,0.0723281340265742,260.890088090272,17.0099486937423,7.23281340265742
2020-09-28,10113,57,9730,51,383,6,10955,49,128764,431,139719,480,1,80,3,380,81,2,"Knox County",470313,114.391904965417,0.0710059171597633,102.059692162454,12.1195884442914,7.10059171597633
2020-09-27,10056,72,9679,67,377,5,10906,79,128333,978,139239,1057,0,79,3,377,79,0,"Knox County",470313,109.288920357294,0.0770456191165822,224.74394711607,15.308953824368,7.70456191165822
2020-09-26,9984,127,9612,122,372,5,10827,136,127355,2087,138182,2223,4,79,5,374,79,0,"Knox County",470313,119.920138290883,0.0803123257110987,472.663949327363,27.0032935513158,8.03123257110987
2020-09-25,9857,102,9490,100,367,2,10691,103,125268,1439,135959,1542,0,75,1,369,79,3,"Knox County",470313,124.172625464318,0.074346201743462,327.866761071882,21.6876845845214,7.4346201743462
2020-09-24,9755,92,9390,89,365,3,10588,105,123829,1715,134417,1820,0,75,3,368,76,0,"Knox County",470313,128.637736996426,0.0691664833956455,386.976332782636,19.5614409978036,6.91664833956455
2020-09-23,9663,53,9301,52,362,1,10483,49,122114,432,132597,481,2,75,2,365,76,0,"Knox County",470313,123.960001105647,0.0688561721404304,102.272316521125,11.2690910096042,6.88561721404304
2020-09-22,9610,82,9249,75,361,7,10434,88,121682,1141,132116,1229,1,73,3,363,76,0,"Knox County",470313,124.38524982299,0.0689538043478261,261.315336807615,17.4351974110858,6.89538043478261
2020-09-21,9528,34,9174,30,354,4,10346,32,120541,379,130887,411,0,72,2,360,76,0,"Knox County",470313,119.494889573539,0.067556772794705,87.3886114141008,7.22922819484046,6.7556772794705
2020-09-20,9494,97,9144,78,350,19,10314,88,120162,707,130476,795,0,72,1,358,76,2,"Knox County",470313,124.810498540334,0.0706975649923538,169.036365144064,20.6245627911625,7.06975649923538
2020-09-19,9397,132,9066,129,331,3,10226,136,119455,1466,129681,1602,1,72,5,357,74,0,"Knox County",470313,125.873620333693,0.0762690355329949,340.624222592189,28.0664153446747,7.62690355329949
2020-09-18,9265,118,8937,114,328,4,10090,129,117989,1606,128079,1735,3,71,3,352,74,0,"Knox County",470313,129.275610072441,0.0776662950575994,368.903262295535,25.0896743232698,7.76662950575994
2020-09-17,9147,126,8823,119,324,7,9961,124,116383,1516,126344,1640,0,68,6,349,74,2,"Knox County",470313,136.504838267282,0.0818446724946155,348.703948221716,26.790669192644,8.18446724946155
2020-09-16,9021,99,8704,77,317,22,9837,117,114867,768,124704,885,1,68,3,343,72,1,"Knox County",470313,146.285558766183,0.0860552006749428,188.172557424524,21.049811508506,8.60552006749428
2020-09-15,8922,132,8627,126,295,6,9720,136,114099,1338,123819,1474,0,67,3,340,71,0,"Knox County",470313,156.916776699772,0.089206274877078,313.408304682201,28.0664153446747,8.9206274877078
2020-09-14,8790,127,8501,124,289,3,9584,136,112761,901,122345,1037,0,67,5,337,71,0,"Knox County",470313,176.690842056248,0.0944589877835951,220.491459942634,27.0032935513158,9.44589877835951
2020-09-13,8663,143,8377,136,286,7,9448,148,111860,1008,121308,1156,0,67,0,332,71,0,"Knox County",470313,186.471562555149,0.0971770385140099,245.793758624576,30.4052832900643,9.71770385140099
2020-09-12,8520,130,8241,123,279,7,9300,141,110852,1178,120152,1319,1,67,1,332,71,2,"Knox County",470313,186.046313837806,0.100692191217824,280.451529088075,27.6411666273312,10.0692191217824
2020-09-11,8390,103,8118,94,272,9,9159,105,109674,773,118833,878,0,66,5,331,69,2,"Knox County",470313,182.856948457729,0.108117773274526,186.684186913821,21.9003089431931,10.8117773274526
2020-09-10,8287,192,8024,189,263,3,9054,192,108901,1501,117955,1693,0,66,5,326,67,0,"Knox County",470313,196.890156130067,0.115493958777541,359.97303923132,40.8238768649814,11.5493958777541
2020-09-09,8095,91,7835,82,260,9,8862,93,107400,1710,116262,1803,0,66,2,321,67,0,"Knox County",470313,195.189161260692,0.101602564102564,383.361718685216,19.3488166391318,10.1602564102564
2020-09-08,8004,126,7753,124,251,2,8769,133,105690,702,114459,835,1,66,8,319,67,0,"Knox County",470313,193.913415108662,0.108703130374957,177.541339490935,26.790669192644,10.8703130374957
2020-09-07,7878,95,7629,92,249,3,8636,98,104988,347,113624,445,1,65,0,311,67,0,"Knox County",470313,187.109435631165,0.111944888670193,94.6178396089413,20.1993140738189,11.1944888670193
2020-09-06,7783,96,7537,92,246,4,8538,94,104641,476,113179,570,0,64,1,311,67,3,"Knox County",470313,177.116090773591,0.113482699191303,121.195884442914,20.4119384324907,11.3482699191303
2020-09-05,7687,284,7445,282,242,2,8444,295,104165,1506,112609,1801,0,64,4,310,64,0,"Knox County",470313,209.860242009045,0.125856697819315,382.936469967872,60.385317862785,12.5856697819315
2020-09-04,7403,93,7163,89,240,4,8149,97,102659,565,110808,662,1,64,0,306,64,0,"Knox County",470313,207.733998422327,0.12831348444103,140.757325440717,19.7740653564754,12.831348444103
2020-09-03,7310,190,7074,184,236,6,8052,198,102094,1798,110146,1996,2,63,6,306,64,1,"Knox County",470313,207.308749704984,0.124260355029586,424.398219908869,40.3986281476379,12.4260355029586
2020-09-02,7120,124,6890,120,230,4,7854,121,100296,1461,108150,1582,2,61,5,300,63,1,"Knox County",470313,214.325353541152,0.131288810036751,336.371735418753,26.3654204753005,13.1288810036751
2020-09-01,6996,153,6770,146,226,7,7733,158,98835,660,106568,818,2,59,4,295,62,3,"Knox County",470313,220.06621122529,0.134747269494539,173.926725393515,32.5315268767821,13.4747269494539
2020-08-31,6843,99,6624,93,219,6,7575,94,98175,431,105750,525,0,57,3,291,59,0,"Knox County",470313,220.916708659978,0.132889112396279,111.627788302684,21.049811508506,13.2889112396279
2020-08-30,6744,72,6531,71,213,1,7481,76,97744,423,105225,499,1,57,1,288,59,2,"Knox County",470313,215.813724051855,0.131802613218318,106.099554977217,15.308953824368,13.1802613218318
2020-08-29,6672,118,6460,113,212,5,7405,125,97321,1391,104726,1516,5,56,3,287,57,0,"Knox County",470313,180.51808051234,0.114372203211371,322.338527746416,25.0896743232698,11.4372203211371
2020-08-28,6554,89,6347,85,207,4,7280,91,95930,309,103210,400,0,51,3,284,57,0,"Knox County",470313,179.667583077653,0.117639040348964,85.0497434687113,18.9235679217883,11.7639040348964
2020-08-27,6465,116,6262,112,203,4,7189,134,95621,1986,102810,2120,0,51,2,281,57,1,"Knox County",470313,163.933380535941,0.107104557640751,450.76364038417,24.6644256059263,10.7104557640751
2020-08-26,6349,77,6150,76,199,1,7055,86,93635,794,100690,880,0,51,3,279,56,1,"Knox County",470313,153.940035678367,0.113051198579461,187.109435631165,16.3720756177269,11.3051198579461
2020-08-25,6272,87,6074,82,198,5,6969,96,92841,896,99810,992,2,51,3,276,55,0,"Knox County",470313,139.90682800603,0.101269474899019,210.923363802404,18.4983192044447,10.1269474899019
2020-08-24,6185,32,5992,28,193,4,6873,29,91945,261,98818,290,0,49,1,273,55,0,"Knox County",470313,125.660995975021,0.095117216664178,61.6610640148157,6.8039794774969,9.5117216664178
2020-08-23,6153,76,5964,75,189,1,6844,74,91684,565,98528,639,0,49,3,272,55,0,"Knox County",470313,126.511493409708,0.092876992833114,135.866965191266,16.1594512590551,9.28769928331139
2020-08-22,6077,136,5889,135,188,1,6770,153,91119,1892,97889,2045,0,49,4,269,55,0,"Knox County",470313,130.3387318658,0.0900081455335325,434.816813483786,28.9169127793618,9.00081455335325
2020-08-21,5941,30,5754,30,187,0,6617,41,89227,262,95844,303,1,49,1,265,55,0,"Knox County",470313,117.793894704165,0.0843307194937405,64.4251806775488,6.37873076015334,8.43307194937405
2020-08-20,5911,119,5724,117,187,2,6576,130,88965,2068,95541,2198,3,48,3,264,55,0,"Knox County",470313,118.43176778018,0.0828909759085341,467.348340360568,25.3022986819416,8.28909759085341
2020-08-19,5792,46,5607,41,185,5,6446,48,86897,608,93343,656,2,45,4,261,55,0,"Knox County",470313,111.840412661355,0.080162852730591,139.481579288686,9.7807204989018,8.0162852730591
2020-08-18,5746,134,5566,132,180,2,6398,152,86289,1163,92687,1315,0,43,4,257,55,1,"Knox County",470313,121.833757518929,0.0842062852538276,279.601031653388,28.4916640620183,8.42062852538276
2020-08-17,5612,50,5434,42,178,8,6246,50,85126,289,91372,339,1,43,0,253,54,1,"Knox County",470313,125.660995975021,0.0864576384256171,72.0796575897328,10.6312179335889,8.64576384256171
2020-08-16,5562,83,5392,78,170,5,6196,82,84837,587,91033,669,0,42,1,253,53,1,"Knox County",470313,127.149366485723,0.0871760797342193,142.24569595142,17.6478217697576,8.71760797342193
2020-08-15,5479,119,5314,116,165,3,6114,132,84250,1223,90364,1355,1,42,2,252,52,0,"Knox County",470313,123.534752388303,0.0929041697147037,288.106006000259,25.3022986819416,9.29041697147037
2020-08-14,5360,91,5198,83,162,8,5982,96,83027,1024,89009,1120,0,41,2,250,52,1,"Knox County",470313,136.504838267282,0.0901725039205436,238.139281712392,19.3488166391318,9.01725039205436
2020-08-13,5269,127,5115,126,154,1,5886,229,82003,1778,87889,2007,1,41,4,248,51,1,"Knox County",470313,138.205833136656,0.105749899477282,426.737087854259,27.0032935513158,10.5749899477282
2020-08-12,5142,79,4989,72,153,7,5657,88,80225,892,85882,980,0,40,1,244,50,0,"Knox County",470313,145.222436972824,0.106486833654464,208.371871498343,16.7973243350705,10.6486833654464
2020-08-11,5063,111,4917,108,146,3,5569,117,79333,1121,84902,1238,0,40,5,243,50,2,"Knox County",470313,140.332076723374,0.103009859885833,263.228956035661,23.6013038125674,10.3009859885833
2020-08-10,4952,37,4809,35,143,2,5452,35,78212,365,83664,400,1,40,0,238,48,0,"Knox County",470313,137.56796006064,0.100270305058566,85.0497434687113,7.86710127085579,10.0270305058566
2020-08-09,4915,85,4774,81,141,4,5417,109,77847,826,83264,935,1,39,4,238,48,1,"Knox County",470313,137.993208777984,0.10031113876789,198.803775358113,18.0730704871011,10.031113876789
2020-08-08,4830,157,4693,156,137,1,5308,176,77021,2284,82329,2460,1,38,4,234,47,2,"Knox County",470313,146.072934407512,0.0929978118161926,523.055922332574,33.3820243114692,9.29978118161926
2020-08-07,4673,50,4537,46,136,4,5132,44,74737,403,79869,447,0,37,0,230,45,2,"Knox County",470313,137.355335701969,0.0942482579426007,95.0430883262848,10.6312179335889,9.42482579426007
2020-08-06,4623,113,4491,105,132,8,5088,121,74334,1463,79422,1584,-1,37,5,230,43,1,"Knox County",470313,134.378594680564,0.0857782197911487,336.796984136097,24.0265525299109,8.57782197911487
2020-08-05,4510,99,4386,99,124,0,4967,100,72871,1107,77838,1207,1,38,3,225,42,1,"Knox County",470313,138.631081853999,0.0848748639825898,256.637600916836,21.049811508506,8.48748639825898
2020-08-04,4411,112,4287,111,124,1,4867,106,71764,1082,76631,1188,1,37,9,222,41,0,"Knox County",470313,138.843706212671,0.0840530349105948,252.597738102072,23.8139281712392,8.40530349105948
2020-08-03,4299,50,4176,50,123,0,4761,81,70682,593,75443,674,2,36,1,213,41,1,"Knox County",470313,141.607822875404,0.0867569158328429,143.308817744778,10.6312179335889,8.67569158328429
2020-08-02,4249,97,4126,91,123,6,4680,95,70089,692,74769,787,3,34,2,212,40,0,"Knox County",470313,144.159315179466,0.0866179465676291,167.335370274689,20.6245627911625,8.66179465676291
2020-08-01,4152,118,4035,110,117,8,4585,118,69397,1417,73982,1535,1,31,1,210,40,1,"Knox County",470313,135.866965191266,0.0895984909727836,326.37839056118,25.0896743232698,8.95984909727836
2020-07-31,4034,117,3925,114,109,3,4467,116,67980,1060,72447,1176,2,30,1,209,39,3,"Knox County",470313,150.112797222275,0.0904183535762483,250.046245798011,24.877049964598,9.04183535762483
2020-07-30,3917,189,3811,186,106,3,4351,227,66920,2420,71271,2647,1,28,7,208,36,2,"Knox County",470313,166.27224848133,0.0914912090297374,562.816677404197,40.1860037889661,9.14912090297373
2020-07-29,3728,75,3625,71,103,4,4124,60,64500,438,68624,498,0,27,3,201,34,4,"Knox County",470313,161.169263873208,0.0944150499706055,105.886930618546,15.9468269003834,9.44150499706055
2020-07-28,3653,154,3554,152,99,2,4064,186,64062,1211,68126,1397,1,27,3,198,30,0,"Knox County",470313,170.099486937423,0.101331191186596,297.036229064474,32.7441512354538,10.1331191186596
2020-07-27,3499,83,3402,76,97,7,3878,85,62851,677,66729,762,3,26,2,195,30,1,"Knox County",470313,177.116090773591,0.100772551692797,162.019761307895,17.6478217697576,10.0772551692797
2020-07-26,3416,118,3326,113,90,5,3793,132,62174,1472,65967,1604,0,23,2,193,29,1,"Knox County",470313,181.581202305699,0.0960598814845618,341.049471309532,25.0896743232698,9.60598814845618
2020-07-25,3298,175,3213,172,85,3,3661,197,60702,1949,64363,2146,2,23,3,191,28,3,"Knox County",470313,193.70079074999,0.0980449657869013,456.291873709636,37.2092627675612,9.80449657869013
2020-07-24,3123,106,3041,99,82,7,3464,113,58753,916,62217,1029,0,21,4,188,25,0,"Knox County",470313,191.3619228046,0.0991768322919766,218.79046507326,22.5381820192085,9.91768322919766
2020-07-23,3017,205,2942,197,75,8,3351,254,57837,2389,61188,2643,0,21,4,184,25,1,"Knox County",470313,194.763912543349,0.101895029268777,561.96617996951,43.5879935277145,10.1895029268777
2020-07-22,2812,69,2745,61,67,8,3097,63,55448,437,58545,500,3,21,3,180,24,0,"Knox County",470313,193.488166391318,0.102172403531396,106.312179335889,14.6710807483527,10.2172403531396
2020-07-21,2743,232,2684,228,59,4,3034,280,55011,1691,58045,1971,0,18,12,177,24,1,"Knox County",470313,210.072866367717,0.105490380103238,419.082610942075,49.3288512118525,10.5490380103238
2020-07-20,2511,74,2456,70,55,4,2754,57,53320,364,56074,421,0,18,4,165,23,1,"Knox County",470313,208.159247139671,0.106263331394221,89.5148550008186,15.7342025417116,10.6263331394221
2020-07-19,2437,84,2386,74,51,10,2697,74,52956,577,55653,651,0,18,0,161,22,2,"Knox County",470313,200.93001894483,0.110885589146459,138.418457495328,17.8604461284294,11.0885589146459
2020-07-18,2353,112,2312,109,41,3,2623,146,52379,2258,55002,2404,1,18,8,161,20,1,"Knox County",470313,187.534684348508,0.102609418858509,511.148958246955,23.8139281712392,10.2609418858509
2020-07-17,2241,74,2203,74,38,0,2477,80,50121,347,52598,427,0,17,6,153,19,2,"Knox County",470313,180.730704871011,0.105800155262282,90.7906011528493,15.7342025417116,10.5800155262282
2020-07-16,2167,187,2129,185,38,2,2397,228,49774,2033,52171,2261,2,17,3,147,17,0,"Knox County",470313,176.903466414919,0.107469600463231,480.74367495689,39.7607550716225,10.7469600463231
2020-07-15,1980,78,1944,78,36,0,2169,80,47741,511,49910,591,3,15,4,144,17,1,"Knox County",470313,178.817085642965,0.108297043318817,125.660995975021,16.5846999763987,10.8297043318817
2020-07-14,1902,95,1866,95,36,0,2089,127,47230,777,49319,904,2,12,1,140,16,1,"Knox County",470313,149.687548504932,0.103407755581669,192.212420239287,20.1993140738189,10.3407755581669
2020-07-13,1807,94,1771,92,36,2,1962,59,46453,655,48415,714,1,10,2,139,15,3,"Knox County",470313,153.940035678367,0.0998490945674044,151.81379209165,19.9866897151471,9.98490945674044
2020-07-12,1713,69,1679,67,34,2,1903,87,45798,916,47701,1003,0,9,4,137,12,1,"Knox County",470313,150.750670298291,0.0971820809248555,213.262231747793,14.6710807483527,9.71820809248555
2020-07-11,1644,28,1612,27,32,1,1816,36,44882,883,46698,919,0,9,2,133,11,1,"Knox County",470313,132.890224169861,0.102214400938554,195.401785619364,5.95348204280979,10.2214400938554
2020-07-10,1616,78,1585,74,31,4,1780,68,43999,418,45779,486,0,9,6,131,10,0,"Knox County",470313,133.740721604548,0.0995929049142193,103.335438314484,16.5846999763987,9.95929049142192
2020-07-09,1538,70,1511,66,27,4,1712,88,43581,1652,45293,1740,0,9,8,125,10,0,"Knox County",470313,108.86367163995,0.0857322636463741,369.966384088894,14.8837051070245,8.57322636463741
2020-07-08,1468,70,1445,65,23,5,1624,63,41929,594,43553,657,1,9,5,117,10,0,"Knox County",470313,107.162676770576,0.082204577300327,139.694203647358,14.8837051070245,8.2204577300327
2020-07-07,1398,79,1380,79,18,0,1561,104,41335,1303,42896,1407,0,8,7,112,10,1,"Knox County",470313,103.760687031828,0.0729136586774473,299.162472651192,16.7973243350705,7.29136586774473
2020-07-06,1319,35,1301,35,18,0,1457,34,40032,658,41489,692,1,8,6,105,9,0,"Knox County",470313,91.2158498701928,0.0695249130938586,147.13605620087,7.44185255351224,6.95249130938586
2020-07-05,1284,77,1266,77,18,0,1423,109,39374,1079,40797,1188,2,7,6,99,9,1,"Knox County",470313,92.916844739567,0.0708139370856256,252.597738102072,16.3720756177269,7.08139370856256
2020-07-04,1207,41,1189,40,18,1,1314,50,38295,1141,39609,1191,0,5,1,93,8,2,"Knox County",470313,95.6809614023002,0.0700991713082462,253.235611178088,8.7175987055429,7.00991713082462
2020-07-03,1166,62,1149,61,17,1,1264,49,37154,910,38418,959,0,5,4,92,6,0,"Knox County",470313,92.2789716635517,0.0634414092417667,203.906759966235,13.1827102376502,6.34414092417667
2020-07-02,1104,68,1088,68,16,0,1215,102,36244,1228,37459,1330,0,5,2,88,6,0,"Knox County",470313,91.8537229462082,0.0688308189655172,282.790397033465,14.4584563896809,6.88308189655172
2020-07-01,1036,49,1020,49,16,0,1113,34,35016,737,36129,771,0,5,4,86,6,1,"Knox County",470313,87.3886114141008,0.0639426903687981,163.933380535941,10.4185935749171,6.39426903687981
2020-06-30,987,40,971,39,16,1,1079,73,34279,1514,35358,1587,0,5,3,82,5,0,"Knox County",470313,79.0962614259015,0.0584348276755636,337.434857212112,8.50497434687113,5.84348276755636
2020-06-29,947,51,932,51,15,0,1006,79,32765,1333,33771,1412,0,5,3,79,5,0,"Knox County",470313,82.4982511646499,0.058781701825077,300.225594444551,10.8438422922607,5.8781701825077
2020-06-28,896,10,881,10,15,0,927,30,31432,684,32359,714,0,5,1,76,5,0,"Knox County",470313,68.2524191336408,0.0523606228026118,151.81379209165,2.12624358671778,5.23606228026117
2020-06-27,886,29,871,29,15,0,897,16,30748,111,31645,127,0,5,3,75,5,0,"Knox County",470313,65.7009268295794,0.0555072463768116,27.0032935513158,6.16610640148157,5.55072463768116
2020-06-26,857,37,842,37,15,0,881,14,30637,319,31518,333,0,5,8,72,5,0,"Knox County",470313,60.385317862785,0.0554670066942939,70.8039114377021,7.86710127085579,5.54670066942939
2020-06-25,820,32,805,32,15,0,867,52,30318,702,31185,754,0,5,1,64,5,0,"Knox County",470313,52.730840950601,0.0522990522990523,160.318766438521,6.8039794774969,5.22990522990523
2020-06-24,788,35,773,34,15,1,815,32,29616,272,30431,304,0,5,1,63,5,0,"Knox County",470313,49.7540999291961,0.0565857388644619,64.6378050362206,7.44185255351224,5.65857388644619
2020-06-23,753,27,739,24,14,3,783,25,29344,215,30127,240,0,5,4,62,5,0,"Knox County",470313,46.989983266463,0.0638516992790937,51.0298460812268,5.74085768413801,6.38516992790937
2020-06-22,726,36,715,36,11,0,758,31,29129,572,29887,603,0,5,0,58,5,0,"Knox County",470313,43.8006178863863,0.0650406504065041,128.212488279082,7.65447691218401,6.50406504065041
2020-06-21,690,31,679,31,11,0,727,37,28557,815,29284,852,0,5,1,58,5,0,"Knox County",470313,48.2657294184936,0.0644257703081232,181.155953588355,6.59135511882512,6.44257703081232
2020-06-20,659,17,648,17,11,0,690,9,27742,437,28432,446,0,5,2,57,5,0,"Knox County",470313,45.7142371144323,0.0566251415628539,94.8304639676131,3.61461409742023,5.66251415628539
2020-06-19,642,30,631,28,11,2,681,10,27305,334,27986,344,0,5,1,55,5,0,"Knox County",470313,44.2258666037299,0.0553203499858877,73.1427793830917,6.37873076015334,5.53203499858877
2020-06-18,612,15,603,15,9,0,671,18,26971,804,27642,822,0,5,0,54,5,0,"Knox County",470313,40.6112525063096,0.0448629188590418,174.777222828202,3.18936538007667,4.48629188590418
2020-06-17,597,17,588,17,9,0,653,13,26167,282,26820,295,0,5,0,54,5,0,"Knox County",470313,36.7840140502176,0.0397001665741255,62.7241858081746,3.61461409742023,3.97001665741255
2020-06-16,580,9,571,8,9,1,640,9,25885,178,26525,187,0,5,0,54,5,0,"Knox County",470313,32.9567755941256,0.0357847280924204,39.7607550716225,1.913619228046,3.57847280924204
2020-06-15,571,8,563,8,8,0,631,9,25707,218,26338,227,0,5,0,54,5,0,"Knox County",470313,27.0032935513158,0.0330917113142137,48.2657294184936,1.70099486937423,3.30917113142137
2020-06-14,563,8,555,8,8,0,622,9,25489,624,26111,633,0,5,0,54,5,0,"Knox County",470313,22.1129333018649,0.0260663507109005,134.591219039236,1.70099486937423,2.60663507109005
2020-06-13,555,10,547,8,8,2,613,9,24865,213,25478,222,0,5,3,54,5,0,"Knox County",470313,20.6245627911625,0.0282051282051282,47.2026076251348,2.12624358671778,2.82051282051282
2020-06-12,545,19,539,19,6,0,604,19,24652,750,25256,769,0,5,0,51,5,0,"Knox County",470313,18.2856948457729,0.0272583201267829,163.508131818597,4.03986281476378,2.72583201267829
2020-06-11,526,7,520,7,6,0,585,10,23902,379,24487,389,0,5,2,51,5,0,"Knox County",470313,16.5846999763987,0.0286554004408523,82.7108755233217,1.48837051070245,2.86554004408523
2020-06-10,519,12,513,12,6,0,575,12,23523,705,24098,717,0,5,0,49,5,0,"Knox County",470313,15.5215781830398,0.0244910941475827,152.451665167665,2.55149230406134,2.44910941475827
2020-06-09,507,16,501,16,6,0,563,19,22818,508,23381,527,0,5,1,49,5,0,"Knox County",470313,17.0099486937423,0.0249712973593571,112.053037020027,3.40198973874845,2.49712973593571
2020-06-08,491,8,485,8,6,0,544,8,22310,336,22854,344,0,5,1,48,5,0,"Knox County",470313,17.0099486937423,0.0238822549291863,73.1427793830917,1.70099486937423,2.38822549291863
2020-06-07,483,7,477,7,6,0,536,8,21974,847,22510,855,0,5,1,47,5,0,"Knox County",470313,16.7973243350705,0.0222338477635365,181.79382666437,1.48837051070245,2.22338477635365
2020-06-06,476,11,470,11,6,0,528,12,21127,478,21655,490,0,5,0,46,5,0,"Knox County",470313,17.0099486937423,0.0215106330970423,104.185935749171,2.33886794538956,2.15106330970423
2020-06-05,465,18,459,18,6,0,516,17,20649,518,21165,535,0,5,1,46,5,0,"Knox County",470313,16.7973243350705,0.0222971221156339,113.754031889401,3.82723845609201,2.22971221156339
2020-06-04,447,4,441,4,6,0,499,4,20131,338,20630,342,0,5,0,45,5,0,"Knox County",470313,16.1594512590551,0.020997375328084,72.7175306657481,0.850497434687113,2.0997375328084
2020-06-03,443,4,437,4,6,0,495,4,19793,399,20288,403,0,5,0,45,5,0,"Knox County",470313,14.4584563896809,0.0205949656750572,85.6876165447266,0.850497434687113,2.05949656750572
2020-06-02,439,26,433,25,6,1,491,24,19394,939,19885,963,0,5,2,45,5,0,"Knox County",470313,16.5846999763987,0.0195829094608342,204.757257400922,5.52823332546623,1.95829094608342
2020-06-01,413,17,408,17,5,0,467,20,18455,972,18922,992,0,5,0,43,5,0,"Knox County",470313,18.4983192044447,0.0194323144104804,210.923363802404,3.61461409742023,1.94323144104803
2020-05-31,396,7,391,7,5,0,447,7,17483,317,17930,324,0,5,0,43,5,0,"Knox County",470313,18.4983192044447,0.0217337614225735,68.8902922096561,1.48837051070245,2.17337614225735
2020-05-30,389,6,384,6,5,0,440,6,17166,294,17606,300,0,5,2,43,5,0,"Knox County",470313,17.4351974110858,0.0212490282456595,63.7873076015334,1.27574615203067,2.12490282456595
2020-05-29,383,8,378,8,5,0,434,7,16872,205,17306,212,0,5,0,41,5,0,"Knox County",470313,15.308953824368,0.0203619909502262,45.076364038417,1.70099486937423,2.03619909502262
2020-05-28,375,11,370,11,5,0,427,11,16667,336,17094,347,0,5,0,41,5,0,"Knox County",470313,16.7973243350705,0.022310081897769,73.780652459107,2.33886794538956,2.2310081897769
2020-05-27,364,5,359,5,5,0,416,6,16331,420,16747,426,0,5,1,41,5,0,"Knox County",470313,17.0099486937423,0.0227272727272727,90.5779767941775,1.06312179335889,2.27272727272727
2020-05-26,359,9,354,9,5,0,410,10,15911,1142,16321,1152,0,5,0,40,5,0,"Knox County",470313,13.395334596322,0.0178523847588596,244.943261189888,1.913619228046,1.78523847588596
2020-05-25,350,9,345,9,5,0,400,11,14769,381,15169,392,0,5,1,40,5,0,"Knox County",470313,11.6943397269478,0.018395179194418,83.348748599337,1.913619228046,1.8395179194418
2020-05-24,341,2,336,2,5,0,389,3,14388,273,14777,276,0,5,0,39,5,0,"Knox County",470313,10.6312179335889,0.0173913043478261,58.6843229934108,0.425248717343556,1.73913043478261
2020-05-23,339,7,334,7,5,0,386,10,14115,360,14501,370,0,5,2,39,5,0,"Knox County",470313,10.8438422922607,0.0182677165354331,78.6710127085579,1.48837051070245,1.82677165354331
2020-05-22,332,1,327,1,5,0,376,1,13755,253,14131,254,0,5,0,37,5,0,"Knox County",470313,9.35547178155824,0.0161641280696301,54.0065871026317,0.212624358671778,1.61641280696301
2020-05-21,331,0,326,0,5,0,375,0,13502,250,13877,250,0,5,0,37,5,0,"Knox County",470313,7.01660383616868,0.0131410256410256,53.1560896679445,0,1.31410256410256
2020-05-20,331,7,326,7,5,0,375,7,13252,360,13627,367,0,5,0,37,5,0,"Knox County",470313,7.44185255351224,0.0137210062071219,78.0331396325426,1.48837051070245,1.37210062071219
2020-05-19,324,7,319,7,5,0,368,7,12892,369,13260,376,0,5,2,37,5,0,"Knox County",470313,7.01660383616868,0.0170678336980306,79.9467588605886,1.48837051070245,1.70678336980306
2020-05-18,317,3,312,3,5,0,361,4,12523,478,12884,482,0,5,0,35,5,0,"Knox County",470313,5.74085768413801,0.0134736842105263,102.484940879797,0.637873076015334,1.34736842105263
2020-05-17,314,3,309,3,5,0,357,5,12045,216,12402,221,0,5,1,35,5,0,"Knox County",470313,5.95348204280979,0.0146551724137931,46.989983266463,0.637873076015334,1.46551724137931
2020-05-16,311,0,306,0,5,0,352,0,11829,349,12181,349,0,5,0,34,5,0,"Knox County",470313,4.46511153210734,0.0104393214441061,74.2059011764506,0,1.04393214441061
2020-05-15,311,1,306,1,5,0,352,4,11480,540,11832,544,0,5,0,34,5,0,"Knox County",470313,4.46511153210734,0.0104287369640788,115.667651117447,0.212624358671778,1.04287369640788
2020-05-14,310,3,305,3,5,0,348,7,10940,458,11288,465,0,5,0,34,5,0,"Knox County",470313,5.10298460812268,0.0121255349500713,98.8703267823768,0.637873076015334,1.21255349500713
2020-05-13,307,7,302,7,5,0,341,5,10482,341,10823,346,0,5,0,34,5,0,"Knox County",470313,5.10298460812268,0.011498383039885,73.5680281004352,1.48837051070245,1.1498383039885
2020-05-12,300,6,295,6,5,0,336,8,10141,401,10477,409,0,5,0,34,5,0,"Knox County",470313,4.8903602494509,0.01171875,86.9633626967573,1.27574615203067,1.171875
2020-05-11,294,16,289,16,5,0,328,12,9740,254,10068,266,0,5,1,34,5,0,"Knox County",470313,7.65447691218401,0.0157692307692308,56.558079406693,3.40198973874845,1.57692307692308
2020-05-10,278,5,273,5,5,0,316,5,9486,221,9802,226,0,5,1,33,5,0,"Knox County",470313,8.07972562952757,0.0157389635316699,48.0531050598219,1.06312179335889,1.57389635316699
2020-05-09,273,2,268,2,5,0,311,4,9265,352,9576,356,0,5,0,32,5,0,"Knox County",470313,8.50497434687113,0.0172281776416539,75.694271687153,0.425248717343556,1.72281776416539
2020-05-08,271,3,266,3,5,0,307,4,8913,265,9220,269,0,5,0,32,5,0,"Knox County",470313,8.93022306421468,0.0192554557124519,57.1959524827083,0.637873076015334,1.92554557124519
2020-05-07,268,3,263,3,5,0,303,3,8648,220,8951,223,0,5,0,32,5,0,"Knox County",470313,8.93022306421468,0.0195704057279236,47.4152319838065,0.637873076015334,1.95704057279236
2020-05-06,265,1,260,1,5,0,300,1,8428,185,8728,186,0,5,0,32,5,0,"Knox County",470313,7.65447691218401,0.0191214470284238,39.5481307129507,0.212624358671778,1.91214470284238
2020-05-05,264,4,259,4,5,0,299,5,8243,305,8542,310,0,5,0,32,5,0,"Knox County",470313,7.22922819484046,0.0185185185185185,65.9135511882512,0.850497434687113,1.85185185185185
2020-05-04,260,4,255,4,5,0,294,7,7938,259,8232,266,0,5,0,32,5,0,"Knox County",470313,4.67773589077912,0.0157952069716776,56.558079406693,0.850497434687113,1.57952069716776
2020-05-03,256,7,251,5,5,2,287,6,7679,290,7966,296,0,5,2,32,5,0,"Knox County",470313,5.10298460812268,0.0157397691500525,62.9368101668463,1.48837051070245,1.57397691500525
2020-05-02,249,3,246,3,3,0,281,5,7389,308,7670,313,0,5,1,30,5,0,"Knox County",470313,5.31560896679445,0.0166398282340311,66.5514242642666,0.637873076015334,1.66398282340311
2020-05-01,246,9,243,8,3,1,276,7,7081,354,7357,361,0,5,0,29,5,0,"Knox County",470313,6.59135511882512,0.0173913043478261,76.7573934805119,1.913619228046,1.73913043478261
2020-04-30,237,4,235,4,2,0,269,3,6727,119,6996,122,0,5,0,29,5,0,"Knox County",470313,6.8039794774969,0.0183387270765912,25.9401717579569,0.850497434687113,1.83387270765912
2020-04-29,233,8,231,8,2,0,266,10,6608,671,6874,681,0,5,0,29,5,0,"Knox County",470313,8.29234998819935,0.0183056619838229,144.797188255481,1.70099486937423,1.83056619838229
2020-04-28,225,8,223,8,2,0,256,10,5937,391,6193,401,1,5,0,29,5,0,"Knox County",470313,9.14284742288646,0.019672131147541,85.262367827383,1.70099486937423,1.9672131147541
2020-04-27,217,2,215,2,2,0,246,4,5546,161,5792,165,0,4,0,29,5,1,"Knox County",470313,8.7175987055429,0.0192389910218042,35.0830191808434,0.425248717343556,1.92389910218042
2020-04-26,215,1,213,1,2,0,242,1,5385,172,5627,173,0,4,0,29,4,0,"Knox County",470313,7.44185255351224,0.0180505415162455,36.7840140502176,0.212624358671778,1.80505415162455
2020-04-25,214,0,212,0,2,0,241,0,5213,53,5454,53,0,4,0,29,4,0,"Knox County",470313,6.8039794774969,0.0178936605316973,11.2690910096042,0,1.78936605316973
2020-04-24,214,8,212,8,2,0,241,10,5160,836,5401,846,0,4,1,29,4,0,"Knox County",470313,6.59135511882512,0.0155673904137649,179.880207436324,1.70099486937423,1.55673904137648
2020-04-23,206,1,204,1,2,0,231,2,4324,137,4555,139,0,4,0,28,4,0,"Knox County",470313,5.95348204280979,0.0150528885272579,29.5547858553772,0.212624358671778,1.50528885272579
2020-04-22,205,5,203,3,2,2,229,2,4187,189,4416,191,0,4,0,28,4,0,"Knox County",470313,5.31560896679445,0.0147357723577236,40.6112525063096,1.06312179335889,1.47357723577236
2020-04-21,200,4,200,4,0,0,227,5,3998,475,4225,480,0,4,1,28,4,0,"Knox County",470313,4.46511153210734,0.0117244748412311,102.059692162454,0.850497434687113,1.17244748412311
2020-04-20,196,3,196,3,0,0,222,2,3523,175,3745,177,0,4,1,27,4,0,"Knox County",470313,4.67773589077912,0.0106847984458475,37.6345114849047,0.637873076015334,1.06847984458475
2020-04-19,193,0,193,0,0,0,220,0,3348,72,3568,72,0,4,0,26,4,0,"Knox County",470313,4.46511153210734,0.0107252298263534,15.308953824368,0,1.07252298263534
2020-04-18,193,0,193,0,0,0,220,1,3276,135,3496,136,0,4,0,26,4,0,"Knox County",470313,4.46511153210734,0.0107790298873101,28.9169127793618,0,1.07790298873101
2020-04-17,193,2,193,2,0,0,219,3,3141,104,3360,107,0,4,1,26,4,0,"Knox County",470313,3.18936538007667,0.0115207373271889,22.7508063778803,0.425248717343556,1.15207373271889
2020-04-16,191,7,191,7,0,0,216,9,3037,213,3253,222,0,4,2,25,4,0,"Knox County",470313,4.46511153210734,0.015884476534296,47.2026076251348,1.48837051070245,1.5884476534296
2020-04-15,184,9,184,9,0,0,207,10,2824,84,3031,94,0,4,1,23,4,0,"Knox County",470313,5.31560896679445,0.0232919254658385,19.9866897151471,1.913619228046,2.32919254658385
2020-04-14,175,4,175,4,0,0,197,4,2740,102,2937,106,0,4,1,22,4,0,"Knox County",470313,5.31560896679445,0.0317286652078775,22.5381820192085,0.850497434687113,3.17286652078775
2020-04-13,171,4,171,4,0,0,193,9,2638,242,2831,251,0,4,1,21,4,0,"Knox County",470313,5.52823332546623,0.0364372469635627,53.3687140266163,0.850497434687113,3.64372469635628
2020-04-12,167,5,167,5,0,0,184,6,2396,166,2580,172,0,4,0,20,4,0,"Knox County",470313,6.59135511882512,0.0386029411764706,36.5713896915458,1.06312179335889,3.86029411764706
2020-04-11,162,5,162,5,0,0,178,8,2230,313,2408,321,1,4,1,20,4,0,"Knox County",470313,7.65447691218401,0.0384917517674784,68.2524191336408,1.06312179335889,3.84917517674784
2020-04-10,157,4,157,4,0,0,170,5,1917,123,2087,128,0,3,0,19,4,0,"Knox County",470313,8.07972562952757,0.0394126738794436,27.2159179099876,0.850497434687113,3.94126738794436
2020-04-09,153,1,153,1,0,0,165,1,1794,81,1959,82,0,3,0,19,4,0,"Knox County",470313,6.8039794774969,0.037261698440208,17.4351974110858,0.212624358671778,3.7261698440208
2020-04-08,152,8,152,8,0,0,164,12,1713,111,1877,123,0,3,1,19,4,1,"Knox County",470313,6.59135511882512,0.0380388841927303,26.1527961166287,1.70099486937423,3.80388841927303
2020-04-07,144,20,144,20,0,0,152,25,1602,366,1754,391,0,3,2,18,3,0,"Knox County",470313,9.99334485757357,0.0449591280653951,83.1361242406653,4.25248717343556,4.49591280653951
2020-04-06,124,8,124,8,0,0,127,14,1236,54,1363,68,2,3,1,16,3,0,"Knox County",470313,10.8438422922607,0.0552529182879377,14.4584563896809,1.70099486937423,5.52529182879377
2020-04-05,116,4,116,4,0,0,113,10,1182,75,1295,85,0,1,0,15,3,1,"Knox County",470313,10.6312179335889,0.0626043405676127,18.0730704871011,0.850497434687113,6.26043405676127
2020-04-04,112,15,112,15,0,0,103,6,1107,127,1210,133,0,1,1,15,2,1,"Knox County",470313,12.7574615203067,0.0722772277227723,28.2790397033465,3.18936538007667,7.22772277227723
2020-04-03,97,4,97,4,0,0,97,3,980,51,1077,54,0,1,1,14,1,0,"Knox County",470313,12.7574615203067,0.0758547008547008,11.481715368276,0.850497434687113,7.58547008547009
2020-04-02,93,7,93,7,0,0,94,7,929,106,1023,113,0,1,0,13,1,0,"Knox County",470313,14.0332076723374,0.0796277145811789,24.0265525299109,1.48837051070245,7.96277145811789
2020-04-01,86,15,86,15,0,0,87,15,823,140,910,155,0,0,1,13,1,0,"Knox County",470313,15.5215781830398,0.0800800800800801,32.9567755941256,3.18936538007667,8.00800800800801
2020-03-31,71,8,71,8,0,0,72,11,683,58,755,69,0,0,1,12,1,0,"Knox County",470313,12.9700858789785,0.0974889217134417,14.6710807483527,1.70099486937423,9.74889217134417
2020-03-30,63,13,63,13,0,0,61,15,625,130,686,145,0,0,2,11,1,0,"Knox County",470313,14.0332076723374,0.0888594164456233,30.8305320074078,2.76411666273312,8.88594164456233
2020-03-29,50,8,50,8,0,0,46,8,495,55,541,63,0,0,1,9,1,1,"Knox County",470313,14.8837051070245,0.0887978142076503,13.395334596322,1.70099486937423,8.87978142076503
2020-03-28,42,7,42,7,0,0,38,6,440,62,478,68,0,0,1,8,0,0,"Knox County",470313,13.1827102376502,0.0974512743628186,14.4584563896809,1.48837051070245,9.74512743628186
2020-03-27,35,2,35,2,0,0,32,2,378,54,410,56,0,0,1,7,0,0,"Knox County",470313,12.7574615203067,0.0956651718983558,11.9069640856196,0.425248717343556,9.56651718983558
2020-03-26,33,7,33,7,0,0,30,7,324,82,354,89,0,0,2,6,0,0,"Knox County",470313,12.7574615203067,0.0992248062015504,18.9235679217883,1.48837051070245,9.92248062015504
2020-03-25,26,6,26,6,0,0,23,7,242,68,265,75,0,0,1,4,0,0,"Knox County",470313,10.8438422922607,0.0991150442477876,15.9468269003834,1.27574615203067,9.91150442477876
2020-03-24,20,7,20,7,0,0,16,7,174,43,190,50,0,0,0,3,0,0,"Knox County",470313,10.6312179335889,0.0952380952380952,10.6312179335889,1.48837051070245,9.52380952380952
2020-03-23,13,4,13,4,0,0,9,4,131,22,140,26,0,0,2,3,0,0,"Knox County",470313,8.7175987055429,0.0960187353629977,5.52823332546623,0.850497434687113,9.60187353629976
2020-03-22,9,2,9,2,0,0,5,0,109,9,114,9,0,0,1,1,0,0,"Knox County",470313,7.44185255351224,0.0884718498659517,1.913619228046,0.425248717343556,8.84718498659517
2020-03-21,7,1,7,1,0,0,5,2,100,17,105,19,0,0,0,0,0,0,"Knox County",470313,6.16610640148157,0.0895061728395062,4.03986281476378,0.212624358671778,8.95061728395062
2020-03-20,6,5,6,5,0,0,3,2,83,38,86,40,0,0,0,0,0,0,"Knox County",470313,6.8039794774969,0.0941558441558442,8.50497434687113,1.06312179335889,9.41558441558442
2020-03-19,1,0,1,0,0,0,1,0,45,11,46,11,0,0,0,0,0,0,"Knox County",470313,5.31560896679445,0.0956521739130435,2.33886794538956,0,9.56521739130435
2020-03-18,1,0,1,0,0,0,1,0,34,15,35,15,0,0,0,0,0,0,"Knox County",470313,4.03986281476378,0.0882352941176471,3.18936538007667,0,8.82352941176471
2020-03-17,1,0,1,0,0,0,1,0,19,5,20,5,0,0,0,0,0,0,"Knox County",470313,2.55149230406134,0.064,1.06312179335889,0,6.4
2020-03-16,1,1,1,1,0,0,1,1,14,3,15,4,0,0,0,0,0,0,"Knox County",470313,1.913619228046,0.0485436893203883,0.850497434687113,0.212624358671778,4.85436893203883
2020-03-15,0,0,0,0,0,0,0,0,11,1,11,1,0,0,0,0,0,0,"Knox County",470313,1.48837051070245,0.0526315789473684,0.212624358671778,0,5.26315789473684
2020-03-14,0,0,0,0,0,0,0,0,10,8,10,8,0,0,0,0,0,0,"Knox County",470313,1.27574615203067,0.0357142857142857,1.70099486937423,0,3.57142857142857
2020-03-13,0,0,0,0,0,0,0,0,2,0,2,0,0,0,0,0,0,0,"Knox County",470313,0.212624358671778,0.0227272727272727,0,0,2.27272727272727
2020-03-12,0,0,0,0,0,0,0,0,2,2,2,2,0,0,0,0,0,0,"Knox County",470313,0.212624358671778,0.0285714285714286,0.425248717343556,0,2.85714285714286
2020-03-12,0,0,0,0,0,0,0,0,0,0,0,0,0,0,0,0,0,0,"Anderson",76978,NA,NA,0,0,NA
2020-03-13,0,0,0,0,0,0,0,0,1,1,1,1,0,0,0,0,0,0,"Anderson",76978,NA,NA,1.29907246226194,0,NA
2020-03-14,0,0,0,0,0,0,0,0,1,0,1,0,0,0,0,0,0,0,"Anderson",76978,NA,NA,0,0,NA
2020-03-15,0,0,0,0,0,0,0,0,1,0,1,0,0,0,0,0,0,0,"Anderson",76978,NA,NA,0,0,NA
2020-03-16,0,0,0,0,0,0,0,0,2,1,2,1,0,0,0,0,0,0,"Anderson",76978,NA,NA,1.29907246226194,0,NA
2020-03-17,0,0,0,0,0,0,0,0,4,2,4,2,0,0,0,0,0,0,"Anderson",76978,NA,NA,2.59814492452389,0,NA
2020-03-18,0,0,0,0,0,0,0,0,4,0,4,0,0,0,0,0,0,0,"Anderson",76978,0,0,0,0,0
2020-03-19,1,1,1,1,0,0,2,2,5,1,7,3,0,0,0,0,0,0,"Anderson",76978,1.29907246226194,0.285714285714286,3.89721738678583,1.29907246226194,28.5714285714286
2020-03-20,1,0,1,0,0,0,2,0,7,2,9,2,0,0,0,0,0,0,"Anderson",76978,1.29907246226194,0.25,2.59814492452389,0,25
2020-03-21,1,0,1,0,0,0,2,0,7,0,9,0,0,0,0,0,0,0,"Anderson",76978,1.29907246226194,0.25,0,0,25
2020-03-22,1,0,1,0,0,0,2,0,10,3,12,3,0,0,0,0,0,0,"Anderson",76978,1.29907246226194,0.181818181818182,3.89721738678583,0,18.1818181818182
2020-03-23,1,0,1,0,0,0,2,0,15,5,17,5,0,0,0,0,0,0,"Anderson",76978,1.29907246226194,0.133333333333333,6.49536231130973,0,13.3333333333333
2020-03-24,1,0,1,0,0,0,2,0,20,5,22,5,0,0,0,0,0,0,"Anderson",76978,1.29907246226194,0.111111111111111,6.49536231130973,0,11.1111111111111
2020-03-25,2,1,2,1,0,0,4,2,29,9,33,11,0,0,0,0,0,0,"Anderson",76978,2.59814492452389,0.137931034482759,14.2897970848814,1.29907246226194,13.7931034482759
2020-03-26,3,1,3,1,0,0,5,1,44,15,49,16,0,0,1,1,0,0,"Anderson",76978,2.59814492452389,0.0714285714285714,20.7851593961911,1.29907246226194,7.14285714285714
2020-03-27,4,1,4,1,0,0,6,1,53,9,59,10,0,0,0,1,0,0,"Anderson",76978,3.89721738678583,0.08,12.9907246226195,1.29907246226194,8
2020-03-28,7,3,7,3,0,0,9,3,72,19,81,22,0,0,1,2,0,0,"Anderson",76978,7.79443477357167,0.0972222222222222,28.5795941697628,3.89721738678583,9.72222222222222
2020-03-29,7,0,7,0,0,0,9,0,83,11,92,11,0,0,0,2,0,0,"Anderson",76978,7.79443477357167,0.0875,14.2897970848814,0,8.75
2020-03-30,8,1,8,1,0,0,10,1,127,44,137,45,0,0,0,2,0,0,"Anderson",76978,9.09350723583361,0.0666666666666667,58.4582608017875,1.29907246226194,6.66666666666667
2020-03-31,9,1,9,1,0,0,11,1,142,15,153,16,0,0,0,2,0,0,"Anderson",76978,10.3925796980956,0.0687022900763359,20.7851593961911,1.29907246226194,6.87022900763359
2020-04-01,9,0,9,0,0,0,11,0,163,21,174,21,0,0,0,2,0,0,"Anderson",76978,9.09350723583361,0.049645390070922,27.2805217075008,0,4.9645390070922
2020-04-02,9,0,9,0,0,0,11,0,179,16,190,16,0,0,0,2,0,0,"Anderson",76978,7.79443477357167,0.0425531914893617,20.7851593961911,0,4.25531914893617
2020-04-03,9,0,9,0,0,0,11,0,192,13,203,13,0,0,0,2,0,0,"Anderson",76978,6.49536231130972,0.0347222222222222,16.8879420094053,0,3.47222222222222
2020-04-04,9,0,9,0,0,0,11,0,219,27,230,27,0,0,0,2,0,0,"Anderson",76978,2.59814492452389,0.0134228187919463,35.0749564810725,0,1.34228187919463
2020-04-05,9,0,9,0,0,0,11,0,248,29,259,29,0,0,0,2,0,0,"Anderson",76978,2.59814492452389,0.0119760479041916,37.6731014055964,0,1.19760479041916
2020-04-06,9,0,9,0,0,0,11,0,262,14,273,14,0,0,0,2,0,0,"Anderson",76978,1.29907246226194,0.00735294117647059,18.1870144716672,0,0.735294117647059
2020-04-07,10,1,10,1,0,0,12,1,304,42,316,43,0,0,0,2,0,0,"Anderson",76978,1.29907246226194,0.00613496932515337,55.8601158772636,1.29907246226194,0.613496932515337
2020-04-08,10,0,10,0,0,0,12,0,322,18,334,18,1,1,0,2,1,1,"Anderson",76978,1.29907246226194,0.00625,23.383304320715,0,0.625
2020-04-09,10,0,10,0,0,0,12,0,350,28,362,28,0,1,0,2,1,0,"Anderson",76978,1.29907246226194,0.00581395348837209,36.3740289433345,0,0.581395348837209
2020-04-10,10,0,10,0,0,0,12,0,366,16,378,16,0,1,0,2,1,0,"Anderson",76978,1.29907246226194,0.00571428571428571,20.7851593961911,0,0.571428571428571
2020-04-11,10,0,10,0,0,0,12,0,439,73,451,73,0,1,0,2,1,0,"Anderson",76978,1.29907246226194,0.00452488687782805,94.832289745122,0,0.452488687782805
2020-04-12,12,2,12,2,0,0,14,2,477,38,491,40,0,1,0,2,1,0,"Anderson",76978,3.89721738678583,0.0129310344827586,51.9628984904778,2.59814492452389,1.29310344827586
2020-04-13,13,1,13,1,0,0,15,1,514,37,529,38,0,1,0,2,1,0,"Anderson",76978,5.19628984904778,0.015625,49.3647535659539,1.29907246226194,1.5625
2020-04-14,13,0,13,0,0,0,15,0,526,12,541,12,0,1,0,2,1,0,"Anderson",76978,3.89721738678583,0.0133333333333333,15.5888695471433,0,1.33333333333333
2020-04-15,13,0,13,0,0,0,15,0,544,18,559,18,0,1,0,2,1,0,"Anderson",76978,3.89721738678583,0.0133333333333333,23.383304320715,0,1.33333333333333
2020-04-16,13,0,13,0,0,0,15,0,566,22,581,22,0,1,0,2,1,0,"Anderson",76978,3.89721738678583,0.0136986301369863,28.5795941697628,0,1.36986301369863
2020-04-17,13,0,13,0,0,0,15,0,586,20,601,20,0,1,0,2,1,0,"Anderson",76978,3.89721738678583,0.0134529147982063,25.9814492452389,0,1.34529147982063
2020-04-18,13,0,13,0,0,0,15,0,616,30,631,30,0,1,0,2,1,0,"Anderson",76978,3.89721738678583,0.0166666666666667,38.9721738678584,0,1.66666666666667
2020-04-19,14,1,14,1,0,0,16,1,628,12,644,13,0,1,0,2,1,0,"Anderson",76978,2.59814492452389,0.0130718954248366,16.8879420094053,1.29907246226194,1.30718954248366
2020-04-20,19,5,18,4,1,1,19,3,648,20,667,23,0,1,0,2,1,0,"Anderson",76978,7.79443477357167,0.0289855072463768,29.8786666320247,6.49536231130973,2.89855072463768
2020-04-21,20,1,19,1,1,0,22,3,1071,423,1093,426,0,1,0,2,1,0,"Anderson",76978,9.09350723583361,0.0126811594202899,553.404868923589,1.29907246226194,1.26811594202899
2020-04-22,21,1,20,1,1,0,24,2,1141,70,1165,72,0,1,0,2,1,0,"Anderson",76978,10.3925796980956,0.0148514851485149,93.53321728286,1.29907246226194,1.48514851485149
2020-04-23,21,0,20,0,1,0,24,0,1191,50,1215,50,0,1,0,2,1,0,"Anderson",76978,10.3925796980956,0.0141955835962145,64.9536231130973,0,1.41955835962145
2020-04-24,22,1,21,1,1,0,25,1,1299,108,1324,109,0,1,0,2,1,0,"Anderson",76978,11.6916521603575,0.0138312586445367,141.598898386552,1.29907246226194,1.38312586445367
2020-04-25,22,0,21,0,1,0,25,0,1336,37,1361,37,0,1,0,2,1,0,"Anderson",76978,11.6916521603575,0.0136986301369863,48.065681103692,0,1.36986301369863
2020-04-26,22,0,21,0,1,0,25,0,1372,36,1397,36,0,1,0,2,1,0,"Anderson",76978,10.3925796980956,0.0119521912350598,46.76660864143,0,1.19521912350598
2020-04-27,22,0,21,0,1,0,25,0,1411,39,1436,39,0,1,0,2,1,0,"Anderson",76978,3.89721738678583,0.00780234070221066,50.6638260282159,0,0.780234070221066
2020-04-28,22,0,21,0,1,0,25,0,1690,279,1715,279,0,1,0,2,1,0,"Anderson",76978,2.59814492452389,0.00482315112540193,362.441216971083,0,0.482315112540193
2020-04-29,26,4,25,4,1,0,28,3,2068,378,2096,381,0,1,0,2,1,0,"Anderson",76978,6.49536231130972,0.00429645542427497,494.946608121801,5.19628984904778,0.429645542427497
2020-04-30,26,0,25,0,1,0,29,1,2100,32,2129,33,0,1,0,2,1,0,"Anderson",76978,6.49536231130972,0.00547045951859956,42.8693912546442,0,0.547045951859956
2020-05-01,26,0,25,0,1,0,29,0,2152,52,2181,52,0,1,0,2,1,0,"Anderson",76978,5.19628984904778,0.00466744457409568,67.5517680376211,0,0.466744457409568
2020-05-02,26,0,25,0,1,0,29,0,2219,67,2248,67,0,1,0,2,1,0,"Anderson",76978,5.19628984904778,0.00450958286358512,87.0378549715503,0,0.450958286358512
2020-05-03,27,1,26,1,1,0,30,1,2312,93,2342,94,0,1,0,2,1,0,"Anderson",76978,6.49536231130972,0.00529100529100529,122.112811452623,1.29907246226194,0.529100529100529
2020-05-04,27,0,26,0,1,0,30,0,2404,92,2434,92,0,1,0,2,1,0,"Anderson",76978,6.49536231130972,0.00501002004008016,119.514666528099,0,0.501002004008016
2020-05-05,28,1,27,1,1,0,30,0,2473,69,2503,69,0,1,0,2,1,0,"Anderson",76978,7.79443477357167,0.00634517766497462,89.6359998960742,1.29907246226194,0.634517766497462
2020-05-06,30,2,29,2,1,0,31,1,2523,50,2554,51,0,1,0,2,1,0,"Anderson",76978,5.19628984904778,0.00655021834061135,66.2526955753592,2.59814492452389,0.655021834061135
2020-05-07,30,0,29,0,1,0,33,2,2595,72,2628,74,0,1,0,2,1,0,"Anderson",76978,5.19628984904778,0.00801603206412826,96.1313622073839,0,0.801603206412826
2020-05-08,30,0,29,0,1,0,33,0,2650,55,2683,55,0,1,0,2,1,0,"Anderson",76978,5.19628984904778,0.00796812749003984,71.448985424407,0,0.796812749003984
2020-05-09,30,0,29,0,1,0,33,0,2732,82,2765,82,0,1,0,2,1,0,"Anderson",76978,5.19628984904778,0.00773694390715667,106.523941905479,0,0.773694390715667
2020-05-10,30,0,29,0,1,0,33,0,2825,93,2858,93,0,1,0,2,1,0,"Anderson",76978,3.89721738678583,0.00581395348837209,120.813738990361,0,0.581395348837209
2020-05-11,32,2,31,2,1,0,33,0,2907,82,2940,82,0,1,0,2,1,0,"Anderson",76978,6.49536231130972,0.00592885375494071,106.523941905479,2.59814492452389,0.592885375494071
2020-05-12,33,1,32,1,1,0,35,2,3040,133,3075,135,0,1,0,2,1,0,"Anderson",76978,6.49536231130972,0.00874125874125874,175.374782405363,1.29907246226194,0.874125874125874
2020-05-13,35,2,34,2,1,0,38,3,3218,178,3256,181,0,1,1,3,1,0,"Anderson",76978,6.49536231130972,0.00997150997150997,235.132115669412,2.59814492452389,0.997150997150997
2020-05-14,35,0,34,0,1,0,39,1,3344,126,3383,127,0,1,0,3,1,0,"Anderson",76978,6.49536231130972,0.00794701986754967,164.982202707267,0,0.794701986754967
2020-05-15,36,1,35,1,1,0,39,0,3415,71,3454,71,0,1,0,3,1,0,"Anderson",76978,7.79443477357167,0.00778210116731518,92.2341448205981,1.29907246226194,0.778210116731518
2020-05-16,36,0,35,0,1,0,41,2,3655,240,3696,242,0,1,0,3,1,0,"Anderson",76978,7.79443477357167,0.00859291084854995,314.375535867391,0,0.859291084854995
2020-05-17,36,0,35,0,1,0,41,0,3725,70,3766,70,0,1,0,3,1,0,"Anderson",76978,7.79443477357167,0.00881057268722467,90.9350723583361,0,0.881057268722467
2020-05-18,37,1,36,1,1,0,42,1,3802,77,3844,78,0,1,0,3,1,0,"Anderson",76978,6.49536231130972,0.00995575221238938,101.327652056432,1.29907246226194,0.995575221238938
2020-05-19,37,0,36,0,1,0,42,0,3854,52,3896,52,0,1,0,3,1,0,"Anderson",76978,5.19628984904778,0.00852618757612668,67.5517680376211,0,0.852618757612667
2020-05-20,37,0,36,0,1,0,43,1,3919,65,3962,66,0,1,0,3,1,0,"Anderson",76978,2.59814492452389,0.00708215297450425,85.7387825092884,0,0.708215297450425
2020-05-21,37,0,36,0,1,0,44,1,3999,80,4043,81,0,1,0,3,1,0,"Anderson",76978,2.59814492452389,0.00757575757575758,105.224869443218,0,0.757575757575758
2020-05-22,38,1,37,1,1,0,45,1,4027,28,4072,29,0,1,1,4,1,0,"Anderson",76978,2.59814492452389,0.00970873786407767,37.6731014055964,1.29907246226194,0.970873786407767
2020-05-23,38,0,37,0,1,0,46,1,4190,163,4236,164,0,1,0,4,1,0,"Anderson",76978,2.59814492452389,0.00925925925925926,213.047883810959,0,0.925925925925926
2020-05-24,38,0,37,0,1,0,46,0,4245,55,4291,55,0,1,0,4,1,0,"Anderson",76978,2.59814492452389,0.00952380952380952,71.448985424407,0,0.952380952380952
2020-05-25,38,0,37,0,1,0,47,1,4279,34,4326,35,0,1,0,4,1,0,"Anderson",76978,1.29907246226194,0.0103734439834025,45.4675361791681,0,1.03734439834025
2020-05-26,38,0,37,0,1,0,47,0,4410,131,4457,131,0,1,0,4,1,0,"Anderson",76978,1.29907246226194,0.0089126559714795,170.178492556315,0,0.89126559714795
2020-05-27,38,0,37,0,1,0,47,0,4513,103,4560,103,0,1,0,4,1,0,"Anderson",76978,1.29907246226194,0.00668896321070234,133.80446361298,0,0.668896321070234
2020-05-28,38,0,37,0,1,0,47,0,4561,48,4608,48,0,1,0,4,1,0,"Anderson",76978,1.29907246226194,0.00530973451327434,62.3554781885734,0,0.530973451327434
2020-05-29,39,1,38,1,1,0,47,0,4611,50,4658,50,0,1,0,4,1,0,"Anderson",76978,1.29907246226194,0.00341296928327645,64.9536231130973,1.29907246226194,0.341296928327645
2020-05-30,39,0,38,0,1,0,48,1,4663,52,4711,53,0,1,0,4,1,0,"Anderson",76978,1.29907246226194,0.00421052631578947,68.8508404998831,0,0.421052631578947
2020-05-31,40,1,39,1,1,0,49,1,4729,66,4778,67,0,1,0,4,1,0,"Anderson",76978,2.59814492452389,0.00616016427104723,87.0378549715503,1.29907246226194,0.616016427104723
2020-06-01,40,0,39,0,1,0,49,0,4853,124,4902,124,0,1,0,4,1,0,"Anderson",76978,2.59814492452389,0.00347222222222222,161.084985320481,0,0.347222222222222
2020-06-02,40,0,39,0,1,0,49,0,4980,127,5029,127,0,1,0,4,1,0,"Anderson",76978,2.59814492452389,0.0034965034965035,164.982202707267,0,0.34965034965035
2020-06-03,41,1,40,1,1,0,50,1,5040,60,5090,61,0,1,0,4,2,1,"Anderson",76978,3.89721738678583,0.00566037735849057,79.2434201979787,1.29907246226194,0.566037735849057
2020-06-04,41,0,40,0,1,0,50,0,5088,48,5138,48,1,2,0,4,2,0,"Anderson",76978,3.89721738678583,0.00566037735849057,62.3554781885734,0,0.566037735849057
2020-06-05,42,1,41,1,1,0,53,3,5145,57,5198,60,0,2,0,4,2,0,"Anderson",76978,3.89721738678583,0.0111111111111111,77.9443477357167,1.29907246226194,1.11111111111111
2020-06-06,43,1,42,1,1,0,54,1,5198,53,5252,54,0,2,0,4,2,0,"Anderson",76978,5.19628984904778,0.011090573012939,70.149912962145,1.29907246226194,1.1090573012939
2020-06-07,45,2,43,1,2,1,57,3,5293,95,5350,98,0,2,0,4,2,0,"Anderson",76978,6.49536231130972,0.013986013986014,127.309101301671,2.59814492452389,1.3986013986014
2020-06-08,46,1,44,1,2,0,57,0,5334,41,5391,41,0,2,0,4,2,0,"Anderson",76978,7.79443477357167,0.016359918200409,53.2619709527397,1.29907246226194,1.6359918200409
2020-06-09,47,1,45,1,2,0,60,3,5515,181,5575,184,0,2,0,4,2,0,"Anderson",76978,9.09350723583361,0.0201465201465201,239.029333056198,1.29907246226194,2.01465201465201
2020-06-10,52,5,50,5,2,0,63,3,5723,208,5786,211,0,2,0,4,2,0,"Anderson",76978,14.2897970848814,0.0186781609195402,274.10428953727,6.49536231130973,1.86781609195402
2020-06-11,55,3,53,3,2,0,66,3,5868,145,5934,148,0,2,1,5,2,0,"Anderson",76978,18.1870144716672,0.0201005025125628,192.262724414768,3.89721738678583,2.01005025125628
2020-06-12,57,2,55,2,2,0,70,4,5950,82,6020,86,0,2,0,5,2,0,"Anderson",76978,19.4860869339292,0.0206812652068127,111.720231754527,2.59814492452389,2.06812652068127
2020-06-13,58,1,55,0,3,1,70,0,5993,43,6063,43,0,2,0,5,2,0,"Anderson",76978,19.4860869339292,0.0197287299630086,55.8601158772636,1.29907246226194,1.97287299630086
2020-06-14,60,2,57,2,3,0,70,0,6168,175,6238,175,0,2,1,6,2,0,"Anderson",76978,19.4860869339292,0.0146396396396396,227.33768089584,2.59814492452389,1.46396396396396
2020-06-15,60,0,57,0,3,0,71,1,6226,58,6297,59,0,2,0,6,2,0,"Anderson",76978,18.1870144716672,0.0154525386313466,76.6452752734548,0,1.54525386313466
2020-06-16,64,4,61,4,3,0,75,4,6287,61,6362,65,0,2,0,6,2,0,"Anderson",76978,22.0842318584531,0.0190597204574333,84.4397100470264,5.19628984904778,1.90597204574333
2020-06-17,66,2,63,2,3,0,79,4,6324,37,6403,41,0,2,0,6,2,0,"Anderson",76978,18.1870144716672,0.0259319286871961,53.2619709527397,2.59814492452389,2.59319286871961
2020-06-18,70,4,67,4,3,0,84,5,6454,130,6538,135,0,2,0,6,2,0,"Anderson",76978,19.4860869339292,0.0298013245033113,175.374782405363,5.19628984904778,2.98013245033113
2020-06-19,72,2,69,2,3,0,86,2,6519,65,6605,67,0,2,0,6,2,0,"Anderson",76978,19.4860869339292,0.0273504273504274,87.0378549715503,2.59814492452389,2.73504273504274
2020-06-20,73,1,70,1,3,0,87,1,6557,38,6644,39,0,2,0,6,2,0,"Anderson",76978,19.4860869339292,0.0292598967297762,50.6638260282159,1.29907246226194,2.92598967297762
2020-06-21,74,1,71,1,3,0,88,1,6617,60,6705,61,0,2,0,6,2,0,"Anderson",76978,18.1870144716672,0.0385438972162741,79.2434201979787,1.29907246226194,3.85438972162741
2020-06-22,76,2,73,2,3,0,90,2,6709,92,6799,94,0,2,1,7,2,0,"Anderson",76978,20.7851593961911,0.0378486055776892,122.112811452623,2.59814492452389,3.78486055776892
2020-06-23,76,0,73,0,3,0,90,0,6798,89,6888,89,0,2,0,7,2,0,"Anderson",76978,15.5888695471433,0.0285171102661597,115.617449141313,0,2.85171102661597
2020-06-24,77,1,74,1,3,0,91,1,6829,31,6920,32,0,2,0,7,2,0,"Anderson",76978,14.2897970848814,0.02321083172147,41.5703187923822,1.29907246226194,2.321083172147
2020-06-25,81,4,78,4,3,0,92,1,6942,113,7034,114,0,2,0,7,2,0,"Anderson",76978,14.2897970848814,0.0161290322580645,148.094260697862,5.19628984904778,1.61290322580645
2020-06-26,86,5,83,5,3,0,98,6,6970,28,7068,34,0,2,0,7,2,0,"Anderson",76978,18.1870144716672,0.0259179265658747,44.1684637169061,6.49536231130973,2.59179265658747
2020-06-27,87,1,83,0,4,1,98,0,6982,12,7080,12,0,2,0,7,2,0,"Anderson",76978,18.1870144716672,0.0252293577981651,15.5888695471433,1.29907246226194,2.52293577981651
2020-06-28,91,4,87,4,4,0,106,8,7091,109,7197,117,0,2,0,7,2,0,"Anderson",76978,22.0842318584531,0.0365853658536585,151.991478084648,5.19628984904778,3.65853658536585
2020-06-29,97,6,92,5,5,1,114,8,7313,222,7427,230,0,2,1,8,2,0,"Anderson",76978,27.2805217075008,0.0382165605095541,298.786666320247,7.79443477357167,3.82165605095541
2020-06-30,102,5,96,4,6,1,120,6,7477,164,7597,170,0,2,0,8,2,0,"Anderson",76978,33.7758840188106,0.0423131170662905,220.842318584531,6.49536231130973,4.23131170662905
2020-07-01,104,2,98,2,6,0,124,4,7598,121,7722,125,0,2,0,8,2,0,"Anderson",76978,35.0749564810725,0.0411471321695761,162.384057782743,2.59814492452389,4.11471321695761
2020-07-02,110,6,104,6,6,0,130,6,7837,239,7967,245,0,2,0,8,2,0,"Anderson",76978,37.6731014055964,0.0407288317256163,318.272753254177,7.79443477357167,4.07288317256163
2020-07-03,120,10,113,9,7,1,142,12,7961,124,8103,136,0,2,0,8,2,0,"Anderson",76978,44.1684637169061,0.042512077294686,176.673854867625,12.9907246226195,4.2512077294686
2020-07-04,131,11,124,11,7,0,156,14,8145,184,8301,198,0,2,2,10,2,0,"Anderson",76978,57.1591883395256,0.0475020475020475,257.216347527865,14.2897970848814,4.75020475020475
2020-07-05,140,9,133,9,7,0,169,13,8301,156,8470,169,0,2,1,11,2,0,"Anderson",76978,63.6545506508353,0.0494893951296151,219.543246122269,11.6916521603575,4.94893951296151
2020-07-06,141,1,134,1,7,0,170,1,8328,27,8498,28,0,2,0,11,2,0,"Anderson",76978,57.1591883395256,0.0522875816993464,36.3740289433345,1.29907246226194,5.22875816993464
2020-07-07,157,16,150,16,7,0,190,20,8561,233,8751,253,0,2,0,11,2,0,"Anderson",76978,71.448985424407,0.0606585788561525,328.665332952272,20.7851593961911,6.06585788561525
2020-07-08,173,16,165,15,8,1,206,16,8701,140,8907,156,0,2,0,11,2,0,"Anderson",76978,89.6359998960742,0.0691983122362869,202.655304112863,20.7851593961911,6.91983122362869
2020-07-09,187,14,179,14,8,0,220,14,8969,268,9189,282,0,2,0,11,2,0,"Anderson",76978,100.02857959417,0.0736497545008183,366.338434357868,18.1870144716672,7.36497545008183
2020-07-10,193,6,185,6,8,0,227,7,8999,30,9226,37,0,2,1,12,2,0,"Anderson",76978,94.832289745122,0.0756901157613535,48.065681103692,7.79443477357167,7.56901157613535
2020-07-11,201,8,193,8,8,0,235,8,9168,169,9403,177,0,2,1,13,2,0,"Anderson",76978,90.9350723583361,0.0716878402903811,229.935825820364,10.3925796980956,7.16878402903811
2020-07-12,212,11,204,11,8,0,248,13,9351,183,9599,196,0,2,0,13,2,0,"Anderson",76978,93.53321728286,0.0699734278122232,254.618202603341,14.2897970848814,6.99734278122232
2020-07-13,218,6,209,5,9,1,255,7,9390,39,9645,46,0,2,2,15,2,0,"Anderson",76978,100.02857959417,0.0741063644289451,59.7573332640495,7.79443477357167,7.41063644289451
2020-07-14,229,11,219,10,10,1,266,11,9530,140,9796,151,0,2,0,15,2,0,"Anderson",76978,93.53321728286,0.0727272727272727,196.159941801554,14.2897970848814,7.27272727272727
2020-07-15,245,16,234,15,11,1,285,19,9632,102,9917,121,0,2,0,15,2,0,"Anderson",76978,93.53321728286,0.0782178217821782,157.187767933695,20.7851593961911,7.82178217821782
2020-07-16,263,18,252,18,11,0,308,23,9921,289,10229,312,0,2,1,16,2,0,"Anderson",76978,98.7295071319078,0.0846153846153846,405.310608225727,23.383304320715,8.46153846153846
2020-07-17,270,7,259,7,11,0,317,9,9992,71,10309,80,0,2,1,17,3,1,"Anderson",76978,100.02857959417,0.0831024930747922,103.925796980956,9.09350723583361,8.31024930747922
2020-07-18,277,7,266,7,11,0,328,11,10206,214,10534,225,0,2,0,17,3,0,"Anderson",76978,98.7295071319078,0.0822281167108753,292.291304008938,9.09350723583361,8.22281167108753
2020-07-19,285,8,274,8,11,0,337,9,10287,81,10624,90,0,2,2,19,3,0,"Anderson",76978,94.832289745122,0.0868292682926829,116.916521603575,10.3925796980956,8.68292682926829
2020-07-20,313,28,302,28,11,0,367,30,10456,169,10823,199,1,3,0,19,3,0,"Anderson",76978,123.411883914885,0.0950764006791171,258.515419990127,36.3740289433345,9.50764006791171
2020-07-21,336,23,324,22,12,1,391,24,10748,292,11139,316,0,3,1,20,3,0,"Anderson",76978,139.000753462028,0.0930752047654505,410.506898074775,29.8786666320247,9.30752047654505
2020-07-22,365,29,353,29,12,0,424,33,10883,135,11307,168,0,3,0,20,3,0,"Anderson",76978,155.888695471433,0.1,218.244173660007,37.6731014055964,10
2020-07-23,388,23,376,23,12,0,455,31,11310,427,11765,458,0,3,2,22,3,0,"Anderson",76978,162.384057782743,0.095703125,594.975187715971,29.8786666320247,9.5703125
2020-07-24,394,6,382,6,12,0,463,8,11422,112,11885,120,0,3,0,22,4,1,"Anderson",76978,161.084985320481,0.0926395939086294,155.888695471433,7.79443477357167,9.26395939086294
2020-07-25,426,32,413,31,13,1,499,36,11679,257,12178,293,1,4,1,23,4,0,"Anderson",76978,193.56179687703,0.104014598540146,380.62823144275,41.5703187923822,10.4014598540146
2020-07-26,465,39,451,38,14,1,541,42,12082,403,12623,445,0,4,2,25,4,0,"Anderson",76978,233.83304320715,0.102051025512756,578.087245706565,50.6638260282159,10.2051025512756
2020-07-27,483,18,468,17,15,1,562,21,12262,180,12824,201,0,4,1,26,4,0,"Anderson",76978,220.842318584531,0.0974512743628186,261.113564914651,23.383304320715,9.74512743628186
2020-07-28,523,40,508,40,15,0,608,46,12642,380,13250,426,0,4,1,27,5,1,"Anderson",76978,242.926550442984,0.10279488394126,553.404868923589,51.9628984904778,10.279488394126
2020-07-29,527,4,512,4,15,0,612,4,12678,36,13290,40,1,5,0,27,5,0,"Anderson",76978,210.449738886435,0.0948058497226425,51.9628984904778,5.19628984904778,9.48058497226425
2020-07-30,564,37,549,37,15,0,666,54,13163,485,13829,539,0,5,0,27,5,0,"Anderson",76978,228.636753358102,0.102228682170543,700.200057159188,48.065681103692,10.2228682170543
2020-07-31,576,12,561,12,15,0,680,14,13345,182,14025,196,0,5,0,27,5,0,"Anderson",76978,236.431188131674,0.101401869158878,254.618202603341,15.5888695471433,10.1401869158878
2020-08-01,599,23,584,23,15,0,705,25,13754,409,14459,434,0,5,1,28,5,0,"Anderson",76978,224.739535971316,0.0903112669881631,563.797448621684,29.8786666320247,9.03112669881631
2020-08-02,606,7,591,7,15,0,712,7,13882,128,14594,135,0,5,1,29,6,1,"Anderson",76978,183.169217178934,0.0867579908675799,175.374782405363,9.09350723583361,8.67579908675799
2020-08-03,631,25,615,24,16,1,743,31,14109,227,14852,258,0,5,0,29,6,0,"Anderson",76978,192.262724414768,0.0892504930966469,335.160695263582,32.4768115565486,8.92504930966469
2020-08-04,638,7,622,7,16,0,751,8,14352,243,15103,251,2,7,0,29,6,0,"Anderson",76978,149.393333160124,0.0771721532649757,326.067188027748,9.09350723583361,7.71721532649757
2020-08-05,653,15,637,15,16,0,770,19,14561,209,15331,228,-1,6,0,29,6,0,"Anderson",76978,163.683130245005,0.0774130328270456,296.188521395723,19.4860869339292,7.74130328270456
2020-08-06,675,22,659,22,16,0,800,30,14882,321,15682,351,0,6,1,30,6,0,"Anderson",76978,144.197043311076,0.0723151645979493,455.974434253943,28.5795941697628,7.23151645979493
2020-08-07,679,4,663,4,16,0,804,4,14963,81,15767,85,0,6,0,30,6,0,"Anderson",76978,133.80446361298,0.0711825487944891,110.421159292265,5.19628984904778,7.11825487944891
2020-08-08,690,11,674,11,16,0,820,16,15283,320,16103,336,0,6,0,30,6,0,"Anderson",76978,118.215594065837,0.0699513381995134,436.488347320014,14.2897970848814,6.99513381995134
2020-08-09,697,7,681,7,16,0,829,9,15420,137,16249,146,0,6,0,30,6,0,"Anderson",76978,118.215594065837,0.0706948640483384,189.664579490244,9.09350723583361,7.06948640483384
2020-08-10,702,5,686,5,16,0,835,6,15559,139,16394,145,0,6,0,30,6,0,"Anderson",76978,92.2341448205981,0.059662775616083,188.365507027982,6.49536231130973,5.9662775616083
2020-08-11,723,21,707,21,16,0,857,22,15762,203,16619,225,0,6,1,31,6,0,"Anderson",76978,110.421159292265,0.0699208443271768,292.291304008938,27.2805217075008,6.99208443271768
2020-08-12,731,8,715,8,16,0,865,8,16001,239,16866,247,0,6,0,31,6,0,"Anderson",76978,101.327652056432,0.0618892508143322,320.8708981787,10.3925796980956,6.18892508143322
2020-08-13,749,18,733,18,16,0,889,24,16229,228,17118,252,1,7,2,33,6,0,"Anderson",76978,96.1313622073839,0.0619777158774373,327.36626049001,23.383304320715,6.19777158774373
2020-08-14,766,17,749,16,17,1,911,22,16558,329,17469,351,0,7,0,33,6,0,"Anderson",76978,113.019304216789,0.0628672150411281,455.974434253943,22.0842318584531,6.28672150411281
2020-08-15,776,10,759,10,17,0,923,12,16781,223,17704,235,-1,6,0,33,6,0,"Anderson",76978,111.720231754527,0.0643347907557776,305.282028631557,12.9907246226195,6.43347907557776
2020-08-16,788,12,771,12,17,0,937,14,16923,142,17860,156,0,6,0,33,7,1,"Anderson",76978,118.215594065837,0.0670391061452514,202.655304112863,15.5888695471433,6.70391061452514
2020-08-17,792,4,775,4,17,0,940,3,16966,43,17906,46,0,6,0,33,7,0,"Anderson",76978,116.916521603575,0.0694444444444444,59.7573332640495,5.19628984904778,6.94444444444444
2020-08-18,806,14,789,14,17,0,957,17,17129,163,18086,180,0,6,0,33,7,0,"Anderson",76978,107.823014367741,0.0681663258350375,233.83304320715,18.1870144716672,6.81663258350375
2020-08-19,820,14,803,14,17,0,971,14,17303,174,18274,188,0,6,0,33,7,0,"Anderson",76978,115.617449141313,0.0752840909090909,244.225622905246,18.1870144716672,7.52840909090909
2020-08-20,835,15,818,15,17,0,987,16,17745,442,18732,458,0,6,0,33,8,1,"Anderson",76978,111.720231754527,0.0607187112763321,594.975187715971,19.4860869339292,6.07187112763321
2020-08-21,838,3,821,3,17,0,990,3,17781,36,18771,39,1,7,0,33,8,0,"Anderson",76978,93.53321728286,0.0606758832565284,50.6638260282159,3.89721738678583,6.06758832565284
2020-08-22,856,18,839,18,17,0,1009,19,18325,544,19334,563,1,8,1,34,8,0,"Anderson",76978,103.925796980956,0.052760736196319,731.377796253475,23.383304320715,5.2760736196319
2020-08-23,857,1,840,1,17,0,1010,1,18409,84,19419,85,0,8,0,34,8,0,"Anderson",76978,89.6359998960742,0.0468248877485568,110.421159292265,1.29907246226194,4.68248877485568
2020-08-24,858,1,840,0,18,1,1010,0,18448,39,19458,39,0,8,0,34,8,0,"Anderson",76978,85.7387825092884,0.0451030927835052,50.6638260282159,1.29907246226194,4.51030927835052
2020-08-25,866,8,848,8,18,0,1018,8,18600,152,19618,160,0,8,1,35,8,0,"Anderson",76978,77.9443477357167,0.0398172323759791,207.851593961911,10.3925796980956,3.98172323759791
2020-08-26,872,6,854,6,18,0,1024,6,18780,180,19804,186,0,8,0,35,8,0,"Anderson",76978,67.5517680376211,0.034640522875817,241.627477980722,7.79443477357167,3.4640522875817
2020-08-27,875,3,857,3,18,0,1027,3,19191,411,20218,414,0,8,0,35,8,0,"Anderson",76978,51.9628984904778,0.0269179004037685,537.815999376445,3.89721738678583,2.69179004037685
2020-08-28,875,0,857,0,18,0,1027,0,19229,38,20256,38,0,8,0,35,8,0,"Anderson",76978,48.065681103692,0.0249158249158249,49.3647535659539,0,2.49158249158249
2020-08-29,884,9,865,8,19,1,1035,8,19491,262,20526,270,0,8,0,35,8,0,"Anderson",76978,36.3740289433345,0.0218120805369128,350.749564810725,11.6916521603575,2.18120805369128
2020-08-30,900,16,881,16,19,0,1051,16,19574,83,20625,99,0,8,0,35,8,0,"Anderson",76978,55.8601158772636,0.0339966832504146,128.608173763933,20.7851593961911,3.39966832504146
2020-08-31,902,2,883,2,19,0,1053,2,19632,58,20685,60,0,8,0,35,8,0,"Anderson",76978,57.1591883395256,0.0350448247758761,77.9443477357167,2.59814492452389,3.50448247758761
2020-09-01,909,7,889,6,20,1,1059,6,19743,111,20802,117,0,8,0,35,8,0,"Anderson",76978,55.8601158772636,0.0346283783783784,151.991478084648,9.09350723583361,3.46283783783784
2020-09-02,917,8,895,6,22,2,1069,10,20059,316,21128,326,0,8,0,35,8,0,"Anderson",76978,58.4582608017875,0.033987915407855,423.497622697394,10.3925796980956,3.3987915407855
2020-09-03,933,16,909,14,24,2,1085,16,20383,324,21468,340,0,8,0,35,9,1,"Anderson",76978,75.3462028111928,0.0464,441.684637169061,20.7851593961911,4.64
2020-09-04,942,9,917,8,25,1,1095,10,20572,189,21667,199,0,8,0,35,9,0,"Anderson",76978,87.0378549715503,0.0481927710843374,258.515419990127,11.6916521603575,4.81927710843374
2020-09-05,961,19,936,19,25,0,1116,21,20841,269,21957,290,0,8,1,36,10,1,"Anderson",76978,100.02857959417,0.0566037735849057,376.731014055964,24.682376782977,5.66037735849057
2020-09-06,963,2,938,2,25,0,1118,2,20897,56,22015,58,0,8,0,36,10,0,"Anderson",76978,81.8415651225025,0.0482014388489209,75.3462028111928,2.59814492452389,4.82014388489209
2020-09-07,966,3,941,3,25,0,1123,5,20985,88,22108,93,0,8,0,36,10,0,"Anderson",76978,83.1406375847645,0.0491918482080112,120.813738990361,3.89721738678583,4.91918482080112
2020-09-08,975,9,944,3,31,6,1127,4,21160,175,22287,179,1,9,0,36,10,0,"Anderson",76978,85.7387825092884,0.0457912457912458,232.533970744888,11.6916521603575,4.57912457912458
2020-09-09,984,9,953,9,31,0,1136,9,21401,241,22537,250,0,9,1,37,11,1,"Anderson",76978,87.0378549715503,0.0475514549325763,324.768115565486,11.6916521603575,4.75514549325763
2020-09-10,1013,29,981,28,32,1,1166,30,21770,369,22936,399,1,10,0,37,11,0,"Anderson",76978,103.925796980956,0.0551771117166213,518.329912442516,37.6731014055964,5.51771117166213
2020-09-11,1014,1,982,1,32,0,1168,2,21903,133,23071,135,0,10,0,37,11,0,"Anderson",76978,93.53321728286,0.051994301994302,175.374782405363,1.29907246226194,5.1994301994302
2020-09-12,1017,3,985,3,32,0,1173,5,22045,142,23218,147,0,10,0,37,11,0,"Anderson",76978,72.7480578866689,0.0452022204599524,190.963651952506,3.89721738678583,4.52022204599524
2020-09-13,1038,21,1005,20,33,1,1194,21,22289,244,23483,265,0,10,1,38,11,0,"Anderson",76978,97.4304346696459,0.0517711171662125,344.254202499415,27.2805217075008,5.17711171662125
2020-09-14,1044,6,1010,5,34,1,1200,6,22395,106,23595,112,0,10,1,39,11,0,"Anderson",76978,101.327652056432,0.0517821116341627,145.496115773338,7.79443477357167,5.17821116341627
2020-09-15,1060,16,1026,16,34,0,1217,17,22635,240,23852,257,1,11,1,40,12,1,"Anderson",76978,110.421159292265,0.0575079872204473,333.86162280132,20.7851593961911,5.75079872204473
2020-09-16,1068,8,1034,8,34,0,1229,12,22771,136,24000,148,0,11,0,40,12,0,"Anderson",76978,109.122086830003,0.063568010936432,192.262724414768,10.3925796980956,6.3568010936432
2020-09-17,1090,22,1054,20,36,2,1249,20,23192,421,24441,441,0,11,1,41,12,0,"Anderson",76978,100.02857959417,0.0551495016611296,572.890955857518,28.5795941697628,5.51495016611296
2020-09-18,1109,19,1073,19,36,0,1267,18,23416,224,24683,242,0,11,0,41,12,0,"Anderson",76978,123.411883914885,0.0614143920595533,314.375535867391,24.682376782977,6.14143920595533
2020-09-19,1124,15,1088,15,36,0,1288,21,23698,282,24986,303,0,11,1,42,12,0,"Anderson",76978,139.000753462028,0.0650452488687783,393.618956065369,19.4860869339292,6.50452488687783
2020-09-20,1131,7,1095,7,36,0,1298,10,23850,152,25148,162,0,11,0,42,13,1,"Anderson",76978,120.813738990361,0.0624624624624625,210.449738886435,9.09350723583361,6.24624624624625
2020-09-21,1133,2,1097,2,36,0,1300,2,23883,33,25183,35,0,11,0,42,13,0,"Anderson",76978,115.617449141313,0.0629722921914358,45.4675361791681,2.59814492452389,6.29722921914358
2020-09-22,1147,14,1111,14,36,0,1317,17,24131,248,25448,265,0,11,1,43,13,0,"Anderson",76978,113.019304216789,0.06265664160401,344.254202499415,18.1870144716672,6.265664160401
2020-09-23,1147,0,1111,0,36,0,1317,0,24172,41,25489,41,0,11,0,43,13,0,"Anderson",76978,102.626724518694,0.0591000671591672,53.2619709527397,0,5.91000671591672
2020-09-24,1160,13,1124,13,36,0,1332,15,24496,324,25828,339,1,12,0,43,13,0,"Anderson",76978,90.9350723583361,0.0598413842826244,440.385564706799,16.8879420094053,5.98413842826244
2020-09-25,1174,14,1137,13,37,1,1345,13,24732,236,26077,249,1,13,0,43,13,0,"Anderson",76978,84.4397100470264,0.0559540889526542,323.469043103224,18.1870144716672,5.59540889526542
2020-09-26,1188,14,1151,14,37,0,1362,17,25031,299,26393,316,0,13,0,43,13,0,"Anderson",76978,83.1406375847645,0.0525941719971571,410.506898074775,18.1870144716672,5.25941719971571
2020-09-27,1207,19,1168,17,39,2,1378,16,25238,207,26616,223,0,13,0,43,13,0,"Anderson",76978,98.7295071319078,0.0544959128065395,289.693159084414,24.682376782977,5.44959128065395
2020-09-28,1210,3,1170,2,40,1,1380,2,25275,37,26655,39,0,13,0,43,13,0,"Anderson",76978,100.02857959417,0.0543478260869565,50.6638260282159,3.89721738678583,5.43478260869565
2020-09-29,1221,11,1180,10,41,1,1390,10,25569,294,26959,304,0,13,0,43,13,0,"Anderson",76978,96.1313622073839,0.0483123759099934,394.918028527631,14.2897970848814,4.83123759099934
2020-09-30,1233,12,1190,10,43,2,1400,10,25635,66,27035,76,0,13,0,43,13,0,"Anderson",76978,111.720231754527,0.0536869340232859,98.7295071319078,15.5888695471433,5.36869340232859
2020-10-01,1249,16,1204,14,45,2,1415,15,25915,280,27330,295,0,13,0,43,13,0,"Anderson",76978,115.617449141313,0.0552596537949401,383.226376367274,20.7851593961911,5.52596537949401
2020-10-02,1256,7,1210,6,46,1,1422,7,25997,82,27419,89,0,13,0,43,13,0,"Anderson",76978,106.523941905479,0.0573770491803279,115.617449141313,9.09350723583361,5.73770491803279
2020-10-03,1272,16,1226,16,46,0,1446,24,26261,264,27707,288,0,13,0,43,13,0,"Anderson",76978,109.122086830003,0.0639269406392694,374.13286913144,20.7851593961911,6.39269406392694
2020-10-04,1288,16,1240,14,48,2,1462,16,26598,337,28060,353,0,13,0,43,13,0,"Anderson",76978,105.224869443218,0.0581717451523546,458.572579178467,20.7851593961911,5.81717451523546
2020-10-05,1314,26,1265,25,49,1,1489,27,26809,211,28298,238,0,13,1,44,13,0,"Anderson",76978,135.103536075242,0.0663420572124163,309.179246018343,33.7758840188106,6.63420572124163
2020-10-06,1342,28,1292,27,50,1,1520,31,27146,337,28666,368,0,13,1,45,13,0,"Anderson",76978,157.187767933695,0.0761570005858231,478.058666112396,36.3740289433345,7.61570005858231
2020-10-07,1348,6,1298,6,50,0,1528,8,27381,235,28909,243,0,13,0,45,13,0,"Anderson",76978,149.393333160124,0.0683030949839915,315.674608329653,7.79443477357167,6.83030949839915
2020-10-08,1358,10,1306,8,52,2,1537,9,27620,239,29157,248,0,13,1,46,13,0,"Anderson",76978,141.598898386552,0.066776135741653,322.169970640962,12.9907246226195,6.6776135741653
2020-10-09,1373,15,1319,13,54,2,1553,16,27793,173,29346,189,0,13,0,46,13,0,"Anderson",76978,151.991478084648,0.0679813181110535,245.524695367508,19.4860869339292,6.79813181110535
2020-10-10,1389,16,1335,16,54,0,1573,20,28005,212,29578,232,0,13,1,47,14,1,"Anderson",76978,151.991478084648,0.0678781400320684,301.384811244771,20.7851593961911,6.78781400320684
2020-10-11,1417,28,1363,28,54,0,1604,31,28294,289,29898,320,0,13,0,47,14,0,"Anderson",76978,167.580347631791,0.0772578890097933,415.703187923822,36.3740289433345,7.72578890097933
2020-10-12,1433,16,1378,15,55,1,1620,16,28373,79,29993,95,0,13,0,47,14,0,"Anderson",76978,154.589623009171,0.0772861356932153,123.411883914885,20.7851593961911,7.72861356932153
2020-10-13,1453,20,1396,18,57,2,1638,18,28494,121,30132,139,0,13,0,47,14,0,"Anderson",76978,144.197043311076,0.0804911323328786,180.57107225441,25.9814492452389,8.04911323328786
2020-10-14,1475,22,1418,22,57,0,1662,24,28794,300,30456,324,0,13,0,47,14,0,"Anderson",76978,164.982202707267,0.0866192630898513,420.89947777287,28.5795941697628,8.66192630898513
2020-10-15,1497,22,1434,16,63,6,1676,14,28945,151,30621,165,0,13,1,48,14,0,"Anderson",76978,180.57107225441,0.0949453551912568,214.346956273221,28.5795941697628,9.49453551912568
2020-10-16,1504,7,1437,3,67,4,1680,4,29044,99,30724,103,0,13,0,48,15,1,"Anderson",76978,170.178492556315,0.0921625544267054,133.80446361298,9.09350723583361,9.21625544267054
2020-10-17,1532,28,1464,27,68,1,1710,30,29292,248,31002,278,0,13,2,50,15,0,"Anderson",76978,185.767362103458,0.0962078651685393,361.142144508821,36.3740289433345,9.62078651685393
2020-10-18,1551,19,1483,19,68,0,1732,22,29531,239,31263,261,0,13,0,50,15,0,"Anderson",76978,174.075709943101,0.0937728937728938,339.057912650368,24.682376782977,9.37728937728938
2020-10-19,1555,4,1487,4,68,0,1737,5,29608,77,31345,82,0,13,1,51,15,0,"Anderson",76978,158.486840395957,0.0865384615384615,106.523941905479,5.19628984904778,8.65384615384615
2020-10-20,1582,27,1514,27,68,0,1772,35,29807,199,31579,234,0,13,0,51,15,0,"Anderson",76978,167.580347631791,0.092605390463027,303.982956169295,35.0749564810725,9.2605390463027
2020-10-21,1599,17,1531,17,68,0,1791,19,30023,216,31814,235,0,13,1,52,15,0,"Anderson",76978,161.084985320481,0.0949926362297496,305.282028631557,22.0842318584531,9.49926362297496
2020-10-22,1620,21,1552,21,68,0,1816,25,30355,332,32171,357,1,14,0,52,15,0,"Anderson",76978,159.785912858219,0.0903225806451613,463.768869027514,27.2805217075008,9.03225806451613
2020-10-23,1635,15,1566,14,69,1,1832,16,30630,275,32462,291,0,14,0,52,15,0,"Anderson",76978,170.178492556315,0.0874568469505178,378.030086518226,19.4860869339292,8.74568469505178
2020-10-24,1666,31,1596,30,70,1,1865,33,31006,376,32871,409,0,14,2,54,17,2,"Anderson",76978,174.075709943101,0.082932049224184,531.320637065136,40.2712463301203,8.29320492241841
2020-10-25,1683,17,1612,16,71,1,1884,19,31202,196,33086,215,0,14,4,58,17,0,"Anderson",76978,171.477565018577,0.0833790455293472,279.300579386318,22.0842318584531,8.33790455293472
2020-10-26,1699,16,1627,15,72,1,1902,18,31336,134,33238,152,-1,13,1,59,17,0,"Anderson",76978,187.06643456572,0.0871632329635499,197.459014263816,20.7851593961911,8.71632329635499
2020-10-27,1728,29,1651,24,77,5,1926,24,31491,155,33417,179,1,14,2,61,17,0,"Anderson",76978,189.664579490244,0.0837867247007617,232.533970744888,37.6731014055964,8.37867247007617
2020-10-28,1784,56,1705,54,79,2,1985,59,31925,434,33910,493,0,14,0,61,17,0,"Anderson",76978,240.32840551846,0.092557251908397,640.442723895139,72.7480578866689,9.25572519083969
2020-10-29,1813,29,1726,21,87,8,2004,19,32131,206,34135,225,0,14,2,63,17,0,"Anderson",76978,250.720985216555,0.0957230142566191,292.291304008938,37.6731014055964,9.57230142566191
2020-10-30,1850,37,1760,34,90,3,2042,38,32282,151,34324,189,2,16,1,64,17,0,"Anderson",76978,279.300579386318,0.112781954887218,245.524695367508,48.065681103692,11.2781954887218
2020-10-31,1850,0,1760,0,90,0,2042,0,32283,1,34325,1,0,16,0,64,19,2,"Anderson",76978,239.029333056198,0.121733149931224,1.29907246226194,0,12.1733149931224
2020-11-01,1855,5,1765,5,90,0,2050,8,32527,244,34577,252,0,16,0,64,19,0,"Anderson",76978,223.440463509055,0.111334674714956,327.36626049001,6.49536231130973,11.1334674714956
2020-11-02,1888,33,1796,31,92,2,2085,35,32794,267,34879,302,0,16,0,64,20,1,"Anderson",76978,245.524695367508,0.111517367458867,392.319883603107,42.8693912546442,11.1517367458867
2020-11-03,1914,26,1821,25,93,1,2110,25,32974,180,35084,205,0,16,0,64,21,1,"Anderson",76978,241.627477980722,0.110377924415117,266.309854763699,33.7758840188106,11.0377924415117
2020-11-04,1932,18,1836,15,96,3,2128,18,33052,78,35180,96,2,18,1,65,21,0,"Anderson",76978,192.262724414768,0.11259842519685,124.710956377147,23.383304320715,11.259842519685
2020-11-05,1956,24,1854,18,102,6,2148,20,33151,99,35299,119,0,18,0,65,22,1,"Anderson",76978,185.767362103458,0.123711340206186,154.589623009171,31.1777390942867,12.3711340206186
2020-11-06,2005,49,1900,46,105,3,2197,49,33518,367,35715,416,0,18,2,67,23,1,"Anderson",76978,201.356231650601,0.111430625449317,540.414144300969,63.6545506508353,11.1430625449317
2020-11-07,2085,80,1977,77,108,3,2274,77,33965,447,36239,524,0,18,0,67,23,0,"Anderson",76978,305.282028631557,0.121212121212121,680.713970225259,103.925796980956,12.1212121212121
2020-11-08,2139,54,2028,51,111,3,2336,62,34575,610,36911,672,0,18,1,68,23,0,"Anderson",76978,368.936579282392,0.122536418166238,872.976694640027,70.149912962145,12.2536418166238
2020-11-09,2147,8,2035,7,112,1,2345,9,34649,74,36994,83,0,18,0,68,23,0,"Anderson",76978,336.459767725844,0.122931442080378,107.823014367741,10.3925796980956,12.2931442080378
2020-11-10,2166,19,2053,18,113,1,2367,22,34820,171,37187,193,0,18,1,69,23,0,"Anderson",76978,327.36626049001,0.122206371849738,250.720985216555,24.682376782977,12.2206371849738
2020-11-11,2205,39,2089,36,116,3,2409,42,35093,273,37502,315,1,19,1,70,23,0,"Anderson",76978,354.646782197511,0.121016365202412,409.207825612513,50.6638260282159,12.1016365202412
2020-11-12,2212,7,2095,6,117,1,2417,8,35291,198,37708,206,0,19,0,70,24,1,"Anderson",76978,332.562550339058,0.111664591116646,267.608927225961,9.09350723583361,11.1664591116646
2020-11-13,2268,56,2148,53,120,3,2476,59,35552,261,38028,320,2,21,2,72,24,0,"Anderson",76978,341.656057574892,0.120622568093385,415.703187923822,72.7480578866689,12.0622568093385
2020-11-14,2309,41,2188,40,121,1,2521,45,35948,396,38469,441,1,22,1,73,25,1,"Anderson",76978,290.992231546676,0.110762331838565,572.890955857518,53.2619709527397,11.0762331838565
2020-11-15,2407,98,2286,98,121,0,2629,108,36530,582,39159,690,1,23,1,74,25,0,"Anderson",76978,348.151419886201,0.130338078291815,896.359998960742,127.309101301671,13.0338078291815
2020-11-16,2456,49,2315,29,141,20,2658,29,36807,277,39465,306,0,23,1,75,25,0,"Anderson",76978,401.413390838941,0.126669364629705,397.516173452155,63.6545506508353,12.6669364629705
2020-11-17,2472,16,2330,15,142,1,2674,16,37012,205,39686,221,2,25,1,76,26,1,"Anderson",76978,397.516173452155,0.122849139655862,287.09501415989,20.7851593961911,12.2849139655862
2020-11-18,2502,30,2356,26,146,4,2700,26,37306,294,40006,320,0,25,0,76,27,1,"Anderson",76978,385.824521291798,0.116214057507987,415.703187923822,38.9721738678584,11.6214057507987
2020-11-19,2560,58,2410,54,150,4,2762,62,37722,416,40484,478,0,25,1,77,27,0,"Anderson",76978,452.077216867157,0.124279538904899,620.95663696121,75.3462028111928,12.4279538904899
2020-11-20,2590,30,2437,27,153,3,2793,31,37835,113,40628,144,0,25,0,77,28,1,"Anderson",76978,418.301332848346,0.121923076923077,187.06643456572,38.9721738678584,12.1923076923077
2020-11-21,2647,57,2486,49,161,8,2841,48,38179,344,41020,392,0,25,1,78,28,0,"Anderson",76978,439.086492244537,0.125441003528028,509.236405206682,74.0471303489309,12.5441003528028
2020-11-22,2703,56,2535,49,168,7,2898,57,38662,483,41560,540,0,25,1,79,31,3,"Anderson",76978,384.525448829536,0.112036651395252,701.49912962145,72.7480578866689,11.2036651395252
2020-11-23,2710,7,2541,6,169,1,2904,6,38684,22,41588,28,0,25,0,79,32,1,"Anderson",76978,329.964405414534,0.115873763542157,36.3740289433345,9.09350723583361,11.5873763542157
2020-11-24,2723,13,2553,12,170,1,2916,12,38841,157,41757,169,2,27,0,79,32,0,"Anderson",76978,326.067188027748,0.116851762433607,219.543246122269,16.8879420094053,11.6851762433607
2020-11-25,2751,28,2574,21,177,7,2937,21,38878,37,41815,58,1,28,0,79,32,0,"Anderson",76978,323.469043103224,0.131011608623549,75.3462028111928,36.3740289433345,13.1011608623549
2020-11-26,2796,45,2616,42,180,3,2982,45,39228,350,42210,395,0,28,1,80,33,1,"Anderson",76978,306.581101093819,0.127462340672074,513.133622593468,58.4582608017875,12.7462340672074
2020-11-27,2895,99,2706,90,189,9,3077,95,39654,426,42731,521,0,28,3,83,35,2,"Anderson",76978,396.217100989893,0.135045173561579,676.816752838473,128.608173763933,13.5045173561579
2020-11-28,2926,31,2731,25,195,6,3107,30,39797,143,42904,173,1,29,2,85,35,0,"Anderson",76978,362.441216971083,0.141188959660297,224.739535971316,40.2712463301203,14.1188959660297
2020-11-29,3017,91,2820,89,197,2,3203,96,40234,437,43437,533,0,29,1,86,35,0,"Anderson",76978,407.908753150251,0.162493340436867,692.405622385617,118.215594065837,16.2493340436867
2020-11-30,3087,70,2886,66,201,4,3276,73,40486,252,43762,325,0,29,0,86,37,2,"Anderson",76978,489.750318272753,0.171113155473781,422.198550235132,90.9350723583361,17.1113155473781
2020-12-01,3163,76,2952,66,211,10,3348,72,40916,430,44264,502,1,30,6,92,38,1,"Anderson",76978,571.591883395256,0.172317510969286,652.134376055496,98.7295071319078,17.2317510969286
2020-12-02,3178,15,2966,14,212,1,3364,16,41024,108,44388,124,0,30,0,92,38,0,"Anderson",76978,554.70394138585,0.165954139137194,161.084985320481,19.4860869339292,16.5954139137194
2020-12-03,3219,41,2995,29,224,12,3397,33,41249,225,44646,258,1,31,1,93,39,1,"Anderson",76978,549.507651536803,0.170361247947455,335.160695263582,53.2619709527397,17.0361247947455
2020-12-04,3286,67,3055,60,231,7,3460,63,41407,158,44867,221,1,32,0,93,39,0,"Anderson",76978,507.93733274442,0.179307116104869,287.09501415989,87.0378549715503,17.9307116104869
2020-12-05,3317,31,3074,19,243,12,3478,18,41474,67,44952,85,0,32,0,93,39,0,"Anderson",76978,507.93733274442,0.18115234375,110.421159292265,40.2712463301203,18.115234375
2020-12-06,3353,36,3103,29,250,7,3506,28,41682,208,45188,236,0,32,2,95,40,1,"Anderson",76978,436.488347320014,0.173043974871502,306.581101093819,46.76660864143,17.3043974871502
2020-12-07,3493,140,3227,124,266,16,3642,136,42275,593,45917,729,2,34,4,99,41,1,"Anderson",76978,527.42341967835,0.169837587006961,947.023824988958,181.870144716672,16.9837587006961
2020-12-08,3564,71,3276,49,288,22,3694,52,42573,298,46267,350,1,35,2,101,43,2,"Anderson",76978,520.92805736704,0.172740888667,454.675361791681,92.2341448205981,17.2740888666999
2020-12-09,3669,105,3367,91,302,14,3798,104,42834,261,46632,365,0,35,3,104,44,1,"Anderson",76978,637.844578970615,0.193404634581105,474.16144872561,136.402608537504,19.3404634581105
2020-12-10,3763,94,3445,78,318,16,3885,87,43365,531,47250,618,3,38,3,107,45,1,"Anderson",76978,706.695419470498,0.187403993855607,802.826781677882,122.112811452623,18.7403993855607
2020-12-11,3836,73,3498,53,338,20,3936,51,43531,166,47467,217,1,39,2,109,45,0,"Anderson",76978,714.48985424407,0.183076923076923,281.898724310842,94.832289745122,18.3076923076923
2020-12-12,3924,88,3559,61,365,27,4001,65,44044,513,48045,578,0,39,2,111,45,0,"Anderson",76978,788.536984593001,0.169091496928548,750.863883187404,114.318376679051,16.9091496928548
2020-12-13,4156,232,3742,183,414,49,4205,204,44916,872,49121,1076,1,40,0,111,47,2,"Anderson",76978,1043.15518719634,0.177726926010679,1397.80196939385,301.384811244771,17.7726926010679
2020-12-14,4271,115,3828,86,443,29,4304,99,45206,290,49510,389,0,40,1,112,48,1,"Anderson",76978,1010.67837563979,0.184247147230726,505.339187819897,149.393333160124,18.4247147230726
2020-12-15,4406,135,3913,85,493,50,4400,96,45733,527,50133,623,1,41,6,118,51,3,"Anderson",76978,1093.81901322456,0.182617692705639,809.322143989192,175.374782405363,18.2617692705639
2020-12-16,4475,69,3943,30,532,39,4436,36,46056,323,50492,359,2,43,4,122,52,1,"Anderson",76978,1047.05240458313,0.165284974093264,466.367013952038,89.6359998960742,16.5284974093264
2020-12-17,4676,201,4117,174,559,27,4630,194,46584,528,51214,722,2,45,2,124,54,2,"Anderson",76978,1186.05315804516,0.187941473259334,937.930317753124,261.113564914651,18.7941473259334
2020-12-18,4774,98,4193,76,581,22,4717,87,46950,366,51667,453,1,46,2,126,54,0,"Anderson",76978,1218.5299696017,0.185952380952381,588.479825404661,127.309101301671,18.5952380952381
2020-12-19,4879,105,4274,81,605,24,4804,87,47208,258,52012,345,0,46,1,127,55,1,"Anderson",76978,1240.61420146016,0.202419964708848,448.179999480371,136.402608537504,20.2419964708848
2020-12-20,5019,140,4396,122,623,18,4941,137,47672,464,52613,601,2,48,3,130,56,1,"Anderson",76978,1121.09953493206,0.210767468499427,780.742549819429,181.870144716672,21.0767468499427
2020-12-21,5066,47,4414,18,652,29,4964,23,47892,220,52856,243,3,51,2,132,59,3,"Anderson",76978,1032.76260749825,0.197250448296473,315.674608329653,61.0564057263114,19.7250448296473
2020-12-22,5136,70,4458,44,678,26,5011,47,47998,106,53009,153,1,52,2,134,64,5,"Anderson",76978,948.32289745122,0.212447844228095,198.758086726078,90.9350723583361,21.2447844228095
2020-12-23,5210,74,4500,42,710,32,5054,43,48314,316,53368,359,2,54,2,136,66,2,"Anderson",76978,954.81825976253,0.214881780250348,466.367013952038,96.1313622073839,21.4881780250348
2020-12-24,5268,58,4524,24,744,34,5081,27,48466,152,53547,179,1,55,1,137,71,5,"Anderson",76978,769.050897659071,0.193313330475782,232.533970744888,75.3462028111928,19.3313330475782
2020-12-25,5361,93,4601,77,760,16,5173,92,48875,409,54048,501,0,55,1,138,72,1,"Anderson",76978,762.555535347762,0.191516169676606,650.835303593234,120.813738990361,19.1516169676606
2020-12-26,5417,56,4630,29,787,27,5201,28,48994,119,54195,147,0,55,3,141,74,2,"Anderson",76978,698.900984696926,0.181859825927623,190.963651952506,72.7480578866689,18.1859825927623
2020-12-27,5477,60,4667,37,810,23,5237,36,49130,136,54367,172,1,56,6,147,75,1,"Anderson",76978,594.975187715971,0.168757126567845,223.440463509055,77.9443477357167,16.8757126567845
2020-12-28,5524,47,4688,21,836,26,5257,20,49199,69,54456,89,2,58,4,151,82,7,"Anderson",76978,594.975187715971,0.183125,115.617449141313,61.0564057263114,18.3125
2020-12-29,5620,96,4740,52,880,44,5305,48,49294,95,54599,143,2,60,5,156,85,3,"Anderson",76978,628.751071734781,0.184905660377358,185.767362103458,124.710956377147,18.4905660377358
2020-12-30,5655,35,4758,18,897,17,5322,17,49422,128,54744,145,6,66,1,157,88,3,"Anderson",76978,578.087245706566,0.194767441860465,188.365507027982,45.4675361791681,19.4767441860465
2020-12-31,5818,163,4858,100,960,63,5424,102,49726,304,55150,406,6,72,1,158,93,5,"Anderson",76978,714.48985424407,0.213973799126638,527.42341967835,211.748811348697,21.3973799126638
2021-01-01,5883,65,4900,42,983,23,5479,55,49953,227,55432,282,0,72,2,160,94,1,"Anderson",76978,678.115825300735,0.221098265895954,366.338434357868,84.4397100470264,22.1098265895954
2021-01-02,5976,93,4941,41,1035,52,5521,42,50114,161,55635,203,0,72,2,162,96,2,"Anderson",76978,726.181506404427,0.222222222222222,263.711709839175,120.813738990361,22.2222222222222
2021-01-03,6001,25,4953,12,1048,13,5537,16,50152,38,55689,54,0,72,1,163,99,3,"Anderson",76978,680.713970225259,0.226928895612708,70.149912962145,32.4768115565486,22.6928895612708
2021-01-04,6038,37,4977,24,1061,13,5568,31,50226,74,55794,105,1,73,0,163,104,5,"Anderson",76978,667.72324560264,0.232436472346786,136.402608537504,48.065681103692,23.2436472346786
2021-01-05,6110,72,5008,31,1102,41,5599,31,50323,97,55922,128,2,75,2,165,107,3,"Anderson",76978,636.545506508353,0.222222222222222,166.281275169529,93.53321728286,22.2222222222222
2021-01-06,6185,75,5049,41,1136,34,5643,44,50441,118,56084,162,5,80,2,167,109,2,"Anderson",76978,688.508404998831,0.23955223880597,210.449738886435,97.4304346696459,23.955223880597
2021-01-07,6290,105,5129,80,1161,25,5735,92,50607,166,56342,258,1,81,1,168,112,3,"Anderson",76978,613.162202187638,0.260906040268456,335.160695263582,136.402608537504,26.0906040268456
2021-01-08,6373,83,5180,51,1193,32,5787,52,50711,104,56498,156,5,86,2,170,115,3,"Anderson",76978,636.545506508353,0.288930581613508,202.655304112863,107.823014367741,28.8930581613508
2021-01-09,6483,110,5249,69,1234,41,5863,76,51031,320,56894,396,2,88,0,170,117,2,"Anderson",76978,658.629738366806,0.27164416203336,514.43269505573,142.897970848814,27.164416203336
2021-01-10,6543,60,5274,25,1269,35,5888,25,51088,57,56976,82,2,90,3,173,118,1,"Anderson",76978,704.097274545974,0.272727272727273,106.523941905479,77.9443477357167,27.2727272727273
2021-01-11,6576,33,5284,10,1292,23,5901,13,51142,54,57043,67,1,91,1,174,120,2,"Anderson",76978,698.900984696926,0.266613290632506,87.0378549715503,42.8693912546442,26.6613290632506
2021-01-12,6629,53,5318,34,1311,19,5939,38,51267,125,57206,163,2,93,1,175,120,0,"Anderson",76978,674.218607913949,0.264797507788162,211.748811348697,68.8508404998831,26.4797507788162
2021-01-13,6655,26,5335,17,1320,9,5958,19,51330,63,57288,82,3,96,0,175,121,1,"Anderson",76978,610.564057263114,0.261627906976744,106.523941905479,33.7758840188106,26.1627906976744
2021-01-14,6752,97,5397,62,1355,35,6032,74,51611,281,57643,355,5,101,2,177,123,2,"Anderson",76978,600.171477565019,0.228285933897002,461.17072410299,126.010028839409,22.8285933897002
2021-01-15,6786,34,5417,20,1369,14,6056,24,51731,120,57787,144,0,101,1,178,126,3,"Anderson",76978,536.516926914183,0.208688906128782,187.06643456572,44.1684637169061,20.8688906128782
2021-01-16,6851,65,5448,31,1403,34,6090,34,51888,157,57978,191,1,102,1,179,129,3,"Anderson",76978,478.058666112396,0.209409594095941,248.122840292031,84.4397100470264,20.9409594095941
2021-01-17,6888,37,5468,20,1420,17,6113,23,51971,83,58084,106,0,102,0,179,131,2,"Anderson",76978,448.179999480371,0.203068592057762,137.701680999766,48.065681103692,20.3068592057762
2021-01-18,6907,19,5476,8,1431,11,6123,10,52047,76,58170,86,1,103,0,179,132,1,"Anderson",76978,429.992985008704,0.19698314108252,111.720231754527,24.682376782977,19.698314108252
2021-01-19,6949,42,5493,17,1456,25,6143,20,52131,84,58274,104,1,104,0,179,134,2,"Anderson",76978,415.703187923822,0.191011235955056,135.103536075242,54.5610434150017,19.1011235955056
2021-01-20,6977,28,5509,16,1468,12,6162,19,52248,117,58410,136,3,107,0,179,137,3,"Anderson",76978,418.301332848346,0.181818181818182,176.673854867625,36.3740289433345,18.1818181818182
2021-01-21,7033,56,5549,40,1484,16,6201,39,52432,184,58633,223,5,112,2,181,138,1,"Anderson",76978,365.039361895607,0.170707070707071,289.693159084414,72.7480578866689,17.0707070707071
2021-01-22,7071,38,5567,18,1504,20,6223,22,52534,102,58757,124,2,114,0,181,141,3,"Anderson",76978,370.235651744654,0.172164948453608,161.084985320481,49.3647535659539,17.2164948453608
2021-01-23,7109,38,5581,14,1528,24,6236,13,52709,175,58945,188,0,114,1,182,141,0,"Anderson",76978,335.160695263582,0.150982419855222,244.225622905246,49.3647535659539,15.0982419855222
2021-01-24,7122,13,5593,12,1529,1,6250,14,52763,54,59013,68,0,114,0,182,143,2,"Anderson",76978,303.982956169295,0.147470398277718,88.3369274338123,16.8879420094053,14.7470398277718
2021-01-25,7139,17,5604,11,1535,6,6261,11,52813,50,59074,61,2,116,1,183,145,2,"Anderson",76978,301.384811244771,0.152654867256637,79.2434201979787,22.0842318584531,15.2654867256637
2021-01-26,7166,27,5625,21,1541,6,6286,25,52938,125,59224,150,0,116,1,184,148,3,"Anderson",76978,281.898724310842,0.150526315789474,194.860869339292,35.0749564810725,15.0526315789474
2021-01-27,7183,17,5633,8,1550,9,6295,9,52999,61,59294,70,4,120,0,184,150,2,"Anderson",76978,267.608927225961,0.150452488687783,90.9350723583361,22.0842318584531,15.0452488687783
2021-01-28,7270,87,5673,40,1597,47,6342,47,53147,148,59489,195,4,124,0,184,151,1,"Anderson",76978,307.880173556081,0.164719626168224,253.319130141079,113.019304216789,16.4719626168224
2021-01-29,7283,13,5677,4,1606,9,6347,5,53182,35,59529,40,1,125,1,185,151,0,"Anderson",76978,275.403361999532,0.160621761658031,51.9628984904778,16.8879420094053,16.0621761658031
2021-01-30,7323,40,5712,35,1611,5,6383,36,53392,210,59775,246,2,127,2,187,152,1,"Anderson",76978,278.001506924056,0.17710843373494,319.571825716438,51.9628984904778,17.710843373494
2021-01-31,7339,16,5719,7,1620,9,6394,11,53508,116,59902,127,1,128,0,187,154,2,"Anderson",76978,281.898724310842,0.161979752530934,164.982202707267,20.7851593961911,16.1979752530934
2021-02-01,7359,20,5732,13,1627,7,6407,13,53552,44,59959,57,1,129,1,188,156,2,"Anderson",76978,285.795941697628,0.164971751412429,74.0471303489309,25.9814492452389,16.4971751412429
2021-02-02,7366,7,5738,6,1628,1,6412,5,53602,50,60014,55,5,134,0,188,157,1,"Anderson",76978,259.814492452389,0.159493670886076,71.448985424407,9.09350723583361,15.9493670886076
2021-02-03,7388,22,5744,6,1644,16,6422,10,53730,128,60152,138,4,138,0,188,158,1,"Anderson",76978,266.309854763699,0.148018648018648,179.271999792148,28.5795941697628,14.8018648018648
2021-02-04,7419,31,5759,15,1660,16,6439,17,53967,237,60406,254,2,140,0,188,158,0,"Anderson",76978,193.56179687703,0.105779716466739,329.964405414534,40.2712463301203,10.5779716466739
2021-02-05,7437,18,5770,11,1667,7,6456,17,54079,112,60535,129,2,142,0,188,159,1,"Anderson",76978,200.05715918834,0.108349900596421,167.580347631791,23.383304320715,10.8349900596421
2021-02-06,7464,27,5786,16,1678,11,6476,20,54235,156,60711,176,1,143,1,189,159,0,"Anderson",76978,183.169217178934,0.0993589743589744,228.636753358102,35.0749564810725,9.93589743589744
2021-02-07,7477,13,5793,7,1684,6,6484,8,54317,82,60801,90,0,143,0,189,159,0,"Anderson",76978,179.271999792148,0.100111234705228,116.916521603575,16.8879420094053,10.0111234705228
2021-02-08,7502,25,5799,6,1703,19,6489,5,54333,16,60822,21,2,145,0,189,159,0,"Anderson",76978,185.767362103458,0.0950173812282735,27.2805217075008,32.4768115565486,9.50173812282735
2021-02-09,7526,24,5809,10,1717,14,6500,11,54462,129,60962,140,2,147,2,191,159,0,"Anderson",76978,207.851593961911,0.0928270042194093,181.870144716672,31.1777390942867,9.28270042194093
2021-02-10,7551,25,5824,15,1727,10,6519,19,54590,128,61109,147,1,148,1,192,159,0,"Anderson",76978,211.748811348697,0.101358411703239,190.963651952506,32.4768115565486,10.1358411703239
2021-02-11,7564,13,5832,8,1732,5,6530,11,54734,144,61264,155,-1,147,0,192,160,1,"Anderson",76978,188.365507027982,0.106060606060606,201.356231650601,16.8879420094053,10.6060606060606
2021-02-12,7591,27,5847,15,1744,12,6545,15,54873,139,61418,154,0,147,0,192,160,0,"Anderson",76978,200.05715918834,0.10079275198188,200.05715918834,35.0749564810725,10.079275198188
2021-02-13,7618,27,5858,11,1760,16,6555,10,54989,116,61544,126,0,147,0,192,160,0,"Anderson",76978,200.05715918834,0.0948379351740696,163.683130245005,35.0749564810725,9.48379351740696
2021-02-14,7631,13,5867,9,1764,4,6566,11,55034,45,61600,56,2,149,0,192,160,0,"Anderson",76978,200.05715918834,0.102628285356696,72.7480578866689,16.8879420094053,10.2628285356696
2021-02-15,7648,17,5875,8,1773,9,6575,9,55093,59,61668,68,0,149,1,193,161,1,"Anderson",76978,189.664579490244,0.101654846335697,88.3369274338123,22.0842318584531,10.1654846335697
2021-02-16,7677,29,5889,14,1788,15,6592,17,55157,64,61749,81,0,149,0,193,161,0,"Anderson",76978,196.159941801554,0.116899618805591,105.224869443218,37.6731014055964,11.6899618805591
2021-02-17,7696,19,5901,12,1795,7,6604,12,55238,81,61842,93,0,149,0,193,163,2,"Anderson",76978,188.365507027982,0.115961800818554,120.813738990361,24.682376782977,11.5961800818554
2021-02-18,7720,24,5923,22,1797,2,6630,26,55346,108,61976,134,0,149,0,193,163,0,"Anderson",76978,202.655304112863,0.140449438202247,174.075709943101,31.1777390942867,14.0449438202247
2021-02-19,7733,13,5934,11,1799,2,6645,15,55379,33,62024,48,0,149,0,193,164,1,"Anderson",76978,184.468289641196,0.165016501650165,62.3554781885734,16.8879420094053,16.5016501650165
2021-02-20,7752,19,5941,7,1811,12,6654,9,55472,93,62126,102,1,150,0,193,165,1,"Anderson",76978,174.075709943101,0.170103092783505,132.505391150718,24.682376782977,17.0103092783505
2021-02-21,7764,12,5948,7,1816,5,6661,7,55519,47,62180,54,2,152,1,194,165,0,"Anderson",76978,172.776637480839,0.163793103448276,70.149912962145,15.5888695471433,16.3793103448276
2021-02-22,7769,5,5950,2,1819,3,6667,6,55542,23,62209,29,1,153,0,194,166,1,"Anderson",76978,157.187767933695,0.170055452865065,37.6731014055964,6.49536231130973,17.0055452865065
2021-02-23,7793,24,5959,9,1834,15,6675,8,55644,102,62319,110,2,155,0,194,168,2,"Anderson",76978,150.692405622386,0.145614035087719,142.897970848814,31.1777390942867,14.5614035087719
2021-02-24,7825,32,5978,19,1847,13,6698,23,55771,127,62469,150,0,155,0,194,168,0,"Anderson",76978,167.580347631791,0.149920255183413,194.860869339292,41.5703187923822,14.9920255183413
2021-02-25,7842,17,5986,8,1856,9,6709,11,55867,96,62576,107,1,156,0,194,168,0,"Anderson",76978,158.486840395957,0.131666666666667,139.000753462028,22.0842318584531,13.1666666666667
2021-02-26,7854,12,5994,8,1860,4,6718,9,55941,74,62659,83,0,156,0,194,168,0,"Anderson",76978,157.187767933695,0.11496062992126,107.823014367741,15.5888695471433,11.496062992126
2021-02-27,7863,9,6001,7,1862,2,6724,6,56009,68,62733,74,0,156,0,194,168,0,"Anderson",76978,144.197043311076,0.115321252059308,96.1313622073839,11.6916521603575,11.5321252059308
2021-02-28,7877,14,6011,10,1866,4,6735,11,56064,55,62799,66,0,156,0,194,168,0,"Anderson",76978,146.7951882356,0.119547657512116,85.7387825092884,18.1870144716672,11.9547657512116
2021-03-01,7885,8,6016,5,1869,3,6742,7,56095,31,62837,38,0,156,0,194,169,1,"Anderson",76978,150.692405622386,0.119426751592357,49.3647535659539,10.3925796980956,11.9426751592357
2021-03-02,7908,23,6027,11,1881,12,6752,10,56188,93,62940,103,1,157,1,195,169,0,"Anderson",76978,149.393333160124,0.123993558776167,133.80446361298,29.8786666320247,12.3993558776167
2021-03-03,7941,33,6048,21,1893,12,6777,25,56286,98,63063,123,1,158,0,195,170,1,"Anderson",76978,150.692405622386,0.132996632996633,159.785912858219,42.8693912546442,13.2996632996633
2021-03-04,7966,25,6061,13,1905,12,6794,17,56406,120,63200,137,0,158,0,195,170,0,"Anderson",76978,161.084985320481,0.136217948717949,177.972927329886,32.4768115565486,13.6217948717949
2021-03-05,7999,33,6078,17,1921,16,6816,22,56497,91,63313,113,0,158,2,197,170,0,"Anderson",76978,188.365507027982,0.149847094801223,146.7951882356,42.8693912546442,14.9847094801223
2021-03-06,8010,11,6083,5,1927,6,6824,8,56570,73,63394,81,0,158,0,197,170,0,"Anderson",76978,190.963651952506,0.151285930408472,105.224869443218,14.2897970848814,15.1285930408472
2021-03-07,8016,6,6086,3,1930,3,6827,3,56600,30,63427,33,0,158,0,197,170,0,"Anderson",76978,180.57107225441,0.146496815286624,42.8693912546442,7.79443477357167,14.6496815286624
2021-03-08,8032,16,6093,7,1939,9,6836,9,56657,57,63493,66,1,159,0,197,170,0,"Anderson",76978,190.963651952506,0.143292682926829,85.7387825092884,20.7851593961911,14.3292682926829
2021-03-09,8053,21,6101,8,1952,13,6844,8,56710,53,63554,61,0,159,3,200,171,1,"Anderson",76978,188.365507027982,0.149837133550489,79.2434201979787,27.2805217075008,14.9837133550489
2021-03-10,8075,22,6114,13,1961,9,6860,16,56837,127,63697,143,0,159,1,201,171,0,"Anderson",76978,174.075709943101,0.130914826498423,185.767362103458,28.5795941697628,13.0914826498423
2021-03-11,8098,23,6124,10,1974,13,6870,10,56905,68,63775,78,0,159,1,202,172,1,"Anderson",76978,171.477565018577,0.132173913043478,101.327652056432,29.8786666320247,13.2173913043478
2021-03-12,8118,20,6141,17,1977,3,6890,20,56988,83,63878,103,0,159,0,202,172,0,"Anderson",76978,154.589623009171,0.130973451327434,133.80446361298,25.9814492452389,13.0973451327434
2021-03-13,8129,11,6145,4,1984,7,6894,4,57038,50,63932,54,0,159,1,203,172,0,"Anderson",76978,154.589623009171,0.130111524163569,70.149912962145,14.2897970848814,13.0111524163569
2021-03-14,8135,6,6149,4,1986,2,6900,6,57068,30,63968,36,0,159,1,204,172,0,"Anderson",76978,154.589623009171,0.134935304990758,46.76660864143,7.79443477357167,13.4935304990758
2021-03-15,8154,19,6155,6,1999,13,6906,6,57096,28,64002,34,0,159,1,205,172,0,"Anderson",76978,158.486840395957,0.137524557956778,44.1684637169061,24.682376782977,13.7524557956778
2021-03-16,8187,33,6168,13,2019,20,6921,15,57175,79,64096,94,0,159,2,207,172,0,"Anderson",76978,174.075709943101,0.142066420664207,122.112811452623,42.8693912546442,14.2066420664207
2021-03-17,8205,18,6180,12,2025,6,6934,13,57246,71,64180,84,0,159,0,207,173,1,"Anderson",76978,168.879420094053,0.153209109730849,109.122086830003,23.383304320715,15.3209109730849
2021-03-18,8221,16,6192,12,2029,4,6949,15,57306,60,64255,75,1,160,0,207,173,0,"Anderson",76978,159.785912858219,0.164583333333333,97.4304346696459,20.7851593961911,16.4583333333333
2021-03-19,8245,24,6206,14,2039,10,6962,13,57394,88,64356,101,0,160,1,208,173,0,"Anderson",76978,164.982202707267,0.150627615062762,131.206318688456,31.1777390942867,15.0627615062762
2021-03-20,8257,12,6212,6,2045,6,6970,8,57420,26,64390,34,0,160,1,209,173,0,"Anderson",76978,166.281275169529,0.165938864628821,44.1684637169061,15.5888695471433,16.5938864628821
2021-03-21,8267,10,6218,6,2049,4,6977,7,57452,32,64429,39,-1,159,0,209,173,0,"Anderson",76978,171.477565018577,0.167028199566161,50.6638260282159,12.9907246226195,16.7028199566161
2021-03-22,8275,8,6219,1,2056,7,6978,1,57502,50,64480,51,0,159,1,210,173,0,"Anderson",76978,157.187767933695,0.150627615062762,66.2526955753592,10.3925796980956,15.0627615062762
2021-03-23,8281,6,6220,1,2061,5,6979,1,57532,30,64511,31,0,159,0,210,174,1,"Anderson",76978,122.112811452623,0.139759036144578,40.2712463301203,7.79443477357167,13.9759036144578
2021-03-24,8289,8,6227,7,2062,1,6986,7,57629,97,64615,104,1,160,0,210,174,0,"Anderson",76978,109.122086830003,0.119540229885057,135.103536075242,10.3925796980956,11.9540229885057
2021-03-25,8299,10,6232,5,2067,5,6992,6,57709,80,64701,86,0,160,0,210,174,0,"Anderson",76978,101.327652056432,0.0964125560538117,111.720231754527,12.9907246226195,9.64125560538117
2021-03-26,8316,17,6244,12,2072,5,7003,11,57765,56,64768,67,0,160,0,210,175,1,"Anderson",76978,92.2341448205981,0.0995145631067961,87.0378549715503,22.0842318584531,9.95145631067961
2021-03-27,8320,4,6248,4,2072,0,7009,6,57814,49,64823,55,1,161,2,212,175,0,"Anderson",76978,81.8415651225025,0.0900692840646651,71.448985424407,5.19628984904778,9.00692840646651
2021-03-28,8323,3,6248,0,2075,3,7009,0,57830,16,64839,16,1,162,0,212,176,1,"Anderson",76978,72.7480578866689,0.0780487804878049,20.7851593961911,3.89721738678583,7.80487804878049
2021-03-29,8338,15,6252,4,2086,11,7013,4,57893,63,64906,67,1,163,0,212,177,1,"Anderson",76978,81.8415651225025,0.0821596244131455,87.0378549715503,19.4860869339292,8.21596244131455
2021-03-30,8343,5,6255,3,2088,2,7016,3,57937,44,64953,47,1,164,0,212,177,0,"Anderson",76978,80.5424926602406,0.083710407239819,61.0564057263114,6.49536231130973,8.3710407239819
2021-03-31,8366,23,6269,14,2097,9,7032,16,58069,132,65101,148,1,165,1,213,177,0,"Anderson",76978,100.02857959417,0.0946502057613169,192.262724414768,29.8786666320247,9.46502057613169
2021-04-01,8376,10,6274,5,2102,5,7036,4,58104,35,65140,39,0,165,0,213,177,0,"Anderson",76978,100.02857959417,0.100227790432802,50.6638260282159,12.9907246226195,10.0227790432802
2021-04-02,8384,8,6280,6,2104,2,7044,8,58156,52,65200,60,0,165,0,213,177,0,"Anderson",76978,88.3369274338123,0.0949074074074074,77.9443477357167,10.3925796980956,9.49074074074074
2021-04-03,8390,6,6285,5,2105,1,7050,6,58195,39,65245,45,0,165,0,213,177,0,"Anderson",76978,90.9350723583361,0.0971563981042654,58.4582608017875,7.79443477357167,9.71563981042654
2021-04-04,8392,2,6287,2,2105,0,7052,2,58227,32,65279,34,0,165,0,213,177,0,"Anderson",76978,89.6359998960742,0.0977272727272727,44.1684637169061,2.59814492452389,9.77272727272727
2021-04-05,8406,14,6290,3,2116,11,7054,2,58275,48,65329,50,0,165,2,215,177,0,"Anderson",76978,88.3369274338123,0.0969267139479905,64.9536231130973,18.1870144716672,9.69267139479905
2021-04-06,8411,5,6294,4,2117,1,7060,6,58305,30,65365,36,0,165,0,215,177,0,"Anderson",76978,88.3369274338123,0.106796116504854,46.76660864143,6.49536231130973,10.6796116504854
2021-04-07,8431,20,6307,13,2124,7,7074,14,58438,133,65512,147,0,165,2,217,177,0,"Anderson",76978,84.4397100470264,0.102189781021898,190.963651952506,25.9814492452389,10.2189781021898
2021-04-08,8434,3,6309,2,2125,1,7077,3,58499,61,65576,64,5,170,1,218,177,0,"Anderson",76978,75.3462028111928,0.0940366972477064,83.1406375847645,3.89721738678583,9.40366972477064
2021-04-09,8442,8,6315,6,2127,2,7086,9,58565,66,65651,75,-4,166,0,218,177,0,"Anderson",76978,75.3462028111928,0.0931263858093126,97.4304346696459,10.3925796980956,9.31263858093126
2021-04-10,8447,5,6320,5,2127,0,7091,5,58620,55,65711,60,0,166,0,218,177,0,"Anderson",76978,74.0471303489309,0.0879828326180258,77.9443477357167,6.49536231130973,8.79828326180258
2021-04-11,8454,7,6325,5,2129,2,7096,5,58655,35,65751,40,-1,165,0,218,177,0,"Anderson",76978,80.5424926602406,0.0932203389830508,51.9628984904778,9.09350723583361,9.32203389830508
2021-04-12,8457,3,6328,3,2129,0,7099,3,58709,54,65808,57,0,165,0,218,177,0,"Anderson",76978,66.2526955753592,0.0939457202505219,74.0471303489309,3.89721738678583,9.39457202505219
2021-04-13,8467,10,6333,5,2134,5,7105,6,58743,34,65848,40,5,170,0,218,177,0,"Anderson",76978,72.7480578866689,0.093167701863354,51.9628984904778,12.9907246226195,9.3167701863354
2021-04-14,8481,14,6342,9,2139,5,7116,11,58855,112,65971,123,0,170,0,218,177,0,"Anderson",76978,64.9536231130973,0.0915032679738562,159.785912858219,18.1870144716672,9.15032679738562
2021-04-15,8490,9,6347,5,2143,4,7121,5,58916,61,66037,66,0,170,0,218,177,0,"Anderson",76978,72.7480578866689,0.0954446854663774,85.7387825092884,11.6916521603575,9.54446854663774
2021-04-16,8503,13,6358,11,2145,2,7134,13,59038,122,66172,135,0,170,0,218,177,0,"Anderson",76978,79.2434201979786,0.0921305182341651,175.374782405363,16.8879420094053,9.21305182341651
2021-04-17,8508,5,6361,3,2147,2,7137,3,59091,53,66228,56,0,170,0,218,177,0,"Anderson",76978,79.2434201979786,0.0889748549323017,72.7480578866689,6.49536231130973,8.89748549323017
2021-04-18,8515,7,6367,6,2148,1,7143,6,59126,35,66269,41,0,170,0,218,177,0,"Anderson",76978,79.2434201979786,0.0907335907335907,53.2619709527397,9.09350723583361,9.07335907335907
2021-04-19,8521,6,6370,3,2151,3,7146,3,59144,18,66290,21,0,170,0,218,178,1,"Anderson",76978,83.1406375847645,0.0975103734439834,27.2805217075008,7.79443477357167,9.75103734439834
2021-04-20,8527,6,6373,3,2154,3,7149,3,59215,71,66364,74,0,170,0,218,178,0,"Anderson",76978,77.9443477357167,0.0852713178294574,96.1313622073839,7.79443477357167,8.52713178294574
2021-04-21,8539,12,6379,6,2160,6,7155,6,59335,120,66490,126,1,171,0,218,178,0,"Anderson",76978,75.3462028111928,0.0751445086705202,163.683130245005,15.5888695471433,7.51445086705202
2021-04-22,8557,18,6385,6,2172,12,7162,7,59424,89,66586,96,0,171,0,218,178,0,"Anderson",76978,87.0378549715503,0.0746812386156648,124.710956377147,23.383304320715,7.46812386156649
2021-04-23,8567,10,6390,5,2177,5,7168,6,59489,65,66657,71,0,171,0,218,178,0,"Anderson",76978,83.1406375847645,0.0701030927835052,92.2341448205981,12.9907246226195,7.01030927835052
2021-04-24,8579,12,6396,6,2183,6,7175,7,59535,46,66710,53,0,171,1,219,178,0,"Anderson",76978,92.2341448205981,0.0788381742738589,68.8508404998831,15.5888695471433,7.88381742738589
2021-04-25,8583,4,6398,2,2185,2,7177,2,59568,33,66745,35,0,171,0,219,178,0,"Anderson",76978,88.3369274338123,0.0714285714285714,45.4675361791681,5.19628984904778,7.14285714285714
2021-04-26,8592,9,6402,4,2190,5,7181,4,59619,51,66800,55,0,171,0,219,179,1,"Anderson",76978,92.2341448205981,0.0686274509803922,71.448985424407,11.6916521603575,6.86274509803922
2021-04-27,8602,10,6408,6,2194,4,7187,6,59663,44,66850,50,0,171,0,219,179,0,"Anderson",76978,97.4304346696459,0.0781893004115226,64.9536231130973,12.9907246226195,7.81893004115226
2021-04-28,8619,17,6420,12,2199,5,7200,13,59761,98,66961,111,0,171,1,220,180,1,"Anderson",76978,103.925796980956,0.0955414012738854,144.197043311076,22.0842318584531,9.55414012738854
2021-04-29,8625,6,6422,2,2203,4,7203,3,59864,103,67067,106,0,171,0,220,180,0,"Anderson",76978,88.3369274338123,0.0852390852390852,137.701680999766,7.79443477357167,8.52390852390852
2021-04-30,8633,8,6425,3,2208,5,7207,4,59938,74,67145,78,0,171,0,220,180,0,"Anderson",76978,85.7387825092884,0.0799180327868853,101.327652056432,10.3925796980956,7.99180327868853
2021-05-01,8638,5,6428,3,2210,2,7210,3,59982,44,67192,47,0,171,1,221,180,0,"Anderson",76978,76.6452752734548,0.0726141078838174,61.0564057263114,6.49536231130973,7.26141078838174
2021-05-02,8641,3,6429,1,2212,2,7211,1,60018,36,67229,37,0,171,0,221,180,0,"Anderson",76978,75.3462028111928,0.0702479338842975,48.065681103692,3.89721738678583,7.02479338842975
2021-05-03,8651,10,6434,5,2217,5,7216,5,60077,59,67293,64,0,171,0,221,180,0,"Anderson",76978,76.6452752734548,0.0709939148073022,83.1406375847645,12.9907246226195,7.09939148073022
2021-05-04,8653,2,6434,0,2219,2,7217,1,60106,29,67323,30,0,171,0,221,180,0,"Anderson",76978,66.2526955753592,0.0634249471458774,38.9721738678584,2.59814492452389,6.34249471458774
2021-05-05,8661,8,6438,4,2223,4,7220,3,60185,79,67405,82,0,171,0,221,180,0,"Anderson",76978,54.5610434150017,0.045045045045045,106.523941905479,10.3925796980956,4.5045045045045
2021-05-06,8666,5,6441,3,2225,2,7226,6,60226,41,67452,47,0,171,1,222,180,0,"Anderson",76978,53.2619709527397,0.0597402597402597,61.0564057263114,6.49536231130973,5.97402597402597
2021-05-07,8671,5,6443,2,2228,3,7229,3,60284,58,67513,61,0,171,0,222,180,0,"Anderson",76978,49.3647535659539,0.0597826086956522,79.2434201979787,6.49536231130973,5.97826086956522
2021-05-08,8677,6,6446,3,2231,3,7231,2,60328,44,67559,46,0,171,1,223,181,1,"Anderson",76978,50.6638260282159,0.0572207084468665,59.7573332640495,7.79443477357167,5.72207084468665
2021-05-09,8678,1,6446,0,2232,1,7232,1,60349,21,67581,22,0,171,0,223,181,0,"Anderson",76978,48.065681103692,0.0596590909090909,28.5795941697628,1.29907246226194,5.96590909090909
2021-05-10,8683,5,6446,0,2237,5,7232,0,60413,64,67645,64,0,171,0,223,181,0,"Anderson",76978,41.5703187923822,0.0454545454545455,83.1406375847645,6.49536231130973,4.54545454545455
2021-05-11,8691,8,6447,1,2244,7,7234,2,60434,21,67668,23,0,171,0,223,182,1,"Anderson",76978,49.3647535659539,0.0492753623188406,29.8786666320247,10.3925796980956,4.92753623188406
2021-05-12,8704,13,6454,7,2250,6,7240,6,60502,68,67742,74,0,171,2,225,182,0,"Anderson",76978,55.8601158772636,0.0593471810089021,96.1313622073839,16.8879420094053,5.93471810089021
2021-05-13,8708,4,6456,2,2252,2,7242,2,60564,62,67806,64,0,171,2,227,182,0,"Anderson",76978,54.5610434150017,0.0451977401129944,83.1406375847645,5.19628984904778,4.51977401129944
2021-05-14,8716,8,6459,3,2257,5,7247,5,60628,64,67875,69,0,171,0,227,182,0,"Anderson",76978,58.4582608017875,0.0497237569060773,89.6359998960742,10.3925796980956,4.97237569060773
2021-05-15,8721,5,6461,2,2260,3,7249,2,60671,43,67920,45,0,171,0,227,182,0,"Anderson",76978,57.1591883395256,0.0498614958448753,58.4582608017875,6.49536231130973,4.98614958448753
2021-05-16,8723,2,6462,1,2261,1,7250,1,60697,26,67947,27,0,171,0,227,182,0,"Anderson",76978,58.4582608017875,0.0491803278688525,35.0749564810725,2.59814492452389,4.91803278688525
2021-05-17,8729,6,6467,5,2262,1,7255,5,60742,45,67997,50,1,172,0,227,182,0,"Anderson",76978,59.7573332640495,0.0653409090909091,64.9536231130973,7.79443477357167,6.53409090909091
2021-05-18,8733,4,6467,0,2266,4,7255,0,60804,62,68059,62,0,172,1,228,182,0,"Anderson",76978,54.5610434150017,0.0537084398976982,80.5424926602406,5.19628984904778,5.37084398976982
2021-05-19,8740,7,6472,5,2268,2,7261,6,60892,88,68153,94,0,172,0,228,182,0,"Anderson",76978,46.76660864143,0.0510948905109489,122.112811452623,9.09350723583361,5.10948905109489
2021-05-20,8742,2,6474,2,2268,0,7263,2,60976,84,68239,86,0,172,0,228,182,0,"Anderson",76978,44.1684637169061,0.0484988452655889,111.720231754527,2.59814492452389,4.84988452655889
2021-05-21,8744,2,6474,0,2270,2,7263,0,61025,49,68288,49,0,172,0,228,182,0,"Anderson",76978,36.3740289433345,0.0387409200968523,63.6545506508353,2.59814492452389,3.87409200968523
2021-05-22,8749,5,6476,2,2273,3,7265,2,61050,25,68315,27,0,172,0,228,182,0,"Anderson",76978,36.3740289433345,0.040506329113924,35.0749564810725,6.49536231130973,4.05063291139241
2021-05-23,8749,0,6476,0,2273,0,7265,0,61071,21,68336,21,0,172,0,228,182,0,"Anderson",76978,33.7758840188106,0.038560411311054,27.2805217075008,0,3.8560411311054
2021-05-24,8757,8,6480,4,2277,4,7268,3,61117,46,68385,49,0,172,0,228,182,0,"Anderson",76978,36.3740289433345,0.0335051546391753,63.6545506508353,10.3925796980956,3.35051546391753
2021-05-25,8759,2,6480,0,2279,2,7269,1,61142,25,68411,26,0,172,0,228,182,0,"Anderson",76978,33.7758840188106,0.0397727272727273,33.7758840188106,2.59814492452389,3.97727272727273
2021-05-26,8766,7,6485,5,2281,2,7275,6,61210,68,68485,74,0,172,0,228,182,0,"Anderson",76978,33.7758840188106,0.0421686746987952,96.1313622073839,9.09350723583361,4.21686746987952
2021-05-27,8768,2,6486,1,2282,1,7276,1,61239,29,68515,30,0,172,1,229,182,0,"Anderson",76978,33.7758840188106,0.0471014492753623,38.9721738678584,2.59814492452389,4.71014492753623
2021-05-28,8773,5,6490,4,2283,1,7281,5,61291,52,68572,57,0,172,0,229,182,0,"Anderson",76978,37.6731014055964,0.0633802816901408,74.0471303489309,6.49536231130973,6.33802816901408
2021-05-29,8774,1,6490,0,2284,1,7281,0,61314,23,68595,23,0,172,0,229,182,0,"Anderson",76978,32.4768115565486,0.0571428571428571,29.8786666320247,1.29907246226194,5.71428571428571
2021-05-30,8777,3,6491,1,2286,2,7282,1,61342,28,68624,29,0,172,0,229,182,0,"Anderson",76978,36.3740289433345,0.0590277777777778,37.6731014055964,3.89721738678583,5.90277777777778
2021-05-31,8781,4,6494,3,2287,1,7285,3,61378,36,68663,39,0,172,0,229,182,0,"Anderson",76978,31.1777390942867,0.0611510791366906,50.6638260282159,5.19628984904778,6.11510791366906
2021-06-01,8784,3,6496,2,2288,1,7286,1,61408,30,68694,31,0,172,1,230,182,0,"Anderson",76978,32.4768115565486,0.0600706713780919,40.2712463301203,3.89721738678583,6.00706713780919
2021-06-02,8788,4,6497,1,2291,3,7288,2,61437,29,68725,31,0,172,0,230,182,0,"Anderson",76978,28.5795941697628,0.0541666666666667,40.2712463301203,5.19628984904778,5.41666666666667
2021-06-03,8789,1,6497,0,2292,1,7291,3,61485,48,68776,51,1,173,0,230,183,1,"Anderson",76978,27.2805217075008,0.0574712643678161,66.2526955753592,1.29907246226194,5.74712643678161
2021-06-04,8790,1,6498,1,2292,0,7293,2,61515,30,68808,32,-1,172,0,230,183,0,"Anderson",76978,22.0842318584531,0.0508474576271186,41.5703187923822,1.29907246226194,5.08474576271187
2021-06-05,8791,1,6499,1,2292,0,7294,1,61553,38,68847,39,0,172,0,230,183,0,"Anderson",76978,22.0842318584531,0.0515873015873016,50.6638260282159,1.29907246226194,5.15873015873016
2021-06-06,8791,0,6499,0,2292,0,7294,0,61573,20,68867,20,0,172,0,230,183,0,"Anderson",76978,18.1870144716672,0.0493827160493827,25.9814492452389,0,4.93827160493827
2021-06-07,8792,1,6499,0,2293,1,7294,0,61605,32,68899,32,0,172,0,230,183,0,"Anderson",76978,14.2897970848814,0.038135593220339,41.5703187923822,1.29907246226194,3.8135593220339
2021-06-08,8793,1,6499,0,2294,1,7294,0,61629,24,68923,24,0,172,1,231,184,1,"Anderson",76978,11.6916521603575,0.0349344978165939,31.1777390942867,1.29907246226194,3.49344978165939
2021-06-09,8793,0,6499,0,2294,0,7294,0,61683,54,68977,54,0,172,0,231,184,0,"Anderson",76978,6.49536231130972,0.0238095238095238,70.149912962145,0,2.38095238095238
2021-06-10,8797,4,6500,1,2297,3,7295,1,61726,43,69021,44,0,172,0,231,184,0,"Anderson",76978,10.3925796980956,0.0163265306122449,57.1591883395256,5.19628984904778,1.63265306122449
2021-06-11,8798,1,6500,0,2298,1,7296,1,61771,45,69067,46,1,173,0,231,184,0,"Anderson",76978,10.3925796980956,0.0115830115830116,59.7573332640495,1.29907246226194,1.15830115830116
2021-06-12,8799,1,6500,0,2299,1,7297,1,61792,21,69089,22,2,175,0,231,184,0,"Anderson",76978,10.3925796980956,0.012396694214876,28.5795941697628,1.29907246226194,1.2396694214876
2021-06-13,8800,1,6500,0,2300,1,7298,1,61820,28,69118,29,0,175,0,231,184,0,"Anderson",76978,11.6916521603575,0.0159362549800797,37.6731014055964,1.29907246226194,1.59362549800797
2021-06-14,8802,2,6502,2,2300,0,7300,2,61866,46,69166,48,0,175,0,231,184,0,"Anderson",76978,12.9907246226194,0.0224719101123595,62.3554781885734,2.59814492452389,2.24719101123596
2021-06-15,8802,0,6502,0,2300,0,7301,1,61888,22,69189,23,0,175,0,231,184,0,"Anderson",76978,11.6916521603575,0.0263157894736842,29.8786666320247,0,2.63157894736842
2021-06-16,8803,1,6503,1,2300,0,7302,1,61918,30,69220,31,0,175,0,231,184,0,"Anderson",76978,12.9907246226194,0.0329218106995885,40.2712463301203,1.29907246226194,3.29218106995885
2021-06-17,8803,0,6503,0,2300,0,7302,0,61973,55,69275,55,0,175,0,231,184,0,"Anderson",76978,7.79443477357167,0.0275590551181102,71.448985424407,0,2.75590551181102
2021-06-18,8805,2,6504,1,2301,1,7306,4,62005,32,69311,36,0,175,0,231,184,0,"Anderson",76978,9.09350723583361,0.040983606557377,46.76660864143,2.59814492452389,4.0983606557377
2021-06-19,8805,0,6504,0,2301,0,7306,0,62026,21,69332,21,0,175,0,231,184,0,"Anderson",76978,7.79443477357167,0.037037037037037,27.2805217075008,0,3.7037037037037
2021-06-20,8805,0,6504,0,2301,0,7307,1,62034,8,69341,9,0,175,0,231,184,0,"Anderson",76978,6.49536231130972,0.0403587443946188,11.6916521603575,0,4.03587443946188
2021-06-21,8806,1,6504,0,2302,1,7307,0,62058,24,69365,24,0,175,0,231,184,0,"Anderson",76978,5.19628984904778,0.0351758793969849,31.1777390942867,1.29907246226194,3.51758793969849
2021-06-22,8810,4,6505,1,2305,3,7307,0,62088,30,69395,30,0,175,1,232,184,0,"Anderson",76978,10.3925796980956,0.029126213592233,38.9721738678584,5.19628984904778,2.9126213592233
2021-06-23,8811,1,6506,1,2305,0,7308,1,62119,31,69427,32,0,175,0,232,184,0,"Anderson",76978,10.3925796980956,0.0289855072463768,41.5703187923822,1.29907246226194,2.89855072463768
2021-06-24,8811,0,6506,0,2305,0,7309,1,62145,26,69454,27,0,175,0,232,184,0,"Anderson",76978,10.3925796980956,0.0391061452513966,35.0749564810725,0,3.91061452513966
2021-06-25,8812,1,6507,1,2305,0,7310,1,62172,27,69482,28,0,175,0,232,184,0,"Anderson",76978,9.09350723583361,0.0233918128654971,36.3740289433345,1.29907246226194,2.33918128654971
2021-06-26,8813,1,6508,1,2305,0,7311,1,62187,15,69498,16,0,175,0,232,184,0,"Anderson",76978,10.3925796980956,0.0301204819277108,20.7851593961911,1.29907246226194,3.01204819277108
2021-06-27,8813,0,6508,0,2305,0,7311,0,62210,23,69521,23,0,175,0,232,184,0,"Anderson",76978,10.3925796980956,0.0222222222222222,29.8786666320247,0,2.22222222222222
2021-06-28,8814,1,6508,0,2306,1,7312,1,62225,15,69537,16,0,175,0,232,184,0,"Anderson",76978,10.3925796980956,0.0290697674418605,20.7851593961911,1.29907246226194,2.90697674418605
2021-06-29,8817,3,6511,3,2306,0,7315,3,62257,32,69572,35,0,175,0,232,184,0,"Anderson",76978,9.09350723583361,0.0451977401129944,45.4675361791681,3.89721738678583,4.51977401129944
2021-06-30,8817,0,6511,0,2306,0,7315,0,62286,29,69601,29,0,175,0,232,184,0,"Anderson",76978,7.79443477357167,0.0402298850574713,37.6731014055964,0,4.02298850574713
2021-07-01,8818,1,6512,1,2306,0,7316,1,62312,26,69628,27,0,175,0,232,184,0,"Anderson",76978,9.09350723583361,0.0402298850574713,35.0749564810725,1.29907246226194,4.02298850574713
2021-07-02,8818,0,6512,0,2306,0,7316,0,62339,27,69655,27,0,175,0,232,184,0,"Anderson",76978,7.79443477357167,0.0346820809248555,35.0749564810725,0,3.46820809248555
2021-07-03,8818,0,6512,0,2306,0,7316,0,62349,10,69665,10,0,175,0,232,184,0,"Anderson",76978,6.49536231130972,0.029940119760479,12.9907246226195,0,2.9940119760479
2021-07-04,8819,1,6512,0,2307,1,7317,1,62364,15,69681,16,0,175,0,232,184,0,"Anderson",76978,7.79443477357167,0.0375,20.7851593961911,1.29907246226194,3.75
2021-07-05,8819,0,6512,0,2307,0,7318,1,62378,14,69696,15,0,175,0,232,184,0,"Anderson",76978,6.49536231130972,0.0377358490566038,19.4860869339292,0,3.77358490566038
2021-07-06,8820,1,6512,0,2308,1,7318,0,62405,27,69723,27,1,176,0,232,184,0,"Anderson",76978,3.89721738678583,0.0198675496688742,35.0749564810725,1.29907246226194,1.98675496688742
2021-07-07,8821,1,6512,0,2309,1,7318,0,62434,29,69752,29,0,176,0,232,184,0,"Anderson",76978,5.19628984904778,0.0198675496688742,37.6731014055964,1.29907246226194,1.98675496688742
2021-07-08,8822,1,6513,1,2309,0,7319,1,62463,29,69782,30,0,176,0,232,184,0,"Anderson",76978,5.19628984904778,0.0194805194805195,38.9721738678584,1.29907246226194,1.94805194805195
2021-07-09,8824,2,6514,1,2310,1,7320,1,62491,28,69811,29,0,176,0,232,184,0,"Anderson",76978,7.79443477357167,0.0256410256410256,37.6731014055964,2.59814492452389,2.56410256410256
2021-07-10,8826,2,6515,1,2311,1,7321,1,62505,14,69826,15,0,176,1,233,184,0,"Anderson",76978,10.3925796980956,0.031055900621118,19.4860869339292,2.59814492452389,3.1055900621118
2021-07-11,8826,0,6515,0,2311,0,7321,0,62517,12,69838,12,0,176,0,233,184,0,"Anderson",76978,9.09350723583361,0.0254777070063694,15.5888695471433,0,2.54777070063694
2021-07-12,8834,8,6519,4,2315,4,7325,4,62536,19,69861,23,0,176,1,234,184,0,"Anderson",76978,19.4860869339292,0.0424242424242424,29.8786666320247,10.3925796980956,4.24242424242424
2021-07-13,8835,1,6519,0,2316,1,7325,0,62548,12,69873,12,0,176,0,234,186,2,"Anderson",76978,19.4860869339292,0.0466666666666667,15.5888695471433,1.29907246226194,4.66666666666667
2021-07-14,8840,5,6524,5,2316,0,7330,5,62584,36,69914,41,0,176,1,235,186,0,"Anderson",76978,24.682376782977,0.0740740740740741,53.2619709527397,6.49536231130973,7.40740740740741
2021-07-15,8843,3,6527,3,2316,0,7332,2,62606,22,69938,24,0,176,0,235,186,0,"Anderson",76978,27.2805217075008,0.0833333333333333,31.1777390942867,3.89721738678583,8.33333333333333
2021-07-16,8853,10,6529,2,2324,8,7333,1,62624,18,69957,19,0,176,0,235,186,0,"Anderson",76978,37.6731014055964,0.089041095890411,24.682376782977,12.9907246226195,8.9041095890411
2021-07-17,8858,5,6530,1,2328,4,7334,1,62651,27,69985,28,0,176,0,235,186,0,"Anderson",76978,41.5703187923822,0.0817610062893082,36.3740289433345,6.49536231130973,8.17610062893082
2021-07-18,8861,3,6532,2,2329,1,7336,2,62662,11,69998,13,0,176,0,235,186,0,"Anderson",76978,45.4675361791681,0.09375,16.8879420094053,3.89721738678583,9.375
2021-07-19,8866,5,6536,4,2330,1,7340,4,62686,24,70026,28,0,176,0,235,186,0,"Anderson",76978,41.5703187923822,0.0909090909090909,36.3740289433345,6.49536231130973,9.09090909090909
2021-07-20,8881,15,6547,11,2334,4,7351,11,62716,30,70067,41,0,176,1,236,186,0,"Anderson",76978,59.7573332640495,0.134020618556701,53.2619709527397,19.4860869339292,13.4020618556701
2021-07-21,8888,7,6551,4,2337,3,7356,5,62777,61,70133,66,0,176,0,236,187,1,"Anderson",76978,62.3554781885734,0.118721461187215,85.7387825092884,9.09350723583361,11.8721461187215
2021-07-22,8898,10,6556,5,2342,5,7360,4,62820,43,70180,47,0,176,0,236,187,0,"Anderson",76978,71.448985424407,0.115702479338843,61.0564057263114,12.9907246226195,11.5702479338843
2021-07-23,8908,10,6560,4,2348,6,7365,5,62852,32,70217,37,0,176,0,236,187,0,"Anderson",76978,71.448985424407,0.123076923076923,48.065681103692,12.9907246226195,12.3076923076923
2021-07-24,8916,8,6564,4,2352,4,7369,4,62890,38,70259,42,0,176,0,236,188,1,"Anderson",76978,75.3462028111928,0.127737226277372,54.5610434150017,10.3925796980956,12.7737226277372
2021-07-25,8921,5,6567,3,2354,2,7370,1,62904,14,70274,15,0,176,0,236,188,0,"Anderson",76978,77.9443477357167,0.123188405797101,19.4860869339292,6.49536231130973,12.3188405797101
2021-07-26,8944,23,6576,9,2368,14,7378,8,62934,30,70312,38,2,178,0,236,188,0,"Anderson",76978,101.327652056432,0.132867132867133,49.3647535659539,29.8786666320247,13.2867132867133
2021-07-27,8959,15,6581,5,2378,10,7383,5,62969,35,70352,40,0,178,0,236,188,0,"Anderson",76978,101.327652056432,0.112280701754386,51.9628984904778,19.4860869339292,11.2280701754386
2021-07-28,8980,21,6590,9,2390,12,7396,13,63030,61,70426,74,0,178,0,236,188,0,"Anderson",76978,119.514666528099,0.136518771331058,96.1313622073839,27.2805217075008,13.6518771331058
2021-07-29,8992,12,6600,10,2392,2,7408,12,63071,41,70479,53,0,178,0,236,188,0,"Anderson",76978,122.112811452623,0.160535117056856,68.8508404998831,15.5888695471433,16.0535117056856
2021-07-30,9023,31,6621,21,2402,10,7431,23,63104,33,70535,56,0,178,1,237,188,0,"Anderson",76978,149.393333160124,0.207547169811321,72.7480578866689,40.2712463301203,20.7547169811321
2021-07-31,9036,13,6627,6,2409,7,7437,6,63131,27,70568,33,0,178,0,237,188,0,"Anderson",76978,155.888695471433,0.220064724919094,42.8693912546442,16.8879420094053,22.0064724919094
2021-08-01,9055,19,6639,12,2416,7,7452,15,63163,32,70615,47,0,178,0,237,188,0,"Anderson",76978,174.075709943101,0.240469208211144,61.0564057263114,24.682376782977,24.0469208211144
2021-08-02,9067,12,6645,6,2422,6,7458,6,63221,58,70679,64,0,178,0,237,188,0,"Anderson",76978,159.785912858219,0.217983651226158,83.1406375847645,15.5888695471433,21.7983651226158
2021-08-03,9090,23,6656,11,2434,12,7471,13,63281,60,70752,73,0,178,1,238,188,0,"Anderson",76978,170.178492556315,0.22,94.832289745122,29.8786666320247,22
2021-08-04,9116,26,6678,22,2438,4,7492,21,63365,84,70857,105,0,178,0,238,188,0,"Anderson",76978,176.673854867625,0.222737819025522,136.402608537504,33.7758840188106,22.2737819025522
2021-08-05,9147,31,6695,17,2452,14,7508,16,63442,77,70950,93,0,178,1,239,188,0,"Anderson",76978,201.356231650601,0.212314225053079,120.813738990361,40.2712463301203,21.2314225053079
2021-08-06,9172,25,6711,16,2461,9,7526,18,63560,118,71086,136,0,178,1,240,188,0,"Anderson",76978,193.56179687703,0.172413793103448,176.673854867625,32.4768115565486,17.2413793103448
2021-08-07,9186,14,6718,7,2468,7,7534,8,63623,63,71157,71,0,178,0,240,188,0,"Anderson",76978,194.860869339292,0.164685908319185,92.2341448205981,18.1870144716672,16.4685908319185
2021-08-08,9200,14,6726,8,2474,6,7544,10,63658,35,71202,45,0,178,0,240,188,0,"Anderson",76978,188.365507027982,0.156729131175468,58.4582608017875,18.1870144716672,15.6729131175468
2021-08-09,9236,36,6745,19,2491,17,7563,19,63734,76,71297,95,0,178,0,240,188,0,"Anderson",76978,219.543246122269,0.169902912621359,123.411883914885,46.76660864143,16.9902912621359
2021-08-10,9275,39,6765,20,2510,19,7583,20,63811,77,71394,97,0,178,2,242,188,0,"Anderson",76978,240.32840551846,0.174454828660436,126.010028839409,50.6638260282159,17.4454828660436
2021-08-11,9330,55,6790,25,2540,30,7613,30,63901,90,71514,120,0,178,1,243,188,0,"Anderson",76978,278.001506924056,0.184170471841705,155.888695471433,71.448985424407,18.4170471841705
2021-08-12,9379,49,6827,37,2552,12,7651,38,64032,131,71683,169,0,178,0,243,190,2,"Anderson",76978,301.384811244771,0.195088676671214,219.543246122269,63.6545506508353,19.5088676671214
2021-08-13,9442,63,6862,35,2580,28,7689,38,64127,95,71816,133,2,180,1,244,191,1,"Anderson",76978,350.749564810725,0.223287671232877,172.776637480839,81.8415651225025,22.3287671232877
2021-08-14,9492,50,6897,35,2595,15,7721,32,64274,147,71995,179,0,180,0,244,191,0,"Anderson",76978,397.516173452155,0.223150357995227,232.533970744888,64.9536231130973,22.3150357995227
2021-08-15,9515,23,6910,13,2605,10,7736,15,64339,65,72075,80,0,180,0,244,191,0,"Anderson",76978,409.207825612513,0.219931271477663,103.925796980956,29.8786666320247,21.9931271477663
2021-08-16,9553,38,6934,24,2619,14,7760,24,64414,75,72174,99,0,180,0,244,192,1,"Anderson",76978,411.805970537037,0.224629418472064,128.608173763933,49.3647535659539,22.4629418472064
2021-08-17,9596,43,6955,21,2641,22,7784,24,64506,92,72290,116,1,181,0,244,192,0,"Anderson",76978,417.002260386084,0.224330357142857,150.692405622386,55.8601158772636,22.4330357142857
2021-08-18,9648,52,6982,27,2666,25,7815,31,64591,85,72406,116,0,181,0,244,193,1,"Anderson",76978,413.105042999299,0.226457399103139,150.692405622386,67.5517680376211,22.6457399103139
2021-08-19,9722,74,7015,33,2707,41,7851,36,64712,121,72563,157,0,181,0,244,193,0,"Anderson",76978,445.581854555847,0.227272727272727,203.954376575125,96.1313622073839,22.7272727272727
2021-08-20,9782,60,7057,42,2725,18,7895,44,64860,148,72755,192,0,181,2,246,193,0,"Anderson",76978,441.684637169061,0.219382321618743,249.421912754293,77.9443477357167,21.9382321618743
2021-08-21,9864,82,7091,34,2773,48,7929,34,65065,205,72994,239,0,181,1,247,193,0,"Anderson",76978,483.254955961444,0.208208208208208,310.478318480605,106.523941905479,20.8208208208208
2021-08-22,9886,22,7112,21,2774,1,7957,28,65190,125,73147,153,0,181,0,247,193,0,"Anderson",76978,481.955883499182,0.20615671641791,198.758086726078,28.5795941697628,20.615671641791
2021-08-23,9936,50,7127,15,2809,35,7975,18,65298,108,73273,126,0,181,2,249,194,1,"Anderson",76978,497.544753046325,0.195632393084622,163.683130245005,64.9536231130973,19.5632393084622
2021-08-24,9981,45,7155,28,2826,17,7999,24,65375,77,73374,101,1,182,0,249,195,1,"Anderson",76978,500.142897970849,0.198339483394834,131.206318688456,58.4582608017875,19.8339483394834
2021-08-25,10054,73,7182,27,2872,46,8022,23,65406,31,73428,54,0,182,1,250,195,0,"Anderson",76978,527.42341967835,0.202544031311155,70.149912962145,94.832289745122,20.2544031311155
2021-08-26,10122,68,7218,36,2904,32,8066,44,65555,149,73621,193,1,183,2,252,196,1,"Anderson",76978,519.628984904778,0.203213610586011,250.720985216555,88.3369274338123,20.3213610586011
2021-08-27,10200,78,7275,57,2925,21,8130,64,65694,139,73824,203,0,183,0,252,196,0,"Anderson",76978,543.012289225493,0.219831618334892,263.711709839175,101.327652056432,21.9831618334892
2021-08-28,10258,58,7306,31,2952,27,8170,40,65860,166,74030,206,0,183,0,252,196,0,"Anderson",76978,511.834550131206,0.232625482625483,267.608927225961,75.3462028111928,23.2625482625483
2021-08-29,10322,64,7355,49,2967,15,8222,52,66019,159,74241,211,0,183,1,253,197,1,"Anderson",76978,566.395593546208,0.242230347349177,274.10428953727,83.1406375847645,24.2230347349177
2021-08-30,10395,73,7402,47,2993,26,8271,49,66190,171,74461,220,0,183,3,256,197,0,"Anderson",76978,596.274260178233,0.249158249158249,285.795941697628,94.832289745122,24.9158249158249
2021-08-31,10529,134,7484,82,3045,52,8359,88,66394,204,74753,292,0,183,0,256,198,1,"Anderson",76978,711.891709319546,0.261058738216099,379.329158980488,174.075709943101,26.1058738216099
2021-09-01,10559,30,7506,22,3053,8,8383,24,66472,78,74855,102,0,183,0,256,199,1,"Anderson",76978,656.031593442282,0.252978276103714,132.505391150718,38.9721738678584,25.2978276103714
2021-09-02,10622,63,7535,29,3087,34,8415,32,66552,80,74967,112,1,184,0,256,199,0,"Anderson",76978,649.536231130973,0.259286775631501,145.496115773338,81.8415651225025,25.9286775631501
2021-09-03,10650,28,7552,17,3098,11,8432,17,66609,57,75041,74,0,184,0,256,199,0,"Anderson",76978,584.582608017875,0.248151191454396,96.1313622073839,36.3740289433345,24.8151191454396
2021-09-04,10757,107,7621,69,3136,38,8507,75,66873,264,75380,339,0,184,1,257,199,0,"Anderson",76978,648.23715866871,0.24962962962963,440.385564706799,139.000753462028,24.962962962963
2021-09-05,10870,113,7695,74,3175,39,8583,76,67168,295,75751,371,0,184,1,258,200,1,"Anderson",76978,711.891709319546,0.239072847682119,481.955883499182,146.7951882356,23.9072847682119
2021-09-06,10991,121,7776,81,3215,40,8674,91,67575,407,76249,498,0,184,4,262,201,1,"Anderson",76978,774.247187508119,0.225391498881432,646.938086206449,157.187767933695,22.5391498881432
2021-09-07,11028,37,7796,20,3232,17,8692,18,67674,99,76366,117,0,184,0,262,201,0,"Anderson",76978,648.23715866871,0.206447613143211,151.991478084648,48.065681103692,20.6447613143211
2021-09-08,11069,41,7828,32,3241,9,8726,34,67781,107,76507,141,0,184,2,264,204,3,"Anderson",76978,662.526955753592,0.207627118644068,183.169217178934,53.2619709527397,20.7627118644068
2021-09-09,11128,59,7849,21,3279,38,8744,18,67987,206,76731,224,0,184,1,265,207,3,"Anderson",76978,657.330665904544,0.186507936507937,290.992231546676,76.6452752734548,18.6507936507937
2021-09-10,11282,154,7923,74,3359,80,8825,81,68279,292,77104,373,1,185,2,267,208,1,"Anderson",76978,821.013796149549,0.190499272903539,484.554028423705,200.05715918834,19.0499272903539
2021-09-11,11402,120,7990,67,3412,53,8899,74,68625,346,77524,420,0,185,2,269,208,0,"Anderson",76978,837.901738158954,0.182835820895522,545.610434150017,155.888695471433,18.2835820895522
2021-09-12,11440,38,8022,32,3418,6,8934,35,68768,143,77702,178,0,185,4,273,209,1,"Anderson",76978,740.471303489309,0.179907739620707,231.234898282626,49.3647535659539,17.9907739620707
2021-09-13,11527,87,8056,34,3471,53,8968,34,68898,130,77866,164,4,189,3,276,209,0,"Anderson",76978,696.302839772403,0.181818181818182,213.047883810959,113.019304216789,18.1818181818182
2021-09-14,11589,62,8087,31,3502,31,9004,36,69057,159,78061,195,1,190,1,277,209,0,"Anderson",76978,728.779651328951,0.184070796460177,253.319130141079,80.5424926602406,18.4070796460177
2021-09-15,11629,40,8104,17,3525,23,9019,15,69118,61,78137,76,0,190,1,278,210,1,"Anderson",76978,727.480578866689,0.179754601226994,98.7295071319078,51.9628984904778,17.9754601226994
2021-09-16,11718,89,8161,57,3557,32,9078,59,69340,222,78418,281,0,190,1,279,210,0,"Anderson",76978,766.452752734548,0.197984588026082,365.039361895607,115.617449141313,19.7984588026082
2021-09-17,11789,71,8201,40,3588,31,9117,39,69503,163,78620,202,0,190,1,280,214,4,"Anderson",76978,658.629738366806,0.192612137203166,262.412637376913,92.2341448205981,19.2612137203166
2021-09-18,11841,52,8231,30,3610,22,9150,33,69656,153,78806,186,0,190,1,281,215,1,"Anderson",76978,570.292810932994,0.195787831513261,241.627477980722,67.5517680376211,19.5787831513261
2021-09-19,11864,23,8240,9,3624,14,9160,10,69724,68,78884,78,0,190,0,281,215,0,"Anderson",76978,550.806723999065,0.191201353637902,101.327652056432,29.8786666320247,19.1201353637902
2021-09-20,11928,64,8276,36,3652,28,9197,37,69910,186,79107,223,0,190,3,284,215,0,"Anderson",76978,520.92805736704,0.184528605962933,289.693159084414,83.1406375847645,18.4528605962933
2021-09-21,11982,54,8302,26,3680,28,9221,24,70028,118,79249,142,0,190,1,285,216,1,"Anderson",76978,510.535477668944,0.182659932659933,184.468289641196,70.149912962145,18.2659932659933
2021-09-22,12033,51,8336,34,3697,17,9261,40,70300,272,79561,312,0,190,0,285,219,3,"Anderson",76978,524.825274753826,0.169943820224719,405.310608225727,66.2526955753592,16.9943820224719
2021-09-23,12109,76,8384,48,3725,28,9312,51,70508,208,79820,259,2,192,1,286,219,0,"Anderson",76978,507.93733274442,0.166904422253923,336.459767725844,98.7295071319078,16.6904422253923
2021-09-24,12148,39,8404,20,3744,19,9336,24,70647,139,79983,163,2,194,1,287,222,3,"Anderson",76978,466.367013952038,0.160674981658107,211.748811348697,50.6638260282159,16.0674981658107
2021-09-25,12158,10,8408,4,3750,6,9342,6,70741,94,80083,100,0,194,0,287,222,0,"Anderson",76978,411.805970537037,0.150352388410337,129.907246226195,12.9907246226195,15.0352388410337
2021-09-26,12176,18,8423,15,3753,3,9360,18,70878,137,80238,155,1,195,0,287,222,0,"Anderson",76978,405.310608225727,0.147710487444609,201.356231650601,23.383304320715,14.7710487444609
2021-09-27,12227,51,8445,22,3782,29,9383,23,70962,84,80345,107,1,196,1,288,223,1,"Anderson",76978,388.422666216322,0.150242326332795,139.000753462028,66.2526955753592,15.0242326332795
2021-09-28,12276,49,8469,24,3807,25,9410,27,71054,92,80464,119,0,196,1,289,223,0,"Anderson",76978,381.927303905012,0.155555555555556,154.589623009171,63.6545506508353,15.5555555555556
2021-09-29,12315,39,8485,16,3830,23,9427,17,71243,189,80670,206,2,198,0,289,225,2,"Anderson",76978,366.338434357868,0.149684400360685,267.608927225961,50.6638260282159,14.9684400360685
2021-09-30,12377,62,8523,38,3854,24,9467,40,71415,172,80882,212,0,198,1,290,226,1,"Anderson",76978,348.151419886201,0.145951035781544,275.403361999532,80.5424926602406,14.5951035781544
2021-10-01,12428,51,8550,27,3878,24,9496,29,71566,151,81062,180,0,198,1,291,227,1,"Anderson",76978,363.740289433345,0.148285449490269,233.83304320715,66.2526955753592,14.8285449490269
2021-10-02,12445,17,8557,7,3888,10,9502,6,71646,80,81148,86,1,199,0,291,229,2,"Anderson",76978,372.833796669178,0.150234741784038,111.720231754527,22.0842318584531,15.0234741784038
2021-10-03,12459,14,8567,10,3892,4,9512,10,71744,98,81256,108,4,203,0,291,229,0,"Anderson",76978,367.63750682013,0.149312377210216,140.29982592429,18.1870144716672,14.9312377210216
2021-10-04,12504,45,8590,23,3914,22,9538,26,71864,120,81402,146,1,204,0,291,231,2,"Anderson",76978,359.843072046559,0.146641438032167,189.664579490244,58.4582608017875,14.6641438032166
2021-10-05,12557,53,8619,29,3938,24,9568,30,71991,127,81559,157,2,206,0,291,232,1,"Anderson",76978,365.039361895607,0.144292237442922,203.954376575125,68.8508404998831,14.4292237442922
2021-10-06,12586,29,8641,22,3945,7,9594,26,72156,165,81750,191,1,207,0,291,233,1,"Anderson",76978,352.048637272987,0.15462962962963,248.122840292031,37.6731014055964,15.462962962963
2021-10-07,12619,33,8662,21,3957,12,9618,24,72295,139,81913,163,0,207,0,291,235,2,"Anderson",76978,314.375535867391,0.146459747817653,211.748811348697,42.8693912546442,14.6459747817653
2021-10-08,12638,19,8667,5,3971,14,9627,9,72425,130,82052,139,1,208,1,292,235,0,"Anderson",76978,272.805217075008,0.132323232323232,180.57107225441,24.682376782977,13.2323232323232
2021-10-09,12653,15,8670,3,3983,12,9634,7,72487,62,82121,69,0,208,0,292,236,1,"Anderson",76978,270.207072150485,0.135662898252826,89.6359998960742,19.4860869339292,13.5662898252826
2021-10-10,12663,10,8678,8,3985,2,9643,9,72574,87,82217,96,0,208,0,292,236,0,"Anderson",76978,265.010782301437,0.136316337148803,124.710956377147,12.9907246226195,13.6316337148803
2021-10-11,12703,40,8692,14,4011,26,9656,13,72675,101,82331,114,0,208,1,293,236,0,"Anderson",76978,258.515419990127,0.127018299246502,148.094260697862,51.9628984904778,12.7018299246502
2021-10-12,12739,36,8717,25,4022,11,9679,23,72774,99,82453,122,2,210,3,296,236,0,"Anderson",76978,236.431188131674,0.124161073825503,158.486840395957,46.76660864143,12.4161073825503
2021-10-13,12765,26,8731,14,4034,12,9697,18,72886,112,82583,130,0,210,1,297,239,3,"Anderson",76978,232.533970744888,0.123649459783914,168.879420094053,33.7758840188106,12.3649459783914
2021-10-14,12785,20,8741,10,4044,10,9711,14,72989,103,82700,117,1,211,0,297,239,0,"Anderson",76978,215.646028735483,0.118170266836086,151.991478084648,25.9814492452389,11.8170266836086
2021-10-15,12808,23,8753,12,4055,11,9724,13,73110,121,82834,134,0,211,1,298,239,0,"Anderson",76978,220.842318584531,0.124040920716113,174.075709943101,29.8786666320247,12.4040920716113
2021-10-16,12818,10,8760,7,4058,3,9733,9,73165,55,82898,64,0,211,1,299,239,0,"Anderson",76978,214.346956273221,0.127413127413127,83.1406375847645,12.9907246226195,12.7413127413127
2021-10-17,12820,2,8761,1,4059,1,9734,1,73216,51,82950,52,0,211,0,299,239,0,"Anderson",76978,203.954376575125,0.124147339699864,67.5517680376211,2.59814492452389,12.4147339699864
2021-10-18,12844,24,8771,10,4073,14,9745,11,73283,67,83028,78,1,212,1,300,239,0,"Anderson",76978,183.169217178934,0.127690100430416,101.327652056432,31.1777390942867,12.7690100430416
2021-10-19,12874,30,8784,13,4090,17,9756,11,73394,111,83150,122,2,214,1,301,239,0,"Anderson",76978,175.374782405363,0.110473457675753,158.486840395957,38.9721738678584,11.0473457675753
2021-10-20,12909,35,8810,26,4099,9,9785,29,73505,111,83290,140,0,214,1,302,240,1,"Anderson",76978,187.06643456572,0.124469589816124,181.870144716672,45.4675361791681,12.4469589816124
2021-10-21,12941,32,8828,18,4113,14,9803,18,73598,93,83401,111,0,214,1,303,241,1,"Anderson",76978,202.655304112863,0.131241084165478,144.197043311076,41.5703187923822,13.1241084165478
2021-10-22,12951,10,8835,7,4116,3,9812,9,73674,76,83486,85,0,214,1,304,241,0,"Anderson",76978,185.767362103458,0.134969325153374,110.421159292265,12.9907246226195,13.4969325153374
2021-10-23,12968,17,8839,4,4129,13,9816,4,73727,53,83543,57,0,214,1,305,241,0,"Anderson",76978,194.860869339292,0.128682170542636,74.0471303489309,22.0842318584531,12.8682170542636
2021-10-24,12974,6,8844,5,4130,1,9823,7,73779,52,83602,59,0,214,0,305,242,1,"Anderson",76978,200.05715918834,0.136503067484663,76.6452752734548,7.79443477357167,13.6503067484663
2021-10-25,12999,25,8858,14,4141,11,9838,15,73850,71,83688,86,1,215,2,307,242,0,"Anderson",76978,201.356231650601,0.140909090909091,111.720231754527,32.4768115565486,14.0909090909091
2021-10-26,13011,12,8864,6,4147,6,9844,6,73914,64,83758,70,0,215,0,307,243,1,"Anderson",76978,177.972927329886,0.144736842105263,90.9350723583361,15.5888695471433,14.4736842105263
2021-10-27,13029,18,8874,10,4155,8,9857,13,74035,121,83892,134,1,216,2,309,245,2,"Anderson",76978,155.888695471433,0.119601328903654,174.075709943101,23.383304320715,11.9601328903654
2021-10-28,13051,22,8888,14,4163,8,9874,17,74117,82,83991,99,1,217,0,309,246,1,"Anderson",76978,142.897970848814,0.120338983050847,128.608173763933,28.5795941697628,12.0338983050847
2021-10-29,13072,21,8899,11,4173,10,9886,12,74230,113,84116,125,0,217,1,310,246,0,"Anderson",76978,157.187767933695,0.117460317460317,162.384057782743,27.2805217075008,11.7460317460317
2021-10-30,13084,12,8903,4,4181,8,9891,5,74317,87,84208,92,0,217,1,311,246,0,"Anderson",76978,150.692405622386,0.112781954887218,119.514666528099,15.5888695471433,11.2781954887218
2021-10-31,13087,3,8905,2,4182,1,9894,3,74356,39,84250,42,0,217,0,311,246,0,"Anderson",76978,146.7951882356,0.109567901234568,54.5610434150017,3.89721738678583,10.9567901234568
2021-11-01,13114,27,8910,5,4204,22,9898,4,74443,87,84341,91,1,218,1,312,247,1,"Anderson",76978,149.393333160124,0.0918836140888208,118.215594065837,35.0749564810725,9.18836140888208
2021-11-02,13134,20,8915,5,4219,15,9903,5,74519,76,84422,81,2,220,1,313,247,0,"Anderson",76978,159.785912858219,0.088855421686747,105.224869443218,25.9814492452389,8.8855421686747
2021-11-03,13164,30,8933,18,4231,12,9921,18,74719,200,84640,218,1,221,0,313,247,0,"Anderson",76978,175.374782405363,0.0855614973262032,283.197796773104,38.9721738678584,8.55614973262032
2021-11-04,13186,22,8948,15,4238,7,9937,16,74849,130,84786,146,0,221,0,313,247,0,"Anderson",76978,175.374782405363,0.0792452830188679,189.664579490244,28.5795941697628,7.92452830188679
2021-11-05,13196,10,8951,3,4245,7,9938,1,74968,119,84906,120,0,221,0,313,247,0,"Anderson",76978,161.084985320481,0.0658227848101266,155.888695471433,12.9907246226195,6.58227848101266
2021-11-06,13205,9,8955,4,4250,5,9943,5,75053,85,84996,90,0,221,3,316,248,1,"Anderson",76978,157.187767933695,0.065989847715736,116.916521603575,11.6916521603575,6.5989847715736
2021-11-07,13211,6,8960,5,4251,1,9949,6,75101,48,85050,54,0,221,0,316,248,0,"Anderson",76978,161.084985320481,0.06875,70.149912962145,7.79443477357167,6.875
2021-11-08,13236,25,8971,11,4265,14,9962,13,75187,86,85149,99,1,222,0,316,248,0,"Anderson",76978,158.486840395957,0.0792079207920792,128.608173763933,32.4768115565486,7.92079207920792
2021-11-09,13259,23,8978,7,4281,16,9968,6,75341,154,85309,160,1,223,0,316,249,1,"Anderson",76978,162.384057782743,0.0732807215332582,207.851593961911,29.8786666320247,7.32807215332582
2021-11-10,13277,18,8990,12,4287,6,9981,13,75455,114,85436,127,0,223,1,317,250,1,"Anderson",76978,146.7951882356,0.0753768844221105,164.982202707267,23.383304320715,7.53768844221105
2021-11-11,13300,23,9008,18,4292,5,9999,18,75645,190,85644,208,0,223,0,317,251,1,"Anderson",76978,148.094260697862,0.0722610722610723,270.207072150485,29.8786666320247,7.22610722610723
2021-11-12,13313,13,9016,8,4297,5,10007,8,75773,128,85780,136,0,223,1,318,251,0,"Anderson",76978,151.991478084648,0.0789473684210526,176.673854867625,16.8879420094053,7.89473684210526
2021-11-13,13320,7,9020,4,4300,3,10011,4,75824,51,85835,55,3,226,1,319,252,1,"Anderson",76978,149.393333160124,0.0810488676996424,71.448985424407,9.09350723583361,8.10488676996424
2021-11-14,13322,2,9022,2,4300,0,10014,3,75903,79,85917,82,0,226,0,319,252,0,"Anderson",76978,144.197043311076,0.0749711649365629,106.523941905479,2.59814492452389,7.49711649365629
2021-11-15,13354,32,9036,14,4318,18,10028,14,75987,84,86015,98,0,226,0,319,253,1,"Anderson",76978,153.29055054691,0.0762124711316397,127.309101301671,41.5703187923822,7.62124711316397
2021-11-16,13379,25,9049,13,4330,12,10041,13,76105,118,86146,131,1,227,0,319,254,1,"Anderson",76978,155.888695471433,0.0872162485065711,170.178492556315,32.4768115565486,8.72162485065711
2021-11-17,13396,17,9058,9,4338,8,10050,9,76219,114,86269,123,0,227,2,321,256,2,"Anderson",76978,154.589623009171,0.0828331332533013,159.785912858219,22.0842318584531,8.28331332533013
2021-11-18,13418,22,9071,13,4347,9,10067,17,76349,130,86416,147,4,231,0,321,258,2,"Anderson",76978,153.29055054691,0.0880829015544041,190.963651952506,28.5795941697628,8.80829015544041
2021-11-19,13432,14,9077,6,4355,8,10074,7,76458,109,86532,116,1,232,0,321,258,0,"Anderson",76978,154.589623009171,0.0890957446808511,150.692405622386,18.1870144716672,8.90957446808511
2021-11-20,13441,9,9082,5,4359,4,10079,5,76550,92,86629,97,0,232,0,321,259,1,"Anderson",76978,157.187767933695,0.0856423173803526,126.010028839409,11.6916521603575,8.56423173803526
2021-11-21,13453,12,9088,6,4365,6,10085,6,76590,40,86675,46,0,232,0,321,259,0,"Anderson",76978,170.178492556315,0.0936675461741425,59.7573332640495,15.5888695471433,9.36675461741425
2021-11-22,13481,28,9105,17,4376,11,10103,18,76712,122,86815,140,1,233,0,321,259,0,"Anderson",76978,164.982202707267,0.09375,181.870144716672,36.3740289433345,9.375
2021-11-23,13498,17,9111,6,4387,11,10108,5,76809,97,86917,102,0,233,1,322,261,2,"Anderson",76978,154.589623009171,0.0869001297016861,132.505391150718,22.0842318584531,8.69001297016861
2021-11-24,13523,25,9127,16,4396,9,10120,12,76919,110,87039,122,1,234,1,323,261,0,"Anderson",76978,164.982202707267,0.0909090909090909,158.486840395957,32.4768115565486,9.09090909090909
2021-11-25,13528,5,9129,2,4399,3,10121,1,76964,45,87085,46,0,234,2,325,261,0,"Anderson",76978,142.897970848814,0.0807174887892377,59.7573332640495,6.49536231130973,8.07174887892377
2021-11-26,13535,7,9135,6,4400,1,10130,9,77007,43,87137,52,0,234,0,325,262,1,"Anderson",76978,133.80446361298,0.0925619834710744,67.5517680376211,9.09350723583361,9.25619834710744
2021-11-27,13540,5,9137,2,4403,3,10132,2,77043,36,87175,38,0,234,0,325,262,0,"Anderson",76978,128.608173763933,0.0970695970695971,49.3647535659539,6.49536231130973,9.70695970695971
2021-11-28,13550,10,9138,1,4412,9,10133,1,77081,38,87214,39,0,234,0,325,262,0,"Anderson",76978,126.010028839409,0.0890538033395176,50.6638260282159,12.9907246226195,8.90538033395176
2021-11-29,13577,27,9153,15,4424,12,10149,16,77160,79,87309,95,0,234,0,325,262,0,"Anderson",76978,124.710956377147,0.0931174089068826,123.411883914885,35.0749564810725,9.31174089068826
2021-11-30,13603,26,9166,13,4437,13,10161,12,77262,102,87423,114,0,234,1,326,262,0,"Anderson",76978,136.402608537504,0.104743083003953,148.094260697862,33.7758840188106,10.4743083003953
2021-12-01,13635,32,9185,19,4450,13,10180,19,77369,107,87549,126,0,234,2,328,262,0,"Anderson",76978,145.496115773338,0.117647058823529,163.683130245005,41.5703187923822,11.7647058823529
2021-12-02,13677,42,9209,24,4468,18,10206,26,77507,138,87713,164,0,234,0,328,265,3,"Anderson",76978,193.56179687703,0.135350318471338,213.047883810959,54.5610434150017,13.5350318471338
2021-12-03,13708,31,9227,18,4481,13,10225,19,77694,187,87919,206,1,235,1,329,265,0,"Anderson",76978,224.739535971316,0.121483375959079,267.608927225961,40.2712463301203,12.1483375959079
2021-12-04,13728,20,9240,13,4488,7,10239,14,77763,69,88002,83,0,235,0,329,265,0,"Anderson",76978,244.225622905246,0.129383313180169,107.823014367741,25.9814492452389,12.9383313180169
2021-12-05,13741,13,9242,2,4499,11,10241,2,77805,42,88046,44,0,235,0,329,265,0,"Anderson",76978,248.122840292031,0.129807692307692,57.1591883395256,16.8879420094053,12.9807692307692
2021-12-06,13776,35,9262,20,4514,15,10263,22,77907,102,88170,124,2,237,1,330,265,0,"Anderson",76978,258.515419990127,0.132404181184669,161.084985320481,45.4675361791681,13.2404181184669
2021-12-07,13806,30,9277,15,4529,15,10279,16,78002,95,88281,111,0,237,0,330,265,0,"Anderson",76978,263.711709839175,0.137529137529138,144.197043311076,38.9721738678584,13.7529137529138
2021-12-08,13833,27,9298,21,4535,6,10299,20,78122,120,88421,140,0,237,2,332,265,0,"Anderson",76978,257.216347527865,0.136467889908257,181.870144716672,35.0749564810725,13.6467889908257
2021-12-09,13861,28,9314,16,4547,12,10316,17,78327,205,88643,222,0,237,1,333,265,0,"Anderson",76978,239.029333056198,0.118279569892473,288.394086622152,36.3740289433345,11.8279569892473
2021-12-10,13890,29,9331,17,4559,12,10333,17,78479,152,88812,169,0,237,2,335,265,0,"Anderson",76978,236.431188131674,0.120940649496081,219.543246122269,37.6731014055964,12.0940649496081
2021-12-11,13899,9,9336,5,4563,4,10339,6,78554,75,88893,81,0,237,0,335,266,1,"Anderson",76978,222.141391046793,0.112233445566779,105.224869443218,11.6916521603575,11.2233445566779
2021-12-12,13919,20,9347,11,4572,9,10350,11,78624,70,88974,81,0,237,0,335,266,0,"Anderson",76978,231.234898282626,0.117456896551724,105.224869443218,25.9814492452389,11.7456896551724
2021-12-13,13948,29,9353,6,4595,23,10357,7,78699,75,89056,82,0,237,0,335,269,3,"Anderson",76978,223.440463509055,0.106094808126411,106.523941905479,37.6731014055964,10.6094808126411
2021-12-14,13962,14,9358,5,4604,9,10363,6,78778,79,89141,85,3,240,1,336,269,0,"Anderson",76978,202.655304112863,0.0976744186046512,110.421159292265,18.1870144716672,9.76744186046512
2021-12-15,13988,26,9372,14,4616,12,10378,15,78907,129,89285,144,0,240,0,336,270,1,"Anderson",76978,201.356231650601,0.0914351851851852,187.06643456572,33.7758840188106,9.14351851851852
2021-12-16,14016,28,9382,10,4634,18,10393,15,79002,95,89395,110,0,240,2,338,270,0,"Anderson",76978,201.356231650601,0.102393617021277,142.897970848814,36.3740289433345,10.2393617021277
2021-12-17,14047,31,9405,23,4642,8,10415,22,79145,143,89560,165,1,241,0,338,271,1,"Anderson",76978,203.954376575125,0.109625668449198,214.346956273221,40.2712463301203,10.9625668449198
2021-12-18,14058,11,9414,9,4644,2,10425,10,79227,82,89652,92,0,241,0,338,271,0,"Anderson",76978,206.552521499649,0.1133069828722,119.514666528099,14.2897970848814,11.33069828722
2021-12-19,14072,14,9422,8,4650,6,10436,11,79307,80,89743,91,0,241,0,338,271,0,"Anderson",76978,198.758086726078,0.11183355006502,118.215594065837,18.1870144716672,11.183355006502
2021-12-20,14096,24,9438,16,4658,8,10450,14,79392,85,89842,99,0,241,0,338,272,1,"Anderson",76978,192.262724414768,0.118320610687023,128.608173763933,31.1777390942867,11.8320610687023
2021-12-21,14124,28,9446,8,4678,20,10461,11,79473,81,89934,92,0,241,0,338,272,0,"Anderson",76978,210.449738886435,0.123581336696091,119.514666528099,36.3740289433345,12.3581336696091
2021-12-22,14172,48,9460,14,4712,34,10472,11,79580,107,90052,118,19,260,1,339,273,1,"Anderson",76978,239.029333056198,0.122555410691004,153.29055054691,62.3554781885734,12.2555410691004
2021-12-23,14199,27,9475,15,4724,12,10489,17,79680,100,90169,117,-1,259,1,340,274,1,"Anderson",76978,237.730260593936,0.124031007751938,151.991478084648,35.0749564810725,12.4031007751938
2021-12-24,14225,26,9490,15,4735,11,10506,17,79767,87,90273,104,0,259,1,341,274,0,"Anderson",76978,231.234898282626,0.127629733520337,135.103536075242,33.7758840188106,12.7629733520337
2021-12-25,14239,14,9497,7,4742,7,10516,10,79825,58,90341,68,1,260,0,341,275,1,"Anderson",76978,235.132115669412,0.132075471698113,88.3369274338123,18.1870144716672,13.2075471698113
2021-12-26,14250,11,9501,4,4749,7,10522,6,79869,44,90391,50,1,261,0,341,275,0,"Anderson",76978,231.234898282626,0.132716049382716,64.9536231130973,14.2897970848814,13.2716049382716
2021-12-27,14297,47,9520,19,4777,28,10542,20,79968,99,90510,119,1,262,2,343,276,1,"Anderson",76978,261.113564914651,0.137724550898204,154.589623009171,61.0564057263114,13.7724550898204
2021-12-28,14384,87,9556,36,4828,51,10578,36,80077,109,90655,145,0,262,0,343,276,0,"Anderson",76978,337.758840188106,0.162274618585298,188.365507027982,113.019304216789,16.2274618585298
2021-12-29,14465,81,9600,44,4865,37,10625,47,80235,158,90860,205,2,264,0,343,276,0,"Anderson",76978,380.62823144275,0.189356435643564,266.309854763699,105.224869443218,18.9356435643564
2021-12-30,14558,93,9642,42,4916,51,10663,38,80352,117,91015,155,1,265,0,343,276,0,"Anderson",76978,466.367013952038,0.205673758865248,201.356231650601,120.813738990361,20.5673758865248
2021-12-31,14626,68,9683,41,4943,27,10708,45,80468,116,91176,161,0,265,0,343,277,1,"Anderson",76978,520.92805736704,0.223698781838317,209.150666424173,88.3369274338123,22.3698781838317
2022-01-01,14686,60,9716,33,4970,27,10744,36,80567,99,91311,135,0,265,0,343,277,0,"Anderson",76978,580.685390631089,0.235051546391753,175.374782405363,77.9443477357167,23.5051546391753
2022-01-02,14718,32,9739,23,4979,9,10777,33,80683,116,91460,149,0,265,0,343,278,1,"Anderson",76978,607.96591233859,0.238540692235734,193.56179687703,41.5703187923822,23.8540692235734
2022-01-03,14779,61,9760,21,5019,40,10801,24,80759,76,91560,100,1,266,0,343,278,0,"Anderson",76978,626.152926810257,0.246666666666667,129.907246226195,79.2434201979787,24.6666666666667
2022-01-04,14907,128,9826,66,5081,62,10864,63,80933,174,91797,237,1,267,0,343,279,1,"Anderson",76978,679.414897762997,0.250437828371278,307.880173556081,166.281275169529,25.0437828371278
2022-01-05,15075,168,9913,87,5162,81,10951,87,81079,146,92030,233,1,268,0,343,280,1,"Anderson",76978,792.434201979786,0.278632478632479,302.683883707033,218.244173660007,27.8632478632479
2022-01-06,15216,141,9985,72,5231,69,11022,71,81199,120,92221,191,1,269,1,344,280,0,"Anderson",76978,854.78968016836,0.297678275290216,248.122840292031,183.169217178934,29.7678275290216
2022-01-07,15358,142,10058,73,5300,69,11100,78,81339,140,92439,218,0,269,1,345,280,0,"Anderson",76978,950.921042375744,0.310372129849565,283.197796773104,184.468289641196,31.0372129849565
2022-01-08,15461,103,10100,42,5361,61,11145,45,81414,75,92559,120,0,269,2,347,282,2,"Anderson",76978,1006.78115825301,0.321314102564103,155.888695471433,133.80446361298,32.1314102564103
2022-01-09,15546,85,10156,56,5390,29,11207,62,81557,143,92764,205,0,269,1,348,282,0,"Anderson",76978,1075.63199875289,0.329754601226994,266.309854763699,110.421159292265,32.9754601226994
2022-01-10,15702,156,10230,74,5472,82,11285,78,81670,113,92955,191,1,270,3,351,284,2,"Anderson",76978,1199.04388266778,0.346953405017921,248.122840292031,202.655304112863,34.6953405017921
2022-01-11,15877,175,10339,109,5538,66,11387,102,81811,141,93198,243,0,270,0,351,285,1,"Anderson",76978,1260.10028839409,0.373304782298358,315.674608329653,227.33768089584,37.3304782298358
2022-01-12,16138,261,10503,164,5635,97,11552,165,82002,191,93554,356,0,270,1,352,285,0,"Anderson",76978,1380.91402738445,0.394356955380577,462.469796565252,339.057912650368,39.4356955380577
2022-01-13,16371,233,10655,152,5716,81,11708,156,82234,232,93942,388,4,274,0,352,285,0,"Anderson",76978,1500.42869391255,0.398605461940732,504.040115357635,302.683883707033,39.8605461940732
2022-01-14,16625,254,10798,143,5827,111,11857,149,82390,156,94247,305,2,276,1,353,285,0,"Anderson",76978,1645.92480968588,0.418694690265487,396.217100989893,329.964405414534,41.8694690265487
2022-01-15,16722,97,10857,59,5865,38,11919,62,82508,118,94427,180,1,277,2,355,285,0,"Anderson",76978,1638.13037491231,0.414346895074946,233.83304320715,126.010028839409,41.4346895074946
2022-01-16,16876,154,10987,130,5889,24,12054,135,82705,197,94759,332,0,277,1,356,285,0,"Anderson",76978,1727.76637480839,0.424561403508772,431.292057470966,200.05715918834,42.4561403508772
2022-01-17,17056,180,11099,112,5957,68,12171,117,82824,119,94995,236,0,277,2,358,285,0,"Anderson",76978,1758.94411390267,0.434313725490196,306.581101093819,233.83304320715,43.4313725490196
2022-01-18,17272,216,11239,140,6033,76,12314,143,82961,137,95275,280,0,277,0,358,287,2,"Anderson",76978,1812.20608485541,0.446316803081367,363.740289433345,280.59965184858,44.6316803081367
2022-01-19,17578,306,11454,215,6124,91,12532,218,83181,220,95713,438,3,280,0,358,287,0,"Anderson",76978,1870.6643456572,0.453913849004169,568.993738470732,397.516173452155,45.3913849004169
2022-01-20,17877,299,11698,244,6179,55,12795,263,83338,157,96133,420,1,281,2,360,288,1,"Anderson",76978,1956.40312816649,0.496120492925605,545.610434150017,388.422666216322,49.6120492925605
2022-01-21,18124,247,11914,216,6210,31,13021,226,83557,219,96578,445,2,283,1,361,290,2,"Anderson",76978,1947.30962093066,0.499356499356499,578.087245706565,320.8708981787,49.9356499356499
2022-01-22,18253,129,12006,92,6247,37,13125,104,83676,119,96801,223,0,283,0,361,290,0,"Anderson",76978,1988.87993972304,0.508003369839933,289.693159084414,167.580347631791,50.8003369839933
2022-01-23,18382,129,12118,112,6264,17,13240,115,83783,107,97023,222,0,283,0,361,291,1,"Anderson",76978,1956.40312816649,0.523851590106007,288.394086622152,167.580347631791,52.3851590106007
2022-01-24,18651,269,12269,151,6382,118,13402,162,83961,178,97363,340,1,284,1,362,292,1,"Anderson",76978,2072.0205773078,0.519847972972973,441.684637169061,349.450492348463,51.9847972972973
2022-01-25,18834,183,12401,132,6433,51,13546,144,84081,120,97627,264,1,285,0,362,293,1,"Anderson",76978,2029.15118605316,0.523809523809524,342.955130037153,237.730260593936,52.3809523809524
2022-01-26,19044,210,12560,159,6484,51,13717,171,84233,152,97950,323,1,286,2,364,293,0,"Anderson",76978,1904.44022967601,0.529727313366115,419.600405310608,272.805217075008,52.9727313366115
2022-01-27,19266,222,12734,174,6532,48,13897,180,84453,220,98350,400,0,286,0,364,293,0,"Anderson",76978,1804.41165008184,0.497068110058638,519.628984904778,288.394086622152,49.7068110058638
2022-01-28,19457,191,12873,139,6584,52,14042,145,84616,163,98658,308,1,287,1,365,294,1,"Anderson",76978,1731.66359219517,0.490865384615385,400.114318376679,248.122840292031,49.0865384615385
2022-01-29,19603,146,12975,102,6628,44,14149,107,84733,117,98882,224,0,287,0,365,296,2,"Anderson",76978,1753.74782405363,0.492071119654013,290.992231546676,189.664579490244,49.2071119654013
2022-01-30,19670,67,13021,46,6649,21,14199,50,84824,91,99023,141,0,287,2,367,297,1,"Anderson",76978,1673.20533139339,0.4795,183.169217178934,87.0378549715503,47.95
2022-01-31,19866,196,13142,121,6724,75,14340,141,84974,150,99314,291,4,291,1,368,299,2,"Anderson",76978,1578.37304164826,0.48077908764736,378.030086518226,254.618202603341,48.077908764736
2022-02-01,20029,163,13237,95,6792,68,14446,106,85094,120,99540,226,1,292,1,369,299,0,"Anderson",76978,1552.39159240302,0.470465237846315,293.5903764712,211.748811348697,47.0465237846315
2022-02-02,20176,147,13325,88,6851,59,14540,94,85235,141,99775,235,1,293,0,369,300,1,"Anderson",76978,1470.55002728052,0.450958904109589,305.282028631557,190.963651952506,45.0958904109589
2022-02-03,20813,637,13417,92,7396,545,14639,99,85443,208,100082,307,2,295,1,370,302,2,"Anderson",76978,2009.66509911923,0.428406466512702,398.815245914417,827.509158460859,42.8406466512702
2022-02-04,20960,147,13528,111,7432,36,14750,111,85567,124,100317,235,0,295,0,370,305,3,"Anderson",76978,1952.5059107797,0.426763110307414,305.282028631557,190.963651952506,42.6763110307414
2022-02-05,21009,49,13554,26,7455,23,14780,30,85643,76,100423,106,0,295,0,370,306,1,"Anderson",76978,1826.49588194029,0.409474367293965,137.701680999766,63.6545506508353,40.9474367293965
2022-02-06,21068,59,13598,44,7470,15,14829,49,85717,74,100546,123,0,295,1,371,308,2,"Anderson",76978,1816.1033022422,0.41365725541694,159.785912858219,76.6452752734548,41.365725541694
2022-02-07,21152,84,13649,51,7503,33,14885,56,85819,102,100704,158,3,298,0,371,309,1,"Anderson",76978,1670.60718646886,0.392086330935252,205.253449037387,109.122086830003,39.2086330935252
2022-02-08,21238,86,13697,48,7541,38,14943,58,85916,97,100859,155,0,298,0,371,309,0,"Anderson",76978,1570.57860687469,0.376800606520091,201.356231650601,111.720231754527,37.6800606520091
2022-02-09,21337,99,13761,64,7576,35,15017,74,86023,107,101040,181,0,298,0,371,310,1,"Anderson",76978,1508.22312868612,0.377075098814229,235.132115669412,128.608173763933,37.7075098814229
2022-02-10,21425,88,13811,50,7614,38,15071,54,86149,126,101220,180,2,300,0,371,311,1,"Anderson",76978,795.03234690431,0.379613356766257,233.83304320715,114.318376679051,37.9613356766257
2022-02-11,21485,60,13854,43,7631,17,15117,46,86251,102,101368,148,1,301,0,371,311,0,"Anderson",76978,682.013042687521,0.34919124643197,192.262724414768,77.9443477357167,34.919124643197
2022-02-12,21516,31,13877,23,7639,8,15142,25,86313,62,101455,87,0,301,1,372,311,0,"Anderson",76978,658.629738366806,0.35077519379845,113.019304216789,40.2712463301203,35.077519379845
2022-02-13,21537,21,13891,14,7646,7,15157,15,86360,47,101517,62,0,301,0,372,312,1,"Anderson",76978,609.264984800852,0.337796086508754,80.5424926602406,27.2805217075008,33.7796086508754
2022-02-14,21589,52,13919,28,7670,24,15194,37,86417,57,101611,94,1,302,0,372,312,0,"Anderson",76978,567.69466600847,0.340683572216097,122.112811452623,67.5517680376211,34.0683572216097
2022-02-15,21646,57,13958,39,7688,18,15239,45,86494,77,101733,122,0,302,0,372,313,1,"Anderson",76978,530.021564602874,0.338672768878719,158.486840395957,74.0471303489309,33.8672768878719
2022-02-16,21710,64,13993,35,7717,29,15272,33,86586,92,101858,125,0,302,0,372,313,0,"Anderson",76978,484.554028423705,0.311735941320293,162.384057782743,83.1406375847645,31.1735941320293
2022-02-17,21758,48,14026,33,7732,15,15307,35,86680,94,101987,129,0,302,0,372,314,1,"Anderson",76978,432.591129933228,0.307692307692308,167.580347631791,62.3554781885734,30.7692307692308
2022-02-18,21807,49,14058,32,7749,17,15345,38,86752,72,102097,110,0,302,0,372,315,1,"Anderson",76978,418.301332848346,0.312757201646091,142.897970848814,63.6545506508353,31.2757201646091
2022-02-19,21832,25,14067,9,7765,16,15355,10,86807,55,102162,65,0,302,0,372,317,2,"Anderson",76978,410.506898074775,0.301272984441301,84.4397100470264,32.4768115565486,30.1272984441301
2022-02-20,21842,10,14070,3,7772,7,15357,2,86844,37,102201,39,0,302,0,372,317,0,"Anderson",76978,396.217100989893,0.292397660818713,50.6638260282159,12.9907246226195,29.2397660818713
2022-02-21,21859,17,14080,10,7779,7,15368,11,86873,29,102241,40,0,302,2,374,318,1,"Anderson",76978,350.749564810725,0.276190476190476,51.9628984904778,22.0842318584531,27.6190476190476
2022-02-22,21894,35,14095,15,7799,20,15386,18,86950,77,102336,95,2,304,0,374,318,0,"Anderson",76978,322.169970640962,0.243781094527363,123.411883914885,45.4675361791681,24.3781094527363
2022-02-23,21931,37,14114,19,7817,18,15407,21,87016,66,102423,87,4,308,0,374,319,1,"Anderson",76978,287.09501415989,0.238938053097345,113.019304216789,48.065681103692,23.8938053097345
2022-02-24,21959,28,14128,14,7831,14,15424,17,87094,78,102518,95,1,309,0,374,320,1,"Anderson",76978,261.113564914651,0.220338983050847,123.411883914885,36.3740289433345,22.0338983050847
2022-02-25,21972,13,14134,6,7838,7,15430,6,87161,67,102591,73,-1,308,0,374,320,0,"Anderson",76978,214.346956273221,0.172064777327935,94.832289745122,16.8879420094053,17.2064777327935
2022-02-26,21984,12,14139,5,7845,7,15437,7,87206,45,102643,52,0,308,1,375,320,0,"Anderson",76978,197.459014263816,0.17047817047817,67.5517680376211,15.5888695471433,17.047817047817
2022-02-27,21984,0,14139,0,7845,0,15438,1,87223,17,102661,18,0,308,0,375,320,0,"Anderson",76978,184.468289641196,0.176086956521739,23.383304320715,0,17.6086956521739
2022-02-28,22002,18,14148,9,7854,9,15450,12,87280,57,102730,69,0,308,0,375,320,0,"Anderson",76978,185.767362103458,0.167689161554192,89.6359998960742,23.383304320715,16.7689161554192
2022-03-01,22015,13,14155,7,7860,6,15458,8,87325,45,102783,53,-1,307,0,375,322,2,"Anderson",76978,157.187767933695,0.161073825503356,68.8508404998831,16.8879420094053,16.1073825503356
2022-03-02,22026,11,14162,7,7864,4,15467,9,87378,53,102845,62,2,309,0,375,323,1,"Anderson",76978,123.411883914885,0.14218009478673,80.5424926602406,14.2897970848814,14.218009478673
2022-03-03,22036,10,14164,2,7872,8,15469,2,87422,44,102891,46,2,311,0,375,323,0,"Anderson",76978,100.02857959417,0.120643431635389,59.7573332640495,12.9907246226195,12.0643431635389
2022-03-04,22045,9,14167,3,7878,6,15474,5,87485,63,102959,68,0,311,0,375,324,1,"Anderson",76978,94.832289745122,0.119565217391304,88.3369274338123,11.6916521603575,11.9565217391304
2022-03-05,22050,5,14168,1,7882,4,15475,1,87526,41,103001,42,0,311,0,375,325,1,"Anderson",76978,85.7387825092884,0.106145251396648,54.5610434150017,6.49536231130973,10.6145251396648
2022-03-06,22052,2,14169,1,7883,1,15476,1,87550,24,103026,25,0,311,1,376,326,1,"Anderson",76978,88.3369274338123,0.104109589041096,32.4768115565486,2.59814492452389,10.4109589041096
2022-03-07,22065,13,14171,2,7894,11,15478,2,87583,33,103061,35,1,312,0,376,326,0,"Anderson",76978,81.8415651225025,0.0845921450151057,45.4675361791681,16.8879420094053,8.45921450151057
2022-03-08,22116,51,14173,2,7943,49,15481,3,87613,30,103094,33,0,312,0,376,327,1,"Anderson",76978,131.206318688456,0.0739549839228296,42.8693912546442,66.2526955753592,7.39549839228296
2022-03-09,22123,7,14179,6,7944,1,15486,5,87651,38,103137,43,0,312,0,376,327,0,"Anderson",76978,126.010028839409,0.0650684931506849,55.8601158772636,9.09350723583361,6.50684931506849
2022-03-10,22128,5,14183,4,7945,1,15494,8,87697,46,103191,54,3,315,0,376,327,0,"Anderson",76978,119.514666528099,0.0833333333333333,70.149912962145,6.49536231130973,8.33333333333333
2022-03-11,22134,6,14183,0,7951,6,15495,1,87736,39,103231,40,1,316,1,377,327,0,"Anderson",76978,115.617449141313,0.0772058823529412,51.9628984904778,7.79443477357167,7.72058823529412
2022-03-12,22134,0,14183,0,7951,0,15495,0,87758,22,103253,22,0,316,0,377,329,2,"Anderson",76978,109.122086830003,0.0793650793650794,28.5795941697628,0,7.93650793650794
2022-03-13,22137,3,14185,2,7952,1,15496,1,87802,44,103298,45,1,317,0,377,329,0,"Anderson",76978,110.421159292265,0.0735294117647059,58.4582608017875,3.89721738678583,7.35294117647059
2022-03-14,22144,7,14189,4,7955,3,15503,7,87828,26,103331,33,2,319,1,378,329,0,"Anderson",76978,102.626724518694,0.0925925925925926,42.8693912546442,9.09350723583361,9.25925925925926
2022-03-15,22148,4,14190,1,7958,3,15503,0,87850,22,103353,22,0,319,0,378,330,1,"Anderson",76978,41.5703187923822,0.0849420849420849,28.5795941697628,5.19628984904778,8.49420849420849
2022-03-16,22150,2,14192,2,7958,0,15506,3,87874,24,103380,27,1,320,0,378,330,0,"Anderson",76978,35.0749564810725,0.0823045267489712,35.0749564810725,2.59814492452389,8.23045267489712
2022-03-17,22150,0,14192,0,7958,0,15508,2,87903,29,103411,31,0,320,0,378,330,0,"Anderson",76978,28.5795941697628,0.0636363636363636,40.2712463301203,0,6.36363636363636
2022-03-18,22152,2,14194,2,7958,0,15510,2,87947,44,103457,46,0,320,0,378,331,1,"Anderson",76978,23.383304320715,0.0663716814159292,59.7573332640495,2.59814492452389,6.63716814159292
2022-03-19,22152,0,14194,0,7958,0,15510,0,87967,20,103477,20,0,320,0,378,331,0,"Anderson",76978,23.383304320715,0.0669642857142857,25.9814492452389,0,6.69642857142857
2022-03-20,22157,5,14198,4,7959,1,15515,5,87986,19,103501,24,0,320,0,378,332,1,"Anderson",76978,25.9814492452389,0.0935960591133005,31.1777390942867,6.49536231130973,9.35960591133005
2022-03-21,22158,1,14198,0,7960,1,15515,0,87999,13,103514,13,2,322,0,378,332,0,"Anderson",76978,18.1870144716672,0.0655737704918033,16.8879420094053,1.29907246226194,6.55737704918033
2022-03-22,22158,0,14198,0,7960,0,15516,1,88005,6,103521,7,0,322,0,378,332,0,"Anderson",76978,12.9907246226194,0.0773809523809524,9.09350723583361,0,7.73809523809524
2022-03-23,22160,2,14200,2,7960,0,15518,2,88030,25,103548,27,0,322,0,378,333,1,"Anderson",76978,12.9907246226194,0.0714285714285714,35.0749564810725,2.59814492452389,7.14285714285714
2022-03-24,22161,1,14200,0,7961,1,15519,1,88046,16,103565,17,0,322,0,378,334,1,"Anderson",76978,14.2897970848814,0.0714285714285714,22.0842318584531,1.29907246226194,7.14285714285714
2022-03-25,22162,1,14201,1,7961,0,15521,2,88069,23,103590,25,0,322,0,378,334,0,"Anderson",76978,12.9907246226194,0.0827067669172932,32.4768115565486,1.29907246226194,8.27067669172932
2022-03-26,22163,1,14202,1,7961,0,15522,1,88088,19,103610,20,0,322,0,378,334,0,"Anderson",76978,14.2897970848814,0.0902255639097744,25.9814492452389,1.29907246226194,9.02255639097744
2022-03-27,22163,0,14202,0,7961,0,15522,0,88099,11,103621,11,0,322,0,378,334,0,"Anderson",76978,7.79443477357167,0.0583333333333333,14.2897970848814,0,5.83333333333333
2022-03-28,22167,4,14205,3,7962,1,15525,3,88143,44,103668,47,1,323,0,378,336,2,"Anderson",76978,11.6916521603575,0.0649350649350649,61.0564057263114,5.19628984904778,6.49350649350649
2022-03-29,22167,0,14205,0,7962,0,15525,0,88156,13,103681,13,1,324,0,378,337,1,"Anderson",76978,11.6916521603575,0.05625,16.8879420094053,0,5.625
2022-03-30,22169,2,14205,0,7964,2,15526,1,88179,23,103705,24,1,325,0,378,337,0,"Anderson",76978,11.6916521603575,0.0509554140127389,31.1777390942867,2.59814492452389,5.09554140127389
2022-03-31,22171,2,14206,1,7965,1,15527,1,88199,20,103726,21,0,325,0,378,337,0,"Anderson",76978,12.9907246226194,0.0496894409937888,27.2805217075008,2.59814492452389,4.96894409937888
2022-04-01,22174,3,14207,1,7967,2,15528,1,88236,37,103764,38,3,328,0,378,337,0,"Anderson",76978,15.5888695471433,0.0402298850574713,49.3647535659539,3.89721738678583,4.02298850574713
2022-04-02,22175,1,14208,1,7967,0,15530,2,88256,20,103786,22,0,328,0,378,337,0,"Anderson",76978,15.5888695471433,0.0454545454545455,28.5795941697628,1.29907246226194,4.54545454545455
2022-04-03,22175,0,14208,0,7967,0,15530,0,88268,12,103798,12,0,328,0,378,337,0,"Anderson",76978,15.5888695471433,0.0451977401129944,15.5888695471433,0,4.51977401129944
2022-04-04,22177,2,14209,1,7968,1,15531,1,88287,19,103818,20,0,328,0,378,337,0,"Anderson",76978,12.9907246226194,0.04,25.9814492452389,2.59814492452389,4
2022-04-05,22183,6,14210,1,7973,5,15532,1,88306,19,103838,20,3,331,0,378,338,1,"Anderson",76978,20.7851593961911,0.0445859872611465,25.9814492452389,7.79443477357167,4.45859872611465
2022-04-06,22186,3,14213,3,7973,0,15536,4,88330,24,103866,28,0,331,0,378,338,0,"Anderson",76978,22.0842318584531,0.062111801242236,36.3740289433345,3.89721738678583,6.2111801242236
2022-04-07,22188,2,14213,0,7975,2,15536,0,88353,23,103889,23,1,332,0,378,338,0,"Anderson",76978,22.0842318584531,0.0552147239263804,29.8786666320247,2.59814492452389,5.52147239263804
2022-04-08,22189,1,14213,0,7976,1,15536,0,88384,31,103920,31,1,333,0,378,338,0,"Anderson",76978,19.4860869339292,0.0512820512820513,40.2712463301203,1.29907246226194,5.12820512820513
2022-04-09,22189,0,14213,0,7976,0,15536,0,88394,10,103930,10,0,333,0,378,338,0,"Anderson",76978,18.1870144716672,0.0416666666666667,12.9907246226195,0,4.16666666666667
2022-04-10,22189,0,14213,0,7976,0,15536,0,88404,10,103940,10,0,333,0,378,338,0,"Anderson",76978,18.1870144716672,0.0422535211267606,12.9907246226195,0,4.22535211267606
2022-04-11,22191,2,14213,0,7978,2,15536,0,88422,18,103958,18,0,333,0,378,338,0,"Anderson",76978,18.1870144716672,0.0357142857142857,23.383304320715,2.59814492452389,3.57142857142857
2022-04-12,22195,4,14216,3,7979,1,15540,4,88440,18,103980,22,1,334,0,378,339,1,"Anderson",76978,15.5888695471433,0.0563380281690141,28.5795941697628,5.19628984904778,5.63380281690141
2022-04-13,22198,3,14217,1,7981,2,15541,1,88462,22,104003,23,0,334,0,378,339,0,"Anderson",76978,15.5888695471433,0.0364963503649635,29.8786666320247,3.89721738678583,3.64963503649635
2022-04-14,22201,3,14217,0,7984,3,15541,0,88478,16,104019,16,0,334,0,378,340,1,"Anderson",76978,16.8879420094053,0.0384615384615385,20.7851593961911,3.89721738678583,3.84615384615385
2022-04-15,22205,4,14220,3,7985,1,15545,4,88498,20,104043,24,0,334,0,378,340,0,"Anderson",76978,20.7851593961911,0.0731707317073171,31.1777390942867,5.19628984904778,7.31707317073171
2022-04-16,22206,1,14220,0,7986,1,15545,0,88512,14,104057,14,0,334,0,378,340,0,"Anderson",76978,22.0842318584531,0.0708661417322835,18.1870144716672,1.29907246226194,7.08661417322835
2022-04-17,22208,2,14220,0,7988,2,15546,1,88527,15,104073,16,0,334,0,378,340,0,"Anderson",76978,24.682376782977,0.075187969924812,20.7851593961911,2.59814492452389,7.5187969924812
2022-04-18,22214,6,14222,2,7992,4,15548,2,88547,20,104095,22,-1,333,0,378,340,0,"Anderson",76978,29.8786666320247,0.0875912408759124,28.5795941697628,7.79443477357167,8.75912408759124
2022-04-19,22218,4,14223,1,7995,3,15549,1,88560,13,104109,14,0,333,0,378,340,0,"Anderson",76978,29.8786666320247,0.0697674418604651,18.1870144716672,5.19628984904778,6.97674418604651
2022-04-20,22224,6,14225,2,7999,4,15551,2,88593,33,104144,35,1,334,0,378,340,0,"Anderson",76978,33.7758840188106,0.0709219858156028,45.4675361791681,7.79443477357167,7.09219858156028
2022-04-21,22227,3,14226,1,8001,2,15552,1,88619,26,104171,27,0,334,0,378,340,0,"Anderson",76978,33.7758840188106,0.0723684210526316,35.0749564810725,3.89721738678583,7.23684210526316
2022-04-22,22229,2,14227,1,8002,1,15553,1,88651,32,104204,33,0,334,0,378,340,0,"Anderson",76978,31.1777390942867,0.0496894409937888,42.8693912546442,2.59814492452389,4.96894409937888
2022-04-23,22231,2,14229,2,8002,0,15554,1,88676,25,104230,26,0,334,0,378,340,0,"Anderson",76978,32.4768115565486,0.0520231213872832,33.7758840188106,2.59814492452389,5.20231213872832
2022-04-24,22234,3,14229,0,8005,3,15554,0,88693,17,104247,17,0,334,0,378,340,0,"Anderson",76978,33.7758840188106,0.0459770114942529,22.0842318584531,3.89721738678583,4.59770114942529
2022-04-25,22252,18,14231,2,8021,16,15556,2,88704,11,104260,13,0,334,0,378,341,1,"Anderson",76978,49.3647535659539,0.0484848484848485,16.8879420094053,23.383304320715,4.84848484848485
2022-04-26,22266,14,14236,5,8030,9,15562,6,88725,21,104287,27,0,334,0,378,341,0,"Anderson",76978,62.3554781885734,0.0730337078651685,35.0749564810725,18.1870144716672,7.30337078651685
2022-04-27,22280,14,14241,5,8039,9,15567,5,88761,36,104328,41,0,334,0,378,342,1,"Anderson",76978,72.7480578866689,0.0869565217391304,53.2619709527397,18.1870144716672,8.69565217391304
2022-04-28,22285,5,14243,2,8042,3,15569,2,88784,23,104353,25,0,334,0,378,342,0,"Anderson",76978,75.3462028111928,0.0934065934065934,32.4768115565486,6.49536231130973,9.34065934065934
2022-04-29,22291,6,14244,1,8047,5,15570,1,88805,21,104375,22,0,334,0,378,342,0,"Anderson",76978,80.5424926602406,0.0994152046783626,28.5795941697628,7.79443477357167,9.94152046783626
2022-04-30,22293,2,14245,1,8048,1,15570,0,88834,29,104404,29,0,334,0,378,342,0,"Anderson",76978,80.5424926602406,0.0919540229885057,37.6731014055964,2.59814492452389,9.19540229885057
2022-05-01,22295,2,14245,0,8050,2,15570,0,88842,8,104412,8,0,334,0,378,342,0,"Anderson",76978,79.2434201979786,0.096969696969697,10.3925796980956,2.59814492452389,9.6969696969697
2022-05-02,22303,8,14250,5,8053,3,15574,4,88873,31,104447,35,0,334,0,378,342,0,"Anderson",76978,66.2526955753592,0.0962566844919786,45.4675361791681,10.3925796980956,9.62566844919786
2022-05-03,22309,6,14255,5,8054,1,15579,5,88884,11,104463,16,0,334,0,378,342,0,"Anderson",76978,55.8601158772636,0.0965909090909091,20.7851593961911,7.79443477357167,9.65909090909091
2022-05-04,22321,12,14259,4,8062,8,15584,5,88908,24,104492,29,0,334,0,378,342,0,"Anderson",76978,53.2619709527397,0.103658536585366,37.6731014055964,15.5888695471433,10.3658536585366
2022-05-05,22329,8,14265,6,8064,2,15590,6,88926,18,104516,24,0,334,0,378,342,0,"Anderson",76978,57.1591883395256,0.128834355828221,31.1777390942867,10.3925796980956,12.8834355828221
2022-05-06,22330,1,14265,0,8065,1,15590,0,88950,24,104540,24,0,334,0,378,342,0,"Anderson",76978,50.6638260282159,0.121212121212121,31.1777390942867,1.29907246226194,12.1212121212121
2022-05-07,22339,9,14269,4,8070,5,15594,4,88966,16,104560,20,0,334,0,378,343,1,"Anderson",76978,59.7573332640495,0.153846153846154,25.9814492452389,11.6916521603575,15.3846153846154
2022-05-08,22340,1,14269,0,8071,1,15594,0,88980,14,104574,14,0,334,0,378,343,0,"Anderson",76978,58.4582608017875,0.148148148148148,18.1870144716672,1.29907246226194,14.8148148148148
2022-05-09,22346,6,14271,2,8075,4,15595,1,88995,15,104590,16,0,334,0,378,343,0,"Anderson",76978,55.8601158772636,0.146853146853147,20.7851593961911,7.79443477357167,14.6853146853147
2022-05-10,22356,10,14274,3,8082,7,15598,3,89027,32,104625,35,1,335,0,378,343,0,"Anderson",76978,61.0564057263114,0.117283950617284,45.4675361791681,12.9907246226195,11.7283950617284
2022-05-11,22370,14,14285,11,8085,3,15611,13,89045,18,104656,31,0,335,0,378,343,0,"Anderson",76978,63.6545506508353,0.164634146341463,40.2712463301203,18.1870144716672,16.4634146341463
2022-05-12,22375,5,14289,4,8086,1,15616,5,89073,28,104689,33,0,335,0,378,343,0,"Anderson",76978,59.7573332640495,0.15028901734104,42.8693912546442,6.49536231130973,15.028901734104
2022-05-13,22383,8,14294,5,8089,3,15621,5,89109,36,104730,41,2,337,0,378,344,1,"Anderson",76978,68.8508404998831,0.163157894736842,53.2619709527397,10.3925796980956,16.3157894736842
2022-05-14,22386,3,14296,2,8090,1,15623,2,89118,9,104741,11,0,337,0,378,344,0,"Anderson",76978,61.0564057263114,0.160220994475138,14.2897970848814,3.89721738678583,16.0220994475138
2022-05-15,22390,4,14296,0,8094,4,15623,0,89132,14,104755,14,0,337,0,378,344,0,"Anderson",76978,64.9536231130973,0.160220994475138,18.1870144716672,5.19628984904778,16.0220994475138
2022-05-16,22400,10,14302,6,8098,4,15628,5,89155,23,104783,28,0,337,0,378,344,0,"Anderson",76978,70.149912962145,0.170984455958549,36.3740289433345,12.9907246226195,17.0984455958549
2022-05-17,22413,13,14311,9,8102,4,15638,10,89182,27,104820,37,2,339,0,378,344,0,"Anderson",76978,74.0471303489309,0.205128205128205,48.065681103692,16.8879420094053,20.5128205128205
2022-05-18,22421,8,14318,7,8103,1,15646,8,89209,27,104855,35,0,339,0,378,345,1,"Anderson",76978,66.2526955753592,0.175879396984925,45.4675361791681,10.3925796980956,17.5879396984925
2022-05-19,22432,11,14326,8,8106,3,15654,8,89236,27,104890,35,1,340,0,378,345,0,"Anderson",76978,74.0471303489309,0.189054726368159,45.4675361791681,14.2897970848814,18.9054726368159
2022-05-20,22444,12,14335,9,8109,3,15663,9,89265,29,104928,38,0,340,0,378,345,0,"Anderson",76978,79.2434201979786,0.212121212121212,49.3647535659539,15.5888695471433,21.2121212121212
2022-05-21,22449,5,14340,5,8109,0,15669,6,89291,26,104960,32,0,340,0,378,345,0,"Anderson",76978,81.8415651225025,0.210045662100457,41.5703187923822,6.49536231130973,21.0045662100457
2022-05-22,22458,9,14346,6,8112,3,15675,6,89316,25,104991,31,1,341,0,378,345,0,"Anderson",76978,88.3369274338123,0.220338983050847,40.2712463301203,11.6916521603575,22.0338983050847
2022-05-23,22469,11,14355,9,8114,2,15682,7,89349,33,105031,40,0,341,0,378,345,0,"Anderson",76978,89.6359998960742,0.217741935483871,51.9628984904778,14.2897970848814,21.7741935483871
2022-05-24,22490,21,14362,7,8128,14,15690,8,89370,21,105060,29,0,341,0,378,345,0,"Anderson",76978,100.02857959417,0.216666666666667,37.6731014055964,27.2805217075008,21.6666666666667
2022-05-25,22502,12,14368,6,8134,6,15696,6,89403,33,105099,39,1,342,0,378,345,0,"Anderson",76978,105.224869443218,0.204918032786885,50.6638260282159,15.5888695471433,20.4918032786885
2022-05-26,22519,17,14376,8,8143,9,15706,10,89444,41,105150,51,0,342,0,378,345,0,"Anderson",76978,113.019304216789,0.2,66.2526955753592,22.0842318584531,20
2022-05-27,22534,15,14385,9,8149,6,15715,9,89490,46,105205,55,0,342,0,378,345,0,"Anderson",76978,116.916521603575,0.187725631768953,71.448985424407,19.4860869339292,18.7725631768953
2022-05-28,22544,10,14391,6,8153,4,15721,6,89541,51,105262,57,0,342,0,378,345,0,"Anderson",76978,123.411883914885,0.172185430463576,74.0471303489309,12.9907246226195,17.2185430463576
2022-05-29,22552,8,14393,2,8159,6,15723,2,89563,22,105286,24,0,342,0,378,345,0,"Anderson",76978,122.112811452623,0.16271186440678,31.1777390942867,10.3925796980956,16.271186440678
2022-05-30,22556,4,14393,0,8163,4,15724,1,89578,15,105302,16,0,342,0,378,345,0,"Anderson",76978,113.019304216789,0.154981549815498,20.7851593961911,5.19628984904778,15.4981549815498
2022-05-31,22572,16,14401,8,8171,8,15731,7,89605,27,105336,34,0,342,0,378,345,0,"Anderson",76978,106.523941905479,0.148550724637681,44.1684637169061,20.7851593961911,14.8550724637681
2022-06-01,22596,24,14414,13,8182,11,15748,17,89632,27,105380,44,0,342,0,378,345,0,"Anderson",76978,122.112811452623,0.185053380782918,57.1591883395256,31.1777390942867,18.5053380782918
2022-06-02,22614,18,14423,9,8191,9,15756,8,89656,24,105412,32,0,342,0,378,345,0,"Anderson",76978,123.411883914885,0.190839694656489,41.5703187923822,23.383304320715,19.0839694656489
2022-06-03,22628,14,14431,8,8197,6,15765,9,89706,50,105471,59,0,342,0,378,345,0,"Anderson",76978,122.112811452623,0.18796992481203,76.6452752734548,18.1870144716672,18.796992481203
2022-06-04,22635,7,14436,5,8199,2,15771,6,89735,29,105506,35,0,342,0,378,345,0,"Anderson",76978,118.215594065837,0.204918032786885,45.4675361791681,9.09350723583361,20.4918032786885
2022-06-05,22645,10,14443,7,8202,3,15779,8,89752,17,105531,25,0,342,0,378,345,0,"Anderson",76978,120.813738990361,0.228571428571429,32.4768115565486,12.9907246226195,22.8571428571429
2022-06-06,22672,27,14457,14,8215,13,15793,14,89775,23,105568,37,0,342,0,378,346,1,"Anderson",76978,150.692405622386,0.259398496240602,48.065681103692,35.0749564810725,25.9398496240602
2022-06-07,22694,22,14465,8,8229,14,15801,8,89795,20,105596,28,0,342,0,378,346,0,"Anderson",76978,158.486840395957,0.269230769230769,36.3740289433345,28.5795941697628,26.9230769230769
2022-06-08,22717,23,14480,15,8237,8,15819,18,89844,49,105663,67,0,342,0,378,346,0,"Anderson",76978,157.187767933695,0.250883392226148,87.0378549715503,29.8786666320247,25.0883392226148
2022-06-09,22735,18,14492,12,8243,6,15832,13,89879,35,105711,48,0,342,1,379,347,1,"Anderson",76978,157.187767933695,0.254180602006689,62.3554781885734,23.383304320715,25.4180602006689
2022-06-10,22758,23,14508,16,8250,7,15849,17,89940,61,105789,78,0,342,0,379,347,0,"Anderson",76978,168.879420094053,0.264150943396226,101.327652056432,29.8786666320247,26.4150943396226
2022-06-11,22767,9,14512,4,8255,5,15854,5,89958,18,105812,23,0,342,0,379,347,0,"Anderson",76978,171.477565018577,0.271241830065359,29.8786666320247,11.6916521603575,27.1241830065359
2022-06-12,22775,8,14514,2,8261,6,15856,2,89972,14,105828,16,0,342,0,379,347,0,"Anderson",76978,168.879420094053,0.259259259259259,20.7851593961911,10.3925796980956,25.9259259259259
2022-06-13,22792,17,14520,6,8272,11,15862,6,89996,24,105858,30,0,342,0,379,347,0,"Anderson",76978,155.888695471433,0.237931034482759,38.9721738678584,22.0842318584531,23.7931034482759
2022-06-14,22822,30,14534,14,8288,16,15878,16,90033,37,105911,53,1,343,0,379,348,1,"Anderson",76978,166.281275169529,0.244444444444444,68.8508404998831,38.9721738678584,24.4444444444444
2022-06-15,22840,18,14546,12,8294,6,15892,14,90056,23,105948,37,1,344,1,380,348,0,"Anderson",76978,159.785912858219,0.256140350877193,48.065681103692,23.383304320715,25.6140350877193
2022-06-16,22865,25,14558,12,8307,13,15903,11,90084,28,105987,39,1,345,0,380,348,0,"Anderson",76978,168.879420094053,0.257246376811594,50.6638260282159,32.4768115565486,25.7246376811594
2022-06-17,22888,23,14571,13,8317,10,15919,16,90107,23,106026,39,0,345,0,380,349,1,"Anderson",76978,168.879420094053,0.29535864978903,50.6638260282159,29.8786666320247,29.535864978903
2022-06-18,22900,12,14580,9,8320,3,15929,10,90130,23,106059,33,1,346,0,380,349,0,"Anderson",76978,172.776637480839,0.303643724696356,42.8693912546442,15.5888695471433,30.3643724696356
2022-06-19,22916,16,14585,5,8331,11,15934,5,90148,18,106082,23,0,346,0,380,349,0,"Anderson",76978,183.169217178934,0.307086614173228,29.8786666320247,20.7851593961911,30.7086614173228
2022-06-20,22928,12,14589,4,8339,8,15941,7,90164,16,106105,23,0,346,0,380,349,0,"Anderson",76978,176.673854867625,0.319838056680162,29.8786666320247,15.5888695471433,31.9838056680162
2022-06-21,22954,26,14599,10,8355,16,15949,8,90176,12,106125,20,0,346,0,380,349,0,"Anderson",76978,171.477565018577,0.331775700934579,25.9814492452389,33.7758840188106,33.1775700934579
2022-06-22,22994,40,14629,30,8365,10,15979,30,90226,50,106205,80,0,346,0,380,349,0,"Anderson",76978,200.05715918834,0.33852140077821,103.925796980956,51.9628984904778,33.852140077821
2022-06-23,23012,18,14640,11,8372,7,15993,14,90249,23,106242,37,0,346,0,380,350,1,"Anderson",76978,190.963651952506,0.352941176470588,48.065681103692,23.383304320715,35.2941176470588
2022-06-24,23045,33,14651,11,8394,22,16005,12,90282,33,106287,45,0,346,0,380,351,1,"Anderson",76978,203.954376575125,0.329501915708812,58.4582608017875,42.8693912546442,32.9501915708812
2022-06-25,23056,11,14654,3,8402,8,16011,6,90311,29,106322,35,0,346,0,380,351,0,"Anderson",76978,202.655304112863,0.311787072243346,45.4675361791681,14.2897970848814,31.1787072243346
2022-06-26,23066,10,14660,6,8406,4,16016,5,90337,26,106353,31,0,346,0,380,351,0,"Anderson",76978,194.860869339292,0.302583025830258,40.2712463301203,12.9907246226195,30.2583025830258
2022-06-27,23089,23,14672,12,8417,11,16028,12,90353,16,106381,28,1,347,0,380,351,0,"Anderson",76978,209.150666424173,0.315217391304348,36.3740289433345,29.8786666320247,31.5217391304348
2022-06-28,23119,30,14688,16,8431,14,16044,16,90382,29,106426,45,1,348,1,381,351,0,"Anderson",76978,214.346956273221,0.315614617940199,58.4582608017875,38.9721738678584,31.5614617940199
2022-06-29,23142,23,14697,9,8445,14,16055,11,90424,42,106479,53,1,349,0,381,351,0,"Anderson",76978,192.262724414768,0.277372262773723,68.8508404998831,29.8786666320247,27.7372262773723
2022-06-30,23179,37,14709,12,8470,25,16068,13,90469,45,106537,58,0,349,0,381,351,0,"Anderson",76978,216.945101197745,0.254237288135593,75.3462028111928,48.065681103692,25.4237288135593
2022-07-01,23201,22,14721,12,8480,10,16081,13,90509,40,106590,53,0,349,0,381,351,0,"Anderson",76978,202.655304112863,0.250825082508251,68.8508404998831,28.5795941697628,25.0825082508251
2022-07-02,23229,28,14735,14,8494,14,16096,15,90529,20,106625,35,0,349,0,381,351,0,"Anderson",76978,224.739535971316,0.280528052805281,45.4675361791681,36.3740289433345,28.0528052805281
2022-07-03,23241,12,14742,7,8499,5,16103,7,90546,17,106649,24,0,349,0,381,351,0,"Anderson",76978,227.33768089584,0.293918918918919,31.1777390942867,15.5888695471433,29.3918918918919
2022-07-04,23257,16,14747,5,8510,11,16108,5,90554,8,106662,13,0,349,0,381,352,1,"Anderson",76978,218.244173660007,0.284697508896797,16.8879420094053,20.7851593961911,28.4697508896797
2022-07-05,23278,21,14757,10,8521,11,16119,11,90579,25,106698,36,0,349,0,381,353,1,"Anderson",76978,206.552521499649,0.275735294117647,46.76660864143,27.2805217075008,27.5735294117647
2022-07-06,23292,14,14763,6,8529,8,16126,7,90608,29,106734,36,0,349,0,381,353,0,"Anderson",76978,194.860869339292,0.27843137254902,46.76660864143,18.1870144716672,27.843137254902
2022-07-07,23324,32,14778,15,8546,17,16141,15,90634,26,106775,41,0,349,0,381,353,0,"Anderson",76978,188.365507027982,0.30672268907563,53.2619709527397,41.5703187923822,30.672268907563
2022-07-08,23358,34,14789,11,8569,23,16151,10,90661,27,106812,37,0,349,0,381,353,0,"Anderson",76978,203.954376575125,0.315315315315315,48.065681103692,44.1684637169061,31.5315315315315
2022-07-09,23386,28,14794,5,8592,23,16156,5,90675,14,106831,19,0,349,0,381,353,0,"Anderson",76978,203.954376575125,0.29126213592233,24.682376782977,36.3740289433345,29.126213592233
2022-07-10,23405,19,14798,4,8607,15,16159,3,90681,6,106840,9,0,349,0,381,353,0,"Anderson",76978,213.047883810959,0.293193717277487,11.6916521603575,24.682376782977,29.3193717277487
2022-07-11,23428,23,14808,10,8620,13,16172,13,90719,38,106891,51,0,349,0,381,353,0,"Anderson",76978,222.141391046793,0.279475982532751,66.2526955753592,29.8786666320247,27.9475982532751
2022-07-12,23473,45,14826,18,8647,27,16191,19,90753,34,106944,53,0,349,0,381,353,0,"Anderson",76978,253.319130141079,0.292682926829268,68.8508404998831,58.4582608017875,29.2682926829268
2022-07-13,23511,38,14844,18,8667,20,16210,19,90800,47,107010,66,0,349,0,381,354,1,"Anderson",76978,284.496869235366,0.304347826086957,85.7387825092884,49.3647535659539,30.4347826086957
2022-07-14,23552,41,14856,12,8696,29,16222,12,90822,22,107044,34,0,349,1,382,354,0,"Anderson",76978,296.188521395723,0.301115241635688,44.1684637169061,53.2619709527397,30.1115241635688
2022-07-15,23584,32,14872,16,8712,16,16238,16,90848,26,107086,42,0,349,0,382,354,0,"Anderson",76978,293.5903764712,0.317518248175182,54.5610434150017,41.5703187923822,31.7518248175182
2022-07-16,23606,22,14879,7,8727,15,16245,7,90857,9,107102,16,0,349,0,382,354,0,"Anderson",76978,285.795941697628,0.328413284132841,20.7851593961911,28.5795941697628,32.8413284132841
2022-07-17,23616,10,14883,4,8733,6,16248,3,90869,12,107117,15,0,349,0,382,354,0,"Anderson",76978,274.10428953727,0.32129963898917,19.4860869339292,12.9907246226195,32.129963898917
2022-07-18,23662,46,14904,21,8758,25,16269,21,90919,50,107188,71,0,349,0,382,354,0,"Anderson",76978,303.982956169295,0.326599326599327,92.2341448205981,59.7573332640495,32.6599326599327
2022-07-19,23712,50,14927,23,8785,27,16295,26,90935,16,107230,42,3,352,0,382,354,0,"Anderson",76978,310.478318480605,0.363636363636364,54.5610434150017,64.9536231130973,36.3636363636364
2022-07-20,23748,36,14943,16,8805,20,16311,16,90965,30,107276,46,0,352,0,382,354,0,"Anderson",76978,307.880173556081,0.379699248120301,59.7573332640495,46.76660864143,37.9699248120301
2022-07-21,23791,43,14972,29,8819,14,16341,30,91017,52,107358,82,0,352,0,382,355,1,"Anderson",76978,310.478318480605,0.378980891719745,106.523941905479,55.8601158772636,37.8980891719745
2022-07-22,23829,38,14986,14,8843,24,16356,15,91052,35,107408,50,0,352,0,382,356,1,"Anderson",76978,318.272753254177,0.366459627329193,64.9536231130973,49.3647535659539,36.6459627329193
2022-07-23,23839,10,14989,3,8850,7,16360,4,91063,11,107423,15,0,352,0,382,356,0,"Anderson",76978,302.683883707033,0.358255451713396,19.4860869339292,12.9907246226195,35.8255451713396
2022-07-24,23862,23,14998,9,8864,14,16369,9,91077,14,107446,23,0,352,0,382,356,0,"Anderson",76978,319.571825716438,0.367781155015198,29.8786666320247,29.8786666320247,36.7781155015198
2022-07-25,23908,46,15024,26,8884,20,16396,27,91109,32,107505,59,0,352,0,382,356,0,"Anderson",76978,319.571825716438,0.400630914826498,76.6452752734548,59.7573332640495,40.0630914826498
2022-07-26,23955,47,15048,24,8907,23,16420,24,91142,33,107562,57,0,352,0,382,357,1,"Anderson",76978,315.674608329653,0.376506024096386,74.0471303489309,61.0564057263114,37.6506024096386
2022-07-27,23998,43,15066,18,8932,25,16441,21,91184,42,107625,63,0,352,0,382,357,0,"Anderson",76978,324.768115565486,0.372492836676218,81.8415651225025,55.8601158772636,37.2492836676218
2022-07-28,24034,36,15083,17,8951,19,16459,18,91223,39,107682,57,0,352,0,382,357,0,"Anderson",76978,315.674608329653,0.364197530864198,74.0471303489309,46.76660864143,36.4197530864198
2022-07-29,24067,33,15104,21,8963,12,16480,21,91258,35,107738,56,0,352,0,382,357,0,"Anderson",76978,309.179246018343,0.375757575757576,72.7480578866689,42.8693912546442,37.5757575757576
2022-07-30,24091,24,15118,14,8973,10,16494,14,91274,16,107768,30,0,352,0,382,357,0,"Anderson",76978,327.36626049001,0.388405797101449,38.9721738678584,31.1777390942867,38.8405797101449
2022-07-31,24097,6,15121,3,8976,3,16499,5,91290,16,107789,21,0,352,0,382,358,1,"Anderson",76978,305.282028631557,0.379008746355685,27.2805217075008,7.79443477357167,37.9008746355685
2022-08-01,24130,33,15137,16,8993,17,16517,18,91309,19,107826,37,0,352,0,382,358,0,"Anderson",76978,288.394086622152,0.376947040498442,48.065681103692,42.8693912546442,37.6947040498442
2022-08-02,24190,60,15184,47,9006,13,16563,46,91345,36,107908,82,1,353,0,382,358,0,"Anderson",76978,305.282028631557,0.413294797687861,106.523941905479,77.9443477357167,41.3294797687861
2022-08-03,24223,33,15203,19,9020,14,16586,23,91381,36,107967,59,0,353,0,382,359,1,"Anderson",76978,292.291304008938,0.423976608187135,76.6452752734548,42.8693912546442,42.3976608187134
2022-08-04,24267,44,15234,31,9033,13,16622,36,91476,95,108098,131,1,354,0,382,359,0,"Anderson",76978,302.683883707033,0.391826923076923,170.178492556315,57.1591883395256,39.1826923076923
2022-08-05,24300,33,15257,23,9043,10,16644,22,91508,32,108152,54,0,354,0,382,359,0,"Anderson",76978,302.683883707033,0.396135265700483,70.149912962145,42.8693912546442,39.6135265700483
2022-08-06,24318,18,15265,8,9053,10,16652,8,91523,15,108175,23,0,354,0,382,359,0,"Anderson",76978,294.889448933461,0.388206388206388,29.8786666320247,23.383304320715,38.8206388206388
2022-08-07,24334,16,15275,10,9059,6,16662,10,91539,16,108201,26,0,354,0,382,359,0,"Anderson",76978,307.880173556081,0.395631067961165,33.7758840188106,20.7851593961911,39.5631067961165
2022-08-08,24391,57,15304,29,9087,28,16690,28,91551,12,108241,40,0,354,0,382,360,1,"Anderson",76978,339.057912650368,0.416867469879518,51.9628984904778,74.0471303489309,41.6867469879518
2022-08-09,24422,31,15322,18,9100,13,16709,19,91601,50,108310,69,3,357,0,382,361,1,"Anderson",76978,301.384811244771,0.36318407960199,89.6359998960742,40.2712463301203,36.318407960199
2022-08-10,24461,39,15349,27,9112,12,16739,30,91633,32,108372,62,0,357,0,382,361,0,"Anderson",76978,309.179246018343,0.377777777777778,80.5424926602406,50.6638260282159,37.7777777777778
2022-08-11,24496,35,15374,25,9122,10,16765,26,91664,31,108429,57,0,357,0,382,361,0,"Anderson",76978,297.487593857985,0.43202416918429,74.0471303489309,45.4675361791681,43.202416918429
2022-08-12,24534,38,15397,23,9137,15,16789,24,91703,39,108492,63,0,357,0,382,362,1,"Anderson",76978,303.982956169295,0.426470588235294,81.8415651225025,49.3647535659539,42.6470588235294
2022-08-13,24552,18,15407,10,9145,8,16800,11,91733,30,108533,41,0,357,0,382,363,1,"Anderson",76978,303.982956169295,0.41340782122905,53.2619709527397,23.383304320715,41.340782122905
2022-08-14,24564,12,15415,8,9149,4,16808,8,91753,20,108561,28,0,357,0,382,363,0,"Anderson",76978,298.786666320247,0.405555555555556,36.3740289433345,15.5888695471433,40.5555555555556
2022-08-15,24618,54,15441,26,9177,28,16835,27,91775,22,108610,49,0,357,0,382,364,1,"Anderson",76978,294.889448933461,0.392953929539295,63.6545506508353,70.149912962145,39.2953929539295
2022-08-16,24667,49,15471,30,9196,19,16867,32,91807,32,108674,64,1,358,0,382,364,0,"Anderson",76978,318.272753254177,0.434065934065934,83.1406375847645,63.6545506508353,43.4065934065934
2022-08-17,24713,46,15498,27,9215,19,16893,26,91840,33,108733,59,0,358,0,382,364,0,"Anderson",76978,327.36626049001,0.426592797783933,76.6452752734548,59.7573332640495,42.6592797783933
2022-08-18,24999,286,15542,44,9457,242,16936,43,91884,44,108820,87,0,358,0,382,364,0,"Anderson",76978,653.433448517758,0.437340153452685,113.019304216789,371.534724206916,43.7340153452685
2022-08-19,25031,32,15557,15,9474,17,16952,16,91921,37,108873,53,0,358,0,382,364,0,"Anderson",76978,645.639013744187,0.427821522309711,68.8508404998831,41.5703187923822,42.7821522309711
2022-08-20,25045,14,15564,7,9481,7,16960,8,91950,29,108910,37,0,358,0,382,364,0,"Anderson",76978,640.442723895139,0.424403183023873,48.065681103692,18.1870144716672,42.4403183023873
2022-08-21,25059,14,15570,6,9489,8,16967,7,91981,31,108948,38,0,358,0,382,364,0,"Anderson",76978,643.040868819663,0.410852713178295,49.3647535659539,18.1870144716672,41.0852713178295
2022-08-22,25123,64,15595,25,9528,39,16992,25,92018,37,109010,62,0,358,0,382,365,1,"Anderson",76978,656.031593442282,0.3925,80.5424926602406,83.1406375847645,39.25
2022-08-23,25204,81,15628,33,9576,48,17026,34,92050,32,109076,66,3,361,0,382,366,1,"Anderson",76978,697.601912234664,0.395522388059701,85.7387825092884,105.224869443218,39.5522388059701
2022-08-24,25269,65,15651,23,9618,42,17052,26,92088,38,109140,64,0,361,0,382,366,0,"Anderson",76978,722.284289017641,0.390663390663391,83.1406375847645,84.4397100470264,39.0663390663391
2022-08-25,25312,43,15673,22,9639,21,17076,24,92127,39,109203,63,1,362,0,382,367,1,"Anderson",76978,406.609680687989,0.365535248041775,81.8415651225025,55.8601158772636,36.5535248041775
2022-08-26,25344,32,15688,15,9656,17,17092,16,92184,57,109276,73,0,362,0,382,367,0,"Anderson",76978,406.609680687989,0.347394540942928,94.832289745122,41.5703187923822,34.7394540942928
2022-08-27,25384,40,15697,9,9687,31,17101,9,92220,36,109321,45,0,362,0,382,367,0,"Anderson",76978,440.385564706799,0.343065693430657,58.4582608017875,51.9628984904778,34.3065693430657
2022-08-28,25393,9,15701,4,9692,5,17105,4,92248,28,109353,32,0,362,0,382,367,0,"Anderson",76978,433.89020239549,0.340740740740741,41.5703187923822,11.6916521603575,34.0740740740741
2022-08-29,25428,35,15715,14,9713,21,17121,16,92259,11,109380,27,0,362,0,382,368,1,"Anderson",76978,396.217100989893,0.348648648648649,35.0749564810725,45.4675361791681,34.8648648648649
2022-08-30,25473,45,15731,16,9742,29,17138,17,92275,16,109413,33,2,364,0,382,368,0,"Anderson",76978,349.450492348463,0.332344213649852,42.8693912546442,58.4582608017875,33.2344213649852
2022-08-31,25520,47,15762,31,9758,16,17171,33,92324,49,109495,82,0,364,0,382,368,0,"Anderson",76978,326.067188027748,0.335211267605634,106.523941905479,61.0564057263114,33.5211267605634
2022-09-01,25550,30,15776,14,9774,16,17186,15,92352,28,109538,43,1,365,0,382,368,0,"Anderson",76978,309.179246018343,0.328358208955224,55.8601158772636,38.9721738678584,32.8358208955224
2022-09-02,25577,27,15790,14,9787,13,17200,14,92396,44,109596,58,0,365,0,382,368,0,"Anderson",76978,302.683883707033,0.3375,75.3462028111928,35.0749564810725,33.75
2022-09-03,25597,20,15801,11,9796,9,17211,11,92416,20,109627,31,0,365,0,382,369,1,"Anderson",76978,276.702434461794,0.359477124183007,40.2712463301203,25.9814492452389,35.9477124183007
2022-09-04,25609,12,15803,2,9806,10,17213,2,92430,14,109643,16,0,365,0,382,369,0,"Anderson",76978,280.59965184858,0.372413793103448,20.7851593961911,15.5888695471433,37.2413793103448
2022-09-05,25618,9,15805,2,9813,7,17215,2,92444,14,109659,16,0,365,0,382,369,0,"Anderson",76978,246.82376782977,0.336917562724014,20.7851593961911,11.6916521603575,33.6917562724014
2022-09-06,25655,37,15817,12,9838,25,17227,12,92461,17,109688,29,0,365,0,382,369,0,"Anderson",76978,236.431188131674,0.323636363636364,37.6731014055964,48.065681103692,32.3636363636364
2022-09-07,25695,40,15833,16,9862,24,17244,17,92495,34,109739,51,0,365,0,382,369,0,"Anderson",76978,227.33768089584,0.299180327868852,66.2526955753592,51.9628984904778,29.9180327868852
2022-09-08,25717,22,15842,9,9875,13,17253,9,92513,18,109766,27,0,365,0,382,370,1,"Anderson",76978,216.945101197745,0.293859649122807,35.0749564810725,28.5795941697628,29.3859649122807
2022-09-09,25732,15,15850,8,9882,7,17261,8,92558,45,109819,53,0,365,0,382,371,1,"Anderson",76978,201.356231650601,0.273542600896861,68.8508404998831,19.4860869339292,27.3542600896861
2022-09-10,25748,16,15857,7,9891,9,17270,9,92578,20,109848,29,0,365,0,382,371,0,"Anderson",76978,196.159941801554,0.266968325791855,37.6731014055964,20.7851593961911,26.6968325791855
2022-09-11,25755,7,15859,2,9896,5,17273,3,92592,14,109865,17,0,365,0,382,371,0,"Anderson",76978,189.664579490244,0.27027027027027,22.0842318584531,9.09350723583361,27.027027027027
2022-09-12,25768,13,15864,5,9904,8,17279,6,92604,12,109883,18,0,365,0,382,371,0,"Anderson",76978,194.860869339292,0.285714285714286,23.383304320715,16.8879420094053,28.5714285714286
2022-09-13,25794,26,15876,12,9918,14,17292,13,92626,22,109918,35,0,365,0,382,371,0,"Anderson",76978,180.57107225441,0.282608695652174,45.4675361791681,33.7758840188106,28.2608695652174
2022-09-14,25811,17,15884,8,9927,9,17300,8,92652,26,109952,34,1,366,0,382,371,0,"Anderson",76978,150.692405622386,0.262910798122066,44.1684637169061,22.0842318584531,26.2910798122066
2022-09-15,25867,56,15901,17,9966,39,17318,18,92694,42,110012,60,2,368,0,382,371,0,"Anderson",76978,194.860869339292,0.264227642276423,77.9443477357167,72.7480578866689,26.4227642276423
2022-09-16,25883,16,15905,4,9978,12,17322,4,92740,46,110062,50,0,368,0,382,371,0,"Anderson",76978,196.159941801554,0.251028806584362,64.9536231130973,20.7851593961911,25.1028806584362
2022-09-17,25893,10,15906,1,9987,9,17325,3,92753,13,110078,16,0,368,0,382,371,0,"Anderson",76978,188.365507027982,0.239130434782609,20.7851593961911,12.9907246226195,23.9130434782609
2022-09-18,25902,9,15908,2,9994,7,17327,2,92758,5,110085,7,0,368,0,382,371,0,"Anderson",76978,190.963651952506,0.245454545454545,9.09350723583361,11.6916521603575,24.5454545454545
2022-09-19,25917,15,15911,3,10006,12,17331,4,92778,20,110109,24,0,368,1,383,372,1,"Anderson",76978,193.56179687703,0.230088495575221,31.1777390942867,19.4860869339292,23.0088495575221
2022-09-20,25923,6,15916,5,10007,1,17337,6,92787,9,110124,15,0,368,0,383,372,0,"Anderson",76978,167.580347631791,0.218446601941748,19.4860869339292,7.79443477357167,21.8446601941748
2022-09-21,25933,10,15918,2,10015,8,17339,2,92810,23,110149,25,1,369,0,383,372,0,"Anderson",76978,158.486840395957,0.197969543147208,32.4768115565486,12.9907246226195,19.7969543147208
2022-09-22,25949,16,15925,7,10024,9,17346,7,92846,36,110192,43,0,369,0,383,372,0,"Anderson",76978,106.523941905479,0.155555555555556,55.8601158772636,20.7851593961911,15.5555555555556
2022-09-23,25969,20,15937,12,10032,8,17359,13,92891,45,110250,58,0,369,0,383,372,0,"Anderson",76978,111.720231754527,0.196808510638298,75.3462028111928,25.9814492452389,19.6808510638298
2022-09-24,25974,5,15941,4,10033,1,17362,3,92908,17,110270,20,0,369,0,383,372,0,"Anderson",76978,105.224869443218,0.192708333333333,25.9814492452389,6.49536231130973,19.2708333333333
2022-09-25,25979,5,15943,2,10036,3,17364,2,92923,15,110287,17,0,369,0,383,372,0,"Anderson",76978,100.02857959417,0.183168316831683,22.0842318584531,6.49536231130973,18.3168316831683
2022-09-26,25994,15,15949,6,10045,9,17371,7,92934,11,110305,18,0,369,0,383,372,0,"Anderson",76978,100.02857959417,0.204081632653061,23.383304320715,19.4860869339292,20.4081632653061
2022-09-27,26001,7,15950,1,10051,6,17373,2,92955,21,110328,23,0,369,0,383,372,0,"Anderson",76978,101.327652056432,0.176470588235294,29.8786666320247,9.09350723583361,17.6470588235294
2022-09-28,26017,16,15954,4,10063,12,17378,5,92998,43,110376,48,1,370,0,383,372,0,"Anderson",76978,109.122086830003,0.171806167400881,62.3554781885734,20.7851593961911,17.1806167400881
2022-09-29,26027,10,15962,8,10065,2,17386,8,93020,22,110406,30,0,370,0,383,372,0,"Anderson",76978,101.327652056432,0.186915887850467,38.9721738678584,12.9907246226195,18.6915887850467
2022-09-30,26035,8,15966,4,10069,4,17390,4,93054,34,110444,38,0,370,0,383,372,0,"Anderson",76978,85.7387825092884,0.15979381443299,49.3647535659539,10.3925796980956,15.979381443299
2022-10-01,26040,5,15966,0,10074,5,17390,0,93058,4,110448,4,0,370,0,383,372,0,"Anderson",76978,85.7387825092884,0.157303370786517,5.19628984904778,6.49536231130973,15.7303370786517
2022-10-02,26042,2,15967,1,10075,1,17391,1,93061,3,110452,4,0,370,0,383,372,0,"Anderson",76978,81.8415651225025,0.163636363636364,5.19628984904778,2.59814492452389,16.3636363636364
2022-10-03,26053,11,15970,3,10083,8,17395,4,93067,6,110462,10,0,370,0,383,372,0,"Anderson",76978,76.6452752734548,0.152866242038217,12.9907246226195,14.2897970848814,15.2866242038217
2022-10-04,26055,2,15970,0,10085,2,17395,0,93104,37,110499,37,0,370,0,383,372,0,"Anderson",76978,70.149912962145,0.128654970760234,48.065681103692,2.59814492452389,12.8654970760234
2022-10-05,26060,5,15972,2,10088,3,17398,3,93120,16,110518,19,0,370,0,383,372,0,"Anderson",76978,55.8601158772636,0.140845070422535,24.682376782977,6.49536231130973,14.0845070422535
2022-10-06,26073,13,15979,7,10094,6,17406,8,93145,25,110551,33,0,370,0,383,372,0,"Anderson",76978,59.7573332640495,0.137931034482759,42.8693912546442,16.8879420094053,13.7931034482759
2022-10-07,26089,16,15990,11,10099,5,17417,11,93167,22,110584,33,0,370,0,383,372,0,"Anderson",76978,70.149912962145,0.192857142857143,42.8693912546442,20.7851593961911,19.2857142857143
2022-10-08,26089,0,15990,0,10099,0,17417,0,93185,18,110602,18,0,370,0,383,372,0,"Anderson",76978,63.6545506508353,0.175324675324675,23.383304320715,0,17.5324675324675
2022-10-09,26091,2,15991,1,10100,1,17418,1,93196,11,110614,12,0,370,0,383,372,0,"Anderson",76978,63.6545506508353,0.166666666666667,15.5888695471433,2.59814492452389,16.6666666666667
2022-10-10,26096,5,15993,2,10103,3,17420,2,93211,15,110631,17,0,370,0,383,373,1,"Anderson",76978,55.8601158772636,0.14792899408284,22.0842318584531,6.49536231130973,14.792899408284
2022-10-11,26109,13,15999,6,10110,7,17426,6,93245,34,110671,40,0,370,0,383,373,0,"Anderson",76978,70.149912962145,0.180232558139535,51.9628984904778,16.8879420094053,18.0232558139535
2022-10-12,26118,9,16002,3,10116,6,17429,3,93262,17,110691,20,0,370,0,383,373,0,"Anderson",76978,75.3462028111928,0.179190751445087,25.9814492452389,11.6916521603575,17.9190751445087
2022-10-13,26125,7,16007,5,10118,2,17434,5,93277,15,110711,20,0,370,1,384,373,0,"Anderson",76978,67.5517680376211,0.175,25.9814492452389,9.09350723583361,17.5
2022-10-14,26130,5,16008,1,10122,4,17435,1,93294,17,110729,18,0,370,0,384,373,0,"Anderson",76978,53.2619709527397,0.124137931034483,23.383304320715,6.49536231130973,12.4137931034483
2022-10-15,26133,3,16009,1,10124,2,17436,1,93306,12,110742,13,0,370,0,384,373,0,"Anderson",76978,57.1591883395256,0.135714285714286,16.8879420094053,3.89721738678583,13.5714285714286
2022-10-16,26134,1,16010,1,10124,0,17437,1,93310,4,110747,5,0,370,0,384,373,0,"Anderson",76978,55.8601158772636,0.142857142857143,6.49536231130973,1.29907246226194,14.2857142857143
2022-10-17,26144,10,16015,5,10129,5,17441,4,93314,4,110755,8,0,370,0,384,373,0,"Anderson",76978,62.3554781885734,0.169354838709677,10.3925796980956,12.9907246226195,16.9354838709677
2022-10-18,26150,6,16017,2,10133,4,17443,2,93329,15,110772,17,0,370,0,384,374,1,"Anderson",76978,53.2619709527397,0.168316831683168,22.0842318584531,7.79443477357167,16.8316831683168
2022-10-19,26159,9,16021,4,10138,5,17447,4,93343,14,110790,18,0,370,0,384,374,0,"Anderson",76978,53.2619709527397,0.181818181818182,23.383304320715,11.6916521603575,18.1818181818182
2022-10-20,26169,10,16023,2,10146,8,17450,3,93355,12,110805,15,1,371,0,384,374,0,"Anderson",76978,57.1591883395256,0.170212765957447,19.4860869339292,12.9907246226195,17.0212765957447
2022-10-21,26186,17,16037,14,10149,3,17465,15,93413,58,110878,73,0,371,0,384,374,0,"Anderson",76978,72.7480578866689,0.201342281879195,94.832289745122,22.0842318584531,20.1342281879195
2022-10-22,26191,5,16039,2,10152,3,17467,2,93421,8,110888,10,0,371,0,384,375,1,"Anderson",76978,75.3462028111928,0.212328767123288,12.9907246226195,6.49536231130973,21.2328767123288
2022-10-23,26201,10,16047,8,10154,2,17474,7,93425,4,110899,11,0,371,1,385,375,0,"Anderson",76978,87.0378549715503,0.243421052631579,14.2897970848814,12.9907246226195,24.3421052631579
2022-10-24,26211,10,16053,6,10158,4,17481,7,93442,17,110923,24,0,371,0,385,375,0,"Anderson",76978,87.0378549715503,0.238095238095238,31.1777390942867,12.9907246226195,23.8095238095238
2022-10-25,26223,12,16058,5,10165,7,17487,6,93461,19,110948,25,0,371,0,385,375,0,"Anderson",76978,94.832289745122,0.25,32.4768115565486,15.5888695471433,25
2022-10-26,26240,17,16069,11,10171,6,17498,11,93482,21,110980,32,1,372,0,385,375,0,"Anderson",76978,105.224869443218,0.268421052631579,41.5703187923822,22.0842318584531,26.8421052631579
2022-10-27,26257,17,16073,4,10184,13,17502,4,93498,16,111000,20,0,372,0,385,375,0,"Anderson",76978,114.318376679051,0.266666666666667,25.9814492452389,22.0842318584531,26.6666666666667
2022-10-28,26267,10,16077,4,10190,6,17505,3,93512,14,111017,17,0,372,0,385,375,0,"Anderson",76978,105.224869443218,0.287769784172662,22.0842318584531,12.9907246226195,28.7769784172662
2022-10-29,26272,5,16078,1,10194,4,17507,2,93531,19,111038,21,0,372,0,385,375,0,"Anderson",76978,105.224869443218,0.266666666666667,27.2805217075008,6.49536231130973,26.6666666666667
2022-10-30,26275,3,16081,3,10194,0,17510,3,93532,1,111042,4,0,372,0,385,375,0,"Anderson",76978,96.1313622073839,0.251748251748252,5.19628984904778,3.89721738678583,25.1748251748252
2022-10-31,26289,14,16087,6,10202,8,17517,7,93561,29,111078,36,0,372,0,385,375,0,"Anderson",76978,101.327652056432,0.232258064516129,46.76660864143,18.1870144716672,23.2258064516129
2022-11-01,26303,14,16096,9,10207,5,17525,8,93588,27,111113,35,0,372,0,385,375,0,"Anderson",76978,103.925796980956,0.23030303030303,45.4675361791681,18.1870144716672,23.030303030303
2022-11-02,26313,10,16101,5,10212,5,17530,5,93602,14,111132,19,0,372,0,385,377,2,"Anderson",76978,94.832289745122,0.210526315789474,24.682376782977,12.9907246226195,21.0526315789474
2022-11-03,26326,13,16110,9,10216,4,17539,9,93648,46,111187,55,1,373,0,385,378,1,"Anderson",76978,89.6359998960742,0.197860962566845,71.448985424407,16.8879420094053,19.7860962566845
2022-11-04,26343,17,16117,7,10226,10,17546,7,93681,33,111227,40,2,375,0,385,378,0,"Anderson",76978,98.7295071319078,0.195238095238095,51.9628984904778,22.0842318584531,19.5238095238095
2022-11-05,26350,7,16124,7,10226,0,17554,8,93687,6,111241,14,0,375,0,385,378,0,"Anderson",76978,101.327652056432,0.231527093596059,18.1870144716672,9.09350723583361,23.1527093596059
2022-11-06,26353,3,16125,1,10228,2,17555,1,93695,8,111250,9,0,375,0,385,378,0,"Anderson",76978,101.327652056432,0.216346153846154,11.6916521603575,3.89721738678583,21.6346153846154
2022-11-07,26374,21,16130,5,10244,16,17560,5,93714,19,111274,24,0,375,0,385,378,0,"Anderson",76978,110.421159292265,0.219387755102041,31.1777390942867,27.2805217075008,21.9387755102041
2022-11-08,26386,12,16138,8,10248,4,17567,7,93728,14,111295,21,0,375,0,385,378,0,"Anderson",76978,107.823014367741,0.230769230769231,27.2805217075008,15.5888695471433,23.0769230769231
2022-11-09,26402,16,16145,7,10257,9,17574,7,93785,57,111359,64,0,375,0,385,378,0,"Anderson",76978,115.617449141313,0.193832599118943,83.1406375847645,20.7851593961911,19.3832599118943
2022-11-10,26414,12,16151,6,10263,6,17581,7,93809,24,111390,31,0,375,0,385,379,1,"Anderson",76978,114.318376679051,0.206896551724138,40.2712463301203,15.5888695471433,20.6896551724138
2022-11-11,26422,8,16155,4,10267,4,17585,4,93838,29,111423,33,0,375,0,385,379,0,"Anderson",76978,102.626724518694,0.198979591836735,42.8693912546442,10.3925796980956,19.8979591836735
2022-11-12,26425,3,16157,2,10268,1,17587,2,93848,10,111435,12,0,375,0,385,379,0,"Anderson",76978,97.4304346696459,0.170103092783505,15.5888695471433,3.89721738678583,17.0103092783505
2022-11-13,26425,0,16157,0,10268,0,17587,0,93854,6,111441,6,0,375,0,385,380,1,"Anderson",76978,93.53321728286,0.167539267015707,7.79443477357167,0,16.7539267015707
2022-11-14,26433,8,16160,3,10273,5,17590,3,93883,29,111473,32,0,375,0,385,380,0,"Anderson",76978,76.6452752734548,0.150753768844221,41.5703187923822,10.3925796980956,15.0753768844221
2022-11-15,26447,14,16161,1,10286,13,17591,1,93930,47,111521,48,0,375,0,385,380,0,"Anderson",76978,79.2434201979786,0.106194690265487,62.3554781885734,18.1870144716672,10.6194690265487
2022-11-16,26455,8,16162,1,10293,7,17593,2,93948,18,111541,20,1,376,0,385,380,0,"Anderson",76978,68.8508404998831,0.104395604395604,25.9814492452389,10.3925796980956,10.4395604395604
2022-11-17,26463,8,16166,4,10297,4,17597,4,93980,32,111577,36,1,377,0,385,380,0,"Anderson",76978,63.6545506508353,0.0855614973262032,46.76660864143,10.3925796980956,8.55614973262032
2022-11-18,26474,11,16170,4,10304,7,17601,4,94032,52,111633,56,0,377,0,385,381,1,"Anderson",76978,67.5517680376211,0.0761904761904762,72.7480578866689,14.2897970848814,7.61904761904762
2022-11-19,26476,2,16170,0,10306,2,17601,0,94039,7,111640,7,0,377,0,385,381,0,"Anderson",76978,66.2526955753592,0.0682926829268293,9.09350723583361,2.59814492452389,6.82926829268293
2022-11-20,26478,2,16170,0,10308,2,17601,0,94052,13,111653,13,0,377,0,385,381,0,"Anderson",76978,68.8508404998831,0.0660377358490566,16.8879420094053,2.59814492452389,6.60377358490566
2022-11-21,26483,5,16173,3,10310,2,17604,3,94071,19,111675,22,0,377,0,385,381,0,"Anderson",76978,64.9536231130973,0.0693069306930693,28.5795941697628,6.49536231130973,6.93069306930693
2022-11-22,26492,9,16175,2,10317,7,17606,2,94108,37,111714,39,0,377,0,385,381,0,"Anderson",76978,58.4582608017875,0.077720207253886,50.6638260282159,11.6916521603575,7.7720207253886
2022-11-23,26500,8,16179,4,10321,4,17611,5,94127,19,111738,24,1,378,0,385,381,0,"Anderson",76978,58.4582608017875,0.0913705583756345,31.1777390942867,10.3925796980956,9.13705583756345
2022-11-24,26505,5,16182,3,10323,2,17614,3,94139,12,111753,15,0,378,0,385,381,0,"Anderson",76978,54.5610434150017,0.0965909090909091,19.4860869339292,6.49536231130973,9.65909090909091
2022-11-25,26509,4,16184,2,10325,2,17616,2,94147,8,111763,10,0,378,0,385,381,0,"Anderson",76978,45.4675361791681,0.115384615384615,12.9907246226195,5.19628984904778,11.5384615384615
2022-11-26,26512,3,16184,0,10328,3,17616,0,94158,11,111774,11,0,378,0,385,381,0,"Anderson",76978,46.76660864143,0.111940298507463,14.2897970848814,3.89721738678583,11.1940298507463
2022-11-27,26514,2,16185,1,10329,1,17617,1,94170,12,111787,13,0,378,0,385,382,1,"Anderson",76978,46.76660864143,0.119402985074627,16.8879420094053,2.59814492452389,11.9402985074627
2022-11-28,26520,6,16187,2,10333,4,17620,3,94199,29,111819,32,0,378,0,385,382,0,"Anderson",76978,48.065681103692,0.111111111111111,41.5703187923822,7.79443477357167,11.1111111111111
2022-11-29,26535,15,16194,7,10341,8,17628,8,94237,38,111865,46,0,378,0,385,382,0,"Anderson",76978,55.8601158772636,0.145695364238411,59.7573332640495,19.4860869339292,14.5695364238411
2022-11-30,26550,15,16205,11,10345,4,17640,12,94284,47,111924,59,0,378,0,385,382,0,"Anderson",76978,64.9536231130973,0.155913978494624,76.6452752734548,19.4860869339292,15.5913978494624
2022-12-01,26559,9,16208,3,10351,6,17643,3,94314,30,111957,33,1,379,0,385,382,0,"Anderson",76978,70.149912962145,0.142156862745098,42.8693912546442,11.6916521603575,14.2156862745098
2022-12-02,26575,16,16219,11,10356,5,17654,11,94398,84,112052,95,0,379,0,385,382,0,"Anderson",76978,85.7387825092884,0.131487889273356,123.411883914885,20.7851593961911,13.1487889273356
2022-12-03,26583,8,16221,2,10362,6,17656,2,94415,17,112071,19,0,379,0,385,382,0,"Anderson",76978,92.2341448205981,0.134680134680135,24.682376782977,10.3925796980956,13.4680134680135
2022-12-04,26586,3,16223,2,10363,1,17658,2,94423,8,112081,10,0,379,0,385,382,0,"Anderson",76978,93.53321728286,0.139455782312925,12.9907246226195,3.89721738678583,13.9455782312925
2022-12-05,26600,14,16228,5,10372,9,17664,6,94442,19,112106,25,0,379,0,385,382,0,"Anderson",76978,103.925796980956,0.153310104529617,32.4768115565486,18.1870144716672,15.3310104529617
2022-12-06,26613,13,16234,6,10379,7,17670,6,94483,41,112153,47,0,379,0,385,382,0,"Anderson",76978,101.327652056432,0.145833333333333,61.0564057263114,16.8879420094053,14.5833333333333
2022-12-07,26634,21,16243,9,10391,12,17677,7,94534,51,112211,58,1,380,0,385,382,0,"Anderson",76978,109.122086830003,0.128919860627178,75.3462028111928,27.2805217075008,12.8919860627178
2022-12-08,26650,16,16250,7,10400,9,17683,6,94562,28,112245,34,1,381,0,385,382,0,"Anderson",76978,118.215594065837,0.138888888888889,44.1684637169061,20.7851593961911,13.8888888888889
2022-12-09,26670,20,16256,6,10414,14,17688,5,94577,15,112265,20,0,381,0,385,382,0,"Anderson",76978,123.411883914885,0.15962441314554,25.9814492452389,25.9814492452389,15.962441314554
2022-12-10,26672,2,16257,1,10415,1,17689,1,94584,7,112273,8,0,381,0,385,382,0,"Anderson",76978,115.617449141313,0.163366336633663,10.3925796980956,2.59814492452389,16.3366336633663
2022-12-11,26676,4,16259,2,10417,2,17691,2,94590,6,112281,8,0,381,0,385,382,0,"Anderson",76978,116.916521603575,0.165,10.3925796980956,5.19628984904778,16.5
2022-12-12,26709,33,16272,13,10437,20,17704,13,94644,54,112348,67,0,381,0,385,382,0,"Anderson",76978,141.598898386552,0.165289256198347,87.0378549715503,42.8693912546442,16.5289256198347
2022-12-13,26726,17,16281,9,10445,8,17713,9,94683,39,112396,48,0,381,0,385,382,0,"Anderson",76978,146.7951882356,0.176954732510288,62.3554781885734,22.0842318584531,17.6954732510288
2022-12-14,26736,10,16286,5,10450,5,17718,5,94693,10,112411,15,0,381,0,385,382,0,"Anderson",76978,132.505391150718,0.205,19.4860869339292,12.9907246226195,20.5
2022-12-15,26756,20,16290,4,10466,16,17722,4,94705,12,112427,16,1,382,0,385,382,0,"Anderson",76978,137.701680999766,0.214285714285714,20.7851593961911,25.9814492452389,21.4285714285714
2022-12-16,26787,31,16312,22,10475,9,17744,22,94749,44,112493,66,0,382,0,385,383,1,"Anderson",76978,151.991478084648,0.245614035087719,85.7387825092884,40.2712463301203,24.5614035087719
2022-12-17,26796,9,16315,3,10481,6,17747,3,94759,10,112506,13,0,382,0,385,383,0,"Anderson",76978,161.084985320481,0.248927038626609,16.8879420094053,11.6916521603575,24.8927038626609
2022-12-18,26799,3,16317,2,10482,1,17750,3,94765,6,112515,9,0,382,0,385,383,0,"Anderson",76978,159.785912858219,0.252136752136752,11.6916521603575,3.89721738678583,25.2136752136752
2022-12-19,26818,19,16327,10,10491,9,17760,10,94800,35,112560,45,0,382,0,385,383,0,"Anderson",76978,141.598898386552,0.264150943396226,58.4582608017875,24.682376782977,26.4150943396226
2022-12-20,26835,17,16331,4,10504,13,17764,4,94817,17,112581,21,0,382,0,385,383,0,"Anderson",76978,141.598898386552,0.275675675675676,27.2805217075008,22.0842318584531,27.5675675675676
2022-12-21,26858,23,16340,9,10518,14,17773,9,94862,45,112635,54,0,382,0,385,383,0,"Anderson",76978,158.486840395957,0.245535714285714,70.149912962145,29.8786666320247,24.5535714285714
2022-12-22,26870,12,16348,8,10522,4,17781,8,94885,23,112666,31,0,382,0,385,383,0,"Anderson",76978,148.094260697862,0.246861924686192,40.2712463301203,15.5888695471433,24.6861924686192
2022-12-23,26898,28,16350,2,10548,26,17783,2,94892,7,112675,9,0,382,0,385,383,0,"Anderson",76978,144.197043311076,0.214285714285714,11.6916521603575,36.3740289433345,21.4285714285714
2022-12-24,26900,2,16351,1,10549,1,17783,0,94898,6,112681,6,0,382,0,385,383,0,"Anderson",76978,135.103536075242,0.205714285714286,7.79443477357167,2.59814492452389,20.5714285714286
2022-12-25,26905,5,16351,0,10554,5,17783,0,94907,9,112690,9,0,382,0,385,383,0,"Anderson",76978,137.701680999766,0.188571428571429,11.6916521603575,6.49536231130973,18.8571428571429
2022-12-26,26920,15,16351,0,10569,15,17784,1,94914,7,112698,8,0,382,0,385,383,0,"Anderson",76978,132.505391150718,0.173913043478261,10.3925796980956,19.4860869339292,17.3913043478261
2022-12-27,26947,27,16358,7,10589,20,17790,6,94920,6,112710,12,0,382,0,385,383,0,"Anderson",76978,145.496115773338,0.201550387596899,15.5888695471433,35.0749564810725,20.1550387596899
2022-12-28,26956,9,16361,3,10595,6,17794,4,94930,10,112724,14,0,382,0,385,383,0,"Anderson",76978,127.309101301671,0.235955056179775,18.1870144716672,11.6916521603575,23.5955056179775
2022-12-29,26986,30,16367,6,10619,24,17800,6,94938,8,112738,14,1,383,0,385,383,0,"Anderson",76978,150.692405622386,0.263888888888889,18.1870144716672,38.9721738678584,26.3888888888889
2022-12-30,27001,15,16369,2,10632,13,17801,1,94944,6,112745,7,0,383,0,385,383,0,"Anderson",76978,133.80446361298,0.257142857142857,9.09350723583361,19.4860869339292,25.7142857142857
2022-12-31,27005,4,16370,1,10635,3,17803,2,94954,10,112757,12,0,383,0,385,383,0,"Anderson",76978,136.402608537504,0.263157894736842,15.5888695471433,5.19628984904778,26.3157894736842
2023-01-01,27017,12,16371,1,10646,11,17805,2,94967,13,112772,15,0,383,0,385,383,0,"Anderson",76978,145.496115773338,0.268292682926829,19.4860869339292,15.5888695471433,26.8292682926829
2023-01-02,27033,16,16374,3,10659,13,17808,3,94978,11,112786,14,0,383,0,385,383,0,"Anderson",76978,146.7951882356,0.272727272727273,18.1870144716672,20.7851593961911,27.2727272727273
2023-01-03,27068,35,16377,3,10691,32,17810,2,94982,4,112792,6,0,383,0,385,383,0,"Anderson",76978,157.187767933695,0.24390243902439,7.79443477357167,45.4675361791681,24.390243902439
2023-01-04,27088,20,16385,8,10703,12,17818,8,94997,15,112815,23,0,383,0,385,383,0,"Anderson",76978,171.477565018577,0.263736263736264,29.8786666320247,25.9814492452389,26.3736263736264
2023-01-05,27125,37,16413,28,10712,9,17847,29,95110,113,112957,142,0,383,0,385,383,0,"Anderson",76978,180.57107225441,0.214611872146119,184.468289641196,48.065681103692,21.4611872146119
2023-01-06,27143,18,16419,6,10724,12,17854,7,95139,29,112993,36,0,383,0,385,384,1,"Anderson",76978,184.468289641196,0.213709677419355,46.76660864143,23.383304320715,21.3709677419355
2023-01-07,27149,6,16424,5,10725,1,17859,5,95147,8,113006,13,0,383,0,385,384,0,"Anderson",76978,187.06643456572,0.224899598393574,16.8879420094053,7.79443477357167,22.4899598393574
2023-01-08,27157,8,16424,0,10733,8,17859,0,95156,9,113015,9,0,383,0,385,384,0,"Anderson",76978,181.870144716672,0.222222222222222,11.6916521603575,10.3925796980956,22.2222222222222
2023-01-09,27171,14,16426,2,10745,12,17861,2,95172,16,113033,18,0,383,0,385,384,0,"Anderson",76978,179.271999792148,0.214574898785425,23.383304320715,18.1870144716672,21.4574898785425
2023-01-10,27190,19,16434,8,10756,11,17869,8,95202,30,113071,38,0,383,0,385,384,0,"Anderson",76978,158.486840395957,0.211469534050179,49.3647535659539,24.682376782977,21.1469534050179
2023-01-11,27212,22,16440,6,10772,16,17876,7,95239,37,113115,44,0,383,0,385,384,0,"Anderson",76978,161.084985320481,0.193333333333333,57.1591883395256,28.5795941697628,19.3333333333333
2023-01-12,27230,18,16447,7,10783,11,17883,7,95262,23,113145,30,0,383,0,385,384,0,"Anderson",76978,136.402608537504,0.191489361702128,38.9721738678584,23.383304320715,19.1489361702128
2023-01-13,27258,28,16457,10,10801,18,17893,10,95290,28,113183,38,0,383,0,385,384,0,"Anderson",76978,149.393333160124,0.205263157894737,49.3647535659539,36.3740289433345,20.5263157894737
2023-01-14,27264,6,16458,1,10806,5,17894,1,95298,8,113192,9,0,383,0,385,384,0,"Anderson",76978,149.393333160124,0.188172043010753,11.6916521603575,7.79443477357167,18.8172043010753
2023-01-15,27266,2,16459,1,10807,1,17895,1,95302,4,113197,5,0,383,0,385,384,0,"Anderson",76978,141.598898386552,0.197802197802198,6.49536231130973,2.59814492452389,19.7802197802198
2023-01-16,27282,16,16467,8,10815,8,17902,7,95313,11,113215,18,0,383,0,385,384,0,"Anderson",76978,144.197043311076,0.225274725274725,23.383304320715,20.7851593961911,22.5274725274725
2023-01-17,27286,4,16467,0,10819,4,17902,0,95340,27,113242,27,1,384,0,385,384,0,"Anderson",76978,124.710956377147,0.192982456140351,35.0749564810725,5.19628984904778,19.2982456140351
2023-01-18,27299,13,16473,6,10826,7,17909,7,95357,17,113266,24,0,384,0,385,384,0,"Anderson",76978,113.019304216789,0.218543046357616,31.1777390942867,16.8879420094053,21.8543046357616
2023-01-19,27313,14,16478,5,10835,9,17916,7,95371,14,113287,21,0,384,0,385,384,0,"Anderson",76978,107.823014367741,0.232394366197183,27.2805217075008,18.1870144716672,23.2394366197183
2023-01-20,27332,19,16489,11,10843,8,17927,11,95419,48,113346,59,0,384,0,385,384,0,"Anderson",76978,96.1313622073839,0.208588957055215,76.6452752734548,24.682376782977,20.8588957055215
2023-01-21,27333,1,16489,0,10844,1,17927,0,95427,8,113354,8,0,384,0,385,384,0,"Anderson",76978,89.6359998960742,0.203703703703704,10.3925796980956,1.29907246226194,20.3703703703704
2023-01-22,27336,3,16489,0,10847,3,17927,0,95433,6,113360,6,0,384,0,385,384,0,"Anderson",76978,90.9350723583361,0.196319018404908,7.79443477357167,3.89721738678583,19.6319018404908
2023-01-23,27369,33,16499,10,10870,23,17938,11,95458,25,113396,36,0,384,0,385,384,0,"Anderson",76978,113.019304216789,0.198895027624309,46.76660864143,42.8693912546442,19.8895027624309
2023-01-24,27393,24,16502,3,10891,21,17942,4,95470,12,113412,16,0,384,0,385,384,0,"Anderson",76978,139.000753462028,0.235294117647059,20.7851593961911,31.1777390942867,23.5294117647059
2023-01-25,27413,20,16512,10,10901,10,17951,9,95508,38,113459,47,0,384,0,385,384,0,"Anderson",76978,148.094260697862,0.217616580310881,61.0564057263114,25.9814492452389,21.7616580310881
2023-01-26,27426,13,16517,5,10909,8,17956,5,95530,22,113486,27,0,384,0,385,384,0,"Anderson",76978,146.7951882356,0.201005025125628,35.0749564810725,16.8879420094053,20.1005025125628
2023-01-27,27435,9,16521,4,10914,5,17960,4,95548,18,113508,22,0,384,0,385,384,0,"Anderson",76978,133.80446361298,0.203703703703704,28.5795941697628,11.6916521603575,20.3703703703704
2023-01-28,27438,3,16522,1,10916,2,17962,2,95553,5,113515,7,0,384,0,385,384,0,"Anderson",76978,136.402608537504,0.217391304347826,9.09350723583361,3.89721738678583,21.7391304347826
2023-01-29,27444,6,16523,1,10921,5,17963,1,95556,3,113519,4,0,384,0,385,384,0,"Anderson",76978,140.29982592429,0.226415094339623,5.19628984904778,7.79443477357167,22.6415094339623
2023-01-30,27477,33,16539,16,10938,17,17979,16,95589,33,113568,49,0,384,0,385,384,0,"Anderson",76978,140.29982592429,0.238372093023256,63.6545506508353,42.8693912546442,23.8372093023256
2023-01-31,27499,22,16549,10,10950,12,17988,9,95631,42,113619,51,0,384,0,385,384,0,"Anderson",76978,137.701680999766,0.222222222222222,66.2526955753592,28.5795941697628,22.2222222222222
2023-02-01,27518,19,16555,6,10963,13,17994,6,95658,27,113652,33,0,384,0,385,384,0,"Anderson",76978,136.402608537504,0.22279792746114,42.8693912546442,24.682376782977,22.279792746114
2023-02-02,27570,52,16596,41,10974,11,18040,46,95761,103,113801,149,0,384,0,385,384,0,"Anderson",76978,187.06643456572,0.266666666666667,193.56179687703,67.5517680376211,26.6666666666667
2023-02-03,27585,15,16601,5,10984,10,18045,5,95789,28,113834,33,0,384,0,385,384,0,"Anderson",76978,194.860869339292,0.260736196319018,42.8693912546442,19.4860869339292,26.0736196319018
2023-02-04,27591,6,16601,0,10990,6,18045,0,95796,7,113841,7,0,384,0,385,384,0,"Anderson",76978,198.758086726078,0.254601226993865,9.09350723583361,7.79443477357167,25.4601226993865
2023-02-05,27606,15,16602,1,11004,14,18046,1,95806,10,113852,11,0,384,0,385,384,0,"Anderson",76978,210.449738886435,0.249249249249249,14.2897970848814,19.4860869339292,24.9249249249249
2023-02-06,27632,26,16610,8,11022,18,18054,8,95832,26,113886,34,0,384,0,385,385,1,"Anderson",76978,201.356231650601,0.235849056603774,44.1684637169061,33.7758840188106,23.5849056603774
2023-02-07,27652,20,16620,10,11032,10,18064,10,95841,9,113905,19,0,384,0,385,385,0,"Anderson",76978,198.758086726078,0.265734265734266,24.682376782977,25.9814492452389,26.5734265734266
2023-02-08,27683,31,16628,8,11055,23,18073,9,95876,35,113949,44,0,384,0,385,385,0,"Anderson",76978,214.346956273221,0.265993265993266,57.1591883395256,40.2712463301203,26.5993265993266
2023-02-09,27714,31,16643,15,11071,16,18088,15,95920,44,114008,59,0,384,0,385,385,0,"Anderson",76978,187.06643456572,0.231884057971014,76.6452752734548,40.2712463301203,23.1884057971014
2023-02-10,27730,16,16652,9,11078,7,18097,9,95953,33,114050,42,0,384,0,385,386,1,"Anderson",76978,188.365507027982,0.240740740740741,54.5610434150017,20.7851593961911,24.0740740740741
2023-02-11,27733,3,16653,1,11080,2,18099,2,95964,11,114063,13,0,384,0,385,386,0,"Anderson",76978,184.468289641196,0.243243243243243,16.8879420094053,3.89721738678583,24.3243243243243
2023-02-12,27740,7,16654,1,11086,6,18100,1,95976,12,114076,13,0,384,1,386,386,0,"Anderson",76978,174.075709943101,0.241071428571429,16.8879420094053,9.09350723583361,24.1071428571429
2023-02-13,27761,21,16663,9,11098,12,18109,9,96002,26,114111,35,0,384,0,386,386,0,"Anderson",76978,167.580347631791,0.244444444444444,45.4675361791681,27.2805217075008,24.4444444444444
2023-02-14,27774,13,16664,1,11110,12,18111,2,96013,11,114124,13,0,384,0,386,386,0,"Anderson",76978,158.486840395957,0.214611872146119,16.8879420094053,16.8879420094053,21.4611872146119
2023-02-15,27796,22,16667,3,11129,19,18114,3,96030,17,114144,20,0,384,0,386,386,0,"Anderson",76978,146.7951882356,0.21025641025641,25.9814492452389,28.5795941697628,21.025641025641
2023-02-16,27811,15,16671,4,11140,11,18118,4,96049,19,114167,23,1,385,0,386,386,0,"Anderson",76978,126.010028839409,0.188679245283019,29.8786666320247,19.4860869339292,18.8679245283019
2023-02-17,27823,12,16675,4,11148,8,18121,3,96073,24,114194,27,0,385,0,386,386,0,"Anderson",76978,120.813738990361,0.166666666666667,35.0749564810725,15.5888695471433,16.6666666666667
2023-02-18,27832,9,16681,6,11151,3,18127,6,96081,8,114208,14,0,385,0,386,386,0,"Anderson",76978,128.608173763933,0.193103448275862,18.1870144716672,11.6916521603575,19.3103448275862
2023-02-19,27843,11,16682,1,11161,10,18128,1,96087,6,114215,7,0,385,0,386,386,0,"Anderson",76978,133.80446361298,0.201438848920863,9.09350723583361,14.2897970848814,20.1438848920863
2023-02-20,27858,15,16692,10,11166,5,18139,11,96145,58,114284,69,0,385,0,386,387,1,"Anderson",76978,126.010028839409,0.173410404624277,89.6359998960742,19.4860869339292,17.3410404624277
2023-02-21,27868,10,16699,7,11169,3,18146,7,96176,31,114322,38,0,385,0,386,387,0,"Anderson",76978,122.112811452623,0.176767676767677,49.3647535659539,12.9907246226195,17.6767676767677
2023-02-22,27888,20,16704,5,11184,15,18151,5,96219,43,114370,48,0,385,0,386,387,0,"Anderson",76978,119.514666528099,0.163716814159292,62.3554781885734,25.9814492452389,16.3716814159292
2023-02-23,27900,12,16707,3,11193,9,18154,3,96244,25,114398,28,0,385,0,386,387,0,"Anderson",76978,115.617449141313,0.155844155844156,36.3740289433345,15.5888695471433,15.5844155844156
2023-02-24,27910,10,16712,5,11198,5,18159,5,96270,26,114429,31,1,386,0,386,387,0,"Anderson",76978,113.019304216789,0.161702127659574,40.2712463301203,12.9907246226195,16.1702127659574
2023-02-25,27923,13,16721,9,11202,4,18168,9,96286,16,114454,25,0,386,0,386,387,0,"Anderson",76978,118.215594065837,0.166666666666667,32.4768115565486,16.8879420094053,16.6666666666667
2023-02-26,27925,2,16721,0,11204,2,18168,0,96290,4,114458,4,0,386,0,386,387,0,"Anderson",76978,106.523941905479,0.164609053497942,5.19628984904778,2.59814492452389,16.4609053497942
2023-02-27,27934,9,16723,2,11211,7,18170,2,96301,11,114471,13,0,386,0,386,387,0,"Anderson",76978,98.7295071319078,0.165775401069519,16.8879420094053,11.6916521603575,16.5775401069519
2023-02-28,27950,16,16727,4,11223,12,18174,4,96319,18,114493,22,0,386,0,386,387,0,"Anderson",76978,106.523941905479,0.16374269005848,28.5795941697628,20.7851593961911,16.374269005848
2023-03-01,27955,5,16730,3,11225,2,18177,3,96334,15,114511,18,0,386,0,386,387,0,"Anderson",76978,87.0378549715503,0.184397163120567,23.383304320715,6.49536231130973,18.4397163120567
2023-03-02,27970,15,16739,9,11231,6,18186,9,96359,25,114545,34,0,386,0,386,387,0,"Anderson",76978,90.9350723583361,0.217687074829932,44.1684637169061,19.4860869339292,21.7687074829932
2023-03-03,27977,7,16743,4,11234,3,18190,4,96380,21,114570,25,1,387,0,386,387,0,"Anderson",76978,87.0378549715503,0.219858156028369,32.4768115565486,9.09350723583361,21.9858156028369
2023-03-04,27978,1,16743,0,11235,1,18190,0,96384,4,114574,4,0,387,0,386,387,0,"Anderson",76978,71.448985424407,0.183333333333333,5.19628984904778,1.29907246226194,18.3333333333333
2023-03-05,27978,0,16743,0,11235,0,18190,0,96384,0,114574,0,0,387,0,386,387,0,"Anderson",76978,68.8508404998831,0.189655172413793,0,0,18.9655172413793
2023-03-06,27987,9,16745,2,11242,7,18192,2,96392,8,114584,10,0,387,0,386,387,0,"Anderson",76978,68.8508404998831,0.194690265486726,12.9907246226195,11.6916521603575,19.4690265486726
2023-03-07,27992,5,16747,2,11245,3,18194,2,96405,13,114599,15,0,387,0,386,387,0,"Anderson",76978,54.5610434150017,0.188679245283019,19.4860869339292,6.49536231130973,18.8679245283019
2023-03-08,27999,7,16751,4,11248,3,18198,4,96422,17,114620,21,0,387,0,386,387,0,"Anderson",76978,57.1591883395256,0.192660550458716,27.2805217075008,9.09350723583361,19.2660550458716
2023-03-09,28007,8,16755,4,11252,4,18202,4,96466,44,114668,48,0,387,0,386,387,0,"Anderson",76978,48.065681103692,0.130081300813008,62.3554781885734,10.3925796980956,13.0081300813008
2023-03-10,28010,3,16756,1,11254,2,18203,1,96477,11,114680,12,0,387,0,386,387,0,"Anderson",76978,42.8693912546442,0.118181818181818,15.5888695471433,3.89721738678583,11.8181818181818
2023-03-11,28010,0,16756,0,11254,0,18203,0,96484,7,114687,7,0,387,0,386,387,0,"Anderson",76978,41.5703187923822,0.115044247787611,9.09350723583361,0,11.5044247787611
2023-03-12,28012,2,16756,0,11256,2,18203,0,96487,3,114690,3,0,387,0,386,387,0,"Anderson",76978,44.1684637169061,0.112068965517241,3.89721738678583,2.59814492452389,11.2068965517241
2023-03-13,28012,0,16756,0,11256,0,18203,0,96497,10,114700,10,0,387,0,386,387,0,"Anderson",76978,32.4768115565486,0.0948275862068965,12.9907246226195,0,9.48275862068965
2023-03-14,28013,1,16756,0,11257,1,18204,1,96503,6,114707,7,0,387,0,386,387,0,"Anderson",76978,27.2805217075008,0.0925925925925926,9.09350723583361,1.29907246226194,9.25925925925926
2023-03-15,28020,7,16759,3,11261,4,18207,3,96513,10,114720,13,0,387,0,386,387,0,"Anderson",76978,27.2805217075008,0.09,16.8879420094053,9.09350723583361,9
2023-03-16,28023,3,16761,2,11262,1,18209,2,96548,35,114757,37,0,387,0,386,387,0,"Anderson",76978,20.7851593961911,0.0786516853932584,48.065681103692,3.89721738678583,7.86516853932584
2023-03-17,28027,4,16763,2,11264,2,18211,2,96562,14,114773,16,0,387,0,386,387,0,"Anderson",76978,22.0842318584531,0.0860215053763441,20.7851593961911,5.19628984904778,8.60215053763441
2023-03-18,28027,0,16763,0,11264,0,18211,0,96567,5,114778,5,0,387,0,386,387,0,"Anderson",76978,22.0842318584531,0.0879120879120879,6.49536231130973,0,8.79120879120879
2023-03-19,28028,1,16764,1,11264,0,18212,1,96573,6,114785,7,0,387,0,386,387,0,"Anderson",76978,20.7851593961911,0.0947368421052632,9.09350723583361,1.29907246226194,9.47368421052632
2023-03-20,28030,2,16764,0,11266,2,18212,0,96578,5,114790,5,0,387,0,386,388,1,"Anderson",76978,23.383304320715,0.1,6.49536231130973,2.59814492452389,10
2023-03-21,28034,4,16766,2,11268,2,18216,4,96586,8,114802,12,0,387,0,386,388,0,"Anderson",76978,27.2805217075008,0.126315789473684,15.5888695471433,5.19628984904778,12.6315789473684
2023-03-22,28039,5,16766,0,11273,5,18216,0,96591,5,114807,5,0,387,0,386,388,0,"Anderson",76978,24.682376782977,0.103448275862069,6.49536231130973,6.49536231130973,10.3448275862069
2023-03-23,28050,11,16772,6,11278,5,18222,6,96631,40,114853,46,0,387,0,386,388,0,"Anderson",76978,35.0749564810725,0.135416666666667,59.7573332640495,14.2897970848814,13.5416666666667
2023-03-24,28055,5,16774,2,11281,3,18224,2,96639,8,114863,10,0,387,0,386,388,0,"Anderson",76978,36.3740289433345,0.144444444444444,12.9907246226195,6.49536231130973,14.4444444444444
2023-03-25,28056,1,16774,0,11282,1,18224,0,96642,3,114866,3,0,387,0,386,388,0,"Anderson",76978,37.6731014055964,0.147727272727273,3.89721738678583,1.29907246226194,14.7727272727273
2023-03-26,28057,1,16774,0,11283,1,18224,0,96649,7,114873,7,0,387,0,386,388,0,"Anderson",76978,37.6731014055964,0.136363636363636,9.09350723583361,1.29907246226194,13.6363636363636
2023-03-27,28064,7,16776,2,11288,5,18226,2,96656,7,114882,9,0,387,0,386,388,0,"Anderson",76978,44.1684637169061,0.152173913043478,11.6916521603575,9.09350723583361,15.2173913043478
2023-03-28,28071,7,16778,2,11293,5,18228,2,96661,5,114889,7,0,387,0,386,388,0,"Anderson",76978,48.065681103692,0.137931034482759,9.09350723583361,9.09350723583361,13.7931034482759
2023-03-29,28075,4,16781,3,11294,1,18231,3,96676,15,114907,18,1,388,0,386,388,0,"Anderson",76978,46.76660864143,0.15,23.383304320715,5.19628984904778,15
2023-03-30,28081,6,16785,4,11296,2,18235,4,96691,15,114926,19,0,388,0,386,388,0,"Anderson",76978,40.2712463301203,0.178082191780822,24.682376782977,7.79443477357167,17.8082191780822
2023-03-31,28089,8,16788,3,11301,5,18238,3,96702,11,114940,14,0,388,0,386,388,0,"Anderson",76978,44.1684637169061,0.181818181818182,18.1870144716672,10.3925796980956,18.1818181818182
2023-04-01,28090,1,16788,0,11302,1,18238,0,96704,2,114942,2,0,388,0,386,388,0,"Anderson",76978,44.1684637169061,0.184210526315789,2.59814492452389,1.29907246226194,18.4210526315789
2023-04-02,28096,6,16789,1,11307,5,18239,1,96712,8,114951,9,0,388,0,386,388,0,"Anderson",76978,50.6638260282159,0.192307692307692,11.6916521603575,7.79443477357167,19.2307692307692
2023-04-03,28098,2,16790,1,11308,1,18240,1,96717,5,114957,6,0,388,0,386,388,0,"Anderson",76978,44.1684637169061,0.186666666666667,7.79443477357167,2.59814492452389,18.6666666666667
2023-04-04,28103,5,16791,1,11312,4,18241,1,96729,12,114970,13,0,388,0,386,389,1,"Anderson",76978,41.5703187923822,0.160493827160494,16.8879420094053,6.49536231130973,16.0493827160494
2023-04-05,28111,8,16796,5,11315,3,18246,5,96763,34,115009,39,0,388,0,386,389,0,"Anderson",76978,46.76660864143,0.147058823529412,50.6638260282159,10.3925796980956,14.7058823529412
2023-04-06,28113,2,16797,1,11316,1,18247,1,96774,11,115021,12,0,388,0,386,389,0,"Anderson",76978,41.5703187923822,0.126315789473684,15.5888695471433,2.59814492452389,12.6315789473684
2023-04-07,28118,5,16797,0,11321,5,18247,0,96804,30,115051,30,0,388,0,386,389,0,"Anderson",76978,37.6731014055964,0.0810810810810811,38.9721738678584,6.49536231130973,8.10810810810811
2023-04-08,28120,2,16797,0,11323,2,18247,0,96808,4,115055,4,0,388,0,386,389,0,"Anderson",76978,38.9721738678584,0.079646017699115,5.19628984904778,2.59814492452389,7.9646017699115
2023-04-09,28120,0,16797,0,11323,0,18247,0,96812,4,115059,4,0,388,0,386,389,0,"Anderson",76978,31.1777390942867,0.0740740740740741,5.19628984904778,0,7.40740740740741
2023-04-10,28121,1,16797,0,11324,1,18247,0,96819,7,115066,7,0,388,0,386,389,0,"Anderson",76978,29.8786666320247,0.0642201834862385,9.09350723583361,1.29907246226194,6.42201834862385
2023-04-11,28123,2,16797,0,11326,2,18247,0,96821,2,115068,2,0,388,0,386,389,0,"Anderson",76978,25.9814492452389,0.0612244897959184,2.59814492452389,2.59814492452389,6.12244897959184
2023-04-12,28127,4,16799,2,11328,2,18249,2,96844,23,115093,25,1,389,0,386,389,0,"Anderson",76978,20.7851593961911,0.0357142857142857,32.4768115565486,5.19628984904778,3.57142857142857
2023-04-13,28128,1,16799,0,11329,1,18249,0,96858,14,115107,14,0,389,0,386,389,0,"Anderson",76978,19.4860869339292,0.0232558139534884,18.1870144716672,1.29907246226194,2.32558139534884
2023-04-14,28133,5,16803,4,11330,1,18253,4,96887,29,115140,33,0,389,0,386,389,0,"Anderson",76978,19.4860869339292,0.0674157303370786,42.8693912546442,6.49536231130973,6.74157303370786
2023-04-15,28133,0,16803,0,11330,0,18253,0,96893,6,115146,6,0,389,0,386,389,0,"Anderson",76978,16.8879420094053,0.0659340659340659,7.79443477357167,0,6.59340659340659
2023-04-16,28135,2,16804,1,11331,1,18253,0,96900,7,115153,7,0,389,0,386,389,0,"Anderson",76978,19.4860869339292,0.0638297872340425,9.09350723583361,2.59814492452389,6.38297872340426
2023-04-17,28136,1,16805,1,11331,0,18254,1,96912,12,115166,13,0,389,0,386,391,2,"Anderson",76978,19.4860869339292,0.07,16.8879420094053,1.29907246226194,7
2023-04-18,28138,2,16805,0,11333,2,18254,0,96918,6,115172,6,0,389,0,386,391,0,"Anderson",76978,19.4860869339292,0.0673076923076923,7.79443477357167,2.59814492452389,6.73076923076923
2023-04-19,28138,0,16805,0,11333,0,18254,0,96927,9,115181,9,0,389,0,386,391,0,"Anderson",76978,14.2897970848814,0.0568181818181818,11.6916521603575,0,5.68181818181818
2023-04-20,28147,9,16810,5,11337,4,18260,6,96965,38,115225,44,0,389,0,386,391,0,"Anderson",76978,24.682376782977,0.0932203389830508,57.1591883395256,11.6916521603575,9.32203389830508
2023-04-21,28148,1,16810,0,11338,1,18261,1,96967,2,115228,3,0,389,0,386,391,0,"Anderson",76978,19.4860869339292,0.0909090909090909,3.89721738678583,1.29907246226194,9.09090909090909
2023-04-22,28149,1,16811,1,11338,0,18262,1,96969,2,115231,3,0,389,0,386,391,0,"Anderson",76978,20.7851593961911,0.105882352941176,3.89721738678583,1.29907246226194,10.5882352941176
2023-04-23,28150,1,16811,0,11339,1,18262,0,96978,9,115240,9,0,389,0,386,391,0,"Anderson",76978,19.4860869339292,0.103448275862069,11.6916521603575,1.29907246226194,10.3448275862069
2023-04-24,28152,2,16812,1,11340,1,18263,1,96993,15,115256,16,0,389,0,386,391,0,"Anderson",76978,20.7851593961911,0.1,20.7851593961911,2.59814492452389,10
2023-04-25,28154,2,16812,0,11342,2,18263,0,96995,2,115258,2,2,391,0,386,391,0,"Anderson",76978,20.7851593961911,0.104651162790698,2.59814492452389,2.59814492452389,10.4651162790698
2023-04-26,28156,2,16812,0,11344,2,18263,0,97002,7,115265,7,0,391,0,386,391,0,"Anderson",76978,23.383304320715,0.107142857142857,9.09350723583361,2.59814492452389,10.7142857142857
2023-04-27,28159,3,16812,0,11347,3,18263,0,97013,11,115276,11,0,391,0,386,391,0,"Anderson",76978,15.5888695471433,0.0588235294117647,14.2897970848814,3.89721738678583,5.88235294117647
2023-04-28,28160,1,16812,0,11348,1,18263,0,97022,9,115285,9,0,391,0,386,391,0,"Anderson",76978,15.5888695471433,0.0350877192982456,11.6916521603575,1.29907246226194,3.50877192982456
2023-04-29,28163,3,16812,0,11351,3,18263,0,97030,8,115293,8,0,391,0,386,391,0,"Anderson",76978,18.1870144716672,0.0161290322580645,10.3925796980956,3.89721738678583,1.61290322580645
2023-04-30,28166,3,16815,3,11351,0,18266,3,97061,31,115327,34,0,391,0,386,391,0,"Anderson",76978,20.7851593961911,0.0459770114942529,44.1684637169061,3.89721738678583,4.59770114942529
2023-05-01,28176,10,16821,6,11355,4,18272,6,97110,49,115382,55,0,391,0,386,391,0,"Anderson",76978,31.1777390942867,0.0714285714285714,71.448985424407,12.9907246226195,7.14285714285714
2023-05-02,28179,3,16822,1,11357,2,18273,1,97111,1,115384,2,0,391,0,386,391,0,"Anderson",76978,32.4768115565486,0.0793650793650794,2.59814492452389,3.89721738678583,7.93650793650794
2023-05-03,28182,3,16823,1,11359,2,18273,0,97115,4,115388,4,0,391,0,386,391,0,"Anderson",76978,33.7758840188106,0.0813008130081301,5.19628984904778,3.89721738678583,8.13008130081301
2023-05-04,28184,2,16823,0,11361,2,18273,0,97122,7,115395,7,0,391,0,386,391,0,"Anderson",76978,32.4768115565486,0.0840336134453782,9.09350723583361,2.59814492452389,8.40336134453782
2023-05-05,28187,3,16824,1,11363,2,18274,1,97135,13,115409,14,0,391,0,386,391,0,"Anderson",76978,35.0749564810725,0.0887096774193548,18.1870144716672,3.89721738678583,8.87096774193548
2023-05-06,28191,4,16827,3,11364,1,18277,3,97191,56,115468,59,0,391,0,386,391,0,"Anderson",76978,36.3740289433345,0.08,76.6452752734548,5.19628984904778,8
2023-05-07,28191,0,16827,0,11364,0,18277,0,97201,10,115478,10,0,391,0,386,391,0,"Anderson",76978,32.4768115565486,0.0728476821192053,12.9907246226195,0,7.28476821192053
2023-05-08,28191,0,16827,0,11364,0,18278,1,97207,6,115485,7,0,391,0,386,391,0,"Anderson",76978,19.4860869339292,0.058252427184466,9.09350723583361,0,5.8252427184466
2023-05-09,28191,0,16827,0,11364,0,18278,0,97216,9,115494,9,0,391,0,386,391,0,"Anderson",76978,15.5888695471433,0.0454545454545455,11.6916521603575,0,4.54545454545455
2023-05-10,28194,3,16829,2,11365,1,18280,2,97245,29,115525,31,0,391,0,386,391,0,"Anderson",76978,15.5888695471433,0.0510948905109489,40.2712463301203,3.89721738678583,5.10948905109489
2023-05-11,28197,3,16831,2,11366,1,18282,2,97260,15,115542,17,0,391,0,386,391,0,"Anderson",76978,16.8879420094053,0.0612244897959184,22.0842318584531,3.89721738678583,6.12244897959184
2023-05-12,28204,7,16835,4,11369,3,18286,4,97271,11,115557,15,0,391,0,386,391,0,"Anderson",76978,22.0842318584531,0.0810810810810811,19.4860869339292,9.09350723583361,8.10810810810811
2023-05-13,28205,1,16835,0,11370,1,18286,0,97273,2,115559,2,0,391,0,386,391,0,"Anderson",76978,18.1870144716672,0.0989010989010989,2.59814492452389,1.29907246226194,9.89010989010989
2023-05-14,28208,3,16836,1,11372,2,18287,1,97279,6,115566,7,0,391,0,386,391,0,"Anderson",76978,22.0842318584531,0.113636363636364,9.09350723583361,3.89721738678583,11.3636363636364
2023-05-15,28210,2,16837,1,11373,1,18288,1,97281,2,115569,3,0,391,0,386,391,0,"Anderson",76978,24.682376782977,0.119047619047619,3.89721738678583,2.59814492452389,11.9047619047619
2023-05-16,28210,0,16837,0,11373,0,18288,0,97291,10,115579,10,0,391,0,386,391,0,"Anderson",76978,24.682376782977,0.117647058823529,12.9907246226195,0,11.7647058823529
2023-05-17,28216,6,16840,3,11376,3,18291,3,97323,32,115614,35,0,391,0,386,391,0,"Anderson",76978,28.5795941697628,0.123595505617978,45.4675361791681,7.79443477357167,12.3595505617978
2023-05-18,28227,11,16841,1,11386,10,18292,1,97329,6,115621,7,0,391,1,387,391,0,"Anderson",76978,38.9721738678584,0.126582278481013,9.09350723583361,14.2897970848814,12.6582278481013
2023-05-19,28253,26,16841,0,11412,26,18292,0,97343,14,115635,14,0,391,0,387,391,0,"Anderson",76978,63.6545506508353,0.0769230769230769,18.1870144716672,33.7758840188106,7.69230769230769
2023-05-20,28253,0,16841,0,11412,0,18292,0,97348,5,115640,5,0,391,0,387,391,0,"Anderson",76978,62.3554781885734,0.0740740740740741,6.49536231130973,0,7.40740740740741
2023-05-21,28253,0,16841,0,11412,0,18292,0,97354,6,115646,6,0,391,0,387,391,0,"Anderson",76978,58.4582608017875,0.0625,7.79443477357167,0,6.25
2023-05-22,28255,2,16841,0,11414,2,18292,0,97359,5,115651,5,0,391,0,387,391,0,"Anderson",76978,58.4582608017875,0.048780487804878,6.49536231130973,2.59814492452389,4.8780487804878
2023-05-23,28255,0,16841,0,11414,0,18292,0,97364,5,115656,5,0,391,0,387,391,0,"Anderson",76978,58.4582608017875,0.051948051948052,6.49536231130973,0,5.1948051948052
2023-05-24,28260,5,16843,2,11417,3,18294,2,97397,33,115691,35,0,391,0,387,391,0,"Anderson",76978,57.1591883395256,0.038961038961039,45.4675361791681,6.49536231130973,3.8961038961039
2023-05-25,28262,2,16843,0,11419,2,18294,0,97403,6,115697,6,0,391,0,387,391,0,"Anderson",76978,45.4675361791681,0.0263157894736842,7.79443477357167,2.59814492452389,2.63157894736842
2023-05-26,28262,0,16843,0,11419,0,18294,0,97404,1,115698,1,0,391,0,387,391,0,"Anderson",76978,11.6916521603575,0.0317460317460317,1.29907246226194,0,3.17460317460317
2023-05-27,28263,1,16844,1,11419,0,18295,1,97412,8,115707,9,0,391,0,387,391,0,"Anderson",76978,12.9907246226194,0.0447761194029851,11.6916521603575,1.29907246226194,4.47761194029851
2023-05-28,28264,1,16844,0,11420,1,18295,0,97414,2,115709,2,0,391,0,387,391,0,"Anderson",76978,14.2897970848814,0.0476190476190476,2.59814492452389,1.29907246226194,4.76190476190476
2023-05-29,28265,1,16844,0,11421,1,18295,0,97417,3,115712,3,0,391,0,387,391,0,"Anderson",76978,12.9907246226194,0.0491803278688525,3.89721738678583,1.29907246226194,4.91803278688525
2023-05-30,28268,3,16845,1,11423,2,18296,1,97421,4,115717,5,0,391,0,387,391,0,"Anderson",76978,16.8879420094053,0.0655737704918033,6.49536231130973,3.89721738678583,6.55737704918033
2023-05-31,28271,3,16846,1,11425,2,18297,1,97423,2,115720,3,0,391,0,387,391,0,"Anderson",76978,14.2897970848814,0.103448275862069,3.89721738678583,3.89721738678583,10.3448275862069
2023-06-01,28271,0,16846,0,11425,0,18297,0,97432,9,115729,9,0,391,0,387,391,0,"Anderson",76978,11.6916521603575,0.09375,11.6916521603575,0,9.375
2023-06-02,28279,8,16846,0,11433,8,18297,0,97440,8,115737,8,0,391,0,387,391,0,"Anderson",76978,22.0842318584531,0.0769230769230769,10.3925796980956,10.3925796980956,7.69230769230769
2023-06-03,28282,3,16848,2,11434,1,18299,2,97476,36,115775,38,0,391,0,387,391,0,"Anderson",76978,24.682376782977,0.0588235294117647,49.3647535659539,3.89721738678583,5.88235294117647
2023-06-04,28285,3,16850,2,11435,1,18301,2,97481,5,115782,7,0,391,0,387,391,0,"Anderson",76978,27.2805217075008,0.0821917808219178,9.09350723583361,3.89721738678583,8.21917808219178
2023-06-05,28286,1,16850,0,11436,1,18301,0,97483,2,115784,2,0,391,0,387,391,0,"Anderson",76978,27.2805217075008,0.0833333333333333,2.59814492452389,1.29907246226194,8.33333333333333
2023-06-06,28286,0,16850,0,11436,0,18301,0,97504,21,115805,21,0,391,0,387,391,0,"Anderson",76978,23.383304320715,0.0568181818181818,27.2805217075008,0,5.68181818181818
2023-06-07,28287,1,16851,1,11436,0,18301,0,97506,2,115807,2,0,391,0,387,391,0,"Anderson",76978,20.7851593961911,0.0459770114942529,2.59814492452389,1.29907246226194,4.59770114942529
2023-06-08,28288,1,16851,0,11437,1,18301,0,97513,7,115814,7,0,391,0,387,391,0,"Anderson",76978,22.0842318584531,0.0470588235294118,9.09350723583361,1.29907246226194,4.70588235294118
2023-06-09,28291,3,16851,0,11440,3,18301,0,97518,5,115819,5,0,391,0,387,391,0,"Anderson",76978,15.5888695471433,0.048780487804878,6.49536231130973,3.89721738678583,4.8780487804878
2023-06-10,28291,0,16851,0,11440,0,18301,0,97518,0,115819,0,0,391,0,387,391,0,"Anderson",76978,11.6916521603575,0.0454545454545455,0,0,4.54545454545455
2023-06-11,28291,0,16851,0,11440,0,18301,0,97522,4,115823,4,0,391,0,387,391,0,"Anderson",76978,7.79443477357167,0,5.19628984904778,0,0
2023-06-12,28295,4,16853,2,11442,2,18304,3,97539,17,115843,20,0,391,0,387,391,0,"Anderson",76978,11.6916521603575,0.0508474576271186,25.9814492452389,5.19628984904778,5.08474576271187
2023-06-13,28295,0,16853,0,11442,0,18304,0,97548,9,115852,9,0,391,0,387,391,0,"Anderson",76978,11.6916521603575,0.0638297872340425,11.6916521603575,0,6.38297872340426
2023-06-14,28296,1,16853,0,11443,1,18306,2,97554,6,115860,8,0,391,0,387,391,0,"Anderson",76978,11.6916521603575,0.0943396226415094,10.3925796980956,1.29907246226194,9.43396226415094
2023-06-15,28297,1,16854,1,11443,0,18307,1,97557,3,115864,4,0,391,0,387,391,0,"Anderson",76978,11.6916521603575,0.12,5.19628984904778,1.29907246226194,12
2023-06-16,28300,3,16855,1,11445,2,18309,2,97564,7,115873,9,0,391,0,387,391,0,"Anderson",76978,11.6916521603575,0.148148148148148,11.6916521603575,3.89721738678583,14.8148148148148
2023-06-17,28300,0,16855,0,11445,0,18309,0,97565,1,115874,1,0,391,0,387,391,0,"Anderson",76978,11.6916521603575,0.145454545454545,1.29907246226194,0,14.5454545454545
2023-06-18,28300,0,16855,0,11445,0,18309,0,97569,4,115878,4,0,391,0,387,391,0,"Anderson",76978,11.6916521603575,0.145454545454545,5.19628984904778,0,14.5454545454545
2023-06-19,28300,0,16855,0,11445,0,18309,0,97570,1,115879,1,0,391,0,387,391,0,"Anderson",76978,6.49536231130972,0.138888888888889,1.29907246226194,0,13.8888888888889
2023-06-20,28300,0,16855,0,11445,0,18309,0,97576,6,115885,6,0,391,0,387,391,0,"Anderson",76978,6.49536231130972,0.151515151515152,7.79443477357167,0,15.1515151515152
2023-06-21,28301,1,16856,1,11445,0,18310,1,97609,33,115919,34,0,391,0,387,391,0,"Anderson",76978,6.49536231130972,0.0677966101694915,44.1684637169061,1.29907246226194,6.77966101694915
2023-06-22,28303,2,16856,0,11447,2,18310,0,97616,7,115926,7,0,391,0,387,391,0,"Anderson",76978,7.79443477357167,0.0483870967741935,9.09350723583361,2.59814492452389,4.83870967741935
2023-06-23,28305,2,16856,0,11449,2,18311,1,97617,1,115928,2,0,391,0,387,391,0,"Anderson",76978,6.49536231130972,0.0363636363636364,2.59814492452389,2.59814492452389,3.63636363636364
2023-06-24,28305,0,16856,0,11449,0,18311,0,97617,0,115928,0,0,391,0,387,391,0,"Anderson",76978,6.49536231130972,0.037037037037037,0,0,3.7037037037037
2023-06-25,28308,3,16856,0,11452,3,18311,0,97622,5,115933,5,0,391,0,387,391,0,"Anderson",76978,10.3925796980956,0.0363636363636364,6.49536231130973,3.89721738678583,3.63636363636364
2023-06-26,28309,1,16857,1,11452,0,18313,2,97624,2,115937,4,0,391,0,387,391,0,"Anderson",76978,11.6916521603575,0.0689655172413793,5.19628984904778,1.29907246226194,6.89655172413793
2023-06-27,28310,1,16857,0,11453,1,18313,0,97628,4,115941,4,0,391,0,387,392,1,"Anderson",76978,12.9907246226194,0.0714285714285714,5.19628984904778,1.29907246226194,7.14285714285714
2023-06-28,28315,5,16859,2,11456,3,18316,3,97647,19,115963,22,0,391,0,387,392,0,"Anderson",76978,18.1870144716672,0.136363636363636,28.5795941697628,6.49536231130973,13.6363636363636
2023-06-29,28316,1,16860,1,11456,0,18317,1,97654,7,115971,8,0,391,0,387,392,0,"Anderson",76978,16.8879420094053,0.155555555555556,10.3925796980956,1.29907246226194,15.5555555555556
2023-06-30,28317,1,16860,0,11457,1,18317,0,97657,3,115974,3,0,391,0,387,392,0,"Anderson",76978,15.5888695471433,0.130434782608696,3.89721738678583,1.29907246226194,13.0434782608696
2023-07-01,28317,0,16860,0,11457,0,18317,0,97658,1,115975,1,0,391,0,387,392,0,"Anderson",76978,15.5888695471433,0.127659574468085,1.29907246226194,0,12.7659574468085
2023-07-02,28317,0,16860,0,11457,0,18317,0,97659,1,115976,1,0,391,0,387,392,0,"Anderson",76978,11.6916521603575,0.13953488372093,1.29907246226194,0,13.953488372093
2023-07-03,28318,1,16860,0,11458,1,18317,0,97662,3,115979,3,0,391,0,387,392,0,"Anderson",76978,11.6916521603575,0.0952380952380952,3.89721738678583,1.29907246226194,9.52380952380952
2023-07-04,28318,0,16860,0,11458,0,18317,0,97665,3,115982,3,0,391,0,387,392,0,"Anderson",76978,10.3925796980956,0.0975609756097561,3.89721738678583,0,9.75609756097561
2023-07-05,28321,3,16862,2,11459,1,18320,3,97676,11,115996,14,1,392,0,387,392,0,"Anderson",76978,7.79443477357167,0.121212121212121,18.1870144716672,3.89721738678583,12.1212121212121
2023-07-06,28324,3,16864,2,11460,1,18322,2,97679,3,116001,5,0,392,0,387,392,0,"Anderson",76978,10.3925796980956,0.166666666666667,6.49536231130973,3.89721738678583,16.6666666666667
2023-07-07,28328,4,16864,0,11464,4,18323,1,97681,2,116004,3,0,392,0,387,392,0,"Anderson",76978,14.2897970848814,0.2,3.89721738678583,5.19628984904778,20
2023-07-08,28329,1,16864,0,11465,1,18323,0,97685,4,116008,4,0,392,0,387,392,0,"Anderson",76978,15.5888695471433,0.181818181818182,5.19628984904778,1.29907246226194,18.1818181818182
2023-07-09,28329,0,16864,0,11465,0,18323,0,97688,3,116011,3,0,392,0,387,392,0,"Anderson",76978,15.5888695471433,0.171428571428571,3.89721738678583,0,17.1428571428571
2023-07-10,28330,1,16864,0,11466,1,18324,1,97691,3,116015,4,0,392,0,387,392,0,"Anderson",76978,15.5888695471433,0.194444444444444,5.19628984904778,1.29907246226194,19.4444444444444
2023-07-11,28331,1,16864,0,11467,1,18324,0,97700,9,116024,9,0,392,0,387,392,0,"Anderson",76978,16.8879420094053,0.166666666666667,11.6916521603575,1.29907246226194,16.6666666666667
2023-07-12,28331,0,16864,0,11467,0,18324,0,97701,1,116025,1,0,392,0,387,392,0,"Anderson",76978,12.9907246226194,0.137931034482759,1.29907246226194,0,13.7931034482759
2023-07-13,28331,0,16864,0,11467,0,18324,0,97703,2,116027,2,0,392,0,387,392,0,"Anderson",76978,9.09350723583361,0.0769230769230769,2.59814492452389,0,7.69230769230769
2023-07-14,28333,2,16865,1,11468,1,18325,1,97707,4,116032,5,0,392,0,387,392,0,"Anderson",76978,6.49536231130972,0.0714285714285714,6.49536231130973,2.59814492452389,7.14285714285714
2023-07-15,28333,0,16865,0,11468,0,18325,0,97711,4,116036,4,0,392,0,387,392,0,"Anderson",76978,5.19628984904778,0.0714285714285714,5.19628984904778,0,7.14285714285714
2020-03-12,1,1,1,1,0,0,1,1,11,11,12,12,0,0,0,0,0,0,"East TN",2455501,NA,NA,0.488698640318208,0.040724886693184,NA
2020-03-13,1,0,1,0,0,0,1,0,23,12,24,12,0,0,0,0,0,0,"East TN",2455501,NA,NA,0.488698640318208,0,NA
2020-03-14,3,2,3,2,0,0,3,2,50,27,53,29,0,0,0,0,0,0,"East TN",2455501,NA,NA,1.18102171410234,0.081449773386368,NA
2020-03-15,3,0,3,0,0,0,3,0,53,3,56,3,0,0,0,0,0,0,"East TN",2455501,NA,NA,0.122174660079552,0,NA
2020-03-16,5,2,5,2,0,0,5,2,89,36,94,38,0,0,0,0,0,0,"East TN",2455501,NA,NA,1.54754569434099,0.081449773386368,NA
2020-03-17,6,1,6,1,0,0,5,0,130,41,135,41,0,0,0,0,0,0,"East TN",2455501,NA,NA,1.66972035442054,0.040724886693184,NA
2020-03-18,8,2,8,2,0,0,7,2,171,41,178,43,0,0,0,0,0,0,"East TN",2455501,0.325799093545472,0.0393258426966292,1.75117012780691,0.081449773386368,3.93258426966292
2020-03-19,11,3,11,3,0,0,11,4,238,67,249,71,0,0,0,0,0,0,"East TN",2455501,0.40724886693184,0.0421940928270042,2.89146695521606,0.122174660079552,4.21940928270042
2020-03-20,29,18,29,18,0,0,27,16,382,144,409,160,0,0,2,2,0,0,"East TN",2455501,1.14029682740915,0.0675324675324675,6.51598187090944,0.733047960477312,6.75324675324675
2020-03-21,38,9,38,9,0,0,38,11,610,228,648,239,0,0,1,3,1,1,"East TN",2455501,1.42537103426144,0.0588235294117647,9.73324791967098,0.366523980238656,5.88235294117647
2020-03-22,48,10,47,9,1,1,43,5,713,103,756,108,0,0,4,7,2,1,"East TN",2455501,1.83261990119328,0.0571428571428571,4.39828776286387,0.40724886693184,5.71428571428571
2020-03-23,64,16,63,16,1,0,56,13,846,133,902,146,0,0,4,11,2,0,"East TN",2455501,2.40276831489786,0.0631188118811881,5.94583345720486,0.651598187090944,6.31188118811881
2020-03-24,83,19,82,19,1,0,70,14,987,141,1057,155,0,0,5,16,2,0,"East TN",2455501,3.13581627537517,0.0704989154013015,6.31235743744352,0.773772847170496,7.04989154013015
2020-03-25,116,33,115,33,1,0,99,29,1288,301,1387,330,0,0,12,28,3,1,"East TN",2455501,4.39828776286387,0.076095947063689,13.4392126087507,1.34392126087507,7.6095947063689
2020-03-26,144,28,143,28,1,0,130,31,1774,486,1904,517,0,0,5,33,4,1,"East TN",2455501,5.41640993019347,0.0719033232628399,21.0547664203761,1.14029682740915,7.19033232628399
2020-03-27,166,22,165,22,1,0,147,17,2171,397,2318,414,0,0,6,39,4,0,"East TN",2455501,5.57930947696621,0.0628601361969618,16.8601030909782,0.895947507250048,6.28601361969618
2020-03-28,197,31,196,31,1,0,180,33,2608,437,2788,470,0,0,8,47,4,0,"East TN",2455501,6.47525698421626,0.0663551401869159,19.1406967457965,1.2624714874887,6.63551401869159
2020-03-29,213,16,212,16,1,0,196,16,2795,187,2991,203,0,0,3,50,7,3,"East TN",2455501,6.71960630437536,0.0684563758389262,8.26715199871635,0.651598187090944,6.84563758389262
2020-03-30,246,33,245,33,1,0,226,30,3345,550,3571,580,0,0,8,58,9,2,"East TN",2455501,7.41192937815949,0.0636942675159236,23.6204342820467,1.34392126087507,6.36942675159236
2020-03-31,295,49,294,49,1,0,278,52,3645,300,3923,352,0,0,12,70,10,1,"East TN",2455501,8.63367597895501,0.0725750174459177,14.3351601160008,1.99551944796602,7.25750174459177
2020-04-01,346,51,345,51,1,0,336,58,4243,598,4579,656,0,0,9,79,12,2,"East TN",2455501,9.36672393943232,0.0742481203007519,26.7155256707287,2.07696922135238,7.42481203007519
2020-04-02,391,45,390,45,1,0,383,47,4839,596,5222,643,2,7,5,84,14,2,"East TN",2455501,10.0590470132164,0.0762507534659433,26.1861021437173,1.83261990119328,7.62507534659433
2020-04-03,412,21,411,21,1,0,401,18,5124,285,5525,303,1,8,2,86,17,3,"East TN",2455501,10.0183221265233,0.0792017461802308,12.3396406680348,0.855222620556864,7.92017461802307
2020-04-04,447,35,446,35,1,0,431,30,5716,592,6147,622,3,11,5,91,19,2,"East TN",2455501,10.181221673296,0.0747246204227449,25.3308795231604,1.42537103426144,7.47246204227449
2020-04-05,473,26,472,26,1,0,464,33,6093,377,6557,410,-1,10,2,93,20,1,"East TN",2455501,10.5884705402278,0.0751542344363432,16.6972035442054,1.05884705402278,7.51542344363432
2020-04-06,514,41,513,41,1,0,514,50,6626,533,7140,583,8,18,5,98,20,0,"East TN",2455501,10.9142696337733,0.080694872513309,23.7426089421263,1.66972035442054,8.0694872513309
2020-04-07,570,56,569,56,1,0,592,78,7755,1129,8347,1207,0,18,7,105,21,1,"East TN",2455501,11.1993438406256,0.0709764918625678,49.1549382386731,2.2805936548183,7.09764918625678
2020-04-08,607,37,606,37,1,0,632,40,8162,407,8794,447,1,19,8,113,25,4,"East TN",2455501,10.629195426921,0.0702253855278766,18.2040243518532,1.50682080764781,7.02253855278766
2020-04-09,633,26,632,26,1,0,662,30,8613,451,9275,481,3,22,2,115,25,0,"East TN",2455501,9.85542257975053,0.0688378978534419,19.5886704994215,1.05884705402278,6.88378978534419
2020-04-10,655,22,654,22,1,0,682,20,8941,328,9623,348,0,22,4,119,25,0,"East TN",2455501,9.89614746644371,0.0685700341630063,14.172260569228,0.895947507250048,6.85700341630063
2020-04-11,679,24,678,24,1,0,728,46,10022,1081,10750,1127,2,24,5,124,27,2,"East TN",2455501,9.44817371281869,0.0645231370845101,45.8969473032184,0.977397280636416,6.45231370845101
2020-04-12,709,30,708,30,1,0,761,33,11472,1450,12233,1483,0,24,1,125,28,1,"East TN",2455501,9.61107325959142,0.0523255813953488,60.3950069659919,1.22174660079552,5.23255813953488
2020-04-13,738,29,737,29,1,0,803,42,12435,963,13238,1005,0,24,7,132,32,4,"East TN",2455501,9.12237461927321,0.0473925877336832,40.9285111266499,1.18102171410234,4.73925877336832
2020-04-14,749,11,748,11,1,0,823,20,12720,285,13543,305,4,28,1,133,33,1,"East TN",2455501,7.28975471807994,0.0444572748267898,12.4210904414211,0.447973753625024,4.44572748267898
2020-04-15,773,24,772,24,1,0,850,27,13132,412,13982,439,2,30,4,137,34,1,"East TN",2455501,6.76033119106854,0.0420200462606014,17.8782252583078,0.977397280636416,4.20200462606014
2020-04-16,801,28,800,28,1,0,886,36,13808,676,14694,712,1,31,6,143,34,0,"East TN",2455501,6.84178096445491,0.0413360398597527,28.996119325547,1.14029682740915,4.13360398597527
2020-04-17,823,22,821,21,2,1,916,30,14137,329,15053,359,0,31,4,147,35,1,"East TN",2455501,6.84178096445491,0.0430939226519337,14.6202343228531,0.895947507250048,4.30939226519337
2020-04-18,835,12,833,12,2,0,935,19,14918,781,15853,800,0,31,0,147,35,0,"East TN",2455501,6.3530823241367,0.0405643738977072,32.5799093545472,0.488698640318208,4.05643738977072
2020-04-19,914,79,912,79,2,0,1016,81,15604,686,16620,767,1,32,1,148,35,0,"East TN",2455501,8.34860177210272,0.0581262821974014,31.2359880936721,3.21726604876154,5.81262821974014
2020-04-20,939,25,931,19,8,6,1033,17,16567,963,17600,980,0,32,2,150,35,0,"East TN",2455501,8.18570222532998,0.0527281063732233,39.9103889593203,1.0181221673296,5.27281063732233
2020-04-21,1045,106,1037,106,8,0,1154,121,19273,2706,20427,2827,0,32,6,156,36,1,"East TN",2455501,12.0545664611825,0.0480825101685067,115.129254681631,4.3168379894775,4.80825101685067
2020-04-22,1247,202,1237,200,10,2,1354,200,21825,2552,23179,2752,2,34,2,158,36,0,"East TN",2455501,19.3035962925692,0.0548004784168751,112.074888179642,8.22642711202317,5.48004784168751
2020-04-23,1492,245,1480,243,12,2,1601,247,22932,1107,24533,1354,0,34,3,161,36,0,"East TN",2455501,28.1408967049901,0.0726699867872751,55.1414965825711,9.97759723983008,7.26699867872751
2020-04-24,1540,48,1527,47,13,1,1655,54,25621,2689,27276,2743,0,34,4,165,36,0,"East TN",2455501,29.1997437590129,0.0604597889225231,111.708364199404,1.95479456127283,6.04597889225231
2020-04-25,1563,23,1546,19,17,4,1674,19,26396,775,28070,794,0,34,3,168,37,1,"East TN",2455501,29.647717512638,0.0604894818695261,32.3355600343881,0.936672393943232,6.04894818695261
2020-04-26,1583,20,1565,19,18,1,1700,26,27513,1117,29213,1143,0,34,0,168,37,0,"East TN",2455501,27.2449491977401,0.0543158897800365,46.5485454903093,0.81449773386368,5.43158897800365
2020-04-27,1652,69,1633,68,19,1,1772,72,28428,915,30200,987,0,34,8,176,38,1,"East TN",2455501,29.0368442122402,0.0586507936507936,40.1954631661726,2.8100171818297,5.86507936507936
2020-04-28,1689,37,1667,34,22,3,1812,40,30602,2174,32414,2214,2,36,1,177,39,1,"East TN",2455501,26.2268270304105,0.0548928005339117,90.1648991387094,1.50682080764781,5.48928005339117
2020-04-29,1752,63,1729,62,23,1,1878,66,33345,2743,35223,2809,1,37,6,183,40,1,"East TN",2455501,20.5660677800579,0.0435071404848887,114.396206721154,2.56566786167059,4.35071404848887
2020-04-30,1774,22,1750,21,24,1,1900,22,33894,549,35794,571,0,37,1,184,40,0,"East TN",2455501,11.4844180474779,0.0265518160021312,23.2539103018081,0.895947507250048,2.65518160021312
2020-05-01,1814,40,1786,36,28,4,1929,29,35556,1662,37485,1691,0,37,0,184,40,0,"East TN",2455501,11.1586189539324,0.0268390635713586,68.8657833981741,1.62899546772736,2.68390635713586
2020-05-02,1835,21,1807,21,28,0,1966,37,37433,1877,39399,1914,0,37,3,187,40,0,"East TN",2455501,11.077169180546,0.0257745608615059,77.9474331307542,0.855222620556864,2.57745608615059
2020-05-03,1873,38,1840,33,33,5,2003,37,39553,2120,41556,2157,0,37,3,190,42,2,"East TN",2455501,11.8102171410234,0.0245483269869562,87.8435805971979,1.54754569434099,2.45483269869562
2020-05-04,1920,47,1884,44,36,3,2060,57,41499,1946,43559,2003,0,37,1,191,42,0,"East TN",2455501,10.9142696337733,0.0215584998877161,81.5719480464475,1.91406967457965,2.15584998877161
2020-05-05,1948,28,1911,27,37,1,2092,32,44409,2910,46501,2942,2,39,1,192,42,0,"East TN",2455501,10.5477456535347,0.0198764818627103,119.812616651347,1.14029682740915,1.98764818627103
2020-05-06,1985,37,1948,37,37,0,2135,43,45453,1044,47588,1087,1,40,0,192,42,0,"East TN",2455501,9.48889859951187,0.0207844723008492,44.267951835491,1.50682080764781,2.07844723008492
2020-05-07,2028,43,1989,41,39,2,2183,48,46845,1392,49028,1440,0,40,4,196,46,4,"East TN",2455501,10.3441212200687,0.0213843131328397,58.643836838185,1.75117012780691,2.13843131328397
2020-05-08,2047,19,2008,19,39,0,2219,36,48515,1670,50734,1706,1,41,0,196,47,1,"East TN",2455501,9.48889859951187,0.0218884444108989,69.4766566985719,0.773772847170496,2.18884444108989
2020-05-09,2063,16,2022,14,41,2,2237,18,51333,2818,53570,2836,0,41,1,197,48,1,"East TN",2455501,9.28527416604595,0.0191235622045022,115.49577866187,0.651598187090944,1.91235622045022
2020-05-10,2079,16,2037,15,42,1,2256,19,53897,2564,56153,2583,1,42,3,200,48,0,"East TN",2455501,8.3893266587959,0.0173323285606631,105.192382328494,0.651598187090944,1.73323285606631
2020-05-11,2140,61,2097,60,43,1,2307,51,55468,1571,57775,1622,3,45,5,205,50,2,"East TN",2455501,8.95947507250048,0.0173747889701744,66.0557662163444,2.48421808828422,1.73747889701745
2020-05-12,2193,53,2150,53,43,0,2373,66,59022,3554,61395,3620,3,48,3,208,50,0,"East TN",2455501,9.97759723983008,0.0188666577145159,147.424089829326,2.15841899473875,1.88666577145159
2020-05-13,2247,54,2201,51,46,3,2425,52,60647,1625,63072,1677,0,48,7,215,52,2,"East TN",2455501,10.6699203136142,0.0187290105915784,68.2956349844696,2.19914388143194,1.87290105915784
2020-05-14,2278,31,2232,31,46,0,2470,45,62356,1709,64826,1754,1,49,2,217,53,1,"East TN",2455501,10.181221673296,0.018166856564122,71.4314512598447,1.2624714874887,1.8166856564122
2020-05-15,2306,28,2260,28,46,0,2507,37,64675,2319,67182,2356,1,50,4,221,53,0,"East TN",2455501,10.5477456535347,0.0175097276264591,95.9478330491415,1.14029682740915,1.75097276264591
2020-05-16,2316,10,2270,10,46,0,2525,18,67443,2768,69968,2786,1,51,1,222,53,0,"East TN",2455501,10.3033963333756,0.017563117453348,113.459534327211,0.40724886693184,1.7563117453348
2020-05-17,2396,80,2350,80,46,0,2604,79,69670,2227,72274,2306,0,51,4,226,55,2,"East TN",2455501,12.9097890817393,0.0215867502016004,93.9115887144823,3.25799093545472,2.15867502016004
2020-05-18,2445,49,2398,48,47,1,2665,61,71548,1878,74213,1939,0,51,3,229,55,0,"East TN",2455501,12.4210904414211,0.0217788052074462,78.9655552980838,1.99551944796602,2.17788052074462
2020-05-19,2486,41,2438,40,48,1,2705,40,72672,1124,75377,1164,1,52,3,232,55,0,"East TN",2455501,11.9323918011029,0.0237448147618366,47.4037681108662,1.66972035442054,2.37448147618366
2020-05-20,2528,42,2480,42,48,0,2750,45,74412,1740,77162,1785,0,52,3,235,55,0,"East TN",2455501,11.4436931607847,0.0230660042583392,72.6939227473334,1.71044524111373,2.30660042583392
2020-05-21,2769,241,2720,240,49,1,2988,238,75874,1462,78862,1700,0,52,4,239,56,1,"East TN",2455501,19.9959193663533,0.0369051011684241,69.2323073784128,9.81469769305734,3.69051011684241
2020-05-22,2860,91,2808,88,52,3,3066,78,77398,1524,80464,1602,0,52,7,246,56,0,"East TN",2455501,22.5615872280239,0.0420870350850776,65.2412684824808,3.70596468907974,4.20870350850775
2020-05-23,2926,66,2870,62,56,4,3157,91,79612,2214,82769,2305,2,54,7,253,57,1,"East TN",2455501,24.8421808828422,0.0493711428794625,93.8708638277891,2.68784252175014,4.93711428794625
2020-05-24,2978,52,2922,52,56,0,3227,70,81732,2120,84959,2190,0,54,0,253,58,1,"East TN",2455501,23.7018840554331,0.0491131257390619,89.187501858073,2.11769410804557,4.91131257390619
2020-05-25,3062,84,3005,83,57,1,3321,94,84382,2650,87703,2744,1,55,2,255,58,0,"East TN",2455501,25.1272550896945,0.0486286137879911,111.749089086097,3.42089048222746,4.86286137879911
2020-05-26,3123,61,3057,52,66,9,3377,56,86768,2386,90145,2442,1,56,3,258,58,0,"East TN",2455501,25.9417528235582,0.0455037919826652,99.4501733047553,2.48421808828422,4.55037919826652
2020-05-27,3199,76,3130,73,69,3,3444,67,88635,1867,92079,1934,0,56,9,267,58,0,"East TN",2455501,27.3263989711265,0.0465241000201113,78.7619308646179,3.09509138868198,4.65241000201113
2020-05-28,3273,74,3204,74,69,0,3511,67,90034,1399,93545,1466,0,56,1,268,58,0,"East TN",2455501,20.5253428933647,0.0356194238234693,59.7026838922077,3.01364161529562,3.56194238234693
2020-05-29,3348,75,3278,74,70,1,3594,83,91312,1278,94906,1361,0,56,4,272,58,0,"East TN",2455501,19.8737447062738,0.0365600332363939,55.4265707894234,3.0543665019888,3.65600332363939
2020-05-30,3421,73,3350,72,71,1,3675,81,93557,2245,97232,2326,0,56,5,277,59,1,"East TN",2455501,20.1588189131261,0.0358155292816152,94.726086448346,2.97291672860243,3.58155292816152
2020-05-31,3533,112,3460,110,73,2,3769,94,96340,2783,100109,2877,0,56,1,278,60,1,"East TN",2455501,22.6023121147171,0.0357755775577558,117.16549901629,4.56118730963661,3.57755775577558
2020-06-01,3629,96,3553,93,76,3,3902,133,100171,3831,104073,3964,0,56,5,283,60,0,"East TN",2455501,23.0910107550353,0.0354917532070861,161.433450851781,3.90958912254566,3.54917532070861
2020-06-02,3736,107,3658,105,78,2,4017,115,104230,4059,108247,4174,1,57,3,286,64,4,"East TN",2455501,24.9643555429218,0.0353552093691305,169.98567705735,4.35756287617069,3.53552093691305
2020-06-03,3786,50,3708,50,78,0,4067,50,106161,1931,110228,1981,0,57,4,290,65,1,"East TN",2455501,23.905508488899,0.0343269601630944,80.6760005391975,2.0362443346592,3.43269601630944
2020-06-04,3837,51,3757,49,80,2,4128,61,107708,1547,111836,1608,6,63,5,295,66,1,"East TN",2455501,22.9688360949558,0.0337324367175113,65.4856178026399,2.07696922135238,3.37324367175113
2020-06-05,3936,99,3852,95,84,4,4210,82,109864,2156,114074,2238,1,64,4,299,67,1,"East TN",2455501,23.9462333755922,0.0321368948247078,91.1422964193458,4.03176378262522,3.21368948247079
2020-06-06,3989,53,3902,50,87,3,4285,75,112967,3103,117252,3178,1,65,4,303,67,0,"East TN",2455501,23.1317356417285,0.0304695304695305,129.423689910939,2.15841899473875,3.04695304695305
2020-06-07,4047,58,3958,56,89,2,4366,81,116924,3957,121290,4038,0,65,6,309,68,1,"East TN",2455501,20.9325917602966,0.0281856380718569,164.447092467077,2.36204342820467,2.81856380718569
2020-06-08,4207,160,4114,156,93,4,4523,157,119875,2951,124398,3108,0,65,6,315,68,0,"East TN",2455501,23.5389845086604,0.0305535055350553,126.572947842416,6.51598187090944,3.05535055350553
2020-06-09,4315,108,4221,107,94,1,4641,118,122202,2327,126843,2445,1,66,7,322,69,1,"East TN",2455501,23.5797093953535,0.0335556033555603,99.5723479648349,4.39828776286387,3.35556033555603
2020-06-10,4392,77,4295,74,97,3,4715,74,125038,2836,129753,2910,0,66,6,328,69,0,"East TN",2455501,24.6792813360695,0.0331882202304737,118.509420277165,3.13581627537517,3.31882202304738
2020-06-11,4656,264,4557,262,99,2,4995,280,127329,2291,132324,2571,1,67,8,336,69,0,"East TN",2455501,33.3536822017177,0.0423174541194846,104.703683688176,10.7513700870006,4.23174541194846
2020-06-12,4827,171,4727,170,100,1,5167,172,129955,2626,135122,2798,2,69,3,339,70,1,"East TN",2455501,36.2858740436269,0.0454675028506271,113.948232967529,6.96395562453446,4.54675028506271
2020-06-13,4975,148,4871,144,104,4,5335,168,132146,2191,137481,2359,0,69,4,343,71,1,"East TN",2455501,40.1547382794794,0.0519056799644075,96.0700077092211,6.02728323059123,5.19056799644075
2020-06-14,5091,116,4986,115,105,1,5470,135,136014,3868,141484,4003,0,69,4,347,72,1,"East TN",2455501,42.5167817076841,0.0546697038724374,163.021721432816,4.72408685640934,5.46697038724374
2020-06-15,5273,182,5157,171,116,11,5649,179,139187,3173,144836,3352,0,69,9,356,77,5,"East TN",2455501,43.4127292149341,0.0550934533711713,136.509820195553,7.41192937815949,5.50934533711713
2020-06-16,5427,154,5309,152,118,2,5807,158,140986,1799,146793,1957,3,72,4,360,80,3,"East TN",2455501,45.2860740028206,0.0584461152882206,79.6986032585611,6.27163255075034,5.84461152882206
2020-06-17,5560,133,5439,130,121,3,5929,122,142426,1440,148355,1562,3,75,6,366,82,2,"East TN",2455501,47.5666676576389,0.0652617998064724,63.6122730147534,5.41640993019347,6.52617998064724
2020-06-18,5738,178,5616,177,122,1,6135,206,146017,3591,152152,3797,1,76,12,378,82,0,"East TN",2455501,44.0643274020251,0.0574944522896913,154.63239477402,7.24902983138675,5.74944522896913
2020-06-19,5873,135,5747,131,126,4,6253,118,147480,1463,153733,1581,4,80,13,391,83,1,"East TN",2455501,42.5982314810705,0.058352587179625,64.3860458619239,5.49785970357984,5.8352587179625
2020-06-20,5939,66,5812,65,127,1,6348,95,149655,2175,156003,2270,0,80,7,398,83,0,"East TN",2455501,39.2587907722294,0.0546917179570241,92.4454927935277,2.68784252175014,5.46917179570241
2020-06-21,6027,88,5899,87,128,1,6467,119,153005,3350,159472,3469,1,81,3,401,86,3,"East TN",2455501,38.1184939448202,0.0554258394485212,141.274631938655,3.58379002900019,5.54258394485212
2020-06-22,6223,196,6088,189,135,7,6665,198,156416,3411,163081,3609,1,82,7,408,87,1,"East TN",2455501,38.6886423585248,0.0556864894491642,146.976116075701,7.98207779186406,5.56864894491642
2020-06-23,6413,190,6272,184,141,6,6849,184,158220,1804,165069,1988,4,86,15,423,87,0,"East TN",2455501,40.1547382794794,0.0570146640402714,80.9610747460498,7.73772847170496,5.70146640402714
2020-06-24,6591,178,6448,176,143,2,7032,183,159851,1631,166883,1814,2,88,9,432,87,0,"East TN",2455501,41.9873581806727,0.0595315198618307,73.8749444614358,7.24902983138675,5.95315198618307
2020-06-25,6760,169,6608,160,152,9,7216,184,163024,3173,170240,3357,0,88,8,440,87,0,"East TN",2455501,41.620834200434,0.0597633790358249,136.713444629019,6.8825058511481,5.97633790358249
2020-06-26,6974,214,6812,204,162,10,7388,172,164612,1588,172000,1760,1,89,16,456,87,0,"East TN",2455501,44.8381002491956,0.0621339026660097,71.6758005800038,8.71512575234138,6.21339026660097
2020-06-27,7048,74,6881,69,167,5,7434,46,164821,209,172255,255,-1,88,5,461,89,2,"East TN",2455501,45.1638993427411,0.0668225449175486,10.3848461067619,3.01364161529562,6.68225449175486
2020-06-28,7175,127,7006,125,169,2,7605,171,167908,3087,175513,3258,0,88,5,466,90,1,"East TN",2455501,46.7521699237752,0.0709432080294246,132.681680846393,5.17206061003437,7.09432080294246
2020-06-29,7518,343,7347,341,171,2,7945,340,173175,5267,181120,5607,1,89,22,488,91,1,"East TN",2455501,52.7387282676733,0.0709573701424691,228.344439688683,13.9686361357621,7.09573701424691
2020-06-30,7788,270,7613,266,175,4,8393,448,179461,6286,187854,6734,0,89,22,510,92,1,"East TN",2455501,55.996719203128,0.0677638797454466,274.241386991901,10.9957194071597,6.77638797454466
2020-07-01,8063,275,7885,272,178,3,8727,334,182665,3204,191392,3538,0,89,17,527,95,3,"East TN",2455501,59.9470332123668,0.0691582683912032,144.084649120485,11.1993438406256,6.91582683912032
2020-07-02,8543,480,8360,475,183,5,9333,606,189047,6382,198380,6988,2,91,25,552,98,3,"East TN",2455501,72.6124729739471,0.0752309879175551,284.58550821197,19.5479456127283,7.52309879175551
2020-07-03,8769,226,8580,220,189,6,9561,228,192402,3355,201963,3583,5,96,14,566,99,1,"East TN",2455501,73.1011716142653,0.0725227780929813,145.917269021678,9.20382439265958,7.25227780929813
2020-07-04,8989,220,8798,218,191,2,9841,280,197166,4764,207007,5044,2,98,15,581,105,6,"East TN",2455501,79.0470050714701,0.0692622007366483,205.41632848042,8.95947507250048,6.92622007366483
2020-07-05,9309,320,9117,319,192,1,10209,368,201011,3845,211220,4213,2,100,12,593,108,3,"East TN",2455501,86.9069082032546,0.0729268770829249,171.573947638384,13.0319637418189,7.29268770829249
2020-07-06,9543,234,9340,223,203,11,10419,210,202641,1630,213060,1840,4,104,26,619,108,0,"East TN",2455501,82.4678955536976,0.0774577332498435,74.9337915154586,9.52962348620506,7.74577332498435
2020-07-07,9991,448,9779,439,212,9,10985,566,208917,6276,219902,6842,0,104,32,651,109,1,"East TN",2455501,89.7169253850844,0.0808786819770344,278.639674754765,18.2447492385464,8.08786819770345
2020-07-08,10372,381,10150,371,222,10,11419,434,213085,4168,224504,4602,1,105,20,671,109,0,"East TN",2455501,94.0337633745619,0.0812998308770234,187.415928562033,15.5161818301031,8.12998308770234
2020-07-09,10821,449,10585,435,236,14,11891,472,219034,5949,230925,6421,1,106,24,695,113,4,"East TN",2455501,92.7712918870731,0.0785988631126133,261.494497456934,18.2854741252396,7.85988631126133
2020-07-10,11288,467,11040,455,248,12,12344,453,222318,3284,234662,3737,0,106,29,724,115,2,"East TN",2455501,102.58598958013,0.0851096363803174,152.188901572429,19.0185220857169,8.51096363803175
2020-07-11,11594,306,11339,299,255,7,12766,422,226796,4478,239562,4900,5,111,23,747,120,5,"East TN",2455501,106.088329835744,0.0898479496237137,199.551944796602,12.4618153281143,8.98479496237137
2020-07-12,12064,470,11801,462,263,8,13399,633,232725,5929,246124,6562,1,112,25,772,125,5,"East TN",2455501,112.197062839722,0.0913935365574146,267.236706480673,19.1406967457965,9.13935365574146
2020-07-13,12418,354,12142,341,276,13,13742,343,236158,3433,249900,3776,3,115,20,792,129,4,"East TN",2455501,117.084049242904,0.0902008686210641,153.777172153463,14.4166098893871,9.02008686210641
2020-07-14,12933,515,12652,510,281,5,14326,584,240646,4488,254972,5072,4,119,34,826,133,4,"East TN",2455501,119.812616651347,0.0952666096378671,206.556625307829,20.9733166469898,9.52666096378671
2020-07-15,13313,380,13026,374,287,6,14709,383,243742,3096,258451,3479,6,125,24,850,140,7,"East TN",2455501,119.771891764654,0.0969157804813386,141.681880805587,15.4754569434099,9.69157804813386
2020-07-16,14140,827,13838,812,302,15,15806,1097,253573,9831,269379,10928,6,131,44,894,142,2,"East TN",2455501,135.165898934678,0.101809954751131,445.041561783115,33.6794812952632,10.1809954751131
2020-07-17,14608,468,14292,454,316,14,16317,511,257892,4319,274209,4830,3,134,24,918,147,5,"East TN",2455501,135.206623821371,0.100462740536577,196.701202728079,19.0592469724101,10.0462740536577
2020-07-18,15117,509,14786,494,331,15,16985,668,265980,8088,282965,8756,6,140,27,945,150,3,"East TN",2455501,143.473775820087,0.097205262309057,356.587107885519,20.7289673268307,9.7205262309057
2020-07-19,15598,481,15248,462,350,19,17545,560,270832,4852,288377,5412,0,140,26,971,154,4,"East TN",2455501,143.921749573712,0.098123210186259,220.403086783512,19.5886704994215,9.8123210186259
2020-07-20,16033,435,15668,420,365,15,17956,411,273289,2457,291245,2868,2,142,29,1000,158,4,"East TN",2455501,147.22046539586,0.101922844358447,116.798975036052,17.715325711535,10.1922844358447
2020-07-21,17034,1001,16652,984,382,17,19168,1212,281667,8378,300835,9590,1,143,61,1061,161,3,"East TN",2455501,167.012760328748,0.105575300351046,390.551663387635,40.7656115798772,10.5575300351046
2020-07-22,17618,584,17220,568,398,16,19822,654,284967,3300,304789,3954,4,147,29,1090,166,5,"East TN",2455501,175.320637214157,0.11034140446286,161.02620198485,23.7833338288195,11.034140446286
2020-07-23,18412,794,17992,772,420,22,20821,999,295168,10201,315989,11200,4,151,50,1140,172,6,"East TN",2455501,173.976715953282,0.107594936708861,456.118730963661,32.3355600343881,10.7594936708861
2020-07-24,19015,603,18582,590,433,13,21505,684,300975,5807,322480,6491,2,153,34,1174,179,7,"East TN",2455501,179.474575656862,0.107476538708541,264.345239525457,24.55710667599,10.7476538708541
2020-07-25,19992,977,19547,965,445,12,22706,1201,310582,9607,333288,10808,10,163,29,1203,187,8,"East TN",2455501,198.533822629272,0.113685591081613,440.154575379933,39.7882142992408,11.3685591081613
2020-07-26,20767,775,20307,760,460,15,23603,897,318100,7518,341703,8415,1,164,21,1224,194,7,"East TN",2455501,210.506939317068,0.113603120429059,342.699921523143,31.5617871872176,11.3603120429059
2020-07-27,21412,645,20930,623,482,22,24308,705,322563,4463,346871,5168,6,170,38,1262,198,4,"East TN",2455501,219.059165522637,0.114191205551361,210.466214430375,26.2675519171037,11.4191205551361
2020-07-28,22227,815,21722,792,505,23,25280,972,330777,8214,356057,9186,7,177,50,1312,203,5,"East TN",2455501,211.484336597704,0.110680525877368,374.098809163588,33.190782654945,11.0680525877368
2020-07-29,22570,343,22054,332,516,11,25596,316,332347,1570,357943,1886,5,182,24,1336,212,9,"East TN",2455501,201.669638904647,0.108627760845844,76.807136303345,13.9686361357621,10.8627760845844
2020-07-30,23757,1187,23226,1172,531,15,26976,1380,344877,12530,371853,13910,5,187,46,1382,219,7,"East TN",2455501,217.674519375068,0.110178290133181,566.48317390219,48.3404405048094,11.0178290133181
2020-07-31,24379,622,23832,606,547,16,27630,654,348844,3967,376474,4621,6,193,27,1409,228,9,"East TN",2455501,218.448292222239,0.11343853020706,188.189701409203,25.3308795231604,11.343853020706
2020-08-01,24938,559,24374,542,564,17,28266,636,355819,6975,384085,7611,1,194,16,1425,231,3,"East TN",2455501,201.425289584488,0.109455282792291,309.957112621823,22.7652116614899,10.9455282792291
2020-08-02,25369,431,24794,420,575,11,28749,483,359614,3795,388363,4278,4,198,21,1446,236,5,"East TN",2455501,187.415928562033,0.110287183883412,174.221065273441,17.5524261647623,11.0287183883412
2020-08-03,25995,626,25402,608,593,18,29457,708,363758,4144,393215,4852,3,201,39,1485,244,8,"East TN",2455501,186.642155714862,0.111103918522355,197.597150235329,25.4937790699332,11.1103918522355
2020-08-04,26481,486,25868,466,613,20,29983,526,369128,5370,399111,5896,6,207,34,1519,253,9,"East TN",2455501,173.243667992805,0.109234914293678,240.113931943013,19.7922949328874,10.9234914293678
2020-08-05,26949,468,26328,460,621,8,30504,521,373340,4212,403844,4733,9,216,20,1539,259,6,"East TN",2455501,178.334278829453,0.106925775037581,192.75088871884,19.0592469724101,10.6925775037581
2020-08-06,27679,730,27020,692,659,38,31355,851,380409,7069,411764,7920,7,223,37,1576,265,6,"East TN",2455501,159.723005610668,0.109719125053243,322.541102610017,29.7291672860243,10.9719125053243
2020-08-07,28234,555,27561,541,673,14,31974,619,384377,3968,416351,4587,6,229,34,1610,278,13,"East TN",2455501,156.994438202224,0.108934975048273,186.805055261635,22.6023121147171,10.8934975048273
2020-08-08,28909,675,28224,663,685,12,32774,800,394454,10077,427228,10877,8,237,24,1634,289,11,"East TN",2455501,161.718525058634,0.104489720232714,442.964592561762,27.4892985178992,10.4489720232714
2020-08-09,29437,528,28740,516,697,12,33408,634,398755,4301,432163,4935,2,239,20,1654,296,7,"East TN",2455501,165.668839067873,0.106369863013699,200.977315830863,21.5027401740012,10.6369863013699
2020-08-10,29740,303,29032,292,708,11,33736,328,401044,2289,434780,2617,3,242,26,1680,300,4,"East TN",2455501,152.514700665974,0.102947191146397,106.577028476063,12.3396406680348,10.2947191146397
2020-08-11,30352,612,29627,595,725,17,34421,685,407141,6097,441562,6782,17,259,28,1708,305,5,"East TN",2455501,157.646036389315,0.104544062566253,276.196181553174,24.9236306562286,10.4544062566253
2020-08-12,30797,445,30051,424,746,21,34895,474,410889,3748,445784,4222,6,265,25,1733,310,5,"East TN",2455501,156.709363995372,0.104697186456843,171.940471618623,18.1225745784669,10.4697186456843
2020-08-13,31614,817,30855,804,759,13,36012,1117,419450,8561,455462,9678,6,271,44,1777,318,8,"East TN",2455501,160.252429137679,0.106572383175431,394.135453416635,33.2722324283313,10.6572383175431
2020-08-14,32075,461,31287,432,788,29,36546,534,424106,4656,460652,5190,4,275,18,1795,325,7,"East TN",2455501,156.42428978852,0.103203087966412,211.362161937625,18.7741727655578,10.3203087966412
2020-08-15,32725,650,31925,638,800,12,37423,877,431041,6935,468464,7812,4,279,17,1812,334,9,"East TN",2455501,155.40616762119,0.112741294014938,318.142814847153,26.4711763505696,11.2741294014938
2020-08-16,33199,474,32388,463,811,11,38016,593,436505,5464,474521,6057,2,281,10,1822,343,9,"East TN",2455501,153.207023739758,0.108787005996506,246.670638700615,19.3035962925692,10.8787005996506
2020-08-17,33472,273,32591,203,881,70,38243,227,437974,1469,476217,1696,8,289,12,1834,349,6,"East TN",2455501,151.985277138963,0.108767526606656,69.0694078316401,11.1178940672392,10.8767526606656
2020-08-18,34102,630,33156,565,946,65,39055,812,448566,10592,487621,11404,8,297,22,1856,352,3,"East TN",2455501,152.71832509944,0.100610087062246,464.42660784907,25.6566786167059,10.0610087062246
2020-08-19,34557,455,33590,434,967,21,39552,497,453349,4783,492901,5280,7,304,22,1878,359,7,"East TN",2455501,153.125573966372,0.0988390602118131,215.027401740011,18.5298234453987,9.88390602118131
2020-08-20,35333,776,34345,755,988,21,40424,872,464881,11532,505305,12404,6,310,27,1905,367,8,"East TN",2455501,151.455853611951,0.0885179463515438,505.151494542254,31.6025120739108,8.85179463515438
2020-08-21,35542,209,34542,197,1000,12,40637,213,467332,2451,507969,2664,17,327,17,1922,374,7,"East TN",2455501,141.193182165269,0.0864594120506372,108.491098150642,8.51150131887546,8.64594120506372
2020-08-22,36411,869,35399,857,1012,12,41609,972,480698,13366,522307,14338,2,329,20,1942,381,7,"East TN",2455501,150.111932351076,0.0777445536095686,583.913425406872,35.3899265363769,7.77445536095686
2020-08-23,36664,253,35641,242,1023,11,41863,254,485802,5104,527665,5358,0,329,20,1962,386,5,"East TN",2455501,141.111732391883,0.072388228210146,218.20394290208,10.3033963333756,7.2388228210146
2020-08-24,36856,192,35816,175,1040,17,42061,198,487145,1343,529206,1541,8,337,15,1977,396,10,"East TN",2455501,137.813016569735,0.072052690180981,62.7570503941965,7.81917824509133,7.2052690180981
2020-08-25,37470,614,36405,589,1065,25,42746,685,496872,9727,539618,10412,16,353,23,2000,405,9,"East TN",2455501,137.161418382644,0.0709848645114141,424.027520249432,25.005080429615,7.09848645114141
2020-08-26,37813,343,36723,318,1090,25,43129,383,500834,3962,543963,4345,6,359,11,2011,413,8,"East TN",2455501,132.600231073007,0.0700520935333516,176.949632681884,13.9686361357621,7.00520935333516
2020-08-27,38674,861,37567,844,1107,17,44105,976,511121,10287,555226,11263,8,367,29,2040,420,7,"East TN",2455501,136.061846441928,0.0737365036758078,458.684398825331,35.0641274428314,7.37365036758078
2020-08-28,39008,334,37881,314,1127,20,44443,338,513730,2609,558173,2947,12,379,10,2050,426,6,"East TN",2455501,141.152457278576,0.0758106923751096,120.016241084813,13.6021121555235,7.58106923751096
2020-08-29,39459,451,38316,435,1143,16,44971,528,520249,6519,565220,7047,8,387,16,2066,435,9,"East TN",2455501,124.129454640825,0.0783445575932701,286.988276526868,18.366923898626,7.83445575932701
2020-08-30,39722,263,38568,252,1154,11,45238,267,522130,1881,567368,2148,8,395,14,2080,438,3,"East TN",2455501,124.536703507757,0.0850061708183261,87.4770566169592,10.7106452003074,8.50061708183261
2020-08-31,40129,407,38946,378,1183,29,45688,450,525616,3486,571304,3936,2,397,17,2097,443,5,"East TN",2455501,133.292554146791,0.0861561119293078,160.293154024372,16.5750288841259,8.61561119293078
2020-09-01,40736,607,39511,565,1225,42,46362,674,531279,5663,577641,6337,6,403,28,2125,452,9,"East TN",2455501,133.007479939939,0.0951003340083634,258.073606974707,24.7200062227627,9.51003340083634
2020-09-02,41224,488,39970,459,1254,29,46815,453,536072,4793,582887,5246,7,410,22,2147,459,7,"East TN",2455501,138.912588510451,0.0946973589559141,213.642755592443,19.8737447062738,9.46973589559141
2020-09-03,41779,555,40492,522,1287,33,47462,647,544328,8256,591790,8903,6,416,22,2169,462,3,"East TN",2455501,126.450773182336,0.0918116179849032,362.573666229417,22.6023121147171,9.18116179849032
2020-09-04,42136,357,40835,343,1301,14,47810,348,547660,3332,595470,3680,7,423,11,2180,463,1,"East TN",2455501,127.38744557628,0.0902753572673405,149.867583030917,14.5387845494667,9.02753572673405
2020-09-05,43134,998,41818,983,1316,15,48900,1090,556971,9311,605871,10401,1,424,26,2206,469,6,"East TN",2455501,149.663958597451,0.0966519888809623,423.579546495807,40.6434369197976,9.66519888809623
2020-09-06,43397,263,42065,247,1332,16,49168,268,559595,2624,608763,2892,0,424,9,2215,483,14,"East TN",2455501,149.663958597451,0.0949390022949632,117.776372316688,10.7106452003074,9.49390022949632
2020-09-07,43601,204,42262,197,1339,7,49405,237,560931,1336,610336,1573,3,427,13,2228,487,4,"East TN",2455501,141.396806598735,0.0952295552367288,64.0602467683784,8.30787688540954,9.52295552367288
2020-09-08,43912,311,42551,289,1361,22,49725,320,564356,3425,614081,3745,7,434,24,2252,494,7,"East TN",2455501,129.342240137552,0.0922886937431394,152.514700665974,12.6654397615802,9.22886937431394
2020-09-09,44245,333,42867,316,1378,17,50099,374,569498,5142,619597,5516,6,440,16,2268,501,7,"East TN",2455501,123.029882700109,0.0894579133751022,224.638474999603,13.5613872688303,8.94579133751022
2020-09-10,44920,675,43505,638,1415,37,50806,707,577304,7806,628110,8513,18,458,39,2307,512,11,"East TN",2455501,127.916869103291,0.0920704845814978,346.690960419075,27.4892985178992,9.20704845814978
2020-09-11,45245,325,43807,302,1438,23,51160,354,581459,4155,632619,4509,17,475,26,2333,523,11,"East TN",2455501,126.613672729109,0.0901773937387278,183.628514099567,13.2355881752848,9.01773937387278
2020-09-12,45663,418,44207,400,1456,18,51671,511,588443,6984,640114,7495,10,485,14,2347,534,11,"East TN",2455501,102.993238447062,0.0809216482200742,305.233025765414,17.0230026377509,8.09216482200742
2020-09-13,46102,439,44626,419,1476,20,52171,500,594017,5574,646188,6074,2,487,21,2368,539,5,"East TN",2455501,110.160818505063,0.0802404809619238,247.3629617744,17.8782252583078,8.02404809619238
2020-09-14,46546,444,45055,429,1491,15,52656,485,598990,4973,651646,5458,9,496,25,2393,549,10,"East TN",2455501,119.934791311427,0.0786976519002663,222.276431571398,18.0818496917737,7.86976519002663
2020-09-15,47039,493,45511,456,1528,37,53196,540,607164,8174,660360,8714,7,503,20,2413,552,3,"East TN",2455501,127.346720689586,0.0750016206054582,354.876662644405,20.0773691397397,7.50016206054582
2020-09-16,47392,353,45821,310,1571,43,53590,394,610578,3414,664168,3808,6,509,17,2430,561,9,"East TN",2455501,128.16121842345,0.0783244710686321,155.080368527645,14.375885002694,7.83244710686321
2020-09-17,47943,551,46340,519,1603,32,54167,577,617753,7175,671920,7752,8,517,21,2451,572,11,"East TN",2455501,123.111332473495,0.0767176443734307,315.699321645562,22.4394125679444,7.67176443734307
2020-09-18,48477,534,46826,486,1651,48,54733,566,625866,8113,680599,8679,17,534,30,2481,578,6,"East TN",2455501,131.622833792371,0.074468528553564,353.451291610144,21.7470894941603,7.4468528553564
2020-09-19,48985,508,47311,485,1674,23,55306,573,634218,8352,689524,8925,3,537,30,2511,580,2,"East TN",2455501,135.288073594757,0.0735681036227484,363.469613736667,20.6882424401375,7.35681036227484
2020-09-20,49291,306,47592,281,1699,25,55635,329,639176,4958,694811,5287,1,538,13,2524,591,11,"East TN",2455501,129.871663664564,0.0712420048125373,215.312475946864,12.4618153281143,7.12420048125373
2020-09-21,49454,163,47725,133,1729,30,55787,152,640692,1516,696479,1668,3,541,9,2533,596,5,"East TN",2455501,118.427970503779,0.0698369504605982,67.9291110042309,6.63815653098899,6.98369504605982
2020-09-22,49914,460,48127,402,1787,58,56277,490,646841,6149,703118,6639,6,547,29,2562,603,7,"East TN",2455501,117.084049242904,0.0720566911455166,270.372522756049,18.7334478788646,7.20566911455166
2020-09-23,50208,294,48381,254,1827,40,56559,282,648934,2093,705493,2375,8,555,13,2575,612,9,"East TN",2455501,114.681280928006,0.0718451300665457,96.721605896312,11.9731166877961,7.18451300665457
2020-09-24,50671,463,48823,442,1848,21,57039,480,655824,6890,712863,7370,11,566,28,2603,617,5,"East TN",2455501,111.097490899006,0.0701463009549862,300.142414928766,18.8556225389442,7.01463009549862
2020-09-25,51125,454,49253,430,1872,24,57525,486,662498,6674,720023,7160,11,577,18,2621,624,7,"East TN",2455501,107.839499963551,0.0708198051948052,291.590188723197,18.4890985587055,7.08198051948052
2020-09-26,51683,558,49787,534,1896,24,58163,638,673052,10554,731215,11192,5,582,29,2650,631,7,"East TN",2455501,109.87574429821,0.0685279796598786,455.792931870115,22.7244867747967,6.85279796598786
2020-09-27,52076,393,50152,365,1924,28,58570,407,679069,6017,737639,6424,3,585,30,2680,638,7,"East TN",2455501,113.418809440517,0.0685299336882413,261.616672117014,16.0048804704213,6.85299336882413
2020-09-28,52310,234,50347,195,1963,39,58795,225,680755,1686,739550,1911,4,589,15,2695,645,7,"East TN",2455501,116.310276395733,0.0698381741775208,77.8252584706746,9.52962348620506,6.98381741775208
2020-09-29,52693,383,50687,340,2006,43,59192,397,686563,5808,745755,6205,9,598,33,2728,647,2,"East TN",2455501,113.174460120358,0.0683678495203696,252.697921931207,15.5976316034895,6.83678495203696
2020-09-30,53175,482,51137,450,2038,32,59668,476,690001,3438,749669,3914,6,604,23,2751,651,4,"East TN",2455501,120.830738818677,0.0703775805867439,159.397206517122,19.6293953861147,7.0377580586744
2020-10-01,53563,388,51486,349,2077,39,60047,379,693279,3278,753326,3657,11,615,31,2782,656,5,"East TN",2455501,117.776372316688,0.0743395200553592,148.930910636974,15.8012560369554,7.43395200553592
2020-10-02,54027,464,51922,436,2105,28,60509,462,696900,3621,757409,4083,2,617,17,2799,660,4,"East TN",2455501,118.18362118362,0.079815973893971,166.27971236827,18.8963474256374,7.9815973893971
2020-10-03,54432,405,52310,388,2122,17,60992,483,704358,7458,765350,7941,12,629,22,2821,666,6,"East TN",2455501,111.952713519563,0.082876812655632,323.396325230574,16.4935791107395,8.2876812655632
2020-10-04,54887,455,52735,425,2152,30,61531,539,714480,10122,776011,10661,4,633,27,2848,679,13,"East TN",2455501,114.47765649454,0.0771656416136766,434.168017036035,18.5298234453987,7.71656416136766
2020-10-05,55558,671,53347,612,2211,59,62282,751,721729,7249,784011,8000,5,638,42,2890,688,9,"East TN",2455501,132.274431979462,0.0784282854636648,325.799093545472,27.3263989711265,7.84282854636648
2020-10-06,56308,750,54013,666,2295,84,63021,739,728366,6637,791387,7376,8,646,46,2936,697,9,"East TN",2455501,147.22046539586,0.0839104137447405,300.386764248925,30.543665019888,8.39104137447405
2020-10-07,57045,737,54672,659,2373,78,63729,708,735117,6751,798846,7459,3,649,38,2974,703,6,"East TN",2455501,157.605311502622,0.0825792545295565,303.766929844459,30.0142414928766,8.25792545295565
2020-10-08,57763,718,55329,657,2434,61,64407,678,741575,6458,805982,7136,10,659,32,3006,709,6,"East TN",2455501,171.044524111373,0.082801580066849,290.612791442561,29.2404686457061,8.2801580066849
2020-10-09,58304,541,55828,499,2476,42,64967,560,747054,5479,812021,6039,4,663,20,3026,716,7,"East TN",2455501,174.180340386748,0.0816304108987036,245.937590740138,22.0321637010125,8.16304108987036
2020-10-10,58922,618,56416,588,2506,30,65636,669,755480,8426,821116,9095,12,675,20,3046,730,14,"East TN",2455501,182.854741252396,0.08327654843453,370.392844474508,25.1679799763877,8.327654843453
2020-10-11,59865,943,57328,912,2537,31,66665,1029,765906,10426,832571,11455,1,676,37,3083,737,7,"East TN",2455501,202.72848595867,0.0907708628005658,466.503577070423,38.4035681516725,9.07708628005658
2020-10-12,60221,356,57613,285,2608,71,66982,317,768827,2921,835809,3238,6,682,19,3102,748,11,"East TN",2455501,189.900146650317,0.0907370940962972,131.86718311253,14.4980596627735,9.07370940962972
2020-10-13,60726,505,58066,453,2660,52,67466,484,773208,4381,840674,4865,9,691,24,3126,755,7,"East TN",2455501,179.922549410487,0.0901860531174549,198.12657376234,20.5660677800579,9.01860531174549
2020-10-14,61600,874,58878,812,2722,62,68314,848,779392,6184,847706,7032,1,692,44,3170,762,7,"East TN",2455501,185.501858887453,0.0938395415472779,286.37740322647,35.5935509698428,9.38395415472779
2020-10-15,62109,509,59318,440,2791,69,68779,465,783545,4153,852324,4618,14,706,19,3189,771,9,"East TN",2455501,176.990357568578,0.0943420655129256,188.067526749124,20.7289673268307,9.43420655129256
2020-10-16,62748,639,59914,596,2834,43,69363,584,787634,4089,856997,4673,2,708,22,3211,783,12,"East TN",2455501,180.98139646451,0.097741017431519,190.307395517249,26.0232025969446,9.7741017431519
2020-10-17,63466,718,60595,681,2871,37,70223,860,796417,8783,866640,9643,6,714,37,3248,790,7,"East TN",2455501,185.053885133828,0.100760038660926,392.710082382373,29.2404686457061,10.0760038660926
2020-10-18,64270,804,61353,758,2917,46,71093,870,804525,8108,875618,8978,3,717,39,3287,798,8,"East TN",2455501,179.393125883476,0.102864311101819,365.628032731406,32.7428089013199,10.2864311101819
2020-10-19,65018,748,62038,685,2980,63,71852,759,809423,4898,881275,5657,3,720,67,3354,809,11,"East TN",2455501,195.357281467204,0.107113007522104,230.380684023342,30.4622152465016,10.7113007522104
2020-10-20,65704,686,62647,609,3057,77,72543,691,813037,3614,885580,4305,15,735,32,3386,822,13,"East TN",2455501,202.72848595867,0.113058388634036,175.320637214157,27.9372722715242,11.3058388634036
2020-10-21,66297,593,63199,552,3098,41,73159,616,816780,3743,889939,4359,5,740,27,3413,836,14,"East TN",2455501,191.284792797885,0.114720716027751,177.519781095589,24.1498578090581,11.4720716027751
2020-10-22,67427,1130,64235,1036,3192,94,74260,1101,825344,8564,899604,9665,10,750,43,3456,851,15,"East TN",2455501,216.574947434353,0.115926395939086,393.606029889623,46.0191219632979,11.5926395939086
2020-10-23,68398,971,65139,904,3259,67,75230,970,832460,7116,907690,8086,19,769,39,3495,859,8,"East TN",2455501,230.09560981649,0.115735900420176,329.301433801086,39.5438649790817,11.5735900420176
2020-10-24,69635,1237,66314,1175,3321,62,76557,1327,842981,10521,919538,11848,12,781,50,3545,876,17,"East TN",2455501,251.231826010252,0.119739876743922,482.508457540844,50.3766848394686,11.9739876743922
2020-10-25,70564,929,67186,872,3378,57,77604,1047,850856,7875,928460,8922,9,790,43,3588,887,11,"East TN",2455501,256.3224368469,0.123216380909125,363.347439076588,37.8334197379679,12.3216380909125
2020-10-26,71026,462,67592,406,3434,56,78038,434,853611,2755,931649,3189,6,796,21,3609,900,13,"East TN",2455501,244.675119252649,0.122801445189979,129.871663664564,18.814897652251,12.2801445189979
2020-10-27,71868,842,68304,712,3564,130,78821,783,857995,4384,936816,5167,12,808,54,3663,924,24,"East TN",2455501,251.028201576786,0.122531032867515,210.425489543682,34.2903545956609,12.2531032867515
2020-10-28,72865,997,69215,911,3650,86,79791,970,865211,7216,945002,8186,13,821,41,3704,938,14,"East TN",2455501,267.481055800833,0.120443855220384,333.373922470404,40.6027120331044,12.0443855220384
2020-10-29,73773,908,70008,793,3765,115,80625,834,871713,6502,952338,7336,11,832,40,3744,950,12,"East TN",2455501,258.440130954946,0.120700117571206,298.757768781198,36.9781971174111,12.0700117571206
2020-10-30,74673,900,70815,807,3858,93,81465,840,876569,4856,958034,5696,28,860,39,3783,966,16,"East TN",2455501,255.54866399973,0.123847926267281,231.968954604376,36.6523980238656,12.3847926267281
2020-10-31,74687,14,70829,14,3858,0,81481,16,876590,21,958071,37,5,865,0,3783,977,11,"East TN",2455501,205.742127573966,0.127786572548205,1.50682080764781,0.570148413704576,12.7786572548205
2020-11-01,75194,507,71219,390,3975,117,81951,470,883153,6563,965104,7033,0,865,27,3810,993,16,"East TN",2455501,188.556225389442,0.118627879052505,286.418128113163,20.6475175534443,11.8627879052505
2020-11-02,76004,810,71961,742,4043,68,82726,775,887381,4228,970107,5003,11,876,38,3848,1007,14,"East TN",2455501,202.72848595867,0.121899214727755,203.746608126,32.987158221479,12.1899214727755
2020-11-03,77044,1040,72921,960,4123,80,83802,1076,894243,6862,978045,7938,31,907,29,3877,1020,13,"East TN",2455501,210.79201352392,0.120813019961677,323.274150570495,42.3538821609114,12.0813019961677
2020-11-04,77955,911,73733,812,4222,99,84649,847,899128,4885,983777,5732,6,913,35,3912,1044,24,"East TN",2455501,207.289673268307,0.12528691166989,233.435050525331,37.1003717774906,12.528691166989
2020-11-05,78533,578,74217,484,4316,94,85150,501,901789,2661,986939,3162,17,930,27,3939,1058,14,"East TN",2455501,193.850460659556,0.130776567151238,128.772091723848,23.5389845086603,13.0776567151238
2020-11-06,79499,966,75066,849,4433,117,86077,927,908196,6407,994273,7334,10,940,37,3976,1082,24,"East TN",2455501,196.538303181306,0.127266204917354,298.676319007811,39.3402405456157,12.7266204917354
2020-11-07,80826,1327,76307,1241,4519,86,87496,1419,919116,10920,1006612,12339,21,961,52,4028,1092,10,"East TN",2455501,250.010079409457,0.123915864938918,502.504376907197,54.0419246418552,12.3915864938918
2020-11-08,82383,1557,77746,1439,4637,118,89163,1667,932015,12899,1021178,14566,3,964,52,4080,1109,17,"East TN",2455501,292.7712104373,0.128615757748689,593.198699572918,63.4086485812875,12.8615757748689
2020-11-09,83002,619,78285,539,4717,80,89743,580,935467,3452,1025210,4032,9,973,19,4099,1120,11,"East TN",2455501,284.992757078902,0.127343338838176,164.202743146918,25.2087048630809,12.7343338838176
2020-11-10,83941,939,79135,850,4806,89,90666,923,940468,5001,1031134,5924,27,1000,44,4143,1138,18,"East TN",2455501,280.87954352289,0.12929232044303,241.254228770422,38.2406686048998,12.929232044303
2020-11-11,85245,1304,80235,1100,5010,204,91835,1169,947015,6547,1038850,7716,26,1026,59,4202,1152,14,"East TN",2455501,296.884423993311,0.130481361102537,314.233225724608,53.1052522479119,13.0481361102537
2020-11-12,86082,837,80940,705,5142,132,92599,764,951228,4213,1043827,4977,15,1041,34,4236,1170,18,"East TN",2455501,307.432169646846,0.130941499085923,202.687761071977,34.086730162195,13.0941499085923
2020-11-13,87540,1458,82227,1287,5313,171,93898,1299,957087,5859,1050985,7158,27,1068,47,4283,1186,16,"East TN",2455501,327.468813899893,0.137907321201862,291.508738949811,59.3768847986623,13.7907321201862
2020-11-14,89015,1475,83618,1391,5397,84,95433,1535,965982,8895,1061415,10430,7,1075,52,4335,1215,29,"East TN",2455501,333.496097130484,0.144827837892086,424.760568209909,60.0692078724464,14.4827837892086
2020-11-15,90967,1952,85351,1733,5616,219,97393,1960,977151,11169,1074544,13129,7,1082,56,4391,1232,17,"East TN",2455501,349.582427374291,0.154218041449612,534.677037394813,79.4949788250952,15.4218041449612
2020-11-16,92492,1525,86750,1399,5742,126,98930,1537,984770,7619,1083700,9156,10,1092,41,4432,1251,19,"East TN",2455501,386.479174718316,0.157069584544367,372.877062562793,62.1054522071056,15.7069584544367
2020-11-17,93704,1212,87869,1119,5835,93,100151,1221,989913,5143,1090064,6364,31,1123,46,4478,1278,27,"East TN",2455501,397.597068785555,0.160953673850331,259.173178915423,49.358562672139,16.0953673850331
2020-11-18,94902,1198,88825,956,6077,242,101184,1033,995057,5144,1096241,6177,14,1137,53,4531,1293,15,"East TN",2455501,393.280230796078,0.162900106288442,251.557625103798,48.7884142584344,16.2900106288442
2020-11-19,95982,1080,89706,881,6276,199,102043,859,999718,4661,1101761,5520,45,1182,52,4583,1313,20,"East TN",2455501,403.176378262522,0.163013083854041,224.801374546376,43.9828776286387,16.3013083854041
2020-11-20,97108,1126,90669,963,6439,163,103066,1023,1004617,4899,1107683,5922,28,1210,36,4619,1339,26,"East TN",2455501,389.655715880384,0.161698825355392,241.172778997036,45.8562224165252,16.1698825355392
2020-11-21,98326,1218,91733,1064,6593,154,104165,1099,1011023,6406,1115188,7505,3,1213,47,4666,1363,24,"East TN",2455501,379.189420000236,0.162386327710933,305.640274632346,49.6029119922981,16.2386327710933
2020-11-22,99912,1586,93162,1429,6750,157,105831,1666,1020624,9601,1126455,11267,17,1230,57,4723,1390,27,"East TN",2455501,364.284111470531,0.162547436959411,458.847298372104,64.5896702953898,16.2547436959411
2020-11-23,100803,891,93920,758,6883,133,106533,702,1023740,3116,1130273,3818,18,1248,35,4758,1417,27,"East TN",2455501,338.464533307052,0.163249092822021,155.487617394577,36.2858740436269,16.3249092822021
2020-11-24,101714,911,94655,735,7059,176,107238,705,1026767,3027,1134005,3732,13,1261,57,4815,1445,28,"East TN",2455501,326.206342412404,0.161284449602877,151.985277138963,37.1003717774906,16.1284449602877
2020-11-25,102620,906,95341,686,7279,220,107783,545,1029075,2308,1136858,2853,38,1299,56,4871,1470,25,"East TN",2455501,314.314675497994,0.162468916955954,116.188101735654,36.8967473440247,16.2468916955954
2020-11-26,104085,1465,96728,1387,7357,78,109452,1669,1037440,8365,1146892,10034,18,1317,25,4896,1489,19,"East TN",2455501,329.99375687487,0.164166537413308,408.633513079408,59.6619590055146,16.4166537413308
2020-11-27,105788,1703,98294,1566,7494,137,111201,1749,1044979,7539,1156180,9288,5,1322,50,4946,1517,28,"East TN",2455501,353.492016496837,0.167742334577397,378.252747606293,69.3544820384923,16.7742334577397
2020-11-28,107412,1624,99674,1380,7738,244,112695,1494,1052509,7530,1165204,9024,2,1324,45,4991,1545,28,"East TN",2455501,370.02632049427,0.170545425463852,367.501377519292,66.1372159897308,17.0545425463852
2020-11-29,109699,2287,101794,2120,7905,167,115020,2325,1063204,10695,1178224,13020,4,1328,51,5042,1570,25,"East TN",2455501,398.574466066192,0.177500048291449,530.238024745256,93.1378158673118,17.7500048291449
2020-11-30,111933,2234,103799,2005,8134,229,117240,2220,1072654,9450,1189894,11670,15,1343,53,5095,1601,31,"East TN",2455501,453.267988895138,0.179584374633099,475.259427709457,90.979396872573,17.9584374633099
2020-12-01,114194,2261,105805,2006,8389,255,119378,2138,1081489,8835,1200867,10973,20,1363,63,5158,1629,28,"East TN",2455501,508.246585930936,0.181568005743173,446.874181684308,92.078968813289,18.1568005743172
2020-12-02,115251,1057,106718,913,8533,144,120254,876,1084397,2908,1204651,3784,15,1378,42,5200,1662,33,"East TN",2455501,514.396043821607,0.183957045712684,154.102971247008,43.0462052346955,18.3957045712684
2020-12-03,117059,1808,108287,1569,8772,239,121976,1722,1090388,5991,1212364,7713,33,1411,45,5245,1683,21,"East TN",2455501,528.364679957369,0.191287878787879,314.111051064528,73.6305951412767,19.1287878787879
2020-12-04,118788,1729,109675,1388,9113,341,123434,1458,1095908,5520,1219342,6978,37,1448,36,5281,1718,35,"East TN",2455501,529.423527011392,0.193676577689117,284.178259345038,70.4133290925151,19.3676577689117
2020-12-05,119921,1133,110584,909,9337,224,124363,929,1098972,3064,1223335,3993,5,1453,24,5305,1744,26,"East TN",2455501,509.427607645039,0.200719065558824,162.614472565884,46.1412966233775,20.0719065558824
2020-12-06,121390,1469,111847,1263,9543,206,125604,1241,1103464,4492,1229068,5733,20,1473,40,5345,1780,36,"East TN",2455501,476.114650330014,0.20816615529856,233.475775412024,59.8248585522873,20.816615529856
2020-12-07,124113,2723,114252,2405,9861,318,128175,2571,1113010,9546,1241185,12117,31,1504,51,5396,1802,22,"East TN",2455501,496.029119922981,0.2131952974206,493.46345206131,110.89386646554,21.31952974206
2020-12-08,126877,2764,116615,2363,10262,401,130706,2531,1121369,8359,1252075,10890,45,1549,71,5467,1826,24,"East TN",2455501,516.513737929653,0.221215435088267,443.494016088774,112.563586819961,22.1215435088267
2020-12-09,129521,2644,118998,2383,10523,261,133283,2577,1128467,7098,1261750,9675,21,1570,56,5523,1849,23,"East TN",2455501,581.144133111736,0.228182630168654,394.013278756555,107.676600416778,22.8182630168654
2020-12-10,132596,3075,121680,2682,10916,393,136233,2950,1139936,11469,1276169,14419,30,1600,74,5597,1886,37,"East TN",2455501,632.742564552,0.223446438366899,587.21214122902,125.229026581541,22.3446438366899
2020-12-11,134580,1984,123428,1748,11152,236,138023,1790,1147107,7171,1285130,8961,35,1635,50,5647,1911,25,"East TN",2455501,643.127410658762,0.221757767373989,364.935709657622,80.798175199277,22.1757767373989
2020-12-12,137841,3261,126155,2727,11686,534,140997,2974,1158339,11232,1299336,14206,21,1656,73,5720,1936,25,"East TN",2455501,729.789969541857,0.218865541242878,578.537740363372,132.803855506473,21.8865541242878
2020-12-13,142131,4290,130014,3859,12117,431,145361,4364,1175619,17280,1320980,21644,15,1671,62,5782,1970,34,"East TN",2455501,844.674874903329,0.214955609713639,881.449447587274,174.709763913759,21.4955609713639
2020-12-14,144990,2859,132471,2457,12519,402,148034,2673,1184897,9278,1332931,11951,37,1708,72,5854,2004,34,"East TN",2455501,850.213459493602,0.216456303272077,486.703120870242,116.432451055813,21.6456303272077
2020-12-15,149116,4126,136011,3540,13105,586,151897,3863,1199918,15021,1351815,18884,34,1742,94,5948,2035,31,"East TN",2455501,905.680755169719,0.212462402245839,769.048760314087,168.030882496077,21.2462402245839
2020-12-16,152334,3218,138268,2257,14066,961,154283,2386,1207814,7896,1362097,10282,19,1761,60,6008,2077,42,"East TN",2455501,929.056840131607,0.209273819845137,418.733284979318,131.052685378666,20.9273819845137
2020-12-17,156401,4067,141640,3372,14761,695,157890,3607,1218513,10699,1376403,14306,58,1819,75,6083,2116,39,"East TN",2455501,969.455927731245,0.216064409282279,582.61022903269,165.628114181179,21.6064409282279
2020-12-18,159608,3207,144376,2736,15232,471,160769,2879,1227202,8689,1387971,11568,43,1862,62,6145,2146,30,"East TN",2455501,1019.26246415701,0.221176379070604,471.105489266752,130.604711625041,22.1176379070604
2020-12-19,162248,2640,146618,2242,15630,398,163237,2468,1235565,8363,1398802,10831,27,1889,41,6186,2183,37,"East TN",2455501,993.972309520542,0.223593991916836,441.091247773876,107.513700870006,22.3593991916836
2020-12-20,165878,3630,149583,2965,16295,665,166553,3316,1249508,13943,1416061,17259,16,1905,55,6241,2217,34,"East TN",2455501,967.09388430304,0.222883646575026,702.870819437663,147.831338696258,22.2883646575026
2020-12-21,168191,2313,151325,1742,16866,571,168456,1903,1256420,6912,1424876,8815,14,1919,35,6276,2252,35,"East TN",2455501,944.858096168562,0.222111044646256,358.989876200417,94.1966629213346,22.2111044646256
2020-12-22,170845,2654,153026,1701,17819,953,170255,1799,1261473,5053,1431728,6852,62,1981,60,6336,2297,45,"East TN",2455501,884.911062956195,0.229724825748001,279.046923621697,108.08384928371,22.9724825748001
2020-12-23,173063,2218,154472,1446,18591,772,171795,1540,1267250,5777,1439045,7317,41,2022,35,6371,2337,40,"East TN",2455501,844.186176263011,0.227582263346676,297.983995934027,90.3277986854821,22.7582263346676
2020-12-24,175155,2092,155930,1458,19225,634,173393,1598,1273539,6289,1446932,7887,15,2037,30,6401,2375,38,"East TN",2455501,763.754525043973,0.219810290802365,321.197181349142,85.1964629621409,21.9810290802365
2020-12-25,177521,2366,157909,1979,19612,387,175559,2166,1282086,8547,1457645,10713,3,2040,27,6428,2411,36,"East TN",2455501,729.504895335005,0.212274306053908,436.28571114408,96.3550819160733,21.2274306053908
2020-12-26,179460,1939,159376,1467,20084,472,177171,1612,1287739,5653,1464910,7265,2,2042,43,6471,2449,38,"East TN",2455501,700.956749763083,0.210776305439584,295.866301825982,78.9655552980838,21.0776305439584
2020-12-27,180756,1296,160286,910,20470,386,178161,990,1290532,2793,1468693,3783,27,2069,41,6512,2480,31,"East TN",2455501,605.904864221191,0.220550235598115,154.062246360315,52.7794531543665,22.0550235598115
2020-12-28,182152,1396,161264,978,20888,418,179181,1020,1292351,1819,1471532,2839,25,2094,42,6554,2517,37,"East TN",2455501,568.560143123542,0.229873971193416,115.617953321949,56.8519418236849,22.9873971193416
2020-12-29,185057,2905,162990,1726,22067,1179,180959,1778,1296438,4087,1477397,5865,50,2144,64,6618,2559,42,"East TN",2455501,578.782089683531,0.234382184851869,238.851460455524,118.3057958437,23.4382184851869
2020-12-30,187385,2328,164606,1616,22779,712,182636,1677,1300917,4479,1483553,6156,40,2184,44,6662,2597,38,"East TN",2455501,583.261827219781,0.243574188909859,250.702402483241,94.8075362217323,24.3574188909859
2020-12-31,190830,3445,167286,2680,23544,765,185531,2895,1308040,7123,1493571,10018,52,2236,30,6692,2640,43,"East TN",2455501,638.362598915659,0.26025429361693,407.981914892317,140.297234658019,26.025429361693
2021-01-01,193068,2238,169001,1715,24067,523,187387,1856,1312896,4856,1500283,6712,24,2260,31,6723,2680,40,"East TN",2455501,633.149813418932,0.277405131572775,273.345439484651,91.1422964193458,27.7405131572775
2021-01-02,195792,2724,171112,2111,24680,613,189632,2245,1317581,4685,1507213,6930,4,2264,65,6788,2717,37,"East TN",2455501,665.118849473081,0.29456539725315,282.223464783765,110.934591352233,29.456539725315
2021-01-03,197106,1314,172017,905,25089,409,190569,937,1320236,2655,1510805,3592,15,2279,25,6813,2761,44,"East TN",2455501,665.851897433558,0.294642857142857,146.283793001917,53.5125011148438,29.4642857142857
2021-01-04,198662,1556,173143,1126,25519,430,191746,1177,1322014,1778,1513760,2955,46,2325,34,6847,2811,50,"East TN",2455501,672.367879304468,0.29755138770484,120.342040178359,63.3679236945943,29.755138770484
2021-01-05,201557,2895,174876,1733,26681,1162,193568,1822,1325964,3950,1519532,5772,43,2368,61,6908,2855,44,"East TN",2455501,671.960630437536,0.299252402990388,235.064045993058,117.898546976768,29.9252402990388
2021-01-06,204097,2540,176668,1792,27429,748,195469,1901,1330185,4221,1525654,6122,52,2420,63,6971,2898,43,"East TN",2455501,680.594306416491,0.304814612479514,249.317756335672,103.441212200687,30.4814612479514
2021-01-07,206599,2502,178798,2130,27801,372,197785,2316,1335555,5370,1533340,7686,33,2453,45,7016,2930,32,"East TN",2455501,642.190738264818,0.308129447559657,313.011479123812,101.893666506346,30.8129447559657
2021-01-08,208941,2342,180651,1853,28290,489,199767,1982,1341285,5730,1541052,7712,50,2503,48,7064,2985,55,"East TN",2455501,646.42612648091,0.303662096200545,314.070326177835,95.3776846354369,30.3662096200545
2021-01-09,211510,2569,182649,1998,28861,571,201940,2173,1347336,6051,1549276,8224,27,2530,33,7097,3013,28,"East TN",2455501,640.113769043466,0.292608705988636,334.921468164745,104.62223391479,29.2608705988636
2021-01-10,213172,1662,183780,1131,29392,531,203188,1248,1351631,4295,1554819,5543,36,2566,41,7138,3053,40,"East TN",2455501,654.286029612694,0.286704230472123,225.738046940319,67.6847616840718,28.6704230472122
2021-01-11,214594,1422,184791,1011,29803,411,204285,1097,1354165,2534,1558450,3631,28,2594,41,7179,3093,40,"East TN",2455501,648.828894795807,0.28057731036026,147.872063582951,57.9107888777077,28.057731036026
2021-01-12,216410,1816,185926,1135,30484,681,205473,1188,1357243,3078,1562716,4266,60,2654,39,7218,3132,39,"East TN",2455501,604.886742053862,0.275680807706558,173.732366633123,73.9563942348221,27.5680807706558
2021-01-13,217932,1522,186997,1071,30935,451,206604,1131,1360833,3590,1567437,4721,49,2703,32,7250,3159,27,"East TN",2455501,563.428807400201,0.266495943326233,192.262190078522,61.983277547026,26.6495943326233
2021-01-14,220182,2250,188778,1781,31404,469,208567,1963,1367276,6443,1575843,8406,38,2741,50,7300,3201,42,"East TN",2455501,553.166135953518,0.253676211090982,342.333397542905,91.630995059664,25.3676211090982
2021-01-15,221145,963,189448,670,31697,293,209262,695,1369574,2298,1578836,2993,23,2764,30,7330,3242,41,"East TN",2455501,497.006517203618,0.251296845225492,121.8895858727,39.2180658855362,25.1296845225492
2021-01-16,223575,2430,191196,1748,32379,682,211261,1999,1377862,8288,1589123,10287,13,2777,56,7386,3285,43,"East TN",2455501,491.345757953265,0.23391974301704,418.936909412784,98.9614746644371,23.391974301704
2021-01-17,224431,856,191802,606,32629,250,211932,671,1380576,2714,1592508,3385,13,2790,24,7410,3319,34,"East TN",2455501,458.521499278559,0.232004033006978,137.853741456428,34.8605030093655,23.2004033006978
2021-01-18,224998,567,192124,322,32874,245,212286,354,1382178,1602,1594464,1956,13,2803,21,7431,3350,31,"East TN",2455501,423.701721155886,0.222163603043261,79.6578783718679,23.0910107550353,22.2163603043261
2021-01-19,226678,1680,193097,973,33581,707,213344,1058,1385461,3283,1598805,4341,21,2824,54,7485,3390,40,"East TN",2455501,418.163136565613,0.21809969796891,176.786733135112,68.4178096445491,21.809969796891
2021-01-20,227662,984,193755,658,33907,326,214040,696,1388548,3087,1602588,3783,32,2856,30,7515,3430,40,"East TN",2455501,396.25314752468,0.211544479531166,154.062246360315,40.073288506093,21.1544479531166
2021-01-21,229215,1553,194887,1132,34328,421,215309,1269,1393736,5188,1609045,6457,65,2921,36,7551,3475,45,"East TN",2455501,367.867901499531,0.203060056623095,262.960593377889,63.2457490345148,20.3060056623095
2021-01-22,230201,986,195591,704,34610,282,216123,814,1397640,3904,1613763,4718,32,2953,32,7583,3507,32,"East TN",2455501,368.804573893474,0.19643828556704,192.140015418442,40.1547382794794,19.643828556704
2021-01-23,231631,1430,196558,967,35073,463,217223,1100,1403839,6199,1621062,7299,19,2972,41,7624,3533,26,"East TN",2455501,328.07968720029,0.186668336516485,297.25094797355,58.2365879712531,18.6668336516485
2021-01-24,232251,620,197046,488,35205,132,217765,542,1406415,2576,1624180,3118,19,2991,20,7644,3561,28,"East TN",2455501,318.468613940699,0.184168982066178,126.980196709348,25.2494297497741,18.4168982066178
2021-01-25,232989,738,197556,510,35433,228,218314,549,1407767,1352,1626081,1901,44,3035,20,7664,3592,31,"East TN",2455501,325.432569565233,0.190656925071955,77.4180096037428,30.0549663795698,19.0656925071955
2021-01-26,234018,1029,198282,726,35736,303,219093,779,1410984,3217,1630077,3996,63,3098,26,7690,3616,24,"East TN",2455501,298.920668327971,0.18383857764134,162.736647225963,41.9059084072863,18.383857764134
2021-01-27,234972,954,198987,705,35985,249,219848,755,1414374,3390,1634222,4145,55,3153,28,7718,3639,23,"East TN",2455501,297.698921727175,0.183599924132263,168.804655343248,38.8515419052975,18.3599924132263
2021-01-28,236300,1328,199702,715,36598,613,220640,792,1417652,3278,1638292,4070,46,3199,29,7747,3667,28,"East TN",2455501,288.535822221209,0.182275105138989,165.750288841259,54.0826495285484,18.2275105138989
2021-01-29,236895,595,200054,352,36841,243,221037,397,1419710,2058,1640747,2455,17,3216,17,7764,3688,21,"East TN",2455501,272.612391524174,0.182107915801957,99.9795968317667,24.2313075824445,18.2107915801957
2021-01-30,238050,1155,201021,967,37029,188,222134,1097,1426535,6825,1648669,7922,44,3260,29,7793,3708,20,"East TN",2455501,261.413047683548,0.177889665664505,322.622552383404,47.0372441306275,17.7889665664505
2021-01-31,238727,677,201459,438,37268,239,222623,489,1429452,2917,1652075,3406,29,3289,30,7823,3727,19,"East TN",2455501,263.73436622506,0.174153074027604,138.708964076985,27.5707482912856,17.4153074027604
2021-02-01,239420,693,201869,410,37551,283,223066,443,1430767,1315,1653833,1758,39,3328,10,7833,3754,27,"East TN",2455501,261.901746323866,0.171230902277313,71.5943508066175,28.2223464783765,17.1230902277313
2021-02-02,239957,537,202216,347,37741,190,223425,359,1431590,823,1655015,1182,57,3385,13,7846,3770,16,"East TN",2455501,241.86510207082,0.173710802790921,48.1368160713435,21.8692641542398,17.3710802790921
2021-02-03,241066,1109,202973,757,38093,352,224249,824,1436002,4412,1660251,5236,46,3431,39,7885,3783,13,"East TN",2455501,248.177459508263,0.169080640823697,213.235506725511,45.1638993427411,16.9080640823697
2021-02-04,242160,1094,203753,780,38407,314,225111,862,1441738,5736,1666849,6598,58,3489,36,7921,3801,18,"East TN",2455501,238.647836022058,0.156564064852751,268.702802401628,44.5530260423433,15.6564064852751
2021-02-05,242974,814,204309,556,38665,258,225712,601,1444575,2837,1670287,3438,67,3556,30,7951,3815,14,"East TN",2455501,247.566586207866,0.158259986459039,140.012160451167,33.1500577682518,15.8259986459039
2021-02-06,244198,1224,205123,814,39075,410,226673,961,1451019,6444,1677692,7405,27,3583,22,7973,3844,29,"East TN",2455501,250.376603389695,0.15639320538883,301.567785963028,49.8472613124572,15.639320538883
2021-02-07,244714,516,205475,352,39239,164,227078,405,1453391,2372,1680469,2777,2,3585,10,7983,3861,17,"East TN",2455501,243.819896632093,0.156899344932028,113.093010346972,21.0140415336829,15.6899344932028
2021-02-08,245222,508,205771,296,39451,212,227393,315,1454402,1011,1681795,1326,32,3617,9,7992,3877,16,"East TN",2455501,236.285792593854,0.154745726342894,54.001199755162,20.6882424401375,15.4745726342894
2021-02-09,246246,1024,206400,629,39846,395,228056,663,1457619,3217,1685675,3880,16,3633,38,8030,3888,11,"East TN",2455501,256.118812413434,0.151043705153294,158.012560369554,41.7022839738204,15.1043705153294
2021-02-10,247092,846,206981,581,40111,265,228689,633,1461913,4294,1690602,4927,39,3672,30,8060,3901,13,"East TN",2455501,245.408167213127,0.146288425422556,200.651516737318,34.4532541424337,14.6288425422556
2021-02-11,247959,867,207564,583,40395,284,229338,649,1466242,4329,1695580,4978,37,3709,31,8091,3919,18,"East TN",2455501,236.163617933774,0.147123316278584,202.72848595867,35.3084767629905,14.7123316278584
2021-02-12,248788,829,208154,590,40634,239,229983,645,1470317,4075,1700300,4720,34,3743,12,8103,3928,9,"East TN",2455501,236.774491234172,0.142305001166161,192.221465191828,33.7609310686495,14.2305001166161
2021-02-13,249380,592,208525,371,40855,221,230417,434,1473528,3211,1703945,3645,12,3755,17,8120,3940,12,"East TN",2455501,211.03636284408,0.142612272883099,148.442211996656,24.1091329223649,14.2612272883099
2021-02-14,249917,537,208936,411,40981,126,230869,452,1475836,2308,1706705,2760,15,3770,17,8137,3953,13,"East TN",2455501,211.891585464636,0.144496112212227,112.400687273188,21.8692641542398,14.4496112212227
2021-02-15,250295,378,209146,210,41149,168,231097,228,1476840,1004,1707937,1232,5,3775,10,8147,3964,11,"East TN",2455501,206.597350194522,0.141687705607834,50.1730604060027,15.3940071700236,14.1687705607834
2021-02-16,251060,765,209574,428,41486,337,231571,474,1479275,2435,1710846,2909,8,3783,26,8173,3974,10,"East TN",2455501,196.049604540988,0.139644829367129,118.468695390472,31.1545383202858,13.9644829367129
2021-02-17,251680,620,209993,419,41687,201,232021,450,1481787,2512,1713808,2962,11,3794,12,8185,3991,17,"East TN",2455501,186.845780148328,0.143583555976903,120.627114385211,25.2494297497741,14.3583555976903
2021-02-18,252465,785,210536,543,41929,242,232619,598,1485985,4198,1718604,4796,42,3836,20,8205,4008,17,"East TN",2455501,183.506339439487,0.142503474635163,195.31655658051,31.9690360541494,14.2503474635163
2021-02-19,252939,474,210836,300,42103,174,232962,343,1488079,2094,1721041,2437,5,3841,11,8216,4017,9,"East TN",2455501,169.049004663407,0.143628561785835,99.2465488712894,19.3035962925692,14.3628561785835
2021-02-20,253562,623,211285,449,42277,174,233468,506,1492067,3988,1725535,4494,18,3859,18,8234,4027,10,"East TN",2455501,170.311476150895,0.141315423807318,183.017640799169,25.3716044098536,14.1315423807318
2021-02-21,253911,349,211513,228,42398,121,233731,263,1493734,1667,1727465,1930,7,3866,12,8246,4045,18,"East TN",2455501,162.655197452577,0.137861271676301,78.5990313178451,14.2129854559212,13.7861271676301
2021-02-22,254267,356,211707,194,42560,162,233957,226,1494801,1067,1728758,1293,7,3873,22,8268,4061,16,"East TN",2455501,161.759249945327,0.137361317900197,52.6572784942869,14.4980596627735,13.7361317900197
2021-02-23,254903,636,212049,342,42854,294,234318,361,1497010,2209,1731328,2570,26,3899,28,8296,4068,7,"East TN",2455501,156.505739561906,0.134117761937311,104.662958801483,25.901027936865,13.4117761937311
2021-02-24,255643,740,212598,549,43045,191,234927,609,1501688,4678,1736615,5287,19,3918,23,8319,4075,7,"East TN",2455501,161.392725965088,0.127417021090016,215.312475946864,30.1364161529562,12.7417021090016
2021-02-25,256278,635,213043,445,43235,190,235423,496,1505386,3698,1740809,4194,21,3939,16,8335,4084,9,"East TN",2455501,155.283992961111,0.126277865345643,170.800174791214,25.8603030501718,12.6277865345643
2021-02-26,256738,460,213365,322,43373,138,235791,368,1507777,2391,1743568,2759,14,3953,12,8347,4089,5,"East TN",2455501,154.713844547406,0.125582634172327,112.359962386495,18.7334478788646,12.5582634172327
2021-02-27,257178,440,213592,227,43586,213,236066,275,1510868,3091,1746934,3366,7,3960,16,8363,4098,9,"East TN",2455501,147.261190282553,0.121407542408524,137.079968609257,17.918950145001,12.1407542408524
2021-02-28,257544,366,213866,274,43678,92,236379,313,1512803,1935,1749182,2248,5,3965,11,8374,4107,9,"East TN",2455501,147.953513356337,0.121932126905189,91.5495452862776,14.9053085297053,12.1932126905189
2021-03-01,257785,241,214012,146,43773,95,236533,154,1513396,593,1749929,747,4,3969,11,8385,4116,9,"East TN",2455501,143.270151386621,0.121675877379434,30.4214903598084,9.81469769305734,12.1675877379434
2021-03-02,258405,620,214402,390,44003,230,236980,447,1516154,2758,1753134,3205,7,3976,24,8409,4126,10,"East TN",2455501,142.61855319953,0.122076492708429,130.523261851655,25.2494297497741,12.2076492708429
2021-03-03,258883,478,214700,298,44183,180,237332,352,1519262,3108,1756594,3460,7,3983,17,8426,4129,3,"East TN",2455501,131.948632885916,0.120376395214976,140.908107958417,19.466495839342,12.0376395214976
2021-03-04,259491,608,215114,414,44377,194,237804,472,1522851,3589,1760655,4061,18,4001,21,8447,4134,5,"East TN",2455501,130.8490609452,0.119973798246498,165.38376486102,24.7607311094559,11.9973798246498
2021-03-05,259960,469,215424,310,44536,159,238157,353,1525581,2730,1763738,3083,15,4016,16,8463,4139,5,"East TN",2455501,131.215584925439,0.117302925136341,125.554825675086,19.0999718591033,11.7302925136341
2021-03-06,260421,461,215745,321,44676,140,238528,371,1528931,3350,1767459,3721,1,4017,10,8473,4145,6,"East TN",2455501,132.070807545996,0.119951278928136,151.537303385338,18.7741727655578,11.9951278928136
2021-03-07,260674,253,215908,163,44766,90,238710,182,1530269,1338,1768979,1520,1,4018,4,8477,4149,4,"East TN",2455501,127.468895349666,0.117745112895893,61.9018277736397,10.3033963333756,11.7745112895893
2021-03-08,261129,455,216201,293,44928,162,239022,312,1531515,1246,1770537,1558,3,4021,9,8486,4157,8,"East TN",2455501,136.184021102007,0.120778338509317,63.4493734679807,18.5298234453987,12.0778338509317
2021-03-09,261667,538,216482,281,45185,257,239340,318,1533529,2014,1772869,2332,6,4027,21,8507,4169,12,"East TN",2455501,132.844580393166,0.119584494552825,94.9704357685051,21.909989040933,11.9584494552825
2021-03-10,262317,650,216946,464,45371,186,239846,506,1537675,4146,1777521,4652,7,4034,28,8535,4179,10,"East TN",2455501,139.849260904394,0.120131887035887,189.452172896692,26.4711763505696,12.0131887035887
2021-03-11,262845,528,217282,336,45563,192,240209,363,1540116,2441,1780325,2804,5,4039,9,8544,4187,8,"East TN",2455501,136.591269968939,0.122267412303,114.192582287688,21.5027401740012,12.2267412302999
2021-03-12,263305,460,217647,365,45658,95,240625,416,1542745,2629,1783370,3045,5,4044,12,8556,4195,8,"East TN",2455501,136.2247459887,0.125713121434393,124.007279980745,18.7334478788646,12.5713121434393
2021-03-13,263750,445,217861,214,45889,231,240903,278,1545556,2811,1786459,3089,2,4046,21,8577,4202,7,"East TN",2455501,135.57314780161,0.125,125.799174995245,18.1225745784669,12.5
2021-03-14,264011,261,218036,175,45975,86,241114,211,1547011,1455,1788125,1666,0,4046,10,8587,4208,6,"East TN",2455501,135.898946895155,0.125561474981719,67.8476612308445,10.629195426921,12.5561474981719
2021-03-15,264367,356,218221,185,46146,171,241329,215,1547954,943,1789283,1158,4,4050,15,8602,4212,4,"East TN",2455501,131.86718311253,0.123066254134215,47.1594187907071,14.4980596627735,12.3066254134215
2021-03-16,265066,699,218672,451,46394,248,241825,496,1550504,2550,1792329,3046,4,4054,37,8639,4213,1,"East TN",2455501,138.423889870132,0.127697841726619,124.048004867438,28.4666957985356,12.7697841726619
2021-03-17,265492,426,219005,333,46487,93,242189,364,1553256,2752,1795445,3116,1,4055,16,8655,4222,9,"East TN",2455501,129.301515250859,0.130718589600536,126.898746935961,17.3488017312964,13.0718589600536
2021-03-18,266042,550,219354,349,46688,201,242574,385,1555808,2552,1798382,2937,6,4061,31,8686,4229,7,"East TN",2455501,130.197462758109,0.130974137453619,119.608992217881,22.3986876812512,13.0974137453619
2021-03-19,266834,792,219884,530,46950,262,243134,560,1559548,3740,1802682,4300,15,4076,25,8711,4235,6,"East TN",2455501,143.718125140246,0.129919221209611,175.117012780691,32.2541102610017,12.9919221209611
2021-03-20,267106,272,220049,165,47057,107,243328,194,1561150,1602,1804478,1796,1,4077,15,8726,4237,2,"East TN",2455501,136.672719742325,0.134580165380987,73.1418965009585,11.077169180546,13.4580165380987
2021-03-21,267387,281,220246,197,47141,84,243553,225,1562493,1343,1806046,1568,-17,4060,8,8734,4245,8,"East TN",2455501,137.487217476189,0.136097315997991,63.8566223349125,11.4436931607847,13.6097315997991
2021-03-22,267913,526,220587,341,47326,185,243909,356,1564157,1664,1808066,2020,14,4074,19,8753,4252,7,"East TN",2455501,144.41044821403,0.137358249480914,82.2642711202317,21.4212904006148,13.7358249480914
2021-03-23,268350,437,220835,248,47515,189,244174,265,1566011,1854,1810185,2119,11,4085,17,8770,4258,6,"East TN",2455501,133.740527900416,0.131552419354839,86.2960349028569,17.7967754849214,13.1552419354839
2021-03-24,268948,598,221295,460,47653,138,244667,493,1569530,3519,1814197,4012,4,4089,26,8796,4264,6,"East TN",2455501,140.745208411644,0.13214590443686,163.388245413054,24.353482242524,13.214590443686
2021-03-25,269347,399,221601,306,47746,93,245000,333,1571842,2312,1816842,2645,8,4097,23,8819,4268,4,"East TN",2455501,134.595750520973,0.131419284940412,107.717325303472,16.2492297905804,13.1419284940412
2021-03-26,269757,410,221924,323,47833,87,245345,345,1573956,2114,1819301,2459,7,4104,14,8833,4278,10,"East TN",2455501,119.038843804177,0.13304049581804,100.142496378539,16.6972035442054,13.304049581804
2021-03-27,269961,204,222105,181,47856,23,245555,210,1575824,1868,1821379,2078,2,4106,13,8846,4289,11,"East TN",2455501,116.26955150904,0.131767351044317,84.6263145484363,8.30787688540954,13.1767351044317
2021-03-28,270277,316,222324,219,47953,97,245800,245,1577486,1662,1823286,1907,5,4111,17,8863,4296,7,"East TN",2455501,117.694922543302,0.130336426914153,77.6623589239019,12.8690641950461,13.0336426914153
2021-03-29,270716,439,222560,236,48156,203,246053,253,1578963,1477,1825016,1730,18,4129,18,8881,4301,5,"East TN",2455501,114.151857400995,0.126489675516224,70.4540539792083,17.8782252583078,12.6489675516224
2021-03-30,271091,375,222818,258,48273,117,246375,322,1580849,1886,1827224,2208,5,4134,20,8901,4307,6,"East TN",2455501,111.626914426017,0.129174247314983,89.9205498185503,15.271832509944,12.9174247314983
2021-03-31,271751,660,223259,441,48492,219,246863,488,1584552,3703,1831415,4191,4,4138,18,8919,4312,5,"East TN",2455501,114.151857400995,0.127540945522128,170.678000131134,26.8784252175014,12.7540945522128
2021-04-01,272200,449,223581,322,48619,127,247211,348,1586729,2177,1833940,2525,1,4139,18,8937,4320,8,"East TN",2455501,116.188101735654,0.129313369984794,102.83033890029,18.2854741252396,12.9313369984794
2021-04-02,272546,346,223812,231,48734,115,247461,250,1589000,2271,1836461,2521,0,4139,12,8949,4326,6,"East TN",2455501,113.58170898729,0.123310023310023,102.667439353517,14.0908107958417,12.3310023310023
2021-04-03,272888,342,224062,250,48826,92,247735,274,1590846,1846,1838581,2120,0,4139,13,8962,4334,8,"East TN",2455501,119.20174335095,0.126729450063946,86.3367597895501,13.9279112490689,12.6729450063946
2021-04-04,273059,171,224185,123,48874,48,247876,141,1592086,1240,1839962,1381,6,4145,8,8970,4338,4,"East TN",2455501,113.296634780438,0.124490285440154,56.2410685232871,6.96395562453446,12.4490285440154
2021-04-05,273466,407,224420,235,49046,172,248099,223,1593039,953,1841138,1176,6,4151,40,9010,4344,6,"East TN",2455501,111.993438406256,0.126907331596576,47.8924667511844,16.5750288841259,12.6907331596576
2021-04-06,273894,428,224669,249,49225,179,248375,276,1594637,1598,1843012,1874,3,4154,27,9037,4349,5,"East TN",2455501,114.151857400995,0.126678489992399,76.3184376630268,17.4302515046828,12.6678489992399
2021-04-07,274523,629,225130,461,49393,168,248882,507,1598305,3668,1847187,4175,5,4159,24,9061,4353,4,"East TN",2455501,112.889385913506,0.128011666243977,170.026401944043,25.6159537300127,12.8011666243977
2021-04-08,274928,405,225384,254,49544,151,249170,288,1600627,2322,1849797,2610,-1,4158,21,9082,4358,5,"East TN",2455501,111.097490899006,0.12354165352841,106.29195426921,16.4935791107395,12.354165352841
2021-04-09,275446,518,225790,406,49656,112,249619,449,1603623,2996,1853242,3445,4,4162,31,9113,4361,3,"East TN",2455501,118.102171410234,0.128597818961921,140.297234658019,21.0954913070693,12.8597818961921
2021-04-10,275751,305,226006,216,49745,89,249867,248,1605818,2195,1855685,2443,1,4163,15,9128,4366,5,"East TN",2455501,116.595350602586,0.124649204864359,99.4908981914485,12.4210904414211,12.4649204864359
2021-04-11,275988,237,226170,164,49818,73,250041,174,1607126,1308,1857167,1482,2,4165,10,9138,4370,4,"East TN",2455501,119.283193124336,0.125835512932287,60.3542820792987,9.65179814628461,12.5835512932287
2021-04-12,276453,465,226493,323,49960,142,250371,330,1608554,1428,1858925,1758,3,4168,16,9154,4379,9,"East TN",2455501,121.645236552541,0.127733738123349,71.5943508066175,18.9370723123306,12.7733738123349
2021-04-13,276832,379,226734,241,50098,138,250621,250,1610052,1498,1860673,1748,3,4171,16,9170,4383,4,"East TN",2455501,119.649717104575,0.127172866768586,71.1871019396856,15.4347320567167,12.7172866768586
2021-04-14,277510,678,227234,500,50276,178,251177,556,1613767,3715,1864944,4271,0,4171,29,9199,4386,3,"East TN",2455501,121.645236552541,0.129244804865687,173.935991066589,27.6114731779788,12.9244804865687
2021-04-15,278052,542,227602,368,50450,174,251557,380,1616183,2416,1867740,2796,2,4173,24,9223,4391,5,"East TN",2455501,127.224546029507,0.133032380315443,113.866783194142,22.0728885877057,13.3032380315443
2021-04-16,279024,972,228491,889,50533,83,252663,1106,1622237,6054,1874900,7160,3,4176,32,9255,4394,3,"East TN",2455501,145.713644588212,0.140548527103149,291.590188723197,39.5845898657748,14.0548527103149
2021-04-17,279226,202,228638,147,50588,55,252835,172,1623972,1735,1876807,1907,0,4176,10,9265,4395,1,"East TN",2455501,141.518981258814,0.140516996496544,77.6623589239019,8.22642711202317,14.0516996496544
2021-04-18,279445,219,228826,188,50619,31,253037,202,1625406,1434,1878443,1636,6,4182,8,9273,4404,9,"East TN",2455501,140.785933298337,0.1408159428464,66.625914630049,8.9187501858073,14.08159428464
2021-04-19,279772,327,229020,194,50752,133,253247,210,1626571,1165,1879818,1375,8,4190,15,9288,4411,7,"East TN",2455501,135.165898934678,0.137653759632413,55.996719203128,13.3170379486712,13.7653759632413
2021-04-20,280125,353,229297,277,50828,76,253526,279,1628497,1926,1882023,2205,4,4194,20,9308,4415,4,"East TN",2455501,134.107051880655,0.136065573770492,89.7983751584707,14.375885002694,13.6065573770492
2021-04-21,280638,513,229627,330,51011,183,253862,336,1631389,2892,1885251,3228,4,4198,15,9323,4421,6,"East TN",2455501,127.38744557628,0.132220416605112,131.459934245598,20.8918668736034,13.2220416605112
2021-04-22,281278,640,230024,397,51254,243,254308,446,1634520,3131,1888828,3577,3,4201,26,9349,4425,4,"East TN",2455501,131.378484472212,0.130453338391502,145.672919701519,26.0639274836378,13.0453338391502
2021-04-23,281660,382,230301,277,51359,105,254616,308,1636793,2273,1891409,2581,0,4201,11,9360,4430,5,"East TN",2455501,107.350801323233,0.118299109576595,105.110932555108,15.5569067167963,11.8299109576595
2021-04-24,281920,260,230489,188,51431,72,254825,209,1639142,2349,1893967,2558,0,4201,19,9379,4437,7,"East TN",2455501,109.712844751438,0.115967365967366,104.174260161165,10.5884705402278,11.5967365967366
2021-04-25,282118,198,230636,147,51482,51,254983,158,1640487,1345,1895470,1503,4,4205,17,9396,4442,5,"East TN",2455501,108.857622130881,0.114289070300112,61.2095046998555,8.06352756525043,11.4289070300112
2021-04-26,282507,389,230883,247,51624,142,255234,251,1641988,1501,1897222,1752,6,4211,16,9412,4450,8,"East TN",2455501,111.382565105858,0.114169156515744,71.3500014864584,15.8419809236486,11.4169156515744
2021-04-27,282894,387,231085,202,51809,185,255453,219,1643839,1851,1899292,2070,3,4214,25,9437,4456,6,"East TN",2455501,112.767211253426,0.111587237245932,84.3005154548909,15.7605311502622,11.1587237245932
2021-04-28,283380,486,231429,344,51951,142,255834,381,1646998,3159,1902832,3540,6,4220,23,9460,4464,8,"East TN",2455501,111.667639312711,0.112166543427564,144.166098893871,19.7922949328874,11.2166543427564
2021-04-29,283772,392,231708,279,52064,113,256138,304,1649219,2221,1905357,2525,1,4221,22,9482,4469,5,"East TN",2455501,101.567867412801,0.110714501784742,102.83033890029,15.9641555837281,11.0714501784742
2021-04-30,284142,370,231936,228,52206,142,256377,239,1651735,2516,1908112,2755,0,4221,18,9500,4474,5,"East TN",2455501,101.079168772483,0.105430162246303,112.197062839722,15.0682080764781,10.5430162246303
2021-05-01,284377,235,232118,182,52259,53,256565,188,1653703,1968,1910268,2156,-1,4220,15,9515,4475,1,"East TN",2455501,100.061046605153,0.106741917673762,87.8028557105047,9.57034837289824,10.6741917673762
2021-05-02,284552,175,232246,128,52306,47,256698,133,1654851,1148,1911549,1281,1,4221,11,9526,4479,4,"East TN",2455501,99.1243742112099,0.106660861993905,52.1685798539687,7.1268551713072,10.6660861993905
2021-05-03,284765,213,232361,115,52404,98,256824,126,1655943,1092,1912767,1218,5,4226,17,9543,4483,4,"East TN",2455501,91.9567941532095,0.102283692505629,49.6029119922981,8.67440086564819,10.2283692505629
2021-05-04,285084,319,232580,219,52504,100,257069,245,1657806,1863,1914875,2108,7,4233,12,9555,4491,8,"East TN",2455501,89.187501858073,0.103702753000064,85.8480611492319,12.9912388551257,10.3702753000064
2021-05-05,285548,464,232873,293,52675,171,257380,311,1660963,3157,1918343,3468,5,4238,22,9577,4496,5,"East TN",2455501,88.2915543508229,0.0996712010831023,141.233907051962,18.8963474256374,9.96712010831023
2021-05-06,285833,285,233069,196,52764,89,257611,231,1662836,1873,1920447,2104,4,4242,10,9587,4502,6,"East TN",2455501,83.9339914746522,0.0976143141153081,85.6851616024591,11.6065927075574,9.76143141153081
2021-05-07,286198,365,233317,248,52881,117,257880,269,1665410,2574,1923290,2843,0,4242,15,9602,4507,5,"East TN",2455501,83.7303670411863,0.0990249044669917,115.780852868722,14.8645836430122,9.90249044669917
2021-05-08,286369,171,233420,103,52949,68,257994,114,1666877,1467,1924871,1581,0,4242,7,9609,4514,7,"East TN",2455501,81.1239742928225,0.0978566048072314,64.3860458619239,6.96395562453446,9.78566048072314
2021-05-09,286515,146,233535,115,52980,31,258126,132,1668285,1408,1926411,1540,3,4245,11,9620,4519,5,"East TN",2455501,79.9429525787202,0.0960839725474364,62.7163255075034,5.94583345720486,9.60839725474364
2021-05-10,286749,234,233670,135,53079,99,258271,145,1669509,1224,1927780,1369,7,4252,22,9642,4522,3,"East TN",2455501,80.798175199277,0.0963831346166656,55.7523698829689,9.52962348620506,9.63831346166656
2021-05-11,287064,315,233898,228,53166,87,258515,244,1671698,2189,1930213,2433,1,4253,19,9661,4526,4,"East TN",2455501,80.6352756525043,0.0942756552353631,99.0836493245167,12.828339308353,9.42756552353631
2021-05-12,287368,304,234115,217,53253,87,258764,249,1674947,3249,1933711,3498,3,4256,16,9677,4528,2,"East TN",2455501,74.1192937815949,0.0900572618427902,142.455653652758,12.3803655547279,9.00572618427902
2021-05-13,287578,210,234252,137,53326,73,258909,145,1677056,2109,1935965,2254,1,4257,9,9686,4533,5,"East TN",2455501,71.0649272796061,0.0836447995875757,91.7938946064367,8.55222620556864,8.36447995875757
2021-05-14,287879,301,234471,219,53408,82,259156,247,1679207,2151,1938363,2398,1,4258,21,9707,4538,5,"East TN",2455501,68.4585345312423,0.0846546805546341,97.6582782902552,12.2581908946484,8.46546805546341
2021-05-15,287987,108,234552,81,53435,27,259258,102,1680780,1573,1940038,1675,0,4258,6,9713,4542,4,"East TN",2455501,65.8928666695717,0.0833388277180721,68.2141852110832,4.39828776286387,8.33388277180721
2021-05-16,288087,100,234626,74,53461,26,259343,85,1681912,1132,1941255,1217,3,4261,4,9717,4546,4,"East TN",2455501,64.0195218816853,0.0819859876044193,49.5621871056049,4.0724886693184,8.19859876044193
2021-05-17,288285,198,234729,103,53556,95,259453,110,1683170,1258,1942623,1368,6,4267,10,9727,4553,7,"East TN",2455501,62.5534259607306,0.0796334972714411,55.7116449962757,8.06352756525043,7.96334972714411
2021-05-18,288496,211,234862,133,53634,78,259597,144,1684981,1811,1944578,1955,8,4275,23,9750,4559,6,"East TN",2455501,58.3180377446395,0.0753219631047685,79.6171534851747,8.59295109226182,7.53219631047685
2021-05-19,288714,218,235027,165,53687,53,259764,167,1687459,2478,1947223,2645,1,4276,21,9771,4562,3,"East TN",2455501,54.8156974890257,0.07400828892836,107.717325303472,8.87802529911411,7.400828892836
2021-05-20,288890,176,235160,133,53730,43,259918,154,1698416,10957,1958334,11111,3,4279,7,9778,4567,5,"East TN",2455501,53.4310513414574,0.0451070678170683,452.494216047967,7.16758005800038,4.51070678170683
2021-05-21,289053,163,235267,107,53786,56,260038,120,1700240,1824,1960278,1944,0,4279,10,9788,4570,3,"East TN",2455501,47.811016977798,0.0402464065708419,79.1691797315497,6.63815653098899,4.02464065708419
2021-05-22,289122,69,235313,46,53809,23,260099,61,1701517,1277,1961616,1338,0,4279,12,9800,4571,1,"East TN",2455501,46.2227463967638,0.0389748818240801,54.4898983954802,2.8100171818297,3.89748818240801
2021-05-23,289196,74,235364,51,53832,23,260160,61,1702380,863,1962540,924,3,4282,5,9805,4574,3,"East TN",2455501,45.1638993427411,0.0383838383838384,37.629795304502,3.01364161529562,3.83838383838384
2021-05-24,289356,160,235475,111,53881,49,260286,126,1704005,1625,1964291,1751,0,4282,7,9812,4578,4,"East TN",2455501,43.6163536484001,0.03844378807458,71.3092765997652,6.51598187090944,3.844378807458
2021-05-25,289500,144,235571,96,53929,48,260373,87,1705418,1413,1965791,1500,0,4282,9,9821,4584,6,"East TN",2455501,40.8877862399567,0.0365813416301325,61.087330039776,5.8643836838185,3.65813416301325
2021-05-26,289686,186,235713,142,53973,44,260538,165,1707648,2230,1968186,2395,7,4289,14,9835,4589,5,"East TN",2455501,39.5845898657748,0.0369221962505367,97.5361036301757,7.57482892493222,3.69221962505367
2021-05-27,289809,123,235788,75,54021,48,260676,138,1709940,2292,1970616,2430,4,4293,11,9846,4593,4,"East TN",2455501,37.4261708710361,0.0617163328448136,98.9614746644371,5.00916106326163,6.17163328448135
2021-05-28,289925,116,235878,90,54047,26,260774,98,1711607,1667,1972381,1765,0,4293,9,9855,4596,3,"East TN",2455501,35.5121011964564,0.0608113690820458,71.8794250134698,4.72408685640934,6.08113690820458
2021-05-29,289976,51,235910,32,54066,19,260811,37,1712468,861,1973279,898,0,4293,7,9862,4599,3,"East TN",2455501,34.7790532359791,0.0610477578667581,36.5709482504792,2.07696922135238,6.10477578667581
2021-05-30,290031,55,235950,40,54081,15,260857,46,1713325,857,1974182,903,0,4293,7,9869,4604,5,"East TN",2455501,34.0052803888086,0.0598694382408521,36.7745726839452,2.23986876812512,5.98694382408521
2021-05-31,290111,80,236016,66,54095,14,260928,71,1714476,1151,1975404,1222,6,4299,4,9873,4609,5,"East TN",2455501,30.7472894533539,0.0577701790695582,49.7658115390708,3.25799093545472,5.77701790695582
2021-06-01,290242,131,236110,94,54132,37,261022,94,1715503,1027,1976525,1121,3,4302,11,9884,4612,3,"East TN",2455501,30.2178659263425,0.0604620831004285,45.6525979830593,5.3349601568071,6.04620831004285
2021-06-02,290361,119,236181,71,54180,48,261095,73,1717182,1679,1978277,1752,1,4303,9,9893,4616,4,"East TN",2455501,27.4892985178992,0.0551977009216133,71.3500014864584,4.8462615164889,5.51977009216133
2021-06-03,290448,87,236236,55,54212,32,261214,119,1719525,2343,1980739,2462,1,4304,7,9900,4621,5,"East TN",2455501,26.0232025969446,0.0531463005038032,100.264671038619,3.54306514230701,5.31463005038032
2021-06-04,290539,91,236295,59,54244,32,261292,78,1721242,1717,1982534,1795,0,4304,7,9907,4621,0,"East TN",2455501,25.005080429615,0.0510194031320792,73.1011716142653,3.70596468907974,5.10194031320792
2021-06-05,290580,41,236321,26,54259,15,261322,30,1722317,1075,1983639,1105,-1,4303,2,9909,4626,5,"East TN",2455501,24.5978315626831,0.0493243243243243,45.0009997959683,1.66972035442054,4.93243243243243
2021-06-06,290606,26,236337,16,54269,10,261341,19,1723037,720,1984378,739,-1,4302,2,9911,4629,3,"East TN",2455501,23.4168098485808,0.0474695959199686,30.095691266263,1.05884705402278,4.74695959199686
2021-06-07,290679,73,236372,35,54307,38,261393,52,1724029,992,1985422,1044,3,4305,10,9921,4631,2,"East TN",2455501,23.1317356417285,0.0464164503892993,42.5167817076841,2.97291672860243,4.64164503892993
2021-06-08,290766,87,236439,67,54327,20,261463,70,1725256,1227,1986719,1297,3,4308,4,9925,4634,3,"East TN",2455501,21.3398406272284,0.0432607416127134,52.8201780410596,3.54306514230701,4.32607416127134
2021-06-09,290814,48,236477,38,54337,10,261517,54,1727269,2013,1988786,2067,0,4308,3,9928,4637,3,"East TN",2455501,18.4483736720124,0.0401560567132934,84.1783407948113,1.95479456127283,4.01560567132934
2021-06-10,290889,75,236534,57,54355,18,261583,66,1728640,1371,1990223,1437,4,4312,4,9932,4640,3,"East TN",2455501,17.9596750316941,0.0389076339097427,58.5216621781054,3.0543665019888,3.89076339097427
2021-06-11,290959,70,236580,46,54379,24,261638,55,1729831,1191,1991469,1246,2,4314,4,9936,4641,1,"East TN",2455501,17.1044524111373,0.0387241186345831,50.7432088197073,2.85074206852288,3.87241186345831
2021-06-12,290988,29,236602,22,54386,7,261669,31,1730745,914,1992414,945,3,4317,1,9937,4644,3,"East TN",2455501,16.6157537708191,0.0395441595441595,38.4850179250589,1.18102171410234,3.95441595441595
2021-06-13,291007,19,236616,14,54391,5,261690,21,1731449,704,1993139,725,1,4318,1,9938,4645,1,"East TN",2455501,16.3306795639668,0.039835635201461,29.5255428525584,0.773772847170496,3.9835635201461
2021-06-14,291060,53,236649,33,54411,20,261731,41,1732436,987,1994167,1028,3,4321,3,9941,4647,2,"East TN",2455501,15.5161818301031,0.038650657518582,41.8651835205931,2.15841899473875,3.8650657518582
2021-06-15,291148,88,236718,69,54430,19,261819,88,1734009,1573,1995828,1661,0,4321,4,9945,4651,4,"East TN",2455501,15.5569067167963,0.0390822263695246,67.6440367973786,3.58379002900019,3.90822263695246
2021-06-16,291216,68,236759,41,54457,27,261857,38,1735408,1399,1997265,1437,2,4323,8,9953,4654,3,"East TN",2455501,16.37140445066,0.0400990682863545,58.5216621781054,2.76929229513651,4.00990682863545
2021-06-17,291267,51,236797,38,54470,13,261903,46,1737277,1869,1999180,1915,1,4324,1,9954,4658,4,"East TN",2455501,15.3940071700236,0.0357262476275539,77.9881580174473,2.07696922135238,3.57262476275539
2021-06-18,291329,62,236848,51,54481,11,261958,55,1738650,1373,2000608,1428,2,4326,4,9958,4660,2,"East TN",2455501,15.0682080764781,0.0350147718568771,58.1551381978667,2.52494297497741,3.50147718568771
2021-06-19,291357,28,236865,17,54492,11,261976,18,1739523,873,2001499,891,0,4326,5,9963,4662,2,"East TN",2455501,15.0274831897849,0.0337919647771051,36.2858740436269,1.14029682740915,3.37919647771051
2021-06-20,291382,25,236886,21,54496,4,261993,17,1740134,611,2002127,628,3,4329,2,9965,4665,3,"East TN",2455501,15.271832509944,0.0337116154873164,25.5752288433196,1.0181221673296,3.37116154873164
2021-06-21,291449,67,236926,40,54523,27,262045,52,1741168,1034,2003213,1086,6,4335,2,9967,4667,2,"East TN",2455501,15.8419809236486,0.0347114746849436,44.2272269487978,2.72856740844333,3.47114746849436
2021-06-22,291542,93,236972,46,54570,47,262096,51,1742364,1196,2004460,1247,5,4340,7,9974,4671,4,"East TN",2455501,16.0456053571145,0.0320898980537535,50.7839337064004,3.78741446246611,3.20898980537535
2021-06-23,291611,69,237020,48,54591,21,262151,55,1743687,1323,2005838,1378,2,4342,5,9979,4675,4,"East TN",2455501,16.0863302438077,0.0342937128193165,56.1188938632076,2.8100171818297,3.42937128193165
2021-06-24,291694,83,237072,52,54622,31,262213,62,1745168,1481,2007381,1543,3,4345,6,9985,4676,1,"East TN",2455501,17.3895266179896,0.0378002682599683,62.8385001675829,3.38016559553427,3.78002682599683
2021-06-25,291773,79,237128,56,54645,23,262282,69,1746595,1427,2008877,1496,0,4345,3,9988,4678,2,"East TN",2455501,18.0818496917737,0.0391824888136413,60.9244304930033,3.21726604876154,3.91824888136413
2021-06-26,291808,35,237146,18,54662,17,262303,21,1747467,872,2009770,893,0,4345,2,9990,4680,2,"East TN",2455501,18.366923898626,0.0395357272397534,36.3673238170133,1.42537103426144,3.95357272397534
2021-06-27,291837,29,237166,20,54671,9,262327,24,1748036,569,2010363,593,2,4347,3,9993,4682,2,"East TN",2455501,18.5298234453987,0.0405536668285576,24.1498578090581,1.18102171410234,4.05536668285576
2021-06-28,291881,44,237190,24,54691,20,262352,25,1748508,472,2010860,497,4,4351,3,9996,4682,0,"East TN",2455501,17.5931510514555,0.0401464626650974,20.2402686865124,1.7918950145001,4.01464626650974
2021-06-29,292011,130,237275,85,54736,45,262447,95,1750083,1575,2012530,1670,0,4351,7,10003,4685,3,"East TN",2455501,19.0999718591033,0.0434944237918216,68.0105607776173,5.29423527011392,4.34944237918216
2021-06-30,292096,85,237338,63,54758,22,262522,75,1751388,1305,2013910,1380,3,4354,4,10007,4685,0,"East TN",2455501,19.7515700461942,0.0459613478691774,56.2003436365939,3.46161536892064,4.59613478691774
2021-07-01,292202,106,237391,53,54811,53,262586,64,1753369,1981,2015955,2045,1,4355,2,10009,4688,3,"East TN",2455501,20.6882424401375,0.0435036155819921,83.2823932875613,4.3168379894775,4.35036155819921
2021-07-02,292284,82,237454,63,54830,19,262660,74,1754635,1266,2017295,1340,0,4355,3,10012,4690,2,"East TN",2455501,20.810417100217,0.044903777619387,54.5713481688666,3.33944070884109,4.4903777619387
2021-07-03,292332,48,237490,36,54842,12,262700,40,1755482,847,2018182,887,1,4356,3,10015,4693,3,"East TN",2455501,21.3398406272284,0.0471944840703757,36.1229744968542,1.95479456127283,4.71944840703757
2021-07-04,292359,27,237511,21,54848,6,262725,25,1755991,509,2018716,534,0,4356,1,10016,4694,1,"East TN",2455501,21.258390853842,0.0476475517778044,21.7470894941603,1.09957194071597,4.76475517778044
2021-07-05,292402,43,237535,24,54867,19,262750,25,1756380,389,2019130,414,0,4356,2,10018,4695,1,"East TN",2455501,21.2176659671489,0.0481257557436518,16.8601030909782,1.75117012780691,4.81257557436517
2021-07-06,292564,162,237639,104,54925,58,262861,111,1757533,1153,2020394,1264,5,4361,6,10024,4695,0,"East TN",2455501,22.5208623413308,0.0526449643947101,51.4762567801846,6.59743164429581,5.26449643947101
2021-07-07,292707,143,237721,82,54986,61,262949,88,1758681,1148,2021630,1236,4,4365,6,10030,4697,2,"East TN",2455501,24.8829057695354,0.0553108808290155,50.3359599527754,5.82365879712531,5.53108808290155
2021-07-08,292847,140,237823,102,55024,38,263066,117,1760075,1394,2023141,1511,2,4367,3,10033,4699,2,"East TN",2455501,26.2675519171037,0.0667965488449763,61.535303793401,5.70148413704576,6.67965488449763
2021-07-09,293010,163,237944,121,55066,42,263196,130,1761418,1343,2024614,1473,0,4367,4,10037,4701,2,"East TN",2455501,29.5662677392516,0.0732340483672633,59.98775809906,6.63815653098899,7.32340483672633
2021-07-10,293114,104,238017,73,55097,31,263270,74,1762276,858,2025546,932,0,4367,13,10050,4702,1,"East TN",2455501,31.8468613940699,0.0774035850081477,37.9555943980475,4.23538821609114,7.74035850081477
2021-07-11,293162,48,238052,35,55110,13,263313,43,1762900,624,2026213,667,2,4369,7,10057,4702,0,"East TN",2455501,32.7020840146267,0.0784313725490196,27.1634994243537,1.95479456127283,7.84313725490196
2021-07-12,293335,173,238169,117,55166,56,263438,125,1763980,1080,2027418,1205,1,4370,14,10071,4703,1,"East TN",2455501,37.9963192847407,0.083011583011583,49.0734884652867,7.04540539792083,8.3011583011583
2021-07-13,293549,214,238306,137,55243,77,263583,145,1765300,1320,2028883,1465,4,4374,17,10088,4707,4,"East TN",2455501,40.1140133927862,0.0850512427847803,59.6619590055146,8.71512575234138,8.50512427847803
2021-07-14,293722,173,238442,136,55280,37,263725,142,1766437,1137,2030162,1279,0,4374,12,10100,4708,1,"East TN",2455501,41.3357599935818,0.0909517112048758,52.0871300805823,7.04540539792083,9.09517112048758
2021-07-15,293942,220,238592,150,55350,70,263892,167,1767872,1435,2031764,1602,0,4374,15,10115,4708,0,"East TN",2455501,44.5937509290365,0.0957903281920445,65.2412684824808,8.95947507250048,9.57903281920445
2021-07-16,294172,230,238734,142,55438,88,264046,154,1769103,1231,2033149,1385,0,4374,10,10125,4712,4,"East TN",2455501,47.3223183374798,0.0995899238429994,56.4039680700598,9.36672393943232,9.95899238429994
2021-07-17,294318,146,238836,102,55482,44,264158,112,1770115,1012,2034273,1124,0,4374,5,10130,4714,2,"East TN",2455501,49.0327635785935,0.101753179786868,45.7747726431388,5.94583345720486,10.1753179786868
2021-07-18,294462,144,238957,121,55505,23,264290,132,1771013,898,2035303,1030,0,4374,6,10136,4716,2,"East TN",2455501,52.9423527011392,0.107480748074807,41.9466332939795,5.8643836838185,10.7480748074807
2021-07-19,294765,303,239168,211,55597,92,264505,215,1772363,1350,2036868,1565,2,4376,14,10150,4717,1,"East TN",2455501,58.2365879712531,0.112910052910053,63.734447674833,12.3396406680348,11.2910052910053
2021-07-20,295121,356,239405,237,55716,119,264758,253,1773722,1359,2038480,1612,2,4378,22,10172,4719,2,"East TN",2455501,64.0195218816853,0.122434093987704,65.6485173494126,14.4980596627735,12.2434093987704
2021-07-21,295523,402,239699,294,55824,108,265067,309,1775293,1571,2040360,1880,3,4381,28,10200,4723,4,"East TN",2455501,73.3455209344244,0.131594430280447,76.5627869831859,16.37140445066,13.1594430280447
2021-07-22,295998,475,240033,334,55965,141,265435,368,1777212,1919,2042647,2287,5,4386,21,10221,4726,3,"East TN",2455501,83.7303670411863,0.141780758981898,93.1378158673118,19.3443211792624,14.1780758981898
2021-07-23,296458,460,240352,319,56106,141,265768,333,1778702,1490,2044470,1823,1,4387,28,10249,4732,6,"East TN",2455501,93.0970909806186,0.152106704354739,74.2414684416744,18.7334478788646,15.2106704354739
2021-07-24,296816,358,240602,250,56214,108,266034,266,1780130,1428,2046164,1694,0,4387,21,10270,4736,4,"East TN",2455501,101.730766959574,0.15776637793289,68.9879580582537,14.5795094361599,15.776637793289
2021-07-25,297044,228,240792,190,56252,38,266237,203,1781192,1062,2047429,1265,3,4390,17,10287,4741,5,"East TN",2455501,105.151657441801,0.16056407718951,51.5169816668778,9.28527416604595,16.056407718951
2021-07-26,297711,667,241255,463,56456,204,266722,485,1782603,1411,2049325,1896,10,4400,36,10323,4745,4,"East TN",2455501,119.97551619812,0.177972224452115,77.2143851702769,27.1634994243537,17.7972224452115
2021-07-27,298437,726,241744,489,56693,237,267234,512,1784501,1898,2051735,2410,2,4402,28,10351,4751,6,"East TN",2455501,135.043724274598,0.186797434930215,98.1469769305734,29.5662677392516,18.6797434930215
2021-07-28,299255,818,242292,548,56963,270,267848,614,1786703,2202,2054551,2816,2,4404,37,10388,4754,3,"East TN",2455501,151.985277138963,0.195969276301881,114.681280928006,33.3129573150245,19.5969276301881
2021-07-29,299944,689,242751,459,57193,230,268344,496,1788682,1979,2057026,2475,3,4407,24,10412,4758,4,"East TN",2455501,160.700402891304,0.202308922734543,100.79409456563,28.0594469316038,20.2308922734543
2021-07-30,300941,997,243499,748,57442,249,269147,803,1789850,1168,2058997,1971,4,4411,41,10453,4763,5,"East TN",2455501,182.569667045544,0.23260136297928,80.2687516722657,40.6027120331044,23.260136297928
2021-07-31,301475,534,243863,364,57612,170,269543,396,1791465,1615,2061008,2011,2,4413,32,10485,4773,10,"East TN",2455501,189.737247103544,0.236391808137968,81.897747139993,21.7470894941603,23.6391808137968
2021-08-01,302005,530,244283,420,57722,110,270004,461,1793231,1766,2063235,2227,3,4416,28,10513,4777,4,"East TN",2455501,202.036162884886,0.238327217512337,90.6943226657208,21.5841899473875,23.8327217512337
2021-08-02,302856,851,244822,539,58034,312,270541,537,1795133,1902,2065674,2439,9,4425,33,10546,4786,9,"East TN",2455501,209.529542036432,0.233592268640284,99.3279986446758,34.6568785758996,23.3592268640284
2021-08-03,304194,1338,245791,969,58403,369,271557,1016,1798213,3080,2069770,4096,4,4429,41,10587,4796,10,"East TN",2455501,234.45317269266,0.239700582201275,166.809135895282,54.4898983954802,23.9700582201275
2021-08-04,305281,1087,246626,835,58655,252,272443,886,1801066,2853,2073509,3739,8,4437,40,10627,4802,6,"East TN",2455501,245.408167213127,0.242377887962865,152.270351345815,44.267951835491,24.2377887962865
2021-08-05,306461,1180,247519,893,58942,287,273394,951,1804216,3150,2077610,4101,10,4447,43,10670,4809,7,"East TN",2455501,265.40408657948,0.245336183443451,167.012760328748,48.0553662979571,24.5336183443451
2021-08-06,307798,1337,248506,987,59292,350,274476,1082,1807896,3680,2082372,4762,3,4450,51,10721,4822,13,"East TN",2455501,279.250548055163,0.227978609625668,193.931910432942,54.449173508787,22.7978609625668
2021-08-07,308522,724,249031,525,59491,199,275058,582,1810260,2364,2085318,2946,0,4450,28,10749,4831,9,"East TN",2455501,286.988276526868,0.226861373920197,119.97551619812,29.4848179658652,22.6861373920197
2021-08-08,309159,637,249483,452,59676,185,275582,524,1811944,1684,2087526,2208,5,4455,30,10779,4841,10,"East TN",2455501,291.345839403038,0.229632374130336,89.9205498185503,25.9417528235582,22.9632374130336
2021-08-09,310532,1373,250448,965,60084,408,276591,1009,1814784,2840,2091375,3849,13,4468,67,10846,4853,12,"East TN",2455501,312.60423025688,0.235399400801525,156.750088882065,55.9152694297416,23.5399400801525
2021-08-10,311857,1325,251297,849,60560,476,277506,915,1817440,2656,2094946,3571,6,4474,49,10895,4867,14,"East TN",2455501,312.074806729869,0.236296472831268,145.42857038136,53.9604748684688,23.6296472831268
2021-08-11,313745,1888,252610,1313,61135,575,278889,1383,1821711,4271,2100600,5654,8,4482,63,10958,4887,20,"East TN",2455501,344.695440971109,0.237938798863091,230.258509363262,76.8885860767314,23.7938798863091
2021-08-12,315206,1461,253676,1066,61530,395,280047,1158,1825133,3422,2105180,4580,10,4492,45,11003,4901,14,"East TN",2455501,356.139134131894,0.241313021400073,186.519981054783,59.4990594587418,24.1313021400073
2021-08-13,316851,1645,254798,1122,62053,523,281219,1172,1829502,4369,2110721,5541,11,4503,30,11033,4925,24,"East TN",2455501,368.682399233395,0.237856714522558,225.656597166933,66.9924386102877,23.7856714522558
2021-08-14,318381,1530,255887,1089,62494,441,282418,1199,1833802,4300,2116220,5499,1,4504,27,11060,4939,14,"East TN",2455501,401.506657908101,0.238172286583393,223.946151925819,62.3090766405715,23.8172286583393
2021-08-15,319525,1144,256854,967,62671,177,283477,1059,1836763,2961,2120240,4020,11,4515,21,11081,4952,13,"East TN",2455501,422.154175461545,0.241333985449655,163.7140445066,46.5892703770025,24.1333985449655
2021-08-16,320959,1434,257773,919,63186,515,284439,962,1839261,2498,2123700,3460,17,4532,28,11109,4970,18,"East TN",2455501,424.63839354983,0.242784222737819,140.908107958417,58.3994875180259,24.2784222737819
2021-08-17,322695,1736,258987,1214,63708,522,285759,1320,1843289,4028,2129048,5348,10,4542,25,11134,4987,17,"East TN",2455501,441.376321980728,0.242009266318691,217.796694035148,70.6984032993674,24.2009266318691
2021-08-18,324785,2090,260379,1392,64406,698,287236,1477,1847566,4277,2134802,5754,13,4555,32,11166,5002,15,"East TN",2455501,449.602749092751,0.244050055552307,234.330998032581,85.1150131887546,24.4050055552307
2021-08-19,327175,2390,261881,1502,65294,888,288809,1573,1856437,8871,2145246,10444,23,4578,43,11209,5024,22,"East TN",2455501,487.436168830719,0.218689162881246,425.330716623614,97.3324791967098,21.8689162881246
2021-08-20,329629,2454,263860,1979,65769,475,290917,2108,1862017,5580,2152934,7688,4,4582,37,11246,5057,33,"East TN",2455501,520.382602165505,0.229739653661194,313.092928897199,99.9388719450735,22.9739653661194
2021-08-21,332557,2928,265838,1978,66719,950,293034,2117,1869095,7078,2162129,9195,0,4582,57,11303,5081,24,"East TN",2455501,577.315993762576,0.231240061861509,374.465333143827,119.242468237643,23.1240061861509
2021-08-22,334038,1481,267177,1339,66861,142,294551,1517,1873591,4496,2168142,6013,7,4589,17,11320,5100,19,"East TN",2455501,591.040280578179,0.231180326499937,244.878743686115,60.3135571926055,23.1180326499937
2021-08-23,335985,1947,268306,1129,67679,818,295736,1185,1876843,3252,2172579,4437,17,4606,38,11358,5121,21,"East TN",2455501,611.932147451783,0.231121749626629,180.696322257657,79.2913543916292,23.1121749626629
2021-08-24,337960,1975,269696,1390,68264,585,297169,1433,1879942,3099,2177111,4532,15,4621,25,11383,5159,38,"East TN",2455501,621.665395371454,0.237396750098829,184.56518649351,80.4316512190384,23.7396750098829
2021-08-25,340183,2223,270909,1213,69274,1010,298413,1244,1883261,3319,2181674,4563,17,4638,39,11422,5198,39,"East TN",2455501,627.081805301647,0.238457927974057,185.827657980999,90.531423118948,23.8457927974057
2021-08-26,342837,2654,272745,1836,70092,818,300368,1955,1888822,5561,2189190,7516,24,4662,40,11462,5228,30,"East TN",2455501,637.833175388648,0.26303932277444,306.088248385971,108.08384928371,26.303932277444
2021-08-27,345842,3005,275023,2278,70819,727,302739,2371,1894511,5689,2197250,8060,19,4681,44,11506,5250,22,"East TN",2455501,660.272587956592,0.266765953605921,328.242586747063,122.378284513018,26.6765953605921
2021-08-28,347984,2142,276563,1540,71421,602,304410,1671,1899163,4652,2203573,6323,1,4682,33,11539,5285,35,"East TN",2455501,628.26282701575,0.274490879258759,257.503458561002,87.2327072968001,27.4490879258759
2021-08-29,350316,2332,278392,1829,71924,503,306433,2023,1904802,5639,2211235,7662,9,4691,45,11584,5316,31,"East TN",2455501,662.919705591649,0.275729236766992,312.034081843176,94.9704357685051,27.5729236766992
2021-08-30,353555,3239,280808,2416,72747,823,309039,2606,1912216,7414,2221255,10020,21,4712,71,11655,5356,40,"East TN",2455501,715.536259199243,0.273296901964007,408.063364665704,131.907907999223,27.3296901964007
2021-08-31,357141,3586,283218,2410,73923,1176,311647,2608,1919161,6945,2230808,9553,7,4719,80,11735,5392,36,"East TN",2455501,781.144051661962,0.269624001340857,389.044842579987,146.039443681758,26.9624001340857
2021-09-01,358571,1430,284170,952,74401,478,312632,985,1921079,1918,2233711,2903,14,4733,32,11767,5434,42,"East TN",2455501,748.849216514267,0.273247881315218,118.224346070313,58.2365879712531,27.3247881315218
2021-09-02,360884,2313,285665,1495,75219,818,314148,1516,1924604,3525,2238752,5041,19,4752,44,11811,5464,30,"East TN",2455501,734.962030151892,0.278035591784028,205.294153820341,94.1966629213346,27.8035591784028
2021-09-03,362637,1753,286890,1225,75747,528,315440,1292,1927907,3303,2243347,4595,17,4769,32,11843,5494,30,"East TN",2455501,683.974472012025,0.275527691606829,187.13085435518,71.3907263731516,27.5527691606829
2021-09-04,365892,3255,289229,2339,76663,916,318011,2571,1934405,6498,2252416,9069,3,4772,56,11899,5525,31,"East TN",2455501,729.301270901539,0.278463648834019,369.333997420486,132.559506186314,27.8463648834019
2021-09-05,370346,4454,292486,3257,77860,1197,321500,3489,1946494,12089,2267994,15578,8,4780,58,11957,5580,55,"East TN",2455501,815.719480464476,0.26545569865572,634.41228490642,181.388645331442,26.545569865572
2021-09-06,375253,4907,296422,3936,78831,971,325789,4289,1962122,15628,2287911,19917,11,4791,102,12059,5617,37,"East TN",2455501,883.648591468706,0.251290206433029,811.117568268146,199.837019003454,25.1290206433029
2021-09-07,377327,2074,297878,1456,79449,618,327305,1516,1966542,4420,2293847,5936,34,4825,64,12123,5649,32,"East TN",2455501,822.072562788612,0.248385919827408,241.74292741074,84.4634150016636,24.8385919827408
2021-09-08,379003,1676,299054,1176,79949,500,328566,1261,1970912,4370,2299478,5631,19,4844,60,12183,5690,41,"East TN",2455501,832.090884915135,0.242279562698618,229.321836969319,68.2549100977764,24.2279562698618
2021-09-09,380913,1910,300061,1007,80852,903,329644,1078,1974577,3665,2304221,4743,8,4852,55,12238,5730,40,"East TN",2455501,815.678755577782,0.236692174922482,193.158137585772,77.7845335839814,23.6692174922482
2021-09-10,386401,5488,303900,3839,82501,1649,333784,4140,1986682,12105,2320466,16245,23,4875,144,12382,5766,36,"East TN",2455501,967.786207376825,0.237866154903461,661.575784330774,223.498178172194,23.7866154903461
2021-09-11,390676,4275,306999,3099,83677,1176,337098,3314,1998500,11818,2335598,15132,8,4883,119,12501,5810,44,"East TN",2455501,1009.32559180387,0.229460700632348,616.24898544126,174.098890613362,22.9460700632348
2021-09-12,392252,1576,308420,1421,83832,155,338651,1553,2003741,5241,2342392,6794,23,4906,50,12551,5854,44,"East TN",2455501,892.119367900889,0.230530390601898,276.684880193492,64.182421428458,23.0530390601898
2021-09-13,394599,2347,309868,1448,84731,899,340152,1501,2008864,5123,2349016,6624,63,4969,84,12635,5904,50,"East TN",2455501,787.863657966338,0.235054414532362,269.761649455651,95.5813090689028,23.5054414532362
2021-09-14,397408,2809,311821,1953,85587,856,342226,2074,2015083,6219,2357309,8293,43,5012,63,12698,5948,44,"East TN",2455501,817.796449685828,0.235117077936403,337.731485346575,114.396206721154,23.5117077936403
2021-09-15,399200,1792,313018,1197,86182,595,343442,1216,2018853,3770,2362295,4986,23,5035,36,12734,5987,39,"East TN",2455501,822.520536542237,0.236814874954232,203.054285052215,72.9789969541857,23.6814874954232
2021-09-16,401840,2640,314871,1853,86969,787,345401,1959,2025507,6654,2370908,8613,23,5058,65,12799,6024,37,"East TN",2455501,852.249703828262,0.23628293370522,350.763449088394,107.513700870006,23.628293370522
2021-09-17,404513,2673,316741,1870,87772,803,347403,2002,2032701,7194,2380104,9196,23,5081,82,12881,6079,55,"East TN",2455501,737.609147786949,0.228361112042657,374.50605803052,108.857622130881,22.8361112042657
2021-09-18,405960,1447,317914,1173,88046,274,348737,1334,2038174,5473,2386911,6807,3,5084,39,12920,6137,58,"East TN",2455501,622.439168218624,0.226823611950188,277.214303720503,58.9289110450372,22.6823611950188
2021-09-19,406602,642,318359,445,88243,197,349249,512,2040251,2077,2389500,2589,17,5101,25,12945,6180,43,"East TN",2455501,584.40212404719,0.224972403837989,105.436731648653,26.1453772570241,22.4972403837989
2021-09-20,408580,1978,319611,1252,88969,726,350618,1369,2045882,5631,2396500,7000,48,5149,70,13015,6224,44,"East TN",2455501,569.374640857405,0.220411085839441,285.074206852288,80.553825879118,22.0411085839441
2021-09-21,410446,1866,320710,1099,89736,767,351753,1135,2050184,4302,2401937,5437,31,5180,61,13076,6272,48,"East TN",2455501,530.971072705733,0.213475844761137,221.421208950841,75.9926385694813,21.3475844761137
2021-09-22,412038,1592,321827,1117,90211,475,352974,1221,2055539,5355,2408513,6576,14,5194,45,13121,6312,40,"East TN",2455501,522.826095367096,0.206239993076291,267.806854894378,64.8340196155489,20.6239993076291
2021-09-23,414385,2347,323334,1507,91051,840,354639,1665,2061888,6349,2416527,8014,32,5226,60,13181,6350,38,"East TN",2455501,510.893703565993,0.202503342905368,326.369241959177,95.5813090689028,20.2503342905368
2021-09-24,415922,1537,324315,981,91607,556,355737,1098,2066761,4873,2422498,5971,37,5263,40,13221,6400,50,"East TN",2455501,464.630232282536,0.196584422323914,243.168298445002,62.5941508474238,19.6584422323914
2021-09-25,416619,697,324804,489,91815,208,356299,562,2069773,3012,2426072,3574,2,5265,21,13242,6442,42,"East TN",2455501,434.086567262648,0.193100278338143,145.55074504144,28.3852460251492,19.3100278338143
2021-09-26,417479,860,325432,628,92047,232,357022,723,2073748,3975,2430770,4698,6,5271,26,13268,6478,36,"East TN",2455501,442.964592561762,0.188345044826751,191.325517684578,35.0234025561382,18.8345044826751
2021-09-27,418937,1458,326262,830,92675,628,357943,921,2077323,3575,2435266,4496,46,5317,46,13314,6512,34,"East TN",2455501,421.787651481307,0.188954238250013,183.099090572555,59.3768847986623,18.8954238250013
2021-09-28,420221,1284,327043,781,93178,503,358794,851,2080963,3640,2439757,4491,14,5331,34,13348,6548,36,"East TN",2455501,398.085767425874,0.186171337916446,182.895466139089,52.2907545140483,18.6171337916446
2021-09-29,421891,1670,328047,1004,93844,666,359927,1133,2086440,5477,2446367,6610,30,5361,51,13399,6593,45,"East TN",2455501,401.262308587942,0.183679399799229,269.191501041946,68.0105607776173,18.3679399799229
2021-09-30,423103,1212,328811,764,94292,448,360749,822,2091109,4669,2451858,5491,11,5372,40,13439,6628,35,"East TN",2455501,355.039562191178,0.172935948600379,223.620352832273,49.358562672139,17.2935948600379
2021-10-01,424469,1366,329781,970,94688,396,361822,1073,2096080,4971,2457902,6044,14,5386,47,13486,6657,29,"East TN",2455501,348.075606566644,0.17187323466275,246.141215173604,55.6301952228893,17.187323466275
2021-10-02,425022,553,330132,351,94890,202,362218,396,2098748,2668,2460966,3064,11,5397,19,13505,6695,38,"East TN",2455501,342.211222882825,0.16962801627787,124.781052827916,22.5208623413308,16.962801627787
2021-10-03,425562,540,330599,467,94963,73,362742,524,2101838,3090,2464580,3614,13,5410,15,13520,6728,33,"East TN",2455501,329.179259141006,0.169180715764567,147.179740509167,21.9914388143194,16.9180715764567
2021-10-04,426903,1341,331452,853,95451,488,363683,941,2105975,4137,2469658,5078,22,5432,29,13549,6752,24,"East TN",2455501,324.414447397904,0.16689927890207,206.800974627988,54.6120730555597,16.689927890207
2021-10-05,428166,1263,332208,756,95958,507,364498,815,2110436,4461,2474934,5276,17,5449,41,13590,6791,39,"East TN",2455501,323.559224777347,0.162151405748074,214.864502193239,51.4355318934914,16.2151405748074
2021-10-06,429100,934,332913,705,96187,229,365278,780,2114855,4419,2480133,5199,18,5467,26,13616,6826,35,"East TN",2455501,293.585708171163,0.158473020197832,211.728685917864,38.0370441714339,15.8473020197832
2021-10-07,430214,1114,333704,791,96510,323,366134,856,2119637,4782,2485771,5638,24,5491,26,13642,6857,31,"East TN",2455501,289.594669275231,0.158788665113673,229.606911176171,45.367523776207,15.8788665113673
2021-10-08,431261,1047,334292,588,96969,459,366776,642,2123882,4245,2490658,4887,9,5500,30,13672,6878,21,"East TN",2455501,276.603430420106,0.151239467578459,199.02252126959,42.6389563677636,15.1239467578459
2021-10-09,431801,540,334645,353,97156,187,367192,416,2126681,2799,2493873,3215,4,5504,32,13704,6909,31,"East TN",2455501,276.074006893094,0.151153250068375,130.930510718587,21.9914388143194,15.1153250068375
2021-10-10,432118,317,334910,265,97208,52,367503,311,2128913,2232,2496416,2543,6,5510,16,13720,6933,24,"East TN",2455501,266.992357160514,0.149547681869582,103.563386860767,12.9097890817393,14.9547681869582
2021-10-11,433333,1215,335448,538,97885,677,368050,547,2132359,3446,2500409,3993,52,5562,33,13753,6947,14,"East TN",2455501,261.861021437173,0.142011641897824,162.614472565884,49.4807373322186,14.2011641897824
2021-10-12,434266,933,336084,636,98182,297,369055,1005,2136004,3645,2505059,4650,29,5591,32,13785,6981,34,"East TN",2455501,248.421808828422,0.151269709543568,189.370723123306,37.9963192847407,15.1269709543568
2021-10-13,435111,845,336633,549,98478,296,369704,649,2139867,3863,2509571,4512,25,5616,38,13823,7004,23,"East TN",2455501,244.797293912729,0.150349887899993,183.750688759646,34.4125292557405,15.0349887899993
2021-10-14,436059,948,337286,653,98773,295,370425,721,2143870,4003,2514295,4724,31,5647,33,13856,7036,32,"East TN",2455501,238.03696272166,0.150434721637919,192.384364738601,38.6071925851384,15.0434721637919
2021-10-15,436863,804,337800,514,99063,290,371001,576,2147763,3893,2518764,4469,24,5671,30,13886,7061,25,"East TN",2455501,228.140815255217,0.150323774283071,181.999518631839,32.7428089013199,15.0323774283071
2021-10-16,437171,308,338039,239,99132,69,371272,271,2149993,2230,2521265,2501,7,5678,12,13898,7076,15,"East TN",2455501,218.692641542398,0.148948598130841,101.852941619653,12.5432651015007,14.8948598130841
2021-10-17,437423,252,338249,210,99174,42,371520,248,2151656,1663,2523176,1911,7,5685,14,13912,7092,16,"East TN",2455501,216.045523907341,0.150112107623318,77.8252584706746,10.2626714466824,15.0112107623318
2021-10-18,438208,785,338714,465,99494,320,372035,515,2154836,3180,2526871,3695,23,5708,37,13949,7113,21,"East TN",2455501,198.533822629272,0.15059330360517,150.478456331315,31.9690360541494,15.059330360517
2021-10-19,439039,831,339155,441,99884,390,372509,474,2158164,3328,2530673,3802,25,5733,23,13972,7129,16,"East TN",2455501,194.379884186567,0.134848129928945,154.836019207486,33.8423808420359,13.4848129928945
2021-10-20,439801,762,339644,489,100157,273,373048,539,2162185,4021,2535233,4560,15,5748,21,13993,7148,19,"East TN",2455501,190.999718591033,0.130309406905152,185.705483320919,31.0323636602062,13.0309406905152
2021-10-21,440432,631,340068,424,100364,207,373519,471,2165820,3635,2539339,4106,17,5765,21,14014,7166,18,"East TN",2455501,178.089929509294,0.12354256508545,167.216384762213,25.6974035033991,12.354256508545
2021-10-22,440975,543,340410,342,100565,201,373905,386,2168925,3105,2542830,3491,6,5771,18,14032,7184,18,"East TN",2455501,167.460734082373,0.120668162552979,142.170579445905,22.1136134743989,12.0668162552979
2021-10-23,441331,356,340654,244,100677,112,374178,273,2171310,2385,2545488,2658,0,5771,15,14047,7204,20,"East TN",2455501,169.415528643645,0.11996862486067,108.246748830483,14.4980596627735,11.996862486067
2021-10-24,441574,243,340816,162,100758,81,374374,196,2173206,1896,2547580,2092,7,5778,14,14061,7216,12,"East TN",2455501,169.049004663407,0.116948041304704,85.1964629621409,9.89614746644371,11.6948041304704
2021-10-25,441996,422,341064,248,100932,174,374644,270,2175637,2431,2550281,2701,28,5806,21,14082,7227,11,"East TN",2455501,154.265870793781,0.111448099102947,109.99791895829,17.1859021845236,11.1448099102947
2021-10-26,442521,525,341392,328,101129,197,374982,338,2178278,2641,2553260,2979,12,5818,28,14110,7238,11,"East TN",2455501,141.804055465667,0.109487758445123,121.319437458995,21.3805655139216,10.9487758445123
2021-10-27,443141,620,341786,394,101355,226,375406,424,2182476,4198,2557882,4622,10,5828,21,14131,7259,21,"East TN",2455501,136.021121555235,0.104110556757473,188.230426295896,25.2494297497741,10.4110556757473
2021-10-28,443557,416,342042,256,101515,160,375697,291,2185268,2792,2560965,3083,16,5844,15,14146,7274,15,"East TN",2455501,127.2652709162,0.100712105798576,125.554825675086,16.9415528643645,10.0712105798576
2021-10-29,444016,459,342346,304,101670,155,376029,332,2188773,3505,2564802,3837,4,5848,10,14156,7291,17,"East TN",2455501,123.844380433973,0.0966684871654833,156.261390241747,18.6927229921715,9.66684871654834
2021-10-30,444279,263,342548,202,101731,61,376257,228,2191347,2574,2567604,2802,0,5848,16,14172,7306,15,"East TN",2455501,120.056965971506,0.0940043407487792,114.111132514302,10.7106452003074,9.40043407487792
2021-10-31,444450,171,342675,127,101775,44,376403,146,2192971,1624,2569374,1770,0,5848,5,14177,7317,11,"East TN",2455501,117.124774129597,0.0930990180783702,72.0830494469357,6.96395562453446,9.30990180783702
2021-11-01,445046,596,343035,360,102011,236,376792,389,2196073,3102,2572865,3491,14,5862,23,14200,7326,9,"East TN",2455501,124.210904414211,0.0951115834218916,142.170579445905,24.2720324691377,9.51115834218916
2021-11-02,445459,413,343256,221,102203,192,377019,227,2198284,2211,2575303,2438,25,5887,16,14216,7349,23,"East TN",2455501,119.649717104575,0.0924102889806288,99.2872737579826,16.819378204285,9.24102889806288
2021-11-03,446032,573,343636,380,102396,193,377413,394,2202861,4577,2580274,4971,6,5893,14,14230,7360,11,"East TN",2455501,117.735647429995,0.0896302250803859,202.443411751818,23.3353600751944,8.96302250803859
2021-11-04,446449,417,343938,302,102511,115,377743,330,2206389,3528,2584132,3858,13,5906,9,14239,7371,11,"East TN",2455501,117.776372316688,0.0883152760391937,157.116612862304,16.9822777510577,8.83152760391937
2021-11-05,446884,435,344223,285,102661,150,378067,324,2209964,3575,2588031,3899,2,5908,13,14252,7377,6,"East TN",2455501,116.798975036052,0.0877351586379095,158.786333216724,17.715325711535,8.77351586379095
2021-11-06,447117,233,344394,171,102723,62,378255,188,2212198,2234,2590453,2422,0,5908,14,14266,7385,8,"East TN",2455501,115.577228435256,0.0874436518009541,98.6356755708916,9.48889859951187,8.74436518009541
2021-11-07,447316,199,344522,128,102794,71,378408,153,2214100,1902,2592508,2055,6,5914,8,14274,7397,12,"East TN",2455501,116.717525262665,0.0866689720757327,83.6896421544931,8.10425245194362,8.66689720757327
2021-11-08,447857,541,344868,346,102989,195,378793,385,2217612,3512,2596405,3897,25,5939,25,14299,7409,12,"East TN",2455501,114.47765649454,0.0850042480883602,158.704883443338,22.0321637010125,8.50042480883602
2021-11-09,448721,864,345482,614,103239,250,379590,797,2224875,7263,2604465,8060,10,5949,27,14326,7424,15,"East TN",2455501,132.844580393166,0.0881626774569645,328.242586747063,35.186302102911,8.81626774569645
2021-11-10,449346,625,345919,437,103427,188,380090,500,2230111,5236,2610201,5736,7,5956,28,14354,7436,12,"East TN",2455501,134.962274501212,0.0894509974270725,233.597950072103,25.45305418324,8.94509974270725
2021-11-11,449850,504,346303,384,103547,120,380496,406,2234398,4287,2614894,4693,5,5961,10,14364,7449,13,"East TN",2455501,138.505339643519,0.0894935309797802,191.121893251113,20.5253428933647,8.94935309797802
2021-11-12,450329,479,346623,320,103706,159,380827,331,2237832,3434,2618659,3765,2,5963,24,14388,7459,10,"East TN",2455501,140.297234658019,0.0901136215227896,153.329198399838,19.5072207260351,9.01136215227896
2021-11-13,450566,237,346765,142,103801,95,380976,149,2239830,1998,2620806,2147,4,5967,11,14399,7468,9,"East TN",2455501,140.460134204792,0.0896451751062498,87.436331730266,9.65179814628461,8.96451751062498
2021-11-14,450927,361,347081,316,103846,45,381321,345,2242808,2978,2624129,3323,1,5968,14,14413,7476,8,"East TN",2455501,147.057565849087,0.0921223237721767,135.32879848145,14.7016840962394,9.21223237721767
2021-11-15,451504,577,347372,291,104132,286,381622,301,2245549,2741,2627171,3042,26,5994,20,14433,7486,10,"East TN",2455501,148.523661770042,0.0919521549762725,123.885105320666,23.4982596219672,9.19521549762725
2021-11-16,452175,671,347804,432,104371,239,382083,461,2249130,3581,2631213,4042,24,6018,17,14450,7496,10,"East TN",2455501,140.663758638258,0.0932032301480484,164.60999201385,27.3263989711265,9.32032301480485
2021-11-17,452887,712,348270,466,104617,246,382591,508,2253746,4616,2636337,5124,5,6023,27,14477,7506,10,"East TN",2455501,144.206823780565,0.0956917661463116,208.674319415875,28.996119325547,9.56917661463116
2021-11-18,453511,624,348680,410,104831,214,383069,478,2258577,4831,2641646,5309,12,6035,19,14496,7515,9,"East TN",2455501,149.093810183747,0.0961797248803828,216.208423454114,25.4123292965468,9.61797248803828
2021-11-19,454124,613,349122,442,105002,171,383529,460,2263051,4474,2646580,4934,7,6042,13,14509,7523,8,"East TN",2455501,154.550945000633,0.0967730382149636,200.93659094417,24.9643555429218,9.67730382149636
2021-11-20,454446,322,349369,247,105077,75,383816,287,2265750,2699,2649566,2986,0,6042,14,14523,7531,8,"East TN",2455501,158.012560369554,0.0987482614742698,121.604511665847,13.1134135152052,9.87482614742698
2021-11-21,454710,264,349521,152,105189,112,383980,164,2267233,1483,2651213,1647,9,6051,11,14534,7542,11,"East TN",2455501,154.062246360315,0.0981760448973564,67.073888383674,10.7513700870006,9.81760448973564
2021-11-22,455462,752,350016,495,105446,257,384492,512,2271099,3866,2655591,4378,20,6071,38,14572,7548,6,"East TN",2455501,161.189101531622,0.100985221674877,178.29355394276,30.6251147932744,10.0985221674877
2021-11-23,456137,675,350485,469,105652,206,384980,488,2274399,3300,2659379,3788,21,6092,20,14592,7555,7,"East TN",2455501,161.352001078395,0.102854505432081,154.265870793781,27.4892985178992,10.2854505432081
2021-11-24,456873,736,351017,532,105856,204,385553,573,2278427,4028,2663980,4601,6,6098,21,14613,7565,10,"East TN",2455501,162.329398359031,0.107151901023767,187.37520367534,29.9735166061834,10.7151901023767
2021-11-25,457159,286,351175,158,105984,128,385727,174,2280062,1635,2665789,1809,1,6099,12,14625,7574,9,"East TN",2455501,148.564386656735,0.110094023112289,73.6713200279699,11.6473175942506,11.0094023112289
2021-11-26,457389,230,351377,202,106012,28,385971,244,2281739,1677,2667710,1921,1,6100,15,14640,7579,5,"East TN",2455501,132.966755053246,0.115570279223852,78.2325073376065,9.36672393943232,11.5570279223852
2021-11-27,457673,284,351605,228,106068,56,386225,254,2283334,1595,2669559,1849,0,6100,14,14654,7590,11,"East TN",2455501,131.419209358905,0.120492172260291,75.3003154956972,11.5658678208643,12.0492172260291
2021-11-28,457989,316,351817,212,106172,104,386442,217,2284845,1511,2671287,1728,7,6107,20,14674,7601,11,"East TN",2455501,133.53690346695,0.122646209026602,70.3726042058219,12.8690641950461,12.2646209026602
2021-11-29,459086,1097,352532,715,106554,382,387180,738,2289392,4547,2676572,5285,19,6126,36,14710,7609,8,"East TN",2455501,147.586989376099,0.128115914398742,215.231026173477,44.6752007024228,12.8115914398742
2021-11-30,459924,838,353041,509,106883,329,387687,507,2292759,3367,2680446,3874,64,6190,26,14736,7621,12,"East TN",2455501,154.225145907088,0.128494802297432,157.768211049395,34.1274550488882,12.8494802297432
2021-12-01,461007,1083,353812,771,107195,312,388495,808,2297928,5169,2686423,5977,48,6238,33,14769,7642,21,"East TN",2455501,168.356681589623,0.131087644254333,243.412647765161,44.1050522887183,13.1087644254333
2021-12-02,461910,903,354436,624,107474,279,389161,666,2302589,4661,2691750,5327,39,6277,18,14787,7660,18,"East TN",2455501,193.483936679317,0.132275336081045,216.941471414591,36.7745726839452,13.2275336081045
2021-12-03,462928,1018,355171,735,107757,283,389943,782,2307566,4977,2697509,5759,21,6298,26,14813,7673,13,"East TN",2455501,225.575147393546,0.133293063525622,234.534622466047,41.4579346536613,13.3293063525622
2021-12-04,463351,423,355505,334,107846,89,390324,381,2310318,2752,2700642,3133,3,6301,29,14842,7685,12,"East TN",2455501,231.235906643899,0.131872727857671,127.591070009745,17.2266270712168,13.1872727857671
2021-12-05,463736,385,355721,216,108015,169,390555,231,2312249,1931,2702804,2162,12,6313,15,14857,7693,8,"East TN",2455501,234.045923825728,0.130500999460609,88.0472050306638,15.6790813768758,13.0500999460609
2021-12-06,464687,951,356366,645,108321,306,391244,689,2316433,4184,2707677,4873,69,6382,32,14889,7707,14,"East TN",2455501,228.100090368524,0.130654235653432,198.452372855886,38.729367245218,13.0654235653432
2021-12-07,465529,842,356898,532,108631,310,391784,540,2319908,3475,2711692,4015,8,6390,28,14917,7712,5,"East TN",2455501,228.262989915296,0.131120783460283,163.510420073134,34.2903545956609,13.1120783460283
2021-12-08,466575,1046,357535,637,109040,409,392441,657,2324509,4601,2716950,5258,4,6394,29,14946,7729,17,"East TN",2455501,226.756169107649,0.129262619975759,214.131454232761,42.5982314810705,12.9262619975759
2021-12-09,467494,919,358155,620,109339,299,393108,667,2329421,4912,2722529,5579,19,6413,34,14980,7743,14,"East TN",2455501,227.407767294739,0.128236784820819,227.204142861274,37.4261708710361,12.8236784820819
2021-12-10,468290,796,358703,548,109587,248,393709,601,2333916,4495,2727625,5096,5,6418,22,15002,7757,14,"East TN",2455501,218.366842448853,0.125049807411343,207.534022588466,32.4170098077745,12.5049807411343
2021-12-11,468686,396,358989,286,109697,110,394034,325,2336836,2920,2730870,3245,0,6418,19,15021,7766,9,"East TN",2455501,217.267270508137,0.122733889109435,132.152257319382,16.1270551305009,12.2733889109435
2021-12-12,469117,431,359252,263,109865,168,394328,294,2339353,2517,2733681,2811,9,6427,18,15039,7773,7,"East TN",2455501,219.140615296023,0.122194513715711,114.47765649454,17.5524261647623,12.2194513715711
2021-12-13,469998,881,359827,575,110171,306,394932,604,2343950,4597,2738882,5201,23,6450,24,15063,7782,9,"East TN",2455501,216.2898732275,0.11818618811088,211.81013569125,35.8786251766951,11.818618811088
2021-12-14,470758,760,360286,459,110472,301,395418,486,2347968,4018,2743386,4504,36,6486,24,15087,7790,8,"East TN",2455501,212.950432518659,0.114658925979681,183.424889666101,30.9509138868198,11.4658925979681
2021-12-15,471626,868,360875,589,110751,279,396046,628,2352773,4805,2748819,5433,19,6505,23,15110,7805,15,"East TN",2455501,205.701402687272,0.113119332266466,221.258309404069,35.3492016496837,11.3119332266466
2021-12-16,472420,794,361387,512,111033,282,396591,545,2356593,3820,2753184,4365,19,6524,22,15132,7822,17,"East TN",2455501,200.610791850624,0.113619311694666,177.764130415748,32.3355600343881,11.3619311694666
2021-12-17,473229,809,361922,535,111307,274,397176,585,2361211,4618,2758387,5203,24,6548,34,15166,7836,14,"East TN",2455501,201.140215377636,0.112703985436578,211.891585464636,32.9464333347859,11.2703985436578
2021-12-18,473799,570,362303,381,111496,189,397602,426,2364556,3345,2762158,3771,0,6548,29,15195,7849,13,"East TN",2455501,208.22634566225,0.114037330605983,153.573547719997,23.2131854151149,11.4037330605983
2021-12-19,474219,420,362583,280,111636,140,397912,310,2367217,2661,2765129,2971,6,6554,16,15211,7858,9,"East TN",2455501,207.778371908625,0.113965911981684,120.99363836545,17.1044524111373,11.3965911981684
2021-12-20,475151,932,363205,622,111946,310,398550,638,2371157,3940,2769707,4578,40,6594,31,15242,7870,12,"East TN",2455501,209.855341129977,0.117372262773723,186.438531281396,37.9555943980475,11.7372262773723
2021-12-21,476161,1010,363861,656,112300,354,399219,669,2375540,4383,2774759,5052,30,6624,29,15271,7880,10,"East TN",2455501,220.036562803273,0.121155133394957,205.742127573966,41.1321355601158,12.1155133394957
2021-12-22,477646,1485,364592,731,113054,754,399967,748,2379869,4329,2779836,5077,852,7476,40,15311,7896,16,"East TN",2455501,245.163817892968,0.126414546861399,206.760249741295,60.4764567393782,12.6414546861399
2021-12-23,478811,1165,365397,805,113414,360,400830,863,2384352,4483,2785182,5346,27,7503,35,15346,7913,17,"East TN",2455501,260.272750856139,0.132477029814363,217.715244261762,47.4444929975594,13.2477029814363
2021-12-24,479749,938,366047,650,113702,288,401538,708,2388186,3834,2789724,4542,0,7503,18,15364,7935,22,"East TN",2455501,265.52626123956,0.13919647700801,184.972435360442,38.1999437182066,13.919647700801
2021-12-25,480230,481,366330,283,113900,198,401871,333,2390305,2119,2792176,2452,8,7511,19,15383,7943,8,"East TN",2455501,261.901746323866,0.142214671197282,99.8574221716871,19.5886704994215,14.2214671197282
2021-12-26,480573,343,366607,277,113966,66,402191,320,2392180,1875,2794371,2195,62,7573,19,15402,7960,17,"East TN",2455501,258.765930048491,0.146330620340606,89.3911262915389,13.9686361357621,14.6330620340606
2021-12-27,482448,1875,367869,1262,114579,613,403502,1311,2396902,4722,2800404,6033,64,7637,36,15438,7979,19,"East TN",2455501,297.169498200164,0.16131869563801,245.693241419979,76.35916254972,16.131869563801
2021-12-28,484871,2423,369311,1442,115560,981,404987,1485,2401276,4374,2806263,5859,18,7655,27,15465,7992,13,"East TN",2455501,354.713763097633,0.183087861858812,238.607111135365,98.6764004575848,18.3087861858812
2021-12-29,487755,2884,371238,1927,116517,957,406991,2004,2406566,5290,2813557,7294,37,7692,30,15495,8007,15,"East TN",2455501,411.687879581397,0.208297500074138,297.047323540084,117.450573223143,20.8297500074138
2021-12-30,490578,2823,373022,1784,117556,1039,408813,1822,2411026,4460,2819839,6282,14,7706,34,15529,8022,15,"East TN",2455501,479.209741718696,0.230343076434775,255.833738206582,114.966355134858,23.0343076434775
2021-12-31,493101,2523,374836,1814,118265,709,410761,1948,2415852,4826,2826613,6774,0,7706,25,15554,8041,19,"East TN",2455501,543.758687127393,0.250020331264062,275.870382459628,102.748889126903,25.0020331264062
2022-01-01,494559,1458,376067,1231,118492,227,412100,1339,2419501,3649,2831601,4988,0,7706,34,15588,8049,8,"East TN",2455501,583.546901426634,0.259454660748256,203.135734825602,59.3768847986623,25.9454660748256
2022-01-02,496025,1466,377033,966,118992,500,413327,1227,2422518,3017,2835845,4244,6,7712,27,15615,8069,20,"East TN",2455501,629.280949183079,0.268505569754545,172.836419125873,59.7026838922077,26.8505569754545
2022-01-03,498923,2898,379223,2190,119700,708,415560,2233,2426688,4170,2842248,6403,33,7745,38,15653,8083,14,"East TN",2455501,670.942508270206,0.288165567345378,260.761449496457,118.020721636847,28.8165567345378
2022-01-04,503113,4190,381688,2465,121425,1725,417956,2396,2431925,5237,2849881,7633,14,7759,43,15696,8101,18,"East TN",2455501,742.903383057062,0.297331376954468,310.853060129073,170.637275244441,29.7331376954468
2022-01-05,508058,4945,385103,3415,122955,1530,421463,3507,2437159,5234,2858622,8741,15,7774,44,15740,8126,25,"East TN",2455501,826.837374531715,0.321136136691446,355.976234585121,201.384564697795,32.1136136691446
2022-01-06,513223,5165,388581,3478,124642,1687,425119,3656,2442765,5606,2867884,9262,11,7785,43,15783,8146,20,"East TN",2455501,922.215059167152,0.339390155062962,377.19390055227,210.344039770295,33.9390155062962
2022-01-07,517616,4393,391819,3238,125797,1155,428413,3294,2447449,4684,2875862,7978,12,7797,40,15823,8168,22,"East TN",2455501,998.370597283406,0.358423521289772,324.903146038222,178.904427243157,35.8423521289772
2022-01-08,520764,3148,394247,2428,126517,720,431020,2607,2452213,4764,2883233,7371,1,7798,43,15866,8188,20,"East TN",2455501,1067.19565579489,0.366439417415556,300.183139815459,128.201943310143,36.6439417415556
2022-01-09,524275,3511,396935,2688,127340,823,433925,2905,2457215,5002,2891140,7907,15,7813,42,15908,8206,18,"East TN",2455501,1150.47804908245,0.3725110769509,322.011679083006,142.985077179769,37.25110769509
2022-01-10,528939,4664,400021,3086,128918,1578,437179,3254,2461995,4780,2899174,8034,29,7842,64,15972,8239,33,"East TN",2455501,1222.39819898261,0.379773741348417,327.18373969304,189.94087153701,37.9773741348417
2022-01-11,534566,5627,404073,4052,130493,1575,441328,4149,2467184,5189,2908512,9338,30,7872,50,16022,8265,26,"East TN",2455501,1280.91986116072,0.398628711773635,380.288991940952,229.158937422546,39.8628711773635
2022-01-12,540279,5713,408067,3994,132212,1719,445509,4181,2471953,4769,2917462,8950,16,7888,33,16055,8287,22,"East TN",2455501,1312.19657414108,0.408667573079538,364.487735903997,232.66127767816,40.8667573079538
2022-01-13,547637,7358,413337,5270,134300,2088,451013,5504,2478878,6925,2929891,12429,65,7953,50,16105,8303,16,"East TN",2455501,1401.50625065923,0.41759801312755,506.169616709584,299.653716288448,41.759801312755
2022-01-14,554164,6527,418137,4800,136027,1727,455966,4953,2484757,5879,2940723,10832,68,8021,39,16144,8336,33,"East TN",2455501,1488.41315886249,0.424800727710026,441.131972660569,265.811335446412,42.4800727710026
2022-01-15,558731,4567,421536,3399,137195,1168,459594,3628,2489846,5089,2949440,8717,9,8030,38,16182,8351,15,"East TN",2455501,1546.20177308012,0.431585783980546,354.998837304485,185.990557527771,43.1585783980546
2022-01-16,562601,3870,424864,3328,137737,542,463099,3505,2494494,4648,2957593,8153,7,8037,40,16222,8369,18,"East TN",2455501,1560.82200740297,0.439017049644109,332.030001209529,157.605311502622,43.9017049644109
2022-01-17,567260,4659,428208,3344,139052,1315,466586,3487,2499229,4735,2965815,8222,15,8052,43,16265,8393,24,"East TN",2455501,1560.6183829695,0.441274890832971,334.840018391359,189.737247103544,44.1274890832971
2022-01-18,573235,5975,431896,3688,141339,2287,470333,3747,2502692,3463,2973025,7210,49,8101,48,16313,8425,32,"East TN",2455501,1574.79064353873,0.44959930556632,293.626433057857,243.331197991774,44.959930556632
2022-01-19,581577,8342,437929,6033,143648,2309,476538,6205,2508540,5848,2985078,12053,22,8123,53,16366,8457,32,"East TN",2455501,1681.85637065511,0.458900260293422,490.857059312947,339.727004794541,45.8900260293422
2022-01-20,589897,8320,444016,6087,145881,2233,482839,6301,2514257,5717,2997096,12018,44,8167,43,16409,8491,34,"East TN",2455501,1721.03371165396,0.473565954914069,489.431688278685,338.831057287291,47.3565954914069
2022-01-21,597219,7322,449643,5627,147576,1695,488739,5900,2519978,5721,3008717,11621,53,8220,31,16440,8522,31,"East TN",2455501,1753.40999657504,0.481998411624555,473.263908261491,298.187620367493,48.1998411624555
2022-01-22,603240,6021,454527,4884,148713,1137,493925,5186,2526067,6089,3019992,11275,0,8220,57,16497,8549,27,"East TN",2455501,1812.62398182693,0.486605624220433,459.17309746565,245.204542779661,48.6605624220433
2022-01-23,606857,3617,457519,2992,149338,625,497088,3163,2529335,3268,3026423,6431,6,8226,31,16528,8581,32,"East TN",2455501,1802.32058549355,0.493810838297254,261.901746323866,147.301915169247,49.3810838297254
2022-01-24,613583,6726,462230,4711,151353,2015,502082,4994,2534715,5380,3036797,10374,37,8263,46,16574,8616,35,"East TN",2455501,1886.49892628836,0.500070440393339,422.479974555091,273.915587898356,50.0070440393339
2022-01-25,619307,5724,466324,4094,152983,1630,506365,4283,2539368,4653,3045733,8936,30,8293,36,16610,8645,29,"East TN",2455501,1876.27697972837,0.495571326401496,363.917587490292,233.109251431785,49.5571326401496
2022-01-26,625135,5828,470767,4443,154368,1385,511064,4699,2544261,4893,3055325,9592,26,8319,38,16648,8679,34,"East TN",2455501,1773.89461458171,0.491494298688912,390.633113161021,237.344639647876,49.1494298688912
2022-01-27,632417,7282,476560,5793,155857,1489,517233,6169,2551414,7153,3068647,13322,29,8348,52,16700,8726,47,"East TN",2455501,1731.62218219418,0.48069209375131,542.536940526597,296.558624899766,48.069209375131
2022-01-28,637398,4981,480278,3718,157120,1263,521176,3943,2556254,4840,3077430,8783,38,8386,42,16742,8761,35,"East TN",2455501,1636.28522244544,0.472064965872542,357.686679826235,202.85066061875,47.2064965872542
2022-01-29,641483,4085,483565,3287,157918,798,524740,3564,2561685,5431,3086425,8995,5,8391,31,16773,8799,38,"East TN",2455501,1557.44184180744,0.463850797043638,366.32035580519,166.361162141657,46.3850797043638
2022-01-30,643557,2074,485077,1512,158480,562,526339,1599,2564162,2477,3090501,4076,17,8408,24,16797,8844,45,"East TN",2455501,1494.60334163985,0.456490527170012,165.994638161418,84.4634150016636,45.6490527170012
2022-01-31,647493,3936,487559,2482,159934,1454,528927,2588,2567093,2931,3096020,5519,68,8476,38,16835,8882,38,"East TN",2455501,1380.98090776587,0.453286729817807,224.760649659682,160.293154024372,45.3286729817807
2022-02-01,652481,4988,491100,3541,161381,1447,532855,3928,2572352,5259,3105207,9187,28,8504,40,16875,8914,32,"East TN",2455501,1351.00739115969,0.445404714665232,374.139534050281,203.135734825602,44.5404714665232
2022-02-02,657207,4726,494620,3520,162587,1206,536618,3763,2577251,4899,3113869,8662,21,8525,48,16923,8956,42,"East TN",2455501,1306.1285660238,0.436492210986608,352.75896853636,192.465814511988,43.6492210986608
2022-02-03,666205,8998,497310,2690,168895,6308,539458,2840,2581604,4353,3121062,7193,26,8551,41,16964,8984,28,"East TN",2455501,1376.0124715893,0.424019841648383,292.934109984073,366.44253046527,42.4019841648383
2022-02-04,669751,3546,499840,2530,169911,1016,542213,2755,2586194,4590,3128407,7345,12,8563,38,17002,9013,29,"East TN",2455501,1317.57225918458,0.412676305000294,299.124292761436,144.41044821403,41.2676305000294
2022-02-05,671433,1682,501025,1185,170408,497,543554,1341,2588817,2623,3132371,3964,3,8566,26,17028,9057,44,"East TN",2455501,1219.71035646086,0.409480694728594,161.433450851781,68.4992594179355,40.9480694728594
2022-02-06,672746,1313,501977,952,170769,361,544646,1092,2591470,2653,3136116,3745,1,8567,36,17064,9090,33,"East TN",2455501,1188.71871768735,0.401337279403705,152.514700665974,53.4717762281506,40.1337279403705
2022-02-07,675565,2819,503814,1837,171751,982,546626,1980,2594356,2886,3140982,4866,50,8617,46,17110,9122,32,"East TN",2455501,1143.22901925106,0.393643521195676,198.167298649033,114.803455588086,39.3643521195676
2022-02-08,678239,2674,505528,1714,172711,960,548523,1897,2597024,2668,3145547,4565,21,8638,43,17153,9159,37,"East TN",2455501,1048.99163144303,0.388398611799703,185.909107754385,108.898347017574,38.8398611799703
2022-02-09,681149,2910,507611,2083,173538,827,550841,2318,2600695,3671,3151536,5989,26,8664,28,17181,9192,33,"East TN",2455501,975.035237208211,0.377598428332493,243.901346405479,118.509420277165,37.7598428332493
2022-02-10,683661,2512,509393,1782,174268,730,552817,1976,2603904,3209,3156721,5185,28,8692,31,17212,9230,38,"East TN",2455501,710.89362211622,0.374631930227993,211.158537504159,102.300915373278,37.4631930227993
2022-02-11,685959,2298,511119,1726,174840,572,554716,1899,2607268,3364,3161984,5263,31,8723,41,17253,9261,31,"East TN",2455501,660.068963523126,0.37236798999315,214.335078666227,93.5857896209368,37.236798999315
2022-02-12,686893,934,511807,688,175086,246,555500,784,2609771,2503,3165271,3287,3,8726,17,17270,9304,43,"East TN",2455501,629.606748276625,0.363100303951368,133.862702560496,38.0370441714339,36.3100303951368
2022-02-13,687470,577,512224,417,175246,160,555985,485,2611171,1400,3167156,1885,35,8761,11,17281,9328,24,"East TN",2455501,599.633231670441,0.365302835051546,76.7664114166518,23.4982596219672,36.5302835051546
2022-02-14,689720,2250,513661,1437,176059,813,557616,1631,2614178,3007,3171794,4638,146,8907,26,17307,9359,31,"East TN",2455501,576.46077114202,0.356679215889913,188.882024482987,91.630995059664,35.6679215889913
2022-02-15,691617,1897,515061,1400,176556,497,559158,1542,2617043,2865,3176201,4407,37,8944,30,17337,9389,30,"East TN",2455501,544.817534181416,0.346936778234488,179.474575656862,77.25511005697,34.6936778234488
2022-02-16,693391,1774,516300,1239,177091,535,560534,1376,2620248,3205,3180782,4581,14,8958,20,17357,9411,22,"East TN",2455501,498.554062897958,0.331429939136976,186.560705941476,72.2459489937084,33.1429939136976
2022-02-17,695170,1779,517557,1257,177613,522,561922,1388,2623770,3522,3185692,4910,13,8971,23,17380,9435,24,"East TN",2455501,468.702720951855,0.314279797038418,199.959193663533,72.4495734271743,31.4279797038418
2022-02-18,696353,1183,518285,728,178068,455,562762,840,2626735,2965,3189497,3805,8,8979,10,17390,9463,28,"East TN",2455501,423.294472288954,0.292443572129539,154.958193867565,48.1775409580367,29.2443572129539
2022-02-19,696890,537,518630,345,178260,192,563177,415,2628836,2101,3192013,2516,1,8980,15,17405,9497,34,"East TN",2455501,407.12669227176,0.287076508862464,102.463814920051,21.8692641542398,28.7076508862464
2022-02-20,697258,368,518862,232,178396,136,563450,273,2630271,1435,3193721,1708,8,8988,5,17410,9513,16,"East TN",2455501,398.615190952885,0.281008846226238,69.5581064719583,14.9867583030917,28.1008846226238
2022-02-21,697986,728,519277,415,178709,313,563901,451,2631822,1551,3195723,2002,7,8995,14,17424,9533,20,"East TN",2455501,336.631913405859,0.262652012202767,81.5312231597544,29.647717512638,26.2652012202767
2022-02-22,699167,1181,519933,656,179234,525,564633,732,2634172,2350,3198805,3082,44,9039,23,17447,9552,19,"East TN",2455501,307.472894533539,0.242213767474783,125.514100788393,48.0960911846503,24.2213767474783
2022-02-23,700034,867,520405,472,179629,395,565166,533,2636769,2597,3201935,3130,79,9118,10,17457,9580,28,"East TN",2455501,270.535422302821,0.218976031768543,127.468895349666,35.3084767629905,21.8976031768543
2022-02-24,700891,857,520892,487,179999,370,565733,567,2639271,2502,3205004,3069,50,9168,13,17470,9601,21,"East TN",2455501,232.987076771706,0.197338442419221,124.984677261382,34.9012278960587,19.7338442419221
2022-02-25,701656,765,521346,454,180310,311,566241,508,2641649,2378,3207890,2886,5,9173,25,17495,9617,16,"East TN",2455501,215.964074133955,0.189148045452074,117.532022996529,31.1545383202858,18.9148045452074
2022-02-26,701911,255,521526,180,180385,75,566458,217,2643385,1736,3209843,1953,0,9173,6,17501,9635,18,"East TN",2455501,204.479656086477,0.184015703869882,79.5357037117883,10.3848461067619,18.4015703869882
2022-02-27,701934,23,521548,22,180386,1,566488,30,2643741,356,3210229,386,4,9177,2,17503,9657,22,"East TN",2455501,190.429570177328,0.184031984492367,15.719806263569,0.936672393943232,18.4031984492367
2022-02-28,702799,865,522006,458,180793,407,567000,512,2646429,2688,3213429,3200,27,9204,19,17522,9678,21,"East TN",2455501,196.008879654295,0.175025415113521,130.319637418189,35.2270269896042,17.5025415113521
2022-03-01,703563,764,522369,363,181194,401,567404,404,2648648,2219,3216052,2623,28,9232,17,17539,9694,16,"East TN",2455501,179.026601903237,0.1606656230069,106.821377796222,31.1138134335926,16.06656230069
2022-03-02,704023,460,522635,266,181388,194,567717,313,2650961,2313,3218678,2626,8,9240,11,17550,9717,23,"East TN",2455501,162.451573019111,0.152362181210058,106.943552456301,18.7334478788646,15.2362181210058
2022-03-03,704381,358,522823,188,181558,170,567940,223,2652917,1956,3220857,2179,15,9255,11,17561,9733,16,"East TN",2455501,142.129854559212,0.139216552072163,88.7395281044479,14.5795094361599,13.9216552072163
2022-03-04,704717,336,523036,213,181681,123,568205,265,2655159,2242,3223364,2507,10,9265,10,17571,9743,10,"East TN",2455501,124.658878167836,0.126922579811296,102.097290939812,13.6835619289098,12.6922579811296
2022-03-05,704860,143,523139,103,181721,40,568322,117,2656871,1712,3225193,1829,0,9265,7,17578,9760,17,"East TN",2455501,120.0976908582,0.1214332247557,74.4858177618335,5.82365879712531,12.14332247557
2022-03-06,704959,99,523198,59,181761,40,568394,72,2658082,1211,3226476,1283,2,9267,4,17582,9770,10,"East TN",2455501,123.192782246882,0.117313965655198,52.2500296273551,4.03176378262522,11.7313965655198
2022-03-07,705231,272,523374,176,181857,96,568610,216,2659790,1708,3228400,1924,13,9280,12,17594,9781,11,"East TN",2455501,99.0429244378235,0.107541246409725,78.354681997686,11.077169180546,10.7541246409725
2022-03-08,705494,263,523474,100,182020,163,568734,124,2661542,1752,3230276,1876,27,9307,9,17603,9797,16,"East TN",2455501,78.6397562045383,0.093503937007874,76.3998874364132,10.7106452003074,9.3503937007874
2022-03-09,705787,293,523601,127,182186,166,568883,149,2663553,2011,3232436,2160,23,9330,7,17610,9807,10,"East TN",2455501,71.8387001267766,0.0847506905073412,87.9657552572774,11.9323918011029,8.47506905073412
2022-03-10,705974,187,523702,101,182272,86,569014,131,2665649,2096,3234663,2227,75,9405,3,17613,9816,9,"East TN",2455501,64.8747445022421,0.0777922642329422,90.6943226657208,7.61555381162541,7.77922642329422
2022-03-11,706184,210,523793,91,182391,119,569119,105,2667839,2190,3236958,2295,79,9484,5,17618,9832,16,"East TN",2455501,59.7434087789009,0.0672355450934236,93.4636149608573,8.55222620556864,6.72355450934236
2022-03-12,706253,69,523828,35,182425,34,569160,41,2669124,1285,3238284,1326,0,9484,3,17621,9841,9,"East TN",2455501,56.7297671636053,0.0640134443510809,54.001199755162,2.8100171818297,6.40134443510809
2022-03-13,706344,91,523881,53,182463,38,569230,70,2670733,1609,3239963,1679,4,9488,5,17626,9847,6,"East TN",2455501,56.4039680700598,0.0619856157781567,68.3770847578559,3.70596468907974,6.19856157781567
2022-03-14,706502,158,523964,83,182538,75,569336,106,2671818,1085,3241154,1191,69,9557,3,17629,9858,11,"East TN",2455501,51.7613309870369,0.0569233181746903,48.5033400515821,6.43453209752307,5.69233181746903
2022-03-15,706688,186,524043,79,182645,107,569427,91,2673252,1434,3242679,1525,4,9561,1,17630,9866,8,"East TN",2455501,48.6255147116617,0.0558735789728292,62.1054522071056,7.57482892493222,5.58735789728292
2022-03-16,706842,154,524135,92,182707,62,569537,110,2674819,1567,3244356,1677,10,9571,5,17635,9872,6,"East TN",2455501,42.9647554613091,0.0548657718120805,68.2956349844696,6.27163255075034,5.48657718120805
2022-03-17,706984,142,524231,96,182753,46,569654,117,2676118,1299,3245772,1416,7,9578,1,17636,9881,9,"East TN",2455501,41.1321355601158,0.0576109460797552,57.6664395575485,5.78293391043213,5.76109460797552
2022-03-18,707128,144,524319,88,182809,56,569748,94,2677610,1492,3247358,1586,2,9580,1,17637,9892,11,"East TN",2455501,38.4442930383657,0.0604807692307692,64.5896702953898,5.8643836838185,6.04807692307692
2022-03-19,707201,73,524377,58,182824,15,569814,66,2678783,1173,3248597,1239,0,9580,1,17638,9897,5,"East TN",2455501,38.6071925851384,0.0634151071463202,50.458134612855,2.97291672860243,6.34151071463202
2022-03-20,707269,68,524427,50,182842,18,569873,59,2679438,655,3249311,714,3,9583,0,17638,9903,6,"East TN",2455501,37.6705201911952,0.0687847667950364,29.0775690989334,2.76929229513651,6.87847667950364
2022-03-21,707366,97,524493,66,182873,31,569951,78,2680326,888,3250277,966,16,9599,1,17639,9909,6,"East TN",2455501,35.186302102911,0.0674120355146333,39.3402405456157,3.95031400923885,6.74120355146333
2022-03-22,707451,85,524549,56,182902,29,570016,65,2681330,1004,3251346,1069,2,9601,5,17644,9916,7,"East TN",2455501,31.0730885468994,0.067958924656744,43.5349038750137,3.46161536892064,6.7958924656744
2022-03-23,707546,95,524623,74,182923,21,570095,79,2682773,1443,3252868,1522,11,9612,0,17644,9926,10,"East TN",2455501,28.6703202320015,0.0655545112781955,61.983277547026,3.86886423585248,6.55545112781955
2022-03-24,707651,105,524657,34,182994,71,570138,43,2683857,1084,3253995,1127,5,9617,0,17644,9934,8,"East TN",2455501,27.1634994243537,0.0588592970935182,45.8969473032184,4.27611310278432,5.88592970935182
2022-03-25,707716,65,524704,47,183012,18,570196,58,2685311,1454,3255507,1512,0,9617,2,17646,9939,5,"East TN",2455501,23.9462333755922,0.0549760706835195,61.5760286800942,2.64711763505696,5.49760706835194
2022-03-26,707757,41,524737,33,183020,8,570235,39,2686308,997,3256543,1036,0,9617,1,17647,9948,9,"East TN",2455501,22.6430370014103,0.0529826327712056,42.1909826141386,1.66972035442054,5.29826327712056
2022-03-27,707778,21,524752,15,183026,6,570252,17,2686754,446,3257006,463,2,9619,3,17650,9952,4,"East TN",2455501,20.7289673268307,0.0492527615334633,18.8556225389442,0.855222620556864,4.92527615334633
2022-03-28,707891,113,524801,49,183090,64,570314,62,2688176,1422,3258490,1484,30,9649,2,17652,9958,6,"East TN",2455501,21.3805655139216,0.0441982223304517,60.435731852685,4.60191219632979,4.41982223304517
2022-03-29,708006,115,524856,55,183150,60,570374,60,2689286,1110,3259660,1170,6,9655,0,17652,9969,11,"East TN",2455501,22.6023121147171,0.0430598989656002,47.6481174310253,4.68336196971616,4.30598989656002
2022-03-30,708106,100,524915,59,183191,41,570439,65,2690666,1380,3261105,1445,6,9661,4,17656,9975,6,"East TN",2455501,22.805936548183,0.0417627777103314,58.8474612716509,4.0724886693184,4.17627777103314
2022-03-31,708190,84,524970,55,183220,29,570506,67,2691849,1183,3262355,1250,8,9669,0,17656,9976,1,"East TN",2455501,21.9507139276262,0.0440191387559809,50.90610836648,3.42089048222746,4.40191387559809
2022-04-01,708287,97,525023,53,183264,44,570569,63,2693126,1277,3263695,1340,15,9684,0,17656,9980,4,"East TN",2455501,23.2539103018081,0.0455544699560332,54.5713481688666,3.95031400923885,4.55544699560332
2022-04-02,708373,86,525049,26,183324,60,570600,31,2693928,802,3264528,833,0,9684,1,17657,9985,5,"East TN",2455501,25.0865302030013,0.0457107075767063,33.9238306154223,3.50234025561382,4.57107075767063
2022-04-03,708397,24,525061,12,183336,12,570617,17,2694408,480,3265025,497,10,9694,0,17657,9988,3,"East TN",2455501,25.2087048630809,0.0455168973687492,20.2402686865124,0.977397280636416,4.55168973687492
2022-04-04,708487,90,525112,51,183375,39,570676,59,2695416,1008,3266092,1067,51,9745,4,17661,9990,2,"East TN",2455501,24.2720324691377,0.0476190476190476,43.4534541016273,3.66523980238656,4.76190476190476
2022-04-05,708583,96,525152,40,183431,56,570725,49,2696431,1015,3267156,1064,36,9781,1,17662,9994,4,"East TN",2455501,23.4982596219672,0.0468249733191035,43.3312794415478,3.90958912254566,4.68249733191035
2022-04-06,708684,101,525207,55,183477,46,570788,63,2697598,1167,3268386,1230,0,9781,0,17662,9999,5,"East TN",2455501,23.5389845086604,0.0479329762395275,50.0916106326163,4.11321355601158,4.79329762395275
2022-04-07,708869,185,525254,47,183615,138,570844,56,2698710,1112,3269554,1168,53,9834,1,17663,9999,0,"East TN",2455501,27.6521980646719,0.0469509654118628,47.5666676576389,7.53410403823904,4.69509654118628
2022-04-08,708938,69,525305,51,183633,18,570899,55,2699929,1219,3270828,1274,6,9840,0,17663,10001,2,"East TN",2455501,26.5119012372628,0.0462638441048647,51.8835056471164,2.8100171818297,4.62638441048647
2022-04-09,708992,54,525335,30,183657,24,570940,41,2700790,861,3271730,902,0,9840,0,17663,10004,3,"East TN",2455501,25.2087048630809,0.0472091085809497,36.733847797252,2.19914388143194,4.72091085809497
2022-04-10,709058,66,525370,35,183688,31,570982,42,2701423,633,3272405,675,1,9841,1,17664,10005,1,"East TN",2455501,26.9191501041946,0.0494579945799458,27.4892985178992,2.68784252175014,4.94579945799458
2022-04-11,709163,105,525437,67,183726,38,571058,76,2702330,907,3273388,983,5,9846,2,17666,10009,4,"East TN",2455501,27.5300234045924,0.0523574561403509,40.0325636193999,4.27611310278432,5.23574561403509
2022-04-12,709254,91,525493,56,183761,35,571127,69,2703343,1013,3274470,1082,26,9872,2,17668,10013,4,"East TN",2455501,27.3263989711265,0.0549630844954881,44.0643274020251,3.70596468907974,5.49630844954881
2022-04-13,709379,125,525572,79,183807,46,571212,85,2704536,1193,3275748,1278,0,9872,1,17669,10017,4,"East TN",2455501,28.3037962517629,0.0575930453681065,52.0464051938891,5.090610836648,5.75930453681065
2022-04-14,709482,103,525619,47,183863,56,571264,52,2705570,1034,3276834,1086,3,9875,1,17670,10021,4,"East TN",2455501,24.9643555429218,0.0576923076923077,44.2272269487978,4.19466332939795,5.76923076923077
2022-04-15,709559,77,525670,51,183889,26,571326,62,2706603,1033,3277929,1095,1,9876,1,17671,10022,1,"East TN",2455501,25.2901546364673,0.0601323757217293,44.5937509290365,3.13581627537517,6.01323757217293
2022-04-16,709619,60,525716,46,183903,14,571379,53,2707347,744,3278726,797,0,9876,1,17672,10023,1,"East TN",2455501,25.5345039566264,0.0627501429388222,32.4577346944676,2.44349320159104,6.27501429388222
2022-04-17,709657,38,525743,27,183914,11,571412,33,2707948,601,3279360,634,0,9876,0,17672,10025,2,"East TN",2455501,24.3942071292172,0.0618260244428469,25.8195781634787,1.54754569434099,6.18260244428469
2022-04-18,709889,232,525871,128,184018,104,571551,139,2708831,883,3280382,1022,-1,9875,2,17674,10025,0,"East TN",2455501,29.5662677392516,0.07048899056334,41.620834200434,9.44817371281869,7.048899056334
2022-04-19,710006,117,525934,63,184072,54,571615,64,2709789,958,3281404,1022,2,9877,2,17676,10028,3,"East TN",2455501,30.6251147932744,0.0703778482838189,41.620834200434,4.76481174310253,7.03778482838189
2022-04-20,710146,140,526025,91,184121,49,571716,101,2711218,1429,3282934,1530,8,9885,1,17677,10030,2,"East TN",2455501,31.2359880936721,0.0701363762872252,62.3090766405715,5.70148413704576,7.01363762872252
2022-04-21,710265,119,526106,81,184159,38,571805,89,2712360,1142,3284165,1231,5,9890,1,17678,10033,3,"East TN",2455501,31.8875862807631,0.0737962078843268,50.1323355193095,4.8462615164889,7.37962078843268
2022-04-22,710388,123,526190,84,184198,39,571895,90,2713440,1080,3285335,1170,3,9893,0,17678,10036,3,"East TN",2455501,33.7609310686495,0.0768295976235485,47.6481174310253,5.00916106326163,7.68295976235485
2022-04-23,710465,77,526239,49,184226,28,571945,50,2714297,857,3286242,907,0,9893,0,17678,10037,1,"East TN",2455501,34.4532541424337,0.0753060138371474,36.9374722307179,3.13581627537517,7.53060138371474
2022-04-24,710536,71,526279,40,184257,31,571991,46,2714964,667,3286955,713,2,9895,1,17679,10042,5,"East TN",2455501,35.7971754033087,0.0762343647136274,29.0368442122402,2.89146695521606,7.62343647136274
2022-04-25,710725,189,526378,99,184347,90,572089,98,2715699,735,3287788,833,0,9895,5,17684,10045,3,"East TN",2455501,34.0460052755018,0.0726438023224413,33.9238306154223,7.69700358501178,7.26438023224413
2022-04-26,710900,175,526491,113,184409,62,572210,121,2716934,1235,3289144,1356,0,9895,0,17684,10050,5,"East TN",2455501,36.4080487037065,0.0768733850129199,55.2229463559575,7.1268551713072,7.68733850129199
2022-04-27,711092,192,526590,99,184502,93,572312,102,2718129,1195,3290441,1297,0,9895,2,17686,10053,3,"East TN",2455501,38.5257428117521,0.079392566937525,52.8201780410596,7.81917824509133,7.9392566937525
2022-04-28,711244,152,526679,89,184565,63,572411,99,2719290,1161,3291701,1260,4,9899,1,17687,10058,5,"East TN",2455501,39.8696640726271,0.0804140127388535,51.3133572334118,6.19018277736397,8.04140127388535
2022-04-29,711383,139,526765,86,184618,53,572503,92,2720452,1162,3292955,1254,2,9901,0,17687,10060,2,"East TN",2455501,40.5212622597181,0.0797900262467192,51.0690079132527,5.66075925035258,7.97900262467192
2022-04-30,711458,75,526821,56,184637,19,572565,62,2721182,730,3293747,792,0,9901,0,17687,10060,0,"East TN",2455501,40.4398124863317,0.0826115922718188,32.2541102610017,3.0543665019888,8.26115922718188
2022-05-01,711514,56,526854,33,184660,23,572598,33,2721675,493,3294273,526,0,9901,0,17687,10063,3,"East TN",2455501,39.828939185934,0.0829461601530473,21.4212904006148,2.2805936548183,8.29461601530473
2022-05-02,711700,186,526984,130,184716,56,572745,147,2722701,1026,3295446,1173,6,9907,2,17689,10064,1,"East TN",2455501,39.7067645258544,0.0856620527552886,47.7702920911048,7.57482892493222,8.56620527552886
2022-05-03,711885,185,527092,108,184793,77,572865,120,2723648,947,3296513,1067,2,9909,1,17690,10065,1,"East TN",2455501,40.1140133927862,0.0888858732528159,43.4534541016273,7.53410403823904,8.88858732528159
2022-05-04,712148,263,527260,168,184888,95,573041,176,2724923,1275,3297964,1451,3,9912,2,17692,10065,0,"East TN",2455501,43.0054803480023,0.0969028313172936,59.09181059181,10.7106452003074,9.69028313172936
2022-05-05,712367,219,527404,144,184963,75,573193,152,2726044,1121,3299237,1273,1,9913,2,17694,10067,2,"East TN",2455501,45.7340477564456,0.103768577494692,51.8427807604232,8.9187501858073,10.3768577494692
2022-05-06,712590,223,527547,143,185043,80,573347,154,2727262,1218,3300609,1372,1,9914,2,17696,10070,3,"East TN",2455501,49.1549382386731,0.110269140318788,55.8745445430484,9.08164973258003,11.0269140318788
2022-05-07,712708,118,527625,78,185083,40,573439,92,2728134,872,3301573,964,0,9914,2,17698,10071,1,"East TN",2455501,50.90610836648,0.111679018655763,39.2587907722294,4.80553662979571,11.1679018655763
2022-05-08,712819,111,527705,80,185114,31,573524,85,2728785,651,3302309,736,0,9914,1,17699,10072,1,"East TN",2455501,53.1459771346051,0.115231458437033,29.9735166061834,4.52046242294342,11.5231458437033
2022-05-09,713050,231,527836,131,185214,100,573663,139,2729767,982,3303430,1121,13,9927,2,17701,10073,1,"East TN",2455501,54.9785970357984,0.11497995991984,45.6525979830593,9.4074488261255,11.497995991984
2022-05-10,713346,296,528008,172,185338,124,573846,183,2731278,1511,3305124,1694,9,9936,4,17705,10075,2,"East TN",2455501,59.4990594587418,0.113924050632911,68.9879580582537,12.0545664611825,11.3924050632911
2022-05-11,713630,284,528206,198,185424,86,574058,212,2732363,1085,3306421,1297,1,9937,0,17705,10076,1,"East TN",2455501,60.3542820792987,0.120255409719759,52.8201780410596,11.5658678208643,12.0255409719759
2022-05-12,713864,234,528369,163,185495,71,574235,177,2733639,1276,3307874,1453,2,9939,2,17707,10077,1,"East TN",2455501,60.9651553796964,0.12064374204006,59.1732603651963,9.52962348620506,12.064374204006
2022-05-13,714145,281,528566,197,185579,84,574443,208,2734990,1351,3309433,1559,0,9939,0,17707,10079,2,"East TN",2455501,63.3271988079011,0.124206708975521,63.4900983546738,11.4436931607847,12.4206708975521
2022-05-14,714255,110,528645,79,185610,31,574526,83,2735717,727,3310243,810,0,9939,1,17708,10083,4,"East TN",2455501,63.0013997143556,0.125374855824683,32.987158221479,4.47973753625024,12.5374855824683
2022-05-15,714439,184,528777,132,185662,52,574670,144,2736569,852,3311239,996,0,9939,3,17711,10086,3,"East TN",2455501,65.9743164429581,0.128331466965286,40.5619871464113,7.49337915154586,12.8331466965286
2022-05-16,714749,310,528971,194,185778,116,574868,198,2737928,1359,3312796,1557,2,9941,3,17714,10090,4,"East TN",2455501,69.1915824917196,0.128656843903481,63.4086485812875,12.624714874887,12.8656843903481
2022-05-17,715162,413,529193,222,185969,191,575104,236,2739176,1248,3314280,1484,16,9957,0,17714,10093,3,"East TN",2455501,73.9563942348221,0.13739624290083,60.435731852685,16.819378204285,13.739624290083
2022-05-18,715527,365,529415,222,186112,143,575342,238,2740565,1389,3315907,1627,7,9964,3,17717,10094,1,"East TN",2455501,77.25511005697,0.135357368753953,66.2593906498104,14.8645836430122,13.5357368753953
2022-05-19,715950,423,529696,281,186254,142,575634,292,2741985,1420,3317619,1712,31,9995,4,17721,10096,2,"East TN",2455501,84.9521136419818,0.143560800410467,69.721006018731,17.2266270712168,14.3560800410467
2022-05-20,716387,437,529965,269,186422,168,575915,281,2743385,1400,3319300,1681,0,9995,5,17726,10097,1,"East TN",2455501,91.3051959661185,0.149184149184149,68.4585345312423,17.7967754849214,14.9184149184149
2022-05-21,716601,214,530105,140,186496,74,576069,154,2744427,1042,3320496,1196,0,9995,4,17730,10098,1,"East TN",2455501,95.5405841822097,0.150492538769141,48.7069644850481,8.71512575234138,15.0492538769141
2022-05-22,716772,171,530238,133,186534,38,576213,144,2745442,1015,3321655,1159,5,10000,5,17735,10099,1,"East TN",2455501,95.0111606551983,0.148137480798771,47.2001436774003,6.96395562453446,14.8137480798771
2022-05-23,717155,383,530483,245,186672,138,576460,247,2746634,1192,3323094,1439,6,10006,4,17739,10102,3,"East TN",2455501,97.9840773838007,0.154593124878617,58.6031119514918,15.5976316034895,15.4593124878617
2022-05-24,717727,572,530784,301,186943,271,576775,315,2748072,1438,3324847,1753,0,10006,3,17742,10103,1,"East TN",2455501,104.459334368017,0.158133812813476,71.3907263731516,23.2946351885012,15.8133812813476
2022-05-25,718205,478,531110,326,187095,152,577128,353,2749558,1486,3326686,1839,18,10024,2,17744,10105,2,"East TN",2455501,109.061246564347,0.165692550329344,74.8930666287654,19.466495839342,16.5692550329344
2022-05-26,718701,496,531414,304,187287,192,577445,317,2751056,1498,3328501,1815,12,10036,3,17747,10111,6,"East TN",2455501,112.034163292949,0.166421613673957,73.915669348129,20.1995437998193,16.6421613673957
2022-05-27,719119,418,531684,270,187435,148,577722,277,2753006,1950,3330728,2227,4,10040,5,17752,10112,1,"East TN",2455501,111.260390445779,0.158120406020301,90.6943226657208,17.0230026377509,15.8120406020301
2022-05-28,719405,286,531903,219,187502,67,577950,228,2754066,1060,3332016,1288,0,10040,0,17752,10114,2,"East TN",2455501,114.192582287688,0.16328125,52.453654060821,11.6473175942506,16.328125
2022-05-29,719657,252,532052,149,187605,103,578110,160,2754954,888,3333064,1048,0,10040,2,17754,10118,4,"East TN",2455501,117.491298109836,0.166272241213077,42.6796812544568,10.2626714466824,16.6272241213077
2022-05-30,719871,214,532195,143,187676,71,578263,153,2755665,711,3333928,864,0,10040,5,17759,10118,0,"East TN",2455501,110.608792258688,0.16642052796751,35.186302102911,8.71512575234138,16.642052796751
2022-05-31,720390,519,532493,298,187897,221,578563,300,2756592,927,3335155,1227,2,10042,4,17763,10118,0,"East TN",2455501,108.450373263949,0.173457508731083,49.9694359725368,21.1362161937625,17.3457508731083
2022-06-01,721059,669,532888,395,188171,274,578996,433,2757950,1358,3336946,1791,1,10043,5,17768,10119,1,"East TN",2455501,116.228826622347,0.182066276803119,72.9382720674925,27.2449491977401,18.2066276803119
2022-06-02,721625,566,533275,387,188350,179,579413,417,2759483,1533,3338896,1950,0,10043,3,17771,10120,1,"East TN",2455501,119.07956869087,0.189321789321789,79.4135290517088,23.0502858683421,18.9321789321789
2022-06-03,722256,631,533680,405,188576,226,579842,429,2761042,1559,3340884,1988,1,10044,4,17775,10123,3,"East TN",2455501,127.753969556518,0.208743599842458,80.9610747460498,25.6974035033991,20.8743599842458
2022-06-04,722566,310,533926,246,188640,64,580109,267,2762198,1156,3342307,1423,0,10044,1,17776,10125,2,"East TN",2455501,128.731366837155,0.209794966475561,57.9515137644008,12.624714874887,20.9794966475561
2022-06-05,722901,335,534158,232,188743,103,580354,245,2763192,994,3343546,1239,3,10047,3,17779,10125,0,"East TN",2455501,132.111532432689,0.214081282198054,50.458134612855,13.6428370422166,21.4081282198054
2022-06-06,723446,545,534465,307,188981,238,580674,320,2764284,1092,3344958,1412,0,10047,4,17783,10127,2,"East TN",2455501,145.591469928133,0.218585675430644,57.5035400107758,22.1950632477853,21.8585675430644
2022-06-07,724091,645,534819,354,189272,291,581035,361,2765337,1053,3346372,1414,3,10050,6,17789,10128,1,"East TN",2455501,150.722805651474,0.220379780690024,57.5849897841622,26.2675519171037,22.0379780690024
2022-06-08,724736,645,535244,425,189492,220,581495,460,2766950,1613,3348445,2073,0,10050,4,17793,10129,1,"East TN",2455501,149.745408370838,0.217323245499609,84.4226901149704,26.2675519171037,21.7323245499609
2022-06-09,725353,617,535645,401,189708,216,581921,426,2768439,1489,3350360,1915,10,10060,3,17796,10133,4,"East TN",2455501,151.82237759219,0.218771807397069,77.9881580174473,25.1272550896945,21.8771807397069
2022-06-10,725971,618,536010,365,189961,253,582318,397,2770127,1688,3352445,2085,1,10061,2,17798,10134,1,"East TN",2455501,151.292954065179,0.2141683245394,84.9113887552886,25.1679799763877,21.41683245394
2022-06-11,726340,369,536312,302,190028,67,582658,340,2771221,1094,3353879,1434,0,10061,6,17804,10136,2,"East TN",2455501,153.695722380076,0.22027307293467,58.3994875180259,15.0274831897849,22.027307293467
2022-06-12,726659,319,536468,156,190191,163,582824,166,2771783,562,3354607,728,2,10063,3,17807,10141,5,"East TN",2455501,153.044124192985,0.223307115089052,29.647717512638,12.9912388551257,22.3307115089052
2022-06-13,727243,584,536796,328,190447,256,583159,335,2772555,772,3355714,1107,5,10068,7,17814,10146,5,"East TN",2455501,154.63239477402,0.231033841576794,45.0824495693547,23.7833338288195,23.1033841576794
2022-06-14,727954,711,537185,389,190769,322,583580,421,2773841,1286,3357421,1707,3,10071,5,17819,10148,2,"East TN",2455501,157.32023729577,0.230337587111956,69.5173815852651,28.9553944388538,23.0337587111956
2022-06-15,728661,707,537646,461,191015,246,584069,489,2775283,1442,3359352,1931,11,10082,11,17830,10153,5,"East TN",2455501,159.845180270747,0.235995232419547,78.6397562045383,28.7924948920811,23.5995232419547
2022-06-16,729332,671,538081,435,191251,236,584521,452,2776586,1303,3361107,1755,6,10088,4,17834,10155,2,"East TN",2455501,162.044324152179,0.241927979901368,71.4721761465379,27.3263989711265,24.1927979901368
2022-06-17,729917,585,538433,352,191484,233,584901,380,2777823,1237,3362724,1617,7,10095,5,17839,10160,5,"East TN",2455501,160.700402891304,0.251289035898434,65.8521417828785,23.8240587155126,25.1289035898434
2022-06-18,730273,356,538715,282,191558,74,585206,305,2778797,974,3364003,1279,0,10095,6,17845,10161,1,"East TN",2455501,160.170979364293,0.251679178190439,52.0871300805823,14.4980596627735,25.1679178190439
2022-06-19,730668,395,538942,227,191726,168,585451,245,2779660,863,3365111,1108,1,10096,2,17847,10162,1,"East TN",2455501,163.266070752975,0.250095201827875,45.1231744560479,16.0863302438077,25.0095201827875
2022-06-20,731319,651,539297,355,192022,296,585819,368,2780486,826,3366305,1194,1,10097,8,17855,10165,3,"East TN",2455501,165.994638161418,0.251156642432254,48.6255147116617,26.5119012372628,25.1156642432254
2022-06-21,732167,848,539755,458,192412,390,586302,483,2781478,992,3367780,1475,1,10098,5,17860,10165,0,"East TN",2455501,171.573947638384,0.262766676320108,60.0692078724464,34.53470391582,26.2766676320108
2022-06-22,733122,955,540407,652,192715,303,586991,689,2783058,1580,3370049,2269,0,10098,5,17865,10167,2,"East TN",2455501,181.673719538294,0.273160699261475,92.4047679068345,38.8922667919907,27.3160699261475
2022-06-23,733967,845,540948,541,193019,304,587552,561,2784455,1397,3372007,1958,1,10099,6,17871,10172,5,"East TN",2455501,188.759849822908,0.278073394495413,79.7393281452543,34.4125292557405,27.8073394495413
2022-06-24,734702,735,541446,498,193256,237,588086,534,2786094,1639,3374180,2173,0,10099,9,17880,10177,5,"East TN",2455501,194.868582826885,0.278020251396648,88.4951787842888,29.9327917194902,27.8020251396648
2022-06-25,735161,459,541705,259,193456,200,588372,286,2787102,1008,3375474,1294,1,10100,2,17882,10178,1,"East TN",2455501,199.063246156283,0.276000348705431,52.6980033809801,18.6927229921715,27.6000348705431
2022-06-26,735616,455,541984,279,193632,176,588660,288,2788007,905,3376667,1193,1,10101,4,17886,10179,1,"East TN",2455501,201.506739357874,0.277691242644514,48.5847898249685,18.5298234453987,27.7691242644514
2022-06-27,736374,758,542411,427,193963,331,589101,441,2788949,942,3378050,1383,8,10109,7,17893,10181,2,"East TN",2455501,205.864302234045,0.279438058748404,56.3225182966735,30.8694641134335,27.9438058748404
2022-06-28,737356,982,543002,591,194354,391,589717,616,2790259,1310,3379976,1926,3,10112,7,17900,10184,3,"East TN",2455501,211.321437050932,0.280009839291571,78.4361317710724,39.9918387327067,28.0009839291571
2022-06-29,738338,982,543554,552,194784,430,590303,586,2791702,1443,3382005,2029,16,10128,5,17905,10189,5,"East TN",2455501,212.421008991648,0.277015724322516,82.6307951004703,39.9918387327067,27.7015724322516
2022-06-30,739241,903,544061,507,195180,396,590848,545,2793128,1426,3383976,1971,2,10130,5,17910,10193,4,"East TN",2455501,214.783052419852,0.275378059988303,80.2687516722657,36.7745726839452,27.5378059988303
2022-07-01,740060,819,544575,514,195485,305,591377,529,2794622,1494,3385999,2023,1,10131,7,17917,10196,3,"East TN",2455501,218.20394290208,0.27844995346476,82.3864457803112,33.3536822017177,27.844995346476
2022-07-02,740552,492,544875,300,195677,192,591704,327,2795600,978,3387304,1305,0,10131,3,17920,10203,7,"East TN",2455501,219.547864162955,0.281656804733728,53.1459771346051,20.0366442530465,28.1656804733728
2022-07-03,741111,559,545212,337,195899,222,592061,357,2796538,938,3388599,1295,0,10131,3,17923,10206,3,"East TN",2455501,223.783252379046,0.285031847133758,52.7387282676733,22.7652116614899,28.5031847133758
2022-07-04,741534,423,545473,261,196061,162,592332,271,2797184,646,3389516,917,1,10132,4,17927,10210,4,"East TN",2455501,210.140415336829,0.281789638932496,37.3447210976497,17.2266270712168,28.1789638932496
2022-07-05,742434,900,546051,578,196383,322,592911,579,2798021,837,3390932,1416,2,10134,7,17934,10214,4,"East TN",2455501,206.800974627988,0.291529755385177,57.6664395575485,36.6523980238656,29.1529755385177
2022-07-06,743593,1159,546776,725,196817,434,593654,743,2799359,1338,3393013,2081,14,10148,15,17949,10218,4,"East TN",2455501,214.009279572682,0.304414970930233,84.7484892085159,47.2001436774003,30.4414970930233
2022-07-07,744655,1062,547375,599,197280,463,594273,619,2800879,1520,3395152,2139,0,10148,9,17958,10229,11,"East TN",2455501,220.484536556898,0.306460272011453,87.1105326367206,43.2498296681614,30.6460272011453
2022-07-08,745733,1078,548048,673,197685,405,594989,716,2802673,1794,3397662,2510,3,10151,7,17965,10233,4,"East TN",2455501,231.032282210433,0.309697333447655,102.219465599892,43.9014278552524,30.9697333447655
2022-07-09,746356,623,548391,343,197965,280,595337,348,2803446,773,3398783,1121,0,10151,3,17968,10236,3,"East TN",2455501,236.36724236724,0.316490983535151,45.6525979830593,25.3716044098536,31.6490983535151
2022-07-10,746756,400,548599,208,198157,192,595547,210,2804057,611,3399604,821,2,10153,5,17973,10243,7,"East TN",2455501,229.891985383024,0.31676510676965,33.4351319751041,16.2899546772736,31.676510676965
2022-07-11,747950,1194,549265,666,198685,528,596247,700,2805487,1430,3401734,2130,6,10159,12,17985,10244,1,"East TN",2455501,261.290873023469,0.320428875429694,86.7440086564819,48.6255147116617,32.0428875429694
2022-07-12,749136,1186,549936,671,199200,515,596955,708,2806932,1445,3403887,2153,21,10180,6,17991,10249,5,"East TN",2455501,272.938190617719,0.312157468159012,87.6806810504252,48.2997156181162,31.2157468159012
2022-07-13,750438,1302,550717,781,199721,521,597772,817,2808510,1578,3406282,2395,1,10181,6,17997,10256,7,"East TN",2455501,278.761849414844,0.310347426332052,97.5361036301757,53.0238024745256,31.0347426332052
2022-07-14,751541,1103,551362,645,200179,458,598445,673,2809861,1351,3408306,2024,1,10182,8,18005,10262,6,"East TN",2455501,280.431569769265,0.317165881100806,82.4271706670044,44.9195500225819,31.7165881100806
2022-07-15,752602,1061,552006,644,200596,417,599108,663,2811424,1563,3410532,2226,0,10182,15,18020,10268,6,"East TN",2455501,279.739246695481,0.32004662004662,90.6535977790276,43.2091047814682,32.004662004662
2022-07-16,753150,548,552307,301,200843,247,599421,313,2812143,719,3411564,1032,1,10183,6,18026,10278,10,"East TN",2455501,276.684880193492,0.319536812455989,42.0280830673659,22.3172379078648,31.9536812455989
2022-07-17,753506,356,552566,259,200940,97,599696,275,2812718,575,3412414,850,1,10184,4,18030,10285,7,"East TN",2455501,274.892985178992,0.323887587822014,34.6161536892064,14.4980596627735,32.3887587822014
2022-07-18,755102,1596,553421,855,201681,741,600620,924,2814331,1613,3414951,2537,5,10189,10,18040,10289,4,"East TN",2455501,291.264389629652,0.330861768933949,103.319037540608,64.9969191623217,33.0861768933949
2022-07-19,756492,1390,554233,812,202259,578,601449,829,2815685,1354,3417134,2183,17,10206,17,18057,10298,9,"East TN",2455501,299.572266515061,0.339246621876651,88.9024276512207,56.6075925035258,33.9246621876651
2022-07-20,757737,1245,554976,743,202761,502,602218,769,2817172,1487,3419390,2256,14,10220,14,18071,10301,3,"East TN",2455501,297.25094797355,0.339182178822093,91.8753443798231,50.7024839330141,33.9182178822093
2022-07-21,759093,1356,555820,844,203273,512,603111,893,2818841,1669,3421952,2562,2,10222,11,18082,10311,10,"East TN",2455501,307.554344306926,0.341931701597538,104.337159707937,55.2229463559575,34.1931701597538
2022-07-22,760466,1373,556640,820,203826,553,603962,851,2820351,1510,3424313,2361,0,10222,5,18087,10317,6,"East TN",2455501,320.260508955199,0.35222407662724,96.1514574826074,55.9152694297416,35.222407662724
2022-07-23,760980,514,556965,325,204015,189,604306,344,2821148,797,3425454,1141,0,10222,6,18093,10319,2,"East TN",2455501,318.875862807631,0.351691864650828,46.4670957169229,20.9325917602966,35.1691864650828
2022-07-24,761577,597,557392,427,204185,170,604750,444,2822028,880,3426778,1324,0,10222,8,18101,10324,5,"East TN",2455501,328.690560500688,0.351851851851852,53.9197499817756,24.3127573558308,35.1851851851852
2022-07-25,762979,1402,558165,773,204814,629,605571,821,2823266,1238,3428837,2059,3,10225,9,18110,10328,4,"East TN",2455501,320.78993248221,0.356546161601613,83.8525417012658,57.096291143844,35.6546161601613
2022-07-26,764517,1538,559187,1022,205330,516,606627,1056,2824704,1438,3431331,2494,9,10234,13,18123,10338,10,"East TN",2455501,326.817215712802,0.364724941889132,101.567867412801,62.634875734117,36.4724941889132
2022-07-27,765683,1166,559902,715,205781,451,607377,750,2825992,1288,3433369,2038,10,10244,4,18127,10339,1,"East TN",2455501,323.59994966404,0.369053580370556,82.997319080709,47.4852178842525,36.9053580370556
2022-07-28,767083,1400,560826,924,206257,476,608350,973,2827622,1630,3435972,2603,10,10254,6,18133,10343,4,"East TN",2455501,325.39184467854,0.373680456490728,106.006880062358,57.0148413704576,37.3680456490727
2022-07-29,768250,1167,561641,815,206609,352,609195,845,2829063,1441,3438258,2286,0,10254,14,18147,10349,6,"East TN",2455501,317.002518019744,0.375259949802797,93.0970909806186,47.5259427709457,37.5259949802797
2022-07-30,768810,560,562049,408,206761,152,609638,443,2830048,985,3439686,1428,0,10254,4,18151,10353,4,"East TN",2455501,318.875862807631,0.374648679033165,58.1551381978667,22.805936548183,37.4648679033165
2022-07-31,769392,582,562443,394,206949,188,610068,430,2830827,779,3440895,1209,0,10254,7,18158,10359,6,"East TN",2455501,318.264989507233,0.376708932492739,49.2363880120595,23.7018840554331,37.6708932492739
2022-08-01,770404,1012,562999,556,207405,456,610662,594,2831605,778,3442267,1372,9,10263,8,18166,10362,3,"East TN",2455501,302.382283696891,0.379076693968727,55.8745445430484,41.2135853335022,37.9076693968727
2022-08-02,771925,1521,563969,970,207956,551,611667,1005,2833233,1628,3444900,2633,12,10275,12,18178,10365,3,"East TN",2455501,301.689960623107,0.371434888348441,107.228626663153,61.9425526603329,37.1434888348441
2022-08-03,773089,1164,564737,768,208352,396,612472,805,2834777,1544,3447249,2349,1,10276,8,18186,10375,10,"East TN",2455501,301.608510849721,0.36707492795389,95.6627588422892,47.4037681108662,36.707492795389
2022-08-04,774342,1253,565575,838,208767,415,613348,876,2836209,1432,3449557,2308,8,10284,10,18196,10386,11,"East TN",2455501,295.621952505823,0.367905778432094,93.9930384878687,51.0282830265595,36.7905778432094
2022-08-05,775528,1186,566339,764,209189,422,614141,793,2837706,1497,3451847,2290,6,10290,4,18200,10394,8,"East TN",2455501,296.395725352993,0.363970858782839,93.2599905273914,48.2997156181162,36.3970858782839
2022-08-06,776013,485,566675,336,209338,149,614500,359,2838350,644,3452850,1003,0,10290,3,18203,10399,5,"East TN",2455501,293.341358851004,0.369340625949559,40.8470613532635,19.7515700461942,36.9340625949559
2022-08-07,776374,361,566935,260,209439,101,614770,270,2838958,608,3453728,878,3,10293,4,18207,10406,7,"East TN",2455501,284.341158891811,0.366399127250058,35.7564505166156,14.7016840962394,36.6399127250058
2022-08-08,777662,1288,567703,768,209959,520,615571,801,2840105,1147,3455676,1948,5,10298,9,18216,10412,6,"East TN",2455501,295.581227619129,0.36609739727049,79.3320792783224,52.453654060821,36.609739727049
2022-08-09,779190,1528,568739,1036,210451,492,616656,1085,2841795,1690,3458451,2775,19,10317,9,18225,10422,10,"East TN",2455501,295.866301825982,0.368164711091432,113.011560573586,62.2276268671852,36.8164711091432
2022-08-10,780467,1277,569589,850,210878,427,617543,887,2843314,1519,3460857,2406,14,10331,10,18235,10425,3,"East TN",2455501,300.468214022312,0.372648442092887,97.9840773838007,52.005680307196,37.2648442092887
2022-08-11,781542,1075,570325,736,211217,339,618305,762,2844438,1124,3462743,1886,2,10333,4,18239,10431,6,"East TN",2455501,293.219184190925,0.37592901562263,76.807136303345,43.7792531951728,37.592901562263
2022-08-12,782855,1313,571189,864,211666,449,619199,894,2846236,1798,3465435,2692,1,10334,13,18252,10435,4,"East TN",2455501,298.391244800959,0.372240211951722,109.631394978051,53.4717762281506,37.2240211951722
2022-08-13,783417,562,571606,417,211811,145,619658,459,2847173,937,3466831,1396,0,10334,3,18255,10445,10,"East TN",2455501,301.527061076334,0.368929261140119,56.8519418236849,22.8873863215694,36.8929261140119
2022-08-14,783929,512,572000,394,211929,118,620075,417,2847912,739,3467987,1156,1,10335,4,18259,10450,5,"East TN",2455501,307.676518967005,0.372045725506698,47.0779690173207,20.8511419869102,37.2045725506698
2022-08-15,785539,1610,572953,953,212586,657,621053,978,2849031,1119,3470084,2097,8,10343,11,18270,10463,13,"East TN",2455501,320.78993248221,0.380483064963909,85.4000873956068,65.5670675760262,38.0483064963909
2022-08-16,787076,1537,573964,1011,213112,526,622109,1056,2850624,1593,3472733,2649,19,10362,11,18281,10466,3,"East TN",2455501,321.156456462449,0.381809270410307,107.880224850244,62.5941508474238,38.1809270410307
2022-08-17,788410,1334,574838,874,213572,460,623029,920,2852312,1688,3475341,2608,16,10378,12,18293,10475,9,"East TN",2455501,323.47777500396,0.37876277271472,106.210504495824,54.3269988487075,37.876277271472
2022-08-18,793256,4846,575850,1012,217406,3834,624068,1039,2854172,1860,3478240,2899,0,10378,12,18305,10480,5,"East TN",2455501,477.051322723957,0.371878428082855,118.06144652354,197.35280091517,37.1878428082855
2022-08-19,794625,1369,576680,830,217945,539,624921,853,2855915,1743,3480836,2596,2,10380,7,18312,10485,5,"East TN",2455501,479.331916378776,0.37153431595351,105.721805855506,55.7523698829689,37.153431595351
2022-08-20,795063,438,577020,340,218043,98,625282,361,2856752,837,3482034,1198,0,10380,6,18318,10494,9,"East TN",2455501,474.282030428821,0.369926988094455,48.7884142584344,17.8375003716146,36.9926988094455
2022-08-21,795729,666,577521,501,218208,165,625826,544,2857916,1164,3483742,1708,1,10381,5,18323,10500,6,"East TN",2455501,480.553662979571,0.365026975563313,69.5581064719583,27.1227745376605,36.5026975563313
2022-08-22,797307,1578,578351,830,218956,748,626674,848,2859367,1451,3486041,2299,1,10382,6,18329,10503,3,"East TN",2455501,479.250466605389,0.352259196590838,93.62651450763,64.2638712018444,35.2259196590838
2022-08-23,799196,1889,579454,1103,219742,786,627853,1179,2861630,2263,3489483,3442,20,10402,14,18343,10505,2,"East TN",2455501,493.58562672139,0.342925373134328,140.175059997939,76.9293109634246,34.2925373134328
2022-08-24,800977,1781,580424,970,220553,811,628844,991,2863693,2063,3492537,3054,6,10408,13,18356,10512,7,"East TN",2455501,511.789651073243,0.338160037217958,124.373803960984,72.5310232005607,33.8160037217958
2022-08-25,802413,1436,581247,823,221166,613,629706,862,2865665,1972,3495371,2834,15,10423,8,18364,10517,5,"East TN",2455501,372.917787449486,0.329110968419824,115.414328888483,58.4809372914122,32.9110968419824
2022-08-26,803649,1236,581999,752,221650,484,630498,792,2867582,1917,3498080,2709,5,10428,4,18368,10521,4,"East TN",2455501,367.501377519292,0.323416840640223,110.323718051835,50.3359599527754,32.3416840640223
2022-08-27,804366,717,582380,381,221986,336,630901,403,2868741,1159,3499642,1562,0,10428,4,18372,10524,3,"East TN",2455501,378.863620906691,0.319116310767833,63.6122730147534,29.1997437590129,31.9116310767833
2022-08-28,804866,500,582693,313,222173,187,631241,340,2869550,809,3500791,1149,3,10431,8,18380,10533,9,"East TN",2455501,372.103289715622,0.317613936301249,46.7928948104684,20.362443346592,31.7613936301249
2022-08-29,805945,1079,583219,526,222726,553,631794,553,2870581,1031,3502375,1584,3,10434,9,18389,10543,10,"East TN",2455501,351.781571255723,0.313456593608424,64.5082205220035,43.9421527419455,31.3456593608424
2022-08-30,807223,1278,583948,729,223275,549,632556,762,2872022,1441,3504578,2203,19,10453,7,18396,10548,5,"East TN",2455501,326.898665486188,0.311560119244783,89.7169253850844,52.0464051938891,31.1560119244783
2022-08-31,808531,1308,584739,791,223792,517,633388,832,2873879,1857,3507267,2689,3,10456,4,18400,10554,6,"East TN",2455501,307.635794080312,0.308486082824168,109.509220317972,53.2681517946847,30.8486082824168
2022-09-01,809578,1047,585326,587,224252,460,634016,628,2875321,1442,3509337,2070,11,10467,7,18407,10560,6,"East TN",2455501,291.793813156663,0.308606616067593,84.3005154548909,42.6389563677636,30.8606616067593
2022-09-02,810557,979,585962,636,224595,343,634676,660,2877061,1740,3511737,2400,2,10469,7,18414,10565,5,"East TN",2455501,281.327517276515,0.305923702130775,97.7397280636416,39.8696640726271,30.5923702130775
2022-09-03,811042,485,586224,262,224818,223,634958,282,2877989,928,3512947,1210,0,10469,1,18415,10571,6,"East TN",2455501,271.879343563696,0.304922961292747,49.2771128987526,19.7515700461942,30.4922961292747
2022-09-04,811455,413,586435,211,225020,202,635174,216,2878706,717,3513880,933,0,10469,3,18418,10579,8,"East TN",2455501,268.336278421389,0.300481320192528,37.9963192847407,16.819378204285,30.0481320192528
2022-09-05,811750,295,586571,136,225179,159,635324,150,2879235,529,3514559,679,2,10471,9,18427,10583,4,"East TN",2455501,236.407967253933,0.289724228496389,27.6521980646719,12.0138415744893,28.9724228496389
2022-09-06,812682,932,587072,501,225610,431,635831,507,2880238,1003,3516069,1510,2,10473,14,18441,10588,5,"East TN",2455501,222.317156458091,0.285005656600818,61.4945789067078,37.9555943980475,28.5005656600818
2022-09-07,813623,941,587567,495,226056,446,636362,531,2881558,1320,3517920,1851,2,10475,16,18457,10597,9,"East TN",2455501,207.371123041693,0.27917018680184,75.3817652690836,38.3221183782861,27.917018680184
2022-09-08,814558,935,588084,517,226474,418,636897,535,2883057,1499,3519954,2034,2,10477,13,18470,10600,3,"East TN",2455501,202.809935732056,0.271357257228972,82.8344195339362,38.077769058127,27.1357257228972
2022-09-09,815235,677,588453,369,226782,308,637296,399,2884463,1406,3521759,1805,0,10477,5,18475,10607,7,"East TN",2455501,190.511019950715,0.261424865296348,73.5084204811971,27.5707482912856,26.1424865296348
2022-09-10,815559,324,588654,201,226905,123,637513,217,2885305,842,3522818,1059,0,10477,1,18476,10612,5,"East TN",2455501,183.954313193112,0.258839023401884,43.1276550080819,13.1948632885916,25.8839023401884
2022-09-11,815825,266,588785,131,227040,135,637654,141,2885879,574,3523533,715,0,10477,9,18485,10617,5,"East TN",2455501,177.967754849214,0.256914948720605,29.1182939856266,10.8328198603869,25.6914948720605
2022-09-12,816452,627,589091,306,227361,321,637985,331,2886736,857,3524721,1188,6,10483,11,18496,10620,3,"East TN",2455501,191.488417231351,0.261857901987798,48.3811653915026,25.5345039566264,26.1857901987798
2022-09-13,817123,671,589480,389,227643,282,638393,408,2887924,1188,3526317,1596,2,10485,11,18507,10623,3,"East TN",2455501,180.85922180443,0.25,64.9969191623217,27.3263989711265,25
2022-09-14,817721,598,589807,327,227914,271,638743,350,2889174,1250,3527917,1600,15,10500,10,18517,10626,3,"East TN",2455501,166.890585668668,0.238171451435431,65.1598187090944,24.353482242524,23.8171451435431
2022-09-15,818390,669,590197,390,228193,279,639157,414,2890521,1347,3529678,1761,20,10520,4,18521,10631,5,"East TN",2455501,156.057765808281,0.23241464417935,71.716525466697,27.2449491977401,23.241464417935
2022-09-16,818910,520,590418,221,228492,299,639395,238,2891902,1381,3531297,1619,3,10523,4,18525,10633,2,"East TN",2455501,149.663958597451,0.220067100020969,65.9335915562649,21.1769410804557,22.0067100020969
2022-09-17,819116,206,590526,108,228590,98,639512,117,2892569,667,3532081,784,0,10523,3,18528,10639,6,"East TN",2455501,144.858421967655,0.215804814854799,31.9283111674563,8.3893266587959,21.5804814854799
2022-09-18,819317,201,590634,108,228683,93,639630,118,2893150,581,3532780,699,2,10525,5,18533,10646,7,"East TN",2455501,142.211304332599,0.213690926787066,28.4666957985356,8.18570222532998,21.3690926787066
2022-09-19,819914,597,590939,305,228975,292,639953,323,2894075,925,3534028,1248,5,10530,7,18540,10654,8,"East TN",2455501,140.989557731803,0.211453744493392,50.8246585930936,24.3127573558308,21.1453744493392
2022-09-20,820426,512,591246,307,229180,205,640273,320,2895129,1054,3535402,1374,4,10534,5,18545,10664,10,"East TN",2455501,134.514300747587,0.206934507429829,55.9559943164348,20.8511419869102,20.6934507429829
2022-09-21,821013,587,591612,366,229401,221,640666,393,2896285,1156,3536951,1549,28,10562,6,18551,10668,4,"East TN",2455501,134.066326993962,0.212862519371264,63.082849487742,23.905508488899,21.2862519371264
2022-09-22,821593,580,592015,403,229578,177,641089,423,2897601,1316,3538690,1739,13,10575,6,18557,10669,1,"East TN",2455501,130.441812078268,0.214380825565912,70.820577959447,23.6204342820467,21.4380825565912
2022-09-23,822059,466,592316,301,229743,165,641416,327,2898731,1130,3540147,1457,11,10586,1,18558,10675,6,"East TN",2455501,128.242668196836,0.228361581920904,59.3361599119691,18.9777971990237,22.8361581920904
2022-09-24,822165,106,592397,81,229768,25,641507,91,2899406,675,3540913,766,0,10586,0,18558,10678,3,"East TN",2455501,124.170179527518,0.225883152173913,31.1952632069789,4.3168379894775,22.5883152173913
2022-09-25,822367,202,592518,121,229849,81,641638,131,2900298,892,3541936,1023,0,10586,1,18559,10684,6,"East TN",2455501,124.210904414211,0.219309742245522,41.6615590871272,8.22642711202317,21.9309742245522
2022-09-26,822710,343,592662,144,230048,199,641793,155,2900990,692,3542783,847,2,10588,5,18564,10691,7,"East TN",2455501,113.866783194142,0.210165619645917,34.4939790291268,13.9686361357621,21.0165619645917
2022-09-27,823165,455,592917,255,230248,200,642069,276,2902112,1122,3544181,1398,3,10591,6,18570,10695,4,"East TN",2455501,111.545464652631,0.204579109237954,56.9333915970712,18.5298234453987,20.4579109237954
2022-09-28,823616,451,593133,216,230483,235,642296,227,2903432,1320,3545728,1547,16,10607,3,18573,10696,1,"East TN",2455501,106.006880062358,0.185712658083628,63.0013997143556,18.366923898626,18.5712658083628
2022-09-29,824021,405,593333,200,230688,205,642503,207,2904544,1112,3547047,1319,2,10609,3,18576,10700,4,"East TN",2455501,98.8800248910508,0.169199473495273,53.7161255483097,16.4935791107395,16.9199473495273
2022-09-30,824425,404,593566,233,230859,171,642752,249,2905693,1149,3548445,1398,18,10627,1,18577,10704,4,"East TN",2455501,96.3550819160733,0.161002651241263,56.9333915970712,16.4528542240463,16.1002651241263
2022-10-01,824533,108,593638,72,230895,36,642830,78,2906205,512,3549035,590,0,10627,0,18577,10707,3,"East TN",2455501,96.4365316894597,0.162890913568087,24.0276831489786,4.39828776286387,16.2890913568087
2022-10-02,824641,108,593714,76,230927,32,642912,82,2906909,704,3549821,786,2,10629,2,18579,10713,6,"East TN",2455501,92.6083923403004,0.161572606214331,32.0097609408426,4.39828776286387,16.1572606214331
2022-10-03,825194,553,593918,204,231276,349,643127,215,2907629,720,3550756,935,11,10640,3,18582,10717,4,"East TN",2455501,101.160618545869,0.167314687068857,38.077769058127,22.5208623413308,16.7314687068857
2022-10-04,825478,284,594074,156,231404,128,643285,158,2909092,1463,3552377,1621,2,10642,4,18586,10722,5,"East TN",2455501,94.1966629213346,0.148365056124939,66.0150413296513,11.5658678208643,14.8365056124939
2022-10-05,825864,386,594266,192,231598,194,643488,203,2910141,1049,3553629,1252,0,10642,2,18588,10725,3,"East TN",2455501,91.5495452862776,0.150866978863435,50.9875581398664,15.719806263569,15.0866978863435
2022-10-06,826331,467,594549,283,231782,184,643791,303,2911248,1107,3555039,1410,19,10661,3,18591,10726,1,"East TN",2455501,94.074488261255,0.161161161161161,57.4220902373894,19.0185220857169,16.1161161161161
2022-10-07,826718,387,594791,242,231927,145,644048,257,2912595,1347,3556643,1604,6,10667,3,18594,10731,5,"East TN",2455501,93.3821651874709,0.158087338375213,65.3227182558671,15.7605311502622,15.8087338375213
2022-10-08,826836,118,594856,65,231980,53,644116,68,2913328,733,3557444,801,0,10667,3,18597,10736,5,"East TN",2455501,93.7894140544027,0.152931383041979,32.6206342412404,4.80553662979571,15.2931383041979
2022-10-09,827008,172,594963,107,232045,65,644232,116,2914145,817,3558377,933,0,10667,8,18605,10738,2,"East TN",2455501,96.3958068027665,0.154277699859748,37.9963192847407,7.00468051122765,15.4277699859748
2022-10-10,827343,335,595152,189,232191,146,644431,199,2915018,873,3559449,1072,2,10669,5,18610,10740,2,"East TN",2455501,87.5177815036524,0.150005751754285,43.6570785350932,13.6428370422166,15.0005751754285
2022-10-11,827733,390,595361,209,232372,181,644655,224,2916000,982,3560655,1206,9,10678,1,18611,10746,6,"East TN",2455501,91.8346194931299,0.165498912780865,49.1142133519799,15.8827058103418,16.5498912780865
2022-10-12,828097,364,595592,231,232505,133,644899,244,2917110,1110,3562009,1354,7,10685,2,18613,10750,4,"East TN",2455501,90.9386719858799,0.168377088305489,55.1414965825711,14.823858756319,16.8377088305489
2022-10-13,828397,300,595781,189,232616,111,645098,199,2918093,983,3563191,1182,7,10692,4,18617,10754,4,"East TN",2455501,84.1376159081181,0.160328753680079,48.1368160713435,12.2174660079552,16.0328753680079
2022-10-14,828634,237,595922,141,232712,96,645246,148,2919045,952,3564291,1100,0,10692,7,18624,10759,5,"East TN",2455501,78.0288829041405,0.156642259414226,44.7973753625024,9.65179814628461,15.6642259414226
2022-10-15,828748,114,596002,80,232746,34,645331,85,2919714,669,3565045,754,0,10692,0,18624,10760,1,"East TN",2455501,77.8659833573678,0.159847388501513,30.7065645666607,4.64263708302298,15.9847388501513
2022-10-16,828825,77,596056,54,232769,23,645390,59,2920251,537,3565641,596,1,10693,3,18627,10764,4,"East TN",2455501,73.9971191215153,0.159416299559471,24.2720324691377,3.13581627537517,15.9416299559471
2022-10-17,829269,444,596296,240,232973,204,645638,248,2921057,806,3566695,1054,2,10695,4,18631,10770,6,"East TN",2455501,78.4361317710724,0.166574661882418,42.9240305746159,18.0818496917737,16.6574661882418
2022-10-18,829634,365,596508,212,233126,153,645857,219,2922604,1547,3568461,1766,13,10708,6,18637,10774,4,"East TN",2455501,77.4180096037428,0.1539841147835,71.9201499001629,14.8645836430122,15.39841147835
2022-10-19,830001,367,596735,227,233266,140,646087,230,2923616,1012,3569703,1242,1,10709,6,18643,10777,3,"East TN",2455501,77.5401842638223,0.154406030673252,50.5803092729345,14.9460334163985,15.4406030673252
2022-10-20,830346,345,596925,190,233421,155,646292,205,2924809,1193,3571101,1398,11,10720,3,18646,10780,3,"East TN",2455501,79.3728041650156,0.15094816687737,56.9333915970712,14.0500859091485,15.094816687737
2022-10-21,830750,404,597166,241,233584,163,646547,255,2926137,1328,3572684,1583,1,10721,3,18649,10781,1,"East TN",2455501,86.1738602427773,0.155010127487192,64.4674956353103,16.4528542240463,15.5010127487192
2022-10-22,830849,99,597232,66,233617,33,646621,74,2926771,634,3573392,708,0,10721,1,18650,10787,6,"East TN",2455501,85.5629869423796,0.154546543668384,28.8332197787743,4.03176378262522,15.4546543668384
2022-10-23,830966,117,597312,80,233654,37,646703,82,2927358,587,3574061,669,0,10721,2,18652,10787,0,"East TN",2455501,87.191982410107,0.155938242280285,27.2449491977401,4.76481174310253,15.5938242280285
2022-10-24,831490,524,597586,274,233904,250,646989,286,2928317,959,3575306,1245,1,10722,6,18658,10790,3,"East TN",2455501,90.4499733455617,0.156892346998026,50.7024839330141,21.3398406272284,15.6892346998026
2022-10-25,832035,545,597900,314,234135,231,647317,328,2929721,1404,3577038,1732,4,10726,6,18664,10793,3,"East TN",2455501,97.7804529503348,0.170222688585753,70.5355037525947,22.1950632477853,17.0222688585753
2022-10-26,832589,554,598194,294,234395,260,647622,305,2931033,1312,3578655,1617,14,10740,6,18670,10796,3,"East TN",2455501,105.39600676196,0.171470062555853,65.8521417828785,22.5615872280239,17.1470062555853
2022-10-27,833094,505,598445,251,234649,254,647880,258,2932303,1270,3580183,1528,3,10743,0,18670,10800,4,"East TN",2455501,111.91198863287,0.174851354327241,62.2276268671852,20.5660677800579,17.4851354327241
2022-10-28,833521,427,598681,236,234840,191,648134,254,2933483,1180,3581617,1434,0,10743,4,18674,10802,2,"East TN",2455501,112.848661026813,0.17765588268219,58.3994875180259,17.3895266179896,17.765588268219
2022-10-29,833622,101,598739,58,234883,43,648198,64,2934117,634,3582315,698,0,10743,2,18676,10804,2,"East TN",2455501,112.930110800199,0.176734282192088,28.4259709118424,4.11321355601158,17.6734282192088
2022-10-30,833654,32,598766,27,234888,5,648227,29,2934263,146,3582490,175,0,10743,1,18677,10806,2,"East TN",2455501,109.468495431279,0.180804365879701,7.1268551713072,1.30319637418189,18.0804365879701
2022-10-31,834377,723,599165,399,235212,324,648640,413,2936348,2085,3584988,2498,1,10744,7,18684,10809,3,"East TN",2455501,117.572747883222,0.170522619293534,101.730766959574,29.444093079172,17.0522619293534
2022-11-01,834893,516,599450,285,235443,231,648927,287,2938004,1656,3586931,1943,16,10760,5,18689,10812,3,"East TN",2455501,116.39172616912,0.16274133225513,79.1284548448565,21.0140415336829,16.274133225513
2022-11-02,835391,498,599723,273,235668,225,649210,283,2939651,1647,3588861,1930,7,10767,7,18696,10816,4,"East TN",2455501,114.111132514302,0.155594748187341,78.5990313178451,20.2809935732056,15.5594748187341
2022-11-03,835912,521,600018,295,235894,226,649512,302,2941519,1868,3591031,2170,9,10776,6,18702,10820,4,"East TN",2455501,114.762730701392,0.150442477876106,88.3730041242093,21.2176659671489,15.0442477876106
2022-11-04,836424,512,600314,296,236110,216,649820,308,2943317,1798,3593137,2106,4,10780,6,18708,10825,5,"East TN",2455501,118.224346070313,0.146354166666667,85.7666113758455,20.8511419869102,14.6354166666667
2022-11-05,836573,149,600418,104,236155,45,649929,109,2944106,789,3594035,898,0,10780,1,18709,10831,6,"East TN",2455501,120.179140631586,0.147696245733788,36.5709482504792,6.06800811728442,14.7696245733788
2022-11-06,836703,130,600493,75,236210,55,650004,75,2944859,753,3594863,828,0,10780,4,18713,10834,3,"East TN",2455501,124.170179527518,0.143619170775075,33.7202061819563,5.29423527011392,14.3619170775075
2022-11-07,837358,655,600795,302,236563,353,650311,307,2946128,1269,3596439,1576,1,10781,4,18717,10838,4,"East TN",2455501,121.400887232381,0.145926119989521,64.182421428458,26.6748007840355,14.5926119989521
2022-11-08,837883,525,601088,293,236795,232,650607,296,2947882,1754,3598489,2050,2,10783,3,18720,10839,1,"East TN",2455501,121.76741121262,0.145353867451116,83.4860177210272,21.3805655139216,14.5353867451116
2022-11-09,838411,528,601370,282,237041,246,650897,290,2950083,2201,3600980,2491,9,10792,4,18724,10842,3,"East TN",2455501,122.989157813416,0.139202904530077,101.445692752721,21.5027401740012,13.9202904530077
2022-11-10,838841,430,601584,214,237257,216,651114,217,2951324,1241,3602438,1458,1,10793,13,18737,10848,6,"East TN",2455501,119.283193124336,0.140440080652231,59.3768847986623,17.5117012780691,14.0440080652231
2022-11-11,839127,286,601761,177,237366,109,651303,189,2952558,1234,3603861,1423,1,10794,0,18737,10851,3,"East TN",2455501,110.079368731676,0.138287952256621,57.9515137644008,11.6473175942506,13.8287952256621
2022-11-12,839237,110,601839,78,237398,32,651386,83,2953347,789,3604733,872,0,10794,4,18741,10852,1,"East TN",2455501,108.491098150642,0.136193681061881,35.5121011964564,4.47973753625024,13.6193681061881
2022-11-13,839350,113,601919,80,237431,33,651483,97,2954106,759,3605589,856,0,10794,6,18747,10859,7,"East TN",2455501,107.798775076858,0.137889241096401,34.8605030093655,4.60191219632979,13.7889241096401
2022-11-14,839886,536,602158,239,237728,297,651731,248,2955227,1121,3606958,1369,7,10801,6,18753,10862,3,"East TN",2455501,102.952513560369,0.13499382070539,55.7523698829689,21.8285392675466,13.499382070539
2022-11-15,840380,494,602466,308,237914,186,652047,316,2956718,1491,3608765,1807,0,10801,7,18760,10866,4,"East TN",2455501,101.69004207288,0.140132347216816,73.5898702545835,20.1180940264329,14.0132347216816
2022-11-16,840745,365,602678,212,238067,153,652269,222,2957986,1268,3610255,1490,8,10809,4,18764,10871,5,"East TN",2455501,95.0518855418915,0.147924528301887,60.6800811728442,14.8645836430122,14.7924528301887
2022-11-17,841134,389,602891,213,238243,176,652489,220,2959306,1320,3611795,1540,-12,10797,2,18766,10876,5,"East TN",2455501,93.3821651874709,0.146948808378754,62.7163255075034,15.8419809236486,14.6948808378754
2022-11-18,841455,321,603060,169,238395,152,652671,182,2960829,1523,3613500,1705,0,10797,2,18768,10879,3,"East TN",2455501,94.8075362217323,0.141923436041083,69.4359318118787,13.0726886285121,14.1923436041083
2022-11-19,841589,134,603152,92,238437,42,652771,100,2961713,884,3614484,984,0,10797,3,18771,10883,4,"East TN",2455501,95.7849335023688,0.142036714183161,40.073288506093,5.45713481688666,14.2036714183161
2022-11-20,841693,104,603229,77,238464,27,652852,81,2962593,880,3615445,961,1,10798,6,18777,10886,3,"East TN",2455501,95.4184095221301,0.138900162337662,39.1366161121498,4.23538821609114,13.8900162337662
2022-11-21,842142,449,603454,225,238688,224,653093,241,2963712,1119,3616805,1360,1,10799,5,18782,10889,3,"East TN",2455501,91.8753443798231,0.138316238448258,55.3858459027302,18.2854741252396,13.8316238448258
2022-11-22,842570,428,603683,229,238887,199,653325,232,2965357,1645,3618682,1877,1,10800,8,18790,10891,2,"East TN",2455501,89.187501858073,0.128869617827972,76.4406123231064,17.4302515046828,12.8869617827972
2022-11-23,842951,381,603878,195,239073,186,653529,204,2966854,1497,3620383,1701,3,10803,3,18793,10895,4,"East TN",2455501,89.8391000451639,0.124407582938389,69.273032265106,15.5161818301031,12.4407582938389
2022-11-24,843044,93,603935,57,239109,36,653595,66,2967649,795,3621244,861,0,10803,2,18795,10895,0,"East TN",2455501,77.7845335839814,0.117049423219388,35.0641274428314,3.78741446246611,11.7049423219388
2022-11-25,843177,133,604013,78,239164,55,653674,79,2968456,807,3622130,886,0,10803,3,18798,10896,1,"East TN",2455501,70.1282548856628,0.1162224797219,36.082249610161,5.41640993019347,11.62224797219
2022-11-26,843315,138,604076,63,239239,75,653740,66,2969214,758,3622954,824,1,10804,3,18801,10897,1,"East TN",2455501,70.2911544324356,0.114403778040142,33.5573066351836,5.62003436365939,11.4403778040142
2022-11-27,843609,294,604177,101,239432,193,653848,108,2970243,1029,3624091,1137,0,10804,2,18803,10902,5,"East TN",2455501,78.0288829041405,0.115197779319917,46.3041961701502,11.9731166877961,11.5197779319917
2022-11-28,844086,477,604455,278,239631,199,654131,283,2972028,1785,3626159,2068,3,10807,5,18808,10904,2,"East TN",2455501,79.1691797315497,0.110968569595895,84.2190656815045,19.4257709526488,11.0968569595895
2022-11-29,844629,543,604783,328,239846,215,654465,334,2974456,2428,3628921,2762,4,10811,7,18815,10909,5,"East TN",2455501,83.8525417012658,0.111338997949018,112.482137046574,22.1136134743989,11.1338997949018
2022-11-30,845264,635,605094,311,240170,324,654785,320,2976525,2069,3631310,2389,6,10817,8,18823,10915,6,"East TN",2455501,94.1966629213346,0.114944632561545,97.2917543100166,25.8603030501718,11.4944632561545
2022-12-01,845807,543,605400,306,240407,237,655104,319,2978381,1856,3633485,2175,22,10839,10,18833,10918,3,"East TN",2455501,112.522861933267,0.123274242300466,88.5766285576752,22.1136134743989,12.3274242300466
2022-12-02,846309,502,605671,271,240638,231,655383,279,2980430,2049,3635813,2328,38,10877,6,18839,10921,3,"East TN",2455501,127.550345123052,0.124899510341299,94.8075362217323,20.4438931199784,12.4899510341299
2022-12-03,846471,162,605789,118,240682,44,655512,129,2981480,1050,3636992,1179,0,10877,5,18844,10925,4,"East TN",2455501,128.527742403689,0.126228807522439,48.0146414112639,6.59743164429581,12.6228807522439
2022-12-04,846616,145,605879,90,240737,55,655608,96,2982216,736,3637824,832,1,10878,4,18848,10926,1,"East TN",2455501,122.459734286404,0.128158450447826,33.8831057287291,5.90510857051168,12.8158450447826
2022-12-05,847166,550,606141,262,241025,288,655876,268,2983867,1651,3639743,1919,0,10878,6,18854,10930,4,"East TN",2455501,125.432651015007,0.128459952885748,78.1510575642201,22.3986876812512,12.8459952885748
2022-12-06,847650,484,606431,290,241219,194,656179,303,2985804,1937,3641983,2240,6,10884,9,18863,10934,4,"East TN",2455501,123.029882700109,0.131220333792681,91.2237461927322,19.7108451595011,13.1220333792681
2022-12-07,848249,599,606744,313,241505,286,656505,326,2987527,1723,3644032,2049,5,10889,11,18874,10939,5,"East TN",2455501,121.563786779154,0.1351988681025,83.445292834334,24.3942071292172,13.51988681025
2022-12-08,848800,551,607079,335,241721,216,656843,338,2989279,1752,3646122,2090,6,10895,6,18880,10940,1,"East TN",2455501,121.8895858727,0.137611774946585,85.1150131887546,22.4394125679444,13.7611774946585
2022-12-09,849233,433,607324,245,241909,188,657096,253,2990744,1465,3647840,1718,-1,10894,7,18887,10946,6,"East TN",2455501,119.07956869087,0.142429533549514,69.9653553388901,17.6338759381487,14.2429533549514
2022-12-10,849375,142,607414,90,241961,52,657189,93,2991441,697,3648630,790,0,10894,6,18893,10949,3,"East TN",2455501,118.265070957006,0.144096923870081,32.1726604876154,5.78293391043213,14.4096923870081
2022-12-11,849633,258,607568,154,242065,104,657347,158,2992337,896,3649684,1054,0,10894,7,18900,10953,4,"East TN",2455501,122.866983153336,0.146627318718381,42.9240305746159,10.5070207668415,14.6627318718381
2022-12-12,850309,676,607925,357,242384,319,657712,365,2993959,1622,3651671,1987,1,10895,9,18909,10957,4,"East TN",2455501,127.998318876677,0.153923541247485,80.9203498593566,27.5300234045924,15.3923541247485
2022-12-13,850900,591,608272,347,242628,244,658069,357,2995754,1795,3653823,2152,2,10897,6,18915,10961,4,"East TN",2455501,132.355881752848,0.159628378378378,87.639956163732,24.0684080356717,15.9628378378378
2022-12-14,851267,367,608482,210,242785,157,658287,218,2996889,1135,3655176,1353,7,10904,9,18924,10967,6,"East TN",2455501,122.907708040029,0.159906676238335,55.100771695878,14.9460334163985,15.9906676238335
2022-12-15,851864,597,608762,280,243102,317,658572,285,2998088,1199,3656660,1484,14,10918,8,18932,10970,3,"East TN",2455501,124.781052827916,0.164072879104194,60.435731852685,24.3127573558308,16.4072879104194
2022-12-16,852354,490,609031,269,243323,221,658844,272,2999416,1328,3658260,1600,14,10932,7,18939,10975,5,"East TN",2455501,127.102371369427,0.167754318618042,65.1598187090944,19.9551944796602,16.7754318618042
2022-12-17,852587,233,609133,102,243454,131,658949,105,3000129,713,3659078,818,0,10932,2,18941,10980,5,"East TN",2455501,130.808336058507,0.168453292496172,33.3129573150245,9.48889859951187,16.8453292496172
2022-12-18,852765,178,609225,92,243540,86,659050,101,3000832,703,3659882,804,0,10932,5,18946,10982,2,"East TN",2455501,127.550345123052,0.166993528142773,32.7428089013199,7.24902983138675,16.6993528142773
2022-12-19,853340,575,609543,318,243797,257,659379,329,3001963,1131,3661342,1460,1,10933,10,18956,10985,3,"East TN",2455501,123.437131567041,0.172371006100713,59.4583345720486,23.4168098485808,17.2371006100713
2022-12-20,853954,614,609863,320,244091,294,659702,323,3003210,1247,3662912,1570,1,10934,6,18962,10988,3,"East TN",2455501,124.373803960984,0.179667730223347,63.9380721082989,25.005080429615,17.9667730223347
2022-12-21,854612,658,610200,337,244412,321,660051,349,3004599,1389,3664650,1738,0,10934,6,18968,10992,4,"East TN",2455501,136.2247459887,0.186193793540215,70.7798530727538,26.7969754441151,18.6193793540215
2022-12-22,855056,444,610470,270,244586,174,660330,279,3005789,1190,3666119,1469,0,10934,6,18974,10995,3,"East TN",2455501,129.993838324643,0.185854741516016,59.8248585522873,18.0818496917737,18.5854741516016
2022-12-23,855501,445,610622,152,244879,293,660488,158,3006558,769,3667046,927,0,10934,1,18975,10996,1,"East TN",2455501,128.16121842345,0.187115866150694,37.7519699645816,18.1225745784669,18.7115866150694
2022-12-24,855652,151,610715,93,244937,58,660576,88,3007087,529,3667663,617,0,10934,2,18977,10999,3,"East TN",2455501,124.821777714609,0.189516598718695,25.1272550896945,6.14945789067078,18.9516598718695
2022-12-25,855764,112,610783,68,244981,44,660650,74,3007545,458,3668195,532,0,10934,7,18984,10999,0,"East TN",2455501,122.133935192859,0.192469625887165,21.6656397207739,4.56118730963661,19.2469625887165
2022-12-26,856093,329,610908,125,245185,204,660778,128,3008223,678,3669001,806,0,10934,8,18992,11001,2,"East TN",2455501,112.115613066336,0.182660921791357,32.8242586747063,13.3984877220575,18.2660921791357
2022-12-27,856981,888,611288,380,245693,508,661161,383,3009064,841,3670225,1224,2,10936,14,19006,11003,2,"East TN",2455501,123.274232020268,0.199507725967455,49.8472613124572,36.1636993835474,19.9507725967455
2022-12-28,857538,557,611571,283,245967,274,661458,297,3010157,1093,3671615,1390,3,10939,6,19012,11005,2,"East TN",2455501,119.161018464256,0.202010050251256,56.6075925035258,22.6837618881035,20.2010050251256
2022-12-29,858340,802,611888,317,246452,485,661785,327,3011105,948,3672890,1275,8,10947,6,19018,11008,3,"East TN",2455501,133.740527900416,0.214887018165707,51.9242305338096,32.6613591279336,21.4887018165707
2022-12-30,858810,470,612075,187,246735,283,661980,195,3011865,760,3673845,955,0,10947,8,19026,11013,5,"East TN",2455501,134.758650067746,0.219444035887631,38.8922667919907,19.1406967457965,21.9444035887631
2022-12-31,859070,260,612226,151,246844,109,662134,154,3012713,848,3674847,1002,0,10947,10,19036,11019,6,"East TN",2455501,139.197662717303,0.216870824053452,40.8063364665704,10.5884705402278,21.6870824053452
2023-01-01,859372,302,612372,146,247000,156,662286,152,3013420,707,3675706,859,0,10947,6,19042,11020,1,"East TN",2455501,146.935391189008,0.217813872986287,34.982677669445,12.2989157813416,21.7813872986287
2023-01-02,859808,436,612547,175,247261,261,662469,183,3014200,780,3676669,963,2,10949,5,19047,11028,8,"East TN",2455501,151.292954065179,0.220526864893062,39.2180658855362,17.7560505982282,22.0526864893062
2023-01-03,860664,856,612931,384,247733,472,662871,402,3015110,910,3677981,1312,10,10959,18,19065,11029,1,"East TN",2455501,149.989757690997,0.220474471376998,53.4310513414574,34.8605030093655,22.0474471376998
2023-01-04,861400,736,613282,351,248118,385,663227,356,3016277,1167,3679504,1523,15,10974,14,19079,11035,6,"East TN",2455501,157.279512409077,0.224236278362277,62.0240024337192,29.9735166061834,22.4236278362277
2023-01-05,862264,864,613746,464,248518,400,663709,482,3017952,1675,3681661,2157,4,10978,7,19086,11037,2,"East TN",2455501,159.804455384054,0.219359252080721,87.8435805971979,35.186302102911,21.9359252080721
2023-01-06,862887,623,614061,315,248826,308,664028,319,3019124,1172,3683152,1491,0,10978,9,19095,11045,8,"East TN",2455501,166.035363048111,0.220049425163855,60.7208060595373,25.3716044098536,22.0049425163855
2023-01-07,863117,230,614221,160,248896,70,664201,173,3019843,719,3684044,892,0,10978,3,19098,11049,4,"East TN",2455501,164.813616447316,0.22474720017397,36.3265989303201,9.36672393943232,22.474720017397
2023-01-08,863376,259,614293,72,249083,187,664278,77,3020324,481,3684602,558,1,10979,6,19104,11055,6,"East TN",2455501,163.062446319509,0.223920863309353,22.7244867747967,10.5477456535347,22.3920863309352
2023-01-09,863961,585,614591,298,249370,287,664582,304,3021230,906,3685812,1210,16,10995,8,19112,11061,6,"East TN",2455501,169.130454436793,0.231105763972438,49.2771128987526,23.8240587155126,23.1105763972438
2023-01-10,864543,582,614869,278,249674,304,664869,287,3022220,990,3687089,1277,1,10996,13,19125,11063,2,"East TN",2455501,157.971835482861,0.219367588932806,52.005680307196,23.7018840554331,21.9367588932806
2023-01-11,865119,576,615192,323,249927,253,665203,334,3023427,1207,3688630,1541,6,11002,5,19130,11067,4,"East TN",2455501,151.455853611951,0.216524216524217,62.7570503941965,23.457534735274,21.6524216524217
2023-01-12,865623,504,615435,243,250188,261,665458,255,3024401,974,3689859,1229,8,11010,11,19141,11072,5,"East TN",2455501,136.794894402405,0.213344718223957,50.0508857459231,20.5253428933647,21.3344718223957
2023-01-13,866220,597,615698,263,250522,334,665738,280,3025368,967,3691106,1247,13,11023,5,19146,11079,7,"East TN",2455501,135.736047348382,0.214986170480262,50.7839337064004,24.3127573558308,21.4986170480262
2023-01-14,866335,115,615755,57,250580,58,665802,64,3025791,423,3691593,487,-1,11022,0,19146,11081,2,"East TN",2455501,131.052685378666,0.212081070340442,19.8330198195806,4.68336196971616,21.2081070340442
2023-01-15,866487,152,615849,94,250638,58,665906,104,3026350,559,3692256,663,0,11022,3,19149,11086,5,"East TN",2455501,126.695122502495,0.212699242226287,27.000599877581,6.19018277736397,21.2699242226287
2023-01-16,867066,579,616078,229,250988,350,666142,236,3027031,681,3693173,917,3,11025,11,19160,11090,4,"East TN",2455501,126.450773182336,0.211927727210977,37.3447210976497,23.5797093953535,21.1927727210977
2023-01-17,867690,624,616398,320,251292,304,666473,331,3028045,1014,3694518,1345,11,11036,11,19171,11096,6,"East TN",2455501,128.16121842345,0.215910620541123,54.7749726023325,25.4123292965468,21.5910620541123
2023-01-18,868123,433,616667,269,251456,164,666758,285,3029044,999,3695802,1284,8,11044,2,19173,11098,2,"East TN",2455501,122.337559626325,0.216815393195761,52.2907545140483,17.6338759381487,21.6815393195761
2023-01-19,868813,690,616952,285,251861,405,667052,294,3029916,872,3696968,1166,4,11048,9,19182,11101,3,"East TN",2455501,129.912388551257,0.224222816148544,47.4852178842525,28.100171818297,22.4222816148544
2023-01-20,869286,473,617228,276,252058,197,667342,290,3030987,1071,3698329,1361,2,11050,10,19192,11107,6,"East TN",2455501,124.862502601302,0.222068392634639,55.4265707894234,19.262871405876,22.2068392634639
2023-01-21,869434,148,617309,81,252125,67,667427,85,3031511,524,3698938,609,0,11050,3,19195,11110,3,"East TN",2455501,126.206423862177,0.221238938053097,24.8014559961491,6.02728323059123,22.1238938053097
2023-01-22,869564,130,617377,68,252187,62,667496,69,3031924,413,3699420,482,1,11051,2,19197,11114,4,"East TN",2455501,125.310476354927,0.221943048576214,19.6293953861147,5.29423527011392,22.1943048576214
2023-01-23,870246,682,617680,303,252566,379,667815,319,3032896,972,3700711,1291,18,11069,8,19205,11118,4,"East TN",2455501,129.505139684325,0.221942159724065,52.5758287209005,27.7743727247515,22.1942159724065
2023-01-24,870941,695,617998,318,252943,377,668149,334,3033956,1060,3702105,1394,1,11070,18,19223,11123,5,"East TN",2455501,132.396606639541,0.220904178199552,56.7704920502985,28.3037962517629,22.0904178199552
2023-01-25,871546,605,618295,297,253251,308,668451,302,3035078,1122,3703529,1424,10,11080,7,19230,11129,6,"East TN",2455501,139.401287150769,0.219101850653552,57.992238651094,24.6385564493763,21.9101850653552
2023-01-26,872099,553,618521,226,253578,327,668687,236,3036120,1042,3704807,1278,10,11090,7,19237,11135,6,"East TN",2455501,133.821977673803,0.208572522005358,52.0464051938891,22.5208623413308,20.8572522005358
2023-01-27,872653,554,618788,267,253865,287,668958,271,3037073,953,3706031,1224,1,11091,15,19252,11139,4,"East TN",2455501,137.120693495951,0.209815632303298,49.8472613124572,22.5615872280239,20.9815632303298
2023-01-28,872831,178,618893,105,253938,73,669072,114,3037548,475,3706620,589,0,11091,4,19256,11143,4,"East TN",2455501,138.342440096746,0.214136943504296,23.9869582622854,7.24902983138675,21.4136943504296
2023-01-29,873103,272,619028,135,254075,137,669216,144,3038155,607,3707371,751,1,11092,7,19263,11149,6,"East TN",2455501,144.125374007178,0.216324990567224,30.5843899065812,11.077169180546,21.6324990567224
2023-01-30,873692,589,619309,281,254383,308,669505,289,3039147,992,3708652,1281,2,11094,9,19272,11153,4,"East TN",2455501,140.337959544712,0.212819544138018,52.1685798539687,23.9869582622854,21.2819544138018
2023-01-31,874520,828,619701,392,254819,436,669902,397,3040453,1306,3710355,1703,4,11098,8,19280,11157,4,"East TN",2455501,145.754369474906,0.212484848484848,69.3544820384923,33.7202061819563,21.2484848484848
2023-02-01,875204,684,619998,297,255206,387,670206,304,3041461,1008,3711667,1312,18,11116,7,19287,11160,3,"East TN",2455501,148.971635523667,0.215654952076677,53.4310513414574,27.8558224981379,21.5654952076677
2023-02-02,876344,1140,620800,802,255544,338,671072,866,3044225,2764,3715297,3630,1,11117,10,19297,11165,5,"East TN",2455501,172.877144012566,0.227359389895138,147.831338696258,46.4263708302298,22.7359389895138
2023-02-03,876926,582,621073,273,255853,309,671350,278,3045322,1097,3716672,1375,12,11129,5,19302,11168,3,"East TN",2455501,174.017440839975,0.22479090311061,55.996719203128,23.7018840554331,22.479090311061
2023-02-04,877093,167,621166,93,255927,74,671448,98,3045893,571,3717341,669,0,11129,3,19305,11170,2,"East TN",2455501,173.56946708635,0.221621117433075,27.2449491977401,6.80105607776173,22.1621117433075
2023-02-05,877399,306,621274,108,256125,198,671561,113,3046566,673,3718127,786,0,11129,2,19307,11176,6,"East TN",2455501,174.954113233918,0.218017850502045,32.0097609408426,12.4618153281143,21.8017850502045
2023-02-06,878084,685,621567,293,256517,392,671857,296,3047451,885,3719308,1181,1,11130,8,19315,11183,7,"East TN",2455501,178.863702356464,0.220720720720721,48.0960911846503,27.896547384831,22.0720720720721
2023-02-07,878729,645,621835,268,256894,377,672134,277,3048495,1044,3720629,1321,7,11137,4,19319,11186,3,"East TN",2455501,171.411048091611,0.217247420673545,53.7975753216961,26.2675519171037,21.7247420673545
2023-02-08,879438,709,622218,383,257220,326,672526,392,3049906,1411,3722432,1803,11,11148,6,19325,11189,3,"East TN",2455501,172.429170258941,0.215513237343242,73.4269707078108,28.8739446654675,21.5513237343242
2023-02-09,880179,741,622587,369,257592,372,672905,379,3051170,1264,3724075,1643,3,11151,8,19333,11193,4,"East TN",2455501,156.179940468361,0.208817498291183,66.9109888369013,30.1771410396493,20.8817498291183
2023-02-10,880798,619,622925,338,257873,281,673255,350,3052413,1243,3725668,1593,3,11154,9,19342,11195,2,"East TN",2455501,157.686761276008,0.211760782570031,64.8747445022421,25.2087048630809,21.1760782570031
2023-02-11,881006,208,623044,119,257962,89,673380,125,3053101,688,3726481,813,0,11154,1,19343,11199,4,"East TN",2455501,159.356481630429,0.211378555798687,33.1093328815586,8.47077643218227,21.1378555798687
2023-02-12,881340,334,623166,122,258174,212,673508,128,3053709,608,3727217,736,0,11154,4,19347,11202,3,"East TN",2455501,160.496778457838,0.214191419141914,29.9735166061834,13.6021121555235,21.4191419141914
2023-02-13,881993,653,623484,318,258509,335,673822,314,3054652,943,3728474,1257,2,11156,9,19356,11205,3,"East TN",2455501,159.193582083656,0.214379227580188,51.1911825733323,26.5933510106491,21.4379227580188
2023-02-14,882513,520,623696,212,258817,308,674043,221,3055352,700,3729395,921,2,11158,4,19360,11208,3,"East TN",2455501,154.102971247008,0.217773214693133,37.5076206444225,21.1769410804557,21.7773214693133
2023-02-15,883240,727,624086,390,259154,337,674454,411,3057137,1785,3731591,2196,3,11161,13,19373,11211,3,"East TN",2455501,154.836019207486,0.210503330057867,89.431851178232,29.6069926259448,21.0503330057867
2023-02-16,883786,546,624346,260,259440,286,674720,266,3058356,1219,3733076,1485,20,11181,6,19379,11212,1,"East TN",2455501,146.894666302315,0.201644261748695,60.4764567393782,22.2357881344785,20.1644261748695
2023-02-17,884270,484,624601,255,259669,229,674979,259,3059409,1053,3734388,1312,3,11184,4,19383,11216,4,"East TN",2455501,141.396806598735,0.197706422018349,53.4310513414574,19.7108451595011,19.7706422018349
2023-02-18,884433,163,624706,105,259727,58,675090,111,3059977,568,3735067,679,0,11184,0,19383,11218,2,"East TN",2455501,139.564186697542,0.19916142557652,27.6521980646719,6.63815653098899,19.916142557652
2023-02-19,884655,222,624777,71,259878,151,675167,77,3060446,469,3735613,546,0,11184,0,19383,11221,3,"East TN",2455501,135.002999387905,0.197594092424964,22.2357881344785,9.04092484588685,19.7594092424964
2023-02-20,885258,603,625146,369,260112,234,675553,386,3062111,1665,3737664,2051,3,11187,7,19390,11224,3,"East TN",2455501,132.966755053246,0.18835690968444,83.5267426077204,24.55710667599,18.835690968444
2023-02-21,885757,499,625461,315,260296,184,675876,323,3063483,1372,3739359,1695,-1,11186,6,19396,11229,5,"East TN",2455501,132.111532432689,0.183962264150943,69.0286829449469,20.3217184598988,18.3962264150943
2023-02-22,886263,506,625673,212,260590,294,676092,216,3064477,994,3740569,1210,11,11197,3,19399,11234,5,"East TN",2455501,123.111332473495,0.182445979059924,49.2771128987526,20.6067926667511,18.2445979059924
2023-02-23,886727,464,625880,207,260847,257,676311,219,3065773,1296,3742084,1515,3,11200,4,19403,11236,2,"East TN",2455501,119.771891764654,0.176620781527531,61.6982033401738,18.8963474256374,17.6620781527531
2023-02-24,887156,429,626052,172,261104,257,676499,188,3066728,955,3743227,1143,5,11205,4,19407,11236,0,"East TN",2455501,117.532022996529,0.171965154429234,46.5485454903093,17.4709763913759,17.1965154429234
2023-02-25,887294,138,626158,106,261136,32,676610,111,3067376,648,3743986,759,0,11205,1,19408,11238,2,"East TN",2455501,116.513900829199,0.170422693127032,30.9101890001267,5.62003436365939,17.0422693127032
2023-02-26,887373,79,626208,50,261165,29,676664,54,3067766,390,3744430,444,0,11205,3,19411,11239,1,"East TN",2455501,110.690242032074,0.169785641374617,18.0818496917737,3.21726604876154,16.9785641374617
2023-02-27,887882,509,626440,232,261442,277,676907,243,3069163,1397,3746070,1640,2,11207,3,19414,11240,1,"East TN",2455501,106.862102682915,0.161075422317392,66.7888141768218,20.7289673268307,16.1075422317392
2023-02-28,888328,446,626598,158,261730,288,677069,162,3070017,854,3747086,1016,0,11207,9,19423,11241,1,"East TN",2455501,104.703683688176,0.154393684482982,41.3764848802749,18.1632994651601,15.4393684482982
2023-03-01,888581,253,626728,130,261853,123,677206,137,3070853,836,3748059,973,7,11214,7,19430,11243,2,"East TN",2455501,94.4002873548005,0.148731642189586,39.625314752468,10.3033963333756,14.8731642189586
2023-03-02,888955,374,626881,153,262074,221,677364,158,3071928,1075,3749292,1233,4,11218,3,19433,11246,3,"East TN",2455501,90.735047552414,0.146087680355161,50.2137852926959,15.2311076232508,14.6087680355161
2023-03-03,889237,282,626986,105,262251,177,677469,105,3072824,896,3750293,1001,14,11232,9,19442,11248,2,"East TN",2455501,84.7484892085159,0.13727710161336,40.7656115798772,11.4844180474779,13.727710161336
2023-03-04,889299,62,627025,39,262274,23,677513,44,3073232,408,3750745,452,0,11232,4,19446,11251,3,"East TN",2455501,81.6533978198339,0.133599644917887,18.4076487853192,2.52494297497741,13.3599644917887
2023-03-05,889411,112,627075,50,262336,62,677571,58,3073723,491,3751294,549,1,11233,4,19450,11251,0,"East TN",2455501,82.997319080709,0.132138694638695,22.357962794558,4.56118730963661,13.2138694638695
2023-03-06,889773,362,627249,174,262524,188,677751,180,3074718,995,3752469,1175,0,11233,6,19456,11253,2,"East TN",2455501,77.0107607368109,0.131895608688858,47.8517418644912,14.7424089829326,13.1895608688858
2023-03-07,890007,234,627352,103,262655,131,677857,106,3075535,817,3753392,923,0,11233,4,19460,11255,2,"East TN",2455501,68.3770847578559,0.124960355217253,37.5890704178088,9.52962348620506,12.4960355217253
2023-03-08,890230,223,627442,90,262788,133,677954,97,3076447,912,3754401,1009,10,11243,0,19460,11255,0,"East TN",2455501,67.1553381570604,0.117943866288237,41.0914106734227,9.08164973258003,11.7943866288237
2023-03-09,890454,224,627569,127,262885,97,678089,135,3077364,917,3755453,1052,0,11243,5,19465,11256,1,"East TN",2455501,61.0466051530828,0.117675701996429,42.8425808012296,9.12237461927322,11.7675701996429
2023-03-10,890676,222,627696,127,262980,95,678223,134,3078293,929,3756516,1063,0,11243,3,19468,11259,3,"East TN",2455501,58.6031119514918,0.121163426000321,43.2905545548546,9.04092484588685,12.1163426000321
2023-03-11,890743,67,627726,30,263017,37,678254,31,3078701,408,3756955,439,0,11243,2,19470,11261,2,"East TN",2455501,58.8067363849577,0.119323671497585,17.8782252583078,2.72856740844333,11.9323671497585
2023-03-12,890816,73,627757,31,263059,42,678285,31,3079216,515,3757501,546,0,11243,2,19472,11263,2,"East TN",2455501,57.2184658039235,0.115031416143064,22.2357881344785,2.97291672860243,11.5031416143064
2023-03-13,890994,178,627875,118,263119,60,678419,134,3080109,893,3758528,1027,2,11245,1,19473,11266,3,"East TN",2455501,49.7250866523777,0.110249216042251,41.8244586339,7.24902983138675,11.0249216042251
2023-03-14,891193,199,627958,83,263235,116,678502,83,3080852,743,3759354,826,7,11252,2,19475,11269,3,"East TN",2455501,48.2997156181162,0.108185172760819,33.63875640857,8.10425245194362,10.8185172760819
2023-03-15,891410,217,628062,104,263348,113,678610,108,3081773,921,3760383,1029,3,11255,5,19480,11269,0,"East TN",2455501,48.0553662979571,0.109662320294216,41.9059084072863,8.83730041242093,10.9662320294216
2023-03-16,891632,222,628175,113,263457,109,678728,118,3082816,1043,3761544,1161,0,11255,1,19481,11270,1,"East TN",2455501,47.9739165245707,0.104908881956986,47.2815934507866,9.04092484588685,10.4908881956986
2023-03-17,891845,213,628280,105,263565,108,678833,105,3083477,661,3762310,766,1,11256,6,19487,11273,3,"East TN",2455501,47.6073925443321,0.105281325509147,31.1952632069789,8.67440086564819,10.5281325509147
2023-03-18,891899,54,628318,38,263581,16,678869,36,3083926,449,3762795,485,0,11256,3,19490,11278,5,"East TN",2455501,47.0779690173207,0.105308219178082,19.7515700461942,2.19914388143194,10.5308219178082
2023-03-19,891942,43,628347,29,263595,14,678902,33,3084283,357,3763185,390,0,11256,2,19492,11279,1,"East TN",2455501,45.8562224165252,0.108550316678396,15.8827058103418,1.75117012780691,10.8550316678395
2023-03-20,892198,256,628459,112,263739,144,679026,124,3085192,909,3764218,1033,0,11256,3,19495,11283,4,"East TN",2455501,49.0327635785935,0.106678383128295,42.0688079540591,10.4255709934551,10.6678383128295
2023-03-21,892420,222,628565,106,263855,116,679136,110,3086217,1025,3765353,1135,3,11259,2,19497,11288,5,"East TN",2455501,49.9694359725368,0.105684280713452,46.2227463967638,9.04092484588685,10.5684280713452
2023-03-22,892645,225,628657,92,263988,133,679226,90,3086826,609,3766052,699,0,11259,3,19500,11289,1,"East TN",2455501,50.2952350660822,0.108661139530781,28.4666957985356,9.1630995059664,10.8661139530781
2023-03-23,892906,261,628790,133,264116,128,679359,133,3087929,1103,3767288,1236,1,11260,3,19503,11290,1,"East TN",2455501,51.8835056471164,0.109853760445682,50.3359599527754,10.629195426921,10.9853760445682
2023-03-24,893109,203,628883,93,264226,110,679456,97,3088673,744,3768129,841,1,11261,3,19506,11293,3,"East TN",2455501,51.4762567801846,0.107063069255886,34.2496297089677,8.26715199871635,10.7063069255886
2023-03-25,893184,75,628914,31,264270,44,679488,32,3089071,398,3768559,430,0,11261,1,19507,11293,0,"East TN",2455501,52.3314794007414,0.107390700902151,17.5117012780691,3.0543665019888,10.7390700902151
2023-03-26,893271,87,628974,60,264297,27,679551,63,3089582,511,3769133,574,0,11261,1,19508,11295,2,"East TN",2455501,54.1233744152415,0.1091123066577,23.3760849618876,3.54306514230701,10.91123066577
2023-03-27,893475,204,629064,90,264411,114,679644,93,3090248,666,3769892,759,0,11261,2,19510,11295,0,"East TN",2455501,52.005680307196,0.108917870990483,30.9101890001267,8.30787688540954,10.8917870990483
2023-03-28,893701,226,629171,107,264530,119,679757,113,3090846,598,3770603,711,12,11273,5,19515,11295,0,"East TN",2455501,52.1685798539687,0.118285714285714,28.9553944388538,9.20382439265958,11.8285714285714
2023-03-29,893862,161,629238,67,264624,94,679830,73,3091607,761,3771437,834,11,11284,3,19518,11296,1,"East TN",2455501,49.5621871056049,0.112163416898793,33.9645555021155,6.55670675760262,11.2163416898793
2023-03-30,894019,157,629301,63,264718,94,679892,62,3092268,661,3772160,723,2,11286,2,19520,11297,1,"East TN",2455501,45.3267988895138,0.10940065681445,29.444093079172,6.39380721082989,10.940065681445
2023-03-31,894200,181,629392,91,264808,90,679986,94,3093379,1111,3773365,1205,0,11286,1,19521,11299,2,"East TN",2455501,44.4308513822637,0.10122230710466,49.0734884652867,7.3712044914663,10.122230710466
2023-04-01,894242,42,629416,24,264826,18,680014,28,3093667,288,3773681,316,0,11286,1,19522,11301,2,"East TN",2455501,43.0869301213887,0.102694260054666,12.8690641950461,1.71044524111373,10.2694260054666
2023-04-02,894318,76,629445,29,264873,47,680047,33,3094116,449,3774163,482,0,11286,2,19524,11303,2,"East TN",2455501,42.6389563677636,0.0986083499005964,19.6293953861147,3.09509138868198,9.86083499005964
2023-04-03,894486,168,629527,82,264959,86,680131,84,3094885,769,3775016,853,0,11286,1,19525,11304,1,"East TN",2455501,41.172860446809,0.0950429352068696,34.738328349286,6.84178096445491,9.50429352068696
2023-04-04,894644,158,629603,76,265041,82,680213,82,3095739,854,3775952,936,10,11296,3,19528,11307,3,"East TN",2455501,38.4035681516725,0.0852495793606282,38.1184939448202,6.43453209752307,8.52495793606282
2023-04-05,894826,182,629711,108,265115,74,680330,117,3096599,860,3776929,977,1,11297,6,19534,11308,1,"East TN",2455501,39.2587907722294,0.0910415149308084,39.7882142992408,7.41192937815949,9.10415149308085
2023-04-06,894975,149,629788,77,265187,72,680416,86,3097276,677,3777692,763,0,11297,1,19535,11311,3,"East TN",2455501,38.9329916786839,0.0947216196673897,31.0730885468994,6.06800811728442,9.47216196673897
2023-04-07,895049,74,629819,31,265230,43,680449,33,3097887,611,3778336,644,0,11297,0,19535,11312,1,"East TN",2455501,34.5754288025132,0.0931402132367733,26.2268270304105,3.01364161529562,9.31402132367733
2023-04-08,895104,55,629854,35,265250,20,680486,37,3098305,418,3778791,455,0,11297,2,19537,11313,1,"East TN",2455501,35.1048523295246,0.0923679060665362,18.5298234453987,2.23986876812512,9.23679060665362
2023-04-09,895171,67,629877,23,265294,44,680510,24,3098652,347,3779162,371,1,11298,3,19540,11317,4,"East TN",2455501,34.738328349286,0.092618523704741,15.1089329631713,2.72856740844333,9.2618523704741
2023-04-10,895318,147,629976,99,265342,48,680617,107,3099299,647,3779916,754,1,11299,0,19540,11318,1,"East TN",2455501,33.8831057287291,0.0991836734693878,30.7065645666607,5.98655834389805,9.91836734693877
2023-04-11,895468,150,630037,61,265431,89,680679,62,3099824,525,3780503,587,4,11303,3,19543,11318,0,"East TN",2455501,33.5573066351836,0.102395078004834,23.905508488899,6.1087330039776,10.2395078004834
2023-04-12,895620,152,630122,85,265498,67,680770,91,3100653,829,3781423,920,7,11310,5,19548,11319,1,"East TN",2455501,32.3355600343881,0.0979083222073876,37.4668957577293,6.19018277736397,9.79083222073876
2023-04-13,895731,111,630181,59,265550,52,680829,59,3101337,684,3782166,743,1,11311,2,19550,11319,0,"East TN",2455501,30.7880143400471,0.0923111309789897,30.2585908130357,4.52046242294342,9.23111309789897
2023-04-14,895872,141,630247,66,265625,75,680897,68,3102045,708,3782942,776,0,11311,2,19552,11320,1,"East TN",2455501,33.5165817484904,0.0972644376899696,31.6025120739108,5.74220902373894,9.72644376899696
2023-04-15,895926,54,630276,29,265650,25,680928,31,3102387,342,3783315,373,0,11311,1,19553,11322,2,"East TN",2455501,33.4758568617972,0.0977011494252874,15.1903827365576,2.19914388143194,9.77011494252874
2023-04-16,895959,33,630297,21,265662,12,680948,20,3102893,506,3783841,526,0,11311,0,19553,11322,0,"East TN",2455501,32.091210714229,0.0936097456721522,21.4212904006148,1.34392126087507,9.36097456721522
2023-04-17,896087,128,630352,55,265735,73,681001,53,3103336,443,3784337,496,0,11311,0,19553,11326,4,"East TN",2455501,31.3174378670585,0.0868581768830581,20.1995437998193,5.21278549672755,8.68581768830581
2023-04-18,896212,125,630424,72,265788,53,681077,76,3103990,654,3785067,730,1,11312,1,19554,11326,0,"East TN",2455501,30.2993156997289,0.0872042068361087,29.7291672860243,5.090610836648,8.72042068361087
2023-04-19,896340,128,630490,66,265850,62,681151,74,3104916,926,3786067,1000,1,11313,3,19557,11327,1,"East TN",2455501,29.3219184190925,0.0820413436692506,40.724886693184,5.21278549672755,8.20413436692506
2023-04-20,896441,101,630548,58,265893,43,681216,65,3105627,711,3786843,776,1,11314,4,19561,11328,1,"East TN",2455501,28.9146695521606,0.0827453495830661,31.6025120739108,4.11321355601158,8.27453495830661
2023-04-21,896538,97,630589,41,265949,56,681260,44,3106220,593,3787480,637,0,11314,3,19564,11329,1,"East TN",2455501,27.1227745376605,0.0799911855442926,25.9417528235582,3.95031400923885,7.99911855442926
2023-04-22,896569,31,630605,16,265964,15,681275,15,3106458,238,3787733,253,0,11314,1,19565,11331,2,"East TN",2455501,26.1861021437173,0.0785423268447261,10.3033963333756,1.2624714874887,7.85423268447261
2023-04-23,896625,56,630635,30,265990,26,681307,32,3107079,621,3788386,653,0,11314,1,19566,11331,0,"East TN",2455501,27.1227745376605,0.078987898789879,26.5933510106491,2.2805936548183,7.8987898789879
2023-04-24,896720,95,630689,54,266031,41,681363,56,3107706,627,3789069,683,0,11314,2,19568,11333,2,"East TN",2455501,25.7788532767855,0.0765004226542688,27.8150976114447,3.86886423585248,7.65004226542688
2023-04-25,896813,93,630732,43,266081,50,681408,45,3108243,537,3789651,582,13,11327,3,19571,11333,0,"East TN",2455501,24.4756569026036,0.0722076788830716,23.7018840554331,3.78741446246611,7.22076788830716
2023-04-26,896909,96,630775,43,266134,53,681451,43,3108723,480,3790174,523,0,11327,2,19573,11334,1,"East TN",2455501,23.1724605284217,0.0730460189919649,21.2991157405352,3.90958912254566,7.30460189919649
2023-04-27,897029,120,630842,67,266187,53,681515,64,3109505,782,3791020,846,0,11327,0,19573,11335,1,"East TN",2455501,23.9462333755922,0.0715824754608571,34.4532541424337,4.88698640318208,7.15824754608571
2023-04-28,897103,74,630874,32,266229,42,681548,33,3110109,604,3791657,637,0,11327,2,19575,11335,0,"East TN",2455501,23.009560981649,0.0689490064639694,25.9417528235582,3.01364161529562,6.89490064639694
2023-04-29,897139,36,630891,17,266248,19,681565,17,3110411,302,3791976,319,0,11327,2,19577,11338,3,"East TN",2455501,23.2131854151149,0.0683478670751827,12.9912388551257,1.46609592095462,6.83478670751827
2023-04-30,897187,48,630925,34,266262,14,681600,35,3110846,435,3792446,470,1,11328,1,19578,11340,2,"East TN",2455501,22.8873863215694,0.0721674876847291,19.1406967457965,1.95479456127283,7.21674876847291
2023-05-01,897318,131,630999,74,266319,57,681667,67,3111659,813,3793326,880,2,11330,3,19581,11343,3,"East TN",2455501,24.353482242524,0.0714117923420249,35.8379002900019,5.3349601568071,7.14117923420249
2023-05-02,897407,89,631041,42,266366,47,681709,42,3112185,526,3793894,568,4,11334,1,19582,11344,1,"East TN",2455501,24.1905826957513,0.0709403723780344,23.1317356417285,3.62451491569338,7.09403723780344
2023-05-03,897500,93,631092,51,266408,42,681760,51,3112827,642,3794587,693,1,11335,1,19583,11347,3,"East TN",2455501,24.0684080356717,0.0700203942895989,28.2223464783765,3.78741446246611,7.00203942895989
2023-05-04,897588,88,631127,35,266461,53,681793,33,3113313,486,3795106,519,3,11338,1,19584,11347,0,"East TN",2455501,22.7652116614899,0.0680372001957905,21.1362161937625,3.58379002900019,6.80372001957905
2023-05-05,897673,85,631176,49,266497,36,681841,48,3113951,638,3795792,686,0,11338,3,19587,11347,0,"East TN",2455501,23.2131854151149,0.0708585247883918,27.9372722715242,3.46161536892064,7.08585247883918
2023-05-06,897723,50,631217,41,266506,9,681883,42,3114472,521,3796355,563,0,11338,0,19587,11347,0,"East TN",2455501,23.7833338288195,0.0726193194793332,22.9281112082626,2.0362443346592,7.26193194793332
2023-05-07,897752,29,631232,15,266520,14,681897,14,3114733,261,3796630,275,-1,11337,0,19587,11349,2,"East TN",2455501,23.009560981649,0.0709847036328872,11.1993438406256,1.18102171410234,7.09847036328872
2023-05-08,897867,115,631289,57,266578,58,681957,60,3115162,429,3797119,489,0,11337,1,19588,11351,2,"East TN",2455501,22.357962794558,0.076456630635381,19.914469592967,4.68336196971616,7.6456630635381
2023-05-09,898008,141,631361,72,266647,69,682030,73,3116049,887,3798079,960,1,11338,1,19589,11351,0,"East TN",2455501,24.4756569026036,0.0767025089605735,39.0958912254566,5.74220902373894,7.67025089605735
2023-05-10,898098,90,631407,46,266691,44,682078,48,3116629,580,3798707,628,2,11340,0,19589,11353,2,"East TN",2455501,24.353482242524,0.0771844660194175,25.5752288433196,3.66523980238656,7.71844660194175
2023-05-11,898185,87,631448,41,266737,46,682119,41,3117027,398,3799146,439,7,11347,7,19596,11354,1,"East TN",2455501,24.3127573558308,0.0806930693069307,17.8782252583078,3.54306514230701,8.06930693069307
2023-05-12,898277,92,631497,49,266780,43,682170,51,3117733,706,3799903,757,0,11347,4,19600,11354,0,"East TN",2455501,24.5978315626831,0.0800291899781075,30.8287392267403,3.74668957577293,8.00291899781075
2023-05-13,898303,26,631512,15,266791,11,682186,16,3117987,254,3800173,270,0,11347,0,19600,11355,1,"East TN",2455501,23.6204342820467,0.0793609219486642,10.9957194071597,1.05884705402278,7.93609219486642
2023-05-14,898328,25,631529,17,266799,8,682203,17,3118172,185,3800375,202,0,11347,0,19600,11355,0,"East TN",2455501,23.457534735274,0.0817089452603471,8.22642711202317,1.0181221673296,8.17089452603471
2023-05-15,898467,139,631585,56,266882,83,682260,57,3118738,566,3800998,623,0,11347,1,19601,11355,0,"East TN",2455501,24.4349320159104,0.0781129156999227,25.3716044098536,5.66075925035258,7.81129156999227
2023-05-16,898534,67,631613,28,266921,39,682292,32,3119095,357,3801387,389,0,11347,2,19603,11355,0,"East TN",2455501,21.4212904006148,0.0792019347037485,15.8419809236486,2.72856740844333,7.92019347037485
2023-05-17,898624,90,631678,65,266946,25,682358,66,3119569,474,3801927,540,0,11347,1,19604,11355,0,"East TN",2455501,21.4212904006148,0.0869565217391304,21.9914388143194,3.66523980238656,8.69565217391304
2023-05-18,898687,63,631702,24,266985,39,682384,26,3119837,268,3802221,294,0,11347,1,19605,11356,1,"East TN",2455501,20.4438931199784,0.0861788617886179,11.9731166877961,2.56566786167059,8.61788617886179
2023-05-19,898801,114,631742,40,267059,74,682427,43,3120276,439,3802703,482,1,11348,5,19610,11357,1,"East TN",2455501,21.3398406272284,0.0917857142857143,19.6293953861147,4.64263708302298,9.17857142857143
2023-05-20,898824,23,631754,12,267070,11,682438,11,3120502,226,3802940,237,0,11348,1,19611,11358,1,"East TN",2455501,21.2176659671489,0.0910733646548609,9.65179814628461,0.936672393943232,9.10733646548609
2023-05-21,898838,14,631762,8,267076,6,682446,8,3120736,234,3803182,242,1,11349,0,19611,11359,1,"East TN",2455501,20.7696922135238,0.0865692910580691,9.85542257975053,0.570148413704576,8.65692910580691
2023-05-22,898911,73,631787,25,267124,48,682479,33,3121035,299,3803514,332,1,11350,2,19613,11359,0,"East TN",2455501,18.0818496917737,0.0870429252782194,13.5206623821371,2.97291672860243,8.70429252782194
2023-05-23,898968,57,631810,23,267158,34,682501,22,3121430,395,3803931,417,0,11350,4,19617,11360,1,"East TN",2455501,17.6746008248419,0.0821540880503145,16.9822777510577,2.32131854151149,8.21540880503145
2023-05-24,899070,102,631875,65,267195,37,682568,67,3121910,480,3804478,547,0,11350,0,19617,11360,0,"East TN",2455501,18.1632994651601,0.0823206585652685,22.2765130211716,4.15393844270477,8.23206585652685
2023-05-25,899147,77,631922,47,267225,30,682614,46,3122209,299,3804823,345,0,11350,1,19618,11360,0,"East TN",2455501,18.7334478788646,0.0883935434281322,14.0500859091485,3.13581627537517,8.83935434281322
2023-05-26,899219,72,631966,44,267253,28,682661,47,3122517,308,3805178,355,5,11355,1,19619,11362,2,"East TN",2455501,17.0230026377509,0.0945454545454545,14.4573347760803,2.93219184190925,9.45454545454546
2023-05-27,899238,19,631976,10,267262,9,682672,11,3122729,212,3805401,223,0,11355,0,19619,11362,0,"East TN",2455501,16.8601030909782,0.0950832994717594,9.08164973258003,0.773772847170496,9.50832994717594
2023-05-28,899267,29,631985,9,267282,20,682681,9,3122918,189,3805599,198,0,11355,0,19619,11362,0,"East TN",2455501,17.4709763913759,0.0972279685560612,8.06352756525043,1.18102171410234,9.72279685560612
2023-05-29,899289,22,631994,9,267295,13,682692,11,3123109,191,3805801,202,0,11355,2,19621,11362,0,"East TN",2455501,15.3940071700236,0.0931351114997814,8.22642711202317,0.895947507250048,9.31351114997814
2023-05-30,899379,90,632039,45,267340,45,682745,53,3123372,263,3806117,316,5,11360,0,19621,11363,1,"East TN",2455501,16.7379284308986,0.111619396157365,12.8690641950461,3.66523980238656,11.1619396157365
2023-05-31,899505,126,632104,65,267401,61,682813,68,3123742,370,3806555,438,0,11360,1,19622,11364,1,"East TN",2455501,17.715325711535,0.117958594126143,17.8375003716146,5.13133572334118,11.7958594126143
2023-06-01,899575,70,632134,30,267441,40,682849,36,3124034,292,3806883,328,2,11362,0,19622,11364,0,"East TN",2455501,17.4302515046828,0.114077669902913,13.3577628353644,2.85074206852288,11.4077669902913
2023-06-02,899705,130,632203,69,267502,61,682924,75,3124356,322,3807280,397,0,11362,1,19623,11364,0,"East TN",2455501,19.7922949328874,0.12511893434824,16.167780017194,5.29423527011392,12.511893434824
2023-06-03,899738,33,632224,21,267514,12,682947,23,3124752,396,3807699,419,0,11362,0,19623,11364,0,"East TN",2455501,20.362443346592,0.119669277632724,17.0637275244441,1.34392126087507,11.9669277632724
2023-06-04,899774,36,632247,23,267527,13,682972,25,3124949,197,3807921,222,0,11362,0,19623,11364,0,"East TN",2455501,20.6475175534443,0.125322997416021,9.04092484588685,1.46609592095462,12.5322997416021
2023-06-05,899858,84,632278,31,267580,53,683011,39,3125210,261,3808221,300,0,11362,2,19625,11366,2,"East TN",2455501,23.1724605284217,0.131818181818182,12.2174660079552,3.42089048222746,13.1818181818182
2023-06-06,899948,90,632312,34,267636,56,683047,36,3125531,321,3808578,357,3,11365,6,19631,11367,1,"East TN",2455501,23.1724605284217,0.122714343762698,14.5387845494667,3.66523980238656,12.2714343762698
2023-06-07,900026,78,632339,27,267687,51,683074,27,3125808,277,3808882,304,0,11365,0,19631,11368,1,"East TN",2455501,21.2176659671489,0.112161581435324,12.3803655547279,3.17654116206835,11.2161581435324
2023-06-08,900083,57,632362,23,267721,34,683101,27,3126057,249,3809158,276,1,11366,1,19632,11368,0,"East TN",2455501,20.6882424401375,0.110769230769231,11.2400687273188,2.32131854151149,11.0769230769231
2023-06-09,900155,72,632384,22,267771,50,683126,25,3126424,367,3809550,392,0,11366,0,19632,11369,1,"East TN",2455501,18.3261990119328,0.0889867841409692,15.9641555837281,2.93219184190925,8.89867841409692
2023-06-10,900166,11,632390,6,267776,5,683132,6,3126601,177,3809733,183,0,11366,0,19632,11369,0,"East TN",2455501,17.4302515046828,0.0909537856440511,7.45265426485267,0.447973753625024,9.09537856440511
2023-06-11,900193,27,632399,9,267794,18,683142,10,3126842,241,3809984,251,0,11366,0,19632,11370,1,"East TN",2455501,17.0637275244441,0.0824042656325739,10.2219465599892,1.09957194071597,8.24042656325739
2023-06-12,900252,59,632427,28,267825,31,683173,31,3127123,281,3810296,312,0,11366,1,19633,11371,1,"East TN",2455501,16.0456053571145,0.0780722891566265,12.7061646482734,2.40276831489786,7.80722891566265
2023-06-13,900336,84,632469,42,267867,42,683222,49,3127393,270,3810615,319,1,11367,0,19633,11371,0,"East TN",2455501,15.8012560369554,0.0859106529209622,12.9912388551257,3.42089048222746,8.59106529209622
2023-06-14,900419,83,632505,36,267914,47,683264,42,3127702,309,3810966,351,0,11367,1,19634,11371,0,"East TN",2455501,16.0048804704213,0.0911708253358925,14.2944352293076,3.38016559553427,9.11708253358925
2023-06-15,900473,54,632535,30,267938,24,683298,34,3127952,250,3811250,284,1,11368,2,19636,11371,0,"East TN",2455501,15.8827058103418,0.0941682600382409,11.5658678208643,2.19914388143194,9.41682600382409
2023-06-16,900543,70,632553,18,267990,52,683323,25,3128201,249,3811524,274,0,11368,0,19636,11371,0,"East TN",2455501,15.8012560369554,0.0997973657548126,11.1586189539324,2.85074206852288,9.97973657548126
2023-06-17,900559,16,632565,12,267994,4,683335,12,3128388,187,3811723,199,0,11368,0,19636,11371,0,"East TN",2455501,16.0048804704213,0.102010050251256,8.10425245194362,0.651598187090944,10.2010050251256
2023-06-18,900576,17,632573,8,268003,9,683343,8,3128537,149,3811880,157,0,11368,1,19637,11373,2,"East TN",2455501,15.5976316034895,0.106012658227848,6.39380721082989,0.692323073784128,10.6012658227848
2023-06-19,900645,69,632595,22,268050,47,683367,24,3128764,227,3812131,251,0,11368,0,19637,11373,0,"East TN",2455501,16.0048804704213,0.105722070844687,10.2219465599892,2.8100171818297,10.5722070844687
2023-06-20,900761,116,632641,46,268120,70,683412,45,3129077,313,3812489,358,4,11372,2,19639,11374,1,"East TN",2455501,17.3080768446032,0.101387406616862,14.5795094361599,4.72408685640934,10.1387406616862
2023-06-21,900831,70,632687,46,268144,24,683463,51,3129465,388,3812928,439,2,11374,1,19640,11375,1,"East TN",2455501,16.7786533175918,0.101427115188583,17.8782252583078,2.85074206852288,10.1427115188583
2023-06-22,900903,72,632729,42,268174,30,683514,51,3129694,229,3813208,280,0,11374,2,19642,11375,0,"East TN",2455501,17.5117012780691,0.110316649642492,11.4029682740915,2.93219184190925,11.0316649642492
2023-06-23,900970,67,632767,38,268203,29,683554,40,3129978,284,3813532,324,0,11374,1,19643,11375,0,"East TN",2455501,17.3895266179896,0.11503984063745,13.1948632885916,2.72856740844333,11.503984063745
2023-06-24,901000,30,632785,18,268215,12,683573,19,3130229,251,3813802,270,0,11374,1,19644,11375,0,"East TN",2455501,17.9596750316941,0.114478114478114,10.9957194071597,1.22174660079552,11.4478114478114
2023-06-25,901025,25,632796,11,268229,14,683585,12,3130406,177,3813991,189,0,11374,0,19644,11375,0,"East TN",2455501,18.2854741252396,0.114637612505921,7.69700358501178,1.0181221673296,11.4637612505921
2023-06-26,901094,69,632828,32,268266,37,683620,35,3130610,204,3814230,239,0,11374,0,19644,11376,1,"East TN",2455501,18.2854741252396,0.120533587422582,9.73324791967098,2.8100171818297,12.0533587422582
2023-06-27,901147,53,632850,22,268297,31,683645,25,3130804,194,3814449,219,0,11374,2,19646,11377,1,"East TN",2455501,15.719806263569,0.118877551020408,8.9187501858073,2.15841899473875,11.8877551020408
2023-06-28,901215,68,632889,39,268326,29,683687,42,3131145,341,3814832,383,0,11374,1,19647,11377,0,"East TN",2455501,15.6383564901827,0.117647058823529,15.5976316034895,2.76929229513651,11.7647058823529
2023-06-29,901271,56,632919,30,268352,26,683717,30,3131427,282,3815144,312,0,11374,3,19650,11377,0,"East TN",2455501,14.9867583030917,0.104855371900826,12.7061646482734,2.2805936548183,10.4855371900826
2023-06-30,901333,62,632951,32,268382,30,683751,34,3131673,246,3815424,280,0,11374,0,19650,11377,0,"East TN",2455501,14.7831338696258,0.104122621564482,11.4029682740915,2.52494297497741,10.4122621564482
2023-07-01,901359,26,632967,16,268392,10,683767,16,3131818,145,3815585,161,0,11374,0,19650,11377,0,"East TN",2455501,14.6202343228531,0.10880538418396,6.55670675760262,1.05884705402278,10.880538418396
2023-07-02,901377,18,632976,9,268401,9,683776,9,3131987,169,3815763,178,0,11374,0,19650,11377,0,"East TN",2455501,14.3351601160008,0.107787810383747,7.24902983138675,0.733047960477312,10.7787810383747
2023-07-03,901445,68,633007,31,268438,37,683817,41,3132180,193,3815997,234,0,11374,5,19655,11377,0,"East TN",2455501,14.2944352293076,0.111488398415393,9.52962348620506,2.76929229513651,11.1488398415393
2023-07-04,901480,35,633032,25,268448,10,683843,26,3132393,213,3816236,239,0,11374,3,19658,11377,0,"East TN",2455501,13.5613872688303,0.110800223838836,9.73324791967098,1.42537103426144,11.0800223838836
2023-07-05,901547,67,633064,32,268483,35,683881,38,3132655,262,3816536,300,4,11378,2,19660,11378,1,"East TN",2455501,13.5206623821371,0.113849765258216,12.2174660079552,2.72856740844333,11.3849765258216
2023-07-06,901609,62,633102,38,268507,24,683924,43,3132870,215,3816794,258,0,11378,0,19660,11378,0,"East TN",2455501,13.7650117022962,0.125454545454545,10.5070207668415,2.52494297497741,12.5454545454545
2023-07-07,901670,61,633134,32,268536,29,683958,34,3133112,242,3817070,276,0,11378,1,19661,11378,0,"East TN",2455501,13.724286815603,0.125759416767922,11.2400687273188,2.48421808828422,12.5759416767922
2023-07-08,901696,26,633146,12,268550,14,683970,12,3133274,162,3817244,174,0,11378,0,19661,11379,1,"East TN",2455501,13.724286815603,0.122362869198312,7.08613028461402,1.05884705402278,12.2362869198312
2023-07-09,901734,38,633166,20,268568,18,683990,20,3133486,212,3817476,232,0,11378,1,19662,11379,0,"East TN",2455501,14.5387845494667,0.124927028604787,9.44817371281869,1.54754569434099,12.4927028604787
2023-07-10,901824,90,633206,40,268618,50,684036,46,3133709,223,3817745,269,1,11379,2,19664,11379,0,"East TN",2455501,15.4347320567167,0.125286041189931,10.9549945204665,3.66523980238656,12.5286041189931
2023-07-11,901899,75,633250,44,268649,31,684082,46,3133969,260,3818051,306,0,11379,4,19668,11379,0,"East TN",2455501,17.0637275244441,0.13168044077135,12.4618153281143,3.0543665019888,13.168044077135
2023-07-12,901955,56,633279,29,268676,27,684112,30,3134215,246,3818327,276,0,11379,0,19668,11381,2,"East TN",2455501,16.6157537708191,0.128978224455611,11.2400687273188,2.2805936548183,12.8978224455611
2023-07-13,902054,99,633314,35,268740,64,684151,39,3134497,282,3818648,321,5,11384,0,19668,11381,0,"East TN",2455501,18.1225745784669,0.122437971952535,13.0726886285121,4.03176378262522,12.2437971952535
2023-07-14,902142,88,633354,40,268788,48,684190,39,3134748,251,3818938,290,0,11384,3,19671,11381,0,"East TN",2455501,19.2221465191828,0.124197002141328,11.8102171410234,3.58379002900019,12.4197002141328
2023-07-15,902179,37,633381,27,268798,10,684218,28,3134947,199,3819165,227,0,11384,0,19671,11381,0,"East TN",2455501,19.6701202728079,0.129099427381572,9.24454927935277,1.50682080764781,12.9099427381572
