"DATE","TOTAL_CASES","NEW_CASES","TOTAL_CONFIRMED","NEW_CONFIRMED","TOTAL_PROBABLE","NEW_PROBABLE","POS_TESTS","NEW_POS_TESTS","NEG_TESTS","NEW_NEG_TESTS","TOTAL_TESTS","NEW_TESTS","NEW_DEATHS","TOTAL_DEATHS","NEW_ACTIVE","TOTAL_ACTIVE","NEW_INACTIVE_RECOVERED","TOTAL_INACTIVE_RECOVERED","NEW_HOSPITALIZED","TOTAL_HOSPITALIZED","TOTAL_DEATHS_BY_DOD","Region","Population","New_cases_per_100k_per_week","PositivityRate_per_week","Tests_per_100k","New_cases_per_100k","Active_cases_per_100k","PositivityPercentage_per_week"
2021-09-16,71050,592,57457,457,13593,135,62755,481,416171,1515,478926,1996,7,784,40,5285,545,64981,3,1707,784,"Knox County",470313,NA,NA,424.398219908869,125.873620333693,1123.71973558035,NA
2021-09-15,70458,337,57000,243,13458,94,62274,264,414656,808,476930,1072,6,777,-288,5245,619,64436,3,1704,783,"Knox County",470313,NA,NA,227.933312496146,71.6544088723892,1115.21476123348,NA
2021-09-14,70121,551,56757,437,13364,114,62010,475,413848,1406,475858,1881,12,771,-138,5533,677,63817,2,1701,782,"Knox County",470313,NA,NA,399.946418661615,117.15602162815,1176.45057653095,NA
2021-09-13,69570,402,56320,302,13250,100,61535,335,412442,1134,473977,1469,20,759,-373,5671,755,63140,9,1699,779,"Knox County",470313,NA,NA,312.345182888842,85.4749921860548,1205.79273802765,NA
2021-09-12,69168,388,56018,355,13150,33,61200,377,411308,1460,472508,1837,0,739,125,6044,263,62385,1,1690,772,"Knox County",470313,NA,NA,390.590946880056,82.4982511646499,1285.10162381223,NA
2021-09-11,68780,860,55663,704,13117,156,60823,760,409848,2621,470671,3381,4,739,551,5919,305,62122,11,1689,765,"Knox County",470313,NA,NA,718.882956669282,182.856948457729,1258.52357897825,NA
2021-09-10,67920,1016,54959,731,12961,285,60063,793,407227,2513,467290,3306,1,735,498,5368,517,61817,11,1678,755,"Knox County",470313,881.540591053192,0.23323517601392,702.936129768899,216.026348410527,1141.36755735011,23.323517601392
2021-09-09,66904,311,54228,167,12676,144,59270,171,404714,685,463984,856,1,734,-347,4870,657,61300,10,1667,750,"Knox County",470313,821.793146266423,0.230039124764527,182.006451023042,66.126175546923,1035.48062673156,23.0039124764527
2021-09-08,66593,292,54061,226,12532,66,59099,253,404029,837,463128,1090,5,733,-363,5217,650,60643,8,1657,748,"Knox County",470313,812.225050126193,0.228943560057887,231.760550952238,62.0863127321592,1109.26127919067,22.8943560057887
2021-09-07,66301,417,53835,298,12466,119,58846,312,403192,979,462038,1291,3,728,-169,5580,583,59993,6,1649,743,"Knox County",470313,783.733386064174,0.226832955404384,274.498047045266,88.6643575661315,1186.44392138852,22.6832955404384
2021-09-06,65884,991,53537,786,12347,205,58534,842,402213,3221,460747,4063,1,725,393,5749,597,59410,11,1643,741,"Knox County",470313,908.969133321852,0.221688574317492,863.892769283435,210.710739443732,1222.37743800405,22.1688574317492
2021-09-05,64893,971,52751,798,12142,173,57692,857,398992,2999,456684,3856,2,724,675,5356,294,58813,8,1632,738,"Knox County",470313,1032.9291344275,0.22350501597265,819.879527038377,206.458252270297,1138.81606504604,22.350501597265
2021-09-04,63922,541,51953,383,11969,158,56835,416,395993,1503,452828,1919,2,722,248,4681,291,58519,5,1624,735,"Knox County",470313,965.101964011201,0.222452841706856,408.026144291142,115.029778041432,995.294622942594,22.2452841706856
2021-09-03,63381,335,51570,230,11811,105,56419,249,394490,909,450909,1158,5,720,-112,4433,442,58228,7,1619,732,"Knox County",470313,820.30477575572,0.2178036956369,246.219007341919,71.2291601550457,942.563781991993,21.78036956369
2021-09-02,63046,323,51340,177,11706,146,56170,200,393581,681,449751,881,3,715,-117,4545,437,57786,4,1612,728,"Knox County",470313,822.856268059781,0.219455744143639,187.322059989837,68.6776678509843,966.377710163232,21.9455744143639
2021-09-01,62723,276,51163,209,11560,67,55970,226,392900,645,448870,871,3,712,-91,4662,364,57349,1,1608,725,"Knox County",470313,819.454278321033,0.220955908540494,185.195816403119,58.6843229934108,991.25476012783,22.0955908540494
2021-08-31,62447,597,50954,430,11493,167,55744,479,392255,1894,447999,2373,2,709,210,4753,385,56985,7,1607,723,"Knox County",470313,857.726662881953,0.216189405462602,504.55760312813,126.936742127052,1010.60357676696,21.6189405462602
2021-08-30,61850,512,50524,400,11326,112,55265,429,390361,1630,445626,2059,9,707,106,4543,397,56600,5,1600,720,"Knox County",470313,755.879595078171,0.217732713272852,437.793554505191,108.86367163995,965.952461445888,21.7732713272852
2021-08-29,61338,483,50124,404,11214,79,54836,441,388731,1485,443567,1926,1,698,269,4437,213,56203,4,1595,714,"Knox County",470313,652.118908046344,0.218110306605882,409.514514801845,102.697565238469,943.41427942668,21.8110306605882
2021-08-28,60855,399,49720,302,11135,97,54395,323,387246,1066,441641,1389,0,697,193,4168,206,55990,4,1591,708,"Knox County",470313,621.926249114951,0.220230834193488,295.3352341951,84.8371191100395,886.218326943971,22.0230834193488
2021-08-27,60456,473,49418,367,11038,106,54072,389,386180,1166,440252,1555,5,697,185,3975,283,55784,3,1587,705,"Knox County",470313,651.268410611656,0.224986430251493,330.630877734615,100.571321651751,845.181825720318,22.4986430251493
2021-08-26,59983,448,49051,342,10932,106,53683,365,385014,1426,438697,1791,5,692,166,3790,277,55501,0,1584,704,"Knox County",470313,677.846455445629,0.221664994984955,380.810226381155,95.2557126849566,805.846319366039,22.1664994984955
2021-08-25,59535,350,48709,220,10826,130,53318,236,383588,642,436906,878,2,687,90,3624,258,55224,3,1584,701,"Knox County",470313,693.58065798734,0.222370729262384,186.684186913821,74.4185255351224,770.550675826524,22.2370729262384
2021-08-24,59185,340,48489,219,10696,121,53082,236,382946,677,436028,913,4,685,82,3534,254,54966,4,1581,692,"Knox County",470313,638.936197808693,0.230139853486823,194.126039467333,72.2922819484046,751.414483546064,23.0139853486823
2021-08-23,58845,287,48270,205,10575,82,52846,227,382269,825,435115,1052,1,681,29,3452,257,54712,1,1577,692,"Knox County",470313,591.095717107543,0.233270202020202,223.680825322711,61.0231909388003,733.979286134978,23.3270202020202
2021-08-22,58558,241,48065,218,10493,23,52619,234,381444,889,434063,1123,2,680,67,3423,172,54455,0,1576,689,"Knox County",470313,539.640622308973,0.231007930122974,238.777154788407,51.2424704398985,727.813179733497,23.1007930122974
2021-08-21,58317,495,47847,369,10470,126,52385,410,380555,1905,432940,2315,0,678,382,3356,113,54283,8,1576,687,"Knox County",470313,560.052560741464,0.217824867559988,492.225390325166,105.24905754253,713.567347702487,21.7824867559988
2021-08-20,57822,424,47478,327,10344,97,51975,357,378650,1148,430625,1505,0,678,227,2974,197,54170,5,1568,685,"Knox County",470313,549.633967166547,0.2156207580662,319.999659801026,90.1527280768339,632.344842689868,21.56207580662
2021-08-19,57398,368,47151,250,10247,118,51618,264,377502,952,429120,1216,1,678,202,2747,165,53973,5,1563,683,"Knox County",470313,532.624018472804,0.218173739169074,258.551220144882,78.2457639912144,584.079113271375,21.8173739169074
2021-08-18,57030,263,46901,184,10129,79,51354,202,376550,914,427904,1116,2,677,108,2545,153,53808,4,1558,683,"Knox County",470313,514.12569926836,0.208874458874459,237.288784277704,55.9202063306777,541.128992819675,20.8874458874459
2021-08-17,56767,262,46717,178,10050,84,51152,195,375636,1042,426788,1237,0,675,112,2437,150,53655,4,1554,683,"Knox County",470313,497.540999291961,0.197511501463823,263.01633167699,55.7075819720059,518.165562083123,19.7511501463823
2021-08-16,56505,185,46539,124,9966,61,50957,132,374594,422,425551,554,2,675,-29,2325,212,53505,5,1550,680,"Knox County",470313,475.853314707439,0.197882197220384,117.793894704165,39.335506354279,494.351633911884,19.7882197220384
2021-08-15,56320,205,46415,181,9905,24,50825,199,374172,953,424997,1152,3,673,79,2354,123,53293,5,1545,680,"Knox County",470313,468.198837795255,0.193402968664101,244.943261189888,43.5879935277145,500.517740313366,19.3402968664101
2021-08-14,56115,219,46234,144,9881,75,50626,155,373219,794,423845,949,0,670,100,2275,119,53170,2,1540,679,"Knox County",470313,409.514514801845,0.194591797127701,201.780516379517,46.5647345491194,483.720415978295,19.4591797127701
2021-08-13,55896,265,46090,204,9806,61,50471,220,372425,1470,422896,1690,1,670,128,2175,136,53051,5,1538,677,"Knox County",470313,375.707241773032,0.172731867576447,359.335166155305,56.3454550480212,462.457980111117,17.2731867576447
2021-08-12,55631,222,45886,141,9745,81,50251,152,370955,643,421206,795,2,669,89,2047,131,52915,6,1533,674,"Knox County",470313,344.664085406952,0.167489657013212,169.036365144064,47.2026076251348,435.24206220113,16.7489657013212
2021-08-11,55409,316,45745,238,9664,78,50099,248,370312,989,420411,1237,1,667,191,1958,124,52784,9,1527,673,"Knox County",470313,355.933176416557,0.170869451011295,263.01633167699,67.1892973402819,416.318494279342,17.0869451011295
2021-08-10,55093,173,45507,108,9586,65,49851,122,369323,621,419174,743,1,666,59,1767,113,52660,2,1518,672,"Knox County",470313,337.009608494768,0.17247191011236,157.979898493131,36.7840140502176,375.707241773032,17.247191011236
2021-08-09,54920,197,45399,157,9521,40,49729,167,368702,753,418431,920,1,665,72,1708,124,52547,1,1516,669,"Knox County",470313,339.56110079883,0.168714934544483,195.614409978036,41.8869986583403,363.162404611397,16.8714934544483
2021-08-08,54723,88,45242,66,9481,22,49562,75,367949,418,417511,493,1,664,22,1636,65,52423,4,1515,668,"Knox County",470313,314.684050834232,0.166837556759924,104.823808825187,18.7109435631165,347.853450787029,16.6837556759924
2021-08-07,54635,105,45176,74,9459,31,49487,80,367531,638,417018,718,0,663,45,1614,60,52358,2,1511,668,"Knox County",470313,290.444873945649,0.161309884778654,152.664289526337,22.3255576605367,343.17571489625,16.1309884778654
2021-08-06,54530,202,45102,145,9428,57,49407,162,366893,879,416300,1041,0,663,140,1569,62,52298,8,1509,668,"Knox County",470313,277.049539349327,0.169160921473012,221.341957377321,42.9501204516992,333.60761875602,16.9160921473012
2021-08-05,54328,174,44957,129,9371,45,49245,147,366014,850,415259,997,2,663,104,1429,68,52236,4,1501,667,"Knox County",470313,266.843570133082,0.162790697674419,211.986485595763,36.9966384088894,303.840208541971,16.2790697674419
2021-08-04,54154,144,44828,98,9326,46,49098,105,365164,656,414262,761,1,661,70,1325,73,52168,4,1497,665,"Knox County",470313,230.272180441536,0.151242728714966,161.807136949223,30.6179076487361,281.727275240106,15.1242728714966
2021-08-03,54010,238,44730,175,9280,63,48993,183,364508,814,413501,997,0,660,161,1255,77,52095,4,1493,664,"Knox County",470313,244.092763755201,0.155053146617176,211.986485595763,50.6045973638832,266.843570133082,15.5053146617176
2021-08-02,53772,97,44555,75,9217,22,48810,83,363694,532,412504,615,2,660,-3,1094,98,52018,1,1489,663,"Knox County",470313,222.830327888024,0.148523657061544,130.763980583144,20.6245627911625,232.611048386925,14.8523657061544
2021-08-01,53675,107,44480,91,9195,16,48727,99,363162,526,411889,625,0,658,63,1097,44,51920,2,1488,663,"Knox County",470313,226.870190702787,0.14928745220716,132.890224169861,22.7508063778803,233.248921462941,14.928745220716
2021-07-31,53568,104,44389,64,9179,40,48628,68,362636,399,411264,467,1,658,47,1034,56,51876,4,1486,661,"Knox County",470313,226.657566344116,0.153916045793204,99.2955754997204,22.1129333018649,219.853586866619,15.3916045793204
2021-07-30,53464,118,44325,82,9139,36,48560,89,362237,339,410797,428,1,657,79,987,38,51820,0,1482,661,"Knox County",470313,208.797120215686,0.158282208588957,91.0032255115211,25.0896743232698,209.860242009045,15.8282208588957
2021-07-29,53346,117,44243,64,9103,53,48471,69,361898,483,410369,552,0,656,84,908,33,51782,1,1482,660,"Knox County",470313,196.677531771395,0.156580427446569,117.368645986822,24.877049964598,193.062917673975,15.6580427446569
2021-07-28,53229,131,44179,89,9050,42,48402,95,361415,536,409817,631,0,656,80,824,51,51749,4,1481,659,"Knox County",470313,193.913415108662,0.158980301274623,134.165970321892,27.8537909860029,175.202471545545,15.8980301274623
2021-07-27,53098,117,44090,78,9008,39,48307,83,360879,499,409186,582,0,656,85,744,32,51698,4,1477,659,"Knox County",470313,168.185867709377,0.15025641025641,123.747376746975,24.877049964598,158.192522851803,15.025641025641
2021-07-26,52981,98,44012,74,8969,24,48224,80,360380,371,408604,451,1,656,62,659,35,51666,4,1473,658,"Knox County",470313,168.398492068048,0.156049250535332,95.893585760972,20.8371871498343,140.119452364702,15.6049250535332
2021-07-25,52883,51,43938,43,8945,8,48144,44,360009,320,408153,364,3,655,22,597,26,51631,5,1469,658,"Knox County",470313,156.491527982429,0.151942446043165,77.3952665565272,10.8438422922607,126.936742127052,15.1942446043165
2021-07-24,52832,64,43895,41,8937,23,48100,44,359689,348,407789,392,0,652,39,575,25,51605,1,1464,657,"Knox County",470313,147.986553635558,0.148235294117647,83.348748599337,13.6079589549938,122.259006236272,14.8235294117647
2021-07-23,52768,57,43854,31,8914,26,48056,34,359341,321,407397,355,1,652,25,536,31,51580,4,1463,655,"Knox County",470313,135.016467756579,0.134956417192666,75.4816473284812,12.1195884442914,113.966656248073,13.4956417192666
2021-07-22,52711,94,43823,69,8888,25,48022,78,359020,474,407042,552,0,651,70,511,24,51549,3,1459,654,"Knox County",470313,130.126107507128,0.137661556958221,117.368645986822,19.9866897151471,108.651047281279,13.7661556958221
2021-07-21,52617,61,43754,47,8863,14,47944,46,358546,411,406490,457,1,651,33,441,27,51525,1,1456,654,"Knox County",470313,115.242402400104,0.129717729146844,97.1693319130026,12.9700858789785,93.7673421742542,12.9717729146844
2021-07-20,52556,78,43707,42,8849,36,47898,45,358135,299,406033,344,0,650,54,408,24,51498,3,1455,654,"Knox County",470313,106.950052411904,0.127272727272727,73.1427793830917,16.5846999763987,86.7507383380855,12.7272727272727
2021-07-19,52478,48,43665,36,8813,12,47853,42,357836,348,405689,390,0,650,28,354,20,51474,0,1452,654,"Knox County",470313,96.3188344783155,0.116678346180799,82.9234998819935,10.2059692162454,75.2690229698095,11.6678346180799
2021-07-18,52430,36,43629,30,8801,6,47811,31,357488,272,405299,303,0,650,27,326,9,51454,1,1452,654,"Knox County",470313,93.1294690982388,0.114572144647333,64.4251806775488,7.65447691218401,69.3155409269997,11.4572144647333
2021-07-17,52394,27,43599,20,8795,7,47780,21,357216,202,404996,223,0,650,12,299,15,51445,1,1451,653,"Knox County",470313,85.262367827383,0.113185975609756,47.4152319838065,5.74085768413801,63.5746832428617,11.3185975609756
2021-07-16,52367,37,43579,21,8788,16,47759,22,357014,291,404773,313,0,650,25,287,12,51430,1,1450,653,"Knox County",470313,81.0098806539475,0.110379550735864,66.5514242642666,7.86710127085579,61.0231909388003,11.0379550735864
2021-07-15,52330,55,43558,42,8772,13,47737,44,356723,364,404460,408,-1,650,37,262,19,51418,1,1449,653,"Knox County",470313,72.7175306657481,0.102953240360952,86.7507383380855,11.6943397269478,55.7075819720059,10.2953240360952
2021-07-14,52275,21,43516,16,8759,5,47693,16,356359,269,404052,285,0,651,8,225,13,51399,2,1448,653,"Knox County",470313,64.212556318877,0.0975286849073257,60.5979422214568,4.46511153210734,47.8404807011501,9.75286849073257
2021-07-13,52254,42,43500,26,8754,16,47677,29,356090,355,403767,384,3,651,28,217,11,51386,3,1446,653,"Knox County",470313,56.558079406693,0.0888985255854293,81.6477537299628,8.93022306421468,46.1394858317759,8.88985255854293
2021-07-12,52212,27,43474,21,8738,6,47648,24,355735,270,403383,294,0,648,16,189,11,51375,1,1443,653,"Knox County",470313,52.0929678745856,0.0846153846153846,62.5115614495028,5.74085768413801,40.1860037889661,8.46153846153846
2021-07-11,52185,8,43453,3,8732,5,47624,4,355465,136,403089,140,0,648,1,173,7,51364,0,1442,652,"Knox County",470313,46.1394858317759,0.0781631656082071,29.7674102140489,1.70099486937423,36.7840140502176,7.81631656082071
2021-07-10,52177,20,43450,16,8727,4,47620,16,355329,191,402949,207,0,648,12,172,8,51357,2,1442,652,"Knox County",470313,44.6511153210734,0.0763170851797144,44.0132422450581,4.25248717343556,36.5713896915458,7.63170851797144
2021-07-09,52157,27,43434,21,8723,6,47604,21,355138,338,402742,359,0,648,12,160,15,51349,0,1440,652,"Knox County",470313,42.5248717343556,0.0741454020221473,76.3321447631684,5.74085768413801,34.0198973874845,7.41454020221473
2021-07-08,52130,19,43413,14,8717,5,47583,16,354800,317,402383,333,0,648,6,148,13,51334,0,1440,651,"Knox County",470313,34.8703948221716,0.0629370629370629,70.8039114377021,4.03986281476378,31.4684050834232,6.29370629370629
2021-07-07,52111,18,43399,4,8712,14,47567,5,354483,333,402050,338,1,648,8,142,9,51321,1,1440,649,"Knox County",470313,34.2325217461563,0.0559610705596107,71.867033231061,3.82723845609201,30.1926589313925,5.59610705596107
2021-07-06,52093,24,43395,9,8698,15,47562,14,354150,263,401712,277,0,647,14,134,10,51312,2,1439,649,"Knox County",470313,30.4052832900643,0.0513347022587269,58.8969473520825,5.10298460812268,28.4916640620183,5.13347022587269
2021-07-05,52069,10,43386,6,8683,4,47548,6,353887,105,401435,111,0,647,0,120,10,51302,1,1437,649,"Knox County",470313,26.790669192644,0.0464589235127479,23.6013038125674,2.12624358671778,25.5149230406134,4.64589235127479
2021-07-04,52059,8,43380,7,8679,1,47542,7,353782,143,401324,150,0,647,1,120,7,51292,1,1436,649,"Knox County",470313,26.790669192644,0.047887323943662,31.8936538007667,1.70099486937423,25.5149230406134,4.7887323943662
2021-07-03,52051,9,43373,7,8678,2,47535,7,353639,185,401174,192,0,647,-2,119,11,51285,1,1435,649,"Knox County",470313,24.4518012472545,0.0431818181818182,40.8238768649814,1.913619228046,25.3022986819416,4.31818181818182
2021-07-02,52042,17,43366,13,8676,4,47528,17,353454,342,400982,359,-1,647,10,121,8,51274,0,1434,649,"Knox County",470313,22.3255576605367,0.0409090909090909,76.3321447631684,3.61461409742023,25.7275473992852,4.09090909090909
2021-07-01,52025,18,43353,15,8672,3,47511,17,353112,248,400623,265,-1,648,13,111,6,51266,1,1434,649,"Knox County",470313,22.1129333018649,0.0431442080378251,56.3454550480212,3.82723845609201,23.6013038125674,4.31442080378251
2021-06-30,52007,18,43338,12,8669,6,47494,11,352864,299,400358,310,0,649,9,98,9,51260,0,1433,649,"Knox County",470313,22.1129333018649,0.0474759615384615,65.9135511882512,3.82723845609201,20.8371871498343,4.74759615384615
2021-06-29,51989,21,43326,16,8663,5,47483,19,352565,438,400048,457,0,649,8,89,13,51251,1,1433,649,"Knox County",470313,21.4750602258496,0.0455531453362256,97.1693319130026,4.46511153210734,18.9235679217883,4.55531453362256
2021-06-28,51968,9,43310,2,8658,7,47464,2,352127,113,399591,115,0,649,-4,81,13,51238,0,1432,649,"Knox County",470313,21.2624358671778,0.0432900432900433,24.4518012472545,1.913619228046,17.222573052414,4.32900432900433
2021-06-27,51959,5,43308,3,8651,2,47462,3,352014,151,399476,154,0,649,0,85,5,51225,0,1432,649,"Knox County",470313,20.6245627911625,0.041036717062635,32.7441512354538,1.06312179335889,18.0730704871011,4.1036717062635
2021-06-26,51954,3,43305,2,8649,1,47459,2,351863,206,399322,208,0,649,0,85,3,51220,0,1432,649,"Knox County",470313,19.3488166391318,0.0380085653104925,44.2258666037299,0.637873076015334,18.0730704871011,3.80085653104925
2021-06-25,51951,13,43303,9,8648,4,47457,11,351657,311,399114,322,0,649,4,85,9,51217,0,1432,649,"Knox County",470313,18.4983192044447,0.0354997269251775,68.4650434923126,2.76411666273312,18.0730704871011,3.54997269251775
2021-06-24,51938,14,43294,9,8644,5,47446,10,351346,364,398792,374,1,649,8,81,5,51208,1,1432,649,"Knox County",470313,17.6478217697576,0.0298969072164948,79.521510143245,2.97674102140489,17.222573052414,2.98969072164948
2021-06-23,51924,13,43285,6,8639,7,47436,8,350982,282,398418,290,0,648,6,73,7,51203,0,1431,648,"Knox County",470313,16.5846999763987,0.0286458333333333,61.6610640148157,2.76411666273312,15.5215781830398,2.86458333333333
2021-06-22,51911,14,43279,5,8632,9,47428,5,350700,247,398128,252,2,648,10,67,2,51196,1,1431,647,"Knox County",470313,15.0963294656962,0.0239067055393586,53.5813383852881,2.97674102140489,14.2458320310091,2.39067055393586
2021-06-21,51897,9,43274,8,8623,1,47423,9,350453,289,397876,298,0,646,5,57,4,51194,1,1430,646,"Knox County",470313,15.0963294656962,0.0252897787144362,63.3620588841899,1.913619228046,12.1195884442914,2.52897787144363
2021-06-20,51888,3,43266,2,8622,1,47414,3,350164,161,397578,164,1,646,-2,52,4,51190,0,1429,646,"Knox County",470313,14.6710807483527,0.0251572327044025,34.8703948221716,0.637873076015334,11.0564666509325,2.51572327044025
2021-06-19,51885,3,43264,1,8621,2,47411,1,350003,191,397414,192,0,645,-3,54,6,51186,0,1429,646,"Knox County",470313,14.6710807483527,0.0248414376321353,40.8238768649814,0.637873076015334,11.481715368276,2.48414376321353
2021-06-18,51882,6,43263,4,8619,2,47410,3,349812,283,397222,286,1,645,-5,57,10,51180,0,1429,646,"Knox County",470313,13.1827102376502,0.0210129310344828,60.8105665801286,1.27574615203067,12.1195884442914,2.10129310344828
2021-06-17,51876,12,43259,8,8617,4,47407,9,349529,515,396936,524,0,644,6,62,6,51170,0,1429,646,"Knox County",470313,12.7574615203067,0.0189431704885344,111.415163944012,2.55149230406134,13.1827102376502,1.89431704885344
2021-06-16,51864,7,43251,4,8613,3,47398,4,349014,362,396412,366,1,644,-6,56,12,51164,0,1429,645,"Knox County",470313,11.481715368276,0.0163304514889529,77.8205152738708,1.48837051070245,11.9069640856196,1.63304514889529
2021-06-15,51857,13,43247,9,8610,4,47394,14,348652,428,396046,442,0,643,-2,62,15,51152,0,1429,645,"Knox County",470313,11.2690910096042,0.0189260563380282,93.9799665329259,2.76411666273312,13.1827102376502,1.89260563380282
2021-06-14,51844,7,43238,2,8606,5,47380,3,348224,260,395604,263,1,643,-5,64,11,51137,0,1429,645,"Knox County",470313,10.8438422922607,0.0165400089405454,55.9202063306777,1.48837051070245,13.6079589549938,1.65400089405454
2021-06-13,51837,3,43236,3,8601,0,47377,4,347964,128,395341,132,0,642,-5,69,8,51126,1,1429,645,"Knox County",470313,10.8438422922607,0.0172335600907029,28.0664153446747,0.637873076015334,14.6710807483527,1.72335600907029
2021-06-12,51834,2,43233,1,8601,1,47373,1,347836,226,395209,227,0,642,-6,74,8,51118,0,1428,645,"Knox County",470313,10.6312179335889,0.0169642857142857,48.2657294184936,0.425248717343556,15.7342025417116,1.69642857142857
2021-06-11,51832,7,43232,3,8600,4,47372,2,347610,318,394982,320,0,642,-2,80,9,51110,0,1428,644,"Knox County",470313,10.8438422922607,0.0162708883025506,68.039794774969,1.48837051070245,17.0099486937423,1.62708883025506
2021-06-10,51825,7,43229,4,8596,3,47370,5,347292,358,394662,363,0,642,-1,82,8,51101,0,1428,643,"Knox County",470313,9.7807204989018,0.0156176053005206,77.1826421978555,1.48837051070245,17.4351974110858,1.56176053005206
2021-06-09,51818,2,43225,1,8593,1,47365,1,346934,367,394299,368,1,642,-17,83,18,51093,0,1428,643,"Knox County",470313,8.7175987055429,0.0141843971631206,78.2457639912144,0.425248717343556,17.6478217697576,1.41843971631206
2021-06-08,51816,5,43224,3,8592,2,47364,4,346567,266,393931,270,1,641,-17,100,21,51075,0,1428,642,"Knox County",470313,7.01660383616868,0.0102933607822954,57.4085768413801,1.06312179335889,21.2624358671778,1.02933607822954
2021-06-07,51811,15,43221,9,8590,6,47360,10,346301,316,393661,326,0,640,-8,117,23,51054,2,1428,641,"Knox County",470313,8.7175987055429,0.0134596211365902,69.3155409269997,3.18936538007667,24.877049964598,1.34596211365902
2021-06-06,51796,4,43212,2,8584,2,47350,2,345985,178,393335,180,0,640,-5,125,9,51031,0,1426,641,"Knox County",470313,8.93022306421468,0.0121713729308666,38.2723845609201,0.850497434687113,26.5780448339723,1.21713729308666
2021-06-05,51792,5,43210,2,8582,3,47348,3,345807,258,393155,261,0,640,-9,130,14,51022,0,1426,641,"Knox County",470313,9.56809614023002,0.0129310344827586,55.4949576133341,1.06312179335889,27.6411666273312,1.29310344827586
2021-06-04,51787,7,43208,2,8579,5,47345,3,345549,325,392894,328,1,640,-9,139,15,51008,0,1426,641,"Knox County",470313,9.56809614023002,0.0133587786259542,69.7407896443432,1.48837051070245,29.5547858553772,1.33587786259542
2021-06-03,51780,7,43206,4,8574,3,47342,6,345224,458,392566,464,0,639,-12,148,19,50993,0,1426,641,"Knox County",470313,9.56809614023002,0.0131998179335457,98.6577024237051,1.48837051070245,31.4684050834232,1.31998179335457
2021-06-02,51773,20,43202,7,8571,13,47336,6,344766,282,392102,288,0,639,5,160,15,50974,1,1426,641,"Knox County",470313,13.395334596322,0.0160604629192253,61.2358152974721,4.25248717343556,34.0198973874845,1.60604629192253
2021-06-01,51753,12,43195,9,8558,3,47330,10,344484,291,391814,301,0,639,-10,155,22,50959,1,1425,641,"Knox County",470313,14.8837051070245,0.0186219739292365,63.9999319602052,2.55149230406134,32.9567755941256,1.86219739292365
2021-05-31,51741,17,43186,14,8555,3,47320,12,344193,354,391513,366,0,639,-1,165,18,50937,0,1424,641,"Knox County",470313,15.308953824368,0.0191956124314442,77.8205152738708,3.61461409742023,35.0830191808434,1.91956124314442
2021-05-30,51724,3,43172,1,8552,2,47308,1,343839,203,391147,204,0,639,-9,166,12,50919,0,1424,641,"Knox County",470313,15.0963294656962,0.0185352622061483,43.3753691690427,0.637873076015334,35.2956435395152,1.85352622061483
2021-05-29,51721,14,43171,7,8550,7,47307,6,343636,199,390943,205,0,639,-14,175,28,50907,1,1424,641,"Knox County",470313,17.0099486937423,0.0204081632653061,43.5879935277145,2.97674102140489,37.2092627675612,2.04081632653061
2021-05-28,51707,11,43164,6,8543,5,47301,10,343437,390,390738,400,0,639,-10,189,21,50879,1,1423,640,"Knox County",470313,17.8604461284294,0.0228904847396768,85.0497434687113,2.33886794538956,40.1860037889661,2.28904847396768
2021-05-27,51696,23,43158,8,8538,15,47291,9,343047,341,390338,350,0,639,-5,199,28,50858,1,1422,640,"Knox County",470313,21.2624358671778,0.0255439924314096,74.4185255351224,4.8903602494509,42.3122473756839,2.55439924314096
2021-05-26,51673,17,43150,8,8523,9,47282,11,342706,571,389988,582,0,639,-6,204,23,50830,0,1421,640,"Knox County",470313,20.6245627911625,0.0245016611295681,123.747376746975,3.61461409742023,43.3753691690427,2.45016611295681
2021-05-25,51656,17,43142,8,8514,9,47271,7,342135,311,389406,318,0,639,-11,210,28,50807,1,1421,640,"Knox County",470313,21.6876845845214,0.0230927835051546,67.6145460576254,3.61461409742023,44.6511153210734,2.30927835051546
2021-05-24,51639,25,43134,21,8505,4,47264,24,341824,425,389088,449,0,639,-11,221,36,50779,1,1420,640,"Knox County",470313,23.3886794538956,0.0271132376395534,95.4683370436284,5.31560896679445,46.989983266463,2.71132376395534
2021-05-23,51614,16,43113,8,8501,8,47240,8,341399,225,388639,233,1,639,-5,232,20,50743,1,1419,640,"Knox County",470313,26.1527961166287,0.0295624753646039,49.5414755705243,3.40198973874845,49.3288512118525,2.95624753646039
2021-05-22,51598,8,43105,4,8493,4,47232,4,341174,269,388406,273,0,638,-6,237,14,50723,0,1418,639,"Knox County",470313,24.877049964598,0.0280230326295585,58.0464499173954,1.70099486937423,50.3919730052114,2.80230326295585
2021-05-21,51590,16,43101,12,8489,4,47228,14,340905,377,388133,391,0,638,-17,243,33,50709,1,1418,639,"Knox County",470313,25.9401717579569,0.0296610169491525,83.1361242406653,3.40198973874845,51.6677191572421,2.96610169491525
2021-05-20,51574,34,43089,26,8485,8,47214,27,340528,594,387742,621,0,638,6,260,28,50676,1,1417,638,"Knox County",470313,28.2790397033465,0.0331356818974538,132.039726735174,7.22922819484046,55.2823332546623,3.31356818974538
2021-05-19,51540,14,43063,6,8477,8,47187,7,339934,544,387121,551,0,638,-29,254,43,50648,1,1416,638,"Knox County",470313,27.6411666273312,0.0320874471086037,117.15602162815,2.97674102140489,54.0065871026317,3.20874471086037
2021-05-18,51526,24,43057,14,8469,10,47180,14,339390,444,386570,458,1,638,-21,283,44,50605,0,1415,638,"Knox County",470313,29.1295371380336,0.0329301075268817,97.3819562716744,5.10298460812268,60.1726935041132,3.29301075268817
2021-05-17,51502,15,43043,7,8459,8,47166,8,338946,420,386112,428,0,637,-18,304,33,50561,0,1415,637,"Knox County",470313,27.0032935513158,0.0277495769881557,91.0032255115211,3.18936538007667,64.6378050362206,2.77495769881557
2021-05-16,51487,22,43036,13,8451,9,47158,12,338526,272,385684,284,1,637,-10,322,31,50528,1,1415,637,"Knox County",470313,28.2790397033465,0.0286094477711244,60.385317862785,4.67773589077912,68.4650434923126,2.86094477711244
2021-05-15,51465,23,43023,13,8442,10,47146,17,338254,336,385400,353,0,636,-8,332,31,50497,1,1414,637,"Knox County",470313,31.4684050834232,0.0320803629293584,75.0563986111377,4.8903602494509,70.5912870790304,3.20803629293584
2021-05-14,51442,36,43010,25,8432,11,47129,26,337918,498,385047,524,0,636,4,340,32,50466,4,1413,636,"Knox County",470313,35.7208922568587,0.0344827586206897,111.415163944012,7.65447691218401,72.2922819484046,3.44827586206897
2021-05-13,51406,31,42985,17,8421,14,47103,17,337420,376,384523,393,0,636,-17,336,48,50434,0,1409,636,"Knox County",470313,35.0830191808434,0.0337679705784019,83.5613729580088,6.59135511882512,71.4417845137175,3.37679705784019
2021-05-12,51375,34,42968,28,8407,6,47086,29,337044,506,384130,535,0,636,-15,353,49,50386,0,1409,636,"Knox County",470313,39.335506354279,0.0413445378151261,113.754031889401,7.22922819484046,75.0563986111377,4.13445378151261
2021-05-11,51341,36,42940,30,8401,6,47057,31,336538,555,383595,586,0,636,-11,368,47,50337,4,1409,636,"Knox County",470313,41.8869986583403,0.0451176281018369,124.597874181662,7.65447691218401,78.2457639912144,4.51176281018369
2021-05-10,51305,21,42910,14,8395,7,47026,13,335983,277,383009,290,1,636,-26,379,46,50290,1,1405,636,"Knox County",470313,43.162744810371,0.0489038785834739,61.6610640148157,4.46511153210734,80.5846319366039,4.89038785834739
2021-05-09,51284,17,42896,14,8388,3,47013,17,335706,369,382719,386,0,635,-22,405,39,50244,1,1404,635,"Knox County",470313,42.0996230170121,0.0489077274209325,82.0730024473064,3.61461409742023,86.1128652620702,4.89077274209325
2021-05-08,51267,20,42882,11,8385,9,46996,14,335337,307,382333,321,0,635,-18,427,38,50205,1,1403,635,"Knox County",470313,41.4617499409967,0.0484349258649094,68.2524191336408,4.25248717343556,90.7906011528493,4.84349258649094
2021-05-07,51247,43,42871,31,8376,12,46982,33,335030,576,382012,609,0,635,3,445,40,50167,0,1402,635,"Knox County",470313,42.9501204516992,0.0493589743589744,129.488234431113,9.14284742288646,94.6178396089413,4.93589743589744
2021-05-06,51204,40,42840,26,8364,14,46949,28,334454,340,381403,368,1,635,-8,442,47,50127,0,1402,635,"Knox County",470313,44.8637396797452,0.0533117932148627,78.2457639912144,8.50497434687113,93.9799665329259,5.33117932148627
2021-05-05,51164,51,42814,32,8350,19,46921,38,334114,585,381035,623,0,634,5,450,46,50080,4,1402,634,"Knox County",470313,48.4783537771654,0.0546654099905749,132.464975452518,10.8438422922607,95.6809614023002,5.46654099905749
2021-05-04,51113,50,42782,32,8331,18,46883,34,333529,536,380412,570,0,634,6,445,44,50034,0,1398,634,"Knox County",470313,51.4550947985703,0.0558888538048626,121.195884442914,10.6312179335889,94.6178396089413,5.58888538048626
2021-05-03,51063,24,42750,9,8313,15,46849,7,332993,309,379842,316,1,634,-37,439,60,49990,1,1398,634,"Knox County",470313,52.0929678745856,0.053554650798622,67.1892973402819,5.10298460812268,93.3420934569106,5.3554650798622
2021-05-02,51039,25,42741,18,8298,7,46842,20,332684,288,379526,308,0,633,-17,476,42,49930,2,1397,634,"Knox County",470313,53.7939627439599,0.0558587479935795,65.4883024709077,5.31560896679445,101.209194727766,5.58587479935795
2021-05-01,51014,45,42723,35,8291,10,46822,38,332396,450,379218,488,0,633,7,493,38,49888,2,1395,634,"Knox County",470313,59.1095717107543,0.0603290676416819,103.760687031828,9.56809614023002,104.823808825187,6.03290676416819
2021-04-30,50969,58,42688,30,8281,28,46784,29,331946,567,378730,596,0,633,-10,486,68,49850,3,1393,634,"Knox County",470313,62.298937090831,0.0593453655552157,126.72411776838,12.3322128029631,103.335438314484,5.93453655552157
2021-04-29,50911,54,42658,34,8253,20,46755,35,331379,571,378134,606,0,633,-3,496,57,49782,2,1390,633,"Knox County",470313,65.2756781122359,0.0573139435414885,128.850361355098,11.481715368276,105.461681901202,5.73139435414885
2021-04-28,50857,47,42624,28,8233,19,46720,34,330808,543,377528,577,4,633,-36,499,79,49725,1,1388,633,"Knox County",470313,64.4251806775488,0.0569199653279399,122.684254953616,9.99334485757357,106.099554977217,5.69199653279399
2021-04-27,50810,39,42596,17,8214,22,46686,20,330265,392,376951,412,1,629,-33,535,71,49646,2,1387,631,"Knox County",470313,62.0863127321592,0.0554041780199818,87.6012357727726,8.29234998819935,113.754031889401,5.54041780199818
2021-04-26,50771,69,42579,36,8192,33,46666,40,329873,480,376539,520,1,628,2,568,66,49575,0,1385,630,"Knox County",470313,71.6544088723892,0.0615911035072712,110.564666509325,14.6710807483527,120.77063572557,6.15911035072712
2021-04-25,50702,38,42543,25,8159,13,46626,26,329393,341,376019,367,0,627,-4,566,42,49509,3,1385,629,"Knox County",470313,74.4185255351224,0.0622546270330903,78.0331396325426,8.07972562952757,120.345387008226,6.22546270330903
2021-04-24,50664,35,42518,22,8146,13,46600,28,329052,510,375652,538,0,627,-28,570,63,49467,3,1382,629,"Knox County",470313,72.2922819484046,0.0586283185840708,114.391904965417,7.44185255351224,121.195884442914,5.86283185840708
2021-04-23,50629,43,42496,31,8133,12,46572,37,328542,553,375114,590,0,627,-4,598,47,49404,2,1379,629,"Knox County",470313,69.1029165683279,0.0609418282548476,125.448371616349,9.14284742288646,127.149366485723,6.09418282548476
2021-04-22,50586,79,42465,62,8121,17,46535,65,327989,787,374524,852,1,627,15,602,63,49357,1,1377,629,"Knox County",470313,74.4185255351224,0.0648340248962656,181.155953588355,16.7973243350705,127.99986392041,6.48340248962656
2021-04-21,50507,62,42403,34,8104,28,46470,35,327202,479,373672,514,1,626,-1,587,62,49294,1,1376,628,"Knox County",470313,77.607890915199,0.0661745320326918,109.288920357294,13.1827102376502,124.810498540334,6.61745320326918
2021-04-20,50445,38,42369,34,8076,4,46435,39,326723,474,373158,513,1,625,-32,588,69,49232,1,1375,627,"Knox County",470313,77.3952665565272,0.0693374422187981,109.076295998622,8.07972562952757,125.023122899006,6.93374422187981
2021-04-19,50407,65,42335,41,8072,24,46396,39,326249,336,372645,375,0,624,-3,620,68,49163,0,1374,626,"Knox County",470313,76.5447691218401,0.0717524673246199,79.7341345019168,13.8205833136656,131.827102376502,7.17524673246199
2021-04-18,50342,38,42294,27,8048,11,46357,32,325913,364,372270,396,0,624,-12,623,50,49095,1,1374,626,"Knox County",470313,76.5447691218401,0.0727898358920064,84.1992460340241,8.07972562952757,132.464975452518,7.27898358920064
2021-04-17,50304,37,42267,18,8037,19,46325,23,325549,335,371874,358,0,624,-23,635,60,49045,1,1373,625,"Knox County",470313,76.9700178391837,0.075041689827682,76.1195204044966,7.86710127085579,135.016467756579,7.5041689827682
2021-04-16,50267,346,42249,330,8018,16,46302,369,325214,2088,371516,2457,1,624,279,658,66,48985,4,1372,625,"Knox County",470313,141.395198516732,0.110155535224154,522.418049256559,73.5680281004352,139.90682800603,11.0155535224154
2021-04-15,49921,86,41919,54,8002,32,45933,55,323126,577,369059,632,1,623,12,379,73,48919,0,1368,624,"Knox County",470313,142.883569027435,0.112869399428027,134.378594680564,18.2856948457729,80.5846319366039,11.2869399428027
2021-04-14,49835,85,41865,60,7970,25,45878,62,322549,684,368427,746,0,622,-1,367,86,48846,3,1368,623,"Knox County",470313,147.773929276886,0.113018075588826,158.617771569146,18.0730704871011,78.0331396325426,11.3018075588826
2021-04-13,49750,68,41805,38,7945,30,45816,43,321865,340,367681,383,-5,622,-8,368,81,48760,1,1365,623,"Knox County",470313,154.152660037039,0.116513933046568,81.435129371291,14.4584563896809,78.2457639912144,11.6513933046568
2021-04-12,49682,63,41767,43,7915,20,45773,50,321525,360,367298,410,1,627,-23,376,85,48679,0,1364,623,"Knox County",470313,153.727411319696,0.117800074321813,87.175987055429,13.395334596322,79.9467588605886,11.7800074321813
2021-04-11,49619,26,41724,14,7895,12,45723,14,321165,296,366888,310,2,626,-26,399,50,48594,0,1364,622,"Knox County",470313,151.175919015634,0.11631419939577,65.9135511882512,5.52823332546623,84.8371191100395,11.631419939577
2021-04-10,49593,50,41710,33,7883,17,45709,41,320869,571,366578,612,0,624,6,425,44,48544,1,1364,622,"Knox County",470313,153.940035678367,0.114234234234234,130.126107507128,10.6312179335889,90.3653524355057,11.4234234234234
2021-04-09,49543,82,41677,62,7866,20,45668,71,320298,620,365966,691,5,624,11,419,66,48500,2,1363,621,"Knox County",470313,97.8072049890179,0.0887949260042283,146.923431842199,17.4351974110858,89.089606283475,8.87949260042283
2021-04-08,49461,49,41615,26,7846,23,45597,26,319678,466,365275,492,-6,619,-23,408,78,48434,0,1361,621,"Knox County",470313,89.9401037181622,0.0842480790340285,104.611184466515,10.4185935749171,86.7507383380855,8.42480790340285
2021-04-07,49412,77,41589,54,7823,23,45571,57,319212,768,364783,825,2,625,9,431,66,48356,1,1361,621,"Knox County",470313,88.2391088487879,0.0811173784582326,175.415095904217,16.3720756177269,91.6410985875364,8.11173784582326
2021-04-06,49335,75,41535,41,7800,34,45514,45,318444,422,363958,467,2,623,-3,422,76,48290,0,1360,621,"Knox County",470313,89.7274793594904,0.079852902547938,99.2955754997204,15.9468269003834,89.7274793594904,7.9852902547938
2021-04-05,49260,44,41494,32,7766,12,45469,35,318022,266,363491,301,0,621,-60,425,104,48214,3,1360,621,"Knox County",470313,85.6876165447266,0.0781503515413737,63.9999319602052,9.35547178155824,90.3653524355057,7.81503515413737
2021-04-04,49216,49,41462,31,7754,18,45434,40,317756,341,363190,381,3,621,-27,485,73,48110,0,1357,620,"Knox County",470313,90.5779767941775,0.0835765455027859,81.0098806539475,10.4185935749171,103.122813955812,8.35765455027859
2021-04-03,49167,81,41431,64,7736,17,45394,71,317415,593,362809,664,0,618,6,512,75,48037,0,1357,619,"Knox County",470313,97.1693319130026,0.0902904998691442,141.182574158061,17.222573052414,108.86367163995,9.02904998691442
2021-04-02,49086,76,41367,45,7719,31,45323,45,316822,530,362145,575,0,618,5,506,71,47962,2,1357,616,"Knox County",470313,95.8935857609719,0.0860998650472335,122.259006236272,16.1594512590551,107.58792548792,8.60998650472335
2021-04-01,49010,75,41322,63,7688,12,45278,67,316292,580,361570,647,1,618,-20,501,94,47891,1,1355,615,"Knox County",470313,101.421819086438,0.0932642487046632,137.56796006064,15.9468269003834,106.524803694561,9.32642487046632
2021-03-31,48935,87,41259,66,7676,21,45211,72,315712,765,360923,837,3,617,-16,521,100,47797,2,1354,615,"Knox County",470313,103.548062673156,0.096849173553719,177.966588208278,18.4983192044447,110.777290867996,9.6849173553719
2021-03-30,48848,57,41193,33,7655,24,45139,38,314947,460,360086,498,1,614,-24,537,80,47697,2,1352,613,"Knox County",470313,99.7208242170639,0.094286446323341,105.886930618546,12.1195884442914,114.179280606745,9.4286446323341
2021-03-29,48791,43,41160,21,7631,22,45101,22,314487,400,359588,422,5,613,-58,561,96,47617,0,1350,612,"Knox County",470313,99.5081998583922,0.088220675944334,89.7274793594904,9.14284742288646,119.282265214868,8.8220675944334
2021-03-28,48748,80,41139,46,7609,34,45079,49,314087,484,359166,533,2,608,13,619,65,47521,5,1350,611,"Knox County",470313,106.099554977217,0.0871647509578544,113.328783172058,17.0099486937423,131.614478017831,8.71647509578544
2021-03-27,48668,42,41093,39,7575,3,45030,42,313603,442,358633,484,0,606,-16,606,58,47456,2,1345,610,"Knox County",470313,97.8072049890179,0.0838338338338338,102.910189597141,8.93022306421468,128.850361355098,8.38338338338338
2021-03-26,48626,79,41054,54,7572,25,44988,60,313161,417,358149,477,0,606,1,622,78,47398,2,1343,609,"Knox County",470313,98.4450780650333,0.0897896357106208,101.421819086438,16.7973243350705,132.252351093846,8.97896357106208
2021-03-25,48547,88,41000,64,7547,24,44928,67,312744,570,357672,637,0,606,7,621,81,47320,4,1341,607,"Knox County",470313,101.209194727766,0.0900205761316872,135.441716473923,18.7109435631165,132.039726735174,9.00205761316873
2021-03-24,48459,124,40936,90,7523,34,44861,95,312174,780,357035,875,1,606,39,614,84,47239,3,1337,606,"Knox County",470313,109.076295998622,0.0950076413652573,186.046313837806,26.3654204753005,130.551356224472,9.50076413652573
2021-03-23,48335,87,40846,57,7489,30,44766,63,311394,531,356160,594,1,605,17,575,69,47155,3,1334,605,"Knox County",470313,115.455026758776,0.0989557434112382,126.298869051036,18.4983192044447,122.259006236272,9.89557434112382
2021-03-22,48248,115,40789,78,7459,37,44703,81,310863,517,355566,598,2,604,32,558,81,47086,1,1331,604,"Knox County",470313,130.763980583144,0.108861362553597,127.149366485723,24.4518012472545,118.644392138852,10.8861362553597
2021-03-21,48133,50,40711,33,7422,17,44622,34,310346,330,354968,364,0,602,4,526,46,47005,1,1330,604,"Knox County",470313,124.38524982299,0.109704641350211,77.3952665565272,10.6312179335889,111.840412661355,10.9704641350211
2021-03-20,48083,59,40678,29,7405,30,44588,33,310016,315,354604,348,0,602,3,522,56,46959,4,1329,603,"Knox County",470313,127.99986392041,0.111225276136656,73.9932768177788,12.5448371616349,110.989915226668,11.1225276136656
2021-03-19,48024,146,40649,102,7375,44,44555,117,309701,956,354256,1073,3,602,50,519,93,46903,3,1325,603,"Knox County",470313,142.24569595142,0.109155713967476,228.145936854818,31.0431563660796,110.352042150653,10.9155713967476
2021-03-18,47878,68,40547,50,7331,18,44438,66,308745,627,353183,693,2,599,-16,469,82,46810,1,1322,602,"Knox County",470313,137.993208777984,0.107590759075908,147.348680559542,14.4584563896809,99.7208242170639,10.7590759075908
2021-03-17,47810,46,40497,36,7313,10,44372,41,308118,497,352490,538,1,597,-40,485,85,46728,3,1321,602,"Knox County",470313,121.408508801585,0.103374524714829,114.391904965417,9.7807204989018,103.122813955812,10.3374524714829
2021-03-16,47764,128,40461,84,7303,44,44331,100,307621,699,351952,799,0,596,48,525,80,46643,3,1318,600,"Knox County",470313,130.126107507128,0.106956718785407,169.886862578751,27.2159179099876,111.627788302684,10.6956718785407
2021-03-15,47636,44,40377,28,7259,16,44231,40,306922,290,351153,330,1,596,-64,477,107,46563,1,1315,599,"Knox County",470313,115.029778041432,0.103980699638118,70.1660383616868,9.35547178155824,101.421819086438,10.3980699638118
2021-03-14,47592,60,40349,38,7243,22,44191,46,306632,405,350823,451,0,595,-12,541,72,46456,0,1314,598,"Knox County",470313,117.15602162815,0.104678638941399,95.893585760972,12.7574615203067,115.029778041432,10.4678638941399
2021-03-13,47532,71,40311,34,7221,37,44145,41,306227,623,350372,664,1,595,-11,553,81,46384,1,1314,598,"Knox County",470313,119.707513932211,0.0991644678979771,141.182574158061,15.0963294656962,117.581270345493,9.91644678979771
2021-03-12,47461,63,40277,60,7184,3,44104,67,305604,692,349708,759,0,594,-52,564,115,46303,1,1313,596,"Knox County",470313,102.059692162454,0.0947094945677846,161.38188823188,13.395334596322,119.920138290883,9.47094945677846
2021-03-11,47398,83,40217,56,7181,27,44037,66,304912,627,348949,693,2,594,-21,616,102,46188,0,1312,594,"Knox County",470313,105.24905754253,0.0947094945677846,147.348680559542,17.6478217697576,130.976604941815,9.47094945677846
2021-03-10,47315,95,40161,72,7154,23,43971,82,304285,1001,348256,1083,2,592,26,637,67,46086,1,1312,593,"Knox County",470313,115.667651117447,0.0924879681941829,230.272180441536,20.1993140738189,135.441716473923,9.24879681941829
2021-03-09,47220,80,40089,50,7131,30,43889,55,303284,597,347173,652,0,590,-6,611,86,46019,2,1311,593,"Knox County",470313,105.461681901202,0.0857081174438687,138.631081853999,17.0099486937423,129.913483148456,8.57081174438687
2021-03-08,47140,86,40039,58,7101,28,43834,64,302687,412,346521,476,1,590,-29,617,114,45933,0,1309,589,"Knox County",470313,114.391904965417,0.0881121808287987,101.209194727766,18.2856948457729,131.189229300487,8.81121808287987
2021-03-07,47054,64,39981,40,7073,24,43770,42,302275,327,346045,369,0,589,-5,646,69,45819,0,1309,587,"Knox County",470313,115.242402400104,0.0887989778534923,78.4583883498861,13.6079589549938,137.355335701969,8.87989778534923
2021-03-06,46990,125,39941,87,7049,38,43728,95,301948,848,345676,943,0,589,40,651,85,45750,0,1309,587,"Knox County",470313,126.72411776838,0.0946733668341709,200.504770227487,26.5780448339723,138.418457495328,9.46733668341709
2021-03-05,46865,70,39854,44,7011,26,43633,49,301100,521,344733,570,2,589,-19,611,87,45665,2,1309,587,"Knox County",470313,128.212488279082,0.0946510656080234,121.195884442914,14.8837051070245,129.913483148456,9.46510656080234
2021-03-04,46795,112,39810,85,6985,27,43584,100,300579,1094,344163,1194,5,587,-1,630,108,45578,1,1307,585,"Knox County",470313,134.378594680564,0.0921127293361074,253.873484254103,23.8139281712392,133.95334596322,9.21127293361074
2021-03-03,46683,74,39725,33,6958,41,43484,40,299485,497,342969,537,1,582,-49,631,122,45470,4,1306,583,"Knox County",470313,129.913483148456,0.093862054418899,114.179280606745,15.7342025417116,134.165970321892,9.3862054418899
2021-03-02,46609,133,39692,91,6917,42,43444,99,298988,808,342432,907,-1,581,9,680,125,45348,2,1302,582,"Knox County",470313,141.182574158061,0.0978783026421137,192.850293315303,28.2790397033465,144.584563896809,9.78783026421137
2021-03-01,46476,59,39601,33,6875,26,43345,35,298180,165,341525,200,1,582,-58,671,116,45223,1,1300,579,"Knox County",470313,135.441716473923,0.0974576271186441,42.5248717343556,12.5448371616349,142.670944668763,9.74576271186441
2021-02-28,46417,77,39568,53,6849,24,43310,63,298015,563,341325,626,2,581,-18,729,93,45107,2,1299,579,"Knox County",470313,138.205833136656,0.0966445649989954,133.102848528533,16.3720756177269,155.003157471726,9.66445649989954
2021-02-27,46340,83,39515,47,6825,36,43247,58,297452,671,340699,729,1,579,-32,747,114,45014,3,1297,578,"Knox County",470313,129.275610072441,0.0932185597312618,155.003157471726,17.6478217697576,158.830395927818,9.32185597312618
2021-02-26,46257,107,39468,70,6789,37,43189,80,296781,506,339970,586,5,578,-17,779,119,44900,1,1294,577,"Knox County",470313,137.142711343297,0.0993931784892237,124.597874181662,22.7508063778803,165.634375405315,9.93931784892237
2021-02-25,46150,131,39398,92,6752,39,43109,97,296275,1029,339384,1126,2,573,-7,796,136,44781,5,1293,577,"Knox County",470313,141.182574158061,0.100191042241562,239.415027864422,27.8537909860029,169.248989502735,10.0191042241562
2021-02-24,46019,102,39306,72,6713,30,43012,80,295246,969,338258,1049,2,571,-30,803,130,44645,2,1288,576,"Knox County",470313,147.13605620087,0.0980279532835535,223.042952246695,21.6876845845214,170.737360013438,9.80279532835535
2021-02-23,45917,122,39234,68,6683,54,42932,75,294277,758,337209,833,5,569,-32,833,149,44515,6,1286,575,"Knox County",470313,144.797188255481,0.0947756845989512,177.116090773591,25.9401717579569,177.116090773591,9.47756845989512
2021-02-22,45795,62,39166,33,6629,29,42857,38,293519,307,336376,345,3,564,-110,865,169,44366,3,1280,573,"Knox County",470313,145.435061331496,0.0927465054778995,73.3554037417635,13.1827102376502,183.920070251088,9.27465054778995
2021-02-21,45733,82,39133,41,6600,41,42819,45,293212,499,336031,544,2,561,-31,975,111,44197,3,1277,571,"Knox County",470313,146.498183124855,0.090752110514198,115.667651117447,17.4351974110858,207.308749704984,9.0752110514198
2021-02-20,45651,137,39092,98,6559,39,42774,115,292713,1007,335487,1122,1,559,8,1006,128,44086,2,1274,568,"Knox County",470313,157.979898493131,0.0945584299732382,238.564530429735,29.1295371380336,213.900104823809,9.45584299732382
2021-02-19,45514,95,38994,43,6520,52,42659,48,291706,274,334365,322,1,558,-83,998,177,43958,2,1272,567,"Knox County",470313,155.42840618907,0.0932409661112151,68.4650434923126,20.1993140738189,212.199109954435,9.32409661112151
2021-02-18,45419,155,38951,111,6468,44,42611,119,291432,988,334043,1107,4,557,-37,1081,188,43781,6,1270,565,"Knox County",470313,160.531390797193,0.0977076287110109,235.375165049658,32.9567755941256,229.846931724192,9.77076287110109
2021-02-17,45264,114,38840,68,6424,46,42492,76,290444,892,332936,968,1,553,-49,1118,162,43593,4,1264,559,"Knox County",470313,163.082883101254,0.0984544934172868,205.820379194281,24.2391768885827,237.714032995048,9.84544934172868
2021-02-16,45150,147,38772,90,6378,57,42416,101,289552,818,331968,919,2,552,-40,1167,185,43431,4,1260,556,"Knox County",470313,168.398492068048,0.101745823165008,195.401785619364,31.2557807247514,248.132626569965,10.1745823165008
2021-02-15,45003,76,38682,36,6321,40,42315,43,288734,312,331049,355,2,550,-140,1207,214,43246,1,1256,556,"Knox County",470313,171.375233089453,0.102492036724752,75.4816473284812,16.1594512590551,256.637600916836,10.2492036724752
2021-02-14,44927,165,38646,135,6281,30,42272,135,288422,706,330694,841,2,548,20,1347,143,43032,5,1255,556,"Knox County",470313,189.023054859211,0.113063542776003,178.817085642965,35.0830191808434,286.405011130885,11.3063542776003
2021-02-13,44762,135,38511,91,6251,44,42137,106,287716,871,329853,977,4,546,-8,1327,139,42889,7,1250,555,"Knox County",470313,188.597806141867,0.11441063946074,207.733998422327,28.7042884206901,282.15252395745,11.441063946074
2021-02-12,44627,179,38420,114,6207,65,42031,124,286845,997,328876,1121,3,542,13,1335,163,42750,3,1243,551,"Knox County",470313,206.458252270297,0.111959287531807,238.351906071063,38.0597602022483,283.853518826824,11.1959287531807
2021-02-11,44448,161,38306,112,6142,49,41907,118,285848,1133,327755,1251,5,539,-36,1322,192,42587,5,1240,550,"Knox County",470313,207.733998422327,0.109297263681592,265.993072698394,34.2325217461563,281.089402164091,10.9297263681592
2021-02-10,44287,148,38194,106,6093,42,41789,112,284715,1032,326504,1144,7,534,-46,1358,187,42395,6,1235,548,"Knox County",470313,214.963226617168,0.111834140435835,243.242266320514,31.4684050834232,288.743879076275,11.1834140435835
2021-02-09,44139,209,38088,154,6051,55,41677,165,283683,1023,325360,1188,0,527,12,1404,197,42208,6,1229,546,"Knox County",470313,228.145936854818,0.116766031699869,252.597738102072,44.4384909624016,298.524599575177,11.6766031699869
2021-02-08,43930,107,37934,72,5996,35,41512,76,282660,371,324172,447,4,527,-159,1392,262,42011,2,1223,541,"Knox County",470313,234.737291973643,0.119959822069163,95.0430883262848,22.7508063778803,295.973107271115,11.9959822069163
2021-02-07,43823,108,37862,75,5961,33,41436,83,282289,716,323725,799,1,523,-28,1551,135,41749,2,1221,538,"Knox County",470313,222.617703529352,0.113180308936047,169.886862578751,22.963430736552,329.780380299928,11.3180308936047
2021-02-06,43715,304,37787,176,5928,128,41353,198,281573,1396,322926,1594,2,522,137,1579,165,41614,6,1219,537,"Knox County",470313,258.551220144882,0.116118769883351,338.923227722814,64.6378050362206,335.733862342738,11.6118769883351
2021-02-05,43411,177,37611,131,5800,46,41155,143,280177,727,321332,870,8,520,-4,1442,173,41449,4,1213,533,"Knox County",470313,258.125971427539,0.122720416838064,184.983192044447,37.6345114849047,306.604325204704,12.2720416838064
2021-02-04,43234,199,37480,148,5754,51,41012,161,279450,1582,320462,1743,2,512,0,1446,197,41276,7,1209,530,"Knox County",470313,266.205697057066,0.120488118175979,370.604257164909,42.3122473756839,307.454822639391,12.0488118175979
2021-02-03,43035,230,37332,164,5703,66,40851,172,277868,1634,318719,1806,5,510,-8,1446,233,41079,7,1202,522,"Knox County",470313,283.640894468152,0.118148455072807,383.999591761231,48.903602494509,307.454822639391,11.8148455072807
2021-02-02,42805,92,37168,70,5637,22,40679,77,276234,291,316913,368,7,505,-159,1454,244,40846,1,1195,522,"Knox County",470313,258.763844503554,0.119312967090599,78.2457639912144,19.5614409978036,309.155817508765,11.9312967090599
2021-02-01,42713,153,37098,82,5615,71,40602,97,275943,425,316545,522,4,498,-126,1613,275,40602,2,1194,520,"Knox County",470313,268.544565002456,0.120877694105427,110.989915226668,32.5315268767821,342.963090537578,12.0877694105427
2021-01-31,42560,175,37016,121,5544,54,40505,129,275518,939,316023,1068,7,494,13,1739,155,40327,4,1192,517,"Knox County",470313,282.790397033465,0.122569313762389,227.082815061459,37.2092627675612,369.753759730222,12.2569313762389
2021-01-30,42385,276,36895,232,5490,44,40376,250,274579,1518,314955,1768,7,487,91,1726,178,40172,9,1188,515,"Knox County",470313,276.836914990655,0.126335174953959,375.919866131704,58.6843229934108,366.989643067489,12.6335174953959
2021-01-29,42109,102,36663,52,5446,50,40126,62,273061,376,313187,438,4,480,-139,1635,237,39994,1,1179,509,"Knox County",470313,260.890088090272,0.12290937378452,93.1294690982388,21.6876845845214,347.640826428357,12.290937378452
2021-01-28,42007,157,36611,116,5396,41,40064,129,272685,657,312749,786,9,476,-75,1774,223,39757,5,1178,504,"Knox County",470313,251.959865026057,0.135583185316755,167.122745916018,33.3820243114692,377.195612283734,13.5583185316755
2021-01-27,41850,167,36495,123,5355,44,39935,125,272028,894,311963,1019,12,467,-74,1849,229,39534,2,1173,500,"Knox County",470313,238.564530429735,0.145585525213604,216.664221486542,35.508267898187,393.142439184118,14.5585525213604
2021-01-26,41683,234,36372,173,5311,61,39810,193,271134,1041,310944,1234,3,455,-26,1923,257,39305,7,1171,496,"Knox County",470313,268.757189361128,0.144111192392099,262.378458600974,49.7540999291961,408.876641725829,14.4111192392099
2021-01-25,41449,158,36199,106,5250,52,39617,115,270093,415,309710,530,9,452,-198,1949,347,39048,1,1164,489,"Knox County",470313,269.820311154486,0.146573140435482,112.690910096042,33.5946486701409,414.404875051296,14.6573140435481
2021-01-24,41291,156,36093,104,5198,52,39502,111,269678,791,309180,902,4,443,-100,2147,252,38701,2,1163,485,"Knox County",470313,265.780448339723,0.147521341920024,191.787171521944,33.1693999527974,456.504498068308,14.7521341920024
2021-01-23,41135,309,35989,222,5146,87,39391,232,268887,1492,308278,1724,7,439,63,2247,239,38449,7,1161,480,"Knox County",470313,272.797052175891,0.145786220413086,366.564394350146,65.7009268295794,477.766933935485,14.5786220413086
2021-01-22,40826,178,35767,143,5059,35,39159,176,267395,1173,306554,1349,3,432,-152,2184,327,38210,7,1154,477,"Knox County",470313,288.956503434947,0.143292682926829,286.830259848229,37.8471358435765,464.371599339163,14.3292682926829
2021-01-21,40648,268,35624,195,5024,73,38983,203,266222,1081,305205,1284,11,429,-124,2336,381,37883,6,1147,469,"Knox County",470313,312.557807247514,0.143620989803531,273.009676534563,56.9833281240365,496.690501857274,14.3620989803531
2021-01-20,40380,192,35429,131,4951,61,38780,131,265141,736,303921,867,10,418,-154,2460,336,37502,8,1141,464,"Knox County",470313,317.873416214308,0.147148288973384,184.345318968432,40.8238768649814,523.055922332574,14.7148288973384
2021-01-19,40188,311,35298,195,4890,116,38649,219,264405,957,303054,1176,8,408,-84,2614,387,37166,14,1133,454,"Knox County",470313,334.245491832035,0.15155771195097,250.046245798011,66.126175546923,555.800073568028,15.155771195097
2021-01-18,39877,129,35103,80,4774,49,38430,87,263448,472,301878,559,7,400,-365,2698,487,36779,4,1119,451,"Knox County",470313,328.079385430554,0.147436712886401,118.857016497524,27.4285422686594,573.660519696457,14.7436712886401
2021-01-17,39748,181,35023,138,4725,43,38343,151,262976,690,301319,841,3,393,-205,3063,383,36292,8,1115,442,"Knox County",470313,333.394994397348,0.153717948717949,178.817085642965,38.4850089195918,651.268410611656,15.3717948717949
2021-01-16,39567,421,34885,340,4682,81,38192,389,262286,1757,300478,2146,1,390,9,3268,411,35909,7,1107,436,"Knox County",470313,357.208922568587,0.164923376307468,456.291873709636,89.5148550008186,694.856404139371,16.4923376307468
2021-01-15,39146,187,34545,149,4601,38,37803,153,260529,755,298332,908,0,389,-95,3259,282,35498,4,1100,428,"Knox County",470313,359.122541796633,0.171314741035857,193.062917673975,39.7607550716225,692.942784911325,17.1314741035857
2021-01-14,38959,338,34396,267,4563,71,37650,290,259774,1479,297424,1769,6,389,-91,3354,423,35216,7,1096,418,"Knox County",470313,374.006246903658,0.171788047423179,376.132490490376,71.867033231061,713.142098985144,17.1788047423179
2021-01-13,38621,249,34129,201,4492,48,37360,206,258295,946,295655,1152,12,383,-249,3445,486,34793,6,1089,411,"Knox County",470313,386.125835347949,0.174833352824231,244.943261189888,52.9434653092728,732.490915624276,17.4833352824231
2021-01-12,38372,332,33928,261,4444,71,37154,283,257349,1181,294503,1464,10,371,-176,3694,498,34307,6,1083,409,"Knox County",470313,390.590946880056,0.176377418259984,311.282061095483,70.5912870790304,785.434380933549,17.6377418259984
2021-01-11,38040,244,33667,197,4373,47,36871,228,256168,726,293039,954,4,361,-395,3870,635,33809,5,1077,404,"Knox County",470313,415.042748127311,0.184102230885857,202.843638172876,51.8803435159139,822.856268059781,18.4102230885857
2021-01-10,37796,328,33470,205,4326,123,36643,222,255442,1013,292085,1235,5,357,-6,4265,329,33174,17,1072,398,"Knox County",470313,446.298528852062,0.183942667220607,262.591082959646,69.7407896443432,906.842889735134,18.3942667220607
2021-01-09,37468,475,33265,393,4203,82,36421,426,254429,1384,290850,1810,5,352,101,4271,369,32845,12,1055,392,"Knox County",470313,457.780244220338,0.194575979337064,384.850089195918,100.996570369095,908.118635887165,19.4575979337064
2021-01-08,36993,459,32872,371,4121,88,35995,392,253045,1432,289040,1824,7,347,267,4170,185,32476,6,1043,390,"Knox County",470313,515.614069779062,0.200528996865204,387.826830217323,97.5945806303462,886.643575661315,20.0528996865204
2021-01-07,36534,389,32501,346,4033,43,35603,354,251613,1309,287216,1663,10,340,73,3903,306,32291,10,1037,382,"Knox County",470313,526.457912071323,0.208968521084934,353.594308471167,82.7108755233217,829.87287189595,20.8968521084934
2021-01-06,36145,497,32155,363,3990,134,35249,378,250304,1187,285553,1565,9,330,61,3830,427,31985,15,1027,379,"Knox County",470313,579.188753021924,0.217118402282454,332.757121321333,105.674306259874,814.35129371291,21.7118402282454
2021-01-05,35648,520,31792,327,3856,193,34871,345,249117,1193,283988,1538,14,321,32,3769,474,31558,14,1012,370,"Knox County",470313,619.162132452218,0.221456228161299,327.016263637195,110.564666509325,801.381207833932,22.1456228161299
2021-01-04,35128,322,31465,228,3663,94,34526,249,247924,654,282450,903,6,307,-222,3737,538,31084,6,998,364,"Knox County",470313,635.746832428617,0.224520781932055,191.999795880616,68.4650434923126,794.577228356435,22.4520781932055
2021-01-03,34806,285,31237,182,3569,103,34277,195,247270,608,281547,803,2,301,-15,3959,298,30546,10,992,356,"Knox County",470313,626.60398500573,0.231446665347318,170.737360013438,60.5979422214568,841.77983598157,23.1446665347318
2021-01-02,34521,423,31055,319,3466,104,34082,345,246662,1095,280744,1440,0,299,106,3974,317,30248,22,982,347,"Knox County",470313,615.547518354798,0.231922760887428,306.179076487361,89.9401037181622,844.969201361646,23.1922760887428
2021-01-01,34098,420,30736,350,3362,70,33737,374,245567,1297,279304,1671,2,299,3,3868,415,29931,7,960,343,"Knox County",470313,607.255168366598,0.233747260774288,355.295303340541,89.3022306421468,822.431019342438,23.3747260774288
2020-12-31,33678,448,30386,311,3292,137,33363,322,244270,929,277633,1251,12,297,0,3865,436,29516,8,953,337,"Knox County",470313,619.800005528233,0.240758913967942,265.993072698394,95.2557126849566,821.793146266423,24.0758913967942
2020-12-30,33230,363,30075,248,3155,115,33041,271,243341,931,276382,1202,6,285,-146,3865,503,29080,9,945,334,"Knox County",470313,591.308341466215,0.238533151680291,255.574479123477,77.1826421978555,821.793146266423,23.8533151680291
2020-12-29,32867,590,29827,398,3040,192,32770,420,242410,1081,275180,1501,7,279,110,4011,473,28577,14,936,330,"Knox County",470313,606.19204657324,0.248090297571543,319.149162366339,125.448371616349,852.836302632502,24.8090297571543
2020-12-28,32277,252,29429,174,2848,78,32350,185,241329,565,273679,750,4,272,-331,3901,579,28104,4,922,322,"Knox County",470313,591.308341466215,0.245068461359944,159.468269003834,53.5813383852881,829.447623178607,24.5068461359944
2020-12-27,32025,230,29255,156,2770,74,32165,172,240764,489,272929,661,3,268,-74,4232,301,27525,8,918,317,"Knox County",470313,579.614001739267,0.246460594620104,140.544701082045,48.903602494509,899.826285898965,24.6460594620104
2020-12-26,31795,358,29099,288,2696,70,31993,328,240275,1064,272268,1392,0,265,58,4306,300,27224,10,910,310,"Knox County",470313,565.793418425602,0.245847176079734,295.973107271115,76.1195204044966,915.560488440677,24.5847176079734
2020-12-25,31437,353,28811,287,2626,66,31665,308,239211,1070,270876,1378,1,265,-100,4248,452,26924,5,900,305,"Knox County",470313,551.547586394592,0.246588813767671,292.99636624971,75.0563986111377,903.228275637714,24.6588813767671
2020-12-24,31084,351,28524,277,2560,74,31357,311,238141,1273,269498,1584,5,264,-111,4348,457,26472,8,895,298,"Knox County",470313,530.92302360343,0.235592820028342,336.796984136097,74.6311498937941,924.490711504891,23.5592820028342
2020-12-23,30733,472,28247,351,2486,121,31046,371,236868,1411,267914,1782,6,259,-15,4459,481,26015,9,887,291,"Knox County",470313,554.099078698654,0.231542882404951,378.896607153109,100.358697293079,948.092015317459,23.1542882404951
2020-12-22,30261,530,27896,392,2365,138,30675,432,235457,1470,266132,1902,7,253,-25,4474,548,25534,15,878,284,"Knox County",470313,541.341617178347,0.222986559424278,404.411530193722,112.690910096042,951.281380697535,22.2986559424278
2020-12-21,29731,442,27504,361,2227,81,30243,391,233987,1423,264230,1814,2,246,-138,4499,578,24986,5,863,278,"Knox County",470313,581.740245325985,0.22001331684581,385.700586630606,93.9799665329259,956.59698966433,22.001331684581
2020-12-20,29289,514,27143,431,2146,83,29852,478,232564,2245,262416,2723,2,244,234,4637,278,24408,7,858,275,"Knox County",470313,642.12556318877,0.208270377733598,578.976128663252,109.288920357294,985.939151161035,20.8270377733598
2020-12-19,28775,525,26712,441,2063,84,29374,490,230319,1445,259693,1935,6,242,253,4403,266,24130,13,851,269,"Knox County",470313,677.633831086957,0.211998780301875,411.428134029891,111.627788302684,936.185051231839,21.1998780301875
2020-12-18,28250,480,26271,420,1979,60,28884,430,228874,1359,257758,1789,4,236,98,4150,378,23864,11,838,262,"Knox County",470313,704.637124638273,0.21457609579422,380.384977663811,102.059692162454,882.391088487879,21.457609579422
2020-12-17,27770,731,25851,632,1919,99,28454,663,227515,1898,255969,2561,11,232,286,4052,434,23486,11,827,256,"Knox County",470313,785.434380933548,0.224389907624431,544.530982558424,155.42840618907,861.553901338045,22.4389907624431
2020-12-16,27039,564,25219,452,1820,112,27791,472,225617,1729,253408,2201,8,221,99,3766,457,23052,11,816,252,"Knox County",470313,804.995821931352,0.224857621440536,467.986213436584,119.920138290883,800.743334757917,22.4857621440536
2020-12-15,26475,765,24767,675,1708,90,27319,716,223888,2415,251207,3131,2,213,324,3667,439,22595,15,805,249,"Knox County",470313,854.96254621922,0.225331187322026,665.726867001337,162.65763438391,779.693523249411,22.5331187322025
2020-12-14,25710,473,24092,412,1618,61,26603,463,221473,1624,248076,2087,6,211,-10,3343,477,22156,7,790,241,"Knox County",470313,861.553901338045,0.225969440555184,443.747036548001,100.571321651751,710.803231039754,22.5969440555184
2020-12-13,25237,627,23680,571,1557,56,26140,757,219849,2935,245989,3692,2,205,398,3353,227,21679,10,783,234,"Knox County",470313,885.580453867956,0.229420556449759,785.009132216205,133.315472887205,712.929474626472,22.9420556449759
2020-12-12,24610,464,23109,392,1501,72,25383,454,216914,2172,242297,2626,3,203,183,2955,278,21452,19,773,228,"Knox County",470313,872.610367988978,0.218665339746779,558.351565872089,98.6577024237051,628.304979875104,21.8665339746779
2020-12-11,24146,557,22717,523,1429,34,24929,430,214742,1407,239671,1837,6,200,281,2772,270,21174,10,754,224,"Knox County",470313,888.982443606704,0.218086572925283,390.590946880056,118.43176778018,589.394722238169,21.8086572925283
2020-12-10,23589,473,22194,414,1395,59,24499,540,213335,1910,237834,2450,8,194,325,2491,140,20904,9,744,222,"Knox County",470313,834.125359069386,0.212605415002219,520.929678745856,100.571321651751,529.647277451399,21.2605415002219
2020-12-09,23116,406,21780,336,1336,70,23959,359,211425,924,235384,1283,2,186,76,2166,328,20764,13,735,212,"Knox County",470313,800.530710399245,0.217409096223547,272.797052175891,86.3254896207419,460.544360883071,21.7409096223547
2020-12-08,22710,491,21444,445,1266,46,23600,540,210501,2077,234101,2617,9,184,126,2090,356,20436,9,722,209,"Knox County",470313,742.271636123178,0.213536644165863,556.437946644043,104.398560107843,444.384909624016,21.3536644165863
2020-12-07,22219,323,20999,271,1220,52,23060,317,208424,1135,231484,1452,3,175,-128,1964,448,20080,6,713,207,"Knox County",470313,710.377982322411,0.212884627436235,308.730568791422,68.6776678509843,417.594240431372,21.2884627436235
2020-12-06,21896,332,20728,291,1168,41,22743,187,207289,668,230032,855,6,172,103,2092,223,19632,6,707,204,"Knox County",470313,647.653796514236,0.21547256097561,181.79382666437,70.5912870790304,444.81015834136,21.547256097561
2020-12-05,21564,289,20437,263,1127,26,22556,213,206621,714,229177,927,2,166,54,1989,233,19409,8,701,200,"Knox County",470313,610.444533746675,0.226425006566851,197.102780488738,61.4484396561439,422.909849398167,22.6425006566851
2020-12-04,21275,354,20174,321,1101,33,22343,297,205907,1091,228250,1388,5,164,17,1935,332,19176,11,693,198,"Knox County",470313,567.281788936304,0.223569084943493,295.122609836428,75.2690229698095,411.428134029891,22.3569084943493
2020-12-03,20921,441,19853,424,1068,17,22046,448,204816,1215,226862,1663,2,159,180,1918,259,18844,10,682,193,"Knox County",470313,560.477809458807,0.231811487481591,353.594308471167,93.7673421742542,407.813519932471,23.1811487481591
2020-12-02,20480,192,19429,170,1051,22,21598,185,203601,575,225199,760,2,157,-146,1738,336,18585,7,672,191,"Knox County",470313,514.976196703047,0.226350652038915,161.594512590551,40.8238768649814,369.54113537155,22.6350652038915
2020-12-01,20288,403,19259,380,1029,23,21413,409,203026,1832,224439,2241,5,155,87,1884,311,18249,7,665,186,"Knox County",470313,496.26525313993,0.221408572043937,476.491187783455,85.6876165447266,400.58429173763,22.1408572043937
2020-11-30,19885,385,18879,371,1006,14,21004,436,201194,1815,222198,2251,1,150,24,1797,360,17938,3,658,183,"Knox County",470313,509.44796337758,0.215666831928607,478.617431370173,81.8603780886346,382.085972533185,21.5666831928607
2020-11-29,19500,226,18508,217,992,9,20568,261,199379,1465,219947,1726,0,149,40,1773,186,17578,5,655,180,"Knox County",470313,486.909781358372,0.205275648046732,366.989643067489,48.0531050598219,376.982987925063,20.5275648046732
2020-11-28,19274,272,18291,258,983,14,20307,299,197914,1967,218221,2266,0,149,74,1733,198,17392,8,650,174,"Knox County",470313,483.295167260952,0.189914599430663,481.806796750249,57.8338255587237,368.478013578192,18.9914599430663
2020-11-27,19002,235,18033,215,969,20,20008,249,195947,1247,215955,1496,3,149,-6,1659,238,17194,12,642,170,"Knox County",470313,457.99286857901,0.184390873175845,318.08604057298,49.9667242878679,352.74381103648,18.4390873175845
2020-11-26,18767,345,17818,342,949,3,19759,441,194700,1429,214459,1870,4,146,49,1665,292,16956,5,630,168,"Knox County",470313,437.580930146519,0.18080888183981,397.607550716225,73.3554037417635,354.019557188511,18.080888183981
2020-11-25,18422,219,17476,193,946,26,19318,123,193271,325,212589,448,0,142,-58,1616,277,16664,3,625,162,"Knox County",470313,443.321787830657,0.180354529191738,95.2557126849566,46.5647345491194,343.600963613593,18.0354529191738
2020-11-24,18203,153,17283,130,920,23,19195,116,192946,673,212141,789,2,142,-111,1674,262,16387,6,622,160,"Knox County",470313,390.165698162713,0.177484787018256,167.760618992033,32.5315268767821,355.933176416557,17.7484787018256
2020-11-23,18050,166,17153,145,897,21,19079,100,192273,392,211352,492,3,140,-99,1785,262,16125,7,616,158,"Knox County",470313,343.600963613593,0.174865192032574,104.611184466515,35.2956435395152,379.534480229124,17.4865192032574
2020-11-22,17884,220,17008,212,876,8,18979,258,191881,1808,210860,2066,2,137,86,1884,132,15863,5,609,151,"Knox County",470313,342.325217461563,0.168240161238994,439.281925015894,46.7773589077912,400.58429173763,16.8240161238994
2020-11-21,17664,173,16796,169,868,4,18721,198,190073,1465,208794,1663,0,135,2,1798,171,15731,4,604,149,"Knox County",470313,321.275405953057,0.168291024478694,353.594308471167,36.7840140502176,382.298596891857,16.8291024478694
2020-11-20,17491,178,16627,169,864,9,18523,163,188608,791,207131,954,7,135,-17,1796,188,15560,5,600,147,"Knox County",470313,309.155817508765,0.168920550591645,202.843638172876,37.8471358435765,381.873348174514,16.8920550591645
2020-11-19,17313,166,16458,148,855,18,18360,128,187817,663,206177,791,2,128,-28,1813,192,15372,4,595,143,"Knox County",470313,271.096057306517,0.150770512286547,168.185867709377,35.2956435395152,385.487962271934,15.0770512286547
2020-11-18,17147,168,16310,162,837,6,18232,179,187154,875,205386,1054,0,126,-9,1841,177,15180,7,591,138,"Knox County",470313,260.252215014256,0.146241516199257,224.106074040054,35.7208922568587,391.441444314744,14.6241516199257
2020-11-17,16979,248,16148,240,831,8,18053,260,186279,1033,204332,1293,9,126,86,1850,153,15003,6,584,137,"Knox County",470313,280.451529088075,0.154697461806809,274.923295762609,52.730840950601,393.35506354279,15.4697461806809
2020-11-16,16731,272,15908,261,823,11,17793,286,185246,1409,203039,1695,2,117,79,1764,191,14850,6,578,136,"Knox County",470313,302.989711107284,0.154686843211433,360.398287948664,57.8338255587237,375.069368697017,15.4686843211433
2020-11-15,16459,274,15647,247,812,27,17507,295,183837,2278,201344,2573,2,115,162,1685,110,14659,3,572,134,"Knox County",470313,314.47142647556,0.150553726429213,547.082474862485,58.2590742760672,358.272044361946,15.0553726429213
2020-11-14,16185,306,15400,293,785,13,17212,321,181559,1699,198771,2020,0,113,188,1523,118,14549,7,569,130,"Knox County",470313,342.750466178906,0.157225433526012,429.501204516992,65.0630537535641,323.826898257118,15.7225433526012
2020-11-13,15879,219,15107,200,772,19,16891,190,179860,965,196751,1155,4,113,73,1335,142,14431,6,562,127,"Knox County",470313,351.468064884449,0.156790473490218,245.581134265904,46.5647345491194,283.853518826824,15.6790473490218
2020-11-12,15660,143,14907,130,753,13,16701,136,178895,955,195596,1091,1,109,-3,1262,145,14289,3,556,126,"Knox County",470313,346.577704634998,0.153202830622185,231.97317531091,30.4052832900643,268.331940643784,15.3202830622185
2020-11-11,15517,191,14777,177,740,14,16565,191,177940,1229,194505,1420,3,108,23,1265,165,14144,7,553,124,"Knox County",470313,351.468064884449,0.149284253578732,301.926589313925,40.6112525063096,268.969813719799,14.9284253578732
2020-11-10,15326,168,14600,163,726,5,16374,186,176711,1131,193085,1317,2,105,24,1242,142,13979,4,546,123,"Knox County",470313,334.458116190707,0.142400851743412,280.026280370732,35.7208922568587,264.079453470348,14.2400851743412
2020-11-09,15158,135,14437,121,721,14,16188,131,175580,490,191768,621,1,103,-15,1218,149,13837,2,542,121,"Knox County",470313,305.328579052673,0.142198685888006,132.039726735174,28.7042884206901,258.976468862226,14.2198685888006
2020-11-08,15023,215,14316,203,707,12,16057,252,175090,2625,191147,2877,1,102,94,1233,120,13688,3,540,119,"Knox County",470313,292.783741891039,0.133987239310542,611.720279898706,45.7142371144323,262.165834242302,13.3987239310542
2020-11-07,14808,169,14113,161,695,8,15805,187,172465,1918,188270,2105,1,101,59,1139,109,13568,5,537,114,"Knox County",470313,263.654204753005,0.120253164556962,447.574275004093,35.9335166155305,242.179144527155,12.0253164556962
2020-11-06,14639,155,13952,138,687,17,15618,160,170547,1236,186165,1396,0,100,24,1080,131,13459,5,532,114,"Knox County",470313,250.046245798011,0.114805578645978,296.823604705802,32.9567755941256,229.63430736552,11.4805578645978
2020-11-05,14484,158,13814,142,670,16,15458,151,169311,613,184769,764,1,100,33,1056,124,13328,6,527,111,"Knox County",470313,253.235611178088,0.119809523809524,162.445010025239,33.5946486701409,224.531322757398,11.9809523809524
2020-11-04,14326,145,13672,132,654,13,15307,148,168698,934,184005,1082,-1,99,20,1023,126,13204,5,521,110,"Knox County",470313,243.454890679186,0.119563078134226,230.059556082864,30.8305320074078,217.514718921229,11.9563078134226
2020-11-03,14181,196,13540,183,641,13,15159,195,167764,836,182923,1031,3,100,45,1003,148,13078,5,516,108,"Knox County",470313,249.408372721996,0.123936816524909,219.215713790603,41.6743742996685,213.262231747793,12.3936816524909
2020-11-02,13985,116,13357,110,628,6,14964,115,166928,807,181892,922,1,97,-36,958,151,12930,2,511,107,"Knox County",470313,245.368509907232,0.118699027218237,196.039658695379,24.6644256059263,203.694135607563,11.8699027218237
2020-11-01,13869,124,13247,116,622,8,14849,131,166121,1273,180970,1404,0,96,14,994,110,12779,3,509,105,"Knox County",470313,226.0196932681,0.124885110294118,298.524599575177,26.3654204753005,211.348612519747,12.4885110294118
2020-10-31,13745,5,13131,5,614,0,14718,7,164848,4,179566,11,0,96,-99,980,104,12669,0,506,103,"Knox County",470313,191.149298445929,0.137216338880484,2.33886794538956,1.06312179335889,208.371871498343,13.7216338880484
2020-10-30,13740,156,13126,146,614,10,14711,148,164844,853,179555,1001,1,96,27,1079,128,12565,4,506,102,"Knox County",470313,191.3619228046,0.144006436041834,212.83698303045,33.1693999527974,229.421683006849,14.4006436041834
2020-10-29,13584,152,12980,138,604,14,14563,136,163991,1569,178554,1705,0,95,49,1052,103,12437,4,502,102,"Knox County",470313,190.08617665257,0.122973728339855,362.524531535382,32.3189025181103,223.680825322711,12.2973728339855
2020-10-28,13432,102,12842,95,590,7,14427,102,162422,1055,176849,1157,3,95,-48,1003,147,12334,8,498,101,"Knox County",470313,180.943329229683,0.115336744571982,246.006382983247,21.6876845845214,213.262231747793,11.5336744571982
2020-10-27,13330,119,12747,113,583,6,14325,127,161367,799,175692,926,1,92,-6,1051,124,12187,3,490,100,"Knox County",470313,164.571253611956,0.107493685096829,196.890156130067,25.3022986819416,223.468200964039,10.7493685096829
2020-10-26,13211,81,12634,74,577,7,14198,73,160568,372,174766,445,2,91,-72,1057,151,12063,1,487,98,"Knox County",470313,157.129401058444,0.108888554669875,94.6178396089413,17.222573052414,224.74394711607,10.8888554669875
2020-10-25,13130,132,12560,121,570,11,14125,151,160196,1365,174321,1516,0,89,53,1129,79,11912,3,486,98,"Knox County",470313,158.830395927818,0.110042893063156,322.338527746416,28.0664153446747,240.052900940438,11.0042893063156
2020-10-24,12998,172,12439,167,559,5,13974,202,158831,1789,172805,1991,0,89,56,1076,116,11833,5,483,97,"Knox County",470313,194.338663826005,0.107424779773481,423.33509811551,36.5713896915458,228.783809930833,10.7424779773481
2020-10-23,12826,159,12272,148,554,11,13772,172,157042,1239,170814,1411,1,89,39,1020,119,11717,5,478,96,"Knox County",470313,194.976536902021,0.105234400611955,300.012970085879,33.8072730288127,216.876845845214,10.5234400611955
2020-10-22,12667,182,12124,168,543,14,13600,169,155803,1607,169403,1776,1,88,59,981,122,11598,5,473,96,"Knox County",470313,201.355267662174,0.108002602472349,377.620861001078,38.6976332782636,208.584495857014,10.8002602472349
2020-10-21,12485,72,11956,68,529,4,13431,74,154196,682,167627,756,0,87,-32,922,104,11476,1,468,96,"Knox County",470313,194.976536902021,0.109738124929146,160.744015155864,15.308953824368,196.039658695379,10.9738124929146
2020-10-20,12413,127,11888,121,525,6,13357,150,153514,739,166871,889,0,87,13,954,114,11372,7,467,95,"Knox County",470313,196.677531771395,0.112818761384335,189.023054859211,27.0032935513158,202.843638172876,11.2818761384335
2020-10-19,12286,112,11767,107,519,5,13207,117,152775,939,165982,1056,1,87,-9,941,120,11258,6,460,94,"Knox County",470313,203.26888689022,0.110164981373071,224.531322757398,23.8139281712392,200.079521510143,11.0164981373071
2020-10-18,12174,140,11660,135,514,5,13090,168,151836,1431,164926,1599,0,86,52,950,88,11138,7,454,94,"Knox County",470313,204.969881759594,0.11099388056552,339.986349516173,29.7674102140489,201.993140738189,11.099388056552
2020-10-17,12034,128,11525,125,509,3,12922,154,150405,1458,163327,1612,1,86,42,898,85,11050,3,447,93,"Knox County",470313,195.614409978036,0.110341795801736,342.750466178906,27.2159179099876,190.936674087257,11.0341795801736
2020-10-16,11906,72,11400,71,506,1,12768,61,148947,390,161715,451,1,85,-26,856,97,10965,3,444,92,"Knox County",470313,177.116090773591,0.109718638653397,95.893585760972,15.308953824368,182.006451023042,10.9718638653397
2020-10-15,11834,74,11329,62,505,12,12707,66,148557,941,161264,1007,1,84,-56,882,129,10868,3,441,90,"Knox County",470313,154.152660037039,0.10719131614654,214.112729182481,15.7342025417116,187.534684348508,10.719131614654
2020-10-14,11760,149,11267,143,493,6,12641,150,147616,1086,160257,1236,0,83,58,938,91,10739,5,438,88,"Knox County",470313,170.524735654766,0.11031847133758,262.803707318318,31.6810294420949,199.441648434128,11.031847133758
2020-10-13,11611,71,11124,68,487,3,12491,63,146530,581,159021,644,1,83,-36,880,106,10648,6,433,88,"Knox County",470313,158.617771569146,0.102432610124918,136.930086984625,15.0963294656962,187.109435631165,10.2432610124918
2020-10-12,11540,79,11056,66,484,13,12428,87,145949,806,158377,893,0,82,-42,916,121,10542,5,427,87,"Knox County",470313,151.601167732978,0.100644987906477,189.873552293898,16.7973243350705,194.763912543349,10.0644987906477
2020-10-11,11461,170,10990,163,471,7,12341,179,145143,1612,157484,1791,0,82,94,958,76,10421,8,422,85,"Knox County",470313,157.979898493131,0.0995546240503013,380.810226381155,36.1461409742023,203.694135607563,9.95546240503013
2020-10-10,11291,130,10827,122,464,8,12162,132,143531,1393,155693,1525,0,82,46,864,84,10345,3,414,85,"Knox County",470313,158.405147210475,0.0977872002120048,324.252146974462,27.6411666273312,183.707445892416,9.77872002120048
2020-10-09,11161,120,10705,118,456,2,12030,134,142138,1336,154168,1470,0,82,34,818,86,10261,3,411,85,"Knox County",470313,168.61111642672,0.0946766285314032,312.557807247514,25.5149230406134,173.926725393515,9.46766285314032
2020-10-08,11041,110,10587,102,454,8,11896,103,140802,943,152698,1046,1,82,33,784,76,10175,4,408,85,"Knox County",470313,176.265593338904,0.0985473561882626,222.40507917068,23.3886794538956,166.697497198674,9.85473561882626
2020-10-07,10931,104,10485,88,446,16,11793,95,139859,1650,151652,1745,0,81,11,751,93,10099,5,404,85,"Knox County",470313,166.697497198674,0.087008997147246,371.029505882253,22.1129333018649,159.680893362505,8.7008997147246
2020-10-06,10827,115,10397,102,430,13,11698,114,138209,1393,149907,1507,0,81,3,740,112,10006,4,399,84,"Knox County",470313,176.052968980232,0.0845945675052621,320.42490851837,24.4518012472545,157.342025417116,8.45945675052621
2020-10-05,10712,118,10295,109,417,9,11584,123,136816,1238,148400,1361,0,81,11,737,107,9894,5,395,84,"Knox County",470313,184.345318968432,0.0842508377213978,289.38175215229,25.0896743232698,156.7041523411,8.42508377213978
2020-10-04,10594,96,10186,89,408,7,11461,99,135578,1827,147039,1926,1,81,31,726,64,9787,2,390,82,"Knox County",470313,168.61111642672,0.0756143667296786,409.514514801845,20.4119384324907,154.365284395711,7.56143667296786
2020-10-03,10498,77,10097,76,401,1,11362,92,133751,1864,145113,1956,0,80,6,695,71,9723,2,388,82,"Knox County",470313,157.342025417116,0.0690218872037054,415.893245561998,16.3720756177269,147.773929276886,6.90218872037054
2020-10-02,10421,82,10021,79,400,3,11270,82,131887,602,143157,684,0,80,-17,689,99,9652,1,386,82,"Knox County",470313,149.262299787588,0.0692420537897311,145.435061331496,17.4351974110858,146.498183124855,6.92420537897311
2020-10-01,10339,71,9942,68,397,3,11188,73,131285,683,142473,756,0,80,2,706,69,9553,1,385,82,"Knox County",470313,140.969949799389,0.0682435832913941,160.744015155864,15.0963294656962,150.112797222275,6.82435832913941
2020-09-30,10268,75,9874,72,394,3,11115,70,130602,675,141717,745,1,80,-32,704,106,9484,2,384,82,"Knox County",470313,134.803843397907,0.0730833799664242,158.405147210475,15.9468269003834,149.687548504932,7.30833799664242
2020-09-29,10193,80,9802,75,391,5,11045,87,129927,1140,140972,1227,-1,79,-16,736,97,9378,2,382,82,"Knox County",470313,127.361990844395,0.0723281340265742,260.890088090272,17.0099486937423,156.491527982429,7.23281340265742
2020-09-28,10113,57,9727,51,386,6,10958,49,128787,431,139745,480,1,80,-70,752,126,9281,3,380,81,"Knox County",470313,114.391904965417,0.0710059171597633,102.059692162454,12.1195884442914,159.893517721177,7.10059171597633
2020-09-27,10056,72,9676,67,380,5,10909,79,128356,978,139265,1057,0,79,-18,822,90,9155,3,377,79,"Knox County",470313,109.288920357294,0.0770456191165822,224.74394711607,15.308953824368,174.777222828202,7.70456191165822
2020-09-26,9984,126,9609,121,375,5,10830,136,127378,2087,138208,2223,4,79,8,840,114,9065,5,374,79,"Knox County",470313,119.707513932211,0.0803123257110987,472.663949327363,26.790669192644,178.604461284294,8.03123257110987
2020-09-25,9858,101,9488,100,370,1,10694,103,125291,1439,135985,1542,0,75,-4,832,105,8951,1,369,79,"Knox County",470313,123.747376746975,0.074346201743462,327.866761071882,21.4750602258496,176.903466414919,7.4346201743462
2020-09-24,9757,92,9388,89,369,3,10591,105,123852,1719,134443,1824,0,75,-52,836,144,8846,3,368,76,"Knox County",470313,128.212488279082,0.0691360738623873,387.826830217323,19.5614409978036,177.753963849607,6.91360738623873
2020-09-23,9665,53,9299,52,366,1,10486,49,122133,432,132619,481,2,75,-123,888,174,8702,2,365,76,"Knox County",470313,123.534752388303,0.0688249943400498,102.272316521125,11.2690910096042,188.810430500539,6.88249943400498
2020-09-22,9612,82,9247,75,365,7,10437,88,121701,1140,132138,1228,1,73,-53,1011,134,8528,3,363,76,"Knox County",470313,123.960001105647,0.0689303904923599,261.102712448944,17.4351974110858,214.963226617168,6.89303904923599
2020-09-21,9530,34,9172,30,358,4,10349,32,120561,379,130910,411,0,72,-103,1064,137,8394,2,360,76,"Knox County",470313,119.069640856196,0.0675336527492585,87.3886114141008,7.22922819484046,226.232317626772,6.75336527492585
2020-09-20,9496,97,9142,78,354,19,10317,88,120182,707,130499,795,0,72,-17,1167,114,8257,1,358,76,"Knox County",470313,124.38524982299,0.0706726246472248,169.036365144064,20.6245627911625,248.132626569965,7.06726246472248
2020-09-19,9399,132,9064,129,335,3,10229,136,119475,1466,129704,1602,1,72,31,1184,100,8143,5,357,74,"Knox County",470313,125.660995975021,0.0762400101484206,340.624222592189,28.0664153446747,251.747240667385,7.62400101484207
2020-09-18,9267,118,8935,114,332,4,10093,129,118009,1606,128102,1735,3,71,-16,1153,131,8043,3,352,74,"Knox County",470313,129.275610072441,0.0776374442793462,368.903262295535,25.0896743232698,245.15588554856,7.76374442793462
2020-09-17,9149,126,8821,119,328,7,9964,124,116403,1516,126367,1640,0,68,-15,1169,141,7912,6,349,74,"Knox County",470313,136.504838267282,0.0818550430816016,348.703948221716,26.790669192644,248.557875287309,8.18550430816016
2020-09-16,9023,99,8702,77,321,22,9840,117,114887,768,124727,885,1,68,-91,1184,189,7771,3,343,72,"Knox County",470313,146.285558766183,0.0860655737704918,188.172557424524,21.049811508506,251.747240667385,8.60655737704918
2020-09-15,8924,132,8625,126,299,6,9723,136,114119,1338,123842,1474,0,67,-65,1275,197,7582,3,340,71,"Knox County",470313,156.916776699772,0.089206274877078,313.408304682201,28.0664153446747,271.096057306517,8.9206274877078
2020-09-14,8792,127,8499,124,293,3,9587,136,112781,902,122368,1038,0,67,-68,1340,195,7385,5,337,71,"Knox County",470313,176.690842056248,0.0944486857890719,220.704084301306,27.0032935513158,284.916640620183,9.44486857890719
2020-09-13,8665,143,8375,136,290,7,9451,148,111879,1008,121330,1156,0,67,-8,1408,151,7190,0,332,71,"Knox County",470313,186.471562555149,0.0971668415529906,245.793758624576,30.4052832900643,299.375097009864,9.71668415529906
2020-09-12,8522,130,8239,123,283,7,9303,141,110871,1177,120174,1318,1,67,29,1416,100,7039,1,332,71,"Knox County",470313,186.046313837806,0.100692191217824,280.238904729404,27.6411666273312,301.076091879238,10.0692191217824
2020-09-11,8392,104,8116,95,276,9,9162,106,109694,773,118856,879,0,66,-17,1387,121,6939,5,331,69,"Knox County",470313,183.069572816401,0.108224076281287,186.896811272493,22.1129333018649,294.909985477756,10.8224076281287
2020-09-10,8288,192,8021,189,267,3,9056,192,108921,1501,117977,1693,0,66,89,1404,103,6818,5,326,67,"Knox County",470313,197.102780488738,0.115598720833827,359.97303923132,40.8238768649814,298.524599575177,11.5598720833827
2020-09-09,8096,91,7832,82,264,9,8864,93,107420,1710,116284,1803,0,66,-23,1315,114,6715,2,321,67,"Knox County",470313,195.401785619364,0.101698536481145,383.361718685216,19.3488166391318,279.601031653388,10.1698536481145
2020-09-08,8005,126,7750,124,255,2,8771,133,105710,702,114481,835,1,66,30,1338,95,6601,8,319,67,"Knox County",470313,194.126039467333,0.108805319880761,177.541339490935,26.790669192644,284.491391902839,10.8805319880761
2020-09-07,7879,95,7626,92,253,3,8638,98,105008,347,113646,445,1,65,11,1308,83,6506,0,311,67,"Knox County",470313,187.322059989837,0.112067905031369,94.6178396089413,20.1993140738189,278.112661142686,11.2067905031369
2020-09-06,7784,96,7534,92,250,4,8540,94,104661,476,113201,570,0,64,23,1297,73,6423,1,311,67,"Knox County",470313,177.328715132263,0.113615272438022,121.195884442914,20.4119384324907,275.773793197296,11.3615272438022
2020-09-05,7688,284,7442,282,246,2,8446,295,104185,1506,112631,1801,0,64,215,1274,69,6350,4,310,64,"Knox County",470313,210.072866367717,0.125965611761774,382.936469967872,60.385317862785,270.883432947845,12.5965611761774
2020-09-04,7404,93,7160,89,244,4,8151,97,102679,565,110830,662,1,64,16,1059,76,6281,0,306,64,"Knox County",470313,207.733998422327,0.12831348444103,140.757325440717,19.7740653564754,225.169195833413,12.831348444103
2020-09-03,7311,190,7071,184,240,6,8054,198,102114,1798,110168,1996,2,63,107,1043,81,6205,6,306,64,"Knox County",470313,207.308749704984,0.124260355029586,424.398219908869,40.3986281476379,221.767206094665,12.4260355029586
2020-09-02,7121,124,6887,120,234,4,7856,121,100316,1461,108172,1582,2,61,40,936,82,6124,5,300,63,"Knox County",470313,214.325353541152,0.131288810036751,336.371735418753,26.3654204753005,199.016399716784,13.1288810036751
2020-09-01,6997,153,6767,146,230,7,7735,158,98855,660,106590,818,2,59,64,896,87,6042,4,295,62,"Knox County",470313,220.06621122529,0.134747269494539,173.926725393515,32.5315268767821,190.511425369913,13.4747269494539
2020-08-31,6844,99,6621,93,223,6,7577,94,98195,431,105772,525,0,57,18,832,81,5955,3,291,59,"Knox County",470313,220.916708659978,0.132889112396279,111.627788302684,21.049811508506,176.903466414919,13.2889112396279
2020-08-30,6745,72,6528,71,217,1,7483,76,97764,423,105247,499,1,57,5,814,66,5874,1,288,59,"Knox County",470313,215.813724051855,0.131802613218318,106.099554977217,15.308953824368,173.076227958827,13.1802613218318
2020-08-29,6673,118,6457,113,216,5,7407,125,97341,1391,104748,1516,5,56,37,809,76,5808,3,287,57,"Knox County",470313,180.51808051234,0.114372203211371,322.338527746416,25.0896743232698,172.013106165469,11.4372203211371
2020-08-28,6555,89,6344,85,211,4,7282,91,95950,309,103232,400,0,51,-7,772,96,5732,3,284,57,"Knox County",470313,179.667583077653,0.117639040348964,85.0497434687113,18.9235679217883,164.146004894613,11.7639040348964
2020-08-27,6466,116,6259,112,207,4,7191,134,95641,1987,102832,2121,0,51,24,779,92,5636,2,281,57,"Knox County",470313,163.933380535941,0.107090202385739,450.976264742841,24.6644256059263,165.634375405315,10.7090202385739
2020-08-26,6350,77,6147,76,203,1,7057,86,93654,794,100711,880,0,51,-15,755,92,5544,3,279,56,"Knox County",470313,153.940035678367,0.113034472555112,187.109435631165,16.3720756177269,160.531390797193,11.3034472555112
2020-08-25,6273,87,6071,82,202,5,6971,96,92860,896,99831,992,2,51,-6,770,91,5452,3,276,55,"Knox County",470313,139.90682800603,0.101254868022501,210.923363802404,18.4983192044447,163.720756177269,10.1254868022501
2020-08-24,6186,32,5989,28,197,4,6875,29,91964,261,98839,290,0,49,-66,776,98,5361,1,273,55,"Knox County",470313,125.660995975021,0.0951030158256196,61.6610640148157,6.8039794774969,164.9965023293,9.51030158256196
2020-08-23,6154,76,5961,75,193,1,6846,74,91703,566,98549,640,0,49,13,842,63,5263,3,272,55,"Knox County",470313,126.511493409708,0.0928498318467612,136.079589549938,16.1594512590551,179.029710001637,9.28498318467612
2020-08-22,6078,137,5886,136,192,1,6772,154,91137,1892,97909,2046,0,49,70,829,67,5200,4,269,55,"Knox County",470313,130.551356224472,0.0901072058623965,435.029437842458,29.1295371380336,176.265593338904,9.01072058623965
2020-08-21,5941,30,5750,30,191,0,6618,41,89245,262,95863,303,1,49,-62,759,91,5133,1,265,55,"Knox County",470313,118.006519062837,0.0844334433443344,64.4251806775488,6.37873076015334,161.38188823188,8.44334433443344
2020-08-20,5911,119,5720,117,191,2,6577,130,88983,2068,95560,2198,3,48,24,821,92,5042,3,264,55,"Knox County",470313,118.644392138852,0.0830044904068581,467.348340360568,25.3022986819416,174.56459846953,8.30044904068581
2020-08-19,5792,46,5603,41,189,5,6447,48,86915,608,93362,656,2,45,-50,797,94,4950,4,261,55,"Knox County",470313,112.053037020027,0.080280701754386,139.481579288686,9.7807204989018,169.461613861407,8.0280701754386
2020-08-18,5746,134,5562,132,184,2,6399,152,86307,1164,92706,1316,0,43,3,847,131,4856,4,257,55,"Knox County",470313,122.046381877601,0.0843066183380319,279.81365601206,28.4916640620183,180.092831794996,8.43066183380319
2020-08-17,5612,50,5430,42,182,8,6247,50,85143,289,91390,339,1,43,-70,844,119,4725,0,253,54,"Knox County",470313,125.873620333693,0.0865564150440117,72.0796575897328,10.6312179335889,179.454958718981,8.65564150440117
2020-08-16,5562,83,5388,78,174,5,6197,82,84854,587,91051,669,0,42,11,914,72,4606,1,253,53,"Knox County",470313,127.361990844395,0.0872857712235951,142.24569595142,17.6478217697576,194.338663826005,8.72857712235951
2020-08-15,5479,119,5310,116,169,3,6115,132,84267,1223,90382,1355,1,42,42,903,76,4534,2,252,52,"Knox County",470313,123.534752388303,0.0928905792861322,288.106006000259,25.3022986819416,191.999795880616,9.28905792861323
2020-08-14,5360,91,5194,83,166,8,5983,96,83044,1024,89027,1120,0,41,5,861,86,4458,2,250,52,"Knox County",470313,136.504838267282,0.0901607212857703,238.139281712392,19.3488166391318,183.069572816401,9.01607212857703
2020-08-13,5269,127,5111,126,158,1,5887,229,82020,1778,87907,2007,1,41,13,856,113,4372,4,248,51,"Knox County",470313,138.205833136656,0.105735727686947,426.737087854259,27.0032935513158,182.006451023042,10.5735727686947
2020-08-12,5142,79,4985,72,157,7,5658,88,80242,892,85900,980,0,40,-40,843,119,4259,1,244,50,"Knox County",470313,145.222436972824,0.106473156948369,208.371871498343,16.7973243350705,179.242334360309,10.6473156948369
2020-08-11,5063,111,4913,108,150,3,5570,117,79350,1121,84920,1238,0,40,2,883,109,4140,5,243,50,"Knox County",470313,140.332076723374,0.103009859885833,263.228956035661,23.6013038125674,187.74730870718,10.3009859885833
2020-08-10,4952,37,4805,35,147,2,5453,35,78229,365,83682,400,1,40,-94,881,130,4031,0,238,48,"Knox County",470313,137.56796006064,0.100270305058566,85.0497434687113,7.86710127085579,187.322059989837,10.0270305058566
2020-08-09,4915,85,4770,81,145,4,5418,109,77864,826,83282,935,1,39,25,975,59,3901,4,238,48,"Knox County",470313,137.993208777984,0.10031113876789,198.803775358113,18.0730704871011,207.308749704984,10.031113876789
2020-08-08,4830,157,4689,156,141,1,5309,176,77038,2284,82347,2460,1,38,96,950,60,3842,4,234,47,"Knox County",470313,146.072934407512,0.0929978118161926,523.055922332574,33.3820243114692,201.993140738189,9.29978118161926
2020-08-07,4673,50,4533,46,140,4,5133,44,74754,403,79887,447,0,37,-35,854,85,3782,0,230,45,"Knox County",470313,137.355335701969,0.0942482579426007,95.0430883262848,10.6312179335889,181.581202305699,9.42482579426007
2020-08-06,4623,113,4487,105,136,8,5089,121,74351,1463,79440,1584,-1,37,41,889,73,3697,5,230,43,"Knox County",470313,134.378594680564,0.0857782197911487,336.796984136097,24.0265525299109,189.023054859211,8.57782197911487
2020-08-05,4510,99,4382,99,128,0,4968,100,72888,1107,77856,1207,1,38,-1,848,99,3624,3,225,42,"Knox County",470313,138.631081853999,0.0848748639825898,256.637600916836,21.049811508506,180.305456153668,8.48748639825898
2020-08-04,4411,112,4283,111,128,1,4868,106,71781,1082,76649,1188,1,37,-31,849,142,3525,9,222,41,"Knox County",470313,138.843706212671,0.0840530349105948,252.597738102072,23.8139281712392,180.51808051234,8.40530349105948
2020-08-03,4299,50,4172,50,127,0,4762,81,70699,593,75461,674,2,36,-59,880,107,3383,1,213,41,"Knox County",470313,141.607822875404,0.0867569158328429,143.308817744778,10.6312179335889,187.109435631165,8.67569158328429
2020-08-02,4249,97,4122,91,127,6,4681,95,70106,692,74787,787,3,34,28,939,66,3276,2,212,40,"Knox County",470313,144.159315179466,0.0866179465676291,167.335370274689,20.6245627911625,199.6542727928,8.66179465676291
2020-08-01,4152,118,4031,110,121,8,4586,118,69414,1417,74000,1535,1,31,29,911,88,3210,1,210,40,"Knox County",470313,135.866965191266,0.0895984909727836,326.37839056118,25.0896743232698,193.70079074999,8.95984909727836
2020-07-31,4034,117,3921,114,113,3,4468,116,67997,1060,72465,1176,2,30,9,882,106,3122,1,209,39,"Knox County",470313,150.112797222275,0.0904183535762483,250.046245798011,24.877049964598,187.534684348508,9.04183535762483
2020-07-30,3917,189,3807,186,110,3,4352,227,66937,2420,71289,2647,1,28,78,873,110,3016,7,208,36,"Knox County",470313,166.272248481331,0.0914912090297374,562.816677404197,40.1860037889661,185.621065120462,9.14912090297373
2020-07-29,3728,75,3621,70,107,5,4125,60,64517,438,68642,498,0,27,-40,795,115,2906,3,201,34,"Knox County",470313,161.169263873208,0.0944150499706055,105.886930618546,15.9468269003834,169.036365144064,9.44150499706055
2020-07-28,3653,154,3551,152,102,2,4065,187,64079,1211,68144,1398,1,27,46,835,107,2791,3,198,30,"Knox County",470313,170.099486937423,0.101434308663224,297.248853423146,32.7441512354538,177.541339490935,10.1434308663224
2020-07-27,3499,83,3399,76,100,7,3878,85,62868,677,66746,762,3,26,-36,789,116,2684,2,195,30,"Knox County",470313,177.116090773591,0.100874701806202,162.019761307895,17.6478217697576,167.760618992033,10.0874701806202
2020-07-26,3416,118,3323,113,93,5,3793,132,62191,1473,65984,1605,0,23,49,825,69,2568,2,193,29,"Knox County",470313,181.581202305699,0.0961438519904376,341.262095668204,25.0896743232698,175.415095904217,9.61438519904376
2020-07-25,3298,175,3210,171,88,4,3661,197,60718,1949,64379,2146,2,23,95,776,78,2499,3,191,28,"Knox County",470313,193.70079074999,0.098123534010946,456.291873709636,37.2092627675612,164.9965023293,9.8123534010946
2020-07-24,3123,106,3039,99,84,7,3464,113,58769,916,62233,1029,0,21,-15,681,121,2421,4,188,25,"Knox County",470313,191.3619228046,0.0992563212692117,218.79046507326,22.5381820192085,144.797188255481,9.92563212692117
2020-07-23,3017,205,2940,197,77,8,3351,254,57853,2389,61204,2643,0,21,89,696,116,2300,4,184,25,"Knox County",470313,194.763912543349,0.10197401051483,561.96617996951,43.5879935277145,147.986553635558,10.197401051483
2020-07-22,2812,69,2743,61,69,8,3097,63,55464,437,58561,500,3,21,-68,607,134,2184,3,180,24,"Knox County",470313,193.488166391318,0.102251314093028,106.312179335889,14.6710807483527,129.062985713769,10.2251314093028
2020-07-21,2743,232,2682,228,61,4,3034,280,55027,1691,58061,1971,0,18,120,675,112,2050,12,177,24,"Knox County",470313,210.072866367717,0.10548048048048,419.082610942075,49.3288512118525,143.52144210345,10.548048048048
2020-07-20,2511,74,2454,70,57,4,2754,57,53336,364,56090,421,0,18,-59,555,133,1938,4,165,23,"Knox County",470313,208.159247139671,0.106253029568589,89.5148550008186,15.7342025417116,118.006519062837,10.6253029568589
2020-07-19,2437,84,2384,74,53,10,2697,74,52972,578,55669,652,0,18,-16,614,100,1805,0,161,22,"Knox County",470313,200.93001894483,0.110873744926298,138.631081853999,17.8604461284294,130.551356224472,11.0873744926298
2020-07-18,2353,112,2310,109,43,3,2623,146,52394,2258,55017,2404,1,18,36,630,75,1705,8,161,20,"Knox County",470313,187.534684348508,0.102598752598753,511.148958246955,23.8139281712392,133.95334596322,10.2598752598753
2020-07-17,2241,74,2201,73,40,1,2477,80,50136,347,52613,427,0,17,3,594,71,1630,6,153,19,"Knox County",470313,180.730704871011,0.105788423153693,90.7906011528493,15.7342025417116,126.298869051036,10.5788423153693
2020-07-16,2167,187,2128,185,39,2,2397,228,49789,2035,52186,2263,2,17,97,591,88,1559,3,147,17,"Knox County",470313,176.903466414919,0.107432275989812,481.168923674234,39.7607550716225,125.660995975021,10.7432275989812
2020-07-15,1980,78,1943,78,37,0,2169,80,47754,511,49923,591,3,15,-14,494,89,1471,4,144,17,"Knox County",470313,178.817085642965,0.108259823576584,125.660995975021,16.5846999763987,105.036433183858,10.8259823576584
2020-07-14,1902,95,1865,94,37,1,2089,127,47243,777,49332,904,2,12,12,508,81,1382,1,140,16,"Knox County",470313,149.687548504932,0.103367267032106,192.212420239287,20.1993140738189,108.013174205263,10.3367267032106
2020-07-13,1807,94,1771,92,36,2,1962,59,46466,655,48428,714,1,10,20,496,73,1301,2,139,15,"Knox County",470313,153.940035678367,0.0998114393463231,151.81379209165,19.9866897151471,105.461681901202,9.98114393463231
2020-07-12,1713,69,1679,67,34,2,1903,87,45811,916,47714,1003,0,9,27,476,42,1228,4,137,12,"Knox County",470313,150.750670298291,0.097158680471948,213.262231747793,14.6710807483527,101.209194727766,9.7158680471948
2020-07-11,1644,28,1612,27,32,1,1816,36,44895,883,46711,919,0,9,-16,449,44,1186,2,133,11,"Knox County",470313,132.890224169861,0.10218443043542,195.401785619364,5.95348204280979,95.4683370436284,10.218443043542
2020-07-10,1616,78,1585,74,31,4,1780,68,44012,418,45792,486,0,9,29,465,49,1142,6,131,10,"Knox County",470313,133.740721604548,0.0995639534883721,103.335438314484,16.5846999763987,98.8703267823768,9.95639534883721
2020-07-09,1538,70,1511,66,27,4,1712,88,43594,1653,45306,1741,0,9,23,436,47,1093,8,125,10,"Knox County",470313,108.86367163995,0.0857187794904058,370.179008447566,14.8837051070245,92.7042203808953,8.57187794904058
2020-07-08,1468,70,1445,65,23,5,1624,63,41941,594,43565,657,1,9,15,413,54,1046,5,117,10,"Knox County",470313,107.162676770576,0.0821917808219178,139.694203647358,14.8837051070245,87.8138601314444,8.21917808219178
2020-07-07,1398,79,1380,79,18,0,1561,104,41347,1305,42908,1409,0,8,38,398,41,992,7,112,10,"Knox County",470313,103.760687031828,0.0728820897676432,299.587721368535,16.7973243350705,84.6244947513677,7.28820897676432
2020-07-06,1319,35,1301,35,18,0,1457,34,40042,658,41499,692,1,8,-19,360,53,951,6,105,9,"Knox County",470313,91.2158498701928,0.0694947155060084,147.13605620087,7.44185255351224,76.5447691218401,6.94947155060084
2020-07-05,1284,77,1266,77,18,0,1423,109,39384,1081,40807,1190,2,7,34,379,41,898,6,99,9,"Knox County",470313,92.9168447395671,0.0707640259374119,253.022986819416,16.3720756177269,80.5846319366039,7.07640259374119
2020-07-04,1207,41,1189,40,18,1,1314,50,38303,1141,39617,1191,0,5,4,345,37,857,1,93,8,"Knox County",470313,95.6809614023002,0.0700515883790388,253.235611178088,8.7175987055429,73.3554037417635,7.00515883790388
2020-07-03,1166,62,1149,61,17,1,1264,49,37162,910,38426,959,0,5,27,341,35,820,4,92,6,"Knox County",470313,92.2789716635517,0.0634009439979589,203.906759966235,13.1827102376502,72.5049063070764,6.34009439979589
2020-07-02,1104,68,1088,68,16,0,1215,102,36252,1228,37467,1330,0,5,33,314,35,785,2,88,6,"Knox County",470313,91.8537229462082,0.0687937533656435,282.790397033465,14.4584563896809,66.7640486229383,6.87937533656435
2020-07-01,1036,49,1020,49,16,0,1113,34,35024,737,36137,771,0,5,25,281,24,750,4,86,6,"Knox County",470313,87.3886114141008,0.0639087775125961,163.933380535941,10.4185935749171,59.7474447867697,6.39087775125961
2020-06-30,987,40,971,39,16,1,1079,73,34287,1514,35366,1587,0,5,18,256,22,726,3,82,5,"Knox County",470313,79.0962614259015,0.058419689119171,337.434857212112,8.50497434687113,54.4318358199752,5.8419689119171
2020-06-29,947,51,932,51,15,0,1006,79,32773,1333,33779,1412,0,5,20,238,31,704,3,79,5,"Knox County",470313,82.4982511646499,0.0587677725118483,300.225594444551,10.8438422922607,50.6045973638832,5.87677725118483
2020-06-28,896,10,881,10,15,0,927,30,31440,684,32367,714,0,5,-5,218,15,673,1,76,5,"Knox County",470313,68.2524191336408,0.0523606228026118,151.81379209165,2.12624358671778,46.3521101904476,5.23606228026117
2020-06-27,886,29,871,29,15,0,897,16,30756,111,31653,127,0,5,18,223,11,658,3,75,5,"Knox County",470313,65.7009268295794,0.0555072463768116,27.0032935513158,6.16610640148157,47.4152319838065,5.55072463768116
2020-06-26,857,37,842,37,15,0,881,14,30645,319,31526,333,0,5,17,205,20,647,8,72,5,"Knox County",470313,60.385317862785,0.0554670066942939,70.8039114377021,7.86710127085579,43.5879935277145,5.54670066942939
2020-06-25,820,32,805,32,15,0,867,52,30326,702,31193,754,0,5,13,188,19,627,1,64,5,"Knox County",470313,52.730840950601,0.0522990522990523,160.318766438521,6.8039794774969,39.9733794302943,5.22990522990523
2020-06-24,788,35,773,34,15,1,815,32,29624,272,30439,304,0,5,22,175,13,608,1,63,5,"Knox County",470313,49.7540999291961,0.0565857388644619,64.6378050362206,7.44185255351224,37.2092627675612,5.65857388644619
2020-06-23,753,27,739,24,14,3,783,25,29352,216,30135,241,0,5,18,153,9,595,4,62,5,"Knox County",470313,46.989983266463,0.0638352638352638,51.2424704398985,5.74085768413801,32.5315268767821,6.38352638352638
2020-06-22,726,36,715,36,11,0,758,31,29136,572,29894,603,0,5,20,135,16,586,0,58,5,"Knox County",470313,43.8006178863863,0.0650195058517555,128.212488279082,7.65447691218401,28.7042884206901,6.50195058517555
2020-06-21,690,31,679,31,11,0,727,37,28564,816,29291,853,0,5,16,115,15,570,1,58,5,"Knox County",470313,48.2657294184936,0.0643856920684292,181.368577947027,6.59135511882512,24.4518012472545,6.43856920684292
2020-06-20,659,17,648,17,11,0,690,9,27748,437,28438,446,0,5,11,99,6,555,2,57,5,"Knox County",470313,45.7142371144323,0.0565930956423316,94.8304639676131,3.61461409742023,21.049811508506,5.65930956423316
2020-06-19,642,30,631,28,11,2,681,10,27311,334,27992,344,0,5,8,88,22,549,1,55,5,"Knox County",470313,44.2258666037299,0.0552891396332863,73.1427793830917,6.37873076015334,18.7109435631165,5.52891396332863
2020-06-18,612,15,603,15,9,0,671,18,26977,804,27648,822,0,5,2,80,13,527,0,54,5,"Knox County",470313,40.6112525063096,0.04483808469416,174.777222828202,3.18936538007667,17.0099486937423,4.483808469416
2020-06-17,597,17,588,17,9,0,653,13,26173,282,26826,295,0,5,-3,78,20,514,0,54,5,"Knox County",470313,36.7840140502176,0.0396781354051054,62.7241858081746,3.61461409742023,16.5846999763987,3.96781354051054
2020-06-16,580,9,571,8,9,1,640,9,25891,178,26531,187,0,5,-2,81,11,494,0,54,5,"Knox County",470313,32.9567755941256,0.0357746478873239,39.7607550716225,1.913619228046,17.222573052414,3.57746478873239
2020-06-15,571,8,563,8,8,0,631,9,25713,218,26344,227,0,5,-5,83,13,483,0,54,5,"Knox County",470313,27.0032935513158,0.0330812854442344,48.2657294184936,1.70099486937423,17.6478217697576,3.30812854442344
2020-06-14,563,8,555,8,8,0,622,9,25495,624,26117,633,0,5,4,88,4,470,0,54,5,"Knox County",470313,22.1129333018649,0.0260663507109005,134.591219039236,1.70099486937423,18.7109435631165,2.60663507109005
2020-06-13,555,10,547,8,8,2,613,9,24871,213,25484,222,0,5,0,84,10,466,3,54,5,"Knox County",470313,20.6245627911625,0.0282051282051282,47.2026076251348,2.12624358671778,17.8604461284294,2.82051282051282
2020-06-12,545,19,539,19,6,0,604,19,24658,750,25262,769,0,5,1,84,18,456,0,51,5,"Knox County",470313,18.2856948457729,0.0272583201267829,163.508131818597,4.03986281476378,17.8604461284294,2.72583201267829
2020-06-11,526,7,520,7,6,0,585,10,23908,379,24493,389,0,5,1,83,6,438,2,51,5,"Knox County",470313,16.5846999763987,0.0286554004408523,82.7108755233217,1.48837051070245,17.6478217697576,2.86554004408523
2020-06-10,519,12,513,12,6,0,575,12,23529,706,24104,718,0,5,-6,82,18,432,0,49,5,"Knox County",470313,15.5215781830398,0.024483306836248,152.664289526337,2.55149230406134,17.4351974110858,2.4483306836248
2020-06-09,507,16,501,16,6,0,563,19,22823,508,23386,527,0,5,5,88,11,414,1,49,5,"Knox County",470313,17.0099486937423,0.0249641319942611,112.053037020027,3.40198973874845,18.7109435631165,2.49641319942611
2020-06-08,491,8,485,8,6,0,544,8,22315,336,22859,344,0,5,4,83,4,403,1,48,5,"Knox County",470313,17.0099486937423,0.0238756246529706,73.1427793830917,1.70099486937423,17.6478217697576,2.38756246529706
2020-06-07,483,7,477,7,6,0,536,8,21979,851,22515,859,0,5,0,79,7,399,1,47,5,"Knox County",470313,16.7973243350705,0.0222048066875653,182.644324099057,1.48837051070245,16.7973243350705,2.22048066875653
2020-06-06,476,11,470,11,6,0,528,12,21128,478,21656,490,0,5,5,79,6,392,0,46,5,"Knox County",470313,17.0099486937423,0.021484375,104.185935749171,2.33886794538956,16.7973243350705,2.1484375
2020-06-05,465,18,459,18,6,0,516,17,20650,518,21166,535,0,5,7,74,11,386,1,46,5,"Knox County",470313,16.7973243350705,0.0222682547902641,113.754031889401,3.82723845609201,15.7342025417116,2.22682547902641
2020-06-04,447,4,441,4,6,0,499,4,20132,338,20631,342,0,5,-1,67,5,375,0,45,5,"Knox County",470313,16.1594512590551,0.0209698558322412,72.7175306657481,0.850497434687113,14.2458320310091,2.09698558322412
2020-06-03,443,4,437,4,6,0,495,4,19794,399,20289,403,0,5,-3,68,7,370,0,45,5,"Knox County",470313,14.4584563896809,0.0205714285714286,85.6876165447266,0.850497434687113,14.4584563896809,2.05714285714286
2020-06-02,439,26,433,25,6,1,491,24,19395,939,19886,963,0,5,21,71,5,363,2,45,5,"Knox County",470313,16.5846999763987,0.0195630081300813,204.757257400922,5.52823332546623,15.0963294656962,1.95630081300813
2020-06-01,413,17,408,17,5,0,467,20,18456,972,18923,992,0,5,4,50,13,358,0,43,5,"Knox County",470313,18.4983192044447,0.0194153577661431,210.923363802404,3.61461409742023,10.6312179335889,1.94153577661431
2020-05-31,396,7,391,7,5,0,447,7,17484,317,17931,324,0,5,3,46,4,345,0,43,5,"Knox County",470313,18.4983192044447,0.0217337614225735,68.8902922096561,1.48837051070245,9.7807204989018,2.17337614225735
2020-05-30,389,6,384,6,5,0,440,6,17167,294,17607,300,0,5,-1,43,7,341,2,43,5,"Knox County",470313,17.4351974110858,0.0212490282456595,63.7873076015334,1.27574615203067,9.14284742288646,2.12490282456595
2020-05-29,383,8,378,8,5,0,434,7,16873,205,17307,212,0,5,0,44,8,334,0,41,5,"Knox County",470313,15.308953824368,0.0203619909502262,45.076364038417,1.70099486937423,9.35547178155824,2.03619909502262
2020-05-28,375,11,370,11,5,0,427,11,16668,336,17095,347,0,5,7,44,4,326,0,41,5,"Knox County",470313,16.7973243350705,0.022310081897769,73.780652459107,2.33886794538956,9.35547178155824,2.2310081897769
2020-05-27,364,5,359,5,5,0,416,6,16332,420,16748,426,0,5,0,37,5,322,1,41,5,"Knox County",470313,17.0099486937423,0.0227272727272727,90.5779767941775,1.06312179335889,7.86710127085579,2.27272727272727
2020-05-26,359,9,354,9,5,0,410,10,15912,1142,16322,1152,0,5,7,37,2,317,0,40,5,"Knox County",470313,13.395334596322,0.0178523847588596,244.943261189888,1.913619228046,7.86710127085579,1.78523847588596
2020-05-25,350,9,345,9,5,0,400,11,14770,381,15170,392,0,5,5,30,4,315,1,40,5,"Knox County",470313,11.6943397269478,0.018395179194418,83.348748599337,1.913619228046,6.37873076015334,1.8395179194418
2020-05-24,341,2,336,2,5,0,389,3,14389,273,14778,276,0,5,1,25,1,311,0,39,5,"Knox County",470313,10.6312179335889,0.0173913043478261,58.6843229934108,0.425248717343556,5.31560896679445,1.73913043478261
2020-05-23,339,7,334,7,5,0,386,10,14116,360,14502,370,0,5,4,24,3,310,2,39,5,"Knox County",470313,10.8438422922607,0.0182677165354331,78.6710127085579,1.48837051070245,5.10298460812268,1.82677165354331
2020-05-22,332,1,327,1,5,0,376,1,13756,253,14132,254,0,5,-14,20,15,307,0,37,5,"Knox County",470313,9.35547178155824,0.0161641280696301,54.0065871026317,0.212624358671778,4.25248717343556,1.61641280696301
2020-05-21,331,0,326,0,5,0,375,0,13503,250,13878,250,0,5,-1,34,1,292,0,37,5,"Knox County",470313,7.01660383616868,0.0131410256410256,53.1560896679445,0,7.22922819484046,1.31410256410256
2020-05-20,331,7,326,7,5,0,375,7,13253,360,13628,367,0,5,4,35,3,291,0,37,5,"Knox County",470313,7.44185255351224,0.0137210062071219,78.0331396325426,1.48837051070245,7.44185255351224,1.37210062071219
2020-05-19,324,7,319,7,5,0,368,7,12893,369,13261,376,0,5,4,31,3,288,2,37,5,"Knox County",470313,7.01660383616868,0.0170678336980306,79.9467588605886,1.48837051070245,6.59135511882512,1.70678336980306
2020-05-18,317,3,312,3,5,0,361,4,12524,478,12885,482,0,5,0,27,3,285,0,35,5,"Knox County",470313,5.74085768413801,0.0134736842105263,102.484940879797,0.637873076015334,5.74085768413801,1.34736842105263
2020-05-17,314,3,309,3,5,0,357,5,12046,216,12403,221,0,5,1,27,2,282,1,35,5,"Knox County",470313,5.95348204280979,0.0146551724137931,46.989983266463,0.637873076015334,5.74085768413801,1.46551724137931
2020-05-16,311,0,306,0,5,0,352,0,11830,349,12182,349,0,5,-4,26,4,280,0,34,5,"Knox County",470313,4.46511153210734,0.0104393214441061,74.2059011764506,0,5.52823332546623,1.04393214441061
2020-05-15,311,1,306,1,5,0,352,4,11481,541,11833,545,0,5,-4,30,5,276,0,34,5,"Knox County",470313,4.46511153210734,0.0104247104247104,115.880275476119,0.212624358671778,6.37873076015334,1.04247104247104
2020-05-14,310,3,305,3,5,0,348,7,10940,458,11288,465,0,5,0,34,3,271,0,34,5,"Knox County",470313,5.10298460812268,0.0121212121212121,98.8703267823768,0.637873076015334,7.22922819484046,1.21212121212121
2020-05-13,307,7,302,7,5,0,341,5,10482,341,10823,346,0,5,1,34,6,268,0,34,5,"Knox County",470313,5.10298460812268,0.0114942528735632,73.5680281004352,1.48837051070245,7.22922819484046,1.14942528735632
2020-05-12,300,6,295,6,5,0,336,8,10141,401,10477,409,0,5,3,33,3,262,0,34,5,"Knox County",470313,4.8903602494509,0.0117145899893504,86.9633626967573,1.27574615203067,7.01660383616868,1.17145899893504
2020-05-11,294,16,289,16,5,0,328,12,9740,254,10068,266,0,5,9,30,7,259,1,34,5,"Knox County",470313,7.65447691218401,0.015763168012303,56.558079406693,3.40198973874845,6.37873076015334,1.5763168012303
2020-05-10,278,5,273,5,5,0,316,5,9486,221,9802,226,0,5,1,21,4,252,1,33,5,"Knox County",470313,8.07972562952757,0.0157329240214889,48.0531050598219,1.06312179335889,4.46511153210734,1.57329240214889
2020-05-09,273,2,268,2,5,0,311,4,9265,352,9576,356,0,5,-1,20,3,248,0,32,5,"Knox County",470313,8.50497434687113,0.0172215843857635,75.694271687153,0.425248717343556,4.25248717343556,1.72215843857635
2020-05-08,271,3,266,3,5,0,307,4,8913,265,9220,269,0,5,-2,21,5,245,0,32,5,"Knox County",470313,8.93022306421468,0.0192554557124519,57.1959524827083,0.637873076015334,4.46511153210734,1.92554557124519
2020-05-07,268,3,263,3,5,0,303,3,8648,220,8951,223,0,5,-2,23,5,240,0,32,5,"Knox County",470313,8.93022306421468,0.0195704057279236,47.4152319838065,0.637873076015334,4.8903602494509,1.95704057279236
2020-05-06,265,1,260,1,5,0,300,1,8428,185,8728,186,0,5,-7,25,8,235,0,32,5,"Knox County",470313,7.65447691218401,0.0191214470284238,39.5481307129507,0.212624358671778,5.31560896679445,1.91214470284238
2020-05-05,264,4,259,4,5,0,299,5,8243,305,8542,310,0,5,-1,32,5,227,0,32,5,"Knox County",470313,7.22922819484046,0.0185185185185185,65.9135511882512,0.850497434687113,6.8039794774969,1.85185185185185
2020-05-04,260,4,255,4,5,0,294,7,7938,259,8232,266,0,5,-3,33,7,222,0,32,5,"Knox County",470313,4.67773589077912,0.0157952069716776,56.558079406693,0.850497434687113,7.01660383616868,1.57952069716776
2020-05-03,256,7,251,5,5,2,287,6,7679,290,7966,296,0,5,6,36,1,215,2,32,5,"Knox County",470313,5.10298460812268,0.0157397691500525,62.9368101668463,1.48837051070245,7.65447691218401,1.57397691500525
2020-05-02,249,3,246,3,3,0,281,5,7389,308,7670,313,0,5,1,30,2,214,1,30,5,"Knox County",470313,5.31560896679445,0.0166398282340311,66.5514242642666,0.637873076015334,6.37873076015334,1.66398282340311
2020-05-01,246,9,243,8,3,1,276,7,7081,354,7357,361,0,5,4,29,5,212,0,29,5,"Knox County",470313,6.59135511882512,0.0173913043478261,76.7573934805119,1.913619228046,6.16610640148157,1.73913043478261
2020-04-30,237,4,235,4,2,0,269,3,6727,119,6996,122,0,5,-1,25,5,207,0,29,5,"Knox County",470313,6.8039794774969,0.0183387270765912,25.9401717579569,0.850497434687113,5.31560896679445,1.83387270765912
2020-04-29,233,8,231,8,2,0,266,10,6608,672,6874,682,0,5,5,26,3,202,0,29,5,"Knox County",470313,8.29234998819935,0.0182978723404255,145.009812614153,1.70099486937423,5.52823332546623,1.82978723404255
2020-04-28,225,8,223,8,2,0,256,10,5936,391,6192,401,1,5,4,21,3,199,0,29,5,"Knox County",470313,9.14284742288646,0.0196640721015977,85.262367827383,1.70099486937423,4.46511153210734,1.96640721015977
2020-04-27,217,2,215,2,2,0,246,4,5545,161,5791,165,0,4,1,17,1,196,0,29,5,"Knox County",470313,8.7175987055429,0.0192307692307692,35.0830191808434,0.425248717343556,3.61461409742023,1.92307692307692
2020-04-26,215,1,213,1,2,0,242,1,5384,172,5626,173,0,4,-2,16,3,195,0,29,4,"Knox County",470313,7.44185255351224,0.018042399639152,36.7840140502176,0.212624358671778,3.40198973874845,1.8042399639152
2020-04-25,214,0,212,0,2,0,241,0,5212,53,5453,53,0,4,-6,18,6,192,0,29,4,"Knox County",470313,6.8039794774969,0.0178845171180378,11.2690910096042,0,3.82723845609201,1.78845171180378
2020-04-24,214,8,212,8,2,0,241,10,5159,836,5400,846,0,4,5,24,3,186,1,29,4,"Knox County",470313,6.59135511882512,0.0155610155610156,179.880207436324,1.70099486937423,5.10298460812268,1.55610155610156
2020-04-23,206,1,204,1,2,0,231,2,4323,137,4554,139,0,4,0,19,1,183,0,28,4,"Knox County",470313,5.95348204280979,0.0150467669784465,29.5547858553772,0.212624358671778,4.03986281476378,1.50467669784465
2020-04-22,205,5,203,3,2,2,229,2,4186,189,4415,191,0,4,1,19,4,182,0,28,4,"Knox County",470313,5.31560896679445,0.0147357723577236,40.6112525063096,1.06312179335889,4.03986281476378,1.47357723577236
2020-04-21,200,4,200,4,0,0,227,5,3997,475,4224,480,0,4,-2,18,6,178,1,28,4,"Knox County",470313,4.46511153210734,0.0117244748412311,102.059692162454,0.850497434687113,3.82723845609201,1.17244748412311
2020-04-20,196,3,196,3,0,0,222,2,3522,175,3744,177,0,4,-1,20,4,172,1,27,4,"Knox County",470313,4.67773589077912,0.0106847984458475,37.6345114849047,0.637873076015334,4.25248717343556,1.06847984458475
2020-04-19,193,0,193,0,0,0,220,0,3347,72,3567,72,0,4,-4,21,4,168,0,26,4,"Knox County",470313,4.46511153210734,0.0107252298263534,15.308953824368,0,4.46511153210734,1.07252298263534
2020-04-18,193,0,193,0,0,0,220,1,3275,135,3495,136,0,4,-5,25,5,164,0,26,4,"Knox County",470313,4.46511153210734,0.0107790298873101,28.9169127793618,0,5.31560896679445,1.07790298873101
2020-04-17,193,2,193,2,0,0,219,3,3140,104,3359,107,0,4,-2,30,4,159,1,26,4,"Knox County",470313,3.18936538007667,0.0115207373271889,22.7508063778803,0.425248717343556,6.37873076015334,1.15207373271889
2020-04-16,191,7,191,7,0,0,216,9,3036,213,3252,222,0,4,2,32,5,155,2,25,4,"Knox County",470313,4.46511153210734,0.015884476534296,47.2026076251348,1.48837051070245,6.8039794774969,1.5884476534296
2020-04-15,184,9,184,9,0,0,207,10,2823,84,3030,94,0,4,3,30,6,150,1,23,4,"Knox County",470313,5.31560896679445,0.0232919254658385,19.9866897151471,1.913619228046,6.37873076015334,2.32919254658385
2020-04-14,175,4,175,4,0,0,197,4,2739,102,2936,106,0,4,1,27,3,144,1,22,4,"Knox County",470313,5.31560896679445,0.0317286652078775,22.5381820192085,0.850497434687113,5.74085768413801,3.17286652078775
2020-04-13,171,4,171,4,0,0,193,9,2637,242,2830,251,0,4,-2,26,6,141,1,21,4,"Knox County",470313,5.52823332546623,0.0364372469635627,53.3687140266163,0.850497434687113,5.52823332546623,3.64372469635628
2020-04-12,167,5,167,5,0,0,184,6,2395,166,2579,172,0,4,1,28,4,135,0,20,4,"Knox County",470313,6.59135511882512,0.0386029411764706,36.5713896915458,1.06312179335889,5.95348204280979,3.86029411764706
2020-04-11,162,5,162,5,0,0,178,8,2229,313,2407,321,1,4,-4,27,8,131,1,20,4,"Knox County",470313,7.65447691218401,0.0384917517674784,68.2524191336408,1.06312179335889,5.74085768413801,3.84917517674784
2020-04-10,157,4,157,4,0,0,170,5,1916,123,2086,128,0,3,0,31,4,123,0,19,4,"Knox County",470313,8.07972562952757,0.0394126738794436,27.2159179099876,0.850497434687113,6.59135511882512,3.94126738794436
2020-04-09,153,1,153,1,0,0,165,1,1793,81,1958,82,0,3,-2,31,3,119,0,19,4,"Knox County",470313,6.8039794774969,0.037261698440208,17.4351974110858,0.212624358671778,6.59135511882512,3.7261698440208
2020-04-08,152,8,152,8,0,0,164,12,1712,111,1876,123,0,3,-3,33,11,116,1,19,4,"Knox County",470313,6.59135511882512,0.0380388841927303,26.1527961166287,1.70099486937423,7.01660383616868,3.80388841927303
2020-04-07,144,20,144,20,0,0,152,25,1601,366,1753,391,0,3,11,36,9,105,2,18,3,"Knox County",470313,9.99334485757357,0.0449591280653951,83.1361242406653,4.25248717343556,7.65447691218401,4.49591280653951
2020-04-06,124,8,124,8,0,0,127,14,1235,54,1362,68,2,3,-2,25,8,96,1,16,3,"Knox County",470313,10.8438422922607,0.0552529182879377,14.4584563896809,1.70099486937423,5.31560896679445,5.52529182879377
2020-04-05,116,4,116,4,0,0,113,10,1181,75,1294,85,0,1,-2,27,6,88,0,15,3,"Knox County",470313,10.6312179335889,0.0626043405676127,18.0730704871011,0.850497434687113,5.74085768413801,6.26043405676127
2020-04-04,112,15,112,15,0,0,103,6,1106,127,1209,133,0,1,4,29,11,82,1,15,2,"Knox County",470313,12.7574615203067,0.0722772277227723,28.2790397033465,3.18936538007667,6.16610640148157,7.22772277227723
2020-04-03,97,4,97,4,0,0,97,3,979,51,1076,54,0,1,-8,25,12,71,1,14,1,"Knox County",470313,12.7574615203067,0.0758547008547008,11.481715368276,0.850497434687113,5.31560896679445,7.58547008547009
2020-04-02,93,7,93,7,0,0,94,7,928,106,1022,113,0,1,NA,33,8,59,0,13,1,"Knox County",470313,14.0332076723374,0.0796277145811789,24.0265525299109,1.48837051070245,7.01660383616868,7.96277145811789
2020-04-01,86,15,86,15,0,0,87,15,822,140,909,155,NA,NA,NA,NA,7,51,1,13,1,"Knox County",470313,15.5215781830398,0.0800800800800801,32.9567755941256,3.18936538007667,NA,8.00800800800801
2020-03-31,71,8,71,8,0,0,72,11,682,58,754,69,NA,NA,NA,NA,12,44,1,12,1,"Knox County",470313,12.9700858789785,0.0974889217134417,14.6710807483527,1.70099486937423,NA,9.74889217134417
2020-03-30,63,13,63,13,0,0,61,15,624,130,685,145,NA,NA,NA,NA,9,32,2,11,1,"Knox County",470313,14.0332076723374,0.0888594164456233,30.8305320074078,2.76411666273312,NA,8.88594164456233
2020-03-29,50,8,50,8,0,0,46,8,494,55,540,63,NA,NA,NA,NA,6,23,1,9,1,"Knox County",470313,14.8837051070245,0.0887978142076503,13.395334596322,1.70099486937423,NA,8.87978142076503
2020-03-28,42,7,42,7,0,0,38,6,439,62,477,68,NA,NA,NA,NA,1,17,1,8,0,"Knox County",470313,13.1827102376502,0.0974512743628186,14.4584563896809,1.48837051070245,NA,9.74512743628186
2020-03-27,35,2,35,2,0,0,32,2,377,54,409,56,NA,NA,NA,NA,5,16,1,7,0,"Knox County",470313,12.7574615203067,0.0956651718983558,11.9069640856196,0.425248717343556,NA,9.56651718983558
2020-03-26,33,7,33,7,0,0,30,7,323,82,353,89,NA,NA,NA,NA,3,11,2,6,0,"Knox County",470313,12.7574615203067,0.0992248062015504,18.9235679217883,1.48837051070245,NA,9.92248062015504
2020-03-25,26,6,26,6,0,0,23,7,241,68,264,75,NA,NA,NA,NA,3,8,1,4,0,"Knox County",470313,10.8438422922607,0.0991150442477876,15.9468269003834,1.27574615203067,NA,9.91150442477876
2020-03-24,20,7,20,7,0,0,16,7,173,43,189,50,NA,NA,NA,NA,2,5,0,3,0,"Knox County",470313,10.6312179335889,0.0952380952380952,10.6312179335889,1.48837051070245,NA,9.52380952380952
2020-03-23,13,4,13,4,0,0,9,4,130,22,139,26,NA,NA,NA,NA,3,3,2,3,0,"Knox County",470313,8.7175987055429,0.0960187353629977,5.52823332546623,0.850497434687113,NA,9.60187353629976
2020-03-22,9,2,9,2,0,0,5,0,108,9,113,9,NA,NA,NA,NA,0,0,1,1,0,"Knox County",470313,7.44185255351224,0.0884718498659517,1.913619228046,0.425248717343556,NA,8.84718498659517
2020-03-21,7,1,7,1,0,0,5,2,99,17,104,19,NA,NA,NA,NA,0,0,0,0,0,"Knox County",470313,6.16610640148157,0.0895061728395062,4.03986281476378,0.212624358671778,NA,8.95061728395062
2020-03-20,6,5,6,5,0,0,3,2,82,38,85,40,NA,NA,NA,NA,0,0,0,0,0,"Knox County",470313,6.8039794774969,0.0941558441558442,8.50497434687113,1.06312179335889,NA,9.41558441558442
2020-03-19,1,0,1,0,0,0,1,0,44,11,45,11,NA,NA,NA,NA,0,0,0,0,0,"Knox County",470313,5.31560896679445,0.0956521739130435,2.33886794538956,0,NA,9.56521739130435
2020-03-18,1,0,1,0,0,0,1,0,33,14,34,14,NA,NA,NA,NA,0,0,0,0,0,"Knox County",470313,4.03986281476378,0.0887573964497041,2.97674102140489,0,NA,8.87573964497041
2020-03-17,1,0,1,0,0,0,1,0,19,5,20,5,NA,NA,NA,NA,0,0,0,0,0,"Knox County",470313,2.55149230406134,0.0645161290322581,1.06312179335889,0,NA,6.45161290322581
2020-03-16,1,1,1,1,0,0,1,1,14,3,15,4,NA,NA,NA,NA,0,0,0,0,0,"Knox County",470313,1.913619228046,0.0490196078431373,0.850497434687113,0.212624358671778,NA,4.90196078431373
2020-03-15,0,0,0,0,0,0,0,0,11,1,11,1,NA,NA,NA,NA,0,0,0,0,0,"Knox County",470313,1.48837051070245,0.0531914893617021,0.212624358671778,0,NA,5.31914893617021
2020-03-14,0,0,0,0,0,0,0,0,10,8,10,8,NA,NA,NA,NA,0,0,0,0,0,"Knox County",470313,1.27574615203067,0.036144578313253,1.70099486937423,0,NA,3.6144578313253
2020-03-13,0,0,0,0,0,0,0,0,2,0,2,0,NA,NA,NA,NA,0,0,0,0,0,"Knox County",470313,0.212624358671778,0.0232558139534884,0,0,NA,2.32558139534884
2020-03-12,0,0,0,0,0,0,0,0,2,2,2,2,NA,NA,NA,NA,0,0,0,0,0,"Knox County",470313,0.212624358671778,0.0294117647058824,0.425248717343556,0,NA,2.94117647058824
2020-03-12,0,0,0,0,0,0,0,0,0,0,0,0,NA,NA,NA,NA,0,0,0,0,0,"Anderson",76978,NA,NA,0,0,NA,NA
2020-03-13,0,0,0,0,0,0,0,0,1,1,1,1,NA,NA,NA,NA,0,0,0,0,0,"Anderson",76978,NA,NA,1.29907246226194,0,NA,NA
2020-03-14,0,0,0,0,0,0,0,0,1,0,1,0,NA,NA,NA,NA,0,0,0,0,0,"Anderson",76978,NA,NA,0,0,NA,NA
2020-03-15,0,0,0,0,0,0,0,0,1,0,1,0,NA,NA,NA,NA,0,0,0,0,0,"Anderson",76978,NA,NA,0,0,NA,NA
2020-03-16,0,0,0,0,0,0,0,0,2,1,2,1,NA,NA,NA,NA,0,0,0,0,0,"Anderson",76978,NA,NA,1.29907246226194,0,NA,NA
2020-03-17,0,0,0,0,0,0,0,0,4,2,4,2,NA,NA,NA,NA,0,0,0,0,0,"Anderson",76978,NA,NA,2.59814492452389,0,NA,NA
2020-03-18,0,0,0,0,0,0,0,0,4,0,4,0,NA,NA,NA,NA,0,0,0,0,0,"Anderson",76978,0,0,0,0,NA,0
2020-03-19,1,1,1,1,0,0,2,2,5,1,7,3,NA,NA,NA,NA,0,0,0,0,0,"Anderson",76978,1.29907246226194,0.285714285714286,3.89721738678583,1.29907246226194,NA,28.5714285714286
2020-03-20,1,0,1,0,0,0,2,0,7,2,9,2,NA,NA,NA,NA,0,0,0,0,0,"Anderson",76978,1.29907246226194,0.25,2.59814492452389,0,NA,25
2020-03-21,1,0,1,0,0,0,2,0,7,0,9,0,NA,NA,NA,NA,0,0,0,0,0,"Anderson",76978,1.29907246226194,0.25,0,0,NA,25
2020-03-22,1,0,1,0,0,0,2,0,10,3,12,3,NA,NA,NA,NA,0,0,0,0,0,"Anderson",76978,1.29907246226194,0.181818181818182,3.89721738678583,0,NA,18.1818181818182
2020-03-23,1,0,1,0,0,0,2,0,15,5,17,5,NA,NA,NA,NA,0,0,0,0,0,"Anderson",76978,1.29907246226194,0.133333333333333,6.49536231130973,0,NA,13.3333333333333
2020-03-24,1,0,1,0,0,0,2,0,20,5,22,5,NA,NA,NA,NA,0,0,0,0,0,"Anderson",76978,1.29907246226194,0.111111111111111,6.49536231130973,0,NA,11.1111111111111
2020-03-25,2,1,2,1,0,0,4,2,29,9,33,11,NA,NA,NA,NA,1,1,0,0,0,"Anderson",76978,2.59814492452389,0.137931034482759,14.2897970848814,1.29907246226194,NA,13.7931034482759
2020-03-26,3,1,3,1,0,0,5,1,44,15,49,16,NA,NA,NA,NA,0,1,1,1,0,"Anderson",76978,2.59814492452389,0.0714285714285714,20.7851593961911,1.29907246226194,NA,7.14285714285714
2020-03-27,4,1,4,1,0,0,6,1,53,9,59,10,NA,NA,NA,NA,3,4,0,1,0,"Anderson",76978,3.89721738678583,0.08,12.9907246226195,1.29907246226194,NA,8
2020-03-28,7,3,7,3,0,0,9,3,72,19,81,22,NA,NA,NA,NA,0,4,1,2,0,"Anderson",76978,7.79443477357167,0.0972222222222222,28.5795941697628,3.89721738678583,NA,9.72222222222222
2020-03-29,7,0,7,0,0,0,9,0,83,11,92,11,NA,NA,NA,NA,0,4,0,2,0,"Anderson",76978,7.79443477357167,0.0875,14.2897970848814,0,NA,8.75
2020-03-30,8,1,8,1,0,0,10,1,127,44,137,45,NA,NA,NA,NA,1,5,0,2,0,"Anderson",76978,9.09350723583361,0.0666666666666667,58.4582608017875,1.29907246226194,NA,6.66666666666667
2020-03-31,9,1,9,1,0,0,11,1,142,15,153,16,NA,NA,NA,NA,1,6,0,2,0,"Anderson",76978,10.3925796980956,0.0687022900763359,20.7851593961911,1.29907246226194,NA,6.87022900763359
2020-04-01,9,0,9,0,0,0,11,0,163,21,174,21,NA,NA,NA,NA,0,6,0,2,0,"Anderson",76978,9.09350723583361,0.049645390070922,27.2805217075008,0,NA,4.9645390070922
2020-04-02,9,0,9,0,0,0,11,0,179,16,190,16,0,0,NA,3,0,6,0,2,0,"Anderson",76978,7.79443477357167,0.0425531914893617,20.7851593961911,0,3.89721738678583,4.25531914893617
2020-04-03,9,0,9,0,0,0,11,0,192,13,203,13,0,0,-2,1,2,8,0,2,0,"Anderson",76978,6.49536231130972,0.0347222222222222,16.8879420094053,0,1.29907246226194,3.47222222222222
2020-04-04,9,0,9,0,0,0,11,0,219,27,230,27,0,0,0,1,0,8,0,2,0,"Anderson",76978,2.59814492452389,0.0134228187919463,35.0749564810725,0,1.29907246226194,1.34228187919463
2020-04-05,9,0,9,0,0,0,11,0,248,29,259,29,0,0,0,1,0,8,0,2,0,"Anderson",76978,2.59814492452389,0.0119760479041916,37.6731014055964,0,1.29907246226194,1.19760479041916
2020-04-06,9,0,9,0,0,0,11,0,262,14,273,14,0,0,-1,0,1,9,0,2,0,"Anderson",76978,1.29907246226194,0.00735294117647059,18.1870144716672,0,0,0.735294117647059
2020-04-07,10,1,10,1,0,0,12,1,304,42,316,43,0,0,1,1,0,9,0,2,0,"Anderson",76978,1.29907246226194,0.00613496932515337,55.8601158772636,1.29907246226194,1.29907246226194,0.613496932515337
2020-04-08,10,0,10,0,0,0,12,0,322,18,334,18,1,1,-1,0,0,9,0,2,1,"Anderson",76978,1.29907246226194,0.00625,23.383304320715,0,0,0.625
2020-04-09,10,0,10,0,0,0,12,0,350,28,362,28,0,1,0,0,0,9,0,2,1,"Anderson",76978,1.29907246226194,0.00581395348837209,36.3740289433345,0,0,0.581395348837209
2020-04-10,10,0,10,0,0,0,12,0,366,16,378,16,0,1,0,0,0,9,0,2,1,"Anderson",76978,1.29907246226194,0.00571428571428571,20.7851593961911,0,0,0.571428571428571
2020-04-11,10,0,10,0,0,0,12,0,439,73,451,73,0,1,0,0,0,9,0,2,1,"Anderson",76978,1.29907246226194,0.00452488687782805,94.832289745122,0,0,0.452488687782805
2020-04-12,12,2,12,2,0,0,14,2,477,38,491,40,0,1,2,2,0,9,0,2,1,"Anderson",76978,3.89721738678583,0.0129310344827586,51.9628984904778,2.59814492452389,2.59814492452389,1.29310344827586
2020-04-13,13,1,13,1,0,0,15,1,514,37,529,38,0,1,0,2,1,10,0,2,1,"Anderson",76978,5.19628984904778,0.015625,49.3647535659539,1.29907246226194,2.59814492452389,1.5625
2020-04-14,13,0,13,0,0,0,15,0,526,12,541,12,0,1,0,2,0,10,0,2,1,"Anderson",76978,3.89721738678583,0.0133333333333333,15.5888695471433,0,2.59814492452389,1.33333333333333
2020-04-15,13,0,13,0,0,0,15,0,544,18,559,18,0,1,-2,0,2,12,0,2,1,"Anderson",76978,3.89721738678583,0.0133333333333333,23.383304320715,0,0,1.33333333333333
2020-04-16,13,0,13,0,0,0,15,0,566,22,581,22,0,1,0,0,0,12,0,2,1,"Anderson",76978,3.89721738678583,0.0136986301369863,28.5795941697628,0,0,1.36986301369863
2020-04-17,13,0,13,0,0,0,15,0,586,20,601,20,0,1,0,0,0,12,0,2,1,"Anderson",76978,3.89721738678583,0.0134529147982063,25.9814492452389,0,0,1.34529147982063
2020-04-18,13,0,13,0,0,0,15,0,616,30,631,30,0,1,0,0,0,12,0,2,1,"Anderson",76978,3.89721738678583,0.0166666666666667,38.9721738678584,0,0,1.66666666666667
2020-04-19,14,1,14,1,0,0,16,1,628,12,644,13,0,1,0,0,1,13,0,2,1,"Anderson",76978,2.59814492452389,0.0130718954248366,16.8879420094053,1.29907246226194,0,1.30718954248366
2020-04-20,19,5,18,4,1,1,19,3,648,20,667,23,0,1,5,5,0,13,0,2,1,"Anderson",76978,7.79443477357167,0.0289855072463768,29.8786666320247,6.49536231130973,6.49536231130973,2.89855072463768
2020-04-21,20,1,19,1,1,0,22,3,1071,423,1093,426,0,1,1,6,0,13,0,2,1,"Anderson",76978,9.09350723583361,0.0126811594202899,553.404868923589,1.29907246226194,7.79443477357167,1.26811594202899
2020-04-22,21,1,20,1,1,0,24,2,1141,70,1165,72,0,1,0,6,1,14,0,2,1,"Anderson",76978,10.3925796980956,0.0148514851485149,93.53321728286,1.29907246226194,7.79443477357167,1.48514851485149
2020-04-23,21,0,20,0,1,0,24,0,1191,50,1215,50,0,1,-1,5,1,15,0,2,1,"Anderson",76978,10.3925796980956,0.0141955835962145,64.9536231130973,0,6.49536231130973,1.41955835962145
2020-04-24,22,1,21,1,1,0,25,1,1299,108,1324,109,0,1,1,6,0,15,0,2,1,"Anderson",76978,11.6916521603575,0.0138312586445367,141.598898386552,1.29907246226194,7.79443477357167,1.38312586445367
2020-04-25,22,0,21,0,1,0,25,0,1336,37,1361,37,0,1,0,6,0,15,0,2,1,"Anderson",76978,11.6916521603575,0.0136986301369863,48.065681103692,0,7.79443477357167,1.36986301369863
2020-04-26,22,0,21,0,1,0,25,0,1372,36,1397,36,0,1,0,6,0,15,0,2,1,"Anderson",76978,10.3925796980956,0.0119521912350598,46.76660864143,0,7.79443477357167,1.19521912350598
2020-04-27,22,0,21,0,1,0,25,0,1411,39,1436,39,0,1,-1,5,1,16,0,2,1,"Anderson",76978,3.89721738678583,0.00780234070221066,50.6638260282159,0,6.49536231130973,0.780234070221066
2020-04-28,22,0,21,0,1,0,25,0,1690,279,1715,279,0,1,0,5,0,16,0,2,1,"Anderson",76978,2.59814492452389,0.00482315112540193,362.441216971083,0,6.49536231130973,0.482315112540193
2020-04-29,26,4,25,4,1,0,28,3,2070,380,2098,383,0,1,4,9,0,16,0,2,1,"Anderson",76978,6.49536231130972,0.00428724544480171,497.544753046325,5.19628984904778,11.6916521603575,0.428724544480171
2020-04-30,26,0,25,0,1,0,29,1,2102,32,2131,33,0,1,-1,8,1,17,0,2,1,"Anderson",76978,6.49536231130972,0.00545851528384279,42.8693912546442,0,10.3925796980956,0.545851528384279
2020-05-01,26,0,25,0,1,0,29,0,2154,52,2183,52,0,1,-2,6,2,19,0,2,1,"Anderson",76978,5.19628984904778,0.00465657741559953,67.5517680376211,0,7.79443477357167,0.465657741559953
2020-05-02,26,0,25,0,1,0,29,0,2221,67,2250,67,0,1,0,6,0,19,0,2,1,"Anderson",76978,5.19628984904778,0.00449943757030371,87.0378549715503,0,7.79443477357167,0.449943757030371
2020-05-03,27,1,26,1,1,0,30,1,2314,93,2344,94,0,1,1,7,0,19,0,2,1,"Anderson",76978,6.49536231130972,0.00527983104540655,122.112811452623,1.29907246226194,9.09350723583361,0.527983104540655
2020-05-04,27,0,26,0,1,0,30,0,2406,92,2436,92,0,1,-1,6,1,20,0,2,1,"Anderson",76978,6.49536231130972,0.005,119.514666528099,0,7.79443477357167,0.5
2020-05-05,28,1,27,1,1,0,30,0,2475,69,2505,69,0,1,-1,5,2,22,0,2,1,"Anderson",76978,7.79443477357167,0.00632911392405063,89.6359998960742,1.29907246226194,6.49536231130973,0.632911392405063
2020-05-06,30,2,29,2,1,0,31,1,2525,50,2556,51,0,1,2,7,0,22,0,2,1,"Anderson",76978,5.19628984904778,0.00655021834061135,66.2526955753592,2.59814492452389,9.09350723583361,0.655021834061135
2020-05-07,30,0,29,0,1,0,33,2,2597,72,2630,74,0,1,-1,6,1,23,0,2,1,"Anderson",76978,5.19628984904778,0.00801603206412826,96.1313622073839,0,7.79443477357167,0.801603206412826
2020-05-08,30,0,29,0,1,0,33,0,2652,55,2685,55,0,1,0,6,0,23,0,2,1,"Anderson",76978,5.19628984904778,0.00796812749003984,71.448985424407,0,7.79443477357167,0.796812749003984
2020-05-09,30,0,29,0,1,0,33,0,2734,82,2767,82,0,1,0,6,0,23,0,2,1,"Anderson",76978,5.19628984904778,0.00773694390715667,106.523941905479,0,7.79443477357167,0.773694390715667
2020-05-10,30,0,29,0,1,0,33,0,2827,93,2860,93,0,1,-3,3,3,26,0,2,1,"Anderson",76978,3.89721738678583,0.00581395348837209,120.813738990361,0,3.89721738678583,0.581395348837209
2020-05-11,32,2,31,2,1,0,33,0,2909,82,2942,82,0,1,2,5,0,26,0,2,1,"Anderson",76978,6.49536231130972,0.00592885375494071,106.523941905479,2.59814492452389,6.49536231130973,0.592885375494071
2020-05-12,33,1,32,1,1,0,35,2,3042,133,3077,135,0,1,1,6,0,26,0,2,1,"Anderson",76978,6.49536231130972,0.00874125874125874,175.374782405363,1.29907246226194,7.79443477357167,0.874125874125874
2020-05-13,35,2,34,2,1,0,38,3,3220,178,3258,181,0,1,1,7,1,27,1,3,1,"Anderson",76978,6.49536231130972,0.00997150997150997,235.132115669412,2.59814492452389,9.09350723583361,0.997150997150997
2020-05-14,35,0,34,0,1,0,39,1,3346,126,3385,127,0,1,-1,6,1,28,0,3,1,"Anderson",76978,6.49536231130972,0.00794701986754967,164.982202707267,0,7.79443477357167,0.794701986754967
2020-05-15,36,1,35,1,1,0,39,0,3417,71,3456,71,0,1,1,7,0,28,0,3,1,"Anderson",76978,7.79443477357167,0.00778210116731518,92.2341448205981,1.29907246226194,9.09350723583361,0.778210116731518
2020-05-16,36,0,35,0,1,0,41,2,3657,240,3698,242,0,1,-1,6,1,29,0,3,1,"Anderson",76978,7.79443477357167,0.00859291084854995,314.375535867391,0,7.79443477357167,0.859291084854995
2020-05-17,36,0,35,0,1,0,41,0,3727,70,3768,70,0,1,0,6,0,29,0,3,1,"Anderson",76978,7.79443477357167,0.00881057268722467,90.9350723583361,0,7.79443477357167,0.881057268722467
2020-05-18,37,1,36,1,1,0,42,1,3804,77,3846,78,0,1,-2,4,3,32,0,3,1,"Anderson",76978,6.49536231130972,0.00995575221238938,101.327652056432,1.29907246226194,5.19628984904778,0.995575221238938
2020-05-19,37,0,36,0,1,0,42,0,3856,52,3898,52,0,1,0,4,0,32,0,3,1,"Anderson",76978,5.19628984904778,0.00852618757612668,67.5517680376211,0,5.19628984904778,0.852618757612667
2020-05-20,37,0,36,0,1,0,43,1,3921,65,3964,66,0,1,0,4,0,32,0,3,1,"Anderson",76978,2.59814492452389,0.00708215297450425,85.7387825092884,0,5.19628984904778,0.708215297450425
2020-05-21,37,0,36,0,1,0,44,1,4001,80,4045,81,0,1,-1,3,1,33,0,3,1,"Anderson",76978,2.59814492452389,0.00757575757575758,105.224869443218,0,3.89721738678583,0.757575757575758
2020-05-22,38,1,37,1,1,0,45,1,4029,28,4074,29,0,1,-1,2,2,35,1,4,1,"Anderson",76978,2.59814492452389,0.00970873786407767,37.6731014055964,1.29907246226194,2.59814492452389,0.970873786407767
2020-05-23,38,0,37,0,1,0,46,1,4192,163,4238,164,0,1,0,2,0,35,0,4,1,"Anderson",76978,2.59814492452389,0.00925925925925926,213.047883810959,0,2.59814492452389,0.925925925925926
2020-05-24,38,0,37,0,1,0,46,0,4247,55,4293,55,0,1,0,2,0,35,0,4,1,"Anderson",76978,2.59814492452389,0.00952380952380952,71.448985424407,0,2.59814492452389,0.952380952380952
2020-05-25,38,0,37,0,1,0,47,1,4281,34,4328,35,0,1,0,2,0,35,0,4,1,"Anderson",76978,1.29907246226194,0.0103734439834025,45.4675361791681,0,2.59814492452389,1.03734439834025
2020-05-26,38,0,37,0,1,0,47,0,4412,131,4459,131,0,1,-1,1,1,36,0,4,1,"Anderson",76978,1.29907246226194,0.0089126559714795,170.178492556315,0,1.29907246226194,0.89126559714795
2020-05-27,38,0,37,0,1,0,47,0,4515,103,4562,103,0,1,0,1,0,36,0,4,1,"Anderson",76978,1.29907246226194,0.00668896321070234,133.80446361298,0,1.29907246226194,0.668896321070234
2020-05-28,38,0,37,0,1,0,47,0,4563,48,4610,48,0,1,0,1,0,36,0,4,1,"Anderson",76978,1.29907246226194,0.00530973451327434,62.3554781885734,0,1.29907246226194,0.530973451327434
2020-05-29,39,1,38,1,1,0,47,0,4613,50,4660,50,0,1,0,1,1,37,0,4,1,"Anderson",76978,1.29907246226194,0.00341296928327645,64.9536231130973,1.29907246226194,1.29907246226194,0.341296928327645
2020-05-30,39,0,38,0,1,0,48,1,4665,52,4713,53,0,1,0,1,0,37,0,4,1,"Anderson",76978,1.29907246226194,0.00421052631578947,68.8508404998831,0,1.29907246226194,0.421052631578947
2020-05-31,40,1,39,1,1,0,49,1,4731,66,4780,67,0,1,1,2,0,37,0,4,1,"Anderson",76978,2.59814492452389,0.00616016427104723,87.0378549715503,1.29907246226194,2.59814492452389,0.616016427104723
2020-06-01,40,0,39,0,1,0,49,0,4855,124,4904,124,0,1,0,2,0,37,0,4,1,"Anderson",76978,2.59814492452389,0.00347222222222222,161.084985320481,0,2.59814492452389,0.347222222222222
2020-06-02,40,0,39,0,1,0,49,0,4982,127,5031,127,0,1,0,2,0,37,0,4,1,"Anderson",76978,2.59814492452389,0.0034965034965035,164.982202707267,0,2.59814492452389,0.34965034965035
2020-06-03,41,1,40,1,1,0,50,1,5042,60,5092,61,0,1,1,3,0,37,0,4,2,"Anderson",76978,3.89721738678583,0.00566037735849057,79.2434201979787,1.29907246226194,3.89721738678583,0.566037735849057
2020-06-04,41,0,40,0,1,0,50,0,5090,48,5140,48,1,2,-2,1,1,38,0,4,2,"Anderson",76978,3.89721738678583,0.00566037735849057,62.3554781885734,0,1.29907246226194,0.566037735849057
2020-06-05,42,1,41,1,1,0,53,3,5147,57,5200,60,0,2,1,2,0,38,0,4,2,"Anderson",76978,3.89721738678583,0.0111111111111111,77.9443477357167,1.29907246226194,2.59814492452389,1.11111111111111
2020-06-06,43,1,42,1,1,0,54,1,5200,53,5254,54,0,2,1,3,0,38,0,4,2,"Anderson",76978,5.19628984904778,0.011090573012939,70.149912962145,1.29907246226194,3.89721738678583,1.1090573012939
2020-06-07,45,2,43,1,2,1,57,3,5295,95,5352,98,0,2,2,5,0,38,0,4,2,"Anderson",76978,6.49536231130972,0.013986013986014,127.309101301671,2.59814492452389,6.49536231130973,1.3986013986014
2020-06-08,46,1,44,1,2,0,57,0,5336,41,5393,41,0,2,1,6,0,38,0,4,2,"Anderson",76978,7.79443477357167,0.016359918200409,53.2619709527397,1.29907246226194,7.79443477357167,1.6359918200409
2020-06-09,47,1,45,1,2,0,60,3,5517,181,5577,184,0,2,1,7,0,38,0,4,2,"Anderson",76978,9.09350723583361,0.0201465201465201,239.029333056198,1.29907246226194,9.09350723583361,2.01465201465201
2020-06-10,52,5,50,5,2,0,63,3,5725,208,5788,211,0,2,2,9,3,41,0,4,2,"Anderson",76978,14.2897970848814,0.0186781609195402,274.10428953727,6.49536231130973,11.6916521603575,1.86781609195402
2020-06-11,55,3,53,3,2,0,66,3,5870,145,5936,148,0,2,2,11,1,42,1,5,2,"Anderson",76978,18.1870144716672,0.0201005025125628,192.262724414768,3.89721738678583,14.2897970848814,2.01005025125628
2020-06-12,57,2,55,2,2,0,70,4,5952,82,6022,86,0,2,2,13,0,42,0,5,2,"Anderson",76978,19.4860869339292,0.0206812652068127,111.720231754527,2.59814492452389,16.8879420094053,2.06812652068127
2020-06-13,58,1,55,0,3,1,70,0,5995,43,6065,43,0,2,0,13,1,43,0,5,2,"Anderson",76978,19.4860869339292,0.0197287299630086,55.8601158772636,1.29907246226194,16.8879420094053,1.97287299630086
2020-06-14,60,2,57,2,3,0,70,0,6170,175,6240,175,0,2,1,14,1,44,1,6,2,"Anderson",76978,19.4860869339292,0.0146396396396396,227.33768089584,2.59814492452389,18.1870144716672,1.46396396396396
2020-06-15,60,0,57,0,3,0,71,1,6228,58,6299,59,0,2,0,14,0,44,0,6,2,"Anderson",76978,18.1870144716672,0.0154525386313466,76.6452752734548,0,18.1870144716672,1.54525386313466
2020-06-16,64,4,61,4,3,0,75,4,6289,61,6364,65,0,2,3,17,1,45,0,6,2,"Anderson",76978,22.0842318584531,0.0190597204574333,84.4397100470264,5.19628984904778,22.0842318584531,1.90597204574333
2020-06-17,66,2,63,2,3,0,79,4,6327,38,6406,42,0,2,0,17,2,47,0,6,2,"Anderson",76978,18.1870144716672,0.0258899676375405,54.5610434150017,2.59814492452389,22.0842318584531,2.58899676375405
2020-06-18,70,4,67,4,3,0,84,5,6457,130,6541,135,0,2,2,19,2,49,0,6,2,"Anderson",76978,19.4860869339292,0.0297520661157025,175.374782405363,5.19628984904778,24.682376782977,2.97520661157025
2020-06-19,72,2,69,2,3,0,86,2,6522,65,6608,67,0,2,0,19,2,51,0,6,2,"Anderson",76978,19.4860869339292,0.0273037542662116,87.0378549715503,2.59814492452389,24.682376782977,2.73037542662116
2020-06-20,73,1,70,1,3,0,87,1,6560,38,6647,39,0,2,-1,18,2,53,0,6,2,"Anderson",76978,19.4860869339292,0.0292096219931271,50.6638260282159,1.29907246226194,23.383304320715,2.92096219931271
2020-06-21,74,1,71,1,3,0,88,1,6620,60,6708,61,0,2,-1,17,2,55,0,6,2,"Anderson",76978,18.1870144716672,0.0384615384615385,79.2434201979787,1.29907246226194,22.0842318584531,3.84615384615385
2020-06-22,76,2,73,2,3,0,90,2,6712,92,6802,94,0,2,0,17,2,57,1,7,2,"Anderson",76978,20.7851593961911,0.0377733598409543,122.112811452623,2.59814492452389,22.0842318584531,3.77733598409543
2020-06-23,76,0,73,0,3,0,90,0,6801,89,6891,89,0,2,-1,16,1,58,0,7,2,"Anderson",76978,15.5888695471433,0.0284629981024668,115.617449141313,0,20.7851593961911,2.84629981024668
2020-06-24,77,1,74,1,3,0,91,1,6832,31,6923,32,0,2,-2,14,3,61,0,7,2,"Anderson",76978,14.2897970848814,0.02321083172147,41.5703187923822,1.29907246226194,18.1870144716672,2.321083172147
2020-06-25,81,4,78,4,3,0,92,1,6945,113,7037,114,0,2,0,14,4,65,0,7,2,"Anderson",76978,14.2897970848814,0.0161290322580645,148.094260697862,5.19628984904778,18.1870144716672,1.61290322580645
2020-06-26,86,5,83,5,3,0,98,6,6973,28,7071,34,0,2,3,17,2,67,0,7,2,"Anderson",76978,18.1870144716672,0.0259179265658747,44.1684637169061,6.49536231130973,22.0842318584531,2.59179265658747
2020-06-27,87,1,83,0,4,1,98,0,6985,12,7083,12,0,2,-4,13,5,72,0,7,2,"Anderson",76978,18.1870144716672,0.0252293577981651,15.5888695471433,1.29907246226194,16.8879420094053,2.52293577981651
2020-06-28,91,4,87,4,4,0,106,8,7094,109,7200,117,0,2,3,16,1,73,0,7,2,"Anderson",76978,22.0842318584531,0.0365853658536585,151.991478084648,5.19628984904778,20.7851593961911,3.65853658536585
2020-06-29,97,6,92,5,5,1,114,8,7316,222,7430,230,0,2,3,19,3,76,1,8,2,"Anderson",76978,27.2805217075008,0.0382165605095541,298.786666320247,7.79443477357167,24.682376782977,3.82165605095541
2020-06-30,102,5,96,4,6,1,120,6,7480,164,7600,170,0,2,2,21,3,79,0,8,2,"Anderson",76978,33.7758840188106,0.0423131170662905,220.842318584531,6.49536231130973,27.2805217075008,4.23131170662905
2020-07-01,104,2,98,2,6,0,124,4,7601,121,7725,125,0,2,-2,19,4,83,0,8,2,"Anderson",76978,35.0749564810725,0.0411471321695761,162.384057782743,2.59814492452389,24.682376782977,4.11471321695761
2020-07-02,110,6,104,6,6,0,130,6,7840,239,7970,245,0,2,4,23,2,85,0,8,2,"Anderson",76978,37.6731014055964,0.0407288317256163,318.272753254177,7.79443477357167,29.8786666320247,4.07288317256163
2020-07-03,120,10,113,9,7,1,142,12,7965,125,8107,137,0,2,7,30,3,88,0,8,2,"Anderson",76978,44.1684637169061,0.0424710424710425,177.972927329886,12.9907246226195,38.9721738678584,4.24710424710425
2020-07-04,131,11,124,11,7,0,156,14,8149,184,8305,198,0,2,8,38,3,91,2,10,2,"Anderson",76978,57.1591883395256,0.0474631751227496,257.216347527865,14.2897970848814,49.3647535659539,4.74631751227496
2020-07-05,140,9,133,9,7,0,169,13,8305,156,8474,169,0,2,8,46,1,92,1,11,2,"Anderson",76978,63.6545506508353,0.0494505494505494,219.543246122269,11.6916521603575,59.7573332640495,4.94505494505495
2020-07-06,141,1,134,1,7,0,170,1,8332,27,8502,28,0,2,-4,42,5,97,0,11,2,"Anderson",76978,57.1591883395256,0.0522388059701493,36.3740289433345,1.29907246226194,54.5610434150017,5.22388059701492
2020-07-07,157,16,150,16,7,0,190,20,8565,233,8755,253,0,2,12,54,4,101,0,11,2,"Anderson",76978,71.448985424407,0.0606060606060606,328.665332952272,20.7851593961911,70.149912962145,6.06060606060606
2020-07-08,173,16,165,15,8,1,206,16,8705,140,8911,156,0,2,10,64,6,107,0,11,2,"Anderson",76978,89.6359998960742,0.0691399662731872,202.655304112863,20.7851593961911,83.1406375847645,6.91399662731872
2020-07-09,187,14,179,14,8,0,220,14,8973,268,9193,282,0,2,11,75,3,110,0,11,2,"Anderson",76978,100.02857959417,0.0735895339329518,366.338434357868,18.1870144716672,97.4304346696459,7.35895339329518
2020-07-10,193,6,185,6,8,0,227,7,9003,30,9230,37,0,2,1,76,5,115,1,12,2,"Anderson",76978,94.832289745122,0.0756901157613535,48.065681103692,7.79443477357167,98.7295071319078,7.56901157613535
2020-07-11,201,8,193,8,8,0,235,8,9172,169,9407,177,0,2,1,77,7,122,1,13,2,"Anderson",76978,90.9350723583361,0.0716878402903811,229.935825820364,10.3925796980956,100.02857959417,7.16878402903811
2020-07-12,212,11,204,11,8,0,248,13,9355,183,9603,196,0,2,6,83,5,127,0,13,2,"Anderson",76978,93.53321728286,0.0699734278122232,254.618202603341,14.2897970848814,107.823014367741,6.99734278122232
2020-07-13,218,6,209,5,9,1,255,7,9394,39,9649,46,0,2,-6,77,12,139,2,15,2,"Anderson",76978,100.02857959417,0.0741063644289451,59.7573332640495,7.79443477357167,100.02857959417,7.41063644289451
2020-07-14,229,11,219,10,10,1,266,11,9534,140,9800,151,0,2,0,77,11,150,0,15,2,"Anderson",76978,93.53321728286,0.0727272727272727,196.159941801554,14.2897970848814,100.02857959417,7.27272727272727
2020-07-15,245,16,234,15,11,1,285,19,9636,102,9921,121,0,2,0,77,16,166,0,15,2,"Anderson",76978,93.53321728286,0.0782178217821782,157.187767933695,20.7851593961911,100.02857959417,7.82178217821782
2020-07-16,263,18,252,18,11,0,308,23,9925,289,10233,312,0,2,4,81,14,180,1,16,2,"Anderson",76978,98.7295071319078,0.0846153846153846,405.310608225727,23.383304320715,105.224869443218,8.46153846153846
2020-07-17,270,7,259,7,11,0,317,9,9996,71,10313,80,0,2,-8,73,15,195,1,17,3,"Anderson",76978,100.02857959417,0.0831024930747922,103.925796980956,9.09350723583361,94.832289745122,8.31024930747922
2020-07-18,277,7,266,7,11,0,328,11,10210,214,10538,225,0,2,-4,69,11,206,0,17,3,"Anderson",76978,98.7295071319078,0.0822281167108753,292.291304008938,9.09350723583361,89.6359998960742,8.22281167108753
2020-07-19,285,8,274,8,11,0,337,9,10291,81,10628,90,0,2,-5,64,13,219,2,19,3,"Anderson",76978,94.832289745122,0.0868292682926829,116.916521603575,10.3925796980956,83.1406375847645,8.68292682926829
2020-07-20,313,28,302,28,11,0,367,30,10460,169,10827,199,1,3,9,73,18,237,0,19,3,"Anderson",76978,123.411883914885,0.0950764006791171,258.515419990127,36.3740289433345,94.832289745122,9.50764006791171
2020-07-21,336,23,324,22,12,1,391,24,10752,292,11143,316,0,3,12,85,11,248,1,20,3,"Anderson",76978,139.000753462028,0.0930752047654505,410.506898074775,29.8786666320247,110.421159292265,9.30752047654505
2020-07-22,365,29,352,28,13,1,424,33,10887,135,11311,168,0,3,13,98,16,264,0,20,3,"Anderson",76978,155.888695471433,0.1,218.244173660007,37.6731014055964,127.309101301671,10
2020-07-23,388,23,375,23,13,0,455,31,11314,427,11769,458,0,3,9,107,14,278,2,22,3,"Anderson",76978,162.384057782743,0.095703125,594.975187715971,29.8786666320247,139.000753462028,9.5703125
2020-07-24,394,6,381,6,13,0,463,8,11426,112,11889,120,0,3,-16,91,22,300,0,22,4,"Anderson",76978,161.084985320481,0.0926395939086294,155.888695471433,7.79443477357167,118.215594065837,9.26395939086294
2020-07-25,426,32,412,31,14,1,499,36,11683,257,12182,293,1,4,26,117,5,305,1,23,4,"Anderson",76978,193.56179687703,0.104014598540146,380.62823144275,41.5703187923822,151.991478084648,10.4014598540146
2020-07-26,465,39,450,38,15,1,541,42,12086,403,12627,445,0,4,31,148,8,313,2,25,4,"Anderson",76978,233.83304320715,0.102051025512756,578.087245706565,50.6638260282159,192.262724414768,10.2051025512756
2020-07-27,483,18,467,17,16,1,562,21,12266,180,12828,201,0,4,-19,129,37,350,1,26,4,"Anderson",76978,220.842318584531,0.0974512743628186,261.113564914651,23.383304320715,167.580347631791,9.74512743628186
2020-07-28,523,40,507,40,16,0,608,46,12646,380,13254,426,0,4,24,153,16,366,1,27,5,"Anderson",76978,242.926550442984,0.10279488394126,553.404868923589,51.9628984904778,198.758086726078,10.279488394126
2020-07-29,527,4,511,4,16,0,612,4,12682,36,13294,40,1,5,-15,138,18,384,0,27,5,"Anderson",76978,210.449738886435,0.0948058497226425,51.9628984904778,5.19628984904778,179.271999792148,9.48058497226425
2020-07-30,564,37,548,37,16,0,665,53,13167,485,13832,538,0,5,20,158,17,401,0,27,5,"Anderson",76978,228.636753358102,0.101793504604944,698.900984696926,48.065681103692,205.253449037387,10.1793504604944
2020-07-31,576,12,560,12,16,0,679,14,13349,182,14028,196,0,5,-8,150,20,421,0,27,5,"Anderson",76978,236.431188131674,0.100981767180926,254.618202603341,15.5888695471433,194.860869339292,10.0981767180926
2020-08-01,599,23,583,23,16,0,704,25,13758,409,14462,434,0,5,17,167,6,427,1,28,5,"Anderson",76978,224.739535971316,0.0899122807017544,563.797448621684,29.8786666320247,216.945101197745,8.99122807017544
2020-08-02,606,7,590,7,16,0,711,7,13886,128,14597,135,0,5,2,169,5,432,1,29,6,"Anderson",76978,183.169217178934,0.0862944162436548,175.374782405363,9.09350723583361,219.543246122269,8.62944162436548
2020-08-03,631,25,614,24,17,1,742,31,14113,227,14855,258,0,5,14,183,11,443,0,29,6,"Anderson",76978,192.262724414768,0.0888011840157869,335.160695263582,32.4768115565486,237.730260593936,8.88011840157869
2020-08-04,638,7,621,7,17,0,750,8,14356,243,15106,251,2,7,-19,164,24,467,0,29,6,"Anderson",76978,149.393333160124,0.0766738660907127,326.067188027748,9.09350723583361,213.047883810959,7.66738660907127
2020-08-05,653,15,636,15,17,0,769,19,14565,209,15334,228,-1,6,-1,163,17,484,0,29,6,"Anderson",76978,163.683130245005,0.0769607843137255,296.188521395723,19.4860869339292,211.748811348697,7.69607843137255
2020-08-06,675,22,658,22,17,0,799,30,14886,321,15685,351,0,6,3,166,19,503,1,30,6,"Anderson",76978,144.197043311076,0.0723151645979493,455.974434253943,28.5795941697628,215.646028735483,7.23151645979493
2020-08-07,679,4,662,4,17,0,803,4,14967,81,15770,85,0,6,-21,145,25,528,0,30,6,"Anderson",76978,133.80446361298,0.0711825487944891,110.421159292265,5.19628984904778,188.365507027982,7.11825487944891
2020-08-08,690,11,673,11,17,0,819,16,15287,320,16106,336,0,6,1,146,10,538,0,30,6,"Anderson",76978,118.215594065837,0.0699513381995134,436.488347320014,14.2897970848814,189.664579490244,6.99513381995134
2020-08-09,697,7,680,7,17,0,828,9,15424,137,16252,146,0,6,-9,137,16,554,0,30,6,"Anderson",76978,118.215594065837,0.0706948640483384,189.664579490244,9.09350723583361,177.972927329886,7.06948640483384
2020-08-10,702,5,685,5,17,0,834,6,15563,139,16397,145,0,6,-11,126,16,570,0,30,6,"Anderson",76978,92.2341448205981,0.059662775616083,188.365507027982,6.49536231130973,163.683130245005,5.9662775616083
2020-08-11,723,21,706,21,17,0,856,22,15766,203,16622,225,0,6,9,135,12,582,1,31,6,"Anderson",76978,110.421159292265,0.0699208443271768,292.291304008938,27.2805217075008,175.374782405363,6.99208443271768
2020-08-12,731,8,714,8,17,0,864,8,16006,240,16870,248,0,6,-8,127,16,598,0,31,6,"Anderson",76978,101.327652056432,0.0618489583333333,322.169970640962,10.3925796980956,164.982202707267,6.18489583333333
2020-08-13,749,18,732,18,17,0,888,24,16234,228,17122,252,1,7,3,130,14,612,2,33,6,"Anderson",76978,96.1313622073839,0.0619345859429367,327.36626049001,23.383304320715,168.879420094053,6.19345859429367
2020-08-14,766,17,748,16,18,1,910,22,16563,329,17473,351,0,7,-9,121,26,638,0,33,6,"Anderson",76978,113.019304216789,0.0628302994715208,455.974434253943,22.0842318584531,157.187767933695,6.28302994715208
2020-08-15,776,10,758,10,18,0,922,12,16786,223,17708,235,-1,6,5,126,6,644,0,33,6,"Anderson",76978,111.720231754527,0.0642946317103621,305.282028631557,12.9907246226195,163.683130245005,6.4294631710362
2020-08-16,788,12,770,12,18,0,936,14,16928,142,17864,156,0,6,7,133,5,649,0,33,7,"Anderson",76978,118.215594065837,0.0669975186104218,202.655304112863,15.5888695471433,172.776637480839,6.69975186104218
2020-08-17,792,4,774,4,18,0,939,3,16971,43,17910,46,0,6,-13,120,17,666,0,33,7,"Anderson",76978,116.916521603575,0.069398545935228,59.7573332640495,5.19628984904778,155.888695471433,6.9398545935228
2020-08-18,806,14,788,14,18,0,956,17,17135,164,18091,181,0,6,5,125,9,675,0,33,7,"Anderson",76978,107.823014367741,0.068073519400953,235.132115669412,18.1870144716672,162.384057782743,6.8073519400953
2020-08-19,820,14,802,14,18,0,970,14,17309,174,18279,188,0,6,0,125,14,689,0,33,7,"Anderson",76978,115.617449141313,0.0752306600425834,244.225622905246,18.1870144716672,162.384057782743,7.52306600425834
2020-08-20,835,15,817,15,18,0,986,16,17751,442,18737,458,0,6,5,130,10,699,0,33,8,"Anderson",76978,111.720231754527,0.0606811145510836,594.975187715971,19.4860869339292,168.879420094053,6.06811145510836
2020-08-21,838,3,820,3,18,0,989,3,17787,36,18776,39,1,7,-7,123,9,708,0,33,8,"Anderson",76978,93.53321728286,0.0606293169608596,50.6638260282159,3.89721738678583,159.785912858219,6.06293169608596
2020-08-22,856,18,838,18,18,0,1008,19,18331,544,19339,563,1,8,10,133,7,715,1,34,8,"Anderson",76978,103.925796980956,0.052728387492336,731.377796253475,23.383304320715,172.776637480839,5.2728387492336
2020-08-23,857,1,839,1,18,0,1009,1,18415,84,19424,85,0,8,-5,128,6,721,0,34,8,"Anderson",76978,89.6359998960742,0.0467948717948718,110.421159292265,1.29907246226194,166.281275169529,4.67948717948718
2020-08-24,858,1,839,0,19,1,1009,0,18454,39,19463,39,0,8,-19,109,20,741,0,34,8,"Anderson",76978,85.7387825092884,0.0450740502253702,50.6638260282159,1.29907246226194,141.598898386552,4.50740502253703
2020-08-25,866,8,847,8,19,0,1017,8,18606,152,19623,160,0,8,-2,107,10,751,1,35,8,"Anderson",76978,77.9443477357167,0.0398172323759791,207.851593961911,10.3925796980956,139.000753462028,3.98172323759791
2020-08-26,872,6,853,6,19,0,1023,6,18786,180,19809,186,0,8,-14,93,20,771,0,35,8,"Anderson",76978,67.5517680376211,0.034640522875817,241.627477980722,7.79443477357167,120.813738990361,3.4640522875817
2020-08-27,875,3,856,3,19,0,1026,3,19197,411,20223,414,0,8,-16,77,19,790,0,35,8,"Anderson",76978,51.9628984904778,0.0269179004037685,537.815999376445,3.89721738678583,100.02857959417,2.69179004037685
2020-08-28,875,0,856,0,19,0,1026,0,19235,38,20261,38,0,8,-20,57,20,810,0,35,8,"Anderson",76978,48.065681103692,0.0249158249158249,49.3647535659539,0,74.0471303489309,2.49158249158249
2020-08-29,884,9,864,8,20,1,1034,8,19497,262,20531,270,0,8,3,60,6,816,0,35,8,"Anderson",76978,36.3740289433345,0.0218120805369128,350.749564810725,11.6916521603575,77.9443477357167,2.18120805369128
2020-08-30,900,16,880,16,20,0,1050,16,19580,83,20630,99,0,8,8,68,8,824,0,35,8,"Anderson",76978,55.8601158772636,0.0339966832504146,128.608173763933,20.7851593961911,88.3369274338123,3.39966832504146
2020-08-31,902,2,882,2,20,0,1052,2,19638,58,20690,60,0,8,-15,53,17,841,0,35,8,"Anderson",76978,57.1591883395256,0.0350448247758761,77.9443477357167,2.59814492452389,68.8508404998831,3.50448247758761
2020-09-01,909,7,888,6,21,1,1058,6,19749,111,20807,117,0,8,0,53,7,848,0,35,8,"Anderson",76978,55.8601158772636,0.0346283783783784,151.991478084648,9.09350723583361,68.8508404998831,3.46283783783784
2020-09-02,917,8,894,6,23,2,1068,10,20065,316,21133,326,0,8,5,58,3,851,0,35,8,"Anderson",76978,58.4582608017875,0.033987915407855,423.497622697394,10.3925796980956,75.3462028111928,3.3987915407855
2020-09-03,933,16,908,14,25,2,1084,16,20389,324,21473,340,0,8,10,68,6,857,0,35,9,"Anderson",76978,75.3462028111928,0.0464,441.684637169061,20.7851593961911,88.3369274338123,4.64
2020-09-04,942,9,916,8,26,1,1094,10,20578,189,21672,199,0,8,6,74,3,860,0,35,9,"Anderson",76978,87.0378549715503,0.0481927710843374,258.515419990127,11.6916521603575,96.1313622073839,4.81927710843374
2020-09-05,961,19,935,19,26,0,1115,21,20847,269,21962,290,0,8,16,90,3,863,1,36,10,"Anderson",76978,100.02857959417,0.0566037735849057,376.731014055964,24.682376782977,116.916521603575,5.66037735849057
2020-09-06,963,2,937,2,26,0,1117,2,20903,56,22020,58,0,8,-1,89,3,866,0,36,10,"Anderson",76978,81.8415651225025,0.0482014388489209,75.3462028111928,2.59814492452389,115.617449141313,4.82014388489209
2020-09-07,966,3,940,3,26,0,1122,5,20991,88,22113,93,0,8,-8,81,11,877,0,36,10,"Anderson",76978,83.1406375847645,0.0491918482080112,120.813738990361,3.89721738678583,105.224869443218,4.91918482080112
2020-09-08,975,9,943,3,32,6,1126,4,21166,175,22292,179,1,9,4,85,4,881,0,36,10,"Anderson",76978,85.7387825092884,0.0457912457912458,232.533970744888,11.6916521603575,110.421159292265,4.57912457912458
2020-09-09,984,9,952,9,32,0,1135,9,21407,241,22542,250,0,9,-3,82,12,893,1,37,11,"Anderson",76978,87.0378549715503,0.0475514549325763,324.768115565486,11.6916521603575,106.523941905479,4.75514549325763
2020-09-10,1013,29,980,28,33,1,1165,30,21776,369,22941,399,1,10,25,107,3,896,0,37,11,"Anderson",76978,103.925796980956,0.0551771117166213,518.329912442516,37.6731014055964,139.000753462028,5.51771117166213
2020-09-11,1014,1,981,1,33,0,1167,2,21909,133,23076,135,0,10,-13,94,14,910,0,37,11,"Anderson",76978,93.53321728286,0.051994301994302,175.374782405363,1.29907246226194,122.112811452623,5.1994301994302
2020-09-12,1017,3,984,3,33,0,1172,5,22051,142,23223,147,0,10,-5,89,8,918,0,37,11,"Anderson",76978,72.7480578866689,0.0452022204599524,190.963651952506,3.89721738678583,115.617449141313,4.52022204599524
2020-09-13,1038,21,1004,20,34,1,1193,21,22295,244,23488,265,0,10,16,105,5,923,1,38,11,"Anderson",76978,97.4304346696459,0.0517711171662125,344.254202499415,27.2805217075008,136.402608537504,5.17711171662125
2020-09-14,1044,6,1009,5,35,1,1199,6,22401,106,23600,112,0,10,-7,98,13,936,1,39,11,"Anderson",76978,101.327652056432,0.0517821116341627,145.496115773338,7.79443477357167,127.309101301671,5.17821116341627
2020-09-15,1060,16,1025,16,35,0,1216,17,22641,240,23857,257,1,11,5,103,10,946,1,40,12,"Anderson",76978,110.421159292265,0.0575079872204473,333.86162280132,20.7851593961911,133.80446361298,5.75079872204473
2020-09-16,1068,8,1033,8,35,0,1228,12,22777,136,24005,148,0,11,-5,98,13,959,0,40,12,"Anderson",76978,109.122086830003,0.063568010936432,192.262724414768,10.3925796980956,127.309101301671,6.3568010936432
2020-09-17,1090,22,1053,20,37,2,1248,20,23198,421,24446,441,0,11,15,113,7,966,1,41,12,"Anderson",76978,100.02857959417,0.0551495016611296,572.890955857518,28.5795941697628,146.7951882356,5.51495016611296
2020-09-18,1109,19,1072,19,37,0,1266,18,23422,224,24688,242,0,11,6,119,13,979,0,41,12,"Anderson",76978,123.411883914885,0.0614143920595533,314.375535867391,24.682376782977,154.589623009171,6.14143920595533
2020-09-19,1124,15,1087,15,37,0,1287,21,23704,282,24991,303,0,11,9,128,6,985,1,42,12,"Anderson",76978,139.000753462028,0.0650452488687783,393.618956065369,19.4860869339292,166.281275169529,6.50452488687783
2020-09-20,1131,7,1094,7,37,0,1297,10,23856,152,25153,162,0,11,0,128,7,992,0,42,13,"Anderson",76978,120.813738990361,0.0624624624624625,210.449738886435,9.09350723583361,166.281275169529,6.24624624624625
2020-09-21,1133,2,1096,2,37,0,1299,2,23889,33,25188,35,0,11,-6,122,8,1000,0,42,13,"Anderson",76978,115.617449141313,0.0629722921914358,45.4675361791681,2.59814492452389,158.486840395957,6.29722921914358
2020-09-22,1147,14,1110,14,37,0,1316,17,24137,248,25453,265,0,11,0,122,14,1014,1,43,13,"Anderson",76978,113.019304216789,0.06265664160401,344.254202499415,18.1870144716672,158.486840395957,6.265664160401
2020-09-23,1147,0,1110,0,37,0,1316,0,24178,41,25494,41,0,11,-12,110,12,1026,0,43,13,"Anderson",76978,102.626724518694,0.0591000671591672,53.2619709527397,0,142.897970848814,5.91000671591672
2020-09-24,1160,13,1123,13,37,0,1331,15,24502,324,25833,339,1,12,0,110,12,1038,0,43,13,"Anderson",76978,90.9350723583361,0.0598413842826244,440.385564706799,16.8879420094053,142.897970848814,5.98413842826244
2020-09-25,1174,14,1136,13,38,1,1344,13,24738,236,26082,249,1,13,-2,108,15,1053,0,43,13,"Anderson",76978,84.4397100470264,0.0559540889526542,323.469043103224,18.1870144716672,140.29982592429,5.59540889526542
2020-09-26,1188,14,1150,14,38,0,1361,17,25038,300,26399,317,0,13,8,116,6,1059,0,43,13,"Anderson",76978,83.1406375847645,0.0525568181818182,411.805970537037,18.1870144716672,150.692405622386,5.25568181818182
2020-09-27,1207,19,1167,17,40,2,1377,16,25245,207,26622,223,0,13,12,128,7,1066,0,43,13,"Anderson",76978,98.7295071319078,0.0544588155207624,289.693159084414,24.682376782977,166.281275169529,5.44588155207624
2020-09-28,1210,3,1169,2,41,1,1379,2,25282,37,26661,39,0,13,-9,119,12,1078,0,43,13,"Anderson",76978,100.02857959417,0.0543109300746775,50.6638260282159,3.89721738678583,154.589623009171,5.43109300746775
2020-09-29,1221,11,1179,10,42,1,1389,10,25576,294,26965,304,0,13,-7,112,18,1096,0,43,13,"Anderson",76978,96.1313622073839,0.0482804232804233,394.918028527631,14.2897970848814,145.496115773338,4.82804232804233
2020-09-30,1233,12,1189,10,44,2,1399,10,25642,66,27041,76,0,13,3,115,9,1105,0,43,13,"Anderson",76978,111.720231754527,0.0536522301228184,98.7295071319078,15.5888695471433,149.393333160124,5.36522301228184
2020-10-01,1249,16,1203,14,46,2,1414,15,25922,280,27336,295,0,13,4,119,12,1117,0,43,13,"Anderson",76978,115.617449141313,0.0552228875582169,383.226376367274,20.7851593961911,154.589623009171,5.52228875582169
2020-10-02,1256,7,1209,6,47,1,1421,7,26004,82,27425,89,0,13,1,120,6,1123,0,43,13,"Anderson",76978,106.523941905479,0.0573343261355175,115.617449141313,9.09350723583361,155.888695471433,5.73343261355175
2020-10-03,1272,16,1225,16,47,0,1445,24,26268,264,27713,288,0,13,3,123,13,1136,0,43,13,"Anderson",76978,109.122086830003,0.0639269406392694,374.13286913144,20.7851593961911,159.785912858219,6.39269406392694
2020-10-04,1288,16,1239,14,49,2,1461,16,26605,337,28066,353,0,13,8,131,8,1144,0,43,13,"Anderson",76978,105.224869443218,0.0581717451523546,458.572579178467,20.7851593961911,170.178492556315,5.81717451523546
2020-10-05,1314,26,1264,25,50,1,1488,27,26816,211,28304,238,0,13,11,142,15,1159,1,44,13,"Anderson",76978,135.103536075242,0.0663420572124163,309.179246018343,33.7758840188106,184.468289641196,6.63420572124163
2020-10-06,1342,28,1291,27,51,1,1520,32,27153,337,28673,369,0,13,15,157,13,1172,1,45,13,"Anderson",76978,157.187767933695,0.0766978922716628,479.357738574658,36.3740289433345,203.954376575125,7.66978922716628
2020-10-07,1348,6,1297,6,51,0,1528,8,27388,235,28916,243,0,13,-3,154,9,1181,0,45,13,"Anderson",76978,149.393333160124,0.0688,315.674608329653,7.79443477357167,200.05715918834,6.88
2020-10-08,1358,10,1305,8,53,2,1537,9,27627,239,29164,248,0,13,-3,151,13,1194,1,46,13,"Anderson",76978,141.598898386552,0.0672866520787746,322.169970640962,12.9907246226195,196.159941801554,6.72866520787746
2020-10-09,1373,15,1318,13,55,2,1553,16,27800,173,29353,189,0,13,-2,149,17,1211,0,46,13,"Anderson",76978,151.991478084648,0.0684647302904564,245.524695367508,19.4860869339292,193.56179687703,6.84647302904564
2020-10-10,1389,16,1334,16,55,0,1573,20,28012,212,29585,232,0,13,3,152,13,1224,1,47,14,"Anderson",76978,151.991478084648,0.0683760683760684,301.384811244771,20.7851593961911,197.459014263816,6.83760683760684
2020-10-11,1417,28,1362,28,55,0,1604,31,28301,289,29905,320,0,13,18,170,10,1234,0,47,14,"Anderson",76978,167.580347631791,0.0777596519847743,415.703187923822,36.3740289433345,220.842318584531,7.77596519847743
2020-10-12,1433,16,1377,15,56,1,1620,16,28380,79,30000,95,0,13,-11,159,27,1261,0,47,14,"Anderson",76978,154.589623009171,0.0778301886792453,123.411883914885,20.7851593961911,206.552521499649,7.78301886792453
2020-10-13,1453,20,1395,18,58,2,1638,18,28501,121,30139,139,0,13,7,166,13,1274,0,47,14,"Anderson",76978,144.197043311076,0.0804911323328786,180.57107225441,25.9814492452389,215.646028735483,8.04911323328786
2020-10-14,1475,22,1417,22,58,0,1662,24,28801,300,30463,324,0,13,12,178,10,1284,0,47,14,"Anderson",76978,164.982202707267,0.0866192630898513,420.89947777287,28.5795941697628,231.234898282626,8.66192630898513
2020-10-15,1497,22,1433,16,64,6,1676,14,28952,151,30628,165,0,13,2,180,20,1304,1,48,14,"Anderson",76978,180.57107225441,0.0949453551912568,214.346956273221,28.5795941697628,233.83304320715,9.49453551912568
2020-10-16,1504,7,1436,3,68,4,1680,4,29051,99,30731,103,0,13,-11,169,18,1322,0,48,15,"Anderson",76978,170.178492556315,0.0921625544267054,133.80446361298,9.09350723583361,219.543246122269,9.21625544267054
2020-10-17,1532,28,1463,27,69,1,1710,30,29299,248,31009,278,0,13,14,183,14,1336,2,50,15,"Anderson",76978,185.767362103458,0.0962078651685393,361.142144508821,36.3740289433345,237.730260593936,9.62078651685393
2020-10-18,1552,20,1483,20,69,0,1733,23,29538,239,31271,262,0,13,5,188,15,1351,0,50,15,"Anderson",76978,175.374782405363,0.0944363103953148,340.35698511263,25.9814492452389,244.225622905246,9.44363103953148
2020-10-19,1556,4,1487,4,69,0,1738,5,29615,77,31353,82,0,13,-16,172,20,1371,1,51,15,"Anderson",76978,159.785912858219,0.0872135994087214,106.523941905479,5.19628984904778,223.440463509055,8.72135994087214
2020-10-20,1583,27,1514,27,69,0,1773,35,29815,200,31588,235,0,13,6,178,21,1392,0,51,15,"Anderson",76978,168.879420094053,0.093167701863354,305.282028631557,35.0749564810725,231.234898282626,9.3167701863354
2020-10-21,1600,17,1531,17,69,0,1792,19,30031,216,31823,235,0,13,8,186,9,1401,1,52,15,"Anderson",76978,162.384057782743,0.0955882352941176,305.282028631557,22.0842318584531,241.627477980722,9.55882352941176
2020-10-22,1621,21,1552,21,69,0,1817,25,30363,332,32180,357,1,14,-4,182,24,1425,0,52,15,"Anderson",76978,161.084985320481,0.0908505154639175,463.768869027514,27.2805217075008,236.431188131674,9.08505154639175
2020-10-23,1636,15,1566,14,70,1,1833,16,30638,275,32471,291,0,14,-7,175,22,1447,0,52,15,"Anderson",76978,171.477565018577,0.0879310344827586,378.030086518226,19.4860869339292,227.33768089584,8.79310344827586
2020-10-24,1667,31,1596,30,71,1,1866,33,31014,376,32880,409,0,14,19,194,12,1459,2,54,17,"Anderson",76978,175.374782405363,0.0833778727952966,531.320637065136,40.2712463301203,252.020057678817,8.33778727952966
2020-10-25,1684,17,1612,16,72,1,1885,19,31210,196,33095,215,0,14,0,194,17,1476,4,58,17,"Anderson",76978,171.477565018577,0.0833333333333333,279.300579386318,22.0842318584531,252.020057678817,8.33333333333333
2020-10-26,1700,16,1627,15,73,1,1903,18,31344,134,33247,152,-1,13,-11,183,28,1504,1,59,17,"Anderson",76978,187.06643456572,0.087117212249208,197.459014263816,20.7851593961911,237.730260593936,8.7117212249208
2020-10-27,1729,29,1651,24,78,5,1927,24,31499,155,33426,179,1,14,10,193,18,1522,2,61,17,"Anderson",76978,189.664579490244,0.0837867247007617,232.533970744888,37.6731014055964,250.720985216555,8.37867247007617
2020-10-28,1785,56,1705,54,80,2,1986,59,31933,434,33919,493,0,14,33,226,23,1545,0,61,17,"Anderson",76978,240.32840551846,0.0925572519083969,640.442723895139,72.7480578866689,293.5903764712,9.25572519083969
2020-10-29,1814,29,1726,21,88,8,2005,19,32139,206,34144,225,0,14,6,232,23,1568,2,63,17,"Anderson",76978,250.720985216555,0.0957230142566191,292.291304008938,37.6731014055964,301.384811244771,9.57230142566191
2020-10-30,1851,37,1760,34,91,3,2043,38,32290,151,34333,189,2,16,20,252,15,1583,1,64,17,"Anderson",76978,279.300579386318,0.112781954887218,245.524695367508,48.065681103692,327.36626049001,11.2781954887218
2020-10-31,1851,0,1760,0,91,0,2043,0,32291,1,34334,1,0,16,-10,242,10,1593,0,64,19,"Anderson",76978,239.029333056198,0.121733149931224,1.29907246226194,0,314.375535867391,12.1733149931224
2020-11-01,1856,5,1765,5,91,0,2051,8,32535,244,34586,252,0,16,-10,232,15,1608,0,64,19,"Anderson",76978,223.440463509055,0.111334674714956,327.36626049001,6.49536231130973,301.384811244771,11.1334674714956
2020-11-02,1889,33,1796,31,93,2,2086,35,32802,267,34888,302,0,16,8,240,25,1633,0,64,20,"Anderson",76978,245.524695367508,0.111517367458867,392.319883603107,42.8693912546442,311.777390942867,11.1517367458867
2020-11-03,1915,26,1821,25,94,1,2111,25,32982,180,35093,205,0,16,6,246,20,1653,0,64,21,"Anderson",76978,241.627477980722,0.110377924415117,266.309854763699,33.7758840188106,319.571825716438,11.0377924415117
2020-11-04,1933,18,1836,15,97,3,2129,18,33061,79,35190,97,2,18,1,247,15,1668,1,65,21,"Anderson",76978,192.262724414768,0.112509834775767,126.010028839409,23.383304320715,320.8708981787,11.2509834775767
2020-11-05,1957,24,1854,18,103,6,2149,20,33160,99,35309,119,0,18,1,248,23,1691,0,65,22,"Anderson",76978,185.767362103458,0.123605150214592,154.589623009171,31.1777390942867,322.169970640962,12.3605150214592
2020-11-06,2006,49,1900,46,106,3,2198,49,33527,367,35725,416,0,18,24,272,25,1716,2,67,23,"Anderson",76978,201.356231650601,0.111350574712644,540.414144300969,63.6545506508353,353.347709735249,11.1350574712644
2020-11-07,2086,80,1977,77,109,3,2275,77,33974,447,36249,524,0,18,50,322,30,1746,0,67,23,"Anderson",76978,305.282028631557,0.121148825065274,680.713970225259,103.925796980956,418.301332848346,12.1148825065274
2020-11-08,2140,54,2028,51,112,3,2337,62,34584,610,36921,672,0,18,39,361,15,1761,1,68,23,"Anderson",76978,368.936579282392,0.122483940042827,872.976694640027,70.149912962145,468.965158876562,12.2483940042827
2020-11-09,2148,8,2035,7,113,1,2346,9,34658,74,37004,83,0,18,-46,315,54,1815,0,68,23,"Anderson",76978,336.459767725844,0.122873345935728,107.823014367741,10.3925796980956,409.207825612513,12.2873345935728
2020-11-10,2167,19,2053,18,114,1,2368,22,34829,171,37197,193,0,18,-16,299,35,1850,1,69,23,"Anderson",76978,327.36626049001,0.122148288973384,250.720985216555,24.682376782977,388.422666216322,12.2148288973384
2020-11-11,2206,39,2089,36,117,3,2410,42,35102,273,37512,315,1,19,13,312,25,1875,1,70,23,"Anderson",76978,354.646782197511,0.121016365202412,409.207825612513,50.6638260282159,405.310608225727,12.1016365202412
2020-11-12,2213,7,2095,6,118,1,2418,8,35300,198,37718,206,0,19,-13,299,20,1895,0,70,24,"Anderson",76978,332.562550339058,0.111664591116646,267.608927225961,9.09350723583361,388.422666216322,11.1664591116646
2020-11-13,2269,56,2148,53,121,3,2477,59,35562,262,38039,321,2,21,31,330,23,1918,2,72,24,"Anderson",76978,341.656057574892,0.12057044079516,417.002260386084,72.7480578866689,428.693912546442,12.057044079516
2020-11-14,2310,41,2188,40,122,1,2522,45,35958,396,38480,441,1,22,20,350,20,1938,1,73,25,"Anderson",76978,290.992231546676,0.110712684894666,572.890955857518,53.2619709527397,454.675361791681,11.0712684894666
2020-11-15,2408,98,2286,98,122,0,2630,108,36540,582,39170,690,1,23,79,429,18,1956,1,74,25,"Anderson",76978,348.151419886201,0.130280124499778,896.359998960742,127.309101301671,557.302086310374,13.0280124499778
2020-11-16,2457,49,2315,29,142,20,2659,29,36817,277,39476,306,0,23,-6,423,55,2011,1,75,25,"Anderson",76978,401.413390838941,0.126618122977346,397.516173452155,63.6545506508353,549.507651536803,12.6618122977346
2020-11-17,2473,16,2330,15,143,1,2675,16,37023,206,39698,222,2,25,-37,386,51,2062,1,76,26,"Anderson",76978,397.516173452155,0.122750899640144,288.394086622152,20.7851593961911,501.441970433111,12.2750899640144
2020-11-18,2503,30,2356,26,147,4,2701,26,37317,294,40018,320,0,25,-5,381,35,2097,0,76,27,"Anderson",76978,385.824521291798,0.116121308858739,415.703187923822,38.9721738678584,494.946608121801,11.6121308858739
2020-11-19,2561,58,2410,54,151,4,2763,62,37733,416,40496,478,0,25,19,400,39,2136,1,77,27,"Anderson",76978,452.077216867157,0.124190064794816,620.95663696121,75.3462028111928,519.628984904778,12.4190064794816
2020-11-20,2591,30,2437,27,154,3,2794,31,37847,114,40641,145,0,25,-10,390,40,2176,0,77,28,"Anderson",76978,418.301332848346,0.121829362029208,188.365507027982,38.9721738678584,506.638260282159,12.1829362029208
2020-11-21,2648,57,2486,49,162,8,2842,48,38191,344,41033,392,0,25,34,424,23,2199,1,78,28,"Anderson",76978,439.086492244537,0.125342734038386,509.236405206682,74.0471303489309,550.806723999065,12.5342734038386
2020-11-22,2704,56,2535,49,169,7,2899,57,38674,483,41573,540,0,25,42,466,14,2213,1,79,31,"Anderson",76978,384.525448829536,0.111943404078236,701.49912962145,72.7480578866689,605.367767414066,11.1943404078236
2020-11-23,2711,7,2541,6,170,1,2905,6,38696,22,41601,28,0,25,-64,402,71,2284,0,79,32,"Anderson",76978,329.964405414534,0.115764705882353,36.3740289433345,9.09350723583361,522.227129829302,11.5764705882353
2020-11-24,2724,13,2553,12,171,1,2917,12,38853,157,41770,169,2,27,-35,367,46,2330,0,79,32,"Anderson",76978,326.067188027748,0.116795366795367,219.543246122269,16.8879420094053,476.759593650134,11.6795366795367
2020-11-25,2752,28,2574,21,178,7,2938,21,38890,37,41828,58,1,28,-11,356,38,2368,0,79,32,"Anderson",76978,323.469043103224,0.130939226519337,75.3462028111928,36.3740289433345,462.469796565252,13.0939226519337
2020-11-26,2797,45,2616,42,181,3,2983,45,39240,350,42223,395,0,28,-30,326,75,2443,1,80,33,"Anderson",76978,306.581101093819,0.127388535031847,513.133622593468,58.4582608017875,423.497622697394,12.7388535031847
2020-11-27,2896,99,2706,90,190,9,3078,95,39666,426,42744,521,0,28,56,382,43,2486,3,83,35,"Anderson",76978,396.217100989893,0.135045173561579,676.816752838473,128.608173763933,496.245680584063,13.5045173561579
2020-11-28,2927,31,2731,25,196,6,3108,30,39809,143,42917,173,1,29,5,387,25,2511,2,85,35,"Anderson",76978,362.441216971083,0.141188959660297,224.739535971316,40.2712463301203,502.741042895373,14.1188959660297
2020-11-29,3018,91,2820,89,198,2,3204,96,40246,437,43450,533,0,29,65,452,26,2537,1,86,35,"Anderson",76978,407.908753150251,0.162493340436867,692.405622385617,118.215594065837,587.180752942399,16.2493340436867
2020-11-30,3088,70,2886,66,202,4,3277,73,40498,252,43775,325,0,29,2,454,68,2605,0,86,37,"Anderson",76978,489.750318272753,0.171113155473781,422.198550235132,90.9350723583361,589.778897866923,17.1113155473781
2020-12-01,3164,76,2952,66,212,10,3349,72,40929,431,44278,503,1,30,14,468,61,2666,6,92,38,"Anderson",76978,571.591883395256,0.172248803827751,653.433448517758,98.7295071319078,607.96591233859,17.2248803827751
2020-12-02,3179,15,2966,14,213,1,3365,16,41037,108,44402,124,0,30,-40,428,55,2721,0,92,38,"Anderson",76978,554.70394138585,0.165889665889666,161.084985320481,19.4860869339292,556.003013848112,16.5889665889666
2020-12-03,3220,41,2995,29,225,12,3398,33,41261,224,44659,257,1,31,-14,414,54,2775,1,93,39,"Anderson",76978,549.507651536803,0.170361247947455,333.86162280132,53.2619709527397,537.815999376445,17.0361247947455
2020-12-04,3287,67,3055,60,232,7,3461,63,41419,158,44880,221,1,32,-25,389,91,2866,0,93,39,"Anderson",76978,507.93733274442,0.179307116104869,287.09501415989,87.0378549715503,505.339187819897,17.9307116104869
2020-12-05,3318,31,3074,19,244,12,3479,18,41486,67,44965,85,0,32,1,390,30,2896,0,93,39,"Anderson",76978,507.93733274442,0.18115234375,110.421159292265,40.2712463301203,506.638260282159,18.115234375
2020-12-06,3354,36,3103,29,251,7,3507,28,41694,208,45201,236,0,32,12,402,24,2920,2,95,40,"Anderson",76978,436.488347320014,0.173043974871502,306.581101093819,46.76660864143,522.227129829302,17.3043974871502
2020-12-07,3494,140,3227,124,267,16,3643,136,42287,593,45930,729,2,34,27,429,111,3031,4,99,41,"Anderson",76978,527.42341967835,0.169837587006961,947.023824988958,181.870144716672,557.302086310374,16.9837587006961
2020-12-08,3565,71,3276,49,289,22,3695,52,42585,298,46280,350,1,35,-8,421,78,3109,2,101,43,"Anderson",76978,520.92805736704,0.172827172827173,454.675361791681,92.2341448205981,546.909506612279,17.2827172827173
2020-12-09,3670,105,3367,91,303,14,3799,104,42846,261,46645,365,0,35,46,467,59,3168,3,104,44,"Anderson",76978,637.844578970615,0.193490860454748,474.16144872561,136.402608537504,606.666839876328,19.3490860454748
2020-12-10,3764,94,3445,78,319,16,3886,87,43378,532,47264,619,3,38,81,548,10,3178,3,107,45,"Anderson",76978,706.695419470498,0.187332053742802,804.125854140144,122.112811452623,711.891709319546,18.7332053742802
2020-12-11,3837,73,3498,53,339,20,3937,51,43544,166,47481,217,1,39,30,578,42,3220,2,109,45,"Anderson",76978,714.48985424407,0.183006535947712,281.898724310842,94.832289745122,750.863883187404,18.3006535947712
2020-12-12,3925,88,3559,61,366,27,4002,65,44057,513,48059,578,0,39,55,633,33,3253,2,111,45,"Anderson",76978,788.536984593001,0.169036845507434,750.863883187404,114.318376679051,822.312868611811,16.9036845507434
2020-12-13,4157,232,3742,183,415,49,4206,204,44929,872,49135,1076,1,40,188,821,43,3296,0,111,47,"Anderson",76978,1043.15518719634,0.177681748856126,1397.80196939385,301.384811244771,1066.53849151706,17.7681748856126
2020-12-14,4272,115,3827,85,445,30,4305,99,45220,291,49525,390,0,40,-37,784,152,3448,1,112,48,"Anderson",76978,1010.67837563979,0.184144645340751,506.638260282159,149.393333160124,1018.47281041336,18.4144645340751
2020-12-15,4407,135,3912,85,495,50,4401,96,45747,527,50148,623,1,41,42,826,92,3540,6,118,51,"Anderson",76978,1093.81901322456,0.182523267838676,809.322143989192,175.374782405363,1073.03385382837,18.2523267838676
2020-12-16,4476,69,3942,30,534,39,4437,36,46070,323,50507,359,2,43,-17,809,84,3624,4,122,52,"Anderson",76978,1047.05240458313,0.165199378560331,466.367013952038,89.6359998960742,1050.94962196991,16.5199378560331
2020-12-17,4677,201,4116,174,561,27,4631,194,46598,528,51229,722,2,45,114,923,85,3709,2,124,54,"Anderson",76978,1186.05315804516,0.187894073139975,937.930317753124,261.113564914651,1199.04388266778,18.7894073139975
2020-12-18,4775,98,4192,76,583,22,4718,87,46964,366,51682,453,1,46,23,946,74,3783,2,126,54,"Anderson",76978,1218.5299696017,0.185908117114973,588.479825404661,127.309101301671,1228.9225492998,18.5908117114973
2020-12-19,4880,105,4273,81,607,24,4805,87,47222,258,52027,345,0,46,74,1020,31,3814,1,127,55,"Anderson",76978,1240.61420146016,0.202368951612903,448.179999480371,136.402608537504,1325.05391150718,20.2368951612903
2020-12-20,5020,140,4395,122,625,18,4942,137,47686,464,52628,601,2,48,84,1104,54,3868,3,130,56,"Anderson",76978,1121.09953493206,0.2107071285428,780.742549819429,181.870144716672,1434.17599833719,21.07071285428
2020-12-21,5068,48,4413,18,655,30,4965,23,47906,220,52871,243,3,51,-83,1021,128,3996,2,132,59,"Anderson",76978,1034.06167996051,0.197250448296473,315.674608329653,62.3554781885734,1326.35298396945,19.7250448296473
2020-12-22,5138,70,4457,44,681,26,5012,47,48012,106,53024,153,1,52,-31,990,100,4096,2,134,64,"Anderson",76978,949.621969913482,0.212447844228095,198.758086726078,90.9350723583361,1286.08173763933,21.2447844228095
2020-12-23,5212,74,4499,42,713,32,5055,43,48328,316,53383,359,2,54,-8,982,80,4176,2,136,66,"Anderson",76978,956.117332224792,0.214881780250348,466.367013952038,96.1313622073839,1275.68915794123,21.4881780250348
2020-12-24,5270,58,4523,24,747,34,5082,27,48480,152,53562,179,1,55,-47,935,104,4280,1,137,71,"Anderson",76978,770.349970121333,0.193313330475782,232.533970744888,75.3462028111928,1214.63275221492,19.3313330475782
2020-12-25,5364,94,4601,78,763,16,5175,93,48889,409,54064,502,0,55,-16,919,110,4390,1,138,72,"Anderson",76978,765.153680272286,0.191855583543241,652.134376055496,122.112811452623,1193.84759281873,19.1855583543241
2020-12-26,5420,56,4630,29,790,27,5203,28,49008,119,54211,147,0,55,6,925,50,4440,3,141,74,"Anderson",76978,701.49912962145,0.182234432234432,190.963651952506,72.7480578866689,1201.6420275923,18.2234432234432
2020-12-27,5480,60,4667,37,813,23,5239,36,49144,136,54383,172,1,56,29,954,30,4470,6,147,75,"Anderson",76978,597.573332640495,0.169230769230769,223.440463509055,77.9443477357167,1239.3151289979,16.9230769230769
2020-12-28,5527,47,4688,21,839,26,5259,20,49213,69,54472,89,2,58,-85,869,130,4600,4,151,82,"Anderson",76978,596.274260178233,0.183635227982511,115.617449141313,61.0564057263114,1128.89396970563,18.3635227982511
2020-12-29,5623,96,4740,52,883,44,5307,48,49308,95,54615,143,2,60,-34,835,128,4728,5,156,85,"Anderson",76978,630.050144197043,0.185417976115651,185.767362103458,124.710956377147,1084.72550598872,18.5417976115651
2020-12-30,5658,35,4758,18,900,17,5324,17,49436,128,54760,145,6,66,-89,746,118,4846,1,157,88,"Anderson",76978,579.386318168827,0.195352214960058,188.365507027982,45.4675361791681,969.108056847411,19.5352214960058
2020-12-31,5821,163,4858,100,963,63,5426,102,49740,304,55166,406,6,72,63,809,94,4940,1,158,93,"Anderson",76978,715.788926706332,0.214463840399002,527.42341967835,211.748811348697,1050.94962196991,21.4463840399002
2021-01-01,5886,65,4900,42,986,23,5481,55,50016,276,55497,331,0,72,-25,784,90,5030,2,160,94,"Anderson",76978,678.115825300735,0.213538032100488,429.992985008704,84.4397100470264,1018.47281041336,21.3538032100488
2021-01-02,5979,93,4941,41,1038,52,5522,41,50301,285,55823,326,0,72,48,832,45,5075,2,162,96,"Anderson",76978,726.181506404427,0.197890818858561,423.497622697394,120.813738990361,1080.82828860194,19.7890818858561
2021-01-03,6004,25,4953,12,1051,13,5538,16,50353,52,55891,68,0,72,-9,823,34,5109,1,163,98,"Anderson",76978,680.713970225259,0.198275862068966,88.3369274338123,32.4768115565486,1069.13663644158,19.8275862068966
2021-01-04,6041,37,4977,24,1064,13,5569,31,50460,107,56029,138,1,73,-57,766,93,5202,0,163,103,"Anderson",76978,667.72324560264,0.199100834938985,179.271999792148,48.065681103692,995.08950609265,19.9100834938985
2021-01-05,6113,72,5008,31,1105,41,5600,31,50578,118,56178,149,2,75,-48,718,118,5320,2,165,106,"Anderson",76978,636.545506508353,0.187460012795905,193.56179687703,93.53321728286,932.734027904076,18.7460012795905
2021-01-06,6187,74,5048,40,1139,34,5643,43,50739,161,56382,204,5,80,-12,706,81,5401,2,167,108,"Anderson",76978,687.209332536569,0.196670776818742,265.010782301437,96.1313622073839,917.145158356933,19.6670776818742
2021-01-07,6292,105,5128,80,1164,25,5735,92,50960,221,56695,313,1,81,65,771,39,5440,1,168,111,"Anderson",76978,611.863129725376,0.202092871157619,406.609680687989,136.402608537504,1001.58486840396,20.2092871157619
2021-01-08,6374,82,5178,50,1196,32,5787,52,51159,199,56946,251,5,86,61,832,16,5456,2,170,114,"Anderson",76978,633.947361583829,0.211180124223602,326.067188027748,106.523941905479,1080.82828860194,21.1180124223602
2021-01-09,6485,111,5247,69,1238,42,5862,75,51590,431,57452,506,2,88,44,876,65,5521,0,170,116,"Anderson",76978,657.330665904544,0.208717004297115,657.330665904544,144.197043311076,1137.98747694146,20.8717004297115
2021-01-10,6545,60,5272,25,1273,35,5887,25,51684,94,57571,119,2,90,28,904,30,5551,3,173,117,"Anderson",76978,702.798202083712,0.207738095238095,154.589623009171,77.9443477357167,1174.3615058848,20.7738095238095
2021-01-11,6578,33,5282,10,1296,23,5900,13,51755,71,57655,84,1,91,-93,811,125,5676,1,174,119,"Anderson",76978,697.601912234664,0.203567035670357,109.122086830003,42.8693912546442,1053.54776689444,20.3567035670357
2021-01-12,6631,53,5316,34,1315,19,5938,38,51927,172,57865,210,2,93,-100,711,151,5827,1,175,119,"Anderson",76978,672.919535451687,0.200355660936574,272.805217075008,68.8508404998831,923.640520668243,20.0355660936574
2021-01-13,6657,26,5333,17,1324,9,5957,19,52017,90,57974,109,3,96,-45,666,68,5895,0,175,120,"Anderson",76978,610.564057263114,0.197236180904523,141.598898386552,33.7758840188106,865.182259866455,19.7236180904523
2021-01-14,6754,97,5395,62,1359,35,6031,74,52424,407,58455,481,5,101,8,674,84,5979,2,177,122,"Anderson",76978,600.171477565019,0.168181818181818,624.853854347995,126.010028839409,875.574839564551,16.8181818181818
2021-01-15,6788,34,5415,20,1373,14,6055,24,52579,155,58634,179,0,101,-16,658,50,6029,1,178,125,"Anderson",76978,537.815999376445,0.158767772511848,232.533970744888,44.1684637169061,854.78968016836,15.8767772511848
2021-01-16,6852,64,5445,30,1407,34,6088,33,52823,244,58911,277,1,102,2,660,61,6090,1,179,128,"Anderson",76978,476.759593650134,0.154900616860864,359.843072046559,83.1406375847645,857.387825092884,15.4900616860864
2021-01-17,6889,37,5465,20,1424,17,6111,23,52927,104,59038,127,0,102,-6,654,43,6133,0,179,130,"Anderson",76978,446.880927018109,0.152692569870484,164.982202707267,48.065681103692,849.593390319312,15.2692569870484
2021-01-18,6908,19,5473,8,1435,11,6121,10,53023,96,59144,106,1,103,-67,587,85,6218,0,179,131,"Anderson",76978,428.693912546442,0.148421759570181,137.701680999766,24.682376782977,762.555535347762,14.8421759570181
2021-01-19,6950,42,5490,17,1460,25,6141,20,53135,112,59276,132,1,104,-78,509,119,6337,0,179,133,"Anderson",76978,414.40411546156,0.143869596031184,171.477565018577,54.5610434150017,661.22788329133,14.3869596031184
2021-01-20,6978,28,5506,16,1472,12,6160,19,53287,152,59447,171,3,107,-28,481,53,6390,0,179,135,"Anderson",76978,417.002260386084,0.137813985064494,222.141391046793,36.3740289433345,624.853854347995,13.7813985064494
2021-01-21,7034,56,5546,40,1488,16,6199,39,53528,241,59727,280,5,112,-42,439,93,6483,2,181,136,"Anderson",76978,363.740289433345,0.132075471698113,363.740289433345,72.7480578866689,570.292810932994,13.2075471698113
2021-01-22,7072,38,5564,18,1508,20,6221,22,53673,145,59894,167,2,114,-16,423,52,6535,0,181,139,"Anderson",76978,368.936579282392,0.131746031746032,216.945101197745,49.3647535659539,549.507651536803,13.1746031746032
2021-01-23,7110,38,5578,14,1532,24,6234,13,53933,260,60167,273,0,114,8,431,30,6565,1,182,139,"Anderson",76978,335.160695263582,0.116242038216561,354.646782197511,49.3647535659539,559.900231234898,11.6242038216561
2021-01-24,7123,13,5590,12,1533,1,6248,14,54000,67,60248,81,0,114,-21,410,34,6599,0,182,141,"Anderson",76978,303.982956169295,0.113223140495868,105.224869443218,16.8879420094053,532.619709527397,11.3223140495868
2021-01-25,7140,17,5601,11,1539,6,6259,11,54060,60,60319,71,2,116,-47,363,62,6661,1,183,143,"Anderson",76978,301.384811244771,0.117446808510638,92.2341448205981,22.0842318584531,471.563303801086,11.7446808510638
2021-01-26,7167,27,5621,20,1546,7,6284,25,54224,164,60508,189,0,116,-36,327,63,6724,1,184,146,"Anderson",76978,281.898724310842,0.116071428571429,245.524695367508,35.0749564810725,424.796695159656,11.6071428571429
2021-01-27,7184,17,5629,8,1555,9,6293,9,54310,86,60603,95,4,120,-18,309,31,6755,0,184,148,"Anderson",76978,267.608927225961,0.115051903114187,123.411883914885,22.0842318584531,401.413390838941,11.5051903114187
2021-01-28,7271,87,5669,40,1602,47,6340,47,54536,226,60876,273,4,124,24,333,59,6814,0,184,149,"Anderson",76978,307.880173556081,0.122715404699739,354.646782197511,113.019304216789,432.591129933228,12.2715404699739
2021-01-29,7284,13,5673,4,1611,9,6345,5,54581,45,60926,50,1,125,-34,299,46,6860,1,185,149,"Anderson",76978,275.403361999532,0.12015503875969,64.9536231130973,16.8879420094053,388.422666216322,12.015503875969
2021-01-30,7324,40,5708,35,1616,5,6381,36,54840,259,61221,295,2,127,1,300,37,6897,2,187,150,"Anderson",76978,278.001506924056,0.139468690702087,383.226376367274,51.9628984904778,389.721738678584,13.9468690702087
2021-01-31,7340,16,5715,7,1625,9,6392,11,55009,169,61401,180,1,128,-4,296,19,6916,0,187,152,"Anderson",76978,281.898724310842,0.12489158716392,233.83304320715,20.7851593961911,384.525448829536,12.489158716392
2021-02-01,7360,20,5727,12,1633,8,6405,13,55062,53,61467,66,1,129,-26,270,45,6961,1,188,153,"Anderson",76978,285.795941697628,0.127177700348432,85.7387825092884,25.9814492452389,350.749564810725,12.7177700348432
2021-02-02,7367,7,5733,6,1634,1,6411,6,55131,69,61542,75,5,134,-45,225,47,7008,0,188,154,"Anderson",76978,259.814492452389,0.122823984526112,97.4304346696459,9.09350723583361,292.291304008938,12.2823984526112
2021-02-03,7390,23,5740,7,1650,16,6421,10,55323,192,61744,202,4,138,2,227,17,7025,0,188,155,"Anderson",76978,267.608927225961,0.112182296231376,262.412637376913,29.8786666320247,294.889448933461,11.2182296231376
2021-02-04,7420,30,5754,14,1666,16,6438,17,55647,324,62085,341,2,140,-5,222,33,7058,0,188,155,"Anderson",76978,193.56179687703,0.0810587262200165,442.983709631323,38.9721738678584,288.394086622152,8.10587262200166
2021-02-05,7438,18,5765,11,1673,7,6455,17,55804,157,62259,174,2,142,-13,209,29,7087,0,188,156,"Anderson",76978,200.05715918834,0.0825206301575394,226.038608433578,23.383304320715,271.506144612746,8.25206301575394
2021-02-06,7464,26,5781,16,1683,10,6475,20,56026,222,62501,242,1,143,8,217,17,7104,0,188,156,"Anderson",76978,181.870144716672,0.0734375,314.375535867391,33.7758840188106,281.898724310842,7.34375
2021-02-07,7477,13,5788,7,1689,6,6483,8,56133,107,62616,115,0,143,-10,207,23,7127,0,188,156,"Anderson",76978,177.972927329886,0.0748971193415638,149.393333160124,16.8879420094053,268.907999688223,7.48971193415638
2021-02-08,7502,25,5794,6,1708,19,6488,5,56155,22,62643,27,2,145,-13,194,36,7163,0,188,156,"Anderson",76978,184.468289641196,0.070578231292517,35.0749564810725,32.4768115565486,252.020057678817,7.0578231292517
2021-02-09,7526,24,5804,10,1722,14,6499,11,56324,169,62823,180,2,147,-24,170,46,7209,2,190,156,"Anderson",76978,206.552521499649,0.068696330991413,233.83304320715,31.1777390942867,220.842318584531,6.8696330991413
2021-02-10,7551,25,5819,15,1732,10,6518,19,56519,195,63037,214,1,148,8,178,16,7225,1,191,156,"Anderson",76978,209.150666424173,0.0750193348801237,278.001506924056,32.4768115565486,231.234898282626,7.50193348801237
2021-02-11,7564,13,5827,8,1737,5,6530,12,56699,180,63229,192,-1,147,-16,162,30,7255,0,191,157,"Anderson",76978,187.06643456572,0.0804195804195804,249.421912754293,16.8879420094053,210.449738886435,8.04195804195804
2021-02-12,7591,27,5842,15,1749,12,6545,15,56893,194,63438,209,0,147,13,175,14,7269,0,191,157,"Anderson",76978,198.758086726078,0.0763358778625954,271.506144612746,35.0749564810725,227.33768089584,7.63358778625954
2021-02-13,7617,26,5852,10,1765,16,6555,10,57082,189,63637,199,0,147,11,186,15,7284,0,191,157,"Anderson",76978,198.758086726078,0.0704225352112676,258.515419990127,33.7758840188106,241.627477980722,7.04225352112676
2021-02-14,7631,14,5862,10,1769,4,6566,11,57143,61,63709,72,2,149,1,187,11,7295,0,191,157,"Anderson",76978,200.05715918834,0.0759377859103385,93.53321728286,18.1870144716672,242.926550442984,7.59377859103385
2021-02-15,7647,16,5870,8,1777,8,6575,9,57216,73,63791,82,0,149,-7,180,23,7318,1,192,158,"Anderson",76978,188.365507027982,0.0757839721254355,106.523941905479,20.7851593961911,233.83304320715,7.57839721254355
2021-02-16,7676,29,5884,14,1792,15,6592,17,57300,84,63892,101,0,149,11,191,18,7336,0,192,158,"Anderson",76978,194.860869339292,0.0869971936389149,131.206318688456,37.6731014055964,248.122840292031,8.69971936389149
2021-02-17,7695,19,5896,12,1799,7,6604,12,57408,108,64012,120,0,149,-8,183,27,7363,0,192,160,"Anderson",76978,187.06643456572,0.0882051282051282,155.888695471433,24.682376782977,237.730260593936,8.82051282051282
2021-02-18,7719,24,5918,22,1801,2,6630,26,57564,156,64194,182,0,149,9,192,15,7378,0,192,160,"Anderson",76978,201.356231650601,0.103626943005181,236.431188131674,31.1777390942867,249.421912754293,10.3626943005181
2021-02-19,7733,14,5929,11,1804,3,6645,15,57610,46,64255,61,0,149,1,193,13,7391,0,192,161,"Anderson",76978,184.468289641196,0.122399020807834,79.2434201979787,18.1870144716672,250.720985216555,12.2399020807834
2021-02-20,7752,19,5936,7,1816,12,6654,9,57732,122,64386,131,1,150,3,196,15,7406,0,192,162,"Anderson",76978,175.374782405363,0.132176234979973,170.178492556315,24.682376782977,254.618202603341,13.2176234979973
2021-02-21,7764,12,5943,7,1821,5,6661,7,57796,64,64457,71,2,152,-1,195,11,7417,1,193,162,"Anderson",76978,172.776637480839,0.127005347593583,92.2341448205981,15.5888695471433,253.319130141079,12.7005347593583
2021-02-22,7769,5,5945,2,1824,3,6667,6,57833,37,64500,43,1,153,-17,178,21,7438,0,193,163,"Anderson",76978,158.486840395957,0.129760225669958,55.8601158772636,6.49536231130973,231.234898282626,12.9760225669958
2021-02-23,7793,24,5954,9,1839,15,6675,8,57976,143,64651,151,2,155,-2,176,24,7462,0,193,165,"Anderson",76978,151.991478084648,0.10935441370224,196.159941801554,31.1777390942867,228.636753358102,10.935441370224
2021-02-24,7825,32,5973,19,1852,13,6698,23,58150,174,64848,197,0,155,15,191,17,7479,0,193,165,"Anderson",76978,168.879420094053,0.11244019138756,255.917275065603,41.5703187923822,248.122840292031,11.244019138756
2021-02-25,7842,17,5981,8,1861,9,6709,11,58277,127,64986,138,1,156,-4,187,20,7499,0,193,165,"Anderson",76978,159.785912858219,0.0997474747474748,179.271999792148,22.0842318584531,242.926550442984,9.97474747474748
2021-02-26,7854,12,5989,8,1865,4,6718,9,58376,99,65094,108,0,156,-17,170,29,7528,0,193,165,"Anderson",76978,157.187767933695,0.0870083432657926,140.29982592429,15.5888695471433,220.842318584531,8.70083432657926
2021-02-27,7863,9,5996,7,1867,2,6724,6,58468,92,65192,98,0,156,-6,164,15,7543,0,193,165,"Anderson",76978,144.197043311076,0.086848635235732,127.309101301671,11.6916521603575,213.047883810959,8.6848635235732
2021-02-28,7877,14,6006,10,1871,4,6735,11,58539,71,65274,82,0,156,0,164,14,7557,0,193,165,"Anderson",76978,146.7951882356,0.0905752753977968,106.523941905479,18.1870144716672,213.047883810959,9.05752753977968
2021-03-01,7885,8,6011,5,1874,3,6742,7,58574,35,65316,42,0,156,-11,153,19,7576,0,193,165,"Anderson",76978,150.692405622386,0.0919117647058824,54.5610434150017,10.3925796980956,198.758086726078,9.19117647058824
2021-03-02,7908,23,6022,11,1886,12,6752,10,58690,116,65442,126,1,157,-2,151,24,7600,1,194,165,"Anderson",76978,149.393333160124,0.0973451327433628,163.683130245005,29.8786666320247,196.159941801554,9.73451327433628
2021-03-03,7941,33,6043,21,1898,12,6777,25,58806,116,65583,141,1,158,13,164,19,7619,0,194,166,"Anderson",76978,150.692405622386,0.107482993197279,183.169217178934,42.8693912546442,213.047883810959,10.7482993197279
2021-03-04,7966,25,6056,13,1910,12,6794,17,58969,163,65763,180,0,158,13,177,12,7631,0,194,166,"Anderson",76978,161.084985320481,0.109395109395109,233.83304320715,32.4768115565486,229.935825820364,10.9395109395109
2021-03-05,7999,33,6073,17,1926,16,6816,22,59103,134,65919,156,0,158,18,195,15,7646,2,196,166,"Anderson",76978,188.365507027982,0.118787878787879,202.655304112863,42.8693912546442,253.319130141079,11.8787878787879
2021-03-06,8009,10,6078,5,1931,5,6824,8,59192,89,66016,97,0,158,-1,194,11,7657,0,196,166,"Anderson",76978,189.664579490244,0.121359223300971,126.010028839409,12.9907246226195,252.020057678817,12.1359223300971
2021-03-07,8015,6,6081,3,1934,3,6827,3,59231,39,66058,42,0,158,-10,184,16,7673,0,196,166,"Anderson",76978,179.271999792148,0.11734693877551,54.5610434150017,7.79443477357167,239.029333056198,11.734693877551
2021-03-08,8031,16,6087,6,1944,10,6836,9,59308,77,66144,86,1,159,-4,180,19,7692,0,196,166,"Anderson",76978,189.664579490244,0.113526570048309,111.720231754527,20.7851593961911,233.83304320715,11.3526570048309
2021-03-09,8052,21,6095,8,1957,13,6844,8,59373,65,66217,73,0,159,3,183,18,7710,3,199,167,"Anderson",76978,187.06643456572,0.118709677419355,94.832289745122,27.2805217075008,237.730260593936,11.8709677419355
2021-03-10,8074,22,6108,13,1966,9,6860,16,59530,157,66390,173,0,159,11,194,11,7721,1,200,167,"Anderson",76978,172.776637480839,0.102850061957869,224.739535971316,28.5795941697628,252.020057678817,10.2850061957869
2021-03-11,8097,23,6118,10,1979,13,6870,10,59627,97,66497,107,0,159,1,195,22,7743,1,201,168,"Anderson",76978,170.178492556315,0.103542234332425,139.000753462028,29.8786666320247,253.319130141079,10.3542234332425
2021-03-12,8117,20,6135,17,1982,3,6890,20,59733,106,66623,126,0,159,8,203,12,7755,0,201,168,"Anderson",76978,153.29055054691,0.105113636363636,163.683130245005,25.9814492452389,263.711709839175,10.5113636363636
2021-03-13,8128,11,6139,4,1989,7,6894,4,59809,76,66703,80,0,159,2,205,9,7764,1,202,168,"Anderson",76978,154.589623009171,0.101892285298399,103.925796980956,14.2897970848814,266.309854763699,10.1892285298399
2021-03-14,8134,6,6143,4,1991,2,6900,6,59845,36,66745,42,0,159,-13,192,19,7783,1,203,168,"Anderson",76978,154.589623009171,0.106259097525473,54.5610434150017,7.79443477357167,249.421912754293,10.6259097525473
2021-03-15,8152,18,6148,5,2004,13,6906,6,59878,33,66784,39,0,159,-9,183,27,7810,1,204,168,"Anderson",76978,157.187767933695,0.109375,50.6638260282159,23.383304320715,237.730260593936,10.9375
2021-03-16,8185,33,6161,13,2024,20,6921,15,59971,93,66892,108,0,159,-2,181,35,7845,2,206,168,"Anderson",76978,172.776637480839,0.114074074074074,140.29982592429,42.8693912546442,235.132115669412,11.4074074074074
2021-03-17,8202,17,6172,11,2030,6,6934,13,60058,87,66992,100,0,159,-5,176,22,7867,0,206,169,"Anderson",76978,166.281275169529,0.122923588039867,129.907246226195,22.0842318584531,228.636753358102,12.2923588039867
2021-03-18,8218,16,6184,12,2034,4,6949,15,60139,81,67088,96,1,160,-1,175,16,7883,0,206,169,"Anderson",76978,157.187767933695,0.133671742808799,124.710956377147,20.7851593961911,227.33768089584,13.3671742808799
2021-03-19,8243,25,6199,15,2044,10,6962,13,60258,119,67220,132,0,160,13,188,12,7895,1,207,169,"Anderson",76978,163.683130245005,0.120603015075377,171.477565018577,32.4768115565486,244.225622905246,12.0603015075377
2021-03-20,8255,12,6205,6,2050,6,6970,8,60297,39,67267,47,0,160,3,191,9,7904,1,208,169,"Anderson",76978,164.982202707267,0.134751773049645,61.0564057263114,15.5888695471433,248.122840292031,13.4751773049645
2021-03-21,8265,10,6211,6,2054,4,6977,7,60359,62,67336,69,-1,159,-5,186,16,7920,0,208,169,"Anderson",76978,170.178492556315,0.130287648054146,89.6359998960742,12.9907246226195,241.627477980722,13.0287648054146
2021-03-22,8271,6,6212,1,2059,5,6978,1,60425,66,67403,67,0,159,-7,179,13,7933,1,209,169,"Anderson",76978,154.589623009171,0.116316639741519,87.0378549715503,7.79443477357167,232.533970744888,11.6316639741519
2021-03-23,8277,6,6213,1,2064,5,6979,1,60468,43,67447,44,0,159,-15,164,21,7954,0,209,170,"Anderson",76978,119.514666528099,0.104504504504505,57.1591883395256,7.79443477357167,213.047883810959,10.4504504504505
2021-03-24,8285,8,6220,7,2065,1,6986,7,60589,121,67575,128,1,160,-11,153,18,7972,0,209,170,"Anderson",76978,107.823014367741,0.0891938250428816,166.281275169529,10.3925796980956,198.758086726078,8.91938250428817
2021-03-25,8295,10,6225,5,2070,5,6992,6,60690,101,67682,107,0,160,-10,143,20,7992,0,209,170,"Anderson",76978,100.02857959417,0.0723905723905724,139.000753462028,12.9907246226195,185.767362103458,7.23905723905724
2021-03-26,8312,17,6237,12,2075,5,7003,11,60756,66,67759,77,0,160,3,146,14,8006,0,209,171,"Anderson",76978,89.6359998960742,0.0760667903525046,100.02857959417,22.0842318584531,189.664579490244,7.60667903525046
2021-03-27,8316,4,6241,4,2075,0,7009,6,60820,64,67829,70,1,161,-12,134,15,8021,2,211,171,"Anderson",76978,79.2434201979786,0.0693950177935943,90.9350723583361,5.19628984904778,174.075709943101,6.93950177935943
2021-03-28,8319,3,6241,0,2078,3,7009,0,60849,29,67858,29,1,162,-12,122,14,8035,0,211,172,"Anderson",76978,70.149912962145,0.0613026819923372,37.6731014055964,3.89721738678583,158.486840395957,6.13026819923372
2021-03-29,8334,15,6245,4,2089,11,7013,4,60935,86,67948,90,1,163,-16,106,30,8065,0,211,173,"Anderson",76978,81.8415651225025,0.0642201834862385,116.916521603575,19.4860869339292,137.701680999766,6.42201834862385
2021-03-30,8339,5,6248,3,2091,2,7016,3,60993,58,68009,61,1,164,-11,95,15,8080,0,211,173,"Anderson",76978,80.5424926602406,0.0658362989323843,79.2434201979787,6.49536231130973,123.411883914885,6.58362989323843
2021-03-31,8362,23,6262,14,2100,9,7032,16,61157,164,68189,180,1,165,10,105,12,8092,1,212,173,"Anderson",76978,100.02857959417,0.0749185667752443,233.83304320715,29.8786666320247,136.402608537504,7.49185667752443
2021-04-01,8371,9,6265,3,2106,6,7036,4,61214,57,68250,61,0,165,-8,97,17,8109,0,212,173,"Anderson",76978,98.7295071319078,0.0774647887323944,79.2434201979787,11.6916521603575,126.010028839409,7.74647887323944
2021-04-02,8380,9,6272,7,2108,2,7043,7,61284,70,68327,77,0,165,-1,96,10,8119,0,212,173,"Anderson",76978,88.3369274338123,0.0704225352112676,100.02857959417,11.6916521603575,124.710956377147,7.04225352112676
2021-04-03,8386,6,6277,5,2109,1,7049,6,61334,50,68383,56,0,165,-8,88,14,8133,0,212,173,"Anderson",76978,90.9350723583361,0.0722021660649819,72.7480578866689,7.79443477357167,114.318376679051,7.22021660649819
2021-04-04,8388,2,6279,2,2109,0,7051,2,61372,38,68423,40,0,165,-5,83,7,8140,0,212,173,"Anderson",76978,89.6359998960742,0.0743362831858407,51.9628984904778,2.59814492452389,107.823014367741,7.43362831858407
2021-04-05,8402,14,6282,3,2120,11,7053,2,61430,58,68483,60,0,165,4,87,10,8150,2,214,173,"Anderson",76978,88.3369274338123,0.0747663551401869,77.9443477357167,18.1870144716672,113.019304216789,7.47663551401869
2021-04-06,8407,5,6286,4,2121,1,7059,6,61472,42,68531,48,0,165,3,90,2,8152,0,214,173,"Anderson",76978,88.3369274338123,0.0823754789272031,62.3554781885734,6.49536231130973,116.916521603575,8.23754789272031
2021-04-07,8427,20,6299,13,2128,7,7073,14,61631,159,68704,173,0,165,10,100,10,8162,2,216,173,"Anderson",76978,84.4397100470264,0.0796116504854369,224.739535971316,25.9814492452389,129.907246226195,7.96116504854369
2021-04-08,8430,3,6301,2,2129,1,7076,3,61722,91,68798,94,5,170,-17,83,15,8177,1,217,173,"Anderson",76978,76.6452752734548,0.072992700729927,122.112811452623,3.89721738678583,107.823014367741,7.2992700729927
2021-04-09,8438,8,6307,6,2131,2,7085,9,61809,87,68894,96,-4,166,8,91,4,8181,0,217,173,"Anderson",76978,75.3462028111928,0.0740740740740741,124.710956377147,10.3925796980956,118.215594065837,7.40740740740741
2021-04-10,8443,5,6312,5,2131,0,7090,5,61880,71,68970,76,0,166,-6,85,11,8192,0,217,173,"Anderson",76978,74.0471303489309,0.0698466780238501,98.7295071319078,6.49536231130973,110.421159292265,6.98466780238501
2021-04-11,8450,7,6317,5,2133,2,7095,5,61924,44,69019,49,-1,165,0,85,8,8200,0,217,173,"Anderson",76978,80.5424926602406,0.0738255033557047,63.6545506508353,9.09350723583361,110.421159292265,7.38255033557047
2021-04-12,8453,3,6320,3,2133,0,7098,3,61993,69,69091,72,0,165,-7,78,10,8210,0,217,173,"Anderson",76978,66.2526955753592,0.0740131578947368,93.53321728286,3.89721738678583,101.327652056432,7.40131578947368
2021-04-13,8463,10,6325,5,2138,5,7104,6,62054,61,69158,67,5,170,-8,70,13,8223,0,217,173,"Anderson",76978,72.7480578866689,0.0717703349282297,87.0378549715503,12.9907246226195,90.9350723583361,7.17703349282297
2021-04-14,8477,14,6334,9,2143,5,7115,11,62192,138,69307,149,0,170,7,77,7,8230,0,217,173,"Anderson",76978,64.9536231130973,0.0696517412935323,193.56179687703,18.1870144716672,100.02857959417,6.96517412935323
2021-04-15,8486,9,6339,5,2147,4,7120,5,62273,81,69393,86,0,170,6,83,3,8233,0,217,173,"Anderson",76978,72.7480578866689,0.0739495798319328,111.720231754527,11.6916521603575,107.823014367741,7.39495798319328
2021-04-16,8499,13,6350,11,2149,2,7133,13,62426,153,69559,166,0,170,6,89,7,8240,0,217,173,"Anderson",76978,79.2434201979786,0.0721804511278196,215.646028735483,16.8879420094053,115.617449141313,7.21804511278196
2021-04-17,8504,5,6353,3,2151,2,7137,4,62491,65,69628,69,0,170,0,89,5,8245,0,217,173,"Anderson",76978,79.2434201979786,0.0714285714285714,89.6359998960742,6.49536231130973,115.617449141313,7.14285714285714
2021-04-18,8511,7,6359,6,2152,1,7143,6,62536,45,69679,51,0,170,0,89,7,8252,0,217,173,"Anderson",76978,79.2434201979786,0.0727272727272727,66.2526955753592,9.09350723583361,115.617449141313,7.27272727272727
2021-04-19,8517,6,6362,3,2155,3,7146,3,62559,23,69705,26,0,170,-6,83,12,8264,0,217,174,"Anderson",76978,83.1406375847645,0.0781758957654723,33.7758840188106,7.79443477357167,107.823014367741,7.81758957654723
2021-04-20,8523,6,6365,3,2158,3,7149,3,62658,99,69807,102,0,170,-1,82,7,8271,0,217,174,"Anderson",76978,77.9443477357167,0.0693374422187981,132.505391150718,7.79443477357167,106.523941905479,6.93374422187981
2021-04-21,8534,11,6370,5,2164,6,7155,6,62813,155,69968,161,1,171,-3,79,13,8284,0,217,174,"Anderson",76978,74.0471303489309,0.0605143721633888,209.150666424173,14.2897970848814,102.626724518694,6.05143721633888
2021-04-22,8552,18,6376,6,2176,12,7162,7,62957,144,70119,151,0,171,12,91,6,8290,0,217,174,"Anderson",76978,85.7387825092884,0.0578512396694215,196.159941801554,23.383304320715,118.215594065837,5.78512396694215
2021-04-23,8562,10,6381,5,2181,5,7168,6,63123,166,70291,172,0,171,8,99,2,8292,0,217,174,"Anderson",76978,81.8415651225025,0.0478142076502732,223.440463509055,12.9907246226195,128.608173763933,4.78142076502732
2021-04-24,8575,13,6388,7,2187,6,7175,7,63190,67,70365,74,0,171,9,108,4,8296,1,218,174,"Anderson",76978,92.2341448205981,0.0515603799185889,96.1313622073839,16.8879420094053,140.29982592429,5.15603799185889
2021-04-25,8579,4,6390,2,2189,2,7177,2,63230,40,70407,42,0,171,0,108,4,8300,0,218,174,"Anderson",76978,88.3369274338123,0.0467032967032967,54.5610434150017,5.19628984904778,140.29982592429,4.67032967032967
2021-04-26,8588,9,6394,4,2194,5,7181,4,63305,75,70486,79,0,171,2,110,7,8307,0,218,175,"Anderson",76978,92.2341448205981,0.0448143405889885,102.626724518694,11.6916521603575,142.897970848814,4.48143405889885
2021-04-27,8598,10,6400,6,2198,4,7187,6,63373,68,70560,74,0,171,-3,107,13,8320,0,218,175,"Anderson",76978,97.4304346696459,0.050464807436919,96.1313622073839,12.9907246226195,139.000753462028,5.0464807436919
2021-04-28,8615,17,6412,12,2203,5,7200,13,63511,138,70711,151,0,171,1,108,16,8336,1,219,175,"Anderson",76978,105.224869443218,0.0605652759084791,196.159941801554,22.0842318584531,140.29982592429,6.05652759084791
2021-04-29,8621,6,6414,2,2207,4,7203,3,63660,149,70863,152,0,171,-1,107,7,8343,0,219,175,"Anderson",76978,89.6359998960742,0.0551075268817204,197.459014263816,7.79443477357167,139.000753462028,5.51075268817204
2021-04-30,8628,7,6417,3,2211,4,7207,4,63782,122,70989,126,0,171,-2,105,9,8352,0,219,175,"Anderson",76978,85.7387825092884,0.0558739255014327,163.683130245005,9.09350723583361,136.402608537504,5.58739255014327
2021-05-01,8633,5,6420,3,2213,2,7210,3,63845,63,71055,66,0,171,-1,104,6,8358,1,220,175,"Anderson",76978,75.3462028111928,0.0507246376811594,85.7387825092884,6.49536231130973,135.103536075242,5.07246376811594
2021-05-02,8636,3,6421,1,2215,2,7211,1,63896,51,71107,52,0,171,-7,97,10,8368,0,220,175,"Anderson",76978,74.0471303489309,0.0485714285714286,67.5517680376211,3.89721738678583,126.010028839409,4.85714285714286
2021-05-03,8646,10,6426,5,2220,5,7216,5,64002,106,71218,111,0,171,-3,94,13,8381,0,220,175,"Anderson",76978,75.3462028111928,0.0478142076502732,144.197043311076,12.9907246226195,122.112811452623,4.78142076502732
2021-05-04,8648,2,6426,0,2222,2,7217,1,64078,76,71295,77,0,171,-10,84,12,8393,0,220,175,"Anderson",76978,64.9536231130973,0.0408163265306122,100.02857959417,2.59814492452389,109.122086830003,4.08163265306122
2021-05-05,8656,8,6430,4,2226,4,7220,3,64195,117,71415,120,0,171,-3,81,11,8404,0,220,175,"Anderson",76978,53.2619709527397,0.0284090909090909,155.888695471433,10.3925796980956,105.224869443218,2.84090909090909
2021-05-06,8661,5,6433,3,2228,2,7226,6,64247,52,71473,58,0,171,-5,76,10,8414,1,221,175,"Anderson",76978,51.9628984904778,0.0377049180327869,75.3462028111928,6.49536231130973,98.7295071319078,3.77049180327869
2021-05-07,8666,5,6435,2,2231,3,7229,3,64368,121,71597,124,0,171,-4,72,9,8423,0,221,175,"Anderson",76978,49.3647535659539,0.0361842105263158,161.084985320481,6.49536231130973,93.53321728286,3.61842105263158
2021-05-08,8672,6,6438,3,2234,3,7231,2,64437,69,71668,71,0,171,-6,66,12,8435,1,222,175,"Anderson",76978,50.6638260282159,0.034257748776509,92.2341448205981,7.79443477357167,85.7387825092884,3.4257748776509
2021-05-09,8673,1,6438,0,2235,1,7232,1,64465,28,71697,29,0,171,-4,62,5,8440,0,222,175,"Anderson",76978,48.065681103692,0.0355932203389831,37.6731014055964,1.29907246226194,80.5424926602406,3.55932203389831
2021-05-10,8678,5,6438,0,2240,5,7232,0,64553,88,71785,88,0,171,-5,57,10,8450,0,222,175,"Anderson",76978,41.5703187923822,0.0282186948853616,114.318376679051,6.49536231130973,74.0471303489309,2.82186948853616
2021-05-11,8686,8,6439,1,2247,7,7234,2,64595,42,71829,44,0,171,3,60,5,8455,0,222,175,"Anderson",76978,49.3647535659539,0.0318352059925094,57.1591883395256,10.3925796980956,77.9443477357167,3.18352059925094
2021-05-12,8699,13,6446,7,2253,6,7240,6,64699,104,71939,110,0,171,8,68,5,8460,2,224,175,"Anderson",76978,55.8601158772636,0.0381679389312977,142.897970848814,16.8879420094053,88.3369274338123,3.81679389312977
2021-05-13,8703,4,6448,2,2255,2,7242,2,64802,103,72044,105,0,171,-3,65,7,8467,2,226,175,"Anderson",76978,54.5610434150017,0.0280210157618214,136.402608537504,5.19628984904778,84.4397100470264,2.80210157618214
2021-05-14,8711,8,6451,3,2260,5,7247,5,64889,87,72136,92,0,171,2,67,6,8473,0,226,175,"Anderson",76978,58.4582608017875,0.0333951762523191,119.514666528099,10.3925796980956,87.0378549715503,3.33951762523191
2021-05-15,8716,5,6453,2,2263,3,7249,2,64954,65,72203,67,0,171,1,68,4,8477,0,226,175,"Anderson",76978,57.1591883395256,0.0336448598130841,87.0378549715503,6.49536231130973,88.3369274338123,3.36448598130841
2021-05-16,8718,2,6454,1,2264,1,7250,1,64990,36,72240,37,0,171,-5,63,7,8484,0,226,175,"Anderson",76978,58.4582608017875,0.0331491712707182,48.065681103692,2.59814492452389,81.8415651225025,3.31491712707182
2021-05-17,8724,6,6459,5,2265,1,7255,5,65049,59,72304,64,1,172,0,63,5,8489,0,226,175,"Anderson",76978,59.7573332640495,0.0443159922928709,83.1406375847645,7.79443477357167,81.8415651225025,4.43159922928709
2021-05-18,8728,4,6459,0,2269,4,7255,0,65140,91,72395,91,0,172,0,63,4,8493,1,227,175,"Anderson",76978,54.5610434150017,0.0371024734982332,118.215594065837,5.19628984904778,81.8415651225025,3.71024734982332
2021-05-19,8735,7,6464,5,2271,2,7261,6,65259,119,72520,125,0,172,4,67,3,8496,0,227,175,"Anderson",76978,46.76660864143,0.036144578313253,162.384057782743,9.09350723583361,87.0378549715503,3.6144578313253
2021-05-20,8737,2,6466,2,2271,0,7263,2,65378,119,72641,121,0,172,-1,66,3,8499,0,227,175,"Anderson",76978,44.1684637169061,0.0351758793969849,157.187767933695,2.59814492452389,85.7387825092884,3.51758793969849
2021-05-21,8739,2,6466,0,2273,2,7263,0,65448,70,72711,70,0,172,-7,59,9,8508,0,227,175,"Anderson",76978,36.3740289433345,0.0278260869565217,90.9350723583361,2.59814492452389,76.6452752734548,2.78260869565217
2021-05-22,8744,5,6468,2,2276,3,7265,2,65488,40,72753,42,0,172,-3,56,8,8516,0,227,175,"Anderson",76978,36.3740289433345,0.0290909090909091,54.5610434150017,6.49536231130973,72.7480578866689,2.90909090909091
2021-05-23,8744,0,6468,0,2276,0,7265,0,65517,29,72782,29,0,172,-3,53,3,8519,0,227,175,"Anderson",76978,33.7758840188106,0.0276752767527675,37.6731014055964,0,68.8508404998831,2.76752767527675
2021-05-24,8752,8,6472,4,2280,4,7268,3,65576,59,72844,62,0,172,1,54,7,8526,0,227,175,"Anderson",76978,36.3740289433345,0.0240740740740741,80.5424926602406,10.3925796980956,70.149912962145,2.40740740740741
2021-05-25,8754,2,6472,0,2282,2,7269,1,65621,45,72890,46,0,172,-10,44,12,8538,0,227,175,"Anderson",76978,33.7758840188106,0.0282828282828283,59.7573332640495,2.59814492452389,57.1591883395256,2.82828282828283
2021-05-26,8761,7,6477,5,2284,2,7275,6,65721,100,72996,106,0,172,0,44,7,8545,0,227,175,"Anderson",76978,33.7758840188106,0.0294117647058824,137.701680999766,9.09350723583361,57.1591883395256,2.94117647058824
2021-05-27,8763,2,6478,1,2285,1,7276,1,65771,50,73047,51,0,172,-1,43,3,8548,1,228,175,"Anderson",76978,33.7758840188106,0.0320197044334975,66.2526955753592,2.59814492452389,55.8601158772636,3.20197044334975
2021-05-28,8768,5,6482,4,2286,1,7281,5,65854,83,73135,88,0,172,0,43,5,8553,0,228,175,"Anderson",76978,37.6731014055964,0.0424528301886792,114.318376679051,6.49536231130973,55.8601158772636,4.24528301886792
2021-05-29,8769,1,6482,0,2287,1,7281,0,65891,37,73172,37,0,172,-5,38,6,8559,0,228,175,"Anderson",76978,32.4768115565486,0.0381861575178998,48.065681103692,1.29907246226194,49.3647535659539,3.81861575178998
2021-05-30,8772,3,6483,1,2289,2,7282,1,65941,50,73223,51,0,172,0,38,3,8562,0,228,175,"Anderson",76978,36.3740289433345,0.0385487528344671,66.2526955753592,3.89721738678583,49.3647535659539,3.85487528344671
2021-05-31,8776,4,6486,3,2290,1,7285,3,65992,51,73277,54,0,172,1,39,3,8565,0,228,175,"Anderson",76978,31.1777390942867,0.0392609699769053,70.149912962145,5.19628984904778,50.6638260282159,3.92609699769053
2021-06-01,8779,3,6488,2,2291,1,7286,1,66040,48,73326,49,0,172,1,40,2,8567,1,229,175,"Anderson",76978,32.4768115565486,0.0389908256880734,63.6545506508353,3.89721738678583,51.9628984904778,3.89908256880734
2021-06-02,8783,4,6489,1,2294,3,7288,2,66081,41,73369,43,0,172,-2,38,6,8573,0,229,175,"Anderson",76978,28.5795941697628,0.0348525469168901,55.8601158772636,5.19628984904778,49.3647535659539,3.48525469168901
2021-06-03,8784,1,6489,0,2295,1,7291,3,66171,90,73462,93,1,173,-3,35,3,8576,0,229,175,"Anderson",76978,27.2805217075008,0.036144578313253,120.813738990361,1.29907246226194,45.4675361791681,3.6144578313253
2021-06-04,8785,1,6490,1,2295,0,7293,2,66224,53,73517,55,-1,172,-2,33,4,8580,0,229,175,"Anderson",76978,22.0842318584531,0.031413612565445,71.448985424407,1.29907246226194,42.8693912546442,3.1413612565445
2021-06-05,8786,1,6491,1,2295,0,7294,1,66281,57,73575,58,0,172,-3,30,4,8584,0,229,175,"Anderson",76978,22.0842318584531,0.032258064516129,75.3462028111928,1.29907246226194,38.9721738678584,3.2258064516129
2021-06-06,8786,0,6491,0,2295,0,7294,0,66306,25,73600,25,0,172,-4,26,4,8588,0,229,175,"Anderson",76978,18.1870144716672,0.0318302387267905,32.4768115565486,0,33.7758840188106,3.18302387267904
2021-06-07,8787,1,6491,0,2296,1,7294,0,66370,64,73664,64,0,172,-1,25,2,8590,0,229,175,"Anderson",76978,14.2897970848814,0.0232558139534884,83.1406375847645,1.29907246226194,32.4768115565486,2.32558139534884
2021-06-08,8788,1,6491,0,2297,1,7294,0,66407,37,73701,37,0,172,-1,24,2,8592,1,230,176,"Anderson",76978,11.6916521603575,0.0213333333333333,48.065681103692,1.29907246226194,31.1777390942867,2.13333333333333
2021-06-09,8788,0,6491,0,2297,0,7294,0,66489,82,73783,82,0,172,-4,20,4,8596,0,230,176,"Anderson",76978,6.49536231130972,0.0144927536231884,106.523941905479,0,25.9814492452389,1.44927536231884
2021-06-10,8792,4,6492,1,2300,3,7295,1,66546,57,73841,58,0,172,4,24,0,8596,0,230,176,"Anderson",76978,10.3925796980956,0.0105540897097625,75.3462028111928,5.19628984904778,31.1777390942867,1.05540897097625
2021-06-11,8793,1,6492,0,2301,1,7296,1,66601,55,73897,56,1,173,-3,21,3,8599,0,230,176,"Anderson",76978,10.3925796980956,0.00789473684210526,72.7480578866689,1.29907246226194,27.2805217075008,0.789473684210526
2021-06-12,8794,1,6492,0,2302,1,7297,1,66656,55,73953,56,2,175,-4,17,3,8602,0,230,176,"Anderson",76978,10.3925796980956,0.00793650793650794,72.7480578866689,1.29907246226194,22.0842318584531,0.793650793650794
2021-06-13,8795,1,6492,0,2303,1,7298,1,66694,38,73992,39,0,175,-3,14,4,8606,0,230,176,"Anderson",76978,11.6916521603575,0.0102040816326531,50.6638260282159,1.29907246226194,18.1870144716672,1.02040816326531
2021-06-14,8797,2,6494,2,2303,0,7300,2,66780,86,74080,88,0,175,1,15,1,8607,0,230,176,"Anderson",76978,12.9907246226194,0.0144230769230769,114.318376679051,2.59814492452389,19.4860869339292,1.44230769230769
2021-06-15,8797,0,6494,0,2303,0,7301,1,66811,31,74112,32,0,175,-1,14,1,8608,0,230,176,"Anderson",76978,11.6916521603575,0.0170316301703163,41.5703187923822,0,18.1870144716672,1.70316301703163
2021-06-16,8798,1,6495,1,2303,0,7302,1,66855,44,74157,45,0,175,0,14,1,8609,0,230,176,"Anderson",76978,12.9907246226194,0.0213903743315508,58.4582608017875,1.29907246226194,18.1870144716672,2.13903743315508
2021-06-17,8798,0,6495,0,2303,0,7302,0,66941,86,74243,86,0,175,-1,13,1,8610,0,230,176,"Anderson",76978,7.79443477357167,0.0174129353233831,111.720231754527,0,16.8879420094053,1.74129353233831
2021-06-18,8800,2,6496,1,2304,1,7306,4,66991,50,74297,54,0,175,1,14,1,8611,0,230,176,"Anderson",76978,9.09350723583361,0.025,70.149912962145,2.59814492452389,18.1870144716672,2.5
2021-06-19,8800,0,6496,0,2304,0,7306,0,67039,48,74345,48,0,175,-1,13,1,8612,0,230,176,"Anderson",76978,7.79443477357167,0.0229591836734694,62.3554781885734,0,16.8879420094053,2.29591836734694
2021-06-20,8800,0,6496,0,2304,0,7307,1,67062,23,74369,24,0,175,-2,11,2,8614,0,230,176,"Anderson",76978,6.49536231130972,0.0238726790450928,31.1777390942867,0,14.2897970848814,2.38726790450928
2021-06-21,8801,1,6496,0,2305,1,7307,0,67102,40,74409,40,0,175,0,11,1,8615,0,230,176,"Anderson",76978,5.19628984904778,0.0212765957446809,51.9628984904778,1.29907246226194,14.2897970848814,2.12765957446809
2021-06-22,8805,4,6497,1,2308,3,7307,0,67144,42,74451,42,0,175,2,13,2,8617,1,231,176,"Anderson",76978,10.3925796980956,0.0176991150442478,54.5610434150017,5.19628984904778,16.8879420094053,1.76991150442478
2021-06-23,8806,1,6498,1,2308,0,7308,1,67192,48,74500,49,0,175,1,14,0,8617,0,231,176,"Anderson",76978,10.3925796980956,0.0174927113702624,63.6545506508353,1.29907246226194,18.1870144716672,1.74927113702624
2021-06-24,8806,0,6498,0,2308,0,7309,1,67237,45,74546,46,0,175,-3,11,3,8620,0,231,176,"Anderson",76978,10.3925796980956,0.0231023102310231,59.7573332640495,0,14.2897970848814,2.31023102310231
2021-06-25,8807,1,6499,1,2308,0,7310,1,67273,36,74583,37,0,175,1,12,0,8620,0,231,176,"Anderson",76978,9.09350723583361,0.013986013986014,48.065681103692,1.29907246226194,15.5888695471433,1.3986013986014
2021-06-26,8808,1,6500,1,2308,0,7311,1,67306,33,74617,34,0,175,0,12,1,8621,0,231,176,"Anderson",76978,10.3925796980956,0.0183823529411765,44.1684637169061,1.29907246226194,15.5888695471433,1.83823529411765
2021-06-27,8808,0,6500,0,2308,0,7311,0,67338,32,74649,32,0,175,0,12,0,8621,0,231,176,"Anderson",76978,10.3925796980956,0.0142857142857143,41.5703187923822,0,15.5888695471433,1.42857142857143
2021-06-28,8809,1,6500,0,2309,1,7312,1,67354,16,74666,17,0,175,1,13,0,8621,0,231,176,"Anderson",76978,10.3925796980956,0.0194552529182879,22.0842318584531,1.29907246226194,16.8879420094053,1.94552529182879
2021-06-29,8812,3,6503,3,2309,0,7315,3,67413,59,74728,62,0,175,2,15,1,8622,0,231,176,"Anderson",76978,9.09350723583361,0.0288808664259928,80.5424926602406,3.89721738678583,19.4860869339292,2.88808664259928
2021-06-30,8812,0,6503,0,2309,0,7315,0,67459,46,74774,46,0,175,-1,14,1,8623,0,231,176,"Anderson",76978,7.79443477357167,0.0255474452554745,59.7573332640495,0,18.1870144716672,2.55474452554745
2021-07-01,8813,1,6504,1,2309,0,7316,1,67496,37,74812,38,0,175,1,15,0,8623,0,231,176,"Anderson",76978,9.09350723583361,0.0263157894736842,49.3647535659539,1.29907246226194,19.4860869339292,2.63157894736842
2021-07-02,8813,0,6504,0,2309,0,7316,0,67539,43,74855,43,0,175,0,15,0,8623,0,231,176,"Anderson",76978,7.79443477357167,0.0220588235294118,55.8601158772636,0,19.4860869339292,2.20588235294118
2021-07-03,8813,0,6504,0,2309,0,7316,0,67560,21,74876,21,0,175,-1,14,1,8624,0,231,176,"Anderson",76978,6.49536231130972,0.0193050193050193,27.2805217075008,0,18.1870144716672,1.93050193050193
2021-07-04,8814,1,6504,0,2310,1,7317,1,67585,25,74902,26,0,175,0,14,1,8625,0,231,176,"Anderson",76978,7.79443477357167,0.0237154150197628,33.7758840188106,1.29907246226194,18.1870144716672,2.37154150197628
2021-07-05,8814,0,6504,0,2310,0,7318,1,67600,15,74918,16,0,175,-1,13,1,8626,0,231,176,"Anderson",76978,6.49536231130972,0.0238095238095238,20.7851593961911,0,16.8879420094053,2.38095238095238
2021-07-06,8815,1,6504,0,2311,1,7318,0,67630,30,74948,30,1,176,-3,10,3,8629,0,231,176,"Anderson",76978,3.89721738678583,0.0136363636363636,38.9721738678584,1.29907246226194,12.9907246226195,1.36363636363636
2021-07-07,8816,1,6504,0,2312,1,7318,0,67676,46,74994,46,0,176,-2,8,3,8632,0,231,176,"Anderson",76978,5.19628984904778,0.0136363636363636,59.7573332640495,1.29907246226194,10.3925796980956,1.36363636363636
2021-07-08,8817,1,6505,1,2312,0,7319,1,67717,41,75036,42,0,176,-1,7,2,8634,0,231,176,"Anderson",76978,5.19628984904778,0.0133928571428571,54.5610434150017,1.29907246226194,9.09350723583361,1.33928571428571
2021-07-09,8819,2,6506,1,2313,1,7320,1,67761,44,75081,45,0,176,1,8,1,8635,0,231,176,"Anderson",76978,7.79443477357167,0.0176991150442478,58.4582608017875,2.59814492452389,10.3925796980956,1.76991150442478
2021-07-10,8821,2,6507,1,2314,1,7321,1,67783,22,75104,23,0,176,2,10,0,8635,1,232,176,"Anderson",76978,10.3925796980956,0.0219298245614035,29.8786666320247,2.59814492452389,12.9907246226195,2.19298245614035
2021-07-11,8821,0,6507,0,2314,0,7321,0,67798,15,75119,15,0,176,0,10,0,8635,0,232,176,"Anderson",76978,9.09350723583361,0.0184331797235023,19.4860869339292,0,12.9907246226195,1.84331797235023
2021-07-12,8829,8,6511,4,2318,4,7325,4,67834,36,75159,40,0,176,7,17,1,8636,1,233,176,"Anderson",76978,19.4860869339292,0.029045643153527,51.9628984904778,10.3925796980956,22.0842318584531,2.9045643153527
2021-07-13,8830,1,6511,0,2319,1,7325,0,67855,21,75180,21,0,176,0,17,1,8637,0,233,177,"Anderson",76978,19.4860869339292,0.0301724137931034,27.2805217075008,1.29907246226194,22.0842318584531,3.01724137931034
2021-07-14,8835,5,6515,4,2320,1,7330,5,67909,54,75239,59,0,176,5,22,0,8637,1,234,177,"Anderson",76978,24.682376782977,0.0489795918367347,76.6452752734548,6.49536231130973,28.5795941697628,4.89795918367347
2021-07-15,8838,3,6518,3,2320,0,7332,2,67942,33,75274,35,0,176,3,25,0,8637,0,234,177,"Anderson",76978,27.2805217075008,0.0546218487394958,45.4675361791681,3.89721738678583,32.4768115565486,5.46218487394958
2021-07-16,8848,10,6520,2,2328,8,7333,1,67970,28,75303,29,0,176,10,35,0,8637,0,234,177,"Anderson",76978,37.6731014055964,0.0585585585585586,37.6731014055964,12.9907246226195,45.4675361791681,5.85585585585586
2021-07-17,8853,5,6521,1,2332,4,7334,1,68006,36,75340,37,0,176,4,39,1,8638,0,234,177,"Anderson",76978,41.5703187923822,0.0550847457627119,48.065681103692,6.49536231130973,50.6638260282159,5.50847457627119
2021-07-18,8856,3,6523,2,2333,1,7336,2,68026,20,75362,22,0,176,-1,38,4,8642,0,234,177,"Anderson",76978,45.4675361791681,0.0617283950617284,28.5795941697628,3.89721738678583,49.3647535659539,6.17283950617284
2021-07-19,8861,5,6527,4,2334,1,7340,4,68060,34,75400,38,1,177,2,40,2,8644,0,234,177,"Anderson",76978,41.5703187923822,0.0622406639004149,49.3647535659539,6.49536231130973,51.9628984904778,6.22406639004149
2021-07-20,8876,15,6538,11,2338,4,7351,11,68095,35,75446,46,0,177,10,50,5,8649,1,235,177,"Anderson",76978,59.7573332640495,0.0977443609022556,59.7573332640495,19.4860869339292,64.9536231130973,9.77443609022556
2021-07-21,8883,7,6542,4,2341,3,7356,5,68180,85,75536,90,0,177,6,56,1,8650,0,235,178,"Anderson",76978,62.3554781885734,0.0875420875420875,116.916521603575,9.09350723583361,72.7480578866689,8.75420875420875
2021-07-22,8893,10,6547,5,2346,5,7360,4,68236,56,75596,60,0,177,9,65,1,8651,0,235,178,"Anderson",76978,71.448985424407,0.0869565217391304,77.9443477357167,12.9907246226195,84.4397100470264,8.69565217391304
2021-07-23,8903,10,6551,4,2352,6,7365,5,68307,71,75672,76,0,177,10,75,0,8651,0,235,178,"Anderson",76978,71.448985424407,0.0867208672086721,98.7295071319078,12.9907246226195,97.4304346696459,8.67208672086721
2021-07-24,8911,8,6555,4,2356,4,7369,4,68361,54,75730,58,0,177,7,82,1,8652,0,235,179,"Anderson",76978,75.3462028111928,0.0897435897435897,75.3462028111928,10.3925796980956,106.523941905479,8.97435897435897
2021-07-25,8916,5,6558,3,2358,2,7370,1,68383,22,75753,23,0,177,2,84,3,8655,0,235,179,"Anderson",76978,77.9443477357167,0.0869565217391304,29.8786666320247,6.49536231130973,109.122086830003,8.69565217391304
2021-07-26,8939,23,6567,9,2372,14,7378,8,68433,50,75811,58,2,179,13,97,8,8663,0,235,179,"Anderson",76978,101.327652056432,0.0924574209245742,75.3462028111928,29.8786666320247,126.010028839409,9.24574209245742
2021-07-27,8954,15,6572,5,2382,10,7383,5,68486,53,75869,58,0,179,12,109,3,8666,0,235,179,"Anderson",76978,101.327652056432,0.0756501182033097,75.3462028111928,19.4860869339292,141.598898386552,7.56501182033097
2021-07-28,8974,20,6580,8,2394,12,7395,12,68569,83,75964,95,0,179,14,123,6,8672,0,235,179,"Anderson",76978,118.215594065837,0.0911214953271028,123.411883914885,25.9814492452389,159.785912858219,9.11214953271028
2021-07-29,8986,12,6590,10,2396,2,7407,12,68618,49,76025,61,0,179,9,132,3,8675,0,235,179,"Anderson",76978,120.813738990361,0.10955710955711,79.2434201979787,15.5888695471433,171.477565018577,10.955710955711
2021-07-30,9017,31,6609,19,2408,12,7429,22,68667,49,76096,71,0,179,19,151,12,8687,0,235,179,"Anderson",76978,148.094260697862,0.150943396226415,92.2341448205981,40.2712463301203,196.159941801554,15.0943396226415
2021-07-31,9030,13,6615,6,2415,7,7435,6,68709,42,76144,48,0,179,8,159,5,8692,0,235,179,"Anderson",76978,154.589623009171,0.159420289855072,62.3554781885734,16.8879420094053,206.552521499649,15.9420289855072
2021-08-01,9049,19,6626,11,2423,8,7450,15,68748,39,76198,54,0,179,14,173,5,8697,0,235,179,"Anderson",76978,172.776637480839,0.179775280898876,70.149912962145,24.682376782977,224.739535971316,17.9775280898876
2021-08-02,9060,11,6631,5,2429,6,7455,5,68827,79,76282,84,0,179,3,176,8,8705,0,235,179,"Anderson",76978,157.187767933695,0.16348195329087,109.122086830003,14.2897970848814,228.636753358102,16.348195329087
2021-08-03,9083,23,6642,11,2441,12,7468,13,68899,72,76367,85,0,179,13,189,10,8715,1,236,179,"Anderson",76978,167.580347631791,0.170682730923695,110.421159292265,29.8786666320247,245.524695367508,17.0682730923695
2021-08-04,9109,26,6664,22,2445,4,7489,21,69001,102,76490,123,0,179,24,213,2,8717,0,236,179,"Anderson",76978,175.374782405363,0.178707224334601,159.785912858219,33.7758840188106,276.702434461794,17.8707224334601
2021-08-05,9139,30,6680,16,2459,14,7505,16,69099,98,76604,114,0,179,14,227,16,8733,1,237,179,"Anderson",76978,198.758086726078,0.169257340241796,148.094260697862,38.9721738678584,294.889448933461,16.9257340241796
2021-08-06,9164,25,6696,16,2468,9,7523,18,69242,143,76765,161,0,179,17,244,8,8741,1,238,179,"Anderson",76978,190.963651952506,0.14050822122571,209.150666424173,32.4768115565486,316.973680791915,14.050822122571
2021-08-07,9177,13,6702,6,2475,7,7530,7,69317,75,76847,82,0,179,5,249,8,8749,0,238,179,"Anderson",76978,190.963651952506,0.135135135135135,106.523941905479,16.8879420094053,323.469043103224,13.5135135135135
2021-08-08,9191,14,6710,8,2481,6,7540,10,69369,52,76909,62,0,179,6,255,8,8757,0,238,179,"Anderson",76978,184.468289641196,0.126582278481013,80.5424926602406,18.1870144716672,331.263477876796,12.6582278481013
2021-08-09,9227,36,6730,20,2497,16,7559,19,69468,99,77027,118,0,179,16,271,20,8777,0,238,179,"Anderson",76978,216.945101197745,0.139597315436242,153.29055054691,46.76660864143,352.048637272987,13.9597315436242
2021-08-10,9266,39,6749,19,2517,20,7579,20,69568,100,77147,120,0,179,21,292,18,8795,2,240,179,"Anderson",76978,237.730260593936,0.142307692307692,155.888695471433,50.6638260282159,379.329158980488,14.2307692307692
2021-08-11,9320,54,6772,23,2548,31,7608,29,69700,132,77308,161,0,179,30,322,24,8819,0,240,179,"Anderson",76978,274.10428953727,0.145476772616137,209.150666424173,70.149912962145,418.301332848346,14.5476772616137
2021-08-12,9368,48,6806,34,2562,14,7645,37,69868,168,77513,205,0,179,26,348,22,8841,0,240,181,"Anderson",76978,297.487593857985,0.154015401540154,266.309854763699,62.3554781885734,452.077216867157,15.4015401540154
2021-08-13,9432,64,6839,33,2593,31,7683,38,69982,114,77665,152,2,181,46,394,16,8857,1,241,181,"Anderson",76978,348.151419886201,0.177777777777778,197.459014263816,83.1406375847645,511.834550131206,17.7777777777778
2021-08-14,9483,51,6873,34,2610,17,7715,32,70168,186,77883,218,0,181,32,426,19,8876,0,241,181,"Anderson",76978,397.516173452155,0.178571428571429,283.197796773104,66.2526955753592,553.404868923589,17.8571428571429
2021-08-15,9506,23,6885,12,2621,11,7730,15,70257,89,77987,104,0,181,15,441,8,8884,0,241,181,"Anderson",76978,409.207825612513,0.176252319109462,135.103536075242,29.8786666320247,572.890955857518,17.6252319109462
2021-08-16,9543,37,6908,23,2635,14,7754,24,70346,89,78100,113,0,181,10,451,27,8911,0,241,182,"Anderson",76978,410.506898074775,0.181733457595527,146.7951882356,48.065681103692,585.881680480137,18.1733457595527
2021-08-17,9586,43,6929,21,2657,22,7779,25,70454,108,78233,133,1,182,16,467,26,8937,0,241,182,"Anderson",76978,415.703187923822,0.184162062615101,172.776637480839,55.8601158772636,606.666839876328,18.4162062615101
2021-08-18,9638,52,6956,27,2682,25,7810,31,70566,112,78376,143,0,182,16,483,36,8973,0,241,182,"Anderson",76978,413.105042999299,0.189138576779026,185.767362103458,67.5517680376211,627.451999272519,18.9138576779026
2021-08-19,9712,74,6986,30,2726,44,7845,35,70718,152,78563,187,0,182,49,532,25,8998,0,241,182,"Anderson",76978,446.880927018109,0.19047619047619,242.926550442984,96.1313622073839,691.106549923355,19.047619047619
2021-08-20,9771,59,7025,39,2746,20,7888,43,70912,194,78800,237,0,182,31,563,28,9026,1,242,182,"Anderson",76978,440.385564706799,0.180616740088106,307.880173556081,76.6452752734548,731.377796253475,18.0616740088106
2021-08-21,9853,82,7058,33,2795,49,7922,34,71186,274,79108,308,0,182,61,624,21,9047,0,242,182,"Anderson",76978,480.65681103692,0.168979591836735,400.114318376679,106.523941905479,810.621216451454,16.8979591836735
2021-08-22,9877,24,7079,21,2798,3,7950,28,71342,156,79292,184,0,182,2,626,22,9069,0,242,182,"Anderson",76978,481.955883499182,0.168582375478927,239.029333056198,31.1777390942867,813.219361375978,16.8582375478927
2021-08-23,9925,48,7093,14,2832,34,7967,17,71477,135,79444,152,0,182,-3,623,51,9120,0,242,183,"Anderson",76978,496.245680584063,0.158482142857143,197.459014263816,62.3554781885734,809.322143989192,15.8482142857143
2021-08-24,9970,45,7119,26,2851,19,7991,24,71563,86,79554,110,1,183,-24,599,68,9188,0,242,184,"Anderson",76978,498.843825508587,0.160484481453444,142.897970848814,58.4582608017875,778.144404894905,16.0484481453444
2021-08-25,10041,71,7144,25,2897,46,8012,21,71607,44,79619,65,0,183,16,615,55,9243,0,242,184,"Anderson",76978,523.526202291564,0.162510056315366,84.4397100470264,92.2341448205981,798.929564291096,16.2510056315366
2021-08-26,10109,68,7178,34,2931,34,8056,44,71779,172,79835,216,1,184,13,628,54,9297,1,243,184,"Anderson",76978,515.731767517992,0.165880503144654,280.59965184858,88.3369274338123,815.817506300501,16.5880503144654
2021-08-27,10184,75,7232,54,2952,21,8116,60,71956,177,80072,237,0,184,26,654,49,9346,0,243,184,"Anderson",76978,536.516926914183,0.179245283018868,307.880173556081,97.4304346696459,849.593390319312,17.9245283018868
2021-08-28,10243,59,7264,32,2979,27,8158,42,72160,204,80318,246,0,184,28,682,31,9377,0,243,184,"Anderson",76978,506.638260282159,0.19504132231405,319.571825716438,76.6452752734548,885.967419262646,19.504132231405
2021-08-29,10307,64,7313,49,2994,15,8212,54,72371,211,80583,265,0,184,41,723,23,9400,1,244,184,"Anderson",76978,558.601158772636,0.20294345468629,344.254202499415,83.1406375847645,939.229390215386,20.294345468629
2021-08-30,10379,72,7360,47,3019,25,8261,49,72597,226,80858,275,0,184,6,729,66,9466,1,245,184,"Anderson",76978,589.778897866923,0.207920792079208,357.244927122035,93.53321728286,947.023824988958,20.7920792079208
2021-08-31,10514,135,7442,82,3072,53,8348,87,72854,257,81202,344,0,184,46,775,89,9555,0,245,184,"Anderson",76978,706.695419470498,0.216626213592233,446.880927018109,175.374782405363,1006.78115825301,21.6626213592233
2021-09-01,10545,31,7464,22,3081,9,8371,23,72945,91,81316,114,0,184,-17,758,48,9603,0,245,185,"Anderson",76978,654.73252098002,0.211549793753683,148.094260697862,40.2712463301203,984.696926394554,21.1549793753683
2021-09-02,10604,59,7489,25,3115,34,8400,29,73045,100,81445,129,1,185,-10,748,68,9671,0,245,185,"Anderson",76978,643.040868819663,0.213664596273292,167.580347631791,76.6452752734548,971.706201771935,21.3664596273292
2021-09-03,10633,29,7506,17,3127,12,8418,18,73118,73,81536,91,0,185,-25,723,54,9725,0,245,185,"Anderson",76978,583.283535555613,0.206284153005464,118.215594065837,37.6731014055964,939.229390215386,20.6284153005465
2021-09-04,10739,106,7574,68,3165,38,8495,77,73438,320,81933,397,0,185,78,801,28,9753,1,246,185,"Anderson",76978,644.339941281925,0.208668730650155,515.731767517992,137.701680999766,1040.55704227182,20.8668730650155
2021-09-05,10849,110,7646,72,3203,38,8569,74,73742,304,82311,378,0,185,81,882,29,9782,1,247,186,"Anderson",76978,704.097274545974,0.206597222222222,491.049390735015,142.897970848814,1145.78191171504,20.6597222222222
2021-09-06,10964,115,7722,76,3242,39,8656,87,74149,407,82805,494,0,185,2,884,113,9895,1,248,187,"Anderson",76978,759.957390423238,0.202876219825372,641.741796357401,149.393333160124,1148.38005663956,20.2876219825372
2021-09-07,11001,37,7741,19,3260,18,8674,18,74248,99,82922,117,0,185,-78,806,115,10010,0,248,187,"Anderson",76978,632.648289121567,0.18953488372093,151.991478084648,48.065681103692,1047.05240458313,18.953488372093
2021-09-08,11042,41,7772,31,3270,10,8706,32,74355,107,83061,139,0,185,-60,746,101,10111,1,249,188,"Anderson",76978,645.639013744187,0.191977077363897,180.57107225441,53.2619709527397,969.108056847411,19.1977077363897
2021-09-09,11102,60,7791,19,3311,41,8724,18,74561,206,83285,224,0,185,-38,708,98,10209,0,249,190,"Anderson",76978,646.938086206449,0.176086956521739,290.992231546676,77.9443477357167,919.743303281457,17.6086956521739
2021-09-10,11254,152,7863,72,3391,80,8805,81,74854,293,83659,374,1,186,71,779,80,10289,0,249,191,"Anderson",76978,806.723999064668,0.182289213377296,485.853100885967,197.459014263816,1011.97744810206,18.2289213377296
2021-09-11,11367,113,7925,62,3442,51,8874,69,75200,346,84074,415,0,186,79,858,34,10323,0,249,191,"Anderson",76978,815.817506300501,0.177020084072863,539.115071838707,146.7951882356,1114.60417262075,17.7020084072863
2021-09-12,11405,38,7957,32,3448,6,8909,35,75343,143,84252,178,0,186,8,866,30,10353,0,249,191,"Anderson",76978,722.284289017641,0.175167439464194,231.234898282626,49.3647535659539,1124.99675231884,17.5167439464194
2021-09-13,11491,86,7987,30,3504,56,8941,32,75473,130,84414,162,4,190,-45,821,127,10480,0,249,191,"Anderson",76978,684.611187612045,0.177128651336234,210.449738886435,111.720231754527,1066.53849151706,17.7128651336234
2021-09-14,11549,58,8015,28,3534,30,8976,35,75632,159,84608,194,1,191,-56,765,113,10593,0,249,191,"Anderson",76978,711.891709319546,0.179122182680902,252.020057678817,75.3462028111928,993.790433630388,17.9122182680902
2021-09-15,11590,41,8028,13,3562,28,8990,14,75693,61,84683,75,0,191,-37,728,78,10671,0,249,191,"Anderson",76978,711.891709319546,0.175092478421702,97.4304346696459,53.2619709527397,945.724752526696,17.5092478421702
2021-09-16,11678,88,8081,53,3597,35,9047,57,75914,221,84961,278,0,191,31,759,57,10728,0,249,191,"Anderson",76978,748.26573826288,0.19272076372315,361.142144508821,114.318376679051,985.995998856816,19.272076372315
2020-03-12,1,1,1,1,0,0,1,1,11,11,12,12,NA,NA,NA,NA,0,0,0,0,0,"East TN",2455501,NA,NA,0.488698640318208,0.040724886693184,NA,NA
2020-03-13,1,0,1,0,0,0,1,0,23,12,24,12,NA,NA,NA,NA,0,0,0,0,0,"East TN",2455501,NA,NA,0.488698640318208,0,NA,NA
2020-03-14,3,2,3,2,0,0,3,2,51,28,54,30,NA,NA,NA,NA,0,0,0,0,0,"East TN",2455501,NA,NA,1.22174660079552,0.081449773386368,NA,NA
2020-03-15,3,0,3,0,0,0,3,0,54,3,57,3,NA,NA,NA,NA,0,0,0,0,0,"East TN",2455501,NA,NA,0.122174660079552,0,NA,NA
2020-03-16,5,2,5,2,0,0,5,2,90,36,95,38,NA,NA,NA,NA,0,0,0,0,0,"East TN",2455501,NA,NA,1.54754569434099,0.081449773386368,NA,NA
2020-03-17,6,1,6,1,0,0,5,0,131,41,136,41,NA,NA,NA,NA,0,0,0,0,0,"East TN",2455501,NA,NA,1.66972035442054,0.040724886693184,NA,NA
2020-03-18,8,2,8,2,0,0,7,2,171,40,178,42,NA,NA,NA,NA,0,0,0,0,0,"East TN",2455501,0.325799093545472,0.0393258426966292,1.71044524111373,0.081449773386368,NA,3.93258426966292
2020-03-19,11,3,11,3,0,0,11,4,238,67,249,71,NA,NA,NA,NA,0,0,0,0,0,"East TN",2455501,0.40724886693184,0.0421940928270042,2.89146695521606,0.122174660079552,NA,4.21940928270042
2020-03-20,29,18,29,18,0,0,27,16,382,144,409,160,NA,NA,NA,NA,3,3,2,2,0,"East TN",2455501,1.14029682740915,0.0675324675324675,6.51598187090944,0.733047960477312,NA,6.75324675324675
2020-03-21,38,9,38,9,0,0,38,11,610,228,648,239,NA,NA,NA,NA,3,6,1,3,1,"East TN",2455501,1.42537103426144,0.0589225589225589,9.73324791967098,0.366523980238656,NA,5.89225589225589
2020-03-22,48,10,47,9,1,1,43,5,713,103,756,108,NA,NA,NA,NA,2,8,4,7,2,"East TN",2455501,1.83261990119328,0.0572246065808298,4.39828776286387,0.40724886693184,NA,5.72246065808298
2020-03-23,64,16,63,16,1,0,56,13,846,133,902,146,NA,NA,NA,NA,7,15,4,11,2,"East TN",2455501,2.40276831489786,0.0631970260223048,5.94583345720486,0.651598187090944,NA,6.31970260223048
2020-03-24,83,19,82,19,1,0,70,14,987,141,1057,155,NA,NA,NA,NA,7,22,5,16,2,"East TN",2455501,3.13581627537517,0.0705754614549403,6.31235743744352,0.773772847170496,NA,7.05754614549403
2020-03-25,116,33,115,33,1,0,99,29,1288,301,1387,330,NA,NA,NA,NA,15,37,12,28,3,"East TN",2455501,4.39828776286387,0.076095947063689,13.4392126087507,1.34392126087507,NA,7.6095947063689
2020-03-26,144,28,143,28,1,0,130,31,1774,486,1904,517,NA,NA,NA,NA,15,52,5,33,4,"East TN",2455501,5.41640993019347,0.0719033232628399,21.0547664203761,1.14029682740915,NA,7.19033232628399
2020-03-27,166,22,165,22,1,0,147,17,2171,397,2318,414,NA,NA,NA,NA,17,69,6,39,4,"East TN",2455501,5.57930947696621,0.0628601361969618,16.8601030909782,0.895947507250048,NA,6.28601361969618
2020-03-28,197,31,196,31,1,0,180,33,2608,437,2788,470,NA,NA,NA,NA,12,81,8,47,4,"East TN",2455501,6.47525698421626,0.0663551401869159,19.1406967457965,1.2624714874887,NA,6.63551401869159
2020-03-29,213,16,212,16,1,0,196,16,2795,187,2991,203,NA,NA,NA,NA,27,108,3,50,7,"East TN",2455501,6.71960630437536,0.0684563758389262,8.26715199871635,0.651598187090944,NA,6.84563758389262
2020-03-30,246,33,245,33,1,0,226,30,3345,550,3571,580,NA,NA,NA,NA,33,141,8,58,9,"East TN",2455501,7.41192937815949,0.0636942675159236,23.6204342820467,1.34392126087507,NA,6.36942675159236
2020-03-31,295,49,294,49,1,0,278,52,3645,300,3923,352,NA,NA,NA,NA,38,179,12,70,10,"East TN",2455501,8.63367597895501,0.0725750174459177,14.3351601160008,1.99551944796602,NA,7.25750174459177
2020-04-01,346,51,345,51,1,0,336,58,4243,598,4579,656,NA,NA,NA,NA,36,215,9,79,12,"East TN",2455501,9.36672393943232,0.0742481203007519,26.7155256707287,2.07696922135238,NA,7.42481203007519
2020-04-02,391,45,390,45,1,0,383,47,4839,596,5222,643,2,7,NA,135,34,249,5,84,14,"East TN",2455501,10.0590470132164,0.0762507534659433,26.1861021437173,1.83261990119328,5.49785970357984,7.62507534659433
2020-04-03,412,21,411,21,1,0,401,18,5124,285,5525,303,1,8,-13,122,33,282,2,86,17,"East TN",2455501,10.0183221265233,0.0792017461802308,12.3396406680348,0.855222620556864,4.96843617656845,7.92017461802307
2020-04-04,447,35,446,35,1,0,431,30,5716,592,6147,622,3,11,0,122,32,314,5,91,19,"East TN",2455501,10.181221673296,0.0747246204227449,25.3308795231604,1.42537103426144,4.96843617656845,7.47246204227449
2020-04-05,473,26,472,26,1,0,464,33,6093,377,6557,410,-1,10,1,123,26,340,2,93,20,"East TN",2455501,10.5884705402278,0.0751542344363432,16.6972035442054,1.05884705402278,5.00916106326163,7.51542344363432
2020-04-06,514,41,513,41,1,0,514,50,6626,533,7140,583,8,18,0,123,33,373,5,98,20,"East TN",2455501,10.9142696337733,0.080694872513309,23.7426089421263,1.66972035442054,5.00916106326163,8.06948725133091
2020-04-07,570,56,569,56,1,0,592,78,7755,1129,8347,1207,0,18,19,142,37,410,7,105,21,"East TN",2455501,11.1993438406256,0.0709764918625678,49.1549382386731,2.2805936548183,5.78293391043213,7.09764918625678
2020-04-08,607,37,606,37,1,0,632,40,8162,407,8794,447,1,19,4,146,32,442,8,113,25,"East TN",2455501,10.629195426921,0.0702253855278766,18.2040243518532,1.50682080764781,5.94583345720486,7.02253855278766
2020-04-09,633,26,632,26,1,0,662,30,8613,451,9275,481,3,22,3,149,20,462,2,115,25,"East TN",2455501,9.85542257975053,0.0688378978534419,19.5886704994215,1.05884705402278,6.06800811728442,6.88378978534419
2020-04-10,655,22,654,22,1,0,682,20,8941,328,9623,348,0,22,-7,142,29,491,4,119,25,"East TN",2455501,9.89614746644371,0.0685700341630063,14.172260569228,0.895947507250048,5.78293391043213,6.85700341630063
2020-04-11,679,24,678,24,1,0,728,46,10022,1081,10750,1127,2,24,-5,137,27,518,5,124,27,"East TN",2455501,9.44817371281869,0.0645231370845101,45.8969473032184,0.977397280636416,5.57930947696621,6.45231370845101
2020-04-12,709,30,708,30,1,0,761,33,11472,1450,12233,1483,0,24,18,155,12,530,1,125,28,"East TN",2455501,9.61107325959142,0.0523255813953488,60.3950069659919,1.22174660079552,6.31235743744352,5.23255813953488
2020-04-13,738,29,737,29,1,0,803,42,12435,963,13238,1005,0,24,-2,153,31,561,7,132,32,"East TN",2455501,9.12237461927321,0.0473925877336832,40.9285111266499,1.18102171410234,6.23090766405715,4.73925877336832
2020-04-14,749,11,748,11,1,0,823,20,12720,285,13543,305,4,28,-17,136,24,585,1,133,33,"East TN",2455501,7.28975471807994,0.0444572748267898,12.4210904414211,0.447973753625024,5.53858459027302,4.44572748267898
2020-04-15,773,24,772,24,1,0,850,27,13132,412,13982,439,2,30,-6,130,28,613,4,137,34,"East TN",2455501,6.76033119106854,0.0420200462606014,17.8782252583078,0.977397280636416,5.29423527011392,4.20200462606014
2020-04-16,801,28,800,28,1,0,886,36,13809,677,14695,713,1,31,1,131,26,639,6,143,34,"East TN",2455501,6.84178096445491,0.0413284132841328,29.0368442122402,1.14029682740915,5.3349601568071,4.13284132841328
2020-04-17,823,22,821,21,2,1,916,30,14138,329,15054,359,0,31,-1,130,23,662,3,146,35,"East TN",2455501,6.84178096445491,0.0430859878475419,14.6202343228531,0.895947507250048,5.29423527011392,4.30859878475419
2020-04-18,835,12,833,12,2,0,935,19,14919,781,15854,800,0,31,-11,119,23,685,0,146,35,"East TN",2455501,6.3530823241367,0.0405564263322884,32.5799093545472,0.488698640318208,4.8462615164889,4.05564263322884
2020-04-19,914,79,912,79,2,0,1016,81,15606,687,16622,768,1,32,66,185,12,697,1,147,35,"East TN",2455501,8.34860177210272,0.0580997949419002,31.2767129803653,3.21726604876154,7.53410403823904,5.80997949419002
2020-04-20,939,25,931,19,8,6,1033,17,16569,963,17602,980,0,32,10,195,15,712,2,149,35,"East TN",2455501,8.18570222532998,0.0527039413382218,39.9103889593203,1.0181221673296,7.94135290517088,5.27039413382218
2020-04-21,1045,106,1037,106,8,0,1154,121,19275,2706,20429,2827,0,32,83,278,23,735,6,155,36,"East TN",2455501,12.0545664611825,0.0480685448736567,115.129254681631,4.3168379894775,11.3215185007052,4.80685448736567
2020-04-22,1247,202,1237,200,10,2,1354,200,21827,2552,23181,2752,2,34,177,455,23,758,2,157,36,"East TN",2455501,19.3035962925692,0.054788563974345,112.074888179642,8.22642711202317,18.5298234453987,5.4788563974345
2020-04-23,1492,245,1480,243,12,2,1601,247,22934,1107,24535,1354,0,34,236,691,9,767,3,160,36,"East TN",2455501,28.1408967049901,0.0726626016260163,55.1414965825711,9.97759723983008,28.1408967049901,7.26626016260163
2020-04-24,1540,48,1527,47,13,1,1655,54,25623,2689,27278,2743,0,34,22,713,26,793,4,164,36,"East TN",2455501,29.1997437590129,0.0604548429319372,111.708364199404,1.95479456127283,29.0368442122402,6.04548429319372
2020-04-25,1563,23,1546,19,17,4,1674,19,26398,775,28072,794,0,34,10,723,13,806,3,167,37,"East TN",2455501,29.6477175126379,0.0604845310198068,32.3355600343881,0.936672393943232,29.444093079172,6.04845310198068
2020-04-26,1583,20,1565,19,18,1,1700,26,27516,1118,29216,1144,0,34,-1,722,21,827,0,167,38,"East TN",2455501,27.2449491977401,0.0543115769414007,46.5892703770025,0.81449773386368,29.4033681924788,5.43115769414007
2020-04-27,1652,69,1633,68,19,1,1772,72,28431,915,30203,987,0,34,51,773,18,845,8,175,39,"East TN",2455501,29.0368442122402,0.058646139195302,40.1954631661726,2.8100171818297,31.4803374138312,5.8646139195302
2020-04-28,1689,37,1667,34,22,3,1812,40,30605,2174,32417,2214,2,36,19,792,16,861,1,176,40,"East TN",2455501,26.2268270304105,0.0548882215548882,90.1648991387094,1.50682080764781,32.2541102610017,5.48882215548882
2020-04-29,1752,63,1729,62,23,1,1878,66,33356,2751,35234,2817,1,37,39,831,23,884,6,182,41,"East TN",2455501,20.5660677800579,0.0434746536132083,114.722005814699,2.56566786167059,33.8423808420359,4.34746536132083
2020-04-30,1774,22,1750,21,24,1,1900,22,33905,549,35805,571,0,37,-1,830,23,907,1,183,41,"East TN",2455501,11.4844180474779,0.026530612244898,23.2539103018081,0.895947507250048,33.8016559553427,2.6530612244898
2020-05-01,1814,40,1786,36,28,4,1929,29,35567,1662,37496,1691,0,37,-16,814,56,963,0,183,41,"East TN",2455501,11.1586189539324,0.0268154237619886,68.8657833981741,1.62899546772736,33.1500577682518,2.68154237619886
2020-05-02,1835,21,1807,21,28,0,1966,37,37444,1877,39410,1914,0,37,-107,707,128,1091,2,185,41,"East TN",2455501,11.077169180546,0.0257541012524255,77.9474331307542,0.855222620556864,28.7924948920811,2.57541012524255
2020-05-03,1873,38,1840,33,33,5,2003,37,39564,2120,41567,2157,0,37,-20,687,58,1149,3,188,43,"East TN",2455501,11.8102171410234,0.0245324265241681,87.8435805971979,1.54754569434099,27.9779971582174,2.45324265241681
2020-05-04,1920,47,1884,44,36,3,2060,57,41510,1946,43570,2003,0,37,-312,375,359,1508,1,189,43,"East TN",2455501,10.9142696337733,0.0215455973666492,81.5719480464475,1.91406967457965,15.271832509944,2.15455973666492
2020-05-05,1948,28,1911,27,37,1,2092,32,44420,2910,46512,2942,2,39,-45,330,71,1579,1,190,43,"East TN",2455501,10.5477456535347,0.0198652004256829,119.812616651347,1.14029682740915,13.4392126087507,1.98652004256829
2020-05-06,1985,37,1948,37,37,0,2135,43,45464,1044,47599,1087,1,40,7,337,29,1608,0,190,43,"East TN",2455501,9.48889859951187,0.0207844723008492,44.267951835491,1.50682080764781,13.724286815603,2.07844723008492
2020-05-07,2028,43,1989,41,39,2,2183,48,46855,1391,49038,1439,0,40,19,356,24,1632,4,194,47,"East TN",2455501,10.3441212200687,0.0213859291166024,58.6031119514918,1.75117012780691,14.4980596627735,2.13859291166024
2020-05-08,2047,19,2008,19,39,0,2219,36,48525,1670,50744,1706,1,41,-15,341,33,1665,0,194,48,"East TN",2455501,9.48889859951187,0.0218900966183575,69.4766566985719,0.773772847170496,13.8871863623757,2.18900966183575
2020-05-09,2063,16,2022,14,41,2,2237,18,51344,2819,53581,2837,0,41,-33,308,49,1714,1,195,49,"East TN",2455501,9.28527416604595,0.0191235622045022,115.536503548563,0.651598187090944,12.5432651015007,1.91235622045022
2020-05-10,2079,16,2037,15,42,1,2256,19,53908,2564,56164,2583,1,42,-27,281,42,1756,3,198,49,"East TN",2455501,8.3893266587959,0.0173323285606631,105.192382328494,0.651598187090944,11.4436931607847,1.73323285606631
2020-05-11,2140,61,2097,60,43,1,2307,51,55479,1571,57786,1622,3,45,13,294,45,1801,4,202,51,"East TN",2455501,8.95947507250048,0.0173747889701744,66.0557662163444,2.48421808828422,11.9731166877961,1.73747889701745
2020-05-12,2193,53,2150,53,43,0,2373,66,59034,3555,61407,3621,3,48,30,324,20,1821,3,205,51,"East TN",2455501,9.97759723983008,0.0188653910708291,147.464814716019,2.15841899473875,13.1948632885916,1.88653910708291
2020-05-13,2247,54,2201,51,46,3,2425,52,60659,1625,63084,1677,0,48,18,342,36,1857,7,212,53,"East TN",2455501,10.6699203136142,0.0187278010978366,68.2956349844696,2.19914388143194,13.9279112490689,1.87278010978366
2020-05-14,2278,31,2232,31,46,0,2470,45,62367,1708,64837,1753,1,49,-1,341,31,1888,2,214,54,"East TN",2455501,10.181221673296,0.0181657066902969,71.3907263731516,1.2624714874887,13.8871863623757,1.81657066902969
2020-05-15,2306,28,2260,28,46,0,2507,37,64687,2320,67194,2357,1,50,-21,320,48,1936,4,218,54,"East TN",2455501,10.5477456535347,0.0175075987841945,95.9885579358347,1.14029682740915,13.0319637418189,1.75075987841945
2020-05-16,2316,10,2270,10,46,0,2525,18,67457,2770,69982,2788,1,51,-28,292,37,1973,1,219,54,"East TN",2455501,10.3033963333756,0.0175599048838485,113.540984100597,0.40724886693184,11.8916669144097,1.75599048838485
2020-05-17,2396,80,2350,80,46,0,2604,79,69684,2227,72288,2306,0,51,59,351,21,1994,4,223,56,"East TN",2455501,12.9097890817393,0.0215827338129496,93.9115887144823,3.25799093545472,14.2944352293076,2.15827338129496
2020-05-18,2445,49,2398,48,47,1,2665,61,71562,1878,74227,1939,0,51,8,359,41,2035,3,226,56,"East TN",2455501,12.4210904414211,0.0217748312146463,78.9655552980838,1.99551944796602,14.6202343228531,2.17748312146463
2020-05-19,2486,41,2438,40,48,1,2705,40,72686,1124,75391,1164,1,52,-6,353,46,2081,3,229,56,"East TN",2455501,11.9323918011029,0.0237414187643021,47.4037681108662,1.66972035442054,14.375885002694,2.37414187643021
2020-05-20,2528,42,2480,42,48,0,2750,45,74426,1740,77176,1785,0,52,13,366,29,2110,3,232,56,"East TN",2455501,11.4436931607847,0.0230627306273063,72.6939227473334,1.71044524111373,14.9053085297053,2.30627306273063
2020-05-21,2769,241,2720,240,49,1,2989,239,75888,1462,78877,1701,0,52,211,577,30,2140,4,236,57,"East TN",2455501,19.9959193663533,0.036965811965812,69.273032265106,9.81469769305734,23.4982596219672,3.6965811965812
2020-05-22,2860,91,2808,88,52,3,3067,78,77413,1525,80480,1603,0,52,40,617,51,2191,6,242,57,"East TN",2455501,22.5615872280239,0.0421496311907271,65.2819933691739,3.70596468907974,25.1272550896945,4.21496311907271
2020-05-23,2926,66,2870,62,56,4,3158,91,79628,2215,82786,2306,2,54,36,653,28,2219,6,248,58,"East TN",2455501,24.8421808828422,0.0494376757263355,93.9115887144823,2.68784252175014,26.5933510106491,4.94376757263355
2020-05-24,2978,52,2922,52,56,0,3228,70,81748,2120,84976,2190,0,54,26,679,26,2245,0,248,59,"East TN",2455501,23.7018840554331,0.0491803278688525,89.187501858073,2.11769410804557,27.6521980646719,4.91803278688525
2020-05-25,3062,84,3005,83,57,1,3322,94,84398,2650,87720,2744,1,55,42,721,41,2286,2,250,59,"East TN",2455501,25.1272550896945,0.0486919143259468,111.749089086097,3.42089048222746,29.3626433057857,4.86919143259468
2020-05-26,3123,61,3057,52,66,9,3378,56,86784,2386,90162,2442,1,56,15,736,45,2331,3,253,59,"East TN",2455501,25.9417528235582,0.0455622503554262,99.4501733047553,2.48421808828422,29.9735166061834,4.55622503554262
2020-05-27,3199,76,3130,73,69,3,3445,67,88651,1867,92096,1934,0,56,40,776,36,2367,8,261,59,"East TN",2455501,27.3263989711265,0.0465817694369973,78.7619308646179,3.09509138868198,31.6025120739108,4.65817694369973
2020-05-28,3273,74,3204,74,69,0,3512,67,90050,1399,93562,1466,0,56,14,790,60,2427,1,262,59,"East TN",2455501,20.5253428933647,0.0356145726932244,59.7026838922077,3.01364161529562,32.1726604876154,3.56145726932244
2020-05-29,3348,75,3278,74,70,1,3595,83,91328,1278,94923,1361,0,56,10,800,65,2492,4,266,59,"East TN",2455501,19.8737447062738,0.0365575019040366,55.4265707894234,3.0543665019888,32.5799093545472,3.65575019040366
2020-05-30,3421,73,3350,72,71,1,3676,81,93573,2245,97249,2326,0,56,-1,799,74,2566,4,270,60,"East TN",2455501,20.1588189131261,0.0358155292816152,94.726086448346,2.97291672860243,32.539184467854,3.58155292816152
2020-05-31,3533,112,3460,110,73,2,3770,94,96356,2783,100126,2877,0,56,71,870,41,2607,1,271,61,"East TN",2455501,22.6023121147171,0.0357755775577558,117.16549901629,4.56118730963661,35.4306514230701,3.57755775577558
2020-06-01,3629,96,3553,93,76,3,3904,134,100188,3832,104092,3966,0,56,-168,702,264,2871,5,276,61,"East TN",2455501,23.0910107550353,0.0355484974346445,161.514900625168,3.90958912254566,28.5888704586152,3.55484974346445
2020-06-02,3736,107,3658,105,78,2,4019,115,104248,4060,108267,4175,1,57,16,718,90,2961,3,279,65,"East TN",2455501,24.9643555429218,0.0354045843689589,170.026401944043,4.35756287617069,29.2404686457061,3.54045843689589
2020-06-03,3786,50,3708,50,78,0,4069,50,106178,1930,110247,1980,0,57,-65,653,115,3076,4,283,66,"East TN",2455501,23.905508488899,0.0343782711696325,80.6352756525043,2.0362443346592,26.5933510106491,3.43782711696325
2020-06-04,3837,51,3757,49,80,2,4130,61,107726,1548,111856,1609,6,63,-38,615,83,3159,5,288,67,"East TN",2455501,22.9688360949558,0.0337815677271236,65.526342689333,2.07696922135238,25.0458053163082,3.37815677271236
2020-06-05,3936,99,3852,95,84,4,4212,82,109882,2156,114094,2238,1,64,-43,572,141,3300,4,292,68,"East TN",2455501,23.9462333755922,0.0321840279588963,91.1422964193458,4.03176378262522,23.2946351885012,3.21840279588963
2020-06-06,3989,53,3902,50,87,3,4287,75,112987,3105,117274,3180,1,65,-14,558,66,3366,4,296,68,"East TN",2455501,23.1317356417285,0.0305118601747815,129.505139684325,2.15841899473875,22.7244867747967,3.05118601747815
2020-06-07,4047,58,3958,56,89,2,4368,81,116953,3966,121321,4047,0,65,-8,550,66,3432,6,302,69,"East TN",2455501,20.9325917602966,0.0282142014626091,164.813616447316,2.36204342820467,22.3986876812512,2.82142014626091
2020-06-08,4207,160,4114,156,93,4,4525,157,119904,2951,124429,3108,0,65,75,625,85,3517,6,308,69,"East TN",2455501,23.5389845086604,0.0305354772090279,126.572947842416,6.51598187090944,25.45305418324,3.05354772090279
2020-06-09,4315,108,4221,107,94,1,4643,118,122231,2327,126874,2445,1,66,-35,590,142,3659,7,315,70,"East TN",2455501,23.5797093953535,0.0335357661095287,99.5723479648349,4.39828776286387,24.0276831489786,3.35357661095287
2020-06-10,4392,77,4295,74,97,3,4717,74,125069,2838,129786,2912,0,66,-63,527,140,3799,6,321,70,"East TN",2455501,24.6792813360695,0.0331644403500691,118.590870050552,3.13581627537517,21.462015287308,3.31644403500691
2020-06-11,4656,264,4557,262,99,2,4997,280,127360,2291,132357,2571,1,67,149,676,114,3913,8,329,70,"East TN",2455501,33.3536822017177,0.0422906199697576,104.703683688176,10.7513700870006,27.5300234045924,4.22906199697576
2020-06-12,4827,171,4727,170,100,1,5169,172,129988,2628,135157,2800,2,69,24,700,145,4058,3,332,71,"East TN",2455501,36.2858740436269,0.0454351232018231,114.029682740915,6.96395562453446,28.5074206852288,4.54351232018231
2020-06-13,4975,148,4871,144,104,4,5337,168,132179,2191,137516,2359,0,69,50,750,98,4156,4,336,72,"East TN",2455501,40.1547382794794,0.0518723446299773,96.0700077092211,6.02728323059123,30.543665019888,5.18723446299773
2020-06-14,5091,116,4986,115,105,1,5472,135,136049,3870,141521,4005,0,69,30,780,86,4242,4,340,73,"East TN",2455501,42.5167817076841,0.0546534653465347,163.103171206202,4.72408685640934,31.7654116206835,5.46534653465347
2020-06-15,5274,183,5158,172,116,11,5651,179,139223,3174,144874,3353,0,69,58,838,125,4367,9,349,78,"East TN",2455501,43.4534541016273,0.0550745903643923,136.550545082246,7.45265426485267,34.1274550488882,5.50745903643923
2020-06-16,5428,154,5310,152,118,2,5809,158,141023,1800,146832,1958,3,72,64,902,87,4454,4,353,81,"East TN",2455501,45.3267988895138,0.0584226876440525,79.7393281452543,6.27163255075034,36.733847797252,5.84226876440525
2020-06-17,5561,133,5440,130,121,3,5931,122,142464,1441,148395,1563,3,75,-6,896,136,4590,6,359,83,"East TN",2455501,47.6073925443321,0.0652372507926272,63.6529979014466,5.41640993019347,36.4894984770929,6.52372507926272
2020-06-18,5739,178,5617,177,122,1,6137,206,146056,3592,152193,3798,1,76,42,938,135,4725,10,369,83,"East TN",2455501,44.1050522887183,0.0574712643678161,154.673119660713,7.24902983138675,38.1999437182066,5.74712643678161
2020-06-19,5874,135,5748,131,126,4,6255,118,147520,1464,153775,1582,4,80,22,960,109,4834,12,381,84,"East TN",2455501,42.6389563677636,0.058330647760232,64.4267707486171,5.49785970357984,39.0958912254566,5.8330647760232
2020-06-20,5940,66,5813,65,127,1,6350,95,149695,2175,156045,2270,0,80,-44,916,110,4944,6,387,84,"East TN",2455501,39.2995156589226,0.0546710561822009,92.4454927935277,2.68784252175014,37.3039962109565,5.46710561822009
2020-06-21,6028,88,5900,87,128,1,6469,119,153046,3351,159515,3470,1,81,0,916,87,5031,3,390,87,"East TN",2455501,38.1592188315134,0.055407358008225,141.315356825348,3.58379002900019,37.3039962109565,5.5407358008225
2020-06-22,6224,196,6089,189,135,7,6667,198,156456,3410,163123,3608,1,82,43,959,152,5183,7,397,88,"East TN",2455501,38.6886423585248,0.0556742835223848,146.935391189008,7.98207779186406,39.0551663387635,5.56742835223848
2020-06-23,6414,190,6273,184,141,6,6851,184,158261,1805,165112,1989,4,86,57,1016,129,5312,15,412,88,"East TN",2455501,40.1547382794794,0.0570021881838074,81.001799632743,7.73772847170496,41.3764848802749,5.70021881838074
2020-06-24,6592,178,6449,176,143,2,7034,183,159892,1631,166926,1814,2,88,37,1053,139,5451,9,421,88,"East TN",2455501,41.9873581806727,0.0595218822513626,73.8749444614358,7.24902983138675,42.8833056879227,5.95218822513626
2020-06-25,6761,169,6609,160,152,9,7218,184,163066,3174,170284,3358,0,88,22,1075,147,5598,8,429,88,"East TN",2455501,41.620834200434,0.0597534685755348,136.754169515712,6.8825058511481,43.7792531951728,5.97534685755348
2020-06-26,6975,214,6813,204,162,10,7390,172,164655,1589,172045,1761,1,89,67,1142,146,5744,16,445,88,"East TN",2455501,44.8381002491956,0.0621237000547345,71.716525466697,8.71512575234138,46.5078206036161,6.21237000547345
2020-06-27,7049,74,6882,69,167,5,7436,46,164864,209,172300,255,-1,88,-52,1090,127,5871,5,450,90,"East TN",2455501,45.1638993427411,0.066810212242387,10.3848461067619,3.01364161529562,44.3901264955706,6.6810212242387
2020-06-28,7176,127,7007,125,169,2,7607,171,167953,3089,175560,3260,0,88,30,1120,97,5968,5,455,91,"East TN",2455501,46.7521699237752,0.0709255219694609,132.76313061978,5.17206061003437,45.6118730963661,7.09255219694609
2020-06-29,7519,343,7348,341,171,2,7947,340,173221,5268,181168,5608,1,89,147,1267,195,6163,22,477,92,"East TN",2455501,52.7387282676733,0.0709337766694375,228.385164575376,13.9686361357621,51.5984314402641,7.09337766694375
2020-06-30,7789,270,7614,266,175,4,8395,448,179509,6288,187904,6736,0,89,100,1367,170,6333,22,499,93,"East TN",2455501,55.996719203128,0.0677430677430677,274.322836765287,10.9957194071597,55.6709201095825,6.77430677430677
2020-07-01,8064,275,7886,272,178,3,8729,334,182713,3204,191442,3538,0,89,66,1433,209,6542,17,516,96,"East TN",2455501,59.9470332123668,0.0691385217816936,144.084649120485,11.1993438406256,58.3587626313327,6.91385217816936
2020-07-02,8544,480,8361,475,183,5,9335,606,189096,6383,198431,6989,2,91,314,1747,164,6706,24,540,99,"East TN",2455501,72.6124729739471,0.0752122783955661,284.626233098663,19.5479456127283,71.1463770529924,7.52122783955661
2020-07-03,8770,226,8581,220,189,6,9563,228,192452,3356,202015,3584,5,96,24,1771,197,6903,14,554,100,"East TN",2455501,73.1011716142653,0.0725058391725058,145.957993908371,9.20382439265958,72.1237743336289,7.25058391725058
2020-07-04,8990,220,8799,218,191,2,9843,280,197216,4764,207059,5044,2,98,77,1848,141,7044,14,568,106,"East TN",2455501,79.0470050714701,0.0692482522512155,205.41632848042,8.95947507250048,75.259590609004,6.92482522512155
2020-07-05,9310,320,9118,319,192,1,10211,368,201064,3848,211275,4216,2,100,163,2011,155,7199,11,579,109,"East TN",2455501,86.9069082032546,0.0729105417891642,171.696122298464,13.0319637418189,81.897747139993,7.29105417891642
2020-07-06,9544,234,9341,223,203,11,10421,210,202695,1631,213116,1841,4,104,-51,1960,281,7480,26,605,109,"East TN",2455501,82.4678955536976,0.0774383372981094,74.9745164021517,9.52962348620506,79.8207779186406,7.74383372981094
2020-07-07,9991,447,9780,439,211,8,10987,566,208973,6278,219960,6844,0,104,158,2118,289,7769,31,636,110,"East TN",2455501,89.6762004983912,0.080858497629149,278.721124528151,18.2040243518532,86.2553100161637,8.0858497629149
2020-07-08,10372,381,10151,371,221,10,11421,434,213144,4171,224565,4605,1,105,61,2179,319,8088,20,656,110,"East TN",2455501,93.9930384878687,0.081272831567189,187.538103222112,15.5161818301031,88.7395281044479,8.1272831567189
2020-07-09,10821,449,10586,435,235,14,11893,472,219095,5951,230988,6423,1,106,149,2328,299,8387,24,680,113,"East TN",2455501,92.73056700038,0.078569892803391,261.575947230321,18.2854741252396,94.8075362217323,7.8569892803391
2020-07-10,11288,467,11041,455,247,12,12346,453,222379,3284,234725,3737,0,106,141,2469,326,8713,27,707,115,"East TN",2455501,102.545264693437,0.0850810149801284,152.188901572429,19.0185220857169,100.549745245471,8.50810149801284
2020-07-11,11594,306,11340,299,254,7,12768,422,226857,4478,239625,4900,5,111,44,2513,257,8970,22,729,120,"East TN",2455501,106.047604949051,0.0898176011791439,199.551944796602,12.4618153281143,102.341640259971,8.98176011791439
2020-07-12,12064,470,11802,462,262,8,13401,633,232787,5930,246188,6563,1,112,222,2735,247,9217,24,753,125,"East TN",2455501,112.156337953029,0.091369976799473,267.277431367367,19.1406967457965,111.382565105858,9.1369976799473
2020-07-13,12418,354,12143,341,275,13,13744,343,236221,3434,249965,3777,3,115,-119,2616,470,9687,18,771,129,"East TN",2455501,117.043324356211,0.0901788379603246,153.817897040156,14.4166098893871,106.536303589369,9.01788379603246
2020-07-14,12934,516,12652,509,282,7,14328,584,240709,4488,255037,5072,4,119,78,2694,434,10121,34,805,133,"East TN",2455501,119.853341538041,0.0952475981412321,206.556625307829,21.0140415336829,109.712844751438,9.52475981412321
2020-07-15,13314,380,13026,374,288,6,14711,383,243806,3097,258517,3480,6,125,-105,2589,479,10600,24,829,140,"East TN",2455501,119.812616651347,0.0969015080113101,141.72260569228,15.4754569434099,105.436731648653,9.69015080113101
2020-07-16,14141,827,13838,812,303,15,15808,1097,253640,9834,269448,10931,6,131,349,2938,472,11072,43,872,142,"East TN",2455501,135.206623821371,0.101794071762871,445.163736443194,33.6794812952632,119.649717104575,10.1794071762871
2020-07-17,14609,468,14291,453,318,15,16319,511,257960,4320,274279,4831,3,134,95,3033,370,11442,24,896,147,"East TN",2455501,135.247348708064,0.100444961318704,196.741927614772,19.0592469724101,123.518581340427,10.0444961318704
2020-07-18,15118,509,14785,494,333,15,16987,668,266051,8091,283038,8759,6,140,185,3218,318,11760,27,923,150,"East TN",2455501,143.51450070678,0.0971828714901067,356.709282545599,20.7289673268307,131.052685378666,9.71828714901067
2020-07-19,15599,481,15247,462,352,19,17547,560,270904,4853,288451,5413,0,140,76,3294,405,12165,25,948,154,"East TN",2455501,143.962474460405,0.0980999929015924,220.443811670205,19.5886704994215,134.147776767348,9.80999929015924
2020-07-20,16035,436,15668,421,367,15,17958,411,273361,2457,291319,2868,2,142,-270,3024,704,12869,29,977,158,"East TN",2455501,147.301915169247,0.10190066257194,116.798975036052,17.7560505982282,123.152057360188,10.190066257194
2020-07-21,17036,1001,16652,984,384,17,19170,1212,281738,8377,300908,9589,1,143,381,3405,619,13488,61,1038,161,"East TN",2455501,167.053485215441,0.105556887794031,390.510938500941,40.7656115798772,138.668239190292,10.5556887794031
2020-07-22,17620,584,17219,567,401,17,19824,654,285038,3300,304862,3954,4,147,-80,3325,660,14148,29,1067,166,"East TN",2455501,175.36136210085,0.110324738375229,161.02620198485,23.7833338288195,135.410248254837,11.0324738375229
2020-07-23,18415,795,17992,773,423,22,20823,999,295242,10204,316065,11203,4,151,242,3567,549,14697,50,1117,171,"East TN",2455501,174.058165726668,0.107578780273291,456.24090562374,32.3762849210813,145.265670834587,10.7578780273291
2020-07-24,19018,603,18582,590,436,13,21507,684,301051,5809,322558,6493,2,153,6,3573,595,15292,34,1151,177,"East TN",2455501,179.556025430248,0.107458729468299,264.426689298844,24.55710667599,145.510020154746,10.7458729468299
2020-07-25,19996,978,19547,965,449,13,22709,1202,310667,9616,333376,10818,10,163,550,4123,418,15710,28,1179,185,"East TN",2455501,198.655997289352,0.1136715801184,440.561824246864,39.8289391859339,167.908707835998,11.36715801184
2020-07-26,20771,775,20307,760,464,15,23606,897,318190,7523,341796,8420,1,164,390,4513,384,16094,21,1200,192,"East TN",2455501,210.629113977148,0.11358140406786,342.903545956609,31.5617871872176,183.791413646339,11.358140406786
2020-07-27,21417,646,20931,624,486,22,24312,706,322656,4466,346968,5172,6,170,-78,4435,718,16812,38,1238,196,"East TN",2455501,219.181340182716,0.114179949325235,210.629113977148,26.3082768037969,180.614872484271,11.4179949325235
2020-07-28,22232,815,21723,792,509,23,25285,973,330877,8221,356162,9194,7,177,170,4605,638,17450,50,1288,201,"East TN",2455501,211.606511257784,0.110670720671807,374.424608257134,33.190782654945,187.538103222112,11.0670720671807
2020-07-29,22575,343,22054,331,521,12,25601,316,332449,1572,358050,1888,5,182,-337,4268,675,18125,24,1312,210,"East TN",2455501,201.791813564727,0.108614725125968,76.8885860767314,13.9686361357621,173.813816406509,10.8614725125968
2020-07-30,23763,1188,23227,1173,536,15,26982,1381,344983,12534,371965,13915,5,187,673,4941,510,18635,42,1354,216,"East TN",2455501,217.796694035148,0.110178890876565,566.686798335655,48.3811653915026,201.221665151022,11.0178890876565
2020-07-31,24385,622,23833,606,552,16,27636,654,348951,3968,376587,4622,6,193,80,5021,536,19171,25,1379,225,"East TN",2455501,218.570466882319,0.113439079013123,188.230426295896,25.3308795231604,204.479656086477,11.3439079013123
2020-08-01,24944,559,24375,542,569,17,28272,636,355925,6974,384197,7610,1,194,152,5173,406,19577,16,1395,228,"East TN",2455501,201.506739357874,0.109462623718542,309.91638773513,22.7652116614899,210.669838863841,10.9462623718542
2020-08-02,25375,431,24795,420,580,11,28756,484,359723,3798,388479,4282,4,198,49,5222,378,19955,19,1414,233,"East TN",2455501,187.497378335419,0.110318531371163,174.383964820214,17.5524261647623,212.665358311807,11.0318531371163
2020-08-03,26001,626,25403,608,598,18,29464,708,363867,4144,393331,4852,3,201,-43,5179,666,20621,33,1447,241,"East TN",2455501,186.682880601555,0.111123093846386,197.597150235329,25.4937790699332,210.914188184,11.1123093846386
2020-08-04,26487,486,25869,466,618,20,29990,526,369238,5371,399228,5897,6,207,-219,4960,699,21320,33,1480,250,"East TN",2455501,173.284392879498,0.109250917196861,240.154656829706,19.7922949328874,201.995437998193,10.9250917196861
2020-08-05,26955,468,26329,460,626,8,30511,521,373451,4213,403962,4734,9,216,-225,4735,684,22004,19,1499,256,"East TN",2455501,178.375003716146,0.106943718417843,192.791613605533,19.0592469724101,192.832338492226,10.6943718417843
2020-08-06,27686,731,27022,693,664,38,31363,852,380521,7070,411884,7922,7,223,201,4936,523,22527,36,1535,262,"East TN",2455501,159.763730497361,0.109747238157268,322.622552383404,29.7698921727175,201.018040717556,10.9747238157268
2020-08-07,28241,555,27563,541,678,14,31982,619,384491,3970,416473,4589,6,229,38,4974,511,23038,34,1569,275,"East TN",2455501,157.035163088917,0.108960537531966,186.886505035021,22.6023121147171,202.565586411897,10.8960537531966
2020-08-08,28916,675,28226,663,690,12,32782,800,394567,10076,427349,10876,8,237,289,5263,378,23416,19,1588,285,"East TN",2455501,161.759249945327,0.104514275120504,442.923867675069,27.4892985178992,214.335078666227,10.4514275120504
2020-08-09,29444,528,28742,516,702,12,33416,634,398868,4301,432284,4935,2,239,115,5378,411,23827,19,1607,292,"East TN",2455501,165.709563954566,0.106380550165506,200.977315830863,21.5027401740012,219.018440635944,10.6380550165506
2020-08-10,29747,303,29034,292,713,11,33744,328,401157,2289,434901,2617,3,242,-478,4900,778,24605,26,1633,296,"East TN",2455501,152.555425552667,0.102958864565793,106.577028476063,12.3396406680348,199.551944796602,10.2958864565793
2020-08-11,30359,612,29629,595,730,17,34429,685,407257,6100,441686,6785,17,259,-7,4893,602,25207,28,1661,301,"East TN",2455501,157.686761276008,0.104550379198267,276.318356213253,24.9236306562286,199.266870589749,10.4550379198267
2020-08-12,30804,445,30053,424,751,21,34903,474,411006,3749,445909,4223,6,265,-251,4642,690,25897,25,1686,306,"East TN",2455501,156.750088882065,0.104703554485422,171.981196505316,18.1225745784669,189.04492402976,10.4703554485422
2020-08-13,31621,817,30857,804,764,13,36020,1117,419568,8562,455588,9679,6,271,202,4844,609,26506,44,1730,313,"East TN",2455501,160.252429137679,0.106557752150833,394.176178303328,33.2722324283313,197.271351141783,10.6557752150833
2020-08-14,32082,461,31289,432,793,29,36554,534,424224,4656,460778,5190,4,275,-142,4702,599,27105,18,1748,320,"East TN",2455501,156.42428978852,0.103193770454802,211.362161937625,18.7741727655578,191.488417231351,10.3193770454802
2020-08-15,32732,650,31927,638,805,12,37431,877,431158,6934,468589,7811,4,279,216,4918,430,27535,17,1765,329,"East TN",2455501,155.40616762119,0.112730358874879,318.10208996046,26.4711763505696,200.284992757079,11.2730358874879
2020-08-16,33206,474,32390,463,816,11,38024,593,436624,5466,474648,6059,2,281,110,5028,362,27897,10,1775,338,"East TN",2455501,153.207023739758,0.108771598527051,246.752088474002,19.3035962925692,204.764730293329,10.8771598527051
2020-08-17,33479,273,32593,203,886,70,38251,227,438096,1472,476347,1699,8,289,-397,4631,662,28559,12,1787,344,"East TN",2455501,151.985277138963,0.108743907735367,69.1915824917196,11.1178940672392,188.596950276135,10.8743907735366
2020-08-18,34109,630,33158,565,951,65,39063,812,448693,10597,487756,11409,8,297,52,4683,570,29129,22,1809,347,"East TN",2455501,152.71832509944,0.100586064684176,464.630232282536,25.6566786167059,190.714644384181,10.0586064684176
2020-08-19,34564,455,33592,434,972,21,39560,497,453477,4784,493037,5281,7,304,-113,4570,561,29690,22,1831,354,"East TN",2455501,153.125573966372,0.0988159904939739,215.068126626705,18.5298234453987,186.112732187851,9.88159904939739
2020-08-20,35342,778,34349,757,993,21,40434,874,465015,11538,505449,12412,6,310,263,4833,509,30199,26,1857,362,"East TN",2455501,151.537303385338,0.0885261025651311,505.4772936358,31.6839618472971,196.823377388158,8.85261025651311
2020-08-21,35551,209,34546,197,1005,12,40647,213,467466,2451,508113,2664,17,327,-321,4512,513,30712,17,1874,369,"East TN",2455501,141.274631938655,0.0864687863103412,108.491098150642,8.51150131887546,183.750688759646,8.64687863103412
2020-08-22,36421,870,35404,858,1017,12,41620,973,480833,13367,522453,14340,2,329,454,4966,414,31126,20,1894,376,"East TN",2455501,150.234107011156,0.0777699391058963,583.994875180259,35.4306514230701,202.239787318352,7.77699391058963
2020-08-23,36674,253,35646,242,1028,11,41874,254,485940,5107,527814,5361,0,329,-94,4872,347,31473,20,1914,381,"East TN",2455501,141.233907051962,0.072414701124779,218.326117562159,10.3033963333756,198.411647969192,7.2414701124779
2020-08-24,36866,192,35821,175,1045,17,42072,198,487283,1343,529355,1541,8,337,-486,4386,670,32143,15,1929,391,"East TN",2455501,137.935191229814,0.0720834591005131,62.7570503941965,7.81917824509133,178.619353036305,7.20834591005131
2020-08-25,37480,614,36410,589,1070,25,42757,685,497019,9736,539776,10421,16,353,119,4505,479,32622,22,1951,399,"East TN",2455501,137.283593042723,0.0710111495578624,424.39404422967,25.005080429615,183.465614552794,7.10111495578624
2020-08-26,37826,346,36730,320,1096,26,43142,385,500981,3962,544123,4347,6,359,-207,4298,547,33169,11,1962,407,"East TN",2455501,132.844580393166,0.070117057510864,177.031082455271,14.0908107958417,175.035563007305,7.0117057510864
2020-08-27,38687,861,37574,844,1113,17,44118,976,511271,10290,555389,11266,8,367,387,4685,466,33635,29,1991,413,"East TN",2455501,136.2247459887,0.073768522226672,458.806573485411,35.0641274428314,190.796094157567,7.3768522226672
2020-08-28,39021,334,37888,314,1133,20,44456,338,513879,2608,558335,2946,12,379,-182,4503,504,34139,10,2001,419,"East TN",2455501,141.315356825348,0.0758432559436104,119.97551619812,13.6021121555235,183.384164779408,7.58432559436104
2020-08-29,39472,451,38323,435,1149,16,44984,528,520398,6519,565382,7047,8,387,61,4564,382,34521,16,2017,428,"East TN",2455501,124.251629300904,0.0783619464697524,286.988276526868,18.366923898626,185.868382867692,7.83619464697524
2020-08-30,39735,263,38575,252,1160,11,45251,267,522279,1881,567530,2148,8,395,-55,4509,310,34831,14,2031,431,"East TN",2455501,124.658878167836,0.0850287037969584,87.4770566169592,10.7106452003074,183.628514099567,8.50287037969584
2020-08-31,40142,407,38953,378,1189,29,45701,450,525765,3486,571466,3936,2,397,-133,4376,538,35369,16,2047,436,"East TN",2455501,133.414728806871,0.0861770083826079,160.293154024372,16.5750288841259,178.212104169373,8.61770083826079
2020-09-01,40749,607,39518,565,1231,42,46375,674,531430,5665,577805,6339,6,403,105,4481,496,35865,28,2075,445,"East TN",2455501,133.129654600018,0.0951379210602435,258.155056748093,24.7200062227627,182.488217272157,9.51379210602435
2020-09-02,41237,488,39977,459,1260,29,46828,453,536223,4793,583051,5246,7,410,22,4503,459,36324,22,2097,452,"East TN",2455501,138.912588510451,0.0946876284422524,213.642755592443,19.8737447062738,183.384164779408,9.46876284422524
2020-09-03,41792,555,40499,522,1293,33,47475,647,544480,8257,591955,8904,6,416,-40,4463,589,36913,22,2119,455,"East TN",2455501,126.450773182336,0.091806596291637,362.61439111611,22.6023121147171,181.75516931168,9.1806596291637
2020-09-04,42149,357,40842,343,1307,14,47823,348,547812,3332,595635,3680,7,423,-40,4423,390,37303,11,2130,456,"East TN",2455501,127.38744557628,0.0902680965147453,149.867583030917,14.5387845494667,180.126173843953,9.02680965147453
2020-09-05,43147,998,41825,983,1322,15,48913,1090,557130,9318,606043,10408,1,424,640,5063,357,37660,26,2156,462,"East TN",2455501,149.663958597451,0.0966282186862104,423.864620702659,40.6434369197976,206.190101327591,9.66282186862104
2020-09-06,43410,263,42072,247,1338,16,49181,268,559758,2628,608939,2896,0,424,-50,5013,313,37973,9,2165,476,"East TN",2455501,149.663958597451,0.0949069042961675,117.939271863461,10.7106452003074,204.153856992931,9.49069042961675
2020-09-07,43614,204,42269,197,1345,7,49418,237,561094,1336,610512,1573,3,427,-342,4671,543,38516,13,2178,480,"East TN",2455501,141.396806598735,0.0951954105414127,64.0602467683784,8.30787688540954,190.225945743862,9.51954105414127
2020-09-08,43925,311,42558,289,1367,22,49738,320,564520,3426,614258,3746,7,434,-303,4368,607,39123,24,2202,487,"East TN",2455501,129.342240137552,0.0922557814171673,152.555425552667,12.6654397615802,177.886305075828,9.22557814171673
2020-09-09,44259,334,42875,317,1384,17,50113,375,569666,5146,619779,5521,6,440,-160,4208,488,39611,16,2218,494,"East TN",2455501,123.070607586802,0.089441298192115,224.842099433069,13.6021121555235,171.370323204918,8.9441298192115
2020-09-10,44934,675,43513,638,1421,37,50820,707,577477,7811,628297,8518,18,458,194,4402,463,40074,39,2257,505,"East TN",2455501,127.957593989984,0.0920422651477629,346.894584852541,27.4892985178992,179.270951223396,9.20422651477629
2020-09-11,45260,326,43816,303,1444,23,51175,355,581636,4159,632811,4514,17,475,-206,4196,515,40589,26,2283,516,"East TN",2455501,126.695122502495,0.0901656982999785,183.832138533033,13.276313061978,170.8816245646,9.01656982999785
2020-09-12,45679,419,44217,401,1462,18,51687,512,588622,6986,640309,7498,10,485,92,4288,317,40906,14,2297,527,"East TN",2455501,103.115413107142,0.080954882390708,305.355200425494,17.0637275244441,174.628314140373,8.0954882390708
2020-09-13,46120,441,44638,421,1482,20,52190,503,594195,5573,646385,6076,2,487,51,4339,388,41294,21,2318,532,"East TN",2455501,110.364442938529,0.0803557122256049,247.444411547786,17.9596750316941,176.705283361725,8.03557122256049
2020-09-14,46564,444,45067,429,1497,15,52675,485,599168,4973,651843,5458,9,496,-150,4189,585,41879,23,2341,542,"East TN",2455501,120.138415744893,0.0788028356439476,222.276431571398,18.0818496917737,170.596550357748,7.88028356439477
2020-09-15,47057,493,45523,456,1534,37,53215,540,607344,8176,660559,8716,7,503,-66,4123,552,42431,19,2360,545,"East TN",2455501,127.550345123052,0.0750955702900585,354.958112417792,20.0773691397397,167.908707835998,7.50955702900585
2020-09-16,47410,353,45833,310,1577,43,53609,394,610757,3413,664366,3807,6,509,-176,3947,523,42954,17,2377,554,"East TN",2455501,128.324117970223,0.0784085047211071,155.039643640951,14.375885002694,160.741127777997,7.84085047211071
2020-09-17,47961,551,46352,519,1609,32,54186,577,617934,7177,672120,7754,8,517,119,4066,424,43378,21,2398,565,"East TN",2455501,123.274232020268,0.0768089815850124,315.780771418949,22.4394125679444,165.587389294486,7.68089815850124
2020-09-18,48494,533,46838,486,1656,47,54753,567,626049,8115,680802,8682,17,534,-30,4036,546,43924,29,2427,571,"East TN",2455501,131.704283565757,0.0745556458502636,353.573466270223,21.7063646074671,164.365642693691,7.45556458502636
2020-09-19,49003,509,47324,486,1679,23,55327,574,634403,8354,689730,8928,3,537,194,4230,312,44236,29,2456,573,"East TN",2455501,135.369523368144,0.0736529005888185,363.591788396747,20.7289673268307,172.266270712168,7.36529005888185
2020-09-20,49309,306,47605,281,1704,25,55656,329,639361,4958,695017,5287,1,538,-19,4211,324,44560,13,2469,584,"East TN",2455501,129.871663664564,0.0712699457147557,215.312475946864,12.4618153281143,171.492497864998,7.12699457147557
2020-09-21,49472,163,47738,133,1734,30,55808,152,640878,1517,696686,1669,3,541,-210,4001,370,44930,9,2478,589,"East TN",2455501,118.427970503779,0.0698659768525745,67.9698358909241,6.63815653098899,162.940271659429,6.98659768525745
2020-09-22,49932,460,48140,402,1792,58,56298,490,647028,6150,703326,6640,6,547,-54,3947,508,45438,28,2506,596,"East TN",2455501,117.084049242904,0.072088292374962,270.413247642742,18.7334478788646,160.741127777997,7.2088292374962
2020-09-23,50226,294,48394,254,1832,40,56580,282,649121,2093,705701,2375,8,555,-218,3729,504,45942,11,2517,605,"East TN",2455501,114.681280928006,0.0718761340268537,96.721605896312,11.9731166877961,151.863102478883,7.18761340268537
2020-09-24,50689,463,48836,442,1853,21,57061,481,656018,6897,713079,7378,11,566,-36,3693,488,46430,27,2544,610,"East TN",2455501,111.097490899006,0.0701921433628751,300.468214022312,18.8556225389442,150.397006557929,7.01921433628751
2020-09-25,51142,453,49266,430,1876,23,57547,486,662690,6672,720237,7158,11,577,13,3706,429,46859,18,2562,616,"East TN",2455501,107.839499963551,0.0708507670850767,291.508738949811,18.4483736720124,150.92643008494,7.08507670850767
2020-09-26,51699,557,49799,533,1900,24,58185,638,673246,10556,731431,11194,5,582,193,3899,359,47218,28,2590,623,"East TN",2455501,109.794294524824,0.0685355267259778,455.874381643502,22.6837618881035,158.786333216724,6.85355267259778
2020-09-27,52092,393,50164,365,1928,28,58591,406,679265,6019,737856,6425,3,585,91,3990,299,47517,29,2619,630,"East TN",2455501,113.337359667131,0.0685123368892831,261.657397003707,16.0048804704213,162.492297905804,6.85123368892831
2020-09-28,52326,234,50359,195,1967,39,58816,225,680952,1687,739768,1912,4,589,-315,3675,545,48062,13,2632,637,"East TN",2455501,116.228826622347,0.069820342602479,77.8659833573678,9.52962348620506,149.663958597451,6.9820342602479
2020-09-29,52709,383,50699,340,2010,43,59213,397,686763,5811,745976,6208,9,598,-43,3632,417,48479,30,2662,639,"East TN",2455501,113.093010346972,0.0683470105509965,252.820096591286,15.5976316034895,147.912788469644,6.83470105509965
2020-09-30,53191,482,51149,450,2042,32,59689,476,690201,3438,749890,3914,6,604,79,3711,397,48876,21,2683,643,"East TN",2455501,120.749289045291,0.0703568761456471,159.397206517122,19.6293953861147,151.130054518406,7.03568761456471
2020-10-01,53579,388,51498,349,2081,39,60068,379,693481,3280,753549,3659,11,615,0,3711,377,49253,30,2713,648,"East TN",2455501,117.694922543302,0.0743019520632567,149.01236041036,15.8012560369554,151.130054518406,7.43019520632567
2020-10-02,54044,465,51935,437,2109,28,60531,463,697102,3621,757633,4084,2,617,24,3735,439,49692,17,2730,652,"East TN",2455501,118.18362118362,0.0797946304417585,166.320437254963,18.9370723123306,152.107451799042,7.97946304417585
2020-10-03,54449,405,52323,388,2126,17,61014,483,704562,7460,765576,7943,12,629,83,3818,310,50002,21,2751,658,"East TN",2455501,111.993438406256,0.082852540635525,323.477775003961,16.4935791107395,155.487617394577,8.2852540635525
2020-10-04,54904,455,52748,425,2156,30,61553,539,714685,10123,776238,10662,4,633,145,3963,306,50308,26,2777,670,"East TN",2455501,114.518381381233,0.0771715908498775,434.208741922728,18.5298234453987,161.392725965088,7.71715908498775
2020-10-05,55576,672,53361,613,2215,59,62305,752,721933,7248,784238,8000,5,638,153,4116,514,50822,38,2815,679,"East TN",2455501,132.355881752848,0.0784573870024736,325.799093545472,27.3671238578196,167.623633629145,7.84573870024736
2020-10-06,56325,749,54026,665,2299,84,63045,740,728573,6640,791618,7380,8,646,301,4417,440,51262,42,2857,688,"East TN",2455501,147.261190282553,0.0839577582051619,300.549663795698,30.5029401331948,179.881824523794,8.39577582051619
2020-10-07,57062,737,54684,658,2378,79,63753,708,735326,6753,799079,7461,3,649,293,4710,441,51703,36,2893,694,"East TN",2455501,157.646036389315,0.0826200979893879,303.848379617846,30.0142414928766,191.814216324897,8.26200979893879
2020-10-08,57780,718,55341,657,2439,61,64431,678,741787,6461,806218,7139,10,659,267,4977,441,52144,31,2924,699,"East TN",2455501,171.085248998066,0.0828381021094002,290.734966102641,29.2404686457061,202.687761071977,8.28381021094002
2020-10-09,58321,541,55840,499,2481,42,64991,560,747266,5479,812257,6039,4,663,123,5100,414,52558,20,2944,706,"East TN",2455501,174.180340386748,0.0816490919742238,245.937590740138,22.0321637010125,207.696922135238,8.16490919742238
2020-10-10,58939,618,56427,587,2512,31,65660,669,755691,8425,821351,9094,12,675,252,5352,354,52912,19,2963,720,"East TN",2455501,182.854741252396,0.083298969072165,370.352119587815,25.1679799763877,217.959593581921,8.3298969072165
2020-10-11,59882,943,57339,912,2543,31,66689,1029,766118,10427,832807,11456,1,676,587,5939,355,53267,36,2999,727,"East TN",2455501,202.72848595867,0.0907917764146441,466.544301957116,38.4035681516725,241.86510207082,9.07917764146441
2020-10-12,60237,355,57624,285,2613,70,67006,317,769039,2921,836045,3238,6,682,-338,5601,687,53954,18,3017,738,"East TN",2455501,189.818696876931,0.0907406335051248,131.86718311253,14.4573347760803,228.100090368524,9.07406335051248
2020-10-13,60742,505,58077,453,2665,52,67490,484,773424,4385,840914,4869,9,691,8,5609,488,54442,22,3039,745,"East TN",2455501,179.881824523794,0.0901695877961701,198.289473309113,20.5660677800579,228.425889462069,9.01695877961701
2020-10-14,61615,873,58887,810,2728,63,68336,846,779610,6186,847946,7032,1,692,327,5936,545,54987,40,3079,752,"East TN",2455501,185.420409114067,0.0937851719974625,286.37740322647,35.5528260831496,241.74292741074,9.37851719974625
2020-10-15,62123,508,59326,439,2797,69,68800,464,783764,4154,852564,4618,14,706,-68,5868,562,55549,19,3098,761,"East TN",2455501,176.868182908498,0.0942691925948302,188.067526749124,20.6882424401375,238.973635115604,9.42691925948302
2020-10-16,62762,639,59922,596,2840,43,69384,584,787853,4089,857237,4673,2,708,-135,5733,772,56321,21,3119,773,"East TN",2455501,180.85922180443,0.0976656291685193,190.307395517249,26.0232025969446,233.475775412024,9.76656291685193
2020-10-17,63480,718,60603,681,2877,37,70243,859,796637,8784,866880,9643,6,714,236,5969,476,56797,36,3155,780,"East TN",2455501,184.931710473749,0.100661117090206,392.710082382373,29.2404686457061,243.086848671615,10.0661117090206
2020-10-18,64285,805,61361,758,2924,47,71115,872,804747,8110,875862,8982,3,717,349,6318,453,57250,34,3189,788,"East TN",2455501,179.311676110089,0.102798745790268,365.790932278179,32.7835337880131,257.299834127536,10.2798745790268
2020-10-19,65033,748,62046,685,2987,63,71874,759,809646,4899,881520,5658,3,720,-19,6299,764,58014,65,3254,799,"East TN",2455501,195.31655658051,0.107047828477185,230.421408910035,30.4622152465016,256.526061280366,10.7047828477185
2020-10-20,65719,686,62655,609,3064,77,72565,691,813264,3618,885829,4309,15,735,35,6334,636,58650,27,3281,812,"East TN",2455501,202.687761071977,0.112991205610598,175.48353676093,27.9372722715242,257.951432314627,11.2991205610598
2020-10-21,66313,594,63208,553,3105,41,73182,617,817008,3744,890190,4361,5,740,-128,6206,717,59367,24,3305,826,"East TN",2455501,191.325517684578,0.114714515670865,177.601230868975,24.1905826957513,252.7386468179,11.4714515670865
2020-10-22,67443,1130,64243,1035,3200,95,74282,1100,825574,8566,899856,9666,10,750,440,6646,680,60047,42,3347,841,"East TN",2455501,216.656397207739,0.11591812568722,393.646754776317,46.0191219632979,270.657596962901,11.591812568722
2020-10-23,68414,971,65146,903,3268,68,75252,970,832690,7116,907942,8086,19,769,289,6935,663,60710,36,3383,849,"East TN",2455501,230.177059589876,0.11572823192979,329.301433801086,39.5438649790817,282.427089217231,11.572823192979
2020-10-24,69651,1237,66321,1175,3330,62,76579,1327,843216,10526,919795,11853,12,781,646,7581,579,61289,48,3431,866,"East TN",2455501,251.313275783638,0.11973920438439,482.71208197431,50.3766848394686,308.735366021028,11.973920438439
2020-10-25,70581,930,67194,873,3387,57,77626,1047,851094,7878,928720,8925,9,790,437,8018,484,61773,40,3471,877,"East TN",2455501,256.403886620286,0.123179083582428,363.469613736667,37.8741446246611,326.532141505949,12.3179083582428
2020-10-26,71043,462,67600,406,3443,56,78060,434,853849,2755,931909,3189,6,796,-449,7569,905,62678,20,3491,891,"East TN",2455501,244.756569026036,0.122764889162317,129.871663664564,18.814897652251,308.24666738071,12.2764889162317
2020-10-27,71884,841,68311,711,3573,130,78842,782,858234,4385,937076,5167,12,808,78,7647,751,63429,52,3543,915,"East TN",2455501,251.068926463479,0.122485218646945,210.425489543682,34.2496297089677,311.423208542778,12.2485218646945
2020-10-28,72880,996,69219,908,3661,88,79813,971,865453,7219,945266,8190,13,821,198,7845,785,64214,39,3582,929,"East TN",2455501,267.440330914139,0.120397269227976,333.536822017177,40.5619871464113,319.486736108028,12.0397269227976
2020-10-29,73788,908,70012,793,3776,115,80647,834,871956,6503,952603,7337,11,832,150,7995,747,64961,40,3622,941,"East TN",2455501,258.399406068252,0.120670369878856,298.798493667891,36.9781971174111,325.595469112006,12.0670369878856
2020-10-30,74687,899,70818,806,3869,93,81487,840,876814,4858,958301,5698,28,860,49,8044,822,65783,38,3660,957,"East TN",2455501,255.467214226343,0.123811036756091,232.050404377762,36.6116731371724,327.590988559972,12.3811036756091
2020-10-31,74701,14,70832,14,3869,0,81503,16,876835,21,958338,37,5,865,-603,7441,612,66395,0,3660,967,"East TN",2455501,205.660677800579,0.127753418260125,1.50682080764781,0.570148413704576,303.033881883982,12.7753418260125
2020-11-01,75208,507,71222,390,3986,117,81973,470,883403,6568,965376,7038,0,865,-139,7302,646,67041,26,3686,983,"East TN",2455501,188.434050729362,0.118589044085552,286.621752546629,20.6475175534443,297.37312263363,11.8589044085552
2020-11-02,76020,812,71966,744,4054,68,82750,777,887632,4229,970382,5006,11,876,-226,7076,1027,68068,37,3723,997,"East TN",2455501,202.687761071977,0.121903672705534,203.868782786079,33.0686079948654,288.16929824097,12.1903672705534
2020-11-03,77060,1040,72926,960,4134,80,83826,1076,894495,6863,978321,7939,31,907,32,7108,977,69045,26,3749,1010,"East TN",2455501,210.79201352392,0.120838889562371,323.314875457188,42.3538821609114,289.472494615152,12.0838889562371
2020-11-04,77970,910,73736,810,4234,100,84673,847,899380,4885,984053,5732,6,913,-6,7102,910,69955,34,3783,1034,"East TN",2455501,207.289673268307,0.125299713821641,233.435050525331,37.0596468907974,289.228145294993,12.5299713821641
2020-11-05,78548,578,74220,484,4328,94,85174,501,902043,2663,987217,3164,17,930,-368,6734,929,70884,27,3810,1048,"East TN",2455501,193.850460659556,0.130785231409256,128.853541497234,23.5389845086603,274.241386991901,13.0785231409256
2020-11-06,79514,966,75068,848,4446,118,86101,927,908453,6410,994554,7337,10,940,43,6777,913,71797,36,3846,1072,"East TN",2455501,196.579028067999,0.127272225746835,298.798493667891,39.3402405456157,275.992557119708,12.7272225746835
2020-11-07,80841,1327,76309,1241,4532,86,87520,1419,919375,10922,1006895,12341,21,961,649,7426,657,72454,48,3894,1082,"East TN",2455501,250.05080429615,0.12391622217188,502.585826680584,54.0419246418552,302.423008583584,12.391622217188
2020-11-08,82398,1557,77748,1439,4650,118,89185,1665,932278,12903,1021463,14568,3,964,889,8315,665,73119,50,3944,1099,"East TN",2455501,292.811935323993,0.128585946832599,593.280149346304,63.4086485812875,338.627432853825,12.8585946832599
2020-11-09,83018,620,78287,539,4731,81,89766,581,935730,3452,1025496,4033,9,973,-466,7849,1077,74196,18,3962,1109,"East TN",2455501,284.992757078902,0.127299778640636,164.243468033611,25.2494297497741,319.649635654801,12.7299778640636
2020-11-10,83957,939,79136,849,4821,90,90689,923,940732,5002,1031421,5925,27,1000,4,7853,908,75104,42,4004,1126,"East TN",2455501,280.87954352289,0.12924670433145,241.294953657115,38.2406686048998,319.812535201574,12.924670433145
2020-11-11,85257,1300,80233,1097,5024,203,91858,1169,947278,6546,1039136,7715,26,1026,378,8231,896,76000,51,4055,1139,"East TN",2455501,296.762249333232,0.130439518544742,314.192500837915,52.9423527011392,335.206542371597,13.0439518544742
2020-11-12,86089,832,80933,700,5156,132,92622,764,951494,4216,1044116,4980,15,1041,3,8234,814,76814,34,4089,1156,"East TN",2455501,307.106370553301,0.130898609817396,202.809935732056,33.8831057287291,335.328717031677,13.0898609817396
2020-11-13,87555,1466,82225,1292,5330,174,93926,1304,957356,5862,1051282,7166,27,1068,534,8768,905,77719,46,4135,1172,"East TN",2455501,327.468813899893,0.137938936680299,291.834538043357,59.7026838922077,357.075806525837,13.7938936680299
2020-11-14,89033,1478,83618,1393,5415,85,95461,1535,966253,8897,1061714,10432,7,1075,920,9688,551,78270,50,4185,1201,"East TN",2455501,333.618271790563,0.144858534449735,424.842017983295,60.1913825325259,394.542702283567,14.4858534449735
2020-11-15,90986,1953,85352,1734,5634,219,97421,1960,977427,11174,1074848,13134,7,1082,1339,11027,607,78877,53,4238,1218,"East TN",2455501,349.745326921064,0.154275545565234,534.880661828279,79.5357037117883,449.07332556574,15.4275545565234
2020-11-16,92511,1525,86750,1398,5761,127,98957,1536,985049,7622,1084006,9158,10,1092,171,11198,1344,80221,37,4275,1237,"East TN",2455501,386.601349378396,0.157084259101008,372.958512336179,62.1054522071056,456.037281190274,15.7084259101008
2020-11-17,93724,1213,87869,1119,5855,94,100178,1221,990194,5145,1090372,6366,31,1123,90,11288,1092,81313,42,4317,1264,"East TN",2455501,397.759968332328,0.160964190598972,259.254628688809,49.3992875588322,459.702520992661,16.0964190598972
2020-11-18,94921,1197,88821,952,6100,245,101212,1034,995336,5142,1096548,6176,14,1137,55,11343,1128,82441,52,4369,1278,"East TN",2455501,393.56530500293,0.162927610952414,251.516900217104,48.7476893717412,461.942389760786,16.2927610952414
2020-11-19,96001,1080,89698,877,6303,203,102070,858,999997,4661,1102067,5519,45,1182,-245,11098,1280,83721,50,4419,1297,"East TN",2455501,403.66507690284,0.16303428758779,224.760649659682,43.9828776286387,451.964792520956,16.303428758779
2020-11-20,97127,1126,90661,963,6466,163,103093,1023,1004898,4901,1107991,5924,28,1210,-127,10971,1225,84946,33,4452,1322,"East TN",2455501,389.818615427157,0.16164982630623,241.254228770422,45.8562224165252,446.792731910922,16.164982630623
2020-11-21,98343,1216,91721,1060,6622,156,104192,1099,1011304,6406,1115496,7505,3,1213,359,11330,854,85800,45,4497,1345,"East TN",2455501,379.148695113543,0.162340560038675,305.640274632346,49.5214622189117,461.412966233775,16.2340560038675
2020-11-22,99930,1587,93150,1429,6780,158,105859,1667,1020909,9605,1126768,11272,17,1230,804,12134,766,86566,56,4553,1372,"East TN",2455501,364.243386583838,0.162519260400616,459.05092280557,64.630395182083,494.155775135095,16.2519260400616
2020-11-23,100819,889,93905,755,6914,134,106562,703,1024026,3117,1130588,3820,18,1248,-1165,10969,2036,88602,34,4587,1399,"East TN",2455501,338.342358646973,0.163260486883345,155.569067167963,36.2044242702406,446.711282137535,16.3260486883345
2020-11-24,101730,911,94637,732,7093,179,107268,706,1027053,3027,1134321,3733,13,1261,-740,10229,1638,90240,53,4640,1427,"East TN",2455501,326.043442865631,0.161323352067169,152.026002025656,37.1003717774906,416.574865984579,16.1323352067169
2020-11-25,102631,901,95317,680,7314,221,107813,545,1029361,2308,1137174,2853,38,1299,-501,9728,1364,91604,53,4693,1452,"East TN",2455501,313.988876404449,0.162482154285433,116.188101735654,36.6931229105588,396.171697751294,16.2482154285433
2020-11-26,104100,1469,96707,1390,7393,79,109486,1673,1037728,8367,1147214,10040,18,1317,-434,9294,1885,93489,22,4715,1471,"East TN",2455501,329.830857328097,0.164263406206392,408.877862399567,59.8248585522873,378.497096926452,16.4263406206392
2020-11-27,105801,1701,98271,1564,7530,137,111237,1751,1045268,7540,1156505,9291,5,1322,160,9454,1536,95025,48,4763,1498,"East TN",2455501,353.247667176678,0.167869068722431,378.374922266373,69.273032265106,385.013078797362,16.7869068722431
2020-11-28,107427,1626,99652,1381,7775,245,112734,1497,1052800,7532,1165534,9029,2,1324,570,10024,1054,96079,43,4806,1524,"East TN",2455501,369.944870720883,0.170710260202246,367.705001952758,66.2186657631172,408.226264212476,17.0710260202246
2020-11-29,109718,2291,101774,2122,7944,169,115063,2329,1063499,10699,1178562,13028,4,1328,1280,11304,1007,97086,50,4856,1547,"East TN",2455501,398.615190952885,0.177703981156118,530.563823838801,93.3007154140845,460.354119179752,17.7703981156118
2020-11-30,111957,2239,103784,2010,8173,229,117288,2225,1072950,9451,1190238,11676,15,1343,-109,11195,2333,99419,53,4909,1577,"East TN",2455501,453.593787988683,0.179815590947192,475.503777029616,91.183021306039,455.915106530195,17.9815590947192
2020-12-01,114222,2265,105794,2010,8428,255,119428,2140,1081787,8837,1201215,10977,20,1363,424,11619,1821,101240,62,4971,1605,"East TN",2455501,508.735284571255,0.181780129757527,447.037081231081,92.2418683600618,473.182458488105,18.1780129757527
2020-12-02,115280,1058,106708,914,8572,144,120305,877,1084697,2910,1205002,3787,15,1378,-694,10925,1737,102977,41,5012,1638,"East TN",2455501,515.129091782084,0.184171728489709,154.225145907088,43.0869301213887,444.919387123035,18.4171728489709
2020-12-03,117086,1806,108274,1566,8812,240,122026,1721,1090687,5990,1212713,7711,33,1411,315,11240,1458,104435,45,5057,1659,"East TN",2455501,528.853378597687,0.191453304630605,314.029601291142,73.5491453678903,457.747726431388,19.1453304630605
2020-12-04,118809,1723,109653,1379,9156,344,123483,1457,1096209,5522,1219692,6979,37,1448,-303,10937,1989,106424,35,5092,1693,"East TN",2455501,529.749326104937,0.193805687878836,284.218984231731,70.168979772356,445.408085763353,19.3805687878836
2020-12-05,119942,1133,110561,908,9381,225,124413,930,1099271,3062,1223684,3992,5,1453,124,11061,1004,107428,23,5115,1718,"East TN",2455501,509.671956965198,0.200842648323302,162.573747679191,46.1412966233775,450.457971713308,20.0842648323302
2020-12-06,121408,1466,111821,1260,9587,206,125654,1241,1103762,4491,1229416,5732,20,1473,480,11541,966,108394,37,5152,1754,"East TN",2455501,476.073925443321,0.208262870177371,233.435050525331,59.7026838922077,470.005917326037,20.8262870177371
2020-12-07,124131,2723,114225,2404,9906,319,128225,2571,1113310,9548,1241535,12119,31,1504,-208,11333,2900,111294,50,5202,1776,"East TN",2455501,495.784770602822,0.213209349474628,493.544901834697,110.89386646554,461.535140893854,21.3209349474628
2020-12-08,126897,2766,116586,2361,10311,405,130760,2535,1121670,8360,1252430,10895,45,1549,730,12063,1991,113285,69,5271,1800,"East TN",2455501,516.187938836107,0.22126330176706,443.69764052224,112.645036593347,491.264308179879,22.126330176706
2020-12-09,129542,2645,118967,2381,10575,264,133338,2578,1128768,7098,1262106,9676,21,1570,584,12647,2040,115325,56,5327,1823,"East TN",2455501,580.81833401819,0.2282326982348,394.054003643248,107.717325303472,515.047642008698,22.82326982348
2020-12-10,132617,3075,121648,2681,10969,394,136289,2951,1140241,11473,1276530,14424,30,1600,2531,15178,514,115839,70,5397,1859,"East TN",2455501,632.498215231841,0.223498440854318,587.415765662486,125.229026581541,618.122330229147,22.3498440854318
2020-12-11,134603,1986,123397,1749,11206,237,138083,1794,1147416,7175,1285499,8969,35,1635,451,15629,1500,117339,50,5447,1883,"East TN",2455501,643.208860432148,0.221860896257237,365.261508751167,80.8796249726634,636.489254127773,22.1860896257237
2020-12-12,137867,3264,126126,2729,11741,535,141059,2976,1158651,11235,1299710,14211,21,1656,1906,17535,1337,118676,73,5520,1908,"East TN",2455501,729.993593975323,0.218951411359272,578.741364796838,132.926030166553,714.110888164981,21.8951411359272
2020-12-13,142159,4292,129985,3859,12174,433,145428,4369,1175937,17286,1321365,21655,15,1671,2977,20512,1300,119976,62,5582,1942,"East TN",2455501,845.082123770261,0.215053997324604,881.8974213409,174.791213687146,835.34887585059,21.5053997324604
2020-12-14,145018,2859,132440,2455,12578,404,148104,2676,1185215,9278,1333319,11954,37,1708,-1138,19374,3960,123936,64,5646,1974,"East TN",2455501,850.620708360534,0.216584589906738,486.825295530322,116.432451055813,789.003954793747,21.6584589906738
2020-12-15,149147,4129,135982,3542,13165,587,151970,3866,1200236,15021,1352206,18887,34,1742,1609,20983,2486,126422,89,5735,2005,"East TN",2455501,906.128728923344,0.212576170622194,769.170934974166,168.153057156157,854.53029748308,21.2576170622194
2020-12-16,152367,3220,138239,2257,14128,963,154357,2387,1208131,7895,1362488,10282,19,1761,655,21638,2546,128968,57,5792,2046,"East TN",2455501,929.545538771925,0.209390129704529,418.733284979318,131.134135152052,881.205098267115,20.9390129704529
2020-12-17,156435,4068,141608,3369,14827,699,157966,3609,1218831,10700,1376797,14309,58,1819,1448,23086,2562,131530,70,5862,2085,"East TN",2455501,969.985351258257,0.216192765316605,582.73240369277,165.668839067872,940.174734198846,21.6192765316605
2020-12-18,159642,3207,144344,2736,15298,471,160847,2881,1227521,8690,1388368,11571,43,1862,835,23921,2329,133859,57,5919,2113,"East TN",2455501,1019.71043791063,0.221291156713879,471.227663926832,130.604711625041,974.180014587654,22.1291156713879
2020-12-19,162281,2639,146585,2241,15696,398,163316,2469,1235884,8363,1399200,10832,27,1889,1284,25205,1328,135187,39,5958,2150,"East TN",2455501,994.257383727394,0.223710925721178,441.131972660569,107.472975983313,1026.4707691017,22.3710925721178
2020-12-20,165914,3633,149554,2969,16360,664,166635,3319,1249829,13945,1416464,17264,16,1905,2297,27502,1320,136507,52,6010,2184,"East TN",2455501,967.419683396586,0.222999190317459,703.074443871129,147.953513356337,1120.01583383595,22.2999190317459
2020-12-21,168227,2313,151295,1741,16932,572,168537,1902,1256745,6916,1425282,8818,14,1919,-1340,26162,3639,140146,34,6044,2218,"East TN",2455501,945.183895262107,0.222187183976164,359.112050860496,94.1966629213346,1065.44448566708,22.2187183976164
2020-12-22,170877,2650,152992,1697,17885,953,170338,1801,1261799,5054,1432137,6855,62,1981,-302,25860,2890,143036,55,6099,2262,"East TN",2455501,884.951787842888,0.229798200948318,279.169098281776,107.920949736938,1053.14556988574,22.9798200948318
2020-12-23,173098,2221,154438,1446,18660,775,171882,1544,1267577,5778,1439459,7322,41,2022,-556,25304,2736,145772,34,6133,2303,"East TN",2455501,844.267626036397,0.227683153395435,298.187620367493,90.4499733455617,1030.50253288433,22.7683153395435
2020-12-24,175190,2092,155896,1458,19294,634,173482,1600,1273867,6290,1447349,7890,15,2037,-586,24718,2663,148435,31,6164,2343,"East TN",2455501,763.795249930666,0.219922893752126,321.319356009222,85.1964629621409,1006.63774928212,21.9922893752126
2020-12-25,177559,2369,157877,1981,19682,388,175648,2166,1282415,8548,1458063,10714,3,2040,-305,24413,2671,151106,26,6190,2378,"East TN",2455501,729.667794881778,0.212368175622355,436.326436030773,96.4772565761529,994.216658840701,21.2368175622355
2020-12-26,179498,1939,159344,1467,20154,472,177261,1613,1288068,5653,1465329,7266,2,2042,423,24836,1514,152620,42,6232,2413,"East TN",2455501,701.160374196549,0.210875712622299,295.907026712675,78.9655552980838,1011.44328591192,21.0875712622299
2020-12-27,180795,1297,160254,910,20541,387,178251,990,1290861,2793,1469112,3783,27,2069,-183,24653,1453,154073,41,6273,2444,"East TN",2455501,606.027038881271,0.220635161829509,154.062246360315,52.8201780410596,1003.99063164707,22.0635161829509
2020-12-28,182192,1397,161231,977,20961,420,179271,1020,1292681,1820,1471952,2840,25,2094,-2427,22226,3799,157872,41,6314,2480,"East TN",2455501,568.723042670314,0.229997857295907,115.658678208643,56.892666710378,905.151331642708,22.9997857295907
2020-12-29,185095,2903,162955,1724,22140,1179,181051,1780,1296770,4089,1477821,5869,50,2144,-113,22113,2966,160838,64,6378,2522,"East TN",2455501,579.02643900369,0.234502232729183,239.014360002297,118.224346070313,900.549419446378,23.4502232729183
2020-12-30,187422,2327,164571,1616,22851,711,182734,1683,1301250,4480,1483984,6163,40,2184,-553,21560,2840,163678,44,6422,2560,"East TN",2455501,583.343276993168,0.243728242560359,250.987476690093,94.7668113350392,878.028557105047,24.3728242560359
2020-12-31,190866,3444,167250,2679,23616,765,185630,2896,1308371,7121,1494001,10017,52,2236,597,22157,2795,166473,29,6451,2603,"East TN",2455501,638.403323802352,0.26039612449627,407.941190005624,140.256509771326,902.341314460878,26.039612449627
2021-01-01,193108,2242,168968,1718,24140,524,187487,1857,1314572,6201,1502059,8058,24,2260,-442,21715,2660,169133,29,6480,2641,"East TN",2455501,633.231263192318,0.26909264478589,328.161136973677,91.3051959661185,884.340914542491,26.909264478589
2021-01-02,195833,2725,171078,2110,24755,615,189739,2252,1321133,6561,1510872,8813,4,2264,1169,22884,1552,170685,62,6542,2676,"East TN",2455501,665.241024133161,0.27398282941396,358.908426427031,110.975316238926,931.948307086823,27.398282941396
2021-01-03,197147,1314,171982,904,25165,410,190675,936,1324504,3371,1515179,4307,15,2279,-183,22701,1482,172167,23,6565,2718,"East TN",2455501,665.933347206945,0.269694141142249,175.402086987543,53.5125011148438,924.49565282197,26.9694141142249
2021-01-04,198703,1556,173105,1123,25598,433,191856,1181,1326869,2365,1518725,3546,46,2325,-1585,21116,3095,175262,33,6598,2765,"East TN",2455501,672.408604191161,0.269065486498621,144.41044821403,63.3679236945943,859.946707413273,26.9065486498621
2021-01-05,201609,2906,174844,1739,26765,1167,193684,1828,1332142,5273,1525826,7101,43,2368,-439,20677,3302,178564,58,6656,2808,"East TN",2455501,672.530778851241,0.263160087490886,289.1874204083,118.346520730393,842.068482154966,26.3160087490886
2021-01-06,204155,2546,176637,1793,27518,753,195587,1903,1337726,5584,1533313,7487,52,2420,67,20744,2427,180991,61,6717,2851,"East TN",2455501,681.449529037048,0.260556670518356,304.907226671869,103.685561520846,844.797049563409,26.0556670518356
2021-01-07,206667,2512,178776,2139,27891,373,197908,2321,1344835,7109,1542743,9430,33,2453,979,21723,1500,182491,44,6761,2883,"East TN",2455501,643.493934639,0.251897747322638,384.035681516725,102.300915373278,884.666713636036,25.1897747322638
2021-01-08,209018,2351,180637,1861,28381,490,199900,1992,1352181,7346,1552081,9338,50,2503,1674,23397,627,183118,47,6808,2937,"East TN",2455501,647.932947288557,0.248150813641998,380.288991940952,95.7442086156756,952.840173960426,24.8150813641998
2021-01-09,211596,2578,182641,2004,28955,574,202079,2179,1360372,8191,1562451,10370,27,2530,758,24155,1793,184911,32,6840,2965,"East TN",2455501,641.946388944659,0.239244653831986,422.317075008318,104.988757895028,983.70963807386,23.9244653831986
2021-01-10,213264,1668,183775,1134,29489,534,203331,1252,1366177,5805,1569508,7057,36,2566,1,24156,1631,186542,41,6881,3004,"East TN",2455501,656.362998834046,0.232951094259051,287.395525393799,67.9291110042309,983.750362960553,23.2951094259051
2021-01-11,214690,1426,184788,1013,29902,413,204429,1098,1369450,3273,1573879,4371,28,2594,-2183,21973,3581,190123,40,6921,3043,"East TN",2455501,651.068763563933,0.227961707219785,178.008479735907,58.0736884244804,894.847935309332,22.7961707219785
2021-01-12,216515,1825,185925,1137,30590,688,205624,1195,1373655,4205,1579279,5400,60,2654,-2155,19818,3920,194043,39,6960,3080,"East TN",2455501,607.045161048601,0.223373805024975,219.914388143194,74.3229182150608,807.08580448552,22.3373805024975
2021-01-13,218044,1529,187003,1078,31041,451,206760,1136,1378393,4738,1585153,5874,49,2703,-1345,18473,2825,196868,32,6992,3105,"East TN",2455501,565.627951281633,0.215528549382716,239.217984435763,62.2683517538783,752.310831883188,21.5528549382716
2021-01-14,220295,2251,188784,1781,31511,470,208726,1966,1386917,8524,1595643,10490,38,2741,-199,18274,2412,199280,49,7041,3146,"East TN",2455501,554.998755854711,0.204499054820416,427.2040614115,91.6717199463572,744.206579431244,20.4499054820416
2021-01-15,221261,966,189455,671,31806,295,209420,694,1389975,3058,1599395,3752,23,2764,-365,17909,1308,200588,29,7070,3186,"East TN",2455501,498.594787784652,0.201208944498457,152.799774872826,39.3402405456157,729.341995788232,20.1208944498457
2021-01-16,223696,2435,191206,1751,32490,684,211422,2002,1400866,10891,1612288,12893,13,2777,360,18269,2062,202650,54,7124,3227,"East TN",2455501,492.771128987526,0.187471155968457,525.065964135221,99.165099097903,744.002954997778,18.7471155968457
2021-01-17,224552,856,191812,606,32740,250,212094,672,1404485,3619,1616579,4291,13,2790,-830,17439,1673,204323,24,7148,3259,"East TN",2455501,459.702520992661,0.186165579656264,174.750488800453,34.8605030093655,710.201299042436,18.6165579656264
2021-01-18,225114,562,192131,319,32983,243,212448,354,1406568,2083,1619016,2437,13,2803,-2443,14996,2992,207315,21,7169,3290,"East TN",2455501,424.51621888975,0.177659126658839,99.2465488712894,22.8873863215694,610.710400850987,17.7659126658839
2021-01-19,226794,1680,193100,969,33694,711,213513,1065,1410776,4208,1624289,5273,21,2824,-1172,13824,2831,210146,51,7220,3328,"East TN",2455501,418.611110319238,0.175272161741835,214.742327533159,68.4178096445491,562.980833646576,17.5272161741835
2021-01-20,227779,985,193758,658,34021,327,214210,697,1414772,3996,1628982,4693,32,2856,-1004,12820,1957,212103,29,7249,3367,"East TN",2455501,396.456771958146,0.169978781172283,191.121893251113,40.1140133927862,522.093047406619,16.9978781172283
2021-01-21,229346,1567,194899,1141,34447,426,215494,1284,1421705,6933,1637199,8217,65,2921,-769,12051,2271,214374,36,7285,3412,"East TN",2455501,368.600949460008,0.162864568293387,334.636393957893,63.8158974482193,490.77560953956,16.2864568293387
2021-01-22,230334,988,195606,707,34728,281,216313,819,1427150,5445,1643463,6264,32,2953,-735,11316,1691,216065,28,7313,3443,"East TN",2455501,369.496896967258,0.156417354996823,255.100690246105,40.2361880528658,460.84281782007,15.6417354996823
2021-01-23,231771,1437,196576,970,35195,467,217415,1102,1435432,8282,1652847,9384,19,2972,211,11527,1207,217272,40,7353,3466,"East TN",2455501,328.853460047461,0.147760053255751,382.162336728839,58.5216621781054,469.435768912332,14.7760053255751
2021-01-24,232395,624,197067,491,35328,133,217958,543,1438808,3376,1656766,3919,19,2991,-591,10936,1196,218468,19,7372,3492,"East TN",2455501,319.405286334642,0.145917834125463,159.600830950588,25.4123292965468,445.36736087666,14.5917834125463
2021-01-25,233139,744,197579,512,35560,232,218508,550,1440565,1757,1659073,2307,44,3035,-1157,9779,1857,220325,20,7392,3522,"East TN",2455501,326.817215712802,0.151284419701925,93.9523136011755,30.2993156997289,398.248666972646,15.1284419701925
2021-01-26,234172,1033,198305,726,35867,307,219292,784,1445030,4465,1664322,5249,63,3098,-919,8860,1889,222214,25,7417,3544,"East TN",2455501,300.468214022312,0.144355906377239,213.764930252523,42.0688079540591,360.82249610161,14.4355906377239
2021-01-27,235125,953,199010,705,36115,248,220047,755,1449552,4522,1669599,5277,55,3153,-385,8475,1283,223497,27,7444,3566,"East TN",2455501,299.16501764813,0.143708299480513,214.905227079932,38.8108170186043,345.143414724734,14.3708299480513
2021-01-28,236457,1332,199723,713,36734,619,220843,796,1453983,4431,1674826,5227,46,3199,-177,8298,1463,224960,28,7472,3593,"East TN",2455501,289.594669275231,0.142158556355808,212.868982745273,54.2455490753211,337.935109780041,14.2158556355808
2021-01-29,237052,595,200074,351,36978,244,221240,397,1456650,2667,1677890,3064,17,3216,-682,7616,1260,226220,16,7488,3612,"East TN",2455501,273.58978880481,0.143114416010689,124.781052827916,24.2313075824445,310.160737055289,14.3114416010689
2021-01-30,238208,1156,201041,967,37167,189,222340,1100,1465700,9050,1688040,10150,44,3260,242,7858,870,227090,28,7516,3631,"East TN",2455501,262.146095644025,0.139942602222033,413.357599935818,47.0779690173207,320.01615963504,13.9942602222033
2021-01-31,238890,682,201484,443,37406,239,222831,491,1469627,3927,1692458,4418,29,3289,-83,7775,736,227826,30,7546,3652,"East TN",2455501,264.50813907223,0.136529194217192,179.922549410487,27.7743727247515,316.635994039506,13.6529194217192
2021-02-01,239585,695,201889,405,37696,290,223272,441,1471323,1696,1694595,2137,39,3328,-544,7231,1200,229026,12,7558,3678,"East TN",2455501,262.512619624264,0.134114070153708,87.0290828633342,28.3037962517629,294.481655678413,13.4114070153708
2021-02-02,240124,539,202237,348,37887,191,223635,363,1472381,1058,1696016,1421,57,3385,-837,6394,1319,230345,11,7569,3693,"East TN",2455501,242.394525597831,0.137029090679624,57.8700639910145,21.9507139276262,260.394925516218,13.7029090679624
2021-02-03,241238,1114,202996,759,38242,355,224463,828,1478385,6004,1702848,6832,46,3431,41,6435,1027,231372,39,7608,3705,"East TN",2455501,248.951232355434,0.132816024542091,278.232425887833,45.367523776207,262.064645870639,13.2816024542091
2021-02-04,242337,1099,203774,778,38563,321,225330,867,1486100,7715,1711430,8582,58,3489,0,6435,1041,232413,35,7643,3724,"East TN",2455501,239.462333755922,0.122582231450115,349.500977600905,44.7566504758092,262.064645870639,12.2582231450115
2021-02-05,243154,817,204333,559,38821,258,225936,606,1489906,3806,1715842,4412,67,3556,-154,6281,904,233317,28,7671,3737,"East TN",2455501,248.503258601809,0.123735244519393,179.678200090328,33.2722324283313,255.793013319889,12.3735244519393
2021-02-06,244388,1234,205156,823,39232,411,226899,963,1498561,8655,1725460,9618,27,3583,503,6784,704,234021,21,7692,3767,"East TN",2455501,251.679799763877,0.121833244254409,391.691960215044,50.2545101793891,276.27763132656,12.1833244254409
2021-02-07,244905,517,205508,352,39397,165,227305,406,1501645,3084,1728950,3490,2,3585,-119,6665,634,234655,9,7701,3781,"East TN",2455501,244.960193459502,0.122602214183931,142.129854559212,21.0547664203761,271.431369810071,12.2602214183931
2021-02-08,245418,513,205806,298,39612,215,227625,320,1503008,1363,1730633,1683,32,3617,-635,6030,1116,235771,9,7710,3796,"East TN",2455501,237.548264081342,0.120789166990399,68.5399843046287,20.8918668736034,245.5710667599,12.0789166990399
2021-02-09,246446,1028,206436,630,40010,398,228293,668,1507242,4234,1735535,4902,16,3633,-58,5972,1070,236841,36,7746,3807,"East TN",2455501,257.462733674309,0.117867354943192,199.633394569988,41.8651835205931,243.209023331695,11.7867354943192
2021-02-10,247295,849,207019,583,40276,266,228930,637,1513229,5987,1742159,6624,39,3672,-29,5943,839,237680,28,7774,3820,"East TN",2455501,246.670638700615,0.113632316654372,269.761649455651,34.5754288025132,242.028001617593,11.3632316654372
2021-02-11,248162,867,207600,581,40562,286,229581,651,1518803,5574,1748384,6225,37,3709,-105,5838,935,238615,31,7805,3838,"East TN",2455501,237.222464987797,0.115034908264329,253.51241966507,35.3084767629905,237.751888514808,11.5034908264329
2021-02-12,248994,832,208192,592,40802,240,230230,649,1524317,5514,1754547,6163,34,3743,58,5896,740,239355,11,7816,3847,"East TN",2455501,237.833338288195,0.110941738793438,250.987476690093,33.8831057287291,240.113931943013,11.0941738793438
2021-02-13,249589,595,208566,374,41023,221,230664,434,1528745,4428,1759409,4862,12,3755,-21,5875,604,239959,17,7833,3859,"East TN",2455501,211.81013569125,0.110901646587528,198.004399102261,24.2313075824445,239.258709322456,11.0901646587528
2021-02-14,250130,541,208981,415,41149,126,231117,453,1531713,2968,1762830,3421,15,3770,-50,5825,576,240535,14,7847,3872,"East TN",2455501,212.787532971886,0.112514757969303,139.319837377382,22.0321637010125,237.222464987797,11.2514757969303
2021-02-15,250508,378,209190,209,41318,169,231345,228,1533037,1324,1764382,1552,5,3775,-573,5252,946,241481,9,7856,3882,"East TN",2455501,207.289673268307,0.110225488162612,63.2050241478216,15.3940071700236,213.887104912602,11.0225488162612
2021-02-16,251277,769,209618,428,41659,341,231817,472,1536446,3409,1768263,3881,8,3783,-40,5212,801,242282,22,7878,3892,"East TN",2455501,196.741927614772,0.107675384991445,158.053285256247,31.3174378670585,212.258109444875,10.7675384991445
2021-02-17,251898,621,210035,417,41863,204,232268,451,1539700,3254,1771968,3705,11,3794,-94,5118,704,242986,11,7889,3908,"East TN",2455501,187.456653448726,0.11197960347546,150.885705198247,25.2901546364673,208.429970095716,11.197960347546
2021-02-18,252693,795,210587,552,42106,243,232874,606,1545420,5720,1778294,6326,42,3836,27,5145,726,243712,20,7909,3924,"East TN",2455501,184.524461606817,0.110096957539285,257.625633221082,32.3762849210813,209.529542036432,11.0096957539285
2021-02-19,253173,480,210891,304,42282,176,233219,345,1548128,2708,1781347,3053,5,3841,-222,4923,697,244409,11,7920,3933,"East TN",2455501,170.189301490816,0.111529850746269,124.333079074291,19.5479456127283,200.488617190545,11.1529850746269
2021-02-20,253795,622,211338,447,42457,175,233724,505,1553355,5227,1787079,5732,18,3859,73,4996,531,244940,18,7938,3943,"East TN",2455501,171.288873431532,0.110589085652331,233.435050525331,25.3308795231604,203.461533919147,11.0589085652331
2021-02-21,254143,348,211565,227,42578,121,233987,263,1555489,2134,1789476,2397,7,3866,-82,4914,423,245363,11,7949,3959,"East TN",2455501,163.428970299747,0.107708474067402,97.617553403562,14.172260569228,200.122093210306,10.7708474067402
2021-02-22,254505,362,211761,196,42744,166,234216,229,1556872,1383,1791088,1612,7,3873,-477,4437,832,246195,22,7971,3974,"East TN",2455501,162.777372112656,0.107503931700741,65.6485173494126,14.7424089829326,180.696322257657,10.7503931700741
2021-02-23,255148,643,212108,347,43040,296,234584,368,1559818,2946,1794402,3314,26,3899,-144,4293,761,246956,27,7998,3979,"East TN",2455501,157.646036389315,0.10585714832243,134.962274501212,26.1861021437173,174.831938573839,10.585714832243
2021-02-24,255890,742,212657,549,43233,193,235194,610,1566020,6202,1801214,6812,19,3918,57,4350,666,247622,20,8018,3985,"East TN",2455501,162.573747679191,0.10004786979416,277.417928153969,30.2178659263425,177.15325711535,10.004786979416
2021-02-25,256527,637,213103,446,43424,191,235689,495,1570788,4768,1806477,5263,21,3939,-97,4253,713,248335,16,8034,3994,"East TN",2455501,156.139215581667,0.0998829081361104,214.335078666227,25.9417528235582,173.202943106112,9.98829081361104
2021-02-26,256988,461,213426,323,43562,138,236057,368,1573910,3122,1809967,3490,14,3953,-182,4071,629,248964,11,8045,3998,"East TN",2455501,155.365442734497,0.0991614255765199,142.129854559212,18.7741727655578,165.791013727952,9.91614255765199
2021-02-27,257422,434,213650,224,43772,210,236331,274,1578006,4096,1814337,4370,7,3960,5,4076,422,249386,15,8060,4004,"East TN",2455501,147.709164036178,0.0956416464891041,177.967754849214,17.6746008248419,165.994638161418,9.56416464891041
2021-02-28,257788,366,213924,274,43864,92,236644,313,1580566,2560,1817210,2873,5,3965,-54,4022,415,249801,10,8070,4011,"East TN",2455501,148.442211996656,0.0958029855051561,117.002599469518,14.9053085297053,163.795494279986,9.58029855051561
2021-03-01,258032,244,214072,148,43960,96,236800,156,1581345,779,1818145,935,4,3969,-408,3614,648,250449,11,8081,4015,"East TN",2455501,143.63667536686,0.0955020881842037,38.077769058127,9.9368723531369,147.179740509167,9.55020881842037
2021-03-02,258653,621,214463,391,44190,230,237247,447,1584802,3457,1822049,3904,7,3976,3,3617,611,251060,23,8104,4020,"East TN",2455501,142.74072785961,0.0963214815350671,158.98995765019,25.2901546364673,147.301915169247,9.63214815350671
2021-03-03,259137,484,214766,303,44371,181,237602,355,1588974,4172,1826576,4527,7,3983,-144,3473,621,251681,16,8120,4023,"East TN",2455501,132.233707092768,0.0949451935967195,184.361562060044,19.7108451595011,141.437531485428,9.49451935967195
2021-03-04,259748,611,215179,413,44569,198,238074,472,1593796,4822,1831870,5294,18,4001,50,3523,543,252224,16,8136,4028,"East TN",2455501,131.174860038746,0.093923522230536,215.597550153716,24.8829057695354,143.473775820087,9.3923522230536
2021-03-05,260219,471,215490,311,44729,160,238428,354,1597479,3683,1835907,4037,15,4016,-63,3460,519,252743,15,8151,4032,"East TN",2455501,131.582108905678,0.0914032382420971,164.406367580384,19.1814216324897,140.908107958417,9.14032382420971
2021-03-06,260682,463,215813,323,44869,140,238800,372,1601755,4276,1840555,4648,1,4017,51,3511,411,253154,7,8158,4037,"East TN",2455501,132.76313061978,0.0941719429399649,189.289273349919,18.8556225389442,142.985077179769,9.41719429399649
2021-03-07,260937,255,215977,164,44960,91,238984,184,1603486,1731,1842470,1915,1,4018,-111,3400,365,253519,4,8162,4041,"East TN",2455501,128.242668196836,0.0926365795724466,77.9881580174473,10.3848461067619,138.464614756826,9.26365795724466
2021-03-08,261397,460,216269,292,45128,168,239297,313,1605068,1582,1844365,1895,3,4021,-124,3276,581,254100,9,8171,4049,"East TN",2455501,137.039243722564,0.0952326468344775,77.1736602835837,18.7334478788646,133.414728806871,9.52326468344775
2021-03-09,261937,540,216551,282,45386,258,239616,319,1607644,2576,1847260,2895,6,4027,25,3301,509,254609,17,8188,4060,"East TN",2455501,133.740527900416,0.0939669192019357,117.898546976768,21.9914388143194,134.4328509742,9.39669192019357
2021-03-10,262586,649,217014,463,45572,186,240123,507,1613115,5471,1853238,5978,7,4034,175,3476,467,255076,24,8212,4068,"East TN",2455501,140.460134204792,0.0945540469582177,243.453372651854,26.4304514638764,141.559706145508,9.45540469582177
2021-03-11,263120,534,217354,340,45766,194,240488,365,1616454,3339,1856942,3704,5,4039,91,3567,438,255514,8,8220,4075,"East TN",2455501,137.324317929416,0.096282705807275,150.844980311554,21.7470894941603,145.265670834587,9.62827058072751
2021-03-12,263583,463,217722,368,45861,95,240904,416,1619803,3349,1860707,3765,5,4044,6,3573,452,255966,10,8230,4083,"East TN",2455501,136.998518835871,0.0998387096774194,153.329198399838,18.8556225389442,145.510020154746,9.98387096774194
2021-03-13,264030,447,217938,216,46092,231,241184,280,1623443,3640,1864627,3920,2,4046,43,3616,402,256368,20,8250,4089,"East TN",2455501,136.34692064878,0.0990362246593553,159.641555837281,18.2040243518532,147.261190282553,9.90362246593553
2021-03-14,264292,262,218114,176,46178,86,241395,211,1625285,1842,1866680,2053,0,4046,-50,3566,312,256680,10,8260,4094,"East TN",2455501,136.631994855632,0.0995869475423379,83.6081923811067,10.6699203136142,145.224945947894,9.95869475423379
2021-03-15,264649,357,218297,183,46352,174,241612,217,1626481,1196,1868093,1413,4,4050,-166,3400,519,257199,15,8275,4098,"East TN",2455501,132.437331526234,0.0975640593391773,57.544264897469,14.5387845494667,138.464614756826,9.75640593391774
2021-03-16,265349,700,218748,451,46601,249,242108,496,1629749,3268,1871857,3764,4,4054,192,3592,504,257703,35,8310,4099,"East TN",2455501,138.953313397144,0.101313168272554,153.288473513145,28.5074206852288,146.283793001917,10.1313168272554
2021-03-17,265775,426,219079,331,46696,95,242472,364,1633471,3722,1875943,4086,1,4055,-29,3563,454,258157,15,8325,4107,"East TN",2455501,129.871663664564,0.103457388240476,166.40188702835,17.3488017312964,145.102771287815,10.3457388240476
2021-03-18,266325,550,219427,348,46898,202,242857,385,1636762,3291,1879619,3676,6,4061,99,3662,445,258602,31,8356,4113,"East TN",2455501,130.523261851655,0.104467081183578,149.704683484144,22.3986876812512,149.13453507044,10.4467081183578
2021-03-19,267118,793,219958,531,47160,262,243420,563,1641808,5046,1885228,5609,15,4076,335,3997,443,259045,25,8381,4117,"East TN",2455501,143.962474460405,0.102605929611354,228.425889462069,32.2948351476949,162.777372112656,10.2605929611354
2021-03-20,267392,274,220125,167,47267,107,243614,194,1643929,2121,1887543,2315,1,4077,-41,3956,314,259359,15,8396,4118,"East TN",2455501,136.917069062485,0.106039448420318,94.278112694721,11.1586189539324,161.107651758236,10.6039448420318
2021-03-21,267673,281,220321,196,47352,85,243839,225,1645729,1800,1889568,2025,-3,4074,-34,3922,318,259677,8,8404,4124,"East TN",2455501,137.690841909655,0.106780845858092,82.4678955536976,11.4436931607847,159.723005610668,10.6780845858092
2021-03-22,268198,525,220660,339,47538,186,244195,356,1647818,2089,1892013,2445,14,4088,-7,3915,518,260195,19,8423,4130,"East TN",2455501,144.53262287411,0.107984949832776,99.5723479648349,21.3805655139216,159.437931403815,10.7984949832776
2021-03-23,268635,437,220908,248,47727,189,244462,267,1650274,2456,1894736,2723,11,4099,-74,3841,500,260695,16,8439,4135,"East TN",2455501,133.821977673803,0.102889112286376,110.89386646554,17.7967754849214,156.42428978852,10.2889112286376
2021-03-24,269232,597,221364,456,47868,141,244955,493,1654972,4698,1899927,5191,4,4103,86,3927,507,261202,24,8463,4139,"East TN",2455501,140.785933298337,0.103527351567712,211.402886824318,24.3127573558308,159.926630044134,10.3527351567712
2021-03-25,269632,400,221671,307,47961,93,245288,333,1657940,2968,1903228,3301,8,4111,-65,3862,457,261659,23,8486,4141,"East TN",2455501,134.677200294359,0.102969206658478,134.4328509742,16.2899546772736,157.279512409077,10.2969206658478
2021-03-26,270042,410,221993,322,48049,88,245634,346,1660573,2633,1906207,2979,7,4118,-63,3799,466,262125,12,8498,4146,"East TN",2455501,119.07956869087,0.105534105534106,121.319437458995,16.6972035442054,154.713844547406,10.5534105534106
2021-03-27,270245,203,222172,179,48073,24,245844,210,1663085,2512,1908929,2722,2,4120,-165,3634,366,262491,11,8509,4151,"East TN",2455501,116.188101735654,0.104273823997007,110.853141578847,8.26715199871635,147.994238243031,10.4273823997007
2021-03-28,270561,316,222391,219,48170,97,246089,245,1665157,2072,1911246,2317,5,4125,-67,3567,378,262869,17,8526,4157,"East TN",2455501,117.613472769915,0.103791862717963,94.3595624681073,12.8690641950461,145.265670834587,10.3791862717963
2021-03-29,271000,439,222627,236,48373,203,246344,255,1667013,1856,1913357,2111,18,4143,-94,3473,515,263384,17,8543,4160,"East TN",2455501,114.111132514302,0.100684032983508,85.9702358093114,17.8782252583078,141.437531485428,10.0684032983508
2021-03-30,271375,375,222885,258,48490,117,246666,322,1669489,2476,1916155,2798,5,4148,-144,3329,514,263898,19,8562,4164,"East TN",2455501,111.586189539324,0.102899295018442,113.948232967529,15.271832509944,135.57314780161,10.2899295018442
2021-03-31,272036,661,223327,442,48709,219,247154,488,1674306,4817,1921460,5305,4,4152,167,3496,490,264388,17,8579,4167,"East TN",2455501,114.192582287688,0.102122323874983,216.045523907341,26.9191501041946,142.374203879371,10.2122323874983
2021-04-01,272483,447,223645,318,48838,129,247504,350,1677134,2828,1924638,3178,1,4153,-88,3408,534,264922,13,8592,4168,"East TN",2455501,116.106651962268,0.103503035964503,129.423689910939,18.2040243518532,138.790413850371,10.3503035964503
2021-04-02,272834,351,223880,235,48954,116,247756,252,1680157,3023,1927913,3275,0,4153,-81,3327,432,265354,9,8601,4172,"East TN",2455501,113.70388364737,0.0977609877453239,133.374003920178,14.2944352293076,135.491698028223,9.77609877453239
2021-04-03,273178,344,224130,250,49048,94,248031,275,1682508,2351,1930539,2626,0,4153,-52,3275,396,265750,12,8613,4178,"East TN",2455501,119.446092671109,0.101203146691347,106.943552456301,14.0093610224553,133.374003920178,10.1203146691347
2021-04-04,273349,171,224253,123,49096,48,248172,141,1684103,1595,1932275,1736,6,4159,-179,3096,344,266094,6,8619,4181,"East TN",2455501,113.540984100597,0.0990536877645157,70.6984032993674,6.96395562453446,126.084249202098,9.90536877645157
2021-04-05,273757,408,224489,236,49268,172,248395,223,1685322,1219,1933717,1442,6,4165,-94,3002,496,266590,37,8656,4184,"East TN",2455501,112.278512613108,0.10073673870334,58.7252866115713,16.6157537708191,122.256109852938,10.073673870334
2021-04-06,274188,431,224738,249,49450,182,248673,278,1687410,2088,1936083,2366,3,4168,-8,2994,436,267026,22,8678,4185,"East TN",2455501,114.559106267927,0.100712565234845,96.3550819160733,17.5524261647623,121.930310759393,10.0712565234845
2021-04-07,274821,633,225201,463,49620,170,249181,508,1692102,4692,1941283,5200,5,4173,209,3203,419,267445,21,8699,4185,"East TN",2455501,113.418809440517,0.10225495636382,211.769410804557,25.7788532767855,130.441812078268,10.225495636382
2021-04-08,275226,405,225456,255,49770,150,249470,289,1695115,3013,1944585,3302,-1,4172,42,3245,364,267809,16,8715,4188,"East TN",2455501,111.708364199404,0.0985611871459367,134.473575860894,16.4935791107395,132.152257319382,9.85611871459367
2021-04-09,275744,518,225862,406,49882,112,249920,450,1698991,3876,1948911,4326,4,4176,110,3355,404,268213,27,8742,4189,"East TN",2455501,118.509420277165,0.103057434041337,176.175859834714,21.0954913070693,136.631994855632,10.3057434041337
2021-04-10,276049,305,226078,216,49971,89,250167,247,1701772,2781,1951939,3028,1,4177,-15,3340,319,268532,14,8756,4193,"East TN",2455501,116.921149696131,0.0998130841121495,123.314956906961,12.4210904414211,136.021121555235,9.98130841121495
2021-04-11,276286,237,226241,163,50045,74,250341,174,1703485,1713,1953826,1887,2,4179,-87,3253,322,268854,9,8765,4196,"East TN",2455501,119.608992217881,0.100644981671384,76.8478611900382,9.65179814628461,132.478056412928,10.0644981671384
2021-04-12,276749,463,226561,320,50188,143,250671,330,1705248,1763,1955919,2093,3,4182,15,3268,445,269299,15,8780,4203,"East TN",2455501,121.848860986007,0.102513287091253,85.2371878488341,18.8556225389442,133.088929713325,10.2513287091253
2021-04-13,277128,379,226801,240,50327,139,250921,250,1707306,2058,1958227,2308,3,4185,-58,3210,434,269733,14,8794,4205,"East TN",2455501,119.731166877961,0.101517341040462,93.9930384878687,15.4347320567167,130.726886285121,10.1517341040462
2021-04-14,277810,682,227305,504,50505,178,251478,557,1712127,4821,1963605,5378,0,4185,270,3480,412,270145,25,8819,4206,"East TN",2455501,121.726686325927,0.102902965684078,219.018440635944,27.7743727247515,141.72260569228,10.2902965684078
2021-04-15,278349,539,227671,366,50678,173,251858,380,1715272,3145,1967130,3525,2,4187,112,3592,425,270570,23,8842,4210,"East TN",2455501,127.183821142814,0.105921490352628,143.555225593474,21.9507139276262,146.283793001917,10.5921490352628
2021-04-16,279328,979,228567,896,50761,83,252963,1105,1722756,7484,1975719,8589,3,4190,634,4226,342,270912,32,8874,4211,"East TN",2455501,145.957993908371,0.113510892270964,349.786051807757,39.8696640726271,172.103371165396,11.3510892270964
2021-04-17,279530,202,228714,147,50816,55,253136,173,1724987,2231,1978123,2404,0,4190,-90,4136,292,271204,10,8884,4212,"East TN",2455501,141.763330578973,0.113389856400855,97.9026276104143,8.22642711202317,168.438131363009,11.3389856400855
2021-04-18,279748,218,228901,187,50847,31,253339,203,1726790,1803,1980129,2006,6,4196,-122,4014,334,271538,7,8891,4217,"East TN",2455501,140.989557731803,0.113979393985477,81.6941227065271,8.87802529911411,163.469695186441,11.3979393985477
2021-04-19,280076,328,229096,195,50980,133,253549,210,1728239,1449,1981788,1659,8,4204,-217,3797,537,272075,14,8905,4219,"East TN",2455501,135.491698028223,0.111252850902625,67.5625870239923,13.3577628353644,154.63239477402,11.1252850902625
2021-04-20,280429,353,229373,277,51056,76,253830,281,1730687,2448,1984517,2729,4,4208,-112,3685,461,272536,20,8925,4222,"East TN",2455501,134.4328509742,0.11065043742868,111.138215785699,14.375885002694,150.071207464383,11.065043742868
2021-04-21,280939,510,229700,327,51239,183,254168,338,1734468,3781,1988636,4119,4,4212,26,3711,480,273016,12,8937,4227,"East TN",2455501,127.428170462973,0.107466741240861,167.745808289225,20.7696922135238,151.130054518406,10.7466741240861
2021-04-22,281583,644,230100,400,51483,244,254619,451,1738720,4252,1993339,4703,3,4215,193,3904,448,273464,21,8958,4229,"East TN",2455501,131.704283565757,0.105345492006563,191.529142118044,26.2268270304105,158.98995765019,10.5345492006563
2021-04-23,281969,386,230377,277,51592,109,254928,309,1741923,3203,1996851,3512,0,4215,-8,3896,394,273858,10,8968,4230,"East TN",2455501,107.554425756699,0.0929869392390687,143.025802066462,15.719806263569,158.664158556645,9.29869392390687
2021-04-24,282230,261,230566,189,51664,72,255138,210,1744921,2998,2000059,3208,0,4215,-130,3766,391,274249,19,8987,4234,"East TN",2455501,109.957194071597,0.0912654996353027,130.645436511734,10.629195426921,153.369923286531,9.12654996353027
2021-04-25,282430,200,230714,148,51716,52,255297,159,1746572,1651,2001869,1810,4,4219,-114,3652,310,274559,17,9004,4237,"East TN",2455501,109.224146111119,0.090064397424103,73.712044914663,8.1449773386368,148.727286203508,9.0064397424103
2021-04-26,282818,388,230957,243,51861,145,255549,252,1748544,1972,2004093,2224,6,4225,-141,3511,523,275082,16,9020,4241,"East TN",2455501,111.667639312711,0.0896659941717104,90.5721480056412,15.8012560369554,142.985077179769,8.96659941717104
2021-04-27,283207,389,231160,203,52047,186,255767,218,1750908,2364,2006675,2582,3,4228,-54,3457,440,275522,23,9043,4244,"East TN",2455501,113.133735233665,0.0874176369708457,105.151657441801,15.8419809236486,140.785933298337,8.74176369708457
2021-04-28,283695,488,231506,346,52189,142,256148,381,1755035,4127,2011183,4508,6,4234,11,3468,471,275993,22,9065,4249,"East TN",2455501,112.237787726415,0.087816560961547,183.587789212873,19.8737447062738,141.233907051962,8.7816560961547
2021-04-29,284087,392,231785,279,52302,113,256451,303,1757967,2932,2014418,3235,1,4235,17,3485,374,276367,20,9085,4251,"East TN",2455501,101.975116279733,0.0869111437924,131.74500845245,15.9641555837281,141.926230125746,8.69111437924
2021-04-30,284456,369,232012,227,52444,142,256691,240,1761234,3267,2017925,3507,0,4235,-4,3481,373,276740,15,9100,4254,"East TN",2455501,101.282793205949,0.0836575875486381,142.822177632996,15.0274831897849,141.763330578973,8.36575875486381
2021-05-01,284691,235,232194,182,52497,53,256880,189,1763725,2491,2020605,2680,-1,4234,-31,3450,267,277007,15,9115,4254,"East TN",2455501,100.223946151926,0.0847853596807164,109.142696337733,9.57034837289824,140.500859091485,8.47853596807165
2021-05-02,284866,175,232322,128,52544,47,257013,133,1765201,1476,2022214,1609,1,4235,-77,3373,251,277258,11,9126,4258,"East TN",2455501,99.2058239845962,0.0843450479233227,65.526342689333,7.1268551713072,137.36504281611,8.43450479233227
2021-05-03,285077,211,232435,113,52642,98,257139,126,1766685,1484,2023824,1610,5,4240,-225,3148,431,277689,16,9142,4260,"East TN",2455501,91.9975190399027,0.0805838528204348,65.5670675760262,8.59295109226182,128.201943310143,8.05838528204348
2021-05-04,285397,320,232655,220,52742,100,257384,245,1769085,2400,2026469,2645,7,4247,-81,3067,394,278083,11,9153,4266,"East TN",2455501,89.1875018580729,0.0816914216429221,107.717325303472,13.0319637418189,124.903227487995,8.16914216429221
2021-05-05,285864,467,232948,293,52916,174,257695,311,1773234,4149,2030929,4460,5,4252,129,3196,333,278416,22,9175,4271,"East TN",2455501,88.3322792375161,0.0783449812620278,181.632994651601,19.0185220857169,130.156737871416,7.83449812620278
2021-05-06,286151,287,233144,196,53007,91,257926,231,1775672,2438,2033598,2669,4,4256,-100,3096,383,278799,10,9185,4276,"East TN",2455501,84.0561661347318,0.076903023983316,108.694722584108,11.6880424809438,126.084249202098,7.6903023983316
2021-05-07,286517,366,233391,247,53126,119,258195,269,1779121,3449,2037316,3718,0,4256,18,3114,348,279147,15,9200,4277,"East TN",2455501,83.9339914746522,0.0775617554535609,151.415128725258,14.9053085297053,126.817297162575,7.75617554535609
2021-05-08,286688,171,233494,103,53194,68,258309,114,1781016,1895,2039325,2009,0,4256,-97,3017,268,279415,7,9207,4279,"East TN",2455501,81.3275987262884,0.0763354700854701,81.8162973666066,6.96395562453446,122.866983153336,7.63354700854701
2021-05-09,286834,146,233609,115,53225,31,258441,132,1782727,1711,2041168,1843,4,4260,-161,2856,303,279718,11,9218,4281,"East TN",2455501,80.1465770121861,0.0753402975625198,75.0559661755381,5.94583345720486,116.310276395733,7.53402975625198
2021-05-10,287070,236,233745,136,53325,100,258586,145,1784243,1516,2042829,1661,7,4267,-200,2656,429,280147,19,9237,4282,"East TN",2455501,81.1646991795157,0.0761378584583004,67.6440367973786,9.61107325959142,108.165299057097,7.61378584583004
2021-05-11,287386,316,233973,228,53413,88,258830,244,1786922,2679,2045752,2923,1,4268,-56,2600,371,280518,19,9256,4284,"East TN",2455501,81.001799632743,0.0749883316911269,119.038843804177,12.8690641950461,105.884705402278,7.49883316911269
2021-05-12,287690,304,234190,217,53500,87,259084,254,1790987,4065,2050071,4319,3,4271,-54,2546,355,280873,15,9271,4286,"East TN",2455501,74.363643101754,0.0725629505798767,175.890785627862,12.3803655547279,103.685561520846,7.25629505798767
2021-05-13,287900,210,234326,136,53574,74,259229,145,1793720,2733,2052949,2878,1,4272,-134,2412,343,281216,9,9280,4288,"East TN",2455501,71.2278268263788,0.0673350214459201,117.206223902984,8.55222620556864,98.2284267039598,6.73350214459201
2021-05-14,288203,303,234544,218,53659,85,259477,248,1796406,2686,2055883,2934,1,4273,33,2445,269,281485,19,9299,4291,"East TN",2455501,68.6621589647082,0.0690472343404966,119.486817557802,12.3396406680348,99.5723479648349,6.90472343404966
2021-05-15,288311,108,234625,81,53686,27,259579,102,1798394,1988,2057973,2090,0,4273,-157,2288,265,281750,5,9304,4294,"East TN",2455501,66.0964911030376,0.0681038181038181,85.1150131887546,4.39828776286387,93.178540754005,6.81038181038181
2021-05-16,288411,100,234699,74,53712,26,259664,85,1799843,1449,2059507,1534,3,4276,-122,2166,219,281969,4,9308,4297,"East TN",2455501,64.2231463151512,0.066688478106767,62.4719761873443,4.0724886693184,88.2101045774365,6.6688478106767
2021-05-17,288613,202,234801,102,53812,100,259774,110,1801412,1569,2061186,1679,6,4282,-113,2053,309,282278,11,9319,4301,"East TN",2455501,62.8385001675829,0.0647164569374081,68.3770847578559,8.22642711202317,83.6081923811067,6.47164569374081
2021-05-18,288826,213,234936,135,53890,78,259920,146,1803650,2238,2063570,2384,8,4290,-103,1950,308,282586,20,9339,4304,"East TN",2455501,58.643836838185,0.0611740936132001,97.0881298765507,8.67440086564819,79.4135290517088,6.11740936132001
2021-05-19,289043,217,235100,164,53943,53,260088,168,1806920,3270,2067008,3438,1,4291,-53,1897,269,282855,19,9358,4306,"East TN",2455501,55.100771695878,0.0592785026864262,140.012160451167,8.83730041242093,77.2551100569701,5.92785026864262
2021-05-20,289222,179,235232,132,53990,47,260244,156,1821090,14170,2081334,14326,3,4294,-90,1807,266,283121,7,9365,4308,"East TN",2455501,53.8383002083892,0.0357583230579531,583.424726766554,7.28975471807994,73.5898702545835,3.57583230579531
2021-05-21,289385,163,235339,107,54046,56,260365,121,1823368,2278,2083733,2399,0,4294,-60,1747,223,283344,9,9374,4310,"East TN",2455501,48.1368160713435,0.0318850987432675,97.6990031769484,6.63815653098899,71.1463770529924,3.18850987432675
2021-05-22,289456,71,235387,48,54069,23,260427,62,1824955,1587,2085382,1649,0,4294,-107,1640,178,283522,10,9384,4310,"East TN",2455501,46.6299952636957,0.0309387427487322,67.1553381570604,2.89146695521606,66.7888141768218,3.09387427487322
2021-05-23,289530,74,235438,51,54092,23,260488,61,1826020,1065,2086508,1126,3,4297,-128,1512,199,283721,5,9389,4312,"East TN",2455501,45.5711482096729,0.0305173882448798,45.8562224165252,3.01364161529562,61.5760286800942,3.05173882448798
2021-05-24,289690,160,235549,111,54141,49,260614,126,1827945,1925,2088559,2051,0,4297,-94,1418,254,283975,7,9396,4313,"East TN",2455501,43.8607029685592,0.0306871734921273,83.5267426077204,6.51598187090944,57.7478893309349,3.06871734921273
2021-05-25,289833,143,235645,96,54188,47,260702,88,1829672,1727,2090374,1815,0,4297,-73,1345,216,284191,8,9404,4317,"East TN",2455501,41.0099609000363,0.0291747500373079,73.915669348129,5.82365879712531,54.7749726023325,2.91747500373079
2021-05-26,290018,185,235785,140,54233,45,260867,165,1832556,2884,2093423,3049,7,4304,-31,1314,209,284400,13,9417,4319,"East TN",2455501,39.7067645258544,0.02949081961007,124.170179527518,7.53410403823904,53.5125011148438,2.949081961007
2021-05-27,290143,125,235861,76,54282,49,261006,139,1835528,2972,2096534,3111,4,4308,-81,1233,202,284602,9,9426,4323,"East TN",2455501,37.5076206444225,0.0501315789473684,126.695122502495,5.090610836648,50.2137852926959,5.01315789473684
2021-05-28,290260,117,235951,90,54309,27,261104,98,1837640,2112,2098744,2210,0,4308,-61,1172,178,284780,5,9431,4324,"East TN",2455501,35.634275856536,0.0492305642528812,90.0019995919366,4.76481174310253,47.7295672044116,4.92305642528812
2021-05-29,290312,52,235982,31,54330,21,261141,37,1838717,1077,2099858,1114,0,4308,-88,1084,140,284920,7,9438,4326,"East TN",2455501,34.8605030093655,0.0493230174081238,45.367523776207,2.11769410804557,44.1457771754115,4.93230174081238
2021-05-30,290367,55,236022,40,54345,15,261187,46,1839803,1086,2100990,1132,0,4308,-67,1017,122,285042,7,9445,4328,"East TN",2455501,34.086730162195,0.0482668139759702,46.1005717366843,2.23986876812512,41.4172097669681,4.82668139759702
2021-05-31,290447,80,236088,66,54359,14,261258,71,1841230,1427,2102488,1498,6,4314,-97,920,171,285213,4,9449,4329,"East TN",2455501,30.8287392267403,0.0462344748366717,61.0058802663896,3.25799093545472,37.4668957577293,4.62344748366717
2021-06-01,290577,130,236181,93,54396,37,261352,94,1842545,1315,2103897,1409,3,4317,-37,883,164,285377,11,9460,4329,"East TN",2455501,30.2993156997289,0.048066257487244,57.3813653506963,5.29423527011392,35.9600749500815,4.8066257487244
2021-06-02,290696,119,236252,71,54444,48,261425,73,1844525,1980,2105950,2053,1,4318,-20,863,138,285515,9,9469,4333,"East TN",2455501,27.6114731779788,0.0445437854234853,83.6081923811067,4.8462615164889,35.1455772162178,4.45437854234853
2021-06-03,290784,88,236308,56,54476,32,261544,119,1847691,3166,2109235,3285,1,4319,-42,821,129,285644,6,9475,4336,"East TN",2455501,26.1046523703309,0.0423588693803637,133.781252787109,3.58379002900019,33.4351319751041,4.23588693803637
2021-06-04,290875,91,236367,59,54508,32,261622,78,1849842,2151,2111464,2229,1,4320,-30,791,120,285764,7,9482,4336,"East TN",2455501,25.0458053163082,0.0407232704402516,90.7757724391071,3.70596468907974,32.2133853743085,4.07232704402516
2021-06-05,290916,41,236393,26,54523,15,261652,30,1851225,1383,2112877,1413,-1,4319,-70,721,112,285876,2,9484,4338,"East TN",2455501,24.5978315626831,0.0392503264459636,57.544264897469,1.66972035442054,29.3626433057857,3.92503264459636
2021-06-06,290942,26,236409,16,54533,10,261671,19,1852141,916,2113812,935,-1,4318,-57,664,84,285960,2,9486,4338,"East TN",2455501,23.4168098485808,0.037747621275932,38.077769058127,1.05884705402278,27.0413247642742,3.7747621275932
2021-06-07,291015,73,236443,34,54572,39,261723,52,1853411,1270,2115134,1322,3,4321,-70,594,140,286100,10,9496,4339,"East TN",2455501,23.1317356417285,0.0367705203226317,53.8383002083892,2.97291672860243,24.1905826957513,3.67705203226317
2021-06-08,291101,86,236508,65,54593,21,261793,70,1854890,1479,2116683,1549,3,4324,-28,566,111,286211,4,9500,4342,"East TN",2455501,21.3398406272284,0.0344908493664946,63.082849487742,3.50234025561382,23.0502858683421,3.44908493664946
2021-06-09,291148,47,236544,36,54604,11,261847,54,1857621,2731,2119468,2785,0,4324,-65,501,112,286323,3,9503,4343,"East TN",2455501,18.4076487853192,0.0312176357449327,113.418809440517,1.91406967457965,20.4031682332852,3.12176357449327
2021-06-10,291223,75,236601,57,54622,18,261913,66,1859406,1785,2121319,1851,4,4328,-24,477,95,286418,4,9507,4346,"East TN",2455501,17.8782252583078,0.0305362462760675,75.3817652690836,3.0543665019888,19.4257709526488,3.05362462760675
2021-06-11,291293,70,236647,46,54646,24,261969,56,1860890,1484,2122859,1540,2,4330,-5,472,73,286491,4,9511,4347,"East TN",2455501,17.0230026377509,0.0304519526107942,62.7163255075034,2.85074206852288,19.2221465191828,3.04519526107942
2021-06-12,291322,29,236669,22,54653,7,262000,31,1862084,1194,2124084,1225,3,4333,-23,449,49,286540,1,9512,4350,"East TN",2455501,16.5343039974327,0.0310520210582672,49.8879861991504,1.18102171410234,18.2854741252396,3.10520210582672
2021-06-13,291340,18,236683,14,54657,4,262021,21,1862928,844,2124949,865,1,4334,-41,408,58,286598,1,9513,4350,"East TN",2455501,16.2085049038872,0.0314267756128221,35.2270269896042,0.733047960477312,16.6157537708191,3.14267756128221
2021-06-14,291393,53,236716,33,54677,20,262062,41,1864182,1254,2126244,1295,3,4337,-9,399,59,286657,3,9516,4350,"East TN",2455501,15.3940071700236,0.0305130513051305,52.7387282676733,2.15841899473875,16.2492297905804,3.05130513051305
2021-06-15,291481,88,236784,68,54697,20,262150,88,1866064,1882,2128214,1970,0,4337,-6,393,94,286751,4,9520,4351,"East TN",2455501,15.4754569434099,0.0309600208134594,80.2280267855725,3.58379002900019,16.0048804704213,3.09600208134594
2021-06-16,291548,67,236824,40,54724,27,262188,38,1867970,1906,2130158,1944,2,4339,-14,379,79,286830,7,9527,4353,"East TN",2455501,16.2899546772736,0.0318989710009355,79.1691797315497,2.72856740844333,15.4347320567167,3.18989710009355
2021-06-17,291600,52,236863,39,54737,13,262234,46,1870320,2350,2132554,2396,1,4340,-6,373,57,286887,1,9528,4357,"East TN",2455501,15.3532822833304,0.0285714285714286,97.5768285168689,2.11769410804557,15.1903827365576,2.85714285714286
2021-06-18,291663,63,236915,52,54748,11,262289,55,1872048,1728,2134337,1783,2,4342,1,374,60,286947,4,9532,4359,"East TN",2455501,15.0682080764781,0.0278794215020038,72.6124729739471,2.56566786167059,15.2311076232508,2.78794215020038
2021-06-19,291691,28,236931,16,54760,12,262307,18,1873200,1152,2135507,1170,0,4342,-16,358,44,286991,4,9536,4360,"East TN",2455501,15.0274831897849,0.0268756018559048,47.6481174310253,1.14029682740915,14.5795094361599,2.68756018559048
2021-06-20,291716,25,236952,21,54764,4,262324,17,1873954,754,2136278,771,3,4345,-12,346,34,287025,2,9538,4363,"East TN",2455501,15.3125573966372,0.0267455203460147,31.3988876404449,1.0181221673296,14.0908107958417,2.67455203460147
2021-06-21,291783,67,236992,40,54791,27,262376,52,1875226,1272,2137602,1324,6,4351,2,348,59,287084,2,9540,4364,"East TN",2455501,15.8827058103418,0.0276457122732876,53.9197499817756,2.72856740844333,14.172260569228,2.76457122732876
2021-06-22,291876,93,237038,46,54838,47,262427,51,1876653,1427,2139080,1478,5,4356,37,385,51,287135,7,9547,4368,"East TN",2455501,16.0863302438077,0.0254923614945702,60.1913825325259,3.78741446246611,15.6790813768758,2.54923614945702
2021-06-23,291945,69,237084,46,54861,23,262482,55,1878440,1787,2140922,1842,2,4358,6,391,61,287196,5,9552,4372,"East TN",2455501,16.167780017194,0.0273132664437012,75.0152412888449,2.8100171818297,15.9234306970349,2.73132664437012
2021-06-24,292028,83,237134,50,54894,33,262544,62,1880284,1844,2142828,1906,3,4361,27,418,53,287249,5,9557,4373,"East TN",2455501,17.4302515046828,0.0301732528713257,77.6216340372087,3.38016559553427,17.0230026377509,3.01732528713257
2021-06-25,292107,79,237190,56,54917,23,262613,69,1882092,1808,2144705,1877,0,4361,32,450,47,287296,2,9559,4375,"East TN",2455501,18.0818496917737,0.03125,76.4406123231064,3.21726604876154,18.3261990119328,3.125
2021-06-26,292141,34,237207,17,54934,17,262634,21,1883276,1184,2145910,1205,0,4361,1,451,33,287329,2,9561,4377,"East TN",2455501,18.3261990119328,0.0314332404114198,49.0734884652867,1.38464614756826,18.366923898626,3.14332404114198
2021-06-27,292170,29,237227,20,54943,9,262658,24,1883990,714,2146648,738,2,4363,-9,442,36,287365,3,9564,4379,"East TN",2455501,18.4890985587055,0.0322082931533269,30.0549663795698,1.18102171410234,18.0003999183873,3.22082931533269
2021-06-28,292214,44,237251,24,54963,20,262683,25,1884542,552,2147225,577,4,4367,-16,426,56,287421,3,9567,4379,"East TN",2455501,17.5524261647623,0.0319027330354359,23.4982596219672,1.7918950145001,17.3488017312964,3.19027330354359
2021-06-29,292345,131,237336,85,55009,46,262780,97,1886557,2015,2149337,2112,0,4367,79,505,52,287473,6,9573,4382,"East TN",2455501,19.0999718591033,0.0344155211075363,86.0109606960046,5.3349601568071,20.5660677800579,3.44155211075363
2021-06-30,292430,85,237399,63,55031,22,262855,75,1888201,1644,2151056,1719,3,4370,30,535,52,287525,3,9576,4382,"East TN",2455501,19.7515700461942,0.0368067890270377,70.0060802255833,3.46161536892064,21.7878143808534,3.68067890270377
2021-07-01,292536,106,237452,53,55084,53,262920,65,1890753,2552,2153673,2617,1,4371,57,592,48,287573,2,9578,4385,"East TN",2455501,20.6882424401375,0.0346703550023052,106.577028476063,4.3168379894775,24.1091329223649,3.46703550023052
2021-07-02,292618,82,237515,63,55103,19,262994,74,1892435,1682,2155429,1756,0,4371,31,623,51,287624,2,9580,4387,"East TN",2455501,20.810417100217,0.0355277881387542,71.5129010332311,3.33944070884109,25.3716044098536,3.55277881387542
2021-07-03,292665,47,237550,35,55115,12,263034,40,1893523,1088,2156557,1128,1,4372,0,623,46,287670,3,9583,4390,"East TN",2455501,21.3398406272284,0.0375692683384991,45.9376721899116,1.91406967457965,25.3716044098536,3.75692683384991
2021-07-04,292692,27,237571,21,55121,6,263059,25,1894223,700,2157282,725,0,4372,-12,611,39,287709,1,9584,4391,"East TN",2455501,21.258390853842,0.0377092345307504,29.5255428525584,1.09957194071597,24.8829057695354,3.77092345307504
2021-07-05,292735,43,237594,23,55141,20,263084,25,1894705,482,2157789,507,0,4372,-27,584,70,287779,2,9586,4391,"East TN",2455501,21.2176659671489,0.0379591063990913,20.6475175534443,1.75117012780691,23.7833338288195,3.79591063990913
2021-07-06,292897,162,237695,101,55202,61,263197,113,1896030,1325,2159227,1438,5,4377,82,666,75,287854,6,9592,4391,"East TN",2455501,22.4801374546376,0.0421638018200202,58.5623870647986,6.59743164429581,27.1227745376605,4.21638018200202
2021-07-07,293038,141,237773,78,55265,63,263285,88,1897489,1459,2160774,1547,5,4382,79,745,57,287911,6,9598,4393,"East TN",2455501,24.7607311094559,0.0442477876106195,63.0013997143556,5.74220902373894,30.3400405864221,4.42477876106195
2021-07-08,293178,140,237874,101,55304,39,263402,117,1899344,1855,2162746,1972,2,4384,78,823,60,287971,3,9601,4395,"East TN",2455501,26.1453772570241,0.0531246555714758,80.3094765589588,5.70148413704576,33.5165817484904,5.31246555714758
2021-07-09,293342,164,237996,122,55346,42,263533,131,1901089,1745,2164622,1876,0,4384,100,923,64,288035,4,9605,4397,"East TN",2455501,29.4848179658652,0.0586315674970086,76.3998874364132,6.67888141768218,37.5890704178088,5.86315674970086
2021-07-10,293446,104,238068,72,55378,32,263607,74,1902145,1056,2165752,1130,0,4384,56,979,48,288083,12,9617,4398,"East TN",2455501,31.8061365073767,0.0623164763458401,46.0191219632979,4.23538821609114,39.8696640726271,6.23164763458401
2021-07-11,293494,48,238102,34,55392,14,263650,43,1902900,755,2166550,798,2,4386,4,983,42,288125,7,9624,4398,"East TN",2455501,32.6613591279336,0.0637678031937851,32.4984595811608,1.95479456127283,40.0325636193999,6.37678031937851
2021-07-12,293666,172,238217,115,55449,57,263774,124,1904266,1366,2168040,1490,1,4387,91,1074,80,288205,13,9637,4399,"East TN",2455501,37.9148695113543,0.0673105062920691,60.6800811728442,7.00468051122765,43.7385283084796,6.73105062920691
2021-07-13,293880,214,238352,135,55528,79,263919,145,1905887,1621,2169806,1766,4,4391,149,1223,61,288266,14,9651,4402,"East TN",2455501,40.0325636193999,0.0682484166745439,71.9201499001629,8.71512575234138,49.806536425764,6.82484166745439
2021-07-14,294052,172,238483,131,55569,41,264061,142,1907450,1563,2171511,1705,0,4391,103,1326,69,288335,9,9660,4403,"East TN",2455501,41.2950351068886,0.0722734469591133,69.4359318118787,7.00468051122765,54.001199755162,7.22734469591134
2021-07-15,294272,220,238631,148,55641,72,264228,167,1909251,1801,2173479,1968,0,4391,119,1445,101,288436,14,9674,4403,"East TN",2455501,44.5530260423433,0.0769589117674462,80.1465770121861,8.95947507250048,58.8474612716509,7.69589117674462
2021-07-16,294503,231,238772,141,55731,90,264383,155,1910780,1529,2175163,1684,0,4391,165,1610,66,288502,9,9683,4407,"East TN",2455501,47.2815934507866,0.0806375106726117,68.5807091913219,9.4074488261255,65.5670675760262,8.06375106726117
2021-07-17,294647,144,238872,100,55775,44,264493,110,1911998,1218,2176491,1328,0,4391,54,1664,90,288592,5,9688,4409,"East TN",2455501,48.910588918514,0.0825030263525468,54.0826495285484,5.8643836838185,67.7662114574582,8.25030263525468
2021-07-18,294791,144,238993,121,55798,23,264625,132,1913124,1126,2177749,1258,0,4391,50,1714,94,288686,6,9694,4411,"East TN",2455501,52.8201780410596,0.0870613447629253,51.2319074600255,5.8643836838185,69.8024557921174,8.70613447629253
2021-07-19,295095,304,239203,210,55892,94,264843,218,1914814,1690,2179657,1908,3,4394,167,1881,134,288820,12,9706,4412,"East TN",2455501,58.1958630845599,0.0920203150555221,77.7030838105951,12.3803655547279,76.6035118698791,9.20203150555221
2021-07-20,295451,356,239438,235,56013,121,265097,254,1916475,1661,2181572,1915,2,4396,215,2096,139,288959,21,9727,4413,"East TN",2455501,63.9787969949921,0.10011898691144,77.9881580174473,14.4980596627735,85.3593625089137,10.011898691144
2021-07-21,295852,401,239730,292,56122,109,265407,310,1918591,2116,2183998,2426,3,4399,248,2344,150,289109,23,9750,4417,"East TN",2455501,73.3047960477312,0.107792103787939,98.7985751176644,16.3306795639668,95.4591344088233,10.7792103787939
2021-07-22,296326,474,240062,332,56264,142,265774,367,1920960,2369,2186734,2736,5,4404,321,2665,148,289257,19,9769,4419,"East TN",2455501,83.6489172677999,0.116635231987929,111.423289992551,19.3035962925692,108.531823037335,11.6635231987929
2021-07-23,296790,464,240377,315,56413,149,266108,334,1922863,1903,2188971,2237,1,4405,332,2997,131,289388,21,9790,4424,"East TN",2455501,93.1378158673118,0.124927578215527,91.1015715326526,18.8963474256374,122.052485419472,12.4927578215527
2021-07-24,297147,357,240620,243,56527,114,266373,265,1924614,1751,2190987,2016,0,4405,223,3220,134,289522,18,9808,4427,"East TN",2455501,101.81221673296,0.129690949227373,82.1013715734589,14.5387845494667,131.134135152052,12.9690949227373
2021-07-25,297375,228,240808,188,56567,40,266576,203,1925929,1315,2192505,1518,3,4408,98,3318,127,289649,13,9821,4433,"East TN",2455501,105.233107215187,0.132217403090268,61.8203780002533,9.28527416604595,135.125174047985,13.2217403090268
2021-07-26,298036,661,241259,451,56777,210,267055,479,1927658,1729,2194713,2208,10,4418,444,3762,207,289856,30,9851,4437,"East TN",2455501,119.771891764654,0.146918172157279,89.9205498185503,26.9191501041946,153.207023739758,14.6918172157279
2021-07-27,298764,728,241743,484,57021,244,267569,514,1929979,2321,2197548,2835,2,4420,538,4300,188,290044,24,9875,4443,"East TN",2455501,134.921549614519,0.154732098147221,115.455053775177,29.6477175126379,175.117012780691,15.4732098147221
2021-07-28,299583,819,242286,543,57297,276,268182,613,1932847,2868,2201029,3481,2,4422,562,4862,255,290299,28,9903,4446,"East TN",2455501,151.944552252269,0.162938171569491,141.763330578973,33.3536822017177,198.004399102261,16.2938171569491
2021-07-29,300271,688,242736,450,57535,238,268679,497,1935275,2428,2203954,2925,3,4425,480,5342,205,290504,15,9918,4450,"East TN",2455501,160.659678004611,0.16869918699187,119.120293577563,28.0187220449106,217.552344714989,16.869918699187
2021-07-30,301271,1000,243474,738,57797,262,269468,789,1937078,1803,2206546,2592,4,4429,751,6093,245,290749,36,9954,4453,"East TN",2455501,182.488217272157,0.191180654338549,105.558906308733,40.724886693184,248.13673462157,19.1180654338549
2021-07-31,301806,535,243835,361,57971,174,269862,394,1939048,1970,2208910,2364,2,4431,325,6418,208,290957,28,9982,4462,"East TN",2455501,189.737247103544,0.194666071528204,96.273632142687,21.7878143808534,261.372322796855,19.4666071528204
2021-08-01,302338,532,244255,420,58083,112,270322,460,1941186,2138,2211508,2598,3,4434,323,6741,206,291163,24,10006,4465,"East TN",2455501,202.117612658272,0.197126769457454,105.803255628892,21.6656397207739,274.526461198753,19.7126769457454
2021-08-02,303188,850,244781,526,58407,324,270862,540,1943521,2335,2214383,2875,9,4443,421,7162,420,291583,29,10035,4472,"East TN",2455501,209.814616243284,0.193543467208948,117.084049242904,34.6161536892064,291.671638496584,19.3543467208948
2021-08-03,304525,1337,245738,957,58787,380,271889,1027,1947296,3775,2219185,4802,4,4447,898,8060,435,292018,30,10065,4479,"East TN",2455501,234.616072239433,0.199657993252299,195.56090590067,54.449173508787,328.242586747063,19.9657993252299
2021-08-04,305614,1089,246562,824,59052,265,272793,904,1950916,3620,2223709,4524,8,4455,653,8713,428,292446,33,10098,4482,"East TN",2455501,245.611791646593,0.203306878306878,184.239387399964,44.3494016088774,354.835937757712,20.3306878306878
2021-08-05,306794,1180,247441,879,59353,301,273748,955,1954882,3966,2228630,4921,10,4465,676,9389,494,292940,34,10132,4488,"East TN",2455501,265.648435899639,0.205422272653591,200.407167417158,48.0553662979571,382.365961162305,20.5422272653591
2021-08-06,308133,1339,248418,977,59715,362,274827,1079,1959510,4628,2234337,5707,3,4468,923,10312,413,293353,39,10171,4497,"East TN",2455501,279.454172488629,0.192832211867151,232.416928358001,54.5306232821734,419.955031580113,19.2832211867151
2021-08-07,308856,723,248938,520,59918,203,275408,581,1962514,3004,2237922,3585,0,4468,341,10653,382,293735,21,10192,4506,"East TN",2455501,287.110451186947,0.191162277678202,145.998718795065,29.444093079172,433.842217942489,19.1162277678202
2021-08-08,309492,636,249387,449,60105,187,275934,526,1964629,2115,2240563,2641,5,4473,260,10913,371,294106,24,10216,4513,"East TN",2455501,291.345839403038,0.193150920667699,107.554425756699,25.901027936865,444.430688482717,19.3150920667699
2021-08-09,310861,1369,250334,947,60527,422,276947,1013,1968168,3539,2245115,4552,14,4487,603,11516,752,294858,45,10261,4523,"East TN",2455501,312.482055596801,0.198002082519849,185.379684227374,55.7523698829689,468.987795158707,19.8002082519849
2021-08-10,312185,1324,251165,831,61020,493,277863,916,1971420,3252,2249283,4168,6,4493,555,12071,763,295621,33,10294,4532,"East TN",2455501,311.952632069789,0.198484949166058,169.741327737191,53.9197499817756,491.590107273424,19.8484949166058
2021-08-11,314072,1887,252455,1290,61617,597,279243,1380,1976776,5356,2256019,6736,8,4501,1059,13130,820,296441,54,10348,4541,"East TN",2455501,344.45109165095,0.199628597957289,274.322836765287,76.8478611900382,534.717762281506,19.9628597957289
2021-08-12,315533,1461,253501,1046,62032,415,280403,1160,1981258,4482,2261661,5642,10,4511,594,13724,857,297298,35,10383,4551,"East TN",2455501,355.894784811735,0.201477400018165,229.769810722944,59.4990594587418,558.908344977257,20.1477400018165
2021-08-13,317178,1645,254602,1101,62576,544,281590,1187,1986677,5419,2268267,6606,11,4522,780,14504,854,298152,23,10406,4565,"East TN",2455501,368.356600139849,0.199322133804892,269.028601495173,66.9924386102877,590.673756597941,19.9322133804892
2021-08-14,318708,1530,255681,1079,63027,451,282789,1199,1992153,5476,2274942,6675,1,4523,948,15452,581,298733,15,10421,4574,"East TN",2455501,401.221583701249,0.199378714208536,271.838618677003,62.3090766405715,629.280949183079,19.9378714208536
2021-08-15,319855,1147,256640,959,63215,188,283846,1057,1995963,3810,2279809,4867,11,4534,469,15921,667,299400,12,10433,4584,"East TN",2455501,422.032000801466,0.201600163073944,198.208023535727,46.7114450370821,648.380921042182,20.1600163073944
2021-08-16,321295,1440,257550,910,63745,530,284817,971,1999023,3060,2283840,4031,17,4551,154,16075,1269,300669,25,10458,4597,"East TN",2455501,424.923467756682,0.20322788896062,164.162018260225,58.643836838185,654.652553592933,20.322788896062
2021-08-17,323031,1736,258752,1202,64279,534,286138,1321,2003883,4860,2290021,6181,10,4561,545,16620,1181,301850,18,10476,4611,"East TN",2455501,441.702121074274,0.203127301291178,251.72052465057,70.6984032993674,676.847616840718,20.3127301291178
2021-08-18,325127,2096,260114,1362,65013,734,287627,1489,2009303,5420,2296930,6909,13,4574,1027,17647,1056,302906,20,10496,4621,"East TN",2455501,450.213622393149,0.20493265869815,281.368242163208,85.3593625089137,718.672075474618,20.493265869815
2021-08-19,327517,2390,261573,1459,65944,931,289201,1574,2019255,9952,2308456,11526,23,4597,1137,18784,1230,304136,32,10528,4631,"East TN",2455501,488.047042131117,0.188011539694412,469.395044025639,97.3324791967098,764.976271644768,18.8011539694412
2021-08-20,329967,2450,263523,1950,66444,500,291304,2103,2026149,6894,2317453,8997,4,4601,1229,20013,1217,305353,27,10555,4652,"East TN",2455501,520.83057591913,0.197495222217704,366.401805578576,99.7759723983008,815.027157390691,19.7495222217704
2021-08-21,332888,2921,265458,1935,67430,986,293419,2115,2035079,8930,2328498,11045,0,4601,2176,22189,745,306098,39,10594,4663,"East TN",2455501,577.478893309349,0.198483830009709,449.806373526217,118.95739403079,903.64451083506,19.8483830009709
2021-08-22,334373,1485,266795,1337,67578,148,294936,1517,2040591,5512,2335527,7029,7,4608,556,22745,922,307020,10,10604,4673,"East TN",2455501,591.243905011645,0.199038012850425,286.25522856639,60.4764567393782,926.28754783647,19.9038012850425
2021-08-23,336321,1948,267895,1100,68426,848,296123,1187,2044558,3967,2340681,5154,18,4626,147,22892,1783,308803,27,10631,4680,"East TN",2455501,611.932147451783,0.198905719463064,209.89606601667,79.3320792783224,932.274106180368,19.8905719463064
2021-08-24,338307,1986,269256,1361,69051,625,297559,1436,2048337,3779,2345896,5215,15,4641,163,23055,1808,310611,22,10653,4695,"East TN",2455501,622.113369125079,0.204402684563758,212.380284104955,80.8796249726634,938.912262711357,20.4402684563758
2021-08-25,340532,2225,270428,1172,70104,1053,298802,1243,2052373,4036,2351175,5279,17,4658,655,23710,1553,312164,30,10683,4719,"East TN",2455501,627.366879508499,0.206009770485759,214.986676853318,90.6128728923344,965.587063495393,20.6009770485759
2021-08-26,343186,2654,272235,1807,70951,847,300768,1966,2059219,6846,2359987,8812,24,4682,732,24442,1898,314062,25,10708,4732,"East TN",2455501,638.1182495955,0.224466825794182,358.867701540337,108.08384928371,995.397680554803,22.4466825794182
2021-08-27,346209,3023,274495,2260,71714,763,303134,2366,2066289,7070,2369423,9436,19,4701,1299,25741,1705,315767,28,10736,4744,"East TN",2455501,661.453609670695,0.227631325764864,384.280030836884,123.111332473495,1048.29930836925,22.7631325764864
2021-08-28,348353,2144,276025,1530,72328,614,304803,1669,2072156,5867,2376959,7536,1,4702,957,26698,1186,316953,24,10760,4761,"East TN",2455501,629.810372710091,0.234910546625121,306.902746119835,87.3141570701865,1087.27302493463,23.4910546625121
2021-08-29,350693,2340,277846,1821,72847,519,306834,2031,2079150,6994,2385984,9025,9,4711,1123,27821,1208,318161,31,10791,4775,"East TN",2455501,664.630150832763,0.235804744634045,367.542102405986,95.2962348620506,1133.00707269107,23.5804744634045
2021-08-30,353935,3242,280243,2397,73692,845,309437,2603,2088192,9042,2397629,11645,21,4732,455,28276,2766,320927,42,10833,4793,"East TN",2455501,717.328154213743,0.233792231509447,474.241305542128,132.030082659303,1151.53689613647,23.3792231509447
2021-08-31,357531,3596,282627,2384,74904,1212,312057,2620,2096779,8587,2408836,11207,7,4739,913,29189,2676,323603,48,10881,4809,"East TN",2455501,782.895221789769,0.230346361614236,456.403805170513,146.44669254869,1188.71871768735,23.0346361614236
2021-09-01,358968,1437,283556,929,75412,508,313044,987,2099062,2283,2412106,3270,15,4754,-911,28278,2333,325936,17,10898,4834,"East TN",2455501,750.80401107554,0.233739804040636,133.170379486712,58.5216621781054,1151.61834590986,23.3739804040636
2021-09-02,361286,2318,285019,1463,76267,855,314562,1518,2103324,4262,2417886,5780,19,4773,-520,27758,2819,328755,20,10918,4851,"East TN",2455501,737.12044914663,0.238242456691825,235.389845086604,94.4002873548005,1130.4414048294,23.8242456691825
2021-09-03,363038,1752,286217,1198,76821,554,315855,1293,2107430,4106,2423285,5399,17,4790,-869,26889,2604,331359,17,10935,4858,"East TN",2455501,685.359118159594,0.236177639151907,219.8736632565,71.3500014864584,1095.05147829302,23.6177639151907
2021-09-04,366292,3254,288522,2305,77770,949,318434,2579,2115478,8048,2433912,10627,3,4793,1682,28571,1569,332928,18,10953,4871,"East TN",2455501,730.563742389028,0.239337699506611,432.783370888466,132.518781299621,1163.55073771096,23.9337699506611
2021-09-05,370758,4466,291756,3234,79002,1232,321943,3509,2127989,12511,2449932,16020,8,4801,2947,31518,1511,334439,16,10969,4895,"East TN",2455501,817.144851498737,0.236270094451742,652.412684824808,181.87734397176,1283.56697879577,23.6270094451742
2021-09-06,375659,4901,295664,3908,79995,993,326224,4281,2143631,15642,2469855,19923,11,4812,1002,32520,3888,338327,27,10996,4913,"East TN",2455501,884.707438522729,0.232423227092737,811.361917588305,199.592669683295,1324.37331526234,23.2423227092737
2021-09-07,377742,2083,297094,1430,80648,653,327738,1514,2148057,4426,2475795,5940,34,4846,-1768,30752,3817,342144,21,11017,4926,"East TN",2455501,823.090684955942,0.234188085246195,241.905826957513,84.8299389819023,1252.37171558879,23.4188085246195
2021-09-08,379418,1676,298260,1166,81158,510,329002,1264,2152437,4380,2481439,5644,20,4866,-1715,29037,3371,345515,18,11035,4940,"East TN",2455501,832.823932875613,0.230164568098885,229.85126049633,68.2549100977764,1182.52853490998,23.0164568098885
2021-09-09,381325,1907,299248,988,82077,919,330078,1076,2156103,3666,2486181,4742,7,4873,-1691,27346,3591,349106,12,11047,4957,"East TN",2455501,816.086004444714,0.227190863167143,193.117412699079,77.6623589239019,1113.66275151181,22.7190863167143
2021-09-10,386731,5406,302963,3715,83768,1691,334131,4053,2168209,12106,2502340,16159,23,4896,2154,29500,3229,352335,37,11084,4972,"East TN",2455501,964.894740421609,0.231180823477326,658.07344407516,220.158737463353,1201.38415744893,23.1180823477326
2021-09-11,390969,4238,306028,3065,84941,1173,337412,3281,2180031,11822,2517443,15103,8,4904,2647,32147,1583,353918,21,11105,4998,"East TN",2455501,1004.9680289277,0.227197088506064,615.067963727158,172.592069805714,1309.18293252579,22.7197088506064
2021-09-12,392541,1572,307439,1411,85102,161,338959,1547,2185275,5244,2524234,6791,23,4927,25,32172,1524,355442,3,11108,5019,"East TN",2455501,887.110206837627,0.229011332131033,276.562705533413,64.0195218816852,1310.20105469312,22.9011332131033
2021-09-13,394874,2333,308855,1416,86019,917,340490,1531,2190398,5123,2530888,6654,63,4990,-1935,30237,4205,359647,19,11127,5042,"East TN",2455501,782.528697809531,0.233742401651566,270.983396056446,95.0111606551983,1231.3983989418,23.3742401651566
2021-09-14,397651,2777,310744,1889,86907,888,342545,2055,2196622,6224,2539167,8279,43,5033,-959,29278,3693,363340,10,11137,5061,"East TN",2455501,810.7917691746,0.233652086094805,337.16133693287,113.093010346972,1192.34323260304,23.3652086094805
2021-09-15,399435,1784,311896,1152,87539,632,343795,1250,2200396,3774,2544191,5024,23,5056,-1460,27818,3221,366561,10,11147,5069,"East TN",2455501,815.190056937464,0.235737506374299,204.601830746556,72.6531978606402,1132.88489803099,23.5737506374299
2021-09-16,402036,2601,313714,1818,88322,783,345720,1925,2207045,6649,2552765,8574,23,5079,-573,27245,3151,369712,9,11156,5075,"East TN",2455501,843.453128302534,0.234921302414995,349.17517850736,105.925430288972,1109.5495379558,23.4921302414995
