"DATE","TOTAL_CASES","NEW_CASES","TOTAL_CONFIRMED","NEW_CONFIRMED","TOTAL_PROBABLE","NEW_PROBABLE","POS_TESTS","NEW_POS_TESTS","NEG_TESTS","NEW_NEG_TESTS","TOTAL_TESTS","NEW_TESTS","NEW_DEATHS","TOTAL_DEATHS","NEW_HOSPITALIZED","TOTAL_HOSPITALIZED","TOTAL_DEATHS_BY_DOD","NEW_DEATHS_BY_DOD","Region","Population","New_cases_per_100k_per_week","PositivityRate_per_week","Tests_per_100k","New_cases_per_100k","PositivityPercentage_per_week"
2022-07-30,139659,116,106525,84,33134,32,115009,95,575445,203,690454,298,0,1443,0,2781,1443,0,"Knox County",470313,NA,NA,63.3620588841899,24.6644256059263,NA
2022-07-29,139543,217,106441,146,33102,71,114914,154,575242,298,690156,452,0,1443,0,2781,1443,0,"Knox County",470313,NA,NA,96.1062101196437,46.1394858317759,NA
2022-07-28,139326,282,106295,187,33031,95,114760,204,574944,319,689704,523,1,1443,0,2781,1443,0,"Knox County",470313,NA,NA,111.20253958534,59.9600691454414,NA
2022-07-27,139044,199,106108,129,32936,70,114556,134,574625,248,689181,382,4,1442,0,2781,1443,0,"Knox County",470313,NA,NA,81.2225050126193,42.3122473756839,NA
2022-07-26,138845,300,105979,225,32866,75,114422,237,574377,239,688799,476,1,1438,0,2781,1443,1,"Knox County",470313,NA,NA,101.209194727766,63.7873076015334,NA
2022-07-25,138545,289,105754,171,32791,118,114185,181,574138,249,688323,430,1,1437,0,2781,1442,0,"Knox County",470313,NA,NA,91.4284742288646,61.4484396561439,NA
2022-07-24,138256,112,105583,67,32673,45,114004,73,573889,178,687893,251,0,1436,0,2781,1442,0,"Knox County",470313,322.125903387744,0.383357041251778,53.3687140266163,23.8139281712392,38.3357041251778
2022-07-23,138144,110,105516,53,32628,57,113931,59,573711,143,687642,202,0,1436,0,2781,1442,0,"Knox County",470313,320.850157235713,0.383652430044183,42.9501204516992,23.3886794538956,38.3652430044183
2022-07-22,138034,262,105463,180,32571,82,113872,190,573568,309,687440,499,0,1436,0,2781,1442,0,"Knox County",470313,330.418253375943,0.390155627940644,106.099554977217,55.7075819720059,39.0155627940644
2022-07-21,137772,286,105283,172,32489,114,113682,179,573259,354,686941,533,0,1436,1,2781,1442,0,"Knox County",470313,331.26875081063,0.379733141002524,113.328783172058,60.8105665801286,37.9733141002524
2022-07-20,137486,222,105111,141,32375,81,113503,152,572905,318,686408,470,5,1436,0,2780,1442,0,"Knox County",470313,336.159111060081,0.374344634743097,99.9334485757357,47.2026076251348,37.4344634743097
2022-07-19,137264,226,104970,143,32294,83,113351,148,572587,234,685938,382,1,1431,0,2780,1442,1,"Knox County",470313,320.42490851837,0.354897000361402,81.2225050126193,48.0531050598219,35.4897000361402
2022-07-18,137038,347,104827,204,32211,143,113203,231,572353,382,685556,613,1,1430,0,2780,1441,1,"Knox County",470313,332.757121321333,0.349830508474576,130.3387318658,73.780652459107,34.9830508474576
2022-07-17,136691,76,104623,62,32068,14,112972,69,571971,87,684943,156,0,1429,0,2780,1440,1,"Knox County",470313,325.102644409149,0.360070052539405,33.1693999527974,16.1594512590551,36.0070052539405
2022-07-16,136615,102,104561,64,32054,38,112903,67,571884,123,684787,190,1,1429,0,2780,1439,2,"Knox County",470313,323.401649539775,0.36440379880408,40.3986281476379,21.6876845845214,36.440379880408
2022-07-15,136513,191,104497,118,32016,73,112836,130,571761,326,684597,456,0,1428,1,2780,1437,1,"Knox County",470313,308.305320074078,0.348571428571429,96.9567075543308,40.6112525063096,34.8571428571429
2022-07-14,136322,206,104379,141,31943,65,112706,145,571435,239,684141,384,1,1428,0,2779,1436,3,"Knox County",470313,291.295371380336,0.355337608449642,81.6477537299628,43.8006178863863,35.5337608449642
2022-07-13,136116,267,104238,171,31878,96,112561,180,571196,320,683757,500,0,1427,0,2779,1433,1,"Knox County",470313,300.863467520566,0.361805296531145,106.312179335889,56.7707037653648,36.1805296531145
2022-07-12,135849,236,104067,162,31782,74,112381,171,570876,293,683257,464,4,1427,0,2779,1432,1,"Knox County",470313,302.989711107284,0.359391965255157,98.6577024237051,50.1793486465396,35.9391965255157
2022-07-11,135613,200,103905,135,31708,65,112210,143,570583,253,682793,396,0,1423,1,2779,1431,0,"Knox County",470313,271.733930382532,0.355459544383346,84.1992460340241,42.5248717343556,35.5459544383346
2022-07-10,135413,83,103770,43,31643,40,112067,42,570330,87,682397,129,0,1423,1,2778,1431,1,"Knox County",470313,273.222300893235,0.348551012306471,27.4285422686594,17.6478217697576,34.8551012306471
2022-07-09,135330,118,103727,78,31603,40,112025,78,570243,104,682268,182,0,1423,0,2777,1430,2,"Knox County",470313,276.624290631983,0.354042214257268,38.6976332782636,25.0896743232698,35.4042214257268
2022-07-08,135212,193,103649,125,31563,68,111947,132,570139,305,682086,437,1,1423,0,2777,1428,0,"Knox County",470313,277.049539349327,0.357544141252006,92.916844739567,41.0365012236532,35.7544141252006
2022-07-07,135019,181,103524,105,31495,76,111815,109,569834,205,681649,314,0,1422,0,2777,1428,4,"Knox County",470313,271.733930382532,0.353014037985136,66.7640486229383,38.4850089195918,35.3014037985136
2022-07-06,134838,227,103419,156,31419,71,111706,158,569629,228,681335,386,3,1422,1,2777,1424,0,"Knox County",470313,263.228956035661,0.360918544194107,82.0730024473064,48.2657294184936,36.0918544194107
2022-07-05,134611,164,103263,118,31348,46,111548,122,569401,118,680949,240,0,1419,1,2776,1424,1,"Knox County",470313,247.920002211293,0.376199616122841,51.0298460812268,34.8703948221716,37.6199616122841
2022-07-04,134447,79,103145,44,31302,35,111426,47,569283,123,680709,170,1,1419,1,2775,1423,0,"Knox County",470313,222.192454812008,0.370290635091496,36.1461409742023,16.7973243350705,37.0290635091496
2022-07-03,134368,105,103101,65,31267,40,111379,69,569160,159,680539,228,0,1418,0,2774,1423,0,"Knox County",470313,226.870190702787,0.365355135411344,48.4783537771654,22.3255576605367,36.5355135411344
2022-07-02,134263,108,103036,75,31227,33,111310,79,569001,200,680311,279,0,1418,0,2774,1423,2,"Knox County",470313,224.74394711607,0.34858812074002,59.3221960694261,22.963430736552,34.8588120740019
2022-07-01,134155,184,102961,124,31194,60,111231,131,568801,318,680032,449,0,1418,1,2774,1421,1,"Knox County",470313,222.830327888024,0.346079380445305,95.4683370436284,39.1228819956072,34.6079380445305
2022-06-30,133971,195,102837,118,31134,77,111100,124,568483,308,679583,432,1,1418,2,2773,1420,1,"Knox County",470313,225.807068909428,0.334249084249084,91.8537229462082,41.4617499409967,33.4249084249084
2022-06-29,133776,184,102719,120,31057,64,110976,131,568175,244,679151,375,2,1417,0,2771,1419,1,"Knox County",470313,216.664221486542,0.323515876668201,79.7341345019168,39.1228819956072,32.3515876668201
2022-06-28,133592,183,102599,115,30993,68,110845,122,567931,265,678776,387,1,1415,0,2771,1418,0,"Knox County",470313,220.704084301306,0.30301724137931,82.2856268059781,38.9102576369354,30.301724137931
2022-06-27,133409,142,102484,100,30925,42,110723,102,567666,167,678389,269,0,1414,0,2771,1418,0,"Knox County",470313,234.099418897628,0.313352625051674,57.1959524827083,30.1926589313925,31.3352625051674
2022-06-26,133267,89,102384,57,30883,32,110621,62,567499,168,678120,230,0,1414,0,2771,1418,0,"Knox County",470313,230.697429158879,0.310202395704254,48.903602494509,18.9235679217883,31.0202395704254
2022-06-25,133178,104,102327,60,30851,44,110559,71,567331,203,677890,274,0,1414,0,2771,1418,0,"Knox County",470313,229.846931724192,0.307533112582781,58.2590742760672,22.1129333018649,30.7533112582781
2022-06-24,133074,145,102267,119,30807,26,110488,128,567128,386,677616,514,0,1414,1,2771,1418,2,"Knox County",470313,221.554581735993,0.298266827891979,109.288920357294,30.8305320074078,29.8266827891979
2022-06-23,132929,185,102148,128,30781,57,110360,136,566742,304,677102,440,1,1414,1,2770,1416,0,"Knox County",470313,219.428338149275,0.302129369224588,93.5547178155824,39.335506354279,30.2129369224588
2022-06-22,132744,182,102020,127,30724,55,110224,131,566438,332,676662,463,0,1413,0,2769,1416,0,"Knox County",470313,219.003089431931,0.291812184710904,98.4450780650333,38.6976332782636,29.1812184710904
2022-06-21,132562,177,101893,87,30669,90,110093,95,566106,175,676199,270,1,1413,1,2769,1416,0,"Knox County",470313,217.727343279901,0.294715447154472,57.4085768413801,37.6345114849047,29.4715447154472
2022-06-20,132385,120,101806,84,30579,36,109998,91,565931,157,675929,248,0,1412,0,2768,1416,1,"Knox County",470313,213.049607389122,0.292742927429274,52.730840950601,25.5149230406134,29.2742927429274
2022-06-19,132265,90,101722,60,30543,30,109907,65,565774,198,675681,263,0,1412,0,2768,1415,0,"Knox County",470313,213.262231747793,0.29004854368932,55.9202063306777,19.13619228046,29.004854368932
2022-06-18,132175,99,101662,81,30513,18,109842,87,565576,194,675418,281,-1,1412,0,2768,1415,0,"Knox County",470313,212.199109954435,0.295683743444937,59.7474447867697,21.049811508506,29.5683743444937
2022-06-17,132076,133,101581,84,30495,49,109755,89,565382,254,675137,343,3,1413,2,2768,1415,1,"Knox County",470313,209.647617650373,0.300693240901213,72.9301550244199,28.2790397033465,30.0693240901213
2022-06-16,131943,138,101497,104,30446,34,109666,108,565128,301,674794,409,1,1410,0,2766,1414,0,"Knox County",470313,199.6542727928,0.292490118577075,86.9633626967573,29.3421614967054,29.2490118577075
2022-06-15,131805,113,101393,81,30412,32,109558,85,564827,264,674385,349,0,1409,0,2766,1414,1,"Knox County",470313,184.983192044447,0.286638927415626,74.2059011764506,24.0265525299109,28.6638927415626
2022-06-14,131692,170,101312,106,30380,64,109473,114,564563,244,674036,358,2,1409,0,2766,1413,0,"Knox County",470313,183.494821533745,0.283873833851622,76.1195204044966,36.1461409742023,28.3873833851622
2022-06-13,131522,117,101206,71,30316,46,109359,71,564319,150,673678,221,1,1407,0,2766,1413,2,"Knox County",470313,182.856948457729,0.278327338129496,46.989983266463,24.877049964598,27.8327338129496
2022-06-12,131405,79,101135,44,30270,35,109288,48,564169,129,673457,177,1,1406,1,2766,1411,1,"Knox County",470313,180.51808051234,0.281571562207671,37.6345114849047,16.7973243350705,28.1571562207671
2022-06-11,131326,102,101091,81,30235,21,109240,93,564040,227,673280,320,0,1405,0,2765,1410,0,"Knox County",470313,181.155953588355,0.279283417547083,68.039794774969,21.6876845845214,27.9283417547083
2022-06-10,131224,122,101010,76,30214,46,109147,88,563813,368,672960,456,0,1405,1,2765,1410,0,"Knox County",470313,178.817085642965,0.265065502183406,96.9567075543308,25.9401717579569,26.5065502183406
2022-06-09,131102,161,100934,107,30168,54,109059,114,563445,330,672504,444,1,1405,0,2764,1410,0,"Knox County",470313,183.707445892416,0.263655913978495,94.4052152502695,34.2325217461563,26.3655913978495
2022-06-08,130941,150,100827,100,30114,50,108945,116,563115,324,672060,440,0,1404,0,2764,1410,0,"Knox County",470313,191.574547163272,0.266556291390728,93.5547178155824,31.8936538007667,26.6556291390728
2022-06-07,130791,121,100727,70,30064,51,108829,71,562791,169,671620,240,0,1404,0,2764,1410,0,"Knox County",470313,181.155953588355,0.261531766753699,51.0298460812268,25.7275473992852,26.1531766753699
2022-06-06,130670,116,100657,79,30013,37,108758,81,562622,280,671380,361,0,1404,1,2764,1410,0,"Knox County",470313,180.943329229683,0.250615258408532,76.7573934805119,24.6644256059263,25.0615258408532
2022-06-05,130554,75,100578,54,29976,21,108677,57,562342,233,671019,290,3,1404,1,2763,1410,0,"Knox County",470313,180.092831794996,0.243041944335555,61.6610640148157,15.9468269003834,24.3041944335555
2022-06-04,130479,86,100524,72,29955,14,108620,76,562109,300,670729,376,0,1401,0,2762,1410,1,"Knox County",470313,176.690842056248,0.231300345224396,79.9467588605886,18.2856948457729,23.1300345224396
2022-06-03,130393,132,100452,90,29941,42,108544,96,561809,346,670353,442,0,1401,1,2762,1409,3,"Knox County",470313,178.817085642965,0.235634400308523,93.9799665329259,28.0664153446747,23.5634400308523
2022-06-02,130261,114,100362,88,29899,26,108448,96,561463,284,669911,380,0,1401,0,2761,1406,0,"Knox County",470313,168.823740785392,0.234480031633057,80.7972562952757,24.2391768885827,23.4480031633057
2022-06-01,130147,169,100274,90,29873,79,108352,105,561179,303,669531,408,1,1401,1,2761,1406,0,"Knox County",470313,172.863603600156,0.233079695634762,86.7507383380855,35.9335166155305,23.3079695634762
2022-05-31,129978,129,100184,94,29794,35,108247,96,560876,214,669123,310,0,1400,2,2760,1406,0,"Knox County",470313,174.56459846953,0.236462797039346,65.9135511882512,27.4285422686594,23.6462797039346
2022-05-30,129849,57,100090,32,29759,25,108151,36,560662,118,668813,154,0,1400,3,2758,1406,0,"Knox County",470313,162.019761307895,0.238135593220339,32.7441512354538,12.1195884442914,23.8135593220339
2022-05-29,129792,56,100058,43,29734,13,108115,46,560544,200,668659,246,0,1400,0,2755,1406,1,"Knox County",470313,157.979898493131,0.237910189982729,52.3055922332574,11.9069640856196,23.7910189982729
2022-05-28,129736,69,100015,56,29721,13,108069,58,560344,229,668413,287,0,1400,0,2755,1405,0,"Knox County",470313,154.365284395711,0.23933542882802,61.0231909388003,14.6710807483527,23.933542882802
2022-05-27,129667,98,99959,66,29708,32,108011,67,560115,417,668126,484,2,1400,2,2755,1405,0,"Knox County",470313,147.13605620087,0.222124283825474,102.910189597141,20.8371871498343,22.2124283825474
2022-05-26,129569,102,99893,78,29676,24,107944,82,559698,367,667642,449,1,1398,3,2753,1405,1,"Knox County",470313,144.584563896809,0.209580838323353,95.4683370436284,21.6876845845214,20.9580838323353
2022-05-25,129467,108,99815,79,29652,29,107862,86,559331,264,667193,350,2,1397,0,2750,1404,1,"Knox County",470313,131.614478017831,0.206578947368421,74.4185255351224,22.963430736552,20.6578947368421
2022-05-24,129359,106,99736,68,29623,38,107776,73,559067,281,666843,354,0,1395,1,2750,1403,0,"Knox County",470313,126.72411776838,0.192771084337349,75.2690229698095,22.5381820192085,19.2771084337349
2022-05-23,129253,107,99668,71,29585,36,107703,70,558786,337,666489,407,1,1395,2,2749,1403,0,"Knox County",470313,137.355335701969,0.187039192859915,86.5381139794137,22.7508063778803,18.7039192859915
2022-05-22,129146,47,99597,38,29549,9,107633,40,558449,180,666082,220,1,1394,2,2747,1403,0,"Knox County",470313,135.441716473923,0.186593492747942,46.7773589077912,9.99334485757357,18.6593492747942
2022-05-21,129099,55,99559,45,29540,10,107593,49,558269,208,665862,257,0,1393,3,2745,1403,0,"Knox County",470313,132.464975452518,0.185243950813169,54.644460178647,11.6943397269478,18.5243950813169
2022-05-20,129044,87,99514,59,29530,28,107544,63,558061,225,665605,288,0,1393,1,2742,1403,0,"Knox County",470313,130.126107507128,0.199139784946237,61.2358152974721,18.4983192044447,19.9139784946237
2022-05-19,128957,95,99455,67,29502,28,107481,69,557836,254,665317,323,6,1393,1,2741,1403,0,"Knox County",470313,128.637736996426,0.204638472032742,68.6776678509843,20.1993140738189,20.4638472032742
2022-05-18,128862,82,99388,54,29474,28,107412,56,557582,239,664994,295,1,1387,1,2740,1403,0,"Knox County",470313,123.10950367096,0.19589552238806,62.7241858081746,17.4351974110858,19.589552238806
2022-05-17,128780,80,99334,51,29446,29,107356,54,557343,315,664699,369,2,1386,0,2739,1403,0,"Knox County",470313,117.581270345493,0.185734136174155,78.4583883498861,17.0099486937423,18.5734136174155
2022-05-16,128700,64,99283,39,29417,25,107302,39,557028,254,664330,293,0,1384,1,2739,1403,1,"Knox County",470313,108.438422922607,0.180929095354523,62.298937090831,13.6079589549938,18.0929095354523
2022-05-15,128636,39,99244,25,29392,14,107263,27,556774,174,664037,201,0,1384,1,2738,1402,0,"Knox County",470313,106.737428053233,0.176209279368213,42.7374960930274,8.29234998819935,17.6209279368213
2022-05-14,128597,29,99219,21,29378,8,107236,22,556600,145,663836,167,0,1384,1,2737,1402,0,"Knox County",470313,101.209194727766,0.170454545454545,35.508267898187,6.16610640148157,17.0454545454545
2022-05-13,128568,77,99198,55,29370,22,107214,58,556455,251,663669,309,-3,1384,0,2736,1402,1,"Knox County",470313,99.0829511410486,0.166070516096065,65.7009268295794,16.3720756177269,16.6070516096065
2022-05-12,128491,72,99143,45,29348,27,107156,49,556204,301,663360,350,1,1387,0,2736,1401,1,"Knox County",470313,94.1925908915977,0.153729838709677,74.4185255351224,15.308953824368,15.3729838709677
2022-05-11,128419,47,99098,33,29321,14,107107,35,555903,177,663010,212,0,1386,0,2736,1400,0,"Knox County",470313,86.7507383380855,0.149395055234087,45.076364038417,9.99334485757357,14.9395055234087
2022-05-10,128372,78,99065,40,29307,38,107072,43,555726,322,662798,365,1,1386,3,2736,1400,1,"Knox County",470313,86.3254896207419,0.143911439114391,77.607890915199,16.5846999763987,14.3911439114391
2022-05-09,128294,54,99025,31,29269,23,107029,32,555404,181,662433,213,0,1385,1,2733,1399,0,"Knox County",470313,84.1992460340242,0.146395156851954,45.2889883970888,11.481715368276,14.6395156851954
2022-05-08,128240,31,98994,23,29246,8,106997,24,555223,133,662220,157,0,1385,0,2732,1399,0,"Knox County",470313,82.4982511646499,0.148336153412296,33.3820243114692,6.59135511882512,14.8336153412296
2022-05-07,128209,17,98971,10,29238,7,106973,13,555090,174,662063,187,0,1385,0,2732,1399,0,"Knox County",470313,79.9467588605886,0.141662018962632,39.7607550716225,3.61461409742023,14.1662018962632
2022-05-06,128192,51,98961,30,29231,21,106960,34,554916,209,661876,243,0,1385,1,2732,1399,1,"Knox County",470313,74.4185255351224,0.13317892298784,51.6677191572421,10.8438422922607,13.317892298784
2022-05-05,128141,48,98931,31,29210,17,106926,34,554707,185,661633,219,1,1385,0,2731,1398,0,"Knox County",470313,69.3155409269997,0.134711779448622,46.5647345491194,10.2059692162454,13.4711779448622
2022-05-04,128093,54,98900,35,29193,19,106892,38,554522,249,661414,287,1,1384,0,2731,1398,0,"Knox County",470313,70.8039114377021,0.130460801915021,61.0231909388003,11.481715368276,13.0460801915021
2022-05-03,128039,34,98865,21,29174,13,106854,24,554273,145,661127,169,0,1383,0,2731,1398,1,"Knox County",470313,61.4484396561439,0.134915254237288,35.9335166155305,7.22922819484046,13.4915254237288
2022-05-02,128005,37,98844,28,29161,9,106830,32,554128,190,660958,222,3,1383,2,2731,1397,0,"Knox County",470313,57.8338255587237,0.134097035040431,47.2026076251348,7.86710127085579,13.4097035040431
2022-05-01,127968,14,98816,9,29152,5,106798,9,553938,82,660736,91,0,1380,0,2729,1397,0,"Knox County",470313,54.2192114613034,0.129760225669958,19.3488166391318,2.97674102140489,12.9760225669958
2022-04-30,127954,18,98807,14,29147,4,106789,15,553856,141,660645,156,0,1380,0,2729,1397,0,"Knox County",470313,54.4318358199752,0.134102379235761,33.1693999527974,3.82723845609201,13.4102379235761
2022-04-29,127936,24,98793,14,29143,10,106774,13,553715,200,660489,213,0,1380,0,2729,1397,1,"Knox County",470313,48.6909781358372,0.121591746499632,45.2889883970888,5.10298460812268,12.1591746499632
2022-04-28,127912,32,98779,25,29133,7,106761,26,553515,226,660276,252,1,1380,0,2729,1396,0,"Knox County",470313,45.2889883970887,0.11294964028777,53.5813383852881,6.8039794774969,11.294964028777
2022-04-27,127880,34,98754,24,29126,10,106735,26,553289,181,660024,207,0,1379,0,2729,1396,0,"Knox County",470313,41.0365012236532,0.110687022900763,44.0132422450581,7.22922819484046,11.0687022900763
2022-04-26,127846,41,98730,21,29116,20,106709,21,553108,240,659817,261,0,1379,0,2729,1396,0,"Knox County",470313,42.5248717343556,0.101283880171184,55.4949576133341,8.7175987055429,10.1283880171184
2022-04-25,127805,61,98709,16,29096,45,106688,17,552868,101,659556,118,0,1379,2,2729,1396,1,"Knox County",470313,47.6278563424783,0.0978428351309707,25.0896743232698,12.9700858789785,9.78428351309707
2022-04-24,127744,15,98693,11,29051,4,106671,12,552767,148,659438,160,1,1379,0,2727,1395,1,"Knox County",470313,47.8404807011501,0.0950987564008778,34.0198973874845,3.18936538007667,9.50987564008778
2022-04-23,127729,12,98682,5,29047,7,106659,7,552619,197,659278,204,0,1378,0,2727,1394,0,"Knox County",470313,46.5647345491194,0.0862190812720848,43.3753691690427,2.55149230406134,8.62190812720848
2022-04-22,127717,25,98677,18,29040,7,106652,20,552422,210,659074,230,0,1378,0,2727,1394,0,"Knox County",470313,46.7773589077912,0.0900837988826816,48.903602494509,5.31560896679445,9.00837988826816
2022-04-21,127692,32,98659,23,29033,9,106632,23,552212,231,658844,254,0,1378,0,2727,1394,0,"Knox County",470313,46.7773589077912,0.0878661087866109,54.0065871026317,6.8039794774969,8.78661087866109
2022-04-20,127660,55,98636,32,29024,23,106609,34,551981,247,658590,281,1,1378,0,2727,1394,1,"Knox County",470313,51.2424704398985,0.0888594164456233,59.7474447867697,11.6943397269478,8.88594164456233
2022-04-19,127605,30,98604,16,29001,14,106575,17,551734,151,658309,168,0,1377,0,2727,1393,0,"Knox County",470313,48.903602494509,0.0918727915194346,35.7208922568587,6.37873076015334,9.18727915194346
2022-04-18,127575,38,98588,21,28987,17,106558,21,551583,117,658141,138,0,1377,1,2727,1393,0,"Knox County",470313,44.0132422450581,0.0933797909407666,29.3421614967054,8.07972562952757,9.33797909407665
2022-04-17,127537,16,98567,10,28970,6,106537,9,551466,101,658003,110,0,1377,0,2726,1393,1,"Knox County",470313,44.2258666037299,0.0945848375451264,23.3886794538956,3.40198973874845,9.45848375451263
2022-04-16,127521,10,98557,10,28964,0,106528,12,551365,126,657893,138,0,1377,0,2726,1392,0,"Knox County",470313,43.8006178863863,0.103108415466262,29.3421614967054,2.12624358671778,10.3108415466262
2022-04-15,127511,18,98547,13,28964,5,106516,13,551239,198,657755,211,0,1377,0,2726,1392,0,"Knox County",470313,42.3122473756839,0.0992307692307692,44.8637396797452,3.82723845609201,9.92307692307692
2022-04-14,127493,18,98534,5,28959,13,106503,6,551041,158,657544,164,1,1377,0,2726,1392,1,"Knox County",470313,39.335506354279,0.0925619834710744,34.8703948221716,3.82723845609201,9.25619834710744
2022-04-13,127475,40,98529,26,28946,14,106497,28,550883,209,657380,237,-1,1376,0,2726,1391,1,"Knox County",470313,36.1461409742023,0.0909090909090909,50.3919730052114,8.50497434687113,9.09090909090909
2022-04-12,127435,23,98503,6,28932,17,106469,8,550674,192,657143,200,5,1377,0,2726,1390,0,"Knox County",470313,34.6577704634998,0.0809682804674457,42.5248717343556,4.8903602494509,8.09682804674457
2022-04-11,127412,22,98497,13,28915,9,106461,13,550482,173,656943,186,1,1372,2,2726,1390,1,"Knox County",470313,31.2557807247514,0.0714285714285714,39.5481307129507,4.67773589077912,7.14285714285714
2022-04-10,127390,9,98484,7,28906,2,106448,7,550309,110,656757,117,0,1371,1,2724,1389,0,"Knox County",470313,29.7674102140489,0.0694333599361532,24.877049964598,1.913619228046,6.94333599361532
2022-04-09,127381,7,98477,5,28904,2,106441,5,550199,148,656640,153,0,1371,0,2723,1389,0,"Knox County",470313,29.1295371380336,0.0630914826498423,32.5315268767821,1.48837051070245,6.30914826498423
2022-04-08,127374,18,98472,15,28902,3,106436,16,550051,176,656487,192,1,1371,0,2723,1389,0,"Knox County",470313,29.1295371380336,0.066453162530024,40.8238768649814,3.82723845609201,6.6453162530024
2022-04-07,127356,16,98457,7,28899,9,106420,10,549875,181,656295,191,5,1370,0,2723,1389,0,"Knox County",470313,28.70428842069,0.0681818181818182,40.6112525063096,3.40198973874845,6.81818181818182
2022-04-06,127340,21,98450,14,28890,7,106410,16,549694,204,656104,220,-1,1365,0,2723,1389,2,"Knox County",470313,24.6644256059263,0.0595710881652105,46.7773589077912,4.46511153210734,5.95710881652105
2022-04-05,127319,15,98436,12,28883,3,106394,13,549490,198,655884,211,4,1366,0,2723,1387,2,"Knox County",470313,22.963430736552,0.062992125984252,44.8637396797452,3.18936538007667,6.2992125984252
2022-04-04,127304,16,98424,5,28880,11,106381,7,549292,158,655673,165,8,1362,2,2723,1385,0,"Knox County",470313,21.6876845845214,0.0592473979183347,35.0830191808434,3.40198973874845,5.92473979183347
2022-04-03,127288,5,98419,4,28869,1,106374,3,549134,75,655508,78,1,1354,0,2721,1385,1,"Knox County",470313,20.8371871498343,0.0578512396694215,16.5846999763987,1.06312179335889,5.78512396694215
2022-04-02,127283,3,98415,3,28868,0,106371,3,549059,116,655430,119,0,1353,0,2721,1384,1,"Knox County",470313,19.9866897151471,0.0578231292517007,25.3022986819416,0.637873076015334,5.78231292517007
2022-04-01,127280,19,98412,8,28868,11,106368,8,548943,231,655311,239,4,1353,0,2721,1383,0,"Knox County",470313,20.1993140738189,0.0490596892886345,50.817221722555,4.03986281476378,4.90596892886345
2022-03-31,127261,17,98404,7,28857,10,106360,8,548712,238,655072,246,3,1349,0,2721,1383,0,"Knox County",470313,20.4119384324907,0.0453834115805947,52.3055922332574,3.61461409742023,4.53834115805947
2022-03-30,127244,22,98397,10,28847,12,106352,9,548474,256,654826,265,0,1346,1,2721,1383,0,"Knox County",470313,20.6245627911625,0.0385487528344671,56.3454550480212,4.67773589077912,3.85487528344671
2022-03-29,127222,20,98387,8,28835,12,106343,9,548218,192,654561,201,2,1346,0,2720,1383,3,"Knox County",470313,21.6876845845214,0.0357958872810358,42.7374960930274,4.25248717343556,3.57958872810358
2022-03-28,127202,19,98379,12,28823,7,106334,16,548026,332,654360,348,3,1344,0,2720,1380,0,"Knox County",470313,22.3255576605367,0.0374331550802139,73.9932768177788,4.03986281476378,3.74331550802139
2022-03-27,127183,4,98367,3,28816,1,106318,3,547694,73,654012,76,0,1341,0,2720,1380,1,"Knox County",470313,22.1129333018649,0.037483266398929,16.1594512590551,0.850497434687113,3.7483266398929
2022-03-26,127179,9,98364,6,28815,3,106315,6,547621,166,653936,172,0,1341,1,2720,1379,1,"Knox County",470313,23.3886794538956,0.0381383322559793,36.5713896915458,1.913619228046,3.81383322559793
2022-03-25,127170,15,98358,7,28812,8,106309,8,547455,244,653764,252,0,1341,1,2719,1378,1,"Knox County",470313,22.5381820192085,0.0378205128205128,53.5813383852881,3.18936538007667,3.78205128205128
2022-03-24,127155,57,98351,9,28804,48,106301,10,547211,187,653512,197,1,1341,0,2718,1377,2,"Knox County",470313,31.0431563660796,0.0403706154864328,41.8869986583403,12.1195884442914,4.03706154864328
2022-03-23,127098,11,98342,6,28756,5,106291,6,547024,201,653315,207,0,1340,0,2718,1375,1,"Knox County",470313,28.70428842069,0.0399174122505162,44.0132422450581,2.33886794538956,3.99174122505162
2022-03-22,127087,16,98336,11,28751,5,106285,11,546823,150,653108,161,0,1340,1,2718,1374,4,"Knox County",470313,27.8537909860029,0.0424628450106157,34.2325217461563,3.40198973874845,4.24628450106157
2022-03-21,127071,13,98325,6,28746,7,106274,6,546673,125,652947,131,7,1340,1,2717,1370,0,"Knox County",470313,26.5780448339723,0.0418060200668896,27.8537909860029,2.76411666273312,4.18060200668896
2022-03-20,127058,12,98319,9,28739,3,106268,11,546548,98,652816,109,1,1333,0,2716,1370,0,"Knox County",470313,28.2790397033465,0.0471928397070789,23.1760550952238,2.55149230406134,4.71928397070789
2022-03-19,127046,11,98310,10,28736,1,106257,11,546450,175,652707,186,0,1332,0,2716,1370,0,"Knox County",470313,28.70428842069,0.0506838294448914,39.5481307129507,2.33886794538956,5.06838294448914
2022-03-18,127035,24,98300,15,28735,9,106246,14,546275,219,652521,233,0,1332,1,2716,1370,2,"Knox County",470313,30.6179076487361,0.0563725490196078,49.5414755705243,5.10298460812268,5.63725490196078
2022-03-17,127011,36,98285,25,28726,11,106232,31,546056,209,652288,240,1,1332,0,2715,1368,2,"Knox County",470313,26.1527961166287,0.0710339384372533,51.0298460812268,7.65447691218401,7.10339384372533
2022-03-16,126975,22,98260,9,28715,13,106201,12,545847,236,652048,248,3,1331,2,2715,1366,2,"Knox County",470313,28.4916640620183,0.073394495412844,52.730840950601,4.67773589077912,7.3394495412844
2022-03-15,126953,55,98251,18,28702,37,106189,19,545611,257,651800,276,1,1328,1,2713,1364,2,"Knox County",470313,36.7840140502176,0.073085031623331,58.6843229934108,11.6943397269478,7.3085031623331
2022-03-14,126898,21,98233,16,28665,5,106170,22,545354,228,651524,250,10,1327,0,2712,1362,3,"Knox County",470313,38.4850089195918,0.0778210116731518,53.1560896679445,4.46511153210734,7.78210116731517
2022-03-13,126877,5,98217,5,28660,0,106148,10,545126,484,651274,494,2,1317,0,2712,1359,1,"Knox County",470313,36.9966384088894,0.0617540217955371,105.036433183858,1.06312179335889,6.17540217955371
2022-03-12,126872,9,98212,8,28660,1,106138,9,544642,293,650780,302,0,1315,3,2712,1358,2,"Knox County",470313,36.5713896915458,0.0572687224669604,64.212556318877,1.913619228046,5.72687224669604
2022-03-11,126863,20,98204,13,28659,7,106129,15,544349,467,650478,482,9,1315,0,2709,1356,4,"Knox County",470313,35.7208922568587,0.0514834205933682,102.484940879797,4.25248717343556,5.14834205933682
2022-03-10,126843,28,98191,20,28652,8,106114,23,543882,459,649996,482,4,1306,1,2709,1352,2,"Knox County",470313,34.0198973874845,0.0434096290449882,102.484940879797,5.95348204280979,4.34096290449882
2022-03-09,126815,64,98171,19,28644,45,106091,23,543423,419,649514,442,1,1302,2,2708,1350,2,"Knox County",470313,42.9501204516992,0.0443548387096774,93.9799665329259,13.6079589549938,4.43548387096774
2022-03-08,126751,36,98152,18,28599,18,106068,19,543004,311,649072,330,1,1301,1,2706,1348,3,"Knox County",470313,38.9102576369354,0.0434938892882818,70.1660383616868,7.65447691218401,4.34938892882818
2022-03-07,126715,27,98134,22,28581,5,106049,25,542693,267,648742,292,4,1300,2,2705,1345,0,"Knox County",470313,40.1860037889661,0.0439093484419263,62.0863127321592,5.74085768413801,4.39093484419263
2022-03-06,126688,14,98112,11,28576,3,106024,13,542426,212,648450,225,2,1296,2,2703,1345,0,"Knox County",470313,42.0996230170121,0.049706457925636,47.8404807011501,2.97674102140489,4.9706457925636
2022-03-05,126674,18,98101,10,28573,8,106011,11,542214,266,648225,277,0,1294,1,2701,1345,2,"Knox County",470313,44.0132422450581,0.0509881422924901,58.8969473520825,3.82723845609201,5.09881422924901
2022-03-04,126656,52,98091,28,28565,24,106000,29,541948,380,647948,409,1,1294,1,2700,1343,2,"Knox County",470313,50.817221722555,0.0582010582010582,86.9633626967573,11.0564666509325,5.82010582010582
2022-03-03,126604,45,98063,29,28541,16,105971,34,541568,326,647539,360,8,1293,4,2699,1341,2,"Knox County",470313,54.4318358199752,0.0659528907922912,76.5447691218401,9.56809614023002,6.59528907922912
2022-03-02,126559,37,98034,29,28525,8,105937,36,541242,338,647179,374,-2,1285,1,2695,1339,6,"Knox County",470313,48.6909781358372,0.0736656374062638,79.521510143245,7.86710127085579,7.36656374062638
2022-03-01,126522,92,98005,48,28517,44,105901,60,540904,391,646805,451,3,1287,3,2694,1333,1,"Knox County",470313,60.5979422214568,0.0871021775544389,95.893585760972,19.5614409978036,8.71021775544389
2022-02-28,126430,134,97957,90,28473,44,105841,97,540513,549,646354,646,10,1284,4,2691,1332,5,"Knox County",470313,83.348748599337,0.102115244347192,137.355335701969,28.4916640620183,10.2115244347192
2022-02-27,126296,3,97867,3,28429,0,105744,5,539964,75,645708,80,1,1274,1,2687,1327,5,"Knox County",470313,81.0098806539475,0.104736234116288,17.0099486937423,0.637873076015334,10.4736234116288
2022-02-26,126293,46,97864,32,28429,14,105739,35,539889,275,645628,310,0,1273,2,2686,1322,0,"Knox County",470313,86.9633626967573,0.11254752851711,65.9135511882512,9.7807204989018,11.254752851711
2022-02-25,126247,106,97832,66,28415,40,105704,74,539614,406,645318,480,2,1273,5,2684,1322,6,"Knox County",470313,98.4450780650333,0.126249537208441,102.059692162454,22.5381820192085,12.6249537208441
2022-02-24,126141,142,97766,84,28375,58,105630,94,539208,463,644838,557,1,1271,4,2679,1316,3,"Knox County",470313,119.069640856196,0.138371290545204,118.43176778018,30.1926589313925,13.8371290545204
2022-02-23,125999,142,97682,96,28317,46,105536,115,538745,413,644281,528,6,1270,1,2675,1313,4,"Knox County",470313,141.395198516732,0.157273918741809,112.265661378699,30.1926589313925,15.7273918741809
2022-02-22,125857,142,97586,87,28271,55,105421,100,538332,356,643753,456,11,1264,7,2674,1309,3,"Knox County",470313,152.026416450321,0.170101406607785,96.9567075543308,30.1926589313925,17.0101406607785
2022-02-21,125715,73,97499,47,28216,26,105321,50,537976,290,643297,340,0,1253,1,2667,1306,5,"Knox County",470313,139.056330571343,0.171937477280989,72.2922819484046,15.5215781830398,17.1937477280989
2022-02-20,125642,72,97452,48,28190,24,105271,57,537686,289,642957,346,0,1253,1,2666,1301,2,"Knox County",470313,153.727411319696,0.174013921113689,73.5680281004352,15.308953824368,17.4013921113689
2022-02-19,125570,90,97404,54,28166,36,105214,68,537397,322,642611,390,0,1253,1,2665,1299,4,"Knox County",470313,163.082883101254,0.180174362286083,82.9234998819935,19.13619228046,18.0174362286083
2022-02-18,125480,142,97350,92,28130,50,105146,113,537075,498,642221,611,0,1253,3,2664,1295,4,"Knox County",470313,170.737360013438,0.184944237918216,129.913483148456,30.1926589313925,18.4944237918216
2022-02-17,125338,288,97258,226,28080,62,105033,266,536577,1208,641610,1474,1,1253,2,2661,1291,2,"Knox County",470313,201.780516379517,0.185524728588661,313.408304682201,61.2358152974721,18.5524728588661
2022-02-16,125050,225,97032,145,28018,80,104767,160,535369,546,640136,706,3,1252,3,2659,1289,3,"Knox County",470313,219.428338149275,0.188295165394402,150.112797222275,47.8404807011501,18.8295165394402
2022-02-15,124825,274,96887,215,27938,59,104607,241,534823,592,639430,833,5,1249,6,2656,1286,4,"Knox County",470313,247.49475349395,0.203191489361702,177.116090773591,58.2590742760672,20.3191489361702
2022-02-14,124551,341,96672,205,27879,136,104366,246,534231,602,638597,848,19,1244,8,2650,1282,1,"Knox County",470313,304.478081617986,0.221006144393241,180.305456153668,72.5049063070764,22.1006144393241
2022-02-13,124210,120,96467,100,27743,20,104120,116,533629,283,637749,399,1,1225,1,2642,1281,3,"Knox County",470313,314.684050834232,0.229994297662041,84.8371191100395,25.5149230406134,22.9994297662041
2022-02-12,124090,153,96367,109,27723,44,104004,127,533346,414,637350,541,0,1224,3,2641,1278,6,"Knox County",470313,328.079385430554,0.234478935698448,115.029778041432,32.5315268767821,23.4478935698448
2022-02-11,123937,341,96258,251,27679,90,103877,280,532932,631,636809,911,3,1224,10,2638,1272,5,"Knox County",470313,370.391632806238,0.25140056022409,193.70079074999,72.5049063070764,25.140056022409
2022-02-10,123596,425,96007,275,27589,150,103597,304,532301,555,635898,859,7,1221,12,2628,1267,3,"Knox County",470313,399.521169944271,0.28918971944281,182.644324099057,90.3653524355057,28.918971944281
2022-02-09,123171,437,95732,306,27439,131,103293,369,531746,606,635039,975,8,1214,4,2616,1264,6,"Knox County",470313,444.597533982688,0.313641446142378,207.308749704984,92.916844739567,31.3641446142378
2022-02-08,122734,455,95426,334,27308,121,102924,391,531140,462,634064,853,6,1206,8,2612,1258,12,"Knox County",470313,483.08254290228,0.340326773115485,181.368577947027,96.7440831956591,34.0326773115485
2022-02-07,122279,591,95092,411,27187,180,102533,443,530678,624,633211,1067,10,1200,11,2604,1246,5,"Knox County",470313,536.238632570224,0.362176628010705,226.870190702787,125.660995975021,36.2176628010705
2022-02-06,121688,252,94681,185,27007,67,102090,214,530054,435,632144,649,0,1190,13,2593,1241,5,"Knox County",470313,564.305047914899,0.363450042698548,137.993208777984,53.5813383852881,36.3450042698548
2022-02-05,121436,270,94496,193,26940,77,101876,220,529619,496,631495,716,0,1190,7,2580,1236,11,"Knox County",470313,589.182097879497,0.36832504145937,152.239040808993,57.4085768413801,36.832504145937
2022-02-04,121166,649,94303,509,26863,140,101656,580,529123,963,630779,1543,3,1190,3,2573,1225,0,"Knox County",470313,654.670400350405,0.378414890423296,328.079385430554,137.993208777984,37.8414890423296
2022-02-03,120517,1641,93794,501,26723,1140,101076,504,528160,741,629236,1245,1,1187,13,2570,1225,2,"Knox County",470313,913.221620495287,0.386066969353008,264.717326546364,348.916572580388,38.6066969353008
2022-02-02,118876,719,93293,540,25583,179,100572,603,527419,904,627991,1507,7,1186,6,2557,1223,9,"Knox County",470313,973.181689640729,0.389841688654354,320.42490851837,152.876913885008,38.9841688654354
2022-02-01,118157,936,92753,737,25404,199,99969,831,526515,1139,626484,1970,5,1179,12,2551,1214,7,"Knox County",470313,1075.45400616185,0.390364493503507,418.869986583403,199.016399716784,39.0364493503507
2022-01-31,117221,715,92016,518,25205,197,99138,522,525376,605,624514,1127,11,1174,13,2539,1207,2,"Knox County",470313,1101.81942663715,0.396711202466598,239.627652223094,152.026416450321,39.6711202466598
2022-01-30,116506,388,91498,319,25008,69,98616,336,524771,569,623387,905,1,1163,8,2526,1205,6,"Knox County",470313,1130.73633941652,0.398979252191279,192.425044597959,82.4982511646499,39.8979252191279
2022-01-29,116118,679,91179,590,24939,89,98280,645,524202,912,622482,1557,0,1162,5,2518,1199,3,"Knox County",470313,1217.69970211327,0.408057641566876,331.056126451959,144.371939538137,40.8057641566876
2022-01-28,115439,937,90589,775,24850,162,97635,836,523290,1040,620925,1876,3,1162,15,2513,1196,6,"Knox County",470313,1278.93551741075,0.419848826936291,398.883296868256,199.229024075456,41.9848826936291
2022-01-27,114502,1431,89814,1199,24688,232,96799,1273,522250,1472,619049,2745,7,1159,13,2498,1190,8,"Knox County",470313,1234.28440208967,0.431761786600496,583.653864554031,304.265457259315,43.1761786600496
2022-01-26,113071,998,88615,805,24456,193,95526,853,520778,965,616304,1818,4,1152,5,2485,1182,8,"Knox County",470313,1293.6065981591,0.441406901150192,386.551084065293,212.199109954435,44.1406901150192
2022-01-25,112073,1023,87810,769,24263,254,94673,804,519813,930,614486,1734,7,1148,11,2480,1174,6,"Knox County",470313,1312.10491736354,0.447968032647509,368.690637936863,217.514718921229,44.7968032647509
2022-01-24,111050,1322,87041,1085,24009,237,93869,1161,518883,1550,612752,2711,13,1141,15,2469,1168,5,"Knox County",470313,1441.16790307731,0.442679454518208,576.424636359191,281.089402164091,44.2679454518208
2022-01-23,109728,769,85956,680,23772,89,92708,709,517333,818,610041,1527,0,1128,7,2454,1163,10,"Knox County",470313,1522.17778373126,0.44967067583047,324.677395691805,163.508131818597,44.967067583047
2022-01-22,108959,901,85276,738,23683,163,91999,770,516515,1056,608514,1826,0,1128,14,2447,1153,3,"Knox County",470313,1569.38039135639,0.449954344314111,388.252078934667,191.574547163272,44.9954344314111
2022-01-21,108058,1514,84538,1228,23520,286,91229,1289,515459,1348,606688,2637,1,1128,6,2433,1150,6,"Knox County",470313,1692.06464631001,0.457327643685825,560.690433817479,321.913279029072,45.7327643685825
2022-01-20,106544,1410,83310,1169,23234,241,89940,1217,514111,1152,604051,2369,11,1127,11,2427,1144,2,"Knox County",470313,1687.5995347779,0.46525783066612,503.707105693442,299.800345727207,46.525783066612
2022-01-19,105134,1673,82141,1310,22993,363,88723,1344,512959,1331,601682,2675,4,1116,7,2416,1142,2,"Knox County",470313,1831.12097688135,0.471219070999419,568.770159447007,355.720552057885,47.1219070999419
2022-01-18,103461,1045,80831,665,22630,380,87379,692,511628,686,599007,1378,6,1112,7,2409,1140,4,"Knox County",470313,1835.79871277213,0.474905772664154,292.99636624971,222.192454812008,47.4905772664154
2022-01-17,102416,1091,80166,859,22250,232,86687,903,510942,1279,597629,2182,7,1106,13,2402,1136,3,"Knox County",470313,1786.68248591895,0.474441551322461,463.94635062182,231.97317531091,47.4441551322461
2022-01-16,101325,771,79307,691,22018,80,85784,717,509663,1073,595447,1790,0,1099,7,2389,1133,4,"Knox County",470313,1787.1077346363,0.466581409436629,380.597602022483,163.933380535941,46.6581409436629
2022-01-15,100554,751,78616,599,21938,152,85067,627,508590,816,593657,1443,1,1099,12,2382,1129,2,"Knox County",470313,1755.21408083553,0.46904794804477,306.816949563376,159.680893362505,46.904794804477
2022-01-14,99803,1306,78017,1052,21786,254,84440,1097,507774,1188,592214,2285,6,1098,10,2370,1127,6,"Knox County",470313,1710.9882142318,0.46714346409857,485.846659565013,277.687412425342,46.714346409857
2022-01-13,98497,1402,76965,1055,21532,347,83343,1102,506586,1401,589929,2503,6,1092,11,2360,1121,6,"Knox County",470313,1709.28721936242,0.454685746352413,532.198769755461,298.099350857833,45.4685746352413
2022-01-12,97095,1168,75910,889,21185,279,82241,935,505185,1058,587426,1993,1,1086,4,2349,1115,0,"Knox County",470313,1601.91191823318,0.447399440106085,423.760346832854,248.345250928637,44.7399440106085
2022-01-11,95927,1366,75021,1061,20906,305,81306,1095,504127,1283,585433,2378,2,1085,10,2345,1115,3,"Knox County",470313,1670.16433736682,0.444352957321257,505.620724921488,290.444873945649,44.4352957321257
2022-01-10,94561,1000,73960,685,20601,315,80211,714,502844,812,583055,1526,3,1083,5,2335,1112,1,"Knox County",470313,1650.81552072769,0.451717200747234,324.464771333133,212.624358671778,45.1717200747234
2022-01-09,93561,741,73275,628,20286,113,79497,664,502032,1205,581529,1869,5,1080,2,2330,1111,2,"Knox County",470313,1644.43678996753,0.445381153104237,397.394926357553,157.554649775788,44.5381153104237
2022-01-08,92820,624,72647,478,20173,146,78833,510,500827,912,579660,1422,0,1075,10,2328,1109,4,"Knox County",470313,1617.43349641622,0.437678878076703,302.351838031269,132.67759981119,43.7678878076703
2022-01-07,92196,969,72169,751,20027,218,78323,768,499915,1091,578238,1859,0,1075,7,2318,1105,0,"Knox County",470313,1545.77908754383,0.427158671586716,395.268682770836,206.033003552953,42.7158671586716
2022-01-06,91227,1166,71418,742,19809,424,77555,781,498824,1010,576379,1791,2,1075,7,2311,1105,4,"Knox County",470313,1495.59973889729,0.425845147219193,380.810226381155,247.920002211293,42.5845147219193
2022-01-05,90061,1217,70676,904,19385,313,76774,943,497814,1255,574588,2198,1,1073,8,2304,1101,1,"Knox County",470313,1506.0183324722,0.419765391397685,467.348340360568,258.763844503554,41.9765391397685
2022-01-04,88844,923,69772,577,19072,346,75831,567,496559,1040,572390,1607,0,1072,6,2296,1100,5,"Knox County",470313,1411.82574158061,0.403112777053455,341.687344385547,196.252283054051,40.3112777053455
2022-01-03,87921,716,69195,538,18726,178,75264,505,495519,820,570783,1325,6,1072,6,2290,1095,2,"Knox County",470313,1351.44042371782,0.392510976721067,281.727275240106,152.239040808993,39.2510976721067
2022-01-02,87205,290,68657,208,18548,82,74759,265,494699,651,569458,916,3,1066,9,2284,1093,4,"Knox County",470313,1255.54683795685,0.390268033819032,194.763912543349,61.6610640148157,39.0268033819032
2022-01-01,86915,265,68449,216,18466,49,74494,237,494048,767,568542,1004,0,1063,15,2275,1089,0,"Knox County",470313,1179.21469319368,0.38,213.474856106465,56.3454550480212,38
2021-12-31,86650,591,68233,429,18417,162,74257,470,493281,1008,567538,1478,0,1063,5,2260,1089,3,"Knox County",470313,1098.84268561575,0.36515166198275,314.258802116888,125.660995975021,36.515166198275
2021-12-30,86059,581,67804,403,18255,178,73787,404,492273,918,566060,1322,2,1063,6,2255,1086,2,"Knox County",470313,974.457435792759,0.344263959390863,281.089402164091,123.534752388303,34.4263959390863
2021-12-29,85478,632,67401,476,18077,156,73383,503,491355,1195,564738,1698,1,1061,5,2249,1084,2,"Knox County",470313,850.072185969769,0.315614973262032,361.036161024679,134.378594680564,31.5614973262032
2021-12-28,84846,429,66925,262,17921,167,72880,283,490160,977,563040,1260,1,1060,5,2244,1082,0,"Knox County",470313,745.035752785911,0.29623458847051,267.90669192644,91.2158498701928,29.623458847051
2021-12-27,84417,314,66663,234,17754,80,72597,254,489183,905,561780,1159,2,1059,1,2239,1082,1,"Knox County",470313,659.560760599856,0.27339594885142,246.431631700591,66.7640486229383,27.339594885142
2021-12-26,84103,61,66429,49,17674,12,72343,59,488278,426,560621,485,7,1057,1,2238,1081,0,"Knox County",470313,610.869782464019,0.262907447061623,103.122813955812,12.9700858789785,26.2907447061623
2021-12-25,84042,85,66380,63,17662,22,72284,74,487852,489,560136,563,1,1050,1,2237,1081,0,"Knox County",470313,572.597397903099,0.25699937225361,119.707513932211,18.0730704871011,25.699937225361
2021-12-24,83957,175,66317,124,17640,51,72210,138,487363,848,559573,986,0,1049,2,2236,1081,0,"Knox County",470313,484.145664695639,0.229492840893885,209.647617650373,37.2092627675612,22.9492840893885
2021-12-23,83782,218,66193,159,17589,59,72072,166,486515,959,558587,1125,5,1049,5,2234,1081,1,"Knox County",470313,406.963022497783,0.202996151731721,239.20240350575,46.3521101904476,20.2996151731721
2021-12-22,83564,176,66034,102,17530,74,71906,101,485556,812,557462,913,47,1044,10,2229,1080,2,"Knox County",470313,310.006314943453,0.165613926975813,194.126039467333,37.421887126233,16.5613926975813
2021-12-21,83388,177,65932,124,17456,53,71805,120,484744,912,556549,1032,3,997,6,2219,1078,2,"Knox County",470313,256.424976558164,0.145617116397892,219.428338149275,37.6345114849047,14.5617116397892
2021-12-20,83211,114,65808,80,17403,34,71685,84,483832,622,555517,706,1,994,3,2213,1076,1,"Knox County",470313,213.900104823809,0.127710843373494,150.112797222275,24.2391768885827,12.7710843373494
2021-12-19,83097,70,65728,50,17369,20,71601,58,483210,556,554811,614,3,993,6,2210,1075,1,"Knox County",470313,215.813724051855,0.12476847954201,130.551356224472,14.8837051070245,12.476847954201
2021-12-18,83027,88,65678,56,17349,32,71543,65,482654,660,554197,725,0,990,3,2204,1074,2,"Knox County",470313,216.45159712787,0.119980331093263,154.152660037039,18.7109435631165,11.9980331093263
2021-12-17,82939,119,65622,77,17317,42,71478,83,481994,1034,553472,1117,2,990,6,2201,1072,2,"Knox County",470313,204.544633042251,0.108632862644416,237.501408636376,25.3022986819416,10.8632862644416
2021-12-16,82820,138,65545,106,17275,32,71395,108,480960,661,552355,769,2,988,3,2195,1070,2,"Knox County",470313,187.534684348508,0.105343771272975,163.508131818597,29.3421614967054,10.5343771272975
2021-12-15,82682,157,65439,113,17243,44,71287,125,480299,841,551586,966,0,986,5,2192,1068,3,"Knox County",470313,183.494821533745,0.108449991566875,205.395130476938,33.3820243114692,10.8449991566875
2021-12-14,82525,97,65326,59,17199,38,71162,63,479458,811,550620,874,3,986,3,2187,1065,3,"Knox County",470313,166.484872840002,0.101542193727257,185.833689479134,20.6245627911625,10.1542193727257
2021-12-13,82428,111,65267,74,17161,37,71099,79,478647,627,549746,706,4,983,3,2184,1062,0,"Knox County",470313,165.846999763987,0.100675792756888,150.112797222275,23.6013038125674,10.0675792756888
2021-12-12,82317,54,65193,29,17124,25,71020,40,478020,493,549040,533,6,979,5,2181,1062,1,"Knox County",470313,162.445010025239,0.0989455184534271,113.328783172058,11.481715368276,9.89455184534271
2021-12-11,82263,65,65164,45,17099,20,70980,51,477527,541,548507,592,0,973,1,2176,1061,3,"Knox County",470313,157.554649775788,0.0987943134784956,125.873620333693,13.8205833136656,9.87943134784956
2021-12-10,82198,84,65119,48,17079,36,70929,57,476986,855,547915,912,0,973,3,2175,1058,2,"Knox County",470313,150.112797222275,0.0977204783258595,193.913415108662,17.8604461284294,9.77204783258595
2021-12-09,82114,164,65071,96,17043,68,70872,107,476131,1017,547003,1124,3,973,2,2172,1056,1,"Knox County",470313,155.641030547742,0.091466619940424,238.989779147079,34.8703948221716,9.1466619940424
2021-12-08,81950,130,64975,67,16975,63,70765,65,475114,751,545879,816,0,970,7,2170,1055,1,"Knox County",470313,149.900172863604,0.0831383840201548,173.501476676171,27.6411666273312,8.31383840201548
2021-12-07,81820,127,64908,70,16912,57,70700,76,474363,631,545063,707,2,970,2,2163,1054,0,"Knox County",470313,156.278903623757,0.088126159554731,150.325421580947,27.0032935513158,8.8126159554731
2021-12-06,81693,148,64838,107,16855,41,70624,115,473732,759,544356,874,8,968,4,2161,1054,3,"Knox County",470313,164.146004894613,0.0919395465994962,185.833689479134,31.4684050834232,9.19395465994962
2021-12-05,81545,43,64731,28,16814,15,70509,33,472973,342,543482,375,2,960,1,2157,1051,0,"Knox County",470313,161.807136949223,0.0933333333333333,79.7341345019168,9.14284742288646,9.33333333333333
2021-12-04,81502,69,64703,50,16799,19,70476,55,472631,499,543107,554,0,958,3,2156,1051,2,"Knox County",470313,162.65763438391,0.0947407683700112,117.793894704165,14.6710807483527,9.47407683700112
2021-12-03,81433,147,64653,103,16780,44,70421,108,472132,1009,542553,1117,3,958,2,2153,1049,2,"Knox County",470313,176.052968980232,0.100413148913239,237.501408636376,31.2557807247514,10.0413148913239
2021-12-02,81286,133,64550,86,16736,47,70313,85,471123,794,541436,879,0,955,4,2151,1047,2,"Knox County",470313,169.461613861407,0.100901916572717,186.896811272493,28.2790397033465,10.0901916572717
2021-12-01,81153,185,64464,142,16689,43,70228,147,470329,1008,540557,1155,4,955,7,2147,1045,1,"Knox County",470313,181.155953588355,0.109344638756403,245.581134265904,39.335506354279,10.9344638756403
2021-11-30,80968,116,64322,67,16646,49,70081,68,469321,693,539402,761,3,951,6,2140,1044,3,"Knox County",470313,178.817085642965,0.106911636045494,161.807136949223,24.6644256059263,10.6911636045494
2021-11-29,80852,165,64255,128,16597,37,70013,139,468628,967,538641,1106,2,948,5,2134,1041,1,"Knox County",470313,182.431699740386,0.106776525979485,235.162540690987,35.0830191808434,10.6776525979485
2021-11-28,80687,33,64127,22,16560,11,69874,22,467661,270,537535,292,3,946,5,2129,1040,1,"Knox County",470313,180.305456153668,0.106412005457026,62.0863127321592,7.01660383616868,10.6412005457026
2021-11-27,80654,59,64105,31,16549,28,69852,32,467391,266,537243,298,0,943,1,2124,1039,2,"Knox County",470313,178.17921256695,0.107168330955777,63.3620588841899,12.5448371616349,10.7168330955777
2021-11-26,80595,20,64074,18,16521,2,69820,20,467125,298,536945,318,0,943,4,2123,1037,1,"Knox County",470313,151.175919015634,0.106674984404242,67.6145460576254,4.25248717343556,10.6674984404242
2021-11-25,80575,52,64056,26,16519,26,69800,29,466827,331,536627,360,0,943,3,2119,1036,5,"Knox County",470313,133.95334596322,0.106526806526807,76.5447691218401,11.0564666509325,10.6526806526807
2021-11-24,80523,105,64030,66,16493,39,69771,73,466496,742,536267,815,0,943,3,2116,1031,4,"Knox County",470313,116.943397269478,0.0969620253164557,173.288852317499,22.3255576605367,9.69620253164557
2021-11-23,80418,99,63964,64,16454,35,69698,65,465754,674,535452,739,0,943,2,2113,1027,0,"Knox County",470313,113.328783172058,0.0967413441955193,157.129401058444,21.049811508506,9.67413441955193
2021-11-22,80319,107,63900,84,16419,23,69633,82,465080,740,534713,822,0,943,3,2111,1027,0,"Knox County",470313,100.996570369095,0.0886388583973655,174.777222828202,22.7508063778803,8.86388583973655
2021-11-21,80212,44,63816,32,16396,12,69551,37,464340,284,533891,321,0,943,2,2108,1027,2,"Knox County",470313,103.335438314484,0.0920228695888919,68.2524191336408,9.35547178155824,9.20228695888919
2021-11-20,80168,54,63784,37,16384,17,69514,44,464056,537,533570,581,0,943,1,2106,1025,1,"Knox County",470313,102.272316521125,0.0884732052578362,123.534752388303,11.481715368276,8.84732052578362
2021-11-19,80114,112,63747,83,16367,29,69470,81,463519,825,532989,906,0,943,0,2105,1024,0,"Knox County",470313,121.833757518929,0.0904489436619718,192.637668956631,23.8139281712392,9.04489436619718
2021-11-18,80002,80,63664,44,16338,36,69389,49,462694,937,532083,986,3,943,2,2105,1024,0,"Knox County",470313,127.787239561739,0.0833655705996132,209.647617650373,17.0099486937423,8.33655705996132
2021-11-17,79922,105,63620,64,16302,41,69340,66,461757,833,531097,899,0,940,1,2103,1024,1,"Knox County",470313,127.787239561739,0.0807004187285877,191.149298445929,22.3255576605367,8.07004187285877
2021-11-16,79817,73,63556,51,16261,22,69274,67,460924,777,530198,844,0,940,2,2102,1023,3,"Knox County",470313,122.259006236272,0.0794924426198918,179.454958718981,15.5215781830398,7.94924426198918
2021-11-15,79744,84,63505,44,16239,40,69207,34,460147,459,529354,493,3,940,0,2100,1020,0,"Knox County",470313,117.368645986822,0.0751491053677932,104.823808825187,17.8604461284294,7.51491053677932
2021-11-14,79660,72,63461,62,16199,10,69173,68,459688,624,528861,692,0,937,2,2100,1020,2,"Knox County",470313,123.322128029631,0.0757267172745788,147.13605620087,15.308953824368,7.57267172745788
2021-11-13,79588,29,63399,13,16189,16,69105,12,459064,317,528169,329,0,937,2,2098,1018,0,"Knox County",470313,118.006519062837,0.0732181006020586,69.953414003015,6.16610640148157,7.32181006020586
2021-11-12,79559,66,63386,49,16173,17,69093,51,458747,687,527840,738,0,937,4,2096,1018,2,"Knox County",470313,108.225798563935,0.0696647259586428,156.916776699772,14.0332076723374,6.96647259586428
2021-11-11,79493,67,63337,46,16156,21,69042,54,458060,962,527102,1016,0,937,0,2092,1016,0,"Knox County",470313,105.461681901202,0.0702454599880263,216.026348410527,14.2458320310091,7.02454599880263
2021-11-10,79426,73,63291,50,16135,23,68988,69,457098,855,526086,924,1,937,2,2092,1016,0,"Knox County",470313,98.6577024237051,0.0704924543288324,196.464907412723,15.5215781830398,7.04924543288324
2021-11-09,79353,106,63241,76,16112,30,68919,133,456243,1174,525162,1307,1,936,1,2090,1016,1,"Knox County",470313,105.674306259874,0.0765593744317149,277.900036784014,22.5381820192085,7.65593744317149
2021-11-08,79247,78,63165,58,16082,20,68786,70,455069,687,523855,757,6,935,1,2089,1015,3,"Knox County",470313,104.398560107843,0.0792989762276592,160.956639514536,16.5846999763987,7.92989762276592
2021-11-07,79169,30,63107,19,16062,11,68716,22,454382,390,523098,412,0,929,1,2088,1012,3,"Knox County",470313,95.4683370436284,0.0749589640707642,87.6012357727726,6.37873076015334,7.49589640707642
2021-11-06,79139,41,63088,27,16051,14,68694,30,453992,453,522686,483,0,929,2,2087,1009,1,"Knox County",470313,98.0198293476897,0.0761043108036189,102.697565238469,8.7175987055429,7.61043108036189
2021-11-05,79098,52,63061,32,16037,20,68664,36,453539,605,522203,641,0,929,2,2085,1008,0,"Knox County",470313,95.0430883262848,0.0747292418772563,136.29221390861,11.0564666509325,7.47292418772563
2021-11-04,79046,68,63029,45,16017,23,68628,49,452934,667,521562,716,0,929,1,2083,1008,1,"Knox County",470313,95.2557126849566,0.0780534351145038,152.239040808993,14.4584563896809,7.80534351145038
2021-11-03,78978,79,62984,59,15994,20,68579,65,452267,969,520846,1034,0,929,2,2082,1007,2,"Knox County",470313,96.5314588369873,0.0757009345794393,219.853586866619,16.7973243350705,7.57009345794393
2021-11-02,78899,41,62925,19,15974,22,68514,22,451298,301,519812,323,4,929,1,2080,1005,3,"Knox County",470313,82.7108755233217,0.0673385249656436,68.6776678509843,8.7175987055429,6.73385249656436
2021-11-01,78858,95,62906,71,15952,24,68492,83,450997,661,519489,744,1,925,3,2079,1002,1,"Knox County",470313,86.3254896207419,0.0705260739719734,158.192522851803,20.1993140738189,7.05260739719734
2021-10-31,78763,26,62835,20,15928,6,68409,19,450336,278,518745,297,0,924,1,2076,1001,1,"Knox County",470313,85.4749921860548,0.0717319490325625,63.1494345255181,5.52823332546623,7.17319490325625
2021-10-30,78737,56,62815,41,15922,15,68390,43,450058,523,518448,566,0,924,4,2075,1000,0,"Knox County",470313,88.6643575661315,0.0733626475352928,120.345387008226,11.9069640856196,7.33626475352928
2021-10-29,78681,73,62774,59,15907,14,68347,66,449535,846,517882,912,1,924,1,2071,1000,1,"Knox County",470313,93.1294690982388,0.0755662020905923,193.913415108662,15.5215781830398,7.55662020905923
2021-10-28,78608,54,62715,32,15893,22,68281,39,448689,561,516970,600,4,923,3,2070,999,2,"Knox County",470313,90.1527280768339,0.0752904378909741,127.574615203067,11.481715368276,7.52904378909741
2021-10-27,78554,88,62683,57,15871,31,68242,65,448128,759,516370,824,1,919,3,2067,997,3,"Knox County",470313,92.0663473048799,0.0789967182372246,175.202471545545,18.7109435631165,7.89967182372246
2021-10-26,78466,96,62626,58,15840,38,68177,55,447369,554,515546,609,0,918,5,2064,994,2,"Knox County",470313,103.760687031828,0.0812829525483304,129.488234431113,20.4119384324907,8.12829525483304
2021-10-25,78370,71,62568,47,15802,24,68122,54,446815,491,514937,545,6,918,3,2059,992,1,"Knox County",470313,98.6577024237051,0.0783367792327131,115.880275476119,15.0963294656962,7.83367792327131
2021-10-24,78299,38,62521,20,15778,18,68068,23,446324,337,514392,360,1,912,5,2056,991,3,"Knox County",470313,101.209194727766,0.078125,76.5447691218401,8.07972562952757,7.8125
2021-10-23,78261,59,62501,40,15760,19,68045,42,445987,471,514032,513,0,911,1,2051,988,2,"Knox County",470313,101.847067803782,0.0788448315379326,109.076295998622,12.5448371616349,7.88448315379326
2021-10-22,78202,90,62461,56,15741,34,68003,55,445516,551,513519,606,0,911,2,2050,986,2,"Knox County",470313,105.461681901202,0.0820803549420754,128.850361355098,19.13619228046,8.20803549420754
2021-10-21,78112,124,62405,71,15707,53,67948,78,444965,712,512913,790,3,911,2,2048,984,2,"Knox County",470313,120.345387008226,0.0875912408759124,167.973243350705,26.3654204753005,8.75912408759124
2021-10-20,77988,149,62334,83,15654,66,67870,90,444253,959,512123,1049,3,908,3,2046,982,2,"Knox County",470313,133.315472887205,0.0887745974955277,223.042952246695,31.6810294420949,8.87745974955277
2021-10-19,77839,130,62251,85,15588,45,67780,92,443294,724,511074,816,4,905,3,2043,980,2,"Knox County",470313,140.544701082045,0.0927548621500321,173.501476676171,27.6411666273312,9.27548621500321
2021-10-18,77709,120,62166,89,15543,31,67688,105,442570,607,510258,712,9,901,8,2040,978,3,"Knox County",470313,150.963294656962,0.10008254230293,151.388543374306,25.5149230406134,10.008254230293
2021-10-17,77589,63,62077,56,15512,7,67583,61,441963,303,509546,364,1,892,4,2032,975,2,"Knox County",470313,156.278903623757,0.107835051546392,77.3952665565272,13.395334596322,10.7835051546392
2021-10-16,77526,55,62021,41,15505,14,67522,44,441660,372,509182,416,0,891,1,2028,973,4,"Knox County",470313,155.42840618907,0.110456553755523,88.4517332074597,11.6943397269478,11.0456553755523
2021-10-15,77471,125,61980,89,15491,36,67478,100,441288,794,508766,894,9,891,5,2027,969,2,"Knox County",470313,162.870258742582,0.113072803015275,190.08617665257,26.5780448339723,11.3072803015275
2021-10-14,77346,192,61891,135,15455,57,67378,143,440494,699,507872,842,0,882,7,2022,967,5,"Knox County",470313,177.328715132263,0.12468093461614,179.029710001637,40.8238768649814,12.468093461614
2021-10-13,77154,120,61756,87,15398,33,67235,99,439795,764,507030,863,7,882,5,2015,962,1,"Knox County",470313,171.162608730781,0.131241084165478,183.494821533745,25.5149230406134,13.1241084165478
2021-10-12,77034,136,61669,104,15365,32,67136,109,439031,821,506167,930,4,875,3,2010,961,9,"Knox County",470313,172.438354882812,0.131647082254531,197.740653564754,28.9169127793618,13.1647082254531
2021-10-11,76898,194,61565,136,15333,58,67027,149,438210,581,505237,730,3,871,12,2007,952,1,"Knox County",470313,188.172557424524,0.139908712046041,155.215781830398,41.249125582325,13.9908712046041
2021-10-10,76704,54,61429,41,15275,13,66878,51,437629,489,504507,540,0,868,4,1995,951,3,"Knox County",470313,186.258938196478,0.13326941514861,114.81715368276,11.481715368276,13.326941514861
2021-10-09,76650,66,61388,37,15262,29,66827,48,437140,490,503967,538,0,868,7,1991,948,4,"Knox County",470313,188.597806141867,0.1309724564362,114.391904965417,14.0332076723374,13.09724564362
2021-10-08,76584,288,61351,114,15233,174,66779,122,436650,936,503429,1058,-1,868,5,1984,944,4,"Knox County",470313,223.255576605367,0.131067078712961,224.956571474741,61.2358152974721,13.1067078712961
2021-10-07,76296,259,61237,170,15059,89,66657,176,435714,1106,502371,1282,6,869,9,1979,940,1,"Knox County",470313,237.501408636376,0.12691466083151,272.58442781722,55.0697088959905,12.691466083151
2021-10-06,76037,139,61067,103,14970,36,66481,112,434608,835,501089,947,1,863,4,1970,939,5,"Knox County",470313,241.54127145114,0.127302904564315,201.355267662174,29.5547858553772,12.7302904564315
2021-10-05,75898,210,60964,118,14934,92,66369,138,433773,915,500142,1053,3,862,4,1966,934,4,"Knox County",470313,257.275473992852,0.129472999349382,223.893449681382,44.6511153210734,12.9472999349382
2021-10-04,75688,314,60846,223,14842,91,66231,245,432858,829,499089,1074,3,859,4,1962,930,2,"Knox County",470313,282.790397033465,0.137399876771411,228.35856121349,66.7640486229383,13.7399876771411
2021-10-03,75374,101,60623,92,14751,9,65986,106,432029,677,498015,783,1,856,6,1958,928,1,"Knox County",470313,292.783741891039,0.140608760207869,166.484872840002,21.4750602258496,14.0608760207869
2021-10-02,75273,67,60531,43,14742,24,65880,50,431352,472,497232,522,5,855,2,1952,927,4,"Knox County",470313,292.99636624971,0.141241256139306,110.989915226668,14.2458320310091,14.1241256139306
2021-10-01,75206,225,60488,152,14718,73,65830,166,430880,965,496710,1131,0,850,9,1950,923,3,"Knox County",470313,279.601031653388,0.146201413427562,240.478149657781,47.8404807011501,14.6201413427562
2021-09-30,74981,239,60336,165,14645,74,65664,185,429915,1104,495579,1289,1,850,8,1941,920,2,"Knox County",470313,275.348544479953,0.147374613913811,274.072798327922,50.817221722555,14.7374613913811
2021-09-29,74742,360,60171,170,14571,190,65479,192,428811,1110,494290,1302,6,849,7,1933,918,3,"Knox County",470313,322.338527746416,0.151244059267543,276.836914990655,76.5447691218401,15.1244059267543
2021-09-28,74382,347,60001,248,14381,99,65287,268,427701,777,492988,1045,2,843,1,1926,915,3,"Knox County",470313,351.468064884449,0.1696053736356,222.192454812008,73.780652459107,16.96053736356
2021-09-27,74035,239,59753,162,14282,77,65019,186,426924,760,491943,946,7,841,12,1925,912,6,"Knox County",470313,335.521237984066,0.164291821031633,201.142643303502,50.817221722555,16.4291821031633
2021-09-26,73796,124,59591,99,14205,25,64833,117,426164,703,490997,820,2,834,1,1913,906,5,"Knox County",470313,340.411598233517,0.164989369241673,174.351974110858,26.3654204753005,16.4989369241673
2021-09-25,73672,110,59492,90,14180,20,64716,102,425461,705,490177,807,0,832,3,1912,901,7,"Knox County",470313,349.554445656403,0.16566757493188,171.587857448125,23.3886794538956,16.566757493188
2021-09-24,73562,244,59402,165,14160,79,64614,182,424756,938,489370,1120,13,832,5,1909,894,3,"Knox County",470313,353.594308471167,0.168099331423114,238.139281712392,51.8803435159139,16.8099331423114
2021-09-23,73318,354,59237,245,14081,109,64432,267,423818,1370,488250,1637,14,819,8,1904,891,3,"Knox County",470313,378.046109718422,0.17116060961313,348.066075145701,75.2690229698095,17.116060961313
2021-09-22,72964,251,58992,187,13972,64,64165,202,422448,1260,486613,1462,3,805,4,1896,888,9,"Knox County",470313,354.870054623198,0.168942197269363,310.85681237814,53.3687140266163,16.8942197269363
2021-09-21,72713,398,58805,216,13908,182,63963,229,421188,996,485151,1225,10,802,7,1892,879,4,"Knox County",470313,365.713896915458,0.160284395659224,260.464839372928,84.6244947513677,16.0284395659224
2021-09-20,72315,430,58589,309,13726,121,63734,341,420192,1295,483926,1636,5,792,9,1885,875,7,"Knox County",470313,406.325149421768,0.165384173653382,347.853450787029,91.4284742288646,16.5384173653382
2021-09-19,71885,120,58280,88,13605,32,63393,97,418897,432,482290,529,1,787,7,1876,868,8,"Knox County",470313,405.474651987081,0.168726235741445,112.478285737371,25.5149230406134,16.8726235741445
2021-09-18,71765,225,58192,182,13573,43,63296,196,418465,1075,481761,1271,0,786,7,1869,860,13,"Knox County",470313,429.926453234335,0.170495495495496,270.24555987183,47.8404807011501,17.0495495495495
2021-09-17,71540,546,58010,421,13530,125,63100,448,417390,1310,480490,1758,5,786,11,1862,847,5,"Knox County",470313,494.139009553212,0.187014078587939,373.793622544986,116.092899834791,18.7014078587939
2021-09-16,70994,586,57589,457,13405,129,62652,487,416080,1518,478732,2005,7,781,16,1851,842,3,"Knox County",470313,543.467860765065,0.202306291725673,426.311839136915,124.597874181662,20.2306291725673
2021-09-15,70408,339,57132,250,13276,89,62165,268,414562,807,476727,1075,6,774,5,1835,839,4,"Knox County",470313,562.178804328181,0.21749657858722,228.571185572162,72.0796575897328,21.749657858722
2021-09-14,70069,555,56882,443,13187,112,61897,476,413755,1406,475652,1882,12,768,8,1830,835,3,"Knox County",470313,595.560828639651,0.227747144545097,400.159043020287,118.006519062837,22.7747144545097
2021-09-13,69514,398,56439,298,13075,100,61421,331,412349,1134,473770,1465,20,756,15,1822,832,9,"Knox County",470313,588.756849162154,0.23064596895343,311.494685454155,84.6244947513677,23.064596895343
2021-09-12,69116,387,56141,358,12975,29,61090,376,411215,1460,472305,1836,0,736,5,1807,823,8,"Knox County",470313,645.527552927519,0.228657456606447,390.378322521385,82.2856268059781,22.8657456606447
2021-09-11,68729,863,55783,705,12946,158,60714,761,409755,2621,470469,3382,4,736,26,1802,815,10,"Knox County",470313,781.181893760113,0.23479817951205,719.095581027954,183.494821533745,23.479817951205
2021-09-10,67866,1024,55078,749,12788,275,59953,802,407134,2512,467087,3314,1,732,24,1776,805,7,"Knox County",470313,882.816337205223,0.234039708536667,704.637124638273,217.727343279901,23.4039708536667
2021-09-09,66842,309,54329,166,12513,143,59151,171,404622,685,463773,856,1,731,18,1752,798,5,"Knox County",470313,823.91938985314,0.230629978276611,182.006451023042,65.7009268295794,23.0629978276611
2021-09-08,66533,290,54163,226,12370,64,58980,250,403937,837,462917,1087,5,730,11,1734,793,6,"Knox County",470313,813.500796278223,0.229127477933729,231.122677876223,61.6610640148157,22.9127477933729
2021-09-07,66243,411,53937,299,12306,112,58730,311,403100,979,461830,1290,3,725,13,1723,787,1,"Knox County",470313,782.882888629487,0.226908541194255,274.285422686594,87.3886114141008,22.6908541194255
2021-09-06,65832,985,53638,785,12194,200,58419,841,402121,3220,460540,4061,1,722,20,1710,786,3,"Knox County",470313,907.693387169821,0.221913307215974,863.467520566091,209.434993291702,22.1913307215974
2021-09-05,64847,968,52853,800,11994,168,57578,831,398901,2998,456479,3829,2,721,15,1690,783,6,"Knox County",470313,1031.22813955812,0.222627532409226,814.138669354239,205.820379194281,22.2627532409226
2021-09-04,63879,541,52053,387,11826,154,56747,406,395903,1502,452650,1908,2,719,10,1675,777,4,"Knox County",470313,962.763096065812,0.220985010706638,405.687276345753,115.029778041432,22.0985010706638
2021-09-03,63338,334,51666,238,11672,96,56341,249,394401,909,450742,1158,5,717,8,1665,773,5,"Knox County",470313,816.052288582285,0.215589541193883,246.219007341919,71.0165357963739,21.5589541193883
2021-09-02,63004,323,51428,181,11576,142,56092,200,393492,680,449584,880,3,712,5,1657,768,3,"Knox County",470313,819.029029603689,0.217265883346232,187.109435631165,68.6776678509843,21.7265883346232
2021-09-01,62681,276,51247,212,11434,64,55892,226,392812,645,448704,871,2,709,2,1652,765,3,"Knox County",470313,816.052288582285,0.218904050868043,185.195816403119,58.6843229934108,21.8904050868043
2021-08-31,62405,596,51035,434,11370,162,55666,479,392167,1894,447833,2373,2,707,9,1650,762,4,"Knox County",470313,855.387794936564,0.214323607427056,504.55760312813,126.72411776838,21.4323607427056
2021-08-30,61809,513,50601,403,11208,110,55187,430,390273,1629,445460,2059,9,705,13,1641,758,6,"Knox County",470313,755.029097643484,0.215705765407555,437.793554505191,109.076295998622,21.5705765407555
2021-08-29,61296,482,50198,407,11098,75,54757,439,388644,1484,443401,1923,1,696,5,1628,752,7,"Knox County",470313,651.693659329,0.217418546365915,408.876641725829,102.484940879797,21.7418546365915
2021-08-28,60814,398,49791,303,11023,95,54318,321,387160,1065,441478,1386,0,695,4,1623,745,3,"Knox County",470313,621.288376038936,0.220093896713615,294.697361119085,84.6244947513677,22.0093896713615
2021-08-27,60416,472,49488,374,10928,98,53997,388,386095,1166,440092,1554,5,695,5,1619,742,1,"Knox County",470313,650.630537535641,0.224787253304364,330.418253375943,100.358697293079,22.4787253304364
2021-08-26,59944,448,49114,345,10830,103,53609,365,384929,1426,438538,1791,5,690,0,1614,741,5,"Knox County",470313,677.208582369613,0.221460232499791,380.810226381155,95.2557126849566,22.1460232499791
2021-08-25,59496,351,48769,225,10727,126,53244,236,383503,642,436747,878,2,685,4,1614,736,10,"Knox County",470313,693.155409269997,0.222166499498495,186.684186913821,74.6311498937941,22.2166499498495
2021-08-24,59145,341,48544,222,10601,119,53008,233,382861,677,435869,910,4,683,5,1610,726,0,"Knox County",470313,638.936197808693,0.229692410246643,193.488166391318,72.5049063070764,22.9692410246643
2021-08-23,58804,287,48322,207,10482,80,52775,227,382184,825,434959,1052,1,679,1,1605,726,4,"Knox County",470313,590.883092748871,0.232673267326733,223.680825322711,61.0231909388003,23.2673267326733
2021-08-22,58517,240,48115,217,10402,23,52548,233,381359,889,433907,1122,2,678,0,1604,722,2,"Knox County",470313,539.427997950301,0.230415276659381,238.564530429735,51.0298460812268,23.0415276659381
2021-08-21,58277,498,47898,376,10379,122,52315,411,380470,1903,432785,2314,0,676,8,1604,720,3,"Knox County",470313,560.690433817479,0.217544953747012,492.012765966495,105.886930618546,21.7544953747012
2021-08-20,57779,425,47522,331,10257,94,51904,357,378567,1148,430471,1505,0,676,6,1596,717,3,"Knox County",470313,550.697088959905,0.21541997492687,319.999659801026,90.3653524355057,21.541997492687
2021-08-19,57354,368,47191,254,10163,114,51547,264,377419,952,428966,1216,1,676,6,1590,714,0,"Knox County",470313,533.687140266163,0.217961542736468,258.551220144882,78.2457639912144,21.7961542736468
2021-08-18,56986,263,46937,193,10049,70,51283,200,376467,914,427750,1114,2,675,5,1584,714,0,"Knox County",470313,514.976196703047,0.208491281273692,236.863535560361,55.9202063306777,20.8491281273692
2021-08-17,56723,263,46744,181,9979,82,51083,197,375553,1042,426636,1239,0,673,5,1579,714,3,"Knox County",470313,498.391496726648,0.197552813218992,263.441580394333,55.9202063306777,19.7552813218992
2021-08-16,56460,184,46563,126,9897,58,50886,132,374511,421,425397,553,2,673,4,1574,711,0,"Knox County",470313,476.491187783455,0.197947699437272,117.581270345493,39.1228819956072,19.7947699437272
2021-08-15,56276,204,46437,181,9839,23,50754,198,374090,952,424844,1150,3,671,6,1570,711,1,"Knox County",470313,468.836710871271,0.193488065119349,244.518012472545,43.3753691690427,19.3488065119349
2021-08-14,56072,219,46256,147,9816,72,50556,154,373138,794,423694,948,0,668,4,1564,710,2,"Knox County",470313,409.514514801845,0.194433656957929,201.567892020846,46.5647345491194,19.4433656957929
2021-08-13,55853,266,46109,206,9744,60,50402,218,372344,1470,422746,1688,1,668,5,1560,708,3,"Knox County",470313,375.707241773032,0.172357106727365,358.909917437962,56.558079406693,17.2357106727365
2021-08-12,55587,222,45903,146,9684,76,50184,152,370874,643,421058,795,2,667,8,1555,705,2,"Knox County",470313,344.664085406952,0.167089622011487,169.036365144064,47.2026076251348,16.7089622011487
2021-08-11,55365,315,45757,237,9608,78,50032,248,370231,989,420263,1237,1,665,10,1547,703,3,"Knox County",470313,355.720552057885,0.170696452036794,263.01633167699,66.9766729816101,17.0696452036794
2021-08-10,55050,173,45520,110,9530,63,49784,121,369242,621,419026,742,1,664,2,1537,700,4,"Knox County",470313,336.584359777425,0.171938703781808,157.767274134459,36.7840140502176,17.1938703781808
2021-08-09,54877,197,45410,159,9467,38,49663,167,368621,752,418284,919,1,663,4,1535,696,1,"Knox County",470313,339.348476440158,0.168204305388421,195.401785619364,41.8869986583403,16.8204305388421
2021-08-08,54680,89,45251,67,9429,22,49496,75,367869,418,417365,493,1,662,5,1531,695,0,"Knox County",470313,314.896675192903,0.166373497508062,104.823808825187,18.9235679217883,16.6373497508062
2021-08-07,54591,105,45184,76,9407,29,49421,80,367451,638,416872,718,0,661,2,1526,695,0,"Knox County",470313,290.657498304321,0.160952669902913,152.664289526337,22.3255576605367,16.0952669902913
2021-08-06,54486,203,45108,147,9378,56,49341,163,366813,879,416154,1042,0,661,11,1524,695,1,"Knox County",470313,277.262163707999,0.169189371005718,221.554581735993,43.162744810371,16.9189371005718
2021-08-05,54283,173,44961,130,9322,43,49178,146,365934,850,415112,996,2,661,4,1513,694,2,"Knox County",470313,266.843570133082,0.162680982593135,211.773861237091,36.7840140502176,16.2680982593135
2021-08-04,54110,144,44831,101,9279,43,49032,104,365084,656,414116,760,1,659,4,1509,692,1,"Knox County",470313,230.484804800208,0.150970017636684,161.594512590551,30.6179076487361,15.0970017636684
2021-08-03,53966,238,44730,177,9236,61,48928,183,364428,813,413356,996,0,658,5,1505,691,3,"Knox County",470313,244.305388113873,0.154962862930452,211.773861237091,50.6045973638832,15.4962862930452
2021-08-02,53728,97,44553,75,9175,22,48745,82,363615,532,412360,614,2,658,3,1500,688,0,"Knox County",470313,223.042952246695,0.148247019042534,130.551356224472,20.6245627911625,14.8247019042534
2021-08-01,53631,105,44478,89,9153,16,48663,99,363083,526,411746,625,0,656,2,1497,688,2,"Knox County",470313,226.444941985444,0.149017562163102,132.890224169861,22.3255576605367,14.9017562163102
2021-07-31,53526,104,44389,64,9137,40,48564,68,362557,399,411121,467,1,656,6,1495,686,0,"Knox County",470313,226.232317626772,0.153636363636364,99.2955754997204,22.1129333018649,15.3636363636364
2021-07-30,53422,119,44325,84,9097,35,48496,91,362158,339,410654,430,1,655,0,1489,686,1,"Knox County",470313,208.371871498343,0.158142389525368,91.4284742288646,25.3022986819416,15.8142389525368
2021-07-29,53303,117,44241,65,9062,52,48405,68,361819,483,410224,551,0,654,1,1489,685,1,"Knox County",470313,196.464907412723,0.156425838397479,117.15602162815,24.877049964598,15.6425838397479
2021-07-28,53186,131,44176,90,9010,41,48337,95,361336,536,409673,631,0,654,4,1488,684,0,"Knox County",470313,193.70079074999,0.159017153453871,134.165970321892,27.8537909860029,15.9017153453871
2021-07-27,53055,118,44086,79,8969,39,48242,84,360800,499,409042,583,0,654,4,1484,684,0,"Knox County",470313,168.185867709377,0.150474237375032,123.960001105647,25.0896743232698,15.0474237375032
2021-07-26,52937,97,44007,73,8930,24,48158,78,360301,371,408459,449,1,654,4,1480,684,0,"Knox County",470313,168.185867709377,0.156049250535332,95.4683370436284,20.6245627911625,15.6049250535332
2021-07-25,52840,51,43934,43,8906,8,48080,44,359930,320,408010,364,3,653,5,1476,684,1,"Knox County",470313,156.7041523411,0.151942446043165,77.3952665565272,10.8438422922607,15.1942446043165
2021-07-24,52789,64,43891,43,8898,21,48036,44,359610,348,407646,392,0,650,1,1471,683,2,"Knox County",470313,148.199177994229,0.148235294117647,83.348748599337,13.6079589549938,14.8235294117647
2021-07-23,52725,56,43848,31,8877,25,47992,32,359262,321,407254,353,1,650,3,1470,681,1,"Knox County",470313,134.803843397907,0.133915136924466,75.0563986111377,11.9069640856196,13.3915136924466
2021-07-22,52669,94,43817,69,8852,25,47960,78,358941,474,406901,552,0,649,3,1467,680,0,"Knox County",470313,129.913483148456,0.136883273164862,117.368645986822,19.9866897151471,13.6883273164862
2021-07-21,52575,61,43748,47,8827,14,47882,46,358467,411,406349,457,1,649,1,1464,680,0,"Knox County",470313,115.029778041432,0.128888888888889,97.1693319130026,12.9700858789785,12.8888888888889
2021-07-20,52514,78,43701,43,8813,35,47836,45,358056,299,405892,344,0,648,3,1463,680,0,"Knox County",470313,106.524803694561,0.126073514256269,73.1427793830917,16.5846999763987,12.6073514256269
2021-07-19,52436,48,43658,36,8778,12,47791,42,357757,348,405548,390,0,648,0,1460,680,0,"Knox County",470313,96.1062101196437,0.116058906030856,82.9234998819935,10.2059692162454,11.6058906030856
2021-07-18,52388,36,43622,30,8766,6,47749,31,357409,271,405158,302,0,648,1,1460,680,1,"Knox County",470313,92.916844739567,0.113978494623656,64.212556318877,7.65447691218401,11.3978494623656
2021-07-17,52352,27,43592,20,8760,7,47718,21,357138,202,404856,223,0,648,1,1459,679,0,"Knox County",470313,85.0497434687113,0.112552460892789,47.4152319838065,5.74085768413801,11.2552460892789
2021-07-16,52325,37,43572,21,8753,16,47697,22,356936,291,404633,313,0,648,1,1458,679,0,"Knox County",470313,81.0098806539475,0.110422316931422,66.5514242642666,7.86710127085579,11.0422316931422
2021-07-15,52288,55,43551,42,8737,13,47675,44,356645,364,404320,408,-1,648,1,1457,679,0,"Knox County",470313,72.7175306657481,0.10299548625359,86.7507383380855,11.6943397269478,10.299548625359
2021-07-14,52233,21,43509,17,8724,4,47631,16,356281,269,403912,285,0,649,2,1456,679,0,"Knox County",470313,64.212556318877,0.0975717439293598,60.5979422214568,4.46511153210734,9.75717439293598
2021-07-13,52212,42,43492,26,8720,16,47615,29,356012,355,403627,384,3,649,3,1454,679,0,"Knox County",470313,56.558079406693,0.0889370932754881,81.6477537299628,8.93022306421468,8.89370932754881
2021-07-12,52170,27,43466,21,8704,6,47586,23,355657,270,403243,293,0,646,1,1451,679,1,"Knox County",470313,52.0929678745856,0.0842391304347826,62.298937090831,5.74085768413801,8.42391304347826
2021-07-11,52143,8,43445,3,8698,5,47563,4,355387,136,402950,140,0,646,0,1450,678,0,"Knox County",470313,46.1394858317759,0.0777126099706745,29.7674102140489,1.70099486937423,7.77126099706745
2021-07-10,52135,19,43442,15,8693,4,47559,15,355251,191,402810,206,0,646,1,1450,678,0,"Knox County",470313,44.4384909624016,0.0754066042385411,43.8006178863863,4.03986281476378,7.54066042385411
2021-07-09,52116,27,43427,21,8689,6,47544,21,355060,338,402604,359,0,646,0,1449,678,1,"Knox County",470313,42.3122473756839,0.0732530120481928,76.3321447631684,5.74085768413801,7.32530120481928
2021-07-08,52089,19,43406,14,8683,5,47523,16,354722,317,402245,333,0,646,0,1449,677,2,"Knox County",470313,34.6577704634998,0.062,70.8039114377021,4.03986281476378,6.2
2021-07-07,52070,18,43392,5,8678,13,47507,5,354405,333,401912,338,1,646,1,1449,675,0,"Knox County",470313,34.0198973874845,0.055041402825134,71.867033231061,3.82723845609201,5.5041402825134
2021-07-06,52052,24,43387,9,8665,15,47502,13,354072,263,401574,276,0,645,2,1448,675,0,"Knox County",470313,30.1926589313925,0.0498714652956298,58.6843229934108,5.10298460812268,4.98714652956298
2021-07-05,52028,10,43378,7,8650,3,47489,6,353809,105,401298,111,0,645,1,1446,675,0,"Knox County",470313,26.5780448339723,0.0453771979580261,23.6013038125674,2.12624358671778,4.53771979580261
2021-07-04,52018,8,43371,7,8647,1,47483,7,353704,143,401187,150,0,645,1,1445,675,0,"Knox County",470313,26.5780448339723,0.0468133107727016,31.8936538007667,1.70099486937423,4.68133107727016
2021-07-03,52010,9,43364,7,8646,2,47476,7,353561,184,401037,191,0,645,1,1444,675,0,"Knox County",470313,24.4518012472545,0.0426621160409556,40.6112525063096,1.913619228046,4.26621160409556
2021-07-02,52001,17,43357,13,8644,4,47469,17,353377,342,400846,359,-1,645,0,1443,675,0,"Knox County",470313,22.3255576605367,0.040386803185438,76.3321447631684,3.61461409742023,4.0386803185438
2021-07-01,51984,18,43344,15,8640,3,47452,17,353035,248,400487,265,-1,646,1,1443,675,0,"Knox County",470313,22.1129333018649,0.042603550295858,56.3454550480212,3.82723845609201,4.2603550295858
2021-06-30,51966,18,43329,12,8637,6,47435,11,352787,299,400222,310,0,647,0,1442,675,0,"Knox County",470313,22.1129333018649,0.0469314079422383,65.9135511882512,3.82723845609201,4.69314079422383
2021-06-29,51948,21,43317,16,8631,5,47424,19,352488,437,399912,456,0,647,1,1442,675,0,"Knox County",470313,21.4750602258496,0.0456026058631922,96.9567075543308,4.46511153210734,4.56026058631922
2021-06-28,51927,9,43301,2,8626,7,47405,2,352051,113,399456,115,0,647,0,1441,675,0,"Knox County",470313,21.2624358671778,0.0433369447453954,24.4518012472545,1.913619228046,4.33369447453954
2021-06-27,51918,5,43299,3,8619,2,47403,3,351938,151,399341,154,0,647,0,1441,675,0,"Knox County",470313,20.6245627911625,0.0410810810810811,32.7441512354538,1.06312179335889,4.10810810810811
2021-06-26,51913,3,43296,2,8617,1,47400,2,351787,206,399187,208,0,647,0,1441,675,0,"Knox County",470313,19.3488166391318,0.0380289234065345,44.2258666037299,0.637873076015334,3.80289234065345
2021-06-25,51910,13,43294,9,8616,4,47398,11,351581,311,398979,322,0,647,0,1441,675,0,"Knox County",470313,18.4983192044447,0.0355191256830601,68.4650434923126,2.76411666273312,3.55191256830601
2021-06-24,51897,14,43285,9,8612,5,47387,10,351270,364,398657,374,1,647,1,1441,675,1,"Knox County",470313,17.6478217697576,0.0299123259412068,79.521510143245,2.97674102140489,2.99123259412068
2021-06-23,51883,13,43276,6,8607,7,47377,8,350906,282,398283,290,0,646,0,1440,674,1,"Knox County",470313,16.5846999763987,0.0286607608129234,61.6610640148157,2.76411666273312,2.86607608129234
2021-06-22,51870,14,43270,5,8600,9,47369,5,350624,247,397993,252,2,646,1,1440,673,1,"Knox County",470313,15.0963294656962,0.0239067055393586,53.5813383852881,2.97674102140489,2.39067055393586
2021-06-21,51856,9,43265,8,8591,1,47364,9,350377,289,397741,298,0,644,1,1439,672,0,"Knox County",470313,15.0963294656962,0.0252897787144362,63.3620588841899,1.913619228046,2.52897787144363
2021-06-20,51847,3,43257,2,8590,1,47355,3,350088,161,397443,164,1,644,0,1438,672,0,"Knox County",470313,14.6710807483527,0.0251572327044025,34.8703948221716,0.637873076015334,2.51572327044025
2021-06-19,51844,3,43255,1,8589,2,47352,1,349927,191,397279,192,0,643,0,1438,672,0,"Knox County",470313,14.6710807483527,0.0248414376321353,40.8238768649814,0.637873076015334,2.48414376321353
2021-06-18,51841,5,43254,3,8587,2,47351,3,349736,283,397087,286,1,643,0,1438,672,0,"Knox County",470313,12.9700858789785,0.0210129310344828,60.8105665801286,1.06312179335889,2.10129310344828
2021-06-17,51836,12,43251,8,8585,4,47348,9,349453,515,396801,524,0,642,0,1438,672,1,"Knox County",470313,12.5448371616349,0.0189431704885344,111.415163944012,2.55149230406134,1.89431704885344
2021-06-16,51824,7,43243,4,8581,3,47339,4,348938,362,396277,366,1,642,0,1438,671,0,"Knox County",470313,11.2690910096042,0.0163304514889529,77.8205152738708,1.48837051070245,1.63304514889529
2021-06-15,51817,13,43239,9,8578,4,47335,14,348576,428,395911,442,0,641,0,1438,671,0,"Knox County",470313,11.0564666509325,0.0189260563380282,93.9799665329259,2.76411666273312,1.89260563380282
2021-06-14,51804,7,43230,2,8574,5,47321,3,348148,259,395469,262,1,641,0,1438,671,0,"Knox County",470313,10.6312179335889,0.0165474060822898,55.7075819720059,1.48837051070245,1.65474060822898
2021-06-13,51797,3,43228,3,8569,0,47318,4,347889,128,395207,132,0,640,1,1438,671,0,"Knox County",470313,10.6312179335889,0.0172413793103448,28.0664153446747,0.637873076015334,1.72413793103448
2021-06-12,51794,2,43225,1,8569,1,47314,1,347761,226,395075,227,0,640,0,1437,671,1,"Knox County",470313,10.4185935749171,0.0169718624385887,48.2657294184936,0.425248717343556,1.69718624385887
2021-06-11,51792,7,43224,3,8568,4,47313,2,347535,317,394848,319,0,640,0,1437,670,1,"Knox County",470313,10.8438422922607,0.0162852112676056,67.8271704162972,1.48837051070245,1.62852112676056
2021-06-10,51785,7,43221,4,8564,3,47311,5,347218,358,394529,363,0,640,0,1437,669,0,"Knox County",470313,9.7807204989018,0.0156324017053529,77.1826421978555,1.48837051070245,1.56324017053529
2021-06-09,51778,2,43217,1,8561,1,47306,1,346860,367,394166,368,1,640,0,1437,669,1,"Knox County",470313,8.7175987055429,0.0141978230004733,78.2457639912144,0.425248717343556,1.41978230004733
2021-06-08,51776,5,43216,3,8560,2,47305,4,346493,266,393798,270,1,639,0,1437,668,1,"Knox County",470313,7.01660383616868,0.0103039670273055,57.4085768413801,1.06312179335889,1.03039670273055
2021-06-07,51771,16,43213,10,8558,6,47301,10,346227,316,393528,326,0,638,2,1437,667,0,"Knox County",470313,8.93022306421468,0.0134663341645885,69.3155409269997,3.40198973874845,1.34663341645885
2021-06-06,51755,4,43203,2,8552,2,47291,2,345911,178,393202,180,0,638,0,1435,667,1,"Knox County",470313,9.14284742288646,0.0121773015099854,38.2723845609201,0.850497434687113,1.21773015099854
2021-06-05,51751,5,43201,2,8550,3,47289,3,345733,258,393022,261,0,638,0,1435,666,0,"Knox County",470313,9.7807204989018,0.0129372304743651,55.4949576133341,1.06312179335889,1.29372304743651
2021-06-04,51746,7,43199,2,8547,5,47286,3,345475,325,392761,328,1,638,0,1435,666,0,"Knox County",470313,9.7807204989018,0.0133587786259542,69.7407896443432,1.48837051070245,1.33587786259542
2021-06-03,51739,7,43197,4,8542,3,47283,6,345150,458,392433,464,0,637,0,1435,666,0,"Knox County",470313,9.7807204989018,0.0131998179335457,98.6577024237051,1.48837051070245,1.31998179335457
2021-06-02,51732,20,43193,7,8539,13,47277,6,344692,282,391969,288,0,637,1,1435,666,0,"Knox County",470313,13.6079589549938,0.0160604629192253,61.2358152974721,4.25248717343556,1.60604629192253
2021-06-01,51712,12,43186,9,8526,3,47271,10,344410,291,391681,301,0,637,1,1434,666,0,"Knox County",470313,15.0963294656962,0.0186219739292365,63.9999319602052,2.55149230406134,1.86219739292365
2021-05-31,51700,17,43177,14,8523,3,47261,12,344119,353,391380,365,0,637,0,1433,666,0,"Knox County",470313,15.308953824368,0.0192043895747599,77.607890915199,3.61461409742023,1.92043895747599
2021-05-30,51683,3,43163,1,8520,2,47249,1,343766,203,391015,204,0,637,0,1433,666,1,"Knox County",470313,15.0963294656962,0.018543645409317,43.3753691690427,0.637873076015334,1.8543645409317
2021-05-29,51680,14,43162,8,8518,6,47248,6,343563,199,390811,205,0,637,1,1433,665,2,"Knox County",470313,17.0099486937423,0.0204176334106729,43.5879935277145,2.97674102140489,2.04176334106729
2021-05-28,51666,11,43154,6,8512,5,47242,10,343364,390,390606,400,0,637,1,1432,663,0,"Knox County",470313,17.8604461284294,0.0229007633587786,85.0497434687113,2.33886794538956,2.29007633587786
2021-05-27,51655,23,43148,8,8507,15,47232,9,342974,341,390206,350,0,637,1,1431,663,0,"Knox County",470313,21.2624358671778,0.0255560814008519,74.4185255351224,4.8903602494509,2.55560814008519
2021-05-26,51632,16,43140,8,8492,8,47223,11,342633,572,389856,583,0,637,0,1430,663,0,"Knox County",470313,20.4119384324907,0.0245016611295681,123.960001105647,3.40198973874845,2.45016611295681
2021-05-25,51616,18,43132,8,8484,10,47212,7,342061,311,389273,318,0,637,1,1430,663,0,"Knox County",470313,21.6876845845214,0.0230927835051546,67.6145460576254,3.82723845609201,2.30927835051546
2021-05-24,51598,25,43124,21,8474,4,47205,24,341750,425,388955,449,0,637,1,1429,663,1,"Knox County",470313,23.3886794538956,0.027102431247509,95.4683370436284,5.31560896679445,2.7102431247509
2021-05-23,51573,16,43103,8,8470,8,47181,8,341325,225,388506,233,1,637,1,1428,662,1,"Knox County",470313,26.1527961166287,0.0295508274231678,49.5414755705243,3.40198973874845,2.95508274231678
2021-05-22,51557,8,43095,4,8462,4,47173,4,341100,269,388273,273,0,636,0,1427,661,0,"Knox County",470313,24.877049964598,0.0280122793553338,58.0464499173954,1.70099486937423,2.80122793553338
2021-05-21,51549,16,43091,12,8458,4,47169,13,340831,377,388000,390,0,636,1,1427,661,1,"Knox County",470313,25.9401717579569,0.0292758089368259,82.9234998819935,3.40198973874845,2.92758089368259
2021-05-20,51533,34,43079,26,8454,8,47156,27,340454,594,387610,621,0,636,1,1426,660,1,"Knox County",470313,28.2790397033465,0.0327868852459016,132.039726735174,7.22922819484046,3.27868852459016
2021-05-19,51499,14,43053,6,8446,8,47129,6,339860,544,386989,550,0,636,1,1425,659,0,"Knox County",470313,27.8537909860029,0.0314043754410727,116.943397269478,2.97674102140489,3.14043754410727
2021-05-18,51485,24,43047,14,8438,10,47123,14,339316,444,386439,458,1,636,0,1424,659,1,"Knox County",470313,29.1295371380336,0.0322797579018157,97.3819562716744,5.10298460812268,3.22797579018157
2021-05-17,51461,15,43033,8,8428,7,47109,8,338872,420,385981,428,0,635,0,1424,658,0,"Knox County",470313,27.0032935513158,0.0270910938029123,91.003225511521,3.18936538007667,2.70910938029123
2021-05-16,51446,22,43025,13,8421,9,47101,12,338452,272,385553,284,1,635,1,1424,658,1,"Knox County",470313,28.2790397033465,0.0279627163781625,60.385317862785,4.67773589077912,2.79627163781625
2021-05-15,51424,23,43012,13,8412,10,47089,17,338180,336,385269,353,0,634,2,1423,657,1,"Knox County",470313,31.4684050834232,0.0314526588845655,75.0563986111377,4.8903602494509,3.14526588845655
2021-05-14,51401,36,42999,25,8402,11,47072,26,337844,498,384916,524,0,634,4,1421,656,0,"Knox County",470313,35.7208922568587,0.0341827221876942,111.415163944012,7.65447691218401,3.41827221876942
2021-05-13,51365,31,42974,17,8391,14,47046,17,337346,376,384392,393,0,634,0,1417,656,0,"Knox County",470313,35.0830191808434,0.0334448160535117,83.5613729580088,6.59135511882512,3.34448160535117
2021-05-12,51334,34,42957,28,8377,6,47029,26,336970,506,383999,532,0,634,0,1417,656,0,"Knox County",470313,39.335506354279,0.0403768506056528,113.116158813386,7.22922819484046,4.03768506056528
2021-05-11,51300,36,42929,30,8371,6,47003,31,336464,555,383467,586,0,634,4,1417,656,0,"Knox County",470313,41.8869986583403,0.0441935483870968,124.597874181662,7.65447691218401,4.41935483870968
2021-05-10,51264,21,42899,14,8365,7,46972,13,335909,277,382881,290,1,634,1,1413,656,1,"Knox County",470313,43.162744810371,0.0479405806887238,61.6610640148157,4.46511153210734,4.79405806887238
2021-05-09,51243,17,42885,14,8358,3,46959,17,335632,369,382591,386,0,633,1,1412,655,0,"Knox County",470313,42.0996230170121,0.047976501305483,82.0730024473064,3.61461409742023,4.7976501305483
2021-05-08,51226,20,42871,11,8355,9,46942,14,335263,307,382205,321,0,633,1,1411,655,0,"Knox County",470313,41.4617499409967,0.0474934036939314,68.2524191336408,4.25248717343556,4.74934036939314
2021-05-07,51206,43,42860,31,8346,12,46928,33,334956,576,381884,609,0,633,0,1410,655,0,"Knox County",470313,42.9501204516992,0.0484440166827077,129.488234431113,9.14284742288646,4.84440166827077
2021-05-06,51163,40,42829,26,8334,14,46895,28,334380,340,381275,368,1,633,0,1410,655,1,"Knox County",470313,44.8637396797452,0.0523932729624838,78.2457639912144,8.50497434687113,5.23932729624838
2021-05-05,51123,51,42803,32,8320,19,46867,38,334040,585,380907,623,0,632,4,1410,654,0,"Knox County",470313,48.4783537771654,0.0546654099905749,132.464975452518,10.8438422922607,5.46654099905749
2021-05-04,51072,50,42771,32,8301,18,46829,34,333455,536,380284,570,0,632,0,1406,654,0,"Knox County",470313,51.4550947985703,0.0558888538048626,121.195884442914,10.6312179335889,5.58888538048626
2021-05-03,51022,24,42739,9,8283,15,46795,7,332919,309,379714,316,1,632,1,1406,654,1,"Knox County",470313,52.0929678745856,0.053554650798622,67.1892973402819,5.10298460812268,5.3554650798622
2021-05-02,50998,25,42730,18,8268,7,46788,20,332610,288,379398,308,0,631,2,1405,653,0,"Knox County",470313,53.7939627439599,0.0558587479935795,65.4883024709077,5.31560896679445,5.58587479935795
2021-05-01,50973,45,42712,35,8261,10,46768,37,332322,450,379090,487,0,631,2,1403,653,0,"Knox County",470313,59.1095717107543,0.060042669917708,103.548062673156,9.56809614023002,6.0042669917708
2021-04-30,50928,58,42677,30,8251,28,46731,29,331872,567,378603,596,0,631,3,1401,653,1,"Knox County",470313,62.298937090831,0.0590575275397797,126.72411776838,12.3322128029631,5.90575275397797
2021-04-29,50870,54,42647,34,8223,20,46702,35,331305,571,378007,606,0,631,2,1398,652,0,"Knox County",470313,65.2756781122359,0.0570450656018254,128.850361355098,11.481715368276,5.70450656018254
2021-04-28,50816,47,42613,28,8203,19,46667,34,330734,543,377401,577,4,631,1,1396,652,2,"Knox County",470313,64.4251806775488,0.0566473988439306,122.684254953616,9.99334485757357,5.66473988439306
2021-04-27,50769,39,42585,17,8184,22,46633,20,330191,392,376824,412,1,627,2,1395,650,1,"Knox County",470313,62.0863127321592,0.0551181102362205,87.6012357727726,8.29234998819935,5.51181102362205
2021-04-26,50730,69,42568,36,8162,33,46613,40,329799,480,376412,520,1,626,0,1393,649,2,"Knox County",470313,71.6544088723892,0.0613234455219624,110.564666509325,14.6710807483527,6.13234455219624
2021-04-25,50661,38,42532,25,8129,13,46573,26,329319,341,375892,367,0,625,3,1393,647,0,"Knox County",470313,74.4185255351224,0.0619915848527349,78.0331396325426,8.07972562952757,6.19915848527349
2021-04-24,50623,35,42507,22,8116,13,46547,28,328978,509,375525,537,0,625,3,1390,647,1,"Knox County",470313,72.2922819484046,0.0586445366528354,114.179280606745,7.44185255351224,5.86445366528354
2021-04-23,50588,43,42485,31,8103,12,46519,36,328469,553,374988,589,0,625,2,1387,646,1,"Knox County",470313,69.1029165683279,0.0606984478935698,125.235747257677,9.14284742288646,6.06984478935698
2021-04-22,50545,79,42454,62,8091,17,46483,65,327916,787,374399,852,1,625,1,1385,645,1,"Knox County",470313,74.4185255351224,0.0646081992734821,181.155953588355,16.7973243350705,6.46081992734821
2021-04-21,50466,62,42392,34,8074,28,46418,35,327129,479,373547,514,1,624,1,1384,644,1,"Knox County",470313,77.607890915199,0.065945660775521,109.288920357294,13.1827102376502,6.5945660775521
2021-04-20,50404,38,42358,34,8046,4,46383,38,326650,474,373033,512,1,623,1,1383,643,1,"Knox County",470313,77.3952665565272,0.0688768953996402,108.86367163995,8.07972562952757,6.88768953996402
2021-04-19,50366,65,42324,41,8042,24,46345,39,326176,336,372521,375,0,622,0,1382,642,0,"Knox County",470313,76.5447691218401,0.0712760277629471,79.7341345019168,13.8205833136656,7.12760277629471
2021-04-18,50301,38,42283,27,8018,11,46306,32,325840,364,372146,396,0,622,1,1382,642,1,"Knox County",470313,76.5447691218401,0.072317880794702,84.1992460340241,8.07972562952757,7.2317880794702
2021-04-17,50263,37,42256,18,8007,19,46274,23,325476,335,371750,358,0,622,1,1381,641,0,"Knox County",470313,76.9700178391837,0.0745272525027809,76.1195204044966,7.86710127085579,7.45272525027809
2021-04-16,50226,345,42238,329,7988,16,46251,368,325141,2088,371392,2456,1,622,4,1380,641,1,"Knox County",470313,141.182574158061,0.109829763866008,522.205424897887,73.3554037417635,10.9829763866008
2021-04-15,49881,86,41909,54,7972,32,45883,55,323053,577,368936,632,1,621,0,1376,640,1,"Knox County",470313,142.670944668763,0.112530993705894,134.378594680564,18.2856948457729,11.2530993705894
2021-04-14,49795,85,41855,60,7940,25,45828,61,322476,684,368304,745,0,620,3,1376,639,0,"Knox County",470313,147.561304918214,0.112531969309463,158.405147210475,18.0730704871011,11.2531969309463
2021-04-13,49710,68,41795,38,7915,30,45767,43,321792,339,367559,382,-5,620,1,1373,639,0,"Knox County",470313,153.940035678367,0.116205089820359,81.2225050126193,14.4584563896809,11.6205089820359
2021-04-12,49642,63,41757,43,7885,20,45724,50,321453,360,367177,410,1,625,0,1372,639,1,"Knox County",470313,153.514786961024,0.117493957984756,87.175987055429,13.395334596322,11.7493957984756
2021-04-11,49579,26,41714,14,7865,12,45674,14,321093,296,366767,310,2,624,0,1372,638,0,"Knox County",470313,150.963294656962,0.116002267145286,65.9135511882512,5.52823332546623,11.6002267145286
2021-04-10,49553,50,41700,33,7853,17,45660,41,320797,571,366457,612,0,622,1,1372,638,1,"Knox County",470313,153.727411319696,0.113935460609338,130.126107507128,10.6312179335889,11.3935460609338
2021-04-09,49503,82,41667,62,7836,20,45619,71,320226,620,365845,691,5,622,2,1371,637,0,"Knox County",470313,97.807204989018,0.0885774722369117,146.923431842199,17.4351974110858,8.85774722369117
2021-04-08,49421,49,41605,26,7816,23,45548,26,319606,465,365154,491,-6,617,0,1369,637,1,"Knox County",470313,89.9401037181622,0.0840428453721505,104.398560107843,10.4185935749171,8.40428453721505
2021-04-07,49372,77,41579,54,7793,23,45522,57,319141,767,364663,824,2,623,1,1369,636,0,"Knox County",470313,88.2391088487879,0.0811827956989247,175.202471545545,16.3720756177269,8.11827956989247
2021-04-06,49295,75,41525,41,7770,34,45465,45,318374,419,363839,464,2,621,0,1368,636,0,"Knox County",470313,89.7274793594904,0.0799579168858496,98.6577024237051,15.9468269003834,7.99579168858495
2021-04-05,49220,44,41484,32,7736,12,45420,35,317955,266,363375,301,0,619,3,1368,636,2,"Knox County",470313,85.6876165447266,0.0782561603032765,63.9999319602052,9.35547178155824,7.82561603032765
2021-04-04,49176,49,41452,31,7724,18,45385,40,317689,341,363074,381,3,619,0,1365,634,1,"Knox County",470313,90.5779767941775,0.0836875664187035,81.0098806539475,10.4185935749171,8.36875664187035
2021-04-03,49127,81,41421,64,7706,17,45345,71,317348,593,362693,664,0,616,0,1365,633,3,"Knox County",470313,97.1693319130026,0.0904088050314465,141.182574158061,17.222573052414,9.04088050314465
2021-04-02,49046,74,41357,44,7689,30,45274,45,316755,529,362029,574,0,616,2,1365,630,2,"Knox County",470313,95.4683370436284,0.0862395241957286,122.046381877601,15.7342025417116,8.62395241957286
2021-04-01,48972,76,41313,64,7659,12,45229,67,316226,580,361455,647,1,616,1,1363,628,0,"Knox County",470313,101.209194727766,0.0933852140077821,137.56796006064,16.1594512590551,9.33852140077821
2021-03-31,48896,87,41249,66,7647,21,45162,72,315646,765,360808,837,3,615,2,1362,628,2,"Knox County",470313,103.335438314484,0.0969493278179938,177.966588208278,18.4983192044447,9.69493278179938
2021-03-30,48809,56,41183,32,7626,24,45090,38,314881,460,359971,498,1,612,2,1360,626,2,"Knox County",470313,99.2955754997204,0.0943106099436187,105.886930618546,11.9069640856196,9.43106099436187
2021-03-29,48753,42,41151,21,7602,21,45052,22,314421,399,359473,421,5,611,0,1358,624,1,"Knox County",470313,98.8703267823768,0.0882645450024863,89.5148550008186,8.93022306421468,8.82645450024863
2021-03-28,48711,80,41130,46,7581,34,45030,49,314022,484,359052,533,2,606,5,1358,623,1,"Knox County",470313,105.461681901202,0.0872065165309056,113.328783172058,17.0099486937423,8.72065165309056
2021-03-27,48631,43,41084,40,7547,3,44981,42,313538,442,358519,484,0,604,2,1353,622,2,"Knox County",470313,97.3819562716744,0.0838758137205809,102.910189597141,9.14284742288646,8.38758137205809
2021-03-26,48588,79,41044,54,7544,25,44939,60,313096,416,358035,476,0,604,2,1351,620,2,"Knox County",470313,98.4450780650333,0.0898357289527721,101.209194727766,16.7973243350705,8.98357289527721
2021-03-25,48509,87,40990,63,7519,24,44879,67,312680,570,357559,637,0,604,4,1349,618,1,"Knox County",470313,100.783946010423,0.0900669068450849,135.441716473923,18.4983192044447,9.00669068450849
2021-03-24,48422,123,40927,93,7495,30,44812,95,312110,780,356922,875,1,604,3,1345,617,1,"Knox County",470313,108.438422922607,0.0950560652395515,186.046313837806,26.1527961166287,9.50560652395515
2021-03-23,48299,88,40834,58,7465,30,44717,63,311330,530,356047,593,1,603,3,1342,616,1,"Knox County",470313,115.242402400104,0.0990296093555611,126.086244692364,18.7109435631165,9.90296093555611
2021-03-22,48211,113,40776,78,7435,35,44654,80,310800,516,355454,596,2,602,1,1339,615,0,"Knox County",470313,130.3387318658,0.108726752503577,126.72411776838,24.0265525299109,10.8726752503577
2021-03-21,48098,50,40698,33,7400,17,44574,34,310284,330,354858,364,-2,600,1,1338,615,1,"Knox County",470313,123.960001105647,0.109565217391304,77.3952665565272,10.6312179335889,10.9565217391304
2021-03-20,48048,59,40665,29,7383,30,44540,33,309954,315,354494,348,0,602,4,1337,614,0,"Knox County",470313,127.361990844395,0.111082540498843,73.9932768177788,12.5448371616349,11.1082540498843
2021-03-19,47989,146,40636,102,7353,44,44507,117,309639,955,354146,1072,3,602,3,1333,614,1,"Knox County",470313,141.607822875404,0.109030100334448,227.933312496146,31.0431563660796,10.9030100334448
2021-03-18,47843,68,40534,50,7309,18,44390,66,308684,627,353074,693,2,599,1,1330,613,0,"Knox County",470313,137.56796006064,0.107465316009689,147.348680559542,14.4584563896809,10.7465316009689
2021-03-17,47775,46,40484,36,7291,10,44324,41,308057,498,352381,539,1,597,3,1329,613,2,"Knox County",470313,121.195884442914,0.10321046373365,114.604529324088,9.7807204989018,10.321046373365
2021-03-16,47729,128,40448,84,7281,44,44283,100,307559,698,351842,798,0,596,3,1326,611,1,"Knox County",470313,129.700858789785,0.106802721088435,169.674238220079,27.2159179099876,10.6802721088435
2021-03-15,47601,44,40364,28,7237,16,44183,39,306861,290,351044,329,1,596,1,1323,610,1,"Knox County",470313,115.029778041432,0.103789524499155,69.953414003015,9.35547178155824,10.3789524499155
2021-03-14,47557,60,40336,38,7221,22,44144,46,306571,405,350715,451,0,595,0,1322,609,0,"Knox County",470313,117.15602162815,0.104491725768322,95.893585760972,12.7574615203067,10.4491725768322
2021-03-13,47497,71,40298,34,7199,37,44098,41,306166,623,350264,664,1,595,1,1322,609,2,"Knox County",470313,119.707513932211,0.098988121425429,141.182574158061,15.0963294656962,9.8988121425429
2021-03-12,47426,63,40264,60,7162,3,44057,67,305543,691,349600,758,0,594,1,1321,607,2,"Knox County",470313,102.059692162454,0.0945179584120983,161.169263873208,13.395334596322,9.45179584120983
2021-03-11,47363,81,40204,54,7159,27,43990,65,304852,627,348842,692,2,594,0,1320,605,1,"Knox County",470313,104.823808825187,0.0943039470574332,147.13605620087,17.222573052414,9.43039470574332
2021-03-10,47282,95,40150,72,7132,23,43925,82,304225,1001,348150,1083,2,592,0,1320,604,0,"Knox County",470313,115.242402400104,0.0921465968586387,230.272180441536,20.1993140738189,9.21465968586387
2021-03-09,47187,80,40078,50,7109,30,43843,55,303224,597,347067,652,0,590,2,1320,604,5,"Knox County",470313,105.036433183858,0.0853316050982934,138.631081853999,17.0099486937423,8.53316050982934
2021-03-08,47107,85,40028,57,7079,28,43788,63,302627,411,346415,474,1,590,0,1318,599,2,"Knox County",470313,113.754031889401,0.0877670716380394,100.783946010423,18.0730704871011,8.77670716380394
2021-03-07,47022,64,39971,40,7051,24,43725,42,302216,327,345941,369,0,589,0,1318,597,0,"Knox County",470313,114.604529324088,0.0884484228473998,78.4583883498861,13.6079589549938,8.84484228473998
2021-03-06,46958,125,39931,87,7027,38,43683,95,301889,848,345572,943,0,589,1,1318,597,0,"Knox County",470313,126.086244692364,0.0943472138402736,200.504770227487,26.5780448339723,9.43472138402736
2021-03-05,46833,70,39844,44,6989,26,43588,49,301041,520,344629,569,2,589,2,1317,597,2,"Knox County",470313,127.574615203067,0.0943120033458804,120.983260084242,14.8837051070245,9.43120033458804
2021-03-04,46763,113,39800,86,6963,27,43539,100,300521,1094,344060,1194,5,587,2,1315,595,2,"Knox County",470313,134.378594680564,0.0919757759273278,253.873484254103,24.0265525299109,9.19757759273278
2021-03-03,46650,73,39714,32,6936,41,43439,38,299427,497,342866,535,1,582,4,1313,593,1,"Knox County",470313,129.700858789785,0.0933277027027027,113.754031889401,15.5215781830398,9.33277027027027
2021-03-02,46577,133,39682,91,6895,42,43401,99,298930,807,342331,906,-1,581,2,1309,592,5,"Knox County",470313,140.969949799389,0.0973947895791583,192.637668956631,28.2790397033465,9.73947895791583
2021-03-01,46444,59,39591,33,6853,26,43302,35,298123,165,341425,200,1,582,1,1307,587,0,"Knox County",470313,135.441716473923,0.0971162001696353,42.5248717343556,12.5448371616349,9.71162001696353
2021-02-28,46385,77,39558,53,6827,24,43267,63,297958,563,341225,626,2,581,2,1306,587,1,"Knox County",470313,138.205833136656,0.0963201286949527,133.102848528533,16.3720756177269,9.63201286949527
2021-02-27,46308,82,39505,47,6803,35,43204,59,297395,670,340599,729,1,579,3,1304,586,1,"Knox County",470313,129.062985713769,0.0930867829375919,155.003157471726,17.4351974110858,9.30867829375919
2021-02-26,46226,106,39458,69,6768,37,43145,80,296725,505,339870,585,5,578,1,1301,585,0,"Knox County",470313,136.717462625953,0.0992670157068063,124.38524982299,22.5381820192085,9.92670157068063
2021-02-25,46120,131,39389,92,6731,39,43065,98,296220,1029,339285,1127,2,573,5,1300,585,1,"Knox County",470313,140.544701082045,0.100254885301614,239.627652223094,27.8537909860029,10.0254885301614
2021-02-24,45989,102,39297,72,6692,30,42967,79,295191,969,338158,1048,2,571,2,1295,584,1,"Knox County",470313,146.710807483527,0.0982570388814403,222.830327888024,21.6876845845214,9.82570388814403
2021-02-23,45887,119,39225,65,6662,54,42888,71,294222,758,337110,829,5,569,6,1293,583,2,"Knox County",470313,143.734066462122,0.0942846034214619,176.265593338904,25.3022986819416,9.42846034214619
2021-02-22,45768,62,39160,33,6608,29,42817,38,293464,306,336281,344,3,564,3,1287,581,2,"Knox County",470313,144.371939538137,0.0922844175491679,73.1427793830917,13.1827102376502,9.22844175491679
2021-02-21,45706,82,39127,41,6579,41,42779,45,293158,499,335937,544,2,561,3,1284,579,3,"Knox County",470313,145.435061331496,0.0902804456396466,115.667651117447,17.4351974110858,9.02804456396466
2021-02-20,45624,137,39086,98,6538,39,42734,115,292659,1007,335393,1122,1,559,2,1281,576,1,"Knox County",470313,157.129401058444,0.0939453473834613,238.564530429735,29.1295371380336,9.39453473834613
2021-02-19,45487,94,38988,42,6499,52,42619,48,291652,274,334271,322,1,558,2,1279,575,2,"Knox County",470313,154.577908754383,0.0925787106446777,68.4650434923126,19.9866897151471,9.25787106446777
2021-02-18,45393,154,38946,110,6447,44,42571,119,291378,987,333949,1106,4,557,5,1277,573,6,"Knox County",470313,159.468269003834,0.09689557855127,235.162540690987,32.7441512354538,9.689557855127
2021-02-17,45239,114,38836,68,6403,46,42452,76,290391,891,332843,967,1,553,4,1272,567,3,"Knox County",470313,162.019761307895,0.0978219335116546,205.607754835609,24.2391768885827,9.78219335116546
2021-02-16,45125,145,38768,89,6357,56,42376,102,289500,818,331876,920,2,552,4,1268,564,0,"Knox County",470313,167.547994633361,0.101971830985915,195.614409978036,30.8305320074078,10.1971830985915
2021-02-15,44980,76,38679,36,6301,40,42274,44,288682,312,330956,356,2,550,1,1264,564,1,"Knox County",470313,170.524735654766,0.102866779089376,75.694271687153,16.1594512590551,10.2866779089376
2021-02-14,44904,164,38643,134,6261,30,42230,134,288370,706,330600,840,2,548,5,1263,563,1,"Knox County",470313,187.959933065852,0.113261139712409,178.604461284294,34.8703948221716,11.3261139712409
2021-02-13,44740,133,38509,89,6231,44,42096,105,287664,870,329760,975,4,546,6,1258,562,4,"Knox County",470313,187.109435631165,0.114473204520598,207.308749704984,28.2790397033465,11.4473204520598
2021-02-12,44607,179,38420,114,6187,65,41991,123,286794,996,328785,1119,3,542,3,1252,558,1,"Knox County",470313,205.182506118266,0.111889224892567,237.92665735372,38.0597602022483,11.1889224892567
2021-02-11,44428,163,38306,113,6122,50,41868,117,285798,1132,327666,1249,5,539,5,1249,557,2,"Knox County",470313,207.096125346312,0.109088079676315,265.567823981051,34.6577704634998,10.9088079676315
2021-02-10,44265,148,38193,106,6072,42,41751,112,284666,1032,326417,1144,7,534,6,1244,555,2,"Knox County",470313,214.325353541152,0.111615932152052,243.242266320514,31.4684050834232,11.1615932152052
2021-02-09,44117,210,38087,155,6030,55,41639,161,283634,1022,325273,1183,0,527,6,1238,553,5,"Knox County",470313,228.145936854818,0.115933585785028,251.534616308714,44.6511153210734,11.5933585785028
2021-02-08,43907,104,37932,69,5975,35,41478,72,282612,371,324090,443,4,527,2,1232,548,3,"Knox County",470313,234.099418897628,0.118509995685316,94.1925908915977,22.1129333018649,11.8509995685316
2021-02-07,43803,109,37863,76,5940,33,41406,83,282241,716,323647,799,1,523,2,1230,545,1,"Knox County",470313,222.40507917068,0.111834490740741,169.886862578751,23.1760550952238,11.1834490740741
2021-02-06,43694,304,37787,176,5907,128,41323,197,281525,1396,322848,1593,2,522,6,1228,544,4,"Knox County",470313,258.763844503554,0.114873837981408,338.710603364143,64.6378050362206,11.4873837981408
2021-02-05,43390,175,37611,129,5779,46,41126,143,280129,727,321255,870,8,520,4,1222,540,3,"Knox County",470313,257.913347068867,0.121549237742068,184.983192044447,37.2092627675612,12.1549237742068
2021-02-04,43215,201,37482,150,5733,51,40983,159,279402,1581,320385,1740,2,512,7,1218,537,8,"Knox County",470313,265.993072698394,0.119274318064848,369.966384088894,42.7374960930274,11.9274318064848
2021-02-03,43014,230,37332,165,5682,65,40824,172,277821,1634,318645,1806,5,510,7,1211,529,0,"Knox County",470313,283.42827010948,0.117026322029879,383.999591761231,48.903602494509,11.7026322029879
2021-02-02,42784,90,37167,69,5617,21,40652,77,276187,291,316839,368,7,505,1,1204,529,2,"Knox County",470313,257.913347068867,0.118519490746817,78.2457639912144,19.13619228046,11.8519490746817
2021-02-01,42694,153,37098,82,5596,71,40575,97,275896,425,316471,522,4,498,2,1203,527,3,"Knox County",470313,268.331940643784,0.120550792413614,110.989915226668,32.5315268767821,12.0550792413614
2021-01-31,42541,175,37016,121,5525,54,40478,129,275471,939,315949,1068,7,494,4,1201,524,2,"Knox County",470313,282.365148316121,0.122254298983306,227.082815061459,37.2092627675612,12.2254298983306
2021-01-30,42366,276,36895,232,5471,44,40349,250,274532,1518,314881,1768,7,487,9,1197,522,6,"Knox County",470313,276.411666273312,0.126136084500123,375.919866131704,58.6843229934108,12.6136084500123
2021-01-29,42090,101,36663,52,5427,49,40099,62,273014,376,313113,438,4,480,1,1188,516,5,"Knox County",470313,260.6774637316,0.122697795071336,93.1294690982388,21.4750602258496,12.2697795071336
2021-01-28,41989,158,36611,117,5378,41,40037,128,272638,656,312675,784,9,476,6,1187,511,4,"Knox County",470313,251.534616308714,0.135475273911756,166.697497198674,33.594648670141,13.5475273911756
2021-01-27,41831,169,36494,124,5337,45,39909,125,271982,893,311891,1018,12,467,3,1181,507,4,"Knox County",470313,238.564530429735,0.145491116325846,216.45159712787,35.9335166155305,14.5491116325846
2021-01-26,41662,234,36370,173,5292,61,39784,193,271089,1041,310873,1234,3,455,8,1178,503,7,"Knox County",470313,269.182438078471,0.144028103044496,262.378458600974,49.7540999291961,14.4028103044496
2021-01-25,41428,157,36197,105,5231,52,39591,115,270048,415,309639,530,9,452,1,1170,496,4,"Knox County",470313,270.032935513158,0.146491228070175,112.690910096042,33.3820243114692,14.6491228070175
2021-01-24,41271,154,36092,102,5179,52,39476,109,269633,790,309109,899,4,443,2,1169,492,5,"Knox County",470313,265.567823981051,0.147204317193824,191.149298445929,32.7441512354538,14.7204317193824
2021-01-23,41117,309,35990,222,5127,87,39367,231,268843,1492,308210,1723,7,439,7,1167,487,4,"Knox County",470313,272.58442781722,0.145336552973136,366.351769991474,65.7009268295794,14.5336552973136
2021-01-22,40808,177,35768,141,5040,36,39136,175,267351,1172,306487,1347,3,432,8,1160,483,8,"Knox County",470313,288.743879076275,0.142800265428003,286.405011130885,37.6345114849047,14.2800265428003
2021-01-21,40631,267,35627,194,5004,73,38961,203,266179,1080,305140,1283,11,429,6,1152,475,6,"Knox County",470313,311.919934171499,0.143266118994274,272.797052175891,56.7707037653648,14.3266118994274
2021-01-20,40364,193,35433,132,4931,61,38758,131,265099,736,303857,867,10,418,8,1146,469,10,"Knox County",470313,317.022918779621,0.146771533680071,184.345318968432,41.0365012236532,14.6771533680071
2021-01-19,40171,311,35301,196,4870,115,38627,218,264363,956,302990,1174,8,408,14,1138,459,3,"Knox County",470313,333.394994397348,0.151092931100601,249.620997080668,66.126175546923,15.1092931100601
2021-01-18,39860,129,35105,80,4755,49,38409,87,263407,472,301816,559,7,400,4,1124,456,9,"Knox County",470313,327.441512354538,0.14696892511462,118.857016497524,27.4285422686594,14.696892511462
2021-01-17,39731,181,35025,138,4706,43,38322,151,262935,690,301257,841,3,393,8,1120,447,6,"Knox County",470313,333.182370038676,0.153451372850911,178.817085642965,38.4850089195918,15.3451372850911
2021-01-16,39550,419,34887,339,4663,80,38171,388,262245,1757,300416,2145,1,390,7,1112,441,8,"Knox County",470313,356.571049492572,0.164678675754625,456.079249350964,89.089606283475,16.4678675754625
2021-01-15,39131,187,34548,149,4583,38,37783,153,260488,755,298271,908,0,389,4,1105,433,10,"Knox County",470313,358.69729307929,0.171145685997171,193.062917673975,39.7607550716225,17.1145685997171
2021-01-14,38944,336,34399,266,4545,70,37630,290,259733,1480,297363,1770,6,389,8,1101,423,7,"Knox County",470313,373.368373827642,0.171587608906099,376.345114849047,71.4417845137175,17.1587608906099
2021-01-13,38608,248,34133,200,4475,48,37340,206,258253,946,295593,1152,12,383,6,1093,416,2,"Knox County",470313,385.06271355459,0.174640308808048,244.943261189888,52.730840950601,17.4640308808048
2021-01-12,38360,331,33933,260,4427,71,37134,282,257307,1180,294441,1462,10,371,6,1087,414,5,"Knox County",470313,389.315200728026,0.176191015050356,310.85681237814,70.3786627203586,17.6191015050356
2021-01-11,38029,244,33673,197,4356,47,36852,228,256127,726,292979,954,4,361,5,1081,409,6,"Knox County",470313,413.76700197528,0.18392547660312,202.843638172876,51.8803435159139,18.392547660312
2021-01-10,37785,328,33476,205,4309,123,36624,222,255401,1013,292025,1235,5,357,17,1076,403,6,"Knox County",470313,445.022782700032,0.183773114481612,262.591082959646,69.7407896443432,18.3773114481612
2021-01-09,37457,473,33271,391,4186,82,36402,426,254388,1383,290790,1809,5,352,11,1059,397,2,"Knox County",470313,456.504498068308,0.194510226049516,384.637464837247,100.571321651751,19.4510226049516
2021-01-08,36984,456,32880,368,4104,88,35976,389,253005,1432,288981,1821,7,347,6,1048,395,8,"Knox County",470313,513.700450551016,0.200235224933843,387.188957141308,96.9567075543308,20.0235224933843
2021-01-07,36528,388,32512,345,4016,43,35587,354,251573,1309,287160,1663,10,340,10,1042,387,3,"Knox County",470313,524.756917201948,0.208696513470681,353.594308471167,82.4982511646499,20.8696513470681
2021-01-06,36140,493,32167,360,3973,133,35233,376,250264,1187,285497,1563,9,330,15,1032,384,9,"Knox County",470313,576.849885076534,0.216712667745313,332.331872603989,104.823808825187,21.6712667745313
2021-01-05,35647,518,31807,327,3840,191,34857,345,249077,1192,283934,1537,14,321,14,1017,375,6,"Knox County",470313,616.610640148157,0.221130221130221,326.803639278523,110.139417791981,22.1130221130221
2021-01-04,35129,322,31480,228,3649,94,34512,249,247885,654,282397,903,6,307,6,1003,369,8,"Knox County",470313,633.195340124555,0.224195233121261,191.999795880616,68.4650434923126,22.4195233121261
2021-01-03,34807,284,31252,182,3555,102,34263,195,247231,608,281494,803,2,301,10,997,361,9,"Knox County",470313,623.839868342997,0.231111991286266,170.737360013438,60.385317862785,23.1111991286266
2021-01-02,34523,422,31070,319,3453,103,34068,345,246623,1095,280691,1440,0,299,22,987,352,4,"Knox County",470313,612.996026050736,0.231551901336074,306.179076487361,89.7274793594904,23.1551901336074
2021-01-01,34101,419,30751,349,3350,70,33723,374,245528,1297,279251,1671,2,299,8,965,348,6,"Knox County",470313,605.128924779881,0.233611691022965,355.295303340541,89.089606283475,23.3611691022965
2020-12-31,33682,449,30402,312,3280,137,33349,322,244231,929,277580,1251,12,297,8,957,342,3,"Knox County",470313,618.099010658859,0.240619546247819,265.993072698394,95.4683370436284,24.0619546247819
2020-12-30,33233,363,30090,248,3143,115,33027,271,243302,931,276329,1202,6,285,9,949,339,4,"Knox County",470313,590.457844031528,0.238560236175769,255.574479123477,77.1826421978555,23.8560236175769
2020-12-29,32870,590,29842,398,3028,192,32756,420,242371,1081,275127,1501,7,279,14,940,335,8,"Knox County",470313,605.766797855896,0.248090297571543,319.149162366339,125.448371616349,24.8090297571543
2020-12-28,32280,252,29444,174,2836,78,32336,185,241290,565,273626,750,4,272,4,926,327,5,"Knox County",470313,590.883092748871,0.245068461359944,159.468269003834,53.5813383852881,24.5068461359944
2020-12-27,32028,230,29270,156,2758,74,32151,172,240725,489,272876,661,3,268,8,922,322,7,"Knox County",470313,579.401377380595,0.246460594620104,140.544701082045,48.903602494509,24.6460594620104
2020-12-26,31798,359,29114,289,2684,70,31979,329,240236,1063,272215,1392,0,265,10,914,315,6,"Knox County",470313,566.006042784273,0.245965828191742,295.973107271115,76.3321447631684,24.5965828191742
2020-12-25,31439,353,28825,287,2614,66,31650,308,239173,1070,270823,1378,1,265,5,904,309,7,"Knox County",470313,551.972835111936,0.246711739397664,292.99636624971,75.0563986111377,24.6711739397664
2020-12-24,31086,351,28538,277,2548,74,31342,311,238103,1273,269445,1584,5,264,8,899,302,7,"Knox County",470313,531.135647962102,0.235710911667454,336.796984136097,74.6311498937941,23.5710911667454
2020-12-23,30735,472,28261,351,2474,121,31031,371,236830,1411,267861,1782,6,259,9,891,295,6,"Knox County",470313,554.311703057326,0.231653404067197,378.896607153109,100.358697293079,23.1653404067197
2020-12-22,30263,530,27910,392,2353,138,30660,432,235419,1470,266079,1902,7,253,15,882,289,6,"Knox County",470313,541.554241537019,0.223092390729178,404.411530193722,112.690910096042,22.3092390729178
2020-12-21,29733,442,27518,361,2215,81,30228,391,233949,1422,264177,1813,2,246,5,867,283,3,"Knox County",470313,581.952869684657,0.220129375951294,385.487962271934,93.9799665329259,22.0129375951294
2020-12-20,29291,514,27157,431,2134,83,29837,478,232527,2245,262364,2723,2,244,7,862,280,6,"Knox County",470313,642.338187547442,0.208366470494672,578.976128663252,109.288920357294,20.8366470494672
2020-12-19,28777,525,26726,441,2051,84,29359,489,230282,1445,259641,1934,6,242,14,855,274,7,"Knox County",470313,677.633831086957,0.211954864287893,411.215509671219,111.627788302684,21.1954864287893
2020-12-18,28252,480,26285,420,1967,60,28870,430,228837,1358,257707,1788,4,236,11,841,267,6,"Knox County",470313,704.637124638273,0.214549756025432,380.172353305139,102.059692162454,21.4549756025433
2020-12-17,27772,733,25865,635,1907,98,28440,663,227479,1898,255919,2561,11,232,11,830,261,4,"Knox County",470313,785.859629650892,0.224367372267807,544.530982558424,155.853654906413,22.4367372267807
2020-12-16,27039,564,25230,453,1809,111,27777,472,225581,1729,253358,2201,8,221,11,819,257,4,"Knox County",470313,805.421070648696,0.224835812893714,467.986213436584,119.920138290883,22.4835812893714
2020-12-15,26475,765,24777,675,1698,90,27305,716,223852,2415,251157,3131,2,213,15,808,253,8,"Knox County",470313,855.387794936564,0.225311126246053,665.726867001337,162.65763438391,22.5311126246053
2020-12-14,25710,472,24102,411,1608,61,26589,461,221437,1624,248026,2085,6,211,7,793,245,8,"Knox County",470313,861.766525696717,0.225841807221579,443.321787830657,100.358697293079,22.584180722158
2020-12-13,25238,628,23691,572,1547,56,26128,754,219813,2935,245941,3689,2,205,10,786,237,6,"Knox County",470313,886.0057025853,0.229167864742078,784.37125914019,133.528097245877,22.9167864742078
2020-12-12,24610,464,23119,392,1491,72,25374,454,216878,2171,242252,2625,3,203,19,776,231,4,"Knox County",470313,873.035616706321,0.218473451327434,558.138941513418,98.6577024237051,21.8473451327434
2020-12-11,24146,557,22727,523,1419,34,24920,429,214707,1406,239627,1835,6,200,10,757,227,2,"Knox County",470313,889.407692324048,0.21785182324709,390.165698162713,118.43176778018,21.785182324709
2020-12-10,23589,473,22204,415,1385,58,24491,538,213301,1910,237792,2448,8,194,9,747,225,10,"Knox County",470313,834.125359069386,0.212279338292439,520.504430028513,100.571321651751,21.2279338292439
2020-12-09,23116,407,21789,337,1327,70,23953,359,211391,924,235344,1283,2,186,13,738,215,3,"Knox County",470313,800.743334757917,0.217068320074871,272.797052175891,86.5381139794137,21.7068320074871
2020-12-08,22709,491,21452,446,1257,45,23594,538,210467,2077,234061,2615,9,184,10,725,212,2,"Knox County",470313,742.484260481849,0.213088057901086,556.0126979267,104.398560107843,21.3088057901086
2020-12-07,22218,323,21006,271,1212,52,23056,317,208390,1135,231446,1452,3,175,6,715,210,3,"Knox County",470313,710.803231039754,0.212516460776322,308.730568791422,68.6776678509843,21.2516460776322
2020-12-06,21895,332,20735,291,1160,41,22739,187,207255,668,229994,855,6,172,6,709,207,4,"Knox County",470313,647.866420872908,0.215206283840464,181.79382666437,70.5912870790304,21.5206283840464
2020-12-05,21563,289,20444,263,1119,26,22552,213,206587,714,229139,927,2,166,8,703,203,2,"Knox County",470313,610.657158105347,0.22610600087604,197.102780488738,61.4484396561439,22.610600087604
2020-12-04,21274,354,20181,322,1093,32,22339,297,205873,1091,228212,1388,5,164,11,695,201,5,"Knox County",470313,567.494413294976,0.223285922684172,295.122609836428,75.2690229698095,22.3285922684172
2020-12-03,20920,441,19859,424,1061,17,22042,448,204782,1215,226824,1663,2,159,10,684,196,2,"Knox County",470313,560.690433817479,0.231660610821958,353.594308471167,93.7673421742542,23.1660610821958
2020-12-02,20479,192,19435,170,1044,22,21594,185,203567,575,225161,760,2,157,7,674,194,5,"Knox County",470313,514.976196703047,0.226190476190476,161.594512590551,40.8238768649814,22.6190476190476
2020-12-01,20287,403,19265,380,1022,23,21409,409,202992,1832,224401,2241,5,155,7,667,189,3,"Knox County",470313,496.26525313993,0.221408572043937,476.491187783455,85.6876165447266,22.1408572043937
2020-11-30,19884,385,18885,371,999,14,21000,436,201160,1815,222160,2251,1,150,3,660,186,3,"Knox County",470313,509.44796337758,0.215666831928607,478.617431370173,81.8603780886346,21.5666831928607
2020-11-29,19499,226,18514,218,985,8,20564,260,199345,1464,219909,1724,0,149,5,657,183,6,"Knox County",470313,486.909781358372,0.205221836771955,366.564394350146,48.0531050598219,20.5221836771955
2020-11-28,19273,270,18296,256,977,14,20304,299,197881,1967,218185,2266,0,149,8,652,177,4,"Knox County",470313,482.869918543608,0.189864150329456,481.806796750249,57.4085768413801,18.9864150329456
2020-11-27,19003,235,18040,215,963,20,20005,249,195914,1247,215919,1496,3,149,12,644,173,3,"Knox County",470313,457.567619861667,0.184339972582856,318.08604057298,49.9667242878679,18.4339972582856
2020-11-26,18768,344,17825,341,943,3,19756,441,194667,1429,214423,1870,4,146,5,632,170,6,"Knox County",470313,436.943057070504,0.180758248730964,397.607550716225,73.1427793830917,18.0758248730964
2020-11-25,18424,219,17484,193,940,26,19315,123,193238,325,212553,448,0,142,3,627,164,2,"Knox County",470313,442.683914754642,0.18030253741054,95.2557126849566,46.5647345491194,18.030253741054
2020-11-24,18205,153,17291,130,914,23,19192,116,192913,673,212105,789,2,142,6,624,162,2,"Knox County",470313,389.527825086698,0.177425304315751,167.760618992033,32.5315268767821,17.7425304315751
2020-11-23,18052,167,17161,147,891,20,19076,100,192240,391,211316,491,3,140,7,618,160,7,"Knox County",470313,343.17571489625,0.174812857771907,104.398560107843,35.508267898187,17.4812857771907
2020-11-22,17885,220,17014,212,871,8,18976,258,191849,1804,210825,2062,2,137,5,611,153,2,"Knox County",470313,341.899968744219,0.168329441732116,438.431427581207,46.7773589077912,16.8329441732116
2020-11-21,17665,173,16802,169,863,4,18718,198,190045,1465,208763,1663,0,135,4,606,151,2,"Knox County",470313,321.275405953057,0.168386438371697,353.594308471167,36.7840140502176,16.8386438371697
2020-11-20,17492,178,16633,169,859,9,18520,163,188580,791,207100,954,7,135,5,602,149,4,"Knox County",470313,309.155817508765,0.169022592726833,202.843638172876,37.8471358435765,16.9022592726833
2020-11-19,17314,166,16464,148,850,18,18357,128,187789,663,206146,791,2,128,4,597,145,5,"Knox County",470313,271.308681665189,0.15087524312309,168.185867709377,35.2956435395152,15.087524312309
2020-11-18,17148,168,16316,163,832,5,18229,179,187126,874,205355,1053,0,126,7,593,140,2,"Knox County",470313,260.464839372928,0.146353966423171,223.893449681382,35.7208922568587,14.6353966423171
2020-11-17,16980,248,16153,240,827,8,18050,260,186252,1033,204302,1293,9,126,7,586,138,1,"Knox County",470313,280.664153446747,0.154809197062718,274.923295762609,52.730840950601,15.4809197062718
2020-11-16,16732,272,15913,261,819,11,17790,286,185219,1409,203009,1695,2,117,6,579,137,2,"Knox County",470313,302.989711107284,0.154768163179476,360.398287948664,57.8338255587237,15.4768163179476
2020-11-15,16460,274,15652,247,808,27,17504,295,183810,2278,201314,2573,2,115,3,573,135,4,"Knox County",470313,314.47142647556,0.150568748752744,547.082474862485,58.2590742760672,15.0568748752744
2020-11-14,16186,306,15405,293,781,13,17209,321,181532,1699,198741,2020,0,113,7,570,131,3,"Knox County",470313,342.750466178906,0.157240581944311,429.501204516992,65.0630537535641,15.7240581944311
2020-11-13,15880,219,15112,200,768,19,16888,190,179833,965,196721,1155,4,113,6,563,128,1,"Knox County",470313,351.468064884449,0.156805293005671,245.581134265904,46.5647345491194,15.6805293005671
2020-11-12,15661,143,14912,130,749,13,16698,136,178868,955,195566,1091,1,109,3,557,127,2,"Knox County",470313,346.577704634998,0.153216911764706,231.97317531091,30.4052832900643,15.3216911764706
2020-11-11,15518,191,14782,177,736,14,16562,191,177913,1229,194475,1420,3,108,7,554,125,2,"Knox County",470313,351.468064884449,0.149284253578732,301.926589313925,40.6112525063096,14.9284253578732
2020-11-10,15327,168,14605,163,722,5,16371,186,176684,1131,193055,1317,2,105,4,547,123,2,"Knox County",470313,334.458116190707,0.142400851743412,280.026280370732,35.7208922568587,14.2400851743412
2020-11-09,15159,135,14442,121,717,14,16185,131,175553,490,191738,621,1,103,2,543,121,2,"Knox County",470313,305.328579052673,0.142198685888006,132.039726735174,28.70428842069,14.2198685888006
2020-11-08,15024,215,14321,203,703,12,16054,252,175063,2624,191117,2876,1,102,3,541,119,5,"Knox County",470313,292.783741891039,0.134,611.507655540034,45.7142371144323,13.4
2020-11-07,14809,169,14118,161,691,8,15802,187,172439,1918,188241,2105,1,101,5,538,114,0,"Knox County",470313,263.654204753005,0.120264525271611,447.574275004093,35.9335166155305,12.0264525271611
2020-11-06,14640,155,13957,138,683,17,15615,160,170521,1235,186136,1395,0,100,5,533,114,3,"Knox County",470313,250.046245798011,0.114826789838337,296.61098034713,32.9567755941256,11.4826789838337
2020-11-05,14485,158,13819,142,666,16,15455,151,169286,613,184741,764,1,100,6,528,111,1,"Knox County",470313,253.235611178088,0.119832349018861,162.445010025239,33.594648670141,11.9832349018861
2020-11-04,14327,145,13677,133,650,12,15304,148,168673,934,183977,1082,-1,99,5,522,110,2,"Knox County",470313,243.454890679186,0.119586614173228,230.059556082864,30.8305320074078,11.9586614173228
2020-11-03,14182,196,13544,183,638,13,15156,195,167739,837,182895,1032,3,100,5,517,108,1,"Knox County",470313,249.408372721996,0.123949367088608,219.428338149275,41.6743742996685,12.3949367088608
2020-11-02,13986,116,13361,110,625,6,14961,115,166902,806,181863,921,1,97,2,512,107,2,"Knox County",470313,245.368509907232,0.118722358722359,195.827034336708,24.6644256059263,11.8722358722359
2020-11-01,13870,124,13251,116,619,8,14846,131,166096,1273,180942,1404,0,96,3,510,105,2,"Knox County",470313,226.0196932681,0.124899459956337,298.524599575177,26.3654204753005,12.4899459956337
2020-10-31,13746,5,13135,5,611,0,14715,7,164823,4,179538,11,0,96,0,507,103,1,"Knox County",470313,191.149298445929,0.137237100922984,2.33886794538956,1.06312179335889,13.7237100922984
2020-10-30,13741,156,13130,146,611,10,14708,148,164819,854,179527,1002,1,96,4,507,102,0,"Knox County",470313,191.3619228046,0.143983268983269,213.049607389122,33.1693999527974,14.3983268983269
2020-10-29,13585,152,12984,138,601,14,14560,136,163965,1569,178525,1705,0,95,4,503,102,1,"Knox County",470313,190.08617665257,0.122956546038843,362.524531535382,32.3189025181103,12.2956546038843
2020-10-28,13433,103,12846,96,587,7,14424,102,162396,1055,176820,1157,3,95,8,499,101,1,"Knox County",470313,181.155953588355,0.115320796460177,246.006382983247,21.9003089431931,11.5320796460177
2020-10-27,13330,119,12750,113,580,6,14322,127,161341,799,175663,926,1,92,3,491,100,2,"Knox County",470313,164.783877970628,0.107493685096829,196.890156130067,25.3022986819416,10.7493685096829
2020-10-26,13211,81,12637,74,574,7,14195,73,160542,372,174737,445,2,91,2,488,98,0,"Knox County",470313,157.342025417116,0.108872180451128,94.6178396089413,17.222573052414,10.8872180451128
2020-10-25,13130,132,12563,121,567,11,14122,151,160170,1365,174292,1516,0,89,3,486,98,1,"Knox County",470313,159.04302028649,0.11002661934339,322.338527746416,28.0664153446747,11.002661934339
2020-10-24,12998,172,12442,167,556,5,13971,202,158805,1788,172776,1990,0,89,5,483,97,1,"Knox County",470313,194.551288184677,0.107424779773481,423.122473756839,36.5713896915458,10.7424779773481
2020-10-23,12826,159,12275,148,551,11,13769,172,157017,1239,170786,1411,1,89,5,478,96,0,"Knox County",470313,195.189161260692,0.105245901639344,300.012970085879,33.8072730288127,10.5245901639344
2020-10-22,12667,182,12127,168,540,14,13597,169,155778,1607,169375,1776,1,88,5,473,96,0,"Knox County",470313,201.567892020846,0.108014315150201,377.620861001078,38.6976332782636,10.8014315150201
2020-10-21,12485,72,11959,68,526,4,13428,74,154171,682,167599,756,0,87,1,468,96,1,"Knox County",470313,194.976536902021,0.109750566893424,160.744015155864,15.308953824368,10.9750566893424
2020-10-20,12413,127,11891,121,522,6,13354,150,153489,739,166843,889,0,87,7,467,95,1,"Knox County",470313,196.677531771395,0.112831606512581,189.023054859211,27.0032935513158,11.2831606512581
2020-10-19,12286,112,11770,107,516,5,13204,117,152750,939,165954,1056,1,87,6,460,94,0,"Knox County",470313,203.26888689022,0.110176708537364,224.531322757398,23.8139281712392,11.0176708537364
2020-10-18,12174,140,11663,135,511,5,13087,168,151811,1431,164898,1599,0,86,7,454,94,1,"Knox County",470313,204.969881759594,0.111005592487074,339.986349516173,29.7674102140489,11.1005592487074
2020-10-17,12034,128,11528,125,506,3,12919,154,150380,1458,163299,1612,1,86,3,447,93,1,"Knox County",470313,195.614409978036,0.110341795801736,342.750466178906,27.2159179099876,11.0341795801736
2020-10-16,11906,72,11403,71,503,1,12765,61,148922,390,161687,451,1,85,3,444,92,2,"Knox County",470313,177.116090773591,0.109718638653397,95.893585760972,15.308953824368,10.9718638653397
2020-10-15,11834,74,11332,62,502,12,12704,66,148532,941,161236,1007,1,84,3,441,90,2,"Knox County",470313,154.152660037039,0.10719131614654,214.112729182481,15.7342025417116,10.719131614654
2020-10-14,11760,149,11270,143,490,6,12638,150,147591,1086,160229,1236,0,83,5,438,88,0,"Knox County",470313,170.524735654766,0.11031847133758,262.803707318318,31.6810294420949,11.031847133758
2020-10-13,11611,71,11127,68,484,3,12488,63,146505,581,158993,644,1,83,6,433,88,1,"Knox County",470313,158.617771569146,0.102432610124918,136.930086984625,15.0963294656962,10.2432610124918
2020-10-12,11540,79,11059,66,481,13,12425,87,145924,806,158349,893,0,82,5,427,87,2,"Knox County",470313,151.601167732978,0.100644987906477,189.873552293898,16.7973243350705,10.0644987906477
2020-10-11,11461,170,10993,163,468,7,12338,179,145118,1612,157456,1791,0,82,8,422,85,0,"Knox County",470313,157.979898493131,0.0995546240503013,380.810226381155,36.1461409742023,9.95546240503013
2020-10-10,11291,130,10830,122,461,8,12159,132,143506,1393,155665,1525,0,82,3,414,85,0,"Knox County",470313,158.405147210475,0.0977872002120048,324.252146974462,27.6411666273312,9.77872002120048
2020-10-09,11161,120,10708,118,453,2,12027,134,142113,1336,154140,1470,0,82,3,411,85,0,"Knox County",470313,168.61111642672,0.0946766285314032,312.557807247514,25.5149230406134,9.46766285314032
2020-10-08,11041,110,10590,102,451,8,11893,103,140777,943,152670,1046,1,82,4,408,85,0,"Knox County",470313,176.265593338904,0.0985473561882626,222.40507917068,23.3886794538956,9.85473561882626
2020-10-07,10931,104,10488,88,443,16,11790,95,139834,1649,151624,1744,0,81,5,404,85,1,"Knox County",470313,166.697497198674,0.087018544935806,370.816881523581,22.1129333018649,8.7018544935806
2020-10-06,10827,115,10400,102,427,13,11695,114,138185,1392,149880,1506,0,81,4,399,84,0,"Knox County",470313,176.052968980232,0.0846115288220551,320.212284159698,24.4518012472545,8.46115288220551
2020-10-05,10712,118,10298,109,414,9,11581,123,136793,1238,148374,1361,0,81,5,395,84,2,"Knox County",470313,184.345318968432,0.0842669730920234,289.38175215229,25.0896743232698,8.42669730920234
2020-10-04,10594,96,10189,89,405,7,11458,99,135555,1827,147013,1926,1,81,2,390,82,0,"Knox County",470313,168.61111642672,0.0756286632633768,409.514514801845,20.4119384324907,7.56286632633768
2020-10-03,10498,77,10100,76,398,1,11359,92,133728,1864,145087,1956,0,80,2,388,82,0,"Knox County",470313,157.342025417116,0.0690344263784177,415.893245561998,16.3720756177269,6.90344263784177
2020-10-02,10421,82,10024,79,397,3,11267,82,131864,602,143131,684,0,80,1,386,82,0,"Knox County",470313,149.262299787588,0.0692556001173824,145.435061331496,17.4351974110858,6.92556001173824
2020-10-01,10339,71,9945,68,394,3,11185,73,131262,683,142447,756,0,80,1,385,82,0,"Knox County",470313,140.969949799389,0.0682573240712776,160.744015155864,15.0963294656962,6.82573240712776
2020-09-30,10268,75,9877,72,391,3,11112,70,130579,675,141691,745,1,80,2,384,82,0,"Knox County",470313,134.803843397907,0.0730915603313186,158.405147210475,15.9468269003834,7.30915603313186
2020-09-29,10193,80,9805,75,388,5,11042,87,129904,1140,140946,1227,-1,79,2,382,82,1,"Knox County",470313,127.361990844395,0.0723281340265742,260.890088090272,17.0099486937423,7.23281340265742
2020-09-28,10113,57,9730,51,383,6,10955,49,128764,431,139719,480,1,80,3,380,81,2,"Knox County",470313,114.391904965417,0.0710059171597633,102.059692162454,12.1195884442914,7.10059171597633
2020-09-27,10056,72,9679,67,377,5,10906,79,128333,978,139239,1057,0,79,3,377,79,0,"Knox County",470313,109.288920357294,0.0770456191165822,224.74394711607,15.308953824368,7.70456191165822
2020-09-26,9984,127,9612,122,372,5,10827,136,127355,2087,138182,2223,4,79,5,374,79,0,"Knox County",470313,119.920138290883,0.0803123257110987,472.663949327363,27.0032935513158,8.03123257110987
2020-09-25,9857,102,9490,100,367,2,10691,103,125268,1439,135959,1542,0,75,1,369,79,3,"Knox County",470313,124.172625464318,0.074346201743462,327.866761071882,21.6876845845214,7.4346201743462
2020-09-24,9755,92,9390,89,365,3,10588,105,123829,1715,134417,1820,0,75,3,368,76,0,"Knox County",470313,128.637736996426,0.0691664833956455,386.976332782636,19.5614409978036,6.91664833956455
2020-09-23,9663,53,9301,52,362,1,10483,49,122114,432,132597,481,2,75,2,365,76,0,"Knox County",470313,123.960001105647,0.0688561721404304,102.272316521125,11.2690910096042,6.88561721404304
2020-09-22,9610,82,9249,75,361,7,10434,88,121682,1141,132116,1229,1,73,3,363,76,0,"Knox County",470313,124.38524982299,0.0689538043478261,261.315336807615,17.4351974110858,6.89538043478261
2020-09-21,9528,34,9174,30,354,4,10346,32,120541,379,130887,411,0,72,2,360,76,0,"Knox County",470313,119.494889573539,0.067556772794705,87.3886114141008,7.22922819484046,6.7556772794705
2020-09-20,9494,97,9144,78,350,19,10314,88,120162,707,130476,795,0,72,1,358,76,2,"Knox County",470313,124.810498540334,0.0706975649923538,169.036365144064,20.6245627911625,7.06975649923538
2020-09-19,9397,132,9066,129,331,3,10226,136,119455,1466,129681,1602,1,72,5,357,74,0,"Knox County",470313,125.873620333693,0.0762690355329949,340.624222592189,28.0664153446747,7.62690355329949
2020-09-18,9265,118,8937,114,328,4,10090,129,117989,1606,128079,1735,3,71,3,352,74,0,"Knox County",470313,129.275610072441,0.0776662950575994,368.903262295535,25.0896743232698,7.76662950575994
2020-09-17,9147,126,8823,119,324,7,9961,124,116383,1516,126344,1640,0,68,6,349,74,2,"Knox County",470313,136.504838267282,0.0818446724946155,348.703948221716,26.790669192644,8.18446724946155
2020-09-16,9021,99,8704,77,317,22,9837,117,114867,768,124704,885,1,68,3,343,72,1,"Knox County",470313,146.285558766183,0.0860552006749428,188.172557424524,21.049811508506,8.60552006749428
2020-09-15,8922,132,8627,126,295,6,9720,136,114099,1338,123819,1474,0,67,3,340,71,0,"Knox County",470313,156.916776699772,0.089206274877078,313.408304682201,28.0664153446747,8.9206274877078
2020-09-14,8790,127,8501,124,289,3,9584,136,112761,901,122345,1037,0,67,5,337,71,0,"Knox County",470313,176.690842056248,0.0944589877835951,220.491459942634,27.0032935513158,9.44589877835951
2020-09-13,8663,143,8377,136,286,7,9448,148,111860,1008,121308,1156,0,67,0,332,71,0,"Knox County",470313,186.471562555149,0.0971770385140099,245.793758624576,30.4052832900643,9.71770385140099
2020-09-12,8520,130,8241,123,279,7,9300,141,110852,1178,120152,1319,1,67,1,332,71,2,"Knox County",470313,186.046313837806,0.100692191217824,280.451529088075,27.6411666273312,10.0692191217824
2020-09-11,8390,103,8118,94,272,9,9159,105,109674,773,118833,878,0,66,5,331,69,2,"Knox County",470313,182.856948457729,0.108117773274526,186.684186913821,21.9003089431931,10.8117773274526
2020-09-10,8287,192,8024,189,263,3,9054,192,108901,1501,117955,1693,0,66,5,326,67,0,"Knox County",470313,196.890156130067,0.115493958777541,359.97303923132,40.8238768649814,11.5493958777541
2020-09-09,8095,91,7835,82,260,9,8862,93,107400,1710,116262,1803,0,66,2,321,67,0,"Knox County",470313,195.189161260692,0.101602564102564,383.361718685216,19.3488166391318,10.1602564102564
2020-09-08,8004,126,7753,124,251,2,8769,133,105690,702,114459,835,1,66,8,319,67,0,"Knox County",470313,193.913415108662,0.108703130374957,177.541339490935,26.790669192644,10.8703130374957
2020-09-07,7878,95,7629,92,249,3,8636,98,104988,347,113624,445,1,65,0,311,67,0,"Knox County",470313,187.109435631165,0.111944888670193,94.6178396089413,20.1993140738189,11.1944888670193
2020-09-06,7783,96,7537,92,246,4,8538,94,104641,476,113179,570,0,64,1,311,67,3,"Knox County",470313,177.116090773591,0.113482699191303,121.195884442914,20.4119384324907,11.3482699191303
2020-09-05,7687,284,7445,282,242,2,8444,295,104165,1506,112609,1801,0,64,4,310,64,0,"Knox County",470313,209.860242009045,0.125856697819315,382.936469967872,60.385317862785,12.5856697819315
2020-09-04,7403,93,7163,89,240,4,8149,97,102659,565,110808,662,1,64,0,306,64,0,"Knox County",470313,207.733998422327,0.12831348444103,140.757325440717,19.7740653564754,12.831348444103
2020-09-03,7310,190,7074,184,236,6,8052,198,102094,1798,110146,1996,2,63,6,306,64,1,"Knox County",470313,207.308749704984,0.124260355029586,424.398219908869,40.3986281476379,12.4260355029586
2020-09-02,7120,124,6890,120,230,4,7854,121,100296,1461,108150,1582,2,61,5,300,63,1,"Knox County",470313,214.325353541152,0.131288810036751,336.371735418753,26.3654204753005,13.1288810036751
2020-09-01,6996,153,6770,146,226,7,7733,158,98835,660,106568,818,2,59,4,295,62,3,"Knox County",470313,220.06621122529,0.134747269494539,173.926725393515,32.5315268767821,13.4747269494539
2020-08-31,6843,99,6624,93,219,6,7575,94,98175,431,105750,525,0,57,3,291,59,0,"Knox County",470313,220.916708659978,0.132889112396279,111.627788302684,21.049811508506,13.2889112396279
2020-08-30,6744,72,6531,71,213,1,7481,76,97744,423,105225,499,1,57,1,288,59,2,"Knox County",470313,215.813724051855,0.131802613218318,106.099554977217,15.308953824368,13.1802613218318
2020-08-29,6672,118,6460,113,212,5,7405,125,97321,1391,104726,1516,5,56,3,287,57,0,"Knox County",470313,180.51808051234,0.114372203211371,322.338527746416,25.0896743232698,11.4372203211371
2020-08-28,6554,89,6347,85,207,4,7280,91,95930,309,103210,400,0,51,3,284,57,0,"Knox County",470313,179.667583077653,0.117639040348964,85.0497434687113,18.9235679217883,11.7639040348964
2020-08-27,6465,116,6262,112,203,4,7189,134,95621,1986,102810,2120,0,51,2,281,57,1,"Knox County",470313,163.933380535941,0.107104557640751,450.76364038417,24.6644256059263,10.7104557640751
2020-08-26,6349,77,6150,76,199,1,7055,86,93635,794,100690,880,0,51,3,279,56,1,"Knox County",470313,153.940035678367,0.113051198579461,187.109435631165,16.3720756177269,11.3051198579461
2020-08-25,6272,87,6074,82,198,5,6969,96,92841,896,99810,992,2,51,3,276,55,0,"Knox County",470313,139.90682800603,0.101269474899019,210.923363802404,18.4983192044447,10.1269474899019
2020-08-24,6185,32,5992,28,193,4,6873,29,91945,261,98818,290,0,49,1,273,55,0,"Knox County",470313,125.660995975021,0.095117216664178,61.6610640148157,6.8039794774969,9.5117216664178
2020-08-23,6153,76,5964,75,189,1,6844,74,91684,565,98528,639,0,49,3,272,55,0,"Knox County",470313,126.511493409708,0.092876992833114,135.866965191266,16.1594512590551,9.28769928331139
2020-08-22,6077,136,5889,135,188,1,6770,153,91119,1892,97889,2045,0,49,4,269,55,0,"Knox County",470313,130.3387318658,0.0900081455335325,434.816813483786,28.9169127793618,9.00081455335325
2020-08-21,5941,30,5754,30,187,0,6617,41,89227,262,95844,303,1,49,1,265,55,0,"Knox County",470313,117.793894704165,0.0843307194937405,64.4251806775488,6.37873076015334,8.43307194937405
2020-08-20,5911,119,5724,117,187,2,6576,130,88965,2068,95541,2198,3,48,3,264,55,0,"Knox County",470313,118.43176778018,0.0828909759085341,467.348340360568,25.3022986819416,8.28909759085341
2020-08-19,5792,46,5607,41,185,5,6446,48,86897,608,93343,656,2,45,4,261,55,0,"Knox County",470313,111.840412661355,0.080162852730591,139.481579288686,9.7807204989018,8.0162852730591
2020-08-18,5746,134,5566,132,180,2,6398,152,86289,1163,92687,1315,0,43,4,257,55,1,"Knox County",470313,121.833757518929,0.0842062852538276,279.601031653388,28.4916640620183,8.42062852538276
2020-08-17,5612,50,5434,42,178,8,6246,50,85126,289,91372,339,1,43,0,253,54,1,"Knox County",470313,125.660995975021,0.0864576384256171,72.0796575897328,10.6312179335889,8.64576384256171
2020-08-16,5562,83,5392,78,170,5,6196,82,84837,587,91033,669,0,42,1,253,53,1,"Knox County",470313,127.149366485723,0.0871760797342193,142.24569595142,17.6478217697576,8.71760797342193
2020-08-15,5479,119,5314,116,165,3,6114,132,84250,1223,90364,1355,1,42,2,252,52,0,"Knox County",470313,123.534752388303,0.0929041697147037,288.106006000259,25.3022986819416,9.29041697147037
2020-08-14,5360,91,5198,83,162,8,5982,96,83027,1024,89009,1120,0,41,2,250,52,1,"Knox County",470313,136.504838267282,0.0901725039205436,238.139281712392,19.3488166391318,9.01725039205436
2020-08-13,5269,127,5115,126,154,1,5886,229,82003,1778,87889,2007,1,41,4,248,51,1,"Knox County",470313,138.205833136656,0.105749899477282,426.737087854259,27.0032935513158,10.5749899477282
2020-08-12,5142,79,4989,72,153,7,5657,88,80225,892,85882,980,0,40,1,244,50,0,"Knox County",470313,145.222436972824,0.106486833654464,208.371871498343,16.7973243350705,10.6486833654464
2020-08-11,5063,111,4917,108,146,3,5569,117,79333,1121,84902,1238,0,40,5,243,50,2,"Knox County",470313,140.332076723374,0.103009859885833,263.228956035661,23.6013038125674,10.3009859885833
2020-08-10,4952,37,4809,35,143,2,5452,35,78212,365,83664,400,1,40,0,238,48,0,"Knox County",470313,137.56796006064,0.100270305058566,85.0497434687113,7.86710127085579,10.0270305058566
2020-08-09,4915,85,4774,81,141,4,5417,109,77847,826,83264,935,1,39,4,238,48,1,"Knox County",470313,137.993208777984,0.10031113876789,198.803775358113,18.0730704871011,10.031113876789
2020-08-08,4830,157,4693,156,137,1,5308,176,77021,2284,82329,2460,1,38,4,234,47,2,"Knox County",470313,146.072934407512,0.0929978118161926,523.055922332574,33.3820243114692,9.29978118161926
2020-08-07,4673,50,4537,46,136,4,5132,44,74737,403,79869,447,0,37,0,230,45,2,"Knox County",470313,137.355335701969,0.0942482579426007,95.0430883262848,10.6312179335889,9.42482579426007
2020-08-06,4623,113,4491,105,132,8,5088,121,74334,1463,79422,1584,-1,37,5,230,43,1,"Knox County",470313,134.378594680564,0.0857782197911487,336.796984136097,24.0265525299109,8.57782197911487
2020-08-05,4510,99,4386,99,124,0,4967,100,72871,1107,77838,1207,1,38,3,225,42,1,"Knox County",470313,138.631081853999,0.0848748639825898,256.637600916836,21.049811508506,8.48748639825898
2020-08-04,4411,112,4287,111,124,1,4867,106,71764,1082,76631,1188,1,37,9,222,41,0,"Knox County",470313,138.843706212671,0.0840530349105948,252.597738102072,23.8139281712392,8.40530349105948
2020-08-03,4299,50,4176,50,123,0,4761,81,70682,593,75443,674,2,36,1,213,41,1,"Knox County",470313,141.607822875404,0.0867569158328429,143.308817744778,10.6312179335889,8.67569158328429
2020-08-02,4249,97,4126,91,123,6,4680,95,70089,692,74769,787,3,34,2,212,40,0,"Knox County",470313,144.159315179466,0.0866179465676291,167.335370274689,20.6245627911625,8.66179465676291
2020-08-01,4152,118,4035,110,117,8,4585,118,69397,1417,73982,1535,1,31,1,210,40,1,"Knox County",470313,135.866965191266,0.0895984909727836,326.37839056118,25.0896743232698,8.95984909727836
2020-07-31,4034,117,3925,114,109,3,4467,116,67980,1060,72447,1176,2,30,1,209,39,3,"Knox County",470313,150.112797222275,0.0904183535762483,250.046245798011,24.877049964598,9.04183535762483
2020-07-30,3917,189,3811,186,106,3,4351,227,66920,2420,71271,2647,1,28,7,208,36,2,"Knox County",470313,166.27224848133,0.0914912090297374,562.816677404197,40.1860037889661,9.14912090297373
2020-07-29,3728,75,3625,71,103,4,4124,60,64500,438,68624,498,0,27,3,201,34,4,"Knox County",470313,161.169263873208,0.0944150499706055,105.886930618546,15.9468269003834,9.44150499706055
2020-07-28,3653,154,3554,152,99,2,4064,186,64062,1211,68126,1397,1,27,3,198,30,0,"Knox County",470313,170.099486937423,0.101331191186596,297.036229064474,32.7441512354538,10.1331191186596
2020-07-27,3499,83,3402,76,97,7,3878,85,62851,677,66729,762,3,26,2,195,30,1,"Knox County",470313,177.116090773591,0.100772551692797,162.019761307895,17.6478217697576,10.0772551692797
2020-07-26,3416,118,3326,113,90,5,3793,132,62174,1472,65967,1604,0,23,2,193,29,1,"Knox County",470313,181.581202305699,0.0960598814845618,341.049471309532,25.0896743232698,9.60598814845618
2020-07-25,3298,175,3213,172,85,3,3661,197,60702,1949,64363,2146,2,23,3,191,28,3,"Knox County",470313,193.70079074999,0.0980449657869013,456.291873709636,37.2092627675612,9.80449657869013
2020-07-24,3123,106,3041,99,82,7,3464,113,58753,916,62217,1029,0,21,4,188,25,0,"Knox County",470313,191.3619228046,0.0991768322919766,218.79046507326,22.5381820192085,9.91768322919766
2020-07-23,3017,205,2942,197,75,8,3351,254,57837,2389,61188,2643,0,21,4,184,25,1,"Knox County",470313,194.763912543349,0.101895029268777,561.96617996951,43.5879935277145,10.1895029268777
2020-07-22,2812,69,2745,61,67,8,3097,63,55448,437,58545,500,3,21,3,180,24,0,"Knox County",470313,193.488166391318,0.102172403531396,106.312179335889,14.6710807483527,10.2172403531396
2020-07-21,2743,232,2684,228,59,4,3034,280,55011,1691,58045,1971,0,18,12,177,24,1,"Knox County",470313,210.072866367717,0.105490380103238,419.082610942075,49.3288512118525,10.5490380103238
2020-07-20,2511,74,2456,70,55,4,2754,57,53320,364,56074,421,0,18,4,165,23,1,"Knox County",470313,208.159247139671,0.106263331394221,89.5148550008186,15.7342025417116,10.6263331394221
2020-07-19,2437,84,2386,74,51,10,2697,74,52956,577,55653,651,0,18,0,161,22,2,"Knox County",470313,200.93001894483,0.110885589146459,138.418457495328,17.8604461284294,11.0885589146459
2020-07-18,2353,112,2312,109,41,3,2623,146,52379,2258,55002,2404,1,18,8,161,20,1,"Knox County",470313,187.534684348508,0.102609418858509,511.148958246955,23.8139281712392,10.2609418858509
2020-07-17,2241,74,2203,74,38,0,2477,80,50121,347,52598,427,0,17,6,153,19,2,"Knox County",470313,180.730704871011,0.105800155262282,90.7906011528493,15.7342025417116,10.5800155262282
2020-07-16,2167,187,2129,185,38,2,2397,228,49774,2033,52171,2261,2,17,3,147,17,0,"Knox County",470313,176.903466414919,0.107469600463231,480.74367495689,39.7607550716225,10.7469600463231
2020-07-15,1980,78,1944,78,36,0,2169,80,47741,511,49910,591,3,15,4,144,17,1,"Knox County",470313,178.817085642965,0.108297043318817,125.660995975021,16.5846999763987,10.8297043318817
2020-07-14,1902,95,1866,95,36,0,2089,127,47230,777,49319,904,2,12,1,140,16,1,"Knox County",470313,149.687548504932,0.103407755581669,192.212420239287,20.1993140738189,10.3407755581669
2020-07-13,1807,94,1771,92,36,2,1962,59,46453,655,48415,714,1,10,2,139,15,3,"Knox County",470313,153.940035678367,0.0998490945674044,151.81379209165,19.9866897151471,9.98490945674044
2020-07-12,1713,69,1679,67,34,2,1903,87,45798,916,47701,1003,0,9,4,137,12,1,"Knox County",470313,150.750670298291,0.0971820809248555,213.262231747793,14.6710807483527,9.71820809248555
2020-07-11,1644,28,1612,27,32,1,1816,36,44882,883,46698,919,0,9,2,133,11,1,"Knox County",470313,132.890224169861,0.102214400938554,195.401785619364,5.95348204280979,10.2214400938554
2020-07-10,1616,78,1585,74,31,4,1780,68,43999,418,45779,486,0,9,6,131,10,0,"Knox County",470313,133.740721604548,0.0995929049142193,103.335438314484,16.5846999763987,9.95929049142192
2020-07-09,1538,70,1511,66,27,4,1712,88,43581,1652,45293,1740,0,9,8,125,10,0,"Knox County",470313,108.86367163995,0.0857322636463741,369.966384088894,14.8837051070245,8.57322636463741
2020-07-08,1468,70,1445,65,23,5,1624,63,41929,594,43553,657,1,9,5,117,10,0,"Knox County",470313,107.162676770576,0.082204577300327,139.694203647358,14.8837051070245,8.2204577300327
2020-07-07,1398,79,1380,79,18,0,1561,104,41335,1303,42896,1407,0,8,7,112,10,1,"Knox County",470313,103.760687031828,0.0729136586774473,299.162472651192,16.7973243350705,7.29136586774473
2020-07-06,1319,35,1301,35,18,0,1457,34,40032,658,41489,692,1,8,6,105,9,0,"Knox County",470313,91.2158498701928,0.0695249130938586,147.13605620087,7.44185255351224,6.95249130938586
2020-07-05,1284,77,1266,77,18,0,1423,109,39374,1079,40797,1188,2,7,6,99,9,1,"Knox County",470313,92.916844739567,0.0708139370856256,252.597738102072,16.3720756177269,7.08139370856256
2020-07-04,1207,41,1189,40,18,1,1314,50,38295,1141,39609,1191,0,5,1,93,8,2,"Knox County",470313,95.6809614023002,0.0700991713082462,253.235611178088,8.7175987055429,7.00991713082462
2020-07-03,1166,62,1149,61,17,1,1264,49,37154,910,38418,959,0,5,4,92,6,0,"Knox County",470313,92.2789716635517,0.0634414092417667,203.906759966235,13.1827102376502,6.34414092417667
2020-07-02,1104,68,1088,68,16,0,1215,102,36244,1228,37459,1330,0,5,2,88,6,0,"Knox County",470313,91.8537229462082,0.0688308189655172,282.790397033465,14.4584563896809,6.88308189655172
2020-07-01,1036,49,1020,49,16,0,1113,34,35016,737,36129,771,0,5,4,86,6,1,"Knox County",470313,87.3886114141008,0.0639426903687981,163.933380535941,10.4185935749171,6.39426903687981
2020-06-30,987,40,971,39,16,1,1079,73,34279,1514,35358,1587,0,5,3,82,5,0,"Knox County",470313,79.0962614259015,0.0584348276755636,337.434857212112,8.50497434687113,5.84348276755636
2020-06-29,947,51,932,51,15,0,1006,79,32765,1333,33771,1412,0,5,3,79,5,0,"Knox County",470313,82.4982511646499,0.058781701825077,300.225594444551,10.8438422922607,5.8781701825077
2020-06-28,896,10,881,10,15,0,927,30,31432,684,32359,714,0,5,1,76,5,0,"Knox County",470313,68.2524191336408,0.0523606228026118,151.81379209165,2.12624358671778,5.23606228026117
2020-06-27,886,29,871,29,15,0,897,16,30748,111,31645,127,0,5,3,75,5,0,"Knox County",470313,65.7009268295794,0.0555072463768116,27.0032935513158,6.16610640148157,5.55072463768116
2020-06-26,857,37,842,37,15,0,881,14,30637,319,31518,333,0,5,8,72,5,0,"Knox County",470313,60.385317862785,0.0554670066942939,70.8039114377021,7.86710127085579,5.54670066942939
2020-06-25,820,32,805,32,15,0,867,52,30318,702,31185,754,0,5,1,64,5,0,"Knox County",470313,52.730840950601,0.0522990522990523,160.318766438521,6.8039794774969,5.22990522990523
2020-06-24,788,35,773,34,15,1,815,32,29616,272,30431,304,0,5,1,63,5,0,"Knox County",470313,49.7540999291961,0.0565857388644619,64.6378050362206,7.44185255351224,5.65857388644619
2020-06-23,753,27,739,24,14,3,783,25,29344,215,30127,240,0,5,4,62,5,0,"Knox County",470313,46.989983266463,0.0638516992790937,51.0298460812268,5.74085768413801,6.38516992790937
2020-06-22,726,36,715,36,11,0,758,31,29129,572,29887,603,0,5,0,58,5,0,"Knox County",470313,43.8006178863863,0.0650406504065041,128.212488279082,7.65447691218401,6.50406504065041
2020-06-21,690,31,679,31,11,0,727,37,28557,815,29284,852,0,5,1,58,5,0,"Knox County",470313,48.2657294184936,0.0644257703081232,181.155953588355,6.59135511882512,6.44257703081232
2020-06-20,659,17,648,17,11,0,690,9,27742,437,28432,446,0,5,2,57,5,0,"Knox County",470313,45.7142371144323,0.0566251415628539,94.8304639676131,3.61461409742023,5.66251415628539
2020-06-19,642,30,631,28,11,2,681,10,27305,334,27986,344,0,5,1,55,5,0,"Knox County",470313,44.2258666037299,0.0553203499858877,73.1427793830917,6.37873076015334,5.53203499858877
2020-06-18,612,15,603,15,9,0,671,18,26971,804,27642,822,0,5,0,54,5,0,"Knox County",470313,40.6112525063096,0.0448629188590418,174.777222828202,3.18936538007667,4.48629188590418
2020-06-17,597,17,588,17,9,0,653,13,26167,282,26820,295,0,5,0,54,5,0,"Knox County",470313,36.7840140502176,0.0397001665741255,62.7241858081746,3.61461409742023,3.97001665741255
2020-06-16,580,9,571,8,9,1,640,9,25885,178,26525,187,0,5,0,54,5,0,"Knox County",470313,32.9567755941256,0.0357847280924204,39.7607550716225,1.913619228046,3.57847280924204
2020-06-15,571,8,563,8,8,0,631,9,25707,218,26338,227,0,5,0,54,5,0,"Knox County",470313,27.0032935513158,0.0330917113142137,48.2657294184936,1.70099486937423,3.30917113142137
2020-06-14,563,8,555,8,8,0,622,9,25489,624,26111,633,0,5,0,54,5,0,"Knox County",470313,22.1129333018649,0.0260663507109005,134.591219039236,1.70099486937423,2.60663507109005
2020-06-13,555,10,547,8,8,2,613,9,24865,213,25478,222,0,5,3,54,5,0,"Knox County",470313,20.6245627911625,0.0282051282051282,47.2026076251348,2.12624358671778,2.82051282051282
2020-06-12,545,19,539,19,6,0,604,19,24652,750,25256,769,0,5,0,51,5,0,"Knox County",470313,18.2856948457729,0.0272583201267829,163.508131818597,4.03986281476378,2.72583201267829
2020-06-11,526,7,520,7,6,0,585,10,23902,379,24487,389,0,5,2,51,5,0,"Knox County",470313,16.5846999763987,0.0286554004408523,82.7108755233217,1.48837051070245,2.86554004408523
2020-06-10,519,12,513,12,6,0,575,12,23523,705,24098,717,0,5,0,49,5,0,"Knox County",470313,15.5215781830398,0.0244910941475827,152.451665167665,2.55149230406134,2.44910941475827
2020-06-09,507,16,501,16,6,0,563,19,22818,508,23381,527,0,5,1,49,5,0,"Knox County",470313,17.0099486937423,0.0249712973593571,112.053037020027,3.40198973874845,2.49712973593571
2020-06-08,491,8,485,8,6,0,544,8,22310,336,22854,344,0,5,1,48,5,0,"Knox County",470313,17.0099486937423,0.0238822549291863,73.1427793830917,1.70099486937423,2.38822549291863
2020-06-07,483,7,477,7,6,0,536,8,21974,847,22510,855,0,5,1,47,5,0,"Knox County",470313,16.7973243350705,0.0222338477635365,181.79382666437,1.48837051070245,2.22338477635365
2020-06-06,476,11,470,11,6,0,528,12,21127,478,21655,490,0,5,0,46,5,0,"Knox County",470313,17.0099486937423,0.0215106330970423,104.185935749171,2.33886794538956,2.15106330970423
2020-06-05,465,18,459,18,6,0,516,17,20649,518,21165,535,0,5,1,46,5,0,"Knox County",470313,16.7973243350705,0.0222971221156339,113.754031889401,3.82723845609201,2.22971221156339
2020-06-04,447,4,441,4,6,0,499,4,20131,338,20630,342,0,5,0,45,5,0,"Knox County",470313,16.1594512590551,0.020997375328084,72.7175306657481,0.850497434687113,2.0997375328084
2020-06-03,443,4,437,4,6,0,495,4,19793,399,20288,403,0,5,0,45,5,0,"Knox County",470313,14.4584563896809,0.0205949656750572,85.6876165447266,0.850497434687113,2.05949656750572
2020-06-02,439,26,433,25,6,1,491,24,19394,939,19885,963,0,5,2,45,5,0,"Knox County",470313,16.5846999763987,0.0195829094608342,204.757257400922,5.52823332546623,1.95829094608342
2020-06-01,413,17,408,17,5,0,467,20,18455,972,18922,992,0,5,0,43,5,0,"Knox County",470313,18.4983192044447,0.0194323144104804,210.923363802404,3.61461409742023,1.94323144104803
2020-05-31,396,7,391,7,5,0,447,7,17483,317,17930,324,0,5,0,43,5,0,"Knox County",470313,18.4983192044447,0.0217337614225735,68.8902922096561,1.48837051070245,2.17337614225735
2020-05-30,389,6,384,6,5,0,440,6,17166,294,17606,300,0,5,2,43,5,0,"Knox County",470313,17.4351974110858,0.0212490282456595,63.7873076015334,1.27574615203067,2.12490282456595
2020-05-29,383,8,378,8,5,0,434,7,16872,205,17306,212,0,5,0,41,5,0,"Knox County",470313,15.308953824368,0.0203619909502262,45.076364038417,1.70099486937423,2.03619909502262
2020-05-28,375,11,370,11,5,0,427,11,16667,336,17094,347,0,5,0,41,5,0,"Knox County",470313,16.7973243350705,0.022310081897769,73.780652459107,2.33886794538956,2.2310081897769
2020-05-27,364,5,359,5,5,0,416,6,16331,420,16747,426,0,5,1,41,5,0,"Knox County",470313,17.0099486937423,0.0227272727272727,90.5779767941775,1.06312179335889,2.27272727272727
2020-05-26,359,9,354,9,5,0,410,10,15911,1142,16321,1152,0,5,0,40,5,0,"Knox County",470313,13.395334596322,0.0178523847588596,244.943261189888,1.913619228046,1.78523847588596
2020-05-25,350,9,345,9,5,0,400,11,14769,381,15169,392,0,5,1,40,5,0,"Knox County",470313,11.6943397269478,0.018395179194418,83.348748599337,1.913619228046,1.8395179194418
2020-05-24,341,2,336,2,5,0,389,3,14388,273,14777,276,0,5,0,39,5,0,"Knox County",470313,10.6312179335889,0.0173913043478261,58.6843229934108,0.425248717343556,1.73913043478261
2020-05-23,339,7,334,7,5,0,386,10,14115,360,14501,370,0,5,2,39,5,0,"Knox County",470313,10.8438422922607,0.0182677165354331,78.6710127085579,1.48837051070245,1.82677165354331
2020-05-22,332,1,327,1,5,0,376,1,13755,253,14131,254,0,5,0,37,5,0,"Knox County",470313,9.35547178155824,0.0161641280696301,54.0065871026317,0.212624358671778,1.61641280696301
2020-05-21,331,0,326,0,5,0,375,0,13502,250,13877,250,0,5,0,37,5,0,"Knox County",470313,7.01660383616868,0.0131410256410256,53.1560896679445,0,1.31410256410256
2020-05-20,331,7,326,7,5,0,375,7,13252,360,13627,367,0,5,0,37,5,0,"Knox County",470313,7.44185255351224,0.0137210062071219,78.0331396325426,1.48837051070245,1.37210062071219
2020-05-19,324,7,319,7,5,0,368,7,12892,369,13260,376,0,5,2,37,5,0,"Knox County",470313,7.01660383616868,0.0170678336980306,79.9467588605886,1.48837051070245,1.70678336980306
2020-05-18,317,3,312,3,5,0,361,4,12523,478,12884,482,0,5,0,35,5,0,"Knox County",470313,5.74085768413801,0.0134736842105263,102.484940879797,0.637873076015334,1.34736842105263
2020-05-17,314,3,309,3,5,0,357,5,12045,216,12402,221,0,5,1,35,5,0,"Knox County",470313,5.95348204280979,0.0146551724137931,46.989983266463,0.637873076015334,1.46551724137931
2020-05-16,311,0,306,0,5,0,352,0,11829,349,12181,349,0,5,0,34,5,0,"Knox County",470313,4.46511153210734,0.0104393214441061,74.2059011764506,0,1.04393214441061
2020-05-15,311,1,306,1,5,0,352,4,11480,540,11832,544,0,5,0,34,5,0,"Knox County",470313,4.46511153210734,0.0104287369640788,115.667651117447,0.212624358671778,1.04287369640788
2020-05-14,310,3,305,3,5,0,348,7,10940,458,11288,465,0,5,0,34,5,0,"Knox County",470313,5.10298460812268,0.0121255349500713,98.8703267823768,0.637873076015334,1.21255349500713
2020-05-13,307,7,302,7,5,0,341,5,10482,341,10823,346,0,5,0,34,5,0,"Knox County",470313,5.10298460812268,0.011498383039885,73.5680281004352,1.48837051070245,1.1498383039885
2020-05-12,300,6,295,6,5,0,336,8,10141,401,10477,409,0,5,0,34,5,0,"Knox County",470313,4.8903602494509,0.01171875,86.9633626967573,1.27574615203067,1.171875
2020-05-11,294,16,289,16,5,0,328,12,9740,254,10068,266,0,5,1,34,5,0,"Knox County",470313,7.65447691218401,0.0157692307692308,56.558079406693,3.40198973874845,1.57692307692308
2020-05-10,278,5,273,5,5,0,316,5,9486,221,9802,226,0,5,1,33,5,0,"Knox County",470313,8.07972562952757,0.0157389635316699,48.0531050598219,1.06312179335889,1.57389635316699
2020-05-09,273,2,268,2,5,0,311,4,9265,352,9576,356,0,5,0,32,5,0,"Knox County",470313,8.50497434687113,0.0172281776416539,75.694271687153,0.425248717343556,1.72281776416539
2020-05-08,271,3,266,3,5,0,307,4,8913,265,9220,269,0,5,0,32,5,0,"Knox County",470313,8.93022306421468,0.0192554557124519,57.1959524827083,0.637873076015334,1.92554557124519
2020-05-07,268,3,263,3,5,0,303,3,8648,220,8951,223,0,5,0,32,5,0,"Knox County",470313,8.93022306421468,0.0195704057279236,47.4152319838065,0.637873076015334,1.95704057279236
2020-05-06,265,1,260,1,5,0,300,1,8428,185,8728,186,0,5,0,32,5,0,"Knox County",470313,7.65447691218401,0.0191214470284238,39.5481307129507,0.212624358671778,1.91214470284238
2020-05-05,264,4,259,4,5,0,299,5,8243,305,8542,310,0,5,0,32,5,0,"Knox County",470313,7.22922819484046,0.0185185185185185,65.9135511882512,0.850497434687113,1.85185185185185
2020-05-04,260,4,255,4,5,0,294,7,7938,259,8232,266,0,5,0,32,5,0,"Knox County",470313,4.67773589077912,0.0157952069716776,56.558079406693,0.850497434687113,1.57952069716776
2020-05-03,256,7,251,5,5,2,287,6,7679,290,7966,296,0,5,2,32,5,0,"Knox County",470313,5.10298460812268,0.0157397691500525,62.9368101668463,1.48837051070245,1.57397691500525
2020-05-02,249,3,246,3,3,0,281,5,7389,308,7670,313,0,5,1,30,5,0,"Knox County",470313,5.31560896679445,0.0166398282340311,66.5514242642666,0.637873076015334,1.66398282340311
2020-05-01,246,9,243,8,3,1,276,7,7081,354,7357,361,0,5,0,29,5,0,"Knox County",470313,6.59135511882512,0.0173913043478261,76.7573934805119,1.913619228046,1.73913043478261
2020-04-30,237,4,235,4,2,0,269,3,6727,119,6996,122,0,5,0,29,5,0,"Knox County",470313,6.8039794774969,0.0183387270765912,25.9401717579569,0.850497434687113,1.83387270765912
2020-04-29,233,8,231,8,2,0,266,10,6608,671,6874,681,0,5,0,29,5,0,"Knox County",470313,8.29234998819935,0.0183056619838229,144.797188255481,1.70099486937423,1.83056619838229
2020-04-28,225,8,223,8,2,0,256,10,5937,391,6193,401,1,5,0,29,5,0,"Knox County",470313,9.14284742288646,0.019672131147541,85.262367827383,1.70099486937423,1.9672131147541
2020-04-27,217,2,215,2,2,0,246,4,5546,161,5792,165,0,4,0,29,5,1,"Knox County",470313,8.7175987055429,0.0192389910218042,35.0830191808434,0.425248717343556,1.92389910218042
2020-04-26,215,1,213,1,2,0,242,1,5385,172,5627,173,0,4,0,29,4,0,"Knox County",470313,7.44185255351224,0.0180505415162455,36.7840140502176,0.212624358671778,1.80505415162455
2020-04-25,214,0,212,0,2,0,241,0,5213,53,5454,53,0,4,0,29,4,0,"Knox County",470313,6.8039794774969,0.0178936605316973,11.2690910096042,0,1.78936605316973
2020-04-24,214,8,212,8,2,0,241,10,5160,836,5401,846,0,4,1,29,4,0,"Knox County",470313,6.59135511882512,0.0155673904137649,179.880207436324,1.70099486937423,1.55673904137648
2020-04-23,206,1,204,1,2,0,231,2,4324,137,4555,139,0,4,0,28,4,0,"Knox County",470313,5.95348204280979,0.0150528885272579,29.5547858553772,0.212624358671778,1.50528885272579
2020-04-22,205,5,203,3,2,2,229,2,4187,189,4416,191,0,4,0,28,4,0,"Knox County",470313,5.31560896679445,0.0147357723577236,40.6112525063096,1.06312179335889,1.47357723577236
2020-04-21,200,4,200,4,0,0,227,5,3998,475,4225,480,0,4,1,28,4,0,"Knox County",470313,4.46511153210734,0.0117244748412311,102.059692162454,0.850497434687113,1.17244748412311
2020-04-20,196,3,196,3,0,0,222,2,3523,175,3745,177,0,4,1,27,4,0,"Knox County",470313,4.67773589077912,0.0106847984458475,37.6345114849047,0.637873076015334,1.06847984458475
2020-04-19,193,0,193,0,0,0,220,0,3348,72,3568,72,0,4,0,26,4,0,"Knox County",470313,4.46511153210734,0.0107252298263534,15.308953824368,0,1.07252298263534
2020-04-18,193,0,193,0,0,0,220,1,3276,135,3496,136,0,4,0,26,4,0,"Knox County",470313,4.46511153210734,0.0107790298873101,28.9169127793618,0,1.07790298873101
2020-04-17,193,2,193,2,0,0,219,3,3141,104,3360,107,0,4,1,26,4,0,"Knox County",470313,3.18936538007667,0.0115207373271889,22.7508063778803,0.425248717343556,1.15207373271889
2020-04-16,191,7,191,7,0,0,216,9,3037,213,3253,222,0,4,2,25,4,0,"Knox County",470313,4.46511153210734,0.015884476534296,47.2026076251348,1.48837051070245,1.5884476534296
2020-04-15,184,9,184,9,0,0,207,10,2824,84,3031,94,0,4,1,23,4,0,"Knox County",470313,5.31560896679445,0.0232919254658385,19.9866897151471,1.913619228046,2.32919254658385
2020-04-14,175,4,175,4,0,0,197,4,2740,102,2937,106,0,4,1,22,4,0,"Knox County",470313,5.31560896679445,0.0317286652078775,22.5381820192085,0.850497434687113,3.17286652078775
2020-04-13,171,4,171,4,0,0,193,9,2638,242,2831,251,0,4,1,21,4,0,"Knox County",470313,5.52823332546623,0.0364372469635627,53.3687140266163,0.850497434687113,3.64372469635628
2020-04-12,167,5,167,5,0,0,184,6,2396,166,2580,172,0,4,0,20,4,0,"Knox County",470313,6.59135511882512,0.0386029411764706,36.5713896915458,1.06312179335889,3.86029411764706
2020-04-11,162,5,162,5,0,0,178,8,2230,313,2408,321,1,4,1,20,4,0,"Knox County",470313,7.65447691218401,0.0384917517674784,68.2524191336408,1.06312179335889,3.84917517674784
2020-04-10,157,4,157,4,0,0,170,5,1917,123,2087,128,0,3,0,19,4,0,"Knox County",470313,8.07972562952757,0.0394126738794436,27.2159179099876,0.850497434687113,3.94126738794436
2020-04-09,153,1,153,1,0,0,165,1,1794,81,1959,82,0,3,0,19,4,0,"Knox County",470313,6.8039794774969,0.037261698440208,17.4351974110858,0.212624358671778,3.7261698440208
2020-04-08,152,8,152,8,0,0,164,12,1713,111,1877,123,0,3,1,19,4,1,"Knox County",470313,6.59135511882512,0.0380388841927303,26.1527961166287,1.70099486937423,3.80388841927303
2020-04-07,144,20,144,20,0,0,152,25,1602,366,1754,391,0,3,2,18,3,0,"Knox County",470313,9.99334485757357,0.0449591280653951,83.1361242406653,4.25248717343556,4.49591280653951
2020-04-06,124,8,124,8,0,0,127,14,1236,54,1363,68,2,3,1,16,3,0,"Knox County",470313,10.8438422922607,0.0552529182879377,14.4584563896809,1.70099486937423,5.52529182879377
2020-04-05,116,4,116,4,0,0,113,10,1182,75,1295,85,0,1,0,15,3,1,"Knox County",470313,10.6312179335889,0.0626043405676127,18.0730704871011,0.850497434687113,6.26043405676127
2020-04-04,112,15,112,15,0,0,103,6,1107,127,1210,133,0,1,1,15,2,1,"Knox County",470313,12.7574615203067,0.0722772277227723,28.2790397033465,3.18936538007667,7.22772277227723
2020-04-03,97,4,97,4,0,0,97,3,980,51,1077,54,0,1,1,14,1,0,"Knox County",470313,12.7574615203067,0.0758547008547008,11.481715368276,0.850497434687113,7.58547008547009
2020-04-02,93,7,93,7,0,0,94,7,929,106,1023,113,0,1,0,13,1,0,"Knox County",470313,14.0332076723374,0.0796277145811789,24.0265525299109,1.48837051070245,7.96277145811789
2020-04-01,86,15,86,15,0,0,87,15,823,140,910,155,0,0,1,13,1,0,"Knox County",470313,15.5215781830398,0.0800800800800801,32.9567755941256,3.18936538007667,8.00800800800801
2020-03-31,71,8,71,8,0,0,72,11,683,58,755,69,0,0,1,12,1,0,"Knox County",470313,12.9700858789785,0.0974889217134417,14.6710807483527,1.70099486937423,9.74889217134417
2020-03-30,63,13,63,13,0,0,61,15,625,130,686,145,0,0,2,11,1,0,"Knox County",470313,14.0332076723374,0.0888594164456233,30.8305320074078,2.76411666273312,8.88594164456233
2020-03-29,50,8,50,8,0,0,46,8,495,55,541,63,0,0,1,9,1,1,"Knox County",470313,14.8837051070245,0.0887978142076503,13.395334596322,1.70099486937423,8.87978142076503
2020-03-28,42,7,42,7,0,0,38,6,440,62,478,68,0,0,1,8,0,0,"Knox County",470313,13.1827102376502,0.0974512743628186,14.4584563896809,1.48837051070245,9.74512743628186
2020-03-27,35,2,35,2,0,0,32,2,378,54,410,56,0,0,1,7,0,0,"Knox County",470313,12.7574615203067,0.0956651718983558,11.9069640856196,0.425248717343556,9.56651718983558
2020-03-26,33,7,33,7,0,0,30,7,324,82,354,89,0,0,2,6,0,0,"Knox County",470313,12.7574615203067,0.0992248062015504,18.9235679217883,1.48837051070245,9.92248062015504
2020-03-25,26,6,26,6,0,0,23,7,242,68,265,75,0,0,1,4,0,0,"Knox County",470313,10.8438422922607,0.0991150442477876,15.9468269003834,1.27574615203067,9.91150442477876
2020-03-24,20,7,20,7,0,0,16,7,174,43,190,50,0,0,0,3,0,0,"Knox County",470313,10.6312179335889,0.0952380952380952,10.6312179335889,1.48837051070245,9.52380952380952
2020-03-23,13,4,13,4,0,0,9,4,131,22,140,26,0,0,2,3,0,0,"Knox County",470313,8.7175987055429,0.0960187353629977,5.52823332546623,0.850497434687113,9.60187353629976
2020-03-22,9,2,9,2,0,0,5,0,109,9,114,9,0,0,1,1,0,0,"Knox County",470313,7.44185255351224,0.0884718498659517,1.913619228046,0.425248717343556,8.84718498659517
2020-03-21,7,1,7,1,0,0,5,2,100,17,105,19,0,0,0,0,0,0,"Knox County",470313,6.16610640148157,0.0895061728395062,4.03986281476378,0.212624358671778,8.95061728395062
2020-03-20,6,5,6,5,0,0,3,2,83,38,86,40,0,0,0,0,0,0,"Knox County",470313,6.8039794774969,0.0941558441558442,8.50497434687113,1.06312179335889,9.41558441558442
2020-03-19,1,0,1,0,0,0,1,0,45,11,46,11,0,0,0,0,0,0,"Knox County",470313,5.31560896679445,0.0956521739130435,2.33886794538956,0,9.56521739130435
2020-03-18,1,0,1,0,0,0,1,0,34,15,35,15,0,0,0,0,0,0,"Knox County",470313,4.03986281476378,0.0882352941176471,3.18936538007667,0,8.82352941176471
2020-03-17,1,0,1,0,0,0,1,0,19,5,20,5,0,0,0,0,0,0,"Knox County",470313,2.55149230406134,0.064,1.06312179335889,0,6.4
2020-03-16,1,1,1,1,0,0,1,1,14,3,15,4,0,0,0,0,0,0,"Knox County",470313,1.913619228046,0.0485436893203883,0.850497434687113,0.212624358671778,4.85436893203883
2020-03-15,0,0,0,0,0,0,0,0,11,1,11,1,0,0,0,0,0,0,"Knox County",470313,1.48837051070245,0.0526315789473684,0.212624358671778,0,5.26315789473684
2020-03-14,0,0,0,0,0,0,0,0,10,8,10,8,0,0,0,0,0,0,"Knox County",470313,1.27574615203067,0.0357142857142857,1.70099486937423,0,3.57142857142857
2020-03-13,0,0,0,0,0,0,0,0,2,0,2,0,0,0,0,0,0,0,"Knox County",470313,0.212624358671778,0.0227272727272727,0,0,2.27272727272727
2020-03-12,0,0,0,0,0,0,0,0,2,2,2,2,0,0,0,0,0,0,"Knox County",470313,0.212624358671778,0.0285714285714286,0.425248717343556,0,2.85714285714286
2020-03-12,0,0,0,0,0,0,0,0,0,0,0,0,0,0,0,0,0,0,"Anderson",76978,NA,NA,0,0,NA
2020-03-13,0,0,0,0,0,0,0,0,1,1,1,1,0,0,0,0,0,0,"Anderson",76978,NA,NA,1.29907246226194,0,NA
2020-03-14,0,0,0,0,0,0,0,0,1,0,1,0,0,0,0,0,0,0,"Anderson",76978,NA,NA,0,0,NA
2020-03-15,0,0,0,0,0,0,0,0,1,0,1,0,0,0,0,0,0,0,"Anderson",76978,NA,NA,0,0,NA
2020-03-16,0,0,0,0,0,0,0,0,2,1,2,1,0,0,0,0,0,0,"Anderson",76978,NA,NA,1.29907246226194,0,NA
2020-03-17,0,0,0,0,0,0,0,0,4,2,4,2,0,0,0,0,0,0,"Anderson",76978,NA,NA,2.59814492452389,0,NA
2020-03-18,0,0,0,0,0,0,0,0,4,0,4,0,0,0,0,0,0,0,"Anderson",76978,0,0,0,0,0
2020-03-19,1,1,1,1,0,0,2,2,5,1,7,3,0,0,0,0,0,0,"Anderson",76978,1.29907246226194,0.285714285714286,3.89721738678583,1.29907246226194,28.5714285714286
2020-03-20,1,0,1,0,0,0,2,0,7,2,9,2,0,0,0,0,0,0,"Anderson",76978,1.29907246226194,0.25,2.59814492452389,0,25
2020-03-21,1,0,1,0,0,0,2,0,7,0,9,0,0,0,0,0,0,0,"Anderson",76978,1.29907246226194,0.25,0,0,25
2020-03-22,1,0,1,0,0,0,2,0,10,3,12,3,0,0,0,0,0,0,"Anderson",76978,1.29907246226194,0.181818181818182,3.89721738678583,0,18.1818181818182
2020-03-23,1,0,1,0,0,0,2,0,15,5,17,5,0,0,0,0,0,0,"Anderson",76978,1.29907246226194,0.133333333333333,6.49536231130973,0,13.3333333333333
2020-03-24,1,0,1,0,0,0,2,0,20,5,22,5,0,0,0,0,0,0,"Anderson",76978,1.29907246226194,0.111111111111111,6.49536231130973,0,11.1111111111111
2020-03-25,2,1,2,1,0,0,4,2,29,9,33,11,0,0,0,0,0,0,"Anderson",76978,2.59814492452389,0.137931034482759,14.2897970848814,1.29907246226194,13.7931034482759
2020-03-26,3,1,3,1,0,0,5,1,44,15,49,16,0,0,1,1,0,0,"Anderson",76978,2.59814492452389,0.0714285714285714,20.7851593961911,1.29907246226194,7.14285714285714
2020-03-27,4,1,4,1,0,0,6,1,53,9,59,10,0,0,0,1,0,0,"Anderson",76978,3.89721738678583,0.08,12.9907246226195,1.29907246226194,8
2020-03-28,7,3,7,3,0,0,9,3,72,19,81,22,0,0,1,2,0,0,"Anderson",76978,7.79443477357167,0.0972222222222222,28.5795941697628,3.89721738678583,9.72222222222222
2020-03-29,7,0,7,0,0,0,9,0,83,11,92,11,0,0,0,2,0,0,"Anderson",76978,7.79443477357167,0.0875,14.2897970848814,0,8.75
2020-03-30,8,1,8,1,0,0,10,1,127,44,137,45,0,0,0,2,0,0,"Anderson",76978,9.09350723583361,0.0666666666666667,58.4582608017875,1.29907246226194,6.66666666666667
2020-03-31,9,1,9,1,0,0,11,1,142,15,153,16,0,0,0,2,0,0,"Anderson",76978,10.3925796980956,0.0687022900763359,20.7851593961911,1.29907246226194,6.87022900763359
2020-04-01,9,0,9,0,0,0,11,0,163,21,174,21,0,0,0,2,0,0,"Anderson",76978,9.09350723583361,0.049645390070922,27.2805217075008,0,4.9645390070922
2020-04-02,9,0,9,0,0,0,11,0,179,16,190,16,0,0,0,2,0,0,"Anderson",76978,7.79443477357167,0.0425531914893617,20.7851593961911,0,4.25531914893617
2020-04-03,9,0,9,0,0,0,11,0,192,13,203,13,0,0,0,2,0,0,"Anderson",76978,6.49536231130972,0.0347222222222222,16.8879420094053,0,3.47222222222222
2020-04-04,9,0,9,0,0,0,11,0,219,27,230,27,0,0,0,2,0,0,"Anderson",76978,2.59814492452389,0.0134228187919463,35.0749564810725,0,1.34228187919463
2020-04-05,9,0,9,0,0,0,11,0,248,29,259,29,0,0,0,2,0,0,"Anderson",76978,2.59814492452389,0.0119760479041916,37.6731014055964,0,1.19760479041916
2020-04-06,9,0,9,0,0,0,11,0,262,14,273,14,0,0,0,2,0,0,"Anderson",76978,1.29907246226194,0.00735294117647059,18.1870144716672,0,0.735294117647059
2020-04-07,10,1,10,1,0,0,12,1,304,42,316,43,0,0,0,2,0,0,"Anderson",76978,1.29907246226194,0.00613496932515337,55.8601158772636,1.29907246226194,0.613496932515337
2020-04-08,10,0,10,0,0,0,12,0,322,18,334,18,1,1,0,2,1,1,"Anderson",76978,1.29907246226194,0.00625,23.383304320715,0,0.625
2020-04-09,10,0,10,0,0,0,12,0,350,28,362,28,0,1,0,2,1,0,"Anderson",76978,1.29907246226194,0.00581395348837209,36.3740289433345,0,0.581395348837209
2020-04-10,10,0,10,0,0,0,12,0,366,16,378,16,0,1,0,2,1,0,"Anderson",76978,1.29907246226194,0.00571428571428571,20.7851593961911,0,0.571428571428571
2020-04-11,10,0,10,0,0,0,12,0,439,73,451,73,0,1,0,2,1,0,"Anderson",76978,1.29907246226194,0.00452488687782805,94.832289745122,0,0.452488687782805
2020-04-12,12,2,12,2,0,0,14,2,477,38,491,40,0,1,0,2,1,0,"Anderson",76978,3.89721738678583,0.0129310344827586,51.9628984904778,2.59814492452389,1.29310344827586
2020-04-13,13,1,13,1,0,0,15,1,514,37,529,38,0,1,0,2,1,0,"Anderson",76978,5.19628984904778,0.015625,49.3647535659539,1.29907246226194,1.5625
2020-04-14,13,0,13,0,0,0,15,0,526,12,541,12,0,1,0,2,1,0,"Anderson",76978,3.89721738678583,0.0133333333333333,15.5888695471433,0,1.33333333333333
2020-04-15,13,0,13,0,0,0,15,0,544,18,559,18,0,1,0,2,1,0,"Anderson",76978,3.89721738678583,0.0133333333333333,23.383304320715,0,1.33333333333333
2020-04-16,13,0,13,0,0,0,15,0,566,22,581,22,0,1,0,2,1,0,"Anderson",76978,3.89721738678583,0.0136986301369863,28.5795941697628,0,1.36986301369863
2020-04-17,13,0,13,0,0,0,15,0,586,20,601,20,0,1,0,2,1,0,"Anderson",76978,3.89721738678583,0.0134529147982063,25.9814492452389,0,1.34529147982063
2020-04-18,13,0,13,0,0,0,15,0,616,30,631,30,0,1,0,2,1,0,"Anderson",76978,3.89721738678583,0.0166666666666667,38.9721738678584,0,1.66666666666667
2020-04-19,14,1,14,1,0,0,16,1,628,12,644,13,0,1,0,2,1,0,"Anderson",76978,2.59814492452389,0.0130718954248366,16.8879420094053,1.29907246226194,1.30718954248366
2020-04-20,19,5,18,4,1,1,19,3,648,20,667,23,0,1,0,2,1,0,"Anderson",76978,7.79443477357167,0.0289855072463768,29.8786666320247,6.49536231130973,2.89855072463768
2020-04-21,20,1,19,1,1,0,22,3,1071,423,1093,426,0,1,0,2,1,0,"Anderson",76978,9.09350723583361,0.0126811594202899,553.404868923589,1.29907246226194,1.26811594202899
2020-04-22,21,1,20,1,1,0,24,2,1141,70,1165,72,0,1,0,2,1,0,"Anderson",76978,10.3925796980956,0.0148514851485149,93.53321728286,1.29907246226194,1.48514851485149
2020-04-23,21,0,20,0,1,0,24,0,1191,50,1215,50,0,1,0,2,1,0,"Anderson",76978,10.3925796980956,0.0141955835962145,64.9536231130973,0,1.41955835962145
2020-04-24,22,1,21,1,1,0,25,1,1299,108,1324,109,0,1,0,2,1,0,"Anderson",76978,11.6916521603575,0.0138312586445367,141.598898386552,1.29907246226194,1.38312586445367
2020-04-25,22,0,21,0,1,0,25,0,1336,37,1361,37,0,1,0,2,1,0,"Anderson",76978,11.6916521603575,0.0136986301369863,48.065681103692,0,1.36986301369863
2020-04-26,22,0,21,0,1,0,25,0,1372,36,1397,36,0,1,0,2,1,0,"Anderson",76978,10.3925796980956,0.0119521912350598,46.76660864143,0,1.19521912350598
2020-04-27,22,0,21,0,1,0,25,0,1411,39,1436,39,0,1,0,2,1,0,"Anderson",76978,3.89721738678583,0.00780234070221066,50.6638260282159,0,0.780234070221066
2020-04-28,22,0,21,0,1,0,25,0,1690,279,1715,279,0,1,0,2,1,0,"Anderson",76978,2.59814492452389,0.00482315112540193,362.441216971083,0,0.482315112540193
2020-04-29,26,4,25,4,1,0,28,3,2068,378,2096,381,0,1,0,2,1,0,"Anderson",76978,6.49536231130972,0.00429645542427497,494.946608121801,5.19628984904778,0.429645542427497
2020-04-30,26,0,25,0,1,0,29,1,2100,32,2129,33,0,1,0,2,1,0,"Anderson",76978,6.49536231130972,0.00547045951859956,42.8693912546442,0,0.547045951859956
2020-05-01,26,0,25,0,1,0,29,0,2152,52,2181,52,0,1,0,2,1,0,"Anderson",76978,5.19628984904778,0.00466744457409568,67.5517680376211,0,0.466744457409568
2020-05-02,26,0,25,0,1,0,29,0,2219,67,2248,67,0,1,0,2,1,0,"Anderson",76978,5.19628984904778,0.00450958286358512,87.0378549715503,0,0.450958286358512
2020-05-03,27,1,26,1,1,0,30,1,2312,93,2342,94,0,1,0,2,1,0,"Anderson",76978,6.49536231130972,0.00529100529100529,122.112811452623,1.29907246226194,0.529100529100529
2020-05-04,27,0,26,0,1,0,30,0,2404,92,2434,92,0,1,0,2,1,0,"Anderson",76978,6.49536231130972,0.00501002004008016,119.514666528099,0,0.501002004008016
2020-05-05,28,1,27,1,1,0,30,0,2473,69,2503,69,0,1,0,2,1,0,"Anderson",76978,7.79443477357167,0.00634517766497462,89.6359998960742,1.29907246226194,0.634517766497462
2020-05-06,30,2,29,2,1,0,31,1,2523,50,2554,51,0,1,0,2,1,0,"Anderson",76978,5.19628984904778,0.00655021834061135,66.2526955753592,2.59814492452389,0.655021834061135
2020-05-07,30,0,29,0,1,0,33,2,2595,72,2628,74,0,1,0,2,1,0,"Anderson",76978,5.19628984904778,0.00801603206412826,96.1313622073839,0,0.801603206412826
2020-05-08,30,0,29,0,1,0,33,0,2650,55,2683,55,0,1,0,2,1,0,"Anderson",76978,5.19628984904778,0.00796812749003984,71.448985424407,0,0.796812749003984
2020-05-09,30,0,29,0,1,0,33,0,2732,82,2765,82,0,1,0,2,1,0,"Anderson",76978,5.19628984904778,0.00773694390715667,106.523941905479,0,0.773694390715667
2020-05-10,30,0,29,0,1,0,33,0,2825,93,2858,93,0,1,0,2,1,0,"Anderson",76978,3.89721738678583,0.00581395348837209,120.813738990361,0,0.581395348837209
2020-05-11,32,2,31,2,1,0,33,0,2907,82,2940,82,0,1,0,2,1,0,"Anderson",76978,6.49536231130972,0.00592885375494071,106.523941905479,2.59814492452389,0.592885375494071
2020-05-12,33,1,32,1,1,0,35,2,3040,133,3075,135,0,1,0,2,1,0,"Anderson",76978,6.49536231130972,0.00874125874125874,175.374782405363,1.29907246226194,0.874125874125874
2020-05-13,35,2,34,2,1,0,38,3,3218,178,3256,181,0,1,1,3,1,0,"Anderson",76978,6.49536231130972,0.00997150997150997,235.132115669412,2.59814492452389,0.997150997150997
2020-05-14,35,0,34,0,1,0,39,1,3344,126,3383,127,0,1,0,3,1,0,"Anderson",76978,6.49536231130972,0.00794701986754967,164.982202707267,0,0.794701986754967
2020-05-15,36,1,35,1,1,0,39,0,3415,71,3454,71,0,1,0,3,1,0,"Anderson",76978,7.79443477357167,0.00778210116731518,92.2341448205981,1.29907246226194,0.778210116731518
2020-05-16,36,0,35,0,1,0,41,2,3655,240,3696,242,0,1,0,3,1,0,"Anderson",76978,7.79443477357167,0.00859291084854995,314.375535867391,0,0.859291084854995
2020-05-17,36,0,35,0,1,0,41,0,3725,70,3766,70,0,1,0,3,1,0,"Anderson",76978,7.79443477357167,0.00881057268722467,90.9350723583361,0,0.881057268722467
2020-05-18,37,1,36,1,1,0,42,1,3802,77,3844,78,0,1,0,3,1,0,"Anderson",76978,6.49536231130972,0.00995575221238938,101.327652056432,1.29907246226194,0.995575221238938
2020-05-19,37,0,36,0,1,0,42,0,3854,52,3896,52,0,1,0,3,1,0,"Anderson",76978,5.19628984904778,0.00852618757612668,67.5517680376211,0,0.852618757612667
2020-05-20,37,0,36,0,1,0,43,1,3919,65,3962,66,0,1,0,3,1,0,"Anderson",76978,2.59814492452389,0.00708215297450425,85.7387825092884,0,0.708215297450425
2020-05-21,37,0,36,0,1,0,44,1,3999,80,4043,81,0,1,0,3,1,0,"Anderson",76978,2.59814492452389,0.00757575757575758,105.224869443218,0,0.757575757575758
2020-05-22,38,1,37,1,1,0,45,1,4027,28,4072,29,0,1,1,4,1,0,"Anderson",76978,2.59814492452389,0.00970873786407767,37.6731014055964,1.29907246226194,0.970873786407767
2020-05-23,38,0,37,0,1,0,46,1,4190,163,4236,164,0,1,0,4,1,0,"Anderson",76978,2.59814492452389,0.00925925925925926,213.047883810959,0,0.925925925925926
2020-05-24,38,0,37,0,1,0,46,0,4245,55,4291,55,0,1,0,4,1,0,"Anderson",76978,2.59814492452389,0.00952380952380952,71.448985424407,0,0.952380952380952
2020-05-25,38,0,37,0,1,0,47,1,4279,34,4326,35,0,1,0,4,1,0,"Anderson",76978,1.29907246226194,0.0103734439834025,45.4675361791681,0,1.03734439834025
2020-05-26,38,0,37,0,1,0,47,0,4410,131,4457,131,0,1,0,4,1,0,"Anderson",76978,1.29907246226194,0.0089126559714795,170.178492556315,0,0.89126559714795
2020-05-27,38,0,37,0,1,0,47,0,4513,103,4560,103,0,1,0,4,1,0,"Anderson",76978,1.29907246226194,0.00668896321070234,133.80446361298,0,0.668896321070234
2020-05-28,38,0,37,0,1,0,47,0,4561,48,4608,48,0,1,0,4,1,0,"Anderson",76978,1.29907246226194,0.00530973451327434,62.3554781885734,0,0.530973451327434
2020-05-29,39,1,38,1,1,0,47,0,4611,50,4658,50,0,1,0,4,1,0,"Anderson",76978,1.29907246226194,0.00341296928327645,64.9536231130973,1.29907246226194,0.341296928327645
2020-05-30,39,0,38,0,1,0,48,1,4663,52,4711,53,0,1,0,4,1,0,"Anderson",76978,1.29907246226194,0.00421052631578947,68.8508404998831,0,0.421052631578947
2020-05-31,40,1,39,1,1,0,49,1,4729,66,4778,67,0,1,0,4,1,0,"Anderson",76978,2.59814492452389,0.00616016427104723,87.0378549715503,1.29907246226194,0.616016427104723
2020-06-01,40,0,39,0,1,0,49,0,4853,124,4902,124,0,1,0,4,1,0,"Anderson",76978,2.59814492452389,0.00347222222222222,161.084985320481,0,0.347222222222222
2020-06-02,40,0,39,0,1,0,49,0,4980,127,5029,127,0,1,0,4,1,0,"Anderson",76978,2.59814492452389,0.0034965034965035,164.982202707267,0,0.34965034965035
2020-06-03,41,1,40,1,1,0,50,1,5040,60,5090,61,0,1,0,4,2,1,"Anderson",76978,3.89721738678583,0.00566037735849057,79.2434201979787,1.29907246226194,0.566037735849057
2020-06-04,41,0,40,0,1,0,50,0,5088,48,5138,48,1,2,0,4,2,0,"Anderson",76978,3.89721738678583,0.00566037735849057,62.3554781885734,0,0.566037735849057
2020-06-05,42,1,41,1,1,0,53,3,5145,57,5198,60,0,2,0,4,2,0,"Anderson",76978,3.89721738678583,0.0111111111111111,77.9443477357167,1.29907246226194,1.11111111111111
2020-06-06,43,1,42,1,1,0,54,1,5198,53,5252,54,0,2,0,4,2,0,"Anderson",76978,5.19628984904778,0.011090573012939,70.149912962145,1.29907246226194,1.1090573012939
2020-06-07,45,2,43,1,2,1,57,3,5293,95,5350,98,0,2,0,4,2,0,"Anderson",76978,6.49536231130972,0.013986013986014,127.309101301671,2.59814492452389,1.3986013986014
2020-06-08,46,1,44,1,2,0,57,0,5334,41,5391,41,0,2,0,4,2,0,"Anderson",76978,7.79443477357167,0.016359918200409,53.2619709527397,1.29907246226194,1.6359918200409
2020-06-09,47,1,45,1,2,0,60,3,5515,181,5575,184,0,2,0,4,2,0,"Anderson",76978,9.09350723583361,0.0201465201465201,239.029333056198,1.29907246226194,2.01465201465201
2020-06-10,52,5,50,5,2,0,63,3,5723,208,5786,211,0,2,0,4,2,0,"Anderson",76978,14.2897970848814,0.0186781609195402,274.10428953727,6.49536231130973,1.86781609195402
2020-06-11,55,3,53,3,2,0,66,3,5868,145,5934,148,0,2,1,5,2,0,"Anderson",76978,18.1870144716672,0.0201005025125628,192.262724414768,3.89721738678583,2.01005025125628
2020-06-12,57,2,55,2,2,0,70,4,5950,82,6020,86,0,2,0,5,2,0,"Anderson",76978,19.4860869339292,0.0206812652068127,111.720231754527,2.59814492452389,2.06812652068127
2020-06-13,58,1,55,0,3,1,70,0,5993,43,6063,43,0,2,0,5,2,0,"Anderson",76978,19.4860869339292,0.0197287299630086,55.8601158772636,1.29907246226194,1.97287299630086
2020-06-14,60,2,57,2,3,0,70,0,6168,175,6238,175,0,2,1,6,2,0,"Anderson",76978,19.4860869339292,0.0146396396396396,227.33768089584,2.59814492452389,1.46396396396396
2020-06-15,60,0,57,0,3,0,71,1,6226,58,6297,59,0,2,0,6,2,0,"Anderson",76978,18.1870144716672,0.0154525386313466,76.6452752734548,0,1.54525386313466
2020-06-16,64,4,61,4,3,0,75,4,6287,61,6362,65,0,2,0,6,2,0,"Anderson",76978,22.0842318584531,0.0190597204574333,84.4397100470264,5.19628984904778,1.90597204574333
2020-06-17,66,2,63,2,3,0,79,4,6324,37,6403,41,0,2,0,6,2,0,"Anderson",76978,18.1870144716672,0.0259319286871961,53.2619709527397,2.59814492452389,2.59319286871961
2020-06-18,70,4,67,4,3,0,84,5,6454,130,6538,135,0,2,0,6,2,0,"Anderson",76978,19.4860869339292,0.0298013245033113,175.374782405363,5.19628984904778,2.98013245033113
2020-06-19,72,2,69,2,3,0,86,2,6519,65,6605,67,0,2,0,6,2,0,"Anderson",76978,19.4860869339292,0.0273504273504274,87.0378549715503,2.59814492452389,2.73504273504274
2020-06-20,73,1,70,1,3,0,87,1,6557,38,6644,39,0,2,0,6,2,0,"Anderson",76978,19.4860869339292,0.0292598967297762,50.6638260282159,1.29907246226194,2.92598967297762
2020-06-21,74,1,71,1,3,0,88,1,6617,60,6705,61,0,2,0,6,2,0,"Anderson",76978,18.1870144716672,0.0385438972162741,79.2434201979787,1.29907246226194,3.85438972162741
2020-06-22,76,2,73,2,3,0,90,2,6709,92,6799,94,0,2,1,7,2,0,"Anderson",76978,20.7851593961911,0.0378486055776892,122.112811452623,2.59814492452389,3.78486055776892
2020-06-23,76,0,73,0,3,0,90,0,6798,89,6888,89,0,2,0,7,2,0,"Anderson",76978,15.5888695471433,0.0285171102661597,115.617449141313,0,2.85171102661597
2020-06-24,77,1,74,1,3,0,91,1,6829,31,6920,32,0,2,0,7,2,0,"Anderson",76978,14.2897970848814,0.02321083172147,41.5703187923822,1.29907246226194,2.321083172147
2020-06-25,81,4,78,4,3,0,92,1,6942,113,7034,114,0,2,0,7,2,0,"Anderson",76978,14.2897970848814,0.0161290322580645,148.094260697862,5.19628984904778,1.61290322580645
2020-06-26,86,5,83,5,3,0,98,6,6970,28,7068,34,0,2,0,7,2,0,"Anderson",76978,18.1870144716672,0.0259179265658747,44.1684637169061,6.49536231130973,2.59179265658747
2020-06-27,87,1,83,0,4,1,98,0,6982,12,7080,12,0,2,0,7,2,0,"Anderson",76978,18.1870144716672,0.0252293577981651,15.5888695471433,1.29907246226194,2.52293577981651
2020-06-28,91,4,87,4,4,0,106,8,7091,109,7197,117,0,2,0,7,2,0,"Anderson",76978,22.0842318584531,0.0365853658536585,151.991478084648,5.19628984904778,3.65853658536585
2020-06-29,97,6,92,5,5,1,114,8,7313,222,7427,230,0,2,1,8,2,0,"Anderson",76978,27.2805217075008,0.0382165605095541,298.786666320247,7.79443477357167,3.82165605095541
2020-06-30,102,5,96,4,6,1,120,6,7477,164,7597,170,0,2,0,8,2,0,"Anderson",76978,33.7758840188106,0.0423131170662905,220.842318584531,6.49536231130973,4.23131170662905
2020-07-01,104,2,98,2,6,0,124,4,7598,121,7722,125,0,2,0,8,2,0,"Anderson",76978,35.0749564810725,0.0411471321695761,162.384057782743,2.59814492452389,4.11471321695761
2020-07-02,110,6,104,6,6,0,130,6,7837,239,7967,245,0,2,0,8,2,0,"Anderson",76978,37.6731014055964,0.0407288317256163,318.272753254177,7.79443477357167,4.07288317256163
2020-07-03,120,10,113,9,7,1,142,12,7961,124,8103,136,0,2,0,8,2,0,"Anderson",76978,44.1684637169061,0.042512077294686,176.673854867625,12.9907246226195,4.2512077294686
2020-07-04,131,11,124,11,7,0,156,14,8145,184,8301,198,0,2,2,10,2,0,"Anderson",76978,57.1591883395256,0.0475020475020475,257.216347527865,14.2897970848814,4.75020475020475
2020-07-05,140,9,133,9,7,0,169,13,8301,156,8470,169,0,2,1,11,2,0,"Anderson",76978,63.6545506508353,0.0494893951296151,219.543246122269,11.6916521603575,4.94893951296151
2020-07-06,141,1,134,1,7,0,170,1,8328,27,8498,28,0,2,0,11,2,0,"Anderson",76978,57.1591883395256,0.0522875816993464,36.3740289433345,1.29907246226194,5.22875816993464
2020-07-07,157,16,150,16,7,0,190,20,8561,233,8751,253,0,2,0,11,2,0,"Anderson",76978,71.448985424407,0.0606585788561525,328.665332952272,20.7851593961911,6.06585788561525
2020-07-08,173,16,165,15,8,1,206,16,8701,140,8907,156,0,2,0,11,2,0,"Anderson",76978,89.6359998960742,0.0691983122362869,202.655304112863,20.7851593961911,6.91983122362869
2020-07-09,187,14,179,14,8,0,220,14,8969,268,9189,282,0,2,0,11,2,0,"Anderson",76978,100.02857959417,0.0736497545008183,366.338434357868,18.1870144716672,7.36497545008183
2020-07-10,193,6,185,6,8,0,227,7,8999,30,9226,37,0,2,1,12,2,0,"Anderson",76978,94.832289745122,0.0756901157613535,48.065681103692,7.79443477357167,7.56901157613535
2020-07-11,201,8,193,8,8,0,235,8,9168,169,9403,177,0,2,1,13,2,0,"Anderson",76978,90.9350723583361,0.0716878402903811,229.935825820364,10.3925796980956,7.16878402903811
2020-07-12,212,11,204,11,8,0,248,13,9351,183,9599,196,0,2,0,13,2,0,"Anderson",76978,93.53321728286,0.0699734278122232,254.618202603341,14.2897970848814,6.99734278122232
2020-07-13,218,6,209,5,9,1,255,7,9390,39,9645,46,0,2,2,15,2,0,"Anderson",76978,100.02857959417,0.0741063644289451,59.7573332640495,7.79443477357167,7.41063644289451
2020-07-14,229,11,219,10,10,1,266,11,9530,140,9796,151,0,2,0,15,2,0,"Anderson",76978,93.53321728286,0.0727272727272727,196.159941801554,14.2897970848814,7.27272727272727
2020-07-15,245,16,234,15,11,1,285,19,9632,102,9917,121,0,2,0,15,2,0,"Anderson",76978,93.53321728286,0.0782178217821782,157.187767933695,20.7851593961911,7.82178217821782
2020-07-16,263,18,252,18,11,0,308,23,9921,289,10229,312,0,2,1,16,2,0,"Anderson",76978,98.7295071319078,0.0846153846153846,405.310608225727,23.383304320715,8.46153846153846
2020-07-17,270,7,259,7,11,0,317,9,9992,71,10309,80,0,2,1,17,3,1,"Anderson",76978,100.02857959417,0.0831024930747922,103.925796980956,9.09350723583361,8.31024930747922
2020-07-18,277,7,266,7,11,0,328,11,10206,214,10534,225,0,2,0,17,3,0,"Anderson",76978,98.7295071319078,0.0822281167108753,292.291304008938,9.09350723583361,8.22281167108753
2020-07-19,285,8,274,8,11,0,337,9,10287,81,10624,90,0,2,2,19,3,0,"Anderson",76978,94.832289745122,0.0868292682926829,116.916521603575,10.3925796980956,8.68292682926829
2020-07-20,313,28,302,28,11,0,367,30,10456,169,10823,199,1,3,0,19,3,0,"Anderson",76978,123.411883914885,0.0950764006791171,258.515419990127,36.3740289433345,9.50764006791171
2020-07-21,336,23,324,22,12,1,391,24,10748,292,11139,316,0,3,1,20,3,0,"Anderson",76978,139.000753462028,0.0930752047654505,410.506898074775,29.8786666320247,9.30752047654505
2020-07-22,365,29,353,29,12,0,424,33,10883,135,11307,168,0,3,0,20,3,0,"Anderson",76978,155.888695471433,0.1,218.244173660007,37.6731014055964,10
2020-07-23,388,23,376,23,12,0,455,31,11310,427,11765,458,0,3,2,22,3,0,"Anderson",76978,162.384057782743,0.095703125,594.975187715971,29.8786666320247,9.5703125
2020-07-24,394,6,382,6,12,0,463,8,11422,112,11885,120,0,3,0,22,4,1,"Anderson",76978,161.084985320481,0.0926395939086294,155.888695471433,7.79443477357167,9.26395939086294
2020-07-25,426,32,413,31,13,1,499,36,11679,257,12178,293,1,4,1,23,4,0,"Anderson",76978,193.56179687703,0.104014598540146,380.62823144275,41.5703187923822,10.4014598540146
2020-07-26,465,39,451,38,14,1,541,42,12082,403,12623,445,0,4,2,25,4,0,"Anderson",76978,233.83304320715,0.102051025512756,578.087245706565,50.6638260282159,10.2051025512756
2020-07-27,483,18,468,17,15,1,562,21,12262,180,12824,201,0,4,1,26,4,0,"Anderson",76978,220.842318584531,0.0974512743628186,261.113564914651,23.383304320715,9.74512743628186
2020-07-28,523,40,508,40,15,0,608,46,12642,380,13250,426,0,4,1,27,5,1,"Anderson",76978,242.926550442984,0.10279488394126,553.404868923589,51.9628984904778,10.279488394126
2020-07-29,527,4,512,4,15,0,612,4,12678,36,13290,40,1,5,0,27,5,0,"Anderson",76978,210.449738886435,0.0948058497226425,51.9628984904778,5.19628984904778,9.48058497226425
2020-07-30,564,37,549,37,15,0,666,54,13163,485,13829,539,0,5,0,27,5,0,"Anderson",76978,228.636753358102,0.102228682170543,700.200057159188,48.065681103692,10.2228682170543
2020-07-31,576,12,561,12,15,0,680,14,13345,182,14025,196,0,5,0,27,5,0,"Anderson",76978,236.431188131674,0.101401869158878,254.618202603341,15.5888695471433,10.1401869158878
2020-08-01,599,23,584,23,15,0,705,25,13754,409,14459,434,0,5,1,28,5,0,"Anderson",76978,224.739535971316,0.0903112669881631,563.797448621684,29.8786666320247,9.03112669881631
2020-08-02,606,7,591,7,15,0,712,7,13882,128,14594,135,0,5,1,29,6,1,"Anderson",76978,183.169217178934,0.0867579908675799,175.374782405363,9.09350723583361,8.67579908675799
2020-08-03,631,25,615,24,16,1,743,31,14109,227,14852,258,0,5,0,29,6,0,"Anderson",76978,192.262724414768,0.0892504930966469,335.160695263582,32.4768115565486,8.92504930966469
2020-08-04,638,7,622,7,16,0,751,8,14352,243,15103,251,2,7,0,29,6,0,"Anderson",76978,149.393333160124,0.0771721532649757,326.067188027748,9.09350723583361,7.71721532649757
2020-08-05,653,15,637,15,16,0,770,19,14561,209,15331,228,-1,6,0,29,6,0,"Anderson",76978,163.683130245005,0.0774130328270456,296.188521395723,19.4860869339292,7.74130328270456
2020-08-06,675,22,659,22,16,0,800,30,14882,321,15682,351,0,6,1,30,6,0,"Anderson",76978,144.197043311076,0.0723151645979493,455.974434253943,28.5795941697628,7.23151645979493
2020-08-07,679,4,663,4,16,0,804,4,14963,81,15767,85,0,6,0,30,6,0,"Anderson",76978,133.80446361298,0.0711825487944891,110.421159292265,5.19628984904778,7.11825487944891
2020-08-08,690,11,674,11,16,0,820,16,15283,320,16103,336,0,6,0,30,6,0,"Anderson",76978,118.215594065837,0.0699513381995134,436.488347320014,14.2897970848814,6.99513381995134
2020-08-09,697,7,681,7,16,0,829,9,15420,137,16249,146,0,6,0,30,6,0,"Anderson",76978,118.215594065837,0.0706948640483384,189.664579490244,9.09350723583361,7.06948640483384
2020-08-10,702,5,686,5,16,0,835,6,15559,139,16394,145,0,6,0,30,6,0,"Anderson",76978,92.2341448205981,0.059662775616083,188.365507027982,6.49536231130973,5.9662775616083
2020-08-11,723,21,707,21,16,0,857,22,15762,203,16619,225,0,6,1,31,6,0,"Anderson",76978,110.421159292265,0.0699208443271768,292.291304008938,27.2805217075008,6.99208443271768
2020-08-12,731,8,715,8,16,0,865,8,16001,239,16866,247,0,6,0,31,6,0,"Anderson",76978,101.327652056432,0.0618892508143322,320.8708981787,10.3925796980956,6.18892508143322
2020-08-13,749,18,733,18,16,0,889,24,16229,228,17118,252,1,7,2,33,6,0,"Anderson",76978,96.1313622073839,0.0619777158774373,327.36626049001,23.383304320715,6.19777158774373
2020-08-14,766,17,749,16,17,1,911,22,16558,329,17469,351,0,7,0,33,6,0,"Anderson",76978,113.019304216789,0.0628672150411281,455.974434253943,22.0842318584531,6.28672150411281
2020-08-15,776,10,759,10,17,0,923,12,16781,223,17704,235,-1,6,0,33,6,0,"Anderson",76978,111.720231754527,0.0643347907557776,305.282028631557,12.9907246226195,6.43347907557776
2020-08-16,788,12,771,12,17,0,937,14,16923,142,17860,156,0,6,0,33,7,1,"Anderson",76978,118.215594065837,0.0670391061452514,202.655304112863,15.5888695471433,6.70391061452514
2020-08-17,792,4,775,4,17,0,940,3,16966,43,17906,46,0,6,0,33,7,0,"Anderson",76978,116.916521603575,0.0694444444444444,59.7573332640495,5.19628984904778,6.94444444444444
2020-08-18,806,14,789,14,17,0,957,17,17129,163,18086,180,0,6,0,33,7,0,"Anderson",76978,107.823014367741,0.0681663258350375,233.83304320715,18.1870144716672,6.81663258350375
2020-08-19,820,14,803,14,17,0,971,14,17303,174,18274,188,0,6,0,33,7,0,"Anderson",76978,115.617449141313,0.0752840909090909,244.225622905246,18.1870144716672,7.52840909090909
2020-08-20,835,15,818,15,17,0,987,16,17745,442,18732,458,0,6,0,33,8,1,"Anderson",76978,111.720231754527,0.0607187112763321,594.975187715971,19.4860869339292,6.07187112763321
2020-08-21,838,3,821,3,17,0,990,3,17781,36,18771,39,1,7,0,33,8,0,"Anderson",76978,93.53321728286,0.0606758832565284,50.6638260282159,3.89721738678583,6.06758832565284
2020-08-22,856,18,839,18,17,0,1009,19,18325,544,19334,563,1,8,1,34,8,0,"Anderson",76978,103.925796980956,0.052760736196319,731.377796253475,23.383304320715,5.2760736196319
2020-08-23,857,1,840,1,17,0,1010,1,18409,84,19419,85,0,8,0,34,8,0,"Anderson",76978,89.6359998960742,0.0468248877485568,110.421159292265,1.29907246226194,4.68248877485568
2020-08-24,858,1,840,0,18,1,1010,0,18448,39,19458,39,0,8,0,34,8,0,"Anderson",76978,85.7387825092884,0.0451030927835052,50.6638260282159,1.29907246226194,4.51030927835052
2020-08-25,866,8,848,8,18,0,1018,8,18600,152,19618,160,0,8,1,35,8,0,"Anderson",76978,77.9443477357167,0.0398172323759791,207.851593961911,10.3925796980956,3.98172323759791
2020-08-26,872,6,854,6,18,0,1024,6,18780,180,19804,186,0,8,0,35,8,0,"Anderson",76978,67.5517680376211,0.034640522875817,241.627477980722,7.79443477357167,3.4640522875817
2020-08-27,875,3,857,3,18,0,1027,3,19191,411,20218,414,0,8,0,35,8,0,"Anderson",76978,51.9628984904778,0.0269179004037685,537.815999376445,3.89721738678583,2.69179004037685
2020-08-28,875,0,857,0,18,0,1027,0,19229,38,20256,38,0,8,0,35,8,0,"Anderson",76978,48.065681103692,0.0249158249158249,49.3647535659539,0,2.49158249158249
2020-08-29,884,9,865,8,19,1,1035,8,19491,262,20526,270,0,8,0,35,8,0,"Anderson",76978,36.3740289433345,0.0218120805369128,350.749564810725,11.6916521603575,2.18120805369128
2020-08-30,900,16,881,16,19,0,1051,16,19574,83,20625,99,0,8,0,35,8,0,"Anderson",76978,55.8601158772636,0.0339966832504146,128.608173763933,20.7851593961911,3.39966832504146
2020-08-31,902,2,883,2,19,0,1053,2,19632,58,20685,60,0,8,0,35,8,0,"Anderson",76978,57.1591883395256,0.0350448247758761,77.9443477357167,2.59814492452389,3.50448247758761
2020-09-01,909,7,889,6,20,1,1059,6,19743,111,20802,117,0,8,0,35,8,0,"Anderson",76978,55.8601158772636,0.0346283783783784,151.991478084648,9.09350723583361,3.46283783783784
2020-09-02,917,8,895,6,22,2,1069,10,20059,316,21128,326,0,8,0,35,8,0,"Anderson",76978,58.4582608017875,0.033987915407855,423.497622697394,10.3925796980956,3.3987915407855
2020-09-03,933,16,909,14,24,2,1085,16,20383,324,21468,340,0,8,0,35,9,1,"Anderson",76978,75.3462028111928,0.0464,441.684637169061,20.7851593961911,4.64
2020-09-04,942,9,917,8,25,1,1095,10,20572,189,21667,199,0,8,0,35,9,0,"Anderson",76978,87.0378549715503,0.0481927710843374,258.515419990127,11.6916521603575,4.81927710843374
2020-09-05,961,19,936,19,25,0,1116,21,20841,269,21957,290,0,8,1,36,10,1,"Anderson",76978,100.02857959417,0.0566037735849057,376.731014055964,24.682376782977,5.66037735849057
2020-09-06,963,2,938,2,25,0,1118,2,20897,56,22015,58,0,8,0,36,10,0,"Anderson",76978,81.8415651225025,0.0482014388489209,75.3462028111928,2.59814492452389,4.82014388489209
2020-09-07,966,3,941,3,25,0,1123,5,20985,88,22108,93,0,8,0,36,10,0,"Anderson",76978,83.1406375847645,0.0491918482080112,120.813738990361,3.89721738678583,4.91918482080112
2020-09-08,975,9,944,3,31,6,1127,4,21160,175,22287,179,1,9,0,36,10,0,"Anderson",76978,85.7387825092884,0.0457912457912458,232.533970744888,11.6916521603575,4.57912457912458
2020-09-09,984,9,953,9,31,0,1136,9,21401,241,22537,250,0,9,1,37,11,1,"Anderson",76978,87.0378549715503,0.0475514549325763,324.768115565486,11.6916521603575,4.75514549325763
2020-09-10,1013,29,981,28,32,1,1166,30,21770,369,22936,399,1,10,0,37,11,0,"Anderson",76978,103.925796980956,0.0551771117166213,518.329912442516,37.6731014055964,5.51771117166213
2020-09-11,1014,1,982,1,32,0,1168,2,21903,133,23071,135,0,10,0,37,11,0,"Anderson",76978,93.53321728286,0.051994301994302,175.374782405363,1.29907246226194,5.1994301994302
2020-09-12,1017,3,985,3,32,0,1173,5,22045,142,23218,147,0,10,0,37,11,0,"Anderson",76978,72.7480578866689,0.0452022204599524,190.963651952506,3.89721738678583,4.52022204599524
2020-09-13,1038,21,1005,20,33,1,1194,21,22289,244,23483,265,0,10,1,38,11,0,"Anderson",76978,97.4304346696459,0.0517711171662125,344.254202499415,27.2805217075008,5.17711171662125
2020-09-14,1044,6,1010,5,34,1,1200,6,22395,106,23595,112,0,10,1,39,11,0,"Anderson",76978,101.327652056432,0.0517821116341627,145.496115773338,7.79443477357167,5.17821116341627
2020-09-15,1060,16,1026,16,34,0,1217,17,22635,240,23852,257,1,11,1,40,12,1,"Anderson",76978,110.421159292265,0.0575079872204473,333.86162280132,20.7851593961911,5.75079872204473
2020-09-16,1068,8,1034,8,34,0,1229,12,22771,136,24000,148,0,11,0,40,12,0,"Anderson",76978,109.122086830003,0.063568010936432,192.262724414768,10.3925796980956,6.3568010936432
2020-09-17,1090,22,1054,20,36,2,1249,20,23192,421,24441,441,0,11,1,41,12,0,"Anderson",76978,100.02857959417,0.0551495016611296,572.890955857518,28.5795941697628,5.51495016611296
2020-09-18,1109,19,1073,19,36,0,1267,18,23416,224,24683,242,0,11,0,41,12,0,"Anderson",76978,123.411883914885,0.0614143920595533,314.375535867391,24.682376782977,6.14143920595533
2020-09-19,1124,15,1088,15,36,0,1288,21,23698,282,24986,303,0,11,1,42,12,0,"Anderson",76978,139.000753462028,0.0650452488687783,393.618956065369,19.4860869339292,6.50452488687783
2020-09-20,1131,7,1095,7,36,0,1298,10,23850,152,25148,162,0,11,0,42,13,1,"Anderson",76978,120.813738990361,0.0624624624624625,210.449738886435,9.09350723583361,6.24624624624625
2020-09-21,1133,2,1097,2,36,0,1300,2,23883,33,25183,35,0,11,0,42,13,0,"Anderson",76978,115.617449141313,0.0629722921914358,45.4675361791681,2.59814492452389,6.29722921914358
2020-09-22,1147,14,1111,14,36,0,1317,17,24131,248,25448,265,0,11,1,43,13,0,"Anderson",76978,113.019304216789,0.06265664160401,344.254202499415,18.1870144716672,6.265664160401
2020-09-23,1147,0,1111,0,36,0,1317,0,24172,41,25489,41,0,11,0,43,13,0,"Anderson",76978,102.626724518694,0.0591000671591672,53.2619709527397,0,5.91000671591672
2020-09-24,1160,13,1124,13,36,0,1332,15,24496,324,25828,339,1,12,0,43,13,0,"Anderson",76978,90.9350723583361,0.0598413842826244,440.385564706799,16.8879420094053,5.98413842826244
2020-09-25,1174,14,1137,13,37,1,1345,13,24732,236,26077,249,1,13,0,43,13,0,"Anderson",76978,84.4397100470264,0.0559540889526542,323.469043103224,18.1870144716672,5.59540889526542
2020-09-26,1188,14,1151,14,37,0,1362,17,25031,299,26393,316,0,13,0,43,13,0,"Anderson",76978,83.1406375847645,0.0525941719971571,410.506898074775,18.1870144716672,5.25941719971571
2020-09-27,1207,19,1168,17,39,2,1378,16,25238,207,26616,223,0,13,0,43,13,0,"Anderson",76978,98.7295071319078,0.0544959128065395,289.693159084414,24.682376782977,5.44959128065395
2020-09-28,1210,3,1170,2,40,1,1380,2,25275,37,26655,39,0,13,0,43,13,0,"Anderson",76978,100.02857959417,0.0543478260869565,50.6638260282159,3.89721738678583,5.43478260869565
2020-09-29,1221,11,1180,10,41,1,1390,10,25569,294,26959,304,0,13,0,43,13,0,"Anderson",76978,96.1313622073839,0.0483123759099934,394.918028527631,14.2897970848814,4.83123759099934
2020-09-30,1233,12,1190,10,43,2,1400,10,25635,66,27035,76,0,13,0,43,13,0,"Anderson",76978,111.720231754527,0.0536869340232859,98.7295071319078,15.5888695471433,5.36869340232859
2020-10-01,1249,16,1204,14,45,2,1415,15,25915,280,27330,295,0,13,0,43,13,0,"Anderson",76978,115.617449141313,0.0552596537949401,383.226376367274,20.7851593961911,5.52596537949401
2020-10-02,1256,7,1210,6,46,1,1422,7,25997,82,27419,89,0,13,0,43,13,0,"Anderson",76978,106.523941905479,0.0573770491803279,115.617449141313,9.09350723583361,5.73770491803279
2020-10-03,1272,16,1226,16,46,0,1446,24,26261,264,27707,288,0,13,0,43,13,0,"Anderson",76978,109.122086830003,0.0639269406392694,374.13286913144,20.7851593961911,6.39269406392694
2020-10-04,1288,16,1240,14,48,2,1462,16,26598,337,28060,353,0,13,0,43,13,0,"Anderson",76978,105.224869443218,0.0581717451523546,458.572579178467,20.7851593961911,5.81717451523546
2020-10-05,1314,26,1265,25,49,1,1489,27,26809,211,28298,238,0,13,1,44,13,0,"Anderson",76978,135.103536075242,0.0663420572124163,309.179246018343,33.7758840188106,6.63420572124163
2020-10-06,1342,28,1292,27,50,1,1520,31,27146,337,28666,368,0,13,1,45,13,0,"Anderson",76978,157.187767933695,0.0761570005858231,478.058666112396,36.3740289433345,7.61570005858231
2020-10-07,1348,6,1298,6,50,0,1528,8,27381,235,28909,243,0,13,0,45,13,0,"Anderson",76978,149.393333160124,0.0683030949839915,315.674608329653,7.79443477357167,6.83030949839915
2020-10-08,1358,10,1306,8,52,2,1537,9,27620,239,29157,248,0,13,1,46,13,0,"Anderson",76978,141.598898386552,0.066776135741653,322.169970640962,12.9907246226195,6.6776135741653
2020-10-09,1373,15,1319,13,54,2,1553,16,27793,173,29346,189,0,13,0,46,13,0,"Anderson",76978,151.991478084648,0.0679813181110535,245.524695367508,19.4860869339292,6.79813181110535
2020-10-10,1389,16,1335,16,54,0,1573,20,28005,212,29578,232,0,13,1,47,14,1,"Anderson",76978,151.991478084648,0.0678781400320684,301.384811244771,20.7851593961911,6.78781400320684
2020-10-11,1417,28,1363,28,54,0,1604,31,28294,289,29898,320,0,13,0,47,14,0,"Anderson",76978,167.580347631791,0.0772578890097933,415.703187923822,36.3740289433345,7.72578890097933
2020-10-12,1433,16,1378,15,55,1,1620,16,28373,79,29993,95,0,13,0,47,14,0,"Anderson",76978,154.589623009171,0.0772861356932153,123.411883914885,20.7851593961911,7.72861356932153
2020-10-13,1453,20,1396,18,57,2,1638,18,28494,121,30132,139,0,13,0,47,14,0,"Anderson",76978,144.197043311076,0.0804911323328786,180.57107225441,25.9814492452389,8.04911323328786
2020-10-14,1475,22,1418,22,57,0,1662,24,28794,300,30456,324,0,13,0,47,14,0,"Anderson",76978,164.982202707267,0.0866192630898513,420.89947777287,28.5795941697628,8.66192630898513
2020-10-15,1497,22,1434,16,63,6,1676,14,28945,151,30621,165,0,13,1,48,14,0,"Anderson",76978,180.57107225441,0.0949453551912568,214.346956273221,28.5795941697628,9.49453551912568
2020-10-16,1504,7,1437,3,67,4,1680,4,29044,99,30724,103,0,13,0,48,15,1,"Anderson",76978,170.178492556315,0.0921625544267054,133.80446361298,9.09350723583361,9.21625544267054
2020-10-17,1532,28,1464,27,68,1,1710,30,29292,248,31002,278,0,13,2,50,15,0,"Anderson",76978,185.767362103458,0.0962078651685393,361.142144508821,36.3740289433345,9.62078651685393
2020-10-18,1551,19,1483,19,68,0,1732,22,29531,239,31263,261,0,13,0,50,15,0,"Anderson",76978,174.075709943101,0.0937728937728938,339.057912650368,24.682376782977,9.37728937728938
2020-10-19,1555,4,1487,4,68,0,1737,5,29608,77,31345,82,0,13,1,51,15,0,"Anderson",76978,158.486840395957,0.0865384615384615,106.523941905479,5.19628984904778,8.65384615384615
2020-10-20,1582,27,1514,27,68,0,1772,35,29807,199,31579,234,0,13,0,51,15,0,"Anderson",76978,167.580347631791,0.092605390463027,303.982956169295,35.0749564810725,9.2605390463027
2020-10-21,1599,17,1531,17,68,0,1791,19,30023,216,31814,235,0,13,1,52,15,0,"Anderson",76978,161.084985320481,0.0949926362297496,305.282028631557,22.0842318584531,9.49926362297496
2020-10-22,1620,21,1552,21,68,0,1816,25,30355,332,32171,357,1,14,0,52,15,0,"Anderson",76978,159.785912858219,0.0903225806451613,463.768869027514,27.2805217075008,9.03225806451613
2020-10-23,1635,15,1566,14,69,1,1832,16,30630,275,32462,291,0,14,0,52,15,0,"Anderson",76978,170.178492556315,0.0874568469505178,378.030086518226,19.4860869339292,8.74568469505178
2020-10-24,1666,31,1596,30,70,1,1865,33,31006,376,32871,409,0,14,2,54,17,2,"Anderson",76978,174.075709943101,0.082932049224184,531.320637065136,40.2712463301203,8.29320492241841
2020-10-25,1683,17,1612,16,71,1,1884,19,31202,196,33086,215,0,14,4,58,17,0,"Anderson",76978,171.477565018577,0.0833790455293472,279.300579386318,22.0842318584531,8.33790455293472
2020-10-26,1699,16,1627,15,72,1,1902,18,31336,134,33238,152,-1,13,1,59,17,0,"Anderson",76978,187.06643456572,0.0871632329635499,197.459014263816,20.7851593961911,8.71632329635499
2020-10-27,1728,29,1651,24,77,5,1926,24,31491,155,33417,179,1,14,2,61,17,0,"Anderson",76978,189.664579490244,0.0837867247007617,232.533970744888,37.6731014055964,8.37867247007617
2020-10-28,1784,56,1705,54,79,2,1985,59,31925,434,33910,493,0,14,0,61,17,0,"Anderson",76978,240.32840551846,0.092557251908397,640.442723895139,72.7480578866689,9.25572519083969
2020-10-29,1813,29,1726,21,87,8,2004,19,32131,206,34135,225,0,14,2,63,17,0,"Anderson",76978,250.720985216555,0.0957230142566191,292.291304008938,37.6731014055964,9.57230142566191
2020-10-30,1850,37,1760,34,90,3,2042,38,32282,151,34324,189,2,16,1,64,17,0,"Anderson",76978,279.300579386318,0.112781954887218,245.524695367508,48.065681103692,11.2781954887218
2020-10-31,1850,0,1760,0,90,0,2042,0,32283,1,34325,1,0,16,0,64,19,2,"Anderson",76978,239.029333056198,0.121733149931224,1.29907246226194,0,12.1733149931224
2020-11-01,1855,5,1765,5,90,0,2050,8,32527,244,34577,252,0,16,0,64,19,0,"Anderson",76978,223.440463509055,0.111334674714956,327.36626049001,6.49536231130973,11.1334674714956
2020-11-02,1888,33,1796,31,92,2,2085,35,32794,267,34879,302,0,16,0,64,20,1,"Anderson",76978,245.524695367508,0.111517367458867,392.319883603107,42.8693912546442,11.1517367458867
2020-11-03,1914,26,1821,25,93,1,2110,25,32974,180,35084,205,0,16,0,64,21,1,"Anderson",76978,241.627477980722,0.110377924415117,266.309854763699,33.7758840188106,11.0377924415117
2020-11-04,1932,18,1836,15,96,3,2128,18,33052,78,35180,96,2,18,1,65,21,0,"Anderson",76978,192.262724414768,0.11259842519685,124.710956377147,23.383304320715,11.259842519685
2020-11-05,1956,24,1854,18,102,6,2148,20,33151,99,35299,119,0,18,0,65,22,1,"Anderson",76978,185.767362103458,0.123711340206186,154.589623009171,31.1777390942867,12.3711340206186
2020-11-06,2005,49,1900,46,105,3,2197,49,33518,367,35715,416,0,18,2,67,23,1,"Anderson",76978,201.356231650601,0.111430625449317,540.414144300969,63.6545506508353,11.1430625449317
2020-11-07,2085,80,1977,77,108,3,2274,77,33965,447,36239,524,0,18,0,67,23,0,"Anderson",76978,305.282028631557,0.121212121212121,680.713970225259,103.925796980956,12.1212121212121
2020-11-08,2139,54,2028,51,111,3,2336,62,34575,610,36911,672,0,18,1,68,23,0,"Anderson",76978,368.936579282392,0.122536418166238,872.976694640027,70.149912962145,12.2536418166238
2020-11-09,2147,8,2035,7,112,1,2345,9,34649,74,36994,83,0,18,0,68,23,0,"Anderson",76978,336.459767725844,0.122931442080378,107.823014367741,10.3925796980956,12.2931442080378
2020-11-10,2166,19,2053,18,113,1,2367,22,34820,171,37187,193,0,18,1,69,23,0,"Anderson",76978,327.36626049001,0.122206371849738,250.720985216555,24.682376782977,12.2206371849738
2020-11-11,2205,39,2089,36,116,3,2409,42,35093,273,37502,315,1,19,1,70,23,0,"Anderson",76978,354.646782197511,0.121016365202412,409.207825612513,50.6638260282159,12.1016365202412
2020-11-12,2212,7,2095,6,117,1,2417,8,35291,198,37708,206,0,19,0,70,24,1,"Anderson",76978,332.562550339058,0.111664591116646,267.608927225961,9.09350723583361,11.1664591116646
2020-11-13,2268,56,2148,53,120,3,2476,59,35552,261,38028,320,2,21,2,72,24,0,"Anderson",76978,341.656057574892,0.120622568093385,415.703187923822,72.7480578866689,12.0622568093385
2020-11-14,2309,41,2188,40,121,1,2521,45,35948,396,38469,441,1,22,1,73,25,1,"Anderson",76978,290.992231546676,0.110762331838565,572.890955857518,53.2619709527397,11.0762331838565
2020-11-15,2407,98,2286,98,121,0,2629,108,36530,582,39159,690,1,23,1,74,25,0,"Anderson",76978,348.151419886201,0.130338078291815,896.359998960742,127.309101301671,13.0338078291815
2020-11-16,2456,49,2315,29,141,20,2658,29,36807,277,39465,306,0,23,1,75,25,0,"Anderson",76978,401.413390838941,0.126669364629705,397.516173452155,63.6545506508353,12.6669364629705
2020-11-17,2472,16,2330,15,142,1,2674,16,37012,205,39686,221,2,25,1,76,26,1,"Anderson",76978,397.516173452155,0.122849139655862,287.09501415989,20.7851593961911,12.2849139655862
2020-11-18,2502,30,2356,26,146,4,2700,26,37306,294,40006,320,0,25,0,76,27,1,"Anderson",76978,385.824521291798,0.116214057507987,415.703187923822,38.9721738678584,11.6214057507987
2020-11-19,2560,58,2410,54,150,4,2762,62,37722,416,40484,478,0,25,1,77,27,0,"Anderson",76978,452.077216867157,0.124279538904899,620.95663696121,75.3462028111928,12.4279538904899
2020-11-20,2590,30,2437,27,153,3,2793,31,37835,113,40628,144,0,25,0,77,28,1,"Anderson",76978,418.301332848346,0.121923076923077,187.06643456572,38.9721738678584,12.1923076923077
2020-11-21,2647,57,2486,49,161,8,2841,48,38179,344,41020,392,0,25,1,78,28,0,"Anderson",76978,439.086492244537,0.125441003528028,509.236405206682,74.0471303489309,12.5441003528028
2020-11-22,2703,56,2535,49,168,7,2898,57,38662,483,41560,540,0,25,1,79,31,3,"Anderson",76978,384.525448829536,0.112036651395252,701.49912962145,72.7480578866689,11.2036651395252
2020-11-23,2710,7,2541,6,169,1,2904,6,38684,22,41588,28,0,25,0,79,32,1,"Anderson",76978,329.964405414534,0.115873763542157,36.3740289433345,9.09350723583361,11.5873763542157
2020-11-24,2723,13,2553,12,170,1,2916,12,38841,157,41757,169,2,27,0,79,32,0,"Anderson",76978,326.067188027748,0.116851762433607,219.543246122269,16.8879420094053,11.6851762433607
2020-11-25,2751,28,2574,21,177,7,2937,21,38878,37,41815,58,1,28,0,79,32,0,"Anderson",76978,323.469043103224,0.131011608623549,75.3462028111928,36.3740289433345,13.1011608623549
2020-11-26,2796,45,2616,42,180,3,2982,45,39228,350,42210,395,0,28,1,80,33,1,"Anderson",76978,306.581101093819,0.127462340672074,513.133622593468,58.4582608017875,12.7462340672074
2020-11-27,2895,99,2706,90,189,9,3077,95,39654,426,42731,521,0,28,3,83,35,2,"Anderson",76978,396.217100989893,0.135045173561579,676.816752838473,128.608173763933,13.5045173561579
2020-11-28,2926,31,2731,25,195,6,3107,30,39797,143,42904,173,1,29,2,85,35,0,"Anderson",76978,362.441216971083,0.141188959660297,224.739535971316,40.2712463301203,14.1188959660297
2020-11-29,3017,91,2820,89,197,2,3203,96,40234,437,43437,533,0,29,1,86,35,0,"Anderson",76978,407.908753150251,0.162493340436867,692.405622385617,118.215594065837,16.2493340436867
2020-11-30,3087,70,2886,66,201,4,3276,73,40486,252,43762,325,0,29,0,86,37,2,"Anderson",76978,489.750318272753,0.171113155473781,422.198550235132,90.9350723583361,17.1113155473781
2020-12-01,3163,76,2952,66,211,10,3348,72,40916,430,44264,502,1,30,6,92,38,1,"Anderson",76978,571.591883395256,0.172317510969286,652.134376055496,98.7295071319078,17.2317510969286
2020-12-02,3178,15,2966,14,212,1,3364,16,41024,108,44388,124,0,30,0,92,38,0,"Anderson",76978,554.70394138585,0.165954139137194,161.084985320481,19.4860869339292,16.5954139137194
2020-12-03,3219,41,2995,29,224,12,3397,33,41249,225,44646,258,1,31,1,93,39,1,"Anderson",76978,549.507651536803,0.170361247947455,335.160695263582,53.2619709527397,17.0361247947455
2020-12-04,3286,67,3055,60,231,7,3460,63,41407,158,44867,221,1,32,0,93,39,0,"Anderson",76978,507.93733274442,0.179307116104869,287.09501415989,87.0378549715503,17.9307116104869
2020-12-05,3317,31,3074,19,243,12,3478,18,41474,67,44952,85,0,32,0,93,39,0,"Anderson",76978,507.93733274442,0.18115234375,110.421159292265,40.2712463301203,18.115234375
2020-12-06,3353,36,3103,29,250,7,3506,28,41682,208,45188,236,0,32,2,95,40,1,"Anderson",76978,436.488347320014,0.173043974871502,306.581101093819,46.76660864143,17.3043974871502
2020-12-07,3493,140,3227,124,266,16,3642,136,42275,593,45917,729,2,34,4,99,41,1,"Anderson",76978,527.42341967835,0.169837587006961,947.023824988958,181.870144716672,16.9837587006961
2020-12-08,3564,71,3276,49,288,22,3694,52,42573,298,46267,350,1,35,2,101,43,2,"Anderson",76978,520.92805736704,0.172740888667,454.675361791681,92.2341448205981,17.2740888666999
2020-12-09,3669,105,3367,91,302,14,3798,104,42834,261,46632,365,0,35,3,104,44,1,"Anderson",76978,637.844578970615,0.193404634581105,474.16144872561,136.402608537504,19.3404634581105
2020-12-10,3763,94,3445,78,318,16,3885,87,43365,531,47250,618,3,38,3,107,45,1,"Anderson",76978,706.695419470498,0.187403993855607,802.826781677882,122.112811452623,18.7403993855607
2020-12-11,3836,73,3498,53,338,20,3936,51,43531,166,47467,217,1,39,2,109,45,0,"Anderson",76978,714.48985424407,0.183076923076923,281.898724310842,94.832289745122,18.3076923076923
2020-12-12,3924,88,3559,61,365,27,4001,65,44044,513,48045,578,0,39,2,111,45,0,"Anderson",76978,788.536984593001,0.169091496928548,750.863883187404,114.318376679051,16.9091496928548
2020-12-13,4156,232,3742,183,414,49,4205,204,44916,872,49121,1076,1,40,0,111,47,2,"Anderson",76978,1043.15518719634,0.177726926010679,1397.80196939385,301.384811244771,17.7726926010679
2020-12-14,4271,115,3828,86,443,29,4304,99,45206,290,49510,389,0,40,1,112,48,1,"Anderson",76978,1010.67837563979,0.184247147230726,505.339187819897,149.393333160124,18.4247147230726
2020-12-15,4406,135,3913,85,493,50,4400,96,45733,527,50133,623,1,41,6,118,51,3,"Anderson",76978,1093.81901322456,0.182617692705639,809.322143989192,175.374782405363,18.2617692705639
2020-12-16,4475,69,3943,30,532,39,4436,36,46056,323,50492,359,2,43,4,122,52,1,"Anderson",76978,1047.05240458313,0.165284974093264,466.367013952038,89.6359998960742,16.5284974093264
2020-12-17,4676,201,4117,174,559,27,4630,194,46584,528,51214,722,2,45,2,124,54,2,"Anderson",76978,1186.05315804516,0.187941473259334,937.930317753124,261.113564914651,18.7941473259334
2020-12-18,4774,98,4193,76,581,22,4717,87,46950,366,51667,453,1,46,2,126,54,0,"Anderson",76978,1218.5299696017,0.185952380952381,588.479825404661,127.309101301671,18.5952380952381
2020-12-19,4879,105,4274,81,605,24,4804,87,47208,258,52012,345,0,46,1,127,55,1,"Anderson",76978,1240.61420146016,0.202419964708848,448.179999480371,136.402608537504,20.2419964708848
2020-12-20,5019,140,4396,122,623,18,4941,137,47672,464,52613,601,2,48,3,130,56,1,"Anderson",76978,1121.09953493206,0.210767468499427,780.742549819429,181.870144716672,21.0767468499427
2020-12-21,5066,47,4414,18,652,29,4964,23,47892,220,52856,243,3,51,2,132,59,3,"Anderson",76978,1032.76260749825,0.197250448296473,315.674608329653,61.0564057263114,19.7250448296473
2020-12-22,5136,70,4458,44,678,26,5011,47,47998,106,53009,153,1,52,2,134,64,5,"Anderson",76978,948.32289745122,0.212447844228095,198.758086726078,90.9350723583361,21.2447844228095
2020-12-23,5210,74,4500,42,710,32,5054,43,48314,316,53368,359,2,54,2,136,66,2,"Anderson",76978,954.81825976253,0.214881780250348,466.367013952038,96.1313622073839,21.4881780250348
2020-12-24,5268,58,4524,24,744,34,5081,27,48466,152,53547,179,1,55,1,137,71,5,"Anderson",76978,769.050897659071,0.193313330475782,232.533970744888,75.3462028111928,19.3313330475782
2020-12-25,5361,93,4601,77,760,16,5173,92,48875,409,54048,501,0,55,1,138,72,1,"Anderson",76978,762.555535347762,0.191516169676606,650.835303593234,120.813738990361,19.1516169676606
2020-12-26,5417,56,4630,29,787,27,5201,28,48994,119,54195,147,0,55,3,141,74,2,"Anderson",76978,698.900984696926,0.181859825927623,190.963651952506,72.7480578866689,18.1859825927623
2020-12-27,5477,60,4667,37,810,23,5237,36,49130,136,54367,172,1,56,6,147,75,1,"Anderson",76978,594.975187715971,0.168757126567845,223.440463509055,77.9443477357167,16.8757126567845
2020-12-28,5524,47,4688,21,836,26,5257,20,49199,69,54456,89,2,58,4,151,82,7,"Anderson",76978,594.975187715971,0.183125,115.617449141313,61.0564057263114,18.3125
2020-12-29,5620,96,4740,52,880,44,5305,48,49294,95,54599,143,2,60,5,156,85,3,"Anderson",76978,628.751071734781,0.184905660377358,185.767362103458,124.710956377147,18.4905660377358
2020-12-30,5655,35,4758,18,897,17,5322,17,49422,128,54744,145,6,66,1,157,88,3,"Anderson",76978,578.087245706566,0.194767441860465,188.365507027982,45.4675361791681,19.4767441860465
2020-12-31,5818,163,4858,100,960,63,5424,102,49726,304,55150,406,6,72,1,158,93,5,"Anderson",76978,714.48985424407,0.213973799126638,527.42341967835,211.748811348697,21.3973799126638
2021-01-01,5883,65,4900,42,983,23,5479,55,50002,276,55481,331,0,72,2,160,94,1,"Anderson",76978,678.115825300735,0.213538032100488,429.992985008704,84.4397100470264,21.3538032100488
2021-01-02,5976,93,4941,41,1035,52,5520,41,50287,285,55807,326,0,72,2,162,96,2,"Anderson",76978,726.181506404427,0.197890818858561,423.497622697394,120.813738990361,19.7890818858561
2021-01-03,6001,25,4953,12,1048,13,5536,16,50339,52,55875,68,0,72,1,163,99,3,"Anderson",76978,680.713970225259,0.198275862068966,88.3369274338123,32.4768115565486,19.8275862068966
2021-01-04,6038,37,4977,24,1061,13,5567,31,50446,107,56013,138,1,73,0,163,104,5,"Anderson",76978,667.72324560264,0.199100834938985,179.271999792148,48.065681103692,19.9100834938985
2021-01-05,6110,72,5008,31,1102,41,5598,31,50564,118,56162,149,2,75,2,165,107,3,"Anderson",76978,636.545506508353,0.187460012795905,193.56179687703,93.53321728286,18.7460012795905
2021-01-06,6184,74,5048,40,1136,34,5641,43,50725,161,56366,204,5,80,2,167,109,2,"Anderson",76978,687.209332536569,0.196670776818742,265.010782301437,96.1313622073839,19.6670776818742
2021-01-07,6289,105,5128,80,1161,25,5733,92,50946,221,56679,313,1,81,1,168,112,3,"Anderson",76978,611.863129725376,0.202092871157619,406.609680687989,136.402608537504,20.2092871157619
2021-01-08,6372,83,5179,51,1193,32,5785,52,51145,199,56930,251,5,86,2,170,115,3,"Anderson",76978,635.246434046091,0.211180124223602,326.067188027748,107.823014367741,21.1180124223602
2021-01-09,6481,109,5247,68,1234,41,5860,75,51576,431,57436,506,2,88,0,170,117,2,"Anderson",76978,656.031593442282,0.208717004297115,657.330665904544,141.598898386552,20.8717004297115
2021-01-10,6541,60,5272,25,1269,35,5885,25,51670,94,57555,119,2,90,3,173,118,1,"Anderson",76978,701.49912962145,0.207738095238095,154.589623009171,77.9443477357167,20.7738095238095
2021-01-11,6574,33,5282,10,1292,23,5898,13,51741,71,57639,84,1,91,1,174,120,2,"Anderson",76978,696.302839772403,0.203567035670357,109.122086830003,42.8693912546442,20.3567035670357
2021-01-12,6627,53,5316,34,1311,19,5936,38,51913,172,57849,210,2,93,1,175,120,0,"Anderson",76978,671.620462989426,0.200355660936574,272.805217075008,68.8508404998831,20.0355660936574
2021-01-13,6653,26,5333,17,1320,9,5955,19,52003,90,57958,109,3,96,0,175,121,1,"Anderson",76978,609.264984800852,0.197236180904523,141.598898386552,33.7758840188106,19.7236180904523
2021-01-14,6750,97,5395,62,1355,35,6029,74,52410,407,58439,481,5,101,2,177,123,2,"Anderson",76978,598.872405102757,0.168181818181818,624.853854347995,126.010028839409,16.8181818181818
2021-01-15,6784,34,5415,20,1369,14,6053,24,52565,155,58618,179,0,101,1,178,126,3,"Anderson",76978,535.217854451921,0.158767772511848,232.533970744888,44.1684637169061,15.8767772511848
2021-01-16,6849,65,5446,31,1403,34,6087,34,52808,243,58895,277,1,102,1,179,129,3,"Anderson",76978,478.058666112396,0.155586017820425,359.843072046559,84.4397100470264,15.5586017820425
2021-01-17,6886,37,5466,20,1420,17,6110,23,52912,104,59022,127,0,102,0,179,131,2,"Anderson",76978,448.179999480371,0.153374233128834,164.982202707267,48.065681103692,15.3374233128834
2021-01-18,6905,19,5474,8,1431,11,6120,10,53008,96,59128,106,1,103,0,179,132,1,"Anderson",76978,429.992985008704,0.149093351242445,137.701680999766,24.682376782977,14.9093351242445
2021-01-19,6947,42,5491,17,1456,25,6140,20,53120,112,59260,132,1,104,0,179,134,2,"Anderson",76978,415.703187923822,0.144578313253012,171.477565018577,54.5610434150017,14.4578313253012
2021-01-20,6975,28,5507,16,1468,12,6159,19,53272,152,59431,171,3,107,0,179,137,3,"Anderson",76978,418.301332848346,0.138492871690428,222.141391046793,36.3740289433345,13.8492871690428
2021-01-21,7031,56,5547,40,1484,16,6198,39,53513,241,59711,280,5,112,2,181,138,1,"Anderson",76978,365.039361895607,0.132861635220126,363.740289433345,72.7480578866689,13.2861635220126
2021-01-22,7069,38,5565,18,1504,20,6220,22,53658,145,59878,167,2,114,0,181,141,3,"Anderson",76978,370.235651744654,0.132539682539683,216.945101197745,49.3647535659539,13.2539682539683
2021-01-23,7107,38,5579,14,1528,24,6233,13,53918,260,60151,273,0,114,1,182,141,0,"Anderson",76978,335.160695263582,0.116242038216561,354.646782197511,49.3647535659539,11.6242038216561
2021-01-24,7120,13,5591,12,1529,1,6247,14,53985,67,60232,81,0,114,0,182,143,2,"Anderson",76978,303.982956169295,0.113223140495868,105.224869443218,16.8879420094053,11.3223140495868
2021-01-25,7137,17,5602,11,1535,6,6258,11,54045,60,60303,71,2,116,1,183,145,2,"Anderson",76978,301.384811244771,0.117446808510638,92.2341448205981,22.0842318584531,11.7446808510638
2021-01-26,7164,27,5623,21,1541,6,6283,25,54208,163,60491,188,0,116,1,184,148,3,"Anderson",76978,281.898724310842,0.116165718927701,244.225622905246,35.0749564810725,11.6165718927701
2021-01-27,7181,17,5631,8,1550,9,6292,9,54294,86,60586,95,4,120,0,184,150,2,"Anderson",76978,267.608927225961,0.115151515151515,123.411883914885,22.0842318584531,11.5151515151515
2021-01-28,7268,87,5671,40,1597,47,6339,47,54520,226,60859,273,4,124,0,184,151,1,"Anderson",76978,307.880173556081,0.122822299651568,354.646782197511,113.019304216789,12.2822299651568
2021-01-29,7281,13,5675,4,1606,9,6344,5,54565,45,60909,50,1,125,1,185,151,0,"Anderson",76978,275.403361999532,0.120271580989331,64.9536231130973,16.8879420094053,12.0271580989331
2021-01-30,7321,40,5710,35,1611,5,6380,36,54824,259,61204,295,2,127,2,187,152,1,"Anderson",76978,278.001506924056,0.13960113960114,383.226376367274,51.9628984904778,13.960113960114
2021-01-31,7337,16,5717,7,1620,9,6391,11,54993,169,61384,180,1,128,0,187,154,2,"Anderson",76978,281.898724310842,0.125,233.83304320715,20.7851593961911,12.5
2021-02-01,7357,20,5730,13,1627,7,6404,13,55046,53,61450,66,1,129,1,188,156,2,"Anderson",76978,285.795941697628,0.127288578901482,85.7387825092884,25.9814492452389,12.7288578901482
2021-02-02,7364,7,5736,6,1628,1,6409,5,55114,68,61523,73,5,134,0,188,157,1,"Anderson",76978,259.814492452389,0.122093023255814,94.832289745122,9.09350723583361,12.2093023255814
2021-02-03,7386,22,5742,6,1644,16,6419,10,55306,192,61725,202,4,138,0,188,158,1,"Anderson",76978,266.309854763699,0.111501316944688,262.412637376913,28.5795941697628,11.1501316944688
2021-02-04,7417,31,5757,15,1660,16,6436,17,55630,324,62066,341,2,140,0,188,158,0,"Anderson",76978,193.56179687703,0.0803645401822701,442.983709631323,40.2712463301203,8.03645401822701
2021-02-05,7435,18,5768,11,1667,7,6453,17,55787,157,62240,174,2,142,0,188,159,1,"Anderson",76978,200.05715918834,0.081893313298272,226.038608433578,23.383304320715,8.1893313298272
2021-02-06,7461,26,5784,16,1677,10,6473,20,56009,222,62482,242,1,143,1,189,159,0,"Anderson",76978,181.870144716672,0.0727699530516432,314.375535867391,33.7758840188106,7.27699530516432
2021-02-07,7474,13,5791,7,1683,6,6481,8,56116,107,62597,115,0,143,0,189,159,0,"Anderson",76978,177.972927329886,0.0741962077493817,149.393333160124,16.8879420094053,7.41962077493817
2021-02-08,7499,25,5797,6,1702,19,6486,5,56138,22,62624,27,2,145,0,189,159,0,"Anderson",76978,184.468289641196,0.0698466780238501,35.0749564810725,32.4768115565486,6.98466780238501
2021-02-09,7523,24,5807,10,1716,14,6497,11,56307,169,62804,180,2,147,2,191,159,0,"Anderson",76978,206.552521499649,0.068696330991413,233.83304320715,31.1777390942867,6.8696330991413
2021-02-10,7548,25,5822,15,1726,10,6516,19,56502,195,63018,214,1,148,1,192,159,0,"Anderson",76978,210.449738886435,0.0750193348801237,278.001506924056,32.4768115565486,7.50193348801237
2021-02-11,7561,13,5830,8,1731,5,6527,11,56682,180,63209,191,-1,147,0,192,160,1,"Anderson",76978,187.06643456572,0.0796150481189851,248.122840292031,16.8879420094053,7.96150481189851
2021-02-12,7588,27,5845,15,1743,12,6542,15,56876,194,63418,209,0,147,0,192,160,0,"Anderson",76978,198.758086726078,0.0755517826825127,271.506144612746,35.0749564810725,7.55517826825127
2021-02-13,7615,27,5856,11,1759,16,6552,10,57065,189,63617,199,0,147,0,192,160,0,"Anderson",76978,200.05715918834,0.0696035242290749,258.515419990127,35.0749564810725,6.96035242290749
2021-02-14,7628,13,5865,9,1763,4,6563,11,57126,61,63689,72,2,149,0,192,160,0,"Anderson",76978,200.05715918834,0.0750915750915751,93.53321728286,16.8879420094053,7.50915750915751
2021-02-15,7644,16,5873,8,1771,8,6572,9,57199,73,63771,82,0,149,1,193,161,1,"Anderson",76978,188.365507027982,0.0749782040104621,106.523941905479,20.7851593961911,7.49782040104621
2021-02-16,7673,29,5887,14,1786,15,6589,17,57283,84,63872,101,0,149,0,193,161,0,"Anderson",76978,194.860869339292,0.0861423220973783,131.206318688456,37.6731014055964,8.61423220973783
2021-02-17,7692,19,5899,12,1793,7,6601,12,57391,108,63992,120,0,149,0,193,163,2,"Anderson",76978,187.06643456572,0.0872689938398357,155.888695471433,24.682376782977,8.72689938398357
2021-02-18,7716,24,5921,22,1795,2,6627,26,57547,156,64174,182,0,149,0,193,163,0,"Anderson",76978,201.356231650601,0.103626943005181,236.431188131674,31.1777390942867,10.3626943005181
2021-02-19,7729,13,5932,11,1797,2,6642,15,57593,46,64235,61,0,149,0,193,164,1,"Anderson",76978,183.169217178934,0.122399020807834,79.2434201979787,16.8879420094053,12.2399020807834
2021-02-20,7748,19,5939,7,1809,12,6651,9,57715,122,64366,131,1,150,0,193,165,1,"Anderson",76978,172.776637480839,0.132176234979973,170.178492556315,24.682376782977,13.2176234979973
2021-02-21,7760,12,5946,7,1814,5,6658,7,57779,64,64437,71,2,152,1,194,165,0,"Anderson",76978,171.477565018577,0.127005347593583,92.2341448205981,15.5888695471433,12.7005347593583
2021-02-22,7765,5,5948,2,1817,3,6664,6,57816,37,64480,43,1,153,0,194,166,1,"Anderson",76978,157.187767933695,0.129760225669958,55.8601158772636,6.49536231130973,12.9760225669958
2021-02-23,7789,24,5957,9,1832,15,6672,8,57959,143,64631,151,2,155,0,194,168,2,"Anderson",76978,150.692405622386,0.10935441370224,196.159941801554,31.1777390942867,10.935441370224
2021-02-24,7821,32,5976,19,1845,13,6695,23,58133,174,64828,197,0,155,0,194,168,0,"Anderson",76978,167.580347631791,0.11244019138756,255.917275065603,41.5703187923822,11.244019138756
2021-02-25,7838,17,5984,8,1854,9,6706,11,58260,127,64966,138,1,156,0,194,168,0,"Anderson",76978,158.486840395957,0.0997474747474748,179.271999792148,22.0842318584531,9.97474747474748
2021-02-26,7850,12,5992,8,1858,4,6715,9,58359,99,65074,108,0,156,0,194,168,0,"Anderson",76978,157.187767933695,0.0870083432657926,140.29982592429,15.5888695471433,8.70083432657926
2021-02-27,7859,9,5999,7,1860,2,6721,6,58451,92,65172,98,0,156,0,194,168,0,"Anderson",76978,144.197043311076,0.086848635235732,127.309101301671,11.6916521603575,8.6848635235732
2021-02-28,7873,14,6009,10,1864,4,6732,11,58521,70,65253,81,0,156,0,194,168,0,"Anderson",76978,146.7951882356,0.0906862745098039,105.224869443218,18.1870144716672,9.06862745098039
2021-03-01,7881,8,6014,5,1867,3,6739,7,58556,35,65295,42,0,156,0,194,169,1,"Anderson",76978,150.692405622386,0.0920245398773006,54.5610434150017,10.3925796980956,9.20245398773006
2021-03-02,7904,23,6025,11,1879,12,6749,10,58672,116,65421,126,1,157,1,195,169,0,"Anderson",76978,149.393333160124,0.0974683544303798,163.683130245005,29.8786666320247,9.74683544303798
2021-03-03,7937,33,6046,21,1891,12,6774,25,58788,116,65562,141,1,158,0,195,170,1,"Anderson",76978,150.692405622386,0.107629427792916,183.169217178934,42.8693912546442,10.7629427792916
2021-03-04,7962,25,6059,13,1903,12,6791,17,58951,163,65742,180,0,158,0,195,170,0,"Anderson",76978,161.084985320481,0.109536082474227,233.83304320715,32.4768115565486,10.9536082474227
2021-03-05,7995,33,6076,17,1919,16,6813,22,59085,134,65898,156,0,158,2,197,170,0,"Anderson",76978,188.365507027982,0.118932038834951,202.655304112863,42.8693912546442,11.8932038834951
2021-03-06,8005,10,6081,5,1924,5,6821,8,59174,89,65995,97,0,158,0,197,170,0,"Anderson",76978,189.664579490244,0.121506682867558,126.010028839409,12.9907246226195,12.1506682867558
2021-03-07,8011,6,6084,3,1927,3,6824,3,59213,39,66037,42,0,158,0,197,170,0,"Anderson",76978,179.271999792148,0.11734693877551,54.5610434150017,7.79443477357167,11.734693877551
2021-03-08,8027,16,6091,7,1936,9,6833,9,59290,77,66123,86,1,159,0,197,170,0,"Anderson",76978,189.664579490244,0.113526570048309,111.720231754527,20.7851593961911,11.3526570048309
2021-03-09,8048,21,6099,8,1949,13,6841,8,59355,65,66196,73,0,159,3,200,171,1,"Anderson",76978,187.06643456572,0.118709677419355,94.832289745122,27.2805217075008,11.8709677419355
2021-03-10,8070,22,6112,13,1958,9,6857,16,59512,157,66369,173,0,159,1,201,171,0,"Anderson",76978,172.776637480839,0.102850061957869,224.739535971316,28.5795941697628,10.2850061957869
2021-03-11,8093,23,6122,10,1971,13,6867,10,59609,97,66476,107,0,159,1,202,172,1,"Anderson",76978,170.178492556315,0.103542234332425,139.000753462028,29.8786666320247,10.3542234332425
2021-03-12,8113,20,6139,17,1974,3,6887,20,59715,106,66602,126,0,159,0,202,172,0,"Anderson",76978,153.29055054691,0.105113636363636,163.683130245005,25.9814492452389,10.5113636363636
2021-03-13,8124,11,6143,4,1981,7,6891,4,59791,76,66682,80,0,159,1,203,172,0,"Anderson",76978,154.589623009171,0.101892285298399,103.925796980956,14.2897970848814,10.1892285298399
2021-03-14,8130,6,6147,4,1983,2,6897,6,59827,36,66724,42,0,159,1,204,172,0,"Anderson",76978,154.589623009171,0.106259097525473,54.5610434150017,7.79443477357167,10.6259097525473
2021-03-15,8148,18,6153,6,1995,12,6903,6,59859,32,66762,38,0,159,1,205,172,0,"Anderson",76978,157.187767933695,0.109546165884194,49.3647535659539,23.383304320715,10.9546165884194
2021-03-16,8181,33,6166,13,2015,20,6918,15,59952,93,66870,108,0,159,2,207,172,0,"Anderson",76978,172.776637480839,0.114243323442137,140.29982592429,42.8693912546442,11.4243323442136
2021-03-17,8199,18,6178,12,2021,6,6931,13,60039,87,66970,100,0,159,0,207,173,1,"Anderson",76978,167.580347631791,0.123128119800333,129.907246226195,23.383304320715,12.3128119800333
2021-03-18,8215,16,6190,12,2025,4,6946,15,60120,81,67066,96,1,160,0,207,173,0,"Anderson",76978,158.486840395957,0.133898305084746,124.710956377147,20.7851593961911,13.3898305084746
2021-03-19,8239,24,6204,14,2035,10,6959,13,60239,119,67198,132,0,160,1,208,173,0,"Anderson",76978,163.683130245005,0.120805369127517,171.477565018577,31.1777390942867,12.0805369127517
2021-03-20,8251,12,6210,6,2041,6,6967,8,60278,39,67245,47,0,160,1,209,173,0,"Anderson",76978,164.982202707267,0.134991119005329,61.0564057263114,15.5888695471433,13.4991119005329
2021-03-21,8261,10,6216,6,2045,4,6974,7,60340,62,67314,69,-1,159,0,209,173,0,"Anderson",76978,170.178492556315,0.130508474576271,89.6359998960742,12.9907246226195,13.0508474576271
2021-03-22,8268,7,6217,1,2051,6,6975,1,60406,66,67381,67,0,159,1,210,173,0,"Anderson",76978,155.888695471433,0.116316639741519,87.0378549715503,9.09350723583361,11.6316639741519
2021-03-23,8274,6,6218,1,2056,5,6976,1,60449,43,67425,44,0,159,0,210,174,1,"Anderson",76978,120.813738990361,0.104504504504505,57.1591883395256,7.79443477357167,10.4504504504505
2021-03-24,8282,8,6225,7,2057,1,6983,7,60569,120,67552,127,1,160,0,210,174,0,"Anderson",76978,107.823014367741,0.0893470790378007,164.982202707267,10.3925796980956,8.93470790378007
2021-03-25,8292,10,6230,5,2062,5,6989,6,60670,101,67659,107,0,160,0,210,174,0,"Anderson",76978,100.02857959417,0.0725126475548061,139.000753462028,12.9907246226195,7.25126475548061
2021-03-26,8309,17,6242,12,2067,5,7000,11,60736,66,67736,77,0,160,0,210,175,1,"Anderson",76978,90.9350723583361,0.0762081784386617,100.02857959417,22.0842318584531,7.62081784386617
2021-03-27,8313,4,6246,4,2067,0,7006,6,60800,64,67806,70,1,161,2,212,175,0,"Anderson",76978,80.5424926602406,0.0695187165775401,90.9350723583361,5.19628984904778,6.95187165775401
2021-03-28,8316,3,6246,0,2070,3,7006,0,60829,29,67835,29,1,162,0,212,176,1,"Anderson",76978,71.448985424407,0.0614203454894434,37.6731014055964,3.89721738678583,6.14203454894434
2021-03-29,8332,16,6250,4,2082,12,7010,4,60915,86,67925,90,1,163,0,212,177,1,"Anderson",76978,83.1406375847645,0.0643382352941176,116.916521603575,20.7851593961911,6.43382352941176
2021-03-30,8337,5,6253,3,2084,2,7013,3,60973,58,67986,61,1,164,0,212,177,0,"Anderson",76978,81.8415651225025,0.0659536541889483,79.2434201979787,6.49536231130973,6.59536541889483
2021-03-31,8360,23,6267,14,2093,9,7029,16,61137,164,68166,180,1,165,1,213,177,0,"Anderson",76978,101.327652056432,0.0749185667752443,233.83304320715,29.8786666320247,7.49185667752443
2021-04-01,8370,10,6272,5,2098,5,7033,4,61194,57,68227,61,0,165,0,213,177,0,"Anderson",76978,101.327652056432,0.0774647887323944,79.2434201979787,12.9907246226195,7.74647887323944
2021-04-02,8378,8,6278,6,2100,2,7041,8,61264,70,68305,78,0,165,0,213,177,0,"Anderson",76978,89.6359998960742,0.0720562390158172,101.327652056432,10.3925796980956,7.20562390158172
2021-04-03,8384,6,6283,5,2101,1,7047,6,61314,50,68361,56,0,165,0,213,177,0,"Anderson",76978,92.2341448205981,0.0738738738738739,72.7480578866689,7.79443477357167,7.38738738738739
2021-04-04,8386,2,6285,2,2101,0,7049,2,61352,38,68401,40,0,165,0,213,177,0,"Anderson",76978,90.9350723583361,0.0759717314487632,51.9628984904778,2.59814492452389,7.59717314487632
2021-04-05,8400,14,6288,3,2112,11,7051,2,61410,58,68461,60,0,165,2,215,177,0,"Anderson",76978,88.3369274338123,0.0764925373134328,77.9443477357167,18.1870144716672,7.64925373134328
2021-04-06,8405,5,6292,4,2113,1,7057,6,61452,42,68509,48,0,165,0,215,177,0,"Anderson",76978,88.3369274338123,0.0841300191204589,62.3554781885734,6.49536231130973,8.41300191204589
2021-04-07,8425,20,6305,13,2120,7,7071,14,61610,158,68681,172,0,165,2,217,177,0,"Anderson",76978,84.4397100470264,0.0815533980582524,223.440463509055,25.9814492452389,8.15533980582524
2021-04-08,8428,3,6307,2,2121,1,7074,3,61701,91,68775,94,5,170,1,218,177,0,"Anderson",76978,75.3462028111928,0.0748175182481752,122.112811452623,3.89721738678583,7.48175182481752
2021-04-09,8436,8,6313,6,2123,2,7083,9,61788,87,68871,96,-4,166,0,218,177,0,"Anderson",76978,75.3462028111928,0.0742049469964664,124.710956377147,10.3925796980956,7.42049469964664
2021-04-10,8441,5,6318,5,2123,0,7088,5,61859,71,68947,76,0,166,0,218,177,0,"Anderson",76978,74.0471303489309,0.0699658703071672,98.7295071319078,6.49536231130973,6.99658703071672
2021-04-11,8448,7,6323,5,2125,2,7093,5,61903,44,68996,49,-1,165,0,218,177,0,"Anderson",76978,80.5424926602406,0.0739495798319328,63.6545506508353,9.09350723583361,7.39495798319328
2021-04-12,8451,3,6326,3,2125,0,7096,3,61972,69,69068,72,0,165,0,218,177,0,"Anderson",76978,66.2526955753592,0.0741350906095552,93.53321728286,3.89721738678583,7.41350906095552
2021-04-13,8461,10,6331,5,2130,5,7102,6,62033,61,69135,67,5,170,0,218,177,0,"Anderson",76978,72.7480578866689,0.0718849840255591,87.0378549715503,12.9907246226195,7.18849840255591
2021-04-14,8475,14,6340,9,2135,5,7113,11,62171,138,69284,149,0,170,0,218,177,0,"Anderson",76978,64.9536231130973,0.0696517412935323,193.56179687703,18.1870144716672,6.96517412935323
2021-04-15,8484,9,6345,5,2139,4,7118,5,62252,81,69370,86,0,170,0,218,177,0,"Anderson",76978,72.7480578866689,0.0739495798319328,111.720231754527,11.6916521603575,7.39495798319328
2021-04-16,8497,13,6356,11,2141,2,7131,13,62405,153,69536,166,0,170,0,218,177,0,"Anderson",76978,79.2434201979786,0.0721804511278196,215.646028735483,16.8879420094053,7.21804511278196
2021-04-17,8502,5,6359,3,2143,2,7135,4,62470,65,69605,69,0,170,0,218,177,0,"Anderson",76978,79.2434201979786,0.0714285714285714,89.6359998960742,6.49536231130973,7.14285714285714
2021-04-18,8509,7,6365,6,2144,1,7141,6,62515,45,69656,51,0,170,0,218,177,0,"Anderson",76978,79.2434201979786,0.0727272727272727,66.2526955753592,9.09350723583361,7.27272727272727
2021-04-19,8515,6,6368,3,2147,3,7144,3,62538,23,69682,26,0,170,0,218,178,1,"Anderson",76978,83.1406375847645,0.0781758957654723,33.7758840188106,7.79443477357167,7.81758957654723
2021-04-20,8521,6,6371,3,2150,3,7147,3,62637,99,69784,102,0,170,0,218,178,0,"Anderson",76978,77.9443477357167,0.0693374422187981,132.505391150718,7.79443477357167,6.93374422187981
2021-04-21,8533,12,6377,6,2156,6,7153,6,62791,154,69944,160,1,171,0,218,178,0,"Anderson",76978,75.3462028111928,0.0606060606060606,207.851593961911,15.5888695471433,6.06060606060606
2021-04-22,8551,18,6383,6,2168,12,7160,7,62935,144,70095,151,0,171,0,218,178,0,"Anderson",76978,87.0378549715503,0.0579310344827586,196.159941801554,23.383304320715,5.79310344827586
2021-04-23,8561,10,6388,5,2173,5,7166,6,63100,165,70266,171,0,171,0,218,178,0,"Anderson",76978,83.1406375847645,0.047945205479452,222.141391046793,12.9907246226195,4.7945205479452
2021-04-24,8573,12,6394,6,2179,6,7173,7,63167,67,70340,74,0,171,1,219,178,0,"Anderson",76978,92.2341448205981,0.0517006802721088,96.1313622073839,15.5888695471433,5.17006802721088
2021-04-25,8577,4,6396,2,2181,2,7175,2,63207,40,70382,42,0,171,0,219,178,0,"Anderson",76978,88.3369274338123,0.046831955922865,54.5610434150017,5.19628984904778,4.6831955922865
2021-04-26,8586,9,6400,4,2186,5,7179,4,63282,75,70461,79,0,171,0,219,179,1,"Anderson",76978,92.2341448205981,0.0449293966623877,102.626724518694,11.6916521603575,4.49293966623877
2021-04-27,8596,10,6406,6,2190,4,7185,6,63350,68,70535,74,0,171,0,219,179,0,"Anderson",76978,97.4304346696459,0.0505992010652463,96.1313622073839,12.9907246226195,5.05992010652463
2021-04-28,8613,17,6418,12,2195,5,7198,13,63488,138,70686,151,0,171,1,220,180,1,"Anderson",76978,103.925796980956,0.0606469002695418,196.159941801554,22.0842318584531,6.06469002695418
2021-04-29,8619,6,6420,2,2199,4,7201,3,63637,149,70838,152,0,171,0,220,180,0,"Anderson",76978,88.3369274338123,0.0551816958277254,197.459014263816,7.79443477357167,5.51816958277254
2021-04-30,8626,7,6423,3,2203,4,7205,4,63759,122,70964,126,0,171,0,220,180,0,"Anderson",76978,84.4397100470264,0.0558739255014327,163.683130245005,9.09350723583361,5.58739255014327
2021-05-01,8631,5,6426,3,2205,2,7208,3,63822,63,71030,66,0,171,1,221,180,0,"Anderson",76978,75.3462028111928,0.0507246376811594,85.7387825092884,6.49536231130973,5.07246376811594
2021-05-02,8634,3,6427,1,2207,2,7209,1,63873,51,71082,52,0,171,0,221,180,0,"Anderson",76978,74.0471303489309,0.0485714285714286,67.5517680376211,3.89721738678583,4.85714285714286
2021-05-03,8644,10,6432,5,2212,5,7214,5,63979,106,71193,111,0,171,0,221,180,0,"Anderson",76978,75.3462028111928,0.0478142076502732,144.197043311076,12.9907246226195,4.78142076502732
2021-05-04,8646,2,6432,0,2214,2,7215,1,64055,76,71270,77,0,171,0,221,180,0,"Anderson",76978,64.9536231130973,0.0408163265306122,100.02857959417,2.59814492452389,4.08163265306122
2021-05-05,8654,8,6436,4,2218,4,7218,3,64172,117,71390,120,0,171,0,221,180,0,"Anderson",76978,53.2619709527397,0.0284090909090909,155.888695471433,10.3925796980956,2.84090909090909
2021-05-06,8659,5,6439,3,2220,2,7224,6,64224,52,71448,58,0,171,1,222,180,0,"Anderson",76978,51.9628984904778,0.0377049180327869,75.3462028111928,6.49536231130973,3.77049180327869
2021-05-07,8664,5,6441,2,2223,3,7227,3,64344,120,71571,123,0,171,0,222,180,0,"Anderson",76978,49.3647535659539,0.0362438220757825,159.785912858219,6.49536231130973,3.62438220757825
2021-05-08,8670,6,6444,3,2226,3,7229,2,64413,69,71642,71,0,171,1,223,181,1,"Anderson",76978,50.6638260282159,0.0343137254901961,92.2341448205981,7.79443477357167,3.43137254901961
2021-05-09,8671,1,6444,0,2227,1,7230,1,64441,28,71671,29,0,171,0,223,181,0,"Anderson",76978,48.065681103692,0.0356536502546689,37.6731014055964,1.29907246226194,3.56536502546689
2021-05-10,8676,5,6444,0,2232,5,7230,0,64529,88,71759,88,0,171,0,223,181,0,"Anderson",76978,41.5703187923822,0.0282685512367491,114.318376679051,6.49536231130973,2.82685512367491
2021-05-11,8684,8,6445,1,2239,7,7232,2,64571,42,71803,44,0,171,0,223,182,1,"Anderson",76978,49.3647535659539,0.0318949343339587,57.1591883395256,10.3925796980956,3.18949343339587
2021-05-12,8697,13,6452,7,2245,6,7238,6,64674,103,71912,109,0,171,2,225,182,0,"Anderson",76978,55.8601158772636,0.0383141762452107,141.598898386552,16.8879420094053,3.83141762452107
2021-05-13,8701,4,6454,2,2247,2,7240,2,64777,103,72017,105,0,171,2,227,182,0,"Anderson",76978,54.5610434150017,0.0281195079086116,136.402608537504,5.19628984904778,2.81195079086116
2021-05-14,8709,8,6457,3,2252,5,7245,5,64864,87,72109,92,0,171,0,227,182,0,"Anderson",76978,58.4582608017875,0.033457249070632,119.514666528099,10.3925796980956,3.3457249070632
2021-05-15,8714,5,6459,2,2255,3,7247,2,64929,65,72176,67,0,171,0,227,182,0,"Anderson",76978,57.1591883395256,0.0337078651685393,87.0378549715503,6.49536231130973,3.37078651685393
2021-05-16,8716,2,6460,1,2256,1,7248,1,64965,36,72213,37,0,171,0,227,182,0,"Anderson",76978,58.4582608017875,0.033210332103321,48.065681103692,2.59814492452389,3.3210332103321
2021-05-17,8722,6,6465,5,2257,1,7253,5,65024,59,72277,64,1,172,0,227,182,0,"Anderson",76978,59.7573332640495,0.0444015444015444,83.1406375847645,7.79443477357167,4.44015444015444
2021-05-18,8726,4,6465,0,2261,4,7253,0,65115,91,72368,91,0,172,1,228,182,0,"Anderson",76978,54.5610434150017,0.0371681415929204,118.215594065837,5.19628984904778,3.71681415929204
2021-05-19,8733,7,6470,5,2263,2,7259,6,65233,118,72492,124,0,172,0,228,182,0,"Anderson",76978,46.76660864143,0.0362068965517241,161.084985320481,9.09350723583361,3.62068965517241
2021-05-20,8735,2,6472,2,2263,0,7261,2,65352,119,72613,121,0,172,0,228,182,0,"Anderson",76978,44.1684637169061,0.0352348993288591,157.187767933695,2.59814492452389,3.52348993288591
2021-05-21,8737,2,6472,0,2265,2,7261,0,65422,70,72683,70,0,172,0,228,182,0,"Anderson",76978,36.3740289433345,0.0278745644599303,90.9350723583361,2.59814492452389,2.78745644599303
2021-05-22,8742,5,6474,2,2268,3,7263,2,65462,40,72725,42,0,172,0,228,182,0,"Anderson",76978,36.3740289433345,0.029143897996357,54.5610434150017,6.49536231130973,2.9143897996357
2021-05-23,8742,0,6474,0,2268,0,7263,0,65491,29,72754,29,0,172,0,228,182,0,"Anderson",76978,33.7758840188106,0.0277264325323475,37.6731014055964,0,2.77264325323475
2021-05-24,8750,8,6478,4,2272,4,7266,3,65550,59,72816,62,0,172,0,228,182,0,"Anderson",76978,36.3740289433345,0.0241187384044527,80.5424926602406,10.3925796980956,2.41187384044527
2021-05-25,8752,2,6478,0,2274,2,7267,1,65595,45,72862,46,0,172,0,228,182,0,"Anderson",76978,33.7758840188106,0.0283400809716599,59.7573332640495,2.59814492452389,2.83400809716599
2021-05-26,8759,7,6483,5,2276,2,7273,6,65695,100,72968,106,0,172,0,228,182,0,"Anderson",76978,33.7758840188106,0.0294117647058824,137.701680999766,9.09350723583361,2.94117647058824
2021-05-27,8761,2,6484,1,2277,1,7274,1,65745,50,73019,51,0,172,1,229,182,0,"Anderson",76978,33.7758840188106,0.0320197044334975,66.2526955753592,2.59814492452389,3.20197044334975
2021-05-28,8766,5,6488,4,2278,1,7279,5,65828,83,73107,88,0,172,0,229,182,0,"Anderson",76978,37.6731014055964,0.0424528301886792,114.318376679051,6.49536231130973,4.24528301886792
2021-05-29,8767,1,6488,0,2279,1,7279,0,65865,37,73144,37,0,172,0,229,182,0,"Anderson",76978,32.4768115565486,0.0381861575178998,48.065681103692,1.29907246226194,3.81861575178998
2021-05-30,8770,3,6489,1,2281,2,7280,1,65915,50,73195,51,0,172,0,229,182,0,"Anderson",76978,36.3740289433345,0.0385487528344671,66.2526955753592,3.89721738678583,3.85487528344671
2021-05-31,8774,4,6492,3,2282,1,7283,3,65966,51,73249,54,0,172,0,229,182,0,"Anderson",76978,31.1777390942867,0.0392609699769053,70.149912962145,5.19628984904778,3.92609699769053
2021-06-01,8777,3,6494,2,2283,1,7284,1,66014,48,73298,49,0,172,1,230,182,0,"Anderson",76978,32.4768115565486,0.0389908256880734,63.6545506508353,3.89721738678583,3.89908256880734
2021-06-02,8781,4,6495,1,2286,3,7286,2,66055,41,73341,43,0,172,0,230,182,0,"Anderson",76978,28.5795941697628,0.0348525469168901,55.8601158772636,5.19628984904778,3.48525469168901
2021-06-03,8782,1,6495,0,2287,1,7289,3,66144,89,73433,92,1,173,0,230,183,1,"Anderson",76978,27.2805217075008,0.036231884057971,119.514666528099,1.29907246226194,3.6231884057971
2021-06-04,8783,1,6496,1,2287,0,7291,2,66197,53,73488,55,-1,172,0,230,183,0,"Anderson",76978,22.0842318584531,0.031496062992126,71.448985424407,1.29907246226194,3.1496062992126
2021-06-05,8784,1,6497,1,2287,0,7292,1,66254,57,73546,58,0,172,0,230,183,0,"Anderson",76978,22.0842318584531,0.0323383084577114,75.3462028111928,1.29907246226194,3.23383084577114
2021-06-06,8784,0,6497,0,2287,0,7292,0,66279,25,73571,25,0,172,0,230,183,0,"Anderson",76978,18.1870144716672,0.0319148936170213,32.4768115565486,0,3.19148936170213
2021-06-07,8785,1,6497,0,2288,1,7292,0,66343,64,73635,64,0,172,0,230,183,0,"Anderson",76978,14.2897970848814,0.0233160621761658,83.1406375847645,1.29907246226194,2.33160621761658
2021-06-08,8786,1,6497,0,2289,1,7292,0,66380,37,73672,37,0,172,1,231,184,1,"Anderson",76978,11.6916521603575,0.0213903743315508,48.065681103692,1.29907246226194,2.13903743315508
2021-06-09,8786,0,6497,0,2289,0,7292,0,66461,81,73753,81,0,172,0,231,184,0,"Anderson",76978,6.49536231130972,0.0145631067961165,105.224869443218,0,1.45631067961165
2021-06-10,8790,4,6498,1,2292,3,7293,1,66518,57,73811,58,0,172,0,231,184,0,"Anderson",76978,10.3925796980956,0.0105820105820106,75.3462028111928,5.19628984904778,1.05820105820106
2021-06-11,8791,1,6498,0,2293,1,7294,1,66573,55,73867,56,1,173,0,231,184,0,"Anderson",76978,10.3925796980956,0.0079155672823219,72.7480578866689,1.29907246226194,0.79155672823219
2021-06-12,8792,1,6498,0,2294,1,7295,1,66628,55,73923,56,2,175,0,231,184,0,"Anderson",76978,10.3925796980956,0.00795755968169761,72.7480578866689,1.29907246226194,0.795755968169761
2021-06-13,8793,1,6498,0,2295,1,7296,1,66666,38,73962,39,0,175,0,231,184,0,"Anderson",76978,11.6916521603575,0.010230179028133,50.6638260282159,1.29907246226194,1.0230179028133
2021-06-14,8795,2,6500,2,2295,0,7298,2,66752,86,74050,88,0,175,0,231,184,0,"Anderson",76978,12.9907246226194,0.0144578313253012,114.318376679051,2.59814492452389,1.44578313253012
2021-06-15,8795,0,6500,0,2295,0,7299,1,66783,31,74082,32,0,175,0,231,184,0,"Anderson",76978,11.6916521603575,0.0170731707317073,41.5703187923822,0,1.70731707317073
2021-06-16,8796,1,6501,1,2295,0,7300,1,66826,43,74126,44,0,175,0,231,184,0,"Anderson",76978,12.9907246226194,0.0214477211796247,57.1591883395256,1.29907246226194,2.14477211796247
2021-06-17,8796,0,6501,0,2295,0,7300,0,66912,86,74212,86,0,175,0,231,184,0,"Anderson",76978,7.79443477357167,0.0174563591022444,111.720231754527,0,1.74563591022444
2021-06-18,8798,2,6502,1,2296,1,7304,4,66962,50,74266,54,0,175,0,231,184,0,"Anderson",76978,9.09350723583361,0.025062656641604,70.149912962145,2.59814492452389,2.5062656641604
2021-06-19,8798,0,6502,0,2296,0,7304,0,67010,48,74314,48,0,175,0,231,184,0,"Anderson",76978,7.79443477357167,0.0230179028132992,62.3554781885734,0,2.30179028132992
2021-06-20,8798,0,6502,0,2296,0,7305,1,67033,23,74338,24,0,175,0,231,184,0,"Anderson",76978,6.49536231130972,0.023936170212766,31.1777390942867,0,2.3936170212766
2021-06-21,8799,1,6502,0,2297,1,7305,0,67073,40,74378,40,0,175,0,231,184,0,"Anderson",76978,5.19628984904778,0.0213414634146341,51.9628984904778,1.29907246226194,2.13414634146341
2021-06-22,8803,4,6503,1,2300,3,7305,0,67115,42,74420,42,0,175,1,232,184,0,"Anderson",76978,10.3925796980956,0.0177514792899408,54.5610434150017,5.19628984904778,1.77514792899408
2021-06-23,8804,1,6504,1,2300,0,7306,1,67163,48,74469,49,0,175,0,232,184,0,"Anderson",76978,10.3925796980956,0.0174927113702624,63.6545506508353,1.29907246226194,1.74927113702624
2021-06-24,8804,0,6504,0,2300,0,7307,1,67207,44,74514,45,0,175,0,232,184,0,"Anderson",76978,10.3925796980956,0.0231788079470199,58.4582608017875,0,2.31788079470199
2021-06-25,8805,1,6505,1,2300,0,7308,1,67243,36,74551,37,0,175,0,232,184,0,"Anderson",76978,9.09350723583361,0.0140350877192982,48.065681103692,1.29907246226194,1.40350877192982
2021-06-26,8806,1,6506,1,2300,0,7309,1,67276,33,74585,34,0,175,0,232,184,0,"Anderson",76978,10.3925796980956,0.018450184501845,44.1684637169061,1.29907246226194,1.8450184501845
2021-06-27,8806,0,6506,0,2300,0,7309,0,67308,32,74617,32,0,175,0,232,184,0,"Anderson",76978,10.3925796980956,0.014336917562724,41.5703187923822,0,1.4336917562724
2021-06-28,8807,1,6506,0,2301,1,7310,1,67324,16,74634,17,0,175,0,232,184,0,"Anderson",76978,10.3925796980956,0.01953125,22.0842318584531,1.29907246226194,1.953125
2021-06-29,8810,3,6509,3,2301,0,7313,3,67382,58,74695,61,0,175,0,232,184,0,"Anderson",76978,9.09350723583361,0.0290909090909091,79.2434201979787,3.89721738678583,2.90909090909091
2021-06-30,8810,0,6509,0,2301,0,7313,0,67428,46,74741,46,0,175,0,232,184,0,"Anderson",76978,7.79443477357167,0.0257352941176471,59.7573332640495,0,2.57352941176471
2021-07-01,8811,1,6510,1,2301,0,7314,1,67465,37,74779,38,0,175,0,232,184,0,"Anderson",76978,9.09350723583361,0.0264150943396226,49.3647535659539,1.29907246226194,2.64150943396226
2021-07-02,8811,0,6510,0,2301,0,7314,0,67508,43,74822,43,0,175,0,232,184,0,"Anderson",76978,7.79443477357167,0.022140221402214,55.8601158772636,0,2.2140221402214
2021-07-03,8811,0,6510,0,2301,0,7314,0,67529,21,74843,21,0,175,0,232,184,0,"Anderson",76978,6.49536231130972,0.0193798449612403,27.2805217075008,0,1.93798449612403
2021-07-04,8812,1,6510,0,2302,1,7315,1,67554,25,74869,26,0,175,0,232,184,0,"Anderson",76978,7.79443477357167,0.0238095238095238,33.7758840188106,1.29907246226194,2.38095238095238
2021-07-05,8812,0,6510,0,2302,0,7316,1,67569,15,74885,16,0,175,0,232,184,0,"Anderson",76978,6.49536231130972,0.0239043824701195,20.7851593961911,0,2.39043824701195
2021-07-06,8813,1,6510,0,2303,1,7316,0,67599,30,74915,30,1,176,0,232,184,0,"Anderson",76978,3.89721738678583,0.0136363636363636,38.9721738678584,1.29907246226194,1.36363636363636
2021-07-07,8814,1,6510,0,2304,1,7316,0,67645,46,74961,46,0,176,0,232,184,0,"Anderson",76978,5.19628984904778,0.0136363636363636,59.7573332640495,1.29907246226194,1.36363636363636
2021-07-08,8815,1,6511,1,2304,0,7317,1,67686,41,75003,42,0,176,0,232,184,0,"Anderson",76978,5.19628984904778,0.0133928571428571,54.5610434150017,1.29907246226194,1.33928571428571
2021-07-09,8817,2,6512,1,2305,1,7318,1,67730,44,75048,45,0,176,0,232,184,0,"Anderson",76978,7.79443477357167,0.0176991150442478,58.4582608017875,2.59814492452389,1.76991150442478
2021-07-10,8819,2,6513,1,2306,1,7319,1,67752,22,75071,23,0,176,1,233,184,0,"Anderson",76978,10.3925796980956,0.0219298245614035,29.8786666320247,2.59814492452389,2.19298245614035
2021-07-11,8819,0,6513,0,2306,0,7319,0,67767,15,75086,15,0,176,0,233,184,0,"Anderson",76978,9.09350723583361,0.0184331797235023,19.4860869339292,0,1.84331797235023
2021-07-12,8827,8,6517,4,2310,4,7323,4,67803,36,75126,40,0,176,1,234,184,0,"Anderson",76978,19.4860869339292,0.029045643153527,51.9628984904778,10.3925796980956,2.9045643153527
2021-07-13,8828,1,6517,0,2311,1,7323,0,67824,21,75147,21,0,176,0,234,186,2,"Anderson",76978,19.4860869339292,0.0301724137931034,27.2805217075008,1.29907246226194,3.01724137931034
2021-07-14,8833,5,6522,5,2311,0,7328,5,67877,53,75205,58,0,176,1,235,186,0,"Anderson",76978,24.682376782977,0.0491803278688525,75.3462028111928,6.49536231130973,4.91803278688525
2021-07-15,8836,3,6525,3,2311,0,7330,2,67910,33,75240,35,0,176,0,235,186,0,"Anderson",76978,27.2805217075008,0.0548523206751055,45.4675361791681,3.89721738678583,5.48523206751055
2021-07-16,8846,10,6527,2,2319,8,7331,1,67938,28,75269,29,0,176,0,235,186,0,"Anderson",76978,37.6731014055964,0.0588235294117647,37.6731014055964,12.9907246226195,5.88235294117647
2021-07-17,8851,5,6528,1,2323,4,7332,1,67974,36,75306,37,0,176,0,235,186,0,"Anderson",76978,41.5703187923822,0.0553191489361702,48.065681103692,6.49536231130973,5.53191489361702
2021-07-18,8854,3,6530,2,2324,1,7334,2,67994,20,75328,22,0,176,0,235,186,0,"Anderson",76978,45.4675361791681,0.0619834710743802,28.5795941697628,3.89721738678583,6.19834710743802
2021-07-19,8859,5,6534,4,2325,1,7338,4,68028,34,75366,38,0,176,0,235,186,0,"Anderson",76978,41.5703187923822,0.0625,49.3647535659539,6.49536231130973,6.25
2021-07-20,8874,15,6545,11,2329,4,7349,11,68063,35,75412,46,0,176,1,236,186,0,"Anderson",76978,59.7573332640495,0.0981132075471698,59.7573332640495,19.4860869339292,9.81132075471698
2021-07-21,8881,7,6549,4,2332,3,7354,5,68148,85,75502,90,0,176,0,236,187,1,"Anderson",76978,62.3554781885734,0.0875420875420875,116.916521603575,9.09350723583361,8.75420875420875
2021-07-22,8891,10,6554,5,2337,5,7358,4,68203,55,75561,59,0,176,0,236,187,0,"Anderson",76978,71.448985424407,0.0872274143302181,76.6452752734548,12.9907246226195,8.72274143302181
2021-07-23,8901,10,6558,4,2343,6,7363,5,68274,71,75637,76,0,176,0,236,187,0,"Anderson",76978,71.448985424407,0.0869565217391304,98.7295071319078,12.9907246226195,8.69565217391304
2021-07-24,8909,8,6562,4,2347,4,7367,4,68328,54,75695,58,0,176,0,236,188,1,"Anderson",76978,75.3462028111928,0.089974293059126,75.3462028111928,10.3925796980956,8.9974293059126
2021-07-25,8914,5,6565,3,2349,2,7368,1,68350,22,75718,23,0,176,0,236,188,0,"Anderson",76978,77.9443477357167,0.0871794871794872,29.8786666320247,6.49536231130973,8.71794871794872
2021-07-26,8937,23,6574,9,2363,14,7376,8,68400,50,75776,58,2,178,0,236,188,0,"Anderson",76978,101.327652056432,0.0926829268292683,75.3462028111928,29.8786666320247,9.26829268292683
2021-07-27,8952,15,6579,5,2373,10,7381,5,68453,53,75834,58,0,178,0,236,188,0,"Anderson",76978,101.327652056432,0.0758293838862559,75.3462028111928,19.4860869339292,7.58293838862559
2021-07-28,8972,20,6587,8,2385,12,7393,12,68536,83,75929,95,0,178,0,236,188,0,"Anderson",76978,118.215594065837,0.0913348946135831,123.411883914885,25.9814492452389,9.13348946135831
2021-07-29,8984,12,6597,10,2387,2,7405,12,68585,49,75990,61,0,178,0,236,188,0,"Anderson",76978,120.813738990361,0.10955710955711,79.2434201979787,15.5888695471433,10.955710955711
2021-07-30,9015,31,6618,21,2397,10,7428,23,68633,48,76061,71,0,178,1,237,188,0,"Anderson",76978,148.094260697862,0.153301886792453,92.2341448205981,40.2712463301203,15.3301886792453
2021-07-31,9028,13,6624,6,2404,7,7434,6,68675,42,76109,48,0,178,0,237,188,0,"Anderson",76978,154.589623009171,0.161835748792271,62.3554781885734,16.8879420094053,16.1835748792271
2021-08-01,9047,19,6636,12,2411,7,7449,15,68714,39,76163,54,0,178,0,237,188,0,"Anderson",76978,172.776637480839,0.182022471910112,70.149912962145,24.682376782977,18.2022471910112
2021-08-02,9058,11,6641,5,2417,6,7454,5,68793,79,76247,84,0,178,0,237,188,0,"Anderson",76978,157.187767933695,0.165605095541401,109.122086830003,14.2897970848814,16.5605095541401
2021-08-03,9081,23,6652,11,2429,12,7467,13,68865,72,76332,85,0,178,1,238,188,0,"Anderson",76978,167.580347631791,0.172690763052209,110.421159292265,29.8786666320247,17.2690763052209
2021-08-04,9107,26,6674,22,2433,4,7488,21,68967,102,76455,123,0,178,0,238,188,0,"Anderson",76978,175.374782405363,0.180608365019011,159.785912858219,33.7758840188106,18.0608365019011
2021-08-05,9138,31,6691,17,2447,14,7505,17,69064,97,76569,114,0,178,1,239,188,0,"Anderson",76978,200.05715918834,0.172711571675302,148.094260697862,40.2712463301203,17.2711571675302
2021-08-06,9163,25,6707,16,2456,9,7523,18,69207,143,76730,161,0,178,1,240,188,0,"Anderson",76978,192.262724414768,0.142002989536622,209.150666424173,32.4768115565486,14.2002989536622
2021-08-07,9176,13,6713,6,2463,7,7530,7,69282,75,76812,82,0,178,0,240,188,0,"Anderson",76978,192.262724414768,0.136557610241821,106.523941905479,16.8879420094053,13.6557610241821
2021-08-08,9190,14,6721,8,2469,6,7540,10,69334,52,76874,62,0,178,0,240,188,0,"Anderson",76978,185.767362103458,0.127988748241913,80.5424926602406,18.1870144716672,12.7988748241913
2021-08-09,9226,36,6740,19,2486,17,7559,19,69433,99,76992,118,0,178,0,240,188,0,"Anderson",76978,218.244173660007,0.140939597315436,153.29055054691,46.76660864143,14.0939597315436
2021-08-10,9265,39,6760,20,2505,19,7579,20,69533,100,77112,120,0,178,2,242,188,0,"Anderson",76978,239.029333056198,0.143589743589744,155.888695471433,50.6638260282159,14.3589743589744
2021-08-11,9319,54,6784,24,2535,30,7608,29,69665,132,77273,161,0,178,1,243,188,0,"Anderson",76978,275.403361999532,0.146699266503667,209.150666424173,70.149912962145,14.6699266503667
2021-08-12,9367,48,6820,36,2547,12,7645,37,69832,167,77477,204,0,178,0,243,190,2,"Anderson",76978,297.487593857985,0.154185022026432,265.010782301437,62.3554781885734,15.4185022026432
2021-08-13,9430,63,6855,35,2575,28,7683,38,69946,114,77629,152,2,180,1,244,191,1,"Anderson",76978,346.852347423939,0.17797552836485,197.459014263816,81.8415651225025,17.797552836485
2021-08-14,9480,50,6890,35,2590,15,7715,32,70132,186,77847,218,0,180,0,244,191,0,"Anderson",76978,394.918028527631,0.178743961352657,283.197796773104,64.9536231130973,17.8743961352657
2021-08-15,9503,23,6903,13,2600,10,7730,15,70221,89,77951,104,0,180,0,244,191,0,"Anderson",76978,406.609680687989,0.176415970287837,135.103536075242,29.8786666320247,17.6415970287837
2021-08-16,9541,38,6927,24,2614,14,7754,24,70310,89,78064,113,0,180,0,244,192,1,"Anderson",76978,409.207825612513,0.181902985074627,146.7951882356,49.3647535659539,18.1902985074627
2021-08-17,9584,43,6948,21,2636,22,7778,24,70418,108,78196,132,1,181,0,244,192,0,"Anderson",76978,414.40411546156,0.183579335793358,171.477565018577,55.8601158772636,18.3579335793358
2021-08-18,9636,52,6975,27,2661,25,7809,31,70529,111,78338,142,0,181,0,244,193,1,"Anderson",76978,411.805970537037,0.188732394366197,184.468289641196,67.5517680376211,18.8732394366197
2021-08-19,9710,74,7008,33,2702,41,7844,35,70681,152,78525,187,0,181,0,244,193,0,"Anderson",76978,445.581854555847,0.189885496183206,242.926550442984,96.1313622073839,18.9885496183206
2021-08-20,9770,60,7050,42,2720,18,7888,44,70875,194,78763,238,0,181,2,246,193,0,"Anderson",76978,441.684637169061,0.180776014109347,309.179246018343,77.9443477357167,18.0776014109347
2021-08-21,9852,82,7084,34,2768,48,7922,34,71149,274,79071,308,0,181,1,247,193,0,"Anderson",76978,483.254955961444,0.169117647058824,400.114318376679,106.523941905479,16.9117647058824
2021-08-22,9874,22,7105,21,2769,1,7950,28,71305,156,79255,184,0,181,0,247,193,0,"Anderson",76978,481.955883499182,0.168711656441718,239.029333056198,28.5795941697628,16.8711656441718
2021-08-23,9922,48,7119,14,2803,34,7967,17,71440,135,79407,152,0,181,2,249,194,1,"Anderson",76978,494.946608121801,0.158600148920328,197.459014263816,62.3554781885734,15.8600148920328
2021-08-24,9967,45,7147,28,2820,17,7991,24,71526,86,79517,110,1,182,0,249,195,1,"Anderson",76978,497.544753046325,0.161241483724451,142.897970848814,58.4582608017875,16.1241483724451
2021-08-25,10038,71,7173,26,2865,45,8013,22,71570,44,79583,66,0,182,1,250,195,0,"Anderson",76978,522.227129829302,0.163855421686747,85.7387825092884,92.2341448205981,16.3855421686747
2021-08-26,10106,68,7209,36,2897,32,8057,44,71742,172,79799,216,1,183,2,252,196,1,"Anderson",76978,514.43269505573,0.167189952904239,280.59965184858,88.3369274338123,16.7189952904239
2021-08-27,10181,75,7264,55,2917,20,8119,62,71919,177,80038,239,0,183,0,252,196,0,"Anderson",76978,533.918781989659,0.181176470588235,310.478318480605,97.4304346696459,18.1176470588235
2021-08-28,10238,57,7294,30,2944,27,8158,39,72123,204,80281,243,0,183,0,252,196,0,"Anderson",76978,501.441970433111,0.19504132231405,315.674608329653,74.0471303489309,19.504132231405
2021-08-29,10301,63,7342,48,2959,15,8210,52,72334,211,80544,263,0,183,1,253,197,1,"Anderson",76978,554.70394138585,0.201706749418154,341.656057574892,81.8415651225025,20.1706749418154
2021-08-30,10372,71,7388,46,2984,25,8258,48,72560,226,80818,274,0,183,3,256,197,0,"Anderson",76978,584.582608017875,0.206236711552091,355.945854659773,92.2341448205981,20.6236711552091
2021-08-31,10505,133,7469,81,3036,52,8344,86,72817,257,81161,343,0,183,0,256,198,1,"Anderson",76978,698.900984696926,0.214720194647202,445.581854555847,172.776637480839,21.4720194647202
2021-09-01,10535,30,7491,22,3044,8,8368,24,72908,91,81276,115,0,183,0,256,199,1,"Anderson",76978,645.639013744187,0.209686946249262,149.393333160124,38.9721738678584,20.9686946249262
2021-09-02,10594,59,7517,26,3077,33,8397,29,73009,101,81406,130,1,184,0,256,199,0,"Anderson",76978,633.947361583829,0.211574362165526,168.879420094053,76.6452752734548,21.1574362165526
2021-09-03,10623,29,7535,18,3088,11,8415,18,73082,73,81497,91,0,184,0,256,199,0,"Anderson",76978,574.19002831978,0.202878684030158,118.215594065837,37.6731014055964,20.2878684030158
2021-09-04,10729,106,7604,69,3125,37,8490,75,73403,321,81893,396,0,184,1,257,199,0,"Anderson",76978,637.844578970615,0.205955334987593,514.43269505573,137.701680999766,20.5955334987593
2021-09-05,10841,112,7678,74,3163,38,8566,76,73707,304,82273,380,0,184,1,258,200,1,"Anderson",76978,701.49912962145,0.205899363794101,493.647535659539,145.496115773338,20.5899363794101
2021-09-06,10958,117,7757,79,3201,38,8655,89,74114,407,82769,496,0,184,3,261,201,1,"Anderson",76978,761.2564628855,0.203485392106612,644.339941281925,151.991478084648,20.3485392106612
2021-09-07,10995,37,7777,20,3218,17,8673,18,74213,99,82886,117,0,184,0,261,201,0,"Anderson",76978,636.545506508353,0.190724637681159,151.991478084648,48.065681103692,19.0724637681159
2021-09-08,11036,41,7808,31,3228,10,8705,32,74320,107,83025,139,0,184,2,263,204,3,"Anderson",76978,650.835303593234,0.192681532304174,180.57107225441,53.2619709527397,19.2681532304174
2021-09-09,11094,58,7829,21,3265,37,8723,18,74526,206,83249,224,0,184,1,264,207,3,"Anderson",76978,649.536231130973,0.17688551275095,290.992231546676,75.3462028111928,17.688551275095
2021-09-10,11247,153,7902,73,3345,80,8804,81,74818,292,83622,373,1,185,2,266,208,1,"Anderson",76978,810.621216451454,0.183058823529412,484.554028423705,198.758086726078,18.3058823529412
2021-09-11,11362,115,7964,62,3398,53,8873,69,75164,346,84037,415,0,185,1,267,208,0,"Anderson",76978,822.312868611811,0.178638059701493,539.115071838707,149.393333160124,17.8638059701493
2021-09-12,11400,38,7996,32,3404,6,8908,35,75307,143,84215,178,0,185,4,271,209,1,"Anderson",76978,726.181506404427,0.17610710607621,231.234898282626,49.3647535659539,17.610710607621
2021-09-13,11488,88,8030,34,3458,54,8942,34,75437,130,84379,164,4,189,3,274,209,0,"Anderson",76978,688.508404998831,0.178260869565217,213.047883810959,114.318376679051,17.8260869565217
2021-09-14,11548,60,8060,30,3488,30,8977,35,75596,159,84573,194,1,190,1,275,209,0,"Anderson",76978,718.387071630856,0.180201541197392,252.020057678817,77.9443477357167,18.0201541197392
2021-09-15,11587,39,8076,16,3511,23,8991,14,75657,61,84648,75,0,190,1,276,210,1,"Anderson",76978,715.788926706332,0.176216882316697,97.4304346696459,50.6638260282159,17.6216882316697
2021-09-16,11673,86,8131,55,3542,31,9047,56,75879,222,84926,278,0,190,1,277,210,0,"Anderson",76978,752.162955649666,0.193202146690519,361.142144508821,111.720231754527,19.3202146690519
2021-09-17,11745,72,8172,41,3573,31,9084,37,76042,163,85126,200,0,190,1,278,214,4,"Anderson",76978,646.938086206449,0.186170212765957,259.814492452389,93.53321728286,18.6170212765957
2021-09-18,11797,52,8202,30,3595,22,9117,33,76196,154,85313,187,0,190,1,279,215,1,"Anderson",76978,565.096521083946,0.191222570532915,242.926550442984,67.5517680376211,19.1222570532915
2021-09-19,11820,23,8211,9,3609,14,9127,10,76264,68,85391,78,0,190,0,279,215,0,"Anderson",76978,545.610434150017,0.186224489795918,101.327652056432,29.8786666320247,18.6224489795918
2021-09-20,11883,63,8246,35,3637,28,9163,36,76450,186,85613,222,0,190,3,282,215,0,"Anderson",76978,513.133622593468,0.179092382495948,288.394086622152,81.8415651225025,17.9092382495948
2021-09-21,11936,53,8272,26,3664,27,9187,24,76568,118,85755,142,0,190,1,283,216,1,"Anderson",76978,504.040115357635,0.177664974619289,184.468289641196,68.8508404998831,17.7664974619289
2021-09-22,11987,51,8306,34,3681,17,9227,40,76840,272,86067,312,0,190,0,283,219,3,"Anderson",76978,519.628984904778,0.16631430584919,405.310608225727,66.2526955753592,16.631430584919
2021-09-23,12062,75,8354,48,3708,27,9278,51,77048,208,86326,259,2,192,1,284,219,0,"Anderson",76978,505.339187819897,0.165,336.459767725844,97.4304346696459,16.5
2021-09-24,12102,40,8375,21,3727,19,9303,25,77188,140,86491,165,2,194,1,285,222,3,"Anderson",76978,463.768869027514,0.16043956043956,214.346956273221,51.9628984904778,16.043956043956
2021-09-25,12112,10,8379,4,3733,6,9309,6,77283,95,86592,101,0,194,0,285,222,0,"Anderson",76978,409.207825612513,0.150117279124316,131.206318688456,12.9907246226195,15.0117279124316
2021-09-26,12130,18,8394,15,3736,3,9327,18,77420,137,86747,155,1,195,0,285,222,0,"Anderson",76978,402.712463301203,0.147492625368732,201.356231650601,23.383304320715,14.7492625368732
2021-09-27,12180,50,8415,21,3765,29,9349,22,77506,86,86855,108,1,196,1,286,223,1,"Anderson",76978,385.824521291798,0.14975845410628,140.29982592429,64.9536231130973,14.975845410628
2021-09-28,12229,49,8439,24,3790,25,9376,27,77601,95,86977,122,0,196,1,287,223,0,"Anderson",76978,380.62823144275,0.154664484451718,158.486840395957,63.6545506508353,15.4664484451718
2021-09-29,12267,38,8455,16,3812,22,9393,17,77792,191,87185,208,2,198,0,287,225,2,"Anderson",76978,363.740289433345,0.148479427549195,270.207072150485,49.3647535659539,14.8479427549195
2021-09-30,12329,62,8493,38,3836,24,9433,40,77964,172,87397,212,0,198,1,288,226,1,"Anderson",76978,346.852347423939,0.144724556489262,275.403361999532,80.5424926602406,14.4724556489262
2021-10-01,12380,51,8520,27,3860,24,9462,29,78115,151,87577,180,0,198,1,289,227,1,"Anderson",76978,361.142144508821,0.146408839779006,233.83304320715,66.2526955753592,14.6408839779006
2021-10-02,12397,17,8527,7,3870,10,9468,6,78195,80,87663,86,1,199,0,289,229,2,"Anderson",76978,370.235651744654,0.148459383753501,111.720231754527,22.0842318584531,14.8459383753501
2021-10-03,12410,13,8536,9,3874,4,9477,9,78293,98,87770,107,4,203,0,289,229,0,"Anderson",76978,363.740289433345,0.146627565982405,139.000753462028,16.8879420094053,14.6627565982405
2021-10-04,12454,44,8559,23,3895,21,9503,26,78413,120,87916,146,1,204,0,289,231,2,"Anderson",76978,355.945854659773,0.145146088595664,189.664579490244,57.1591883395256,14.5146088595664
2021-10-05,12507,53,8588,29,3919,24,9533,30,78541,128,88074,158,2,206,0,289,232,1,"Anderson",76978,361.142144508821,0.143117593436645,205.253449037387,68.8508404998831,14.3117593436645
2021-10-06,12537,30,8611,23,3926,7,9559,26,78706,165,88265,191,1,207,0,289,233,1,"Anderson",76978,350.749564810725,0.153703703703704,248.122840292031,38.9721738678584,15.3703703703704
2021-10-07,12569,32,8633,22,3936,10,9584,25,78845,139,88429,164,0,207,0,289,235,2,"Anderson",76978,311.777390942867,0.146317829457364,213.047883810959,41.5703187923822,14.6317829457364
2021-10-08,12586,17,8638,5,3948,12,9594,10,78975,130,88569,140,1,208,1,290,235,0,"Anderson",76978,267.608927225961,0.133064516129032,181.870144716672,22.0842318584531,13.3064516129032
2021-10-09,12601,15,8641,3,3960,12,9601,7,79037,62,88638,69,0,208,0,290,236,1,"Anderson",76978,265.010782301437,0.136410256410256,89.6359998960742,19.4860869339292,13.6410256410256
2021-10-10,12611,10,8649,8,3962,2,9610,9,79124,87,88734,96,0,208,0,290,236,0,"Anderson",76978,261.113564914651,0.137966804979253,124.710956377147,12.9907246226195,13.7966804979253
2021-10-11,12651,40,8663,14,3988,26,9623,13,79225,101,88848,114,0,208,1,291,236,0,"Anderson",76978,255.917275065603,0.128755364806867,148.094260697862,51.9628984904778,12.8755364806867
2021-10-12,12686,35,8687,24,3999,11,9645,22,79324,99,88969,121,2,210,3,294,236,0,"Anderson",76978,232.533970744888,0.125139664804469,157.187767933695,45.4675361791681,12.5139664804469
2021-10-13,12712,26,8701,14,4011,12,9663,18,79436,112,89099,130,0,210,1,295,239,3,"Anderson",76978,227.33768089584,0.124700239808153,168.879420094053,33.7758840188106,12.4700239808153
2021-10-14,12731,19,8711,10,4020,9,9677,14,79539,103,89216,117,1,211,0,295,239,0,"Anderson",76978,210.449738886435,0.118170266836086,151.991478084648,24.682376782977,11.8170266836086
2021-10-15,12754,23,8723,12,4031,11,9690,13,79660,121,89350,134,0,211,1,296,239,0,"Anderson",76978,218.244173660007,0.12291933418694,174.075709943101,29.8786666320247,12.291933418694
2021-10-16,12762,8,8728,5,4034,3,9697,7,79715,55,89412,62,0,211,1,297,239,0,"Anderson",76978,209.150666424173,0.124031007751938,80.5424926602406,10.3925796980956,12.4031007751938
2021-10-17,12764,2,8729,1,4035,1,9698,1,79766,51,89464,52,0,211,0,297,239,0,"Anderson",76978,198.758086726078,0.120547945205479,67.5517680376211,2.59814492452389,12.0547945205479
2021-10-18,12788,24,8739,10,4049,14,9709,11,79834,68,89543,79,1,212,1,298,239,0,"Anderson",76978,177.972927329886,0.123741007194245,102.626724518694,31.1777390942867,12.3741007194245
2021-10-19,12818,30,8752,13,4066,17,9720,11,79945,111,89665,122,2,214,1,299,239,0,"Anderson",76978,171.477565018577,0.107758620689655,158.486840395957,38.9721738678584,10.7758620689655
2021-10-20,12853,35,8778,26,4075,9,9749,29,80056,111,89805,140,0,214,1,300,240,1,"Anderson",76978,183.169217178934,0.121813031161473,181.870144716672,45.4675361791681,12.1813031161473
2021-10-21,12885,32,8796,18,4089,14,9767,18,80149,93,89916,111,0,214,1,301,241,1,"Anderson",76978,200.05715918834,0.128571428571429,144.197043311076,41.5703187923822,12.8571428571429
2021-10-22,12894,9,8802,6,4092,3,9775,8,80225,76,90000,84,0,214,1,302,241,0,"Anderson",76978,181.870144716672,0.130769230769231,109.122086830003,11.6916521603575,13.0769230769231
2021-10-23,12911,17,8806,4,4105,13,9779,4,80278,53,90057,57,0,214,1,303,241,0,"Anderson",76978,193.56179687703,0.127131782945736,74.0471303489309,22.0842318584531,12.7131782945736
2021-10-24,12917,6,8811,5,4106,1,9786,7,80330,52,90116,59,0,214,0,303,242,1,"Anderson",76978,198.758086726078,0.134969325153374,76.6452752734548,7.79443477357167,13.4969325153374
2021-10-25,12941,24,8824,13,4117,11,9800,14,80401,71,90201,85,1,215,2,305,242,0,"Anderson",76978,198.758086726078,0.138297872340426,110.421159292265,31.1777390942867,13.8297872340426
2021-10-26,12953,12,8830,6,4123,6,9806,6,80465,64,90271,70,0,215,0,305,243,1,"Anderson",76978,175.374782405363,0.141914191419142,90.9350723583361,15.5888695471433,14.1914191419142
2021-10-27,12970,17,8840,10,4130,7,9819,13,80586,121,90405,134,1,216,2,307,245,2,"Anderson",76978,151.991478084648,0.116666666666667,174.075709943101,22.0842318584531,11.6666666666667
2021-10-28,12992,22,8854,14,4138,8,9836,17,80668,82,90504,99,1,217,0,307,246,1,"Anderson",76978,139.000753462028,0.11734693877551,128.608173763933,28.5795941697628,11.734693877551
2021-10-29,13013,21,8865,11,4148,10,9848,12,80782,114,90630,126,0,217,1,308,246,0,"Anderson",76978,154.589623009171,0.115873015873016,163.683130245005,27.2805217075008,11.5873015873016
2021-10-30,13025,12,8869,4,4156,8,9853,5,80869,87,90722,92,0,217,1,309,246,0,"Anderson",76978,148.094260697862,0.111278195488722,119.514666528099,15.5888695471433,11.1278195488722
2021-10-31,13028,3,8871,2,4157,1,9856,3,80908,39,90764,42,0,217,0,309,246,0,"Anderson",76978,144.197043311076,0.108024691358025,54.5610434150017,3.89721738678583,10.8024691358025
2021-11-01,13055,27,8876,5,4179,22,9860,4,80996,88,90856,92,1,218,1,310,247,1,"Anderson",76978,148.094260697862,0.0916030534351145,119.514666528099,35.0749564810725,9.16030534351145
2021-11-02,13075,20,8881,5,4194,15,9865,5,81072,76,90937,81,2,220,1,311,247,0,"Anderson",76978,158.486840395957,0.0885885885885886,105.224869443218,25.9814492452389,8.85885885885886
2021-11-03,13105,30,8899,18,4206,12,9883,18,81272,200,91155,218,1,221,0,311,247,0,"Anderson",76978,175.374782405363,0.0853333333333333,283.197796773104,38.9721738678584,8.53333333333333
2021-11-04,13127,22,8914,15,4213,7,9899,16,81405,133,91304,149,0,221,0,311,247,0,"Anderson",76978,175.374782405363,0.07875,193.56179687703,28.5795941697628,7.875
2021-11-05,13137,10,8917,3,4220,7,9900,1,81527,122,91427,123,0,221,0,311,247,0,"Anderson",76978,161.084985320481,0.0652446675031368,159.785912858219,12.9907246226195,6.52446675031368
2021-11-06,13146,9,8921,4,4225,5,9905,5,81614,87,91519,92,0,221,3,314,248,1,"Anderson",76978,157.187767933695,0.0652446675031368,119.514666528099,11.6916521603575,6.52446675031368
2021-11-07,13152,6,8926,5,4226,1,9911,6,81662,48,91573,54,0,221,0,314,248,0,"Anderson",76978,161.084985320481,0.0679851668726823,70.149912962145,7.79443477357167,6.79851668726823
2021-11-08,13177,25,8937,11,4240,14,9924,13,81750,88,91674,101,1,222,0,314,248,0,"Anderson",76978,158.486840395957,0.078239608801956,131.206318688456,32.4768115565486,7.8239608801956
2021-11-09,13200,23,8944,7,4256,16,9930,6,81908,158,91838,164,1,223,0,314,249,1,"Anderson",76978,162.384057782743,0.072142064372919,213.047883810959,29.8786666320247,7.2142064372919
2021-11-10,13218,18,8956,12,4262,6,9943,13,82024,116,91967,129,0,223,1,315,250,1,"Anderson",76978,146.7951882356,0.0738916256157636,167.580347631791,23.383304320715,7.38916256157635
2021-11-11,13241,23,8974,18,4267,5,9961,18,82214,190,92175,208,0,223,0,315,251,1,"Anderson",76978,148.094260697862,0.0711825487944891,270.207072150485,29.8786666320247,7.11825487944891
2021-11-12,13254,13,8982,8,4272,5,9969,8,82347,133,92316,141,0,223,1,316,251,0,"Anderson",76978,151.991478084648,0.077615298087739,183.169217178934,16.8879420094053,7.7615298087739
2021-11-13,13261,7,8986,4,4275,3,9973,4,82398,51,92371,55,3,226,1,317,252,1,"Anderson",76978,149.393333160124,0.07981220657277,71.448985424407,9.09350723583361,7.981220657277
2021-11-14,13263,2,8988,2,4275,0,9976,3,82477,79,92453,82,0,226,0,317,252,0,"Anderson",76978,144.197043311076,0.0738636363636364,106.523941905479,2.59814492452389,7.38636363636364
2021-11-15,13295,32,9002,14,4293,18,9990,14,82562,85,92552,99,0,226,0,317,253,1,"Anderson",76978,153.29055054691,0.0751708428246014,128.608173763933,41.5703187923822,7.51708428246014
2021-11-16,13320,25,9015,13,4305,12,10003,13,82688,126,92691,139,1,227,0,317,254,1,"Anderson",76978,155.888695471433,0.0855803048065651,180.57107225441,32.4768115565486,8.5580304806565
2021-11-17,13337,17,9024,9,4313,8,10012,9,82802,114,92814,123,0,227,2,319,256,2,"Anderson",76978,154.589623009171,0.0814639905548996,159.785912858219,22.0842318584531,8.14639905548996
2021-11-18,13360,23,9038,14,4322,9,10030,18,82937,135,92967,153,4,231,0,319,258,2,"Anderson",76978,154.589623009171,0.0871212121212121,198.758086726078,29.8786666320247,8.71212121212121
2021-11-19,13374,14,9044,6,4330,8,10037,7,83046,109,93083,116,1,232,0,319,258,0,"Anderson",76978,155.888695471433,0.0886571056062582,150.692405622386,18.1870144716672,8.86571056062582
2021-11-20,13383,9,9049,5,4334,4,10042,5,83139,93,93181,98,0,232,0,319,259,1,"Anderson",76978,158.486840395957,0.0851851851851852,127.309101301671,11.6916521603575,8.51851851851852
2021-11-21,13395,12,9055,6,4340,6,10048,6,83179,40,93227,46,0,232,0,319,259,0,"Anderson",76978,171.477565018577,0.0930232558139535,59.7573332640495,15.5888695471433,9.30232558139535
2021-11-22,13423,28,9072,17,4351,11,10066,18,83301,122,93367,140,1,233,0,319,259,0,"Anderson",76978,166.281275169529,0.0932515337423313,181.870144716672,36.3740289433345,9.32515337423313
2021-11-23,13440,17,9078,6,4362,11,10071,5,83398,97,93469,102,0,233,1,320,261,2,"Anderson",76978,155.888695471433,0.0874035989717224,132.505391150718,22.0842318584531,8.74035989717224
2021-11-24,13465,25,9094,16,4371,9,10083,12,83508,110,93591,122,1,234,1,321,261,0,"Anderson",76978,166.281275169529,0.0913770913770914,158.486840395957,32.4768115565486,9.13770913770914
2021-11-25,13470,5,9096,2,4374,3,10084,1,83553,45,93637,46,0,234,2,323,261,0,"Anderson",76978,142.897970848814,0.0805970149253731,59.7573332640495,6.49536231130973,8.05970149253731
2021-11-26,13477,7,9102,6,4375,1,10093,9,83596,43,93689,52,0,234,0,323,262,1,"Anderson",76978,133.80446361298,0.0924092409240924,67.5517680376211,9.09350723583361,9.24092409240924
2021-11-27,13482,5,9104,2,4378,3,10095,2,83632,36,93727,38,0,234,0,323,262,0,"Anderson",76978,128.608173763933,0.0970695970695971,49.3647535659539,6.49536231130973,9.70695970695971
2021-11-28,13492,10,9105,1,4387,9,10096,1,83670,38,93766,39,0,234,0,323,262,0,"Anderson",76978,126.010028839409,0.0890538033395176,50.6638260282159,12.9907246226195,8.90538033395176
2021-11-29,13519,27,9120,15,4399,12,10112,16,83749,79,93861,95,0,234,0,323,262,0,"Anderson",76978,124.710956377147,0.0931174089068826,123.411883914885,35.0749564810725,9.31174089068826
2021-11-30,13546,27,9134,14,4412,13,10124,12,83851,102,93975,114,0,234,1,324,262,0,"Anderson",76978,137.701680999766,0.104743083003953,148.094260697862,35.0749564810725,10.4743083003953
2021-12-01,13577,31,9152,18,4425,13,10142,18,83958,107,94100,125,0,234,2,326,262,0,"Anderson",76978,145.496115773338,0.115913555992141,162.384057782743,40.2712463301203,11.5913555992141
2021-12-02,13619,42,9176,24,4443,18,10168,26,84096,138,94264,164,0,234,0,326,265,3,"Anderson",76978,193.56179687703,0.133971291866029,213.047883810959,54.5610434150017,13.3971291866029
2021-12-03,13650,31,9194,18,4456,13,10187,19,84283,187,94470,206,1,235,1,327,265,0,"Anderson",76978,224.739535971316,0.120358514724712,267.608927225961,40.2712463301203,12.0358514724712
2021-12-04,13670,20,9207,13,4463,7,10201,14,84352,69,94553,83,0,235,0,327,265,0,"Anderson",76978,244.225622905246,0.128329297820823,107.823014367741,25.9814492452389,12.8329297820823
2021-12-05,13683,13,9209,2,4474,11,10203,2,84394,42,94597,44,0,235,0,327,265,0,"Anderson",76978,248.122840292031,0.128760529482551,57.1591883395256,16.8879420094053,12.8760529482551
2021-12-06,13718,35,9229,20,4489,15,10225,22,84496,102,94721,124,2,237,1,328,265,0,"Anderson",76978,258.515419990127,0.131395348837209,161.084985320481,45.4675361791681,13.1395348837209
2021-12-07,13747,29,9244,15,4503,14,10241,16,84591,95,94832,111,0,237,0,328,265,0,"Anderson",76978,261.113564914651,0.136522753792299,144.197043311076,37.6731014055964,13.6522753792299
2021-12-08,13774,27,9265,21,4509,6,10261,20,84712,121,94973,141,0,237,2,330,265,0,"Anderson",76978,255.917275065603,0.13631156930126,183.169217178934,35.0749564810725,13.631156930126
2021-12-09,13802,28,9281,16,4521,12,10278,17,84922,210,95200,227,0,237,1,331,265,0,"Anderson",76978,237.730260593936,0.117521367521368,294.889448933461,36.3740289433345,11.7521367521368
2021-12-10,13831,29,9298,17,4533,12,10295,17,85075,153,95370,170,0,237,2,333,265,0,"Anderson",76978,235.132115669412,0.12,220.842318584531,37.6731014055964,12
2021-12-11,13840,9,9303,5,4537,4,10301,6,85150,75,95451,81,0,237,0,333,266,1,"Anderson",76978,220.842318584531,0.111358574610245,105.224869443218,11.6916521603575,11.1358574610245
2021-12-12,13860,20,9314,11,4546,9,10313,12,85220,70,95533,82,0,237,0,333,266,0,"Anderson",76978,229.935825820364,0.117521367521368,106.523941905479,25.9814492452389,11.7521367521368
2021-12-13,13889,29,9320,6,4569,23,10320,7,85295,75,95615,82,0,237,0,333,269,3,"Anderson",76978,222.141391046793,0.106263982102908,106.523941905479,37.6731014055964,10.6263982102908
2021-12-14,13903,14,9325,5,4578,9,10326,6,85374,79,95700,85,3,240,1,334,269,0,"Anderson",76978,202.655304112863,0.097926267281106,110.421159292265,18.1870144716672,9.7926267281106
2021-12-15,13929,26,9339,14,4590,12,10341,15,85503,129,95844,144,0,240,0,334,270,1,"Anderson",76978,201.356231650601,0.0918484500574053,187.06643456572,33.7758840188106,9.18484500574053
2021-12-16,13957,28,9349,10,4608,18,10356,15,85598,95,95954,110,0,240,2,336,270,0,"Anderson",76978,201.356231650601,0.103448275862069,142.897970848814,36.3740289433345,10.3448275862069
2021-12-17,13988,31,9372,23,4616,8,10378,22,85753,155,96131,177,1,241,0,336,271,1,"Anderson",76978,203.954376575125,0.109067017082786,229.935825820364,40.2712463301203,10.9067017082786
2021-12-18,13999,11,9381,9,4618,2,10388,10,85835,82,96223,92,0,241,0,336,271,0,"Anderson",76978,206.552521499649,0.112694300518135,119.514666528099,14.2897970848814,11.2694300518135
2021-12-19,14013,14,9389,8,4624,6,10399,11,85915,80,96314,91,0,241,0,336,271,0,"Anderson",76978,198.758086726078,0.1101152368758,118.215594065837,18.1870144716672,11.01152368758
2021-12-20,14037,24,9405,16,4632,8,10413,14,86001,86,96414,100,0,241,0,336,272,1,"Anderson",76978,192.262724414768,0.11639549436796,129.907246226195,31.1777390942867,11.639549436796
2021-12-21,14065,28,9413,8,4652,20,10424,11,86082,81,96506,92,0,241,0,336,272,0,"Anderson",76978,210.449738886435,0.121588089330025,119.514666528099,36.3740289433345,12.1588089330025
2021-12-22,14113,48,9427,14,4686,34,10435,11,86197,115,96632,126,19,260,1,337,273,1,"Anderson",76978,239.029333056198,0.119289340101523,163.683130245005,62.3554781885734,11.9289340101523
2021-12-23,14140,27,9442,15,4698,12,10452,17,86297,100,96749,117,-1,259,1,338,274,1,"Anderson",76978,237.730260593936,0.120754716981132,151.991478084648,35.0749564810725,12.0754716981132
2021-12-24,14166,26,9457,15,4709,11,10469,17,86384,87,96853,104,0,259,1,339,274,0,"Anderson",76978,231.234898282626,0.126038781163435,135.103536075242,33.7758840188106,12.6038781163435
2021-12-25,14180,14,9464,7,4716,7,10479,10,86442,58,96921,68,1,260,0,339,275,1,"Anderson",76978,235.132115669412,0.130372492836676,88.3369274338123,18.1870144716672,13.0372492836676
2021-12-26,14191,11,9468,4,4723,7,10485,6,86486,44,96971,50,1,261,0,339,275,0,"Anderson",76978,231.234898282626,0.13089802130898,64.9536231130973,14.2897970848814,13.089802130898
2021-12-27,14238,47,9487,19,4751,28,10505,20,86590,104,97095,124,1,262,2,341,276,1,"Anderson",76978,261.113564914651,0.135095447870778,161.084985320481,61.0564057263114,13.5095447870778
2021-12-28,14325,87,9523,36,4802,51,10541,36,86699,109,97240,145,0,262,0,341,276,0,"Anderson",76978,337.758840188106,0.159400544959128,188.365507027982,113.019304216789,15.9400544959128
2021-12-29,14406,81,9567,44,4839,37,10588,47,86857,158,97445,205,2,264,0,341,276,0,"Anderson",76978,380.62823144275,0.188191881918819,266.309854763699,105.224869443218,18.8191881918819
2021-12-30,14498,92,9609,42,4889,50,10626,38,86976,119,97602,157,1,265,0,341,276,0,"Anderson",76978,465.067941489776,0.203985932004689,203.954376575125,119.514666528099,20.3985932004689
2021-12-31,14566,68,9650,41,4916,27,10671,45,87093,117,97764,162,0,265,0,341,277,1,"Anderson",76978,519.628984904778,0.221734357848518,210.449738886435,88.3369274338123,22.1734357848518
2022-01-01,14627,61,9684,34,4943,27,10708,37,87192,99,97900,136,0,265,0,341,277,0,"Anderson",76978,580.685390631089,0.23391215526047,176.673854867625,79.2434201979787,23.391215526047
2022-01-02,14659,32,9707,23,4952,9,10741,33,87308,116,98049,149,0,265,0,341,278,1,"Anderson",76978,607.96591233859,0.23747680890538,193.56179687703,41.5703187923822,23.747680890538
2022-01-03,14720,61,9728,21,4992,40,10764,23,87384,76,98148,99,1,266,0,341,278,0,"Anderson",76978,626.152926810257,0.245963912630579,128.608173763933,79.2434201979787,24.5963912630579
2022-01-04,14846,126,9793,65,5053,61,10827,63,87558,174,98385,237,1,267,0,341,279,1,"Anderson",76978,676.816752838473,0.249781659388646,307.880173556081,163.683130245005,24.9781659388646
2022-01-05,15013,167,9879,86,5134,81,10913,86,87704,146,98617,232,1,268,0,341,280,1,"Anderson",76978,788.536984593001,0.277303754266212,301.384811244771,216.945101197745,27.7303754266212
2022-01-06,15155,142,9951,72,5204,70,10984,71,87824,120,98808,191,1,269,1,342,280,0,"Anderson",76978,853.490607706098,0.296849087893864,248.122840292031,184.468289641196,29.6849087893864
2022-01-07,15296,141,10024,73,5272,68,11062,78,87964,140,99026,218,0,269,1,343,280,0,"Anderson",76978,948.32289745122,0.309825673534073,283.197796773104,183.169217178934,30.9825673534073
2022-01-08,15399,103,10066,42,5333,61,11107,45,88039,75,99146,120,0,269,2,345,282,2,"Anderson",76978,1002.88394086622,0.320224719101124,155.888695471433,133.80446361298,32.0224719101124
2022-01-09,15484,85,10122,56,5362,29,11169,62,88182,143,99351,205,0,269,1,346,282,0,"Anderson",76978,1071.7347813661,0.328725038402458,266.309854763699,110.421159292265,32.8725038402458
2022-01-10,15639,155,10196,74,5443,81,11247,78,88295,113,99542,191,1,270,3,349,284,2,"Anderson",76978,1193.84759281873,0.34648493543759,248.122840292031,201.356231650601,34.648493543759
2022-01-11,15814,175,10305,109,5509,66,11349,102,88436,141,99785,243,0,270,0,349,285,1,"Anderson",76978,1257.50214346956,0.372857142857143,315.674608329653,227.33768089584,37.2857142857143
2022-01-12,16070,256,10468,163,5602,93,11513,164,88627,191,100140,355,0,270,1,350,285,0,"Anderson",76978,1373.11959261088,0.393959290873276,461.17072410299,332.562550339058,39.3959290873276
2022-01-13,16301,231,10619,151,5682,80,11668,155,88859,232,100527,387,4,274,0,350,285,0,"Anderson",76978,1488.73704175219,0.397905759162304,502.741042895373,300.085738782509,39.7905759162304
2022-01-14,16555,254,10762,143,5793,111,11817,149,89015,156,100832,305,2,276,1,351,285,0,"Anderson",76978,1635.53222998779,0.418050941306755,396.217100989893,329.964405414534,41.8050941306755
2022-01-15,16652,97,10821,59,5831,38,11879,62,89133,118,101012,180,1,277,2,353,285,0,"Anderson",76978,1627.73779521422,0.413719185423365,233.83304320715,126.010028839409,41.3719185423366
2022-01-16,16804,152,10949,128,5855,24,12012,133,89330,197,101342,330,0,277,1,354,285,0,"Anderson",76978,1714.77565018577,0.42340532395781,428.693912546442,197.459014263816,42.340532395781
2022-01-17,16984,180,11061,112,5923,68,12128,116,89449,119,101577,235,0,277,2,356,285,0,"Anderson",76978,1747.25246174232,0.432923832923833,305.282028631557,233.83304320715,43.2923832923833
2022-01-18,17199,215,11200,139,5999,76,12270,142,89586,137,101856,279,0,277,0,356,287,2,"Anderson",76978,1799.21536023279,0.44471269917914,362.441216971083,279.300579386318,44.471269917914
2022-01-19,17501,302,11411,211,6090,91,12484,214,89806,220,102290,434,3,280,0,356,287,0,"Anderson",76978,1858.97269349684,0.451627906976744,563.797448621684,392.319883603107,45.1627906976744
2022-01-20,17798,297,11653,242,6145,55,12745,261,89963,157,102708,418,1,281,2,358,288,1,"Anderson",76978,1944.71147600613,0.493810178817056,543.012289225493,385.824521291798,49.3810178817056
2022-01-21,18044,246,11868,215,6176,31,12970,225,90182,219,103152,444,2,283,1,359,290,2,"Anderson",76978,1934.31889630804,0.49698275862069,576.788173244304,319.571825716438,49.698275862069
2022-01-22,18172,128,11960,92,6212,36,13074,104,90301,119,103375,223,0,283,0,359,290,0,"Anderson",76978,1974.59014263816,0.505713076597545,289.693159084414,166.281275169529,50.5713076597546
2022-01-23,18300,128,12071,111,6229,17,13188,114,90408,107,103596,221,0,283,0,359,291,1,"Anderson",76978,1943.41240354387,0.521739130434783,287.09501415989,166.281275169529,52.1739130434783
2022-01-24,18567,267,12221,150,6346,117,13349,161,90586,178,103935,339,1,284,1,360,292,1,"Anderson",76978,2056.43170776066,0.517811704834606,440.385564706799,346.852347423939,51.7811704834606
2022-01-25,18751,184,12354,133,6397,51,13494,145,90706,120,104200,265,1,285,0,360,293,1,"Anderson",76978,2016.16046143054,0.522184300341297,344.254202499415,239.029333056198,52.2184300341297
2022-01-26,18956,205,12508,154,6448,51,13660,166,90858,152,104518,318,1,286,1,361,293,0,"Anderson",76978,1890.15043259113,0.527827648114901,413.105042999298,266.309854763699,52.7827648114901
2022-01-27,19178,222,12681,173,6497,49,13839,179,91078,220,104917,399,0,286,0,361,293,0,"Anderson",76978,1792.71999792148,0.495246717971933,518.329912442516,288.394086622152,49.5246717971933
2022-01-28,19368,190,12819,138,6549,52,13983,144,91241,163,105224,307,1,287,1,362,294,1,"Anderson",76978,1719.97194003482,0.488899613899614,398.815245914417,246.82376782977,48.8899613899614
2022-01-29,19511,143,12919,100,6592,43,14088,105,91358,117,105446,222,0,287,0,362,296,2,"Anderson",76978,1739.45802696874,0.489618541767262,288.394086622152,185.767362103458,48.9618541767262
2022-01-30,19577,66,12965,46,6612,20,14138,50,91449,91,105587,141,0,287,1,363,297,1,"Anderson",76978,1658.9155343085,0.477147162230035,183.169217178934,85.7387825092884,47.7147162230035
2022-01-31,19772,195,13085,120,6687,75,14278,140,91599,150,105877,290,4,291,1,364,299,2,"Anderson",76978,1565.38231702564,0.4783728115345,376.731014055964,253.319130141079,47.83728115345
2022-02-01,19935,163,13180,95,6755,68,14385,107,91719,120,106104,227,1,292,1,365,299,0,"Anderson",76978,1538.10179531814,0.46796218487395,294.889448933461,211.748811348697,46.796218487395
2022-02-02,20079,144,13267,87,6812,57,14478,93,91860,141,106338,234,1,293,0,365,300,1,"Anderson",76978,1458.85837512016,0.449450549450549,303.982956169295,187.06643456572,44.945054945055
2022-02-03,20711,632,13358,91,7353,541,14576,98,92068,208,106644,306,2,295,1,366,302,2,"Anderson",76978,1991.47808464756,0.426751592356688,397.516173452155,821.013796149549,42.6751592356688
2022-02-04,20857,146,13468,110,7389,36,14686,110,92192,124,106878,234,0,295,0,366,305,3,"Anderson",76978,1934.31889630804,0.42503022974607,303.982956169295,189.664579490244,42.503022974607
2022-02-05,20906,49,13494,26,7412,23,14716,30,92268,76,106984,106,0,295,0,366,306,1,"Anderson",76978,1812.20608485541,0.408322496749025,137.701680999766,63.6545506508353,40.8322496749025
2022-02-06,20965,59,13538,44,7427,15,14765,49,92342,74,107107,123,0,295,1,367,308,2,"Anderson",76978,1803.11257761958,0.4125,159.785912858219,76.6452752734548,41.25
2022-02-07,21049,84,13589,51,7460,33,14821,56,92444,102,107265,158,3,298,0,367,309,1,"Anderson",76978,1658.9155343085,0.391210374639769,205.253449037387,109.122086830003,39.1210374639769
2022-02-08,21134,85,13636,47,7498,38,14878,57,92541,97,107419,154,0,298,0,367,309,0,"Anderson",76978,1557.58788225207,0.37490494296578,200.05715918834,110.421159292265,37.490494296578
2022-02-09,21233,99,13700,64,7533,35,14952,74,92648,107,107600,181,0,298,0,367,310,1,"Anderson",76978,1499.12962145028,0.375594294770206,235.132115669412,128.608173763933,37.5594294770206
2022-02-10,21321,88,13750,50,7571,38,15006,54,92774,126,107780,180,2,300,0,367,311,1,"Anderson",76978,792.434201979786,0.378521126760563,233.83304320715,114.318376679051,37.8521126760563
2022-02-11,21380,59,13792,42,7588,17,15051,45,92876,102,107927,147,1,301,0,367,311,0,"Anderson",76978,679.414897762997,0.347950428979981,190.963651952506,76.6452752734548,34.7950428979981
2022-02-12,21411,31,13815,23,7596,8,15076,25,92938,62,108014,87,0,301,1,368,311,0,"Anderson",76978,656.031593442282,0.349514563106796,113.019304216789,40.2712463301203,34.9514563106796
2022-02-13,21432,21,13829,14,7603,7,15091,15,92985,47,108076,62,0,301,0,368,312,1,"Anderson",76978,606.666839876328,0.336429308565531,80.5424926602406,27.2805217075008,33.6429308565531
2022-02-14,21483,51,13856,27,7627,24,15127,36,93042,57,108169,93,1,302,0,368,312,0,"Anderson",76978,563.797448621684,0.338495575221239,120.813738990361,66.2526955753592,33.8495575221239
2022-02-15,21539,56,13895,39,7644,17,15172,45,93119,77,108291,122,0,302,0,368,313,1,"Anderson",76978,526.124347216088,0.337155963302752,158.486840395957,72.7480578866689,33.7155963302752
2022-02-16,21601,62,13928,33,7673,29,15203,31,93211,92,108414,123,0,302,0,368,313,0,"Anderson",76978,478.058666112396,0.308353808353808,159.785912858219,80.5424926602406,30.8353808353808
2022-02-17,21649,48,13961,33,7688,15,15238,35,93305,94,108543,129,0,302,0,368,314,1,"Anderson",76978,426.095767621918,0.304062909567497,167.580347631791,62.3554781885734,30.4062909567497
2022-02-18,21697,48,13992,31,7705,17,15275,37,93377,72,108652,109,0,302,0,368,315,1,"Anderson",76978,411.805970537037,0.308965517241379,141.598898386552,62.3554781885734,30.8965517241379
2022-02-19,21723,26,14002,10,7721,16,15286,11,93432,55,108718,66,0,302,0,368,317,2,"Anderson",76978,405.310608225727,0.298295454545455,85.7387825092884,33.7758840188106,29.8295454545455
2022-02-20,21733,10,14005,3,7728,7,15288,2,93469,37,108757,39,0,302,0,368,317,0,"Anderson",76978,391.020811140845,0.28928046989721,50.6638260282159,12.9907246226195,28.928046989721
2022-02-21,21749,16,14014,9,7735,7,15298,10,93498,29,108796,39,0,302,2,370,318,1,"Anderson",76978,345.553274961677,0.272727272727273,50.6638260282159,20.7851593961911,27.2727272727273
2022-02-22,21784,35,14029,15,7755,20,15316,18,93575,77,108891,95,2,304,0,370,318,0,"Anderson",76978,318.272753254177,0.24,123.411883914885,45.4675361791681,24
2022-02-23,21819,35,14046,17,7773,18,15335,19,93641,66,108976,85,4,308,0,370,319,1,"Anderson",76978,283.197796773104,0.234875444839858,110.421159292265,45.4675361791681,23.4875444839858
2022-02-24,21847,28,14060,14,7787,14,15352,17,93719,78,109071,95,1,309,0,370,320,1,"Anderson",76978,257.216347527865,0.215909090909091,123.411883914885,36.3740289433345,21.5909090909091
2022-02-25,21860,13,14066,6,7794,7,15358,6,93786,67,109144,73,-1,308,0,370,320,0,"Anderson",76978,211.748811348697,0.16869918699187,94.832289745122,16.8879420094053,16.869918699187
2022-02-26,21873,13,14071,5,7802,8,15365,7,93831,45,109196,52,0,308,1,371,320,0,"Anderson",76978,194.860869339292,0.165271966527197,67.5517680376211,16.8879420094053,16.5271966527197
2022-02-27,21873,0,14071,0,7802,0,15366,1,93848,17,109214,18,0,308,0,371,320,0,"Anderson",76978,181.870144716672,0.170678336980306,23.383304320715,0,17.0678336980306
2022-02-28,21891,18,14080,9,7811,9,15378,12,93905,57,109283,69,0,308,0,371,320,0,"Anderson",76978,184.468289641196,0.164271047227926,89.6359998960742,23.383304320715,16.4271047227926
2022-03-01,21904,13,14087,7,7817,6,15386,8,93950,45,109336,53,-1,307,0,371,322,2,"Anderson",76978,155.888695471433,0.157303370786517,68.8508404998831,16.8879420094053,15.7303370786517
2022-03-02,21914,10,14093,6,7821,4,15394,8,94003,53,109397,61,2,309,0,371,323,1,"Anderson",76978,123.411883914885,0.140142517814727,79.2434201979787,12.9907246226195,14.0142517814727
2022-03-03,21924,10,14095,2,7829,8,15396,2,94047,44,109443,46,2,311,0,371,323,0,"Anderson",76978,100.02857959417,0.118279569892473,59.7573332640495,12.9907246226195,11.8279569892473
2022-03-04,21933,9,14098,3,7835,6,15401,5,94111,64,109512,69,0,311,0,371,324,1,"Anderson",76978,94.832289745122,0.116847826086957,89.6359998960742,11.6916521603575,11.6847826086957
2022-03-05,21938,5,14099,1,7839,4,15402,1,94152,41,109554,42,0,311,0,371,325,1,"Anderson",76978,84.4397100470264,0.103351955307263,54.5610434150017,6.49536231130973,10.3351955307263
2022-03-06,21940,2,14100,1,7840,1,15403,1,94176,24,109579,25,0,311,1,372,326,1,"Anderson",76978,87.0378549715503,0.101369863013699,32.4768115565486,2.59814492452389,10.1369863013699
2022-03-07,21953,13,14102,2,7851,11,15405,2,94209,33,109614,35,1,312,0,372,326,0,"Anderson",76978,80.5424926602406,0.081570996978852,45.4675361791681,16.8879420094053,8.1570996978852
2022-03-08,22004,51,14104,2,7900,49,15408,3,94239,30,109647,33,0,312,0,372,327,1,"Anderson",76978,129.907246226195,0.0707395498392283,42.8693912546442,66.2526955753592,7.07395498392283
2022-03-09,22011,7,14110,6,7901,1,15413,5,94277,38,109690,43,0,312,0,372,327,0,"Anderson",76978,126.010028839409,0.0648464163822526,55.8601158772636,9.09350723583361,6.48464163822526
2022-03-10,22016,5,14114,4,7902,1,15420,7,94323,46,109743,53,3,315,0,372,327,0,"Anderson",76978,119.514666528099,0.08,68.8508404998831,6.49536231130973,8
2022-03-11,22022,6,14114,0,7908,6,15421,1,94362,39,109783,40,1,316,1,373,327,0,"Anderson",76978,115.617449141313,0.0738007380073801,51.9628984904778,7.79443477357167,7.38007380073801
2022-03-12,22022,0,14114,0,7908,0,15421,0,94384,22,109805,22,0,316,0,373,329,2,"Anderson",76978,109.122086830003,0.0756972111553785,28.5795941697628,0,7.56972111553785
2022-03-13,22025,3,14116,2,7909,1,15422,1,94428,44,109850,45,1,317,0,373,329,0,"Anderson",76978,110.421159292265,0.0701107011070111,58.4582608017875,3.89721738678583,7.01107011070111
2022-03-14,22032,7,14120,4,7912,3,15429,7,94454,26,109883,33,2,319,1,374,329,0,"Anderson",76978,102.626724518694,0.0892193308550186,42.8693912546442,9.09350723583361,8.92193308550186
2022-03-15,22036,4,14121,1,7915,3,15429,0,94476,22,109905,22,0,319,0,374,330,1,"Anderson",76978,41.5703187923822,0.0813953488372093,28.5795941697628,5.19628984904778,8.13953488372093
2022-03-16,22038,2,14123,2,7915,0,15432,3,94500,24,109932,27,1,320,0,374,330,0,"Anderson",76978,35.0749564810725,0.0785123966942149,35.0749564810725,2.59814492452389,7.85123966942149
2022-03-17,22038,0,14123,0,7915,0,15434,2,94529,29,109963,31,0,320,0,374,330,0,"Anderson",76978,28.5795941697628,0.0636363636363636,40.2712463301203,0,6.36363636363636
2022-03-18,22040,2,14125,2,7915,0,15436,2,94573,44,110009,46,0,320,0,374,331,1,"Anderson",76978,23.383304320715,0.0663716814159292,59.7573332640495,2.59814492452389,6.63716814159292
2022-03-19,22040,0,14125,0,7915,0,15436,0,94593,20,110029,20,0,320,0,374,331,0,"Anderson",76978,23.383304320715,0.0669642857142857,25.9814492452389,0,6.69642857142857
2022-03-20,22044,4,14128,3,7916,1,15440,4,94612,19,110052,23,0,320,0,374,332,1,"Anderson",76978,24.682376782977,0.0891089108910891,29.8786666320247,5.19628984904778,8.91089108910891
2022-03-21,22045,1,14128,0,7917,1,15440,0,94625,13,110065,13,2,322,0,374,332,0,"Anderson",76978,16.8879420094053,0.0604395604395604,16.8879420094053,1.29907246226194,6.04395604395604
2022-03-22,22045,0,14128,0,7917,0,15441,1,94631,6,110072,7,0,322,0,374,332,0,"Anderson",76978,11.6916521603575,0.0718562874251497,9.09350723583361,0,7.18562874251497
2022-03-23,22047,2,14130,2,7917,0,15443,2,94656,25,110099,27,0,322,0,374,333,1,"Anderson",76978,11.6916521603575,0.0658682634730539,35.0749564810725,2.59814492452389,6.58682634730539
2022-03-24,22048,1,14130,0,7918,1,15444,1,94672,16,110116,17,0,322,0,374,334,1,"Anderson",76978,12.9907246226194,0.065359477124183,22.0842318584531,1.29907246226194,6.5359477124183
2022-03-25,22049,1,14131,1,7918,0,15446,2,94695,23,110141,25,0,322,0,374,334,0,"Anderson",76978,11.6916521603575,0.0757575757575758,32.4768115565486,1.29907246226194,7.57575757575758
2022-03-26,22050,1,14132,1,7918,0,15447,1,94714,19,110161,20,0,322,0,374,334,0,"Anderson",76978,12.9907246226194,0.0833333333333333,25.9814492452389,1.29907246226194,8.33333333333333
2022-03-27,22050,0,14132,0,7918,0,15447,0,94725,11,110172,11,0,322,0,374,334,0,"Anderson",76978,7.79443477357167,0.0583333333333333,14.2897970848814,0,5.83333333333333
2022-03-28,22054,4,14135,3,7919,1,15450,3,94769,44,110219,47,1,323,0,374,336,2,"Anderson",76978,11.6916521603575,0.0649350649350649,61.0564057263114,5.19628984904778,6.49350649350649
2022-03-29,22054,0,14135,0,7919,0,15450,0,94782,13,110232,13,1,324,0,374,337,1,"Anderson",76978,11.6916521603575,0.05625,16.8879420094053,0,5.625
2022-03-30,22056,2,14135,0,7921,2,15451,1,94805,23,110256,24,1,325,0,374,337,0,"Anderson",76978,11.6916521603575,0.0509554140127389,31.1777390942867,2.59814492452389,5.09554140127389
2022-03-31,22058,2,14136,1,7922,1,15452,1,94825,20,110277,21,0,325,0,374,337,0,"Anderson",76978,12.9907246226194,0.0496894409937888,27.2805217075008,2.59814492452389,4.96894409937888
2022-04-01,22061,3,14137,1,7924,2,15453,1,94862,37,110315,38,3,328,0,374,337,0,"Anderson",76978,15.5888695471433,0.0402298850574713,49.3647535659539,3.89721738678583,4.02298850574713
2022-04-02,22062,1,14138,1,7924,0,15455,2,94882,20,110337,22,0,328,0,374,337,0,"Anderson",76978,15.5888695471433,0.0454545454545455,28.5795941697628,1.29907246226194,4.54545454545455
2022-04-03,22062,0,14138,0,7924,0,15455,0,94894,12,110349,12,0,328,0,374,337,0,"Anderson",76978,15.5888695471433,0.0451977401129944,15.5888695471433,0,4.51977401129944
2022-04-04,22064,2,14139,1,7925,1,15456,1,94913,19,110369,20,0,328,0,374,337,0,"Anderson",76978,12.9907246226194,0.04,25.9814492452389,2.59814492452389,4
2022-04-05,22070,6,14140,1,7930,5,15457,1,94932,19,110389,20,3,331,0,374,338,1,"Anderson",76978,20.7851593961911,0.0445859872611465,25.9814492452389,7.79443477357167,4.45859872611465
2022-04-06,22073,3,14143,3,7930,0,15461,4,94956,24,110417,28,0,331,0,374,338,0,"Anderson",76978,22.0842318584531,0.062111801242236,36.3740289433345,3.89721738678583,6.2111801242236
2022-04-07,22076,3,14143,0,7933,3,15461,0,94979,23,110440,23,1,332,0,374,338,0,"Anderson",76978,23.383304320715,0.0552147239263804,29.8786666320247,3.89721738678583,5.52147239263804
2022-04-08,22077,1,14143,0,7934,1,15461,0,95010,31,110471,31,1,333,0,374,338,0,"Anderson",76978,20.7851593961911,0.0512820512820513,40.2712463301203,1.29907246226194,5.12820512820513
2022-04-09,22077,0,14143,0,7934,0,15461,0,95020,10,110481,10,0,333,0,374,338,0,"Anderson",76978,19.4860869339292,0.0416666666666667,12.9907246226195,0,4.16666666666667
2022-04-10,22077,0,14143,0,7934,0,15461,0,95030,10,110491,10,0,333,0,374,338,0,"Anderson",76978,19.4860869339292,0.0422535211267606,12.9907246226195,0,4.22535211267606
2022-04-11,22080,3,14143,0,7937,3,15461,0,95048,18,110509,18,0,333,0,374,338,0,"Anderson",76978,20.7851593961911,0.0357142857142857,23.383304320715,3.89721738678583,3.57142857142857
2022-04-12,22084,4,14146,3,7938,1,15465,4,95066,18,110531,22,1,334,0,374,339,1,"Anderson",76978,18.1870144716672,0.0563380281690141,28.5795941697628,5.19628984904778,5.63380281690141
2022-04-13,22087,3,14147,1,7940,2,15466,1,95088,22,110554,23,0,334,0,374,339,0,"Anderson",76978,18.1870144716672,0.0364963503649635,29.8786666320247,3.89721738678583,3.64963503649635
2022-04-14,22090,3,14147,0,7943,3,15466,0,95104,16,110570,16,0,334,0,374,339,0,"Anderson",76978,18.1870144716672,0.0384615384615385,20.7851593961911,3.89721738678583,3.84615384615385
2022-04-15,22094,4,14150,3,7944,1,15470,4,95124,20,110594,24,0,334,0,374,339,0,"Anderson",76978,22.0842318584531,0.0731707317073171,31.1777390942867,5.19628984904778,7.31707317073171
2022-04-16,22095,1,14150,0,7945,1,15470,0,95138,14,110608,14,0,334,0,374,339,0,"Anderson",76978,23.383304320715,0.0708661417322835,18.1870144716672,1.29907246226194,7.08661417322835
2022-04-17,22097,2,14150,0,7947,2,15471,1,95153,15,110624,16,0,334,0,374,339,0,"Anderson",76978,25.9814492452389,0.075187969924812,20.7851593961911,2.59814492452389,7.5187969924812
2022-04-18,22104,7,14152,2,7952,5,15473,2,95173,20,110646,22,-1,333,0,374,339,0,"Anderson",76978,31.1777390942867,0.0875912408759124,28.5795941697628,9.09350723583361,8.75912408759124
2022-04-19,22108,4,14153,1,7955,3,15474,1,95186,13,110660,14,0,333,0,374,339,0,"Anderson",76978,31.1777390942867,0.0697674418604651,18.1870144716672,5.19628984904778,6.97674418604651
2022-04-20,22114,6,14155,2,7959,4,15476,2,95219,33,110695,35,1,334,0,374,339,0,"Anderson",76978,35.0749564810725,0.0709219858156028,45.4675361791681,7.79443477357167,7.09219858156028
2022-04-21,22117,3,14156,1,7961,2,15477,1,95245,26,110722,27,0,334,0,374,339,0,"Anderson",76978,35.0749564810725,0.0723684210526316,35.0749564810725,3.89721738678583,7.23684210526316
2022-04-22,22119,2,14157,1,7962,1,15478,1,95277,32,110755,33,0,334,0,374,339,0,"Anderson",76978,32.4768115565486,0.0496894409937888,42.8693912546442,2.59814492452389,4.96894409937888
2022-04-23,22121,2,14159,2,7962,0,15479,1,95302,25,110781,26,0,334,0,374,339,0,"Anderson",76978,33.7758840188106,0.0520231213872832,33.7758840188106,2.59814492452389,5.20231213872832
2022-04-24,22124,3,14159,0,7965,3,15479,0,95319,17,110798,17,0,334,0,374,339,0,"Anderson",76978,35.0749564810725,0.0459770114942529,22.0842318584531,3.89721738678583,4.59770114942529
2022-04-25,22142,18,14161,2,7981,16,15481,2,95330,11,110811,13,0,334,0,374,340,1,"Anderson",76978,49.3647535659539,0.0484848484848485,16.8879420094053,23.383304320715,4.84848484848485
2022-04-26,22156,14,14166,5,7990,9,15487,6,95351,21,110838,27,0,334,0,374,340,0,"Anderson",76978,62.3554781885734,0.0730337078651685,35.0749564810725,18.1870144716672,7.30337078651685
2022-04-27,22170,14,14171,5,7999,9,15492,5,95387,36,110879,41,0,334,0,374,341,1,"Anderson",76978,72.7480578866689,0.0869565217391304,53.2619709527397,18.1870144716672,8.69565217391304
2022-04-28,22175,5,14173,2,8002,3,15494,2,95410,23,110904,25,0,334,0,374,341,0,"Anderson",76978,75.3462028111928,0.0934065934065934,32.4768115565486,6.49536231130973,9.34065934065934
2022-04-29,22181,6,14174,1,8007,5,15495,1,95431,21,110926,22,0,334,0,374,341,0,"Anderson",76978,80.5424926602406,0.0994152046783626,28.5795941697628,7.79443477357167,9.94152046783626
2022-04-30,22183,2,14175,1,8008,1,15495,0,95460,29,110955,29,0,334,0,374,341,0,"Anderson",76978,80.5424926602406,0.0919540229885057,37.6731014055964,2.59814492452389,9.19540229885057
2022-05-01,22185,2,14175,0,8010,2,15495,0,95468,8,110963,8,0,334,0,374,341,0,"Anderson",76978,79.2434201979786,0.096969696969697,10.3925796980956,2.59814492452389,9.6969696969697
2022-05-02,22193,8,14180,5,8013,3,15499,4,95499,31,110998,35,0,334,0,374,341,0,"Anderson",76978,66.2526955753592,0.0962566844919786,45.4675361791681,10.3925796980956,9.62566844919786
2022-05-03,22199,6,14185,5,8014,1,15504,5,95510,11,111014,16,0,334,0,374,341,0,"Anderson",76978,55.8601158772636,0.0965909090909091,20.7851593961911,7.79443477357167,9.65909090909091
2022-05-04,22211,12,14189,4,8022,8,15509,5,95534,24,111043,29,0,334,0,374,341,0,"Anderson",76978,53.2619709527397,0.103658536585366,37.6731014055964,15.5888695471433,10.3658536585366
2022-05-05,22219,8,14195,6,8024,2,15515,6,95552,18,111067,24,0,334,0,374,341,0,"Anderson",76978,57.1591883395256,0.128834355828221,31.1777390942867,10.3925796980956,12.8834355828221
2022-05-06,22220,1,14195,0,8025,1,15515,0,95576,24,111091,24,0,334,0,374,341,0,"Anderson",76978,50.6638260282159,0.121212121212121,31.1777390942867,1.29907246226194,12.1212121212121
2022-05-07,22229,9,14199,4,8030,5,15519,4,95592,16,111111,20,0,334,0,374,342,1,"Anderson",76978,59.7573332640495,0.153846153846154,25.9814492452389,11.6916521603575,15.3846153846154
2022-05-08,22230,1,14199,0,8031,1,15519,0,95606,14,111125,14,0,334,0,374,342,0,"Anderson",76978,58.4582608017875,0.148148148148148,18.1870144716672,1.29907246226194,14.8148148148148
2022-05-09,22236,6,14201,2,8035,4,15520,1,95621,15,111141,16,0,334,0,374,342,0,"Anderson",76978,55.8601158772636,0.146853146853147,20.7851593961911,7.79443477357167,14.6853146853147
2022-05-10,22246,10,14203,2,8043,8,15523,3,95653,32,111176,35,1,335,0,374,342,0,"Anderson",76978,61.0564057263114,0.117283950617284,45.4675361791681,12.9907246226195,11.7283950617284
2022-05-11,22259,13,14213,10,8046,3,15535,12,95671,18,111206,30,0,335,0,374,342,0,"Anderson",76978,62.3554781885734,0.159509202453988,38.9721738678584,16.8879420094053,15.9509202453988
2022-05-12,22265,6,14218,5,8047,1,15540,5,95699,28,111239,33,0,335,0,374,342,0,"Anderson",76978,59.7573332640495,0.145348837209302,42.8693912546442,7.79443477357167,14.5348837209302
2022-05-13,22273,8,14223,5,8050,3,15545,5,95735,36,111280,41,2,337,0,374,343,1,"Anderson",76978,68.8508404998831,0.158730158730159,53.2619709527397,10.3925796980956,15.8730158730159
2022-05-14,22276,3,14225,2,8051,1,15547,2,95744,9,111291,11,0,337,0,374,343,0,"Anderson",76978,61.0564057263114,0.155555555555556,14.2897970848814,3.89721738678583,15.5555555555556
2022-05-15,22280,4,14225,0,8055,4,15547,0,95758,14,111305,14,0,337,0,374,343,0,"Anderson",76978,64.9536231130973,0.155555555555556,18.1870144716672,5.19628984904778,15.5555555555556
2022-05-16,22290,10,14231,6,8059,4,15552,5,95781,23,111333,28,0,337,0,374,343,0,"Anderson",76978,70.149912962145,0.166666666666667,36.3740289433345,12.9907246226195,16.6666666666667
2022-05-17,22303,13,14240,9,8063,4,15562,10,95808,27,111370,37,2,339,0,374,343,0,"Anderson",76978,74.0471303489309,0.201030927835052,48.065681103692,16.8879420094053,20.1030927835052
2022-05-18,22311,8,14247,7,8064,1,15570,8,95835,27,111405,35,0,339,0,374,344,1,"Anderson",76978,67.5517680376211,0.175879396984925,45.4675361791681,10.3925796980956,17.5879396984925
2022-05-19,22321,10,14254,7,8067,3,15578,8,95862,27,111440,35,1,340,0,374,344,0,"Anderson",76978,72.7480578866689,0.189054726368159,45.4675361791681,12.9907246226195,18.9054726368159
2022-05-20,22333,12,14263,9,8070,3,15587,9,95891,29,111478,38,0,340,0,374,344,0,"Anderson",76978,77.9443477357167,0.212121212121212,49.3647535659539,15.5888695471433,21.2121212121212
2022-05-21,22339,6,14269,6,8070,0,15593,6,95917,26,111510,32,0,340,0,374,344,0,"Anderson",76978,81.8415651225025,0.210045662100457,41.5703187923822,7.79443477357167,21.0045662100457
2022-05-22,22348,9,14275,6,8073,3,15599,6,95942,25,111541,31,1,341,0,374,344,0,"Anderson",76978,88.3369274338123,0.220338983050847,40.2712463301203,11.6916521603575,22.0338983050847
2022-05-23,22359,11,14284,9,8075,2,15606,7,95975,33,111581,40,0,341,0,374,344,0,"Anderson",76978,89.6359998960742,0.217741935483871,51.9628984904778,14.2897970848814,21.7741935483871
2022-05-24,22380,21,14291,7,8089,14,15614,8,95996,21,111610,29,0,341,0,374,344,0,"Anderson",76978,100.02857959417,0.216666666666667,37.6731014055964,27.2805217075008,21.6666666666667
2022-05-25,22392,12,14297,6,8095,6,15620,6,96029,33,111649,39,1,342,0,374,344,0,"Anderson",76978,105.224869443218,0.204918032786885,50.6638260282159,15.5888695471433,20.4918032786885
2022-05-26,22409,17,14305,8,8104,9,15630,10,96070,41,111700,51,0,342,0,374,344,0,"Anderson",76978,114.318376679051,0.2,66.2526955753592,22.0842318584531,20
2022-05-27,22424,15,14314,9,8110,6,15639,9,96116,46,111755,55,0,342,0,374,344,0,"Anderson",76978,118.215594065837,0.187725631768953,71.448985424407,19.4860869339292,18.7725631768953
2022-05-28,22433,9,14320,6,8113,3,15645,6,96167,51,111812,57,0,342,0,374,344,0,"Anderson",76978,122.112811452623,0.172185430463576,74.0471303489309,11.6916521603575,17.2185430463576
2022-05-29,22441,8,14322,2,8119,6,15647,2,96189,22,111836,24,0,342,0,374,344,0,"Anderson",76978,120.813738990361,0.16271186440678,31.1777390942867,10.3925796980956,16.271186440678
2022-05-30,22446,5,14323,1,8123,4,15649,2,96204,15,111853,17,0,342,0,374,344,0,"Anderson",76978,113.019304216789,0.158088235294118,22.0842318584531,6.49536231130973,15.8088235294118
2022-05-31,22461,15,14330,7,8131,8,15655,6,96231,27,111886,33,0,342,0,374,344,0,"Anderson",76978,105.224869443218,0.148550724637681,42.8693912546442,19.4860869339292,14.8550724637681
2022-06-01,22485,24,14343,13,8142,11,15672,17,96258,27,111930,44,0,342,0,374,344,0,"Anderson",76978,120.813738990361,0.185053380782918,57.1591883395256,31.1777390942867,18.5053380782918
2022-06-02,22502,17,14352,9,8150,8,15680,8,96282,24,111962,32,0,342,0,374,344,0,"Anderson",76978,120.813738990361,0.190839694656489,41.5703187923822,22.0842318584531,19.0839694656489
2022-06-03,22516,14,14360,8,8156,6,15689,9,96332,50,112021,59,0,342,0,374,344,0,"Anderson",76978,119.514666528099,0.18796992481203,76.6452752734548,18.1870144716672,18.796992481203
2022-06-04,22523,7,14365,5,8158,2,15695,6,96361,29,112056,35,0,342,0,374,344,0,"Anderson",76978,116.916521603575,0.204918032786885,45.4675361791681,9.09350723583361,20.4918032786885
2022-06-05,22533,10,14372,7,8161,3,15703,8,96378,17,112081,25,0,342,0,374,344,0,"Anderson",76978,119.514666528099,0.228571428571429,32.4768115565486,12.9907246226195,22.8571428571429
2022-06-06,22559,26,14385,13,8174,13,15716,13,96401,23,112117,36,0,342,0,374,345,1,"Anderson",76978,146.7951882356,0.253787878787879,46.76660864143,33.7758840188106,25.3787878787879
2022-06-07,22581,22,14393,8,8188,14,15724,8,96421,20,112145,28,0,342,0,374,345,0,"Anderson",76978,155.888695471433,0.266409266409266,36.3740289433345,28.5795941697628,26.6409266409266
2022-06-08,22604,23,14408,15,8196,8,15742,18,96470,49,112212,67,0,342,0,374,345,0,"Anderson",76978,154.589623009171,0.24822695035461,87.0378549715503,29.8786666320247,24.822695035461
2022-06-09,22622,18,14420,12,8202,6,15755,13,96505,35,112260,48,0,342,1,375,346,1,"Anderson",76978,155.888695471433,0.251677852348993,62.3554781885734,23.383304320715,25.1677852348993
2022-06-10,22645,23,14436,16,8209,7,15772,17,96566,61,112338,78,0,342,0,375,346,0,"Anderson",76978,167.580347631791,0.261829652996845,101.327652056432,29.8786666320247,26.1829652996845
2022-06-11,22654,9,14440,4,8214,5,15777,5,96584,18,112361,23,0,342,0,375,346,0,"Anderson",76978,170.178492556315,0.268852459016393,29.8786666320247,11.6916521603575,26.8852459016393
2022-06-12,22662,8,14442,2,8220,6,15779,2,96598,14,112377,16,0,342,0,375,346,0,"Anderson",76978,167.580347631791,0.256756756756757,20.7851593961911,10.3925796980956,25.6756756756757
2022-06-13,22679,17,14448,6,8231,11,15785,6,96622,24,112407,30,0,342,0,375,346,0,"Anderson",76978,155.888695471433,0.237931034482759,38.9721738678584,22.0842318584531,23.7931034482759
2022-06-14,22709,30,14462,14,8247,16,15801,16,96659,37,112460,53,1,343,0,375,347,1,"Anderson",76978,166.281275169529,0.244444444444444,68.8508404998831,38.9721738678584,24.4444444444444
2022-06-15,22726,17,14474,12,8252,5,15815,14,96682,23,112497,37,1,344,0,375,347,0,"Anderson",76978,158.486840395957,0.256140350877193,48.065681103692,22.0842318584531,25.6140350877193
2022-06-16,22751,25,14486,12,8265,13,15826,11,96710,28,112536,39,1,345,0,375,347,0,"Anderson",76978,167.580347631791,0.257246376811594,50.6638260282159,32.4768115565486,25.7246376811594
2022-06-17,22773,22,14498,12,8275,10,15841,15,96733,23,112574,38,0,345,0,375,348,1,"Anderson",76978,166.281275169529,0.292372881355932,49.3647535659539,28.5795941697628,29.2372881355932
2022-06-18,22784,11,14506,8,8278,3,15850,9,96756,23,112606,32,1,346,0,375,348,0,"Anderson",76978,168.879420094053,0.297959183673469,41.5703187923822,14.2897970848814,29.7959183673469
2022-06-19,22799,15,14511,5,8288,10,15855,5,96774,18,112629,23,0,346,0,375,348,0,"Anderson",76978,177.972927329886,0.301587301587302,29.8786666320247,19.4860869339292,30.1587301587302
2022-06-20,22811,12,14515,4,8296,8,15862,7,96790,16,112652,23,0,346,0,375,348,0,"Anderson",76978,171.477565018577,0.314285714285714,29.8786666320247,15.5888695471433,31.4285714285714
2022-06-21,22836,25,14524,9,8312,16,15869,7,96802,12,112671,19,0,346,0,375,348,0,"Anderson",76978,164.982202707267,0.322274881516588,24.682376782977,32.4768115565486,32.2274881516588
2022-06-22,22876,40,14554,30,8322,10,15899,30,96852,50,112751,80,0,346,0,375,348,0,"Anderson",76978,194.860869339292,0.330708661417323,103.925796980956,51.9628984904778,33.0708661417323
2022-06-23,22894,18,14565,11,8329,7,15913,14,96875,23,112788,37,0,346,0,375,349,1,"Anderson",76978,185.767362103458,0.345238095238095,48.065681103692,23.383304320715,34.5238095238095
2022-06-24,22927,33,14576,11,8351,22,15925,12,96908,33,112833,45,0,346,0,375,349,0,"Anderson",76978,200.05715918834,0.324324324324324,58.4582608017875,42.8693912546442,32.4324324324324
2022-06-25,22938,11,14579,3,8359,8,15931,6,96937,29,112868,35,0,346,0,375,349,0,"Anderson",76978,200.05715918834,0.309160305343511,45.4675361791681,14.2897970848814,30.9160305343511
2022-06-26,22948,10,14585,6,8363,4,15936,5,96963,26,112899,31,0,346,0,375,349,0,"Anderson",76978,193.56179687703,0.3,40.2712463301203,12.9907246226195,30
2022-06-27,22971,23,14597,12,8374,11,15948,12,96979,16,112927,28,1,347,0,375,349,0,"Anderson",76978,207.851593961911,0.312727272727273,36.3740289433345,29.8786666320247,31.2727272727273
2022-06-28,23001,30,14613,16,8388,14,15964,16,97008,29,112972,45,1,348,0,375,349,0,"Anderson",76978,214.346956273221,0.315614617940199,58.4582608017875,38.9721738678584,31.5614617940199
2022-06-29,23023,22,14622,9,8401,13,15975,11,97050,42,113025,53,1,349,0,375,349,0,"Anderson",76978,190.963651952506,0.277372262773723,68.8508404998831,28.5795941697628,27.7372262773723
2022-06-30,23059,36,14634,12,8425,24,15988,13,97095,45,113083,58,0,349,0,375,349,0,"Anderson",76978,214.346956273221,0.254237288135593,75.3462028111928,46.76660864143,25.4237288135593
2022-07-01,23081,22,14646,12,8435,10,16001,13,97135,40,113136,53,0,349,0,375,349,0,"Anderson",76978,200.05715918834,0.250825082508251,68.8508404998831,28.5795941697628,25.0825082508251
2022-07-02,23109,28,14660,14,8449,14,16016,15,97155,20,113171,35,0,349,0,375,349,0,"Anderson",76978,222.141391046793,0.280528052805281,45.4675361791681,36.3740289433345,28.0528052805281
2022-07-03,23120,11,14666,6,8454,5,16022,6,97172,17,113194,23,0,349,0,375,349,0,"Anderson",76978,223.440463509055,0.291525423728814,29.8786666320247,14.2897970848814,29.1525423728814
2022-07-04,23136,16,14671,5,8465,11,16027,5,97180,8,113207,13,0,349,0,375,350,1,"Anderson",76978,214.346956273221,0.282142857142857,16.8879420094053,20.7851593961911,28.2142857142857
2022-07-05,23157,21,14681,10,8476,11,16038,11,97205,25,113243,36,0,349,0,375,351,1,"Anderson",76978,202.655304112863,0.273062730627306,46.76660864143,27.2805217075008,27.3062730627306
2022-07-06,23171,14,14687,6,8484,8,16045,7,97234,29,113279,36,0,349,0,375,351,0,"Anderson",76978,192.262724414768,0.275590551181102,46.76660864143,18.1870144716672,27.5590551181102
2022-07-07,23203,32,14702,15,8501,17,16060,15,97260,26,113320,41,0,349,0,375,351,0,"Anderson",76978,187.06643456572,0.30379746835443,53.2619709527397,41.5703187923822,30.379746835443
2022-07-08,23237,34,14713,11,8524,23,16070,10,97287,27,113357,37,0,349,0,375,351,0,"Anderson",76978,202.655304112863,0.312217194570136,48.065681103692,44.1684637169061,31.2217194570136
2022-07-09,23265,28,14718,5,8547,23,16075,5,97301,14,113376,19,0,349,0,375,351,0,"Anderson",76978,202.655304112863,0.28780487804878,24.682376782977,36.3740289433345,28.780487804878
2022-07-10,23284,19,14722,4,8562,15,16078,3,97307,6,113385,9,0,349,0,375,351,0,"Anderson",76978,213.047883810959,0.293193717277487,11.6916521603575,24.682376782977,29.3193717277487
2022-07-11,23307,23,14732,10,8575,13,16091,13,97345,38,113436,51,0,349,0,375,351,0,"Anderson",76978,222.141391046793,0.279475982532751,66.2526955753592,29.8786666320247,27.9475982532751
2022-07-12,23352,45,14750,18,8602,27,16110,19,97379,34,113489,53,0,349,0,375,351,0,"Anderson",76978,253.319130141079,0.292682926829268,68.8508404998831,58.4582608017875,29.2682926829268
2022-07-13,23389,37,14768,18,8621,19,16129,19,97426,47,113555,66,0,349,0,375,352,1,"Anderson",76978,283.197796773104,0.304347826086957,85.7387825092884,48.065681103692,30.4347826086957
2022-07-14,23430,41,14779,11,8651,30,16141,12,97448,22,113589,34,0,349,0,375,352,0,"Anderson",76978,294.889448933461,0.301115241635688,44.1684637169061,53.2619709527397,30.1115241635688
2022-07-15,23462,32,14794,15,8668,17,16157,16,97474,26,113631,42,0,349,0,375,352,0,"Anderson",76978,292.291304008938,0.317518248175182,54.5610434150017,41.5703187923822,31.7518248175182
2022-07-16,23484,22,14801,7,8683,15,16164,7,97483,9,113647,16,0,349,0,375,352,0,"Anderson",76978,284.496869235366,0.328413284132841,20.7851593961911,28.5795941697628,32.8413284132841
2022-07-17,23494,10,14805,4,8689,6,16167,3,97495,12,113662,15,0,349,0,375,352,0,"Anderson",76978,272.805217075008,0.32129963898917,19.4860869339292,12.9907246226195,32.129963898917
2022-07-18,23540,46,14826,21,8714,25,16188,21,97545,50,113733,71,0,349,0,375,352,0,"Anderson",76978,302.683883707033,0.326599326599327,92.2341448205981,59.7573332640495,32.6599326599327
2022-07-19,23590,50,14849,23,8741,27,16214,26,97561,16,113775,42,3,352,0,375,352,0,"Anderson",76978,309.179246018343,0.363636363636364,54.5610434150017,64.9536231130973,36.3636363636364
2022-07-20,23626,36,14865,16,8761,20,16230,16,97591,30,113821,46,0,352,0,375,352,0,"Anderson",76978,307.880173556081,0.379699248120301,59.7573332640495,46.76660864143,37.9699248120301
2022-07-21,23669,43,14894,29,8775,14,16260,30,97643,52,113903,82,0,352,0,375,352,0,"Anderson",76978,310.478318480605,0.378980891719745,106.523941905479,55.8601158772636,37.8980891719745
2022-07-22,23707,38,14908,14,8799,24,16275,15,97678,35,113953,50,0,352,0,375,352,0,"Anderson",76978,318.272753254177,0.366459627329193,64.9536231130973,49.3647535659539,36.6459627329193
2022-07-23,23717,10,14911,3,8806,7,16279,4,97689,11,113968,15,0,352,0,375,352,0,"Anderson",76978,302.683883707033,0.358255451713396,19.4860869339292,12.9907246226195,35.8255451713396
2022-07-24,23740,23,14920,9,8820,14,16288,9,97703,14,113991,23,0,352,0,375,352,0,"Anderson",76978,319.571825716438,0.367781155015198,29.8786666320247,29.8786666320247,36.7781155015198
2022-07-25,23786,46,14946,26,8840,20,16315,27,97735,32,114050,59,0,352,0,375,352,0,"Anderson",76978,319.571825716438,0.400630914826498,76.6452752734548,59.7573332640495,40.0630914826498
2022-07-26,23833,47,14970,24,8863,23,16339,24,97768,33,114107,57,0,352,0,375,352,0,"Anderson",76978,315.674608329653,0.376506024096386,74.0471303489309,61.0564057263114,37.6506024096386
2022-07-27,23876,43,14988,18,8888,25,16360,21,97810,42,114170,63,0,352,0,375,352,0,"Anderson",76978,324.768115565486,0.372492836676218,81.8415651225025,55.8601158772636,37.2492836676218
2022-07-28,23912,36,15005,17,8907,19,16378,18,97849,39,114227,57,0,352,0,375,352,0,"Anderson",76978,315.674608329653,0.364197530864198,74.0471303489309,46.76660864143,36.4197530864198
2022-07-29,23945,33,15025,20,8920,13,16399,21,97884,35,114283,56,0,352,0,375,352,0,"Anderson",76978,309.179246018343,0.375757575757576,72.7480578866689,42.8693912546442,37.5757575757576
2022-07-30,23969,24,15039,14,8930,10,16413,14,97900,16,114313,30,0,352,0,375,352,0,"Anderson",76978,327.36626049001,0.388405797101449,38.9721738678584,31.1777390942867,38.8405797101449
2020-03-12,1,1,1,1,0,0,1,1,11,11,12,12,0,0,0,0,0,0,"East TN",2455501,NA,NA,0.488698640318208,0.040724886693184,NA
2020-03-13,1,0,1,0,0,0,1,0,23,12,24,12,0,0,0,0,0,0,"East TN",2455501,NA,NA,0.488698640318208,0,NA
2020-03-14,3,2,3,2,0,0,3,2,50,27,53,29,0,0,0,0,0,0,"East TN",2455501,NA,NA,1.18102171410234,0.081449773386368,NA
2020-03-15,3,0,3,0,0,0,3,0,53,3,56,3,0,0,0,0,0,0,"East TN",2455501,NA,NA,0.122174660079552,0,NA
2020-03-16,5,2,5,2,0,0,5,2,89,36,94,38,0,0,0,0,0,0,"East TN",2455501,NA,NA,1.54754569434099,0.081449773386368,NA
2020-03-17,6,1,6,1,0,0,5,0,130,41,135,41,0,0,0,0,0,0,"East TN",2455501,NA,NA,1.66972035442054,0.040724886693184,NA
2020-03-18,8,2,8,2,0,0,7,2,171,41,178,43,0,0,0,0,0,0,"East TN",2455501,0.325799093545472,0.0393258426966292,1.75117012780691,0.081449773386368,3.93258426966292
2020-03-19,11,3,11,3,0,0,11,4,238,67,249,71,0,0,0,0,0,0,"East TN",2455501,0.40724886693184,0.0421940928270042,2.89146695521606,0.122174660079552,4.21940928270042
2020-03-20,29,18,29,18,0,0,27,16,382,144,409,160,0,0,2,2,0,0,"East TN",2455501,1.14029682740915,0.0675324675324675,6.51598187090944,0.733047960477312,6.75324675324675
2020-03-21,38,9,38,9,0,0,38,11,610,228,648,239,0,0,1,3,1,1,"East TN",2455501,1.42537103426144,0.0588235294117647,9.73324791967098,0.366523980238656,5.88235294117647
2020-03-22,48,10,47,9,1,1,43,5,713,103,756,108,0,0,4,7,2,1,"East TN",2455501,1.83261990119328,0.0571428571428571,4.39828776286387,0.40724886693184,5.71428571428571
2020-03-23,64,16,63,16,1,0,56,13,846,133,902,146,0,0,4,11,2,0,"East TN",2455501,2.40276831489786,0.0631188118811881,5.94583345720486,0.651598187090944,6.31188118811881
2020-03-24,83,19,82,19,1,0,70,14,987,141,1057,155,0,0,5,16,2,0,"East TN",2455501,3.13581627537517,0.0704989154013015,6.31235743744352,0.773772847170496,7.04989154013015
2020-03-25,116,33,115,33,1,0,99,29,1288,301,1387,330,0,0,12,28,3,1,"East TN",2455501,4.39828776286387,0.076095947063689,13.4392126087507,1.34392126087507,7.6095947063689
2020-03-26,144,28,143,28,1,0,130,31,1774,486,1904,517,0,0,5,33,4,1,"East TN",2455501,5.41640993019347,0.0719033232628399,21.0547664203761,1.14029682740915,7.19033232628399
2020-03-27,166,22,165,22,1,0,147,17,2171,397,2318,414,0,0,6,39,4,0,"East TN",2455501,5.57930947696621,0.0628601361969618,16.8601030909782,0.895947507250048,6.28601361969618
2020-03-28,197,31,196,31,1,0,180,33,2608,437,2788,470,0,0,8,47,4,0,"East TN",2455501,6.47525698421626,0.0663551401869159,19.1406967457965,1.2624714874887,6.63551401869159
2020-03-29,213,16,212,16,1,0,196,16,2795,187,2991,203,0,0,3,50,7,3,"East TN",2455501,6.71960630437536,0.0684563758389262,8.26715199871635,0.651598187090944,6.84563758389262
2020-03-30,246,33,245,33,1,0,226,30,3345,550,3571,580,0,0,8,58,9,2,"East TN",2455501,7.41192937815949,0.0636942675159236,23.6204342820467,1.34392126087507,6.36942675159236
2020-03-31,295,49,294,49,1,0,278,52,3645,300,3923,352,0,0,12,70,10,1,"East TN",2455501,8.63367597895501,0.0725750174459177,14.3351601160008,1.99551944796602,7.25750174459177
2020-04-01,346,51,345,51,1,0,336,58,4243,598,4579,656,0,0,9,79,12,2,"East TN",2455501,9.36672393943232,0.0742481203007519,26.7155256707287,2.07696922135238,7.42481203007519
2020-04-02,391,45,390,45,1,0,383,47,4839,596,5222,643,2,7,5,84,14,2,"East TN",2455501,10.0590470132164,0.0762507534659433,26.1861021437173,1.83261990119328,7.62507534659433
2020-04-03,412,21,411,21,1,0,401,18,5124,285,5525,303,1,8,2,86,17,3,"East TN",2455501,10.0183221265233,0.0792017461802308,12.3396406680348,0.855222620556864,7.92017461802307
2020-04-04,447,35,446,35,1,0,431,30,5716,592,6147,622,3,11,5,91,19,2,"East TN",2455501,10.181221673296,0.0747246204227449,25.3308795231604,1.42537103426144,7.47246204227449
2020-04-05,473,26,472,26,1,0,464,33,6093,377,6557,410,-1,10,2,93,20,1,"East TN",2455501,10.5884705402278,0.0751542344363432,16.6972035442054,1.05884705402278,7.51542344363432
2020-04-06,514,41,513,41,1,0,514,50,6626,533,7140,583,8,18,5,98,20,0,"East TN",2455501,10.9142696337733,0.080694872513309,23.7426089421263,1.66972035442054,8.0694872513309
2020-04-07,570,56,569,56,1,0,592,78,7755,1129,8347,1207,0,18,7,105,21,1,"East TN",2455501,11.1993438406256,0.0709764918625678,49.1549382386731,2.2805936548183,7.09764918625678
2020-04-08,607,37,606,37,1,0,632,40,8162,407,8794,447,1,19,8,113,25,4,"East TN",2455501,10.629195426921,0.0702253855278766,18.2040243518532,1.50682080764781,7.02253855278766
2020-04-09,633,26,632,26,1,0,662,30,8613,451,9275,481,3,22,2,115,25,0,"East TN",2455501,9.85542257975053,0.0688378978534419,19.5886704994215,1.05884705402278,6.88378978534419
2020-04-10,655,22,654,22,1,0,682,20,8941,328,9623,348,0,22,4,119,25,0,"East TN",2455501,9.89614746644371,0.0685700341630063,14.172260569228,0.895947507250048,6.85700341630063
2020-04-11,679,24,678,24,1,0,728,46,10022,1081,10750,1127,2,24,5,124,27,2,"East TN",2455501,9.44817371281869,0.0645231370845101,45.8969473032184,0.977397280636416,6.45231370845101
2020-04-12,709,30,708,30,1,0,761,33,11472,1450,12233,1483,0,24,1,125,28,1,"East TN",2455501,9.61107325959142,0.0523255813953488,60.3950069659919,1.22174660079552,5.23255813953488
2020-04-13,738,29,737,29,1,0,803,42,12435,963,13238,1005,0,24,7,132,32,4,"East TN",2455501,9.12237461927321,0.0473925877336832,40.9285111266499,1.18102171410234,4.73925877336832
2020-04-14,749,11,748,11,1,0,823,20,12720,285,13543,305,4,28,1,133,33,1,"East TN",2455501,7.28975471807994,0.0444572748267898,12.4210904414211,0.447973753625024,4.44572748267898
2020-04-15,773,24,772,24,1,0,850,27,13132,412,13982,439,2,30,4,137,34,1,"East TN",2455501,6.76033119106854,0.0420200462606014,17.8782252583078,0.977397280636416,4.20200462606014
2020-04-16,801,28,800,28,1,0,886,36,13808,676,14694,712,1,31,6,143,34,0,"East TN",2455501,6.84178096445491,0.0413360398597527,28.996119325547,1.14029682740915,4.13360398597527
2020-04-17,823,22,821,21,2,1,916,30,14137,329,15053,359,0,31,4,147,35,1,"East TN",2455501,6.84178096445491,0.0430939226519337,14.6202343228531,0.895947507250048,4.30939226519337
2020-04-18,835,12,833,12,2,0,935,19,14918,781,15853,800,0,31,0,147,35,0,"East TN",2455501,6.3530823241367,0.0405643738977072,32.5799093545472,0.488698640318208,4.05643738977072
2020-04-19,914,79,912,79,2,0,1016,81,15604,686,16620,767,1,32,1,148,35,0,"East TN",2455501,8.34860177210272,0.0581262821974014,31.2359880936721,3.21726604876154,5.81262821974014
2020-04-20,939,25,931,19,8,6,1033,17,16567,963,17600,980,0,32,2,150,35,0,"East TN",2455501,8.18570222532998,0.0527281063732233,39.9103889593203,1.0181221673296,5.27281063732233
2020-04-21,1045,106,1037,106,8,0,1154,121,19273,2706,20427,2827,0,32,6,156,36,1,"East TN",2455501,12.0545664611825,0.0480825101685067,115.129254681631,4.3168379894775,4.80825101685067
2020-04-22,1247,202,1237,200,10,2,1354,200,21825,2552,23179,2752,2,34,2,158,36,0,"East TN",2455501,19.3035962925692,0.0548004784168751,112.074888179642,8.22642711202317,5.48004784168751
2020-04-23,1492,245,1480,243,12,2,1601,247,22932,1107,24533,1354,0,34,3,161,36,0,"East TN",2455501,28.1408967049901,0.0726699867872751,55.1414965825711,9.97759723983008,7.26699867872751
2020-04-24,1540,48,1527,47,13,1,1655,54,25621,2689,27276,2743,0,34,4,165,36,0,"East TN",2455501,29.1997437590129,0.0604597889225231,111.708364199404,1.95479456127283,6.04597889225231
2020-04-25,1563,23,1546,19,17,4,1674,19,26396,775,28070,794,0,34,3,168,37,1,"East TN",2455501,29.647717512638,0.0604894818695261,32.3355600343881,0.936672393943232,6.04894818695261
2020-04-26,1583,20,1565,19,18,1,1700,26,27513,1117,29213,1143,0,34,0,168,37,0,"East TN",2455501,27.2449491977401,0.0543158897800365,46.5485454903093,0.81449773386368,5.43158897800365
2020-04-27,1652,69,1633,68,19,1,1772,72,28428,915,30200,987,0,34,8,176,38,1,"East TN",2455501,29.0368442122402,0.0586507936507936,40.1954631661726,2.8100171818297,5.86507936507936
2020-04-28,1689,37,1667,34,22,3,1812,40,30602,2174,32414,2214,2,36,1,177,39,1,"East TN",2455501,26.2268270304105,0.0548928005339117,90.1648991387094,1.50682080764781,5.48928005339117
2020-04-29,1752,63,1729,62,23,1,1878,66,33345,2743,35223,2809,1,37,6,183,40,1,"East TN",2455501,20.5660677800579,0.0435071404848887,114.396206721154,2.56566786167059,4.35071404848887
2020-04-30,1774,22,1750,21,24,1,1900,22,33894,549,35794,571,0,37,1,184,40,0,"East TN",2455501,11.4844180474779,0.0265518160021312,23.2539103018081,0.895947507250048,2.65518160021312
2020-05-01,1814,40,1786,36,28,4,1929,29,35556,1662,37485,1691,0,37,0,184,40,0,"East TN",2455501,11.1586189539324,0.0268390635713586,68.8657833981741,1.62899546772736,2.68390635713586
2020-05-02,1835,21,1807,21,28,0,1966,37,37433,1877,39399,1914,0,37,3,187,40,0,"East TN",2455501,11.077169180546,0.0257745608615059,77.9474331307542,0.855222620556864,2.57745608615059
2020-05-03,1873,38,1840,33,33,5,2003,37,39553,2120,41556,2157,0,37,3,190,42,2,"East TN",2455501,11.8102171410234,0.0245483269869562,87.8435805971979,1.54754569434099,2.45483269869562
2020-05-04,1920,47,1884,44,36,3,2060,57,41499,1946,43559,2003,0,37,1,191,42,0,"East TN",2455501,10.9142696337733,0.0215584998877161,81.5719480464475,1.91406967457965,2.15584998877161
2020-05-05,1948,28,1911,27,37,1,2092,32,44409,2910,46501,2942,2,39,1,192,42,0,"East TN",2455501,10.5477456535347,0.0198764818627103,119.812616651347,1.14029682740915,1.98764818627103
2020-05-06,1985,37,1948,37,37,0,2135,43,45453,1044,47588,1087,1,40,0,192,42,0,"East TN",2455501,9.48889859951187,0.0207844723008492,44.267951835491,1.50682080764781,2.07844723008492
2020-05-07,2028,43,1989,41,39,2,2183,48,46845,1392,49028,1440,0,40,4,196,46,4,"East TN",2455501,10.3441212200687,0.0213843131328397,58.643836838185,1.75117012780691,2.13843131328397
2020-05-08,2047,19,2008,19,39,0,2219,36,48515,1670,50734,1706,1,41,0,196,47,1,"East TN",2455501,9.48889859951187,0.0218884444108989,69.4766566985719,0.773772847170496,2.18884444108989
2020-05-09,2063,16,2022,14,41,2,2237,18,51333,2818,53570,2836,0,41,1,197,48,1,"East TN",2455501,9.28527416604595,0.0191235622045022,115.49577866187,0.651598187090944,1.91235622045022
2020-05-10,2079,16,2037,15,42,1,2256,19,53897,2564,56153,2583,1,42,3,200,48,0,"East TN",2455501,8.3893266587959,0.0173323285606631,105.192382328494,0.651598187090944,1.73323285606631
2020-05-11,2140,61,2097,60,43,1,2307,51,55468,1571,57775,1622,3,45,5,205,50,2,"East TN",2455501,8.95947507250048,0.0173747889701744,66.0557662163444,2.48421808828422,1.73747889701745
2020-05-12,2193,53,2150,53,43,0,2373,66,59022,3554,61395,3620,3,48,3,208,50,0,"East TN",2455501,9.97759723983008,0.0188666577145159,147.424089829326,2.15841899473875,1.88666577145159
2020-05-13,2247,54,2201,51,46,3,2425,52,60647,1625,63072,1677,0,48,7,215,52,2,"East TN",2455501,10.6699203136142,0.0187290105915784,68.2956349844696,2.19914388143194,1.87290105915784
2020-05-14,2278,31,2232,31,46,0,2470,45,62356,1709,64826,1754,1,49,2,217,53,1,"East TN",2455501,10.181221673296,0.018166856564122,71.4314512598447,1.2624714874887,1.8166856564122
2020-05-15,2306,28,2260,28,46,0,2507,37,64675,2319,67182,2356,1,50,4,221,53,0,"East TN",2455501,10.5477456535347,0.0175097276264591,95.9478330491415,1.14029682740915,1.75097276264591
2020-05-16,2316,10,2270,10,46,0,2525,18,67443,2768,69968,2786,1,51,1,222,53,0,"East TN",2455501,10.3033963333756,0.017563117453348,113.459534327211,0.40724886693184,1.7563117453348
2020-05-17,2396,80,2350,80,46,0,2604,79,69670,2227,72274,2306,0,51,4,226,55,2,"East TN",2455501,12.9097890817393,0.0215867502016004,93.9115887144823,3.25799093545472,2.15867502016004
2020-05-18,2445,49,2398,48,47,1,2665,61,71548,1878,74213,1939,0,51,3,229,55,0,"East TN",2455501,12.4210904414211,0.0217788052074462,78.9655552980838,1.99551944796602,2.17788052074462
2020-05-19,2486,41,2438,40,48,1,2705,40,72672,1124,75377,1164,1,52,3,232,55,0,"East TN",2455501,11.9323918011029,0.0237448147618366,47.4037681108662,1.66972035442054,2.37448147618366
2020-05-20,2528,42,2480,42,48,0,2750,45,74412,1740,77162,1785,0,52,3,235,55,0,"East TN",2455501,11.4436931607847,0.0230660042583392,72.6939227473334,1.71044524111373,2.30660042583392
2020-05-21,2769,241,2720,240,49,1,2988,238,75874,1462,78862,1700,0,52,4,239,56,1,"East TN",2455501,19.9959193663533,0.0369051011684241,69.2323073784128,9.81469769305734,3.69051011684241
2020-05-22,2860,91,2808,88,52,3,3066,78,77398,1524,80464,1602,0,52,7,246,56,0,"East TN",2455501,22.5615872280239,0.0420870350850776,65.2412684824808,3.70596468907974,4.20870350850775
2020-05-23,2926,66,2870,62,56,4,3157,91,79612,2214,82769,2305,2,54,7,253,57,1,"East TN",2455501,24.8421808828422,0.0493711428794625,93.8708638277891,2.68784252175014,4.93711428794625
2020-05-24,2978,52,2922,52,56,0,3227,70,81732,2120,84959,2190,0,54,0,253,58,1,"East TN",2455501,23.7018840554331,0.0491131257390619,89.187501858073,2.11769410804557,4.91131257390619
2020-05-25,3062,84,3005,83,57,1,3321,94,84382,2650,87703,2744,1,55,2,255,58,0,"East TN",2455501,25.1272550896945,0.0486286137879911,111.749089086097,3.42089048222746,4.86286137879911
2020-05-26,3123,61,3057,52,66,9,3377,56,86768,2386,90145,2442,1,56,3,258,58,0,"East TN",2455501,25.9417528235582,0.0455037919826652,99.4501733047553,2.48421808828422,4.55037919826652
2020-05-27,3199,76,3130,73,69,3,3444,67,88635,1867,92079,1934,0,56,9,267,58,0,"East TN",2455501,27.3263989711265,0.0465241000201113,78.7619308646179,3.09509138868198,4.65241000201113
2020-05-28,3273,74,3204,74,69,0,3511,67,90034,1399,93545,1466,0,56,1,268,58,0,"East TN",2455501,20.5253428933647,0.0356194238234693,59.7026838922077,3.01364161529562,3.56194238234693
2020-05-29,3348,75,3278,74,70,1,3594,83,91312,1278,94906,1361,0,56,4,272,58,0,"East TN",2455501,19.8737447062738,0.0365600332363939,55.4265707894234,3.0543665019888,3.65600332363939
2020-05-30,3421,73,3350,72,71,1,3675,81,93557,2245,97232,2326,0,56,5,277,59,1,"East TN",2455501,20.1588189131261,0.0358155292816152,94.726086448346,2.97291672860243,3.58155292816152
2020-05-31,3533,112,3460,110,73,2,3769,94,96340,2783,100109,2877,0,56,1,278,60,1,"East TN",2455501,22.6023121147171,0.0357755775577558,117.16549901629,4.56118730963661,3.57755775577558
2020-06-01,3629,96,3553,93,76,3,3902,133,100171,3831,104073,3964,0,56,5,283,60,0,"East TN",2455501,23.0910107550353,0.0354917532070861,161.433450851781,3.90958912254566,3.54917532070861
2020-06-02,3736,107,3658,105,78,2,4017,115,104230,4059,108247,4174,1,57,3,286,64,4,"East TN",2455501,24.9643555429218,0.0353552093691305,169.98567705735,4.35756287617069,3.53552093691305
2020-06-03,3786,50,3708,50,78,0,4067,50,106161,1931,110228,1981,0,57,4,290,65,1,"East TN",2455501,23.905508488899,0.0343269601630944,80.6760005391975,2.0362443346592,3.43269601630944
2020-06-04,3837,51,3757,49,80,2,4128,61,107708,1547,111836,1608,6,63,5,295,66,1,"East TN",2455501,22.9688360949558,0.0337324367175113,65.4856178026399,2.07696922135238,3.37324367175113
2020-06-05,3936,99,3852,95,84,4,4210,82,109864,2156,114074,2238,1,64,4,299,67,1,"East TN",2455501,23.9462333755922,0.0321368948247078,91.1422964193458,4.03176378262522,3.21368948247079
2020-06-06,3989,53,3902,50,87,3,4285,75,112967,3103,117252,3178,1,65,4,303,67,0,"East TN",2455501,23.1317356417285,0.0304695304695305,129.423689910939,2.15841899473875,3.04695304695305
2020-06-07,4047,58,3958,56,89,2,4366,81,116924,3957,121290,4038,0,65,6,309,68,1,"East TN",2455501,20.9325917602966,0.0281856380718569,164.447092467077,2.36204342820467,2.81856380718569
2020-06-08,4207,160,4114,156,93,4,4523,157,119875,2951,124398,3108,0,65,6,315,68,0,"East TN",2455501,23.5389845086604,0.0305535055350553,126.572947842416,6.51598187090944,3.05535055350553
2020-06-09,4315,108,4221,107,94,1,4641,118,122202,2327,126843,2445,1,66,7,322,69,1,"East TN",2455501,23.5797093953535,0.0335556033555603,99.5723479648349,4.39828776286387,3.35556033555603
2020-06-10,4392,77,4295,74,97,3,4715,74,125038,2836,129753,2910,0,66,6,328,69,0,"East TN",2455501,24.6792813360695,0.0331882202304737,118.509420277165,3.13581627537517,3.31882202304738
2020-06-11,4656,264,4557,262,99,2,4995,280,127329,2291,132324,2571,1,67,8,336,69,0,"East TN",2455501,33.3536822017177,0.0423174541194846,104.703683688176,10.7513700870006,4.23174541194846
2020-06-12,4827,171,4727,170,100,1,5167,172,129955,2626,135122,2798,2,69,3,339,70,1,"East TN",2455501,36.2858740436269,0.0454675028506271,113.948232967529,6.96395562453446,4.54675028506271
2020-06-13,4975,148,4871,144,104,4,5335,168,132146,2191,137481,2359,0,69,4,343,71,1,"East TN",2455501,40.1547382794794,0.0519056799644075,96.0700077092211,6.02728323059123,5.19056799644075
2020-06-14,5091,116,4986,115,105,1,5470,135,136014,3868,141484,4003,0,69,4,347,72,1,"East TN",2455501,42.5167817076841,0.0546697038724374,163.021721432816,4.72408685640934,5.46697038724374
2020-06-15,5273,182,5157,171,116,11,5649,179,139187,3173,144836,3352,0,69,9,356,77,5,"East TN",2455501,43.4127292149341,0.0550934533711713,136.509820195553,7.41192937815949,5.50934533711713
2020-06-16,5427,154,5309,152,118,2,5807,158,140986,1799,146793,1957,3,72,4,360,80,3,"East TN",2455501,45.2860740028206,0.0584461152882206,79.6986032585611,6.27163255075034,5.84461152882206
2020-06-17,5560,133,5439,130,121,3,5929,122,142426,1440,148355,1562,3,75,6,366,82,2,"East TN",2455501,47.5666676576389,0.0652617998064724,63.6122730147534,5.41640993019347,6.52617998064724
2020-06-18,5738,178,5616,177,122,1,6135,206,146017,3591,152152,3797,1,76,12,378,82,0,"East TN",2455501,44.0643274020251,0.0574944522896913,154.63239477402,7.24902983138675,5.74944522896913
2020-06-19,5873,135,5747,131,126,4,6253,118,147480,1463,153733,1581,4,80,13,391,83,1,"East TN",2455501,42.5982314810705,0.058352587179625,64.3860458619239,5.49785970357984,5.8352587179625
2020-06-20,5939,66,5812,65,127,1,6348,95,149655,2175,156003,2270,0,80,7,398,83,0,"East TN",2455501,39.2587907722294,0.0546917179570241,92.4454927935277,2.68784252175014,5.46917179570241
2020-06-21,6027,88,5899,87,128,1,6467,119,153005,3350,159472,3469,1,81,3,401,86,3,"East TN",2455501,38.1184939448202,0.0554258394485212,141.274631938655,3.58379002900019,5.54258394485212
2020-06-22,6223,196,6088,189,135,7,6665,198,156416,3411,163081,3609,1,82,7,408,87,1,"East TN",2455501,38.6886423585248,0.0556864894491642,146.976116075701,7.98207779186406,5.56864894491642
2020-06-23,6413,190,6272,184,141,6,6849,184,158220,1804,165069,1988,4,86,15,423,87,0,"East TN",2455501,40.1547382794794,0.0570146640402714,80.9610747460498,7.73772847170496,5.70146640402714
2020-06-24,6591,178,6448,176,143,2,7032,183,159851,1631,166883,1814,2,88,9,432,87,0,"East TN",2455501,41.9873581806727,0.0595315198618307,73.8749444614358,7.24902983138675,5.95315198618307
2020-06-25,6760,169,6608,160,152,9,7216,184,163024,3173,170240,3357,0,88,8,440,87,0,"East TN",2455501,41.620834200434,0.0597633790358249,136.713444629019,6.8825058511481,5.97633790358249
2020-06-26,6974,214,6812,204,162,10,7388,172,164612,1588,172000,1760,1,89,16,456,87,0,"East TN",2455501,44.8381002491956,0.0621339026660097,71.6758005800038,8.71512575234138,6.21339026660097
2020-06-27,7048,74,6881,69,167,5,7434,46,164821,209,172255,255,-1,88,5,461,89,2,"East TN",2455501,45.1638993427411,0.0668225449175486,10.3848461067619,3.01364161529562,6.68225449175486
2020-06-28,7175,127,7006,125,169,2,7605,171,167908,3087,175513,3258,0,88,5,466,90,1,"East TN",2455501,46.7521699237752,0.0709432080294246,132.681680846393,5.17206061003437,7.09432080294246
2020-06-29,7518,343,7347,341,171,2,7945,340,173175,5267,181120,5607,1,89,22,488,91,1,"East TN",2455501,52.7387282676733,0.0709573701424691,228.344439688683,13.9686361357621,7.09573701424691
2020-06-30,7788,270,7613,266,175,4,8393,448,179461,6286,187854,6734,0,89,22,510,92,1,"East TN",2455501,55.996719203128,0.0677638797454466,274.241386991901,10.9957194071597,6.77638797454466
2020-07-01,8063,275,7885,272,178,3,8727,334,182665,3204,191392,3538,0,89,17,527,95,3,"East TN",2455501,59.9470332123668,0.0691582683912032,144.084649120485,11.1993438406256,6.91582683912032
2020-07-02,8543,480,8360,475,183,5,9333,606,189047,6382,198380,6988,2,91,25,552,98,3,"East TN",2455501,72.6124729739471,0.0752309879175551,284.58550821197,19.5479456127283,7.52309879175551
2020-07-03,8769,226,8580,220,189,6,9561,228,192402,3355,201963,3583,5,96,14,566,99,1,"East TN",2455501,73.1011716142653,0.0725227780929813,145.917269021678,9.20382439265958,7.25227780929813
2020-07-04,8989,220,8798,218,191,2,9841,280,197166,4764,207007,5044,2,98,15,581,105,6,"East TN",2455501,79.0470050714701,0.0692622007366483,205.41632848042,8.95947507250048,6.92622007366483
2020-07-05,9309,320,9117,319,192,1,10209,368,201011,3845,211220,4213,2,100,12,593,108,3,"East TN",2455501,86.9069082032546,0.0729268770829249,171.573947638384,13.0319637418189,7.29268770829249
2020-07-06,9543,234,9340,223,203,11,10419,210,202641,1630,213060,1840,4,104,26,619,108,0,"East TN",2455501,82.4678955536976,0.0774577332498435,74.9337915154586,9.52962348620506,7.74577332498435
2020-07-07,9991,448,9779,439,212,9,10985,566,208917,6276,219902,6842,0,104,32,651,109,1,"East TN",2455501,89.7169253850844,0.0808786819770344,278.639674754765,18.2447492385464,8.08786819770345
2020-07-08,10372,381,10150,371,222,10,11419,434,213085,4168,224504,4602,1,105,20,671,109,0,"East TN",2455501,94.0337633745619,0.0812998308770234,187.415928562033,15.5161818301031,8.12998308770234
2020-07-09,10821,449,10585,435,236,14,11891,472,219034,5949,230925,6421,1,106,24,695,113,4,"East TN",2455501,92.7712918870731,0.0785988631126133,261.494497456934,18.2854741252396,7.85988631126133
2020-07-10,11288,467,11040,455,248,12,12344,453,222318,3284,234662,3737,0,106,29,724,115,2,"East TN",2455501,102.58598958013,0.0851096363803174,152.188901572429,19.0185220857169,8.51096363803175
2020-07-11,11594,306,11339,299,255,7,12766,422,226796,4478,239562,4900,5,111,23,747,120,5,"East TN",2455501,106.088329835744,0.0898479496237137,199.551944796602,12.4618153281143,8.98479496237137
2020-07-12,12064,470,11801,462,263,8,13399,633,232725,5929,246124,6562,1,112,25,772,125,5,"East TN",2455501,112.197062839722,0.0913935365574146,267.236706480673,19.1406967457965,9.13935365574146
2020-07-13,12418,354,12142,341,276,13,13742,343,236158,3433,249900,3776,3,115,20,792,129,4,"East TN",2455501,117.084049242904,0.0902008686210641,153.777172153463,14.4166098893871,9.02008686210641
2020-07-14,12933,515,12652,510,281,5,14326,584,240646,4488,254972,5072,4,119,34,826,133,4,"East TN",2455501,119.812616651347,0.0952666096378671,206.556625307829,20.9733166469898,9.52666096378671
2020-07-15,13313,380,13026,374,287,6,14709,383,243742,3096,258451,3479,6,125,24,850,140,7,"East TN",2455501,119.771891764654,0.0969157804813386,141.681880805587,15.4754569434099,9.69157804813386
2020-07-16,14140,827,13838,812,302,15,15806,1097,253573,9831,269379,10928,6,131,44,894,142,2,"East TN",2455501,135.165898934678,0.101809954751131,445.041561783115,33.6794812952632,10.1809954751131
2020-07-17,14608,468,14292,454,316,14,16317,511,257892,4319,274209,4830,3,134,24,918,147,5,"East TN",2455501,135.206623821371,0.100462740536577,196.701202728079,19.0592469724101,10.0462740536577
2020-07-18,15117,509,14786,494,331,15,16985,668,265980,8088,282965,8756,6,140,27,945,150,3,"East TN",2455501,143.473775820087,0.097205262309057,356.587107885519,20.7289673268307,9.7205262309057
2020-07-19,15598,481,15248,462,350,19,17545,560,270832,4852,288377,5412,0,140,26,971,154,4,"East TN",2455501,143.921749573712,0.098123210186259,220.403086783512,19.5886704994215,9.8123210186259
2020-07-20,16033,435,15668,420,365,15,17956,411,273289,2457,291245,2868,2,142,29,1000,158,4,"East TN",2455501,147.22046539586,0.101922844358447,116.798975036052,17.715325711535,10.1922844358447
2020-07-21,17034,1001,16652,984,382,17,19168,1212,281667,8378,300835,9590,1,143,61,1061,161,3,"East TN",2455501,167.012760328748,0.105575300351046,390.551663387635,40.7656115798772,10.5575300351046
2020-07-22,17618,584,17220,568,398,16,19822,654,284967,3300,304789,3954,4,147,29,1090,166,5,"East TN",2455501,175.320637214157,0.11034140446286,161.02620198485,23.7833338288195,11.034140446286
2020-07-23,18412,794,17992,772,420,22,20821,999,295168,10201,315989,11200,4,151,50,1140,172,6,"East TN",2455501,173.976715953282,0.107594936708861,456.118730963661,32.3355600343881,10.7594936708861
2020-07-24,19015,603,18582,590,433,13,21505,684,300975,5807,322480,6491,2,153,34,1174,179,7,"East TN",2455501,179.474575656862,0.107476538708541,264.345239525457,24.55710667599,10.7476538708541
2020-07-25,19992,977,19547,965,445,12,22706,1201,310582,9607,333288,10808,10,163,29,1203,187,8,"East TN",2455501,198.533822629272,0.113685591081613,440.154575379933,39.7882142992408,11.3685591081613
2020-07-26,20767,775,20307,760,460,15,23603,897,318100,7518,341703,8415,1,164,21,1224,194,7,"East TN",2455501,210.506939317068,0.113603120429059,342.699921523143,31.5617871872176,11.3603120429059
2020-07-27,21412,645,20930,623,482,22,24308,705,322563,4463,346871,5168,6,170,38,1262,198,4,"East TN",2455501,219.059165522637,0.114191205551361,210.466214430375,26.2675519171037,11.4191205551361
2020-07-28,22227,815,21722,792,505,23,25280,972,330777,8214,356057,9186,7,177,50,1312,203,5,"East TN",2455501,211.484336597704,0.110680525877368,374.098809163588,33.190782654945,11.0680525877368
2020-07-29,22570,343,22054,332,516,11,25596,316,332347,1570,357943,1886,5,182,24,1336,212,9,"East TN",2455501,201.669638904647,0.108627760845844,76.807136303345,13.9686361357621,10.8627760845844
2020-07-30,23757,1187,23226,1172,531,15,26976,1380,344877,12530,371853,13910,5,187,46,1382,219,7,"East TN",2455501,217.674519375068,0.110178290133181,566.48317390219,48.3404405048094,11.0178290133181
2020-07-31,24379,622,23832,606,547,16,27630,654,348844,3967,376474,4621,6,193,27,1409,228,9,"East TN",2455501,218.448292222239,0.11343853020706,188.189701409203,25.3308795231604,11.343853020706
2020-08-01,24938,559,24374,542,564,17,28266,636,355819,6975,384085,7611,1,194,16,1425,231,3,"East TN",2455501,201.425289584488,0.109455282792291,309.957112621823,22.7652116614899,10.9455282792291
2020-08-02,25369,431,24794,420,575,11,28749,483,359614,3795,388363,4278,4,198,21,1446,236,5,"East TN",2455501,187.415928562033,0.110287183883412,174.221065273441,17.5524261647623,11.0287183883412
2020-08-03,25995,626,25402,608,593,18,29457,708,363758,4144,393215,4852,3,201,39,1485,244,8,"East TN",2455501,186.642155714862,0.111103918522355,197.597150235329,25.4937790699332,11.1103918522355
2020-08-04,26481,486,25868,466,613,20,29983,526,369128,5370,399111,5896,6,207,34,1519,253,9,"East TN",2455501,173.243667992805,0.109234914293678,240.113931943013,19.7922949328874,10.9234914293678
2020-08-05,26949,468,26328,460,621,8,30504,521,373340,4212,403844,4733,9,216,20,1539,259,6,"East TN",2455501,178.334278829453,0.106925775037581,192.75088871884,19.0592469724101,10.6925775037581
2020-08-06,27679,730,27020,692,659,38,31355,851,380409,7069,411764,7920,7,223,37,1576,265,6,"East TN",2455501,159.723005610668,0.109719125053243,322.541102610017,29.7291672860243,10.9719125053243
2020-08-07,28234,555,27561,541,673,14,31974,619,384377,3968,416351,4587,6,229,34,1610,278,13,"East TN",2455501,156.994438202224,0.108934975048273,186.805055261635,22.6023121147171,10.8934975048273
2020-08-08,28909,675,28224,663,685,12,32774,800,394454,10077,427228,10877,8,237,24,1634,289,11,"East TN",2455501,161.718525058634,0.104489720232714,442.964592561762,27.4892985178992,10.4489720232714
2020-08-09,29437,528,28740,516,697,12,33408,634,398755,4301,432163,4935,2,239,20,1654,296,7,"East TN",2455501,165.668839067873,0.106369863013699,200.977315830863,21.5027401740012,10.6369863013699
2020-08-10,29740,303,29032,292,708,11,33736,328,401044,2289,434780,2617,3,242,26,1680,300,4,"East TN",2455501,152.514700665974,0.102947191146397,106.577028476063,12.3396406680348,10.2947191146397
2020-08-11,30352,612,29627,595,725,17,34421,685,407141,6097,441562,6782,17,259,28,1708,305,5,"East TN",2455501,157.646036389315,0.104544062566253,276.196181553174,24.9236306562286,10.4544062566253
2020-08-12,30797,445,30051,424,746,21,34895,474,410889,3748,445784,4222,6,265,25,1733,310,5,"East TN",2455501,156.709363995372,0.104697186456843,171.940471618623,18.1225745784669,10.4697186456843
2020-08-13,31614,817,30855,804,759,13,36012,1117,419450,8561,455462,9678,6,271,44,1777,318,8,"East TN",2455501,160.252429137679,0.106572383175431,394.135453416635,33.2722324283313,10.6572383175431
2020-08-14,32075,461,31287,432,788,29,36546,534,424106,4656,460652,5190,4,275,18,1795,325,7,"East TN",2455501,156.42428978852,0.103203087966412,211.362161937625,18.7741727655578,10.3203087966412
2020-08-15,32725,650,31925,638,800,12,37423,877,431041,6935,468464,7812,4,279,17,1812,334,9,"East TN",2455501,155.40616762119,0.112741294014938,318.142814847153,26.4711763505696,11.2741294014938
2020-08-16,33199,474,32388,463,811,11,38016,593,436505,5464,474521,6057,2,281,10,1822,343,9,"East TN",2455501,153.207023739758,0.108787005996506,246.670638700615,19.3035962925692,10.8787005996506
2020-08-17,33472,273,32591,203,881,70,38243,227,437974,1469,476217,1696,8,289,12,1834,349,6,"East TN",2455501,151.985277138963,0.108767526606656,69.0694078316401,11.1178940672392,10.8767526606656
2020-08-18,34102,630,33156,565,946,65,39055,812,448566,10592,487621,11404,8,297,22,1856,352,3,"East TN",2455501,152.71832509944,0.100610087062246,464.42660784907,25.6566786167059,10.0610087062246
2020-08-19,34557,455,33590,434,967,21,39552,497,453349,4783,492901,5280,7,304,22,1878,359,7,"East TN",2455501,153.125573966372,0.0988390602118131,215.027401740011,18.5298234453987,9.88390602118131
2020-08-20,35333,776,34345,755,988,21,40424,872,464881,11532,505305,12404,6,310,27,1905,367,8,"East TN",2455501,151.455853611951,0.0885179463515438,505.151494542254,31.6025120739108,8.85179463515438
2020-08-21,35542,209,34542,197,1000,12,40637,213,467332,2451,507969,2664,17,327,17,1922,374,7,"East TN",2455501,141.193182165269,0.0864594120506372,108.491098150642,8.51150131887546,8.64594120506372
2020-08-22,36411,869,35399,857,1012,12,41609,972,480698,13366,522307,14338,2,329,20,1942,381,7,"East TN",2455501,150.111932351076,0.0777445536095686,583.913425406872,35.3899265363769,7.77445536095686
2020-08-23,36664,253,35641,242,1023,11,41863,254,485802,5104,527665,5358,0,329,20,1962,386,5,"East TN",2455501,141.111732391883,0.072388228210146,218.20394290208,10.3033963333756,7.2388228210146
2020-08-24,36856,192,35816,175,1040,17,42061,198,487145,1343,529206,1541,8,337,15,1977,396,10,"East TN",2455501,137.813016569735,0.072052690180981,62.7570503941965,7.81917824509133,7.2052690180981
2020-08-25,37470,614,36405,589,1065,25,42746,685,496872,9727,539618,10412,16,353,23,2000,405,9,"East TN",2455501,137.161418382644,0.0709848645114141,424.027520249432,25.005080429615,7.09848645114141
2020-08-26,37813,343,36723,318,1090,25,43129,383,500834,3962,543963,4345,6,359,11,2011,413,8,"East TN",2455501,132.600231073007,0.0700520935333516,176.949632681884,13.9686361357621,7.00520935333516
2020-08-27,38674,861,37567,844,1107,17,44105,976,511121,10287,555226,11263,8,367,29,2040,420,7,"East TN",2455501,136.061846441928,0.0737365036758078,458.684398825331,35.0641274428314,7.37365036758078
2020-08-28,39008,334,37881,314,1127,20,44443,338,513730,2609,558173,2947,12,379,10,2050,426,6,"East TN",2455501,141.152457278576,0.0758106923751096,120.016241084813,13.6021121555235,7.58106923751096
2020-08-29,39459,451,38316,435,1143,16,44971,528,520249,6519,565220,7047,8,387,16,2066,435,9,"East TN",2455501,124.129454640825,0.0783445575932701,286.988276526868,18.366923898626,7.83445575932701
2020-08-30,39722,263,38568,252,1154,11,45238,267,522130,1881,567368,2148,8,395,14,2080,438,3,"East TN",2455501,124.536703507757,0.0850061708183261,87.4770566169592,10.7106452003074,8.50061708183261
2020-08-31,40129,407,38946,378,1183,29,45688,450,525616,3486,571304,3936,2,397,17,2097,443,5,"East TN",2455501,133.292554146791,0.0861561119293078,160.293154024372,16.5750288841259,8.61561119293078
2020-09-01,40736,607,39511,565,1225,42,46362,674,531279,5663,577641,6337,6,403,28,2125,452,9,"East TN",2455501,133.007479939939,0.0951003340083634,258.073606974707,24.7200062227627,9.51003340083634
2020-09-02,41224,488,39970,459,1254,29,46815,453,536072,4793,582887,5246,7,410,22,2147,459,7,"East TN",2455501,138.912588510451,0.0946973589559141,213.642755592443,19.8737447062738,9.46973589559141
2020-09-03,41779,555,40492,522,1287,33,47462,647,544328,8256,591790,8903,6,416,22,2169,462,3,"East TN",2455501,126.450773182336,0.0918116179849032,362.573666229417,22.6023121147171,9.18116179849032
2020-09-04,42136,357,40835,343,1301,14,47810,348,547660,3332,595470,3680,7,423,11,2180,463,1,"East TN",2455501,127.38744557628,0.0902753572673405,149.867583030917,14.5387845494667,9.02753572673405
2020-09-05,43134,998,41818,983,1316,15,48900,1090,556971,9311,605871,10401,1,424,26,2206,469,6,"East TN",2455501,149.663958597451,0.0966519888809623,423.579546495807,40.6434369197976,9.66519888809623
2020-09-06,43397,263,42065,247,1332,16,49168,268,559595,2624,608763,2892,0,424,9,2215,483,14,"East TN",2455501,149.663958597451,0.0949390022949632,117.776372316688,10.7106452003074,9.49390022949632
2020-09-07,43601,204,42262,197,1339,7,49405,237,560931,1336,610336,1573,3,427,13,2228,487,4,"East TN",2455501,141.396806598735,0.0952295552367288,64.0602467683784,8.30787688540954,9.52295552367288
2020-09-08,43912,311,42551,289,1361,22,49725,320,564356,3425,614081,3745,7,434,24,2252,494,7,"East TN",2455501,129.342240137552,0.0922886937431394,152.514700665974,12.6654397615802,9.22886937431394
2020-09-09,44245,333,42867,316,1378,17,50099,374,569498,5142,619597,5516,6,440,16,2268,501,7,"East TN",2455501,123.029882700109,0.0894579133751022,224.638474999603,13.5613872688303,8.94579133751022
2020-09-10,44920,675,43505,638,1415,37,50806,707,577304,7806,628110,8513,18,458,39,2307,512,11,"East TN",2455501,127.916869103291,0.0920704845814978,346.690960419075,27.4892985178992,9.20704845814978
2020-09-11,45245,325,43807,302,1438,23,51160,354,581459,4155,632619,4509,17,475,26,2333,523,11,"East TN",2455501,126.613672729109,0.0901773937387278,183.628514099567,13.2355881752848,9.01773937387278
2020-09-12,45663,418,44207,400,1456,18,51671,511,588443,6984,640114,7495,10,485,14,2347,534,11,"East TN",2455501,102.993238447062,0.0809216482200742,305.233025765414,17.0230026377509,8.09216482200742
2020-09-13,46102,439,44626,419,1476,20,52171,500,594017,5574,646188,6074,2,487,21,2368,539,5,"East TN",2455501,110.160818505063,0.0802404809619238,247.3629617744,17.8782252583078,8.02404809619238
2020-09-14,46546,444,45055,429,1491,15,52656,485,598990,4973,651646,5458,9,496,25,2393,549,10,"East TN",2455501,119.934791311427,0.0786976519002663,222.276431571398,18.0818496917737,7.86976519002663
2020-09-15,47039,493,45511,456,1528,37,53196,540,607164,8174,660360,8714,7,503,20,2413,552,3,"East TN",2455501,127.346720689586,0.0750016206054582,354.876662644405,20.0773691397397,7.50016206054582
2020-09-16,47392,353,45821,310,1571,43,53590,394,610578,3414,664168,3808,6,509,17,2430,561,9,"East TN",2455501,128.16121842345,0.0783244710686321,155.080368527645,14.375885002694,7.83244710686321
2020-09-17,47943,551,46340,519,1603,32,54167,577,617753,7175,671920,7752,8,517,21,2451,572,11,"East TN",2455501,123.111332473495,0.0767176443734307,315.699321645562,22.4394125679444,7.67176443734307
2020-09-18,48477,534,46826,486,1651,48,54733,566,625866,8113,680599,8679,17,534,30,2481,578,6,"East TN",2455501,131.622833792371,0.074468528553564,353.451291610144,21.7470894941603,7.4468528553564
2020-09-19,48985,508,47311,485,1674,23,55306,573,634218,8352,689524,8925,3,537,30,2511,580,2,"East TN",2455501,135.288073594757,0.0735681036227484,363.469613736667,20.6882424401375,7.35681036227484
2020-09-20,49291,306,47592,281,1699,25,55635,329,639176,4958,694811,5287,1,538,13,2524,591,11,"East TN",2455501,129.871663664564,0.0712420048125373,215.312475946864,12.4618153281143,7.12420048125373
2020-09-21,49454,163,47725,133,1729,30,55787,152,640692,1516,696479,1668,3,541,9,2533,596,5,"East TN",2455501,118.427970503779,0.0698369504605982,67.9291110042309,6.63815653098899,6.98369504605982
2020-09-22,49914,460,48127,402,1787,58,56277,490,646841,6149,703118,6639,6,547,29,2562,603,7,"East TN",2455501,117.084049242904,0.0720566911455166,270.372522756049,18.7334478788646,7.20566911455166
2020-09-23,50208,294,48381,254,1827,40,56559,282,648934,2093,705493,2375,8,555,13,2575,612,9,"East TN",2455501,114.681280928006,0.0718451300665457,96.721605896312,11.9731166877961,7.18451300665457
2020-09-24,50671,463,48823,442,1848,21,57039,480,655824,6890,712863,7370,11,566,28,2603,617,5,"East TN",2455501,111.097490899006,0.0701463009549862,300.142414928766,18.8556225389442,7.01463009549862
2020-09-25,51125,454,49253,430,1872,24,57525,486,662498,6674,720023,7160,11,577,18,2621,624,7,"East TN",2455501,107.839499963551,0.0708198051948052,291.590188723197,18.4890985587055,7.08198051948052
2020-09-26,51683,558,49787,534,1896,24,58163,638,673052,10554,731215,11192,5,582,29,2650,631,7,"East TN",2455501,109.87574429821,0.0685279796598786,455.792931870115,22.7244867747967,6.85279796598786
2020-09-27,52076,393,50152,365,1924,28,58570,407,679069,6017,737639,6424,3,585,30,2680,638,7,"East TN",2455501,113.418809440517,0.0685299336882413,261.616672117014,16.0048804704213,6.85299336882413
2020-09-28,52310,234,50347,195,1963,39,58795,225,680755,1686,739550,1911,4,589,15,2695,645,7,"East TN",2455501,116.310276395733,0.0698381741775208,77.8252584706746,9.52962348620506,6.98381741775208
2020-09-29,52693,383,50687,340,2006,43,59192,397,686563,5808,745755,6205,9,598,33,2728,647,2,"East TN",2455501,113.174460120358,0.0683678495203696,252.697921931207,15.5976316034895,6.83678495203696
2020-09-30,53175,482,51137,450,2038,32,59668,476,690001,3438,749669,3914,6,604,23,2751,651,4,"East TN",2455501,120.830738818677,0.0703775805867439,159.397206517122,19.6293953861147,7.0377580586744
2020-10-01,53563,388,51486,349,2077,39,60047,379,693279,3278,753326,3657,11,615,31,2782,656,5,"East TN",2455501,117.776372316688,0.0743395200553592,148.930910636974,15.8012560369554,7.43395200553592
2020-10-02,54027,464,51922,436,2105,28,60509,462,696900,3621,757409,4083,2,617,17,2799,660,4,"East TN",2455501,118.18362118362,0.079815973893971,166.27971236827,18.8963474256374,7.9815973893971
2020-10-03,54432,405,52310,388,2122,17,60992,483,704358,7458,765350,7941,12,629,22,2821,666,6,"East TN",2455501,111.952713519563,0.082876812655632,323.396325230574,16.4935791107395,8.2876812655632
2020-10-04,54887,455,52735,425,2152,30,61531,539,714480,10122,776011,10661,4,633,27,2848,679,13,"East TN",2455501,114.47765649454,0.0771656416136766,434.168017036035,18.5298234453987,7.71656416136766
2020-10-05,55558,671,53347,612,2211,59,62282,751,721729,7249,784011,8000,5,638,42,2890,688,9,"East TN",2455501,132.274431979462,0.0784282854636648,325.799093545472,27.3263989711265,7.84282854636648
2020-10-06,56308,750,54013,666,2295,84,63021,739,728366,6637,791387,7376,8,646,46,2936,697,9,"East TN",2455501,147.22046539586,0.0839104137447405,300.386764248925,30.543665019888,8.39104137447405
2020-10-07,57045,737,54672,659,2373,78,63729,708,735117,6751,798846,7459,3,649,38,2974,703,6,"East TN",2455501,157.605311502622,0.0825792545295565,303.766929844459,30.0142414928766,8.25792545295565
2020-10-08,57763,718,55329,657,2434,61,64407,678,741575,6458,805982,7136,10,659,32,3006,709,6,"East TN",2455501,171.044524111373,0.082801580066849,290.612791442561,29.2404686457061,8.2801580066849
2020-10-09,58304,541,55828,499,2476,42,64967,560,747054,5479,812021,6039,4,663,20,3026,716,7,"East TN",2455501,174.180340386748,0.0816304108987036,245.937590740138,22.0321637010125,8.16304108987036
2020-10-10,58922,618,56416,588,2506,30,65636,669,755480,8426,821116,9095,12,675,20,3046,730,14,"East TN",2455501,182.854741252396,0.08327654843453,370.392844474508,25.1679799763877,8.327654843453
2020-10-11,59865,943,57328,912,2537,31,66665,1029,765906,10426,832571,11455,1,676,37,3083,737,7,"East TN",2455501,202.72848595867,0.0907708628005658,466.503577070423,38.4035681516725,9.07708628005658
2020-10-12,60221,356,57613,285,2608,71,66982,317,768827,2921,835809,3238,6,682,19,3102,748,11,"East TN",2455501,189.900146650317,0.0907370940962972,131.86718311253,14.4980596627735,9.07370940962972
2020-10-13,60726,505,58066,453,2660,52,67466,484,773208,4381,840674,4865,9,691,24,3126,755,7,"East TN",2455501,179.922549410487,0.0901860531174549,198.12657376234,20.5660677800579,9.01860531174549
2020-10-14,61600,874,58878,812,2722,62,68314,848,779392,6184,847706,7032,1,692,44,3170,762,7,"East TN",2455501,185.501858887453,0.0938395415472779,286.37740322647,35.5935509698428,9.38395415472779
2020-10-15,62109,509,59318,440,2791,69,68779,465,783545,4153,852324,4618,14,706,19,3189,771,9,"East TN",2455501,176.990357568578,0.0943420655129256,188.067526749124,20.7289673268307,9.43420655129256
2020-10-16,62748,639,59914,596,2834,43,69363,584,787634,4089,856997,4673,2,708,22,3211,783,12,"East TN",2455501,180.98139646451,0.097741017431519,190.307395517249,26.0232025969446,9.7741017431519
2020-10-17,63466,718,60595,681,2871,37,70223,860,796417,8783,866640,9643,6,714,37,3248,790,7,"East TN",2455501,185.053885133828,0.100760038660926,392.710082382373,29.2404686457061,10.0760038660926
2020-10-18,64270,804,61353,758,2917,46,71093,870,804525,8108,875618,8978,3,717,39,3287,798,8,"East TN",2455501,179.393125883476,0.102864311101819,365.628032731406,32.7428089013199,10.2864311101819
2020-10-19,65018,748,62038,685,2980,63,71852,759,809423,4898,881275,5657,3,720,67,3354,809,11,"East TN",2455501,195.357281467204,0.107113007522104,230.380684023342,30.4622152465016,10.7113007522104
2020-10-20,65704,686,62647,609,3057,77,72543,691,813037,3614,885580,4305,15,735,32,3386,822,13,"East TN",2455501,202.72848595867,0.113058388634036,175.320637214157,27.9372722715242,11.3058388634036
2020-10-21,66297,593,63199,552,3098,41,73159,616,816780,3743,889939,4359,5,740,27,3413,836,14,"East TN",2455501,191.284792797885,0.114720716027751,177.519781095589,24.1498578090581,11.4720716027751
2020-10-22,67427,1130,64235,1036,3192,94,74260,1101,825344,8564,899604,9665,10,750,43,3456,851,15,"East TN",2455501,216.574947434353,0.115926395939086,393.606029889623,46.0191219632979,11.5926395939086
2020-10-23,68398,971,65139,904,3259,67,75230,970,832460,7116,907690,8086,19,769,39,3495,859,8,"East TN",2455501,230.09560981649,0.115735900420176,329.301433801086,39.5438649790817,11.5735900420176
2020-10-24,69635,1237,66314,1175,3321,62,76557,1327,842981,10521,919538,11848,12,781,50,3545,876,17,"East TN",2455501,251.231826010252,0.119739876743922,482.508457540844,50.3766848394686,11.9739876743922
2020-10-25,70564,929,67186,872,3378,57,77604,1047,850856,7875,928460,8922,9,790,43,3588,887,11,"East TN",2455501,256.3224368469,0.123216380909125,363.347439076588,37.8334197379679,12.3216380909125
2020-10-26,71026,462,67592,406,3434,56,78038,434,853611,2755,931649,3189,6,796,21,3609,900,13,"East TN",2455501,244.675119252649,0.122801445189979,129.871663664564,18.814897652251,12.2801445189979
2020-10-27,71868,842,68304,712,3564,130,78821,783,857995,4384,936816,5167,12,808,54,3663,924,24,"East TN",2455501,251.028201576786,0.122531032867515,210.425489543682,34.2903545956609,12.2531032867515
2020-10-28,72865,997,69215,911,3650,86,79791,970,865211,7216,945002,8186,13,821,41,3704,938,14,"East TN",2455501,267.481055800833,0.120443855220384,333.373922470404,40.6027120331044,12.0443855220384
2020-10-29,73773,908,70008,793,3765,115,80625,834,871713,6502,952338,7336,11,832,40,3744,950,12,"East TN",2455501,258.440130954946,0.120700117571206,298.757768781198,36.9781971174111,12.0700117571206
2020-10-30,74673,900,70815,807,3858,93,81465,840,876569,4856,958034,5696,28,860,39,3783,966,16,"East TN",2455501,255.54866399973,0.123847926267281,231.968954604376,36.6523980238656,12.3847926267281
2020-10-31,74687,14,70829,14,3858,0,81481,16,876590,21,958071,37,5,865,0,3783,977,11,"East TN",2455501,205.742127573966,0.127786572548205,1.50682080764781,0.570148413704576,12.7786572548205
2020-11-01,75194,507,71219,390,3975,117,81951,470,883153,6563,965104,7033,0,865,27,3810,993,16,"East TN",2455501,188.556225389442,0.118627879052505,286.418128113163,20.6475175534443,11.8627879052505
2020-11-02,76004,810,71961,742,4043,68,82726,775,887381,4228,970107,5003,11,876,38,3848,1007,14,"East TN",2455501,202.72848595867,0.121899214727755,203.746608126,32.987158221479,12.1899214727755
2020-11-03,77044,1040,72921,960,4123,80,83802,1076,894243,6862,978045,7938,31,907,29,3877,1020,13,"East TN",2455501,210.79201352392,0.120813019961677,323.274150570495,42.3538821609114,12.0813019961677
2020-11-04,77955,911,73733,812,4222,99,84649,847,899128,4885,983777,5732,6,913,35,3912,1044,24,"East TN",2455501,207.289673268307,0.12528691166989,233.435050525331,37.1003717774906,12.528691166989
2020-11-05,78533,578,74217,484,4316,94,85150,501,901789,2661,986939,3162,17,930,27,3939,1058,14,"East TN",2455501,193.850460659556,0.130776567151238,128.772091723848,23.5389845086603,13.0776567151238
2020-11-06,79499,966,75066,849,4433,117,86077,927,908196,6407,994273,7334,10,940,37,3976,1082,24,"East TN",2455501,196.538303181306,0.127266204917354,298.676319007811,39.3402405456157,12.7266204917354
2020-11-07,80826,1327,76307,1241,4519,86,87496,1419,919116,10920,1006612,12339,21,961,52,4028,1092,10,"East TN",2455501,250.010079409457,0.123915864938918,502.504376907197,54.0419246418552,12.3915864938918
2020-11-08,82383,1557,77746,1439,4637,118,89163,1667,932015,12899,1021178,14566,3,964,52,4080,1109,17,"East TN",2455501,292.7712104373,0.128615757748689,593.198699572918,63.4086485812875,12.8615757748689
2020-11-09,83002,619,78285,539,4717,80,89743,580,935467,3452,1025210,4032,9,973,19,4099,1120,11,"East TN",2455501,284.992757078902,0.127343338838176,164.202743146918,25.2087048630809,12.7343338838176
2020-11-10,83941,939,79135,850,4806,89,90666,923,940468,5001,1031134,5924,27,1000,44,4143,1138,18,"East TN",2455501,280.87954352289,0.12929232044303,241.254228770422,38.2406686048998,12.929232044303
2020-11-11,85245,1304,80235,1100,5010,204,91835,1169,947015,6547,1038850,7716,26,1026,59,4202,1152,14,"East TN",2455501,296.884423993311,0.130481361102537,314.233225724608,53.1052522479119,13.0481361102537
2020-11-12,86082,837,80940,705,5142,132,92599,764,951228,4213,1043827,4977,15,1041,34,4236,1170,18,"East TN",2455501,307.432169646846,0.130941499085923,202.687761071977,34.086730162195,13.0941499085923
2020-11-13,87540,1458,82227,1287,5313,171,93898,1299,957087,5859,1050985,7158,27,1068,47,4283,1186,16,"East TN",2455501,327.468813899893,0.137907321201862,291.508738949811,59.3768847986623,13.7907321201862
2020-11-14,89015,1475,83618,1391,5397,84,95433,1535,965982,8895,1061415,10430,7,1075,52,4335,1215,29,"East TN",2455501,333.496097130484,0.144827837892086,424.760568209909,60.0692078724464,14.4827837892086
2020-11-15,90967,1952,85351,1733,5616,219,97393,1960,977151,11169,1074544,13129,7,1082,56,4391,1232,17,"East TN",2455501,349.582427374291,0.154218041449612,534.677037394813,79.4949788250952,15.4218041449612
2020-11-16,92492,1525,86750,1399,5742,126,98930,1537,984770,7619,1083700,9156,10,1092,41,4432,1251,19,"East TN",2455501,386.479174718316,0.157069584544367,372.877062562793,62.1054522071056,15.7069584544367
2020-11-17,93704,1212,87869,1119,5835,93,100151,1221,989913,5143,1090064,6364,31,1123,46,4478,1278,27,"East TN",2455501,397.597068785555,0.160953673850331,259.173178915423,49.358562672139,16.0953673850331
2020-11-18,94902,1198,88825,956,6077,242,101184,1033,995057,5144,1096241,6177,14,1137,53,4531,1293,15,"East TN",2455501,393.280230796078,0.162900106288442,251.557625103798,48.7884142584344,16.2900106288442
2020-11-19,95982,1080,89706,881,6276,199,102043,859,999718,4661,1101761,5520,45,1182,52,4583,1313,20,"East TN",2455501,403.176378262522,0.163013083854041,224.801374546376,43.9828776286387,16.3013083854041
2020-11-20,97108,1126,90669,963,6439,163,103066,1023,1004617,4899,1107683,5922,28,1210,36,4619,1339,26,"East TN",2455501,389.655715880384,0.161698825355392,241.172778997036,45.8562224165252,16.1698825355392
2020-11-21,98326,1218,91733,1064,6593,154,104165,1099,1011023,6406,1115188,7505,3,1213,47,4666,1363,24,"East TN",2455501,379.189420000236,0.162386327710933,305.640274632346,49.6029119922981,16.2386327710933
2020-11-22,99912,1586,93162,1429,6750,157,105831,1666,1020624,9601,1126455,11267,17,1230,57,4723,1390,27,"East TN",2455501,364.284111470531,0.162547436959411,458.847298372104,64.5896702953898,16.2547436959411
2020-11-23,100803,891,93920,758,6883,133,106533,702,1023740,3116,1130273,3818,18,1248,35,4758,1417,27,"East TN",2455501,338.464533307052,0.163249092822021,155.487617394577,36.2858740436269,16.3249092822021
2020-11-24,101714,911,94655,735,7059,176,107238,705,1026767,3027,1134005,3732,13,1261,57,4815,1445,28,"East TN",2455501,326.206342412404,0.161284449602877,151.985277138963,37.1003717774906,16.1284449602877
2020-11-25,102620,906,95341,686,7279,220,107783,545,1029075,2308,1136858,2853,38,1299,56,4871,1470,25,"East TN",2455501,314.314675497994,0.162468916955954,116.188101735654,36.8967473440247,16.2468916955954
2020-11-26,104085,1465,96728,1387,7357,78,109452,1669,1037440,8365,1146892,10034,18,1317,25,4896,1489,19,"East TN",2455501,329.99375687487,0.164166537413308,408.633513079408,59.6619590055146,16.4166537413308
2020-11-27,105788,1703,98294,1566,7494,137,111201,1749,1044979,7539,1156180,9288,5,1322,50,4946,1517,28,"East TN",2455501,353.492016496837,0.167742334577397,378.252747606293,69.3544820384923,16.7742334577397
2020-11-28,107412,1624,99674,1380,7738,244,112695,1494,1052509,7530,1165204,9024,2,1324,45,4991,1545,28,"East TN",2455501,370.02632049427,0.170545425463852,367.501377519292,66.1372159897308,17.0545425463852
2020-11-29,109699,2287,101794,2120,7905,167,115020,2325,1063204,10695,1178224,13020,4,1328,51,5042,1570,25,"East TN",2455501,398.574466066192,0.177500048291449,530.238024745256,93.1378158673118,17.7500048291449
2020-11-30,111933,2234,103799,2005,8134,229,117240,2220,1072654,9450,1189894,11670,15,1343,53,5095,1601,31,"East TN",2455501,453.267988895138,0.179584374633099,475.259427709457,90.979396872573,17.9584374633099
2020-12-01,114194,2261,105805,2006,8389,255,119378,2138,1081489,8835,1200867,10973,20,1363,63,5158,1629,28,"East TN",2455501,508.246585930936,0.181568005743173,446.874181684308,92.078968813289,18.1568005743172
2020-12-02,115251,1057,106718,913,8533,144,120254,876,1084397,2908,1204651,3784,15,1378,42,5200,1662,33,"East TN",2455501,514.396043821607,0.183957045712684,154.102971247008,43.0462052346955,18.3957045712684
2020-12-03,117059,1808,108287,1569,8772,239,121976,1722,1090388,5991,1212364,7713,33,1411,45,5245,1683,21,"East TN",2455501,528.364679957369,0.191287878787879,314.111051064528,73.6305951412767,19.1287878787879
2020-12-04,118788,1729,109675,1388,9113,341,123434,1458,1095908,5520,1219342,6978,37,1448,36,5281,1718,35,"East TN",2455501,529.423527011392,0.193676577689117,284.178259345038,70.4133290925151,19.3676577689117
2020-12-05,119921,1133,110584,909,9337,224,124363,929,1098972,3064,1223335,3993,5,1453,24,5305,1744,26,"East TN",2455501,509.427607645039,0.200719065558824,162.614472565884,46.1412966233775,20.0719065558824
2020-12-06,121390,1469,111847,1263,9543,206,125604,1241,1103464,4492,1229068,5733,20,1473,40,5345,1780,36,"East TN",2455501,476.114650330014,0.20816615529856,233.475775412024,59.8248585522873,20.816615529856
2020-12-07,124113,2723,114252,2405,9861,318,128175,2571,1113010,9546,1241185,12117,31,1504,51,5396,1802,22,"East TN",2455501,496.029119922981,0.2131952974206,493.46345206131,110.89386646554,21.31952974206
2020-12-08,126877,2764,116615,2363,10262,401,130706,2531,1121369,8359,1252075,10890,45,1549,71,5467,1826,24,"East TN",2455501,516.513737929653,0.221215435088267,443.494016088774,112.563586819961,22.1215435088267
2020-12-09,129521,2644,118998,2383,10523,261,133283,2577,1128467,7098,1261750,9675,21,1570,56,5523,1849,23,"East TN",2455501,581.144133111736,0.228182630168654,394.013278756555,107.676600416778,22.8182630168654
2020-12-10,132596,3075,121680,2682,10916,393,136233,2950,1139936,11469,1276169,14419,30,1600,74,5597,1886,37,"East TN",2455501,632.742564552,0.223446438366899,587.21214122902,125.229026581541,22.3446438366899
2020-12-11,134580,1984,123428,1748,11152,236,138023,1790,1147107,7171,1285130,8961,35,1635,50,5647,1911,25,"East TN",2455501,643.127410658762,0.221757767373989,364.935709657622,80.798175199277,22.1757767373989
2020-12-12,137841,3261,126155,2727,11686,534,140997,2974,1158339,11232,1299336,14206,21,1656,73,5720,1936,25,"East TN",2455501,729.789969541857,0.218865541242878,578.537740363372,132.803855506473,21.8865541242878
2020-12-13,142131,4290,130014,3859,12117,431,145361,4364,1175619,17280,1320980,21644,15,1671,62,5782,1970,34,"East TN",2455501,844.674874903329,0.214955609713639,881.449447587274,174.709763913759,21.4955609713639
2020-12-14,144990,2859,132471,2457,12519,402,148034,2673,1184897,9278,1332931,11951,37,1708,72,5854,2004,34,"East TN",2455501,850.213459493602,0.216456303272077,486.703120870242,116.432451055813,21.6456303272077
2020-12-15,149116,4126,136011,3540,13105,586,151897,3863,1199918,15021,1351815,18884,34,1742,94,5948,2035,31,"East TN",2455501,905.680755169719,0.212462402245839,769.048760314087,168.030882496077,21.2462402245839
2020-12-16,152334,3218,138268,2257,14066,961,154283,2386,1207814,7896,1362097,10282,19,1761,60,6008,2077,42,"East TN",2455501,929.056840131607,0.209273819845137,418.733284979318,131.052685378666,20.9273819845137
2020-12-17,156401,4067,141640,3372,14761,695,157890,3607,1218513,10699,1376403,14306,58,1819,75,6083,2116,39,"East TN",2455501,969.455927731245,0.216064409282279,582.61022903269,165.628114181179,21.6064409282279
2020-12-18,159608,3207,144376,2736,15232,471,160769,2879,1227202,8689,1387971,11568,43,1862,62,6145,2146,30,"East TN",2455501,1019.26246415701,0.221176379070604,471.105489266752,130.604711625041,22.1176379070604
2020-12-19,162248,2640,146618,2242,15630,398,163237,2468,1235565,8363,1398802,10831,27,1889,41,6186,2183,37,"East TN",2455501,993.972309520542,0.223593991916836,441.091247773876,107.513700870006,22.3593991916836
2020-12-20,165878,3630,149583,2965,16295,665,166553,3316,1249508,13943,1416061,17259,16,1905,55,6241,2217,34,"East TN",2455501,967.09388430304,0.222883646575026,702.870819437663,147.831338696258,22.2883646575026
2020-12-21,168191,2313,151325,1742,16866,571,168456,1903,1256420,6912,1424876,8815,14,1919,35,6276,2252,35,"East TN",2455501,944.858096168562,0.222111044646256,358.989876200417,94.1966629213346,22.2111044646256
2020-12-22,170845,2654,153026,1701,17819,953,170255,1799,1261473,5053,1431728,6852,62,1981,60,6336,2297,45,"East TN",2455501,884.911062956195,0.229724825748001,279.046923621697,108.08384928371,22.9724825748001
2020-12-23,173063,2218,154472,1446,18591,772,171795,1540,1267250,5777,1439045,7317,41,2022,35,6371,2337,40,"East TN",2455501,844.186176263011,0.227582263346676,297.983995934027,90.3277986854821,22.7582263346676
2020-12-24,175155,2092,155930,1458,19225,634,173393,1598,1273539,6289,1446932,7887,15,2037,30,6401,2375,38,"East TN",2455501,763.754525043973,0.219810290802365,321.197181349142,85.1964629621409,21.9810290802365
2020-12-25,177521,2366,157909,1979,19612,387,175559,2166,1282086,8547,1457645,10713,3,2040,27,6428,2411,36,"East TN",2455501,729.504895335005,0.212274306053908,436.28571114408,96.3550819160733,21.2274306053908
2020-12-26,179460,1939,159376,1467,20084,472,177171,1612,1287739,5653,1464910,7265,2,2042,43,6471,2449,38,"East TN",2455501,700.956749763083,0.210776305439584,295.866301825982,78.9655552980838,21.0776305439584
2020-12-27,180756,1296,160286,910,20470,386,178161,990,1290532,2793,1468693,3783,27,2069,41,6512,2480,31,"East TN",2455501,605.904864221191,0.220550235598115,154.062246360315,52.7794531543665,22.0550235598115
2020-12-28,182152,1396,161264,978,20888,418,179181,1020,1292351,1819,1471532,2839,25,2094,42,6554,2517,37,"East TN",2455501,568.560143123542,0.229873971193416,115.617953321949,56.8519418236849,22.9873971193416
2020-12-29,185057,2905,162990,1726,22067,1179,180959,1778,1296438,4087,1477397,5865,50,2144,64,6618,2559,42,"East TN",2455501,578.782089683531,0.234382184851869,238.851460455524,118.3057958437,23.4382184851869
2020-12-30,187385,2328,164606,1616,22779,712,182636,1677,1300917,4479,1483553,6156,40,2184,44,6662,2597,38,"East TN",2455501,583.261827219781,0.243574188909859,250.702402483241,94.8075362217323,24.3574188909859
2020-12-31,190830,3445,167286,2680,23544,765,185531,2895,1308040,7123,1493571,10018,52,2236,30,6692,2640,43,"East TN",2455501,638.362598915659,0.26025429361693,407.981914892317,140.297234658019,26.025429361693
2021-01-01,193070,2240,169003,1717,24067,523,187388,1857,1314234,6194,1501622,8051,24,2260,30,6722,2680,40,"East TN",2455501,633.231263192318,0.268981513063647,327.876062766824,91.2237461927322,26.8981513063647
2021-01-02,195795,2725,171115,2112,24680,613,189638,2250,1320788,6554,1510426,8804,4,2264,63,6785,2716,36,"East TN",2455501,665.241024133161,0.273903682221636,358.541902446792,110.975316238926,27.3903682221636
2021-01-03,197110,1315,172020,905,25090,410,190575,937,1324156,3368,1514731,4305,15,2279,26,6811,2760,44,"East TN",2455501,666.014796980331,0.26964681350189,175.320637214157,53.553226001537,26.964681350189
2021-01-04,198667,1557,173146,1126,25521,431,191753,1178,1326520,2364,1518273,3542,46,2325,34,6845,2810,50,"East TN",2455501,672.571503737934,0.268971566718727,144.247548667258,63.4086485812875,26.8971566718727
2021-01-05,201567,2900,174884,1738,26683,1162,193578,1825,1331784,5264,1525362,7089,43,2368,60,6905,2854,44,"East TN",2455501,672.367879304468,0.263087668091317,288.698721767981,118.102171410234,26.3087668091317
2021-01-06,204111,2544,176678,1794,27433,750,195479,1901,1337362,5578,1532841,7479,52,2420,63,6968,2897,43,"East TN",2455501,681.164454830195,0.260570524265541,304.581427578323,103.60411174746,26.0570524265541
2021-01-07,206620,2509,178814,2136,27806,373,197799,2320,1344465,7103,1542264,9423,33,2453,45,7013,2929,32,"East TN",2455501,643.045960885375,0.251945864908714,383.750607309873,102.178740713199,25.1945864908714
2021-01-08,208967,2347,180671,1857,28296,490,199785,1986,1351795,7330,1551580,9316,50,2503,47,7060,2984,55,"East TN",2455501,647.403523761546,0.248148444693543,379.393044433702,95.5813090689028,24.8148444693543
2021-01-09,211539,2572,182671,2000,28868,572,201963,2178,1359981,8186,1561944,10364,27,2530,32,7092,3012,28,"East TN",2455501,641.172616097489,0.239236771613805,422.072725688159,104.744408574869,23.9236771613805
2021-01-10,213205,1666,183804,1133,29401,533,203214,1251,1365780,5799,1568994,7050,36,2566,41,7133,3052,40,"East TN",2455501,655.467051326796,0.232921143320495,287.110451186947,67.8476612308445,23.2921143320495
2021-01-11,214628,1423,184816,1012,29812,411,204311,1097,1369051,3271,1573362,4368,28,2594,40,7173,3092,40,"East TN",2455501,650.00991650991,0.227958394597833,177.886305075828,57.9515137644008,22.7958394597833
2021-01-12,216445,1817,185951,1135,30494,682,205501,1190,1373248,4197,1578749,5387,60,2654,39,7212,3131,39,"East TN",2455501,605.904864221191,0.223331522655328,219.384964616182,73.9971191215153,22.3331522655328
2021-01-13,217972,1527,187027,1076,30945,451,206637,1136,1377977,4729,1584614,5865,49,2703,32,7244,3158,27,"East TN",2455501,564.487654454223,0.215517740907423,238.851460455524,62.186901980492,21.5517740907423
2021-01-14,220223,2251,188809,1782,31414,469,208601,1964,1386499,8522,1595100,10486,38,2741,50,7294,3200,42,"East TN",2455501,553.980633687382,0.204443939738057,427.041161864727,91.6717199463572,20.4443939738057
2021-01-15,221186,963,189479,670,31707,293,209296,695,1389556,3057,1598852,3752,23,2764,30,7324,3241,41,"East TN",2455501,497.617390504015,0.201197326112709,152.799774872826,39.2180658855362,20.1197326112709
2021-01-16,223617,2431,191228,1749,32389,682,211297,2001,1400436,10880,1611733,12881,13,2777,54,7378,3284,43,"East TN",2455501,491.875181480276,0.187471128160839,524.577265494903,99.0021995511303,18.7471128160839
2021-01-17,224474,857,191835,607,32639,250,211968,671,1404054,3618,1616022,4289,13,2790,24,7402,3318,34,"East TN",2455501,458.92874814549,0.186144424598112,174.669039027066,34.9012278960587,18.6144424598112
2021-01-18,225041,567,192157,322,32884,245,212323,355,1406136,2082,1618459,2437,13,2803,21,7423,3349,31,"East TN",2455501,424.068245136125,0.177661485242921,99.2465488712894,23.0910107550353,17.7661485242921
2021-01-19,226723,1682,193132,975,33591,707,213383,1060,1410341,4205,1623724,5265,21,2824,53,7476,3388,39,"East TN",2455501,418.570385432545,0.175252918287938,214.416528439614,68.4992594179355,17.5252918287938
2021-01-20,227707,984,193790,658,33917,326,214079,696,1414330,3989,1628409,4685,32,2856,29,7505,3428,40,"East TN",2455501,396.456771958146,0.169928073981048,190.796094157567,40.073288506093,16.9928073981048
2021-01-21,229269,1562,194928,1138,34341,424,215352,1273,1421258,6928,1636610,8201,65,2921,37,7542,3474,46,"East TN",2455501,368.397325026542,0.162635509515779,333.984795770802,63.6122730147534,16.2635509515779
2021-01-22,230255,986,195632,704,34623,282,216166,814,1426697,5439,1642863,6253,32,2953,31,7573,3506,32,"East TN",2455501,369.333997420486,0.156097339301538,254.65271649248,40.1547382794794,15.6097339301538
2021-01-23,231687,1432,196601,969,35086,463,217266,1100,1434974,8277,1652240,9377,19,2972,41,7614,3531,25,"East TN",2455501,328.649835613995,0.147357246895598,381.877262521986,58.3180377446395,14.7357246895598
2021-01-24,232308,621,197089,488,35219,133,217807,541,1438345,3371,1656152,3912,19,2991,20,7634,3559,28,"East TN",2455501,319.038762354403,0.145502118116123,159.315756743736,25.2901546364673,14.5502118116123
2021-01-25,233047,739,197599,510,35448,229,218356,549,1440101,1756,1658457,2305,44,3035,20,7654,3590,31,"East TN",2455501,326.043442865631,0.150832541627081,93.8708638277891,30.095691266263,15.0832541627081
2021-01-26,234080,1033,198329,730,35751,303,219138,782,1444564,4463,1663702,5245,63,3098,26,7680,3613,23,"East TN",2455501,299.612991401755,0.143954174796138,213.60203070575,42.0688079540591,14.3954174796138
2021-01-27,235034,954,199034,705,36000,249,219893,755,1449080,4516,1668973,5271,55,3153,28,7708,3636,23,"East TN",2455501,298.391244800959,0.143329060250468,214.660877759773,38.8515419052975,14.3329060250468
2021-01-28,236364,1330,199750,716,36614,614,220687,794,1453509,4429,1674196,5223,46,3199,29,7737,3663,27,"East TN",2455501,288.94307108814,0.141941148299899,212.7060831985,54.1640993019347,14.1941148299899
2021-01-29,236959,595,200102,352,36857,243,221084,397,1456173,2664,1677257,3061,17,3216,17,7754,3684,21,"East TN",2455501,273.019640391105,0.142990056405187,124.658878167836,24.2313075824445,14.2990056405187
2021-01-30,238113,1154,201068,966,37045,188,222180,1096,1465221,9048,1687401,10144,44,3260,29,7783,3704,20,"East TN",2455501,261.6981218904,0.139757117260601,413.113250615658,46.9965192439343,13.9757117260601
2021-01-31,238792,679,201508,440,37284,239,222671,491,1469143,3922,1691814,4413,29,3289,30,7813,3723,19,"East TN",2455501,264.060165318605,0.136391677415737,179.718924977021,27.6521980646719,13.6391677415737
2021-02-01,239485,693,201916,408,37569,285,223113,442,1470839,1696,1693952,2138,39,3328,10,7823,3750,27,"East TN",2455501,262.186820530719,0.134018875898014,87.0698077500274,28.2223464783765,13.4018875898014
2021-02-02,240023,538,202264,348,37759,190,223473,360,1471897,1058,1695370,1418,57,3385,13,7836,3766,16,"East TN",2455501,242.028001617593,0.13688897309587,57.7478893309349,21.909989040933,13.688897309587
2021-02-03,241135,1112,203023,759,38112,353,224299,826,1477900,6003,1702199,6829,46,3431,39,7875,3779,13,"East TN",2455501,248.462533715116,0.132606994522362,278.110251227754,45.2860740028206,13.2606994522362
2021-02-04,242232,1097,203805,782,38427,315,225162,863,1485609,7709,1710771,8572,58,3489,36,7911,3797,18,"East TN",2455501,238.973635115604,0.122351332877649,349.093728733973,44.6752007024228,12.2351332877649
2021-02-05,243049,817,204363,558,38686,259,225764,602,1489415,3806,1715179,4408,67,3556,28,7939,3811,14,"East TN",2455501,248.014559961491,0.123411212488793,179.515300543555,33.2722324283313,12.3411212488793
2021-02-06,244277,1228,205180,817,39097,411,226728,964,1498062,8647,1724790,9611,27,3583,22,7961,3840,29,"East TN",2455501,251.028201576786,0.121640054561502,391.406886008191,50.01016085923,12.1640054561502
2021-02-07,244794,517,205533,353,39261,164,227134,406,1501145,3083,1728279,3489,2,3585,10,7971,3857,17,"East TN",2455501,244.43076993249,0.12239133415604,142.089129672519,21.0547664203761,12.239133415604
2021-02-08,245303,509,205829,296,39474,213,227450,316,1502509,1364,1729959,1680,32,3617,9,7980,3873,16,"East TN",2455501,236.937390780944,0.120448801621907,68.4178096445491,20.7289673268307,12.0448801621907
2021-02-09,246331,1028,206462,633,39869,395,228112,662,1506741,4232,1734853,4894,16,3633,38,8018,3884,11,"East TN",2455501,256.892585260605,0.11749360484259,199.307595476443,41.8651835205931,11.749360484259
2021-02-10,247178,847,207044,582,40134,265,228746,634,1512725,5984,1741471,6618,39,3672,30,8048,3897,13,"East TN",2455501,246.100490286911,0.113235893257283,269.517300135492,34.4939790291268,11.3235893257283
2021-02-11,248046,868,207628,584,40418,284,229395,649,1518295,5570,1747690,6219,37,3709,31,8079,3915,18,"East TN",2455501,236.774491234172,0.114656409978602,253.268070344911,35.3492016496837,11.4656409978602
2021-02-12,248880,834,208223,595,40657,239,230044,649,1523804,5509,1753848,6158,34,3743,12,8091,3924,9,"East TN",2455501,237.466814307956,0.110682976027309,250.783852256627,33.9645555021155,11.0682976027309
2021-02-13,249472,592,208594,371,40878,221,230478,434,1528228,4424,1758706,4858,12,3755,16,8107,3936,12,"East TN",2455501,211.565786371091,0.110567283877816,197.841499555488,24.1091329223649,11.0567283877816
2021-02-14,250012,540,209008,414,41004,126,230930,452,1531194,2966,1762124,3418,15,3770,15,8122,3949,13,"East TN",2455501,212.502458765034,0.112158369035308,139.197662717303,21.9914388143194,11.2158369035308
2021-02-15,250392,380,209220,212,41172,168,231159,229,1532518,1324,1763677,1553,5,3775,10,8132,3960,11,"East TN",2455501,207.248948381613,0.110000593154991,63.2457490345148,15.4754569434099,11.0000593154991
2021-02-16,251157,765,209647,427,41510,338,231633,474,1535927,3409,1767560,3883,8,3783,26,8158,3970,10,"East TN",2455501,196.538303181306,0.107652796037545,158.134735029633,31.1545383202858,10.7652796037545
2021-02-17,251778,621,210066,419,41712,202,232084,451,1539176,3249,1771260,3700,11,3794,11,8169,3987,17,"East TN",2455501,187.334478788646,0.112054785323442,150.682080764781,25.2901546364673,11.2054785323442
2021-02-18,252571,793,210616,550,41955,243,232689,605,1544893,5717,1777582,6322,42,3836,19,8188,4004,17,"East TN",2455501,184.280112286658,0.110196708149338,257.462733674309,32.2948351476949,11.0196708149338
2021-02-19,253047,476,210917,301,42130,175,233034,345,1547601,2708,1780635,3053,5,3841,11,8199,4013,9,"East TN",2455501,169.700602850498,0.111621308843842,124.333079074291,19.3850460659556,11.1621308843842
2021-02-20,253670,623,211366,449,42304,174,233540,506,1552825,5224,1786365,5730,18,3859,18,8217,4023,10,"East TN",2455501,170.963074337986,0.110705376188582,233.353600751944,25.3716044098536,11.0705376188582
2021-02-21,254019,349,211594,228,42425,121,233803,263,1554959,2134,1788762,2397,7,3866,12,8229,4041,18,"East TN",2455501,163.184620979588,0.107853442450634,97.617553403562,14.2129854559212,10.7853442450634
2021-02-22,254377,358,211790,196,42587,162,234030,227,1556339,1380,1790369,1607,7,3873,22,8251,4057,16,"East TN",2455501,162.288673472338,0.107560317698187,65.4448929159467,14.5795094361599,10.7560317698187
2021-02-23,255017,640,212136,346,42881,294,234394,364,1559286,2947,1793680,3311,26,3899,27,8278,4064,7,"East TN",2455501,157.19806263569,0.105704441041348,134.840099841132,26.0639274836378,10.5704441041348
2021-02-24,255758,741,212686,550,43072,191,235003,609,1565479,6193,1800482,6802,19,3918,23,8301,4071,7,"East TN",2455501,162.085049038872,0.0998904934638286,277.010679287038,30.1771410396493,9.98904934638286
2021-02-25,256393,635,213131,445,43262,190,235499,496,1570247,4768,1805746,5264,21,3939,16,8317,4080,9,"East TN",2455501,155.650516941349,0.0997727595512001,214.375803552921,25.8603030501718,9.97727595512001
2021-02-26,256853,460,213453,322,43400,138,235867,368,1573368,3121,1809235,3489,14,3953,11,8328,4085,5,"East TN",2455501,154.998918754258,0.0990559440559441,142.089129672519,18.7334478788646,9.90559440559441
2021-02-27,257293,440,213680,227,43613,213,236142,275,1577460,4092,1813602,4367,7,3960,16,8344,4094,9,"East TN",2455501,147.546264489406,0.0955318133421449,177.845580189135,17.918950145001,9.55318133421449
2021-02-28,257659,366,213954,274,43705,92,236455,313,1580020,2560,1816475,2873,5,3965,11,8355,4103,9,"East TN",2455501,148.23858756319,0.0956951611157219,117.002599469518,14.9053085297053,9.56951611157219
2021-03-01,257903,244,214103,149,43800,95,236611,156,1580799,779,1817410,935,4,3969,11,8366,4112,9,"East TN",2455501,143.595950480167,0.0954476535631079,38.077769058127,9.9368723531369,9.54476535631079
2021-03-02,258523,620,214493,390,44030,230,237058,447,1584255,3456,1821313,3903,7,3976,24,8390,4122,10,"East TN",2455501,142.781452746303,0.096406470524373,158.949232763497,25.2494297497741,9.6406470524373
2021-03-03,259003,480,214793,300,44210,180,237411,353,1588427,4172,1825838,4525,7,3983,17,8407,4125,3,"East TN",2455501,132.152257319382,0.0949676605142767,184.280112286658,19.5479456127283,9.49676605142767
2021-03-04,259612,609,215208,415,44404,194,237883,472,1593247,4820,1831130,5292,18,4001,21,8428,4130,5,"East TN",2455501,131.093410265359,0.0939174283012922,215.51610038033,24.8014559961491,9.39174283012922
2021-03-05,260082,470,215519,311,44563,159,238237,354,1596926,3679,1835163,4033,15,4016,16,8444,4135,5,"East TN",2455501,131.500659132291,0.0914069731564332,164.243468033611,19.1406967457965,9.14069731564332
2021-03-06,260545,463,215842,323,44703,140,238609,372,1601200,4274,1839809,4646,1,4017,10,8454,4141,6,"East TN",2455501,132.437331526234,0.0941351547296524,189.207823576533,18.8556225389442,9.41351547296524
2021-03-07,260800,255,216006,164,44794,91,238793,184,1602930,1730,1841723,1914,1,4018,4,8458,4145,4,"East TN",2455501,127.916869103291,0.0926013941698352,77.9474331307542,10.3848461067619,9.26013941698352
2021-03-08,261256,456,216299,293,44957,163,239105,312,1604511,1581,1843616,1893,3,4021,9,8467,4153,8,"East TN",2455501,136.550545082246,0.0951690452568114,77.0922105101973,18.5705483320919,9.51690452568114
2021-03-09,261794,538,216580,281,45214,257,239423,318,1607086,2575,1846509,2893,6,4027,21,8488,4165,12,"East TN",2455501,133.211104373405,0.0938641054135577,117.817097203381,21.909989040933,9.38641054135577
2021-03-10,262444,650,217044,464,45400,186,239929,506,1612554,5468,1852483,5974,7,4034,28,8516,4175,10,"East TN",2455501,140.134335111246,0.0945017826984425,243.290473105081,26.4711763505696,9.45017826984425
2021-03-11,262973,529,217381,337,45592,192,240293,364,1615892,3338,1856185,3702,5,4039,9,8525,4183,8,"East TN",2455501,136.876344175791,0.0961883855517861,150.763530538167,21.5434650606943,9.61883855517861
2021-03-12,263433,460,217746,365,45687,95,240709,416,1619237,3345,1859946,3761,5,4044,12,8537,4191,8,"East TN",2455501,136.46909530886,0.0997457934874713,153.166298853065,18.7334478788646,9.97457934874713
2021-03-13,263879,446,217961,215,45918,231,240988,279,1622876,3639,1863864,3918,2,4046,21,8558,4197,6,"East TN",2455501,135.776772235075,0.0988983579297443,159.560106063895,18.1632994651601,9.88983579297443
2021-03-14,264141,262,218137,176,46004,86,241199,211,1624717,1841,1865916,2052,0,4046,10,8568,4203,6,"East TN",2455501,136.061846441928,0.099450254205762,83.5674674944136,10.6699203136142,9.9450254205762
2021-03-15,264497,356,218322,185,46175,171,241414,215,1625912,1195,1867326,1410,4,4050,15,8583,4207,4,"East TN",2455501,131.989357772609,0.0973850695908899,57.4220902373894,14.4980596627735,9.73850695908899
2021-03-16,265196,699,218773,451,46423,248,241910,496,1629177,3265,1871087,3761,4,4054,36,8619,4208,1,"East TN",2455501,138.546064530212,0.101188054357556,153.166298853065,28.4666957985356,10.1188054357556
2021-03-17,265622,426,219106,333,46516,93,242274,364,1632901,3724,1875175,4088,1,4055,16,8635,4217,9,"East TN",2455501,129.423689910939,0.103340384276397,166.483336801736,17.3488017312964,10.3340384276397
2021-03-18,266172,550,219455,349,46717,201,242659,385,1636190,3289,1878849,3674,6,4061,31,8666,4224,7,"East TN",2455501,130.278912531496,0.104394634662902,149.623233710758,22.3986876812512,10.4394634662902
2021-03-19,266964,792,219985,530,46979,262,243220,561,1641229,5039,1884449,5600,15,4076,25,8691,4230,6,"East TN",2455501,143.799574913633,0.102477247683957,228.05936548183,32.2541102610017,10.2477247683957
2021-03-20,267236,272,220150,165,47086,107,243414,194,1643349,2120,1886763,2314,1,4077,15,8706,4232,2,"East TN",2455501,136.713444629019,0.105943490982139,94.2373878080278,11.077169180546,10.5943490982139
2021-03-21,267517,281,220347,197,47170,84,243639,225,1645147,1798,1888786,2023,-16,4061,8,8714,4239,7,"East TN",2455501,137.487217476189,0.106689986882379,82.3864457803112,11.4436931607847,10.6689986882379
2021-03-22,268043,526,220688,341,47355,185,243995,356,1647234,2087,1891229,2443,14,4075,19,8733,4246,7,"East TN",2455501,144.41044821403,0.107978078065515,99.4908981914485,21.4212904006148,10.7978078065515
2021-03-23,268481,438,220937,249,47544,189,244260,265,1649689,2455,1893949,2720,11,4086,17,8750,4252,6,"East TN",2455501,133.781252787109,0.102790656985391,110.77169180546,17.8375003716146,10.2790656985391
2021-03-24,269079,598,221397,460,47682,138,244753,493,1654387,4698,1899140,5191,4,4090,26,8776,4258,6,"East TN",2455501,140.785933298337,0.103442520342166,211.402886824318,24.353482242524,10.3442520342166
2021-03-25,269478,399,221703,306,47775,93,245086,333,1657356,2969,1902442,3302,8,4098,23,8799,4262,4,"East TN",2455501,134.636475407666,0.102869495189251,134.473575860894,16.2492297905804,10.2869495189251
2021-03-26,269888,410,222026,323,47862,87,245431,345,1659987,2631,1905418,2976,7,4105,14,8813,4272,10,"East TN",2455501,119.07956869087,0.105441365825743,121.197262798916,16.6972035442054,10.5441365825743
2021-03-27,270092,204,222207,181,47885,23,245641,210,1662498,2511,1908139,2721,2,4107,13,8826,4283,11,"East TN",2455501,116.310276395733,0.104182260479042,110.812416692154,8.30787688540954,10.4182260479042
2021-03-28,270408,316,222426,219,47982,97,245886,245,1664571,2073,1910457,2318,5,4112,17,8843,4289,6,"East TN",2455501,117.735647429995,0.103686954916709,94.4002873548005,12.8690641950461,10.3686954916709
2021-03-29,270848,440,222664,238,48184,202,246139,253,1666425,1854,1912564,2107,18,4130,18,8861,4294,5,"East TN",2455501,114.233307174381,0.100492149050855,85.8073362625387,17.918950145001,10.0492149050855
2021-03-30,271223,375,222922,258,48301,117,246461,322,1668901,2476,1915362,2798,5,4135,20,8881,4300,6,"East TN",2455501,111.667639312711,0.102788025965535,113.948232967529,15.271832509944,10.2788025965535
2021-03-31,271884,661,223364,442,48520,219,246949,488,1673715,4814,1920664,5302,4,4139,18,8899,4305,5,"East TN",2455501,114.233307174381,0.102025645790745,215.923349247262,26.9191501041946,10.2025645790745
2021-04-01,272334,450,223687,323,48647,127,247299,350,1676542,2827,1923841,3177,1,4140,18,8917,4313,8,"East TN",2455501,116.310276395733,0.103416047478854,129.382965024246,18.3261990119328,10.3416047478854
2021-04-02,272681,347,223919,232,48762,115,247550,251,1679561,3019,1927111,3270,0,4140,12,8929,4318,5,"East TN",2455501,113.744608534063,0.0976812796754714,133.170379486712,14.1315356825348,9.76812796754714
2021-04-03,273023,342,224169,250,48854,92,247824,274,1681913,2352,1929737,2626,0,4140,13,8942,4327,9,"East TN",2455501,119.364642897722,0.101074173534587,106.943552456301,13.9279112490689,10.1074173534587
2021-04-04,273194,171,224292,123,48902,48,247965,141,1683507,1594,1931472,1735,6,4146,8,8950,4331,4,"East TN",2455501,113.459534327211,0.0989293361884368,70.6576784126742,6.96395562453446,9.89293361884368
2021-04-05,273601,407,224527,235,49074,172,248188,223,1684726,1219,1932914,1442,6,4152,40,8990,4337,6,"East TN",2455501,112.115613066336,0.100687960687961,58.7252866115713,16.5750288841259,10.0687960687961
2021-04-06,274032,431,224777,250,49255,181,248465,277,1686810,2084,1935275,2361,3,4155,27,9017,4342,5,"East TN",2455501,114.396206721154,0.100637774318285,96.1514574826074,17.5524261647623,10.0637774318285
2021-04-07,274662,630,225239,462,49423,168,248972,507,1691501,4691,1940473,5198,5,4160,24,9041,4346,4,"East TN",2455501,113.133735233665,0.102125296582362,211.68796103117,25.6566786167059,10.2125296582362
2021-04-08,275067,405,225493,254,49574,151,249261,289,1694512,3011,1943773,3300,-1,4159,21,9062,4351,5,"East TN",2455501,111.301115332472,0.0984346779048766,134.392126087507,16.4935791107395,9.84346779048766
2021-04-09,275585,518,225899,406,49686,112,249710,449,1698387,3875,1948097,4324,4,4163,31,9093,4354,3,"East TN",2455501,118.265070957006,0.102925760030497,176.094410061328,21.0954913070693,10.2925760030497
2021-04-10,275890,305,226115,216,49775,89,249958,248,1701167,2780,1951125,3028,1,4164,15,9108,4359,5,"East TN",2455501,116.758250149359,0.0997755750888349,123.314956906961,12.4210904414211,9.97755750888349
2021-04-11,276127,237,226278,163,49849,74,250132,174,1702878,1711,1953010,1885,2,4166,10,9118,4363,4,"East TN",2455501,119.446092671109,0.100612870275792,76.7664114166518,9.65179814628461,10.0612870275792
2021-04-12,276592,465,226601,323,49991,142,250462,330,1704640,1762,1955102,2092,3,4169,16,9134,4372,9,"East TN",2455501,121.808136099313,0.102487831260141,85.1964629621409,18.9370723123306,10.2487831260141
2021-04-13,276970,378,226841,240,50129,138,250712,250,1706697,2057,1957409,2307,3,4172,16,9150,4376,4,"East TN",2455501,119.649717104575,0.101518026565465,93.9523136011755,15.3940071700236,10.1518026565465
2021-04-14,277649,679,227342,501,50307,178,251268,556,1711517,4820,1962785,5376,0,4172,29,9179,4379,3,"East TN",2455501,121.645236552541,0.10290426676228,218.936990862557,27.6521980646719,10.290426676228
2021-04-15,278191,542,227710,368,50481,174,251648,380,1714661,3144,1966309,3524,2,4174,24,9203,4384,5,"East TN",2455501,127.224546029507,0.105919417820376,143.51450070678,22.0728885877057,10.5919417820376
2021-04-16,279164,973,228600,890,50564,83,252754,1106,1722145,7484,1974899,8590,3,4177,32,9235,4387,3,"East TN",2455501,145.754369474906,0.11357361390941,349.82677669445,39.625314752468,11.357361390941
2021-04-17,279366,202,228747,147,50619,55,252927,173,1724376,2231,1977303,2404,0,4177,10,9245,4388,1,"East TN",2455501,141.559706145508,0.113415845366338,97.9026276104143,8.22642711202317,11.3415845366338
2021-04-18,279585,219,228935,188,50650,31,253129,202,1726179,1803,1979308,2005,6,4183,8,9253,4397,9,"East TN",2455501,140.82665818503,0.113963039014374,81.6533978198339,8.9187501858073,11.3963039014374
2021-04-19,279913,328,229130,195,50783,133,253339,210,1727628,1449,1980967,1659,8,4191,15,9268,4404,7,"East TN",2455501,135.247348708064,0.111231393775372,67.5625870239923,13.3577628353644,11.1231393775372
2021-04-20,280266,353,229407,277,50859,76,253618,279,1730076,2448,1983694,2727,4,4195,20,9288,4408,4,"East TN",2455501,134.229226540734,0.110557352101959,111.056766012313,14.375885002694,11.0557352101959
2021-04-21,280779,513,229737,330,51042,183,253955,337,1733857,3781,1987812,4118,4,4199,15,9303,4414,6,"East TN",2455501,127.468895349666,0.107364046829424,167.705083402532,20.8918668736034,10.7364046829424
2021-04-22,281420,641,230135,398,51285,243,254402,447,1738109,4252,1992511,4699,3,4202,26,9329,4418,4,"East TN",2455501,131.500659132291,0.105106480421342,191.366242571272,26.1046523703309,10.5106480421342
2021-04-23,281803,383,230412,277,51391,106,254710,308,1741310,3201,1996020,3509,0,4202,11,9340,4423,5,"East TN",2455501,107.472975983313,0.092609251455897,142.903627406383,15.5976316034895,9.2609251455897
2021-04-24,282063,260,230600,188,51463,72,254919,209,1744305,2995,1999224,3204,0,4202,19,9359,4430,7,"East TN",2455501,109.835019411517,0.0908717667989599,130.482536964962,10.5884705402278,9.08717667989599
2021-04-25,282262,199,230748,148,51514,51,255078,159,1745954,1649,2001032,1808,4,4206,17,9376,4435,5,"East TN",2455501,109.020521677654,0.0897164426440803,73.6305951412767,8.10425245194362,8.97164426440803
2021-04-26,282651,389,230995,247,51656,142,255329,251,1747926,1972,2003255,2223,6,4212,16,9392,4443,8,"East TN",2455501,111.504739765938,0.0892857142857143,90.531423118948,15.8419809236486,8.92857142857143
2021-04-27,283038,387,231197,202,51841,185,255548,219,1750289,2363,2005837,2582,3,4215,25,9417,4449,6,"East TN",2455501,112.889385913506,0.0871607279953032,105.151657441801,15.7605311502622,8.71607279953033
2021-04-28,283524,486,231541,344,51983,142,255929,381,1754416,4127,2010345,4508,6,4221,23,9440,4457,8,"East TN",2455501,111.78981397279,0.0876048462255359,183.587789212873,19.7922949328874,8.76048462255359
2021-04-29,283916,392,231820,279,52096,113,256233,304,1757347,2931,2013580,3235,1,4222,22,9462,4462,5,"East TN",2455501,101.649317186187,0.0869049314158242,131.74500845245,15.9641555837281,8.69049314158242
2021-04-30,284286,370,232048,228,52238,142,256472,239,1760611,3264,2017083,3503,0,4222,18,9480,4467,5,"East TN",2455501,101.119893659176,0.0836538005032521,142.659278086224,15.0682080764781,8.36538005032521
2021-05-01,284521,235,232230,182,52291,53,256660,188,1763101,2490,2019761,2678,-1,4221,15,9495,4468,1,"East TN",2455501,100.101771491846,0.0847738228563081,109.061246564347,9.57034837289824,8.47738228563081
2021-05-02,284696,175,232358,128,52338,47,256793,133,1764578,1477,2021371,1610,1,4222,11,9506,4472,4,"East TN",2455501,99.1243742112099,0.0843207630660308,65.5670675760262,7.1268551713072,8.43207630660308
2021-05-03,284909,213,232473,115,52436,98,256919,126,1766062,1484,2022981,1610,5,4227,17,9523,4476,4,"East TN",2455501,91.9567941532095,0.0806042786170536,65.5670675760262,8.67440086564819,8.06042786170536
2021-05-04,285228,319,232692,219,52536,100,257164,245,1768461,2399,2025625,2644,7,4234,12,9535,4484,8,"East TN",2455501,89.187501858073,0.0816656559531029,107.676600416778,12.9912388551257,8.16656559531029
2021-05-05,285692,464,232985,293,52707,171,257475,311,1772611,4150,2030086,4461,5,4239,22,9557,4489,5,"East TN",2455501,88.2915543508229,0.0783141684818398,181.673719538294,18.8963474256374,7.83141684818398
2021-05-06,285977,285,233181,196,52796,89,257706,231,1775049,2438,2032755,2669,4,4243,10,9567,4495,6,"East TN",2455501,83.9339914746522,0.0768187744458931,108.694722584108,11.6065927075574,7.68187744458931
2021-05-07,286342,365,233429,248,52913,117,257975,269,1778497,3448,2036472,3717,0,4243,15,9582,4500,5,"East TN",2455501,83.7303670411863,0.0775181804115736,151.374403838565,14.8645836430122,7.75181804115736
2021-05-08,286513,171,233532,103,52981,68,258089,114,1780391,1894,2038480,2008,0,4243,7,9589,4507,7,"East TN",2455501,81.1239742928225,0.0763395480527806,81.7755724799135,6.96395562453446,7.63395480527806
2021-05-09,286659,146,233647,115,53012,31,258221,132,1782102,1711,2040323,1843,3,4246,11,9600,4512,5,"East TN",2455501,79.9429525787202,0.0753482482059941,75.0559661755381,5.94583345720486,7.53482482059941
2021-05-10,286894,235,233783,136,53111,99,258366,145,1783618,1516,2041984,1661,7,4253,22,9622,4515,3,"East TN",2455501,80.8389000859702,0.0761458717044677,67.6440367973786,9.57034837289824,7.61458717044677
2021-05-11,287209,315,234011,228,53198,87,258610,244,1786295,2677,2044905,2921,1,4254,19,9641,4519,4,"East TN",2455501,80.6760005391975,0.075,118.95739403079,12.828339308353,7.5
2021-05-12,287513,304,234228,217,53285,87,258861,251,1790359,4064,2049220,4315,3,4257,16,9657,4521,2,"East TN",2455501,74.1600186682881,0.0724365004703669,175.727886081089,12.3803655547279,7.24365004703669
2021-05-13,287723,210,234365,137,53358,73,259006,145,1793092,2733,2052098,2878,1,4258,9,9666,4526,5,"East TN",2455501,71.1056521662993,0.0672077754226335,117.206223902984,8.55222620556864,6.72077754226335
2021-05-14,288024,301,234584,219,53440,82,259254,248,1795777,2685,2055031,2933,1,4259,21,9687,4531,5,"East TN",2455501,68.4992594179355,0.0689153510426208,119.446092671109,12.2581908946484,6.89153510426208
2021-05-15,288132,108,234665,81,53467,27,259356,102,1797765,1988,2057121,2090,0,4259,6,9693,4535,4,"East TN",2455501,65.9335915562649,0.0679684566278633,85.1150131887546,4.39828776286387,6.79684566278633
2021-05-16,288232,100,234739,74,53493,26,259441,85,1799214,1449,2058655,1534,3,4262,4,9697,4539,4,"East TN",2455501,64.0602467683784,0.0665502945668776,62.4719761873443,4.0724886693184,6.65502945668776
2021-05-17,288430,198,234842,103,53588,95,259551,110,1800781,1567,2060332,1677,6,4268,10,9707,4546,7,"East TN",2455501,62.5534259607306,0.0645846958796599,68.2956349844696,8.06352756525043,6.45846958796599
2021-05-18,288642,212,234976,134,53666,78,259696,145,1803018,2237,2062714,2382,8,4276,23,9730,4552,6,"East TN",2455501,58.3587626313327,0.0609804031669381,97.0066801031643,8.63367597895501,6.09804031669381
2021-05-19,288860,218,235141,165,53719,53,259863,167,1806287,3269,2066150,3436,1,4277,21,9751,4555,3,"East TN",2455501,54.8564223757188,0.0591848789131719,139.93071067778,8.87802529911411,5.91848789131719
2021-05-20,289036,176,235274,133,53762,43,260017,154,1820455,14168,2080472,14322,3,4280,7,9758,4560,5,"East TN",2455501,53.4717762281506,0.0356312116726581,583.261827219781,7.16758005800038,3.56312116726581
2021-05-21,289200,164,235382,108,53818,56,260137,120,1822733,2278,2082870,2398,0,4280,10,9768,4563,3,"East TN",2455501,47.8924667511844,0.0317180933223176,97.6582782902552,6.67888141768218,3.17180933223176
2021-05-22,289271,71,235430,48,53841,23,260199,62,1824319,1586,2084518,1648,0,4280,12,9780,4564,1,"East TN",2455501,46.3856459435366,0.030769792313027,67.1146132703672,2.89146695521606,3.0769792313027
2021-05-23,289345,74,235481,51,53864,23,260260,61,1825384,1065,2085644,1126,3,4283,5,9785,4566,2,"East TN",2455501,45.3267988895138,0.0303456963948275,45.8562224165252,3.01364161529562,3.03456963948275
2021-05-24,289505,160,235592,111,53913,49,260386,126,1827308,1924,2087694,2050,0,4283,7,9792,4570,4,"East TN",2455501,43.7792531951728,0.0305167750895402,83.4860177210272,6.51598187090944,3.05167750895402
2021-05-25,289649,144,235688,96,53961,48,260473,87,1829035,1727,2089508,1814,0,4283,9,9801,4576,6,"East TN",2455501,41.0099609000363,0.0289990296335,73.8749444614358,5.8643836838185,2.89990296335
2021-05-26,289835,186,235830,142,54005,44,260638,165,1831918,2883,2092556,3048,7,4290,14,9815,4581,5,"East TN",2455501,39.7067645258544,0.0293493902900856,124.129454640825,7.57482892493222,2.93493902900856
2021-05-27,289958,123,235905,75,54053,48,260776,138,1834890,2972,2095666,3110,4,4294,11,9826,4585,4,"East TN",2455501,37.5483455311156,0.0499539291825721,126.654397615802,5.00916106326163,4.99539291825721
2021-05-28,290075,117,235995,90,54080,27,260874,98,1837002,2112,2097876,2210,0,4294,9,9835,4588,3,"East TN",2455501,35.634275856536,0.0491136878581901,90.0019995919366,4.76481174310253,4.91136878581901
2021-05-29,290126,51,236027,32,54099,19,260911,37,1838078,1076,2098989,1113,0,4294,7,9842,4591,3,"East TN",2455501,34.8197781226723,0.0492018519798217,45.3267988895138,2.07696922135238,4.92018519798217
2021-05-30,290181,55,236067,40,54114,15,260957,46,1839165,1087,2100122,1133,0,4294,7,9849,4596,5,"East TN",2455501,34.0460052755018,0.0481420085647189,46.1412966233775,2.23986876812512,4.81420085647189
2021-05-31,290261,80,236133,66,54128,14,261028,71,1840592,1427,2101620,1498,6,4300,4,9853,4601,5,"East TN",2455501,30.7880143400471,0.046100818612667,61.0058802663896,3.25799093545472,4.6100818612667
2021-06-01,290392,131,236227,94,54165,37,261122,94,1841907,1315,2103029,1409,3,4303,11,9864,4604,3,"East TN",2455501,30.2585908130357,0.0479994083277864,57.3813653506963,5.3349601568071,4.79994083277864
2021-06-02,290511,119,236298,71,54213,48,261195,73,1843886,1979,2105081,2052,1,4304,9,9873,4608,4,"East TN",2455501,27.5300234045924,0.0444710578842315,83.5674674944136,4.8462615164889,4.44710578842315
2021-06-03,290598,87,236353,55,54245,32,261314,119,1847051,3165,2108365,3284,1,4305,7,9880,4613,5,"East TN",2455501,26.0639274836378,0.0423655405937475,133.740527900416,3.54306514230701,4.23655405937475
2021-06-04,290689,91,236412,59,54277,32,261392,78,1849203,2152,2110595,2230,0,4305,7,9887,4613,0,"East TN",2455501,25.005080429615,0.0407264722069345,90.8164973258003,3.70596468907974,4.07264722069345
2021-06-05,290730,41,236438,26,54292,15,261422,30,1850586,1383,2112008,1413,-1,4304,2,9889,4618,5,"East TN",2455501,24.5978315626831,0.0392503264459636,57.544264897469,1.66972035442054,3.92503264459636
2021-06-06,290756,26,236454,16,54302,10,261441,19,1851502,916,2112943,935,-1,4303,2,9891,4621,3,"East TN",2455501,23.4168098485808,0.0377505654785118,38.077769058127,1.05884705402278,3.77505654785118
2021-06-07,290829,73,236489,35,54340,38,261493,52,1852772,1270,2114265,1322,3,4306,10,9901,4623,2,"East TN",2455501,23.1317356417285,0.036773428232503,53.8383002083892,2.97291672860243,3.6773428232503
2021-06-08,290916,87,236556,67,54360,20,261563,70,1854250,1478,2115813,1548,3,4309,4,9905,4626,3,"East TN",2455501,21.3398406272284,0.0344962453066333,63.0421246010488,3.54306514230701,3.44962453066333
2021-06-09,290964,48,236594,38,54370,10,261617,54,1856979,2729,2118596,2783,0,4309,3,9908,4629,3,"East TN",2455501,18.4483736720124,0.0312245652978172,113.337359667131,1.95479456127283,3.12245652978172
2021-06-10,291039,75,236651,57,54388,18,261683,66,1858764,1785,2120447,1851,4,4313,4,9912,4632,3,"East TN",2455501,17.9596750316941,0.0305413011090879,75.3817652690836,3.0543665019888,3.05413011090879
2021-06-11,291109,70,236697,46,54412,24,261738,55,1860249,1485,2121987,1540,2,4315,4,9916,4633,1,"East TN",2455501,17.1044524111373,0.030372191011236,62.7163255075034,2.85074206852288,3.0372191011236
2021-06-12,291138,29,236719,22,54419,7,261769,31,1861442,1193,2123211,1224,3,4318,1,9917,4636,3,"East TN",2455501,16.6157537708191,0.030973846291172,49.8472613124572,1.18102171410234,3.0973846291172
2021-06-13,291157,19,236733,14,54424,5,261790,21,1862285,843,2124075,864,1,4319,1,9918,4637,1,"East TN",2455501,16.3306795639668,0.0313510600071865,35.186302102911,0.773772847170496,3.13510600071865
2021-06-14,291210,53,236766,33,54444,20,261831,41,1863537,1252,2125368,1293,3,4322,3,9921,4639,2,"East TN",2455501,15.5161818301031,0.0304422228226605,52.6572784942869,2.15841899473875,3.04422228226605
2021-06-15,291298,88,236835,69,54463,19,261919,88,1865419,1882,2127338,1970,0,4322,4,9925,4643,4,"East TN",2455501,15.5569067167963,0.0308893709327549,80.2280267855725,3.58379002900019,3.08893709327549
2021-06-16,291366,68,236876,41,54490,27,261957,38,1867324,1905,2129281,1943,2,4324,8,9933,4646,3,"East TN",2455501,16.37140445066,0.0318203088441741,79.1284548448565,2.76929229513651,3.18203088441741
2021-06-17,291417,51,236914,38,54503,13,262003,46,1869675,2351,2131678,2397,1,4325,1,9934,4650,4,"East TN",2455501,15.3940071700236,0.0284925652212626,97.617553403562,2.07696922135238,2.84925652212626
2021-06-18,291479,62,236965,51,54514,11,262058,55,1871403,1728,2133461,1783,2,4327,4,9938,4652,2,"East TN",2455501,15.0682080764781,0.0278891406658532,72.6124729739471,2.52494297497741,2.78891406658532
2021-06-19,291507,28,236982,17,54525,11,262076,18,1872553,1150,2134629,1168,0,4327,5,9943,4654,2,"East TN",2455501,15.0274831897849,0.0268873708180067,47.5666676576389,1.14029682740915,2.68873708180067
2021-06-20,291532,25,237003,21,54529,4,262093,17,1873307,754,2135400,771,3,4330,2,9945,4657,3,"East TN",2455501,15.271832509944,0.0267549668874172,31.3988876404449,1.0181221673296,2.67549668874172
2021-06-21,291599,67,237043,40,54556,27,262145,52,1874578,1271,2136723,1323,6,4336,2,9947,4659,2,"East TN",2455501,15.8419809236486,0.0276530162923822,53.8790250950824,2.72856740844333,2.76530162923822
2021-06-22,291692,93,237089,46,54603,47,262196,51,1876005,1427,2138201,1478,5,4341,7,9954,4663,4,"East TN",2455501,16.0456053571145,0.0254994016385897,60.1913825325259,3.78741446246611,2.54994016385897
2021-06-23,291761,69,237137,48,54624,21,262251,55,1877794,1789,2140045,1844,2,4343,5,9959,4667,4,"East TN",2455501,16.0863302438077,0.0273132664437012,75.0966910622313,2.8100171818297,2.73132664437012
2021-06-24,291844,83,237189,52,54655,31,262313,62,1879637,1843,2141950,1905,3,4346,6,9965,4668,1,"East TN",2455501,17.3895266179896,0.0301791277258567,77.5809091505155,3.38016559553427,3.01791277258567
2021-06-25,291923,79,237245,56,54678,23,262382,69,1881441,1804,2143823,1873,0,4346,3,9968,4670,2,"East TN",2455501,18.0818496917737,0.0312680949623625,76.2777127763336,3.21726604876154,3.12680949623625
2021-06-26,291958,35,237263,18,54695,17,262403,21,1882625,1184,2145028,1205,0,4346,2,9970,4672,2,"East TN",2455501,18.366923898626,0.031445331281854,49.0734884652867,1.42537103426144,3.1445331281854
2021-06-27,291987,29,237283,20,54704,9,262427,24,1883339,714,2145766,738,2,4348,3,9973,4674,2,"East TN",2455501,18.5298234453987,0.0322207215898129,30.0549663795698,1.18102171410234,3.22207215898129
2021-06-28,292031,44,237307,24,54724,20,262452,25,1883891,552,2146343,577,4,4352,3,9976,4674,0,"East TN",2455501,17.5931510514555,0.0319126819126819,23.4982596219672,1.7918950145001,3.19126819126819
2021-06-29,292161,130,237392,85,54769,45,262547,95,1885903,2012,2148450,2107,0,4352,7,9983,4677,3,"East TN",2455501,19.0999718591033,0.0342472436335252,85.8073362625387,5.29423527011392,3.42472436335252
2021-06-30,292246,85,237455,63,54791,22,262622,75,1887547,1644,2150169,1719,3,4355,4,9987,4677,0,"East TN",2455501,19.7515700461942,0.0366455946266298,70.0060802255833,3.46161536892064,3.66455946266298
2021-07-01,292352,106,237508,53,54844,53,262687,65,1890099,2552,2152786,2617,1,4356,2,9989,4680,3,"East TN",2455501,20.6882424401375,0.0345145810262089,106.577028476063,4.3168379894775,3.45145810262089
2021-07-02,292434,82,237571,63,54863,19,262761,74,1891781,1682,2154542,1756,0,4356,3,9992,4682,2,"East TN",2455501,20.810417100217,0.0353577759119321,71.5129010332311,3.33944070884109,3.53577759119321
2021-07-03,292482,48,237607,36,54875,12,262801,40,1892868,1087,2155669,1127,1,4357,3,9995,4685,3,"East TN",2455501,21.3398406272284,0.0374024997650597,45.8969473032184,1.95479456127283,3.74024997650597
2021-07-04,292509,27,237628,21,54881,6,262826,25,1893568,700,2156394,725,0,4357,1,9996,4686,1,"East TN",2455501,21.258390853842,0.0375423409860745,29.5255428525584,1.09957194071597,3.75423409860745
2021-07-05,292552,43,237652,24,54900,19,262851,25,1894050,482,2156901,507,0,4357,2,9998,4687,1,"East TN",2455501,21.2176659671489,0.0377912483424891,20.6475175534443,1.75117012780691,3.77912483424891
2021-07-06,292714,162,237756,104,54958,58,262962,111,1895375,1325,2158337,1436,5,4362,6,10004,4687,0,"East TN",2455501,22.5208623413308,0.0419743096996055,58.4809372914122,6.59743164429581,4.19743096996055
2021-07-07,292857,143,237838,82,55019,61,263050,88,1896832,1457,2159882,1545,4,4366,6,10010,4689,2,"East TN",2455501,24.8829057695354,0.0440646556161845,62.9199499409693,5.82365879712531,4.40646556161845
2021-07-08,292997,140,237940,102,55057,38,263167,117,1898686,1854,2161853,1971,2,4368,3,10013,4691,2,"East TN",2455501,26.2675519171037,0.0529392301753612,80.2687516722657,5.70148413704576,5.29392301753612
2021-07-09,293161,164,238062,122,55099,42,263298,131,1900430,1744,2163728,1875,0,4368,4,10017,4693,2,"East TN",2455501,29.6069926259448,0.058458523840627,76.35916254972,6.67888141768218,5.8458523840627
2021-07-10,293264,103,238134,72,55130,31,263371,73,1901487,1057,2164858,1130,0,4368,12,10029,4694,1,"East TN",2455501,31.8468613940699,0.0620306888671237,46.0191219632979,4.19466332939795,6.20306888671237
2021-07-11,293312,48,238169,35,55143,13,263414,43,1902243,756,2165657,799,2,4370,7,10036,4694,0,"East TN",2455501,32.7020840146267,0.0634783547446831,32.539184467854,1.95479456127283,6.34783547446832
2021-07-12,293484,172,238285,116,55199,56,263538,124,1903609,1366,2167147,1490,1,4371,14,10050,4695,1,"East TN",2455501,37.9555943980475,0.0670505563146594,60.6800811728442,7.00468051122765,6.70505563146594
2021-07-13,293698,214,238422,137,55276,77,263683,145,1905230,1621,2168913,1766,4,4375,17,10067,4699,4,"East TN",2455501,40.0732885060931,0.0681732223903177,71.9201499001629,8.71512575234138,6.81732223903177
2021-07-14,293871,173,238558,136,55313,37,263825,142,1906791,1561,2170616,1703,0,4375,12,10079,4700,1,"East TN",2455501,41.2950351068886,0.0722004844419601,69.3544820384923,7.04540539792083,7.22004844419601
2021-07-15,294091,220,238708,150,55383,70,263992,167,1908592,1801,2172584,1968,0,4375,15,10094,4700,0,"East TN",2455501,44.5530260423433,0.0768800670953313,80.1465770121861,8.95947507250048,7.68800670953313
2021-07-16,294321,230,238850,142,55471,88,264146,154,1910121,1529,2174267,1683,0,4375,10,10104,4704,4,"East TN",2455501,47.2408685640934,0.0804630420343486,68.5399843046287,9.36672393943232,8.04630420343486
2021-07-17,294465,144,238950,100,55515,44,264256,110,1911339,1218,2175595,1328,0,4375,5,10109,4706,2,"East TN",2455501,48.910588918514,0.0824252584520816,54.0826495285484,5.8643836838185,8.24252584520816
2021-07-18,294609,144,239071,121,55538,23,264388,132,1912463,1124,2176851,1256,0,4375,6,10115,4708,2,"East TN",2455501,52.8201780410596,0.0870108986957299,51.1504576866391,5.8643836838185,8.70108986957299
2021-07-19,294912,303,239282,211,55630,92,264604,216,1914153,1690,2178757,1906,2,4377,14,10129,4709,1,"East TN",2455501,58.1551381978667,0.091817398794143,77.6216340372087,12.3396406680348,9.1817398794143
2021-07-20,295269,357,239520,238,55749,119,264858,254,1915813,1660,2180671,1914,2,4379,22,10151,4711,2,"East TN",2455501,63.9787969949921,0.0999319612178942,77.9474331307542,14.5387845494667,9.99319612178942
2021-07-21,295671,402,239814,294,55857,108,265167,309,1917929,2116,2183096,2425,3,4382,28,10179,4715,4,"East TN",2455501,73.3047960477312,0.107532051282051,98.7578502309712,16.37140445066,10.7532051282051
2021-07-22,296145,474,240147,333,55998,141,265534,367,1920297,2368,2185831,2735,5,4387,21,10200,4718,3,"East TN",2455501,83.6489172677999,0.116403714048464,111.382565105858,19.3035962925692,11.6403714048464
2021-07-23,296606,461,240467,320,56139,141,265867,333,1922200,1903,2188067,2236,1,4388,28,10228,4724,6,"East TN",2455501,93.0563660939254,0.124710144927536,91.0608466459594,18.7741727655578,12.4710144927536
2021-07-24,296963,357,240716,249,56247,108,266132,265,1923951,1751,2190083,2016,0,4388,21,10249,4728,4,"East TN",2455501,101.730766959574,0.129486471562673,82.101371573459,14.5387845494667,12.9486471562673
2021-07-25,297191,228,240906,190,56285,38,266335,203,1925266,1315,2191601,1518,3,4391,17,10266,4733,5,"East TN",2455501,105.151657441801,0.132,61.8203780002533,9.28527416604595,13.2
2021-07-26,297858,667,241369,463,56489,204,266820,485,1926995,1729,2193815,2214,10,4401,36,10302,4737,4,"East TN",2455501,119.97551619812,0.147164298047549,90.1648991387094,27.1634994243537,14.7164298047549
2021-07-27,298585,727,241859,490,56726,237,267335,515,1929316,2321,2196651,2836,2,4403,28,10330,4743,6,"East TN",2455501,135.043724274598,0.155006257822278,115.49577866187,29.6069926259448,15.5006257822278
2021-07-28,299402,817,242407,548,56995,269,267949,614,1932182,2866,2200131,3480,2,4405,37,10367,4746,3,"East TN",2455501,151.94455225227,0.163310830642794,141.72260569228,33.2722324283313,16.3310830642794
2021-07-29,300090,688,242863,456,57227,232,268445,496,1934610,2428,2203055,2924,3,4408,23,10390,4750,4,"East TN",2455501,160.659678004611,0.169008360427311,119.07956869087,28.0187220449106,16.9008360427311
2021-07-30,301088,998,243612,749,57476,249,269248,803,1936413,1803,2205661,2606,4,4412,41,10431,4755,5,"East TN",2455501,182.528942158851,0.192167784471979,106.129054722438,40.6434369197976,19.2167784471979
2021-07-31,301623,535,243977,365,57646,170,269644,396,1938382,1969,2208026,2365,2,4414,32,10463,4765,10,"East TN",2455501,189.777971990237,0.19573092570919,96.3143570293801,21.7878143808534,19.573092570919
2021-08-01,302153,530,244397,420,57756,110,270105,461,1940520,2138,2210625,2599,3,4417,28,10491,4769,4,"East TN",2455501,202.076887771579,0.198170731707317,105.843980515585,21.5841899473875,19.8170731707317
2021-08-02,303003,850,244935,538,58068,312,270641,536,1942855,2335,2213496,2871,9,4426,33,10524,4778,9,"East TN",2455501,209.529542036432,0.1941466388903,116.921149696131,34.6161536892064,19.41466388903
2021-08-03,304341,1338,245904,969,58437,369,271657,1016,1946629,3774,2218286,4790,4,4430,40,10564,4788,10,"East TN",2455501,234.412447805967,0.199768892997458,195.072207260351,54.4898983954802,19.9768892997458
2021-08-04,305428,1087,246739,835,58689,252,272543,886,1950248,3619,2222791,4505,8,4438,40,10604,4794,6,"East TN",2455501,245.408167213127,0.202736098852604,183.465614552794,44.267951835491,20.2736098852604
2021-08-05,306608,1180,247632,893,58976,287,273496,953,1954212,3964,2227708,4917,10,4448,43,10647,4801,7,"East TN",2455501,265.444811466173,0.204883786963047,200.244267870386,48.0553662979571,20.4883786963047
2021-08-06,307946,1338,248619,987,59327,351,274579,1083,1958840,4628,2233419,5711,3,4451,52,10699,4814,13,"East TN",2455501,279.291272941856,0.192052741551985,232.579827904774,54.4898983954802,19.2052741551985
2021-08-07,308670,724,249144,525,59526,199,275162,583,1961842,3002,2237004,3585,0,4451,28,10727,4823,9,"East TN",2455501,286.988276526868,0.190420318862585,145.998718795065,29.4848179658652,19.0420318862585
2021-08-08,309307,637,249596,452,59711,185,275687,525,1963958,2116,2239645,2641,5,4456,30,10757,4833,10,"East TN",2455501,291.345839403038,0.192350103376981,107.554425756699,25.9417528235582,19.2350103376981
2021-08-09,310676,1369,250557,961,60119,408,276693,1006,1967495,3537,2244188,4543,13,4469,66,10823,4845,12,"East TN",2455501,312.482055596801,0.197184934184804,185.013160247135,55.7523698829689,19.7184934184804
2021-08-10,312002,1326,251408,851,60594,475,277610,917,1970746,3251,2248356,4168,6,4475,49,10872,4859,14,"East TN",2455501,311.993356956483,0.197971400066511,169.741327737191,54.001199755162,19.7971400066511
2021-08-11,313889,1887,252720,1312,61169,575,278994,1384,1976101,5355,2255095,6739,8,4483,63,10935,4879,20,"East TN",2455501,344.57326631103,0.199696631996038,274.445011425367,76.8478611900382,19.9696631996038
2021-08-12,315351,1462,253788,1068,61563,394,280155,1161,1980581,4480,2260736,5641,10,4493,45,10980,4893,14,"East TN",2455501,356.057684358508,0.201616809979411,229.729085836251,59.539784345435,20.1616809979411
2021-08-13,316997,1646,254910,1122,62087,524,281327,1172,1986000,5419,2267327,6591,11,4504,30,11010,4917,24,"East TN",2455501,368.600949460008,0.199009083402147,268.417728194776,67.0331634969809,19.9009083402147
2021-08-14,318527,1530,255999,1089,62528,441,282527,1200,1991471,5471,2273998,6671,1,4505,27,11037,4931,14,"East TN",2455501,401.425208134715,0.199086338325134,271.67571913023,62.3090766405715,19.9086338325134
2021-08-15,319671,1144,256966,967,62705,177,283586,1059,1995278,3807,2278864,4866,11,4516,21,11058,4944,13,"East TN",2455501,422.072725688159,0.20140748106785,198.167298649033,46.5892703770025,20.140748106785
2021-08-16,321110,1439,257885,919,63225,520,284549,963,1998337,3059,2282886,4022,17,4533,27,11085,4962,18,"East TN",2455501,424.923467756682,0.203007907385395,163.795494279986,58.6031119514918,20.3007907385395
2021-08-17,322847,1737,259101,1216,63746,521,285869,1320,2003196,4859,2289065,6179,10,4543,25,11110,4979,17,"East TN",2455501,441.66139618758,0.202878970252278,251.639074877184,70.7391281860606,20.2878970252278
2021-08-18,324938,2091,260494,1393,64444,698,287346,1477,2008616,5420,2295962,6897,13,4556,32,11142,4994,15,"East TN",2455501,449.96927307299,0.204370274304451,280.87954352289,85.1557380754477,20.4370274304451
2021-08-19,327329,2391,261996,1502,65333,889,288921,1575,2018568,9952,2307489,11527,23,4579,43,11185,5016,22,"East TN",2455501,487.802692810958,0.187495989562167,469.435768912332,97.3732040834029,18.7495989562167
2021-08-20,329784,2455,263976,1980,65808,475,291033,2112,2025459,6891,2316492,9003,4,4583,37,11222,5049,33,"East TN",2455501,520.749126145744,0.197416861588528,366.646154898736,99.9795968317667,19.7416861588528
2021-08-21,332712,2928,265954,1978,66758,950,293152,2119,2034384,8925,2327536,11044,0,4583,57,11279,5073,24,"East TN",2455501,577.682517742815,0.198457170607793,449.765648639524,119.242468237643,19.8457170607793
2021-08-22,334194,1482,267292,1338,66902,144,294668,1516,2039895,5511,2334563,7027,7,4590,17,11296,5092,19,"East TN",2455501,591.447529445111,0.198962279394603,286.173778793004,60.3542820792987,19.8962279394603
2021-08-23,336142,1948,268421,1129,67721,819,295854,1186,2043861,3966,2339715,5152,17,4607,37,11333,5113,21,"East TN",2455501,612.176496771942,0.198930123704447,209.814616243284,79.3320792783224,19.8930123704447
2021-08-24,338125,1983,269812,1391,68313,592,297287,1433,2047640,3779,2344927,5212,15,4622,25,11358,5151,38,"East TN",2455501,622.194818898465,0.204396548637714,212.258109444875,80.7574503125839,20.4396548637714
2021-08-25,340351,2226,271025,1213,69326,1013,298531,1244,2051675,4035,2350206,5279,17,4639,39,11397,5189,38,"East TN",2455501,627.692678602045,0.206197920507337,214.986676853318,90.6535977790276,20.6197920507337
2021-08-26,343006,2655,272861,1836,70145,819,300486,1955,2058520,6845,2359006,8800,24,4663,40,11437,5219,30,"East TN",2455501,638.444048689046,0.22448900362987,358.379002900019,108.124574170404,22.448900362987
2021-08-27,346016,3010,275141,2280,70875,730,302859,2373,2065592,7072,2368451,9445,19,4682,44,11481,5240,21,"East TN",2455501,661.046360803763,0.22760253276622,384.646554817123,122.581908946484,22.760253276622
2021-08-28,348160,2144,276682,1541,71478,603,304532,1673,2071458,5866,2375990,7539,1,4683,33,11514,5275,35,"East TN",2455501,629.118049636306,0.234861930903537,307.024920779914,87.3141570701865,23.4861930903537
2021-08-29,350493,2333,278509,1827,71984,506,306552,2020,2078451,6993,2385003,9013,9,4692,45,11559,5306,31,"East TN",2455501,663.774928212206,0.235606661379857,367.053403765667,95.0111606551983,23.5606661379857
2021-08-30,353735,3242,280923,2414,72812,828,309158,2606,2087490,9039,2396648,11645,21,4713,71,11630,5346,40,"East TN",2455501,716.472931593186,0.233678183127536,474.241305542128,132.030082659303,23.3678183127536
2021-08-31,357323,3588,283335,2412,73988,1176,311766,2608,2096076,8586,2407842,11194,7,4720,80,11710,5381,35,"East TN",2455501,781.836374735746,0.230135897639673,455.874381643502,146.120893455144,23.0135897639673
2021-09-01,358758,1435,284290,955,74468,480,312756,990,2098358,2282,2411114,3272,14,4734,32,11742,5423,42,"East TN",2455501,749.622989361438,0.233548959085834,133.251829260098,58.440212404719,23.3548959085834
2021-09-02,361074,2316,285785,1495,75289,821,314272,1516,2102615,4257,2416887,5773,19,4753,44,11786,5453,30,"East TN",2455501,735.817252772448,0.238178331404088,235.104770879751,94.3188375814141,23.8178331404088
2021-09-03,362829,1755,287012,1227,75817,528,315566,1294,2106720,4105,2422286,5399,17,4770,32,11818,5482,29,"East TN",2455501,684.707519972503,0.236036036036036,219.8736632565,71.4721761465379,23.6036036036036
2021-09-04,366088,3259,289355,2343,76733,916,318139,2573,2114765,8045,2432904,10618,3,4773,56,11874,5513,31,"East TN",2455501,730.115768635403,0.239080015461925,432.416846908228,132.722405733087,23.9080015461925
2021-09-05,370541,4453,292609,3254,77932,1199,321625,3486,2127274,12509,2448899,15995,8,4781,58,11932,5568,55,"East TN",2455501,816.452528424953,0.235898960811318,651.394562657478,181.347920444748,23.5898960811318
2021-09-06,375447,4906,296543,3934,78904,972,325913,4288,2142907,15633,2468820,19921,11,4792,102,12034,5605,37,"East TN",2455501,884.218739882411,0.232153743834174,811.280467814918,199.796294116761,23.2153743834174
2021-09-07,377526,2079,298000,1457,79526,622,327431,1518,2147332,4425,2474763,5943,34,4826,64,12098,5637,32,"East TN",2455501,822.764885862396,0.234081977256765,242.028001617593,84.6670394351295,23.4081977256765
2021-09-08,379201,1675,299176,1176,80025,499,328692,1261,2151709,4377,2480401,5638,19,4845,60,12158,5678,41,"East TN",2455501,832.53885866876,0.229999855672781,229.606911176171,68.2141852110832,22.9999855672781
2021-09-09,381110,1909,300181,1005,80929,904,329769,1077,2155374,3665,2485143,4742,8,4853,55,12213,5718,40,"East TN",2455501,815.963829784635,0.22704231129864,193.117412699079,77.7438086972883,22.704231129864
2021-09-10,386600,5490,304021,3840,82579,1650,333905,4136,2167476,12102,2501381,16238,23,4876,144,12357,5754,36,"East TN",2455501,968.071281583677,0.231860421012706,661.290710123922,223.57962794558,23.1860421012706
2021-09-11,390879,4279,307125,3104,83754,1175,337219,3314,2179295,11819,2516514,15133,8,4884,119,12476,5798,44,"East TN",2455501,1009.61066601072,0.228202368137783,616.289710327953,174.261790160134,22.8202368137783
2021-09-12,392458,1579,308548,1423,83910,156,338773,1554,2184535,5240,2523308,6794,23,4907,50,12526,5842,44,"East TN",2455501,892.567341654514,0.230455993226626,276.684880193492,64.3045960885375,23.0455993226626
2021-09-13,394810,2352,310002,1454,84808,898,340277,1504,2189658,5123,2529935,6627,63,4970,84,12610,5892,50,"East TN",2455501,788.555981040122,0.235032316125337,269.88382411573,95.7849335023688,23.5032316125337
2021-09-14,397621,2811,311957,1955,85664,856,342352,2075,2195878,6220,2538230,8295,43,5013,63,12673,5936,44,"East TN",2455501,818.366598099532,0.235098555154647,337.812935119961,114.47765649454,23.5098555154647
2021-09-15,399413,1792,313154,1197,86259,595,343568,1216,2199653,3775,2543221,4991,23,5036,36,12709,5975,39,"East TN",2455501,823.131409842635,0.236803565743394,203.257909485681,72.9789969541857,23.6803565743394
2021-09-16,402057,2644,315008,1854,87049,790,345525,1957,2206310,6657,2551835,8614,23,5059,65,12774,6012,37,"East TN",2455501,853.064201562125,0.236250224914532,350.804173975087,107.676600416778,23.6250224914532
2021-09-17,404736,2679,316884,1876,87852,803,347529,2004,2213512,7202,2561041,9206,23,5082,82,12856,6067,55,"East TN",2455501,738.586545067585,0.228360710693932,374.913306897452,109.10197145104,22.8360710693932
2021-09-18,406185,1449,318060,1176,88125,273,348865,1336,2218984,5472,2567849,6808,3,5085,39,12895,6125,58,"East TN",2455501,623.335115725874,0.226862764195968,277.255028607197,59.0103608184236,22.6862764195968
2021-09-19,406828,643,318506,446,88322,197,349378,513,2221061,2077,2570439,2590,17,5102,24,12919,6168,43,"East TN",2455501,585.216621781054,0.225011139165305,105.477456535347,26.1861021437173,22.5011139165305
2021-09-20,408808,1980,319762,1256,89046,724,350748,1370,2226697,5636,2577445,7006,48,5150,70,12989,6212,44,"East TN",2455501,570.06696393119,0.220395706167123,285.318556172447,80.6352756525043,22.0395706167123
2021-09-21,410680,1872,320865,1103,89815,769,351886,1138,2231001,4304,2582887,5442,31,5181,61,13050,6259,47,"East TN",2455501,531.82629532629,0.213493965111853,221.624833384307,76.2369878896404,21.3493965111853
2021-09-22,412272,1592,321982,1117,90290,475,353107,1221,2236357,5356,2589464,6577,14,5195,45,13095,6299,40,"East TN",2455501,523.681317987653,0.206279869385637,267.847579781071,64.8340196155489,20.6279869385637
2021-09-23,414619,2347,323489,1507,91130,840,354769,1662,2242713,6356,2597482,8018,32,5227,59,13154,6337,38,"East TN",2455501,511.586026639777,0.20251057024558,326.532141505949,95.5813090689028,20.251057024558
2021-09-24,416156,1537,324470,981,91686,556,355867,1098,2247592,4879,2603459,5977,37,5264,40,13194,6386,49,"East TN",2455501,465.078206036161,0.196567494931397,243.412647765161,62.5941508474238,19.6567494931397
2021-09-25,416853,697,324959,489,91894,208,356429,562,2250613,3021,2607042,3583,2,5266,21,13215,6428,42,"East TN",2455501,434.453091242887,0.192993646824688,145.917269021678,28.3852460251492,19.2993646824688
2021-09-26,417714,861,325587,628,92127,233,357152,723,2254588,3975,2611740,4698,6,5272,26,13241,6464,36,"East TN",2455501,443.331116542001,0.188227887944602,191.325517684578,35.0641274428314,18.8227887944602
2021-09-27,419172,1458,326418,831,92754,627,358074,922,2258179,3591,2616253,4513,46,5318,45,13286,6497,33,"East TN",2455501,422.072725688159,0.188775510204082,183.791413646339,59.3768847986623,18.8775510204082
2021-09-28,420465,1293,327207,789,93258,504,358933,859,2261839,3660,2620772,4519,14,5332,34,13320,6533,36,"East TN",2455501,398.493016292805,0.186010294311733,184.035762966498,52.6572784942869,18.6010294311733
2021-09-29,422141,1676,328216,1009,93925,667,360071,1138,2267336,5497,2627407,6635,30,5362,50,13370,6578,45,"East TN",2455501,401.913906775033,0.183538465593127,270.209623209276,68.2549100977764,18.3538465593127
2021-09-30,423350,1209,328977,761,94373,448,360891,820,2272007,4671,2632898,5491,11,5373,40,13410,6613,35,"East TN",2455501,355.56898571819,0.172859724418342,223.620352832273,49.2363880120595,17.2859724418342
2021-10-01,424722,1372,329951,974,94771,398,361965,1074,2276980,4973,2638945,6047,14,5387,48,13458,6642,29,"East TN",2455501,348.849379413814,0.171842416727724,246.263389833684,55.8745445430484,17.1842416727724
2021-10-02,425275,553,330302,351,94973,202,362360,395,2279649,2669,2642009,3064,11,5398,19,13477,6680,38,"East TN",2455501,342.984995729996,0.169617067520805,124.781052827916,22.5208623413308,16.9617067520805
2021-10-03,425814,539,330768,466,95046,73,362884,524,2282740,3091,2645624,3615,13,5411,15,13492,6713,33,"East TN",2455501,329.87158221479,0.169165387793649,147.22046539586,21.9507139276262,16.9165387793649
2021-10-04,427161,1347,331625,857,95536,490,363824,940,2286877,4137,2650701,5077,22,5433,29,13521,6736,23,"East TN",2455501,325.351119791847,0.166918253599628,206.760249741295,54.8564223757188,16.6918253599628
2021-10-05,428425,1264,332381,756,96044,508,364639,815,2291339,4462,2655978,5277,17,5450,41,13562,6776,40,"East TN",2455501,324.170098077745,0.162074646367097,214.905227079932,51.4762567801846,16.2074646367097
2021-10-06,429362,937,333089,708,96273,229,365419,780,2295760,4421,2661179,5201,18,5468,26,13588,6811,35,"East TN",2455501,294.074406811482,0.158356034584863,211.81013569125,38.1592188315134,15.8356034584863
2021-10-07,430478,1116,333882,793,96596,323,366277,858,2300541,4781,2666818,5639,24,5492,26,13614,6841,30,"East TN",2455501,290.286992349016,0.158785377358491,229.647636062865,45.4489735495933,15.8785377358491
2021-10-08,431529,1051,334469,587,97060,464,366919,642,2304786,4245,2671705,4887,9,5501,31,13645,6862,21,"East TN",2455501,277.214303720503,0.151221001221001,199.02252126959,42.8018559145364,15.1221001221001
2021-10-09,432070,541,334824,355,97246,186,367336,417,2307595,2809,2674931,3226,4,5505,32,13677,6892,30,"East TN",2455501,276.725605080185,0.151145130915497,131.378484472212,22.0321637010125,15.1145130915497
2021-10-10,432387,317,335089,265,97298,52,367645,309,2309827,2232,2677472,2541,6,5511,16,13693,6916,24,"East TN",2455501,267.684680234298,0.14949133383572,103.481937087381,12.9097890817393,14.949133383572
2021-10-11,433604,1217,335627,538,97977,679,368193,548,2313273,3446,2681466,3994,52,5563,33,13726,6930,14,"East TN",2455501,262.390444964184,0.142012026653665,162.655197452577,49.5621871056049,14.2012026653665
2021-10-12,434538,934,336264,637,98274,297,369198,1005,2316917,3644,2686115,4649,29,5592,32,13758,6964,34,"East TN",2455501,248.951232355434,0.151275840329163,189.329998236612,38.0370441714339,15.1275840329163
2021-10-13,435384,846,336812,548,98572,298,369847,649,2320781,3864,2690628,4513,25,5617,37,13795,6987,23,"East TN",2455501,245.245267666354,0.150361642161024,183.791413646339,34.4532541424337,15.0361642161024
2021-10-14,436333,949,337465,653,98868,296,370568,721,2324784,4003,2695352,4724,31,5648,33,13828,7019,32,"East TN",2455501,238.444211588592,0.150382000420551,192.384364738601,38.6479174718316,15.0382000420551
2021-10-15,437136,803,337977,512,99159,291,371144,576,2328677,3893,2699821,4469,24,5672,30,13858,7044,25,"East TN",2455501,228.344439688683,0.150270308721013,181.999518631839,32.7020840146267,15.0270308721013
2021-10-16,437443,307,338216,239,99227,68,371415,271,2330907,2230,2702322,2501,7,5679,12,13870,7059,15,"East TN",2455501,218.814816202478,0.148917527655069,101.852941619653,12.5025402148075,14.8917527655069
2021-10-17,437695,252,338426,210,99269,42,371663,248,2332570,1663,2704233,1911,7,5686,14,13884,7075,16,"East TN",2455501,216.167698567421,0.150143866073764,77.8252584706746,10.2626714466824,15.0143866073764
2021-10-18,438481,786,338892,466,99589,320,372178,515,2335760,3190,2707938,3705,23,5709,37,13921,7096,21,"East TN",2455501,198.615272402658,0.1505364158356,150.885705198247,32.0097609408426,15.05364158356
2021-10-19,439312,831,339333,441,99979,390,372652,474,2339088,3328,2711740,3802,25,5734,23,13944,7112,16,"East TN",2455501,194.42060907326,0.134790243902439,154.836019207486,33.8423808420359,13.4790243902439
2021-10-20,440076,764,339823,490,100253,274,373193,541,2343109,4021,2716302,4562,15,5749,21,13965,7131,19,"East TN",2455501,191.081168364419,0.130326400249279,185.786933094305,31.1138134335926,13.0326400249279
2021-10-21,440705,629,340246,423,100459,206,373663,470,2346746,3637,2720409,4107,17,5766,21,13986,7149,18,"East TN",2455501,178.0492046226,0.123518378097937,167.257109648907,25.6159537300127,12.3518378097937
2021-10-22,441249,544,340587,341,100662,203,374049,386,2349850,3104,2723899,3490,6,5772,18,14004,7167,18,"East TN",2455501,167.501458969066,0.120649555610931,142.129854559212,22.1543383610921,12.0649555610931
2021-10-23,441606,357,340831,244,100775,113,374322,273,2352234,2384,2726556,2657,0,5772,15,14019,7187,20,"East TN",2455501,169.537703303725,0.119955434513493,108.20602394379,14.5387845494667,11.9955434513493
2021-10-24,441849,243,340993,162,100856,81,374518,196,2354131,1897,2728649,2093,7,5779,14,14033,7199,12,"East TN",2455501,169.171179323486,0.116931520314548,85.2371878488341,9.89614746644371,11.6931520314548
2021-10-25,442271,422,341241,248,101030,174,374789,271,2356562,2431,2731351,2702,28,5807,21,14054,7210,11,"East TN",2455501,154.347320567167,0.111519241447059,110.038643844983,17.1859021845236,11.1519241447059
2021-10-26,442797,526,341570,329,101227,197,375127,338,2359201,2639,2734328,2977,12,5819,28,14082,7221,11,"East TN",2455501,141.926230125746,0.109571453869311,121.237987685609,21.4212904006148,10.9571453869311
2021-10-27,443417,620,341964,394,101453,226,375551,424,2363399,4198,2738950,4622,10,5829,21,14103,7242,21,"East TN",2455501,136.061846441928,0.104115153655952,188.230426295896,25.2494297497741,10.4115153655952
2021-10-28,443832,415,342219,255,101613,160,375842,291,2366196,2797,2742038,3088,16,5845,15,14118,7257,15,"East TN",2455501,127.346720689586,0.100744370983402,125.758450108552,16.9008279776714,10.0744370983402
2021-10-29,444292,460,342524,305,101768,155,376175,333,2369713,3517,2745888,3850,4,5849,10,14128,7274,17,"East TN",2455501,123.925830207359,0.0966847059893583,156.790813768758,18.7334478788646,9.66847059893583
2021-10-30,444555,263,342726,202,101829,61,376404,229,2372287,2574,2748691,2803,0,5849,16,14144,7288,14,"East TN",2455501,120.0976908582,0.0940591822904902,114.151857400995,10.7106452003074,9.40591822904902
2021-10-31,444726,171,342853,127,101873,44,376550,146,2373911,1624,2750461,1770,0,5849,5,14149,7299,11,"East TN",2455501,117.16549901629,0.0931597285897671,72.0830494469357,6.96395562453446,9.31597285897671
2021-11-01,445322,596,343214,361,102108,235,376940,390,2377028,3117,2753968,3507,14,5863,23,14172,7308,9,"East TN",2455501,124.251629300904,0.0951054516514127,142.822177632996,24.2720324691377,9.51054516514126
2021-11-02,445735,413,343435,221,102300,192,377167,227,2379239,2211,2756406,2438,25,5888,16,14188,7331,23,"East TN",2455501,119.649717104575,0.0923996738835039,99.2872737579826,16.819378204285,9.23996738835039
2021-11-03,446307,572,343814,379,102493,193,377560,393,2383817,4578,2761377,4971,6,5894,14,14202,7342,11,"East TN",2455501,117.694922543302,0.0895795246800731,202.443411751818,23.2946351885012,8.95795246800731
2021-11-04,446724,417,344116,302,102608,115,377890,330,2387352,3535,2765242,3865,13,5907,9,14211,7353,11,"East TN",2455501,117.776372316688,0.0882606447164282,157.401687069156,16.9822777510577,8.82606447164282
2021-11-05,447159,435,344401,285,102758,150,378214,324,2390935,3583,2769149,3907,2,5909,13,14224,7359,6,"East TN",2455501,116.758250149359,0.0876574523881175,159.11213231027,17.715325711535,8.76574523881174
2021-11-06,447392,233,344572,171,102820,62,378402,188,2393175,2240,2771577,2428,0,5909,13,14237,7367,8,"East TN",2455501,115.536503548563,0.0873022808704011,98.8800248910507,9.48889859951187,8.73022808704011
2021-11-07,447591,199,344700,128,102891,71,378556,154,2395076,1901,2773632,2055,6,5915,8,14245,7379,12,"East TN",2455501,116.676800375972,0.086573734409391,83.6896421544931,8.10425245194362,8.6573734409391
2021-11-08,448132,541,345046,346,103086,195,378941,385,2398609,3533,2777550,3918,25,5940,25,14270,7391,12,"East TN",2455501,114.436931607847,0.084852853871597,159.560106063895,22.0321637010125,8.4852853871597
2021-11-09,448998,866,345662,616,103336,250,379739,798,2405877,7268,2785616,8066,10,5950,27,14297,7406,15,"East TN",2455501,132.885305279859,0.0880520369736392,328.486936067222,35.2677518762973,8.80520369736392
2021-11-10,449624,626,346100,438,103524,188,380241,502,2411128,5251,2791369,5753,7,5957,28,14325,7417,11,"East TN",2455501,135.084449161291,0.0893905041344358,234.290273145888,25.4937790699332,8.93905041344359
2021-11-11,450128,504,346482,382,103646,122,380646,405,2415416,4288,2796062,4693,5,5962,10,14335,7430,13,"East TN",2455501,138.627514303598,0.0894224529526282,191.121893251113,20.5253428933647,8.94224529526282
2021-11-12,450609,481,346804,322,103805,159,380978,332,2418866,3450,2799844,3782,2,5964,24,14359,7440,10,"East TN",2455501,140.500859091485,0.0900472389640006,154.021521473622,19.5886704994215,9.00472389640006
2021-11-13,450846,237,346946,142,103900,95,381127,149,2420864,1998,2801991,2147,4,5968,11,14370,7449,9,"East TN",2455501,140.663758638258,0.0895968961662392,87.436331730266,9.65179814628461,8.95968961662392
2021-11-14,451207,361,347262,316,103945,45,381472,345,2423842,2978,2805314,3323,1,5969,14,14384,7457,8,"East TN",2455501,147.261190282553,0.0920396439618711,135.32879848145,14.7016840962394,9.20396439618711
2021-11-15,451784,577,347552,290,104232,287,381773,301,2426609,2767,2808382,3068,26,5995,20,14404,7467,10,"East TN",2455501,148.727286203508,0.0918526206538661,124.943952374689,23.4982596219672,9.18526206538661
2021-11-16,452456,672,347985,433,104471,239,382233,460,2430216,3607,2812449,4067,24,6019,17,14421,7477,10,"East TN",2455501,140.82665818503,0.0929452539783103,165.628114181179,27.3671238578196,9.29452539783103
2021-11-17,453168,712,348450,465,104718,247,382741,508,2434861,4645,2817602,5153,5,6024,27,14448,7487,10,"East TN",2455501,144.328998440644,0.0952998132123661,209.855341129977,28.996119325547,9.52998132123661
2021-11-18,453792,624,348860,410,104932,214,383219,478,2439723,4862,2822942,5340,12,6036,19,14467,7496,9,"East TN",2455501,149.215984843826,0.0957217261904762,217.470894941603,25.4123292965468,9.57217261904762
2021-11-19,454405,613,349302,442,105103,171,383679,460,2444197,4474,2827876,4934,7,6043,13,14480,7504,8,"East TN",2455501,154.591669887326,0.0963541666666667,200.93659094417,24.9643555429218,9.63541666666667
2021-11-20,454727,322,349549,247,105178,75,383966,287,2446901,2704,2830867,2991,0,6043,14,14494,7512,8,"East TN",2455501,158.053285256247,0.0983169414046267,121.808136099313,13.1134135152052,9.83169414046267
2021-11-21,454991,264,349701,152,105290,112,384130,164,2448384,1483,2832514,1647,9,6052,10,14504,7523,11,"East TN",2455501,154.102971247008,0.0977205882352941,67.073888383674,10.7513700870006,9.77205882352941
2021-11-22,455743,752,350196,495,105547,257,384642,512,2452252,3868,2836894,4380,20,6072,38,14542,7529,6,"East TN",2455501,161.229826418315,0.100624298540965,178.375003716146,30.6251147932744,10.0624298540965
2021-11-23,456419,676,350665,469,105754,207,385131,489,2455553,3301,2840684,3790,21,6093,19,14561,7536,7,"East TN",2455501,161.392725965088,0.102638569151762,154.347320567167,27.5300234045924,10.2638569151762
2021-11-24,457155,736,351197,532,105958,204,385704,573,2459581,4028,2845285,4601,6,6099,21,14582,7546,10,"East TN",2455501,162.370123245725,0.107033197269082,187.37520367534,29.9735166061834,10.7033197269082
2021-11-25,457441,286,351355,158,106086,128,385877,173,2461217,1636,2847094,1809,1,6100,10,14592,7555,9,"East TN",2455501,148.605111543428,0.110052997681351,73.6713200279699,11.6473175942506,11.0052997681351
2021-11-26,457671,230,351557,202,106114,28,386121,244,2462894,1677,2849015,1921,1,6101,15,14607,7559,4,"East TN",2455501,133.007479939939,0.115521074790671,78.2325073376065,9.36672393943232,11.5521074790671
2021-11-27,457955,284,351785,228,106170,56,386375,254,2464488,1594,2850863,1848,0,6101,14,14621,7570,11,"East TN",2455501,131.459934245598,0.120474094818964,75.259590609004,11.5658678208643,12.0474094818964
2021-11-28,458270,315,351997,212,106273,103,386592,217,2465998,1510,2852590,1727,7,6108,20,14641,7580,10,"East TN",2455501,133.53690346695,0.122633990834828,70.3318793191288,12.828339308353,12.2633990834828
2021-11-29,459367,1097,352711,714,106656,383,387330,738,2470545,4547,2857875,5285,19,6127,35,14676,7588,8,"East TN",2455501,147.586989376099,0.128115914398742,215.231026173477,44.6752007024228,12.8115914398742
2021-11-30,460206,839,353221,510,106985,329,387836,506,2473912,3367,2861748,3873,64,6191,26,14702,7600,12,"East TN",2455501,154.225145907088,0.128418154196734,157.727486162702,34.1681799355814,12.8418154196734
2021-12-01,461289,1083,353992,771,107297,312,388644,808,2479082,5170,2867726,5978,48,6239,32,14734,7621,21,"East TN",2455501,168.356681589623,0.13101020453634,243.453372651854,44.1050522887183,13.101020453634
2021-12-02,462192,903,354616,624,107576,279,389310,666,2483743,4661,2873053,5327,39,6278,18,14752,7638,17,"East TN",2455501,193.483936679317,0.13224700489233,216.941471414591,36.7745726839452,13.224700489233
2021-12-03,463210,1018,355351,735,107859,283,390092,782,2488719,4976,2878811,5758,21,6299,25,14777,7650,12,"East TN",2455501,225.575147393546,0.133272922539938,234.493897579353,41.4579346536613,13.3272922539938
2021-12-04,463633,423,355685,334,107948,89,390473,381,2491471,2752,2881944,3133,3,6302,29,14806,7662,12,"East TN",2455501,231.235906643899,0.13184903960619,127.591070009745,17.2266270712168,13.184903960619
2021-12-05,464018,385,355901,216,108117,169,390704,231,2493402,1931,2884106,2162,12,6314,15,14821,7670,8,"East TN",2455501,234.086648712422,0.13047341033126,88.0472050306638,15.6790813768758,13.047341033126
2021-12-06,464969,951,356546,645,108423,306,391394,690,2497586,4184,2888980,4874,69,6383,32,14853,7684,14,"East TN",2455501,228.140815255217,0.130654235653432,198.493097742579,38.729367245218,13.0654235653432
2021-12-07,465811,842,357079,533,108732,309,391935,541,2501062,3476,2892997,4017,8,6391,27,14880,7689,5,"East TN",2455501,228.262989915296,0.13117219751032,163.59186984652,34.2903545956609,13.117219751032
2021-12-08,466857,1046,357716,637,109141,409,392592,657,2505675,4613,2898267,5270,4,6395,29,14909,7706,17,"East TN",2455501,226.756169107649,0.129268851707541,214.62015287308,42.5982314810705,12.9268851707541
2021-12-09,467776,919,358336,620,109440,299,393259,667,2510652,4977,2903911,5644,19,6414,30,14939,7720,14,"East TN",2455501,227.407767294739,0.127973297038045,229.85126049633,37.4261708710361,12.7973297038045
2021-12-10,468571,795,358884,548,109687,247,393860,601,2515161,4509,2909021,5110,5,6419,22,14961,7734,14,"East TN",2455501,218.326117562159,0.124726911618669,208.10417100217,32.3762849210813,12.4726911618669
2021-12-11,468967,396,359170,286,109797,110,394185,325,2518082,2921,2912267,3246,0,6419,19,14980,7743,9,"East TN",2455501,217.226545621443,0.122415328298651,132.192982206075,16.1270551305009,12.2415328298651
2021-12-12,469398,431,359433,263,109965,168,394479,294,2520600,2518,2915079,2812,9,6428,18,14998,7750,7,"East TN",2455501,219.09989040933,0.121880347399348,114.518381381233,17.5524261647623,12.1880347399348
2021-12-13,470279,881,360007,574,110272,307,395082,603,2525202,4602,2920284,5205,23,6451,24,15022,7759,9,"East TN",2455501,216.249148340807,0.117812420138002,211.973035238023,35.8786251766951,11.7812420138002
2021-12-14,471035,756,360463,456,110572,300,395565,483,2529224,4022,2924789,4505,36,6487,22,15044,7767,8,"East TN",2455501,212.746808085193,0.114179667840966,183.465614552794,30.7880143400471,11.4179667840966
2021-12-15,471905,870,361052,589,110853,281,396193,628,2534026,4802,2930219,5430,19,6506,22,15066,7782,15,"East TN",2455501,205.579228027193,0.112700300450676,221.136134743989,35.4306514230701,11.2700300450676
2021-12-16,472699,794,361562,510,111137,284,396738,545,2537846,3820,2934584,4365,19,6525,22,15088,7799,17,"East TN",2455501,200.488617190545,0.113422228018127,177.764130415748,32.3355600343881,11.3422228018127
2021-12-17,473509,810,362098,536,111411,274,397323,585,2542514,4668,2939837,5253,24,6549,33,15121,7813,14,"East TN",2455501,201.099490490943,0.112376687435099,213.927829799296,32.987158221479,11.2376687435099
2021-12-18,474079,570,362478,380,111601,190,397749,426,2545858,3344,2943607,3770,0,6549,28,15149,7826,13,"East TN",2455501,208.185620775557,0.113720485003191,153.532822833304,23.2131854151149,11.3720485003191
2021-12-19,474500,421,362759,281,111741,140,398059,310,2548519,2661,2946578,2971,6,6555,16,15165,7835,9,"East TN",2455501,207.778371908625,0.113654401727039,120.99363836545,17.1451772978305,11.3654401727039
2021-12-20,475434,934,363383,624,112051,310,398697,638,2552479,3960,2951176,4598,40,6595,31,15196,7847,12,"East TN",2455501,209.936790903364,0.117020587854461,187.25302901526,38.0370441714339,11.7020587854461
2021-12-21,476445,1011,364040,657,112405,354,399366,669,2556862,4383,2956228,5052,30,6625,28,15224,7857,10,"East TN",2455501,220.321637010125,0.120900792009924,205.742127573966,41.172860446809,12.0900792009924
2021-12-22,477931,1486,364771,731,113160,755,400113,747,2561199,4337,2961312,5084,853,7478,37,15261,7873,16,"East TN",2455501,245.408167213127,0.126073392725051,207.045323948147,60.5171816260714,12.6073392725051
2021-12-23,479096,1165,365576,805,113520,360,400977,864,2565684,4485,2966661,5349,28,7506,33,15294,7890,17,"East TN",2455501,260.517100176298,0.132150762228388,217.837418921841,47.4444929975594,13.2150762228388
2021-12-24,480034,938,366226,650,113808,288,401685,708,2569520,3836,2971205,4544,0,7506,17,15311,7912,22,"East TN",2455501,265.729885673026,0.139058913542464,185.053885133828,38.1999437182066,13.9058913542464
2021-12-25,480514,480,366509,283,114005,197,402018,333,2571639,2119,2973657,2452,8,7514,19,15330,7920,8,"East TN",2455501,262.064645870639,0.142063227953411,99.8574221716871,19.5479456127283,14.2063227953411
2021-12-26,480857,343,366786,277,114071,66,402337,319,2573514,1875,2975851,2194,62,7576,18,15348,7937,17,"East TN",2455501,258.888104708571,0.146141495576128,89.3504014048457,13.9686361357621,14.6141495576128
2021-12-27,482732,1875,368048,1262,114684,613,403647,1310,2578266,4752,2981913,6062,64,7640,35,15383,7956,19,"East TN",2455501,297.210223086857,0.161043693268699,246.874263134081,76.35916254972,16.1043693268699
2021-12-28,485158,2426,369492,1444,115666,982,405134,1487,2582643,4377,2987777,5864,18,7658,25,15408,7969,13,"East TN",2455501,354.835937757712,0.182826714000444,238.810735568831,98.7985751176644,18.2826714000444
2021-12-29,488044,2886,371420,1928,116624,958,407137,2003,2587932,5289,2995069,7292,37,7695,30,15438,7984,15,"East TN",2455501,411.85077912817,0.20807536214711,296.965873766698,117.532022996529,20.807536214711
2021-12-30,490869,2825,373206,1786,117663,1039,408960,1823,2592394,4462,3001354,6285,14,7709,33,15471,7999,15,"East TN",2455501,479.454091038855,0.23010405557317,255.955912866661,115.047804908245,23.010405557317
2021-12-31,493392,2523,375020,1814,118372,709,410907,1947,2597227,4833,3008134,6780,0,7709,24,15495,8018,19,"East TN",2455501,544.003036447552,0.249722440358526,276.114731779788,102.748889126903,24.9722440358526
2022-01-01,494851,1459,376250,1230,118601,229,412246,1339,2600876,3649,3013122,4988,0,7709,32,15527,8026,8,"East TN",2455501,583.872700520179,0.259166349930318,203.135734825602,59.4176096853555,25.9166349930318
2022-01-02,496315,1464,377214,964,119101,500,413469,1223,2603892,3016,3017361,4239,6,7715,26,15553,8046,20,"East TN",2455501,629.525298503238,0.268176343049867,172.632794692407,59.6212341188214,26.8176343049867
2022-01-03,499209,2894,379398,2184,119811,710,415695,2226,2608062,4170,3023757,6396,33,7748,36,15589,8060,14,"East TN",2455501,671.023958043593,0.287926584456553,260.476375289605,117.857822090074,28.7926584456553
2022-01-04,503380,4171,381855,2457,121525,1714,418086,2391,2613299,5237,3031385,7628,14,7762,42,15631,8078,18,"East TN",2455501,742.088885323199,0.297009722986608,310.649435695608,169.86350239727,29.7009722986608
2022-01-05,508316,4936,385268,3413,123048,1523,421587,3501,2618533,5234,3040120,8735,15,7777,44,15675,8103,25,"East TN",2455501,825.574903044226,0.320747597167654,355.731885264962,201.018040717556,32.0747597167654
2022-01-06,513475,5159,388737,3469,124738,1690,425235,3648,2624144,5611,3049379,9259,11,7788,42,15717,8123,20,"East TN",2455501,920.626788586117,0.338885996876627,377.071725892191,210.099690450136,33.8885996876627
2022-01-07,517846,4371,391964,3227,125882,1144,428512,3277,2628828,4684,3057340,7961,12,7800,37,15754,8145,22,"East TN",2455501,995.886379195121,0.357781571353087,324.210822964438,178.008479735907,35.7781571353087
2022-01-08,520991,3145,394389,2425,126602,720,431117,2605,2633590,4762,3064707,7367,1,7801,41,15795,8165,20,"East TN",2455501,1064.54853815983,0.365823398274692,300.020240268687,128.079768650064,36.5823398274692
2022-01-09,524494,3503,397073,2684,127421,819,434016,2899,2638591,5001,3072607,7900,15,7816,42,15837,8183,18,"East TN",2455501,1147.58658212723,0.371918328928791,321.726604876154,142.659278086224,37.1918328928791
2022-01-10,529132,4638,400145,3072,128987,1566,437256,3240,2643369,4778,3080625,8018,29,7845,60,15897,8216,33,"East TN",2455501,1218.61078452014,0.379141169023001,326.532141505949,188.882024482987,37.9141169023001
2022-01-11,534734,5602,404186,4041,130548,1561,441392,4136,2648558,5189,3089950,9325,30,7875,49,15946,8241,25,"East TN",2455501,1276.88809737809,0.397950994621361,379.759568413941,228.140815255217,39.7950994621361
2022-01-12,540422,5688,408169,3983,132253,1705,445559,4167,2653327,4769,3098886,8936,16,7891,31,15977,8263,22,"East TN",2455501,1307.51321217137,0.407922948643774,363.917587490292,231.643155510831,40.7922948643774
2022-01-13,547750,7328,413418,5249,134332,2079,451035,5476,2660253,6926,3111288,12402,65,7956,48,16025,8279,16,"East TN",2455501,1395.84549140888,0.416740700059765,505.070044768868,298.431969687652,41.6740700059765
2022-01-14,554247,6497,418195,4777,136052,1720,455966,4931,2666133,5880,3122099,10811,68,8024,38,16063,8312,33,"East TN",2455501,1482.42660051859,0.423941073827576,440.276750040012,264.589588845616,42.3941073827576
2022-01-15,558785,4538,421581,3386,137204,1152,459579,3613,2671220,5087,3130799,8700,9,8033,37,16100,8327,15,"East TN",2455501,1539.1563676822,0.430642135205471,354.306514230701,184.809535813669,43.0642135205471
2022-01-16,562639,3854,424898,3317,137741,537,463070,3491,2675867,4647,3138937,8138,7,8040,38,16138,8345,18,"East TN",2455501,1553.4508029115,0.43802201115634,331.419127909131,156.953713315531,43.802201115634
2022-01-17,567271,4632,428225,3327,139046,1305,466540,3470,2680602,4735,3147142,8205,15,8055,41,16179,8369,24,"East TN",2455501,1553.20645359134,0.440248357562728,334.147695317575,188.637675162828,44.0248357562728
2022-01-18,573227,5956,431902,3677,141325,2279,470278,3738,2684063,3461,3154341,7199,49,8104,46,16225,8401,32,"East TN",2455501,1567.62306348073,0.44860306564582,293.178459304232,242.557425144604,44.860306564582
2022-01-19,581535,8308,437909,6007,143626,2301,476455,6177,2689910,5847,3166365,12024,22,8126,50,16275,8433,32,"East TN",2455501,1674.32226661687,0.45786096415181,489.676037598844,338.342358646973,45.786096415181
2022-01-20,589826,8291,443975,6066,145851,2225,482732,6277,2695627,5717,3178359,11994,44,8170,40,16315,8467,34,"East TN",2455501,1713.54033250241,0.472588749235884,488.454290998049,337.650035573189,47.2588749235884
2022-01-21,597124,7298,449584,5609,147540,1689,488613,5881,2701349,5722,3189962,11603,53,8223,31,16346,8498,31,"East TN",2455501,1746.16096674365,0.481072160087235,472.530860301014,297.210223086857,48.1072160087235
2022-01-22,603123,5999,454448,4864,148675,1135,493776,5163,2707435,6086,3201211,11249,0,8223,54,16400,8525,27,"East TN",2455501,1805.66002620239,0.485670056240414,458.114250411627,244.308595272411,48.5670056240414
2022-01-23,606719,3596,457423,2975,149296,621,496921,3145,2710704,3269,3207625,6414,6,8229,31,16431,8557,32,"East TN",2455501,1795.15300543555,0.4928226182157,261.209423250082,146.44669254869,49.28226182157
2022-01-24,613406,6687,462106,4683,151300,2004,501884,4963,2716084,5380,3217968,10343,37,8266,43,16474,8592,35,"East TN",2455501,1878.84264759004,0.499025781492672,421.217503067602,272.327317317321,49.9025781492672
2022-01-25,619110,5704,466187,4081,152923,1623,506148,4264,2720737,4653,3226885,8917,30,8296,36,16510,8621,29,"East TN",2455501,1868.57997614336,0.494458535509484,363.143814643122,232.294753697922,49.4458535509484
2022-01-26,624915,5805,470612,4425,154303,1380,510826,4678,2725630,4893,3236456,9571,26,8322,37,16547,8655,34,"East TN",2455501,1766.64558475032,0.490376795879642,389.777890540464,236.407967253933,49.0376795879642
2022-01-27,632167,7252,476381,5769,155786,1483,516967,6141,2732783,7153,3249750,13294,29,8351,52,16599,8702,47,"East TN",2455501,1724.3324274761,0.479542239217829,541.396643699188,295.33687829897,47.9542239217829
2022-01-28,637126,4959,480086,3705,157040,1254,520899,3932,2737622,4839,3258521,8771,38,8389,41,16640,8736,34,"East TN",2455501,1629.07691750075,0.470922854767427,357.197981185917,201.954713111499,47.0922854767427
2022-01-29,641189,4063,483354,3268,157835,795,524443,3544,2743051,5429,3267494,8973,5,8394,32,16672,8774,38,"East TN",2455501,1550.23353686274,0.462667652339212,365.42440829794,165.465214634407,46.2667652339212
2022-01-30,643256,2067,484864,1510,158392,557,526039,1596,2745527,2476,3271566,4072,17,8411,23,16695,8820,46,"East TN",2455501,1487.96518510886,0.455388561329976,165.831738614645,84.1783407948113,45.5388561329976
2022-01-31,647167,3911,487332,2468,159835,1443,528611,2572,2748459,2932,3277070,5504,68,8479,38,16733,8858,38,"East TN",2455501,1374.91289964858,0.452218199045718,224.149776359285,159.275031857043,45.2218199045718
2022-02-01,652125,4958,490851,3519,161274,1439,532512,3901,2753718,5259,3286230,9160,28,8507,38,16771,8890,32,"East TN",2455501,1344.53213417547,0.444249726177437,373.039962109565,201.913988224806,44.4249726177437
2022-02-02,656837,4712,494365,3514,162472,1198,536266,3754,2758617,4899,3294883,8653,21,8528,46,16817,8932,42,"East TN",2455501,1300.01983301982,0.435415133414346,352.392444556121,191.895666098283,43.5415133414346
2022-02-03,665765,8928,497041,2676,168724,6252,539091,2825,2762970,4353,3302061,7178,26,8554,41,16858,8960,28,"East TN",2455501,1368.2747431176,0.422932079294986,292.323236683675,363.591788396747,42.2932079294986
2022-02-04,669297,3532,499561,2520,169736,1012,541836,2745,2767560,4590,3309396,7335,12,8566,37,16895,8989,29,"East TN",2455501,1310.16032980642,0.411538083538084,298.717043894505,143.840299800326,41.1538083538084
2022-02-05,670974,1677,500745,1184,170229,493,543172,1336,2770182,2622,3313354,3958,3,8569,26,16921,9033,44,"East TN",2455501,1212.99075015649,0.408395115569123,161.189101531622,68.2956349844696,40.8395115569123
2022-02-06,672282,1308,501693,948,170589,360,544259,1087,2772834,2652,3317093,3739,1,8570,34,16955,9065,32,"East TN",2455501,1182.08056115636,0.400202077887847,152.270351345815,53.2681517946847,40.0202077887847
2022-02-07,675091,2809,503526,1833,171565,976,546233,1974,2775719,2885,3321952,4859,50,8620,40,16995,9097,32,"East TN",2455501,1137.20173602047,0.392629561962479,197.882224442181,114.396206721154,39.2629561962479
2022-02-08,677752,2661,505234,1708,172518,953,548123,1890,2778386,2667,3326509,4557,21,8641,43,17038,9134,37,"East TN",2455501,1043.65667128623,0.387571687479828,185.58330866084,108.368923490563,38.7571687479828
2022-02-09,680655,2903,507311,2077,173344,826,550434,2311,2782057,3671,3332491,5982,26,8667,26,17064,9167,33,"East TN",2455501,969.985351258257,0.376728355669007,243.616272198627,118.224346070313,37.6728355669007
2022-02-10,683164,2509,509092,1781,174072,728,552408,1974,2785266,3209,3337674,5183,28,8695,30,17094,9205,38,"East TN",2455501,708.572303574708,0.37393648386825,211.077087730773,102.178740713199,37.393648386825
2022-02-11,685461,2297,510819,1727,174642,570,554306,1898,2788630,3364,3342936,5262,31,8726,40,17134,9236,31,"East TN",2455501,658.277068508626,0.371794871794872,214.294353779534,93.5450647342436,37.1794871794872
2022-02-12,686391,930,511504,685,174887,245,555086,780,2791132,2502,3346218,3282,3,8729,17,17151,9278,42,"East TN",2455501,627.855578148818,0.362524342745862,133.65907812703,37.8741446246611,36.2524342745862
2022-02-13,686967,576,511920,416,175047,160,555570,484,2792533,1401,3348103,1885,35,8764,10,17161,9301,23,"East TN",2455501,598.044961089407,0.36475330538536,76.7664114166518,23.457534735274,36.475330538536
2022-02-14,689207,2240,513349,1429,175858,811,557189,1619,2795540,3007,3352729,4626,146,8910,25,17186,9333,32,"East TN",2455501,574.872500560985,0.355980115020957,188.393325842669,91.2237461927322,35.5980115020957
2022-02-15,691102,1895,514748,1399,176354,496,558724,1535,2798405,2865,3357129,4400,37,8947,29,17215,9363,30,"East TN",2455501,543.677237354006,0.346211626387982,179.18950145001,77.1736602835837,34.6211626387982
2022-02-16,692869,1767,515983,1235,176886,532,560096,1372,2801610,3205,3361706,4577,14,8961,20,17235,9385,22,"East TN",2455501,497.413766070549,0.330720520280678,186.397806394703,71.9608747868561,33.0720520280678
2022-02-17,694658,1789,517254,1271,177404,518,561492,1396,2805132,3522,3366624,4918,13,8974,21,17256,9409,24,"East TN",2455501,468.091847651457,0.313782383419689,200.284992757079,72.8568222941062,31.3782383419689
2022-02-18,695839,1181,517979,725,177860,456,562329,837,2808097,2965,3370426,3802,8,8982,10,17266,9437,28,"East TN",2455501,422.642874101864,0.291851582393598,154.836019207486,48.0960911846503,29.1851582393598
2022-02-19,696375,536,518322,343,178053,193,562741,412,2810199,2102,3372940,2514,1,8983,15,17281,9471,34,"East TN",2455501,406.597268744749,0.286468078736622,102.382365146665,21.8285392675466,28.6468078736622
2022-02-20,696743,368,518554,232,178189,136,563013,272,2811634,1435,3374647,1707,8,8991,5,17286,9487,16,"East TN",2455501,398.126492312567,0.280402350813743,69.5173815852651,14.9867583030917,28.0402350813743
2022-02-21,697464,721,518963,409,178501,312,563458,445,2813185,1551,3376643,1996,7,8998,13,17299,9507,20,"East TN",2455501,336.26538942562,0.262147695910345,81.2868738395953,29.3626433057857,26.2147695910345
2022-02-22,698639,1175,519615,652,179024,523,564186,728,2815535,2350,3379721,3078,44,9042,22,17321,9526,19,"East TN",2455501,306.943471006528,0.241766997167139,125.35120124162,47.8517418644912,24.1766997167139
2022-02-23,699502,863,520086,471,179416,392,564718,532,2818132,2597,3382850,3129,79,9121,9,17330,9554,28,"East TN",2455501,270.128173435889,0.218596292092319,127.428170462973,35.1455772162178,21.8596292092319
2022-02-24,700358,856,520573,487,179785,369,565284,566,2820634,2502,3385918,3068,50,9171,13,17343,9575,21,"East TN",2455501,232.131854151149,0.196537783766974,124.943952374689,34.8605030093655,19.6537783766974
2022-02-25,701122,764,521026,453,180096,311,565790,506,2823011,2377,3388801,2883,5,9176,23,17366,9591,16,"East TN",2455501,215.149576400091,0.188353741496599,117.409848336449,31.1138134335926,18.8353741496599
2022-02-26,701377,255,521206,180,180171,75,566007,217,2824747,1736,3390754,1953,0,9176,6,17372,9609,18,"East TN",2455501,203.705883239306,0.1833389468957,79.5357037117883,10.3848461067619,18.33389468957
2022-02-27,701400,23,521228,22,180172,1,566037,30,2825102,355,3391139,385,4,9180,2,17374,9630,21,"East TN",2455501,189.655797330158,0.183361629881155,15.6790813768758,0.936672393943232,18.3361629881155
2022-02-28,702266,866,521688,460,180578,406,566551,514,2827789,2687,3394340,3201,27,9207,17,17391,9651,21,"East TN",2455501,195.56090590067,0.174775385658586,130.360362304882,35.2677518762973,17.4775385658586
2022-03-01,703029,763,522050,362,180979,401,566954,403,2830007,2218,3396961,2621,28,9235,16,17407,9666,15,"East TN",2455501,178.782252583078,0.160556844547564,106.739928022835,31.0730885468994,16.0556844547564
2022-03-02,703485,456,522313,263,181172,193,567264,310,2832320,2313,3399584,2623,8,9243,10,17417,9688,22,"East TN",2455501,162.207223698952,0.152145332855265,106.821377796222,18.5705483320919,15.2145332855265
2022-03-03,703840,355,522499,186,181341,169,567485,221,2834276,1956,3401761,2177,15,9258,10,17427,9704,16,"East TN",2455501,141.804055465667,0.138925708514801,88.6580783310616,14.4573347760803,13.8925708514801
2022-03-04,704175,335,522711,212,181464,123,567749,264,2836519,2243,3404268,2507,10,9268,8,17435,9714,10,"East TN",2455501,124.333079074291,0.126656753087218,102.097290939812,13.6428370422166,12.6656753087218
2022-03-05,704316,141,522813,102,181503,39,567865,116,2838231,1712,3406096,1828,0,9268,7,17442,9731,17,"East TN",2455501,119.690441991268,0.1211054621301,74.4450928751403,5.74220902373894,12.11054621301
2022-03-06,704415,99,522872,59,181543,40,567937,72,2839442,1211,3407379,1283,2,9270,4,17446,9741,10,"East TN",2455501,122.78553337995,0.116995073891626,52.2500296273551,4.03176378262522,11.6995073891626
2022-03-07,704679,264,523046,174,181633,90,568148,211,2841146,1704,3409294,1915,13,9283,8,17454,9752,11,"East TN",2455501,98.269151590653,0.106794168784272,77.9881580174473,10.7513700870006,10.6794168784272
2022-03-08,704942,263,523145,99,181797,164,568271,123,2842898,1752,3411169,1875,27,9310,9,17463,9768,16,"East TN",2455501,77.906708244061,0.0926942567567568,76.35916254972,10.7106452003074,9.26942567567568
2022-03-09,705235,293,523271,126,181964,167,568420,149,2844909,2011,3413329,2160,23,9333,7,17470,9778,10,"East TN",2455501,71.268551713072,0.0841033102946526,87.9657552572774,11.9323918011029,8.41033102946526
2022-03-10,705421,186,523370,99,182051,87,568549,129,2847005,2096,3415554,2225,75,9408,2,17472,9787,9,"East TN",2455501,64.3860458619239,0.0771405785543392,90.6128728923344,7.57482892493222,7.71405785543392
2022-03-11,705633,212,523461,91,182172,121,568653,104,2849195,2190,3417848,2294,79,9487,5,17477,9803,16,"East TN",2455501,59.3768847986623,0.0665684830633284,93.4228900741641,8.63367597895501,6.65684830633284
2022-03-12,705702,69,523496,35,182206,34,568694,41,2850480,1285,3419174,1326,0,9487,3,17480,9812,9,"East TN",2455501,56.444692956753,0.0633888973849212,54.001199755162,2.8100171818297,6.33888973849212
2022-03-13,705794,92,523549,53,182245,39,568764,70,2852089,1609,3420853,1679,4,9491,5,17485,9818,6,"East TN",2455501,56.1596187499007,0.0613774677156004,68.3770847578559,3.74668957577293,6.13774677156004
2022-03-14,705951,157,523632,83,182319,74,568870,106,2853174,1085,3422044,1191,69,9560,3,17488,9829,11,"East TN",2455501,51.80205587373,0.0566274509803922,48.5033400515821,6.39380721082989,5.66274509803922
2022-03-15,706137,186,523711,79,182426,107,568961,91,2854607,1433,3423568,1524,4,9564,1,17489,9837,8,"East TN",2455501,48.6662395983549,0.0556496491652553,62.0647273204124,7.57482892493222,5.56496491652553
2022-03-16,706293,156,523804,93,182489,63,569070,109,2856174,1567,3425244,1676,10,9574,5,17494,9843,6,"East TN",2455501,43.0869301213887,0.0545530843474612,68.2549100977764,6.3530823241367,5.45530843474612
2022-03-17,706435,142,523898,94,182537,48,569185,115,2857473,1299,3426658,1414,7,9581,1,17495,9852,9,"East TN",2455501,41.2950351068886,0.0572766570605187,57.5849897841622,5.78293391043213,5.72766570605187
2022-03-18,706578,143,523986,88,182592,55,569279,94,2858964,1491,3428243,1585,2,9583,1,17496,9863,11,"East TN",2455501,38.4850179250589,0.0602212602212602,64.5489454086966,5.82365879712531,6.02212602212602
2022-03-19,706651,73,524044,58,182607,15,569345,66,2860137,1173,3429482,1239,0,9583,1,17497,9868,5,"East TN",2455501,38.6479174718316,0.0631548311990687,50.458134612855,2.97291672860243,6.31548311990687
2022-03-20,706717,66,524093,49,182624,17,569403,58,2860792,655,3430195,713,3,9586,0,17497,9874,6,"East TN",2455501,37.5890704178088,0.0684007707129094,29.0368442122402,2.68784252175014,6.84007707129094
2022-03-21,706815,98,524159,66,182656,32,569481,78,2861681,889,3431162,967,16,9602,1,17498,9880,6,"East TN",2455501,35.186302102911,0.0670103092783505,39.3809654323089,3.99103889593203,6.70103092783505
2022-03-22,706899,84,524214,55,182685,29,569544,63,2862684,1003,3432228,1066,2,9604,5,17503,9887,7,"East TN",2455501,31.0323636602062,0.0673210161662817,43.4127292149341,3.42089048222746,6.73210161662818
2022-03-23,706994,95,524287,73,182707,22,569623,79,2864127,1443,3433750,1522,11,9615,0,17503,9897,10,"East TN",2455501,28.548145571922,0.0650129320479661,61.983277547026,3.86886423585248,6.50129320479661
2022-03-24,707098,104,524321,34,182777,70,569666,43,2865211,1084,3434877,1127,5,9620,0,17503,9905,8,"East TN",2455501,27.000599877581,0.0585229346635844,45.8969473032184,4.23538821609114,5.85229346635844
2022-03-25,707163,65,524367,46,182796,19,569723,57,2866665,1454,3436388,1511,0,9620,2,17505,9909,4,"East TN",2455501,23.8240587155126,0.05451197053407,61.535303793401,2.64711763505696,5.451197053407
2022-03-26,707205,42,524401,34,182804,8,569763,40,2867662,997,3437425,1037,0,9620,1,17506,9918,9,"East TN",2455501,22.5615872280239,0.0526249527886189,42.2317075008318,1.71044524111373,5.26249527886189
2022-03-27,707226,21,524416,15,182810,6,569780,17,2868108,446,3437888,463,2,9622,3,17509,9922,4,"East TN",2455501,20.7289673268307,0.0490055894969453,18.8556225389442,0.855222620556864,4.90055894969453
2022-03-28,707339,113,524465,49,182874,64,569842,62,2869530,1422,3439372,1484,30,9652,2,17511,9928,6,"East TN",2455501,21.3398406272284,0.0439707673568819,60.435731852685,4.60191219632979,4.39707673568819
2022-03-29,707453,114,524520,55,182933,59,569902,60,2870640,1110,3440542,1170,6,9658,0,17511,9939,11,"East TN",2455501,22.5615872280239,0.0430598989656002,47.6481174310253,4.64263708302298,4.30598989656002
2022-03-30,707552,99,524578,58,182974,41,569966,64,2872020,1380,3441986,1444,6,9664,3,17514,9945,6,"East TN",2455501,22.7244867747967,0.0416464303059738,58.8067363849577,4.03176378262522,4.16464303059738
2022-03-31,707637,85,524634,56,183003,29,570034,68,2873203,1183,3443237,1251,8,9672,0,17514,9946,1,"East TN",2455501,21.9507139276262,0.0440191387559809,50.9468332531732,3.46161536892064,4.40191387559809
2022-04-01,707733,96,524687,53,183046,43,570097,63,2874480,1277,3444577,1340,15,9687,0,17514,9949,3,"East TN",2455501,23.2131854151149,0.0456710221028209,54.5713481688666,3.90958912254566,4.56710221028209
2022-04-02,707820,87,524714,27,183106,60,570128,31,2875282,802,3445410,833,0,9687,1,17515,9954,5,"East TN",2455501,25.0458053163082,0.0457107075767063,33.9238306154223,3.54306514230701,4.57107075767063
2022-04-03,707844,24,524726,12,183118,12,570145,17,2875762,480,3445907,497,10,9697,0,17515,9957,3,"East TN",2455501,25.1679799763877,0.0455168973687492,20.2402686865124,0.977397280636416,4.55168973687492
2022-04-04,707935,91,524778,52,183157,39,570204,59,2876770,1008,3446974,1067,51,9748,4,17519,9959,2,"East TN",2455501,24.2720324691377,0.0476190476190476,43.4534541016273,3.70596468907974,4.76190476190476
2022-04-05,708031,96,524818,40,183213,56,570253,49,2877785,1015,3448038,1064,36,9784,1,17520,9963,4,"East TN",2455501,23.5389845086604,0.0468249733191035,43.3312794415478,3.90958912254566,4.68249733191035
2022-04-06,708130,99,524872,54,183258,45,570315,62,2878952,1167,3449267,1229,0,9784,0,17520,9968,5,"East TN",2455501,23.5389845086604,0.0479329762395275,50.0508857459231,4.03176378262522,4.79329762395275
2022-04-07,708313,183,524918,46,183395,137,570369,54,2880065,1113,3450434,1167,53,9837,1,17521,9968,0,"East TN",2455501,27.5300234045924,0.0465471724329582,47.5259427709457,7.45265426485267,4.65471724329582
2022-04-08,708382,69,524969,51,183413,18,570424,55,2881284,1219,3451708,1274,6,9843,0,17521,9970,2,"East TN",2455501,26.4304514638764,0.0458561211611275,51.8835056471164,2.8100171818297,4.58561211611275
2022-04-09,708436,54,524999,30,183437,24,570465,41,2882145,861,3452610,902,0,9843,0,17521,9973,3,"East TN",2455501,25.0865302030013,0.0468055555555556,36.733847797252,2.19914388143194,4.68055555555556
2022-04-10,708502,66,525034,35,183468,31,570507,42,2882778,633,3453285,675,1,9844,1,17522,9974,1,"East TN",2455501,26.7969754441151,0.0490647872052047,27.4892985178992,2.68784252175014,4.90647872052047
2022-04-11,708606,104,525100,66,183506,38,570582,75,2883685,907,3454267,982,5,9849,2,17524,9978,4,"East TN",2455501,27.3263989711265,0.0518305224187577,39.9918387327067,4.23538821609114,5.18305224187577
2022-04-12,708699,93,525158,58,183541,35,570652,70,2884698,1013,3455350,1083,26,9875,2,17526,9982,4,"East TN",2455501,27.2042243110469,0.0545678336980306,44.1050522887183,3.78741446246611,5.45678336980306
2022-04-13,708824,125,525237,79,183587,46,570737,85,2885891,1193,3456628,1278,0,9875,0,17526,9986,4,"East TN",2455501,28.2630713650697,0.057329167232713,52.0464051938891,5.090610836648,5.7329167232713
2022-04-14,708927,103,525284,47,183643,56,570789,52,2886926,1035,3457715,1087,3,9878,0,17526,9989,3,"East TN",2455501,25.005080429615,0.057684384013185,44.267951835491,4.19466332939795,5.7684384013185
2022-04-15,709002,75,525335,51,183667,24,570851,62,2887959,1033,3458810,1095,1,9879,1,17527,9990,1,"East TN",2455501,25.2494297497741,0.0601239087580963,44.5937509290365,3.0543665019888,6.01239087580963
2022-04-16,709061,59,525381,46,183680,13,570904,53,2888703,744,3459607,797,0,9879,1,17528,9991,1,"East TN",2455501,25.45305418324,0.0627411747891954,32.4577346944676,2.40276831489786,6.27411747891954
2022-04-17,709099,38,525408,27,183691,11,570937,33,2889303,600,3460240,633,0,9879,0,17528,9993,2,"East TN",2455501,24.3127573558308,0.0618260244428469,25.7788532767855,1.54754569434099,6.18260244428469
2022-04-18,709331,232,525535,127,183796,105,571075,138,2890186,883,3461261,1021,-1,9878,2,17530,9993,0,"East TN",2455501,29.5255428525584,0.07048899056334,41.5801093137409,9.44817371281869,7.048899056334
2022-04-19,709448,117,525597,62,183851,55,571138,63,2891144,958,3462282,1021,2,9880,1,17531,9996,3,"East TN",2455501,30.5029401331948,0.0701096364685516,41.5801093137409,4.76481174310253,7.01096364685516
2022-04-20,709588,140,525688,91,183900,49,571239,101,2892574,1430,3463813,1531,8,9888,1,17532,9998,2,"East TN",2455501,31.1138134335926,0.0698677800974252,62.3498015272647,5.70148413704576,6.98677800974252
2022-04-21,709706,118,525768,80,183938,38,571327,88,2893716,1142,3465043,1230,5,9893,1,17533,10001,3,"East TN",2455501,31.7246867339903,0.0734170305676856,50.0916106326163,4.80553662979571,7.34170305676856
2022-04-22,709828,122,525851,83,183977,39,571416,89,2894796,1080,3466212,1169,3,9896,0,17533,10004,3,"East TN",2455501,33.63875640857,0.0763307214266414,47.6073925443321,4.96843617656845,7.63307214266414
2022-04-23,709903,75,525898,47,184005,28,571464,48,2895653,857,3467117,905,0,9896,0,17533,10005,1,"East TN",2455501,34.2903545956609,0.0745672436750999,36.8560224573315,3.0543665019888,7.45672436750999
2022-04-24,709974,71,525938,40,184036,31,571510,46,2896320,667,3467830,713,2,9898,1,17534,10010,5,"East TN",2455501,35.634275856536,0.075494071146245,29.0368442122402,2.89146695521606,7.5494071146245
2022-04-25,710164,190,526037,99,184127,91,571608,98,2897055,735,3468663,833,0,9898,5,17539,10013,3,"East TN",2455501,33.9238306154223,0.0720075655228317,33.9238306154223,7.73772847170496,7.20075655228317
2022-04-26,710341,177,526150,113,184191,64,571729,121,2898290,1235,3470019,1356,0,9898,0,17539,10018,5,"East TN",2455501,36.3673238170133,0.0763861962000776,55.2229463559575,7.20830494469357,7.63861962000776
2022-04-27,710532,191,526248,98,184284,93,571830,101,2899485,1195,3471315,1296,0,9898,2,17541,10021,3,"East TN",2455501,38.4442930383657,0.0787789922687283,52.7794531543665,7.77845335839814,7.87789922687283
2022-04-28,710684,152,526337,89,184347,63,571929,99,2900646,1161,3472575,1260,4,9902,1,17542,10026,5,"East TN",2455501,39.828939185934,0.0799256505576208,51.3133572334118,6.19018277736397,7.99256505576208
2022-04-29,710822,138,526423,86,184399,52,572021,92,2901808,1162,3473829,1254,2,9904,0,17542,10028,2,"East TN",2455501,40.4805373730249,0.0794275961664697,51.0690079132527,5.62003436365939,7.94275961664697
2022-04-30,710896,74,526479,56,184417,18,572083,62,2902538,730,3474621,792,0,9904,0,17542,10028,0,"East TN",2455501,40.4398124863317,0.0824893390191898,32.2541102610017,3.01364161529562,8.24893390191898
2022-05-01,710952,56,526512,33,184440,23,572116,33,2903031,493,3475147,526,0,9904,0,17542,10031,3,"East TN",2455501,39.828939185934,0.0828208282082821,21.4212904006148,2.2805936548183,8.28208282082821
2022-05-02,711137,185,526641,129,184496,56,572262,146,2904057,1026,3476319,1172,6,9910,2,17544,10032,1,"East TN",2455501,39.625314752468,0.085423197492163,47.7295672044116,7.53410403823904,8.5423197492163
2022-05-03,711321,184,526749,108,184572,76,572382,120,2905004,947,3477386,1067,2,9912,1,17545,10033,1,"East TN",2455501,39.9103889593203,0.0886385231437491,43.4534541016273,7.49337915154586,8.86385231437492
2022-05-04,711584,263,526917,168,184667,95,572558,176,2906279,1275,3478837,1451,3,9915,2,17547,10033,0,"East TN",2455501,42.8425808012296,0.0967827705397501,59.09181059181,10.7106452003074,9.67827705397501
2022-05-05,711802,218,527060,143,184742,75,572709,151,2907400,1121,3480109,1272,1,9916,2,17549,10035,2,"East TN",2455501,45.5304233229797,0.103530661003451,51.80205587373,8.87802529911411,10.3530661003451
2022-05-06,712024,222,527202,142,184822,80,572862,153,2908618,1218,3481480,1371,1,9917,2,17551,10038,3,"East TN",2455501,48.9513138052072,0.109920271859888,55.8338196563553,9.04092484588685,10.9920271859888
2022-05-07,712142,118,527280,78,184862,40,572954,92,2909490,872,3482444,964,0,9917,2,17553,10039,1,"East TN",2455501,50.7432088197073,0.11133836124249,39.2587907722294,4.80553662979571,11.133836124249
2022-05-08,712252,110,527360,80,184892,30,573039,85,2910141,651,3483180,736,0,9917,1,17554,10040,1,"East TN",2455501,52.9423527011392,0.114901033237894,29.9735166061834,4.47973753625024,11.4901033237894
2022-05-09,712482,230,527490,130,184992,100,573177,138,2911123,982,3484300,1120,13,9930,2,17556,10041,1,"East TN",2455501,54.7749726023325,0.114647287307355,45.6118730963661,9.36672393943232,11.4647287307355
2022-05-10,712776,294,527660,170,185116,124,573359,182,2912635,1512,3485994,1694,9,9939,4,17560,10043,2,"East TN",2455501,59.2547101385827,0.11349907063197,68.9879580582537,11.9731166877961,11.349907063197
2022-05-11,713057,281,527856,196,185201,85,573569,210,2913720,1085,3487289,1295,1,9940,0,17560,10044,1,"East TN",2455501,59.98775809906,0.119616658778987,52.7387282676733,11.4436931607847,11.9616658778987
2022-05-12,713292,235,528019,163,185273,72,573746,177,2914996,1276,3488742,1453,2,9942,2,17562,10045,1,"East TN",2455501,60.6800811728442,0.120120467971736,59.1732603651963,9.57034837289824,12.0120467971736
2022-05-13,713571,279,528214,195,185357,84,573953,207,2916347,1351,3490300,1558,0,9942,0,17562,10047,2,"East TN",2455501,63.0013997143556,0.123696145124717,63.4493734679807,11.3622433873983,12.3696145124717
2022-05-14,713680,109,528293,79,185387,30,574036,83,2917074,727,3491110,810,0,9942,1,17563,10051,4,"East TN",2455501,62.634875734117,0.124855758135241,32.987158221479,4.43901264955706,12.4855758135241
2022-05-15,713864,184,528425,132,185439,52,574180,144,2917926,852,3492106,996,0,9942,3,17566,10054,3,"East TN",2455501,65.6485173494126,0.127828814698633,40.5619871464113,7.49337915154586,12.7828814698633
2022-05-16,714171,307,528617,192,185554,115,574378,198,2919289,1363,3493667,1561,2,9944,3,17569,10058,4,"East TN",2455501,68.7843336247878,0.128216077719654,63.5715481280602,12.5025402148075,12.8216077719654
2022-05-17,714583,412,528839,222,185744,190,574614,236,2920539,1250,3495153,1486,16,9960,0,17569,10061,3,"East TN",2455501,73.5898702545835,0.137023692542854,60.5171816260714,16.7786533175918,13.7023692542854
2022-05-18,714947,364,529061,222,185886,142,574852,238,2921928,1389,3496780,1627,7,9967,3,17572,10062,1,"East TN",2455501,76.9700358501178,0.135180697502897,66.2593906498104,14.823858756319,13.5180697502897
2022-05-19,715367,420,529339,278,186028,142,575142,290,2923354,1426,3498496,1716,31,9998,4,17576,10064,2,"East TN",2455501,84.5041398883568,0.143120770965758,69.8839055655037,17.1044524111373,14.3120770965758
2022-05-20,715805,438,529607,268,186198,170,575423,281,2924754,1400,3500177,1681,0,9998,4,17580,10065,1,"East TN",2455501,90.979396872573,0.148830616583983,68.4585345312423,17.8375003716146,14.8830616583983
2022-05-21,716020,215,529748,141,186272,74,575577,154,2925796,1042,3501373,1196,0,9998,4,17584,10066,1,"East TN",2455501,95.2962348620506,0.150151027964533,48.7069644850481,8.75585063903456,15.0151027964533
2022-05-22,716191,171,529881,133,186310,38,575720,143,2926811,1015,3502531,1158,5,10003,5,17589,10067,1,"East TN",2455501,94.7668113350392,0.147721822541966,47.1594187907071,6.96395562453446,14.7721822541966
2022-05-23,716574,383,530126,245,186448,138,575967,247,2928003,1192,3503970,1439,6,10009,4,17593,10070,3,"East TN",2455501,97.8619027237211,0.154226924196836,58.6031119514918,15.5976316034895,15.4226924196836
2022-05-24,717144,570,530427,301,186717,269,576281,314,2929441,1438,3505722,1752,0,10009,3,17596,10071,1,"East TN",2455501,104.296434821244,0.15772542340808,71.3500014864584,23.2131854151149,15.772542340808
2022-05-25,717620,476,530753,326,186867,150,576634,353,2930927,1486,3507561,1839,18,10027,1,17597,10073,2,"East TN",2455501,108.857622130881,0.165290789351637,74.8930666287654,19.3850460659556,16.5290789351637
2022-05-26,718113,493,531056,303,187057,190,576950,316,2932427,1500,3509377,1816,13,10040,3,17600,10078,5,"East TN",2455501,111.830538859483,0.166161198419263,73.9563942348221,20.0773691397397,16.6161198419263
2022-05-27,718530,417,531326,270,187204,147,577227,277,2934378,1951,3511605,2228,4,10044,5,17605,10079,1,"East TN",2455501,110.975316238926,0.157857892894645,90.735047552414,16.9822777510577,15.7857892894645
2022-05-28,718814,284,531544,218,187270,66,577454,227,2935438,1060,3512892,1287,0,10044,0,17605,10081,2,"East TN",2455501,113.785333420756,0.162948172584426,52.4129291741278,11.5658678208643,16.2948172584426
2022-05-29,719066,252,531693,149,187373,103,577614,160,2936326,888,3513940,1048,0,10044,2,17607,10085,4,"East TN",2455501,117.084049242904,0.166009290910685,42.6796812544568,10.2626714466824,16.6009290910685
2022-05-30,719278,212,531834,141,187444,71,577766,152,2937037,711,3514803,863,0,10044,5,17612,10085,0,"East TN",2455501,110.12009361837,0.16606664820456,35.1455772162178,8.63367597895501,16.606664820456
2022-05-31,719796,518,532131,297,187665,221,578065,299,2937964,927,3516029,1226,2,10046,3,17615,10085,0,"East TN",2455501,108.002399510324,0.173086252061706,49.9287110858436,21.0954913070693,17.3086252061706
2022-06-01,720465,669,532525,394,187940,275,578498,433,2939328,1364,3517826,1797,1,10047,5,17620,10086,1,"East TN",2455501,115.862302642108,0.181587920116902,73.1826213876516,27.2449491977401,18.1587920116902
2022-06-02,721030,565,532913,388,188117,177,578916,418,2940864,1536,3519780,1954,0,10047,3,17623,10087,1,"East TN",2455501,118.794494484018,0.188983946938383,79.5764285984815,23.009560981649,18.8983946938383
2022-06-03,721656,626,533313,400,188343,226,579340,424,2942423,1559,3521763,1983,1,10048,3,17626,10090,3,"East TN",2455501,127.305995802893,0.208013388462296,80.7574503125839,25.4937790699332,20.8013388462296
2022-06-04,721965,309,533558,245,188407,64,579606,266,2943579,1156,3523185,1422,0,10048,0,17626,10092,2,"East TN",2455501,128.324117970223,0.209074128048188,57.9107888777077,12.5839899881939,20.9074128048188
2022-06-05,722299,334,533789,231,188510,103,579850,244,2944573,994,3524423,1238,3,10051,2,17628,10092,0,"East TN",2455501,131.663558679064,0.213297720118287,50.4174097261618,13.6021121555235,21.3297720118287
2022-06-06,722843,544,534096,307,188747,237,580170,320,2945665,1092,3525835,1412,0,10051,4,17632,10094,2,"East TN",2455501,145.184221061201,0.217911530094271,57.5035400107758,22.1543383610921,21.7911530094271
2022-06-07,723485,642,534450,354,189035,288,580531,361,2946718,1053,3527249,1414,3,10054,5,17637,10095,1,"East TN",2455501,150.234107011156,0.219786096256684,57.5849897841622,26.1453772570241,21.9786096256685
2022-06-08,724128,643,534872,422,189256,221,580990,459,2948331,1613,3529321,2072,0,10054,4,17641,10096,1,"East TN",2455501,149.175259957133,0.216789908655937,84.3819652282772,26.1861021437173,21.6789908655937
2022-06-09,724742,614,535273,401,189469,213,581416,426,2949820,1489,3531236,1915,10,10064,3,17644,10100,4,"East TN",2455501,151.170779405099,0.21822625698324,77.9881580174473,25.005080429615,21.822625698324
2022-06-10,725358,616,535635,362,189723,254,581812,396,2951508,1688,3533320,2084,1,10065,2,17646,10101,1,"East TN",2455501,150.763530538167,0.213896339880592,84.8706638685955,25.0865302030013,21.3896339880592
2022-06-11,725727,369,535935,300,189792,69,582152,340,2952602,1094,3534754,1434,0,10065,5,17651,10103,2,"East TN",2455501,153.207023739758,0.220070879073386,58.3994875180259,15.0274831897849,22.0070879073386
2022-06-12,726042,315,536090,155,189952,160,582317,165,2953165,563,3535482,728,2,10067,2,17653,10108,5,"East TN",2455501,152.433250892588,0.223076227507008,29.647717512638,12.828339308353,22.3076227507008
2022-06-13,726625,583,536418,328,190207,255,582652,335,2953937,772,3536589,1107,5,10072,7,17660,10113,5,"East TN",2455501,154.021521473622,0.230797842663195,45.0824495693547,23.7426089421263,23.0797842663195
2022-06-14,727331,706,536805,387,190526,319,583071,419,2955223,1286,3538294,1705,3,10075,4,17664,10115,2,"East TN",2455501,156.627914221986,0.229968311453146,69.4359318118787,28.7517700053879,22.9968311453146
2022-06-15,728038,707,537265,460,190773,247,583560,489,2956665,1442,3540225,1931,11,10086,11,17675,10120,5,"East TN",2455501,159.234306970349,0.23569332355099,78.6397562045383,28.7924948920811,23.569332355099
2022-06-16,728707,669,537697,432,191010,237,584010,450,2957968,1303,3541978,1753,6,10092,3,17678,10122,2,"East TN",2455501,161.474175738475,0.241482033140942,71.3907263731516,27.2449491977401,24.1482033140942
2022-06-17,729290,583,538045,348,191245,235,584388,378,2959205,1237,3543593,1615,7,10099,5,17683,10127,5,"East TN",2455501,160.1302544776,0.250754404750316,65.7706920094922,23.7426089421263,25.0754404750316
2022-06-18,729643,353,538324,279,191319,74,584689,301,2960179,974,3544868,1275,0,10099,4,17687,10128,1,"East TN",2455501,159.478656290509,0.250840419220882,51.9242305338096,14.375885002694,25.0840419220882
2022-06-19,730035,392,538550,226,191485,166,584934,245,2961042,863,3545976,1108,1,10100,1,17688,10129,1,"East TN",2455501,162.614472565884,0.249380598437202,45.1231744560479,15.9641555837281,24.9380598437202
2022-06-20,730681,646,538904,354,191777,292,585302,368,2961868,826,3547170,1194,1,10101,7,17695,10132,3,"East TN",2455501,165.180140427554,0.250448917871657,48.6255147116617,26.3082768037969,25.0448917871657
2022-06-21,731524,843,539359,455,192165,388,585782,480,2962860,992,3548642,1472,1,10102,5,17700,10132,0,"East TN",2455501,170.75944990452,0.261982991882489,59.9470332123668,34.3310794823541,26.1982991882489
2022-06-22,732475,951,540007,648,192468,303,586469,687,2964443,1583,3550912,2270,0,10102,5,17705,10134,2,"East TN",2455501,180.696322257657,0.272199868999719,92.4454927935277,38.729367245218,27.2199868999719
2022-06-23,733315,840,540542,535,192773,305,587026,557,2965841,1398,3552867,1955,1,10103,5,17710,10139,5,"East TN",2455501,187.660277882192,0.276976765543209,79.6171534851747,34.2089048222746,27.6976765543209
2022-06-24,734047,732,541036,494,193011,238,587556,530,2967481,1640,3555037,2170,0,10103,8,17718,10144,5,"East TN",2455501,193.728285999476,0.276826284515904,88.3730041242093,29.8106170594107,27.6826284515904
2022-06-25,734504,457,541292,256,193212,201,587841,285,2968490,1009,3556331,1294,1,10104,2,17720,10145,1,"East TN",2455501,197.963674215567,0.274971647910669,52.6980033809801,18.6112732187851,27.4971647910669
2022-06-26,734956,452,541568,276,193388,176,588127,286,2969395,905,3557522,1191,1,10105,4,17724,10146,1,"East TN",2455501,200.407167417158,0.276545989953231,48.5033400515821,18.4076487853192,27.6545989953231
2022-06-27,735709,753,541989,421,193720,332,588564,437,2970337,942,3558901,1379,8,10113,6,17730,10148,2,"East TN",2455501,204.764730293329,0.278066660983718,56.1596187499007,30.6658396799676,27.8066660983718
2022-06-28,736687,978,542576,587,194111,391,589178,614,2971647,1310,3560825,1924,3,10116,5,17735,10151,3,"East TN",2455501,210.262589996909,0.278749076582123,78.354681997686,39.828939185934,27.8749076582123
2022-06-29,737666,979,543124,548,194542,431,589762,584,2973091,1444,3562853,2028,16,10132,4,17739,10156,5,"East TN",2455501,211.402886824318,0.275772548362784,82.5900702137772,39.8696640726271,27.5772548362784
2022-06-30,738564,898,543629,505,194935,393,590305,543,2974517,1426,3564822,1969,2,10134,5,17744,10160,4,"East TN",2455501,213.764930252523,0.274278544542033,80.1873018988793,36.5709482504792,27.4278544542033
2022-07-01,739382,818,544142,513,195240,305,590833,528,2976012,1495,3566845,2023,1,10135,7,17751,10163,3,"East TN",2455501,217.267270508137,0.277523712737127,82.3864457803112,33.3129573150245,27.7523712737127
2022-07-02,739870,488,544440,298,195430,190,591158,325,2976990,978,3568148,1303,0,10135,3,17754,10169,6,"East TN",2455501,218.529741995625,0.280697300499281,53.0645273612188,19.8737447062738,28.0697300499281
2022-07-03,740425,555,544774,334,195651,221,591513,355,2977929,939,3569442,1294,0,10135,2,17756,10172,3,"East TN",2455501,222.724405325023,0.284060402684564,52.6980033809801,22.6023121147171,28.4060402684564
2022-07-04,740846,421,545034,260,195812,161,591784,271,2978575,646,3570359,917,1,10136,4,17760,10175,3,"East TN",2455501,209.203742942886,0.281026357130389,37.3447210976497,17.1451772978305,28.1026357130389
2022-07-05,741737,891,545605,571,196132,320,592358,574,2979412,837,3571770,1411,2,10138,7,17767,10179,4,"East TN",2455501,205.660677800579,0.290543627227044,57.4628151240826,36.2858740436269,29.0543627227044
2022-07-06,742892,1155,546328,723,196564,432,593101,743,2980750,1338,3573851,2081,14,10152,13,17780,10182,3,"East TN",2455501,212.82825785858,0.303600654664484,84.7484892085159,47.0372441306275,30.3600654664484
2022-07-07,743948,1056,546924,596,197024,460,593720,619,2982270,1520,3575990,2139,0,10152,6,17786,10192,10,"East TN",2455501,219.262789956103,0.305784383954155,87.1105326367206,43.0054803480023,30.5784383954155
2022-07-08,745017,1069,547590,666,197427,403,594433,713,2984066,1796,3578499,2509,3,10155,6,17792,10196,4,"East TN",2455501,229.484736516092,0.308906813111378,102.178740713199,43.5349038750137,30.8906813111378
2022-07-09,745637,620,547930,340,197707,280,594779,346,2984838,772,3579617,1118,0,10155,3,17795,10199,3,"East TN",2455501,234.860421559592,0.315720638242218,45.5304233229797,25.2494297497741,31.5720638242218
2022-07-10,746037,400,548138,208,197899,192,594989,210,2985449,611,3580438,821,2,10157,4,17799,10204,5,"East TN",2455501,228.548064122149,0.316114950891233,33.4351319751041,16.2899546772736,31.6114950891233
2022-07-11,747223,1186,548794,656,198429,530,595685,696,2986879,1430,3582564,2126,6,10163,10,17809,10205,1,"East TN",2455501,259.702602442434,0.319623105284719,86.5811091097092,48.2997156181162,31.9623105284719
2022-07-12,748398,1175,549458,664,198940,511,596388,703,2988324,1445,3584712,2148,21,10184,4,17813,10209,4,"East TN",2455501,271.268470263299,0.31138927522794,87.4770566169592,47.8517418644912,31.138927522794
2022-07-13,749697,1299,550234,776,199463,523,597205,817,2989903,1579,3587108,2396,1,10185,7,17820,10214,5,"East TN",2455501,277.132853947117,0.309572301425662,97.5768285168689,52.901627814446,30.9572301425662
2022-07-14,750797,1100,550873,639,199924,461,597876,671,2991254,1351,3589130,2022,1,10186,6,17826,10218,4,"East TN",2455501,278.924748961617,0.316286149162862,82.345720893618,44.7973753625024,31.6286149162862
2022-07-15,751853,1056,551512,639,200341,417,598537,661,2992817,1563,3591354,2224,0,10186,10,17836,10221,3,"East TN",2455501,278.395325434606,0.319253208868145,90.5721480056412,43.0054803480023,31.9253208868145
2022-07-16,752402,549,551812,300,200590,249,598851,314,2993536,719,3592387,1033,1,10187,4,17840,10228,7,"East TN",2455501,275.50385847939,0.318872357086922,42.0688079540591,22.357962794558,31.8872357086922
2022-07-17,752758,356,552071,259,200687,97,599126,275,2994111,575,3593237,850,1,10188,2,17842,10233,5,"East TN",2455501,273.71196346489,0.32322837721697,34.6161536892064,14.4980596627735,32.322837721697
2022-07-18,754348,1590,552920,849,201428,741,600047,921,2995724,1613,3595771,2534,5,10193,4,17846,10237,4,"East TN",2455501,290.164817688936,0.330279397289316,103.196862880528,64.7525698421626,33.0279397289316
2022-07-19,755735,1387,553724,804,202011,583,600874,827,2997078,1354,3597952,2181,17,10210,9,17855,10243,6,"East TN",2455501,298.798493667891,0.338821752265861,88.8209778778343,56.4854178434462,33.8821752265861
2022-07-20,756979,1244,554463,739,202516,505,601642,768,2998565,1487,3600207,2255,14,10224,5,17860,10246,3,"East TN",2455501,296.558624899766,0.338728147186808,91.8346194931299,50.6617590463209,33.8728147186808
2022-07-21,758335,1356,555303,840,203032,516,602535,893,3000234,1669,3602769,2562,2,10226,1,17861,10248,2,"East TN",2455501,306.984195893221,0.341593958501356,104.337159707937,55.2229463559575,34.1593958501356
2022-07-22,759710,1375,556117,814,203593,561,603386,851,3001744,1510,3605130,2361,0,10226,1,17862,10249,1,"East TN",2455501,319.975434748347,0.351988966318235,96.1514574826074,55.996719203128,35.1988966318235
2022-07-23,760226,516,556441,324,203785,192,603730,344,3002541,797,3606271,1141,0,10226,0,17862,10250,1,"East TN",2455501,318.631513487472,0.351411696917315,46.4670957169229,21.0140415336829,35.1411696917315
2022-07-24,760825,599,556867,426,203958,173,604174,444,3003421,880,3607595,1324,0,10226,0,17862,10250,0,"East TN",2455501,328.527660953915,0.351581000139295,53.9197499817756,24.3942071292172,35.1581000139295
2022-07-25,762223,1398,557635,768,204588,630,604992,818,3004659,1238,3609651,2056,3,10229,5,17867,10250,0,"East TN",2455501,320.708482708824,0.356268011527378,83.7303670411863,56.9333915970712,35.6268011527378
2022-07-26,763761,1538,558643,1008,205118,530,606046,1054,3006097,1438,3612143,2492,9,10238,2,17869,10253,3,"East TN",2455501,326.857940599495,0.364456345571137,101.486417639415,62.634875734117,36.4456345571137
2022-07-27,764924,1163,559348,705,205576,458,606794,748,3007385,1288,3614179,2036,10,10248,0,17869,10254,1,"East TN",2455501,323.559224777347,0.3687374749499,82.9158693073226,47.363043224173,36.87374749499
2022-07-28,766322,1398,560261,913,206061,485,607760,966,3009015,1630,3616775,2596,10,10258,2,17871,10254,0,"East TN",2455501,325.269670018461,0.373054405254891,105.721805855506,56.9333915970712,37.3054405254891
2022-07-29,767486,1164,561063,802,206423,362,608602,842,3010456,1441,3619058,2283,0,10258,2,17873,10254,0,"East TN",2455501,316.676718926199,0.374497415278576,92.9749163205391,47.4037681108662,37.4497415278576
2022-07-30,768045,559,561469,406,206576,153,609043,441,3011441,985,3620484,1426,0,10258,0,17873,10254,0,"East TN",2455501,318.427889054006,0.373812706676986,58.0736884244804,22.7652116614899,37.3812706676986
