"DATE","TOTAL_CASES","NEW_CASES","TOTAL_CONFIRMED","NEW_CONFIRMED","TOTAL_PROBABLE","NEW_PROBABLE","POS_TESTS","NEW_POS_TESTS","NEG_TESTS","NEW_NEG_TESTS","TOTAL_TESTS","NEW_TESTS","NEW_DEATHS","TOTAL_DEATHS","NEW_ACTIVE","TOTAL_ACTIVE","NEW_INACTIVE_RECOVERED","TOTAL_INACTIVE_RECOVERED","NEW_HOSPITALIZED","TOTAL_HOSPITALIZED","TOTAL_DEATHS_BY_DOD","Region","Population","New_cases_per_100k_per_week","PositivityRate_per_week","Tests_per_100k","New_cases_per_100k","Active_cases_per_100k","PositivityPercentage_per_week"
2021-11-14,79748,73,63395,63,16353,10,69257,68,459777,624,529034,692,0,940,18,639,55,78169,0,2063,940,"Knox County",470313,NA,NA,147.13605620087,15.5215781830398,135.866965191266,NA
2021-11-13,79675,31,63332,11,16343,20,69189,13,459153,317,528342,330,0,940,-11,621,42,78114,1,2063,940,"Knox County",470313,NA,NA,70.1660383616868,6.59135511882512,132.039726735174,NA
2021-11-12,79644,65,63321,48,16323,17,69176,50,458836,687,528012,737,0,940,17,632,48,78072,1,2062,940,"Knox County",470313,NA,NA,156.7041523411,13.8205833136656,134.378594680564,NA
2021-11-11,79579,68,63273,44,16306,24,69126,54,458149,962,527275,1016,0,940,-2,615,70,78024,0,2061,940,"Knox County",470313,NA,NA,216.026348410527,14.4584563896809,130.763980583144,NA
2021-11-10,79511,76,63229,52,16282,24,69072,70,457187,855,526259,925,1,940,7,617,68,77954,2,2061,940,"Knox County",470313,NA,NA,196.677531771395,16.1594512590551,131.189229300487,NA
2021-11-09,79435,107,63177,77,16258,30,69002,134,456332,1174,525334,1308,1,939,32,610,74,77886,1,2059,940,"Knox County",470313,NA,NA,278.112661142686,22.7508063778803,129.700858789785,NA
2021-11-08,79328,77,63100,58,16228,19,68868,71,455158,687,524026,758,6,938,-8,578,79,77812,1,2058,939,"Knox County",470313,105.674306259874,0.0797780090183836,161.169263873208,16.3720756177269,122.896879312288,7.97780090183836
2021-11-07,79251,31,63042,20,16209,11,68797,23,454471,390,523268,413,0,932,-19,586,50,77733,1,2057,937,"Knox County",470313,96.7440831956591,0.0756333151084381,87.8138601314444,6.59135511882512,124.597874181662,7.56333151084381
2021-11-06,79220,41,63022,27,16198,14,68774,30,454081,453,522855,483,0,932,-2,605,43,77683,2,2056,935,"Knox County",470313,98.8703267823768,0.0765957446808511,102.697565238469,8.7175987055429,128.637736996426,7.65957446808511
2021-11-05,79179,52,62995,30,16184,22,68744,36,453628,605,522372,641,0,932,-25,607,77,77640,2,2054,934,"Knox County",470313,96.1062101196437,0.0753968253968254,136.29221390861,11.0564666509325,129.062985713769,7.53968253968254
2021-11-04,79127,68,62965,45,16162,23,68708,49,453023,668,521731,717,0,932,0,632,68,77563,1,2052,934,"Knox County",470313,96.1062101196437,0.0787416587225929,152.451665167665,14.4584563896809,134.378594680564,7.87416587225929
2021-11-03,79059,80,62920,60,16139,20,68659,66,452355,969,521014,1035,0,932,-1,632,81,77495,2,2051,933,"Knox County",470313,96.9567075543308,0.0763772175536881,220.06621122529,17.0099486937423,134.378594680564,7.63772175536881
2021-11-02,78979,41,62860,19,16119,22,68593,21,451386,301,519979,322,4,932,-51,633,88,77414,1,2049,933,"Knox County",470313,82.9234998819935,0.0677500572213321,68.4650434923126,8.7175987055429,134.591219039236,6.77500572213321
2021-11-01,78938,95,62841,71,16097,24,68572,82,451085,661,519657,743,1,928,-21,684,115,77326,3,2048,932,"Knox County",470313,86.7507383380855,0.0705098759761139,157.979898493131,20.1993140738189,145.435061331496,7.05098759761139
2021-10-31,78843,26,62770,19,16073,7,68490,19,450424,278,518914,297,0,927,-43,705,69,77211,1,2045,931,"Knox County",470313,85.6876165447266,0.0714959886739028,63.1494345255181,5.52823332546623,149.900172863604,7.14959886739028
2021-10-30,78817,55,62751,39,16066,16,68471,43,450146,522,518617,565,0,927,-24,748,79,77142,4,2044,931,"Knox County",470313,88.6643575661315,0.0731481481481481,120.132762649555,11.6943397269478,159.04302028649,7.31481481481481
2021-10-29,78762,73,62712,59,16050,14,68428,66,449624,846,518052,912,1,927,-34,772,106,77063,1,2040,931,"Knox County",470313,93.1294690982388,0.0753648442605097,193.913415108662,15.5215781830398,164.146004894613,7.53648442605097
2021-10-28,78689,54,62653,32,16036,22,68362,39,448778,561,517140,600,4,926,-51,806,101,76957,3,2039,930,"Knox County",470313,90.1527280768339,0.0751005811354493,127.574615203067,11.481715368276,171.375233089453,7.51005811354493
2021-10-27,78635,88,62621,56,16014,32,68323,65,448217,759,516540,824,1,922,-29,857,116,76856,3,2036,929,"Knox County",470313,91.8537229462082,0.0785831574008914,175.202471545545,18.7109435631165,182.219075381714,7.85831574008914
2021-10-26,78547,97,62565,57,15982,40,68258,55,447458,554,515716,609,0,921,-17,886,114,76740,4,2033,926,"Knox County",470313,103.760687031828,0.0810989010989011,129.488234431113,20.6245627911625,188.385181783195,8.10989010989011
2021-10-25,78450,71,62508,47,15942,24,68203,54,446904,491,515107,545,6,921,-69,903,134,76626,3,2029,925,"Knox County",470313,98.6577024237051,0.0783547794117647,115.880275476119,15.0963294656962,191.999795880616,7.83547794117647
2021-10-24,78379,37,62461,19,15918,18,68149,22,446413,337,514562,359,1,915,-71,972,107,76492,4,2026,924,"Knox County",470313,100.996570369095,0.0779338468509289,76.3321447631684,7.86710127085579,206.670876628968,7.79338468509289
2021-10-23,78342,59,62442,40,15900,19,68127,42,446076,471,514203,513,0,914,-17,1043,76,76385,1,2022,922,"Knox County",470313,101.847067803782,0.0786336542870243,109.076295998622,12.5448371616349,221.767206094665,7.86336542870243
2021-10-22,78283,91,62402,54,15881,37,68085,55,445605,551,513690,606,0,914,-70,1060,161,76309,2,2021,920,"Knox County",470313,105.674306259874,0.0818540433925049,128.850361355098,19.3488166391318,225.381820192085,8.18540433925049
2021-10-21,78192,124,62348,69,15844,55,68030,78,445054,712,513084,790,3,914,-23,1130,144,76148,2,2019,918,"Knox County",470313,120.558011366898,0.0873763542157324,167.973243350705,26.3654204753005,240.265525299109,8.73763542157324
2021-10-20,78068,150,62279,83,15789,67,67952,90,444342,959,512294,1049,3,911,-45,1153,192,76004,3,2017,917,"Knox County",470313,133.740721604548,0.088570789532543,223.042952246695,31.8936538007667,245.15588554856,8.85707895325431
2021-10-19,77918,131,62196,85,15722,46,67862,92,443383,724,511245,816,4,908,-41,1198,168,75812,4,2014,916,"Knox County",470313,140.969949799389,0.0925609234715691,173.501476676171,27.8537909860029,254.72398168879,9.2560923471569
2021-10-18,77787,121,62111,90,15676,31,67770,106,442659,607,510429,713,9,904,-73,1239,185,75644,8,2010,914,"Knox County",470313,151.601167732978,0.10008254230293,151.601167732978,25.7275473992852,263.441580394333,10.008254230293
2021-10-17,77666,61,62021,54,15645,7,67664,60,442052,303,509716,363,1,895,-67,1312,127,75459,4,2002,912,"Knox County",470313,156.7041523411,0.107835051546392,77.1826421978555,12.9700858789785,278.963158577373,10.7835051546392
2021-10-16,77605,55,61967,41,15638,14,67604,44,441749,372,509353,416,0,894,-82,1379,137,75332,1,1998,911,"Knox County",470313,155.853654906413,0.110456553755523,88.4517332074597,11.6943397269478,293.208990608382,11.0456553755523
2021-10-15,77550,124,61926,87,15624,37,67560,100,441377,794,508937,894,9,894,-68,1461,183,75195,5,1997,907,"Knox County",470313,162.870258742582,0.113072803015275,190.08617665257,26.3654204753005,310.644188019468,11.3072803015275
2021-10-14,77426,193,61839,134,15587,59,67460,144,440583,699,508043,843,0,885,8,1529,185,75012,7,1992,905,"Knox County",470313,177.541339490935,0.124852767962309,179.242334360309,41.0365012236532,325.102644409149,12.4852767962309
2021-10-13,77233,120,61705,86,15528,34,67316,98,439884,764,507200,862,7,885,-79,1521,192,74827,5,1985,901,"Knox County",470313,171.162608730781,0.131241084165478,183.282197175073,25.5149230406134,323.401649539775,13.1241084165478
2021-10-12,77113,137,61619,104,15494,33,67218,109,439120,821,506338,930,4,878,-81,1600,214,74635,3,1980,900,"Knox County",470313,172.438354882812,0.131647082254531,197.740653564754,29.1295371380336,340.198973874845,13.1647082254531
2021-10-11,76976,192,61515,135,15461,57,67109,149,438299,581,505408,730,3,874,-90,1681,279,74421,11,1977,894,"Knox County",470313,187.534684348508,0.139737991266376,155.215781830398,40.8238768649814,357.421546927259,13.9737991266376
2021-10-10,76784,54,61380,41,15404,13,66960,51,437718,489,504678,540,0,871,-90,1771,144,74142,4,1966,893,"Knox County",470313,186.046313837806,0.13326941514861,114.81715368276,11.481715368276,376.557739207719,13.326941514861
2021-10-09,76730,65,61339,35,15391,30,66909,48,437229,490,504138,538,0,871,-67,1861,132,73998,7,1962,891,"Knox County",470313,188.172557424524,0.1309724564362,114.391904965417,13.8205833136656,395.693931488179,13.09724564362
2021-10-08,76665,290,61304,112,15361,178,66861,123,436739,936,503600,1059,-1,871,77,1928,214,73866,5,1955,889,"Knox County",470313,223.468200964039,0.131225009087605,225.169195833413,61.6610640148157,409.939763519188,13.1225009087605
2021-10-07,76375,259,61192,169,15183,90,66738,176,435803,1106,502541,1282,6,872,-10,1851,263,73652,9,1950,886,"Knox County",470313,237.501408636376,0.12691466083151,272.58442781722,55.0697088959905,393.567687901461,12.691466083151
2021-10-06,76116,139,61023,103,15093,36,66562,112,434697,835,501259,947,1,866,-120,1861,258,73389,4,1941,885,"Knox County",470313,241.54127145114,0.12744772651842,201.355267662174,29.5547858553772,395.693931488179,12.744772651842
2021-10-05,75977,210,60920,116,15057,94,66450,137,433862,915,500312,1052,3,865,-73,1981,280,73131,4,1937,880,"Knox County",470313,257.06284963418,0.129472999349382,223.680825322711,44.6511153210734,421.208854528793,12.9472999349382
2021-10-04,75767,317,60804,225,14963,92,66313,246,432947,829,499260,1075,3,862,-13,2054,327,72851,4,1933,877,"Knox County",470313,283.640894468152,0.137532727552749,228.571185572162,67.4019216989537,436.730432711832,13.7532727552749
2021-10-03,75450,102,60579,93,14871,9,66067,107,432118,678,498185,785,1,859,-66,2067,167,72524,6,1929,876,"Knox County",470313,293.846863684397,0.140842980112793,166.910121557346,21.6876845845214,439.494549374565,14.0842980112793
2021-10-02,75348,68,60486,43,14862,25,65960,50,431440,472,497400,522,5,858,-143,2133,206,72357,2,1923,875,"Knox County",470313,294.484736760413,0.141475751264505,110.989915226668,14.4584563896809,453.527757046903,14.1475751264505
2021-10-01,75280,224,60443,150,14837,74,65910,167,430968,965,496878,1132,0,853,-78,2276,302,72151,9,1921,873,"Knox County",470313,280.451529088075,0.146431199411332,240.690774016453,47.6278563424783,483.933040336967,14.6431199411332
2021-09-30,75056,240,60293,166,14763,74,65743,186,430003,1104,495746,1290,1,853,-111,2354,350,71849,8,1912,871,"Knox County",470313,276.411666273312,0.147728943113332,274.285422686594,51.0298460812268,500.517740313366,14.7728943113332
2021-09-29,74816,362,60127,170,14689,192,65557,192,428899,1111,494456,1303,6,852,-97,2465,453,71499,7,1904,869,"Knox County",470313,323.826898257118,0.151557480094985,277.049539349327,76.9700178391837,524.119044125933,15.1557480094985
2021-09-28,74454,349,59957,247,14497,102,65365,270,427788,778,493153,1048,2,846,-73,2562,420,71046,1,1897,866,"Knox County",470313,353.381684112495,0.170230607966457,222.830327888024,74.2059011764506,544.743606917096,17.0230607966457
2021-09-27,74105,240,59710,162,14395,78,65095,186,427010,760,492105,946,7,844,-299,2635,532,70626,12,1896,864,"Knox County",470313,337.009608494768,0.164816396242528,201.142643303502,51.0298460812268,560.265185100135,16.4816396242528
2021-09-26,73865,124,59548,99,14317,25,64909,117,426250,703,491159,820,2,837,-161,2934,283,70094,0,1884,858,"Knox County",470313,341.687344385547,0.165415663503753,174.351974110858,26.3654204753005,623.839868342997,16.5415663503753
2021-09-25,73741,110,59449,90,14292,20,64792,102,425547,705,490339,807,0,835,-186,3095,296,69811,3,1884,854,"Knox County",470313,350.617567449762,0.166076776476994,171.587857448125,23.3886794538956,658.072390089153,16.6076776476994
2021-09-24,73631,242,59359,163,14272,79,64690,182,424842,939,489532,1121,13,835,-283,3281,512,69515,5,1881,849,"Knox County",470313,354.444805905854,0.168370824812543,238.351906071063,51.4550947985703,697.620520802104,16.8370824812543
2021-09-23,73389,355,59196,244,14193,111,64508,268,423903,1371,488411,1639,14,822,-246,3564,587,69003,8,1876,846,"Knox County",470313,378.896607153109,0.171395106715252,348.491323863044,75.4816473284812,757.793214306217,17.1395106715252
2021-09-22,73034,252,58952,187,14082,65,64240,202,422532,1261,486772,1463,3,808,-357,3810,606,68416,4,1868,843,"Knox County",470313,355.507927699213,0.169173890872004,311.069436736811,53.5813383852881,810.098806539475,16.9173890872004
2021-09-21,72782,397,58765,216,14017,181,64038,230,421271,996,485309,1226,10,805,-391,4167,778,67810,7,1864,835,"Knox County",470313,365.713896915458,0.160433807030666,260.6774637316,84.4118703926959,886.0057025853,16.0433807030666
2021-09-20,72385,435,58549,312,13836,123,63808,345,420275,1295,484083,1640,5,795,118,4558,312,67032,9,1857,831,"Knox County",470313,407.175646856455,0.16590178981184,348.703948221716,92.4915960222235,969.141826825965,16.590178981184
2021-09-19,71950,120,58237,86,13713,34,63463,97,418980,432,482443,529,1,790,-185,4440,304,66720,7,1848,824,"Knox County",470313,406.325149421768,0.169258160237389,112.478285737371,25.5149230406134,944.052152502695,16.9258160237389
2021-09-18,71830,226,58151,183,13679,43,63366,197,418548,1075,481914,1272,0,789,-88,4625,314,66416,7,1841,816,"Knox County",470313,430.989575027694,0.171091113610799,270.458184230502,48.0531050598219,983.387658856974,17.1091113610799
2021-09-17,71604,547,57968,421,13636,126,63169,450,417473,1310,480642,1760,5,789,15,4713,527,66102,12,1834,804,"Knox County",470313,495.840004422587,0.18774268023927,374.21887126233,116.305524193463,1002.09860242009,18.774268023927
2021-09-16,71057,589,57547,455,13510,134,62719,487,416163,1518,478882,2005,7,784,4,4698,578,65575,16,1822,799,"Knox County",470313,545.594104351783,0.202930773117736,426.311839136915,125.235747257677,998.909237040014,20.2930773117736
2021-09-15,70468,338,57092,249,13376,89,62232,267,414645,808,476877,1075,6,777,-293,4694,625,64997,5,1806,797,"Knox County",470313,563.879799197556,0.218049857999369,228.571185572162,71.867033231061,998.058739605327,21.8049857999369
2021-09-14,70130,555,56843,441,13287,114,61965,476,413837,1406,475802,1882,12,771,-138,4987,681,64372,8,1801,793,"Knox County",470313,597.474447867697,0.228180655318312,400.159043020287,118.006519062837,1060.35767669616,22.8180655318312
2021-09-13,69575,400,56402,300,13173,100,61489,333,412431,1134,473920,1467,20,759,-390,5125,770,63691,15,1793,790,"Knox County",470313,590.032595314184,0.230930930930931,311.919934171499,85.0497434687113,1089.69983819286,23.0930930930931
2021-09-12,69175,387,56102,358,13073,29,61156,377,411297,1460,472453,1837,0,739,98,5515,289,62921,4,1778,782,"Knox County",470313,646.803299079549,0.228978580279696,390.590946880056,82.2856268059781,1172.62333807486,22.8978580279696
2021-09-11,68788,866,55744,706,13044,160,60779,763,409837,2621,470616,3384,4,739,512,5417,350,62632,23,1774,774,"Knox County",470313,782.882888629487,0.235123042505593,719.520829745297,184.13269460976,1151.78615092502,23.5123042505593
2021-09-10,67922,1025,55038,748,12884,277,60016,801,407216,2513,467232,3314,1,735,471,4905,553,62282,20,1751,764,"Knox County",470313,884.517332074597,0.234161988773055,704.637124638273,217.939967638573,1042.92247928507,23.4161988773055
2021-09-09,66897,310,54290,166,12607,144,59215,172,404703,685,463918,857,1,734,-387,4434,696,61729,16,1731,757,"Knox County",470313,825.195136005171,0.230819339895773,182.219075381714,65.9135511882512,942.776406350664,23.0819339895773
2021-09-08,66587,289,54124,225,12463,64,59043,249,404018,837,463061,1086,5,733,-443,4821,727,61033,10,1715,753,"Knox County",470313,814.776542430254,0.229333911911478,230.910053517551,61.4484396561439,1025.06203315664,22.9333911911478
2021-09-07,66298,416,53899,299,12399,117,58794,311,403181,979,461975,1290,3,728,-208,5264,621,60306,13,1705,750,"Knox County",470313,785.221756574877,0.227125047223272,274.285422686594,88.4517332074597,1119.25462404824,22.7125047223272
2021-09-06,65882,990,53600,789,12282,201,58483,842,402202,3221,460685,4063,1,725,365,5472,624,59685,17,1692,749,"Knox County",470313,910.670128191226,0.222032720611459,863.892769283435,210.49811508506,1163.48049065197,22.2032720611459
2021-09-05,64892,969,52811,799,12081,170,57641,835,398981,2999,456622,3834,2,724,634,5107,333,59061,14,1675,746,"Knox County",470313,1034.4175049382,0.22285169396455,815.201791147597,206.033003552953,1085.87259973677,22.285169396455
2021-09-04,63923,543,52012,386,11911,157,56806,409,395982,1502,452788,1911,2,722,236,4473,305,58728,10,1661,742,"Knox County",470313,965.739837087216,0.221277896667686,406.325149421768,115.455026758776,951.068756338864,22.1277896667686
2021-09-03,63380,334,51626,233,11754,101,56397,249,394480,909,450877,1158,5,720,-140,4237,469,58423,8,1651,738,"Knox County",470313,818.816405245018,0.216001126839918,246.219007341919,71.0165357963739,900.889407692324,21.6001126839918
2021-09-02,63046,323,51393,178,11653,145,56148,200,393571,681,449719,881,3,715,-154,4377,474,57954,5,1643,734,"Knox County",470313,821.580521907751,0.217605287210856,187.322059989837,68.6776678509843,930.656817906373,21.7605287210856
2021-09-01,62723,276,51215,211,11508,65,55948,226,392890,645,448838,871,3,712,-121,4531,394,57480,2,1638,731,"Knox County",470313,818.816405245018,0.219303255282696,185.195816403119,58.6843229934108,963.400969141827,21.9303255282696
2021-08-31,62447,596,51004,431,11443,165,55722,479,392245,1894,447967,2373,2,709,189,4652,405,57086,8,1636,729,"Knox County",470313,857.088789805938,0.214697501822278,504.55760312813,126.72411776838,989.128516541112,21.4697501822278
2021-08-30,61851,513,50573,401,11278,112,55243,430,390351,1630,445594,2060,9,707,101,4463,403,56681,11,1628,726,"Knox County",470313,755.6669707195,0.216075794621027,438.006178863863,109.076295998622,948.942512752146,21.6075794621027
2021-08-29,61338,483,50172,406,11166,77,54813,439,388721,1485,443534,1924,1,698,257,4362,225,56278,5,1617,720,"Knox County",470313,652.331532405015,0.217570227232063,409.089266084501,102.697565238469,927.467452526296,21.7570227232063
2021-08-28,60855,398,49766,301,11089,97,54374,320,387236,1065,441610,1385,0,697,192,4105,206,56053,4,1612,714,"Knox County",470313,621.501000397608,0.219958693203154,294.484736760413,84.6244947513677,872.822992347649,21.9958693203154
2021-08-27,60457,473,49465,370,10992,103,54054,389,386171,1166,440225,1555,5,697,196,3913,272,55847,4,1608,711,"Knox County",470313,651.055786252985,0.224726219567382,330.630877734615,100.571321651751,831.999115482668,22.4726219567382
2021-08-26,59984,449,49095,347,10889,102,53665,367,385005,1426,438670,1793,5,692,155,3717,289,55575,0,1604,710,"Knox County",470313,677.846455445629,0.221553381824262,381.235475098498,95.4683370436284,790.324741182999,22.1553381824262
2021-08-25,59535,351,48748,222,10787,129,53298,237,383579,642,436877,879,2,687,90,3562,259,55286,4,1604,706,"Knox County",470313,693.793282346012,0.222324337872838,186.896811272493,74.6311498937941,757.367965588874,22.2324337872838
2021-08-24,59184,342,48526,222,10658,120,53061,237,382937,677,435998,914,4,685,77,3472,261,55027,5,1600,697,"Knox County",470313,639.78669524338,0.230161750713606,194.338663826005,72.7175306657481,738.231773308414,23.0161750713606
2021-08-23,58842,287,48304,205,10538,82,52824,227,382260,825,435084,1052,1,681,29,3395,257,54766,1,1595,697,"Knox County",470313,591.733590183559,0.233214060197853,223.680825322711,61.0231909388003,721.859697690687,23.3214060197853
2021-08-22,58555,240,48099,217,10456,23,52597,233,381435,889,434032,1122,2,680,69,3366,169,54509,0,1594,694,"Knox County",470313,540.065871026316,0.231034482758621,238.564530429735,51.0298460812268,715.693591289205,23.1034482758621
2021-08-21,58315,496,47882,371,10433,125,52364,411,380546,1905,432910,2316,0,678,381,3297,115,54340,8,1594,692,"Knox County",470313,560.903058176151,0.218149724846849,492.438014683838,105.461681901202,701.022510540853,21.8149724846849
2021-08-20,57819,424,47511,329,10308,95,51953,357,378641,1148,430594,1505,0,678,231,2916,193,54225,6,1586,690,"Knox County",470313,550.484464601234,0.215948230873604,319.999659801026,90.1527280768339,620.012629886905,21.5948230873604
2021-08-19,57395,368,47182,253,10213,115,51596,264,377493,952,429089,1216,1,678,203,2685,164,54032,6,1580,687,"Knox County",470313,533.26189154882,0.218347401155042,258.551220144882,78.2457639912144,570.896403033724,21.8347401155042
2021-08-18,57027,263,46929,186,10098,77,51332,199,376541,914,427873,1113,2,677,97,2482,164,53868,5,1574,687,"Knox County",470313,514.550947985703,0.208703182507036,236.650911201689,55.9202063306777,527.733658223353,20.8703182507036
2021-08-17,56764,263,46743,180,10021,83,51133,196,375627,1042,426760,1238,0,675,102,2385,161,53704,5,1569,687,"Knox County",470313,497.753623650633,0.197343651955658,263.228956035661,55.9202063306777,507.109095432191,19.7343651955658
2021-08-16,56501,185,46563,125,9938,60,50937,132,374585,422,425522,554,2,675,-25,2283,208,53543,5,1564,684,"Knox County",470313,476.065939066111,0.197705207413945,117.793894704165,39.335506354279,485.42141084767,19.7705207413945
2021-08-15,56316,204,46438,181,9878,23,50805,199,374163,953,424968,1152,3,673,80,2308,121,53335,6,1559,684,"Knox County",470313,468.411462153927,0.19331427314713,244.943261189888,43.3753691690427,490.737019814464,19.331427314713
2021-08-14,56112,219,46257,146,9855,73,50606,153,373210,794,423816,947,0,670,96,2228,123,53214,4,1553,683,"Knox County",470313,409.514514801845,0.194174757281553,201.355267662174,46.5647345491194,473.727071120722,19.4174757281553
2021-08-13,55893,265,46111,204,9782,61,50453,218,372416,1470,422869,1688,1,670,123,2132,141,53091,5,1549,681,"Knox County",470313,375.707241773032,0.172104198280223,358.909917437962,56.3454550480212,453.315132688231,17.2104198280223
2021-08-12,55628,222,45907,143,9721,79,50235,152,370946,643,421181,795,2,669,82,2009,138,52950,7,1544,678,"Knox County",470313,344.664085406952,0.166822492320021,169.036365144064,47.2026076251348,427.162336571602,16.6822492320021
2021-08-11,55406,316,45764,238,9642,78,50083,248,370303,989,420386,1237,1,667,183,1927,132,52812,9,1537,676,"Knox County",470313,355.933176416557,0.170542635658915,263.01633167699,67.1892973402819,409.727139160517,17.0542635658915
2021-08-10,55090,173,45526,108,9564,65,49835,121,369314,621,419149,742,1,666,56,1744,116,52680,2,1528,674,"Knox County",470313,336.796984136097,0.171890372452565,157.767274134459,36.7840140502176,370.816881523581,17.1890372452565
2021-08-09,54917,197,45418,158,9499,39,49714,167,368693,753,418407,920,1,665,75,1688,121,52564,4,1526,670,"Knox County",470313,339.348476440158,0.168159336987034,195.614409978036,41.8869986583403,358.909917437962,16.8159336987034
2021-08-08,54720,88,45260,66,9460,22,49547,75,367940,418,417487,493,1,664,22,1613,65,52443,4,1522,669,"Knox County",470313,314.684050834232,0.16622691292876,104.823808825187,18.7109435631165,342.963090537578,16.622691292876
2021-08-07,54632,105,45194,74,9438,31,49472,80,367522,638,416994,718,0,663,44,1591,61,52378,2,1518,669,"Knox County",470313,290.444873945649,0.16092825724253,152.664289526337,22.3255576605367,338.285354646799,16.092825724253
2021-08-06,54527,203,45120,147,9407,56,49392,163,366884,879,416276,1042,0,663,139,1547,64,52317,10,1516,669,"Knox County",470313,277.262163707999,0.169160921473012,221.554581735993,43.162744810371,328.929882865241,16.9160921473012
2021-08-05,54324,174,44973,130,9351,44,49229,147,366005,850,415234,997,2,663,102,1408,70,52253,4,1506,668,"Knox County",470313,267.056194491753,0.162790697674419,211.986485595763,36.9966384088894,299.375097009864,16.2790697674419
2021-08-04,54150,144,44843,100,9307,44,49082,105,365155,656,414237,761,1,661,70,1306,73,52183,4,1502,666,"Knox County",470313,230.484804800208,0.151242728714966,161.807136949223,30.6179076487361,277.687412425342,15.1242728714966
2021-08-03,54006,238,44743,175,9263,63,48977,183,364499,814,413476,997,0,660,161,1236,77,52110,5,1498,665,"Knox County",470313,244.305388113873,0.155195681511471,211.986485595763,50.6045973638832,262.803707318318,15.5195681511471
2021-08-02,53768,97,44568,75,9200,22,48794,83,363685,532,412479,615,2,660,-4,1075,99,52033,3,1493,663,"Knox County",470313,223.042952246695,0.14867508447448,130.763980583144,20.6245627911625,228.571185572162,14.867508447448
2021-08-01,53671,107,44493,91,9178,16,48711,99,363153,526,411864,625,0,658,63,1079,44,51934,2,1490,663,"Knox County",470313,227.082815061459,0.149435273675065,132.890224169861,22.7508063778803,229.421683006849,14.9435273675065
2021-07-31,53564,104,44402,64,9162,40,48612,68,362627,399,411239,467,1,658,46,1016,57,51890,6,1488,661,"Knox County",470313,226.870190702787,0.15406976744186,99.2955754997204,22.1129333018649,216.026348410527,15.406976744186
2021-07-30,53460,118,44338,82,9122,36,48544,89,362228,339,410772,428,1,657,79,970,38,51833,0,1482,661,"Knox County",470313,208.797120215686,0.158282208588957,91.0032255115211,25.0896743232698,206.245627911625,15.8282208588957
2021-07-29,53342,117,44256,64,9086,53,48455,68,361889,483,410344,551,0,656,82,891,35,51795,1,1482,660,"Knox County",470313,196.677531771395,0.156390639063906,117.15602162815,24.877049964598,189.448303576554,15.6390639063906
2021-07-28,53225,131,44192,89,9033,42,48387,95,361406,536,409793,631,0,656,80,809,51,51760,4,1481,659,"Knox County",470313,193.913415108662,0.15878535002318,134.165970321892,27.8537909860029,172.013106165469,15.878535002318
2021-07-27,53094,117,44103,78,8991,39,48292,84,360870,499,409162,583,0,656,85,729,32,51709,4,1477,659,"Knox County",470313,168.185867709377,0.15025641025641,123.960001105647,24.877049964598,155.003157471726,15.025641025641
2021-07-26,52977,97,44025,73,8952,24,48208,79,360371,371,408579,450,1,656,61,644,35,51677,4,1473,659,"Knox County",470313,168.185867709377,0.155823293172691,95.6809614023002,20.6245627911625,136.930086984625,15.5823293172691
2021-07-25,52880,51,43952,43,8928,8,48129,44,360000,320,408129,364,3,655,22,583,26,51642,5,1469,659,"Knox County",470313,156.278903623757,0.151698330454807,77.3952665565272,10.8438422922607,123.960001105647,15.1698330454807
2021-07-24,52829,64,43909,42,8920,22,48085,44,359680,348,407765,392,0,652,39,561,25,51616,1,1464,658,"Knox County",470313,147.773929276886,0.14798470138276,83.348748599337,13.6079589549938,119.282265214868,14.798470138276
2021-07-23,52765,56,43867,31,8898,25,48041,32,359332,321,407373,353,1,652,24,522,31,51591,3,1463,656,"Knox County",470313,134.591219039236,0.134175691937425,75.0563986111377,11.9069640856196,110.989915226668,13.4175691937425
2021-07-22,52709,94,43836,69,8873,25,48009,78,359011,474,407020,552,0,651,70,498,24,51560,3,1460,655,"Knox County",470313,129.700858789785,0.137142857142857,117.368645986822,19.9866897151471,105.886930618546,13.7142857142857
2021-07-21,52615,61,43767,47,8848,14,47931,46,358537,411,406468,457,1,651,33,428,27,51536,1,1457,655,"Knox County",470313,114.81715368276,0.129165344335132,97.1693319130026,12.9700858789785,91.0032255115211,12.9165344335132
2021-07-20,52554,78,43720,42,8834,36,47885,45,358126,299,406011,344,0,650,54,395,24,51509,3,1456,655,"Knox County",470313,106.524803694561,0.126373626373626,73.1427793830917,16.5846999763987,83.9866216753524,12.6373626373626
2021-07-19,52476,48,43678,36,8798,12,47840,42,357827,348,405667,390,0,650,28,341,20,51485,0,1453,655,"Knox County",470313,96.1062101196437,0.116058906030856,82.9234998819935,10.2059692162454,72.5049063070764,11.6058906030856
2021-07-18,52428,36,43642,30,8786,6,47798,31,357479,272,405277,303,0,650,27,313,9,51465,1,1453,655,"Knox County",470313,92.9168447395671,0.113937656753852,64.4251806775488,7.65447691218401,66.5514242642666,11.3937656753852
2021-07-17,52392,27,43612,20,8780,7,47767,21,357207,202,404974,223,0,650,12,286,15,51456,1,1452,654,"Knox County",470313,85.0497434687113,0.112509534706331,47.4152319838065,5.74085768413801,60.8105665801286,11.2509534706331
2021-07-16,52365,37,43592,21,8773,16,47746,22,357005,291,404751,313,0,650,25,274,12,51441,1,1451,654,"Knox County",470313,81.0098806539475,0.110379550735864,66.5514242642666,7.86710127085579,58.2590742760672,11.0379550735864
2021-07-15,52328,55,43571,42,8757,13,47724,44,356714,364,404438,408,-1,650,36,249,20,51429,1,1450,654,"Knox County",470313,72.7175306657481,0.102953240360952,86.7507383380855,11.6943397269478,52.9434653092728,10.2953240360952
2021-07-14,52273,21,43529,16,8744,5,47680,16,356350,269,404030,285,0,651,8,213,13,51409,2,1449,654,"Knox County",470313,64.212556318877,0.0975286849073257,60.5979422214568,4.46511153210734,45.2889883970888,9.75286849073257
2021-07-13,52252,42,43513,26,8739,16,47664,29,356081,355,403745,384,3,651,28,205,11,51396,3,1447,654,"Knox County",470313,56.558079406693,0.0888985255854293,81.6477537299628,8.93022306421468,43.5879935277145,8.88985255854293
2021-07-12,52210,27,43487,21,8723,6,47635,24,355726,270,403361,294,0,648,16,177,11,51385,1,1444,654,"Knox County",470313,52.0929678745856,0.0846153846153846,62.5115614495028,5.74085768413801,37.6345114849047,8.46153846153846
2021-07-11,52183,8,43466,3,8717,5,47611,4,355456,136,403067,140,0,648,1,161,7,51374,0,1443,653,"Knox County",470313,46.1394858317759,0.0781631656082071,29.7674102140489,1.70099486937423,34.2325217461563,7.81631656082071
2021-07-10,52175,20,43463,16,8712,4,47607,16,355320,191,402927,207,0,648,12,160,8,51367,2,1443,653,"Knox County",470313,44.6511153210734,0.0763170851797144,44.0132422450581,4.25248717343556,34.0198973874845,7.63170851797144
2021-07-09,52155,27,43447,21,8708,6,47591,21,355129,338,402720,359,0,648,12,148,15,51359,0,1441,653,"Knox County",470313,42.5248717343556,0.0741454020221473,76.3321447631684,5.74085768413801,31.4684050834232,7.41454020221473
2021-07-08,52128,19,43426,14,8702,5,47570,16,354791,317,402361,333,0,648,6,136,13,51344,0,1441,652,"Knox County",470313,34.8703948221716,0.0629370629370629,70.8039114377021,4.03986281476378,28.9169127793618,6.29370629370629
2021-07-07,52109,18,43412,4,8697,14,47554,5,354474,333,402028,338,1,648,8,130,9,51331,1,1441,650,"Knox County",470313,34.2325217461563,0.0559610705596107,71.867033231061,3.82723845609201,27.6411666273312,5.59610705596107
2021-07-06,52091,24,43408,9,8683,15,47549,14,354141,263,401690,277,0,647,14,122,10,51322,2,1440,650,"Knox County",470313,30.4052832900643,0.0513347022587269,58.8969473520825,5.10298460812268,25.9401717579569,5.13347022587269
2021-07-05,52067,10,43399,7,8668,3,47535,6,353878,105,401413,111,0,647,0,108,10,51312,1,1438,650,"Knox County",470313,26.790669192644,0.0464589235127479,23.6013038125674,2.12624358671778,22.963430736552,4.64589235127479
2021-07-04,52057,8,43392,7,8665,1,47529,7,353773,143,401302,150,0,647,0,108,8,51302,1,1437,650,"Knox County",470313,26.790669192644,0.047887323943662,31.8936538007667,1.70099486937423,22.963430736552,4.7887323943662
2021-07-03,52049,9,43385,7,8664,2,47522,7,353630,185,401152,192,0,647,-2,108,11,51294,1,1436,650,"Knox County",470313,24.4518012472545,0.0431818181818182,40.8238768649814,1.913619228046,22.963430736552,4.31818181818182
2021-07-02,52040,17,43378,13,8662,4,47515,17,353445,342,400960,359,-1,647,10,110,8,51283,0,1435,650,"Knox County",470313,22.3255576605367,0.0409090909090909,76.3321447631684,3.61461409742023,23.3886794538956,4.09090909090909
2021-07-01,52023,18,43365,15,8658,3,47498,17,353103,248,400601,265,-1,648,13,100,6,51275,1,1435,650,"Knox County",470313,22.1129333018649,0.0431442080378251,56.3454550480212,3.82723845609201,21.2624358671778,4.31442080378251
2021-06-30,52005,18,43350,12,8655,6,47481,11,352855,299,400336,310,0,649,9,87,9,51269,0,1434,650,"Knox County",470313,22.1129333018649,0.0474759615384615,65.9135511882512,3.82723845609201,18.4983192044447,4.74759615384615
2021-06-29,51987,21,43338,16,8649,5,47470,19,352556,438,400026,457,0,649,8,78,13,51260,1,1434,650,"Knox County",470313,21.4750602258496,0.0455531453362256,97.1693319130026,4.46511153210734,16.5846999763987,4.55531453362256
2021-06-28,51966,9,43322,2,8644,7,47451,2,352118,113,399569,115,0,649,-4,70,13,51247,0,1433,650,"Knox County",470313,21.2624358671778,0.0432900432900433,24.4518012472545,1.913619228046,14.8837051070245,4.32900432900433
2021-06-27,51957,5,43320,3,8637,2,47449,3,352005,151,399454,154,0,649,0,74,5,51234,0,1433,650,"Knox County",470313,20.6245627911625,0.041036717062635,32.7441512354538,1.06312179335889,15.7342025417116,4.1036717062635
2021-06-26,51952,3,43317,2,8635,1,47446,2,351854,206,399300,208,0,649,0,74,3,51229,0,1433,650,"Knox County",470313,19.3488166391318,0.0380085653104925,44.2258666037299,0.637873076015334,15.7342025417116,3.80085653104925
2021-06-25,51949,13,43315,9,8634,4,47444,11,351648,311,399092,322,0,649,4,74,9,51226,0,1433,650,"Knox County",470313,18.4983192044447,0.0354997269251775,68.4650434923126,2.76411666273312,15.7342025417116,3.54997269251775
2021-06-24,51936,14,43306,9,8630,5,47433,10,351337,364,398770,374,1,649,8,70,5,51217,1,1433,650,"Knox County",470313,17.6478217697576,0.0298969072164948,79.521510143245,2.97674102140489,14.8837051070245,2.98969072164948
2021-06-23,51922,13,43297,6,8625,7,47423,8,350973,282,398396,290,0,648,6,62,7,51212,0,1432,649,"Knox County",470313,16.5846999763987,0.0286458333333333,61.6610640148157,2.76411666273312,13.1827102376502,2.86458333333333
2021-06-22,51909,14,43291,5,8618,9,47415,5,350691,247,398106,252,2,648,10,56,2,51205,1,1432,648,"Knox County",470313,15.0963294656962,0.0239067055393586,53.5813383852881,2.97674102140489,11.9069640856196,2.39067055393586
2021-06-21,51895,9,43286,8,8609,1,47410,9,350444,289,397854,298,0,646,5,46,4,51203,1,1431,647,"Knox County",470313,15.0963294656962,0.0252897787144362,63.3620588841899,1.913619228046,9.7807204989018,2.52897787144363
2021-06-20,51886,3,43278,2,8608,1,47401,3,350155,161,397556,164,1,646,-2,41,4,51199,0,1430,647,"Knox County",470313,14.6710807483527,0.0251572327044025,34.8703948221716,0.637873076015334,8.7175987055429,2.51572327044025
2021-06-19,51883,3,43276,1,8607,2,47398,1,349994,191,397392,192,0,645,-3,43,6,51195,0,1430,647,"Knox County",470313,14.6710807483527,0.0248414376321353,40.8238768649814,0.637873076015334,9.14284742288646,2.48414376321353
2021-06-18,51880,6,43275,4,8605,2,47397,3,349803,283,397200,286,1,645,-5,46,10,51189,0,1430,647,"Knox County",470313,13.1827102376502,0.0210129310344828,60.8105665801286,1.27574615203067,9.7807204989018,2.10129310344828
2021-06-17,51874,12,43271,8,8603,4,47394,9,349520,515,396914,524,0,644,6,51,6,51179,0,1430,647,"Knox County",470313,12.7574615203067,0.0189431704885344,111.415163944012,2.55149230406134,10.8438422922607,1.89431704885344
2021-06-16,51862,7,43263,4,8599,3,47385,4,349005,362,396390,366,1,644,-6,45,12,51173,0,1430,646,"Knox County",470313,11.481715368276,0.0163304514889529,77.8205152738708,1.48837051070245,9.56809614023002,1.63304514889529
2021-06-15,51855,13,43259,9,8596,4,47381,14,348643,428,396024,442,0,643,-2,51,15,51161,0,1430,646,"Knox County",470313,11.2690910096042,0.0189260563380282,93.9799665329259,2.76411666273312,10.8438422922607,1.89260563380282
2021-06-14,51842,7,43250,2,8592,5,47367,3,348215,260,395582,263,1,643,-5,53,11,51146,0,1430,646,"Knox County",470313,10.8438422922607,0.0165400089405454,55.9202063306777,1.48837051070245,11.2690910096042,1.65400089405454
2021-06-13,51835,3,43248,3,8587,0,47364,4,347955,128,395319,132,0,642,-5,58,8,51135,1,1430,646,"Knox County",470313,10.8438422922607,0.0172335600907029,28.0664153446747,0.637873076015334,12.3322128029631,1.72335600907029
2021-06-12,51832,2,43245,1,8587,1,47360,1,347827,226,395187,227,0,642,-6,63,8,51127,0,1429,646,"Knox County",470313,10.6312179335889,0.0169642857142857,48.2657294184936,0.425248717343556,13.395334596322,1.69642857142857
2021-06-11,51830,7,43244,3,8586,4,47359,2,347601,318,394960,320,0,642,-2,69,9,51119,0,1429,645,"Knox County",470313,10.8438422922607,0.0162708883025506,68.039794774969,1.48837051070245,14.6710807483527,1.62708883025506
2021-06-10,51823,7,43241,4,8582,3,47357,5,347283,358,394640,363,0,642,-1,71,8,51110,0,1429,644,"Knox County",470313,9.7807204989018,0.0156176053005206,77.1826421978555,1.48837051070245,15.0963294656962,1.56176053005206
2021-06-09,51816,2,43237,1,8579,1,47352,1,346925,367,394277,368,1,642,-17,72,18,51102,0,1429,644,"Knox County",470313,8.7175987055429,0.0141843971631206,78.2457639912144,0.425248717343556,15.308953824368,1.41843971631206
2021-06-08,51814,5,43236,3,8578,2,47351,4,346558,266,393909,270,1,641,-17,89,21,51084,0,1429,643,"Knox County",470313,7.01660383616868,0.0102933607822954,57.4085768413801,1.06312179335889,18.9235679217883,1.02933607822954
2021-06-07,51809,15,43233,9,8576,6,47347,10,346292,316,393639,326,0,640,-8,106,23,51063,2,1429,642,"Knox County",470313,8.7175987055429,0.0134596211365902,69.3155409269997,3.18936538007667,22.5381820192085,1.34596211365902
2021-06-06,51794,4,43224,2,8570,2,47337,2,345976,178,393313,180,0,640,-5,114,9,51040,0,1427,642,"Knox County",470313,8.93022306421468,0.0121713729308666,38.2723845609201,0.850497434687113,24.2391768885827,1.21713729308666
2021-06-05,51790,5,43222,2,8568,3,47335,3,345798,258,393133,261,0,640,-9,119,14,51031,0,1427,642,"Knox County",470313,9.56809614023002,0.0129310344827586,55.4949576133341,1.06312179335889,25.3022986819416,1.29310344827586
2021-06-04,51785,7,43220,2,8565,5,47332,3,345540,325,392872,328,1,640,-9,128,15,51017,0,1427,642,"Knox County",470313,9.56809614023002,0.0133587786259542,69.7407896443432,1.48837051070245,27.2159179099876,1.33587786259542
2021-06-03,51778,7,43218,4,8560,3,47329,6,345215,458,392544,464,0,639,-12,137,19,51002,0,1427,642,"Knox County",470313,9.56809614023002,0.0131998179335457,98.6577024237051,1.48837051070245,29.1295371380336,1.31998179335457
2021-06-02,51771,20,43214,7,8557,13,47323,6,344757,282,392080,288,0,639,5,149,15,50983,1,1427,642,"Knox County",470313,13.395334596322,0.0160604629192253,61.2358152974721,4.25248717343556,31.6810294420949,1.60604629192253
2021-06-01,51751,12,43207,9,8544,3,47317,10,344475,291,391792,301,0,639,-10,144,22,50968,1,1426,642,"Knox County",470313,14.8837051070245,0.0186219739292365,63.9999319602052,2.55149230406134,30.6179076487361,1.86219739292365
2021-05-31,51739,17,43198,14,8541,3,47307,12,344184,354,391491,366,0,639,-1,154,18,50946,0,1425,642,"Knox County",470313,15.308953824368,0.0191956124314442,77.8205152738708,3.61461409742023,32.7441512354538,1.91956124314442
2021-05-30,51722,3,43184,1,8538,2,47295,1,343830,203,391125,204,0,639,-9,155,12,50928,0,1425,642,"Knox County",470313,15.0963294656962,0.0185352622061483,43.3753691690427,0.637873076015334,32.9567755941256,1.85352622061483
2021-05-29,51719,14,43183,7,8536,7,47294,6,343627,199,390921,205,0,639,-14,164,28,50916,1,1425,642,"Knox County",470313,17.0099486937423,0.0204081632653061,43.5879935277145,2.97674102140489,34.8703948221716,2.04081632653061
2021-05-28,51705,11,43176,6,8529,5,47288,10,343428,390,390716,400,0,639,-10,178,21,50888,1,1424,641,"Knox County",470313,17.8604461284294,0.0228904847396768,85.0497434687113,2.33886794538956,37.8471358435765,2.28904847396768
2021-05-27,51694,23,43170,8,8524,15,47278,9,343038,341,390316,350,0,639,-5,188,28,50867,1,1423,641,"Knox County",470313,21.2624358671778,0.0255439924314096,74.4185255351224,4.8903602494509,39.9733794302943,2.55439924314096
2021-05-26,51671,17,43162,8,8509,9,47269,11,342697,571,389966,582,0,639,-7,193,24,50839,0,1422,641,"Knox County",470313,20.6245627911625,0.0245016611295681,123.747376746975,3.61461409742023,41.0365012236532,2.45016611295681
2021-05-25,51654,17,43154,8,8500,9,47258,7,342126,311,389384,318,0,639,-11,200,28,50815,1,1422,641,"Knox County",470313,21.6876845845214,0.0230927835051546,67.6145460576254,3.61461409742023,42.5248717343556,2.30927835051546
2021-05-24,51637,25,43146,21,8491,4,47251,24,341815,425,389066,449,0,639,-11,211,36,50787,1,1421,641,"Knox County",470313,23.3886794538956,0.0271132376395534,95.4683370436284,5.31560896679445,44.8637396797452,2.71132376395534
2021-05-23,51612,16,43125,8,8487,8,47227,8,341390,225,388617,233,1,639,-5,222,20,50751,1,1420,641,"Knox County",470313,26.1527961166287,0.0295624753646039,49.5414755705243,3.40198973874845,47.2026076251348,2.95624753646039
2021-05-22,51596,8,43117,4,8479,4,47219,4,341165,269,388384,273,0,638,-6,227,14,50731,0,1419,640,"Knox County",470313,24.877049964598,0.0280230326295585,58.0464499173954,1.70099486937423,48.2657294184936,2.80230326295585
2021-05-21,51588,16,43113,12,8475,4,47215,14,340896,377,388111,391,0,638,-17,233,33,50717,1,1419,640,"Knox County",470313,25.9401717579569,0.0296610169491525,83.1361242406653,3.40198973874845,49.5414755705243,2.96610169491525
2021-05-20,51572,34,43101,26,8471,8,47201,27,340519,594,387720,621,0,638,6,250,28,50684,1,1418,639,"Knox County",470313,28.2790397033465,0.0331356818974538,132.039726735174,7.22922819484046,53.1560896679445,3.31356818974538
2021-05-19,51538,14,43075,6,8463,8,47174,6,339925,544,387099,550,0,638,-29,244,43,50656,1,1417,639,"Knox County",470313,27.6411666273312,0.0317460317460317,116.943397269478,2.97674102140489,51.8803435159139,3.17460317460317
2021-05-18,51524,24,43069,14,8455,10,47168,14,339381,444,386549,458,1,638,-21,273,44,50613,0,1416,639,"Knox County",470313,29.1295371380336,0.0326050420168067,97.3819562716744,5.10298460812268,58.0464499173954,3.26050420168067
2021-05-17,51500,15,43055,7,8445,8,47154,8,338937,420,386091,428,0,637,-18,294,33,50569,0,1416,638,"Knox County",470313,27.0032935513158,0.0274204468517265,91.0032255115211,3.18936538007667,62.5115614495028,2.74204468517265
2021-05-16,51485,22,43048,13,8437,9,47146,12,338517,272,385663,284,1,637,-10,312,31,50536,1,1416,638,"Knox County",470313,28.2790397033465,0.0282861896838602,60.385317862785,4.67773589077912,66.3387999055948,2.82861896838602
2021-05-15,51463,23,43035,13,8428,10,47134,17,338245,336,385379,353,0,636,-8,322,31,50505,1,1415,638,"Knox County",470313,31.4684050834232,0.0317666126418152,75.0563986111377,4.8903602494509,68.4650434923126,3.17666126418152
2021-05-14,51440,36,43022,25,8418,11,47117,26,337909,498,385026,524,0,636,4,330,32,50474,4,1414,637,"Knox County",470313,35.7208922568587,0.0341827221876942,111.415163944012,7.65447691218401,70.1660383616868,3.41827221876942
2021-05-13,51404,31,42997,17,8407,14,47091,17,337411,376,384502,393,0,636,-17,326,48,50442,0,1410,637,"Knox County",470313,35.0830191808434,0.0334448160535117,83.5613729580088,6.59135511882512,69.3155409269997,3.34448160535117
2021-05-12,51373,34,42980,28,8393,6,47074,26,337035,506,384109,532,0,636,-15,343,49,50394,0,1410,637,"Knox County",470313,39.335506354279,0.0403768506056528,113.116158813386,7.22922819484046,72.9301550244199,4.03768506056528
2021-05-11,51339,36,42952,30,8387,6,47048,31,336529,555,383577,586,0,636,-11,358,47,50345,4,1410,637,"Knox County",470313,41.8869986583403,0.0441935483870968,124.597874181662,7.65447691218401,76.1195204044966,4.41935483870968
2021-05-10,51303,21,42922,14,8381,7,47017,13,335974,277,382991,290,1,636,-26,369,46,50298,1,1406,637,"Knox County",470313,43.162744810371,0.0479405806887238,61.6610640148157,4.46511153210734,78.4583883498861,4.79405806887238
2021-05-09,51282,17,42908,14,8374,3,47004,17,335697,369,382701,386,0,635,-22,395,39,50252,1,1405,636,"Knox County",470313,42.0996230170121,0.047976501305483,82.0730024473064,3.61461409742023,83.9866216753524,4.7976501305483
2021-05-08,51265,20,42894,11,8371,9,46987,14,335328,307,382315,321,0,635,-18,417,38,50213,1,1404,636,"Knox County",470313,41.4617499409967,0.0474934036939314,68.2524191336408,4.25248717343556,88.6643575661315,4.74934036939314
2021-05-07,51245,43,42883,31,8362,12,46973,33,335021,576,381994,609,0,635,3,435,40,50175,0,1403,636,"Knox County",470313,42.9501204516992,0.0484440166827077,129.488234431113,9.14284742288646,92.4915960222235,4.84440166827077
2021-05-06,51202,40,42852,26,8350,14,46940,28,334445,340,381385,368,1,635,-8,432,47,50135,0,1403,636,"Knox County",470313,44.8637396797452,0.0523932729624838,78.2457639912144,8.50497434687113,91.8537229462082,5.23932729624838
2021-05-05,51162,51,42826,32,8336,19,46912,38,334105,585,381017,623,0,634,5,440,46,50088,4,1403,635,"Knox County",470313,48.4783537771654,0.0546654099905749,132.464975452518,10.8438422922607,93.5547178155824,5.46654099905749
2021-05-04,51111,50,42794,32,8317,18,46874,34,333520,536,380394,570,0,634,6,435,44,50042,0,1399,635,"Knox County",470313,51.4550947985703,0.0558888538048626,121.195884442914,10.6312179335889,92.4915960222235,5.58888538048626
2021-05-03,51061,24,42762,9,8299,15,46840,7,332984,309,379824,316,1,634,-37,429,60,49998,1,1399,635,"Knox County",470313,52.0929678745856,0.053554650798622,67.1892973402819,5.10298460812268,91.2158498701928,5.3554650798622
2021-05-02,51037,25,42753,18,8284,7,46833,20,332675,288,379508,308,0,633,-17,466,42,49938,2,1398,635,"Knox County",470313,53.7939627439599,0.0558587479935795,65.4883024709077,5.31560896679445,99.0829511410486,5.58587479935795
2021-05-01,51012,45,42735,35,8277,10,46813,38,332387,450,379200,488,0,633,7,483,38,49896,2,1396,635,"Knox County",470313,59.1095717107543,0.0603290676416819,103.760687031828,9.56809614023002,102.697565238469,6.03290676416819
2021-04-30,50967,58,42700,30,8267,28,46775,29,331937,567,378712,596,0,633,-10,476,68,49858,3,1394,635,"Knox County",470313,62.298937090831,0.0593453655552157,126.72411776838,12.3322128029631,101.209194727766,5.93453655552157
2021-04-29,50909,54,42670,34,8239,20,46746,35,331370,571,378116,606,0,633,-2,486,56,49790,2,1391,634,"Knox County",470313,65.2756781122359,0.0573139435414885,128.850361355098,11.481715368276,103.335438314484,5.73139435414885
2021-04-28,50855,47,42636,28,8219,19,46711,34,330799,543,377510,577,4,633,-38,488,81,49734,1,1389,634,"Knox County",470313,64.4251806775488,0.0569199653279399,122.684254953616,9.99334485757357,103.760687031828,5.69199653279399
2021-04-27,50808,39,42608,17,8200,22,46677,20,330256,392,376933,412,1,629,-33,526,71,49653,2,1388,632,"Knox County",470313,62.0863127321592,0.0554041780199818,87.6012357727726,8.29234998819935,111.840412661355,5.54041780199818
2021-04-26,50769,69,42591,36,8178,33,46657,40,329864,480,376521,520,1,628,2,559,66,49582,0,1386,631,"Knox County",470313,71.6544088723892,0.0615911035072712,110.564666509325,14.6710807483527,118.857016497524,6.15911035072712
2021-04-25,50700,38,42555,25,8145,13,46617,26,329384,341,376001,367,0,627,-4,557,42,49516,3,1386,630,"Knox County",470313,74.4185255351224,0.0622546270330903,78.0331396325426,8.07972562952757,118.43176778018,6.22546270330903
2021-04-24,50662,35,42530,22,8132,13,46591,28,329043,510,375634,538,0,627,-28,561,63,49474,3,1383,630,"Knox County",470313,72.2922819484046,0.0586283185840708,114.391904965417,7.44185255351224,119.282265214868,5.86283185840708
2021-04-23,50627,43,42508,31,8119,12,46563,36,328533,553,375096,589,0,627,-4,589,47,49411,2,1380,630,"Knox County",470313,69.1029165683279,0.0606816292601829,125.235747257677,9.14284742288646,125.235747257677,6.06816292601829
2021-04-22,50584,79,42477,62,8107,17,46527,65,327980,787,374507,852,1,627,15,593,63,49364,1,1378,630,"Knox County",470313,74.4185255351224,0.064591439688716,181.155953588355,16.7973243350705,126.086244692364,6.4591439688716
2021-04-21,50505,62,42415,34,8090,28,46462,35,327193,479,373655,514,1,626,-2,578,63,49301,1,1377,629,"Knox County",470313,77.607890915199,0.0659282700421941,109.288920357294,13.1827102376502,122.896879312288,6.59282700421941
2021-04-20,50443,38,42381,34,8062,4,46427,39,326714,474,373141,513,1,625,-32,580,69,49238,1,1376,628,"Knox County",470313,77.3952665565272,0.0690983817107629,109.076295998622,8.07972562952757,123.322128029631,6.90983817107629
2021-04-19,50405,65,42347,41,8058,24,46388,39,326240,336,372628,375,0,624,-3,612,68,49169,0,1375,627,"Knox County",470313,76.5447691218401,0.0715048025613661,79.7341345019168,13.8205833136656,130.126107507128,7.15048025613661
2021-04-18,50340,38,42306,27,8034,11,46349,32,325904,364,372253,396,0,624,-12,615,50,49101,1,1375,627,"Knox County",470313,76.5447691218401,0.0725443473656341,84.1992460340241,8.07972562952757,130.763980583144,7.25443473656341
2021-04-17,50302,37,42279,18,8023,19,46317,23,325540,335,371857,358,0,624,-23,627,60,49051,1,1374,626,"Knox County",470313,76.9700178391837,0.0747845426744509,76.1195204044966,7.86710127085579,133.315472887205,7.47845426744509
2021-04-16,50265,346,42261,330,8004,16,46294,369,325205,2088,371499,2457,1,624,279,650,66,48991,4,1373,626,"Knox County",470313,141.395198516732,0.110155535224154,522.418049256559,73.5680281004352,138.205833136656,11.0155535224154
2021-04-15,49919,86,41931,54,7988,32,45925,55,323117,577,369042,632,1,623,12,371,73,48925,0,1369,625,"Knox County",470313,142.883569027435,0.112869399428027,134.378594680564,18.2856948457729,78.8836370672297,11.2869399428027
2021-04-14,49833,85,41877,60,7956,25,45870,62,322540,684,368410,746,0,622,-1,359,86,48852,3,1369,624,"Knox County",470313,147.773929276886,0.113018075588826,158.617771569146,18.0730704871011,76.3321447631684,11.3018075588826
2021-04-13,49748,68,41817,38,7931,30,45808,43,321856,340,367664,383,-5,622,-8,360,81,48766,1,1366,624,"Knox County",470313,154.152660037039,0.116513933046568,81.435129371291,14.4584563896809,76.5447691218401,11.6513933046568
2021-04-12,49680,63,41779,43,7901,20,45765,50,321516,360,367281,410,1,627,-24,368,86,48685,0,1365,624,"Knox County",470313,153.727411319696,0.117800074321813,87.175987055429,13.395334596322,78.2457639912144,11.7800074321813
2021-04-11,49617,26,41736,14,7881,12,45715,14,321156,296,366871,310,2,626,-26,392,50,48599,0,1365,623,"Knox County",470313,151.175919015634,0.11631419939577,65.9135511882512,5.52823332546623,83.348748599337,11.631419939577
2021-04-10,49591,50,41722,33,7869,17,45701,41,320860,571,366561,612,0,624,6,418,44,48549,1,1365,623,"Knox County",470313,153.940035678367,0.114234234234234,130.126107507128,10.6312179335889,88.8769819248033,11.4234234234234
2021-04-09,49541,82,41689,62,7852,20,45660,71,320289,620,365949,691,5,624,11,412,66,48505,2,1364,622,"Knox County",470313,97.8072049890179,0.0887949260042283,146.923431842199,17.4351974110858,87.6012357727726,8.87949260042283
2021-04-08,49459,49,41627,26,7832,23,45589,26,319669,466,365258,492,-6,619,-23,401,78,48439,0,1362,622,"Knox County",470313,89.9401037181622,0.0842480790340285,104.611184466515,10.4185935749171,85.262367827383,8.42480790340285
2021-04-07,49410,77,41601,54,7809,23,45563,57,319203,768,364766,825,2,625,9,424,66,48361,1,1362,622,"Knox County",470313,88.2391088487879,0.0811173784582326,175.415095904217,16.3720756177269,90.1527280768339,8.11173784582326
2021-04-06,49333,75,41547,41,7786,34,45506,45,318435,422,363941,467,2,623,-3,415,76,48295,0,1361,622,"Knox County",470313,89.7274793594904,0.079852902547938,99.2955754997204,15.9468269003834,88.2391088487879,7.9852902547938
2021-04-05,49258,44,41506,32,7752,12,45461,35,318013,266,363474,301,0,621,-59,418,103,48219,3,1361,622,"Knox County",470313,85.6876165447266,0.0781503515413737,63.9999319602052,9.35547178155824,88.8769819248033,7.81503515413737
2021-04-04,49214,49,41474,31,7740,18,45426,40,317747,341,363173,381,3,621,-27,477,73,48116,0,1358,621,"Knox County",470313,90.5779767941775,0.0835765455027859,81.0098806539475,10.4185935749171,101.421819086438,8.35765455027859
2021-04-03,49165,81,41443,64,7722,17,45386,71,317406,593,362792,664,0,618,6,504,75,48043,0,1358,620,"Knox County",470313,97.1693319130026,0.0902904998691442,141.182574158061,17.222573052414,107.162676770576,9.02904998691442
2021-04-02,49084,76,41379,45,7705,31,45315,45,316813,530,362128,575,0,618,5,498,71,47968,2,1358,617,"Knox County",470313,95.8935857609719,0.0860998650472335,122.259006236272,16.1594512590551,105.886930618546,8.60998650472335
2021-04-01,49008,75,41334,63,7674,12,45270,67,316283,580,361553,647,1,618,-20,493,94,47897,1,1356,616,"Knox County",470313,101.421819086438,0.0932642487046632,137.56796006064,15.9468269003834,104.823808825187,9.32642487046632
2021-03-31,48933,87,41271,66,7662,21,45203,72,315703,765,360906,837,3,617,-16,513,100,47803,2,1355,616,"Knox County",470313,103.548062673156,0.096849173553719,177.966588208278,18.4983192044447,109.076295998622,9.6849173553719
2021-03-30,48846,57,41205,33,7641,24,45131,38,314938,460,360069,498,1,614,-24,529,80,47703,2,1353,614,"Knox County",470313,99.7208242170639,0.094286446323341,105.886930618546,12.1195884442914,112.478285737371,9.4286446323341
2021-03-29,48789,43,41172,21,7617,22,45093,22,314478,400,359571,422,5,613,-58,553,96,47623,0,1351,613,"Knox County",470313,99.5081998583922,0.088220675944334,89.7274793594904,9.14284742288646,117.581270345493,8.8220675944334
2021-03-28,48746,80,41151,46,7595,34,45071,49,314078,484,359149,533,2,608,13,611,65,47527,5,1351,612,"Knox County",470313,106.099554977217,0.0871647509578544,113.328783172058,17.0099486937423,129.913483148456,8.71647509578544
2021-03-27,48666,42,41105,39,7561,3,45022,42,313594,442,358616,484,0,606,-16,598,58,47462,2,1346,611,"Knox County",470313,97.8072049890179,0.0838338338338338,102.910189597141,8.93022306421468,127.149366485723,8.38338338338338
2021-03-26,48624,79,41066,54,7558,25,44980,60,313152,417,358132,477,0,606,1,614,78,47404,2,1344,610,"Knox County",470313,98.4450780650333,0.0897896357106208,101.421819086438,16.7973243350705,130.551356224472,8.97896357106208
2021-03-25,48545,88,41012,64,7533,24,44920,67,312735,570,357655,637,0,606,7,613,81,47326,4,1342,608,"Knox County",470313,101.209194727766,0.0900205761316872,135.441716473923,18.7109435631165,130.3387318658,9.00205761316873
2021-03-24,48457,123,40948,90,7509,33,44853,95,312165,780,357018,875,1,606,38,606,84,47245,3,1338,607,"Knox County",470313,108.86367163995,0.0950076413652573,186.046313837806,26.1527961166287,128.850361355098,9.50076413652573
2021-03-23,48334,87,40858,57,7476,30,44758,63,311385,531,356143,594,1,605,17,568,69,47161,3,1335,606,"Knox County",470313,115.242402400104,0.0989557434112382,126.298869051036,18.4983192044447,120.77063572557,9.89557434112382
2021-03-22,48247,115,40801,78,7446,37,44695,81,310854,517,355549,598,2,604,32,551,81,47092,1,1332,605,"Knox County",470313,130.551356224472,0.108861362553597,127.149366485723,24.4518012472545,117.15602162815,10.8861362553597
2021-03-21,48132,50,40723,33,7409,17,44614,34,310337,330,354951,364,0,602,4,519,46,47011,1,1331,605,"Knox County",470313,124.172625464318,0.109704641350211,77.3952665565272,10.6312179335889,110.352042150653,10.9704641350211
2021-03-20,48082,59,40690,29,7392,30,44580,33,310007,315,354587,348,0,602,3,515,56,46965,4,1330,604,"Knox County",470313,127.787239561739,0.111225276136656,73.9932768177788,12.5448371616349,109.501544715966,11.1225276136656
2021-03-19,48023,146,40661,102,7362,44,44547,117,309692,956,354239,1073,3,602,51,512,92,46909,3,1326,604,"Knox County",470313,142.033071592748,0.109155713967476,228.145936854818,31.0431563660796,108.86367163995,10.9155713967476
2021-03-18,47877,68,40559,50,7318,18,44430,66,308736,627,353166,693,2,599,-16,461,82,46817,1,1323,603,"Knox County",470313,137.780584419312,0.107590759075908,147.348680559542,14.4584563896809,98.0198293476897,10.7590759075908
2021-03-17,47809,46,40509,36,7300,10,44364,41,308109,497,352473,538,1,597,-40,477,85,46735,3,1322,603,"Knox County",470313,121.408508801585,0.103374524714829,114.391904965417,9.7807204989018,101.421819086438,10.3374524714829
2021-03-16,47763,128,40473,84,7290,44,44323,100,307612,699,351935,799,0,596,48,517,80,46650,3,1319,601,"Knox County",470313,130.126107507128,0.106956718785407,169.886862578751,27.2159179099876,109.926793433309,10.6956718785407
2021-03-15,47635,44,40389,28,7246,16,44223,40,306913,290,351136,330,1,596,-65,469,108,46570,1,1316,600,"Knox County",470313,115.029778041432,0.103980699638118,70.1660383616868,9.35547178155824,99.7208242170639,10.3980699638118
2021-03-14,47591,60,40361,38,7230,22,44183,46,306623,405,350806,451,0,595,-12,534,72,46462,0,1315,599,"Knox County",470313,117.15602162815,0.104678638941399,95.893585760972,12.7574615203067,113.54140753073,10.4678638941399
2021-03-13,47531,71,40323,34,7208,37,44137,41,306218,623,350355,664,1,595,-10,546,80,46390,1,1315,599,"Knox County",470313,119.707513932211,0.0991644678979771,141.182574158061,15.0963294656962,116.092899834791,9.91644678979771
2021-03-12,47460,63,40289,60,7171,3,44096,67,305595,692,349691,759,0,594,-52,556,115,46310,1,1314,597,"Knox County",470313,102.059692162454,0.0947094945677846,161.38188823188,13.395334596322,118.219143421509,9.47094945677846
2021-03-11,47397,83,40229,56,7168,27,44029,66,304903,627,348932,693,2,594,-22,608,103,46195,0,1313,595,"Knox County",470313,105.24905754253,0.0947094945677846,147.348680559542,17.6478217697576,129.275610072441,9.47094945677846
2021-03-10,47314,95,40173,72,7141,23,43963,82,304276,1001,348239,1083,2,592,26,630,67,46092,1,1313,594,"Knox County",470313,115.667651117447,0.0924879681941829,230.272180441536,20.1993140738189,133.95334596322,9.24879681941829
2021-03-09,47219,80,40101,50,7118,30,43881,55,303275,597,347156,652,0,590,-6,604,86,46025,2,1312,594,"Knox County",470313,105.461681901202,0.0857081174438687,138.631081853999,17.0099486937423,128.425112637754,8.57081174438687
2021-03-08,47139,85,40051,57,7088,28,43826,63,302678,412,346504,475,1,590,-30,610,114,45939,0,1310,590,"Knox County",470313,114.179280606745,0.0879212895122462,100.996570369095,18.0730704871011,129.700858789785,8.79212895122462
2021-03-07,47054,64,39994,40,7060,24,43763,42,302266,327,346029,369,0,589,-5,640,69,45825,0,1310,588,"Knox County",470313,115.029778041432,0.088604898828541,78.4583883498861,13.6079589549938,136.079589549938,8.8604898828541
2021-03-06,46990,125,39954,87,7036,38,43721,95,301939,848,345660,943,0,589,40,645,85,45756,1,1310,588,"Knox County",470313,126.511493409708,0.0944913550462405,200.504770227487,26.5780448339723,137.142711343297,9.44913550462405
2021-03-05,46865,70,39867,44,6998,26,43626,49,301091,521,344717,570,2,589,-19,605,87,45671,2,1309,588,"Knox County",470313,127.99986392041,0.0944618599791014,121.195884442914,14.8837051070245,128.637736996426,9.44618599791014
2021-03-04,46795,112,39823,85,6972,27,43577,100,300570,1094,344147,1194,5,587,-1,624,108,45584,1,1307,586,"Knox County",470313,134.165970321892,0.0919409761634506,253.873484254103,23.8139281712392,132.67759981119,9.19409761634506
2021-03-03,46683,74,39738,33,6945,41,43477,40,299476,497,342953,537,1,582,-49,625,122,45476,4,1306,584,"Knox County",470313,129.700858789785,0.0936708860759494,114.179280606745,15.7342025417116,132.890224169861,9.36708860759494
2021-03-02,46609,133,39705,91,6904,42,43437,99,298979,808,342416,907,-1,581,9,674,125,45354,2,1302,583,"Knox County",470313,140.969949799389,0.0976976976976977,192.850293315303,28.2790397033465,143.308817744778,9.76976976976977
2021-03-01,46476,59,39614,33,6862,26,43338,35,298171,165,341509,200,1,582,-58,665,116,45229,1,1300,580,"Knox County",470313,135.441716473923,0.0974576271186441,42.5248717343556,12.5448371616349,141.395198516732,9.74576271186441
2021-02-28,46417,77,39581,53,6836,24,43303,63,298006,563,341309,626,2,581,-19,723,94,45113,2,1299,580,"Knox County",470313,138.205833136656,0.0966445649989954,133.102848528533,16.3720756177269,153.727411319696,9.66445649989954
2021-02-27,46340,82,39528,47,6812,35,43240,58,297443,671,340683,729,1,579,-33,742,114,45019,3,1297,579,"Knox County",470313,129.062985713769,0.0932185597312618,155.003157471726,17.4351974110858,157.767274134459,9.32185597312618
2021-02-26,46258,107,39481,70,6777,37,43182,80,296772,506,339954,586,5,578,-17,775,119,44905,1,1294,578,"Knox County",470313,136.930086984625,0.0993931784892237,124.597874181662,22.7508063778803,164.783877970628,9.93931784892237
2021-02-25,46151,131,39411,92,6740,39,43102,97,296266,1029,339368,1126,2,573,-7,792,136,44786,5,1293,578,"Knox County",470313,140.969949799389,0.100191042241562,239.415027864422,27.8537909860029,168.398492068048,10.0191042241562
2021-02-24,46020,102,39319,72,6701,30,43005,80,295237,969,338242,1049,2,571,-30,799,130,44650,2,1288,577,"Knox County",470313,146.923431842199,0.0980279532835535,223.042952246695,21.6876845845214,169.886862578751,9.80279532835535
2021-02-23,45918,122,39247,68,6671,54,42925,75,294268,758,337193,833,5,569,-32,829,149,44520,6,1286,576,"Knox County",470313,144.584563896809,0.0947756845989512,177.116090773591,25.9401717579569,176.265593338904,9.47756845989512
2021-02-22,45796,62,39179,33,6617,29,42850,38,293510,307,336360,345,3,564,-110,861,169,44371,3,1280,574,"Knox County",470313,145.222436972824,0.0927465054778995,73.3554037417635,13.1827102376502,183.069572816401,9.27465054778995
2021-02-21,45734,82,39146,41,6588,41,42812,45,293203,499,336015,544,2,561,-31,971,111,44202,3,1277,572,"Knox County",470313,146.285558766183,0.090752110514198,115.667651117447,17.4351974110858,206.458252270297,9.0752110514198
2021-02-20,45652,137,39105,98,6547,39,42767,115,292704,1007,335471,1122,1,559,8,1002,128,44091,2,1274,569,"Knox County",470313,157.979898493131,0.0945584299732382,238.564530429735,29.1295371380336,213.049607389122,9.45584299732382
2021-02-19,45515,95,39007,43,6508,52,42652,48,291697,274,334349,322,1,558,-83,994,177,43963,2,1272,568,"Knox County",470313,155.42840618907,0.0932409661112151,68.4650434923126,20.1993140738189,211.348612519747,9.32409661112151
2021-02-18,45420,155,38964,111,6456,44,42604,119,291423,988,334027,1107,4,557,-38,1077,189,43786,6,1270,566,"Knox County",470313,160.531390797193,0.0977076287110109,235.375165049658,32.9567755941256,228.996434289505,9.77076287110109
2021-02-17,45265,114,38853,68,6412,46,42485,76,290435,892,332920,968,1,553,-49,1115,162,43597,4,1264,560,"Knox County",470313,163.082883101254,0.0984544934172868,205.820379194281,24.2391768885827,237.076159919033,9.84544934172868
2021-02-16,45151,146,38785,90,6366,56,42409,101,289543,818,331952,919,2,552,-41,1164,185,43435,4,1260,557,"Knox County",470313,168.185867709377,0.101745823165008,195.401785619364,31.0431563660796,247.49475349395,10.1745823165008
2021-02-15,45005,76,38695,36,6310,40,42308,43,288725,312,331033,355,2,550,-140,1205,214,43250,1,1256,557,"Knox County",470313,171.162608730781,0.102492036724752,75.4816473284812,16.1594512590551,256.212352199493,10.2492036724752
2021-02-14,44929,165,38659,135,6270,30,42265,135,288413,706,330678,841,2,548,20,1345,143,43036,5,1255,557,"Knox County",470313,188.810430500539,0.113063542776003,178.817085642965,35.0830191808434,285.979762413542,11.3063542776003
2021-02-13,44764,135,38524,91,6240,44,42130,106,287707,871,329837,977,4,546,-9,1325,140,42893,7,1250,556,"Knox County",470313,188.385181783195,0.11441063946074,207.733998422327,28.7042884206901,281.727275240106,11.441063946074
2021-02-12,44629,179,38433,114,6196,65,42024,124,286836,996,328860,1120,3,542,13,1334,163,42753,3,1243,552,"Knox County",470313,206.245627911625,0.111977095594083,238.139281712392,38.0597602022483,283.640894468152,11.1977095594083
2021-02-11,44450,162,38319,112,6131,50,41900,118,285840,1133,327740,1251,5,539,-34,1321,191,42590,5,1240,551,"Knox County",470313,207.733998422327,0.109314259057689,265.993072698394,34.4451461048281,280.876777805419,10.9314259057689
2021-02-10,44288,148,38207,106,6081,42,41782,112,284707,1032,326489,1144,7,534,-47,1355,188,42399,6,1235,549,"Knox County",470313,214.963226617168,0.111851067050098,243.242266320514,31.4684050834232,288.106006000259,11.1851067050098
2021-02-09,44140,209,38101,154,6039,55,41670,165,283675,1023,325345,1188,0,527,12,1402,197,42211,6,1229,547,"Knox County",470313,228.35856121349,0.116783013379872,252.597738102072,44.4384909624016,298.099350857833,11.6783013379872
2021-02-08,43931,107,37947,72,5984,35,41505,76,282652,371,324157,447,4,527,-159,1390,262,42014,2,1223,542,"Knox County",470313,234.949916332315,0.119977037887486,95.0430883262848,22.7508063778803,295.547858553772,11.9977037887486
2021-02-07,43824,108,37875,75,5949,33,41429,83,282281,716,323710,799,1,523,-28,1549,135,41752,2,1221,539,"Knox County",470313,222.830327888024,0.113196650303205,169.886862578751,22.963430736552,329.355131582584,11.3196650303205
2021-02-06,43716,304,37800,176,5916,128,41346,197,281565,1396,322911,1593,2,522,136,1577,166,41617,6,1219,538,"Knox County",470313,258.763844503554,0.116016971625564,338.710603364143,64.6378050362206,335.308613625394,11.6016971625564
2021-02-05,43412,177,37624,131,5788,46,41149,143,280169,727,321318,870,8,520,-4,1441,173,41451,4,1213,534,"Knox County",470313,258.33859578621,0.12260010970927,184.983192044447,37.6345114849047,306.391700846032,12.260010970927
2021-02-04,43235,199,37493,148,5742,51,41006,161,279442,1582,320448,1743,2,512,0,1445,197,41278,7,1209,531,"Knox County",470313,266.205697057066,0.120375128468654,370.604257164909,42.3122473756839,307.242198280719,12.0375128468654
2021-02-03,43036,230,37345,165,5691,65,40845,172,277860,1634,318705,1806,5,510,-8,1445,233,41081,7,1202,523,"Knox County",470313,283.640894468152,0.118044044518115,383.999591761231,48.903602494509,307.242198280719,11.8044044518115
2021-02-02,42806,91,37180,70,5626,21,40673,77,276226,291,316899,368,7,505,-160,1453,244,40848,1,1195,523,"Knox County",470313,258.551220144882,0.119197482297404,78.2457639912144,19.3488166391318,308.943193150094,11.9197482297404
2021-02-01,42715,153,37110,82,5605,71,40596,97,275935,425,316531,522,4,498,-125,1613,274,40604,2,1194,521,"Knox County",470313,268.331940643784,0.120763537202961,110.989915226668,32.5315268767821,342.963090537578,12.0763537202961
2021-01-31,42562,174,37028,120,5534,54,40499,129,275510,939,316009,1068,7,494,12,1738,155,40330,4,1192,518,"Knox County",470313,282.365148316121,0.122459222082811,227.082815061459,36.9966384088894,369.54113537155,12.2459222082811
2021-01-30,42388,277,36908,233,5480,44,40370,250,274571,1518,314941,1768,7,487,92,1726,178,40175,9,1188,516,"Knox County",470313,276.624290631983,0.126335174953959,375.919866131704,58.8969473520825,366.989643067489,12.6335174953959
2021-01-29,42111,101,36675,52,5436,49,40120,62,273053,376,313173,438,4,480,-140,1634,237,39997,1,1179,510,"Knox County",470313,260.464839372928,0.12290937378452,93.1294690982388,21.4750602258496,347.428202069686,12.290937378452
2021-01-28,42010,157,36623,116,5387,41,40058,129,272677,657,312735,786,9,476,-75,1774,223,39760,5,1178,505,"Knox County",470313,251.534616308714,0.135583185316755,167.122745916018,33.3820243114692,377.195612283734,13.5583185316755
2021-01-27,41853,168,36507,123,5346,45,39929,125,272020,894,311949,1019,12,467,-73,1849,229,39537,2,1173,501,"Knox County",470313,238.351906071063,0.145585525213604,216.664221486542,35.7208922568587,393.142439184118,14.5585525213604
2021-01-26,41685,234,36384,173,5301,61,39804,193,271126,1041,310930,1234,3,455,-26,1922,257,39308,7,1171,497,"Knox County",470313,268.757189361128,0.144111192392099,262.378458600974,49.7540999291961,408.664017367158,14.4111192392099
2021-01-25,41451,158,36211,106,5240,52,39611,115,270085,415,309696,530,9,452,-198,1948,347,39051,1,1164,490,"Knox County",470313,269.820311154486,0.146573140435482,112.690910096042,33.5946486701409,414.192250692624,14.6573140435481
2021-01-24,41293,157,36105,104,5188,53,39496,111,269670,791,309166,902,4,443,-98,2146,251,38704,2,1163,486,"Knox County",470313,266.205697057066,0.147521341920024,191.787171521944,33.3820243114692,456.291873709636,14.7521341920024
2021-01-23,41136,309,36001,222,5135,87,39385,232,268879,1492,308264,1724,7,439,63,2244,239,38453,7,1161,481,"Knox County",470313,273.009676534563,0.145786220413086,366.564394350146,65.7009268295794,477.12906085947,14.5786220413086
2021-01-22,40827,178,35779,143,5048,35,39153,176,267387,1173,306540,1349,3,432,-150,2181,325,38214,7,1154,478,"Knox County",470313,289.38175215229,0.143292682926829,286.830259848229,37.8471358435765,463.733726263148,14.3292682926829
2021-01-21,40649,268,35636,195,5013,73,38977,203,266214,1081,305191,1284,11,429,-125,2331,382,37889,6,1147,470,"Knox County",470313,312.983055964857,0.143620989803531,273.009676534563,56.9833281240365,495.627380063915,14.3620989803531
2021-01-20,40381,192,35441,131,4940,61,38774,131,265133,736,303907,867,10,418,-154,2456,336,37507,8,1141,465,"Knox County",470313,318.08604057298,0.147148288973384,184.345318968432,40.8238768649814,522.205424897887,14.7148288973384
2021-01-19,40189,310,35310,195,4879,115,38643,219,264397,957,303040,1176,8,408,-85,2610,387,37171,14,1133,455,"Knox County",470313,334.245491832035,0.15155771195097,250.046245798011,65.9135511882512,554.949576133341,15.155771195097
2021-01-18,39879,129,35115,80,4764,49,38424,87,263440,472,301864,559,7,400,-364,2695,486,36784,4,1119,452,"Knox County",470313,328.079385430554,0.147436712886401,118.857016497524,27.4285422686594,573.022646620442,14.7436712886401
2021-01-17,39750,181,35035,138,4715,43,38337,151,262968,690,301305,841,3,393,-205,3059,383,36298,8,1115,443,"Knox County",470313,333.182370038676,0.153717948717949,178.817085642965,38.4850089195918,650.417913176969,15.3717948717949
2021-01-16,39569,421,34897,340,4672,81,38186,389,262278,1757,300464,2146,1,390,9,3264,411,35915,7,1107,437,"Knox County",470313,356.996298209916,0.164923376307468,456.291873709636,89.5148550008186,694.005906704684,16.4923376307468
2021-01-15,39148,187,34557,149,4591,38,37797,153,260521,755,298318,908,0,389,-95,3255,282,35504,4,1100,429,"Knox County",470313,358.909917437962,0.171314741035857,193.062917673975,39.7607550716225,692.092287476638,17.1314741035857
2021-01-14,38961,338,34408,267,4553,71,37644,290,259766,1479,297410,1769,6,389,-91,3350,423,35222,7,1096,419,"Knox County",470313,373.793622544986,0.171788047423179,376.132490490376,71.867033231061,712.291601550457,17.1788047423179
2021-01-13,38623,249,34141,201,4482,48,37354,206,258287,946,295641,1152,12,383,-249,3441,486,34799,6,1089,412,"Knox County",470313,385.913210989277,0.174833352824231,244.943261189888,52.9434653092728,731.640418189589,17.4833352824231
2021-01-12,38374,332,33940,261,4434,71,37148,283,257341,1181,294489,1464,10,371,-176,3690,498,34313,6,1083,410,"Knox County",470313,390.590946880056,0.176377418259984,311.282061095483,70.5912870790304,784.583883498861,17.6377418259984
2021-01-11,38042,244,33679,197,4363,47,36865,228,256160,726,293025,954,4,361,-396,3866,636,33815,5,1077,405,"Knox County",470313,415.042748127311,0.184102230885857,202.843638172876,51.8803435159139,822.005770625094,18.4102230885857
2021-01-10,37798,328,33482,205,4316,123,36637,222,255434,1013,292071,1235,5,357,-6,4262,329,33179,17,1072,399,"Knox County",470313,446.298528852062,0.183942667220607,262.591082959646,69.7407896443432,906.205016659119,18.3942667220607
2021-01-09,37470,475,33277,393,4193,82,36415,426,254421,1384,290836,1810,5,352,101,4268,369,32850,12,1055,393,"Knox County",470313,457.780244220338,0.194575979337064,384.850089195918,100.996570369095,907.480762811149,19.4575979337064
2021-01-08,36995,459,32884,371,4111,88,35989,392,253037,1432,289026,1824,7,347,267,4167,185,32481,6,1043,391,"Knox County",470313,515.614069779062,0.200528996865204,387.826830217323,97.5945806303462,886.0057025853,20.0528996865204
2021-01-07,36536,389,32513,346,4023,43,35597,354,251605,1309,287202,1663,10,340,73,3900,306,32296,10,1037,383,"Knox County",470313,526.457912071323,0.208968521084934,353.594308471167,82.7108755233217,829.234998819935,20.8968521084934
2021-01-06,36147,497,32167,363,3980,134,35243,378,250296,1187,285539,1565,9,330,59,3827,429,31990,15,1027,380,"Knox County",470313,579.188753021924,0.217118402282454,332.757121321333,105.674306259874,813.713420636895,21.7118402282454
2021-01-05,35650,520,31804,328,3846,192,34865,345,249109,1193,283974,1538,14,321,32,3768,474,31561,14,1012,371,"Knox County",470313,619.162132452218,0.221456228161299,327.016263637195,110.564666509325,801.16858347526,22.1456228161299
2021-01-04,35130,322,31476,228,3654,94,34520,249,247916,654,282436,903,6,307,-222,3736,538,31087,6,998,365,"Knox County",470313,635.746832428617,0.224520781932055,191.999795880616,68.4650434923126,794.364603997763,22.4520781932055
2021-01-03,34808,285,31248,182,3560,103,34271,195,247262,608,281533,803,2,301,-15,3958,298,30549,10,992,357,"Knox County",470313,626.60398500573,0.231446665347318,170.737360013438,60.5979422214568,841.567211622898,23.1446665347318
2021-01-02,34523,422,31066,319,3457,103,34076,345,246654,1095,280730,1440,0,299,105,3973,317,30251,22,982,348,"Knox County",470313,615.334893996126,0.231922760887428,306.179076487361,89.7274793594904,844.756577002974,23.1922760887428
2021-01-01,34101,419,30747,349,3354,70,33731,374,245559,1297,279290,1671,2,299,2,3868,415,29934,7,960,344,"Knox County",470313,606.829919649255,0.233747260774288,355.295303340541,89.089606283475,822.431019342438,23.3747260774288
2020-12-31,33682,448,30398,311,3284,137,33357,322,244262,929,277619,1251,12,297,0,3866,436,29519,8,953,338,"Knox County",470313,619.37475681089,0.240758913967942,265.993072698394,95.2557126849566,822.005770625094,24.0758913967942
2020-12-30,33234,363,30087,248,3147,115,33035,271,243333,931,276368,1202,6,285,-146,3866,503,29083,9,945,335,"Knox County",470313,590.883092748871,0.238533151680291,255.574479123477,77.1826421978555,822.005770625094,23.8533151680291
2020-12-29,32871,590,29839,398,3032,192,32764,420,242402,1081,275166,1501,7,279,110,4012,473,28580,14,936,331,"Knox County",470313,605.766797855896,0.248090297571543,319.149162366339,125.448371616349,853.048926991174,24.8090297571543
2020-12-28,32281,252,29441,174,2840,78,32344,185,241321,565,273665,750,4,272,-331,3902,579,28107,4,922,323,"Knox County",470313,590.883092748871,0.245068461359944,159.468269003834,53.5813383852881,829.660247537278,24.5068461359944
2020-12-27,32029,230,29267,156,2762,74,32159,172,240756,489,272915,661,3,268,-74,4233,301,27528,8,918,318,"Knox County",470313,579.188753021924,0.246460594620104,140.544701082045,48.903602494509,900.038910257637,24.6460594620104
2020-12-26,31799,358,29111,288,2688,70,31987,328,240267,1064,272254,1392,0,265,59,4307,299,27227,10,910,311,"Knox County",470313,565.58079406693,0.245847176079734,295.973107271115,76.1195204044966,915.773112799348,24.5847176079734
2020-12-25,31441,353,28823,287,2618,66,31659,308,239203,1070,270862,1378,1,265,-101,4248,453,26928,5,900,306,"Knox County",470313,551.547586394592,0.246588813767671,292.99636624971,75.0563986111377,903.228275637714,24.6588813767671
2020-12-24,31088,351,28536,277,2552,74,31351,311,238133,1273,269484,1584,5,264,-111,4349,457,26475,8,895,299,"Knox County",470313,530.92302360343,0.235592820028342,336.796984136097,74.6311498937941,924.703335863563,23.5592820028342
2020-12-23,30737,472,28259,351,2478,121,31040,371,236860,1411,267900,1782,6,259,-14,4460,480,26018,9,887,292,"Knox County",470313,554.099078698654,0.231542882404951,378.896607153109,100.358697293079,948.304639676131,23.1542882404951
2020-12-22,30265,530,27908,392,2357,138,30669,432,235449,1470,266118,1902,7,253,-26,4474,549,25538,15,878,285,"Knox County",470313,541.341617178347,0.222986559424278,404.411530193722,112.690910096042,951.281380697535,22.2986559424278
2020-12-21,29735,442,27516,361,2219,81,30237,391,233979,1423,264216,1814,2,246,-137,4500,577,24989,5,863,279,"Knox County",470313,581.740245325985,0.22001331684581,385.700586630606,93.9799665329259,956.809614023002,22.001331684581
2020-12-20,29293,514,27155,431,2138,83,29846,478,232556,2245,262402,2723,2,244,234,4637,278,24412,7,858,276,"Knox County",470313,642.12556318877,0.208270377733598,578.976128663252,109.288920357294,985.939151161035,20.8270377733598
2020-12-19,28779,525,26724,441,2055,84,29368,489,230311,1445,259679,1934,6,242,253,4403,266,24134,13,851,270,"Knox County",470313,677.633831086957,0.211938705496684,411.215509671219,111.627788302684,936.185051231839,21.1938705496684
2020-12-18,28254,480,26283,420,1971,60,28879,430,228866,1358,257745,1788,4,236,98,4150,378,23868,11,838,263,"Knox County",470313,704.637124638273,0.214533895172618,380.172353305139,102.059692162454,882.391088487879,21.4533895172618
2020-12-17,27774,733,25863,634,1911,99,28449,663,227508,1898,255957,2561,11,232,288,4052,434,23490,11,827,257,"Knox County",470313,785.859629650892,0.224351902923331,544.530982558424,155.853654906413,861.553901338045,22.4351902923332
2020-12-16,27041,564,25229,452,1812,112,27786,472,225610,1729,253396,2201,8,221,99,3764,457,23056,11,816,253,"Knox County",470313,805.421070648696,0.224820746498693,467.986213436584,119.920138290883,800.318086040573,22.4820746498693
2020-12-15,26477,765,24777,675,1700,90,27314,716,223881,2415,251195,3131,2,213,324,3665,439,22599,15,805,249,"Knox County",470313,855.387794936564,0.225297176820208,665.726867001337,162.65763438391,779.268274532067,22.5297176820208
2020-12-14,25712,472,24102,411,1610,61,26598,462,221466,1624,248064,2086,6,211,-12,3341,478,22160,7,790,241,"Knox County",470313,861.766525696717,0.225888943010229,443.534412189329,100.358697293079,710.377982322411,22.5888943010229
2020-12-13,25240,628,23691,572,1549,56,26136,757,219842,2935,245978,3692,2,205,399,3353,227,21682,10,783,234,"Knox County",470313,886.0057025853,0.229345138848962,785.009132216205,133.528097245877,712.929474626472,22.9345138848962
2020-12-12,24612,464,23119,392,1493,72,25379,454,216907,2172,242286,2626,3,203,182,2954,279,21455,19,773,228,"Knox County",470313,873.035616706321,0.21863422726016,558.351565872089,98.6577024237051,628.092355516433,21.863422726016
2020-12-11,24148,557,22727,523,1421,34,24925,430,214735,1407,239660,1837,6,200,281,2772,270,21176,10,754,224,"Knox County",470313,889.407692324048,0.218043454284769,390.590946880056,118.43176778018,589.394722238169,21.8043454284769
2020-12-10,23591,473,22204,414,1387,59,24495,539,213328,1910,237823,2449,8,194,325,2491,140,20906,9,744,222,"Knox County",470313,834.125359069386,0.212518033514593,520.717054387185,100.571321651751,529.647277451399,21.2518033514593
2020-12-09,23118,407,21790,337,1328,70,23956,359,211418,924,235374,1283,2,186,77,2166,328,20766,13,735,212,"Knox County",470313,800.743334757917,0.217317586529467,272.797052175891,86.5381139794137,460.544360883071,21.7317586529467
2020-12-08,22711,491,21453,446,1258,45,23597,539,210494,2077,234091,2616,9,184,126,2089,356,20438,9,722,209,"Knox County",470313,742.484260481849,0.213394417987823,556.225322285372,104.398560107843,444.172285265345,21.3394417987823
2020-12-07,22220,323,21007,271,1213,52,23058,317,208417,1135,231475,1452,3,175,-128,1963,448,20082,6,713,207,"Knox County",470313,710.803231039754,0.212785960513945,308.730568791422,68.6776678509843,417.3816160727,21.2785960513945
2020-12-06,21897,332,20736,291,1161,41,22741,187,207282,668,230023,855,6,172,103,2091,223,19634,6,707,204,"Knox County",470313,647.866420872908,0.215352950144839,181.79382666437,70.5912870790304,444.597533982688,21.5352950144839
2020-12-05,21565,289,20445,263,1120,26,22554,213,206614,714,229168,927,2,166,55,1988,232,19411,8,701,200,"Knox County",470313,610.657158105347,0.226289517470882,197.102780488738,61.4484396561439,422.697225039495,22.6289517470882
2020-12-04,21276,354,20182,322,1094,32,22341,297,205900,1091,228241,1388,5,164,17,1933,332,19179,11,693,198,"Knox County",470313,567.494413294976,0.223427529626253,295.122609836428,75.2690229698095,411.002885312547,22.3427529626253
2020-12-03,20922,441,19860,424,1062,17,22044,448,204809,1215,226853,1663,2,159,180,1916,259,18847,10,682,193,"Knox County",470313,560.690433817479,0.231736056559309,353.594308471167,93.7673421742542,407.388271215127,23.1736056559309
2020-12-02,20481,192,19436,170,1045,22,21596,185,203594,575,225190,760,2,157,-146,1736,336,18588,7,672,191,"Knox County",470313,514.976196703047,0.226270572404513,161.594512590551,40.8238768649814,369.115886654207,22.6270572404513
2020-12-01,20289,403,19266,380,1023,23,21411,409,203019,1832,224430,2241,5,155,87,1882,311,18252,7,665,186,"Knox County",470313,496.26525313993,0.221408572043937,476.491187783455,85.6876165447266,400.159043020287,22.1408572043937
2020-11-30,19886,385,18886,371,1000,14,21002,436,201187,1815,222189,2251,1,150,24,1795,360,17941,3,658,183,"Knox County",470313,509.44796337758,0.215666831928607,478.617431370173,81.8603780886346,381.660723815842,21.5666831928607
2020-11-29,19501,226,18515,218,986,8,20566,261,199372,1465,219938,1726,0,149,40,1771,186,17581,5,655,180,"Knox County",470313,486.909781358372,0.205275648046732,366.989643067489,48.0531050598219,376.557739207719,20.5275648046732
2020-11-28,19275,271,18297,257,978,14,20305,299,197907,1967,218212,2266,0,149,73,1731,198,17395,8,650,174,"Knox County",470313,483.08254290228,0.189914599430663,481.806796750249,57.6212012000519,368.052764860848,18.9914599430663
2020-11-27,19004,235,18040,215,964,20,20006,249,195940,1247,215946,1496,3,149,-6,1658,238,17197,12,642,170,"Knox County",470313,457.780244220338,0.184390873175845,318.08604057298,49.9667242878679,352.531186677808,18.4390873175845
2020-11-26,18769,344,17825,341,944,3,19757,441,194693,1429,214450,1870,4,146,48,1664,292,16959,5,630,168,"Knox County",470313,437.155681429176,0.18080888183981,397.607550716225,73.1427793830917,353.806932829839,18.080888183981
2020-11-25,18425,219,17484,193,941,26,19316,123,193264,325,212580,448,0,142,-58,1616,277,16667,3,625,162,"Knox County",470313,442.896539113314,0.180354529191738,95.2557126849566,46.5647345491194,343.600963613593,18.0354529191738
2020-11-24,18206,153,17291,130,915,23,19193,116,192939,673,212132,789,2,142,-111,1674,262,16390,6,622,160,"Knox County",470313,389.740449445369,0.177484787018256,167.760618992033,32.5315268767821,355.933176416557,17.7484787018256
2020-11-23,18053,167,17161,146,892,21,19077,100,192266,392,211343,492,3,140,-98,1785,262,16128,7,616,158,"Knox County",470313,343.388339254922,0.174865192032574,104.611184466515,35.508267898187,379.534480229124,17.4865192032574
2020-11-22,17886,220,17015,212,871,8,18977,258,191874,1808,210851,2066,2,137,86,1883,132,15866,5,609,151,"Knox County",470313,342.112593102891,0.168240161238994,439.281925015894,46.7773589077912,400.371667378958,16.8240161238994
2020-11-21,17666,173,16803,169,863,4,18719,198,190066,1465,208785,1663,0,135,2,1797,171,15734,4,604,149,"Knox County",470313,321.275405953057,0.168291024478694,353.594308471167,36.7840140502176,382.085972533185,16.8291024478694
2020-11-20,17493,178,16634,169,859,9,18521,163,188601,791,207122,954,7,135,-17,1795,188,15563,5,600,147,"Knox County",470313,309.155817508765,0.168920550591645,202.843638172876,37.8471358435765,381.660723815842,16.8920550591645
2020-11-19,17315,166,16465,148,850,18,18358,128,187810,663,206168,791,2,128,-28,1812,192,15375,4,595,143,"Knox County",470313,271.308681665189,0.150770512286547,168.185867709377,35.2956435395152,385.275337913262,15.0770512286547
2020-11-18,17149,168,16317,163,832,5,18230,179,187147,875,205377,1054,0,126,-9,1840,177,15183,7,591,138,"Knox County",470313,260.464839372928,0.146241516199257,224.106074040054,35.7208922568587,391.228819956072,14.6241516199257
2020-11-17,16981,248,16154,240,827,8,18051,260,186272,1033,204323,1293,9,126,86,1849,153,15006,6,584,137,"Knox County",470313,280.664153446747,0.154697461806809,274.923295762609,52.730840950601,393.142439184118,15.4697461806809
2020-11-16,16733,272,15914,261,819,11,17791,286,185239,1409,203030,1695,2,117,79,1763,191,14853,6,578,136,"Knox County",470313,302.989711107284,0.154686843211433,360.398287948664,57.8338255587237,374.856744338345,15.4686843211433
2020-11-15,16461,274,15653,247,808,27,17505,295,183830,2278,201335,2573,2,115,162,1684,110,14662,3,572,134,"Knox County",470313,314.47142647556,0.150553726429213,547.082474862485,58.2590742760672,358.059420003274,15.0553726429213
2020-11-14,16187,306,15406,293,781,13,17210,321,181552,1699,198762,2020,0,113,188,1522,118,14552,7,569,130,"Knox County",470313,342.750466178906,0.157225433526012,429.501204516992,65.0630537535641,323.614273898446,15.7225433526012
2020-11-13,15881,219,15113,200,768,19,16889,190,179853,965,196742,1155,4,113,73,1334,142,14434,6,562,127,"Knox County",470313,351.468064884449,0.156790473490218,245.581134265904,46.5647345491194,283.640894468152,15.6790473490218
2020-11-12,15662,143,14913,130,749,13,16699,136,178888,955,195587,1091,1,109,-3,1261,145,14292,3,556,126,"Knox County",470313,346.577704634998,0.153202830622185,231.97317531091,30.4052832900643,268.119316285112,15.3202830622185
2020-11-11,15519,191,14783,177,736,14,16563,191,177933,1229,194496,1420,3,108,23,1264,165,14147,7,553,124,"Knox County",470313,351.468064884449,0.149284253578732,301.926589313925,40.6112525063096,268.757189361128,14.9284253578732
2020-11-10,15328,168,14606,163,722,5,16372,186,176704,1131,193076,1317,2,105,24,1241,142,13982,4,546,123,"Knox County",470313,334.458116190707,0.142400851743412,280.026280370732,35.7208922568587,263.866829111677,14.2400851743412
2020-11-09,15160,135,14443,121,717,14,16186,130,175573,490,191759,620,1,103,-16,1217,150,13840,2,542,121,"Knox County",470313,305.328579052673,0.142114554727344,131.827102376502,28.7042884206901,258.763844503554,14.2114554727344
2020-11-08,15025,215,14322,203,703,12,16056,252,175083,2625,191139,2877,1,102,94,1233,120,13690,3,540,119,"Knox County",470313,292.783741891039,0.133904761904762,611.720279898706,45.7142371144323,262.165834242302,13.3904761904762
2020-11-07,14810,169,14119,161,691,8,15804,187,172458,1918,188262,2105,1,101,59,1139,109,13570,5,537,114,"Knox County",470313,263.654204753005,0.120170051960321,447.574275004093,35.9335166155305,242.179144527155,12.0170051960321
2020-11-06,14641,155,13958,138,683,17,15617,160,170540,1236,186157,1396,0,100,24,1080,131,13461,5,532,114,"Knox County",470313,250.046245798011,0.114723813042675,296.823604705802,32.9567755941256,229.63430736552,11.4723813042675
2020-11-05,14486,158,13820,142,666,16,15457,151,169304,613,184761,764,1,100,33,1056,124,13330,6,527,111,"Knox County",470313,253.235611178088,0.119725688160777,162.445010025239,33.5946486701409,224.531322757398,11.9725688160777
2020-11-04,14328,145,13678,133,650,12,15306,148,168691,934,183997,1082,-1,99,20,1023,126,13206,5,521,110,"Knox County",470313,243.454890679186,0.119476429485287,230.059556082864,30.8305320074078,217.514718921229,11.9476429485287
2020-11-03,14183,196,13545,183,638,13,15158,195,167757,836,182915,1031,3,100,44,1003,149,13080,5,516,108,"Knox County",470313,249.408372721996,0.123848101265823,219.215713790603,41.6743742996685,213.262231747793,12.3848101265823
2020-11-02,13987,116,13362,110,625,6,14963,115,166921,807,181884,922,1,97,-36,959,151,12931,2,511,107,"Knox County",470313,245.368509907232,0.118699027218237,196.039658695379,24.6644256059263,203.906759966235,11.8699027218237
2020-11-01,13871,124,13252,116,619,8,14848,131,166114,1273,180962,1404,0,96,14,995,110,12780,3,509,105,"Knox County",470313,226.0196932681,0.124885110294118,298.524599575177,26.3654204753005,211.561236878419,12.4885110294118
2020-10-31,13747,5,13136,5,611,0,14717,7,164841,4,179558,11,0,96,-99,981,104,12670,0,506,103,"Knox County",470313,191.149298445929,0.137216338880484,2.33886794538956,1.06312179335889,208.584495857014,13.7216338880484
2020-10-30,13742,156,13131,146,611,10,14710,148,164837,853,179547,1001,1,96,27,1080,128,12566,4,506,102,"Knox County",470313,191.3619228046,0.144006436041834,212.83698303045,33.1693999527974,229.63430736552,14.4006436041834
2020-10-29,13586,152,12985,138,601,14,14562,136,163984,1569,178546,1705,0,95,49,1053,103,12438,4,502,102,"Knox County",470313,190.08617665257,0.122973728339855,362.524531535382,32.3189025181103,223.893449681382,12.2973728339855
2020-10-28,13434,103,12847,96,587,7,14426,102,162415,1055,176841,1157,3,95,-47,1004,147,12335,8,498,101,"Knox County",470313,181.155953588355,0.115336744571982,246.006382983247,21.9003089431931,213.474856106465,11.5336744571982
2020-10-27,13331,119,12751,113,580,6,14324,127,161360,799,175684,926,1,92,-6,1051,124,12188,3,490,100,"Knox County",470313,164.783877970628,0.107493685096829,196.890156130067,25.3022986819416,223.468200964039,10.7493685096829
2020-10-26,13212,81,12638,74,574,7,14197,73,160561,372,174758,445,2,91,-72,1057,151,12064,1,487,98,"Knox County",470313,157.342025417116,0.108888554669875,94.6178396089413,17.222573052414,224.74394711607,10.8888554669875
2020-10-25,13131,132,12564,121,567,11,14124,151,160189,1365,174313,1516,0,89,53,1129,79,11913,3,486,98,"Knox County",470313,159.04302028649,0.110042893063156,322.338527746416,28.0664153446747,240.052900940438,11.0042893063156
2020-10-24,12999,172,12443,167,556,5,13973,202,158824,1789,172797,1991,0,89,56,1076,116,11834,5,483,97,"Knox County",470313,194.551288184677,0.107424779773481,423.33509811551,36.5713896915458,228.783809930833,10.7424779773481
2020-10-23,12827,159,12276,148,551,11,13771,172,157035,1239,170806,1411,1,89,39,1020,119,11718,5,478,96,"Knox County",470313,195.189161260692,0.105234400611955,300.012970085879,33.8072730288127,216.876845845214,10.5234400611955
2020-10-22,12668,182,12128,168,540,14,13599,169,155796,1607,169395,1776,1,88,59,981,122,11599,5,473,96,"Knox County",470313,201.567892020846,0.108002602472349,377.620861001078,38.6976332782636,208.584495857014,10.8002602472349
2020-10-21,12486,72,11960,68,526,4,13430,74,154189,682,167619,756,0,87,-32,922,104,11477,1,468,96,"Knox County",470313,194.976536902021,0.109738124929146,160.744015155864,15.308953824368,196.039658695379,10.9738124929146
2020-10-20,12414,127,11892,121,522,6,13356,150,153507,739,166863,889,0,87,13,954,114,11373,7,467,95,"Knox County",470313,196.677531771395,0.112818761384335,189.023054859211,27.0032935513158,202.843638172876,11.2818761384335
2020-10-19,12287,112,11771,107,516,5,13206,117,152768,939,165974,1056,1,87,-9,941,120,11259,6,460,94,"Knox County",470313,203.26888689022,0.110164981373071,224.531322757398,23.8139281712392,200.079521510143,11.0164981373071
2020-10-18,12175,140,11664,135,511,5,13089,168,151829,1431,164918,1599,0,86,51,950,89,11139,7,454,94,"Knox County",470313,204.969881759594,0.11099388056552,339.986349516173,29.7674102140489,201.993140738189,11.099388056552
2020-10-17,12035,128,11529,125,506,3,12921,154,150398,1458,163319,1612,1,86,42,899,85,11050,3,447,93,"Knox County",470313,195.614409978036,0.110341795801736,342.750466178906,27.2159179099876,191.149298445929,11.0341795801736
2020-10-16,11907,72,11404,71,503,1,12767,61,148940,390,161707,451,1,85,-26,857,97,10965,3,444,92,"Knox County",470313,177.116090773591,0.109718638653397,95.893585760972,15.308953824368,182.219075381714,10.9718638653397
2020-10-15,11835,74,11333,62,502,12,12706,66,148550,941,161256,1007,1,84,-56,883,129,10868,3,441,90,"Knox County",470313,154.152660037039,0.10719131614654,214.112729182481,15.7342025417116,187.74730870718,10.719131614654
2020-10-14,11761,149,11271,143,490,6,12640,150,147609,1086,160249,1236,0,83,58,939,91,10739,5,438,88,"Knox County",470313,170.524735654766,0.11031847133758,262.803707318318,31.6810294420949,199.6542727928,11.031847133758
2020-10-13,11612,71,11128,68,484,3,12490,63,146523,581,159013,644,1,83,-36,881,106,10648,6,433,88,"Knox County",470313,158.617771569146,0.102432610124918,136.930086984625,15.0963294656962,187.322059989837,10.2432610124918
2020-10-12,11541,79,11060,66,481,13,12427,87,145942,806,158369,893,0,82,-42,917,121,10542,5,427,87,"Knox County",470313,151.601167732978,0.100644987906477,189.873552293898,16.7973243350705,194.976536902021,10.0644987906477
2020-10-11,11462,170,10994,163,468,7,12340,179,145136,1612,157476,1791,0,82,94,959,76,10421,8,422,85,"Knox County",470313,157.979898493131,0.0995546240503013,380.810226381155,36.1461409742023,203.906759966235,9.95546240503013
2020-10-10,11292,130,10831,122,461,8,12161,132,143524,1393,155685,1525,0,82,46,865,84,10345,3,414,85,"Knox County",470313,158.405147210475,0.0977872002120048,324.252146974462,27.6411666273312,183.920070251088,9.77872002120048
2020-10-09,11162,120,10709,118,453,2,12029,134,142131,1336,154160,1470,0,82,34,819,86,10261,3,411,85,"Knox County",470313,168.61111642672,0.0946766285314032,312.557807247514,25.5149230406134,174.139349752186,9.46766285314032
2020-10-08,11042,110,10591,102,451,8,11895,103,140795,943,152690,1046,1,82,32,785,77,10175,4,408,85,"Knox County",470313,176.265593338904,0.0985473561882626,222.40507917068,23.3886794538956,166.910121557346,9.85473561882626
2020-10-07,10932,104,10489,88,443,16,11792,95,139852,1650,151644,1745,0,81,11,753,93,10098,5,404,85,"Knox County",470313,166.697497198674,0.087008997147246,371.029505882253,22.1129333018649,160.106142079849,8.7008997147246
2020-10-06,10828,115,10401,102,427,13,11697,114,138202,1393,149899,1507,0,81,3,742,112,10005,4,399,84,"Knox County",470313,176.052968980232,0.0845945675052621,320.42490851837,24.4518012472545,157.767274134459,8.45945675052621
2020-10-05,10713,118,10299,109,414,9,11583,123,136809,1238,148392,1361,0,81,11,739,107,9893,5,395,84,"Knox County",470313,184.345318968432,0.0842508377213978,289.38175215229,25.0896743232698,157.129401058444,8.42508377213978
2020-10-04,10595,96,10190,89,405,7,11460,99,135571,1827,147031,1926,1,81,31,728,64,9786,2,390,82,"Knox County",470313,168.61111642672,0.0756143667296786,409.514514801845,20.4119384324907,154.790533113054,7.56143667296786
2020-10-03,10499,77,10101,76,398,1,11361,92,133744,1864,145105,1956,0,80,6,697,71,9722,2,388,82,"Knox County",470313,157.342025417116,0.0690218872037054,415.893245561998,16.3720756177269,148.199177994229,6.90218872037054
2020-10-02,10422,82,10025,79,397,3,11269,82,131880,602,143149,684,0,80,-17,691,99,9651,1,386,82,"Knox County",470313,149.262299787588,0.0692420537897311,145.435061331496,17.4351974110858,146.923431842199,6.92420537897311
2020-10-01,10340,71,9946,68,394,3,11187,73,131278,683,142465,756,0,80,2,708,69,9552,1,385,82,"Knox County",470313,140.969949799389,0.0682435832913941,160.744015155864,15.0963294656962,150.538045939619,6.82435832913941
2020-09-30,10269,75,9878,72,391,3,11114,70,130595,675,141709,745,1,80,-32,706,106,9483,2,384,82,"Knox County",470313,134.803843397907,0.0730833799664242,158.405147210475,15.9468269003834,150.112797222275,7.30833799664242
2020-09-29,10194,80,9806,75,388,5,11044,87,129920,1140,140964,1227,-1,79,-16,738,97,9377,2,382,82,"Knox County",470313,127.361990844395,0.0723281340265742,260.890088090272,17.0099486937423,156.916776699772,7.23281340265742
2020-09-28,10114,57,9731,51,383,6,10957,49,128780,431,139737,480,1,80,-70,754,126,9280,3,380,81,"Knox County",470313,114.391904965417,0.0710059171597633,102.059692162454,12.1195884442914,160.318766438521,7.10059171597633
2020-09-27,10057,72,9680,67,377,5,10908,79,128349,978,139257,1057,0,79,-18,824,90,9154,3,377,79,"Knox County",470313,109.288920357294,0.0770456191165822,224.74394711607,15.308953824368,175.202471545545,7.70456191165822
2020-09-26,9985,126,9613,121,372,5,10829,136,127371,2087,138200,2223,4,79,8,842,114,9064,5,374,79,"Knox County",470313,119.707513932211,0.0803123257110987,472.663949327363,26.790669192644,179.029710001637,8.03123257110987
2020-09-25,9859,102,9492,100,367,2,10693,103,125284,1439,135977,1542,0,75,-3,834,105,8950,1,369,79,"Knox County",470313,123.960001105647,0.074346201743462,327.866761071882,21.6876845845214,177.328715132263,7.4346201743462
2020-09-24,9757,92,9392,89,365,3,10590,105,123845,1717,134435,1822,0,75,-52,837,144,8845,3,368,76,"Knox County",470313,128.425112637754,0.0691512752858399,387.40158149998,19.5614409978036,177.966588208278,6.91512752858399
2020-09-23,9665,53,9303,52,362,1,10485,49,122128,432,132613,481,2,75,-123,889,174,8701,2,365,76,"Knox County",470313,123.747376746975,0.0688405797101449,102.272316521125,11.2690910096042,189.023054859211,6.88405797101449
2020-09-22,9612,82,9251,75,361,7,10436,88,121696,1140,132132,1228,1,73,-53,1012,134,8527,3,363,76,"Knox County",470313,124.172625464318,0.0689459979621873,261.102712448944,17.4351974110858,215.175850975839,6.89459979621873
2020-09-21,9530,34,9176,30,354,4,10348,32,120556,379,130904,411,0,72,-103,1065,137,8393,2,360,76,"Knox County",470313,119.282265214868,0.0675490643541762,87.3886114141008,7.22922819484046,226.444941985444,6.75490643541762
2020-09-20,9496,97,9146,78,350,19,10316,88,120177,707,130493,795,0,72,-17,1168,114,8256,1,358,76,"Knox County",470313,124.597874181662,0.0706892495883322,169.036365144064,20.6245627911625,248.345250928637,7.06892495883322
2020-09-19,9399,132,9068,129,331,3,10228,136,119470,1466,129698,1602,1,72,31,1185,100,8142,5,357,74,"Knox County",470313,125.873620333693,0.0762593579494988,340.624222592189,28.0664153446747,251.959865026057,7.62593579494988
2020-09-18,9267,118,8939,114,328,4,10092,129,118004,1606,128096,1735,3,71,-16,1154,131,8042,3,352,74,"Knox County",470313,129.275610072441,0.0776566757493188,368.903262295535,25.0896743232698,245.368509907232,7.76566757493188
2020-09-17,9149,126,8825,119,324,7,9963,124,116398,1516,126361,1640,0,68,-15,1170,141,7911,6,349,74,"Knox County",470313,136.504838267282,0.0818550430816016,348.703948221716,26.790669192644,248.77049964598,8.18550430816016
2020-09-16,9023,99,8706,77,317,22,9839,117,114882,768,124721,885,1,68,-90,1185,188,7770,3,343,72,"Knox County",470313,146.285558766183,0.0860655737704918,188.172557424524,21.049811508506,251.959865026057,8.60655737704918
2020-09-15,8924,132,8629,126,295,6,9722,136,114114,1338,123836,1474,0,67,-65,1275,197,7582,3,340,71,"Knox County",470313,156.916776699772,0.089206274877078,313.408304682201,28.0664153446747,271.096057306517,8.9206274877078
2020-09-14,8792,127,8503,124,289,3,9586,136,112776,902,122362,1038,0,67,-68,1340,195,7385,5,337,71,"Knox County",470313,176.690842056248,0.0944486857890719,220.704084301306,27.0032935513158,284.916640620183,9.44486857890719
2020-09-13,8665,143,8379,136,286,7,9450,148,111874,1008,121324,1156,0,67,-8,1408,151,7190,0,332,71,"Knox County",470313,186.471562555149,0.0971668415529906,245.793758624576,30.4052832900643,299.375097009864,9.71668415529906
2020-09-12,8522,130,8243,123,279,7,9302,141,110866,1177,120168,1318,1,67,29,1416,100,7039,1,332,71,"Knox County",470313,186.046313837806,0.100692191217824,280.238904729404,27.6411666273312,301.076091879238,10.0692191217824
2020-09-11,8392,104,8120,95,272,9,9161,106,109689,773,118850,879,0,66,-17,1387,121,6939,5,331,69,"Knox County",470313,183.069572816401,0.108224076281287,186.896811272493,22.1129333018649,294.909985477756,10.8224076281287
2020-09-10,8288,192,8025,189,263,3,9055,192,108916,1501,117971,1693,0,66,89,1404,103,6818,5,326,67,"Knox County",470313,197.102780488738,0.115598720833827,359.97303923132,40.8238768649814,298.524599575177,11.5598720833827
2020-09-09,8096,91,7836,82,260,9,8863,93,107415,1710,116278,1803,0,66,-23,1315,114,6715,2,321,67,"Knox County",470313,195.401785619364,0.101698536481145,383.361718685216,19.3488166391318,279.601031653388,10.1698536481145
2020-09-08,8005,126,7754,124,251,2,8770,133,105705,702,114475,835,1,66,30,1338,95,6601,8,319,67,"Knox County",470313,194.126039467333,0.108805319880761,177.541339490935,26.790669192644,284.491391902839,10.8805319880761
2020-09-07,7879,95,7630,92,249,3,8637,98,105003,347,113640,445,1,65,11,1308,83,6506,0,311,67,"Knox County",470313,187.322059989837,0.112067905031369,94.6178396089413,20.1993140738189,278.112661142686,11.2067905031369
2020-09-06,7784,96,7538,92,246,4,8539,94,104656,476,113195,570,0,64,23,1297,73,6423,1,311,67,"Knox County",470313,177.328715132263,0.113615272438022,121.195884442914,20.4119384324907,275.773793197296,11.3615272438022
2020-09-05,7688,284,7446,282,242,2,8445,295,104180,1506,112625,1801,0,64,215,1274,69,6350,4,310,64,"Knox County",470313,210.072866367717,0.125965611761774,382.936469967872,60.385317862785,270.883432947845,12.5965611761774
2020-09-04,7404,93,7164,89,240,4,8150,97,102674,565,110824,662,1,64,16,1059,76,6281,0,306,64,"Knox County",470313,207.733998422327,0.12831348444103,140.757325440717,19.7740653564754,225.169195833413,12.831348444103
2020-09-03,7311,190,7075,184,236,6,8053,198,102109,1798,110162,1996,2,63,107,1043,81,6205,6,306,64,"Knox County",470313,207.308749704984,0.124260355029586,424.398219908869,40.3986281476379,221.767206094665,12.4260355029586
2020-09-02,7121,124,6891,120,230,4,7855,121,100311,1461,108166,1582,2,61,40,936,82,6124,5,300,63,"Knox County",470313,214.325353541152,0.131288810036751,336.371735418753,26.3654204753005,199.016399716784,13.1288810036751
2020-09-01,6997,153,6771,146,226,7,7734,158,98850,660,106584,818,2,59,64,896,87,6042,4,295,62,"Knox County",470313,220.06621122529,0.134747269494539,173.926725393515,32.5315268767821,190.511425369913,13.4747269494539
2020-08-31,6844,99,6625,93,219,6,7576,94,98190,431,105766,525,0,57,18,832,81,5955,3,291,59,"Knox County",470313,220.916708659978,0.132889112396279,111.627788302684,21.049811508506,176.903466414919,13.2889112396279
2020-08-30,6745,72,6532,71,213,1,7482,76,97759,423,105241,499,1,57,5,814,66,5874,1,288,59,"Knox County",470313,215.813724051855,0.131802613218318,106.099554977217,15.308953824368,173.076227958827,13.1802613218318
2020-08-29,6673,118,6461,113,212,5,7406,125,97336,1391,104742,1516,5,56,37,809,76,5808,3,287,57,"Knox County",470313,180.51808051234,0.114372203211371,322.338527746416,25.0896743232698,172.013106165469,11.4372203211371
2020-08-28,6555,89,6348,85,207,4,7281,91,95945,309,103226,400,0,51,-7,772,96,5732,3,284,57,"Knox County",470313,179.667583077653,0.117639040348964,85.0497434687113,18.9235679217883,164.146004894613,11.7639040348964
2020-08-27,6466,116,6263,112,203,4,7190,134,95636,1987,102826,2121,0,51,24,779,92,5636,2,281,57,"Knox County",470313,163.933380535941,0.107090202385739,450.976264742841,24.6644256059263,165.634375405315,10.7090202385739
2020-08-26,6350,77,6151,76,199,1,7056,86,93649,794,100705,880,0,51,-15,755,92,5544,3,279,56,"Knox County",470313,153.940035678367,0.113034472555112,187.109435631165,16.3720756177269,160.531390797193,11.3034472555112
2020-08-25,6273,87,6075,82,198,5,6970,96,92855,896,99825,992,2,51,-6,770,91,5452,3,276,55,"Knox County",470313,139.90682800603,0.101254868022501,210.923363802404,18.4983192044447,163.720756177269,10.1254868022501
2020-08-24,6186,32,5993,28,193,4,6874,29,91959,261,98833,290,0,49,-66,776,98,5361,1,273,55,"Knox County",470313,125.660995975021,0.0951030158256196,61.6610640148157,6.8039794774969,164.9965023293,9.51030158256196
2020-08-23,6154,76,5965,75,189,1,6845,74,91698,566,98543,640,0,49,13,842,63,5263,3,272,55,"Knox County",470313,126.511493409708,0.0928498318467612,136.079589549938,16.1594512590551,179.029710001637,9.28498318467612
2020-08-22,6078,137,5890,136,188,1,6771,154,91132,1892,97903,2046,0,49,70,829,67,5200,4,269,55,"Knox County",470313,130.551356224472,0.0901072058623965,435.029437842458,29.1295371380336,176.265593338904,9.01072058623965
2020-08-21,5941,30,5754,30,187,0,6617,41,89240,262,95857,303,1,49,-62,759,91,5133,1,265,55,"Knox County",470313,118.006519062837,0.0844334433443344,64.4251806775488,6.37873076015334,161.38188823188,8.44334433443344
2020-08-20,5911,119,5724,117,187,2,6576,130,88978,2068,95554,2198,3,48,24,821,92,5042,3,264,55,"Knox County",470313,118.644392138852,0.0830044904068581,467.348340360568,25.3022986819416,174.56459846953,8.30044904068581
2020-08-19,5792,46,5607,41,185,5,6446,48,86910,608,93356,656,2,45,-50,797,94,4950,4,261,55,"Knox County",470313,112.053037020027,0.080280701754386,139.481579288686,9.7807204989018,169.461613861407,8.0280701754386
2020-08-18,5746,134,5566,132,180,2,6398,152,86302,1164,92700,1316,0,43,3,847,131,4856,4,257,55,"Knox County",470313,122.046381877601,0.0843066183380319,279.81365601206,28.4916640620183,180.092831794996,8.43066183380319
2020-08-17,5612,50,5434,42,178,8,6246,50,85138,289,91384,339,1,43,-70,844,119,4725,0,253,54,"Knox County",470313,125.873620333693,0.0865564150440117,72.0796575897328,10.6312179335889,179.454958718981,8.65564150440117
2020-08-16,5562,83,5392,78,170,5,6196,82,84849,587,91045,669,0,42,11,914,72,4606,1,253,53,"Knox County",470313,127.361990844395,0.0872857712235951,142.24569595142,17.6478217697576,194.338663826005,8.72857712235951
2020-08-15,5479,119,5314,116,165,3,6114,132,84262,1223,90376,1355,1,42,42,903,76,4534,2,252,52,"Knox County",470313,123.534752388303,0.0928905792861322,288.106006000259,25.3022986819416,191.999795880616,9.28905792861323
2020-08-14,5360,91,5198,83,162,8,5982,96,83039,1024,89021,1120,0,41,5,861,86,4458,2,250,52,"Knox County",470313,136.504838267282,0.0901607212857703,238.139281712392,19.3488166391318,183.069572816401,9.01607212857703
2020-08-13,5269,127,5115,126,154,1,5886,229,82015,1778,87901,2007,1,41,13,856,113,4372,4,248,51,"Knox County",470313,138.205833136656,0.105735727686947,426.737087854259,27.0032935513158,182.006451023042,10.5735727686947
2020-08-12,5142,79,4989,72,153,7,5657,88,80237,892,85894,980,0,40,-40,843,119,4259,1,244,50,"Knox County",470313,145.222436972824,0.106473156948369,208.371871498343,16.7973243350705,179.242334360309,10.6473156948369
2020-08-11,5063,111,4917,108,146,3,5569,117,79345,1121,84914,1238,0,40,2,883,109,4140,5,243,50,"Knox County",470313,140.332076723374,0.103009859885833,263.228956035661,23.6013038125674,187.74730870718,10.3009859885833
2020-08-10,4952,37,4809,35,143,2,5452,35,78224,365,83676,400,1,40,-94,881,130,4031,0,238,48,"Knox County",470313,137.56796006064,0.100270305058566,85.0497434687113,7.86710127085579,187.322059989837,10.0270305058566
2020-08-09,4915,85,4774,81,141,4,5417,109,77859,826,83276,935,1,39,25,975,59,3901,4,238,48,"Knox County",470313,137.993208777984,0.10031113876789,198.803775358113,18.0730704871011,207.308749704984,10.031113876789
2020-08-08,4830,157,4693,156,137,1,5308,176,77033,2284,82341,2460,1,38,96,950,60,3842,4,234,47,"Knox County",470313,146.072934407512,0.0929978118161926,523.055922332574,33.3820243114692,201.993140738189,9.29978118161926
2020-08-07,4673,50,4537,46,136,4,5132,44,74749,403,79881,447,0,37,-35,854,85,3782,0,230,45,"Knox County",470313,137.355335701969,0.0942482579426007,95.0430883262848,10.6312179335889,181.581202305699,9.42482579426007
2020-08-06,4623,113,4491,105,132,8,5088,121,74346,1463,79434,1584,-1,37,41,889,73,3697,5,230,43,"Knox County",470313,134.378594680564,0.0857782197911487,336.796984136097,24.0265525299109,189.023054859211,8.57782197911487
2020-08-05,4510,99,4386,99,124,0,4967,100,72883,1107,77850,1207,1,38,-1,848,99,3624,3,225,42,"Knox County",470313,138.631081853999,0.0848748639825898,256.637600916836,21.049811508506,180.305456153668,8.48748639825898
2020-08-04,4411,112,4287,111,124,1,4867,106,71776,1082,76643,1188,1,37,-31,849,142,3525,9,222,41,"Knox County",470313,138.843706212671,0.0840530349105948,252.597738102072,23.8139281712392,180.51808051234,8.40530349105948
2020-08-03,4299,50,4176,50,123,0,4761,81,70694,593,75455,674,2,36,-59,880,107,3383,1,213,41,"Knox County",470313,141.607822875404,0.0867569158328429,143.308817744778,10.6312179335889,187.109435631165,8.67569158328429
2020-08-02,4249,97,4126,91,123,6,4680,95,70101,692,74781,787,3,34,28,939,66,3276,2,212,40,"Knox County",470313,144.159315179466,0.0866179465676291,167.335370274689,20.6245627911625,199.6542727928,8.66179465676291
2020-08-01,4152,118,4035,110,117,8,4585,118,69409,1417,73994,1535,1,31,29,911,88,3210,1,210,40,"Knox County",470313,135.866965191266,0.0895984909727836,326.37839056118,25.0896743232698,193.70079074999,8.95984909727836
2020-07-31,4034,117,3925,114,109,3,4467,116,67992,1060,72459,1176,2,30,9,882,106,3122,1,209,39,"Knox County",470313,150.112797222275,0.0904183535762483,250.046245798011,24.877049964598,187.534684348508,9.04183535762483
2020-07-30,3917,189,3811,186,106,3,4351,227,66932,2420,71283,2647,1,28,78,873,110,3016,7,208,36,"Knox County",470313,166.272248481331,0.0914912090297374,562.816677404197,40.1860037889661,185.621065120462,9.14912090297373
2020-07-29,3728,75,3625,71,103,4,4124,60,64512,438,68636,498,0,27,-40,795,115,2906,3,201,34,"Knox County",470313,161.169263873208,0.0944150499706055,105.886930618546,15.9468269003834,169.036365144064,9.44150499706055
2020-07-28,3653,154,3554,152,99,2,4064,186,64074,1211,68138,1397,1,27,46,835,107,2791,3,198,30,"Knox County",470313,170.099486937423,0.101331191186596,297.036229064474,32.7441512354538,177.541339490935,10.1331191186596
2020-07-27,3499,83,3402,76,97,7,3878,85,62863,677,66741,762,3,26,-36,789,116,2684,2,195,30,"Knox County",470313,177.116090773591,0.100772551692797,162.019761307895,17.6478217697576,167.760618992033,10.0772551692797
2020-07-26,3416,118,3326,113,90,5,3793,132,62186,1473,65979,1605,0,23,49,825,69,2568,2,193,29,"Knox County",470313,181.581202305699,0.0960498960498961,341.262095668204,25.0896743232698,175.415095904217,9.6049896049896
2020-07-25,3298,175,3213,172,85,3,3661,197,60713,1949,64374,2146,2,23,95,776,78,2499,3,191,28,"Knox County",470313,193.70079074999,0.0980353826605415,456.291873709636,37.2092627675612,164.9965023293,9.80353826605415
2020-07-24,3123,106,3041,99,82,7,3464,113,58764,916,62228,1029,0,21,-15,681,121,2421,4,188,25,"Knox County",470313,191.3619228046,0.0991669972233241,218.79046507326,22.5381820192085,144.797188255481,9.91669972233241
2020-07-23,3017,205,2942,197,75,8,3351,254,57848,2389,61199,2643,0,21,89,696,116,2300,4,184,25,"Knox County",470313,194.763912543349,0.101884920634921,561.96617996951,43.5879935277145,147.986553635558,10.1884920634921
2020-07-22,2812,69,2745,61,67,8,3097,63,55459,437,58556,500,3,21,-68,607,134,2184,3,180,24,"Knox County",470313,193.488166391318,0.102162269390994,106.312179335889,14.6710807483527,129.062985713769,10.2162269390994
2020-07-21,2743,232,2684,228,59,4,3034,280,55022,1691,58056,1971,0,18,120,675,112,2050,12,177,24,"Knox County",470313,210.072866367717,0.10548048048048,419.082610942075,49.3288512118525,143.52144210345,10.548048048048
2020-07-20,2511,74,2456,70,55,4,2754,57,53331,364,56085,421,0,18,-59,555,133,1938,4,165,23,"Knox County",470313,208.159247139671,0.106253029568589,89.5148550008186,15.7342025417116,118.006519062837,10.6253029568589
2020-07-19,2437,84,2386,74,51,10,2697,74,52967,577,55664,651,0,18,-16,614,100,1805,0,161,22,"Knox County",470313,200.93001894483,0.110885589146459,138.418457495328,17.8604461284294,130.551356224472,11.0885589146459
2020-07-18,2353,112,2312,109,41,3,2623,146,52390,2258,55013,2404,1,18,36,630,75,1705,8,161,20,"Knox County",470313,187.534684348508,0.102609418858509,511.148958246955,23.8139281712392,133.95334596322,10.2609418858509
2020-07-17,2241,74,2203,74,38,0,2477,80,50132,347,52609,427,0,17,3,594,71,1630,6,153,19,"Knox County",470313,180.730704871011,0.105800155262282,90.7906011528493,15.7342025417116,126.298869051036,10.5800155262282
2020-07-16,2167,187,2129,185,38,2,2397,228,49785,2035,52182,2263,2,17,97,591,88,1559,3,147,17,"Knox County",470313,176.903466414919,0.107444714599977,481.168923674234,39.7607550716225,125.660995975021,10.7444714599977
2020-07-15,1980,78,1944,78,36,0,2169,80,47750,511,49919,591,3,15,-14,494,89,1471,4,144,17,"Knox County",470313,178.817085642965,0.10827222731439,125.660995975021,16.5846999763987,105.036433183858,10.827222731439
2020-07-14,1902,95,1866,95,36,0,2089,127,47239,777,49328,904,2,12,12,508,81,1382,1,140,16,"Knox County",470313,149.687548504932,0.103380759691946,192.212420239287,20.1993140738189,108.013174205263,10.3380759691946
2020-07-13,1807,94,1771,92,36,2,1962,59,46462,655,48424,714,1,10,20,496,73,1301,2,139,15,"Knox County",470313,153.940035678367,0.099823987930601,151.81379209165,19.9866897151471,105.461681901202,9.9823987930601
2020-07-12,1713,69,1679,67,34,2,1903,87,45807,916,47710,1003,0,9,27,476,42,1228,4,137,12,"Knox County",470313,150.750670298291,0.097158680471948,213.262231747793,14.6710807483527,101.209194727766,9.7158680471948
2020-07-11,1644,28,1612,27,32,1,1816,36,44891,883,46707,919,0,9,-16,449,44,1186,2,133,11,"Knox County",470313,132.890224169861,0.10218443043542,195.401785619364,5.95348204280979,95.4683370436284,10.218443043542
2020-07-10,1616,78,1585,74,31,4,1780,68,44008,418,45788,486,0,9,29,465,49,1142,6,131,10,"Knox County",470313,133.740721604548,0.0995639534883721,103.335438314484,16.5846999763987,98.8703267823768,9.95639534883721
2020-07-09,1538,70,1511,66,27,4,1712,88,43590,1652,45302,1740,0,9,23,436,47,1093,8,125,10,"Knox County",470313,108.86367163995,0.0857322636463741,369.966384088894,14.8837051070245,92.7042203808953,8.57322636463741
2020-07-08,1468,70,1445,65,23,5,1624,63,41938,594,43562,657,1,9,15,413,54,1046,5,117,10,"Knox County",470313,107.162676770576,0.0822045773003269,139.694203647358,14.8837051070245,87.8138601314444,8.2204577300327
2020-07-07,1398,79,1380,79,18,0,1561,104,41344,1305,42905,1409,0,8,38,398,41,992,7,112,10,"Knox County",470313,103.760687031828,0.0728926096997691,299.587721368535,16.7973243350705,84.6244947513677,7.28926096997691
2020-07-06,1319,35,1301,35,18,0,1457,34,40039,658,41496,692,1,8,-19,360,53,951,6,105,9,"Knox County",470313,91.2158498701928,0.0695047784535187,147.13605620087,7.44185255351224,76.5447691218401,6.95047784535187
2020-07-05,1284,77,1266,77,18,0,1423,109,39381,1081,40804,1190,2,7,34,379,41,898,6,99,9,"Knox County",470313,92.9168447395671,0.0707740025377132,253.022986819416,16.3720756177269,80.5846319366039,7.07740025377132
2020-07-04,1207,41,1189,40,18,1,1314,50,38300,1141,39614,1191,0,5,4,345,37,857,1,93,8,"Knox County",470313,95.6809614023002,0.070061099796334,253.235611178088,8.7175987055429,73.3554037417635,7.0061099796334
2020-07-03,1166,62,1149,61,17,1,1264,49,37159,910,38423,959,0,5,27,341,35,820,4,92,6,"Knox County",470313,92.2789716635517,0.0634090329165603,203.906759966235,13.1827102376502,72.5049063070764,6.34090329165603
2020-07-02,1104,68,1088,68,16,0,1215,102,36249,1228,37464,1330,0,5,33,314,35,785,2,88,6,"Knox County",470313,91.8537229462082,0.0687937533656435,282.790397033465,14.4584563896809,66.7640486229383,6.87937533656435
2020-07-01,1036,49,1020,49,16,0,1113,34,35021,737,36134,771,0,5,25,281,24,750,4,86,6,"Knox County",470313,87.3886114141008,0.0639087775125961,163.933380535941,10.4185935749171,59.7474447867697,6.39087775125961
2020-06-30,987,40,971,39,16,1,1079,73,34284,1514,35363,1587,0,5,18,256,22,726,3,82,5,"Knox County",470313,79.0962614259015,0.058419689119171,337.434857212112,8.50497434687113,54.4318358199752,5.8419689119171
2020-06-29,947,51,932,51,15,0,1006,79,32770,1333,33776,1412,0,5,20,238,31,704,3,79,5,"Knox County",470313,82.4982511646499,0.0587677725118483,300.225594444551,10.8438422922607,50.6045973638832,5.87677725118483
2020-06-28,896,10,881,10,15,0,927,30,31437,684,32364,714,0,5,-5,218,15,673,1,76,5,"Knox County",470313,68.2524191336408,0.0523606228026118,151.81379209165,2.12624358671778,46.3521101904476,5.23606228026117
2020-06-27,886,29,871,29,15,0,897,16,30753,111,31650,127,0,5,18,223,11,658,3,75,5,"Knox County",470313,65.7009268295794,0.0555072463768116,27.0032935513158,6.16610640148157,47.4152319838065,5.55072463768116
2020-06-26,857,37,842,37,15,0,881,14,30642,319,31523,333,0,5,17,205,20,647,8,72,5,"Knox County",470313,60.385317862785,0.0554670066942939,70.8039114377021,7.86710127085579,43.5879935277145,5.54670066942939
2020-06-25,820,32,805,32,15,0,867,52,30323,702,31190,754,0,5,13,188,19,627,1,64,5,"Knox County",470313,52.730840950601,0.0522990522990523,160.318766438521,6.8039794774969,39.9733794302943,5.22990522990523
2020-06-24,788,35,773,34,15,1,815,32,29621,272,30436,304,0,5,22,175,13,608,1,63,5,"Knox County",470313,49.7540999291961,0.0565857388644619,64.6378050362206,7.44185255351224,37.2092627675612,5.65857388644619
2020-06-23,753,27,739,24,14,3,783,25,29349,216,30132,241,0,5,18,153,9,595,4,62,5,"Knox County",470313,46.989983266463,0.0638352638352638,51.2424704398985,5.74085768413801,32.5315268767821,6.38352638352638
2020-06-22,726,36,715,36,11,0,758,31,29133,572,29891,603,0,5,20,135,16,586,0,58,5,"Knox County",470313,43.8006178863863,0.0650195058517555,128.212488279082,7.65447691218401,28.7042884206901,6.50195058517555
2020-06-21,690,31,679,31,11,0,727,37,28561,815,29288,852,0,5,16,115,15,570,1,58,5,"Knox County",470313,48.2657294184936,0.0644057249533292,181.155953588355,6.59135511882512,24.4518012472545,6.44057249533292
2020-06-20,659,17,648,17,11,0,690,9,27746,437,28436,446,0,5,11,99,6,555,2,57,5,"Knox County",470313,45.7142371144323,0.0566091140673648,94.8304639676131,3.61461409742023,21.049811508506,5.66091140673648
2020-06-19,642,30,631,28,11,2,681,10,27309,334,27990,344,0,5,8,88,22,549,1,55,5,"Knox County",470313,44.2258666037299,0.0553047404063205,73.1427793830917,6.37873076015334,18.7109435631165,5.53047404063205
2020-06-18,612,15,603,15,9,0,671,18,26975,804,27646,822,0,5,2,80,13,527,0,54,5,"Knox County",470313,40.6112525063096,0.0448504983388704,174.777222828202,3.18936538007667,17.0099486937423,4.48504983388704
2020-06-17,597,17,588,17,9,0,653,13,26171,282,26824,295,0,5,-3,78,20,514,0,54,5,"Knox County",470313,36.7840140502176,0.0396891479322787,62.7241858081746,3.61461409742023,16.5846999763987,3.96891479322787
2020-06-16,580,9,571,8,9,1,640,9,25889,178,26529,187,0,5,-2,81,11,494,0,54,5,"Knox County",470313,32.9567755941256,0.0357847280924204,39.7607550716225,1.913619228046,17.222573052414,3.57847280924204
2020-06-15,571,8,563,8,8,0,631,9,25711,218,26342,227,0,5,-5,83,13,483,0,54,5,"Knox County",470313,27.0032935513158,0.0330917113142137,48.2657294184936,1.70099486937423,17.6478217697576,3.30917113142137
2020-06-14,563,8,555,8,8,0,622,9,25493,624,26115,633,0,5,4,88,4,470,0,54,5,"Knox County",470313,22.1129333018649,0.0260663507109005,134.591219039236,1.70099486937423,18.7109435631165,2.60663507109005
2020-06-13,555,10,547,8,8,2,613,9,24869,213,25482,222,0,5,0,84,10,466,3,54,5,"Knox County",470313,20.6245627911625,0.0282051282051282,47.2026076251348,2.12624358671778,17.8604461284294,2.82051282051282
2020-06-12,545,19,539,19,6,0,604,19,24656,750,25260,769,0,5,1,84,18,456,0,51,5,"Knox County",470313,18.2856948457729,0.0272583201267829,163.508131818597,4.03986281476378,17.8604461284294,2.72583201267829
2020-06-11,526,7,520,7,6,0,585,10,23906,379,24491,389,0,5,1,83,6,438,2,51,5,"Knox County",470313,16.5846999763987,0.0286554004408523,82.7108755233217,1.48837051070245,17.6478217697576,2.86554004408523
2020-06-10,519,12,513,12,6,0,575,12,23527,706,24102,718,0,5,-6,82,18,432,0,49,5,"Knox County",470313,15.5215781830398,0.024483306836248,152.664289526337,2.55149230406134,17.4351974110858,2.4483306836248
2020-06-09,507,16,501,16,6,0,563,19,22821,508,23384,527,0,5,5,88,11,414,1,49,5,"Knox County",470313,17.0099486937423,0.0249641319942611,112.053037020027,3.40198973874845,18.7109435631165,2.49641319942611
2020-06-08,491,8,485,8,6,0,544,8,22313,336,22857,344,0,5,4,83,4,403,1,48,5,"Knox County",470313,17.0099486937423,0.0238756246529706,73.1427793830917,1.70099486937423,17.6478217697576,2.38756246529706
2020-06-07,483,7,477,7,6,0,536,8,21977,850,22513,858,0,5,0,79,7,399,1,47,5,"Knox County",470313,16.7973243350705,0.0222106088319833,182.431699740386,1.48837051070245,16.7973243350705,2.22106088319833
2020-06-06,476,11,470,11,6,0,528,12,21127,478,21655,490,0,5,5,79,6,392,0,46,5,"Knox County",470313,17.0099486937423,0.0214896214896215,104.185935749171,2.33886794538956,16.7973243350705,2.14896214896215
2020-06-05,465,18,459,18,6,0,516,17,20649,518,21165,535,0,5,7,74,11,386,1,46,5,"Knox County",470313,16.7973243350705,0.0222740222740223,113.754031889401,3.82723845609201,15.7342025417116,2.22740222740223
2020-06-04,447,4,441,4,6,0,499,4,20131,338,20630,342,0,5,-1,67,5,375,0,45,5,"Knox County",470313,16.1594512590551,0.0209753539590981,72.7175306657481,0.850497434687113,14.2458320310091,2.09753539590981
2020-06-03,443,4,437,4,6,0,495,4,19793,399,20288,403,0,5,-3,68,7,370,0,45,5,"Knox County",470313,14.4584563896809,0.0205773078022292,85.6876165447266,0.850497434687113,14.4584563896809,2.05773078022292
2020-06-02,439,26,433,25,6,1,491,24,19394,939,19885,963,0,5,21,71,5,363,2,45,5,"Knox County",470313,16.5846999763987,0.0195679796696315,204.757257400922,5.52823332546623,15.0963294656962,1.95679796696315
2020-06-01,413,17,408,17,5,0,467,20,18455,972,18922,992,0,5,4,50,13,358,0,43,5,"Knox County",470313,18.4983192044447,0.019419594152302,210.923363802404,3.61461409742023,10.6312179335889,1.9419594152302
2020-05-31,396,7,391,7,5,0,447,7,17483,317,17930,324,0,5,3,46,4,345,0,43,5,"Knox County",470313,18.4983192044447,0.0217337614225735,68.8902922096561,1.48837051070245,9.7807204989018,2.17337614225735
2020-05-30,389,6,384,6,5,0,440,6,17166,294,17606,300,0,5,-1,43,7,341,2,43,5,"Knox County",470313,17.4351974110858,0.0212490282456595,63.7873076015334,1.27574615203067,9.14284742288646,2.12490282456595
2020-05-29,383,8,378,8,5,0,434,7,16872,205,17306,212,0,5,0,44,8,334,0,41,5,"Knox County",470313,15.308953824368,0.0203619909502262,45.076364038417,1.70099486937423,9.35547178155824,2.03619909502262
2020-05-28,375,11,370,11,5,0,427,11,16667,336,17094,347,0,5,7,44,4,326,0,41,5,"Knox County",470313,16.7973243350705,0.022310081897769,73.780652459107,2.33886794538956,9.35547178155824,2.2310081897769
2020-05-27,364,5,359,5,5,0,416,6,16331,420,16747,426,0,5,0,37,5,322,1,41,5,"Knox County",470313,17.0099486937423,0.0227272727272727,90.5779767941775,1.06312179335889,7.86710127085579,2.27272727272727
2020-05-26,359,9,354,9,5,0,410,10,15911,1142,16321,1152,0,5,7,37,2,317,0,40,5,"Knox County",470313,13.395334596322,0.0178523847588596,244.943261189888,1.913619228046,7.86710127085579,1.78523847588596
2020-05-25,350,9,345,9,5,0,400,11,14769,381,15169,392,0,5,5,30,4,315,1,40,5,"Knox County",470313,11.6943397269478,0.018395179194418,83.348748599337,1.913619228046,6.37873076015334,1.8395179194418
2020-05-24,341,2,336,2,5,0,389,3,14388,273,14777,276,0,5,1,25,1,311,0,39,5,"Knox County",470313,10.6312179335889,0.0173913043478261,58.6843229934108,0.425248717343556,5.31560896679445,1.73913043478261
2020-05-23,339,7,334,7,5,0,386,10,14115,360,14501,370,0,5,4,24,3,310,2,39,5,"Knox County",470313,10.8438422922607,0.0182677165354331,78.6710127085579,1.48837051070245,5.10298460812268,1.82677165354331
2020-05-22,332,1,327,1,5,0,376,1,13755,253,14131,254,0,5,-14,20,15,307,0,37,5,"Knox County",470313,9.35547178155824,0.0161641280696301,54.0065871026317,0.212624358671778,4.25248717343556,1.61641280696301
2020-05-21,331,0,326,0,5,0,375,0,13502,250,13877,250,0,5,-1,34,1,292,0,37,5,"Knox County",470313,7.01660383616868,0.0131410256410256,53.1560896679445,0,7.22922819484046,1.31410256410256
2020-05-20,331,7,326,7,5,0,375,7,13252,360,13627,367,0,5,4,35,3,291,0,37,5,"Knox County",470313,7.44185255351224,0.0137210062071219,78.0331396325426,1.48837051070245,7.44185255351224,1.37210062071219
2020-05-19,324,7,319,7,5,0,368,7,12892,369,13260,376,0,5,4,31,3,288,2,37,5,"Knox County",470313,7.01660383616868,0.0170678336980306,79.9467588605886,1.48837051070245,6.59135511882512,1.70678336980306
2020-05-18,317,3,312,3,5,0,361,4,12523,478,12884,482,0,5,0,27,3,285,0,35,5,"Knox County",470313,5.74085768413801,0.0134736842105263,102.484940879797,0.637873076015334,5.74085768413801,1.34736842105263
2020-05-17,314,3,309,3,5,0,357,5,12045,216,12402,221,0,5,1,27,2,282,1,35,5,"Knox County",470313,5.95348204280979,0.0146551724137931,46.989983266463,0.637873076015334,5.74085768413801,1.46551724137931
2020-05-16,311,0,306,0,5,0,352,0,11829,349,12181,349,0,5,-4,26,4,280,0,34,5,"Knox County",470313,4.46511153210734,0.0104393214441061,74.2059011764506,0,5.52823332546623,1.04393214441061
2020-05-15,311,1,306,1,5,0,352,4,11480,541,11832,545,0,5,-4,30,5,276,0,34,5,"Knox County",470313,4.46511153210734,0.0104247104247104,115.880275476119,0.212624358671778,6.37873076015334,1.04247104247104
2020-05-14,310,3,305,3,5,0,348,7,10939,458,11287,465,0,5,0,34,3,271,0,34,5,"Knox County",470313,5.10298460812268,0.0121212121212121,98.8703267823768,0.637873076015334,7.22922819484046,1.21212121212121
2020-05-13,307,7,302,7,5,0,341,5,10481,341,10822,346,0,5,1,34,6,268,0,34,5,"Knox County",470313,5.10298460812268,0.0114942528735632,73.5680281004352,1.48837051070245,7.22922819484046,1.14942528735632
2020-05-12,300,6,295,6,5,0,336,8,10140,401,10476,409,0,5,3,33,3,262,0,34,5,"Knox County",470313,4.8903602494509,0.0117145899893504,86.9633626967573,1.27574615203067,7.01660383616868,1.17145899893504
2020-05-11,294,16,289,16,5,0,328,12,9739,254,10067,266,0,5,9,30,7,259,1,34,5,"Knox County",470313,7.65447691218401,0.015763168012303,56.558079406693,3.40198973874845,6.37873076015334,1.5763168012303
2020-05-10,278,5,273,5,5,0,316,5,9485,221,9801,226,0,5,1,21,4,252,1,33,5,"Knox County",470313,8.07972562952757,0.0157329240214889,48.0531050598219,1.06312179335889,4.46511153210734,1.57329240214889
2020-05-09,273,2,268,2,5,0,311,4,9264,352,9575,356,0,5,-1,20,3,248,0,32,5,"Knox County",470313,8.50497434687113,0.0172215843857635,75.694271687153,0.425248717343556,4.25248717343556,1.72215843857635
2020-05-08,271,3,266,3,5,0,307,4,8912,265,9219,269,0,5,-2,21,5,245,0,32,5,"Knox County",470313,8.93022306421468,0.0192554557124519,57.1959524827083,0.637873076015334,4.46511153210734,1.92554557124519
2020-05-07,268,3,263,3,5,0,303,3,8647,220,8950,223,0,5,-2,23,5,240,0,32,5,"Knox County",470313,8.93022306421468,0.0195704057279236,47.4152319838065,0.637873076015334,4.8903602494509,1.95704057279236
2020-05-06,265,1,260,1,5,0,300,1,8427,185,8727,186,0,5,-7,25,8,235,0,32,5,"Knox County",470313,7.65447691218401,0.0191214470284238,39.5481307129507,0.212624358671778,5.31560896679445,1.91214470284238
2020-05-05,264,4,259,4,5,0,299,5,8242,305,8541,310,0,5,-1,32,5,227,0,32,5,"Knox County",470313,7.22922819484046,0.0185185185185185,65.9135511882512,0.850497434687113,6.8039794774969,1.85185185185185
2020-05-04,260,4,255,4,5,0,294,7,7937,259,8231,266,0,5,-3,33,7,222,0,32,5,"Knox County",470313,4.67773589077912,0.0157952069716776,56.558079406693,0.850497434687113,7.01660383616868,1.57952069716776
2020-05-03,256,7,251,5,5,2,287,6,7678,290,7965,296,0,5,6,36,1,215,2,32,5,"Knox County",470313,5.10298460812268,0.0157397691500525,62.9368101668463,1.48837051070245,7.65447691218401,1.57397691500525
2020-05-02,249,3,246,3,3,0,281,5,7388,308,7669,313,0,5,1,30,2,214,1,30,5,"Knox County",470313,5.31560896679445,0.0166398282340311,66.5514242642666,0.637873076015334,6.37873076015334,1.66398282340311
2020-05-01,246,9,243,8,3,1,276,7,7080,354,7356,361,0,5,4,29,5,212,0,29,5,"Knox County",470313,6.59135511882512,0.0173913043478261,76.7573934805119,1.913619228046,6.16610640148157,1.73913043478261
2020-04-30,237,4,235,4,2,0,269,3,6726,119,6995,122,0,5,-1,25,5,207,0,29,5,"Knox County",470313,6.8039794774969,0.0183387270765912,25.9401717579569,0.850497434687113,5.31560896679445,1.83387270765912
2020-04-29,233,8,231,8,2,0,266,10,6607,671,6873,681,0,5,5,26,3,202,0,29,5,"Knox County",470313,8.29234998819935,0.0183056619838229,144.797188255481,1.70099486937423,5.52823332546623,1.83056619838229
2020-04-28,225,8,223,8,2,0,256,10,5936,391,6192,401,1,5,4,21,3,199,0,29,5,"Knox County",470313,9.14284742288646,0.019672131147541,85.262367827383,1.70099486937423,4.46511153210734,1.9672131147541
2020-04-27,217,2,215,2,2,0,246,4,5545,161,5791,165,0,4,1,17,1,196,0,29,5,"Knox County",470313,8.7175987055429,0.0192389910218042,35.0830191808434,0.425248717343556,3.61461409742023,1.92389910218042
2020-04-26,215,1,213,1,2,0,242,1,5384,172,5626,173,0,4,-2,16,3,195,0,29,4,"Knox County",470313,7.44185255351224,0.0180505415162455,36.7840140502176,0.212624358671778,3.40198973874845,1.80505415162455
2020-04-25,214,0,212,0,2,0,241,0,5212,53,5453,53,0,4,-6,18,6,192,0,29,4,"Knox County",470313,6.8039794774969,0.0178936605316973,11.2690910096042,0,3.82723845609201,1.78936605316973
2020-04-24,214,8,212,8,2,0,241,10,5159,836,5400,846,0,4,5,24,3,186,1,29,4,"Knox County",470313,6.59135511882512,0.0155673904137649,179.880207436324,1.70099486937423,5.10298460812268,1.55673904137648
2020-04-23,206,1,204,1,2,0,231,2,4323,137,4554,139,0,4,0,19,1,183,0,28,4,"Knox County",470313,5.95348204280979,0.0150528885272579,29.5547858553772,0.212624358671778,4.03986281476378,1.50528885272579
2020-04-22,205,5,203,3,2,2,229,2,4186,189,4415,191,0,4,1,19,4,182,0,28,4,"Knox County",470313,5.31560896679445,0.0147357723577236,40.6112525063096,1.06312179335889,4.03986281476378,1.47357723577236
2020-04-21,200,4,200,4,0,0,227,5,3997,475,4224,480,0,4,-2,18,6,178,1,28,4,"Knox County",470313,4.46511153210734,0.0117244748412311,102.059692162454,0.850497434687113,3.82723845609201,1.17244748412311
2020-04-20,196,3,196,3,0,0,222,2,3522,175,3744,177,0,4,-1,20,4,172,1,27,4,"Knox County",470313,4.67773589077912,0.0106847984458475,37.6345114849047,0.637873076015334,4.25248717343556,1.06847984458475
2020-04-19,193,0,193,0,0,0,220,0,3347,72,3567,72,0,4,-4,21,4,168,0,26,4,"Knox County",470313,4.46511153210734,0.0107252298263534,15.308953824368,0,4.46511153210734,1.07252298263534
2020-04-18,193,0,193,0,0,0,220,1,3275,135,3495,136,0,4,-5,25,5,164,0,26,4,"Knox County",470313,4.46511153210734,0.0107790298873101,28.9169127793618,0,5.31560896679445,1.07790298873101
2020-04-17,193,2,193,2,0,0,219,3,3140,104,3359,107,0,4,-2,30,4,159,1,26,4,"Knox County",470313,3.18936538007667,0.0115207373271889,22.7508063778803,0.425248717343556,6.37873076015334,1.15207373271889
2020-04-16,191,7,191,7,0,0,216,9,3036,213,3252,222,0,4,2,32,5,155,2,25,4,"Knox County",470313,4.46511153210734,0.015884476534296,47.2026076251348,1.48837051070245,6.8039794774969,1.5884476534296
2020-04-15,184,9,184,9,0,0,207,10,2823,84,3030,94,0,4,3,30,6,150,1,23,4,"Knox County",470313,5.31560896679445,0.0232919254658385,19.9866897151471,1.913619228046,6.37873076015334,2.32919254658385
2020-04-14,175,4,175,4,0,0,197,4,2739,102,2936,106,0,4,1,27,3,144,1,22,4,"Knox County",470313,5.31560896679445,0.0317286652078775,22.5381820192085,0.850497434687113,5.74085768413801,3.17286652078775
2020-04-13,171,4,171,4,0,0,193,9,2637,242,2830,251,0,4,-2,26,6,141,1,21,4,"Knox County",470313,5.52823332546623,0.0364372469635627,53.3687140266163,0.850497434687113,5.52823332546623,3.64372469635628
2020-04-12,167,5,167,5,0,0,184,6,2395,166,2579,172,0,4,1,28,4,135,0,20,4,"Knox County",470313,6.59135511882512,0.0386029411764706,36.5713896915458,1.06312179335889,5.95348204280979,3.86029411764706
2020-04-11,162,5,162,5,0,0,178,8,2229,313,2407,321,1,4,-4,27,8,131,1,20,4,"Knox County",470313,7.65447691218401,0.0384917517674784,68.2524191336408,1.06312179335889,5.74085768413801,3.84917517674784
2020-04-10,157,4,157,4,0,0,170,5,1916,123,2086,128,0,3,0,31,4,123,0,19,4,"Knox County",470313,8.07972562952757,0.0394126738794436,27.2159179099876,0.850497434687113,6.59135511882512,3.94126738794436
2020-04-09,153,1,153,1,0,0,165,1,1793,81,1958,82,0,3,-2,31,3,119,0,19,4,"Knox County",470313,6.8039794774969,0.037261698440208,17.4351974110858,0.212624358671778,6.59135511882512,3.7261698440208
2020-04-08,152,8,152,8,0,0,164,12,1712,111,1876,123,0,3,-3,33,11,116,1,19,4,"Knox County",470313,6.59135511882512,0.0380388841927303,26.1527961166287,1.70099486937423,7.01660383616868,3.80388841927303
2020-04-07,144,20,144,20,0,0,152,25,1601,366,1753,391,0,3,11,36,9,105,2,18,3,"Knox County",470313,9.99334485757357,0.0449591280653951,83.1361242406653,4.25248717343556,7.65447691218401,4.49591280653951
2020-04-06,124,8,124,8,0,0,127,14,1235,54,1362,68,2,3,-2,25,8,96,1,16,3,"Knox County",470313,10.8438422922607,0.0552529182879377,14.4584563896809,1.70099486937423,5.31560896679445,5.52529182879377
2020-04-05,116,4,116,4,0,0,113,10,1181,75,1294,85,0,1,-2,27,6,88,0,15,3,"Knox County",470313,10.6312179335889,0.0626043405676127,18.0730704871011,0.850497434687113,5.74085768413801,6.26043405676127
2020-04-04,112,15,112,15,0,0,103,6,1106,127,1209,133,0,1,4,29,11,82,1,15,2,"Knox County",470313,12.7574615203067,0.0722772277227723,28.2790397033465,3.18936538007667,6.16610640148157,7.22772277227723
2020-04-03,97,4,97,4,0,0,97,3,979,51,1076,54,0,1,-8,25,12,71,1,14,1,"Knox County",470313,12.7574615203067,0.0758547008547008,11.481715368276,0.850497434687113,5.31560896679445,7.58547008547009
2020-04-02,93,7,93,7,0,0,94,7,928,106,1022,113,0,1,NA,33,8,59,0,13,1,"Knox County",470313,14.0332076723374,0.0796277145811789,24.0265525299109,1.48837051070245,7.01660383616868,7.96277145811789
2020-04-01,86,15,86,15,0,0,87,15,822,140,909,155,NA,NA,NA,NA,7,51,1,13,1,"Knox County",470313,15.5215781830398,0.0800800800800801,32.9567755941256,3.18936538007667,NA,8.00800800800801
2020-03-31,71,8,71,8,0,0,72,11,682,58,754,69,NA,NA,NA,NA,12,44,1,12,1,"Knox County",470313,12.9700858789785,0.0974889217134417,14.6710807483527,1.70099486937423,NA,9.74889217134417
2020-03-30,63,13,63,13,0,0,61,15,624,130,685,145,NA,NA,NA,NA,9,32,2,11,1,"Knox County",470313,14.0332076723374,0.0888594164456233,30.8305320074078,2.76411666273312,NA,8.88594164456233
2020-03-29,50,8,50,8,0,0,46,8,494,55,540,63,NA,NA,NA,NA,6,23,1,9,1,"Knox County",470313,14.8837051070245,0.0887978142076503,13.395334596322,1.70099486937423,NA,8.87978142076503
2020-03-28,42,7,42,7,0,0,38,6,439,62,477,68,NA,NA,NA,NA,1,17,1,8,0,"Knox County",470313,13.1827102376502,0.0974512743628186,14.4584563896809,1.48837051070245,NA,9.74512743628186
2020-03-27,35,2,35,2,0,0,32,2,377,54,409,56,NA,NA,NA,NA,5,16,1,7,0,"Knox County",470313,12.7574615203067,0.0956651718983558,11.9069640856196,0.425248717343556,NA,9.56651718983558
2020-03-26,33,7,33,7,0,0,30,7,323,82,353,89,NA,NA,NA,NA,3,11,2,6,0,"Knox County",470313,12.7574615203067,0.0992248062015504,18.9235679217883,1.48837051070245,NA,9.92248062015504
2020-03-25,26,6,26,6,0,0,23,7,241,68,264,75,NA,NA,NA,NA,3,8,1,4,0,"Knox County",470313,10.8438422922607,0.0991150442477876,15.9468269003834,1.27574615203067,NA,9.91150442477876
2020-03-24,20,7,20,7,0,0,16,7,173,43,189,50,NA,NA,NA,NA,2,5,0,3,0,"Knox County",470313,10.6312179335889,0.0952380952380952,10.6312179335889,1.48837051070245,NA,9.52380952380952
2020-03-23,13,4,13,4,0,0,9,4,130,22,139,26,NA,NA,NA,NA,3,3,2,3,0,"Knox County",470313,8.7175987055429,0.0960187353629977,5.52823332546623,0.850497434687113,NA,9.60187353629976
2020-03-22,9,2,9,2,0,0,5,0,108,9,113,9,NA,NA,NA,NA,0,0,1,1,0,"Knox County",470313,7.44185255351224,0.0884718498659517,1.913619228046,0.425248717343556,NA,8.84718498659517
2020-03-21,7,1,7,1,0,0,5,2,99,17,104,19,NA,NA,NA,NA,0,0,0,0,0,"Knox County",470313,6.16610640148157,0.0895061728395062,4.03986281476378,0.212624358671778,NA,8.95061728395062
2020-03-20,6,5,6,5,0,0,3,2,82,38,85,40,NA,NA,NA,NA,0,0,0,0,0,"Knox County",470313,6.8039794774969,0.0941558441558442,8.50497434687113,1.06312179335889,NA,9.41558441558442
2020-03-19,1,0,1,0,0,0,1,0,44,11,45,11,NA,NA,NA,NA,0,0,0,0,0,"Knox County",470313,5.31560896679445,0.0956521739130435,2.33886794538956,0,NA,9.56521739130435
2020-03-18,1,0,1,0,0,0,1,0,33,14,34,14,NA,NA,NA,NA,0,0,0,0,0,"Knox County",470313,4.03986281476378,0.0887573964497041,2.97674102140489,0,NA,8.87573964497041
2020-03-17,1,0,1,0,0,0,1,0,19,5,20,5,NA,NA,NA,NA,0,0,0,0,0,"Knox County",470313,2.55149230406134,0.0645161290322581,1.06312179335889,0,NA,6.45161290322581
2020-03-16,1,1,1,1,0,0,1,1,14,3,15,4,NA,NA,NA,NA,0,0,0,0,0,"Knox County",470313,1.913619228046,0.0490196078431373,0.850497434687113,0.212624358671778,NA,4.90196078431373
2020-03-15,0,0,0,0,0,0,0,0,11,1,11,1,NA,NA,NA,NA,0,0,0,0,0,"Knox County",470313,1.48837051070245,0.0531914893617021,0.212624358671778,0,NA,5.31914893617021
2020-03-14,0,0,0,0,0,0,0,0,10,8,10,8,NA,NA,NA,NA,0,0,0,0,0,"Knox County",470313,1.27574615203067,0.036144578313253,1.70099486937423,0,NA,3.6144578313253
2020-03-13,0,0,0,0,0,0,0,0,2,0,2,0,NA,NA,NA,NA,0,0,0,0,0,"Knox County",470313,0.212624358671778,0.0232558139534884,0,0,NA,2.32558139534884
2020-03-12,0,0,0,0,0,0,0,0,2,2,2,2,NA,NA,NA,NA,0,0,0,0,0,"Knox County",470313,0.212624358671778,0.0294117647058824,0.425248717343556,0,NA,2.94117647058824
2020-03-12,0,0,0,0,0,0,0,0,0,0,0,0,NA,NA,NA,NA,0,0,0,0,0,"Anderson",76978,NA,NA,0,0,NA,NA
2020-03-13,0,0,0,0,0,0,0,0,1,1,1,1,NA,NA,NA,NA,0,0,0,0,0,"Anderson",76978,NA,NA,1.29907246226194,0,NA,NA
2020-03-14,0,0,0,0,0,0,0,0,1,0,1,0,NA,NA,NA,NA,0,0,0,0,0,"Anderson",76978,NA,NA,0,0,NA,NA
2020-03-15,0,0,0,0,0,0,0,0,1,0,1,0,NA,NA,NA,NA,0,0,0,0,0,"Anderson",76978,NA,NA,0,0,NA,NA
2020-03-16,0,0,0,0,0,0,0,0,2,1,2,1,NA,NA,NA,NA,0,0,0,0,0,"Anderson",76978,NA,NA,1.29907246226194,0,NA,NA
2020-03-17,0,0,0,0,0,0,0,0,4,2,4,2,NA,NA,NA,NA,0,0,0,0,0,"Anderson",76978,NA,NA,2.59814492452389,0,NA,NA
2020-03-18,0,0,0,0,0,0,0,0,4,0,4,0,NA,NA,NA,NA,0,0,0,0,0,"Anderson",76978,0,0,0,0,NA,0
2020-03-19,1,1,1,1,0,0,2,2,5,1,7,3,NA,NA,NA,NA,0,0,0,0,0,"Anderson",76978,1.29907246226194,0.285714285714286,3.89721738678583,1.29907246226194,NA,28.5714285714286
2020-03-20,1,0,1,0,0,0,2,0,7,2,9,2,NA,NA,NA,NA,0,0,0,0,0,"Anderson",76978,1.29907246226194,0.25,2.59814492452389,0,NA,25
2020-03-21,1,0,1,0,0,0,2,0,7,0,9,0,NA,NA,NA,NA,0,0,0,0,0,"Anderson",76978,1.29907246226194,0.25,0,0,NA,25
2020-03-22,1,0,1,0,0,0,2,0,10,3,12,3,NA,NA,NA,NA,0,0,0,0,0,"Anderson",76978,1.29907246226194,0.181818181818182,3.89721738678583,0,NA,18.1818181818182
2020-03-23,1,0,1,0,0,0,2,0,15,5,17,5,NA,NA,NA,NA,0,0,0,0,0,"Anderson",76978,1.29907246226194,0.133333333333333,6.49536231130973,0,NA,13.3333333333333
2020-03-24,1,0,1,0,0,0,2,0,20,5,22,5,NA,NA,NA,NA,0,0,0,0,0,"Anderson",76978,1.29907246226194,0.111111111111111,6.49536231130973,0,NA,11.1111111111111
2020-03-25,2,1,2,1,0,0,4,2,29,9,33,11,NA,NA,NA,NA,1,1,0,0,0,"Anderson",76978,2.59814492452389,0.137931034482759,14.2897970848814,1.29907246226194,NA,13.7931034482759
2020-03-26,3,1,3,1,0,0,5,1,44,15,49,16,NA,NA,NA,NA,0,1,1,1,0,"Anderson",76978,2.59814492452389,0.0714285714285714,20.7851593961911,1.29907246226194,NA,7.14285714285714
2020-03-27,4,1,4,1,0,0,6,1,53,9,59,10,NA,NA,NA,NA,3,4,0,1,0,"Anderson",76978,3.89721738678583,0.08,12.9907246226195,1.29907246226194,NA,8
2020-03-28,7,3,7,3,0,0,9,3,72,19,81,22,NA,NA,NA,NA,0,4,1,2,0,"Anderson",76978,7.79443477357167,0.0972222222222222,28.5795941697628,3.89721738678583,NA,9.72222222222222
2020-03-29,7,0,7,0,0,0,9,0,83,11,92,11,NA,NA,NA,NA,0,4,0,2,0,"Anderson",76978,7.79443477357167,0.0875,14.2897970848814,0,NA,8.75
2020-03-30,8,1,8,1,0,0,10,1,127,44,137,45,NA,NA,NA,NA,1,5,0,2,0,"Anderson",76978,9.09350723583361,0.0666666666666667,58.4582608017875,1.29907246226194,NA,6.66666666666667
2020-03-31,9,1,9,1,0,0,11,1,142,15,153,16,NA,NA,NA,NA,1,6,0,2,0,"Anderson",76978,10.3925796980956,0.0687022900763359,20.7851593961911,1.29907246226194,NA,6.87022900763359
2020-04-01,9,0,9,0,0,0,11,0,163,21,174,21,NA,NA,NA,NA,0,6,0,2,0,"Anderson",76978,9.09350723583361,0.049645390070922,27.2805217075008,0,NA,4.9645390070922
2020-04-02,9,0,9,0,0,0,11,0,179,16,190,16,0,0,NA,3,0,6,0,2,0,"Anderson",76978,7.79443477357167,0.0425531914893617,20.7851593961911,0,3.89721738678583,4.25531914893617
2020-04-03,9,0,9,0,0,0,11,0,192,13,203,13,0,0,-2,1,2,8,0,2,0,"Anderson",76978,6.49536231130972,0.0347222222222222,16.8879420094053,0,1.29907246226194,3.47222222222222
2020-04-04,9,0,9,0,0,0,11,0,219,27,230,27,0,0,0,1,0,8,0,2,0,"Anderson",76978,2.59814492452389,0.0134228187919463,35.0749564810725,0,1.29907246226194,1.34228187919463
2020-04-05,9,0,9,0,0,0,11,0,248,29,259,29,0,0,0,1,0,8,0,2,0,"Anderson",76978,2.59814492452389,0.0119760479041916,37.6731014055964,0,1.29907246226194,1.19760479041916
2020-04-06,9,0,9,0,0,0,11,0,262,14,273,14,0,0,-1,0,1,9,0,2,0,"Anderson",76978,1.29907246226194,0.00735294117647059,18.1870144716672,0,0,0.735294117647059
2020-04-07,10,1,10,1,0,0,12,1,304,42,316,43,0,0,1,1,0,9,0,2,0,"Anderson",76978,1.29907246226194,0.00613496932515337,55.8601158772636,1.29907246226194,1.29907246226194,0.613496932515337
2020-04-08,10,0,10,0,0,0,12,0,322,18,334,18,1,1,-1,0,0,9,0,2,1,"Anderson",76978,1.29907246226194,0.00625,23.383304320715,0,0,0.625
2020-04-09,10,0,10,0,0,0,12,0,350,28,362,28,0,1,0,0,0,9,0,2,1,"Anderson",76978,1.29907246226194,0.00581395348837209,36.3740289433345,0,0,0.581395348837209
2020-04-10,10,0,10,0,0,0,12,0,366,16,378,16,0,1,0,0,0,9,0,2,1,"Anderson",76978,1.29907246226194,0.00571428571428571,20.7851593961911,0,0,0.571428571428571
2020-04-11,10,0,10,0,0,0,12,0,439,73,451,73,0,1,0,0,0,9,0,2,1,"Anderson",76978,1.29907246226194,0.00452488687782805,94.832289745122,0,0,0.452488687782805
2020-04-12,12,2,12,2,0,0,14,2,477,38,491,40,0,1,2,2,0,9,0,2,1,"Anderson",76978,3.89721738678583,0.0129310344827586,51.9628984904778,2.59814492452389,2.59814492452389,1.29310344827586
2020-04-13,13,1,13,1,0,0,15,1,514,37,529,38,0,1,0,2,1,10,0,2,1,"Anderson",76978,5.19628984904778,0.015625,49.3647535659539,1.29907246226194,2.59814492452389,1.5625
2020-04-14,13,0,13,0,0,0,15,0,526,12,541,12,0,1,0,2,0,10,0,2,1,"Anderson",76978,3.89721738678583,0.0133333333333333,15.5888695471433,0,2.59814492452389,1.33333333333333
2020-04-15,13,0,13,0,0,0,15,0,544,18,559,18,0,1,-2,0,2,12,0,2,1,"Anderson",76978,3.89721738678583,0.0133333333333333,23.383304320715,0,0,1.33333333333333
2020-04-16,13,0,13,0,0,0,15,0,566,22,581,22,0,1,0,0,0,12,0,2,1,"Anderson",76978,3.89721738678583,0.0136986301369863,28.5795941697628,0,0,1.36986301369863
2020-04-17,13,0,13,0,0,0,15,0,586,20,601,20,0,1,0,0,0,12,0,2,1,"Anderson",76978,3.89721738678583,0.0134529147982063,25.9814492452389,0,0,1.34529147982063
2020-04-18,13,0,13,0,0,0,15,0,616,30,631,30,0,1,0,0,0,12,0,2,1,"Anderson",76978,3.89721738678583,0.0166666666666667,38.9721738678584,0,0,1.66666666666667
2020-04-19,14,1,14,1,0,0,16,1,628,12,644,13,0,1,0,0,1,13,0,2,1,"Anderson",76978,2.59814492452389,0.0130718954248366,16.8879420094053,1.29907246226194,0,1.30718954248366
2020-04-20,19,5,18,4,1,1,19,3,648,20,667,23,0,1,5,5,0,13,0,2,1,"Anderson",76978,7.79443477357167,0.0289855072463768,29.8786666320247,6.49536231130973,6.49536231130973,2.89855072463768
2020-04-21,20,1,19,1,1,0,22,3,1071,423,1093,426,0,1,1,6,0,13,0,2,1,"Anderson",76978,9.09350723583361,0.0126811594202899,553.404868923589,1.29907246226194,7.79443477357167,1.26811594202899
2020-04-22,21,1,20,1,1,0,24,2,1141,70,1165,72,0,1,0,6,1,14,0,2,1,"Anderson",76978,10.3925796980956,0.0148514851485149,93.53321728286,1.29907246226194,7.79443477357167,1.48514851485149
2020-04-23,21,0,20,0,1,0,24,0,1191,50,1215,50,0,1,-1,5,1,15,0,2,1,"Anderson",76978,10.3925796980956,0.0141955835962145,64.9536231130973,0,6.49536231130973,1.41955835962145
2020-04-24,22,1,21,1,1,0,25,1,1299,108,1324,109,0,1,1,6,0,15,0,2,1,"Anderson",76978,11.6916521603575,0.0138312586445367,141.598898386552,1.29907246226194,7.79443477357167,1.38312586445367
2020-04-25,22,0,21,0,1,0,25,0,1336,37,1361,37,0,1,0,6,0,15,0,2,1,"Anderson",76978,11.6916521603575,0.0136986301369863,48.065681103692,0,7.79443477357167,1.36986301369863
2020-04-26,22,0,21,0,1,0,25,0,1372,36,1397,36,0,1,0,6,0,15,0,2,1,"Anderson",76978,10.3925796980956,0.0119521912350598,46.76660864143,0,7.79443477357167,1.19521912350598
2020-04-27,22,0,21,0,1,0,25,0,1411,39,1436,39,0,1,-1,5,1,16,0,2,1,"Anderson",76978,3.89721738678583,0.00780234070221066,50.6638260282159,0,6.49536231130973,0.780234070221066
2020-04-28,22,0,21,0,1,0,25,0,1690,279,1715,279,0,1,0,5,0,16,0,2,1,"Anderson",76978,2.59814492452389,0.00482315112540193,362.441216971083,0,6.49536231130973,0.482315112540193
2020-04-29,26,4,25,4,1,0,28,3,2070,380,2098,383,0,1,4,9,0,16,0,2,1,"Anderson",76978,6.49536231130972,0.00428724544480171,497.544753046325,5.19628984904778,11.6916521603575,0.428724544480171
2020-04-30,26,0,25,0,1,0,29,1,2102,32,2131,33,0,1,-1,8,1,17,0,2,1,"Anderson",76978,6.49536231130972,0.00545851528384279,42.8693912546442,0,10.3925796980956,0.545851528384279
2020-05-01,26,0,25,0,1,0,29,0,2154,52,2183,52,0,1,-2,6,2,19,0,2,1,"Anderson",76978,5.19628984904778,0.00465657741559953,67.5517680376211,0,7.79443477357167,0.465657741559953
2020-05-02,26,0,25,0,1,0,29,0,2221,67,2250,67,0,1,0,6,0,19,0,2,1,"Anderson",76978,5.19628984904778,0.00449943757030371,87.0378549715503,0,7.79443477357167,0.449943757030371
2020-05-03,27,1,26,1,1,0,30,1,2314,93,2344,94,0,1,1,7,0,19,0,2,1,"Anderson",76978,6.49536231130972,0.00527983104540655,122.112811452623,1.29907246226194,9.09350723583361,0.527983104540655
2020-05-04,27,0,26,0,1,0,30,0,2406,92,2436,92,0,1,-1,6,1,20,0,2,1,"Anderson",76978,6.49536231130972,0.005,119.514666528099,0,7.79443477357167,0.5
2020-05-05,28,1,27,1,1,0,30,0,2475,69,2505,69,0,1,-1,5,2,22,0,2,1,"Anderson",76978,7.79443477357167,0.00632911392405063,89.6359998960742,1.29907246226194,6.49536231130973,0.632911392405063
2020-05-06,30,2,29,2,1,0,31,1,2525,50,2556,51,0,1,2,7,0,22,0,2,1,"Anderson",76978,5.19628984904778,0.00655021834061135,66.2526955753592,2.59814492452389,9.09350723583361,0.655021834061135
2020-05-07,30,0,29,0,1,0,33,2,2597,72,2630,74,0,1,-1,6,1,23,0,2,1,"Anderson",76978,5.19628984904778,0.00801603206412826,96.1313622073839,0,7.79443477357167,0.801603206412826
2020-05-08,30,0,29,0,1,0,33,0,2652,55,2685,55,0,1,0,6,0,23,0,2,1,"Anderson",76978,5.19628984904778,0.00796812749003984,71.448985424407,0,7.79443477357167,0.796812749003984
2020-05-09,30,0,29,0,1,0,33,0,2734,82,2767,82,0,1,0,6,0,23,0,2,1,"Anderson",76978,5.19628984904778,0.00773694390715667,106.523941905479,0,7.79443477357167,0.773694390715667
2020-05-10,30,0,29,0,1,0,33,0,2827,93,2860,93,0,1,-3,3,3,26,0,2,1,"Anderson",76978,3.89721738678583,0.00581395348837209,120.813738990361,0,3.89721738678583,0.581395348837209
2020-05-11,32,2,31,2,1,0,33,0,2909,82,2942,82,0,1,2,5,0,26,0,2,1,"Anderson",76978,6.49536231130972,0.00592885375494071,106.523941905479,2.59814492452389,6.49536231130973,0.592885375494071
2020-05-12,33,1,32,1,1,0,35,2,3042,133,3077,135,0,1,1,6,0,26,0,2,1,"Anderson",76978,6.49536231130972,0.00874125874125874,175.374782405363,1.29907246226194,7.79443477357167,0.874125874125874
2020-05-13,35,2,34,2,1,0,38,3,3220,178,3258,181,0,1,1,7,1,27,1,3,1,"Anderson",76978,6.49536231130972,0.00997150997150997,235.132115669412,2.59814492452389,9.09350723583361,0.997150997150997
2020-05-14,35,0,34,0,1,0,39,1,3346,126,3385,127,0,1,-1,6,1,28,0,3,1,"Anderson",76978,6.49536231130972,0.00794701986754967,164.982202707267,0,7.79443477357167,0.794701986754967
2020-05-15,36,1,35,1,1,0,39,0,3417,71,3456,71,0,1,1,7,0,28,0,3,1,"Anderson",76978,7.79443477357167,0.00778210116731518,92.2341448205981,1.29907246226194,9.09350723583361,0.778210116731518
2020-05-16,36,0,35,0,1,0,41,2,3657,240,3698,242,0,1,-1,6,1,29,0,3,1,"Anderson",76978,7.79443477357167,0.00859291084854995,314.375535867391,0,7.79443477357167,0.859291084854995
2020-05-17,36,0,35,0,1,0,41,0,3727,70,3768,70,0,1,0,6,0,29,0,3,1,"Anderson",76978,7.79443477357167,0.00881057268722467,90.9350723583361,0,7.79443477357167,0.881057268722467
2020-05-18,37,1,36,1,1,0,42,1,3804,77,3846,78,0,1,-2,4,3,32,0,3,1,"Anderson",76978,6.49536231130972,0.00995575221238938,101.327652056432,1.29907246226194,5.19628984904778,0.995575221238938
2020-05-19,37,0,36,0,1,0,42,0,3856,52,3898,52,0,1,0,4,0,32,0,3,1,"Anderson",76978,5.19628984904778,0.00852618757612668,67.5517680376211,0,5.19628984904778,0.852618757612667
2020-05-20,37,0,36,0,1,0,43,1,3921,65,3964,66,0,1,0,4,0,32,0,3,1,"Anderson",76978,2.59814492452389,0.00708215297450425,85.7387825092884,0,5.19628984904778,0.708215297450425
2020-05-21,37,0,36,0,1,0,44,1,4001,80,4045,81,0,1,-1,3,1,33,0,3,1,"Anderson",76978,2.59814492452389,0.00757575757575758,105.224869443218,0,3.89721738678583,0.757575757575758
2020-05-22,38,1,37,1,1,0,45,1,4029,28,4074,29,0,1,-1,2,2,35,1,4,1,"Anderson",76978,2.59814492452389,0.00970873786407767,37.6731014055964,1.29907246226194,2.59814492452389,0.970873786407767
2020-05-23,38,0,37,0,1,0,46,1,4192,163,4238,164,0,1,0,2,0,35,0,4,1,"Anderson",76978,2.59814492452389,0.00925925925925926,213.047883810959,0,2.59814492452389,0.925925925925926
2020-05-24,38,0,37,0,1,0,46,0,4247,55,4293,55,0,1,0,2,0,35,0,4,1,"Anderson",76978,2.59814492452389,0.00952380952380952,71.448985424407,0,2.59814492452389,0.952380952380952
2020-05-25,38,0,37,0,1,0,47,1,4281,34,4328,35,0,1,0,2,0,35,0,4,1,"Anderson",76978,1.29907246226194,0.0103734439834025,45.4675361791681,0,2.59814492452389,1.03734439834025
2020-05-26,38,0,37,0,1,0,47,0,4412,131,4459,131,0,1,-1,1,1,36,0,4,1,"Anderson",76978,1.29907246226194,0.0089126559714795,170.178492556315,0,1.29907246226194,0.89126559714795
2020-05-27,38,0,37,0,1,0,47,0,4515,103,4562,103,0,1,0,1,0,36,0,4,1,"Anderson",76978,1.29907246226194,0.00668896321070234,133.80446361298,0,1.29907246226194,0.668896321070234
2020-05-28,38,0,37,0,1,0,47,0,4563,48,4610,48,0,1,0,1,0,36,0,4,1,"Anderson",76978,1.29907246226194,0.00530973451327434,62.3554781885734,0,1.29907246226194,0.530973451327434
2020-05-29,39,1,38,1,1,0,47,0,4613,50,4660,50,0,1,0,1,1,37,0,4,1,"Anderson",76978,1.29907246226194,0.00341296928327645,64.9536231130973,1.29907246226194,1.29907246226194,0.341296928327645
2020-05-30,39,0,38,0,1,0,48,1,4665,52,4713,53,0,1,0,1,0,37,0,4,1,"Anderson",76978,1.29907246226194,0.00421052631578947,68.8508404998831,0,1.29907246226194,0.421052631578947
2020-05-31,40,1,39,1,1,0,49,1,4731,66,4780,67,0,1,1,2,0,37,0,4,1,"Anderson",76978,2.59814492452389,0.00616016427104723,87.0378549715503,1.29907246226194,2.59814492452389,0.616016427104723
2020-06-01,40,0,39,0,1,0,49,0,4855,124,4904,124,0,1,0,2,0,37,0,4,1,"Anderson",76978,2.59814492452389,0.00347222222222222,161.084985320481,0,2.59814492452389,0.347222222222222
2020-06-02,40,0,39,0,1,0,49,0,4982,127,5031,127,0,1,0,2,0,37,0,4,1,"Anderson",76978,2.59814492452389,0.0034965034965035,164.982202707267,0,2.59814492452389,0.34965034965035
2020-06-03,41,1,40,1,1,0,50,1,5042,60,5092,61,0,1,1,3,0,37,0,4,2,"Anderson",76978,3.89721738678583,0.00566037735849057,79.2434201979787,1.29907246226194,3.89721738678583,0.566037735849057
2020-06-04,41,0,40,0,1,0,50,0,5090,48,5140,48,1,2,-2,1,1,38,0,4,2,"Anderson",76978,3.89721738678583,0.00566037735849057,62.3554781885734,0,1.29907246226194,0.566037735849057
2020-06-05,42,1,41,1,1,0,53,3,5147,57,5200,60,0,2,1,2,0,38,0,4,2,"Anderson",76978,3.89721738678583,0.0111111111111111,77.9443477357167,1.29907246226194,2.59814492452389,1.11111111111111
2020-06-06,43,1,42,1,1,0,54,1,5200,53,5254,54,0,2,1,3,0,38,0,4,2,"Anderson",76978,5.19628984904778,0.011090573012939,70.149912962145,1.29907246226194,3.89721738678583,1.1090573012939
2020-06-07,45,2,43,1,2,1,57,3,5295,95,5352,98,0,2,2,5,0,38,0,4,2,"Anderson",76978,6.49536231130972,0.013986013986014,127.309101301671,2.59814492452389,6.49536231130973,1.3986013986014
2020-06-08,46,1,44,1,2,0,57,0,5336,41,5393,41,0,2,1,6,0,38,0,4,2,"Anderson",76978,7.79443477357167,0.016359918200409,53.2619709527397,1.29907246226194,7.79443477357167,1.6359918200409
2020-06-09,47,1,45,1,2,0,60,3,5517,181,5577,184,0,2,1,7,0,38,0,4,2,"Anderson",76978,9.09350723583361,0.0201465201465201,239.029333056198,1.29907246226194,9.09350723583361,2.01465201465201
2020-06-10,52,5,50,5,2,0,63,3,5725,208,5788,211,0,2,2,9,3,41,0,4,2,"Anderson",76978,14.2897970848814,0.0186781609195402,274.10428953727,6.49536231130973,11.6916521603575,1.86781609195402
2020-06-11,55,3,53,3,2,0,66,3,5870,145,5936,148,0,2,2,11,1,42,1,5,2,"Anderson",76978,18.1870144716672,0.0201005025125628,192.262724414768,3.89721738678583,14.2897970848814,2.01005025125628
2020-06-12,57,2,55,2,2,0,70,4,5952,82,6022,86,0,2,2,13,0,42,0,5,2,"Anderson",76978,19.4860869339292,0.0206812652068127,111.720231754527,2.59814492452389,16.8879420094053,2.06812652068127
2020-06-13,58,1,55,0,3,1,70,0,5995,43,6065,43,0,2,0,13,1,43,0,5,2,"Anderson",76978,19.4860869339292,0.0197287299630086,55.8601158772636,1.29907246226194,16.8879420094053,1.97287299630086
2020-06-14,60,2,57,2,3,0,70,0,6170,175,6240,175,0,2,1,14,1,44,1,6,2,"Anderson",76978,19.4860869339292,0.0146396396396396,227.33768089584,2.59814492452389,18.1870144716672,1.46396396396396
2020-06-15,60,0,57,0,3,0,71,1,6228,58,6299,59,0,2,0,14,0,44,0,6,2,"Anderson",76978,18.1870144716672,0.0154525386313466,76.6452752734548,0,18.1870144716672,1.54525386313466
2020-06-16,64,4,61,4,3,0,75,4,6289,61,6364,65,0,2,3,17,1,45,0,6,2,"Anderson",76978,22.0842318584531,0.0190597204574333,84.4397100470264,5.19628984904778,22.0842318584531,1.90597204574333
2020-06-17,66,2,63,2,3,0,79,4,6326,37,6405,41,0,2,0,17,2,47,0,6,2,"Anderson",76978,18.1870144716672,0.0259319286871961,53.2619709527397,2.59814492452389,22.0842318584531,2.59319286871961
2020-06-18,70,4,67,4,3,0,84,5,6456,130,6540,135,0,2,2,19,2,49,0,6,2,"Anderson",76978,19.4860869339292,0.0298013245033113,175.374782405363,5.19628984904778,24.682376782977,2.98013245033113
2020-06-19,72,2,69,2,3,0,86,2,6521,65,6607,67,0,2,0,19,2,51,0,6,2,"Anderson",76978,19.4860869339292,0.0273504273504274,87.0378549715503,2.59814492452389,24.682376782977,2.73504273504274
2020-06-20,73,1,70,1,3,0,87,1,6559,38,6646,39,0,2,-1,18,2,53,0,6,2,"Anderson",76978,19.4860869339292,0.0292598967297762,50.6638260282159,1.29907246226194,23.383304320715,2.92598967297762
2020-06-21,74,1,71,1,3,0,88,1,6619,60,6707,61,0,2,-1,17,2,55,0,6,2,"Anderson",76978,18.1870144716672,0.0385438972162741,79.2434201979787,1.29907246226194,22.0842318584531,3.85438972162741
2020-06-22,76,2,73,2,3,0,90,2,6711,92,6801,94,0,2,0,17,2,57,1,7,2,"Anderson",76978,20.7851593961911,0.0378486055776892,122.112811452623,2.59814492452389,22.0842318584531,3.78486055776892
2020-06-23,76,0,73,0,3,0,90,0,6800,89,6890,89,0,2,-1,16,1,58,0,7,2,"Anderson",76978,15.5888695471433,0.0285171102661597,115.617449141313,0,20.7851593961911,2.85171102661597
2020-06-24,77,1,74,1,3,0,91,1,6831,31,6922,32,0,2,-2,14,3,61,0,7,2,"Anderson",76978,14.2897970848814,0.02321083172147,41.5703187923822,1.29907246226194,18.1870144716672,2.321083172147
2020-06-25,81,4,78,4,3,0,92,1,6944,113,7036,114,0,2,0,14,4,65,0,7,2,"Anderson",76978,14.2897970848814,0.0161290322580645,148.094260697862,5.19628984904778,18.1870144716672,1.61290322580645
2020-06-26,86,5,83,5,3,0,98,6,6972,28,7070,34,0,2,3,17,2,67,0,7,2,"Anderson",76978,18.1870144716672,0.0259179265658747,44.1684637169061,6.49536231130973,22.0842318584531,2.59179265658747
2020-06-27,87,1,83,0,4,1,98,0,6984,12,7082,12,0,2,-4,13,5,72,0,7,2,"Anderson",76978,18.1870144716672,0.0252293577981651,15.5888695471433,1.29907246226194,16.8879420094053,2.52293577981651
2020-06-28,91,4,87,4,4,0,106,8,7093,109,7199,117,0,2,3,16,1,73,0,7,2,"Anderson",76978,22.0842318584531,0.0365853658536585,151.991478084648,5.19628984904778,20.7851593961911,3.65853658536585
2020-06-29,97,6,92,5,5,1,114,8,7315,222,7429,230,0,2,3,19,3,76,1,8,2,"Anderson",76978,27.2805217075008,0.0382165605095541,298.786666320247,7.79443477357167,24.682376782977,3.82165605095541
2020-06-30,102,5,96,4,6,1,120,6,7479,164,7599,170,0,2,2,21,3,79,0,8,2,"Anderson",76978,33.7758840188106,0.0423131170662905,220.842318584531,6.49536231130973,27.2805217075008,4.23131170662905
2020-07-01,104,2,98,2,6,0,124,4,7600,121,7724,125,0,2,-2,19,4,83,0,8,2,"Anderson",76978,35.0749564810725,0.0411471321695761,162.384057782743,2.59814492452389,24.682376782977,4.11471321695761
2020-07-02,110,6,104,6,6,0,130,6,7839,239,7969,245,0,2,4,23,2,85,0,8,2,"Anderson",76978,37.6731014055964,0.0407288317256163,318.272753254177,7.79443477357167,29.8786666320247,4.07288317256163
2020-07-03,120,10,113,9,7,1,142,12,7964,125,8106,137,0,2,7,30,3,88,0,8,2,"Anderson",76978,44.1684637169061,0.0424710424710425,177.972927329886,12.9907246226195,38.9721738678584,4.24710424710425
2020-07-04,131,11,124,11,7,0,156,14,8148,184,8304,198,0,2,8,38,3,91,2,10,2,"Anderson",76978,57.1591883395256,0.0474631751227496,257.216347527865,14.2897970848814,49.3647535659539,4.74631751227496
2020-07-05,140,9,133,9,7,0,169,13,8304,156,8473,169,0,2,8,46,1,92,1,11,2,"Anderson",76978,63.6545506508353,0.0494505494505494,219.543246122269,11.6916521603575,59.7573332640495,4.94505494505495
2020-07-06,141,1,134,1,7,0,170,1,8331,27,8501,28,0,2,-4,42,5,97,0,11,2,"Anderson",76978,57.1591883395256,0.0522388059701493,36.3740289433345,1.29907246226194,54.5610434150017,5.22388059701492
2020-07-07,157,16,150,16,7,0,190,20,8564,233,8754,253,0,2,12,54,4,101,0,11,2,"Anderson",76978,71.448985424407,0.0606060606060606,328.665332952272,20.7851593961911,70.149912962145,6.06060606060606
2020-07-08,173,16,165,15,8,1,206,16,8704,140,8910,156,0,2,10,64,6,107,0,11,2,"Anderson",76978,89.6359998960742,0.0691399662731872,202.655304112863,20.7851593961911,83.1406375847645,6.91399662731872
2020-07-09,187,14,179,14,8,0,220,14,8972,268,9192,282,0,2,11,75,3,110,0,11,2,"Anderson",76978,100.02857959417,0.0735895339329518,366.338434357868,18.1870144716672,97.4304346696459,7.35895339329518
2020-07-10,193,6,185,6,8,0,227,7,9002,30,9229,37,0,2,1,76,5,115,1,12,2,"Anderson",76978,94.832289745122,0.0756901157613535,48.065681103692,7.79443477357167,98.7295071319078,7.56901157613535
2020-07-11,201,8,193,8,8,0,235,8,9171,169,9406,177,0,2,1,77,7,122,1,13,2,"Anderson",76978,90.9350723583361,0.0716878402903811,229.935825820364,10.3925796980956,100.02857959417,7.16878402903811
2020-07-12,212,11,204,11,8,0,248,13,9354,183,9602,196,0,2,6,83,5,127,0,13,2,"Anderson",76978,93.53321728286,0.0699734278122232,254.618202603341,14.2897970848814,107.823014367741,6.99734278122232
2020-07-13,218,6,209,5,9,1,255,7,9393,39,9648,46,0,2,-6,77,12,139,2,15,2,"Anderson",76978,100.02857959417,0.0741063644289451,59.7573332640495,7.79443477357167,100.02857959417,7.41063644289451
2020-07-14,229,11,219,10,10,1,266,11,9533,140,9799,151,0,2,0,77,11,150,0,15,2,"Anderson",76978,93.53321728286,0.0727272727272727,196.159941801554,14.2897970848814,100.02857959417,7.27272727272727
2020-07-15,245,16,234,15,11,1,285,19,9635,102,9920,121,0,2,0,77,16,166,0,15,2,"Anderson",76978,93.53321728286,0.0782178217821782,157.187767933695,20.7851593961911,100.02857959417,7.82178217821782
2020-07-16,263,18,252,18,11,0,308,23,9924,289,10232,312,0,2,4,81,14,180,1,16,2,"Anderson",76978,98.7295071319078,0.0846153846153846,405.310608225727,23.383304320715,105.224869443218,8.46153846153846
2020-07-17,270,7,259,7,11,0,317,9,9995,71,10312,80,0,2,-8,73,15,195,1,17,3,"Anderson",76978,100.02857959417,0.0831024930747922,103.925796980956,9.09350723583361,94.832289745122,8.31024930747922
2020-07-18,277,7,266,7,11,0,328,11,10209,214,10537,225,0,2,-4,69,11,206,0,17,3,"Anderson",76978,98.7295071319078,0.0822281167108753,292.291304008938,9.09350723583361,89.6359998960742,8.22281167108753
2020-07-19,285,8,274,8,11,0,337,9,10290,81,10627,90,0,2,-5,64,13,219,2,19,3,"Anderson",76978,94.832289745122,0.0868292682926829,116.916521603575,10.3925796980956,83.1406375847645,8.68292682926829
2020-07-20,313,28,302,28,11,0,367,30,10459,169,10826,199,1,3,9,73,18,237,0,19,3,"Anderson",76978,123.411883914885,0.0950764006791171,258.515419990127,36.3740289433345,94.832289745122,9.50764006791171
2020-07-21,336,23,324,22,12,1,391,24,10751,292,11142,316,0,3,12,85,11,248,1,20,3,"Anderson",76978,139.000753462028,0.0930752047654505,410.506898074775,29.8786666320247,110.421159292265,9.30752047654505
2020-07-22,365,29,353,29,12,0,424,33,10886,135,11310,168,0,3,13,98,16,264,0,20,3,"Anderson",76978,155.888695471433,0.1,218.244173660007,37.6731014055964,127.309101301671,10
2020-07-23,388,23,376,23,12,0,455,31,11313,427,11768,458,0,3,9,107,14,278,2,22,3,"Anderson",76978,162.384057782743,0.095703125,594.975187715971,29.8786666320247,139.000753462028,9.5703125
2020-07-24,394,6,382,6,12,0,463,8,11425,112,11888,120,0,3,-16,91,22,300,0,22,4,"Anderson",76978,161.084985320481,0.0926395939086294,155.888695471433,7.79443477357167,118.215594065837,9.26395939086294
2020-07-25,426,32,413,31,13,1,499,36,11682,257,12181,293,1,4,26,117,5,305,1,23,4,"Anderson",76978,193.56179687703,0.104014598540146,380.62823144275,41.5703187923822,151.991478084648,10.4014598540146
2020-07-26,465,39,451,38,14,1,541,42,12085,403,12626,445,0,4,31,148,8,313,2,25,4,"Anderson",76978,233.83304320715,0.102051025512756,578.087245706565,50.6638260282159,192.262724414768,10.2051025512756
2020-07-27,483,18,468,17,15,1,562,21,12265,180,12827,201,0,4,-19,129,37,350,1,26,4,"Anderson",76978,220.842318584531,0.0974512743628186,261.113564914651,23.383304320715,167.580347631791,9.74512743628186
2020-07-28,523,40,508,40,15,0,608,46,12645,380,13253,426,0,4,24,153,16,366,1,27,5,"Anderson",76978,242.926550442984,0.10279488394126,553.404868923589,51.9628984904778,198.758086726078,10.279488394126
2020-07-29,527,4,512,4,15,0,612,4,12681,36,13293,40,1,5,-15,138,18,384,0,27,5,"Anderson",76978,210.449738886435,0.0948058497226425,51.9628984904778,5.19628984904778,179.271999792148,9.48058497226425
2020-07-30,564,37,549,37,15,0,665,53,13166,485,13831,538,0,5,20,158,17,401,0,27,5,"Anderson",76978,228.636753358102,0.101793504604944,698.900984696926,48.065681103692,205.253449037387,10.1793504604944
2020-07-31,576,12,561,12,15,0,679,14,13348,182,14027,196,0,5,-8,150,20,421,0,27,5,"Anderson",76978,236.431188131674,0.100981767180926,254.618202603341,15.5888695471433,194.860869339292,10.0981767180926
2020-08-01,599,23,584,23,15,0,704,25,13757,409,14461,434,0,5,17,167,6,427,1,28,5,"Anderson",76978,224.739535971316,0.0899122807017544,563.797448621684,29.8786666320247,216.945101197745,8.99122807017544
2020-08-02,606,7,591,7,15,0,711,7,13885,128,14596,135,0,5,2,169,5,432,1,29,6,"Anderson",76978,183.169217178934,0.0862944162436548,175.374782405363,9.09350723583361,219.543246122269,8.62944162436548
2020-08-03,631,25,615,24,16,1,742,31,14112,227,14854,258,0,5,14,183,11,443,0,29,6,"Anderson",76978,192.262724414768,0.0888011840157869,335.160695263582,32.4768115565486,237.730260593936,8.88011840157869
2020-08-04,638,7,622,7,16,0,750,8,14355,243,15105,251,2,7,-19,164,24,467,0,29,6,"Anderson",76978,149.393333160124,0.0766738660907127,326.067188027748,9.09350723583361,213.047883810959,7.66738660907127
2020-08-05,653,15,637,15,16,0,769,19,14564,209,15333,228,-1,6,-1,163,17,484,0,29,6,"Anderson",76978,163.683130245005,0.0769607843137255,296.188521395723,19.4860869339292,211.748811348697,7.69607843137255
2020-08-06,675,22,659,22,16,0,799,30,14885,321,15684,351,0,6,3,166,19,503,1,30,6,"Anderson",76978,144.197043311076,0.0723151645979493,455.974434253943,28.5795941697628,215.646028735483,7.23151645979493
2020-08-07,679,4,663,4,16,0,803,4,14966,81,15769,85,0,6,-21,145,25,528,0,30,6,"Anderson",76978,133.80446361298,0.0711825487944891,110.421159292265,5.19628984904778,188.365507027982,7.11825487944891
2020-08-08,690,11,674,11,16,0,819,16,15286,320,16105,336,0,6,1,146,10,538,0,30,6,"Anderson",76978,118.215594065837,0.0699513381995134,436.488347320014,14.2897970848814,189.664579490244,6.99513381995134
2020-08-09,697,7,681,7,16,0,828,9,15423,137,16251,146,0,6,-9,137,16,554,0,30,6,"Anderson",76978,118.215594065837,0.0706948640483384,189.664579490244,9.09350723583361,177.972927329886,7.06948640483384
2020-08-10,702,5,686,5,16,0,834,6,15562,139,16396,145,0,6,-11,126,16,570,0,30,6,"Anderson",76978,92.2341448205981,0.059662775616083,188.365507027982,6.49536231130973,163.683130245005,5.9662775616083
2020-08-11,723,21,707,21,16,0,856,22,15765,203,16621,225,0,6,9,135,12,582,1,31,6,"Anderson",76978,110.421159292265,0.0699208443271768,292.291304008938,27.2805217075008,175.374782405363,6.99208443271768
2020-08-12,731,8,715,8,16,0,864,8,16005,240,16869,248,0,6,-8,127,16,598,0,31,6,"Anderson",76978,101.327652056432,0.0618489583333333,322.169970640962,10.3925796980956,164.982202707267,6.18489583333333
2020-08-13,749,18,733,18,16,0,888,24,16233,228,17121,252,1,7,3,130,14,612,2,33,6,"Anderson",76978,96.1313622073839,0.0619345859429367,327.36626049001,23.383304320715,168.879420094053,6.19345859429367
2020-08-14,766,17,749,16,17,1,910,22,16562,329,17472,351,0,7,-9,121,26,638,0,33,6,"Anderson",76978,113.019304216789,0.0628302994715208,455.974434253943,22.0842318584531,157.187767933695,6.28302994715208
2020-08-15,776,10,759,10,17,0,922,12,16785,223,17707,235,-1,6,5,126,6,644,0,33,6,"Anderson",76978,111.720231754527,0.0642946317103621,305.282028631557,12.9907246226195,163.683130245005,6.4294631710362
2020-08-16,788,12,771,12,17,0,936,14,16927,142,17863,156,0,6,7,133,5,649,0,33,7,"Anderson",76978,118.215594065837,0.0669975186104218,202.655304112863,15.5888695471433,172.776637480839,6.69975186104218
2020-08-17,792,4,775,4,17,0,939,3,16970,43,17909,46,0,6,-13,120,17,666,0,33,7,"Anderson",76978,116.916521603575,0.069398545935228,59.7573332640495,5.19628984904778,155.888695471433,6.9398545935228
2020-08-18,806,14,789,14,17,0,956,17,17134,164,18090,181,0,6,5,125,9,675,0,33,7,"Anderson",76978,107.823014367741,0.068073519400953,235.132115669412,18.1870144716672,162.384057782743,6.8073519400953
2020-08-19,820,14,803,14,17,0,970,14,17308,174,18278,188,0,6,0,125,14,689,0,33,7,"Anderson",76978,115.617449141313,0.0752306600425834,244.225622905246,18.1870144716672,162.384057782743,7.52306600425834
2020-08-20,835,15,818,15,17,0,986,16,17750,442,18736,458,0,6,5,130,10,699,0,33,8,"Anderson",76978,111.720231754527,0.0606811145510836,594.975187715971,19.4860869339292,168.879420094053,6.06811145510836
2020-08-21,838,3,821,3,17,0,989,3,17786,36,18775,39,1,7,-7,123,9,708,0,33,8,"Anderson",76978,93.53321728286,0.0606293169608596,50.6638260282159,3.89721738678583,159.785912858219,6.06293169608596
2020-08-22,856,18,839,18,17,0,1008,19,18330,544,19338,563,1,8,10,133,7,715,1,34,8,"Anderson",76978,103.925796980956,0.052728387492336,731.377796253475,23.383304320715,172.776637480839,5.2728387492336
2020-08-23,857,1,840,1,17,0,1009,1,18414,84,19423,85,0,8,-5,128,6,721,0,34,8,"Anderson",76978,89.6359998960742,0.0467948717948718,110.421159292265,1.29907246226194,166.281275169529,4.67948717948718
2020-08-24,858,1,840,0,18,1,1009,0,18453,39,19462,39,0,8,-19,109,20,741,0,34,8,"Anderson",76978,85.7387825092884,0.0450740502253702,50.6638260282159,1.29907246226194,141.598898386552,4.50740502253703
2020-08-25,866,8,848,8,18,0,1017,8,18605,152,19622,160,0,8,-2,107,10,751,1,35,8,"Anderson",76978,77.9443477357167,0.0398172323759791,207.851593961911,10.3925796980956,139.000753462028,3.98172323759791
2020-08-26,872,6,854,6,18,0,1023,6,18785,180,19808,186,0,8,-14,93,20,771,0,35,8,"Anderson",76978,67.5517680376211,0.034640522875817,241.627477980722,7.79443477357167,120.813738990361,3.4640522875817
2020-08-27,875,3,857,3,18,0,1026,3,19196,411,20222,414,0,8,-16,77,19,790,0,35,8,"Anderson",76978,51.9628984904778,0.0269179004037685,537.815999376445,3.89721738678583,100.02857959417,2.69179004037685
2020-08-28,875,0,857,0,18,0,1026,0,19234,38,20260,38,0,8,-20,57,20,810,0,35,8,"Anderson",76978,48.065681103692,0.0249158249158249,49.3647535659539,0,74.0471303489309,2.49158249158249
2020-08-29,884,9,865,8,19,1,1034,8,19496,262,20530,270,0,8,3,60,6,816,0,35,8,"Anderson",76978,36.3740289433345,0.0218120805369128,350.749564810725,11.6916521603575,77.9443477357167,2.18120805369128
2020-08-30,900,16,881,16,19,0,1050,16,19579,83,20629,99,0,8,8,68,8,824,0,35,8,"Anderson",76978,55.8601158772636,0.0339966832504146,128.608173763933,20.7851593961911,88.3369274338123,3.39966832504146
2020-08-31,902,2,883,2,19,0,1052,2,19637,58,20689,60,0,8,-15,53,17,841,0,35,8,"Anderson",76978,57.1591883395256,0.0350448247758761,77.9443477357167,2.59814492452389,68.8508404998831,3.50448247758761
2020-09-01,909,7,889,6,20,1,1058,6,19748,111,20806,117,0,8,0,53,7,848,0,35,8,"Anderson",76978,55.8601158772636,0.0346283783783784,151.991478084648,9.09350723583361,68.8508404998831,3.46283783783784
2020-09-02,917,8,895,6,22,2,1068,10,20064,316,21132,326,0,8,5,58,3,851,0,35,8,"Anderson",76978,58.4582608017875,0.033987915407855,423.497622697394,10.3925796980956,75.3462028111928,3.3987915407855
2020-09-03,933,16,909,14,24,2,1084,16,20388,324,21472,340,0,8,10,68,6,857,0,35,9,"Anderson",76978,75.3462028111928,0.0464,441.684637169061,20.7851593961911,88.3369274338123,4.64
2020-09-04,942,9,917,8,25,1,1094,10,20577,189,21671,199,0,8,6,74,3,860,0,35,9,"Anderson",76978,87.0378549715503,0.0481927710843374,258.515419990127,11.6916521603575,96.1313622073839,4.81927710843374
2020-09-05,961,19,936,19,25,0,1115,21,20846,269,21961,290,0,8,16,90,3,863,1,36,10,"Anderson",76978,100.02857959417,0.0566037735849057,376.731014055964,24.682376782977,116.916521603575,5.66037735849057
2020-09-06,963,2,938,2,25,0,1117,2,20902,56,22019,58,0,8,-1,89,3,866,0,36,10,"Anderson",76978,81.8415651225025,0.0482014388489209,75.3462028111928,2.59814492452389,115.617449141313,4.82014388489209
2020-09-07,966,3,941,3,25,0,1122,5,20990,88,22112,93,0,8,-8,81,11,877,0,36,10,"Anderson",76978,83.1406375847645,0.0491918482080112,120.813738990361,3.89721738678583,105.224869443218,4.91918482080112
2020-09-08,975,9,944,3,31,6,1126,4,21165,175,22291,179,1,9,4,85,4,881,0,36,10,"Anderson",76978,85.7387825092884,0.0457912457912458,232.533970744888,11.6916521603575,110.421159292265,4.57912457912458
2020-09-09,984,9,953,9,31,0,1135,9,21406,241,22541,250,0,9,-3,82,12,893,1,37,11,"Anderson",76978,87.0378549715503,0.0475514549325763,324.768115565486,11.6916521603575,106.523941905479,4.75514549325763
2020-09-10,1013,29,981,28,32,1,1165,30,21775,369,22940,399,1,10,25,107,3,896,0,37,11,"Anderson",76978,103.925796980956,0.0551771117166213,518.329912442516,37.6731014055964,139.000753462028,5.51771117166213
2020-09-11,1014,1,982,1,32,0,1167,2,21908,133,23075,135,0,10,-13,94,14,910,0,37,11,"Anderson",76978,93.53321728286,0.051994301994302,175.374782405363,1.29907246226194,122.112811452623,5.1994301994302
2020-09-12,1017,3,985,3,32,0,1172,5,22050,142,23222,147,0,10,-5,89,8,918,0,37,11,"Anderson",76978,72.7480578866689,0.0452022204599524,190.963651952506,3.89721738678583,115.617449141313,4.52022204599524
2020-09-13,1038,21,1005,20,33,1,1193,21,22294,244,23487,265,0,10,16,105,5,923,1,38,11,"Anderson",76978,97.4304346696459,0.0517711171662125,344.254202499415,27.2805217075008,136.402608537504,5.17711171662125
2020-09-14,1044,6,1010,5,34,1,1199,6,22400,106,23599,112,0,10,-7,98,13,936,1,39,11,"Anderson",76978,101.327652056432,0.0517821116341627,145.496115773338,7.79443477357167,127.309101301671,5.17821116341627
2020-09-15,1060,16,1026,16,34,0,1216,17,22640,240,23856,257,1,11,5,103,10,946,1,40,12,"Anderson",76978,110.421159292265,0.0575079872204473,333.86162280132,20.7851593961911,133.80446361298,5.75079872204473
2020-09-16,1068,8,1034,8,34,0,1228,12,22776,136,24004,148,0,11,-5,98,13,959,0,40,12,"Anderson",76978,109.122086830003,0.063568010936432,192.262724414768,10.3925796980956,127.309101301671,6.3568010936432
2020-09-17,1090,22,1054,20,36,2,1248,20,23197,421,24445,441,0,11,15,113,7,966,1,41,12,"Anderson",76978,100.02857959417,0.0551495016611296,572.890955857518,28.5795941697628,146.7951882356,5.51495016611296
2020-09-18,1109,19,1073,19,36,0,1266,18,23421,224,24687,242,0,11,6,119,13,979,0,41,12,"Anderson",76978,123.411883914885,0.0614143920595533,314.375535867391,24.682376782977,154.589623009171,6.14143920595533
2020-09-19,1124,15,1088,15,36,0,1287,21,23703,282,24990,303,0,11,9,128,6,985,1,42,12,"Anderson",76978,139.000753462028,0.0650452488687783,393.618956065369,19.4860869339292,166.281275169529,6.50452488687783
2020-09-20,1131,7,1095,7,36,0,1297,10,23855,152,25152,162,0,11,0,128,7,992,0,42,13,"Anderson",76978,120.813738990361,0.0624624624624625,210.449738886435,9.09350723583361,166.281275169529,6.24624624624625
2020-09-21,1133,2,1097,2,36,0,1299,2,23888,33,25187,35,0,11,-6,122,8,1000,0,42,13,"Anderson",76978,115.617449141313,0.0629722921914358,45.4675361791681,2.59814492452389,158.486840395957,6.29722921914358
2020-09-22,1147,14,1111,14,36,0,1316,17,24136,248,25452,265,0,11,0,122,14,1014,1,43,13,"Anderson",76978,113.019304216789,0.06265664160401,344.254202499415,18.1870144716672,158.486840395957,6.265664160401
2020-09-23,1147,0,1111,0,36,0,1316,0,24177,41,25493,41,0,11,-12,110,12,1026,0,43,13,"Anderson",76978,102.626724518694,0.0591000671591672,53.2619709527397,0,142.897970848814,5.91000671591672
2020-09-24,1160,13,1124,13,36,0,1331,15,24501,324,25832,339,1,12,0,110,12,1038,0,43,13,"Anderson",76978,90.9350723583361,0.0598413842826244,440.385564706799,16.8879420094053,142.897970848814,5.98413842826244
2020-09-25,1174,14,1137,13,37,1,1344,13,24737,236,26081,249,1,13,-2,108,15,1053,0,43,13,"Anderson",76978,84.4397100470264,0.0559540889526542,323.469043103224,18.1870144716672,140.29982592429,5.59540889526542
2020-09-26,1188,14,1151,14,37,0,1361,17,25037,300,26398,317,0,13,8,116,6,1059,0,43,13,"Anderson",76978,83.1406375847645,0.0525568181818182,411.805970537037,18.1870144716672,150.692405622386,5.25568181818182
2020-09-27,1207,19,1168,17,39,2,1377,16,25244,207,26621,223,0,13,12,128,7,1066,0,43,13,"Anderson",76978,98.7295071319078,0.0544588155207624,289.693159084414,24.682376782977,166.281275169529,5.44588155207624
2020-09-28,1210,3,1170,2,40,1,1379,2,25281,37,26660,39,0,13,-9,119,12,1078,0,43,13,"Anderson",76978,100.02857959417,0.0543109300746775,50.6638260282159,3.89721738678583,154.589623009171,5.43109300746775
2020-09-29,1221,11,1180,10,41,1,1389,10,25575,294,26964,304,0,13,-7,112,18,1096,0,43,13,"Anderson",76978,96.1313622073839,0.0482804232804233,394.918028527631,14.2897970848814,145.496115773338,4.82804232804233
2020-09-30,1233,12,1190,10,43,2,1399,10,25641,66,27040,76,0,13,3,115,9,1105,0,43,13,"Anderson",76978,111.720231754527,0.0536522301228184,98.7295071319078,15.5888695471433,149.393333160124,5.36522301228184
2020-10-01,1249,16,1204,14,45,2,1414,15,25921,280,27335,295,0,13,4,119,12,1117,0,43,13,"Anderson",76978,115.617449141313,0.0552228875582169,383.226376367274,20.7851593961911,154.589623009171,5.52228875582169
2020-10-02,1256,7,1210,6,46,1,1421,7,26003,82,27424,89,0,13,1,120,6,1123,0,43,13,"Anderson",76978,106.523941905479,0.0573343261355175,115.617449141313,9.09350723583361,155.888695471433,5.73343261355175
2020-10-03,1272,16,1226,16,46,0,1445,24,26267,264,27712,288,0,13,3,123,13,1136,0,43,13,"Anderson",76978,109.122086830003,0.0639269406392694,374.13286913144,20.7851593961911,159.785912858219,6.39269406392694
2020-10-04,1288,16,1240,14,48,2,1461,16,26604,337,28065,353,0,13,8,131,8,1144,0,43,13,"Anderson",76978,105.224869443218,0.0581717451523546,458.572579178467,20.7851593961911,170.178492556315,5.81717451523546
2020-10-05,1314,26,1265,25,49,1,1488,27,26815,211,28303,238,0,13,11,142,15,1159,1,44,13,"Anderson",76978,135.103536075242,0.0663420572124163,309.179246018343,33.7758840188106,184.468289641196,6.63420572124163
2020-10-06,1342,28,1292,27,50,1,1520,32,27152,337,28672,369,0,13,15,157,13,1172,1,45,13,"Anderson",76978,157.187767933695,0.0766978922716628,479.357738574658,36.3740289433345,203.954376575125,7.66978922716628
2020-10-07,1348,6,1298,6,50,0,1528,8,27387,235,28915,243,0,13,-3,154,9,1181,0,45,13,"Anderson",76978,149.393333160124,0.0688,315.674608329653,7.79443477357167,200.05715918834,6.88
2020-10-08,1358,10,1306,8,52,2,1537,9,27626,239,29163,248,0,13,-3,151,13,1194,1,46,13,"Anderson",76978,141.598898386552,0.0672866520787746,322.169970640962,12.9907246226195,196.159941801554,6.72866520787746
2020-10-09,1373,15,1319,13,54,2,1553,16,27799,173,29352,189,0,13,-2,149,17,1211,0,46,13,"Anderson",76978,151.991478084648,0.0684647302904564,245.524695367508,19.4860869339292,193.56179687703,6.84647302904564
2020-10-10,1389,16,1335,16,54,0,1573,20,28011,212,29584,232,0,13,3,152,13,1224,1,47,14,"Anderson",76978,151.991478084648,0.0683760683760684,301.384811244771,20.7851593961911,197.459014263816,6.83760683760684
2020-10-11,1417,28,1363,28,54,0,1604,31,28300,289,29904,320,0,13,18,170,10,1234,0,47,14,"Anderson",76978,167.580347631791,0.0777596519847743,415.703187923822,36.3740289433345,220.842318584531,7.77596519847743
2020-10-12,1433,16,1378,15,55,1,1620,16,28379,79,29999,95,0,13,-11,159,27,1261,0,47,14,"Anderson",76978,154.589623009171,0.0778301886792453,123.411883914885,20.7851593961911,206.552521499649,7.78301886792453
2020-10-13,1453,20,1396,18,57,2,1638,18,28500,121,30138,139,0,13,7,166,13,1274,0,47,14,"Anderson",76978,144.197043311076,0.0804911323328786,180.57107225441,25.9814492452389,215.646028735483,8.04911323328786
2020-10-14,1475,22,1418,22,57,0,1662,24,28800,300,30462,324,0,13,12,178,10,1284,0,47,14,"Anderson",76978,164.982202707267,0.0866192630898513,420.89947777287,28.5795941697628,231.234898282626,8.66192630898513
2020-10-15,1497,22,1434,16,63,6,1676,14,28951,151,30627,165,0,13,2,180,20,1304,1,48,14,"Anderson",76978,180.57107225441,0.0949453551912568,214.346956273221,28.5795941697628,233.83304320715,9.49453551912568
2020-10-16,1504,7,1437,3,67,4,1680,4,29050,99,30730,103,0,13,-11,169,18,1322,0,48,15,"Anderson",76978,170.178492556315,0.0921625544267054,133.80446361298,9.09350723583361,219.543246122269,9.21625544267054
2020-10-17,1532,28,1464,27,68,1,1710,30,29298,248,31008,278,0,13,14,183,14,1336,2,50,15,"Anderson",76978,185.767362103458,0.0962078651685393,361.142144508821,36.3740289433345,237.730260593936,9.62078651685393
2020-10-18,1552,20,1484,20,68,0,1733,23,29537,239,31270,262,0,13,5,188,15,1351,0,50,15,"Anderson",76978,175.374782405363,0.0944363103953148,340.35698511263,25.9814492452389,244.225622905246,9.44363103953148
2020-10-19,1556,4,1488,4,68,0,1738,5,29614,77,31352,82,0,13,-16,172,20,1371,1,51,15,"Anderson",76978,159.785912858219,0.0872135994087214,106.523941905479,5.19628984904778,223.440463509055,8.72135994087214
2020-10-20,1583,27,1515,27,68,0,1773,35,29813,199,31586,234,0,13,6,178,21,1392,0,51,15,"Anderson",76978,168.879420094053,0.093232044198895,303.982956169295,35.0749564810725,231.234898282626,9.3232044198895
2020-10-21,1600,17,1532,17,68,0,1792,19,30029,216,31821,235,0,13,8,186,9,1401,1,52,15,"Anderson",76978,162.384057782743,0.0956585724797645,305.282028631557,22.0842318584531,241.627477980722,9.56585724797645
2020-10-22,1621,21,1553,21,68,0,1817,25,30361,332,32178,357,1,14,-4,182,24,1425,0,52,15,"Anderson",76978,161.084985320481,0.0909090909090909,463.768869027514,27.2805217075008,236.431188131674,9.09090909090909
2020-10-23,1636,15,1567,14,69,1,1833,16,30636,275,32469,291,0,14,-7,175,22,1447,0,52,15,"Anderson",76978,171.477565018577,0.0879815986198965,378.030086518226,19.4860869339292,227.33768089584,8.79815986198965
2020-10-24,1667,31,1597,30,70,1,1866,33,31012,376,32878,409,0,14,19,194,12,1459,2,54,17,"Anderson",76978,175.374782405363,0.0834224598930481,531.320637065136,40.2712463301203,252.020057678817,8.34224598930481
2020-10-25,1684,17,1613,16,71,1,1885,19,31208,196,33093,215,0,14,0,194,17,1476,4,58,17,"Anderson",76978,171.477565018577,0.0833790455293472,279.300579386318,22.0842318584531,252.020057678817,8.33790455293472
2020-10-26,1700,16,1628,15,72,1,1903,18,31342,134,33245,152,-1,13,-11,183,28,1504,1,59,17,"Anderson",76978,187.06643456572,0.0871632329635499,197.459014263816,20.7851593961911,237.730260593936,8.71632329635499
2020-10-27,1729,29,1652,24,77,5,1927,24,31497,155,33424,179,1,14,10,193,18,1522,2,61,17,"Anderson",76978,189.664579490244,0.0837867247007617,232.533970744888,37.6731014055964,250.720985216555,8.37867247007617
2020-10-28,1785,56,1706,54,79,2,1986,59,31931,434,33917,493,0,14,33,226,23,1545,0,61,17,"Anderson",76978,240.32840551846,0.0925572519083969,640.442723895139,72.7480578866689,293.5903764712,9.25572519083969
2020-10-29,1814,29,1727,21,87,8,2005,19,32137,206,34142,225,0,14,6,232,23,1568,2,63,17,"Anderson",76978,250.720985216555,0.0957230142566191,292.291304008938,37.6731014055964,301.384811244771,9.57230142566191
2020-10-30,1851,37,1761,34,90,3,2043,38,32288,151,34331,189,2,16,20,252,15,1583,1,64,17,"Anderson",76978,279.300579386318,0.112781954887218,245.524695367508,48.065681103692,327.36626049001,11.2781954887218
2020-10-31,1851,0,1761,0,90,0,2043,0,32289,1,34332,1,0,16,-10,242,10,1593,0,64,19,"Anderson",76978,239.029333056198,0.121733149931224,1.29907246226194,0,314.375535867391,12.1733149931224
2020-11-01,1856,5,1766,5,90,0,2051,8,32533,244,34584,252,0,16,-10,232,15,1608,0,64,19,"Anderson",76978,223.440463509055,0.111334674714956,327.36626049001,6.49536231130973,301.384811244771,11.1334674714956
2020-11-02,1889,33,1797,31,92,2,2086,35,32800,267,34886,302,0,16,8,240,25,1633,0,64,20,"Anderson",76978,245.524695367508,0.111517367458867,392.319883603107,42.8693912546442,311.777390942867,11.1517367458867
2020-11-03,1915,26,1822,25,93,1,2111,25,32980,180,35091,205,0,16,6,246,20,1653,0,64,21,"Anderson",76978,241.627477980722,0.110377924415117,266.309854763699,33.7758840188106,319.571825716438,11.0377924415117
2020-11-04,1933,18,1837,15,96,3,2129,18,33059,79,35188,97,2,18,1,247,15,1668,1,65,21,"Anderson",76978,192.262724414768,0.112509834775767,126.010028839409,23.383304320715,320.8708981787,11.2509834775767
2020-11-05,1957,24,1855,18,102,6,2149,20,33158,99,35307,119,0,18,1,248,23,1691,0,65,22,"Anderson",76978,185.767362103458,0.123605150214592,154.589623009171,31.1777390942867,322.169970640962,12.3605150214592
2020-11-06,2006,49,1901,46,105,3,2198,49,33525,367,35723,416,0,18,24,272,25,1716,2,67,23,"Anderson",76978,201.356231650601,0.111350574712644,540.414144300969,63.6545506508353,353.347709735249,11.1350574712644
2020-11-07,2086,80,1978,77,108,3,2275,77,33972,447,36247,524,0,18,50,322,30,1746,0,67,23,"Anderson",76978,305.282028631557,0.121148825065274,680.713970225259,103.925796980956,418.301332848346,12.1148825065274
2020-11-08,2140,54,2029,51,111,3,2337,62,34582,610,36919,672,0,18,39,361,15,1761,1,68,23,"Anderson",76978,368.936579282392,0.122483940042827,872.976694640027,70.149912962145,468.965158876562,12.2483940042827
2020-11-09,2148,8,2036,7,112,1,2346,9,34656,74,37002,83,0,18,-46,315,54,1815,0,68,23,"Anderson",76978,336.459767725844,0.122873345935728,107.823014367741,10.3925796980956,409.207825612513,12.2873345935728
2020-11-10,2167,19,2054,18,113,1,2368,22,34827,171,37195,193,0,18,-16,299,35,1850,1,69,23,"Anderson",76978,327.36626049001,0.122148288973384,250.720985216555,24.682376782977,388.422666216322,12.2148288973384
2020-11-11,2206,39,2090,36,116,3,2410,42,35100,273,37510,315,1,19,13,312,25,1875,1,70,23,"Anderson",76978,354.646782197511,0.121016365202412,409.207825612513,50.6638260282159,405.310608225727,12.1016365202412
2020-11-12,2213,7,2096,6,117,1,2418,8,35298,198,37716,206,0,19,-13,299,20,1895,0,70,24,"Anderson",76978,332.562550339058,0.111664591116646,267.608927225961,9.09350723583361,388.422666216322,11.1664591116646
2020-11-13,2269,56,2149,53,120,3,2477,59,35560,262,38037,321,2,21,31,330,23,1918,2,72,24,"Anderson",76978,341.656057574892,0.12057044079516,417.002260386084,72.7480578866689,428.693912546442,12.057044079516
2020-11-14,2310,41,2189,40,121,1,2522,45,35956,396,38478,441,1,22,20,350,20,1938,1,73,25,"Anderson",76978,290.992231546676,0.110712684894666,572.890955857518,53.2619709527397,454.675361791681,11.0712684894666
2020-11-15,2408,98,2287,98,121,0,2630,108,36538,582,39168,690,1,23,79,429,18,1956,1,74,25,"Anderson",76978,348.151419886201,0.130280124499778,896.359998960742,127.309101301671,557.302086310374,13.0280124499778
2020-11-16,2457,49,2316,29,141,20,2659,29,36815,277,39474,306,0,23,-6,423,55,2011,1,75,25,"Anderson",76978,401.413390838941,0.126618122977346,397.516173452155,63.6545506508353,549.507651536803,12.6618122977346
2020-11-17,2473,16,2331,15,142,1,2675,16,37021,206,39696,222,2,25,-37,386,51,2062,1,76,26,"Anderson",76978,397.516173452155,0.122750899640144,288.394086622152,20.7851593961911,501.441970433111,12.2750899640144
2020-11-18,2503,30,2357,26,146,4,2701,26,37315,294,40016,320,0,25,-5,381,35,2097,0,76,27,"Anderson",76978,385.824521291798,0.116121308858739,415.703187923822,38.9721738678584,494.946608121801,11.6121308858739
2020-11-19,2561,58,2411,54,150,4,2763,62,37731,416,40494,478,0,25,19,400,39,2136,1,77,27,"Anderson",76978,452.077216867157,0.124190064794816,620.95663696121,75.3462028111928,519.628984904778,12.4190064794816
2020-11-20,2591,30,2438,27,153,3,2794,31,37845,114,40639,145,0,25,-10,390,40,2176,0,77,28,"Anderson",76978,418.301332848346,0.121829362029208,188.365507027982,38.9721738678584,506.638260282159,12.1829362029208
2020-11-21,2648,57,2487,49,161,8,2842,48,38189,344,41031,392,0,25,33,423,24,2200,1,78,28,"Anderson",76978,439.086492244537,0.125342734038386,509.236405206682,74.0471303489309,549.507651536803,12.5342734038386
2020-11-22,2704,56,2536,49,168,7,2899,57,38672,483,41571,540,0,25,42,465,14,2214,1,79,31,"Anderson",76978,384.525448829536,0.111943404078236,701.49912962145,72.7480578866689,604.068694951804,11.1943404078236
2020-11-23,2711,7,2542,6,169,1,2905,6,38694,22,41599,28,0,25,-64,401,71,2285,0,79,32,"Anderson",76978,329.964405414534,0.115764705882353,36.3740289433345,9.09350723583361,520.92805736704,11.5764705882353
2020-11-24,2724,13,2554,12,170,1,2917,12,38851,157,41768,169,2,27,-35,366,46,2331,0,79,32,"Anderson",76978,326.067188027748,0.116795366795367,219.543246122269,16.8879420094053,475.460521187872,11.6795366795367
2020-11-25,2752,28,2575,21,177,7,2938,21,38888,37,41826,58,1,28,-11,355,38,2369,0,79,32,"Anderson",76978,323.469043103224,0.130939226519337,75.3462028111928,36.3740289433345,461.170724102991,13.0939226519337
2020-11-26,2797,45,2617,42,180,3,2983,45,39238,350,42221,395,0,28,-30,325,75,2444,1,80,33,"Anderson",76978,306.581101093819,0.127388535031847,513.133622593468,58.4582608017875,422.198550235132,12.7388535031847
2020-11-27,2896,99,2707,90,189,9,3078,95,39664,426,42742,521,0,28,56,381,43,2487,3,83,35,"Anderson",76978,396.217100989893,0.135045173561579,676.816752838473,128.608173763933,494.946608121801,13.5045173561579
2020-11-28,2927,31,2732,25,195,6,3108,30,39807,143,42915,173,1,29,5,386,25,2512,2,85,35,"Anderson",76978,362.441216971083,0.141188959660297,224.739535971316,40.2712463301203,501.441970433111,14.1188959660297
2020-11-29,3018,91,2821,89,197,2,3204,96,40244,437,43448,533,0,29,65,451,26,2538,1,86,35,"Anderson",76978,407.908753150251,0.162493340436867,692.405622385617,118.215594065837,585.881680480137,16.2493340436867
2020-11-30,3088,70,2887,66,201,4,3277,73,40496,252,43773,325,0,29,1,452,69,2607,0,86,37,"Anderson",76978,489.750318272753,0.171113155473781,422.198550235132,90.9350723583361,587.180752942399,17.1113155473781
2020-12-01,3164,76,2953,66,211,10,3349,72,40927,431,44276,503,1,30,14,466,61,2668,6,92,38,"Anderson",76978,571.591883395256,0.172248803827751,653.433448517758,98.7295071319078,605.367767414066,17.2248803827751
2020-12-02,3179,15,2967,14,212,1,3365,16,41035,108,44400,124,0,30,-40,426,55,2723,0,92,38,"Anderson",76978,554.70394138585,0.165889665889666,161.084985320481,19.4860869339292,553.404868923589,16.5889665889666
2020-12-03,3220,41,2996,29,224,12,3398,33,41259,224,44657,257,1,31,-14,412,54,2777,1,93,39,"Anderson",76978,549.507651536803,0.170361247947455,333.86162280132,53.2619709527397,535.217854451921,17.0361247947455
2020-12-04,3287,67,3056,60,231,7,3461,63,41417,158,44878,221,1,32,-25,387,91,2868,0,93,39,"Anderson",76978,507.93733274442,0.179307116104869,287.09501415989,87.0378549715503,502.741042895373,17.9307116104869
2020-12-05,3318,31,3075,19,243,12,3479,18,41484,67,44963,85,0,32,1,388,30,2898,0,93,39,"Anderson",76978,507.93733274442,0.18115234375,110.421159292265,40.2712463301203,504.040115357635,18.115234375
2020-12-06,3354,36,3104,29,250,7,3507,28,41692,208,45199,236,0,32,12,400,24,2922,2,95,40,"Anderson",76978,436.488347320014,0.173043974871502,306.581101093819,46.76660864143,519.628984904778,17.3043974871502
2020-12-07,3494,140,3228,124,266,16,3643,136,42285,593,45928,729,2,34,28,428,110,3032,4,99,41,"Anderson",76978,527.42341967835,0.169837587006961,947.023824988958,181.870144716672,556.003013848112,16.9837587006961
2020-12-08,3565,71,3277,49,288,22,3695,52,42583,298,46278,350,1,35,-8,420,78,3110,2,101,43,"Anderson",76978,520.92805736704,0.172827172827173,454.675361791681,92.2341448205981,545.610434150017,17.2827172827173
2020-12-09,3670,105,3368,91,302,14,3799,104,42844,261,46643,365,0,35,46,466,59,3169,3,104,44,"Anderson",76978,637.844578970615,0.193490860454748,474.16144872561,136.402608537504,605.367767414066,19.3490860454748
2020-12-10,3764,94,3446,78,318,16,3886,87,43376,532,47262,619,3,38,81,547,10,3179,3,107,45,"Anderson",76978,706.695419470498,0.187332053742802,804.125854140144,122.112811452623,710.592636857284,18.7332053742802
2020-12-11,3837,73,3499,53,338,20,3937,51,43542,166,47479,217,1,39,30,577,42,3221,2,109,45,"Anderson",76978,714.48985424407,0.183006535947712,281.898724310842,94.832289745122,749.564810725142,18.3006535947712
2020-12-12,3925,88,3560,61,365,27,4002,65,44055,513,48057,578,0,39,55,632,33,3254,2,111,45,"Anderson",76978,788.536984593001,0.169036845507434,750.863883187404,114.318376679051,821.013796149549,16.9036845507434
2020-12-13,4157,232,3743,183,414,49,4206,204,44927,872,49133,1076,1,40,188,820,43,3297,0,111,47,"Anderson",76978,1043.15518719634,0.177681748856126,1397.80196939385,301.384811244771,1065.23941905479,17.7681748856126
2020-12-14,4272,115,3828,85,444,30,4305,99,45218,291,49523,390,0,40,-37,783,152,3449,1,112,48,"Anderson",76978,1010.67837563979,0.184144645340751,506.638260282159,149.393333160124,1017.1737379511,18.4144645340751
2020-12-15,4407,135,3913,85,494,50,4401,96,45745,527,50146,623,1,41,42,825,92,3541,6,118,51,"Anderson",76978,1093.81901322456,0.182523267838676,809.322143989192,175.374782405363,1071.7347813661,18.2523267838676
2020-12-16,4476,69,3943,30,533,39,4437,36,46068,323,50505,359,2,43,-17,808,84,3625,4,122,52,"Anderson",76978,1047.05240458313,0.165199378560331,466.367013952038,89.6359998960742,1049.65054950765,16.5199378560331
2020-12-17,4677,201,4117,174,560,27,4631,194,46596,528,51227,722,2,45,114,922,85,3710,2,124,54,"Anderson",76978,1186.05315804516,0.187894073139975,937.930317753124,261.113564914651,1197.74481020551,18.7894073139975
2020-12-18,4775,98,4193,76,582,22,4718,87,46962,366,51680,453,1,46,23,945,74,3784,2,126,54,"Anderson",76978,1218.5299696017,0.185908117114973,588.479825404661,127.309101301671,1227.62347683754,18.5908117114973
2020-12-19,4880,105,4274,81,606,24,4805,87,47220,258,52025,345,0,46,74,1019,31,3815,1,127,55,"Anderson",76978,1240.61420146016,0.202368951612903,448.179999480371,136.402608537504,1323.75483904492,20.2368951612903
2020-12-20,5020,140,4396,122,624,18,4942,137,47684,464,52626,601,2,48,84,1103,54,3869,3,130,56,"Anderson",76978,1121.09953493206,0.2107071285428,780.742549819429,181.870144716672,1432.87692587493,21.07071285428
2020-12-21,5068,48,4414,18,654,30,4965,23,47904,220,52869,243,3,51,-83,1020,128,3997,2,132,59,"Anderson",76978,1034.06167996051,0.197250448296473,315.674608329653,62.3554781885734,1325.05391150718,19.7250448296473
2020-12-22,5138,70,4458,44,680,26,5012,47,48010,106,53022,153,1,52,-31,989,100,4097,2,134,64,"Anderson",76978,949.621969913482,0.212447844228095,198.758086726078,90.9350723583361,1284.78266517706,21.2447844228095
2020-12-23,5212,74,4500,42,712,32,5055,43,48326,316,53381,359,2,54,-8,981,80,4177,2,136,66,"Anderson",76978,956.117332224792,0.214881780250348,466.367013952038,96.1313622073839,1274.39008547897,21.4881780250348
2020-12-24,5270,58,4524,24,746,34,5082,27,48478,152,53560,179,1,55,-47,934,104,4281,1,137,71,"Anderson",76978,770.349970121333,0.193313330475782,232.533970744888,75.3462028111928,1213.33367975266,19.3313330475782
2020-12-25,5364,94,4602,78,762,16,5175,93,48887,409,54062,502,0,55,-16,918,110,4391,1,138,72,"Anderson",76978,765.153680272286,0.191855583543241,652.134376055496,122.112811452623,1192.54852035647,19.1855583543241
2020-12-26,5420,56,4631,29,789,27,5203,28,49006,119,54209,147,0,55,6,924,50,4441,3,141,74,"Anderson",76978,701.49912962145,0.182234432234432,190.963651952506,72.7480578866689,1200.34295513004,18.2234432234432
2020-12-27,5480,60,4668,37,812,23,5239,36,49142,136,54381,172,1,56,29,953,30,4471,6,147,75,"Anderson",76978,597.573332640495,0.169230769230769,223.440463509055,77.9443477357167,1238.01605653563,16.9230769230769
2020-12-28,5527,47,4689,21,838,26,5259,20,49211,69,54470,89,2,58,-85,868,130,4601,4,151,82,"Anderson",76978,596.274260178233,0.183635227982511,115.617449141313,61.0564057263114,1127.59489724337,18.3635227982511
2020-12-29,5623,96,4741,52,882,44,5307,48,49306,95,54613,143,2,60,-34,834,128,4729,5,156,85,"Anderson",76978,630.050144197043,0.185417976115651,185.767362103458,124.710956377147,1083.42643352646,18.5417976115651
2020-12-30,5658,35,4759,18,899,17,5324,17,49434,128,54758,145,6,66,-89,745,118,4847,1,157,88,"Anderson",76978,579.386318168827,0.195352214960058,188.365507027982,45.4675361791681,967.808984385149,19.5352214960058
2020-12-31,5821,163,4859,100,962,63,5426,102,49738,304,55164,406,6,72,63,808,94,4941,1,158,93,"Anderson",76978,715.788926706332,0.214463840399002,527.42341967835,211.748811348697,1049.65054950765,21.4463840399002
2021-01-01,5886,65,4901,42,985,23,5481,55,50014,276,55495,331,0,72,-25,783,90,5031,2,160,94,"Anderson",76978,678.115825300735,0.213538032100488,429.992985008704,84.4397100470264,1017.1737379511,21.3538032100488
2021-01-02,5979,93,4942,41,1037,52,5522,41,50299,285,55821,326,0,72,48,831,45,5076,2,162,96,"Anderson",76978,726.181506404427,0.197890818858561,423.497622697394,120.813738990361,1079.52921613968,19.7890818858561
2021-01-03,6004,25,4954,12,1050,13,5538,16,50351,52,55889,68,0,72,-9,822,34,5110,1,163,98,"Anderson",76978,680.713970225259,0.198275862068966,88.3369274338123,32.4768115565486,1067.83756397932,19.8275862068966
2021-01-04,6041,37,4978,24,1063,13,5569,31,50458,107,56027,138,1,73,-57,765,93,5203,0,163,103,"Anderson",76978,667.72324560264,0.199100834938985,179.271999792148,48.065681103692,993.790433630388,19.9100834938985
2021-01-05,6113,72,5009,31,1104,41,5600,31,50576,118,56176,149,2,75,-48,717,118,5321,2,165,106,"Anderson",76978,636.545506508353,0.187460012795905,193.56179687703,93.53321728286,931.434955441815,18.7460012795905
2021-01-06,6187,74,5049,40,1138,34,5643,43,50737,161,56380,204,5,80,-12,705,81,5402,2,167,108,"Anderson",76978,687.209332536569,0.196670776818742,265.010782301437,96.1313622073839,915.846085894671,19.6670776818742
2021-01-07,6292,105,5129,80,1163,25,5735,92,50958,221,56693,313,1,81,65,770,39,5441,1,168,111,"Anderson",76978,611.863129725376,0.202092871157619,406.609680687989,136.402608537504,1000.2857959417,20.2092871157619
2021-01-08,6374,82,5179,50,1195,32,5787,52,51157,199,56944,251,5,86,61,831,16,5457,2,170,114,"Anderson",76978,633.947361583829,0.211180124223602,326.067188027748,106.523941905479,1079.52921613968,21.1180124223602
2021-01-09,6484,110,5248,69,1236,41,5862,75,51588,431,57450,506,2,88,43,874,65,5522,0,170,116,"Anderson",76978,656.031593442282,0.208717004297115,657.330665904544,142.897970848814,1135.38933201694,20.8717004297115
2021-01-10,6544,60,5273,25,1271,35,5887,25,51682,94,57569,119,2,90,28,902,30,5552,3,173,117,"Anderson",76978,701.49912962145,0.207738095238095,154.589623009171,77.9443477357167,1171.76336096027,20.7738095238095
2021-01-11,6577,33,5283,10,1294,23,5900,13,51753,71,57653,84,1,91,-93,809,125,5677,1,174,119,"Anderson",76978,696.302839772403,0.203567035670357,109.122086830003,42.8693912546442,1050.94962196991,20.3567035670357
2021-01-12,6630,53,5317,34,1313,19,5938,38,51925,172,57863,210,2,93,-100,709,151,5828,1,175,119,"Anderson",76978,671.620462989426,0.200355660936574,272.805217075008,68.8508404998831,921.042375743719,20.0355660936574
2021-01-13,6656,26,5334,17,1322,9,5957,19,52015,90,57972,109,3,96,-44,665,67,5895,0,175,120,"Anderson",76978,609.264984800852,0.197236180904523,141.598898386552,33.7758840188106,863.883187404193,19.7236180904523
2021-01-14,6753,97,5396,62,1357,35,6031,74,52422,407,58453,481,5,101,8,673,84,5979,2,177,122,"Anderson",76978,598.872405102757,0.168181818181818,624.853854347995,126.010028839409,874.275767102289,16.8181818181818
2021-01-15,6787,34,5416,20,1371,14,6055,24,52577,155,58632,179,0,101,-16,657,50,6029,1,178,125,"Anderson",76978,536.516926914183,0.158767772511848,232.533970744888,44.1684637169061,853.490607706098,15.8767772511848
2021-01-16,6851,64,5446,30,1405,34,6088,33,52821,244,58909,277,1,102,2,659,61,6090,1,179,128,"Anderson",76978,476.759593650134,0.154900616860864,359.843072046559,83.1406375847645,856.088752630622,15.4900616860864
2021-01-17,6888,37,5466,20,1422,17,6111,23,52925,104,59036,127,0,102,-6,653,43,6133,0,179,130,"Anderson",76978,446.880927018109,0.152692569870484,164.982202707267,48.065681103692,848.29431785705,15.2692569870484
2021-01-18,6907,19,5474,8,1433,11,6121,10,53021,96,59142,106,1,103,-68,585,86,6219,0,179,131,"Anderson",76978,428.693912546442,0.148421759570181,137.701680999766,24.682376782977,759.957390423238,14.8421759570181
2021-01-19,6949,42,5491,17,1458,25,6141,20,53133,112,59274,132,1,104,-78,507,119,6338,0,179,133,"Anderson",76978,414.40411546156,0.143869596031184,171.477565018577,54.5610434150017,658.629738366806,14.3869596031184
2021-01-20,6977,28,5507,16,1470,12,6160,19,53285,152,59445,171,3,107,-29,478,54,6392,0,179,135,"Anderson",76978,417.002260386084,0.137813985064494,222.141391046793,36.3740289433345,620.95663696121,13.7813985064494
2021-01-21,7033,56,5547,40,1486,16,6199,39,53526,241,59725,280,5,112,-42,436,93,6485,2,181,136,"Anderson",76978,363.740289433345,0.132075471698113,363.740289433345,72.7480578866689,566.395593546208,13.2075471698113
2021-01-22,7071,38,5565,18,1506,20,6221,22,53671,145,59892,167,2,114,-16,420,52,6537,0,181,139,"Anderson",76978,368.936579282392,0.131746031746032,216.945101197745,49.3647535659539,545.610434150017,13.1746031746032
2021-01-23,7109,38,5579,14,1530,24,6234,13,53931,260,60165,273,0,114,8,428,30,6567,1,182,139,"Anderson",76978,335.160695263582,0.116242038216561,354.646782197511,49.3647535659539,556.003013848112,11.6242038216561
2021-01-24,7122,13,5591,12,1531,1,6248,14,53998,67,60246,81,0,114,-21,407,34,6601,0,182,141,"Anderson",76978,303.982956169295,0.113223140495868,105.224869443218,16.8879420094053,528.722492140612,11.3223140495868
2021-01-25,7139,17,5602,11,1537,6,6259,11,54058,60,60317,71,2,116,-47,360,62,6663,1,183,143,"Anderson",76978,301.384811244771,0.117446808510638,92.2341448205981,22.0842318584531,467.6660864143,11.7446808510638
2021-01-26,7166,27,5623,21,1543,6,6284,25,54222,164,60506,189,0,116,-36,324,63,6726,1,184,146,"Anderson",76978,281.898724310842,0.116071428571429,245.524695367508,35.0749564810725,420.89947777287,11.6071428571429
2021-01-27,7183,17,5631,8,1552,9,6293,9,54308,86,60601,95,4,120,-18,306,31,6757,0,184,148,"Anderson",76978,267.608927225961,0.115051903114187,123.411883914885,22.0842318584531,397.516173452155,11.5051903114187
2021-01-28,7270,87,5671,40,1599,47,6340,47,54534,226,60874,273,4,124,24,330,59,6816,0,184,149,"Anderson",76978,307.880173556081,0.122715404699739,354.646782197511,113.019304216789,428.693912546442,12.2715404699739
2021-01-29,7283,13,5675,4,1608,9,6345,5,54579,45,60924,50,1,125,-34,296,46,6862,1,185,149,"Anderson",76978,275.403361999532,0.12015503875969,64.9536231130973,16.8879420094053,384.525448829536,12.015503875969
2021-01-30,7323,40,5710,35,1613,5,6381,36,54838,259,61219,295,2,127,1,297,37,6899,2,187,150,"Anderson",76978,278.001506924056,0.139468690702087,383.226376367274,51.9628984904778,385.824521291798,13.9468690702087
2021-01-31,7339,16,5717,7,1622,9,6392,11,55007,169,61399,180,1,128,-4,293,19,6918,0,187,152,"Anderson",76978,281.898724310842,0.12489158716392,233.83304320715,20.7851593961911,380.62823144275,12.489158716392
2021-02-01,7359,20,5729,12,1630,8,6405,13,55060,53,61465,66,1,129,-26,267,45,6963,1,188,153,"Anderson",76978,285.795941697628,0.127177700348432,85.7387825092884,25.9814492452389,346.852347423939,12.7177700348432
2021-02-02,7366,7,5735,6,1631,1,6411,6,55129,69,61540,75,5,134,-45,222,47,7010,0,188,154,"Anderson",76978,259.814492452389,0.122823984526112,97.4304346696459,9.09350723583361,288.394086622152,12.2823984526112
2021-02-03,7388,22,5741,6,1647,16,6421,10,55321,192,61742,202,4,138,1,223,17,7027,0,188,155,"Anderson",76978,266.309854763699,0.112182296231376,262.412637376913,28.5795941697628,289.693159084414,11.2182296231376
2021-02-04,7418,30,5755,14,1663,16,6438,17,55645,324,62083,341,2,140,-5,218,33,7060,0,188,155,"Anderson",76978,192.262724414768,0.0810587262200165,442.983709631323,38.9721738678584,283.197796773104,8.10587262200166
2021-02-05,7436,18,5766,11,1670,7,6455,17,55802,157,62257,174,2,142,-13,205,29,7089,0,188,156,"Anderson",76978,198.758086726078,0.0825206301575394,226.038608433578,23.383304320715,266.309854763699,8.25206301575394
2021-02-06,7462,26,5782,16,1680,10,6475,20,56024,222,62499,242,1,143,8,213,17,7106,1,189,156,"Anderson",76978,180.57107225441,0.0734375,314.375535867391,33.7758840188106,276.702434461794,7.34375
2021-02-07,7475,13,5789,7,1686,6,6483,8,56131,107,62614,115,0,143,-10,203,23,7129,0,189,156,"Anderson",76978,176.673854867625,0.0748971193415638,149.393333160124,16.8879420094053,263.711709839175,7.48971193415638
2021-02-08,7500,25,5795,6,1705,19,6488,5,56153,22,62641,27,2,145,-13,190,36,7165,0,189,156,"Anderson",76978,183.169217178934,0.070578231292517,35.0749564810725,32.4768115565486,246.82376782977,7.0578231292517
2021-02-09,7524,24,5805,10,1719,14,6499,11,56322,169,62821,180,2,147,-24,166,46,7211,2,191,156,"Anderson",76978,205.253449037387,0.068696330991413,233.83304320715,31.1777390942867,215.646028735483,6.8696330991413
2021-02-10,7549,25,5820,15,1729,10,6518,19,56517,195,63035,214,1,148,8,174,16,7227,1,192,156,"Anderson",76978,209.150666424173,0.0750193348801237,278.001506924056,32.4768115565486,226.038608433578,7.50193348801237
2021-02-11,7562,13,5828,8,1734,5,6530,12,56697,180,63227,192,-1,147,-16,158,30,7257,0,192,157,"Anderson",76978,187.06643456572,0.0804195804195804,249.421912754293,16.8879420094053,205.253449037387,8.04195804195804
2021-02-12,7589,27,5843,15,1746,12,6545,15,56891,194,63436,209,0,147,13,171,14,7271,0,192,157,"Anderson",76978,198.758086726078,0.0763358778625954,271.506144612746,35.0749564810725,222.141391046793,7.63358778625954
2021-02-13,7615,26,5853,10,1762,16,6555,10,57080,189,63635,199,0,147,11,182,15,7286,0,192,157,"Anderson",76978,198.758086726078,0.0704225352112676,258.515419990127,33.7758840188106,236.431188131674,7.04225352112676
2021-02-14,7629,14,5863,10,1766,4,6566,11,57141,61,63707,72,2,149,1,183,11,7297,0,192,157,"Anderson",76978,200.05715918834,0.0759377859103385,93.53321728286,18.1870144716672,237.730260593936,7.59377859103385
2021-02-15,7645,16,5871,8,1774,8,6575,9,57214,73,63789,82,0,149,-6,177,22,7319,1,193,158,"Anderson",76978,188.365507027982,0.0757839721254355,106.523941905479,20.7851593961911,229.935825820364,7.57839721254355
2021-02-16,7674,29,5885,14,1789,15,6592,17,57298,84,63890,101,0,149,11,188,18,7337,0,193,158,"Anderson",76978,194.860869339292,0.0869971936389149,131.206318688456,37.6731014055964,244.225622905246,8.69971936389149
2021-02-17,7693,19,5897,12,1796,7,6604,12,57406,108,64010,120,0,149,-8,180,27,7364,0,193,160,"Anderson",76978,187.06643456572,0.0882051282051282,155.888695471433,24.682376782977,233.83304320715,8.82051282051282
2021-02-18,7717,24,5919,22,1798,2,6630,26,57562,156,64192,182,0,149,9,189,15,7379,0,193,160,"Anderson",76978,201.356231650601,0.103626943005181,236.431188131674,31.1777390942867,245.524695367508,10.3626943005181
2021-02-19,7730,13,5930,11,1800,2,6645,15,57608,46,64253,61,0,149,0,189,13,7392,0,193,161,"Anderson",76978,183.169217178934,0.122399020807834,79.2434201979787,16.8879420094053,245.524695367508,12.2399020807834
2021-02-20,7749,19,5937,7,1812,12,6654,9,57730,122,64384,131,1,150,3,192,15,7407,0,193,162,"Anderson",76978,174.075709943101,0.132176234979973,170.178492556315,24.682376782977,249.421912754293,13.2176234979973
2021-02-21,7761,12,5944,7,1817,5,6661,7,57794,64,64455,71,2,152,-1,191,11,7418,1,194,162,"Anderson",76978,171.477565018577,0.127005347593583,92.2341448205981,15.5888695471433,248.122840292031,12.7005347593583
2021-02-22,7766,5,5946,2,1820,3,6667,6,57831,37,64498,43,1,153,-17,174,21,7439,0,194,163,"Anderson",76978,157.187767933695,0.129760225669958,55.8601158772636,6.49536231130973,226.038608433578,12.9760225669958
2021-02-23,7790,24,5955,9,1835,15,6675,8,57974,143,64649,151,2,155,-2,172,24,7463,0,194,165,"Anderson",76978,150.692405622386,0.10935441370224,196.159941801554,31.1777390942867,223.440463509055,10.935441370224
2021-02-24,7822,32,5974,19,1848,13,6698,23,58148,174,64846,197,0,155,15,187,17,7480,0,194,165,"Anderson",76978,167.580347631791,0.11244019138756,255.917275065603,41.5703187923822,242.926550442984,11.244019138756
2021-02-25,7839,17,5982,8,1857,9,6709,11,58275,127,64984,138,1,156,-3,184,19,7499,0,194,165,"Anderson",76978,158.486840395957,0.0997474747474748,179.271999792148,22.0842318584531,239.029333056198,9.97474747474748
2021-02-26,7851,12,5990,8,1861,4,6718,9,58374,99,65092,108,0,156,-17,167,29,7528,0,194,165,"Anderson",76978,157.187767933695,0.0870083432657926,140.29982592429,15.5888695471433,216.945101197745,8.70083432657926
2021-02-27,7860,9,5997,7,1863,2,6724,6,58466,92,65190,98,0,156,-6,161,15,7543,0,194,165,"Anderson",76978,144.197043311076,0.086848635235732,127.309101301671,11.6916521603575,209.150666424173,8.6848635235732
2021-02-28,7874,14,6007,10,1867,4,6735,11,58537,71,65272,82,0,156,0,161,14,7557,0,194,165,"Anderson",76978,146.7951882356,0.0905752753977968,106.523941905479,18.1870144716672,209.150666424173,9.05752753977968
2021-03-01,7882,8,6012,5,1870,3,6742,7,58572,35,65314,42,0,156,-11,150,19,7576,0,194,165,"Anderson",76978,150.692405622386,0.0919117647058824,54.5610434150017,10.3925796980956,194.860869339292,9.19117647058824
2021-03-02,7905,23,6023,11,1882,12,6752,10,58688,116,65440,126,1,157,-2,148,24,7600,1,195,165,"Anderson",76978,149.393333160124,0.0973451327433628,163.683130245005,29.8786666320247,192.262724414768,9.73451327433628
2021-03-03,7938,33,6044,21,1894,12,6777,25,58804,116,65581,141,1,158,13,161,19,7619,0,195,166,"Anderson",76978,150.692405622386,0.107482993197279,183.169217178934,42.8693912546442,209.150666424173,10.7482993197279
2021-03-04,7963,25,6057,13,1906,12,6794,17,58967,163,65761,180,0,158,13,174,12,7631,0,195,166,"Anderson",76978,161.084985320481,0.109395109395109,233.83304320715,32.4768115565486,226.038608433578,10.9395109395109
2021-03-05,7995,32,6074,17,1921,15,6816,22,59101,134,65917,156,0,158,17,191,15,7646,2,197,166,"Anderson",76978,187.06643456572,0.118787878787879,202.655304112863,41.5703187923822,248.122840292031,11.8787878787879
2021-03-06,8005,10,6079,5,1926,5,6824,8,59190,89,66014,97,0,158,-1,190,11,7657,0,197,166,"Anderson",76978,188.365507027982,0.121359223300971,126.010028839409,12.9907246226195,246.82376782977,12.1359223300971
2021-03-07,8011,6,6082,3,1929,3,6827,3,59229,39,66056,42,0,158,-10,180,16,7673,0,197,166,"Anderson",76978,177.972927329886,0.11734693877551,54.5610434150017,7.79443477357167,233.83304320715,11.734693877551
2021-03-08,8027,16,6088,6,1939,10,6836,9,59306,77,66142,86,1,159,-4,176,19,7692,0,197,166,"Anderson",76978,188.365507027982,0.113526570048309,111.720231754527,20.7851593961911,228.636753358102,11.3526570048309
2021-03-09,8048,21,6096,8,1952,13,6844,8,59371,65,66215,73,0,159,3,179,18,7710,3,200,167,"Anderson",76978,185.767362103458,0.118709677419355,94.832289745122,27.2805217075008,232.533970744888,11.8709677419355
2021-03-10,8070,22,6109,13,1961,9,6860,16,59528,157,66388,173,0,159,11,190,11,7721,1,201,167,"Anderson",76978,171.477565018577,0.102850061957869,224.739535971316,28.5795941697628,246.82376782977,10.2850061957869
2021-03-11,8093,23,6119,10,1974,13,6870,10,59625,97,66495,107,0,159,1,191,22,7743,1,202,168,"Anderson",76978,168.879420094053,0.103542234332425,139.000753462028,29.8786666320247,248.122840292031,10.3542234332425
2021-03-12,8113,20,6136,17,1977,3,6890,20,59731,106,66621,126,0,159,8,199,12,7755,0,202,168,"Anderson",76978,153.29055054691,0.105113636363636,163.683130245005,25.9814492452389,258.515419990127,10.5113636363636
2021-03-13,8124,11,6140,4,1984,7,6894,4,59807,76,66701,80,0,159,2,201,9,7764,1,203,168,"Anderson",76978,154.589623009171,0.101892285298399,103.925796980956,14.2897970848814,261.113564914651,10.1892285298399
2021-03-14,8130,6,6144,4,1986,2,6900,6,59843,36,66743,42,0,159,-13,188,19,7783,1,204,168,"Anderson",76978,154.589623009171,0.106259097525473,54.5610434150017,7.79443477357167,244.225622905246,10.6259097525473
2021-03-15,8148,18,6149,5,1999,13,6906,6,59876,33,66782,39,0,159,-9,179,27,7810,1,205,168,"Anderson",76978,157.187767933695,0.109375,50.6638260282159,23.383304320715,232.533970744888,10.9375
2021-03-16,8181,33,6162,13,2019,20,6921,15,59969,93,66890,108,0,159,-1,178,34,7844,2,207,168,"Anderson",76978,172.776637480839,0.114074074074074,140.29982592429,42.8693912546442,231.234898282626,11.4074074074074
2021-03-17,8198,17,6173,11,2025,6,6934,13,60056,87,66990,100,0,159,-5,173,22,7866,0,207,169,"Anderson",76978,166.281275169529,0.122923588039867,129.907246226195,22.0842318584531,224.739535971316,12.2923588039867
2021-03-18,8214,16,6185,12,2029,4,6949,15,60137,81,67086,96,1,160,-1,172,16,7882,0,207,169,"Anderson",76978,157.187767933695,0.133671742808799,124.710956377147,20.7851593961911,223.440463509055,13.3671742808799
2021-03-19,8239,25,6200,15,2039,10,6962,13,60256,119,67218,132,0,160,13,185,12,7894,1,208,169,"Anderson",76978,163.683130245005,0.120603015075377,171.477565018577,32.4768115565486,240.32840551846,12.0603015075377
2021-03-20,8251,12,6206,6,2045,6,6970,8,60295,39,67265,47,0,160,3,188,9,7903,1,209,169,"Anderson",76978,164.982202707267,0.134751773049645,61.0564057263114,15.5888695471433,244.225622905246,13.4751773049645
2021-03-21,8261,10,6212,6,2049,4,6977,7,60357,62,67334,69,-1,159,-5,183,16,7919,0,209,169,"Anderson",76978,170.178492556315,0.130287648054146,89.6359998960742,12.9907246226195,237.730260593936,13.0287648054146
2021-03-22,8267,6,6213,1,2054,5,6978,1,60423,66,67401,67,0,159,-8,175,14,7933,1,210,169,"Anderson",76978,154.589623009171,0.116316639741519,87.0378549715503,7.79443477357167,227.33768089584,11.6316639741519
2021-03-23,8273,6,6214,1,2059,5,6979,1,60466,43,67445,44,0,159,-15,160,21,7954,0,210,170,"Anderson",76978,119.514666528099,0.104504504504505,57.1591883395256,7.79443477357167,207.851593961911,10.4504504504505
2021-03-24,8281,8,6221,7,2060,1,6986,7,60587,121,67573,128,1,160,-11,149,18,7972,0,210,170,"Anderson",76978,107.823014367741,0.0891938250428816,166.281275169529,10.3925796980956,193.56179687703,8.91938250428817
2021-03-25,8291,10,6226,5,2065,5,6992,6,60688,101,67680,107,0,160,-10,139,20,7992,0,210,170,"Anderson",76978,100.02857959417,0.0723905723905724,139.000753462028,12.9907246226195,180.57107225441,7.23905723905724
2021-03-26,8308,17,6238,12,2070,5,7003,11,60754,66,67757,77,0,160,3,142,14,8006,0,210,171,"Anderson",76978,89.6359998960742,0.0760667903525046,100.02857959417,22.0842318584531,184.468289641196,7.60667903525046
2021-03-27,8312,4,6242,4,2070,0,7009,6,60818,64,67827,70,1,161,-12,130,15,8021,2,212,171,"Anderson",76978,79.2434201979786,0.0693950177935943,90.9350723583361,5.19628984904778,168.879420094053,6.93950177935943
2021-03-28,8315,3,6242,0,2073,3,7009,0,60847,29,67856,29,1,162,-12,118,14,8035,0,212,172,"Anderson",76978,70.149912962145,0.0613026819923372,37.6731014055964,3.89721738678583,153.29055054691,6.13026819923372
2021-03-29,8330,15,6246,4,2084,11,7013,4,60933,86,67946,90,1,163,-16,102,30,8065,0,212,173,"Anderson",76978,81.8415651225025,0.0642201834862385,116.916521603575,19.4860869339292,132.505391150718,6.42201834862385
2021-03-30,8335,5,6249,3,2086,2,7016,3,60991,58,68007,61,1,164,-12,90,16,8081,0,212,173,"Anderson",76978,80.5424926602406,0.0658362989323843,79.2434201979787,6.49536231130973,116.916521603575,6.58362989323843
2021-03-31,8358,23,6263,14,2095,9,7032,16,61155,164,68187,180,1,165,10,100,12,8093,1,213,173,"Anderson",76978,100.02857959417,0.0749185667752443,233.83304320715,29.8786666320247,129.907246226195,7.49185667752443
2021-04-01,8367,9,6266,3,2101,6,7036,4,61212,57,68248,61,0,165,-8,92,17,8110,0,213,173,"Anderson",76978,98.7295071319078,0.0774647887323944,79.2434201979787,11.6916521603575,119.514666528099,7.74647887323944
2021-04-02,8376,9,6273,7,2103,2,7043,7,61282,70,68325,77,0,165,-1,91,10,8120,0,213,173,"Anderson",76978,88.3369274338123,0.0704225352112676,100.02857959417,11.6916521603575,118.215594065837,7.04225352112676
2021-04-03,8382,6,6278,5,2104,1,7049,6,61332,50,68381,56,0,165,-8,83,14,8134,0,213,173,"Anderson",76978,90.9350723583361,0.0722021660649819,72.7480578866689,7.79443477357167,107.823014367741,7.22021660649819
2021-04-04,8384,2,6280,2,2104,0,7051,2,61370,38,68421,40,0,165,-5,78,7,8141,0,213,173,"Anderson",76978,89.6359998960742,0.0743362831858407,51.9628984904778,2.59814492452389,101.327652056432,7.43362831858407
2021-04-05,8398,14,6283,3,2115,11,7053,2,61428,58,68481,60,0,165,4,82,10,8151,2,215,173,"Anderson",76978,88.3369274338123,0.0747663551401869,77.9443477357167,18.1870144716672,106.523941905479,7.47663551401869
2021-04-06,8403,5,6287,4,2116,1,7059,6,61470,42,68529,48,0,165,3,85,2,8153,0,215,173,"Anderson",76978,88.3369274338123,0.0823754789272031,62.3554781885734,6.49536231130973,110.421159292265,8.23754789272031
2021-04-07,8423,20,6300,13,2123,7,7073,14,61629,159,68702,173,0,165,10,95,10,8163,2,217,173,"Anderson",76978,84.4397100470264,0.0796116504854369,224.739535971316,25.9814492452389,123.411883914885,7.96116504854369
2021-04-08,8426,3,6302,2,2124,1,7076,3,61720,91,68796,94,5,170,-17,78,15,8178,1,218,173,"Anderson",76978,76.6452752734548,0.072992700729927,122.112811452623,3.89721738678583,101.327652056432,7.2992700729927
2021-04-09,8434,8,6308,6,2126,2,7085,9,61807,87,68892,96,-4,166,8,86,4,8182,0,218,173,"Anderson",76978,75.3462028111928,0.0740740740740741,124.710956377147,10.3925796980956,111.720231754527,7.40740740740741
2021-04-10,8439,5,6313,5,2126,0,7090,5,61878,71,68968,76,0,166,-6,80,11,8193,0,218,173,"Anderson",76978,74.0471303489309,0.0698466780238501,98.7295071319078,6.49536231130973,103.925796980956,6.98466780238501
2021-04-11,8446,7,6318,5,2128,2,7095,5,61922,44,69017,49,-1,165,0,80,8,8201,0,218,173,"Anderson",76978,80.5424926602406,0.0738255033557047,63.6545506508353,9.09350723583361,103.925796980956,7.38255033557047
2021-04-12,8449,3,6321,3,2128,0,7098,3,61991,69,69089,72,0,165,-7,73,10,8211,0,218,173,"Anderson",76978,66.2526955753592,0.0740131578947368,93.53321728286,3.89721738678583,94.832289745122,7.40131578947368
2021-04-13,8459,10,6326,5,2133,5,7104,6,62052,61,69156,67,5,170,-8,65,13,8224,0,218,173,"Anderson",76978,72.7480578866689,0.0717703349282297,87.0378549715503,12.9907246226195,84.4397100470264,7.17703349282297
2021-04-14,8473,14,6335,9,2138,5,7115,11,62190,138,69305,149,0,170,7,72,7,8231,0,218,173,"Anderson",76978,64.9536231130973,0.0696517412935323,193.56179687703,18.1870144716672,93.53321728286,6.96517412935323
2021-04-15,8482,9,6340,5,2142,4,7120,5,62271,81,69391,86,0,170,6,78,3,8234,0,218,173,"Anderson",76978,72.7480578866689,0.0739495798319328,111.720231754527,11.6916521603575,101.327652056432,7.39495798319328
2021-04-16,8495,13,6351,11,2144,2,7133,13,62424,153,69557,166,0,170,6,84,7,8241,0,218,173,"Anderson",76978,79.2434201979786,0.0721804511278196,215.646028735483,16.8879420094053,109.122086830003,7.21804511278196
2021-04-17,8500,5,6354,3,2146,2,7137,4,62489,65,69626,69,0,170,0,84,5,8246,0,218,173,"Anderson",76978,79.2434201979786,0.0714285714285714,89.6359998960742,6.49536231130973,109.122086830003,7.14285714285714
2021-04-18,8507,7,6360,6,2147,1,7143,6,62534,45,69677,51,0,170,0,84,7,8253,0,218,173,"Anderson",76978,79.2434201979786,0.0727272727272727,66.2526955753592,9.09350723583361,109.122086830003,7.27272727272727
2021-04-19,8513,6,6363,3,2150,3,7146,3,62557,23,69703,26,0,170,-6,78,12,8265,0,218,174,"Anderson",76978,83.1406375847645,0.0781758957654723,33.7758840188106,7.79443477357167,101.327652056432,7.81758957654723
2021-04-20,8519,6,6366,3,2153,3,7149,3,62656,99,69805,102,0,170,-1,77,7,8272,0,218,174,"Anderson",76978,77.9443477357167,0.0693374422187981,132.505391150718,7.79443477357167,100.02857959417,6.93374422187981
2021-04-21,8530,11,6371,5,2159,6,7155,6,62811,155,69966,161,1,171,-3,74,13,8285,0,218,174,"Anderson",76978,74.0471303489309,0.0605143721633888,209.150666424173,14.2897970848814,96.1313622073839,6.05143721633888
2021-04-22,8548,18,6377,6,2171,12,7162,7,62955,144,70117,151,0,171,12,86,6,8291,0,218,174,"Anderson",76978,85.7387825092884,0.0578512396694215,196.159941801554,23.383304320715,111.720231754527,5.78512396694215
2021-04-23,8558,10,6382,5,2176,5,7168,6,63121,166,70289,172,0,171,8,94,2,8293,0,218,174,"Anderson",76978,81.8415651225025,0.0478142076502732,223.440463509055,12.9907246226195,122.112811452623,4.78142076502732
2021-04-24,8571,13,6389,7,2182,6,7175,7,63188,67,70363,74,0,171,9,103,4,8297,1,219,174,"Anderson",76978,92.2341448205981,0.0515603799185889,96.1313622073839,16.8879420094053,133.80446361298,5.15603799185889
2021-04-25,8575,4,6391,2,2184,2,7177,2,63228,40,70405,42,0,171,0,103,4,8301,0,219,174,"Anderson",76978,88.3369274338123,0.0467032967032967,54.5610434150017,5.19628984904778,133.80446361298,4.67032967032967
2021-04-26,8584,9,6395,4,2189,5,7181,4,63303,75,70484,79,0,171,2,105,7,8308,0,219,175,"Anderson",76978,92.2341448205981,0.0448143405889885,102.626724518694,11.6916521603575,136.402608537504,4.48143405889885
2021-04-27,8594,10,6401,6,2193,4,7187,6,63371,68,70558,74,0,171,-3,102,13,8321,0,219,175,"Anderson",76978,97.4304346696459,0.050464807436919,96.1313622073839,12.9907246226195,132.505391150718,5.0464807436919
2021-04-28,8611,17,6413,12,2198,5,7200,13,63509,138,70709,151,0,171,1,103,16,8337,1,220,175,"Anderson",76978,105.224869443218,0.0605652759084791,196.159941801554,22.0842318584531,133.80446361298,6.05652759084791
2021-04-29,8617,6,6415,2,2202,4,7203,3,63658,149,70861,152,0,171,-1,102,7,8344,0,220,175,"Anderson",76978,89.6359998960742,0.0551075268817204,197.459014263816,7.79443477357167,132.505391150718,5.51075268817204
2021-04-30,8624,7,6418,3,2206,4,7207,4,63780,122,70987,126,0,171,-2,100,9,8353,0,220,175,"Anderson",76978,85.7387825092884,0.0558739255014327,163.683130245005,9.09350723583361,129.907246226195,5.58739255014327
2021-05-01,8629,5,6421,3,2208,2,7210,3,63843,63,71053,66,0,171,-1,99,6,8359,1,221,175,"Anderson",76978,75.3462028111928,0.0507246376811594,85.7387825092884,6.49536231130973,128.608173763933,5.07246376811594
2021-05-02,8632,3,6422,1,2210,2,7211,1,63894,51,71105,52,0,171,-7,92,10,8369,0,221,175,"Anderson",76978,74.0471303489309,0.0485714285714286,67.5517680376211,3.89721738678583,119.514666528099,4.85714285714286
2021-05-03,8642,10,6427,5,2215,5,7216,5,64000,106,71216,111,0,171,-3,89,13,8382,0,221,175,"Anderson",76978,75.3462028111928,0.0478142076502732,144.197043311076,12.9907246226195,115.617449141313,4.78142076502732
2021-05-04,8644,2,6427,0,2217,2,7217,1,64076,76,71293,77,0,171,-10,79,12,8394,0,221,175,"Anderson",76978,64.9536231130973,0.0408163265306122,100.02857959417,2.59814492452389,102.626724518694,4.08163265306122
2021-05-05,8652,8,6431,4,2221,4,7220,3,64193,117,71413,120,0,171,-3,76,11,8405,0,221,175,"Anderson",76978,53.2619709527397,0.0284090909090909,155.888695471433,10.3925796980956,98.7295071319078,2.84090909090909
2021-05-06,8657,5,6434,3,2223,2,7226,6,64245,52,71471,58,0,171,-5,71,10,8415,1,222,175,"Anderson",76978,51.9628984904778,0.0377049180327869,75.3462028111928,6.49536231130973,92.2341448205981,3.77049180327869
2021-05-07,8662,5,6436,2,2226,3,7229,3,64366,121,71595,124,0,171,-4,67,9,8424,0,222,175,"Anderson",76978,49.3647535659539,0.0361842105263158,161.084985320481,6.49536231130973,87.0378549715503,3.61842105263158
2021-05-08,8668,6,6439,3,2229,3,7231,2,64435,69,71666,71,0,171,-6,61,12,8436,1,223,175,"Anderson",76978,50.6638260282159,0.034257748776509,92.2341448205981,7.79443477357167,79.2434201979787,3.4257748776509
2021-05-09,8669,1,6439,0,2230,1,7232,1,64463,28,71695,29,0,171,-4,57,5,8441,0,223,175,"Anderson",76978,48.065681103692,0.0355932203389831,37.6731014055964,1.29907246226194,74.0471303489309,3.55932203389831
2021-05-10,8674,5,6439,0,2235,5,7232,0,64551,88,71783,88,0,171,-5,52,10,8451,0,223,175,"Anderson",76978,41.5703187923822,0.0282186948853616,114.318376679051,6.49536231130973,67.5517680376211,2.82186948853616
2021-05-11,8682,8,6440,1,2242,7,7234,2,64593,42,71827,44,0,171,3,55,5,8456,0,223,175,"Anderson",76978,49.3647535659539,0.0318352059925094,57.1591883395256,10.3925796980956,71.448985424407,3.18352059925094
2021-05-12,8695,13,6447,7,2248,6,7240,6,64697,104,71937,110,0,171,8,63,5,8461,2,225,175,"Anderson",76978,55.8601158772636,0.0381679389312977,142.897970848814,16.8879420094053,81.8415651225025,3.81679389312977
2021-05-13,8699,4,6449,2,2250,2,7242,2,64800,103,72042,105,0,171,-3,60,7,8468,2,227,175,"Anderson",76978,54.5610434150017,0.0280210157618214,136.402608537504,5.19628984904778,77.9443477357167,2.80210157618214
2021-05-14,8707,8,6452,3,2255,5,7247,5,64887,87,72134,92,0,171,2,62,6,8474,0,227,175,"Anderson",76978,58.4582608017875,0.0333951762523191,119.514666528099,10.3925796980956,80.5424926602406,3.33951762523191
2021-05-15,8712,5,6454,2,2258,3,7249,2,64952,65,72201,67,0,171,1,63,4,8478,0,227,175,"Anderson",76978,57.1591883395256,0.0336448598130841,87.0378549715503,6.49536231130973,81.8415651225025,3.36448598130841
2021-05-16,8714,2,6455,1,2259,1,7250,1,64988,36,72238,37,0,171,-5,58,7,8485,0,227,175,"Anderson",76978,58.4582608017875,0.0331491712707182,48.065681103692,2.59814492452389,75.3462028111928,3.31491712707182
2021-05-17,8720,6,6460,5,2260,1,7255,5,65047,59,72302,64,1,172,0,58,5,8490,0,227,175,"Anderson",76978,59.7573332640495,0.0443159922928709,83.1406375847645,7.79443477357167,75.3462028111928,4.43159922928709
2021-05-18,8724,4,6460,0,2264,4,7255,0,65138,91,72393,91,0,172,0,58,4,8494,1,228,175,"Anderson",76978,54.5610434150017,0.0371024734982332,118.215594065837,5.19628984904778,75.3462028111928,3.71024734982332
2021-05-19,8731,7,6465,5,2266,2,7261,6,65257,119,72518,125,0,172,4,62,3,8497,0,228,175,"Anderson",76978,46.76660864143,0.036144578313253,162.384057782743,9.09350723583361,80.5424926602406,3.6144578313253
2021-05-20,8733,2,6467,2,2266,0,7263,2,65376,119,72639,121,0,172,-1,61,3,8500,0,228,175,"Anderson",76978,44.1684637169061,0.0351758793969849,157.187767933695,2.59814492452389,79.2434201979787,3.51758793969849
2021-05-21,8735,2,6467,0,2268,2,7263,0,65446,70,72709,70,0,172,-7,54,9,8509,0,228,175,"Anderson",76978,36.3740289433345,0.0278260869565217,90.9350723583361,2.59814492452389,70.149912962145,2.78260869565217
2021-05-22,8740,5,6469,2,2271,3,7265,2,65486,40,72751,42,0,172,-3,51,8,8517,0,228,175,"Anderson",76978,36.3740289433345,0.0290909090909091,54.5610434150017,6.49536231130973,66.2526955753592,2.90909090909091
2021-05-23,8740,0,6469,0,2271,0,7265,0,65515,29,72780,29,0,172,-3,48,3,8520,0,228,175,"Anderson",76978,33.7758840188106,0.0276752767527675,37.6731014055964,0,62.3554781885734,2.76752767527675
2021-05-24,8748,8,6473,4,2275,4,7268,3,65574,59,72842,62,0,172,1,49,7,8527,0,228,175,"Anderson",76978,36.3740289433345,0.0240740740740741,80.5424926602406,10.3925796980956,63.6545506508353,2.40740740740741
2021-05-25,8750,2,6473,0,2277,2,7269,1,65619,45,72888,46,0,172,-10,39,12,8539,0,228,175,"Anderson",76978,33.7758840188106,0.0282828282828283,59.7573332640495,2.59814492452389,50.6638260282159,2.82828282828283
2021-05-26,8757,7,6478,5,2279,2,7275,6,65719,100,72994,106,0,172,0,39,7,8546,0,228,175,"Anderson",76978,33.7758840188106,0.0294117647058824,137.701680999766,9.09350723583361,50.6638260282159,2.94117647058824
2021-05-27,8759,2,6479,1,2280,1,7276,1,65769,50,73045,51,0,172,-1,38,3,8549,1,229,175,"Anderson",76978,33.7758840188106,0.0320197044334975,66.2526955753592,2.59814492452389,49.3647535659539,3.20197044334975
2021-05-28,8764,5,6483,4,2281,1,7281,5,65852,83,73133,88,0,172,0,38,5,8554,0,229,175,"Anderson",76978,37.6731014055964,0.0424528301886792,114.318376679051,6.49536231130973,49.3647535659539,4.24528301886792
2021-05-29,8765,1,6483,0,2282,1,7281,0,65889,37,73170,37,0,172,-5,33,6,8560,0,229,175,"Anderson",76978,32.4768115565486,0.0381861575178998,48.065681103692,1.29907246226194,42.8693912546442,3.81861575178998
2021-05-30,8768,3,6484,1,2284,2,7282,1,65939,50,73221,51,0,172,0,33,3,8563,0,229,175,"Anderson",76978,36.3740289433345,0.0385487528344671,66.2526955753592,3.89721738678583,42.8693912546442,3.85487528344671
2021-05-31,8772,4,6487,3,2285,1,7285,3,65990,51,73275,54,0,172,1,34,3,8566,0,229,175,"Anderson",76978,31.1777390942867,0.0392609699769053,70.149912962145,5.19628984904778,44.1684637169061,3.92609699769053
2021-06-01,8775,3,6489,2,2286,1,7286,1,66038,48,73324,49,0,172,1,35,2,8568,1,230,175,"Anderson",76978,32.4768115565486,0.0389908256880734,63.6545506508353,3.89721738678583,45.4675361791681,3.89908256880734
2021-06-02,8779,4,6490,1,2289,3,7288,2,66079,41,73367,43,0,172,-2,33,6,8574,0,230,175,"Anderson",76978,28.5795941697628,0.0348525469168901,55.8601158772636,5.19628984904778,42.8693912546442,3.48525469168901
2021-06-03,8780,1,6490,0,2290,1,7291,3,66169,90,73460,93,1,173,-3,30,3,8577,0,230,175,"Anderson",76978,27.2805217075008,0.036144578313253,120.813738990361,1.29907246226194,38.9721738678584,3.6144578313253
2021-06-04,8781,1,6491,1,2290,0,7293,2,66222,53,73515,55,-1,172,-2,28,4,8581,0,230,175,"Anderson",76978,22.0842318584531,0.031413612565445,71.448985424407,1.29907246226194,36.3740289433345,3.1413612565445
2021-06-05,8782,1,6492,1,2290,0,7294,1,66279,57,73573,58,0,172,-3,25,4,8585,0,230,175,"Anderson",76978,22.0842318584531,0.032258064516129,75.3462028111928,1.29907246226194,32.4768115565486,3.2258064516129
2021-06-06,8782,0,6492,0,2290,0,7294,0,66304,25,73598,25,0,172,-4,21,4,8589,0,230,175,"Anderson",76978,18.1870144716672,0.0318302387267905,32.4768115565486,0,27.2805217075008,3.18302387267904
2021-06-07,8783,1,6492,0,2291,1,7294,0,66368,64,73662,64,0,172,-1,20,2,8591,0,230,175,"Anderson",76978,14.2897970848814,0.0232558139534884,83.1406375847645,1.29907246226194,25.9814492452389,2.32558139534884
2021-06-08,8784,1,6492,0,2292,1,7294,0,66405,37,73699,37,0,172,-1,19,2,8593,1,231,176,"Anderson",76978,11.6916521603575,0.0213333333333333,48.065681103692,1.29907246226194,24.682376782977,2.13333333333333
2021-06-09,8784,0,6492,0,2292,0,7294,0,66487,82,73781,82,0,172,-4,15,4,8597,0,231,176,"Anderson",76978,6.49536231130972,0.0144927536231884,106.523941905479,0,19.4860869339292,1.44927536231884
2021-06-10,8788,4,6493,1,2295,3,7295,1,66544,57,73839,58,0,172,4,19,0,8597,0,231,176,"Anderson",76978,10.3925796980956,0.0105540897097625,75.3462028111928,5.19628984904778,24.682376782977,1.05540897097625
2021-06-11,8789,1,6493,0,2296,1,7296,1,66599,55,73895,56,1,173,-3,16,3,8600,0,231,176,"Anderson",76978,10.3925796980956,0.00789473684210526,72.7480578866689,1.29907246226194,20.7851593961911,0.789473684210526
2021-06-12,8790,1,6493,0,2297,1,7297,1,66654,55,73951,56,2,175,-4,12,3,8603,0,231,176,"Anderson",76978,10.3925796980956,0.00793650793650794,72.7480578866689,1.29907246226194,15.5888695471433,0.793650793650794
2021-06-13,8791,1,6493,0,2298,1,7298,1,66692,38,73990,39,0,175,-3,9,4,8607,0,231,176,"Anderson",76978,11.6916521603575,0.0102040816326531,50.6638260282159,1.29907246226194,11.6916521603575,1.02040816326531
2021-06-14,8793,2,6495,2,2298,0,7300,2,66778,86,74078,88,0,175,1,10,1,8608,0,231,176,"Anderson",76978,12.9907246226194,0.0144230769230769,114.318376679051,2.59814492452389,12.9907246226195,1.44230769230769
2021-06-15,8793,0,6495,0,2298,0,7301,1,66809,31,74110,32,0,175,-1,9,1,8609,0,231,176,"Anderson",76978,11.6916521603575,0.0170316301703163,41.5703187923822,0,11.6916521603575,1.70316301703163
2021-06-16,8794,1,6496,1,2298,0,7302,1,66853,44,74155,45,0,175,0,9,1,8610,0,231,176,"Anderson",76978,12.9907246226194,0.0213903743315508,58.4582608017875,1.29907246226194,11.6916521603575,2.13903743315508
2021-06-17,8794,0,6496,0,2298,0,7302,0,66939,86,74241,86,0,175,-1,8,1,8611,0,231,176,"Anderson",76978,7.79443477357167,0.0174129353233831,111.720231754527,0,10.3925796980956,1.74129353233831
2021-06-18,8796,2,6497,1,2299,1,7306,4,66989,50,74295,54,0,175,1,9,1,8612,0,231,176,"Anderson",76978,9.09350723583361,0.025,70.149912962145,2.59814492452389,11.6916521603575,2.5
2021-06-19,8796,0,6497,0,2299,0,7306,0,67037,48,74343,48,0,175,-1,8,1,8613,0,231,176,"Anderson",76978,7.79443477357167,0.0229591836734694,62.3554781885734,0,10.3925796980956,2.29591836734694
2021-06-20,8796,0,6497,0,2299,0,7307,1,67060,23,74367,24,0,175,-2,6,2,8615,0,231,176,"Anderson",76978,6.49536231130972,0.0238726790450928,31.1777390942867,0,7.79443477357167,2.38726790450928
2021-06-21,8797,1,6497,0,2300,1,7307,0,67100,40,74407,40,0,175,0,6,1,8616,0,231,176,"Anderson",76978,5.19628984904778,0.0212765957446809,51.9628984904778,1.29907246226194,7.79443477357167,2.12765957446809
2021-06-22,8801,4,6498,1,2303,3,7307,0,67142,42,74449,42,0,175,2,8,2,8618,1,232,176,"Anderson",76978,10.3925796980956,0.0176991150442478,54.5610434150017,5.19628984904778,10.3925796980956,1.76991150442478
2021-06-23,8802,1,6499,1,2303,0,7308,1,67190,48,74498,49,0,175,1,9,0,8618,0,232,176,"Anderson",76978,10.3925796980956,0.0174927113702624,63.6545506508353,1.29907246226194,11.6916521603575,1.74927113702624
2021-06-24,8802,0,6499,0,2303,0,7309,1,67235,45,74544,46,0,175,-3,6,3,8621,0,232,176,"Anderson",76978,10.3925796980956,0.0231023102310231,59.7573332640495,0,7.79443477357167,2.31023102310231
2021-06-25,8803,1,6500,1,2303,0,7310,1,67271,36,74581,37,0,175,1,7,0,8621,0,232,176,"Anderson",76978,9.09350723583361,0.013986013986014,48.065681103692,1.29907246226194,9.09350723583361,1.3986013986014
2021-06-26,8804,1,6501,1,2303,0,7311,1,67304,33,74615,34,0,175,0,7,1,8622,0,232,176,"Anderson",76978,10.3925796980956,0.0183823529411765,44.1684637169061,1.29907246226194,9.09350723583361,1.83823529411765
2021-06-27,8804,0,6501,0,2303,0,7311,0,67336,32,74647,32,0,175,0,7,0,8622,0,232,176,"Anderson",76978,10.3925796980956,0.0142857142857143,41.5703187923822,0,9.09350723583361,1.42857142857143
2021-06-28,8805,1,6501,0,2304,1,7312,1,67352,16,74664,17,0,175,1,8,0,8622,0,232,176,"Anderson",76978,10.3925796980956,0.0194552529182879,22.0842318584531,1.29907246226194,10.3925796980956,1.94552529182879
2021-06-29,8808,3,6504,3,2304,0,7315,3,67411,59,74726,62,0,175,2,10,1,8623,0,232,176,"Anderson",76978,9.09350723583361,0.0288808664259928,80.5424926602406,3.89721738678583,12.9907246226195,2.88808664259928
2021-06-30,8808,0,6504,0,2304,0,7315,0,67457,46,74772,46,0,175,-1,9,1,8624,0,232,176,"Anderson",76978,7.79443477357167,0.0255474452554745,59.7573332640495,0,11.6916521603575,2.55474452554745
2021-07-01,8809,1,6505,1,2304,0,7316,1,67494,37,74810,38,0,175,1,10,0,8624,0,232,176,"Anderson",76978,9.09350723583361,0.0263157894736842,49.3647535659539,1.29907246226194,12.9907246226195,2.63157894736842
2021-07-02,8809,0,6505,0,2304,0,7316,0,67537,43,74853,43,0,175,0,10,0,8624,0,232,176,"Anderson",76978,7.79443477357167,0.0220588235294118,55.8601158772636,0,12.9907246226195,2.20588235294118
2021-07-03,8809,0,6505,0,2304,0,7316,0,67558,21,74874,21,0,175,-1,9,1,8625,0,232,176,"Anderson",76978,6.49536231130972,0.0193050193050193,27.2805217075008,0,11.6916521603575,1.93050193050193
2021-07-04,8810,1,6505,0,2305,1,7317,1,67583,25,74900,26,0,175,0,9,1,8626,0,232,176,"Anderson",76978,7.79443477357167,0.0237154150197628,33.7758840188106,1.29907246226194,11.6916521603575,2.37154150197628
2021-07-05,8810,0,6505,0,2305,0,7318,1,67598,15,74916,16,0,175,-1,8,1,8627,0,232,176,"Anderson",76978,6.49536231130972,0.0238095238095238,20.7851593961911,0,10.3925796980956,2.38095238095238
2021-07-06,8811,1,6505,0,2306,1,7318,0,67628,30,74946,30,1,176,-3,5,3,8630,0,232,176,"Anderson",76978,3.89721738678583,0.0136363636363636,38.9721738678584,1.29907246226194,6.49536231130973,1.36363636363636
2021-07-07,8812,1,6505,0,2307,1,7318,0,67674,46,74992,46,0,176,-2,3,3,8633,0,232,176,"Anderson",76978,5.19628984904778,0.0136363636363636,59.7573332640495,1.29907246226194,3.89721738678583,1.36363636363636
2021-07-08,8813,1,6506,1,2307,0,7319,1,67715,41,75034,42,0,176,-1,2,2,8635,0,232,176,"Anderson",76978,5.19628984904778,0.0133928571428571,54.5610434150017,1.29907246226194,2.59814492452389,1.33928571428571
2021-07-09,8815,2,6507,1,2308,1,7320,1,67759,44,75079,45,0,176,1,3,1,8636,0,232,176,"Anderson",76978,7.79443477357167,0.0176991150442478,58.4582608017875,2.59814492452389,3.89721738678583,1.76991150442478
2021-07-10,8817,2,6508,1,2309,1,7321,1,67781,22,75102,23,0,176,2,5,0,8636,1,233,176,"Anderson",76978,10.3925796980956,0.0219298245614035,29.8786666320247,2.59814492452389,6.49536231130973,2.19298245614035
2021-07-11,8817,0,6508,0,2309,0,7321,0,67796,15,75117,15,0,176,0,5,0,8636,0,233,176,"Anderson",76978,9.09350723583361,0.0184331797235023,19.4860869339292,0,6.49536231130973,1.84331797235023
2021-07-12,8825,8,6512,4,2313,4,7325,4,67832,36,75157,40,0,176,7,12,1,8637,1,234,176,"Anderson",76978,19.4860869339292,0.029045643153527,51.9628984904778,10.3925796980956,15.5888695471433,2.9045643153527
2021-07-13,8826,1,6512,0,2314,1,7325,0,67853,21,75178,21,0,176,0,12,1,8638,0,234,177,"Anderson",76978,19.4860869339292,0.0301724137931034,27.2805217075008,1.29907246226194,15.5888695471433,3.01724137931034
2021-07-14,8831,5,6516,4,2315,1,7330,5,67907,54,75237,59,0,176,5,17,0,8638,1,235,177,"Anderson",76978,24.682376782977,0.0489795918367347,76.6452752734548,6.49536231130973,22.0842318584531,4.89795918367347
2021-07-15,8834,3,6519,3,2315,0,7332,2,67940,33,75272,35,0,176,3,20,0,8638,0,235,177,"Anderson",76978,27.2805217075008,0.0546218487394958,45.4675361791681,3.89721738678583,25.9814492452389,5.46218487394958
2021-07-16,8844,10,6521,2,2323,8,7333,1,67968,28,75301,29,0,176,10,30,0,8638,0,235,177,"Anderson",76978,37.6731014055964,0.0585585585585586,37.6731014055964,12.9907246226195,38.9721738678584,5.85585585585586
2021-07-17,8849,5,6522,1,2327,4,7334,1,68004,36,75338,37,0,176,4,34,1,8639,0,235,177,"Anderson",76978,41.5703187923822,0.0550847457627119,48.065681103692,6.49536231130973,44.1684637169061,5.50847457627119
2021-07-18,8852,3,6524,2,2328,1,7336,2,68024,20,75360,22,0,176,-1,33,4,8643,0,235,177,"Anderson",76978,45.4675361791681,0.0617283950617284,28.5795941697628,3.89721738678583,42.8693912546442,6.17283950617284
2021-07-19,8857,5,6528,4,2329,1,7340,4,68058,34,75398,38,1,177,2,35,2,8645,0,235,177,"Anderson",76978,41.5703187923822,0.0622406639004149,49.3647535659539,6.49536231130973,45.4675361791681,6.22406639004149
2021-07-20,8872,15,6539,11,2333,4,7351,11,68093,35,75444,46,0,177,10,45,5,8650,1,236,177,"Anderson",76978,59.7573332640495,0.0977443609022556,59.7573332640495,19.4860869339292,58.4582608017875,9.77443609022556
2021-07-21,8879,7,6543,4,2336,3,7356,5,68178,85,75534,90,0,177,6,51,1,8651,0,236,178,"Anderson",76978,62.3554781885734,0.0875420875420875,116.916521603575,9.09350723583361,66.2526955753592,8.75420875420875
2021-07-22,8889,10,6548,5,2341,5,7360,4,68234,56,75594,60,0,177,9,60,1,8652,0,236,178,"Anderson",76978,71.448985424407,0.0869565217391304,77.9443477357167,12.9907246226195,77.9443477357167,8.69565217391304
2021-07-23,8899,10,6552,4,2347,6,7365,5,68305,71,75670,76,0,177,10,70,0,8652,0,236,178,"Anderson",76978,71.448985424407,0.0867208672086721,98.7295071319078,12.9907246226195,90.9350723583361,8.67208672086721
2021-07-24,8907,8,6556,4,2351,4,7369,4,68359,54,75728,58,0,177,7,77,1,8653,0,236,179,"Anderson",76978,75.3462028111928,0.0897435897435897,75.3462028111928,10.3925796980956,100.02857959417,8.97435897435897
2021-07-25,8912,5,6559,3,2353,2,7370,1,68381,22,75751,23,0,177,2,79,3,8656,0,236,179,"Anderson",76978,77.9443477357167,0.0869565217391304,29.8786666320247,6.49536231130973,102.626724518694,8.69565217391304
2021-07-26,8935,23,6568,9,2367,14,7378,8,68431,50,75809,58,2,179,13,92,8,8664,0,236,179,"Anderson",76978,101.327652056432,0.0924574209245742,75.3462028111928,29.8786666320247,119.514666528099,9.24574209245742
2021-07-27,8950,15,6573,5,2377,10,7383,5,68484,53,75867,58,0,179,12,104,3,8667,0,236,179,"Anderson",76978,101.327652056432,0.0756501182033097,75.3462028111928,19.4860869339292,135.103536075242,7.56501182033097
2021-07-28,8970,20,6581,8,2389,12,7395,12,68567,83,75962,95,0,179,14,118,6,8673,0,236,179,"Anderson",76978,118.215594065837,0.0911214953271028,123.411883914885,25.9814492452389,153.29055054691,9.11214953271028
2021-07-29,8982,12,6591,10,2391,2,7407,12,68616,49,76023,61,0,179,9,127,3,8676,0,236,179,"Anderson",76978,120.813738990361,0.10955710955711,79.2434201979787,15.5888695471433,164.982202707267,10.955710955711
2021-07-30,9013,31,6611,20,2402,11,7430,23,68665,49,76095,72,0,179,19,146,12,8688,1,237,179,"Anderson",76978,148.094260697862,0.152941176470588,93.53321728286,40.2712463301203,189.664579490244,15.2941176470588
2021-07-31,9026,13,6617,6,2409,7,7436,6,68707,42,76143,48,0,179,8,154,5,8693,0,237,179,"Anderson",76978,154.589623009171,0.16144578313253,62.3554781885734,16.8879420094053,200.05715918834,16.144578313253
2021-08-01,9045,19,6628,11,2417,8,7451,15,68746,39,76197,54,0,179,14,168,5,8698,0,237,179,"Anderson",76978,172.776637480839,0.181614349775785,70.149912962145,24.682376782977,218.244173660007,18.1614349775785
2021-08-02,9056,11,6633,5,2423,6,7456,5,68825,79,76281,84,0,179,3,171,8,8706,0,237,179,"Anderson",76978,157.187767933695,0.165254237288136,109.122086830003,14.2897970848814,222.141391046793,16.5254237288136
2021-08-03,9079,23,6644,11,2435,12,7469,13,68897,72,76366,85,0,179,13,184,10,8716,1,238,179,"Anderson",76978,167.580347631791,0.172344689378758,110.421159292265,29.8786666320247,239.029333056198,17.2344689378758
2021-08-04,9105,26,6666,22,2439,4,7490,21,68999,102,76489,123,0,179,24,208,2,8718,0,238,179,"Anderson",76978,175.374782405363,0.180265654648956,159.785912858219,33.7758840188106,270.207072150485,18.0265654648956
2021-08-05,9135,30,6682,16,2453,14,7506,16,69097,98,76603,114,0,179,13,221,17,8735,1,239,179,"Anderson",76978,198.758086726078,0.170689655172414,148.094260697862,38.9721738678584,287.09501415989,17.0689655172414
2021-08-06,9160,25,6698,16,2462,9,7524,18,69240,143,76764,161,0,179,17,238,8,8743,1,240,179,"Anderson",76978,190.963651952506,0.14050822122571,209.150666424173,32.4768115565486,309.179246018343,14.050822122571
2021-08-07,9173,13,6704,6,2469,7,7531,7,69315,75,76846,82,0,179,5,243,8,8751,0,240,179,"Anderson",76978,190.963651952506,0.135135135135135,106.523941905479,16.8879420094053,315.674608329653,13.5135135135135
2021-08-08,9187,14,6712,8,2475,6,7541,10,69367,52,76908,62,0,179,6,249,8,8759,0,240,179,"Anderson",76978,184.468289641196,0.126582278481013,80.5424926602406,18.1870144716672,323.469043103224,12.6582278481013
2021-08-09,9223,36,6732,20,2491,16,7560,19,69466,99,77026,118,0,179,16,265,20,8779,0,240,179,"Anderson",76978,216.945101197745,0.139597315436242,153.29055054691,46.76660864143,344.254202499415,13.9597315436242
2021-08-10,9262,39,6752,20,2510,19,7580,20,69566,100,77146,120,0,179,20,285,19,8798,2,242,179,"Anderson",76978,237.730260593936,0.142307692307692,155.888695471433,50.6638260282159,370.235651744654,14.2307692307692
2021-08-11,9316,54,6776,24,2540,30,7609,29,69698,132,77307,161,0,179,30,315,24,8822,1,243,179,"Anderson",76978,274.10428953727,0.145476772616137,209.150666424173,70.149912962145,409.207825612513,14.5476772616137
2021-08-12,9364,48,6810,34,2554,14,7646,37,69866,168,77512,205,0,179,27,342,21,8843,0,243,181,"Anderson",76978,297.487593857985,0.154015401540154,266.309854763699,62.3554781885734,444.282782093585,15.4015401540154
2021-08-13,9428,64,6844,34,2584,30,7684,38,69980,114,77664,152,2,181,45,387,17,8860,1,244,181,"Anderson",76978,348.151419886201,0.177777777777778,197.459014263816,83.1406375847645,502.741042895373,17.7777777777778
2021-08-14,9478,50,6879,35,2599,15,7716,32,70166,186,77882,218,0,181,29,416,21,8881,0,244,181,"Anderson",76978,396.217100989893,0.178571428571429,283.197796773104,64.9536231130973,540.414144300969,17.8571428571429
2021-08-15,9501,23,6891,12,2610,11,7731,15,70255,89,77986,104,0,181,16,432,7,8888,0,244,181,"Anderson",76978,407.908753150251,0.176252319109462,135.103536075242,29.8786666320247,561.19930369716,17.6252319109462
2021-08-16,9539,38,6915,24,2624,14,7755,24,70344,89,78099,113,0,181,11,443,27,8915,0,244,182,"Anderson",76978,410.506898074775,0.181733457595527,146.7951882356,49.3647535659539,575.489100782042,18.1733457595527
2021-08-17,9582,43,6936,21,2646,22,7780,25,70452,108,78232,133,1,182,14,457,28,8943,0,244,182,"Anderson",76978,415.703187923822,0.184162062615101,172.776637480839,55.8601158772636,593.676115253709,18.4162062615101
2021-08-18,9634,52,6963,27,2671,25,7811,31,70564,112,78375,143,0,182,16,473,36,8979,0,244,182,"Anderson",76978,413.105042999299,0.189138576779026,185.767362103458,67.5517680376211,614.4612746499,18.9138576779026
2021-08-19,9708,74,6993,30,2715,44,7846,35,70716,152,78562,187,0,182,49,522,25,9004,0,244,182,"Anderson",76978,446.880927018109,0.19047619047619,242.926550442984,96.1313622073839,678.115825300735,19.047619047619
2021-08-20,9767,59,7032,39,2735,20,7889,43,70910,194,78799,237,0,182,26,548,33,9037,2,246,182,"Anderson",76978,440.385564706799,0.180616740088106,307.880173556081,76.6452752734548,711.891709319546,18.0616740088106
2021-08-21,9849,82,7065,33,2784,49,7923,34,71184,274,79107,308,0,182,62,610,20,9057,1,247,182,"Anderson",76978,481.955883499182,0.168979591836735,400.114318376679,106.523941905479,792.434201979786,16.8979591836735
2021-08-22,9872,23,7086,21,2786,2,7951,28,71340,156,79291,184,0,182,-2,608,25,9082,0,247,182,"Anderson",76978,481.955883499182,0.168582375478927,239.029333056198,29.8786666320247,789.836057055263,16.8582375478927
2021-08-23,9920,48,7100,14,2820,34,7968,17,71475,135,79443,152,0,182,-4,604,52,9134,2,249,183,"Anderson",76978,494.946608121801,0.158482142857143,197.459014263816,62.3554781885734,784.639767206215,15.8482142857143
2021-08-24,9964,44,7126,26,2838,18,7992,24,71561,86,79553,110,1,183,-23,581,66,9200,0,249,184,"Anderson",76978,496.245680584063,0.160484481453444,142.897970848814,57.1591883395256,754.76110057419,16.0484481453444
2021-08-25,10035,71,7152,26,2883,45,8014,22,71605,44,79619,66,0,183,15,596,56,9256,1,250,184,"Anderson",76978,520.92805736704,0.163183279742765,85.7387825092884,92.2341448205981,774.247187508119,16.3183279742765
2021-08-26,10103,68,7188,36,2915,32,8058,44,71777,172,79835,216,1,184,15,611,52,9308,1,251,184,"Anderson",76978,513.133622593468,0.166535742340927,280.59965184858,88.3369274338123,793.733274442048,16.6535742340927
2021-08-27,10177,74,7242,54,2935,20,8119,61,71954,177,80073,238,0,184,28,639,46,9354,0,251,184,"Anderson",76978,532.619709527397,0.180533751962323,309.179246018343,96.1313622073839,830.107303385383,18.0533751962323
2021-08-28,10236,59,7274,32,2962,27,8158,39,72158,204,80316,243,0,184,32,671,27,9381,0,251,184,"Anderson",76978,502.741042895373,0.194375516956162,315.674608329653,76.6452752734548,871.677622177765,19.4375516956162
2021-08-29,10300,64,7323,49,2977,15,8212,54,72369,211,80581,265,0,184,38,709,26,9407,1,252,185,"Anderson",76978,556.003013848112,0.202325581395349,344.254202499415,83.1406375847645,921.042375743719,20.2325581395349
2021-08-30,10371,71,7369,46,3002,25,8260,48,72595,226,80855,274,0,184,5,714,66,9473,3,255,185,"Anderson",76978,585.881680480137,0.206798866855524,355.945854659773,92.2341448205981,927.537738055029,20.6798866855524
2021-08-31,10505,134,7451,82,3054,52,8347,87,72852,257,81199,344,0,184,48,762,86,9559,0,255,185,"Anderson",76978,702.798202083712,0.215674362089915,446.880927018109,174.075709943101,989.893216243602,21.5674362089915
2021-09-01,10536,31,7473,22,3063,9,8371,24,72943,91,81314,115,0,184,-16,746,47,9606,0,255,186,"Anderson",76978,650.835303593234,0.210619469026549,149.393333160124,40.2712463301203,969.108056847411,21.0619469026549
2021-09-02,10595,59,7499,26,3096,33,8400,29,73043,100,81443,129,1,185,-10,736,68,9674,0,255,186,"Anderson",76978,639.143651432877,0.212686567164179,167.580347631791,76.6452752734548,956.117332224792,21.2686567164179
2021-09-03,10624,29,7516,17,3108,12,8418,18,73116,73,81534,91,0,185,-35,701,64,9738,0,255,186,"Anderson",76978,580.685390631089,0.204654346338125,118.215594065837,37.6731014055964,910.649796045623,20.4654346338125
2021-09-04,10731,107,7586,70,3145,37,8495,77,73437,321,81932,398,0,185,81,782,26,9764,1,256,186,"Anderson",76978,643.040868819663,0.208539603960396,517.030839980254,139.000753462028,1015.87466548884,20.8539603960396
2021-09-05,10843,112,7660,74,3183,38,8570,75,73741,304,82311,379,0,185,80,862,32,9796,1,257,187,"Anderson",76978,705.396347008236,0.206936416184971,492.348463197277,145.496115773338,1119.8004624698,20.6936416184971
2021-09-06,10958,115,7737,77,3221,38,8657,87,74148,407,82805,494,0,185,5,867,110,9906,2,259,188,"Anderson",76978,762.555535347762,0.203589743589744,641.741796357401,149.393333160124,1126.29582478111,20.3589743589744
2021-09-07,10995,37,7757,20,3238,17,8675,18,74247,99,82922,117,0,185,-76,791,113,10019,0,259,188,"Anderson",76978,636.545506508353,0.190365641323273,151.991478084648,48.065681103692,1027.5663176492,19.0365641323273
2021-09-08,11036,41,7788,31,3248,10,8707,32,74354,107,83061,139,0,185,-61,730,102,10121,1,260,191,"Anderson",76978,649.536231130973,0.192329708070979,180.57107225441,53.2619709527397,948.32289745122,19.2329708070979
2021-09-09,11094,58,7809,21,3285,37,8725,18,74560,206,83285,224,0,185,-44,686,102,10223,1,261,193,"Anderson",76978,648.237158668711,0.176438653637351,290.992231546676,75.3462028111928,891.163709111694,17.6438653637351
2021-09-10,11246,152,7882,73,3364,79,8806,81,74853,293,83659,374,1,186,64,750,87,10310,1,262,194,"Anderson",76978,808.02307152693,0.182588235294118,485.853100885967,197.459014263816,974.304346696459,18.2588235294118
2021-09-11,11358,112,7945,63,3413,49,8875,69,75199,346,84074,415,0,186,79,829,33,10343,1,263,194,"Anderson",76978,814.51843383824,0.177404295051354,539.115071838707,145.496115773338,1076.93107121515,17.7404295051354
2021-09-12,11396,38,7977,32,3419,6,8910,35,75342,143,84252,178,0,186,7,836,31,10374,4,267,194,"Anderson",76978,718.387071630856,0.175167439464194,231.234898282626,49.3647535659539,1086.02457845099,17.5167439464194
2021-09-13,11483,87,8010,33,3473,54,8944,34,75472,130,84416,164,4,190,-44,792,127,10501,3,270,194,"Anderson",76978,682.013042687521,0.178150217256363,213.047883810959,113.019304216789,1028.86539011146,17.8150217256363
2021-09-14,11543,60,8040,30,3503,30,8979,35,75631,159,84610,194,1,191,-47,745,106,10607,1,271,194,"Anderson",76978,711.891709319546,0.180094786729858,252.020057678817,77.9443477357167,967.808984385149,18.0094786729858
2021-09-15,11584,41,8056,16,3528,25,8993,14,75692,61,84685,75,0,191,-37,708,78,10685,1,272,195,"Anderson",76978,711.891709319546,0.176108374384236,97.4304346696459,53.2619709527397,919.743303281457,17.6108374384236
2021-09-16,11670,86,8108,52,3562,34,9049,56,75914,222,84963,278,0,191,24,732,62,10747,1,273,195,"Anderson",76978,748.26573826288,0.193087008343266,361.142144508821,111.720231754527,950.921042375744,19.3087008343266
2021-09-17,11743,73,8149,41,3594,32,9086,37,76077,163,85163,200,0,191,16,748,57,10804,1,274,199,"Anderson",76978,645.639013744187,0.186170212765957,259.814492452389,94.832289745122,971.706201771935,18.6170212765957
2021-09-18,11795,52,8179,30,3616,22,9119,33,76231,154,85350,187,0,191,10,758,42,10846,1,275,200,"Anderson",76978,567.69466600847,0.191222570532915,242.926550442984,67.5517680376211,984.696926394554,19.1222570532915
2021-09-19,11818,23,8188,9,3630,14,9129,10,76299,68,85428,78,0,191,-10,748,33,10879,0,275,200,"Anderson",76978,548.208579074541,0.186224489795918,101.327652056432,29.8786666320247,971.706201771935,18.6224489795918
2021-09-20,11881,63,8222,34,3659,29,9165,36,76485,186,85650,222,0,191,30,778,33,10912,2,277,200,"Anderson",76978,517.030839980254,0.179092382495948,288.394086622152,81.8415651225025,1010.67837563979,17.9092382495948
2021-09-21,11935,54,8248,26,3687,28,9189,24,76603,118,85792,142,0,191,-67,711,121,11033,1,278,201,"Anderson",76978,509.236405206682,0.177664974619289,184.468289641196,70.149912962145,923.640520668243,17.7664974619289
2021-09-22,11986,51,8281,33,3705,18,9229,40,76875,272,86104,312,0,191,-40,671,91,11124,0,278,202,"Anderson",76978,522.227129829302,0.16631430584919,405.310608225727,66.2526955753592,871.677622177765,16.631430584919
2021-09-23,12061,75,8329,48,3732,27,9280,51,77083,208,86363,259,2,193,-13,658,86,11210,1,279,202,"Anderson",76978,507.93733274442,0.165,336.459767725844,97.4304346696459,854.78968016836,16.5
2021-09-24,12102,41,8350,21,3752,20,9305,25,77223,140,86528,165,2,195,-17,641,56,11266,1,280,204,"Anderson",76978,466.367013952038,0.16043956043956,214.346956273221,53.2619709527397,832.705448309907,16.043956043956
2021-09-25,12112,10,8354,4,3758,6,9311,6,77318,95,86629,101,0,195,-38,603,48,11314,0,280,204,"Anderson",76978,411.805970537037,0.150117279124316,131.206318688456,12.9907246226195,783.340694743953,15.0117279124316
2021-09-26,12130,18,8369,15,3761,3,9329,18,77455,137,86784,155,1,196,-12,591,29,11343,0,280,204,"Anderson",76978,405.310608225727,0.147492625368732,201.356231650601,23.383304320715,767.751825196809,14.7492625368732
2021-09-27,12180,50,8390,21,3790,29,9351,22,77541,86,86892,108,1,197,-45,546,94,11437,1,281,205,"Anderson",76978,388.422666216322,0.14975845410628,140.29982592429,64.9536231130973,709.293564395022,14.975845410628
2021-09-28,12229,49,8414,24,3815,25,9378,27,77636,95,87014,122,0,197,-25,521,74,11511,1,282,205,"Anderson",76978,381.927303905012,0.154664484451718,158.486840395957,63.6545506508353,676.816752838473,15.4664484451718
2021-09-29,12265,36,8430,16,3835,20,9395,17,77827,191,87222,208,2,199,-36,485,70,11581,0,282,207,"Anderson",76978,362.441216971083,0.148479427549195,270.207072150485,46.76660864143,630.050144197043,14.8479427549195
2021-09-30,12327,62,8468,38,3859,24,9435,40,77999,172,87434,212,0,199,1,486,61,11642,1,283,208,"Anderson",76978,345.553274961677,0.144724556489262,275.403361999532,80.5424926602406,631.349216659305,14.4724556489262
2021-10-01,12378,51,8495,27,3883,24,9464,29,78150,151,87614,180,0,199,-12,474,63,11705,1,284,209,"Anderson",76978,358.543999584297,0.146408839779006,233.83304320715,66.2526955753592,615.760347112162,14.6408839779006
2021-10-02,12396,18,8502,7,3894,11,9470,6,78230,80,87700,86,1,200,-9,465,26,11731,0,284,209,"Anderson",76978,368.936579282392,0.148459383753501,111.720231754527,23.383304320715,604.068694951804,14.8459383753501
2021-10-03,12409,13,8511,9,3898,4,9479,9,78328,98,87807,107,4,204,-9,456,18,11749,0,284,209,"Anderson",76978,362.441216971083,0.146627565982405,139.000753462028,16.8879420094053,592.377042791447,14.6627565982405
2021-10-04,12454,45,8533,22,3921,23,9505,26,78448,120,87953,146,1,205,-21,435,65,11814,0,284,211,"Anderson",76978,355.945854659773,0.145146088595664,189.664579490244,58.4582608017875,565.096521083946,14.5146088595664
2021-10-05,12505,51,8560,27,3945,24,9535,30,78576,128,88111,158,2,207,-17,418,66,11880,0,284,212,"Anderson",76978,358.543999584297,0.143117593436645,205.253449037387,66.2526955753592,543.012289225493,14.3117593436645
2021-10-06,12535,30,8583,23,3952,7,9561,26,78741,165,88302,191,1,208,-6,412,35,11915,0,284,213,"Anderson",76978,350.749564810725,0.153703703703704,248.122840292031,38.9721738678584,535.217854451921,15.3703703703704
2021-10-07,12567,32,8605,22,3962,10,9586,25,78881,140,88467,165,0,208,-9,403,41,11956,0,284,215,"Anderson",76978,311.777390942867,0.146176185866409,214.346956273221,41.5703187923822,523.526202291564,14.6176185866409
2021-10-08,12583,16,8609,4,3974,12,9596,10,79011,130,88607,140,1,209,-16,387,31,11987,1,285,215,"Anderson",76978,266.309854763699,0.132930513595166,181.870144716672,20.7851593961911,502.741042895373,13.2930513595166
2021-10-09,12598,15,8612,3,3986,12,9603,7,79073,62,88676,69,0,209,-11,376,26,12013,0,285,216,"Anderson",76978,262.412637376913,0.136270491803279,89.6359998960742,19.4860869339292,488.451245810491,13.6270491803279
2021-10-10,12608,10,8620,8,3988,2,9612,9,79160,87,88772,96,0,209,-16,360,26,12039,0,285,216,"Anderson",76978,258.515419990127,0.137823834196891,124.710956377147,12.9907246226195,467.6660864143,13.7823834196891
2021-10-11,12649,41,8633,13,4016,28,9625,13,79261,101,88886,114,0,209,-11,349,52,12091,1,286,216,"Anderson",76978,253.319130141079,0.128617363344051,148.094260697862,53.2619709527397,453.376289329419,12.8617363344051
2021-10-12,12684,35,8657,24,4027,11,9647,22,79360,99,89007,121,2,211,-8,341,41,12132,1,287,216,"Anderson",76978,232.533970744888,0.125,157.187767933695,45.4675361791681,442.983709631323,12.5
2021-10-13,12710,26,8671,14,4039,12,9665,18,79472,112,89137,130,0,211,-12,329,38,12170,0,287,218,"Anderson",76978,227.33768089584,0.124550898203593,168.879420094053,33.7758840188106,427.39484008418,12.4550898203593
2021-10-14,12729,19,8681,10,4048,9,9679,14,79575,103,89254,117,1,212,-21,308,39,12209,0,287,218,"Anderson",76978,210.449738886435,0.118170266836086,151.991478084648,24.682376782977,400.114318376679,11.8170266836086
2021-10-15,12752,23,8693,12,4059,11,9692,13,79697,122,89389,135,0,212,-11,297,34,12243,1,288,218,"Anderson",76978,219.543246122269,0.122762148337596,175.374782405363,29.8786666320247,385.824521291798,12.2762148337596
2021-10-16,12760,8,8698,5,4062,3,9699,7,79752,55,89451,62,0,212,-13,284,21,12264,0,288,218,"Anderson",76978,210.449738886435,0.123870967741935,80.5424926602406,10.3925796980956,368.936579282392,12.3870967741935
2021-10-17,12762,2,8699,1,4063,1,9700,1,79803,51,89503,52,0,212,-9,275,11,12275,0,288,218,"Anderson",76978,200.05715918834,0.120383036935705,67.5517680376211,2.59814492452389,357.244927122035,12.0383036935705
2021-10-18,12785,23,8708,9,4077,14,9710,10,79871,68,89581,78,1,213,-27,248,49,12324,1,289,218,"Anderson",76978,176.673854867625,0.122302158273381,101.327652056432,29.8786666320247,322.169970640962,12.2302158273381
2021-10-19,12814,29,8721,13,4093,16,9721,11,79982,111,89703,122,2,215,-16,232,43,12367,0,289,218,"Anderson",76978,168.879420094053,0.10632183908046,158.486840395957,37.6731014055964,301.384811244771,10.632183908046
2021-10-20,12848,34,8746,25,4102,9,9750,29,80093,111,89843,140,0,215,9,241,25,12392,1,290,218,"Anderson",76978,179.271999792148,0.120396600566572,181.870144716672,44.1684637169061,313.076463405129,12.0396600566572
2021-10-21,12880,32,8764,18,4116,14,9768,18,80186,93,89954,111,0,215,10,251,22,12414,0,290,219,"Anderson",76978,196.159941801554,0.127142857142857,144.197043311076,41.5703187923822,326.067188027748,12.7142857142857
2021-10-22,12889,9,8770,6,4119,3,9776,8,80262,76,90038,84,0,215,-22,229,31,12445,1,291,219,"Anderson",76978,177.972927329886,0.129429892141757,109.122086830003,11.6916521603575,297.487593857985,12.9429892141757
2021-10-23,12906,17,8774,4,4132,13,9780,4,80315,53,90095,57,0,215,5,234,12,12457,0,291,219,"Anderson",76978,189.664579490244,0.125776397515528,74.0471303489309,22.0842318584531,303.982956169295,12.5776397515528
2021-10-24,12912,6,8779,5,4133,1,9787,7,80367,52,90154,59,0,215,-11,223,17,12474,0,291,219,"Anderson",76978,194.860869339292,0.133640552995392,76.6452752734548,7.79443477357167,289.693159084414,13.3640552995392
2021-10-25,12935,23,8792,13,4143,10,9801,14,80438,71,90239,85,1,216,-12,211,34,12508,1,292,219,"Anderson",76978,194.860869339292,0.138297872340426,110.421159292265,29.8786666320247,274.10428953727,13.8297872340426
2021-10-26,12947,12,8798,6,4149,6,9807,6,80502,64,90309,70,0,216,-6,205,18,12526,0,292,220,"Anderson",76978,172.776637480839,0.141914191419142,90.9350723583361,15.5888695471433,266.309854763699,14.1914191419142
2021-10-27,12965,18,8808,10,4157,8,9820,13,80623,121,90443,134,1,217,-6,199,23,12549,1,293,221,"Anderson",76978,151.991478084648,0.116666666666667,174.075709943101,23.383304320715,258.515419990127,11.6666666666667
2021-10-28,12987,22,8822,14,4165,8,9837,17,80705,82,90542,99,1,218,5,204,16,12565,0,293,222,"Anderson",76978,139.000753462028,0.11734693877551,128.608173763933,28.5795941697628,265.010782301437,11.734693877551
2021-10-29,13008,21,8832,10,4176,11,9849,12,80819,114,90668,126,0,218,7,211,14,12579,0,293,222,"Anderson",76978,154.589623009171,0.115873015873016,163.683130245005,27.2805217075008,274.10428953727,11.5873015873016
2021-10-30,13020,12,8834,2,4186,10,9854,5,80906,87,90760,92,0,218,2,213,10,12589,0,293,222,"Anderson",76978,148.094260697862,0.111278195488722,119.514666528099,15.5888695471433,276.702434461794,11.1278195488722
2021-10-31,13023,3,8836,2,4187,1,9857,3,80945,39,90802,42,0,218,-9,204,12,12601,0,293,222,"Anderson",76978,144.197043311076,0.108024691358025,54.5610434150017,3.89721738678583,265.010782301437,10.8024691358025
2021-11-01,13050,27,8840,4,4210,23,9861,4,81033,88,90894,92,1,219,-13,191,39,12640,1,294,223,"Anderson",76978,149.393333160124,0.0916030534351145,119.514666528099,35.0749564810725,248.122840292031,9.16030534351145
2021-11-02,13070,20,8845,5,4225,15,9866,5,81109,76,90975,81,2,221,-3,188,21,12661,0,294,223,"Anderson",76978,159.785912858219,0.0885885885885886,105.224869443218,25.9814492452389,244.225622905246,8.85885885885886
2021-11-03,13099,29,8862,17,4237,12,9883,17,81309,200,91192,217,1,222,6,194,22,12683,0,294,223,"Anderson",76978,174.075709943101,0.0841121495327103,281.898724310842,37.6731014055964,252.020057678817,8.41121495327103
2021-11-04,13121,22,8877,15,4244,7,9899,16,81442,133,91341,149,0,222,4,198,18,12701,0,294,223,"Anderson",76978,174.075709943101,0.0775969962453066,193.56179687703,28.5795941697628,257.216347527865,7.75969962453066
2021-11-05,13131,10,8879,2,4252,8,9900,1,81564,122,91464,123,0,222,1,199,9,12710,0,294,223,"Anderson",76978,159.785912858219,0.064070351758794,159.785912858219,12.9907246226195,258.515419990127,6.4070351758794
2021-11-06,13140,9,8883,4,4257,5,9905,5,81651,87,91556,92,0,222,-1,198,10,12720,1,295,224,"Anderson",76978,155.888695471433,0.064070351758794,119.514666528099,11.6916521603575,257.216347527865,6.4070351758794
2021-11-07,13146,6,8888,5,4258,1,9911,6,81699,48,91610,54,0,222,0,198,6,12726,0,295,224,"Anderson",76978,159.785912858219,0.0668316831683168,70.149912962145,7.79443477357167,257.216347527865,6.68316831683168
2021-11-08,13171,25,8899,11,4272,14,9924,13,81787,88,91711,101,1,223,1,199,23,12749,0,295,224,"Anderson",76978,157.187767933695,0.0771113831089351,131.206318688456,32.4768115565486,258.515419990127,7.71113831089351
2021-11-09,13195,24,8905,6,4290,18,9930,6,81945,158,91875,164,1,224,2,201,21,12770,0,295,225,"Anderson",76978,162.384057782743,0.0711111111111111,213.047883810959,31.1777390942867,261.113564914651,7.11111111111111
2021-11-10,13214,19,8916,11,4298,8,9943,13,82061,116,92004,129,0,224,3,204,16,12786,0,295,226,"Anderson",76978,149.393333160124,0.0738916256157636,167.580347631791,24.682376782977,265.010782301437,7.38916256157635
2021-11-11,13236,22,8932,16,4304,6,9960,17,82251,190,92211,207,0,224,1,205,21,12807,0,295,227,"Anderson",76978,149.393333160124,0.0701149425287356,268.907999688223,28.5795941697628,266.309854763699,7.01149425287356
2021-11-12,13249,13,8939,7,4310,6,9968,8,82384,133,92352,141,0,224,1,206,12,12819,0,295,227,"Anderson",76978,153.29055054691,0.0765765765765766,183.169217178934,16.8879420094053,267.608927225961,7.65765765765766
2021-11-13,13256,7,8943,4,4313,3,9972,4,82435,51,92407,55,3,227,-12,194,16,12835,1,296,227,"Anderson",76978,150.692405622386,0.0787309048178613,71.448985424407,9.09350723583361,252.020057678817,7.87309048178613
2021-11-14,13259,3,8945,2,4314,1,9975,3,82514,79,92489,82,0,227,-2,192,5,12840,0,296,227,"Anderson",76978,146.7951882356,0.0728100113765643,106.523941905479,3.89721738678583,249.421912754293,7.28100113765643
2020-03-12,1,1,1,1,0,0,1,1,11,11,12,12,NA,NA,NA,NA,0,0,0,0,0,"East TN",2455501,NA,NA,0.488698640318208,0.040724886693184,NA,NA
2020-03-13,1,0,1,0,0,0,1,0,23,12,24,12,NA,NA,NA,NA,0,0,0,0,0,"East TN",2455501,NA,NA,0.488698640318208,0,NA,NA
2020-03-14,3,2,3,2,0,0,3,2,51,28,54,30,NA,NA,NA,NA,0,0,0,0,0,"East TN",2455501,NA,NA,1.22174660079552,0.081449773386368,NA,NA
2020-03-15,3,0,3,0,0,0,3,0,54,3,57,3,NA,NA,NA,NA,0,0,0,0,0,"East TN",2455501,NA,NA,0.122174660079552,0,NA,NA
2020-03-16,5,2,5,2,0,0,5,2,90,36,95,38,NA,NA,NA,NA,0,0,0,0,0,"East TN",2455501,NA,NA,1.54754569434099,0.081449773386368,NA,NA
2020-03-17,6,1,6,1,0,0,5,0,131,41,136,41,NA,NA,NA,NA,0,0,0,0,0,"East TN",2455501,NA,NA,1.66972035442054,0.040724886693184,NA,NA
2020-03-18,8,2,8,2,0,0,7,2,171,40,178,42,NA,NA,NA,NA,0,0,0,0,0,"East TN",2455501,0.325799093545472,0.0393258426966292,1.71044524111373,0.081449773386368,NA,3.93258426966292
2020-03-19,11,3,11,3,0,0,11,4,238,67,249,71,NA,NA,NA,NA,0,0,0,0,0,"East TN",2455501,0.40724886693184,0.0421940928270042,2.89146695521606,0.122174660079552,NA,4.21940928270042
2020-03-20,29,18,29,18,0,0,27,16,382,144,409,160,NA,NA,NA,NA,3,3,2,2,0,"East TN",2455501,1.14029682740915,0.0675324675324675,6.51598187090944,0.733047960477312,NA,6.75324675324675
2020-03-21,38,9,38,9,0,0,38,11,610,228,648,239,NA,NA,NA,NA,3,6,1,3,1,"East TN",2455501,1.42537103426144,0.0589225589225589,9.73324791967098,0.366523980238656,NA,5.89225589225589
2020-03-22,48,10,47,9,1,1,43,5,713,103,756,108,NA,NA,NA,NA,2,8,4,7,2,"East TN",2455501,1.83261990119328,0.0572246065808298,4.39828776286387,0.40724886693184,NA,5.72246065808298
2020-03-23,64,16,63,16,1,0,56,13,846,133,902,146,NA,NA,NA,NA,7,15,4,11,2,"East TN",2455501,2.40276831489786,0.0631970260223048,5.94583345720486,0.651598187090944,NA,6.31970260223048
2020-03-24,83,19,82,19,1,0,70,14,987,141,1057,155,NA,NA,NA,NA,7,22,5,16,2,"East TN",2455501,3.13581627537517,0.0705754614549403,6.31235743744352,0.773772847170496,NA,7.05754614549403
2020-03-25,116,33,115,33,1,0,99,29,1288,301,1387,330,NA,NA,NA,NA,15,37,12,28,3,"East TN",2455501,4.39828776286387,0.076095947063689,13.4392126087507,1.34392126087507,NA,7.6095947063689
2020-03-26,144,28,143,28,1,0,130,31,1774,486,1904,517,NA,NA,NA,NA,15,52,5,33,4,"East TN",2455501,5.41640993019347,0.0719033232628399,21.0547664203761,1.14029682740915,NA,7.19033232628399
2020-03-27,166,22,165,22,1,0,147,17,2171,397,2318,414,NA,NA,NA,NA,17,69,6,39,4,"East TN",2455501,5.57930947696621,0.0628601361969618,16.8601030909782,0.895947507250048,NA,6.28601361969618
2020-03-28,197,31,196,31,1,0,180,33,2608,437,2788,470,NA,NA,NA,NA,12,81,8,47,4,"East TN",2455501,6.47525698421626,0.0663551401869159,19.1406967457965,1.2624714874887,NA,6.63551401869159
2020-03-29,213,16,212,16,1,0,196,16,2795,187,2991,203,NA,NA,NA,NA,27,108,3,50,7,"East TN",2455501,6.71960630437536,0.0684563758389262,8.26715199871635,0.651598187090944,NA,6.84563758389262
2020-03-30,246,33,245,33,1,0,226,30,3345,550,3571,580,NA,NA,NA,NA,33,141,8,58,9,"East TN",2455501,7.41192937815949,0.0636942675159236,23.6204342820467,1.34392126087507,NA,6.36942675159236
2020-03-31,295,49,294,49,1,0,278,52,3645,300,3923,352,NA,NA,NA,NA,39,180,12,70,10,"East TN",2455501,8.63367597895501,0.0725750174459177,14.3351601160008,1.99551944796602,NA,7.25750174459177
2020-04-01,346,51,345,51,1,0,336,58,4243,598,4579,656,NA,NA,NA,NA,36,216,9,79,12,"East TN",2455501,9.36672393943232,0.0742481203007519,26.7155256707287,2.07696922135238,NA,7.42481203007519
2020-04-02,391,45,390,45,1,0,383,47,4839,596,5222,643,2,7,NA,134,34,250,5,84,14,"East TN",2455501,10.0590470132164,0.0762507534659433,26.1861021437173,1.83261990119328,5.45713481688666,7.62507534659433
2020-04-03,412,21,411,21,1,0,401,18,5124,285,5525,303,1,8,-13,121,33,283,2,86,17,"East TN",2455501,10.0183221265233,0.0792017461802308,12.3396406680348,0.855222620556864,4.92771128987526,7.92017461802307
2020-04-04,447,35,446,35,1,0,431,30,5716,592,6147,622,3,11,0,121,32,315,5,91,19,"East TN",2455501,10.181221673296,0.0747246204227449,25.3308795231604,1.42537103426144,4.92771128987526,7.47246204227449
2020-04-05,473,26,472,26,1,0,464,33,6093,377,6557,410,-1,10,1,122,26,341,2,93,20,"East TN",2455501,10.5884705402278,0.0751542344363432,16.6972035442054,1.05884705402278,4.96843617656845,7.51542344363432
2020-04-06,514,41,513,41,1,0,514,50,6626,533,7140,583,8,18,0,122,33,374,5,98,20,"East TN",2455501,10.9142696337733,0.080694872513309,23.7426089421263,1.66972035442054,4.96843617656845,8.06948725133091
2020-04-07,570,56,569,56,1,0,592,78,7755,1129,8347,1207,0,18,19,141,37,411,7,105,21,"East TN",2455501,11.1993438406256,0.0709764918625678,49.1549382386731,2.2805936548183,5.74220902373894,7.09764918625678
2020-04-08,607,37,606,37,1,0,632,40,8162,407,8794,447,1,19,4,145,32,443,8,113,25,"East TN",2455501,10.629195426921,0.0702253855278766,18.2040243518532,1.50682080764781,5.90510857051168,7.02253855278766
2020-04-09,633,26,632,26,1,0,662,30,8613,451,9275,481,3,22,3,148,20,463,2,115,25,"East TN",2455501,9.85542257975053,0.0688378978534419,19.5886704994215,1.05884705402278,6.02728323059123,6.88378978534419
2020-04-10,655,22,654,22,1,0,682,20,8941,328,9623,348,0,22,-7,141,29,492,4,119,25,"East TN",2455501,9.89614746644371,0.0685700341630063,14.172260569228,0.895947507250048,5.74220902373894,6.85700341630063
2020-04-11,679,24,678,24,1,0,728,46,10022,1081,10750,1127,2,24,-5,136,27,519,5,124,27,"East TN",2455501,9.44817371281869,0.0645231370845101,45.8969473032184,0.977397280636416,5.53858459027302,6.45231370845101
2020-04-12,709,30,708,30,1,0,761,33,11472,1450,12233,1483,0,24,18,154,12,531,1,125,28,"East TN",2455501,9.61107325959142,0.0523255813953488,60.3950069659919,1.22174660079552,6.27163255075034,5.23255813953488
2020-04-13,738,29,737,29,1,0,803,42,12435,963,13238,1005,0,24,-2,152,31,562,7,132,32,"East TN",2455501,9.12237461927321,0.0473925877336832,40.9285111266499,1.18102171410234,6.19018277736397,4.73925877336832
2020-04-14,749,11,748,11,1,0,823,20,12720,285,13543,305,4,28,-17,135,24,586,1,133,33,"East TN",2455501,7.28975471807994,0.0444572748267898,12.4210904414211,0.447973753625024,5.49785970357984,4.44572748267898
2020-04-15,773,24,772,24,1,0,850,27,13132,412,13982,439,2,30,-6,129,28,614,4,137,34,"East TN",2455501,6.76033119106854,0.0420200462606014,17.8782252583078,0.977397280636416,5.25351038342074,4.20200462606014
2020-04-16,801,28,800,28,1,0,886,36,13809,677,14695,713,1,31,1,130,26,640,6,143,34,"East TN",2455501,6.84178096445491,0.0413284132841328,29.0368442122402,1.14029682740915,5.29423527011392,4.13284132841328
2020-04-17,823,22,821,21,2,1,916,30,14138,329,15054,359,0,31,-1,129,23,663,3,146,35,"East TN",2455501,6.84178096445491,0.0430859878475419,14.6202343228531,0.895947507250048,5.25351038342074,4.30859878475419
2020-04-18,835,12,833,12,2,0,935,19,14919,781,15854,800,0,31,-11,118,23,686,0,146,35,"East TN",2455501,6.3530823241367,0.0405564263322884,32.5799093545472,0.488698640318208,4.80553662979571,4.05564263322884
2020-04-19,914,79,912,79,2,0,1016,81,15606,687,16622,768,1,32,66,184,12,698,1,147,35,"East TN",2455501,8.34860177210272,0.0580997949419002,31.2767129803653,3.21726604876154,7.49337915154586,5.80997949419002
2020-04-20,939,25,931,19,8,6,1033,17,16569,963,17602,980,0,32,10,194,15,713,2,149,35,"East TN",2455501,8.18570222532998,0.0527039413382218,39.9103889593203,1.0181221673296,7.9006280184777,5.27039413382218
2020-04-21,1045,106,1037,106,8,0,1154,121,19275,2706,20429,2827,0,32,83,277,23,736,6,155,36,"East TN",2455501,12.0545664611825,0.0480685448736567,115.129254681631,4.3168379894775,11.280793614012,4.80685448736567
2020-04-22,1247,202,1237,200,10,2,1354,200,21827,2552,23181,2752,2,34,177,454,23,759,2,157,36,"East TN",2455501,19.3035962925692,0.054788563974345,112.074888179642,8.22642711202317,18.4890985587055,5.4788563974345
2020-04-23,1492,245,1480,243,12,2,1601,247,22934,1107,24535,1354,0,34,236,690,9,768,3,160,36,"East TN",2455501,28.1408967049901,0.0726626016260163,55.1414965825711,9.97759723983008,28.100171818297,7.26626016260163
2020-04-24,1540,48,1527,47,13,1,1655,54,25623,2689,27278,2743,0,34,22,712,26,794,4,164,36,"East TN",2455501,29.1997437590129,0.0604548429319372,111.708364199404,1.95479456127283,28.996119325547,6.04548429319372
2020-04-25,1563,23,1546,19,17,4,1674,19,26398,775,28072,794,0,34,10,722,13,807,3,167,37,"East TN",2455501,29.6477175126379,0.0604845310198068,32.3355600343881,0.936672393943232,29.4033681924788,6.04845310198068
2020-04-26,1583,20,1565,19,18,1,1700,26,27516,1118,29216,1144,0,34,-1,721,21,828,0,167,38,"East TN",2455501,27.2449491977401,0.0543115769414007,46.5892703770025,0.81449773386368,29.3626433057857,5.43115769414007
2020-04-27,1652,69,1633,68,19,1,1772,72,28431,915,30203,987,0,34,50,771,19,847,8,175,39,"East TN",2455501,29.0368442122402,0.058646139195302,40.1954631661726,2.8100171818297,31.3988876404449,5.8646139195302
2020-04-28,1689,37,1667,34,22,3,1812,40,30605,2174,32417,2214,2,36,19,790,16,863,1,176,40,"East TN",2455501,26.2268270304105,0.0548882215548882,90.1648991387094,1.50682080764781,32.1726604876154,5.48882215548882
2020-04-29,1752,63,1729,62,23,1,1878,66,33354,2749,35232,2815,1,37,39,829,23,886,6,182,41,"East TN",2455501,20.5660677800579,0.0434818687245872,114.640556041313,2.56566786167059,33.7609310686495,4.34818687245872
2020-04-30,1774,22,1750,21,24,1,1900,22,33903,549,35803,571,0,37,-1,828,23,909,1,183,41,"East TN",2455501,11.4844180474779,0.0265353212637558,23.2539103018081,0.895947507250048,33.7202061819563,2.65353212637558
2020-05-01,1814,40,1786,36,28,4,1929,29,35565,1662,37494,1691,0,37,-16,812,56,965,0,183,41,"East TN",2455501,11.1586189539324,0.0268206734534064,68.8657833981741,1.62899546772736,33.0686079948654,2.68206734534064
2020-05-02,1835,21,1807,21,28,0,1966,37,37442,1877,39408,1914,0,37,-107,705,128,1093,2,185,41,"East TN",2455501,11.077169180546,0.0257586450247001,77.9474331307542,0.855222620556864,28.7110451186947,2.57586450247001
2020-05-03,1873,38,1840,33,33,5,2003,37,39562,2120,41565,2157,0,37,-20,685,58,1151,3,188,43,"East TN",2455501,11.8102171410234,0.0245363997084784,87.8435805971979,1.54754569434099,27.896547384831,2.45363997084784
2020-05-04,1920,47,1884,44,36,3,2060,57,41508,1946,43568,2003,0,37,-312,373,359,1510,1,189,43,"East TN",2455501,10.9142696337733,0.0215488215488215,81.5719480464475,1.91406967457965,15.1903827365576,2.15488215488215
2020-05-05,1948,28,1911,27,37,1,2092,32,44418,2910,46510,2942,2,39,-45,328,71,1581,1,190,43,"East TN",2455501,10.5477456535347,0.0198680195841907,119.812616651347,1.14029682740915,13.3577628353644,1.98680195841907
2020-05-06,1985,37,1948,37,37,0,2135,43,45462,1044,47597,1087,1,40,7,335,29,1610,0,190,43,"East TN",2455501,9.48889859951187,0.0207844723008492,44.267951835491,1.50682080764781,13.6428370422166,2.07844723008492
2020-05-07,2028,43,1989,41,39,2,2183,48,46853,1391,49036,1439,0,40,19,354,24,1634,4,194,47,"East TN",2455501,10.3441212200687,0.0213859291166024,58.6031119514918,1.75117012780691,14.4166098893871,2.13859291166024
2020-05-08,2047,19,2008,19,39,0,2219,36,48523,1670,50742,1706,1,41,-15,339,33,1667,0,194,48,"East TN",2455501,9.48889859951187,0.0218900966183575,69.4766566985719,0.773772847170496,13.8057365889894,2.18900966183575
2020-05-09,2063,16,2022,14,41,2,2237,18,51342,2819,53579,2837,0,41,-33,306,49,1716,1,195,49,"East TN",2455501,9.28527416604595,0.0191235622045022,115.536503548563,0.651598187090944,12.4618153281143,1.91235622045022
2020-05-10,2079,16,2037,15,42,1,2256,19,53906,2564,56162,2583,1,42,-27,279,42,1758,3,198,49,"East TN",2455501,8.3893266587959,0.0173323285606631,105.192382328494,0.651598187090944,11.3622433873983,1.73323285606631
2020-05-11,2140,61,2097,60,43,1,2307,51,55477,1571,57784,1622,3,45,13,292,45,1803,4,202,51,"East TN",2455501,8.95947507250048,0.0173747889701744,66.0557662163444,2.48421808828422,11.8916669144097,1.73747889701745
2020-05-12,2193,53,2150,53,43,0,2373,66,59032,3555,61405,3621,3,48,30,322,20,1823,3,205,51,"East TN",2455501,9.97759723983008,0.0188653910708291,147.464814716019,2.15841899473875,13.1134135152052,1.88653910708291
2020-05-13,2247,54,2201,51,46,3,2425,52,60657,1625,63082,1677,0,48,18,340,36,1859,7,212,53,"East TN",2455501,10.6699203136142,0.0187278010978366,68.2956349844696,2.19914388143194,13.8464614756826,1.87278010978366
2020-05-14,2278,31,2232,31,46,0,2470,45,62365,1708,64835,1753,1,49,-1,339,31,1890,2,214,54,"East TN",2455501,10.181221673296,0.0181657066902969,71.3907263731516,1.2624714874887,13.8057365889894,1.81657066902969
2020-05-15,2306,28,2260,28,46,0,2507,37,64685,2320,67192,2357,1,50,-21,318,48,1938,4,218,54,"East TN",2455501,10.5477456535347,0.0175075987841945,95.9885579358347,1.14029682740915,12.9505139684325,1.75075987841945
2020-05-16,2316,10,2270,10,46,0,2525,18,67455,2770,69980,2788,1,51,-28,290,37,1975,1,219,54,"East TN",2455501,10.3033963333756,0.0175599048838485,113.540984100597,0.40724886693184,11.8102171410234,1.75599048838485
2020-05-17,2396,80,2350,80,46,0,2604,79,69682,2227,72286,2306,0,51,59,349,21,1996,4,223,56,"East TN",2455501,12.9097890817393,0.0215827338129496,93.9115887144823,3.25799093545472,14.2129854559212,2.15827338129496
2020-05-18,2445,49,2398,48,47,1,2665,61,71560,1878,74225,1939,0,51,8,357,41,2037,3,226,56,"East TN",2455501,12.4210904414211,0.0217748312146463,78.9655552980838,1.99551944796602,14.5387845494667,2.17748312146463
2020-05-19,2486,41,2438,40,48,1,2705,40,72684,1124,75389,1164,1,52,-6,351,46,2083,3,229,56,"East TN",2455501,11.9323918011029,0.0237414187643021,47.4037681108662,1.66972035442054,14.2944352293076,2.37414187643021
2020-05-20,2528,42,2480,42,48,0,2750,45,74424,1740,77174,1785,0,52,13,364,29,2112,3,232,56,"East TN",2455501,11.4436931607847,0.0230627306273063,72.6939227473334,1.71044524111373,14.823858756319,2.30627306273063
2020-05-21,2769,241,2720,240,49,1,2988,238,75886,1462,78874,1700,0,52,211,575,30,2142,4,236,57,"East TN",2455501,19.9959193663533,0.0368972149013463,69.2323073784128,9.81469769305734,23.4168098485808,3.68972149013463
2020-05-22,2860,91,2808,88,52,3,3066,78,77411,1525,80477,1603,0,52,40,615,51,2193,6,242,57,"East TN",2455501,22.5615872280239,0.0420775310500565,65.2819933691739,3.70596468907974,25.0458053163082,4.20775310500565
2020-05-23,2926,66,2870,62,56,4,3157,91,79626,2215,82783,2306,2,54,36,651,28,2221,6,248,58,"East TN",2455501,24.8421808828422,0.0493634304459892,93.9115887144823,2.68784252175014,26.5119012372628,4.93634304459892
2020-05-24,2978,52,2922,52,56,0,3227,70,81746,2120,84973,2190,0,54,26,677,26,2247,0,248,59,"East TN",2455501,23.7018840554331,0.0491053834633877,89.187501858073,2.11769410804557,27.5707482912856,4.91053834633877
2020-05-25,3062,84,3005,83,57,1,3321,94,84396,2650,87717,2744,1,55,42,719,41,2288,2,250,59,"East TN",2455501,25.1272550896945,0.0486214052772013,111.749089086097,3.42089048222746,29.2811935323993,4.86214052772013
2020-05-26,3123,61,3057,52,66,9,3377,56,86782,2386,90159,2442,1,56,15,734,45,2333,3,253,59,"East TN",2455501,25.9417528235582,0.0454976303317536,99.4501733047553,2.48421808828422,29.8920668327971,4.54976303317536
2020-05-27,3199,76,3130,73,69,3,3444,67,88649,1867,92093,1934,0,56,40,774,36,2369,8,261,59,"East TN",2455501,27.3263989711265,0.0465178631275555,78.7619308646179,3.09509138868198,31.5210623005244,4.65178631275555
2020-05-28,3273,74,3204,74,69,0,3511,67,90048,1399,93559,1466,0,56,14,788,60,2429,1,262,59,"East TN",2455501,20.5253428933647,0.0356145726932244,59.7026838922077,3.01364161529562,32.091210714229,3.56145726932244
2020-05-29,3348,75,3278,74,70,1,3594,83,91326,1278,94920,1361,0,56,10,798,65,2494,4,266,59,"East TN",2455501,19.8737447062738,0.0365575019040366,55.4265707894234,3.0543665019888,32.4984595811608,3.65575019040366
2020-05-30,3421,73,3350,72,71,1,3675,81,93571,2245,97246,2326,0,56,-1,797,74,2568,4,270,60,"East TN",2455501,20.1588189131261,0.0358155292816152,94.726086448346,2.97291672860243,32.4577346944676,3.58155292816152
2020-05-31,3533,112,3460,110,73,2,3769,94,96354,2783,100123,2877,0,56,71,868,41,2609,1,271,61,"East TN",2455501,22.6023121147171,0.0357755775577558,117.16549901629,4.56118730963661,35.3492016496837,3.57755775577558
2020-06-01,3629,96,3553,93,76,3,3903,134,100186,3832,104089,3966,0,56,-169,699,265,2874,5,276,61,"East TN",2455501,23.0910107550353,0.0355484974346445,161.514900625168,3.90958912254566,28.4666957985356,3.55484974346445
2020-06-02,3736,107,3658,105,78,2,4018,115,104246,4060,108264,4175,1,57,16,715,90,2964,3,279,65,"East TN",2455501,24.9643555429218,0.0354045843689589,170.026401944043,4.35756287617069,29.1182939856266,3.54045843689589
2020-06-03,3786,50,3708,50,78,0,4068,50,106176,1930,110244,1980,0,57,-65,650,115,3079,4,283,66,"East TN",2455501,23.905508488899,0.0343782711696325,80.6352756525043,2.0362443346592,26.4711763505696,3.43782711696325
2020-06-04,3837,51,3757,49,80,2,4129,61,107724,1548,111853,1609,6,63,-37,613,82,3161,5,288,67,"East TN",2455501,22.9688360949558,0.0337815677271236,65.526342689333,2.07696922135238,24.9643555429218,3.37815677271236
2020-06-05,3936,99,3852,95,84,4,4211,82,109880,2156,114091,2238,1,64,-43,570,141,3302,4,292,68,"East TN",2455501,23.9462333755922,0.0321840279588963,91.1422964193458,4.03176378262522,23.2131854151149,3.21840279588963
2020-06-06,3989,53,3902,50,87,3,4286,75,112985,3105,117271,3180,1,65,-14,556,66,3368,4,296,68,"East TN",2455501,23.1317356417285,0.0305118601747815,129.505139684325,2.15841899473875,22.6430370014103,3.05118601747815
2020-06-07,4047,58,3958,56,89,2,4367,81,116949,3964,121316,4045,0,65,-8,548,66,3434,6,302,69,"East TN",2455501,20.9325917602966,0.0282168640588874,164.732166673929,2.36204342820467,22.3172379078648,2.82168640588874
2020-06-08,4207,160,4114,156,93,4,4524,157,119900,2951,124424,3108,0,65,75,623,85,3519,6,308,69,"East TN",2455501,23.5389845086604,0.0305384804524219,126.572947842416,6.51598187090944,25.3716044098536,3.05384804524219
2020-06-09,4315,108,4221,107,94,1,4642,118,122227,2327,126869,2445,1,66,-35,588,142,3661,7,315,70,"East TN",2455501,23.5797093953535,0.0335393711367912,99.5723479648349,4.39828776286387,23.9462333755922,3.35393711367912
2020-06-10,4392,77,4295,74,97,3,4716,74,125065,2838,129781,2912,0,66,-63,525,140,3801,6,321,70,"East TN",2455501,24.6792813360695,0.0331678353892614,118.590870050552,3.13581627537517,21.3805655139216,3.31678353892614
2020-06-11,4656,264,4557,262,99,2,4996,280,127356,2291,132352,2571,1,67,149,674,114,3915,8,329,70,"East TN",2455501,33.3536822017177,0.0422947460851749,104.703683688176,10.7513700870006,27.448573631206,4.22947460851749
2020-06-12,4827,171,4727,170,100,1,5168,172,129983,2627,135151,2799,2,69,24,698,145,4060,3,332,71,"East TN",2455501,36.2858740436269,0.0454415954415954,113.988957854222,6.96395562453446,28.4259709118424,4.54415954415954
2020-06-13,4975,148,4871,144,104,4,5336,168,132174,2191,137510,2359,0,69,50,748,98,4158,4,336,72,"East TN",2455501,40.1547382794794,0.051880033598498,96.0700077092211,6.02728323059123,30.4622152465016,5.1880033598498
2020-06-14,5091,116,4986,115,105,1,5471,135,136044,3870,141515,4005,0,69,30,778,86,4244,4,340,73,"East TN",2455501,42.5167817076841,0.0546561710975791,163.103171206202,4.72408685640934,31.6839618472971,5.46561710975791
2020-06-15,5274,183,5158,172,116,11,5650,179,139218,3174,144868,3353,0,69,58,836,125,4369,9,349,78,"East TN",2455501,43.4534541016273,0.0550772842887889,136.550545082246,7.45265426485267,34.0460052755018,5.50772842887889
2020-06-16,5428,154,5310,152,118,2,5808,158,141018,1800,146826,1958,3,72,64,900,87,4456,4,353,81,"East TN",2455501,45.3267988895138,0.0584256150724057,79.7393281452543,6.27163255075034,36.6523980238656,5.84256150724057
2020-06-17,5561,133,5440,130,121,3,5930,122,142458,1440,148388,1562,3,75,-6,894,136,4592,6,359,83,"East TN",2455501,47.6073925443321,0.0652442629118074,63.6122730147534,5.41640993019347,36.4080487037065,6.52442629118074
2020-06-18,5739,178,5617,177,122,1,6136,206,146049,3591,152185,3797,1,76,42,936,135,4727,10,369,83,"East TN",2455501,44.1050522887183,0.057479957646347,154.63239477402,7.24902983138675,38.1184939448202,5.7479957646347
2020-06-19,5874,135,5748,131,126,4,6254,118,147513,1464,153767,1582,4,80,22,958,109,4836,12,381,84,"East TN",2455501,42.6389563677636,0.0583369144821659,64.4267707486171,5.49785970357984,39.0144414520703,5.83369144821659
2020-06-20,5940,66,5813,65,127,1,6349,95,149688,2175,156037,2270,0,80,-44,914,110,4946,6,387,84,"East TN",2455501,39.2995156589226,0.0546769579532574,92.4454927935277,2.68784252175014,37.2225464375702,5.46769579532574
2020-06-21,6028,88,5900,87,128,1,6468,119,153038,3350,159506,3469,1,81,0,914,87,5033,3,390,87,"East TN",2455501,38.1592188315134,0.0554165971874826,141.274631938655,3.58379002900019,37.2225464375702,5.54165971874826
2020-06-22,6224,196,6089,189,135,7,6666,198,156448,3410,163114,3608,1,82,43,957,152,5185,7,397,88,"East TN",2455501,38.6886423585248,0.0556834374657459,146.935391189008,7.98207779186406,38.9737165653771,5.56834374657459
2020-06-23,6414,190,6273,184,141,6,6850,184,158253,1805,165103,1989,4,86,57,1014,129,5314,15,412,88,"East TN",2455501,40.1547382794794,0.0570115445642064,81.001799632743,7.73772847170496,41.2950351068886,5.70115445642064
2020-06-24,6592,178,6449,176,143,2,7033,183,159884,1631,166917,1814,2,88,37,1051,139,5453,9,421,88,"East TN",2455501,41.9873581806727,0.0595283069782503,73.8749444614358,7.24902983138675,42.8018559145364,5.95283069782503
2020-06-25,6761,169,6609,160,152,9,7217,184,163058,3174,170275,3358,0,88,22,1073,147,5600,8,429,88,"East TN",2455501,41.620834200434,0.0597567716970702,136.754169515712,6.8825058511481,43.6978034217864,5.97567716970702
2020-06-26,6975,214,6813,204,162,10,7389,172,164647,1589,172036,1761,1,89,67,1140,146,5746,16,445,88,"East TN",2455501,44.8381002491956,0.0621271005528491,71.716525466697,8.71512575234138,46.4263708302298,6.21271005528491
2020-06-27,7049,74,6882,69,167,5,7435,46,164856,209,172291,255,-1,88,-52,1088,127,5873,5,450,90,"East TN",2455501,45.1638993427411,0.0668143226282761,10.3848461067619,3.01364161529562,44.3086767221842,6.68143226282761
2020-06-28,7176,127,7007,125,169,2,7606,171,167945,3089,175551,3260,0,88,30,1118,97,5970,5,455,91,"East TN",2455501,46.7521699237752,0.0709255219694609,132.76313061978,5.17206061003437,45.5304233229797,7.09255219694609
2020-06-29,7519,343,7348,341,171,2,7946,340,173213,5268,181159,5608,1,89,147,1265,195,6165,22,477,92,"East TN",2455501,52.7387282676733,0.0709337766694375,228.385164575376,13.9686361357621,51.5169816668778,7.09337766694375
2020-06-30,7789,270,7614,266,175,4,8394,448,179500,6287,187894,6735,0,89,100,1365,170,6335,22,499,93,"East TN",2455501,55.996719203128,0.0677460401035496,274.282111878594,10.9957194071597,55.5894703361962,6.77460401035496
2020-07-01,8064,275,7886,272,178,3,8728,334,182704,3204,191432,3538,0,89,66,1431,209,6544,17,516,96,"East TN",2455501,59.9470332123668,0.0691413420354885,144.084649120485,11.1993438406256,58.2773128579463,6.91413420354885
2020-07-02,8544,480,8361,475,183,5,9334,606,189087,6383,198421,6989,2,91,314,1745,164,6708,24,540,99,"East TN",2455501,72.6124729739471,0.0752149506146522,284.626233098663,19.5479456127283,71.0649272796061,7.52149506146522
2020-07-03,8770,226,8581,220,189,6,9562,228,192443,3356,202005,3584,5,96,24,1769,197,6905,14,554,100,"East TN",2455501,73.1011716142653,0.0725082585338183,145.957993908371,9.20382439265958,72.0423245602425,7.25082585338183
2020-07-04,8990,220,8799,218,191,2,9842,280,197207,4764,207049,5044,2,98,77,1846,141,7046,14,568,106,"East TN",2455501,79.0470050714701,0.0692502445480177,205.41632848042,8.95947507250048,75.1781408356177,6.92502445480177
2020-07-05,9310,320,9118,319,192,1,10210,368,201055,3848,211265,4216,2,100,163,2009,155,7201,11,579,109,"East TN",2455501,86.9069082032546,0.0729125833006664,171.696122298464,13.0319637418189,81.8162973666066,7.29125833006664
2020-07-06,9544,234,9341,223,203,11,10420,210,202686,1631,213106,1841,4,104,-51,1958,281,7482,26,605,109,"East TN",2455501,82.4678955536976,0.0774407612608383,74.9745164021517,9.52962348620506,79.7393281452543,7.74407612608383
2020-07-07,9992,448,9780,439,212,9,10986,566,208964,6278,219950,6844,0,104,159,2117,289,7771,31,636,110,"East TN",2455501,89.7169253850844,0.080858497629149,278.721124528151,18.2447492385464,86.2145851294705,8.0858497629149
2020-07-08,10373,381,10151,371,222,10,11420,434,213136,4172,224556,4606,1,105,61,2178,319,8090,20,656,110,"East TN",2455501,94.0337633745619,0.0812703779736747,187.578828108805,15.5161818301031,88.6988032177547,8.12703779736747
2020-07-09,10822,449,10586,435,236,14,11892,472,219086,5950,230978,6422,1,106,149,2327,299,8389,24,680,113,"East TN",2455501,92.7712918870731,0.078569892803391,261.535222343628,18.2854741252396,94.7668113350392,7.8569892803391
2020-07-10,11289,467,11041,455,248,12,12345,453,222370,3284,234715,3737,0,106,141,2468,326,8715,27,707,115,"East TN",2455501,102.58598958013,0.0850810149801284,152.188901572429,19.0185220857169,100.509020358778,8.50810149801284
2020-07-11,11595,306,11340,299,255,7,12767,422,226848,4478,239615,4900,5,111,44,2512,257,8972,22,729,120,"East TN",2455501,106.088329835744,0.0898176011791439,199.551944796602,12.4618153281143,102.300915373278,8.98176011791439
2020-07-12,12065,470,11802,462,263,8,13400,633,232778,5930,246178,6563,1,112,222,2734,247,9219,24,753,125,"East TN",2455501,112.197062839722,0.091369976799473,267.277431367367,19.1406967457965,111.341840219165,9.1369976799473
2020-07-13,12419,354,12143,341,276,13,13743,343,236212,3434,249955,3777,3,115,-119,2615,470,9689,18,771,129,"East TN",2455501,117.084049242904,0.0901788379603246,153.817897040156,14.4166098893871,106.495578702676,9.01788379603246
2020-07-14,12934,515,12653,510,281,5,14327,584,240700,4488,255027,5072,4,119,77,2692,434,10123,34,805,133,"East TN",2455501,119.812616651347,0.0952475981412321,206.556625307829,20.9733166469898,109.631394978051,9.52475981412321
2020-07-15,13314,380,13027,374,287,6,14710,383,243797,3097,258507,3480,6,125,-105,2587,479,10602,24,829,140,"East TN",2455501,119.771891764654,0.0969043621690083,141.72260569228,15.4754569434099,105.355281875267,9.69043621690083
2020-07-16,14141,827,13839,812,302,15,15807,1097,253631,9834,269438,10931,6,131,349,2936,472,11074,43,872,142,"East TN",2455501,135.165898934678,0.101794071762871,445.163736443194,33.6794812952632,119.568267331188,10.1794071762871
2020-07-17,14609,468,14293,454,316,14,16318,511,257951,4320,274269,4831,3,134,95,3031,370,11444,24,896,147,"East TN",2455501,135.206623821371,0.100444961318704,196.741927614772,19.0592469724101,123.437131567041,10.0444961318704
2020-07-18,15118,509,14787,494,331,15,16986,668,266042,8091,283028,8759,6,140,185,3216,318,11762,27,923,150,"East TN",2455501,143.473775820087,0.0971828714901067,356.709282545599,20.7289673268307,130.97123560528,9.71828714901067
2020-07-19,15599,481,15249,462,350,19,17546,560,270895,4853,288441,5413,0,140,76,3292,405,12167,25,948,154,"East TN",2455501,143.921749573712,0.0980999929015924,220.443811670205,19.5886704994215,134.066326993962,9.80999929015924
2020-07-20,16035,436,15670,421,365,15,17957,411,273352,2457,291309,2868,2,142,-270,3022,704,12871,29,977,158,"East TN",2455501,147.261190282553,0.10190066257194,116.798975036052,17.7560505982282,123.070607586802,10.190066257194
2020-07-21,17036,1001,16654,984,382,17,19169,1212,281729,8377,300898,9589,1,143,381,3403,619,13490,61,1038,161,"East TN",2455501,167.053485215441,0.105556887794031,390.510938500941,40.7656115798772,138.586789416905,10.5556887794031
2020-07-22,17620,584,17222,568,398,16,19823,654,285029,3300,304852,3954,4,147,-80,3323,660,14150,29,1067,166,"East TN",2455501,175.36136210085,0.110324738375229,161.02620198485,23.7833338288195,135.32879848145,11.0324738375229
2020-07-23,18415,795,17995,773,420,22,20822,999,295233,10204,316055,11203,4,151,242,3565,549,14699,50,1117,171,"East TN",2455501,174.058165726668,0.107578780273291,456.24090562374,32.3762849210813,145.184221061201,10.7578780273291
2020-07-24,19018,603,18585,590,433,13,21506,684,301042,5809,322548,6493,2,153,6,3571,595,15294,34,1151,177,"East TN",2455501,179.556025430248,0.107458729468299,264.426689298844,24.55710667599,145.42857038136,10.7458729468299
2020-07-25,19996,978,19551,966,445,12,22708,1202,310657,9615,333365,10817,10,163,550,4121,418,15712,28,1179,185,"East TN",2455501,198.655997289352,0.113673838329658,440.521099360171,39.8289391859339,167.827258062611,11.3673838329658
2020-07-26,20771,775,20311,760,460,15,23605,897,318180,7523,341785,8420,1,164,391,4512,383,16095,21,1200,192,"East TN",2455501,210.629113977148,0.113583533293341,342.903545956609,31.5617871872176,183.750688759646,11.3583533293341
2020-07-27,21417,646,20935,624,482,22,24311,706,322646,4466,346957,5172,6,170,-78,4434,718,16813,38,1238,196,"East TN",2455501,219.181340182716,0.114182001150086,210.629113977148,26.3082768037969,180.574147597578,11.4182001150086
2020-07-28,22232,815,21727,792,505,23,25283,972,330867,8221,356150,9193,7,177,170,4604,638,17451,50,1288,201,"East TN",2455501,211.606511257784,0.110656627814378,374.38388337044,33.190782654945,187.497378335419,11.0656627814378
2020-07-29,22575,343,22059,332,516,11,25599,316,332439,1572,358038,1888,5,182,-337,4267,675,18126,24,1312,210,"East TN",2455501,201.791813564727,0.108600007520776,76.8885860767314,13.9686361357621,173.773091519816,10.8600007520776
2020-07-30,23763,1188,23232,1173,531,15,26980,1381,344973,12534,371953,13915,5,187,673,4940,510,18636,42,1354,216,"East TN",2455501,217.796694035148,0.110164943289563,566.686798335655,48.3811653915026,201.180940264329,11.0164943289563
2020-07-31,24385,622,23838,606,547,16,27634,654,348941,3968,376575,4622,6,193,80,5020,536,19172,25,1379,225,"East TN",2455501,218.570466882319,0.113424769096933,188.230426295896,25.3308795231604,204.438931199784,11.3424769096933
2020-08-01,24944,559,24380,542,564,17,28270,636,355915,6974,384185,7610,1,194,152,5172,406,19578,16,1395,228,"East TN",2455501,201.506739357874,0.109445100354191,309.91638773513,22.7652116614899,210.629113977148,10.9445100354191
2020-08-02,25375,431,24800,420,575,11,28754,484,359713,3798,388467,4282,4,198,49,5221,378,19956,19,1414,233,"East TN",2455501,187.497378335419,0.11029947303029,174.383964820214,17.5524261647623,212.624633425114,11.029947303029
2020-08-03,26001,626,25408,608,593,18,29462,708,363857,4144,393319,4852,3,201,-43,5178,666,20622,33,1447,241,"East TN",2455501,186.682880601555,0.11110392131487,197.597150235329,25.4937790699332,210.873463297307,11.110392131487
2020-08-04,26487,486,25874,466,613,20,29988,526,369228,5371,399216,5897,6,207,-219,4959,699,21321,33,1480,250,"East TN",2455501,173.284392879498,0.109250917196861,240.154656829706,19.7922949328874,201.954713111499,10.9250917196861
2020-08-05,26955,468,26334,460,621,8,30509,521,373441,4213,403950,4734,9,216,-223,4736,682,22003,19,1499,256,"East TN",2455501,178.375003716146,0.106943718417843,192.791613605533,19.0592469724101,192.873063378919,10.6943718417843
2020-08-06,27686,731,27027,693,659,38,31361,852,380511,7070,411872,7922,7,223,201,4937,523,22526,36,1535,262,"East TN",2455501,159.763730497361,0.109747238157268,322.622552383404,29.7698921727175,201.058765604249,10.9747238157268
2020-08-07,28241,555,27568,541,673,14,31980,619,384481,3970,416461,4589,6,229,38,4975,511,23037,34,1569,275,"East TN",2455501,157.035163088917,0.108960537531966,186.886505035021,22.6023121147171,202.60631129859,10.8960537531966
2020-08-08,28916,675,28231,663,685,12,32780,800,394557,10076,427337,10876,8,237,289,5264,378,23415,19,1588,285,"East TN",2455501,161.759249945327,0.104514275120504,442.923867675069,27.4892985178992,214.375803552921,10.4514275120504
2020-08-09,29444,528,28747,516,697,12,33414,634,398858,4301,432272,4935,2,239,115,5379,411,23826,19,1607,292,"East TN",2455501,165.709563954566,0.106380550165506,200.977315830863,21.5027401740012,219.059165522637,10.6380550165506
2020-08-10,29747,303,29039,292,708,11,33742,328,401147,2289,434889,2617,3,242,-478,4901,778,24604,26,1633,296,"East TN",2455501,152.555425552667,0.102958864565793,106.577028476063,12.3396406680348,199.592669683295,10.2958864565793
2020-08-11,30359,612,29634,595,725,17,34427,685,407247,6100,441674,6785,17,259,-7,4894,602,25206,28,1661,301,"East TN",2455501,157.686761276008,0.104550379198267,276.318356213253,24.9236306562286,199.307595476443,10.4550379198267
2020-08-12,30804,445,30058,424,746,21,34901,474,410996,3749,445897,4223,6,265,-251,4643,690,25896,25,1686,306,"East TN",2455501,156.750088882065,0.104703554485422,171.981196505316,18.1225745784669,189.085648916453,10.4703554485422
2020-08-13,31621,817,30862,804,759,13,36018,1117,419558,8562,455576,9679,6,271,202,4845,609,26505,44,1730,313,"East TN",2455501,160.252429137679,0.106557752150833,394.176178303328,33.2722324283313,197.312076028476,10.6557752150833
2020-08-14,32082,461,31294,432,788,29,36552,534,424214,4656,460766,5190,4,275,-142,4703,599,27104,18,1748,320,"East TN",2455501,156.42428978852,0.103193770454802,211.362161937625,18.7741727655578,191.529142118044,10.3193770454802
2020-08-15,32732,650,31932,638,800,12,37429,877,431147,6933,468576,7810,4,279,216,4919,430,27534,17,1765,329,"East TN",2455501,155.40616762119,0.11273309246102,318.061365073767,26.4711763505696,200.325717643772,11.273309246102
2020-08-16,33206,474,32395,463,811,11,38022,593,436613,5466,474635,6059,2,281,110,5029,362,27896,10,1775,338,"East TN",2455501,153.207023739758,0.108774166135543,246.752088474002,19.3035962925692,204.805455180022,10.8774166135543
2020-08-17,33479,273,32598,203,881,70,38249,227,438085,1472,476334,1699,8,289,-397,4632,662,28558,12,1787,344,"East TN",2455501,151.985277138963,0.108746531547834,69.1915824917196,11.1178940672392,188.637675162828,10.8746531547834
2020-08-18,34109,630,33163,565,946,65,39061,812,448682,10597,487743,11409,8,297,52,4684,570,29128,22,1809,347,"East TN",2455501,152.71832509944,0.100588248062689,464.630232282536,25.6566786167059,190.755369270874,10.0588248062689
2020-08-19,34564,455,33597,434,967,21,39558,497,453466,4784,493024,5281,7,304,-113,4571,561,29689,22,1831,354,"East TN",2455501,153.125573966372,0.0988180872960299,215.068126626705,18.5298234453987,186.153457074544,9.88180872960299
2020-08-20,35342,778,34354,757,988,21,40432,874,465004,11538,505436,12412,6,310,264,4835,508,30197,26,1857,362,"East TN",2455501,151.537303385338,0.088527878058564,505.4772936358,31.6839618472971,196.904827161545,8.8527878058564
2020-08-21,35551,209,34551,197,1000,12,40645,213,467455,2451,508100,2664,17,327,-321,4514,513,30710,17,1874,369,"East TN",2455501,141.274631938655,0.0864706130899565,108.491098150642,8.51150131887546,183.832138533033,8.64706130899565
2020-08-22,36421,870,35409,858,1012,12,41618,973,480822,13367,522440,14340,2,329,454,4968,414,31124,20,1894,376,"East TN",2455501,150.234107011156,0.0777699391058963,583.994875180259,35.4306514230701,202.321237091738,7.77699391058963
2020-08-23,36674,253,35651,242,1023,11,41872,254,485929,5107,527801,5361,0,329,-94,4874,347,31471,20,1914,381,"East TN",2455501,141.233907051962,0.072414701124779,218.326117562159,10.3033963333756,198.493097742579,7.2414701124779
2020-08-24,36866,192,35826,175,1040,17,42070,198,487272,1343,529342,1541,8,337,-486,4388,670,32141,15,1929,391,"East TN",2455501,137.935191229814,0.0720834591005131,62.7570503941965,7.81917824509133,178.700802809691,7.20834591005131
2020-08-25,37480,614,36415,589,1065,25,42755,685,497008,9736,539763,10421,16,353,119,4507,479,32620,22,1951,399,"East TN",2455501,137.283593042723,0.0710111495578624,424.39404422967,25.005080429615,183.54706432618,7.10111495578624
2020-08-26,37825,345,36735,320,1090,25,43139,384,500970,3962,544109,4346,6,359,-208,4299,547,33167,11,1962,407,"East TN",2455501,132.803855506473,0.0700988548497602,176.990357568578,14.0500859091485,175.076287893998,7.00988548497602
2020-08-27,38686,861,37579,844,1107,17,44115,976,511260,10290,555375,11266,8,367,387,4686,466,33633,29,1991,413,"East TN",2455501,136.184021102007,0.0737499749694627,458.806573485411,35.0641274428314,190.83681904426,7.37499749694627
2020-08-28,39020,334,37893,314,1127,20,44453,338,513868,2608,558321,2946,12,379,-182,4504,504,34137,10,2001,419,"East TN",2455501,141.274631938655,0.0758248541446805,119.97551619812,13.6021121555235,183.424889666101,7.58248541446805
2020-08-29,39471,451,38328,435,1143,16,44981,528,520387,6519,565368,7047,8,387,61,4565,382,34519,16,2017,428,"East TN",2455501,124.210904414211,0.0783404770778979,286.988276526868,18.366923898626,185.909107754385,7.83404770778979
2020-08-30,39734,263,38580,252,1154,11,45248,267,522268,1881,567516,2148,8,395,-55,4510,310,34829,14,2031,431,"East TN",2455501,124.618153281143,0.0850056653657308,87.4770566169592,10.7106452003074,183.66923898626,8.50056653657308
2020-08-31,40141,407,38958,378,1183,29,45698,450,525754,3486,571452,3936,2,397,-133,4377,538,35367,16,2047,436,"East TN",2455501,133.374003920178,0.0861553075279031,160.293154024372,16.5750288841259,178.252829056066,8.61553075279031
2020-09-01,40748,607,39523,565,1225,42,46372,674,531419,5665,577791,6339,6,403,105,4482,496,35863,28,2075,445,"East TN",2455501,133.088929713325,0.0951141264331545,258.155056748093,24.7200062227627,182.528942158851,9.51141264331545
2020-09-02,41236,488,39982,459,1254,29,46825,453,536212,4793,583037,5246,7,410,22,4504,459,36322,22,2097,452,"East TN",2455501,138.912588510451,0.0946876284422524,213.642755592443,19.8737447062738,183.424889666101,9.46876284422524
2020-09-03,41791,555,40504,522,1287,33,47472,647,544469,8257,591941,8904,6,416,-39,4465,588,36910,22,2119,455,"East TN",2455501,126.450773182336,0.091806596291637,362.61439111611,22.6023121147171,181.836619085067,9.1806596291637
2020-09-04,42148,357,40847,343,1301,14,47820,348,547801,3332,595621,3680,7,423,-40,4425,390,37300,11,2130,456,"East TN",2455501,127.38744557628,0.0902680965147453,149.867583030917,14.5387845494667,180.207623617339,9.02680965147453
2020-09-05,43146,998,41830,983,1316,15,48910,1090,557119,9318,606029,10408,1,424,640,5065,357,37657,26,2156,462,"East TN",2455501,149.663958597451,0.0966282186862104,423.864620702659,40.6434369197976,206.271551100977,9.66282186862104
2020-09-06,43409,263,42077,247,1332,16,49178,268,559747,2628,608925,2896,0,424,-50,5015,313,37970,9,2165,476,"East TN",2455501,149.663958597451,0.0949069042961675,117.939271863461,10.7106452003074,204.235306766318,9.49069042961675
2020-09-07,43613,204,42274,197,1339,7,49415,237,561083,1336,610498,1573,3,427,-342,4673,543,38513,13,2178,480,"East TN",2455501,141.396806598735,0.0951954105414127,64.0602467683784,8.30787688540954,190.307395517249,9.51954105414127
2020-09-08,43924,311,42563,289,1361,22,49735,320,564509,3426,614244,3746,7,434,-302,4371,606,39119,24,2202,487,"East TN",2455501,129.342240137552,0.0922557814171673,152.555425552667,12.6654397615802,178.008479735907,9.22557814171673
2020-09-09,44257,333,42879,316,1378,17,50110,375,569655,5146,619765,5521,6,440,-161,4210,488,39607,16,2218,494,"East TN",2455501,123.029882700109,0.089441298192115,224.842099433069,13.5613872688303,171.451772978305,8.9441298192115
2020-09-10,44932,675,43517,638,1415,37,50817,707,577466,7811,628283,8518,18,458,194,4404,463,40070,39,2257,505,"East TN",2455501,127.916869103291,0.0920422651477629,346.894584852541,27.4892985178992,179.352400996782,9.20422651477629
2020-09-11,45258,326,43820,303,1438,23,51172,355,581625,4159,632797,4514,17,475,-206,4198,515,40585,26,2283,516,"East TN",2455501,126.654397615802,0.0901656982999785,183.832138533033,13.276313061978,170.963074337986,9.01656982999785
2020-09-12,45677,419,44221,401,1456,18,51684,512,588611,6986,640295,7498,10,485,92,4290,317,40902,14,2297,527,"East TN",2455501,103.074688220449,0.080954882390708,305.355200425494,17.0637275244441,174.709763913759,8.0954882390708
2020-09-13,46118,441,44642,421,1476,20,52187,503,594184,5573,646371,6076,2,487,51,4341,388,41290,21,2318,532,"East TN",2455501,110.323718051835,0.0803557122256049,247.444411547786,17.9596750316941,176.786733135112,8.03557122256049
2020-09-14,46562,444,45071,429,1491,15,52672,485,599157,4973,651829,5458,9,496,-150,4191,585,41875,23,2341,542,"East TN",2455501,120.0976908582,0.0788028356439476,222.276431571398,18.0818496917737,170.678000131134,7.88028356439477
2020-09-15,47055,493,45527,456,1528,37,53212,540,607333,8176,660545,8716,7,503,-66,4125,552,42427,19,2360,545,"East TN",2455501,127.509620236359,0.0750955702900585,354.958112417792,20.0773691397397,167.990157609384,7.50955702900585
2020-09-16,47408,353,45837,310,1571,43,53606,394,610746,3413,664352,3807,6,509,-175,3950,522,42949,17,2377,554,"East TN",2455501,128.324117970223,0.0784085047211071,155.039643640951,14.375885002694,160.863302438077,7.84085047211071
2020-09-17,47959,551,46356,519,1603,32,54183,577,617922,7176,672105,7753,8,517,119,4069,424,43373,21,2398,565,"East TN",2455501,123.274232020268,0.0768107343343526,315.740046532256,22.4394125679444,165.709563954566,7.68107343343526
2020-09-18,48493,534,46842,486,1651,48,54750,567,626037,8115,680787,8682,17,534,-29,4040,546,43919,29,2427,571,"East TN",2455501,131.74500845245,0.0745571994165451,353.573466270223,21.7470894941603,164.528542240463,7.45571994165451
2020-09-19,49001,508,47327,485,1674,23,55323,573,634391,8354,689714,8927,3,537,193,4233,312,44231,29,2456,573,"East TN",2455501,135.369523368144,0.073635646208948,363.551063510054,20.6882424401375,172.388445372248,7.3635646208948
2020-09-20,49307,306,47608,281,1699,25,55652,329,639349,4958,695001,5287,1,538,-19,4214,324,44555,13,2469,584,"East TN",2455501,129.871663664564,0.0712523133867983,215.312475946864,12.4618153281143,171.614672525077,7.12523133867983
2020-09-21,49470,163,47741,133,1729,30,55804,152,640866,1517,696670,1669,3,541,-210,4004,370,44925,9,2478,589,"East TN",2455501,118.427970503779,0.0698467919983943,67.9698358909241,6.63815653098899,163.062446319509,6.98467919983943
2020-09-22,49930,460,48143,402,1787,58,56294,490,647016,6150,703310,6640,6,547,-55,3949,509,45434,28,2506,596,"East TN",2455501,117.084049242904,0.0720682801356249,270.413247642742,18.7334478788646,160.822577551384,7.20682801356249
2020-09-23,50224,294,48397,254,1827,40,56576,282,649109,2093,705685,2375,8,555,-217,3732,503,45937,11,2517,605,"East TN",2455501,114.681280928006,0.0718554181888564,96.721605896312,11.9731166877961,151.985277138963,7.18554181888564
2020-09-24,50687,463,48839,442,1848,21,57057,481,656003,6894,713060,7375,11,566,-36,3696,488,46425,27,2544,610,"East TN",2455501,111.097490899006,0.070174581858137,300.346039362232,18.8556225389442,150.519181218008,7.0174581858137
2020-09-25,51141,454,49269,430,1872,24,57543,486,662675,6672,720218,7158,11,577,14,3710,429,46854,18,2562,616,"East TN",2455501,107.839499963551,0.0708325936445943,291.508738949811,18.4890985587055,151.089329631713,7.08325936445944
2020-09-26,51698,557,49802,533,1896,24,58181,638,673231,10556,731412,11194,5,582,193,3903,359,47213,28,2590,623,"East TN",2455501,109.835019411517,0.0685404575759029,455.874381643502,22.6837618881035,158.949232763497,6.85404575759029
2020-09-27,52091,393,50167,365,1924,28,58587,406,679250,6019,737837,6425,3,585,91,3994,299,47512,30,2620,630,"East TN",2455501,113.378084553824,0.0685171351199925,261.657397003707,16.0048804704213,162.655197452577,6.85171351199925
2020-09-28,52325,234,50362,195,1963,39,58812,225,680937,1687,739749,1912,4,589,-315,3679,545,48057,14,2634,637,"East TN",2455501,116.26955150904,0.0698252048561944,77.8659833573678,9.52962348620506,149.826858144224,6.98252048561944
2020-09-29,52708,383,50702,340,2006,43,59209,397,686748,5811,745957,6208,9,598,-43,3636,417,48474,30,2664,639,"East TN",2455501,113.133735233665,0.0683518184163013,252.820096591286,15.5976316034895,148.075688016417,6.83518184163013
2020-09-30,53190,482,51152,450,2038,32,59685,476,690186,3438,749871,3914,6,604,78,3714,398,48872,21,2685,643,"East TN",2455501,120.790013931984,0.0703616530122663,159.397206517122,19.6293953861147,151.252229178485,7.03616530122663
2020-10-01,53578,388,51501,349,2077,39,60064,379,693466,3280,753530,3659,11,615,0,3714,377,49249,30,2715,648,"East TN",2455501,117.735647429995,0.0743019520632567,149.01236041036,15.8012560369554,151.252229178485,7.43019520632567
2020-10-02,54043,465,51938,437,2105,28,60527,463,697087,3621,757614,4084,2,617,24,3738,439,49688,17,2732,652,"East TN",2455501,118.18362118362,0.0797946304417585,166.320437254963,18.9370723123306,152.229626459122,7.97946304417585
2020-10-03,54448,405,52326,388,2122,17,61010,483,704546,7459,765556,7942,12,629,83,3821,310,49998,21,2753,658,"East TN",2455501,111.993438406256,0.0828549671977507,323.437050117267,16.4935791107395,155.609792054656,8.28549671977507
2020-10-04,54903,455,52751,425,2152,30,61549,539,714669,10123,776218,10662,4,633,145,3966,306,50304,26,2779,670,"East TN",2455501,114.518381381233,0.0771736015215862,434.208741922728,18.5298234453987,161.514900625168,7.71736015215862
2020-10-05,55575,672,53364,613,2211,59,62301,752,721917,7248,784218,8000,5,638,153,4119,514,50818,38,2817,679,"East TN",2455501,132.355881752848,0.0784591513188963,325.799093545472,27.3671238578196,167.745808289225,7.84591513188963
2020-10-06,56325,750,54030,666,2295,84,63041,740,728557,6640,791598,7380,8,646,302,4421,440,51258,42,2859,688,"East TN",2455501,147.301915169247,0.0839595977301111,300.549663795698,30.543665019888,180.044724070566,8.39595977301111
2020-10-07,57062,737,54689,659,2373,78,63749,708,735310,6753,799059,7461,3,649,293,4714,441,51699,36,2895,694,"East TN",2455501,157.686761276008,0.0826217776693502,303.848379617846,30.0142414928766,191.977115871669,8.26217776693503
2020-10-08,57780,718,55346,657,2434,61,64427,678,741771,6461,806198,7139,10,659,265,4979,443,52142,31,2926,699,"East TN",2455501,171.125973884759,0.0828396749449381,290.734966102641,29.2404686457061,202.769210845363,8.28396749449381
2020-10-09,58321,541,55845,499,2476,42,64987,560,747250,5479,812237,6039,4,663,123,5102,414,52556,20,2946,706,"East TN",2455501,174.221065273441,0.0816505867491716,245.937590740138,22.0321637010125,207.778371908625,8.16505867491716
2020-10-10,58939,618,56433,588,2506,30,65656,669,755675,8425,821331,9094,12,675,252,5354,354,52910,19,2965,720,"East TN",2455501,182.895466139089,0.083298969072165,370.352119587815,25.1679799763877,218.041043355307,8.3298969072165
2020-10-11,59882,943,57345,912,2537,31,66685,1029,766103,10428,832788,11457,1,676,587,5941,355,53265,36,3001,727,"East TN",2455501,202.769210845363,0.0907901714689765,466.585026843809,38.4035681516725,241.946551844206,9.07901714689765
2020-10-12,60238,356,57631,286,2607,70,67002,317,769024,2921,836026,3238,6,682,-337,5604,687,53952,18,3019,738,"East TN",2455501,189.900146650317,0.0907388820259419,131.86718311253,14.4980596627735,228.222265028603,9.07388820259419
2020-10-13,60743,505,58084,453,2659,52,67486,484,773409,4385,840895,4869,9,691,7,5611,489,54441,22,3041,745,"East TN",2455501,179.922549410487,0.0901677586871412,198.289473309113,20.5660677800579,228.507339235455,9.01677586871412
2020-10-14,61617,874,58896,812,2721,62,68334,848,779595,6186,847929,7034,1,692,328,5939,545,54986,40,3081,752,"East TN",2455501,185.501858887453,0.0938203396766933,286.458852999856,35.5935509698428,241.86510207082,9.38203396766933
2020-10-15,62126,509,59336,440,2790,69,68799,465,783749,4154,852548,4619,14,706,-67,5872,562,55548,19,3100,761,"East TN",2455501,176.990357568578,0.0943257820927724,188.108251635817,20.7289673268307,239.136534662376,9.43257820927724
2020-10-16,62765,639,59932,596,2833,43,69383,584,787838,4089,857221,4673,2,708,-135,5737,772,56320,21,3121,773,"East TN",2455501,180.98139646451,0.0977236350702472,190.307395517249,26.0232025969446,233.638674958797,9.77236350702472
2020-10-17,63483,718,60613,681,2870,37,70242,859,796622,8784,866864,9643,6,714,236,5973,476,56796,36,3157,780,"East TN",2455501,185.053885133828,0.100718160455055,392.710082382373,29.2404686457061,243.249748218388,10.0718160455055
2020-10-18,64289,806,61373,760,2916,46,71114,872,804732,8110,875846,8982,3,717,349,6322,454,57250,34,3191,788,"East TN",2455501,179.474575656862,0.102861256909285,365.790932278179,32.8242586747063,257.462733674309,10.2861256909285
2020-10-19,65037,748,62058,685,2979,63,71873,759,809631,4899,881504,5658,3,720,-19,6303,764,58014,65,3256,799,"East TN",2455501,195.43873124059,0.10710673292581,230.421408910035,30.4622152465016,256.688960827139,10.710673292581
2020-10-20,65723,686,62667,609,3056,77,72564,691,813247,3616,885811,4307,15,735,35,6338,636,58650,27,3283,812,"East TN",2455501,202.809935732056,0.113055481342951,175.402086987543,27.9372722715242,258.1143318614,11.3055481342951
2020-10-21,66317,594,63220,553,3097,41,73181,617,816991,3744,890172,4361,5,740,-128,6210,717,59367,24,3307,826,"East TN",2455501,191.406967457965,0.114740903818384,177.601230868975,24.1905826957513,252.901546364673,11.4740903818384
2020-10-22,67447,1130,64256,1036,3191,94,74282,1101,825557,8566,899839,9667,10,750,440,6650,680,60047,42,3349,841,"East TN",2455501,216.697122094432,0.115941722526485,393.68747966301,46.0191219632979,270.820496509674,11.5941722526485
2020-10-23,68418,971,65160,904,3258,67,75252,970,832673,7116,907925,8086,19,769,289,6939,663,60710,36,3385,849,"East TN",2455501,230.217784476569,0.115750236667719,329.301433801086,39.5438649790817,282.589988764004,11.5750236667719
2020-10-24,69655,1237,66335,1175,3320,62,76579,1327,843199,10526,919778,11853,12,781,643,7582,582,61292,48,3433,866,"East TN",2455501,251.354000670332,0.119760365876706,482.71208197431,50.3766848394686,308.776090907721,11.9760365876706
2020-10-25,70585,930,67208,873,3377,57,77626,1047,851077,7878,928703,8925,9,790,437,8019,484,61776,40,3473,877,"East TN",2455501,256.403886620286,0.123200332973873,363.469613736667,37.8741446246611,326.572866392642,12.3200332973873
2020-10-26,71047,462,67614,406,3433,56,78060,434,853832,2755,931892,3189,6,796,-450,7569,906,62682,20,3493,891,"East TN",2455501,244.756569026036,0.122787171548781,129.871663664564,18.814897652251,308.24666738071,12.2787171548781
2020-10-27,71888,841,68325,711,3563,130,78843,783,858217,4385,937060,5168,12,808,79,7648,750,63432,52,3545,915,"East TN",2455501,251.068926463479,0.122519463794416,210.466214430375,34.2496297089677,311.463933429471,12.2519463794416
2020-10-28,72885,997,69236,911,3649,86,79813,970,865435,7218,945248,8188,13,821,199,7847,785,64217,39,3584,929,"East TN",2455501,267.481055800833,0.12041542595686,333.455372243791,40.6027120331044,319.568185881415,12.041542595686
2020-10-29,73793,908,70029,793,3764,115,80647,834,871938,6503,952585,7337,11,832,151,7998,746,64963,40,3624,941,"East TN",2455501,258.440130954946,0.120672657642286,298.798493667891,36.9781971174111,325.717643772086,12.0672657642286
2020-10-30,74693,900,70836,807,3857,93,81487,840,876796,4858,958283,5698,28,860,50,8048,822,65785,38,3662,957,"East TN",2455501,255.54866399973,0.123813495373128,232.050404377762,36.6523980238656,327.753888106745,12.3813495373128
2020-10-31,74707,14,70850,14,3857,0,81503,16,876817,21,958320,37,5,865,-603,7445,612,66397,0,3662,967,"East TN",2455501,205.742127573966,0.127756732914742,1.50682080764781,0.570148413704576,303.196781430755,12.7756732914742
2020-11-01,75214,507,71240,390,3974,117,81973,470,883385,6568,965358,7038,0,865,-139,7306,646,67043,26,3688,983,"East TN",2455501,188.515500502749,0.118592279361615,286.621752546629,20.6475175534443,297.536022180402,11.8592279361615
2020-11-02,76026,812,71984,744,4042,68,82750,777,887613,4228,970363,5005,11,876,-228,7078,1029,68072,37,3725,997,"East TN",2455501,202.769210845363,0.121910010137506,203.828057899386,33.0686079948654,288.250748014356,12.1910010137506
2020-11-03,77066,1040,72944,960,4122,80,83826,1076,894476,6863,978302,7939,31,907,31,7109,978,69050,26,3751,1010,"East TN",2455501,210.873463297307,0.120823432423258,323.314875457188,42.3538821609114,289.513219501845,12.0823432423258
2020-11-04,77977,911,73756,812,4221,99,84673,847,899361,4885,984034,5732,6,913,-5,7104,910,69960,34,3785,1034,"East TN",2455501,207.371123041693,0.125302944361367,233.435050525331,37.1003717774906,289.309595068379,12.5302944361367
2020-11-05,78555,578,74240,484,4315,94,85174,501,902024,2663,987198,3164,17,930,-369,6735,930,70890,27,3812,1048,"East TN",2455501,193.931910432942,0.130789009909572,128.853541497234,23.5389845086603,274.282111878594,13.0789009909572
2020-11-06,79521,966,75088,848,4433,118,86101,927,908434,6410,994535,7337,10,940,43,6778,913,71803,36,3848,1072,"East TN",2455501,196.619752954692,0.127275736511089,298.798493667891,39.3402405456157,276.033282006401,12.7275736511089
2020-11-07,80848,1327,76329,1241,4519,86,87520,1419,919356,10922,1006876,12341,21,961,649,7427,657,72460,48,3896,1082,"East TN",2455501,250.091529182843,0.123918774198863,502.585826680584,54.0419246418552,302.463733470278,12.3918774198863
2020-11-08,82404,1556,77767,1438,4637,118,89185,1665,932257,12901,1021442,14566,3,964,888,8315,665,73125,50,3946,1099,"East TN",2455501,292.811935323993,0.128592825048142,593.198699572918,63.3679236945943,338.627432853825,12.8592825048142
2020-11-09,83025,621,78307,540,4718,81,89765,580,935709,3452,1025474,4032,9,973,-466,7849,1078,74203,18,3964,1109,"East TN",2455501,285.033481965595,0.12728856308178,164.202743146918,25.2901546364673,319.649635654801,12.728856308178
2020-11-10,83964,939,79157,850,4807,89,90688,923,940711,5002,1031399,5925,27,1000,4,7853,908,75111,42,4006,1126,"East TN",2455501,280.920268409583,0.12923517336196,241.294953657115,38.2406686048998,319.812535201574,12.923517336196
2020-11-11,85267,1303,80256,1099,5011,204,91857,1169,947257,6546,1039114,7715,26,1026,381,8234,896,76007,51,4057,1139,"East TN",2455501,296.884423993311,0.13042846768337,314.192500837915,53.0645273612188,335.328717031677,13.042846768337
2020-11-12,86104,837,80961,705,5143,132,92621,764,951473,4216,1044094,4980,15,1041,8,8242,814,76821,34,4091,1156,"East TN",2455501,307.432169646846,0.130887935883015,202.809935732056,34.086730162195,335.654516125222,13.0887935883015
2020-11-13,87564,1460,82250,1289,5314,171,93921,1300,957335,5862,1051256,7162,27,1068,526,8768,907,77728,46,4137,1172,"East TN",2455501,327.550263673279,0.137867809100686,291.671638496584,59.4583345720486,357.075806525837,13.7867809100686
2020-11-14,89041,1477,83642,1392,5399,85,95454,1533,966232,8897,1061686,10430,7,1075,919,9687,551,78279,50,4187,1201,"East TN",2455501,333.658996677256,0.144754606823572,424.760568209909,60.1506576458328,394.501977396873,14.4754606823572
2020-11-15,90993,1952,85375,1733,5618,219,97413,1959,977406,11174,1074819,13133,7,1082,1338,11025,607,78886,54,4241,1218,"East TN",2455501,349.786051807757,0.154148790677633,534.839936941585,79.4949788250952,448.991875792354,15.4148790677633
2020-11-16,92518,1525,86774,1399,5744,126,98949,1536,985028,7622,1083977,9158,10,1092,171,11196,1344,80230,37,4278,1237,"East TN",2455501,386.601349378396,0.156983402560552,372.958512336179,62.1054522071056,455.955831416888,15.6983402560552
2020-11-17,93730,1212,87893,1119,5837,93,100170,1221,990173,5145,1090343,6366,31,1123,89,11285,1092,81322,42,4320,1264,"East TN",2455501,397.719243445635,0.160864549402823,259.254628688809,49.358562672139,459.580346332581,16.0864549402823
2020-11-18,94929,1199,88849,956,6080,243,101204,1034,995315,5142,1096519,6176,14,1137,57,11342,1128,82450,52,4372,1278,"East TN",2455501,393.483855229544,0.162825537845135,251.516900217104,48.8291391451276,461.901664874093,16.2825537845135
2020-11-19,96008,1079,89727,878,6281,201,102061,857,999976,4661,1102037,5518,45,1182,-245,11097,1279,83729,50,4422,1297,"East TN",2455501,403.339277809294,0.162918730476503,224.719924772989,43.9421527419455,451.924067634263,16.2918730476503
2020-11-20,97134,1126,90690,963,6444,163,103084,1023,1004877,4901,1107961,5924,28,1210,-127,10970,1225,84954,33,4455,1322,"East TN",2455501,389.737165653771,0.161590688651794,241.254228770422,45.8562224165252,446.752007024228,16.1590688651794
2020-11-21,98352,1218,91752,1062,6600,156,104183,1099,1011283,6406,1115466,7505,3,1213,360,11330,855,85809,45,4500,1345,"East TN",2455501,379.189420000236,0.16230940870212,305.640274632346,49.6029119922981,461.412966233775,16.230940870212
2020-11-22,99938,1586,93180,1428,6758,158,105849,1666,1020888,9605,1126737,11271,17,1230,804,12134,765,86574,56,4556,1372,"East TN",2455501,364.284111470531,0.162486998728765,459.010197918877,64.5896702953898,494.155775135095,16.2486998728765
2020-11-23,100829,891,93937,757,6892,134,106552,703,1024005,3117,1130557,3820,18,1248,-1160,10974,2033,88607,35,4591,1399,"East TN",2455501,338.464533307052,0.163224559896951,155.569067167963,36.2858740436269,446.914906571001,16.3224559896951
2020-11-24,101740,911,94670,733,7070,178,107257,705,1027032,3027,1134289,3732,13,1261,-738,10236,1636,90243,53,4644,1427,"East TN",2455501,326.206342412404,0.161266099303691,151.985277138963,37.1003717774906,416.859940191431,16.1266099303691
2020-11-25,102648,908,95356,686,7292,222,107802,545,1029340,2308,1137142,2853,38,1299,-494,9742,1364,91607,54,4698,1452,"East TN",2455501,314.355400384687,0.162420303768801,116.188101735654,36.9781971174111,396.741846164998,16.2420303768801
2020-11-26,104114,1466,96743,1387,7371,79,109472,1670,1037707,8367,1147179,10037,18,1317,-441,9301,1889,93496,22,4720,1471,"East TN",2455501,330.115931534949,0.164170838686811,408.755687739488,59.7026838922077,378.782171133304,16.4170838686811
2020-11-27,105818,1704,98310,1567,7508,137,111222,1750,1045247,7540,1156469,9290,5,1322,161,9462,1538,95034,48,4768,1498,"East TN",2455501,353.65491604361,0.167766141667354,378.334197379679,69.3952069251855,385.338877890907,16.7766141667354
2020-11-28,107443,1625,99690,1380,7753,245,112716,1494,1052779,7532,1165495,9026,2,1324,569,10031,1054,96088,43,4811,1524,"East TN",2455501,370.229944927736,0.170561074576745,367.582827292679,66.177940876424,408.511338419329,17.0561074576745
2020-11-29,109732,2289,101812,2122,7920,167,115042,2326,1063477,10698,1178519,13024,4,1328,1279,11310,1006,97094,50,4861,1548,"East TN",2455501,398.859540273044,0.177532733382256,530.400924292028,93.2192656406982,460.598468499911,17.7532733382256
2020-11-30,111970,2238,103821,2009,8149,229,117263,2221,1072928,9451,1190191,11672,15,1343,-110,11200,2333,99427,53,4914,1578,"East TN",2455501,453.715962648763,0.17961230170708,475.340877482844,91.1422964193458,456.118730963661,17.961230170708
2020-12-01,114233,2263,105829,2008,8404,255,119401,2138,1081765,8837,1201166,10975,20,1363,421,11621,1822,101249,62,4976,1606,"East TN",2455501,508.776009457948,0.181587092722461,446.955631457694,92.1604185866754,473.263908261491,18.1587092722461
2020-12-02,115290,1057,106742,913,8548,144,120277,876,1084675,2910,1204952,3786,15,1378,-692,10929,1734,102983,41,5017,1639,"East TN",2455501,514.844017575232,0.183969915941602,154.184421020395,43.0462052346955,445.082286669808,18.3969915941602
2020-12-03,117100,1810,108313,1571,8787,239,121999,1722,1090665,5990,1212664,7712,33,1411,318,11247,1459,104442,45,5062,1660,"East TN",2455501,528.853378597687,0.191295716576315,314.070326177835,73.712044914663,458.03280063824,19.1295716576315
2020-12-04,118826,1726,109699,1386,9127,340,123455,1456,1096187,5522,1219642,6978,37,1448,-300,10947,1989,106431,35,5097,1694,"East TN",2455501,529.749326104937,0.193642853750811,284.178259345038,70.2911544324356,445.815334630285,19.3642853750811
2020-12-05,119959,1133,110608,909,9351,224,124384,929,1099249,3062,1223633,3991,5,1453,123,11070,1005,107436,23,5120,1719,"East TN",2455501,509.712681851891,0.200694898345316,162.533022792497,46.1412966233775,450.824495693547,20.0694898345316
2020-12-06,121427,1468,111870,1262,9557,206,125625,1241,1103740,4491,1229365,5732,20,1473,484,11554,964,108400,37,5157,1755,"East TN",2455501,476.277549876787,0.208138299964599,233.435050525331,59.7841336655941,470.535340853048,20.8138299964599
2020-12-07,124150,2723,114275,2405,9875,318,128196,2571,1113288,9548,1241484,12119,31,1504,-205,11349,2897,111297,50,5207,1777,"East TN",2455501,496.029119922981,0.213147992903515,493.544901834697,110.89386646554,462.186739080945,21.3147992903515
2020-12-08,126915,2765,116637,2362,10278,403,130728,2532,1121648,8360,1252376,10892,45,1549,728,12077,1992,113289,70,5277,1801,"East TN",2455501,516.473013042959,0.221187268111697,443.57546586216,112.604311706654,491.834456593583,22.1187268111697
2020-12-09,129561,2646,119021,2384,10540,262,133306,2578,1128746,7098,1262052,9676,21,1570,580,12657,2045,115334,56,5333,1824,"East TN",2455501,581.184857998429,0.228178633975482,394.054003643248,107.758050190165,515.45489087563,22.8178633975482
2020-12-10,132636,3075,121701,2680,10935,395,136255,2949,1140219,11473,1276474,14422,30,1600,2531,15188,514,115848,70,5403,1860,"East TN",2455501,632.701839665307,0.223413258110014,587.3343158891,125.229026581541,618.529579096079,22.3413258110014
2020-12-11,134622,1986,123451,1750,11171,236,138048,1793,1147394,7175,1285442,8968,35,1635,450,15638,1501,117349,50,5453,1884,"East TN",2455501,643.290310205534,0.22177811550152,365.220783864474,80.8796249726634,636.855778108011,22.177811550152
2020-12-12,137883,3261,126177,2726,11706,535,141022,2974,1158629,11235,1299651,14209,21,1656,1903,17541,1337,118686,73,5526,1909,"East TN",2455501,729.95286908863,0.218869215185877,578.659915023451,132.803855506473,714.35523748514,21.8869215185877
2020-12-13,142175,4292,130037,3860,12138,432,145391,4369,1175915,17286,1321306,21655,15,1671,2977,20518,1300,119986,62,5588,1943,"East TN",2455501,844.959949110182,0.214985697349387,881.8974213409,174.791213687146,835.593225170749,21.4985697349387
2020-12-14,145033,2858,132491,2454,12542,404,148065,2674,1185193,9278,1333258,11952,37,1708,-1139,19379,3960,123946,64,5652,1975,"East TN",2455501,850.457808813761,0.216499226360407,486.743845756935,116.39172616912,789.207579227213,21.6499226360407
2020-12-15,149161,4128,136033,3542,13128,586,151930,3865,1200214,15021,1352144,18886,34,1742,1606,20985,2488,126434,89,5741,2006,"East TN",2455501,905.965829376571,0.212513030230134,769.130210087473,168.112332269464,854.611747256466,21.2513030230134
2020-12-16,152379,3218,138289,2256,14090,962,154316,2386,1208109,7895,1362425,10281,19,1761,651,21636,2548,128982,57,5798,2048,"East TN",2455501,929.260464565072,0.209319239237644,418.692560092625,131.052685378666,881.123648493729,20.9319239237644
2020-12-17,156448,4069,141660,3371,14788,698,157925,3609,1218809,10700,1376734,14309,58,1819,1450,23086,2561,131543,72,5870,2087,"East TN",2455501,969.741001938097,0.216138041093158,582.73240369277,165.709563954566,940.174734198846,21.6138041093158
2020-12-18,159655,3207,144396,2736,15259,471,160805,2880,1227499,8690,1388304,11570,43,1862,836,23922,2328,133871,57,5927,2115,"East TN",2455501,1019.46608859048,0.221238163753378,471.186939040139,130.604711625041,974.220739474348,22.1238163753378
2020-12-19,162294,2639,146637,2241,15657,398,163272,2467,1235863,8364,1399135,10831,27,1889,1286,25208,1326,135197,39,5966,2152,"East TN",2455501,994.135209067315,0.223654054923405,441.091247773876,107.472975983313,1026.59294376178,22.3654054923405
2020-12-20,165927,3633,149605,2968,16322,665,166590,3318,1249808,13945,1416398,17263,16,1905,2297,27505,1320,136517,52,6018,2186,"East TN",2455501,967.297508736506,0.222931476885542,703.033718984435,147.953513356337,1120.13800849603,22.2931476885542
2020-12-21,168241,2314,151347,1742,16894,572,168493,1903,1256724,6916,1425217,8819,14,1919,-1342,26163,3642,140159,35,6053,2221,"East TN",2455501,945.143170375414,0.222142476538457,359.15277574719,94.2373878080278,1065.48521055377,22.2142476538457
2020-12-22,170895,2654,153048,1701,17847,953,170294,1801,1261779,5055,1432073,6856,62,1981,-299,25864,2891,143050,57,6110,2265,"East TN",2455501,885.114687389661,0.2297539065921,279.209823168469,108.08384928371,1053.30846943251,22.97539065921
2020-12-23,173114,2219,154493,1445,18621,774,171837,1543,1267557,5778,1439394,7321,41,2022,-558,25306,2736,145786,34,6144,2306,"East TN",2455501,844.43052558317,0.227637100650911,298.1468954808,90.3685235721753,1030.58398265771,22.7637100650911
2020-12-24,175205,2091,155950,1457,19255,634,173435,1598,1273848,6291,1447283,7889,15,2037,-586,24720,2662,148448,30,6174,2346,"East TN",2455501,763.876699704052,0.219847198401111,321.278631122529,85.1557380754477,1006.71919905551,21.9847198401111
2020-12-25,177573,2368,157930,1980,19643,388,175601,2166,1282396,8548,1457997,10714,3,2040,-305,24415,2670,151118,26,6200,2381,"East TN",2455501,729.708519768471,0.212302526796091,436.326436030773,96.4365316894597,994.298108614087,21.2302526796091
2020-12-26,179512,1939,159397,1467,20115,472,177214,1613,1288049,5653,1465263,7266,2,2042,423,24838,1514,152632,42,6242,2416,"East TN",2455501,701.201099083242,0.210833534962497,295.907026712675,78.9655552980838,1011.5247356853,21.0833534962497
2020-12-27,180808,1296,160307,910,20501,386,178204,990,1290842,2793,1469046,3783,27,2069,-183,24655,1452,154084,41,6283,2447,"East TN",2455501,606.027038881271,0.220597173681811,154.062246360315,52.7794531543665,1004.07208142045,22.0597173681811
2020-12-28,182204,1396,161284,977,20920,419,179223,1019,1292662,1820,1471885,2839,25,2094,-2429,22226,3800,157884,41,6324,2483,"East TN",2455501,568.641592896928,0.229922002228508,115.617953321949,56.8519418236849,905.151331642708,22.9922002228508
2020-12-29,185110,2906,163011,1727,22099,1179,181003,1780,1296751,4089,1477754,5869,50,2144,-111,22115,2967,160851,64,6388,2525,"East TN",2455501,578.904264343611,0.234430069394278,239.014360002297,118.346520730393,900.630869219764,23.4430069394278
2020-12-30,187437,2327,164627,1616,22810,711,182684,1681,1301231,4480,1483915,6161,40,2184,-550,21565,2837,163688,44,6432,2563,"East TN",2455501,583.302552106474,0.243637833831226,250.906026916707,94.7668113350392,878.232181538513,24.3637833831226
2020-12-31,190881,3444,167306,2679,23575,765,185579,2895,1308352,7121,1493931,10016,52,2236,597,22162,2795,166483,29,6461,2606,"East TN",2455501,638.403323802352,0.260332704510376,407.900465118931,140.256509771326,902.544938894344,26.0332704510376
2021-01-01,193121,2240,169022,1716,24099,524,187435,1856,1314553,6201,1501988,8057,24,2260,-446,21716,2662,169145,29,6490,2644,"East TN",2455501,633.190538305625,0.269009570139347,328.120412086983,91.2237461927322,884.381639429184,26.9009570139347
2021-01-02,195844,2723,171131,2109,24713,614,189686,2251,1321114,6561,1510800,8812,4,2264,1167,22883,1552,170697,62,6552,2679,"East TN",2455501,665.118849473081,0.273887168676022,358.867701540337,110.89386646554,931.907582200129,27.3887168676022
2021-01-03,197158,1314,172035,904,25123,410,190623,937,1324485,3371,1515108,4308,15,2279,-182,22701,1481,172178,23,6575,2721,"East TN",2455501,665.851897433558,0.269614866918501,175.442811874237,53.5125011148438,924.49565282197,26.9614866918501
2021-01-04,198715,1557,173160,1125,25555,432,191803,1180,1326850,2365,1518653,3545,46,2325,-1578,21123,3089,175267,33,6608,2768,"East TN",2455501,672.408604191161,0.268987341772152,144.369723327337,63.4086485812875,860.231781620126,26.8987341772152
2021-01-05,201618,2903,174899,1739,26719,1164,193632,1829,1332123,5273,1525755,7102,43,2368,-441,20682,3301,178568,58,6666,2811,"East TN",2455501,672.286429531081,0.263098685444053,289.228145294993,118.224346070313,842.272106588431,26.3098685444053
2021-01-06,204164,2546,176693,1794,27471,752,195535,1903,1337707,5584,1533242,7487,52,2420,65,20747,2429,180997,61,6727,2854,"East TN",2455501,681.205179716889,0.260526689237132,304.907226671869,103.685561520846,844.919224223488,26.0526689237132
2021-01-07,206676,2512,178832,2139,27844,373,197857,2322,1344816,7109,1542673,9431,33,2453,979,21726,1500,182497,44,6771,2886,"East TN",2455501,643.249585318841,0.251897747322638,384.076406403418,102.300915373278,884.788888296116,25.1897747322638
2021-01-08,209026,2350,180692,1860,28334,490,199848,1991,1352162,7346,1552010,9337,50,2503,1674,23400,626,183123,47,6818,2940,"East TN",2455501,647.729322855091,0.248150813641998,380.248267054259,95.7034837289824,952.962348620506,24.8150813641998
2021-01-09,211602,2576,182695,2003,28907,573,202027,2179,1360353,8191,1562380,10370,27,2530,755,24155,1794,184917,32,6850,2968,"East TN",2455501,641.742764511193,0.239259402869329,422.317075008318,104.907308121642,983.70963807386,23.9259402869329
2021-01-10,213270,1668,183829,1134,29441,534,203279,1252,1366158,5805,1569437,7057,36,2566,2,24157,1630,186547,41,6891,3007,"East TN",2455501,656.159374400581,0.232951094259051,287.395525393799,67.9291110042309,983.791087847246,23.2951094259051
2021-01-11,214695,1425,184843,1014,29852,411,204377,1098,1369431,3273,1573808,4371,28,2594,-2185,21972,3582,190129,40,6931,3046,"East TN",2455501,650.78368935708,0.227975704831838,178.008479735907,58.0329635377872,894.807210422639,22.7975704831838
2021-01-12,216514,1819,185980,1137,30534,682,205572,1195,1373635,4204,1579207,5399,60,2654,-2159,19813,3918,194047,39,6970,3083,"East TN",2455501,606.637912181669,0.223377983985632,219.8736632565,74.0785688949017,806.882180052055,22.3377983985632
2021-01-13,218043,1529,187058,1078,30985,451,206708,1136,1378373,4738,1585081,5874,49,2703,-1344,18469,2824,196871,32,7002,3108,"East TN",2455501,565.220702414701,0.215532707035244,239.217984435763,62.2683517538783,752.147932336415,21.5532707035244
2021-01-14,220294,2251,188839,1781,31455,470,208674,1966,1386898,8525,1595572,10491,38,2741,-199,18270,2412,199283,49,7051,3149,"East TN",2455501,554.59150698778,0.204484016711091,427.244786298193,91.6717199463572,744.043679884472,20.4484016711091
2021-01-15,221259,965,189510,671,31749,294,209368,694,1389956,3058,1599324,3752,23,2764,-366,17904,1308,200591,29,7080,3189,"East TN",2455501,498.18753891772,0.201208944498457,152.799774872826,39.2995156589226,729.138371354766,20.1208944498457
2021-01-16,223693,2434,191261,1751,32432,683,211371,2003,1400847,10891,1612218,12894,13,2777,358,18262,2063,202654,54,7134,3230,"East TN",2455501,492.404605007288,0.187487459368353,525.106689021914,99.1243742112099,743.717880790926,18.7487459368353
2021-01-17,224549,856,191867,606,32682,250,212043,672,1404466,3619,1616509,4291,13,2790,-830,17432,1673,204327,24,7158,3262,"East TN",2455501,459.335997012422,0.186182868796737,174.750488800453,34.8605030093655,709.916224835583,18.6182868796737
2021-01-18,225111,562,192186,319,32925,243,212397,354,1406550,2084,1618947,2438,13,2803,-2442,14990,2991,207318,21,7179,3293,"East TN",2455501,424.190419796205,0.177673408803917,99.2872737579826,22.8873863215694,610.466051530828,17.7673408803917
2021-01-19,226789,1678,193157,971,33632,707,213462,1065,1410758,4208,1624220,5273,21,2824,-1175,13815,2832,210150,51,7230,3331,"East TN",2455501,418.448210772466,0.175282696110013,214.742327533159,68.3363598711627,562.614309666337,17.5282696110013
2021-01-20,227773,984,193815,658,33958,326,214159,697,1414754,3996,1628913,4693,32,2856,-1005,12810,1957,212107,29,7259,3370,"East TN",2455501,396.25314752468,0.169989961671838,191.121893251113,40.073288506093,521.685798539687,16.9989961671838
2021-01-21,229339,1566,194957,1142,34382,424,215443,1284,1421688,6934,1637131,8218,65,2921,-770,12040,2271,214378,37,7296,3415,"East TN",2455501,368.356600139849,0.162876873842008,334.677118844586,63.7751725615261,490.327635785935,16.2876873842008
2021-01-22,230326,987,195664,707,34662,280,216262,819,1427133,5445,1643395,6264,32,2953,-734,11306,1689,216067,28,7324,3446,"East TN",2455501,369.252547647099,0.156429398016836,255.100690246105,40.1954631661726,460.435568953138,15.6429398016836
2021-01-23,231759,1433,196634,970,35125,463,217363,1101,1435415,8282,1652778,9383,19,2972,206,11512,1208,217275,40,7364,3469,"East TN",2455501,328.486936067222,0.147731755424063,382.121611842145,58.3587626313327,468.824895611934,14.7731755424063
2021-01-24,232384,625,197125,491,35259,134,217906,543,1438791,3376,1656697,3919,19,2991,-589,10923,1195,218470,19,7383,3495,"East TN",2455501,319.079487241097,0.145889320195083,159.600830950588,25.45305418324,444.837937349649,14.5889320195083
2021-01-25,233125,741,197637,512,35488,229,218455,549,1440548,1757,1659003,2306,44,3035,-1156,9767,1853,220323,20,7403,3525,"East TN",2455501,326.369241959177,0.151238266427002,93.9115887144823,30.1771410396493,397.759968332328,15.1238266427002
2021-01-26,234157,1032,198365,728,35792,304,219239,784,1445014,4466,1664253,5250,63,3098,-918,8849,1887,222210,25,7428,3547,"East TN",2455501,300.06096515538,0.144305947593236,213.805655139216,42.0280830673659,360.374522347985,14.4305947593236
2021-01-27,235110,953,199069,704,36041,249,219994,755,1449536,4522,1669530,5277,55,3153,-384,8465,1282,223492,27,7455,3569,"East TN",2455501,298.798493667891,0.143659059014698,214.905227079932,38.8108170186043,344.736165857803,14.3659059014698
2021-01-28,236436,1326,199783,714,36653,612,220790,796,1453968,4432,1674758,5228,46,3199,-182,8283,1462,224954,28,7483,3596,"East TN",2455501,289.024520861527,0.142105403035055,212.909707631966,54.001199755162,337.324236479643,14.2105403035055
2021-01-29,237028,592,200134,351,36894,241,221187,397,1456635,2667,1677822,3064,17,3216,-681,7602,1256,226210,16,7499,3615,"East TN",2455501,272.938190617719,0.143056322072792,124.781052827916,24.1091329223649,309.590588641585,14.3056322072792
2021-01-30,238182,1154,201100,966,37082,188,222286,1099,1465686,9051,1687972,10150,44,3260,239,7841,871,227081,27,7526,3634,"East TN",2455501,261.575947230321,0.139881798033756,413.357599935818,46.9965192439343,319.323836561256,13.9881798033756
2021-01-31,238863,681,201542,442,37321,239,222777,491,1469613,3927,1692390,4418,29,3289,-85,7756,737,227818,30,7556,3655,"East TN",2455501,263.856540885139,0.136469335724092,179.922549410487,27.7336478380583,315.862221192335,13.6469335724092
2021-02-01,239555,692,201948,406,37607,286,223218,441,1471309,1696,1694527,2137,39,3328,-546,7210,1199,229017,11,7567,3681,"East TN",2455501,261.861021437173,0.134078369552978,87.0290828633342,28.1816215916833,293.626433057857,13.4078369552978
2021-02-02,240091,536,202297,349,37794,187,223581,363,1472368,1059,1695949,1422,57,3385,-839,6371,1318,230335,11,7578,3696,"East TN",2455501,241.661477637354,0.136988894497728,57.9107888777077,21.8285392675466,259.458253122275,13.6988894497728
2021-02-03,241202,1111,203056,759,38146,352,224409,828,1478372,6004,1702781,6832,46,3431,37,6408,1028,231363,39,7617,3708,"East TN",2455501,248.096009734877,0.132777961565066,278.232425887833,45.2453491161274,260.965073929923,13.2777961565066
2021-02-04,242296,1094,203834,778,38462,316,225275,866,1486087,7715,1711362,8581,58,3489,-3,6405,1039,232402,35,7652,3727,"East TN",2455501,238.647836022058,0.122527592612829,349.460252714212,44.5530260423433,260.842899269843,12.2527592612829
2021-02-05,243113,817,204393,559,38720,258,225881,606,1489893,3806,1715774,4412,67,3556,-153,6252,903,233305,28,7680,3740,"East TN",2455501,247.810935528025,0.123682546374368,179.678200090328,33.2722324283313,254.611991605786,12.3682546374368
2021-02-06,244346,1233,205215,822,39131,411,226842,961,1498548,8655,1725390,9616,27,3583,502,6754,704,234009,22,7702,3770,"East TN",2455501,251.028201576786,0.121759580950345,391.610510441657,50.2137852926959,275.055884725765,12.1759580950345
2021-02-07,244863,517,205568,353,39295,164,227248,406,1501632,3084,1728880,3490,2,3585,-118,6636,633,234642,9,7711,3784,"East TN",2455501,244.349320159104,0.122526719649219,142.129854559212,21.0547664203761,270.250348095969,12.2526719649219
2021-02-08,245374,511,205867,299,39507,212,227568,320,1502995,1363,1730563,1683,32,3617,-628,6008,1107,235749,9,7720,3799,"East TN",2455501,236.978115667638,0.120712620712621,68.5399843046287,20.810417100217,244.675119252649,12.0712620712621
2021-02-09,246402,1028,206499,632,39903,396,228236,668,1507229,4234,1735465,4902,16,3633,-55,5953,1067,236816,37,7757,3810,"East TN",2455501,257.014759920684,0.117800384654317,199.633394569988,41.8651835205931,242.435250484524,11.7800384654317
2021-02-10,247249,847,207082,583,40167,264,228873,637,1513216,5987,1742089,6624,39,3672,-31,5922,839,237655,28,7785,3823,"East TN",2455501,246.263389833684,0.113564668769716,269.761649455651,34.4939790291268,241.172778997036,11.3564668769716
2021-02-11,248117,868,207665,583,40452,285,229524,651,1518790,5574,1748314,6225,37,3709,-99,5823,930,238585,31,7816,3841,"East TN",2455501,237.059565441024,0.114987010175363,253.51241966507,35.3492016496837,237.14101521441,11.4987010175363
2021-02-12,248949,832,208258,593,40691,239,230173,649,1524303,5513,1754476,6162,34,3743,57,5880,741,239326,11,7827,3850,"East TN",2455501,237.670438741422,0.110898661567878,250.9467518034,33.8831057287291,239.462333755922,11.0898661567878
2021-02-13,249543,594,208631,373,40912,221,230607,434,1528731,4428,1759338,4862,12,3755,-22,5858,604,239930,17,7844,3862,"East TN",2455501,211.647236144477,0.11090491339696,198.004399102261,24.1905826957513,238.566386248672,11.090491339696
2021-02-14,250084,541,209046,415,41038,126,231060,453,1531699,2968,1762759,3421,15,3770,-48,5810,574,240504,14,7858,3875,"East TN",2455501,212.624633425114,0.112518079046017,139.319837377382,22.0321637010125,236.611591687399,11.2518079046017
2021-02-15,250459,375,209255,209,41204,166,231288,228,1533023,1324,1764311,1552,5,3775,-575,5235,945,241449,9,7867,3885,"East TN",2455501,207.086048834841,0.110228754296551,63.2050241478216,15.271832509944,213.194781838818,11.0228754296551
2021-02-16,251225,766,209683,428,41542,338,231760,472,1536432,3409,1768192,3881,8,3783,-43,5192,801,242250,21,7888,3895,"East TN",2455501,196.416128521226,0.10767867510007,158.053285256247,31.1952632069789,211.443611711011,10.767867510007
2021-02-17,251846,621,210101,418,41745,203,232211,451,1539686,3254,1771897,3705,11,3794,-94,5098,704,242954,11,7899,3911,"East TN",2455501,187.212304128567,0.111983360171766,150.885705198247,25.2901546364673,207.615472361852,11.1983360171766
2021-02-18,252640,794,210653,552,41987,242,232817,606,1545406,5720,1778223,6326,42,3836,25,5123,727,243681,20,7919,3927,"East TN",2455501,184.198662513271,0.110100638603765,257.625633221082,32.3355600343881,208.633594529182,11.0100638603765
2021-02-19,253119,479,210957,304,42162,175,233162,345,1548114,2708,1781276,3053,5,3841,-222,4901,696,244377,11,7930,3936,"East TN",2455501,169.822777510577,0.111529850746269,124.333079074291,19.5072207260351,199.592669683295,11.1529850746269
2021-02-20,253741,622,211404,447,42337,175,233667,505,1553341,5227,1787008,5732,18,3859,73,4974,531,244908,18,7948,3946,"East TN",2455501,170.963074337986,0.110589085652331,233.435050525331,25.3308795231604,202.565586411897,11.0589085652331
2021-02-21,254089,348,211631,227,42458,121,233930,263,1555475,2134,1789405,2397,7,3866,-82,4892,423,245331,11,7959,3962,"East TN",2455501,163.103171206202,0.107708474067402,97.617553403562,14.172260569228,199.226145703056,10.7708474067402
2021-02-22,254447,358,211827,196,42620,162,234158,228,1556858,1383,1791016,1611,7,3873,-481,4411,832,246163,22,7981,3977,"East TN",2455501,162.410848132418,0.107470511140236,65.6077924627194,14.5795094361599,179.637475203635,10.7470511140236
2021-02-23,255090,643,212175,348,42915,295,234526,368,1559804,2946,1794330,3314,26,3899,-144,4267,761,246924,27,8008,3982,"East TN",2455501,157.401687069156,0.105822939781162,134.962274501212,26.1861021437173,173.773091519816,10.5822939781162
2021-02-24,255831,741,212724,549,43107,192,235136,610,1566006,6202,1801142,6812,19,3918,55,4322,667,247591,20,8028,3988,"East TN",2455501,162.288673472338,0.100017096939648,277.417928153969,30.1771410396493,176.012960287941,10.0017096939648
2021-02-25,256466,635,213169,445,43297,190,235631,495,1570774,4768,1806405,5263,21,3939,-96,4226,710,248301,16,8044,3997,"East TN",2455501,155.813416488122,0.0998509687034277,214.335078666227,25.8603030501718,172.103371165396,9.98509687034277
2021-02-26,256928,462,213493,324,43435,138,235999,368,1573896,3122,1809895,3490,14,3953,-184,4042,632,248933,11,8055,4001,"East TN",2455501,155.121093414338,0.0991299486355219,142.129854559212,18.814897652251,164.60999201385,9.91299486355219
2021-02-27,257367,439,213718,225,43649,214,236273,274,1577992,4096,1814265,4370,7,3960,12,4054,420,249353,15,8070,4007,"East TN",2455501,147.668439149485,0.0956084675496203,177.967754849214,17.8782252583078,165.098690654168,9.56084675496203
2021-02-28,257733,366,213992,274,43741,92,236586,313,1580552,2560,1817138,2873,5,3965,-54,4000,415,249768,10,8080,4013,"East TN",2455501,148.401487109962,0.0957703818555511,117.002599469518,14.9053085297053,162.899546772736,9.57703818555511
2021-03-01,257977,244,214140,148,43837,96,236742,156,1581331,779,1818073,935,4,3969,-412,3588,652,250420,11,8091,4017,"East TN",2455501,143.75885002694,0.0955020881842037,38.077769058127,9.9368723531369,146.120893455144,9.55020881842037
2021-03-02,258597,620,214530,390,44067,230,237189,447,1584788,3457,1821977,3904,7,3976,3,3591,610,251030,23,8114,4022,"East TN",2455501,142.822177632996,0.0963214815350671,158.98995765019,25.2494297497741,146.243068115224,9.63214815350671
2021-03-03,259080,483,214833,303,44247,180,237544,355,1588960,4172,1826504,4527,7,3983,-146,3445,622,251652,16,8130,4025,"East TN",2455501,132.315156866155,0.0949451935967195,184.361562060044,19.6701202728079,140.297234658019,9.49451935967195
2021-03-04,259691,611,215246,413,44445,198,238016,472,1593782,4822,1831798,5294,18,4001,51,3496,542,252194,16,8146,4030,"East TN",2455501,131.337759585518,0.093923522230536,215.597550153716,24.8829057695354,142.374203879371,9.3923522230536
2021-03-05,260161,470,215557,311,44604,159,238370,354,1597465,3683,1835835,4037,15,4016,-64,3432,519,252713,15,8161,4034,"East TN",2455501,131.663558679064,0.0914032382420971,164.406367580384,19.1406967457965,139.767811131007,9.14032382420971
2021-03-06,260624,463,215880,323,44744,140,238742,372,1601741,4276,1840483,4648,1,4017,49,3481,413,253126,8,8169,4039,"East TN",2455501,132.6409559597,0.0941719429399649,189.289273349919,18.8556225389442,141.763330578973,9.41719429399649
2021-03-07,260879,255,216044,164,44835,91,238926,184,1603472,1731,1842398,1915,1,4018,-111,3370,365,253491,4,8173,4043,"East TN",2455501,128.120493536757,0.0926365795724466,77.9881580174473,10.3848461067619,137.24286815603,9.26365795724466
2021-03-08,261335,456,216335,291,45000,165,239238,312,1605054,1582,1844292,1894,3,4021,-127,3243,580,254071,9,8182,4051,"East TN",2455501,136.754169515712,0.0951981387543385,77.1329353968905,18.5705483320919,132.070807545996,9.51981387543385
2021-03-09,261874,539,216617,282,45257,257,239557,319,1607630,2576,1847187,2895,6,4027,25,3268,508,254579,17,8199,4062,"East TN",2455501,133.455453693564,0.0939309797699326,117.898546976768,21.9507139276262,133.088929713325,9.39309797699326
2021-03-10,262523,649,217080,463,45443,186,240064,507,1613101,5471,1853165,5978,7,4034,174,3442,468,255047,24,8223,4070,"East TN",2455501,140.215784884633,0.0945200855181726,243.453372651854,26.4304514638764,140.175059997939,9.45200855181726
2021-03-11,263057,534,217420,340,45637,194,240429,365,1616440,3339,1856869,3704,5,4039,88,3530,441,255488,8,8231,4077,"East TN",2455501,137.079968609257,0.0962466594870568,150.844980311554,21.7470894941603,143.75885002694,9.62466594870568
2021-03-12,263520,463,217788,368,45732,95,240845,416,1619789,3349,1860634,3765,5,4044,3,3533,455,255943,10,8241,4085,"East TN",2455501,136.794894402405,0.099802411387556,153.329198399838,18.8556225389442,143.881024687019,9.98024113875559
2021-03-13,263967,447,218004,216,45963,231,241125,280,1623429,3640,1864554,3920,2,4046,42,3575,403,256346,20,8261,4091,"East TN",2455501,136.143296215314,0.0989987952307756,159.641555837281,18.2040243518532,145.591469928133,9.89987952307756
2021-03-14,264229,262,218180,176,46049,86,241336,211,1625271,1842,1866607,2053,0,4046,-50,3525,312,256658,10,8271,4096,"East TN",2455501,136.428370422166,0.0995497542236358,83.6081923811067,10.6699203136142,143.555225593474,9.95497542236358
2021-03-15,264586,357,218364,184,46222,173,241553,217,1626467,1196,1868020,1413,4,4050,-167,3358,520,257178,15,8286,4100,"East TN",2455501,132.396606639541,0.0975640593391773,57.544264897469,14.5387845494667,136.754169515712,9.75640593391774
2021-03-16,265286,700,218815,451,46471,249,242049,496,1629735,3268,1871784,3764,4,4054,193,3551,503,257681,35,8321,4101,"East TN",2455501,138.953313397144,0.101313168272554,153.288473513145,28.5074206852288,144.614072647496,10.1313168272554
2021-03-17,265712,426,219146,331,46566,95,242413,364,1633457,3722,1875870,4086,1,4055,-30,3521,455,258136,15,8336,4109,"East TN",2455501,129.871663664564,0.103457388240476,166.40188702835,17.3488017312964,143.392326046701,10.3457388240476
2021-03-18,266262,550,219495,349,46767,201,242798,385,1636748,3291,1879546,3676,6,4061,97,3618,447,258583,31,8367,4115,"East TN",2455501,130.523261851655,0.104467081183578,149.704683484144,22.3986876812512,147.34264005594,10.4467081183578
2021-03-19,267055,793,220026,531,47029,262,243361,563,1641794,5046,1885155,5609,15,4076,336,3954,442,259025,25,8392,4119,"East TN",2455501,143.962474460405,0.102605929611354,228.425889462069,32.2948351476949,161.02620198485,10.2605929611354
2021-03-20,267328,273,220192,166,47136,107,243555,194,1643915,2121,1887470,2315,1,4077,-42,3912,314,259339,15,8407,4120,"East TN",2455501,136.876344175791,0.106039448420318,94.278112694721,11.1178940672392,159.315756743736,10.6039448420318
2021-03-21,267609,281,220388,196,47221,85,243780,225,1645715,1800,1889495,2025,-7,4070,-32,3880,320,259659,8,8415,4126,"East TN",2455501,137.650117022962,0.106780845858092,82.4678955536976,11.4436931607847,158.012560369554,10.6780845858092
2021-03-22,268134,525,220727,339,47407,186,244136,356,1647804,2089,1891940,2445,14,4084,-10,3870,521,260180,19,8434,4132,"East TN",2455501,144.491897987417,0.107984949832776,99.5723479648349,21.3805655139216,157.605311502622,10.7984949832776
2021-03-23,268571,437,220975,248,47596,189,244403,267,1650260,2456,1894663,2723,11,4095,-73,3797,499,260679,16,8450,4137,"East TN",2455501,133.781252787109,0.102889112286376,110.89386646554,17.7967754849214,154.63239477402,10.2889112286376
2021-03-24,269168,597,221431,456,47737,141,244896,493,1654958,4698,1899854,5191,4,4099,84,3881,509,261188,24,8474,4141,"East TN",2455501,140.745208411644,0.103527351567712,211.402886824318,24.3127573558308,158.053285256247,10.3527351567712
2021-03-25,269568,400,221738,307,47830,93,245229,333,1657926,2968,1903155,3301,8,4107,-66,3815,458,261646,23,8497,4143,"East TN",2455501,134.636475407666,0.102969206658478,134.4328509742,16.2899546772736,155.365442734497,10.2969206658478
2021-03-26,269978,410,222060,322,47918,88,245575,346,1660559,2633,1906134,2979,7,4114,-64,3751,467,262113,12,8509,4148,"East TN",2455501,119.038843804177,0.105534105534106,121.319437458995,16.6972035442054,152.759049986133,10.5534105534106
2021-03-27,270181,203,222240,180,47941,23,245785,210,1663071,2512,1908856,2722,2,4116,-165,3586,366,262479,11,8520,4153,"East TN",2455501,116.188101735654,0.104273823997007,110.853141578847,8.26715199871635,146.039443681758,10.4273823997007
2021-03-28,270497,316,222459,219,48038,97,246030,245,1665143,2072,1911173,2317,5,4121,-67,3519,378,262857,17,8537,4159,"East TN",2455501,117.613472769915,0.103791862717963,94.3595624681073,12.8690641950461,143.310876273314,10.3791862717963
2021-03-29,270936,439,222696,237,48240,202,246285,255,1666999,1856,1913284,2111,18,4139,-96,3423,517,263374,17,8554,4162,"East TN",2455501,114.111132514302,0.100684032983508,85.9702358093114,17.8782252583078,139.401287150769,10.0684032983508
2021-03-30,271311,375,222954,258,48357,117,246607,322,1669475,2476,1916082,2798,5,4144,-144,3279,514,263888,19,8573,4166,"East TN",2455501,111.586189539324,0.102899295018442,113.948232967529,15.271832509944,133.53690346695,10.2899295018442
2021-03-31,271972,661,223396,442,48576,219,247095,488,1674291,4816,1921386,5304,4,4148,167,3446,490,264378,17,8590,4169,"East TN",2455501,114.192582287688,0.102127066691436,216.004799020648,26.9191501041946,140.337959544712,10.2127066691436
2021-04-01,272419,447,223714,318,48705,129,247445,350,1677119,2828,1924564,3178,1,4149,-89,3357,535,264913,13,8603,4170,"East TN",2455501,116.106651962268,0.103507870521743,129.423689910939,18.2040243518532,136.713444629019,10.3507870521743
2021-04-02,272770,351,223949,235,48821,116,247697,252,1680142,3023,1927839,3275,0,4149,-81,3276,432,265345,9,8612,4174,"East TN",2455501,113.70388364737,0.0977654918221608,133.374003920178,14.2944352293076,133.414728806871,9.77654918221608
2021-04-03,273114,344,224200,251,48914,93,247972,275,1682493,2351,1930465,2626,0,4149,-53,3223,397,265742,12,8624,4180,"East TN",2455501,119.446092671109,0.101207830070804,106.943552456301,14.0093610224553,131.256309812132,10.1207830070804
2021-04-04,273285,171,224323,123,48962,48,248113,141,1684088,1595,1932201,1736,6,4155,-179,3044,344,266086,6,8630,4183,"East TN",2455501,113.540984100597,0.0990583983260415,70.6984032993674,6.96395562453446,123.966555094052,9.90583983260415
2021-04-05,273693,408,224559,236,49134,172,248336,223,1685307,1219,1933643,1442,6,4161,-92,2952,494,266580,37,8667,4186,"East TN",2455501,112.278512613108,0.100741686723316,58.7252866115713,16.6157537708191,120.219865518279,10.0741686723316
2021-04-06,274124,431,224808,249,49316,182,248614,278,1687395,2088,1936009,2366,3,4164,-7,2945,435,267015,22,8689,4187,"East TN",2455501,114.559106267927,0.100717619310483,96.3550819160733,17.5524261647623,119.934791311427,10.0717619310483
2021-04-07,274756,632,225270,462,49486,170,249122,508,1692087,4692,1941209,5200,5,4169,207,3152,420,267435,21,8710,4187,"East TN",2455501,113.378084553824,0.10225495636382,211.769410804557,25.7381283900923,128.364842856916,10.225495636382
2021-04-08,275161,405,225525,255,49636,150,249411,289,1695100,3013,1944511,3302,-1,4168,42,3194,364,267799,16,8726,4190,"East TN",2455501,111.667639312711,0.0985611871459367,134.473575860894,16.4935791107395,130.07528809803,9.85611871459367
2021-04-09,275679,518,225931,406,49748,112,249861,450,1698976,3876,1948837,4326,4,4172,109,3303,405,268204,27,8753,4191,"East TN",2455501,118.468695390472,0.103057434041337,176.175859834714,21.0954913070693,134.514300747587,10.3057434041337
2021-04-10,275983,304,226146,215,49837,89,250108,247,1701757,2781,1951865,3028,1,4173,-15,3288,318,268522,14,8767,4195,"East TN",2455501,116.839699922745,0.0998130841121495,123.314956906961,12.3803655547279,133.903427447189,9.98130841121495
2021-04-11,276220,237,226309,163,49911,74,250282,174,1703470,1713,1953752,1887,2,4175,-87,3201,322,268844,9,8776,4198,"East TN",2455501,119.527542444495,0.100644981671384,76.8478611900382,9.65179814628461,130.360362304882,10.0644981671384
2021-04-12,276683,463,226629,320,50054,143,250612,330,1705233,1763,1955845,2093,3,4178,12,3213,448,269292,15,8791,4205,"East TN",2455501,121.76741121262,0.102513287091253,85.2371878488341,18.8556225389442,130.8490609452,10.2513287091253
2021-04-13,277062,379,226869,240,50193,139,250862,250,1707291,2058,1958153,2308,3,4181,-58,3155,434,269726,14,8805,4207,"East TN",2455501,119.649717104575,0.101517341040462,93.9930384878687,15.4347320567167,128.487017516996,10.1517341040462
2021-04-14,277744,682,227373,504,50371,178,251419,557,1712112,4821,1963531,5378,0,4181,270,3425,412,270138,25,8830,4208,"East TN",2455501,121.685961439234,0.102902965684078,219.018440635944,27.7743727247515,139.482736924155,10.2902965684078
2021-04-15,278283,539,227739,366,50544,173,251799,380,1715257,3145,1967056,3525,2,4183,112,3537,425,270563,23,8853,4212,"East TN",2455501,127.14309625612,0.105921490352628,143.555225593474,21.9507139276262,144.043924233792,10.5921490352628
2021-04-16,279261,978,228634,895,50627,83,252904,1105,1722741,7484,1975645,8589,3,4186,633,4170,342,270905,32,8885,4213,"East TN",2455501,145.876544134985,0.113510892270964,349.786051807757,39.8289391859339,169.822777510577,11.3510892270964
2021-04-17,279463,202,228781,147,50682,55,253077,173,1724972,2231,1978049,2404,0,4186,-90,4080,292,271197,10,8895,4214,"East TN",2455501,141.72260569228,0.113389856400855,97.9026276104143,8.22642711202317,166.157537708191,11.3389856400855
2021-04-18,279681,218,228968,187,50713,31,253280,203,1726775,1803,1980055,2006,6,4192,-122,3958,334,271531,7,8902,4219,"East TN",2455501,140.94883284511,0.113979393985477,81.6941227065271,8.87802529911411,161.189101531622,11.3979393985477
2021-04-19,280009,328,229163,195,50846,133,253490,210,1728224,1449,1981714,1659,8,4200,-216,3742,536,272067,14,8916,4221,"East TN",2455501,135.45097314153,0.111252850902625,67.5625870239923,13.3577628353644,152.392526005895,11.1252850902625
2021-04-20,280362,353,229440,277,50922,76,253771,281,1730672,2448,1984443,2729,4,4204,-112,3630,461,272528,20,8936,4224,"East TN",2455501,134.392126087507,0.11065043742868,111.138215785699,14.375885002694,147.831338696258,11.065043742868
2021-04-21,280872,510,229767,327,51105,183,254109,338,1734453,3781,1988562,4119,4,4208,25,3655,481,273009,12,8948,4229,"East TN",2455501,127.38744557628,0.107466741240861,167.745808289225,20.7696922135238,148.849460863588,10.7466741240861
2021-04-22,281516,644,230167,400,51349,244,254560,451,1738705,4252,1993265,4703,3,4211,193,3848,448,273457,21,8969,4231,"East TN",2455501,131.663558679064,0.105345492006563,191.529142118044,26.2268270304105,156.709363995372,10.5345492006563
2021-04-23,281902,386,230444,277,51458,109,254868,308,1741908,3203,1996776,3511,0,4211,-8,3840,394,273851,10,8979,4232,"East TN",2455501,107.554425756699,0.0929440159008092,142.985077179769,15.719806263569,156.383564901827,9.29440159008092
2021-04-24,282163,261,230633,189,51530,72,255077,209,1744906,2998,1999983,3207,0,4211,-130,3710,391,274242,19,8998,4236,"East TN",2455501,109.957194071597,0.0911826388255676,130.604711625041,10.629195426921,151.089329631713,9.11826388255676
2021-04-25,282363,200,230781,148,51582,52,255236,159,1746557,1651,2001793,1810,4,4215,-114,3596,310,274552,17,9015,4239,"East TN",2455501,109.224146111119,0.0899806789953078,73.712044914663,8.1449773386368,146.44669254869,8.99806789953078
2021-04-26,282751,388,231024,243,51727,145,255488,252,1748529,1972,2004017,2224,6,4221,-141,3455,523,275075,16,9031,4243,"East TN",2455501,111.667639312711,0.0895843608483164,90.5721480056412,15.8012560369554,140.704483524951,8.95843608483164
2021-04-27,283140,389,231227,203,51913,186,255706,218,1750893,2364,2006599,2582,3,4224,-54,3401,440,275515,23,9054,4246,"East TN",2455501,113.133735233665,0.0873352590720347,105.151657441801,15.8419809236486,138.505339643519,8.73352590720347
2021-04-28,283628,488,231573,346,52055,142,256087,381,1755020,4127,2011107,4508,6,4230,9,3410,473,275988,22,9076,4251,"East TN",2455501,112.237787726415,0.0877356398314482,183.587789212873,19.8737447062738,138.871863623757,8.77356398314482
2021-04-29,284020,392,231852,279,52168,113,256390,303,1757952,2932,2014342,3235,1,4231,18,3428,373,276361,20,9096,4253,"East TN",2455501,101.975116279733,0.0868245006405086,131.74500845245,15.9641555837281,139.604911584235,8.68245006405086
2021-04-30,284389,369,232079,227,52310,142,256630,240,1761219,3267,2017849,3507,0,4231,-4,3424,373,276734,15,9111,4256,"East TN",2455501,101.282793205949,0.083614103355004,142.822177632996,15.0274831897849,139.442012037462,8.3614103355004
2021-05-01,284624,235,232261,182,52363,53,256819,189,1763710,2491,2020529,2680,-1,4230,-31,3393,267,277001,15,9126,4256,"East TN",2455501,100.223946151926,0.0847853596807164,109.142696337733,9.57034837289824,138.179540549973,8.47853596807165
2021-05-02,284799,175,232389,128,52410,47,256952,133,1765186,1476,2022138,1609,1,4231,-77,3316,251,277252,11,9137,4260,"East TN",2455501,99.2058239845962,0.0843450479233227,65.526342689333,7.1268551713072,135.043724274598,8.43450479233227
2021-05-03,285010,211,232503,114,52507,97,257078,126,1766670,1484,2023748,1610,5,4236,-225,3091,431,277683,16,9153,4262,"East TN",2455501,91.9975190399027,0.0805838528204348,65.5670675760262,8.59295109226182,125.880624768632,8.05838528204348
2021-05-04,285330,320,232723,220,52607,100,257323,245,1769070,2400,2026393,2645,7,4243,-81,3010,394,278077,12,9165,4268,"East TN",2455501,89.1875018580729,0.0816914216429221,107.717325303472,13.0319637418189,122.581908946484,8.16914216429221
2021-05-05,285796,466,233016,293,52780,173,257634,311,1773219,4149,2030853,4460,5,4248,128,3138,333,278410,22,9187,4273,"East TN",2455501,88.2915543508229,0.0783449812620278,181.632994651601,18.9777971990237,127.794694443211,7.83449812620278
2021-05-06,286083,287,233212,196,52871,91,257865,231,1775657,2438,2033522,2669,4,4252,-100,3038,383,278793,10,9197,4278,"East TN",2455501,84.0154412480386,0.076903023983316,108.694722584108,11.6880424809438,123.722205773893,7.6903023983316
2021-05-07,286449,366,233459,247,52990,119,258134,269,1779106,3449,2037240,3718,0,4252,18,3056,348,279141,15,9212,4279,"East TN",2455501,83.893266587959,0.0775617554535609,151.415128725258,14.9053085297053,124.45525373437,7.75617554535609
2021-05-08,286620,171,233562,103,53058,68,258248,114,1781001,1895,2039249,2009,0,4252,-97,2959,268,279409,7,9219,4281,"East TN",2455501,81.2868738395953,0.0763354700854701,81.8162973666066,6.96395562453446,120.504939725131,7.63354700854701
2021-05-09,286766,146,233677,115,53089,31,258380,132,1782712,1711,2041092,1843,4,4256,-161,2798,303,279712,11,9230,4283,"East TN",2455501,80.1058521254929,0.0753402975625198,75.0559661755381,5.94583345720486,113.948232967529,7.53402975625198
2021-05-10,287002,236,233813,136,53189,100,258525,145,1784228,1516,2042753,1661,7,4263,-200,2598,429,280141,19,9249,4284,"East TN",2455501,81.1239742928225,0.0761378584583004,67.6440367973786,9.61107325959142,105.803255628892,7.61378584583004
2021-05-11,287318,316,234041,228,53277,88,258769,244,1786907,2679,2045676,2923,1,4264,-56,2542,371,280512,19,9268,4286,"East TN",2455501,80.9610747460498,0.0749883316911269,119.038843804177,12.8690641950461,103.522661974074,7.49883316911269
2021-05-12,287622,304,234258,217,53364,87,259020,251,1790972,4065,2049992,4316,3,4267,-54,2488,355,280867,15,9283,4288,"East TN",2455501,74.363643101754,0.0724175766758974,175.768610967782,12.3803655547279,101.323518092642,7.24175766758974
2021-05-13,287832,210,234394,136,53438,74,259165,145,1793705,2733,2052870,2878,1,4268,-134,2354,343,281210,9,9292,4290,"East TN",2455501,71.2278268263788,0.067190407277238,117.206223902984,8.55222620556864,95.8663832757551,6.7190407277238
2021-05-14,288135,303,234613,219,53522,84,259413,248,1796391,2686,2055804,2934,1,4269,34,2388,268,281478,19,9311,4293,"East TN",2455501,68.6621589647082,0.0688967894850248,119.486817557802,12.3396406680348,97.2510294233234,6.88967894850248
2021-05-15,288243,108,234694,81,53549,27,259515,102,1798379,1988,2057894,2090,0,4269,-157,2231,265,281743,5,9316,4296,"East TN",2455501,66.0964911030376,0.0679538750335211,85.1150131887546,4.39828776286387,90.8572222124935,6.79538750335211
2021-05-16,288343,100,234768,74,53575,26,259600,85,1799828,1449,2059428,1534,3,4272,-122,2109,219,281962,4,9320,4299,"East TN",2455501,64.2231463151512,0.0665357766143106,62.4719761873443,4.0724886693184,85.8887860359251,6.65357766143106
2021-05-17,288545,202,234870,102,53675,100,259710,110,1801397,1569,2061107,1679,6,4278,-114,1995,310,282272,11,9331,4303,"East TN",2455501,62.8385001675829,0.064563582870219,68.3770847578559,8.22642711202317,81.2461489529021,6.4563582870219
2021-05-18,288758,213,235005,135,53753,78,259856,146,1803635,2238,2063491,2384,8,4286,-103,1892,308,282580,20,9351,4306,"East TN",2455501,58.643836838185,0.0610159977547011,97.0881298765507,8.67440086564819,77.0514856235041,6.10159977547011
2021-05-19,288975,217,235169,164,53806,53,260023,167,1806905,3270,2066928,3437,1,4287,-54,1838,270,282850,19,9370,4308,"East TN",2455501,55.100771695878,0.0592229570146434,139.971435564473,8.83730041242093,74.8523417420722,5.92229570146434
2021-05-20,289154,179,235301,132,53853,47,260179,156,1821074,14169,2081253,14325,3,4290,-90,1748,266,283116,7,9377,4310,"East TN",2455501,53.8383002083892,0.0357256104005919,583.384001879861,7.28975471807994,71.1871019396856,3.57256104005919
2021-05-21,289317,163,235408,107,53909,56,260300,121,1823352,2278,2083652,2399,0,4290,-60,1688,223,283339,9,9386,4312,"East TN",2455501,48.1368160713435,0.0318514794599253,97.6990031769484,6.63815653098899,68.7436087380946,3.18514794599253
2021-05-22,289388,71,235456,48,53932,23,260362,62,1824939,1587,2085301,1649,0,4290,-108,1580,179,283518,10,9396,4312,"East TN",2455501,46.6299952636957,0.0309045134454701,67.1553381570604,2.89146695521606,64.3453209752307,3.09045134454701
2021-05-23,289462,74,235507,51,53955,23,260423,61,1826004,1065,2086427,1126,3,4293,-129,1451,200,283718,5,9401,4314,"East TN",2455501,45.5711482096729,0.0304826104670543,45.8562224165252,3.01364161529562,59.09181059181,3.04826104670543
2021-05-24,289622,160,235618,111,54004,49,260549,126,1827929,1925,2088478,2051,0,4293,-94,1357,254,283972,7,9408,4315,"East TN",2455501,43.8607029685592,0.0306528807862336,83.5267426077204,6.51598187090944,55.2636712426507,3.06528807862336
2021-05-25,289765,143,235714,96,54051,47,260637,88,1829656,1727,2090293,1815,0,4293,-73,1284,216,284188,8,9416,4319,"East TN",2455501,41.0099609000363,0.0291396164465338,73.915669348129,5.82365879712531,52.2907545140483,2.91396164465338
2021-05-26,289950,185,235854,140,54096,45,260802,165,1832540,2884,2093342,3049,7,4300,-32,1252,210,284398,13,9429,4321,"East TN",2455501,39.7067645258544,0.0294919360944953,124.170179527518,7.53410403823904,50.9875581398664,2.94919360944953
2021-05-27,290074,124,235930,76,54144,48,260941,139,1835512,2972,2096453,3111,4,4304,-82,1170,202,284600,9,9438,4325,"East TN",2455501,37.4668957577293,0.0501315789473684,126.695122502495,5.04988594995482,47.6481174310253,5.01315789473684
2021-05-28,290191,117,236020,90,54171,27,261039,98,1837624,2112,2098663,2210,0,4304,-61,1109,178,284778,5,9443,4326,"East TN",2455501,35.5935509698428,0.0492305642528812,90.0019995919366,4.76481174310253,45.1638993427411,4.92305642528812
2021-05-29,290243,52,236052,32,54191,20,261076,37,1838701,1077,2099777,1114,0,4304,-88,1021,140,284918,7,9450,4328,"East TN",2455501,34.8197781226723,0.0493230174081238,45.367523776207,2.11769410804557,41.5801093137409,4.93230174081238
2021-05-30,290298,55,236092,40,54206,15,261122,46,1839787,1086,2100909,1132,0,4304,-67,954,122,285040,7,9457,4330,"East TN",2455501,34.0460052755018,0.0482668139759702,46.1005717366843,2.23986876812512,38.8515419052975,4.82668139759702
2021-05-31,290378,80,236158,66,54220,14,261193,71,1841214,1427,2102407,1498,6,4310,-97,857,171,285211,4,9461,4331,"East TN",2455501,30.7880143400471,0.0462344748366717,61.0058802663896,3.25799093545472,34.9012278960587,4.62344748366717
2021-06-01,290508,130,236251,93,54257,37,261287,94,1842529,1315,2103816,1409,3,4313,-37,820,164,285375,11,9472,4331,"East TN",2455501,30.2585908130357,0.048066257487244,57.3813653506963,5.29423527011392,33.3944070884109,4.8066257487244
2021-06-02,290627,119,236322,71,54305,48,261360,73,1844509,1980,2105869,2053,1,4314,-20,800,138,285513,9,9481,4335,"East TN",2455501,27.5707482912856,0.0445437854234853,83.6081923811067,4.8462615164889,32.5799093545472,4.45437854234853
2021-06-03,290715,88,236379,57,54336,31,261479,119,1847675,3166,2109154,3285,1,4315,-42,758,129,285642,6,9487,4338,"East TN",2455501,26.1046523703309,0.0423588693803637,133.781252787109,3.58379002900019,30.8694641134335,4.23588693803637
2021-06-04,290806,91,236438,59,54368,32,261557,78,1849826,2151,2111383,2229,1,4316,-32,726,122,285764,7,9494,4338,"East TN",2455501,25.0458053163082,0.0407232704402516,90.7757724391071,3.70596468907974,29.5662677392516,4.07232704402516
2021-06-05,290847,41,236464,26,54383,15,261587,30,1851209,1383,2112796,1413,-1,4315,-69,657,111,285875,2,9496,4340,"East TN",2455501,24.5978315626831,0.0392503264459636,57.544264897469,1.66972035442054,26.7562505574219,3.92503264459636
2021-06-06,290873,26,236480,16,54393,10,261606,19,1852125,916,2113731,935,-1,4314,-57,600,84,285959,2,9498,4340,"East TN",2455501,23.4168098485808,0.037747621275932,38.077769058127,1.05884705402278,24.4349320159104,3.7747621275932
2021-06-07,290946,73,236514,34,54432,39,261658,52,1853395,1270,2115053,1322,3,4317,-70,530,140,286099,10,9508,4341,"East TN",2455501,23.1317356417285,0.0367705203226317,53.8383002083892,2.97291672860243,21.5841899473875,3.67705203226317
2021-06-08,291032,86,236579,65,54453,21,261728,70,1854874,1479,2116602,1549,3,4320,-28,502,111,286210,4,9512,4344,"East TN",2455501,21.3398406272284,0.0344908493664946,63.082849487742,3.50234025561382,20.4438931199784,3.44908493664946
2021-06-09,291080,48,236616,37,54464,11,261782,54,1857605,2731,2119387,2785,0,4320,-64,438,112,286322,3,9515,4345,"East TN",2455501,18.4483736720124,0.0312176357449327,113.418809440517,1.95479456127283,17.8375003716146,3.12176357449327
2021-06-10,291155,75,236673,57,54482,18,261848,66,1859390,1785,2121238,1851,4,4324,-23,415,94,286416,4,9519,4348,"East TN",2455501,17.918950145001,0.0305362462760675,75.3817652690836,3.0543665019888,16.9008279776714,3.05362462760675
2021-06-11,291225,70,236719,46,54506,24,261904,56,1860874,1484,2122778,1540,2,4326,-5,410,73,286489,4,9523,4349,"East TN",2455501,17.0637275244441,0.0304519526107942,62.7163255075034,2.85074206852288,16.6972035442054,3.04519526107942
2021-06-12,291254,29,236741,22,54513,7,261935,31,1862068,1194,2124003,1225,3,4329,-24,386,50,286539,1,9524,4352,"East TN",2455501,16.5750288841259,0.0310520210582672,49.8879861991504,1.18102171410234,15.719806263569,3.10520210582672
2021-06-13,291272,18,236755,14,54517,4,261956,21,1862912,844,2124868,865,1,4330,-41,345,58,286597,1,9525,4352,"East TN",2455501,16.2492297905804,0.0314267756128221,35.2270269896042,0.733047960477312,14.0500859091485,3.14267756128221
2021-06-14,291325,53,236788,33,54537,20,261997,41,1864165,1253,2126162,1294,3,4333,-9,336,59,286656,3,9528,4352,"East TN",2455501,15.4347320567167,0.0305157980016203,52.6980033809801,2.15841899473875,13.6835619289098,3.05157980016203
2021-06-15,291413,88,236856,68,54557,20,262085,88,1866047,1882,2128132,1970,0,4333,-7,329,95,286751,4,9532,4353,"East TN",2455501,15.5161818301031,0.0309627059843885,80.2280267855725,3.58379002900019,13.3984877220575,3.09627059843885
2021-06-16,291480,67,236896,40,54584,27,262123,38,1867953,1906,2130076,1944,2,4335,-14,315,79,286830,7,9539,4355,"East TN",2455501,16.2899546772736,0.0319019552811301,79.1691797315497,2.72856740844333,12.828339308353,3.19019552811301
2021-06-17,291532,52,236935,39,54597,13,262169,46,1870303,2350,2132472,2396,1,4336,-6,309,57,286887,1,9540,4359,"East TN",2455501,15.3532822833304,0.0285739718711056,97.5768285168689,2.11769410804557,12.5839899881939,2.85739718711056
2021-06-18,291595,63,236987,52,54608,11,262224,55,1872031,1728,2134255,1783,2,4338,1,310,60,286947,4,9544,4361,"East TN",2455501,15.0682080764781,0.0278818506578374,72.6124729739471,2.56566786167059,12.624714874887,2.78818506578374
2021-06-19,291623,28,237004,17,54619,11,262242,18,1873183,1152,2135425,1170,0,4338,-16,294,44,286991,4,9548,4362,"East TN",2455501,15.0274831897849,0.0268779548240238,47.6481174310253,1.14029682740915,11.9731166877961,2.68779548240238
2021-06-20,291648,25,237025,21,54623,4,262259,17,1873937,754,2136196,771,3,4341,-13,281,35,287026,2,9550,4365,"East TN",2455501,15.3125573966372,0.0267478813559322,31.3988876404449,1.0181221673296,11.4436931607847,2.67478813559322
2021-06-21,291715,67,237065,40,54650,27,262311,52,1875209,1272,2137520,1324,6,4347,2,283,59,287085,2,9552,4366,"East TN",2455501,15.8827058103418,0.0276457122732876,53.9197499817756,2.72856740844333,11.5251429341711,2.76457122732876
2021-06-22,291808,93,237111,46,54697,47,262362,51,1876636,1427,2138998,1478,5,4352,36,319,52,287137,7,9559,4370,"East TN",2455501,16.0863302438077,0.0254923614945702,60.1913825325259,3.78741446246611,12.9912388551257,2.54923614945702
2021-06-23,291877,69,237158,47,54719,22,262417,55,1878423,1787,2140840,1842,2,4354,6,325,61,287198,5,9564,4374,"East TN",2455501,16.167780017194,0.0273132664437012,75.0152412888449,2.8100171818297,13.2355881752848,2.73132664437012
2021-06-24,291961,84,237209,51,54752,33,262479,62,1880267,1844,2142746,1906,3,4357,28,353,53,287251,5,9569,4375,"East TN",2455501,17.4709763913759,0.0301732528713257,77.6216340372087,3.42089048222746,14.375885002694,3.01732528713257
2021-06-25,292040,79,237265,56,54775,23,262548,69,1882075,1808,2144623,1877,0,4357,32,385,47,287298,2,9571,4377,"East TN",2455501,18.1225745784669,0.03125,76.4406123231064,3.21726604876154,15.6790813768758,3.125
2021-06-26,292075,35,237283,18,54792,17,262569,21,1883259,1184,2145828,1205,0,4357,1,386,34,287332,2,9573,4379,"East TN",2455501,18.4076487853192,0.0314332404114198,49.0734884652867,1.42537103426144,15.719806263569,3.14332404114198
2021-06-27,292104,29,237303,20,54801,9,262593,24,1883973,714,2146566,738,2,4359,-9,377,36,287368,3,9576,4381,"East TN",2455501,18.5705483320919,0.0322082931533269,30.0549663795698,1.18102171410234,15.3532822833304,3.22082931533269
2021-06-28,292148,44,237327,24,54821,20,262618,25,1884525,552,2147143,577,4,4363,-16,361,56,287424,3,9579,4381,"East TN",2455501,17.6338759381487,0.0319027330354359,23.4982596219672,1.7918950145001,14.7016840962394,3.19027330354359
2021-06-29,292279,131,237412,85,54867,46,262715,97,1886540,2015,2149255,2112,0,4363,79,440,52,287476,6,9585,4384,"East TN",2455501,19.1814216324897,0.0344155211075363,86.0109606960046,5.3349601568071,17.918950145001,3.44155211075363
2021-06-30,292364,85,237475,63,54889,22,262790,75,1888184,1644,2150974,1719,3,4366,29,469,53,287529,3,9588,4384,"East TN",2455501,19.8330198195806,0.0368067890270377,70.0060802255833,3.46161536892064,19.0999718591033,3.68067890270377
2021-07-01,292470,106,237528,53,54942,53,262855,65,1890736,2552,2153591,2617,1,4367,57,526,48,287577,2,9590,4387,"East TN",2455501,20.7289673268307,0.0346703550023052,106.577028476063,4.3168379894775,21.4212904006148,3.46703550023052
2021-07-02,292552,82,237591,63,54961,19,262929,74,1892418,1682,2155347,1756,0,4367,30,556,52,287629,2,9592,4389,"East TN",2455501,20.8511419869102,0.0355277881387542,71.5129010332311,3.33944070884109,22.6430370014103,3.55277881387542
2021-07-03,292599,47,237626,35,54973,12,262969,40,1893506,1088,2156475,1128,1,4368,0,556,46,287675,3,9595,4392,"East TN",2455501,21.3398406272284,0.0375692683384991,45.9376721899116,1.91406967457965,22.6430370014103,3.75692683384991
2021-07-04,292626,27,237647,21,54979,6,262994,25,1894206,700,2157200,725,0,4368,-13,543,40,287715,1,9596,4393,"East TN",2455501,21.258390853842,0.0377092345307504,29.5255428525584,1.09957194071597,22.1136134743989,3.77092345307504
2021-07-05,292669,43,237671,24,54998,19,263019,25,1894688,482,2157707,507,0,4368,-30,513,73,287788,2,9598,4393,"East TN",2455501,21.2176659671489,0.0379591063990913,20.6475175534443,1.75117012780691,20.8918668736034,3.79591063990913
2021-07-06,292831,162,237774,103,55057,59,263132,113,1896013,1325,2159145,1438,5,4373,82,595,75,287863,6,9604,4393,"East TN",2455501,22.4801374546376,0.0421638018200202,58.5623870647986,6.59743164429581,24.2313075824445,4.21638018200202
2021-07-07,292973,142,237852,78,55121,64,263220,88,1897472,1459,2160692,1547,5,4378,80,675,57,287920,6,9610,4395,"East TN",2455501,24.8014559961491,0.0442477876106195,63.0013997143556,5.78293391043213,27.4892985178992,4.42477876106195
2021-07-08,293113,140,237954,102,55159,38,263337,117,1899327,1855,2162664,1972,2,4380,76,751,62,287982,3,9613,4397,"East TN",2455501,26.1861021437173,0.0531246555714758,80.3094765589588,5.70148413704576,30.5843899065812,5.31246555714758
2021-07-09,293277,164,238076,122,55201,42,263468,131,1901072,1745,2164540,1876,0,4380,100,851,64,288046,4,9617,4399,"East TN",2455501,29.5255428525584,0.0586315674970086,76.3998874364132,6.67888141768218,34.6568785758996,5.86315674970086
2021-07-10,293381,104,238149,73,55232,31,263542,74,1902128,1056,2165670,1130,0,4380,56,907,48,288094,12,9629,4400,"East TN",2455501,31.8468613940699,0.0623164763458401,46.0191219632979,4.23538821609114,36.9374722307179,6.23164763458401
2021-07-11,293429,48,238184,35,55245,13,263585,43,1902883,755,2166468,798,2,4382,4,911,42,288136,7,9636,4400,"East TN",2455501,32.7020840146267,0.0637678031937851,32.4984595811608,1.95479456127283,37.1003717774906,6.37678031937851
2021-07-12,293602,173,238300,116,55302,57,263710,125,1904249,1366,2167959,1491,1,4383,92,1003,80,288216,13,9649,4401,"East TN",2455501,37.9963192847407,0.0674014826375341,60.7208060595373,7.04540539792083,40.8470613532635,6.74014826375341
2021-07-13,293816,214,238435,135,55381,79,263855,145,1905870,1621,2169725,1766,4,4387,149,1152,61,288277,14,9663,4404,"East TN",2455501,40.1140133927862,0.0683364839319471,71.9201499001629,8.71512575234138,46.915069470548,6.83364839319471
2021-07-14,293989,173,238567,132,55422,41,263997,142,1907433,1563,2171430,1705,0,4387,104,1256,69,288346,11,9674,4405,"East TN",2455501,41.3764848802749,0.0723598435462842,69.4359318118787,7.04540539792083,51.1504576866391,7.23598435462842
2021-07-15,294209,220,238715,148,55494,72,264164,167,1909234,1801,2173398,1968,0,4387,118,1374,102,288448,14,9688,4405,"East TN",2455501,44.6344758157297,0.0770449040432271,80.1465770121861,8.95947507250048,55.9559943164348,7.70449040432271
2021-07-16,294439,230,238856,141,55583,89,264319,155,1910763,1529,2175082,1684,0,4387,164,1538,66,288514,9,9697,4409,"East TN",2455501,47.3223183374798,0.0807247201669512,68.5807091913219,9.36672393943232,62.634875734117,8.07247201669512
2021-07-17,294583,144,238956,100,55627,44,264429,110,1911981,1218,2176410,1328,0,4387,54,1592,90,288604,5,9702,4411,"East TN",2455501,48.9513138052072,0.0825884543761639,54.0826495285484,5.8643836838185,64.8340196155489,8.25884543761639
2021-07-18,294727,144,239077,121,55650,23,264561,132,1913107,1126,2177668,1258,0,4387,49,1641,95,288699,6,9708,4413,"East TN",2455501,52.8609029277528,0.0871428571428571,51.2319074600255,5.8643836838185,66.8295390635149,8.71428571428572
2021-07-19,295031,304,239287,210,55744,94,264778,217,1914797,1690,2179575,1907,3,4390,165,1806,136,288835,12,9720,4414,"East TN",2455501,58.1958630845599,0.0919421487603306,77.6623589239019,12.3803655547279,73.5491453678903,9.19421487603306
2021-07-20,295387,356,239523,236,55864,120,265032,254,1916458,1661,2181490,1915,2,4392,214,2020,140,288975,22,9742,4415,"East TN",2455501,63.9787969949921,0.100042498937527,77.9881580174473,14.4980596627735,82.2642711202317,10.0042498937527
2021-07-21,295788,401,239815,292,55973,109,265342,310,1918574,2116,2183916,2426,3,4395,248,2268,150,289125,23,9765,4419,"East TN",2455501,73.264071161038,0.10772064712478,98.7985751176644,16.3306795639668,92.3640430201413,10.772064712478
2021-07-22,296262,474,240147,332,56115,142,265709,367,1920943,2369,2186652,2736,5,4400,321,2589,148,289273,19,9784,4421,"East TN",2455501,83.6081923811067,0.116568583069262,111.423289992551,19.3035962925692,105.436731648653,11.6568583069262
2021-07-23,296726,464,240464,317,56262,147,266042,333,1922846,1903,2188888,2236,1,4401,332,2921,131,289404,21,9805,4426,"East TN",2455501,93.1378158673118,0.124800811241489,91.0608466459594,18.8963474256374,118.95739403079,12.4800811241489
2021-07-24,297084,358,240710,246,56374,112,266307,265,1924597,1751,2190904,2016,0,4401,225,3146,133,289537,19,9824,4430,"East TN",2455501,101.852941619653,0.129570856906306,82.1013715734589,14.5795094361599,128.120493536757,12.9570856906306
2021-07-25,297312,228,240899,189,56413,39,266510,203,1925912,1315,2192422,1518,3,4404,97,3243,128,289665,14,9838,4435,"East TN",2455501,105.273832101881,0.132099769554019,61.8203780002533,9.28527416604595,132.070807545996,13.2099769554019
2021-07-26,297980,668,241358,459,56622,209,266996,486,1927641,1729,2194637,2215,10,4414,449,3692,209,289874,30,9868,4439,"East TN",2455501,120.0976908582,0.147258000265569,90.2056240254026,27.2042243110469,150.356281671235,14.7258000265569
2021-07-27,298708,728,241845,487,56863,241,267511,515,1929962,2321,2197473,2836,2,4416,535,4227,191,290065,25,9893,4445,"East TN",2455501,135.247348708064,0.155102296189702,115.49577866187,29.6477175126379,172.144096052089,15.5102296189702
2021-07-28,299527,819,242389,544,57138,275,268124,613,1932830,2868,2200954,3481,2,4418,559,4786,258,290323,31,9924,4448,"East TN",2455501,152.270351345815,0.163282075360958,141.763330578973,33.3536822017177,194.909307713579,16.3282075360958
2021-07-29,300215,688,242840,451,57375,237,268620,496,1935258,2428,2203878,2924,3,4421,475,5261,210,290533,17,9941,4452,"East TN",2455501,160.985477098156,0.168988737954255,119.07956869087,28.0187220449106,214.253628892841,16.8988737954255
2021-07-30,301214,999,243581,741,57633,258,269413,793,1937061,1803,2206474,2596,4,4425,753,6014,242,290775,38,9979,4455,"East TN",2455501,182.77329147901,0.191686568861594,105.721805855506,40.6841618064908,244.919468572809,19.1686568861594
2021-07-31,301749,535,243945,364,57804,171,269808,395,1939031,1970,2208839,2365,2,4427,319,6333,214,290989,32,10011,4464,"East TN",2455501,189.981596423703,0.195204906607193,96.3143570293801,21.7878143808534,257.910707427934,19.5204906607193
2021-08-01,302283,534,244367,422,57916,112,270269,461,1941169,2138,2211438,2599,3,4430,320,6653,211,291200,26,10037,4467,"East TN",2455501,202.443411751818,0.197675641564998,105.843980515585,21.7470894941603,270.942671169753,19.7675641564998
2021-08-02,303133,850,244898,531,58235,319,270805,536,1943504,2335,2214309,2871,9,4439,415,7068,426,291626,32,10069,4475,"East TN",2455501,209.855341129977,0.19362545750305,116.921149696131,34.6161536892064,287.843499147424,19.362545750305
2021-08-03,304472,1339,245861,963,58611,376,271820,1015,1947279,3775,2219099,4790,4,4443,895,7963,440,292066,33,10102,4484,"East TN",2455501,234.738246899513,0.199250901692407,195.072207260351,54.5306232821734,324.292272737824,19.9250901692407
2021-08-04,305559,1087,246688,827,58871,260,272708,888,1950899,3620,2223607,4508,8,4451,646,8609,433,292499,34,10136,4490,"East TN",2455501,245.652516533286,0.202357303668388,183.587789212873,44.267951835491,350.600549541621,20.2357303668388
2021-08-05,306739,1180,247570,882,59169,298,273659,951,1954864,3965,2228523,4916,10,4461,663,9272,507,293006,36,10172,4497,"East TN",2455501,265.689160786332,0.204463379995942,200.203542983693,48.0553662979571,377.601149419202,20.4463379995942
2021-08-06,308079,1340,248549,979,59530,361,274741,1082,1959492,4628,2234233,5710,3,4464,908,10180,429,293435,45,10217,4510,"East TN",2455501,279.576347148708,0.191937749918945,232.539103018081,54.5713481688666,414.579346536613,19.1937749918945
2021-08-07,308803,724,249071,522,59732,202,275322,581,1962496,3004,2237818,3585,0,4464,326,10506,398,293833,26,10243,4519,"East TN",2455501,287.27335073372,0.190275716898444,145.998718795065,29.4848179658652,427.855659598591,19.0275716898444
2021-08-08,309439,636,249520,449,59919,187,275847,525,1964611,2115,2240458,2640,5,4469,220,10726,411,294244,27,10270,4528,"East TN",2455501,291.427289176425,0.192212267401792,107.513700870006,25.901027936865,436.815134671092,19.2212267401792
2021-08-09,310806,1367,250468,948,60338,419,276853,1006,1968150,3539,2245003,4545,14,4483,567,11293,786,295030,58,10328,4539,"East TN",2455501,312.482055596801,0.19704176712061,185.094610020521,55.6709201095825,459.906145426127,19.704176712061
2021-08-10,312132,1326,251308,840,60824,486,277770,917,1971402,3252,2249172,4169,6,4489,547,11840,773,295803,42,10370,4553,"East TN",2455501,311.952632069789,0.197851893725269,169.782052623884,54.001199755162,482.182658447299,19.7851893725269
2021-08-11,314019,1887,252607,1299,61412,588,279151,1381,1976758,5356,2255909,6737,8,4497,1059,12899,820,296623,58,10428,4568,"East TN",2455501,344.532541424337,0.19946133366355,274.363561651981,76.8478611900382,525.31031345538,19.946133366355
2021-08-12,315481,1462,253662,1055,61819,407,280312,1161,1981240,4482,2261552,5643,10,4507,583,13482,869,297492,38,10466,4582,"East TN",2455501,356.016959471815,0.201429047200945,229.810535609637,59.539784345435,549.052922397507,20.1429047200945
2021-08-13,317127,1646,254771,1109,62356,537,281482,1170,1986659,5419,2268141,6589,11,4518,793,14275,842,298334,26,10492,4601,"East TN",2455501,368.478774799929,0.198802642444261,268.336278421389,67.0331634969809,581.347757545202,19.8802642444261
2021-08-14,318657,1530,255854,1083,62803,447,282679,1197,1992135,5476,2274814,6673,1,4519,912,15187,617,298951,26,10518,4614,"East TN",2455501,401.303033474635,0.198859336144448,271.757168903617,62.3090766405715,618.488854209385,19.8859336144448
2021-08-15,319802,1145,256815,961,62987,184,283736,1057,1995945,3810,2279681,4867,11,4530,422,15609,712,299663,19,10537,4626,"East TN",2455501,422.032000801466,0.201131988884073,198.208023535727,46.6299952636957,635.674756393909,20.1131988884073
2021-08-16,321244,1442,257728,913,63516,529,284698,962,1999005,3060,2283703,4022,17,4547,166,15775,1259,300922,27,10564,4643,"East TN",2455501,425.086367303455,0.202713178294574,163.795494279986,58.7252866115713,642.435087584978,20.2713178294574
2021-08-17,322981,1737,258937,1209,64044,528,286019,1321,2003865,4860,2289884,6181,10,4557,514,16289,1213,302135,25,10589,4657,"East TN",2455501,441.824295734353,0.202618392611515,251.72052465057,70.7391281860606,663.367679345274,20.2618392611515
2021-08-18,325077,2096,260311,1374,64766,722,287497,1478,2009285,5420,2296782,6898,13,4570,936,17225,1147,303282,31,10620,4668,"East TN",2455501,450.335797053229,0.20419347735669,280.920268409583,85.3593625089137,701.486173290094,20.419347735669
2021-08-19,327469,2392,261782,1471,65687,921,289075,1578,2019236,9951,2308311,11529,23,4593,1118,18343,1251,304533,40,10660,4685,"East TN",2455501,488.20994167789,0.187407771765863,469.517218685718,97.4139289700961,747.016596613074,18.7407771765863
2021-08-20,329919,2450,263742,1960,66177,490,291176,2101,2026130,6894,2317306,8995,4,4597,1265,19608,1181,305714,33,10693,4713,"East TN",2455501,520.95275057921,0.197172785518153,366.32035580519,99.7759723983008,798.533578279952,19.7172785518153
2021-08-21,332844,2925,265693,1951,67151,974,293291,2115,2035060,8930,2328351,11045,0,4597,2168,21776,757,306471,53,10746,4725,"East TN",2455501,577.763967516201,0.19821805480322,449.806373526217,119.120293577563,886.825132630775,19.821805480322
2021-08-22,334329,1485,267031,1338,67298,147,294809,1518,2040572,5512,2335381,7030,7,4604,540,22316,938,307409,17,10763,4735,"East TN",2455501,591.610428991884,0.198797127468582,286.295953453083,60.4764567393782,908.816571445094,19.8797127468582
2021-08-23,336278,1949,268146,1115,68132,834,295994,1185,2044539,3967,2340533,5152,18,4622,177,22493,1754,309163,34,10797,4742,"East TN",2455501,612.257946545328,0.19876825620271,209.814616243284,79.3728041650156,916.024876389788,19.876825620271
2021-08-24,338266,1988,269528,1382,68738,606,297433,1439,2048318,3779,2345751,5218,15,4637,146,22639,1827,310990,25,10822,4758,"East TN",2455501,622.479893105317,0.204306656881522,212.502458765034,80.9610747460498,921.970709846993,20.4306656881522
2021-08-25,340498,2232,270722,1194,69776,1038,298679,1246,2052354,4036,2351033,5282,17,4654,607,23246,1608,312598,39,10861,4782,"East TN",2455501,628.01847769559,0.206116016294631,215.108851513398,90.8979470991867,946.690716069755,20.6116016294631
2021-08-26,343156,2658,272540,1818,70616,840,300636,1957,2059198,6844,2359834,8801,24,4678,736,23982,1898,314496,34,10895,4797,"East TN",2455501,638.851297555977,0.224385226015566,358.419727786712,108.246748830483,976.664232675939,22.4385226015566
2021-08-27,346170,3014,274805,2265,71365,749,302995,2359,2066267,7069,2369262,9428,19,4697,1314,25296,1681,316177,38,10933,4810,"East TN",2455501,661.820133650933,0.227480945415351,383.954231743339,122.744808493257,1030.17673379078,22.7480945415351
2021-08-28,348312,2142,276336,1531,71976,611,304659,1664,2072134,5867,2376793,7531,1,4698,918,26214,1223,317400,28,10961,4830,"East TN",2455501,629.93254737017,0.234672391726188,306.699121686369,87.2327072968001,1067.56217977513,23.4672391726188
2021-08-29,350653,2341,278162,1826,72491,515,306679,2020,2079127,6993,2385806,9013,9,4707,1081,27295,1251,318651,39,11000,4846,"East TN",2455501,664.793050379536,0.235399107585523,367.053403765667,95.3369597487437,1111.58578229046,23.5399107585523
2021-08-30,353898,3245,280565,2403,73333,842,309283,2604,2088169,9042,2397452,11646,21,4728,478,27773,2746,321397,59,11059,4865,"East TN",2455501,717.572503533902,0.233472127057749,474.282030428821,132.152257319382,1131.0522781298,23.3472127057749
2021-08-31,357491,3593,282959,2394,74532,1199,311894,2611,2096756,8587,2408650,11198,7,4735,910,28683,2676,324073,72,11131,4881,"East TN",2455501,782.935946676462,0.229908265632204,456.037281190274,146.32451788861,1168.1119250206,22.9908265632204
2021-09-01,358926,1435,283902,943,75024,492,312883,989,2099039,2283,2411922,3272,15,4750,-956,27727,2376,326449,28,11159,4907,"East TN",2455501,750.478211981995,0.233276946574915,133.251829260098,58.440212404719,1129.17893334191,23.3276946574915
2021-09-02,361242,2316,285378,1476,75864,840,314400,1517,2103301,4262,2417701,5779,19,4769,-567,27160,2864,329313,38,11197,4925,"East TN",2455501,736.550300732926,0.237855772720203,235.34912019991,94.3188375814141,1106.08792258688,23.7855772720203
2021-09-03,362997,1755,286585,1207,76412,548,315695,1295,2107407,4106,2423102,5401,17,4786,-939,26221,2677,331990,30,11227,4932,"East TN",2455501,685.277668386207,0.235884101040119,219.955113029887,71.4721761465379,1067.84725398198,23.5884101040119
2021-09-04,366259,3262,288913,2328,77346,934,318271,2576,2115455,8048,2433726,10624,3,4789,1590,27811,1669,333659,50,11277,4947,"East TN",2455501,730.889541482573,0.239088050866808,432.661196228387,132.844580393166,1132.59982382414,23.9088050866808
2021-09-05,370716,4457,292160,3247,78556,1210,321756,3485,2127966,12511,2449722,15996,8,4797,2831,30642,1618,335277,48,11325,4972,"East TN",2455501,817.063401725351,0.235887727642531,651.435287544171,181.510819991521,1247.89197805254,23.5887727642531
2021-09-06,375626,4910,296090,3930,79536,980,326041,4285,2143606,15640,2469647,19925,11,4808,1054,31696,3845,339122,74,11399,4993,"East TN",2455501,884.870338069502,0.232121338042801,811.443367361691,199.959193663533,1290.81600862716,23.2121338042801
2021-09-07,377709,2083,297542,1452,80167,631,327556,1515,2148032,4426,2475588,5941,34,4842,-1805,29891,3854,342976,54,11453,5008,"East TN",2455501,823.375759162794,0.23397771071738,241.946551844206,84.8299389819023,1217.30758814596,23.397771071738
2021-09-08,379385,1676,298718,1176,80667,500,328815,1259,2152412,4380,2481227,5639,20,4862,-1879,28012,3535,346511,51,11504,5028,"East TN",2455501,833.190456855851,0.229882403866965,229.647636062865,68.2549100977764,1140.78552604947,22.9882403866965
2021-09-09,381292,1907,299714,996,81578,911,329890,1075,2156078,3666,2485968,4741,7,4869,-1750,26262,3650,350161,44,11548,5049,"East TN",2455501,816.533978198339,0.226903188949273,193.076687812385,77.6623589239019,1069.5169743364,22.6903188949273
2021-09-10,386781,5489,303540,3826,83241,1663,334021,4131,2168184,12106,2502205,16237,23,4892,2156,28418,3310,353471,116,11664,5070,"East TN",2455501,968.600705110688,0.231672629356662,661.249985237229,223.538903058887,1157.3198300469,23.1672629356662
2021-09-11,391070,4289,306644,3104,84426,1185,337340,3319,2180006,11822,2517346,15141,8,4900,2552,30970,1729,355200,95,11759,5099,"East TN",2455501,1010.42516374459,0.22804353025592,616.615509421499,174.669039027066,1261.24974088791,22.804353025592
2021-09-12,392650,1580,308067,1423,84583,157,338893,1553,2185250,5244,2524143,6797,23,4923,-59,30911,1616,356816,38,11797,5124,"East TN",2455501,893.259664728298,0.230271025651362,276.807054853572,64.3453209752307,1258.84697257301,23.0271025651362
2021-09-13,395001,2351,309511,1444,85490,907,340397,1504,2190373,5123,2530770,6627,63,4986,-1851,29060,4139,360955,71,11868,5155,"East TN",2455501,789.04467968044,0.234870670614989,269.88382411573,95.7442086156756,1183.46520730393,23.4870670614989
2021-09-14,397816,2815,311458,1947,86358,868,342471,2074,2196595,6222,2539066,8296,43,5029,-859,28201,3631,364586,59,11927,5183,"East TN",2455501,818.855296739851,0.234963294369703,337.853660006654,114.640556041313,1148.48252963448,23.4963294369703
2021-09-15,399613,1797,312646,1188,86967,609,343686,1215,2200370,3775,2544056,4990,23,5052,-1476,26725,3250,367836,33,11960,5203,"East TN",2455501,823.783008029726,0.236690063505706,203.217184598988,73.1826213876516,1088.37259687534,23.6690063505706
2021-09-16,402268,2655,314490,1844,87778,811,345643,1957,2207029,6659,2552672,8616,23,5075,-602,26123,3234,371070,61,12021,5226,"East TN",2455501,854.245223276228,0.236162748860638,350.885623748473,108.124574170404,1063.85621508605,23.6162748860638
2021-09-17,404955,2687,316363,1873,88592,814,347650,2007,2214233,7204,2561883,9211,23,5098,-72,26051,2736,373806,76,12097,5258,"East TN",2455501,740.134090761926,0.228375615804819,375.116931330918,109.427770544585,1060.92402324414,22.8375615804819
2021-09-18,406413,1458,317540,1177,88873,281,348987,1337,2219705,5472,2568692,6809,3,5101,-204,25847,1659,375465,35,12132,5296,"East TN",2455501,624.841936533522,0.226833638452849,277.29575349389,59.3768847986623,1052.61614635873,22.6833638452849
2021-09-19,407057,644,317984,444,89073,200,349500,513,2221782,2077,2571282,2590,17,5118,-985,24862,1612,377077,23,12155,5325,"East TN",2455501,586.723442588702,0.225015380046246,105.477456535347,26.2268270304105,1012.50213296594,22.5015380046246
2021-09-20,409047,1990,319238,1254,89809,736,350874,1374,2227419,5637,2578293,7011,48,5166,235,25097,1707,378784,63,12218,5351,"East TN",2455501,572.021758492462,0.220461671190792,285.522180605913,81.0425245194362,1022.07248133884,22.0461671190792
2021-09-21,410920,1873,320334,1096,90586,777,352014,1140,2231724,4305,2583738,5445,31,5197,-2276,22821,4118,382902,57,12275,5378,"East TN",2455501,533.658915227483,0.213623746418338,221.747008044387,76.2777127763336,929.382639225152,21.3623746418338
2021-09-22,412510,1590,321441,1107,91069,483,353233,1219,2237083,5359,2590316,6578,14,5211,-1513,21308,3089,385991,44,12319,5400,"East TN",2455501,525.228863681994,0.206376999567661,267.888304667764,64.7525698421626,867.765885658365,20.6376999567661
2021-09-23,414864,2354,322940,1499,91924,855,354895,1662,2243440,6357,2598335,8019,32,5243,-495,20813,2817,388808,50,12369,5416,"East TN",2455501,512.970672787346,0.202614808488273,326.572866392642,95.8663832757551,847.607066745239,20.2614808488273
2021-09-24,416405,1541,323919,979,92486,562,355991,1096,2248323,4883,2604314,5979,38,5281,-1078,19735,2581,391389,36,12405,5443,"East TN",2455501,466.299952636957,0.19657797365134,243.494097538547,62.7570503941965,803.705638889986,19.657797365134
2021-09-25,417105,700,324403,484,92702,216,356553,562,2251345,3022,2607898,3584,2,5283,-946,18789,1644,393033,20,12425,5469,"East TN",2455501,435.430488523523,0.192980666224557,145.957993908371,28.5074206852288,765.179896078234,19.2980666224557
2021-09-26,417963,858,325026,623,92937,235,357272,719,2255322,3977,2612594,4696,6,5289,-479,18310,1331,394364,24,12449,5485,"East TN",2455501,444.145614275865,0.188129357087529,191.244067911192,34.9419527827519,745.672675352199,18.8129357087529
2021-09-27,419423,1460,325851,825,93572,635,358194,922,2258913,3591,2617107,4513,47,5336,-1471,16839,2884,397248,42,12491,5502,"East TN",2455501,422.561424328477,0.188591745246561,183.791413646339,59.4583345720486,685.766367026525,18.8591745246561
2021-09-28,420720,1297,326637,786,94083,511,359057,863,2262575,3662,2621632,4525,14,5350,-1050,15789,2333,399581,29,12520,5515,"East TN",2455501,399.103889593203,0.185860558399747,184.280112286658,52.8201780410596,643.005235998682,18.5860558399747
2021-09-29,422403,1683,327645,1008,94758,675,360195,1138,2268073,5498,2628268,6636,30,5380,-381,15408,2034,401615,45,12565,5540,"East TN",2455501,402.891304055669,0.183442242833052,270.250348095969,68.5399843046287,627.489054168579,18.3442242833052
2021-09-30,423613,1210,328396,751,95217,459,361015,820,2272745,4672,2633760,5492,11,5391,-807,14601,2006,403621,37,12602,5556,"East TN",2455501,356.302033678667,0.172759350741002,223.661077718967,49.2771128987526,594.62407060718,17.2759350741002
2021-10-01,424987,1374,329363,967,95624,407,362090,1075,2277717,4972,2639807,6047,14,5405,-316,14285,1676,405297,43,12645,5575,"East TN",2455501,349.500977600905,0.171836700194405,246.263389833684,55.9559943164348,581.755006412133,17.1836700194405
2021-10-02,425543,556,329713,350,95830,206,362484,394,2280387,2670,2642871,3064,11,5416,-454,13831,999,406296,18,12663,5596,"East TN",2455501,343.636593917087,0.169587967860921,124.781052827916,22.6430370014103,563.265907853428,16.9587967860921
2021-10-03,426081,538,330177,464,95904,74,363008,524,2283479,3092,2646487,3616,13,5429,-357,13474,882,407178,14,12677,5614,"East TN",2455501,330.604630175268,0.169238485823031,147.261190282553,21.909989040933,548.727123303961,16.9238485823031
2021-10-04,427433,1352,331029,852,96404,500,363950,942,2287617,4138,2651567,5080,22,5451,-629,12845,1959,409137,28,12705,5624,"East TN",2455501,326.206342412404,0.167034242600116,206.882424401375,55.0600468091848,523.111169573948,16.7034242600116
2021-10-05,428696,1263,331775,746,96921,517,364761,811,2292079,4462,2656840,5273,17,5468,-461,12384,1707,410844,39,12744,5647,"East TN",2455501,324.821696264836,0.162008634401272,214.742327533159,51.4355318934914,504.336996808391,16.2008634401272
2021-10-06,429632,936,332480,705,97152,231,365539,778,2296500,4421,2662039,5199,18,5486,-426,11958,1344,412188,22,12766,5668,"East TN",2455501,294.400205905027,0.158242278878328,211.728685917864,38.1184939448202,486.988195077094,15.8242278878328
2021-10-07,430746,1114,333267,787,97479,327,366395,856,2301284,4784,2667679,5640,24,5510,-397,11561,1487,413675,22,12788,5688,"East TN",2455501,290.490616782481,0.158613166661753,229.688360949558,45.367523776207,470.8204150599,15.8613166661753
2021-10-08,431803,1057,333848,581,97955,476,367038,643,2305531,4247,2672569,4890,9,5519,-119,11442,1167,414842,22,12810,5703,"East TN",2455501,277.580827700742,0.151028630730725,199.14469592967,43.0462052346955,465.974153543411,15.1028630730725
2021-10-09,432343,540,334200,352,98143,188,367454,416,2308340,2809,2675794,3225,4,5523,-293,11149,829,415671,25,12835,5723,"East TN",2455501,276.929229513651,0.150958296631534,131.337759585518,21.9914388143194,454.041761742308,15.0958296631534
2021-10-10,432663,320,334468,268,98195,52,367764,310,2310573,2233,2678337,2543,6,5529,-527,10622,841,416512,15,12850,5734,"East TN",2455501,268.051204214537,0.149324960753532,103.563386860767,13.0319637418189,432.579746455,14.9324960753532
2021-10-11,433883,1220,334995,527,98888,693,368311,547,2314019,3446,2682330,3993,52,5581,-292,10330,1460,417972,28,12878,5740,"East TN",2455501,262.675519171037,0.141761206644345,162.614472565884,49.6843617656845,420.688079540591,14.1761206644345
2021-10-12,434824,941,335635,640,99189,301,369316,1005,2317663,3644,2686979,4649,29,5610,-359,9971,1271,419243,25,12903,5761,"East TN",2455501,249.562105655832,0.151133083380338,189.329998236612,38.3221183782861,406.067845217738,15.1133083380338
2021-10-13,435674,850,336176,541,99498,309,369964,648,2321529,3866,2691493,4514,25,5635,-403,9568,1228,420471,33,12936,5773,"East TN",2455501,246.059765400218,0.150234263597474,183.832138533033,34.6161536892064,389.655715880384,15.0234263597474
2021-10-14,436625,951,336824,648,99801,303,370686,722,2325532,4003,2696218,4725,31,5666,-160,9408,1080,421551,24,12960,5788,"East TN",2455501,239.421608869229,0.150355653666912,192.425089625294,38.729367245218,383.139734009475,15.0355653666912
2021-10-15,437426,801,337328,504,100098,297,371261,575,2329426,3894,2700687,4469,24,5690,-269,9139,1046,422597,22,12982,5798,"East TN",2455501,228.996037875774,0.150188491357849,181.999518631839,32.6206342412404,372.184739489009,15.0188491357849
2021-10-16,437732,306,337565,237,100167,69,371532,271,2331656,2230,2703188,2501,7,5697,-360,8779,659,423256,8,12990,5806,"East TN",2455501,219.466414389569,0.148864714901073,101.852941619653,12.4618153281143,357.523780279462,14.8864714901073
2021-10-17,437980,248,337771,206,100209,42,371778,246,2333319,1663,2705097,1909,7,5704,-402,8377,643,423899,13,13003,5811,"East TN",2455501,216.534222547659,0.15,77.7438086972883,10.0997718999096,341.152375828802,15
2021-10-18,438771,791,338236,465,100535,326,372294,516,2336510,3191,2708804,3707,23,5727,-447,7930,1215,425114,34,13037,5823,"East TN",2455501,199.063246156283,0.150449497620307,150.967154971633,32.2133853743085,322.948351476949,15.0449497620307
2021-10-19,439604,833,338674,438,100930,395,372768,474,2339838,3328,2712606,3802,25,5752,-294,7636,1102,426216,19,13056,5830,"East TN",2455501,194.66495839342,0.134701681819956,154.836019207486,33.9238306154223,310.975234789153,13.4701681819956
2021-10-20,440367,763,339161,487,101206,276,373308,540,2343859,4021,2717167,4561,15,5767,-213,7423,961,427177,15,13071,5839,"East TN",2455501,191.121893251113,0.130248500428449,185.746208207612,31.0730885468994,302.300833923505,13.0248500428449
2021-10-21,440993,626,339578,417,101415,209,373776,468,2347497,3638,2721273,4106,17,5784,-302,7121,911,428088,15,13086,5846,"East TN",2455501,177.886305075828,0.123328676910796,167.216384762213,25.4937790699332,290.001918142163,12.3328676910796
2021-10-22,441539,546,339912,334,101627,212,374162,386,2350602,3105,2724764,3491,6,5790,-333,6788,873,428961,14,13100,5853,"East TN",2455501,167.501458969066,0.120488432944304,142.170579445905,22.2357881344785,276.440530873333,12.0488432944304
2021-10-23,441897,358,340154,242,101743,116,374435,273,2352987,2385,2727422,2658,0,5790,-142,6646,500,429461,8,13108,5864,"East TN",2455501,169.619153077111,0.119790377156062,108.246748830483,14.5795094361599,270.657596962901,11.9790377156062
2021-10-24,442140,243,340316,162,101824,81,374630,195,2354884,1897,2729514,2092,7,5797,-263,6383,499,429960,13,13121,5869,"East TN",2455501,169.415528643645,0.116803866158824,85.1964629621409,9.89614746644371,259.946951762593,11.6803866158824
2021-10-25,442563,423,340563,247,102000,176,374900,270,2357316,2432,2732216,2702,28,5825,-518,5865,913,430873,18,13139,5875,"East TN",2455501,154.428770340554,0.111310439091064,110.038643844983,17.2266270712168,238.851460455524,11.1310439091064
2021-10-26,443090,527,340888,325,102202,202,375239,339,2359956,2640,2735195,2979,12,5837,-228,5637,743,431616,20,13159,5881,"East TN",2455501,141.966955012439,0.109389525875426,121.319437458995,21.462015287308,229.566186289478,10.9389525875426
2021-10-27,443711,621,341275,387,102436,234,375663,424,2364152,4196,2739815,4620,10,5847,-120,5517,731,432347,12,13171,5895,"East TN",2455501,136.184021102007,0.1039826916284,188.14897652251,25.2901546364673,224.679199886296,10.39826916284
2021-10-28,444125,414,341526,251,102599,163,375954,291,2366949,2797,2742903,3088,16,5863,-247,5270,645,432992,15,13186,5905,"East TN",2455501,127.550345123052,0.100693481276006,125.758450108552,16.8601030909782,214.62015287308,10.0693481276006
2021-10-29,444584,459,341830,304,102754,155,376288,334,2370467,3518,2746755,3852,4,5867,-177,5093,632,433624,6,13192,5912,"East TN",2455501,124.007279980745,0.0966759128734482,156.872263542145,18.6927229921715,207.411847928386,9.66759128734482
2021-10-30,444845,261,342026,196,102819,65,376516,228,2373041,2574,2749557,2802,0,5867,-134,4959,395,434019,12,13204,5918,"East TN",2455501,120.056965971506,0.0940140049695053,114.111132514302,10.629195426921,201.954713111499,9.40140049695053
2021-10-31,445016,171,342150,124,102866,47,376662,146,2374666,1625,2751328,1771,0,5867,-198,4761,369,434388,4,13208,5925,"East TN",2455501,117.124774129597,0.0931511873109013,72.1237743336289,6.96395562453446,193.891185546249,9.31511873109013
2021-11-01,445612,596,342505,355,103107,241,377052,390,2377784,3118,2754836,3508,14,5881,-190,4571,772,435160,17,13225,5931,"East TN",2455501,124.170179527518,0.0951370468611848,142.862902519689,24.2720324691377,186.153457074544,9.51370468611848
2021-11-02,446024,412,342720,215,103304,197,377276,224,2379995,2211,2757271,2435,25,5906,-199,4372,586,435746,11,13236,5944,"East TN",2455501,119.486817557802,0.0922721507519478,99.165099097903,16.7786533175918,178.0492046226,9.22721507519478
2021-11-03,446598,574,343092,372,103506,202,377669,393,2384573,4578,2762242,4971,6,5912,70,4442,498,436244,8,13244,5950,"East TN",2455501,117.572747883222,0.0894457573460561,202.443411751818,23.3760849618876,180.899946691123,8.94457573460561
2021-11-04,447020,422,343390,298,103630,124,377999,330,2388109,3536,2766108,3866,13,5925,-74,4368,483,436727,4,13248,5954,"East TN",2455501,117.898546976768,0.088127558715794,157.442411955849,17.1859021845236,177.886305075828,8.8127558715794
2021-11-05,447454,434,343665,275,103789,159,378323,324,2391691,3582,2770014,3906,2,5927,22,4390,410,437137,9,13257,5956,"East TN",2455501,116.880424809438,0.0874930134571564,159.071407423577,17.6746008248419,178.782252583078,8.74930134571564
2021-11-06,447687,233,343833,168,103854,65,378511,188,2393931,2240,2772442,2428,0,5927,-58,4332,291,437428,8,13265,5960,"East TN",2455501,115.740127982029,0.0871750054620931,98.8800248910507,9.48889859951187,176.420209154873,8.71750054620931
2021-11-07,447885,198,343957,124,103928,74,378665,154,2395833,1902,2774498,2056,6,5933,-126,4206,318,437746,4,13269,5965,"East TN",2455501,116.839699922745,0.0864479930945188,83.7303670411863,8.06352756525043,171.288873431532,8.64479930945188
2021-11-08,448426,541,344297,340,104129,201,379051,386,2399366,3533,2778417,3919,25,5958,-49,4157,565,438311,8,13277,5970,"East TN",2455501,114.59983115462,0.0847716381832831,159.600830950588,22.0321637010125,169.293353983566,8.47716381832831
2021-11-09,449297,871,344903,606,104394,265,379853,802,2406644,7278,2786497,8080,11,5969,410,4567,450,438761,10,13287,5980,"East TN",2455501,133.292554146791,0.0881749127489222,329.057084480927,35.4713763097633,185.990557527771,8.81749127489222
2021-11-10,449925,628,345331,428,104594,200,380353,500,2411896,5252,2792249,5752,6,5975,190,4757,432,439193,9,13296,5981,"East TN",2455501,135.491698028223,0.0894457959809378,234.249548259194,25.5752288433196,193.728285999476,8.94457959809378
2021-11-11,450428,503,345699,368,104729,135,380752,399,2416186,4290,2796938,4689,5,5980,69,4826,429,439622,0,13296,5984,"East TN",2455501,138.790413850371,0.0892961401232566,190.95899370434,20.4846180066715,196.538303181306,8.92961401232566
2021-11-12,450901,473,346003,304,104898,169,381079,327,2419636,3450,2800715,3777,2,5982,114,4940,357,439979,1,13297,5984,"East TN",2455501,140.378684431405,0.089769062896974,153.817897040156,19.262871405876,201.180940264329,8.9769062896974
2021-11-13,451138,237,346138,135,105000,102,381229,150,2421634,1998,2802863,2148,4,5986,-82,4858,315,440294,3,13300,5985,"East TN",2455501,140.541583978178,0.0893461753394037,87.4770566169592,9.65179814628461,197.841499555488,8.93461753394037
2021-11-14,451498,360,346445,307,105053,53,381565,336,2424613,2979,2806178,3315,1,5987,76,4934,283,440577,0,13300,5985,"East TN",2455501,147.139015622474,0.091540404040404,135.002999387905,14.6609592095462,200.93659094417,9.1540404040404
