"DATE","TOTAL_CASES","NEW_CASES","TOTAL_CONFIRMED","NEW_CONFIRMED","TOTAL_PROBABLE","NEW_PROBABLE","POS_TESTS","NEW_POS_TESTS","NEG_TESTS","NEW_NEG_TESTS","TOTAL_TESTS","NEW_TESTS","NEW_DEATHS","TOTAL_DEATHS","NEW_HOSPITALIZED","TOTAL_HOSPITALIZED","TOTAL_DEATHS_BY_DOD","NEW_DEATHS_BY_DOD","Region","Population","New_cases_per_100k_per_week","PositivityRate_per_week","Tests_per_100k","New_cases_per_100k","PositivityPercentage_per_week"
2022-07-02,134308,107,103061,74,31247,33,111362,79,569006,200,680368,279,0,1418,0,2769,1419,1,"Knox County",470313,NA,NA,59.3221960694261,22.7508063778803,NA
2022-07-01,134201,180,102987,123,31214,57,111283,128,568806,319,680089,447,0,1418,0,2769,1418,0,"Knox County",470313,NA,NA,95.0430883262848,38.2723845609201,NA
2022-06-30,134021,193,102864,118,31157,75,111155,125,568487,308,679642,433,1,1418,0,2769,1418,1,"Knox County",470313,NA,NA,92.0663473048799,41.0365012236532,NA
2022-06-29,133828,182,102746,120,31082,62,111030,132,568179,244,679209,376,2,1417,0,2769,1417,1,"Knox County",470313,NA,NA,79.9467588605886,38.6976332782636,NA
2022-06-28,133646,182,102626,115,31020,67,110898,123,567935,265,678833,388,1,1415,0,2769,1416,0,"Knox County",470313,NA,NA,82.4982511646499,38.6976332782636,NA
2022-06-27,133464,143,102511,98,30953,45,110775,101,567670,167,678445,268,0,1414,0,2769,1416,0,"Knox County",470313,NA,NA,56.9833281240365,30.4052832900643,NA
2022-06-26,133321,88,102413,56,30908,32,110674,62,567503,168,678177,230,0,1414,0,2769,1416,0,"Knox County",470313,228.571185572162,0.309789343246592,48.903602494509,18.7109435631165,30.9789343246592
2022-06-25,133233,104,102357,60,30876,44,110612,71,567335,203,677947,274,0,1414,0,2769,1416,0,"Knox County",470313,227.933312496146,0.307119205298013,58.2590742760672,22.1129333018649,30.7119205298013
2022-06-24,133129,145,102297,119,30832,26,110541,128,567132,386,677673,514,0,1414,0,2769,1416,0,"Knox County",470313,220.491459942634,0.298832057994362,109.288920357294,30.8305320074078,29.8832057994362
2022-06-23,132984,185,102178,127,30806,58,110413,136,566746,304,677159,440,1,1414,1,2769,1416,0,"Knox County",470313,218.79046507326,0.302409638554217,93.5547178155824,39.335506354279,30.2409638554217
2022-06-22,132799,182,102051,127,30748,55,110277,131,566442,332,676719,463,0,1413,0,2768,1416,0,"Knox County",470313,218.79046507326,0.291812184710904,98.4450780650333,38.6976332782636,29.1812184710904
2022-06-21,132617,177,101924,87,30693,90,110146,95,566110,175,676256,270,1,1413,0,2768,1416,0,"Knox County",470313,217.727343279901,0.294428629524197,57.4085768413801,37.6345114849047,29.4428629524197
2022-06-20,132440,120,101837,84,30603,36,110051,91,565935,157,675986,248,0,1412,0,2768,1416,1,"Knox County",470313,212.83698303045,0.292742927429274,52.730840950601,25.5149230406134,29.2742927429274
2022-06-19,132320,90,101753,60,30567,30,109960,65,565778,198,675738,263,0,1412,0,2768,1415,0,"Knox County",470313,213.262231747793,0.29004854368932,55.9202063306777,19.13619228046,29.004854368932
2022-06-18,132230,99,101693,81,30537,18,109895,87,565580,194,675475,281,-1,1412,0,2768,1415,0,"Knox County",470313,212.199109954435,0.295683743444937,59.7474447867697,21.049811508506,29.5683743444937
2022-06-17,132131,133,101612,84,30519,49,109808,89,565386,254,675194,343,3,1413,1,2768,1415,1,"Knox County",470313,209.647617650373,0.300693240901213,72.9301550244199,28.2790397033465,30.0693240901213
2022-06-16,131998,138,101528,103,30470,35,109719,108,565132,301,674851,409,1,1410,0,2767,1414,0,"Knox County",470313,199.6542727928,0.292490118577075,86.9633626967573,29.3421614967054,29.2490118577075
2022-06-15,131860,113,101425,81,30435,32,109611,85,564831,264,674442,349,0,1409,0,2767,1414,1,"Knox County",470313,184.983192044447,0.286638927415626,74.2059011764506,24.0265525299109,28.6638927415626
2022-06-14,131747,170,101344,106,30403,64,109526,114,564567,244,674093,358,2,1409,0,2767,1413,0,"Knox County",470313,183.494821533745,0.283873833851622,76.1195204044966,36.1461409742023,28.3873833851622
2022-06-13,131577,117,101238,71,30339,46,109412,71,564323,150,673735,221,1,1407,0,2767,1413,2,"Knox County",470313,182.856948457729,0.278327338129496,46.989983266463,24.877049964598,27.8327338129496
2022-06-12,131460,79,101167,44,30293,35,109341,48,564173,129,673514,177,1,1406,1,2767,1411,2,"Knox County",470313,180.51808051234,0.281571562207671,37.6345114849047,16.7973243350705,28.1571562207671
2022-06-11,131381,102,101123,81,30258,21,109293,93,564044,227,673337,320,0,1405,0,2766,1409,0,"Knox County",470313,181.155953588355,0.279283417547083,68.039794774969,21.6876845845214,27.9283417547083
2022-06-10,131279,123,101042,76,30237,47,109200,88,563817,368,673017,456,0,1405,1,2766,1409,0,"Knox County",470313,179.029710001637,0.265065502183406,96.9567075543308,26.1527961166287,26.5065502183406
2022-06-09,131156,161,100966,107,30190,54,109112,114,563449,330,672561,444,1,1405,0,2765,1409,0,"Knox County",470313,183.920070251088,0.263655913978495,94.4052152502695,34.2325217461563,26.3655913978495
2022-06-08,130995,150,100859,100,30136,50,108998,116,563119,324,672117,440,0,1404,0,2765,1409,0,"Knox County",470313,191.787171521944,0.266556291390728,93.5547178155824,31.8936538007667,26.6556291390728
2022-06-07,130845,121,100759,70,30086,51,108882,71,562795,169,671677,240,0,1404,0,2765,1409,0,"Knox County",470313,181.368577947027,0.261531766753699,51.0298460812268,25.7275473992852,26.1531766753699
2022-06-06,130724,116,100689,79,30035,37,108811,81,562626,280,671437,361,0,1404,1,2765,1409,0,"Knox County",470313,181.155953588355,0.250615258408532,76.7573934805119,24.6644256059263,25.0615258408532
2022-06-05,130608,75,100610,54,29998,21,108730,57,562346,233,671076,290,3,1404,1,2764,1409,0,"Knox County",470313,180.305456153668,0.243041944335555,61.6610640148157,15.9468269003834,24.3041944335555
2022-06-04,130533,86,100556,72,29977,14,108673,76,562113,300,670786,376,0,1401,0,2763,1409,1,"Knox County",470313,176.903466414919,0.231300345224396,79.9467588605886,18.2856948457729,23.1300345224396
2022-06-03,130447,132,100484,90,29963,42,108597,96,561813,346,670410,442,0,1401,1,2763,1408,3,"Knox County",470313,178.817085642965,0.235634400308523,93.9799665329259,28.0664153446747,23.5634400308523
2022-06-02,130315,114,100394,88,29921,26,108501,96,561467,284,669968,380,0,1401,0,2762,1405,0,"Knox County",470313,168.823740785392,0.234480031633057,80.7972562952757,24.2391768885827,23.4480031633057
2022-06-01,130201,169,100306,90,29895,79,108405,105,561183,303,669588,408,1,1401,1,2762,1405,0,"Knox County",470313,172.863603600156,0.233079695634762,86.7507383380855,35.9335166155305,23.3079695634762
2022-05-31,130032,129,100216,94,29816,35,108300,96,560880,214,669180,310,0,1400,2,2761,1405,0,"Knox County",470313,174.56459846953,0.236462797039346,65.9135511882512,27.4285422686594,23.6462797039346
2022-05-30,129903,57,100122,32,29781,25,108204,36,560666,118,668870,154,0,1400,3,2759,1405,0,"Knox County",470313,162.019761307895,0.238135593220339,32.7441512354538,12.1195884442914,23.8135593220339
2022-05-29,129846,56,100090,43,29756,13,108168,46,560548,200,668716,246,0,1400,0,2756,1405,1,"Knox County",470313,157.979898493131,0.237910189982729,52.3055922332574,11.9069640856196,23.7910189982729
2022-05-28,129790,69,100047,56,29743,13,108122,58,560348,229,668470,287,0,1400,0,2756,1404,0,"Knox County",470313,154.365284395711,0.23933542882802,61.0231909388003,14.6710807483527,23.933542882802
2022-05-27,129721,98,99991,66,29730,32,108064,67,560119,417,668183,484,2,1400,2,2756,1404,0,"Knox County",470313,147.13605620087,0.222124283825474,102.910189597141,20.8371871498343,22.2124283825474
2022-05-26,129623,102,99925,78,29698,24,107997,82,559702,367,667699,449,1,1398,3,2754,1404,1,"Knox County",470313,144.584563896809,0.209580838323353,95.4683370436284,21.6876845845214,20.9580838323353
2022-05-25,129521,108,99847,79,29674,29,107915,86,559335,264,667250,350,2,1397,0,2751,1403,1,"Knox County",470313,131.614478017831,0.206578947368421,74.4185255351224,22.963430736552,20.6578947368421
2022-05-24,129413,106,99768,68,29645,38,107829,73,559071,281,666900,354,0,1395,1,2751,1402,0,"Knox County",470313,126.72411776838,0.192771084337349,75.2690229698095,22.5381820192085,19.2771084337349
2022-05-23,129307,107,99700,71,29607,36,107756,70,558790,337,666546,407,1,1395,2,2750,1402,0,"Knox County",470313,137.355335701969,0.187039192859915,86.5381139794137,22.7508063778803,18.7039192859915
2022-05-22,129200,47,99629,38,29571,9,107686,40,558453,180,666139,220,1,1394,2,2748,1402,0,"Knox County",470313,135.441716473923,0.186593492747942,46.7773589077912,9.99334485757357,18.6593492747942
2022-05-21,129153,55,99591,45,29562,10,107646,49,558273,208,665919,257,0,1393,3,2746,1402,0,"Knox County",470313,132.464975452518,0.185243950813169,54.644460178647,11.6943397269478,18.5243950813169
2022-05-20,129098,87,99546,59,29552,28,107597,63,558065,225,665662,288,0,1393,1,2743,1402,0,"Knox County",470313,130.126107507128,0.199139784946237,61.2358152974721,18.4983192044447,19.9139784946237
2022-05-19,129011,95,99487,67,29524,28,107534,69,557840,254,665374,323,6,1393,1,2742,1402,0,"Knox County",470313,128.637736996426,0.204638472032742,68.6776678509843,20.1993140738189,20.4638472032742
2022-05-18,128916,82,99420,54,29496,28,107465,56,557586,239,665051,295,1,1387,1,2741,1402,0,"Knox County",470313,123.10950367096,0.19589552238806,62.7241858081746,17.4351974110858,19.589552238806
2022-05-17,128834,80,99366,51,29468,29,107409,54,557347,315,664756,369,2,1386,0,2740,1402,0,"Knox County",470313,117.581270345493,0.185734136174155,78.4583883498861,17.0099486937423,18.5734136174155
2022-05-16,128754,64,99315,39,29439,25,107355,39,557032,254,664387,293,0,1384,1,2740,1402,1,"Knox County",470313,108.438422922607,0.180929095354523,62.298937090831,13.6079589549938,18.0929095354523
2022-05-15,128690,39,99276,25,29414,14,107316,27,556778,174,664094,201,0,1384,1,2739,1401,0,"Knox County",470313,106.737428053233,0.176209279368213,42.7374960930274,8.29234998819935,17.6209279368213
2022-05-14,128651,29,99251,21,29400,8,107289,22,556604,145,663893,167,0,1384,1,2738,1401,0,"Knox County",470313,101.209194727766,0.170454545454545,35.508267898187,6.16610640148157,17.0454545454545
2022-05-13,128622,77,99230,55,29392,22,107267,58,556459,251,663726,309,-3,1384,0,2737,1401,1,"Knox County",470313,99.0829511410486,0.166070516096065,65.7009268295794,16.3720756177269,16.6070516096065
2022-05-12,128545,72,99175,45,29370,27,107209,49,556208,301,663417,350,1,1387,0,2737,1400,1,"Knox County",470313,94.1925908915977,0.153729838709677,74.4185255351224,15.308953824368,15.3729838709677
2022-05-11,128473,47,99130,33,29343,14,107160,35,555907,177,663067,212,0,1386,0,2737,1399,0,"Knox County",470313,86.7507383380855,0.149395055234087,45.076364038417,9.99334485757357,14.9395055234087
2022-05-10,128426,78,99097,40,29329,38,107125,43,555730,322,662855,365,1,1386,3,2737,1399,0,"Knox County",470313,86.3254896207419,0.143911439114391,77.607890915199,16.5846999763987,14.3911439114391
2022-05-09,128348,54,99057,31,29291,23,107082,32,555408,181,662490,213,0,1385,1,2734,1399,0,"Knox County",470313,84.1992460340242,0.146395156851954,45.2889883970888,11.481715368276,14.6395156851954
2022-05-08,128294,31,99026,23,29268,8,107050,24,555227,133,662277,157,0,1385,0,2733,1399,0,"Knox County",470313,82.4982511646499,0.148336153412296,33.3820243114692,6.59135511882512,14.8336153412296
2022-05-07,128263,17,99003,10,29260,7,107026,13,555094,174,662120,187,0,1385,0,2733,1399,0,"Knox County",470313,79.9467588605886,0.141662018962632,39.7607550716225,3.61461409742023,14.1662018962632
2022-05-06,128246,51,98993,30,29253,21,107013,34,554920,209,661933,243,0,1385,1,2733,1399,1,"Knox County",470313,74.4185255351224,0.13317892298784,51.6677191572421,10.8438422922607,13.317892298784
2022-05-05,128195,48,98963,31,29232,17,106979,34,554711,185,661690,219,1,1385,0,2732,1398,0,"Knox County",470313,69.3155409269997,0.134711779448622,46.5647345491194,10.2059692162454,13.4711779448622
2022-05-04,128147,54,98932,35,29215,19,106945,38,554526,249,661471,287,1,1384,0,2732,1398,0,"Knox County",470313,70.8039114377021,0.130460801915021,61.0231909388003,11.481715368276,13.0460801915021
2022-05-03,128093,34,98897,21,29196,13,106907,24,554277,145,661184,169,0,1383,0,2732,1398,1,"Knox County",470313,61.4484396561439,0.134915254237288,35.9335166155305,7.22922819484046,13.4915254237288
2022-05-02,128059,37,98876,28,29183,9,106883,32,554132,190,661015,222,3,1383,2,2732,1397,0,"Knox County",470313,57.8338255587237,0.134097035040431,47.2026076251348,7.86710127085579,13.4097035040431
2022-05-01,128022,14,98848,9,29174,5,106851,9,553942,82,660793,91,0,1380,0,2730,1397,0,"Knox County",470313,54.2192114613034,0.129760225669958,19.3488166391318,2.97674102140489,12.9760225669958
2022-04-30,128008,18,98839,14,29169,4,106842,15,553860,141,660702,156,0,1380,0,2730,1397,0,"Knox County",470313,54.4318358199752,0.134102379235761,33.1693999527974,3.82723845609201,13.4102379235761
2022-04-29,127990,24,98825,14,29165,10,106827,13,553719,200,660546,213,0,1380,0,2730,1397,1,"Knox County",470313,48.6909781358372,0.121591746499632,45.2889883970888,5.10298460812268,12.1591746499632
2022-04-28,127966,32,98811,25,29155,7,106814,26,553519,226,660333,252,1,1380,0,2730,1396,0,"Knox County",470313,45.2889883970887,0.11294964028777,53.5813383852881,6.8039794774969,11.294964028777
2022-04-27,127934,34,98786,24,29148,10,106788,26,553293,181,660081,207,0,1379,0,2730,1396,0,"Knox County",470313,41.0365012236532,0.110687022900763,44.0132422450581,7.22922819484046,11.0687022900763
2022-04-26,127900,41,98762,21,29138,20,106762,21,553112,240,659874,261,0,1379,0,2730,1396,0,"Knox County",470313,42.5248717343556,0.101283880171184,55.4949576133341,8.7175987055429,10.1283880171184
2022-04-25,127859,61,98741,16,29118,45,106741,17,552872,101,659613,118,0,1379,2,2730,1396,1,"Knox County",470313,47.6278563424783,0.0978428351309707,25.0896743232698,12.9700858789785,9.78428351309707
2022-04-24,127798,15,98725,11,29073,4,106724,12,552771,148,659495,160,1,1379,0,2728,1395,1,"Knox County",470313,47.8404807011501,0.0950987564008778,34.0198973874845,3.18936538007667,9.50987564008778
2022-04-23,127783,12,98714,5,29069,7,106712,7,552623,197,659335,204,0,1378,0,2728,1394,0,"Knox County",470313,46.5647345491194,0.0862190812720848,43.3753691690427,2.55149230406134,8.62190812720848
2022-04-22,127771,25,98709,18,29062,7,106705,20,552426,210,659131,230,0,1378,0,2728,1394,0,"Knox County",470313,46.7773589077912,0.0900837988826816,48.903602494509,5.31560896679445,9.00837988826816
2022-04-21,127746,32,98691,23,29055,9,106685,23,552216,231,658901,254,0,1378,0,2728,1394,0,"Knox County",470313,46.7773589077912,0.0878661087866109,54.0065871026317,6.8039794774969,8.78661087866109
2022-04-20,127714,55,98668,32,29046,23,106662,34,551985,247,658647,281,1,1378,0,2728,1394,1,"Knox County",470313,51.2424704398985,0.0888594164456233,59.7474447867697,11.6943397269478,8.88594164456233
2022-04-19,127659,30,98636,16,29023,14,106628,17,551738,151,658366,168,0,1377,0,2728,1393,0,"Knox County",470313,48.903602494509,0.0918727915194346,35.7208922568587,6.37873076015334,9.18727915194346
2022-04-18,127629,38,98620,21,29009,17,106611,21,551587,117,658198,138,0,1377,1,2728,1393,0,"Knox County",470313,44.0132422450581,0.0933797909407666,29.3421614967054,8.07972562952757,9.33797909407665
2022-04-17,127591,16,98599,9,28992,7,106590,9,551470,101,658060,110,0,1377,0,2727,1393,1,"Knox County",470313,44.2258666037299,0.0945848375451264,23.3886794538956,3.40198973874845,9.45848375451263
2022-04-16,127575,10,98590,10,28985,0,106581,12,551369,126,657950,138,0,1377,0,2727,1392,0,"Knox County",470313,43.8006178863863,0.103108415466262,29.3421614967054,2.12624358671778,10.3108415466262
2022-04-15,127565,18,98580,13,28985,5,106569,13,551243,198,657812,211,0,1377,0,2727,1392,0,"Knox County",470313,42.3122473756839,0.0992307692307692,44.8637396797452,3.82723845609201,9.92307692307692
2022-04-14,127547,18,98567,5,28980,13,106556,6,551045,158,657601,164,1,1377,0,2727,1392,1,"Knox County",470313,39.335506354279,0.0925619834710744,34.8703948221716,3.82723845609201,9.25619834710744
2022-04-13,127529,40,98562,26,28967,14,106550,28,550887,209,657437,237,-1,1376,0,2727,1391,1,"Knox County",470313,36.1461409742023,0.0909090909090909,50.3919730052114,8.50497434687113,9.09090909090909
2022-04-12,127489,23,98536,6,28953,17,106522,8,550678,192,657200,200,5,1377,0,2727,1390,0,"Knox County",470313,34.6577704634998,0.0809682804674457,42.5248717343556,4.8903602494509,8.09682804674457
2022-04-11,127466,22,98530,13,28936,9,106514,13,550486,173,657000,186,1,1372,2,2727,1390,1,"Knox County",470313,31.2557807247514,0.0714285714285714,39.5481307129507,4.67773589077912,7.14285714285714
2022-04-10,127444,9,98517,7,28927,2,106501,7,550313,110,656814,117,0,1371,1,2725,1389,0,"Knox County",470313,29.7674102140489,0.0694333599361532,24.877049964598,1.913619228046,6.94333599361532
2022-04-09,127435,7,98510,5,28925,2,106494,5,550203,148,656697,153,0,1371,0,2724,1389,0,"Knox County",470313,29.1295371380336,0.0630914826498423,32.5315268767821,1.48837051070245,6.30914826498423
2022-04-08,127428,18,98505,15,28923,3,106489,16,550055,176,656544,192,1,1371,0,2724,1389,0,"Knox County",470313,29.1295371380336,0.066453162530024,40.8238768649814,3.82723845609201,6.6453162530024
2022-04-07,127410,16,98490,7,28920,9,106473,10,549879,181,656352,191,5,1370,0,2724,1389,0,"Knox County",470313,28.70428842069,0.0681818181818182,40.6112525063096,3.40198973874845,6.81818181818182
2022-04-06,127394,21,98483,14,28911,7,106463,16,549698,204,656161,220,-1,1365,0,2724,1389,2,"Knox County",470313,24.6644256059263,0.0595710881652105,46.7773589077912,4.46511153210734,5.95710881652105
2022-04-05,127373,15,98469,12,28904,3,106447,13,549494,198,655941,211,4,1366,0,2724,1387,2,"Knox County",470313,22.963430736552,0.062992125984252,44.8637396797452,3.18936538007667,6.2992125984252
2022-04-04,127358,16,98457,5,28901,11,106434,7,549296,158,655730,165,8,1362,2,2724,1385,0,"Knox County",470313,21.6876845845214,0.0592473979183347,35.0830191808434,3.40198973874845,5.92473979183347
2022-04-03,127342,5,98452,4,28890,1,106427,3,549138,75,655565,78,1,1354,0,2722,1385,1,"Knox County",470313,20.8371871498343,0.0578512396694215,16.5846999763987,1.06312179335889,5.78512396694215
2022-04-02,127337,3,98448,3,28889,0,106424,3,549063,116,655487,119,0,1353,0,2722,1384,1,"Knox County",470313,19.9866897151471,0.0578231292517007,25.3022986819416,0.637873076015334,5.78231292517007
2022-04-01,127334,19,98445,8,28889,11,106421,8,548947,231,655368,239,4,1353,0,2722,1383,0,"Knox County",470313,20.1993140738189,0.0490596892886345,50.817221722555,4.03986281476378,4.90596892886345
2022-03-31,127315,17,98437,7,28878,10,106413,8,548716,238,655129,246,3,1349,0,2722,1383,0,"Knox County",470313,20.4119384324907,0.0453834115805947,52.3055922332574,3.61461409742023,4.53834115805947
2022-03-30,127298,22,98430,10,28868,12,106405,9,548478,256,654883,265,0,1346,1,2722,1383,0,"Knox County",470313,20.6245627911625,0.0385487528344671,56.3454550480212,4.67773589077912,3.85487528344671
2022-03-29,127276,20,98420,8,28856,12,106396,9,548222,192,654618,201,2,1346,0,2721,1383,3,"Knox County",470313,21.6876845845214,0.0357958872810358,42.7374960930274,4.25248717343556,3.57958872810358
2022-03-28,127256,19,98412,12,28844,7,106387,16,548030,332,654417,348,3,1344,0,2721,1380,0,"Knox County",470313,22.3255576605367,0.0374331550802139,73.9932768177788,4.03986281476378,3.74331550802139
2022-03-27,127237,4,98400,3,28837,1,106371,3,547698,73,654069,76,0,1341,0,2721,1380,1,"Knox County",470313,22.1129333018649,0.037483266398929,16.1594512590551,0.850497434687113,3.7483266398929
2022-03-26,127233,9,98397,6,28836,3,106368,6,547625,166,653993,172,0,1341,1,2721,1379,1,"Knox County",470313,23.3886794538956,0.0381383322559793,36.5713896915458,1.913619228046,3.81383322559793
2022-03-25,127224,15,98391,7,28833,8,106362,8,547459,244,653821,252,0,1341,1,2720,1378,1,"Knox County",470313,22.5381820192085,0.0378205128205128,53.5813383852881,3.18936538007667,3.78205128205128
2022-03-24,127209,57,98384,9,28825,48,106354,10,547215,187,653569,197,1,1341,0,2719,1377,2,"Knox County",470313,31.0431563660796,0.0403706154864328,41.8869986583403,12.1195884442914,4.03706154864328
2022-03-23,127152,11,98375,6,28777,5,106344,6,547028,201,653372,207,0,1340,0,2719,1375,1,"Knox County",470313,28.70428842069,0.0399174122505162,44.0132422450581,2.33886794538956,3.99174122505162
2022-03-22,127141,16,98369,11,28772,5,106338,11,546827,150,653165,161,0,1340,1,2719,1374,4,"Knox County",470313,27.8537909860029,0.0424628450106157,34.2325217461563,3.40198973874845,4.24628450106157
2022-03-21,127125,13,98358,6,28767,7,106327,6,546677,125,653004,131,7,1340,1,2718,1370,0,"Knox County",470313,26.5780448339723,0.0418060200668896,27.8537909860029,2.76411666273312,4.18060200668896
2022-03-20,127112,12,98352,9,28760,3,106321,11,546552,98,652873,109,1,1333,0,2717,1370,0,"Knox County",470313,28.2790397033465,0.0471928397070789,23.1760550952238,2.55149230406134,4.71928397070789
2022-03-19,127100,11,98343,10,28757,1,106310,11,546454,175,652764,186,0,1332,0,2717,1370,0,"Knox County",470313,28.70428842069,0.0506838294448914,39.5481307129507,2.33886794538956,5.06838294448914
2022-03-18,127089,24,98333,15,28756,9,106299,14,546279,219,652578,233,0,1332,1,2717,1370,2,"Knox County",470313,30.6179076487361,0.0563725490196078,49.5414755705243,5.10298460812268,5.63725490196078
2022-03-17,127065,36,98318,25,28747,11,106285,31,546060,209,652345,240,1,1332,0,2716,1368,2,"Knox County",470313,26.1527961166287,0.0710339384372533,51.0298460812268,7.65447691218401,7.10339384372533
2022-03-16,127029,22,98293,9,28736,13,106254,12,545851,236,652105,248,3,1331,2,2716,1366,2,"Knox County",470313,28.4916640620183,0.073394495412844,52.730840950601,4.67773589077912,7.3394495412844
2022-03-15,127007,55,98284,18,28723,37,106242,19,545615,257,651857,276,1,1328,1,2714,1364,2,"Knox County",470313,36.7840140502176,0.073085031623331,58.6843229934108,11.6943397269478,7.3085031623331
2022-03-14,126952,21,98266,16,28686,5,106223,22,545358,228,651581,250,10,1327,0,2713,1362,3,"Knox County",470313,38.4850089195918,0.0778210116731518,53.1560896679445,4.46511153210734,7.78210116731517
2022-03-13,126931,6,98250,6,28681,0,106201,10,545130,484,651331,494,2,1317,0,2713,1359,1,"Knox County",470313,37.2092627675612,0.0617540217955371,105.036433183858,1.27574615203067,6.17540217955371
2022-03-12,126925,9,98244,8,28681,1,106191,9,544646,293,650837,302,0,1315,3,2713,1358,2,"Knox County",470313,36.7840140502176,0.0572687224669604,64.212556318877,1.913619228046,5.72687224669604
2022-03-11,126916,20,98236,13,28680,7,106182,15,544353,467,650535,482,9,1315,0,2710,1356,4,"Knox County",470313,35.9335166155305,0.0514834205933682,102.484940879797,4.25248717343556,5.14834205933682
2022-03-10,126896,28,98223,20,28673,8,106167,23,543886,459,650053,482,4,1306,1,2710,1352,2,"Knox County",470313,34.2325217461563,0.0434096290449882,102.484940879797,5.95348204280979,4.34096290449882
2022-03-09,126868,64,98203,19,28665,45,106144,23,543427,419,649571,442,1,1302,2,2709,1350,2,"Knox County",470313,43.162744810371,0.0443548387096774,93.9799665329259,13.6079589549938,4.43548387096774
2022-03-08,126804,36,98184,18,28620,18,106121,19,543008,311,649129,330,1,1301,1,2707,1348,3,"Knox County",470313,39.1228819956072,0.0434938892882818,70.1660383616868,7.65447691218401,4.34938892882818
2022-03-07,126768,27,98166,22,28602,5,106102,25,542697,267,648799,292,4,1300,2,2706,1345,0,"Knox County",470313,40.3986281476379,0.0439093484419263,62.0863127321592,5.74085768413801,4.39093484419263
2022-03-06,126741,14,98144,11,28597,3,106077,13,542430,212,648507,225,2,1296,2,2704,1345,0,"Knox County",470313,42.0996230170121,0.049706457925636,47.8404807011501,2.97674102140489,4.9706457925636
2022-03-05,126727,18,98133,10,28594,8,106064,11,542218,266,648282,277,0,1294,1,2702,1345,2,"Knox County",470313,44.0132422450581,0.0509881422924901,58.8969473520825,3.82723845609201,5.09881422924901
2022-03-04,126709,52,98123,28,28586,24,106053,29,541952,380,648005,409,1,1294,1,2701,1343,2,"Knox County",470313,50.817221722555,0.0582010582010582,86.9633626967573,11.0564666509325,5.82010582010582
2022-03-03,126657,45,98095,29,28562,16,106024,34,541572,326,647596,360,8,1293,4,2700,1341,2,"Knox County",470313,54.4318358199752,0.0659528907922912,76.5447691218401,9.56809614023002,6.59528907922912
2022-03-02,126612,37,98066,29,28546,8,105990,36,541246,338,647236,374,-2,1285,1,2696,1339,6,"Knox County",470313,48.6909781358372,0.0736656374062638,79.521510143245,7.86710127085579,7.36656374062638
2022-03-01,126575,92,98037,48,28538,44,105954,60,540908,391,646862,451,3,1287,3,2695,1333,1,"Knox County",470313,60.5979422214568,0.0871021775544389,95.893585760972,19.5614409978036,8.71021775544389
2022-02-28,126483,134,97989,90,28494,44,105894,97,540517,549,646411,646,10,1284,4,2692,1332,5,"Knox County",470313,83.348748599337,0.102115244347192,137.355335701969,28.4916640620183,10.2115244347192
2022-02-27,126349,3,97899,3,28450,0,105797,5,539968,75,645765,80,1,1274,1,2688,1327,5,"Knox County",470313,81.0098806539475,0.104736234116288,17.0099486937423,0.637873076015334,10.4736234116288
2022-02-26,126346,46,97896,32,28450,14,105792,35,539893,275,645685,310,0,1273,2,2687,1322,0,"Knox County",470313,86.9633626967573,0.11254752851711,65.9135511882512,9.7807204989018,11.254752851711
2022-02-25,126300,106,97864,66,28436,40,105757,74,539618,406,645375,480,2,1273,5,2685,1322,6,"Knox County",470313,98.4450780650333,0.126249537208441,102.059692162454,22.5381820192085,12.6249537208441
2022-02-24,126194,142,97798,84,28396,58,105683,94,539212,463,644895,557,1,1271,4,2680,1316,3,"Knox County",470313,119.069640856196,0.138371290545204,118.43176778018,30.1926589313925,13.8371290545204
2022-02-23,126052,142,97714,96,28338,46,105589,115,538749,413,644338,528,6,1270,1,2676,1313,4,"Knox County",470313,141.395198516732,0.157273918741809,112.265661378699,30.1926589313925,15.7273918741809
2022-02-22,125910,142,97618,87,28292,55,105474,100,538336,356,643810,456,11,1264,7,2675,1309,3,"Knox County",470313,152.026416450321,0.170101406607785,96.9567075543308,30.1926589313925,17.0101406607785
2022-02-21,125768,73,97531,47,28237,26,105374,50,537980,290,643354,340,0,1253,1,2668,1306,5,"Knox County",470313,139.056330571343,0.171937477280989,72.2922819484046,15.5215781830398,17.1937477280989
2022-02-20,125695,72,97484,48,28211,24,105324,57,537690,289,643014,346,0,1253,1,2667,1301,2,"Knox County",470313,153.727411319696,0.174013921113689,73.5680281004352,15.308953824368,17.4013921113689
2022-02-19,125623,90,97436,54,28187,36,105267,68,537401,322,642668,390,0,1253,1,2666,1299,4,"Knox County",470313,163.082883101254,0.180174362286083,82.9234998819935,19.13619228046,18.0174362286083
2022-02-18,125533,142,97382,92,28151,50,105199,113,537079,498,642278,611,0,1253,3,2665,1295,4,"Knox County",470313,170.737360013438,0.184944237918216,129.913483148456,30.1926589313925,18.4944237918216
2022-02-17,125391,288,97290,226,28101,62,105086,270,536581,1208,641667,1478,1,1253,2,2662,1291,2,"Knox County",470313,201.780516379517,0.186309954205833,314.258802116888,61.2358152974721,18.6309954205833
2022-02-16,125103,225,97064,145,28039,80,104816,160,535373,546,640189,706,3,1252,3,2660,1289,3,"Knox County",470313,219.428338149275,0.189045528079501,150.112797222275,47.8404807011501,18.9045528079501
2022-02-15,124878,274,96919,215,27959,59,104656,241,534827,592,639483,833,5,1249,6,2657,1286,4,"Knox County",470313,247.49475349395,0.203869047619048,177.116090773591,58.2590742760672,20.3869047619048
2022-02-14,124604,341,96704,205,27900,136,104415,246,534235,602,638650,848,19,1244,8,2651,1282,1,"Knox County",470313,304.478081617986,0.221603990790484,180.305456153668,72.5049063070764,22.1603990790484
2022-02-13,124263,120,96499,100,27764,20,104169,116,533633,283,637802,399,1,1225,1,2643,1281,3,"Knox County",470313,314.684050834232,0.230579297245964,84.8371191100395,25.5149230406134,23.0579297245964
2022-02-12,124143,153,96399,109,27744,44,104053,127,533350,414,637403,541,0,1224,3,2642,1278,6,"Knox County",470313,328.079385430554,0.235044313146233,115.029778041432,32.5315268767821,23.5044313146233
2022-02-11,123990,341,96290,251,27700,90,103926,280,532936,631,636862,911,3,1224,10,2639,1272,5,"Knox County",470313,370.391632806238,0.251924422673198,193.70079074999,72.5049063070764,25.1924422673198
2022-02-10,123649,425,96039,275,27610,150,103646,304,532305,555,635951,859,7,1221,12,2629,1267,3,"Knox County",470313,399.521169944271,0.28918971944281,182.644324099057,90.3653524355057,28.918971944281
2022-02-09,123224,437,95764,306,27460,131,103342,369,531750,606,635092,975,8,1214,4,2617,1264,6,"Knox County",470313,444.597533982688,0.313641446142378,207.308749704984,92.916844739567,31.3641446142378
2022-02-08,122787,455,95458,334,27329,121,102973,391,531144,462,634117,853,6,1206,8,2613,1258,12,"Knox County",470313,483.08254290228,0.340326773115485,181.368577947027,96.7440831956591,34.0326773115485
2022-02-07,122332,591,95124,411,27208,180,102582,442,530682,624,633264,1066,10,1200,11,2605,1246,5,"Knox County",470313,536.238632570224,0.362062812276945,226.657566344116,125.660995975021,36.2062812276945
2022-02-06,121741,252,94713,185,27028,67,102140,214,530058,435,632198,649,0,1190,13,2594,1241,5,"Knox County",470313,564.305047914899,0.363341305090536,137.993208777984,53.5813383852881,36.3341305090536
2022-02-05,121489,270,94528,193,26961,77,101926,220,529623,496,631549,716,0,1190,7,2581,1236,11,"Knox County",470313,589.182097879497,0.368220268701277,152.239040808993,57.4085768413801,36.8220268701277
2022-02-04,121219,649,94335,509,26884,140,101706,580,529127,963,630833,1543,3,1190,3,2574,1225,0,"Knox County",470313,654.670400350405,0.378321573337337,328.079385430554,137.993208777984,37.8321573337337
2022-02-03,120570,1641,93826,501,26744,1140,101126,504,528164,741,629290,1245,1,1187,13,2571,1225,2,"Knox County",470313,913.221620495287,0.385979849581382,264.717326546364,348.916572580388,38.5979849581382
2022-02-02,118929,719,93325,540,25604,179,100622,603,527423,904,628045,1507,7,1186,6,2558,1223,9,"Knox County",470313,973.181689640729,0.389761182214012,320.42490851837,152.876913885008,38.9761182214012
2022-02-01,118210,937,92785,738,25425,199,100019,832,526519,1139,626538,1971,5,1179,12,2552,1214,7,"Knox County",470313,1075.66663052053,0.390364493503507,419.082610942075,199.229024075456,39.0364493503507
2022-01-31,117273,715,92047,518,25226,197,99187,522,525380,605,624567,1127,11,1174,13,2540,1207,2,"Knox County",470313,1102.03205099583,0.396780086777803,239.627652223094,152.026416450321,39.6780086777803
2022-01-30,116558,388,91529,319,25029,69,98665,336,524775,569,623440,905,1,1163,8,2527,1205,6,"Knox County",470313,1130.94896377519,0.39904592855558,192.425044597959,82.4982511646499,39.904592855558
2022-01-29,116170,679,91210,590,24960,89,98329,646,524206,912,622535,1558,0,1162,5,2519,1199,3,"Knox County",470313,1217.91232647195,0.40817775974026,331.26875081063,144.371939538137,40.817775974026
2022-01-28,115491,937,90620,775,24871,162,97683,836,523294,1040,620977,1876,3,1162,15,2514,1196,6,"Knox County",470313,1279.14814176942,0.419962704877809,398.883296868256,199.229024075456,41.9962704877809
2022-01-27,114554,1432,89845,1200,24709,232,96847,1275,522254,1472,619101,2747,7,1159,13,2499,1190,8,"Knox County",470313,1234.70965080702,0.431956205628261,584.079113271375,304.478081617986,43.1956205628261
2022-01-26,113122,999,88645,806,24477,193,95572,853,520782,965,616354,1818,4,1152,5,2486,1182,8,"Knox County",470313,1294.24447123511,0.44159306782203,386.551084065293,212.411734313106,44.159306782203
2022-01-25,112123,1023,87839,769,24284,254,94719,804,519817,930,614536,1734,7,1148,11,2481,1174,6,"Knox County",470313,1312.53016608089,0.448108797280068,368.690637936863,217.514718921229,44.8108797280068
2022-01-24,111100,1323,87070,1086,24030,237,93915,1162,518887,1550,612802,2712,13,1141,15,2470,1168,5,"Knox County",470313,1441.80577615333,0.442846441947566,576.637260717862,281.302026522763,44.2846441947566
2022-01-23,109777,769,85984,680,23793,89,92753,709,517337,818,610090,1527,0,1128,7,2455,1163,10,"Knox County",470313,1522.81565680728,0.44982822788434,324.677395691805,163.508131818597,44.982822788434
2022-01-22,109008,901,85304,738,23704,163,92044,770,516519,1056,608563,1826,0,1128,14,2448,1153,3,"Knox County",470313,1570.01826443241,0.450070224719101,388.252078934667,191.574547163272,45.0070224719101
2022-01-21,108107,1514,84566,1228,23541,286,91274,1289,515463,1348,606737,2637,1,1128,6,2434,1150,6,"Knox County",470313,1692.70251938603,0.457436170921939,560.690433817479,321.913279029072,45.7436170921939
2022-01-20,106593,1410,83338,1169,23255,241,89985,1217,514115,1152,604100,2369,11,1127,11,2428,1144,2,"Knox County",470313,1688.02478349525,0.465294399234083,503.707105693442,299.800345727207,46.5294399234083
2022-01-19,105183,1673,82169,1310,23014,363,88768,1345,512963,1331,601731,2676,4,1116,7,2417,1142,2,"Knox County",470313,1831.33360124003,0.471287384535883,568.982783805678,355.720552057885,47.1287384535883
2022-01-18,103510,1045,80859,665,22651,380,87423,692,511632,686,599055,1378,6,1112,7,2410,1140,4,"Knox County",470313,1836.0113371308,0.47497520661157,292.99636624971,222.192454812008,47.497520661157
2022-01-17,102465,1091,80194,859,22271,232,86731,903,510946,1279,597677,2182,7,1106,13,2403,1136,3,"Knox County",470313,1786.68248591895,0.474477560808496,463.94635062182,231.97317531091,47.4477560808496
2022-01-16,101374,771,79335,691,22039,80,85828,717,509667,1073,595495,1790,0,1099,7,2390,1133,4,"Knox County",470313,1787.1077346363,0.466617310539777,380.597602022483,163.933380535941,46.6617310539777
2022-01-15,100603,751,78644,599,21959,152,85111,627,508594,816,593705,1443,1,1099,12,2383,1129,2,"Knox County",470313,1755.21408083553,0.469084628670121,306.816949563376,159.680893362505,46.9084628670121
2022-01-14,99852,1308,78045,1054,21807,254,84484,1098,507778,1188,592262,2286,6,1098,10,2371,1127,6,"Knox County",470313,1711.41346294914,0.467218918153498,486.059283923685,278.112661142686,46.7218918153498
2022-01-13,98544,1402,76991,1055,21553,347,83386,1104,506590,1401,589976,2505,6,1092,11,2361,1121,6,"Knox County",470313,1709.71246807977,0.454838709677419,532.624018472804,298.099350857833,45.4838709677419
2022-01-12,97142,1168,75936,889,21206,279,82282,935,505189,1058,587471,1993,1,1086,4,2350,1115,0,"Knox County",470313,1602.33716695052,0.447521543787287,423.760346832854,248.345250928637,44.7521543787287
2022-01-11,95974,1366,75047,1061,20927,305,81347,1095,504131,1283,585478,2378,2,1085,10,2346,1115,3,"Knox County",470313,1670.58958608416,0.444467311518145,505.620724921488,290.444873945649,44.4467311518145
2022-01-10,94608,1000,73986,685,20622,315,80252,714,502848,812,583100,1526,3,1083,5,2336,1112,1,"Knox County",470313,1651.24076944503,0.451835356655413,324.464771333133,212.624358671778,45.1835356655413
2022-01-09,93608,741,73301,628,20307,113,79538,664,502036,1205,581574,1869,5,1080,2,2331,1111,2,"Knox County",470313,1644.86203868488,0.4455,397.394926357553,157.554649775788,44.55
2022-01-08,92867,625,72673,479,20194,146,78874,510,500831,912,579705,1422,0,1075,10,2329,1109,4,"Knox County",470313,1618.07136949223,0.437799556477574,302.351838031269,132.890224169861,43.7799556477574
2022-01-07,92242,969,72194,751,20048,218,78364,768,499919,1091,578283,1859,0,1075,7,2319,1105,0,"Knox County",470313,1545.9917119025,0.42724321133412,395.268682770836,206.033003552953,42.724321133412
2022-01-06,91273,1166,71443,742,19830,424,77596,781,498828,1010,576424,1791,2,1075,7,2312,1105,4,"Knox County",470313,1495.81236325596,0.425845147219193,380.810226381155,247.920002211293,42.5845147219193
2022-01-05,90107,1217,70701,904,19406,313,76815,944,497818,1255,574633,2199,1,1073,8,2305,1101,1,"Knox County",470313,1506.23095683088,0.419809874271696,467.56096471924,258.763844503554,41.9809874271696
2022-01-04,88890,923,69797,577,19093,346,75871,567,496563,1040,572434,1607,0,1072,6,2297,1100,5,"Knox County",470313,1412.03836593928,0.403161411227899,341.687344385547,196.252283054051,40.3161411227899
2022-01-03,87967,716,69220,538,18747,178,75304,505,495523,820,570827,1325,6,1072,6,2291,1095,2,"Knox County",470313,1351.65304807649,0.392561298873426,281.727275240106,152.239040808993,39.2561298873426
2022-01-02,87251,290,68682,208,18569,82,74799,265,494703,651,569502,916,3,1066,9,2285,1093,4,"Knox County",470313,1255.75946231552,0.390322870761759,194.763912543349,61.6610640148157,39.0322870761759
2022-01-01,86961,265,68474,215,18487,50,74534,237,494052,767,568586,1004,0,1063,15,2276,1089,0,"Knox County",470313,1179.21469319368,0.38005793851042,213.474856106465,56.3454550480212,38.005793851042
2021-12-31,86696,591,68259,429,18437,162,74297,470,493285,1008,567582,1478,0,1063,5,2261,1089,3,"Knox County",470313,1098.84268561575,0.365213178294574,314.258802116888,125.660995975021,36.5213178294574
2021-12-30,86105,582,67830,404,18275,178,73827,404,492277,918,566104,1322,2,1063,6,2256,1086,2,"Knox County",470313,974.670060151431,0.344330524819815,281.089402164091,123.747376746975,34.4330524819815
2021-12-29,85523,632,67426,476,18097,156,73423,503,491359,1195,564782,1698,1,1061,5,2250,1084,2,"Knox County",470313,850.284810328441,0.315614973262032,361.036161024679,134.378594680564,31.5614973262032
2021-12-28,84891,429,66950,262,17941,167,72920,283,490164,977,563084,1260,1,1060,5,2245,1082,0,"Knox County",470313,745.248377144582,0.29623458847051,267.90669192644,91.2158498701928,29.623458847051
2021-12-27,84462,314,66688,234,17774,80,72637,254,489187,905,561824,1159,2,1059,1,2240,1082,1,"Knox County",470313,659.773384958528,0.27339594885142,246.431631700591,66.7640486229383,27.339594885142
2021-12-26,84148,61,66454,49,17694,12,72383,60,488282,426,560665,486,7,1057,1,2239,1081,0,"Knox County",470313,611.08240682269,0.262995123111693,103.335438314484,12.9700858789785,26.2995123111693
2021-12-25,84087,85,66405,63,17682,22,72323,74,487856,489,560179,563,1,1050,1,2238,1081,0,"Knox County",470313,572.81002226177,0.257092643735877,119.707513932211,18.0730704871011,25.7092643735877
2021-12-24,84002,174,66342,123,17660,51,72249,137,487367,848,559616,985,0,1049,2,2237,1081,0,"Knox County",470313,484.145664695639,0.229492840893885,209.434993291702,36.9966384088894,22.9492840893885
2021-12-23,83828,218,66219,159,17609,59,72112,166,486519,959,558631,1125,5,1049,5,2235,1081,1,"Knox County",470313,406.750398139112,0.202996151731721,239.20240350575,46.3521101904476,20.2996151731721
2021-12-22,83610,176,66060,102,17550,74,71946,101,485560,812,557506,913,47,1044,10,2230,1080,2,"Knox County",470313,309.793690584781,0.165613926975813,194.126039467333,37.421887126233,16.5613926975813
2021-12-21,83434,177,65958,124,17476,53,71845,120,484748,912,556593,1032,3,997,6,2220,1078,2,"Knox County",470313,256.212352199493,0.145617116397892,219.428338149275,37.6345114849047,14.5617116397892
2021-12-20,83257,114,65834,80,17423,34,71725,84,483836,622,555561,706,1,994,3,2214,1076,1,"Knox County",470313,213.687480465137,0.127710843373494,150.112797222275,24.2391768885827,12.7710843373494
2021-12-19,83143,70,65754,50,17389,20,71641,58,483214,556,554855,614,3,993,6,2211,1075,1,"Knox County",470313,215.601099693183,0.124621084540249,130.551356224472,14.8837051070245,12.4621084540249
2021-12-18,83073,88,65704,56,17369,32,71583,65,482658,660,554241,725,0,990,3,2205,1074,2,"Knox County",470313,216.238972769198,0.11983606557377,154.152660037039,18.7109435631165,11.983606557377
2021-12-17,82985,119,65648,77,17337,42,71518,83,481998,1034,553516,1117,2,990,6,2202,1072,2,"Knox County",470313,204.544633042251,0.108632862644416,237.501408636376,25.3022986819416,10.8632862644416
2021-12-16,82866,138,65571,106,17295,32,71435,108,480964,661,552399,769,2,988,3,2196,1070,2,"Knox County",470313,187.534684348508,0.105343771272975,163.508131818597,29.3421614967054,10.5343771272975
2021-12-15,82728,157,65465,113,17263,44,71327,125,480303,841,551630,966,0,986,5,2193,1068,3,"Knox County",470313,183.494821533745,0.108449991566875,205.395130476938,33.3820243114692,10.8449991566875
2021-12-14,82571,97,65352,59,17219,38,71202,63,479462,811,550664,874,3,986,3,2188,1065,3,"Knox County",470313,166.484872840002,0.101542193727257,185.833689479134,20.6245627911625,10.1542193727257
2021-12-13,82474,111,65293,74,17181,37,71139,79,478651,627,549790,706,4,983,3,2185,1062,0,"Knox County",470313,165.846999763987,0.100675792756888,150.112797222275,23.6013038125674,10.0675792756888
2021-12-12,82363,54,65219,29,17144,25,71060,40,478024,493,549084,533,6,979,5,2182,1062,1,"Knox County",470313,162.445010025239,0.0989455184534271,113.328783172058,11.481715368276,9.89455184534271
2021-12-11,82309,65,65190,45,17119,20,71020,51,477531,541,548551,592,0,973,1,2177,1061,3,"Knox County",470313,157.554649775788,0.0987943134784956,125.873620333693,13.8205833136656,9.87943134784956
2021-12-10,82244,84,65145,48,17099,36,70969,57,476990,855,547959,912,0,973,3,2176,1058,2,"Knox County",470313,150.112797222275,0.0977204783258595,193.913415108662,17.8604461284294,9.77204783258595
2021-12-09,82160,164,65097,96,17063,68,70912,107,476135,1017,547047,1124,3,973,2,2173,1056,1,"Knox County",470313,155.641030547742,0.091466619940424,238.989779147079,34.8703948221716,9.1466619940424
2021-12-08,81996,130,65001,67,16995,63,70805,65,475118,751,545923,816,0,970,7,2171,1055,1,"Knox County",470313,149.900172863604,0.0831383840201548,173.501476676171,27.6411666273312,8.31383840201548
2021-12-07,81866,127,64934,70,16932,57,70740,76,474367,631,545107,707,2,970,2,2164,1054,0,"Knox County",470313,156.278903623757,0.088126159554731,150.325421580947,27.0032935513158,8.8126159554731
2021-12-06,81739,148,64864,107,16875,41,70664,115,473736,759,544400,874,8,968,4,2162,1054,3,"Knox County",470313,164.146004894613,0.0919395465994962,185.833689479134,31.4684050834232,9.19395465994962
2021-12-05,81591,43,64757,28,16834,15,70549,33,472977,342,543526,375,2,960,1,2158,1051,0,"Knox County",470313,161.807136949223,0.0933333333333333,79.7341345019168,9.14284742288646,9.33333333333333
2021-12-04,81548,69,64729,50,16819,19,70516,55,472635,499,543151,554,0,958,3,2157,1051,2,"Knox County",470313,162.65763438391,0.0947407683700112,117.793894704165,14.6710807483527,9.47407683700112
2021-12-03,81479,147,64679,103,16800,44,70461,108,472136,1009,542597,1117,3,958,2,2154,1049,2,"Knox County",470313,176.052968980232,0.100413148913239,237.501408636376,31.2557807247514,10.0413148913239
2021-12-02,81332,133,64576,86,16756,47,70353,85,471127,794,541480,879,0,955,4,2152,1047,2,"Knox County",470313,169.461613861407,0.100901916572717,186.896811272493,28.2790397033465,10.0901916572717
2021-12-01,81199,185,64490,142,16709,43,70268,147,470333,1008,540601,1155,4,955,7,2148,1045,1,"Knox County",470313,181.155953588355,0.109344638756403,245.581134265904,39.335506354279,10.9344638756403
2021-11-30,81014,116,64348,67,16666,49,70121,68,469325,693,539446,761,3,951,6,2141,1044,3,"Knox County",470313,178.817085642965,0.106911636045494,161.807136949223,24.6644256059263,10.6911636045494
2021-11-29,80898,165,64281,128,16617,37,70053,139,468632,967,538685,1106,2,948,5,2135,1041,1,"Knox County",470313,182.431699740386,0.106776525979485,235.162540690987,35.0830191808434,10.6776525979485
2021-11-28,80733,33,64153,22,16580,11,69914,22,467665,270,537579,292,3,946,5,2130,1040,1,"Knox County",470313,180.305456153668,0.106412005457026,62.0863127321592,7.01660383616868,10.6412005457026
2021-11-27,80700,59,64131,31,16569,28,69892,32,467395,266,537287,298,0,943,1,2125,1039,2,"Knox County",470313,178.17921256695,0.107168330955777,63.3620588841899,12.5448371616349,10.7168330955777
2021-11-26,80641,20,64100,18,16541,2,69860,20,467129,298,536989,318,0,943,4,2124,1037,1,"Knox County",470313,151.175919015634,0.106674984404242,67.6145460576254,4.25248717343556,10.6674984404242
2021-11-25,80621,52,64082,26,16539,26,69840,29,466831,331,536671,360,0,943,3,2120,1036,5,"Knox County",470313,133.95334596322,0.106526806526807,76.5447691218401,11.0564666509325,10.6526806526807
2021-11-24,80569,105,64056,66,16513,39,69811,73,466500,742,536311,815,0,943,3,2117,1031,4,"Knox County",470313,116.943397269478,0.0969620253164557,173.288852317499,22.3255576605367,9.69620253164557
2021-11-23,80464,99,63990,64,16474,35,69738,65,465758,674,535496,739,0,943,2,2114,1027,0,"Knox County",470313,113.328783172058,0.0967413441955193,157.129401058444,21.049811508506,9.67413441955193
2021-11-22,80365,107,63926,84,16439,23,69673,82,465084,740,534757,822,0,943,3,2112,1027,0,"Knox County",470313,100.996570369095,0.0886388583973655,174.777222828202,22.7508063778803,8.86388583973655
2021-11-21,80258,44,63842,32,16416,12,69591,37,464344,284,533935,321,0,943,2,2109,1027,2,"Knox County",470313,103.335438314484,0.0920228695888919,68.2524191336408,9.35547178155824,9.20228695888919
2021-11-20,80214,54,63810,37,16404,17,69554,44,464060,537,533614,581,0,943,1,2107,1025,1,"Knox County",470313,102.272316521125,0.0884732052578362,123.534752388303,11.481715368276,8.84732052578362
2021-11-19,80160,112,63773,83,16387,29,69510,81,463523,825,533033,906,0,943,0,2106,1024,0,"Knox County",470313,121.833757518929,0.0904489436619718,192.637668956631,23.8139281712392,9.04489436619718
2021-11-18,80048,80,63690,44,16358,36,69429,49,462698,937,532127,986,3,943,2,2106,1024,0,"Knox County",470313,127.787239561739,0.0833655705996132,209.647617650373,17.0099486937423,8.33655705996132
2021-11-17,79968,105,63646,64,16322,41,69380,66,461761,833,531141,899,0,940,1,2104,1024,1,"Knox County",470313,127.787239561739,0.0807004187285877,191.149298445929,22.3255576605367,8.07004187285877
2021-11-16,79863,73,63582,51,16281,22,69314,67,460928,777,530242,844,0,940,2,2103,1023,3,"Knox County",470313,122.259006236272,0.0794924426198918,179.454958718981,15.5215781830398,7.94924426198918
2021-11-15,79790,84,63531,44,16259,40,69247,34,460151,459,529398,493,3,940,0,2101,1020,0,"Knox County",470313,117.368645986822,0.0751491053677932,104.823808825187,17.8604461284294,7.51491053677932
2021-11-14,79706,72,63487,62,16219,10,69213,68,459692,624,528905,692,0,937,2,2101,1020,2,"Knox County",470313,123.322128029631,0.0757267172745788,147.13605620087,15.308953824368,7.57267172745788
2021-11-13,79634,29,63425,13,16209,16,69145,12,459068,317,528213,329,0,937,2,2099,1018,0,"Knox County",470313,118.006519062837,0.0732181006020586,69.953414003015,6.16610640148157,7.32181006020586
2021-11-12,79605,66,63412,49,16193,17,69133,51,458751,687,527884,738,0,937,4,2097,1018,2,"Knox County",470313,108.225798563935,0.0696647259586428,156.916776699772,14.0332076723374,6.96647259586428
2021-11-11,79539,67,63363,46,16176,21,69082,54,458064,962,527146,1016,0,937,0,2093,1016,0,"Knox County",470313,105.461681901202,0.0702454599880263,216.026348410527,14.2458320310091,7.02454599880263
2021-11-10,79472,74,63317,50,16155,24,69028,69,457102,855,526130,924,1,937,2,2093,1016,0,"Knox County",470313,98.8703267823768,0.0704924543288324,196.464907412723,15.7342025417116,7.04924543288324
2021-11-09,79398,106,63267,76,16131,30,68959,134,456247,1174,525206,1308,1,936,1,2091,1016,1,"Knox County",470313,105.886930618546,0.0767272727272727,278.112661142686,22.5381820192085,7.67272727272727
2021-11-08,79292,78,63191,58,16101,20,68825,70,455073,687,523898,757,6,935,1,2090,1015,3,"Knox County",470313,104.611184466515,0.0794587092297016,160.956639514536,16.5846999763987,7.94587092297016
2021-11-07,79214,31,63133,20,16081,11,68755,23,454386,390,523141,413,0,929,1,2089,1012,3,"Knox County",470313,95.893585760972,0.0752962625341841,87.8138601314444,6.59135511882512,7.52962625341841
2021-11-06,79183,41,63113,27,16070,14,68732,30,453996,453,522728,483,0,929,2,2088,1009,1,"Knox County",470313,98.4450780650333,0.0764319914878525,102.697565238469,8.7175987055429,7.64319914878525
2021-11-05,79142,52,63086,32,16056,20,68702,36,453543,605,522245,641,0,929,2,2086,1008,0,"Knox County",470313,95.4683370436284,0.0750631540959942,136.29221390861,11.0564666509325,7.50631540959942
2021-11-04,79090,68,63054,45,16036,23,68666,49,452938,667,521604,716,0,929,1,2084,1008,1,"Knox County",470313,95.6809614023002,0.078405188859214,152.239040808993,14.4584563896809,7.8405188859214
2021-11-03,79022,79,63009,59,16013,20,68617,65,452271,969,520888,1034,0,929,2,2083,1007,2,"Knox County",470313,96.7440831956591,0.0760463378176383,219.853586866619,16.7973243350705,7.60463378176383
2021-11-02,78943,41,62950,19,15993,22,68552,22,451302,301,519854,323,4,929,1,2081,1005,3,"Knox County",470313,82.9234998819935,0.0675520952599038,68.6776678509843,8.7175987055429,6.75520952599038
2021-11-01,78902,95,62931,71,15971,24,68530,83,451001,661,519531,744,1,925,3,2080,1002,1,"Knox County",470313,86.5381139794137,0.0707395498392283,158.192522851803,20.1993140738189,7.07395498392283
2021-10-31,78807,26,62860,20,15947,6,68447,19,450340,278,518787,297,0,924,1,2077,1001,1,"Knox County",470313,85.4749921860548,0.0717319490325625,63.1494345255181,5.52823332546623,7.17319490325625
2021-10-30,78781,56,62840,41,15941,15,68428,43,450062,523,518490,566,0,924,4,2076,1000,0,"Knox County",470313,88.6643575661315,0.0733626475352928,120.345387008226,11.9069640856196,7.33626475352928
2021-10-29,78725,73,62799,59,15926,14,68385,66,449539,846,517924,912,1,924,1,2072,1000,1,"Knox County",470313,93.1294690982388,0.0755662020905923,193.913415108662,15.5215781830398,7.55662020905923
2021-10-28,78652,54,62740,32,15912,22,68319,39,448693,561,517012,600,4,923,3,2071,999,2,"Knox County",470313,90.1527280768339,0.0752904378909741,127.574615203067,11.481715368276,7.52904378909741
2021-10-27,78598,88,62708,57,15890,31,68280,65,448132,759,516412,824,1,919,3,2068,997,3,"Knox County",470313,92.0663473048799,0.0789967182372246,175.202471545545,18.7109435631165,7.89967182372246
2021-10-26,78510,96,62651,58,15859,38,68215,55,447373,554,515588,609,0,918,5,2065,994,2,"Knox County",470313,103.760687031828,0.0812829525483304,129.488234431113,20.4119384324907,8.12829525483304
2021-10-25,78414,71,62593,47,15821,24,68160,54,446819,491,514979,545,6,918,3,2060,992,1,"Knox County",470313,98.6577024237051,0.0783367792327131,115.880275476119,15.0963294656962,7.83367792327131
2021-10-24,78343,38,62546,20,15797,18,68106,23,446328,337,514434,360,1,912,5,2057,991,3,"Knox County",470313,101.209194727766,0.078125,76.5447691218401,8.07972562952757,7.8125
2021-10-23,78305,59,62526,40,15779,19,68083,42,445991,471,514074,513,0,911,1,2052,988,2,"Knox County",470313,101.847067803782,0.0788448315379326,109.076295998622,12.5448371616349,7.88448315379326
2021-10-22,78246,90,62486,56,15760,34,68041,55,445520,551,513561,606,0,911,2,2051,986,2,"Knox County",470313,105.461681901202,0.0820803549420754,128.850361355098,19.13619228046,8.20803549420754
2021-10-21,78156,124,62430,71,15726,53,67986,78,444969,712,512955,790,3,911,2,2049,984,2,"Knox County",470313,120.345387008226,0.0875912408759124,167.973243350705,26.3654204753005,8.75912408759124
2021-10-20,78032,149,62359,83,15673,66,67908,90,444257,959,512165,1049,3,908,3,2047,982,2,"Knox County",470313,133.315472887205,0.0887745974955277,223.042952246695,31.6810294420949,8.87745974955277
2021-10-19,77883,131,62276,85,15607,46,67818,92,443298,724,511116,816,4,905,4,2044,980,2,"Knox County",470313,140.757325440717,0.0927548621500321,173.501476676171,27.8537909860029,9.27548621500321
2021-10-18,77752,121,62191,90,15561,31,67726,106,442574,607,510300,713,9,901,8,2040,978,3,"Knox County",470313,151.388543374306,0.100268207138436,151.601167732978,25.7275473992852,10.0268207138436
2021-10-17,77631,63,62101,56,15530,7,67620,61,441967,303,509587,364,1,892,4,2032,975,2,"Knox County",470313,156.7041523411,0.108018965161822,77.3952665565272,13.395334596322,10.8018965161822
2021-10-16,77568,55,62045,41,15523,14,67559,44,441664,372,509223,416,0,891,1,2028,973,4,"Knox County",470313,155.853654906413,0.110643668489693,88.4517332074597,11.6943397269478,11.0643668489693
2021-10-15,77513,125,62004,89,15509,36,67515,100,441292,794,508807,894,9,891,5,2027,969,2,"Knox County",470313,163.295507459926,0.113248710829036,190.08617665257,26.5780448339723,11.3248710829036
2021-10-14,77388,192,61915,135,15473,57,67415,143,440498,699,507913,842,0,882,7,2022,967,5,"Knox County",470313,177.753963849607,0.124852767962309,179.029710001637,40.8238768649814,12.4852767962309
2021-10-13,77196,120,61780,87,15416,33,67272,99,439799,764,507071,863,7,882,5,2015,962,1,"Knox County",470313,171.587857448125,0.131418092909535,183.494821533745,25.5149230406134,13.1418092909535
2021-10-12,77076,136,61693,104,15383,32,67173,109,439035,821,506208,930,4,875,3,2010,961,9,"Knox County",470313,172.650979241484,0.131819992035046,197.740653564754,28.9169127793618,13.1819992035046
2021-10-11,76940,194,61589,136,15351,58,67064,149,438214,581,505278,730,3,871,12,2007,952,1,"Knox County",470313,188.172557424524,0.139908712046041,155.215781830398,41.249125582325,13.9908712046041
2021-10-10,76746,54,61453,41,15293,13,66915,51,437633,489,504548,540,0,868,4,1995,951,3,"Knox County",470313,186.258938196478,0.13326941514861,114.81715368276,11.481715368276,13.326941514861
2021-10-09,76692,66,61412,37,15280,29,66864,48,437144,490,504008,538,0,868,7,1991,948,4,"Knox County",470313,188.597806141867,0.1309724564362,114.391904965417,14.0332076723374,13.09724564362
2021-10-08,76626,289,61375,114,15251,175,66816,122,436654,936,503470,1058,-1,868,5,1984,944,4,"Knox County",470313,223.468200964039,0.131067078712961,224.956571474741,61.4484396561439,13.1067078712961
2021-10-07,76337,259,61261,170,15076,89,66694,176,435718,1106,502412,1282,6,869,9,1979,940,1,"Knox County",470313,237.714032995048,0.12691466083151,272.58442781722,55.0697088959905,12.691466083151
2021-10-06,76078,139,61091,103,14987,36,66518,112,434612,835,501130,947,1,863,4,1970,939,5,"Knox County",470313,241.753895809812,0.127302904564315,201.355267662174,29.5547858553772,12.7302904564315
2021-10-05,75939,210,60988,118,14951,92,66406,138,433777,915,500183,1053,3,862,4,1966,934,4,"Knox County",470313,257.488098351523,0.129472999349382,223.893449681382,44.6511153210734,12.9472999349382
2021-10-04,75729,315,60870,224,14859,91,66268,245,432862,829,499130,1074,3,859,4,1962,930,2,"Knox County",470313,283.215645750809,0.137399876771411,228.35856121349,66.9766729816101,13.7399876771411
2021-10-03,75414,102,60646,93,14768,9,66023,107,432033,677,498056,784,1,856,6,1958,928,1,"Knox County",470313,293.421614967054,0.140736342042755,166.697497198674,21.6876845845214,14.0736342042755
2021-10-02,75312,67,60553,43,14759,24,65916,50,431356,472,497272,522,5,855,2,1952,927,4,"Knox County",470313,293.634239325726,0.141369047619048,110.989915226668,14.2458320310091,14.1369047619048
2021-10-01,75245,225,60510,152,14735,73,65866,167,430884,965,496750,1132,0,850,9,1950,923,3,"Knox County",470313,280.026280370732,0.146452752428613,240.690774016453,47.8404807011501,14.6452752428613
2021-09-30,75020,240,60358,166,14662,74,65699,186,429919,1104,495618,1290,1,850,8,1941,920,2,"Knox County",470313,275.986417555968,0.147750661570126,274.285422686594,51.0298460812268,14.7750661570126
2021-09-29,74780,361,60192,170,14588,191,65513,192,428815,1110,494328,1302,6,849,7,1933,918,3,"Knox County",470313,323.189025181103,0.151599832331983,276.836914990655,76.7573934805119,15.1599832331983
2021-09-28,74419,348,60022,249,14397,99,65321,269,427705,777,493026,1046,2,843,1,1926,915,3,"Knox County",470313,352.531186677808,0.17006993006993,222.40507917068,73.9932768177788,17.006993006993
2021-09-27,74071,239,59773,162,14298,77,65052,186,426928,760,491980,946,7,841,12,1925,912,6,"Knox County",470313,336.371735418753,0.164767872401025,201.142643303502,50.817221722555,16.4767872401025
2021-09-26,73832,124,59611,99,14221,25,64866,117,426168,703,491034,820,2,834,1,1913,906,5,"Knox County",470313,341.049471309532,0.165344290167186,174.351974110858,26.3654204753005,16.5344290167186
2021-09-25,73708,110,59512,90,14196,20,64749,102,425465,705,490214,807,0,832,3,1912,901,7,"Knox County",470313,350.192318732419,0.166008443415498,171.587857448125,23.3886794538956,16.6008443415498
2021-09-24,73598,244,59422,165,14176,79,64647,182,424760,938,489407,1120,13,832,5,1909,894,3,"Knox County",470313,354.232181547182,0.168326285636339,238.139281712392,51.8803435159139,16.8326285636339
2021-09-23,73354,354,59257,245,14097,109,64465,267,423822,1370,488287,1637,14,819,8,1904,891,3,"Knox County",470313,378.471358435765,0.171268559520709,348.066075145701,75.2690229698095,17.1268559520709
2021-09-22,73000,251,59012,187,13988,64,64198,202,422452,1260,486650,1462,3,805,4,1896,888,9,"Knox County",470313,355.08267898187,0.169048226588415,310.85681237814,53.3687140266163,16.9048226588415
2021-09-21,72749,398,58825,216,13924,182,63996,230,421192,996,485188,1226,10,802,7,1892,879,4,"Knox County",470313,365.713896915458,0.160389124469943,260.6774637316,84.6244947513677,16.0389124469943
2021-09-20,72351,432,58609,310,13742,122,63766,342,420196,1295,483962,1637,5,792,9,1885,875,7,"Knox County",470313,406.750398139112,0.165575841083936,348.066075145701,91.8537229462082,16.5575841083936
2021-09-19,71919,120,58299,88,13620,32,63424,97,418901,432,482325,529,1,787,7,1876,868,8,"Knox County",470313,405.899900704425,0.168923734853885,112.478285737371,25.5149230406134,16.8923734853885
2021-09-18,71799,226,58211,183,13588,43,63327,196,418469,1075,481796,1271,0,786,7,1869,860,13,"Knox County",470313,430.564326310351,0.170682278766044,270.24555987183,48.0531050598219,17.0682278766044
2021-09-17,71573,546,58028,421,13545,125,63131,448,417394,1310,480525,1758,5,786,11,1862,847,5,"Knox County",470313,494.776882629228,0.18718487394958,373.793622544986,116.092899834791,18.718487394958
2021-09-16,71027,588,57607,456,13420,132,62683,487,416084,1518,478767,2005,7,781,16,1851,842,3,"Knox County",470313,544.530982558424,0.202467637540453,426.311839136915,125.023122899006,20.2467637540453
2021-09-15,70439,339,57151,250,13288,89,62196,268,414566,807,476762,1075,6,774,5,1835,839,4,"Knox County",470313,563.24192612154,0.217661298810652,228.571185572162,72.0796575897328,21.7661298810652
2021-09-14,70100,555,56901,443,13199,112,61928,476,413759,1406,475687,1882,12,768,8,1830,835,3,"Knox County",470313,596.62395043301,0.227823176134685,400.159043020287,118.006519062837,22.7823176134685
2021-09-13,69545,398,56458,298,13087,100,61452,332,412353,1134,473805,1466,20,756,15,1822,832,9,"Knox County",470313,589.394722238169,0.230723012217104,311.707309812827,84.6244947513677,23.0723012217104
2021-09-12,69147,387,56160,358,12987,29,61120,376,411219,1460,472339,1836,0,736,5,1807,823,8,"Knox County",470313,646.165426003534,0.228725759319933,390.378322521385,82.2856268059781,22.8725759319933
2021-09-11,68760,865,55802,707,12958,158,60744,762,409759,2621,470503,3383,4,736,26,1802,815,10,"Knox County",470313,782.0323911948,0.2349123461395,719.308205386626,183.920070251088,23.49123461395
2021-09-10,67895,1026,55095,750,12800,276,59982,804,407138,2512,467120,3316,1,732,24,1776,805,7,"Knox County",470313,884.092083357254,0.234244469691907,705.062373355616,218.152591997244,23.4244469691907
2021-09-09,66869,309,54345,166,12524,143,59178,171,404626,685,463804,856,1,731,18,1752,798,5,"Knox County",470313,824.769887287827,0.230852758071522,182.006451023042,65.7009268295794,23.0852758071522
2021-09-08,66560,290,54179,226,12381,64,59007,250,403941,837,462948,1087,5,730,11,1734,793,6,"Knox County",470313,814.35129371291,0.229350499059743,231.122677876223,61.6610640148157,22.9350499059742
2021-09-07,66270,413,53953,299,12317,114,58757,311,403104,979,461861,1290,3,725,13,1723,787,1,"Knox County",470313,784.158634781518,0.227142209460481,274.285422686594,87.8138601314444,22.7142209460481
2021-09-06,65857,988,53654,788,12203,200,58446,843,402125,3221,460571,4064,1,722,20,1710,786,3,"Knox County",470313,909.607006397867,0.222145022738757,864.105393642106,210.072866367717,22.2145022738757
2021-09-05,64869,968,52866,800,12003,168,57603,831,398904,2998,456507,3829,2,721,15,1690,783,6,"Knox County",470313,1033.14175878617,0.222833099579243,814.138669354239,205.820379194281,22.2833099579243
2021-09-04,63901,541,52066,387,11835,154,56772,407,395906,1502,452678,1909,2,719,10,1675,777,4,"Knox County",470313,964.251466576514,0.221209711944224,405.899900704425,115.029778041432,22.1209711944224
2021-09-03,63360,334,51679,238,11681,96,56365,249,394404,909,450769,1158,5,717,8,1665,773,5,"Knox County",470313,817.115410375643,0.215740153596844,246.219007341919,71.0165357963739,21.5740153596844
2021-09-02,63026,323,51441,181,11585,142,56116,200,393495,681,449611,881,3,712,5,1657,768,3,"Knox County",470313,820.092151397048,0.217400478266986,187.322059989837,68.6776678509843,21.7400478266986
2021-09-01,62703,276,51260,212,11443,64,55916,226,392814,645,448730,871,2,709,2,1652,765,3,"Knox County",470313,817.115410375643,0.219040137123268,185.195816403119,58.6843229934108,21.9040137123268
2021-08-31,62427,596,51048,434,11379,162,55690,479,392169,1894,447859,2373,2,707,9,1650,762,4,"Knox County",470313,856.025668012579,0.214451441829632,504.55760312813,126.72411776838,21.4451441829632
2021-08-30,61831,513,50614,403,11217,110,55211,430,390275,1629,445486,2059,9,705,13,1641,758,6,"Knox County",470313,755.029097643484,0.215749235474006,437.793554505191,109.076295998622,21.5749235474006
2021-08-29,61318,482,50211,407,11107,75,54781,439,388646,1484,443427,1923,1,696,5,1628,752,7,"Knox County",470313,651.693659329,0.217469124753893,408.876641725829,102.484940879797,21.7469124753893
2021-08-28,60836,397,49804,302,11032,95,54342,320,387162,1065,441504,1385,0,695,4,1623,745,3,"Knox County",470313,621.075751680264,0.22,294.484736760413,84.4118703926959,22
2021-08-27,60439,473,49502,375,10937,98,54022,389,386097,1166,440119,1555,5,695,5,1619,742,1,"Knox County",470313,650.630537535641,0.224766905042093,330.630877734615,100.571321651751,22.4766905042093
2021-08-26,59966,449,49127,346,10839,103,53633,365,384931,1426,438564,1791,5,690,0,1614,741,5,"Knox County",470313,677.421206728285,0.221460232499791,380.810226381155,95.4683370436284,22.1460232499791
2021-08-25,59517,351,48781,225,10736,126,53268,236,383505,642,436773,878,2,685,4,1614,736,10,"Knox County",470313,693.368033628669,0.222166499498495,186.684186913821,74.6311498937941,22.2166499498495
2021-08-24,59166,342,48556,222,10610,120,53032,233,382863,677,435895,910,4,683,5,1610,726,0,"Knox County",470313,639.361446526037,0.229692410246643,193.488166391318,72.7175306657481,22.9692410246643
2021-08-23,58824,287,48334,206,10490,81,52799,227,382186,825,434985,1052,1,679,1,1605,726,4,"Knox County",470313,591.308341466215,0.232673267326733,223.680825322711,61.0231909388003,23.2673267326733
2021-08-22,58537,240,48128,217,10409,23,52572,233,381361,889,433933,1122,2,678,0,1604,722,2,"Knox County",470313,539.853246667645,0.230415276659381,238.564530429735,51.0298460812268,23.0415276659381
2021-08-21,58297,498,47911,376,10386,122,52339,411,380472,1903,432811,2314,0,676,8,1604,720,3,"Knox County",470313,561.328306893494,0.217626273124091,492.012765966495,105.886930618546,21.7626273124091
2021-08-20,57799,425,47535,331,10264,94,51928,357,378569,1148,430497,1505,0,676,6,1596,717,3,"Knox County",470313,551.122337677249,0.21541997492687,319.999659801026,90.3653524355057,21.541997492687
2021-08-19,57374,368,47204,254,10170,114,51571,264,377421,952,428992,1216,1,676,6,1590,714,0,"Knox County",470313,533.899764624835,0.217961542736468,258.551220144882,78.2457639912144,21.7961542736468
2021-08-18,57006,263,46950,191,10056,72,51307,200,376469,914,427776,1114,2,675,5,1584,714,0,"Knox County",470313,515.188821061718,0.208491281273692,236.863535560361,55.9202063306777,20.8491281273692
2021-08-17,56743,263,46759,181,9984,82,51107,197,375555,1042,426662,1239,0,673,5,1579,714,3,"Knox County",470313,498.391496726648,0.197552813218992,263.441580394333,55.9202063306777,19.7552813218992
2021-08-16,56480,184,46578,126,9902,58,50910,132,374513,421,425423,553,2,673,4,1574,711,0,"Knox County",470313,476.491187783455,0.197947699437272,117.581270345493,39.1228819956072,19.7947699437272
2021-08-15,56296,204,46452,181,9844,23,50778,198,374092,952,424870,1150,3,671,6,1570,711,1,"Knox County",470313,468.836710871271,0.193488065119349,244.518012472545,43.3753691690427,19.3488065119349
2021-08-14,56092,219,46271,147,9821,72,50580,154,373140,794,423720,948,0,668,4,1564,710,2,"Knox County",470313,409.514514801845,0.194433656957929,201.567892020846,46.5647345491194,19.4433656957929
2021-08-13,55873,266,46124,206,9749,60,50426,218,372346,1470,422772,1688,1,668,5,1560,708,3,"Knox County",470313,375.707241773032,0.172357106727365,358.909917437962,56.558079406693,17.2357106727365
2021-08-12,55607,222,45918,146,9689,76,50208,152,370876,643,421084,795,2,667,8,1555,705,2,"Knox County",470313,344.664085406952,0.167089622011487,169.036365144064,47.2026076251348,16.7089622011487
2021-08-11,55385,315,45772,237,9613,78,50056,248,370233,989,420289,1237,1,665,10,1547,703,3,"Knox County",470313,355.720552057885,0.170696452036794,263.01633167699,66.9766729816101,17.0696452036794
2021-08-10,55070,173,45535,110,9535,63,49808,121,369244,621,419052,742,1,664,2,1537,700,4,"Knox County",470313,336.584359777425,0.171938703781808,157.767274134459,36.7840140502176,17.1938703781808
2021-08-09,54897,197,45425,159,9472,38,49687,167,368623,752,418310,919,1,663,4,1535,696,1,"Knox County",470313,339.348476440158,0.168204305388421,195.401785619364,41.8869986583403,16.8204305388421
2021-08-08,54700,89,45266,67,9434,22,49520,75,367871,418,417391,493,1,662,5,1531,695,0,"Knox County",470313,314.896675192903,0.166373497508062,104.823808825187,18.9235679217883,16.6373497508062
2021-08-07,54611,105,45199,76,9412,29,49445,80,367453,638,416898,718,0,661,2,1526,695,0,"Knox County",470313,290.657498304321,0.160952669902913,152.664289526337,22.3255576605367,16.0952669902913
2021-08-06,54506,203,45123,147,9383,56,49365,163,366815,879,416180,1042,0,661,11,1524,695,1,"Knox County",470313,277.262163707999,0.169189371005718,221.554581735993,43.162744810371,16.9189371005718
2021-08-05,54303,174,44976,131,9327,43,49202,147,365936,850,415138,997,2,661,4,1513,694,2,"Knox County",470313,267.056194491753,0.162817176317502,211.986485595763,36.9966384088894,16.2817176317502
2021-08-04,54129,144,44845,101,9284,43,49055,104,365086,656,414141,760,1,659,4,1509,692,1,"Knox County",470313,230.697429158879,0.15111973196967,161.594512590551,30.6179076487361,15.111973196967
2021-08-03,53985,238,44744,177,9241,61,48951,183,364430,813,413381,996,0,658,5,1505,691,3,"Knox County",470313,244.518012472545,0.155105485232068,211.773861237091,50.6045973638832,15.5105485232068
2021-08-02,53747,97,44567,75,9180,22,48768,82,363617,532,412385,614,2,658,3,1500,688,0,"Knox County",470313,223.255576605367,0.148398576512456,130.551356224472,20.6245627911625,14.8398576512456
2021-08-01,53650,105,44492,89,9158,16,48686,99,363085,526,411771,625,0,656,2,1497,688,2,"Knox County",470313,226.657566344116,0.149165507649513,132.890224169861,22.3255576605367,14.9165507649513
2021-07-31,53545,104,44403,64,9142,40,48587,68,362559,399,411146,467,1,656,6,1495,686,0,"Knox County",470313,226.444941985444,0.153790219960007,99.2955754997204,22.1129333018649,15.3790219960007
2021-07-30,53441,118,44339,83,9102,35,48519,90,362160,339,410679,429,1,655,0,1489,686,1,"Knox County",470313,208.371871498343,0.158142389525368,91.2158498701928,25.0896743232698,15.8142389525368
2021-07-29,53323,117,44256,65,9067,52,48429,68,361821,483,410250,551,0,654,1,1489,685,1,"Knox County",470313,196.252283054051,0.156235929761369,117.15602162815,24.877049964598,15.6235929761369
2021-07-28,53206,131,44191,90,9015,41,48361,95,361338,536,409699,631,0,654,4,1488,684,0,"Knox County",470313,193.488166391318,0.158822165546024,134.165970321892,27.8537909860029,15.8822165546024
2021-07-27,53075,117,44101,78,8974,39,48266,84,360802,499,409068,583,0,654,4,1484,684,0,"Knox County",470313,167.760618992033,0.15025641025641,123.960001105647,24.877049964598,15.025641025641
2021-07-26,52958,97,44023,73,8935,24,48182,79,360303,371,408485,450,1,654,4,1480,684,0,"Knox County",470313,167.760618992033,0.156049250535332,95.6809614023002,20.6245627911625,15.6049250535332
2021-07-25,52861,51,43950,43,8911,8,48103,44,359932,320,408035,364,3,653,5,1476,684,1,"Knox County",470313,156.278903623757,0.151942446043165,77.3952665565272,10.8438422922607,15.1942446043165
2021-07-24,52810,64,43907,43,8903,21,48059,44,359612,348,407671,392,0,650,1,1471,683,2,"Knox County",470313,147.773929276886,0.148235294117647,83.348748599337,13.6079589549938,14.8235294117647
2021-07-23,52746,56,43864,31,8882,25,48015,32,359264,321,407279,353,1,650,3,1470,681,1,"Knox County",470313,134.591219039236,0.134175691937425,75.0563986111377,11.9069640856196,13.4175691937425
2021-07-22,52690,94,43833,69,8857,25,47983,78,358943,474,406926,552,0,649,3,1467,680,0,"Knox County",470313,129.700858789785,0.137142857142857,117.368645986822,19.9866897151471,13.7142857142857
2021-07-21,52596,61,43764,47,8832,14,47905,46,358469,411,406374,457,1,649,1,1464,680,0,"Knox County",470313,114.81715368276,0.129165344335132,97.1693319130026,12.9700858789785,12.9165344335132
2021-07-20,52535,78,43717,43,8818,35,47859,45,358058,299,405917,344,0,648,3,1463,680,0,"Knox County",470313,106.524803694561,0.126373626373626,73.1427793830917,16.5846999763987,12.6373626373626
2021-07-19,52457,48,43674,36,8783,12,47814,42,357759,348,405573,390,0,648,0,1460,680,0,"Knox County",470313,96.1062101196437,0.116058906030856,82.9234998819935,10.2059692162454,11.6058906030856
2021-07-18,52409,36,43638,30,8771,6,47772,31,357411,271,405183,302,0,648,1,1460,680,1,"Knox County",470313,92.916844739567,0.113978494623656,64.212556318877,7.65447691218401,11.3978494623656
2021-07-17,52373,27,43608,20,8765,7,47741,21,357140,202,404881,223,0,648,1,1459,679,0,"Knox County",470313,85.0497434687113,0.112552460892789,47.4152319838065,5.74085768413801,11.2552460892789
2021-07-16,52346,37,43588,21,8758,16,47720,22,356938,291,404658,313,0,648,1,1458,679,0,"Knox County",470313,81.0098806539475,0.110422316931422,66.5514242642666,7.86710127085579,11.0422316931422
2021-07-15,52309,55,43567,42,8742,13,47698,44,356647,364,404345,408,-1,648,1,1457,679,0,"Knox County",470313,72.7175306657481,0.10299548625359,86.7507383380855,11.6943397269478,10.299548625359
2021-07-14,52254,21,43525,17,8729,4,47654,16,356283,269,403937,285,0,649,2,1456,679,0,"Knox County",470313,64.212556318877,0.0975717439293598,60.5979422214568,4.46511153210734,9.75717439293598
2021-07-13,52233,42,43508,26,8725,16,47638,29,356014,355,403652,384,3,649,3,1454,679,0,"Knox County",470313,56.558079406693,0.0889370932754881,81.6477537299628,8.93022306421468,8.89370932754881
2021-07-12,52191,27,43482,21,8709,6,47609,23,355659,270,403268,293,0,646,1,1451,679,1,"Knox County",470313,52.0929678745856,0.0842391304347826,62.298937090831,5.74085768413801,8.42391304347826
2021-07-11,52164,8,43461,3,8703,5,47586,4,355389,136,402975,140,0,646,0,1450,678,0,"Knox County",470313,46.1394858317759,0.0777126099706745,29.7674102140489,1.70099486937423,7.77126099706745
2021-07-10,52156,19,43458,15,8698,4,47582,15,355253,191,402835,206,0,646,1,1450,678,0,"Knox County",470313,44.4384909624016,0.0754066042385411,43.8006178863863,4.03986281476378,7.54066042385411
2021-07-09,52137,27,43443,21,8694,6,47567,21,355062,338,402629,359,0,646,0,1449,678,1,"Knox County",470313,42.3122473756839,0.0732530120481928,76.3321447631684,5.74085768413801,7.32530120481928
2021-07-08,52110,19,43422,14,8688,5,47546,16,354724,317,402270,333,0,646,0,1449,677,2,"Knox County",470313,34.6577704634998,0.062,70.8039114377021,4.03986281476378,6.2
2021-07-07,52091,18,43408,5,8683,13,47530,5,354407,333,401937,338,1,646,1,1449,675,0,"Knox County",470313,34.0198973874845,0.055041402825134,71.867033231061,3.82723845609201,5.5041402825134
2021-07-06,52073,24,43403,9,8670,15,47525,13,354074,263,401599,276,0,645,2,1448,675,0,"Knox County",470313,30.1926589313925,0.0498714652956298,58.6843229934108,5.10298460812268,4.98714652956298
2021-07-05,52049,10,43394,7,8655,3,47512,6,353811,105,401323,111,0,645,1,1446,675,0,"Knox County",470313,26.5780448339723,0.0453771979580261,23.6013038125674,2.12624358671778,4.53771979580261
2021-07-04,52039,8,43387,7,8652,1,47506,7,353706,143,401212,150,0,645,1,1445,675,0,"Knox County",470313,26.5780448339723,0.0468133107727016,31.8936538007667,1.70099486937423,4.68133107727016
2021-07-03,52031,9,43380,7,8651,2,47499,7,353563,184,401062,191,0,645,1,1444,675,0,"Knox County",470313,24.4518012472545,0.0426621160409556,40.6112525063096,1.913619228046,4.26621160409556
2021-07-02,52022,17,43373,13,8649,4,47492,17,353379,342,400871,359,-1,645,0,1443,675,0,"Knox County",470313,22.3255576605367,0.040386803185438,76.3321447631684,3.61461409742023,4.0386803185438
2021-07-01,52005,18,43360,15,8645,3,47475,17,353037,248,400512,265,-1,646,1,1443,675,0,"Knox County",470313,22.1129333018649,0.042603550295858,56.3454550480212,3.82723845609201,4.2603550295858
2021-06-30,51987,18,43345,12,8642,6,47458,11,352789,299,400247,310,0,647,0,1442,675,0,"Knox County",470313,22.1129333018649,0.0469314079422383,65.9135511882512,3.82723845609201,4.69314079422383
2021-06-29,51969,21,43333,16,8636,5,47447,19,352490,437,399937,456,0,647,1,1442,675,0,"Knox County",470313,21.4750602258496,0.0456026058631922,96.9567075543308,4.46511153210734,4.56026058631922
2021-06-28,51948,9,43317,2,8631,7,47428,2,352053,113,399481,115,0,647,0,1441,675,0,"Knox County",470313,21.2624358671778,0.0433369447453954,24.4518012472545,1.913619228046,4.33369447453954
2021-06-27,51939,5,43315,3,8624,2,47426,3,351940,151,399366,154,0,647,0,1441,675,0,"Knox County",470313,20.6245627911625,0.0410810810810811,32.7441512354538,1.06312179335889,4.10810810810811
2021-06-26,51934,3,43312,2,8622,1,47423,2,351789,206,399212,208,0,647,0,1441,675,0,"Knox County",470313,19.3488166391318,0.0380289234065345,44.2258666037299,0.637873076015334,3.80289234065345
2021-06-25,51931,13,43310,9,8621,4,47421,11,351583,311,399004,322,0,647,0,1441,675,0,"Knox County",470313,18.4983192044447,0.0355191256830601,68.4650434923126,2.76411666273312,3.55191256830601
2021-06-24,51918,14,43301,9,8617,5,47410,10,351272,364,398682,374,1,647,1,1441,675,1,"Knox County",470313,17.6478217697576,0.0299123259412068,79.521510143245,2.97674102140489,2.99123259412068
2021-06-23,51904,13,43292,6,8612,7,47400,8,350908,282,398308,290,0,646,0,1440,674,1,"Knox County",470313,16.5846999763987,0.0286607608129234,61.6610640148157,2.76411666273312,2.86607608129234
2021-06-22,51891,14,43286,5,8605,9,47392,5,350626,247,398018,252,2,646,1,1440,673,1,"Knox County",470313,15.0963294656962,0.0239067055393586,53.5813383852881,2.97674102140489,2.39067055393586
2021-06-21,51877,9,43281,8,8596,1,47387,9,350379,289,397766,298,0,644,1,1439,672,0,"Knox County",470313,15.0963294656962,0.0252897787144362,63.3620588841899,1.913619228046,2.52897787144363
2021-06-20,51868,3,43273,2,8595,1,47378,3,350090,161,397468,164,1,644,0,1438,672,0,"Knox County",470313,14.6710807483527,0.0251572327044025,34.8703948221716,0.637873076015334,2.51572327044025
2021-06-19,51865,3,43271,1,8594,2,47375,1,349929,191,397304,192,0,643,0,1438,672,0,"Knox County",470313,14.6710807483527,0.0248414376321353,40.8238768649814,0.637873076015334,2.48414376321353
2021-06-18,51862,5,43270,3,8592,2,47374,3,349738,283,397112,286,1,643,0,1438,672,0,"Knox County",470313,12.9700858789785,0.0210129310344828,60.8105665801286,1.06312179335889,2.10129310344828
2021-06-17,51857,12,43267,8,8590,4,47371,9,349455,515,396826,524,0,642,0,1438,672,1,"Knox County",470313,12.5448371616349,0.0189431704885344,111.415163944012,2.55149230406134,1.89431704885344
2021-06-16,51845,7,43259,4,8586,3,47362,4,348940,362,396302,366,1,642,0,1438,671,0,"Knox County",470313,11.2690910096042,0.0163304514889529,77.8205152738708,1.48837051070245,1.63304514889529
2021-06-15,51838,13,43255,9,8583,4,47358,14,348578,428,395936,442,0,641,0,1438,671,0,"Knox County",470313,11.0564666509325,0.0189260563380282,93.9799665329259,2.76411666273312,1.89260563380282
2021-06-14,51825,7,43246,2,8579,5,47344,3,348150,259,395494,262,1,641,0,1438,671,0,"Knox County",470313,10.6312179335889,0.0165474060822898,55.7075819720059,1.48837051070245,1.65474060822898
2021-06-13,51818,3,43244,3,8574,0,47341,4,347891,128,395232,132,0,640,1,1438,671,0,"Knox County",470313,10.6312179335889,0.0172413793103448,28.0664153446747,0.637873076015334,1.72413793103448
2021-06-12,51815,2,43241,1,8574,1,47337,1,347763,226,395100,227,0,640,0,1437,671,1,"Knox County",470313,10.4185935749171,0.0169718624385887,48.2657294184936,0.425248717343556,1.69718624385887
2021-06-11,51813,7,43240,3,8573,4,47336,2,347537,317,394873,319,0,640,0,1437,670,1,"Knox County",470313,10.8438422922607,0.0162852112676056,67.8271704162972,1.48837051070245,1.62852112676056
2021-06-10,51806,7,43237,4,8569,3,47334,5,347220,358,394554,363,0,640,0,1437,669,0,"Knox County",470313,9.7807204989018,0.0156324017053529,77.1826421978555,1.48837051070245,1.56324017053529
2021-06-09,51799,2,43233,1,8566,1,47329,1,346862,367,394191,368,1,640,0,1437,669,1,"Knox County",470313,8.7175987055429,0.0141978230004733,78.2457639912144,0.425248717343556,1.41978230004733
2021-06-08,51797,5,43232,3,8565,2,47328,4,346495,266,393823,270,1,639,0,1437,668,1,"Knox County",470313,7.01660383616868,0.0103039670273055,57.4085768413801,1.06312179335889,1.03039670273055
2021-06-07,51792,16,43229,10,8563,6,47324,10,346229,316,393553,326,0,638,2,1437,667,0,"Knox County",470313,8.93022306421468,0.0134663341645885,69.3155409269997,3.40198973874845,1.34663341645885
2021-06-06,51776,4,43219,2,8557,2,47314,2,345913,178,393227,180,0,638,0,1435,667,1,"Knox County",470313,9.14284742288646,0.0121773015099854,38.2723845609201,0.850497434687113,1.21773015099854
2021-06-05,51772,5,43217,2,8555,3,47312,3,345735,258,393047,261,0,638,0,1435,666,0,"Knox County",470313,9.7807204989018,0.0129372304743651,55.4949576133341,1.06312179335889,1.29372304743651
2021-06-04,51767,7,43215,2,8552,5,47309,3,345477,325,392786,328,1,638,0,1435,666,0,"Knox County",470313,9.7807204989018,0.0133587786259542,69.7407896443432,1.48837051070245,1.33587786259542
2021-06-03,51760,7,43213,4,8547,3,47306,6,345152,458,392458,464,0,637,0,1435,666,0,"Knox County",470313,9.7807204989018,0.0131998179335457,98.6577024237051,1.48837051070245,1.31998179335457
2021-06-02,51753,20,43209,7,8544,13,47300,6,344694,282,391994,288,0,637,1,1435,666,0,"Knox County",470313,13.6079589549938,0.0160604629192253,61.2358152974721,4.25248717343556,1.60604629192253
2021-06-01,51733,12,43202,9,8531,3,47294,10,344412,291,391706,301,0,637,1,1434,666,0,"Knox County",470313,15.0963294656962,0.0186219739292365,63.9999319602052,2.55149230406134,1.86219739292365
2021-05-31,51721,17,43193,14,8528,3,47284,12,344121,353,391405,365,0,637,0,1433,666,0,"Knox County",470313,15.308953824368,0.0192043895747599,77.607890915199,3.61461409742023,1.92043895747599
2021-05-30,51704,3,43179,1,8525,2,47272,1,343768,203,391040,204,0,637,0,1433,666,1,"Knox County",470313,15.0963294656962,0.018543645409317,43.3753691690427,0.637873076015334,1.8543645409317
2021-05-29,51701,14,43178,8,8523,6,47271,6,343565,199,390836,205,0,637,1,1433,665,2,"Knox County",470313,17.0099486937423,0.0204176334106729,43.5879935277145,2.97674102140489,2.04176334106729
2021-05-28,51687,11,43170,6,8517,5,47265,10,343366,390,390631,400,0,637,1,1432,663,0,"Knox County",470313,17.8604461284294,0.0229007633587786,85.0497434687113,2.33886794538956,2.29007633587786
2021-05-27,51676,23,43164,8,8512,15,47255,9,342976,341,390231,350,0,637,1,1431,663,0,"Knox County",470313,21.2624358671778,0.0255560814008519,74.4185255351224,4.8903602494509,2.55560814008519
2021-05-26,51653,16,43156,8,8497,8,47246,11,342635,572,389881,583,0,637,0,1430,663,0,"Knox County",470313,20.4119384324907,0.0245016611295681,123.960001105647,3.40198973874845,2.45016611295681
2021-05-25,51637,18,43148,8,8489,10,47235,7,342063,311,389298,318,0,637,1,1430,663,0,"Knox County",470313,21.6876845845214,0.0230927835051546,67.6145460576254,3.82723845609201,2.30927835051546
2021-05-24,51619,25,43140,21,8479,4,47228,24,341752,425,388980,449,0,637,1,1429,663,1,"Knox County",470313,23.3886794538956,0.027102431247509,95.4683370436284,5.31560896679445,2.7102431247509
2021-05-23,51594,16,43119,8,8475,8,47204,8,341327,225,388531,233,1,637,1,1428,662,1,"Knox County",470313,26.1527961166287,0.0295508274231678,49.5414755705243,3.40198973874845,2.95508274231678
2021-05-22,51578,8,43111,4,8467,4,47196,4,341102,269,388298,273,0,636,0,1427,661,0,"Knox County",470313,24.877049964598,0.0280122793553338,58.0464499173954,1.70099486937423,2.80122793553338
2021-05-21,51570,16,43107,12,8463,4,47192,13,340833,377,388025,390,0,636,1,1427,661,1,"Knox County",470313,25.9401717579569,0.0292758089368259,82.9234998819935,3.40198973874845,2.92758089368259
2021-05-20,51554,34,43095,26,8459,8,47179,27,340456,594,387635,621,0,636,1,1426,660,1,"Knox County",470313,28.2790397033465,0.0327868852459016,132.039726735174,7.22922819484046,3.27868852459016
2021-05-19,51520,14,43069,6,8451,8,47152,6,339862,544,387014,550,0,636,1,1425,659,0,"Knox County",470313,27.8537909860029,0.0314043754410727,116.943397269478,2.97674102140489,3.14043754410727
2021-05-18,51506,24,43063,14,8443,10,47146,14,339318,444,386464,458,1,636,0,1424,659,1,"Knox County",470313,29.1295371380336,0.0322797579018157,97.3819562716744,5.10298460812268,3.22797579018157
2021-05-17,51482,15,43049,8,8433,7,47132,8,338874,420,386006,428,0,635,0,1424,658,0,"Knox County",470313,27.0032935513158,0.0270910938029123,91.003225511521,3.18936538007667,2.70910938029123
2021-05-16,51467,22,43041,13,8426,9,47124,12,338454,272,385578,284,1,635,1,1424,658,1,"Knox County",470313,28.2790397033465,0.0279627163781625,60.385317862785,4.67773589077912,2.79627163781625
2021-05-15,51445,23,43028,13,8417,10,47112,17,338182,336,385294,353,0,634,2,1423,657,1,"Knox County",470313,31.4684050834232,0.0314526588845655,75.0563986111377,4.8903602494509,3.14526588845655
2021-05-14,51422,36,43015,25,8407,11,47095,26,337846,498,384941,524,0,634,4,1421,656,0,"Knox County",470313,35.7208922568587,0.0341827221876942,111.415163944012,7.65447691218401,3.41827221876942
2021-05-13,51386,31,42990,17,8396,14,47069,17,337348,376,384417,393,0,634,0,1417,656,0,"Knox County",470313,35.0830191808434,0.0334448160535117,83.5613729580088,6.59135511882512,3.34448160535117
2021-05-12,51355,34,42973,28,8382,6,47052,26,336972,506,384024,532,0,634,0,1417,656,0,"Knox County",470313,39.335506354279,0.0403768506056528,113.116158813386,7.22922819484046,4.03768506056528
2021-05-11,51321,36,42945,30,8376,6,47026,31,336466,555,383492,586,0,634,4,1417,656,0,"Knox County",470313,41.8869986583403,0.0441935483870968,124.597874181662,7.65447691218401,4.41935483870968
2021-05-10,51285,21,42915,14,8370,7,46995,13,335911,277,382906,290,1,634,1,1413,656,1,"Knox County",470313,43.162744810371,0.0479405806887238,61.6610640148157,4.46511153210734,4.79405806887238
2021-05-09,51264,17,42901,14,8363,3,46982,17,335634,369,382616,386,0,633,1,1412,655,0,"Knox County",470313,42.0996230170121,0.047976501305483,82.0730024473064,3.61461409742023,4.7976501305483
2021-05-08,51247,20,42887,11,8360,9,46965,14,335265,307,382230,321,0,633,1,1411,655,0,"Knox County",470313,41.4617499409967,0.0474934036939314,68.2524191336408,4.25248717343556,4.74934036939314
2021-05-07,51227,43,42876,31,8351,12,46951,33,334958,576,381909,609,0,633,0,1410,655,0,"Knox County",470313,42.9501204516992,0.0484440166827077,129.488234431113,9.14284742288646,4.84440166827077
2021-05-06,51184,40,42845,26,8339,14,46918,28,334382,340,381300,368,1,633,0,1410,655,1,"Knox County",470313,44.8637396797452,0.0523932729624838,78.2457639912144,8.50497434687113,5.23932729624838
2021-05-05,51144,51,42819,32,8325,19,46890,38,334042,585,380932,623,0,632,4,1410,654,0,"Knox County",470313,48.4783537771654,0.0546654099905749,132.464975452518,10.8438422922607,5.46654099905749
2021-05-04,51093,50,42787,32,8306,18,46852,34,333457,536,380309,570,0,632,0,1406,654,0,"Knox County",470313,51.4550947985703,0.0558888538048626,121.195884442914,10.6312179335889,5.58888538048626
2021-05-03,51043,24,42755,9,8288,15,46818,7,332921,309,379739,316,1,632,1,1406,654,1,"Knox County",470313,52.0929678745856,0.053554650798622,67.1892973402819,5.10298460812268,5.3554650798622
2021-05-02,51019,25,42746,18,8273,7,46811,20,332612,288,379423,308,0,631,2,1405,653,0,"Knox County",470313,53.7939627439599,0.0558587479935795,65.4883024709077,5.31560896679445,5.58587479935795
2021-05-01,50994,45,42728,35,8266,10,46791,37,332324,450,379115,487,0,631,2,1403,653,0,"Knox County",470313,59.1095717107543,0.060042669917708,103.548062673156,9.56809614023002,6.0042669917708
2021-04-30,50949,58,42693,30,8256,28,46754,29,331874,567,378628,596,0,631,3,1401,653,1,"Knox County",470313,62.298937090831,0.0590575275397797,126.72411776838,12.3322128029631,5.90575275397797
2021-04-29,50891,54,42663,34,8228,20,46725,35,331307,571,378032,606,0,631,2,1398,652,0,"Knox County",470313,65.2756781122359,0.0570450656018254,128.850361355098,11.481715368276,5.70450656018254
2021-04-28,50837,47,42629,28,8208,19,46690,34,330736,543,377426,577,4,631,1,1396,652,2,"Knox County",470313,64.4251806775488,0.0566473988439306,122.684254953616,9.99334485757357,5.66473988439306
2021-04-27,50790,39,42601,17,8189,22,46656,20,330193,392,376849,412,1,627,2,1395,650,1,"Knox County",470313,62.0863127321592,0.0551181102362205,87.6012357727726,8.29234998819935,5.51181102362205
2021-04-26,50751,69,42584,36,8167,33,46636,40,329801,480,376437,520,1,626,0,1393,649,2,"Knox County",470313,71.6544088723892,0.0613234455219624,110.564666509325,14.6710807483527,6.13234455219624
2021-04-25,50682,38,42548,25,8134,13,46596,26,329321,341,375917,367,0,625,3,1393,647,0,"Knox County",470313,74.4185255351224,0.0619915848527349,78.0331396325426,8.07972562952757,6.19915848527349
2021-04-24,50644,35,42523,22,8121,13,46570,28,328980,509,375550,537,0,625,3,1390,647,1,"Knox County",470313,72.2922819484046,0.0586445366528354,114.179280606745,7.44185255351224,5.86445366528354
2021-04-23,50609,43,42501,31,8108,12,46542,36,328471,553,375013,589,0,625,2,1387,646,1,"Knox County",470313,69.1029165683279,0.0606984478935698,125.235747257677,9.14284742288646,6.06984478935698
2021-04-22,50566,79,42470,62,8096,17,46506,65,327918,787,374424,852,1,625,1,1385,645,1,"Knox County",470313,74.4185255351224,0.0646081992734821,181.155953588355,16.7973243350705,6.46081992734821
2021-04-21,50487,62,42408,34,8079,28,46441,35,327131,479,373572,514,1,624,1,1384,644,1,"Knox County",470313,77.607890915199,0.065945660775521,109.288920357294,13.1827102376502,6.5945660775521
2021-04-20,50425,38,42374,34,8051,4,46406,38,326652,474,373058,512,1,623,1,1383,643,1,"Knox County",470313,77.3952665565272,0.0688768953996402,108.86367163995,8.07972562952757,6.88768953996402
2021-04-19,50387,65,42340,41,8047,24,46368,39,326178,336,372546,375,0,622,0,1382,642,0,"Knox County",470313,76.5447691218401,0.0712760277629471,79.7341345019168,13.8205833136656,7.12760277629471
2021-04-18,50322,38,42299,27,8023,11,46329,32,325842,364,372171,396,0,622,1,1382,642,1,"Knox County",470313,76.5447691218401,0.072317880794702,84.1992460340241,8.07972562952757,7.2317880794702
2021-04-17,50284,37,42272,18,8012,19,46297,23,325478,335,371775,358,0,622,1,1381,641,0,"Knox County",470313,76.9700178391837,0.0745272525027809,76.1195204044966,7.86710127085579,7.45272525027809
2021-04-16,50247,346,42254,330,7993,16,46274,368,325143,2088,371417,2456,1,622,4,1380,641,1,"Knox County",470313,141.395198516732,0.109829763866008,522.205424897887,73.5680281004352,10.9829763866008
2021-04-15,49901,86,41924,54,7977,32,45906,55,323055,577,368961,632,1,621,0,1376,640,1,"Knox County",470313,142.883569027435,0.112530993705894,134.378594680564,18.2856948457729,11.2530993705894
2021-04-14,49815,85,41870,60,7945,25,45851,62,322478,684,368329,746,0,620,3,1376,639,0,"Knox County",470313,147.773929276886,0.112694063926941,158.617771569146,18.0730704871011,11.2694063926941
2021-04-13,49730,68,41810,38,7920,30,45789,43,321794,339,367583,382,-5,620,1,1373,639,0,"Knox County",470313,154.152660037039,0.116370439663237,81.2225050126193,14.4584563896809,11.6370439663237
2021-04-12,49662,63,41772,43,7890,20,45746,50,321455,360,367201,410,1,625,0,1372,639,1,"Knox County",470313,153.727411319696,0.117657992565056,87.175987055429,13.395334596322,11.7657992565056
2021-04-11,49599,26,41729,14,7870,12,45696,14,321095,296,366791,310,2,624,0,1372,638,0,"Knox County",470313,151.175919015634,0.116169248205516,65.9135511882512,5.52823332546623,11.6169248205516
2021-04-10,49573,50,41715,33,7858,17,45682,41,320799,571,366481,612,0,622,1,1372,638,1,"Knox County",470313,153.940035678367,0.114095169430425,130.126107507128,10.6312179335889,11.4095169430425
2021-04-09,49523,82,41682,62,7841,20,45641,71,320228,620,365869,691,5,622,2,1371,637,0,"Knox County",470313,97.807204989018,0.0888183980967486,146.923431842199,17.4351974110858,8.88183980967486
2021-04-08,49441,49,41620,26,7821,23,45570,26,319608,465,365178,491,-6,617,0,1369,637,1,"Knox County",470313,89.9401037181622,0.0842943437671609,104.398560107843,10.4185935749171,8.42943437671609
2021-04-07,49392,77,41594,54,7798,23,45544,57,319143,767,364687,824,2,623,1,1369,636,0,"Knox County",470313,88.2391088487879,0.0811827956989247,175.202471545545,16.3720756177269,8.11827956989247
2021-04-06,49315,75,41540,41,7775,34,45487,45,318376,419,363863,464,2,621,0,1368,636,0,"Knox County",470313,89.7274793594904,0.0799579168858496,98.6577024237051,15.9468269003834,7.99579168858495
2021-04-05,49240,44,41499,32,7741,12,45442,35,317957,266,363399,301,0,619,3,1368,636,2,"Knox County",470313,85.6876165447266,0.0782561603032765,63.9999319602052,9.35547178155824,7.82561603032765
2021-04-04,49196,49,41467,31,7729,18,45407,40,317691,341,363098,381,3,619,0,1365,634,1,"Knox County",470313,90.5779767941775,0.0836875664187035,81.0098806539475,10.4185935749171,8.36875664187035
2021-04-03,49147,81,41436,64,7711,17,45367,71,317350,593,362717,664,0,616,0,1365,633,3,"Knox County",470313,97.1693319130026,0.0904088050314465,141.182574158061,17.222573052414,9.04088050314465
2021-04-02,49066,74,41372,43,7694,31,45296,45,316757,529,362053,574,0,616,2,1365,630,2,"Knox County",470313,95.4683370436284,0.0862395241957286,122.046381877601,15.7342025417116,8.62395241957286
2021-04-01,48992,76,41329,64,7663,12,45251,67,316228,580,361479,647,1,616,1,1363,628,0,"Knox County",470313,101.209194727766,0.0933852140077821,137.56796006064,16.1594512590551,9.33852140077821
2021-03-31,48916,87,41265,66,7651,21,45184,72,315648,765,360832,837,3,615,2,1362,628,2,"Knox County",470313,103.335438314484,0.0969493278179938,177.966588208278,18.4983192044447,9.69493278179938
2021-03-30,48829,56,41199,32,7630,24,45112,38,314883,460,359995,498,1,612,2,1360,626,2,"Knox County",470313,99.2955754997204,0.0943106099436187,105.886930618546,11.9069640856196,9.43106099436187
2021-03-29,48773,43,41167,21,7606,22,45074,22,314423,399,359497,421,5,611,0,1358,624,1,"Knox County",470313,99.0829511410486,0.0882645450024863,89.5148550008186,9.14284742288646,8.82645450024863
2021-03-28,48730,80,41146,46,7584,34,45052,49,314024,484,359076,533,2,606,5,1358,623,1,"Knox County",470313,105.674306259874,0.0872065165309056,113.328783172058,17.0099486937423,8.72065165309056
2021-03-27,48650,43,41100,40,7550,3,45003,42,313540,442,358543,484,0,604,2,1353,622,2,"Knox County",470313,97.5945806303462,0.0838758137205809,102.910189597141,9.14284742288646,8.38758137205809
2021-03-26,48607,79,41060,54,7547,25,44961,60,313098,416,358059,476,0,604,2,1351,620,2,"Knox County",470313,98.6577024237051,0.0898357289527721,101.209194727766,16.7973243350705,8.98357289527721
2021-03-25,48528,88,41006,64,7522,24,44901,67,312682,570,357583,637,0,604,4,1349,618,1,"Knox County",470313,101.209194727766,0.0900669068450849,135.441716473923,18.7109435631165,9.00669068450849
2021-03-24,48440,123,40942,92,7498,31,44834,95,312112,780,356946,875,1,604,3,1345,617,1,"Knox County",470313,108.86367163995,0.0950560652395515,186.046313837806,26.1527961166287,9.50560652395515
2021-03-23,48317,88,40850,58,7467,30,44739,63,311332,530,356071,593,1,603,3,1342,616,1,"Knox County",470313,115.667651117447,0.0990296093555611,126.086244692364,18.7109435631165,9.90296093555611
2021-03-22,48229,115,40792,79,7437,36,44676,81,310802,517,355478,598,2,602,1,1339,615,0,"Knox County",470313,130.976604941815,0.108913250714967,127.149366485723,24.4518012472545,10.8913250714967
2021-03-21,48114,50,40713,33,7401,17,44595,34,310285,330,354880,364,-2,600,1,1338,615,1,"Knox County",470313,124.597874181662,0.109759125900174,77.3952665565272,10.6312179335889,10.9759125900174
2021-03-20,48064,59,40680,29,7384,30,44561,33,309955,315,354516,348,0,602,4,1337,614,0,"Knox County",470313,127.99986392041,0.111282446671807,73.9932768177788,12.5448371616349,11.1282446671807
2021-03-19,48005,146,40651,102,7354,44,44528,117,309640,955,354168,1072,3,602,3,1333,614,1,"Knox County",470313,142.24569595142,0.109204368174727,227.933312496146,31.0431563660796,10.9204368174727
2021-03-18,47859,68,40549,50,7310,18,44411,66,308685,627,353096,693,2,599,1,1330,613,0,"Knox County",470313,137.993208777984,0.107638124587277,147.348680559542,14.4584563896809,10.7638124587277
2021-03-17,47791,46,40499,36,7292,10,44345,41,308058,498,352403,539,1,597,3,1329,613,2,"Knox County",470313,121.621133160257,0.103399096743523,114.604529324088,9.7807204989018,10.3399096743523
2021-03-16,47745,128,40463,84,7282,44,44304,100,307560,698,351864,798,0,596,3,1326,611,1,"Knox County",470313,130.126107507128,0.106980961015413,169.674238220079,27.2159179099876,10.6980961015413
2021-03-15,47617,44,40379,28,7238,16,44204,39,306862,290,351066,329,1,596,1,1323,610,1,"Knox County",470313,115.029778041432,0.103789524499155,69.953414003015,9.35547178155824,10.3789524499155
2021-03-14,47573,60,40351,38,7222,22,44165,46,306572,405,350737,451,0,595,0,1322,609,0,"Knox County",470313,117.15602162815,0.104491725768322,95.893585760972,12.7574615203067,10.4491725768322
2021-03-13,47513,71,40313,34,7200,37,44119,41,306167,623,350286,664,1,595,1,1322,609,2,"Knox County",470313,119.707513932211,0.098988121425429,141.182574158061,15.0963294656962,9.8988121425429
2021-03-12,47442,63,40279,60,7163,3,44078,67,305544,691,349622,758,0,594,1,1321,607,2,"Knox County",470313,102.059692162454,0.0945179584120983,161.169263873208,13.395334596322,9.45179584120983
2021-03-11,47379,82,40219,55,7160,27,44011,65,304853,627,348864,692,2,594,0,1320,605,1,"Knox County",470313,105.036433183858,0.0943039470574332,147.13605620087,17.4351974110858,9.43039470574332
2021-03-10,47297,95,40164,72,7133,23,43946,82,304226,1001,348172,1083,2,592,0,1320,604,0,"Knox County",470313,115.455026758776,0.0921465968586387,230.272180441536,20.1993140738189,9.21465968586387
2021-03-09,47202,80,40092,50,7110,30,43864,55,303225,597,347089,652,0,590,2,1320,604,5,"Knox County",470313,105.24905754253,0.0853316050982934,138.631081853999,17.0099486937423,8.53316050982934
2021-03-08,47122,85,40042,57,7080,28,43809,63,302628,411,346437,474,1,590,0,1318,599,2,"Knox County",470313,113.966656248073,0.0877670716380394,100.783946010423,18.0730704871011,8.77670716380394
2021-03-07,47037,64,39985,40,7052,24,43746,42,302217,327,345963,369,0,589,0,1318,597,0,"Knox County",470313,114.81715368276,0.0884484228473998,78.4583883498861,13.6079589549938,8.84484228473998
2021-03-06,46973,125,39945,87,7028,38,43704,95,301890,848,345594,943,0,589,1,1318,597,0,"Knox County",470313,126.298869051036,0.0943472138402736,200.504770227487,26.5780448339723,9.43472138402736
2021-03-05,46848,70,39858,44,6990,26,43609,49,301042,520,344651,569,2,589,2,1317,597,2,"Knox County",470313,127.787239561739,0.0943120033458804,120.983260084242,14.8837051070245,9.43120033458804
2021-03-04,46778,113,39814,86,6964,27,43560,100,300522,1094,344082,1194,5,587,2,1315,595,2,"Knox County",470313,134.378594680564,0.0919757759273278,253.873484254103,24.0265525299109,9.19757759273278
2021-03-03,46665,74,39728,33,6937,41,43460,40,299428,497,342888,537,1,582,4,1313,593,1,"Knox County",470313,129.913483148456,0.0937104263402279,114.179280606745,15.7342025417116,9.37104263402279
2021-03-02,46591,133,39695,91,6896,42,43420,99,298931,807,342351,906,-1,581,2,1309,592,5,"Knox County",470313,141.182574158061,0.0977564102564103,192.637668956631,28.2790397033465,9.77564102564103
2021-03-01,46458,59,39604,33,6854,26,43321,35,298124,165,341445,200,1,582,1,1307,587,0,"Knox County",470313,135.654340832594,0.0974989402289105,42.5248717343556,12.5448371616349,9.74989402289106
2021-02-28,46399,77,39571,53,6828,24,43286,63,297959,563,341245,626,2,581,2,1306,587,1,"Knox County",470313,138.418457495328,0.0966834170854271,133.102848528533,16.3720756177269,9.66834170854271
2021-02-27,46322,82,39518,47,6804,35,43223,59,297396,670,340619,729,1,579,3,1304,586,1,"Knox County",470313,129.275610072441,0.0934677588741861,155.003157471726,17.4351974110858,9.34677588741861
2021-02-26,46240,107,39471,70,6769,37,43164,81,296726,505,339890,586,5,578,1,1301,585,0,"Knox County",470313,137.142711343297,0.0998325659271662,124.597874181662,22.7508063778803,9.98325659271662
2021-02-25,46133,131,39401,92,6732,39,43083,98,296221,1029,339304,1127,2,573,5,1300,585,1,"Knox County",470313,140.969949799389,0.100827849713437,239.627652223094,27.8537909860029,10.0827849713437
2021-02-24,46002,102,39309,72,6693,30,42985,80,295192,969,338177,1049,2,571,2,1295,584,1,"Knox County",470313,146.923431842199,0.0986023358223243,223.042952246695,21.6876845845214,9.86023358223243
2021-02-23,45900,122,39237,68,6663,54,42905,75,294223,758,337128,833,5,569,6,1293,583,2,"Knox County",470313,144.584563896809,0.0953398058252427,177.116090773591,25.9401717579569,9.53398058252427
2021-02-22,45778,62,39169,33,6609,29,42830,38,293465,306,336295,344,3,564,3,1287,581,2,"Knox County",470313,145.222436972824,0.0933131847374386,73.1427793830917,13.1827102376502,9.33131847374386
2021-02-21,45716,82,39136,41,6580,41,42792,45,293159,499,335951,544,2,561,3,1284,579,3,"Knox County",470313,146.285558766183,0.091327705295472,115.667651117447,17.4351974110858,9.1327705295472
2021-02-20,45634,137,39095,98,6539,39,42747,115,292660,1007,335407,1122,1,559,2,1281,576,1,"Knox County",470313,157.979898493131,0.0949152542372881,238.564530429735,29.1295371380336,9.49152542372881
2021-02-19,45497,94,38997,42,6500,52,42632,48,291653,274,334285,322,1,558,2,1279,575,2,"Knox County",470313,155.215781830398,0.0934281969668601,68.4650434923126,19.9866897151471,9.34281969668601
2021-02-18,45403,154,38955,110,6448,44,42584,119,291379,987,333963,1106,4,557,5,1277,573,6,"Knox County",470313,160.106142079849,0.0977443609022556,235.162540690987,32.7441512354538,9.77443609022556
2021-02-17,45249,114,38845,68,6404,46,42465,76,290392,891,332857,967,1,553,4,1272,567,3,"Knox County",470313,162.65763438391,0.0985108820160367,205.607754835609,24.2391768885827,9.85108820160367
2021-02-16,45135,145,38777,89,6358,56,42389,102,289501,818,331890,920,2,552,4,1268,564,0,"Knox County",470313,167.547994633361,0.101971830985915,195.614409978036,30.8305320074078,10.1971830985915
2021-02-15,44990,76,38688,36,6302,40,42287,44,288683,312,330970,356,2,550,1,1264,564,1,"Knox County",470313,170.524735654766,0.102866779089376,75.694271687153,16.1594512590551,10.2866779089376
2021-02-14,44914,164,38652,134,6262,30,42243,134,288371,706,330614,840,2,548,5,1263,563,1,"Knox County",470313,187.959933065852,0.113261139712409,178.604461284294,34.8703948221716,11.3261139712409
2021-02-13,44750,133,38518,89,6232,44,42109,105,287665,870,329774,975,4,546,6,1258,562,4,"Knox County",470313,187.109435631165,0.114473204520598,207.308749704984,28.2790397033465,11.4473204520598
2021-02-12,44617,179,38429,114,6188,65,42004,123,286795,996,328799,1119,3,542,3,1252,558,1,"Knox County",470313,205.182506118266,0.111889224892567,237.92665735372,38.0597602022483,11.1889224892567
2021-02-11,44438,163,38315,113,6123,50,41881,118,285799,1132,327680,1250,5,539,5,1249,557,2,"Knox County",470313,207.096125346312,0.109226699859966,265.780448339723,34.6577704634998,10.9226699859966
2021-02-10,44275,148,38202,106,6073,42,41763,112,284667,1032,326430,1144,7,534,6,1244,555,2,"Knox County",470313,214.325353541152,0.111750454270139,243.242266320514,31.4684050834232,11.1750454270139
2021-02-09,44127,210,38096,155,6031,55,41651,165,283635,1022,325286,1187,0,527,6,1238,553,5,"Knox County",470313,228.145936854818,0.116576917479261,252.385113743401,44.6511153210734,11.6576917479261
2021-02-08,43917,106,37941,71,5976,35,41486,74,282613,371,324099,445,4,527,2,1232,548,3,"Knox County",470313,234.524667614971,0.119396551724138,94.6178396089413,22.5381820192085,11.9396551724138
2021-02-07,43811,109,37870,76,5941,33,41412,83,282242,716,323654,799,1,523,2,1230,545,1,"Knox County",470313,222.830327888024,0.112733053909524,169.886862578751,23.1760550952238,11.2733053909524
2021-02-06,43702,304,37794,176,5908,128,41329,197,281526,1396,322855,1593,2,522,6,1228,544,4,"Knox County",470313,259.189093220898,0.115695900225554,338.710603364143,64.6378050362206,11.5695900225554
2021-02-05,43398,176,37618,130,5780,46,41132,143,280130,727,321262,870,8,520,4,1222,540,3,"Knox County",470313,258.551220144882,0.122392974753019,184.983192044447,37.421887126233,12.2392974753019
2021-02-04,43222,201,37488,150,5734,51,40989,160,279403,1581,320392,1741,2,512,7,1218,537,8,"Knox County",470313,266.63094577441,0.120066846638385,370.179008447566,42.7374960930274,12.0066846638385
2021-02-03,43021,230,37338,165,5683,65,40829,172,277822,1634,318651,1806,5,510,7,1211,529,0,"Knox County",470313,284.066143185496,0.117758559412392,383.999591761231,48.903602494509,11.7758559412392
2021-02-02,42791,90,37173,69,5618,21,40657,77,276188,291,316845,368,7,505,1,1204,529,2,"Knox County",470313,258.551220144882,0.118866439254789,78.2457639912144,19.13619228046,11.8866439254789
2021-02-01,42701,153,37104,82,5597,71,40580,97,275897,425,316477,522,4,498,2,1203,527,3,"Knox County",470313,268.544565002456,0.120665021431355,110.989915226668,32.5315268767821,12.0665021431355
2021-01-31,42548,175,37022,121,5526,54,40483,129,275472,939,315955,1068,7,494,4,1201,524,2,"Knox County",470313,282.577772674793,0.122364457831325,227.082815061459,37.2092627675612,12.2364457831325
2021-01-30,42373,276,36901,232,5472,44,40354,250,274533,1518,314887,1768,7,487,9,1197,522,6,"Knox County",470313,276.624290631983,0.12624339923861,375.919866131704,58.6843229934108,12.624339923861
2021-01-29,42097,101,36669,52,5428,49,40104,62,273015,376,313119,438,4,480,1,1188,516,5,"Knox County",470313,260.6774637316,0.122811567890027,93.1294690982388,21.4750602258496,12.2811567890027
2021-01-28,41996,158,36617,117,5379,41,40042,129,272639,656,312681,785,9,476,6,1187,511,4,"Knox County",470313,251.534616308714,0.13560325684678,166.910121557346,33.594648670141,13.560325684678
2021-01-27,41838,169,36500,124,5338,45,39913,125,271983,893,311896,1018,12,467,3,1181,507,4,"Knox County",470313,238.564530429735,0.14563432210491,216.45159712787,35.9335166155305,14.563432210491
2021-01-26,41669,234,36376,173,5293,61,39788,193,271090,1041,310878,1234,3,455,8,1178,503,7,"Knox County",470313,269.182438078471,0.144153373335285,262.378458600974,49.7540999291961,14.4153373335285
2021-01-25,41435,157,36203,105,5232,52,39595,115,270049,415,309644,530,9,452,1,1170,496,4,"Knox County",470313,270.032935513158,0.146615991814062,112.690910096042,33.3820243114692,14.6615991814062
2021-01-24,41278,154,36098,102,5180,52,39480,109,269634,790,309114,899,4,443,2,1169,492,5,"Knox County",470313,265.567823981051,0.147332134292566,191.149298445929,32.7441512354538,14.7332134292566
2021-01-23,41124,309,35996,222,5128,87,39371,231,268844,1492,308215,1723,7,439,7,1167,487,4,"Knox County",470313,272.58442781722,0.145465519843066,366.351769991474,65.7009268295794,14.5465519843066
2021-01-22,40815,177,35774,141,5041,36,39140,175,267352,1172,306492,1347,3,432,8,1160,483,8,"Knox County",470313,288.743879076275,0.142914012738854,286.405011130885,37.6345114849047,14.2914012738854
2021-01-21,40638,267,35633,194,5005,73,38965,203,266180,1080,305145,1283,11,429,6,1152,475,6,"Knox County",470313,311.919934171499,0.143266118994274,272.797052175891,56.7707037653648,14.3266118994274
2021-01-20,40371,193,35439,132,4932,61,38762,131,265100,736,303862,867,10,418,8,1146,469,10,"Knox County",470313,317.022918779621,0.146771533680071,184.345318968432,41.0365012236532,14.6771533680071
2021-01-19,40178,311,35307,196,4871,115,38631,219,264364,956,302995,1175,8,408,14,1138,459,3,"Knox County",470313,333.394994397348,0.151201431492843,249.833621439339,66.126175546923,15.1201431492843
2021-01-18,39867,129,35111,80,4756,49,38412,87,263408,472,301820,559,7,400,4,1124,456,9,"Knox County",470313,327.441512354538,0.147077549980899,118.857016497524,27.4285422686594,14.7077549980899
2021-01-17,39738,181,35031,138,4707,43,38325,151,262936,690,301261,841,3,393,8,1120,447,6,"Knox County",470313,333.182370038676,0.153559974342527,178.817085642965,38.4850089195918,15.3559974342527
2021-01-16,39557,420,34893,340,4664,80,38174,389,262246,1757,300420,2146,1,390,7,1112,441,8,"Knox County",470313,356.783673851244,0.164881966415186,456.291873709636,89.3022306421468,16.4881966415186
2021-01-15,39137,187,34553,149,4584,38,37785,153,260489,755,298274,908,0,389,4,1105,433,10,"Knox County",470313,358.909917437962,0.171358786476411,193.062917673975,39.7607550716225,17.1358786476411
2021-01-14,38950,336,34404,266,4546,70,37632,290,259734,1480,297366,1770,6,389,8,1101,423,7,"Knox County",470313,373.580998186314,0.171788047423179,376.345114849047,71.4417845137175,17.1788047423179
2021-01-13,38614,248,34138,200,4476,48,37342,206,258254,946,295596,1152,12,383,6,1093,416,2,"Knox County",470313,385.275337913262,0.174833352824231,244.943261189888,52.730840950601,17.4833352824231
2021-01-12,38366,331,33938,260,4428,71,37136,282,257308,1180,294444,1462,10,371,6,1087,414,5,"Knox County",470313,389.527825086698,0.176284227200724,310.85681237814,70.3786627203586,17.6284227200724
2021-01-11,38035,244,33678,197,4357,47,36854,228,256128,726,292982,954,4,361,5,1081,409,6,"Knox County",470313,413.979626333952,0.184013863316365,202.843638172876,51.8803435159139,18.4013863316365
2021-01-10,37791,328,33481,205,4310,123,36626,222,255402,1013,292028,1235,5,357,17,1076,403,6,"Knox County",470313,445.235407058703,0.183857899657214,262.591082959646,69.7407896443432,18.3857899657214
2021-01-09,37463,474,33276,392,4187,82,36404,426,254389,1384,290793,1810,5,352,11,1059,397,2,"Knox County",470313,456.71712242698,0.194489290711441,384.850089195918,100.783946010423,19.4489290711441
2021-01-08,36989,457,32884,369,4105,88,35978,390,253005,1432,288983,1822,7,347,6,1048,395,8,"Knox County",470313,514.12569926836,0.200293973542381,387.40158149998,97.1693319130026,20.0293973542381
2021-01-07,36532,388,32515,345,4017,43,35588,354,251573,1309,287161,1663,10,340,10,1042,387,3,"Knox County",470313,525.182165919292,0.208754208754209,353.594308471167,82.4982511646499,20.8754208754209
2021-01-06,36144,495,32170,362,3974,133,35234,377,250264,1187,285498,1564,9,330,15,1032,384,9,"Knox County",470313,577.700382511221,0.216841103710752,332.544496962661,105.24905754253,21.6841103710752
2021-01-05,35649,519,31808,328,3841,191,34857,345,249077,1192,283934,1537,14,321,14,1017,375,6,"Knox County",470313,617.673761941516,0.221256495040151,326.803639278523,110.352042150653,22.1256495040151
2021-01-04,35130,322,31480,228,3650,94,34512,249,247885,654,282397,903,6,307,6,1003,369,8,"Knox County",470313,634.258461917914,0.224321245490792,191.999795880616,68.4650434923126,22.4321245490792
2021-01-03,34808,285,31252,182,3556,103,34263,195,247231,608,281494,803,2,301,10,997,361,9,"Knox County",470313,625.115614495028,0.231241338348842,170.737360013438,60.5979422214568,23.1241338348842
2021-01-02,34523,422,31070,319,3453,103,34068,345,246623,1095,280691,1440,0,299,22,987,352,4,"Knox County",470313,614.059147844095,0.231709823263461,306.179076487361,89.7274793594904,23.1709823263461
2021-01-01,34101,419,30751,349,3350,70,33723,374,245528,1297,279251,1671,2,299,8,965,348,6,"Knox County",470313,605.979422214568,0.233691681452875,355.295303340541,89.089606283475,23.3691681452875
2020-12-31,33682,449,30402,312,3280,137,33349,322,244231,929,277580,1251,12,297,8,957,342,3,"Knox County",470313,618.949508093546,0.240702366670302,265.993072698394,95.4683370436284,24.0702366670302
2020-12-30,33233,363,30090,248,3143,115,33027,271,243302,931,276329,1202,6,285,9,949,339,4,"Knox County",470313,590.883092748871,0.238560236175769,255.574479123477,77.1826421978555,23.8560236175769
2020-12-29,32870,590,29842,398,3028,192,32756,420,242371,1081,275127,1501,7,279,14,940,335,8,"Knox County",470313,605.979422214568,0.248090297571543,319.149162366339,125.448371616349,24.8090297571543
2020-12-28,32280,252,29444,174,2836,78,32336,185,241290,565,273626,750,4,272,4,926,327,5,"Knox County",470313,591.095717107543,0.245068461359944,159.468269003834,53.5813383852881,24.5068461359944
2020-12-27,32028,230,29270,156,2758,74,32151,172,240725,489,272876,661,3,268,8,922,322,7,"Knox County",470313,579.401377380595,0.246460594620104,140.544701082045,48.903602494509,24.6460594620104
2020-12-26,31798,359,29114,289,2684,70,31979,329,240236,1063,272215,1392,0,265,10,914,315,6,"Knox County",470313,566.006042784273,0.245965828191742,295.973107271115,76.3321447631684,24.5965828191742
2020-12-25,31439,353,28825,287,2614,66,31650,308,239173,1070,270823,1378,1,265,5,904,309,7,"Knox County",470313,551.972835111936,0.246711739397664,292.99636624971,75.0563986111377,24.6711739397664
2020-12-24,31086,351,28538,277,2548,74,31342,311,238103,1273,269445,1584,5,264,8,899,302,7,"Knox County",470313,531.135647962102,0.235710911667454,336.796984136097,74.6311498937941,23.5710911667454
2020-12-23,30735,472,28261,351,2474,121,31031,371,236830,1411,267861,1782,6,259,9,891,295,6,"Knox County",470313,554.311703057326,0.231653404067197,378.896607153109,100.358697293079,23.1653404067197
2020-12-22,30263,530,27910,392,2353,138,30660,432,235419,1470,266079,1902,7,253,15,882,289,6,"Knox County",470313,541.554241537019,0.223092390729178,404.411530193722,112.690910096042,22.3092390729178
2020-12-21,29733,442,27518,361,2215,81,30228,391,233949,1422,264177,1813,2,246,5,867,283,3,"Knox County",470313,581.952869684657,0.220129375951294,385.487962271934,93.9799665329259,22.0129375951294
2020-12-20,29291,514,27157,431,2134,83,29837,478,232527,2245,262364,2723,2,244,7,862,280,6,"Knox County",470313,642.338187547442,0.208366470494672,578.976128663252,109.288920357294,20.8366470494672
2020-12-19,28777,525,26726,441,2051,84,29359,489,230282,1445,259641,1934,6,242,14,855,274,7,"Knox County",470313,677.633831086957,0.211954864287893,411.215509671219,111.627788302684,21.1954864287893
2020-12-18,28252,480,26285,420,1967,60,28870,430,228837,1358,257707,1788,4,236,11,841,267,6,"Knox County",470313,704.637124638273,0.214549756025432,380.172353305139,102.059692162454,21.4549756025433
2020-12-17,27772,733,25865,635,1907,98,28440,663,227479,1898,255919,2561,11,232,11,830,261,4,"Knox County",470313,785.859629650892,0.224367372267807,544.530982558424,155.853654906413,22.4367372267807
2020-12-16,27039,564,25230,453,1809,111,27777,472,225581,1729,253358,2201,8,221,11,819,257,4,"Knox County",470313,805.421070648696,0.224835812893714,467.986213436584,119.920138290883,22.4835812893714
2020-12-15,26475,765,24777,675,1698,90,27305,716,223852,2415,251157,3131,2,213,15,808,253,8,"Knox County",470313,855.387794936564,0.225311126246053,665.726867001337,162.65763438391,22.5311126246053
2020-12-14,25710,472,24102,411,1608,61,26589,461,221437,1624,248026,2085,6,211,7,793,245,8,"Knox County",470313,861.766525696717,0.225841807221579,443.321787830657,100.358697293079,22.584180722158
2020-12-13,25238,628,23691,572,1547,56,26128,754,219813,2935,245941,3689,2,205,10,786,237,6,"Knox County",470313,886.0057025853,0.229167864742078,784.37125914019,133.528097245877,22.9167864742078
2020-12-12,24610,464,23119,392,1491,72,25374,454,216878,2171,242252,2625,3,203,19,776,231,4,"Knox County",470313,873.035616706321,0.218473451327434,558.138941513418,98.6577024237051,21.8473451327434
2020-12-11,24146,557,22727,523,1419,34,24920,429,214707,1406,239627,1835,6,200,10,757,227,2,"Knox County",470313,889.407692324048,0.21785182324709,390.165698162713,118.43176778018,21.785182324709
2020-12-10,23589,473,22204,415,1385,58,24491,538,213301,1910,237792,2448,8,194,9,747,225,10,"Knox County",470313,834.125359069386,0.212279338292439,520.504430028513,100.571321651751,21.2279338292439
2020-12-09,23116,407,21789,337,1327,70,23953,359,211391,924,235344,1283,2,186,13,738,215,3,"Knox County",470313,800.743334757917,0.217068320074871,272.797052175891,86.5381139794137,21.7068320074871
2020-12-08,22709,491,21452,446,1257,45,23594,538,210467,2077,234061,2615,9,184,10,725,212,2,"Knox County",470313,742.484260481849,0.213088057901086,556.0126979267,104.398560107843,21.3088057901086
2020-12-07,22218,323,21006,271,1212,52,23056,317,208390,1135,231446,1452,3,175,6,715,210,3,"Knox County",470313,710.803231039754,0.212516460776322,308.730568791422,68.6776678509843,21.2516460776322
2020-12-06,21895,332,20735,291,1160,41,22739,187,207255,668,229994,855,6,172,6,709,207,4,"Knox County",470313,647.866420872908,0.215206283840464,181.79382666437,70.5912870790304,21.5206283840464
2020-12-05,21563,289,20444,263,1119,26,22552,213,206587,714,229139,927,2,166,8,703,203,2,"Knox County",470313,610.657158105347,0.22610600087604,197.102780488738,61.4484396561439,22.610600087604
2020-12-04,21274,354,20181,322,1093,32,22339,297,205873,1091,228212,1388,5,164,11,695,201,5,"Knox County",470313,567.494413294976,0.223285922684172,295.122609836428,75.2690229698095,22.3285922684172
2020-12-03,20920,441,19859,424,1061,17,22042,448,204782,1215,226824,1663,2,159,10,684,196,2,"Knox County",470313,560.690433817479,0.231660610821958,353.594308471167,93.7673421742542,23.1660610821958
2020-12-02,20479,192,19435,170,1044,22,21594,185,203567,575,225161,760,2,157,7,674,194,5,"Knox County",470313,514.976196703047,0.226190476190476,161.594512590551,40.8238768649814,22.6190476190476
2020-12-01,20287,403,19265,380,1022,23,21409,409,202992,1832,224401,2241,5,155,7,667,189,3,"Knox County",470313,496.26525313993,0.221408572043937,476.491187783455,85.6876165447266,22.1408572043937
2020-11-30,19884,385,18885,371,999,14,21000,436,201160,1815,222160,2251,1,150,3,660,186,3,"Knox County",470313,509.44796337758,0.215666831928607,478.617431370173,81.8603780886346,21.5666831928607
2020-11-29,19499,226,18514,218,985,8,20564,260,199345,1464,219909,1724,0,149,5,657,183,6,"Knox County",470313,486.909781358372,0.205221836771955,366.564394350146,48.0531050598219,20.5221836771955
2020-11-28,19273,270,18296,256,977,14,20304,299,197881,1967,218185,2266,0,149,8,652,177,4,"Knox County",470313,482.869918543608,0.189864150329456,481.806796750249,57.4085768413801,18.9864150329456
2020-11-27,19003,235,18040,215,963,20,20005,249,195914,1247,215919,1496,3,149,12,644,173,3,"Knox County",470313,457.567619861667,0.184339972582856,318.08604057298,49.9667242878679,18.4339972582856
2020-11-26,18768,344,17825,341,943,3,19756,441,194667,1429,214423,1870,4,146,5,632,170,6,"Knox County",470313,436.943057070504,0.180758248730964,397.607550716225,73.1427793830917,18.0758248730964
2020-11-25,18424,219,17484,193,940,26,19315,123,193238,325,212553,448,0,142,3,627,164,2,"Knox County",470313,442.683914754642,0.18030253741054,95.2557126849566,46.5647345491194,18.030253741054
2020-11-24,18205,153,17291,130,914,23,19192,116,192913,673,212105,789,2,142,6,624,162,2,"Knox County",470313,389.527825086698,0.177425304315751,167.760618992033,32.5315268767821,17.7425304315751
2020-11-23,18052,167,17161,147,891,20,19076,100,192240,391,211316,491,3,140,7,618,160,7,"Knox County",470313,343.17571489625,0.174812857771907,104.398560107843,35.508267898187,17.4812857771907
2020-11-22,17885,220,17014,212,871,8,18976,258,191849,1804,210825,2062,2,137,5,611,153,2,"Knox County",470313,341.899968744219,0.168329441732116,438.431427581207,46.7773589077912,16.8329441732116
2020-11-21,17665,173,16802,169,863,4,18718,198,190045,1465,208763,1663,0,135,4,606,151,2,"Knox County",470313,321.275405953057,0.168386438371697,353.594308471167,36.7840140502176,16.8386438371697
2020-11-20,17492,178,16633,169,859,9,18520,163,188580,791,207100,954,7,135,5,602,149,4,"Knox County",470313,309.155817508765,0.169022592726833,202.843638172876,37.8471358435765,16.9022592726833
2020-11-19,17314,166,16464,148,850,18,18357,128,187789,663,206146,791,2,128,4,597,145,5,"Knox County",470313,271.308681665189,0.15087524312309,168.185867709377,35.2956435395152,15.087524312309
2020-11-18,17148,168,16316,163,832,5,18229,179,187126,874,205355,1053,0,126,7,593,140,2,"Knox County",470313,260.464839372928,0.146353966423171,223.893449681382,35.7208922568587,14.6353966423171
2020-11-17,16980,248,16153,240,827,8,18050,260,186252,1033,204302,1293,9,126,7,586,138,1,"Knox County",470313,280.664153446747,0.154809197062718,274.923295762609,52.730840950601,15.4809197062718
2020-11-16,16732,272,15913,261,819,11,17790,286,185219,1409,203009,1695,2,117,6,579,137,2,"Knox County",470313,302.989711107284,0.154768163179476,360.398287948664,57.8338255587237,15.4768163179476
2020-11-15,16460,274,15652,247,808,27,17504,295,183810,2278,201314,2573,2,115,3,573,135,4,"Knox County",470313,314.47142647556,0.150568748752744,547.082474862485,58.2590742760672,15.0568748752744
2020-11-14,16186,306,15405,293,781,13,17209,321,181532,1699,198741,2020,0,113,7,570,131,3,"Knox County",470313,342.750466178906,0.157240581944311,429.501204516992,65.0630537535641,15.7240581944311
2020-11-13,15880,219,15112,200,768,19,16888,190,179833,965,196721,1155,4,113,6,563,128,1,"Knox County",470313,351.468064884449,0.156805293005671,245.581134265904,46.5647345491194,15.6805293005671
2020-11-12,15661,143,14912,130,749,13,16698,136,178868,955,195566,1091,1,109,3,557,127,2,"Knox County",470313,346.577704634998,0.153216911764706,231.97317531091,30.4052832900643,15.3216911764706
2020-11-11,15518,191,14782,177,736,14,16562,191,177913,1229,194475,1420,3,108,7,554,125,2,"Knox County",470313,351.468064884449,0.149284253578732,301.926589313925,40.6112525063096,14.9284253578732
2020-11-10,15327,168,14605,163,722,5,16371,186,176684,1131,193055,1317,2,105,4,547,123,2,"Knox County",470313,334.458116190707,0.142400851743412,280.026280370732,35.7208922568587,14.2400851743412
2020-11-09,15159,135,14442,121,717,14,16185,131,175553,490,191738,621,1,103,2,543,121,2,"Knox County",470313,305.328579052673,0.142198685888006,132.039726735174,28.70428842069,14.2198685888006
2020-11-08,15024,215,14321,203,703,12,16054,252,175063,2624,191117,2876,1,102,3,541,119,5,"Knox County",470313,292.783741891039,0.134,611.507655540034,45.7142371144323,13.4
2020-11-07,14809,169,14118,161,691,8,15802,187,172439,1918,188241,2105,1,101,5,538,114,0,"Knox County",470313,263.654204753005,0.120264525271611,447.574275004093,35.9335166155305,12.0264525271611
2020-11-06,14640,155,13957,138,683,17,15615,160,170521,1235,186136,1395,0,100,5,533,114,3,"Knox County",470313,250.046245798011,0.114826789838337,296.61098034713,32.9567755941256,11.4826789838337
2020-11-05,14485,158,13819,142,666,16,15455,151,169286,613,184741,764,1,100,6,528,111,1,"Knox County",470313,253.235611178088,0.119832349018861,162.445010025239,33.594648670141,11.9832349018861
2020-11-04,14327,145,13677,133,650,12,15304,148,168673,934,183977,1082,-1,99,5,522,110,2,"Knox County",470313,243.454890679186,0.119586614173228,230.059556082864,30.8305320074078,11.9586614173228
2020-11-03,14182,196,13544,183,638,13,15156,195,167739,837,182895,1032,3,100,5,517,108,1,"Knox County",470313,249.408372721996,0.123949367088608,219.428338149275,41.6743742996685,12.3949367088608
2020-11-02,13986,116,13361,110,625,6,14961,115,166902,806,181863,921,1,97,2,512,107,2,"Knox County",470313,245.368509907232,0.118722358722359,195.827034336708,24.6644256059263,11.8722358722359
2020-11-01,13870,124,13251,116,619,8,14846,131,166096,1273,180942,1404,0,96,3,510,105,2,"Knox County",470313,226.0196932681,0.124899459956337,298.524599575177,26.3654204753005,12.4899459956337
2020-10-31,13746,5,13135,5,611,0,14715,7,164823,4,179538,11,0,96,0,507,103,1,"Knox County",470313,191.149298445929,0.137237100922984,2.33886794538956,1.06312179335889,13.7237100922984
2020-10-30,13741,156,13130,146,611,10,14708,148,164819,854,179527,1002,1,96,4,507,102,0,"Knox County",470313,191.3619228046,0.143983268983269,213.049607389122,33.1693999527974,14.3983268983269
2020-10-29,13585,152,12984,138,601,14,14560,136,163965,1569,178525,1705,0,95,4,503,102,1,"Knox County",470313,190.08617665257,0.122956546038843,362.524531535382,32.3189025181103,12.2956546038843
2020-10-28,13433,103,12846,96,587,7,14424,102,162396,1055,176820,1157,3,95,8,499,101,1,"Knox County",470313,181.155953588355,0.115320796460177,246.006382983247,21.9003089431931,11.5320796460177
2020-10-27,13330,119,12750,113,580,6,14322,127,161341,799,175663,926,1,92,3,491,100,2,"Knox County",470313,164.783877970628,0.107493685096829,196.890156130067,25.3022986819416,10.7493685096829
2020-10-26,13211,81,12637,74,574,7,14195,73,160542,372,174737,445,2,91,2,488,98,0,"Knox County",470313,157.342025417116,0.108872180451128,94.6178396089413,17.222573052414,10.8872180451128
2020-10-25,13130,132,12563,121,567,11,14122,151,160170,1365,174292,1516,0,89,3,486,98,1,"Knox County",470313,159.04302028649,0.11002661934339,322.338527746416,28.0664153446747,11.002661934339
2020-10-24,12998,172,12442,167,556,5,13971,202,158805,1788,172776,1990,0,89,5,483,97,1,"Knox County",470313,194.551288184677,0.107424779773481,423.122473756839,36.5713896915458,10.7424779773481
2020-10-23,12826,159,12275,148,551,11,13769,172,157017,1239,170786,1411,1,89,5,478,96,0,"Knox County",470313,195.189161260692,0.105245901639344,300.012970085879,33.8072730288127,10.5245901639344
2020-10-22,12667,182,12127,168,540,14,13597,169,155778,1607,169375,1776,1,88,5,473,96,0,"Knox County",470313,201.567892020846,0.108014315150201,377.620861001078,38.6976332782636,10.8014315150201
2020-10-21,12485,72,11959,68,526,4,13428,74,154171,682,167599,756,0,87,1,468,96,1,"Knox County",470313,194.976536902021,0.109750566893424,160.744015155864,15.308953824368,10.9750566893424
2020-10-20,12413,127,11891,121,522,6,13354,150,153489,739,166843,889,0,87,7,467,95,1,"Knox County",470313,196.677531771395,0.112831606512581,189.023054859211,27.0032935513158,11.2831606512581
2020-10-19,12286,112,11770,107,516,5,13204,117,152750,939,165954,1056,1,87,6,460,94,0,"Knox County",470313,203.26888689022,0.110176708537364,224.531322757398,23.8139281712392,11.0176708537364
2020-10-18,12174,140,11663,135,511,5,13087,168,151811,1431,164898,1599,0,86,7,454,94,1,"Knox County",470313,204.969881759594,0.111005592487074,339.986349516173,29.7674102140489,11.1005592487074
2020-10-17,12034,128,11528,125,506,3,12919,154,150380,1458,163299,1612,1,86,3,447,93,1,"Knox County",470313,195.614409978036,0.110341795801736,342.750466178906,27.2159179099876,11.0341795801736
2020-10-16,11906,72,11403,71,503,1,12765,61,148922,390,161687,451,1,85,3,444,92,2,"Knox County",470313,177.116090773591,0.109718638653397,95.893585760972,15.308953824368,10.9718638653397
2020-10-15,11834,74,11332,62,502,12,12704,66,148532,941,161236,1007,1,84,3,441,90,2,"Knox County",470313,154.152660037039,0.10719131614654,214.112729182481,15.7342025417116,10.719131614654
2020-10-14,11760,149,11270,143,490,6,12638,150,147591,1086,160229,1236,0,83,5,438,88,0,"Knox County",470313,170.524735654766,0.11031847133758,262.803707318318,31.6810294420949,11.031847133758
2020-10-13,11611,71,11127,68,484,3,12488,63,146505,581,158993,644,1,83,6,433,88,1,"Knox County",470313,158.617771569146,0.102432610124918,136.930086984625,15.0963294656962,10.2432610124918
2020-10-12,11540,79,11059,66,481,13,12425,87,145924,806,158349,893,0,82,5,427,87,2,"Knox County",470313,151.601167732978,0.100644987906477,189.873552293898,16.7973243350705,10.0644987906477
2020-10-11,11461,170,10993,163,468,7,12338,179,145118,1612,157456,1791,0,82,8,422,85,0,"Knox County",470313,157.979898493131,0.0995546240503013,380.810226381155,36.1461409742023,9.95546240503013
2020-10-10,11291,130,10830,122,461,8,12159,132,143506,1393,155665,1525,0,82,3,414,85,0,"Knox County",470313,158.405147210475,0.0977872002120048,324.252146974462,27.6411666273312,9.77872002120048
2020-10-09,11161,120,10708,118,453,2,12027,134,142113,1336,154140,1470,0,82,3,411,85,0,"Knox County",470313,168.61111642672,0.0946766285314032,312.557807247514,25.5149230406134,9.46766285314032
2020-10-08,11041,110,10590,102,451,8,11893,103,140777,943,152670,1046,1,82,4,408,85,0,"Knox County",470313,176.265593338904,0.0985473561882626,222.40507917068,23.3886794538956,9.85473561882626
2020-10-07,10931,104,10488,88,443,16,11790,95,139834,1649,151624,1744,0,81,5,404,85,1,"Knox County",470313,166.697497198674,0.087018544935806,370.816881523581,22.1129333018649,8.7018544935806
2020-10-06,10827,115,10400,102,427,13,11695,114,138185,1392,149880,1506,0,81,4,399,84,0,"Knox County",470313,176.052968980232,0.0846115288220551,320.212284159698,24.4518012472545,8.46115288220551
2020-10-05,10712,118,10298,109,414,9,11581,123,136793,1238,148374,1361,0,81,5,395,84,2,"Knox County",470313,184.345318968432,0.0842669730920234,289.38175215229,25.0896743232698,8.42669730920234
2020-10-04,10594,96,10189,89,405,7,11458,99,135555,1827,147013,1926,1,81,2,390,82,0,"Knox County",470313,168.61111642672,0.0756286632633768,409.514514801845,20.4119384324907,7.56286632633768
2020-10-03,10498,77,10100,76,398,1,11359,92,133728,1864,145087,1956,0,80,2,388,82,0,"Knox County",470313,157.342025417116,0.0690344263784177,415.893245561998,16.3720756177269,6.90344263784177
2020-10-02,10421,82,10024,79,397,3,11267,82,131864,602,143131,684,0,80,1,386,82,0,"Knox County",470313,149.262299787588,0.0692556001173824,145.435061331496,17.4351974110858,6.92556001173824
2020-10-01,10339,71,9945,68,394,3,11185,73,131262,683,142447,756,0,80,1,385,82,0,"Knox County",470313,140.969949799389,0.0682573240712776,160.744015155864,15.0963294656962,6.82573240712776
2020-09-30,10268,75,9877,72,391,3,11112,70,130579,675,141691,745,1,80,2,384,82,0,"Knox County",470313,134.803843397907,0.0730915603313186,158.405147210475,15.9468269003834,7.30915603313186
2020-09-29,10193,80,9805,75,388,5,11042,87,129904,1140,140946,1227,-1,79,2,382,82,1,"Knox County",470313,127.361990844395,0.0723281340265742,260.890088090272,17.0099486937423,7.23281340265742
2020-09-28,10113,57,9730,51,383,6,10955,49,128764,431,139719,480,1,80,3,380,81,2,"Knox County",470313,114.391904965417,0.0710059171597633,102.059692162454,12.1195884442914,7.10059171597633
2020-09-27,10056,72,9679,67,377,5,10906,79,128333,978,139239,1057,0,79,3,377,79,0,"Knox County",470313,109.288920357294,0.0770456191165822,224.74394711607,15.308953824368,7.70456191165822
2020-09-26,9984,127,9612,122,372,5,10827,136,127355,2087,138182,2223,4,79,5,374,79,0,"Knox County",470313,119.920138290883,0.0803123257110987,472.663949327363,27.0032935513158,8.03123257110987
2020-09-25,9857,102,9490,100,367,2,10691,103,125268,1439,135959,1542,0,75,1,369,79,3,"Knox County",470313,124.172625464318,0.074346201743462,327.866761071882,21.6876845845214,7.4346201743462
2020-09-24,9755,92,9390,89,365,3,10588,105,123829,1715,134417,1820,0,75,3,368,76,0,"Knox County",470313,128.637736996426,0.0691664833956455,386.976332782636,19.5614409978036,6.91664833956455
2020-09-23,9663,53,9301,52,362,1,10483,49,122114,432,132597,481,2,75,2,365,76,0,"Knox County",470313,123.960001105647,0.0688561721404304,102.272316521125,11.2690910096042,6.88561721404304
2020-09-22,9610,82,9249,75,361,7,10434,88,121682,1141,132116,1229,1,73,3,363,76,0,"Knox County",470313,124.38524982299,0.0689538043478261,261.315336807615,17.4351974110858,6.89538043478261
2020-09-21,9528,34,9174,30,354,4,10346,32,120541,379,130887,411,0,72,2,360,76,0,"Knox County",470313,119.494889573539,0.067556772794705,87.3886114141008,7.22922819484046,6.7556772794705
2020-09-20,9494,97,9144,78,350,19,10314,88,120162,707,130476,795,0,72,1,358,76,2,"Knox County",470313,124.810498540334,0.0706975649923538,169.036365144064,20.6245627911625,7.06975649923538
2020-09-19,9397,132,9066,129,331,3,10226,136,119455,1466,129681,1602,1,72,5,357,74,0,"Knox County",470313,125.873620333693,0.0762690355329949,340.624222592189,28.0664153446747,7.62690355329949
2020-09-18,9265,118,8937,114,328,4,10090,129,117989,1606,128079,1735,3,71,3,352,74,0,"Knox County",470313,129.275610072441,0.0776662950575994,368.903262295535,25.0896743232698,7.76662950575994
2020-09-17,9147,126,8823,119,324,7,9961,124,116383,1516,126344,1640,0,68,6,349,74,2,"Knox County",470313,136.504838267282,0.0818446724946155,348.703948221716,26.790669192644,8.18446724946155
2020-09-16,9021,99,8704,77,317,22,9837,117,114867,768,124704,885,1,68,3,343,72,1,"Knox County",470313,146.285558766183,0.0860552006749428,188.172557424524,21.049811508506,8.60552006749428
2020-09-15,8922,132,8627,126,295,6,9720,136,114099,1338,123819,1474,0,67,3,340,71,0,"Knox County",470313,156.916776699772,0.089206274877078,313.408304682201,28.0664153446747,8.9206274877078
2020-09-14,8790,127,8501,124,289,3,9584,136,112761,901,122345,1037,0,67,5,337,71,0,"Knox County",470313,176.690842056248,0.0944589877835951,220.491459942634,27.0032935513158,9.44589877835951
2020-09-13,8663,143,8377,136,286,7,9448,148,111860,1008,121308,1156,0,67,0,332,71,0,"Knox County",470313,186.471562555149,0.0971770385140099,245.793758624576,30.4052832900643,9.71770385140099
2020-09-12,8520,130,8241,123,279,7,9300,141,110852,1178,120152,1319,1,67,1,332,71,2,"Knox County",470313,186.046313837806,0.100692191217824,280.451529088075,27.6411666273312,10.0692191217824
2020-09-11,8390,103,8118,94,272,9,9159,105,109674,773,118833,878,0,66,5,331,69,2,"Knox County",470313,182.856948457729,0.108117773274526,186.684186913821,21.9003089431931,10.8117773274526
2020-09-10,8287,192,8024,189,263,3,9054,192,108901,1501,117955,1693,0,66,5,326,67,0,"Knox County",470313,196.890156130067,0.115493958777541,359.97303923132,40.8238768649814,11.5493958777541
2020-09-09,8095,91,7835,82,260,9,8862,93,107400,1710,116262,1803,0,66,2,321,67,0,"Knox County",470313,195.189161260692,0.101602564102564,383.361718685216,19.3488166391318,10.1602564102564
2020-09-08,8004,126,7753,124,251,2,8769,133,105690,702,114459,835,1,66,8,319,67,0,"Knox County",470313,193.913415108662,0.108703130374957,177.541339490935,26.790669192644,10.8703130374957
2020-09-07,7878,95,7629,92,249,3,8636,98,104988,347,113624,445,1,65,0,311,67,0,"Knox County",470313,187.109435631165,0.111944888670193,94.6178396089413,20.1993140738189,11.1944888670193
2020-09-06,7783,96,7537,92,246,4,8538,94,104641,476,113179,570,0,64,1,311,67,3,"Knox County",470313,177.116090773591,0.113482699191303,121.195884442914,20.4119384324907,11.3482699191303
2020-09-05,7687,284,7445,282,242,2,8444,295,104165,1506,112609,1801,0,64,4,310,64,0,"Knox County",470313,209.860242009045,0.125856697819315,382.936469967872,60.385317862785,12.5856697819315
2020-09-04,7403,93,7163,89,240,4,8149,97,102659,565,110808,662,1,64,0,306,64,0,"Knox County",470313,207.733998422327,0.12831348444103,140.757325440717,19.7740653564754,12.831348444103
2020-09-03,7310,190,7074,184,236,6,8052,198,102094,1798,110146,1996,2,63,6,306,64,1,"Knox County",470313,207.308749704984,0.124260355029586,424.398219908869,40.3986281476379,12.4260355029586
2020-09-02,7120,124,6890,120,230,4,7854,121,100296,1461,108150,1582,2,61,5,300,63,1,"Knox County",470313,214.325353541152,0.131288810036751,336.371735418753,26.3654204753005,13.1288810036751
2020-09-01,6996,153,6770,146,226,7,7733,158,98835,660,106568,818,2,59,4,295,62,3,"Knox County",470313,220.06621122529,0.134747269494539,173.926725393515,32.5315268767821,13.4747269494539
2020-08-31,6843,99,6624,93,219,6,7575,94,98175,431,105750,525,0,57,3,291,59,0,"Knox County",470313,220.916708659978,0.132889112396279,111.627788302684,21.049811508506,13.2889112396279
2020-08-30,6744,72,6531,71,213,1,7481,76,97744,423,105225,499,1,57,1,288,59,2,"Knox County",470313,215.813724051855,0.131802613218318,106.099554977217,15.308953824368,13.1802613218318
2020-08-29,6672,118,6460,113,212,5,7405,125,97321,1391,104726,1516,5,56,3,287,57,0,"Knox County",470313,180.51808051234,0.114372203211371,322.338527746416,25.0896743232698,11.4372203211371
2020-08-28,6554,89,6347,85,207,4,7280,91,95930,309,103210,400,0,51,3,284,57,0,"Knox County",470313,179.667583077653,0.117639040348964,85.0497434687113,18.9235679217883,11.7639040348964
2020-08-27,6465,116,6262,112,203,4,7189,134,95621,1986,102810,2120,0,51,2,281,57,1,"Knox County",470313,163.933380535941,0.107104557640751,450.76364038417,24.6644256059263,10.7104557640751
2020-08-26,6349,77,6150,76,199,1,7055,86,93635,794,100690,880,0,51,3,279,56,1,"Knox County",470313,153.940035678367,0.113051198579461,187.109435631165,16.3720756177269,11.3051198579461
2020-08-25,6272,87,6074,82,198,5,6969,96,92841,896,99810,992,2,51,3,276,55,0,"Knox County",470313,139.90682800603,0.101269474899019,210.923363802404,18.4983192044447,10.1269474899019
2020-08-24,6185,32,5992,28,193,4,6873,29,91945,261,98818,290,0,49,1,273,55,0,"Knox County",470313,125.660995975021,0.095117216664178,61.6610640148157,6.8039794774969,9.5117216664178
2020-08-23,6153,76,5964,75,189,1,6844,74,91684,565,98528,639,0,49,3,272,55,0,"Knox County",470313,126.511493409708,0.092876992833114,135.866965191266,16.1594512590551,9.28769928331139
2020-08-22,6077,136,5889,135,188,1,6770,153,91119,1892,97889,2045,0,49,4,269,55,0,"Knox County",470313,130.3387318658,0.0900081455335325,434.816813483786,28.9169127793618,9.00081455335325
2020-08-21,5941,30,5754,30,187,0,6617,41,89227,262,95844,303,1,49,1,265,55,0,"Knox County",470313,117.793894704165,0.0843307194937405,64.4251806775488,6.37873076015334,8.43307194937405
2020-08-20,5911,119,5724,117,187,2,6576,130,88965,2068,95541,2198,3,48,3,264,55,0,"Knox County",470313,118.43176778018,0.0828909759085341,467.348340360568,25.3022986819416,8.28909759085341
2020-08-19,5792,46,5607,41,185,5,6446,48,86897,608,93343,656,2,45,4,261,55,0,"Knox County",470313,111.840412661355,0.080162852730591,139.481579288686,9.7807204989018,8.0162852730591
2020-08-18,5746,134,5566,132,180,2,6398,152,86289,1163,92687,1315,0,43,4,257,55,1,"Knox County",470313,121.833757518929,0.0842062852538276,279.601031653388,28.4916640620183,8.42062852538276
2020-08-17,5612,50,5434,42,178,8,6246,50,85126,289,91372,339,1,43,0,253,54,1,"Knox County",470313,125.660995975021,0.0864576384256171,72.0796575897328,10.6312179335889,8.64576384256171
2020-08-16,5562,83,5392,78,170,5,6196,82,84837,587,91033,669,0,42,1,253,53,1,"Knox County",470313,127.149366485723,0.0871760797342193,142.24569595142,17.6478217697576,8.71760797342193
2020-08-15,5479,119,5314,116,165,3,6114,132,84250,1223,90364,1355,1,42,2,252,52,0,"Knox County",470313,123.534752388303,0.0929041697147037,288.106006000259,25.3022986819416,9.29041697147037
2020-08-14,5360,91,5198,83,162,8,5982,96,83027,1024,89009,1120,0,41,2,250,52,1,"Knox County",470313,136.504838267282,0.0901725039205436,238.139281712392,19.3488166391318,9.01725039205436
2020-08-13,5269,127,5115,126,154,1,5886,229,82003,1778,87889,2007,1,41,4,248,51,1,"Knox County",470313,138.205833136656,0.105749899477282,426.737087854259,27.0032935513158,10.5749899477282
2020-08-12,5142,79,4989,72,153,7,5657,88,80225,892,85882,980,0,40,1,244,50,0,"Knox County",470313,145.222436972824,0.106486833654464,208.371871498343,16.7973243350705,10.6486833654464
2020-08-11,5063,111,4917,108,146,3,5569,117,79333,1121,84902,1238,0,40,5,243,50,2,"Knox County",470313,140.332076723374,0.103009859885833,263.228956035661,23.6013038125674,10.3009859885833
2020-08-10,4952,37,4809,35,143,2,5452,35,78212,365,83664,400,1,40,0,238,48,0,"Knox County",470313,137.56796006064,0.100270305058566,85.0497434687113,7.86710127085579,10.0270305058566
2020-08-09,4915,85,4774,81,141,4,5417,109,77847,826,83264,935,1,39,4,238,48,1,"Knox County",470313,137.993208777984,0.10031113876789,198.803775358113,18.0730704871011,10.031113876789
2020-08-08,4830,157,4693,156,137,1,5308,176,77021,2284,82329,2460,1,38,4,234,47,2,"Knox County",470313,146.072934407512,0.0929978118161926,523.055922332574,33.3820243114692,9.29978118161926
2020-08-07,4673,50,4537,46,136,4,5132,44,74737,403,79869,447,0,37,0,230,45,2,"Knox County",470313,137.355335701969,0.0942482579426007,95.0430883262848,10.6312179335889,9.42482579426007
2020-08-06,4623,113,4491,105,132,8,5088,121,74334,1463,79422,1584,-1,37,5,230,43,1,"Knox County",470313,134.378594680564,0.0857782197911487,336.796984136097,24.0265525299109,8.57782197911487
2020-08-05,4510,99,4386,99,124,0,4967,100,72871,1107,77838,1207,1,38,3,225,42,1,"Knox County",470313,138.631081853999,0.0848748639825898,256.637600916836,21.049811508506,8.48748639825898
2020-08-04,4411,112,4287,111,124,1,4867,106,71764,1082,76631,1188,1,37,9,222,41,0,"Knox County",470313,138.843706212671,0.0840530349105948,252.597738102072,23.8139281712392,8.40530349105948
2020-08-03,4299,50,4176,50,123,0,4761,81,70682,593,75443,674,2,36,1,213,41,1,"Knox County",470313,141.607822875404,0.0867569158328429,143.308817744778,10.6312179335889,8.67569158328429
2020-08-02,4249,97,4126,91,123,6,4680,95,70089,692,74769,787,3,34,2,212,40,0,"Knox County",470313,144.159315179466,0.0866179465676291,167.335370274689,20.6245627911625,8.66179465676291
2020-08-01,4152,118,4035,110,117,8,4585,118,69397,1417,73982,1535,1,31,1,210,40,1,"Knox County",470313,135.866965191266,0.0895984909727836,326.37839056118,25.0896743232698,8.95984909727836
2020-07-31,4034,117,3925,114,109,3,4467,116,67980,1060,72447,1176,2,30,1,209,39,3,"Knox County",470313,150.112797222275,0.0904183535762483,250.046245798011,24.877049964598,9.04183535762483
2020-07-30,3917,189,3811,186,106,3,4351,227,66920,2420,71271,2647,1,28,7,208,36,2,"Knox County",470313,166.27224848133,0.0914912090297374,562.816677404197,40.1860037889661,9.14912090297373
2020-07-29,3728,75,3625,71,103,4,4124,60,64500,438,68624,498,0,27,3,201,34,4,"Knox County",470313,161.169263873208,0.0944150499706055,105.886930618546,15.9468269003834,9.44150499706055
2020-07-28,3653,154,3554,152,99,2,4064,186,64062,1211,68126,1397,1,27,3,198,30,0,"Knox County",470313,170.099486937423,0.101331191186596,297.036229064474,32.7441512354538,10.1331191186596
2020-07-27,3499,83,3402,76,97,7,3878,85,62851,677,66729,762,3,26,2,195,30,1,"Knox County",470313,177.116090773591,0.100772551692797,162.019761307895,17.6478217697576,10.0772551692797
2020-07-26,3416,118,3326,113,90,5,3793,132,62174,1472,65967,1604,0,23,2,193,29,1,"Knox County",470313,181.581202305699,0.0960598814845618,341.049471309532,25.0896743232698,9.60598814845618
2020-07-25,3298,175,3213,172,85,3,3661,197,60702,1949,64363,2146,2,23,3,191,28,3,"Knox County",470313,193.70079074999,0.0980449657869013,456.291873709636,37.2092627675612,9.80449657869013
2020-07-24,3123,106,3041,99,82,7,3464,113,58753,916,62217,1029,0,21,4,188,25,0,"Knox County",470313,191.3619228046,0.0991768322919766,218.79046507326,22.5381820192085,9.91768322919766
2020-07-23,3017,205,2942,197,75,8,3351,254,57837,2389,61188,2643,0,21,4,184,25,1,"Knox County",470313,194.763912543349,0.101895029268777,561.96617996951,43.5879935277145,10.1895029268777
2020-07-22,2812,69,2745,61,67,8,3097,63,55448,437,58545,500,3,21,3,180,24,0,"Knox County",470313,193.488166391318,0.102172403531396,106.312179335889,14.6710807483527,10.2172403531396
2020-07-21,2743,232,2684,228,59,4,3034,280,55011,1691,58045,1971,0,18,12,177,24,1,"Knox County",470313,210.072866367717,0.105490380103238,419.082610942075,49.3288512118525,10.5490380103238
2020-07-20,2511,74,2456,70,55,4,2754,57,53320,364,56074,421,0,18,4,165,23,1,"Knox County",470313,208.159247139671,0.106263331394221,89.5148550008186,15.7342025417116,10.6263331394221
2020-07-19,2437,84,2386,74,51,10,2697,74,52956,577,55653,651,0,18,0,161,22,2,"Knox County",470313,200.93001894483,0.110885589146459,138.418457495328,17.8604461284294,11.0885589146459
2020-07-18,2353,112,2312,109,41,3,2623,146,52379,2258,55002,2404,1,18,8,161,20,1,"Knox County",470313,187.534684348508,0.102609418858509,511.148958246955,23.8139281712392,10.2609418858509
2020-07-17,2241,74,2203,74,38,0,2477,80,50121,347,52598,427,0,17,6,153,19,2,"Knox County",470313,180.730704871011,0.105800155262282,90.7906011528493,15.7342025417116,10.5800155262282
2020-07-16,2167,187,2129,185,38,2,2397,228,49774,2033,52171,2261,2,17,3,147,17,0,"Knox County",470313,176.903466414919,0.107469600463231,480.74367495689,39.7607550716225,10.7469600463231
2020-07-15,1980,78,1944,78,36,0,2169,80,47741,511,49910,591,3,15,4,144,17,1,"Knox County",470313,178.817085642965,0.108297043318817,125.660995975021,16.5846999763987,10.8297043318817
2020-07-14,1902,95,1866,95,36,0,2089,127,47230,777,49319,904,2,12,1,140,16,1,"Knox County",470313,149.687548504932,0.103407755581669,192.212420239287,20.1993140738189,10.3407755581669
2020-07-13,1807,94,1771,92,36,2,1962,59,46453,655,48415,714,1,10,2,139,15,3,"Knox County",470313,153.940035678367,0.0998490945674044,151.81379209165,19.9866897151471,9.98490945674044
2020-07-12,1713,69,1679,67,34,2,1903,87,45798,916,47701,1003,0,9,4,137,12,1,"Knox County",470313,150.750670298291,0.0971820809248555,213.262231747793,14.6710807483527,9.71820809248555
2020-07-11,1644,28,1612,27,32,1,1816,36,44882,883,46698,919,0,9,2,133,11,1,"Knox County",470313,132.890224169861,0.102214400938554,195.401785619364,5.95348204280979,10.2214400938554
2020-07-10,1616,78,1585,74,31,4,1780,68,43999,418,45779,486,0,9,6,131,10,0,"Knox County",470313,133.740721604548,0.0995929049142193,103.335438314484,16.5846999763987,9.95929049142192
2020-07-09,1538,70,1511,66,27,4,1712,88,43581,1652,45293,1740,0,9,8,125,10,0,"Knox County",470313,108.86367163995,0.0857322636463741,369.966384088894,14.8837051070245,8.57322636463741
2020-07-08,1468,70,1445,65,23,5,1624,63,41929,594,43553,657,1,9,5,117,10,0,"Knox County",470313,107.162676770576,0.082204577300327,139.694203647358,14.8837051070245,8.2204577300327
2020-07-07,1398,79,1380,79,18,0,1561,104,41335,1303,42896,1407,0,8,7,112,10,1,"Knox County",470313,103.760687031828,0.0729136586774473,299.162472651192,16.7973243350705,7.29136586774473
2020-07-06,1319,35,1301,35,18,0,1457,34,40032,658,41489,692,1,8,6,105,9,0,"Knox County",470313,91.2158498701928,0.0695249130938586,147.13605620087,7.44185255351224,6.95249130938586
2020-07-05,1284,77,1266,77,18,0,1423,109,39374,1079,40797,1188,2,7,6,99,9,1,"Knox County",470313,92.916844739567,0.0708139370856256,252.597738102072,16.3720756177269,7.08139370856256
2020-07-04,1207,41,1189,40,18,1,1314,50,38295,1141,39609,1191,0,5,1,93,8,2,"Knox County",470313,95.6809614023002,0.0700991713082462,253.235611178088,8.7175987055429,7.00991713082462
2020-07-03,1166,62,1149,61,17,1,1264,49,37154,910,38418,959,0,5,4,92,6,0,"Knox County",470313,92.2789716635517,0.0634414092417667,203.906759966235,13.1827102376502,6.34414092417667
2020-07-02,1104,68,1088,68,16,0,1215,102,36244,1228,37459,1330,0,5,2,88,6,0,"Knox County",470313,91.8537229462082,0.0688308189655172,282.790397033465,14.4584563896809,6.88308189655172
2020-07-01,1036,49,1020,49,16,0,1113,34,35016,737,36129,771,0,5,4,86,6,1,"Knox County",470313,87.3886114141008,0.0639426903687981,163.933380535941,10.4185935749171,6.39426903687981
2020-06-30,987,40,971,39,16,1,1079,73,34279,1514,35358,1587,0,5,3,82,5,0,"Knox County",470313,79.0962614259015,0.0584348276755636,337.434857212112,8.50497434687113,5.84348276755636
2020-06-29,947,51,932,51,15,0,1006,79,32765,1333,33771,1412,0,5,3,79,5,0,"Knox County",470313,82.4982511646499,0.058781701825077,300.225594444551,10.8438422922607,5.8781701825077
2020-06-28,896,10,881,10,15,0,927,30,31432,684,32359,714,0,5,1,76,5,0,"Knox County",470313,68.2524191336408,0.0523606228026118,151.81379209165,2.12624358671778,5.23606228026117
2020-06-27,886,29,871,29,15,0,897,16,30748,111,31645,127,0,5,3,75,5,0,"Knox County",470313,65.7009268295794,0.0555072463768116,27.0032935513158,6.16610640148157,5.55072463768116
2020-06-26,857,37,842,37,15,0,881,14,30637,319,31518,333,0,5,8,72,5,0,"Knox County",470313,60.385317862785,0.0554670066942939,70.8039114377021,7.86710127085579,5.54670066942939
2020-06-25,820,32,805,32,15,0,867,52,30318,702,31185,754,0,5,1,64,5,0,"Knox County",470313,52.730840950601,0.0522990522990523,160.318766438521,6.8039794774969,5.22990522990523
2020-06-24,788,35,773,34,15,1,815,32,29616,272,30431,304,0,5,1,63,5,0,"Knox County",470313,49.7540999291961,0.0565857388644619,64.6378050362206,7.44185255351224,5.65857388644619
2020-06-23,753,27,739,24,14,3,783,25,29344,215,30127,240,0,5,4,62,5,0,"Knox County",470313,46.989983266463,0.0638516992790937,51.0298460812268,5.74085768413801,6.38516992790937
2020-06-22,726,36,715,36,11,0,758,31,29129,572,29887,603,0,5,0,58,5,0,"Knox County",470313,43.8006178863863,0.0650406504065041,128.212488279082,7.65447691218401,6.50406504065041
2020-06-21,690,31,679,31,11,0,727,37,28557,815,29284,852,0,5,1,58,5,0,"Knox County",470313,48.2657294184936,0.0644257703081232,181.155953588355,6.59135511882512,6.44257703081232
2020-06-20,659,17,648,17,11,0,690,9,27742,437,28432,446,0,5,2,57,5,0,"Knox County",470313,45.7142371144323,0.0566251415628539,94.8304639676131,3.61461409742023,5.66251415628539
2020-06-19,642,30,631,28,11,2,681,10,27305,334,27986,344,0,5,1,55,5,0,"Knox County",470313,44.2258666037299,0.0553203499858877,73.1427793830917,6.37873076015334,5.53203499858877
2020-06-18,612,15,603,15,9,0,671,18,26971,804,27642,822,0,5,0,54,5,0,"Knox County",470313,40.6112525063096,0.0448629188590418,174.777222828202,3.18936538007667,4.48629188590418
2020-06-17,597,17,588,17,9,0,653,13,26167,282,26820,295,0,5,0,54,5,0,"Knox County",470313,36.7840140502176,0.0397001665741255,62.7241858081746,3.61461409742023,3.97001665741255
2020-06-16,580,9,571,8,9,1,640,9,25885,178,26525,187,0,5,0,54,5,0,"Knox County",470313,32.9567755941256,0.0357847280924204,39.7607550716225,1.913619228046,3.57847280924204
2020-06-15,571,8,563,8,8,0,631,9,25707,218,26338,227,0,5,0,54,5,0,"Knox County",470313,27.0032935513158,0.0330917113142137,48.2657294184936,1.70099486937423,3.30917113142137
2020-06-14,563,8,555,8,8,0,622,9,25489,624,26111,633,0,5,0,54,5,0,"Knox County",470313,22.1129333018649,0.0260663507109005,134.591219039236,1.70099486937423,2.60663507109005
2020-06-13,555,10,547,8,8,2,613,9,24865,213,25478,222,0,5,3,54,5,0,"Knox County",470313,20.6245627911625,0.0282051282051282,47.2026076251348,2.12624358671778,2.82051282051282
2020-06-12,545,19,539,19,6,0,604,19,24652,750,25256,769,0,5,0,51,5,0,"Knox County",470313,18.2856948457729,0.0272583201267829,163.508131818597,4.03986281476378,2.72583201267829
2020-06-11,526,7,520,7,6,0,585,10,23902,379,24487,389,0,5,2,51,5,0,"Knox County",470313,16.5846999763987,0.0286554004408523,82.7108755233217,1.48837051070245,2.86554004408523
2020-06-10,519,12,513,12,6,0,575,12,23523,705,24098,717,0,5,0,49,5,0,"Knox County",470313,15.5215781830398,0.0244910941475827,152.451665167665,2.55149230406134,2.44910941475827
2020-06-09,507,16,501,16,6,0,563,19,22818,508,23381,527,0,5,1,49,5,0,"Knox County",470313,17.0099486937423,0.0249712973593571,112.053037020027,3.40198973874845,2.49712973593571
2020-06-08,491,8,485,8,6,0,544,8,22310,336,22854,344,0,5,1,48,5,0,"Knox County",470313,17.0099486937423,0.0238822549291863,73.1427793830917,1.70099486937423,2.38822549291863
2020-06-07,483,7,477,7,6,0,536,8,21974,847,22510,855,0,5,1,47,5,0,"Knox County",470313,16.7973243350705,0.0222338477635365,181.79382666437,1.48837051070245,2.22338477635365
2020-06-06,476,11,470,11,6,0,528,12,21127,478,21655,490,0,5,0,46,5,0,"Knox County",470313,17.0099486937423,0.0215106330970423,104.185935749171,2.33886794538956,2.15106330970423
2020-06-05,465,18,459,18,6,0,516,17,20649,518,21165,535,0,5,1,46,5,0,"Knox County",470313,16.7973243350705,0.0222971221156339,113.754031889401,3.82723845609201,2.22971221156339
2020-06-04,447,4,441,4,6,0,499,4,20131,338,20630,342,0,5,0,45,5,0,"Knox County",470313,16.1594512590551,0.020997375328084,72.7175306657481,0.850497434687113,2.0997375328084
2020-06-03,443,4,437,4,6,0,495,4,19793,399,20288,403,0,5,0,45,5,0,"Knox County",470313,14.4584563896809,0.0205949656750572,85.6876165447266,0.850497434687113,2.05949656750572
2020-06-02,439,26,433,25,6,1,491,24,19394,939,19885,963,0,5,2,45,5,0,"Knox County",470313,16.5846999763987,0.0195829094608342,204.757257400922,5.52823332546623,1.95829094608342
2020-06-01,413,17,408,17,5,0,467,20,18455,972,18922,992,0,5,0,43,5,0,"Knox County",470313,18.4983192044447,0.0194323144104804,210.923363802404,3.61461409742023,1.94323144104803
2020-05-31,396,7,391,7,5,0,447,7,17483,317,17930,324,0,5,0,43,5,0,"Knox County",470313,18.4983192044447,0.0217337614225735,68.8902922096561,1.48837051070245,2.17337614225735
2020-05-30,389,6,384,6,5,0,440,6,17166,294,17606,300,0,5,2,43,5,0,"Knox County",470313,17.4351974110858,0.0212490282456595,63.7873076015334,1.27574615203067,2.12490282456595
2020-05-29,383,8,378,8,5,0,434,7,16872,205,17306,212,0,5,0,41,5,0,"Knox County",470313,15.308953824368,0.0203619909502262,45.076364038417,1.70099486937423,2.03619909502262
2020-05-28,375,11,370,11,5,0,427,11,16667,336,17094,347,0,5,0,41,5,0,"Knox County",470313,16.7973243350705,0.022310081897769,73.780652459107,2.33886794538956,2.2310081897769
2020-05-27,364,5,359,5,5,0,416,6,16331,420,16747,426,0,5,1,41,5,0,"Knox County",470313,17.0099486937423,0.0227272727272727,90.5779767941775,1.06312179335889,2.27272727272727
2020-05-26,359,9,354,9,5,0,410,10,15911,1142,16321,1152,0,5,0,40,5,0,"Knox County",470313,13.395334596322,0.0178523847588596,244.943261189888,1.913619228046,1.78523847588596
2020-05-25,350,9,345,9,5,0,400,11,14769,381,15169,392,0,5,1,40,5,0,"Knox County",470313,11.6943397269478,0.018395179194418,83.348748599337,1.913619228046,1.8395179194418
2020-05-24,341,2,336,2,5,0,389,3,14388,273,14777,276,0,5,0,39,5,0,"Knox County",470313,10.6312179335889,0.0173913043478261,58.6843229934108,0.425248717343556,1.73913043478261
2020-05-23,339,7,334,7,5,0,386,10,14115,360,14501,370,0,5,2,39,5,0,"Knox County",470313,10.8438422922607,0.0182677165354331,78.6710127085579,1.48837051070245,1.82677165354331
2020-05-22,332,1,327,1,5,0,376,1,13755,253,14131,254,0,5,0,37,5,0,"Knox County",470313,9.35547178155824,0.0161641280696301,54.0065871026317,0.212624358671778,1.61641280696301
2020-05-21,331,0,326,0,5,0,375,0,13502,250,13877,250,0,5,0,37,5,0,"Knox County",470313,7.01660383616868,0.0131410256410256,53.1560896679445,0,1.31410256410256
2020-05-20,331,7,326,7,5,0,375,7,13252,360,13627,367,0,5,0,37,5,0,"Knox County",470313,7.44185255351224,0.0137210062071219,78.0331396325426,1.48837051070245,1.37210062071219
2020-05-19,324,7,319,7,5,0,368,7,12892,369,13260,376,0,5,2,37,5,0,"Knox County",470313,7.01660383616868,0.0170678336980306,79.9467588605886,1.48837051070245,1.70678336980306
2020-05-18,317,3,312,3,5,0,361,4,12523,478,12884,482,0,5,0,35,5,0,"Knox County",470313,5.74085768413801,0.0134736842105263,102.484940879797,0.637873076015334,1.34736842105263
2020-05-17,314,3,309,3,5,0,357,5,12045,216,12402,221,0,5,1,35,5,0,"Knox County",470313,5.95348204280979,0.0146551724137931,46.989983266463,0.637873076015334,1.46551724137931
2020-05-16,311,0,306,0,5,0,352,0,11829,349,12181,349,0,5,0,34,5,0,"Knox County",470313,4.46511153210734,0.0104393214441061,74.2059011764506,0,1.04393214441061
2020-05-15,311,1,306,1,5,0,352,4,11480,540,11832,544,0,5,0,34,5,0,"Knox County",470313,4.46511153210734,0.0104287369640788,115.667651117447,0.212624358671778,1.04287369640788
2020-05-14,310,3,305,3,5,0,348,7,10940,458,11288,465,0,5,0,34,5,0,"Knox County",470313,5.10298460812268,0.0121255349500713,98.8703267823768,0.637873076015334,1.21255349500713
2020-05-13,307,7,302,7,5,0,341,5,10482,341,10823,346,0,5,0,34,5,0,"Knox County",470313,5.10298460812268,0.011498383039885,73.5680281004352,1.48837051070245,1.1498383039885
2020-05-12,300,6,295,6,5,0,336,8,10141,401,10477,409,0,5,0,34,5,0,"Knox County",470313,4.8903602494509,0.01171875,86.9633626967573,1.27574615203067,1.171875
2020-05-11,294,16,289,16,5,0,328,12,9740,254,10068,266,0,5,1,34,5,0,"Knox County",470313,7.65447691218401,0.0157692307692308,56.558079406693,3.40198973874845,1.57692307692308
2020-05-10,278,5,273,5,5,0,316,5,9486,221,9802,226,0,5,1,33,5,0,"Knox County",470313,8.07972562952757,0.0157389635316699,48.0531050598219,1.06312179335889,1.57389635316699
2020-05-09,273,2,268,2,5,0,311,4,9265,352,9576,356,0,5,0,32,5,0,"Knox County",470313,8.50497434687113,0.0172281776416539,75.694271687153,0.425248717343556,1.72281776416539
2020-05-08,271,3,266,3,5,0,307,4,8913,265,9220,269,0,5,0,32,5,0,"Knox County",470313,8.93022306421468,0.0192554557124519,57.1959524827083,0.637873076015334,1.92554557124519
2020-05-07,268,3,263,3,5,0,303,3,8648,220,8951,223,0,5,0,32,5,0,"Knox County",470313,8.93022306421468,0.0195704057279236,47.4152319838065,0.637873076015334,1.95704057279236
2020-05-06,265,1,260,1,5,0,300,1,8428,185,8728,186,0,5,0,32,5,0,"Knox County",470313,7.65447691218401,0.0191214470284238,39.5481307129507,0.212624358671778,1.91214470284238
2020-05-05,264,4,259,4,5,0,299,5,8243,305,8542,310,0,5,0,32,5,0,"Knox County",470313,7.22922819484046,0.0185185185185185,65.9135511882512,0.850497434687113,1.85185185185185
2020-05-04,260,4,255,4,5,0,294,7,7938,259,8232,266,0,5,0,32,5,0,"Knox County",470313,4.67773589077912,0.0157952069716776,56.558079406693,0.850497434687113,1.57952069716776
2020-05-03,256,7,251,5,5,2,287,6,7679,290,7966,296,0,5,2,32,5,0,"Knox County",470313,5.10298460812268,0.0157397691500525,62.9368101668463,1.48837051070245,1.57397691500525
2020-05-02,249,3,246,3,3,0,281,5,7389,308,7670,313,0,5,1,30,5,0,"Knox County",470313,5.31560896679445,0.0166398282340311,66.5514242642666,0.637873076015334,1.66398282340311
2020-05-01,246,9,243,8,3,1,276,7,7081,354,7357,361,0,5,0,29,5,0,"Knox County",470313,6.59135511882512,0.0173913043478261,76.7573934805119,1.913619228046,1.73913043478261
2020-04-30,237,4,235,4,2,0,269,3,6727,119,6996,122,0,5,0,29,5,0,"Knox County",470313,6.8039794774969,0.0183387270765912,25.9401717579569,0.850497434687113,1.83387270765912
2020-04-29,233,8,231,8,2,0,266,10,6608,671,6874,681,0,5,0,29,5,0,"Knox County",470313,8.29234998819935,0.0183056619838229,144.797188255481,1.70099486937423,1.83056619838229
2020-04-28,225,8,223,8,2,0,256,10,5937,391,6193,401,1,5,0,29,5,0,"Knox County",470313,9.14284742288646,0.019672131147541,85.262367827383,1.70099486937423,1.9672131147541
2020-04-27,217,2,215,2,2,0,246,4,5546,161,5792,165,0,4,0,29,5,1,"Knox County",470313,8.7175987055429,0.0192389910218042,35.0830191808434,0.425248717343556,1.92389910218042
2020-04-26,215,1,213,1,2,0,242,1,5385,172,5627,173,0,4,0,29,4,0,"Knox County",470313,7.44185255351224,0.0180505415162455,36.7840140502176,0.212624358671778,1.80505415162455
2020-04-25,214,0,212,0,2,0,241,0,5213,53,5454,53,0,4,0,29,4,0,"Knox County",470313,6.8039794774969,0.0178936605316973,11.2690910096042,0,1.78936605316973
2020-04-24,214,8,212,8,2,0,241,10,5160,836,5401,846,0,4,1,29,4,0,"Knox County",470313,6.59135511882512,0.0155673904137649,179.880207436324,1.70099486937423,1.55673904137648
2020-04-23,206,1,204,1,2,0,231,2,4324,137,4555,139,0,4,0,28,4,0,"Knox County",470313,5.95348204280979,0.0150528885272579,29.5547858553772,0.212624358671778,1.50528885272579
2020-04-22,205,5,203,3,2,2,229,2,4187,189,4416,191,0,4,0,28,4,0,"Knox County",470313,5.31560896679445,0.0147357723577236,40.6112525063096,1.06312179335889,1.47357723577236
2020-04-21,200,4,200,4,0,0,227,5,3998,475,4225,480,0,4,1,28,4,0,"Knox County",470313,4.46511153210734,0.0117244748412311,102.059692162454,0.850497434687113,1.17244748412311
2020-04-20,196,3,196,3,0,0,222,2,3523,175,3745,177,0,4,1,27,4,0,"Knox County",470313,4.67773589077912,0.0106847984458475,37.6345114849047,0.637873076015334,1.06847984458475
2020-04-19,193,0,193,0,0,0,220,0,3348,72,3568,72,0,4,0,26,4,0,"Knox County",470313,4.46511153210734,0.0107252298263534,15.308953824368,0,1.07252298263534
2020-04-18,193,0,193,0,0,0,220,1,3276,135,3496,136,0,4,0,26,4,0,"Knox County",470313,4.46511153210734,0.0107790298873101,28.9169127793618,0,1.07790298873101
2020-04-17,193,2,193,2,0,0,219,3,3141,104,3360,107,0,4,1,26,4,0,"Knox County",470313,3.18936538007667,0.0115207373271889,22.7508063778803,0.425248717343556,1.15207373271889
2020-04-16,191,7,191,7,0,0,216,9,3037,213,3253,222,0,4,2,25,4,0,"Knox County",470313,4.46511153210734,0.015884476534296,47.2026076251348,1.48837051070245,1.5884476534296
2020-04-15,184,9,184,9,0,0,207,10,2824,84,3031,94,0,4,1,23,4,0,"Knox County",470313,5.31560896679445,0.0232919254658385,19.9866897151471,1.913619228046,2.32919254658385
2020-04-14,175,4,175,4,0,0,197,4,2740,102,2937,106,0,4,1,22,4,0,"Knox County",470313,5.31560896679445,0.0317286652078775,22.5381820192085,0.850497434687113,3.17286652078775
2020-04-13,171,4,171,4,0,0,193,9,2638,242,2831,251,0,4,1,21,4,0,"Knox County",470313,5.52823332546623,0.0364372469635627,53.3687140266163,0.850497434687113,3.64372469635628
2020-04-12,167,5,167,5,0,0,184,6,2396,166,2580,172,0,4,0,20,4,0,"Knox County",470313,6.59135511882512,0.0386029411764706,36.5713896915458,1.06312179335889,3.86029411764706
2020-04-11,162,5,162,5,0,0,178,8,2230,313,2408,321,1,4,1,20,4,0,"Knox County",470313,7.65447691218401,0.0384917517674784,68.2524191336408,1.06312179335889,3.84917517674784
2020-04-10,157,4,157,4,0,0,170,5,1917,123,2087,128,0,3,0,19,4,0,"Knox County",470313,8.07972562952757,0.0394126738794436,27.2159179099876,0.850497434687113,3.94126738794436
2020-04-09,153,1,153,1,0,0,165,1,1794,81,1959,82,0,3,0,19,4,0,"Knox County",470313,6.8039794774969,0.037261698440208,17.4351974110858,0.212624358671778,3.7261698440208
2020-04-08,152,8,152,8,0,0,164,12,1713,111,1877,123,0,3,1,19,4,1,"Knox County",470313,6.59135511882512,0.0380388841927303,26.1527961166287,1.70099486937423,3.80388841927303
2020-04-07,144,20,144,20,0,0,152,25,1602,366,1754,391,0,3,2,18,3,0,"Knox County",470313,9.99334485757357,0.0449591280653951,83.1361242406653,4.25248717343556,4.49591280653951
2020-04-06,124,8,124,8,0,0,127,14,1236,54,1363,68,2,3,1,16,3,0,"Knox County",470313,10.8438422922607,0.0552529182879377,14.4584563896809,1.70099486937423,5.52529182879377
2020-04-05,116,4,116,4,0,0,113,10,1182,75,1295,85,0,1,0,15,3,1,"Knox County",470313,10.6312179335889,0.0626043405676127,18.0730704871011,0.850497434687113,6.26043405676127
2020-04-04,112,15,112,15,0,0,103,6,1107,127,1210,133,0,1,1,15,2,1,"Knox County",470313,12.7574615203067,0.0722772277227723,28.2790397033465,3.18936538007667,7.22772277227723
2020-04-03,97,4,97,4,0,0,97,3,980,51,1077,54,0,1,1,14,1,0,"Knox County",470313,12.7574615203067,0.0758547008547008,11.481715368276,0.850497434687113,7.58547008547009
2020-04-02,93,7,93,7,0,0,94,7,929,106,1023,113,0,1,0,13,1,0,"Knox County",470313,14.0332076723374,0.0796277145811789,24.0265525299109,1.48837051070245,7.96277145811789
2020-04-01,86,15,86,15,0,0,87,15,823,140,910,155,0,0,1,13,1,0,"Knox County",470313,15.5215781830398,0.0800800800800801,32.9567755941256,3.18936538007667,8.00800800800801
2020-03-31,71,8,71,8,0,0,72,11,683,58,755,69,0,0,1,12,1,0,"Knox County",470313,12.9700858789785,0.0974889217134417,14.6710807483527,1.70099486937423,9.74889217134417
2020-03-30,63,13,63,13,0,0,61,15,625,130,686,145,0,0,2,11,1,0,"Knox County",470313,14.0332076723374,0.0888594164456233,30.8305320074078,2.76411666273312,8.88594164456233
2020-03-29,50,8,50,8,0,0,46,8,495,55,541,63,0,0,1,9,1,1,"Knox County",470313,14.8837051070245,0.0887978142076503,13.395334596322,1.70099486937423,8.87978142076503
2020-03-28,42,7,42,7,0,0,38,6,440,62,478,68,0,0,1,8,0,0,"Knox County",470313,13.1827102376502,0.0974512743628186,14.4584563896809,1.48837051070245,9.74512743628186
2020-03-27,35,2,35,2,0,0,32,2,378,54,410,56,0,0,1,7,0,0,"Knox County",470313,12.7574615203067,0.0956651718983558,11.9069640856196,0.425248717343556,9.56651718983558
2020-03-26,33,7,33,7,0,0,30,7,324,82,354,89,0,0,2,6,0,0,"Knox County",470313,12.7574615203067,0.0992248062015504,18.9235679217883,1.48837051070245,9.92248062015504
2020-03-25,26,6,26,6,0,0,23,7,242,68,265,75,0,0,1,4,0,0,"Knox County",470313,10.8438422922607,0.0991150442477876,15.9468269003834,1.27574615203067,9.91150442477876
2020-03-24,20,7,20,7,0,0,16,7,174,43,190,50,0,0,0,3,0,0,"Knox County",470313,10.6312179335889,0.0952380952380952,10.6312179335889,1.48837051070245,9.52380952380952
2020-03-23,13,4,13,4,0,0,9,4,131,22,140,26,0,0,2,3,0,0,"Knox County",470313,8.7175987055429,0.0960187353629977,5.52823332546623,0.850497434687113,9.60187353629976
2020-03-22,9,2,9,2,0,0,5,0,109,9,114,9,0,0,1,1,0,0,"Knox County",470313,7.44185255351224,0.0884718498659517,1.913619228046,0.425248717343556,8.84718498659517
2020-03-21,7,1,7,1,0,0,5,2,100,17,105,19,0,0,0,0,0,0,"Knox County",470313,6.16610640148157,0.0895061728395062,4.03986281476378,0.212624358671778,8.95061728395062
2020-03-20,6,5,6,5,0,0,3,2,83,38,86,40,0,0,0,0,0,0,"Knox County",470313,6.8039794774969,0.0941558441558442,8.50497434687113,1.06312179335889,9.41558441558442
2020-03-19,1,0,1,0,0,0,1,0,45,11,46,11,0,0,0,0,0,0,"Knox County",470313,5.31560896679445,0.0956521739130435,2.33886794538956,0,9.56521739130435
2020-03-18,1,0,1,0,0,0,1,0,34,15,35,15,0,0,0,0,0,0,"Knox County",470313,4.03986281476378,0.0882352941176471,3.18936538007667,0,8.82352941176471
2020-03-17,1,0,1,0,0,0,1,0,19,5,20,5,0,0,0,0,0,0,"Knox County",470313,2.55149230406134,0.064,1.06312179335889,0,6.4
2020-03-16,1,1,1,1,0,0,1,1,14,3,15,4,0,0,0,0,0,0,"Knox County",470313,1.913619228046,0.0485436893203883,0.850497434687113,0.212624358671778,4.85436893203883
2020-03-15,0,0,0,0,0,0,0,0,11,1,11,1,0,0,0,0,0,0,"Knox County",470313,1.48837051070245,0.0526315789473684,0.212624358671778,0,5.26315789473684
2020-03-14,0,0,0,0,0,0,0,0,10,8,10,8,0,0,0,0,0,0,"Knox County",470313,1.27574615203067,0.0357142857142857,1.70099486937423,0,3.57142857142857
2020-03-13,0,0,0,0,0,0,0,0,2,0,2,0,0,0,0,0,0,0,"Knox County",470313,0.212624358671778,0.0227272727272727,0,0,2.27272727272727
2020-03-12,0,0,0,0,0,0,0,0,2,2,2,2,0,0,0,0,0,0,"Knox County",470313,0.212624358671778,0.0285714285714286,0.425248717343556,0,2.85714285714286
2020-03-12,0,0,0,0,0,0,0,0,0,0,0,0,0,0,0,0,0,0,"Anderson",76978,NA,NA,0,0,NA
2020-03-13,0,0,0,0,0,0,0,0,1,1,1,1,0,0,0,0,0,0,"Anderson",76978,NA,NA,1.29907246226194,0,NA
2020-03-14,0,0,0,0,0,0,0,0,1,0,1,0,0,0,0,0,0,0,"Anderson",76978,NA,NA,0,0,NA
2020-03-15,0,0,0,0,0,0,0,0,1,0,1,0,0,0,0,0,0,0,"Anderson",76978,NA,NA,0,0,NA
2020-03-16,0,0,0,0,0,0,0,0,2,1,2,1,0,0,0,0,0,0,"Anderson",76978,NA,NA,1.29907246226194,0,NA
2020-03-17,0,0,0,0,0,0,0,0,4,2,4,2,0,0,0,0,0,0,"Anderson",76978,NA,NA,2.59814492452389,0,NA
2020-03-18,0,0,0,0,0,0,0,0,4,0,4,0,0,0,0,0,0,0,"Anderson",76978,0,0,0,0,0
2020-03-19,1,1,1,1,0,0,2,2,5,1,7,3,0,0,0,0,0,0,"Anderson",76978,1.29907246226194,0.285714285714286,3.89721738678583,1.29907246226194,28.5714285714286
2020-03-20,1,0,1,0,0,0,2,0,7,2,9,2,0,0,0,0,0,0,"Anderson",76978,1.29907246226194,0.25,2.59814492452389,0,25
2020-03-21,1,0,1,0,0,0,2,0,7,0,9,0,0,0,0,0,0,0,"Anderson",76978,1.29907246226194,0.25,0,0,25
2020-03-22,1,0,1,0,0,0,2,0,10,3,12,3,0,0,0,0,0,0,"Anderson",76978,1.29907246226194,0.181818181818182,3.89721738678583,0,18.1818181818182
2020-03-23,1,0,1,0,0,0,2,0,15,5,17,5,0,0,0,0,0,0,"Anderson",76978,1.29907246226194,0.133333333333333,6.49536231130973,0,13.3333333333333
2020-03-24,1,0,1,0,0,0,2,0,20,5,22,5,0,0,0,0,0,0,"Anderson",76978,1.29907246226194,0.111111111111111,6.49536231130973,0,11.1111111111111
2020-03-25,2,1,2,1,0,0,4,2,29,9,33,11,0,0,0,0,0,0,"Anderson",76978,2.59814492452389,0.137931034482759,14.2897970848814,1.29907246226194,13.7931034482759
2020-03-26,3,1,3,1,0,0,5,1,44,15,49,16,0,0,1,1,0,0,"Anderson",76978,2.59814492452389,0.0714285714285714,20.7851593961911,1.29907246226194,7.14285714285714
2020-03-27,4,1,4,1,0,0,6,1,53,9,59,10,0,0,0,1,0,0,"Anderson",76978,3.89721738678583,0.08,12.9907246226195,1.29907246226194,8
2020-03-28,7,3,7,3,0,0,9,3,72,19,81,22,0,0,1,2,0,0,"Anderson",76978,7.79443477357167,0.0972222222222222,28.5795941697628,3.89721738678583,9.72222222222222
2020-03-29,7,0,7,0,0,0,9,0,83,11,92,11,0,0,0,2,0,0,"Anderson",76978,7.79443477357167,0.0875,14.2897970848814,0,8.75
2020-03-30,8,1,8,1,0,0,10,1,127,44,137,45,0,0,0,2,0,0,"Anderson",76978,9.09350723583361,0.0666666666666667,58.4582608017875,1.29907246226194,6.66666666666667
2020-03-31,9,1,9,1,0,0,11,1,142,15,153,16,0,0,0,2,0,0,"Anderson",76978,10.3925796980956,0.0687022900763359,20.7851593961911,1.29907246226194,6.87022900763359
2020-04-01,9,0,9,0,0,0,11,0,163,21,174,21,0,0,0,2,0,0,"Anderson",76978,9.09350723583361,0.049645390070922,27.2805217075008,0,4.9645390070922
2020-04-02,9,0,9,0,0,0,11,0,179,16,190,16,0,0,0,2,0,0,"Anderson",76978,7.79443477357167,0.0425531914893617,20.7851593961911,0,4.25531914893617
2020-04-03,9,0,9,0,0,0,11,0,192,13,203,13,0,0,0,2,0,0,"Anderson",76978,6.49536231130972,0.0347222222222222,16.8879420094053,0,3.47222222222222
2020-04-04,9,0,9,0,0,0,11,0,219,27,230,27,0,0,0,2,0,0,"Anderson",76978,2.59814492452389,0.0134228187919463,35.0749564810725,0,1.34228187919463
2020-04-05,9,0,9,0,0,0,11,0,248,29,259,29,0,0,0,2,0,0,"Anderson",76978,2.59814492452389,0.0119760479041916,37.6731014055964,0,1.19760479041916
2020-04-06,9,0,9,0,0,0,11,0,262,14,273,14,0,0,0,2,0,0,"Anderson",76978,1.29907246226194,0.00735294117647059,18.1870144716672,0,0.735294117647059
2020-04-07,10,1,10,1,0,0,12,1,304,42,316,43,0,0,0,2,0,0,"Anderson",76978,1.29907246226194,0.00613496932515337,55.8601158772636,1.29907246226194,0.613496932515337
2020-04-08,10,0,10,0,0,0,12,0,322,18,334,18,1,1,0,2,1,1,"Anderson",76978,1.29907246226194,0.00625,23.383304320715,0,0.625
2020-04-09,10,0,10,0,0,0,12,0,350,28,362,28,0,1,0,2,1,0,"Anderson",76978,1.29907246226194,0.00581395348837209,36.3740289433345,0,0.581395348837209
2020-04-10,10,0,10,0,0,0,12,0,366,16,378,16,0,1,0,2,1,0,"Anderson",76978,1.29907246226194,0.00571428571428571,20.7851593961911,0,0.571428571428571
2020-04-11,10,0,10,0,0,0,12,0,439,73,451,73,0,1,0,2,1,0,"Anderson",76978,1.29907246226194,0.00452488687782805,94.832289745122,0,0.452488687782805
2020-04-12,12,2,12,2,0,0,14,2,477,38,491,40,0,1,0,2,1,0,"Anderson",76978,3.89721738678583,0.0129310344827586,51.9628984904778,2.59814492452389,1.29310344827586
2020-04-13,13,1,13,1,0,0,15,1,514,37,529,38,0,1,0,2,1,0,"Anderson",76978,5.19628984904778,0.015625,49.3647535659539,1.29907246226194,1.5625
2020-04-14,13,0,13,0,0,0,15,0,526,12,541,12,0,1,0,2,1,0,"Anderson",76978,3.89721738678583,0.0133333333333333,15.5888695471433,0,1.33333333333333
2020-04-15,13,0,13,0,0,0,15,0,544,18,559,18,0,1,0,2,1,0,"Anderson",76978,3.89721738678583,0.0133333333333333,23.383304320715,0,1.33333333333333
2020-04-16,13,0,13,0,0,0,15,0,566,22,581,22,0,1,0,2,1,0,"Anderson",76978,3.89721738678583,0.0136986301369863,28.5795941697628,0,1.36986301369863
2020-04-17,13,0,13,0,0,0,15,0,586,20,601,20,0,1,0,2,1,0,"Anderson",76978,3.89721738678583,0.0134529147982063,25.9814492452389,0,1.34529147982063
2020-04-18,13,0,13,0,0,0,15,0,616,30,631,30,0,1,0,2,1,0,"Anderson",76978,3.89721738678583,0.0166666666666667,38.9721738678584,0,1.66666666666667
2020-04-19,14,1,14,1,0,0,16,1,628,12,644,13,0,1,0,2,1,0,"Anderson",76978,2.59814492452389,0.0130718954248366,16.8879420094053,1.29907246226194,1.30718954248366
2020-04-20,19,5,18,4,1,1,19,3,648,20,667,23,0,1,0,2,1,0,"Anderson",76978,7.79443477357167,0.0289855072463768,29.8786666320247,6.49536231130973,2.89855072463768
2020-04-21,20,1,19,1,1,0,22,3,1071,423,1093,426,0,1,0,2,1,0,"Anderson",76978,9.09350723583361,0.0126811594202899,553.404868923589,1.29907246226194,1.26811594202899
2020-04-22,21,1,20,1,1,0,24,2,1141,70,1165,72,0,1,0,2,1,0,"Anderson",76978,10.3925796980956,0.0148514851485149,93.53321728286,1.29907246226194,1.48514851485149
2020-04-23,21,0,20,0,1,0,24,0,1191,50,1215,50,0,1,0,2,1,0,"Anderson",76978,10.3925796980956,0.0141955835962145,64.9536231130973,0,1.41955835962145
2020-04-24,22,1,21,1,1,0,25,1,1299,108,1324,109,0,1,0,2,1,0,"Anderson",76978,11.6916521603575,0.0138312586445367,141.598898386552,1.29907246226194,1.38312586445367
2020-04-25,22,0,21,0,1,0,25,0,1336,37,1361,37,0,1,0,2,1,0,"Anderson",76978,11.6916521603575,0.0136986301369863,48.065681103692,0,1.36986301369863
2020-04-26,22,0,21,0,1,0,25,0,1372,36,1397,36,0,1,0,2,1,0,"Anderson",76978,10.3925796980956,0.0119521912350598,46.76660864143,0,1.19521912350598
2020-04-27,22,0,21,0,1,0,25,0,1411,39,1436,39,0,1,0,2,1,0,"Anderson",76978,3.89721738678583,0.00780234070221066,50.6638260282159,0,0.780234070221066
2020-04-28,22,0,21,0,1,0,25,0,1690,279,1715,279,0,1,0,2,1,0,"Anderson",76978,2.59814492452389,0.00482315112540193,362.441216971083,0,0.482315112540193
2020-04-29,26,4,25,4,1,0,28,3,2068,378,2096,381,0,1,0,2,1,0,"Anderson",76978,6.49536231130972,0.00429645542427497,494.946608121801,5.19628984904778,0.429645542427497
2020-04-30,26,0,25,0,1,0,29,1,2100,32,2129,33,0,1,0,2,1,0,"Anderson",76978,6.49536231130972,0.00547045951859956,42.8693912546442,0,0.547045951859956
2020-05-01,26,0,25,0,1,0,29,0,2152,52,2181,52,0,1,0,2,1,0,"Anderson",76978,5.19628984904778,0.00466744457409568,67.5517680376211,0,0.466744457409568
2020-05-02,26,0,25,0,1,0,29,0,2219,67,2248,67,0,1,0,2,1,0,"Anderson",76978,5.19628984904778,0.00450958286358512,87.0378549715503,0,0.450958286358512
2020-05-03,27,1,26,1,1,0,30,1,2312,93,2342,94,0,1,0,2,1,0,"Anderson",76978,6.49536231130972,0.00529100529100529,122.112811452623,1.29907246226194,0.529100529100529
2020-05-04,27,0,26,0,1,0,30,0,2404,92,2434,92,0,1,0,2,1,0,"Anderson",76978,6.49536231130972,0.00501002004008016,119.514666528099,0,0.501002004008016
2020-05-05,28,1,27,1,1,0,30,0,2473,69,2503,69,0,1,0,2,1,0,"Anderson",76978,7.79443477357167,0.00634517766497462,89.6359998960742,1.29907246226194,0.634517766497462
2020-05-06,30,2,29,2,1,0,31,1,2523,50,2554,51,0,1,0,2,1,0,"Anderson",76978,5.19628984904778,0.00655021834061135,66.2526955753592,2.59814492452389,0.655021834061135
2020-05-07,30,0,29,0,1,0,33,2,2595,72,2628,74,0,1,0,2,1,0,"Anderson",76978,5.19628984904778,0.00801603206412826,96.1313622073839,0,0.801603206412826
2020-05-08,30,0,29,0,1,0,33,0,2650,55,2683,55,0,1,0,2,1,0,"Anderson",76978,5.19628984904778,0.00796812749003984,71.448985424407,0,0.796812749003984
2020-05-09,30,0,29,0,1,0,33,0,2732,82,2765,82,0,1,0,2,1,0,"Anderson",76978,5.19628984904778,0.00773694390715667,106.523941905479,0,0.773694390715667
2020-05-10,30,0,29,0,1,0,33,0,2825,93,2858,93,0,1,0,2,1,0,"Anderson",76978,3.89721738678583,0.00581395348837209,120.813738990361,0,0.581395348837209
2020-05-11,32,2,31,2,1,0,33,0,2907,82,2940,82,0,1,0,2,1,0,"Anderson",76978,6.49536231130972,0.00592885375494071,106.523941905479,2.59814492452389,0.592885375494071
2020-05-12,33,1,32,1,1,0,35,2,3040,133,3075,135,0,1,0,2,1,0,"Anderson",76978,6.49536231130972,0.00874125874125874,175.374782405363,1.29907246226194,0.874125874125874
2020-05-13,35,2,34,2,1,0,38,3,3218,178,3256,181,0,1,1,3,1,0,"Anderson",76978,6.49536231130972,0.00997150997150997,235.132115669412,2.59814492452389,0.997150997150997
2020-05-14,35,0,34,0,1,0,39,1,3344,126,3383,127,0,1,0,3,1,0,"Anderson",76978,6.49536231130972,0.00794701986754967,164.982202707267,0,0.794701986754967
2020-05-15,36,1,35,1,1,0,39,0,3415,71,3454,71,0,1,0,3,1,0,"Anderson",76978,7.79443477357167,0.00778210116731518,92.2341448205981,1.29907246226194,0.778210116731518
2020-05-16,36,0,35,0,1,0,41,2,3655,240,3696,242,0,1,0,3,1,0,"Anderson",76978,7.79443477357167,0.00859291084854995,314.375535867391,0,0.859291084854995
2020-05-17,36,0,35,0,1,0,41,0,3725,70,3766,70,0,1,0,3,1,0,"Anderson",76978,7.79443477357167,0.00881057268722467,90.9350723583361,0,0.881057268722467
2020-05-18,37,1,36,1,1,0,42,1,3802,77,3844,78,0,1,0,3,1,0,"Anderson",76978,6.49536231130972,0.00995575221238938,101.327652056432,1.29907246226194,0.995575221238938
2020-05-19,37,0,36,0,1,0,42,0,3854,52,3896,52,0,1,0,3,1,0,"Anderson",76978,5.19628984904778,0.00852618757612668,67.5517680376211,0,0.852618757612667
2020-05-20,37,0,36,0,1,0,43,1,3919,65,3962,66,0,1,0,3,1,0,"Anderson",76978,2.59814492452389,0.00708215297450425,85.7387825092884,0,0.708215297450425
2020-05-21,37,0,36,0,1,0,44,1,3999,80,4043,81,0,1,0,3,1,0,"Anderson",76978,2.59814492452389,0.00757575757575758,105.224869443218,0,0.757575757575758
2020-05-22,38,1,37,1,1,0,45,1,4027,28,4072,29,0,1,1,4,1,0,"Anderson",76978,2.59814492452389,0.00970873786407767,37.6731014055964,1.29907246226194,0.970873786407767
2020-05-23,38,0,37,0,1,0,46,1,4190,163,4236,164,0,1,0,4,1,0,"Anderson",76978,2.59814492452389,0.00925925925925926,213.047883810959,0,0.925925925925926
2020-05-24,38,0,37,0,1,0,46,0,4245,55,4291,55,0,1,0,4,1,0,"Anderson",76978,2.59814492452389,0.00952380952380952,71.448985424407,0,0.952380952380952
2020-05-25,38,0,37,0,1,0,47,1,4279,34,4326,35,0,1,0,4,1,0,"Anderson",76978,1.29907246226194,0.0103734439834025,45.4675361791681,0,1.03734439834025
2020-05-26,38,0,37,0,1,0,47,0,4410,131,4457,131,0,1,0,4,1,0,"Anderson",76978,1.29907246226194,0.0089126559714795,170.178492556315,0,0.89126559714795
2020-05-27,38,0,37,0,1,0,47,0,4513,103,4560,103,0,1,0,4,1,0,"Anderson",76978,1.29907246226194,0.00668896321070234,133.80446361298,0,0.668896321070234
2020-05-28,38,0,37,0,1,0,47,0,4561,48,4608,48,0,1,0,4,1,0,"Anderson",76978,1.29907246226194,0.00530973451327434,62.3554781885734,0,0.530973451327434
2020-05-29,39,1,38,1,1,0,47,0,4611,50,4658,50,0,1,0,4,1,0,"Anderson",76978,1.29907246226194,0.00341296928327645,64.9536231130973,1.29907246226194,0.341296928327645
2020-05-30,39,0,38,0,1,0,48,1,4663,52,4711,53,0,1,0,4,1,0,"Anderson",76978,1.29907246226194,0.00421052631578947,68.8508404998831,0,0.421052631578947
2020-05-31,40,1,39,1,1,0,49,1,4729,66,4778,67,0,1,0,4,1,0,"Anderson",76978,2.59814492452389,0.00616016427104723,87.0378549715503,1.29907246226194,0.616016427104723
2020-06-01,40,0,39,0,1,0,49,0,4853,124,4902,124,0,1,0,4,1,0,"Anderson",76978,2.59814492452389,0.00347222222222222,161.084985320481,0,0.347222222222222
2020-06-02,40,0,39,0,1,0,49,0,4980,127,5029,127,0,1,0,4,1,0,"Anderson",76978,2.59814492452389,0.0034965034965035,164.982202707267,0,0.34965034965035
2020-06-03,41,1,40,1,1,0,50,1,5040,60,5090,61,0,1,0,4,2,1,"Anderson",76978,3.89721738678583,0.00566037735849057,79.2434201979787,1.29907246226194,0.566037735849057
2020-06-04,41,0,40,0,1,0,50,0,5088,48,5138,48,1,2,0,4,2,0,"Anderson",76978,3.89721738678583,0.00566037735849057,62.3554781885734,0,0.566037735849057
2020-06-05,42,1,41,1,1,0,53,3,5145,57,5198,60,0,2,0,4,2,0,"Anderson",76978,3.89721738678583,0.0111111111111111,77.9443477357167,1.29907246226194,1.11111111111111
2020-06-06,43,1,42,1,1,0,54,1,5198,53,5252,54,0,2,0,4,2,0,"Anderson",76978,5.19628984904778,0.011090573012939,70.149912962145,1.29907246226194,1.1090573012939
2020-06-07,45,2,43,1,2,1,57,3,5293,95,5350,98,0,2,0,4,2,0,"Anderson",76978,6.49536231130972,0.013986013986014,127.309101301671,2.59814492452389,1.3986013986014
2020-06-08,46,1,44,1,2,0,57,0,5334,41,5391,41,0,2,0,4,2,0,"Anderson",76978,7.79443477357167,0.016359918200409,53.2619709527397,1.29907246226194,1.6359918200409
2020-06-09,47,1,45,1,2,0,60,3,5515,181,5575,184,0,2,0,4,2,0,"Anderson",76978,9.09350723583361,0.0201465201465201,239.029333056198,1.29907246226194,2.01465201465201
2020-06-10,52,5,50,5,2,0,63,3,5723,208,5786,211,0,2,0,4,2,0,"Anderson",76978,14.2897970848814,0.0186781609195402,274.10428953727,6.49536231130973,1.86781609195402
2020-06-11,55,3,53,3,2,0,66,3,5868,145,5934,148,0,2,1,5,2,0,"Anderson",76978,18.1870144716672,0.0201005025125628,192.262724414768,3.89721738678583,2.01005025125628
2020-06-12,57,2,55,2,2,0,70,4,5950,82,6020,86,0,2,0,5,2,0,"Anderson",76978,19.4860869339292,0.0206812652068127,111.720231754527,2.59814492452389,2.06812652068127
2020-06-13,58,1,55,0,3,1,70,0,5993,43,6063,43,0,2,0,5,2,0,"Anderson",76978,19.4860869339292,0.0197287299630086,55.8601158772636,1.29907246226194,1.97287299630086
2020-06-14,60,2,57,2,3,0,70,0,6168,175,6238,175,0,2,1,6,2,0,"Anderson",76978,19.4860869339292,0.0146396396396396,227.33768089584,2.59814492452389,1.46396396396396
2020-06-15,60,0,57,0,3,0,71,1,6226,58,6297,59,0,2,0,6,2,0,"Anderson",76978,18.1870144716672,0.0154525386313466,76.6452752734548,0,1.54525386313466
2020-06-16,64,4,61,4,3,0,75,4,6287,61,6362,65,0,2,0,6,2,0,"Anderson",76978,22.0842318584531,0.0190597204574333,84.4397100470264,5.19628984904778,1.90597204574333
2020-06-17,66,2,63,2,3,0,79,4,6324,37,6403,41,0,2,0,6,2,0,"Anderson",76978,18.1870144716672,0.0259319286871961,53.2619709527397,2.59814492452389,2.59319286871961
2020-06-18,70,4,67,4,3,0,84,5,6454,130,6538,135,0,2,0,6,2,0,"Anderson",76978,19.4860869339292,0.0298013245033113,175.374782405363,5.19628984904778,2.98013245033113
2020-06-19,72,2,69,2,3,0,86,2,6519,65,6605,67,0,2,0,6,2,0,"Anderson",76978,19.4860869339292,0.0273504273504274,87.0378549715503,2.59814492452389,2.73504273504274
2020-06-20,73,1,70,1,3,0,87,1,6557,38,6644,39,0,2,0,6,2,0,"Anderson",76978,19.4860869339292,0.0292598967297762,50.6638260282159,1.29907246226194,2.92598967297762
2020-06-21,74,1,71,1,3,0,88,1,6617,60,6705,61,0,2,0,6,2,0,"Anderson",76978,18.1870144716672,0.0385438972162741,79.2434201979787,1.29907246226194,3.85438972162741
2020-06-22,76,2,73,2,3,0,90,2,6709,92,6799,94,0,2,1,7,2,0,"Anderson",76978,20.7851593961911,0.0378486055776892,122.112811452623,2.59814492452389,3.78486055776892
2020-06-23,76,0,73,0,3,0,90,0,6798,89,6888,89,0,2,0,7,2,0,"Anderson",76978,15.5888695471433,0.0285171102661597,115.617449141313,0,2.85171102661597
2020-06-24,77,1,74,1,3,0,91,1,6829,31,6920,32,0,2,0,7,2,0,"Anderson",76978,14.2897970848814,0.02321083172147,41.5703187923822,1.29907246226194,2.321083172147
2020-06-25,81,4,78,4,3,0,92,1,6942,113,7034,114,0,2,0,7,2,0,"Anderson",76978,14.2897970848814,0.0161290322580645,148.094260697862,5.19628984904778,1.61290322580645
2020-06-26,86,5,83,5,3,0,98,6,6970,28,7068,34,0,2,0,7,2,0,"Anderson",76978,18.1870144716672,0.0259179265658747,44.1684637169061,6.49536231130973,2.59179265658747
2020-06-27,87,1,83,0,4,1,98,0,6982,12,7080,12,0,2,0,7,2,0,"Anderson",76978,18.1870144716672,0.0252293577981651,15.5888695471433,1.29907246226194,2.52293577981651
2020-06-28,91,4,87,4,4,0,106,8,7091,109,7197,117,0,2,0,7,2,0,"Anderson",76978,22.0842318584531,0.0365853658536585,151.991478084648,5.19628984904778,3.65853658536585
2020-06-29,97,6,92,5,5,1,114,8,7313,222,7427,230,0,2,1,8,2,0,"Anderson",76978,27.2805217075008,0.0382165605095541,298.786666320247,7.79443477357167,3.82165605095541
2020-06-30,102,5,96,4,6,1,120,6,7477,164,7597,170,0,2,0,8,2,0,"Anderson",76978,33.7758840188106,0.0423131170662905,220.842318584531,6.49536231130973,4.23131170662905
2020-07-01,104,2,98,2,6,0,124,4,7598,121,7722,125,0,2,0,8,2,0,"Anderson",76978,35.0749564810725,0.0411471321695761,162.384057782743,2.59814492452389,4.11471321695761
2020-07-02,110,6,104,6,6,0,130,6,7837,239,7967,245,0,2,0,8,2,0,"Anderson",76978,37.6731014055964,0.0407288317256163,318.272753254177,7.79443477357167,4.07288317256163
2020-07-03,120,10,113,9,7,1,142,12,7961,124,8103,136,0,2,0,8,2,0,"Anderson",76978,44.1684637169061,0.042512077294686,176.673854867625,12.9907246226195,4.2512077294686
2020-07-04,131,11,124,11,7,0,156,14,8145,184,8301,198,0,2,2,10,2,0,"Anderson",76978,57.1591883395256,0.0475020475020475,257.216347527865,14.2897970848814,4.75020475020475
2020-07-05,140,9,133,9,7,0,169,13,8301,156,8470,169,0,2,1,11,2,0,"Anderson",76978,63.6545506508353,0.0494893951296151,219.543246122269,11.6916521603575,4.94893951296151
2020-07-06,141,1,134,1,7,0,170,1,8328,27,8498,28,0,2,0,11,2,0,"Anderson",76978,57.1591883395256,0.0522875816993464,36.3740289433345,1.29907246226194,5.22875816993464
2020-07-07,157,16,150,16,7,0,190,20,8561,233,8751,253,0,2,0,11,2,0,"Anderson",76978,71.448985424407,0.0606585788561525,328.665332952272,20.7851593961911,6.06585788561525
2020-07-08,173,16,165,15,8,1,206,16,8701,140,8907,156,0,2,0,11,2,0,"Anderson",76978,89.6359998960742,0.0691983122362869,202.655304112863,20.7851593961911,6.91983122362869
2020-07-09,187,14,179,14,8,0,220,14,8969,268,9189,282,0,2,0,11,2,0,"Anderson",76978,100.02857959417,0.0736497545008183,366.338434357868,18.1870144716672,7.36497545008183
2020-07-10,193,6,185,6,8,0,227,7,8999,30,9226,37,0,2,1,12,2,0,"Anderson",76978,94.832289745122,0.0756901157613535,48.065681103692,7.79443477357167,7.56901157613535
2020-07-11,201,8,193,8,8,0,235,8,9168,169,9403,177,0,2,1,13,2,0,"Anderson",76978,90.9350723583361,0.0716878402903811,229.935825820364,10.3925796980956,7.16878402903811
2020-07-12,212,11,204,11,8,0,248,13,9351,183,9599,196,0,2,0,13,2,0,"Anderson",76978,93.53321728286,0.0699734278122232,254.618202603341,14.2897970848814,6.99734278122232
2020-07-13,218,6,209,5,9,1,255,7,9390,39,9645,46,0,2,2,15,2,0,"Anderson",76978,100.02857959417,0.0741063644289451,59.7573332640495,7.79443477357167,7.41063644289451
2020-07-14,229,11,219,10,10,1,266,11,9530,140,9796,151,0,2,0,15,2,0,"Anderson",76978,93.53321728286,0.0727272727272727,196.159941801554,14.2897970848814,7.27272727272727
2020-07-15,245,16,234,15,11,1,285,19,9632,102,9917,121,0,2,0,15,2,0,"Anderson",76978,93.53321728286,0.0782178217821782,157.187767933695,20.7851593961911,7.82178217821782
2020-07-16,263,18,252,18,11,0,308,23,9921,289,10229,312,0,2,1,16,2,0,"Anderson",76978,98.7295071319078,0.0846153846153846,405.310608225727,23.383304320715,8.46153846153846
2020-07-17,270,7,259,7,11,0,317,9,9992,71,10309,80,0,2,1,17,3,1,"Anderson",76978,100.02857959417,0.0831024930747922,103.925796980956,9.09350723583361,8.31024930747922
2020-07-18,277,7,266,7,11,0,328,11,10206,214,10534,225,0,2,0,17,3,0,"Anderson",76978,98.7295071319078,0.0822281167108753,292.291304008938,9.09350723583361,8.22281167108753
2020-07-19,285,8,274,8,11,0,337,9,10287,81,10624,90,0,2,2,19,3,0,"Anderson",76978,94.832289745122,0.0868292682926829,116.916521603575,10.3925796980956,8.68292682926829
2020-07-20,313,28,302,28,11,0,367,30,10456,169,10823,199,1,3,0,19,3,0,"Anderson",76978,123.411883914885,0.0950764006791171,258.515419990127,36.3740289433345,9.50764006791171
2020-07-21,336,23,324,22,12,1,391,24,10748,292,11139,316,0,3,1,20,3,0,"Anderson",76978,139.000753462028,0.0930752047654505,410.506898074775,29.8786666320247,9.30752047654505
2020-07-22,365,29,353,29,12,0,424,33,10883,135,11307,168,0,3,0,20,3,0,"Anderson",76978,155.888695471433,0.1,218.244173660007,37.6731014055964,10
2020-07-23,388,23,376,23,12,0,455,31,11310,427,11765,458,0,3,2,22,3,0,"Anderson",76978,162.384057782743,0.095703125,594.975187715971,29.8786666320247,9.5703125
2020-07-24,394,6,382,6,12,0,463,8,11422,112,11885,120,0,3,0,22,4,1,"Anderson",76978,161.084985320481,0.0926395939086294,155.888695471433,7.79443477357167,9.26395939086294
2020-07-25,426,32,413,31,13,1,499,36,11679,257,12178,293,1,4,1,23,4,0,"Anderson",76978,193.56179687703,0.104014598540146,380.62823144275,41.5703187923822,10.4014598540146
2020-07-26,465,39,451,38,14,1,541,42,12082,403,12623,445,0,4,2,25,4,0,"Anderson",76978,233.83304320715,0.102051025512756,578.087245706565,50.6638260282159,10.2051025512756
2020-07-27,483,18,468,17,15,1,562,21,12262,180,12824,201,0,4,1,26,4,0,"Anderson",76978,220.842318584531,0.0974512743628186,261.113564914651,23.383304320715,9.74512743628186
2020-07-28,523,40,508,40,15,0,608,46,12642,380,13250,426,0,4,1,27,5,1,"Anderson",76978,242.926550442984,0.10279488394126,553.404868923589,51.9628984904778,10.279488394126
2020-07-29,527,4,512,4,15,0,612,4,12678,36,13290,40,1,5,0,27,5,0,"Anderson",76978,210.449738886435,0.0948058497226425,51.9628984904778,5.19628984904778,9.48058497226425
2020-07-30,564,37,549,37,15,0,666,54,13163,485,13829,539,0,5,0,27,5,0,"Anderson",76978,228.636753358102,0.102228682170543,700.200057159188,48.065681103692,10.2228682170543
2020-07-31,576,12,561,12,15,0,680,14,13345,182,14025,196,0,5,0,27,5,0,"Anderson",76978,236.431188131674,0.101401869158878,254.618202603341,15.5888695471433,10.1401869158878
2020-08-01,599,23,584,23,15,0,705,25,13754,409,14459,434,0,5,1,28,5,0,"Anderson",76978,224.739535971316,0.0903112669881631,563.797448621684,29.8786666320247,9.03112669881631
2020-08-02,606,7,591,7,15,0,712,7,13882,128,14594,135,0,5,1,29,6,1,"Anderson",76978,183.169217178934,0.0867579908675799,175.374782405363,9.09350723583361,8.67579908675799
2020-08-03,631,25,615,24,16,1,743,31,14109,227,14852,258,0,5,0,29,6,0,"Anderson",76978,192.262724414768,0.0892504930966469,335.160695263582,32.4768115565486,8.92504930966469
2020-08-04,638,7,622,7,16,0,751,8,14352,243,15103,251,2,7,0,29,6,0,"Anderson",76978,149.393333160124,0.0771721532649757,326.067188027748,9.09350723583361,7.71721532649757
2020-08-05,653,15,637,15,16,0,770,19,14561,209,15331,228,-1,6,0,29,6,0,"Anderson",76978,163.683130245005,0.0774130328270456,296.188521395723,19.4860869339292,7.74130328270456
2020-08-06,675,22,659,22,16,0,800,30,14882,321,15682,351,0,6,1,30,6,0,"Anderson",76978,144.197043311076,0.0723151645979493,455.974434253943,28.5795941697628,7.23151645979493
2020-08-07,679,4,663,4,16,0,804,4,14963,81,15767,85,0,6,0,30,6,0,"Anderson",76978,133.80446361298,0.0711825487944891,110.421159292265,5.19628984904778,7.11825487944891
2020-08-08,690,11,674,11,16,0,820,16,15283,320,16103,336,0,6,0,30,6,0,"Anderson",76978,118.215594065837,0.0699513381995134,436.488347320014,14.2897970848814,6.99513381995134
2020-08-09,697,7,681,7,16,0,829,9,15420,137,16249,146,0,6,0,30,6,0,"Anderson",76978,118.215594065837,0.0706948640483384,189.664579490244,9.09350723583361,7.06948640483384
2020-08-10,702,5,686,5,16,0,835,6,15559,139,16394,145,0,6,0,30,6,0,"Anderson",76978,92.2341448205981,0.059662775616083,188.365507027982,6.49536231130973,5.9662775616083
2020-08-11,723,21,707,21,16,0,857,22,15762,203,16619,225,0,6,1,31,6,0,"Anderson",76978,110.421159292265,0.0699208443271768,292.291304008938,27.2805217075008,6.99208443271768
2020-08-12,731,8,715,8,16,0,865,8,16001,239,16866,247,0,6,0,31,6,0,"Anderson",76978,101.327652056432,0.0618892508143322,320.8708981787,10.3925796980956,6.18892508143322
2020-08-13,749,18,733,18,16,0,889,24,16229,228,17118,252,1,7,2,33,6,0,"Anderson",76978,96.1313622073839,0.0619777158774373,327.36626049001,23.383304320715,6.19777158774373
2020-08-14,766,17,749,16,17,1,911,22,16558,329,17469,351,0,7,0,33,6,0,"Anderson",76978,113.019304216789,0.0628672150411281,455.974434253943,22.0842318584531,6.28672150411281
2020-08-15,776,10,759,10,17,0,923,12,16781,223,17704,235,-1,6,0,33,6,0,"Anderson",76978,111.720231754527,0.0643347907557776,305.282028631557,12.9907246226195,6.43347907557776
2020-08-16,788,12,771,12,17,0,937,14,16923,142,17860,156,0,6,0,33,7,1,"Anderson",76978,118.215594065837,0.0670391061452514,202.655304112863,15.5888695471433,6.70391061452514
2020-08-17,792,4,775,4,17,0,940,3,16966,43,17906,46,0,6,0,33,7,0,"Anderson",76978,116.916521603575,0.0694444444444444,59.7573332640495,5.19628984904778,6.94444444444444
2020-08-18,806,14,789,14,17,0,957,17,17129,163,18086,180,0,6,0,33,7,0,"Anderson",76978,107.823014367741,0.0681663258350375,233.83304320715,18.1870144716672,6.81663258350375
2020-08-19,820,14,803,14,17,0,971,14,17303,174,18274,188,0,6,0,33,7,0,"Anderson",76978,115.617449141313,0.0752840909090909,244.225622905246,18.1870144716672,7.52840909090909
2020-08-20,835,15,818,15,17,0,987,16,17745,442,18732,458,0,6,0,33,8,1,"Anderson",76978,111.720231754527,0.0607187112763321,594.975187715971,19.4860869339292,6.07187112763321
2020-08-21,838,3,821,3,17,0,990,3,17781,36,18771,39,1,7,0,33,8,0,"Anderson",76978,93.53321728286,0.0606758832565284,50.6638260282159,3.89721738678583,6.06758832565284
2020-08-22,856,18,839,18,17,0,1009,19,18325,544,19334,563,1,8,1,34,8,0,"Anderson",76978,103.925796980956,0.052760736196319,731.377796253475,23.383304320715,5.2760736196319
2020-08-23,857,1,840,1,17,0,1010,1,18409,84,19419,85,0,8,0,34,8,0,"Anderson",76978,89.6359998960742,0.0468248877485568,110.421159292265,1.29907246226194,4.68248877485568
2020-08-24,858,1,840,0,18,1,1010,0,18448,39,19458,39,0,8,0,34,8,0,"Anderson",76978,85.7387825092884,0.0451030927835052,50.6638260282159,1.29907246226194,4.51030927835052
2020-08-25,866,8,848,8,18,0,1018,8,18600,152,19618,160,0,8,1,35,8,0,"Anderson",76978,77.9443477357167,0.0398172323759791,207.851593961911,10.3925796980956,3.98172323759791
2020-08-26,872,6,854,6,18,0,1024,6,18780,180,19804,186,0,8,0,35,8,0,"Anderson",76978,67.5517680376211,0.034640522875817,241.627477980722,7.79443477357167,3.4640522875817
2020-08-27,875,3,857,3,18,0,1027,3,19191,411,20218,414,0,8,0,35,8,0,"Anderson",76978,51.9628984904778,0.0269179004037685,537.815999376445,3.89721738678583,2.69179004037685
2020-08-28,875,0,857,0,18,0,1027,0,19229,38,20256,38,0,8,0,35,8,0,"Anderson",76978,48.065681103692,0.0249158249158249,49.3647535659539,0,2.49158249158249
2020-08-29,884,9,865,8,19,1,1035,8,19491,262,20526,270,0,8,0,35,8,0,"Anderson",76978,36.3740289433345,0.0218120805369128,350.749564810725,11.6916521603575,2.18120805369128
2020-08-30,900,16,881,16,19,0,1051,16,19574,83,20625,99,0,8,0,35,8,0,"Anderson",76978,55.8601158772636,0.0339966832504146,128.608173763933,20.7851593961911,3.39966832504146
2020-08-31,902,2,883,2,19,0,1053,2,19632,58,20685,60,0,8,0,35,8,0,"Anderson",76978,57.1591883395256,0.0350448247758761,77.9443477357167,2.59814492452389,3.50448247758761
2020-09-01,909,7,889,6,20,1,1059,6,19743,111,20802,117,0,8,0,35,8,0,"Anderson",76978,55.8601158772636,0.0346283783783784,151.991478084648,9.09350723583361,3.46283783783784
2020-09-02,917,8,895,6,22,2,1069,10,20059,316,21128,326,0,8,0,35,8,0,"Anderson",76978,58.4582608017875,0.033987915407855,423.497622697394,10.3925796980956,3.3987915407855
2020-09-03,933,16,909,14,24,2,1085,16,20383,324,21468,340,0,8,0,35,9,1,"Anderson",76978,75.3462028111928,0.0464,441.684637169061,20.7851593961911,4.64
2020-09-04,942,9,917,8,25,1,1095,10,20572,189,21667,199,0,8,0,35,9,0,"Anderson",76978,87.0378549715503,0.0481927710843374,258.515419990127,11.6916521603575,4.81927710843374
2020-09-05,961,19,936,19,25,0,1116,21,20841,269,21957,290,0,8,1,36,10,1,"Anderson",76978,100.02857959417,0.0566037735849057,376.731014055964,24.682376782977,5.66037735849057
2020-09-06,963,2,938,2,25,0,1118,2,20897,56,22015,58,0,8,0,36,10,0,"Anderson",76978,81.8415651225025,0.0482014388489209,75.3462028111928,2.59814492452389,4.82014388489209
2020-09-07,966,3,941,3,25,0,1123,5,20985,88,22108,93,0,8,0,36,10,0,"Anderson",76978,83.1406375847645,0.0491918482080112,120.813738990361,3.89721738678583,4.91918482080112
2020-09-08,975,9,944,3,31,6,1127,4,21160,175,22287,179,1,9,0,36,10,0,"Anderson",76978,85.7387825092884,0.0457912457912458,232.533970744888,11.6916521603575,4.57912457912458
2020-09-09,984,9,953,9,31,0,1136,9,21401,241,22537,250,0,9,1,37,11,1,"Anderson",76978,87.0378549715503,0.0475514549325763,324.768115565486,11.6916521603575,4.75514549325763
2020-09-10,1013,29,981,28,32,1,1166,30,21770,369,22936,399,1,10,0,37,11,0,"Anderson",76978,103.925796980956,0.0551771117166213,518.329912442516,37.6731014055964,5.51771117166213
2020-09-11,1014,1,982,1,32,0,1168,2,21903,133,23071,135,0,10,0,37,11,0,"Anderson",76978,93.53321728286,0.051994301994302,175.374782405363,1.29907246226194,5.1994301994302
2020-09-12,1017,3,985,3,32,0,1173,5,22045,142,23218,147,0,10,0,37,11,0,"Anderson",76978,72.7480578866689,0.0452022204599524,190.963651952506,3.89721738678583,4.52022204599524
2020-09-13,1038,21,1005,20,33,1,1194,21,22289,244,23483,265,0,10,1,38,11,0,"Anderson",76978,97.4304346696459,0.0517711171662125,344.254202499415,27.2805217075008,5.17711171662125
2020-09-14,1044,6,1010,5,34,1,1200,6,22395,106,23595,112,0,10,1,39,11,0,"Anderson",76978,101.327652056432,0.0517821116341627,145.496115773338,7.79443477357167,5.17821116341627
2020-09-15,1060,16,1026,16,34,0,1217,17,22635,240,23852,257,1,11,1,40,12,1,"Anderson",76978,110.421159292265,0.0575079872204473,333.86162280132,20.7851593961911,5.75079872204473
2020-09-16,1068,8,1034,8,34,0,1229,12,22771,136,24000,148,0,11,0,40,12,0,"Anderson",76978,109.122086830003,0.063568010936432,192.262724414768,10.3925796980956,6.3568010936432
2020-09-17,1090,22,1054,20,36,2,1249,20,23192,421,24441,441,0,11,1,41,12,0,"Anderson",76978,100.02857959417,0.0551495016611296,572.890955857518,28.5795941697628,5.51495016611296
2020-09-18,1109,19,1073,19,36,0,1267,18,23416,224,24683,242,0,11,0,41,12,0,"Anderson",76978,123.411883914885,0.0614143920595533,314.375535867391,24.682376782977,6.14143920595533
2020-09-19,1124,15,1088,15,36,0,1288,21,23698,282,24986,303,0,11,1,42,12,0,"Anderson",76978,139.000753462028,0.0650452488687783,393.618956065369,19.4860869339292,6.50452488687783
2020-09-20,1131,7,1095,7,36,0,1298,10,23850,152,25148,162,0,11,0,42,13,1,"Anderson",76978,120.813738990361,0.0624624624624625,210.449738886435,9.09350723583361,6.24624624624625
2020-09-21,1133,2,1097,2,36,0,1300,2,23883,33,25183,35,0,11,0,42,13,0,"Anderson",76978,115.617449141313,0.0629722921914358,45.4675361791681,2.59814492452389,6.29722921914358
2020-09-22,1147,14,1111,14,36,0,1317,17,24131,248,25448,265,0,11,1,43,13,0,"Anderson",76978,113.019304216789,0.06265664160401,344.254202499415,18.1870144716672,6.265664160401
2020-09-23,1147,0,1111,0,36,0,1317,0,24172,41,25489,41,0,11,0,43,13,0,"Anderson",76978,102.626724518694,0.0591000671591672,53.2619709527397,0,5.91000671591672
2020-09-24,1160,13,1124,13,36,0,1332,15,24496,324,25828,339,1,12,0,43,13,0,"Anderson",76978,90.9350723583361,0.0598413842826244,440.385564706799,16.8879420094053,5.98413842826244
2020-09-25,1174,14,1137,13,37,1,1345,13,24732,236,26077,249,1,13,0,43,13,0,"Anderson",76978,84.4397100470264,0.0559540889526542,323.469043103224,18.1870144716672,5.59540889526542
2020-09-26,1188,14,1151,14,37,0,1362,17,25031,299,26393,316,0,13,0,43,13,0,"Anderson",76978,83.1406375847645,0.0525941719971571,410.506898074775,18.1870144716672,5.25941719971571
2020-09-27,1207,19,1168,17,39,2,1378,16,25238,207,26616,223,0,13,0,43,13,0,"Anderson",76978,98.7295071319078,0.0544959128065395,289.693159084414,24.682376782977,5.44959128065395
2020-09-28,1210,3,1170,2,40,1,1380,2,25275,37,26655,39,0,13,0,43,13,0,"Anderson",76978,100.02857959417,0.0543478260869565,50.6638260282159,3.89721738678583,5.43478260869565
2020-09-29,1221,11,1180,10,41,1,1390,10,25569,294,26959,304,0,13,0,43,13,0,"Anderson",76978,96.1313622073839,0.0483123759099934,394.918028527631,14.2897970848814,4.83123759099934
2020-09-30,1233,12,1190,10,43,2,1400,10,25635,66,27035,76,0,13,0,43,13,0,"Anderson",76978,111.720231754527,0.0536869340232859,98.7295071319078,15.5888695471433,5.36869340232859
2020-10-01,1249,16,1204,14,45,2,1415,15,25915,280,27330,295,0,13,0,43,13,0,"Anderson",76978,115.617449141313,0.0552596537949401,383.226376367274,20.7851593961911,5.52596537949401
2020-10-02,1256,7,1210,6,46,1,1422,7,25997,82,27419,89,0,13,0,43,13,0,"Anderson",76978,106.523941905479,0.0573770491803279,115.617449141313,9.09350723583361,5.73770491803279
2020-10-03,1272,16,1226,16,46,0,1446,24,26261,264,27707,288,0,13,0,43,13,0,"Anderson",76978,109.122086830003,0.0639269406392694,374.13286913144,20.7851593961911,6.39269406392694
2020-10-04,1288,16,1240,14,48,2,1462,16,26598,337,28060,353,0,13,0,43,13,0,"Anderson",76978,105.224869443218,0.0581717451523546,458.572579178467,20.7851593961911,5.81717451523546
2020-10-05,1314,26,1265,25,49,1,1489,27,26809,211,28298,238,0,13,1,44,13,0,"Anderson",76978,135.103536075242,0.0663420572124163,309.179246018343,33.7758840188106,6.63420572124163
2020-10-06,1342,28,1292,27,50,1,1520,31,27146,337,28666,368,0,13,1,45,13,0,"Anderson",76978,157.187767933695,0.0761570005858231,478.058666112396,36.3740289433345,7.61570005858231
2020-10-07,1348,6,1298,6,50,0,1528,8,27381,235,28909,243,0,13,0,45,13,0,"Anderson",76978,149.393333160124,0.0683030949839915,315.674608329653,7.79443477357167,6.83030949839915
2020-10-08,1358,10,1306,8,52,2,1537,9,27620,239,29157,248,0,13,1,46,13,0,"Anderson",76978,141.598898386552,0.066776135741653,322.169970640962,12.9907246226195,6.6776135741653
2020-10-09,1373,15,1319,13,54,2,1553,16,27793,173,29346,189,0,13,0,46,13,0,"Anderson",76978,151.991478084648,0.0679813181110535,245.524695367508,19.4860869339292,6.79813181110535
2020-10-10,1389,16,1335,16,54,0,1573,20,28005,212,29578,232,0,13,1,47,14,1,"Anderson",76978,151.991478084648,0.0678781400320684,301.384811244771,20.7851593961911,6.78781400320684
2020-10-11,1417,28,1363,28,54,0,1604,31,28294,289,29898,320,0,13,0,47,14,0,"Anderson",76978,167.580347631791,0.0772578890097933,415.703187923822,36.3740289433345,7.72578890097933
2020-10-12,1433,16,1378,15,55,1,1620,16,28373,79,29993,95,0,13,0,47,14,0,"Anderson",76978,154.589623009171,0.0772861356932153,123.411883914885,20.7851593961911,7.72861356932153
2020-10-13,1453,20,1396,18,57,2,1638,18,28494,121,30132,139,0,13,0,47,14,0,"Anderson",76978,144.197043311076,0.0804911323328786,180.57107225441,25.9814492452389,8.04911323328786
2020-10-14,1475,22,1418,22,57,0,1662,24,28794,300,30456,324,0,13,0,47,14,0,"Anderson",76978,164.982202707267,0.0866192630898513,420.89947777287,28.5795941697628,8.66192630898513
2020-10-15,1497,22,1434,16,63,6,1676,14,28945,151,30621,165,0,13,1,48,14,0,"Anderson",76978,180.57107225441,0.0949453551912568,214.346956273221,28.5795941697628,9.49453551912568
2020-10-16,1504,7,1437,3,67,4,1680,4,29044,99,30724,103,0,13,0,48,15,1,"Anderson",76978,170.178492556315,0.0921625544267054,133.80446361298,9.09350723583361,9.21625544267054
2020-10-17,1532,28,1464,27,68,1,1710,30,29292,248,31002,278,0,13,2,50,15,0,"Anderson",76978,185.767362103458,0.0962078651685393,361.142144508821,36.3740289433345,9.62078651685393
2020-10-18,1551,19,1483,19,68,0,1732,22,29531,239,31263,261,0,13,0,50,15,0,"Anderson",76978,174.075709943101,0.0937728937728938,339.057912650368,24.682376782977,9.37728937728938
2020-10-19,1555,4,1487,4,68,0,1737,5,29608,77,31345,82,0,13,1,51,15,0,"Anderson",76978,158.486840395957,0.0865384615384615,106.523941905479,5.19628984904778,8.65384615384615
2020-10-20,1582,27,1514,27,68,0,1772,35,29807,199,31579,234,0,13,0,51,15,0,"Anderson",76978,167.580347631791,0.092605390463027,303.982956169295,35.0749564810725,9.2605390463027
2020-10-21,1599,17,1531,17,68,0,1791,19,30023,216,31814,235,0,13,1,52,15,0,"Anderson",76978,161.084985320481,0.0949926362297496,305.282028631557,22.0842318584531,9.49926362297496
2020-10-22,1620,21,1552,21,68,0,1816,25,30355,332,32171,357,1,14,0,52,15,0,"Anderson",76978,159.785912858219,0.0903225806451613,463.768869027514,27.2805217075008,9.03225806451613
2020-10-23,1635,15,1566,14,69,1,1832,16,30630,275,32462,291,0,14,0,52,15,0,"Anderson",76978,170.178492556315,0.0874568469505178,378.030086518226,19.4860869339292,8.74568469505178
2020-10-24,1666,31,1596,30,70,1,1865,33,31006,376,32871,409,0,14,2,54,17,2,"Anderson",76978,174.075709943101,0.082932049224184,531.320637065136,40.2712463301203,8.29320492241841
2020-10-25,1683,17,1612,16,71,1,1884,19,31202,196,33086,215,0,14,4,58,17,0,"Anderson",76978,171.477565018577,0.0833790455293472,279.300579386318,22.0842318584531,8.33790455293472
2020-10-26,1699,16,1627,15,72,1,1902,18,31336,134,33238,152,-1,13,1,59,17,0,"Anderson",76978,187.06643456572,0.0871632329635499,197.459014263816,20.7851593961911,8.71632329635499
2020-10-27,1728,29,1651,24,77,5,1926,24,31491,155,33417,179,1,14,2,61,17,0,"Anderson",76978,189.664579490244,0.0837867247007617,232.533970744888,37.6731014055964,8.37867247007617
2020-10-28,1784,56,1705,54,79,2,1985,59,31925,434,33910,493,0,14,0,61,17,0,"Anderson",76978,240.32840551846,0.092557251908397,640.442723895139,72.7480578866689,9.25572519083969
2020-10-29,1813,29,1726,21,87,8,2004,19,32131,206,34135,225,0,14,2,63,17,0,"Anderson",76978,250.720985216555,0.0957230142566191,292.291304008938,37.6731014055964,9.57230142566191
2020-10-30,1850,37,1760,34,90,3,2042,38,32282,151,34324,189,2,16,1,64,17,0,"Anderson",76978,279.300579386318,0.112781954887218,245.524695367508,48.065681103692,11.2781954887218
2020-10-31,1850,0,1760,0,90,0,2042,0,32283,1,34325,1,0,16,0,64,19,2,"Anderson",76978,239.029333056198,0.121733149931224,1.29907246226194,0,12.1733149931224
2020-11-01,1855,5,1765,5,90,0,2050,8,32527,244,34577,252,0,16,0,64,19,0,"Anderson",76978,223.440463509055,0.111334674714956,327.36626049001,6.49536231130973,11.1334674714956
2020-11-02,1888,33,1796,31,92,2,2085,35,32794,267,34879,302,0,16,0,64,20,1,"Anderson",76978,245.524695367508,0.111517367458867,392.319883603107,42.8693912546442,11.1517367458867
2020-11-03,1914,26,1821,25,93,1,2110,25,32974,180,35084,205,0,16,0,64,21,1,"Anderson",76978,241.627477980722,0.110377924415117,266.309854763699,33.7758840188106,11.0377924415117
2020-11-04,1932,18,1836,15,96,3,2128,18,33052,78,35180,96,2,18,1,65,21,0,"Anderson",76978,192.262724414768,0.11259842519685,124.710956377147,23.383304320715,11.259842519685
2020-11-05,1956,24,1854,18,102,6,2148,20,33151,99,35299,119,0,18,0,65,22,1,"Anderson",76978,185.767362103458,0.123711340206186,154.589623009171,31.1777390942867,12.3711340206186
2020-11-06,2005,49,1900,46,105,3,2197,49,33518,367,35715,416,0,18,2,67,23,1,"Anderson",76978,201.356231650601,0.111430625449317,540.414144300969,63.6545506508353,11.1430625449317
2020-11-07,2085,80,1977,77,108,3,2274,77,33965,447,36239,524,0,18,0,67,23,0,"Anderson",76978,305.282028631557,0.121212121212121,680.713970225259,103.925796980956,12.1212121212121
2020-11-08,2139,54,2028,51,111,3,2336,62,34575,610,36911,672,0,18,1,68,23,0,"Anderson",76978,368.936579282392,0.122536418166238,872.976694640027,70.149912962145,12.2536418166238
2020-11-09,2147,8,2035,7,112,1,2345,9,34649,74,36994,83,0,18,0,68,23,0,"Anderson",76978,336.459767725844,0.122931442080378,107.823014367741,10.3925796980956,12.2931442080378
2020-11-10,2166,19,2053,18,113,1,2367,22,34820,171,37187,193,0,18,1,69,23,0,"Anderson",76978,327.36626049001,0.122206371849738,250.720985216555,24.682376782977,12.2206371849738
2020-11-11,2205,39,2089,36,116,3,2409,42,35093,273,37502,315,1,19,1,70,23,0,"Anderson",76978,354.646782197511,0.121016365202412,409.207825612513,50.6638260282159,12.1016365202412
2020-11-12,2212,7,2095,6,117,1,2417,8,35291,198,37708,206,0,19,0,70,24,1,"Anderson",76978,332.562550339058,0.111664591116646,267.608927225961,9.09350723583361,11.1664591116646
2020-11-13,2268,56,2148,53,120,3,2476,59,35552,261,38028,320,2,21,2,72,24,0,"Anderson",76978,341.656057574892,0.120622568093385,415.703187923822,72.7480578866689,12.0622568093385
2020-11-14,2309,41,2188,40,121,1,2521,45,35948,396,38469,441,1,22,1,73,25,1,"Anderson",76978,290.992231546676,0.110762331838565,572.890955857518,53.2619709527397,11.0762331838565
2020-11-15,2407,98,2286,98,121,0,2629,108,36530,582,39159,690,1,23,1,74,25,0,"Anderson",76978,348.151419886201,0.130338078291815,896.359998960742,127.309101301671,13.0338078291815
2020-11-16,2456,49,2315,29,141,20,2658,29,36807,277,39465,306,0,23,1,75,25,0,"Anderson",76978,401.413390838941,0.126669364629705,397.516173452155,63.6545506508353,12.6669364629705
2020-11-17,2472,16,2330,15,142,1,2674,16,37012,205,39686,221,2,25,1,76,26,1,"Anderson",76978,397.516173452155,0.122849139655862,287.09501415989,20.7851593961911,12.2849139655862
2020-11-18,2502,30,2356,26,146,4,2700,26,37306,294,40006,320,0,25,0,76,27,1,"Anderson",76978,385.824521291798,0.116214057507987,415.703187923822,38.9721738678584,11.6214057507987
2020-11-19,2560,58,2410,54,150,4,2762,62,37722,416,40484,478,0,25,1,77,27,0,"Anderson",76978,452.077216867157,0.124279538904899,620.95663696121,75.3462028111928,12.4279538904899
2020-11-20,2590,30,2437,27,153,3,2793,31,37835,113,40628,144,0,25,0,77,28,1,"Anderson",76978,418.301332848346,0.121923076923077,187.06643456572,38.9721738678584,12.1923076923077
2020-11-21,2647,57,2486,49,161,8,2841,48,38179,344,41020,392,0,25,1,78,28,0,"Anderson",76978,439.086492244537,0.125441003528028,509.236405206682,74.0471303489309,12.5441003528028
2020-11-22,2703,56,2535,49,168,7,2898,57,38662,483,41560,540,0,25,1,79,31,3,"Anderson",76978,384.525448829536,0.112036651395252,701.49912962145,72.7480578866689,11.2036651395252
2020-11-23,2710,7,2541,6,169,1,2904,6,38684,22,41588,28,0,25,0,79,32,1,"Anderson",76978,329.964405414534,0.115873763542157,36.3740289433345,9.09350723583361,11.5873763542157
2020-11-24,2723,13,2553,12,170,1,2916,12,38841,157,41757,169,2,27,0,79,32,0,"Anderson",76978,326.067188027748,0.116851762433607,219.543246122269,16.8879420094053,11.6851762433607
2020-11-25,2751,28,2574,21,177,7,2937,21,38878,37,41815,58,1,28,0,79,32,0,"Anderson",76978,323.469043103224,0.131011608623549,75.3462028111928,36.3740289433345,13.1011608623549
2020-11-26,2796,45,2616,42,180,3,2982,45,39228,350,42210,395,0,28,1,80,33,1,"Anderson",76978,306.581101093819,0.127462340672074,513.133622593468,58.4582608017875,12.7462340672074
2020-11-27,2895,99,2706,90,189,9,3077,95,39654,426,42731,521,0,28,3,83,35,2,"Anderson",76978,396.217100989893,0.135045173561579,676.816752838473,128.608173763933,13.5045173561579
2020-11-28,2926,31,2731,25,195,6,3107,30,39797,143,42904,173,1,29,2,85,35,0,"Anderson",76978,362.441216971083,0.141188959660297,224.739535971316,40.2712463301203,14.1188959660297
2020-11-29,3017,91,2820,89,197,2,3203,96,40234,437,43437,533,0,29,1,86,35,0,"Anderson",76978,407.908753150251,0.162493340436867,692.405622385617,118.215594065837,16.2493340436867
2020-11-30,3087,70,2886,66,201,4,3276,73,40486,252,43762,325,0,29,0,86,37,2,"Anderson",76978,489.750318272753,0.171113155473781,422.198550235132,90.9350723583361,17.1113155473781
2020-12-01,3163,76,2952,66,211,10,3348,72,40916,430,44264,502,1,30,6,92,38,1,"Anderson",76978,571.591883395256,0.172317510969286,652.134376055496,98.7295071319078,17.2317510969286
2020-12-02,3178,15,2966,14,212,1,3364,16,41024,108,44388,124,0,30,0,92,38,0,"Anderson",76978,554.70394138585,0.165954139137194,161.084985320481,19.4860869339292,16.5954139137194
2020-12-03,3219,41,2995,29,224,12,3397,33,41249,225,44646,258,1,31,1,93,39,1,"Anderson",76978,549.507651536803,0.170361247947455,335.160695263582,53.2619709527397,17.0361247947455
2020-12-04,3286,67,3055,60,231,7,3460,63,41407,158,44867,221,1,32,0,93,39,0,"Anderson",76978,507.93733274442,0.179307116104869,287.09501415989,87.0378549715503,17.9307116104869
2020-12-05,3317,31,3074,19,243,12,3478,18,41474,67,44952,85,0,32,0,93,39,0,"Anderson",76978,507.93733274442,0.18115234375,110.421159292265,40.2712463301203,18.115234375
2020-12-06,3353,36,3103,29,250,7,3506,28,41682,208,45188,236,0,32,2,95,40,1,"Anderson",76978,436.488347320014,0.173043974871502,306.581101093819,46.76660864143,17.3043974871502
2020-12-07,3493,140,3227,124,266,16,3642,136,42275,593,45917,729,2,34,4,99,41,1,"Anderson",76978,527.42341967835,0.169837587006961,947.023824988958,181.870144716672,16.9837587006961
2020-12-08,3564,71,3276,49,288,22,3694,52,42573,298,46267,350,1,35,2,101,43,2,"Anderson",76978,520.92805736704,0.172740888667,454.675361791681,92.2341448205981,17.2740888666999
2020-12-09,3669,105,3367,91,302,14,3798,104,42834,261,46632,365,0,35,3,104,44,1,"Anderson",76978,637.844578970615,0.193404634581105,474.16144872561,136.402608537504,19.3404634581105
2020-12-10,3763,94,3445,78,318,16,3885,87,43365,531,47250,618,3,38,3,107,45,1,"Anderson",76978,706.695419470498,0.187403993855607,802.826781677882,122.112811452623,18.7403993855607
2020-12-11,3836,73,3498,53,338,20,3936,51,43531,166,47467,217,1,39,2,109,45,0,"Anderson",76978,714.48985424407,0.183076923076923,281.898724310842,94.832289745122,18.3076923076923
2020-12-12,3924,88,3559,61,365,27,4001,65,44044,513,48045,578,0,39,2,111,45,0,"Anderson",76978,788.536984593001,0.169091496928548,750.863883187404,114.318376679051,16.9091496928548
2020-12-13,4156,232,3742,183,414,49,4205,204,44916,872,49121,1076,1,40,0,111,47,2,"Anderson",76978,1043.15518719634,0.177726926010679,1397.80196939385,301.384811244771,17.7726926010679
2020-12-14,4271,115,3828,86,443,29,4304,99,45206,290,49510,389,0,40,1,112,48,1,"Anderson",76978,1010.67837563979,0.184247147230726,505.339187819897,149.393333160124,18.4247147230726
2020-12-15,4406,135,3913,85,493,50,4400,96,45733,527,50133,623,1,41,6,118,51,3,"Anderson",76978,1093.81901322456,0.182617692705639,809.322143989192,175.374782405363,18.2617692705639
2020-12-16,4475,69,3943,30,532,39,4436,36,46056,323,50492,359,2,43,4,122,52,1,"Anderson",76978,1047.05240458313,0.165284974093264,466.367013952038,89.6359998960742,16.5284974093264
2020-12-17,4676,201,4117,174,559,27,4630,194,46584,528,51214,722,2,45,2,124,54,2,"Anderson",76978,1186.05315804516,0.187941473259334,937.930317753124,261.113564914651,18.7941473259334
2020-12-18,4774,98,4193,76,581,22,4717,87,46950,366,51667,453,1,46,2,126,54,0,"Anderson",76978,1218.5299696017,0.185952380952381,588.479825404661,127.309101301671,18.5952380952381
2020-12-19,4879,105,4274,81,605,24,4804,87,47208,258,52012,345,0,46,1,127,55,1,"Anderson",76978,1240.61420146016,0.202419964708848,448.179999480371,136.402608537504,20.2419964708848
2020-12-20,5019,140,4396,122,623,18,4941,137,47672,464,52613,601,2,48,3,130,56,1,"Anderson",76978,1121.09953493206,0.210767468499427,780.742549819429,181.870144716672,21.0767468499427
2020-12-21,5066,47,4414,18,652,29,4964,23,47892,220,52856,243,3,51,2,132,59,3,"Anderson",76978,1032.76260749825,0.197250448296473,315.674608329653,61.0564057263114,19.7250448296473
2020-12-22,5136,70,4458,44,678,26,5011,47,47998,106,53009,153,1,52,2,134,64,5,"Anderson",76978,948.32289745122,0.212447844228095,198.758086726078,90.9350723583361,21.2447844228095
2020-12-23,5210,74,4500,42,710,32,5054,43,48314,316,53368,359,2,54,2,136,66,2,"Anderson",76978,954.81825976253,0.214881780250348,466.367013952038,96.1313622073839,21.4881780250348
2020-12-24,5268,58,4524,24,744,34,5081,27,48466,152,53547,179,1,55,1,137,71,5,"Anderson",76978,769.050897659071,0.193313330475782,232.533970744888,75.3462028111928,19.3313330475782
2020-12-25,5361,93,4601,77,760,16,5173,92,48875,409,54048,501,0,55,1,138,72,1,"Anderson",76978,762.555535347762,0.191516169676606,650.835303593234,120.813738990361,19.1516169676606
2020-12-26,5417,56,4630,29,787,27,5201,28,48994,119,54195,147,0,55,3,141,74,2,"Anderson",76978,698.900984696926,0.181859825927623,190.963651952506,72.7480578866689,18.1859825927623
2020-12-27,5477,60,4667,37,810,23,5237,36,49130,136,54367,172,1,56,6,147,75,1,"Anderson",76978,594.975187715971,0.168757126567845,223.440463509055,77.9443477357167,16.8757126567845
2020-12-28,5524,47,4688,21,836,26,5257,20,49199,69,54456,89,2,58,4,151,82,7,"Anderson",76978,594.975187715971,0.183125,115.617449141313,61.0564057263114,18.3125
2020-12-29,5620,96,4740,52,880,44,5305,48,49294,95,54599,143,2,60,5,156,85,3,"Anderson",76978,628.751071734781,0.184905660377358,185.767362103458,124.710956377147,18.4905660377358
2020-12-30,5655,35,4758,18,897,17,5322,17,49422,128,54744,145,6,66,1,157,88,3,"Anderson",76978,578.087245706566,0.194767441860465,188.365507027982,45.4675361791681,19.4767441860465
2020-12-31,5818,163,4858,100,960,63,5424,102,49726,304,55150,406,6,72,1,158,93,5,"Anderson",76978,714.48985424407,0.213973799126638,527.42341967835,211.748811348697,21.3973799126638
2021-01-01,5883,65,4900,42,983,23,5479,55,50002,276,55481,331,0,72,2,160,94,1,"Anderson",76978,678.115825300735,0.213538032100488,429.992985008704,84.4397100470264,21.3538032100488
2021-01-02,5976,93,4941,41,1035,52,5520,41,50287,285,55807,326,0,72,2,162,96,2,"Anderson",76978,726.181506404427,0.197890818858561,423.497622697394,120.813738990361,19.7890818858561
2021-01-03,6001,25,4953,12,1048,13,5536,16,50339,52,55875,68,0,72,1,163,99,3,"Anderson",76978,680.713970225259,0.198275862068966,88.3369274338123,32.4768115565486,19.8275862068966
2021-01-04,6038,37,4977,24,1061,13,5567,31,50446,107,56013,138,1,73,0,163,104,5,"Anderson",76978,667.72324560264,0.199100834938985,179.271999792148,48.065681103692,19.9100834938985
2021-01-05,6110,72,5008,31,1102,41,5598,31,50564,118,56162,149,2,75,2,165,107,3,"Anderson",76978,636.545506508353,0.187460012795905,193.56179687703,93.53321728286,18.7460012795905
2021-01-06,6184,74,5048,40,1136,34,5641,43,50725,161,56366,204,5,80,2,167,109,2,"Anderson",76978,687.209332536569,0.196670776818742,265.010782301437,96.1313622073839,19.6670776818742
2021-01-07,6289,105,5128,80,1161,25,5733,92,50946,221,56679,313,1,81,1,168,112,3,"Anderson",76978,611.863129725376,0.202092871157619,406.609680687989,136.402608537504,20.2092871157619
2021-01-08,6372,83,5179,51,1193,32,5785,52,51145,199,56930,251,5,86,2,170,115,3,"Anderson",76978,635.246434046091,0.211180124223602,326.067188027748,107.823014367741,21.1180124223602
2021-01-09,6481,109,5247,68,1234,41,5860,75,51576,431,57436,506,2,88,0,170,117,2,"Anderson",76978,656.031593442282,0.208717004297115,657.330665904544,141.598898386552,20.8717004297115
2021-01-10,6541,60,5272,25,1269,35,5885,25,51670,94,57555,119,2,90,3,173,118,1,"Anderson",76978,701.49912962145,0.207738095238095,154.589623009171,77.9443477357167,20.7738095238095
2021-01-11,6574,33,5282,10,1292,23,5898,13,51741,71,57639,84,1,91,1,174,120,2,"Anderson",76978,696.302839772403,0.203567035670357,109.122086830003,42.8693912546442,20.3567035670357
2021-01-12,6627,53,5316,34,1311,19,5936,38,51913,172,57849,210,2,93,1,175,120,0,"Anderson",76978,671.620462989426,0.200355660936574,272.805217075008,68.8508404998831,20.0355660936574
2021-01-13,6653,26,5333,17,1320,9,5955,19,52003,90,57958,109,3,96,0,175,121,1,"Anderson",76978,609.264984800852,0.197236180904523,141.598898386552,33.7758840188106,19.7236180904523
2021-01-14,6750,97,5395,62,1355,35,6029,74,52410,407,58439,481,5,101,2,177,123,2,"Anderson",76978,598.872405102757,0.168181818181818,624.853854347995,126.010028839409,16.8181818181818
2021-01-15,6784,34,5415,20,1369,14,6053,24,52565,155,58618,179,0,101,1,178,126,3,"Anderson",76978,535.217854451921,0.158767772511848,232.533970744888,44.1684637169061,15.8767772511848
2021-01-16,6848,64,5445,30,1403,34,6086,33,52808,243,58894,276,1,102,1,179,129,3,"Anderson",76978,476.759593650134,0.155006858710562,358.543999584297,83.1406375847645,15.5006858710562
2021-01-17,6885,37,5465,20,1420,17,6109,23,52912,104,59021,127,0,102,0,179,131,2,"Anderson",76978,446.880927018109,0.152796725784447,164.982202707267,48.065681103692,15.2796725784447
2021-01-18,6904,19,5473,8,1431,11,6119,10,53008,96,59127,106,1,103,0,179,132,1,"Anderson",76978,428.693912546442,0.148521505376344,137.701680999766,24.682376782977,14.8521505376344
2021-01-19,6946,42,5490,17,1456,25,6139,20,53120,112,59259,132,1,104,0,179,134,2,"Anderson",76978,414.40411546156,0.143971631205674,171.477565018577,54.5610434150017,14.3971631205674
2021-01-20,6974,28,5506,16,1468,12,6158,19,53272,152,59430,171,3,107,0,179,137,3,"Anderson",76978,417.002260386084,0.137907608695652,222.141391046793,36.3740289433345,13.7907608695652
2021-01-21,7030,56,5546,40,1484,16,6197,39,53513,241,59710,280,5,112,2,181,138,1,"Anderson",76978,363.740289433345,0.132179386309992,363.740289433345,72.7480578866689,13.2179386309992
2021-01-22,7068,38,5564,18,1504,20,6219,22,53658,145,59877,167,2,114,0,181,141,3,"Anderson",76978,368.936579282392,0.131850675138999,216.945101197745,49.3647535659539,13.1850675138999
2021-01-23,7106,38,5578,14,1528,24,6232,13,53918,260,60150,273,0,114,1,182,141,0,"Anderson",76978,335.160695263582,0.116242038216561,354.646782197511,49.3647535659539,11.6242038216561
2021-01-24,7119,13,5590,12,1529,1,6246,14,53985,67,60231,81,0,114,0,182,143,2,"Anderson",76978,303.982956169295,0.113223140495868,105.224869443218,16.8879420094053,11.3223140495868
2021-01-25,7136,17,5601,11,1535,6,6257,11,54045,60,60302,71,2,116,1,183,145,2,"Anderson",76978,301.384811244771,0.117446808510638,92.2341448205981,22.0842318584531,11.7446808510638
2021-01-26,7163,27,5622,21,1541,6,6282,25,54208,163,60490,188,0,116,1,184,148,3,"Anderson",76978,281.898724310842,0.116165718927701,244.225622905246,35.0749564810725,11.6165718927701
2021-01-27,7180,17,5630,8,1550,9,6291,9,54294,86,60585,95,4,120,0,184,150,2,"Anderson",76978,267.608927225961,0.115151515151515,123.411883914885,22.0842318584531,11.5151515151515
2021-01-28,7267,87,5670,40,1597,47,6338,47,54520,226,60858,273,4,124,0,184,151,1,"Anderson",76978,307.880173556081,0.122822299651568,354.646782197511,113.019304216789,12.2822299651568
2021-01-29,7280,13,5674,4,1606,9,6343,5,54565,45,60908,50,1,125,1,185,151,0,"Anderson",76978,275.403361999532,0.120271580989331,64.9536231130973,16.8879420094053,12.0271580989331
2021-01-30,7320,40,5709,35,1611,5,6379,36,54824,259,61203,295,2,127,2,187,152,1,"Anderson",76978,278.001506924056,0.13960113960114,383.226376367274,51.9628984904778,13.960113960114
2021-01-31,7336,16,5716,7,1620,9,6390,11,54993,169,61383,180,1,128,0,187,154,2,"Anderson",76978,281.898724310842,0.125,233.83304320715,20.7851593961911,12.5
2021-02-01,7356,20,5729,13,1627,7,6403,13,55046,53,61449,66,1,129,1,188,156,2,"Anderson",76978,285.795941697628,0.127288578901482,85.7387825092884,25.9814492452389,12.7288578901482
2021-02-02,7363,7,5735,6,1628,1,6408,5,55114,68,61522,73,5,134,0,188,157,1,"Anderson",76978,259.814492452389,0.122093023255814,94.832289745122,9.09350723583361,12.2093023255814
2021-02-03,7385,22,5741,6,1644,16,6418,10,55306,192,61724,202,4,138,0,188,158,1,"Anderson",76978,266.309854763699,0.111501316944688,262.412637376913,28.5795941697628,11.1501316944688
2021-02-04,7416,31,5756,15,1660,16,6435,17,55630,324,62065,341,2,140,0,188,158,0,"Anderson",76978,193.56179687703,0.0803645401822701,442.983709631323,40.2712463301203,8.03645401822701
2021-02-05,7434,18,5767,11,1667,7,6452,17,55787,157,62239,174,2,142,0,188,159,1,"Anderson",76978,200.05715918834,0.081893313298272,226.038608433578,23.383304320715,8.1893313298272
2021-02-06,7460,26,5783,16,1677,10,6472,20,56009,222,62481,242,1,143,1,189,159,0,"Anderson",76978,181.870144716672,0.0727699530516432,314.375535867391,33.7758840188106,7.27699530516432
2021-02-07,7473,13,5790,7,1683,6,6480,8,56116,107,62596,115,0,143,0,189,159,0,"Anderson",76978,177.972927329886,0.0741962077493817,149.393333160124,16.8879420094053,7.41962077493817
2021-02-08,7498,25,5796,6,1702,19,6485,5,56138,22,62623,27,2,145,0,189,159,0,"Anderson",76978,184.468289641196,0.0698466780238501,35.0749564810725,32.4768115565486,6.98466780238501
2021-02-09,7522,24,5806,10,1716,14,6496,11,56307,169,62803,180,2,147,2,191,159,0,"Anderson",76978,206.552521499649,0.068696330991413,233.83304320715,31.1777390942867,6.8696330991413
2021-02-10,7547,25,5821,15,1726,10,6515,19,56502,195,63017,214,1,148,1,192,159,0,"Anderson",76978,210.449738886435,0.0750193348801237,278.001506924056,32.4768115565486,7.50193348801237
2021-02-11,7560,13,5829,8,1731,5,6526,11,56682,180,63208,191,-1,147,0,192,160,1,"Anderson",76978,187.06643456572,0.0796150481189851,248.122840292031,16.8879420094053,7.96150481189851
2021-02-12,7587,27,5844,15,1743,12,6541,15,56876,194,63417,209,0,147,0,192,160,0,"Anderson",76978,198.758086726078,0.0755517826825127,271.506144612746,35.0749564810725,7.55517826825127
2021-02-13,7614,27,5855,11,1759,16,6551,10,57065,189,63616,199,0,147,0,192,160,0,"Anderson",76978,200.05715918834,0.0696035242290749,258.515419990127,35.0749564810725,6.96035242290749
2021-02-14,7627,13,5864,9,1763,4,6562,11,57126,61,63688,72,2,149,0,192,160,0,"Anderson",76978,200.05715918834,0.0750915750915751,93.53321728286,16.8879420094053,7.50915750915751
2021-02-15,7643,16,5872,8,1771,8,6571,9,57199,73,63770,82,0,149,1,193,161,1,"Anderson",76978,188.365507027982,0.0749782040104621,106.523941905479,20.7851593961911,7.49782040104621
2021-02-16,7672,29,5886,14,1786,15,6588,17,57283,84,63871,101,0,149,0,193,161,0,"Anderson",76978,194.860869339292,0.0861423220973783,131.206318688456,37.6731014055964,8.61423220973783
2021-02-17,7691,19,5898,12,1793,7,6600,12,57391,108,63991,120,0,149,0,193,163,2,"Anderson",76978,187.06643456572,0.0872689938398357,155.888695471433,24.682376782977,8.72689938398357
2021-02-18,7715,24,5920,22,1795,2,6626,26,57547,156,64173,182,0,149,0,193,163,0,"Anderson",76978,201.356231650601,0.103626943005181,236.431188131674,31.1777390942867,10.3626943005181
2021-02-19,7728,13,5931,11,1797,2,6641,15,57593,46,64234,61,0,149,0,193,164,1,"Anderson",76978,183.169217178934,0.122399020807834,79.2434201979787,16.8879420094053,12.2399020807834
2021-02-20,7747,19,5938,7,1809,12,6650,9,57715,122,64365,131,1,150,0,193,165,1,"Anderson",76978,172.776637480839,0.132176234979973,170.178492556315,24.682376782977,13.2176234979973
2021-02-21,7759,12,5945,7,1814,5,6657,7,57779,64,64436,71,2,152,1,194,165,0,"Anderson",76978,171.477565018577,0.127005347593583,92.2341448205981,15.5888695471433,12.7005347593583
2021-02-22,7764,5,5947,2,1817,3,6663,6,57816,37,64479,43,1,153,0,194,166,1,"Anderson",76978,157.187767933695,0.129760225669958,55.8601158772636,6.49536231130973,12.9760225669958
2021-02-23,7788,24,5956,9,1832,15,6671,8,57959,143,64630,151,2,155,0,194,168,2,"Anderson",76978,150.692405622386,0.10935441370224,196.159941801554,31.1777390942867,10.935441370224
2021-02-24,7820,32,5975,19,1845,13,6694,23,58133,174,64827,197,0,155,0,194,168,0,"Anderson",76978,167.580347631791,0.11244019138756,255.917275065603,41.5703187923822,11.244019138756
2021-02-25,7837,17,5983,8,1854,9,6705,11,58260,127,64965,138,1,156,0,194,168,0,"Anderson",76978,158.486840395957,0.0997474747474748,179.271999792148,22.0842318584531,9.97474747474748
2021-02-26,7849,12,5991,8,1858,4,6714,9,58359,99,65073,108,0,156,0,194,168,0,"Anderson",76978,157.187767933695,0.0870083432657926,140.29982592429,15.5888695471433,8.70083432657926
2021-02-27,7858,9,5998,7,1860,2,6720,6,58451,92,65171,98,0,156,0,194,168,0,"Anderson",76978,144.197043311076,0.086848635235732,127.309101301671,11.6916521603575,8.6848635235732
2021-02-28,7872,14,6008,10,1864,4,6731,11,58521,70,65252,81,0,156,0,194,168,0,"Anderson",76978,146.7951882356,0.0906862745098039,105.224869443218,18.1870144716672,9.06862745098039
2021-03-01,7880,8,6013,5,1867,3,6738,7,58556,35,65294,42,0,156,0,194,169,1,"Anderson",76978,150.692405622386,0.0920245398773006,54.5610434150017,10.3925796980956,9.20245398773006
2021-03-02,7903,23,6024,11,1879,12,6748,10,58672,116,65420,126,1,157,1,195,169,0,"Anderson",76978,149.393333160124,0.0974683544303798,163.683130245005,29.8786666320247,9.74683544303798
2021-03-03,7936,33,6045,21,1891,12,6773,25,58788,116,65561,141,1,158,0,195,170,1,"Anderson",76978,150.692405622386,0.107629427792916,183.169217178934,42.8693912546442,10.7629427792916
2021-03-04,7961,25,6058,13,1903,12,6790,17,58951,163,65741,180,0,158,0,195,170,0,"Anderson",76978,161.084985320481,0.109536082474227,233.83304320715,32.4768115565486,10.9536082474227
2021-03-05,7994,33,6075,17,1919,16,6812,22,59085,134,65897,156,0,158,2,197,170,0,"Anderson",76978,188.365507027982,0.118932038834951,202.655304112863,42.8693912546442,11.8932038834951
2021-03-06,8004,10,6080,5,1924,5,6820,8,59174,89,65994,97,0,158,0,197,170,0,"Anderson",76978,189.664579490244,0.121506682867558,126.010028839409,12.9907246226195,12.1506682867558
2021-03-07,8010,6,6083,3,1927,3,6823,3,59213,39,66036,42,0,158,0,197,170,0,"Anderson",76978,179.271999792148,0.11734693877551,54.5610434150017,7.79443477357167,11.734693877551
2021-03-08,8026,16,6090,7,1936,9,6832,9,59290,77,66122,86,1,159,0,197,170,0,"Anderson",76978,189.664579490244,0.113526570048309,111.720231754527,20.7851593961911,11.3526570048309
2021-03-09,8047,21,6098,8,1949,13,6840,8,59355,65,66195,73,0,159,3,200,171,1,"Anderson",76978,187.06643456572,0.118709677419355,94.832289745122,27.2805217075008,11.8709677419355
2021-03-10,8069,22,6111,13,1958,9,6856,16,59512,157,66368,173,0,159,1,201,171,0,"Anderson",76978,172.776637480839,0.102850061957869,224.739535971316,28.5795941697628,10.2850061957869
2021-03-11,8092,23,6121,10,1971,13,6866,10,59609,97,66475,107,0,159,1,202,172,1,"Anderson",76978,170.178492556315,0.103542234332425,139.000753462028,29.8786666320247,10.3542234332425
2021-03-12,8112,20,6138,17,1974,3,6886,20,59715,106,66601,126,0,159,0,202,172,0,"Anderson",76978,153.29055054691,0.105113636363636,163.683130245005,25.9814492452389,10.5113636363636
2021-03-13,8123,11,6142,4,1981,7,6890,4,59791,76,66681,80,0,159,1,203,172,0,"Anderson",76978,154.589623009171,0.101892285298399,103.925796980956,14.2897970848814,10.1892285298399
2021-03-14,8129,6,6146,4,1983,2,6896,6,59827,36,66723,42,0,159,1,204,172,0,"Anderson",76978,154.589623009171,0.106259097525473,54.5610434150017,7.79443477357167,10.6259097525473
2021-03-15,8147,18,6152,6,1995,12,6902,6,59859,32,66761,38,0,159,1,205,172,0,"Anderson",76978,157.187767933695,0.109546165884194,49.3647535659539,23.383304320715,10.9546165884194
2021-03-16,8180,33,6165,13,2015,20,6917,15,59952,93,66869,108,0,159,2,207,172,0,"Anderson",76978,172.776637480839,0.114243323442137,140.29982592429,42.8693912546442,11.4243323442136
2021-03-17,8198,18,6177,12,2021,6,6930,13,60039,87,66969,100,0,159,0,207,173,1,"Anderson",76978,167.580347631791,0.123128119800333,129.907246226195,23.383304320715,12.3128119800333
2021-03-18,8214,16,6189,12,2025,4,6945,15,60120,81,67065,96,1,160,0,207,173,0,"Anderson",76978,158.486840395957,0.133898305084746,124.710956377147,20.7851593961911,13.3898305084746
2021-03-19,8238,24,6203,14,2035,10,6958,13,60239,119,67197,132,0,160,1,208,173,0,"Anderson",76978,163.683130245005,0.120805369127517,171.477565018577,31.1777390942867,12.0805369127517
2021-03-20,8250,12,6209,6,2041,6,6966,8,60278,39,67244,47,0,160,1,209,173,0,"Anderson",76978,164.982202707267,0.134991119005329,61.0564057263114,15.5888695471433,13.4991119005329
2021-03-21,8260,10,6215,6,2045,4,6973,7,60340,62,67313,69,-1,159,0,209,173,0,"Anderson",76978,170.178492556315,0.130508474576271,89.6359998960742,12.9907246226195,13.0508474576271
2021-03-22,8266,6,6216,1,2050,5,6974,1,60406,66,67380,67,0,159,1,210,173,0,"Anderson",76978,154.589623009171,0.116316639741519,87.0378549715503,7.79443477357167,11.6316639741519
2021-03-23,8272,6,6217,1,2055,5,6975,1,60449,43,67424,44,0,159,0,210,174,1,"Anderson",76978,119.514666528099,0.104504504504505,57.1591883395256,7.79443477357167,10.4504504504505
2021-03-24,8280,8,6224,7,2056,1,6982,7,60569,120,67551,127,1,160,0,210,174,0,"Anderson",76978,106.523941905479,0.0893470790378007,164.982202707267,10.3925796980956,8.93470790378007
2021-03-25,8290,10,6229,5,2061,5,6988,6,60670,101,67658,107,0,160,0,210,174,0,"Anderson",76978,98.7295071319078,0.0725126475548061,139.000753462028,12.9907246226195,7.25126475548061
2021-03-26,8307,17,6241,12,2066,5,6999,11,60736,66,67735,77,0,160,0,210,175,1,"Anderson",76978,89.6359998960742,0.0762081784386617,100.02857959417,22.0842318584531,7.62081784386617
2021-03-27,8311,4,6245,4,2066,0,7005,6,60800,64,67805,70,1,161,2,212,175,0,"Anderson",76978,79.2434201979786,0.0695187165775401,90.9350723583361,5.19628984904778,6.95187165775401
2021-03-28,8314,3,6245,0,2069,3,7005,0,60829,29,67834,29,1,162,0,212,176,1,"Anderson",76978,70.149912962145,0.0614203454894434,37.6731014055964,3.89721738678583,6.14203454894434
2021-03-29,8329,15,6249,4,2080,11,7009,4,60915,86,67924,90,1,163,0,212,177,1,"Anderson",76978,81.8415651225025,0.0643382352941176,116.916521603575,19.4860869339292,6.43382352941176
2021-03-30,8334,5,6252,3,2082,2,7012,3,60973,58,67985,61,1,164,0,212,177,0,"Anderson",76978,80.5424926602406,0.0659536541889483,79.2434201979787,6.49536231130973,6.59536541889483
2021-03-31,8357,23,6266,14,2091,9,7028,16,61137,164,68165,180,1,165,1,213,177,0,"Anderson",76978,100.02857959417,0.0749185667752443,233.83304320715,29.8786666320247,7.49185667752443
2021-04-01,8367,10,6271,5,2096,5,7032,4,61194,57,68226,61,0,165,0,213,177,0,"Anderson",76978,100.02857959417,0.0774647887323944,79.2434201979787,12.9907246226195,7.74647887323944
2021-04-02,8375,8,6277,6,2098,2,7040,8,61264,70,68304,78,0,165,0,213,177,0,"Anderson",76978,88.3369274338123,0.0720562390158172,101.327652056432,10.3925796980956,7.20562390158172
2021-04-03,8381,6,6282,5,2099,1,7046,6,61314,50,68360,56,0,165,0,213,177,0,"Anderson",76978,90.9350723583361,0.0738738738738739,72.7480578866689,7.79443477357167,7.38738738738739
2021-04-04,8383,2,6284,2,2099,0,7048,2,61352,38,68400,40,0,165,0,213,177,0,"Anderson",76978,89.6359998960742,0.0759717314487632,51.9628984904778,2.59814492452389,7.59717314487632
2021-04-05,8397,14,6287,3,2110,11,7050,2,61410,58,68460,60,0,165,2,215,177,0,"Anderson",76978,88.3369274338123,0.0764925373134328,77.9443477357167,18.1870144716672,7.64925373134328
2021-04-06,8402,5,6291,4,2111,1,7056,6,61452,42,68508,48,0,165,0,215,177,0,"Anderson",76978,88.3369274338123,0.0841300191204589,62.3554781885734,6.49536231130973,8.41300191204589
2021-04-07,8422,20,6304,13,2118,7,7070,14,61610,158,68680,172,0,165,2,217,177,0,"Anderson",76978,84.4397100470264,0.0815533980582524,223.440463509055,25.9814492452389,8.15533980582524
2021-04-08,8425,3,6306,2,2119,1,7073,3,61701,91,68774,94,5,170,1,218,177,0,"Anderson",76978,75.3462028111928,0.0748175182481752,122.112811452623,3.89721738678583,7.48175182481752
2021-04-09,8433,8,6312,6,2121,2,7082,9,61788,87,68870,96,-4,166,0,218,177,0,"Anderson",76978,75.3462028111928,0.0742049469964664,124.710956377147,10.3925796980956,7.42049469964664
2021-04-10,8438,5,6317,5,2121,0,7087,5,61859,71,68946,76,0,166,0,218,177,0,"Anderson",76978,74.0471303489309,0.0699658703071672,98.7295071319078,6.49536231130973,6.99658703071672
2021-04-11,8445,7,6322,5,2123,2,7092,5,61903,44,68995,49,-1,165,0,218,177,0,"Anderson",76978,80.5424926602406,0.0739495798319328,63.6545506508353,9.09350723583361,7.39495798319328
2021-04-12,8448,3,6325,3,2123,0,7095,3,61972,69,69067,72,0,165,0,218,177,0,"Anderson",76978,66.2526955753592,0.0741350906095552,93.53321728286,3.89721738678583,7.41350906095552
2021-04-13,8458,10,6330,5,2128,5,7101,6,62033,61,69134,67,5,170,0,218,177,0,"Anderson",76978,72.7480578866689,0.0718849840255591,87.0378549715503,12.9907246226195,7.18849840255591
2021-04-14,8472,14,6339,9,2133,5,7112,11,62171,138,69283,149,0,170,0,218,177,0,"Anderson",76978,64.9536231130973,0.0696517412935323,193.56179687703,18.1870144716672,6.96517412935323
2021-04-15,8481,9,6344,5,2137,4,7117,5,62252,81,69369,86,0,170,0,218,177,0,"Anderson",76978,72.7480578866689,0.0739495798319328,111.720231754527,11.6916521603575,7.39495798319328
2021-04-16,8494,13,6355,11,2139,2,7130,13,62405,153,69535,166,0,170,0,218,177,0,"Anderson",76978,79.2434201979786,0.0721804511278196,215.646028735483,16.8879420094053,7.21804511278196
2021-04-17,8499,5,6358,3,2141,2,7134,4,62470,65,69604,69,0,170,0,218,177,0,"Anderson",76978,79.2434201979786,0.0714285714285714,89.6359998960742,6.49536231130973,7.14285714285714
2021-04-18,8506,7,6364,6,2142,1,7140,6,62515,45,69655,51,0,170,0,218,177,0,"Anderson",76978,79.2434201979786,0.0727272727272727,66.2526955753592,9.09350723583361,7.27272727272727
2021-04-19,8512,6,6367,3,2145,3,7143,3,62538,23,69681,26,0,170,0,218,178,1,"Anderson",76978,83.1406375847645,0.0781758957654723,33.7758840188106,7.79443477357167,7.81758957654723
2021-04-20,8518,6,6370,3,2148,3,7146,3,62637,99,69783,102,0,170,0,218,178,0,"Anderson",76978,77.9443477357167,0.0693374422187981,132.505391150718,7.79443477357167,6.93374422187981
2021-04-21,8530,12,6376,6,2154,6,7152,6,62791,154,69943,160,1,171,0,218,178,0,"Anderson",76978,75.3462028111928,0.0606060606060606,207.851593961911,15.5888695471433,6.06060606060606
2021-04-22,8548,18,6382,6,2166,12,7159,7,62935,144,70094,151,0,171,0,218,178,0,"Anderson",76978,87.0378549715503,0.0579310344827586,196.159941801554,23.383304320715,5.79310344827586
2021-04-23,8558,10,6387,5,2171,5,7165,6,63100,165,70265,171,0,171,0,218,178,0,"Anderson",76978,83.1406375847645,0.047945205479452,222.141391046793,12.9907246226195,4.7945205479452
2021-04-24,8570,12,6393,6,2177,6,7172,7,63167,67,70339,74,0,171,1,219,178,0,"Anderson",76978,92.2341448205981,0.0517006802721088,96.1313622073839,15.5888695471433,5.17006802721088
2021-04-25,8574,4,6395,2,2179,2,7174,2,63207,40,70381,42,0,171,0,219,178,0,"Anderson",76978,88.3369274338123,0.046831955922865,54.5610434150017,5.19628984904778,4.6831955922865
2021-04-26,8583,9,6399,4,2184,5,7178,4,63282,75,70460,79,0,171,0,219,179,1,"Anderson",76978,92.2341448205981,0.0449293966623877,102.626724518694,11.6916521603575,4.49293966623877
2021-04-27,8593,10,6405,6,2188,4,7184,6,63350,68,70534,74,0,171,0,219,179,0,"Anderson",76978,97.4304346696459,0.0505992010652463,96.1313622073839,12.9907246226195,5.05992010652463
2021-04-28,8610,17,6417,12,2193,5,7197,13,63488,138,70685,151,0,171,1,220,180,1,"Anderson",76978,103.925796980956,0.0606469002695418,196.159941801554,22.0842318584531,6.06469002695418
2021-04-29,8616,6,6419,2,2197,4,7200,3,63637,149,70837,152,0,171,0,220,180,0,"Anderson",76978,88.3369274338123,0.0551816958277254,197.459014263816,7.79443477357167,5.51816958277254
2021-04-30,8623,7,6422,3,2201,4,7204,4,63759,122,70963,126,0,171,0,220,180,0,"Anderson",76978,84.4397100470264,0.0558739255014327,163.683130245005,9.09350723583361,5.58739255014327
2021-05-01,8628,5,6425,3,2203,2,7207,3,63822,63,71029,66,0,171,1,221,180,0,"Anderson",76978,75.3462028111928,0.0507246376811594,85.7387825092884,6.49536231130973,5.07246376811594
2021-05-02,8631,3,6426,1,2205,2,7208,1,63873,51,71081,52,0,171,0,221,180,0,"Anderson",76978,74.0471303489309,0.0485714285714286,67.5517680376211,3.89721738678583,4.85714285714286
2021-05-03,8641,10,6431,5,2210,5,7213,5,63979,106,71192,111,0,171,0,221,180,0,"Anderson",76978,75.3462028111928,0.0478142076502732,144.197043311076,12.9907246226195,4.78142076502732
2021-05-04,8643,2,6431,0,2212,2,7214,1,64055,76,71269,77,0,171,0,221,180,0,"Anderson",76978,64.9536231130973,0.0408163265306122,100.02857959417,2.59814492452389,4.08163265306122
2021-05-05,8651,8,6435,4,2216,4,7217,3,64172,117,71389,120,0,171,0,221,180,0,"Anderson",76978,53.2619709527397,0.0284090909090909,155.888695471433,10.3925796980956,2.84090909090909
2021-05-06,8656,5,6438,3,2218,2,7223,6,64224,52,71447,58,0,171,1,222,180,0,"Anderson",76978,51.9628984904778,0.0377049180327869,75.3462028111928,6.49536231130973,3.77049180327869
2021-05-07,8661,5,6440,2,2221,3,7226,3,64344,120,71570,123,0,171,0,222,180,0,"Anderson",76978,49.3647535659539,0.0362438220757825,159.785912858219,6.49536231130973,3.62438220757825
2021-05-08,8667,6,6443,3,2224,3,7228,2,64413,69,71641,71,0,171,1,223,181,1,"Anderson",76978,50.6638260282159,0.0343137254901961,92.2341448205981,7.79443477357167,3.43137254901961
2021-05-09,8668,1,6443,0,2225,1,7229,1,64441,28,71670,29,0,171,0,223,181,0,"Anderson",76978,48.065681103692,0.0356536502546689,37.6731014055964,1.29907246226194,3.56536502546689
2021-05-10,8673,5,6443,0,2230,5,7229,0,64529,88,71758,88,0,171,0,223,181,0,"Anderson",76978,41.5703187923822,0.0282685512367491,114.318376679051,6.49536231130973,2.82685512367491
2021-05-11,8681,8,6444,1,2237,7,7231,2,64571,42,71802,44,0,171,0,223,182,1,"Anderson",76978,49.3647535659539,0.0318949343339587,57.1591883395256,10.3925796980956,3.18949343339587
2021-05-12,8694,13,6451,7,2243,6,7237,6,64674,103,71911,109,0,171,2,225,182,0,"Anderson",76978,55.8601158772636,0.0383141762452107,141.598898386552,16.8879420094053,3.83141762452107
2021-05-13,8698,4,6453,2,2245,2,7239,2,64777,103,72016,105,0,171,2,227,182,0,"Anderson",76978,54.5610434150017,0.0281195079086116,136.402608537504,5.19628984904778,2.81195079086116
2021-05-14,8706,8,6456,3,2250,5,7244,5,64864,87,72108,92,0,171,0,227,182,0,"Anderson",76978,58.4582608017875,0.033457249070632,119.514666528099,10.3925796980956,3.3457249070632
2021-05-15,8711,5,6458,2,2253,3,7246,2,64929,65,72175,67,0,171,0,227,182,0,"Anderson",76978,57.1591883395256,0.0337078651685393,87.0378549715503,6.49536231130973,3.37078651685393
2021-05-16,8713,2,6459,1,2254,1,7247,1,64965,36,72212,37,0,171,0,227,182,0,"Anderson",76978,58.4582608017875,0.033210332103321,48.065681103692,2.59814492452389,3.3210332103321
2021-05-17,8719,6,6464,5,2255,1,7252,5,65024,59,72276,64,1,172,0,227,182,0,"Anderson",76978,59.7573332640495,0.0444015444015444,83.1406375847645,7.79443477357167,4.44015444015444
2021-05-18,8723,4,6464,0,2259,4,7252,0,65115,91,72367,91,0,172,1,228,182,0,"Anderson",76978,54.5610434150017,0.0371681415929204,118.215594065837,5.19628984904778,3.71681415929204
2021-05-19,8730,7,6469,5,2261,2,7258,6,65233,118,72491,124,0,172,0,228,182,0,"Anderson",76978,46.76660864143,0.0362068965517241,161.084985320481,9.09350723583361,3.62068965517241
2021-05-20,8732,2,6471,2,2261,0,7260,2,65352,119,72612,121,0,172,0,228,182,0,"Anderson",76978,44.1684637169061,0.0352348993288591,157.187767933695,2.59814492452389,3.52348993288591
2021-05-21,8734,2,6471,0,2263,2,7260,0,65422,70,72682,70,0,172,0,228,182,0,"Anderson",76978,36.3740289433345,0.0278745644599303,90.9350723583361,2.59814492452389,2.78745644599303
2021-05-22,8739,5,6473,2,2266,3,7262,2,65462,40,72724,42,0,172,0,228,182,0,"Anderson",76978,36.3740289433345,0.029143897996357,54.5610434150017,6.49536231130973,2.9143897996357
2021-05-23,8739,0,6473,0,2266,0,7262,0,65491,29,72753,29,0,172,0,228,182,0,"Anderson",76978,33.7758840188106,0.0277264325323475,37.6731014055964,0,2.77264325323475
2021-05-24,8747,8,6477,4,2270,4,7265,3,65550,59,72815,62,0,172,0,228,182,0,"Anderson",76978,36.3740289433345,0.0241187384044527,80.5424926602406,10.3925796980956,2.41187384044527
2021-05-25,8749,2,6477,0,2272,2,7266,1,65595,45,72861,46,0,172,0,228,182,0,"Anderson",76978,33.7758840188106,0.0283400809716599,59.7573332640495,2.59814492452389,2.83400809716599
2021-05-26,8756,7,6482,5,2274,2,7272,6,65695,100,72967,106,0,172,0,228,182,0,"Anderson",76978,33.7758840188106,0.0294117647058824,137.701680999766,9.09350723583361,2.94117647058824
2021-05-27,8758,2,6483,1,2275,1,7273,1,65745,50,73018,51,0,172,1,229,182,0,"Anderson",76978,33.7758840188106,0.0320197044334975,66.2526955753592,2.59814492452389,3.20197044334975
2021-05-28,8763,5,6487,4,2276,1,7278,5,65828,83,73106,88,0,172,0,229,182,0,"Anderson",76978,37.6731014055964,0.0424528301886792,114.318376679051,6.49536231130973,4.24528301886792
2021-05-29,8764,1,6487,0,2277,1,7278,0,65865,37,73143,37,0,172,0,229,182,0,"Anderson",76978,32.4768115565486,0.0381861575178998,48.065681103692,1.29907246226194,3.81861575178998
2021-05-30,8767,3,6488,1,2279,2,7279,1,65915,50,73194,51,0,172,0,229,182,0,"Anderson",76978,36.3740289433345,0.0385487528344671,66.2526955753592,3.89721738678583,3.85487528344671
2021-05-31,8771,4,6491,3,2280,1,7282,3,65966,51,73248,54,0,172,0,229,182,0,"Anderson",76978,31.1777390942867,0.0392609699769053,70.149912962145,5.19628984904778,3.92609699769053
2021-06-01,8774,3,6493,2,2281,1,7283,1,66014,48,73297,49,0,172,1,230,182,0,"Anderson",76978,32.4768115565486,0.0389908256880734,63.6545506508353,3.89721738678583,3.89908256880734
2021-06-02,8778,4,6494,1,2284,3,7285,2,66055,41,73340,43,0,172,0,230,182,0,"Anderson",76978,28.5795941697628,0.0348525469168901,55.8601158772636,5.19628984904778,3.48525469168901
2021-06-03,8779,1,6494,0,2285,1,7288,3,66144,89,73432,92,1,173,0,230,183,1,"Anderson",76978,27.2805217075008,0.036231884057971,119.514666528099,1.29907246226194,3.6231884057971
2021-06-04,8780,1,6495,1,2285,0,7290,2,66197,53,73487,55,-1,172,0,230,183,0,"Anderson",76978,22.0842318584531,0.031496062992126,71.448985424407,1.29907246226194,3.1496062992126
2021-06-05,8781,1,6496,1,2285,0,7291,1,66254,57,73545,58,0,172,0,230,183,0,"Anderson",76978,22.0842318584531,0.0323383084577114,75.3462028111928,1.29907246226194,3.23383084577114
2021-06-06,8781,0,6496,0,2285,0,7291,0,66279,25,73570,25,0,172,0,230,183,0,"Anderson",76978,18.1870144716672,0.0319148936170213,32.4768115565486,0,3.19148936170213
2021-06-07,8782,1,6496,0,2286,1,7291,0,66343,64,73634,64,0,172,0,230,183,0,"Anderson",76978,14.2897970848814,0.0233160621761658,83.1406375847645,1.29907246226194,2.33160621761658
2021-06-08,8783,1,6496,0,2287,1,7291,0,66380,37,73671,37,0,172,1,231,184,1,"Anderson",76978,11.6916521603575,0.0213903743315508,48.065681103692,1.29907246226194,2.13903743315508
2021-06-09,8783,0,6496,0,2287,0,7291,0,66461,81,73752,81,0,172,0,231,184,0,"Anderson",76978,6.49536231130972,0.0145631067961165,105.224869443218,0,1.45631067961165
2021-06-10,8787,4,6497,1,2290,3,7292,1,66518,57,73810,58,0,172,0,231,184,0,"Anderson",76978,10.3925796980956,0.0105820105820106,75.3462028111928,5.19628984904778,1.05820105820106
2021-06-11,8788,1,6497,0,2291,1,7293,1,66573,55,73866,56,1,173,0,231,184,0,"Anderson",76978,10.3925796980956,0.0079155672823219,72.7480578866689,1.29907246226194,0.79155672823219
2021-06-12,8789,1,6497,0,2292,1,7294,1,66628,55,73922,56,2,175,0,231,184,0,"Anderson",76978,10.3925796980956,0.00795755968169761,72.7480578866689,1.29907246226194,0.795755968169761
2021-06-13,8790,1,6497,0,2293,1,7295,1,66666,38,73961,39,0,175,0,231,184,0,"Anderson",76978,11.6916521603575,0.010230179028133,50.6638260282159,1.29907246226194,1.0230179028133
2021-06-14,8792,2,6499,2,2293,0,7297,2,66752,86,74049,88,0,175,0,231,184,0,"Anderson",76978,12.9907246226194,0.0144578313253012,114.318376679051,2.59814492452389,1.44578313253012
2021-06-15,8792,0,6499,0,2293,0,7298,1,66783,31,74081,32,0,175,0,231,184,0,"Anderson",76978,11.6916521603575,0.0170731707317073,41.5703187923822,0,1.70731707317073
2021-06-16,8793,1,6500,1,2293,0,7299,1,66826,43,74125,44,0,175,0,231,184,0,"Anderson",76978,12.9907246226194,0.0214477211796247,57.1591883395256,1.29907246226194,2.14477211796247
2021-06-17,8793,0,6500,0,2293,0,7299,0,66912,86,74211,86,0,175,0,231,184,0,"Anderson",76978,7.79443477357167,0.0174563591022444,111.720231754527,0,1.74563591022444
2021-06-18,8795,2,6501,1,2294,1,7303,4,66962,50,74265,54,0,175,0,231,184,0,"Anderson",76978,9.09350723583361,0.025062656641604,70.149912962145,2.59814492452389,2.5062656641604
2021-06-19,8795,0,6501,0,2294,0,7303,0,67010,48,74313,48,0,175,0,231,184,0,"Anderson",76978,7.79443477357167,0.0230179028132992,62.3554781885734,0,2.30179028132992
2021-06-20,8795,0,6501,0,2294,0,7304,1,67033,23,74337,24,0,175,0,231,184,0,"Anderson",76978,6.49536231130972,0.023936170212766,31.1777390942867,0,2.3936170212766
2021-06-21,8796,1,6501,0,2295,1,7304,0,67073,40,74377,40,0,175,0,231,184,0,"Anderson",76978,5.19628984904778,0.0213414634146341,51.9628984904778,1.29907246226194,2.13414634146341
2021-06-22,8800,4,6502,1,2298,3,7304,0,67115,42,74419,42,0,175,1,232,184,0,"Anderson",76978,10.3925796980956,0.0177514792899408,54.5610434150017,5.19628984904778,1.77514792899408
2021-06-23,8801,1,6503,1,2298,0,7305,1,67163,48,74468,49,0,175,0,232,184,0,"Anderson",76978,10.3925796980956,0.0174927113702624,63.6545506508353,1.29907246226194,1.74927113702624
2021-06-24,8801,0,6503,0,2298,0,7306,1,67207,44,74513,45,0,175,0,232,184,0,"Anderson",76978,10.3925796980956,0.0231788079470199,58.4582608017875,0,2.31788079470199
2021-06-25,8802,1,6504,1,2298,0,7307,1,67243,36,74550,37,0,175,0,232,184,0,"Anderson",76978,9.09350723583361,0.0140350877192982,48.065681103692,1.29907246226194,1.40350877192982
2021-06-26,8803,1,6505,1,2298,0,7308,1,67276,33,74584,34,0,175,0,232,184,0,"Anderson",76978,10.3925796980956,0.018450184501845,44.1684637169061,1.29907246226194,1.8450184501845
2021-06-27,8803,0,6505,0,2298,0,7308,0,67308,32,74616,32,0,175,0,232,184,0,"Anderson",76978,10.3925796980956,0.014336917562724,41.5703187923822,0,1.4336917562724
2021-06-28,8804,1,6505,0,2299,1,7309,1,67324,16,74633,17,0,175,0,232,184,0,"Anderson",76978,10.3925796980956,0.01953125,22.0842318584531,1.29907246226194,1.953125
2021-06-29,8807,3,6508,3,2299,0,7312,3,67382,58,74694,61,0,175,0,232,184,0,"Anderson",76978,9.09350723583361,0.0290909090909091,79.2434201979787,3.89721738678583,2.90909090909091
2021-06-30,8807,0,6508,0,2299,0,7312,0,67428,46,74740,46,0,175,0,232,184,0,"Anderson",76978,7.79443477357167,0.0257352941176471,59.7573332640495,0,2.57352941176471
2021-07-01,8808,1,6509,1,2299,0,7313,1,67465,37,74778,38,0,175,0,232,184,0,"Anderson",76978,9.09350723583361,0.0264150943396226,49.3647535659539,1.29907246226194,2.64150943396226
2021-07-02,8808,0,6509,0,2299,0,7313,0,67508,43,74821,43,0,175,0,232,184,0,"Anderson",76978,7.79443477357167,0.022140221402214,55.8601158772636,0,2.2140221402214
2021-07-03,8808,0,6509,0,2299,0,7313,0,67529,21,74842,21,0,175,0,232,184,0,"Anderson",76978,6.49536231130972,0.0193798449612403,27.2805217075008,0,1.93798449612403
2021-07-04,8809,1,6509,0,2300,1,7314,1,67554,25,74868,26,0,175,0,232,184,0,"Anderson",76978,7.79443477357167,0.0238095238095238,33.7758840188106,1.29907246226194,2.38095238095238
2021-07-05,8809,0,6509,0,2300,0,7315,1,67569,15,74884,16,0,175,0,232,184,0,"Anderson",76978,6.49536231130972,0.0239043824701195,20.7851593961911,0,2.39043824701195
2021-07-06,8810,1,6509,0,2301,1,7315,0,67599,30,74914,30,1,176,0,232,184,0,"Anderson",76978,3.89721738678583,0.0136363636363636,38.9721738678584,1.29907246226194,1.36363636363636
2021-07-07,8811,1,6509,0,2302,1,7315,0,67645,46,74960,46,0,176,0,232,184,0,"Anderson",76978,5.19628984904778,0.0136363636363636,59.7573332640495,1.29907246226194,1.36363636363636
2021-07-08,8812,1,6510,1,2302,0,7316,1,67686,41,75002,42,0,176,0,232,184,0,"Anderson",76978,5.19628984904778,0.0133928571428571,54.5610434150017,1.29907246226194,1.33928571428571
2021-07-09,8814,2,6511,1,2303,1,7317,1,67730,44,75047,45,0,176,0,232,184,0,"Anderson",76978,7.79443477357167,0.0176991150442478,58.4582608017875,2.59814492452389,1.76991150442478
2021-07-10,8816,2,6512,1,2304,1,7318,1,67752,22,75070,23,0,176,1,233,184,0,"Anderson",76978,10.3925796980956,0.0219298245614035,29.8786666320247,2.59814492452389,2.19298245614035
2021-07-11,8816,0,6512,0,2304,0,7318,0,67767,15,75085,15,0,176,0,233,184,0,"Anderson",76978,9.09350723583361,0.0184331797235023,19.4860869339292,0,1.84331797235023
2021-07-12,8824,8,6516,4,2308,4,7322,4,67803,36,75125,40,0,176,1,234,184,0,"Anderson",76978,19.4860869339292,0.029045643153527,51.9628984904778,10.3925796980956,2.9045643153527
2021-07-13,8825,1,6516,0,2309,1,7322,0,67824,21,75146,21,0,176,0,234,186,2,"Anderson",76978,19.4860869339292,0.0301724137931034,27.2805217075008,1.29907246226194,3.01724137931034
2021-07-14,8830,5,6521,5,2309,0,7327,5,67877,53,75204,58,0,176,1,235,186,0,"Anderson",76978,24.682376782977,0.0491803278688525,75.3462028111928,6.49536231130973,4.91803278688525
2021-07-15,8833,3,6524,3,2309,0,7329,2,67910,33,75239,35,0,176,0,235,186,0,"Anderson",76978,27.2805217075008,0.0548523206751055,45.4675361791681,3.89721738678583,5.48523206751055
2021-07-16,8843,10,6526,2,2317,8,7330,1,67938,28,75268,29,0,176,0,235,186,0,"Anderson",76978,37.6731014055964,0.0588235294117647,37.6731014055964,12.9907246226195,5.88235294117647
2021-07-17,8848,5,6527,1,2321,4,7331,1,67974,36,75305,37,0,176,0,235,186,0,"Anderson",76978,41.5703187923822,0.0553191489361702,48.065681103692,6.49536231130973,5.53191489361702
2021-07-18,8851,3,6529,2,2322,1,7333,2,67994,20,75327,22,0,176,0,235,186,0,"Anderson",76978,45.4675361791681,0.0619834710743802,28.5795941697628,3.89721738678583,6.19834710743802
2021-07-19,8856,5,6533,4,2323,1,7337,4,68028,34,75365,38,0,176,0,235,186,0,"Anderson",76978,41.5703187923822,0.0625,49.3647535659539,6.49536231130973,6.25
2021-07-20,8871,15,6544,11,2327,4,7348,11,68063,35,75411,46,0,176,1,236,186,0,"Anderson",76978,59.7573332640495,0.0981132075471698,59.7573332640495,19.4860869339292,9.81132075471698
2021-07-21,8878,7,6548,4,2330,3,7353,5,68148,85,75501,90,0,176,0,236,187,1,"Anderson",76978,62.3554781885734,0.0875420875420875,116.916521603575,9.09350723583361,8.75420875420875
2021-07-22,8888,10,6553,5,2335,5,7357,4,68203,55,75560,59,0,176,0,236,187,0,"Anderson",76978,71.448985424407,0.0872274143302181,76.6452752734548,12.9907246226195,8.72274143302181
2021-07-23,8898,10,6557,4,2341,6,7362,5,68274,71,75636,76,0,176,0,236,187,0,"Anderson",76978,71.448985424407,0.0869565217391304,98.7295071319078,12.9907246226195,8.69565217391304
2021-07-24,8906,8,6561,4,2345,4,7366,4,68328,54,75694,58,0,176,0,236,188,1,"Anderson",76978,75.3462028111928,0.089974293059126,75.3462028111928,10.3925796980956,8.9974293059126
2021-07-25,8911,5,6564,3,2347,2,7367,1,68350,22,75717,23,0,176,0,236,188,0,"Anderson",76978,77.9443477357167,0.0871794871794872,29.8786666320247,6.49536231130973,8.71794871794872
2021-07-26,8934,23,6573,9,2361,14,7375,8,68400,50,75775,58,2,178,0,236,188,0,"Anderson",76978,101.327652056432,0.0926829268292683,75.3462028111928,29.8786666320247,9.26829268292683
2021-07-27,8949,15,6578,5,2371,10,7380,5,68453,53,75833,58,0,178,0,236,188,0,"Anderson",76978,101.327652056432,0.0758293838862559,75.3462028111928,19.4860869339292,7.58293838862559
2021-07-28,8969,20,6586,8,2383,12,7392,12,68536,83,75928,95,0,178,0,236,188,0,"Anderson",76978,118.215594065837,0.0913348946135831,123.411883914885,25.9814492452389,9.13348946135831
2021-07-29,8981,12,6596,10,2385,2,7404,12,68585,49,75989,61,0,178,0,236,188,0,"Anderson",76978,120.813738990361,0.10955710955711,79.2434201979787,15.5888695471433,10.955710955711
2021-07-30,9012,31,6617,21,2395,10,7427,23,68633,48,76060,71,0,178,1,237,188,0,"Anderson",76978,148.094260697862,0.153301886792453,92.2341448205981,40.2712463301203,15.3301886792453
2021-07-31,9025,13,6623,6,2402,7,7433,6,68675,42,76108,48,0,178,0,237,188,0,"Anderson",76978,154.589623009171,0.161835748792271,62.3554781885734,16.8879420094053,16.1835748792271
2021-08-01,9044,19,6635,12,2409,7,7448,15,68714,39,76162,54,0,178,0,237,188,0,"Anderson",76978,172.776637480839,0.182022471910112,70.149912962145,24.682376782977,18.2022471910112
2021-08-02,9055,11,6640,5,2415,6,7453,5,68793,79,76246,84,0,178,0,237,188,0,"Anderson",76978,157.187767933695,0.165605095541401,109.122086830003,14.2897970848814,16.5605095541401
2021-08-03,9078,23,6651,11,2427,12,7466,13,68865,72,76331,85,0,178,1,238,188,0,"Anderson",76978,167.580347631791,0.172690763052209,110.421159292265,29.8786666320247,17.2690763052209
2021-08-04,9104,26,6673,22,2431,4,7487,21,68967,102,76454,123,0,178,0,238,188,0,"Anderson",76978,175.374782405363,0.180608365019011,159.785912858219,33.7758840188106,18.0608365019011
2021-08-05,9134,30,6689,16,2445,14,7503,16,69064,97,76567,113,0,178,1,239,188,0,"Anderson",76978,198.758086726078,0.171280276816609,146.7951882356,38.9721738678584,17.1280276816609
2021-08-06,9159,25,6705,16,2454,9,7521,18,69207,143,76728,161,0,178,1,240,188,0,"Anderson",76978,190.963651952506,0.140718562874251,209.150666424173,32.4768115565486,14.0718562874251
2021-08-07,9172,13,6711,6,2461,7,7528,7,69282,75,76810,82,0,178,0,240,188,0,"Anderson",76978,190.963651952506,0.135327635327635,106.523941905479,16.8879420094053,13.5327635327635
2021-08-08,9186,14,6719,8,2467,6,7538,10,69334,52,76872,62,0,178,0,240,188,0,"Anderson",76978,184.468289641196,0.126760563380282,80.5424926602406,18.1870144716672,12.6760563380282
2021-08-09,9222,36,6738,19,2484,17,7557,19,69433,99,76990,118,0,178,0,240,188,0,"Anderson",76978,216.945101197745,0.139784946236559,153.29055054691,46.76660864143,13.9784946236559
2021-08-10,9261,39,6758,20,2503,19,7577,20,69533,100,77110,120,0,178,2,242,188,0,"Anderson",76978,237.730260593936,0.142490372272144,155.888695471433,50.6638260282159,14.2490372272144
2021-08-11,9315,54,6782,24,2533,30,7606,29,69665,132,77271,161,0,178,1,243,188,0,"Anderson",76978,274.10428953727,0.145654834761322,209.150666424173,70.149912962145,14.5654834761322
2021-08-12,9363,48,6818,36,2545,12,7643,37,69832,167,77475,204,0,178,0,243,190,2,"Anderson",76978,297.487593857985,0.154185022026432,265.010782301437,62.3554781885734,15.4185022026432
2021-08-13,9426,63,6853,35,2573,28,7681,38,69946,114,77627,152,2,180,1,244,191,1,"Anderson",76978,346.852347423939,0.17797552836485,197.459014263816,81.8415651225025,17.797552836485
2021-08-14,9476,50,6888,35,2588,15,7713,32,70132,186,77845,218,0,180,0,244,191,0,"Anderson",76978,394.918028527631,0.178743961352657,283.197796773104,64.9536231130973,17.8743961352657
2021-08-15,9499,23,6901,13,2598,10,7728,15,70221,89,77949,104,0,180,0,244,191,0,"Anderson",76978,406.609680687989,0.176415970287837,135.103536075242,29.8786666320247,17.6415970287837
2021-08-16,9537,38,6925,24,2612,14,7752,24,70310,89,78062,113,0,180,0,244,192,1,"Anderson",76978,409.207825612513,0.181902985074627,146.7951882356,49.3647535659539,18.1902985074627
2021-08-17,9580,43,6946,21,2634,22,7776,24,70418,108,78194,132,1,181,0,244,192,0,"Anderson",76978,414.40411546156,0.183579335793358,171.477565018577,55.8601158772636,18.3579335793358
2021-08-18,9632,52,6973,27,2659,25,7807,31,70529,111,78336,142,0,181,0,244,193,1,"Anderson",76978,411.805970537037,0.188732394366197,184.468289641196,67.5517680376211,18.8732394366197
2021-08-19,9706,74,7006,33,2700,41,7842,35,70681,152,78523,187,0,181,0,244,193,0,"Anderson",76978,445.581854555847,0.189885496183206,242.926550442984,96.1313622073839,18.9885496183206
2021-08-20,9766,60,7048,42,2718,18,7886,44,70875,194,78761,238,0,181,2,246,193,0,"Anderson",76978,441.684637169061,0.180776014109347,309.179246018343,77.9443477357167,18.0776014109347
2021-08-21,9848,82,7082,34,2766,48,7920,34,71149,274,79069,308,0,181,1,247,193,0,"Anderson",76978,483.254955961444,0.169117647058824,400.114318376679,106.523941905479,16.9117647058824
2021-08-22,9870,22,7103,21,2767,1,7948,28,71305,156,79253,184,0,181,0,247,193,0,"Anderson",76978,481.955883499182,0.168711656441718,239.029333056198,28.5795941697628,16.8711656441718
2021-08-23,9918,48,7117,14,2801,34,7965,17,71440,135,79405,152,0,181,2,249,194,1,"Anderson",76978,494.946608121801,0.158600148920328,197.459014263816,62.3554781885734,15.8600148920328
2021-08-24,9962,44,7144,27,2818,17,7989,24,71526,86,79515,110,1,182,0,249,195,1,"Anderson",76978,496.245680584063,0.161241483724451,142.897970848814,57.1591883395256,16.1241483724451
2021-08-25,10033,71,7170,26,2863,45,8011,22,71570,44,79581,66,0,182,1,250,195,0,"Anderson",76978,520.92805736704,0.163855421686747,85.7387825092884,92.2341448205981,16.3855421686747
2021-08-26,10101,68,7206,36,2895,32,8055,44,71742,172,79797,216,1,183,2,252,196,1,"Anderson",76978,513.133622593468,0.167189952904239,280.59965184858,88.3369274338123,16.7189952904239
2021-08-27,10176,75,7261,55,2915,20,8116,61,71919,177,80035,238,0,183,0,252,196,0,"Anderson",76978,532.619709527397,0.180533751962323,309.179246018343,97.4304346696459,18.0533751962323
2021-08-28,10233,57,7291,30,2942,27,8155,39,72123,204,80278,243,0,183,0,252,196,0,"Anderson",76978,500.142897970849,0.194375516956162,315.674608329653,74.0471303489309,19.4375516956162
2021-08-29,10296,63,7339,48,2957,15,8207,52,72334,211,80541,263,0,183,1,253,197,1,"Anderson",76978,553.404868923589,0.201086956521739,341.656057574892,81.8415651225025,20.1086956521739
2021-08-30,10367,71,7385,46,2982,25,8255,48,72560,226,80815,274,0,183,3,256,197,0,"Anderson",76978,583.283535555613,0.205673758865248,355.945854659773,92.2341448205981,20.5673758865248
2021-08-31,10500,133,7466,81,3034,52,8341,86,72817,257,81158,343,0,183,0,256,198,1,"Anderson",76978,698.900984696926,0.214242239805234,445.581854555847,172.776637480839,21.4242239805234
2021-09-01,10530,30,7488,22,3042,8,8365,24,72908,91,81273,115,0,183,0,256,199,1,"Anderson",76978,645.639013744187,0.209219858156028,149.393333160124,38.9721738678584,20.9219858156028
2021-09-02,10589,59,7514,26,3075,33,8394,29,73009,101,81403,130,1,184,0,256,199,0,"Anderson",76978,633.947361583829,0.211083437110834,168.879420094053,76.6452752734548,21.1083437110834
2021-09-03,10618,29,7532,18,3086,11,8412,18,73082,73,81494,91,0,184,0,256,199,0,"Anderson",76978,574.19002831978,0.202878684030158,118.215594065837,37.6731014055964,20.2878684030158
2021-09-04,10724,106,7601,69,3123,37,8487,75,73403,321,81890,396,0,184,1,257,199,0,"Anderson",76978,637.844578970615,0.205955334987593,514.43269505573,137.701680999766,20.5955334987593
2021-09-05,10836,112,7675,74,3161,38,8563,76,73707,304,82270,380,0,184,1,258,200,1,"Anderson",76978,701.49912962145,0.205899363794101,493.647535659539,145.496115773338,20.5899363794101
2021-09-06,10951,115,7752,77,3199,38,8650,87,74114,407,82764,494,0,184,3,261,201,1,"Anderson",76978,758.658317960976,0.202668034889687,641.741796357401,149.393333160124,20.2668034889687
2021-09-07,10988,37,7772,20,3216,17,8668,18,74213,99,82881,117,0,184,0,261,201,0,"Anderson",76978,633.947361583829,0.189785258270459,151.991478084648,48.065681103692,18.9785258270458
2021-09-08,11029,41,7803,31,3226,10,8700,32,74320,107,83020,139,0,184,2,263,204,3,"Anderson",76978,648.23715866871,0.191757298225529,180.57107225441,53.2619709527397,19.175729822553
2021-09-09,11087,58,7824,21,3263,37,8718,18,74526,206,83244,224,0,184,1,264,207,3,"Anderson",76978,646.938086206449,0.175991309071157,290.992231546676,75.3462028111928,17.5991309071157
2021-09-10,11239,152,7897,73,3342,79,8799,81,74818,292,83617,373,1,185,2,266,208,1,"Anderson",76978,806.723999064668,0.182289213377296,484.554028423705,197.459014263816,18.2289213377296
2021-09-11,11354,115,7959,62,3395,53,8868,69,75164,346,84032,415,0,185,1,267,208,0,"Anderson",76978,818.415651225025,0.177871148459384,539.115071838707,149.393333160124,17.7871148459384
2021-09-12,11392,38,7991,32,3401,6,8903,35,75307,143,84210,178,0,185,4,271,209,1,"Anderson",76978,722.284289017641,0.175257731958763,231.234898282626,49.3647535659539,17.5257731958763
2021-09-13,11480,88,8025,34,3455,54,8937,34,75437,130,84374,164,4,189,3,274,209,0,"Anderson",76978,687.209332536569,0.178260869565217,213.047883810959,114.318376679051,17.8260869565217
2021-09-14,11540,60,8055,30,3485,30,8972,35,75596,159,84568,194,1,190,1,275,209,0,"Anderson",76978,717.087999168594,0.180201541197392,252.020057678817,77.9443477357167,18.0201541197392
2021-09-15,11579,39,8071,16,3508,23,8986,14,75657,61,84643,75,0,190,1,276,210,1,"Anderson",76978,714.48985424407,0.176216882316697,97.4304346696459,50.6638260282159,17.6216882316697
2021-09-16,11665,86,8126,55,3539,31,9042,56,75879,222,84921,278,0,190,1,277,210,0,"Anderson",76978,750.863883187404,0.193202146690519,361.142144508821,111.720231754527,19.3202146690519
2021-09-17,11737,72,8167,41,3570,31,9079,37,76042,163,85121,200,0,190,1,278,214,4,"Anderson",76978,646.938086206449,0.186170212765957,259.814492452389,93.53321728286,18.6170212765957
2021-09-18,11789,52,8197,30,3592,22,9112,33,76196,154,85308,187,0,190,1,279,215,1,"Anderson",76978,565.096521083946,0.191222570532915,242.926550442984,67.5517680376211,19.1222570532915
2021-09-19,11812,23,8206,9,3606,14,9122,10,76264,68,85386,78,0,190,0,279,215,0,"Anderson",76978,545.610434150017,0.186224489795918,101.327652056432,29.8786666320247,18.6224489795918
2021-09-20,11875,63,8241,35,3634,28,9158,36,76450,186,85608,222,0,190,3,282,215,0,"Anderson",76978,513.133622593468,0.179092382495948,288.394086622152,81.8415651225025,17.9092382495948
2021-09-21,11928,53,8267,26,3661,27,9182,24,76568,118,85750,142,0,190,1,283,216,1,"Anderson",76978,504.040115357635,0.177664974619289,184.468289641196,68.8508404998831,17.7664974619289
2021-09-22,11979,51,8301,34,3678,17,9222,40,76840,272,86062,312,0,190,0,283,219,3,"Anderson",76978,519.628984904778,0.16631430584919,405.310608225727,66.2526955753592,16.631430584919
2021-09-23,12054,75,8349,48,3705,27,9273,51,77048,208,86321,259,2,192,1,284,219,0,"Anderson",76978,505.339187819897,0.165,336.459767725844,97.4304346696459,16.5
2021-09-24,12094,40,8370,21,3724,19,9298,25,77188,140,86486,165,2,194,1,285,222,3,"Anderson",76978,463.768869027514,0.16043956043956,214.346956273221,51.9628984904778,16.043956043956
2021-09-25,12104,10,8374,4,3730,6,9304,6,77283,95,86587,101,0,194,0,285,222,0,"Anderson",76978,409.207825612513,0.150117279124316,131.206318688456,12.9907246226195,15.0117279124316
2021-09-26,12122,18,8389,15,3733,3,9322,18,77420,137,86742,155,1,195,0,285,222,0,"Anderson",76978,402.712463301203,0.147492625368732,201.356231650601,23.383304320715,14.7492625368732
2021-09-27,12172,50,8410,21,3762,29,9344,22,77506,86,86850,108,1,196,1,286,223,1,"Anderson",76978,385.824521291798,0.14975845410628,140.29982592429,64.9536231130973,14.975845410628
2021-09-28,12221,49,8434,24,3787,25,9371,27,77601,95,86972,122,0,196,1,287,223,0,"Anderson",76978,380.62823144275,0.154664484451718,158.486840395957,63.6545506508353,15.4664484451718
2021-09-29,12257,36,8450,16,3807,20,9388,17,77792,191,87180,208,2,198,0,287,225,2,"Anderson",76978,361.142144508821,0.148479427549195,270.207072150485,46.76660864143,14.8479427549195
2021-09-30,12319,62,8488,38,3831,24,9428,40,77964,172,87392,212,0,198,1,288,226,1,"Anderson",76978,344.254202499415,0.144724556489262,275.403361999532,80.5424926602406,14.4724556489262
2021-10-01,12370,51,8515,27,3855,24,9457,29,78115,151,87572,180,0,198,1,289,227,1,"Anderson",76978,358.543999584297,0.146408839779006,233.83304320715,66.2526955753592,14.6408839779006
2021-10-02,12387,17,8522,7,3865,10,9463,6,78195,80,87658,86,1,199,0,289,229,2,"Anderson",76978,367.63750682013,0.148459383753501,111.720231754527,22.0842318584531,14.8459383753501
2021-10-03,12400,13,8531,9,3869,4,9472,9,78293,98,87765,107,4,203,0,289,229,0,"Anderson",76978,361.142144508821,0.146627565982405,139.000753462028,16.8879420094053,14.6627565982405
2021-10-04,12444,44,8554,23,3890,21,9498,26,78413,120,87911,146,1,204,0,289,231,2,"Anderson",76978,353.347709735249,0.145146088595664,189.664579490244,57.1591883395256,14.5146088595664
2021-10-05,12497,53,8583,29,3914,24,9528,30,78541,128,88069,158,2,206,0,289,232,1,"Anderson",76978,358.543999584297,0.143117593436645,205.253449037387,68.8508404998831,14.3117593436645
2021-10-06,12527,30,8606,23,3921,7,9554,26,78706,165,88260,191,1,207,0,289,233,1,"Anderson",76978,350.749564810725,0.153703703703704,248.122840292031,38.9721738678584,15.3703703703704
2021-10-07,12559,32,8628,22,3931,10,9579,25,78845,139,88424,164,0,207,0,289,235,2,"Anderson",76978,311.777390942867,0.146317829457364,213.047883810959,41.5703187923822,14.6317829457364
2021-10-08,12576,17,8633,5,3943,12,9589,10,78975,130,88564,140,1,208,1,290,235,0,"Anderson",76978,267.608927225961,0.133064516129032,181.870144716672,22.0842318584531,13.3064516129032
2021-10-09,12591,15,8636,3,3955,12,9596,7,79037,62,88633,69,0,208,0,290,236,1,"Anderson",76978,265.010782301437,0.136410256410256,89.6359998960742,19.4860869339292,13.6410256410256
2021-10-10,12601,10,8644,8,3957,2,9605,9,79124,87,88729,96,0,208,0,290,236,0,"Anderson",76978,261.113564914651,0.137966804979253,124.710956377147,12.9907246226195,13.7966804979253
2021-10-11,12641,40,8658,14,3983,26,9618,13,79225,101,88843,114,0,208,1,291,236,0,"Anderson",76978,255.917275065603,0.128755364806867,148.094260697862,51.9628984904778,12.8755364806867
2021-10-12,12676,35,8682,24,3994,11,9640,22,79324,99,88964,121,2,210,3,294,236,0,"Anderson",76978,232.533970744888,0.125139664804469,157.187767933695,45.4675361791681,12.5139664804469
2021-10-13,12702,26,8696,14,4006,12,9658,18,79436,112,89094,130,0,210,1,295,239,3,"Anderson",76978,227.33768089584,0.124700239808153,168.879420094053,33.7758840188106,12.4700239808153
2021-10-14,12721,19,8706,10,4015,9,9672,14,79539,103,89211,117,1,211,0,295,239,0,"Anderson",76978,210.449738886435,0.118170266836086,151.991478084648,24.682376782977,11.8170266836086
2021-10-15,12744,23,8718,12,4026,11,9685,13,79660,121,89345,134,0,211,1,296,239,0,"Anderson",76978,218.244173660007,0.12291933418694,174.075709943101,29.8786666320247,12.291933418694
2021-10-16,12752,8,8723,5,4029,3,9692,7,79715,55,89407,62,0,211,1,297,239,0,"Anderson",76978,209.150666424173,0.124031007751938,80.5424926602406,10.3925796980956,12.4031007751938
2021-10-17,12754,2,8724,1,4030,1,9693,1,79766,51,89459,52,0,211,0,297,239,0,"Anderson",76978,198.758086726078,0.120547945205479,67.5517680376211,2.59814492452389,12.0547945205479
2021-10-18,12778,24,8734,10,4044,14,9704,11,79834,68,89538,79,1,212,1,298,239,0,"Anderson",76978,177.972927329886,0.123741007194245,102.626724518694,31.1777390942867,12.3741007194245
2021-10-19,12807,29,8747,13,4060,16,9715,11,79945,111,89660,122,2,214,0,298,239,0,"Anderson",76978,170.178492556315,0.107758620689655,158.486840395957,37.6731014055964,10.7758620689655
2021-10-20,12842,35,8773,26,4069,9,9744,29,80056,111,89800,140,0,214,1,299,240,1,"Anderson",76978,181.870144716672,0.121813031161473,181.870144716672,45.4675361791681,12.1813031161473
2021-10-21,12874,32,8791,18,4083,14,9762,18,80149,93,89911,111,0,214,1,300,241,1,"Anderson",76978,198.758086726078,0.128571428571429,144.197043311076,41.5703187923822,12.8571428571429
2021-10-22,12883,9,8797,6,4086,3,9770,8,80225,76,89995,84,0,214,1,301,241,0,"Anderson",76978,180.57107225441,0.130769230769231,109.122086830003,11.6916521603575,13.0769230769231
2021-10-23,12900,17,8801,4,4099,13,9774,4,80278,53,90052,57,0,214,1,302,241,0,"Anderson",76978,192.262724414768,0.127131782945736,74.0471303489309,22.0842318584531,12.7131782945736
2021-10-24,12906,6,8806,5,4100,1,9781,7,80330,52,90111,59,0,214,0,302,242,1,"Anderson",76978,197.459014263816,0.134969325153374,76.6452752734548,7.79443477357167,13.4969325153374
2021-10-25,12930,24,8819,13,4111,11,9795,14,80401,71,90196,85,1,215,2,304,242,0,"Anderson",76978,197.459014263816,0.138297872340426,110.421159292265,31.1777390942867,13.8297872340426
2021-10-26,12942,12,8825,6,4117,6,9801,6,80465,64,90266,70,0,215,0,304,243,1,"Anderson",76978,175.374782405363,0.141914191419142,90.9350723583361,15.5888695471433,14.1914191419142
2021-10-27,12959,17,8835,10,4124,7,9814,13,80586,121,90400,134,1,216,2,306,245,2,"Anderson",76978,151.991478084648,0.116666666666667,174.075709943101,22.0842318584531,11.6666666666667
2021-10-28,12981,22,8849,14,4132,8,9831,17,80668,82,90499,99,1,217,0,306,246,1,"Anderson",76978,139.000753462028,0.11734693877551,128.608173763933,28.5795941697628,11.734693877551
2021-10-29,13002,21,8860,11,4142,10,9843,12,80782,114,90625,126,0,217,1,307,246,0,"Anderson",76978,154.589623009171,0.115873015873016,163.683130245005,27.2805217075008,11.5873015873016
2021-10-30,13014,12,8864,4,4150,8,9848,5,80869,87,90717,92,0,217,1,308,246,0,"Anderson",76978,148.094260697862,0.111278195488722,119.514666528099,15.5888695471433,11.1278195488722
2021-10-31,13017,3,8866,2,4151,1,9851,3,80908,39,90759,42,0,217,0,308,246,0,"Anderson",76978,144.197043311076,0.108024691358025,54.5610434150017,3.89721738678583,10.8024691358025
2021-11-01,13044,27,8871,5,4173,22,9855,4,80996,88,90851,92,1,218,1,309,247,1,"Anderson",76978,148.094260697862,0.0916030534351145,119.514666528099,35.0749564810725,9.16030534351145
2021-11-02,13064,20,8876,5,4188,15,9860,5,81072,76,90932,81,2,220,1,310,247,0,"Anderson",76978,158.486840395957,0.0885885885885886,105.224869443218,25.9814492452389,8.85885885885886
2021-11-03,13094,30,8894,18,4200,12,9878,18,81272,200,91150,218,1,221,0,310,247,0,"Anderson",76978,175.374782405363,0.0853333333333333,283.197796773104,38.9721738678584,8.53333333333333
2021-11-04,13116,22,8909,15,4207,7,9894,16,81405,133,91299,149,0,221,0,310,247,0,"Anderson",76978,175.374782405363,0.07875,193.56179687703,28.5795941697628,7.875
2021-11-05,13126,10,8912,3,4214,7,9895,1,81527,122,91422,123,0,221,0,310,247,0,"Anderson",76978,161.084985320481,0.0652446675031368,159.785912858219,12.9907246226195,6.52446675031368
2021-11-06,13135,9,8916,4,4219,5,9900,5,81614,87,91514,92,0,221,3,313,248,1,"Anderson",76978,157.187767933695,0.0652446675031368,119.514666528099,11.6916521603575,6.52446675031368
2021-11-07,13141,6,8921,5,4220,1,9906,6,81662,48,91568,54,0,221,0,313,248,0,"Anderson",76978,161.084985320481,0.0679851668726823,70.149912962145,7.79443477357167,6.79851668726823
2021-11-08,13166,25,8932,11,4234,14,9919,13,81750,88,91669,101,1,222,0,313,248,0,"Anderson",76978,158.486840395957,0.078239608801956,131.206318688456,32.4768115565486,7.8239608801956
2021-11-09,13189,23,8939,7,4250,16,9925,6,81908,158,91833,164,1,223,0,313,249,1,"Anderson",76978,162.384057782743,0.072142064372919,213.047883810959,29.8786666320247,7.2142064372919
2021-11-10,13207,18,8951,12,4256,6,9938,13,82024,116,91962,129,0,223,1,314,250,1,"Anderson",76978,146.7951882356,0.0738916256157636,167.580347631791,23.383304320715,7.38916256157635
2021-11-11,13230,23,8969,18,4261,5,9956,18,82214,190,92170,208,0,223,0,314,251,1,"Anderson",76978,148.094260697862,0.0711825487944891,270.207072150485,29.8786666320247,7.11825487944891
2021-11-12,13243,13,8977,8,4266,5,9964,8,82347,133,92311,141,0,223,1,315,251,0,"Anderson",76978,151.991478084648,0.077615298087739,183.169217178934,16.8879420094053,7.7615298087739
2021-11-13,13250,7,8981,4,4269,3,9968,4,82398,51,92366,55,3,226,1,316,252,1,"Anderson",76978,149.393333160124,0.07981220657277,71.448985424407,9.09350723583361,7.981220657277
2021-11-14,13252,2,8983,2,4269,0,9971,3,82477,79,92448,82,0,226,0,316,252,0,"Anderson",76978,144.197043311076,0.0738636363636364,106.523941905479,2.59814492452389,7.38636363636364
2021-11-15,13284,32,8997,14,4287,18,9985,14,82562,85,92547,99,0,226,0,316,253,1,"Anderson",76978,153.29055054691,0.0751708428246014,128.608173763933,41.5703187923822,7.51708428246014
2021-11-16,13309,25,9010,13,4299,12,9998,13,82688,126,92686,139,1,227,0,316,254,1,"Anderson",76978,155.888695471433,0.0855803048065651,180.57107225441,32.4768115565486,8.5580304806565
2021-11-17,13326,17,9019,9,4307,8,10007,9,82802,114,92809,123,0,227,2,318,256,2,"Anderson",76978,154.589623009171,0.0814639905548996,159.785912858219,22.0842318584531,8.14639905548996
2021-11-18,13349,23,9033,14,4316,9,10025,18,82937,135,92962,153,4,231,0,318,258,2,"Anderson",76978,154.589623009171,0.0871212121212121,198.758086726078,29.8786666320247,8.71212121212121
2021-11-19,13363,14,9039,6,4324,8,10032,7,83046,109,93078,116,1,232,0,318,258,0,"Anderson",76978,155.888695471433,0.0886571056062582,150.692405622386,18.1870144716672,8.86571056062582
2021-11-20,13372,9,9044,5,4328,4,10037,5,83139,93,93176,98,0,232,0,318,259,1,"Anderson",76978,158.486840395957,0.0851851851851852,127.309101301671,11.6916521603575,8.51851851851852
2021-11-21,13384,12,9050,6,4334,6,10043,6,83179,40,93222,46,0,232,0,318,259,0,"Anderson",76978,171.477565018577,0.0930232558139535,59.7573332640495,15.5888695471433,9.30232558139535
2021-11-22,13412,28,9067,17,4345,11,10061,18,83301,122,93362,140,1,233,0,318,259,0,"Anderson",76978,166.281275169529,0.0932515337423313,181.870144716672,36.3740289433345,9.32515337423313
2021-11-23,13429,17,9073,6,4356,11,10066,5,83398,97,93464,102,0,233,1,319,261,2,"Anderson",76978,155.888695471433,0.0874035989717224,132.505391150718,22.0842318584531,8.74035989717224
2021-11-24,13454,25,9089,16,4365,9,10078,12,83508,110,93586,122,1,234,1,320,261,0,"Anderson",76978,166.281275169529,0.0913770913770914,158.486840395957,32.4768115565486,9.13770913770914
2021-11-25,13459,5,9091,2,4368,3,10079,1,83553,45,93632,46,0,234,2,322,261,0,"Anderson",76978,142.897970848814,0.0805970149253731,59.7573332640495,6.49536231130973,8.05970149253731
2021-11-26,13466,7,9097,6,4369,1,10088,9,83596,43,93684,52,0,234,0,322,262,1,"Anderson",76978,133.80446361298,0.0924092409240924,67.5517680376211,9.09350723583361,9.24092409240924
2021-11-27,13471,5,9099,2,4372,3,10090,2,83632,36,93722,38,0,234,0,322,262,0,"Anderson",76978,128.608173763933,0.0970695970695971,49.3647535659539,6.49536231130973,9.70695970695971
2021-11-28,13481,10,9100,1,4381,9,10091,1,83670,38,93761,39,0,234,0,322,262,0,"Anderson",76978,126.010028839409,0.0890538033395176,50.6638260282159,12.9907246226195,8.90538033395176
2021-11-29,13508,27,9115,15,4393,12,10107,16,83749,79,93856,95,0,234,0,322,262,0,"Anderson",76978,124.710956377147,0.0931174089068826,123.411883914885,35.0749564810725,9.31174089068826
2021-11-30,13535,27,9129,14,4406,13,10119,12,83851,102,93970,114,0,234,1,323,262,0,"Anderson",76978,137.701680999766,0.104743083003953,148.094260697862,35.0749564810725,10.4743083003953
2021-12-01,13566,31,9147,18,4419,13,10137,18,83958,107,94095,125,0,234,2,325,262,0,"Anderson",76978,145.496115773338,0.115913555992141,162.384057782743,40.2712463301203,11.5913555992141
2021-12-02,13608,42,9171,24,4437,18,10163,26,84096,138,94259,164,0,234,0,325,265,3,"Anderson",76978,193.56179687703,0.133971291866029,213.047883810959,54.5610434150017,13.3971291866029
2021-12-03,13639,31,9189,18,4450,13,10182,19,84283,187,94465,206,1,235,1,326,265,0,"Anderson",76978,224.739535971316,0.120358514724712,267.608927225961,40.2712463301203,12.0358514724712
2021-12-04,13659,20,9202,13,4457,7,10196,14,84352,69,94548,83,0,235,0,326,265,0,"Anderson",76978,244.225622905246,0.128329297820823,107.823014367741,25.9814492452389,12.8329297820823
2021-12-05,13672,13,9204,2,4468,11,10198,2,84394,42,94592,44,0,235,0,326,265,0,"Anderson",76978,248.122840292031,0.128760529482551,57.1591883395256,16.8879420094053,12.8760529482551
2021-12-06,13707,35,9224,20,4483,15,10220,22,84496,102,94716,124,2,237,1,327,265,0,"Anderson",76978,258.515419990127,0.131395348837209,161.084985320481,45.4675361791681,13.1395348837209
2021-12-07,13736,29,9239,15,4497,14,10236,16,84591,95,94827,111,0,237,0,327,265,0,"Anderson",76978,261.113564914651,0.136522753792299,144.197043311076,37.6731014055964,13.6522753792299
2021-12-08,13763,27,9260,21,4503,6,10256,20,84712,121,94968,141,0,237,2,329,265,0,"Anderson",76978,255.917275065603,0.13631156930126,183.169217178934,35.0749564810725,13.631156930126
2021-12-09,13791,28,9276,16,4515,12,10273,17,84922,210,95195,227,0,237,1,330,265,0,"Anderson",76978,237.730260593936,0.117521367521368,294.889448933461,36.3740289433345,11.7521367521368
2021-12-10,13820,29,9293,17,4527,12,10290,17,85075,153,95365,170,0,237,2,332,265,0,"Anderson",76978,235.132115669412,0.12,220.842318584531,37.6731014055964,12
2021-12-11,13829,9,9298,5,4531,4,10296,6,85150,75,95446,81,0,237,0,332,266,1,"Anderson",76978,220.842318584531,0.111358574610245,105.224869443218,11.6916521603575,11.1358574610245
2021-12-12,13849,20,9309,11,4540,9,10308,12,85220,70,95528,82,0,237,0,332,266,0,"Anderson",76978,229.935825820364,0.117521367521368,106.523941905479,25.9814492452389,11.7521367521368
2021-12-13,13878,29,9315,6,4563,23,10315,7,85295,75,95610,82,0,237,0,332,269,3,"Anderson",76978,222.141391046793,0.106263982102908,106.523941905479,37.6731014055964,10.6263982102908
2021-12-14,13892,14,9320,5,4572,9,10321,6,85374,79,95695,85,3,240,1,333,269,0,"Anderson",76978,202.655304112863,0.097926267281106,110.421159292265,18.1870144716672,9.7926267281106
2021-12-15,13918,26,9334,14,4584,12,10336,15,85503,129,95839,144,0,240,0,333,270,1,"Anderson",76978,201.356231650601,0.0918484500574053,187.06643456572,33.7758840188106,9.18484500574053
2021-12-16,13946,28,9344,10,4602,18,10351,15,85598,95,95949,110,0,240,2,335,270,0,"Anderson",76978,201.356231650601,0.103448275862069,142.897970848814,36.3740289433345,10.3448275862069
2021-12-17,13977,31,9367,23,4610,8,10373,22,85753,155,96126,177,1,241,0,335,271,1,"Anderson",76978,203.954376575125,0.109067017082786,229.935825820364,40.2712463301203,10.9067017082786
2021-12-18,13988,11,9376,9,4612,2,10383,10,85835,82,96218,92,0,241,0,335,271,0,"Anderson",76978,206.552521499649,0.112694300518135,119.514666528099,14.2897970848814,11.2694300518135
2021-12-19,14002,14,9384,8,4618,6,10394,11,85915,80,96309,91,0,241,0,335,271,0,"Anderson",76978,198.758086726078,0.1101152368758,118.215594065837,18.1870144716672,11.01152368758
2021-12-20,14026,24,9400,16,4626,8,10408,14,86001,86,96409,100,0,241,0,335,272,1,"Anderson",76978,192.262724414768,0.11639549436796,129.907246226195,31.1777390942867,11.639549436796
2021-12-21,14054,28,9408,8,4646,20,10419,11,86082,81,96501,92,0,241,0,335,272,0,"Anderson",76978,210.449738886435,0.121588089330025,119.514666528099,36.3740289433345,12.1588089330025
2021-12-22,14102,48,9422,14,4680,34,10430,11,86197,115,96627,126,19,260,1,336,273,1,"Anderson",76978,239.029333056198,0.119289340101523,163.683130245005,62.3554781885734,11.9289340101523
2021-12-23,14129,27,9437,15,4692,12,10447,17,86297,100,96744,117,-1,259,1,337,274,1,"Anderson",76978,237.730260593936,0.120754716981132,151.991478084648,35.0749564810725,12.0754716981132
2021-12-24,14155,26,9452,15,4703,11,10464,17,86384,87,96848,104,0,259,1,338,274,0,"Anderson",76978,231.234898282626,0.126038781163435,135.103536075242,33.7758840188106,12.6038781163435
2021-12-25,14169,14,9459,7,4710,7,10474,10,86442,58,96916,68,1,260,0,338,275,1,"Anderson",76978,235.132115669412,0.130372492836676,88.3369274338123,18.1870144716672,13.0372492836676
2021-12-26,14180,11,9463,4,4717,7,10480,6,86486,44,96966,50,1,261,0,338,275,0,"Anderson",76978,231.234898282626,0.13089802130898,64.9536231130973,14.2897970848814,13.089802130898
2021-12-27,14227,47,9482,19,4745,28,10500,20,86590,104,97090,124,1,262,2,340,276,1,"Anderson",76978,261.113564914651,0.135095447870778,161.084985320481,61.0564057263114,13.5095447870778
2021-12-28,14314,87,9518,36,4796,51,10536,36,86699,109,97235,145,0,262,0,340,276,0,"Anderson",76978,337.758840188106,0.159400544959128,188.365507027982,113.019304216789,15.9400544959128
2021-12-29,14395,81,9562,44,4833,37,10583,47,86857,158,97440,205,2,264,0,340,276,0,"Anderson",76978,380.62823144275,0.188191881918819,266.309854763699,105.224869443218,18.8191881918819
2021-12-30,14487,92,9604,42,4883,50,10621,38,86976,119,97597,157,1,265,0,340,276,0,"Anderson",76978,465.067941489776,0.203985932004689,203.954376575125,119.514666528099,20.3985932004689
2021-12-31,14555,68,9645,41,4910,27,10666,45,87093,117,97759,162,0,265,0,340,277,1,"Anderson",76978,519.628984904778,0.221734357848518,210.449738886435,88.3369274338123,22.1734357848518
2022-01-01,14616,61,9679,34,4937,27,10703,37,87192,99,97895,136,0,265,0,340,277,0,"Anderson",76978,580.685390631089,0.23391215526047,176.673854867625,79.2434201979787,23.391215526047
2022-01-02,14648,32,9702,23,4946,9,10736,33,87308,116,98044,149,0,265,0,340,278,1,"Anderson",76978,607.96591233859,0.23747680890538,193.56179687703,41.5703187923822,23.747680890538
2022-01-03,14709,61,9723,21,4986,40,10759,23,87384,76,98143,99,1,266,0,340,278,0,"Anderson",76978,626.152926810257,0.245963912630579,128.608173763933,79.2434201979787,24.5963912630579
2022-01-04,14835,126,9788,65,5047,61,10822,63,87558,174,98380,237,1,267,0,340,279,1,"Anderson",76978,676.816752838473,0.249781659388646,307.880173556081,163.683130245005,24.9781659388646
2022-01-05,15002,167,9874,86,5128,81,10908,86,87704,146,98612,232,1,268,0,340,280,1,"Anderson",76978,788.536984593001,0.277303754266212,301.384811244771,216.945101197745,27.7303754266212
2022-01-06,15144,142,9946,72,5198,70,10979,71,87824,120,98803,191,1,269,1,341,280,0,"Anderson",76978,853.490607706098,0.296849087893864,248.122840292031,184.468289641196,29.6849087893864
2022-01-07,15285,141,10019,73,5266,68,11057,78,87964,140,99021,218,0,269,1,342,280,0,"Anderson",76978,948.32289745122,0.309825673534073,283.197796773104,183.169217178934,30.9825673534073
2022-01-08,15388,103,10061,42,5327,61,11102,45,88039,75,99141,120,0,269,2,344,282,2,"Anderson",76978,1002.88394086622,0.320224719101124,155.888695471433,133.80446361298,32.0224719101124
2022-01-09,15473,85,10117,56,5356,29,11164,62,88182,143,99346,205,0,269,1,345,282,0,"Anderson",76978,1071.7347813661,0.328725038402458,266.309854763699,110.421159292265,32.8725038402458
2022-01-10,15628,155,10191,74,5437,81,11242,78,88295,113,99537,191,1,270,3,348,284,2,"Anderson",76978,1193.84759281873,0.34648493543759,248.122840292031,201.356231650601,34.648493543759
2022-01-11,15803,175,10300,109,5503,66,11344,102,88436,141,99780,243,0,270,0,348,285,1,"Anderson",76978,1257.50214346956,0.372857142857143,315.674608329653,227.33768089584,37.2857142857143
2022-01-12,16059,256,10463,163,5596,93,11508,164,88627,191,100135,355,0,270,1,349,285,0,"Anderson",76978,1373.11959261088,0.393959290873276,461.17072410299,332.562550339058,39.3959290873276
2022-01-13,16290,231,10614,151,5676,80,11663,155,88859,232,100522,387,4,274,0,349,285,0,"Anderson",76978,1488.73704175219,0.397905759162304,502.741042895373,300.085738782509,39.7905759162304
2022-01-14,16544,254,10757,143,5787,111,11812,149,89015,156,100827,305,2,276,1,350,285,0,"Anderson",76978,1635.53222998779,0.418050941306755,396.217100989893,329.964405414534,41.8050941306755
2022-01-15,16641,97,10816,59,5825,38,11874,62,89133,118,101007,180,1,277,2,352,285,0,"Anderson",76978,1627.73779521422,0.413719185423365,233.83304320715,126.010028839409,41.3719185423366
2022-01-16,16793,152,10944,128,5849,24,12007,133,89330,197,101337,330,0,277,1,353,285,0,"Anderson",76978,1714.77565018577,0.42340532395781,428.693912546442,197.459014263816,42.340532395781
2022-01-17,16973,180,11056,112,5917,68,12123,116,89449,119,101572,235,0,277,2,355,285,0,"Anderson",76978,1747.25246174232,0.432923832923833,305.282028631557,233.83304320715,43.2923832923833
2022-01-18,17188,215,11195,139,5993,76,12265,142,89586,137,101851,279,0,277,0,355,287,2,"Anderson",76978,1799.21536023279,0.44471269917914,362.441216971083,279.300579386318,44.471269917914
2022-01-19,17490,302,11406,211,6084,91,12479,214,89806,220,102285,434,3,280,0,355,287,0,"Anderson",76978,1858.97269349684,0.451627906976744,563.797448621684,392.319883603107,45.1627906976744
2022-01-20,17787,297,11648,242,6139,55,12740,261,89963,157,102703,418,1,281,2,357,288,1,"Anderson",76978,1944.71147600613,0.493810178817056,543.012289225493,385.824521291798,49.3810178817056
2022-01-21,18033,246,11863,215,6170,31,12965,225,90182,219,103147,444,2,283,1,358,290,2,"Anderson",76978,1934.31889630804,0.49698275862069,576.788173244304,319.571825716438,49.698275862069
2022-01-22,18161,128,11955,92,6206,36,13069,104,90301,119,103370,223,0,283,0,358,290,0,"Anderson",76978,1974.59014263816,0.505713076597545,289.693159084414,166.281275169529,50.5713076597546
2022-01-23,18289,128,12066,111,6223,17,13183,114,90408,107,103591,221,0,283,0,358,291,1,"Anderson",76978,1943.41240354387,0.521739130434783,287.09501415989,166.281275169529,52.1739130434783
2022-01-24,18556,267,12216,150,6340,117,13344,161,90586,178,103930,339,1,284,1,359,292,1,"Anderson",76978,2056.43170776066,0.517811704834606,440.385564706799,346.852347423939,51.7811704834606
2022-01-25,18740,184,12349,133,6391,51,13489,145,90706,120,104195,265,1,285,0,359,293,1,"Anderson",76978,2016.16046143054,0.522184300341297,344.254202499415,239.029333056198,52.2184300341297
2022-01-26,18945,205,12503,154,6442,51,13655,166,90858,152,104513,318,1,286,1,360,293,0,"Anderson",76978,1890.15043259113,0.527827648114901,413.105042999298,266.309854763699,52.7827648114901
2022-01-27,19166,221,12675,172,6491,49,13833,178,91078,220,104911,398,0,286,0,360,293,0,"Anderson",76978,1791.42092545922,0.495018115942029,517.030839980254,287.09501415989,49.5018115942029
2022-01-28,19356,190,12813,138,6543,52,13977,144,91241,163,105218,307,1,287,1,361,294,1,"Anderson",76978,1718.67286757255,0.488652824722356,398.815245914417,246.82376782977,48.8652824722356
2022-01-29,19499,143,12913,100,6586,43,14082,105,91358,117,105440,222,0,287,0,361,296,2,"Anderson",76978,1738.15895450648,0.489371980676328,288.394086622152,185.767362103458,48.9371980676328
2022-01-30,19565,66,12959,46,6606,20,14132,50,91449,91,105581,141,0,287,1,362,297,1,"Anderson",76978,1657.61646184624,0.476884422110553,183.169217178934,85.7387825092884,47.6884422110553
2022-01-31,19760,195,13079,120,6681,75,14272,140,91599,150,105871,290,4,291,1,363,299,2,"Anderson",76978,1564.08324456338,0.478104070066976,376.731014055964,253.319130141079,47.8104070066976
2022-02-01,19923,163,13174,95,6749,68,14379,107,91719,120,106098,227,1,292,1,364,299,0,"Anderson",76978,1536.80272285588,0.46768260641093,294.889448933461,211.748811348697,46.768260641093
2022-02-02,20067,144,13261,87,6806,57,14472,93,91860,141,106332,234,1,293,0,364,300,1,"Anderson",76978,1457.5593026579,0.449147883452446,303.982956169295,187.06643456572,44.9147883452446
2022-02-03,20699,632,13352,91,7347,541,14570,98,92068,208,106638,306,2,295,1,365,302,2,"Anderson",76978,1991.47808464756,0.426751592356688,397.516173452155,821.013796149549,42.6751592356688
2022-02-04,20845,146,13462,110,7383,36,14680,110,92192,124,106872,234,0,295,0,365,305,3,"Anderson",76978,1934.31889630804,0.42503022974607,303.982956169295,189.664579490244,42.503022974607
2022-02-05,20894,49,13488,26,7406,23,14710,30,92268,76,106978,106,0,295,0,365,306,1,"Anderson",76978,1812.20608485541,0.408322496749025,137.701680999766,63.6545506508353,40.8322496749025
2022-02-06,20953,59,13532,44,7421,15,14759,49,92342,74,107101,123,0,295,1,366,308,2,"Anderson",76978,1803.11257761958,0.4125,159.785912858219,76.6452752734548,41.25
2022-02-07,21037,84,13583,51,7454,33,14815,56,92444,102,107259,158,3,298,0,366,309,1,"Anderson",76978,1658.9155343085,0.391210374639769,205.253449037387,109.122086830003,39.1210374639769
2022-02-08,21122,85,13630,47,7492,38,14872,57,92541,97,107413,154,0,298,0,366,309,0,"Anderson",76978,1557.58788225207,0.37490494296578,200.05715918834,110.421159292265,37.490494296578
2022-02-09,21221,99,13694,64,7527,35,14946,74,92648,107,107594,181,0,298,0,366,310,1,"Anderson",76978,1499.12962145028,0.375594294770206,235.132115669412,128.608173763933,37.5594294770206
2022-02-10,21309,88,13744,50,7565,38,15000,54,92774,126,107774,180,2,300,0,366,311,1,"Anderson",76978,792.434201979786,0.378521126760563,233.83304320715,114.318376679051,37.8521126760563
2022-02-11,21368,59,13786,42,7582,17,15045,45,92876,102,107921,147,1,301,0,366,311,0,"Anderson",76978,679.414897762997,0.347950428979981,190.963651952506,76.6452752734548,34.7950428979981
2022-02-12,21399,31,13809,23,7590,8,15070,25,92938,62,108008,87,0,301,1,367,311,0,"Anderson",76978,656.031593442282,0.349514563106796,113.019304216789,40.2712463301203,34.9514563106796
2022-02-13,21420,21,13823,14,7597,7,15085,15,92985,47,108070,62,0,301,0,367,312,1,"Anderson",76978,606.666839876328,0.336429308565531,80.5424926602406,27.2805217075008,33.6429308565531
2022-02-14,21471,51,13850,27,7621,24,15121,36,93042,57,108163,93,1,302,0,367,312,0,"Anderson",76978,563.797448621684,0.338495575221239,120.813738990361,66.2526955753592,33.8495575221239
2022-02-15,21527,56,13889,39,7638,17,15166,45,93119,77,108285,122,0,302,0,367,313,1,"Anderson",76978,526.124347216088,0.337155963302752,158.486840395957,72.7480578866689,33.7155963302752
2022-02-16,21589,62,13922,33,7667,29,15197,31,93211,92,108408,123,0,302,0,367,313,0,"Anderson",76978,478.058666112396,0.308353808353808,159.785912858219,80.5424926602406,30.8353808353808
2022-02-17,21637,48,13955,33,7682,15,15232,35,93305,94,108537,129,0,302,0,367,314,1,"Anderson",76978,426.095767621918,0.304062909567497,167.580347631791,62.3554781885734,30.4062909567497
2022-02-18,21685,48,13986,31,7699,17,15269,37,93377,72,108646,109,0,302,0,367,315,1,"Anderson",76978,411.805970537037,0.308965517241379,141.598898386552,62.3554781885734,30.8965517241379
2022-02-19,21711,26,13996,10,7715,16,15280,11,93432,55,108712,66,0,302,0,367,317,2,"Anderson",76978,405.310608225727,0.298295454545455,85.7387825092884,33.7758840188106,29.8295454545455
2022-02-20,21721,10,13999,3,7722,7,15282,2,93469,37,108751,39,0,302,0,367,317,0,"Anderson",76978,391.020811140845,0.28928046989721,50.6638260282159,12.9907246226195,28.928046989721
2022-02-21,21737,16,14008,9,7729,7,15292,10,93498,29,108790,39,0,302,2,369,318,1,"Anderson",76978,345.553274961677,0.272727272727273,50.6638260282159,20.7851593961911,27.2727272727273
2022-02-22,21772,35,14023,15,7749,20,15310,18,93575,77,108885,95,2,304,0,369,318,0,"Anderson",76978,318.272753254177,0.24,123.411883914885,45.4675361791681,24
2022-02-23,21807,35,14040,17,7767,18,15329,19,93641,66,108970,85,4,308,0,369,319,1,"Anderson",76978,283.197796773104,0.234875444839858,110.421159292265,45.4675361791681,23.4875444839858
2022-02-24,21835,28,14054,14,7781,14,15346,17,93719,78,109065,95,1,309,0,369,320,1,"Anderson",76978,257.216347527865,0.215909090909091,123.411883914885,36.3740289433345,21.5909090909091
2022-02-25,21848,13,14060,6,7788,7,15352,6,93786,67,109138,73,-1,308,0,369,320,0,"Anderson",76978,211.748811348697,0.16869918699187,94.832289745122,16.8879420094053,16.869918699187
2022-02-26,21861,13,14065,5,7796,8,15359,7,93831,45,109190,52,0,308,1,370,320,0,"Anderson",76978,194.860869339292,0.165271966527197,67.5517680376211,16.8879420094053,16.5271966527197
2022-02-27,21861,0,14065,0,7796,0,15360,1,93848,17,109208,18,0,308,0,370,320,0,"Anderson",76978,181.870144716672,0.170678336980306,23.383304320715,0,17.0678336980306
2022-02-28,21879,18,14074,9,7805,9,15372,12,93905,57,109277,69,0,308,0,370,320,0,"Anderson",76978,184.468289641196,0.164271047227926,89.6359998960742,23.383304320715,16.4271047227926
2022-03-01,21892,13,14081,7,7811,6,15380,8,93950,45,109330,53,-1,307,0,370,322,2,"Anderson",76978,155.888695471433,0.157303370786517,68.8508404998831,16.8879420094053,15.7303370786517
2022-03-02,21902,10,14087,6,7815,4,15388,8,94003,53,109391,61,2,309,0,370,323,1,"Anderson",76978,123.411883914885,0.140142517814727,79.2434201979787,12.9907246226195,14.0142517814727
2022-03-03,21912,10,14089,2,7823,8,15390,2,94047,44,109437,46,2,311,0,370,323,0,"Anderson",76978,100.02857959417,0.118279569892473,59.7573332640495,12.9907246226195,11.8279569892473
2022-03-04,21921,9,14092,3,7829,6,15395,5,94111,64,109506,69,0,311,0,370,324,1,"Anderson",76978,94.832289745122,0.116847826086957,89.6359998960742,11.6916521603575,11.6847826086957
2022-03-05,21926,5,14093,1,7833,4,15396,1,94152,41,109548,42,0,311,0,370,325,1,"Anderson",76978,84.4397100470264,0.103351955307263,54.5610434150017,6.49536231130973,10.3351955307263
2022-03-06,21928,2,14094,1,7834,1,15397,1,94176,24,109573,25,0,311,1,371,326,1,"Anderson",76978,87.0378549715503,0.101369863013699,32.4768115565486,2.59814492452389,10.1369863013699
2022-03-07,21941,13,14096,2,7845,11,15399,2,94209,33,109608,35,1,312,0,371,326,0,"Anderson",76978,80.5424926602406,0.081570996978852,45.4675361791681,16.8879420094053,8.1570996978852
2022-03-08,21992,51,14098,2,7894,49,15402,3,94239,30,109641,33,0,312,0,371,327,1,"Anderson",76978,129.907246226195,0.0707395498392283,42.8693912546442,66.2526955753592,7.07395498392283
2022-03-09,21999,7,14104,6,7895,1,15407,5,94277,38,109684,43,0,312,0,371,327,0,"Anderson",76978,126.010028839409,0.0648464163822526,55.8601158772636,9.09350723583361,6.48464163822526
2022-03-10,22004,5,14108,4,7896,1,15414,7,94323,46,109737,53,3,315,0,371,327,0,"Anderson",76978,119.514666528099,0.08,68.8508404998831,6.49536231130973,8
2022-03-11,22010,6,14108,0,7902,6,15415,1,94362,39,109777,40,1,316,1,372,327,0,"Anderson",76978,115.617449141313,0.0738007380073801,51.9628984904778,7.79443477357167,7.38007380073801
2022-03-12,22010,0,14108,0,7902,0,15415,0,94384,22,109799,22,0,316,0,372,329,2,"Anderson",76978,109.122086830003,0.0756972111553785,28.5795941697628,0,7.56972111553785
2022-03-13,22013,3,14110,2,7903,1,15416,1,94428,44,109844,45,1,317,0,372,329,0,"Anderson",76978,110.421159292265,0.0701107011070111,58.4582608017875,3.89721738678583,7.01107011070111
2022-03-14,22020,7,14114,4,7906,3,15423,7,94454,26,109877,33,2,319,1,373,329,0,"Anderson",76978,102.626724518694,0.0892193308550186,42.8693912546442,9.09350723583361,8.92193308550186
2022-03-15,22024,4,14115,1,7909,3,15423,0,94476,22,109899,22,0,319,0,373,330,1,"Anderson",76978,41.5703187923822,0.0813953488372093,28.5795941697628,5.19628984904778,8.13953488372093
2022-03-16,22026,2,14117,2,7909,0,15426,3,94500,24,109926,27,1,320,0,373,330,0,"Anderson",76978,35.0749564810725,0.0785123966942149,35.0749564810725,2.59814492452389,7.85123966942149
2022-03-17,22026,0,14117,0,7909,0,15428,2,94529,29,109957,31,0,320,0,373,330,0,"Anderson",76978,28.5795941697628,0.0636363636363636,40.2712463301203,0,6.36363636363636
2022-03-18,22028,2,14119,2,7909,0,15430,2,94573,44,110003,46,0,320,0,373,331,1,"Anderson",76978,23.383304320715,0.0663716814159292,59.7573332640495,2.59814492452389,6.63716814159292
2022-03-19,22028,0,14119,0,7909,0,15430,0,94593,20,110023,20,0,320,0,373,331,0,"Anderson",76978,23.383304320715,0.0669642857142857,25.9814492452389,0,6.69642857142857
2022-03-20,22032,4,14122,3,7910,1,15434,4,94612,19,110046,23,0,320,0,373,332,1,"Anderson",76978,24.682376782977,0.0891089108910891,29.8786666320247,5.19628984904778,8.91089108910891
2022-03-21,22033,1,14122,0,7911,1,15434,0,94625,13,110059,13,2,322,0,373,332,0,"Anderson",76978,16.8879420094053,0.0604395604395604,16.8879420094053,1.29907246226194,6.04395604395604
2022-03-22,22033,0,14122,0,7911,0,15435,1,94631,6,110066,7,0,322,0,373,332,0,"Anderson",76978,11.6916521603575,0.0718562874251497,9.09350723583361,0,7.18562874251497
2022-03-23,22035,2,14124,2,7911,0,15437,2,94656,25,110093,27,0,322,0,373,333,1,"Anderson",76978,11.6916521603575,0.0658682634730539,35.0749564810725,2.59814492452389,6.58682634730539
2022-03-24,22036,1,14124,0,7912,1,15438,1,94672,16,110110,17,0,322,0,373,334,1,"Anderson",76978,12.9907246226194,0.065359477124183,22.0842318584531,1.29907246226194,6.5359477124183
2022-03-25,22037,1,14125,1,7912,0,15440,2,94695,23,110135,25,0,322,0,373,334,0,"Anderson",76978,11.6916521603575,0.0757575757575758,32.4768115565486,1.29907246226194,7.57575757575758
2022-03-26,22038,1,14126,1,7912,0,15441,1,94714,19,110155,20,0,322,0,373,334,0,"Anderson",76978,12.9907246226194,0.0833333333333333,25.9814492452389,1.29907246226194,8.33333333333333
2022-03-27,22038,0,14126,0,7912,0,15441,0,94725,11,110166,11,0,322,0,373,334,0,"Anderson",76978,7.79443477357167,0.0583333333333333,14.2897970848814,0,5.83333333333333
2022-03-28,22042,4,14129,3,7913,1,15444,3,94769,44,110213,47,1,323,0,373,336,2,"Anderson",76978,11.6916521603575,0.0649350649350649,61.0564057263114,5.19628984904778,6.49350649350649
2022-03-29,22042,0,14129,0,7913,0,15444,0,94782,13,110226,13,1,324,0,373,337,1,"Anderson",76978,11.6916521603575,0.05625,16.8879420094053,0,5.625
2022-03-30,22044,2,14129,0,7915,2,15445,1,94805,23,110250,24,1,325,0,373,337,0,"Anderson",76978,11.6916521603575,0.0509554140127389,31.1777390942867,2.59814492452389,5.09554140127389
2022-03-31,22046,2,14130,1,7916,1,15446,1,94825,20,110271,21,0,325,0,373,337,0,"Anderson",76978,12.9907246226194,0.0496894409937888,27.2805217075008,2.59814492452389,4.96894409937888
2022-04-01,22049,3,14131,1,7918,2,15447,1,94862,37,110309,38,3,328,0,373,337,0,"Anderson",76978,15.5888695471433,0.0402298850574713,49.3647535659539,3.89721738678583,4.02298850574713
2022-04-02,22050,1,14132,1,7918,0,15449,2,94882,20,110331,22,0,328,0,373,337,0,"Anderson",76978,15.5888695471433,0.0454545454545455,28.5795941697628,1.29907246226194,4.54545454545455
2022-04-03,22050,0,14132,0,7918,0,15449,0,94894,12,110343,12,0,328,0,373,337,0,"Anderson",76978,15.5888695471433,0.0451977401129944,15.5888695471433,0,4.51977401129944
2022-04-04,22052,2,14133,1,7919,1,15450,1,94913,19,110363,20,0,328,0,373,337,0,"Anderson",76978,12.9907246226194,0.04,25.9814492452389,2.59814492452389,4
2022-04-05,22058,6,14134,1,7924,5,15451,1,94932,19,110383,20,3,331,0,373,338,1,"Anderson",76978,20.7851593961911,0.0445859872611465,25.9814492452389,7.79443477357167,4.45859872611465
2022-04-06,22061,3,14137,3,7924,0,15455,4,94956,24,110411,28,0,331,0,373,338,0,"Anderson",76978,22.0842318584531,0.062111801242236,36.3740289433345,3.89721738678583,6.2111801242236
2022-04-07,22064,3,14137,0,7927,3,15455,0,94979,23,110434,23,1,332,0,373,338,0,"Anderson",76978,23.383304320715,0.0552147239263804,29.8786666320247,3.89721738678583,5.52147239263804
2022-04-08,22065,1,14137,0,7928,1,15455,0,95010,31,110465,31,1,333,0,373,338,0,"Anderson",76978,20.7851593961911,0.0512820512820513,40.2712463301203,1.29907246226194,5.12820512820513
2022-04-09,22065,0,14137,0,7928,0,15455,0,95020,10,110475,10,0,333,0,373,338,0,"Anderson",76978,19.4860869339292,0.0416666666666667,12.9907246226195,0,4.16666666666667
2022-04-10,22065,0,14137,0,7928,0,15455,0,95030,10,110485,10,0,333,0,373,338,0,"Anderson",76978,19.4860869339292,0.0422535211267606,12.9907246226195,0,4.22535211267606
2022-04-11,22068,3,14137,0,7931,3,15455,0,95048,18,110503,18,0,333,0,373,338,0,"Anderson",76978,20.7851593961911,0.0357142857142857,23.383304320715,3.89721738678583,3.57142857142857
2022-04-12,22072,4,14140,3,7932,1,15459,4,95066,18,110525,22,1,334,0,373,339,1,"Anderson",76978,18.1870144716672,0.0563380281690141,28.5795941697628,5.19628984904778,5.63380281690141
2022-04-13,22075,3,14141,1,7934,2,15460,1,95088,22,110548,23,0,334,0,373,339,0,"Anderson",76978,18.1870144716672,0.0364963503649635,29.8786666320247,3.89721738678583,3.64963503649635
2022-04-14,22078,3,14141,0,7937,3,15460,0,95104,16,110564,16,0,334,0,373,339,0,"Anderson",76978,18.1870144716672,0.0384615384615385,20.7851593961911,3.89721738678583,3.84615384615385
2022-04-15,22082,4,14144,3,7938,1,15464,4,95124,20,110588,24,0,334,0,373,339,0,"Anderson",76978,22.0842318584531,0.0731707317073171,31.1777390942867,5.19628984904778,7.31707317073171
2022-04-16,22083,1,14144,0,7939,1,15464,0,95138,14,110602,14,0,334,0,373,339,0,"Anderson",76978,23.383304320715,0.0708661417322835,18.1870144716672,1.29907246226194,7.08661417322835
2022-04-17,22085,2,14144,0,7941,2,15465,1,95153,15,110618,16,0,334,0,373,339,0,"Anderson",76978,25.9814492452389,0.075187969924812,20.7851593961911,2.59814492452389,7.5187969924812
2022-04-18,22092,7,14146,2,7946,5,15467,2,95173,20,110640,22,-1,333,0,373,339,0,"Anderson",76978,31.1777390942867,0.0875912408759124,28.5795941697628,9.09350723583361,8.75912408759124
2022-04-19,22096,4,14147,1,7949,3,15468,1,95186,13,110654,14,0,333,0,373,339,0,"Anderson",76978,31.1777390942867,0.0697674418604651,18.1870144716672,5.19628984904778,6.97674418604651
2022-04-20,22102,6,14149,2,7953,4,15470,2,95219,33,110689,35,1,334,0,373,339,0,"Anderson",76978,35.0749564810725,0.0709219858156028,45.4675361791681,7.79443477357167,7.09219858156028
2022-04-21,22105,3,14150,1,7955,2,15471,1,95245,26,110716,27,0,334,0,373,339,0,"Anderson",76978,35.0749564810725,0.0723684210526316,35.0749564810725,3.89721738678583,7.23684210526316
2022-04-22,22107,2,14151,1,7956,1,15472,1,95277,32,110749,33,0,334,0,373,339,0,"Anderson",76978,32.4768115565486,0.0496894409937888,42.8693912546442,2.59814492452389,4.96894409937888
2022-04-23,22109,2,14152,1,7957,1,15473,1,95302,25,110775,26,0,334,0,373,339,0,"Anderson",76978,33.7758840188106,0.0520231213872832,33.7758840188106,2.59814492452389,5.20231213872832
2022-04-24,22112,3,14152,0,7960,3,15473,0,95319,17,110792,17,0,334,0,373,339,0,"Anderson",76978,35.0749564810725,0.0459770114942529,22.0842318584531,3.89721738678583,4.59770114942529
2022-04-25,22130,18,14154,2,7976,16,15475,2,95330,11,110805,13,0,334,0,373,340,1,"Anderson",76978,49.3647535659539,0.0484848484848485,16.8879420094053,23.383304320715,4.84848484848485
2022-04-26,22144,14,14159,5,7985,9,15481,6,95351,21,110832,27,0,334,0,373,340,0,"Anderson",76978,62.3554781885734,0.0730337078651685,35.0749564810725,18.1870144716672,7.30337078651685
2022-04-27,22158,14,14164,5,7994,9,15486,5,95387,36,110873,41,0,334,0,373,341,1,"Anderson",76978,72.7480578866689,0.0869565217391304,53.2619709527397,18.1870144716672,8.69565217391304
2022-04-28,22163,5,14166,2,7997,3,15488,2,95410,23,110898,25,0,334,0,373,341,0,"Anderson",76978,75.3462028111928,0.0934065934065934,32.4768115565486,6.49536231130973,9.34065934065934
2022-04-29,22169,6,14167,1,8002,5,15489,1,95431,21,110920,22,0,334,0,373,341,0,"Anderson",76978,80.5424926602406,0.0994152046783626,28.5795941697628,7.79443477357167,9.94152046783626
2022-04-30,22171,2,14168,1,8003,1,15489,0,95460,29,110949,29,0,334,0,373,341,0,"Anderson",76978,80.5424926602406,0.0919540229885057,37.6731014055964,2.59814492452389,9.19540229885057
2022-05-01,22173,2,14168,0,8005,2,15489,0,95468,8,110957,8,0,334,0,373,341,0,"Anderson",76978,79.2434201979786,0.096969696969697,10.3925796980956,2.59814492452389,9.6969696969697
2022-05-02,22181,8,14173,5,8008,3,15493,4,95499,31,110992,35,0,334,0,373,341,0,"Anderson",76978,66.2526955753592,0.0962566844919786,45.4675361791681,10.3925796980956,9.62566844919786
2022-05-03,22187,6,14178,5,8009,1,15498,5,95510,11,111008,16,0,334,0,373,341,0,"Anderson",76978,55.8601158772636,0.0965909090909091,20.7851593961911,7.79443477357167,9.65909090909091
2022-05-04,22199,12,14182,4,8017,8,15503,5,95534,24,111037,29,0,334,0,373,341,0,"Anderson",76978,53.2619709527397,0.103658536585366,37.6731014055964,15.5888695471433,10.3658536585366
2022-05-05,22207,8,14188,6,8019,2,15509,6,95552,18,111061,24,0,334,0,373,341,0,"Anderson",76978,57.1591883395256,0.128834355828221,31.1777390942867,10.3925796980956,12.8834355828221
2022-05-06,22208,1,14188,0,8020,1,15509,0,95576,24,111085,24,0,334,0,373,341,0,"Anderson",76978,50.6638260282159,0.121212121212121,31.1777390942867,1.29907246226194,12.1212121212121
2022-05-07,22217,9,14192,4,8025,5,15513,4,95592,16,111105,20,0,334,0,373,342,1,"Anderson",76978,59.7573332640495,0.153846153846154,25.9814492452389,11.6916521603575,15.3846153846154
2022-05-08,22218,1,14192,0,8026,1,15513,0,95606,14,111119,14,0,334,0,373,342,0,"Anderson",76978,58.4582608017875,0.148148148148148,18.1870144716672,1.29907246226194,14.8148148148148
2022-05-09,22224,6,14194,2,8030,4,15514,1,95621,15,111135,16,0,334,0,373,342,0,"Anderson",76978,55.8601158772636,0.146853146853147,20.7851593961911,7.79443477357167,14.6853146853147
2022-05-10,22234,10,14196,2,8038,8,15517,3,95653,32,111170,35,1,335,0,373,342,0,"Anderson",76978,61.0564057263114,0.117283950617284,45.4675361791681,12.9907246226195,11.7283950617284
2022-05-11,22247,13,14206,10,8041,3,15529,12,95671,18,111200,30,0,335,0,373,342,0,"Anderson",76978,62.3554781885734,0.159509202453988,38.9721738678584,16.8879420094053,15.9509202453988
2022-05-12,22253,6,14211,5,8042,1,15534,5,95699,28,111233,33,0,335,0,373,342,0,"Anderson",76978,59.7573332640495,0.145348837209302,42.8693912546442,7.79443477357167,14.5348837209302
2022-05-13,22261,8,14216,5,8045,3,15539,5,95735,36,111274,41,2,337,0,373,343,1,"Anderson",76978,68.8508404998831,0.158730158730159,53.2619709527397,10.3925796980956,15.8730158730159
2022-05-14,22264,3,14218,2,8046,1,15541,2,95744,9,111285,11,0,337,0,373,343,0,"Anderson",76978,61.0564057263114,0.155555555555556,14.2897970848814,3.89721738678583,15.5555555555556
2022-05-15,22268,4,14218,0,8050,4,15541,0,95758,14,111299,14,0,337,0,373,343,0,"Anderson",76978,64.9536231130973,0.155555555555556,18.1870144716672,5.19628984904778,15.5555555555556
2022-05-16,22278,10,14224,6,8054,4,15546,5,95781,23,111327,28,0,337,0,373,343,0,"Anderson",76978,70.149912962145,0.166666666666667,36.3740289433345,12.9907246226195,16.6666666666667
2022-05-17,22291,13,14233,9,8058,4,15556,10,95808,27,111364,37,2,339,0,373,343,0,"Anderson",76978,74.0471303489309,0.201030927835052,48.065681103692,16.8879420094053,20.1030927835052
2022-05-18,22299,8,14240,7,8059,1,15564,8,95835,27,111399,35,0,339,0,373,344,1,"Anderson",76978,67.5517680376211,0.175879396984925,45.4675361791681,10.3925796980956,17.5879396984925
2022-05-19,22309,10,14247,7,8062,3,15572,8,95862,27,111434,35,1,340,0,373,344,0,"Anderson",76978,72.7480578866689,0.189054726368159,45.4675361791681,12.9907246226195,18.9054726368159
2022-05-20,22321,12,14256,9,8065,3,15581,9,95891,29,111472,38,0,340,0,373,344,0,"Anderson",76978,77.9443477357167,0.212121212121212,49.3647535659539,15.5888695471433,21.2121212121212
2022-05-21,22327,6,14262,6,8065,0,15587,6,95917,26,111504,32,0,340,0,373,344,0,"Anderson",76978,81.8415651225025,0.210045662100457,41.5703187923822,7.79443477357167,21.0045662100457
2022-05-22,22336,9,14268,6,8068,3,15593,6,95942,25,111535,31,1,341,0,373,344,0,"Anderson",76978,88.3369274338123,0.220338983050847,40.2712463301203,11.6916521603575,22.0338983050847
2022-05-23,22347,11,14277,9,8070,2,15600,7,95975,33,111575,40,0,341,0,373,344,0,"Anderson",76978,89.6359998960742,0.217741935483871,51.9628984904778,14.2897970848814,21.7741935483871
2022-05-24,22368,21,14284,7,8084,14,15608,8,95996,21,111604,29,0,341,0,373,344,0,"Anderson",76978,100.02857959417,0.216666666666667,37.6731014055964,27.2805217075008,21.6666666666667
2022-05-25,22380,12,14290,6,8090,6,15614,6,96029,33,111643,39,1,342,0,373,344,0,"Anderson",76978,105.224869443218,0.204918032786885,50.6638260282159,15.5888695471433,20.4918032786885
2022-05-26,22397,17,14298,8,8099,9,15624,10,96070,41,111694,51,0,342,0,373,344,0,"Anderson",76978,114.318376679051,0.2,66.2526955753592,22.0842318584531,20
2022-05-27,22412,15,14307,9,8105,6,15633,9,96116,46,111749,55,0,342,0,373,344,0,"Anderson",76978,118.215594065837,0.187725631768953,71.448985424407,19.4860869339292,18.7725631768953
2022-05-28,22421,9,14313,6,8108,3,15639,6,96167,51,111806,57,0,342,0,373,344,0,"Anderson",76978,122.112811452623,0.172185430463576,74.0471303489309,11.6916521603575,17.2185430463576
2022-05-29,22429,8,14315,2,8114,6,15641,2,96189,22,111830,24,0,342,0,373,344,0,"Anderson",76978,120.813738990361,0.16271186440678,31.1777390942867,10.3925796980956,16.271186440678
2022-05-30,22434,5,14316,1,8118,4,15643,2,96204,15,111847,17,0,342,0,373,344,0,"Anderson",76978,113.019304216789,0.158088235294118,22.0842318584531,6.49536231130973,15.8088235294118
2022-05-31,22449,15,14323,7,8126,8,15649,6,96231,27,111880,33,0,342,0,373,344,0,"Anderson",76978,105.224869443218,0.148550724637681,42.8693912546442,19.4860869339292,14.8550724637681
2022-06-01,22473,24,14336,13,8137,11,15666,17,96258,27,111924,44,0,342,0,373,344,0,"Anderson",76978,120.813738990361,0.185053380782918,57.1591883395256,31.1777390942867,18.5053380782918
2022-06-02,22490,17,14345,9,8145,8,15674,8,96282,24,111956,32,0,342,0,373,344,0,"Anderson",76978,120.813738990361,0.190839694656489,41.5703187923822,22.0842318584531,19.0839694656489
2022-06-03,22504,14,14353,8,8151,6,15683,9,96332,50,112015,59,0,342,0,373,344,0,"Anderson",76978,119.514666528099,0.18796992481203,76.6452752734548,18.1870144716672,18.796992481203
2022-06-04,22511,7,14358,5,8153,2,15689,6,96361,29,112050,35,0,342,0,373,344,0,"Anderson",76978,116.916521603575,0.204918032786885,45.4675361791681,9.09350723583361,20.4918032786885
2022-06-05,22521,10,14365,7,8156,3,15697,8,96378,17,112075,25,0,342,0,373,344,0,"Anderson",76978,119.514666528099,0.228571428571429,32.4768115565486,12.9907246226195,22.8571428571429
2022-06-06,22547,26,14378,13,8169,13,15710,13,96401,23,112111,36,0,342,0,373,345,1,"Anderson",76978,146.7951882356,0.253787878787879,46.76660864143,33.7758840188106,25.3787878787879
2022-06-07,22569,22,14386,8,8183,14,15718,8,96421,20,112139,28,0,342,0,373,345,0,"Anderson",76978,155.888695471433,0.266409266409266,36.3740289433345,28.5795941697628,26.6409266409266
2022-06-08,22592,23,14401,15,8191,8,15736,18,96470,49,112206,67,0,342,0,373,345,0,"Anderson",76978,154.589623009171,0.24822695035461,87.0378549715503,29.8786666320247,24.822695035461
2022-06-09,22610,18,14413,12,8197,6,15749,13,96505,35,112254,48,0,342,1,374,346,1,"Anderson",76978,155.888695471433,0.251677852348993,62.3554781885734,23.383304320715,25.1677852348993
2022-06-10,22633,23,14429,16,8204,7,15766,17,96566,61,112332,78,0,342,0,374,346,0,"Anderson",76978,167.580347631791,0.261829652996845,101.327652056432,29.8786666320247,26.1829652996845
2022-06-11,22642,9,14433,4,8209,5,15771,5,96584,18,112355,23,0,342,0,374,346,0,"Anderson",76978,170.178492556315,0.268852459016393,29.8786666320247,11.6916521603575,26.8852459016393
2022-06-12,22650,8,14435,2,8215,6,15773,2,96598,14,112371,16,0,342,0,374,346,0,"Anderson",76978,167.580347631791,0.256756756756757,20.7851593961911,10.3925796980956,25.6756756756757
2022-06-13,22667,17,14441,6,8226,11,15779,6,96622,24,112401,30,0,342,0,374,346,0,"Anderson",76978,155.888695471433,0.237931034482759,38.9721738678584,22.0842318584531,23.7931034482759
2022-06-14,22697,30,14455,14,8242,16,15795,16,96659,37,112454,53,1,343,0,374,347,1,"Anderson",76978,166.281275169529,0.244444444444444,68.8508404998831,38.9721738678584,24.4444444444444
2022-06-15,22714,17,14467,12,8247,5,15809,14,96682,23,112491,37,1,344,0,374,347,0,"Anderson",76978,158.486840395957,0.256140350877193,48.065681103692,22.0842318584531,25.6140350877193
2022-06-16,22739,25,14479,12,8260,13,15820,11,96710,28,112530,39,1,345,0,374,347,0,"Anderson",76978,167.580347631791,0.257246376811594,50.6638260282159,32.4768115565486,25.7246376811594
2022-06-17,22761,22,14491,12,8270,10,15835,15,96733,23,112568,38,0,345,0,374,348,1,"Anderson",76978,166.281275169529,0.292372881355932,49.3647535659539,28.5795941697628,29.2372881355932
2022-06-18,22772,11,14499,8,8273,3,15844,9,96756,23,112600,32,1,346,0,374,348,0,"Anderson",76978,168.879420094053,0.297959183673469,41.5703187923822,14.2897970848814,29.7959183673469
2022-06-19,22787,15,14504,5,8283,10,15849,5,96774,18,112623,23,0,346,0,374,348,0,"Anderson",76978,177.972927329886,0.301587301587302,29.8786666320247,19.4860869339292,30.1587301587302
2022-06-20,22799,12,14508,4,8291,8,15856,7,96790,16,112646,23,0,346,0,374,348,0,"Anderson",76978,171.477565018577,0.314285714285714,29.8786666320247,15.5888695471433,31.4285714285714
2022-06-21,22824,25,14517,9,8307,16,15863,7,96802,12,112665,19,0,346,0,374,348,0,"Anderson",76978,164.982202707267,0.322274881516588,24.682376782977,32.4768115565486,32.2274881516588
2022-06-22,22864,40,14547,30,8317,10,15893,30,96852,50,112745,80,0,346,0,374,348,0,"Anderson",76978,194.860869339292,0.330708661417323,103.925796980956,51.9628984904778,33.0708661417323
2022-06-23,22882,18,14558,11,8324,7,15907,14,96875,23,112782,37,0,346,0,374,349,1,"Anderson",76978,185.767362103458,0.345238095238095,48.065681103692,23.383304320715,34.5238095238095
2022-06-24,22915,33,14569,11,8346,22,15919,12,96908,33,112827,45,0,346,0,374,349,0,"Anderson",76978,200.05715918834,0.324324324324324,58.4582608017875,42.8693912546442,32.4324324324324
2022-06-25,22926,11,14572,3,8354,8,15925,6,96937,29,112862,35,0,346,0,374,349,0,"Anderson",76978,200.05715918834,0.309160305343511,45.4675361791681,14.2897970848814,30.9160305343511
2022-06-26,22936,10,14577,5,8359,5,15930,5,96963,26,112893,31,0,346,0,374,349,0,"Anderson",76978,193.56179687703,0.3,40.2712463301203,12.9907246226195,30
2022-06-27,22957,21,14588,11,8369,10,15941,11,96979,16,112920,27,1,347,0,374,349,0,"Anderson",76978,205.253449037387,0.31021897810219,35.0749564810725,27.2805217075008,31.021897810219
2022-06-28,22987,30,14604,16,8383,14,15957,16,97008,29,112965,45,1,348,0,374,349,0,"Anderson",76978,211.748811348697,0.313333333333333,58.4582608017875,38.9721738678584,31.3333333333333
2022-06-29,23008,21,14612,8,8396,13,15968,11,97050,42,113018,53,1,349,0,374,349,0,"Anderson",76978,187.06643456572,0.274725274725275,68.8508404998831,27.2805217075008,27.4725274725275
2022-06-30,23041,33,14623,11,8418,22,15980,12,97096,46,113076,58,0,349,0,374,349,0,"Anderson",76978,206.552521499649,0.248299319727891,75.3462028111928,42.8693912546442,24.8299319727891
2022-07-01,23063,22,14635,12,8428,10,15992,12,97136,40,113128,52,0,349,0,374,349,0,"Anderson",76978,192.262724414768,0.242524916943522,67.5517680376211,28.5795941697628,24.2524916943522
2022-07-02,23091,28,14649,14,8442,14,16007,15,97156,20,113163,35,0,349,0,374,349,0,"Anderson",76978,214.346956273221,0.272425249169435,45.4675361791681,36.3740289433345,27.2425249169435
2020-03-12,1,1,1,1,0,0,1,1,11,11,12,12,0,0,0,0,0,0,"East TN",2455501,NA,NA,0.488698640318208,0.040724886693184,NA
2020-03-13,1,0,1,0,0,0,1,0,23,12,24,12,0,0,0,0,0,0,"East TN",2455501,NA,NA,0.488698640318208,0,NA
2020-03-14,3,2,3,2,0,0,3,2,50,27,53,29,0,0,0,0,0,0,"East TN",2455501,NA,NA,1.18102171410234,0.081449773386368,NA
2020-03-15,3,0,3,0,0,0,3,0,53,3,56,3,0,0,0,0,0,0,"East TN",2455501,NA,NA,0.122174660079552,0,NA
2020-03-16,5,2,5,2,0,0,5,2,89,36,94,38,0,0,0,0,0,0,"East TN",2455501,NA,NA,1.54754569434099,0.081449773386368,NA
2020-03-17,6,1,6,1,0,0,5,0,130,41,135,41,0,0,0,0,0,0,"East TN",2455501,NA,NA,1.66972035442054,0.040724886693184,NA
2020-03-18,8,2,8,2,0,0,7,2,171,41,178,43,0,0,0,0,0,0,"East TN",2455501,0.325799093545472,0.0393258426966292,1.75117012780691,0.081449773386368,3.93258426966292
2020-03-19,11,3,11,3,0,0,11,4,238,67,249,71,0,0,0,0,0,0,"East TN",2455501,0.40724886693184,0.0421940928270042,2.89146695521606,0.122174660079552,4.21940928270042
2020-03-20,29,18,29,18,0,0,27,16,382,144,409,160,0,0,2,2,0,0,"East TN",2455501,1.14029682740915,0.0675324675324675,6.51598187090944,0.733047960477312,6.75324675324675
2020-03-21,38,9,38,9,0,0,38,11,610,228,648,239,0,0,1,3,1,1,"East TN",2455501,1.42537103426144,0.0588235294117647,9.73324791967098,0.366523980238656,5.88235294117647
2020-03-22,48,10,47,9,1,1,43,5,713,103,756,108,0,0,4,7,2,1,"East TN",2455501,1.83261990119328,0.0571428571428571,4.39828776286387,0.40724886693184,5.71428571428571
2020-03-23,64,16,63,16,1,0,56,13,846,133,902,146,0,0,4,11,2,0,"East TN",2455501,2.40276831489786,0.0631188118811881,5.94583345720486,0.651598187090944,6.31188118811881
2020-03-24,83,19,82,19,1,0,70,14,987,141,1057,155,0,0,5,16,2,0,"East TN",2455501,3.13581627537517,0.0704989154013015,6.31235743744352,0.773772847170496,7.04989154013015
2020-03-25,116,33,115,33,1,0,99,29,1288,301,1387,330,0,0,12,28,3,1,"East TN",2455501,4.39828776286387,0.076095947063689,13.4392126087507,1.34392126087507,7.6095947063689
2020-03-26,144,28,143,28,1,0,130,31,1774,486,1904,517,0,0,5,33,4,1,"East TN",2455501,5.41640993019347,0.0719033232628399,21.0547664203761,1.14029682740915,7.19033232628399
2020-03-27,166,22,165,22,1,0,147,17,2171,397,2318,414,0,0,6,39,4,0,"East TN",2455501,5.57930947696621,0.0628601361969618,16.8601030909782,0.895947507250048,6.28601361969618
2020-03-28,197,31,196,31,1,0,180,33,2608,437,2788,470,0,0,8,47,4,0,"East TN",2455501,6.47525698421626,0.0663551401869159,19.1406967457965,1.2624714874887,6.63551401869159
2020-03-29,213,16,212,16,1,0,196,16,2795,187,2991,203,0,0,3,50,7,3,"East TN",2455501,6.71960630437536,0.0684563758389262,8.26715199871635,0.651598187090944,6.84563758389262
2020-03-30,246,33,245,33,1,0,226,30,3345,550,3571,580,0,0,8,58,9,2,"East TN",2455501,7.41192937815949,0.0636942675159236,23.6204342820467,1.34392126087507,6.36942675159236
2020-03-31,295,49,294,49,1,0,278,52,3645,300,3923,352,0,0,12,70,10,1,"East TN",2455501,8.63367597895501,0.0725750174459177,14.3351601160008,1.99551944796602,7.25750174459177
2020-04-01,346,51,345,51,1,0,336,58,4243,598,4579,656,0,0,9,79,12,2,"East TN",2455501,9.36672393943232,0.0742481203007519,26.7155256707287,2.07696922135238,7.42481203007519
2020-04-02,391,45,390,45,1,0,383,47,4839,596,5222,643,2,7,5,84,14,2,"East TN",2455501,10.0590470132164,0.0762507534659433,26.1861021437173,1.83261990119328,7.62507534659433
2020-04-03,412,21,411,21,1,0,401,18,5124,285,5525,303,1,8,2,86,17,3,"East TN",2455501,10.0183221265233,0.0792017461802308,12.3396406680348,0.855222620556864,7.92017461802307
2020-04-04,447,35,446,35,1,0,431,30,5716,592,6147,622,3,11,5,91,19,2,"East TN",2455501,10.181221673296,0.0747246204227449,25.3308795231604,1.42537103426144,7.47246204227449
2020-04-05,473,26,472,26,1,0,464,33,6093,377,6557,410,-1,10,2,93,20,1,"East TN",2455501,10.5884705402278,0.0751542344363432,16.6972035442054,1.05884705402278,7.51542344363432
2020-04-06,514,41,513,41,1,0,514,50,6626,533,7140,583,8,18,5,98,20,0,"East TN",2455501,10.9142696337733,0.080694872513309,23.7426089421263,1.66972035442054,8.0694872513309
2020-04-07,570,56,569,56,1,0,592,78,7755,1129,8347,1207,0,18,7,105,21,1,"East TN",2455501,11.1993438406256,0.0709764918625678,49.1549382386731,2.2805936548183,7.09764918625678
2020-04-08,607,37,606,37,1,0,632,40,8162,407,8794,447,1,19,8,113,25,4,"East TN",2455501,10.629195426921,0.0702253855278766,18.2040243518532,1.50682080764781,7.02253855278766
2020-04-09,633,26,632,26,1,0,662,30,8613,451,9275,481,3,22,2,115,25,0,"East TN",2455501,9.85542257975053,0.0688378978534419,19.5886704994215,1.05884705402278,6.88378978534419
2020-04-10,655,22,654,22,1,0,682,20,8941,328,9623,348,0,22,4,119,25,0,"East TN",2455501,9.89614746644371,0.0685700341630063,14.172260569228,0.895947507250048,6.85700341630063
2020-04-11,679,24,678,24,1,0,728,46,10022,1081,10750,1127,2,24,5,124,27,2,"East TN",2455501,9.44817371281869,0.0645231370845101,45.8969473032184,0.977397280636416,6.45231370845101
2020-04-12,709,30,708,30,1,0,761,33,11472,1450,12233,1483,0,24,1,125,28,1,"East TN",2455501,9.61107325959142,0.0523255813953488,60.3950069659919,1.22174660079552,5.23255813953488
2020-04-13,738,29,737,29,1,0,803,42,12435,963,13238,1005,0,24,7,132,32,4,"East TN",2455501,9.12237461927321,0.0473925877336832,40.9285111266499,1.18102171410234,4.73925877336832
2020-04-14,749,11,748,11,1,0,823,20,12720,285,13543,305,4,28,1,133,33,1,"East TN",2455501,7.28975471807994,0.0444572748267898,12.4210904414211,0.447973753625024,4.44572748267898
2020-04-15,773,24,772,24,1,0,850,27,13132,412,13982,439,2,30,4,137,34,1,"East TN",2455501,6.76033119106854,0.0420200462606014,17.8782252583078,0.977397280636416,4.20200462606014
2020-04-16,801,28,800,28,1,0,886,36,13808,676,14694,712,1,31,6,143,34,0,"East TN",2455501,6.84178096445491,0.0413360398597527,28.996119325547,1.14029682740915,4.13360398597527
2020-04-17,823,22,821,21,2,1,916,30,14137,329,15053,359,0,31,4,147,35,1,"East TN",2455501,6.84178096445491,0.0430939226519337,14.6202343228531,0.895947507250048,4.30939226519337
2020-04-18,835,12,833,12,2,0,935,19,14918,781,15853,800,0,31,0,147,35,0,"East TN",2455501,6.3530823241367,0.0405643738977072,32.5799093545472,0.488698640318208,4.05643738977072
2020-04-19,914,79,912,79,2,0,1016,81,15604,686,16620,767,1,32,1,148,35,0,"East TN",2455501,8.34860177210272,0.0581262821974014,31.2359880936721,3.21726604876154,5.81262821974014
2020-04-20,939,25,931,19,8,6,1033,17,16567,963,17600,980,0,32,2,150,35,0,"East TN",2455501,8.18570222532998,0.0527281063732233,39.9103889593203,1.0181221673296,5.27281063732233
2020-04-21,1045,106,1037,106,8,0,1154,121,19273,2706,20427,2827,0,32,6,156,36,1,"East TN",2455501,12.0545664611825,0.0480825101685067,115.129254681631,4.3168379894775,4.80825101685067
2020-04-22,1247,202,1237,200,10,2,1354,200,21825,2552,23179,2752,2,34,2,158,36,0,"East TN",2455501,19.3035962925692,0.0548004784168751,112.074888179642,8.22642711202317,5.48004784168751
2020-04-23,1492,245,1480,243,12,2,1601,247,22932,1107,24533,1354,0,34,3,161,36,0,"East TN",2455501,28.1408967049901,0.0726699867872751,55.1414965825711,9.97759723983008,7.26699867872751
2020-04-24,1540,48,1527,47,13,1,1655,54,25621,2689,27276,2743,0,34,4,165,36,0,"East TN",2455501,29.1997437590129,0.0604597889225231,111.708364199404,1.95479456127283,6.04597889225231
2020-04-25,1563,23,1546,19,17,4,1674,19,26396,775,28070,794,0,34,3,168,37,1,"East TN",2455501,29.647717512638,0.0604894818695261,32.3355600343881,0.936672393943232,6.04894818695261
2020-04-26,1583,20,1565,19,18,1,1700,26,27513,1117,29213,1143,0,34,0,168,37,0,"East TN",2455501,27.2449491977401,0.0543158897800365,46.5485454903093,0.81449773386368,5.43158897800365
2020-04-27,1652,69,1633,68,19,1,1772,72,28428,915,30200,987,0,34,8,176,38,1,"East TN",2455501,29.0368442122402,0.0586507936507936,40.1954631661726,2.8100171818297,5.86507936507936
2020-04-28,1689,37,1667,34,22,3,1812,40,30602,2174,32414,2214,2,36,1,177,39,1,"East TN",2455501,26.2268270304105,0.0548928005339117,90.1648991387094,1.50682080764781,5.48928005339117
2020-04-29,1752,63,1729,62,23,1,1878,66,33345,2743,35223,2809,1,37,6,183,40,1,"East TN",2455501,20.5660677800579,0.0435071404848887,114.396206721154,2.56566786167059,4.35071404848887
2020-04-30,1774,22,1750,21,24,1,1900,22,33894,549,35794,571,0,37,1,184,40,0,"East TN",2455501,11.4844180474779,0.0265518160021312,23.2539103018081,0.895947507250048,2.65518160021312
2020-05-01,1814,40,1786,36,28,4,1929,29,35556,1662,37485,1691,0,37,0,184,40,0,"East TN",2455501,11.1586189539324,0.0268390635713586,68.8657833981741,1.62899546772736,2.68390635713586
2020-05-02,1835,21,1807,21,28,0,1966,37,37433,1877,39399,1914,0,37,3,187,40,0,"East TN",2455501,11.077169180546,0.0257745608615059,77.9474331307542,0.855222620556864,2.57745608615059
2020-05-03,1873,38,1840,33,33,5,2003,37,39553,2120,41556,2157,0,37,3,190,42,2,"East TN",2455501,11.8102171410234,0.0245483269869562,87.8435805971979,1.54754569434099,2.45483269869562
2020-05-04,1920,47,1884,44,36,3,2060,57,41499,1946,43559,2003,0,37,1,191,42,0,"East TN",2455501,10.9142696337733,0.0215584998877161,81.5719480464475,1.91406967457965,2.15584998877161
2020-05-05,1948,28,1911,27,37,1,2092,32,44409,2910,46501,2942,2,39,1,192,42,0,"East TN",2455501,10.5477456535347,0.0198764818627103,119.812616651347,1.14029682740915,1.98764818627103
2020-05-06,1985,37,1948,37,37,0,2135,43,45453,1044,47588,1087,1,40,0,192,42,0,"East TN",2455501,9.48889859951187,0.0207844723008492,44.267951835491,1.50682080764781,2.07844723008492
2020-05-07,2028,43,1989,41,39,2,2183,48,46845,1392,49028,1440,0,40,4,196,46,4,"East TN",2455501,10.3441212200687,0.0213843131328397,58.643836838185,1.75117012780691,2.13843131328397
2020-05-08,2047,19,2008,19,39,0,2219,36,48515,1670,50734,1706,1,41,0,196,47,1,"East TN",2455501,9.48889859951187,0.0218884444108989,69.4766566985719,0.773772847170496,2.18884444108989
2020-05-09,2063,16,2022,14,41,2,2237,18,51333,2818,53570,2836,0,41,1,197,48,1,"East TN",2455501,9.28527416604595,0.0191235622045022,115.49577866187,0.651598187090944,1.91235622045022
2020-05-10,2079,16,2037,15,42,1,2256,19,53897,2564,56153,2583,1,42,3,200,48,0,"East TN",2455501,8.3893266587959,0.0173323285606631,105.192382328494,0.651598187090944,1.73323285606631
2020-05-11,2140,61,2097,60,43,1,2307,51,55468,1571,57775,1622,3,45,5,205,50,2,"East TN",2455501,8.95947507250048,0.0173747889701744,66.0557662163444,2.48421808828422,1.73747889701745
2020-05-12,2193,53,2150,53,43,0,2373,66,59022,3554,61395,3620,3,48,3,208,50,0,"East TN",2455501,9.97759723983008,0.0188666577145159,147.424089829326,2.15841899473875,1.88666577145159
2020-05-13,2247,54,2201,51,46,3,2425,52,60647,1625,63072,1677,0,48,7,215,52,2,"East TN",2455501,10.6699203136142,0.0187290105915784,68.2956349844696,2.19914388143194,1.87290105915784
2020-05-14,2278,31,2232,31,46,0,2470,45,62356,1709,64826,1754,1,49,2,217,53,1,"East TN",2455501,10.181221673296,0.018166856564122,71.4314512598447,1.2624714874887,1.8166856564122
2020-05-15,2306,28,2260,28,46,0,2507,37,64675,2319,67182,2356,1,50,4,221,53,0,"East TN",2455501,10.5477456535347,0.0175097276264591,95.9478330491415,1.14029682740915,1.75097276264591
2020-05-16,2316,10,2270,10,46,0,2525,18,67443,2768,69968,2786,1,51,1,222,53,0,"East TN",2455501,10.3033963333756,0.017563117453348,113.459534327211,0.40724886693184,1.7563117453348
2020-05-17,2396,80,2350,80,46,0,2604,79,69670,2227,72274,2306,0,51,4,226,55,2,"East TN",2455501,12.9097890817393,0.0215867502016004,93.9115887144823,3.25799093545472,2.15867502016004
2020-05-18,2445,49,2398,48,47,1,2665,61,71548,1878,74213,1939,0,51,3,229,55,0,"East TN",2455501,12.4210904414211,0.0217788052074462,78.9655552980838,1.99551944796602,2.17788052074462
2020-05-19,2486,41,2438,40,48,1,2705,40,72672,1124,75377,1164,1,52,3,232,55,0,"East TN",2455501,11.9323918011029,0.0237448147618366,47.4037681108662,1.66972035442054,2.37448147618366
2020-05-20,2528,42,2480,42,48,0,2750,45,74412,1740,77162,1785,0,52,3,235,55,0,"East TN",2455501,11.4436931607847,0.0230660042583392,72.6939227473334,1.71044524111373,2.30660042583392
2020-05-21,2769,241,2720,240,49,1,2988,238,75874,1462,78862,1700,0,52,4,239,56,1,"East TN",2455501,19.9959193663533,0.0369051011684241,69.2323073784128,9.81469769305734,3.69051011684241
2020-05-22,2860,91,2808,88,52,3,3066,78,77398,1524,80464,1602,0,52,7,246,56,0,"East TN",2455501,22.5615872280239,0.0420870350850776,65.2412684824808,3.70596468907974,4.20870350850775
2020-05-23,2926,66,2870,62,56,4,3157,91,79612,2214,82769,2305,2,54,7,253,57,1,"East TN",2455501,24.8421808828422,0.0493711428794625,93.8708638277891,2.68784252175014,4.93711428794625
2020-05-24,2978,52,2922,52,56,0,3227,70,81732,2120,84959,2190,0,54,0,253,58,1,"East TN",2455501,23.7018840554331,0.0491131257390619,89.187501858073,2.11769410804557,4.91131257390619
2020-05-25,3062,84,3005,83,57,1,3321,94,84382,2650,87703,2744,1,55,2,255,58,0,"East TN",2455501,25.1272550896945,0.0486286137879911,111.749089086097,3.42089048222746,4.86286137879911
2020-05-26,3123,61,3057,52,66,9,3377,56,86768,2386,90145,2442,1,56,3,258,58,0,"East TN",2455501,25.9417528235582,0.0455037919826652,99.4501733047553,2.48421808828422,4.55037919826652
2020-05-27,3199,76,3130,73,69,3,3444,67,88635,1867,92079,1934,0,56,9,267,58,0,"East TN",2455501,27.3263989711265,0.0465241000201113,78.7619308646179,3.09509138868198,4.65241000201113
2020-05-28,3273,74,3204,74,69,0,3511,67,90034,1399,93545,1466,0,56,1,268,58,0,"East TN",2455501,20.5253428933647,0.0356194238234693,59.7026838922077,3.01364161529562,3.56194238234693
2020-05-29,3348,75,3278,74,70,1,3594,83,91312,1278,94906,1361,0,56,4,272,58,0,"East TN",2455501,19.8737447062738,0.0365600332363939,55.4265707894234,3.0543665019888,3.65600332363939
2020-05-30,3421,73,3350,72,71,1,3675,81,93557,2245,97232,2326,0,56,5,277,59,1,"East TN",2455501,20.1588189131261,0.0358155292816152,94.726086448346,2.97291672860243,3.58155292816152
2020-05-31,3533,112,3460,110,73,2,3769,94,96340,2783,100109,2877,0,56,1,278,60,1,"East TN",2455501,22.6023121147171,0.0357755775577558,117.16549901629,4.56118730963661,3.57755775577558
2020-06-01,3629,96,3553,93,76,3,3902,133,100171,3831,104073,3964,0,56,5,283,60,0,"East TN",2455501,23.0910107550353,0.0354917532070861,161.433450851781,3.90958912254566,3.54917532070861
2020-06-02,3736,107,3658,105,78,2,4017,115,104230,4059,108247,4174,1,57,3,286,64,4,"East TN",2455501,24.9643555429218,0.0353552093691305,169.98567705735,4.35756287617069,3.53552093691305
2020-06-03,3786,50,3708,50,78,0,4067,50,106161,1931,110228,1981,0,57,4,290,65,1,"East TN",2455501,23.905508488899,0.0343269601630944,80.6760005391975,2.0362443346592,3.43269601630944
2020-06-04,3837,51,3757,49,80,2,4128,61,107708,1547,111836,1608,6,63,5,295,66,1,"East TN",2455501,22.9688360949558,0.0337324367175113,65.4856178026399,2.07696922135238,3.37324367175113
2020-06-05,3936,99,3852,95,84,4,4210,82,109864,2156,114074,2238,1,64,4,299,67,1,"East TN",2455501,23.9462333755922,0.0321368948247078,91.1422964193458,4.03176378262522,3.21368948247079
2020-06-06,3989,53,3902,50,87,3,4285,75,112967,3103,117252,3178,1,65,4,303,67,0,"East TN",2455501,23.1317356417285,0.0304695304695305,129.423689910939,2.15841899473875,3.04695304695305
2020-06-07,4047,58,3958,56,89,2,4366,81,116924,3957,121290,4038,0,65,6,309,68,1,"East TN",2455501,20.9325917602966,0.0281856380718569,164.447092467077,2.36204342820467,2.81856380718569
2020-06-08,4207,160,4114,156,93,4,4523,157,119875,2951,124398,3108,0,65,6,315,68,0,"East TN",2455501,23.5389845086604,0.0305535055350553,126.572947842416,6.51598187090944,3.05535055350553
2020-06-09,4315,108,4221,107,94,1,4641,118,122202,2327,126843,2445,1,66,7,322,69,1,"East TN",2455501,23.5797093953535,0.0335556033555603,99.5723479648349,4.39828776286387,3.35556033555603
2020-06-10,4392,77,4295,74,97,3,4715,74,125038,2836,129753,2910,0,66,6,328,69,0,"East TN",2455501,24.6792813360695,0.0331882202304737,118.509420277165,3.13581627537517,3.31882202304738
2020-06-11,4656,264,4557,262,99,2,4995,280,127329,2291,132324,2571,1,67,8,336,69,0,"East TN",2455501,33.3536822017177,0.0423174541194846,104.703683688176,10.7513700870006,4.23174541194846
2020-06-12,4827,171,4727,170,100,1,5167,172,129955,2626,135122,2798,2,69,3,339,70,1,"East TN",2455501,36.2858740436269,0.0454675028506271,113.948232967529,6.96395562453446,4.54675028506271
2020-06-13,4975,148,4871,144,104,4,5335,168,132146,2191,137481,2359,0,69,4,343,71,1,"East TN",2455501,40.1547382794794,0.0519056799644075,96.0700077092211,6.02728323059123,5.19056799644075
2020-06-14,5091,116,4986,115,105,1,5470,135,136014,3868,141484,4003,0,69,4,347,72,1,"East TN",2455501,42.5167817076841,0.0546697038724374,163.021721432816,4.72408685640934,5.46697038724374
2020-06-15,5273,182,5157,171,116,11,5649,179,139187,3173,144836,3352,0,69,9,356,77,5,"East TN",2455501,43.4127292149341,0.0550934533711713,136.509820195553,7.41192937815949,5.50934533711713
2020-06-16,5427,154,5309,152,118,2,5807,158,140986,1799,146793,1957,3,72,4,360,80,3,"East TN",2455501,45.2860740028206,0.0584461152882206,79.6986032585611,6.27163255075034,5.84461152882206
2020-06-17,5560,133,5439,130,121,3,5929,122,142426,1440,148355,1562,3,75,6,366,82,2,"East TN",2455501,47.5666676576389,0.0652617998064724,63.6122730147534,5.41640993019347,6.52617998064724
2020-06-18,5738,178,5616,177,122,1,6135,206,146017,3591,152152,3797,1,76,12,378,82,0,"East TN",2455501,44.0643274020251,0.0574944522896913,154.63239477402,7.24902983138675,5.74944522896913
2020-06-19,5873,135,5747,131,126,4,6253,118,147480,1463,153733,1581,4,80,13,391,83,1,"East TN",2455501,42.5982314810705,0.058352587179625,64.3860458619239,5.49785970357984,5.8352587179625
2020-06-20,5939,66,5812,65,127,1,6348,95,149655,2175,156003,2270,0,80,7,398,83,0,"East TN",2455501,39.2587907722294,0.0546917179570241,92.4454927935277,2.68784252175014,5.46917179570241
2020-06-21,6027,88,5899,87,128,1,6467,119,153005,3350,159472,3469,1,81,3,401,86,3,"East TN",2455501,38.1184939448202,0.0554258394485212,141.274631938655,3.58379002900019,5.54258394485212
2020-06-22,6223,196,6088,189,135,7,6665,198,156416,3411,163081,3609,1,82,7,408,87,1,"East TN",2455501,38.6886423585248,0.0556864894491642,146.976116075701,7.98207779186406,5.56864894491642
2020-06-23,6413,190,6272,184,141,6,6849,184,158220,1804,165069,1988,4,86,15,423,87,0,"East TN",2455501,40.1547382794794,0.0570146640402714,80.9610747460498,7.73772847170496,5.70146640402714
2020-06-24,6591,178,6448,176,143,2,7032,183,159851,1631,166883,1814,2,88,9,432,87,0,"East TN",2455501,41.9873581806727,0.0595315198618307,73.8749444614358,7.24902983138675,5.95315198618307
2020-06-25,6760,169,6608,160,152,9,7216,184,163024,3173,170240,3357,0,88,8,440,87,0,"East TN",2455501,41.620834200434,0.0597633790358249,136.713444629019,6.8825058511481,5.97633790358249
2020-06-26,6974,214,6812,204,162,10,7388,172,164612,1588,172000,1760,1,89,16,456,87,0,"East TN",2455501,44.8381002491956,0.0621339026660097,71.6758005800038,8.71512575234138,6.21339026660097
2020-06-27,7048,74,6881,69,167,5,7434,46,164821,209,172255,255,-1,88,5,461,89,2,"East TN",2455501,45.1638993427411,0.0668225449175486,10.3848461067619,3.01364161529562,6.68225449175486
2020-06-28,7175,127,7006,125,169,2,7605,171,167908,3087,175513,3258,0,88,5,466,90,1,"East TN",2455501,46.7521699237752,0.0709432080294246,132.681680846393,5.17206061003437,7.09432080294246
2020-06-29,7518,343,7347,341,171,2,7945,340,173175,5267,181120,5607,1,89,22,488,91,1,"East TN",2455501,52.7387282676733,0.0709573701424691,228.344439688683,13.9686361357621,7.09573701424691
2020-06-30,7788,270,7613,266,175,4,8393,448,179461,6286,187854,6734,0,89,22,510,92,1,"East TN",2455501,55.996719203128,0.0677638797454466,274.241386991901,10.9957194071597,6.77638797454466
2020-07-01,8063,275,7885,272,178,3,8727,334,182665,3204,191392,3538,0,89,17,527,95,3,"East TN",2455501,59.9470332123668,0.0691582683912032,144.084649120485,11.1993438406256,6.91582683912032
2020-07-02,8543,480,8360,475,183,5,9333,606,189047,6382,198380,6988,2,91,25,552,98,3,"East TN",2455501,72.6124729739471,0.0752309879175551,284.58550821197,19.5479456127283,7.52309879175551
2020-07-03,8769,226,8580,220,189,6,9561,228,192402,3355,201963,3583,5,96,14,566,99,1,"East TN",2455501,73.1011716142653,0.0725227780929813,145.917269021678,9.20382439265958,7.25227780929813
2020-07-04,8989,220,8798,218,191,2,9841,280,197166,4764,207007,5044,2,98,15,581,105,6,"East TN",2455501,79.0470050714701,0.0692622007366483,205.41632848042,8.95947507250048,6.92622007366483
2020-07-05,9309,320,9117,319,192,1,10209,368,201011,3845,211220,4213,2,100,12,593,108,3,"East TN",2455501,86.9069082032546,0.0729268770829249,171.573947638384,13.0319637418189,7.29268770829249
2020-07-06,9543,234,9340,223,203,11,10419,210,202641,1630,213060,1840,4,104,26,619,108,0,"East TN",2455501,82.4678955536976,0.0774577332498435,74.9337915154586,9.52962348620506,7.74577332498435
2020-07-07,9991,448,9779,439,212,9,10985,566,208917,6276,219902,6842,0,104,32,651,109,1,"East TN",2455501,89.7169253850844,0.0808786819770344,278.639674754765,18.2447492385464,8.08786819770345
2020-07-08,10372,381,10150,371,222,10,11419,434,213085,4168,224504,4602,1,105,20,671,109,0,"East TN",2455501,94.0337633745619,0.0812998308770234,187.415928562033,15.5161818301031,8.12998308770234
2020-07-09,10821,449,10585,435,236,14,11891,472,219034,5949,230925,6421,1,106,24,695,113,4,"East TN",2455501,92.7712918870731,0.0785988631126133,261.494497456934,18.2854741252396,7.85988631126133
2020-07-10,11288,467,11040,455,248,12,12344,453,222318,3284,234662,3737,0,106,29,724,115,2,"East TN",2455501,102.58598958013,0.0851096363803174,152.188901572429,19.0185220857169,8.51096363803175
2020-07-11,11594,306,11339,299,255,7,12766,422,226796,4478,239562,4900,5,111,23,747,120,5,"East TN",2455501,106.088329835744,0.0898479496237137,199.551944796602,12.4618153281143,8.98479496237137
2020-07-12,12064,470,11801,462,263,8,13399,633,232725,5929,246124,6562,1,112,25,772,125,5,"East TN",2455501,112.197062839722,0.0913935365574146,267.236706480673,19.1406967457965,9.13935365574146
2020-07-13,12418,354,12142,341,276,13,13742,343,236158,3433,249900,3776,3,115,20,792,129,4,"East TN",2455501,117.084049242904,0.0902008686210641,153.777172153463,14.4166098893871,9.02008686210641
2020-07-14,12933,515,12652,510,281,5,14326,584,240646,4488,254972,5072,4,119,34,826,133,4,"East TN",2455501,119.812616651347,0.0952666096378671,206.556625307829,20.9733166469898,9.52666096378671
2020-07-15,13313,380,13026,374,287,6,14709,383,243742,3096,258451,3479,6,125,24,850,140,7,"East TN",2455501,119.771891764654,0.0969157804813386,141.681880805587,15.4754569434099,9.69157804813386
2020-07-16,14140,827,13838,812,302,15,15806,1097,253573,9831,269379,10928,6,131,44,894,142,2,"East TN",2455501,135.165898934678,0.101809954751131,445.041561783115,33.6794812952632,10.1809954751131
2020-07-17,14608,468,14292,454,316,14,16317,511,257892,4319,274209,4830,3,134,24,918,147,5,"East TN",2455501,135.206623821371,0.100462740536577,196.701202728079,19.0592469724101,10.0462740536577
2020-07-18,15117,509,14786,494,331,15,16985,668,265980,8088,282965,8756,6,140,27,945,150,3,"East TN",2455501,143.473775820087,0.097205262309057,356.587107885519,20.7289673268307,9.7205262309057
2020-07-19,15598,481,15248,462,350,19,17545,560,270832,4852,288377,5412,0,140,26,971,154,4,"East TN",2455501,143.921749573712,0.098123210186259,220.403086783512,19.5886704994215,9.8123210186259
2020-07-20,16033,435,15668,420,365,15,17956,411,273289,2457,291245,2868,2,142,29,1000,158,4,"East TN",2455501,147.22046539586,0.101922844358447,116.798975036052,17.715325711535,10.1922844358447
2020-07-21,17034,1001,16652,984,382,17,19168,1212,281667,8378,300835,9590,1,143,61,1061,161,3,"East TN",2455501,167.012760328748,0.105575300351046,390.551663387635,40.7656115798772,10.5575300351046
2020-07-22,17618,584,17220,568,398,16,19822,654,284967,3300,304789,3954,4,147,29,1090,166,5,"East TN",2455501,175.320637214157,0.11034140446286,161.02620198485,23.7833338288195,11.034140446286
2020-07-23,18412,794,17992,772,420,22,20821,999,295168,10201,315989,11200,4,151,50,1140,172,6,"East TN",2455501,173.976715953282,0.107594936708861,456.118730963661,32.3355600343881,10.7594936708861
2020-07-24,19015,603,18582,590,433,13,21505,684,300975,5807,322480,6491,2,153,34,1174,179,7,"East TN",2455501,179.474575656862,0.107476538708541,264.345239525457,24.55710667599,10.7476538708541
2020-07-25,19992,977,19547,965,445,12,22706,1201,310582,9607,333288,10808,10,163,29,1203,187,8,"East TN",2455501,198.533822629272,0.113685591081613,440.154575379933,39.7882142992408,11.3685591081613
2020-07-26,20767,775,20307,760,460,15,23603,897,318100,7518,341703,8415,1,164,21,1224,194,7,"East TN",2455501,210.506939317068,0.113603120429059,342.699921523143,31.5617871872176,11.3603120429059
2020-07-27,21412,645,20930,623,482,22,24308,705,322563,4463,346871,5168,6,170,38,1262,198,4,"East TN",2455501,219.059165522637,0.114191205551361,210.466214430375,26.2675519171037,11.4191205551361
2020-07-28,22227,815,21722,792,505,23,25280,972,330777,8214,356057,9186,7,177,50,1312,203,5,"East TN",2455501,211.484336597704,0.110680525877368,374.098809163588,33.190782654945,11.0680525877368
2020-07-29,22570,343,22054,332,516,11,25596,316,332347,1570,357943,1886,5,182,24,1336,212,9,"East TN",2455501,201.669638904647,0.108627760845844,76.807136303345,13.9686361357621,10.8627760845844
2020-07-30,23757,1187,23226,1172,531,15,26976,1380,344877,12530,371853,13910,5,187,46,1382,219,7,"East TN",2455501,217.674519375068,0.110178290133181,566.48317390219,48.3404405048094,11.0178290133181
2020-07-31,24379,622,23832,606,547,16,27630,654,348844,3967,376474,4621,6,193,27,1409,228,9,"East TN",2455501,218.448292222239,0.11343853020706,188.189701409203,25.3308795231604,11.343853020706
2020-08-01,24938,559,24374,542,564,17,28266,636,355819,6975,384085,7611,1,194,16,1425,231,3,"East TN",2455501,201.425289584488,0.109455282792291,309.957112621823,22.7652116614899,10.9455282792291
2020-08-02,25369,431,24794,420,575,11,28749,483,359614,3795,388363,4278,4,198,21,1446,236,5,"East TN",2455501,187.415928562033,0.110287183883412,174.221065273441,17.5524261647623,11.0287183883412
2020-08-03,25995,626,25402,608,593,18,29457,708,363758,4144,393215,4852,3,201,39,1485,244,8,"East TN",2455501,186.642155714862,0.111103918522355,197.597150235329,25.4937790699332,11.1103918522355
2020-08-04,26481,486,25868,466,613,20,29983,526,369128,5370,399111,5896,6,207,34,1519,253,9,"East TN",2455501,173.243667992805,0.109234914293678,240.113931943013,19.7922949328874,10.9234914293678
2020-08-05,26949,468,26328,460,621,8,30504,521,373340,4212,403844,4733,9,216,20,1539,259,6,"East TN",2455501,178.334278829453,0.106925775037581,192.75088871884,19.0592469724101,10.6925775037581
2020-08-06,27679,730,27020,692,659,38,31355,851,380409,7069,411764,7920,7,223,37,1576,265,6,"East TN",2455501,159.723005610668,0.109719125053243,322.541102610017,29.7291672860243,10.9719125053243
2020-08-07,28234,555,27561,541,673,14,31974,619,384377,3968,416351,4587,6,229,34,1610,278,13,"East TN",2455501,156.994438202224,0.108934975048273,186.805055261635,22.6023121147171,10.8934975048273
2020-08-08,28909,675,28224,663,685,12,32774,800,394454,10077,427228,10877,8,237,24,1634,289,11,"East TN",2455501,161.718525058634,0.104489720232714,442.964592561762,27.4892985178992,10.4489720232714
2020-08-09,29437,528,28740,516,697,12,33408,634,398755,4301,432163,4935,2,239,20,1654,296,7,"East TN",2455501,165.668839067873,0.106369863013699,200.977315830863,21.5027401740012,10.6369863013699
2020-08-10,29740,303,29032,292,708,11,33736,328,401044,2289,434780,2617,3,242,26,1680,300,4,"East TN",2455501,152.514700665974,0.102947191146397,106.577028476063,12.3396406680348,10.2947191146397
2020-08-11,30352,612,29627,595,725,17,34421,685,407141,6097,441562,6782,17,259,28,1708,305,5,"East TN",2455501,157.646036389315,0.104544062566253,276.196181553174,24.9236306562286,10.4544062566253
2020-08-12,30797,445,30051,424,746,21,34895,474,410889,3748,445784,4222,6,265,25,1733,310,5,"East TN",2455501,156.709363995372,0.104697186456843,171.940471618623,18.1225745784669,10.4697186456843
2020-08-13,31614,817,30855,804,759,13,36012,1117,419450,8561,455462,9678,6,271,44,1777,318,8,"East TN",2455501,160.252429137679,0.106572383175431,394.135453416635,33.2722324283313,10.6572383175431
2020-08-14,32075,461,31287,432,788,29,36546,534,424106,4656,460652,5190,4,275,18,1795,325,7,"East TN",2455501,156.42428978852,0.103203087966412,211.362161937625,18.7741727655578,10.3203087966412
2020-08-15,32725,650,31925,638,800,12,37423,877,431041,6935,468464,7812,4,279,17,1812,334,9,"East TN",2455501,155.40616762119,0.112741294014938,318.142814847153,26.4711763505696,11.2741294014938
2020-08-16,33199,474,32388,463,811,11,38016,593,436505,5464,474521,6057,2,281,10,1822,343,9,"East TN",2455501,153.207023739758,0.108787005996506,246.670638700615,19.3035962925692,10.8787005996506
2020-08-17,33472,273,32591,203,881,70,38243,227,437974,1469,476217,1696,8,289,12,1834,349,6,"East TN",2455501,151.985277138963,0.108767526606656,69.0694078316401,11.1178940672392,10.8767526606656
2020-08-18,34102,630,33156,565,946,65,39055,812,448566,10592,487621,11404,8,297,22,1856,352,3,"East TN",2455501,152.71832509944,0.100610087062246,464.42660784907,25.6566786167059,10.0610087062246
2020-08-19,34557,455,33590,434,967,21,39552,497,453349,4783,492901,5280,7,304,22,1878,359,7,"East TN",2455501,153.125573966372,0.0988390602118131,215.027401740011,18.5298234453987,9.88390602118131
2020-08-20,35333,776,34345,755,988,21,40424,872,464881,11532,505305,12404,6,310,27,1905,367,8,"East TN",2455501,151.455853611951,0.0885179463515438,505.151494542254,31.6025120739108,8.85179463515438
2020-08-21,35542,209,34542,197,1000,12,40637,213,467332,2451,507969,2664,17,327,17,1922,374,7,"East TN",2455501,141.193182165269,0.0864594120506372,108.491098150642,8.51150131887546,8.64594120506372
2020-08-22,36411,869,35399,857,1012,12,41609,972,480698,13366,522307,14338,2,329,20,1942,381,7,"East TN",2455501,150.111932351076,0.0777445536095686,583.913425406872,35.3899265363769,7.77445536095686
2020-08-23,36664,253,35641,242,1023,11,41863,254,485802,5104,527665,5358,0,329,20,1962,386,5,"East TN",2455501,141.111732391883,0.072388228210146,218.20394290208,10.3033963333756,7.2388228210146
2020-08-24,36856,192,35816,175,1040,17,42061,198,487145,1343,529206,1541,8,337,15,1977,396,10,"East TN",2455501,137.813016569735,0.072052690180981,62.7570503941965,7.81917824509133,7.2052690180981
2020-08-25,37470,614,36405,589,1065,25,42746,685,496872,9727,539618,10412,16,353,23,2000,405,9,"East TN",2455501,137.161418382644,0.0709848645114141,424.027520249432,25.005080429615,7.09848645114141
2020-08-26,37813,343,36723,318,1090,25,43129,383,500834,3962,543963,4345,6,359,11,2011,413,8,"East TN",2455501,132.600231073007,0.0700520935333516,176.949632681884,13.9686361357621,7.00520935333516
2020-08-27,38674,861,37567,844,1107,17,44105,976,511121,10287,555226,11263,8,367,29,2040,420,7,"East TN",2455501,136.061846441928,0.0737365036758078,458.684398825331,35.0641274428314,7.37365036758078
2020-08-28,39008,334,37881,314,1127,20,44443,338,513730,2609,558173,2947,12,379,10,2050,426,6,"East TN",2455501,141.152457278576,0.0758106923751096,120.016241084813,13.6021121555235,7.58106923751096
2020-08-29,39459,451,38316,435,1143,16,44971,528,520249,6519,565220,7047,8,387,16,2066,435,9,"East TN",2455501,124.129454640825,0.0783445575932701,286.988276526868,18.366923898626,7.83445575932701
2020-08-30,39722,263,38568,252,1154,11,45238,267,522130,1881,567368,2148,8,395,14,2080,438,3,"East TN",2455501,124.536703507757,0.0850061708183261,87.4770566169592,10.7106452003074,8.50061708183261
2020-08-31,40129,407,38946,378,1183,29,45688,450,525616,3486,571304,3936,2,397,17,2097,443,5,"East TN",2455501,133.292554146791,0.0861561119293078,160.293154024372,16.5750288841259,8.61561119293078
2020-09-01,40736,607,39511,565,1225,42,46362,674,531279,5663,577641,6337,6,403,28,2125,452,9,"East TN",2455501,133.007479939939,0.0951003340083634,258.073606974707,24.7200062227627,9.51003340083634
2020-09-02,41224,488,39970,459,1254,29,46815,453,536072,4793,582887,5246,7,410,22,2147,459,7,"East TN",2455501,138.912588510451,0.0946973589559141,213.642755592443,19.8737447062738,9.46973589559141
2020-09-03,41779,555,40492,522,1287,33,47462,647,544328,8256,591790,8903,6,416,22,2169,462,3,"East TN",2455501,126.450773182336,0.0918116179849032,362.573666229417,22.6023121147171,9.18116179849032
2020-09-04,42136,357,40835,343,1301,14,47810,348,547660,3332,595470,3680,7,423,11,2180,463,1,"East TN",2455501,127.38744557628,0.0902753572673405,149.867583030917,14.5387845494667,9.02753572673405
2020-09-05,43134,998,41818,983,1316,15,48900,1090,556971,9311,605871,10401,1,424,26,2206,469,6,"East TN",2455501,149.663958597451,0.0966519888809623,423.579546495807,40.6434369197976,9.66519888809623
2020-09-06,43397,263,42065,247,1332,16,49168,268,559595,2624,608763,2892,0,424,9,2215,483,14,"East TN",2455501,149.663958597451,0.0949390022949632,117.776372316688,10.7106452003074,9.49390022949632
2020-09-07,43601,204,42262,197,1339,7,49405,237,560931,1336,610336,1573,3,427,13,2228,487,4,"East TN",2455501,141.396806598735,0.0952295552367288,64.0602467683784,8.30787688540954,9.52295552367288
2020-09-08,43912,311,42551,289,1361,22,49725,320,564356,3425,614081,3745,7,434,24,2252,494,7,"East TN",2455501,129.342240137552,0.0922886937431394,152.514700665974,12.6654397615802,9.22886937431394
2020-09-09,44245,333,42867,316,1378,17,50099,374,569498,5142,619597,5516,6,440,16,2268,501,7,"East TN",2455501,123.029882700109,0.0894579133751022,224.638474999603,13.5613872688303,8.94579133751022
2020-09-10,44920,675,43505,638,1415,37,50806,707,577304,7806,628110,8513,18,458,39,2307,512,11,"East TN",2455501,127.916869103291,0.0920704845814978,346.690960419075,27.4892985178992,9.20704845814978
2020-09-11,45245,325,43807,302,1438,23,51160,354,581459,4155,632619,4509,17,475,26,2333,523,11,"East TN",2455501,126.613672729109,0.0901773937387278,183.628514099567,13.2355881752848,9.01773937387278
2020-09-12,45663,418,44207,400,1456,18,51671,511,588443,6984,640114,7495,10,485,14,2347,534,11,"East TN",2455501,102.993238447062,0.0809216482200742,305.233025765414,17.0230026377509,8.09216482200742
2020-09-13,46102,439,44626,419,1476,20,52171,500,594017,5574,646188,6074,2,487,21,2368,539,5,"East TN",2455501,110.160818505063,0.0802404809619238,247.3629617744,17.8782252583078,8.02404809619238
2020-09-14,46546,444,45055,429,1491,15,52656,485,598990,4973,651646,5458,9,496,25,2393,549,10,"East TN",2455501,119.934791311427,0.0786976519002663,222.276431571398,18.0818496917737,7.86976519002663
2020-09-15,47039,493,45511,456,1528,37,53196,540,607164,8174,660360,8714,7,503,20,2413,552,3,"East TN",2455501,127.346720689586,0.0750016206054582,354.876662644405,20.0773691397397,7.50016206054582
2020-09-16,47392,353,45821,310,1571,43,53590,394,610578,3414,664168,3808,6,509,17,2430,561,9,"East TN",2455501,128.16121842345,0.0783244710686321,155.080368527645,14.375885002694,7.83244710686321
2020-09-17,47943,551,46340,519,1603,32,54167,577,617753,7175,671920,7752,8,517,21,2451,572,11,"East TN",2455501,123.111332473495,0.0767176443734307,315.699321645562,22.4394125679444,7.67176443734307
2020-09-18,48477,534,46826,486,1651,48,54733,566,625866,8113,680599,8679,17,534,30,2481,578,6,"East TN",2455501,131.622833792371,0.074468528553564,353.451291610144,21.7470894941603,7.4468528553564
2020-09-19,48985,508,47311,485,1674,23,55306,573,634218,8352,689524,8925,3,537,30,2511,580,2,"East TN",2455501,135.288073594757,0.0735681036227484,363.469613736667,20.6882424401375,7.35681036227484
2020-09-20,49291,306,47592,281,1699,25,55635,329,639176,4958,694811,5287,1,538,13,2524,591,11,"East TN",2455501,129.871663664564,0.0712420048125373,215.312475946864,12.4618153281143,7.12420048125373
2020-09-21,49454,163,47725,133,1729,30,55787,152,640692,1516,696479,1668,3,541,9,2533,596,5,"East TN",2455501,118.427970503779,0.0698369504605982,67.9291110042309,6.63815653098899,6.98369504605982
2020-09-22,49914,460,48127,402,1787,58,56277,490,646841,6149,703118,6639,6,547,29,2562,603,7,"East TN",2455501,117.084049242904,0.0720566911455166,270.372522756049,18.7334478788646,7.20566911455166
2020-09-23,50208,294,48381,254,1827,40,56559,282,648934,2093,705493,2375,8,555,13,2575,612,9,"East TN",2455501,114.681280928006,0.0718451300665457,96.721605896312,11.9731166877961,7.18451300665457
2020-09-24,50671,463,48823,442,1848,21,57039,480,655824,6890,712863,7370,11,566,28,2603,617,5,"East TN",2455501,111.097490899006,0.0701463009549862,300.142414928766,18.8556225389442,7.01463009549862
2020-09-25,51125,454,49253,430,1872,24,57525,486,662498,6674,720023,7160,11,577,18,2621,624,7,"East TN",2455501,107.839499963551,0.0708198051948052,291.590188723197,18.4890985587055,7.08198051948052
2020-09-26,51683,558,49787,534,1896,24,58163,638,673052,10554,731215,11192,5,582,29,2650,631,7,"East TN",2455501,109.87574429821,0.0685279796598786,455.792931870115,22.7244867747967,6.85279796598786
2020-09-27,52076,393,50152,365,1924,28,58570,407,679069,6017,737639,6424,3,585,30,2680,638,7,"East TN",2455501,113.418809440517,0.0685299336882413,261.616672117014,16.0048804704213,6.85299336882413
2020-09-28,52310,234,50347,195,1963,39,58795,225,680755,1686,739550,1911,4,589,15,2695,645,7,"East TN",2455501,116.310276395733,0.0698381741775208,77.8252584706746,9.52962348620506,6.98381741775208
2020-09-29,52693,383,50687,340,2006,43,59192,397,686563,5808,745755,6205,9,598,33,2728,647,2,"East TN",2455501,113.174460120358,0.0683678495203696,252.697921931207,15.5976316034895,6.83678495203696
2020-09-30,53175,482,51137,450,2038,32,59668,476,690001,3438,749669,3914,6,604,23,2751,651,4,"East TN",2455501,120.830738818677,0.0703775805867439,159.397206517122,19.6293953861147,7.0377580586744
2020-10-01,53563,388,51486,349,2077,39,60047,379,693279,3278,753326,3657,11,615,31,2782,656,5,"East TN",2455501,117.776372316688,0.0743395200553592,148.930910636974,15.8012560369554,7.43395200553592
2020-10-02,54027,464,51922,436,2105,28,60509,462,696900,3621,757409,4083,2,617,17,2799,660,4,"East TN",2455501,118.18362118362,0.079815973893971,166.27971236827,18.8963474256374,7.9815973893971
2020-10-03,54432,405,52310,388,2122,17,60992,483,704358,7458,765350,7941,12,629,22,2821,666,6,"East TN",2455501,111.952713519563,0.082876812655632,323.396325230574,16.4935791107395,8.2876812655632
2020-10-04,54887,455,52735,425,2152,30,61531,539,714480,10122,776011,10661,4,633,27,2848,679,13,"East TN",2455501,114.47765649454,0.0771656416136766,434.168017036035,18.5298234453987,7.71656416136766
2020-10-05,55558,671,53347,612,2211,59,62282,751,721729,7249,784011,8000,5,638,42,2890,688,9,"East TN",2455501,132.274431979462,0.0784282854636648,325.799093545472,27.3263989711265,7.84282854636648
2020-10-06,56308,750,54013,666,2295,84,63021,739,728366,6637,791387,7376,8,646,46,2936,697,9,"East TN",2455501,147.22046539586,0.0839104137447405,300.386764248925,30.543665019888,8.39104137447405
2020-10-07,57045,737,54672,659,2373,78,63729,708,735117,6751,798846,7459,3,649,38,2974,703,6,"East TN",2455501,157.605311502622,0.0825792545295565,303.766929844459,30.0142414928766,8.25792545295565
2020-10-08,57763,718,55329,657,2434,61,64407,678,741575,6458,805982,7136,10,659,32,3006,709,6,"East TN",2455501,171.044524111373,0.082801580066849,290.612791442561,29.2404686457061,8.2801580066849
2020-10-09,58304,541,55828,499,2476,42,64967,560,747054,5479,812021,6039,4,663,20,3026,716,7,"East TN",2455501,174.180340386748,0.0816304108987036,245.937590740138,22.0321637010125,8.16304108987036
2020-10-10,58922,618,56416,588,2506,30,65636,669,755480,8426,821116,9095,12,675,20,3046,730,14,"East TN",2455501,182.854741252396,0.08327654843453,370.392844474508,25.1679799763877,8.327654843453
2020-10-11,59865,943,57328,912,2537,31,66665,1029,765906,10426,832571,11455,1,676,37,3083,737,7,"East TN",2455501,202.72848595867,0.0907708628005658,466.503577070423,38.4035681516725,9.07708628005658
2020-10-12,60221,356,57613,285,2608,71,66982,317,768827,2921,835809,3238,6,682,19,3102,748,11,"East TN",2455501,189.900146650317,0.0907370940962972,131.86718311253,14.4980596627735,9.07370940962972
2020-10-13,60726,505,58066,453,2660,52,67466,484,773208,4381,840674,4865,9,691,24,3126,755,7,"East TN",2455501,179.922549410487,0.0901860531174549,198.12657376234,20.5660677800579,9.01860531174549
2020-10-14,61600,874,58878,812,2722,62,68314,848,779392,6184,847706,7032,1,692,44,3170,762,7,"East TN",2455501,185.501858887453,0.0938395415472779,286.37740322647,35.5935509698428,9.38395415472779
2020-10-15,62109,509,59318,440,2791,69,68779,465,783545,4153,852324,4618,14,706,19,3189,771,9,"East TN",2455501,176.990357568578,0.0943420655129256,188.067526749124,20.7289673268307,9.43420655129256
2020-10-16,62748,639,59914,596,2834,43,69363,584,787634,4089,856997,4673,2,708,22,3211,783,12,"East TN",2455501,180.98139646451,0.097741017431519,190.307395517249,26.0232025969446,9.7741017431519
2020-10-17,63466,718,60595,681,2871,37,70223,860,796417,8783,866640,9643,6,714,37,3248,790,7,"East TN",2455501,185.053885133828,0.100760038660926,392.710082382373,29.2404686457061,10.0760038660926
2020-10-18,64270,804,61353,758,2917,46,71093,870,804525,8108,875618,8978,3,717,39,3287,798,8,"East TN",2455501,179.393125883476,0.102864311101819,365.628032731406,32.7428089013199,10.2864311101819
2020-10-19,65018,748,62038,685,2980,63,71852,759,809423,4898,881275,5657,3,720,67,3354,809,11,"East TN",2455501,195.357281467204,0.107113007522104,230.380684023342,30.4622152465016,10.7113007522104
2020-10-20,65704,686,62647,609,3057,77,72543,691,813037,3614,885580,4305,15,735,32,3386,822,13,"East TN",2455501,202.72848595867,0.113058388634036,175.320637214157,27.9372722715242,11.3058388634036
2020-10-21,66297,593,63199,552,3098,41,73159,616,816780,3743,889939,4359,5,740,27,3413,836,14,"East TN",2455501,191.284792797885,0.114720716027751,177.519781095589,24.1498578090581,11.4720716027751
2020-10-22,67427,1130,64235,1036,3192,94,74260,1101,825344,8564,899604,9665,10,750,43,3456,851,15,"East TN",2455501,216.574947434353,0.115926395939086,393.606029889623,46.0191219632979,11.5926395939086
2020-10-23,68398,971,65139,904,3259,67,75230,970,832460,7116,907690,8086,19,769,39,3495,859,8,"East TN",2455501,230.09560981649,0.115735900420176,329.301433801086,39.5438649790817,11.5735900420176
2020-10-24,69635,1237,66314,1175,3321,62,76557,1327,842981,10521,919538,11848,12,781,50,3545,876,17,"East TN",2455501,251.231826010252,0.119739876743922,482.508457540844,50.3766848394686,11.9739876743922
2020-10-25,70564,929,67186,872,3378,57,77604,1047,850856,7875,928460,8922,9,790,43,3588,887,11,"East TN",2455501,256.3224368469,0.123216380909125,363.347439076588,37.8334197379679,12.3216380909125
2020-10-26,71026,462,67592,406,3434,56,78038,434,853611,2755,931649,3189,6,796,21,3609,900,13,"East TN",2455501,244.675119252649,0.122801445189979,129.871663664564,18.814897652251,12.2801445189979
2020-10-27,71868,842,68304,712,3564,130,78821,783,857995,4384,936816,5167,12,808,54,3663,924,24,"East TN",2455501,251.028201576786,0.122531032867515,210.425489543682,34.2903545956609,12.2531032867515
2020-10-28,72865,997,69215,911,3650,86,79791,970,865211,7216,945002,8186,13,821,41,3704,938,14,"East TN",2455501,267.481055800833,0.120443855220384,333.373922470404,40.6027120331044,12.0443855220384
2020-10-29,73773,908,70008,793,3765,115,80625,834,871713,6502,952338,7336,11,832,40,3744,950,12,"East TN",2455501,258.440130954946,0.120700117571206,298.757768781198,36.9781971174111,12.0700117571206
2020-10-30,74673,900,70815,807,3858,93,81465,840,876569,4856,958034,5696,28,860,39,3783,966,16,"East TN",2455501,255.54866399973,0.123847926267281,231.968954604376,36.6523980238656,12.3847926267281
2020-10-31,74687,14,70829,14,3858,0,81481,16,876590,21,958071,37,5,865,0,3783,977,11,"East TN",2455501,205.742127573966,0.127786572548205,1.50682080764781,0.570148413704576,12.7786572548205
2020-11-01,75194,507,71219,390,3975,117,81951,470,883153,6563,965104,7033,0,865,27,3810,993,16,"East TN",2455501,188.556225389442,0.118627879052505,286.418128113163,20.6475175534443,11.8627879052505
2020-11-02,76004,810,71961,742,4043,68,82726,775,887381,4228,970107,5003,11,876,38,3848,1007,14,"East TN",2455501,202.72848595867,0.121899214727755,203.746608126,32.987158221479,12.1899214727755
2020-11-03,77044,1040,72921,960,4123,80,83802,1076,894243,6862,978045,7938,31,907,29,3877,1020,13,"East TN",2455501,210.79201352392,0.120813019961677,323.274150570495,42.3538821609114,12.0813019961677
2020-11-04,77955,911,73733,812,4222,99,84649,847,899128,4885,983777,5732,6,913,35,3912,1044,24,"East TN",2455501,207.289673268307,0.12528691166989,233.435050525331,37.1003717774906,12.528691166989
2020-11-05,78533,578,74217,484,4316,94,85150,501,901789,2661,986939,3162,17,930,27,3939,1058,14,"East TN",2455501,193.850460659556,0.130776567151238,128.772091723848,23.5389845086603,13.0776567151238
2020-11-06,79499,966,75066,849,4433,117,86077,927,908196,6407,994273,7334,10,940,37,3976,1082,24,"East TN",2455501,196.538303181306,0.127266204917354,298.676319007811,39.3402405456157,12.7266204917354
2020-11-07,80826,1327,76307,1241,4519,86,87496,1419,919116,10920,1006612,12339,21,961,52,4028,1092,10,"East TN",2455501,250.010079409457,0.123915864938918,502.504376907197,54.0419246418552,12.3915864938918
2020-11-08,82383,1557,77746,1439,4637,118,89163,1667,932015,12899,1021178,14566,3,964,52,4080,1109,17,"East TN",2455501,292.7712104373,0.128615757748689,593.198699572918,63.4086485812875,12.8615757748689
2020-11-09,83002,619,78285,539,4717,80,89743,580,935467,3452,1025210,4032,9,973,19,4099,1120,11,"East TN",2455501,284.992757078902,0.127343338838176,164.202743146918,25.2087048630809,12.7343338838176
2020-11-10,83941,939,79135,850,4806,89,90666,923,940468,5001,1031134,5924,27,1000,44,4143,1138,18,"East TN",2455501,280.87954352289,0.12929232044303,241.254228770422,38.2406686048998,12.929232044303
2020-11-11,85245,1304,80235,1100,5010,204,91835,1169,947015,6547,1038850,7716,26,1026,59,4202,1152,14,"East TN",2455501,296.884423993311,0.130481361102537,314.233225724608,53.1052522479119,13.0481361102537
2020-11-12,86082,837,80940,705,5142,132,92599,764,951228,4213,1043827,4977,15,1041,34,4236,1170,18,"East TN",2455501,307.432169646846,0.130941499085923,202.687761071977,34.086730162195,13.0941499085923
2020-11-13,87540,1458,82227,1287,5313,171,93898,1299,957087,5859,1050985,7158,27,1068,47,4283,1186,16,"East TN",2455501,327.468813899893,0.137907321201862,291.508738949811,59.3768847986623,13.7907321201862
2020-11-14,89015,1475,83618,1391,5397,84,95433,1535,965982,8895,1061415,10430,7,1075,52,4335,1215,29,"East TN",2455501,333.496097130484,0.144827837892086,424.760568209909,60.0692078724464,14.4827837892086
2020-11-15,90967,1952,85351,1733,5616,219,97393,1960,977151,11169,1074544,13129,7,1082,56,4391,1232,17,"East TN",2455501,349.582427374291,0.154218041449612,534.677037394813,79.4949788250952,15.4218041449612
2020-11-16,92492,1525,86750,1399,5742,126,98930,1537,984770,7619,1083700,9156,10,1092,41,4432,1251,19,"East TN",2455501,386.479174718316,0.157069584544367,372.877062562793,62.1054522071056,15.7069584544367
2020-11-17,93704,1212,87869,1119,5835,93,100151,1221,989913,5143,1090064,6364,31,1123,46,4478,1278,27,"East TN",2455501,397.597068785555,0.160953673850331,259.173178915423,49.358562672139,16.0953673850331
2020-11-18,94902,1198,88825,956,6077,242,101184,1033,995057,5144,1096241,6177,14,1137,53,4531,1293,15,"East TN",2455501,393.280230796078,0.162900106288442,251.557625103798,48.7884142584344,16.2900106288442
2020-11-19,95982,1080,89706,881,6276,199,102043,859,999718,4661,1101761,5520,45,1182,52,4583,1313,20,"East TN",2455501,403.176378262522,0.163013083854041,224.801374546376,43.9828776286387,16.3013083854041
2020-11-20,97108,1126,90669,963,6439,163,103066,1023,1004617,4899,1107683,5922,28,1210,36,4619,1339,26,"East TN",2455501,389.655715880384,0.161698825355392,241.172778997036,45.8562224165252,16.1698825355392
2020-11-21,98326,1218,91733,1064,6593,154,104165,1099,1011023,6406,1115188,7505,3,1213,47,4666,1363,24,"East TN",2455501,379.189420000236,0.162386327710933,305.640274632346,49.6029119922981,16.2386327710933
2020-11-22,99912,1586,93162,1429,6750,157,105831,1666,1020624,9601,1126455,11267,17,1230,57,4723,1390,27,"East TN",2455501,364.284111470531,0.162547436959411,458.847298372104,64.5896702953898,16.2547436959411
2020-11-23,100803,891,93920,758,6883,133,106533,702,1023740,3116,1130273,3818,18,1248,35,4758,1417,27,"East TN",2455501,338.464533307052,0.163249092822021,155.487617394577,36.2858740436269,16.3249092822021
2020-11-24,101714,911,94655,735,7059,176,107238,705,1026767,3027,1134005,3732,13,1261,57,4815,1445,28,"East TN",2455501,326.206342412404,0.161284449602877,151.985277138963,37.1003717774906,16.1284449602877
2020-11-25,102620,906,95341,686,7279,220,107783,545,1029075,2308,1136858,2853,38,1299,56,4871,1470,25,"East TN",2455501,314.314675497994,0.162468916955954,116.188101735654,36.8967473440247,16.2468916955954
2020-11-26,104085,1465,96728,1387,7357,78,109452,1669,1037440,8365,1146892,10034,18,1317,25,4896,1489,19,"East TN",2455501,329.99375687487,0.164166537413308,408.633513079408,59.6619590055146,16.4166537413308
2020-11-27,105788,1703,98294,1566,7494,137,111201,1749,1044979,7539,1156180,9288,5,1322,50,4946,1517,28,"East TN",2455501,353.492016496837,0.167742334577397,378.252747606293,69.3544820384923,16.7742334577397
2020-11-28,107412,1624,99674,1380,7738,244,112695,1494,1052509,7530,1165204,9024,2,1324,45,4991,1545,28,"East TN",2455501,370.02632049427,0.170545425463852,367.501377519292,66.1372159897308,17.0545425463852
2020-11-29,109699,2287,101794,2120,7905,167,115020,2325,1063204,10695,1178224,13020,4,1328,51,5042,1570,25,"East TN",2455501,398.574466066192,0.177500048291449,530.238024745256,93.1378158673118,17.7500048291449
2020-11-30,111933,2234,103799,2005,8134,229,117240,2220,1072654,9450,1189894,11670,15,1343,53,5095,1601,31,"East TN",2455501,453.267988895138,0.179584374633099,475.259427709457,90.979396872573,17.9584374633099
2020-12-01,114194,2261,105805,2006,8389,255,119378,2138,1081489,8835,1200867,10973,20,1363,63,5158,1629,28,"East TN",2455501,508.246585930936,0.181568005743173,446.874181684308,92.078968813289,18.1568005743172
2020-12-02,115251,1057,106718,913,8533,144,120254,876,1084397,2908,1204651,3784,15,1378,42,5200,1662,33,"East TN",2455501,514.396043821607,0.183957045712684,154.102971247008,43.0462052346955,18.3957045712684
2020-12-03,117059,1808,108287,1569,8772,239,121976,1722,1090388,5991,1212364,7713,33,1411,45,5245,1683,21,"East TN",2455501,528.364679957369,0.191287878787879,314.111051064528,73.6305951412767,19.1287878787879
2020-12-04,118788,1729,109675,1388,9113,341,123434,1458,1095908,5520,1219342,6978,37,1448,36,5281,1718,35,"East TN",2455501,529.423527011392,0.193676577689117,284.178259345038,70.4133290925151,19.3676577689117
2020-12-05,119921,1133,110584,909,9337,224,124363,929,1098972,3064,1223335,3993,5,1453,24,5305,1744,26,"East TN",2455501,509.427607645039,0.200719065558824,162.614472565884,46.1412966233775,20.0719065558824
2020-12-06,121390,1469,111847,1263,9543,206,125604,1241,1103464,4492,1229068,5733,20,1473,40,5345,1780,36,"East TN",2455501,476.114650330014,0.20816615529856,233.475775412024,59.8248585522873,20.816615529856
2020-12-07,124113,2723,114252,2405,9861,318,128175,2571,1113010,9546,1241185,12117,31,1504,51,5396,1802,22,"East TN",2455501,496.029119922981,0.2131952974206,493.46345206131,110.89386646554,21.31952974206
2020-12-08,126877,2764,116615,2363,10262,401,130706,2531,1121369,8359,1252075,10890,45,1549,71,5467,1826,24,"East TN",2455501,516.513737929653,0.221215435088267,443.494016088774,112.563586819961,22.1215435088267
2020-12-09,129521,2644,118998,2383,10523,261,133283,2577,1128467,7098,1261750,9675,21,1570,56,5523,1849,23,"East TN",2455501,581.144133111736,0.228182630168654,394.013278756555,107.676600416778,22.8182630168654
2020-12-10,132596,3075,121680,2682,10916,393,136233,2950,1139936,11469,1276169,14419,30,1600,74,5597,1886,37,"East TN",2455501,632.742564552,0.223446438366899,587.21214122902,125.229026581541,22.3446438366899
2020-12-11,134580,1984,123428,1748,11152,236,138023,1790,1147107,7171,1285130,8961,35,1635,50,5647,1911,25,"East TN",2455501,643.127410658762,0.221757767373989,364.935709657622,80.798175199277,22.1757767373989
2020-12-12,137841,3261,126155,2727,11686,534,140997,2974,1158339,11232,1299336,14206,21,1656,73,5720,1936,25,"East TN",2455501,729.789969541857,0.218865541242878,578.537740363372,132.803855506473,21.8865541242878
2020-12-13,142131,4290,130014,3859,12117,431,145361,4364,1175619,17280,1320980,21644,15,1671,62,5782,1970,34,"East TN",2455501,844.674874903329,0.214955609713639,881.449447587274,174.709763913759,21.4955609713639
2020-12-14,144990,2859,132471,2457,12519,402,148034,2673,1184897,9278,1332931,11951,37,1708,72,5854,2004,34,"East TN",2455501,850.213459493602,0.216456303272077,486.703120870242,116.432451055813,21.6456303272077
2020-12-15,149116,4126,136011,3540,13105,586,151897,3863,1199918,15021,1351815,18884,34,1742,94,5948,2035,31,"East TN",2455501,905.680755169719,0.212462402245839,769.048760314087,168.030882496077,21.2462402245839
2020-12-16,152334,3218,138268,2257,14066,961,154283,2386,1207814,7896,1362097,10282,19,1761,60,6008,2077,42,"East TN",2455501,929.056840131607,0.209273819845137,418.733284979318,131.052685378666,20.9273819845137
2020-12-17,156401,4067,141640,3372,14761,695,157890,3607,1218513,10699,1376403,14306,58,1819,75,6083,2116,39,"East TN",2455501,969.455927731245,0.216064409282279,582.61022903269,165.628114181179,21.6064409282279
2020-12-18,159608,3207,144376,2736,15232,471,160769,2879,1227202,8689,1387971,11568,43,1862,62,6145,2146,30,"East TN",2455501,1019.26246415701,0.221176379070604,471.105489266752,130.604711625041,22.1176379070604
2020-12-19,162248,2640,146618,2242,15630,398,163237,2468,1235565,8363,1398802,10831,27,1889,41,6186,2183,37,"East TN",2455501,993.972309520542,0.223593991916836,441.091247773876,107.513700870006,22.3593991916836
2020-12-20,165878,3630,149583,2965,16295,665,166553,3316,1249508,13943,1416061,17259,16,1905,55,6241,2217,34,"East TN",2455501,967.09388430304,0.222883646575026,702.870819437663,147.831338696258,22.2883646575026
2020-12-21,168191,2313,151325,1742,16866,571,168456,1903,1256420,6912,1424876,8815,14,1919,35,6276,2252,35,"East TN",2455501,944.858096168562,0.222111044646256,358.989876200417,94.1966629213346,22.2111044646256
2020-12-22,170845,2654,153026,1701,17819,953,170255,1799,1261473,5053,1431728,6852,62,1981,60,6336,2297,45,"East TN",2455501,884.911062956195,0.229724825748001,279.046923621697,108.08384928371,22.9724825748001
2020-12-23,173063,2218,154472,1446,18591,772,171795,1540,1267250,5777,1439045,7317,41,2022,35,6371,2337,40,"East TN",2455501,844.186176263011,0.227582263346676,297.983995934027,90.3277986854821,22.7582263346676
2020-12-24,175155,2092,155930,1458,19225,634,173393,1598,1273539,6289,1446932,7887,15,2037,30,6401,2375,38,"East TN",2455501,763.754525043973,0.219810290802365,321.197181349142,85.1964629621409,21.9810290802365
2020-12-25,177521,2366,157909,1979,19612,387,175559,2166,1282086,8547,1457645,10713,3,2040,27,6428,2411,36,"East TN",2455501,729.504895335005,0.212274306053908,436.28571114408,96.3550819160733,21.2274306053908
2020-12-26,179460,1939,159376,1467,20084,472,177171,1612,1287739,5653,1464910,7265,2,2042,43,6471,2449,38,"East TN",2455501,700.956749763083,0.210776305439584,295.866301825982,78.9655552980838,21.0776305439584
2020-12-27,180756,1296,160286,910,20470,386,178161,990,1290532,2793,1468693,3783,27,2069,41,6512,2480,31,"East TN",2455501,605.904864221191,0.220550235598115,154.062246360315,52.7794531543665,22.0550235598115
2020-12-28,182152,1396,161264,978,20888,418,179181,1020,1292351,1819,1471532,2839,25,2094,42,6554,2517,37,"East TN",2455501,568.560143123542,0.229873971193416,115.617953321949,56.8519418236849,22.9873971193416
2020-12-29,185057,2905,162990,1726,22067,1179,180959,1778,1296438,4087,1477397,5865,50,2144,64,6618,2559,42,"East TN",2455501,578.782089683531,0.234382184851869,238.851460455524,118.3057958437,23.4382184851869
2020-12-30,187385,2328,164606,1616,22779,712,182636,1677,1300917,4479,1483553,6156,40,2184,44,6662,2597,38,"East TN",2455501,583.261827219781,0.243574188909859,250.702402483241,94.8075362217323,24.3574188909859
2020-12-31,190830,3445,167286,2680,23544,765,185531,2895,1308040,7123,1493571,10018,52,2236,30,6692,2640,43,"East TN",2455501,638.362598915659,0.26025429361693,407.981914892317,140.297234658019,26.025429361693
2021-01-01,193070,2240,169003,1717,24067,523,187388,1857,1314235,6195,1501623,8052,24,2260,30,6722,2680,40,"East TN",2455501,633.231263192318,0.268975396789304,327.916787653518,91.2237461927322,26.8975396789304
2021-01-02,195795,2725,171115,2112,24680,613,189638,2250,1320790,6555,1510428,8805,4,2264,63,6785,2716,36,"East TN",2455501,665.241024133161,0.273891647260424,358.582627333485,110.975316238926,27.3891647260424
2021-01-03,197110,1315,172020,905,25090,410,190575,937,1324159,3369,1514734,4306,15,2279,26,6811,2760,44,"East TN",2455501,666.014796980331,0.269629243500358,175.36136210085,53.553226001537,26.9629243500358
2021-01-04,198667,1557,173146,1126,25521,431,191753,1178,1326524,2365,1518277,3543,46,2325,34,6845,2810,50,"East TN",2455501,672.571503737934,0.268948550647128,144.288273553951,63.4086485812875,26.8948550647128
2021-01-05,201568,2901,174885,1739,26683,1162,193578,1825,1331788,5264,1525366,7089,43,2368,60,6905,2854,44,"East TN",2455501,672.408604191161,0.263065729950593,288.698721767981,118.142896296927,26.3065729950593
2021-01-06,204114,2546,176681,1796,27433,750,195481,1903,1337367,5579,1532848,7482,52,2420,63,6968,2897,43,"East TN",2455501,681.286629490275,0.260574094735774,304.703602238403,103.685561520846,26.0574094735774
2021-01-07,206623,2509,178817,2136,27806,373,197801,2320,1344471,7104,1542272,9424,33,2453,45,7013,2929,32,"East TN",2455501,643.168135545455,0.251945545266011,383.791332196566,102.178740713199,25.1945545266011
2021-01-08,208971,2348,180675,1858,28296,490,199788,1987,1351801,7330,1551589,9317,50,2503,47,7060,2984,55,"East TN",2455501,647.566423308319,0.248168754753232,379.433769320395,95.622033955596,24.8168754753232
2021-01-09,211544,2573,182676,2001,28868,572,201966,2178,1359988,8187,1561954,10365,27,2530,32,7092,3012,28,"East TN",2455501,641.376240530955,0.23925785040562,422.113450574852,104.785133461562,23.925785040562
2021-01-10,213210,1666,183809,1133,29401,533,203217,1251,1365787,5799,1569004,7050,36,2566,41,7133,3052,40,"East TN",2455501,655.670675760262,0.232946379215036,287.110451186947,67.8476612308445,23.2946379215036
2021-01-11,214633,1423,184821,1012,29812,411,204314,1097,1369058,3271,1573372,4368,28,2594,40,7173,3092,40,"East TN",2455501,650.213540943376,0.227988020691533,177.886305075828,57.9515137644008,22.7988020691533
2021-01-12,216450,1817,185956,1135,30494,682,205505,1191,1373255,4197,1578760,5388,60,2654,39,7212,3131,39,"East TN",2455501,606.067763767964,0.223377158482226,219.425689502875,73.9971191215153,22.3377158482226
2021-01-13,217977,1527,187032,1076,30945,451,206642,1137,1377984,4729,1584626,5866,49,2703,32,7244,3158,27,"East TN",2455501,564.56910422761,0.215554868863224,238.892185342217,62.186901980492,21.5554868863224
2021-01-14,220228,2251,188814,1782,31414,469,208606,1964,1386506,8522,1595112,10486,38,2741,50,7294,3200,42,"East TN",2455501,554.062083460768,0.204485238455715,427.041161864727,91.6717199463572,20.4485238455715
2021-01-15,221191,963,189484,670,31707,293,209301,695,1389563,3057,1598864,3752,23,2764,30,7324,3241,41,"East TN",2455501,497.658115390708,0.201226864093072,152.799774872826,39.2180658855362,20.1226864093072
2021-01-16,223622,2431,191233,1749,32389,682,211302,2001,1400443,10880,1611745,12881,13,2777,54,7378,3284,43,"East TN",2455501,491.875181480276,0.187503765740797,524.577265494903,99.0021995511303,18.7503765740797
2021-01-17,224479,857,191840,607,32639,250,211973,671,1404061,3618,1616034,4289,13,2790,24,7402,3318,34,"East TN",2455501,458.92874814549,0.186179034658728,174.669039027066,34.9012278960587,18.6179034658728
2021-01-18,225046,567,192162,322,32884,245,212328,355,1406144,2083,1618472,2438,13,2803,21,7423,3349,31,"East TN",2455501,424.068245136125,0.177694013303769,99.2872737579826,23.0910107550353,17.7694013303769
2021-01-19,226729,1683,193138,976,33591,707,213392,1064,1410349,4205,1623741,5269,21,2824,53,7476,3388,39,"East TN",2455501,418.611110319238,0.175340699406416,214.579427986386,68.5399843046287,17.5340699406416
2021-01-20,227713,984,193796,658,33917,326,214088,696,1414339,3990,1628427,4686,32,2856,29,7505,3428,40,"East TN",2455501,396.497496844839,0.169996118810073,190.83681904426,40.073288506093,16.9996118810073
2021-01-21,229275,1562,194934,1138,34341,424,215362,1274,1421267,6928,1636629,8202,65,2921,37,7542,3474,46,"East TN",2455501,368.438049913236,0.162728520846882,334.025520657495,63.6122730147534,16.2728520846882
2021-01-22,230261,986,195638,704,34623,282,216176,814,1426706,5439,1642882,6253,32,2953,31,7573,3506,32,"East TN",2455501,369.374722307179,0.156186105684038,254.65271649248,40.1547382794794,15.6186105684038
2021-01-23,231693,1432,196607,969,35086,463,217277,1101,1434984,8278,1652261,9379,19,2972,41,7614,3531,25,"East TN",2455501,328.690560500688,0.147472603415934,381.958712295373,58.3180377446395,14.7472603415934
2021-01-24,232314,621,197095,488,35219,133,217818,541,1438355,3371,1656173,3912,19,2991,20,7634,3559,28,"East TN",2455501,319.079487241097,0.145618974065124,159.315756743736,25.2901546364673,14.5618974065124
2021-01-25,233053,739,197605,510,35448,229,218367,549,1440111,1756,1658478,2305,44,3035,20,7654,3590,31,"East TN",2455501,326.084167752324,0.150952357146428,93.8708638277891,30.095691266263,15.0952357146428
2021-01-26,234086,1033,198335,730,35751,303,219150,783,1444574,4463,1663724,5246,63,3098,26,7680,3613,23,"East TN",2455501,299.612991401755,0.144011204762024,213.642755592443,42.0688079540591,14.4011204762024
2021-01-27,235040,954,199040,705,36000,249,219905,755,1449090,4516,1668995,5271,55,3153,28,7708,3636,23,"East TN",2455501,298.391244800959,0.143388877933346,214.660877759773,38.8515419052975,14.3388877933346
2021-01-28,236370,1330,199756,716,36614,614,220701,796,1453519,4429,1674220,5225,46,3199,29,7737,3663,27,"East TN",2455501,288.94307108814,0.14202867707696,212.787532971886,54.1640993019347,14.202867707696
2021-01-29,236965,595,200108,352,36857,243,221098,397,1456183,2664,1677281,3061,17,3216,17,7754,3684,21,"East TN",2455501,273.019640391105,0.14308555481264,124.658878167836,24.2313075824445,14.308555481264
2021-01-30,238119,1154,201074,966,37045,188,222194,1096,1465231,9048,1687425,10144,44,3260,29,7783,3704,20,"East TN",2455501,261.6981218904,0.139830508474576,413.113250615658,46.9965192439343,13.9830508474576
2021-01-31,238798,679,201514,440,37284,239,222685,491,1469153,3922,1691838,4413,29,3289,30,7813,3723,19,"East TN",2455501,264.060165318605,0.136464320762652,179.718924977021,27.6521980646719,13.6464320762652
2021-02-01,239491,693,201922,408,37569,285,223127,442,1470849,1696,1693976,2138,39,3328,10,7823,3750,27,"East TN",2455501,262.186820530719,0.134092061524593,87.0698077500274,28.2223464783765,13.4092061524593
2021-02-02,240029,538,202270,348,37759,190,223487,360,1471907,1058,1695394,1418,57,3385,13,7836,3766,16,"East TN",2455501,242.028001617593,0.136943479633723,57.7478893309349,21.909989040933,13.6943479633723
2021-02-03,241141,1112,203029,759,38112,353,224313,826,1477911,6004,1702224,6830,46,3431,39,7875,3779,13,"East TN",2455501,248.462533715116,0.132655210809835,278.150976114447,45.2860740028206,13.2655210809835
2021-02-04,242238,1097,203811,782,38427,315,225177,864,1485620,7709,1710797,8573,58,3489,36,7911,3797,18,"East TN",2455501,238.973635115604,0.122371982393307,349.134453620666,44.6752007024228,12.2371982393307
2021-02-05,243056,818,204370,559,38686,259,225779,602,1489426,3806,1715205,4408,67,3556,28,7939,3811,14,"East TN",2455501,248.055284848184,0.123431072671659,179.515300543555,33.3129573150245,12.3431072671659
2021-02-06,244284,1228,205187,817,39097,411,226743,964,1498073,8647,1724816,9611,27,3583,22,7961,3840,29,"East TN",2455501,251.068926463479,0.121660292583777,391.406886008191,50.01016085923,12.1660292583777
2021-02-07,244801,517,205540,353,39261,164,227149,406,1501156,3083,1728305,3489,2,3585,10,7971,3857,17,"East TN",2455501,244.471494819184,0.122412043765596,142.089129672519,21.0547664203761,12.2412043765596
2021-02-08,245312,511,205838,298,39474,213,227467,318,1502520,1364,1729987,1682,32,3617,9,7980,3873,16,"East TN",2455501,237.059565441024,0.120518730387937,68.4992594179355,20.810417100217,12.0518730387937
2021-02-09,246340,1028,206471,633,39869,395,228133,666,1506752,4232,1734885,4898,16,3633,38,8018,3884,11,"East TN",2455501,257.014759920684,0.117647058823529,199.470495023215,41.8651835205931,11.7647058823529
2021-02-10,247187,847,207053,582,40134,265,228768,635,1512736,5984,1741504,6619,39,3672,30,8048,3897,13,"East TN",2455501,246.22266494699,0.11341649694501,269.558025022185,34.4939790291268,11.341649694501
2021-02-11,248055,868,207637,584,40418,284,229418,650,1518306,5570,1747724,6220,37,3709,31,8079,3915,18,"East TN",2455501,236.896665894251,0.114848214043924,253.308795231604,35.3492016496837,11.4848214043924
2021-02-12,248889,834,208232,595,40657,239,230067,649,1523815,5509,1753882,6158,34,3743,12,8091,3924,9,"East TN",2455501,237.548264081342,0.110866923494583,250.783852256627,33.9645555021155,11.0866923494583
2021-02-13,249481,592,208603,371,40878,221,230501,434,1528239,4424,1758740,4858,12,3755,16,8107,3936,12,"East TN",2455501,211.647236144477,0.110777031010494,197.841499555488,24.1091329223649,11.0777031010494
2021-02-14,250021,540,209017,414,41004,126,230953,452,1531205,2966,1762158,3418,15,3770,15,8122,3949,13,"East TN",2455501,212.58390853842,0.112368180072667,139.197662717303,21.9914388143194,11.2368180072667
2021-02-15,250401,380,209229,212,41172,168,231182,229,1532529,1324,1763711,1553,5,3775,10,8132,3960,11,"East TN",2455501,207.248948381613,0.110158937255367,63.2457490345148,15.4754569434099,11.0158937255367
2021-02-16,251166,765,209656,427,41510,338,231656,474,1535938,3409,1767594,3883,8,3783,26,8158,3970,10,"East TN",2455501,196.538303181306,0.107707358830903,158.134735029633,31.1545383202858,10.7707358830903
2021-02-17,251787,621,210075,419,41712,202,232107,451,1539188,3250,1771295,3701,11,3794,11,8169,3987,17,"East TN",2455501,187.334478788646,0.112080829780806,150.722805651474,25.2901546364673,11.2080829780806
2021-02-18,252580,793,210625,550,41955,243,232712,605,1544905,5717,1777617,6322,42,3836,19,8188,4004,17,"East TN",2455501,184.280112286658,0.110193021777674,257.462733674309,32.2948351476949,11.0193021777674
2021-02-19,253056,476,210926,301,42130,175,233057,345,1547613,2708,1780670,3053,5,3841,11,8199,4013,9,"East TN",2455501,169.700602850498,0.111617142003882,124.333079074291,19.3850460659556,11.1617142003882
2021-02-20,253679,623,211375,449,42304,174,233563,506,1552837,5224,1786400,5730,18,3859,18,8217,4023,10,"East TN",2455501,170.963074337986,0.110701373825018,233.353600751944,25.3716044098536,11.0701373825018
2021-02-21,254028,349,211603,228,42425,121,233826,263,1554971,2134,1788797,2397,7,3866,12,8229,4041,18,"East TN",2455501,163.184620979588,0.107849393746011,97.617553403562,14.2129854559212,10.7849393746011
2021-02-22,254386,358,211799,196,42587,162,234053,227,1556352,1381,1790405,1608,7,3873,22,8251,4057,16,"East TN",2455501,162.288673472338,0.107552258934592,65.4856178026399,14.5795094361599,10.7552258934592
2021-02-23,255029,643,212148,349,42881,294,234421,368,1559299,2947,1793720,3315,26,3899,27,8278,4064,7,"East TN",2455501,157.32023729577,0.105833269539922,135.002999387905,26.1861021437173,10.5833269539922
2021-02-24,255770,741,212698,550,43072,191,235031,610,1565493,6194,1800524,6804,19,3918,23,8301,4071,7,"East TN",2455501,162.207223698952,0.100037633856786,277.092129060424,30.1771410396493,10.0037633856786
2021-02-25,256405,635,213143,445,43262,190,235527,496,1570261,4768,1805788,5264,21,3939,16,8317,4080,9,"East TN",2455501,155.772691601429,0.0999254552554045,214.375803552921,25.8603030501718,9.99254552554045
2021-02-26,256866,461,213466,323,43400,138,235896,369,1573382,3121,1809278,3490,14,3953,11,8328,4085,5,"East TN",2455501,155.161818301031,0.0992379753914989,142.129854559212,18.7741727655578,9.92379753914989
2021-02-27,257306,440,213693,227,43613,213,236171,275,1577474,4092,1813645,4367,7,3960,16,8344,4094,9,"East TN",2455501,147.709164036178,0.0957239860524867,177.845580189135,17.918950145001,9.57239860524867
2021-02-28,257672,366,213967,274,43705,92,236484,313,1580034,2560,1816518,2873,5,3965,11,8355,4103,9,"East TN",2455501,148.401487109962,0.0958839868691606,117.002599469518,14.9053085297053,9.58839868691606
2021-03-01,257916,244,214116,149,43800,95,236640,156,1580813,779,1817453,935,4,3969,11,8366,4112,9,"East TN",2455501,143.75885002694,0.0956447796509908,38.077769058127,9.9368723531369,9.56447796509908
2021-03-02,258536,620,214506,390,44030,230,237087,447,1584269,3456,1821356,3903,7,3976,24,8390,4122,10,"East TN",2455501,142.822177632996,0.0964683745838761,158.949232763497,25.2494297497741,9.64683745838761
2021-03-03,259017,481,214807,301,44210,180,237442,355,1588441,4172,1825883,4527,7,3983,17,8407,4125,3,"East TN",2455501,132.233707092768,0.0950747269214086,184.361562060044,19.5886704994215,9.50747269214086
2021-03-04,259626,609,215222,415,44404,194,237914,472,1593261,4820,1831175,5292,18,4001,21,8428,4130,5,"East TN",2455501,131.174860038746,0.0940245007287194,215.51610038033,24.8014559961491,9.40245007287194
2021-03-05,260096,470,215533,311,44563,159,238268,354,1596940,3679,1835208,4033,15,4016,16,8444,4135,5,"East TN",2455501,131.541384018984,0.0914770536058619,164.243468033611,19.1406967457965,9.14770536058619
2021-03-06,260559,463,215856,323,44703,140,238640,372,1601214,4274,1839854,4646,1,4017,10,8454,4141,6,"East TN",2455501,132.478056412928,0.0942042809721851,189.207823576533,18.8556225389442,9.42042809721851
2021-03-07,260814,255,216020,164,44794,91,238824,184,1602944,1730,1841768,1914,1,4018,4,8458,4145,4,"East TN",2455501,127.957593989984,0.0926732673267327,77.9474331307542,10.3848461067619,9.26732673267327
2021-03-08,261270,456,216313,293,44957,163,239136,312,1604525,1581,1843661,1893,3,4021,9,8467,4153,8,"East TN",2455501,136.591269968939,0.0952380952380952,77.0922105101973,18.5705483320919,9.52380952380952
2021-03-09,261808,538,216594,281,45214,257,239454,318,1607100,2575,1846554,2893,6,4027,21,8488,4165,12,"East TN",2455501,133.251829260098,0.0939360266687832,117.817097203381,21.909989040933,9.39360266687832
2021-03-10,262458,650,217058,464,45400,186,239960,506,1612569,5469,1852529,5975,7,4034,28,8516,4175,10,"East TN",2455501,140.134335111246,0.0944982361330031,243.331197991774,26.4711763505696,9.44982361330031
2021-03-11,262988,530,217396,338,45592,192,240324,364,1615907,3338,1856231,3702,5,4039,9,8525,4183,8,"East TN",2455501,136.917069062485,0.0961845466155811,150.763530538167,21.5841899473875,9.61845466155811
2021-03-12,263448,460,217761,365,45687,95,240740,416,1619252,3345,1859992,3761,5,4044,12,8537,4191,8,"East TN",2455501,136.509820195553,0.0997417688831504,153.166298853065,18.7334478788646,9.97417688831504
2021-03-13,263894,446,217976,215,45918,231,241019,279,1622891,3639,1863910,3918,2,4046,21,8558,4197,6,"East TN",2455501,135.817497121769,0.0988942467575657,159.560106063895,18.1632994651601,9.88942467575657
2021-03-14,264156,262,218152,176,46004,86,241230,211,1624732,1841,1865962,2052,0,4046,10,8568,4203,6,"East TN",2455501,136.102571328621,0.0994461436719848,83.5674674944136,10.6699203136142,9.94461436719848
2021-03-15,264512,356,218337,185,46175,171,241445,215,1625927,1195,1867372,1410,4,4050,15,8583,4207,4,"East TN",2455501,132.030082659303,0.0973809624225043,57.4220902373894,14.4980596627735,9.73809624225043
2021-03-16,265211,699,218788,451,46423,248,241941,496,1629192,3265,1871133,3761,4,4054,36,8619,4208,1,"East TN",2455501,138.586789416905,0.101183937507628,153.166298853065,28.4666957985356,10.1183937507628
2021-03-17,265637,426,219121,333,46516,93,242305,364,1632916,3724,1875221,4088,1,4055,16,8635,4217,9,"East TN",2455501,129.464414797632,0.103340384276397,166.483336801736,17.3488017312964,10.3340384276397
2021-03-18,266187,550,219470,349,46717,201,242690,385,1636205,3289,1878895,3674,6,4061,31,8666,4224,7,"East TN",2455501,130.278912531496,0.104394634662902,149.623233710758,22.3986876812512,10.4394634662902
2021-03-19,266979,792,220000,530,46979,262,243253,563,1641246,5041,1884499,5604,15,4076,25,8691,4230,6,"East TN",2455501,143.799574913633,0.102542130819766,228.222265028603,32.2541102610017,10.2542130819766
2021-03-20,267251,272,220165,165,47086,107,243447,194,1643366,2120,1886813,2314,1,4077,15,8706,4232,2,"East TN",2455501,136.713444629019,0.10601231279745,94.2373878080278,11.077169180546,10.601231279745
2021-03-21,267532,281,220362,197,47170,84,243672,225,1645164,1798,1888836,2023,-16,4061,8,8714,4239,7,"East TN",2455501,137.487217476189,0.10675876541051,82.3864457803112,11.4436931607847,10.675876541051
2021-03-22,268058,526,220703,341,47355,185,244028,356,1647253,2089,1891281,2445,14,4075,19,8733,4246,7,"East TN",2455501,144.41044821403,0.108034631310385,99.5723479648349,21.4212904006148,10.8034631310385
2021-03-23,268496,438,220952,249,47544,189,244293,265,1649708,2455,1894001,2720,11,4086,17,8750,4252,6,"East TN",2455501,133.781252787109,0.10285114570579,110.77169180546,17.8375003716146,10.285114570579
2021-03-24,269094,598,221411,459,47683,139,244786,493,1654406,4698,1899192,5191,4,4090,26,8776,4258,6,"East TN",2455501,140.785933298337,0.103500062575612,211.402886824318,24.353482242524,10.3500062575612
2021-03-25,269494,400,221718,307,47776,93,245119,333,1657375,2969,1902494,3302,8,4098,23,8799,4262,4,"East TN",2455501,134.67720029436,0.102928090173312,134.473575860894,16.2899546772736,10.2928090173312
2021-03-26,269904,410,222041,323,47863,87,245464,345,1660006,2631,1905470,2976,7,4105,14,8813,4272,10,"East TN",2455501,119.120293577563,0.105431309904153,121.197262798916,16.6972035442054,10.5431309904153
2021-03-27,270108,204,222222,181,47886,23,245674,210,1662517,2511,1908191,2721,2,4107,13,8826,4283,11,"East TN",2455501,116.351001282427,0.104172513799233,110.812416692154,8.30787688540954,10.4172513799233
2021-03-28,270424,316,222441,219,47983,97,245919,245,1664590,2073,1910509,2318,5,4112,17,8843,4289,6,"East TN",2455501,117.776372316688,0.103677386610068,94.4002873548005,12.8690641950461,10.3677386610068
2021-03-29,270864,440,222679,238,48185,202,246172,253,1666444,1854,1912616,2107,18,4130,18,8861,4294,5,"East TN",2455501,114.274032061074,0.100492149050855,85.8073362625387,17.918950145001,10.0492149050855
2021-03-30,271239,375,222937,258,48302,117,246494,322,1668920,2476,1915414,2798,5,4135,20,8881,4300,6,"East TN",2455501,111.708364199404,0.102788025965535,113.948232967529,15.271832509944,10.2788025965535
2021-03-31,271900,661,223379,442,48521,219,246982,488,1673734,4814,1920716,5302,4,4139,18,8899,4305,5,"East TN",2455501,114.274032061074,0.102025645790745,215.923349247262,26.9191501041946,10.2025645790745
2021-04-01,272350,450,223702,323,48648,127,247332,350,1676561,2827,1923893,3177,1,4140,18,8917,4313,8,"East TN",2455501,116.310276395733,0.103416047478854,129.382965024246,18.3261990119328,10.3416047478854
2021-04-02,272697,347,223933,231,48764,116,247583,251,1679580,3019,1927163,3270,0,4140,12,8929,4318,5,"East TN",2455501,113.744608534063,0.0976812796754714,133.170379486712,14.1315356825348,9.76812796754714
2021-04-03,273039,342,224183,250,48856,92,247857,274,1681932,2352,1929789,2626,0,4140,13,8942,4327,9,"East TN",2455501,119.364642897722,0.101074173534587,106.943552456301,13.9279112490689,10.1074173534587
2021-04-04,273210,171,224306,123,48904,48,247998,141,1683526,1594,1931524,1735,6,4146,8,8950,4331,4,"East TN",2455501,113.459534327211,0.0989293361884368,70.6576784126742,6.96395562453446,9.89293361884368
2021-04-05,273617,407,224541,235,49076,172,248221,223,1684745,1219,1932966,1442,6,4152,40,8990,4337,6,"East TN",2455501,112.115613066336,0.100687960687961,58.7252866115713,16.5750288841259,10.0687960687961
2021-04-06,274048,431,224791,250,49257,181,248498,277,1686829,2084,1935327,2361,3,4155,27,9017,4342,5,"East TN",2455501,114.396206721154,0.100637774318285,96.1514574826074,17.5524261647623,10.0637774318285
2021-04-07,274678,630,225253,462,49425,168,249005,507,1691520,4691,1940525,5198,5,4160,24,9041,4346,4,"East TN",2455501,113.133735233665,0.102125296582362,211.68796103117,25.6566786167059,10.2125296582362
2021-04-08,275083,405,225507,254,49576,151,249294,289,1694531,3011,1943825,3300,-1,4159,21,9062,4351,5,"East TN",2455501,111.301115332472,0.0984346779048766,134.392126087507,16.4935791107395,9.84346779048766
2021-04-09,275601,518,225913,406,49688,112,249743,449,1698406,3875,1948149,4324,4,4163,31,9093,4354,3,"East TN",2455501,118.265070957006,0.102925760030497,176.094410061328,21.0954913070693,10.2925760030497
2021-04-10,275906,305,226129,216,49777,89,249991,248,1701186,2780,1951177,3028,1,4164,15,9108,4359,5,"East TN",2455501,116.758250149359,0.0997755750888349,123.314956906961,12.4210904414211,9.97755750888349
2021-04-11,276143,237,226292,163,49851,74,250165,174,1702898,1712,1953063,1886,2,4166,10,9118,4363,4,"East TN",2455501,119.446092671109,0.100608199080737,76.807136303345,9.65179814628461,10.0608199080737
2021-04-12,276608,465,226615,323,49993,142,250495,330,1704661,1763,1955156,2093,3,4169,16,9134,4372,9,"East TN",2455501,121.808136099313,0.102478593961244,85.2371878488341,18.9370723123306,10.2478593961244
2021-04-13,276986,378,226855,240,50131,138,250745,250,1706718,2057,1957463,2307,3,4172,16,9150,4376,4,"East TN",2455501,119.649717104575,0.101508854354897,93.9523136011755,15.3940071700236,10.1508854354897
2021-04-14,277665,679,227356,501,50309,178,251302,557,1711538,4820,1962840,5377,0,4172,29,9179,4379,3,"East TN",2455501,121.645236552541,0.102935245350661,218.97771574925,27.6521980646719,10.2935245350661
2021-04-15,278207,542,227724,368,50483,174,251682,380,1714682,3144,1966364,3524,2,4174,24,9203,4384,5,"East TN",2455501,127.224546029507,0.105949687208838,143.51450070678,22.0728885877057,10.5949687208838
2021-04-16,279181,974,228615,891,50566,83,252788,1106,1722166,7484,1974954,8590,3,4177,32,9235,4387,3,"East TN",2455501,145.795094361599,0.113598209289312,349.82677669445,39.6660396391612,11.3598209289312
2021-04-17,279383,202,228762,147,50621,55,252961,173,1724397,2231,1977358,2404,0,4177,10,9245,4388,1,"East TN",2455501,141.600431032201,0.113441045032657,97.9026276104143,8.22642711202317,11.3441045032657
2021-04-18,279602,219,228950,188,50652,31,253163,202,1726200,1803,1979363,2005,6,4183,8,9253,4397,9,"East TN",2455501,140.867383071723,0.113992395437262,81.6533978198339,8.9187501858073,11.3992395437262
2021-04-19,279930,328,229145,195,50785,133,253373,210,1727649,1449,1981022,1659,8,4191,15,9268,4404,7,"East TN",2455501,135.288073594757,0.111265754272017,67.5625870239923,13.3577628353644,11.1265754272017
2021-04-20,280283,353,229422,277,50861,76,253652,279,1730097,2448,1983749,2727,4,4195,20,9288,4408,4,"East TN",2455501,134.269951427428,0.110591189226204,111.056766012313,14.375885002694,11.0591189226204
2021-04-21,280796,513,229752,330,51044,183,253989,337,1733878,3781,1987867,4118,4,4199,15,9303,4414,6,"East TN",2455501,127.509620236359,0.107364046829424,167.705083402532,20.8918668736034,10.7364046829424
2021-04-22,281437,641,230150,398,51287,243,254436,447,1738130,4252,1992566,4699,3,4202,26,9329,4418,4,"East TN",2455501,131.541384018984,0.105106480421342,191.366242571272,26.1046523703309,10.5106480421342
2021-04-23,281820,383,230427,277,51393,106,254744,308,1741331,3201,1996075,3509,0,4202,11,9340,4423,5,"East TN",2455501,107.472975983313,0.092609251455897,142.903627406383,15.5976316034895,9.2609251455897
2021-04-24,282080,260,230615,188,51465,72,254953,209,1744326,2995,1999279,3204,0,4202,19,9359,4430,7,"East TN",2455501,109.835019411517,0.0908717667989599,130.482536964962,10.5884705402278,9.08717667989599
2021-04-25,282279,199,230763,148,51516,51,255112,159,1745975,1649,2001087,1808,4,4206,17,9376,4435,5,"East TN",2455501,109.020521677654,0.0897164426440803,73.6305951412767,8.10425245194362,8.97164426440803
2021-04-26,282668,389,231010,247,51658,142,255363,251,1747947,1972,2003310,2223,6,4212,16,9392,4443,8,"East TN",2455501,111.504739765938,0.0892857142857143,90.531423118948,15.8419809236486,8.92857142857143
2021-04-27,283055,387,231212,202,51843,185,255582,219,1750310,2363,2005892,2582,3,4215,25,9417,4449,6,"East TN",2455501,112.889385913506,0.0871607279953032,105.151657441801,15.7605311502622,8.71607279953033
2021-04-28,283541,486,231556,344,51985,142,255963,381,1754437,4127,2010400,4508,6,4221,23,9440,4457,8,"East TN",2455501,111.78981397279,0.0876048462255359,183.587789212873,19.7922949328874,8.76048462255359
2021-04-29,283933,392,231835,279,52098,113,256267,304,1757369,2932,2013636,3236,1,4222,22,9462,4462,5,"East TN",2455501,101.649317186187,0.0869008068343616,131.785733339143,15.9641555837281,8.69008068343616
2021-04-30,284303,370,232063,228,52240,142,256506,239,1760633,3264,2017139,3503,0,4222,18,9480,4467,5,"East TN",2455501,101.119893659176,0.0836498290922902,142.659278086224,15.0682080764781,8.36498290922902
2021-05-01,284538,235,232245,182,52293,53,256694,188,1763123,2490,2019817,2678,-1,4221,15,9495,4468,1,"East TN",2455501,100.101771491846,0.084769695199143,109.061246564347,9.57034837289824,8.47696951991431
2021-05-02,284713,175,232373,128,52340,47,256827,133,1764600,1477,2021427,1610,1,4222,11,9506,4472,4,"East TN",2455501,99.1243742112099,0.0843166175024582,65.5670675760262,7.1268551713072,8.43166175024582
2021-05-03,284926,213,232488,115,52438,98,256953,126,1766084,1484,2023037,1610,5,4227,17,9523,4476,4,"East TN",2455501,91.9567941532095,0.0806001926293912,65.5670675760262,8.67440086564819,8.06001926293912
2021-05-04,285245,319,232707,219,52538,100,257198,245,1768483,2399,2025681,2644,7,4234,12,9535,4484,8,"East TN",2455501,89.187501858073,0.0816615291323463,107.676600416778,12.9912388551257,8.16615291323463
2021-05-05,285709,464,233000,293,52709,171,257509,311,1772633,4150,2030142,4461,5,4239,22,9557,4489,5,"East TN",2455501,88.2915543508229,0.0783102016006484,181.673719538294,18.8963474256374,7.83102016006484
2021-05-06,285994,285,233196,196,52798,89,257740,231,1775071,2438,2032811,2669,4,4243,10,9567,4495,6,"East TN",2455501,83.9339914746522,0.0768187744458931,108.694722584108,11.6065927075574,7.68187744458931
2021-05-07,286359,365,233444,248,52915,117,258009,269,1778519,3448,2036528,3717,0,4243,15,9582,4500,5,"East TN",2455501,83.7303670411863,0.0775181804115736,151.374403838565,14.8645836430122,7.75181804115736
2021-05-08,286530,171,233547,103,52983,68,258123,114,1780413,1894,2038536,2008,0,4243,7,9589,4507,7,"East TN",2455501,81.1239742928225,0.0763395480527806,81.7755724799135,6.96395562453446,7.63395480527806
2021-05-09,286676,146,233662,115,53014,31,258255,132,1782124,1711,2040379,1843,3,4246,11,9600,4512,5,"East TN",2455501,79.9429525787202,0.0753482482059941,75.0559661755381,5.94583345720486,7.53482482059941
2021-05-10,286911,235,233798,136,53113,99,258400,145,1783640,1516,2042040,1661,7,4253,22,9622,4515,3,"East TN",2455501,80.8389000859702,0.0761458717044677,67.6440367973786,9.57034837289824,7.61458717044677
2021-05-11,287226,315,234026,228,53200,87,258644,244,1786317,2677,2044961,2921,1,4254,19,9641,4519,4,"East TN",2455501,80.6760005391975,0.075,118.95739403079,12.828339308353,7.5
2021-05-12,287530,304,234243,217,53287,87,258895,251,1790381,4064,2049276,4315,3,4257,16,9657,4521,2,"East TN",2455501,74.1600186682881,0.0724365004703669,175.727886081089,12.3803655547279,7.24365004703669
2021-05-13,287740,210,234380,137,53360,73,259040,145,1793114,2733,2052154,2878,1,4258,9,9666,4526,5,"East TN",2455501,71.1056521662993,0.0672077754226335,117.206223902984,8.55222620556864,6.72077754226335
2021-05-14,288041,301,234599,219,53442,82,259288,248,1795799,2685,2055087,2933,1,4259,21,9687,4531,5,"East TN",2455501,68.4992594179355,0.0689153510426208,119.446092671109,12.2581908946484,6.89153510426208
2021-05-15,288149,108,234680,81,53469,27,259390,102,1797787,1988,2057177,2090,0,4259,6,9693,4535,4,"East TN",2455501,65.9335915562649,0.0679684566278633,85.1150131887546,4.39828776286387,6.79684566278633
2021-05-16,288249,100,234754,74,53495,26,259475,85,1799236,1449,2058711,1534,3,4262,4,9697,4539,4,"East TN",2455501,64.0602467683784,0.0665502945668776,62.4719761873443,4.0724886693184,6.65502945668776
2021-05-17,288447,198,234857,103,53590,95,259585,110,1800803,1567,2060388,1677,6,4268,10,9707,4546,7,"East TN",2455501,62.5534259607306,0.0645846958796599,68.2956349844696,8.06352756525043,6.45846958796599
2021-05-18,288659,212,234991,134,53668,78,259730,145,1803040,2237,2062770,2382,8,4276,23,9730,4552,6,"East TN",2455501,58.3587626313327,0.0609804031669381,97.0066801031643,8.63367597895501,6.09804031669381
2021-05-19,288877,218,235156,165,53721,53,259897,167,1806309,3269,2066206,3436,1,4277,21,9751,4555,3,"East TN",2455501,54.8564223757188,0.0591848789131719,139.93071067778,8.87802529911411,5.91848789131719
2021-05-20,289054,177,235290,134,53764,43,260052,155,1820477,14168,2080529,14323,3,4280,7,9758,4560,5,"East TN",2455501,53.5125011148438,0.0356651982378855,583.302552106474,7.20830494469357,3.56651982378855
2021-05-21,289218,164,235398,108,53820,56,260172,120,1822755,2278,2082927,2398,0,4280,10,9768,4563,3,"East TN",2455501,47.9331916378776,0.0317528735632184,97.6582782902552,6.67888141768218,3.17528735632184
2021-05-22,289289,71,235446,48,53843,23,260234,62,1824341,1586,2084575,1648,0,4280,12,9780,4564,1,"East TN",2455501,46.4263708302298,0.030805168260457,67.1146132703672,2.89146695521606,3.0805168260457
2021-05-23,289363,74,235497,51,53866,23,260295,61,1825406,1065,2085701,1126,3,4283,5,9785,4566,2,"East TN",2455501,45.367523776207,0.0303816228232679,45.8562224165252,3.01364161529562,3.03816228232679
2021-05-24,289523,160,235608,111,53915,49,260421,126,1827330,1924,2087751,2050,0,4283,7,9792,4570,4,"East TN",2455501,43.819978081866,0.030552205533019,83.4860177210272,6.51598187090944,3.0552205533019
2021-05-25,289667,144,235704,96,53963,48,260509,88,1829057,1727,2089566,1815,0,4283,9,9801,4576,6,"East TN",2455501,41.0506857867295,0.0290715032094342,73.915669348129,5.8643836838185,2.90715032094342
2021-05-26,289853,186,235846,142,54007,44,260674,165,1831940,2883,2092614,3048,7,4290,14,9815,4581,5,"East TN",2455501,39.7474894125476,0.0294229021508634,124.129454640825,7.57482892493222,2.94229021508634
2021-05-27,289976,123,235921,75,54055,48,260812,138,1834912,2972,2095724,3110,4,4294,11,9826,4585,4,"East TN",2455501,37.5483455311156,0.0500164527805199,126.654397615802,5.00916106326163,5.00164527805199
2021-05-28,290093,117,236011,90,54082,27,260910,98,1837024,2112,2097934,2210,0,4294,9,9835,4588,3,"East TN",2455501,35.634275856536,0.0491770507096688,90.0019995919366,4.76481174310253,4.91770507096688
2021-05-29,290144,51,236043,32,54101,19,260947,37,1838100,1076,2099047,1113,0,4294,7,9842,4591,3,"East TN",2455501,34.8197781226723,0.0492675511332228,45.3267988895138,2.07696922135238,4.92675511332228
2021-05-30,290199,55,236083,40,54116,15,260993,46,1839187,1087,2100180,1133,0,4294,7,9849,4596,5,"East TN",2455501,34.0460052755018,0.0482077491539471,46.1412966233775,2.23986876812512,4.82077491539471
2021-05-31,290279,80,236149,66,54130,14,261064,71,1840614,1427,2101678,1498,6,4300,4,9853,4601,5,"East TN",2455501,30.7880143400471,0.0461693114094924,61.0058802663896,3.25799093545472,4.61693114094924
2021-06-01,290410,131,236243,94,54167,37,261158,94,1841929,1315,2103087,1409,3,4303,11,9864,4604,3,"East TN",2455501,30.2585908130357,0.0479994083277864,57.3813653506963,5.3349601568071,4.79994083277864
2021-06-02,290529,119,236314,71,54215,48,261231,73,1843908,1979,2105139,2052,1,4304,9,9873,4608,4,"East TN",2455501,27.5300234045924,0.0444710578842315,83.5674674944136,4.8462615164889,4.44710578842315
2021-06-03,290616,87,236369,55,54247,32,261350,119,1847073,3165,2108423,3284,1,4305,7,9880,4613,5,"East TN",2455501,26.0639274836378,0.0423655405937475,133.740527900416,3.54306514230701,4.23655405937475
2021-06-04,290707,91,236428,59,54279,32,261428,78,1849225,2152,2110653,2230,0,4305,7,9887,4613,0,"East TN",2455501,25.005080429615,0.0407264722069345,90.8164973258003,3.70596468907974,4.07264722069345
2021-06-05,290748,41,236454,26,54294,15,261458,30,1850608,1383,2112066,1413,-1,4304,2,9889,4618,5,"East TN",2455501,24.5978315626831,0.0392503264459636,57.544264897469,1.66972035442054,3.92503264459636
2021-06-06,290774,26,236470,16,54304,10,261477,19,1851524,916,2113001,935,-1,4303,2,9891,4621,3,"East TN",2455501,23.4168098485808,0.0377505654785118,38.077769058127,1.05884705402278,3.77505654785118
2021-06-07,290847,73,236505,35,54342,38,261529,52,1852794,1270,2114323,1322,3,4306,10,9901,4623,2,"East TN",2455501,23.1317356417285,0.036773428232503,53.8383002083892,2.97291672860243,3.6773428232503
2021-06-08,290934,87,236572,67,54362,20,261599,70,1854272,1478,2115871,1548,3,4309,4,9905,4626,3,"East TN",2455501,21.3398406272284,0.0344962453066333,63.0421246010488,3.54306514230701,3.44962453066333
2021-06-09,290982,48,236610,38,54372,10,261653,54,1857001,2729,2118654,2783,0,4309,3,9908,4629,3,"East TN",2455501,18.4483736720124,0.0312245652978172,113.337359667131,1.95479456127283,3.12245652978172
2021-06-10,291057,75,236667,57,54390,18,261719,66,1858786,1785,2120505,1851,4,4313,4,9912,4632,3,"East TN",2455501,17.9596750316941,0.0305413011090879,75.3817652690836,3.0543665019888,3.05413011090879
2021-06-11,291127,70,236713,46,54414,24,261774,55,1860271,1485,2122045,1540,2,4315,4,9916,4633,1,"East TN",2455501,17.1044524111373,0.030372191011236,62.7163255075034,2.85074206852288,3.0372191011236
2021-06-12,291156,29,236735,22,54421,7,261805,31,1861464,1193,2123269,1224,3,4318,1,9917,4636,3,"East TN",2455501,16.6157537708191,0.030973846291172,49.8472613124572,1.18102171410234,3.0973846291172
2021-06-13,291174,18,236749,14,54425,4,261826,21,1862307,843,2124133,864,1,4319,1,9918,4637,1,"East TN",2455501,16.2899546772736,0.0313510600071865,35.186302102911,0.733047960477312,3.13510600071865
2021-06-14,291227,53,236782,33,54445,20,261867,41,1863559,1252,2125426,1293,3,4322,3,9921,4639,2,"East TN",2455501,15.4754569434099,0.0304422228226605,52.6572784942869,2.15841899473875,3.04422228226605
2021-06-15,291315,88,236851,69,54464,19,261955,88,1865441,1882,2127396,1970,0,4322,4,9925,4643,4,"East TN",2455501,15.5161818301031,0.0308893709327549,80.2280267855725,3.58379002900019,3.08893709327549
2021-06-16,291383,68,236892,41,54491,27,261993,38,1867346,1905,2129339,1943,2,4324,8,9933,4646,3,"East TN",2455501,16.3306795639668,0.0318203088441741,79.1284548448565,2.76929229513651,3.18203088441741
2021-06-17,291434,51,236930,38,54504,13,262039,46,1869697,2351,2131736,2397,1,4325,1,9934,4650,4,"East TN",2455501,15.3532822833304,0.0284925652212626,97.617553403562,2.07696922135238,2.84925652212626
2021-06-18,291496,62,236981,51,54515,11,262094,55,1871425,1728,2133519,1783,2,4327,4,9938,4652,2,"East TN",2455501,15.0274831897849,0.0278891406658532,72.6124729739471,2.52494297497741,2.78891406658532
2021-06-19,291524,28,236998,17,54526,11,262112,18,1872575,1150,2134687,1168,0,4327,5,9943,4654,2,"East TN",2455501,14.9867583030917,0.0268873708180067,47.5666676576389,1.14029682740915,2.68873708180067
2021-06-20,291549,25,237019,21,54530,4,262129,17,1873329,754,2135458,771,3,4330,2,9945,4657,3,"East TN",2455501,15.271832509944,0.0267549668874172,31.3988876404449,1.0181221673296,2.67549668874172
2021-06-21,291616,67,237059,40,54557,27,262181,52,1874600,1271,2136781,1323,6,4336,2,9947,4659,2,"East TN",2455501,15.8419809236486,0.0276530162923822,53.8790250950824,2.72856740844333,2.76530162923822
2021-06-22,291709,93,237105,46,54604,47,262232,51,1876027,1427,2138259,1478,5,4341,7,9954,4663,4,"East TN",2455501,16.0456053571145,0.0254994016385897,60.1913825325259,3.78741446246611,2.54994016385897
2021-06-23,291778,69,237153,48,54625,21,262287,55,1877816,1789,2140103,1844,2,4343,5,9959,4667,4,"East TN",2455501,16.0863302438077,0.0273132664437012,75.0966910622313,2.8100171818297,2.73132664437012
2021-06-24,291861,83,237205,52,54656,31,262349,62,1879659,1843,2142008,1905,3,4346,6,9965,4668,1,"East TN",2455501,17.3895266179896,0.0301791277258567,77.5809091505155,3.38016559553427,3.01791277258567
2021-06-25,291940,79,237261,56,54679,23,262418,69,1881463,1804,2143881,1873,0,4346,3,9968,4670,2,"East TN",2455501,18.0818496917737,0.0312680949623625,76.2777127763336,3.21726604876154,3.12680949623625
2021-06-26,291975,35,237279,18,54696,17,262439,21,1882647,1184,2145086,1205,0,4346,2,9970,4672,2,"East TN",2455501,18.366923898626,0.031445331281854,49.0734884652867,1.42537103426144,3.1445331281854
2021-06-27,292004,29,237299,20,54705,9,262463,24,1883361,714,2145824,738,2,4348,3,9973,4674,2,"East TN",2455501,18.5298234453987,0.0322207215898129,30.0549663795698,1.18102171410234,3.22207215898129
2021-06-28,292048,44,237323,24,54725,20,262488,25,1883913,552,2146401,577,4,4352,3,9976,4674,0,"East TN",2455501,17.5931510514555,0.0319126819126819,23.4982596219672,1.7918950145001,3.19126819126819
2021-06-29,292178,130,237408,85,54770,45,262583,95,1885925,2012,2148508,2107,0,4352,7,9983,4677,3,"East TN",2455501,19.0999718591033,0.0342472436335252,85.8073362625387,5.29423527011392,3.42472436335252
2021-06-30,292263,85,237471,63,54792,22,262658,75,1887569,1644,2150227,1719,3,4355,4,9987,4677,0,"East TN",2455501,19.7515700461942,0.0366455946266298,70.0060802255833,3.46161536892064,3.66455946266298
2021-07-01,292369,106,237524,53,54845,53,262723,65,1890121,2552,2152844,2617,1,4356,2,9989,4680,3,"East TN",2455501,20.6882424401375,0.0345145810262089,106.577028476063,4.3168379894775,3.45145810262089
2021-07-02,292451,82,237587,63,54864,19,262797,74,1891803,1682,2154600,1756,0,4356,3,9992,4682,2,"East TN",2455501,20.810417100217,0.0353577759119321,71.5129010332311,3.33944070884109,3.53577759119321
2021-07-03,292499,48,237623,36,54876,12,262837,40,1892890,1087,2155727,1127,1,4357,3,9995,4685,3,"East TN",2455501,21.3398406272284,0.0374024997650597,45.8969473032184,1.95479456127283,3.74024997650597
2021-07-04,292526,27,237644,21,54882,6,262862,25,1893590,700,2156452,725,0,4357,1,9996,4686,1,"East TN",2455501,21.258390853842,0.0375423409860745,29.5255428525584,1.09957194071597,3.75423409860745
2021-07-05,292569,43,237668,24,54901,19,262887,25,1894072,482,2156959,507,0,4357,2,9998,4687,1,"East TN",2455501,21.2176659671489,0.0377912483424891,20.6475175534443,1.75117012780691,3.77912483424891
2021-07-06,292731,162,237772,104,54959,58,262998,111,1895397,1325,2158395,1436,5,4362,6,10004,4687,0,"East TN",2455501,22.5208623413308,0.0419743096996055,58.4809372914122,6.59743164429581,4.19743096996055
2021-07-07,292874,143,237854,82,55020,61,263086,88,1896854,1457,2159940,1545,4,4366,6,10010,4689,2,"East TN",2455501,24.8829057695354,0.0440646556161845,62.9199499409693,5.82365879712531,4.40646556161845
2021-07-08,293014,140,237956,102,55058,38,263203,117,1898708,1854,2161911,1971,2,4368,3,10013,4691,2,"East TN",2455501,26.2675519171037,0.0529392301753612,80.2687516722657,5.70148413704576,5.29392301753612
2021-07-09,293178,164,238078,122,55100,42,263334,131,1900453,1745,2163787,1876,0,4368,4,10017,4693,2,"East TN",2455501,29.6069926259448,0.0584521606618047,76.3998874364132,6.67888141768218,5.84521606618047
2021-07-10,293281,103,238150,72,55131,31,263407,73,1901510,1057,2164917,1130,0,4368,12,10029,4694,1,"East TN",2455501,31.8468613940699,0.0620239390642002,46.0191219632979,4.19466332939795,6.20239390642002
2021-07-11,293329,48,238185,35,55144,13,263450,43,1902266,756,2165716,799,2,4370,7,10036,4694,0,"East TN",2455501,32.7020840146267,0.0634715025906736,32.539184467854,1.95479456127283,6.34715025906736
2021-07-12,293501,172,238301,116,55200,56,263574,124,1903632,1366,2167206,1490,1,4371,14,10050,4695,1,"East TN",2455501,37.9555943980475,0.0670440128818191,60.6800811728442,7.00468051122765,6.70440128818191
2021-07-13,293715,214,238438,137,55277,77,263719,145,1905253,1621,2168972,1766,4,4375,17,10067,4699,4,"East TN",2455501,40.0732885060931,0.0681667769688948,71.9201499001629,8.71512575234138,6.81667769688948
2021-07-14,293888,173,238574,136,55314,37,263861,142,1906814,1561,2170675,1703,0,4375,12,10079,4700,1,"East TN",2455501,41.2950351068886,0.072193758733116,69.3544820384923,7.04540539792083,7.2193758733116
2021-07-15,294108,220,238724,150,55384,70,264028,167,1908615,1801,2172643,1968,0,4375,15,10094,4700,0,"East TN",2455501,44.5530260423433,0.0768729034662691,80.1465770121861,8.95947507250048,7.68729034662691
2021-07-16,294338,230,238866,142,55472,88,264182,154,1910144,1529,2174326,1683,0,4375,10,10104,4704,4,"East TN",2455501,47.2408685640934,0.0804630420343486,68.5399843046287,9.36672393943232,8.04630420343486
2021-07-17,294482,144,238966,100,55516,44,264292,110,1911362,1218,2175654,1328,0,4375,5,10109,4706,2,"East TN",2455501,48.910588918514,0.0824252584520816,54.0826495285484,5.8643836838185,8.24252584520816
2021-07-18,294626,144,239087,121,55539,23,264424,132,1912486,1124,2176910,1256,0,4375,6,10115,4708,2,"East TN",2455501,52.8201780410596,0.0870108986957299,51.1504576866391,5.8643836838185,8.70108986957299
2021-07-19,294929,303,239298,211,55631,92,264640,216,1914176,1690,2178816,1906,2,4377,14,10129,4709,1,"East TN",2455501,58.1551381978667,0.091817398794143,77.6216340372087,12.3396406680348,9.1817398794143
2021-07-20,295286,357,239536,238,55750,119,264894,254,1915836,1660,2180730,1914,2,4379,22,10151,4711,2,"East TN",2455501,63.9787969949921,0.0999319612178942,77.9474331307542,14.5387845494667,9.99319612178942
2021-07-21,295688,402,239830,294,55858,108,265203,309,1917952,2116,2183155,2425,3,4382,28,10179,4715,4,"East TN",2455501,73.3047960477312,0.107532051282051,98.7578502309712,16.37140445066,10.7532051282051
2021-07-22,296162,474,240163,333,55999,141,265570,367,1920320,2368,2185890,2735,5,4387,21,10200,4718,3,"East TN",2455501,83.6489172677999,0.116403714048464,111.382565105858,19.3035962925692,11.6403714048464
2021-07-23,296623,461,240483,320,56140,141,265903,333,1922223,1903,2188126,2236,1,4388,28,10228,4724,6,"East TN",2455501,93.0563660939254,0.124710144927536,91.0608466459594,18.7741727655578,12.4710144927536
2021-07-24,296980,357,240732,249,56248,108,266168,265,1923974,1751,2190142,2016,0,4388,21,10249,4728,4,"East TN",2455501,101.730766959574,0.129486471562673,82.101371573459,14.5387845494667,12.9486471562673
2021-07-25,297208,228,240922,190,56286,38,266371,203,1925289,1315,2191660,1518,3,4391,17,10266,4733,5,"East TN",2455501,105.151657441801,0.132,61.8203780002533,9.28527416604595,13.2
2021-07-26,297875,667,241385,463,56490,204,266857,486,1927018,1729,2193875,2215,10,4401,36,10302,4737,4,"East TN",2455501,119.97551619812,0.147220931004715,90.2056240254026,27.1634994243537,14.7220931004715
2021-07-27,298601,726,241874,489,56727,237,267372,515,1929339,2321,2196711,2836,2,4403,28,10330,4743,6,"East TN",2455501,135.002999387905,0.155059132720105,115.49577866187,29.5662677392516,15.5059132720105
2021-07-28,299418,817,242420,546,56998,271,267986,614,1932205,2866,2200191,3480,2,4405,37,10367,4746,3,"East TN",2455501,151.903827365576,0.163359943648744,141.72260569228,33.2722324283313,16.3359943648744
2021-07-29,300106,688,242876,456,57230,232,268482,496,1934633,2428,2203115,2924,3,4408,23,10390,4750,4,"East TN",2455501,160.618953117918,0.169056603773585,119.07956869087,28.0187220449106,16.9056603773585
2021-07-30,301104,998,243625,749,57479,249,269285,803,1936436,1803,2205721,2606,4,4412,41,10431,4755,5,"East TN",2455501,182.488217272157,0.192213697073032,106.129054722438,40.6434369197976,19.2213697073032
2021-07-31,301639,535,243990,365,57649,170,269681,396,1938405,1969,2208086,2365,2,4414,32,10463,4765,10,"East TN",2455501,189.737247103544,0.195775746767722,96.3143570293801,21.7878143808534,19.5775746767722
2021-08-01,302169,530,244410,420,57759,110,270142,461,1940543,2138,2210685,2599,3,4417,28,10491,4769,4,"East TN",2455501,202.036162884886,0.198212877792378,105.843980515585,21.5841899473875,19.8212877792378
2021-08-02,303019,850,244948,538,58071,312,270678,536,1942878,2335,2213556,2871,9,4426,33,10524,4778,9,"East TN",2455501,209.488817149738,0.1941466388903,116.921149696131,34.6161536892064,19.41466388903
2021-08-03,304357,1338,245917,969,58440,369,271694,1016,1946652,3774,2218346,4790,4,4430,40,10564,4788,10,"East TN",2455501,234.412447805967,0.199768892997458,195.072207260351,54.4898983954802,19.9768892997458
2021-08-04,305444,1087,246752,835,58692,252,272580,886,1950271,3619,2222851,4505,8,4438,40,10604,4794,6,"East TN",2455501,245.408167213127,0.202736098852604,183.465614552794,44.267951835491,20.2736098852604
2021-08-05,306624,1180,247645,893,58979,287,273533,953,1954235,3964,2227768,4917,10,4448,43,10647,4801,7,"East TN",2455501,265.444811466173,0.204883786963047,200.244267870386,48.0553662979571,20.4883786963047
2021-08-06,307962,1338,248632,987,59330,351,274616,1083,1958863,4628,2233479,5711,3,4451,52,10699,4814,13,"East TN",2455501,279.291272941856,0.192052741551985,232.579827904774,54.4898983954802,19.2052741551985
2021-08-07,308686,724,249157,525,59529,199,275199,583,1961865,3002,2237064,3585,0,4451,28,10727,4823,9,"East TN",2455501,286.988276526868,0.190420318862585,145.998718795065,29.4848179658652,19.0420318862585
2021-08-08,309323,637,249609,452,59714,185,275724,525,1963981,2116,2239705,2641,5,4456,30,10757,4833,10,"East TN",2455501,291.345839403038,0.192350103376981,107.554425756699,25.9417528235582,19.2350103376981
2021-08-09,310692,1369,250570,961,60122,408,276730,1006,1967518,3537,2244248,4543,13,4469,66,10823,4845,12,"East TN",2455501,312.482055596801,0.197184934184804,185.013160247135,55.7523698829689,19.7184934184804
2021-08-10,312018,1326,251420,850,60598,476,277647,917,1970769,3251,2248416,4168,6,4475,49,10872,4859,14,"East TN",2455501,311.993356956483,0.197971400066511,169.741327737191,54.001199755162,19.7971400066511
2021-08-11,313905,1887,252732,1312,61173,575,279031,1384,1976124,5355,2255155,6739,8,4483,63,10935,4879,20,"East TN",2455501,344.57326631103,0.199696631996038,274.445011425367,76.8478611900382,19.9696631996038
2021-08-12,315367,1462,253800,1068,61567,394,280192,1161,1980604,4480,2260796,5641,10,4493,45,10980,4893,14,"East TN",2455501,356.057684358508,0.201616809979411,229.729085836251,59.539784345435,20.1616809979411
2021-08-13,317013,1646,254921,1121,62092,525,281364,1172,1986023,5419,2267387,6591,11,4504,30,11010,4917,24,"East TN",2455501,368.600949460008,0.199009083402147,268.417728194776,67.0331634969809,19.9009083402147
2021-08-14,318543,1530,256010,1089,62533,441,282564,1200,1991495,5472,2274059,6672,1,4505,27,11037,4931,14,"East TN",2455501,401.425208134715,0.199080956886066,271.716444016924,62.3090766405715,19.9080956886066
2021-08-15,319688,1145,256978,968,62710,177,283623,1059,1995302,3807,2278925,4866,11,4516,21,11058,4944,13,"East TN",2455501,422.113450574852,0.201402345741968,198.167298649033,46.6299952636957,20.1402345741968
2021-08-16,321127,1439,257896,918,63231,521,284586,963,1998361,3059,2282947,4022,17,4533,27,11085,4962,18,"East TN",2455501,424.964192643375,0.203002661567482,163.795494279986,58.6031119514918,20.3002661567482
2021-08-17,322864,1737,259112,1216,63752,521,285906,1320,2003220,4859,2289126,6179,10,4543,25,11110,4979,17,"East TN",2455501,441.702121074274,0.202873986735446,251.639074877184,70.7391281860606,20.2873986735446
2021-08-18,324955,2091,260502,1390,64453,701,287383,1477,2008640,5420,2296023,6897,13,4556,32,11142,4994,15,"East TN",2455501,450.009997959683,0.204365273563668,280.87954352289,85.1557380754477,20.4365273563668
2021-08-19,327346,2391,262003,1501,65343,890,288958,1575,2018592,9952,2307550,11527,23,4579,43,11185,5016,22,"East TN",2455501,487.843417697651,0.187491979295889,469.435768912332,97.3732040834029,18.7491979295889
2021-08-20,329801,2455,263983,1980,65818,475,291070,2112,2025483,6891,2316553,9003,4,4583,37,11222,5049,33,"East TN",2455501,520.789851032437,0.197412846275882,366.646154898736,99.9795968317667,19.7412846275882
2021-08-21,332729,2928,265961,1978,66768,950,293189,2119,2034409,8926,2327598,11045,0,4583,57,11279,5073,24,"East TN",2455501,577.723242629508,0.198453463830105,449.806373526217,119.242468237643,19.8453463830105
2021-08-22,334211,1482,267299,1338,66912,144,294705,1516,2039920,5511,2334625,7027,7,4590,17,11296,5092,19,"East TN",2455501,591.447529445111,0.198958707360862,286.173778793004,60.3542820792987,19.8958707360862
2021-08-23,336159,1948,268427,1128,67732,820,295891,1186,2043886,3966,2339777,5152,17,4607,37,11333,5113,21,"East TN",2455501,612.176496771942,0.198926623262361,209.814616243284,79.3320792783224,19.8926623262361
2021-08-24,338142,1983,269815,1388,68327,595,297324,1433,2047665,3779,2344989,5212,15,4622,25,11358,5151,38,"East TN",2455501,622.194818898465,0.204392889748134,212.258109444875,80.7574503125839,20.4392889748134
2021-08-25,340368,2226,271027,1212,69341,1014,298568,1244,2051700,4035,2350268,5279,17,4639,39,11397,5189,38,"East TN",2455501,627.692678602045,0.206194119273666,214.986676853318,90.6535977790276,20.6194119273666
2021-08-26,343024,2656,272863,1836,70161,820,300523,1955,2058544,6844,2359067,8799,24,4663,40,11437,5219,30,"East TN",2455501,638.484773575739,0.22448900362987,358.338278013326,108.165299057097,22.448900362987
2021-08-27,346035,3011,275143,2280,70892,731,302896,2373,2065616,7072,2368512,9445,19,4682,44,11481,5240,21,"East TN",2455501,661.127810577149,0.22760253276622,384.646554817123,122.622633833177,22.760253276622
2021-08-28,348178,2143,276683,1540,71495,603,304568,1672,2071482,5866,2376050,7538,1,4683,33,11514,5275,35,"East TN",2455501,629.158774523,0.234850986543383,306.984195893221,87.2734321834933,23.4850986543383
2021-08-29,350510,2332,278509,1826,72001,506,306587,2019,2078476,6994,2385063,9013,9,4692,45,11559,5306,31,"East TN",2455501,663.774928212206,0.235576351163805,367.053403765667,94.9704357685051,23.5576351163805
2021-08-30,353752,3242,280923,2414,72829,828,309193,2606,2087516,9040,2396709,11646,21,4713,71,11630,5346,40,"East TN",2455501,716.472931593186,0.233647158013068,474.282030428821,132.030082659303,23.3647158013068
2021-08-31,357340,3588,283334,2411,74006,1177,311801,2608,2096102,8586,2407903,11194,7,4720,80,11710,5381,35,"East TN",2455501,781.836374735746,0.230107766156976,455.874381643502,146.120893455144,23.0107766156976
2021-09-01,358775,1435,284287,953,74488,482,312791,990,2098384,2282,2411175,3272,14,4734,32,11742,5423,42,"East TN",2455501,749.622989361438,0.233519956655228,133.251829260098,58.440212404719,23.3519956655228
2021-09-02,361091,2316,285782,1495,75309,821,314307,1516,2102644,4260,2416951,5776,19,4753,44,11786,5453,30,"East TN",2455501,735.776527885755,0.238131435284362,235.226945539831,94.3188375814141,23.8131435284362
2021-09-03,362846,1755,287007,1225,75839,530,315601,1294,2106749,4105,2422350,5399,17,4770,32,11818,5482,29,"East TN",2455501,684.626070199116,0.235985734982726,219.8736632565,71.4721761465379,23.5985734982726
2021-09-04,366105,3259,289349,2342,76756,917,318175,2574,2114796,8047,2432971,10621,3,4773,56,11874,5513,31,"East TN",2455501,730.07504374871,0.23905061400889,432.539021568307,132.722405733087,23.905061400889
2021-09-05,370559,4454,292603,3254,77956,1200,321661,3486,2127305,12509,2448966,15995,8,4781,58,11932,5568,55,"East TN",2455501,816.493253311646,0.235888768915387,651.394562657478,181.388645331442,23.5888768915387
2021-09-06,375466,4907,296537,3934,78929,973,325950,4289,2142941,15636,2468891,19925,11,4792,102,12034,5605,37,"East TN",2455501,884.300189655797,0.2321492892965,811.443367361691,199.837019003454,23.21492892965
2021-09-07,377547,2081,297994,1457,79553,624,327468,1518,2147366,4425,2474834,5943,34,4826,64,12098,5637,32,"East TN",2455501,822.927785409169,0.234076885150379,242.028001617593,84.7484892085159,23.4076885150379
2021-09-08,379221,1674,299170,1176,80051,498,328729,1261,2151744,4378,2480473,5639,19,4845,60,12158,5678,41,"East TN",2455501,832.66103332884,0.229992207567318,229.647636062865,68.17346032439,22.9992207567318
2021-09-09,381130,1909,300175,1005,80955,904,329806,1077,2155409,3665,2485215,4742,8,4853,55,12213,5718,40,"East TN",2455501,816.086004444714,0.227045001757881,193.117412699079,77.7438086972883,22.7045001757881
2021-09-10,386620,5490,304014,3839,82606,1651,333942,4136,2167513,12104,2501455,16240,23,4876,144,12357,5754,36,"East TN",2455501,968.193456243756,0.231856393401176,661.372159897308,223.57962794558,23.1856393401176
2021-09-11,390900,4280,307118,3104,83782,1176,337257,3315,2179332,11819,2516589,15134,8,4884,119,12476,5798,44,"East TN",2455501,1009.7735655575,0.228204453586548,616.330435214647,174.302515046827,22.8204453586548
2021-09-12,392479,1579,308541,1423,83938,156,338811,1554,2184573,5241,2523384,6795,23,4907,50,12526,5842,44,"East TN",2455501,892.689516314593,0.230454997446854,276.725605080185,64.3045960885375,23.0454997446854
2021-09-13,394831,2352,309995,1454,84836,898,340316,1505,2189696,5123,2530012,6628,63,4970,84,12610,5892,50,"East TN",2455501,788.637430813508,0.235041965936421,269.924549002424,95.7849335023688,23.5041965936421
2021-09-14,397642,2811,311950,1955,85692,856,342391,2075,2195917,6221,2538308,8296,43,5013,63,12673,5936,44,"East TN",2455501,818.366598099532,0.235104137127013,337.853660006654,114.47765649454,23.5104137127013
2021-09-15,399434,1792,313147,1197,86287,595,343607,1216,2199692,3775,2543299,4991,23,5036,36,12709,5975,39,"East TN",2455501,823.172134729328,0.236812784515965,203.257909485681,72.9789969541857,23.6812784515965
2021-09-16,402079,2645,314999,1852,87080,793,345564,1957,2206349,6657,2551913,8614,23,5059,65,12774,6012,37,"East TN",2455501,853.145651335512,0.236258958289604,350.804173975087,107.717325303472,23.6258958289604
2021-09-17,404758,2679,316872,1873,87886,806,347568,2004,2213552,7203,2561120,9207,23,5082,82,12856,6067,55,"East TN",2455501,738.667994840971,0.228375094276376,374.954031784145,109.10197145104,22.8375094276376
2021-09-18,406208,1450,318049,1177,88159,273,348904,1336,2219024,5472,2567928,6808,3,5085,39,12895,6125,58,"East TN",2455501,623.416565499261,0.226864566898459,277.255028607197,59.0510857051168,22.6864566898459
2021-09-19,406851,643,318495,446,88356,197,349417,513,2221101,2077,2570518,2590,17,5102,24,12919,6168,43,"East TN",2455501,585.29807155444,0.225018033691178,105.477456535347,26.1861021437173,22.5018033691178
2021-09-20,408832,1981,319751,1256,89081,725,350787,1370,2226738,5637,2577525,7007,48,5150,70,12989,6212,44,"East TN",2455501,570.189138591269,0.22038179024688,285.35928105914,80.6760005391975,22.038179024688
2021-09-21,410704,1872,320853,1102,89851,770,351927,1140,2231043,4305,2582970,5445,31,5181,61,13050,6259,47,"East TN",2455501,531.948469986369,0.213514844834535,221.747008044387,76.2369878896404,21.3514844834535
2021-09-22,412296,1592,321970,1117,90326,475,353149,1222,2236400,5357,2589549,6579,14,5195,45,13095,6299,40,"East TN",2455501,523.803492647733,0.206313513513514,267.929029554458,64.8340196155489,20.6313513513514
2021-09-23,414643,2347,323477,1507,91166,840,354811,1662,2242756,6356,2597567,8018,32,5227,59,13154,6337,38,"East TN",2455501,511.667476413164,0.202545231524072,326.532141505949,95.5813090689028,20.2545231524072
2021-09-24,416180,1537,324458,981,91722,556,355910,1099,2247636,4880,2603546,5979,37,5264,40,13194,6386,49,"East TN",2455501,465.159655809548,0.196624711261962,243.494097538547,62.5941508474238,19.6624711261962
2021-09-25,416877,697,324947,489,91930,208,356472,562,2250657,3021,2607129,3583,2,5266,21,13215,6428,42,"East TN",2455501,434.49381612958,0.193056299584194,145.917269021678,28.3852460251492,19.3056299584194
2021-09-26,417738,861,325575,628,92163,233,357195,723,2254632,3975,2611827,4698,6,5272,26,13241,6464,36,"East TN",2455501,443.371841428694,0.18828826647946,191.325517684578,35.0641274428314,18.828826647946
2021-09-27,419196,1458,326406,831,92790,627,358117,922,2258223,3591,2616340,4513,46,5318,45,13286,6497,33,"East TN",2455501,422.072725688159,0.18884451887157,183.791413646339,59.3768847986623,18.884451887157
2021-09-28,420490,1294,327196,790,93294,504,358978,861,2261883,3660,2620861,4521,14,5332,34,13320,6533,36,"East TN",2455501,398.533741179499,0.186086405742789,184.117212739885,52.6980033809801,18.6086405742789
2021-09-29,422165,1675,328205,1009,93960,666,360116,1138,2267380,5497,2627496,6635,30,5362,50,13370,6578,45,"East TN",2455501,401.913906775033,0.183598176403932,270.209623209276,68.2141852110832,18.3598176403932
2021-09-30,423374,1209,328966,761,94408,448,360936,820,2272052,4672,2632988,5492,11,5373,40,13410,6613,35,"East TN",2455501,355.56898571819,0.172920019197651,223.661077718967,49.2363880120595,17.2920019197651
2021-10-01,424746,1372,329940,974,94806,398,362011,1075,2277025,4973,2639036,6048,14,5387,48,13458,6642,29,"East TN",2455501,348.849379413814,0.171907579599887,246.304114720377,55.8745445430484,17.1907579599887
2021-10-02,425299,553,330291,351,95008,202,362406,395,2279694,2669,2642100,3064,11,5398,19,13477,6680,38,"East TN",2455501,342.984995729996,0.169683452003088,124.781052827916,22.5208623413308,16.9683452003088
2021-10-03,425838,539,330757,466,95081,73,362930,524,2282785,3091,2645715,3615,13,5411,15,13492,6713,33,"East TN",2455501,329.87158221479,0.169233947119924,147.22046539586,21.9507139276262,16.9233947119924
2021-10-04,427186,1348,331615,858,95571,490,363870,940,2286922,4137,2650792,5077,22,5433,29,13521,6736,23,"East TN",2455501,325.39184467854,0.16698595146871,206.760249741295,54.897147262412,16.698595146871
2021-10-05,428450,1264,332371,756,96079,508,364685,815,2291384,4462,2656069,5277,17,5450,41,13562,6776,40,"East TN",2455501,324.170098077745,0.162093842308566,214.905227079932,51.4762567801846,16.2093842308566
2021-10-06,429387,937,333079,708,96308,229,365465,780,2295805,4421,2661270,5201,18,5468,26,13588,6811,35,"East TN",2455501,294.115131698175,0.158376265766566,211.81013569125,38.1592188315134,15.8376265766566
2021-10-07,430503,1116,333872,793,96631,323,366323,858,2300586,4781,2666909,5639,24,5492,26,13614,6841,30,"East TN",2455501,290.327717235709,0.158810176586775,229.647636062865,45.4489735495933,15.8810176586775
2021-10-08,431555,1052,334459,587,97096,465,366965,642,2304831,4245,2671796,4887,9,5501,31,13645,6862,21,"East TN",2455501,277.29575349389,0.151221001221001,199.02252126959,42.8425808012296,15.1221001221001
2021-10-09,432096,541,334814,355,97282,186,367382,417,2307640,2809,2675022,3226,4,5505,32,13677,6892,30,"East TN",2455501,276.807054853572,0.151145130915497,131.378484472212,22.0321637010125,15.1145130915497
2021-10-10,432413,317,335079,265,97334,52,367691,309,2309872,2232,2677563,2541,6,5511,16,13693,6916,24,"East TN",2455501,267.766130007685,0.14949133383572,103.481937087381,12.9097890817393,14.949133383572
2021-10-11,433630,1217,335617,538,98013,679,368239,548,2313318,3446,2681557,3994,52,5563,33,13726,6930,14,"East TN",2455501,262.431169850878,0.142012026653665,162.655197452577,49.5621871056049,14.2012026653665
2021-10-12,434564,934,336254,637,98310,297,369244,1005,2316962,3644,2686206,4649,29,5592,32,13758,6964,34,"East TN",2455501,248.991957242127,0.151275840329163,189.329998236612,38.0370441714339,15.1275840329163
2021-10-13,435410,846,336802,548,98608,298,369893,649,2320826,3864,2690719,4513,25,5617,37,13795,6987,23,"East TN",2455501,245.285992553047,0.150361642161024,183.791413646339,34.4532541424337,15.0361642161024
2021-10-14,436359,949,337455,653,98904,296,370614,721,2324829,4003,2695443,4724,31,5648,33,13828,7019,32,"East TN",2455501,238.484936475285,0.150382000420551,192.384364738601,38.6479174718316,15.0382000420551
2021-10-15,437162,803,337967,512,99195,291,371190,576,2328722,3893,2699912,4469,24,5672,30,13858,7044,25,"East TN",2455501,228.344439688683,0.150270308721013,181.999518631839,32.7020840146267,15.0270308721013
2021-10-16,437469,307,338206,239,99263,68,371461,271,2330952,2230,2702413,2501,7,5679,12,13870,7059,15,"East TN",2455501,218.814816202478,0.148917527655069,101.852941619653,12.5025402148075,14.8917527655069
2021-10-17,437721,252,338416,210,99305,42,371709,248,2332615,1663,2704324,1911,7,5686,14,13884,7075,16,"East TN",2455501,216.167698567421,0.150143866073764,77.8252584706746,10.2626714466824,15.0143866073764
2021-10-18,438508,787,338883,467,99625,320,372225,516,2335805,3190,2708030,3706,23,5709,37,13921,7096,21,"East TN",2455501,198.655997289352,0.150568503758546,150.92643008494,32.0504858275358,15.0568503758546
2021-10-19,439339,831,339324,441,100015,390,372699,474,2339133,3328,2711832,3802,25,5734,23,13944,7112,16,"East TN",2455501,194.461333959954,0.134824006868025,154.836019207486,33.8423808420359,13.4824006868025
2021-10-20,440103,764,339814,490,100289,274,373240,541,2343154,4021,2716394,4562,15,5749,21,13965,7131,19,"East TN",2455501,191.121893251113,0.130360272638754,185.786933094305,31.1138134335926,13.0360272638754
2021-10-21,440732,629,340237,423,100495,206,373710,470,2346791,3637,2720501,4107,17,5766,21,13986,7149,18,"East TN",2455501,178.089929509294,0.123553356213584,167.257109648907,25.6159537300127,12.3553356213584
2021-10-22,441276,544,340578,341,100698,203,374096,386,2349895,3104,2723991,3490,6,5772,18,14004,7167,18,"East TN",2455501,167.542183855759,0.120686075003115,142.129854559212,22.1543383610921,12.0686075003115
2021-10-23,441633,357,340822,244,100811,113,374369,273,2352279,2384,2726648,2657,0,5772,15,14019,7187,20,"East TN",2455501,169.578428190418,0.119991747472664,108.20602394379,14.5387845494667,11.9991747472664
2021-10-24,441876,243,340984,162,100892,81,374565,196,2354176,1897,2728741,2093,7,5779,14,14033,7199,12,"East TN",2455501,169.21190421018,0.116967686447967,85.2371878488341,9.89614746644371,11.6967686447967
2021-10-25,442298,422,341232,248,101066,174,374836,271,2356607,2431,2731443,2702,28,5807,21,14054,7210,11,"East TN",2455501,154.347320567167,0.111519241447059,110.038643844983,17.1859021845236,11.1519241447059
2021-10-26,442824,526,341561,329,101263,197,375174,338,2359246,2639,2734420,2977,12,5819,28,14082,7221,11,"East TN",2455501,141.926230125746,0.109571453869311,121.237987685609,21.4212904006148,10.9571453869311
2021-10-27,443444,620,341955,394,101489,226,375598,424,2363444,4198,2739042,4622,10,5829,21,14103,7242,21,"East TN",2455501,136.061846441928,0.104115153655952,188.230426295896,25.2494297497741,10.4115153655952
2021-10-28,443859,415,342210,255,101649,160,375889,291,2366241,2797,2742130,3088,16,5845,15,14118,7257,15,"East TN",2455501,127.346720689586,0.100744370983402,125.758450108552,16.9008279776714,10.0744370983402
2021-10-29,444319,460,342515,305,101804,155,376222,333,2369758,3517,2745980,3850,4,5849,10,14128,7274,17,"East TN",2455501,123.925830207359,0.0966847059893583,156.790813768758,18.7334478788646,9.66847059893583
2021-10-30,444582,263,342717,202,101865,61,376451,229,2372333,2575,2748784,2804,0,5849,16,14144,7288,14,"East TN",2455501,120.0976908582,0.0940549331405855,114.192582287688,10.7106452003074,9.40549331405855
2021-10-31,444753,171,342844,127,101909,44,376597,146,2373957,1624,2750554,1770,0,5849,5,14149,7299,11,"East TN",2455501,117.16549901629,0.09315545775455,72.0830494469357,6.96395562453446,9.315545775455
2021-11-01,445349,596,343205,361,102144,235,376987,390,2377074,3117,2754061,3507,14,5863,23,14172,7308,9,"East TN",2455501,124.251629300904,0.0951012467945884,142.822177632996,24.2720324691377,9.51012467945884
2021-11-02,445762,413,343426,221,102336,192,377214,227,2379285,2211,2756499,2438,25,5888,16,14188,7331,23,"East TN",2455501,119.649717104575,0.0923954889261289,99.2872737579826,16.819378204285,9.23954889261289
2021-11-03,446334,572,343805,379,102529,193,377607,393,2383863,4578,2761470,4971,6,5894,14,14202,7342,11,"East TN",2455501,117.694922543302,0.0895755305867665,202.443411751818,23.2946351885012,8.95755305867665
2021-11-04,446751,417,344107,302,102644,115,377937,330,2387398,3535,2765335,3865,13,5907,9,14211,7353,11,"East TN",2455501,117.776372316688,0.0882568411980177,157.401687069156,16.9822777510577,8.82568411980177
2021-11-05,447186,435,344392,285,102794,150,378261,324,2390981,3583,2769242,3907,2,5909,13,14224,7359,6,"East TN",2455501,116.758250149359,0.0876536841200241,159.11213231027,17.715325711535,8.76536841200241
2021-11-06,447419,233,344563,171,102856,62,378449,188,2393221,2240,2771670,2428,0,5909,13,14237,7367,8,"East TN",2455501,115.536503548563,0.0873022808704011,98.8800248910507,9.48889859951187,8.73022808704011
2021-11-07,447618,199,344691,128,102927,71,378603,154,2395122,1901,2773725,2055,6,5915,8,14245,7379,12,"East TN",2455501,116.676800375972,0.086573734409391,83.6896421544931,8.10425245194362,8.6573734409391
2021-11-08,448159,541,345037,346,103122,195,378988,385,2398655,3533,2777643,3918,25,5940,25,14270,7391,12,"East TN",2455501,114.436931607847,0.084852853871597,159.560106063895,22.0321637010125,8.4852853871597
2021-11-09,449025,866,345653,616,103372,250,379787,799,2405924,7269,2785711,8068,10,5950,27,14297,7406,15,"East TN",2455501,132.885305279859,0.0880802409968506,328.568385840609,35.2677518762973,8.80802409968506
2021-11-10,449651,626,346091,438,103560,188,380289,502,2411175,5251,2791464,5753,7,5957,28,14325,7417,11,"East TN",2455501,135.084449161291,0.0894178835767153,234.290273145888,25.4937790699332,8.94178835767153
2021-11-11,450155,504,346473,382,103682,122,380694,405,2415463,4288,2796157,4693,5,5962,10,14335,7430,13,"East TN",2455501,138.627514303598,0.0894490948024139,191.121893251113,20.5253428933647,8.94490948024139
2021-11-12,450636,481,346795,322,103841,159,381026,332,2418913,3450,2799939,3782,2,5964,24,14359,7440,10,"East TN",2455501,140.500859091485,0.0900739485943252,154.021521473622,19.5886704994215,9.00739485943252
2021-11-13,450873,237,346937,142,103936,95,381175,149,2420911,1998,2802086,2147,4,5968,11,14370,7449,9,"East TN",2455501,140.663758638258,0.0896238821672804,87.436331730266,9.65179814628461,8.96238821672804
2021-11-14,451234,361,347253,316,103981,45,381520,345,2423889,2978,2805409,3323,1,5969,14,14384,7457,8,"East TN",2455501,147.261190282553,0.0920653957833607,135.32879848145,14.7016840962394,9.20653957833607
2021-11-15,451811,577,347543,290,104268,287,381821,301,2426656,2767,2808477,3068,26,5995,20,14404,7467,10,"East TN",2455501,148.727286203508,0.0918790945060647,124.943952374689,23.4982596219672,9.18790945060647
2021-11-16,452483,672,347976,433,104507,239,382281,460,2430263,3607,2812544,4067,24,6019,17,14421,7477,10,"East TN",2455501,140.82665818503,0.0929452539783103,165.628114181179,27.3671238578196,9.29452539783103
2021-11-17,453195,712,348441,465,104754,247,382789,508,2434908,4645,2817697,5153,5,6024,27,14448,7487,10,"East TN",2455501,144.328998440644,0.0952998132123661,209.855341129977,28.996119325547,9.52998132123661
2021-11-18,453819,624,348851,410,104968,214,383267,478,2439770,4862,2823037,5340,12,6036,19,14467,7496,9,"East TN",2455501,149.215984843826,0.0957217261904762,217.470894941603,25.4123292965468,9.57217261904762
2021-11-19,454432,613,349293,442,105139,171,383727,460,2444244,4474,2827971,4934,7,6043,13,14480,7504,8,"East TN",2455501,154.591669887326,0.0963541666666667,200.93659094417,24.9643555429218,9.63541666666667
2021-11-20,454754,322,349540,247,105214,75,384014,287,2446948,2704,2830962,2991,0,6043,14,14494,7512,8,"East TN",2455501,158.053285256247,0.0983169414046267,121.808136099313,13.1134135152052,9.83169414046267
2021-11-21,455018,264,349692,152,105326,112,384178,164,2448431,1483,2832609,1647,9,6052,10,14504,7523,11,"East TN",2455501,154.102971247008,0.0977205882352941,67.073888383674,10.7513700870006,9.77205882352941
2021-11-22,455770,752,350187,495,105583,257,384690,512,2452299,3868,2836989,4380,20,6072,38,14542,7529,6,"East TN",2455501,161.229826418315,0.100624298540965,178.375003716146,30.6251147932744,10.0624298540965
2021-11-23,456446,676,350656,469,105790,207,385179,489,2455600,3301,2840779,3790,21,6093,19,14561,7536,7,"East TN",2455501,161.392725965088,0.102638569151762,154.347320567167,27.5300234045924,10.2638569151762
2021-11-24,457182,736,351188,532,105994,204,385752,573,2459628,4028,2845380,4601,6,6099,21,14582,7546,10,"East TN",2455501,162.370123245725,0.107033197269082,187.37520367534,29.9735166061834,10.7033197269082
2021-11-25,457468,286,351346,158,106122,128,385925,173,2461264,1636,2847189,1809,1,6100,10,14592,7555,9,"East TN",2455501,148.605111543428,0.110052997681351,73.6713200279699,11.6473175942506,11.0052997681351
2021-11-26,457698,230,351548,202,106150,28,386169,244,2462941,1677,2849110,1921,1,6101,15,14607,7559,4,"East TN",2455501,133.007479939939,0.115521074790671,78.2325073376065,9.36672393943232,11.5521074790671
2021-11-27,457982,284,351776,228,106206,56,386423,254,2464535,1594,2850958,1848,0,6101,14,14621,7570,11,"East TN",2455501,131.459934245598,0.120474094818964,75.259590609004,11.5658678208643,12.0474094818964
2021-11-28,458297,315,351988,212,106309,103,386640,217,2466045,1510,2852685,1727,7,6108,20,14641,7580,10,"East TN",2455501,133.53690346695,0.122633990834828,70.3318793191288,12.828339308353,12.2633990834828
2021-11-29,459394,1097,352702,714,106692,383,387378,738,2470592,4547,2857970,5285,19,6127,35,14676,7588,8,"East TN",2455501,147.586989376099,0.128115914398742,215.231026173477,44.6752007024228,12.8115914398742
2021-11-30,460233,839,353212,510,107021,329,387884,506,2473959,3367,2861843,3873,64,6191,26,14702,7600,12,"East TN",2455501,154.225145907088,0.128418154196734,157.727486162702,34.1681799355814,12.8418154196734
2021-12-01,461316,1083,353983,771,107333,312,388692,808,2479129,5170,2867821,5978,48,6239,32,14734,7621,21,"East TN",2455501,168.356681589623,0.13101020453634,243.453372651854,44.1050522887183,13.101020453634
2021-12-02,462219,903,354607,624,107612,279,389358,666,2483790,4661,2873148,5327,39,6278,18,14752,7638,17,"East TN",2455501,193.483936679317,0.13224700489233,216.941471414591,36.7745726839452,13.224700489233
2021-12-03,463237,1018,355342,735,107895,283,390140,782,2488766,4976,2878906,5758,21,6299,25,14777,7650,12,"East TN",2455501,225.575147393546,0.133272922539938,234.493897579353,41.4579346536613,13.3272922539938
2021-12-04,463660,423,355676,334,107984,89,390521,381,2491518,2752,2882039,3133,3,6302,29,14806,7662,12,"East TN",2455501,231.235906643899,0.13184903960619,127.591070009745,17.2266270712168,13.184903960619
2021-12-05,464045,385,355892,216,108153,169,390752,231,2493449,1931,2884201,2162,12,6314,15,14821,7670,8,"East TN",2455501,234.086648712422,0.13047341033126,88.0472050306638,15.6790813768758,13.047341033126
2021-12-06,464996,951,356537,645,108459,306,391442,690,2497633,4184,2889075,4874,69,6383,32,14853,7684,14,"East TN",2455501,228.140815255217,0.130654235653432,198.493097742579,38.729367245218,13.0654235653432
2021-12-07,465838,842,357070,533,108768,309,391983,541,2501109,3476,2893092,4017,8,6391,27,14880,7689,5,"East TN",2455501,228.262989915296,0.13117219751032,163.59186984652,34.2903545956609,13.117219751032
2021-12-08,466884,1046,357707,637,109177,409,392640,657,2505722,4613,2898362,5270,4,6395,29,14909,7705,16,"East TN",2455501,226.756169107649,0.129268851707541,214.62015287308,42.5982314810705,12.9268851707541
2021-12-09,467803,919,358327,620,109476,299,393307,667,2510699,4977,2904006,5644,19,6414,30,14939,7719,14,"East TN",2455501,227.407767294739,0.127973297038045,229.85126049633,37.4261708710361,12.7973297038045
2021-12-10,468598,795,358875,548,109723,247,393908,601,2515208,4509,2909116,5110,5,6419,22,14961,7733,14,"East TN",2455501,218.326117562159,0.124726911618669,208.10417100217,32.3762849210813,12.4726911618669
2021-12-11,468994,396,359161,286,109833,110,394233,325,2518129,2921,2912362,3246,0,6419,19,14980,7742,9,"East TN",2455501,217.226545621443,0.122415328298651,132.192982206075,16.1270551305009,12.2415328298651
2021-12-12,469425,431,359424,263,110001,168,394527,294,2520647,2518,2915174,2812,9,6428,18,14998,7749,7,"East TN",2455501,219.09989040933,0.121880347399348,114.518381381233,17.5524261647623,12.1880347399348
2021-12-13,470306,881,359998,574,110308,307,395130,603,2525249,4602,2920379,5205,23,6451,24,15022,7758,9,"East TN",2455501,216.249148340807,0.117812420138002,211.973035238023,35.8786251766951,11.7812420138002
2021-12-14,471062,756,360454,456,110608,300,395613,483,2529271,4022,2924884,4505,36,6487,22,15044,7766,8,"East TN",2455501,212.746808085193,0.114179667840966,183.465614552794,30.7880143400471,11.4179667840966
2021-12-15,471932,870,361043,589,110889,281,396241,628,2534073,4802,2930314,5430,19,6506,22,15066,7781,15,"East TN",2455501,205.579228027193,0.112700300450676,221.136134743989,35.4306514230701,11.2700300450676
2021-12-16,472726,794,361553,510,111173,284,396786,545,2537893,3820,2934679,4365,19,6525,22,15088,7798,17,"East TN",2455501,200.488617190545,0.113422228018127,177.764130415748,32.3355600343881,11.3422228018127
2021-12-17,473536,810,362089,536,111447,274,397371,585,2542561,4668,2939932,5253,24,6549,33,15121,7812,14,"East TN",2455501,201.099490490943,0.112376687435099,213.927829799296,32.987158221479,11.2376687435099
2021-12-18,474106,570,362469,380,111637,190,397797,426,2545905,3344,2943702,3770,0,6549,28,15149,7825,13,"East TN",2455501,208.185620775557,0.113720485003191,153.532822833304,23.2131854151149,11.3720485003191
2021-12-19,474527,421,362750,281,111777,140,398107,310,2548566,2661,2946673,2971,6,6555,16,15165,7834,9,"East TN",2455501,207.778371908625,0.113654401727039,120.99363836545,17.1451772978305,11.3654401727039
2021-12-20,475461,934,363373,623,112088,311,398745,638,2552526,3960,2951271,4598,40,6595,31,15196,7846,12,"East TN",2455501,209.936790903364,0.117020587854461,187.25302901526,38.0370441714339,11.7020587854461
2021-12-21,476472,1011,364030,657,112442,354,399414,669,2556909,4383,2956323,5052,30,6625,28,15224,7856,10,"East TN",2455501,220.321637010125,0.120900792009924,205.742127573966,41.172860446809,12.0900792009924
2021-12-22,477958,1486,364761,731,113197,755,400161,747,2561246,4337,2961407,5084,853,7478,37,15261,7872,16,"East TN",2455501,245.408167213127,0.126073392725051,207.045323948147,60.5171816260714,12.6073392725051
2021-12-23,479123,1165,365566,805,113557,360,401025,864,2565731,4485,2966756,5349,28,7506,33,15294,7889,17,"East TN",2455501,260.517100176298,0.132150762228388,217.837418921841,47.4444929975594,13.2150762228388
2021-12-24,480060,937,366215,649,113845,288,401732,707,2569567,3836,2971299,4543,0,7506,17,15311,7911,22,"East TN",2455501,265.689160786332,0.139031466190582,185.013160247135,38.1592188315134,13.9031466190582
2021-12-25,480540,480,366498,283,114042,197,402065,333,2571686,2119,2973751,2452,8,7514,19,15330,7919,8,"East TN",2455501,262.023920983946,0.142034676694732,99.8574221716871,19.5479456127283,14.2034676694732
2021-12-26,480883,343,366775,277,114108,66,402385,320,2573561,1875,2975946,2195,62,7576,18,15348,7936,17,"East TN",2455501,258.847379821877,0.146141495576128,89.3911262915389,13.9686361357621,14.6141495576128
2021-12-27,482758,1875,368037,1262,114721,613,403695,1310,2578313,4752,2982008,6062,64,7640,35,15383,7955,19,"East TN",2455501,297.169498200164,0.161043693268699,246.874263134081,76.35916254972,16.1043693268699
2021-12-28,485184,2426,369481,1444,115703,982,405182,1487,2582690,4377,2987872,5864,18,7658,26,15409,7968,13,"East TN",2455501,354.795212871019,0.182826714000444,238.810735568831,98.7985751176644,18.2826714000444
2021-12-29,488070,2886,371409,1928,116661,958,407185,2003,2587979,5289,2995164,7292,37,7695,30,15439,7983,15,"East TN",2455501,411.810054241477,0.20807536214711,296.965873766698,117.532022996529,20.807536214711
2021-12-30,490896,2826,373196,1787,117700,1039,409008,1823,2592441,4462,3001449,6285,14,7709,33,15472,7998,15,"East TN",2455501,479.454091038855,0.23010405557317,255.955912866661,115.088529794938,23.010405557317
2021-12-31,493419,2523,375010,1814,118409,709,410955,1947,2597274,4833,3008229,6780,0,7709,24,15496,8017,19,"East TN",2455501,544.043761334245,0.249742756566477,276.114731779788,102.748889126903,24.9742756566477
2022-01-01,494878,1459,376239,1229,118639,230,412294,1339,2600923,3649,3013217,4988,0,7709,32,15528,8025,8,"East TN",2455501,583.913425406872,0.259185121370293,203.135734825602,59.4176096853555,25.9185121370293
2022-01-02,496342,1464,377203,964,119139,500,413517,1223,2603939,3016,3017456,4239,6,7715,26,15554,8045,20,"East TN",2455501,629.566023389931,0.268176343049867,172.632794692407,59.6212341188214,26.8176343049867
2022-01-03,499236,2894,379387,2184,119849,710,415743,2226,2608109,4170,3023852,6396,33,7748,36,15590,8059,14,"East TN",2455501,671.064682930286,0.287926584456553,260.476375289605,117.857822090074,28.7926584456553
2022-01-04,503407,4171,381844,2457,121563,1714,418134,2391,2613346,5237,3031480,7628,14,7762,42,15632,8077,18,"East TN",2455501,742.129610209892,0.297009722986608,310.649435695608,169.86350239727,29.7009722986608
2022-01-05,508343,4936,385257,3413,123086,1523,421636,3502,2618580,5234,3040216,8736,15,7777,44,15676,8102,25,"East TN",2455501,825.615627930919,0.320762674243097,355.772610151655,201.018040717556,32.0762674243097
2022-01-06,513502,5159,388726,3469,124776,1690,425284,3648,2624191,5611,3049475,9259,11,7788,42,15718,8122,20,"East TN",2455501,920.626788586117,0.338899762628576,377.071725892191,210.099690450136,33.8899762628576
2022-01-07,517873,4371,391953,3227,125920,1144,428561,3277,2628875,4684,3057436,7961,12,7800,37,15755,8144,22,"East TN",2455501,995.886379195121,0.35779462271628,324.210822964438,178.008479735907,35.779462271628
2022-01-08,521019,3146,394379,2426,126640,720,431166,2605,2633637,4762,3064803,7367,1,7801,41,15796,8164,20,"East TN",2455501,1064.58926304652,0.365835691854379,300.020240268687,128.120493536757,36.5835691854379
2022-01-09,524522,3503,397063,2684,127459,819,434065,2899,2638638,5001,3072703,7900,15,7816,42,15838,8182,18,"East TN",2455501,1147.62730701393,0.371929697540138,321.726604876154,142.659278086224,37.1929697540138
2022-01-10,529160,4638,400135,3072,129025,1566,437305,3240,2643416,4778,3080721,8018,29,7845,60,15898,8215,33,"East TN",2455501,1218.65150940684,0.379152086373947,326.532141505949,188.882024482987,37.9152086373947
2022-01-11,534762,5602,404176,4041,130586,1561,441441,4136,2648605,5189,3090046,9325,30,7875,49,15947,8240,25,"East TN",2455501,1276.92882226478,0.397961274459584,379.759568413941,228.140815255217,39.7961274459584
2022-01-12,540450,5688,408159,3983,132291,1705,445608,4167,2653374,4769,3098982,8936,16,7891,31,15978,8262,22,"East TN",2455501,1307.55393705806,0.407922948643774,363.917587490292,231.643155510831,40.7922948643774
2022-01-13,547778,7328,413408,5249,134370,2079,451086,5478,2660300,6926,3111386,12404,65,7956,48,16026,8278,16,"East TN",2455501,1395.88621629557,0.416759541923083,505.151494542254,298.431969687652,41.6759541923083
2022-01-14,554277,6499,418187,4779,136090,1720,456018,4932,2666180,5880,3122198,10812,68,8024,38,16064,8311,33,"East TN",2455501,1482.54877517867,0.423967758870943,440.317474926705,264.671038619003,42.3967758870943
2022-01-15,558815,4538,421573,3386,137242,1152,459631,3613,2671267,5087,3130898,8700,9,8033,37,16101,8325,14,"East TN",2455501,1539.23781745558,0.430667977910583,354.306514230701,184.809535813669,43.0667977910583
2022-01-16,562669,3854,424890,3317,137779,537,463122,3491,2675914,4647,3139036,8138,7,8040,38,16139,8343,18,"East TN",2455501,1553.53225268489,0.438047427374007,331.419127909131,156.953713315531,43.8047427374007
2022-01-17,567301,4632,428217,3327,139084,1305,466592,3470,2680649,4735,3147241,8205,15,8055,41,16180,8367,24,"East TN",2455501,1553.28790336473,0.440273601924233,334.147695317575,188.637675162828,44.0273601924233
2022-01-18,573257,5956,431894,3677,141363,2279,470330,3738,2684110,3461,3154440,7199,49,8104,46,16226,8399,32,"East TN",2455501,1567.70451325412,0.448628754231761,293.178459304232,242.557425144604,44.8628754231761
2022-01-19,581565,8308,437902,6008,143663,2300,476508,6178,2689957,5847,3166465,12025,22,8126,50,16276,8431,32,"East TN",2455501,1674.40371639026,0.457893099002712,489.716762485538,338.342358646973,45.7893099002712
2022-01-20,589855,8290,443967,6065,145888,2225,482784,6276,2695674,5717,3178458,11993,44,8170,40,16316,8465,34,"East TN",2455501,1713.5810573891,0.47259661259542,488.413566111356,337.609310686495,47.259661259542
2022-01-21,597153,7298,449576,5609,147577,1689,488665,5881,2701396,5722,3190061,11603,53,8223,31,16347,8496,31,"East TN",2455501,1746.12024185696,0.481072160087235,472.530860301014,297.210223086857,48.1072160087235
2022-01-22,603152,5999,454440,4864,148712,1135,493828,5163,2707482,6086,3201310,11249,0,8223,54,16401,8523,27,"East TN",2455501,1805.6193013157,0.485670056240414,458.114250411627,244.308595272411,48.5670056240414
2022-01-23,606748,3596,457415,2975,149333,621,496972,3144,2710751,3269,3207723,6413,6,8229,31,16432,8555,32,"East TN",2455501,1795.11228054886,0.492815234323817,261.168698363389,146.44669254869,49.2815234323817
2022-01-24,613436,6688,462099,4684,151337,2004,501936,4964,2716131,5380,3218067,10344,37,8266,43,16475,8590,35,"East TN",2455501,1878.84264759004,0.499025781492672,421.258227954295,272.368042204015,49.9025781492672
2022-01-25,619140,5704,466180,4081,152960,1623,506200,4264,2720784,4653,3226984,8917,30,8296,36,16511,8619,29,"East TN",2455501,1868.57997614336,0.494458535509484,363.143814643122,232.294753697922,49.4458535509484
2022-01-26,624946,5806,470606,4426,154340,1380,510878,4678,2725677,4893,3236555,9571,26,8322,37,16548,8653,34,"East TN",2455501,1766.68630963702,0.490369524896562,389.777890540464,236.448692140626,49.0369524896562
2022-01-27,632198,7252,476375,5769,155823,1483,517020,6142,2732830,7153,3249850,13295,29,8351,52,16600,8700,47,"East TN",2455501,1724.41387724949,0.479549529359032,541.437368585881,295.33687829897,47.9549529359032
2022-01-28,637157,4959,480080,3705,157077,1254,520952,3932,2737669,4839,3258621,8771,38,8389,41,16641,8734,34,"East TN",2455501,1629.15836727413,0.47093057176196,357.197981185917,201.954713111499,47.093057176196
2022-01-29,641220,4063,483348,3268,157872,795,524497,3545,2743098,5429,3267595,8974,5,8394,32,16673,8772,38,"East TN",2455501,1550.31498663613,0.462683865127857,365.465133184633,165.465214634407,46.2683865127857
2022-01-30,643287,2067,484858,1510,158429,557,526093,1596,2745574,2476,3271667,4072,17,8411,23,16696,8818,46,"East TN",2455501,1488.04663488225,0.455414112348305,165.831738614645,84.1783407948113,45.5414112348305
2022-01-31,647198,3911,487326,2468,159872,1443,528665,2572,2748506,2932,3277171,5504,68,8479,38,16734,8856,38,"East TN",2455501,1374.95362453528,0.452236735246345,224.149776359285,159.275031857043,45.2236735246345
2022-02-01,652156,4958,490845,3519,161311,1439,532566,3901,2753765,5259,3286331,9160,28,8507,38,16772,8888,32,"East TN",2455501,1344.57285906216,0.444268455018788,373.039962109565,201.913988224806,44.4268455018788
2022-02-02,656868,4712,494359,3514,162509,1198,536320,3754,2758664,4899,3294984,8653,21,8528,46,16818,8930,42,"East TN",2455501,1300.01983301982,0.435434458915949,352.392444556121,191.895666098283,43.5434458915949
2022-02-03,665796,8928,497035,2676,168761,6252,539145,2825,2763017,4353,3302162,7178,26,8554,41,16859,8958,28,"East TN",2455501,1368.2747431176,0.422943110567365,292.323236683675,363.591788396747,42.2943110567365
2022-02-04,669328,3532,499555,2520,169773,1012,541890,2745,2767607,4590,3309497,7335,12,8566,37,16896,8987,29,"East TN",2455501,1310.16032980642,0.411549650129727,298.717043894505,143.840299800326,41.1549650129727
2022-02-05,671005,1677,500739,1184,170266,493,543226,1336,2770230,2623,3313456,3959,3,8569,26,16922,9031,44,"East TN",2455501,1212.99075015649,0.408386210505658,161.229826418315,68.2956349844696,40.8386210505658
2022-02-06,672313,1308,501687,948,170626,360,544313,1087,2772882,2652,3317195,3739,1,8570,34,16956,9063,32,"East TN",2455501,1182.08056115636,0.400193287647162,152.270351345815,53.2681517946847,40.0193287647162
2022-02-07,675122,2809,503520,1833,171602,976,546286,1973,2775767,2885,3322053,4858,50,8620,40,16996,9096,33,"East TN",2455501,1137.20173602047,0.392607281315449,197.841499555488,114.396206721154,39.2607281315449
2022-02-08,677783,2661,505228,1708,172555,953,548176,1890,2778434,2667,3326610,4557,21,8641,43,17039,9133,37,"East TN",2455501,1043.65667128623,0.387546860646987,185.58330866084,108.368923490563,38.7546860646987
2022-02-09,680686,2903,507305,2077,173381,826,550487,2311,2782105,3671,3332592,5982,26,8667,26,17065,9166,33,"East TN",2455501,969.985351258257,0.376701765581791,243.616272198627,118.224346070313,37.6701765581791
2022-02-10,683195,2509,509086,1781,174109,728,552461,1974,2785314,3209,3337775,5183,28,8695,30,17095,9204,38,"East TN",2455501,708.572303574708,0.373908404234409,211.077087730773,102.178740713199,37.3908404234409
2022-02-11,685493,2298,510814,1728,174679,570,554360,1899,2788678,3364,3343038,5263,31,8726,40,17135,9235,31,"East TN",2455501,658.317793395319,0.371783787006947,214.335078666227,93.5857896209368,37.1783787006947
2022-02-12,686423,930,511499,685,174924,245,555140,780,2791180,2502,3346320,3282,3,8729,17,17152,9277,42,"East TN",2455501,627.896303035511,0.362524342745862,133.65907812703,37.8741446246611,36.2524342745862
2022-02-13,686999,576,511915,416,175084,160,555624,484,2792581,1401,3348205,1885,35,8764,10,17162,9300,23,"East TN",2455501,598.0856859761,0.36475330538536,76.7664114166518,23.457534735274,36.475330538536
2022-02-14,689239,2240,513344,1429,175895,811,557243,1619,2795588,3007,3352831,4626,146,8910,25,17187,9332,32,"East TN",2455501,574.913225447679,0.356001039703684,188.393325842669,91.2237461927322,35.6001039703684
2022-02-15,691134,1895,514743,1399,176391,496,558778,1535,2798453,2865,3357231,4400,37,8947,29,17216,9362,30,"East TN",2455501,543.7179622407,0.346232977368473,179.18950145001,77.1736602835837,34.6232977368473
2022-02-16,692901,1767,515978,1235,176923,532,560150,1372,2801658,3205,3361808,4577,14,8961,20,17236,9384,22,"East TN",2455501,497.454490957243,0.330743428258489,186.397806394703,71.9608747868561,33.0743428258489
2022-02-17,694690,1789,517249,1271,177441,518,561550,1400,2805180,3522,3366730,4922,13,8974,21,17257,9408,24,"East TN",2455501,468.13257253815,0.313900880676912,200.447892303852,72.8568222941062,31.3900880676912
2022-02-18,695871,1181,517974,725,177897,456,562387,837,2808145,2965,3370532,3802,8,8982,10,17267,9436,28,"East TN",2455501,422.642874101864,0.29195460827817,154.836019207486,48.0960911846503,29.195460827817
2022-02-19,696407,536,518317,343,178090,193,562799,412,2810247,2102,3373046,2514,1,8983,15,17282,9470,34,"East TN",2455501,406.597268744749,0.28657487091222,102.382365146665,21.8285392675466,28.657487091222
2022-02-20,696775,368,518549,232,178226,136,563071,272,2811682,1435,3374753,1707,8,8991,5,17287,9486,16,"East TN",2455501,398.126492312567,0.280510772939581,69.5173815852651,14.9867583030917,28.0510772939581
2022-02-21,697496,721,518958,409,178538,312,563516,445,2813233,1551,3376749,1996,7,8998,13,17300,9506,20,"East TN",2455501,336.26538942562,0.262271092900744,81.2868738395953,29.3626433057857,26.2271092900744
2022-02-22,698671,1175,519610,652,179061,523,564244,728,2815584,2351,3379828,3079,44,9042,22,17322,9525,19,"East TN",2455501,306.943471006528,0.241890516440235,125.391926128314,47.8517418644912,24.1890516440235
2022-02-23,699534,863,520081,471,179453,392,564776,532,2818181,2597,3382957,3129,79,9121,9,17331,9553,28,"East TN",2455501,270.128173435889,0.21873374627642,127.428170462973,35.1455772162178,21.873374627642
2022-02-24,700390,856,520568,487,179822,369,565342,566,2820683,2502,3386025,3068,50,9171,13,17344,9574,21,"East TN",2455501,232.131854151149,0.19652759782327,124.943952374689,34.8605030093655,19.652759782327
2022-02-25,701154,764,521021,453,180133,311,565848,506,2823060,2377,3388908,2883,5,9176,23,17367,9590,16,"East TN",2455501,215.149576400091,0.188343491510666,117.409848336449,31.1138134335926,18.8343491510666
2022-02-26,701409,255,521201,180,180208,75,566065,217,2824796,1736,3390861,1953,0,9176,6,17373,9608,18,"East TN",2455501,203.705883239306,0.18332865562728,79.5357037117883,10.3848461067619,18.332865562728
2022-02-27,701432,23,521223,22,180209,1,566095,30,2825151,355,3391246,385,4,9180,2,17375,9629,21,"East TN",2455501,189.655797330158,0.183350512338568,15.6790813768758,0.936672393943232,18.3350512338568
2022-02-28,702298,866,521683,460,180615,406,566609,514,2827838,2687,3394447,3201,27,9207,17,17392,9650,21,"East TN",2455501,195.56090590067,0.174765510227144,130.360362304882,35.2677518762973,17.4765510227144
2022-03-01,703061,763,522045,362,181016,401,567012,403,2830057,2219,3397069,2622,28,9235,16,17408,9665,15,"East TN",2455501,178.782252583078,0.160547532045705,106.780652909528,31.0730885468994,16.0547532045705
2022-03-02,703517,456,522308,263,181209,193,567322,310,2832370,2313,3399692,2623,8,9243,10,17418,9687,22,"East TN",2455501,162.207223698952,0.152136241410218,106.821377796222,18.5705483320919,15.2136241410218
2022-03-03,703872,355,522494,186,181378,169,567543,221,2834326,1956,3401869,2177,15,9258,10,17428,9703,16,"East TN",2455501,141.804055465667,0.138916940166625,88.6580783310616,14.4573347760803,13.8916940166625
2022-03-04,704207,335,522706,212,181501,123,567807,264,2836569,2243,3404376,2507,10,9268,8,17436,9713,10,"East TN",2455501,124.333079074291,0.126648564778898,102.097290939812,13.6428370422166,12.6648564778898
2022-03-05,704348,141,522808,102,181540,39,567923,116,2838281,1712,3406204,1828,0,9268,7,17443,9730,17,"East TN",2455501,119.690441991268,0.121097568923939,74.4450928751403,5.74220902373894,12.1097568923939
2022-03-06,704447,99,522867,59,181580,40,567995,72,2839492,1211,3407487,1283,2,9270,4,17447,9740,10,"East TN",2455501,122.78553337995,0.116987870205037,52.2500296273551,4.03176378262522,11.6987870205037
2022-03-07,704711,264,523041,174,181670,90,568206,211,2841196,1704,3409402,1915,13,9283,8,17455,9751,11,"East TN",2455501,98.269151590653,0.106787027749916,77.9881580174473,10.7513700870006,10.6787027749916
2022-03-08,704974,263,523140,99,181834,164,568329,123,2842948,1752,3411277,1875,27,9310,9,17464,9767,16,"East TN",2455501,77.906708244061,0.0926942567567568,76.35916254972,10.7106452003074,9.26942567567568
2022-03-09,705267,293,523266,126,182001,167,568478,149,2844959,2011,3413437,2160,23,9333,7,17471,9777,10,"East TN",2455501,71.268551713072,0.0841033102946526,87.9657552572774,11.9323918011029,8.41033102946526
2022-03-10,705453,186,523365,99,182088,87,568607,129,2847055,2096,3415662,2225,75,9408,2,17473,9786,9,"East TN",2455501,64.3860458619239,0.0771405785543392,90.6128728923344,7.57482892493222,7.71405785543392
2022-03-11,705665,212,523456,91,182209,121,568711,104,2849245,2190,3417956,2294,79,9487,5,17478,9802,16,"East TN",2455501,59.3768847986623,0.0665684830633284,93.4228900741641,8.63367597895501,6.65684830633284
2022-03-12,705734,69,523491,35,182243,34,568752,41,2850530,1285,3419282,1326,0,9487,3,17481,9811,9,"East TN",2455501,56.444692956753,0.0633888973849212,54.001199755162,2.8100171818297,6.33888973849212
2022-03-13,705827,93,523545,54,182282,39,568822,70,2852139,1609,3420961,1679,4,9491,5,17486,9817,6,"East TN",2455501,56.2003436365939,0.0613774677156004,68.3770847578559,3.78741446246611,6.13774677156004
2022-03-14,705984,157,523628,83,182356,74,568928,106,2853224,1085,3422152,1191,69,9560,3,17489,9828,11,"East TN",2455501,51.8427807604232,0.0566274509803922,48.5033400515821,6.39380721082989,5.66274509803922
2022-03-15,706170,186,523707,79,182463,107,569019,91,2854657,1433,3423676,1524,4,9564,1,17490,9836,8,"East TN",2455501,48.7069644850481,0.0556496491652553,62.0647273204124,7.57482892493222,5.56496491652553
2022-03-16,706326,156,523800,93,182526,63,569128,109,2856224,1567,3425352,1676,10,9574,5,17495,9842,6,"East TN",2455501,43.1276550080819,0.0545530843474612,68.2549100977764,6.3530823241367,5.45530843474612
2022-03-17,706468,142,523894,94,182574,48,569243,115,2857523,1299,3426766,1414,7,9581,1,17496,9851,9,"East TN",2455501,41.3357599935818,0.0572766570605187,57.5849897841622,5.78293391043213,5.72766570605187
2022-03-18,706611,143,523982,88,182629,55,569337,94,2859014,1491,3428351,1585,2,9583,1,17497,9862,11,"East TN",2455501,38.5257428117521,0.0602212602212602,64.5489454086966,5.82365879712531,6.02212602212602
2022-03-19,706684,73,524040,58,182644,15,569403,66,2860187,1173,3429590,1239,0,9583,1,17498,9867,5,"East TN",2455501,38.6886423585248,0.0631548311990687,50.458134612855,2.97291672860243,6.31548311990687
2022-03-20,706750,66,524089,49,182661,17,569461,58,2860842,655,3430303,713,3,9586,0,17498,9873,6,"East TN",2455501,37.5890704178088,0.0684007707129094,29.0368442122402,2.68784252175014,6.84007707129094
2022-03-21,706848,98,524155,66,182693,32,569539,78,2861731,889,3431270,967,16,9602,1,17499,9879,6,"East TN",2455501,35.186302102911,0.0670103092783505,39.3809654323089,3.99103889593203,6.70103092783505
2022-03-22,706932,84,524210,55,182722,29,569602,63,2862734,1003,3432336,1066,2,9604,5,17504,9886,7,"East TN",2455501,31.0323636602062,0.0673210161662817,43.4127292149341,3.42089048222746,6.73210161662818
2022-03-23,707027,95,524283,73,182744,22,569681,79,2864177,1443,3433858,1522,11,9615,0,17504,9896,10,"East TN",2455501,28.548145571922,0.0650129320479661,61.983277547026,3.86886423585248,6.50129320479661
2022-03-24,707131,104,524317,34,182814,70,569724,43,2865261,1084,3434985,1127,5,9620,0,17504,9904,8,"East TN",2455501,27.000599877581,0.0585229346635844,45.8969473032184,4.23538821609114,5.85229346635844
2022-03-25,707196,65,524363,46,182833,19,569781,57,2866715,1454,3436496,1511,0,9620,2,17506,9908,4,"East TN",2455501,23.8240587155126,0.05451197053407,61.535303793401,2.64711763505696,5.451197053407
2022-03-26,707238,42,524397,34,182841,8,569821,40,2867712,997,3437533,1037,0,9620,1,17507,9916,8,"East TN",2455501,22.5615872280239,0.0526249527886189,42.2317075008318,1.71044524111373,5.26249527886189
2022-03-27,707259,21,524412,15,182847,6,569838,17,2868158,446,3437996,463,2,9622,3,17510,9920,4,"East TN",2455501,20.7289673268307,0.0490055894969453,18.8556225389442,0.855222620556864,4.90055894969453
2022-03-28,707372,113,524461,49,182911,64,569900,62,2869580,1422,3439480,1484,30,9652,2,17512,9926,6,"East TN",2455501,21.3398406272284,0.0439707673568819,60.435731852685,4.60191219632979,4.39707673568819
2022-03-29,707486,114,524516,55,182970,59,569960,60,2870690,1110,3440650,1170,6,9658,0,17512,9937,11,"East TN",2455501,22.5615872280239,0.0430598989656002,47.6481174310253,4.64263708302298,4.30598989656002
2022-03-30,707585,99,524574,58,183011,41,570024,64,2872070,1380,3442094,1444,6,9664,3,17515,9943,6,"East TN",2455501,22.7244867747967,0.0416464303059738,58.8067363849577,4.03176378262522,4.16464303059738
2022-03-31,707670,85,524630,56,183040,29,570092,68,2873253,1183,3443345,1251,8,9672,0,17515,9944,1,"East TN",2455501,21.9507139276262,0.0440191387559809,50.9468332531732,3.46161536892064,4.40191387559809
2022-04-01,707766,96,524683,53,183083,43,570155,63,2874530,1277,3444685,1340,15,9687,0,17515,9947,3,"East TN",2455501,23.2131854151149,0.0456710221028209,54.5713481688666,3.90958912254566,4.56710221028209
2022-04-02,707853,87,524710,27,183143,60,570186,31,2875332,802,3445518,833,0,9687,1,17516,9952,5,"East TN",2455501,25.0458053163082,0.0457107075767063,33.9238306154223,3.54306514230701,4.57107075767063
2022-04-03,707877,24,524722,12,183155,12,570203,17,2875812,480,3446015,497,10,9697,0,17516,9955,3,"East TN",2455501,25.1679799763877,0.0455168973687492,20.2402686865124,0.977397280636416,4.55168973687492
2022-04-04,707968,91,524774,52,183194,39,570262,59,2876820,1008,3447082,1067,51,9748,4,17520,9957,2,"East TN",2455501,24.2720324691377,0.0476190476190476,43.4534541016273,3.70596468907974,4.76190476190476
2022-04-05,708064,96,524814,40,183250,56,570311,49,2877835,1015,3448146,1064,36,9784,1,17521,9961,4,"East TN",2455501,23.5389845086604,0.0468249733191035,43.3312794415478,3.90958912254566,4.68249733191035
2022-04-06,708163,99,524868,54,183295,45,570373,62,2879002,1167,3449375,1229,0,9784,0,17521,9966,5,"East TN",2455501,23.5389845086604,0.0479329762395275,50.0508857459231,4.03176378262522,4.79329762395275
2022-04-07,708346,183,524914,46,183432,137,570427,54,2880115,1113,3450542,1167,53,9837,1,17522,9966,0,"East TN",2455501,27.5300234045924,0.0465471724329582,47.5259427709457,7.45265426485267,4.65471724329582
2022-04-08,708415,69,524965,51,183450,18,570482,55,2881334,1219,3451816,1274,6,9843,0,17522,9968,2,"East TN",2455501,26.4304514638764,0.0458561211611275,51.8835056471164,2.8100171818297,4.58561211611275
2022-04-09,708469,54,524995,30,183474,24,570523,41,2882195,861,3452718,902,0,9843,0,17522,9971,3,"East TN",2455501,25.0865302030013,0.0468055555555556,36.733847797252,2.19914388143194,4.68055555555556
2022-04-10,708535,66,525030,35,183505,31,570565,42,2882828,633,3453393,675,1,9844,1,17523,9972,1,"East TN",2455501,26.7969754441151,0.0490647872052047,27.4892985178992,2.68784252175014,4.90647872052047
2022-04-11,708639,104,525096,66,183543,38,570640,75,2883735,907,3454375,982,5,9849,2,17525,9976,4,"East TN",2455501,27.3263989711265,0.0518305224187577,39.9918387327067,4.23538821609114,5.18305224187577
2022-04-12,708732,93,525154,58,183578,35,570710,70,2884748,1013,3455458,1083,26,9875,2,17527,9980,4,"East TN",2455501,27.2042243110469,0.0545678336980306,44.1050522887183,3.78741446246611,5.45678336980306
2022-04-13,708857,125,525233,79,183624,46,570795,85,2885941,1193,3456736,1278,0,9875,0,17527,9984,4,"East TN",2455501,28.2630713650697,0.057329167232713,52.0464051938891,5.090610836648,5.7329167232713
2022-04-14,708960,103,525280,47,183680,56,570847,52,2886976,1035,3457823,1087,3,9878,0,17527,9987,3,"East TN",2455501,25.005080429615,0.057684384013185,44.267951835491,4.19466332939795,5.7684384013185
2022-04-15,709035,75,525331,51,183704,24,570909,62,2888009,1033,3458918,1095,1,9879,1,17528,9988,1,"East TN",2455501,25.2494297497741,0.0601239087580963,44.5937509290365,3.0543665019888,6.01239087580963
2022-04-16,709094,59,525377,46,183717,13,570962,53,2888753,744,3459715,797,0,9879,1,17529,9989,1,"East TN",2455501,25.45305418324,0.0627411747891954,32.4577346944676,2.40276831489786,6.27411747891954
2022-04-17,709132,38,525403,26,183729,12,570995,33,2889353,600,3460348,633,0,9879,0,17529,9991,2,"East TN",2455501,24.3127573558308,0.0618260244428469,25.7788532767855,1.54754569434099,6.18260244428469
2022-04-18,709364,232,525530,127,183834,105,571133,138,2890236,883,3461369,1021,-1,9878,2,17531,9991,0,"East TN",2455501,29.5255428525584,0.07048899056334,41.5801093137409,9.44817371281869,7.048899056334
2022-04-19,709481,117,525592,62,183889,55,571196,63,2891194,958,3462390,1021,2,9880,1,17532,9994,3,"East TN",2455501,30.5029401331948,0.0701096364685516,41.5801093137409,4.76481174310253,7.01096364685516
2022-04-20,709621,140,525683,91,183938,49,571297,101,2892624,1430,3463921,1531,8,9888,1,17533,9996,2,"East TN",2455501,31.1138134335926,0.0698677800974252,62.3498015272647,5.70148413704576,6.98677800974252
2022-04-21,709739,118,525763,80,183976,38,571385,88,2893766,1142,3465151,1230,5,9893,1,17534,9999,3,"East TN",2455501,31.7246867339903,0.0734170305676856,50.0916106326163,4.80553662979571,7.34170305676856
2022-04-22,709861,122,525846,83,184015,39,571474,89,2894846,1080,3466320,1169,3,9896,0,17534,10002,3,"East TN",2455501,33.63875640857,0.0763307214266414,47.6073925443321,4.96843617656845,7.63307214266414
2022-04-23,709936,75,525892,46,184044,29,571522,48,2895703,857,3467225,905,0,9896,0,17534,10003,1,"East TN",2455501,34.2903545956609,0.0745672436750999,36.8560224573315,3.0543665019888,7.45672436750999
2022-04-24,710007,71,525932,40,184075,31,571568,46,2896370,667,3467938,713,2,9898,1,17535,10007,4,"East TN",2455501,35.634275856536,0.075494071146245,29.0368442122402,2.89146695521606,7.5494071146245
2022-04-25,710197,190,526031,99,184166,91,571666,98,2897105,735,3468771,833,0,9898,5,17540,10010,3,"East TN",2455501,33.9238306154223,0.0720075655228317,33.9238306154223,7.73772847170496,7.20075655228317
2022-04-26,710374,177,526144,113,184230,64,571787,121,2898340,1235,3470127,1356,0,9898,0,17540,10015,5,"East TN",2455501,36.3673238170133,0.0763861962000776,55.2229463559575,7.20830494469357,7.63861962000776
2022-04-27,710565,191,526242,98,184323,93,571888,101,2899535,1195,3471423,1296,0,9898,2,17542,10018,3,"East TN",2455501,38.4442930383657,0.0787789922687283,52.7794531543665,7.77845335839814,7.87789922687283
2022-04-28,710717,152,526331,89,184386,63,571987,99,2900696,1161,3472683,1260,4,9902,1,17543,10023,5,"East TN",2455501,39.828939185934,0.0799256505576208,51.3133572334118,6.19018277736397,7.99256505576208
2022-04-29,710855,138,526417,86,184438,52,572079,92,2901858,1162,3473937,1254,2,9904,0,17543,10025,2,"East TN",2455501,40.4805373730249,0.0794275961664697,51.0690079132527,5.62003436365939,7.94275961664697
2022-04-30,710929,74,526473,56,184456,18,572141,62,2902588,730,3474729,792,0,9904,0,17543,10025,0,"East TN",2455501,40.4398124863317,0.0824893390191898,32.2541102610017,3.01364161529562,8.24893390191898
2022-05-01,710985,56,526506,33,184479,23,572174,33,2903081,493,3475255,526,0,9904,0,17543,10027,2,"East TN",2455501,39.828939185934,0.0828208282082821,21.4212904006148,2.2805936548183,8.28208282082821
2022-05-02,711170,185,526635,129,184535,56,572320,146,2904107,1026,3476427,1172,6,9910,2,17545,10028,1,"East TN",2455501,39.625314752468,0.085423197492163,47.7295672044116,7.53410403823904,8.5423197492163
2022-05-03,711354,184,526743,108,184611,76,572440,120,2905054,947,3477494,1067,2,9912,1,17546,10029,1,"East TN",2455501,39.9103889593203,0.0886385231437491,43.4534541016273,7.49337915154586,8.86385231437492
2022-05-04,711617,263,526911,168,184706,95,572616,176,2906329,1275,3478945,1451,3,9915,2,17548,10029,0,"East TN",2455501,42.8425808012296,0.0967827705397501,59.09181059181,10.7106452003074,9.67827705397501
2022-05-05,711835,218,527054,143,184781,75,572767,151,2907450,1121,3480217,1272,1,9916,2,17550,10031,2,"East TN",2455501,45.5304233229797,0.103530661003451,51.80205587373,8.87802529911411,10.3530661003451
2022-05-06,712057,222,527196,142,184861,80,572920,153,2908668,1218,3481588,1371,1,9917,2,17552,10034,3,"East TN",2455501,48.9513138052072,0.109920271859888,55.8338196563553,9.04092484588685,10.9920271859888
2022-05-07,712175,118,527274,78,184901,40,573012,92,2909540,872,3482552,964,0,9917,2,17554,10035,1,"East TN",2455501,50.7432088197073,0.11133836124249,39.2587907722294,4.80553662979571,11.133836124249
2022-05-08,712285,110,527354,80,184931,30,573097,85,2910191,651,3483288,736,0,9917,1,17555,10036,1,"East TN",2455501,52.9423527011392,0.114901033237894,29.9735166061834,4.47973753625024,11.4901033237894
2022-05-09,712515,230,527484,130,185031,100,573235,138,2911173,982,3484408,1120,13,9930,2,17557,10037,1,"East TN",2455501,54.7749726023325,0.114647287307355,45.6118730963661,9.36672393943232,11.4647287307355
2022-05-10,712809,294,527654,170,185155,124,573417,182,2912685,1512,3486102,1694,9,9939,4,17561,10038,1,"East TN",2455501,59.2547101385827,0.11349907063197,68.9879580582537,11.9731166877961,11.349907063197
2022-05-11,713090,281,527849,195,185241,86,573627,210,2913770,1085,3487397,1295,1,9940,0,17561,10039,1,"East TN",2455501,59.98775809906,0.119616658778987,52.7387282676733,11.4436931607847,11.9616658778987
2022-05-12,713325,235,528012,163,185313,72,573804,177,2915046,1276,3488850,1453,2,9942,2,17563,10040,1,"East TN",2455501,60.6800811728442,0.120120467971736,59.1732603651963,9.57034837289824,12.0120467971736
2022-05-13,713604,279,528207,195,185397,84,574011,207,2916397,1351,3490408,1558,0,9942,0,17563,10042,2,"East TN",2455501,63.0013997143556,0.123696145124717,63.4493734679807,11.3622433873983,12.3696145124717
2022-05-14,713713,109,528286,79,185427,30,574094,83,2917124,727,3491218,810,0,9942,1,17564,10046,4,"East TN",2455501,62.634875734117,0.124855758135241,32.987158221479,4.43901264955706,12.4855758135241
2022-05-15,713897,184,528418,132,185479,52,574238,144,2917976,852,3492214,996,0,9942,3,17567,10049,3,"East TN",2455501,65.6485173494126,0.127828814698633,40.5619871464113,7.49337915154586,12.7828814698633
2022-05-16,714204,307,528610,192,185594,115,574436,198,2919339,1363,3493775,1561,2,9944,3,17570,10053,4,"East TN",2455501,68.7843336247878,0.128216077719654,63.5715481280602,12.5025402148075,12.8216077719654
2022-05-17,714616,412,528832,222,185784,190,574672,236,2920589,1250,3495261,1486,16,9960,0,17570,10056,3,"East TN",2455501,73.5898702545835,0.137023692542854,60.5171816260714,16.7786533175918,13.7023692542854
2022-05-18,714980,364,529054,222,185926,142,574910,238,2921978,1389,3496888,1627,7,9967,3,17573,10057,1,"East TN",2455501,76.9700358501178,0.135180697502897,66.2593906498104,14.823858756319,13.5180697502897
2022-05-19,715400,420,529332,278,186068,142,575200,290,2923404,1426,3498604,1716,31,9998,4,17577,10059,2,"East TN",2455501,84.5041398883568,0.143120770965758,69.8839055655037,17.1044524111373,14.3120770965758
2022-05-20,715838,438,529600,268,186238,170,575481,281,2924804,1400,3500285,1681,0,9998,4,17581,10060,1,"East TN",2455501,90.979396872573,0.148830616583983,68.4585345312423,17.8375003716146,14.8830616583983
2022-05-21,716053,215,529741,141,186312,74,575635,154,2925846,1042,3501481,1196,0,9998,4,17585,10061,1,"East TN",2455501,95.2962348620506,0.150151027964533,48.7069644850481,8.75585063903456,15.0151027964533
2022-05-22,716224,171,529874,133,186350,38,575778,143,2926861,1015,3502639,1158,5,10003,5,17590,10062,1,"East TN",2455501,94.7668113350392,0.147721822541966,47.1594187907071,6.96395562453446,14.7721822541966
2022-05-23,716607,383,530119,245,186488,138,576025,247,2928053,1192,3504078,1439,6,10009,4,17594,10065,3,"East TN",2455501,97.8619027237211,0.154226924196836,58.6031119514918,15.5976316034895,15.4226924196836
2022-05-24,717177,570,530420,301,186757,269,576339,314,2929491,1438,3505830,1752,0,10009,3,17597,10066,1,"East TN",2455501,104.296434821244,0.15772542340808,71.3500014864584,23.2131854151149,15.772542340808
2022-05-25,717653,476,530746,326,186907,150,576692,353,2930977,1486,3507669,1839,18,10027,1,17598,10068,2,"East TN",2455501,108.857622130881,0.165290789351637,74.8930666287654,19.3850460659556,16.5290789351637
2022-05-26,718146,493,531049,303,187097,190,577008,316,2932477,1500,3509485,1816,13,10040,3,17601,10072,4,"East TN",2455501,111.830538859483,0.166161198419263,73.9563942348221,20.0773691397397,16.6161198419263
2022-05-27,718563,417,531319,270,187244,147,577285,277,2934428,1951,3511713,2228,4,10044,5,17606,10073,1,"East TN",2455501,110.975316238926,0.157857892894645,90.735047552414,16.9822777510577,15.7857892894645
2022-05-28,718847,284,531537,218,187310,66,577512,227,2935488,1060,3513000,1287,0,10044,0,17606,10075,2,"East TN",2455501,113.785333420756,0.162948172584426,52.4129291741278,11.5658678208643,16.2948172584426
2022-05-29,719099,252,531686,149,187413,103,577672,160,2936376,888,3514048,1048,0,10044,2,17608,10079,4,"East TN",2455501,117.084049242904,0.166009290910685,42.6796812544568,10.2626714466824,16.6009290910685
2022-05-30,719311,212,531827,141,187484,71,577824,152,2937087,711,3514911,863,0,10044,5,17613,10079,0,"East TN",2455501,110.12009361837,0.16606664820456,35.1455772162178,8.63367597895501,16.606664820456
2022-05-31,719829,518,532124,297,187705,221,578123,299,2938014,927,3516137,1226,2,10046,3,17616,10079,0,"East TN",2455501,108.002399510324,0.173086252061706,49.9287110858436,21.0954913070693,17.3086252061706
2022-06-01,720498,669,532518,394,187980,275,578556,433,2939378,1364,3517934,1797,1,10047,5,17621,10080,1,"East TN",2455501,115.862302642108,0.181587920116902,73.1826213876516,27.2449491977401,18.1587920116902
2022-06-02,721063,565,532906,388,188157,177,578974,418,2940914,1536,3519888,1954,0,10047,3,17624,10081,1,"East TN",2455501,118.794494484018,0.188983946938383,79.5764285984815,23.009560981649,18.8983946938383
2022-06-03,721689,626,533306,400,188383,226,579398,424,2942473,1559,3521871,1983,1,10048,3,17627,10084,3,"East TN",2455501,127.305995802893,0.208013388462296,80.7574503125839,25.4937790699332,20.8013388462296
2022-06-04,721998,309,533551,245,188447,64,579664,266,2943629,1156,3523293,1422,0,10048,0,17627,10086,2,"East TN",2455501,128.324117970223,0.209074128048188,57.9107888777077,12.5839899881939,20.9074128048188
2022-06-05,722332,334,533782,231,188550,103,579908,244,2944623,994,3524531,1238,3,10051,2,17629,10086,0,"East TN",2455501,131.663558679064,0.213297720118287,50.4174097261618,13.6021121555235,21.3297720118287
2022-06-06,722876,544,534089,307,188787,237,580228,320,2945715,1092,3525943,1412,0,10051,4,17633,10088,2,"East TN",2455501,145.184221061201,0.217911530094271,57.5035400107758,22.1543383610921,21.7911530094271
2022-06-07,723518,642,534443,354,189075,288,580589,361,2946768,1053,3527357,1414,3,10054,5,17638,10089,1,"East TN",2455501,150.234107011156,0.219786096256684,57.5849897841622,26.1453772570241,21.9786096256685
2022-06-08,724161,643,534865,422,189296,221,581048,459,2948381,1613,3529429,2072,0,10054,4,17642,10090,1,"East TN",2455501,149.175259957133,0.216789908655937,84.3819652282772,26.1861021437173,21.6789908655937
2022-06-09,724775,614,535266,401,189509,213,581474,426,2949870,1489,3531344,1915,10,10064,3,17645,10094,4,"East TN",2455501,151.170779405099,0.21822625698324,77.9881580174473,25.005080429615,21.822625698324
2022-06-10,725392,617,535628,362,189764,255,581870,396,2951558,1688,3533428,2084,1,10065,2,17647,10095,1,"East TN",2455501,150.80425542486,0.213896339880592,84.8706638685955,25.1272550896945,21.3896339880592
2022-06-11,725761,369,535928,300,189833,69,582210,340,2952652,1094,3534862,1434,0,10065,5,17652,10097,2,"East TN",2455501,153.247748626451,0.220070879073386,58.3994875180259,15.0274831897849,22.0070879073386
2022-06-12,726076,315,536083,155,189993,160,582375,165,2953215,563,3535590,728,2,10067,2,17654,10102,5,"East TN",2455501,152.473975779281,0.223076227507008,29.647717512638,12.828339308353,22.3076227507008
2022-06-13,726659,583,536411,328,190248,255,582710,335,2953987,772,3536697,1107,5,10072,7,17661,10107,5,"East TN",2455501,154.062246360315,0.230797842663195,45.0824495693547,23.7426089421263,23.0797842663195
2022-06-14,727366,707,536798,387,190568,320,583129,419,2955273,1286,3538402,1705,3,10075,4,17665,10109,2,"East TN",2455501,156.709363995372,0.229968311453146,69.4359318118787,28.7924948920811,22.9968311453146
2022-06-15,728073,707,537258,460,190815,247,583618,489,2956715,1442,3540333,1931,11,10086,9,17674,10113,4,"East TN",2455501,159.315756743736,0.23569332355099,78.6397562045383,28.7924948920811,23.569332355099
2022-06-16,728742,669,537689,431,191053,238,584068,450,2958018,1303,3542086,1753,6,10092,3,17677,10114,1,"East TN",2455501,161.555625511861,0.241482033140942,71.3907263731516,27.2449491977401,24.1482033140942
2022-06-17,729319,577,538036,347,191283,230,584446,378,2959256,1238,3543702,1616,7,10099,4,17681,10116,2,"East TN",2455501,159.926630044134,0.250729998053339,65.8114168961853,23.4982596219672,25.0729998053339
2022-06-18,729672,353,538315,279,191357,74,584747,301,2960230,974,3544977,1275,0,10099,4,17685,10117,1,"East TN",2455501,159.275031857043,0.250815620365793,51.9242305338096,14.375885002694,25.0815620365793
2022-06-19,730064,392,538541,226,191523,166,584992,245,2961093,863,3546085,1108,1,10100,1,17686,10117,0,"East TN",2455501,162.410848132418,0.249356836588852,45.1231744560479,15.9641555837281,24.9356836588852
2022-06-20,730710,646,538894,353,191816,293,585360,368,2961919,826,3547279,1194,1,10101,7,17693,10120,3,"East TN",2455501,164.976515994088,0.25042525042525,48.6255147116617,26.3082768037969,25.042525042525
2022-06-21,731552,842,539348,454,192204,388,585839,479,2962911,992,3548750,1471,1,10102,4,17697,10120,0,"East TN",2455501,170.474375697668,0.261886354851179,59.9063083256737,34.2903545956609,26.1886354851179
2022-06-22,732504,952,539995,647,192509,305,586526,687,2964494,1583,3551020,2270,0,10102,4,17701,10120,0,"East TN",2455501,180.451972937498,0.272106297370637,92.4454927935277,38.7700921319112,27.2106297370637
2022-06-23,733344,840,540528,533,192816,307,587083,557,2965892,1398,3552975,1955,1,10103,5,17706,10121,1,"East TN",2455501,187.415928562033,0.276884929745615,79.6171534851747,34.2089048222746,27.6884929745615
2022-06-24,734076,732,541021,493,193055,239,587614,531,2967532,1640,3555146,2171,0,10103,6,17712,10122,1,"East TN",2455501,193.728285999476,0.276826284515904,88.4137290109025,29.8106170594107,27.6826284515904
2022-06-25,734533,457,541277,256,193256,201,587900,286,2968541,1009,3556441,1295,1,10104,2,17714,10123,1,"East TN",2455501,197.963674215567,0.275034891835311,52.7387282676733,18.6112732187851,27.5034891835311
2022-06-26,734985,452,541551,274,193434,178,588186,286,2969446,905,3557632,1191,1,10105,2,17716,10123,0,"East TN",2455501,200.407167417158,0.27660864293756,48.5033400515821,18.4076487853192,27.660864293756
2022-06-27,735727,742,541962,411,193765,331,588618,432,2970377,931,3558995,1363,8,10113,6,17722,10124,1,"East TN",2455501,204.316756539704,0.278081256401502,55.5080205628098,30.2178659263425,27.8081256401502
2022-06-28,736691,964,542539,577,194152,387,589227,609,2971672,1295,3560899,1904,3,10116,4,17726,10125,1,"East TN",2455501,209.285192716273,0.278870688945592,77.5401842638223,39.2587907722294,27.8870688945592
2022-06-29,737653,962,543079,540,194574,422,589810,583,2973110,1438,3562920,2021,16,10132,2,17728,10128,3,"East TN",2455501,209.692441583204,0.275966386554622,82.3049960069249,39.177340998843,27.5966386554622
2022-06-30,738531,878,543572,493,194959,385,590344,534,2974534,1424,3564878,1958,2,10134,1,17729,10130,2,"East TN",2455501,211.239987277545,0.273964546752919,79.7393281452543,35.7564505166156,27.3964546752919
2022-07-01,739330,799,544074,502,195256,297,590862,518,2976030,1496,3566892,2014,1,10135,2,17731,10130,0,"East TN",2455501,213.968554685989,0.276519666269368,82.0199218000726,32.539184467854,27.6519666269368
2022-07-02,739814,484,544366,292,195448,192,591184,322,2977007,977,3568191,1299,0,10135,0,17731,10131,1,"East TN",2455501,215.068126626705,0.279489361702128,52.901627814446,19.7108451595011,27.9489361702128
