"DATE","TOTAL_CASES","NEW_CASES","TOTAL_CONFIRMED","NEW_CONFIRMED","TOTAL_PROBABLE","NEW_PROBABLE","POS_TESTS","NEW_POS_TESTS","NEG_TESTS","NEW_NEG_TESTS","TOTAL_TESTS","NEW_TESTS","NEW_DEATHS","TOTAL_DEATHS","NEW_ACTIVE","TOTAL_ACTIVE","NEW_INACTIVE_RECOVERED","TOTAL_INACTIVE_RECOVERED","NEW_HOSPITALIZED","TOTAL_HOSPITALIZED","TOTAL_DEATHS_BY_DOD","Region","Population","New_cases_per_100k_per_week","PositivityRate_per_week","Tests_per_100k","New_cases_per_100k","Active_cases_per_100k","PositivityPercentage_per_week"
2021-10-06,75956,59,60832,35,15124,24,66501,45,433004,284,499505,329,1,866,-191,2039,249,73051,1,1849,866,"Knox County",470313,NA,NA,69.953414003015,12.5448371616349,433.541067331756,NA
2021-10-05,75897,163,60797,85,15100,78,66456,111,432720,284,499176,395,3,865,-123,2230,283,72802,1,1848,866,"Knox County",470313,NA,NA,83.9866216753524,34.6577704634998,474.152319838065,NA
2021-10-04,75734,282,60712,197,15022,85,66345,219,432436,311,498781,530,3,862,-75,2353,354,72519,3,1847,863,"Knox County",470313,NA,NA,112.690910096042,59.9600691454414,500.305115954694,NA
2021-10-03,75452,102,60515,92,14937,10,66126,107,432125,678,498251,785,1,859,-48,2428,149,72165,6,1844,862,"Knox County",470313,NA,NA,166.910121557346,21.6876845845214,516.251942855077,NA
2021-10-02,75350,68,60423,43,14927,25,66019,50,431447,471,497466,521,5,858,-127,2476,190,72016,2,1838,861,"Knox County",470313,NA,NA,110.777290867996,14.4584563896809,526.457912071323,NA
2021-10-01,75282,224,60380,149,14902,75,65969,165,430976,965,496945,1130,0,853,-74,2603,298,71826,5,1836,860,"Knox County",470313,NA,NA,240.265525299109,47.6278563424783,553.461205622639,NA
2021-09-30,75058,238,60231,164,14827,74,65804,185,430011,1104,495815,1289,1,853,-131,2677,368,71528,3,1831,858,"Knox County",470313,241.54127145114,0.177144004820245,274.072798327922,50.6045973638832,569.19540816435,17.7144004820245
2021-09-29,74820,362,60067,170,14753,192,65619,193,428907,1111,494526,1304,6,852,-118,2808,474,71160,3,1828,856,"Knox County",470313,305.966452128689,0.17299294591871,277.262163707999,76.9700178391837,597.049199150353,17.299294591871
2021-09-28,74458,348,59897,246,14561,102,65426,270,427796,778,493222,1048,2,846,-84,2926,430,70686,1,1825,853,"Knox County",470313,345.301958482968,0.17996064779779,222.830327888024,73.9932768177788,622.138873473623,17.996064779779
2021-09-27,74110,240,59651,162,14459,78,65156,187,427018,760,492174,947,7,844,-309,3010,542,70256,8,1824,852,"Knox County",470313,336.371735418753,0.164720956719818,201.355267662174,51.0298460812268,639.999319602052,16.4720956719818
2021-09-26,73870,124,59489,99,14381,25,64969,117,426258,703,491227,820,2,837,-129,3319,251,69714,0,1816,846,"Knox County",470313,341.049471309532,0.165320866978326,174.351974110858,26.3654204753005,705.700246431632,16.5320866978326
2021-09-25,73746,111,59390,89,14356,22,64852,102,425555,705,490407,807,0,835,-172,3448,283,69463,3,1816,843,"Knox County",470313,350.192318732419,0.165963240299523,171.587857448125,23.6013038125674,733.128788700291,16.5963240299523
2021-09-24,73635,242,59301,163,14334,79,64750,183,424850,939,489600,1122,13,835,-276,3620,505,69180,5,1813,838,"Knox County",470313,354.019557188511,0.168597519422107,238.564530429735,51.4550947985703,769.700178391837,16.8597519422107
2021-09-23,73393,355,59138,244,14255,111,64567,269,423911,1371,488478,1640,14,822,-237,3896,578,68675,7,1808,835,"Knox County",470313,378.896607153109,0.171826222684703,348.703948221716,75.4816473284812,828.384501385248,17.1826222684703
2021-09-22,73038,252,58894,186,14144,66,64298,203,422540,1261,486838,1464,3,808,-329,4133,578,68097,4,1801,832,"Knox County",470313,355.507927699213,0.169597349643221,311.282061095483,53.5813383852881,878.776474390459,16.9597349643221
2021-09-21,72786,398,58708,214,14078,184,64095,230,421279,996,485374,1226,10,805,-382,4462,770,67519,8,1797,825,"Knox County",470313,366.139145632802,0.160852230251682,260.6774637316,84.6244947513677,948.729888393474,16.0852230251682
2021-09-20,72388,435,58494,311,13894,124,63865,345,420283,1295,484148,1640,5,795,129,4844,301,66749,6,1789,821,"Knox County",470313,407.600895573799,0.16618878311733,348.703948221716,92.4915960222235,1029.95239340609,16.618878311733
2021-09-19,71953,119,58183,85,13770,34,63520,97,418988,432,482508,529,1,790,-195,4715,313,66448,5,1783,814,"Knox County",470313,406.53777378044,0.169553868058851,112.478285737371,25.3022986819416,1002.52385113743,16.9553868058851
2021-09-18,71834,230,58098,186,13736,44,63423,196,418556,1075,481979,1271,0,789,-87,4910,317,66135,4,1778,806,"Knox County",470313,431.840072462381,0.1712775528565,270.24555987183,48.903602494509,1043.98560107843,17.12775528565
2021-09-17,71604,551,57912,427,13692,124,63227,450,417481,1310,480708,1760,5,789,21,4997,525,65818,10,1774,794,"Knox County",470313,497.540999291961,0.187827911857293,374.21887126233,117.15602162815,1062.48392028288,18.7827911857293
2021-09-16,71053,588,57485,454,13568,134,62777,487,416171,1518,478948,2005,7,784,5,4976,576,65293,10,1764,790,"Knox County",470313,547.082474862485,0.202930773117736,426.311839136915,125.023122899006,1058.01880875077,20.2930773117736
2021-09-15,70465,338,57031,249,13434,89,62290,267,414653,808,476943,1075,6,777,-318,4971,650,64717,3,1754,788,"Knox County",470313,565.368169708258,0.217967599410898,228.571185572162,71.867033231061,1056.95568695741,21.7967599410898
2021-09-14,70127,554,56782,439,13345,115,62023,477,413845,1406,475868,1883,12,771,-153,5289,695,64067,4,1751,784,"Knox County",470313,598.537569661055,0.228180655318312,400.371667378958,117.793894704165,1124.57023301503,22.8180655318312
2021-09-13,69573,401,56343,302,13230,99,61546,336,412439,1134,473985,1470,20,759,-397,5442,778,63372,11,1747,781,"Knox County",470313,591.308341466215,0.231161813269289,312.557807247514,85.262367827383,1157.10175989182,23.1161813269288
2021-09-12,69172,387,56041,358,13131,29,61210,377,411305,1460,472515,1837,0,739,113,5839,274,62594,2,1736,773,"Knox County",470313,648.291669590252,0.229183258118751,390.590946880056,82.2856268059781,1241.51363028451,22.9183258118751
2021-09-11,68785,863,55683,702,13102,161,60833,762,409845,2621,470678,3383,4,739,538,5726,321,62320,19,1734,766,"Knox County",470313,782.882888629487,0.235294117647059,719.308205386626,183.494821533745,1217.4870777546,23.5294117647059
2021-09-10,67922,1023,54981,745,12941,278,60071,801,407224,2513,467295,3314,1,735,494,5188,528,61999,15,1715,756,"Knox County",470313,883.241585922567,0.234315494086991,704.637124638273,217.514718921229,1103.09517278919,23.4315494086991
2021-09-09,66899,310,54236,166,12663,144,59270,172,404711,685,463981,857,1,734,-361,4694,670,61471,13,1700,751,"Knox County",470313,824.132014211812,0.230986323178233,182.219075381714,65.9135511882512,998.058739605327,23.0986323178233
2021-09-08,66589,289,54070,225,12519,64,59098,251,404026,837,463124,1088,5,733,-387,5055,671,60801,10,1687,749,"Knox County",470313,813.713420636895,0.229612492770388,231.335302234895,61.4484396561439,1074.81613308584,22.9612492770387
2021-09-07,66300,417,53845,299,12455,118,58847,312,403189,979,462036,1291,3,728,-183,5442,597,60130,10,1677,744,"Knox County",470313,784.583883498861,0.227416918429003,274.498047045266,88.6643575661315,1157.10175989182,22.7416918429003
2021-09-06,65883,990,53546,787,12337,203,58535,843,402210,3221,460745,4064,1,725,375,5625,614,59533,12,1667,742,"Knox County",470313,909.819630756539,0.222180118731843,864.105393642106,210.49811508506,1196.01201752875,22.2180118731843
2021-09-05,64893,967,52759,795,12134,172,57692,857,398989,2999,456681,3856,2,724,656,5250,309,58919,13,1655,739,"Knox County",470313,1033.14175878617,0.223939954069344,819.879527038377,205.607754835609,1116.27788302684,22.3939954069344
2021-09-04,63926,542,51964,384,11962,158,56835,416,395990,1503,452825,1919,2,722,251,4594,289,58610,6,1642,736,"Knox County",470313,964.889339652529,0.222832387577033,408.026144291142,115.242402400104,976.796303738149,22.2832387577033
2021-09-03,63384,334,51580,230,11804,104,56419,249,394487,909,450906,1158,5,720,-123,4343,452,58321,8,1636,733,"Knox County",470313,818.391156527674,0.2178036956369,246.219007341919,71.0165357963739,923.427589711533,21.78036956369
2021-09-02,63050,323,51350,177,11700,146,56170,200,393578,681,449748,881,3,715,-136,4466,456,57869,4,1628,729,"Knox County",470313,821.155273190407,0.219400996001964,187.322059989837,68.6776678509843,949.580385828161,21.9400996001964
2021-09-01,62727,276,51173,210,11554,66,55970,226,392897,645,448867,871,3,712,-103,4602,376,57413,2,1624,726,"Knox County",470313,818.391156527674,0.221011396011396,185.195816403119,58.6843229934108,978.497298607523,22.1011396011396
2021-08-31,62451,597,50963,431,11488,166,55744,479,392252,1894,447996,2373,2,709,187,4705,408,57037,8,1622,724,"Knox County",470313,856.663541088594,0.216241237931491,504.55760312813,126.936742127052,1000.39760755072,21.6241237931491
2021-08-30,61854,512,50532,400,11322,112,55265,429,390358,1630,445623,2059,9,707,88,4518,415,56629,8,1614,721,"Knox County",470313,755.029097643484,0.217732713272852,437.793554505191,108.86367163995,960.636852479094,21.7732713272852
2021-08-29,61342,483,50132,404,11210,79,54836,440,388728,1485,443564,1925,1,698,268,4430,214,56214,5,1606,715,"Knox County",470313,652.118908046344,0.218040407652423,409.301890443173,102.697565238469,941.925908915977,21.8040407652423
2021-08-28,60859,399,49728,302,11131,97,54396,323,387243,1066,441639,1389,0,697,195,4162,204,56000,5,1601,709,"Knox County",470313,621.713624756279,0.220157657657658,295.3352341951,84.8371191100395,884.942580791941,22.0157657657658
2021-08-27,60460,473,49426,367,11034,106,54073,389,386177,1166,440250,1555,5,697,186,3967,282,55796,4,1596,706,"Knox County",470313,651.268410611656,0.224916312313399,330.630877734615,100.571321651751,843.480830850944,22.4916312313399
2021-08-26,59987,449,49059,346,10928,103,53684,366,385011,1426,438695,1792,5,692,161,3781,283,55514,0,1592,705,"Knox County",470313,678.0590798043,0.221664994984955,381.022850739826,95.4683370436284,803.932700137993,22.1664994984955
2021-08-25,59538,351,48713,221,10825,130,53318,237,383585,642,436903,879,2,687,96,3620,253,55231,3,1592,702,"Knox County",470313,694.005906704684,0.222435683260942,186.896811272493,74.6311498937941,769.700178391837,22.2435683260942
2021-08-24,59187,341,48492,219,10695,122,53081,236,382943,677,436024,913,4,685,88,3524,249,54978,4,1589,693,"Knox County",470313,639.574070884709,0.230213089802131,194.126039467333,72.5049063070764,749.288239959346,23.0213089802131
2021-08-23,58846,287,48273,205,10573,82,52845,227,382266,825,435111,1052,1,681,33,3436,253,54729,1,1585,693,"Knox County",470313,591.733590183559,0.233350867964229,223.680825322711,61.0231909388003,730.57729639623,23.3350867964229
2021-08-22,58559,241,48068,218,10491,23,52618,234,381441,889,434059,1123,2,680,75,3403,164,54476,0,1584,690,"Knox County",470313,540.278495384988,0.231184648971619,238.777154788407,51.2424704398985,723.560692560061,23.1184648971619
2021-08-21,58318,495,47850,369,10468,126,52384,410,380552,1905,432936,2315,0,678,388,3328,107,54312,8,1584,688,"Knox County",470313,560.690433817479,0.217987329940804,492.225390325166,105.24905754253,707.613865659678,21.7987329940804
2021-08-20,57823,424,47481,327,10342,97,51974,357,378647,1148,430621,1505,0,678,234,2940,190,54205,5,1576,686,"Knox County",470313,550.271840242562,0.215784528656436,319.999659801026,90.1527280768339,625.115614495028,21.5784528656436
2021-08-19,57399,368,47154,250,10245,118,51617,264,377499,952,429116,1216,1,678,204,2706,163,54015,5,1571,684,"Knox County",470313,533.049267190148,0.218260579806731,258.551220144882,78.2457639912144,575.361514565832,21.8260579806731
2021-08-18,57031,263,46904,185,10127,78,51353,202,376547,914,427900,1116,2,677,100,2502,161,53852,4,1566,684,"Knox County",470313,514.338323627031,0.208874458874459,237.288784277704,55.9202063306777,531.986145396789,20.8874458874459
2021-08-17,56768,262,46719,178,10049,84,51151,195,375633,1042,426784,1237,0,675,103,2402,159,53691,4,1562,684,"Knox County",470313,497.540999291961,0.197511501463823,263.01633167699,55.7075819720059,510.723709529611,19.7511501463823
2021-08-16,56506,185,46541,124,9965,61,50956,132,374591,422,425547,554,2,675,-24,2299,207,53532,5,1558,681,"Knox County",470313,475.853314707439,0.197882197220384,117.793894704165,39.335506354279,488.823400586418,19.7882197220384
2021-08-15,56321,205,46417,181,9904,24,50824,199,374169,953,424993,1152,3,673,81,2323,121,53325,6,1553,681,"Knox County",470313,468.198837795255,0.193402968664101,244.943261189888,43.5879935277145,493.926385194541,19.3402968664101
2021-08-14,56116,219,46236,144,9880,75,50625,155,373216,794,423841,949,0,670,96,2242,123,53204,2,1547,680,"Knox County",470313,409.514514801845,0.194591797127701,201.780516379517,46.5647345491194,476.703812142127,19.4591797127701
2021-08-13,55897,265,46092,204,9805,61,50470,220,372422,1470,422892,1690,1,670,123,2146,141,53081,5,1545,678,"Knox County",470313,375.707241773032,0.172731867576447,359.335166155305,56.3454550480212,456.291873709636,17.2731867576447
2021-08-12,55632,222,45888,142,9744,80,50250,152,370952,643,421202,795,2,669,82,2023,138,52940,6,1540,675,"Knox County",470313,344.664085406952,0.167489657013212,169.036365144064,47.2026076251348,430.139077593007,16.7489657013212
2021-08-11,55410,316,45746,238,9664,78,50098,248,370309,989,420407,1237,1,667,183,1941,132,52802,9,1534,674,"Knox County",470313,355.933176416557,0.170869451011295,263.01633167699,67.1892973402819,412.703880181921,17.0869451011295
2021-08-10,55094,173,45508,108,9586,65,49850,122,369320,621,419170,743,1,666,56,1758,116,52670,2,1525,673,"Knox County",470313,337.009608494768,0.17247191011236,157.979898493131,36.7840140502176,373.793622544986,17.247191011236
2021-08-09,54921,197,45400,157,9521,40,49728,167,368699,753,418427,920,1,665,75,1702,121,52554,2,1523,670,"Knox County",470313,339.56110079883,0.168714934544483,195.614409978036,41.8869986583403,361.886658459366,16.8714934544483
2021-08-08,54724,88,45243,66,9481,22,49561,75,367946,418,417507,493,1,664,22,1627,65,52433,4,1521,669,"Knox County",470313,314.684050834232,0.166837556759924,104.823808825187,18.7109435631165,345.939831558983,16.6837556759924
2021-08-07,54636,105,45177,74,9459,31,49486,80,367528,638,417014,718,0,663,44,1605,61,52368,2,1517,669,"Knox County",470313,290.444873945649,0.161309884778654,152.664289526337,22.3255576605367,341.262095668204,16.1309884778654
2021-08-06,54531,203,45103,146,9428,57,49406,163,366890,879,416296,1042,0,663,139,1561,64,52307,10,1515,669,"Knox County",470313,277.262163707999,0.169300605245461,221.554581735993,43.162744810371,331.906623886646,16.9300605245461
2021-08-05,54328,174,44957,129,9371,45,49243,147,366011,850,415254,997,2,663,102,1422,70,52243,4,1505,668,"Knox County",470313,267.056194491753,0.162926829268293,211.986485595763,36.9966384088894,302.351838031269,16.2926829268293
2021-08-04,54154,144,44828,98,9326,46,49096,105,365161,656,414257,761,1,661,69,1320,74,52173,4,1501,666,"Knox County",470313,230.484804800208,0.151392315826577,161.807136949223,30.6179076487361,280.664153446747,15.1392315826577
2021-08-03,54010,238,44730,175,9280,63,48991,183,364505,814,413496,997,0,660,161,1251,77,52099,5,1497,665,"Knox County",470313,244.305388113873,0.155195681511471,211.986485595763,50.6045973638832,265.993072698394,15.5195681511471
2021-08-02,53772,97,44555,75,9217,22,48808,83,363691,532,412499,615,2,660,-4,1090,99,52022,3,1492,663,"Knox County",470313,223.042952246695,0.14867508447448,130.763980583144,20.6245627911625,231.760550952238,14.867508447448
2021-08-01,53675,107,44480,91,9195,16,48725,99,363159,526,411884,625,0,658,63,1094,44,51923,2,1489,663,"Knox County",470313,227.082815061459,0.149435273675065,132.890224169861,22.7508063778803,232.611048386925,14.9435273675065
2021-07-31,53568,104,44389,64,9179,40,48626,68,362633,399,411259,467,1,658,46,1031,57,51879,5,1487,661,"Knox County",470313,226.870190702787,0.15406976744186,99.2955754997204,22.1129333018649,219.215713790603,15.406976744186
2021-07-30,53464,118,44325,82,9139,36,48558,89,362234,339,410792,428,1,657,79,985,38,51822,0,1482,661,"Knox County",470313,208.797120215686,0.158282208588957,91.0032255115211,25.0896743232698,209.434993291702,15.8282208588957
2021-07-29,53346,117,44243,64,9103,53,48469,69,361895,483,410364,552,0,656,84,906,33,51784,1,1482,660,"Knox County",470313,196.677531771395,0.156580427446569,117.368645986822,24.877049964598,192.637668956631,15.6580427446569
2021-07-28,53229,131,44179,89,9050,42,48400,95,361412,536,409812,631,0,656,80,822,51,51751,4,1481,659,"Knox County",470313,193.913415108662,0.158980301274623,134.165970321892,27.8537909860029,174.777222828202,15.8980301274623
2021-07-27,53098,117,44090,78,9008,39,48305,83,360876,499,409181,582,0,656,85,742,32,51700,4,1477,659,"Knox County",470313,168.185867709377,0.15025641025641,123.747376746975,24.877049964598,157.767274134459,15.025641025641
2021-07-26,52981,98,44012,74,8969,24,48222,80,360377,371,408599,451,1,656,62,657,35,51668,4,1473,658,"Knox County",470313,168.398492068048,0.156049250535332,95.893585760972,20.8371871498343,139.694203647358,15.6049250535332
2021-07-25,52883,51,43938,43,8945,8,48142,44,360006,320,408148,364,3,655,22,595,26,51633,5,1469,658,"Knox County",470313,156.491527982429,0.151942446043165,77.3952665565272,10.8438422922607,126.511493409708,15.1942446043165
2021-07-24,52832,64,43895,41,8937,23,48098,44,359686,348,407784,392,0,652,39,573,25,51607,1,1464,657,"Knox County",470313,147.986553635558,0.148235294117647,83.348748599337,13.6079589549938,121.833757518929,14.8235294117647
2021-07-23,52768,57,43854,31,8914,26,48054,34,359338,321,407392,355,1,652,25,534,31,51582,4,1463,655,"Knox County",470313,135.016467756579,0.134956417192666,75.4816473284812,12.1195884442914,113.54140753073,13.4956417192666
2021-07-22,52711,94,43823,69,8888,25,48020,78,359017,474,407037,552,0,651,70,509,24,51551,3,1459,654,"Knox County",470313,130.126107507128,0.137661556958221,117.368645986822,19.9866897151471,108.225798563935,13.7661556958221
2021-07-21,52617,61,43754,47,8863,14,47942,46,358543,411,406485,457,1,651,33,439,27,51527,1,1456,654,"Knox County",470313,115.242402400104,0.129717729146844,97.1693319130026,12.9700858789785,93.3420934569106,12.9717729146844
2021-07-20,52556,78,43707,42,8849,36,47896,45,358132,299,406028,344,0,650,54,406,24,51500,3,1455,654,"Knox County",470313,106.950052411904,0.127272727272727,73.1427793830917,16.5846999763987,86.3254896207419,12.7272727272727
2021-07-19,52478,48,43665,36,8813,12,47851,42,357833,348,405684,390,0,650,28,352,20,51476,0,1452,654,"Knox County",470313,96.3188344783155,0.116678346180799,82.9234998819935,10.2059692162454,74.8437742524659,11.6678346180799
2021-07-18,52430,36,43629,30,8801,6,47809,31,357485,272,405294,303,0,650,27,324,9,51456,1,1452,654,"Knox County",470313,93.1294690982388,0.114572144647333,64.4251806775488,7.65447691218401,68.8902922096561,11.4572144647333
2021-07-17,52394,27,43599,20,8795,7,47778,21,357213,202,404991,223,0,650,12,297,15,51447,1,1451,653,"Knox County",470313,85.262367827383,0.113185975609756,47.4152319838065,5.74085768413801,63.1494345255181,11.3185975609756
2021-07-16,52367,37,43579,21,8788,16,47757,22,357011,291,404768,313,0,650,25,285,12,51432,1,1450,653,"Knox County",470313,81.0098806539475,0.110379550735864,66.5514242642666,7.86710127085579,60.5979422214568,11.0379550735864
2021-07-15,52330,55,43558,42,8772,13,47735,44,356720,364,404455,408,-1,650,37,260,19,51420,1,1449,653,"Knox County",470313,72.7175306657481,0.102953240360952,86.7507383380855,11.6943397269478,55.2823332546623,10.2953240360952
2021-07-14,52275,21,43516,16,8759,5,47691,16,356356,269,404047,285,0,651,8,223,13,51401,2,1448,653,"Knox County",470313,64.212556318877,0.0975286849073257,60.5979422214568,4.46511153210734,47.4152319838065,9.75286849073257
2021-07-13,52254,42,43500,26,8754,16,47675,29,356087,355,403762,384,3,651,28,215,11,51388,3,1446,653,"Knox County",470313,56.558079406693,0.0888985255854293,81.6477537299628,8.93022306421468,45.7142371144323,8.88985255854293
2021-07-12,52212,27,43474,21,8738,6,47646,24,355732,270,403378,294,0,648,16,187,11,51377,1,1443,653,"Knox County",470313,52.0929678745856,0.0846153846153846,62.5115614495028,5.74085768413801,39.7607550716225,8.46153846153846
2021-07-11,52185,8,43453,3,8732,5,47622,4,355462,136,403084,140,0,648,1,171,7,51366,0,1442,652,"Knox County",470313,46.1394858317759,0.0781631656082071,29.7674102140489,1.70099486937423,36.3587653328741,7.81631656082071
2021-07-10,52177,20,43450,16,8727,4,47618,16,355326,191,402944,207,0,648,12,170,8,51359,2,1442,652,"Knox County",470313,44.6511153210734,0.0763170851797144,44.0132422450581,4.25248717343556,36.1461409742023,7.63170851797144
2021-07-09,52157,27,43434,21,8723,6,47602,21,355135,338,402737,359,0,648,12,158,15,51351,0,1440,652,"Knox County",470313,42.5248717343556,0.0741454020221473,76.3321447631684,5.74085768413801,33.5946486701409,7.41454020221473
2021-07-08,52130,19,43413,14,8717,5,47581,16,354797,317,402378,333,0,648,6,146,13,51336,0,1440,651,"Knox County",470313,34.8703948221716,0.0629370629370629,70.8039114377021,4.03986281476378,31.0431563660796,6.29370629370629
2021-07-07,52111,18,43399,4,8712,14,47565,5,354480,333,402045,338,1,648,8,140,9,51323,1,1440,649,"Knox County",470313,34.2325217461563,0.0559610705596107,71.867033231061,3.82723845609201,29.7674102140489,5.59610705596107
2021-07-06,52093,24,43395,9,8698,15,47560,14,354147,263,401707,277,0,647,14,132,10,51314,2,1439,649,"Knox County",470313,30.4052832900643,0.0513347022587269,58.8969473520825,5.10298460812268,28.0664153446747,5.13347022587269
2021-07-05,52069,10,43386,6,8683,4,47546,6,353884,105,401430,111,0,647,0,118,10,51304,1,1437,649,"Knox County",470313,26.790669192644,0.0464589235127479,23.6013038125674,2.12624358671778,25.0896743232698,4.64589235127479
2021-07-04,52059,8,43380,7,8679,1,47540,7,353779,143,401319,150,0,647,1,118,7,51294,1,1436,649,"Knox County",470313,26.790669192644,0.047887323943662,31.8936538007667,1.70099486937423,25.0896743232698,4.7887323943662
2021-07-03,52051,9,43373,7,8678,2,47533,7,353636,185,401169,192,0,647,-2,117,11,51287,1,1435,649,"Knox County",470313,24.4518012472545,0.0431818181818182,40.8238768649814,1.913619228046,24.877049964598,4.31818181818182
2021-07-02,52042,17,43366,13,8676,4,47526,17,353451,342,400977,359,-1,647,10,119,8,51276,0,1434,649,"Knox County",470313,22.3255576605367,0.0409090909090909,76.3321447631684,3.61461409742023,25.3022986819416,4.09090909090909
2021-07-01,52025,18,43353,15,8672,3,47509,17,353109,248,400618,265,-1,648,13,109,6,51268,1,1434,649,"Knox County",470313,22.1129333018649,0.0431442080378251,56.3454550480212,3.82723845609201,23.1760550952238,4.31442080378251
2021-06-30,52007,18,43338,12,8669,6,47492,11,352861,299,400353,310,0,649,9,96,9,51262,0,1433,649,"Knox County",470313,22.1129333018649,0.0474759615384615,65.9135511882512,3.82723845609201,20.4119384324907,4.74759615384615
2021-06-29,51989,21,43326,16,8663,5,47481,19,352562,438,400043,457,0,649,8,87,13,51253,1,1433,649,"Knox County",470313,21.4750602258496,0.0455531453362256,97.1693319130026,4.46511153210734,18.4983192044447,4.55531453362256
2021-06-28,51968,9,43310,2,8658,7,47462,2,352124,113,399586,115,0,649,-4,79,13,51240,0,1432,649,"Knox County",470313,21.2624358671778,0.0432900432900433,24.4518012472545,1.913619228046,16.7973243350705,4.32900432900433
2021-06-27,51959,5,43308,3,8651,2,47460,3,352011,151,399471,154,0,649,0,83,5,51227,0,1432,649,"Knox County",470313,20.6245627911625,0.041036717062635,32.7441512354538,1.06312179335889,17.6478217697576,4.1036717062635
2021-06-26,51954,3,43305,2,8649,1,47457,2,351860,206,399317,208,0,649,0,83,3,51222,0,1432,649,"Knox County",470313,19.3488166391318,0.0380085653104925,44.2258666037299,0.637873076015334,17.6478217697576,3.80085653104925
2021-06-25,51951,13,43303,9,8648,4,47455,11,351654,311,399109,322,0,649,4,83,9,51219,0,1432,649,"Knox County",470313,18.4983192044447,0.0354997269251775,68.4650434923126,2.76411666273312,17.6478217697576,3.54997269251775
2021-06-24,51938,14,43294,9,8644,5,47444,10,351343,364,398787,374,1,649,8,79,5,51210,1,1432,649,"Knox County",470313,17.6478217697576,0.0298969072164948,79.521510143245,2.97674102140489,16.7973243350705,2.98969072164948
2021-06-23,51924,13,43285,6,8639,7,47434,8,350979,282,398413,290,0,648,6,71,7,51205,0,1431,648,"Knox County",470313,16.5846999763987,0.0286458333333333,61.6610640148157,2.76411666273312,15.0963294656962,2.86458333333333
2021-06-22,51911,14,43279,5,8632,9,47426,5,350697,247,398123,252,2,648,10,65,2,51198,1,1431,647,"Knox County",470313,15.0963294656962,0.0239067055393586,53.5813383852881,2.97674102140489,13.8205833136656,2.39067055393586
2021-06-21,51897,9,43274,8,8623,1,47421,9,350450,289,397871,298,0,646,5,55,4,51196,1,1430,646,"Knox County",470313,15.0963294656962,0.0252897787144362,63.3620588841899,1.913619228046,11.6943397269478,2.52897787144363
2021-06-20,51888,3,43266,2,8622,1,47412,3,350161,161,397573,164,1,646,-2,50,4,51192,0,1429,646,"Knox County",470313,14.6710807483527,0.0251572327044025,34.8703948221716,0.637873076015334,10.6312179335889,2.51572327044025
2021-06-19,51885,3,43264,1,8621,2,47409,1,350000,191,397409,192,0,645,-3,52,6,51188,0,1429,646,"Knox County",470313,14.6710807483527,0.0248414376321353,40.8238768649814,0.637873076015334,11.0564666509325,2.48414376321353
2021-06-18,51882,6,43263,4,8619,2,47408,3,349809,283,397217,286,1,645,-5,55,10,51182,0,1429,646,"Knox County",470313,13.1827102376502,0.0210129310344828,60.8105665801286,1.27574615203067,11.6943397269478,2.10129310344828
2021-06-17,51876,12,43259,8,8617,4,47405,9,349526,515,396931,524,0,644,6,60,6,51172,0,1429,646,"Knox County",470313,12.7574615203067,0.0189431704885344,111.415163944012,2.55149230406134,12.7574615203067,1.89431704885344
2021-06-16,51864,7,43251,4,8613,3,47396,4,349011,362,396407,366,1,644,-6,54,12,51166,0,1429,645,"Knox County",470313,11.481715368276,0.0163304514889529,77.8205152738708,1.48837051070245,11.481715368276,1.63304514889529
2021-06-15,51857,13,43247,9,8610,4,47392,14,348649,428,396041,442,0,643,-2,60,15,51154,0,1429,645,"Knox County",470313,11.2690910096042,0.0189260563380282,93.9799665329259,2.76411666273312,12.7574615203067,1.89260563380282
2021-06-14,51844,7,43238,2,8606,5,47378,3,348221,260,395599,263,1,643,-5,62,11,51139,0,1429,645,"Knox County",470313,10.8438422922607,0.0165400089405454,55.9202063306777,1.48837051070245,13.1827102376502,1.65400089405454
2021-06-13,51837,3,43236,3,8601,0,47375,4,347961,128,395336,132,0,642,-5,67,8,51128,1,1429,645,"Knox County",470313,10.8438422922607,0.0172335600907029,28.0664153446747,0.637873076015334,14.2458320310091,1.72335600907029
2021-06-12,51834,2,43233,1,8601,1,47371,1,347833,226,395204,227,0,642,-6,72,8,51120,0,1428,645,"Knox County",470313,10.6312179335889,0.0169642857142857,48.2657294184936,0.425248717343556,15.308953824368,1.69642857142857
2021-06-11,51832,7,43232,3,8600,4,47370,2,347607,318,394977,320,0,642,-2,78,9,51112,0,1428,644,"Knox County",470313,10.8438422922607,0.0162708883025506,68.039794774969,1.48837051070245,16.5846999763987,1.62708883025506
2021-06-10,51825,7,43229,4,8596,3,47368,5,347289,358,394657,363,0,642,-1,80,8,51103,0,1428,643,"Knox County",470313,9.7807204989018,0.0156176053005206,77.1826421978555,1.48837051070245,17.0099486937423,1.56176053005206
2021-06-09,51818,2,43225,1,8593,1,47363,1,346931,367,394294,368,1,642,-17,81,18,51095,0,1428,643,"Knox County",470313,8.7175987055429,0.0141843971631206,78.2457639912144,0.425248717343556,17.222573052414,1.41843971631206
2021-06-08,51816,5,43224,3,8592,2,47362,4,346564,266,393926,270,1,641,-17,98,21,51077,0,1428,642,"Knox County",470313,7.01660383616868,0.0102933607822954,57.4085768413801,1.06312179335889,20.8371871498343,1.02933607822954
2021-06-07,51811,15,43221,9,8590,6,47358,10,346298,316,393656,326,0,640,-8,115,23,51056,2,1428,641,"Knox County",470313,8.7175987055429,0.0134596211365902,69.3155409269997,3.18936538007667,24.4518012472545,1.34596211365902
2021-06-06,51796,4,43212,2,8584,2,47348,2,345982,178,393330,180,0,640,-5,123,9,51033,0,1426,641,"Knox County",470313,8.93022306421468,0.0121713729308666,38.2723845609201,0.850497434687113,26.1527961166287,1.21713729308666
2021-06-05,51792,5,43210,2,8582,3,47346,3,345804,258,393150,261,0,640,-9,128,14,51024,0,1426,641,"Knox County",470313,9.56809614023002,0.0129310344827586,55.4949576133341,1.06312179335889,27.2159179099876,1.29310344827586
2021-06-04,51787,7,43208,2,8579,5,47343,3,345546,325,392889,328,1,640,-9,137,15,51010,0,1426,641,"Knox County",470313,9.56809614023002,0.0133587786259542,69.7407896443432,1.48837051070245,29.1295371380336,1.33587786259542
2021-06-03,51780,7,43206,4,8574,3,47340,6,345221,458,392561,464,0,639,-12,146,19,50995,0,1426,641,"Knox County",470313,9.56809614023002,0.0131998179335457,98.6577024237051,1.48837051070245,31.0431563660796,1.31998179335457
2021-06-02,51773,20,43202,7,8571,13,47334,6,344763,282,392097,288,0,639,5,158,15,50976,1,1426,641,"Knox County",470313,13.395334596322,0.0160604629192253,61.2358152974721,4.25248717343556,33.5946486701409,1.60604629192253
2021-06-01,51753,12,43195,9,8558,3,47328,10,344481,291,391809,301,0,639,-10,153,22,50961,1,1425,641,"Knox County",470313,14.8837051070245,0.0186219739292365,63.9999319602052,2.55149230406134,32.5315268767821,1.86219739292365
2021-05-31,51741,17,43186,14,8555,3,47318,12,344190,354,391508,366,0,639,-1,163,18,50939,0,1424,641,"Knox County",470313,15.308953824368,0.0191956124314442,77.8205152738708,3.61461409742023,34.6577704634998,1.91956124314442
2021-05-30,51724,3,43172,1,8552,2,47306,1,343836,203,391142,204,0,639,-9,164,12,50921,0,1424,641,"Knox County",470313,15.0963294656962,0.0185352622061483,43.3753691690427,0.637873076015334,34.8703948221716,1.85352622061483
2021-05-29,51721,14,43171,7,8550,7,47305,6,343633,199,390938,205,0,639,-14,173,28,50909,1,1424,641,"Knox County",470313,17.0099486937423,0.0204081632653061,43.5879935277145,2.97674102140489,36.7840140502176,2.04081632653061
2021-05-28,51707,11,43164,6,8543,5,47299,10,343434,390,390733,400,0,639,-10,187,21,50881,1,1423,640,"Knox County",470313,17.8604461284294,0.0228904847396768,85.0497434687113,2.33886794538956,39.7607550716225,2.28904847396768
2021-05-27,51696,23,43158,8,8538,15,47289,9,343044,341,390333,350,0,639,-5,197,28,50860,1,1422,640,"Knox County",470313,21.2624358671778,0.0255439924314096,74.4185255351224,4.8903602494509,41.8869986583403,2.55439924314096
2021-05-26,51673,17,43150,8,8523,9,47280,11,342703,571,389983,582,0,639,-6,202,23,50832,0,1421,640,"Knox County",470313,20.6245627911625,0.0245016611295681,123.747376746975,3.61461409742023,42.9501204516992,2.45016611295681
2021-05-25,51656,17,43142,8,8514,9,47269,7,342132,311,389401,318,0,639,-11,208,28,50809,1,1421,640,"Knox County",470313,21.6876845845214,0.0230927835051546,67.6145460576254,3.61461409742023,44.2258666037299,2.30927835051546
2021-05-24,51639,25,43134,21,8505,4,47262,24,341821,425,389083,449,0,639,-11,219,36,50781,1,1420,640,"Knox County",470313,23.3886794538956,0.0271132376395534,95.4683370436284,5.31560896679445,46.5647345491194,2.71132376395534
2021-05-23,51614,16,43113,8,8501,8,47238,8,341396,225,388634,233,1,639,-5,230,20,50745,1,1419,640,"Knox County",470313,26.1527961166287,0.0295624753646039,49.5414755705243,3.40198973874845,48.903602494509,2.95624753646039
2021-05-22,51598,8,43105,4,8493,4,47230,4,341171,269,388401,273,0,638,-6,235,14,50725,0,1418,639,"Knox County",470313,24.877049964598,0.0280230326295585,58.0464499173954,1.70099486937423,49.9667242878679,2.80230326295585
2021-05-21,51590,16,43101,12,8489,4,47226,14,340902,377,388128,391,0,638,-17,241,33,50711,1,1418,639,"Knox County",470313,25.9401717579569,0.0296610169491525,83.1361242406653,3.40198973874845,51.2424704398985,2.96610169491525
2021-05-20,51574,34,43089,26,8485,8,47212,27,340525,594,387737,621,0,638,6,258,28,50678,1,1417,638,"Knox County",470313,28.2790397033465,0.0331356818974538,132.039726735174,7.22922819484046,54.8570845373188,3.31356818974538
2021-05-19,51540,14,43063,6,8477,8,47185,7,339931,544,387116,551,0,638,-29,252,43,50650,1,1416,638,"Knox County",470313,27.6411666273312,0.0320874471086037,117.15602162815,2.97674102140489,53.5813383852881,3.20874471086037
2021-05-18,51526,24,43057,14,8469,10,47178,14,339387,444,386565,458,1,638,-21,281,44,50607,0,1415,638,"Knox County",470313,29.1295371380336,0.0329301075268817,97.3819562716744,5.10298460812268,59.7474447867697,3.29301075268817
2021-05-17,51502,15,43043,7,8459,8,47164,8,338943,420,386107,428,0,637,-18,302,33,50563,0,1415,637,"Knox County",470313,27.0032935513158,0.0277495769881557,91.0032255115211,3.18936538007667,64.212556318877,2.77495769881557
2021-05-16,51487,22,43036,13,8451,9,47156,12,338523,272,385679,284,1,637,-10,320,31,50530,1,1415,637,"Knox County",470313,28.2790397033465,0.0286094477711244,60.385317862785,4.67773589077912,68.039794774969,2.86094477711244
2021-05-15,51465,23,43023,13,8442,10,47144,17,338251,336,385395,353,0,636,-8,330,31,50499,1,1414,637,"Knox County",470313,31.4684050834232,0.0320803629293584,75.0563986111377,4.8903602494509,70.1660383616868,3.20803629293584
2021-05-14,51442,36,43010,25,8432,11,47127,26,337915,498,385042,524,0,636,4,338,32,50468,4,1413,636,"Knox County",470313,35.7208922568587,0.0344827586206897,111.415163944012,7.65447691218401,71.867033231061,3.44827586206897
2021-05-13,51406,31,42985,17,8421,14,47101,17,337417,376,384518,393,0,636,-17,334,48,50436,0,1409,636,"Knox County",470313,35.0830191808434,0.0337679705784019,83.5613729580088,6.59135511882512,71.0165357963739,3.37679705784019
2021-05-12,51375,34,42968,28,8407,6,47084,29,337041,506,384125,535,0,636,-15,351,49,50388,0,1409,636,"Knox County",470313,39.335506354279,0.0413445378151261,113.754031889401,7.22922819484046,74.6311498937941,4.13445378151261
2021-05-11,51341,36,42940,30,8401,6,47055,31,336535,555,383590,586,0,636,-11,366,47,50339,4,1409,636,"Knox County",470313,41.8869986583403,0.0451176281018369,124.597874181662,7.65447691218401,77.8205152738708,4.51176281018369
2021-05-10,51305,21,42910,14,8395,7,47024,13,335980,277,383004,290,1,636,-26,377,46,50292,1,1405,636,"Knox County",470313,43.162744810371,0.0489038785834739,61.6610640148157,4.46511153210734,80.1593832192604,4.89038785834739
2021-05-09,51284,17,42896,14,8388,3,47011,17,335703,369,382714,386,0,635,-22,403,39,50246,1,1404,635,"Knox County",470313,42.0996230170121,0.0489077274209325,82.0730024473064,3.61461409742023,85.6876165447266,4.89077274209325
2021-05-08,51267,20,42882,11,8385,9,46994,14,335334,307,382328,321,0,635,-18,425,38,50207,1,1403,635,"Knox County",470313,41.4617499409967,0.0484349258649094,68.2524191336408,4.25248717343556,90.3653524355057,4.84349258649094
2021-05-07,51247,43,42871,31,8376,12,46980,33,335027,576,382007,609,0,635,3,443,40,50169,0,1402,635,"Knox County",470313,42.9501204516992,0.0493589743589744,129.488234431113,9.14284742288646,94.1925908915977,4.93589743589744
2021-05-06,51204,40,42840,26,8364,14,46947,28,334451,340,381398,368,1,635,-8,440,47,50129,0,1402,635,"Knox County",470313,44.8637396797452,0.0533117932148627,78.2457639912144,8.50497434687113,93.5547178155824,5.33117932148627
2021-05-05,51164,51,42814,32,8350,19,46919,38,334111,585,381030,623,0,634,5,448,46,50082,4,1402,634,"Knox County",470313,48.4783537771654,0.0546654099905749,132.464975452518,10.8438422922607,95.2557126849566,5.46654099905749
2021-05-04,51113,50,42782,32,8331,18,46881,34,333526,536,380407,570,0,634,6,443,44,50036,0,1398,634,"Knox County",470313,51.4550947985703,0.0558888538048626,121.195884442914,10.6312179335889,94.1925908915977,5.58888538048626
2021-05-03,51063,24,42750,9,8313,15,46847,7,332990,309,379837,316,1,634,-37,437,60,49992,1,1398,634,"Knox County",470313,52.0929678745856,0.053554650798622,67.1892973402819,5.10298460812268,92.9168447395671,5.3554650798622
2021-05-02,51039,25,42741,18,8298,7,46840,20,332681,288,379521,308,0,633,-17,474,42,49932,2,1397,634,"Knox County",470313,53.7939627439599,0.0558587479935795,65.4883024709077,5.31560896679445,100.783946010423,5.58587479935795
2021-05-01,51014,45,42723,35,8291,10,46820,38,332393,450,379213,488,0,633,7,491,38,49890,2,1395,634,"Knox County",470313,59.1095717107543,0.0603290676416819,103.760687031828,9.56809614023002,104.398560107843,6.03290676416819
2021-04-30,50969,58,42688,30,8281,28,46782,29,331943,567,378725,596,0,633,-10,484,68,49852,3,1393,634,"Knox County",470313,62.298937090831,0.0593453655552157,126.72411776838,12.3322128029631,102.910189597141,5.93453655552157
2021-04-29,50911,54,42658,34,8253,20,46753,35,331376,571,378129,606,0,633,-3,494,57,49784,2,1390,633,"Knox County",470313,65.2756781122359,0.0573139435414885,128.850361355098,11.481715368276,105.036433183858,5.73139435414885
2021-04-28,50857,47,42624,28,8233,19,46718,34,330805,543,377523,577,4,633,-36,497,79,49727,1,1388,633,"Knox County",470313,64.4251806775488,0.0569199653279399,122.684254953616,9.99334485757357,105.674306259874,5.69199653279399
2021-04-27,50810,39,42596,17,8214,22,46684,20,330262,392,376946,412,1,629,-33,533,71,49648,2,1387,631,"Knox County",470313,62.0863127321592,0.0554041780199818,87.6012357727726,8.29234998819935,113.328783172058,5.54041780199818
2021-04-26,50771,69,42579,36,8192,33,46664,40,329870,480,376534,520,1,628,2,566,66,49577,0,1385,630,"Knox County",470313,71.6544088723892,0.0615911035072712,110.564666509325,14.6710807483527,120.345387008226,6.15911035072712
2021-04-25,50702,38,42543,25,8159,13,46624,26,329390,341,376014,367,0,627,-4,564,42,49511,3,1385,629,"Knox County",470313,74.4185255351224,0.0622546270330903,78.0331396325426,8.07972562952757,119.920138290883,6.22546270330903
2021-04-24,50664,35,42518,22,8146,13,46598,28,329049,510,375647,538,0,627,-28,568,63,49469,3,1382,629,"Knox County",470313,72.2922819484046,0.0586283185840708,114.391904965417,7.44185255351224,120.77063572557,5.86283185840708
2021-04-23,50629,43,42496,31,8133,12,46570,37,328539,553,375109,590,0,627,-4,596,47,49406,2,1379,629,"Knox County",470313,69.1029165683279,0.0609418282548476,125.448371616349,9.14284742288646,126.72411776838,6.09418282548476
2021-04-22,50586,79,42465,62,8121,17,46533,65,327986,787,374519,852,1,627,15,600,63,49359,1,1377,629,"Knox County",470313,74.4185255351224,0.0648340248962656,181.155953588355,16.7973243350705,127.574615203067,6.48340248962656
2021-04-21,50507,62,42403,34,8104,28,46468,35,327199,479,373667,514,1,626,-1,585,62,49296,1,1376,628,"Knox County",470313,77.607890915199,0.0661745320326918,109.288920357294,13.1827102376502,124.38524982299,6.61745320326918
2021-04-20,50445,38,42369,34,8076,4,46433,39,326720,474,373153,513,1,625,-32,586,69,49234,1,1375,627,"Knox County",470313,77.3952665565272,0.0693374422187981,109.076295998622,8.07972562952757,124.597874181662,6.93374422187981
2021-04-19,50407,65,42335,41,8072,24,46394,39,326246,336,372640,375,0,624,-3,618,68,49165,0,1374,626,"Knox County",470313,76.5447691218401,0.0717524673246199,79.7341345019168,13.8205833136656,131.401853659159,7.17524673246199
2021-04-18,50342,38,42294,27,8048,11,46355,32,325910,364,372265,396,0,624,-12,621,50,49097,1,1374,626,"Knox County",470313,76.5447691218401,0.0727898358920064,84.1992460340241,8.07972562952757,132.039726735174,7.27898358920064
2021-04-17,50304,37,42267,18,8037,19,46323,23,325546,335,371869,358,0,624,-23,633,60,49047,1,1373,625,"Knox County",470313,76.9700178391837,0.075041689827682,76.1195204044966,7.86710127085579,134.591219039236,7.5041689827682
2021-04-16,50267,346,42249,330,8018,16,46300,369,325211,2088,371511,2457,1,624,279,656,66,48987,4,1372,625,"Knox County",470313,141.395198516732,0.110155535224154,522.418049256559,73.5680281004352,139.481579288686,11.0155535224154
2021-04-15,49921,86,41919,54,8002,32,45931,55,323123,577,369054,632,1,623,12,377,73,48921,0,1368,624,"Knox County",470313,142.883569027435,0.112869399428027,134.378594680564,18.2856948457729,80.1593832192604,11.2869399428027
2021-04-14,49835,85,41865,60,7970,25,45876,62,322546,684,368422,746,0,622,-1,365,86,48848,3,1368,623,"Knox County",470313,147.773929276886,0.113018075588826,158.617771569146,18.0730704871011,77.607890915199,11.3018075588826
2021-04-13,49750,68,41805,38,7945,30,45814,43,321862,340,367676,383,-5,622,-8,366,81,48762,1,1365,623,"Knox County",470313,154.152660037039,0.116513933046568,81.435129371291,14.4584563896809,77.8205152738708,11.6513933046568
2021-04-12,49682,63,41767,43,7915,20,45771,50,321522,360,367293,410,1,627,-23,374,85,48681,0,1364,623,"Knox County",470313,153.727411319696,0.117800074321813,87.175987055429,13.395334596322,79.521510143245,11.7800074321813
2021-04-11,49619,26,41724,14,7895,12,45721,14,321162,296,366883,310,2,626,-26,397,50,48596,0,1364,622,"Knox County",470313,151.175919015634,0.11631419939577,65.9135511882512,5.52823332546623,84.4118703926959,11.631419939577
2021-04-10,49593,50,41710,33,7883,17,45707,41,320866,571,366573,612,0,624,6,423,44,48546,1,1364,622,"Knox County",470313,153.940035678367,0.114234234234234,130.126107507128,10.6312179335889,89.9401037181622,11.4234234234234
2021-04-09,49543,82,41677,62,7866,20,45666,71,320295,620,365961,691,5,624,11,417,66,48502,2,1363,621,"Knox County",470313,97.8072049890179,0.0887949260042283,146.923431842199,17.4351974110858,88.6643575661315,8.87949260042283
2021-04-08,49461,49,41615,26,7846,23,45595,26,319675,466,365270,492,-6,619,-23,406,78,48436,0,1361,621,"Knox County",470313,89.9401037181622,0.0842480790340285,104.611184466515,10.4185935749171,86.3254896207419,8.42480790340285
2021-04-07,49412,77,41589,54,7823,23,45569,57,319209,768,364778,825,2,625,9,429,66,48358,1,1361,621,"Knox County",470313,88.2391088487879,0.0811173784582326,175.415095904217,16.3720756177269,91.2158498701928,8.11173784582326
2021-04-06,49335,75,41535,41,7800,34,45512,45,318441,422,363953,467,2,623,-3,420,76,48292,0,1360,621,"Knox County",470313,89.7274793594904,0.079852902547938,99.2955754997204,15.9468269003834,89.3022306421468,7.9852902547938
2021-04-05,49260,44,41494,32,7766,12,45467,35,318019,266,363486,301,0,621,-60,423,104,48216,3,1360,621,"Knox County",470313,85.6876165447266,0.0781503515413737,63.9999319602052,9.35547178155824,89.9401037181622,7.81503515413737
2021-04-04,49216,49,41462,31,7754,18,45432,40,317753,341,363185,381,3,621,-27,483,73,48112,0,1357,620,"Knox County",470313,90.5779767941775,0.0835765455027859,81.0098806539475,10.4185935749171,102.697565238469,8.35765455027859
2021-04-03,49167,81,41431,64,7736,17,45392,71,317412,593,362804,664,0,618,6,510,75,48039,0,1357,619,"Knox County",470313,97.1693319130026,0.0902904998691442,141.182574158061,17.222573052414,108.438422922607,9.02904998691442
2021-04-02,49086,76,41367,45,7719,31,45321,45,316819,530,362140,575,0,618,5,504,71,47964,2,1357,616,"Knox County",470313,95.8935857609719,0.0860998650472335,122.259006236272,16.1594512590551,107.162676770576,8.60998650472335
2021-04-01,49010,75,41322,63,7688,12,45276,67,316289,580,361565,647,1,618,-20,499,94,47893,1,1355,615,"Knox County",470313,101.421819086438,0.0932642487046632,137.56796006064,15.9468269003834,106.099554977217,9.32642487046632
2021-03-31,48935,87,41259,66,7676,21,45209,72,315709,765,360918,837,3,617,-16,519,100,47799,2,1354,615,"Knox County",470313,103.548062673156,0.096849173553719,177.966588208278,18.4983192044447,110.352042150653,9.6849173553719
2021-03-30,48848,57,41193,33,7655,24,45137,38,314944,460,360081,498,1,614,-24,535,80,47699,2,1352,613,"Knox County",470313,99.7208242170639,0.094286446323341,105.886930618546,12.1195884442914,113.754031889401,9.4286446323341
2021-03-29,48791,43,41160,21,7631,22,45099,22,314484,400,359583,422,5,613,-58,559,96,47619,0,1350,612,"Knox County",470313,99.5081998583922,0.088220675944334,89.7274793594904,9.14284742288646,118.857016497524,8.8220675944334
2021-03-28,48748,80,41139,46,7609,34,45077,49,314084,484,359161,533,2,608,13,617,65,47523,5,1350,611,"Knox County",470313,106.099554977217,0.0871647509578544,113.328783172058,17.0099486937423,131.189229300487,8.71647509578544
2021-03-27,48668,42,41093,39,7575,3,45028,42,313600,442,358628,484,0,606,-16,604,58,47458,2,1345,610,"Knox County",470313,97.8072049890179,0.0838338338338338,102.910189597141,8.93022306421468,128.425112637754,8.38338338338338
2021-03-26,48626,79,41054,54,7572,25,44986,60,313158,417,358144,477,0,606,1,620,78,47400,2,1343,609,"Knox County",470313,98.4450780650333,0.0897896357106208,101.421819086438,16.7973243350705,131.827102376502,8.97896357106208
2021-03-25,48547,88,41000,64,7547,24,44926,67,312741,570,357667,637,0,606,7,619,81,47322,4,1341,607,"Knox County",470313,101.209194727766,0.0900205761316872,135.441716473923,18.7109435631165,131.614478017831,9.00205761316873
2021-03-24,48459,124,40936,90,7523,34,44859,95,312171,780,357030,875,1,606,39,612,84,47241,3,1337,606,"Knox County",470313,109.076295998622,0.0950076413652573,186.046313837806,26.3654204753005,130.126107507128,9.50076413652573
2021-03-23,48335,87,40846,57,7489,30,44764,63,311391,531,356155,594,1,605,17,573,69,47157,3,1334,605,"Knox County",470313,115.455026758776,0.0989557434112382,126.298869051036,18.4983192044447,121.833757518929,9.89557434112382
2021-03-22,48248,115,40789,78,7459,37,44701,81,310860,517,355561,598,2,604,32,556,81,47088,1,1331,604,"Knox County",470313,130.763980583144,0.108861362553597,127.149366485723,24.4518012472545,118.219143421509,10.8861362553597
2021-03-21,48133,50,40711,33,7422,17,44620,34,310343,330,354963,364,0,602,4,524,46,47007,1,1330,604,"Knox County",470313,124.38524982299,0.109704641350211,77.3952665565272,10.6312179335889,111.415163944012,10.9704641350211
2021-03-20,48083,59,40678,29,7405,30,44586,33,310013,315,354599,348,0,602,3,520,56,46961,4,1329,603,"Knox County",470313,127.99986392041,0.111225276136656,73.9932768177788,12.5448371616349,110.564666509325,11.1225276136656
2021-03-19,48024,146,40649,102,7375,44,44553,117,309698,956,354251,1073,3,602,51,517,92,46905,3,1325,603,"Knox County",470313,142.24569595142,0.109155713967476,228.145936854818,31.0431563660796,109.926793433309,10.9155713967476
2021-03-18,47878,68,40547,50,7331,18,44436,66,308742,627,353178,693,2,599,-16,466,82,46813,1,1322,602,"Knox County",470313,137.993208777984,0.107590759075908,147.348680559542,14.4584563896809,99.0829511410486,10.7590759075908
2021-03-17,47810,46,40497,36,7313,10,44370,41,308115,497,352485,538,1,597,-40,482,85,46731,3,1321,602,"Knox County",470313,121.408508801585,0.103374524714829,114.391904965417,9.7807204989018,102.484940879797,10.3374524714829
2021-03-16,47764,128,40461,84,7303,44,44329,100,307618,699,351947,799,0,596,48,522,80,46646,3,1318,600,"Knox County",470313,130.126107507128,0.106956718785407,169.886862578751,27.2159179099876,110.989915226668,10.6956718785407
2021-03-15,47636,44,40377,28,7259,16,44229,40,306919,290,351148,330,1,596,-65,474,108,46566,1,1315,599,"Knox County",470313,115.029778041432,0.103980699638118,70.1660383616868,9.35547178155824,100.783946010423,10.3980699638118
2021-03-14,47592,60,40349,38,7243,22,44189,46,306629,405,350818,451,0,595,-12,539,72,46458,0,1314,598,"Knox County",470313,117.15602162815,0.104678638941399,95.893585760972,12.7574615203067,114.604529324088,10.4678638941399
2021-03-13,47532,71,40311,34,7221,37,44143,41,306224,623,350367,664,1,595,-11,551,81,46386,1,1314,598,"Knox County",470313,119.707513932211,0.0991644678979771,141.182574158061,15.0963294656962,117.15602162815,9.91644678979771
2021-03-12,47461,63,40277,60,7184,3,44102,67,305601,692,349703,759,0,594,-52,562,115,46305,1,1313,596,"Knox County",470313,102.059692162454,0.0947094945677846,161.38188823188,13.395334596322,119.494889573539,9.47094945677846
2021-03-11,47398,83,40217,56,7181,27,44035,66,304909,627,348944,693,2,594,-22,614,103,46190,0,1312,594,"Knox County",470313,105.24905754253,0.0947094945677846,147.348680559542,17.6478217697576,130.551356224472,9.47094945677846
2021-03-10,47315,95,40161,72,7154,23,43969,82,304282,1001,348251,1083,2,592,26,636,67,46087,1,1312,593,"Knox County",470313,115.667651117447,0.0924879681941829,230.272180441536,20.1993140738189,135.229092115251,9.24879681941829
2021-03-09,47220,80,40089,50,7131,30,43887,55,303281,597,347168,652,0,590,-6,610,86,46020,2,1311,593,"Knox County",470313,105.461681901202,0.0857081174438687,138.631081853999,17.0099486937423,129.700858789785,8.57081174438687
2021-03-08,47140,86,40039,58,7101,28,43832,64,302684,412,346516,476,1,590,-29,616,114,45934,0,1309,589,"Knox County",470313,114.391904965417,0.0881121808287987,101.209194727766,18.2856948457729,130.976604941815,8.81121808287987
2021-03-07,47054,64,39981,40,7073,24,43768,42,302272,327,346040,369,0,589,-5,645,69,45820,0,1309,587,"Knox County",470313,115.242402400104,0.0887989778534923,78.4583883498861,13.6079589549938,137.142711343297,8.87989778534923
2021-03-06,46990,125,39941,87,7049,38,43726,95,301945,848,345671,943,0,589,40,650,85,45751,0,1309,587,"Knox County",470313,126.72411776838,0.0946733668341709,200.504770227487,26.5780448339723,138.205833136656,9.46733668341709
2021-03-05,46865,70,39854,44,7011,26,43631,49,301097,521,344728,570,2,589,-19,610,87,45666,2,1309,587,"Knox County",470313,128.212488279082,0.0946510656080234,121.195884442914,14.8837051070245,129.700858789785,9.46510656080234
2021-03-04,46795,112,39810,85,6985,27,43582,100,300576,1094,344158,1194,5,587,-1,629,108,45579,1,1307,585,"Knox County",470313,134.378594680564,0.0921127293361074,253.873484254103,23.8139281712392,133.740721604548,9.21127293361074
2021-03-03,46683,74,39725,33,6958,41,43482,40,299482,497,342964,537,1,582,-49,630,122,45471,4,1306,583,"Knox County",470313,129.913483148456,0.093862054418899,114.179280606745,15.7342025417116,133.95334596322,9.3862054418899
2021-03-02,46609,133,39692,91,6917,42,43442,99,298985,808,342427,907,-1,581,9,679,125,45349,2,1302,582,"Knox County",470313,141.182574158061,0.0978783026421137,192.850293315303,28.2790397033465,144.371939538137,9.78783026421137
2021-03-01,46476,59,39601,33,6875,26,43343,35,298177,165,341520,200,1,582,-58,670,116,45224,1,1300,579,"Knox County",470313,135.441716473923,0.0974576271186441,42.5248717343556,12.5448371616349,142.458320310091,9.74576271186441
2021-02-28,46417,77,39568,53,6849,24,43308,63,298012,563,341320,626,2,581,-18,728,93,45108,2,1299,579,"Knox County",470313,138.205833136656,0.0966445649989954,133.102848528533,16.3720756177269,154.790533113054,9.66445649989954
2021-02-27,46340,83,39515,47,6825,36,43245,58,297449,671,340694,729,1,579,-32,746,114,45015,3,1297,578,"Knox County",470313,129.275610072441,0.0932185597312618,155.003157471726,17.6478217697576,158.617771569146,9.32185597312618
2021-02-26,46257,107,39468,70,6789,37,43187,80,296778,506,339965,586,5,578,-17,778,119,44901,1,1294,577,"Knox County",470313,137.142711343297,0.0993931784892237,124.597874181662,22.7508063778803,165.421751046643,9.93931784892237
2021-02-25,46150,131,39398,92,6752,39,43107,97,296272,1029,339379,1126,2,573,-7,795,136,44782,5,1293,577,"Knox County",470313,141.182574158061,0.100191042241562,239.415027864422,27.8537909860029,169.036365144064,10.0191042241562
2021-02-24,46019,102,39306,72,6713,30,43010,80,295243,969,338253,1049,2,571,-30,802,130,44646,2,1288,576,"Knox County",470313,147.13605620087,0.0980279532835535,223.042952246695,21.6876845845214,170.524735654766,9.80279532835535
2021-02-23,45917,122,39234,68,6683,54,42930,75,294274,758,337204,833,5,569,-32,832,149,44516,6,1286,575,"Knox County",470313,144.797188255481,0.0947756845989512,177.116090773591,25.9401717579569,176.903466414919,9.47756845989512
2021-02-22,45795,62,39166,33,6629,29,42855,38,293516,307,336371,345,3,564,-110,864,169,44367,3,1280,573,"Knox County",470313,145.435061331496,0.0927465054778995,73.3554037417635,13.1827102376502,183.707445892416,9.27465054778995
2021-02-21,45733,82,39133,41,6600,41,42817,45,293209,499,336026,544,2,561,-31,974,111,44198,3,1277,571,"Knox County",470313,146.498183124855,0.090752110514198,115.667651117447,17.4351974110858,207.096125346312,9.0752110514198
2021-02-20,45651,137,39092,98,6559,39,42772,115,292710,1007,335482,1122,1,559,8,1005,128,44087,2,1274,568,"Knox County",470313,157.979898493131,0.0945584299732382,238.564530429735,29.1295371380336,213.687480465137,9.45584299732382
2021-02-19,45514,95,38994,43,6520,52,42657,48,291703,274,334360,322,1,558,-83,997,177,43959,2,1272,567,"Knox County",470313,155.42840618907,0.0932409661112151,68.4650434923126,20.1993140738189,211.986485595763,9.32409661112151
2021-02-18,45419,155,38951,111,6468,44,42609,119,291429,988,334038,1107,4,557,-38,1080,189,43782,6,1270,565,"Knox County",470313,160.531390797193,0.0977076287110109,235.375165049658,32.9567755941256,229.63430736552,9.77076287110109
2021-02-17,45264,114,38840,68,6424,46,42490,76,290441,892,332931,968,1,553,-49,1118,162,43593,4,1264,559,"Knox County",470313,163.082883101254,0.0984544934172868,205.820379194281,24.2391768885827,237.714032995048,9.84544934172868
2021-02-16,45150,147,38772,90,6378,57,42414,101,289549,818,331963,919,2,552,-40,1167,185,43431,4,1260,556,"Knox County",470313,168.398492068048,0.101745823165008,195.401785619364,31.2557807247514,248.132626569965,10.1745823165008
2021-02-15,45003,76,38682,36,6321,40,42313,43,288731,312,331044,355,2,550,-140,1207,214,43246,1,1256,556,"Knox County",470313,171.375233089453,0.102492036724752,75.4816473284812,16.1594512590551,256.637600916836,10.2492036724752
2021-02-14,44927,165,38646,135,6281,30,42270,135,288419,706,330689,841,2,548,20,1347,143,43032,5,1255,556,"Knox County",470313,189.023054859211,0.113063542776003,178.817085642965,35.0830191808434,286.405011130885,11.3063542776003
2021-02-13,44762,135,38511,91,6251,44,42135,106,287713,871,329848,977,4,546,-8,1327,139,42889,7,1250,555,"Knox County",470313,188.597806141867,0.11441063946074,207.733998422327,28.7042884206901,282.15252395745,11.441063946074
2021-02-12,44627,179,38420,114,6207,65,42029,124,286842,997,328871,1121,3,542,13,1335,163,42750,3,1243,551,"Knox County",470313,206.458252270297,0.111959287531807,238.351906071063,38.0597602022483,283.853518826824,11.1959287531807
2021-02-11,44448,161,38306,112,6142,49,41905,118,285845,1133,327750,1251,5,539,-36,1322,192,42587,5,1240,550,"Knox County",470313,207.733998422327,0.109297263681592,265.993072698394,34.2325217461563,281.089402164091,10.9297263681592
2021-02-10,44287,148,38194,106,6093,42,41787,112,284712,1032,326499,1144,7,534,-46,1358,187,42395,6,1235,548,"Knox County",470313,214.963226617168,0.111834140435835,243.242266320514,31.4684050834232,288.743879076275,11.1834140435835
2021-02-09,44139,209,38088,154,6051,55,41675,165,283680,1023,325355,1188,0,527,12,1404,197,42208,6,1229,546,"Knox County",470313,228.145936854818,0.116766031699869,252.597738102072,44.4384909624016,298.524599575177,11.6766031699869
2021-02-08,43930,107,37934,72,5996,35,41510,76,282657,371,324167,447,4,527,-159,1392,262,42011,2,1223,541,"Knox County",470313,234.737291973643,0.119959822069163,95.0430883262848,22.7508063778803,295.973107271115,11.9959822069163
2021-02-07,43823,108,37862,75,5961,33,41434,83,282286,716,323720,799,1,523,-28,1551,135,41749,2,1221,538,"Knox County",470313,222.617703529352,0.113180308936047,169.886862578751,22.963430736552,329.780380299928,11.3180308936047
2021-02-06,43715,304,37787,176,5928,128,41351,197,281570,1396,322921,1593,2,522,137,1579,165,41614,6,1219,537,"Knox County",470313,258.551220144882,0.116001590878961,338.710603364143,64.6378050362206,335.733862342738,11.6001590878961
2021-02-05,43411,177,37611,131,5800,46,41154,143,280174,727,321328,870,8,520,-4,1442,173,41449,4,1213,533,"Knox County",470313,258.125971427539,0.12260010970927,184.983192044447,37.6345114849047,306.604325204704,12.260010970927
2021-02-04,43234,199,37480,148,5754,51,41011,161,279447,1582,320458,1743,2,512,0,1446,197,41276,7,1209,530,"Knox County",470313,266.205697057066,0.120375128468654,370.604257164909,42.3122473756839,307.454822639391,12.0375128468654
2021-02-03,43035,230,37332,164,5703,66,40850,172,277865,1634,318715,1806,5,510,-8,1446,233,41079,7,1202,522,"Knox County",470313,283.640894468152,0.118044044518115,383.999591761231,48.903602494509,307.454822639391,11.8044044518115
2021-02-02,42805,92,37168,70,5637,22,40678,77,276231,291,316909,368,7,505,-159,1454,244,40846,1,1195,522,"Knox County",470313,258.763844503554,0.119197482297404,78.2457639912144,19.5614409978036,309.155817508765,11.9197482297404
2021-02-01,42713,153,37098,82,5615,71,40601,97,275940,425,316541,522,4,498,-126,1613,275,40602,2,1194,520,"Knox County",470313,268.544565002456,0.120763537202961,110.989915226668,32.5315268767821,342.963090537578,12.0763537202961
2021-01-31,42560,175,37016,121,5544,54,40504,129,275515,939,316019,1068,7,494,13,1739,155,40327,4,1192,517,"Knox County",470313,282.790397033465,0.122459222082811,227.082815061459,37.2092627675612,369.753759730222,12.2459222082811
2021-01-30,42385,276,36895,232,5490,44,40375,250,274576,1518,314951,1768,7,487,91,1726,178,40172,9,1188,515,"Knox County",470313,276.836914990655,0.126335174953959,375.919866131704,58.6843229934108,366.989643067489,12.6335174953959
2021-01-29,42109,102,36663,52,5446,50,40125,62,273058,376,313183,438,4,480,-139,1635,237,39994,1,1179,509,"Knox County",470313,260.890088090272,0.12290937378452,93.1294690982388,21.6876845845214,347.640826428357,12.290937378452
2021-01-28,42007,157,36611,116,5396,41,40063,129,272682,657,312745,786,9,476,-75,1774,223,39757,5,1178,504,"Knox County",470313,251.959865026057,0.135583185316755,167.122745916018,33.3820243114692,377.195612283734,13.5583185316755
2021-01-27,41850,167,36495,123,5355,44,39934,125,272025,894,311959,1019,12,467,-74,1849,229,39534,2,1173,500,"Knox County",470313,238.564530429735,0.145585525213604,216.664221486542,35.508267898187,393.142439184118,14.5585525213604
2021-01-26,41683,234,36372,173,5311,61,39809,193,271131,1041,310940,1234,3,455,-26,1923,257,39305,7,1171,496,"Knox County",470313,268.757189361128,0.144111192392099,262.378458600974,49.7540999291961,408.876641725829,14.4111192392099
2021-01-25,41449,158,36199,106,5250,52,39616,115,270090,415,309706,530,9,452,-198,1949,347,39048,1,1164,489,"Knox County",470313,269.820311154486,0.146573140435482,112.690910096042,33.5946486701409,414.404875051296,14.6573140435481
2021-01-24,41291,156,36093,104,5198,52,39501,111,269675,791,309176,902,4,443,-100,2147,252,38701,2,1163,485,"Knox County",470313,265.780448339723,0.147521341920024,191.787171521944,33.1693999527974,456.504498068308,14.7521341920024
2021-01-23,41135,309,35989,222,5146,87,39390,232,268884,1492,308274,1724,7,439,63,2247,239,38449,7,1161,480,"Knox County",470313,272.797052175891,0.145786220413086,366.564394350146,65.7009268295794,477.766933935485,14.5786220413086
2021-01-22,40826,178,35767,143,5059,35,39158,176,267392,1173,306550,1349,3,432,-152,2184,327,38210,7,1154,477,"Knox County",470313,288.956503434947,0.143292682926829,286.830259848229,37.8471358435765,464.371599339163,14.3292682926829
2021-01-21,40648,268,35624,195,5024,73,38982,203,266219,1081,305201,1284,11,429,-124,2336,381,37883,6,1147,469,"Knox County",470313,312.557807247514,0.143620989803531,273.009676534563,56.9833281240365,496.690501857274,14.3620989803531
2021-01-20,40380,192,35429,131,4951,61,38779,131,265138,736,303917,867,10,418,-154,2460,336,37502,8,1141,464,"Knox County",470313,317.873416214308,0.147148288973384,184.345318968432,40.8238768649814,523.055922332574,14.7148288973384
2021-01-19,40188,311,35298,195,4890,116,38648,219,264402,957,303050,1176,8,408,-84,2614,387,37166,14,1133,454,"Knox County",470313,334.245491832035,0.15155771195097,250.046245798011,66.126175546923,555.800073568028,15.155771195097
2021-01-18,39877,129,35103,80,4774,49,38429,87,263445,472,301874,559,7,400,-365,2698,487,36779,4,1119,451,"Knox County",470313,328.079385430554,0.147436712886401,118.857016497524,27.4285422686594,573.660519696457,14.7436712886401
2021-01-17,39748,181,35023,138,4725,43,38342,151,262973,690,301315,841,3,393,-205,3063,383,36292,8,1115,442,"Knox County",470313,333.394994397348,0.153717948717949,178.817085642965,38.4850089195918,651.268410611656,15.3717948717949
2021-01-16,39567,421,34885,340,4682,81,38191,389,262283,1757,300474,2146,1,390,9,3268,411,35909,7,1107,436,"Knox County",470313,357.208922568587,0.164923376307468,456.291873709636,89.5148550008186,694.856404139371,16.4923376307468
2021-01-15,39146,187,34545,149,4601,38,37802,153,260526,755,298328,908,0,389,-95,3259,282,35498,4,1100,428,"Knox County",470313,359.122541796633,0.171314741035857,193.062917673975,39.7607550716225,692.942784911325,17.1314741035857
2021-01-14,38959,338,34396,267,4563,71,37649,290,259771,1479,297420,1769,6,389,-91,3354,423,35216,7,1096,418,"Knox County",470313,374.006246903658,0.171788047423179,376.132490490376,71.867033231061,713.142098985144,17.1788047423179
2021-01-13,38621,249,34129,201,4492,48,37359,206,258292,946,295651,1152,12,383,-249,3445,486,34793,6,1089,411,"Knox County",470313,386.125835347949,0.174833352824231,244.943261189888,52.9434653092728,732.490915624276,17.4833352824231
2021-01-12,38372,332,33928,261,4444,71,37153,283,257346,1181,294499,1464,10,371,-176,3694,498,34307,6,1083,409,"Knox County",470313,390.590946880056,0.176377418259984,311.282061095483,70.5912870790304,785.434380933549,17.6377418259984
2021-01-11,38040,244,33667,197,4373,47,36870,228,256165,726,293035,954,4,361,-395,3870,635,33809,5,1077,404,"Knox County",470313,415.042748127311,0.184102230885857,202.843638172876,51.8803435159139,822.856268059781,18.4102230885857
2021-01-10,37796,328,33470,205,4326,123,36642,222,255439,1013,292081,1235,5,357,-6,4265,329,33174,17,1072,398,"Knox County",470313,446.298528852062,0.183942667220607,262.591082959646,69.7407896443432,906.842889735134,18.3942667220607
2021-01-09,37468,475,33265,393,4203,82,36420,426,254426,1384,290846,1810,5,352,101,4271,369,32845,12,1055,392,"Knox County",470313,457.780244220338,0.194575979337064,384.850089195918,100.996570369095,908.118635887165,19.4575979337064
2021-01-08,36993,459,32872,371,4121,88,35994,392,253042,1432,289036,1824,7,347,267,4170,185,32476,6,1043,390,"Knox County",470313,515.614069779062,0.200528996865204,387.826830217323,97.5945806303462,886.643575661315,20.0528996865204
2021-01-07,36534,389,32501,346,4033,43,35602,354,251610,1309,287212,1663,10,340,73,3903,306,32291,10,1037,382,"Knox County",470313,526.457912071323,0.208968521084934,353.594308471167,82.7108755233217,829.87287189595,20.8968521084934
2021-01-06,36145,497,32155,363,3990,134,35248,378,250301,1187,285549,1565,9,330,61,3830,427,31985,15,1027,379,"Knox County",470313,579.188753021924,0.217118402282454,332.757121321333,105.674306259874,814.35129371291,21.7118402282454
2021-01-05,35648,520,31792,327,3856,193,34870,345,249114,1193,283984,1538,14,321,32,3769,474,31558,14,1012,370,"Knox County",470313,619.162132452218,0.221456228161299,327.016263637195,110.564666509325,801.381207833932,22.1456228161299
2021-01-04,35128,322,31465,228,3663,94,34525,249,247921,654,282446,903,6,307,-222,3737,538,31084,6,998,364,"Knox County",470313,635.746832428617,0.224520781932055,191.999795880616,68.4650434923126,794.577228356435,22.4520781932055
2021-01-03,34806,285,31237,182,3569,103,34276,195,247267,608,281543,803,2,301,-15,3959,298,30546,10,992,356,"Knox County",470313,626.60398500573,0.231446665347318,170.737360013438,60.5979422214568,841.77983598157,23.1446665347318
2021-01-02,34521,423,31055,319,3466,104,34081,345,246659,1095,280740,1440,0,299,106,3974,317,30248,22,982,347,"Knox County",470313,615.547518354798,0.231922760887428,306.179076487361,89.9401037181622,844.969201361646,23.1922760887428
2021-01-01,34098,420,30736,350,3362,70,33736,374,245564,1297,279300,1671,2,299,3,3868,415,29931,7,960,343,"Knox County",470313,607.255168366598,0.233747260774288,355.295303340541,89.3022306421468,822.431019342438,23.3747260774288
2020-12-31,33678,448,30386,311,3292,137,33362,322,244267,929,277629,1251,12,297,0,3865,436,29516,8,953,337,"Knox County",470313,619.800005528233,0.240758913967942,265.993072698394,95.2557126849566,821.793146266423,24.0758913967942
2020-12-30,33230,363,30075,248,3155,115,33040,271,243338,931,276378,1202,6,285,-146,3865,503,29080,9,945,334,"Knox County",470313,591.308341466215,0.238533151680291,255.574479123477,77.1826421978555,821.793146266423,23.8533151680291
2020-12-29,32867,590,29827,398,3040,192,32769,420,242407,1081,275176,1501,7,279,110,4011,473,28577,14,936,330,"Knox County",470313,606.19204657324,0.248090297571543,319.149162366339,125.448371616349,852.836302632502,24.8090297571543
2020-12-28,32277,252,29429,174,2848,78,32349,185,241326,565,273675,750,4,272,-331,3901,579,28104,4,922,322,"Knox County",470313,591.308341466215,0.245068461359944,159.468269003834,53.5813383852881,829.447623178607,24.5068461359944
2020-12-27,32025,230,29255,156,2770,74,32164,172,240761,489,272925,661,3,268,-74,4232,301,27525,8,918,317,"Knox County",470313,579.614001739267,0.246460594620104,140.544701082045,48.903602494509,899.826285898965,24.6460594620104
2020-12-26,31795,358,29099,288,2696,70,31992,328,240272,1064,272264,1392,0,265,58,4306,300,27224,10,910,310,"Knox County",470313,565.793418425602,0.245847176079734,295.973107271115,76.1195204044966,915.560488440677,24.5847176079734
2020-12-25,31437,353,28811,287,2626,66,31664,308,239208,1070,270872,1378,1,265,-100,4248,452,26924,5,900,305,"Knox County",470313,551.547586394592,0.246588813767671,292.99636624971,75.0563986111377,903.228275637714,24.6588813767671
2020-12-24,31084,351,28524,277,2560,74,31356,311,238138,1273,269494,1584,5,264,-111,4348,457,26472,8,895,298,"Knox County",470313,530.92302360343,0.235592820028342,336.796984136097,74.6311498937941,924.490711504891,23.5592820028342
2020-12-23,30733,472,28247,351,2486,121,31045,371,236865,1411,267910,1782,6,259,-15,4459,481,26015,9,887,291,"Knox County",470313,554.099078698654,0.231542882404951,378.896607153109,100.358697293079,948.092015317459,23.1542882404951
2020-12-22,30261,530,27896,392,2365,138,30674,432,235454,1470,266128,1902,7,253,-25,4474,548,25534,15,878,284,"Knox County",470313,541.341617178347,0.222986559424278,404.411530193722,112.690910096042,951.281380697535,22.2986559424278
2020-12-21,29731,442,27504,361,2227,81,30242,391,233984,1423,264226,1814,2,246,-138,4499,578,24986,5,863,278,"Knox County",470313,581.740245325985,0.22001331684581,385.700586630606,93.9799665329259,956.59698966433,22.001331684581
2020-12-20,29289,514,27143,431,2146,83,29851,478,232561,2245,262412,2723,2,244,234,4637,278,24408,7,858,275,"Knox County",470313,642.12556318877,0.208270377733598,578.976128663252,109.288920357294,985.939151161035,20.8270377733598
2020-12-19,28775,524,26712,440,2063,84,29373,489,230316,1445,259689,1934,6,242,252,4403,266,24130,13,851,269,"Knox County",470313,677.421206728285,0.211938705496684,411.215509671219,111.415163944012,936.185051231839,21.1938705496684
2020-12-18,28251,480,26272,420,1979,60,28884,430,228871,1359,257755,1789,4,236,98,4151,378,23864,11,838,262,"Knox County",470313,704.424500279601,0.214518036664695,380.384977663811,102.059692162454,882.603712846551,21.4518036664695
2020-12-17,27771,732,25852,633,1919,99,28454,663,227512,1898,255966,2561,11,232,287,4053,434,23486,11,827,256,"Knox County",470313,785.434380933548,0.224336435711824,544.530982558424,155.641030547742,861.766525696717,22.4336435711824
2020-12-16,27039,564,25219,452,1820,112,27791,472,225614,1729,253405,2201,8,221,99,3766,457,23052,11,816,252,"Knox County",470313,804.995821931352,0.224805682122755,467.986213436584,119.920138290883,800.743334757917,22.4805682122755
2020-12-15,26475,765,24767,675,1708,90,27319,716,223885,2415,251204,3131,2,213,324,3667,439,22595,15,805,249,"Knox County",470313,854.96254621922,0.225283229121525,665.726867001337,162.65763438391,779.693523249411,22.5283229121525
2020-12-14,25710,473,24092,412,1618,61,26603,463,221470,1624,248073,2087,6,211,-10,3343,477,22156,7,790,241,"Knox County",470313,861.553901338045,0.225922318275904,443.747036548001,100.571321651751,710.803231039754,22.5922318275904
2020-12-13,25237,627,23680,571,1557,56,26140,757,219846,2935,245986,3692,2,205,398,3353,227,21679,10,783,234,"Knox County",470313,885.580453867956,0.229376257545272,785.009132216205,133.315472887205,712.929474626472,22.9376257545272
2020-12-12,24610,464,23109,392,1501,72,25383,454,216911,2172,242294,2626,3,203,183,2955,278,21452,19,773,228,"Knox County",470313,872.822992347649,0.218665339746779,558.351565872089,98.6577024237051,628.304979875104,21.8665339746779
2020-12-11,24146,557,22717,523,1429,34,24929,430,214739,1407,239668,1837,6,200,281,2772,270,21174,10,754,224,"Knox County",470313,889.195067965376,0.218086572925283,390.590946880056,118.43176778018,589.394722238169,21.8086572925283
2020-12-10,23589,473,22194,414,1395,59,24499,540,213332,1910,237831,2450,8,194,325,2491,140,20904,9,744,222,"Knox County",470313,834.125359069386,0.212605415002219,520.929678745856,100.571321651751,529.647277451399,21.2605415002219
2020-12-09,23116,406,21780,336,1336,70,23959,359,211422,924,235381,1283,2,186,76,2166,328,20764,13,735,212,"Knox County",470313,800.530710399245,0.217409096223547,272.797052175891,86.3254896207419,460.544360883071,21.7409096223547
2020-12-08,22710,491,21444,445,1266,46,23600,540,210498,2077,234098,2617,9,184,126,2090,356,20436,9,722,209,"Knox County",470313,742.271636123178,0.213536644165863,556.437946644043,104.398560107843,444.384909624016,21.3536644165863
2020-12-07,22219,323,20999,271,1220,52,23060,317,208421,1135,231481,1452,3,175,-128,1964,448,20080,6,713,207,"Knox County",470313,710.377982322411,0.212884627436235,308.730568791422,68.6776678509843,417.594240431372,21.2884627436235
2020-12-06,21896,332,20728,291,1168,41,22743,187,207286,668,230029,855,6,172,103,2092,223,19632,6,707,204,"Knox County",470313,647.653796514236,0.21547256097561,181.79382666437,70.5912870790304,444.81015834136,21.547256097561
2020-12-05,21564,289,20437,263,1127,26,22556,213,206618,714,229174,927,2,166,54,1989,233,19409,8,701,200,"Knox County",470313,610.444533746675,0.226425006566851,197.102780488738,61.4484396561439,422.909849398167,22.6425006566851
2020-12-04,21275,354,20174,321,1101,33,22343,297,205904,1091,228247,1388,5,164,17,1935,332,19176,11,693,198,"Knox County",470313,567.281788936304,0.223569084943493,295.122609836428,75.2690229698095,411.428134029891,22.3569084943493
2020-12-03,20921,441,19853,424,1068,17,22046,448,204813,1215,226859,1663,2,159,180,1918,259,18844,10,682,193,"Knox County",470313,560.477809458807,0.231811487481591,353.594308471167,93.7673421742542,407.813519932471,23.1811487481591
2020-12-02,20480,192,19429,170,1051,22,21598,185,203598,575,225196,760,2,157,-146,1738,336,18585,7,672,191,"Knox County",470313,514.976196703047,0.226350652038915,161.594512590551,40.8238768649814,369.54113537155,22.6350652038915
2020-12-01,20288,403,19259,380,1029,23,21413,409,203023,1832,224436,2241,5,155,87,1884,311,18249,7,665,186,"Knox County",470313,496.26525313993,0.221408572043937,476.491187783455,85.6876165447266,400.58429173763,22.1408572043937
2020-11-30,19885,385,18879,371,1006,14,21004,436,201191,1815,222195,2251,1,150,24,1797,360,17938,3,658,183,"Knox County",470313,509.44796337758,0.215666831928607,478.617431370173,81.8603780886346,382.085972533185,21.5666831928607
2020-11-29,19500,226,18508,217,992,9,20568,261,199376,1465,219944,1726,0,149,40,1773,186,17578,5,655,180,"Knox County",470313,486.909781358372,0.205275648046732,366.989643067489,48.0531050598219,376.982987925063,20.5275648046732
2020-11-28,19274,272,18291,258,983,14,20307,299,197911,1967,218218,2266,0,149,74,1733,198,17392,8,650,174,"Knox County",470313,483.295167260952,0.189914599430663,481.806796750249,57.8338255587237,368.478013578192,18.9914599430663
2020-11-27,19002,235,18033,215,969,20,20008,249,195944,1247,215952,1496,3,149,-6,1659,238,17194,12,642,170,"Knox County",470313,457.99286857901,0.184390873175845,318.08604057298,49.9667242878679,352.74381103648,18.4390873175845
2020-11-26,18767,344,17818,341,949,3,19759,441,194697,1429,214456,1870,4,146,48,1665,292,16956,5,630,168,"Knox County",470313,437.368305787848,0.18080888183981,397.607550716225,73.1427793830917,354.019557188511,18.080888183981
2020-11-25,18423,219,17477,193,946,26,19318,123,193268,325,212586,448,0,142,-58,1617,277,16664,3,625,162,"Knox County",470313,443.109163471986,0.180354529191738,95.2557126849566,46.5647345491194,343.813587972265,18.0354529191738
2020-11-24,18204,153,17284,130,920,23,19195,116,192943,673,212138,789,2,142,-111,1675,262,16387,6,622,160,"Knox County",470313,389.953073804041,0.177484787018256,167.760618992033,32.5315268767821,356.145800775228,17.7484787018256
2020-11-23,18051,167,17154,146,897,21,19079,100,192270,392,211349,492,3,140,-98,1786,262,16125,7,616,158,"Knox County",470313,343.600963613593,0.174865192032574,104.611184466515,35.508267898187,379.747104587796,17.4865192032574
2020-11-22,17884,220,17008,212,876,8,18979,258,191878,1808,210857,2066,2,137,86,1884,132,15863,5,609,151,"Knox County",470313,342.325217461563,0.168240161238994,439.281925015894,46.7773589077912,400.58429173763,16.8240161238994
2020-11-21,17664,173,16796,169,868,4,18721,198,190070,1465,208791,1663,0,135,2,1798,171,15731,4,604,149,"Knox County",470313,321.275405953057,0.168291024478694,353.594308471167,36.7840140502176,382.298596891857,16.8291024478694
2020-11-20,17491,178,16627,169,864,9,18523,163,188605,791,207128,954,7,135,-17,1796,188,15560,5,600,147,"Knox County",470313,309.155817508765,0.168920550591645,202.843638172876,37.8471358435765,381.873348174514,16.8920550591645
2020-11-19,17313,166,16458,148,855,18,18360,128,187814,663,206174,791,2,128,-28,1813,192,15372,4,595,143,"Knox County",470313,271.308681665189,0.150770512286547,168.185867709377,35.2956435395152,385.487962271934,15.0770512286547
2020-11-18,17147,168,16310,162,837,6,18232,179,187151,875,205383,1054,0,126,-9,1841,177,15180,7,591,138,"Knox County",470313,260.464839372928,0.146241516199257,224.106074040054,35.7208922568587,391.441444314744,14.6241516199257
2020-11-17,16979,248,16148,240,831,8,18053,260,186276,1033,204329,1293,9,126,86,1850,153,15003,6,584,137,"Knox County",470313,280.664153446747,0.154697461806809,274.923295762609,52.730840950601,393.35506354279,15.4697461806809
2020-11-16,16731,272,15908,261,823,11,17793,286,185243,1409,203036,1695,2,117,79,1764,191,14850,6,578,136,"Knox County",470313,302.989711107284,0.154686843211433,360.398287948664,57.8338255587237,375.069368697017,15.4686843211433
2020-11-15,16459,274,15647,247,812,27,17507,295,183834,2278,201341,2573,2,115,162,1685,110,14659,3,572,134,"Knox County",470313,314.47142647556,0.150553726429213,547.082474862485,58.2590742760672,358.272044361946,15.0553726429213
2020-11-14,16185,306,15400,293,785,13,17212,321,181556,1699,198768,2020,0,113,188,1523,118,14549,7,569,130,"Knox County",470313,342.750466178906,0.157225433526012,429.501204516992,65.0630537535641,323.826898257118,15.7225433526012
2020-11-13,15879,219,15107,200,772,19,16891,190,179857,965,196748,1155,4,113,73,1335,142,14431,6,562,127,"Knox County",470313,351.468064884449,0.156790473490218,245.581134265904,46.5647345491194,283.853518826824,15.6790473490218
2020-11-12,15660,143,14907,130,753,13,16701,136,178892,955,195593,1091,1,109,-3,1262,145,14289,3,556,126,"Knox County",470313,346.577704634998,0.153202830622185,231.97317531091,30.4052832900643,268.331940643784,15.3202830622185
2020-11-11,15517,191,14777,177,740,14,16565,191,177937,1229,194502,1420,3,108,23,1265,165,14144,7,553,124,"Knox County",470313,351.468064884449,0.149284253578732,301.926589313925,40.6112525063096,268.969813719799,14.9284253578732
2020-11-10,15326,168,14600,163,726,5,16374,186,176708,1131,193082,1317,2,105,24,1242,142,13979,4,546,123,"Knox County",470313,334.458116190707,0.142400851743412,280.026280370732,35.7208922568587,264.079453470348,14.2400851743412
2020-11-09,15158,135,14437,121,721,14,16188,131,175577,490,191765,621,1,103,-15,1218,149,13837,2,542,121,"Knox County",470313,305.328579052673,0.142198685888006,132.039726735174,28.7042884206901,258.976468862226,14.2198685888006
2020-11-08,15023,215,14316,203,707,12,16057,252,175087,2625,191144,2877,1,102,94,1233,120,13688,3,540,119,"Knox County",470313,292.783741891039,0.133987239310542,611.720279898706,45.7142371144323,262.165834242302,13.3987239310542
2020-11-07,14808,169,14113,161,695,8,15805,187,172462,1918,188267,2105,1,101,59,1139,109,13568,5,537,114,"Knox County",470313,263.654204753005,0.120253164556962,447.574275004093,35.9335166155305,242.179144527155,12.0253164556962
2020-11-06,14639,155,13952,138,687,17,15618,160,170544,1236,186162,1396,0,100,24,1080,131,13459,5,532,114,"Knox County",470313,250.046245798011,0.114805578645978,296.823604705802,32.9567755941256,229.63430736552,11.4805578645978
2020-11-05,14484,158,13814,142,670,16,15458,151,169308,613,184766,764,1,100,33,1056,124,13328,6,527,111,"Knox County",470313,253.235611178088,0.119809523809524,162.445010025239,33.5946486701409,224.531322757398,11.9809523809524
2020-11-04,14326,145,13672,132,654,13,15307,148,168695,934,184002,1082,-1,99,20,1023,126,13204,5,521,110,"Knox County",470313,243.454890679186,0.119563078134226,230.059556082864,30.8305320074078,217.514718921229,11.9563078134226
2020-11-03,14181,196,13540,183,641,13,15159,195,167761,836,182920,1031,3,100,45,1003,148,13078,5,516,108,"Knox County",470313,249.408372721996,0.123936816524909,219.215713790603,41.6743742996685,213.262231747793,12.3936816524909
2020-11-02,13985,116,13357,110,628,6,14964,115,166925,807,181889,922,1,97,-36,958,151,12930,2,511,107,"Knox County",470313,245.368509907232,0.118699027218237,196.039658695379,24.6644256059263,203.694135607563,11.8699027218237
2020-11-01,13869,124,13247,116,622,8,14849,131,166118,1273,180967,1404,0,96,14,994,110,12779,3,509,105,"Knox County",470313,226.0196932681,0.124885110294118,298.524599575177,26.3654204753005,211.348612519747,12.4885110294118
2020-10-31,13745,5,13131,5,614,0,14718,7,164845,4,179563,11,0,96,-99,980,104,12669,0,506,103,"Knox County",470313,191.149298445929,0.137216338880484,2.33886794538956,1.06312179335889,208.371871498343,13.7216338880484
2020-10-30,13740,156,13126,146,614,10,14711,148,164841,853,179552,1001,1,96,27,1079,128,12565,4,506,102,"Knox County",470313,191.3619228046,0.144006436041834,212.83698303045,33.1693999527974,229.421683006849,14.4006436041834
2020-10-29,13584,152,12980,138,604,14,14563,136,163988,1569,178551,1705,0,95,49,1052,103,12437,4,502,102,"Knox County",470313,190.08617665257,0.122973728339855,362.524531535382,32.3189025181103,223.680825322711,12.2973728339855
2020-10-28,13432,102,12842,95,590,7,14427,102,162419,1055,176846,1157,3,95,-48,1003,147,12334,8,498,101,"Knox County",470313,180.943329229683,0.115336744571982,246.006382983247,21.6876845845214,213.262231747793,11.5336744571982
2020-10-27,13330,119,12747,113,583,6,14325,127,161364,799,175689,926,1,92,-6,1051,124,12187,3,490,100,"Knox County",470313,164.571253611956,0.107493685096829,196.890156130067,25.3022986819416,223.468200964039,10.7493685096829
2020-10-26,13211,81,12634,74,577,7,14198,73,160565,372,174763,445,2,91,-72,1057,151,12063,1,487,98,"Knox County",470313,157.129401058444,0.108888554669875,94.6178396089413,17.222573052414,224.74394711607,10.8888554669875
2020-10-25,13130,132,12560,121,570,11,14125,151,160193,1365,174318,1516,0,89,53,1129,79,11912,3,486,98,"Knox County",470313,158.830395927818,0.110042893063156,322.338527746416,28.0664153446747,240.052900940438,11.0042893063156
2020-10-24,12998,172,12439,167,559,5,13974,202,158828,1789,172802,1991,0,89,56,1076,116,11833,5,483,97,"Knox County",470313,194.338663826005,0.107424779773481,423.33509811551,36.5713896915458,228.783809930833,10.7424779773481
2020-10-23,12826,159,12272,148,554,11,13772,172,157039,1239,170811,1411,1,89,39,1020,119,11717,5,478,96,"Knox County",470313,194.976536902021,0.105234400611955,300.012970085879,33.8072730288127,216.876845845214,10.5234400611955
2020-10-22,12667,182,12124,168,543,14,13600,169,155800,1607,169400,1776,1,88,59,981,122,11598,5,473,96,"Knox County",470313,201.355267662174,0.108002602472349,377.620861001078,38.6976332782636,208.584495857014,10.8002602472349
2020-10-21,12485,72,11956,68,529,4,13431,74,154193,682,167624,756,0,87,-32,922,104,11476,1,468,96,"Knox County",470313,194.976536902021,0.109738124929146,160.744015155864,15.308953824368,196.039658695379,10.9738124929146
2020-10-20,12413,127,11888,121,525,6,13357,150,153511,739,166868,889,0,87,13,954,114,11372,7,467,95,"Knox County",470313,196.677531771395,0.112818761384335,189.023054859211,27.0032935513158,202.843638172876,11.2818761384335
2020-10-19,12286,112,11767,107,519,5,13207,117,152772,939,165979,1056,1,87,-9,941,120,11258,6,460,94,"Knox County",470313,203.26888689022,0.110164981373071,224.531322757398,23.8139281712392,200.079521510143,11.0164981373071
2020-10-18,12174,140,11660,135,514,5,13090,168,151833,1431,164923,1599,0,86,52,950,88,11138,7,454,94,"Knox County",470313,204.969881759594,0.11099388056552,339.986349516173,29.7674102140489,201.993140738189,11.099388056552
2020-10-17,12034,128,11525,125,509,3,12922,154,150402,1458,163324,1612,1,86,42,898,85,11050,3,447,93,"Knox County",470313,195.614409978036,0.110341795801736,342.750466178906,27.2159179099876,190.936674087257,11.0341795801736
2020-10-16,11906,72,11400,71,506,1,12768,61,148944,390,161712,451,1,85,-26,856,97,10965,3,444,92,"Knox County",470313,177.116090773591,0.109718638653397,95.893585760972,15.308953824368,182.006451023042,10.9718638653397
2020-10-15,11834,74,11329,62,505,12,12707,66,148554,941,161261,1007,1,84,-56,882,129,10868,3,441,90,"Knox County",470313,154.152660037039,0.10719131614654,214.112729182481,15.7342025417116,187.534684348508,10.719131614654
2020-10-14,11760,149,11267,143,493,6,12641,150,147613,1086,160254,1236,0,83,58,938,91,10739,5,438,88,"Knox County",470313,170.524735654766,0.11031847133758,262.803707318318,31.6810294420949,199.441648434128,11.031847133758
2020-10-13,11611,71,11124,68,487,3,12491,63,146527,581,159018,644,1,83,-36,880,106,10648,6,433,88,"Knox County",470313,158.617771569146,0.102432610124918,136.930086984625,15.0963294656962,187.109435631165,10.2432610124918
2020-10-12,11540,79,11056,66,484,13,12428,87,145946,806,158374,893,0,82,-42,916,121,10542,5,427,87,"Knox County",470313,151.601167732978,0.100644987906477,189.873552293898,16.7973243350705,194.763912543349,10.0644987906477
2020-10-11,11461,170,10990,163,471,7,12341,179,145140,1612,157481,1791,0,82,94,958,76,10421,8,422,85,"Knox County",470313,157.979898493131,0.0995546240503013,380.810226381155,36.1461409742023,203.694135607563,9.95546240503013
2020-10-10,11291,130,10827,122,464,8,12162,132,143528,1393,155690,1525,0,82,46,864,84,10345,3,414,85,"Knox County",470313,158.405147210475,0.0977872002120048,324.252146974462,27.6411666273312,183.707445892416,9.77872002120048
2020-10-09,11161,120,10705,118,456,2,12030,134,142135,1336,154165,1470,0,82,34,818,86,10261,3,411,85,"Knox County",470313,168.61111642672,0.0946766285314032,312.557807247514,25.5149230406134,173.926725393515,9.46766285314032
2020-10-08,11041,110,10587,102,454,8,11896,103,140799,943,152695,1046,1,82,33,784,76,10175,4,408,85,"Knox County",470313,176.265593338904,0.0985473561882626,222.40507917068,23.3886794538956,166.697497198674,9.85473561882626
2020-10-07,10931,104,10485,88,446,16,11793,95,139856,1650,151649,1745,0,81,11,751,93,10099,5,404,85,"Knox County",470313,166.697497198674,0.087008997147246,371.029505882253,22.1129333018649,159.680893362505,8.7008997147246
2020-10-06,10827,115,10397,102,430,13,11698,114,138206,1393,149904,1507,0,81,3,740,112,10006,4,399,84,"Knox County",470313,176.052968980232,0.0845945675052621,320.42490851837,24.4518012472545,157.342025417116,8.45945675052621
2020-10-05,10712,118,10295,109,417,9,11584,123,136813,1238,148397,1361,0,81,11,737,107,9894,5,395,84,"Knox County",470313,184.345318968432,0.0842508377213978,289.38175215229,25.0896743232698,156.7041523411,8.42508377213978
2020-10-04,10594,96,10186,89,408,7,11461,99,135575,1827,147036,1926,1,81,31,726,64,9787,2,390,82,"Knox County",470313,168.61111642672,0.0756143667296786,409.514514801845,20.4119384324907,154.365284395711,7.56143667296786
2020-10-03,10498,77,10097,76,401,1,11362,92,133748,1864,145110,1956,0,80,6,695,71,9723,2,388,82,"Knox County",470313,157.342025417116,0.0690218872037054,415.893245561998,16.3720756177269,147.773929276886,6.90218872037054
2020-10-02,10421,82,10021,79,400,3,11270,82,131884,602,143154,684,0,80,-17,689,99,9652,1,386,82,"Knox County",470313,149.262299787588,0.0692420537897311,145.435061331496,17.4351974110858,146.498183124855,6.92420537897311
2020-10-01,10339,71,9942,68,397,3,11188,73,131282,683,142470,756,0,80,2,706,69,9553,1,385,82,"Knox County",470313,140.969949799389,0.0682435832913941,160.744015155864,15.0963294656962,150.112797222275,6.82435832913941
2020-09-30,10268,75,9874,72,394,3,11115,70,130599,675,141714,745,1,80,-32,704,106,9484,2,384,82,"Knox County",470313,134.803843397907,0.0730833799664242,158.405147210475,15.9468269003834,149.687548504932,7.30833799664242
2020-09-29,10193,80,9802,75,391,5,11045,87,129924,1140,140969,1227,-1,79,-16,736,97,9378,2,382,82,"Knox County",470313,127.361990844395,0.0723281340265742,260.890088090272,17.0099486937423,156.491527982429,7.23281340265742
2020-09-28,10113,57,9727,51,386,6,10958,49,128784,431,139742,480,1,80,-70,752,126,9281,3,380,81,"Knox County",470313,114.391904965417,0.0710059171597633,102.059692162454,12.1195884442914,159.893517721177,7.10059171597633
2020-09-27,10056,72,9676,67,380,5,10909,79,128353,978,139262,1057,0,79,-18,822,90,9155,3,377,79,"Knox County",470313,109.288920357294,0.0770456191165822,224.74394711607,15.308953824368,174.777222828202,7.70456191165822
2020-09-26,9984,126,9609,121,375,5,10830,136,127375,2087,138205,2223,4,79,8,840,114,9065,5,374,79,"Knox County",470313,119.707513932211,0.0803123257110987,472.663949327363,26.790669192644,178.604461284294,8.03123257110987
2020-09-25,9858,101,9488,100,370,1,10694,103,125288,1439,135982,1542,0,75,-4,832,105,8951,1,369,79,"Knox County",470313,123.747376746975,0.074346201743462,327.866761071882,21.4750602258496,176.903466414919,7.4346201743462
2020-09-24,9757,92,9388,89,369,3,10591,105,123849,1718,134440,1823,0,75,-52,836,144,8846,3,368,76,"Knox County",470313,128.212488279082,0.0691436737385951,387.614205858652,19.5614409978036,177.753963849607,6.91436737385951
2020-09-23,9665,53,9299,52,366,1,10486,49,122131,432,132617,481,2,75,-123,888,174,8702,2,365,76,"Knox County",470313,123.534752388303,0.0688327861428733,102.272316521125,11.2690910096042,188.810430500539,6.88327861428733
2020-09-22,9612,82,9247,75,365,7,10437,88,121699,1140,132136,1228,1,73,-53,1011,134,8528,3,363,76,"Knox County",470313,123.960001105647,0.0689381933438986,261.102712448944,17.4351974110858,214.963226617168,6.89381933438986
2020-09-21,9530,34,9172,30,358,4,10349,32,120559,379,130908,411,0,72,-103,1064,137,8394,2,360,76,"Knox County",470313,119.069640856196,0.0675413576725613,87.3886114141008,7.22922819484046,226.232317626772,6.75413576725613
2020-09-20,9496,97,9142,78,354,19,10317,88,120180,707,130497,795,0,72,-17,1167,114,8257,1,358,76,"Knox County",470313,124.38524982299,0.0706809361401858,169.036365144064,20.6245627911625,248.132626569965,7.06809361401858
2020-09-19,9399,132,9064,129,335,3,10229,136,119473,1466,129702,1602,1,72,31,1184,100,8143,5,357,74,"Knox County",470313,125.660995975021,0.0762496828216189,340.624222592189,28.0664153446747,251.747240667385,7.62496828216189
2020-09-18,9267,118,8935,114,332,4,10093,129,118007,1606,128100,1735,3,71,-16,1153,131,8043,3,352,74,"Knox County",470313,129.275610072441,0.0776470588235294,368.903262295535,25.0896743232698,245.15588554856,7.76470588235294
2020-09-17,9149,126,8821,119,328,7,9964,124,116401,1516,126365,1640,0,68,-15,1169,141,7912,6,349,74,"Knox County",470313,136.504838267282,0.0818550430816016,348.703948221716,26.790669192644,248.557875287309,8.18550430816016
2020-09-16,9023,99,8702,77,321,22,9840,117,114885,768,124725,885,1,68,-91,1184,189,7771,3,343,72,"Knox County",470313,146.285558766183,0.0860655737704918,188.172557424524,21.049811508506,251.747240667385,8.60655737704918
2020-09-15,8924,132,8625,126,299,6,9723,136,114117,1338,123840,1474,0,67,-65,1275,197,7582,3,340,71,"Knox County",470313,156.916776699772,0.089206274877078,313.408304682201,28.0664153446747,271.096057306517,8.9206274877078
2020-09-14,8792,127,8499,124,293,3,9587,136,112779,902,122366,1038,0,67,-68,1340,195,7385,5,337,71,"Knox County",470313,176.690842056248,0.0944486857890719,220.704084301306,27.0032935513158,284.916640620183,9.44486857890719
2020-09-13,8665,143,8375,136,290,7,9451,148,111877,1008,121328,1156,0,67,-8,1408,151,7190,0,332,71,"Knox County",470313,186.471562555149,0.0971668415529906,245.793758624576,30.4052832900643,299.375097009864,9.71668415529906
2020-09-12,8522,130,8239,123,283,7,9303,141,110869,1177,120172,1318,1,67,29,1416,100,7039,1,332,71,"Knox County",470313,186.046313837806,0.100692191217824,280.238904729404,27.6411666273312,301.076091879238,10.0692191217824
2020-09-11,8392,104,8116,95,276,9,9162,106,109692,773,118854,879,0,66,-17,1387,121,6939,5,331,69,"Knox County",470313,183.069572816401,0.108224076281287,186.896811272493,22.1129333018649,294.909985477756,10.8224076281287
2020-09-10,8288,192,8021,189,267,3,9056,192,108919,1501,117975,1693,0,66,89,1404,103,6818,5,326,67,"Knox County",470313,197.102780488738,0.115598720833827,359.97303923132,40.8238768649814,298.524599575177,11.5598720833827
2020-09-09,8096,91,7832,82,264,9,8864,93,107418,1710,116282,1803,0,66,-23,1315,114,6715,2,321,67,"Knox County",470313,195.401785619364,0.101698536481145,383.361718685216,19.3488166391318,279.601031653388,10.1698536481145
2020-09-08,8005,126,7750,124,255,2,8771,133,105708,702,114479,835,1,66,30,1338,95,6601,8,319,67,"Knox County",470313,194.126039467333,0.108805319880761,177.541339490935,26.790669192644,284.491391902839,10.8805319880761
2020-09-07,7879,95,7626,92,253,3,8638,98,105006,347,113644,445,1,65,11,1308,83,6506,0,311,67,"Knox County",470313,187.322059989837,0.112067905031369,94.6178396089413,20.1993140738189,278.112661142686,11.2067905031369
2020-09-06,7784,96,7534,92,250,4,8540,94,104659,476,113199,570,0,64,23,1297,73,6423,1,311,67,"Knox County",470313,177.328715132263,0.113615272438022,121.195884442914,20.4119384324907,275.773793197296,11.3615272438022
2020-09-05,7688,284,7442,282,246,2,8446,295,104183,1506,112629,1801,0,64,215,1274,69,6350,4,310,64,"Knox County",470313,210.072866367717,0.125965611761774,382.936469967872,60.385317862785,270.883432947845,12.5965611761774
2020-09-04,7404,93,7160,89,244,4,8151,97,102677,565,110828,662,1,64,16,1059,76,6281,0,306,64,"Knox County",470313,207.733998422327,0.12831348444103,140.757325440717,19.7740653564754,225.169195833413,12.831348444103
2020-09-03,7311,190,7071,184,240,6,8054,198,102112,1798,110166,1996,2,63,107,1043,81,6205,6,306,64,"Knox County",470313,207.308749704984,0.124260355029586,424.398219908869,40.3986281476379,221.767206094665,12.4260355029586
2020-09-02,7121,124,6887,120,234,4,7856,121,100314,1461,108170,1582,2,61,40,936,82,6124,5,300,63,"Knox County",470313,214.325353541152,0.131288810036751,336.371735418753,26.3654204753005,199.016399716784,13.1288810036751
2020-09-01,6997,153,6767,146,230,7,7735,158,98853,660,106588,818,2,59,64,896,87,6042,4,295,62,"Knox County",470313,220.06621122529,0.134747269494539,173.926725393515,32.5315268767821,190.511425369913,13.4747269494539
2020-08-31,6844,99,6621,93,223,6,7577,94,98193,431,105770,525,0,57,18,832,81,5955,3,291,59,"Knox County",470313,220.916708659978,0.132889112396279,111.627788302684,21.049811508506,176.903466414919,13.2889112396279
2020-08-30,6745,72,6528,71,217,1,7483,76,97762,423,105245,499,1,57,5,814,66,5874,1,288,59,"Knox County",470313,215.813724051855,0.131802613218318,106.099554977217,15.308953824368,173.076227958827,13.1802613218318
2020-08-29,6673,118,6457,113,216,5,7407,125,97339,1391,104746,1516,5,56,37,809,76,5808,3,287,57,"Knox County",470313,180.51808051234,0.114372203211371,322.338527746416,25.0896743232698,172.013106165469,11.4372203211371
2020-08-28,6555,89,6344,85,211,4,7282,91,95948,309,103230,400,0,51,-7,772,96,5732,3,284,57,"Knox County",470313,179.667583077653,0.117639040348964,85.0497434687113,18.9235679217883,164.146004894613,11.7639040348964
2020-08-27,6466,116,6259,112,207,4,7191,134,95639,1987,102830,2121,0,51,24,779,92,5636,2,281,57,"Knox County",470313,163.933380535941,0.107090202385739,450.976264742841,24.6644256059263,165.634375405315,10.7090202385739
2020-08-26,6350,77,6147,76,203,1,7057,86,93652,794,100709,880,0,51,-15,755,92,5544,3,279,56,"Knox County",470313,153.940035678367,0.113034472555112,187.109435631165,16.3720756177269,160.531390797193,11.3034472555112
2020-08-25,6273,87,6071,82,202,5,6971,96,92858,896,99829,992,2,51,-6,770,91,5452,3,276,55,"Knox County",470313,139.90682800603,0.101254868022501,210.923363802404,18.4983192044447,163.720756177269,10.1254868022501
2020-08-24,6186,32,5989,28,197,4,6875,29,91962,261,98837,290,0,49,-66,776,98,5361,1,273,55,"Knox County",470313,125.660995975021,0.0951030158256196,61.6610640148157,6.8039794774969,164.9965023293,9.51030158256196
2020-08-23,6154,76,5961,75,193,1,6846,74,91701,566,98547,640,0,49,13,842,63,5263,3,272,55,"Knox County",470313,126.511493409708,0.0928498318467612,136.079589549938,16.1594512590551,179.029710001637,9.28498318467612
2020-08-22,6078,137,5886,136,192,1,6772,154,91135,1892,97907,2046,0,49,70,829,67,5200,4,269,55,"Knox County",470313,130.551356224472,0.0901072058623965,435.029437842458,29.1295371380336,176.265593338904,9.01072058623965
2020-08-21,5941,30,5750,30,191,0,6618,41,89243,262,95861,303,1,49,-62,759,91,5133,1,265,55,"Knox County",470313,118.006519062837,0.0844334433443344,64.4251806775488,6.37873076015334,161.38188823188,8.44334433443344
2020-08-20,5911,119,5720,117,191,2,6577,130,88981,2068,95558,2198,3,48,24,821,92,5042,3,264,55,"Knox County",470313,118.644392138852,0.0830044904068581,467.348340360568,25.3022986819416,174.56459846953,8.30044904068581
2020-08-19,5792,46,5603,41,189,5,6447,48,86913,608,93360,656,2,45,-50,797,94,4950,4,261,55,"Knox County",470313,112.053037020027,0.080280701754386,139.481579288686,9.7807204989018,169.461613861407,8.0280701754386
2020-08-18,5746,134,5562,132,184,2,6399,152,86305,1164,92704,1316,0,43,3,847,131,4856,4,257,55,"Knox County",470313,122.046381877601,0.0843066183380319,279.81365601206,28.4916640620183,180.092831794996,8.43066183380319
2020-08-17,5612,50,5430,42,182,8,6247,50,85141,289,91388,339,1,43,-70,844,119,4725,0,253,54,"Knox County",470313,125.873620333693,0.0865564150440117,72.0796575897328,10.6312179335889,179.454958718981,8.65564150440117
2020-08-16,5562,83,5388,78,174,5,6197,82,84852,587,91049,669,0,42,11,914,72,4606,1,253,53,"Knox County",470313,127.361990844395,0.0872857712235951,142.24569595142,17.6478217697576,194.338663826005,8.72857712235951
2020-08-15,5479,119,5310,116,169,3,6115,132,84265,1223,90380,1355,1,42,42,903,76,4534,2,252,52,"Knox County",470313,123.534752388303,0.0928905792861322,288.106006000259,25.3022986819416,191.999795880616,9.28905792861323
2020-08-14,5360,91,5194,83,166,8,5983,96,83042,1024,89025,1120,0,41,5,861,86,4458,2,250,52,"Knox County",470313,136.504838267282,0.0901607212857703,238.139281712392,19.3488166391318,183.069572816401,9.01607212857703
2020-08-13,5269,127,5111,126,158,1,5887,229,82018,1778,87905,2007,1,41,13,856,113,4372,4,248,51,"Knox County",470313,138.205833136656,0.105735727686947,426.737087854259,27.0032935513158,182.006451023042,10.5735727686947
2020-08-12,5142,79,4985,72,157,7,5658,88,80240,892,85898,980,0,40,-40,843,119,4259,1,244,50,"Knox County",470313,145.222436972824,0.106473156948369,208.371871498343,16.7973243350705,179.242334360309,10.6473156948369
2020-08-11,5063,111,4913,108,150,3,5570,117,79348,1121,84918,1238,0,40,2,883,109,4140,5,243,50,"Knox County",470313,140.332076723374,0.103009859885833,263.228956035661,23.6013038125674,187.74730870718,10.3009859885833
2020-08-10,4952,37,4805,35,147,2,5453,35,78227,365,83680,400,1,40,-94,881,130,4031,0,238,48,"Knox County",470313,137.56796006064,0.100270305058566,85.0497434687113,7.86710127085579,187.322059989837,10.0270305058566
2020-08-09,4915,85,4770,81,145,4,5418,109,77862,826,83280,935,1,39,25,975,59,3901,4,238,48,"Knox County",470313,137.993208777984,0.10031113876789,198.803775358113,18.0730704871011,207.308749704984,10.031113876789
2020-08-08,4830,157,4689,156,141,1,5309,176,77036,2284,82345,2460,1,38,96,950,60,3842,4,234,47,"Knox County",470313,146.072934407512,0.0929978118161926,523.055922332574,33.3820243114692,201.993140738189,9.29978118161926
2020-08-07,4673,50,4533,46,140,4,5133,44,74752,403,79885,447,0,37,-35,854,85,3782,0,230,45,"Knox County",470313,137.355335701969,0.0942482579426007,95.0430883262848,10.6312179335889,181.581202305699,9.42482579426007
2020-08-06,4623,113,4487,105,136,8,5089,121,74349,1463,79438,1584,-1,37,41,889,73,3697,5,230,43,"Knox County",470313,134.378594680564,0.0857782197911487,336.796984136097,24.0265525299109,189.023054859211,8.57782197911487
2020-08-05,4510,99,4382,99,128,0,4968,100,72886,1107,77854,1207,1,38,-1,848,99,3624,3,225,42,"Knox County",470313,138.631081853999,0.0848748639825898,256.637600916836,21.049811508506,180.305456153668,8.48748639825898
2020-08-04,4411,112,4283,111,128,1,4868,106,71779,1082,76647,1188,1,37,-31,849,142,3525,9,222,41,"Knox County",470313,138.843706212671,0.0840530349105948,252.597738102072,23.8139281712392,180.51808051234,8.40530349105948
2020-08-03,4299,50,4172,50,127,0,4762,81,70697,593,75459,674,2,36,-59,880,107,3383,1,213,41,"Knox County",470313,141.607822875404,0.0867569158328429,143.308817744778,10.6312179335889,187.109435631165,8.67569158328429
2020-08-02,4249,97,4122,91,127,6,4681,95,70104,692,74785,787,3,34,28,939,66,3276,2,212,40,"Knox County",470313,144.159315179466,0.0866179465676291,167.335370274689,20.6245627911625,199.6542727928,8.66179465676291
2020-08-01,4152,118,4031,110,121,8,4586,118,69412,1417,73998,1535,1,31,29,911,88,3210,1,210,40,"Knox County",470313,135.866965191266,0.0895984909727836,326.37839056118,25.0896743232698,193.70079074999,8.95984909727836
2020-07-31,4034,117,3921,114,113,3,4468,116,67995,1060,72463,1176,2,30,9,882,106,3122,1,209,39,"Knox County",470313,150.112797222275,0.0904183535762483,250.046245798011,24.877049964598,187.534684348508,9.04183535762483
2020-07-30,3917,189,3807,186,110,3,4352,227,66935,2420,71287,2647,1,28,78,873,110,3016,7,208,36,"Knox County",470313,166.272248481331,0.0914912090297374,562.816677404197,40.1860037889661,185.621065120462,9.14912090297373
2020-07-29,3728,75,3621,70,107,5,4125,60,64515,438,68640,498,0,27,-40,795,115,2906,3,201,34,"Knox County",470313,161.169263873208,0.0944150499706055,105.886930618546,15.9468269003834,169.036365144064,9.44150499706055
2020-07-28,3653,154,3551,152,102,2,4065,187,64077,1211,68142,1398,1,27,46,835,107,2791,3,198,30,"Knox County",470313,170.099486937423,0.101434308663224,297.248853423146,32.7441512354538,177.541339490935,10.1434308663224
2020-07-27,3499,83,3399,76,100,7,3878,85,62866,677,66744,762,3,26,-36,789,116,2684,2,195,30,"Knox County",470313,177.116090773591,0.100874701806202,162.019761307895,17.6478217697576,167.760618992033,10.0874701806202
2020-07-26,3416,118,3323,113,93,5,3793,132,62189,1473,65982,1605,0,23,49,825,69,2568,2,193,29,"Knox County",470313,181.581202305699,0.0961438519904376,341.262095668204,25.0896743232698,175.415095904217,9.61438519904376
2020-07-25,3298,175,3210,171,88,4,3661,197,60716,1949,64377,2146,2,23,95,776,78,2499,3,191,28,"Knox County",470313,193.70079074999,0.098123534010946,456.291873709636,37.2092627675612,164.9965023293,9.8123534010946
2020-07-24,3123,106,3039,99,84,7,3464,113,58767,916,62231,1029,0,21,-15,681,121,2421,4,188,25,"Knox County",470313,191.3619228046,0.0992563212692117,218.79046507326,22.5381820192085,144.797188255481,9.92563212692117
2020-07-23,3017,205,2940,197,77,8,3351,254,57851,2389,61202,2643,0,21,89,696,116,2300,4,184,25,"Knox County",470313,194.763912543349,0.10197401051483,561.96617996951,43.5879935277145,147.986553635558,10.197401051483
2020-07-22,2812,69,2743,61,69,8,3097,63,55462,437,58559,500,3,21,-68,607,134,2184,3,180,24,"Knox County",470313,193.488166391318,0.102251314093028,106.312179335889,14.6710807483527,129.062985713769,10.2251314093028
2020-07-21,2743,232,2682,228,61,4,3034,280,55025,1691,58059,1971,0,18,120,675,112,2050,12,177,24,"Knox County",470313,210.072866367717,0.10548048048048,419.082610942075,49.3288512118525,143.52144210345,10.548048048048
2020-07-20,2511,74,2454,70,57,4,2754,57,53334,364,56088,421,0,18,-59,555,133,1938,4,165,23,"Knox County",470313,208.159247139671,0.106253029568589,89.5148550008186,15.7342025417116,118.006519062837,10.6253029568589
2020-07-19,2437,84,2384,74,53,10,2697,74,52970,578,55667,652,0,18,-16,614,100,1805,0,161,22,"Knox County",470313,200.93001894483,0.110873744926298,138.631081853999,17.8604461284294,130.551356224472,11.0873744926298
2020-07-18,2353,112,2310,109,43,3,2623,146,52392,2258,55015,2404,1,18,36,630,75,1705,8,161,20,"Knox County",470313,187.534684348508,0.102598752598753,511.148958246955,23.8139281712392,133.95334596322,10.2598752598753
2020-07-17,2241,74,2201,73,40,1,2477,80,50134,347,52611,427,0,17,3,594,71,1630,6,153,19,"Knox County",470313,180.730704871011,0.105788423153693,90.7906011528493,15.7342025417116,126.298869051036,10.5788423153693
2020-07-16,2167,187,2128,185,39,2,2397,228,49787,2035,52184,2263,2,17,97,591,88,1559,3,147,17,"Knox County",470313,176.903466414919,0.107432275989812,481.168923674234,39.7607550716225,125.660995975021,10.7432275989812
2020-07-15,1980,78,1943,78,37,0,2169,80,47752,511,49921,591,3,15,-14,494,89,1471,4,144,17,"Knox County",470313,178.817085642965,0.108259823576584,125.660995975021,16.5846999763987,105.036433183858,10.8259823576584
2020-07-14,1902,95,1865,94,37,1,2089,127,47241,777,49330,904,2,12,12,508,81,1382,1,140,16,"Knox County",470313,149.687548504932,0.103367267032106,192.212420239287,20.1993140738189,108.013174205263,10.3367267032106
2020-07-13,1807,94,1771,92,36,2,1962,59,46464,655,48426,714,1,10,20,496,73,1301,2,139,15,"Knox County",470313,153.940035678367,0.0998114393463231,151.81379209165,19.9866897151471,105.461681901202,9.98114393463231
2020-07-12,1713,69,1679,67,34,2,1903,87,45809,916,47712,1003,0,9,27,476,42,1228,4,137,12,"Knox County",470313,150.750670298291,0.097158680471948,213.262231747793,14.6710807483527,101.209194727766,9.7158680471948
2020-07-11,1644,28,1612,27,32,1,1816,36,44893,883,46709,919,0,9,-16,449,44,1186,2,133,11,"Knox County",470313,132.890224169861,0.10218443043542,195.401785619364,5.95348204280979,95.4683370436284,10.218443043542
2020-07-10,1616,78,1585,74,31,4,1780,68,44010,418,45790,486,0,9,29,465,49,1142,6,131,10,"Knox County",470313,133.740721604548,0.0995639534883721,103.335438314484,16.5846999763987,98.8703267823768,9.95639534883721
2020-07-09,1538,70,1511,66,27,4,1712,88,43592,1653,45304,1741,0,9,23,436,47,1093,8,125,10,"Knox County",470313,108.86367163995,0.0857187794904058,370.179008447566,14.8837051070245,92.7042203808953,8.57187794904058
2020-07-08,1468,70,1445,65,23,5,1624,63,41939,594,43563,657,1,9,15,413,54,1046,5,117,10,"Knox County",470313,107.162676770576,0.0821917808219178,139.694203647358,14.8837051070245,87.8138601314444,8.21917808219178
2020-07-07,1398,79,1380,79,18,0,1561,104,41345,1305,42906,1409,0,8,38,398,41,992,7,112,10,"Knox County",470313,103.760687031828,0.0728820897676432,299.587721368535,16.7973243350705,84.6244947513677,7.28820897676432
2020-07-06,1319,35,1301,35,18,0,1457,34,40040,658,41497,692,1,8,-19,360,53,951,6,105,9,"Knox County",470313,91.2158498701928,0.0694947155060084,147.13605620087,7.44185255351224,76.5447691218401,6.94947155060084
2020-07-05,1284,77,1266,77,18,0,1423,109,39382,1081,40805,1190,2,7,34,379,41,898,6,99,9,"Knox County",470313,92.9168447395671,0.0707640259374119,253.022986819416,16.3720756177269,80.5846319366039,7.07640259374119
2020-07-04,1207,41,1189,40,18,1,1314,50,38301,1141,39615,1191,0,5,4,345,37,857,1,93,8,"Knox County",470313,95.6809614023002,0.0700515883790388,253.235611178088,8.7175987055429,73.3554037417635,7.00515883790388
2020-07-03,1166,62,1149,61,17,1,1264,49,37160,910,38424,959,0,5,27,341,35,820,4,92,6,"Knox County",470313,92.2789716635517,0.0634009439979589,203.906759966235,13.1827102376502,72.5049063070764,6.34009439979589
2020-07-02,1104,68,1088,68,16,0,1215,102,36250,1228,37465,1330,0,5,33,314,35,785,2,88,6,"Knox County",470313,91.8537229462082,0.0687937533656435,282.790397033465,14.4584563896809,66.7640486229383,6.87937533656435
2020-07-01,1036,49,1020,49,16,0,1113,34,35022,737,36135,771,0,5,25,281,24,750,4,86,6,"Knox County",470313,87.3886114141008,0.0639087775125961,163.933380535941,10.4185935749171,59.7474447867697,6.39087775125961
2020-06-30,987,40,971,39,16,1,1079,73,34285,1514,35364,1587,0,5,18,256,22,726,3,82,5,"Knox County",470313,79.0962614259015,0.058419689119171,337.434857212112,8.50497434687113,54.4318358199752,5.8419689119171
2020-06-29,947,51,932,51,15,0,1006,79,32771,1333,33777,1412,0,5,20,238,31,704,3,79,5,"Knox County",470313,82.4982511646499,0.0587677725118483,300.225594444551,10.8438422922607,50.6045973638832,5.87677725118483
2020-06-28,896,10,881,10,15,0,927,30,31438,684,32365,714,0,5,-5,218,15,673,1,76,5,"Knox County",470313,68.2524191336408,0.0523606228026118,151.81379209165,2.12624358671778,46.3521101904476,5.23606228026117
2020-06-27,886,29,871,29,15,0,897,16,30754,111,31651,127,0,5,18,223,11,658,3,75,5,"Knox County",470313,65.7009268295794,0.0555072463768116,27.0032935513158,6.16610640148157,47.4152319838065,5.55072463768116
2020-06-26,857,37,842,37,15,0,881,14,30643,319,31524,333,0,5,17,205,20,647,8,72,5,"Knox County",470313,60.385317862785,0.0554670066942939,70.8039114377021,7.86710127085579,43.5879935277145,5.54670066942939
2020-06-25,820,32,805,32,15,0,867,52,30324,702,31191,754,0,5,13,188,19,627,1,64,5,"Knox County",470313,52.730840950601,0.0522990522990523,160.318766438521,6.8039794774969,39.9733794302943,5.22990522990523
2020-06-24,788,35,773,34,15,1,815,32,29622,272,30437,304,0,5,22,175,13,608,1,63,5,"Knox County",470313,49.7540999291961,0.0565857388644619,64.6378050362206,7.44185255351224,37.2092627675612,5.65857388644619
2020-06-23,753,27,739,24,14,3,783,25,29350,216,30133,241,0,5,18,153,9,595,4,62,5,"Knox County",470313,46.989983266463,0.0638352638352638,51.2424704398985,5.74085768413801,32.5315268767821,6.38352638352638
2020-06-22,726,36,715,36,11,0,758,31,29134,572,29892,603,0,5,20,135,16,586,0,58,5,"Knox County",470313,43.8006178863863,0.0650195058517555,128.212488279082,7.65447691218401,28.7042884206901,6.50195058517555
2020-06-21,690,31,679,31,11,0,727,37,28562,815,29289,852,0,5,16,115,15,570,1,58,5,"Knox County",470313,48.2657294184936,0.0644057249533292,181.155953588355,6.59135511882512,24.4518012472545,6.44057249533292
2020-06-20,659,17,648,17,11,0,690,9,27747,437,28437,446,0,5,11,99,6,555,2,57,5,"Knox County",470313,45.7142371144323,0.0566091140673648,94.8304639676131,3.61461409742023,21.049811508506,5.66091140673648
2020-06-19,642,30,631,28,11,2,681,10,27310,334,27991,344,0,5,8,88,22,549,1,55,5,"Knox County",470313,44.2258666037299,0.0553047404063205,73.1427793830917,6.37873076015334,18.7109435631165,5.53047404063205
2020-06-18,612,15,603,15,9,0,671,18,26976,804,27647,822,0,5,2,80,13,527,0,54,5,"Knox County",470313,40.6112525063096,0.0448504983388704,174.777222828202,3.18936538007667,17.0099486937423,4.48504983388704
2020-06-17,597,17,588,17,9,0,653,13,26172,282,26825,295,0,5,-3,78,20,514,0,54,5,"Knox County",470313,36.7840140502176,0.0396891479322787,62.7241858081746,3.61461409742023,16.5846999763987,3.96891479322787
2020-06-16,580,9,571,8,9,1,640,9,25890,178,26530,187,0,5,-2,81,11,494,0,54,5,"Knox County",470313,32.9567755941256,0.0357847280924204,39.7607550716225,1.913619228046,17.222573052414,3.57847280924204
2020-06-15,571,8,563,8,8,0,631,9,25712,218,26343,227,0,5,-5,83,13,483,0,54,5,"Knox County",470313,27.0032935513158,0.0330917113142137,48.2657294184936,1.70099486937423,17.6478217697576,3.30917113142137
2020-06-14,563,8,555,8,8,0,622,9,25494,624,26116,633,0,5,4,88,4,470,0,54,5,"Knox County",470313,22.1129333018649,0.0260663507109005,134.591219039236,1.70099486937423,18.7109435631165,2.60663507109005
2020-06-13,555,10,547,8,8,2,613,9,24870,213,25483,222,0,5,0,84,10,466,3,54,5,"Knox County",470313,20.6245627911625,0.0282051282051282,47.2026076251348,2.12624358671778,17.8604461284294,2.82051282051282
2020-06-12,545,19,539,19,6,0,604,19,24657,750,25261,769,0,5,1,84,18,456,0,51,5,"Knox County",470313,18.2856948457729,0.0272583201267829,163.508131818597,4.03986281476378,17.8604461284294,2.72583201267829
2020-06-11,526,7,520,7,6,0,585,10,23907,379,24492,389,0,5,1,83,6,438,2,51,5,"Knox County",470313,16.5846999763987,0.0286554004408523,82.7108755233217,1.48837051070245,17.6478217697576,2.86554004408523
2020-06-10,519,12,513,12,6,0,575,12,23528,706,24103,718,0,5,-6,82,18,432,0,49,5,"Knox County",470313,15.5215781830398,0.024483306836248,152.664289526337,2.55149230406134,17.4351974110858,2.4483306836248
2020-06-09,507,16,501,16,6,0,563,19,22822,508,23385,527,0,5,5,88,11,414,1,49,5,"Knox County",470313,17.0099486937423,0.0249641319942611,112.053037020027,3.40198973874845,18.7109435631165,2.49641319942611
2020-06-08,491,8,485,8,6,0,544,8,22314,336,22858,344,0,5,4,83,4,403,1,48,5,"Knox County",470313,17.0099486937423,0.0238756246529706,73.1427793830917,1.70099486937423,17.6478217697576,2.38756246529706
2020-06-07,483,7,477,7,6,0,536,8,21978,851,22514,859,0,5,0,79,7,399,1,47,5,"Knox County",470313,16.7973243350705,0.0222048066875653,182.644324099057,1.48837051070245,16.7973243350705,2.22048066875653
2020-06-06,476,11,470,11,6,0,528,12,21127,478,21655,490,0,5,5,79,6,392,0,46,5,"Knox County",470313,17.0099486937423,0.021484375,104.185935749171,2.33886794538956,16.7973243350705,2.1484375
2020-06-05,465,18,459,18,6,0,516,17,20649,518,21165,535,0,5,7,74,11,386,1,46,5,"Knox County",470313,16.7973243350705,0.0222682547902641,113.754031889401,3.82723845609201,15.7342025417116,2.22682547902641
2020-06-04,447,4,441,4,6,0,499,4,20131,338,20630,342,0,5,-1,67,5,375,0,45,5,"Knox County",470313,16.1594512590551,0.0209698558322412,72.7175306657481,0.850497434687113,14.2458320310091,2.09698558322412
2020-06-03,443,4,437,4,6,0,495,4,19793,399,20288,403,0,5,-3,68,7,370,0,45,5,"Knox County",470313,14.4584563896809,0.0205714285714286,85.6876165447266,0.850497434687113,14.4584563896809,2.05714285714286
2020-06-02,439,26,433,25,6,1,491,24,19394,939,19885,963,0,5,21,71,5,363,2,45,5,"Knox County",470313,16.5846999763987,0.0195630081300813,204.757257400922,5.52823332546623,15.0963294656962,1.95630081300813
2020-06-01,413,17,408,17,5,0,467,20,18455,972,18922,992,0,5,4,50,13,358,0,43,5,"Knox County",470313,18.4983192044447,0.0194153577661431,210.923363802404,3.61461409742023,10.6312179335889,1.94153577661431
2020-05-31,396,7,391,7,5,0,447,7,17483,317,17930,324,0,5,3,46,4,345,0,43,5,"Knox County",470313,18.4983192044447,0.0217337614225735,68.8902922096561,1.48837051070245,9.7807204989018,2.17337614225735
2020-05-30,389,6,384,6,5,0,440,6,17166,294,17606,300,0,5,-1,43,7,341,2,43,5,"Knox County",470313,17.4351974110858,0.0212490282456595,63.7873076015334,1.27574615203067,9.14284742288646,2.12490282456595
2020-05-29,383,8,378,8,5,0,434,7,16872,205,17306,212,0,5,0,44,8,334,0,41,5,"Knox County",470313,15.308953824368,0.0203619909502262,45.076364038417,1.70099486937423,9.35547178155824,2.03619909502262
2020-05-28,375,11,370,11,5,0,427,11,16667,336,17094,347,0,5,7,44,4,326,0,41,5,"Knox County",470313,16.7973243350705,0.022310081897769,73.780652459107,2.33886794538956,9.35547178155824,2.2310081897769
2020-05-27,364,5,359,5,5,0,416,6,16331,420,16747,426,0,5,0,37,5,322,1,41,5,"Knox County",470313,17.0099486937423,0.0227272727272727,90.5779767941775,1.06312179335889,7.86710127085579,2.27272727272727
2020-05-26,359,9,354,9,5,0,410,10,15911,1142,16321,1152,0,5,7,37,2,317,0,40,5,"Knox County",470313,13.395334596322,0.0178523847588596,244.943261189888,1.913619228046,7.86710127085579,1.78523847588596
2020-05-25,350,9,345,9,5,0,400,11,14769,381,15169,392,0,5,5,30,4,315,1,40,5,"Knox County",470313,11.6943397269478,0.018395179194418,83.348748599337,1.913619228046,6.37873076015334,1.8395179194418
2020-05-24,341,2,336,2,5,0,389,3,14388,273,14777,276,0,5,1,25,1,311,0,39,5,"Knox County",470313,10.6312179335889,0.0173913043478261,58.6843229934108,0.425248717343556,5.31560896679445,1.73913043478261
2020-05-23,339,7,334,7,5,0,386,10,14115,360,14501,370,0,5,4,24,3,310,2,39,5,"Knox County",470313,10.8438422922607,0.0182677165354331,78.6710127085579,1.48837051070245,5.10298460812268,1.82677165354331
2020-05-22,332,1,327,1,5,0,376,1,13755,253,14131,254,0,5,-14,20,15,307,0,37,5,"Knox County",470313,9.35547178155824,0.0161641280696301,54.0065871026317,0.212624358671778,4.25248717343556,1.61641280696301
2020-05-21,331,0,326,0,5,0,375,0,13502,250,13877,250,0,5,-1,34,1,292,0,37,5,"Knox County",470313,7.01660383616868,0.0131410256410256,53.1560896679445,0,7.22922819484046,1.31410256410256
2020-05-20,331,7,326,7,5,0,375,7,13252,360,13627,367,0,5,4,35,3,291,0,37,5,"Knox County",470313,7.44185255351224,0.0137210062071219,78.0331396325426,1.48837051070245,7.44185255351224,1.37210062071219
2020-05-19,324,7,319,7,5,0,368,7,12892,369,13260,376,0,5,4,31,3,288,2,37,5,"Knox County",470313,7.01660383616868,0.0170678336980306,79.9467588605886,1.48837051070245,6.59135511882512,1.70678336980306
2020-05-18,317,3,312,3,5,0,361,4,12523,478,12884,482,0,5,0,27,3,285,0,35,5,"Knox County",470313,5.74085768413801,0.0134736842105263,102.484940879797,0.637873076015334,5.74085768413801,1.34736842105263
2020-05-17,314,3,309,3,5,0,357,5,12045,216,12402,221,0,5,1,27,2,282,1,35,5,"Knox County",470313,5.95348204280979,0.0146551724137931,46.989983266463,0.637873076015334,5.74085768413801,1.46551724137931
2020-05-16,311,0,306,0,5,0,352,0,11829,349,12181,349,0,5,-4,26,4,280,0,34,5,"Knox County",470313,4.46511153210734,0.0104393214441061,74.2059011764506,0,5.52823332546623,1.04393214441061
2020-05-15,311,1,306,1,5,0,352,4,11480,541,11832,545,0,5,-4,30,5,276,0,34,5,"Knox County",470313,4.46511153210734,0.0104247104247104,115.880275476119,0.212624358671778,6.37873076015334,1.04247104247104
2020-05-14,310,3,305,3,5,0,348,7,10939,458,11287,465,0,5,0,34,3,271,0,34,5,"Knox County",470313,5.10298460812268,0.0121212121212121,98.8703267823768,0.637873076015334,7.22922819484046,1.21212121212121
2020-05-13,307,7,302,7,5,0,341,5,10481,341,10822,346,0,5,1,34,6,268,0,34,5,"Knox County",470313,5.10298460812268,0.0114942528735632,73.5680281004352,1.48837051070245,7.22922819484046,1.14942528735632
2020-05-12,300,6,295,6,5,0,336,8,10140,401,10476,409,0,5,3,33,3,262,0,34,5,"Knox County",470313,4.8903602494509,0.0117145899893504,86.9633626967573,1.27574615203067,7.01660383616868,1.17145899893504
2020-05-11,294,16,289,16,5,0,328,12,9739,254,10067,266,0,5,9,30,7,259,1,34,5,"Knox County",470313,7.65447691218401,0.015763168012303,56.558079406693,3.40198973874845,6.37873076015334,1.5763168012303
2020-05-10,278,5,273,5,5,0,316,5,9485,221,9801,226,0,5,1,21,4,252,1,33,5,"Knox County",470313,8.07972562952757,0.0157329240214889,48.0531050598219,1.06312179335889,4.46511153210734,1.57329240214889
2020-05-09,273,2,268,2,5,0,311,4,9264,352,9575,356,0,5,-1,20,3,248,0,32,5,"Knox County",470313,8.50497434687113,0.0172215843857635,75.694271687153,0.425248717343556,4.25248717343556,1.72215843857635
2020-05-08,271,3,266,3,5,0,307,4,8912,265,9219,269,0,5,-2,21,5,245,0,32,5,"Knox County",470313,8.93022306421468,0.0192554557124519,57.1959524827083,0.637873076015334,4.46511153210734,1.92554557124519
2020-05-07,268,3,263,3,5,0,303,3,8647,220,8950,223,0,5,-2,23,5,240,0,32,5,"Knox County",470313,8.93022306421468,0.0195704057279236,47.4152319838065,0.637873076015334,4.8903602494509,1.95704057279236
2020-05-06,265,1,260,1,5,0,300,1,8427,185,8727,186,0,5,-7,25,8,235,0,32,5,"Knox County",470313,7.65447691218401,0.0191214470284238,39.5481307129507,0.212624358671778,5.31560896679445,1.91214470284238
2020-05-05,264,4,259,4,5,0,299,5,8242,305,8541,310,0,5,-1,32,5,227,0,32,5,"Knox County",470313,7.22922819484046,0.0185185185185185,65.9135511882512,0.850497434687113,6.8039794774969,1.85185185185185
2020-05-04,260,4,255,4,5,0,294,7,7937,259,8231,266,0,5,-3,33,7,222,0,32,5,"Knox County",470313,4.67773589077912,0.0157952069716776,56.558079406693,0.850497434687113,7.01660383616868,1.57952069716776
2020-05-03,256,7,251,5,5,2,287,6,7678,290,7965,296,0,5,6,36,1,215,2,32,5,"Knox County",470313,5.10298460812268,0.0157397691500525,62.9368101668463,1.48837051070245,7.65447691218401,1.57397691500525
2020-05-02,249,3,246,3,3,0,281,5,7388,308,7669,313,0,5,1,30,2,214,1,30,5,"Knox County",470313,5.31560896679445,0.0166398282340311,66.5514242642666,0.637873076015334,6.37873076015334,1.66398282340311
2020-05-01,246,9,243,8,3,1,276,7,7080,354,7356,361,0,5,4,29,5,212,0,29,5,"Knox County",470313,6.59135511882512,0.0173913043478261,76.7573934805119,1.913619228046,6.16610640148157,1.73913043478261
2020-04-30,237,4,235,4,2,0,269,3,6726,119,6995,122,0,5,-1,25,5,207,0,29,5,"Knox County",470313,6.8039794774969,0.0183387270765912,25.9401717579569,0.850497434687113,5.31560896679445,1.83387270765912
2020-04-29,233,8,231,8,2,0,266,10,6607,671,6873,681,0,5,5,26,3,202,0,29,5,"Knox County",470313,8.29234998819935,0.0183056619838229,144.797188255481,1.70099486937423,5.52823332546623,1.83056619838229
2020-04-28,225,8,223,8,2,0,256,10,5936,391,6192,401,1,5,4,21,3,199,0,29,5,"Knox County",470313,9.14284742288646,0.019672131147541,85.262367827383,1.70099486937423,4.46511153210734,1.9672131147541
2020-04-27,217,2,215,2,2,0,246,4,5545,161,5791,165,0,4,1,17,1,196,0,29,5,"Knox County",470313,8.7175987055429,0.0192389910218042,35.0830191808434,0.425248717343556,3.61461409742023,1.92389910218042
2020-04-26,215,1,213,1,2,0,242,1,5384,172,5626,173,0,4,-2,16,3,195,0,29,4,"Knox County",470313,7.44185255351224,0.0180505415162455,36.7840140502176,0.212624358671778,3.40198973874845,1.80505415162455
2020-04-25,214,0,212,0,2,0,241,0,5212,53,5453,53,0,4,-6,18,6,192,0,29,4,"Knox County",470313,6.8039794774969,0.0178936605316973,11.2690910096042,0,3.82723845609201,1.78936605316973
2020-04-24,214,8,212,8,2,0,241,10,5159,836,5400,846,0,4,5,24,3,186,1,29,4,"Knox County",470313,6.59135511882512,0.0155673904137649,179.880207436324,1.70099486937423,5.10298460812268,1.55673904137648
2020-04-23,206,1,204,1,2,0,231,2,4323,137,4554,139,0,4,0,19,1,183,0,28,4,"Knox County",470313,5.95348204280979,0.0150528885272579,29.5547858553772,0.212624358671778,4.03986281476378,1.50528885272579
2020-04-22,205,5,203,3,2,2,229,2,4186,189,4415,191,0,4,1,19,4,182,0,28,4,"Knox County",470313,5.31560896679445,0.0147357723577236,40.6112525063096,1.06312179335889,4.03986281476378,1.47357723577236
2020-04-21,200,4,200,4,0,0,227,5,3997,475,4224,480,0,4,-2,18,6,178,1,28,4,"Knox County",470313,4.46511153210734,0.0117244748412311,102.059692162454,0.850497434687113,3.82723845609201,1.17244748412311
2020-04-20,196,3,196,3,0,0,222,2,3522,175,3744,177,0,4,-1,20,4,172,1,27,4,"Knox County",470313,4.67773589077912,0.0106847984458475,37.6345114849047,0.637873076015334,4.25248717343556,1.06847984458475
2020-04-19,193,0,193,0,0,0,220,0,3347,72,3567,72,0,4,-4,21,4,168,0,26,4,"Knox County",470313,4.46511153210734,0.0107252298263534,15.308953824368,0,4.46511153210734,1.07252298263534
2020-04-18,193,0,193,0,0,0,220,1,3275,135,3495,136,0,4,-5,25,5,164,0,26,4,"Knox County",470313,4.46511153210734,0.0107790298873101,28.9169127793618,0,5.31560896679445,1.07790298873101
2020-04-17,193,2,193,2,0,0,219,3,3140,104,3359,107,0,4,-2,30,4,159,1,26,4,"Knox County",470313,3.18936538007667,0.0115207373271889,22.7508063778803,0.425248717343556,6.37873076015334,1.15207373271889
2020-04-16,191,7,191,7,0,0,216,9,3036,213,3252,222,0,4,2,32,5,155,2,25,4,"Knox County",470313,4.46511153210734,0.015884476534296,47.2026076251348,1.48837051070245,6.8039794774969,1.5884476534296
2020-04-15,184,9,184,9,0,0,207,10,2823,84,3030,94,0,4,3,30,6,150,1,23,4,"Knox County",470313,5.31560896679445,0.0232919254658385,19.9866897151471,1.913619228046,6.37873076015334,2.32919254658385
2020-04-14,175,4,175,4,0,0,197,4,2739,102,2936,106,0,4,1,27,3,144,1,22,4,"Knox County",470313,5.31560896679445,0.0317286652078775,22.5381820192085,0.850497434687113,5.74085768413801,3.17286652078775
2020-04-13,171,4,171,4,0,0,193,9,2637,242,2830,251,0,4,-2,26,6,141,1,21,4,"Knox County",470313,5.52823332546623,0.0364372469635627,53.3687140266163,0.850497434687113,5.52823332546623,3.64372469635628
2020-04-12,167,5,167,5,0,0,184,6,2395,166,2579,172,0,4,1,28,4,135,0,20,4,"Knox County",470313,6.59135511882512,0.0386029411764706,36.5713896915458,1.06312179335889,5.95348204280979,3.86029411764706
2020-04-11,162,5,162,5,0,0,178,8,2229,313,2407,321,1,4,-4,27,8,131,1,20,4,"Knox County",470313,7.65447691218401,0.0384917517674784,68.2524191336408,1.06312179335889,5.74085768413801,3.84917517674784
2020-04-10,157,4,157,4,0,0,170,5,1916,123,2086,128,0,3,0,31,4,123,0,19,4,"Knox County",470313,8.07972562952757,0.0394126738794436,27.2159179099876,0.850497434687113,6.59135511882512,3.94126738794436
2020-04-09,153,1,153,1,0,0,165,1,1793,81,1958,82,0,3,-2,31,3,119,0,19,4,"Knox County",470313,6.8039794774969,0.037261698440208,17.4351974110858,0.212624358671778,6.59135511882512,3.7261698440208
2020-04-08,152,8,152,8,0,0,164,12,1712,111,1876,123,0,3,-3,33,11,116,1,19,4,"Knox County",470313,6.59135511882512,0.0380388841927303,26.1527961166287,1.70099486937423,7.01660383616868,3.80388841927303
2020-04-07,144,20,144,20,0,0,152,25,1601,366,1753,391,0,3,11,36,9,105,2,18,3,"Knox County",470313,9.99334485757357,0.0449591280653951,83.1361242406653,4.25248717343556,7.65447691218401,4.49591280653951
2020-04-06,124,8,124,8,0,0,127,14,1235,54,1362,68,2,3,-2,25,8,96,1,16,3,"Knox County",470313,10.8438422922607,0.0552529182879377,14.4584563896809,1.70099486937423,5.31560896679445,5.52529182879377
2020-04-05,116,4,116,4,0,0,113,10,1181,75,1294,85,0,1,-2,27,6,88,0,15,3,"Knox County",470313,10.6312179335889,0.0626043405676127,18.0730704871011,0.850497434687113,5.74085768413801,6.26043405676127
2020-04-04,112,15,112,15,0,0,103,6,1106,127,1209,133,0,1,4,29,11,82,1,15,2,"Knox County",470313,12.7574615203067,0.0722772277227723,28.2790397033465,3.18936538007667,6.16610640148157,7.22772277227723
2020-04-03,97,4,97,4,0,0,97,3,979,51,1076,54,0,1,-8,25,12,71,1,14,1,"Knox County",470313,12.7574615203067,0.0758547008547008,11.481715368276,0.850497434687113,5.31560896679445,7.58547008547009
2020-04-02,93,7,93,7,0,0,94,7,928,106,1022,113,0,1,NA,33,8,59,0,13,1,"Knox County",470313,14.0332076723374,0.0796277145811789,24.0265525299109,1.48837051070245,7.01660383616868,7.96277145811789
2020-04-01,86,15,86,15,0,0,87,15,822,140,909,155,NA,NA,NA,NA,7,51,1,13,1,"Knox County",470313,15.5215781830398,0.0800800800800801,32.9567755941256,3.18936538007667,NA,8.00800800800801
2020-03-31,71,8,71,8,0,0,72,11,682,58,754,69,NA,NA,NA,NA,12,44,1,12,1,"Knox County",470313,12.9700858789785,0.0974889217134417,14.6710807483527,1.70099486937423,NA,9.74889217134417
2020-03-30,63,13,63,13,0,0,61,15,624,130,685,145,NA,NA,NA,NA,9,32,2,11,1,"Knox County",470313,14.0332076723374,0.0888594164456233,30.8305320074078,2.76411666273312,NA,8.88594164456233
2020-03-29,50,8,50,8,0,0,46,8,494,55,540,63,NA,NA,NA,NA,6,23,1,9,1,"Knox County",470313,14.8837051070245,0.0887978142076503,13.395334596322,1.70099486937423,NA,8.87978142076503
2020-03-28,42,7,42,7,0,0,38,6,439,62,477,68,NA,NA,NA,NA,1,17,1,8,0,"Knox County",470313,13.1827102376502,0.0974512743628186,14.4584563896809,1.48837051070245,NA,9.74512743628186
2020-03-27,35,2,35,2,0,0,32,2,377,54,409,56,NA,NA,NA,NA,5,16,1,7,0,"Knox County",470313,12.7574615203067,0.0956651718983558,11.9069640856196,0.425248717343556,NA,9.56651718983558
2020-03-26,33,7,33,7,0,0,30,7,323,82,353,89,NA,NA,NA,NA,3,11,2,6,0,"Knox County",470313,12.7574615203067,0.0992248062015504,18.9235679217883,1.48837051070245,NA,9.92248062015504
2020-03-25,26,6,26,6,0,0,23,7,241,68,264,75,NA,NA,NA,NA,3,8,1,4,0,"Knox County",470313,10.8438422922607,0.0991150442477876,15.9468269003834,1.27574615203067,NA,9.91150442477876
2020-03-24,20,7,20,7,0,0,16,7,173,43,189,50,NA,NA,NA,NA,2,5,0,3,0,"Knox County",470313,10.6312179335889,0.0952380952380952,10.6312179335889,1.48837051070245,NA,9.52380952380952
2020-03-23,13,4,13,4,0,0,9,4,130,22,139,26,NA,NA,NA,NA,3,3,2,3,0,"Knox County",470313,8.7175987055429,0.0960187353629977,5.52823332546623,0.850497434687113,NA,9.60187353629976
2020-03-22,9,2,9,2,0,0,5,0,108,9,113,9,NA,NA,NA,NA,0,0,1,1,0,"Knox County",470313,7.44185255351224,0.0884718498659517,1.913619228046,0.425248717343556,NA,8.84718498659517
2020-03-21,7,1,7,1,0,0,5,2,99,17,104,19,NA,NA,NA,NA,0,0,0,0,0,"Knox County",470313,6.16610640148157,0.0895061728395062,4.03986281476378,0.212624358671778,NA,8.95061728395062
2020-03-20,6,5,6,5,0,0,3,2,82,38,85,40,NA,NA,NA,NA,0,0,0,0,0,"Knox County",470313,6.8039794774969,0.0941558441558442,8.50497434687113,1.06312179335889,NA,9.41558441558442
2020-03-19,1,0,1,0,0,0,1,0,44,11,45,11,NA,NA,NA,NA,0,0,0,0,0,"Knox County",470313,5.31560896679445,0.0956521739130435,2.33886794538956,0,NA,9.56521739130435
2020-03-18,1,0,1,0,0,0,1,0,33,14,34,14,NA,NA,NA,NA,0,0,0,0,0,"Knox County",470313,4.03986281476378,0.0887573964497041,2.97674102140489,0,NA,8.87573964497041
2020-03-17,1,0,1,0,0,0,1,0,19,5,20,5,NA,NA,NA,NA,0,0,0,0,0,"Knox County",470313,2.55149230406134,0.0645161290322581,1.06312179335889,0,NA,6.45161290322581
2020-03-16,1,1,1,1,0,0,1,1,14,3,15,4,NA,NA,NA,NA,0,0,0,0,0,"Knox County",470313,1.913619228046,0.0490196078431373,0.850497434687113,0.212624358671778,NA,4.90196078431373
2020-03-15,0,0,0,0,0,0,0,0,11,1,11,1,NA,NA,NA,NA,0,0,0,0,0,"Knox County",470313,1.48837051070245,0.0531914893617021,0.212624358671778,0,NA,5.31914893617021
2020-03-14,0,0,0,0,0,0,0,0,10,8,10,8,NA,NA,NA,NA,0,0,0,0,0,"Knox County",470313,1.27574615203067,0.036144578313253,1.70099486937423,0,NA,3.6144578313253
2020-03-13,0,0,0,0,0,0,0,0,2,0,2,0,NA,NA,NA,NA,0,0,0,0,0,"Knox County",470313,0.212624358671778,0.0232558139534884,0,0,NA,2.32558139534884
2020-03-12,0,0,0,0,0,0,0,0,2,2,2,2,NA,NA,NA,NA,0,0,0,0,0,"Knox County",470313,0.212624358671778,0.0294117647058824,0.425248717343556,0,NA,2.94117647058824
2020-03-12,0,0,0,0,0,0,0,0,0,0,0,0,NA,NA,NA,NA,0,0,0,0,0,"Anderson",76978,NA,NA,0,0,NA,NA
2020-03-13,0,0,0,0,0,0,0,0,1,1,1,1,NA,NA,NA,NA,0,0,0,0,0,"Anderson",76978,NA,NA,1.29907246226194,0,NA,NA
2020-03-14,0,0,0,0,0,0,0,0,1,0,1,0,NA,NA,NA,NA,0,0,0,0,0,"Anderson",76978,NA,NA,0,0,NA,NA
2020-03-15,0,0,0,0,0,0,0,0,1,0,1,0,NA,NA,NA,NA,0,0,0,0,0,"Anderson",76978,NA,NA,0,0,NA,NA
2020-03-16,0,0,0,0,0,0,0,0,2,1,2,1,NA,NA,NA,NA,0,0,0,0,0,"Anderson",76978,NA,NA,1.29907246226194,0,NA,NA
2020-03-17,0,0,0,0,0,0,0,0,4,2,4,2,NA,NA,NA,NA,0,0,0,0,0,"Anderson",76978,NA,NA,2.59814492452389,0,NA,NA
2020-03-18,0,0,0,0,0,0,0,0,4,0,4,0,NA,NA,NA,NA,0,0,0,0,0,"Anderson",76978,0,0,0,0,NA,0
2020-03-19,1,1,1,1,0,0,2,2,5,1,7,3,NA,NA,NA,NA,0,0,0,0,0,"Anderson",76978,1.29907246226194,0.285714285714286,3.89721738678583,1.29907246226194,NA,28.5714285714286
2020-03-20,1,0,1,0,0,0,2,0,7,2,9,2,NA,NA,NA,NA,0,0,0,0,0,"Anderson",76978,1.29907246226194,0.25,2.59814492452389,0,NA,25
2020-03-21,1,0,1,0,0,0,2,0,7,0,9,0,NA,NA,NA,NA,0,0,0,0,0,"Anderson",76978,1.29907246226194,0.25,0,0,NA,25
2020-03-22,1,0,1,0,0,0,2,0,10,3,12,3,NA,NA,NA,NA,0,0,0,0,0,"Anderson",76978,1.29907246226194,0.181818181818182,3.89721738678583,0,NA,18.1818181818182
2020-03-23,1,0,1,0,0,0,2,0,15,5,17,5,NA,NA,NA,NA,0,0,0,0,0,"Anderson",76978,1.29907246226194,0.133333333333333,6.49536231130973,0,NA,13.3333333333333
2020-03-24,1,0,1,0,0,0,2,0,20,5,22,5,NA,NA,NA,NA,0,0,0,0,0,"Anderson",76978,1.29907246226194,0.111111111111111,6.49536231130973,0,NA,11.1111111111111
2020-03-25,2,1,2,1,0,0,4,2,29,9,33,11,NA,NA,NA,NA,1,1,0,0,0,"Anderson",76978,2.59814492452389,0.137931034482759,14.2897970848814,1.29907246226194,NA,13.7931034482759
2020-03-26,3,1,3,1,0,0,5,1,44,15,49,16,NA,NA,NA,NA,0,1,1,1,0,"Anderson",76978,2.59814492452389,0.0714285714285714,20.7851593961911,1.29907246226194,NA,7.14285714285714
2020-03-27,4,1,4,1,0,0,6,1,53,9,59,10,NA,NA,NA,NA,3,4,0,1,0,"Anderson",76978,3.89721738678583,0.08,12.9907246226195,1.29907246226194,NA,8
2020-03-28,7,3,7,3,0,0,9,3,72,19,81,22,NA,NA,NA,NA,0,4,1,2,0,"Anderson",76978,7.79443477357167,0.0972222222222222,28.5795941697628,3.89721738678583,NA,9.72222222222222
2020-03-29,7,0,7,0,0,0,9,0,83,11,92,11,NA,NA,NA,NA,0,4,0,2,0,"Anderson",76978,7.79443477357167,0.0875,14.2897970848814,0,NA,8.75
2020-03-30,8,1,8,1,0,0,10,1,127,44,137,45,NA,NA,NA,NA,1,5,0,2,0,"Anderson",76978,9.09350723583361,0.0666666666666667,58.4582608017875,1.29907246226194,NA,6.66666666666667
2020-03-31,9,1,9,1,0,0,11,1,142,15,153,16,NA,NA,NA,NA,1,6,0,2,0,"Anderson",76978,10.3925796980956,0.0687022900763359,20.7851593961911,1.29907246226194,NA,6.87022900763359
2020-04-01,9,0,9,0,0,0,11,0,163,21,174,21,NA,NA,NA,NA,0,6,0,2,0,"Anderson",76978,9.09350723583361,0.049645390070922,27.2805217075008,0,NA,4.9645390070922
2020-04-02,9,0,9,0,0,0,11,0,179,16,190,16,0,0,NA,3,0,6,0,2,0,"Anderson",76978,7.79443477357167,0.0425531914893617,20.7851593961911,0,3.89721738678583,4.25531914893617
2020-04-03,9,0,9,0,0,0,11,0,192,13,203,13,0,0,-2,1,2,8,0,2,0,"Anderson",76978,6.49536231130972,0.0347222222222222,16.8879420094053,0,1.29907246226194,3.47222222222222
2020-04-04,9,0,9,0,0,0,11,0,219,27,230,27,0,0,0,1,0,8,0,2,0,"Anderson",76978,2.59814492452389,0.0134228187919463,35.0749564810725,0,1.29907246226194,1.34228187919463
2020-04-05,9,0,9,0,0,0,11,0,248,29,259,29,0,0,0,1,0,8,0,2,0,"Anderson",76978,2.59814492452389,0.0119760479041916,37.6731014055964,0,1.29907246226194,1.19760479041916
2020-04-06,9,0,9,0,0,0,11,0,262,14,273,14,0,0,-1,0,1,9,0,2,0,"Anderson",76978,1.29907246226194,0.00735294117647059,18.1870144716672,0,0,0.735294117647059
2020-04-07,10,1,10,1,0,0,12,1,304,42,316,43,0,0,1,1,0,9,0,2,0,"Anderson",76978,1.29907246226194,0.00613496932515337,55.8601158772636,1.29907246226194,1.29907246226194,0.613496932515337
2020-04-08,10,0,10,0,0,0,12,0,322,18,334,18,1,1,-1,0,0,9,0,2,1,"Anderson",76978,1.29907246226194,0.00625,23.383304320715,0,0,0.625
2020-04-09,10,0,10,0,0,0,12,0,350,28,362,28,0,1,0,0,0,9,0,2,1,"Anderson",76978,1.29907246226194,0.00581395348837209,36.3740289433345,0,0,0.581395348837209
2020-04-10,10,0,10,0,0,0,12,0,366,16,378,16,0,1,0,0,0,9,0,2,1,"Anderson",76978,1.29907246226194,0.00571428571428571,20.7851593961911,0,0,0.571428571428571
2020-04-11,10,0,10,0,0,0,12,0,439,73,451,73,0,1,0,0,0,9,0,2,1,"Anderson",76978,1.29907246226194,0.00452488687782805,94.832289745122,0,0,0.452488687782805
2020-04-12,12,2,12,2,0,0,14,2,477,38,491,40,0,1,2,2,0,9,0,2,1,"Anderson",76978,3.89721738678583,0.0129310344827586,51.9628984904778,2.59814492452389,2.59814492452389,1.29310344827586
2020-04-13,13,1,13,1,0,0,15,1,514,37,529,38,0,1,0,2,1,10,0,2,1,"Anderson",76978,5.19628984904778,0.015625,49.3647535659539,1.29907246226194,2.59814492452389,1.5625
2020-04-14,13,0,13,0,0,0,15,0,526,12,541,12,0,1,0,2,0,10,0,2,1,"Anderson",76978,3.89721738678583,0.0133333333333333,15.5888695471433,0,2.59814492452389,1.33333333333333
2020-04-15,13,0,13,0,0,0,15,0,544,18,559,18,0,1,-2,0,2,12,0,2,1,"Anderson",76978,3.89721738678583,0.0133333333333333,23.383304320715,0,0,1.33333333333333
2020-04-16,13,0,13,0,0,0,15,0,566,22,581,22,0,1,0,0,0,12,0,2,1,"Anderson",76978,3.89721738678583,0.0136986301369863,28.5795941697628,0,0,1.36986301369863
2020-04-17,13,0,13,0,0,0,15,0,586,20,601,20,0,1,0,0,0,12,0,2,1,"Anderson",76978,3.89721738678583,0.0134529147982063,25.9814492452389,0,0,1.34529147982063
2020-04-18,13,0,13,0,0,0,15,0,616,30,631,30,0,1,0,0,0,12,0,2,1,"Anderson",76978,3.89721738678583,0.0166666666666667,38.9721738678584,0,0,1.66666666666667
2020-04-19,14,1,14,1,0,0,16,1,628,12,644,13,0,1,0,0,1,13,0,2,1,"Anderson",76978,2.59814492452389,0.0130718954248366,16.8879420094053,1.29907246226194,0,1.30718954248366
2020-04-20,19,5,18,4,1,1,19,3,648,20,667,23,0,1,5,5,0,13,0,2,1,"Anderson",76978,7.79443477357167,0.0289855072463768,29.8786666320247,6.49536231130973,6.49536231130973,2.89855072463768
2020-04-21,20,1,19,1,1,0,22,3,1071,423,1093,426,0,1,1,6,0,13,0,2,1,"Anderson",76978,9.09350723583361,0.0126811594202899,553.404868923589,1.29907246226194,7.79443477357167,1.26811594202899
2020-04-22,21,1,20,1,1,0,24,2,1141,70,1165,72,0,1,0,6,1,14,0,2,1,"Anderson",76978,10.3925796980956,0.0148514851485149,93.53321728286,1.29907246226194,7.79443477357167,1.48514851485149
2020-04-23,21,0,20,0,1,0,24,0,1191,50,1215,50,0,1,-1,5,1,15,0,2,1,"Anderson",76978,10.3925796980956,0.0141955835962145,64.9536231130973,0,6.49536231130973,1.41955835962145
2020-04-24,22,1,21,1,1,0,25,1,1299,108,1324,109,0,1,1,6,0,15,0,2,1,"Anderson",76978,11.6916521603575,0.0138312586445367,141.598898386552,1.29907246226194,7.79443477357167,1.38312586445367
2020-04-25,22,0,21,0,1,0,25,0,1336,37,1361,37,0,1,0,6,0,15,0,2,1,"Anderson",76978,11.6916521603575,0.0136986301369863,48.065681103692,0,7.79443477357167,1.36986301369863
2020-04-26,22,0,21,0,1,0,25,0,1372,36,1397,36,0,1,0,6,0,15,0,2,1,"Anderson",76978,10.3925796980956,0.0119521912350598,46.76660864143,0,7.79443477357167,1.19521912350598
2020-04-27,22,0,21,0,1,0,25,0,1411,39,1436,39,0,1,-1,5,1,16,0,2,1,"Anderson",76978,3.89721738678583,0.00780234070221066,50.6638260282159,0,6.49536231130973,0.780234070221066
2020-04-28,22,0,21,0,1,0,25,0,1690,279,1715,279,0,1,0,5,0,16,0,2,1,"Anderson",76978,2.59814492452389,0.00482315112540193,362.441216971083,0,6.49536231130973,0.482315112540193
2020-04-29,26,4,25,4,1,0,28,3,2070,380,2098,383,0,1,4,9,0,16,0,2,1,"Anderson",76978,6.49536231130972,0.00428724544480171,497.544753046325,5.19628984904778,11.6916521603575,0.428724544480171
2020-04-30,26,0,25,0,1,0,29,1,2102,32,2131,33,0,1,-1,8,1,17,0,2,1,"Anderson",76978,6.49536231130972,0.00545851528384279,42.8693912546442,0,10.3925796980956,0.545851528384279
2020-05-01,26,0,25,0,1,0,29,0,2154,52,2183,52,0,1,-2,6,2,19,0,2,1,"Anderson",76978,5.19628984904778,0.00465657741559953,67.5517680376211,0,7.79443477357167,0.465657741559953
2020-05-02,26,0,25,0,1,0,29,0,2221,67,2250,67,0,1,0,6,0,19,0,2,1,"Anderson",76978,5.19628984904778,0.00449943757030371,87.0378549715503,0,7.79443477357167,0.449943757030371
2020-05-03,27,1,26,1,1,0,30,1,2314,93,2344,94,0,1,1,7,0,19,0,2,1,"Anderson",76978,6.49536231130972,0.00527983104540655,122.112811452623,1.29907246226194,9.09350723583361,0.527983104540655
2020-05-04,27,0,26,0,1,0,30,0,2406,92,2436,92,0,1,-1,6,1,20,0,2,1,"Anderson",76978,6.49536231130972,0.005,119.514666528099,0,7.79443477357167,0.5
2020-05-05,28,1,27,1,1,0,30,0,2475,69,2505,69,0,1,-1,5,2,22,0,2,1,"Anderson",76978,7.79443477357167,0.00632911392405063,89.6359998960742,1.29907246226194,6.49536231130973,0.632911392405063
2020-05-06,30,2,29,2,1,0,31,1,2525,50,2556,51,0,1,2,7,0,22,0,2,1,"Anderson",76978,5.19628984904778,0.00655021834061135,66.2526955753592,2.59814492452389,9.09350723583361,0.655021834061135
2020-05-07,30,0,29,0,1,0,33,2,2597,72,2630,74,0,1,-1,6,1,23,0,2,1,"Anderson",76978,5.19628984904778,0.00801603206412826,96.1313622073839,0,7.79443477357167,0.801603206412826
2020-05-08,30,0,29,0,1,0,33,0,2652,55,2685,55,0,1,0,6,0,23,0,2,1,"Anderson",76978,5.19628984904778,0.00796812749003984,71.448985424407,0,7.79443477357167,0.796812749003984
2020-05-09,30,0,29,0,1,0,33,0,2734,82,2767,82,0,1,0,6,0,23,0,2,1,"Anderson",76978,5.19628984904778,0.00773694390715667,106.523941905479,0,7.79443477357167,0.773694390715667
2020-05-10,30,0,29,0,1,0,33,0,2827,93,2860,93,0,1,-3,3,3,26,0,2,1,"Anderson",76978,3.89721738678583,0.00581395348837209,120.813738990361,0,3.89721738678583,0.581395348837209
2020-05-11,32,2,31,2,1,0,33,0,2909,82,2942,82,0,1,2,5,0,26,0,2,1,"Anderson",76978,6.49536231130972,0.00592885375494071,106.523941905479,2.59814492452389,6.49536231130973,0.592885375494071
2020-05-12,33,1,32,1,1,0,35,2,3042,133,3077,135,0,1,1,6,0,26,0,2,1,"Anderson",76978,6.49536231130972,0.00874125874125874,175.374782405363,1.29907246226194,7.79443477357167,0.874125874125874
2020-05-13,35,2,34,2,1,0,38,3,3220,178,3258,181,0,1,1,7,1,27,1,3,1,"Anderson",76978,6.49536231130972,0.00997150997150997,235.132115669412,2.59814492452389,9.09350723583361,0.997150997150997
2020-05-14,35,0,34,0,1,0,39,1,3346,126,3385,127,0,1,-1,6,1,28,0,3,1,"Anderson",76978,6.49536231130972,0.00794701986754967,164.982202707267,0,7.79443477357167,0.794701986754967
2020-05-15,36,1,35,1,1,0,39,0,3417,71,3456,71,0,1,1,7,0,28,0,3,1,"Anderson",76978,7.79443477357167,0.00778210116731518,92.2341448205981,1.29907246226194,9.09350723583361,0.778210116731518
2020-05-16,36,0,35,0,1,0,41,2,3657,240,3698,242,0,1,-1,6,1,29,0,3,1,"Anderson",76978,7.79443477357167,0.00859291084854995,314.375535867391,0,7.79443477357167,0.859291084854995
2020-05-17,36,0,35,0,1,0,41,0,3727,70,3768,70,0,1,0,6,0,29,0,3,1,"Anderson",76978,7.79443477357167,0.00881057268722467,90.9350723583361,0,7.79443477357167,0.881057268722467
2020-05-18,37,1,36,1,1,0,42,1,3804,77,3846,78,0,1,-2,4,3,32,0,3,1,"Anderson",76978,6.49536231130972,0.00995575221238938,101.327652056432,1.29907246226194,5.19628984904778,0.995575221238938
2020-05-19,37,0,36,0,1,0,42,0,3856,52,3898,52,0,1,0,4,0,32,0,3,1,"Anderson",76978,5.19628984904778,0.00852618757612668,67.5517680376211,0,5.19628984904778,0.852618757612667
2020-05-20,37,0,36,0,1,0,43,1,3921,65,3964,66,0,1,0,4,0,32,0,3,1,"Anderson",76978,2.59814492452389,0.00708215297450425,85.7387825092884,0,5.19628984904778,0.708215297450425
2020-05-21,37,0,36,0,1,0,44,1,4001,80,4045,81,0,1,-1,3,1,33,0,3,1,"Anderson",76978,2.59814492452389,0.00757575757575758,105.224869443218,0,3.89721738678583,0.757575757575758
2020-05-22,38,1,37,1,1,0,45,1,4029,28,4074,29,0,1,-1,2,2,35,1,4,1,"Anderson",76978,2.59814492452389,0.00970873786407767,37.6731014055964,1.29907246226194,2.59814492452389,0.970873786407767
2020-05-23,38,0,37,0,1,0,46,1,4192,163,4238,164,0,1,0,2,0,35,0,4,1,"Anderson",76978,2.59814492452389,0.00925925925925926,213.047883810959,0,2.59814492452389,0.925925925925926
2020-05-24,38,0,37,0,1,0,46,0,4247,55,4293,55,0,1,0,2,0,35,0,4,1,"Anderson",76978,2.59814492452389,0.00952380952380952,71.448985424407,0,2.59814492452389,0.952380952380952
2020-05-25,38,0,37,0,1,0,47,1,4281,34,4328,35,0,1,0,2,0,35,0,4,1,"Anderson",76978,1.29907246226194,0.0103734439834025,45.4675361791681,0,2.59814492452389,1.03734439834025
2020-05-26,38,0,37,0,1,0,47,0,4412,131,4459,131,0,1,-1,1,1,36,0,4,1,"Anderson",76978,1.29907246226194,0.0089126559714795,170.178492556315,0,1.29907246226194,0.89126559714795
2020-05-27,38,0,37,0,1,0,47,0,4515,103,4562,103,0,1,0,1,0,36,0,4,1,"Anderson",76978,1.29907246226194,0.00668896321070234,133.80446361298,0,1.29907246226194,0.668896321070234
2020-05-28,38,0,37,0,1,0,47,0,4563,48,4610,48,0,1,0,1,0,36,0,4,1,"Anderson",76978,1.29907246226194,0.00530973451327434,62.3554781885734,0,1.29907246226194,0.530973451327434
2020-05-29,39,1,38,1,1,0,47,0,4613,50,4660,50,0,1,0,1,1,37,0,4,1,"Anderson",76978,1.29907246226194,0.00341296928327645,64.9536231130973,1.29907246226194,1.29907246226194,0.341296928327645
2020-05-30,39,0,38,0,1,0,48,1,4665,52,4713,53,0,1,0,1,0,37,0,4,1,"Anderson",76978,1.29907246226194,0.00421052631578947,68.8508404998831,0,1.29907246226194,0.421052631578947
2020-05-31,40,1,39,1,1,0,49,1,4731,66,4780,67,0,1,1,2,0,37,0,4,1,"Anderson",76978,2.59814492452389,0.00616016427104723,87.0378549715503,1.29907246226194,2.59814492452389,0.616016427104723
2020-06-01,40,0,39,0,1,0,49,0,4855,124,4904,124,0,1,0,2,0,37,0,4,1,"Anderson",76978,2.59814492452389,0.00347222222222222,161.084985320481,0,2.59814492452389,0.347222222222222
2020-06-02,40,0,39,0,1,0,49,0,4982,127,5031,127,0,1,0,2,0,37,0,4,1,"Anderson",76978,2.59814492452389,0.0034965034965035,164.982202707267,0,2.59814492452389,0.34965034965035
2020-06-03,41,1,40,1,1,0,50,1,5042,60,5092,61,0,1,1,3,0,37,0,4,2,"Anderson",76978,3.89721738678583,0.00566037735849057,79.2434201979787,1.29907246226194,3.89721738678583,0.566037735849057
2020-06-04,41,0,40,0,1,0,50,0,5090,48,5140,48,1,2,-2,1,1,38,0,4,2,"Anderson",76978,3.89721738678583,0.00566037735849057,62.3554781885734,0,1.29907246226194,0.566037735849057
2020-06-05,42,1,41,1,1,0,53,3,5147,57,5200,60,0,2,1,2,0,38,0,4,2,"Anderson",76978,3.89721738678583,0.0111111111111111,77.9443477357167,1.29907246226194,2.59814492452389,1.11111111111111
2020-06-06,43,1,42,1,1,0,54,1,5200,53,5254,54,0,2,1,3,0,38,0,4,2,"Anderson",76978,5.19628984904778,0.011090573012939,70.149912962145,1.29907246226194,3.89721738678583,1.1090573012939
2020-06-07,45,2,43,1,2,1,57,3,5295,95,5352,98,0,2,2,5,0,38,0,4,2,"Anderson",76978,6.49536231130972,0.013986013986014,127.309101301671,2.59814492452389,6.49536231130973,1.3986013986014
2020-06-08,46,1,44,1,2,0,57,0,5336,41,5393,41,0,2,1,6,0,38,0,4,2,"Anderson",76978,7.79443477357167,0.016359918200409,53.2619709527397,1.29907246226194,7.79443477357167,1.6359918200409
2020-06-09,47,1,45,1,2,0,60,3,5517,181,5577,184,0,2,1,7,0,38,0,4,2,"Anderson",76978,9.09350723583361,0.0201465201465201,239.029333056198,1.29907246226194,9.09350723583361,2.01465201465201
2020-06-10,52,5,50,5,2,0,63,3,5725,208,5788,211,0,2,2,9,3,41,0,4,2,"Anderson",76978,14.2897970848814,0.0186781609195402,274.10428953727,6.49536231130973,11.6916521603575,1.86781609195402
2020-06-11,55,3,53,3,2,0,66,3,5870,145,5936,148,0,2,2,11,1,42,1,5,2,"Anderson",76978,18.1870144716672,0.0201005025125628,192.262724414768,3.89721738678583,14.2897970848814,2.01005025125628
2020-06-12,57,2,55,2,2,0,70,4,5952,82,6022,86,0,2,2,13,0,42,0,5,2,"Anderson",76978,19.4860869339292,0.0206812652068127,111.720231754527,2.59814492452389,16.8879420094053,2.06812652068127
2020-06-13,58,1,55,0,3,1,70,0,5995,43,6065,43,0,2,0,13,1,43,0,5,2,"Anderson",76978,19.4860869339292,0.0197287299630086,55.8601158772636,1.29907246226194,16.8879420094053,1.97287299630086
2020-06-14,60,2,57,2,3,0,70,0,6170,175,6240,175,0,2,1,14,1,44,1,6,2,"Anderson",76978,19.4860869339292,0.0146396396396396,227.33768089584,2.59814492452389,18.1870144716672,1.46396396396396
2020-06-15,60,0,57,0,3,0,71,1,6228,58,6299,59,0,2,0,14,0,44,0,6,2,"Anderson",76978,18.1870144716672,0.0154525386313466,76.6452752734548,0,18.1870144716672,1.54525386313466
2020-06-16,64,4,61,4,3,0,75,4,6289,61,6364,65,0,2,3,17,1,45,0,6,2,"Anderson",76978,22.0842318584531,0.0190597204574333,84.4397100470264,5.19628984904778,22.0842318584531,1.90597204574333
2020-06-17,66,2,63,2,3,0,79,4,6327,38,6406,42,0,2,0,17,2,47,0,6,2,"Anderson",76978,18.1870144716672,0.0258899676375405,54.5610434150017,2.59814492452389,22.0842318584531,2.58899676375405
2020-06-18,70,4,67,4,3,0,84,5,6457,130,6541,135,0,2,2,19,2,49,0,6,2,"Anderson",76978,19.4860869339292,0.0297520661157025,175.374782405363,5.19628984904778,24.682376782977,2.97520661157025
2020-06-19,72,2,69,2,3,0,86,2,6522,65,6608,67,0,2,0,19,2,51,0,6,2,"Anderson",76978,19.4860869339292,0.0273037542662116,87.0378549715503,2.59814492452389,24.682376782977,2.73037542662116
2020-06-20,73,1,70,1,3,0,87,1,6560,38,6647,39,0,2,-1,18,2,53,0,6,2,"Anderson",76978,19.4860869339292,0.0292096219931271,50.6638260282159,1.29907246226194,23.383304320715,2.92096219931271
2020-06-21,74,1,71,1,3,0,88,1,6620,60,6708,61,0,2,-1,17,2,55,0,6,2,"Anderson",76978,18.1870144716672,0.0384615384615385,79.2434201979787,1.29907246226194,22.0842318584531,3.84615384615385
2020-06-22,76,2,73,2,3,0,90,2,6712,92,6802,94,0,2,0,17,2,57,1,7,2,"Anderson",76978,20.7851593961911,0.0377733598409543,122.112811452623,2.59814492452389,22.0842318584531,3.77733598409543
2020-06-23,76,0,73,0,3,0,90,0,6801,89,6891,89,0,2,-1,16,1,58,0,7,2,"Anderson",76978,15.5888695471433,0.0284629981024668,115.617449141313,0,20.7851593961911,2.84629981024668
2020-06-24,77,1,74,1,3,0,91,1,6832,31,6923,32,0,2,-2,14,3,61,0,7,2,"Anderson",76978,14.2897970848814,0.02321083172147,41.5703187923822,1.29907246226194,18.1870144716672,2.321083172147
2020-06-25,81,4,78,4,3,0,92,1,6945,113,7037,114,0,2,0,14,4,65,0,7,2,"Anderson",76978,14.2897970848814,0.0161290322580645,148.094260697862,5.19628984904778,18.1870144716672,1.61290322580645
2020-06-26,86,5,83,5,3,0,98,6,6973,28,7071,34,0,2,3,17,2,67,0,7,2,"Anderson",76978,18.1870144716672,0.0259179265658747,44.1684637169061,6.49536231130973,22.0842318584531,2.59179265658747
2020-06-27,87,1,83,0,4,1,98,0,6985,12,7083,12,0,2,-4,13,5,72,0,7,2,"Anderson",76978,18.1870144716672,0.0252293577981651,15.5888695471433,1.29907246226194,16.8879420094053,2.52293577981651
2020-06-28,91,4,87,4,4,0,106,8,7094,109,7200,117,0,2,3,16,1,73,0,7,2,"Anderson",76978,22.0842318584531,0.0365853658536585,151.991478084648,5.19628984904778,20.7851593961911,3.65853658536585
2020-06-29,97,6,92,5,5,1,114,8,7316,222,7430,230,0,2,3,19,3,76,1,8,2,"Anderson",76978,27.2805217075008,0.0382165605095541,298.786666320247,7.79443477357167,24.682376782977,3.82165605095541
2020-06-30,102,5,96,4,6,1,120,6,7480,164,7600,170,0,2,2,21,3,79,0,8,2,"Anderson",76978,33.7758840188106,0.0423131170662905,220.842318584531,6.49536231130973,27.2805217075008,4.23131170662905
2020-07-01,104,2,98,2,6,0,124,4,7601,121,7725,125,0,2,-2,19,4,83,0,8,2,"Anderson",76978,35.0749564810725,0.0411471321695761,162.384057782743,2.59814492452389,24.682376782977,4.11471321695761
2020-07-02,110,6,104,6,6,0,130,6,7840,239,7970,245,0,2,4,23,2,85,0,8,2,"Anderson",76978,37.6731014055964,0.0407288317256163,318.272753254177,7.79443477357167,29.8786666320247,4.07288317256163
2020-07-03,120,10,113,9,7,1,142,12,7965,125,8107,137,0,2,7,30,3,88,0,8,2,"Anderson",76978,44.1684637169061,0.0424710424710425,177.972927329886,12.9907246226195,38.9721738678584,4.24710424710425
2020-07-04,131,11,124,11,7,0,156,14,8149,184,8305,198,0,2,8,38,3,91,2,10,2,"Anderson",76978,57.1591883395256,0.0474631751227496,257.216347527865,14.2897970848814,49.3647535659539,4.74631751227496
2020-07-05,140,9,133,9,7,0,169,13,8305,156,8474,169,0,2,8,46,1,92,1,11,2,"Anderson",76978,63.6545506508353,0.0494505494505494,219.543246122269,11.6916521603575,59.7573332640495,4.94505494505495
2020-07-06,141,1,134,1,7,0,170,1,8332,27,8502,28,0,2,-4,42,5,97,0,11,2,"Anderson",76978,57.1591883395256,0.0522388059701493,36.3740289433345,1.29907246226194,54.5610434150017,5.22388059701492
2020-07-07,157,16,150,16,7,0,190,20,8565,233,8755,253,0,2,12,54,4,101,0,11,2,"Anderson",76978,71.448985424407,0.0606060606060606,328.665332952272,20.7851593961911,70.149912962145,6.06060606060606
2020-07-08,173,16,165,15,8,1,206,16,8705,140,8911,156,0,2,10,64,6,107,0,11,2,"Anderson",76978,89.6359998960742,0.0691399662731872,202.655304112863,20.7851593961911,83.1406375847645,6.91399662731872
2020-07-09,187,14,179,14,8,0,220,14,8973,268,9193,282,0,2,11,75,3,110,0,11,2,"Anderson",76978,100.02857959417,0.0735895339329518,366.338434357868,18.1870144716672,97.4304346696459,7.35895339329518
2020-07-10,193,6,185,6,8,0,227,7,9003,30,9230,37,0,2,1,76,5,115,1,12,2,"Anderson",76978,94.832289745122,0.0756901157613535,48.065681103692,7.79443477357167,98.7295071319078,7.56901157613535
2020-07-11,201,8,193,8,8,0,235,8,9172,169,9407,177,0,2,1,77,7,122,1,13,2,"Anderson",76978,90.9350723583361,0.0716878402903811,229.935825820364,10.3925796980956,100.02857959417,7.16878402903811
2020-07-12,212,11,204,11,8,0,248,13,9355,183,9603,196,0,2,6,83,5,127,0,13,2,"Anderson",76978,93.53321728286,0.0699734278122232,254.618202603341,14.2897970848814,107.823014367741,6.99734278122232
2020-07-13,218,6,209,5,9,1,255,7,9394,39,9649,46,0,2,-6,77,12,139,2,15,2,"Anderson",76978,100.02857959417,0.0741063644289451,59.7573332640495,7.79443477357167,100.02857959417,7.41063644289451
2020-07-14,229,11,219,10,10,1,266,11,9534,140,9800,151,0,2,0,77,11,150,0,15,2,"Anderson",76978,93.53321728286,0.0727272727272727,196.159941801554,14.2897970848814,100.02857959417,7.27272727272727
2020-07-15,245,16,234,15,11,1,285,19,9636,102,9921,121,0,2,0,77,16,166,0,15,2,"Anderson",76978,93.53321728286,0.0782178217821782,157.187767933695,20.7851593961911,100.02857959417,7.82178217821782
2020-07-16,263,18,252,18,11,0,308,23,9925,289,10233,312,0,2,4,81,14,180,1,16,2,"Anderson",76978,98.7295071319078,0.0846153846153846,405.310608225727,23.383304320715,105.224869443218,8.46153846153846
2020-07-17,270,7,259,7,11,0,317,9,9996,71,10313,80,0,2,-8,73,15,195,1,17,3,"Anderson",76978,100.02857959417,0.0831024930747922,103.925796980956,9.09350723583361,94.832289745122,8.31024930747922
2020-07-18,277,7,266,7,11,0,328,11,10210,214,10538,225,0,2,-4,69,11,206,0,17,3,"Anderson",76978,98.7295071319078,0.0822281167108753,292.291304008938,9.09350723583361,89.6359998960742,8.22281167108753
2020-07-19,285,8,274,8,11,0,337,9,10291,81,10628,90,0,2,-5,64,13,219,2,19,3,"Anderson",76978,94.832289745122,0.0868292682926829,116.916521603575,10.3925796980956,83.1406375847645,8.68292682926829
2020-07-20,313,28,302,28,11,0,367,30,10460,169,10827,199,1,3,9,73,18,237,0,19,3,"Anderson",76978,123.411883914885,0.0950764006791171,258.515419990127,36.3740289433345,94.832289745122,9.50764006791171
2020-07-21,336,23,324,22,12,1,391,24,10752,292,11143,316,0,3,12,85,11,248,1,20,3,"Anderson",76978,139.000753462028,0.0930752047654505,410.506898074775,29.8786666320247,110.421159292265,9.30752047654505
2020-07-22,365,29,352,28,13,1,424,33,10887,135,11311,168,0,3,13,98,16,264,0,20,3,"Anderson",76978,155.888695471433,0.1,218.244173660007,37.6731014055964,127.309101301671,10
2020-07-23,388,23,375,23,13,0,455,31,11314,427,11769,458,0,3,9,107,14,278,2,22,3,"Anderson",76978,162.384057782743,0.095703125,594.975187715971,29.8786666320247,139.000753462028,9.5703125
2020-07-24,394,6,381,6,13,0,463,8,11426,112,11889,120,0,3,-16,91,22,300,0,22,4,"Anderson",76978,161.084985320481,0.0926395939086294,155.888695471433,7.79443477357167,118.215594065837,9.26395939086294
2020-07-25,426,32,412,31,14,1,499,36,11683,257,12182,293,1,4,26,117,5,305,1,23,4,"Anderson",76978,193.56179687703,0.104014598540146,380.62823144275,41.5703187923822,151.991478084648,10.4014598540146
2020-07-26,465,39,450,38,15,1,541,42,12086,403,12627,445,0,4,31,148,8,313,2,25,4,"Anderson",76978,233.83304320715,0.102051025512756,578.087245706565,50.6638260282159,192.262724414768,10.2051025512756
2020-07-27,483,18,467,17,16,1,562,21,12266,180,12828,201,0,4,-19,129,37,350,1,26,4,"Anderson",76978,220.842318584531,0.0974512743628186,261.113564914651,23.383304320715,167.580347631791,9.74512743628186
2020-07-28,523,40,507,40,16,0,608,46,12646,380,13254,426,0,4,24,153,16,366,1,27,5,"Anderson",76978,242.926550442984,0.10279488394126,553.404868923589,51.9628984904778,198.758086726078,10.279488394126
2020-07-29,527,4,511,4,16,0,612,4,12682,36,13294,40,1,5,-15,138,18,384,0,27,5,"Anderson",76978,210.449738886435,0.0948058497226425,51.9628984904778,5.19628984904778,179.271999792148,9.48058497226425
2020-07-30,564,37,548,37,16,0,665,53,13167,485,13832,538,0,5,20,158,17,401,0,27,5,"Anderson",76978,228.636753358102,0.101793504604944,698.900984696926,48.065681103692,205.253449037387,10.1793504604944
2020-07-31,576,12,560,12,16,0,679,14,13349,182,14028,196,0,5,-8,150,20,421,0,27,5,"Anderson",76978,236.431188131674,0.100981767180926,254.618202603341,15.5888695471433,194.860869339292,10.0981767180926
2020-08-01,599,23,583,23,16,0,704,25,13758,409,14462,434,0,5,17,167,6,427,1,28,5,"Anderson",76978,224.739535971316,0.0899122807017544,563.797448621684,29.8786666320247,216.945101197745,8.99122807017544
2020-08-02,606,7,590,7,16,0,711,7,13886,128,14597,135,0,5,2,169,5,432,1,29,6,"Anderson",76978,183.169217178934,0.0862944162436548,175.374782405363,9.09350723583361,219.543246122269,8.62944162436548
2020-08-03,631,25,614,24,17,1,742,31,14113,227,14855,258,0,5,14,183,11,443,0,29,6,"Anderson",76978,192.262724414768,0.0888011840157869,335.160695263582,32.4768115565486,237.730260593936,8.88011840157869
2020-08-04,638,7,621,7,17,0,750,8,14356,243,15106,251,2,7,-19,164,24,467,0,29,6,"Anderson",76978,149.393333160124,0.0766738660907127,326.067188027748,9.09350723583361,213.047883810959,7.66738660907127
2020-08-05,653,15,636,15,17,0,769,19,14565,209,15334,228,-1,6,-1,163,17,484,0,29,6,"Anderson",76978,163.683130245005,0.0769607843137255,296.188521395723,19.4860869339292,211.748811348697,7.69607843137255
2020-08-06,675,22,658,22,17,0,799,30,14886,321,15685,351,0,6,3,166,19,503,1,30,6,"Anderson",76978,144.197043311076,0.0723151645979493,455.974434253943,28.5795941697628,215.646028735483,7.23151645979493
2020-08-07,679,4,662,4,17,0,803,4,14967,81,15770,85,0,6,-21,145,25,528,0,30,6,"Anderson",76978,133.80446361298,0.0711825487944891,110.421159292265,5.19628984904778,188.365507027982,7.11825487944891
2020-08-08,690,11,673,11,17,0,819,16,15287,320,16106,336,0,6,1,146,10,538,0,30,6,"Anderson",76978,118.215594065837,0.0699513381995134,436.488347320014,14.2897970848814,189.664579490244,6.99513381995134
2020-08-09,697,7,680,7,17,0,828,9,15424,137,16252,146,0,6,-9,137,16,554,0,30,6,"Anderson",76978,118.215594065837,0.0706948640483384,189.664579490244,9.09350723583361,177.972927329886,7.06948640483384
2020-08-10,702,5,685,5,17,0,834,6,15563,139,16397,145,0,6,-11,126,16,570,0,30,6,"Anderson",76978,92.2341448205981,0.059662775616083,188.365507027982,6.49536231130973,163.683130245005,5.9662775616083
2020-08-11,723,21,706,21,17,0,856,22,15766,203,16622,225,0,6,9,135,12,582,1,31,6,"Anderson",76978,110.421159292265,0.0699208443271768,292.291304008938,27.2805217075008,175.374782405363,6.99208443271768
2020-08-12,731,8,714,8,17,0,864,8,16006,240,16870,248,0,6,-8,127,16,598,0,31,6,"Anderson",76978,101.327652056432,0.0618489583333333,322.169970640962,10.3925796980956,164.982202707267,6.18489583333333
2020-08-13,749,18,732,18,17,0,888,24,16234,228,17122,252,1,7,3,130,14,612,2,33,6,"Anderson",76978,96.1313622073839,0.0619345859429367,327.36626049001,23.383304320715,168.879420094053,6.19345859429367
2020-08-14,766,17,748,16,18,1,910,22,16563,329,17473,351,0,7,-9,121,26,638,0,33,6,"Anderson",76978,113.019304216789,0.0628302994715208,455.974434253943,22.0842318584531,157.187767933695,6.28302994715208
2020-08-15,776,10,758,10,18,0,922,12,16786,223,17708,235,-1,6,5,126,6,644,0,33,6,"Anderson",76978,111.720231754527,0.0642946317103621,305.282028631557,12.9907246226195,163.683130245005,6.4294631710362
2020-08-16,788,12,770,12,18,0,936,14,16928,142,17864,156,0,6,7,133,5,649,0,33,7,"Anderson",76978,118.215594065837,0.0669975186104218,202.655304112863,15.5888695471433,172.776637480839,6.69975186104218
2020-08-17,792,4,774,4,18,0,939,3,16971,43,17910,46,0,6,-13,120,17,666,0,33,7,"Anderson",76978,116.916521603575,0.069398545935228,59.7573332640495,5.19628984904778,155.888695471433,6.9398545935228
2020-08-18,806,14,788,14,18,0,956,17,17135,164,18091,181,0,6,5,125,9,675,0,33,7,"Anderson",76978,107.823014367741,0.068073519400953,235.132115669412,18.1870144716672,162.384057782743,6.8073519400953
2020-08-19,820,14,802,14,18,0,970,14,17309,174,18279,188,0,6,0,125,14,689,0,33,7,"Anderson",76978,115.617449141313,0.0752306600425834,244.225622905246,18.1870144716672,162.384057782743,7.52306600425834
2020-08-20,835,15,817,15,18,0,986,16,17751,442,18737,458,0,6,5,130,10,699,0,33,8,"Anderson",76978,111.720231754527,0.0606811145510836,594.975187715971,19.4860869339292,168.879420094053,6.06811145510836
2020-08-21,838,3,820,3,18,0,989,3,17787,36,18776,39,1,7,-7,123,9,708,0,33,8,"Anderson",76978,93.53321728286,0.0606293169608596,50.6638260282159,3.89721738678583,159.785912858219,6.06293169608596
2020-08-22,856,18,838,18,18,0,1008,19,18331,544,19339,563,1,8,10,133,7,715,1,34,8,"Anderson",76978,103.925796980956,0.052728387492336,731.377796253475,23.383304320715,172.776637480839,5.2728387492336
2020-08-23,857,1,839,1,18,0,1009,1,18415,84,19424,85,0,8,-5,128,6,721,0,34,8,"Anderson",76978,89.6359998960742,0.0467948717948718,110.421159292265,1.29907246226194,166.281275169529,4.67948717948718
2020-08-24,858,1,839,0,19,1,1009,0,18454,39,19463,39,0,8,-19,109,20,741,0,34,8,"Anderson",76978,85.7387825092884,0.0450740502253702,50.6638260282159,1.29907246226194,141.598898386552,4.50740502253703
2020-08-25,866,8,847,8,19,0,1017,8,18606,152,19623,160,0,8,-2,107,10,751,1,35,8,"Anderson",76978,77.9443477357167,0.0398172323759791,207.851593961911,10.3925796980956,139.000753462028,3.98172323759791
2020-08-26,872,6,853,6,19,0,1023,6,18786,180,19809,186,0,8,-14,93,20,771,0,35,8,"Anderson",76978,67.5517680376211,0.034640522875817,241.627477980722,7.79443477357167,120.813738990361,3.4640522875817
2020-08-27,875,3,856,3,19,0,1026,3,19197,411,20223,414,0,8,-16,77,19,790,0,35,8,"Anderson",76978,51.9628984904778,0.0269179004037685,537.815999376445,3.89721738678583,100.02857959417,2.69179004037685
2020-08-28,875,0,856,0,19,0,1026,0,19235,38,20261,38,0,8,-20,57,20,810,0,35,8,"Anderson",76978,48.065681103692,0.0249158249158249,49.3647535659539,0,74.0471303489309,2.49158249158249
2020-08-29,884,9,864,8,20,1,1034,8,19497,262,20531,270,0,8,3,60,6,816,0,35,8,"Anderson",76978,36.3740289433345,0.0218120805369128,350.749564810725,11.6916521603575,77.9443477357167,2.18120805369128
2020-08-30,900,16,880,16,20,0,1050,16,19580,83,20630,99,0,8,8,68,8,824,0,35,8,"Anderson",76978,55.8601158772636,0.0339966832504146,128.608173763933,20.7851593961911,88.3369274338123,3.39966832504146
2020-08-31,902,2,882,2,20,0,1052,2,19638,58,20690,60,0,8,-15,53,17,841,0,35,8,"Anderson",76978,57.1591883395256,0.0350448247758761,77.9443477357167,2.59814492452389,68.8508404998831,3.50448247758761
2020-09-01,909,7,888,6,21,1,1058,6,19749,111,20807,117,0,8,0,53,7,848,0,35,8,"Anderson",76978,55.8601158772636,0.0346283783783784,151.991478084648,9.09350723583361,68.8508404998831,3.46283783783784
2020-09-02,917,8,894,6,23,2,1068,10,20065,316,21133,326,0,8,5,58,3,851,0,35,8,"Anderson",76978,58.4582608017875,0.033987915407855,423.497622697394,10.3925796980956,75.3462028111928,3.3987915407855
2020-09-03,933,16,908,14,25,2,1084,16,20389,324,21473,340,0,8,10,68,6,857,0,35,9,"Anderson",76978,75.3462028111928,0.0464,441.684637169061,20.7851593961911,88.3369274338123,4.64
2020-09-04,942,9,916,8,26,1,1094,10,20578,189,21672,199,0,8,6,74,3,860,0,35,9,"Anderson",76978,87.0378549715503,0.0481927710843374,258.515419990127,11.6916521603575,96.1313622073839,4.81927710843374
2020-09-05,961,19,935,19,26,0,1115,21,20847,269,21962,290,0,8,16,90,3,863,1,36,10,"Anderson",76978,100.02857959417,0.0566037735849057,376.731014055964,24.682376782977,116.916521603575,5.66037735849057
2020-09-06,963,2,937,2,26,0,1117,2,20903,56,22020,58,0,8,-1,89,3,866,0,36,10,"Anderson",76978,81.8415651225025,0.0482014388489209,75.3462028111928,2.59814492452389,115.617449141313,4.82014388489209
2020-09-07,966,3,940,3,26,0,1122,5,20991,88,22113,93,0,8,-8,81,11,877,0,36,10,"Anderson",76978,83.1406375847645,0.0491918482080112,120.813738990361,3.89721738678583,105.224869443218,4.91918482080112
2020-09-08,975,9,943,3,32,6,1126,4,21166,175,22292,179,1,9,4,85,4,881,0,36,10,"Anderson",76978,85.7387825092884,0.0457912457912458,232.533970744888,11.6916521603575,110.421159292265,4.57912457912458
2020-09-09,984,9,952,9,32,0,1135,9,21407,241,22542,250,0,9,-3,82,12,893,1,37,11,"Anderson",76978,87.0378549715503,0.0475514549325763,324.768115565486,11.6916521603575,106.523941905479,4.75514549325763
2020-09-10,1013,29,980,28,33,1,1165,30,21776,369,22941,399,1,10,25,107,3,896,0,37,11,"Anderson",76978,103.925796980956,0.0551771117166213,518.329912442516,37.6731014055964,139.000753462028,5.51771117166213
2020-09-11,1014,1,981,1,33,0,1167,2,21909,133,23076,135,0,10,-13,94,14,910,0,37,11,"Anderson",76978,93.53321728286,0.051994301994302,175.374782405363,1.29907246226194,122.112811452623,5.1994301994302
2020-09-12,1017,3,984,3,33,0,1172,5,22051,142,23223,147,0,10,-5,89,8,918,0,37,11,"Anderson",76978,72.7480578866689,0.0452022204599524,190.963651952506,3.89721738678583,115.617449141313,4.52022204599524
2020-09-13,1038,21,1004,20,34,1,1193,21,22295,244,23488,265,0,10,16,105,5,923,1,38,11,"Anderson",76978,97.4304346696459,0.0517711171662125,344.254202499415,27.2805217075008,136.402608537504,5.17711171662125
2020-09-14,1044,6,1009,5,35,1,1199,6,22401,106,23600,112,0,10,-7,98,13,936,1,39,11,"Anderson",76978,101.327652056432,0.0517821116341627,145.496115773338,7.79443477357167,127.309101301671,5.17821116341627
2020-09-15,1060,16,1025,16,35,0,1216,17,22641,240,23857,257,1,11,5,103,10,946,1,40,12,"Anderson",76978,110.421159292265,0.0575079872204473,333.86162280132,20.7851593961911,133.80446361298,5.75079872204473
2020-09-16,1068,8,1033,8,35,0,1228,12,22777,136,24005,148,0,11,-5,98,13,959,0,40,12,"Anderson",76978,109.122086830003,0.063568010936432,192.262724414768,10.3925796980956,127.309101301671,6.3568010936432
2020-09-17,1090,22,1053,20,37,2,1248,20,23198,421,24446,441,0,11,15,113,7,966,1,41,12,"Anderson",76978,100.02857959417,0.0551495016611296,572.890955857518,28.5795941697628,146.7951882356,5.51495016611296
2020-09-18,1109,19,1072,19,37,0,1266,18,23422,224,24688,242,0,11,6,119,13,979,0,41,12,"Anderson",76978,123.411883914885,0.0614143920595533,314.375535867391,24.682376782977,154.589623009171,6.14143920595533
2020-09-19,1124,15,1087,15,37,0,1287,21,23704,282,24991,303,0,11,9,128,6,985,1,42,12,"Anderson",76978,139.000753462028,0.0650452488687783,393.618956065369,19.4860869339292,166.281275169529,6.50452488687783
2020-09-20,1131,7,1094,7,37,0,1297,10,23856,152,25153,162,0,11,0,128,7,992,0,42,13,"Anderson",76978,120.813738990361,0.0624624624624625,210.449738886435,9.09350723583361,166.281275169529,6.24624624624625
2020-09-21,1133,2,1096,2,37,0,1299,2,23889,33,25188,35,0,11,-6,122,8,1000,0,42,13,"Anderson",76978,115.617449141313,0.0629722921914358,45.4675361791681,2.59814492452389,158.486840395957,6.29722921914358
2020-09-22,1147,14,1110,14,37,0,1316,17,24137,248,25453,265,0,11,0,122,14,1014,1,43,13,"Anderson",76978,113.019304216789,0.06265664160401,344.254202499415,18.1870144716672,158.486840395957,6.265664160401
2020-09-23,1147,0,1110,0,37,0,1316,0,24178,41,25494,41,0,11,-12,110,12,1026,0,43,13,"Anderson",76978,102.626724518694,0.0591000671591672,53.2619709527397,0,142.897970848814,5.91000671591672
2020-09-24,1160,13,1123,13,37,0,1331,15,24502,324,25833,339,1,12,0,110,12,1038,0,43,13,"Anderson",76978,90.9350723583361,0.0598413842826244,440.385564706799,16.8879420094053,142.897970848814,5.98413842826244
2020-09-25,1174,14,1136,13,38,1,1344,13,24738,236,26082,249,1,13,-2,108,15,1053,0,43,13,"Anderson",76978,84.4397100470264,0.0559540889526542,323.469043103224,18.1870144716672,140.29982592429,5.59540889526542
2020-09-26,1188,14,1150,14,38,0,1361,17,25038,300,26399,317,0,13,8,116,6,1059,0,43,13,"Anderson",76978,83.1406375847645,0.0525568181818182,411.805970537037,18.1870144716672,150.692405622386,5.25568181818182
2020-09-27,1207,19,1167,17,40,2,1377,16,25245,207,26622,223,0,13,12,128,7,1066,0,43,13,"Anderson",76978,98.7295071319078,0.0544588155207624,289.693159084414,24.682376782977,166.281275169529,5.44588155207624
2020-09-28,1210,3,1169,2,41,1,1379,2,25282,37,26661,39,0,13,-9,119,12,1078,0,43,13,"Anderson",76978,100.02857959417,0.0543109300746775,50.6638260282159,3.89721738678583,154.589623009171,5.43109300746775
2020-09-29,1221,11,1179,10,42,1,1389,10,25576,294,26965,304,0,13,-7,112,18,1096,0,43,13,"Anderson",76978,96.1313622073839,0.0482804232804233,394.918028527631,14.2897970848814,145.496115773338,4.82804232804233
2020-09-30,1233,12,1189,10,44,2,1399,10,25642,66,27041,76,0,13,3,115,9,1105,0,43,13,"Anderson",76978,111.720231754527,0.0536522301228184,98.7295071319078,15.5888695471433,149.393333160124,5.36522301228184
2020-10-01,1249,16,1203,14,46,2,1414,15,25922,280,27336,295,0,13,4,119,12,1117,0,43,13,"Anderson",76978,115.617449141313,0.0552228875582169,383.226376367274,20.7851593961911,154.589623009171,5.52228875582169
2020-10-02,1256,7,1209,6,47,1,1421,7,26004,82,27425,89,0,13,1,120,6,1123,0,43,13,"Anderson",76978,106.523941905479,0.0573343261355175,115.617449141313,9.09350723583361,155.888695471433,5.73343261355175
2020-10-03,1272,16,1225,16,47,0,1445,24,26268,264,27713,288,0,13,3,123,13,1136,0,43,13,"Anderson",76978,109.122086830003,0.0639269406392694,374.13286913144,20.7851593961911,159.785912858219,6.39269406392694
2020-10-04,1288,16,1239,14,49,2,1461,16,26605,337,28066,353,0,13,8,131,8,1144,0,43,13,"Anderson",76978,105.224869443218,0.0581717451523546,458.572579178467,20.7851593961911,170.178492556315,5.81717451523546
2020-10-05,1314,26,1264,25,50,1,1488,27,26816,211,28304,238,0,13,11,142,15,1159,1,44,13,"Anderson",76978,135.103536075242,0.0663420572124163,309.179246018343,33.7758840188106,184.468289641196,6.63420572124163
2020-10-06,1342,28,1291,27,51,1,1520,32,27153,337,28673,369,0,13,15,157,13,1172,1,45,13,"Anderson",76978,157.187767933695,0.0766978922716628,479.357738574658,36.3740289433345,203.954376575125,7.66978922716628
2020-10-07,1348,6,1297,6,51,0,1528,8,27388,235,28916,243,0,13,-3,154,9,1181,0,45,13,"Anderson",76978,149.393333160124,0.0688,315.674608329653,7.79443477357167,200.05715918834,6.88
2020-10-08,1358,10,1305,8,53,2,1537,9,27627,239,29164,248,0,13,-3,151,13,1194,1,46,13,"Anderson",76978,141.598898386552,0.0672866520787746,322.169970640962,12.9907246226195,196.159941801554,6.72866520787746
2020-10-09,1373,15,1318,13,55,2,1553,16,27800,173,29353,189,0,13,-2,149,17,1211,0,46,13,"Anderson",76978,151.991478084648,0.0684647302904564,245.524695367508,19.4860869339292,193.56179687703,6.84647302904564
2020-10-10,1389,16,1334,16,55,0,1573,20,28012,212,29585,232,0,13,3,152,13,1224,1,47,14,"Anderson",76978,151.991478084648,0.0683760683760684,301.384811244771,20.7851593961911,197.459014263816,6.83760683760684
2020-10-11,1417,28,1362,28,55,0,1604,31,28301,289,29905,320,0,13,18,170,10,1234,0,47,14,"Anderson",76978,167.580347631791,0.0777596519847743,415.703187923822,36.3740289433345,220.842318584531,7.77596519847743
2020-10-12,1433,16,1377,15,56,1,1620,16,28380,79,30000,95,0,13,-11,159,27,1261,0,47,14,"Anderson",76978,154.589623009171,0.0778301886792453,123.411883914885,20.7851593961911,206.552521499649,7.78301886792453
2020-10-13,1453,20,1395,18,58,2,1638,18,28501,121,30139,139,0,13,7,166,13,1274,0,47,14,"Anderson",76978,144.197043311076,0.0804911323328786,180.57107225441,25.9814492452389,215.646028735483,8.04911323328786
2020-10-14,1475,22,1417,22,58,0,1662,24,28801,300,30463,324,0,13,12,178,10,1284,0,47,14,"Anderson",76978,164.982202707267,0.0866192630898513,420.89947777287,28.5795941697628,231.234898282626,8.66192630898513
2020-10-15,1497,22,1433,16,64,6,1676,14,28952,151,30628,165,0,13,2,180,20,1304,1,48,14,"Anderson",76978,180.57107225441,0.0949453551912568,214.346956273221,28.5795941697628,233.83304320715,9.49453551912568
2020-10-16,1504,7,1436,3,68,4,1680,4,29051,99,30731,103,0,13,-11,169,18,1322,0,48,15,"Anderson",76978,170.178492556315,0.0921625544267054,133.80446361298,9.09350723583361,219.543246122269,9.21625544267054
2020-10-17,1532,28,1463,27,69,1,1710,30,29299,248,31009,278,0,13,14,183,14,1336,2,50,15,"Anderson",76978,185.767362103458,0.0962078651685393,361.142144508821,36.3740289433345,237.730260593936,9.62078651685393
2020-10-18,1552,20,1483,20,69,0,1733,23,29538,239,31271,262,0,13,5,188,15,1351,0,50,15,"Anderson",76978,175.374782405363,0.0944363103953148,340.35698511263,25.9814492452389,244.225622905246,9.44363103953148
2020-10-19,1556,4,1487,4,69,0,1738,5,29615,77,31353,82,0,13,-16,172,20,1371,1,51,15,"Anderson",76978,159.785912858219,0.0872135994087214,106.523941905479,5.19628984904778,223.440463509055,8.72135994087214
2020-10-20,1583,27,1514,27,69,0,1773,35,29815,200,31588,235,0,13,6,178,21,1392,0,51,15,"Anderson",76978,168.879420094053,0.093167701863354,305.282028631557,35.0749564810725,231.234898282626,9.3167701863354
2020-10-21,1600,17,1531,17,69,0,1792,19,30031,216,31823,235,0,13,8,186,9,1401,1,52,15,"Anderson",76978,162.384057782743,0.0955882352941176,305.282028631557,22.0842318584531,241.627477980722,9.55882352941176
2020-10-22,1621,21,1552,21,69,0,1817,25,30363,332,32180,357,1,14,-4,182,24,1425,0,52,15,"Anderson",76978,161.084985320481,0.0908505154639175,463.768869027514,27.2805217075008,236.431188131674,9.08505154639175
2020-10-23,1636,15,1566,14,70,1,1833,16,30638,275,32471,291,0,14,-7,175,22,1447,0,52,15,"Anderson",76978,171.477565018577,0.0879310344827586,378.030086518226,19.4860869339292,227.33768089584,8.79310344827586
2020-10-24,1667,31,1596,30,71,1,1866,33,31014,376,32880,409,0,14,19,194,12,1459,2,54,17,"Anderson",76978,175.374782405363,0.0833778727952966,531.320637065136,40.2712463301203,252.020057678817,8.33778727952966
2020-10-25,1684,17,1612,16,72,1,1885,19,31210,196,33095,215,0,14,0,194,17,1476,4,58,17,"Anderson",76978,171.477565018577,0.0833333333333333,279.300579386318,22.0842318584531,252.020057678817,8.33333333333333
2020-10-26,1700,16,1627,15,73,1,1903,18,31344,134,33247,152,-1,13,-11,183,28,1504,1,59,17,"Anderson",76978,187.06643456572,0.087117212249208,197.459014263816,20.7851593961911,237.730260593936,8.7117212249208
2020-10-27,1729,29,1651,24,78,5,1927,24,31499,155,33426,179,1,14,10,193,18,1522,2,61,17,"Anderson",76978,189.664579490244,0.0837867247007617,232.533970744888,37.6731014055964,250.720985216555,8.37867247007617
2020-10-28,1785,56,1705,54,80,2,1986,59,31933,434,33919,493,0,14,33,226,23,1545,0,61,17,"Anderson",76978,240.32840551846,0.0925572519083969,640.442723895139,72.7480578866689,293.5903764712,9.25572519083969
2020-10-29,1814,29,1726,21,88,8,2005,19,32139,206,34144,225,0,14,6,232,23,1568,2,63,17,"Anderson",76978,250.720985216555,0.0957230142566191,292.291304008938,37.6731014055964,301.384811244771,9.57230142566191
2020-10-30,1851,37,1760,34,91,3,2043,38,32290,151,34333,189,2,16,20,252,15,1583,1,64,17,"Anderson",76978,279.300579386318,0.112781954887218,245.524695367508,48.065681103692,327.36626049001,11.2781954887218
2020-10-31,1851,0,1760,0,91,0,2043,0,32291,1,34334,1,0,16,-10,242,10,1593,0,64,19,"Anderson",76978,239.029333056198,0.121733149931224,1.29907246226194,0,314.375535867391,12.1733149931224
2020-11-01,1856,5,1765,5,91,0,2051,8,32535,244,34586,252,0,16,-10,232,15,1608,0,64,19,"Anderson",76978,223.440463509055,0.111334674714956,327.36626049001,6.49536231130973,301.384811244771,11.1334674714956
2020-11-02,1889,33,1796,31,93,2,2086,35,32802,267,34888,302,0,16,8,240,25,1633,0,64,20,"Anderson",76978,245.524695367508,0.111517367458867,392.319883603107,42.8693912546442,311.777390942867,11.1517367458867
2020-11-03,1915,26,1821,25,94,1,2111,25,32982,180,35093,205,0,16,6,246,20,1653,0,64,21,"Anderson",76978,241.627477980722,0.110377924415117,266.309854763699,33.7758840188106,319.571825716438,11.0377924415117
2020-11-04,1933,18,1836,15,97,3,2129,18,33061,79,35190,97,2,18,1,247,15,1668,1,65,21,"Anderson",76978,192.262724414768,0.112509834775767,126.010028839409,23.383304320715,320.8708981787,11.2509834775767
2020-11-05,1957,24,1854,18,103,6,2149,20,33160,99,35309,119,0,18,1,248,23,1691,0,65,22,"Anderson",76978,185.767362103458,0.123605150214592,154.589623009171,31.1777390942867,322.169970640962,12.3605150214592
2020-11-06,2006,49,1900,46,106,3,2198,49,33527,367,35725,416,0,18,24,272,25,1716,2,67,23,"Anderson",76978,201.356231650601,0.111350574712644,540.414144300969,63.6545506508353,353.347709735249,11.1350574712644
2020-11-07,2086,80,1977,77,109,3,2275,77,33974,447,36249,524,0,18,50,322,30,1746,0,67,23,"Anderson",76978,305.282028631557,0.121148825065274,680.713970225259,103.925796980956,418.301332848346,12.1148825065274
2020-11-08,2140,54,2028,51,112,3,2337,62,34584,610,36921,672,0,18,39,361,15,1761,1,68,23,"Anderson",76978,368.936579282392,0.122483940042827,872.976694640027,70.149912962145,468.965158876562,12.2483940042827
2020-11-09,2148,8,2035,7,113,1,2346,9,34658,74,37004,83,0,18,-46,315,54,1815,0,68,23,"Anderson",76978,336.459767725844,0.122873345935728,107.823014367741,10.3925796980956,409.207825612513,12.2873345935728
2020-11-10,2167,19,2053,18,114,1,2368,22,34829,171,37197,193,0,18,-16,299,35,1850,1,69,23,"Anderson",76978,327.36626049001,0.122148288973384,250.720985216555,24.682376782977,388.422666216322,12.2148288973384
2020-11-11,2206,39,2089,36,117,3,2410,42,35102,273,37512,315,1,19,13,312,25,1875,1,70,23,"Anderson",76978,354.646782197511,0.121016365202412,409.207825612513,50.6638260282159,405.310608225727,12.1016365202412
2020-11-12,2213,7,2095,6,118,1,2418,8,35300,198,37718,206,0,19,-13,299,20,1895,0,70,24,"Anderson",76978,332.562550339058,0.111664591116646,267.608927225961,9.09350723583361,388.422666216322,11.1664591116646
2020-11-13,2269,56,2148,53,121,3,2477,59,35562,262,38039,321,2,21,31,330,23,1918,2,72,24,"Anderson",76978,341.656057574892,0.12057044079516,417.002260386084,72.7480578866689,428.693912546442,12.057044079516
2020-11-14,2310,41,2188,40,122,1,2522,45,35958,396,38480,441,1,22,20,350,20,1938,1,73,25,"Anderson",76978,290.992231546676,0.110712684894666,572.890955857518,53.2619709527397,454.675361791681,11.0712684894666
2020-11-15,2408,98,2286,98,122,0,2630,108,36540,582,39170,690,1,23,79,429,18,1956,1,74,25,"Anderson",76978,348.151419886201,0.130280124499778,896.359998960742,127.309101301671,557.302086310374,13.0280124499778
2020-11-16,2457,49,2315,29,142,20,2659,29,36817,277,39476,306,0,23,-6,423,55,2011,1,75,25,"Anderson",76978,401.413390838941,0.126618122977346,397.516173452155,63.6545506508353,549.507651536803,12.6618122977346
2020-11-17,2473,16,2330,15,143,1,2675,16,37023,206,39698,222,2,25,-37,386,51,2062,1,76,26,"Anderson",76978,397.516173452155,0.122750899640144,288.394086622152,20.7851593961911,501.441970433111,12.2750899640144
2020-11-18,2503,30,2356,26,147,4,2701,26,37317,294,40018,320,0,25,-5,381,35,2097,0,76,27,"Anderson",76978,385.824521291798,0.116121308858739,415.703187923822,38.9721738678584,494.946608121801,11.6121308858739
2020-11-19,2561,58,2410,54,151,4,2763,62,37733,416,40496,478,0,25,19,400,39,2136,1,77,27,"Anderson",76978,452.077216867157,0.124190064794816,620.95663696121,75.3462028111928,519.628984904778,12.4190064794816
2020-11-20,2591,30,2437,27,154,3,2794,31,37847,114,40641,145,0,25,-10,390,40,2176,0,77,28,"Anderson",76978,418.301332848346,0.121829362029208,188.365507027982,38.9721738678584,506.638260282159,12.1829362029208
2020-11-21,2648,57,2486,49,162,8,2842,48,38191,344,41033,392,0,25,34,424,23,2199,1,78,28,"Anderson",76978,439.086492244537,0.125342734038386,509.236405206682,74.0471303489309,550.806723999065,12.5342734038386
2020-11-22,2704,56,2535,49,169,7,2899,57,38674,483,41573,540,0,25,42,466,14,2213,1,79,31,"Anderson",76978,384.525448829536,0.111943404078236,701.49912962145,72.7480578866689,605.367767414066,11.1943404078236
2020-11-23,2711,7,2541,6,170,1,2905,6,38696,22,41601,28,0,25,-64,402,71,2284,0,79,32,"Anderson",76978,329.964405414534,0.115764705882353,36.3740289433345,9.09350723583361,522.227129829302,11.5764705882353
2020-11-24,2724,13,2553,12,171,1,2917,12,38853,157,41770,169,2,27,-35,367,46,2330,0,79,32,"Anderson",76978,326.067188027748,0.116795366795367,219.543246122269,16.8879420094053,476.759593650134,11.6795366795367
2020-11-25,2752,28,2574,21,178,7,2938,21,38890,37,41828,58,1,28,-11,356,38,2368,0,79,32,"Anderson",76978,323.469043103224,0.130939226519337,75.3462028111928,36.3740289433345,462.469796565252,13.0939226519337
2020-11-26,2797,45,2616,42,181,3,2983,45,39240,350,42223,395,0,28,-30,326,75,2443,1,80,33,"Anderson",76978,306.581101093819,0.127388535031847,513.133622593468,58.4582608017875,423.497622697394,12.7388535031847
2020-11-27,2896,99,2706,90,190,9,3078,95,39666,426,42744,521,0,28,56,382,43,2486,3,83,35,"Anderson",76978,396.217100989893,0.135045173561579,676.816752838473,128.608173763933,496.245680584063,13.5045173561579
2020-11-28,2927,31,2731,25,196,6,3108,30,39809,143,42917,173,1,29,5,387,25,2511,2,85,35,"Anderson",76978,362.441216971083,0.141188959660297,224.739535971316,40.2712463301203,502.741042895373,14.1188959660297
2020-11-29,3018,91,2820,89,198,2,3204,96,40246,437,43450,533,0,29,65,452,26,2537,1,86,35,"Anderson",76978,407.908753150251,0.162493340436867,692.405622385617,118.215594065837,587.180752942399,16.2493340436867
2020-11-30,3088,70,2886,66,202,4,3277,73,40498,252,43775,325,0,29,1,453,69,2606,0,86,37,"Anderson",76978,489.750318272753,0.171113155473781,422.198550235132,90.9350723583361,588.479825404661,17.1113155473781
2020-12-01,3164,76,2952,66,212,10,3349,72,40929,431,44278,503,1,30,14,467,61,2667,6,92,38,"Anderson",76978,571.591883395256,0.172248803827751,653.433448517758,98.7295071319078,606.666839876328,17.2248803827751
2020-12-02,3179,15,2966,14,213,1,3365,16,41037,108,44402,124,0,30,-40,427,55,2722,0,92,38,"Anderson",76978,554.70394138585,0.165889665889666,161.084985320481,19.4860869339292,554.70394138585,16.5889665889666
2020-12-03,3220,41,2995,29,225,12,3398,33,41261,224,44659,257,1,31,-14,413,54,2776,1,93,39,"Anderson",76978,549.507651536803,0.170361247947455,333.86162280132,53.2619709527397,536.516926914183,17.0361247947455
2020-12-04,3287,67,3055,60,232,7,3461,63,41419,158,44880,221,1,32,-25,388,91,2867,0,93,39,"Anderson",76978,507.93733274442,0.179307116104869,287.09501415989,87.0378549715503,504.040115357635,17.9307116104869
2020-12-05,3318,31,3074,19,244,12,3479,18,41486,67,44965,85,0,32,1,389,30,2897,0,93,39,"Anderson",76978,507.93733274442,0.18115234375,110.421159292265,40.2712463301203,505.339187819897,18.115234375
2020-12-06,3354,36,3103,29,251,7,3507,28,41694,208,45201,236,0,32,12,401,24,2921,2,95,40,"Anderson",76978,436.488347320014,0.173043974871502,306.581101093819,46.76660864143,520.92805736704,17.3043974871502
2020-12-07,3494,140,3227,124,267,16,3643,136,42287,593,45930,729,2,34,28,429,110,3031,4,99,41,"Anderson",76978,527.42341967835,0.169837587006961,947.023824988958,181.870144716672,557.302086310374,16.9837587006961
2020-12-08,3565,71,3276,49,289,22,3695,52,42585,298,46280,350,1,35,-8,421,78,3109,2,101,43,"Anderson",76978,520.92805736704,0.172827172827173,454.675361791681,92.2341448205981,546.909506612279,17.2827172827173
2020-12-09,3670,105,3367,91,303,14,3799,104,42846,261,46645,365,0,35,46,467,59,3168,3,104,44,"Anderson",76978,637.844578970615,0.193490860454748,474.16144872561,136.402608537504,606.666839876328,19.3490860454748
2020-12-10,3764,94,3445,78,319,16,3886,87,43378,532,47264,619,3,38,81,548,10,3178,3,107,45,"Anderson",76978,706.695419470498,0.187332053742802,804.125854140144,122.112811452623,711.891709319546,18.7332053742802
2020-12-11,3837,73,3498,53,339,20,3937,51,43544,166,47481,217,1,39,30,578,42,3220,2,109,45,"Anderson",76978,714.48985424407,0.183006535947712,281.898724310842,94.832289745122,750.863883187404,18.3006535947712
2020-12-12,3925,88,3559,61,366,27,4002,65,44057,513,48059,578,0,39,55,633,33,3253,2,111,45,"Anderson",76978,788.536984593001,0.169036845507434,750.863883187404,114.318376679051,822.312868611811,16.9036845507434
2020-12-13,4157,232,3742,183,415,49,4206,204,44929,872,49135,1076,1,40,188,821,43,3296,0,111,47,"Anderson",76978,1043.15518719634,0.177681748856126,1397.80196939385,301.384811244771,1066.53849151706,17.7681748856126
2020-12-14,4272,115,3827,85,445,30,4305,99,45220,291,49525,390,0,40,-37,784,152,3448,1,112,48,"Anderson",76978,1010.67837563979,0.184144645340751,506.638260282159,149.393333160124,1018.47281041336,18.4144645340751
2020-12-15,4407,135,3912,85,495,50,4401,96,45747,527,50148,623,1,41,42,826,92,3540,6,118,51,"Anderson",76978,1093.81901322456,0.182523267838676,809.322143989192,175.374782405363,1073.03385382837,18.2523267838676
2020-12-16,4476,69,3942,30,534,39,4437,36,46070,323,50507,359,2,43,-17,809,84,3624,4,122,52,"Anderson",76978,1047.05240458313,0.165199378560331,466.367013952038,89.6359998960742,1050.94962196991,16.5199378560331
2020-12-17,4677,201,4116,174,561,27,4631,194,46598,528,51229,722,2,45,114,923,85,3709,2,124,54,"Anderson",76978,1186.05315804516,0.187894073139975,937.930317753124,261.113564914651,1199.04388266778,18.7894073139975
2020-12-18,4775,98,4192,76,583,22,4718,87,46964,366,51682,453,1,46,23,946,74,3783,2,126,54,"Anderson",76978,1218.5299696017,0.185908117114973,588.479825404661,127.309101301671,1228.9225492998,18.5908117114973
2020-12-19,4880,105,4273,81,607,24,4805,87,47222,258,52027,345,0,46,74,1020,31,3814,1,127,55,"Anderson",76978,1240.61420146016,0.202368951612903,448.179999480371,136.402608537504,1325.05391150718,20.2368951612903
2020-12-20,5020,140,4395,122,625,18,4942,137,47686,464,52628,601,2,48,84,1104,54,3868,3,130,56,"Anderson",76978,1121.09953493206,0.2107071285428,780.742549819429,181.870144716672,1434.17599833719,21.07071285428
2020-12-21,5068,48,4413,18,655,30,4965,23,47906,220,52871,243,3,51,-83,1021,128,3996,2,132,59,"Anderson",76978,1034.06167996051,0.197250448296473,315.674608329653,62.3554781885734,1326.35298396945,19.7250448296473
2020-12-22,5138,70,4457,44,681,26,5012,47,48012,106,53024,153,1,52,-31,990,100,4096,2,134,64,"Anderson",76978,949.621969913482,0.212447844228095,198.758086726078,90.9350723583361,1286.08173763933,21.2447844228095
2020-12-23,5212,74,4499,42,713,32,5055,43,48328,316,53383,359,2,54,-8,982,80,4176,2,136,66,"Anderson",76978,956.117332224792,0.214881780250348,466.367013952038,96.1313622073839,1275.68915794123,21.4881780250348
2020-12-24,5270,58,4523,24,747,34,5082,27,48480,152,53562,179,1,55,-47,935,104,4280,1,137,71,"Anderson",76978,770.349970121333,0.193313330475782,232.533970744888,75.3462028111928,1214.63275221492,19.3313330475782
2020-12-25,5364,94,4601,78,763,16,5175,93,48889,409,54064,502,0,55,-16,919,110,4390,1,138,72,"Anderson",76978,765.153680272286,0.191855583543241,652.134376055496,122.112811452623,1193.84759281873,19.1855583543241
2020-12-26,5420,56,4630,29,790,27,5203,28,49008,119,54211,147,0,55,6,925,50,4440,3,141,74,"Anderson",76978,701.49912962145,0.182234432234432,190.963651952506,72.7480578866689,1201.6420275923,18.2234432234432
2020-12-27,5480,60,4667,37,813,23,5239,36,49144,136,54383,172,1,56,29,954,30,4470,6,147,75,"Anderson",76978,597.573332640495,0.169230769230769,223.440463509055,77.9443477357167,1239.3151289979,16.9230769230769
2020-12-28,5527,47,4688,21,839,26,5259,20,49213,69,54472,89,2,58,-85,869,130,4600,4,151,82,"Anderson",76978,596.274260178233,0.183635227982511,115.617449141313,61.0564057263114,1128.89396970563,18.3635227982511
2020-12-29,5623,96,4740,52,883,44,5307,48,49308,95,54615,143,2,60,-34,835,128,4728,5,156,85,"Anderson",76978,630.050144197043,0.185417976115651,185.767362103458,124.710956377147,1084.72550598872,18.5417976115651
2020-12-30,5658,35,4758,18,900,17,5324,17,49436,128,54760,145,6,66,-89,746,118,4846,1,157,88,"Anderson",76978,579.386318168827,0.195352214960058,188.365507027982,45.4675361791681,969.108056847411,19.5352214960058
2020-12-31,5821,163,4858,100,963,63,5426,102,49740,304,55166,406,6,72,63,809,94,4940,1,158,93,"Anderson",76978,715.788926706332,0.214463840399002,527.42341967835,211.748811348697,1050.94962196991,21.4463840399002
2021-01-01,5886,65,4900,42,986,23,5481,55,50016,276,55497,331,0,72,-25,784,90,5030,2,160,94,"Anderson",76978,678.115825300735,0.213538032100488,429.992985008704,84.4397100470264,1018.47281041336,21.3538032100488
2021-01-02,5979,93,4941,41,1038,52,5522,41,50301,285,55823,326,0,72,48,832,45,5075,2,162,96,"Anderson",76978,726.181506404427,0.197890818858561,423.497622697394,120.813738990361,1080.82828860194,19.7890818858561
2021-01-03,6004,25,4953,12,1051,13,5538,16,50353,52,55891,68,0,72,-9,823,34,5109,1,163,98,"Anderson",76978,680.713970225259,0.198275862068966,88.3369274338123,32.4768115565486,1069.13663644158,19.8275862068966
2021-01-04,6041,37,4977,24,1064,13,5569,31,50460,107,56029,138,1,73,-57,766,93,5202,0,163,103,"Anderson",76978,667.72324560264,0.199100834938985,179.271999792148,48.065681103692,995.08950609265,19.9100834938985
2021-01-05,6113,72,5008,31,1105,41,5600,31,50578,118,56178,149,2,75,-48,718,118,5320,2,165,106,"Anderson",76978,636.545506508353,0.187460012795905,193.56179687703,93.53321728286,932.734027904076,18.7460012795905
2021-01-06,6187,74,5048,40,1139,34,5643,43,50739,161,56382,204,5,80,-12,706,81,5401,2,167,108,"Anderson",76978,687.209332536569,0.196670776818742,265.010782301437,96.1313622073839,917.145158356933,19.6670776818742
2021-01-07,6292,105,5128,80,1164,25,5735,92,50960,221,56695,313,1,81,65,771,39,5440,1,168,111,"Anderson",76978,611.863129725376,0.202092871157619,406.609680687989,136.402608537504,1001.58486840396,20.2092871157619
2021-01-08,6374,82,5178,50,1196,32,5787,52,51159,199,56946,251,5,86,61,832,16,5456,2,170,114,"Anderson",76978,633.947361583829,0.211180124223602,326.067188027748,106.523941905479,1080.82828860194,21.1180124223602
2021-01-09,6485,111,5247,69,1238,42,5862,75,51590,431,57452,506,2,88,44,876,65,5521,0,170,116,"Anderson",76978,657.330665904544,0.208717004297115,657.330665904544,144.197043311076,1137.98747694146,20.8717004297115
2021-01-10,6545,60,5272,25,1273,35,5887,25,51684,94,57571,119,2,90,28,904,30,5551,3,173,117,"Anderson",76978,702.798202083712,0.207738095238095,154.589623009171,77.9443477357167,1174.3615058848,20.7738095238095
2021-01-11,6578,33,5282,10,1296,23,5900,13,51755,71,57655,84,1,91,-93,811,125,5676,1,174,119,"Anderson",76978,697.601912234664,0.203567035670357,109.122086830003,42.8693912546442,1053.54776689444,20.3567035670357
2021-01-12,6631,53,5316,34,1315,19,5938,38,51927,172,57865,210,2,93,-100,711,151,5827,1,175,119,"Anderson",76978,672.919535451687,0.200355660936574,272.805217075008,68.8508404998831,923.640520668243,20.0355660936574
2021-01-13,6657,26,5333,17,1324,9,5957,19,52017,90,57974,109,3,96,-45,666,68,5895,0,175,120,"Anderson",76978,610.564057263114,0.197236180904523,141.598898386552,33.7758840188106,865.182259866455,19.7236180904523
2021-01-14,6754,97,5395,62,1359,35,6031,74,52424,407,58455,481,5,101,8,674,84,5979,2,177,122,"Anderson",76978,600.171477565019,0.168181818181818,624.853854347995,126.010028839409,875.574839564551,16.8181818181818
2021-01-15,6788,34,5415,20,1373,14,6055,24,52579,155,58634,179,0,101,-16,658,50,6029,1,178,125,"Anderson",76978,537.815999376445,0.158767772511848,232.533970744888,44.1684637169061,854.78968016836,15.8767772511848
2021-01-16,6852,64,5445,30,1407,34,6088,33,52823,244,58911,277,1,102,2,660,61,6090,1,179,128,"Anderson",76978,476.759593650134,0.154900616860864,359.843072046559,83.1406375847645,857.387825092884,15.4900616860864
2021-01-17,6889,37,5465,20,1424,17,6111,23,52927,104,59038,127,0,102,-6,654,43,6133,0,179,130,"Anderson",76978,446.880927018109,0.152692569870484,164.982202707267,48.065681103692,849.593390319312,15.2692569870484
2021-01-18,6908,19,5473,8,1435,11,6121,10,53023,96,59144,106,1,103,-67,587,85,6218,0,179,131,"Anderson",76978,428.693912546442,0.148421759570181,137.701680999766,24.682376782977,762.555535347762,14.8421759570181
2021-01-19,6950,42,5490,17,1460,25,6141,20,53135,112,59276,132,1,104,-78,509,119,6337,0,179,133,"Anderson",76978,414.40411546156,0.143869596031184,171.477565018577,54.5610434150017,661.22788329133,14.3869596031184
2021-01-20,6978,28,5506,16,1472,12,6160,19,53287,152,59447,171,3,107,-29,480,54,6391,0,179,135,"Anderson",76978,417.002260386084,0.137813985064494,222.141391046793,36.3740289433345,623.554781885734,13.7813985064494
2021-01-21,7034,56,5546,40,1488,16,6199,39,53528,241,59727,280,5,112,-42,438,93,6484,2,181,136,"Anderson",76978,363.740289433345,0.132075471698113,363.740289433345,72.7480578866689,568.993738470732,13.2075471698113
2021-01-22,7072,38,5564,18,1508,20,6221,22,53673,145,59894,167,2,114,-16,422,52,6536,0,181,139,"Anderson",76978,368.936579282392,0.131746031746032,216.945101197745,49.3647535659539,548.208579074541,13.1746031746032
2021-01-23,7110,38,5578,14,1532,24,6234,13,53933,260,60167,273,0,114,8,430,30,6566,1,182,139,"Anderson",76978,335.160695263582,0.116242038216561,354.646782197511,49.3647535659539,558.601158772636,11.6242038216561
2021-01-24,7123,13,5590,12,1533,1,6248,14,54000,67,60248,81,0,114,-21,409,34,6600,0,182,141,"Anderson",76978,303.982956169295,0.113223140495868,105.224869443218,16.8879420094053,531.320637065136,11.3223140495868
2021-01-25,7140,17,5601,11,1539,6,6259,11,54060,60,60319,71,2,116,-47,362,62,6662,1,183,143,"Anderson",76978,301.384811244771,0.117446808510638,92.2341448205981,22.0842318584531,470.264231338824,11.7446808510638
2021-01-26,7167,27,5621,20,1546,7,6284,25,54224,164,60508,189,0,116,-36,326,63,6725,1,184,146,"Anderson",76978,281.898724310842,0.116071428571429,245.524695367508,35.0749564810725,423.497622697394,11.6071428571429
2021-01-27,7184,17,5629,8,1555,9,6293,9,54310,86,60603,95,4,120,-18,308,31,6756,0,184,148,"Anderson",76978,267.608927225961,0.115051903114187,123.411883914885,22.0842318584531,400.114318376679,11.5051903114187
2021-01-28,7271,87,5669,40,1602,47,6340,47,54536,226,60876,273,4,124,24,332,59,6815,0,184,149,"Anderson",76978,307.880173556081,0.122715404699739,354.646782197511,113.019304216789,431.292057470966,12.2715404699739
2021-01-29,7284,13,5673,4,1611,9,6345,5,54581,45,60926,50,1,125,-34,298,46,6861,1,185,149,"Anderson",76978,275.403361999532,0.12015503875969,64.9536231130973,16.8879420094053,387.12359375406,12.015503875969
2021-01-30,7324,40,5708,35,1616,5,6381,36,54840,259,61221,295,2,127,1,299,37,6898,2,187,150,"Anderson",76978,278.001506924056,0.139468690702087,383.226376367274,51.9628984904778,388.422666216322,13.9468690702087
2021-01-31,7340,16,5715,7,1625,9,6392,11,55009,169,61401,180,1,128,-4,295,19,6917,0,187,152,"Anderson",76978,281.898724310842,0.12489158716392,233.83304320715,20.7851593961911,383.226376367274,12.489158716392
2021-02-01,7360,20,5727,12,1633,8,6405,13,55062,53,61467,66,1,129,-26,269,45,6962,1,188,153,"Anderson",76978,285.795941697628,0.127177700348432,85.7387825092884,25.9814492452389,349.450492348463,12.7177700348432
2021-02-02,7367,7,5733,6,1634,1,6411,6,55131,69,61542,75,5,134,-45,224,47,7009,0,188,154,"Anderson",76978,259.814492452389,0.122823984526112,97.4304346696459,9.09350723583361,290.992231546676,12.2823984526112
2021-02-03,7390,23,5740,7,1650,16,6421,10,55323,192,61744,202,4,138,2,226,17,7026,0,188,155,"Anderson",76978,267.608927225961,0.112182296231376,262.412637376913,29.8786666320247,293.5903764712,11.2182296231376
2021-02-04,7420,30,5754,14,1666,16,6438,17,55647,324,62085,341,2,140,-5,221,33,7059,0,188,155,"Anderson",76978,193.56179687703,0.0810587262200165,442.983709631323,38.9721738678584,287.09501415989,8.10587262200166
2021-02-05,7438,18,5765,11,1673,7,6455,17,55804,157,62259,174,2,142,-13,208,29,7088,0,188,156,"Anderson",76978,200.05715918834,0.0825206301575394,226.038608433578,23.383304320715,270.207072150485,8.25206301575394
2021-02-06,7464,26,5781,16,1683,10,6475,20,56026,222,62501,242,1,143,8,216,17,7105,0,188,156,"Anderson",76978,181.870144716672,0.0734375,314.375535867391,33.7758840188106,280.59965184858,7.34375
2021-02-07,7477,13,5788,7,1689,6,6483,8,56133,107,62616,115,0,143,-10,206,23,7128,0,188,156,"Anderson",76978,177.972927329886,0.0748971193415638,149.393333160124,16.8879420094053,267.608927225961,7.48971193415638
2021-02-08,7502,25,5794,6,1708,19,6488,5,56155,22,62643,27,2,145,-13,193,36,7164,0,188,156,"Anderson",76978,184.468289641196,0.070578231292517,35.0749564810725,32.4768115565486,250.720985216555,7.0578231292517
2021-02-09,7526,24,5804,10,1722,14,6499,11,56324,169,62823,180,2,147,-24,169,46,7210,2,190,156,"Anderson",76978,206.552521499649,0.068696330991413,233.83304320715,31.1777390942867,219.543246122269,6.8696330991413
2021-02-10,7551,25,5819,15,1732,10,6518,19,56519,195,63037,214,1,148,8,177,16,7226,1,191,156,"Anderson",76978,209.150666424173,0.0750193348801237,278.001506924056,32.4768115565486,229.935825820364,7.50193348801237
2021-02-11,7564,13,5827,8,1737,5,6530,12,56699,180,63229,192,-1,147,-16,161,30,7256,0,191,157,"Anderson",76978,187.06643456572,0.0804195804195804,249.421912754293,16.8879420094053,209.150666424173,8.04195804195804
2021-02-12,7591,27,5842,15,1749,12,6545,15,56893,194,63438,209,0,147,13,174,14,7270,0,191,157,"Anderson",76978,198.758086726078,0.0763358778625954,271.506144612746,35.0749564810725,226.038608433578,7.63358778625954
2021-02-13,7617,26,5852,10,1765,16,6555,10,57082,189,63637,199,0,147,11,185,15,7285,0,191,157,"Anderson",76978,198.758086726078,0.0704225352112676,258.515419990127,33.7758840188106,240.32840551846,7.04225352112676
2021-02-14,7631,14,5862,10,1769,4,6566,11,57143,61,63709,72,2,149,1,186,11,7296,0,191,157,"Anderson",76978,200.05715918834,0.0759377859103385,93.53321728286,18.1870144716672,241.627477980722,7.59377859103385
2021-02-15,7647,16,5870,8,1777,8,6575,9,57216,73,63791,82,0,149,-7,179,23,7319,1,192,158,"Anderson",76978,188.365507027982,0.0757839721254355,106.523941905479,20.7851593961911,232.533970744888,7.57839721254355
2021-02-16,7676,29,5884,14,1792,15,6592,17,57300,84,63892,101,0,149,11,190,18,7337,0,192,158,"Anderson",76978,194.860869339292,0.0869971936389149,131.206318688456,37.6731014055964,246.82376782977,8.69971936389149
2021-02-17,7695,19,5896,12,1799,7,6604,12,57408,108,64012,120,0,149,-8,182,27,7364,0,192,160,"Anderson",76978,187.06643456572,0.0882051282051282,155.888695471433,24.682376782977,236.431188131674,8.82051282051282
2021-02-18,7719,24,5918,22,1801,2,6630,26,57564,156,64194,182,0,149,9,191,15,7379,0,192,160,"Anderson",76978,201.356231650601,0.103626943005181,236.431188131674,31.1777390942867,248.122840292031,10.3626943005181
2021-02-19,7733,14,5929,11,1804,3,6645,15,57610,46,64255,61,0,149,1,192,13,7392,0,192,161,"Anderson",76978,184.468289641196,0.122399020807834,79.2434201979787,18.1870144716672,249.421912754293,12.2399020807834
2021-02-20,7752,19,5936,7,1816,12,6654,9,57732,122,64386,131,1,150,3,195,15,7407,0,192,162,"Anderson",76978,175.374782405363,0.132176234979973,170.178492556315,24.682376782977,253.319130141079,13.2176234979973
2021-02-21,7764,12,5943,7,1821,5,6661,7,57796,64,64457,71,2,152,-1,194,11,7418,1,193,162,"Anderson",76978,172.776637480839,0.127005347593583,92.2341448205981,15.5888695471433,252.020057678817,12.7005347593583
2021-02-22,7769,5,5945,2,1824,3,6667,6,57833,37,64500,43,1,153,-17,177,21,7439,0,193,163,"Anderson",76978,158.486840395957,0.129760225669958,55.8601158772636,6.49536231130973,229.935825820364,12.9760225669958
2021-02-23,7793,24,5954,9,1839,15,6675,8,57976,143,64651,151,2,155,-2,175,24,7463,0,193,165,"Anderson",76978,151.991478084648,0.10935441370224,196.159941801554,31.1777390942867,227.33768089584,10.935441370224
2021-02-24,7825,32,5973,19,1852,13,6698,23,58150,174,64848,197,0,155,15,190,17,7480,0,193,165,"Anderson",76978,168.879420094053,0.11244019138756,255.917275065603,41.5703187923822,246.82376782977,11.244019138756
2021-02-25,7842,17,5981,8,1861,9,6709,11,58277,127,64986,138,1,156,-4,186,20,7500,0,193,165,"Anderson",76978,159.785912858219,0.0997474747474748,179.271999792148,22.0842318584531,241.627477980722,9.97474747474748
2021-02-26,7854,12,5989,8,1865,4,6718,9,58376,99,65094,108,0,156,-17,169,29,7529,0,193,165,"Anderson",76978,157.187767933695,0.0870083432657926,140.29982592429,15.5888695471433,219.543246122269,8.70083432657926
2021-02-27,7863,9,5996,7,1867,2,6724,6,58468,92,65192,98,0,156,-6,163,15,7544,0,193,165,"Anderson",76978,144.197043311076,0.086848635235732,127.309101301671,11.6916521603575,211.748811348697,8.6848635235732
2021-02-28,7877,14,6006,10,1871,4,6735,11,58539,71,65274,82,0,156,0,163,14,7558,0,193,165,"Anderson",76978,146.7951882356,0.0905752753977968,106.523941905479,18.1870144716672,211.748811348697,9.05752753977968
2021-03-01,7885,8,6011,5,1874,3,6742,7,58574,35,65316,42,0,156,-11,152,19,7577,0,193,165,"Anderson",76978,150.692405622386,0.0919117647058824,54.5610434150017,10.3925796980956,197.459014263816,9.19117647058824
2021-03-02,7908,23,6022,11,1886,12,6752,10,58690,116,65442,126,1,157,-2,150,24,7601,1,194,165,"Anderson",76978,149.393333160124,0.0973451327433628,163.683130245005,29.8786666320247,194.860869339292,9.73451327433628
2021-03-03,7941,33,6043,21,1898,12,6777,25,58806,116,65583,141,1,158,13,163,19,7620,0,194,166,"Anderson",76978,150.692405622386,0.107482993197279,183.169217178934,42.8693912546442,211.748811348697,10.7482993197279
2021-03-04,7966,25,6056,13,1910,12,6794,17,58969,163,65763,180,0,158,13,176,12,7632,0,194,166,"Anderson",76978,161.084985320481,0.109395109395109,233.83304320715,32.4768115565486,228.636753358102,10.9395109395109
2021-03-05,7999,33,6073,17,1926,16,6816,22,59103,134,65919,156,0,158,18,194,15,7647,2,196,166,"Anderson",76978,188.365507027982,0.118787878787879,202.655304112863,42.8693912546442,252.020057678817,11.8787878787879
2021-03-06,8009,10,6078,5,1931,5,6824,8,59192,89,66016,97,0,158,-1,193,11,7658,0,196,166,"Anderson",76978,189.664579490244,0.121359223300971,126.010028839409,12.9907246226195,250.720985216555,12.1359223300971
2021-03-07,8015,6,6081,3,1934,3,6827,3,59231,39,66058,42,0,158,-10,183,16,7674,0,196,166,"Anderson",76978,179.271999792148,0.11734693877551,54.5610434150017,7.79443477357167,237.730260593936,11.734693877551
2021-03-08,8031,16,6087,6,1944,10,6836,9,59308,77,66144,86,1,159,-4,179,19,7693,0,196,166,"Anderson",76978,189.664579490244,0.113526570048309,111.720231754527,20.7851593961911,232.533970744888,11.3526570048309
2021-03-09,8052,21,6095,8,1957,13,6844,8,59373,65,66217,73,0,159,3,182,18,7711,3,199,167,"Anderson",76978,187.06643456572,0.118709677419355,94.832289745122,27.2805217075008,236.431188131674,11.8709677419355
2021-03-10,8074,22,6108,13,1966,9,6860,16,59530,157,66390,173,0,159,11,193,11,7722,1,200,167,"Anderson",76978,172.776637480839,0.102850061957869,224.739535971316,28.5795941697628,250.720985216555,10.2850061957869
2021-03-11,8097,23,6118,10,1979,13,6870,10,59627,97,66497,107,0,159,1,194,22,7744,1,201,168,"Anderson",76978,170.178492556315,0.103542234332425,139.000753462028,29.8786666320247,252.020057678817,10.3542234332425
2021-03-12,8117,20,6135,17,1982,3,6890,20,59733,106,66623,126,0,159,8,202,12,7756,0,201,168,"Anderson",76978,153.29055054691,0.105113636363636,163.683130245005,25.9814492452389,262.412637376913,10.5113636363636
2021-03-13,8128,11,6139,4,1989,7,6894,4,59809,76,66703,80,0,159,2,204,9,7765,1,202,168,"Anderson",76978,154.589623009171,0.101892285298399,103.925796980956,14.2897970848814,265.010782301437,10.1892285298399
2021-03-14,8134,6,6143,4,1991,2,6900,6,59845,36,66745,42,0,159,-13,191,19,7784,1,203,168,"Anderson",76978,154.589623009171,0.106259097525473,54.5610434150017,7.79443477357167,248.122840292031,10.6259097525473
2021-03-15,8152,18,6148,5,2004,13,6906,6,59878,33,66784,39,0,159,-9,182,27,7811,1,204,168,"Anderson",76978,157.187767933695,0.109375,50.6638260282159,23.383304320715,236.431188131674,10.9375
2021-03-16,8185,33,6161,13,2024,20,6921,15,59971,93,66892,108,0,159,-2,180,35,7846,2,206,168,"Anderson",76978,172.776637480839,0.114074074074074,140.29982592429,42.8693912546442,233.83304320715,11.4074074074074
2021-03-17,8202,17,6172,11,2030,6,6934,13,60058,87,66992,100,0,159,-5,175,22,7868,0,206,169,"Anderson",76978,166.281275169529,0.122923588039867,129.907246226195,22.0842318584531,227.33768089584,12.2923588039867
2021-03-18,8218,16,6184,12,2034,4,6949,15,60139,81,67088,96,1,160,-1,174,16,7884,0,206,169,"Anderson",76978,157.187767933695,0.133671742808799,124.710956377147,20.7851593961911,226.038608433578,13.3671742808799
2021-03-19,8243,25,6199,15,2044,10,6962,13,60258,119,67220,132,0,160,13,187,12,7896,1,207,169,"Anderson",76978,163.683130245005,0.120603015075377,171.477565018577,32.4768115565486,242.926550442984,12.0603015075377
2021-03-20,8255,12,6205,6,2050,6,6970,8,60297,39,67267,47,0,160,3,190,9,7905,1,208,169,"Anderson",76978,164.982202707267,0.134751773049645,61.0564057263114,15.5888695471433,246.82376782977,13.4751773049645
2021-03-21,8265,10,6211,6,2054,4,6977,7,60359,62,67336,69,-1,159,-5,185,16,7921,0,208,169,"Anderson",76978,170.178492556315,0.130287648054146,89.6359998960742,12.9907246226195,240.32840551846,13.0287648054146
2021-03-22,8271,6,6212,1,2059,5,6978,1,60425,66,67403,67,0,159,-7,178,13,7934,1,209,169,"Anderson",76978,154.589623009171,0.116316639741519,87.0378549715503,7.79443477357167,231.234898282626,11.6316639741519
2021-03-23,8277,6,6213,1,2064,5,6979,1,60468,43,67447,44,0,159,-15,163,21,7955,0,209,170,"Anderson",76978,119.514666528099,0.104504504504505,57.1591883395256,7.79443477357167,211.748811348697,10.4504504504505
2021-03-24,8285,8,6220,7,2065,1,6986,7,60589,121,67575,128,1,160,-11,152,18,7973,0,209,170,"Anderson",76978,107.823014367741,0.0891938250428816,166.281275169529,10.3925796980956,197.459014263816,8.91938250428817
2021-03-25,8295,10,6225,5,2070,5,6992,6,60690,101,67682,107,0,160,-10,142,20,7993,0,209,170,"Anderson",76978,100.02857959417,0.0723905723905724,139.000753462028,12.9907246226195,184.468289641196,7.23905723905724
2021-03-26,8312,17,6237,12,2075,5,7003,11,60756,66,67759,77,0,160,3,145,14,8007,0,209,171,"Anderson",76978,89.6359998960742,0.0760667903525046,100.02857959417,22.0842318584531,188.365507027982,7.60667903525046
2021-03-27,8316,4,6241,4,2075,0,7009,6,60820,64,67829,70,1,161,-12,133,15,8022,2,211,171,"Anderson",76978,79.2434201979786,0.0693950177935943,90.9350723583361,5.19628984904778,172.776637480839,6.93950177935943
2021-03-28,8319,3,6241,0,2078,3,7009,0,60849,29,67858,29,1,162,-12,121,14,8036,0,211,172,"Anderson",76978,70.149912962145,0.0613026819923372,37.6731014055964,3.89721738678583,157.187767933695,6.13026819923372
2021-03-29,8334,15,6245,4,2089,11,7013,4,60935,86,67948,90,1,163,-16,105,30,8066,0,211,173,"Anderson",76978,81.8415651225025,0.0642201834862385,116.916521603575,19.4860869339292,136.402608537504,6.42201834862385
2021-03-30,8339,5,6248,3,2091,2,7016,3,60993,58,68009,61,1,164,-11,94,15,8081,0,211,173,"Anderson",76978,80.5424926602406,0.0658362989323843,79.2434201979787,6.49536231130973,122.112811452623,6.58362989323843
2021-03-31,8362,23,6262,14,2100,9,7032,16,61157,164,68189,180,1,165,10,104,12,8093,1,212,173,"Anderson",76978,100.02857959417,0.0749185667752443,233.83304320715,29.8786666320247,135.103536075242,7.49185667752443
2021-04-01,8371,9,6265,3,2106,6,7036,4,61214,57,68250,61,0,165,-8,96,17,8110,0,212,173,"Anderson",76978,98.7295071319078,0.0774647887323944,79.2434201979787,11.6916521603575,124.710956377147,7.74647887323944
2021-04-02,8380,9,6272,7,2108,2,7043,7,61284,70,68327,77,0,165,-1,95,10,8120,0,212,173,"Anderson",76978,88.3369274338123,0.0704225352112676,100.02857959417,11.6916521603575,123.411883914885,7.04225352112676
2021-04-03,8386,6,6277,5,2109,1,7049,6,61334,50,68383,56,0,165,-8,87,14,8134,0,212,173,"Anderson",76978,90.9350723583361,0.0722021660649819,72.7480578866689,7.79443477357167,113.019304216789,7.22021660649819
2021-04-04,8388,2,6279,2,2109,0,7051,2,61372,38,68423,40,0,165,-5,82,7,8141,0,212,173,"Anderson",76978,89.6359998960742,0.0743362831858407,51.9628984904778,2.59814492452389,106.523941905479,7.43362831858407
2021-04-05,8402,14,6282,3,2120,11,7053,2,61430,58,68483,60,0,165,4,86,10,8151,2,214,173,"Anderson",76978,88.3369274338123,0.0747663551401869,77.9443477357167,18.1870144716672,111.720231754527,7.47663551401869
2021-04-06,8407,5,6286,4,2121,1,7059,6,61472,42,68531,48,0,165,3,89,2,8153,0,214,173,"Anderson",76978,88.3369274338123,0.0823754789272031,62.3554781885734,6.49536231130973,115.617449141313,8.23754789272031
2021-04-07,8427,20,6299,13,2128,7,7073,14,61631,159,68704,173,0,165,10,99,10,8163,2,216,173,"Anderson",76978,84.4397100470264,0.0796116504854369,224.739535971316,25.9814492452389,128.608173763933,7.96116504854369
2021-04-08,8430,3,6301,2,2129,1,7076,3,61722,91,68798,94,5,170,-17,82,15,8178,1,217,173,"Anderson",76978,76.6452752734548,0.072992700729927,122.112811452623,3.89721738678583,106.523941905479,7.2992700729927
2021-04-09,8438,8,6307,6,2131,2,7085,9,61809,87,68894,96,-4,166,8,90,4,8182,0,217,173,"Anderson",76978,75.3462028111928,0.0740740740740741,124.710956377147,10.3925796980956,116.916521603575,7.40740740740741
2021-04-10,8443,5,6312,5,2131,0,7090,5,61880,71,68970,76,0,166,-6,84,11,8193,0,217,173,"Anderson",76978,74.0471303489309,0.0698466780238501,98.7295071319078,6.49536231130973,109.122086830003,6.98466780238501
2021-04-11,8450,7,6317,5,2133,2,7095,5,61924,44,69019,49,-1,165,0,84,8,8201,0,217,173,"Anderson",76978,80.5424926602406,0.0738255033557047,63.6545506508353,9.09350723583361,109.122086830003,7.38255033557047
2021-04-12,8453,3,6320,3,2133,0,7098,3,61993,69,69091,72,0,165,-7,77,10,8211,0,217,173,"Anderson",76978,66.2526955753592,0.0740131578947368,93.53321728286,3.89721738678583,100.02857959417,7.40131578947368
2021-04-13,8463,10,6325,5,2138,5,7104,6,62054,61,69158,67,5,170,-8,69,13,8224,0,217,173,"Anderson",76978,72.7480578866689,0.0717703349282297,87.0378549715503,12.9907246226195,89.6359998960742,7.17703349282297
2021-04-14,8477,14,6334,9,2143,5,7115,11,62192,138,69307,149,0,170,7,76,7,8231,0,217,173,"Anderson",76978,64.9536231130973,0.0696517412935323,193.56179687703,18.1870144716672,98.7295071319078,6.96517412935323
2021-04-15,8486,9,6339,5,2147,4,7120,5,62273,81,69393,86,0,170,6,82,3,8234,0,217,173,"Anderson",76978,72.7480578866689,0.0739495798319328,111.720231754527,11.6916521603575,106.523941905479,7.39495798319328
2021-04-16,8499,13,6350,11,2149,2,7133,13,62426,153,69559,166,0,170,6,88,7,8241,0,217,173,"Anderson",76978,79.2434201979786,0.0721804511278196,215.646028735483,16.8879420094053,114.318376679051,7.21804511278196
2021-04-17,8504,5,6353,3,2151,2,7137,4,62491,65,69628,69,0,170,0,88,5,8246,0,217,173,"Anderson",76978,79.2434201979786,0.0714285714285714,89.6359998960742,6.49536231130973,114.318376679051,7.14285714285714
2021-04-18,8511,7,6359,6,2152,1,7143,6,62536,45,69679,51,0,170,0,88,7,8253,0,217,173,"Anderson",76978,79.2434201979786,0.0727272727272727,66.2526955753592,9.09350723583361,114.318376679051,7.27272727272727
2021-04-19,8517,6,6362,3,2155,3,7146,3,62559,23,69705,26,0,170,-6,82,12,8265,0,217,174,"Anderson",76978,83.1406375847645,0.0781758957654723,33.7758840188106,7.79443477357167,106.523941905479,7.81758957654723
2021-04-20,8523,6,6365,3,2158,3,7149,3,62658,99,69807,102,0,170,-1,81,7,8272,0,217,174,"Anderson",76978,77.9443477357167,0.0693374422187981,132.505391150718,7.79443477357167,105.224869443218,6.93374422187981
2021-04-21,8534,11,6370,5,2164,6,7155,6,62813,155,69968,161,1,171,-3,78,13,8285,0,217,174,"Anderson",76978,74.0471303489309,0.0605143721633888,209.150666424173,14.2897970848814,101.327652056432,6.05143721633888
2021-04-22,8552,18,6376,6,2176,12,7162,7,62957,144,70119,151,0,171,12,90,6,8291,0,217,174,"Anderson",76978,85.7387825092884,0.0578512396694215,196.159941801554,23.383304320715,116.916521603575,5.78512396694215
2021-04-23,8562,10,6381,5,2181,5,7168,6,63123,166,70291,172,0,171,8,98,2,8293,0,217,174,"Anderson",76978,81.8415651225025,0.0478142076502732,223.440463509055,12.9907246226195,127.309101301671,4.78142076502732
2021-04-24,8575,13,6388,7,2187,6,7175,7,63190,67,70365,74,0,171,9,107,4,8297,1,218,174,"Anderson",76978,92.2341448205981,0.0515603799185889,96.1313622073839,16.8879420094053,139.000753462028,5.15603799185889
2021-04-25,8579,4,6390,2,2189,2,7177,2,63230,40,70407,42,0,171,0,107,4,8301,0,218,174,"Anderson",76978,88.3369274338123,0.0467032967032967,54.5610434150017,5.19628984904778,139.000753462028,4.67032967032967
2021-04-26,8588,9,6394,4,2194,5,7181,4,63305,75,70486,79,0,171,2,109,7,8308,0,218,175,"Anderson",76978,92.2341448205981,0.0448143405889885,102.626724518694,11.6916521603575,141.598898386552,4.48143405889885
2021-04-27,8598,10,6400,6,2198,4,7187,6,63373,68,70560,74,0,171,-3,106,13,8321,0,218,175,"Anderson",76978,97.4304346696459,0.050464807436919,96.1313622073839,12.9907246226195,137.701680999766,5.0464807436919
2021-04-28,8615,17,6412,12,2203,5,7200,13,63511,138,70711,151,0,171,1,107,16,8337,1,219,175,"Anderson",76978,105.224869443218,0.0605652759084791,196.159941801554,22.0842318584531,139.000753462028,6.05652759084791
2021-04-29,8621,6,6414,2,2207,4,7203,3,63660,149,70863,152,0,171,-1,106,7,8344,0,219,175,"Anderson",76978,89.6359998960742,0.0551075268817204,197.459014263816,7.79443477357167,137.701680999766,5.51075268817204
2021-04-30,8628,7,6417,3,2211,4,7207,4,63782,122,70989,126,0,171,-2,104,9,8353,0,219,175,"Anderson",76978,85.7387825092884,0.0558739255014327,163.683130245005,9.09350723583361,135.103536075242,5.58739255014327
2021-05-01,8633,5,6420,3,2213,2,7210,3,63845,63,71055,66,0,171,-1,103,6,8359,1,220,175,"Anderson",76978,75.3462028111928,0.0507246376811594,85.7387825092884,6.49536231130973,133.80446361298,5.07246376811594
2021-05-02,8636,3,6421,1,2215,2,7211,1,63896,51,71107,52,0,171,-7,96,10,8369,0,220,175,"Anderson",76978,74.0471303489309,0.0485714285714286,67.5517680376211,3.89721738678583,124.710956377147,4.85714285714286
2021-05-03,8646,10,6426,5,2220,5,7216,5,64002,106,71218,111,0,171,-3,93,13,8382,0,220,175,"Anderson",76978,75.3462028111928,0.0478142076502732,144.197043311076,12.9907246226195,120.813738990361,4.78142076502732
2021-05-04,8648,2,6426,0,2222,2,7217,1,64078,76,71295,77,0,171,-10,83,12,8394,0,220,175,"Anderson",76978,64.9536231130973,0.0408163265306122,100.02857959417,2.59814492452389,107.823014367741,4.08163265306122
2021-05-05,8656,8,6430,4,2226,4,7220,3,64195,117,71415,120,0,171,-3,80,11,8405,0,220,175,"Anderson",76978,53.2619709527397,0.0284090909090909,155.888695471433,10.3925796980956,103.925796980956,2.84090909090909
2021-05-06,8661,5,6433,3,2228,2,7226,6,64247,52,71473,58,0,171,-5,75,10,8415,1,221,175,"Anderson",76978,51.9628984904778,0.0377049180327869,75.3462028111928,6.49536231130973,97.4304346696459,3.77049180327869
2021-05-07,8666,5,6435,2,2231,3,7229,3,64368,121,71597,124,0,171,-4,71,9,8424,0,221,175,"Anderson",76978,49.3647535659539,0.0361842105263158,161.084985320481,6.49536231130973,92.2341448205981,3.61842105263158
2021-05-08,8672,6,6438,3,2234,3,7231,2,64437,69,71668,71,0,171,-6,65,12,8436,1,222,175,"Anderson",76978,50.6638260282159,0.034257748776509,92.2341448205981,7.79443477357167,84.4397100470264,3.4257748776509
2021-05-09,8673,1,6438,0,2235,1,7232,1,64465,28,71697,29,0,171,-4,61,5,8441,0,222,175,"Anderson",76978,48.065681103692,0.0355932203389831,37.6731014055964,1.29907246226194,79.2434201979787,3.55932203389831
2021-05-10,8678,5,6438,0,2240,5,7232,0,64553,88,71785,88,0,171,-5,56,10,8451,0,222,175,"Anderson",76978,41.5703187923822,0.0282186948853616,114.318376679051,6.49536231130973,72.7480578866689,2.82186948853616
2021-05-11,8686,8,6439,1,2247,7,7234,2,64595,42,71829,44,0,171,3,59,5,8456,0,222,175,"Anderson",76978,49.3647535659539,0.0318352059925094,57.1591883395256,10.3925796980956,76.6452752734548,3.18352059925094
2021-05-12,8699,13,6446,7,2253,6,7240,6,64699,104,71939,110,0,171,8,67,5,8461,2,224,175,"Anderson",76978,55.8601158772636,0.0381679389312977,142.897970848814,16.8879420094053,87.0378549715503,3.81679389312977
2021-05-13,8703,4,6448,2,2255,2,7242,2,64802,103,72044,105,0,171,-3,64,7,8468,2,226,175,"Anderson",76978,54.5610434150017,0.0280210157618214,136.402608537504,5.19628984904778,83.1406375847645,2.80210157618214
2021-05-14,8711,8,6451,3,2260,5,7247,5,64889,87,72136,92,0,171,2,66,6,8474,0,226,175,"Anderson",76978,58.4582608017875,0.0333951762523191,119.514666528099,10.3925796980956,85.7387825092884,3.33951762523191
2021-05-15,8716,5,6453,2,2263,3,7249,2,64954,65,72203,67,0,171,1,67,4,8478,0,226,175,"Anderson",76978,57.1591883395256,0.0336448598130841,87.0378549715503,6.49536231130973,87.0378549715503,3.36448598130841
2021-05-16,8718,2,6454,1,2264,1,7250,1,64990,36,72240,37,0,171,-5,62,7,8485,0,226,175,"Anderson",76978,58.4582608017875,0.0331491712707182,48.065681103692,2.59814492452389,80.5424926602406,3.31491712707182
2021-05-17,8724,6,6459,5,2265,1,7255,5,65049,59,72304,64,1,172,0,62,5,8490,0,226,175,"Anderson",76978,59.7573332640495,0.0443159922928709,83.1406375847645,7.79443477357167,80.5424926602406,4.43159922928709
2021-05-18,8728,4,6459,0,2269,4,7255,0,65140,91,72395,91,0,172,0,62,4,8494,1,227,175,"Anderson",76978,54.5610434150017,0.0371024734982332,118.215594065837,5.19628984904778,80.5424926602406,3.71024734982332
2021-05-19,8735,7,6464,5,2271,2,7261,6,65259,119,72520,125,0,172,4,66,3,8497,0,227,175,"Anderson",76978,46.76660864143,0.036144578313253,162.384057782743,9.09350723583361,85.7387825092884,3.6144578313253
2021-05-20,8737,2,6466,2,2271,0,7263,2,65378,119,72641,121,0,172,-1,65,3,8500,0,227,175,"Anderson",76978,44.1684637169061,0.0351758793969849,157.187767933695,2.59814492452389,84.4397100470264,3.51758793969849
2021-05-21,8739,2,6466,0,2273,2,7263,0,65448,70,72711,70,0,172,-7,58,9,8509,0,227,175,"Anderson",76978,36.3740289433345,0.0278260869565217,90.9350723583361,2.59814492452389,75.3462028111928,2.78260869565217
2021-05-22,8744,5,6468,2,2276,3,7265,2,65488,40,72753,42,0,172,-3,55,8,8517,0,227,175,"Anderson",76978,36.3740289433345,0.0290909090909091,54.5610434150017,6.49536231130973,71.448985424407,2.90909090909091
2021-05-23,8744,0,6468,0,2276,0,7265,0,65517,29,72782,29,0,172,-3,52,3,8520,0,227,175,"Anderson",76978,33.7758840188106,0.0276752767527675,37.6731014055964,0,67.5517680376211,2.76752767527675
2021-05-24,8752,8,6472,4,2280,4,7268,3,65576,59,72844,62,0,172,1,53,7,8527,0,227,175,"Anderson",76978,36.3740289433345,0.0240740740740741,80.5424926602406,10.3925796980956,68.8508404998831,2.40740740740741
2021-05-25,8754,2,6472,0,2282,2,7269,1,65621,45,72890,46,0,172,-10,43,12,8539,0,227,175,"Anderson",76978,33.7758840188106,0.0282828282828283,59.7573332640495,2.59814492452389,55.8601158772636,2.82828282828283
2021-05-26,8761,7,6477,5,2284,2,7275,6,65721,100,72996,106,0,172,0,43,7,8546,0,227,175,"Anderson",76978,33.7758840188106,0.0294117647058824,137.701680999766,9.09350723583361,55.8601158772636,2.94117647058824
2021-05-27,8763,2,6478,1,2285,1,7276,1,65771,50,73047,51,0,172,-1,42,3,8549,1,228,175,"Anderson",76978,33.7758840188106,0.0320197044334975,66.2526955753592,2.59814492452389,54.5610434150017,3.20197044334975
2021-05-28,8768,5,6482,4,2286,1,7281,5,65854,83,73135,88,0,172,0,42,5,8554,0,228,175,"Anderson",76978,37.6731014055964,0.0424528301886792,114.318376679051,6.49536231130973,54.5610434150017,4.24528301886792
2021-05-29,8769,1,6482,0,2287,1,7281,0,65891,37,73172,37,0,172,-5,37,6,8560,0,228,175,"Anderson",76978,32.4768115565486,0.0381861575178998,48.065681103692,1.29907246226194,48.065681103692,3.81861575178998
2021-05-30,8772,3,6483,1,2289,2,7282,1,65941,50,73223,51,0,172,0,37,3,8563,0,228,175,"Anderson",76978,36.3740289433345,0.0385487528344671,66.2526955753592,3.89721738678583,48.065681103692,3.85487528344671
2021-05-31,8776,4,6486,3,2290,1,7285,3,65992,51,73277,54,0,172,1,38,3,8566,0,228,175,"Anderson",76978,31.1777390942867,0.0392609699769053,70.149912962145,5.19628984904778,49.3647535659539,3.92609699769053
2021-06-01,8779,3,6488,2,2291,1,7286,1,66040,48,73326,49,0,172,1,39,2,8568,1,229,175,"Anderson",76978,32.4768115565486,0.0389908256880734,63.6545506508353,3.89721738678583,50.6638260282159,3.89908256880734
2021-06-02,8783,4,6489,1,2294,3,7288,2,66081,41,73369,43,0,172,-2,37,6,8574,0,229,175,"Anderson",76978,28.5795941697628,0.0348525469168901,55.8601158772636,5.19628984904778,48.065681103692,3.48525469168901
2021-06-03,8784,1,6489,0,2295,1,7291,3,66171,90,73462,93,1,173,-3,34,3,8577,0,229,175,"Anderson",76978,27.2805217075008,0.036144578313253,120.813738990361,1.29907246226194,44.1684637169061,3.6144578313253
2021-06-04,8785,1,6490,1,2295,0,7293,2,66224,53,73517,55,-1,172,-2,32,4,8581,0,229,175,"Anderson",76978,22.0842318584531,0.031413612565445,71.448985424407,1.29907246226194,41.5703187923822,3.1413612565445
2021-06-05,8786,1,6491,1,2295,0,7294,1,66281,57,73575,58,0,172,-3,29,4,8585,0,229,175,"Anderson",76978,22.0842318584531,0.032258064516129,75.3462028111928,1.29907246226194,37.6731014055964,3.2258064516129
2021-06-06,8786,0,6491,0,2295,0,7294,0,66306,25,73600,25,0,172,-4,25,4,8589,0,229,175,"Anderson",76978,18.1870144716672,0.0318302387267905,32.4768115565486,0,32.4768115565486,3.18302387267904
2021-06-07,8787,1,6491,0,2296,1,7294,0,66370,64,73664,64,0,172,-1,24,2,8591,0,229,175,"Anderson",76978,14.2897970848814,0.0232558139534884,83.1406375847645,1.29907246226194,31.1777390942867,2.32558139534884
2021-06-08,8788,1,6491,0,2297,1,7294,0,66407,37,73701,37,0,172,-1,23,2,8593,1,230,176,"Anderson",76978,11.6916521603575,0.0213333333333333,48.065681103692,1.29907246226194,29.8786666320247,2.13333333333333
2021-06-09,8788,0,6491,0,2297,0,7294,0,66489,82,73783,82,0,172,-4,19,4,8597,0,230,176,"Anderson",76978,6.49536231130972,0.0144927536231884,106.523941905479,0,24.682376782977,1.44927536231884
2021-06-10,8792,4,6492,1,2300,3,7295,1,66546,57,73841,58,0,172,4,23,0,8597,0,230,176,"Anderson",76978,10.3925796980956,0.0105540897097625,75.3462028111928,5.19628984904778,29.8786666320247,1.05540897097625
2021-06-11,8793,1,6492,0,2301,1,7296,1,66601,55,73897,56,1,173,-3,20,3,8600,0,230,176,"Anderson",76978,10.3925796980956,0.00789473684210526,72.7480578866689,1.29907246226194,25.9814492452389,0.789473684210526
2021-06-12,8794,1,6492,0,2302,1,7297,1,66656,55,73953,56,2,175,-4,16,3,8603,0,230,176,"Anderson",76978,10.3925796980956,0.00793650793650794,72.7480578866689,1.29907246226194,20.7851593961911,0.793650793650794
2021-06-13,8795,1,6492,0,2303,1,7298,1,66694,38,73992,39,0,175,-3,13,4,8607,0,230,176,"Anderson",76978,11.6916521603575,0.0102040816326531,50.6638260282159,1.29907246226194,16.8879420094053,1.02040816326531
2021-06-14,8797,2,6494,2,2303,0,7300,2,66780,86,74080,88,0,175,1,14,1,8608,0,230,176,"Anderson",76978,12.9907246226194,0.0144230769230769,114.318376679051,2.59814492452389,18.1870144716672,1.44230769230769
2021-06-15,8797,0,6494,0,2303,0,7301,1,66811,31,74112,32,0,175,-1,13,1,8609,0,230,176,"Anderson",76978,11.6916521603575,0.0170316301703163,41.5703187923822,0,16.8879420094053,1.70316301703163
2021-06-16,8798,1,6495,1,2303,0,7302,1,66855,44,74157,45,0,175,0,13,1,8610,0,230,176,"Anderson",76978,12.9907246226194,0.0213903743315508,58.4582608017875,1.29907246226194,16.8879420094053,2.13903743315508
2021-06-17,8798,0,6495,0,2303,0,7302,0,66941,86,74243,86,0,175,-1,12,1,8611,0,230,176,"Anderson",76978,7.79443477357167,0.0174129353233831,111.720231754527,0,15.5888695471433,1.74129353233831
2021-06-18,8800,2,6496,1,2304,1,7306,4,66991,50,74297,54,0,175,1,13,1,8612,0,230,176,"Anderson",76978,9.09350723583361,0.025,70.149912962145,2.59814492452389,16.8879420094053,2.5
2021-06-19,8800,0,6496,0,2304,0,7306,0,67039,48,74345,48,0,175,-1,12,1,8613,0,230,176,"Anderson",76978,7.79443477357167,0.0229591836734694,62.3554781885734,0,15.5888695471433,2.29591836734694
2021-06-20,8800,0,6496,0,2304,0,7307,1,67062,23,74369,24,0,175,-2,10,2,8615,0,230,176,"Anderson",76978,6.49536231130972,0.0238726790450928,31.1777390942867,0,12.9907246226195,2.38726790450928
2021-06-21,8801,1,6496,0,2305,1,7307,0,67102,40,74409,40,0,175,0,10,1,8616,0,230,176,"Anderson",76978,5.19628984904778,0.0212765957446809,51.9628984904778,1.29907246226194,12.9907246226195,2.12765957446809
2021-06-22,8805,4,6497,1,2308,3,7307,0,67144,42,74451,42,0,175,2,12,2,8618,1,231,176,"Anderson",76978,10.3925796980956,0.0176991150442478,54.5610434150017,5.19628984904778,15.5888695471433,1.76991150442478
2021-06-23,8806,1,6498,1,2308,0,7308,1,67192,48,74500,49,0,175,1,13,0,8618,0,231,176,"Anderson",76978,10.3925796980956,0.0174927113702624,63.6545506508353,1.29907246226194,16.8879420094053,1.74927113702624
2021-06-24,8806,0,6498,0,2308,0,7309,1,67237,45,74546,46,0,175,-3,10,3,8621,0,231,176,"Anderson",76978,10.3925796980956,0.0231023102310231,59.7573332640495,0,12.9907246226195,2.31023102310231
2021-06-25,8807,1,6499,1,2308,0,7310,1,67273,36,74583,37,0,175,1,11,0,8621,0,231,176,"Anderson",76978,9.09350723583361,0.013986013986014,48.065681103692,1.29907246226194,14.2897970848814,1.3986013986014
2021-06-26,8808,1,6500,1,2308,0,7311,1,67306,33,74617,34,0,175,0,11,1,8622,0,231,176,"Anderson",76978,10.3925796980956,0.0183823529411765,44.1684637169061,1.29907246226194,14.2897970848814,1.83823529411765
2021-06-27,8808,0,6500,0,2308,0,7311,0,67338,32,74649,32,0,175,0,11,0,8622,0,231,176,"Anderson",76978,10.3925796980956,0.0142857142857143,41.5703187923822,0,14.2897970848814,1.42857142857143
2021-06-28,8809,1,6500,0,2309,1,7312,1,67354,16,74666,17,0,175,1,12,0,8622,0,231,176,"Anderson",76978,10.3925796980956,0.0194552529182879,22.0842318584531,1.29907246226194,15.5888695471433,1.94552529182879
2021-06-29,8812,3,6503,3,2309,0,7315,3,67413,59,74728,62,0,175,2,14,1,8623,0,231,176,"Anderson",76978,9.09350723583361,0.0288808664259928,80.5424926602406,3.89721738678583,18.1870144716672,2.88808664259928
2021-06-30,8812,0,6503,0,2309,0,7315,0,67459,46,74774,46,0,175,-1,13,1,8624,0,231,176,"Anderson",76978,7.79443477357167,0.0255474452554745,59.7573332640495,0,16.8879420094053,2.55474452554745
2021-07-01,8813,1,6504,1,2309,0,7316,1,67496,37,74812,38,0,175,1,14,0,8624,0,231,176,"Anderson",76978,9.09350723583361,0.0263157894736842,49.3647535659539,1.29907246226194,18.1870144716672,2.63157894736842
2021-07-02,8813,0,6504,0,2309,0,7316,0,67539,43,74855,43,0,175,0,14,0,8624,0,231,176,"Anderson",76978,7.79443477357167,0.0220588235294118,55.8601158772636,0,18.1870144716672,2.20588235294118
2021-07-03,8813,0,6504,0,2309,0,7316,0,67560,21,74876,21,0,175,-1,13,1,8625,0,231,176,"Anderson",76978,6.49536231130972,0.0193050193050193,27.2805217075008,0,16.8879420094053,1.93050193050193
2021-07-04,8814,1,6504,0,2310,1,7317,1,67585,25,74902,26,0,175,0,13,1,8626,0,231,176,"Anderson",76978,7.79443477357167,0.0237154150197628,33.7758840188106,1.29907246226194,16.8879420094053,2.37154150197628
2021-07-05,8814,0,6504,0,2310,0,7318,1,67600,15,74918,16,0,175,-1,12,1,8627,0,231,176,"Anderson",76978,6.49536231130972,0.0238095238095238,20.7851593961911,0,15.5888695471433,2.38095238095238
2021-07-06,8815,1,6504,0,2311,1,7318,0,67630,30,74948,30,1,176,-3,9,3,8630,0,231,176,"Anderson",76978,3.89721738678583,0.0136363636363636,38.9721738678584,1.29907246226194,11.6916521603575,1.36363636363636
2021-07-07,8816,1,6504,0,2312,1,7318,0,67676,46,74994,46,0,176,-2,7,3,8633,0,231,176,"Anderson",76978,5.19628984904778,0.0136363636363636,59.7573332640495,1.29907246226194,9.09350723583361,1.36363636363636
2021-07-08,8817,1,6505,1,2312,0,7319,1,67717,41,75036,42,0,176,-1,6,2,8635,0,231,176,"Anderson",76978,5.19628984904778,0.0133928571428571,54.5610434150017,1.29907246226194,7.79443477357167,1.33928571428571
2021-07-09,8819,2,6506,1,2313,1,7320,1,67761,44,75081,45,0,176,1,7,1,8636,0,231,176,"Anderson",76978,7.79443477357167,0.0176991150442478,58.4582608017875,2.59814492452389,9.09350723583361,1.76991150442478
2021-07-10,8821,2,6507,1,2314,1,7321,1,67783,22,75104,23,0,176,2,9,0,8636,1,232,176,"Anderson",76978,10.3925796980956,0.0219298245614035,29.8786666320247,2.59814492452389,11.6916521603575,2.19298245614035
2021-07-11,8821,0,6507,0,2314,0,7321,0,67798,15,75119,15,0,176,0,9,0,8636,0,232,176,"Anderson",76978,9.09350723583361,0.0184331797235023,19.4860869339292,0,11.6916521603575,1.84331797235023
2021-07-12,8829,8,6511,4,2318,4,7325,4,67834,36,75159,40,0,176,7,16,1,8637,1,233,176,"Anderson",76978,19.4860869339292,0.029045643153527,51.9628984904778,10.3925796980956,20.7851593961911,2.9045643153527
2021-07-13,8830,1,6511,0,2319,1,7325,0,67855,21,75180,21,0,176,0,16,1,8638,0,233,177,"Anderson",76978,19.4860869339292,0.0301724137931034,27.2805217075008,1.29907246226194,20.7851593961911,3.01724137931034
2021-07-14,8835,5,6515,4,2320,1,7330,5,67909,54,75239,59,0,176,5,21,0,8638,1,234,177,"Anderson",76978,24.682376782977,0.0489795918367347,76.6452752734548,6.49536231130973,27.2805217075008,4.89795918367347
2021-07-15,8838,3,6518,3,2320,0,7332,2,67942,33,75274,35,0,176,3,24,0,8638,0,234,177,"Anderson",76978,27.2805217075008,0.0546218487394958,45.4675361791681,3.89721738678583,31.1777390942867,5.46218487394958
2021-07-16,8848,10,6520,2,2328,8,7333,1,67970,28,75303,29,0,176,10,34,0,8638,0,234,177,"Anderson",76978,37.6731014055964,0.0585585585585586,37.6731014055964,12.9907246226195,44.1684637169061,5.85585585585586
2021-07-17,8853,5,6521,1,2332,4,7334,1,68006,36,75340,37,0,176,4,38,1,8639,0,234,177,"Anderson",76978,41.5703187923822,0.0550847457627119,48.065681103692,6.49536231130973,49.3647535659539,5.50847457627119
2021-07-18,8856,3,6523,2,2333,1,7336,2,68026,20,75362,22,0,176,-1,37,4,8643,0,234,177,"Anderson",76978,45.4675361791681,0.0617283950617284,28.5795941697628,3.89721738678583,48.065681103692,6.17283950617284
2021-07-19,8861,5,6527,4,2334,1,7340,4,68060,34,75400,38,1,177,2,39,2,8645,0,234,177,"Anderson",76978,41.5703187923822,0.0622406639004149,49.3647535659539,6.49536231130973,50.6638260282159,6.22406639004149
2021-07-20,8876,15,6538,11,2338,4,7351,11,68095,35,75446,46,0,177,10,49,5,8650,1,235,177,"Anderson",76978,59.7573332640495,0.0977443609022556,59.7573332640495,19.4860869339292,63.6545506508353,9.77443609022556
2021-07-21,8883,7,6542,4,2341,3,7356,5,68180,85,75536,90,0,177,6,55,1,8651,0,235,178,"Anderson",76978,62.3554781885734,0.0875420875420875,116.916521603575,9.09350723583361,71.448985424407,8.75420875420875
2021-07-22,8893,10,6547,5,2346,5,7360,4,68236,56,75596,60,0,177,9,64,1,8652,0,235,178,"Anderson",76978,71.448985424407,0.0869565217391304,77.9443477357167,12.9907246226195,83.1406375847645,8.69565217391304
2021-07-23,8903,10,6551,4,2352,6,7365,5,68307,71,75672,76,0,177,10,74,0,8652,0,235,178,"Anderson",76978,71.448985424407,0.0867208672086721,98.7295071319078,12.9907246226195,96.1313622073839,8.67208672086721
2021-07-24,8911,8,6555,4,2356,4,7369,4,68361,54,75730,58,0,177,7,81,1,8653,0,235,179,"Anderson",76978,75.3462028111928,0.0897435897435897,75.3462028111928,10.3925796980956,105.224869443218,8.97435897435897
2021-07-25,8916,5,6558,3,2358,2,7370,1,68383,22,75753,23,0,177,2,83,3,8656,0,235,179,"Anderson",76978,77.9443477357167,0.0869565217391304,29.8786666320247,6.49536231130973,107.823014367741,8.69565217391304
2021-07-26,8939,23,6567,9,2372,14,7378,8,68433,50,75811,58,2,179,13,96,8,8664,0,235,179,"Anderson",76978,101.327652056432,0.0924574209245742,75.3462028111928,29.8786666320247,124.710956377147,9.24574209245742
2021-07-27,8954,15,6572,5,2382,10,7383,5,68486,53,75869,58,0,179,12,108,3,8667,0,235,179,"Anderson",76978,101.327652056432,0.0756501182033097,75.3462028111928,19.4860869339292,140.29982592429,7.56501182033097
2021-07-28,8974,20,6580,8,2394,12,7395,12,68569,83,75964,95,0,179,14,122,6,8673,0,235,179,"Anderson",76978,118.215594065837,0.0911214953271028,123.411883914885,25.9814492452389,158.486840395957,9.11214953271028
2021-07-29,8986,12,6590,10,2396,2,7407,12,68618,49,76025,61,0,179,9,131,3,8676,0,235,179,"Anderson",76978,120.813738990361,0.10955710955711,79.2434201979787,15.5888695471433,170.178492556315,10.955710955711
2021-07-30,9017,31,6609,19,2408,12,7429,22,68667,49,76096,71,0,179,19,150,12,8688,1,236,179,"Anderson",76978,148.094260697862,0.150943396226415,92.2341448205981,40.2712463301203,194.860869339292,15.0943396226415
2021-07-31,9030,13,6615,6,2415,7,7435,6,68709,42,76144,48,0,179,8,158,5,8693,0,236,179,"Anderson",76978,154.589623009171,0.159420289855072,62.3554781885734,16.8879420094053,205.253449037387,15.9420289855072
2021-08-01,9049,19,6626,11,2423,8,7450,15,68748,39,76198,54,0,179,14,172,5,8698,0,236,179,"Anderson",76978,172.776637480839,0.179775280898876,70.149912962145,24.682376782977,223.440463509055,17.9775280898876
2021-08-02,9060,11,6631,5,2429,6,7455,5,68827,79,76282,84,0,179,3,175,8,8706,0,236,179,"Anderson",76978,157.187767933695,0.16348195329087,109.122086830003,14.2897970848814,227.33768089584,16.348195329087
2021-08-03,9083,23,6642,11,2441,12,7468,13,68899,72,76367,85,0,179,13,188,10,8716,1,237,179,"Anderson",76978,167.580347631791,0.170682730923695,110.421159292265,29.8786666320247,244.225622905246,17.0682730923695
2021-08-04,9109,26,6664,22,2445,4,7489,21,69001,102,76490,123,0,179,24,212,2,8718,0,237,179,"Anderson",76978,175.374782405363,0.178707224334601,159.785912858219,33.7758840188106,275.403361999532,17.8707224334601
2021-08-05,9139,30,6680,16,2459,14,7505,16,69099,98,76604,114,0,179,13,225,17,8735,1,238,179,"Anderson",76978,198.758086726078,0.169257340241796,148.094260697862,38.9721738678584,292.291304008938,16.9257340241796
2021-08-06,9164,25,6696,16,2468,9,7523,18,69242,143,76765,161,0,179,17,242,8,8743,1,239,179,"Anderson",76978,190.963651952506,0.14050822122571,209.150666424173,32.4768115565486,314.375535867391,14.050822122571
2021-08-07,9177,13,6702,6,2475,7,7530,7,69317,75,76847,82,0,179,5,247,8,8751,0,239,179,"Anderson",76978,190.963651952506,0.135135135135135,106.523941905479,16.8879420094053,320.8708981787,13.5135135135135
2021-08-08,9191,14,6710,8,2481,6,7540,10,69369,52,76909,62,0,179,6,253,8,8759,0,239,179,"Anderson",76978,184.468289641196,0.126582278481013,80.5424926602406,18.1870144716672,328.665332952272,12.6582278481013
2021-08-09,9227,36,6730,20,2497,16,7559,19,69468,99,77027,118,0,179,16,269,20,8779,0,239,179,"Anderson",76978,216.945101197745,0.139597315436242,153.29055054691,46.76660864143,349.450492348463,13.9597315436242
2021-08-10,9266,39,6749,19,2517,20,7579,20,69568,100,77147,120,0,179,20,289,19,8798,2,241,179,"Anderson",76978,237.730260593936,0.142307692307692,155.888695471433,50.6638260282159,375.431941593702,14.2307692307692
2021-08-11,9320,54,6772,23,2548,31,7608,29,69700,132,77308,161,0,179,30,319,24,8822,0,241,179,"Anderson",76978,274.10428953727,0.145476772616137,209.150666424173,70.149912962145,414.40411546156,14.5476772616137
2021-08-12,9368,48,6806,34,2562,14,7645,37,69868,168,77513,205,0,179,27,346,21,8843,0,241,181,"Anderson",76978,297.487593857985,0.154015401540154,266.309854763699,62.3554781885734,449.479071942633,15.4015401540154
2021-08-13,9432,64,6839,33,2593,31,7683,38,69982,114,77665,152,2,181,45,391,17,8860,1,242,181,"Anderson",76978,348.151419886201,0.177777777777778,197.459014263816,83.1406375847645,507.93733274442,17.7777777777778
2021-08-14,9483,51,6873,34,2610,17,7715,32,70168,186,77883,218,0,181,30,421,21,8881,0,242,181,"Anderson",76978,397.516173452155,0.178571428571429,283.197796773104,66.2526955753592,546.909506612279,17.8571428571429
2021-08-15,9506,23,6885,12,2621,11,7730,15,70257,89,77987,104,0,181,16,437,7,8888,0,242,181,"Anderson",76978,409.207825612513,0.176252319109462,135.103536075242,29.8786666320247,567.69466600847,17.6252319109462
2021-08-16,9543,37,6908,23,2635,14,7754,24,70346,89,78100,113,0,181,10,447,27,8915,0,242,182,"Anderson",76978,410.506898074775,0.181733457595527,146.7951882356,48.065681103692,580.685390631089,18.1733457595527
2021-08-17,9586,43,6929,21,2657,22,7779,25,70454,108,78233,133,1,182,15,462,27,8942,0,242,182,"Anderson",76978,415.703187923822,0.184162062615101,172.776637480839,55.8601158772636,600.171477565019,18.4162062615101
2021-08-18,9638,52,6956,27,2682,25,7810,31,70566,112,78376,143,0,182,16,478,36,8978,0,242,182,"Anderson",76978,413.105042999299,0.189138576779026,185.767362103458,67.5517680376211,620.95663696121,18.9138576779026
2021-08-19,9712,74,6986,30,2726,44,7845,35,70718,152,78563,187,0,182,50,528,24,9002,0,242,182,"Anderson",76978,446.880927018109,0.19047619047619,242.926550442984,96.1313622073839,685.910260074307,19.047619047619
2021-08-20,9771,59,7025,39,2746,20,7888,43,70912,194,78800,237,0,182,26,554,33,9035,1,243,182,"Anderson",76978,440.385564706799,0.180616740088106,307.880173556081,76.6452752734548,719.686144093117,18.0616740088106
2021-08-21,9853,82,7058,33,2795,49,7922,34,71186,274,79108,308,0,182,63,617,19,9054,1,244,182,"Anderson",76978,480.65681103692,0.168979591836735,400.114318376679,106.523941905479,801.52770921562,16.8979591836735
2021-08-22,9876,23,7079,21,2797,2,7950,28,71342,156,79292,184,0,182,-1,616,24,9078,0,244,182,"Anderson",76978,480.65681103692,0.168582375478927,239.029333056198,29.8786666320247,800.228636753358,16.8582375478927
2021-08-23,9924,48,7093,14,2831,34,7967,17,71477,135,79444,152,0,182,-3,613,51,9129,1,245,183,"Anderson",76978,494.946608121801,0.158482142857143,197.459014263816,62.3554781885734,796.331419366572,15.8482142857143
2021-08-24,9969,45,7119,26,2850,19,7991,24,71563,86,79554,110,1,183,-20,593,64,9193,0,245,184,"Anderson",76978,497.544753046325,0.160484481453444,142.897970848814,58.4582608017875,770.349970121333,16.0484481453444
2021-08-25,10040,71,7144,25,2896,46,8012,21,71607,44,79619,65,0,183,15,608,56,9249,0,245,184,"Anderson",76978,522.227129829302,0.162510056315366,84.4397100470264,92.2341448205981,789.836057055263,16.2510056315366
2021-08-26,10108,68,7178,34,2930,34,8056,44,71779,172,79835,216,1,184,14,622,53,9302,1,246,184,"Anderson",76978,514.43269505573,0.165880503144654,280.59965184858,88.3369274338123,808.02307152693,16.5880503144654
2021-08-27,10183,75,7232,54,2951,21,8116,60,71956,177,80072,237,0,184,30,652,45,9347,0,246,184,"Anderson",76978,535.217854451921,0.179245283018868,307.880173556081,97.4304346696459,846.995245394788,17.9245283018868
2021-08-28,10242,59,7264,32,2978,27,8158,42,72160,204,80318,246,0,184,28,680,31,9378,0,246,184,"Anderson",76978,505.339187819897,0.19504132231405,319.571825716438,76.6452752734548,883.369274338123,19.504132231405
2021-08-29,10306,64,7313,49,2993,15,8212,54,72371,211,80583,265,0,184,41,721,23,9401,1,247,184,"Anderson",76978,558.601158772636,0.20294345468629,344.254202499415,83.1406375847645,936.631245290862,20.294345468629
2021-08-30,10378,72,7360,47,3018,25,8261,49,72597,226,80858,275,0,184,6,727,66,9467,3,250,184,"Anderson",76978,589.778897866923,0.207920792079208,357.244927122035,93.53321728286,944.425680064434,20.7920792079208
2021-08-31,10513,135,7442,82,3071,53,8348,87,72854,257,81202,344,0,184,46,773,89,9556,0,250,184,"Anderson",76978,706.695419470498,0.216626213592233,446.880927018109,175.374782405363,1004.18301332848,21.6626213592233
2021-09-01,10544,31,7464,22,3080,9,8372,24,72945,91,81317,115,0,184,-17,756,48,9604,0,250,185,"Anderson",76978,654.73252098002,0.212014134275618,149.393333160124,40.2712463301203,982.09878147003,21.2014134275618
2021-09-02,10603,59,7489,25,3114,34,8401,29,73045,100,81446,129,1,185,-9,747,67,9671,0,250,185,"Anderson",76978,643.040868819663,0.21415270018622,167.580347631791,76.6452752734548,970.407129309673,21.415270018622
2021-09-03,10632,29,7506,17,3126,12,8419,18,73118,73,81537,91,0,185,-26,721,55,9726,0,250,185,"Anderson",76978,583.283535555613,0.206825938566553,118.215594065837,37.6731014055964,936.631245290862,20.6825938566553
2021-09-04,10738,106,7574,68,3164,38,8496,77,73438,320,81934,397,0,185,78,799,28,9754,1,251,185,"Anderson",76978,644.339941281925,0.209158415841584,515.731767517992,137.701680999766,1037.95889734729,20.9158415841584
2021-09-05,10850,112,7648,74,3202,38,8572,76,73742,304,82314,380,0,185,82,881,30,9784,1,252,186,"Anderson",76978,706.695419470498,0.207972270363951,493.647535659539,145.496115773338,1144.48283925277,20.7972270363951
2021-09-06,10965,115,7725,77,3240,38,8659,87,74149,407,82808,494,0,185,1,882,114,9898,1,253,187,"Anderson",76978,762.555535347762,0.204102564102564,641.741796357401,149.393333160124,1145.78191171504,20.4102564102564
2021-09-07,11002,37,7744,19,3258,18,8677,18,74248,99,82925,117,0,185,-77,805,114,10012,0,253,187,"Anderson",76978,635.246434046091,0.190946024376088,151.991478084648,48.065681103692,1045.75333212087,19.0946024376088
2021-09-08,11043,41,7775,31,3268,10,8709,32,74355,107,83064,139,0,185,-60,745,101,10113,1,254,189,"Anderson",76978,648.237158668711,0.192902117916428,180.57107225441,53.2619709527397,967.808984385149,19.2902117916428
2021-09-09,11101,58,7796,21,3305,37,8727,18,74561,206,83288,224,0,185,-41,704,99,10212,1,255,191,"Anderson",76978,646.938086206449,0.176981541802389,290.992231546676,75.3462028111928,914.547013432409,17.6981541802389
2021-09-10,11253,152,7869,73,3384,79,8808,81,74854,293,83662,374,1,186,66,770,85,10297,0,255,192,"Anderson",76978,806.723999064668,0.183058823529412,485.853100885967,197.459014263816,1000.2857959417,18.3058823529412
2021-09-11,11365,112,7932,63,3433,49,8877,69,75200,346,84077,415,0,186,79,849,33,10330,1,256,192,"Anderson",76978,814.51843383824,0.177788147456836,539.115071838707,145.496115773338,1102.91252046039,17.7788147456836
2021-09-12,11403,38,7964,32,3439,6,8912,35,75343,143,84255,178,0,186,8,857,30,10360,3,259,192,"Anderson",76978,718.387071630856,0.175167439464194,231.234898282626,49.3647535659539,1113.30510015849,17.5167439464194
2021-09-13,11489,86,7996,32,3493,54,8944,32,75473,130,84417,162,4,190,-44,813,126,10486,1,260,192,"Anderson",76978,680.713970225259,0.177128651336234,210.449738886435,111.720231754527,1056.14591181896,17.7128651336234
2021-09-14,11547,58,8024,28,3523,30,8979,35,75632,159,84611,194,1,191,-58,755,115,10601,0,260,192,"Anderson",76978,707.99449193276,0.179122182680902,252.020057678817,75.3462028111928,980.799709007768,17.9122182680902
2021-09-15,11588,41,8038,14,3550,27,8993,14,75693,61,84686,75,0,191,-38,717,79,10680,1,261,193,"Anderson",76978,707.99449193276,0.175092478421702,97.4304346696459,53.2619709527397,931.434955441815,17.5092478421702
2021-09-16,11674,86,8090,52,3584,34,9050,57,75915,222,84965,279,0,191,26,743,60,10740,0,261,193,"Anderson",76978,744.368520876095,0.192605843768634,362.441216971083,111.720231754527,965.210839460625,19.2605843768634
2021-09-17,11747,73,8131,41,3616,32,9087,37,76078,163,85165,200,0,191,16,759,57,10797,1,262,197,"Anderson",76978,641.741796357401,0.18562874251497,259.814492452389,94.832289745122,985.995998856816,18.562874251497
2021-09-18,11799,52,8161,30,3638,22,9120,33,76232,154,85352,187,0,191,9,768,43,10840,0,262,198,"Anderson",76978,563.797448621684,0.190588235294118,242.926550442984,67.5517680376211,997.687651017174,19.0588235294118
2021-09-19,11822,23,8170,9,3652,14,9130,10,76300,68,85430,78,0,191,-8,760,31,10871,0,262,198,"Anderson",76978,544.311361687755,0.185531914893617,101.327652056432,29.8786666320247,987.295071319078,18.5531914893617
2021-09-20,11884,62,8204,34,3680,28,9166,36,76486,186,85652,222,0,191,31,791,31,10902,1,263,198,"Anderson",76978,513.133622593468,0.179757085020243,288.394086622152,80.5424926602406,1027.5663176492,17.9757085020243
2021-09-21,11938,54,8230,26,3708,28,9190,24,76604,118,85794,142,0,191,-67,724,121,11023,1,264,199,"Anderson",76978,507.93733274442,0.178360101437025,184.468289641196,70.149912962145,940.528462677648,17.8360101437025
2021-09-22,11988,50,8262,32,3726,18,9230,40,76876,272,86106,312,0,191,-38,686,88,11111,0,264,200,"Anderson",76978,519.628984904778,0.166901408450704,405.310608225727,64.9536231130973,891.163709111694,16.6901408450704
2021-09-23,12063,75,8309,47,3754,28,9281,51,77084,208,86365,259,2,193,-17,669,90,11201,0,264,200,"Anderson",76978,505.339187819897,0.165,336.459767725844,97.4304346696459,869.079477253241,16.5
2021-09-24,12104,41,8330,21,3774,20,9306,25,77224,140,86530,165,2,195,-12,657,51,11252,0,264,202,"Anderson",76978,463.768869027514,0.16043956043956,214.346956273221,53.2619709527397,853.490607706098,16.043956043956
2021-09-25,12114,10,8334,4,3780,6,9312,6,77319,95,86631,101,0,195,-38,619,48,11300,0,264,202,"Anderson",76978,409.207825612513,0.150117279124316,131.206318688456,12.9907246226195,804.125854140144,15.0117279124316
2021-09-26,12132,18,8349,15,3783,3,9330,18,77456,137,86786,155,1,196,-4,615,21,11321,0,264,202,"Anderson",76978,402.712463301203,0.147492625368732,201.356231650601,23.383304320715,798.929564291096,14.7492625368732
2021-09-27,12182,50,8370,21,3812,29,9352,22,77542,86,86894,108,1,197,-51,564,100,11421,1,265,203,"Anderson",76978,387.12359375406,0.14975845410628,140.29982592429,64.9536231130973,732.676868715737,14.975845410628
2021-09-28,12231,49,8394,24,3837,25,9379,27,77637,95,87016,122,0,197,-25,539,74,11495,0,265,203,"Anderson",76978,380.62823144275,0.154664484451718,158.486840395957,63.6545506508353,700.200057159188,15.4664484451718
2021-09-29,12270,39,8410,16,3860,23,9397,18,77828,191,87225,209,2,199,-28,511,65,11560,0,265,205,"Anderson",76978,366.338434357868,0.149240393208222,271.506144612746,50.6638260282159,663.826028215854,14.9240393208222
2021-09-30,12332,62,8448,38,3884,24,9437,40,78000,172,87437,212,0,199,0,511,62,11622,0,265,206,"Anderson",76978,349.450492348463,0.145522388059701,275.403361999532,80.5424926602406,663.826028215854,14.5522388059702
2021-10-01,12382,50,8475,27,3907,23,9466,29,78151,151,87617,180,0,199,-13,498,63,11685,0,265,207,"Anderson",76978,361.142144508821,0.147194112235511,233.83304320715,64.9536231130973,646.938086206449,14.7194112235511
2021-10-02,12400,18,8481,6,3919,12,9472,6,78231,80,87703,86,1,200,-5,493,22,11707,0,265,207,"Anderson",76978,371.534724206916,0.149253731343284,111.720231754527,23.383304320715,640.442723895139,14.9253731343284
2021-10-03,12413,13,8490,9,3923,4,9481,9,78329,98,87810,107,4,204,-7,486,16,11723,0,265,207,"Anderson",76978,365.039361895607,0.1474609375,139.000753462028,16.8879420094053,631.349216659305,14.74609375
2021-10-04,12447,34,8506,16,3941,18,9500,19,78371,42,87871,61,1,205,-35,451,68,11791,0,265,208,"Anderson",76978,344.254202499415,0.151484135107472,79.2434201979787,44.1684637169061,585.881680480137,15.1484135107472
2021-10-05,12466,19,8514,8,3952,11,9513,13,78407,36,87920,49,2,207,-46,405,63,11854,0,265,208,"Anderson",76978,305.282028631557,0.148230088495575,63.6545506508353,24.682376782977,526.124347216088,14.8230088495575
2021-10-06,12483,17,8524,10,3959,7,9525,12,78450,43,87975,55,1,208,-20,385,36,11890,0,265,208,"Anderson",76978,276.702434461794,0.170666666666667,71.448985424407,22.0842318584531,500.142897970849,17.0666666666667
2020-03-12,1,1,1,1,0,0,1,1,11,11,12,12,NA,NA,NA,NA,0,0,0,0,0,"East TN",2455501,NA,NA,0.488698640318208,0.040724886693184,NA,NA
2020-03-13,1,0,1,0,0,0,1,0,23,12,24,12,NA,NA,NA,NA,0,0,0,0,0,"East TN",2455501,NA,NA,0.488698640318208,0,NA,NA
2020-03-14,3,2,3,2,0,0,3,2,51,28,54,30,NA,NA,NA,NA,0,0,0,0,0,"East TN",2455501,NA,NA,1.22174660079552,0.081449773386368,NA,NA
2020-03-15,3,0,3,0,0,0,3,0,54,3,57,3,NA,NA,NA,NA,0,0,0,0,0,"East TN",2455501,NA,NA,0.122174660079552,0,NA,NA
2020-03-16,5,2,5,2,0,0,5,2,90,36,95,38,NA,NA,NA,NA,0,0,0,0,0,"East TN",2455501,NA,NA,1.54754569434099,0.081449773386368,NA,NA
2020-03-17,6,1,6,1,0,0,5,0,131,41,136,41,NA,NA,NA,NA,0,0,0,0,0,"East TN",2455501,NA,NA,1.66972035442054,0.040724886693184,NA,NA
2020-03-18,8,2,8,2,0,0,7,2,171,40,178,42,NA,NA,NA,NA,0,0,0,0,0,"East TN",2455501,0.325799093545472,0.0393258426966292,1.71044524111373,0.081449773386368,NA,3.93258426966292
2020-03-19,11,3,11,3,0,0,11,4,238,67,249,71,NA,NA,NA,NA,0,0,0,0,0,"East TN",2455501,0.40724886693184,0.0421940928270042,2.89146695521606,0.122174660079552,NA,4.21940928270042
2020-03-20,29,18,29,18,0,0,27,16,382,144,409,160,NA,NA,NA,NA,3,3,2,2,0,"East TN",2455501,1.14029682740915,0.0675324675324675,6.51598187090944,0.733047960477312,NA,6.75324675324675
2020-03-21,38,9,38,9,0,0,38,11,610,228,648,239,NA,NA,NA,NA,3,6,1,3,1,"East TN",2455501,1.42537103426144,0.0589225589225589,9.73324791967098,0.366523980238656,NA,5.89225589225589
2020-03-22,48,10,47,9,1,1,43,5,713,103,756,108,NA,NA,NA,NA,2,8,4,7,2,"East TN",2455501,1.83261990119328,0.0572246065808298,4.39828776286387,0.40724886693184,NA,5.72246065808298
2020-03-23,64,16,63,16,1,0,56,13,846,133,902,146,NA,NA,NA,NA,7,15,4,11,2,"East TN",2455501,2.40276831489786,0.0631970260223048,5.94583345720486,0.651598187090944,NA,6.31970260223048
2020-03-24,83,19,82,19,1,0,70,14,987,141,1057,155,NA,NA,NA,NA,7,22,5,16,2,"East TN",2455501,3.13581627537517,0.0705754614549403,6.31235743744352,0.773772847170496,NA,7.05754614549403
2020-03-25,116,33,115,33,1,0,99,29,1288,301,1387,330,NA,NA,NA,NA,15,37,12,28,3,"East TN",2455501,4.39828776286387,0.076095947063689,13.4392126087507,1.34392126087507,NA,7.6095947063689
2020-03-26,144,28,143,28,1,0,130,31,1774,486,1904,517,NA,NA,NA,NA,15,52,5,33,4,"East TN",2455501,5.41640993019347,0.0719033232628399,21.0547664203761,1.14029682740915,NA,7.19033232628399
2020-03-27,166,22,165,22,1,0,147,17,2171,397,2318,414,NA,NA,NA,NA,17,69,6,39,4,"East TN",2455501,5.57930947696621,0.0628601361969618,16.8601030909782,0.895947507250048,NA,6.28601361969618
2020-03-28,197,31,196,31,1,0,180,33,2608,437,2788,470,NA,NA,NA,NA,12,81,8,47,4,"East TN",2455501,6.47525698421626,0.0663551401869159,19.1406967457965,1.2624714874887,NA,6.63551401869159
2020-03-29,213,16,212,16,1,0,196,16,2795,187,2991,203,NA,NA,NA,NA,27,108,3,50,7,"East TN",2455501,6.71960630437536,0.0684563758389262,8.26715199871635,0.651598187090944,NA,6.84563758389262
2020-03-30,246,33,245,33,1,0,226,30,3345,550,3571,580,NA,NA,NA,NA,33,141,8,58,9,"East TN",2455501,7.41192937815949,0.0636942675159236,23.6204342820467,1.34392126087507,NA,6.36942675159236
2020-03-31,295,49,294,49,1,0,278,52,3645,300,3923,352,NA,NA,NA,NA,39,180,12,70,10,"East TN",2455501,8.63367597895501,0.0725750174459177,14.3351601160008,1.99551944796602,NA,7.25750174459177
2020-04-01,346,51,345,51,1,0,336,58,4243,598,4579,656,NA,NA,NA,NA,36,216,9,79,12,"East TN",2455501,9.36672393943232,0.0742481203007519,26.7155256707287,2.07696922135238,NA,7.42481203007519
2020-04-02,391,45,390,45,1,0,383,47,4839,596,5222,643,2,7,NA,134,34,250,5,84,14,"East TN",2455501,10.0590470132164,0.0762507534659433,26.1861021437173,1.83261990119328,5.45713481688666,7.62507534659433
2020-04-03,412,21,411,21,1,0,401,18,5124,285,5525,303,1,8,-13,121,33,283,2,86,17,"East TN",2455501,10.0183221265233,0.0792017461802308,12.3396406680348,0.855222620556864,4.92771128987526,7.92017461802307
2020-04-04,447,35,446,35,1,0,431,30,5716,592,6147,622,3,11,0,121,32,315,5,91,19,"East TN",2455501,10.181221673296,0.0747246204227449,25.3308795231604,1.42537103426144,4.92771128987526,7.47246204227449
2020-04-05,473,26,472,26,1,0,464,33,6093,377,6557,410,-1,10,1,122,26,341,2,93,20,"East TN",2455501,10.5884705402278,0.0751542344363432,16.6972035442054,1.05884705402278,4.96843617656845,7.51542344363432
2020-04-06,514,41,513,41,1,0,514,50,6626,533,7140,583,8,18,0,122,33,374,5,98,20,"East TN",2455501,10.9142696337733,0.080694872513309,23.7426089421263,1.66972035442054,4.96843617656845,8.06948725133091
2020-04-07,570,56,569,56,1,0,592,78,7755,1129,8347,1207,0,18,19,141,37,411,7,105,21,"East TN",2455501,11.1993438406256,0.0709764918625678,49.1549382386731,2.2805936548183,5.74220902373894,7.09764918625678
2020-04-08,607,37,606,37,1,0,632,40,8162,407,8794,447,1,19,4,145,32,443,8,113,25,"East TN",2455501,10.629195426921,0.0702253855278766,18.2040243518532,1.50682080764781,5.90510857051168,7.02253855278766
2020-04-09,633,26,632,26,1,0,662,30,8613,451,9275,481,3,22,3,148,20,463,2,115,25,"East TN",2455501,9.85542257975053,0.0688378978534419,19.5886704994215,1.05884705402278,6.02728323059123,6.88378978534419
2020-04-10,655,22,654,22,1,0,682,20,8941,328,9623,348,0,22,-7,141,29,492,4,119,25,"East TN",2455501,9.89614746644371,0.0685700341630063,14.172260569228,0.895947507250048,5.74220902373894,6.85700341630063
2020-04-11,679,24,678,24,1,0,728,46,10022,1081,10750,1127,2,24,-5,136,27,519,5,124,27,"East TN",2455501,9.44817371281869,0.0645231370845101,45.8969473032184,0.977397280636416,5.53858459027302,6.45231370845101
2020-04-12,709,30,708,30,1,0,761,33,11472,1450,12233,1483,0,24,18,154,12,531,1,125,28,"East TN",2455501,9.61107325959142,0.0523255813953488,60.3950069659919,1.22174660079552,6.27163255075034,5.23255813953488
2020-04-13,738,29,737,29,1,0,803,42,12435,963,13238,1005,0,24,-2,152,31,562,7,132,32,"East TN",2455501,9.12237461927321,0.0473925877336832,40.9285111266499,1.18102171410234,6.19018277736397,4.73925877336832
2020-04-14,749,11,748,11,1,0,823,20,12720,285,13543,305,4,28,-17,135,24,586,1,133,33,"East TN",2455501,7.28975471807994,0.0444572748267898,12.4210904414211,0.447973753625024,5.49785970357984,4.44572748267898
2020-04-15,773,24,772,24,1,0,850,27,13132,412,13982,439,2,30,-6,129,28,614,4,137,34,"East TN",2455501,6.76033119106854,0.0420200462606014,17.8782252583078,0.977397280636416,5.25351038342074,4.20200462606014
2020-04-16,801,28,800,28,1,0,886,36,13809,677,14695,713,1,31,1,130,26,640,6,143,34,"East TN",2455501,6.84178096445491,0.0413284132841328,29.0368442122402,1.14029682740915,5.29423527011392,4.13284132841328
2020-04-17,823,22,821,21,2,1,916,30,14138,329,15054,359,0,31,-1,129,23,663,3,146,35,"East TN",2455501,6.84178096445491,0.0430859878475419,14.6202343228531,0.895947507250048,5.25351038342074,4.30859878475419
2020-04-18,835,12,833,12,2,0,935,19,14919,781,15854,800,0,31,-11,118,23,686,0,146,35,"East TN",2455501,6.3530823241367,0.0405564263322884,32.5799093545472,0.488698640318208,4.80553662979571,4.05564263322884
2020-04-19,914,79,912,79,2,0,1016,81,15606,687,16622,768,1,32,66,184,12,698,1,147,35,"East TN",2455501,8.34860177210272,0.0580997949419002,31.2767129803653,3.21726604876154,7.49337915154586,5.80997949419002
2020-04-20,939,25,931,19,8,6,1033,17,16569,963,17602,980,0,32,10,194,15,713,2,149,35,"East TN",2455501,8.18570222532998,0.0527039413382218,39.9103889593203,1.0181221673296,7.9006280184777,5.27039413382218
2020-04-21,1045,106,1037,106,8,0,1154,121,19275,2706,20429,2827,0,32,83,277,23,736,6,155,36,"East TN",2455501,12.0545664611825,0.0480685448736567,115.129254681631,4.3168379894775,11.280793614012,4.80685448736567
2020-04-22,1247,202,1237,200,10,2,1354,200,21827,2552,23181,2752,2,34,177,454,23,759,2,157,36,"East TN",2455501,19.3035962925692,0.054788563974345,112.074888179642,8.22642711202317,18.4890985587055,5.4788563974345
2020-04-23,1492,245,1480,243,12,2,1601,247,22934,1107,24535,1354,0,34,236,690,9,768,3,160,36,"East TN",2455501,28.1408967049901,0.0726626016260163,55.1414965825711,9.97759723983008,28.100171818297,7.26626016260163
2020-04-24,1540,48,1527,47,13,1,1655,54,25623,2689,27278,2743,0,34,22,712,26,794,4,164,36,"East TN",2455501,29.1997437590129,0.0604548429319372,111.708364199404,1.95479456127283,28.996119325547,6.04548429319372
2020-04-25,1563,23,1546,19,17,4,1674,19,26398,775,28072,794,0,34,10,722,13,807,3,167,37,"East TN",2455501,29.6477175126379,0.0604845310198068,32.3355600343881,0.936672393943232,29.4033681924788,6.04845310198068
2020-04-26,1583,20,1565,19,18,1,1700,26,27516,1118,29216,1144,0,34,-1,721,21,828,0,167,38,"East TN",2455501,27.2449491977401,0.0543115769414007,46.5892703770025,0.81449773386368,29.3626433057857,5.43115769414007
2020-04-27,1652,69,1633,68,19,1,1772,72,28431,915,30203,987,0,34,51,772,18,846,8,175,39,"East TN",2455501,29.0368442122402,0.058646139195302,40.1954631661726,2.8100171818297,31.439612527138,5.8646139195302
2020-04-28,1689,37,1667,34,22,3,1812,40,30605,2174,32417,2214,2,36,19,791,16,862,1,176,40,"East TN",2455501,26.2268270304105,0.0548882215548882,90.1648991387094,1.50682080764781,32.2133853743085,5.48882215548882
2020-04-29,1752,63,1729,62,23,1,1878,66,33354,2749,35232,2815,1,37,39,830,23,885,6,182,41,"East TN",2455501,20.5660677800579,0.0434818687245872,114.640556041313,2.56566786167059,33.8016559553427,4.34818687245872
2020-04-30,1774,22,1750,21,24,1,1900,22,33903,549,35803,571,0,37,-1,829,23,908,1,183,41,"East TN",2455501,11.4844180474779,0.0265353212637558,23.2539103018081,0.895947507250048,33.7609310686495,2.65353212637558
2020-05-01,1814,40,1786,36,28,4,1929,29,35565,1662,37494,1691,0,37,-16,813,56,964,0,183,41,"East TN",2455501,11.1586189539324,0.0268206734534064,68.8657833981741,1.62899546772736,33.1093328815586,2.68206734534064
2020-05-02,1835,21,1807,21,28,0,1966,37,37442,1877,39408,1914,0,37,-107,706,128,1092,2,185,41,"East TN",2455501,11.077169180546,0.0257586450247001,77.9474331307542,0.855222620556864,28.7517700053879,2.57586450247001
2020-05-03,1873,38,1840,33,33,5,2003,37,39562,2120,41565,2157,0,37,-20,686,58,1150,3,188,43,"East TN",2455501,11.8102171410234,0.0245363997084784,87.8435805971979,1.54754569434099,27.9372722715242,2.45363997084784
2020-05-04,1920,47,1884,44,36,3,2060,57,41508,1946,43568,2003,0,37,-312,374,359,1509,1,189,43,"East TN",2455501,10.9142696337733,0.0215488215488215,81.5719480464475,1.91406967457965,15.2311076232508,2.15488215488215
2020-05-05,1948,28,1911,27,37,1,2092,32,44418,2910,46510,2942,2,39,-45,329,71,1580,1,190,43,"East TN",2455501,10.5477456535347,0.0198680195841907,119.812616651347,1.14029682740915,13.3984877220575,1.98680195841907
2020-05-06,1985,37,1948,37,37,0,2135,43,45462,1044,47597,1087,1,40,7,336,29,1609,0,190,43,"East TN",2455501,9.48889859951187,0.0207844723008492,44.267951835491,1.50682080764781,13.6835619289098,2.07844723008492
2020-05-07,2028,43,1989,41,39,2,2183,48,46853,1391,49036,1439,0,40,19,355,24,1633,4,194,47,"East TN",2455501,10.3441212200687,0.0213859291166024,58.6031119514918,1.75117012780691,14.4573347760803,2.13859291166024
2020-05-08,2047,19,2008,19,39,0,2219,36,48523,1670,50742,1706,1,41,-15,340,33,1666,0,194,48,"East TN",2455501,9.48889859951187,0.0218900966183575,69.4766566985719,0.773772847170496,13.8464614756826,2.18900966183575
2020-05-09,2063,16,2022,14,41,2,2237,18,51342,2819,53579,2837,0,41,-33,307,49,1715,1,195,49,"East TN",2455501,9.28527416604595,0.0191235622045022,115.536503548563,0.651598187090944,12.5025402148075,1.91235622045022
2020-05-10,2079,16,2037,15,42,1,2256,19,53906,2564,56162,2583,1,42,-27,280,42,1757,3,198,49,"East TN",2455501,8.3893266587959,0.0173323285606631,105.192382328494,0.651598187090944,11.4029682740915,1.73323285606631
2020-05-11,2140,61,2097,60,43,1,2307,51,55477,1571,57784,1622,3,45,13,293,45,1802,4,202,51,"East TN",2455501,8.95947507250048,0.0173747889701744,66.0557662163444,2.48421808828422,11.9323918011029,1.73747889701745
2020-05-12,2193,53,2150,53,43,0,2373,66,59032,3555,61405,3621,3,48,30,323,20,1822,3,205,51,"East TN",2455501,9.97759723983008,0.0188653910708291,147.464814716019,2.15841899473875,13.1541384018984,1.88653910708291
2020-05-13,2247,54,2201,51,46,3,2425,52,60657,1625,63082,1677,0,48,18,341,36,1858,7,212,53,"East TN",2455501,10.6699203136142,0.0187278010978366,68.2956349844696,2.19914388143194,13.8871863623757,1.87278010978366
2020-05-14,2278,31,2232,31,46,0,2470,45,62365,1708,64835,1753,1,49,-1,340,31,1889,2,214,54,"East TN",2455501,10.181221673296,0.0181657066902969,71.3907263731516,1.2624714874887,13.8464614756826,1.81657066902969
2020-05-15,2306,28,2260,28,46,0,2507,37,64685,2320,67192,2357,1,50,-21,319,48,1937,4,218,54,"East TN",2455501,10.5477456535347,0.0175075987841945,95.9885579358347,1.14029682740915,12.9912388551257,1.75075987841945
2020-05-16,2316,10,2270,10,46,0,2525,18,67455,2770,69980,2788,1,51,-28,291,37,1974,1,219,54,"East TN",2455501,10.3033963333756,0.0175599048838485,113.540984100597,0.40724886693184,11.8509420277165,1.75599048838485
2020-05-17,2396,80,2350,80,46,0,2604,79,69682,2227,72286,2306,0,51,59,350,21,1995,4,223,56,"East TN",2455501,12.9097890817393,0.0215827338129496,93.9115887144823,3.25799093545472,14.2537103426144,2.15827338129496
2020-05-18,2445,49,2398,48,47,1,2665,61,71560,1878,74225,1939,0,51,8,358,41,2036,3,226,56,"East TN",2455501,12.4210904414211,0.0217748312146463,78.9655552980838,1.99551944796602,14.5795094361599,2.17748312146463
2020-05-19,2486,41,2438,40,48,1,2705,40,72684,1124,75389,1164,1,52,-6,352,46,2082,3,229,56,"East TN",2455501,11.9323918011029,0.0237414187643021,47.4037681108662,1.66972035442054,14.3351601160008,2.37414187643021
2020-05-20,2528,42,2480,42,48,0,2750,45,74424,1740,77174,1785,0,52,13,365,29,2111,3,232,56,"East TN",2455501,11.4436931607847,0.0230627306273063,72.6939227473334,1.71044524111373,14.8645836430122,2.30627306273063
2020-05-21,2769,241,2720,240,49,1,2989,239,75886,1462,78875,1701,0,52,211,576,30,2141,4,236,57,"East TN",2455501,19.9959193663533,0.036965811965812,69.273032265106,9.81469769305734,23.457534735274,3.6965811965812
2020-05-22,2860,91,2808,88,52,3,3067,78,77411,1525,80478,1603,0,52,40,616,51,2192,6,242,57,"East TN",2455501,22.5615872280239,0.0421496311907271,65.2819933691739,3.70596468907974,25.0865302030013,4.21496311907271
2020-05-23,2926,66,2870,62,56,4,3158,91,79626,2215,82784,2306,2,54,36,652,28,2220,6,248,58,"East TN",2455501,24.8421808828422,0.0494376757263355,93.9115887144823,2.68784252175014,26.552626123956,4.94376757263355
2020-05-24,2978,52,2922,52,56,0,3228,70,81746,2120,84974,2190,0,54,26,678,26,2246,0,248,59,"East TN",2455501,23.7018840554331,0.0491803278688525,89.187501858073,2.11769410804557,27.6114731779788,4.91803278688525
2020-05-25,3062,84,3005,83,57,1,3322,94,84396,2650,87718,2744,1,55,42,720,41,2287,2,250,59,"East TN",2455501,25.1272550896945,0.0486919143259468,111.749089086097,3.42089048222746,29.3219184190925,4.86919143259468
2020-05-26,3123,61,3057,52,66,9,3378,56,86782,2386,90160,2442,1,56,15,735,45,2332,3,253,59,"East TN",2455501,25.9417528235582,0.0455622503554262,99.4501733047553,2.48421808828422,29.9327917194902,4.55622503554262
2020-05-27,3199,76,3130,73,69,3,3445,67,88649,1867,92094,1934,0,56,40,775,36,2368,8,261,59,"East TN",2455501,27.3263989711265,0.0465817694369973,78.7619308646179,3.09509138868198,31.5617871872176,4.65817694369973
2020-05-28,3273,74,3204,74,69,0,3512,67,90048,1399,93560,1466,0,56,14,789,60,2428,1,262,59,"East TN",2455501,20.5253428933647,0.0356145726932244,59.7026838922077,3.01364161529562,32.1319356009222,3.56145726932244
2020-05-29,3348,75,3278,74,70,1,3595,83,91326,1278,94921,1361,0,56,10,799,65,2493,4,266,59,"East TN",2455501,19.8737447062738,0.0365575019040366,55.4265707894234,3.0543665019888,32.539184467854,3.65575019040366
2020-05-30,3421,73,3350,72,71,1,3676,81,93571,2245,97247,2326,0,56,-1,798,74,2567,4,270,60,"East TN",2455501,20.1588189131261,0.0358155292816152,94.726086448346,2.97291672860243,32.4984595811608,3.58155292816152
2020-05-31,3533,112,3460,110,73,2,3770,94,96354,2783,100124,2877,0,56,71,869,41,2608,1,271,61,"East TN",2455501,22.6023121147171,0.0357755775577558,117.16549901629,4.56118730963661,35.3899265363769,3.57755775577558
2020-06-01,3629,96,3553,93,76,3,3904,134,100186,3832,104090,3966,0,56,-168,701,264,2872,5,276,61,"East TN",2455501,23.0910107550353,0.0355484974346445,161.514900625168,3.90958912254566,28.548145571922,3.55484974346445
2020-06-02,3736,107,3658,105,78,2,4019,115,104246,4060,108265,4175,1,57,16,717,90,2962,3,279,65,"East TN",2455501,24.9643555429218,0.0354045843689589,170.026401944043,4.35756287617069,29.1997437590129,3.54045843689589
2020-06-03,3786,50,3708,50,78,0,4069,50,106176,1930,110245,1980,0,57,-65,652,115,3077,4,283,66,"East TN",2455501,23.905508488899,0.0343782711696325,80.6352756525043,2.0362443346592,26.552626123956,3.43782711696325
2020-06-04,3837,51,3757,49,80,2,4130,61,107724,1548,111854,1609,6,63,-38,614,83,3160,5,288,67,"East TN",2455501,22.9688360949558,0.0337815677271236,65.526342689333,2.07696922135238,25.005080429615,3.37815677271236
2020-06-05,3936,99,3852,95,84,4,4212,82,109880,2156,114092,2238,1,64,-43,571,141,3301,4,292,68,"East TN",2455501,23.9462333755922,0.0321840279588963,91.1422964193458,4.03176378262522,23.2539103018081,3.21840279588963
2020-06-06,3989,53,3902,50,87,3,4287,75,112985,3105,117272,3180,1,65,-14,557,66,3367,4,296,68,"East TN",2455501,23.1317356417285,0.0305118601747815,129.505139684325,2.15841899473875,22.6837618881035,3.05118601747815
2020-06-07,4047,58,3958,56,89,2,4368,81,116951,3966,121319,4047,0,65,-8,549,66,3433,6,302,69,"East TN",2455501,20.9325917602966,0.0282142014626091,164.813616447316,2.36204342820467,22.357962794558,2.82142014626091
2020-06-08,4207,160,4114,156,93,4,4525,157,119902,2951,124427,3108,0,65,75,624,85,3518,6,308,69,"East TN",2455501,23.5389845086604,0.0305354772090279,126.572947842416,6.51598187090944,25.4123292965468,3.05354772090279
2020-06-09,4315,108,4221,107,94,1,4643,118,122229,2327,126872,2445,1,66,-35,589,142,3660,7,315,70,"East TN",2455501,23.5797093953535,0.0335357661095287,99.5723479648349,4.39828776286387,23.9869582622854,3.35357661095287
2020-06-10,4392,77,4295,74,97,3,4717,74,125067,2838,129784,2912,0,66,-63,526,140,3800,6,321,70,"East TN",2455501,24.6792813360695,0.0331644403500691,118.590870050552,3.13581627537517,21.4212904006148,3.31644403500691
2020-06-11,4656,264,4557,262,99,2,4997,280,127358,2291,132355,2571,1,67,149,675,114,3914,8,329,70,"East TN",2455501,33.3536822017177,0.0422906199697576,104.703683688176,10.7513700870006,27.4892985178992,4.22906199697576
2020-06-12,4827,171,4727,170,100,1,5169,172,129986,2628,135155,2800,2,69,24,699,145,4059,3,332,71,"East TN",2455501,36.2858740436269,0.0454351232018231,114.029682740915,6.96395562453446,28.4666957985356,4.54351232018231
2020-06-13,4975,148,4871,144,104,4,5337,168,132177,2191,137514,2359,0,69,50,749,98,4157,4,336,72,"East TN",2455501,40.1547382794794,0.0518723446299773,96.0700077092211,6.02728323059123,30.5029401331948,5.18723446299773
2020-06-14,5091,116,4986,115,105,1,5472,135,136047,3870,141519,4005,0,69,30,779,86,4243,4,340,73,"East TN",2455501,42.5167817076841,0.0546534653465347,163.103171206202,4.72408685640934,31.7246867339903,5.46534653465347
2020-06-15,5274,183,5158,172,116,11,5651,179,139221,3174,144872,3353,0,69,58,837,125,4368,9,349,78,"East TN",2455501,43.4534541016273,0.0550745903643923,136.550545082246,7.45265426485267,34.086730162195,5.50745903643923
2020-06-16,5428,154,5310,152,118,2,5809,158,141021,1800,146830,1958,3,72,64,901,87,4455,4,353,81,"East TN",2455501,45.3267988895138,0.0584226876440525,79.7393281452543,6.27163255075034,36.6931229105588,5.84226876440525
2020-06-17,5561,133,5440,130,121,3,5931,122,142462,1441,148393,1563,3,75,-6,895,136,4591,6,359,83,"East TN",2455501,47.6073925443321,0.0652372507926272,63.6529979014466,5.41640993019347,36.4487735903997,6.52372507926272
2020-06-18,5739,178,5617,177,122,1,6137,206,146054,3592,152191,3798,1,76,42,937,135,4726,10,369,83,"East TN",2455501,44.1050522887183,0.0574712643678161,154.673119660713,7.24902983138675,38.1592188315134,5.74712643678161
2020-06-19,5874,135,5748,131,126,4,6255,118,147518,1464,153773,1582,4,80,22,959,109,4835,12,381,84,"East TN",2455501,42.6389563677636,0.058330647760232,64.4267707486171,5.49785970357984,39.0551663387635,5.8330647760232
2020-06-20,5940,66,5813,65,127,1,6350,95,149693,2175,156043,2270,0,80,-44,915,110,4945,6,387,84,"East TN",2455501,39.2995156589226,0.0546710561822009,92.4454927935277,2.68784252175014,37.2632713242634,5.46710561822009
2020-06-21,6028,88,5900,87,128,1,6469,119,153043,3350,159512,3469,1,81,0,915,87,5032,3,390,87,"East TN",2455501,38.1592188315134,0.0554104373923192,141.274631938655,3.58379002900019,37.2632713242634,5.54104373923192
2020-06-22,6224,196,6089,189,135,7,6667,198,156453,3410,163120,3608,1,82,43,958,152,5184,7,397,88,"East TN",2455501,38.6886423585248,0.0556773345024112,146.935391189008,7.98207779186406,39.0144414520703,5.56773345024112
2020-06-23,6414,190,6273,184,141,6,6851,184,158258,1805,165109,1989,4,86,57,1015,129,5313,15,412,88,"East TN",2455501,40.1547382794794,0.0570053066360304,81.001799632743,7.73772847170496,41.3357599935818,5.70053066360304
2020-06-24,6592,178,6449,176,143,2,7034,183,159889,1631,166923,1814,2,88,37,1052,139,5452,9,421,88,"East TN",2455501,41.9873581806727,0.0595250944414463,73.8749444614358,7.24902983138675,42.8425808012296,5.95250944414463
2020-06-25,6761,169,6609,160,152,9,7218,184,163063,3174,170281,3358,0,88,22,1074,147,5599,8,429,88,"East TN",2455501,41.620834200434,0.0597567716970702,136.754169515712,6.8825058511481,43.7385283084796,5.97567716970702
2020-06-26,6975,214,6813,204,162,10,7390,172,164652,1589,172042,1761,1,89,67,1141,146,5745,16,445,88,"East TN",2455501,44.8381002491956,0.0621271005528491,71.716525466697,8.71512575234138,46.4670957169229,6.21271005528491
2020-06-27,7049,74,6882,69,167,5,7436,46,164861,209,172297,255,-1,88,-52,1089,127,5872,5,450,90,"East TN",2455501,45.1638993427411,0.0668143226282761,10.3848461067619,3.01364161529562,44.3494016088774,6.68143226282761
2020-06-28,7176,127,7007,125,169,2,7607,171,167950,3089,175557,3260,0,88,30,1119,97,5969,5,455,91,"East TN",2455501,46.7521699237752,0.0709255219694609,132.76313061978,5.17206061003437,45.5711482096729,7.09255219694609
2020-06-29,7519,343,7348,341,171,2,7947,340,173218,5268,181165,5608,1,89,147,1266,195,6164,22,477,92,"East TN",2455501,52.7387282676733,0.0709337766694375,228.385164575376,13.9686361357621,51.5577065535709,7.09337766694375
2020-06-30,7789,270,7614,266,175,4,8395,448,179506,6288,187901,6736,0,89,100,1366,170,6334,22,499,93,"East TN",2455501,55.996719203128,0.0677430677430677,274.322836765287,10.9957194071597,55.6301952228893,6.77430677430677
2020-07-01,8064,275,7886,272,178,3,8729,334,182710,3204,191439,3538,0,89,66,1432,209,6543,17,516,96,"East TN",2455501,59.9470332123668,0.0691385217816936,144.084649120485,11.1993438406256,58.3180377446395,6.91385217816936
2020-07-02,8544,480,8361,475,183,5,9335,606,189093,6383,198428,6989,2,91,314,1746,164,6707,24,540,99,"East TN",2455501,72.6124729739471,0.0752122783955661,284.626233098663,19.5479456127283,71.1056521662993,7.52122783955661
2020-07-03,8770,226,8581,220,189,6,9563,228,192449,3356,202012,3584,5,96,24,1770,197,6904,14,554,100,"East TN",2455501,73.1011716142653,0.0725058391725058,145.957993908371,9.20382439265958,72.0830494469357,7.25058391725058
2020-07-04,8990,220,8799,218,191,2,9843,280,197213,4764,207056,5044,2,98,77,1847,141,7045,14,568,106,"East TN",2455501,79.0470050714701,0.0692482522512155,205.41632848042,8.95947507250048,75.2188657223108,6.92482522512155
2020-07-05,9310,320,9118,319,192,1,10211,368,201061,3848,211272,4216,2,100,163,2010,155,7200,11,579,109,"East TN",2455501,86.9069082032546,0.0729105417891642,171.696122298464,13.0319637418189,81.8570222532998,7.29105417891642
2020-07-06,9544,234,9341,223,203,11,10421,210,202692,1631,213113,1841,4,104,-51,1959,281,7481,26,605,109,"East TN",2455501,82.4678955536976,0.0774383372981094,74.9745164021517,9.52962348620506,79.7800530319474,7.74383372981094
2020-07-07,9991,447,9780,439,211,8,10987,566,208970,6278,219957,6844,0,104,158,2117,289,7770,31,636,110,"East TN",2455501,89.6762004983912,0.080858497629149,278.721124528151,18.2040243518532,86.2145851294705,8.0858497629149
2020-07-08,10372,381,10151,371,221,10,11421,434,213141,4171,224562,4605,1,105,61,2178,319,8089,20,656,110,"East TN",2455501,93.9930384878687,0.081272831567189,187.538103222112,15.5161818301031,88.6988032177547,8.1272831567189
2020-07-09,10821,449,10586,435,235,14,11893,472,219092,5951,230985,6423,1,106,149,2327,299,8388,24,680,113,"East TN",2455501,92.73056700038,0.078569892803391,261.575947230321,18.2854741252396,94.7668113350392,7.8569892803391
2020-07-10,11288,467,11041,455,247,12,12346,453,222376,3284,234722,3737,0,106,141,2468,326,8714,27,707,115,"East TN",2455501,102.545264693437,0.0850810149801284,152.188901572429,19.0185220857169,100.509020358778,8.50810149801284
2020-07-11,11594,306,11340,299,254,7,12768,422,226854,4478,239622,4900,5,111,44,2512,257,8971,22,729,120,"East TN",2455501,106.047604949051,0.0898176011791439,199.551944796602,12.4618153281143,102.300915373278,8.98176011791439
2020-07-12,12064,470,11802,462,262,8,13401,633,232784,5930,246185,6563,1,112,222,2734,247,9218,24,753,125,"East TN",2455501,112.156337953029,0.091369976799473,267.277431367367,19.1406967457965,111.341840219165,9.1369976799473
2020-07-13,12418,354,12143,341,275,13,13744,343,236218,3434,249962,3777,3,115,-119,2615,470,9688,18,771,129,"East TN",2455501,117.043324356211,0.0901788379603246,153.817897040156,14.4166098893871,106.495578702676,9.01788379603246
2020-07-14,12934,516,12652,509,282,7,14328,584,240706,4488,255034,5072,4,119,78,2693,434,10122,34,805,133,"East TN",2455501,119.853341538041,0.0952475981412321,206.556625307829,21.0140415336829,109.672119864745,9.52475981412321
2020-07-15,13314,380,13026,374,288,6,14711,383,243803,3097,258514,3480,6,125,-105,2588,479,10601,24,829,140,"East TN",2455501,119.812616651347,0.0969015080113101,141.72260569228,15.4754569434099,105.39600676196,9.69015080113101
2020-07-16,14141,827,13838,812,303,15,15808,1097,253637,9834,269445,10931,6,131,349,2937,472,11073,43,872,142,"East TN",2455501,135.206623821371,0.101794071762871,445.163736443194,33.6794812952632,119.608992217881,10.1794071762871
2020-07-17,14609,468,14291,453,318,15,16319,511,257957,4320,274276,4831,3,134,95,3032,370,11443,24,896,147,"East TN",2455501,135.247348708064,0.100444961318704,196.741927614772,19.0592469724101,123.477856453734,10.0444961318704
2020-07-18,15118,509,14785,494,333,15,16987,668,266048,8091,283035,8759,6,140,185,3217,318,11761,27,923,150,"East TN",2455501,143.51450070678,0.0971828714901067,356.709282545599,20.7289673268307,131.011960491973,9.71828714901067
2020-07-19,15599,481,15247,462,352,19,17547,560,270901,4853,288448,5413,0,140,76,3293,405,12166,25,948,154,"East TN",2455501,143.962474460405,0.0980999929015924,220.443811670205,19.5886704994215,134.107051880655,9.80999929015924
2020-07-20,16035,436,15668,421,367,15,17958,411,273358,2457,291316,2868,2,142,-270,3023,704,12870,29,977,158,"East TN",2455501,147.301915169247,0.10190066257194,116.798975036052,17.7560505982282,123.111332473495,10.190066257194
2020-07-21,17036,1001,16652,984,384,17,19170,1212,281735,8377,300905,9589,1,143,381,3404,619,13489,61,1038,161,"East TN",2455501,167.053485215441,0.105556887794031,390.510938500941,40.7656115798772,138.627514303598,10.5556887794031
2020-07-22,17620,584,17219,567,401,17,19824,654,285035,3300,304859,3954,4,147,-80,3324,660,14149,29,1067,166,"East TN",2455501,175.36136210085,0.110324738375229,161.02620198485,23.7833338288195,135.369523368144,11.0324738375229
2020-07-23,18415,795,17992,773,423,22,20823,999,295239,10204,316062,11203,4,151,242,3566,549,14698,50,1117,171,"East TN",2455501,174.058165726668,0.107578780273291,456.24090562374,32.3762849210813,145.224945947894,10.7578780273291
2020-07-24,19018,603,18582,590,436,13,21507,684,301048,5809,322555,6493,2,153,6,3572,595,15293,34,1151,177,"East TN",2455501,179.556025430248,0.107458729468299,264.426689298844,24.55710667599,145.469295268053,10.7458729468299
2020-07-25,19996,978,19547,965,449,13,22709,1202,310664,9616,333373,10818,10,163,550,4122,418,15711,28,1179,185,"East TN",2455501,198.655997289352,0.1136715801184,440.561824246864,39.8289391859339,167.867982949304,11.36715801184
2020-07-26,20771,775,20307,760,464,15,23606,897,318187,7523,341793,8420,1,164,390,4512,384,16095,21,1200,192,"East TN",2455501,210.629113977148,0.11358140406786,342.903545956609,31.5617871872176,183.750688759646,11.358140406786
2020-07-27,21417,646,20931,624,486,22,24312,706,322653,4466,346965,5172,6,170,-78,4434,718,16813,38,1238,196,"East TN",2455501,219.181340182716,0.114179949325235,210.629113977148,26.3082768037969,180.574147597578,11.4179949325235
2020-07-28,22232,815,21723,792,509,23,25285,973,330874,8221,356159,9194,7,177,170,4604,638,17451,50,1288,201,"East TN",2455501,211.606511257784,0.110670720671807,374.424608257134,33.190782654945,187.497378335419,11.0670720671807
2020-07-29,22575,343,22054,331,521,12,25601,316,332446,1572,358047,1888,5,182,-337,4267,675,18126,24,1312,210,"East TN",2455501,201.791813564727,0.108614725125968,76.8885860767314,13.9686361357621,173.773091519816,10.8614725125968
2020-07-30,23763,1188,23227,1173,536,15,26982,1381,344980,12534,371962,13915,5,187,673,4940,510,18636,42,1354,216,"East TN",2455501,217.796694035148,0.110178890876565,566.686798335655,48.3811653915026,201.180940264329,11.0178890876565
2020-07-31,24385,622,23833,606,552,16,27636,654,348948,3968,376584,4622,6,193,80,5020,536,19172,25,1379,225,"East TN",2455501,218.570466882319,0.113439079013123,188.230426295896,25.3308795231604,204.438931199784,11.3439079013123
2020-08-01,24944,559,24375,542,569,17,28272,636,355922,6974,384194,7610,1,194,152,5172,406,19578,16,1395,228,"East TN",2455501,201.506739357874,0.109462623718542,309.91638773513,22.7652116614899,210.629113977148,10.9462623718542
2020-08-02,25375,431,24795,420,580,11,28756,484,359720,3798,388476,4282,4,198,49,5221,378,19956,19,1414,233,"East TN",2455501,187.497378335419,0.110318531371163,174.383964820214,17.5524261647623,212.624633425114,11.0318531371163
2020-08-03,26001,626,25403,608,598,18,29464,708,363864,4144,393328,4852,3,201,-43,5178,666,20622,33,1447,241,"East TN",2455501,186.682880601555,0.111123093846386,197.597150235329,25.4937790699332,210.873463297307,11.1123093846386
2020-08-04,26487,486,25869,466,618,20,29990,526,369235,5371,399225,5897,6,207,-219,4959,699,21321,33,1480,250,"East TN",2455501,173.284392879498,0.109250917196861,240.154656829706,19.7922949328874,201.954713111499,10.9250917196861
2020-08-05,26955,468,26329,460,626,8,30511,521,373448,4213,403959,4734,9,216,-225,4734,684,22005,19,1499,256,"East TN",2455501,178.375003716146,0.106943718417843,192.791613605533,19.0592469724101,192.791613605533,10.6943718417843
2020-08-06,27686,731,27022,693,664,38,31363,852,380518,7070,411881,7922,7,223,201,4935,523,22528,36,1535,262,"East TN",2455501,159.763730497361,0.109747238157268,322.622552383404,29.7698921727175,200.977315830863,10.9747238157268
2020-08-07,28241,555,27563,541,678,14,31982,619,384488,3970,416470,4589,6,229,38,4973,511,23039,34,1569,275,"East TN",2455501,157.035163088917,0.108960537531966,186.886505035021,22.6023121147171,202.524861525204,10.8960537531966
2020-08-08,28916,675,28226,663,690,12,32782,800,394564,10076,427346,10876,8,237,289,5262,378,23417,19,1588,285,"East TN",2455501,161.759249945327,0.104514275120504,442.923867675069,27.4892985178992,214.294353779534,10.4514275120504
2020-08-09,29444,528,28742,516,702,12,33416,634,398865,4301,432281,4935,2,239,115,5377,411,23828,19,1607,292,"East TN",2455501,165.709563954566,0.106380550165506,200.977315830863,21.5027401740012,218.97771574925,10.6380550165506
2020-08-10,29747,303,29034,292,713,11,33744,328,401154,2289,434898,2617,3,242,-478,4899,778,24606,26,1633,296,"East TN",2455501,152.555425552667,0.102958864565793,106.577028476063,12.3396406680348,199.511219909908,10.2958864565793
2020-08-11,30359,612,29629,595,730,17,34429,685,407254,6100,441683,6785,17,259,-7,4892,602,25208,28,1661,301,"East TN",2455501,157.686761276008,0.104550379198267,276.318356213253,24.9236306562286,199.226145703056,10.4550379198267
2020-08-12,30804,445,30053,424,751,21,34903,474,411003,3749,445906,4223,6,265,-251,4641,690,25898,25,1686,306,"East TN",2455501,156.750088882065,0.104703554485422,171.981196505316,18.1225745784669,189.004199143067,10.4703554485422
2020-08-13,31621,817,30857,804,764,13,36020,1117,419565,8562,455585,9679,6,271,202,4843,609,26507,44,1730,313,"East TN",2455501,160.252429137679,0.106557752150833,394.176178303328,33.2722324283313,197.23062625509,10.6557752150833
2020-08-14,32082,461,31289,432,793,29,36554,534,424221,4656,460775,5190,4,275,-142,4701,599,27106,18,1748,320,"East TN",2455501,156.42428978852,0.103193770454802,211.362161937625,18.7741727655578,191.447692344658,10.3193770454802
2020-08-15,32732,650,31927,638,805,12,37431,877,431155,6934,468586,7811,4,279,216,4917,430,27536,17,1765,329,"East TN",2455501,155.40616762119,0.112730358874879,318.10208996046,26.4711763505696,200.244267870386,11.2730358874879
2020-08-16,33206,474,32390,463,816,11,38024,593,436621,5466,474645,6059,2,281,110,5027,362,27898,10,1775,338,"East TN",2455501,153.207023739758,0.108771598527051,246.752088474002,19.3035962925692,204.724005406636,10.8771598527051
2020-08-17,33479,273,32593,203,886,70,38251,227,438093,1472,476344,1699,8,289,-397,4630,662,28560,12,1787,344,"East TN",2455501,151.985277138963,0.108743907735367,69.1915824917196,11.1178940672392,188.556225389442,10.8743907735366
2020-08-18,34109,630,33158,565,951,65,39063,812,448690,10597,487753,11409,8,297,52,4682,570,29130,22,1809,347,"East TN",2455501,152.71832509944,0.100586064684176,464.630232282536,25.6566786167059,190.673919497487,10.0586064684176
2020-08-19,34564,455,33592,434,972,21,39560,497,453474,4784,493034,5281,7,304,-113,4569,561,29691,22,1831,354,"East TN",2455501,153.125573966372,0.0988159904939739,215.068126626705,18.5298234453987,186.072007301158,9.88159904939739
2020-08-20,35342,778,34349,757,993,21,40434,874,465012,11538,505446,12412,6,310,263,4832,509,30200,26,1857,362,"East TN",2455501,151.537303385338,0.0885261025651311,505.4772936358,31.6839618472971,196.782652501465,8.85261025651311
2020-08-21,35551,209,34546,197,1005,12,40647,213,467463,2451,508110,2664,17,327,-321,4511,513,30713,17,1874,369,"East TN",2455501,141.274631938655,0.0864687863103412,108.491098150642,8.51150131887546,183.709963872953,8.64687863103412
2020-08-22,36421,870,35404,858,1017,12,41620,973,480830,13367,522450,14340,2,329,454,4965,414,31127,20,1894,376,"East TN",2455501,150.234107011156,0.0777699391058963,583.994875180259,35.4306514230701,202.199062431659,7.77699391058963
2020-08-23,36674,253,35646,242,1028,11,41874,254,485937,5107,527811,5361,0,329,-94,4871,347,31474,20,1914,381,"East TN",2455501,141.233907051962,0.072414701124779,218.326117562159,10.3033963333756,198.370923082499,7.2414701124779
2020-08-24,36866,192,35821,175,1045,17,42072,198,487280,1343,529352,1541,8,337,-486,4385,670,32144,15,1929,391,"East TN",2455501,137.935191229814,0.0720834591005131,62.7570503941965,7.81917824509133,178.578628149612,7.20834591005131
2020-08-25,37480,614,36410,589,1070,25,42757,685,497016,9736,539773,10421,16,353,119,4504,479,32623,22,1951,399,"East TN",2455501,137.283593042723,0.0710111495578624,424.39404422967,25.005080429615,183.424889666101,7.10111495578624
2020-08-26,37826,346,36730,320,1096,26,43142,385,500978,3962,544120,4347,6,359,-207,4297,547,33170,11,1962,407,"East TN",2455501,132.844580393166,0.070117057510864,177.031082455271,14.0908107958417,174.994838120612,7.0117057510864
2020-08-27,38687,861,37574,844,1113,17,44118,976,511268,10290,555386,11266,8,367,387,4684,466,33636,29,1991,413,"East TN",2455501,136.2247459887,0.073768522226672,458.806573485411,35.0641274428314,190.755369270874,7.3768522226672
2020-08-28,39021,334,37888,314,1133,20,44456,338,513876,2608,558332,2946,12,379,-182,4502,504,34140,10,2001,419,"East TN",2455501,141.315356825348,0.0758432559436104,119.97551619812,13.6021121555235,183.343439892714,7.58432559436104
2020-08-29,39472,451,38323,435,1149,16,44984,528,520395,6519,565379,7047,8,387,61,4563,382,34522,16,2017,428,"East TN",2455501,124.251629300904,0.0783619464697524,286.988276526868,18.366923898626,185.827657980999,7.83619464697524
2020-08-30,39735,263,38575,252,1160,11,45251,267,522276,1881,567527,2148,8,395,-55,4508,310,34832,14,2031,431,"East TN",2455501,124.658878167836,0.0850287037969584,87.4770566169592,10.7106452003074,183.587789212873,8.50287037969584
2020-08-31,40142,407,38953,378,1189,29,45701,450,525762,3486,571463,3936,2,397,-133,4375,538,35370,16,2047,436,"East TN",2455501,133.414728806871,0.0861770083826079,160.293154024372,16.5750288841259,178.17137928268,8.61770083826079
2020-09-01,40749,607,39518,565,1231,42,46375,674,531427,5665,577802,6339,6,403,105,4480,496,35866,28,2075,445,"East TN",2455501,133.129654600018,0.0951379210602435,258.155056748093,24.7200062227627,182.447492385464,9.51379210602435
2020-09-02,41237,488,39977,459,1260,29,46828,453,536220,4793,583048,5246,7,410,22,4502,459,36325,22,2097,452,"East TN",2455501,138.912588510451,0.0946876284422524,213.642755592443,19.8737447062738,183.343439892714,9.46876284422524
2020-09-03,41792,555,40499,522,1293,33,47475,647,544477,8257,591952,8904,6,416,-39,4463,588,36913,22,2119,455,"East TN",2455501,126.450773182336,0.091806596291637,362.61439111611,22.6023121147171,181.75516931168,9.1806596291637
2020-09-04,42149,357,40842,343,1307,14,47823,348,547809,3332,595632,3680,7,423,-40,4423,390,37303,11,2130,456,"East TN",2455501,127.38744557628,0.0902680965147453,149.867583030917,14.5387845494667,180.126173843953,9.02680965147453
2020-09-05,43147,998,41825,983,1322,15,48913,1090,557127,9318,606040,10408,1,424,640,5063,357,37660,26,2156,462,"East TN",2455501,149.663958597451,0.0966282186862104,423.864620702659,40.6434369197976,206.190101327591,9.66282186862104
2020-09-06,43410,263,42072,247,1338,16,49181,268,559755,2628,608936,2896,0,424,-50,5013,313,37973,9,2165,476,"East TN",2455501,149.663958597451,0.0949069042961675,117.939271863461,10.7106452003074,204.153856992931,9.49069042961675
2020-09-07,43614,204,42269,197,1345,7,49418,237,561091,1336,610509,1573,3,427,-342,4671,543,38516,13,2178,480,"East TN",2455501,141.396806598735,0.0951954105414127,64.0602467683784,8.30787688540954,190.225945743862,9.51954105414127
2020-09-08,43925,311,42558,289,1367,22,49738,320,564517,3426,614255,3746,7,434,-303,4368,607,39123,24,2202,487,"East TN",2455501,129.342240137552,0.0922557814171673,152.555425552667,12.6654397615802,177.886305075828,9.22557814171673
2020-09-09,44259,334,42875,317,1384,17,50113,375,569663,5146,619776,5521,6,440,-160,4208,488,39611,16,2218,494,"East TN",2455501,123.070607586802,0.089441298192115,224.842099433069,13.6021121555235,171.370323204918,8.9441298192115
2020-09-10,44934,675,43513,638,1421,37,50820,707,577474,7811,628294,8518,18,458,194,4402,463,40074,39,2257,505,"East TN",2455501,127.957593989984,0.0920422651477629,346.894584852541,27.4892985178992,179.270951223396,9.20422651477629
2020-09-11,45260,326,43816,303,1444,23,51175,355,581633,4159,632808,4514,17,475,-206,4196,515,40589,26,2283,516,"East TN",2455501,126.695122502495,0.0901656982999785,183.832138533033,13.276313061978,170.8816245646,9.01656982999785
2020-09-12,45679,419,44217,401,1462,18,51687,512,588619,6986,640306,7498,10,485,92,4288,317,40906,14,2297,527,"East TN",2455501,103.115413107142,0.080954882390708,305.355200425494,17.0637275244441,174.628314140373,8.0954882390708
2020-09-13,46120,441,44638,421,1482,20,52190,503,594192,5573,646382,6076,2,487,51,4339,388,41294,21,2318,532,"East TN",2455501,110.364442938529,0.0803557122256049,247.444411547786,17.9596750316941,176.705283361725,8.03557122256049
2020-09-14,46564,444,45067,429,1497,15,52675,485,599165,4973,651840,5458,9,496,-150,4189,585,41879,23,2341,542,"East TN",2455501,120.138415744893,0.0788028356439476,222.276431571398,18.0818496917737,170.596550357748,7.88028356439477
2020-09-15,47057,493,45523,456,1534,37,53215,540,607341,8176,660556,8716,7,503,-66,4123,552,42431,19,2360,545,"East TN",2455501,127.550345123052,0.0750955702900585,354.958112417792,20.0773691397397,167.908707835998,7.50955702900585
2020-09-16,47410,353,45833,310,1577,43,53609,394,610754,3413,664363,3807,6,509,-176,3947,523,42954,17,2377,554,"East TN",2455501,128.324117970223,0.0784085047211071,155.039643640951,14.375885002694,160.741127777997,7.84085047211071
2020-09-17,47961,551,46352,519,1609,32,54186,577,617931,7177,672117,7754,8,517,119,4066,424,43378,21,2398,565,"East TN",2455501,123.274232020268,0.0768089815850124,315.780771418949,22.4394125679444,165.587389294486,7.68089815850124
2020-09-18,48495,534,46838,486,1657,48,54753,567,626046,8115,680799,8682,17,534,-29,4037,546,43924,29,2427,571,"East TN",2455501,131.74500845245,0.0745556458502636,353.573466270223,21.7470894941603,164.406367580384,7.45556458502636
2020-09-19,49003,508,47323,485,1680,23,55326,573,634400,8354,689726,8927,3,537,193,4230,312,44236,29,2456,573,"East TN",2455501,135.369523368144,0.0736341562120599,363.551063510054,20.6882424401375,172.266270712168,7.36341562120599
2020-09-20,49309,306,47604,281,1705,25,55655,329,639358,4958,695013,5287,1,538,-19,4211,324,44560,13,2469,584,"East TN",2455501,129.871663664564,0.0712508482243836,215.312475946864,12.4618153281143,171.492497864998,7.12508482243836
2020-09-21,49472,163,47737,133,1735,30,55807,152,640875,1517,696682,1669,3,541,-210,4001,370,44930,9,2478,589,"East TN",2455501,118.427970503779,0.0698452343784845,67.9698358909241,6.63815653098899,162.940271659429,6.98452343784845
2020-09-22,49932,460,48139,402,1793,58,56297,490,647025,6150,703322,6640,6,547,-55,3946,509,45439,28,2506,596,"East TN",2455501,117.084049242904,0.072066594958612,270.413247642742,18.7334478788646,160.700402891304,7.2066594958612
2020-09-23,50226,294,48393,254,1833,40,56579,282,649118,2093,705697,2375,8,555,-218,3728,504,45943,11,2517,605,"East TN",2455501,114.681280928006,0.0718536797793584,96.721605896312,11.9731166877961,151.82237759219,7.18536797793584
2020-09-24,50689,463,48835,442,1854,21,57060,481,656014,6896,713074,7377,11,566,-36,3692,488,46431,27,2544,610,"East TN",2455501,111.097490899006,0.0701711551138999,300.427489135618,18.8556225389442,150.356281671235,7.01711551138999
2020-09-25,51142,453,49265,430,1877,23,57546,486,662686,6672,720232,7158,11,577,13,3705,429,46860,18,2562,616,"East TN",2455501,107.798775076858,0.0708290010904572,291.508738949811,18.4483736720124,150.885705198247,7.08290010904572
2020-09-26,51699,557,49798,533,1901,24,58184,638,673242,10556,731426,11194,5,582,193,3898,359,47219,28,2590,623,"East TN",2455501,109.794294524824,0.068537170263789,455.874381643502,22.6837618881035,158.745608330031,6.8537170263789
2020-09-27,52092,393,50163,365,1929,28,58590,406,679261,6019,737851,6425,3,585,91,3989,299,47518,29,2619,630,"East TN",2455501,113.337359667131,0.0685139362248471,261.657397003707,16.0048804704213,162.451573019111,6.85139362248471
2020-09-28,52326,234,50358,195,1968,39,58815,225,680948,1687,739763,1912,4,589,-315,3674,545,48063,13,2632,637,"East TN",2455501,116.228826622347,0.0698219632784754,77.8659833573678,9.52962348620506,149.623233710758,6.98219632784754
2020-09-29,52709,383,50698,340,2011,43,59212,397,686759,5811,745971,6208,9,598,-43,3631,417,48480,30,2662,639,"East TN",2455501,113.093010346972,0.0683486130976107,252.820096591286,15.5976316034895,147.872063582951,6.83486130976107
2020-09-30,53191,482,51148,450,2043,32,59688,476,690197,3438,749885,3914,6,604,79,3710,397,48877,21,2683,643,"East TN",2455501,120.749289045291,0.0703584683624513,159.397206517122,19.6293953861147,151.089329631713,7.03584683624513
2020-10-01,53579,388,51497,349,2082,39,60067,379,693477,3280,753544,3659,11,615,0,3710,377,49254,30,2713,648,"East TN",2455501,117.694922543302,0.0743019520632567,149.01236041036,15.8012560369554,151.089329631713,7.43019520632567
2020-10-02,54044,465,51934,437,2110,28,60530,463,697098,3621,757628,4084,2,617,24,3734,439,49693,17,2730,652,"East TN",2455501,118.18362118362,0.0797946304417585,166.320437254963,18.9370723123306,152.066726912349,7.97946304417585
2020-10-03,54449,405,52322,388,2127,17,61013,483,704558,7460,765571,7943,12,629,83,3817,310,50003,21,2751,658,"East TN",2455501,111.993438406256,0.082852540635525,323.477775003961,16.4935791107395,155.446892507883,8.2852540635525
2020-10-04,54904,455,52747,425,2157,30,61552,539,714681,10123,776233,10662,4,633,145,3962,306,50309,26,2777,670,"East TN",2455501,114.518381381233,0.0771715908498775,434.208741922728,18.5298234453987,161.352001078395,7.71715908498775
2020-10-05,55576,672,53360,613,2216,59,62304,752,721929,7248,784233,8000,5,638,153,4115,514,50823,38,2815,679,"East TN",2455501,132.355881752848,0.0784573870024736,325.799093545472,27.3671238578196,167.582908742452,7.84573870024736
2020-10-06,56326,750,54026,666,2300,84,63044,740,728569,6640,791613,7380,8,646,302,4417,440,51263,42,2857,688,"East TN",2455501,147.301915169247,0.0839577582051619,300.549663795698,30.543665019888,179.881824523794,8.39577582051619
2020-10-07,57063,737,54685,659,2378,78,63752,708,735322,6753,799074,7461,3,649,293,4710,441,51704,36,2893,694,"East TN",2455501,157.686761276008,0.0826200979893879,303.848379617846,30.0142414928766,191.814216324897,8.26200979893879
2020-10-08,57781,718,55342,657,2439,61,64430,678,741783,6461,806213,7139,10,659,267,4977,441,52145,31,2924,699,"East TN",2455501,171.125973884759,0.0828381021094002,290.734966102641,29.2404686457061,202.687761071977,8.28381021094002
2020-10-09,58322,541,55841,499,2481,42,64990,560,747262,5479,812252,6039,4,663,123,5100,414,52559,20,2944,706,"East TN",2455501,174.221065273441,0.0816490919742238,245.937590740138,22.0321637010125,207.696922135238,8.16490919742238
2020-10-10,58940,618,56428,587,2512,31,65659,669,755687,8425,821346,9094,12,675,252,5352,354,52913,19,2963,720,"East TN",2455501,182.895466139089,0.083298969072165,370.352119587815,25.1679799763877,217.959593581921,8.3298969072165
2020-10-11,59883,943,57340,912,2543,31,66688,1029,766115,10428,832803,11457,1,676,587,5939,355,53268,36,2999,727,"East TN",2455501,202.769210845363,0.0907901714689765,466.585026843809,38.4035681516725,241.86510207082,9.07901714689765
2020-10-12,60239,356,57626,286,2613,70,67005,317,769036,2921,836041,3238,6,682,-337,5602,687,53955,18,3017,738,"East TN",2455501,189.900146650317,0.0907388820259419,131.86718311253,14.4980596627735,228.140815255217,9.07388820259419
2020-10-13,60744,505,58079,453,2665,52,67489,484,773421,4385,840910,4869,9,691,7,5609,489,54444,22,3039,745,"East TN",2455501,179.922549410487,0.0901677586871412,198.289473309113,20.5660677800579,228.425889462069,9.01677586871412
2020-10-14,61619,875,58891,812,2728,63,68337,848,779607,6186,847944,7034,1,692,329,5938,545,54989,40,3079,752,"East TN",2455501,185.542583774146,0.0938203396766933,286.458852999856,35.634275856536,241.824377184127,9.38203396766933
2020-10-15,62128,509,59331,440,2797,69,68802,465,783761,4154,852563,4619,14,706,-67,5871,562,55551,19,3098,761,"East TN",2455501,177.031082455271,0.0943257820927724,188.108251635817,20.7289673268307,239.095809775683,9.43257820927724
2020-10-16,62767,639,59927,596,2840,43,69386,584,787850,4089,857236,4673,2,708,-135,5736,772,56323,21,3119,773,"East TN",2455501,181.022121351203,0.0977236350702472,190.307395517249,26.0232025969446,233.597950072103,9.77236350702472
2020-10-17,63485,718,60608,681,2877,37,70245,859,796634,8784,866879,9643,6,714,236,5972,476,56799,36,3155,780,"East TN",2455501,185.094610020521,0.100718160455055,392.710082382373,29.2404686457061,243.209023331695,10.0718160455055
2020-10-18,64290,805,61366,758,2924,47,71117,872,804744,8110,875861,8982,3,717,349,6321,453,57252,34,3189,788,"East TN",2455501,179.474575656862,0.102861256909285,365.790932278179,32.7835337880131,257.422008787616,10.2861256909285
2020-10-19,65038,748,62051,685,2987,63,71876,759,809643,4899,881519,5658,3,720,-19,6302,764,58016,65,3254,799,"East TN",2455501,195.43873124059,0.10710673292581,230.421408910035,30.4622152465016,256.648235940446,10.710673292581
2020-10-20,65724,686,62660,609,3064,77,72567,691,813261,3618,885828,4309,15,735,35,6337,636,58652,27,3281,812,"East TN",2455501,202.809935732056,0.113050447482078,175.48353676093,27.9372722715242,258.073606974707,11.3050447482078
2020-10-21,66318,594,63213,553,3105,41,73184,617,817005,3744,890189,4361,5,740,-128,6209,717,59369,24,3305,826,"East TN",2455501,191.366242571272,0.11473547165345,177.601230868975,24.1905826957513,252.860821477979,11.473547165345
2020-10-22,67448,1130,64248,1035,3200,95,74284,1100,825571,8566,899855,9666,10,750,440,6649,680,60049,42,3347,841,"East TN",2455501,216.656397207739,0.11591812568722,393.646754776317,46.0191219632979,270.77977162298,11.591812568722
2020-10-23,68419,971,65151,903,3268,68,75254,970,832687,7116,907941,8086,19,769,289,6938,663,60712,36,3383,849,"East TN",2455501,230.177059589876,0.11572823192979,329.301433801086,39.5438649790817,282.549263877311,11.572823192979
2020-10-24,69656,1237,66326,1175,3330,62,76581,1327,843213,10526,919794,11853,12,781,643,7581,582,61294,48,3431,866,"East TN",2455501,251.313275783638,0.11973920438439,482.71208197431,50.3766848394686,308.735366021028,11.973920438439
2020-10-25,70586,930,67199,873,3387,57,77628,1047,851091,7878,928719,8925,9,790,437,8018,484,61778,40,3471,877,"East TN",2455501,256.403886620286,0.123179083582428,363.469613736667,37.8741446246611,326.532141505949,12.3179083582428
2020-10-26,71048,462,67605,406,3443,56,78062,434,853846,2755,931908,3189,6,796,-449,7569,905,62683,20,3491,891,"East TN",2455501,244.756569026036,0.122764889162317,129.871663664564,18.814897652251,308.24666738071,12.2764889162317
2020-10-27,71889,841,68316,711,3573,130,78845,783,858231,4385,937076,5168,12,808,78,7647,751,63434,52,3543,915,"East TN",2455501,251.068926463479,0.122502341554792,210.466214430375,34.2496297089677,311.423208542778,12.2502341554792
2020-10-28,72885,996,69224,908,3661,88,79815,970,865449,7218,945264,8188,13,821,198,7845,785,64219,39,3582,929,"East TN",2455501,267.440330914139,0.120399455288243,333.455372243791,40.5619871464113,319.486736108028,12.0399455288243
2020-10-29,73792,907,70016,792,3776,115,80649,834,871952,6503,952601,7337,11,832,149,7994,747,64966,40,3622,941,"East TN",2455501,258.358681181559,0.120672657642286,298.798493667891,36.9374722307179,325.554744225313,12.0672657642286
2020-10-30,74691,899,70822,806,3869,93,81489,840,876810,4858,958299,5698,28,860,49,8043,822,65788,38,3660,957,"East TN",2455501,255.42648933965,0.123813495373128,232.050404377762,36.6116731371724,327.550263673279,12.3813495373128
2020-10-31,74705,14,70836,14,3869,0,81505,16,876831,21,958336,37,5,865,-603,7440,612,66400,0,3660,967,"East TN",2455501,205.619952913886,0.127756732914742,1.50682080764781,0.570148413704576,302.993156997289,12.7756732914742
2020-11-01,75212,507,71226,390,3986,117,81975,470,883399,6568,965374,7038,0,865,-139,7301,646,67046,26,3686,983,"East TN",2455501,188.393325842669,0.118592279361615,286.621752546629,20.6475175534443,297.332397746936,11.8592279361615
2020-11-02,76024,812,71970,744,4054,68,82752,777,887628,4229,970380,5006,11,876,-226,7075,1027,68073,37,3723,997,"East TN",2455501,202.647036185284,0.121906841339156,203.868782786079,33.0686079948654,288.128573354277,12.1906841339156
2020-11-03,77064,1040,72930,960,4134,80,83828,1076,894491,6863,978319,7939,31,907,32,7107,977,69050,26,3749,1010,"East TN",2455501,210.751288637227,0.120820502873215,323.314875457188,42.3538821609114,289.431769728459,12.0820502873215
2020-11-04,77974,910,73740,810,4234,100,84675,847,899376,4885,984051,5732,6,913,-6,7101,910,69960,34,3783,1034,"East TN",2455501,207.248948381613,0.125299713821641,233.435050525331,37.0596468907974,289.1874204083,12.5299713821641
2020-11-05,78552,578,74224,484,4328,94,85176,501,902039,2663,987215,3164,17,930,-368,6733,929,70889,27,3810,1048,"East TN",2455501,193.850460659556,0.130785231409256,128.853541497234,23.5389845086603,274.200662105208,13.0785231409256
2020-11-06,79518,966,75072,848,4446,118,86103,927,908449,6410,994552,7337,10,940,43,6776,913,71802,36,3846,1072,"East TN",2455501,196.579028067999,0.127272225746835,298.798493667891,39.3402405456157,275.951832233015,12.7272225746835
2020-11-07,80845,1327,76313,1241,4532,86,87522,1419,919371,10922,1006893,12341,21,961,649,7425,657,72459,48,3894,1082,"East TN",2455501,250.05080429615,0.12391622217188,502.585826680584,54.0419246418552,302.382283696891,12.391622217188
2020-11-08,82402,1557,77752,1439,4650,118,89187,1665,932274,12903,1021461,14568,3,964,890,8315,664,73123,50,3944,1099,"East TN",2455501,292.811935323993,0.128585946832599,593.280149346304,63.4086485812875,338.627432853825,12.8585946832599
2020-11-09,83022,620,78291,539,4731,81,89768,581,935726,3452,1025494,4033,9,973,-466,7849,1077,74200,18,3962,1109,"East TN",2455501,284.992757078902,0.127299778640636,164.243468033611,25.2494297497741,319.649635654801,12.7299778640636
2020-11-10,83961,939,79140,849,4821,90,90691,923,940728,5002,1031419,5925,27,1000,4,7853,908,75108,42,4004,1126,"East TN",2455501,280.87954352289,0.12924670433145,241.294953657115,38.2406686048998,319.812535201574,12.924670433145
2020-11-11,85264,1303,80238,1098,5026,205,91860,1169,947274,6546,1039134,7715,26,1026,381,8234,896,76004,51,4055,1139,"East TN",2455501,296.884423993311,0.130439518544742,314.192500837915,53.0645273612188,335.328717031677,13.0439518544742
2020-11-12,86099,835,80941,703,5158,132,92624,764,951490,4216,1044114,4980,15,1041,6,8240,814,76818,34,4089,1156,"East TN",2455501,307.35071987346,0.130898609817396,202.809935732056,34.0052803888086,335.573066351836,13.0898609817396
2020-11-13,87561,1462,82230,1289,5331,173,93925,1301,957352,5862,1051277,7163,27,1068,529,8769,906,77724,46,4135,1172,"East TN",2455501,327.550263673279,0.137893345085941,291.712363383277,59.539784345435,357.11653141253,13.7893345085941
2020-11-14,89038,1477,83622,1392,5416,85,95459,1534,966249,8897,1061708,10431,7,1075,919,9688,551,78275,50,4185,1201,"East TN",2455501,333.658996677256,0.144796132445498,424.801293096602,60.1506576458328,394.542702283567,14.4796132445498
2020-11-15,90991,1953,85356,1734,5635,219,97419,1960,977422,11173,1074841,13133,7,1082,1339,11027,607,78882,53,4238,1218,"East TN",2455501,349.786051807757,0.154215061820907,534.839936941585,79.5357037117883,449.07332556574,15.4215061820907
2020-11-16,92516,1525,86754,1398,5762,127,98955,1536,985044,7622,1083999,9158,10,1092,171,11198,1344,80226,37,4275,1237,"East TN",2455501,386.642074265089,0.157029313733869,372.958512336179,62.1054522071056,456.037281190274,15.7029313733869
2020-11-17,93729,1213,87873,1119,5856,94,100176,1221,990189,5145,1090365,6366,31,1123,90,11288,1092,81318,42,4317,1264,"East TN",2455501,397.800693219021,0.160909985410376,259.254628688809,49.3992875588322,459.702520992661,16.0909985410376
2020-11-18,94928,1199,88827,954,6101,245,101210,1034,995331,5142,1096541,6176,14,1137,57,11345,1128,82446,52,4369,1278,"East TN",2455501,393.56530500293,0.162872123608619,251.516900217104,48.8291391451276,462.023839534172,16.2872123608619
2020-11-19,96008,1080,89704,877,6304,203,102067,857,999992,4661,1102059,5518,45,1182,-245,11100,1280,83726,50,4419,1297,"East TN",2455501,403.54290224276,0.16296488049012,224.719924772989,43.9828776286387,452.046242294342,16.296488049012
2020-11-20,97134,1126,90667,963,6467,163,103090,1023,1004893,4901,1107983,5924,28,1210,-127,10973,1225,84951,33,4452,1322,"East TN",2455501,389.85934031385,0.16162310866575,241.254228770422,45.8562224165252,446.874181684308,16.162310866575
2020-11-21,98351,1217,91728,1061,6623,156,104189,1099,1011299,6406,1115488,7505,3,1213,360,11333,854,85805,45,4497,1345,"East TN",2455501,379.270869773623,0.162328002975084,305.640274632346,49.5621871056049,461.535140893854,16.2328002975084
2020-11-22,99937,1586,93156,1428,6781,158,105855,1666,1020904,9605,1126759,11271,17,1230,803,12136,766,86571,56,4553,1372,"East TN",2455501,364.324836357224,0.162486998728765,459.010197918877,64.5896702953898,494.237224908481,16.2486998728765
2020-11-23,100827,890,93912,756,6915,134,106558,703,1024021,3117,1130579,3820,18,1248,-1162,10974,2034,88605,34,4587,1399,"East TN",2455501,338.464533307052,0.163224559896951,155.569067167963,36.2451491569338,446.914906571001,16.3224559896951
2020-11-24,101738,911,94644,732,7094,179,107264,706,1027048,3027,1134312,3733,13,1261,-739,10235,1637,90242,53,4640,1427,"East TN",2455501,326.165617525711,0.161285184426696,152.026002025656,37.1003717774906,416.819215304738,16.1285184426696
2020-11-25,102642,904,95327,683,7315,221,107809,545,1029356,2308,1137165,2853,38,1299,-498,9737,1364,91606,53,4693,1452,"East TN",2455501,314.151775951221,0.162440921622686,116.188101735654,36.8152975706383,396.538221731533,16.2440921622686
2020-11-26,104110,1468,96716,1389,7394,79,109482,1673,1037723,8367,1147205,10040,18,1317,-437,9300,1887,93493,22,4715,1471,"East TN",2455501,329.953031988177,0.164244894342799,408.877862399567,59.7841336655941,378.741446246611,16.4244894342799
2020-11-27,105813,1703,98282,1566,7531,137,111233,1751,1045263,7540,1156496,9291,5,1322,162,9462,1536,95029,48,4763,1498,"East TN",2455501,353.451291610144,0.167851915981283,378.374922266373,69.3544820384923,385.338877890907,16.7851915981283
2020-11-28,107439,1626,99661,1379,7778,247,112727,1494,1052795,7532,1165522,9026,2,1324,570,10032,1054,96083,43,4806,1524,"East TN",2455501,370.107770267656,0.170643962105768,367.582827292679,66.2186657631172,408.552063306022,17.0643962105768
2020-11-29,109728,2289,101782,2121,7946,168,115054,2327,1063494,10699,1178548,13026,4,1328,1278,11310,1007,97090,50,4856,1547,"East TN",2455501,398.737365612965,0.177624592094846,530.482374065415,93.2192656406982,460.598468499911,17.7624592094846
2020-11-30,111965,2237,103790,2008,8175,229,117275,2221,1072945,9451,1190220,11672,15,1343,-112,11198,2334,99424,53,4909,1577,"East TN",2455501,453.593787988683,0.179691822739391,475.340877482844,91.1015715326526,456.037281190274,17.9691822739391
2020-12-01,114229,2264,105799,2009,8430,255,119414,2139,1081782,8837,1201196,10976,20,1363,423,11621,1821,101245,62,4971,1605,"East TN",2455501,508.694559684561,0.181657795586388,446.996356344388,92.2011434733686,473.263908261491,18.1657795586388
2020-12-02,115286,1057,106712,913,8574,144,120290,876,1084692,2910,1204982,3786,15,1378,-693,10928,1735,102980,41,5012,1638,"East TN",2455501,514.925467348618,0.184039400150405,154.184421020395,43.0462052346955,445.041561783115,18.4039400150405
2020-12-03,117095,1809,108281,1569,8814,240,122012,1722,1090682,5990,1212694,7712,33,1411,317,11245,1459,104439,45,5057,1659,"East TN",2455501,528.812653710994,0.191329841652797,314.070326177835,73.6713200279699,457.951350864854,19.1329841652797
2020-12-04,118819,1724,109661,1380,9158,344,123469,1457,1096204,5522,1219673,6979,37,1448,-302,10943,1989,106428,35,5092,1693,"East TN",2455501,529.667876331551,0.193678079047755,284.218984231731,70.2097046590492,445.652435083513,19.3678079047755
2020-12-05,119953,1134,110569,908,9384,226,124399,930,1099266,3062,1223665,3992,5,1453,125,11068,1004,107432,23,5115,1718,"East TN",2455501,509.631232078505,0.200746435512443,162.573747679191,46.1820215100707,450.74304592016,20.0746435512443
2020-12-06,121421,1468,111831,1262,9590,206,125640,1241,1103757,4491,1229397,5732,20,1473,482,11550,966,108398,37,5152,1754,"East TN",2455501,476.196100103401,0.208185018387776,233.435050525331,59.7841336655941,470.372441306275,20.8185018387776
2020-12-07,124144,2723,114236,2405,9908,318,128211,2571,1113305,9548,1241516,12119,31,1504,-204,11346,2896,111294,50,5202,1776,"East TN",2455501,495.988395036288,0.213194011228946,493.544901834697,110.89386646554,462.064564420866,21.3194011228946
2020-12-08,126909,2765,116596,2360,10313,405,130745,2534,1121665,8360,1252410,10894,45,1549,728,12074,1992,113286,70,5272,1800,"East TN",2455501,516.391563269573,0.221248096223689,443.656915635546,112.604311706654,491.712281933504,22.1248096223689
2020-12-09,129553,2644,118976,2380,10577,264,133322,2577,1128763,7098,1262085,9675,21,1570,581,12655,2042,115328,56,5328,1823,"East TN",2455501,581.021958451656,0.228219182880059,394.013278756555,107.676600416778,515.373441102244,22.8219182880059
2020-12-10,132628,3075,121657,2681,10971,394,136273,2951,1140236,11473,1276509,14424,30,1600,2531,15186,514,115842,70,5398,1859,"East TN",2455501,632.579665005227,0.223474104834287,587.415765662486,125.229026581541,618.448129322692,22.3474104834287
2020-12-11,134612,1984,123404,1747,11208,237,138065,1792,1147411,7175,1285476,8967,35,1635,448,15634,1501,117343,50,5448,1883,"East TN",2455501,643.168135545455,0.221813595124842,365.180058977781,80.7981751992771,636.692878561239,22.1813595124842
2020-12-12,137876,3264,126132,2728,11744,536,141040,2975,1158646,11235,1299686,14210,21,1656,1906,17540,1337,118680,73,5521,1908,"East TN",2455501,729.912144201937,0.218900040778206,578.700639910145,132.926030166553,714.314512598447,21.8900040778206
2020-12-13,142167,4291,129990,3858,12177,433,145409,4369,1175932,17286,1321341,21655,15,1671,2976,20516,1300,119980,62,5583,1942,"East TN",2455501,844.878499336795,0.215011311232924,881.8974213409,174.750488800453,835.511775397363,21.5011311232924
2020-12-14,145026,2859,132445,2455,12581,404,148085,2676,1185210,9278,1333295,11954,37,1708,-1137,19379,3959,123939,64,5647,1974,"East TN",2455501,850.417083927068,0.21654191045882,486.825295530322,116.432451055813,789.207579227213,21.654191045882
2020-12-15,149154,4128,135987,3542,13167,586,151951,3866,1200231,15021,1352182,18887,34,1742,1607,20986,2487,126426,89,5736,2005,"East TN",2455501,905.925104489878,0.212544601691857,769.170934974166,168.112332269464,854.652472143159,21.2544601691857
2020-12-16,152373,3219,138244,2257,14129,962,154338,2387,1208126,7895,1362464,10282,19,1761,654,21640,2546,128972,57,5793,2046,"East TN",2455501,929.341914338459,0.209366500961356,418.733284979318,131.093410265359,881.286548040502,20.9366500961356
2020-12-17,156442,4069,141614,3370,14828,699,157947,3609,1218826,10700,1376773,14309,58,1819,1448,23088,2563,131535,71,5864,2085,"East TN",2455501,969.822451711484,0.216169313013644,582.73240369277,165.709563954566,940.256183972232,21.6169313013644
2020-12-18,159648,3206,144349,2735,15299,471,160827,2880,1227516,8690,1388343,11570,43,1862,835,23923,2328,133863,57,5921,2113,"East TN",2455501,1019.58826325055,0.221276016603964,471.186939040139,130.563986738348,974.261464361041,22.1276016603964
2020-12-19,162285,2637,146588,2239,15697,398,163294,2467,1235880,8364,1399174,10831,27,1889,1283,25206,1327,135190,39,5960,2150,"East TN",2455501,994.053759293928,0.223685268575105,441.091247773876,107.391526209926,1026.5114939884,22.3685268575105
2020-12-20,165918,3633,149557,2969,16361,664,166613,3319,1249825,13945,1416438,17264,16,1905,2297,27503,1320,136510,52,6012,2184,"East TN",2455501,967.256783849813,0.222972333512098,703.074443871129,147.953513356337,1120.05655872264,22.2972333512098
2020-12-21,168232,2314,151299,1742,16933,572,168516,1903,1256741,6916,1425257,8819,14,1919,-1339,26164,3639,140149,35,6047,2219,"East TN",2455501,945.061720602028,0.222167851938844,359.15277574719,94.2373878080278,1065.52593544047,22.2167851938844
2020-12-22,170882,2650,152996,1697,17886,953,170317,1801,1261796,5055,1432113,6856,62,1981,-302,25862,2890,143039,55,6102,2263,"East TN",2455501,884.870338069502,0.229773179367204,279.209823168469,107.920949736938,1053.22701965912,22.9773179367204
2020-12-23,173103,2221,154442,1446,18661,775,171861,1544,1267574,5778,1439435,7322,41,2022,-556,25306,2736,145775,34,6136,2304,"East TN",2455501,844.226901149704,0.22765716958335,298.187620367493,90.4499733455617,1030.58398265771,22.765716958335
2020-12-24,175195,2092,155900,1458,19295,634,173461,1600,1273864,6290,1447325,7890,15,2037,-586,24720,2663,148438,31,6167,2344,"East TN",2455501,763.713800157279,0.219894545866878,321.319356009222,85.1964629621409,1006.71919905551,21.9894545866878
2020-12-25,177564,2369,157881,1981,19683,388,175627,2166,1282412,8548,1458039,10714,3,2040,-304,24416,2670,151108,26,6193,2379,"East TN",2455501,729.627069995085,0.212350780532599,436.326436030773,96.4772565761529,994.338833500781,21.2350780532599
2020-12-26,179503,1939,159348,1467,20155,472,177240,1613,1288065,5653,1465305,7266,2,2042,423,24839,1514,152622,42,6235,2414,"East TN",2455501,701.201099083242,0.210884456608852,295.907026712675,78.9655552980838,1011.565460572,21.0884456608852
2020-12-27,180800,1297,160258,910,20542,387,178230,990,1290858,2793,1469088,3783,27,2069,-183,24656,1453,154075,41,6276,2445,"East TN",2455501,606.067763767964,0.220645773979107,154.062246360315,52.8201780410596,1004.11280630714,22.0645773979107
2020-12-28,182197,1397,161235,977,20962,420,179250,1020,1292678,1820,1471928,2840,25,2094,-2427,22229,3799,157874,41,6317,2481,"East TN",2455501,568.723042670314,0.229992929228,115.658678208643,56.892666710378,905.273506302787,22.9992929228
2020-12-29,185102,2905,162960,1725,22142,1180,181030,1780,1296767,4089,1477797,5869,50,2144,-111,22118,2966,160840,64,6381,2523,"East TN",2455501,579.107888777076,0.234502232729183,239.014360002297,118.3057958437,900.753043879844,23.4502232729183
2020-12-30,187429,2327,164576,1616,22853,711,182713,1683,1301247,4480,1483960,6163,40,2184,-551,21567,2838,163678,44,6425,2561,"East TN",2455501,583.424726766554,0.243728242560359,250.987476690093,94.7668113350392,878.313631311899,24.3728242560359
2020-12-31,190873,3444,167255,2679,23618,765,185609,2896,1308368,7121,1493977,10017,52,2236,596,22163,2796,166474,29,6454,2604,"East TN",2455501,638.484773575739,0.26039612449627,407.941190005624,140.256509771326,902.585663781037,26.039612449627
2021-01-01,193115,2242,168973,1718,24142,524,187466,1857,1314569,6201,1502035,8058,24,2260,-442,21721,2660,169134,29,6483,2642,"East TN",2455501,633.312712965704,0.26909264478589,328.161136973677,91.3051959661185,884.58526386265,26.909264478589
2021-01-02,195839,2724,171082,2109,24757,615,189717,2251,1321130,6561,1510847,8812,4,2264,1168,22889,1552,170686,62,6545,2677,"East TN",2455501,665.281749019854,0.27396688770805,358.867701540337,110.934591352233,932.151931520288,27.396688770805
2021-01-03,197154,1315,171986,904,25168,411,190653,936,1324501,3371,1515154,4307,15,2279,-182,22707,1482,172168,23,6568,2719,"East TN",2455501,666.014796980331,0.269678287674207,175.402086987543,53.553226001537,924.740002142129,26.9678287674207
2021-01-04,198710,1556,173109,1123,25601,433,191834,1181,1326866,2365,1518700,3546,46,2325,-1585,21122,3095,175263,33,6601,2766,"East TN",2455501,672.490053964547,0.269049858889934,144.41044821403,63.3679236945943,860.191056733432,26.9049858889934
2021-01-05,201616,2906,174848,1739,26768,1167,193663,1829,1332139,5273,1525802,7102,43,2368,-439,20683,3302,178565,58,6659,2809,"East TN",2455501,672.530778851241,0.263160087490886,289.228145294993,118.346520730393,842.312831475125,26.3160087490886
2021-01-06,204162,2546,176641,1793,27521,753,195566,1903,1337723,5584,1533289,7487,52,2420,67,20750,2427,180992,61,6720,2852,"East TN",2455501,681.449529037048,0.260556670518356,304.907226671869,103.685561520846,845.041398883568,26.0556670518356
2021-01-07,206675,2513,178781,2140,27894,373,197888,2322,1344832,7109,1542720,9431,33,2453,980,21730,1500,182492,44,6764,2884,"East TN",2455501,643.534659525694,0.251913095213672,384.076406403418,102.341640259971,884.951787842888,25.1913095213672
2021-01-08,209025,2350,180641,1860,28384,490,199879,1991,1352178,7346,1552057,9337,50,2503,1673,23403,627,183119,47,6811,2938,"East TN",2455501,647.932947288557,0.248150813641998,380.248267054259,95.7034837289824,953.084523280585,24.8150813641998
2021-01-09,211603,2578,182645,2004,28958,574,202058,2179,1360369,8191,1562427,10370,27,2530,758,24161,1793,184912,32,6843,2966,"East TN",2455501,641.987113831353,0.239259402869329,422.317075008318,104.988757895028,983.953987394019,23.9259402869329
2021-01-10,213271,1668,183779,1134,29492,534,203310,1252,1366174,5805,1569484,7057,36,2566,1,24162,1631,186543,41,6884,3005,"East TN",2455501,656.362998834046,0.232965212589729,287.395525393799,67.9291110042309,983.994712280712,23.2965212589729
2021-01-11,214697,1426,184792,1013,29905,413,204408,1098,1369447,3273,1573855,4371,28,2594,-2184,21978,3582,190125,40,6924,3044,"East TN",2455501,651.068763563933,0.227975704831838,178.008479735907,58.0736884244804,895.051559742798,22.7975704831838
2021-01-12,216521,1824,185928,1136,30593,688,205603,1195,1373652,4205,1579255,5400,60,2654,-2156,19822,3920,194045,39,6963,3081,"East TN",2455501,607.004436161908,0.223373805024975,219.914388143194,74.2821933283676,807.248704032293,22.3373805024975
2021-01-13,218050,1529,187006,1078,31044,451,206739,1136,1378390,4738,1585129,5874,49,2703,-1345,18477,2825,196870,32,6995,3106,"East TN",2455501,565.587226394939,0.215528549382716,239.217984435763,62.2683517538783,752.473731429961,21.5528549382716
2021-01-14,220301,2251,188787,1781,31514,470,208705,1966,1386914,8524,1595619,10490,38,2741,-199,18278,2412,199282,49,7044,3147,"East TN",2455501,554.917306081325,0.204484016711091,427.2040614115,91.6717199463572,744.369478978017,20.4484016711091
2021-01-15,221267,966,189458,671,31809,295,209399,694,1389972,3058,1599371,3752,23,2764,-365,17913,1308,200590,29,7073,3187,"East TN",2455501,498.554062897958,0.201208944498457,152.799774872826,39.3402405456157,729.504895335005,20.1208944498457
2021-01-16,223702,2435,191209,1751,32493,684,211402,2003,1400863,10891,1612265,12894,13,2777,358,18271,2064,202654,54,7127,3228,"East TN",2455501,492.730404100833,0.187487459368353,525.106689021914,99.165099097903,744.084404771165,18.7487459368353
2021-01-17,224558,856,191815,606,32743,250,212074,672,1404482,3619,1616556,4291,13,2790,-830,17441,1673,204327,24,7151,3260,"East TN",2455501,459.661796105968,0.186182868796737,174.750488800453,34.8605030093655,710.282748815822,18.6182868796737
2021-01-18,225120,562,192134,319,32986,243,212428,354,1406565,2083,1618993,2437,13,2803,-2444,14997,2993,207320,21,7172,3291,"East TN",2455501,424.475494003057,0.177677345030794,99.2465488712894,22.8873863215694,610.75112573768,17.7677345030794
2021-01-19,226800,1680,193104,970,33696,710,213493,1065,1410773,4208,1624266,5273,21,2824,-1173,13824,2832,210152,51,7223,3329,"East TN",2455501,418.611110319238,0.175290484548222,214.742327533159,68.4178096445491,562.980833646576,17.5290484548222
2021-01-20,227785,985,193762,658,34023,327,214190,697,1414769,3996,1628959,4693,32,2856,-1005,12819,1958,212110,29,7252,3368,"East TN",2455501,396.456771958146,0.169997718457677,191.121893251113,40.1140133927862,522.052322519926,16.9997718457677
2021-01-21,229352,1567,194903,1141,34449,426,215474,1284,1421702,6933,1637176,8217,65,2921,-769,12050,2271,214381,36,7288,3413,"East TN",2455501,368.600949460008,0.162884712563467,334.636393957893,63.8158974482193,490.734884652867,16.2884712563467
2021-01-22,230340,988,195610,707,34730,281,216293,819,1427147,5445,1643440,6264,32,2953,-735,11315,1691,216072,28,7316,3444,"East TN",2455501,369.496896967258,0.156436497311035,255.100690246105,40.2361880528658,460.802092933377,15.6436497311035
2021-01-23,231777,1437,196580,970,35197,467,217395,1102,1435429,8282,1652824,9384,19,2972,211,11526,1207,217279,40,7356,3467,"East TN",2455501,328.853460047461,0.147760053255751,382.162336728839,58.5216621781054,469.395044025639,14.7760053255751
2021-01-24,232401,624,197071,491,35330,133,217938,543,1438805,3376,1656743,3919,19,2991,-591,10935,1196,218475,19,7375,3493,"East TN",2455501,319.405286334642,0.145917834125463,159.600830950588,25.4123292965468,445.326635989967,14.5917834125463
2021-01-25,233145,744,197583,512,35562,232,218487,549,1440562,1757,1659049,2306,44,3035,-1158,9777,1858,220333,20,7395,3523,"East TN",2455501,326.817215712802,0.151263231475934,93.9115887144823,30.2993156997289,398.16721719926,15.1263231475934
2021-01-26,234178,1033,198309,726,35869,307,219271,784,1445027,4465,1664298,5249,63,3098,-919,8858,1889,222222,25,7420,3545,"East TN",2455501,300.468214022312,0.144334532374101,213.764930252523,42.0688079540591,360.741046328224,14.4334532374101
2021-01-27,235131,953,199014,705,36117,248,220026,755,1449549,4522,1669575,5277,55,3153,-385,8473,1283,223505,27,7447,3567,"East TN",2455501,299.16501764813,0.143687216860351,214.905227079932,38.8108170186043,345.061964951348,14.3687216860351
2021-01-28,236463,1332,199727,713,36736,619,220822,796,1453980,4431,1674802,5227,46,3199,-177,8296,1463,224968,28,7475,3594,"East TN",2455501,289.594669275231,0.142135757189178,212.868982745273,54.2455490753211,337.853660006654,14.2135757189178
2021-01-29,237058,595,200078,351,36980,244,221219,397,1456647,2667,1677866,3064,17,3216,-680,7616,1258,226226,16,7491,3613,"East TN",2455501,273.58978880481,0.14308952535874,124.781052827916,24.2313075824445,310.160737055289,14.308952535874
2021-01-30,238214,1156,201045,967,37169,189,222319,1100,1465697,9050,1688016,10150,44,3260,240,7856,872,227098,28,7519,3632,"East TN",2455501,262.146095644025,0.139918163218913,413.357599935818,47.0779690173207,319.934709861654,13.9918163218913
2021-01-31,238896,682,201488,443,37408,239,222810,491,1469624,3927,1692434,4418,29,3289,-84,7772,737,227835,30,7549,3653,"East TN",2455501,264.50813907223,0.136505001260822,179.922549410487,27.7743727247515,316.513819379426,13.6505001260822
2021-02-01,239591,695,201893,405,37698,290,223251,441,1471320,1696,1694571,2137,39,3328,-544,7228,1200,229035,12,7561,3679,"East TN",2455501,262.512619624264,0.134114070153708,87.0290828633342,28.3037962517629,294.359481018334,13.4114070153708
2021-02-02,240130,539,202241,348,37889,191,223614,363,1472378,1058,1695992,1421,57,3385,-836,6392,1318,230353,11,7572,3694,"East TN",2455501,242.394525597831,0.137029090679624,57.8700639910145,21.9507139276262,260.313475742832,13.7029090679624
2021-02-03,241244,1114,203000,759,38244,355,224442,828,1478382,6004,1702824,6832,46,3431,41,6433,1027,231380,39,7611,3706,"East TN",2455501,248.951232355434,0.132816024542091,278.232425887833,45.367523776207,261.983196097253,13.2816024542091
2021-02-04,242342,1098,203778,778,38564,320,225309,867,1486097,7715,1711406,8582,58,3489,-1,6432,1041,232421,35,7646,3725,"East TN",2455501,239.421608869229,0.122582231450115,349.500977600905,44.715925589116,261.94247121056,12.2582231450115
2021-02-05,243159,817,204337,559,38822,258,225915,606,1489903,3806,1715818,4412,67,3556,-154,6278,904,233325,28,7674,3738,"East TN",2455501,248.462533715116,0.123735244519393,179.678200090328,33.2722324283313,255.670838659809,12.3735244519393
2021-02-06,244393,1234,205160,823,39233,411,226877,962,1498558,8655,1725435,9617,27,3583,501,6779,706,234031,21,7695,3768,"East TN",2455501,251.639074877184,0.121809775782357,391.651235328351,50.2545101793891,276.074006893094,12.1809775782357
2021-02-07,244910,517,205512,352,39398,165,227283,406,1501642,3084,1728925,3490,2,3585,-119,6660,634,234665,9,7704,3782,"East TN",2455501,244.919468572809,0.122578169959716,142.129854559212,21.0547664203761,271.227745376605,12.2578169959716
2021-02-08,245423,513,205810,298,39613,215,227603,320,1503005,1363,1730608,1683,32,3617,-634,6026,1115,235780,9,7713,3797,"East TN",2455501,237.507539194649,0.120764769542415,68.5399843046287,20.8918668736034,245.408167213127,12.0764769542415
2021-02-09,246451,1028,206440,630,40011,398,228271,668,1507239,4234,1735510,4902,16,3633,-58,5968,1070,236850,36,7749,3808,"East TN",2455501,257.422008787616,0.117845032643352,199.633394569988,41.8651835205931,243.046123784922,11.7845032643352
2021-02-10,247301,850,207023,583,40278,267,228908,637,1513226,5987,1742134,6624,39,3672,-28,5940,839,237689,28,7777,3821,"East TN",2455501,246.670638700615,0.113609768506741,269.761649455651,34.6161536892064,241.905826957513,11.3609768506741
2021-02-11,248168,867,207604,581,40564,286,229559,651,1518800,5574,1748359,6225,37,3709,-105,5835,935,238624,31,7808,3839,"East TN",2455501,237.26318987449,0.11501095986794,253.51241966507,35.3084767629905,237.629713854729,11.501095986794
2021-02-12,249000,832,208196,592,40804,240,230208,649,1524314,5514,1754522,6163,34,3743,57,5892,741,239365,11,7819,3848,"East TN",2455501,237.874063174888,0.110918768085986,250.987476690093,33.8831057287291,239.95103239624,11.0918768085986
2021-02-13,249595,595,208570,374,41025,221,230642,434,1528742,4428,1759384,4862,12,3755,-20,5872,603,239968,17,7836,3860,"East TN",2455501,211.850860577943,0.110901646587528,198.004399102261,24.2313075824445,239.136534662376,11.0901646587528
2021-02-14,250136,541,208985,415,41151,126,231095,453,1531710,2968,1762805,3421,15,3770,-50,5822,576,240544,14,7850,3873,"East TN",2455501,212.82825785858,0.112514757969303,139.319837377382,22.0321637010125,237.100290327717,11.2514757969303
2021-02-15,250514,378,209194,209,41320,169,231323,228,1533034,1324,1764357,1552,5,3775,-574,5248,947,241491,9,7859,3883,"East TN",2455501,207.330398155,0.110225488162612,63.2050241478216,15.3940071700236,213.72420536583,11.0225488162612
2021-02-16,251283,769,209622,428,41661,341,231795,472,1536443,3409,1768238,3881,8,3783,-40,5208,801,242292,22,7881,3893,"East TN",2455501,196.782652501465,0.107675384991445,158.053285256247,31.3174378670585,212.095209898102,10.7675384991445
2021-02-17,251904,621,210039,417,41865,204,232246,451,1539697,3254,1771943,3705,11,3794,-94,5114,704,242996,11,7892,3909,"East TN",2455501,187.456653448726,0.11197960347546,150.885705198247,25.2901546364673,208.267070548943,11.197960347546
2021-02-18,252699,795,210591,552,42108,243,232852,606,1545417,5720,1778269,6326,42,3836,26,5140,727,243723,20,7912,3925,"East TN",2455501,184.524461606817,0.110096957539285,257.625633221082,32.3762849210813,209.325917602966,11.0096957539285
2021-02-19,253179,480,210895,304,42284,176,233197,345,1548125,2708,1781322,3053,5,3841,-222,4918,697,244420,11,7923,3934,"East TN",2455501,170.189301490816,0.111529850746269,124.333079074291,19.5479456127283,200.284992757079,11.1529850746269
2021-02-20,253801,622,211342,447,42459,175,233702,505,1553352,5227,1787054,5732,18,3859,73,4991,531,244951,18,7941,3944,"East TN",2455501,171.288873431532,0.110589085652331,233.435050525331,25.3308795231604,203.257909485681,11.0589085652331
2021-02-21,254149,348,211569,227,42580,121,233965,263,1555486,2134,1789451,2397,7,3866,-82,4909,423,245374,11,7952,3960,"East TN",2455501,163.428970299747,0.107708474067402,97.617553403562,14.172260569228,199.91846877684,10.7708474067402
2021-02-22,254511,362,211765,196,42746,166,234194,229,1556869,1383,1791063,1612,7,3873,-477,4432,832,246206,22,7974,3975,"East TN",2455501,162.777372112656,0.107503931700741,65.6485173494126,14.7424089829326,180.492697824191,10.7503931700741
2021-02-23,255154,643,212112,347,43042,296,234562,368,1559815,2946,1794377,3314,26,3899,-145,4287,762,246968,27,8001,3980,"East TN",2455501,157.646036389315,0.10585714832243,134.962274501212,26.1861021437173,174.58758925368,10.585714832243
2021-02-24,255896,742,212661,549,43235,193,235172,610,1566017,6202,1801189,6812,19,3918,57,4344,666,247634,20,8021,3986,"East TN",2455501,162.573747679191,0.10004786979416,277.417928153969,30.2178659263425,176.908907795191,10.004786979416
2021-02-25,256533,637,213107,446,43426,191,235667,495,1570785,4768,1806452,5263,21,3939,-96,4248,712,248346,16,8037,3995,"East TN",2455501,156.139215581667,0.0998829081361104,214.335078666227,25.9417528235582,172.999318672646,9.98829081361104
2021-02-26,256994,461,213430,323,43564,138,236035,368,1573907,3122,1809942,3490,14,3953,-182,4066,629,248975,11,8048,3999,"East TN",2455501,155.365442734497,0.0991614255765199,142.129854559212,18.7741727655578,165.587389294486,9.91614255765199
2021-02-27,257428,434,213654,224,43774,210,236309,274,1578003,4096,1814312,4370,7,3960,5,4071,422,249397,15,8063,4005,"East TN",2455501,147.709164036178,0.0956416464891041,177.967754849214,17.6746008248419,165.791013727952,9.56416464891041
2021-02-28,257794,366,213928,274,43866,92,236622,313,1580563,2560,1817185,2873,5,3965,-54,4017,415,249812,10,8073,4012,"East TN",2455501,148.442211996656,0.0958029855051561,117.002599469518,14.9053085297053,163.59186984652,9.58029855051561
2021-03-01,258038,244,214076,148,43962,96,236778,156,1581342,779,1818120,935,4,3969,-408,3609,648,250460,11,8084,4016,"East TN",2455501,143.63667536686,0.0955020881842037,38.077769058127,9.9368723531369,146.976116075701,9.55020881842037
2021-03-02,258659,621,214467,391,44192,230,237225,447,1584799,3457,1822024,3904,7,3976,2,3611,612,251072,23,8107,4021,"East TN",2455501,142.74072785961,0.0963214815350671,158.98995765019,25.2901546364673,147.057565849087,9.63214815350671
2021-03-03,259143,484,214770,303,44373,181,237580,355,1588971,4172,1826551,4527,7,3983,-144,3467,621,251693,16,8123,4024,"East TN",2455501,132.233707092768,0.0949451935967195,184.361562060044,19.7108451595011,141.193182165269,9.49451935967195
2021-03-04,259754,611,215183,413,44571,198,238052,472,1593793,4822,1831845,5294,18,4001,50,3517,543,252236,16,8139,4029,"East TN",2455501,131.174860038746,0.093923522230536,215.597550153716,24.8829057695354,143.229426499928,9.3923522230536
2021-03-05,260225,471,215494,311,44731,160,238406,354,1597476,3683,1835882,4037,15,4016,-63,3454,519,252755,15,8154,4033,"East TN",2455501,131.582108905678,0.0914032382420971,164.406367580384,19.1814216324897,140.663758638258,9.14032382420971
2021-03-06,260688,463,215817,323,44871,140,238778,372,1601752,4276,1840530,4648,1,4017,51,3505,411,253166,7,8161,4038,"East TN",2455501,132.76313061978,0.0941719429399649,189.289273349919,18.8556225389442,142.74072785961,9.41719429399649
2021-03-07,260943,255,215981,164,44962,91,238962,184,1603483,1731,1842445,1915,1,4018,-111,3394,365,253531,4,8165,4042,"East TN",2455501,128.242668196836,0.0926365795724466,77.9881580174473,10.3848461067619,138.220265436666,9.26365795724466
2021-03-08,261403,460,216273,292,45130,168,239275,313,1605065,1582,1844340,1895,3,4021,-124,3270,581,254112,9,8174,4050,"East TN",2455501,137.039243722564,0.0952326468344775,77.1736602835837,18.7334478788646,133.170379486712,9.52326468344775
2021-03-09,261943,540,216555,282,45388,258,239594,319,1607641,2576,1847235,2895,6,4027,25,3295,509,254621,17,8191,4061,"East TN",2455501,133.740527900416,0.0939669192019357,117.898546976768,21.9914388143194,134.188501654041,9.39669192019357
2021-03-10,262592,649,217018,463,45574,186,240101,507,1613112,5471,1853213,5978,7,4034,175,3470,467,255088,24,8215,4069,"East TN",2455501,140.460134204792,0.0945540469582177,243.453372651854,26.4304514638764,141.315356825348,9.45540469582177
2021-03-11,263126,534,217358,340,45768,194,240466,365,1616451,3339,1856917,3704,5,4039,90,3560,439,255527,8,8223,4076,"East TN",2455501,137.324317929416,0.096282705807275,150.844980311554,21.7470894941603,144.980596627735,9.62827058072751
2021-03-12,263589,463,217726,368,45863,95,240882,416,1619800,3349,1860682,3765,5,4044,6,3566,452,255979,10,8233,4084,"East TN",2455501,136.998518835871,0.0998387096774194,153.329198399838,18.8556225389442,145.224945947894,9.98387096774194
2021-03-13,264036,447,217942,216,46094,231,241162,280,1623440,3640,1864602,3920,2,4046,43,3609,402,256381,20,8253,4090,"East TN",2455501,136.34692064878,0.0990362246593553,159.641555837281,18.2040243518532,146.976116075701,9.90362246593553
2021-03-14,264298,262,218118,176,46180,86,241373,211,1625282,1842,1866655,2053,0,4046,-50,3559,312,256693,10,8263,4095,"East TN",2455501,136.631994855632,0.0995869475423379,83.6081923811067,10.6699203136142,144.939871741042,9.95869475423379
2021-03-15,264655,357,218301,183,46354,174,241590,217,1626478,1196,1868068,1413,4,4050,-167,3392,520,257213,15,8278,4099,"East TN",2455501,132.437331526234,0.0975640593391773,57.544264897469,14.5387845494667,138.13881566328,9.75640593391774
2021-03-16,265355,700,218752,451,46603,249,242086,496,1629746,3268,1871832,3764,4,4054,191,3583,505,257718,35,8313,4100,"East TN",2455501,138.953313397144,0.101313168272554,153.288473513145,28.5074206852288,145.917269021678,10.1313168272554
2021-03-17,265781,426,219083,331,46698,95,242450,364,1633468,3722,1875918,4086,1,4055,-29,3554,454,258172,15,8328,4108,"East TN",2455501,129.871663664564,0.103457388240476,166.40188702835,17.3488017312964,144.736247307576,10.3457388240476
2021-03-18,266331,550,219431,348,46900,202,242835,385,1636759,3291,1879594,3676,6,4061,99,3653,445,258617,31,8359,4114,"East TN",2455501,130.523261851655,0.104467081183578,149.704683484144,22.3986876812512,148.768011090201,10.4467081183578
2021-03-19,267124,793,219962,531,47162,262,243398,563,1641805,5046,1885203,5609,15,4076,336,3989,442,259059,25,8384,4118,"East TN",2455501,143.962474460405,0.102605929611354,228.425889462069,32.2948351476949,162.451573019111,10.2605929611354
2021-03-20,267398,274,220129,167,47269,107,243592,194,1643926,2121,1887518,2315,1,4077,-41,3948,314,259373,15,8399,4119,"East TN",2455501,136.917069062485,0.106039448420318,94.278112694721,11.1586189539324,160.78185266469,10.6039448420318
2021-03-21,267679,281,220325,196,47354,85,243817,225,1645726,1800,1889543,2025,-3,4074,-34,3914,318,259691,8,8407,4125,"East TN",2455501,137.690841909655,0.106780845858092,82.4678955536976,11.4436931607847,159.397206517122,10.6780845858092
2021-03-22,268204,525,220664,339,47540,186,244173,356,1647815,2089,1891988,2445,14,4088,-7,3907,518,260209,19,8426,4131,"East TN",2455501,144.53262287411,0.107984949832776,99.5723479648349,21.3805655139216,159.11213231027,10.7984949832776
2021-03-23,268641,437,220912,248,47729,189,244440,267,1650271,2456,1894711,2723,11,4099,-74,3833,500,260709,16,8442,4136,"East TN",2455501,133.821977673803,0.102889112286376,110.89386646554,17.7967754849214,156.098490694974,10.2889112286376
2021-03-24,269238,597,221368,456,47870,141,244933,493,1654969,4698,1899902,5191,4,4103,85,3918,508,261217,24,8466,4140,"East TN",2455501,140.785933298337,0.103527351567712,211.402886824318,24.3127573558308,159.560106063895,10.3527351567712
2021-03-25,269638,400,221675,307,47963,93,245266,333,1657937,2968,1903203,3301,8,4111,-65,3853,457,261674,23,8489,4142,"East TN",2455501,134.677200294359,0.102969206658478,134.4328509742,16.2899546772736,156.912988428838,10.2969206658478
2021-03-26,270048,410,221997,322,48051,88,245612,346,1660570,2633,1906182,2979,7,4118,-63,3790,466,262140,12,8501,4147,"East TN",2455501,119.07956869087,0.105534105534106,121.319437458995,16.6972035442054,154.347320567167,10.5534105534106
2021-03-27,270251,203,222176,179,48075,24,245822,210,1663082,2512,1908904,2722,2,4120,-165,3625,366,262506,11,8512,4152,"East TN",2455501,116.188101735654,0.104273823997007,110.853141578847,8.26715199871635,147.627714262792,10.4273823997007
2021-03-28,270567,316,222395,219,48172,97,246067,245,1665154,2072,1911221,2317,5,4125,-67,3558,378,262884,17,8529,4158,"East TN",2455501,117.613472769915,0.103791862717963,94.3595624681073,12.8690641950461,144.899146854349,10.3791862717963
2021-03-29,271006,439,222631,236,48375,203,246322,255,1667010,1856,1913332,2111,18,4143,-94,3464,515,263399,17,8546,4161,"East TN",2455501,114.111132514302,0.100684032983508,85.9702358093114,17.8782252583078,141.071007505189,10.0684032983508
2021-03-30,271381,375,222889,258,48492,117,246644,322,1669486,2476,1916130,2798,5,4148,-143,3321,513,263912,19,8565,4165,"East TN",2455501,111.586189539324,0.102899295018442,113.948232967529,15.271832509944,135.247348708064,10.2899295018442
2021-03-31,272042,661,223331,442,48711,219,247132,488,1674303,4817,1921435,5305,4,4152,167,3488,490,264402,17,8582,4168,"East TN",2455501,114.192582287688,0.102122323874983,216.045523907341,26.9191501041946,142.048404785826,10.2122323874983
2021-04-01,272489,447,223649,318,48840,129,247482,350,1677131,2828,1924613,3178,1,4153,-88,3400,534,264936,13,8595,4169,"East TN",2455501,116.106651962268,0.103503035964503,129.423689910939,18.2040243518532,138.464614756826,10.3503035964503
2021-04-02,272840,351,223884,235,48956,116,247734,252,1680154,3023,1927888,3275,0,4153,-81,3319,432,265368,9,8604,4173,"East TN",2455501,113.70388364737,0.0977609877453239,133.374003920178,14.2944352293076,135.165898934678,9.77609877453239
2021-04-03,273184,344,224134,250,49050,94,248009,275,1682505,2351,1930514,2626,0,4153,-52,3267,396,265764,12,8616,4179,"East TN",2455501,119.446092671109,0.101203146691347,106.943552456301,14.0093610224553,133.048204826632,10.1203146691347
2021-04-04,273355,171,224257,123,49098,48,248150,141,1684100,1595,1932250,1736,6,4159,-179,3088,344,266108,6,8622,4182,"East TN",2455501,113.540984100597,0.0990536877645157,70.6984032993674,6.96395562453446,125.758450108552,9.90536877645157
2021-04-05,273763,408,224493,236,49270,172,248373,223,1685319,1219,1933692,1442,6,4165,-94,2994,496,266604,37,8659,4185,"East TN",2455501,112.278512613108,0.10073673870334,58.7252866115713,16.6157537708191,121.930310759393,10.073673870334
2021-04-06,274194,431,224742,249,49452,182,248651,278,1687407,2088,1936058,2366,3,4168,-8,2986,436,267040,22,8681,4186,"East TN",2455501,114.559106267927,0.100712565234845,96.3550819160733,17.5524261647623,121.604511665847,10.0712565234845
2021-04-07,274827,633,225205,463,49622,170,249159,508,1692099,4692,1941258,5200,5,4173,209,3195,419,267459,21,8702,4186,"East TN",2455501,113.418809440517,0.10225495636382,211.769410804557,25.7788532767855,130.116012984723,10.225495636382
2021-04-08,275232,405,225460,255,49772,150,249448,289,1695112,3013,1944560,3302,-1,4172,42,3237,364,267823,16,8718,4189,"East TN",2455501,111.708364199404,0.0985611871459367,134.473575860894,16.4935791107395,131.826458225837,9.85611871459367
2021-04-09,275750,518,225866,406,49884,112,249898,450,1698988,3876,1948886,4326,4,4176,110,3347,404,268227,27,8745,4190,"East TN",2455501,118.509420277165,0.103057434041337,176.175859834714,21.0954913070693,136.306195762087,10.3057434041337
2021-04-10,276055,305,226082,216,49973,89,250145,247,1701769,2781,1951914,3028,1,4177,-15,3332,319,268546,14,8759,4194,"East TN",2455501,116.921149696131,0.0998130841121495,123.314956906961,12.4210904414211,135.695322461689,9.98130841121495
2021-04-11,276292,237,226245,163,50047,74,250319,174,1703482,1713,1953801,1887,2,4179,-87,3245,322,268868,9,8768,4197,"East TN",2455501,119.608992217881,0.100644981671384,76.8478611900382,9.65179814628461,132.152257319382,10.0644981671384
2021-04-12,276755,463,226565,320,50190,143,250649,330,1705245,1763,1955894,2093,3,4182,15,3260,445,269313,15,8783,4204,"East TN",2455501,121.848860986007,0.102513287091253,85.2371878488341,18.8556225389442,132.76313061978,10.2513287091253
2021-04-13,277134,379,226805,240,50329,139,250899,250,1707303,2058,1958202,2308,3,4185,-58,3202,434,269747,14,8797,4206,"East TN",2455501,119.731166877961,0.101517341040462,93.9930384878687,15.4347320567167,130.401087191575,10.1517341040462
2021-04-14,277816,682,227309,504,50507,178,251456,557,1712124,4821,1963580,5378,0,4185,270,3472,412,270159,25,8822,4207,"East TN",2455501,121.726686325927,0.102902965684078,219.018440635944,27.7743727247515,141.396806598735,10.2902965684078
2021-04-15,278355,539,227675,366,50680,173,251836,380,1715269,3145,1967105,3525,2,4187,112,3584,425,270584,23,8845,4211,"East TN",2455501,127.183821142814,0.105921490352628,143.555225593474,21.9507139276262,145.957993908371,10.5921490352628
2021-04-16,279334,979,228571,896,50763,83,252941,1105,1722753,7484,1975694,8589,3,4190,634,4218,342,270926,32,8877,4212,"East TN",2455501,145.957993908371,0.113510892270964,349.786051807757,39.8696640726271,171.77757207185,11.3510892270964
2021-04-17,279536,202,228718,147,50818,55,253114,173,1724984,2231,1978098,2404,0,4190,-90,4128,292,271218,10,8887,4213,"East TN",2455501,141.763330578973,0.113389856400855,97.9026276104143,8.22642711202317,168.112332269464,11.3389856400855
2021-04-18,279754,218,228905,187,50849,31,253317,203,1726787,1803,1980104,2006,6,4196,-122,4006,334,271552,7,8894,4218,"East TN",2455501,140.989557731803,0.113979393985477,81.6941227065271,8.87802529911411,163.143896092895,11.3979393985477
2021-04-19,280082,328,229100,195,50982,133,253527,210,1728236,1449,1981763,1659,8,4204,-217,3789,537,272089,14,8908,4220,"East TN",2455501,135.491698028223,0.111252850902625,67.5625870239923,13.3577628353644,154.306595680474,11.1252850902625
2021-04-20,280435,353,229377,277,51058,76,253808,281,1730684,2448,1984492,2729,4,4208,-112,3677,461,272550,20,8928,4223,"East TN",2455501,134.4328509742,0.11065043742868,111.138215785699,14.375885002694,149.745408370838,11.065043742868
2021-04-21,280945,510,229704,327,51241,183,254146,338,1734465,3781,1988611,4119,4,4212,26,3703,480,273030,12,8940,4228,"East TN",2455501,127.428170462973,0.107466741240861,167.745808289225,20.7696922135238,150.80425542486,10.7466741240861
2021-04-22,281589,644,230104,400,51485,244,254597,451,1738717,4252,1993314,4703,3,4215,193,3896,448,273478,21,8961,4230,"East TN",2455501,131.704283565757,0.105345492006563,191.529142118044,26.2268270304105,158.664158556645,10.5345492006563
2021-04-23,281975,386,230381,277,51594,109,254906,309,1741920,3203,1996826,3512,0,4215,-8,3888,394,273872,10,8971,4231,"East TN",2455501,107.554425756699,0.0929869392390687,143.025802066462,15.719806263569,158.338359463099,9.29869392390687
2021-04-24,282236,261,230570,189,51666,72,255115,209,1744918,2998,2000033,3207,0,4215,-130,3758,391,274263,19,8990,4235,"East TN",2455501,109.957194071597,0.0912240711192159,130.604711625041,10.629195426921,153.044124192985,9.12240711192159
2021-04-25,282436,200,230718,148,51718,52,255274,159,1746569,1651,2001843,1810,4,4219,-114,3644,310,274573,17,9007,4238,"East TN",2455501,109.224146111119,0.0900225401352408,73.712044914663,8.1449773386368,148.401487109962,9.00225401352408
2021-04-26,282824,388,230961,243,51863,145,255526,252,1748541,1972,2004067,2224,6,4225,-141,3503,523,275096,16,9023,4242,"East TN",2455501,111.667639312711,0.0896251793400287,90.5721480056412,15.8012560369554,142.659278086224,8.96251793400287
2021-04-27,283213,389,231164,203,52049,186,255744,218,1750905,2364,2006649,2582,3,4228,-54,3449,440,275536,23,9046,4245,"East TN",2455501,113.133735233665,0.087376449880399,105.151657441801,15.8419809236486,140.460134204792,8.7376449880399
2021-04-28,283701,488,231510,346,52191,142,256125,381,1755032,4127,2011157,4508,6,4234,11,3460,471,276007,22,9068,4250,"East TN",2455501,112.237787726415,0.087776102191076,183.587789212873,19.8737447062738,140.908107958417,8.7776102191076
2021-04-29,284093,392,231789,279,52304,113,256428,303,1757964,2932,2014392,3235,1,4235,17,3477,374,276381,20,9088,4252,"East TN",2455501,101.975116279733,0.0868678242717525,131.74500845245,15.9641555837281,141.600431032201,8.68678242717525
2021-04-30,284462,369,232016,227,52446,142,256668,240,1761231,3267,2017899,3507,0,4235,-4,3473,373,276754,15,9103,4255,"East TN",2455501,101.282793205949,0.083614103355004,142.822177632996,15.0274831897849,141.437531485428,8.3614103355004
2021-05-01,284697,235,232198,182,52499,53,256857,189,1763722,2491,2020579,2680,-1,4234,-31,3442,267,277021,15,9118,4255,"East TN",2455501,100.223946151926,0.0847853596807164,109.142696337733,9.57034837289824,140.175059997939,8.47853596807165
2021-05-02,284872,175,232326,128,52546,47,256990,133,1765198,1476,2022188,1609,1,4235,-77,3365,251,277272,11,9129,4259,"East TN",2455501,99.2058239845962,0.0843450479233227,65.526342689333,7.1268551713072,137.039243722564,8.43450479233227
2021-05-03,285083,211,232439,113,52644,98,257116,126,1766682,1484,2023798,1610,5,4240,-225,3140,431,277703,16,9145,4261,"East TN",2455501,91.9975190399027,0.0805838528204348,65.5670675760262,8.59295109226182,127.876144216598,8.05838528204348
2021-05-04,285403,320,232659,220,52744,100,257361,245,1769082,2400,2026443,2645,7,4247,-81,3059,394,278097,11,9156,4267,"East TN",2455501,89.1875018580729,0.0816914216429221,107.717325303472,13.0319637418189,124.57742839445,8.16914216429221
2021-05-05,285870,467,232952,293,52918,174,257672,311,1773231,4149,2030903,4460,5,4252,129,3188,333,278430,22,9178,4272,"East TN",2455501,88.3322792375161,0.0783449812620278,181.632994651601,19.0185220857169,129.830938777871,7.83449812620278
2021-05-06,286157,287,233148,196,53009,91,257903,231,1775669,2438,2033572,2669,4,4256,-100,3088,383,278813,10,9188,4277,"East TN",2455501,84.0561661347318,0.076903023983316,108.694722584108,11.6880424809438,125.758450108552,7.6903023983316
2021-05-07,286523,366,233395,247,53128,119,258172,269,1779118,3449,2037290,3718,0,4256,18,3106,348,279161,15,9203,4278,"East TN",2455501,83.9339914746522,0.0775617554535609,151.415128725258,14.9053085297053,126.49149806903,7.75617554535609
2021-05-08,286694,171,233498,103,53196,68,258286,114,1781013,1895,2039299,2009,0,4256,-96,3010,267,279428,7,9210,4280,"East TN",2455501,81.3275987262884,0.0763354700854701,81.8162973666066,6.96395562453446,122.581908946484,7.63354700854701
2021-05-09,286840,146,233613,115,53227,31,258418,132,1782724,1711,2041142,1843,4,4260,-161,2849,303,279731,11,9221,4282,"East TN",2455501,80.1465770121861,0.0753402975625198,75.0559661755381,5.94583345720486,116.025202188881,7.53402975625198
2021-05-10,287076,236,233749,136,53327,100,258563,145,1784240,1516,2042803,1661,7,4267,-200,2649,429,280160,19,9240,4283,"East TN",2455501,81.1646991795157,0.0761378584583004,67.6440367973786,9.61107325959142,107.880224850244,7.61378584583004
2021-05-11,287392,316,233977,228,53415,88,258807,244,1786919,2679,2045726,2923,1,4268,-56,2593,371,280531,19,9259,4285,"East TN",2455501,81.001799632743,0.0749883316911269,119.038843804177,12.8690641950461,105.599631195426,7.49883316911269
2021-05-12,287696,304,234194,217,53502,87,259061,254,1790984,4065,2050045,4319,3,4271,-54,2539,355,280886,15,9274,4287,"East TN",2455501,74.363643101754,0.0725629505798767,175.890785627862,12.3803655547279,103.400487313994,7.25629505798767
2021-05-13,287906,210,234330,136,53576,74,259206,145,1793717,2733,2052923,2878,1,4272,-134,2405,343,281229,9,9283,4289,"East TN",2455501,71.2278268263788,0.0673350214459201,117.206223902984,8.55222620556864,97.9433524971075,6.73350214459201
2021-05-14,288209,303,234548,218,53661,85,259454,248,1796403,2686,2055857,2934,1,4273,34,2439,268,281497,19,9302,4292,"East TN",2455501,68.6621589647082,0.0690472343404966,119.486817557802,12.3396406680348,99.3279986446758,6.90472343404966
2021-05-15,288317,108,234629,81,53688,27,259556,102,1798391,1988,2057947,2090,0,4273,-157,2282,265,281762,5,9307,4295,"East TN",2455501,66.0964911030376,0.0681038181038181,85.1150131887546,4.39828776286387,92.9341914338459,6.81038181038181
2021-05-16,288417,100,234703,74,53714,26,259641,85,1799840,1449,2059481,1534,3,4276,-123,2159,220,281982,4,9311,4298,"East TN",2455501,64.2231463151512,0.066688478106767,62.4719761873443,4.0724886693184,87.9250303705843,6.6688478106767
2021-05-17,288619,202,234805,102,53814,100,259751,110,1801409,1569,2061160,1679,6,4282,-113,2046,309,282291,11,9322,4302,"East TN",2455501,62.8385001675829,0.0647164569374081,68.3770847578559,8.22642711202317,83.3231181742545,6.47164569374081
2021-05-18,288832,213,234940,135,53892,78,259897,146,1803647,2238,2063544,2384,8,4290,-103,1943,308,282599,20,9342,4305,"East TN",2455501,58.643836838185,0.0611740936132001,97.0881298765507,8.67440086564819,79.1284548448565,6.11740936132001
2021-05-19,289049,217,235104,164,53945,53,260065,168,1806917,3270,2066982,3438,1,4291,-53,1890,269,282868,19,9361,4307,"East TN",2455501,55.100771695878,0.0592785026864262,140.012160451167,8.83730041242093,76.9700358501178,5.92785026864262
2021-05-20,289228,179,235236,132,53992,47,260221,156,1821087,14170,2081308,14326,3,4294,-90,1800,266,283134,7,9368,4309,"East TN",2455501,53.8383002083892,0.0357583230579531,583.424726766554,7.28975471807994,73.3047960477312,3.57583230579531
2021-05-21,289391,163,235343,107,54048,56,260342,121,1823365,2278,2083707,2399,0,4294,-60,1740,223,283357,9,9377,4311,"East TN",2455501,48.1368160713435,0.0318850987432675,97.6990031769484,6.63815653098899,70.8613028461402,3.18850987432675
2021-05-22,289462,71,235391,48,54071,23,260404,62,1824952,1587,2085356,1649,0,4294,-107,1633,178,283535,10,9387,4311,"East TN",2455501,46.6299952636957,0.0309387427487322,67.1553381570604,2.89146695521606,66.5037399699695,3.09387427487322
2021-05-23,289536,74,235442,51,54094,23,260465,61,1826017,1065,2086482,1126,3,4297,-128,1505,199,283734,5,9392,4313,"East TN",2455501,45.5711482096729,0.0305173882448798,45.8562224165252,3.01364161529562,61.2909544732419,3.05173882448798
2021-05-24,289696,160,235553,111,54143,49,260591,126,1827942,1925,2088533,2051,0,4297,-94,1411,254,283988,7,9399,4314,"East TN",2455501,43.8607029685592,0.0306871734921273,83.5267426077204,6.51598187090944,57.4628151240826,3.06871734921273
2021-05-25,289839,143,235649,96,54190,47,260679,88,1829669,1727,2090348,1815,0,4297,-73,1338,216,284204,8,9407,4318,"East TN",2455501,41.0099609000363,0.0291747500373079,73.915669348129,5.82365879712531,54.4898983954802,2.91747500373079
2021-05-26,290024,185,235789,140,54235,45,260844,165,1832553,2884,2093397,3049,7,4304,-31,1307,209,284413,13,9420,4320,"East TN",2455501,39.7067645258544,0.02949081961007,124.170179527518,7.53410403823904,53.2274269079915,2.949081961007
2021-05-27,290149,125,235865,76,54284,49,260983,139,1835525,2972,2096508,3111,4,4308,-81,1226,202,284615,9,9429,4324,"East TN",2455501,37.5076206444225,0.0501315789473684,126.695122502495,5.090610836648,49.9287110858436,5.01315789473684
2021-05-28,290266,117,235955,90,54311,27,261081,98,1837637,2112,2098718,2210,0,4308,-61,1165,178,284793,5,9434,4325,"East TN",2455501,35.634275856536,0.0492305642528812,90.0019995919366,4.76481174310253,47.4444929975594,4.92305642528812
2021-05-29,290318,52,235986,31,54332,21,261118,37,1838714,1077,2099832,1114,0,4308,-88,1077,140,284933,7,9441,4327,"East TN",2455501,34.8605030093655,0.0493230174081238,45.367523776207,2.11769410804557,43.8607029685592,4.93230174081238
2021-05-30,290373,55,236026,40,54347,15,261164,46,1839800,1086,2100964,1132,0,4308,-67,1010,122,285055,7,9448,4329,"East TN",2455501,34.086730162195,0.0482668139759702,46.1005717366843,2.23986876812512,41.1321355601158,4.82668139759702
2021-05-31,290453,80,236092,66,54361,14,261235,71,1841227,1427,2102462,1498,6,4314,-97,913,171,285226,4,9452,4330,"East TN",2455501,30.8287392267403,0.0462344748366717,61.0058802663896,3.25799093545472,37.181821550877,4.62344748366717
2021-06-01,290583,130,236185,93,54398,37,261329,94,1842542,1315,2103871,1409,3,4317,-37,876,164,285390,11,9463,4330,"East TN",2455501,30.2993156997289,0.048066257487244,57.3813653506963,5.29423527011392,35.6750007432292,4.8066257487244
2021-06-02,290702,119,236256,71,54446,48,261402,73,1844522,1980,2105924,2053,1,4318,-20,856,138,285528,9,9472,4334,"East TN",2455501,27.6114731779788,0.0445437854234853,83.6081923811067,4.8462615164889,34.8605030093655,4.45437854234853
2021-06-03,290790,88,236312,56,54478,32,261521,119,1847688,3166,2109209,3285,1,4319,-42,814,129,285657,6,9478,4337,"East TN",2455501,26.1046523703309,0.0423588693803637,133.781252787109,3.58379002900019,33.1500577682518,4.23588693803637
2021-06-04,290881,91,236371,59,54510,32,261599,78,1849839,2151,2111438,2229,1,4320,-30,784,120,285777,7,9485,4337,"East TN",2455501,25.0458053163082,0.0407232704402516,90.7757724391071,3.70596468907974,31.9283111674563,4.07232704402516
2021-06-05,290922,41,236397,26,54525,15,261629,30,1851222,1383,2112851,1413,-1,4319,-70,714,112,285889,2,9487,4339,"East TN",2455501,24.5978315626831,0.0392503264459636,57.544264897469,1.66972035442054,29.0775690989334,3.92503264459636
2021-06-06,290948,26,236413,16,54535,10,261648,19,1852138,916,2113786,935,-1,4318,-57,657,84,285973,2,9489,4339,"East TN",2455501,23.4168098485808,0.037747621275932,38.077769058127,1.05884705402278,26.7562505574219,3.7747621275932
2021-06-07,291021,73,236447,34,54574,39,261700,52,1853408,1270,2115108,1322,3,4321,-70,587,140,286113,10,9499,4340,"East TN",2455501,23.1317356417285,0.0367705203226317,53.8383002083892,2.97291672860243,23.905508488899,3.67705203226317
2021-06-08,291107,86,236512,65,54595,21,261770,70,1854887,1479,2116657,1549,3,4324,-28,559,111,286224,4,9503,4343,"East TN",2455501,21.3398406272284,0.0344908493664946,63.082849487742,3.50234025561382,22.7652116614899,3.44908493664946
2021-06-09,291154,47,236548,36,54606,11,261824,54,1857618,2731,2119442,2785,0,4324,-65,494,112,286336,3,9506,4344,"East TN",2455501,18.4076487853192,0.0312176357449327,113.418809440517,1.91406967457965,20.1180940264329,3.12176357449327
2021-06-10,291229,75,236605,57,54624,18,261890,66,1859403,1785,2121293,1851,4,4328,-24,470,95,286431,4,9510,4347,"East TN",2455501,17.8782252583078,0.0305362462760675,75.3817652690836,3.0543665019888,19.1406967457965,3.05362462760675
2021-06-11,291299,70,236651,46,54648,24,261946,56,1860887,1484,2122833,1540,2,4330,-5,465,73,286504,4,9514,4348,"East TN",2455501,17.0230026377509,0.0304519526107942,62.7163255075034,2.85074206852288,18.9370723123306,3.04519526107942
2021-06-12,291328,29,236673,22,54655,7,261977,31,1862081,1194,2124058,1225,3,4333,-24,441,50,286554,1,9515,4351,"East TN",2455501,16.5343039974327,0.0310520210582672,49.8879861991504,1.18102171410234,17.9596750316941,3.10520210582672
2021-06-13,291346,18,236687,14,54659,4,261998,21,1862925,844,2124923,865,1,4334,-41,400,58,286612,1,9516,4351,"East TN",2455501,16.2085049038872,0.0314267756128221,35.2270269896042,0.733047960477312,16.2899546772736,3.14267756128221
2021-06-14,291399,53,236720,33,54679,20,262039,41,1864179,1254,2126218,1295,3,4337,-9,391,59,286671,3,9519,4351,"East TN",2455501,15.3940071700236,0.0305130513051305,52.7387282676733,2.15841899473875,15.9234306970349,3.05130513051305
2021-06-15,291487,88,236788,68,54699,20,262127,88,1866061,1882,2128188,1970,0,4337,-6,385,94,286765,4,9523,4352,"East TN",2455501,15.4754569434099,0.0309600208134594,80.2280267855725,3.58379002900019,15.6790813768758,3.09600208134594
2021-06-16,291554,67,236828,40,54726,27,262165,38,1867967,1906,2130132,1944,2,4339,-14,371,79,286844,7,9530,4354,"East TN",2455501,16.2899546772736,0.0318989710009355,79.1691797315497,2.72856740844333,15.1089329631713,3.18989710009355
2021-06-17,291606,52,236867,39,54739,13,262211,46,1870317,2350,2132528,2396,1,4340,-6,365,57,286901,1,9531,4358,"East TN",2455501,15.3532822833304,0.0285714285714286,97.5768285168689,2.11769410804557,14.8645836430122,2.85714285714286
2021-06-18,291669,63,236919,52,54750,11,262266,55,1872045,1728,2134311,1783,2,4342,1,366,60,286961,4,9535,4360,"East TN",2455501,15.0682080764781,0.0278794215020038,72.6124729739471,2.56566786167059,14.9053085297053,2.78794215020038
2021-06-19,291697,28,236935,16,54762,12,262284,18,1873197,1152,2135481,1170,0,4342,-16,350,44,287005,4,9539,4361,"East TN",2455501,15.0274831897849,0.0268756018559048,47.6481174310253,1.14029682740915,14.2537103426144,2.68756018559048
2021-06-20,291722,25,236956,21,54766,4,262301,17,1873951,754,2136252,771,3,4345,-13,337,35,287040,2,9541,4364,"East TN",2455501,15.3125573966372,0.0267455203460147,31.3988876404449,1.0181221673296,13.724286815603,2.67455203460147
2021-06-21,291789,67,236996,40,54793,27,262353,52,1875223,1272,2137576,1324,6,4351,2,339,59,287099,2,9543,4365,"East TN",2455501,15.8827058103418,0.0276457122732876,53.9197499817756,2.72856740844333,13.8057365889894,2.76457122732876
2021-06-22,291882,93,237042,46,54840,47,262404,51,1876650,1427,2139054,1478,5,4356,37,376,51,287150,7,9550,4369,"East TN",2455501,16.0863302438077,0.0254923614945702,60.1913825325259,3.78741446246611,15.3125573966372,2.54923614945702
2021-06-23,291951,69,237088,46,54863,23,262459,55,1878437,1787,2140896,1842,2,4358,6,382,61,287211,5,9555,4373,"East TN",2455501,16.167780017194,0.0273132664437012,75.0152412888449,2.8100171818297,15.5569067167963,2.73132664437012
2021-06-24,292034,83,237138,50,54896,33,262521,62,1880281,1844,2142802,1906,3,4361,27,409,53,287264,5,9560,4374,"East TN",2455501,17.4302515046828,0.0301732528713257,77.6216340372087,3.38016559553427,16.6564786575123,3.01732528713257
2021-06-25,292113,79,237194,56,54919,23,262590,69,1882089,1808,2144679,1877,0,4361,32,441,47,287311,2,9562,4376,"East TN",2455501,18.0818496917737,0.03125,76.4406123231064,3.21726604876154,17.9596750316941,3.125
2021-06-26,292147,34,237211,17,54936,17,262611,21,1883273,1184,2145884,1205,0,4361,1,442,33,287344,2,9564,4378,"East TN",2455501,18.3261990119328,0.0314332404114198,49.0734884652867,1.38464614756826,18.0003999183873,3.14332404114198
2021-06-27,292176,29,237231,20,54945,9,262635,24,1883987,714,2146622,738,2,4363,-9,433,36,287380,3,9567,4380,"East TN",2455501,18.4890985587055,0.0322082931533269,30.0549663795698,1.18102171410234,17.6338759381487,3.22082931533269
2021-06-28,292220,44,237255,24,54965,20,262660,25,1884539,552,2147199,577,4,4367,-16,417,56,287436,3,9570,4380,"East TN",2455501,17.5524261647623,0.0319027330354359,23.4982596219672,1.7918950145001,16.9822777510577,3.19027330354359
2021-06-29,292351,131,237340,85,55011,46,262757,97,1886554,2015,2149311,2112,0,4367,79,496,52,287488,6,9576,4383,"East TN",2455501,19.0999718591033,0.0344155211075363,86.0109606960046,5.3349601568071,20.1995437998193,3.44155211075363
2021-06-30,292436,85,237403,63,55033,22,262832,75,1888198,1644,2151030,1719,3,4370,30,526,52,287540,3,9579,4383,"East TN",2455501,19.7515700461942,0.0368067890270377,70.0060802255833,3.46161536892064,21.4212904006148,3.68067890270377
2021-07-01,292542,106,237456,53,55086,53,262897,65,1890750,2552,2153647,2617,1,4371,57,583,48,287588,2,9581,4386,"East TN",2455501,20.6882424401375,0.0346703550023052,106.577028476063,4.3168379894775,23.7426089421263,3.46703550023052
2021-07-02,292624,82,237519,63,55105,19,262971,74,1892432,1682,2155403,1756,0,4371,30,613,52,287640,2,9583,4388,"East TN",2455501,20.810417100217,0.0355277881387542,71.5129010332311,3.33944070884109,24.9643555429218,3.55277881387542
2021-07-03,292671,47,237554,35,55117,12,263011,40,1893520,1088,2156531,1128,1,4372,0,613,46,287686,3,9586,4391,"East TN",2455501,21.3398406272284,0.0375692683384991,45.9376721899116,1.91406967457965,24.9643555429218,3.75692683384991
2021-07-04,292698,27,237575,21,55123,6,263036,25,1894220,700,2157256,725,0,4372,-12,601,39,287725,1,9587,4392,"East TN",2455501,21.258390853842,0.0377092345307504,29.5255428525584,1.09957194071597,24.4756569026036,3.77092345307504
2021-07-05,292741,43,237598,23,55143,20,263061,25,1894702,482,2157763,507,0,4372,-29,572,72,287797,2,9589,4392,"East TN",2455501,21.2176659671489,0.0379591063990913,20.6475175534443,1.75117012780691,23.2946351885012,3.79591063990913
2021-07-06,292903,162,237700,102,55203,60,263174,113,1896027,1325,2159201,1438,5,4377,82,654,75,287872,6,9595,4392,"East TN",2455501,22.4801374546376,0.0421638018200202,58.5623870647986,6.59743164429581,26.6340758973423,4.21638018200202
2021-07-07,293044,141,237778,78,55266,63,263262,88,1897486,1459,2160748,1547,5,4382,79,733,57,287929,6,9601,4394,"East TN",2455501,24.7607311094559,0.0442477876106195,63.0013997143556,5.74220902373894,29.8513419461039,4.42477876106195
2021-07-08,293184,140,237879,101,55305,39,263379,117,1899341,1855,2162720,1972,2,4384,78,811,60,287989,3,9604,4396,"East TN",2455501,26.1453772570241,0.0531246555714758,80.3094765589588,5.70148413704576,33.0278831081722,5.31246555714758
2021-07-09,293348,164,238001,122,55347,42,263510,131,1901086,1745,2164596,1876,0,4384,100,911,64,288053,4,9608,4398,"East TN",2455501,29.4848179658652,0.0586315674970086,76.3998874364132,6.67888141768218,37.1003717774906,5.86315674970086
2021-07-10,293452,104,238073,72,55379,32,263584,74,1902142,1056,2165726,1130,0,4384,56,967,48,288101,12,9620,4399,"East TN",2455501,31.8061365073767,0.0623164763458401,46.0191219632979,4.23538821609114,39.3809654323089,6.23164763458401
2021-07-11,293500,48,238107,34,55393,14,263627,43,1902897,755,2166524,798,2,4386,4,971,42,288143,7,9627,4399,"East TN",2455501,32.6613591279336,0.0637678031937851,32.4984595811608,1.95479456127283,39.5438649790817,6.37678031937851
2021-07-12,293672,172,238222,115,55450,57,263751,124,1904263,1366,2168014,1490,1,4387,91,1062,80,288223,13,9640,4400,"East TN",2455501,37.9148695113543,0.0673105062920691,60.6800811728442,7.00468051122765,43.2498296681614,6.73105062920691
2021-07-13,293886,214,238357,135,55529,79,263896,145,1905884,1621,2169780,1766,4,4391,149,1211,61,288284,14,9654,4403,"East TN",2455501,40.0325636193999,0.0682484166745439,71.9201499001629,8.71512575234138,49.3178377854458,6.82484166745439
2021-07-14,294058,172,238488,131,55570,41,264038,142,1907447,1563,2171485,1705,0,4391,103,1314,69,288353,9,9663,4404,"East TN",2455501,41.2950351068886,0.0722734469591133,69.4359318118787,7.00468051122765,53.5125011148438,7.22734469591134
2021-07-15,294278,220,238636,148,55642,72,264205,167,1909248,1801,2173453,1968,0,4391,119,1433,101,288454,14,9677,4404,"East TN",2455501,44.5530260423433,0.0769589117674462,80.1465770121861,8.95947507250048,58.3587626313327,7.69589117674462
2021-07-16,294509,231,238777,141,55732,90,264360,155,1910777,1529,2175137,1684,0,4391,165,1598,66,288520,9,9686,4408,"East TN",2455501,47.2815934507866,0.0806375106726117,68.5807091913219,9.4074488261255,65.078368935708,8.06375106726117
2021-07-17,294653,144,238877,100,55776,44,264470,110,1911995,1218,2176465,1328,0,4391,54,1652,90,288610,5,9691,4410,"East TN",2455501,48.910588918514,0.0825030263525468,54.0826495285484,5.8643836838185,67.27751281714,8.25030263525468
2021-07-18,294797,144,238998,121,55799,23,264602,132,1913121,1126,2177723,1258,0,4391,50,1702,94,288704,6,9697,4412,"East TN",2455501,52.8201780410596,0.0870613447629253,51.2319074600255,5.8643836838185,69.3137571517992,8.70613447629253
2021-07-19,295101,304,239208,210,55893,94,264819,217,1914811,1690,2179630,1907,3,4394,166,1868,135,288839,12,9709,4413,"East TN",2455501,58.1958630845599,0.0919421487603306,77.6623589239019,12.3803655547279,76.0740883428677,9.19421487603306
2021-07-20,295457,356,239443,235,56014,121,265073,254,1916472,1661,2181545,1915,2,4396,215,2083,139,288978,21,9730,4414,"East TN",2455501,63.9787969949921,0.100042498937527,77.9881580174473,14.4980596627735,84.8299389819023,10.0042498937527
2021-07-21,295858,401,239735,292,56123,109,265383,310,1918588,2116,2183971,2426,3,4399,248,2331,150,289128,23,9753,4418,"East TN",2455501,73.3047960477312,0.10772064712478,98.7985751176644,16.3306795639668,94.9297108818119,10.772064712478
2021-07-22,296332,474,240067,332,56265,142,265750,367,1920957,2369,2186707,2736,5,4404,321,2652,148,289276,19,9772,4420,"East TN",2455501,83.6489172677999,0.116568583069262,111.423289992551,19.3035962925692,108.002399510324,11.6568583069262
2021-07-23,296796,464,240382,315,56414,149,266084,334,1922860,1903,2188944,2237,1,4405,332,2984,131,289407,21,9793,4425,"East TN",2455501,93.1378158673118,0.124864199319186,91.1015715326526,18.8963474256374,121.523061892461,12.4864199319186
2021-07-24,297153,357,240625,243,56528,114,266349,265,1924611,1751,2190960,2016,0,4405,223,3207,134,289541,18,9811,4428,"East TN",2455501,101.81221673296,0.129630907209383,82.1013715734589,14.5387845494667,130.604711625041,12.9630907209383
2021-07-25,297381,228,240813,188,56568,40,266552,203,1925926,1315,2192478,1518,3,4408,98,3305,127,289668,13,9824,4434,"East TN",2455501,105.233107215187,0.13215859030837,61.8203780002533,9.28527416604595,134.595750520973,13.215859030837
2021-07-26,298043,662,241265,452,56778,210,267032,480,1927655,1729,2194687,2209,10,4418,443,3748,209,289877,30,9854,4438,"East TN",2455501,119.812616651347,0.146974828983197,89.9612747052435,26.9598749908878,152.636875326054,14.6974828983197
2021-07-27,298772,729,241751,486,57021,243,267547,515,1929976,2321,2197523,2836,2,4420,537,4285,190,290067,24,9878,4444,"East TN",2455501,135.002999387905,0.154837902115409,115.49577866187,29.6884423993311,174.506139480293,15.4837902115409
2021-07-28,299591,819,242294,543,57297,276,268160,613,1932844,2868,2201004,3481,2,4422,560,4845,257,290324,30,9908,4447,"East TN",2455501,152.026002025656,0.163036458639112,141.763330578973,33.3536822017177,197.312076028476,16.3036458639112
2021-07-29,300279,688,242744,450,57535,238,268657,497,1935272,2428,2203929,2925,3,4425,477,5322,208,290532,17,9925,4451,"East TN",2455501,160.741127777997,0.16879572639647,119.120293577563,28.0187220449106,216.737846981125,16.879572639647
2021-07-30,301279,1000,243482,738,57797,262,269446,789,1937075,1803,2206521,2592,4,4429,752,6074,244,290776,39,9964,4454,"East TN",2455501,182.569667045544,0.191272685896342,105.558906308733,40.724886693184,247.3629617744,19.1272685896342
2021-07-31,301814,535,243843,361,57971,174,269840,394,1939045,1970,2208885,2364,2,4431,319,6393,214,290990,30,9994,4463,"East TN",2455501,189.818696876931,0.194755927475593,96.273632142687,21.7878143808534,260.354200629525,19.4755927475593
2021-08-01,302347,533,244264,421,58083,112,270301,461,1941183,2138,2211484,2599,3,4434,319,6712,211,291201,24,10018,4466,"East TN",2455501,202.239787318352,0.197253498895086,105.843980515585,21.7063646074671,273.345439484651,19.7253498895086
2021-08-02,303198,851,244792,528,58406,323,270841,540,1943518,2335,2214359,2875,9,4443,421,7133,421,291622,31,10049,4474,"East TN",2455501,209.936790903364,0.19362545750305,117.084049242904,34.6568785758996,290.490616782481,19.362545750305
2021-08-03,304536,1338,245751,959,58785,379,271869,1028,1947293,3775,2219162,4803,4,4447,894,8027,440,292062,32,10081,4483,"East TN",2455501,234.738246899513,0.199731965432783,195.601630787363,54.4898983954802,326.898665486188,19.9731965432783
2021-08-04,305624,1088,246574,823,59050,265,272772,903,1950913,3620,2223685,4523,8,4455,646,8673,434,292496,33,10114,4489,"East TN",2455501,245.693241419979,0.203342004320797,184.198662513271,44.3086767221842,353.206942289985,20.3342004320797
2021-08-05,306804,1180,247453,879,59351,301,273727,955,1954879,3966,2228606,4921,10,4465,663,9336,507,293003,35,10149,4496,"East TN",2455501,265.729885673026,0.205454471775337,200.407167417158,48.0553662979571,380.207542167566,20.5454471775337
2021-08-06,308143,1339,248430,977,59713,362,274808,1081,1959507,4628,2234315,5709,3,4468,906,10242,430,293433,44,10193,4509,"East TN",2455501,279.535622262015,0.192919335108297,232.498378131387,54.5306232821734,417.10428951159,19.2919335108297
2021-08-07,308866,723,248950,520,59916,203,275389,581,1962511,3004,2237900,3585,0,4468,326,10568,397,293830,23,10216,4518,"East TN",2455501,287.191900960334,0.191245907289333,145.998718795065,29.444093079172,430.380602573568,19.1245907289333
2021-08-08,309502,636,249399,449,60103,187,275915,526,1964626,2115,2240541,2641,5,4473,226,10794,405,294235,27,10243,4525,"East TN",2455501,291.386564289731,0.193206456275596,107.554425756699,25.901027936865,439.584426966228,19.3206456275596
2021-08-09,310872,1370,250346,947,60526,423,276928,1013,1968165,3539,2245093,4552,14,4487,571,11365,785,295020,56,10299,4535,"East TN",2455501,312.522780483494,0.198054272141602,185.379684227374,55.7930947696621,462.838337268036,19.8054272141602
2021-08-10,312198,1326,251180,834,61018,492,277846,918,1971417,3252,2249263,4170,6,4493,547,11912,773,295793,41,10340,4544,"East TN",2455501,312.034081843176,0.198564831733165,169.822777510577,54.001199755162,485.114850289208,19.8564831733165
2021-08-11,314085,1887,252471,1291,61614,596,279226,1380,1976773,5356,2255999,6736,8,4501,1057,12969,822,296615,56,10396,4553,"East TN",2455501,344.57326631103,0.199727672216377,274.322836765287,76.8478611900382,528.161055523903,19.9727672216377
2021-08-12,315547,1462,253520,1049,62027,413,280387,1161,1981255,4482,2261642,5643,10,4511,587,13556,865,297480,36,10432,4563,"East TN",2455501,356.057684358508,0.201598256447512,229.810535609637,59.539784345435,552.066564012802,20.1598256447512
2021-08-13,317193,1646,254621,1101,62572,545,281574,1187,1986674,5419,2268248,6606,11,4522,791,14347,844,298324,24,10456,4577,"East TN",2455501,368.560224573315,0.199392921345003,269.028601495173,67.0331634969809,584.279949387111,19.9392921345003
2021-08-14,318723,1530,255700,1079,63023,451,282773,1199,1992150,5476,2274923,6675,1,4523,913,15260,616,298940,18,10474,4586,"East TN",2455501,401.425208134715,0.199443589120277,271.838618677003,62.3090766405715,621.461770937988,19.9443589120277
2021-08-15,319869,1146,256659,959,63210,187,283830,1057,1995960,3810,2279790,4867,11,4534,426,15686,709,299649,14,10488,4596,"East TN",2455501,422.194900348238,0.201661188820097,198.208023535727,46.6707201503889,638.810572669284,20.1661188820097
2021-08-16,321309,1440,257569,910,63740,530,284800,970,1999020,3060,2283820,4030,17,4551,164,15850,1259,300908,25,10513,4609,"East TN",2455501,425.045642416761,0.203269037105895,164.121293373532,58.643836838185,645.489454086966,20.3269037105895
2021-08-17,323045,1736,258772,1203,64273,533,286120,1320,2003880,4860,2290000,6180,10,4561,524,16374,1202,302110,19,10532,4623,"East TN",2455501,441.742845960967,0.203107739892481,251.679799763877,70.6984032993674,666.829294714195,20.3107739892481
2021-08-18,325141,2096,260136,1364,65005,732,287610,1490,2009300,5420,2296910,6910,13,4574,953,17327,1130,303240,24,10556,4633,"East TN",2455501,450.254347279842,0.20493265869815,281.408967049901,85.3593625089137,705.640111732799,20.493265869815
2021-08-19,327531,2390,261596,1460,65935,930,289186,1576,2019252,9952,2308438,11528,23,4597,1132,18459,1235,304475,36,10592,4643,"East TN",2455501,488.047042131117,0.188028891358236,469.476493799025,97.3324791967098,751.740683469483,18.8028891358236
2021-08-20,329981,2450,263547,1951,66434,499,291289,2103,2026146,6894,2317435,8997,4,4601,1282,19741,1164,305639,27,10619,4664,"East TN",2455501,520.789851032437,0.197511537601399,366.401805578576,99.7759723983008,803.949988210145,19.7511537601399
2021-08-21,332903,2922,265486,1939,67417,983,293404,2115,2035076,8930,2328480,11045,0,4601,2185,21926,737,306376,50,10669,4675,"East TN",2455501,577.478893309349,0.198498795675635,449.806373526217,118.998118917484,892.933865634752,19.8498795675635
2021-08-22,334388,1485,266824,1338,67564,147,294922,1518,2040588,5512,2335510,7030,7,4608,582,22508,896,307272,15,10684,4685,"East TN",2455501,591.284629898338,0.199066762383345,286.295953453083,60.4764567393782,916.635749690185,19.9066762383345
2021-08-23,336335,1947,267926,1102,68409,845,296108,1186,2044555,3967,2340663,5153,18,4626,232,22740,1697,308969,31,10715,4692,"East TN",2455501,611.932147451783,0.198933905670003,209.855341129977,79.2913543916292,926.083923403004,19.8933905670003
2021-08-24,338322,1987,269287,1361,69035,626,297545,1437,2048334,3779,2345879,5216,15,4641,202,22942,1770,310739,24,10739,4707,"East TN",2455501,622.154094011772,0.204459635999213,212.421008991648,80.9203498593566,934.310350515027,20.4459635999213
2021-08-25,340550,2228,270467,1180,70083,1048,298789,1244,2052370,4036,2351159,5280,17,4658,674,23616,1537,312276,33,10772,4731,"East TN",2455501,627.529779055272,0.206068314623311,215.027401740011,90.7350475524139,961.758924146233,20.6068314623311
2021-08-26,343208,2658,272279,1812,70929,846,300757,1968,2059215,6845,2359972,8813,24,4682,767,24383,1867,314143,29,10801,4744,"East TN",2455501,638.444048689046,0.224531377343113,358.908426427031,108.246748830483,992.994912239905,22.4531377343113
2021-08-27,346230,3022,274541,2262,71689,760,303128,2371,2066285,7070,2369413,9441,19,4701,1325,25708,1678,315821,35,10836,4756,"East TN",2455501,661.738683877547,0.227769440917311,384.48365527035,123.070607586802,1046.95538710837,22.7769440917311
2021-08-28,348373,2143,276071,1530,72302,613,304799,1671,2072152,5867,2376951,7538,1,4702,950,26658,1192,317013,29,10865,4774,"East TN",2455501,630.013997143556,0.235089022301995,306.984195893221,87.2734321834933,1085.6440294669,23.5089022301995
2021-08-29,350713,2340,277893,1822,72820,518,306830,2031,2079145,6993,2385975,9024,9,4711,1117,27775,1214,318227,38,10903,4788,"East TN",2455501,664.833775266229,0.235965520657882,367.501377519292,95.2962348620506,1131.13372790319,23.5965520657882
2021-08-30,353955,3242,280290,2397,73665,845,309432,2602,2088187,9042,2397619,11644,21,4732,429,28204,2792,321019,55,10958,4807,"East TN",2455501,717.572503533902,0.233934967343212,474.200580655434,132.030082659303,1148.60470429456,23.3934967343212
2021-08-31,357550,3595,282676,2386,74874,1209,312053,2621,2096774,8587,2408827,11208,7,4739,880,29084,2708,323727,67,11025,4823,"East TN",2455501,783.058121336542,0.230475948401856,456.444530057206,146.405967661996,1184.44260458456,23.0475948401855
2021-09-01,358987,1437,283606,930,75381,507,313040,987,2099057,2283,2412097,3270,15,4754,-924,28160,2346,326073,22,11047,4849,"East TN",2455501,750.844735962233,0.233860645245988,133.170379486712,58.5216621781054,1146.81280928006,23.3860645245988
2021-09-02,361305,2318,285073,1467,76232,851,314559,1519,2103319,4262,2417878,5781,19,4773,-541,27619,2840,328913,28,11075,4866,"East TN",2455501,736.998274486551,0.238351811556661,235.430569973297,94.4002873548005,1124.78064557905,23.8351811556661
2021-09-03,363056,1751,286269,1196,76787,555,315852,1293,2107425,4106,2423277,5399,17,4790,-878,26741,2612,331525,25,11100,4873,"East TN",2455501,685.236943499514,0.236224565572553,219.8736632565,71.3092765997652,1089.02419506243,23.6224565572553
2021-09-04,366311,3255,288578,2309,77733,946,318432,2580,2115473,8048,2433905,10628,3,4793,1670,28411,1582,333107,33,11133,4886,"East TN",2455501,730.523017502335,0.239368613266847,432.82409577516,132.559506186314,1157.03475584005,23.9368613266847
2021-09-05,370773,4462,291810,3232,78963,1230,321943,3511,2127984,12511,2449927,16022,8,4801,2915,31326,1539,334646,38,11171,4910,"East TN",2455501,816.941227065271,0.236317863397548,652.494134598194,181.714444424987,1275.74780055068,23.6317863397548
2021-09-06,375676,4903,295726,3916,79950,987,326228,4285,2143625,15641,2469853,19926,11,4812,966,32292,3926,338572,55,11226,4928,"East TN",2455501,884.58526386265,0.232522081014481,811.484092248384,199.674119456681,1315.0880410963,23.2522081014481
2021-09-07,377764,2088,297169,1443,80595,645,327744,1516,2148051,4426,2475795,5942,34,4846,-1789,30503,3843,342415,47,11273,4941,"East TN",2455501,823.212859616021,0.234305937164019,241.987276730899,85.0335634153682,1242.23121880219,23.4305937164019
2021-09-08,379441,1677,298340,1171,81101,506,329008,1264,2152431,4380,2481439,5644,20,4866,-1752,28751,3409,345824,45,11318,4959,"East TN",2455501,832.986832422386,0.230278907444262,229.85126049633,68.2956349844696,1170.88121731573,23.0278907444262
2021-09-09,381348,1907,299333,993,82015,914,330083,1075,2156097,3666,2486180,4741,7,4873,-1712,27039,3612,349436,38,11356,4977,"East TN",2455501,816.248903991487,0.227284706157946,193.076687812385,77.6623589239019,1101.160211297,22.7284706157946
2021-09-10,386832,5484,303142,3809,83690,1675,334214,4131,2168203,12106,2502417,16237,23,4896,2197,29236,3264,352700,100,11456,4994,"East TN",2455501,968.274906017143,0.232019206469548,661.249985237229,223.335278625421,1190.63278736193,23.2019206469548
2021-09-11,391116,4284,306233,3091,84883,1193,337530,3316,2180025,11822,2517555,15138,8,4904,2665,31901,1611,354311,77,11533,5021,"East TN",2455501,1010.18081442443,0.2283084279737,616.493334761419,174.4654145936,1299.16461039926,22.83084279737
2021-09-12,392694,1578,307653,1420,85041,158,339083,1553,2185269,5244,2524352,6797,23,4927,6,31907,1549,355860,27,11560,5043,"East TN",2455501,892.730241201286,0.230298958683238,276.807054853572,64.2638712018444,1299.40895971942,23.0298958683238
2021-09-13,395045,2351,309087,1434,85958,917,340620,1537,2190392,5123,2531012,6660,63,4990,-1968,29939,4256,360116,51,11611,5069,"East TN",2455501,788.800330360281,0.235321048414788,271.227745376605,95.7442086156756,1219.26238270724,23.5321048414788
2021-09-14,397854,2809,311022,1935,86832,874,342701,2081,2196615,6223,2539316,8304,43,5033,-987,28952,3753,363869,43,11654,5095,"East TN",2455501,818.162973666066,0.235465436627257,338.1794591002,114.396206721154,1179.06691954106,23.5465436627257
2021-09-15,399647,1793,312203,1181,87444,612,343963,1262,2200390,3775,2544353,5037,23,5056,-1549,27403,3319,367188,25,11679,5114,"East TN",2455501,822.887060522476,0.237705439170932,205.131254273568,73.0197218408789,1115.98407005332,23.7705439170932
2021-09-16,402301,2654,314045,1842,88256,812,345933,1970,2207049,6659,2552982,8629,23,5079,-605,26798,3236,370424,46,11725,5136,"East TN",2455501,853.308550882284,0.237268345259124,351.415047275485,108.08384928371,1091.34551360394,23.7268345259124
2021-09-17,404990,2689,315919,1874,89071,815,347940,2007,2214252,7203,2562192,9210,23,5102,-51,26747,2717,373141,56,11781,5168,"East TN",2455501,739.482492574835,0.229627770807194,375.076206444225,109.509220317972,1089.26854438259,22.9627770807194
2021-09-18,406451,1461,317093,1174,89358,287,349276,1336,2219724,5472,2569000,6808,3,5105,-200,26547,1658,374799,26,11807,5205,"East TN",2455501,624.516137439977,0.228321508407037,277.255028607197,59.4990594587418,1081.12356704396,22.8321508407037
2021-09-19,407095,644,317535,442,89560,202,349789,513,2221801,2077,2571590,2590,17,5122,-972,25575,1599,376398,17,11824,5234,"East TN",2455501,586.479093268543,0.226639569837842,105.477456535347,26.2268270304105,1041.53897717818,22.6639569837842
2021-09-20,409081,1986,318773,1238,90308,748,351163,1374,2227438,5637,2578601,7011,48,5170,310,25885,1628,378026,44,11868,5260,"East TN",2455501,571.614509625531,0.2215427935027,285.522180605913,80.8796249726634,1054.16369205307,22.15427935027
2021-09-21,410946,1865,319845,1072,91101,793,352303,1140,2231744,4306,2584047,5446,31,5201,-2228,23657,4062,382088,38,11906,5285,"East TN",2455501,533.170216587165,0.21466097337417,221.78773293108,75.9519136827882,963.428644500654,21.466097337417
2021-09-22,412533,1587,320943,1098,91590,489,353523,1220,2237103,5359,2590626,6579,14,5215,-1404,22253,2977,385065,36,11942,5305,"East TN",2455501,524.780889928369,0.206599961100426,267.929029554458,64.630395182083,906.250903583423,20.6599961100426
2021-09-23,414887,2354,322434,1491,92453,863,355184,1661,2243460,6357,2598644,8018,32,5247,-471,21782,2793,387858,35,11977,5321,"East TN",2455501,512.563423920414,0.202597345714161,326.532141505949,95.8663832757551,887.069481950934,20.2597345714161
2021-09-24,416430,1543,323408,974,93022,569,356284,1100,2248343,4883,2604627,5983,38,5285,-990,20792,2495,390353,24,12001,5346,"East TN",2455501,465.892703770025,0.196630140214446,243.65699708532,62.8385001675829,846.751844124682,19.6630140214446
2021-09-25,417131,701,323888,480,93243,221,356845,561,2251365,3022,2608210,3583,2,5287,-872,19920,1571,391924,14,12015,5368,"East TN",2455501,434.941789883205,0.193037490436113,145.917269021678,28.548145571922,811.239742928225,19.3037490436113
2021-09-26,417986,855,324506,618,93480,237,357564,719,2255342,3977,2612906,4696,6,5293,-371,19549,1220,393144,6,12021,5383,"East TN",2455501,443.534740975467,0.188183754477684,191.244067911192,34.8197781226723,796.130809965054,18.8183754477684
2021-09-27,419446,1460,325328,822,94118,638,358485,921,2258933,3591,2617418,4512,47,5340,-1553,17996,2966,396110,24,12045,5398,"East TN",2455501,422.113450574852,0.188628693613623,183.750688759646,59.4583345720486,732.885060930539,18.8628693613623
2021-09-28,420742,1296,326106,778,94636,518,359350,865,2262595,3662,2621945,4527,14,5354,-1072,16924,2354,398464,12,12057,5408,"East TN",2455501,398.94099004643,0.185946487941316,184.361562060044,52.7794531543665,689.227982395446,18.5946487941316
2021-09-29,422423,1681,327109,1003,95314,678,360488,1138,2268093,5498,2628581,6636,30,5384,-391,16533,2042,400506,18,12075,5428,"East TN",2455501,402.76912939559,0.183506784349888,270.250348095969,68.4585345312423,673.304551698411,18.3506784349888
2021-09-30,423630,1207,327848,739,95782,468,361306,818,2272765,4672,2634071,5490,11,5395,-857,15676,2053,402559,13,12088,5440,"East TN",2455501,356.057684358508,0.172806051881333,223.57962794558,49.1549382386731,638.403323802352,17.2806051881333
2021-10-01,424983,1353,328794,946,96189,407,362366,1060,2277737,4972,2640103,6032,14,5409,-351,15325,1690,404249,16,12104,5451,"East TN",2455501,348.319955886803,0.171439846656895,245.652516533286,55.100771695878,624.108888573045,17.1439846656895
2021-10-02,425535,552,329140,346,96395,206,362757,391,2280406,2669,2643163,3060,11,5420,-397,14928,938,405187,3,12107,5461,"East TN",2455501,342.251947769518,0.16914141847624,124.618153281143,22.4801374546376,607.941108555851,16.914141847624
2021-10-03,426069,534,329599,459,96470,75,363281,524,2283498,3092,2646779,3616,13,5433,-296,14632,817,406004,8,12115,5468,"East TN",2455501,329.179259141006,0.168777492398075,147.261190282553,21.7470894941603,595.886542094668,16.8777492398075
2021-10-04,427190,1121,330298,699,96892,422,364070,789,2284974,1476,2649044,2265,22,5455,-889,13743,1988,407992,13,12128,5474,"East TN",2455501,315.373522552017,0.176595206475685,92.2418683600618,45.6525979830593,559.682117824428,17.6595206475685
2021-10-05,428196,1006,330882,584,97314,422,364738,668,2286501,1527,2651239,2195,17,5472,-709,13034,1698,409690,12,12140,5486,"East TN",2455501,303.563305410994,0.183928449511845,89.3911262915389,40.9692360133431,530.80817315896,18.3928449511845
2021-10-06,428715,519,331267,385,97448,134,365195,457,2288120,1619,2653315,2076,18,5490,-863,12171,1364,411054,3,12143,5488,"East TN",2455501,256.240987073514,0.190304843535215,84.54486477505,21.1362161937625,495.662595942742,19.0304843535215
