"DATE","TOTAL_CASES","NEW_CASES","TOTAL_CONFIRMED","NEW_CONFIRMED","TOTAL_PROBABLE","NEW_PROBABLE","POS_TESTS","NEW_POS_TESTS","NEG_TESTS","NEW_NEG_TESTS","TOTAL_TESTS","NEW_TESTS","NEW_DEATHS","TOTAL_DEATHS","NEW_ACTIVE","TOTAL_ACTIVE","NEW_INACTIVE_RECOVERED","TOTAL_INACTIVE_RECOVERED","NEW_HOSPITALIZED","TOTAL_HOSPITALIZED","TOTAL_DEATHS_BY_DOD","Region","Population","New_cases_per_100k_per_week","PositivityRate_per_week","Tests_per_100k","New_cases_per_100k","Active_cases_per_100k","PositivityPercentage_per_week"
2021-12-14,82609,95,65306,56,17303,39,71244,60,479548,811,550792,871,3,990,-57,1082,149,80537,1,2170,990,"Knox County",470313,NA,NA,185.195816403119,20.1993140738189,230.059556082864,NA
2021-12-13,82514,112,65250,72,17264,40,71184,79,478737,627,549921,706,4,987,-46,1139,154,80388,3,2169,988,"Knox County",470313,NA,NA,150.112797222275,23.8139281712392,242.179144527155,NA
2021-12-12,82402,54,65178,30,17224,24,71105,40,478110,493,549215,533,6,983,-38,1185,86,80234,5,2166,988,"Knox County",470313,NA,NA,113.328783172058,11.481715368276,251.959865026057,NA
2021-12-11,82348,65,65148,44,17200,21,71065,50,477617,541,548682,591,0,977,-22,1223,87,80148,1,2161,987,"Knox County",470313,NA,NA,125.660995975021,13.8205833136656,260.039590655585,NA
2021-12-10,82283,84,65104,46,17179,38,71015,57,477076,856,548091,913,0,977,-13,1245,97,80061,3,2160,984,"Knox County",470313,NA,NA,194.126039467333,17.8604461284294,264.717326546364,NA
2021-12-09,82199,167,65058,94,17141,73,70958,106,476220,1017,547178,1123,3,977,101,1258,63,79964,2,2157,983,"Knox County",470313,NA,NA,238.777154788407,35.508267898187,267.481443209097,NA
2021-12-08,82032,129,64964,59,17068,70,70852,65,475203,751,546055,816,1,974,29,1157,99,79901,7,2155,982,"Knox County",470313,150.112797222275,0.0822978570142265,173.501476676171,27.4285422686594,246.006382983247,8.22978570142265
2021-12-07,81903,126,64905,67,16998,59,70787,76,474452,630,545239,706,2,973,16,1128,108,79802,2,2148,981,"Knox County",470313,156.7041523411,0.0877876763177431,150.112797222275,26.790669192644,239.840276581766,8.77876763177431
2021-12-06,81777,148,64838,106,16939,42,70711,115,473822,759,544533,874,8,971,37,1112,103,79694,4,2146,981,"Knox County",470313,164.358629253285,0.0916126709863211,185.833689479134,31.4684050834232,236.438286843017,9.16126709863211
2021-12-05,81629,43,64732,28,16897,15,70596,33,473063,342,543659,375,2,963,-21,1075,62,79591,1,2142,978,"Knox County",470313,162.019761307895,0.0929974064468322,79.7341345019168,9.14284742288646,228.571185572162,9.29974064468322
2021-12-04,81586,69,64704,49,16882,20,70563,55,472721,499,543284,554,0,961,15,1096,54,79529,3,2141,978,"Knox County",470313,162.870258742582,0.0945719082260772,117.793894704165,14.6710807483527,233.036297104269,9.45719082260772
2021-12-03,81517,147,64655,103,16862,44,70508,108,472222,1009,542730,1117,3,961,61,1081,83,79475,2,2138,977,"Knox County",470313,176.265593338904,0.100269541778976,237.501408636376,31.2557807247514,229.846931724192,10.0269541778976
2021-12-02,81370,133,64552,84,16818,49,70400,85,471213,794,541613,879,0,958,31,1020,102,79392,4,2136,975,"Knox County",470313,169.036365144064,0.100920879533922,186.896811272493,28.2790397033465,216.876845845214,10.0920879533922
2021-12-01,81237,186,64468,141,16769,45,70315,147,470419,1009,540734,1156,4,958,92,989,90,79290,6,2132,973,"Knox County",470313,181.155953588355,0.109344638756403,245.793758624576,39.5481307129507,210.285490726389,10.9344638756403
2021-11-30,81051,116,64327,65,16724,51,70168,68,469410,693,539578,761,3,954,19,897,94,79200,5,2126,972,"Knox County",470313,179.029710001637,0.106892932120364,161.807136949223,24.6644256059263,190.724049728585,10.6892932120364
2021-11-29,80935,165,64262,128,16673,37,70100,139,468717,967,538817,1106,2,951,75,878,88,79106,4,2121,970,"Knox County",470313,182.644324099057,0.106758574310693,235.162540690987,35.0830191808434,186.684186913821,10.6758574310693
2021-11-28,80770,33,64134,22,16636,11,69961,22,467750,270,537711,292,3,949,-20,803,50,79018,5,2117,969,"Knox County",470313,180.51808051234,0.106393861892583,62.0863127321592,7.01660383616868,170.737360013438,10.6393861892583
2021-11-27,80737,59,64112,30,16625,29,69939,32,467480,266,537419,298,0,946,-3,823,62,78968,1,2112,968,"Knox County",470313,178.391836925622,0.107149224460688,63.3620588841899,12.5448371616349,174.989847186873,10.7149224460688
2021-11-26,80678,20,64082,18,16596,2,69907,20,467214,298,537121,318,0,946,-45,826,65,78906,3,2111,966,"Knox County",470313,151.388543374306,0.106652806652807,67.6145460576254,4.25248717343556,175.627720262889,10.6652806652807
2021-11-25,80658,53,64064,26,16594,27,69887,29,466916,331,536803,360,0,946,-15,871,68,78841,3,2108,966,"Knox County",470313,134.378594680564,0.106501980890235,76.5447691218401,11.2690910096042,185.195816403119,10.6501980890235
2021-11-24,80605,105,64038,66,16567,39,69858,73,466585,742,536443,815,0,946,19,886,86,78773,3,2105,963,"Knox County",470313,117.15602162815,0.0969620253164557,173.288852317499,22.3255576605367,188.385181783195,9.69620253164557
2021-11-23,80500,99,63972,63,16528,36,69785,65,465843,674,535628,739,0,946,37,867,62,78687,2,2102,960,"Knox County",470313,113.54140753073,0.0967413441955193,157.129401058444,21.049811508506,184.345318968432,9.67413441955193
2021-11-22,80401,107,63909,82,16492,25,69720,82,465169,740,534889,822,0,946,38,830,69,78625,3,2100,960,"Knox County",470313,101.209194727766,0.0886388583973655,174.777222828202,22.7508063778803,176.478217697576,8.86388583973655
2021-11-21,80294,44,63827,32,16467,12,69638,37,464429,284,534067,321,0,946,-9,792,53,78556,2,2097,960,"Knox County",470313,103.548062673156,0.0920228695888919,68.2524191336408,9.35547178155824,168.398492068048,9.20228695888919
2021-11-20,80250,54,63795,37,16455,17,69601,44,464145,537,533746,581,0,946,14,801,40,78503,1,2095,959,"Knox County",470313,102.484940879797,0.0884732052578362,123.534752388303,11.481715368276,170.312111296094,8.84732052578362
2021-11-19,80196,112,63758,83,16438,29,69557,81,463608,825,533165,906,0,946,62,787,50,78463,0,2094,959,"Knox County",470313,122.046381877601,0.0904489436619718,192.637668956631,23.8139281712392,167.335370274689,9.04489436619718
2021-11-18,80084,80,63675,43,16409,37,69476,49,462783,937,532259,986,3,946,18,725,59,78413,2,2094,959,"Knox County",470313,127.787239561739,0.0833655705996132,209.647617650373,17.0099486937423,154.152660037039,8.33655705996132
2021-11-17,80004,105,63632,64,16372,41,69427,66,461846,834,531273,900,0,943,46,707,59,78354,1,2092,959,"Knox County",470313,127.787239561739,0.0806850618458611,191.3619228046,22.3255576605367,150.325421580947,8.06850618458611
2021-11-16,79899,73,63568,50,16331,23,69361,67,461012,777,530373,844,0,943,8,661,65,78295,2,2091,959,"Knox County",470313,122.259006236272,0.0794776119402985,179.454958718981,15.5215781830398,140.544701082045,7.94776119402985
2021-11-15,79826,84,63518,43,16308,41,69294,34,460235,460,529529,494,3,943,21,653,60,78230,0,2089,958,"Knox County",470313,117.368645986822,0.0751192368839428,105.036433183858,17.8604461284294,138.843706212671,7.51192368839428
2021-11-14,79742,72,63475,62,16267,10,69260,68,459775,624,529035,692,0,940,16,632,56,78170,1,2089,958,"Knox County",470313,123.322128029631,0.0756986859152323,147.13605620087,15.308953824368,134.378594680564,7.56986859152323
2021-11-13,79670,29,63413,12,16257,17,69192,12,459151,317,528343,329,0,940,-14,616,43,78114,2,2088,956,"Knox County",470313,118.006519062837,0.0731896719083673,69.953414003015,6.16610640148157,130.976604941815,7.31896719083673
2021-11-12,79641,66,63401,49,16240,17,69180,51,458834,687,528014,738,0,940,17,630,49,78071,4,2086,956,"Knox County",470313,108.225798563935,0.0696367650010034,156.916776699772,14.0332076723374,133.95334596322,6.96367650010034
2021-11-11,79575,68,63352,46,16223,22,69129,54,458147,962,527276,1016,0,940,-2,613,70,78022,0,2082,955,"Knox County",470313,105.674306259874,0.0702174346698584,216.026348410527,14.4584563896809,130.3387318658,7.02174346698584
2021-11-10,79507,75,63306,51,16201,24,69075,70,457185,855,526260,925,1,940,7,615,67,77952,2,2082,955,"Knox County",470313,99.2955754997204,0.0706629614926558,196.677531771395,15.9468269003834,130.763980583144,7.06629614926558
2021-11-09,79432,106,63255,76,16177,30,69005,134,456330,1174,525335,1308,1,939,33,608,72,77885,1,2080,955,"Knox County",470313,106.312179335889,0.0768811341330425,278.112661142686,22.5381820192085,129.275610072441,7.68811341330425
2021-11-08,79326,78,63179,58,16147,20,68871,70,455156,687,524027,757,6,938,-10,575,82,77813,1,2079,954,"Knox County",470313,105.036433183858,0.0796183868169991,160.956639514536,16.5846999763987,122.259006236272,7.96183868169991
2021-11-07,79248,31,63121,20,16127,11,68801,23,454469,390,523270,413,0,932,-20,585,51,77731,1,2078,952,"Knox County",470313,96.3188344783155,0.0754648195406489,87.8138601314444,6.59135511882512,124.38524982299,7.54648195406489
2021-11-06,79217,41,63101,27,16116,14,68778,30,454079,453,522857,483,0,932,-2,605,43,77680,2,2077,949,"Knox County",470313,98.8703267823768,0.0765957446808511,102.697565238469,8.7175987055429,128.637736996426,7.65957446808511
2021-11-05,79176,52,63074,32,16102,20,68748,36,453626,605,522374,641,0,932,-27,607,79,77637,2,2075,948,"Knox County",470313,95.8935857609719,0.0752300198448494,136.29221390861,11.0564666509325,129.062985713769,7.52300198448494
2021-11-04,79124,68,63042,45,16082,23,68712,49,453021,668,521733,717,0,932,-1,634,69,77558,1,2073,948,"Knox County",470313,95.8935857609719,0.0785659801678108,152.451665167665,14.4584563896809,134.803843397907,7.85659801678108
2021-11-03,79056,80,62997,60,16059,20,68663,66,452353,969,521016,1035,0,932,-1,635,81,77489,2,2072,947,"Knox County",470313,96.9567075543308,0.0762047067613,220.06621122529,17.0099486937423,135.016467756579,7.62047067613
2021-11-02,78976,41,62937,19,16039,22,68597,22,451384,301,519981,323,4,932,-52,636,89,77408,1,2070,947,"Knox County",470313,83.1361242406653,0.0677500572213321,68.6776678509843,8.7175987055429,135.229092115251,6.77500572213321
2021-11-01,78935,95,62918,71,16017,24,68575,83,451083,661,519658,744,1,928,-19,688,113,77319,3,2069,945,"Knox County",470313,86.7507383380855,0.0709366391184573,158.192522851803,20.1993140738189,146.285558766183,7.09366391184573
2021-10-31,78840,26,62847,19,15993,7,68492,19,450422,278,518914,297,0,927,-44,707,70,77206,1,2066,944,"Knox County",470313,85.6876165447266,0.0719339622641509,63.1494345255181,5.52823332546623,150.325421580947,7.19339622641509
2021-10-30,78814,56,62828,40,15986,16,68473,43,450144,522,518617,565,0,927,-23,751,79,77136,4,2065,944,"Knox County",470313,88.8769819248033,0.0735770476631189,120.132762649555,11.9069640856196,159.680893362505,7.35770476631189
2021-10-29,78758,73,62788,59,15970,14,68430,66,449622,846,518052,912,1,927,-37,774,109,77057,1,2061,944,"Knox County",470313,93.3420934569106,0.0757674722403658,193.913415108662,15.5215781830398,164.571253611956,7.57674722403658
2021-10-28,78685,54,62729,32,15956,22,68364,39,448776,561,517140,600,4,926,-53,811,103,76948,3,2060,943,"Knox County",470313,90.3653524355057,0.0755138516532618,127.574615203067,11.481715368276,172.438354882812,7.55138516532618
2021-10-27,78631,88,62697,56,15934,32,68325,65,448215,759,516540,824,1,922,-33,864,120,76845,3,2057,941,"Knox County",470313,92.0663473048799,0.0790152403282532,175.202471545545,18.7109435631165,183.707445892416,7.90152403282532
2021-10-26,78543,97,62641,57,15902,40,68260,55,447456,554,515716,609,0,921,-17,897,114,76725,5,2054,938,"Knox County",470313,103.9733113905,0.0813008130081301,129.488234431113,20.6245627911625,190.724049728585,8.13008130081301
2021-10-25,78446,71,62584,47,15862,24,68205,54,446902,491,515107,545,6,921,-72,914,137,76611,3,2049,937,"Knox County",470313,98.8703267823768,0.0783547794117647,115.880275476119,15.0963294656962,194.338663826005,7.83547794117647
2021-10-24,78375,38,62537,20,15838,18,68151,23,446411,337,514562,360,1,915,-71,986,108,76474,5,2046,936,"Knox County",470313,101.421819086438,0.0781426953567384,76.5447691218401,8.07972562952757,209.647617650373,7.81426953567384
2021-10-23,78337,59,62517,40,15820,19,68128,42,446074,471,514202,513,0,914,-16,1057,75,76366,1,2041,934,"Knox County",470313,102.059692162454,0.0788448315379326,109.076295998622,12.5448371616349,224.74394711607,7.88448315379326
2021-10-22,78278,90,62477,53,15801,37,68086,55,445603,551,513689,606,0,914,-69,1073,159,76291,2,2040,932,"Knox County",470313,105.674306259874,0.0820803549420754,128.850361355098,19.13619228046,228.145936854818,8.20803549420754
2021-10-21,78188,124,62424,71,15764,53,68031,78,445052,712,513083,790,3,914,-22,1142,143,76132,2,2038,930,"Knox County",470313,120.558011366898,0.0875912408759124,167.973243350705,26.3654204753005,242.817017603171,8.75912408759124
2021-10-20,78064,149,62353,83,15711,66,67953,90,444340,959,512293,1049,3,911,-47,1164,193,75989,3,2036,929,"Knox County",470313,133.528097245877,0.0887745974955277,223.042952246695,31.6810294420949,247.49475349395,8.87745974955277
2021-10-19,77915,131,62270,85,15645,46,67863,92,443381,724,511244,816,4,908,-40,1211,167,75796,4,2033,928,"Knox County",470313,140.757325440717,0.0927548621500321,173.501476676171,27.8537909860029,257.488098351523,9.27548621500321
2021-10-18,77784,121,62185,90,15599,31,67771,106,442657,607,510428,713,9,904,-74,1251,186,75629,8,2029,926,"Knox County",470313,151.388543374306,0.100268207138436,151.601167732978,25.7275473992852,265.993072698394,10.0268207138436
2021-10-17,77663,62,62095,55,15568,7,67665,60,442050,303,509715,363,1,895,-66,1325,127,75443,4,2021,924,"Knox County",470313,156.491527982429,0.107835051546392,77.1826421978555,13.1827102376502,281.727275240106,10.7835051546392
2021-10-16,77601,55,62040,41,15561,14,67605,44,441747,372,509352,416,0,894,-83,1391,138,75316,1,2017,923,"Knox County",470313,155.641030547742,0.110456553755523,88.4517332074597,11.6943397269478,295.760482912443,11.0456553755523
2021-10-15,77546,125,61999,88,15547,37,67561,100,441375,794,508936,894,9,894,-68,1474,184,75178,5,2016,919,"Knox County",470313,163.082883101254,0.113072803015275,190.08617665257,26.5780448339723,313.408304682201,11.3072803015275
2021-10-14,77421,193,61911,134,15510,59,67461,144,440581,699,508042,843,0,885,9,1542,184,74994,7,2011,917,"Knox County",470313,177.753963849607,0.124852767962309,179.242334360309,41.0365012236532,327.866761071882,12.4852767962309
2021-10-13,77228,121,61777,87,15451,34,67317,99,439882,764,507199,863,7,885,-78,1533,192,74810,5,2004,913,"Knox County",470313,171.800481806797,0.131418092909535,183.494821533745,25.7275473992852,325.953141843836,13.1418092909535
2021-10-12,77107,136,61690,104,15417,32,67218,109,439118,821,506336,930,4,878,-82,1611,214,74618,3,1999,912,"Knox County",470313,172.863603600156,0.131819992035046,197.740653564754,28.9169127793618,342.537841820235,13.1819992035046
2021-10-11,76971,193,61586,136,15385,57,67109,149,438297,581,505406,730,3,874,-88,1693,278,74404,11,1996,906,"Knox County",470313,188.172557424524,0.139908712046041,155.215781830398,41.0365012236532,359.97303923132,13.9908712046041
2021-10-10,76778,54,61450,41,15328,13,66960,51,437716,489,504676,540,0,871,-89,1781,143,74126,4,1985,905,"Knox County",470313,186.471562555149,0.133435582822086,114.81715368276,11.481715368276,378.683982794437,13.3435582822086
2021-10-09,76724,66,61409,37,15315,29,66909,48,437227,490,504136,538,0,871,-66,1870,132,73983,7,1981,903,"Knox County",470313,188.810430500539,0.131135256650431,114.391904965417,14.0332076723374,397.607550716225,13.1135256650431
2021-10-08,76658,289,61372,113,15286,176,66861,123,436737,936,503598,1059,-1,871,76,1936,214,73851,5,1974,901,"Knox County",470313,223.680825322711,0.131382882064329,225.169195833413,61.4484396561439,411.640758388563,13.1382882064329
2021-10-07,76369,259,61259,170,15110,89,66738,176,435801,1106,502539,1282,6,872,-10,1860,263,73637,9,1969,898,"Knox County",470313,237.714032995048,0.127061595422417,272.58442781722,55.0697088959905,395.481307129507,12.7061595422417
2021-10-06,76110,139,61089,103,15021,36,66562,112,434695,835,501257,947,1,866,-120,1870,258,73374,4,1960,897,"Knox County",470313,241.54127145114,0.12744772651842,201.355267662174,29.5547858553772,397.607550716225,12.744772651842
2021-10-05,75971,210,60986,118,14985,92,66450,138,433860,915,500310,1053,3,865,-73,1990,280,73116,4,1956,892,"Knox County",470313,257.275473992852,0.129614571475037,223.893449681382,44.6511153210734,423.122473756839,12.9614571475037
2021-10-04,75761,317,60868,225,14893,92,66312,246,432945,829,499257,1075,3,862,-15,2063,329,72836,4,1952,889,"Knox County",470313,283.640894468152,0.137665537419156,228.571185572162,67.4019216989537,438.644051939878,13.7665537419156
2021-10-03,75444,102,60643,93,14801,9,66066,107,432116,678,498182,785,1,859,-66,2078,167,72507,6,1948,888,"Knox County",470313,293.846863684397,0.140970470396201,166.910121557346,21.6876845845214,441.833417319955,14.0970470396201
2021-10-02,75342,67,60550,43,14792,24,65959,50,431438,472,497397,522,5,858,-144,2144,206,72340,2,1942,887,"Knox County",470313,294.059488043069,0.141603450840399,110.989915226668,14.2458320310091,455.866624992292,14.1603450840399
2021-10-01,75275,225,60507,151,14768,74,65909,167,430966,965,496875,1132,0,853,-77,2288,302,72134,9,1940,885,"Knox County",470313,280.451529088075,0.146556798116539,240.690774016453,47.8404807011501,486.484532641028,14.6556798116539
2021-09-30,75050,240,60356,166,14694,74,65742,186,430001,1104,495743,1290,1,853,-111,2365,350,71832,8,1931,883,"Knox County",470313,276.411666273312,0.147854203409759,274.285422686594,51.0298460812268,502.856608258755,14.7854203409759
2021-09-29,74810,361,60190,170,14620,191,65556,192,428897,1111,494453,1303,6,852,-98,2476,453,71482,7,1923,881,"Knox County",470313,323.614273898446,0.151675977653631,277.049539349327,76.7573934805119,526.457912071323,15.1675977653631
2021-09-28,74449,348,60020,248,14429,100,65364,270,427786,778,493150,1048,2,846,-75,2574,421,71029,1,1916,878,"Knox County",470313,352.956435395152,0.170230607966457,222.830327888024,73.9932768177788,547.295099221157,17.0230607966457
2021-09-27,74101,239,59772,162,14329,77,65094,186,427008,760,492102,946,7,844,-303,2649,535,70608,12,1915,876,"Knox County",470313,336.371735418753,0.164816396242528,201.142643303502,50.817221722555,563.24192612154,16.4816396242528
2021-09-26,73862,124,59610,99,14252,25,64908,117,426248,703,491156,820,2,837,-143,2952,265,70073,1,1903,870,"Knox County",470313,341.049471309532,0.165415663503753,174.351974110858,26.3654204753005,627.667106799089,16.5415663503753
2021-09-25,73738,110,59511,90,14227,20,64791,102,425545,705,490336,807,0,835,-179,3095,289,69808,3,1902,866,"Knox County",470313,350.192318732419,0.166076776476994,171.587857448125,23.3886794538956,658.072390089153,16.6076776476994
2021-09-24,73628,244,59421,165,14207,79,64689,182,424840,939,489529,1121,13,835,-235,3274,466,69519,5,1899,861,"Knox County",470313,354.232181547182,0.168370824812543,238.351906071063,51.8803435159139,696.132150291402,16.8370824812543
2021-09-23,73384,355,59256,245,14128,110,64507,268,423901,1371,488408,1639,14,822,-220,3509,561,69053,8,1894,858,"Knox County",470313,378.683982794437,0.171395106715252,348.491323863044,75.4816473284812,746.09887457927,17.1395106715252
2021-09-22,73029,251,59011,187,14018,64,64239,202,422530,1261,486769,1463,3,808,-329,3729,577,68492,4,1886,855,"Knox County",470313,355.295303340541,0.169173890872004,311.069436736811,53.3687140266163,792.876233487061,16.9173890872004
2021-09-21,72778,397,58824,216,13954,181,64037,230,421269,996,485306,1226,10,805,-352,4058,739,67915,7,1882,847,"Knox County",470313,365.713896915458,0.160433807030666,260.6774637316,84.4118703926959,862.829647490076,16.0433807030666
2021-09-20,72381,432,58608,310,13773,122,63807,343,420273,1295,484080,1638,5,795,114,4410,313,67176,9,1875,843,"Knox County",470313,406.750398139112,0.165710351159054,348.278699504373,91.8537229462082,937.673421742542,16.5710351159054
2021-09-19,71949,120,58298,87,13651,33,63464,97,418978,432,482442,529,1,790,-176,4296,295,66863,7,1866,836,"Knox County",470313,405.899900704425,0.169060904665796,112.478285737371,25.5149230406134,913.434244853959,16.9060904665796
2021-09-18,71829,226,58211,183,13618,43,63367,197,418546,1075,481913,1272,0,789,-108,4472,334,66568,7,1859,828,"Knox County",470313,430.564326310351,0.170904590459046,270.458184230502,48.0531050598219,950.856131980192,17.0904590459046
2021-09-17,71603,547,58028,422,13575,125,63170,449,417471,1310,480641,1759,5,789,4,4580,538,66234,12,1852,816,"Knox County",470313,494.9895069879,0.187486878018056,374.006246903658,116.305524193463,973.819562716744,18.7486878018056
2021-09-16,71056,588,57606,456,13450,132,62721,487,416161,1518,478882,2005,7,784,9,4576,572,65696,16,1840,811,"Knox County",470313,544.530982558424,0.202689041649818,426.311839136915,125.023122899006,972.969065282057,20.2689041649818
2021-09-15,70468,338,57150,249,13318,89,62234,267,414643,808,476877,1075,6,777,-309,4567,641,65124,5,1824,809,"Knox County",470313,563.029301762869,0.21780303030303,228.571185572162,71.867033231061,971.055446054011,21.780303030303
2021-09-14,70130,556,56901,443,13229,113,61967,476,413835,1406,475802,1882,12,771,-159,4876,703,64483,8,1819,805,"Knox County",470313,596.836574791681,0.227952755905512,400.159043020287,118.219143421509,1036.75637288359,22.7952755905512
2021-09-13,69574,399,56458,299,13116,100,61491,333,412429,1134,473920,1467,20,759,-436,5035,815,63780,15,1811,802,"Knox County",470313,589.819970955513,0.230853939333267,311.919934171499,84.8371191100395,1070.5636459124,23.0853939333267
2021-09-12,69175,387,56159,358,13016,29,61158,376,411295,1460,472453,1836,0,739,79,5471,308,62965,5,1796,794,"Knox County",470313,646.590674720877,0.228842067988669,390.378322521385,82.2856268059781,1163.2678662933,22.8842067988669
2021-09-11,68788,866,55801,707,12987,159,60782,763,409835,2621,470617,3384,4,739,499,5392,363,62657,26,1791,786,"Knox County",470313,782.670264270815,0.235008949880668,719.520829745297,184.13269460976,1146.47054195823,23.5008949880668
2021-09-10,67922,1023,55094,745,12828,278,60019,800,407214,2513,467233,3313,1,735,478,4893,544,62294,24,1765,776,"Knox County",470313,883.879458998582,0.234059617698169,704.424500279601,217.514718921229,1040.37098698101,23.4059617698169
2021-09-09,66899,310,54349,167,12550,143,59219,173,404701,685,463920,858,1,734,-371,4415,680,61750,17,1741,769,"Knox County",470313,824.769887287827,0.230763662685487,182.431699740386,65.9135511882512,938.736543535901,23.0763662685487
2021-09-08,66589,290,54182,226,12407,64,59046,250,404016,837,463062,1087,5,733,-407,4786,692,61070,11,1724,764,"Knox County",470313,814.563918071582,0.229333911911478,231.122677876223,61.6610640148157,1017.62018060313,22.9333911911478
2021-09-07,66299,415,53956,299,12343,116,58796,311,403179,979,461975,1290,3,728,-220,5193,632,60378,13,1713,758,"Knox County",470313,784.583883498861,0.227125047223272,274.285422686594,88.2391088487879,1104.15829458254,22.7125047223272
2021-09-06,65884,991,53657,791,12227,200,58485,844,402200,3221,460685,4065,1,725,341,5413,649,59746,20,1700,757,"Knox County",470313,910.457503832554,0.222130992231415,864.318018000778,210.710739443732,1150.93565349034,22.2130992231415
2021-09-05,64893,969,52866,799,12027,170,57641,834,398979,2999,456620,3833,2,724,623,5072,344,59097,15,1680,754,"Knox County",470313,1034.20488057953,0.222938867077958,814.989166788926,206.033003552953,1078.43074718326,22.2938867077958
2021-09-04,63924,543,52067,389,11857,154,56807,408,395980,1502,452787,1910,2,722,224,4449,317,58753,10,1665,749,"Knox County",470313,965.527212728545,0.221325507459036,406.112525063096,115.455026758776,945.965771730741,22.1325507459036
2021-09-03,63381,334,51678,238,11703,96,56399,249,394478,909,450877,1158,5,720,-155,4225,484,58436,8,1655,745,"Knox County",470313,819.029029603689,0.216111541440744,246.219007341919,71.0165357963739,898.337915388263,21.6111541440744
2021-09-02,63047,323,51440,180,11607,143,56150,200,393569,681,449719,881,3,715,-158,4380,478,57952,5,1647,741,"Knox County",470313,821.793146266423,0.217660292463442,187.322059989837,68.6776678509843,931.294690982388,21.7660292463442
2021-09-01,62724,276,51260,211,11464,65,55950,226,392888,645,448838,871,3,712,-119,4538,392,57474,2,1642,738,"Knox County",470313,818.816405245018,0.219303255282696,185.195816403119,58.6843229934108,964.889339652529,21.9303255282696
2021-08-31,62448,596,51049,433,11399,163,55724,479,392243,1894,447967,2373,2,709,190,4657,404,57082,8,1640,736,"Knox County",470313,857.30141416461,0.214697501822278,504.55760312813,126.72411776838,990.191638334471,21.4697501822278
2021-08-30,61852,513,50616,403,11236,110,55245,430,390349,1630,445594,2060,9,707,96,4467,408,56678,12,1632,732,"Knox County",470313,755.6669707195,0.21595598349381,438.006178863863,109.076295998622,949.793010186833,21.595598349381
2021-08-29,61339,483,50213,407,11126,76,54815,439,388719,1485,443534,1924,1,698,257,4371,225,56270,5,1620,726,"Knox County",470313,652.331532405015,0.217500223673615,409.089266084501,102.697565238469,929.381071754342,21.7500223673615
2021-08-28,60856,398,49806,301,11050,97,54376,320,387234,1065,441610,1385,0,697,192,4114,206,56045,4,1615,720,"Knox County",470313,621.501000397608,0.219958693203154,294.484736760413,84.6244947513677,874.736611575695,21.9958693203154
2021-08-27,60458,472,49505,373,10953,99,54056,390,386169,1166,440225,1556,5,697,194,3922,273,55839,5,1611,717,"Knox County",470313,650.843161894313,0.224796380090498,330.843502093287,100.358697293079,833.912734710714,22.4796380090498
2021-08-26,59986,449,49132,347,10854,102,53666,368,385003,1426,438669,1794,5,692,154,3728,290,55566,0,1606,716,"Knox County",470313,677.633831086957,0.221683524199615,381.44809945717,95.4683370436284,792.663609128389,22.1683524199615
2021-08-25,59537,351,48785,224,10752,127,53298,238,383577,642,436875,880,2,687,91,3574,258,55276,4,1606,712,"Knox County",470313,693.58065798734,0.222519211493485,187.109435631165,74.6311498937941,759.919457892935,22.2519211493485
2021-08-24,59186,342,48561,222,10625,120,53060,237,382935,677,435995,914,4,685,77,3483,261,55018,5,1602,703,"Knox County",470313,639.574070884709,0.230381432512128,194.338663826005,72.7175306657481,740.570641253803,23.0381432512128
2021-08-23,58844,287,48339,206,10505,81,52823,227,382258,825,435081,1052,1,681,30,3406,256,54757,1,1597,703,"Knox County",470313,591.520965824887,0.233456075749605,223.680825322711,61.0231909388003,724.198565636076,23.3456075749605
2021-08-22,58557,240,48133,217,10424,23,52596,233,381433,889,434029,1122,2,680,70,3376,168,54501,0,1596,700,"Knox County",470313,539.853246667645,0.231299551878663,238.564530429735,51.0298460812268,717.819834875923,23.1299551878663
2021-08-21,58317,496,47916,373,10401,123,52363,411,380544,1905,432907,2316,0,678,381,3306,115,54333,8,1596,698,"Knox County",470313,560.690433817479,0.218393190782645,492.438014683838,105.461681901202,702.936129768899,21.8393190782645
2021-08-20,57821,424,47543,331,10278,93,51952,357,378639,1148,430591,1505,0,678,231,2925,193,54218,6,1588,695,"Knox County",470313,550.484464601234,0.216111864760513,319.999659801026,90.1527280768339,621.926249114951,21.6111864760513
2021-08-19,57397,368,47212,253,10185,115,51595,264,377491,952,429086,1216,1,678,204,2694,163,54025,6,1582,692,"Knox County",470313,533.26189154882,0.218434203220433,258.551220144882,78.2457639912144,572.81002226177,21.8434203220433
2021-08-18,57029,263,46959,191,10070,72,51331,200,376539,914,427870,1114,2,677,97,2490,164,53862,5,1576,692,"Knox County",470313,514.550947985703,0.208788829959952,236.863535560361,55.9202063306777,529.434653092728,20.8788829959952
2021-08-17,56766,263,46768,180,9998,83,51131,197,375625,1042,426756,1239,0,675,102,2393,161,53698,5,1571,692,"Knox County",470313,497.753623650633,0.197511501463823,263.441580394333,55.9202063306777,508.810090301565,19.7511501463823
2021-08-16,56503,185,46588,126,9915,59,50934,132,374583,422,425517,554,2,675,-25,2291,208,53537,5,1566,689,"Knox County",470313,476.065939066111,0.197882197220384,117.793894704165,39.335506354279,487.122405717044,19.7882197220384
2021-08-15,56318,204,46462,181,9856,23,50802,198,374161,953,424963,1151,3,673,80,2316,121,53329,6,1561,689,"Knox County",470313,468.411462153927,0.193402968664101,244.730636831217,43.3753691690427,492.438014683838,19.3402968664101
2021-08-14,56114,219,46281,147,9833,72,50604,154,373208,794,423812,948,0,670,96,2236,123,53208,4,1555,688,"Knox County",470313,409.514514801845,0.194383331176394,201.567892020846,46.5647345491194,475.428065990096,19.4383331176394
2021-08-13,55895,266,46134,205,9761,61,50450,220,372414,1470,422864,1690,1,670,124,2140,141,53085,5,1551,686,"Knox County",470313,375.919866131704,0.172522750252781,359.335166155305,56.558079406693,455.016127557605,17.2522750252781
2021-08-12,55629,222,45929,145,9700,77,50230,153,370944,643,421174,796,2,669,82,2016,138,52944,7,1546,683,"Knox County",470313,344.876709765624,0.167378537106247,169.248989502735,47.2026076251348,428.650707082305,16.7378537106247
2021-08-11,55407,316,45784,238,9623,78,50077,248,370301,989,420378,1237,1,667,183,1934,132,52806,10,1539,681,"Knox County",470313,356.145800775228,0.170978332239002,263.01633167699,67.1892973402819,411.215509671219,17.0978332239002
2021-08-10,55091,173,45546,109,9545,64,49829,121,369312,621,419141,742,1,666,56,1751,116,52674,2,1529,679,"Knox County",470313,337.009608494768,0.172239393087946,157.767274134459,36.7840140502176,372.305252034284,17.2239393087946
2021-08-09,54918,197,45437,159,9481,38,49708,167,368691,753,418399,920,1,665,75,1695,121,52558,4,1527,675,"Knox County",470313,339.56110079883,0.168492784607162,195.614409978036,41.8869986583403,360.398287948664,16.8492784607162
2021-08-08,54721,88,45278,66,9443,22,49541,75,367938,418,417479,493,1,664,22,1620,65,52437,4,1523,674,"Knox County",470313,314.896675192903,0.166715499560504,104.823808825187,18.7109435631165,344.451461048281,16.6715499560504
2021-08-07,54633,105,45212,75,9421,30,49466,80,367520,638,416986,718,0,663,44,1598,61,52372,2,1519,674,"Knox County",470313,290.657498304321,0.161309884778654,152.664289526337,22.3255576605367,339.773725157501,16.1309884778654
2021-08-06,54528,203,45137,147,9391,56,49386,163,366882,879,416268,1042,0,663,139,1554,64,52311,10,1517,674,"Knox County",470313,277.262163707999,0.169300605245461,221.554581735993,43.162744810371,330.418253375943,16.9300605245461
2021-08-05,54325,174,44990,131,9335,43,49223,147,366003,850,415226,997,2,663,102,1415,70,52247,4,1507,673,"Knox County",470313,267.056194491753,0.162790697674419,211.986485595763,36.9966384088894,300.863467520566,16.2790697674419
2021-08-04,54151,144,44859,101,9292,43,49076,105,365153,656,414229,761,1,661,70,1313,73,52177,4,1503,671,"Knox County",470313,230.484804800208,0.151242728714966,161.807136949223,30.6179076487361,279.175782936045,15.1242728714966
2021-08-03,54007,238,44758,177,9249,61,48971,183,364497,814,413468,997,0,660,161,1243,77,52104,5,1499,670,"Knox County",470313,244.305388113873,0.155195681511471,211.986485595763,50.6045973638832,264.29207782902,15.5195681511471
2021-08-02,53769,97,44581,75,9188,22,48788,82,363683,532,412471,614,2,660,-3,1082,98,52027,3,1494,668,"Knox County",470313,223.042952246695,0.148523657061544,130.551356224472,20.6245627911625,230.059556082864,14.8523657061544
2021-08-01,53672,107,44506,91,9166,16,48706,99,363151,526,411857,625,0,658,63,1085,44,51929,2,1491,668,"Knox County",470313,227.082815061459,0.14928745220716,132.890224169861,22.7508063778803,230.697429158879,14.928745220716
2021-07-31,53565,104,44415,64,9150,40,48607,68,362625,399,411232,467,1,658,46,1022,57,51885,6,1489,666,"Knox County",470313,226.870190702787,0.153916045793204,99.2955754997204,22.1129333018649,217.302094562557,15.3916045793204
2021-07-30,53461,118,44351,83,9110,35,48539,90,362226,339,410765,429,1,657,79,976,38,51828,0,1483,666,"Knox County",470313,208.797120215686,0.158282208588957,91.2158498701928,25.0896743232698,207.521374063655,15.8282208588957
2021-07-29,53343,117,44268,65,9075,52,48449,68,361887,483,410336,551,0,656,82,897,35,51790,1,1483,665,"Knox County",470313,196.677531771395,0.156390639063906,117.15602162815,24.877049964598,190.724049728585,15.6390639063906
2021-07-28,53226,131,44203,90,9023,41,48381,95,361404,536,409785,631,0,656,80,815,51,51755,4,1482,664,"Knox County",470313,193.913415108662,0.15878535002318,134.165970321892,27.8537909860029,173.288852317499,15.878535002318
2021-07-27,53095,117,44113,78,8982,39,48286,84,360868,499,409154,583,0,656,85,735,32,51704,4,1478,664,"Knox County",470313,168.185867709377,0.15025641025641,123.960001105647,24.877049964598,156.278903623757,15.025641025641
2021-07-26,52978,97,44035,73,8943,24,48202,79,360369,371,408571,450,1,656,61,650,35,51672,4,1474,664,"Knox County",470313,168.185867709377,0.156049250535332,95.6809614023002,20.6245627911625,138.205833136656,15.6049250535332
2021-07-25,52881,51,43962,43,8919,8,48123,44,359998,320,408121,364,3,655,22,589,26,51637,5,1470,664,"Knox County",470313,156.278903623757,0.151942446043165,77.3952665565272,10.8438422922607,125.235747257677,15.1942446043165
2021-07-24,52830,64,43919,42,8911,22,48079,44,359678,348,407757,392,0,652,39,567,25,51611,1,1465,663,"Knox County",470313,147.773929276886,0.148235294117647,83.348748599337,13.6079589549938,120.558011366898,14.8235294117647
2021-07-23,52766,56,43877,31,8889,25,48035,32,359330,321,407365,353,1,652,24,528,31,51586,3,1464,661,"Knox County",470313,134.591219039236,0.134175691937425,75.0563986111377,11.9069640856196,112.265661378699,13.4175691937425
2021-07-22,52710,94,43846,69,8864,25,48003,78,359009,474,407012,552,0,651,70,504,24,51555,3,1461,660,"Knox County",470313,129.700858789785,0.137142857142857,117.368645986822,19.9866897151471,107.162676770576,13.7142857142857
2021-07-21,52616,61,43777,47,8839,14,47925,46,358535,411,406460,457,1,651,33,434,27,51531,1,1458,660,"Knox County",470313,114.81715368276,0.129165344335132,97.1693319130026,12.9700858789785,92.2789716635517,12.9165344335132
2021-07-20,52555,78,43730,43,8825,35,47879,45,358124,299,406003,344,0,650,54,401,24,51504,3,1457,660,"Knox County",470313,106.524803694561,0.126373626373626,73.1427793830917,16.5846999763987,85.262367827383,12.6373626373626
2021-07-19,52477,48,43687,36,8790,12,47834,42,357825,348,405659,390,0,650,28,347,20,51480,0,1454,660,"Knox County",470313,96.1062101196437,0.116058906030856,82.9234998819935,10.2059692162454,73.780652459107,11.6058906030856
2021-07-18,52429,36,43651,30,8778,6,47792,31,357477,272,405269,303,0,650,27,319,9,51460,1,1454,660,"Knox County",470313,92.9168447395671,0.113937656753852,64.4251806775488,7.65447691218401,67.8271704162972,11.3937656753852
2021-07-17,52393,27,43621,20,8772,7,47761,21,357205,202,404966,223,0,650,12,292,15,51451,1,1453,659,"Knox County",470313,85.0497434687113,0.112509534706331,47.4152319838065,5.74085768413801,62.0863127321592,11.2509534706331
2021-07-16,52366,37,43601,21,8765,16,47740,22,357003,291,404743,313,0,650,25,280,12,51436,1,1452,659,"Knox County",470313,81.0098806539475,0.110379550735864,66.5514242642666,7.86710127085579,59.5348204280979,11.0379550735864
2021-07-15,52329,55,43580,42,8749,13,47718,44,356712,364,404430,408,-1,650,36,255,20,51424,1,1451,659,"Knox County",470313,72.7175306657481,0.102953240360952,86.7507383380855,11.6943397269478,54.2192114613034,10.2953240360952
2021-07-14,52274,21,43538,17,8736,4,47674,16,356348,269,404022,285,0,651,8,219,13,51404,2,1450,659,"Knox County",470313,64.212556318877,0.0975286849073257,60.5979422214568,4.46511153210734,46.5647345491194,9.75286849073257
2021-07-13,52253,42,43521,26,8732,16,47658,29,356079,355,403737,384,3,651,28,211,11,51391,3,1448,659,"Knox County",470313,56.558079406693,0.0888985255854293,81.6477537299628,8.93022306421468,44.8637396797452,8.88985255854293
2021-07-12,52211,27,43495,21,8716,6,47629,24,355724,270,403353,294,0,648,16,183,11,51380,1,1445,659,"Knox County",470313,52.0929678745856,0.0846153846153846,62.5115614495028,5.74085768413801,38.9102576369354,8.46153846153846
2021-07-11,52184,8,43474,3,8710,5,47605,4,355454,136,403059,140,0,648,1,167,7,51369,0,1444,658,"Knox County",470313,46.1394858317759,0.0781631656082071,29.7674102140489,1.70099486937423,35.508267898187,7.81631656082071
2021-07-10,52176,20,43471,16,8705,4,47601,16,355318,191,402919,207,0,648,12,166,8,51362,2,1444,658,"Knox County",470313,44.6511153210734,0.0763170851797144,44.0132422450581,4.25248717343556,35.2956435395152,7.63170851797144
2021-07-09,52156,27,43455,21,8701,6,47585,21,355127,338,402712,359,0,648,12,154,15,51354,0,1442,658,"Knox County",470313,42.5248717343556,0.0741454020221473,76.3321447631684,5.74085768413801,32.7441512354538,7.41454020221473
2021-07-08,52129,19,43434,14,8695,5,47564,16,354789,317,402353,333,0,648,6,142,13,51339,0,1442,657,"Knox County",470313,34.8703948221716,0.0629370629370629,70.8039114377021,4.03986281476378,30.1926589313925,6.29370629370629
2021-07-07,52110,18,43420,5,8690,13,47548,5,354472,333,402020,338,1,648,8,136,9,51326,1,1442,655,"Knox County",470313,34.2325217461563,0.0559610705596107,71.867033231061,3.82723845609201,28.9169127793618,5.59610705596107
2021-07-06,52092,24,43415,9,8677,15,47543,14,354139,263,401682,277,0,647,14,128,10,51317,2,1441,655,"Knox County",470313,30.4052832900643,0.0513347022587269,58.8969473520825,5.10298460812268,27.2159179099876,5.13347022587269
2021-07-05,52068,10,43406,7,8662,3,47529,6,353876,105,401405,111,0,647,0,114,10,51307,1,1439,655,"Knox County",470313,26.790669192644,0.0464589235127479,23.6013038125674,2.12624358671778,24.2391768885827,4.64589235127479
2021-07-04,52058,8,43399,7,8659,1,47523,7,353771,143,401294,150,0,647,0,114,8,51297,1,1438,655,"Knox County",470313,26.790669192644,0.047887323943662,31.8936538007667,1.70099486937423,24.2391768885827,4.7887323943662
2021-07-03,52050,9,43392,7,8658,2,47516,7,353628,185,401144,192,0,647,-2,114,11,51289,1,1437,655,"Knox County",470313,24.4518012472545,0.0431818181818182,40.8238768649814,1.913619228046,24.2391768885827,4.31818181818182
2021-07-02,52041,17,43385,13,8656,4,47509,17,353443,342,400952,359,-1,647,11,116,7,51278,0,1436,655,"Knox County",470313,22.3255576605367,0.0409090909090909,76.3321447631684,3.61461409742023,24.6644256059263,4.09090909090909
2021-07-01,52024,18,43372,15,8652,3,47492,17,353101,248,400593,265,-1,648,13,105,6,51271,1,1436,655,"Knox County",470313,22.1129333018649,0.0431442080378251,56.3454550480212,3.82723845609201,22.3255576605367,4.31442080378251
2021-06-30,52006,18,43357,12,8649,6,47475,11,352853,299,400328,310,0,649,9,92,9,51265,0,1435,655,"Knox County",470313,22.1129333018649,0.0474759615384615,65.9135511882512,3.82723845609201,19.5614409978036,4.74759615384615
2021-06-29,51988,21,43345,16,8643,5,47464,19,352554,438,400018,457,0,649,8,83,13,51256,1,1435,655,"Knox County",470313,21.4750602258496,0.0455531453362256,97.1693319130026,4.46511153210734,17.6478217697576,4.55531453362256
2021-06-28,51967,9,43329,2,8638,7,47445,2,352116,113,399561,115,0,649,-4,75,13,51243,0,1434,655,"Knox County",470313,21.2624358671778,0.0432900432900433,24.4518012472545,1.913619228046,15.9468269003834,4.32900432900433
2021-06-27,51958,5,43327,3,8631,2,47443,3,352003,151,399446,154,0,649,0,79,5,51230,0,1434,655,"Knox County",470313,20.6245627911625,0.041036717062635,32.7441512354538,1.06312179335889,16.7973243350705,4.1036717062635
2021-06-26,51953,3,43324,2,8629,1,47440,2,351852,206,399292,208,0,649,0,79,3,51225,0,1434,655,"Knox County",470313,19.3488166391318,0.0380085653104925,44.2258666037299,0.637873076015334,16.7973243350705,3.80085653104925
2021-06-25,51950,13,43322,9,8628,4,47438,11,351646,311,399084,322,0,649,4,79,9,51222,0,1434,655,"Knox County",470313,18.4983192044447,0.0354997269251775,68.4650434923126,2.76411666273312,16.7973243350705,3.54997269251775
2021-06-24,51937,14,43313,9,8624,5,47427,10,351335,364,398762,374,1,649,8,75,5,51213,1,1434,655,"Knox County",470313,17.6478217697576,0.0298969072164948,79.521510143245,2.97674102140489,15.9468269003834,2.98969072164948
2021-06-23,51923,13,43304,6,8619,7,47417,8,350971,282,398388,290,0,648,6,67,7,51208,0,1433,654,"Knox County",470313,16.5846999763987,0.0286458333333333,61.6610640148157,2.76411666273312,14.2458320310091,2.86458333333333
2021-06-22,51910,14,43298,5,8612,9,47409,5,350689,247,398098,252,2,648,10,61,2,51201,1,1433,653,"Knox County",470313,15.0963294656962,0.0239067055393586,53.5813383852881,2.97674102140489,12.9700858789785,2.39067055393586
2021-06-21,51896,9,43293,8,8603,1,47404,9,350442,289,397846,298,0,646,5,51,4,51199,1,1432,652,"Knox County",470313,15.0963294656962,0.0252897787144362,63.3620588841899,1.913619228046,10.8438422922607,2.52897787144363
2021-06-20,51887,3,43285,2,8602,1,47395,3,350153,161,397548,164,1,646,-2,46,4,51195,0,1431,652,"Knox County",470313,14.6710807483527,0.0251572327044025,34.8703948221716,0.637873076015334,9.7807204989018,2.51572327044025
2021-06-19,51884,3,43283,1,8601,2,47392,1,349992,191,397384,192,0,645,-3,48,6,51191,0,1431,652,"Knox County",470313,14.6710807483527,0.0248414376321353,40.8238768649814,0.637873076015334,10.2059692162454,2.48414376321353
2021-06-18,51881,5,43282,3,8599,2,47391,3,349801,283,397192,286,1,645,-7,51,11,51185,0,1431,652,"Knox County",470313,12.9700858789785,0.0210129310344828,60.8105665801286,1.06312179335889,10.8438422922607,2.10129310344828
2021-06-17,51876,12,43279,8,8597,4,47388,9,349518,515,396906,524,0,644,6,58,6,51174,0,1431,652,"Knox County",470313,12.5448371616349,0.0189431704885344,111.415163944012,2.55149230406134,12.3322128029631,1.89431704885344
2021-06-16,51864,7,43271,4,8593,3,47379,4,349003,362,396382,366,1,644,-6,52,12,51168,0,1431,651,"Knox County",470313,11.2690910096042,0.0163304514889529,77.8205152738708,1.48837051070245,11.0564666509325,1.63304514889529
2021-06-15,51857,13,43267,9,8590,4,47375,14,348641,428,396016,442,0,643,-2,58,15,51156,0,1431,651,"Knox County",470313,11.0564666509325,0.0189260563380282,93.9799665329259,2.76411666273312,12.3322128029631,1.89260563380282
2021-06-14,51844,7,43258,2,8586,5,47361,3,348213,260,395574,263,1,643,-5,60,11,51141,0,1431,651,"Knox County",470313,10.6312179335889,0.0165400089405454,55.9202063306777,1.48837051070245,12.7574615203067,1.65400089405454
2021-06-13,51837,3,43256,3,8581,0,47358,4,347953,128,395311,132,0,642,-5,65,8,51130,1,1431,651,"Knox County",470313,10.6312179335889,0.0172335600907029,28.0664153446747,0.637873076015334,13.8205833136656,1.72335600907029
2021-06-12,51834,2,43253,1,8581,1,47354,1,347825,226,395179,227,0,642,-6,70,8,51122,0,1430,651,"Knox County",470313,10.4185935749171,0.0169642857142857,48.2657294184936,0.425248717343556,14.8837051070245,1.69642857142857
2021-06-11,51832,7,43252,3,8580,4,47353,2,347599,318,394952,320,0,642,-2,76,9,51114,0,1430,650,"Knox County",470313,10.8438422922607,0.0162708883025506,68.039794774969,1.48837051070245,16.1594512590551,1.62708883025506
2021-06-10,51825,7,43249,4,8576,3,47351,5,347281,358,394632,363,0,642,-1,78,8,51105,0,1430,649,"Knox County",470313,9.7807204989018,0.0156176053005206,77.1826421978555,1.48837051070245,16.5846999763987,1.56176053005206
2021-06-09,51818,2,43245,1,8573,1,47346,1,346923,367,394269,368,1,642,-17,79,18,51097,0,1430,649,"Knox County",470313,8.7175987055429,0.0141843971631206,78.2457639912144,0.425248717343556,16.7973243350705,1.41843971631206
2021-06-08,51816,5,43244,3,8572,2,47345,4,346556,266,393901,270,1,641,-17,96,21,51079,0,1430,648,"Knox County",470313,7.01660383616868,0.0102933607822954,57.4085768413801,1.06312179335889,20.4119384324907,1.02933607822954
2021-06-07,51811,16,43241,10,8570,6,47341,10,346290,316,393631,326,0,640,-7,113,23,51058,2,1430,647,"Knox County",470313,8.93022306421468,0.0134596211365902,69.3155409269997,3.40198973874845,24.0265525299109,1.34596211365902
2021-06-06,51795,4,43231,2,8564,2,47331,2,345974,178,393305,180,0,640,-5,120,9,51035,0,1428,647,"Knox County",470313,9.14284742288646,0.0121713729308666,38.2723845609201,0.850497434687113,25.5149230406134,1.21713729308666
2021-06-05,51791,5,43229,2,8562,3,47329,3,345796,258,393125,261,0,640,-9,125,14,51026,0,1428,647,"Knox County",470313,9.7807204989018,0.0129310344827586,55.4949576133341,1.06312179335889,26.5780448339723,1.29310344827586
2021-06-04,51786,7,43227,2,8559,5,47326,3,345538,325,392864,328,1,640,-9,134,15,51012,0,1428,647,"Knox County",470313,9.7807204989018,0.0133587786259542,69.7407896443432,1.48837051070245,28.4916640620183,1.33587786259542
2021-06-03,51779,7,43225,4,8554,3,47323,6,345213,458,392536,464,0,639,-12,143,19,50997,0,1428,647,"Knox County",470313,9.7807204989018,0.0131998179335457,98.6577024237051,1.48837051070245,30.4052832900643,1.31998179335457
2021-06-02,51772,20,43221,7,8551,13,47317,6,344755,282,392072,288,0,639,5,155,15,50978,1,1428,647,"Knox County",470313,13.6079589549938,0.0160604629192253,61.2358152974721,4.25248717343556,32.9567755941256,1.60604629192253
2021-06-01,51752,12,43214,9,8538,3,47311,10,344473,291,391784,301,0,639,-10,150,22,50963,1,1427,647,"Knox County",470313,15.0963294656962,0.0186219739292365,63.9999319602052,2.55149230406134,31.8936538007667,1.86219739292365
2021-05-31,51740,17,43205,14,8535,3,47301,12,344182,354,391483,366,0,639,-1,160,18,50941,0,1426,647,"Knox County",470313,15.308953824368,0.0191956124314442,77.8205152738708,3.61461409742023,34.0198973874845,1.91956124314442
2021-05-30,51723,3,43191,1,8532,2,47289,1,343828,203,391117,204,0,639,-9,161,12,50923,0,1426,647,"Knox County",470313,15.0963294656962,0.0185352622061483,43.3753691690427,0.637873076015334,34.2325217461563,1.85352622061483
2021-05-29,51720,14,43190,8,8530,6,47288,6,343625,199,390913,205,0,639,-14,170,28,50911,1,1426,647,"Knox County",470313,17.0099486937423,0.0204081632653061,43.5879935277145,2.97674102140489,36.1461409742023,2.04081632653061
2021-05-28,51706,11,43182,6,8524,5,47282,10,343426,390,390708,400,0,639,-10,184,21,50883,1,1425,646,"Knox County",470313,17.8604461284294,0.0228904847396768,85.0497434687113,2.33886794538956,39.1228819956072,2.28904847396768
2021-05-27,51695,23,43176,8,8519,15,47272,9,343036,341,390308,350,0,639,-5,194,28,50862,1,1424,646,"Knox County",470313,21.2624358671778,0.0255439924314096,74.4185255351224,4.8903602494509,41.249125582325,2.55439924314096
2021-05-26,51672,16,43168,8,8504,8,47263,11,342695,571,389958,582,0,639,-8,199,24,50834,0,1423,646,"Knox County",470313,20.4119384324907,0.0245016611295681,123.747376746975,3.40198973874845,42.3122473756839,2.45016611295681
2021-05-25,51656,18,43160,8,8496,10,47252,7,342124,311,389376,318,0,639,-10,207,28,50810,1,1423,646,"Knox County",470313,21.6876845845214,0.0230927835051546,67.6145460576254,3.82723845609201,44.0132422450581,2.30927835051546
2021-05-24,51638,25,43152,21,8486,4,47245,24,341813,425,389058,449,0,639,-11,217,36,50782,1,1422,646,"Knox County",470313,23.3886794538956,0.0271132376395534,95.4683370436284,5.31560896679445,46.1394858317759,2.71132376395534
2021-05-23,51613,16,43131,8,8482,8,47221,8,341388,225,388609,233,1,639,-5,228,20,50746,1,1421,646,"Knox County",470313,26.1527961166287,0.0295624753646039,49.5414755705243,3.40198973874845,48.4783537771654,2.95624753646039
2021-05-22,51597,8,43123,4,8474,4,47213,4,341163,269,388376,273,0,638,-6,233,14,50726,0,1420,645,"Knox County",470313,24.877049964598,0.0280230326295585,58.0464499173954,1.70099486937423,49.5414755705243,2.80230326295585
2021-05-21,51589,16,43119,12,8470,4,47209,14,340894,377,388103,391,0,638,-17,239,33,50712,1,1420,645,"Knox County",470313,25.9401717579569,0.0296610169491525,83.1361242406653,3.40198973874845,50.817221722555,2.96610169491525
2021-05-20,51573,34,43107,26,8466,8,47195,27,340517,594,387712,621,0,638,6,256,28,50679,1,1419,644,"Knox County",470313,28.2790397033465,0.0331356818974538,132.039726735174,7.22922819484046,54.4318358199752,3.31356818974538
2021-05-19,51539,14,43081,6,8458,8,47168,6,339923,544,387091,550,0,638,-29,250,43,50651,1,1418,644,"Knox County",470313,27.8537909860029,0.0317460317460317,116.943397269478,2.97674102140489,53.1560896679445,3.17460317460317
2021-05-18,51525,24,43075,14,8450,10,47162,14,339379,444,386541,458,1,638,-21,279,44,50608,0,1417,644,"Knox County",470313,29.1295371380336,0.0326050420168067,97.3819562716744,5.10298460812268,59.3221960694261,3.26050420168067
2021-05-17,51501,15,43061,8,8440,7,47148,8,338935,420,386083,428,0,637,-18,300,33,50564,0,1417,643,"Knox County",470313,27.0032935513158,0.0274204468517265,91.0032255115211,3.18936538007667,63.7873076015334,2.74204468517265
2021-05-16,51486,22,43053,13,8433,9,47140,12,338515,272,385655,284,1,637,-10,318,31,50531,1,1417,643,"Knox County",470313,28.2790397033465,0.0282861896838602,60.385317862785,4.67773589077912,67.6145460576254,2.82861896838602
2021-05-15,51464,23,43040,13,8424,10,47128,17,338243,336,385371,353,0,636,-8,328,31,50500,1,1416,643,"Knox County",470313,31.4684050834232,0.0317666126418152,75.0563986111377,4.8903602494509,69.7407896443432,3.17666126418152
2021-05-14,51441,36,43027,25,8414,11,47111,26,337907,498,385018,524,0,636,4,336,32,50469,4,1415,642,"Knox County",470313,35.7208922568587,0.0341827221876942,111.415163944012,7.65447691218401,71.4417845137175,3.41827221876942
2021-05-13,51405,31,43002,17,8403,14,47085,17,337409,376,384494,393,0,636,-17,332,48,50437,0,1411,642,"Knox County",470313,35.0830191808434,0.0334448160535117,83.5613729580088,6.59135511882512,70.5912870790304,3.34448160535117
2021-05-12,51374,34,42985,28,8389,6,47068,26,337033,506,384101,532,0,636,-15,349,49,50389,0,1411,642,"Knox County",470313,39.335506354279,0.0403768506056528,113.116158813386,7.22922819484046,74.2059011764506,4.03768506056528
2021-05-11,51340,36,42957,30,8383,6,47042,31,336527,555,383569,586,0,636,-11,364,47,50340,4,1411,642,"Knox County",470313,41.8869986583403,0.0441935483870968,124.597874181662,7.65447691218401,77.3952665565272,4.41935483870968
2021-05-10,51304,21,42927,14,8377,7,47011,13,335972,277,382983,290,1,636,-26,375,46,50293,1,1407,642,"Knox County",470313,43.162744810371,0.0479405806887238,61.6610640148157,4.46511153210734,79.7341345019168,4.79405806887238
2021-05-09,51283,17,42913,14,8370,3,46998,17,335695,369,382693,386,0,635,-22,401,39,50247,1,1406,641,"Knox County",470313,42.0996230170121,0.047976501305483,82.0730024473064,3.61461409742023,85.262367827383,4.7976501305483
2021-05-08,51266,20,42899,11,8367,9,46981,14,335326,307,382307,321,0,635,-18,423,38,50208,1,1405,641,"Knox County",470313,41.4617499409967,0.0474934036939314,68.2524191336408,4.25248717343556,89.9401037181622,4.74934036939314
2021-05-07,51246,43,42888,31,8358,12,46967,33,335019,576,381986,609,0,635,3,441,40,50170,0,1404,641,"Knox County",470313,42.9501204516992,0.0484440166827077,129.488234431113,9.14284742288646,93.7673421742542,4.84440166827077
2021-05-06,51203,40,42857,26,8346,14,46934,28,334443,340,381377,368,1,635,-8,438,47,50130,0,1404,641,"Knox County",470313,44.8637396797452,0.0523932729624838,78.2457639912144,8.50497434687113,93.1294690982388,5.23932729624838
2021-05-05,51163,51,42831,32,8332,19,46906,38,334103,585,381009,623,0,634,5,446,46,50083,4,1404,640,"Knox County",470313,48.4783537771654,0.0546654099905749,132.464975452518,10.8438422922607,94.8304639676131,5.46654099905749
2021-05-04,51112,50,42799,32,8313,18,46868,34,333518,536,380386,570,0,634,6,441,44,50037,0,1400,640,"Knox County",470313,51.4550947985703,0.0558888538048626,121.195884442914,10.6312179335889,93.7673421742542,5.58888538048626
2021-05-03,51062,24,42767,9,8295,15,46834,7,332982,309,379816,316,1,634,-37,435,60,49993,1,1400,640,"Knox County",470313,52.0929678745856,0.053554650798622,67.1892973402819,5.10298460812268,92.4915960222235,5.3554650798622
2021-05-02,51038,25,42758,18,8280,7,46827,20,332673,288,379500,308,0,633,-17,472,42,49933,2,1399,640,"Knox County",470313,53.7939627439599,0.0558587479935795,65.4883024709077,5.31560896679445,100.358697293079,5.58587479935795
2021-05-01,51013,45,42740,35,8273,10,46807,38,332385,450,379192,488,0,633,7,489,38,49891,2,1397,640,"Knox County",470313,59.1095717107543,0.0603290676416819,103.760687031828,9.56809614023002,103.9733113905,6.03290676416819
2021-04-30,50968,58,42705,30,8263,28,46769,29,331935,567,378704,596,0,633,-10,482,68,49853,3,1395,640,"Knox County",470313,62.298937090831,0.0593453655552157,126.72411776838,12.3322128029631,102.484940879797,5.93453655552157
2021-04-29,50910,54,42675,34,8235,20,46740,35,331368,571,378108,606,0,633,-2,492,56,49785,2,1392,639,"Knox County",470313,65.2756781122359,0.0573139435414885,128.850361355098,11.481715368276,104.611184466515,5.73139435414885
2021-04-28,50856,47,42641,28,8215,19,46705,34,330797,543,377502,577,4,633,-38,494,81,49729,1,1390,639,"Knox County",470313,64.4251806775488,0.0569199653279399,122.684254953616,9.99334485757357,105.036433183858,5.69199653279399
2021-04-27,50809,39,42613,17,8196,22,46671,20,330254,392,376925,412,1,629,-33,532,71,49648,2,1389,637,"Knox County",470313,62.0863127321592,0.0554041780199818,87.6012357727726,8.29234998819935,113.116158813386,5.54041780199818
2021-04-26,50770,69,42596,36,8174,33,46651,40,329862,480,376513,520,1,628,2,565,66,49577,0,1387,636,"Knox County",470313,71.6544088723892,0.0615911035072712,110.564666509325,14.6710807483527,120.132762649555,6.15911035072712
2021-04-25,50701,38,42560,25,8141,13,46611,26,329382,341,375993,367,0,627,-4,563,42,49511,3,1387,635,"Knox County",470313,74.4185255351224,0.0622546270330903,78.0331396325426,8.07972562952757,119.707513932211,6.22546270330903
2021-04-24,50663,35,42535,22,8128,13,46585,28,329041,510,375626,538,0,627,-28,567,63,49469,3,1384,635,"Knox County",470313,72.2922819484046,0.0586283185840708,114.391904965417,7.44185255351224,120.558011366898,5.86283185840708
2021-04-23,50628,43,42513,31,8115,12,46557,36,328531,553,375088,589,0,627,-4,595,47,49406,2,1381,635,"Knox County",470313,69.1029165683279,0.0606816292601829,125.235747257677,9.14284742288646,126.511493409708,6.06816292601829
2021-04-22,50585,79,42482,62,8103,17,46521,65,327978,787,374499,852,1,627,15,599,63,49359,1,1379,635,"Knox County",470313,74.4185255351224,0.064591439688716,181.155953588355,16.7973243350705,127.361990844395,6.4591439688716
2021-04-21,50506,62,42420,34,8086,28,46456,35,327191,479,373647,514,1,626,-2,584,63,49296,1,1378,634,"Knox County",470313,77.607890915199,0.0659282700421941,109.288920357294,13.1827102376502,124.172625464318,6.59282700421941
2021-04-20,50444,38,42386,34,8058,4,46421,39,326712,474,373133,513,1,625,-32,586,69,49233,1,1377,633,"Knox County",470313,77.3952665565272,0.0690983817107629,109.076295998622,8.07972562952757,124.597874181662,6.90983817107629
2021-04-19,50406,65,42352,41,8054,24,46382,39,326238,336,372620,375,0,624,-3,618,68,49164,0,1376,632,"Knox County",470313,76.5447691218401,0.0715048025613661,79.7341345019168,13.8205833136656,131.401853659159,7.15048025613661
2021-04-18,50341,38,42311,27,8030,11,46343,32,325902,364,372245,396,0,624,-12,621,50,49096,1,1376,632,"Knox County",470313,76.5447691218401,0.0725443473656341,84.1992460340241,8.07972562952757,132.039726735174,7.25443473656341
2021-04-17,50303,37,42284,18,8019,19,46311,23,325538,335,371849,358,0,624,-23,633,60,49046,1,1375,631,"Knox County",470313,76.9700178391837,0.0747845426744509,76.1195204044966,7.86710127085579,134.591219039236,7.47845426744509
2021-04-16,50266,346,42266,330,8000,16,46288,369,325203,2088,371491,2457,1,624,279,656,66,48986,4,1374,631,"Knox County",470313,141.395198516732,0.110155535224154,522.418049256559,73.5680281004352,139.481579288686,11.0155535224154
2021-04-15,49920,86,41936,54,7984,32,45919,55,323115,577,369034,632,1,623,12,377,73,48920,0,1370,630,"Knox County",470313,142.883569027435,0.112869399428027,134.378594680564,18.2856948457729,80.1593832192604,11.2869399428027
2021-04-14,49834,85,41882,60,7952,25,45864,62,322538,684,368402,746,0,622,-1,365,86,48847,3,1370,629,"Knox County",470313,147.773929276886,0.113018075588826,158.617771569146,18.0730704871011,77.607890915199,11.3018075588826
2021-04-13,49749,68,41822,38,7927,30,45802,43,321854,340,367656,383,-5,622,-8,366,81,48761,1,1367,629,"Knox County",470313,154.152660037039,0.116513933046568,81.435129371291,14.4584563896809,77.8205152738708,11.6513933046568
2021-04-12,49681,63,41784,43,7897,20,45759,50,321514,360,367273,410,1,627,-24,374,86,48680,0,1366,629,"Knox County",470313,153.727411319696,0.117800074321813,87.175987055429,13.395334596322,79.521510143245,11.7800074321813
2021-04-11,49618,26,41741,14,7877,12,45709,14,321154,296,366863,310,2,626,-26,398,50,48594,0,1366,628,"Knox County",470313,151.175919015634,0.11631419939577,65.9135511882512,5.52823332546623,84.6244947513677,11.631419939577
2021-04-10,49592,50,41727,33,7865,17,45695,41,320858,571,366553,612,0,624,6,424,44,48544,1,1366,628,"Knox County",470313,153.940035678367,0.114234234234234,130.126107507128,10.6312179335889,90.1527280768339,11.4234234234234
2021-04-09,49542,82,41694,62,7848,20,45654,71,320287,620,365941,691,5,624,11,418,66,48500,2,1365,627,"Knox County",470313,97.8072049890179,0.0887949260042283,146.923431842199,17.4351974110858,88.8769819248033,8.87949260042283
2021-04-08,49460,49,41632,26,7828,23,45583,26,319667,466,365250,492,-6,619,-23,407,78,48434,0,1363,627,"Knox County",470313,89.9401037181622,0.0842480790340285,104.611184466515,10.4185935749171,86.5381139794137,8.42480790340285
2021-04-07,49411,77,41606,54,7805,23,45557,57,319201,768,364758,825,2,625,9,430,66,48356,1,1363,627,"Knox County",470313,88.2391088487879,0.0811173784582326,175.415095904217,16.3720756177269,91.4284742288646,8.11173784582326
2021-04-06,49334,75,41552,41,7782,34,45500,45,318433,422,363933,467,2,623,-4,421,77,48290,0,1362,627,"Knox County",470313,89.7274793594904,0.079852902547938,99.2955754997204,15.9468269003834,89.5148550008186,7.9852902547938
2021-04-05,49259,44,41511,32,7748,12,45455,35,318011,266,363466,301,0,621,-60,425,104,48213,3,1362,627,"Knox County",470313,85.6876165447266,0.0781503515413737,63.9999319602052,9.35547178155824,90.3653524355057,7.81503515413737
2021-04-04,49215,49,41479,31,7736,18,45420,40,317745,341,363165,381,3,621,-27,485,73,48109,0,1359,626,"Knox County",470313,90.5779767941775,0.0835765455027859,81.0098806539475,10.4185935749171,103.122813955812,8.35765455027859
2021-04-03,49166,81,41448,64,7718,17,45380,71,317404,593,362784,664,0,618,6,512,75,48036,0,1359,625,"Knox County",470313,97.1693319130026,0.0902904998691442,141.182574158061,17.222573052414,108.86367163995,9.02904998691442
2021-04-02,49085,76,41384,45,7701,31,45309,45,316811,530,362120,575,0,618,5,506,71,47961,2,1359,622,"Knox County",470313,95.8935857609719,0.0860998650472335,122.259006236272,16.1594512590551,107.58792548792,8.60998650472335
2021-04-01,49009,75,41339,63,7670,12,45264,67,316281,580,361545,647,1,618,-20,501,94,47890,1,1357,621,"Knox County",470313,101.421819086438,0.0932642487046632,137.56796006064,15.9468269003834,106.524803694561,9.32642487046632
2021-03-31,48934,87,41276,66,7658,21,45197,72,315701,765,360898,837,3,617,-16,521,100,47796,2,1356,621,"Knox County",470313,103.548062673156,0.096849173553719,177.966588208278,18.4983192044447,110.777290867996,9.6849173553719
2021-03-30,48847,57,41210,33,7637,24,45125,38,314936,460,360061,498,1,614,-25,537,81,47696,2,1354,619,"Knox County",470313,99.7208242170639,0.094286446323341,105.886930618546,12.1195884442914,114.179280606745,9.4286446323341
2021-03-29,48790,43,41177,21,7613,22,45087,22,314476,400,359563,422,5,613,-58,562,96,47615,0,1352,618,"Knox County",470313,99.5081998583922,0.088220675944334,89.7274793594904,9.14284742288646,119.494889573539,8.8220675944334
2021-03-28,48747,80,41156,46,7591,34,45065,49,314076,484,359141,533,2,608,13,620,65,47519,5,1352,617,"Knox County",470313,106.099554977217,0.0871647509578544,113.328783172058,17.0099486937423,131.827102376502,8.71647509578544
2021-03-27,48667,42,41110,39,7557,3,45016,42,313592,442,358608,484,0,606,-16,607,58,47454,2,1347,616,"Knox County",470313,97.8072049890179,0.0838338338338338,102.910189597141,8.93022306421468,129.062985713769,8.38338338338338
2021-03-26,48625,79,41071,54,7554,25,44974,60,313150,417,358124,477,0,606,1,623,78,47396,2,1345,615,"Knox County",470313,98.4450780650333,0.0897896357106208,101.421819086438,16.7973243350705,132.464975452518,8.97896357106208
2021-03-25,48546,88,41017,64,7529,24,44914,67,312733,570,357647,637,0,606,7,622,81,47318,4,1343,613,"Knox County",470313,101.209194727766,0.0900205761316872,135.441716473923,18.7109435631165,132.252351093846,9.00205761316873
2021-03-24,48458,123,40953,91,7505,32,44847,95,312163,780,357010,875,1,606,38,615,84,47237,3,1339,612,"Knox County",470313,108.86367163995,0.0950076413652573,186.046313837806,26.1527961166287,130.763980583144,9.50076413652573
2021-03-23,48335,87,40862,57,7473,30,44752,63,311383,531,356135,594,1,605,17,577,69,47153,3,1336,611,"Knox County",470313,115.242402400104,0.0989557434112382,126.298869051036,18.4983192044447,122.684254953616,9.89557434112382
2021-03-22,48248,115,40805,78,7443,37,44689,81,310852,517,355541,598,2,604,32,560,81,47084,1,1333,610,"Knox County",470313,130.551356224472,0.108861362553597,127.149366485723,24.4518012472545,119.069640856196,10.8861362553597
2021-03-21,48133,50,40727,33,7406,17,44608,34,310335,330,354943,364,0,602,4,528,46,47003,1,1332,610,"Knox County",470313,124.172625464318,0.109704641350211,77.3952665565272,10.6312179335889,112.265661378699,10.9704641350211
2021-03-20,48083,59,40694,29,7389,30,44574,33,310005,315,354579,348,0,602,3,524,56,46957,4,1331,609,"Knox County",470313,127.787239561739,0.111225276136656,73.9932768177788,12.5448371616349,111.415163944012,11.1225276136656
2021-03-19,48024,146,40665,102,7359,44,44541,117,309690,956,354231,1073,3,602,51,521,92,46901,3,1327,609,"Knox County",470313,142.033071592748,0.109155713967476,228.145936854818,31.0431563660796,110.777290867996,10.9155713967476
2021-03-18,47878,68,40563,50,7315,18,44424,66,308734,627,353158,693,2,599,-16,470,82,46809,1,1324,608,"Knox County",470313,137.780584419312,0.107590759075908,147.348680559542,14.4584563896809,99.9334485757357,10.7590759075908
2021-03-17,47810,46,40513,36,7297,10,44358,41,308107,498,352465,539,1,597,-40,486,85,46727,3,1323,608,"Knox County",470313,121.408508801585,0.103349964362081,114.604529324088,9.7807204989018,103.335438314484,10.3349964362081
2021-03-16,47764,128,40477,84,7287,44,44317,100,307609,699,351926,799,0,596,48,526,80,46642,3,1320,606,"Knox County",470313,130.126107507128,0.106932487539647,169.886862578751,27.2159179099876,111.840412661355,10.6932487539647
2021-03-15,47636,44,40393,28,7243,16,44217,40,306910,290,351127,330,1,596,-65,478,108,46562,1,1317,605,"Knox County",470313,115.029778041432,0.103955619874578,70.1660383616868,9.35547178155824,101.63444344511,10.3955619874578
2021-03-14,47592,60,40365,38,7227,22,44177,46,306620,405,350797,451,0,595,-12,543,72,46454,0,1316,604,"Knox County",470313,117.15602162815,0.104653909756674,95.893585760972,12.7574615203067,115.455026758776,10.4653909756674
2021-03-13,47532,71,40327,34,7205,37,44131,41,306215,623,350346,664,1,595,-10,555,80,46382,1,1316,604,"Knox County",470313,119.707513932211,0.0991426687183996,141.182574158061,15.0963294656962,118.006519062837,9.91426687183997
2021-03-12,47461,63,40293,60,7168,3,44090,67,305592,692,349682,759,0,594,-52,565,115,46302,1,1315,602,"Knox County",470313,102.059692162454,0.0946871310507674,161.38188823188,13.395334596322,120.132762649555,9.46871310507674
2021-03-11,47398,83,40233,56,7165,27,44023,66,304900,627,348923,693,2,594,-22,617,103,46187,0,1314,600,"Knox County",470313,105.24905754253,0.0946871310507674,147.348680559542,17.6478217697576,131.189229300487,9.46871310507674
2021-03-10,47315,95,40177,72,7138,23,43957,82,304273,1001,348230,1083,2,592,26,639,67,46084,1,1314,599,"Knox County",470313,115.667651117447,0.0924879681941829,230.272180441536,20.1993140738189,135.866965191266,9.24879681941829
2021-03-09,47220,80,40105,50,7115,30,43875,55,303272,597,347147,652,0,590,-6,613,86,46017,2,1313,599,"Knox County",470313,105.461681901202,0.0857081174438687,138.631081853999,17.0099486937423,130.3387318658,8.57081174438687
2021-03-08,47140,85,40055,57,7085,28,43820,63,302675,412,346495,475,1,590,-30,619,114,45931,0,1311,595,"Knox County",470313,114.179280606745,0.0879212895122462,100.996570369095,18.0730704871011,131.614478017831,8.79212895122462
2021-03-07,47055,64,39998,40,7057,24,43757,42,302263,327,346020,369,0,589,-5,649,69,45817,0,1311,593,"Knox County",470313,115.029778041432,0.088604898828541,78.4583883498861,13.6079589549938,137.993208777984,8.8604898828541
2021-03-06,46991,125,39958,87,7033,38,43715,95,301936,848,345651,943,0,589,40,654,85,45748,1,1311,593,"Knox County",470313,126.511493409708,0.0944913550462405,200.504770227487,26.5780448339723,139.056330571343,9.44913550462405
2021-03-05,46866,70,39871,44,6995,26,43620,49,301088,521,344708,570,2,589,-19,614,87,45663,2,1310,593,"Knox County",470313,127.99986392041,0.0944618599791014,121.195884442914,14.8837051070245,130.551356224472,9.44618599791014
2021-03-04,46796,112,39827,85,6969,27,43571,100,300567,1094,344138,1194,5,587,-1,633,108,45576,1,1308,591,"Knox County",470313,134.165970321892,0.0919409761634506,253.873484254103,23.8139281712392,134.591219039236,9.19409761634506
2021-03-03,46684,74,39742,33,6942,41,43471,40,299473,497,342944,537,1,582,-49,634,122,45468,4,1307,589,"Knox County",470313,129.700858789785,0.0936708860759494,114.179280606745,15.7342025417116,134.803843397907,9.36708860759494
2021-03-02,46610,133,39709,91,6901,42,43431,99,298976,808,342407,907,-1,581,9,683,125,45346,2,1303,588,"Knox County",470313,140.969949799389,0.0976976976976977,192.850293315303,28.2790397033465,145.222436972824,9.76976976976977
2021-03-01,46477,59,39618,33,6859,26,43332,35,298168,165,341500,200,1,582,-58,674,116,45221,1,1301,585,"Knox County",470313,135.441716473923,0.0974576271186441,42.5248717343556,12.5448371616349,143.308817744778,9.74576271186441
2021-02-28,46418,77,39585,53,6833,24,43297,63,298003,563,341300,626,2,581,-19,732,94,45105,2,1300,585,"Knox County",470313,138.205833136656,0.0966445649989954,133.102848528533,16.3720756177269,155.641030547742,9.66445649989954
2021-02-27,46341,82,39532,47,6809,35,43234,58,297440,671,340674,729,1,579,-33,751,114,45011,3,1298,584,"Knox County",470313,129.062985713769,0.0932185597312618,155.003157471726,17.4351974110858,159.680893362505,9.32185597312618
2021-02-26,46259,107,39485,70,6774,37,43176,80,296769,506,339945,586,5,578,-17,784,119,44897,1,1295,583,"Knox County",470313,136.930086984625,0.0993931784892237,124.597874181662,22.7508063778803,166.697497198674,9.93931784892237
2021-02-25,46152,131,39415,92,6737,39,43096,97,296263,1029,339359,1126,2,573,-7,801,136,44778,5,1294,583,"Knox County",470313,140.969949799389,0.100191042241562,239.415027864422,27.8537909860029,170.312111296094,10.0191042241562
2021-02-24,46021,102,39323,72,6698,30,42999,80,295234,969,338233,1049,2,571,-30,808,130,44642,2,1289,582,"Knox County",470313,146.923431842199,0.0980279532835535,223.042952246695,21.6876845845214,171.800481806797,9.80279532835535
2021-02-23,45919,122,39251,68,6668,54,42919,75,294265,758,337184,833,5,569,-32,838,149,44512,6,1287,581,"Knox County",470313,144.584563896809,0.0947756845989512,177.116090773591,25.9401717579569,178.17921256695,9.47756845989512
2021-02-22,45797,62,39183,33,6614,29,42844,38,293507,307,336351,345,3,564,-110,870,169,44363,3,1281,579,"Knox County",470313,145.222436972824,0.0927465054778995,73.3554037417635,13.1827102376502,184.983192044447,9.27465054778995
2021-02-21,45735,82,39150,41,6585,41,42806,45,293200,499,336006,544,2,561,-31,980,111,44194,3,1278,577,"Knox County",470313,146.285558766183,0.090752110514198,115.667651117447,17.4351974110858,208.371871498343,9.0752110514198
2021-02-20,45653,137,39109,98,6544,39,42761,115,292701,1007,335462,1122,1,559,8,1011,128,44083,2,1275,574,"Knox County",470313,157.979898493131,0.0945584299732382,238.564530429735,29.1295371380336,214.963226617168,9.45584299732382
2021-02-19,45516,95,39011,43,6505,52,42646,48,291694,274,334340,322,1,558,-83,1003,177,43955,2,1273,573,"Knox County",470313,155.42840618907,0.0932409661112151,68.4650434923126,20.1993140738189,213.262231747793,9.32409661112151
2021-02-18,45421,155,38968,111,6453,44,42598,119,291420,988,334018,1107,4,557,-38,1086,189,43778,6,1271,571,"Knox County",470313,160.531390797193,0.0977076287110109,235.375165049658,32.9567755941256,230.910053517551,9.77076287110109
2021-02-17,45266,114,38857,68,6409,46,42479,76,290432,892,332911,968,1,553,-49,1124,162,43589,4,1265,565,"Knox County",470313,163.082883101254,0.0984544934172868,205.820379194281,24.2391768885827,238.989779147079,9.84544934172868
2021-02-16,45152,146,38789,90,6363,56,42403,101,289540,818,331943,919,2,552,-41,1173,185,43427,4,1261,562,"Knox County",470313,168.185867709377,0.101745823165008,195.401785619364,31.0431563660796,249.408372721996,10.1745823165008
2021-02-15,45006,76,38699,36,6307,40,42302,43,288722,312,331024,355,2,550,-140,1214,214,43242,1,1257,562,"Knox County",470313,171.162608730781,0.102492036724752,75.4816473284812,16.1594512590551,258.125971427539,10.2492036724752
2021-02-14,44930,165,38663,135,6267,30,42259,135,288410,706,330669,841,2,548,20,1354,143,43028,5,1256,562,"Knox County",470313,188.810430500539,0.113063542776003,178.817085642965,35.0830191808434,287.893381641588,11.3063542776003
2021-02-13,44765,135,38528,91,6237,44,42124,106,287704,871,329828,977,4,546,-9,1334,140,42885,7,1251,561,"Knox County",470313,188.385181783195,0.11441063946074,207.733998422327,28.7042884206901,283.640894468152,11.441063946074
2021-02-12,44630,179,38437,114,6193,65,42018,124,286833,996,328851,1120,3,542,13,1343,163,42745,3,1244,557,"Knox County",470313,206.245627911625,0.111977095594083,238.139281712392,38.0597602022483,285.554513696198,11.1977095594083
2021-02-11,44451,162,38323,112,6128,50,41894,118,285837,1133,327731,1251,5,539,-34,1330,191,42582,5,1241,556,"Knox County",470313,207.733998422327,0.109314259057689,265.993072698394,34.4451461048281,282.790397033465,10.9314259057689
2021-02-10,44289,148,38211,106,6078,42,41776,112,284704,1032,326480,1144,7,534,-47,1364,188,42391,6,1236,554,"Knox County",470313,214.963226617168,0.111851067050098,243.242266320514,31.4684050834232,290.019625228305,11.1851067050098
2021-02-09,44141,209,38105,154,6036,55,41664,165,283672,1023,325336,1188,0,527,12,1411,197,42203,6,1230,552,"Knox County",470313,228.35856121349,0.116783013379872,252.597738102072,44.4384909624016,300.012970085879,11.6783013379872
2021-02-08,43932,107,37951,72,5981,35,41499,76,282649,371,324148,447,4,527,-159,1399,262,42006,2,1224,547,"Knox County",470313,234.949916332315,0.119977037887486,95.0430883262848,22.7508063778803,297.461477781818,11.9977037887486
2021-02-07,43825,108,37879,75,5946,33,41423,83,282278,716,323701,799,1,523,-28,1558,135,41744,2,1222,544,"Knox County",470313,222.830327888024,0.113196650303205,169.886862578751,22.963430736552,331.26875081063,11.3196650303205
2021-02-06,43717,304,37804,176,5913,128,41340,197,281562,1396,322902,1593,2,522,136,1586,166,41609,6,1220,543,"Knox County",470313,258.763844503554,0.116016971625564,338.710603364143,64.6378050362206,337.22223285344,11.6016971625564
2021-02-05,43413,177,37628,131,5785,46,41143,143,280166,727,321309,870,8,520,-4,1450,173,41443,4,1214,539,"Knox County",470313,258.33859578621,0.12260010970927,184.983192044447,37.6345114849047,308.305320074078,12.260010970927
2021-02-04,43236,199,37497,148,5739,51,41000,161,279439,1582,320439,1743,2,512,0,1454,197,41270,7,1210,536,"Knox County",470313,266.205697057066,0.120375128468654,370.604257164909,42.3122473756839,309.155817508765,12.0375128468654
2021-02-03,43037,230,37349,165,5688,65,40839,172,277857,1634,318696,1806,5,510,-8,1454,233,41073,7,1203,528,"Knox County",470313,283.640894468152,0.118044044518115,383.999591761231,48.903602494509,309.155817508765,11.8044044518115
2021-02-02,42807,91,37184,70,5623,21,40667,77,276223,291,316890,368,7,505,-160,1462,244,40840,1,1196,528,"Knox County",470313,258.551220144882,0.119197482297404,78.2457639912144,19.3488166391318,310.85681237814,11.9197482297404
2021-02-01,42716,153,37114,82,5602,71,40590,97,275932,425,316522,522,4,498,-125,1622,274,40596,2,1195,526,"Knox County",470313,268.331940643784,0.120763537202961,110.989915226668,32.5315268767821,344.876709765624,12.0763537202961
2021-01-31,42563,174,37032,120,5531,54,40493,129,275507,939,316000,1068,7,494,12,1747,155,40322,4,1193,523,"Knox County",470313,282.365148316121,0.122459222082811,227.082815061459,36.9966384088894,371.454754599596,12.2459222082811
2021-01-30,42389,277,36912,233,5477,44,40364,250,274568,1518,314932,1768,7,487,92,1735,178,40167,9,1189,521,"Knox County",470313,276.624290631983,0.126335174953959,375.919866131704,58.8969473520825,368.903262295535,12.6335174953959
2021-01-29,42112,101,36679,52,5433,49,40114,62,273050,376,313164,438,4,480,-140,1643,237,39989,1,1180,515,"Knox County",470313,260.464839372928,0.12290937378452,93.1294690982388,21.4750602258496,349.341821297731,12.290937378452
2021-01-28,42011,157,36627,116,5384,41,40052,129,272674,657,312726,786,9,476,-75,1783,223,39752,5,1179,510,"Knox County",470313,251.534616308714,0.135583185316755,167.122745916018,33.3820243114692,379.10923151178,13.5583185316755
2021-01-27,41854,168,36511,123,5343,45,39923,125,272017,894,311940,1019,12,467,-73,1858,229,39529,2,1174,506,"Knox County",470313,238.351906071063,0.145585525213604,216.664221486542,35.7208922568587,395.056058412164,14.5585525213604
2021-01-26,41686,234,36388,173,5298,61,39798,193,271123,1041,310921,1234,3,455,-26,1931,257,39300,7,1172,502,"Knox County",470313,268.757189361128,0.144111192392099,262.378458600974,49.7540999291961,410.577636595204,14.4111192392099
2021-01-25,41452,158,36215,106,5237,52,39605,115,270082,415,309687,530,9,452,-198,1957,347,39043,1,1165,495,"Knox County",470313,269.820311154486,0.146573140435482,112.690910096042,33.5946486701409,416.10586992067,14.6573140435481
2021-01-24,41294,157,36109,104,5185,53,39490,111,269667,791,309157,902,4,443,-98,2155,251,38696,2,1164,491,"Knox County",470313,266.205697057066,0.147521341920024,191.787171521944,33.3820243114692,458.205492937682,14.7521341920024
2021-01-23,41137,309,36005,222,5132,87,39379,232,268876,1492,308255,1724,7,439,63,2253,239,38445,7,1162,486,"Knox County",470313,273.009676534563,0.145786220413086,366.564394350146,65.7009268295794,479.042680087516,14.5786220413086
2021-01-22,40828,178,35783,143,5045,35,39147,176,267384,1173,306531,1349,3,432,-150,2190,325,38206,7,1155,483,"Knox County",470313,289.38175215229,0.143292682926829,286.830259848229,37.8471358435765,465.647345491194,14.3292682926829
2021-01-21,40650,268,35640,195,5010,73,38971,203,266211,1081,305182,1284,11,429,-125,2340,382,37881,6,1148,475,"Knox County",470313,312.983055964857,0.143620989803531,273.009676534563,56.9833281240365,497.540999291961,14.3620989803531
2021-01-20,40382,192,35445,131,4937,61,38768,131,265130,736,303898,867,10,418,-154,2465,336,37499,8,1142,470,"Knox County",470313,318.08604057298,0.147148288973384,184.345318968432,40.8238768649814,524.119044125933,14.7148288973384
2021-01-19,40190,310,35314,195,4876,115,38637,219,264394,957,303031,1176,8,408,-85,2619,387,37163,14,1134,460,"Knox County",470313,334.245491832035,0.15155771195097,250.046245798011,65.9135511882512,556.863195361387,15.155771195097
2021-01-18,39880,129,35119,80,4761,49,38418,87,263437,472,301855,559,7,400,-364,2704,486,36776,4,1120,457,"Knox County",470313,328.079385430554,0.147436712886401,118.857016497524,27.4285422686594,574.936265848488,14.7436712886401
2021-01-17,39751,181,35039,138,4712,43,38331,151,262965,690,301296,841,3,393,-205,3068,383,36290,8,1116,448,"Knox County",470313,333.182370038676,0.153717948717949,178.817085642965,38.4850089195918,652.331532405015,15.3717948717949
2021-01-16,39570,421,34901,340,4669,81,38180,389,262275,1757,300455,2146,1,390,9,3273,411,35907,7,1108,442,"Knox County",470313,356.996298209916,0.164923376307468,456.291873709636,89.5148550008186,695.91952593273,16.4923376307468
2021-01-15,39149,187,34561,149,4588,38,37791,153,260518,755,298309,908,0,389,-95,3264,282,35496,4,1101,434,"Knox County",470313,358.909917437962,0.171314741035857,193.062917673975,39.7607550716225,694.005906704684,17.1314741035857
2021-01-14,38962,338,34412,267,4550,71,37638,290,259763,1479,297401,1769,6,389,-91,3359,423,35214,7,1097,424,"Knox County",470313,373.793622544986,0.171788047423179,376.132490490376,71.867033231061,714.205220778503,17.1788047423179
2021-01-13,38624,249,34145,201,4479,48,37348,206,258284,946,295632,1152,12,383,-249,3450,486,34791,6,1090,417,"Knox County",470313,385.913210989277,0.174833352824231,244.943261189888,52.9434653092728,733.554037417635,17.4833352824231
2021-01-12,38375,332,33944,261,4431,71,37142,283,257338,1181,294480,1464,10,371,-176,3699,498,34305,6,1084,415,"Knox County",470313,390.590946880056,0.176377418259984,311.282061095483,70.5912870790304,786.497502726907,17.6377418259984
2021-01-11,38043,244,33683,197,4360,47,36859,228,256157,726,293016,954,4,361,-396,3875,636,33807,5,1078,410,"Knox County",470313,415.042748127311,0.184102230885857,202.843638172876,51.8803435159139,823.91938985314,18.4102230885857
2021-01-10,37799,328,33486,205,4313,123,36631,222,255431,1013,292062,1235,5,357,-6,4271,329,33171,17,1073,404,"Knox County",470313,446.298528852062,0.183942667220607,262.591082959646,69.7407896443432,908.118635887165,18.3942667220607
2021-01-09,37471,475,33281,393,4190,82,36409,426,254418,1384,290827,1810,5,352,101,4277,369,32842,12,1056,398,"Knox County",470313,457.780244220338,0.194575979337064,384.850089195918,100.996570369095,909.394382039195,19.4575979337064
2021-01-08,36996,459,32888,371,4108,88,35983,392,253034,1432,289017,1824,7,347,267,4176,185,32473,6,1044,396,"Knox County",470313,515.614069779062,0.200528996865204,387.826830217323,97.5945806303462,887.919321813346,20.0528996865204
2021-01-07,36537,389,32517,346,4020,43,35591,354,251602,1309,287193,1663,10,340,73,3909,306,32288,10,1038,388,"Knox County",470313,526.457912071323,0.208968521084934,353.594308471167,82.7108755233217,831.148618047981,20.8968521084934
2021-01-06,36148,497,32171,363,3977,134,35237,378,250293,1187,285530,1565,9,330,59,3836,429,31982,15,1028,385,"Knox County",470313,579.188753021924,0.217118402282454,332.757121321333,105.674306259874,815.627039864941,21.7118402282454
2021-01-05,35651,520,31808,328,3843,192,34859,345,249106,1193,283965,1538,14,321,32,3777,474,31553,14,1013,376,"Knox County",470313,619.162132452218,0.221456228161299,327.016263637195,110.564666509325,803.082202703306,22.1456228161299
2021-01-04,35131,322,31480,228,3651,94,34514,249,247913,654,282427,903,6,307,-222,3745,538,31079,6,999,370,"Knox County",470313,635.746832428617,0.224520781932055,191.999795880616,68.4650434923126,796.278223225809,22.4520781932055
2021-01-03,34809,285,31252,182,3557,103,34265,195,247259,608,281524,803,2,301,-15,3967,298,30541,10,993,362,"Knox County",470313,626.60398500573,0.231446665347318,170.737360013438,60.5979422214568,843.480830850944,23.1446665347318
2021-01-02,34524,422,31070,319,3454,103,34070,345,246651,1095,280721,1440,0,299,105,3982,317,30243,22,983,353,"Knox County",470313,615.334893996126,0.231922760887428,306.179076487361,89.7274793594904,846.670196231021,23.1922760887428
2021-01-01,34102,419,30751,349,3351,70,33725,374,245556,1297,279281,1671,2,299,2,3877,415,29926,7,961,349,"Knox County",470313,606.829919649255,0.233747260774288,355.295303340541,89.089606283475,824.344638570484,23.3747260774288
2020-12-31,33683,448,30402,311,3281,137,33351,322,244259,929,277610,1251,12,297,0,3875,436,29511,8,954,343,"Knox County",470313,619.37475681089,0.240758913967942,265.993072698394,95.2557126849566,823.91938985314,24.0758913967942
2020-12-30,33235,363,30091,248,3144,115,33029,271,243330,931,276359,1202,6,285,-146,3875,503,29075,9,946,340,"Knox County",470313,590.883092748871,0.238533151680291,255.574479123477,77.1826421978555,823.91938985314,23.8533151680291
2020-12-29,32872,590,29843,398,3029,192,32758,420,242399,1081,275157,1501,7,279,111,4021,472,28572,14,937,336,"Knox County",470313,605.766797855896,0.248090297571543,319.149162366339,125.448371616349,854.96254621922,24.8090297571543
2020-12-28,32282,252,29445,174,2837,78,32338,185,241318,565,273656,750,4,272,-331,3910,579,28100,4,923,328,"Knox County",470313,590.883092748871,0.245068461359944,159.468269003834,53.5813383852881,831.361242406653,24.5068461359944
2020-12-27,32030,230,29271,156,2759,74,32153,172,240753,489,272906,661,3,268,-74,4241,301,27521,8,919,323,"Knox County",470313,579.188753021924,0.246460594620104,140.544701082045,48.903602494509,901.739905127011,24.6460594620104
2020-12-26,31800,358,29115,288,2685,70,31981,328,240264,1064,272245,1392,0,265,59,4315,299,27220,10,911,316,"Knox County",470313,565.58079406693,0.245847176079734,295.973107271115,76.1195204044966,917.474107668723,24.5847176079734
2020-12-25,31442,353,28827,287,2615,66,31653,308,239200,1070,270853,1378,1,265,-101,4256,453,26921,5,901,310,"Knox County",470313,551.547586394592,0.246588813767671,292.99636624971,75.0563986111377,904.929270507088,24.6588813767671
2020-12-24,31089,351,28540,277,2549,74,31345,311,238130,1273,269475,1584,5,264,-111,4357,457,26468,8,896,303,"Knox County",470313,530.92302360343,0.235592820028342,336.796984136097,74.6311498937941,926.404330732938,23.5592820028342
2020-12-23,30738,472,28263,351,2475,121,31034,371,236857,1411,267891,1782,6,259,-14,4468,480,26011,9,888,296,"Knox County",470313,554.099078698654,0.231542882404951,378.896607153109,100.358697293079,950.005634545505,23.1542882404951
2020-12-22,30266,530,27912,392,2354,138,30663,432,235446,1470,266109,1902,7,253,-26,4482,549,25531,15,879,289,"Knox County",470313,541.341617178347,0.222986559424278,404.411530193722,112.690910096042,952.98237556691,22.2986559424278
2020-12-21,29736,442,27520,361,2216,81,30231,391,233976,1423,264207,1814,2,246,-137,4508,577,24982,5,864,283,"Knox County",470313,581.740245325985,0.22001331684581,385.700586630606,93.9799665329259,958.510608892376,22.001331684581
2020-12-20,29294,514,27159,431,2135,83,29840,478,232553,2245,262393,2723,2,244,235,4645,277,24405,7,859,280,"Knox County",470313,642.12556318877,0.208270377733598,578.976128663252,109.288920357294,987.640146030409,20.8270377733598
2020-12-19,28780,525,26728,441,2052,84,29362,489,230308,1445,259670,1934,6,242,252,4410,267,24128,13,852,274,"Knox County",470313,677.633831086957,0.211938705496684,411.215509671219,111.627788302684,937.673421742542,21.1938705496684
2020-12-18,28255,480,26287,420,1968,60,28873,430,228863,1358,257736,1788,4,236,98,4158,378,23861,11,839,267,"Knox County",470313,704.637124638273,0.214533895172618,380.172353305139,102.059692162454,884.092083357254,21.4533895172618
2020-12-17,27775,733,25867,635,1908,98,28443,663,227505,1898,255948,2561,11,232,288,4060,434,23483,11,828,261,"Knox County",470313,785.859629650892,0.224351902923331,544.530982558424,155.853654906413,863.254896207419,22.4351902923332
2020-12-16,27042,564,25232,452,1810,112,27780,472,225607,1729,253387,2201,8,221,99,3772,457,23049,11,817,257,"Knox County",470313,805.421070648696,0.224820746498693,467.986213436584,119.920138290883,802.019080909947,22.4820746498693
2020-12-15,26478,765,24780,675,1698,90,27308,716,223878,2415,251186,3131,2,213,324,3673,439,22592,15,806,253,"Knox County",470313,855.387794936564,0.225297176820208,665.726867001337,162.65763438391,780.969269401441,22.5297176820208
2020-12-14,25713,472,24105,411,1608,61,26592,461,221463,1624,248055,2085,6,211,-12,3349,478,22153,7,791,245,"Knox County",470313,861.766525696717,0.225841807221579,443.321787830657,100.358697293079,712.078977191785,22.5841807221579
2020-12-13,25241,628,23694,572,1547,56,26131,754,219839,2935,245970,3689,2,205,400,3361,226,21675,10,784,237,"Knox County",470313,886.0057025853,0.229167864742078,784.37125914019,133.528097245877,714.630469495846,22.9167864742078
2020-12-12,24613,464,23122,392,1491,72,25377,454,216904,2172,242281,2626,3,203,182,2961,279,21449,19,774,231,"Knox County",470313,873.035616706321,0.218461368287152,558.351565872089,98.6577024237051,629.580726027135,21.8461368287152
2020-12-11,24149,557,22730,523,1419,34,24923,429,214732,1407,239655,1836,6,200,281,2779,270,21170,10,755,227,"Knox County",470313,889.407692324048,0.217827789729163,390.378322521385,118.43176778018,590.883092748871,21.7827789729163
2020-12-10,23592,473,22207,415,1385,58,24494,538,213325,1910,237819,2448,8,194,325,2498,140,20900,9,745,225,"Knox County",470313,834.125359069386,0.212255772646536,520.504430028513,100.571321651751,531.135647962102,21.2255772646536
2020-12-09,23119,407,21792,337,1327,70,23956,359,211415,924,235371,1283,2,186,77,2173,328,20760,13,736,215,"Knox County",470313,800.743334757917,0.217042928997544,272.797052175891,86.5381139794137,462.032731393774,21.7042928997544
2020-12-08,22712,491,21455,446,1257,45,23597,538,210491,2077,234088,2615,9,184,126,2096,356,20432,9,723,212,"Knox County",470313,742.484260481849,0.213062356772404,556.0126979267,104.398560107843,445.660655776047,21.3062356772404
2020-12-07,22221,323,21009,271,1212,52,23059,317,208414,1135,231473,1452,3,175,-128,1970,448,20076,6,714,210,"Knox County",470313,710.803231039754,0.212489811273434,308.730568791422,68.6776678509843,418.869986583403,21.2489811273434
2020-12-06,21898,332,20738,291,1160,41,22742,187,207279,668,230021,855,6,172,103,2098,223,19628,6,708,207,"Knox County",470313,647.866420872908,0.215173465497522,181.79382666437,70.5912870790304,446.085904493391,21.5173465497522
2020-12-05,21566,289,20447,263,1119,26,22555,213,206611,714,229166,927,2,166,55,1995,232,19405,8,702,203,"Knox County",470313,610.657158105347,0.226086194814296,197.102780488738,61.4484396561439,424.185595550197,22.6086194814296
2020-12-04,21277,354,20184,322,1093,32,22342,297,205897,1091,228239,1388,5,164,17,1940,332,19173,11,694,201,"Knox County",470313,567.494413294976,0.223285922684172,295.122609836428,75.2690229698095,412.49125582325,22.3285922684172
2020-12-03,20923,441,19862,424,1061,17,22045,448,204806,1215,226851,1663,2,159,180,1923,259,18841,10,683,196,"Knox County",470313,560.690433817479,0.231660610821958,353.594308471167,93.7673421742542,408.876641725829,23.1660610821958
2020-12-02,20482,192,19438,170,1044,22,21597,185,203591,575,225188,760,2,157,-144,1743,334,18582,7,673,194,"Knox County",470313,514.976196703047,0.226190476190476,161.594512590551,40.8238768649814,370.604257164909,22.6190476190476
2020-12-01,20290,403,19268,380,1022,23,21412,409,203016,1832,224428,2241,5,155,89,1887,309,18248,7,666,189,"Knox County",470313,496.26525313993,0.221408572043937,476.491187783455,85.6876165447266,401.222164813645,22.1408572043937
2020-11-30,19887,385,18888,371,999,14,21003,436,201184,1815,222187,2251,1,150,24,1798,360,17939,3,659,186,"Knox County",470313,509.44796337758,0.215666831928607,478.617431370173,81.8603780886346,382.298596891857,21.5666831928607
2020-11-29,19502,226,18517,218,985,8,20567,261,199369,1465,219936,1726,0,149,41,1774,185,17579,5,656,183,"Knox County",470313,486.909781358372,0.205275648046732,366.989643067489,48.0531050598219,377.195612283734,20.5275648046732
2020-11-28,19276,271,18299,257,977,14,20306,299,197904,1967,218210,2266,0,149,72,1733,199,17394,8,651,177,"Knox County",470313,483.08254290228,0.189914599430663,481.806796750249,57.6212012000519,368.478013578192,18.9914599430663
2020-11-27,19005,235,18042,215,963,20,20007,249,195937,1247,215944,1496,3,149,-6,1661,238,17195,12,643,173,"Knox County",470313,457.780244220338,0.184390873175845,318.08604057298,49.9667242878679,353.169059753823,18.4390873175845
2020-11-26,18770,344,17827,341,943,3,19758,441,194690,1429,214448,1870,4,146,48,1667,292,16957,5,631,170,"Knox County",470313,437.155681429176,0.18080888183981,397.607550716225,73.1427793830917,354.444805905854,18.080888183981
2020-11-25,18426,219,17486,193,940,26,19317,123,193261,325,212578,448,0,142,-58,1619,277,16665,3,626,164,"Knox County",470313,442.896539113314,0.180354529191738,95.2557126849566,46.5647345491194,344.238836689609,18.0354529191738
2020-11-24,18207,153,17293,130,914,23,19194,116,192936,673,212130,789,2,142,-111,1677,262,16388,6,623,162,"Knox County",470313,389.740449445369,0.177484787018256,167.760618992033,32.5315268767821,356.571049492572,17.7484787018256
2020-11-23,18054,167,17163,147,891,20,19078,100,192263,392,211341,492,3,140,-97,1788,261,16126,7,617,160,"Knox County",470313,343.388339254922,0.174865192032574,104.611184466515,35.508267898187,380.172353305139,17.4865192032574
2020-11-22,17887,220,17016,212,871,8,18978,258,191871,1805,210849,2063,2,137,86,1885,132,15865,5,610,153,"Knox County",470313,342.112593102891,0.168293718166384,438.644051939878,46.7773589077912,400.796916096302,16.8293718166384
2020-11-21,17667,173,16804,169,863,4,18720,198,190066,1465,208786,1663,0,135,2,1799,171,15733,4,605,151,"Knox County",470313,321.275405953057,0.168348259834486,353.594308471167,36.7840140502176,382.511221250529,16.8348259834486
2020-11-20,17494,178,16635,169,859,9,18522,163,188601,791,207123,954,7,135,-17,1797,188,15562,5,601,149,"Knox County",470313,309.155817508765,0.168981761082256,202.843638172876,37.8471358435765,382.085972533185,16.8981761082256
2020-11-19,17316,166,16466,148,850,18,18359,128,187810,663,206169,791,2,128,-28,1814,192,15374,4,596,145,"Knox County",470313,271.308681665189,0.150833333333333,168.185867709377,35.2956435395152,385.700586630606,15.0833333333333
2020-11-18,17150,168,16318,163,832,5,18231,179,187147,875,205378,1054,0,126,-9,1842,177,15182,7,592,140,"Knox County",470313,260.464839372928,0.146297719702793,224.106074040054,35.7208922568587,391.654068673415,14.6297719702793
2020-11-17,16982,248,16155,240,827,8,18052,260,186272,1033,204324,1293,9,126,86,1851,153,15005,7,585,138,"Knox County",470313,280.664153446747,0.154753309265945,274.923295762609,52.730840950601,393.567687901461,15.4753309265945
2020-11-16,16734,272,15915,261,819,11,17792,286,185239,1409,203031,1695,2,117,79,1765,191,14852,6,578,137,"Knox County",470313,302.989711107284,0.1547356249343,360.398287948664,57.8338255587237,375.281993055688,15.47356249343
2020-11-15,16462,274,15654,247,808,27,17506,295,183830,2278,201336,2573,2,115,162,1686,110,14661,3,572,135,"Knox County",470313,314.47142647556,0.150553726429213,547.082474862485,58.2590742760672,358.484668720618,15.0553726429213
2020-11-14,16188,306,15407,293,781,13,17211,321,181552,1699,198763,2020,0,113,188,1524,118,14551,7,569,131,"Knox County",470313,342.750466178906,0.157225433526012,429.501204516992,65.0630537535641,324.03952261579,15.7225433526012
2020-11-13,15882,219,15114,200,768,19,16890,190,179853,965,196743,1155,4,113,73,1336,142,14433,6,562,128,"Knox County",470313,351.468064884449,0.156790473490218,245.581134265904,46.5647345491194,284.066143185496,15.6790473490218
2020-11-12,15663,143,14914,130,749,13,16700,136,178888,955,195588,1091,1,109,-3,1263,145,14291,3,556,127,"Knox County",470313,346.577704634998,0.153202830622185,231.97317531091,30.4052832900643,268.544565002456,15.3202830622185
2020-11-11,15520,191,14784,177,736,14,16564,191,177933,1229,194497,1420,3,108,23,1266,165,14146,7,553,125,"Knox County",470313,351.468064884449,0.149284253578732,301.926589313925,40.6112525063096,269.182438078471,14.9284253578732
2020-11-10,15329,168,14607,163,722,5,16373,186,176704,1131,193077,1317,2,105,24,1243,142,13981,4,546,123,"Knox County",470313,334.458116190707,0.142400851743412,280.026280370732,35.7208922568587,264.29207782902,14.2400851743412
2020-11-09,15161,135,14444,121,717,14,16187,131,175573,490,191760,621,1,103,-16,1219,150,13839,2,542,121,"Knox County",470313,305.328579052673,0.142198685888006,132.039726735174,28.7042884206901,259.189093220898,14.2198685888006
2020-11-08,15026,215,14323,203,703,12,16056,252,175083,2625,191139,2877,1,102,94,1235,120,13689,3,540,119,"Knox County",470313,292.783741891039,0.133987239310542,611.720279898706,45.7142371144323,262.591082959646,13.3987239310542
2020-11-07,14811,169,14120,161,691,8,15804,187,172458,1918,188262,2105,1,101,59,1141,109,13569,5,537,114,"Knox County",470313,263.654204753005,0.120253164556962,447.574275004093,35.9335166155305,242.604393244499,12.0253164556962
2020-11-06,14642,155,13959,138,683,17,15617,160,170540,1236,186157,1396,0,100,24,1082,131,13460,5,532,114,"Knox County",470313,250.046245798011,0.114805578645978,296.823604705802,32.9567755941256,230.059556082864,11.4805578645978
2020-11-05,14487,158,13821,142,666,16,15457,151,169304,613,184761,764,1,100,33,1058,124,13329,6,527,111,"Knox County",470313,253.235611178088,0.119809523809524,162.445010025239,33.5946486701409,224.956571474741,11.9809523809524
2020-11-04,14329,145,13679,133,650,12,15306,148,168691,934,183997,1082,-1,99,20,1025,126,13205,5,521,110,"Knox County",470313,243.454890679186,0.119563078134226,230.059556082864,30.8305320074078,217.939967638573,11.9563078134226
2020-11-03,14184,196,13546,183,638,13,15158,195,167757,836,182915,1031,3,100,44,1005,149,13079,5,516,108,"Knox County",470313,249.408372721996,0.123936816524909,219.215713790603,41.6743742996685,213.687480465137,12.3936816524909
2020-11-02,13988,116,13363,110,625,6,14963,115,166921,807,181884,922,1,97,-36,961,151,12930,2,511,107,"Knox County",470313,245.368509907232,0.118699027218237,196.039658695379,24.6644256059263,204.332008683579,11.8699027218237
2020-11-01,13872,124,13253,116,619,8,14848,131,166114,1273,180962,1404,0,96,14,997,110,12779,3,509,105,"Knox County",470313,226.0196932681,0.124885110294118,298.524599575177,26.3654204753005,211.986485595763,12.4885110294118
2020-10-31,13748,5,13137,5,611,0,14717,7,164841,4,179558,11,0,96,-99,983,104,12669,0,506,103,"Knox County",470313,191.149298445929,0.137216338880484,2.33886794538956,1.06312179335889,209.009744574358,13.7216338880484
2020-10-30,13743,156,13132,146,611,10,14710,148,164837,853,179547,1001,1,96,27,1082,128,12565,4,506,102,"Knox County",470313,191.3619228046,0.144006436041834,212.83698303045,33.1693999527974,230.059556082864,14.4006436041834
2020-10-29,13587,152,12986,138,601,14,14562,136,163984,1569,178546,1705,0,95,49,1055,103,12437,4,502,102,"Knox County",470313,190.08617665257,0.122973728339855,362.524531535382,32.3189025181103,224.318698398726,12.2973728339855
2020-10-28,13435,103,12848,96,587,7,14426,102,162415,1055,176841,1157,3,95,-47,1006,147,12334,8,498,101,"Knox County",470313,181.155953588355,0.115336744571982,246.006382983247,21.9003089431931,213.900104823809,11.5336744571982
2020-10-27,13332,119,12752,113,580,6,14324,127,161360,799,175684,926,1,92,-6,1053,124,12187,3,490,100,"Knox County",470313,164.783877970628,0.107493685096829,196.890156130067,25.3022986819416,223.893449681382,10.7493685096829
2020-10-26,13213,81,12639,74,574,7,14197,73,160561,372,174758,445,2,91,-72,1059,151,12063,1,487,98,"Knox County",470313,157.342025417116,0.108888554669875,94.6178396089413,17.222573052414,225.169195833413,10.8888554669875
2020-10-25,13132,132,12565,121,567,11,14124,151,160189,1365,174313,1516,0,89,53,1131,79,11912,3,486,98,"Knox County",470313,159.04302028649,0.110042893063156,322.338527746416,28.0664153446747,240.478149657781,11.0042893063156
2020-10-24,13000,172,12444,167,556,5,13973,202,158824,1789,172797,1991,0,89,56,1078,116,11833,5,483,97,"Knox County",470313,194.551288184677,0.107424779773481,423.33509811551,36.5713896915458,229.209058648177,10.7424779773481
2020-10-23,12828,159,12277,148,551,11,13771,172,157035,1239,170806,1411,1,89,40,1022,118,11717,5,478,96,"Knox County",470313,195.189161260692,0.105234400611955,300.012970085879,33.8072730288127,217.302094562557,10.5234400611955
2020-10-22,12669,182,12129,168,540,14,13599,169,155796,1607,169395,1776,1,88,59,982,122,11599,5,473,96,"Knox County",470313,201.567892020846,0.108002602472349,377.620861001078,38.6976332782636,208.797120215686,10.8002602472349
2020-10-21,12487,72,11961,68,526,4,13430,74,154189,682,167619,756,0,87,-32,923,104,11477,1,468,96,"Knox County",470313,194.976536902021,0.109738124929146,160.744015155864,15.308953824368,196.252283054051,10.9738124929146
2020-10-20,12415,127,11893,121,522,6,13356,150,153507,739,166863,889,0,87,13,955,114,11373,7,467,95,"Knox County",470313,196.677531771395,0.112818761384335,189.023054859211,27.0032935513158,203.056262531548,11.2818761384335
2020-10-19,12288,112,11772,107,516,5,13206,117,152768,939,165974,1056,1,87,-9,942,120,11259,6,460,94,"Knox County",470313,203.26888689022,0.110164981373071,224.531322757398,23.8139281712392,200.292145868815,11.0164981373071
2020-10-18,12176,140,11665,135,511,5,13089,168,151829,1431,164918,1599,0,86,51,951,89,11139,7,454,94,"Knox County",470313,204.969881759594,0.11099388056552,339.986349516173,29.7674102140489,202.205765096861,11.099388056552
2020-10-17,12036,128,11530,125,506,3,12921,154,150398,1458,163319,1612,1,86,42,900,85,11050,3,447,93,"Knox County",470313,195.614409978036,0.110341795801736,342.750466178906,27.2159179099876,191.3619228046,11.0341795801736
2020-10-16,11908,72,11405,71,503,1,12767,61,148940,390,161707,451,1,85,-26,858,97,10965,3,444,92,"Knox County",470313,177.116090773591,0.109718638653397,95.893585760972,15.308953824368,182.431699740386,10.9718638653397
2020-10-15,11836,74,11334,62,502,12,12706,66,148550,941,161256,1007,1,84,-56,884,129,10868,3,441,90,"Knox County",470313,154.152660037039,0.10719131614654,214.112729182481,15.7342025417116,187.959933065852,10.719131614654
2020-10-14,11762,149,11272,143,490,6,12640,150,147609,1086,160249,1236,0,83,58,940,91,10739,5,438,88,"Knox County",470313,170.524735654766,0.11031847133758,262.803707318318,31.6810294420949,199.866897151471,11.031847133758
2020-10-13,11613,71,11129,68,484,3,12490,63,146523,581,159013,644,1,83,-36,882,106,10648,6,433,88,"Knox County",470313,158.617771569146,0.102432610124918,136.930086984625,15.0963294656962,187.534684348508,10.2432610124918
2020-10-12,11542,79,11061,66,481,13,12427,87,145942,806,158369,893,0,82,-42,918,121,10542,5,427,87,"Knox County",470313,151.601167732978,0.100644987906477,189.873552293898,16.7973243350705,195.189161260692,10.0644987906477
2020-10-11,11463,170,10995,163,468,7,12340,179,145136,1612,157476,1791,0,82,94,960,76,10421,8,422,85,"Knox County",470313,157.979898493131,0.0995546240503013,380.810226381155,36.1461409742023,204.119384324907,9.95546240503013
2020-10-10,11293,130,10832,122,461,8,12161,132,143524,1393,155685,1525,0,82,46,866,84,10345,3,414,85,"Knox County",470313,158.405147210475,0.0977872002120048,324.252146974462,27.6411666273312,184.13269460976,9.77872002120048
2020-10-09,11163,120,10710,118,453,2,12029,134,142131,1336,154160,1470,0,82,34,820,86,10261,3,411,85,"Knox County",470313,168.61111642672,0.0946766285314032,312.557807247514,25.5149230406134,174.351974110858,9.46766285314032
2020-10-08,11043,110,10592,102,451,8,11895,103,140795,943,152690,1046,1,82,32,786,77,10175,4,408,85,"Knox County",470313,176.265593338904,0.0985473561882626,222.40507917068,23.3886794538956,167.122745916018,9.85473561882626
2020-10-07,10933,104,10490,88,443,16,11792,95,139852,1650,151644,1745,0,81,11,754,93,10098,5,404,85,"Knox County",470313,166.697497198674,0.087008997147246,371.029505882253,22.1129333018649,160.318766438521,8.7008997147246
2020-10-06,10829,115,10402,102,427,13,11697,114,138202,1393,149899,1507,0,81,3,743,112,10005,4,399,84,"Knox County",470313,176.052968980232,0.0845945675052621,320.42490851837,24.4518012472545,157.979898493131,8.45945675052621
2020-10-05,10714,118,10300,109,414,9,11583,123,136809,1238,148392,1361,0,81,11,740,107,9893,5,395,84,"Knox County",470313,184.345318968432,0.0842508377213978,289.38175215229,25.0896743232698,157.342025417116,8.42508377213978
2020-10-04,10596,96,10191,89,405,7,11460,99,135571,1827,147031,1926,1,81,31,729,64,9786,2,390,82,"Knox County",470313,168.61111642672,0.0756143667296786,409.514514801845,20.4119384324907,155.003157471726,7.56143667296786
2020-10-03,10500,77,10102,76,398,1,11361,92,133744,1864,145105,1956,0,80,6,698,71,9722,2,388,82,"Knox County",470313,157.342025417116,0.0690218872037054,415.893245561998,16.3720756177269,148.411802352901,6.90218872037054
2020-10-02,10423,82,10026,79,397,3,11269,82,131880,602,143149,684,0,80,-17,692,99,9651,1,386,82,"Knox County",470313,149.262299787588,0.0692420537897311,145.435061331496,17.4351974110858,147.13605620087,6.92420537897311
2020-10-01,10341,71,9947,68,394,3,11187,73,131278,683,142465,756,0,80,2,709,69,9552,1,385,82,"Knox County",470313,140.969949799389,0.0682435832913941,160.744015155864,15.0963294656962,150.750670298291,6.82435832913941
2020-09-30,10270,75,9879,72,391,3,11114,70,130595,675,141709,745,1,80,-32,707,106,9483,2,384,82,"Knox County",470313,134.803843397907,0.0730833799664242,158.405147210475,15.9468269003834,150.325421580947,7.30833799664242
2020-09-29,10195,80,9807,75,388,5,11044,87,129920,1140,140964,1227,-1,79,-16,739,97,9377,2,382,82,"Knox County",470313,127.361990844395,0.0723281340265742,260.890088090272,17.0099486937423,157.129401058444,7.23281340265742
2020-09-28,10115,57,9732,51,383,6,10957,49,128780,431,139737,480,1,80,-70,755,126,9280,3,380,81,"Knox County",470313,114.391904965417,0.0710059171597633,102.059692162454,12.1195884442914,160.531390797193,7.10059171597633
2020-09-27,10058,72,9681,67,377,5,10908,79,128349,978,139257,1057,0,79,-18,825,90,9154,3,377,79,"Knox County",470313,109.288920357294,0.0770456191165822,224.74394711607,15.308953824368,175.415095904217,7.70456191165822
2020-09-26,9986,127,9614,122,372,5,10829,136,127371,2087,138200,2223,4,79,9,843,114,9064,5,374,79,"Knox County",470313,119.920138290883,0.0803123257110987,472.663949327363,27.0032935513158,179.242334360309,8.03123257110987
2020-09-25,9859,102,9492,100,367,2,10693,103,125284,1439,135977,1542,0,75,-3,834,105,8950,1,369,79,"Knox County",470313,124.172625464318,0.074346201743462,327.866761071882,21.6876845845214,177.328715132263,7.4346201743462
2020-09-24,9757,92,9392,89,365,3,10590,105,123845,1717,134435,1822,0,75,-52,837,144,8845,3,368,76,"Knox County",470313,128.637736996426,0.0691512752858399,387.40158149998,19.5614409978036,177.966588208278,6.91512752858399
2020-09-23,9665,53,9303,52,362,1,10485,49,122128,432,132613,481,2,75,-123,889,174,8701,2,365,76,"Knox County",470313,123.960001105647,0.0688405797101449,102.272316521125,11.2690910096042,189.023054859211,6.88405797101449
2020-09-22,9612,82,9251,75,361,7,10436,88,121696,1140,132132,1228,1,73,-53,1012,134,8527,3,363,76,"Knox County",470313,124.38524982299,0.0689459979621873,261.102712448944,17.4351974110858,215.175850975839,6.89459979621873
2020-09-21,9530,34,9176,30,354,4,10348,32,120556,379,130904,411,0,72,-103,1065,137,8393,2,360,76,"Knox County",470313,119.494889573539,0.0675490643541762,87.3886114141008,7.22922819484046,226.444941985444,6.75490643541762
2020-09-20,9496,97,9146,78,350,19,10316,88,120177,707,130493,795,0,72,-17,1168,114,8256,1,358,76,"Knox County",470313,124.810498540334,0.0706892495883322,169.036365144064,20.6245627911625,248.345250928637,7.06892495883322
2020-09-19,9399,132,9068,129,331,3,10228,136,119470,1466,129698,1602,1,72,31,1185,100,8142,5,357,74,"Knox County",470313,125.873620333693,0.0762593579494988,340.624222592189,28.0664153446747,251.959865026057,7.62593579494988
2020-09-18,9267,118,8939,114,328,4,10092,129,118004,1606,128096,1735,3,71,-16,1154,131,8042,3,352,74,"Knox County",470313,129.275610072441,0.0776566757493188,368.903262295535,25.0896743232698,245.368509907232,7.76566757493188
2020-09-17,9149,126,8825,119,324,7,9963,124,116398,1516,126361,1640,0,68,-15,1170,141,7911,6,349,74,"Knox County",470313,136.504838267282,0.0818550430816016,348.703948221716,26.790669192644,248.77049964598,8.18550430816016
2020-09-16,9023,99,8706,77,317,22,9839,117,114882,768,124721,885,1,68,-90,1185,188,7770,3,343,72,"Knox County",470313,146.285558766183,0.0860655737704918,188.172557424524,21.049811508506,251.959865026057,8.60655737704918
2020-09-15,8924,132,8629,126,295,6,9722,136,114114,1338,123836,1474,0,67,-65,1275,197,7582,3,340,71,"Knox County",470313,156.916776699772,0.089206274877078,313.408304682201,28.0664153446747,271.096057306517,8.9206274877078
2020-09-14,8792,127,8503,124,289,3,9586,136,112776,902,122362,1038,0,67,-68,1340,195,7385,5,337,71,"Knox County",470313,176.690842056248,0.0944486857890719,220.704084301306,27.0032935513158,284.916640620183,9.44486857890719
2020-09-13,8665,143,8379,136,286,7,9450,148,111874,1008,121324,1156,0,67,-8,1408,151,7190,0,332,71,"Knox County",470313,186.471562555149,0.0971668415529906,245.793758624576,30.4052832900643,299.375097009864,9.71668415529906
2020-09-12,8522,130,8243,123,279,7,9302,141,110866,1177,120168,1318,1,67,29,1416,100,7039,1,332,71,"Knox County",470313,186.046313837806,0.100692191217824,280.238904729404,27.6411666273312,301.076091879238,10.0692191217824
2020-09-11,8392,104,8120,95,272,9,9161,106,109689,773,118850,879,0,66,-17,1387,121,6939,5,331,69,"Knox County",470313,183.069572816401,0.108224076281287,186.896811272493,22.1129333018649,294.909985477756,10.8224076281287
2020-09-10,8288,192,8025,189,263,3,9055,192,108916,1501,117971,1693,0,66,89,1404,103,6818,5,326,67,"Knox County",470313,197.102780488738,0.115598720833827,359.97303923132,40.8238768649814,298.524599575177,11.5598720833827
2020-09-09,8096,91,7836,82,260,9,8863,93,107415,1710,116278,1803,0,66,-23,1315,114,6715,2,321,67,"Knox County",470313,195.401785619364,0.101698536481145,383.361718685216,19.3488166391318,279.601031653388,10.1698536481145
2020-09-08,8005,126,7754,124,251,2,8770,133,105705,702,114475,835,1,66,30,1338,95,6601,8,319,67,"Knox County",470313,194.126039467333,0.108805319880761,177.541339490935,26.790669192644,284.491391902839,10.8805319880761
2020-09-07,7879,95,7630,92,249,3,8637,98,105003,347,113640,445,1,65,11,1308,83,6506,0,311,67,"Knox County",470313,187.322059989837,0.112067905031369,94.6178396089413,20.1993140738189,278.112661142686,11.2067905031369
2020-09-06,7784,96,7538,92,246,4,8539,94,104656,476,113195,570,0,64,23,1297,73,6423,1,311,67,"Knox County",470313,177.328715132263,0.113615272438022,121.195884442914,20.4119384324907,275.773793197296,11.3615272438022
2020-09-05,7688,284,7446,282,242,2,8445,295,104180,1506,112625,1801,0,64,215,1274,69,6350,4,310,64,"Knox County",470313,210.072866367717,0.125965611761774,382.936469967872,60.385317862785,270.883432947845,12.5965611761774
2020-09-04,7404,93,7164,89,240,4,8150,97,102674,565,110824,662,1,64,16,1059,76,6281,0,306,64,"Knox County",470313,207.733998422327,0.12831348444103,140.757325440717,19.7740653564754,225.169195833413,12.831348444103
2020-09-03,7311,190,7075,184,236,6,8053,198,102109,1798,110162,1996,2,63,107,1043,81,6205,6,306,64,"Knox County",470313,207.308749704984,0.124260355029586,424.398219908869,40.3986281476379,221.767206094665,12.4260355029586
2020-09-02,7121,124,6891,120,230,4,7855,121,100311,1461,108166,1582,2,61,40,936,82,6124,5,300,63,"Knox County",470313,214.325353541152,0.131288810036751,336.371735418753,26.3654204753005,199.016399716784,13.1288810036751
2020-09-01,6997,153,6771,146,226,7,7734,158,98850,660,106584,818,2,59,64,896,87,6042,4,295,62,"Knox County",470313,220.06621122529,0.134747269494539,173.926725393515,32.5315268767821,190.511425369913,13.4747269494539
2020-08-31,6844,99,6625,93,219,6,7576,94,98190,431,105766,525,0,57,18,832,81,5955,3,291,59,"Knox County",470313,220.916708659978,0.132889112396279,111.627788302684,21.049811508506,176.903466414919,13.2889112396279
2020-08-30,6745,72,6532,71,213,1,7482,76,97759,423,105241,499,1,57,5,814,66,5874,1,288,59,"Knox County",470313,215.813724051855,0.131802613218318,106.099554977217,15.308953824368,173.076227958827,13.1802613218318
2020-08-29,6673,118,6461,113,212,5,7406,125,97336,1391,104742,1516,5,56,37,809,76,5808,3,287,57,"Knox County",470313,180.51808051234,0.114372203211371,322.338527746416,25.0896743232698,172.013106165469,11.4372203211371
2020-08-28,6555,89,6348,85,207,4,7281,91,95945,309,103226,400,0,51,-7,772,96,5732,3,284,57,"Knox County",470313,179.667583077653,0.117639040348964,85.0497434687113,18.9235679217883,164.146004894613,11.7639040348964
2020-08-27,6466,116,6263,112,203,4,7190,134,95636,1987,102826,2121,0,51,24,779,92,5636,2,281,57,"Knox County",470313,163.933380535941,0.107090202385739,450.976264742841,24.6644256059263,165.634375405315,10.7090202385739
2020-08-26,6350,77,6151,76,199,1,7056,86,93649,794,100705,880,0,51,-15,755,92,5544,3,279,56,"Knox County",470313,153.940035678367,0.113034472555112,187.109435631165,16.3720756177269,160.531390797193,11.3034472555112
2020-08-25,6273,87,6075,82,198,5,6970,96,92855,896,99825,992,2,51,-6,770,91,5452,3,276,55,"Knox County",470313,139.90682800603,0.101254868022501,210.923363802404,18.4983192044447,163.720756177269,10.1254868022501
2020-08-24,6186,32,5993,28,193,4,6874,29,91959,261,98833,290,0,49,-66,776,98,5361,1,273,55,"Knox County",470313,125.660995975021,0.0951030158256196,61.6610640148157,6.8039794774969,164.9965023293,9.51030158256196
2020-08-23,6154,76,5965,75,189,1,6845,74,91698,566,98543,640,0,49,13,842,63,5263,3,272,55,"Knox County",470313,126.511493409708,0.0928498318467612,136.079589549938,16.1594512590551,179.029710001637,9.28498318467612
2020-08-22,6078,137,5890,136,188,1,6771,154,91132,1892,97903,2046,0,49,70,829,67,5200,4,269,55,"Knox County",470313,130.551356224472,0.0901072058623965,435.029437842458,29.1295371380336,176.265593338904,9.01072058623965
2020-08-21,5941,30,5754,30,187,0,6617,41,89240,262,95857,303,1,49,-62,759,91,5133,1,265,55,"Knox County",470313,118.006519062837,0.0844334433443344,64.4251806775488,6.37873076015334,161.38188823188,8.44334433443344
2020-08-20,5911,119,5724,117,187,2,6576,130,88978,2068,95554,2198,3,48,24,821,92,5042,3,264,55,"Knox County",470313,118.644392138852,0.0830044904068581,467.348340360568,25.3022986819416,174.56459846953,8.30044904068581
2020-08-19,5792,46,5607,41,185,5,6446,48,86910,608,93356,656,2,45,-50,797,94,4950,4,261,55,"Knox County",470313,112.053037020027,0.080280701754386,139.481579288686,9.7807204989018,169.461613861407,8.0280701754386
2020-08-18,5746,134,5566,132,180,2,6398,152,86302,1164,92700,1316,0,43,3,847,131,4856,4,257,55,"Knox County",470313,122.046381877601,0.0843066183380319,279.81365601206,28.4916640620183,180.092831794996,8.43066183380319
2020-08-17,5612,50,5434,42,178,8,6246,50,85138,289,91384,339,1,43,-70,844,119,4725,0,253,54,"Knox County",470313,125.873620333693,0.0865564150440117,72.0796575897328,10.6312179335889,179.454958718981,8.65564150440117
2020-08-16,5562,83,5392,78,170,5,6196,82,84849,587,91045,669,0,42,11,914,72,4606,1,253,53,"Knox County",470313,127.361990844395,0.0872857712235951,142.24569595142,17.6478217697576,194.338663826005,8.72857712235951
2020-08-15,5479,119,5314,116,165,3,6114,132,84262,1223,90376,1355,1,42,42,903,76,4534,2,252,52,"Knox County",470313,123.534752388303,0.0928905792861322,288.106006000259,25.3022986819416,191.999795880616,9.28905792861323
2020-08-14,5360,91,5198,83,162,8,5982,96,83039,1024,89021,1120,0,41,5,861,86,4458,2,250,52,"Knox County",470313,136.504838267282,0.0901607212857703,238.139281712392,19.3488166391318,183.069572816401,9.01607212857703
2020-08-13,5269,127,5115,126,154,1,5886,229,82015,1778,87901,2007,1,41,13,856,113,4372,4,248,51,"Knox County",470313,138.205833136656,0.105735727686947,426.737087854259,27.0032935513158,182.006451023042,10.5735727686947
2020-08-12,5142,79,4989,72,153,7,5657,88,80237,892,85894,980,0,40,-40,843,119,4259,1,244,50,"Knox County",470313,145.222436972824,0.106473156948369,208.371871498343,16.7973243350705,179.242334360309,10.6473156948369
2020-08-11,5063,111,4917,108,146,3,5569,117,79345,1121,84914,1238,0,40,2,883,109,4140,5,243,50,"Knox County",470313,140.332076723374,0.103009859885833,263.228956035661,23.6013038125674,187.74730870718,10.3009859885833
2020-08-10,4952,37,4809,35,143,2,5452,35,78224,365,83676,400,1,40,-94,881,130,4031,0,238,48,"Knox County",470313,137.56796006064,0.100270305058566,85.0497434687113,7.86710127085579,187.322059989837,10.0270305058566
2020-08-09,4915,85,4774,81,141,4,5417,109,77859,826,83276,935,1,39,25,975,59,3901,4,238,48,"Knox County",470313,137.993208777984,0.10031113876789,198.803775358113,18.0730704871011,207.308749704984,10.031113876789
2020-08-08,4830,157,4693,156,137,1,5308,176,77033,2284,82341,2460,1,38,96,950,60,3842,4,234,47,"Knox County",470313,146.072934407512,0.0929978118161926,523.055922332574,33.3820243114692,201.993140738189,9.29978118161926
2020-08-07,4673,50,4537,46,136,4,5132,44,74749,403,79881,447,0,37,-35,854,85,3782,0,230,45,"Knox County",470313,137.355335701969,0.0942482579426007,95.0430883262848,10.6312179335889,181.581202305699,9.42482579426007
2020-08-06,4623,113,4491,105,132,8,5088,121,74346,1463,79434,1584,-1,37,41,889,73,3697,5,230,43,"Knox County",470313,134.378594680564,0.0857782197911487,336.796984136097,24.0265525299109,189.023054859211,8.57782197911487
2020-08-05,4510,99,4386,99,124,0,4967,100,72883,1107,77850,1207,1,38,-1,848,99,3624,3,225,42,"Knox County",470313,138.631081853999,0.0848748639825898,256.637600916836,21.049811508506,180.305456153668,8.48748639825898
2020-08-04,4411,112,4287,111,124,1,4867,106,71776,1082,76643,1188,1,37,-31,849,142,3525,9,222,41,"Knox County",470313,138.843706212671,0.0840530349105948,252.597738102072,23.8139281712392,180.51808051234,8.40530349105948
2020-08-03,4299,50,4176,50,123,0,4761,81,70694,593,75455,674,2,36,-59,880,107,3383,1,213,41,"Knox County",470313,141.607822875404,0.0867569158328429,143.308817744778,10.6312179335889,187.109435631165,8.67569158328429
2020-08-02,4249,97,4126,91,123,6,4680,95,70101,692,74781,787,3,34,28,939,66,3276,2,212,40,"Knox County",470313,144.159315179466,0.0866179465676291,167.335370274689,20.6245627911625,199.6542727928,8.66179465676291
2020-08-01,4152,118,4035,110,117,8,4585,118,69409,1417,73994,1535,1,31,29,911,88,3210,1,210,40,"Knox County",470313,135.866965191266,0.0895984909727836,326.37839056118,25.0896743232698,193.70079074999,8.95984909727836
2020-07-31,4034,117,3925,114,109,3,4467,116,67992,1060,72459,1176,2,30,9,882,106,3122,1,209,39,"Knox County",470313,150.112797222275,0.0904183535762483,250.046245798011,24.877049964598,187.534684348508,9.04183535762483
2020-07-30,3917,189,3811,186,106,3,4351,227,66932,2420,71283,2647,1,28,78,873,110,3016,7,208,36,"Knox County",470313,166.272248481331,0.0914912090297374,562.816677404197,40.1860037889661,185.621065120462,9.14912090297373
2020-07-29,3728,75,3625,71,103,4,4124,60,64512,438,68636,498,0,27,-40,795,115,2906,3,201,34,"Knox County",470313,161.169263873208,0.0944150499706055,105.886930618546,15.9468269003834,169.036365144064,9.44150499706055
2020-07-28,3653,154,3554,152,99,2,4064,186,64074,1211,68138,1397,1,27,46,835,107,2791,3,198,30,"Knox County",470313,170.099486937423,0.101331191186596,297.036229064474,32.7441512354538,177.541339490935,10.1331191186596
2020-07-27,3499,83,3402,76,97,7,3878,85,62863,677,66741,762,3,26,-36,789,116,2684,2,195,30,"Knox County",470313,177.116090773591,0.100772551692797,162.019761307895,17.6478217697576,167.760618992033,10.0772551692797
2020-07-26,3416,118,3326,113,90,5,3793,132,62186,1473,65979,1605,0,23,49,825,69,2568,2,193,29,"Knox County",470313,181.581202305699,0.0960498960498961,341.262095668204,25.0896743232698,175.415095904217,9.6049896049896
2020-07-25,3298,175,3213,172,85,3,3661,197,60713,1949,64374,2146,2,23,95,776,78,2499,3,191,28,"Knox County",470313,193.70079074999,0.0980353826605415,456.291873709636,37.2092627675612,164.9965023293,9.80353826605415
2020-07-24,3123,106,3041,99,82,7,3464,113,58764,916,62228,1029,0,21,-15,681,121,2421,4,188,25,"Knox County",470313,191.3619228046,0.0991669972233241,218.79046507326,22.5381820192085,144.797188255481,9.91669972233241
2020-07-23,3017,205,2942,197,75,8,3351,254,57848,2389,61199,2643,0,21,89,696,116,2300,4,184,25,"Knox County",470313,194.763912543349,0.101884920634921,561.96617996951,43.5879935277145,147.986553635558,10.1884920634921
2020-07-22,2812,69,2745,61,67,8,3097,63,55459,437,58556,500,3,21,-68,607,134,2184,3,180,24,"Knox County",470313,193.488166391318,0.102162269390994,106.312179335889,14.6710807483527,129.062985713769,10.2162269390994
2020-07-21,2743,232,2684,228,59,4,3034,280,55022,1691,58056,1971,0,18,120,675,112,2050,12,177,24,"Knox County",470313,210.072866367717,0.10548048048048,419.082610942075,49.3288512118525,143.52144210345,10.548048048048
2020-07-20,2511,74,2456,70,55,4,2754,57,53331,364,56085,421,0,18,-59,555,133,1938,4,165,23,"Knox County",470313,208.159247139671,0.106253029568589,89.5148550008186,15.7342025417116,118.006519062837,10.6253029568589
2020-07-19,2437,84,2386,74,51,10,2697,74,52967,577,55664,651,0,18,-16,614,100,1805,0,161,22,"Knox County",470313,200.93001894483,0.110885589146459,138.418457495328,17.8604461284294,130.551356224472,11.0885589146459
2020-07-18,2353,112,2312,109,41,3,2623,146,52390,2258,55013,2404,1,18,36,630,75,1705,8,161,20,"Knox County",470313,187.534684348508,0.102609418858509,511.148958246955,23.8139281712392,133.95334596322,10.2609418858509
2020-07-17,2241,74,2203,74,38,0,2477,80,50132,347,52609,427,0,17,3,594,71,1630,6,153,19,"Knox County",470313,180.730704871011,0.105800155262282,90.7906011528493,15.7342025417116,126.298869051036,10.5800155262282
2020-07-16,2167,187,2129,185,38,2,2397,228,49785,2035,52182,2263,2,17,97,591,88,1559,3,147,17,"Knox County",470313,176.903466414919,0.107444714599977,481.168923674234,39.7607550716225,125.660995975021,10.7444714599977
2020-07-15,1980,78,1944,78,36,0,2169,80,47750,511,49919,591,3,15,-14,494,89,1471,4,144,17,"Knox County",470313,178.817085642965,0.10827222731439,125.660995975021,16.5846999763987,105.036433183858,10.827222731439
2020-07-14,1902,95,1866,95,36,0,2089,127,47239,777,49328,904,2,12,12,508,81,1382,1,140,16,"Knox County",470313,149.687548504932,0.103380759691946,192.212420239287,20.1993140738189,108.013174205263,10.3380759691946
2020-07-13,1807,94,1771,92,36,2,1962,59,46462,655,48424,714,1,10,20,496,73,1301,2,139,15,"Knox County",470313,153.940035678367,0.099823987930601,151.81379209165,19.9866897151471,105.461681901202,9.9823987930601
2020-07-12,1713,69,1679,67,34,2,1903,87,45807,916,47710,1003,0,9,27,476,42,1228,4,137,12,"Knox County",470313,150.750670298291,0.097158680471948,213.262231747793,14.6710807483527,101.209194727766,9.7158680471948
2020-07-11,1644,28,1612,27,32,1,1816,36,44891,883,46707,919,0,9,-16,449,44,1186,2,133,11,"Knox County",470313,132.890224169861,0.10218443043542,195.401785619364,5.95348204280979,95.4683370436284,10.218443043542
2020-07-10,1616,78,1585,74,31,4,1780,68,44008,418,45788,486,0,9,29,465,49,1142,6,131,10,"Knox County",470313,133.740721604548,0.0995639534883721,103.335438314484,16.5846999763987,98.8703267823768,9.95639534883721
2020-07-09,1538,70,1511,66,27,4,1712,88,43590,1652,45302,1740,0,9,23,436,47,1093,8,125,10,"Knox County",470313,108.86367163995,0.0857322636463741,369.966384088894,14.8837051070245,92.7042203808953,8.57322636463741
2020-07-08,1468,70,1445,65,23,5,1624,63,41938,594,43562,657,1,9,15,413,54,1046,5,117,10,"Knox County",470313,107.162676770576,0.0822045773003269,139.694203647358,14.8837051070245,87.8138601314444,8.2204577300327
2020-07-07,1398,79,1380,79,18,0,1561,104,41344,1305,42905,1409,0,8,38,398,41,992,7,112,10,"Knox County",470313,103.760687031828,0.0728926096997691,299.587721368535,16.7973243350705,84.6244947513677,7.28926096997691
2020-07-06,1319,35,1301,35,18,0,1457,34,40039,658,41496,692,1,8,-19,360,53,951,6,105,9,"Knox County",470313,91.2158498701928,0.0695047784535187,147.13605620087,7.44185255351224,76.5447691218401,6.95047784535187
2020-07-05,1284,77,1266,77,18,0,1423,109,39381,1081,40804,1190,2,7,34,379,41,898,6,99,9,"Knox County",470313,92.9168447395671,0.0707740025377132,253.022986819416,16.3720756177269,80.5846319366039,7.07740025377132
2020-07-04,1207,41,1189,40,18,1,1314,50,38300,1141,39614,1191,0,5,4,345,37,857,1,93,8,"Knox County",470313,95.6809614023002,0.070061099796334,253.235611178088,8.7175987055429,73.3554037417635,7.0061099796334
2020-07-03,1166,62,1149,61,17,1,1264,49,37159,910,38423,959,0,5,27,341,35,820,4,92,6,"Knox County",470313,92.2789716635517,0.0634090329165603,203.906759966235,13.1827102376502,72.5049063070764,6.34090329165603
2020-07-02,1104,68,1088,68,16,0,1215,102,36249,1228,37464,1330,0,5,33,314,35,785,2,88,6,"Knox County",470313,91.8537229462082,0.0687937533656435,282.790397033465,14.4584563896809,66.7640486229383,6.87937533656435
2020-07-01,1036,49,1020,49,16,0,1113,34,35021,737,36134,771,0,5,25,281,24,750,4,86,6,"Knox County",470313,87.3886114141008,0.0639087775125961,163.933380535941,10.4185935749171,59.7474447867697,6.39087775125961
2020-06-30,987,40,971,39,16,1,1079,73,34284,1514,35363,1587,0,5,18,256,22,726,3,82,5,"Knox County",470313,79.0962614259015,0.058419689119171,337.434857212112,8.50497434687113,54.4318358199752,5.8419689119171
2020-06-29,947,51,932,51,15,0,1006,79,32770,1333,33776,1412,0,5,20,238,31,704,3,79,5,"Knox County",470313,82.4982511646499,0.0587677725118483,300.225594444551,10.8438422922607,50.6045973638832,5.87677725118483
2020-06-28,896,10,881,10,15,0,927,30,31437,684,32364,714,0,5,-5,218,15,673,1,76,5,"Knox County",470313,68.2524191336408,0.0523606228026118,151.81379209165,2.12624358671778,46.3521101904476,5.23606228026117
2020-06-27,886,29,871,29,15,0,897,16,30753,111,31650,127,0,5,18,223,11,658,3,75,5,"Knox County",470313,65.7009268295794,0.0555072463768116,27.0032935513158,6.16610640148157,47.4152319838065,5.55072463768116
2020-06-26,857,37,842,37,15,0,881,14,30642,319,31523,333,0,5,17,205,20,647,8,72,5,"Knox County",470313,60.385317862785,0.0554670066942939,70.8039114377021,7.86710127085579,43.5879935277145,5.54670066942939
2020-06-25,820,32,805,32,15,0,867,52,30323,702,31190,754,0,5,13,188,19,627,1,64,5,"Knox County",470313,52.730840950601,0.0522990522990523,160.318766438521,6.8039794774969,39.9733794302943,5.22990522990523
2020-06-24,788,35,773,34,15,1,815,32,29621,272,30436,304,0,5,22,175,13,608,1,63,5,"Knox County",470313,49.7540999291961,0.0565857388644619,64.6378050362206,7.44185255351224,37.2092627675612,5.65857388644619
2020-06-23,753,27,739,24,14,3,783,25,29349,216,30132,241,0,5,18,153,9,595,4,62,5,"Knox County",470313,46.989983266463,0.0638352638352638,51.2424704398985,5.74085768413801,32.5315268767821,6.38352638352638
2020-06-22,726,36,715,36,11,0,758,31,29133,572,29891,603,0,5,20,135,16,586,0,58,5,"Knox County",470313,43.8006178863863,0.0650195058517555,128.212488279082,7.65447691218401,28.7042884206901,6.50195058517555
2020-06-21,690,31,679,31,11,0,727,37,28561,815,29288,852,0,5,16,115,15,570,1,58,5,"Knox County",470313,48.2657294184936,0.0644057249533292,181.155953588355,6.59135511882512,24.4518012472545,6.44057249533292
2020-06-20,659,17,648,17,11,0,690,9,27746,437,28436,446,0,5,11,99,6,555,2,57,5,"Knox County",470313,45.7142371144323,0.0566091140673648,94.8304639676131,3.61461409742023,21.049811508506,5.66091140673648
2020-06-19,642,30,631,28,11,2,681,10,27309,334,27990,344,0,5,8,88,22,549,1,55,5,"Knox County",470313,44.2258666037299,0.0553047404063205,73.1427793830917,6.37873076015334,18.7109435631165,5.53047404063205
2020-06-18,612,15,603,15,9,0,671,18,26975,804,27646,822,0,5,2,80,13,527,0,54,5,"Knox County",470313,40.6112525063096,0.0448504983388704,174.777222828202,3.18936538007667,17.0099486937423,4.48504983388704
2020-06-17,597,17,588,17,9,0,653,13,26171,282,26824,295,0,5,-3,78,20,514,0,54,5,"Knox County",470313,36.7840140502176,0.0396891479322787,62.7241858081746,3.61461409742023,16.5846999763987,3.96891479322787
2020-06-16,580,9,571,8,9,1,640,9,25889,178,26529,187,0,5,-2,81,11,494,0,54,5,"Knox County",470313,32.9567755941256,0.0357847280924204,39.7607550716225,1.913619228046,17.222573052414,3.57847280924204
2020-06-15,571,8,563,8,8,0,631,9,25711,218,26342,227,0,5,-5,83,13,483,0,54,5,"Knox County",470313,27.0032935513158,0.0330917113142137,48.2657294184936,1.70099486937423,17.6478217697576,3.30917113142137
2020-06-14,563,8,555,8,8,0,622,9,25493,624,26115,633,0,5,4,88,4,470,0,54,5,"Knox County",470313,22.1129333018649,0.0260663507109005,134.591219039236,1.70099486937423,18.7109435631165,2.60663507109005
2020-06-13,555,10,547,8,8,2,613,9,24869,213,25482,222,0,5,0,84,10,466,3,54,5,"Knox County",470313,20.6245627911625,0.0282051282051282,47.2026076251348,2.12624358671778,17.8604461284294,2.82051282051282
2020-06-12,545,19,539,19,6,0,604,19,24656,750,25260,769,0,5,1,84,18,456,0,51,5,"Knox County",470313,18.2856948457729,0.0272583201267829,163.508131818597,4.03986281476378,17.8604461284294,2.72583201267829
2020-06-11,526,7,520,7,6,0,585,10,23906,379,24491,389,0,5,1,83,6,438,2,51,5,"Knox County",470313,16.5846999763987,0.0286554004408523,82.7108755233217,1.48837051070245,17.6478217697576,2.86554004408523
2020-06-10,519,12,513,12,6,0,575,12,23527,706,24102,718,0,5,-6,82,18,432,0,49,5,"Knox County",470313,15.5215781830398,0.024483306836248,152.664289526337,2.55149230406134,17.4351974110858,2.4483306836248
2020-06-09,507,16,501,16,6,0,563,19,22821,508,23384,527,0,5,5,88,11,414,1,49,5,"Knox County",470313,17.0099486937423,0.0249641319942611,112.053037020027,3.40198973874845,18.7109435631165,2.49641319942611
2020-06-08,491,8,485,8,6,0,544,8,22313,336,22857,344,0,5,4,83,4,403,1,48,5,"Knox County",470313,17.0099486937423,0.0238756246529706,73.1427793830917,1.70099486937423,17.6478217697576,2.38756246529706
2020-06-07,483,7,477,7,6,0,536,8,21977,849,22513,857,0,5,0,79,7,399,1,47,5,"Knox County",470313,16.7973243350705,0.0222164140094093,182.219075381714,1.48837051070245,16.7973243350705,2.22164140094093
2020-06-06,476,11,470,11,6,0,528,12,21128,478,21656,490,0,5,5,79,6,392,0,46,5,"Knox County",470313,17.0099486937423,0.021494870542257,104.185935749171,2.33886794538956,16.7973243350705,2.1494870542257
2020-06-05,465,18,459,18,6,0,516,17,20650,518,21166,535,0,5,7,74,11,386,1,46,5,"Knox County",470313,16.7973243350705,0.022279792746114,113.754031889401,3.82723845609201,15.7342025417116,2.2279792746114
2020-06-04,447,4,441,4,6,0,499,4,20132,338,20631,342,0,5,-1,67,5,375,0,45,5,"Knox County",470313,16.1594512590551,0.02098085496984,72.7175306657481,0.850497434687113,14.2458320310091,2.098085496984
2020-06-03,443,4,437,4,6,0,495,4,19794,399,20289,403,0,5,-3,68,7,370,0,45,5,"Knox County",470313,14.4584563896809,0.0205831903945112,85.6876165447266,0.850497434687113,14.4584563896809,2.05831903945112
2020-06-02,439,26,433,25,6,1,491,24,19395,939,19886,963,0,5,21,71,5,363,2,45,5,"Knox County",470313,16.5846999763987,0.0195729537366548,204.757257400922,5.52823332546623,15.0963294656962,1.95729537366548
2020-06-01,413,17,408,17,5,0,467,20,18456,972,18923,992,0,5,4,50,13,358,0,43,5,"Knox County",470313,18.4983192044447,0.0194238323876037,210.923363802404,3.61461409742023,10.6312179335889,1.94238323876037
2020-05-31,396,7,391,7,5,0,447,7,17484,317,17931,324,0,5,3,46,4,345,0,43,5,"Knox County",470313,18.4983192044447,0.0217337614225735,68.8902922096561,1.48837051070245,9.7807204989018,2.17337614225735
2020-05-30,389,6,384,6,5,0,440,6,17167,294,17607,300,0,5,-1,43,7,341,2,43,5,"Knox County",470313,17.4351974110858,0.0212490282456595,63.7873076015334,1.27574615203067,9.14284742288646,2.12490282456595
2020-05-29,383,8,378,8,5,0,434,7,16873,205,17307,212,0,5,0,44,8,334,0,41,5,"Knox County",470313,15.308953824368,0.0203619909502262,45.076364038417,1.70099486937423,9.35547178155824,2.03619909502262
2020-05-28,375,11,370,11,5,0,427,11,16668,336,17095,347,0,5,7,44,4,326,0,41,5,"Knox County",470313,16.7973243350705,0.022310081897769,73.780652459107,2.33886794538956,9.35547178155824,2.2310081897769
2020-05-27,364,5,359,5,5,0,416,6,16332,420,16748,426,0,5,0,37,5,322,1,41,5,"Knox County",470313,17.0099486937423,0.0227272727272727,90.5779767941775,1.06312179335889,7.86710127085579,2.27272727272727
2020-05-26,359,9,354,9,5,0,410,10,15912,1142,16322,1152,0,5,7,37,2,317,0,40,5,"Knox County",470313,13.395334596322,0.0178523847588596,244.943261189888,1.913619228046,7.86710127085579,1.78523847588596
2020-05-25,350,9,345,9,5,0,400,11,14770,381,15170,392,0,5,5,30,4,315,1,40,5,"Knox County",470313,11.6943397269478,0.018395179194418,83.348748599337,1.913619228046,6.37873076015334,1.8395179194418
2020-05-24,341,2,336,2,5,0,389,3,14389,273,14778,276,0,5,1,25,1,311,0,39,5,"Knox County",470313,10.6312179335889,0.0173913043478261,58.6843229934108,0.425248717343556,5.31560896679445,1.73913043478261
2020-05-23,339,7,334,7,5,0,386,10,14116,360,14502,370,0,5,4,24,3,310,2,39,5,"Knox County",470313,10.8438422922607,0.0182677165354331,78.6710127085579,1.48837051070245,5.10298460812268,1.82677165354331
2020-05-22,332,1,327,1,5,0,376,1,13756,253,14132,254,0,5,-14,20,15,307,0,37,5,"Knox County",470313,9.35547178155824,0.0161641280696301,54.0065871026317,0.212624358671778,4.25248717343556,1.61641280696301
2020-05-21,331,0,326,0,5,0,375,0,13503,250,13878,250,0,5,-1,34,1,292,0,37,5,"Knox County",470313,7.01660383616868,0.0131410256410256,53.1560896679445,0,7.22922819484046,1.31410256410256
2020-05-20,331,7,326,7,5,0,375,7,13253,360,13628,367,0,5,4,35,3,291,0,37,5,"Knox County",470313,7.44185255351224,0.0137210062071219,78.0331396325426,1.48837051070245,7.44185255351224,1.37210062071219
2020-05-19,324,7,319,7,5,0,368,7,12893,369,13261,376,0,5,4,31,3,288,2,37,5,"Knox County",470313,7.01660383616868,0.0170678336980306,79.9467588605886,1.48837051070245,6.59135511882512,1.70678336980306
2020-05-18,317,3,312,3,5,0,361,4,12524,478,12885,482,0,5,0,27,3,285,0,35,5,"Knox County",470313,5.74085768413801,0.0134736842105263,102.484940879797,0.637873076015334,5.74085768413801,1.34736842105263
2020-05-17,314,3,309,3,5,0,357,5,12046,216,12403,221,0,5,1,27,2,282,1,35,5,"Knox County",470313,5.95348204280979,0.0146551724137931,46.989983266463,0.637873076015334,5.74085768413801,1.46551724137931
2020-05-16,311,0,306,0,5,0,352,0,11830,349,12182,349,0,5,-4,26,4,280,0,34,5,"Knox County",470313,4.46511153210734,0.0104393214441061,74.2059011764506,0,5.52823332546623,1.04393214441061
2020-05-15,311,1,306,1,5,0,352,4,11481,541,11833,545,0,5,-4,30,5,276,0,34,5,"Knox County",470313,4.46511153210734,0.0104247104247104,115.880275476119,0.212624358671778,6.37873076015334,1.04247104247104
2020-05-14,310,3,305,3,5,0,348,7,10940,458,11288,465,0,5,0,34,3,271,0,34,5,"Knox County",470313,5.10298460812268,0.0121212121212121,98.8703267823768,0.637873076015334,7.22922819484046,1.21212121212121
2020-05-13,307,7,302,7,5,0,341,5,10482,341,10823,346,0,5,1,34,6,268,0,34,5,"Knox County",470313,5.10298460812268,0.0114942528735632,73.5680281004352,1.48837051070245,7.22922819484046,1.14942528735632
2020-05-12,300,6,295,6,5,0,336,8,10141,401,10477,409,0,5,3,33,3,262,0,34,5,"Knox County",470313,4.8903602494509,0.0117145899893504,86.9633626967573,1.27574615203067,7.01660383616868,1.17145899893504
2020-05-11,294,16,289,16,5,0,328,12,9740,254,10068,266,0,5,9,30,7,259,1,34,5,"Knox County",470313,7.65447691218401,0.015763168012303,56.558079406693,3.40198973874845,6.37873076015334,1.5763168012303
2020-05-10,278,5,273,5,5,0,316,5,9486,221,9802,226,0,5,1,21,4,252,1,33,5,"Knox County",470313,8.07972562952757,0.0157329240214889,48.0531050598219,1.06312179335889,4.46511153210734,1.57329240214889
2020-05-09,273,2,268,2,5,0,311,4,9265,352,9576,356,0,5,-1,20,3,248,0,32,5,"Knox County",470313,8.50497434687113,0.0172215843857635,75.694271687153,0.425248717343556,4.25248717343556,1.72215843857635
2020-05-08,271,3,266,3,5,0,307,4,8913,265,9220,269,0,5,-2,21,5,245,0,32,5,"Knox County",470313,8.93022306421468,0.0192554557124519,57.1959524827083,0.637873076015334,4.46511153210734,1.92554557124519
2020-05-07,268,3,263,3,5,0,303,3,8648,220,8951,223,0,5,-2,23,5,240,0,32,5,"Knox County",470313,8.93022306421468,0.0195704057279236,47.4152319838065,0.637873076015334,4.8903602494509,1.95704057279236
2020-05-06,265,1,260,1,5,0,300,1,8428,185,8728,186,0,5,-7,25,8,235,0,32,5,"Knox County",470313,7.65447691218401,0.0191214470284238,39.5481307129507,0.212624358671778,5.31560896679445,1.91214470284238
2020-05-05,264,4,259,4,5,0,299,5,8243,305,8542,310,0,5,-1,32,5,227,0,32,5,"Knox County",470313,7.22922819484046,0.0185185185185185,65.9135511882512,0.850497434687113,6.8039794774969,1.85185185185185
2020-05-04,260,4,255,4,5,0,294,7,7938,259,8232,266,0,5,-3,33,7,222,0,32,5,"Knox County",470313,4.67773589077912,0.0157952069716776,56.558079406693,0.850497434687113,7.01660383616868,1.57952069716776
2020-05-03,256,7,251,5,5,2,287,6,7679,290,7966,296,0,5,6,36,1,215,2,32,5,"Knox County",470313,5.10298460812268,0.0157397691500525,62.9368101668463,1.48837051070245,7.65447691218401,1.57397691500525
2020-05-02,249,3,246,3,3,0,281,5,7389,308,7670,313,0,5,1,30,2,214,1,30,5,"Knox County",470313,5.31560896679445,0.0166398282340311,66.5514242642666,0.637873076015334,6.37873076015334,1.66398282340311
2020-05-01,246,9,243,8,3,1,276,7,7081,354,7357,361,0,5,4,29,5,212,0,29,5,"Knox County",470313,6.59135511882512,0.0173913043478261,76.7573934805119,1.913619228046,6.16610640148157,1.73913043478261
2020-04-30,237,4,235,4,2,0,269,3,6727,119,6996,122,0,5,-1,25,5,207,0,29,5,"Knox County",470313,6.8039794774969,0.0183387270765912,25.9401717579569,0.850497434687113,5.31560896679445,1.83387270765912
2020-04-29,233,8,231,8,2,0,266,10,6608,671,6874,681,0,5,5,26,3,202,0,29,5,"Knox County",470313,8.29234998819935,0.0183056619838229,144.797188255481,1.70099486937423,5.52823332546623,1.83056619838229
2020-04-28,225,8,223,8,2,0,256,10,5937,391,6193,401,1,5,4,21,3,199,0,29,5,"Knox County",470313,9.14284742288646,0.019672131147541,85.262367827383,1.70099486937423,4.46511153210734,1.9672131147541
2020-04-27,217,2,215,2,2,0,246,4,5546,161,5792,165,0,4,1,17,1,196,0,29,5,"Knox County",470313,8.7175987055429,0.0192389910218042,35.0830191808434,0.425248717343556,3.61461409742023,1.92389910218042
2020-04-26,215,1,213,1,2,0,242,1,5385,172,5627,173,0,4,-2,16,3,195,0,29,4,"Knox County",470313,7.44185255351224,0.0180505415162455,36.7840140502176,0.212624358671778,3.40198973874845,1.80505415162455
2020-04-25,214,0,212,0,2,0,241,0,5213,53,5454,53,0,4,-6,18,6,192,0,29,4,"Knox County",470313,6.8039794774969,0.0178936605316973,11.2690910096042,0,3.82723845609201,1.78936605316973
2020-04-24,214,8,212,8,2,0,241,10,5160,836,5401,846,0,4,5,24,3,186,1,29,4,"Knox County",470313,6.59135511882512,0.0155673904137649,179.880207436324,1.70099486937423,5.10298460812268,1.55673904137648
2020-04-23,206,1,204,1,2,0,231,2,4324,137,4555,139,0,4,0,19,1,183,0,28,4,"Knox County",470313,5.95348204280979,0.0150528885272579,29.5547858553772,0.212624358671778,4.03986281476378,1.50528885272579
2020-04-22,205,5,203,3,2,2,229,2,4187,189,4416,191,0,4,1,19,4,182,0,28,4,"Knox County",470313,5.31560896679445,0.0147357723577236,40.6112525063096,1.06312179335889,4.03986281476378,1.47357723577236
2020-04-21,200,4,200,4,0,0,227,5,3998,475,4225,480,0,4,-2,18,6,178,1,28,4,"Knox County",470313,4.46511153210734,0.0117244748412311,102.059692162454,0.850497434687113,3.82723845609201,1.17244748412311
2020-04-20,196,3,196,3,0,0,222,2,3523,175,3745,177,0,4,-1,20,4,172,1,27,4,"Knox County",470313,4.67773589077912,0.0106847984458475,37.6345114849047,0.637873076015334,4.25248717343556,1.06847984458475
2020-04-19,193,0,193,0,0,0,220,0,3348,72,3568,72,0,4,-4,21,4,168,0,26,4,"Knox County",470313,4.46511153210734,0.0107252298263534,15.308953824368,0,4.46511153210734,1.07252298263534
2020-04-18,193,0,193,0,0,0,220,1,3276,135,3496,136,0,4,-5,25,5,164,0,26,4,"Knox County",470313,4.46511153210734,0.0107790298873101,28.9169127793618,0,5.31560896679445,1.07790298873101
2020-04-17,193,2,193,2,0,0,219,3,3141,104,3360,107,0,4,-2,30,4,159,1,26,4,"Knox County",470313,3.18936538007667,0.0115207373271889,22.7508063778803,0.425248717343556,6.37873076015334,1.15207373271889
2020-04-16,191,7,191,7,0,0,216,9,3037,213,3253,222,0,4,2,32,5,155,2,25,4,"Knox County",470313,4.46511153210734,0.015884476534296,47.2026076251348,1.48837051070245,6.8039794774969,1.5884476534296
2020-04-15,184,9,184,9,0,0,207,10,2824,84,3031,94,0,4,3,30,6,150,1,23,4,"Knox County",470313,5.31560896679445,0.0232919254658385,19.9866897151471,1.913619228046,6.37873076015334,2.32919254658385
2020-04-14,175,4,175,4,0,0,197,4,2740,102,2937,106,0,4,1,27,3,144,1,22,4,"Knox County",470313,5.31560896679445,0.0317286652078775,22.5381820192085,0.850497434687113,5.74085768413801,3.17286652078775
2020-04-13,171,4,171,4,0,0,193,9,2638,242,2831,251,0,4,-2,26,6,141,1,21,4,"Knox County",470313,5.52823332546623,0.0364372469635627,53.3687140266163,0.850497434687113,5.52823332546623,3.64372469635628
2020-04-12,167,5,167,5,0,0,184,6,2396,166,2580,172,0,4,1,28,4,135,0,20,4,"Knox County",470313,6.59135511882512,0.0386029411764706,36.5713896915458,1.06312179335889,5.95348204280979,3.86029411764706
2020-04-11,162,5,162,5,0,0,178,8,2230,313,2408,321,1,4,-4,27,8,131,1,20,4,"Knox County",470313,7.65447691218401,0.0384917517674784,68.2524191336408,1.06312179335889,5.74085768413801,3.84917517674784
2020-04-10,157,4,157,4,0,0,170,5,1917,123,2087,128,0,3,0,31,4,123,0,19,4,"Knox County",470313,8.07972562952757,0.0394126738794436,27.2159179099876,0.850497434687113,6.59135511882512,3.94126738794436
2020-04-09,153,1,153,1,0,0,165,1,1794,81,1959,82,0,3,-2,31,3,119,0,19,4,"Knox County",470313,6.8039794774969,0.037261698440208,17.4351974110858,0.212624358671778,6.59135511882512,3.7261698440208
2020-04-08,152,8,152,8,0,0,164,12,1713,111,1877,123,0,3,-3,33,11,116,1,19,4,"Knox County",470313,6.59135511882512,0.0380388841927303,26.1527961166287,1.70099486937423,7.01660383616868,3.80388841927303
2020-04-07,144,20,144,20,0,0,152,25,1602,366,1754,391,0,3,11,36,9,105,2,18,3,"Knox County",470313,9.99334485757357,0.0449591280653951,83.1361242406653,4.25248717343556,7.65447691218401,4.49591280653951
2020-04-06,124,8,124,8,0,0,127,14,1236,54,1363,68,2,3,-2,25,8,96,1,16,3,"Knox County",470313,10.8438422922607,0.0552529182879377,14.4584563896809,1.70099486937423,5.31560896679445,5.52529182879377
2020-04-05,116,4,116,4,0,0,113,10,1182,75,1295,85,0,1,-2,27,6,88,0,15,3,"Knox County",470313,10.6312179335889,0.0626043405676127,18.0730704871011,0.850497434687113,5.74085768413801,6.26043405676127
2020-04-04,112,15,112,15,0,0,103,6,1107,127,1210,133,0,1,4,29,11,82,1,15,2,"Knox County",470313,12.7574615203067,0.0722772277227723,28.2790397033465,3.18936538007667,6.16610640148157,7.22772277227723
2020-04-03,97,4,97,4,0,0,97,3,980,51,1077,54,0,1,-8,25,12,71,1,14,1,"Knox County",470313,12.7574615203067,0.0758547008547008,11.481715368276,0.850497434687113,5.31560896679445,7.58547008547009
2020-04-02,93,7,93,7,0,0,94,7,929,106,1023,113,0,1,NA,33,8,59,0,13,1,"Knox County",470313,14.0332076723374,0.0796277145811789,24.0265525299109,1.48837051070245,7.01660383616868,7.96277145811789
2020-04-01,86,15,86,15,0,0,87,15,823,140,910,155,NA,NA,NA,NA,7,51,1,13,1,"Knox County",470313,15.5215781830398,0.0800800800800801,32.9567755941256,3.18936538007667,NA,8.00800800800801
2020-03-31,71,8,71,8,0,0,72,11,683,58,755,69,NA,NA,NA,NA,12,44,1,12,1,"Knox County",470313,12.9700858789785,0.0974889217134417,14.6710807483527,1.70099486937423,NA,9.74889217134417
2020-03-30,63,13,63,13,0,0,61,15,625,130,686,145,NA,NA,NA,NA,9,32,2,11,1,"Knox County",470313,14.0332076723374,0.0888594164456233,30.8305320074078,2.76411666273312,NA,8.88594164456233
2020-03-29,50,8,50,8,0,0,46,8,495,55,541,63,NA,NA,NA,NA,6,23,1,9,1,"Knox County",470313,14.8837051070245,0.0887978142076503,13.395334596322,1.70099486937423,NA,8.87978142076503
2020-03-28,42,7,42,7,0,0,38,6,440,62,478,68,NA,NA,NA,NA,1,17,1,8,0,"Knox County",470313,13.1827102376502,0.0974512743628186,14.4584563896809,1.48837051070245,NA,9.74512743628186
2020-03-27,35,2,35,2,0,0,32,2,378,54,410,56,NA,NA,NA,NA,5,16,1,7,0,"Knox County",470313,12.7574615203067,0.0956651718983558,11.9069640856196,0.425248717343556,NA,9.56651718983558
2020-03-26,33,7,33,7,0,0,30,7,324,82,354,89,NA,NA,NA,NA,3,11,2,6,0,"Knox County",470313,12.7574615203067,0.0992248062015504,18.9235679217883,1.48837051070245,NA,9.92248062015504
2020-03-25,26,6,26,6,0,0,23,7,242,68,265,75,NA,NA,NA,NA,3,8,1,4,0,"Knox County",470313,10.8438422922607,0.0991150442477876,15.9468269003834,1.27574615203067,NA,9.91150442477876
2020-03-24,20,7,20,7,0,0,16,7,174,43,190,50,NA,NA,NA,NA,2,5,0,3,0,"Knox County",470313,10.6312179335889,0.0952380952380952,10.6312179335889,1.48837051070245,NA,9.52380952380952
2020-03-23,13,4,13,4,0,0,9,4,131,22,140,26,NA,NA,NA,NA,3,3,2,3,0,"Knox County",470313,8.7175987055429,0.0960187353629977,5.52823332546623,0.850497434687113,NA,9.60187353629976
2020-03-22,9,2,9,2,0,0,5,0,109,9,114,9,NA,NA,NA,NA,0,0,1,1,0,"Knox County",470313,7.44185255351224,0.0884718498659517,1.913619228046,0.425248717343556,NA,8.84718498659517
2020-03-21,7,1,7,1,0,0,5,2,100,17,105,19,NA,NA,NA,NA,0,0,0,0,0,"Knox County",470313,6.16610640148157,0.0895061728395062,4.03986281476378,0.212624358671778,NA,8.95061728395062
2020-03-20,6,5,6,5,0,0,3,2,83,38,86,40,NA,NA,NA,NA,0,0,0,0,0,"Knox County",470313,6.8039794774969,0.0941558441558442,8.50497434687113,1.06312179335889,NA,9.41558441558442
2020-03-19,1,0,1,0,0,0,1,0,45,11,46,11,NA,NA,NA,NA,0,0,0,0,0,"Knox County",470313,5.31560896679445,0.0956521739130435,2.33886794538956,0,NA,9.56521739130435
2020-03-18,1,0,1,0,0,0,1,0,34,15,35,15,NA,NA,NA,NA,0,0,0,0,0,"Knox County",470313,4.03986281476378,0.0882352941176471,3.18936538007667,0,NA,8.82352941176471
2020-03-17,1,0,1,0,0,0,1,0,19,5,20,5,NA,NA,NA,NA,0,0,0,0,0,"Knox County",470313,2.55149230406134,0.064,1.06312179335889,0,NA,6.4
2020-03-16,1,1,1,1,0,0,1,1,14,3,15,4,NA,NA,NA,NA,0,0,0,0,0,"Knox County",470313,1.913619228046,0.0485436893203883,0.850497434687113,0.212624358671778,NA,4.85436893203883
2020-03-15,0,0,0,0,0,0,0,0,11,1,11,1,NA,NA,NA,NA,0,0,0,0,0,"Knox County",470313,1.48837051070245,0.0526315789473684,0.212624358671778,0,NA,5.26315789473684
2020-03-14,0,0,0,0,0,0,0,0,10,8,10,8,NA,NA,NA,NA,0,0,0,0,0,"Knox County",470313,1.27574615203067,0.0357142857142857,1.70099486937423,0,NA,3.57142857142857
2020-03-13,0,0,0,0,0,0,0,0,2,0,2,0,NA,NA,NA,NA,0,0,0,0,0,"Knox County",470313,0.212624358671778,0.0227272727272727,0,0,NA,2.27272727272727
2020-03-12,0,0,0,0,0,0,0,0,2,2,2,2,NA,NA,NA,NA,0,0,0,0,0,"Knox County",470313,0.212624358671778,0.0285714285714286,0.425248717343556,0,NA,2.85714285714286
2020-03-12,0,0,0,0,0,0,0,0,0,0,0,0,NA,NA,NA,NA,0,0,0,0,0,"Anderson",76978,NA,NA,0,0,NA,NA
2020-03-13,0,0,0,0,0,0,0,0,1,1,1,1,NA,NA,NA,NA,0,0,0,0,0,"Anderson",76978,NA,NA,1.29907246226194,0,NA,NA
2020-03-14,0,0,0,0,0,0,0,0,1,0,1,0,NA,NA,NA,NA,0,0,0,0,0,"Anderson",76978,NA,NA,0,0,NA,NA
2020-03-15,0,0,0,0,0,0,0,0,1,0,1,0,NA,NA,NA,NA,0,0,0,0,0,"Anderson",76978,NA,NA,0,0,NA,NA
2020-03-16,0,0,0,0,0,0,0,0,2,1,2,1,NA,NA,NA,NA,0,0,0,0,0,"Anderson",76978,NA,NA,1.29907246226194,0,NA,NA
2020-03-17,0,0,0,0,0,0,0,0,4,2,4,2,NA,NA,NA,NA,0,0,0,0,0,"Anderson",76978,NA,NA,2.59814492452389,0,NA,NA
2020-03-18,0,0,0,0,0,0,0,0,4,0,4,0,NA,NA,NA,NA,0,0,0,0,0,"Anderson",76978,0,0,0,0,NA,0
2020-03-19,1,1,1,1,0,0,2,2,5,1,7,3,NA,NA,NA,NA,0,0,0,0,0,"Anderson",76978,1.29907246226194,0.285714285714286,3.89721738678583,1.29907246226194,NA,28.5714285714286
2020-03-20,1,0,1,0,0,0,2,0,7,2,9,2,NA,NA,NA,NA,0,0,0,0,0,"Anderson",76978,1.29907246226194,0.25,2.59814492452389,0,NA,25
2020-03-21,1,0,1,0,0,0,2,0,7,0,9,0,NA,NA,NA,NA,0,0,0,0,0,"Anderson",76978,1.29907246226194,0.25,0,0,NA,25
2020-03-22,1,0,1,0,0,0,2,0,10,3,12,3,NA,NA,NA,NA,0,0,0,0,0,"Anderson",76978,1.29907246226194,0.181818181818182,3.89721738678583,0,NA,18.1818181818182
2020-03-23,1,0,1,0,0,0,2,0,15,5,17,5,NA,NA,NA,NA,0,0,0,0,0,"Anderson",76978,1.29907246226194,0.133333333333333,6.49536231130973,0,NA,13.3333333333333
2020-03-24,1,0,1,0,0,0,2,0,20,5,22,5,NA,NA,NA,NA,0,0,0,0,0,"Anderson",76978,1.29907246226194,0.111111111111111,6.49536231130973,0,NA,11.1111111111111
2020-03-25,2,1,2,1,0,0,4,2,29,9,33,11,NA,NA,NA,NA,1,1,0,0,0,"Anderson",76978,2.59814492452389,0.137931034482759,14.2897970848814,1.29907246226194,NA,13.7931034482759
2020-03-26,3,1,3,1,0,0,5,1,44,15,49,16,NA,NA,NA,NA,0,1,1,1,0,"Anderson",76978,2.59814492452389,0.0714285714285714,20.7851593961911,1.29907246226194,NA,7.14285714285714
2020-03-27,4,1,4,1,0,0,6,1,53,9,59,10,NA,NA,NA,NA,3,4,0,1,0,"Anderson",76978,3.89721738678583,0.08,12.9907246226195,1.29907246226194,NA,8
2020-03-28,7,3,7,3,0,0,9,3,72,19,81,22,NA,NA,NA,NA,0,4,1,2,0,"Anderson",76978,7.79443477357167,0.0972222222222222,28.5795941697628,3.89721738678583,NA,9.72222222222222
2020-03-29,7,0,7,0,0,0,9,0,83,11,92,11,NA,NA,NA,NA,0,4,0,2,0,"Anderson",76978,7.79443477357167,0.0875,14.2897970848814,0,NA,8.75
2020-03-30,8,1,8,1,0,0,10,1,127,44,137,45,NA,NA,NA,NA,1,5,0,2,0,"Anderson",76978,9.09350723583361,0.0666666666666667,58.4582608017875,1.29907246226194,NA,6.66666666666667
2020-03-31,9,1,9,1,0,0,11,1,142,15,153,16,NA,NA,NA,NA,1,6,0,2,0,"Anderson",76978,10.3925796980956,0.0687022900763359,20.7851593961911,1.29907246226194,NA,6.87022900763359
2020-04-01,9,0,9,0,0,0,11,0,163,21,174,21,NA,NA,NA,NA,0,6,0,2,0,"Anderson",76978,9.09350723583361,0.049645390070922,27.2805217075008,0,NA,4.9645390070922
2020-04-02,9,0,9,0,0,0,11,0,179,16,190,16,0,0,NA,3,0,6,0,2,0,"Anderson",76978,7.79443477357167,0.0425531914893617,20.7851593961911,0,3.89721738678583,4.25531914893617
2020-04-03,9,0,9,0,0,0,11,0,192,13,203,13,0,0,-2,1,2,8,0,2,0,"Anderson",76978,6.49536231130972,0.0347222222222222,16.8879420094053,0,1.29907246226194,3.47222222222222
2020-04-04,9,0,9,0,0,0,11,0,219,27,230,27,0,0,0,1,0,8,0,2,0,"Anderson",76978,2.59814492452389,0.0134228187919463,35.0749564810725,0,1.29907246226194,1.34228187919463
2020-04-05,9,0,9,0,0,0,11,0,248,29,259,29,0,0,0,1,0,8,0,2,0,"Anderson",76978,2.59814492452389,0.0119760479041916,37.6731014055964,0,1.29907246226194,1.19760479041916
2020-04-06,9,0,9,0,0,0,11,0,262,14,273,14,0,0,-1,0,1,9,0,2,0,"Anderson",76978,1.29907246226194,0.00735294117647059,18.1870144716672,0,0,0.735294117647059
2020-04-07,10,1,10,1,0,0,12,1,304,42,316,43,0,0,1,1,0,9,0,2,0,"Anderson",76978,1.29907246226194,0.00613496932515337,55.8601158772636,1.29907246226194,1.29907246226194,0.613496932515337
2020-04-08,10,0,10,0,0,0,12,0,322,18,334,18,1,1,-1,0,0,9,0,2,1,"Anderson",76978,1.29907246226194,0.00625,23.383304320715,0,0,0.625
2020-04-09,10,0,10,0,0,0,12,0,350,28,362,28,0,1,0,0,0,9,0,2,1,"Anderson",76978,1.29907246226194,0.00581395348837209,36.3740289433345,0,0,0.581395348837209
2020-04-10,10,0,10,0,0,0,12,0,366,16,378,16,0,1,0,0,0,9,0,2,1,"Anderson",76978,1.29907246226194,0.00571428571428571,20.7851593961911,0,0,0.571428571428571
2020-04-11,10,0,10,0,0,0,12,0,439,73,451,73,0,1,0,0,0,9,0,2,1,"Anderson",76978,1.29907246226194,0.00452488687782805,94.832289745122,0,0,0.452488687782805
2020-04-12,12,2,12,2,0,0,14,2,477,38,491,40,0,1,2,2,0,9,0,2,1,"Anderson",76978,3.89721738678583,0.0129310344827586,51.9628984904778,2.59814492452389,2.59814492452389,1.29310344827586
2020-04-13,13,1,13,1,0,0,15,1,514,37,529,38,0,1,0,2,1,10,0,2,1,"Anderson",76978,5.19628984904778,0.015625,49.3647535659539,1.29907246226194,2.59814492452389,1.5625
2020-04-14,13,0,13,0,0,0,15,0,526,12,541,12,0,1,0,2,0,10,0,2,1,"Anderson",76978,3.89721738678583,0.0133333333333333,15.5888695471433,0,2.59814492452389,1.33333333333333
2020-04-15,13,0,13,0,0,0,15,0,544,18,559,18,0,1,-2,0,2,12,0,2,1,"Anderson",76978,3.89721738678583,0.0133333333333333,23.383304320715,0,0,1.33333333333333
2020-04-16,13,0,13,0,0,0,15,0,566,22,581,22,0,1,0,0,0,12,0,2,1,"Anderson",76978,3.89721738678583,0.0136986301369863,28.5795941697628,0,0,1.36986301369863
2020-04-17,13,0,13,0,0,0,15,0,586,20,601,20,0,1,0,0,0,12,0,2,1,"Anderson",76978,3.89721738678583,0.0134529147982063,25.9814492452389,0,0,1.34529147982063
2020-04-18,13,0,13,0,0,0,15,0,616,30,631,30,0,1,0,0,0,12,0,2,1,"Anderson",76978,3.89721738678583,0.0166666666666667,38.9721738678584,0,0,1.66666666666667
2020-04-19,14,1,14,1,0,0,16,1,628,12,644,13,0,1,0,0,1,13,0,2,1,"Anderson",76978,2.59814492452389,0.0130718954248366,16.8879420094053,1.29907246226194,0,1.30718954248366
2020-04-20,19,5,18,4,1,1,19,3,648,20,667,23,0,1,5,5,0,13,0,2,1,"Anderson",76978,7.79443477357167,0.0289855072463768,29.8786666320247,6.49536231130973,6.49536231130973,2.89855072463768
2020-04-21,20,1,19,1,1,0,22,3,1071,423,1093,426,0,1,1,6,0,13,0,2,1,"Anderson",76978,9.09350723583361,0.0126811594202899,553.404868923589,1.29907246226194,7.79443477357167,1.26811594202899
2020-04-22,21,1,20,1,1,0,24,2,1141,70,1165,72,0,1,0,6,1,14,0,2,1,"Anderson",76978,10.3925796980956,0.0148514851485149,93.53321728286,1.29907246226194,7.79443477357167,1.48514851485149
2020-04-23,21,0,20,0,1,0,24,0,1191,50,1215,50,0,1,-1,5,1,15,0,2,1,"Anderson",76978,10.3925796980956,0.0141955835962145,64.9536231130973,0,6.49536231130973,1.41955835962145
2020-04-24,22,1,21,1,1,0,25,1,1299,108,1324,109,0,1,1,6,0,15,0,2,1,"Anderson",76978,11.6916521603575,0.0138312586445367,141.598898386552,1.29907246226194,7.79443477357167,1.38312586445367
2020-04-25,22,0,21,0,1,0,25,0,1336,37,1361,37,0,1,0,6,0,15,0,2,1,"Anderson",76978,11.6916521603575,0.0136986301369863,48.065681103692,0,7.79443477357167,1.36986301369863
2020-04-26,22,0,21,0,1,0,25,0,1372,36,1397,36,0,1,0,6,0,15,0,2,1,"Anderson",76978,10.3925796980956,0.0119521912350598,46.76660864143,0,7.79443477357167,1.19521912350598
2020-04-27,22,0,21,0,1,0,25,0,1411,39,1436,39,0,1,-1,5,1,16,0,2,1,"Anderson",76978,3.89721738678583,0.00780234070221066,50.6638260282159,0,6.49536231130973,0.780234070221066
2020-04-28,22,0,21,0,1,0,25,0,1690,279,1715,279,0,1,0,5,0,16,0,2,1,"Anderson",76978,2.59814492452389,0.00482315112540193,362.441216971083,0,6.49536231130973,0.482315112540193
2020-04-29,26,4,25,4,1,0,28,3,2070,380,2098,383,0,1,4,9,0,16,0,2,1,"Anderson",76978,6.49536231130972,0.00428724544480171,497.544753046325,5.19628984904778,11.6916521603575,0.428724544480171
2020-04-30,26,0,25,0,1,0,29,1,2102,32,2131,33,0,1,-1,8,1,17,0,2,1,"Anderson",76978,6.49536231130972,0.00545851528384279,42.8693912546442,0,10.3925796980956,0.545851528384279
2020-05-01,26,0,25,0,1,0,29,0,2154,52,2183,52,0,1,-2,6,2,19,0,2,1,"Anderson",76978,5.19628984904778,0.00465657741559953,67.5517680376211,0,7.79443477357167,0.465657741559953
2020-05-02,26,0,25,0,1,0,29,0,2221,67,2250,67,0,1,0,6,0,19,0,2,1,"Anderson",76978,5.19628984904778,0.00449943757030371,87.0378549715503,0,7.79443477357167,0.449943757030371
2020-05-03,27,1,26,1,1,0,30,1,2314,93,2344,94,0,1,1,7,0,19,0,2,1,"Anderson",76978,6.49536231130972,0.00527983104540655,122.112811452623,1.29907246226194,9.09350723583361,0.527983104540655
2020-05-04,27,0,26,0,1,0,30,0,2406,92,2436,92,0,1,-1,6,1,20,0,2,1,"Anderson",76978,6.49536231130972,0.005,119.514666528099,0,7.79443477357167,0.5
2020-05-05,28,1,27,1,1,0,30,0,2475,69,2505,69,0,1,-1,5,2,22,0,2,1,"Anderson",76978,7.79443477357167,0.00632911392405063,89.6359998960742,1.29907246226194,6.49536231130973,0.632911392405063
2020-05-06,30,2,29,2,1,0,31,1,2525,50,2556,51,0,1,2,7,0,22,0,2,1,"Anderson",76978,5.19628984904778,0.00655021834061135,66.2526955753592,2.59814492452389,9.09350723583361,0.655021834061135
2020-05-07,30,0,29,0,1,0,33,2,2597,72,2630,74,0,1,-1,6,1,23,0,2,1,"Anderson",76978,5.19628984904778,0.00801603206412826,96.1313622073839,0,7.79443477357167,0.801603206412826
2020-05-08,30,0,29,0,1,0,33,0,2652,55,2685,55,0,1,0,6,0,23,0,2,1,"Anderson",76978,5.19628984904778,0.00796812749003984,71.448985424407,0,7.79443477357167,0.796812749003984
2020-05-09,30,0,29,0,1,0,33,0,2734,82,2767,82,0,1,0,6,0,23,0,2,1,"Anderson",76978,5.19628984904778,0.00773694390715667,106.523941905479,0,7.79443477357167,0.773694390715667
2020-05-10,30,0,29,0,1,0,33,0,2827,93,2860,93,0,1,-3,3,3,26,0,2,1,"Anderson",76978,3.89721738678583,0.00581395348837209,120.813738990361,0,3.89721738678583,0.581395348837209
2020-05-11,32,2,31,2,1,0,33,0,2909,82,2942,82,0,1,2,5,0,26,0,2,1,"Anderson",76978,6.49536231130972,0.00592885375494071,106.523941905479,2.59814492452389,6.49536231130973,0.592885375494071
2020-05-12,33,1,32,1,1,0,35,2,3042,133,3077,135,0,1,1,6,0,26,0,2,1,"Anderson",76978,6.49536231130972,0.00874125874125874,175.374782405363,1.29907246226194,7.79443477357167,0.874125874125874
2020-05-13,35,2,34,2,1,0,38,3,3220,178,3258,181,0,1,1,7,1,27,1,3,1,"Anderson",76978,6.49536231130972,0.00997150997150997,235.132115669412,2.59814492452389,9.09350723583361,0.997150997150997
2020-05-14,35,0,34,0,1,0,39,1,3346,126,3385,127,0,1,-1,6,1,28,0,3,1,"Anderson",76978,6.49536231130972,0.00794701986754967,164.982202707267,0,7.79443477357167,0.794701986754967
2020-05-15,36,1,35,1,1,0,39,0,3417,71,3456,71,0,1,1,7,0,28,0,3,1,"Anderson",76978,7.79443477357167,0.00778210116731518,92.2341448205981,1.29907246226194,9.09350723583361,0.778210116731518
2020-05-16,36,0,35,0,1,0,41,2,3657,240,3698,242,0,1,-1,6,1,29,0,3,1,"Anderson",76978,7.79443477357167,0.00859291084854995,314.375535867391,0,7.79443477357167,0.859291084854995
2020-05-17,36,0,35,0,1,0,41,0,3727,70,3768,70,0,1,0,6,0,29,0,3,1,"Anderson",76978,7.79443477357167,0.00881057268722467,90.9350723583361,0,7.79443477357167,0.881057268722467
2020-05-18,37,1,36,1,1,0,42,1,3804,77,3846,78,0,1,-2,4,3,32,0,3,1,"Anderson",76978,6.49536231130972,0.00995575221238938,101.327652056432,1.29907246226194,5.19628984904778,0.995575221238938
2020-05-19,37,0,36,0,1,0,42,0,3856,52,3898,52,0,1,0,4,0,32,0,3,1,"Anderson",76978,5.19628984904778,0.00852618757612668,67.5517680376211,0,5.19628984904778,0.852618757612667
2020-05-20,37,0,36,0,1,0,43,1,3921,65,3964,66,0,1,0,4,0,32,0,3,1,"Anderson",76978,2.59814492452389,0.00708215297450425,85.7387825092884,0,5.19628984904778,0.708215297450425
2020-05-21,37,0,36,0,1,0,44,1,4001,80,4045,81,0,1,-1,3,1,33,0,3,1,"Anderson",76978,2.59814492452389,0.00757575757575758,105.224869443218,0,3.89721738678583,0.757575757575758
2020-05-22,38,1,37,1,1,0,45,1,4029,28,4074,29,0,1,-1,2,2,35,1,4,1,"Anderson",76978,2.59814492452389,0.00970873786407767,37.6731014055964,1.29907246226194,2.59814492452389,0.970873786407767
2020-05-23,38,0,37,0,1,0,46,1,4192,163,4238,164,0,1,0,2,0,35,0,4,1,"Anderson",76978,2.59814492452389,0.00925925925925926,213.047883810959,0,2.59814492452389,0.925925925925926
2020-05-24,38,0,37,0,1,0,46,0,4247,55,4293,55,0,1,0,2,0,35,0,4,1,"Anderson",76978,2.59814492452389,0.00952380952380952,71.448985424407,0,2.59814492452389,0.952380952380952
2020-05-25,38,0,37,0,1,0,47,1,4281,34,4328,35,0,1,0,2,0,35,0,4,1,"Anderson",76978,1.29907246226194,0.0103734439834025,45.4675361791681,0,2.59814492452389,1.03734439834025
2020-05-26,38,0,37,0,1,0,47,0,4412,131,4459,131,0,1,-1,1,1,36,0,4,1,"Anderson",76978,1.29907246226194,0.0089126559714795,170.178492556315,0,1.29907246226194,0.89126559714795
2020-05-27,38,0,37,0,1,0,47,0,4515,103,4562,103,0,1,0,1,0,36,0,4,1,"Anderson",76978,1.29907246226194,0.00668896321070234,133.80446361298,0,1.29907246226194,0.668896321070234
2020-05-28,38,0,37,0,1,0,47,0,4563,48,4610,48,0,1,0,1,0,36,0,4,1,"Anderson",76978,1.29907246226194,0.00530973451327434,62.3554781885734,0,1.29907246226194,0.530973451327434
2020-05-29,39,1,38,1,1,0,47,0,4613,50,4660,50,0,1,0,1,1,37,0,4,1,"Anderson",76978,1.29907246226194,0.00341296928327645,64.9536231130973,1.29907246226194,1.29907246226194,0.341296928327645
2020-05-30,39,0,38,0,1,0,48,1,4665,52,4713,53,0,1,0,1,0,37,0,4,1,"Anderson",76978,1.29907246226194,0.00421052631578947,68.8508404998831,0,1.29907246226194,0.421052631578947
2020-05-31,40,1,39,1,1,0,49,1,4731,66,4780,67,0,1,1,2,0,37,0,4,1,"Anderson",76978,2.59814492452389,0.00616016427104723,87.0378549715503,1.29907246226194,2.59814492452389,0.616016427104723
2020-06-01,40,0,39,0,1,0,49,0,4855,124,4904,124,0,1,0,2,0,37,0,4,1,"Anderson",76978,2.59814492452389,0.00347222222222222,161.084985320481,0,2.59814492452389,0.347222222222222
2020-06-02,40,0,39,0,1,0,49,0,4982,127,5031,127,0,1,0,2,0,37,0,4,1,"Anderson",76978,2.59814492452389,0.0034965034965035,164.982202707267,0,2.59814492452389,0.34965034965035
2020-06-03,41,1,40,1,1,0,50,1,5042,60,5092,61,0,1,1,3,0,37,0,4,2,"Anderson",76978,3.89721738678583,0.00566037735849057,79.2434201979787,1.29907246226194,3.89721738678583,0.566037735849057
2020-06-04,41,0,40,0,1,0,50,0,5090,48,5140,48,1,2,-2,1,1,38,0,4,2,"Anderson",76978,3.89721738678583,0.00566037735849057,62.3554781885734,0,1.29907246226194,0.566037735849057
2020-06-05,42,1,41,1,1,0,53,3,5147,57,5200,60,0,2,1,2,0,38,0,4,2,"Anderson",76978,3.89721738678583,0.0111111111111111,77.9443477357167,1.29907246226194,2.59814492452389,1.11111111111111
2020-06-06,43,1,42,1,1,0,54,1,5200,53,5254,54,0,2,1,3,0,38,0,4,2,"Anderson",76978,5.19628984904778,0.011090573012939,70.149912962145,1.29907246226194,3.89721738678583,1.1090573012939
2020-06-07,45,2,43,1,2,1,57,3,5295,95,5352,98,0,2,2,5,0,38,0,4,2,"Anderson",76978,6.49536231130972,0.013986013986014,127.309101301671,2.59814492452389,6.49536231130973,1.3986013986014
2020-06-08,46,1,44,1,2,0,57,0,5336,41,5393,41,0,2,1,6,0,38,0,4,2,"Anderson",76978,7.79443477357167,0.016359918200409,53.2619709527397,1.29907246226194,7.79443477357167,1.6359918200409
2020-06-09,47,1,45,1,2,0,60,3,5517,181,5577,184,0,2,1,7,0,38,0,4,2,"Anderson",76978,9.09350723583361,0.0201465201465201,239.029333056198,1.29907246226194,9.09350723583361,2.01465201465201
2020-06-10,52,5,50,5,2,0,63,3,5725,208,5788,211,0,2,2,9,3,41,0,4,2,"Anderson",76978,14.2897970848814,0.0186781609195402,274.10428953727,6.49536231130973,11.6916521603575,1.86781609195402
2020-06-11,55,3,53,3,2,0,66,3,5870,145,5936,148,0,2,2,11,1,42,1,5,2,"Anderson",76978,18.1870144716672,0.0201005025125628,192.262724414768,3.89721738678583,14.2897970848814,2.01005025125628
2020-06-12,57,2,55,2,2,0,70,4,5952,82,6022,86,0,2,2,13,0,42,0,5,2,"Anderson",76978,19.4860869339292,0.0206812652068127,111.720231754527,2.59814492452389,16.8879420094053,2.06812652068127
2020-06-13,58,1,55,0,3,1,70,0,5995,43,6065,43,0,2,0,13,1,43,0,5,2,"Anderson",76978,19.4860869339292,0.0197287299630086,55.8601158772636,1.29907246226194,16.8879420094053,1.97287299630086
2020-06-14,60,2,57,2,3,0,70,0,6170,175,6240,175,0,2,1,14,1,44,1,6,2,"Anderson",76978,19.4860869339292,0.0146396396396396,227.33768089584,2.59814492452389,18.1870144716672,1.46396396396396
2020-06-15,60,0,57,0,3,0,71,1,6228,58,6299,59,0,2,0,14,0,44,0,6,2,"Anderson",76978,18.1870144716672,0.0154525386313466,76.6452752734548,0,18.1870144716672,1.54525386313466
2020-06-16,64,4,61,4,3,0,75,4,6289,61,6364,65,0,2,3,17,1,45,0,6,2,"Anderson",76978,22.0842318584531,0.0190597204574333,84.4397100470264,5.19628984904778,22.0842318584531,1.90597204574333
2020-06-17,66,2,63,2,3,0,79,4,6326,37,6405,41,0,2,0,17,2,47,0,6,2,"Anderson",76978,18.1870144716672,0.0259319286871961,53.2619709527397,2.59814492452389,22.0842318584531,2.59319286871961
2020-06-18,70,4,67,4,3,0,84,5,6456,130,6540,135,0,2,2,19,2,49,0,6,2,"Anderson",76978,19.4860869339292,0.0298013245033113,175.374782405363,5.19628984904778,24.682376782977,2.98013245033113
2020-06-19,72,2,69,2,3,0,86,2,6521,65,6607,67,0,2,0,19,2,51,0,6,2,"Anderson",76978,19.4860869339292,0.0273504273504274,87.0378549715503,2.59814492452389,24.682376782977,2.73504273504274
2020-06-20,73,1,70,1,3,0,87,1,6559,38,6646,39,0,2,-1,18,2,53,0,6,2,"Anderson",76978,19.4860869339292,0.0292598967297762,50.6638260282159,1.29907246226194,23.383304320715,2.92598967297762
2020-06-21,74,1,71,1,3,0,88,1,6619,60,6707,61,0,2,-1,17,2,55,0,6,2,"Anderson",76978,18.1870144716672,0.0385438972162741,79.2434201979787,1.29907246226194,22.0842318584531,3.85438972162741
2020-06-22,76,2,73,2,3,0,90,2,6711,92,6801,94,0,2,0,17,2,57,1,7,2,"Anderson",76978,20.7851593961911,0.0378486055776892,122.112811452623,2.59814492452389,22.0842318584531,3.78486055776892
2020-06-23,76,0,73,0,3,0,90,0,6800,89,6890,89,0,2,-1,16,1,58,0,7,2,"Anderson",76978,15.5888695471433,0.0285171102661597,115.617449141313,0,20.7851593961911,2.85171102661597
2020-06-24,77,1,74,1,3,0,91,1,6831,31,6922,32,0,2,-2,14,3,61,0,7,2,"Anderson",76978,14.2897970848814,0.02321083172147,41.5703187923822,1.29907246226194,18.1870144716672,2.321083172147
2020-06-25,81,4,78,4,3,0,92,1,6944,113,7036,114,0,2,0,14,4,65,0,7,2,"Anderson",76978,14.2897970848814,0.0161290322580645,148.094260697862,5.19628984904778,18.1870144716672,1.61290322580645
2020-06-26,86,5,83,5,3,0,98,6,6972,28,7070,34,0,2,3,17,2,67,0,7,2,"Anderson",76978,18.1870144716672,0.0259179265658747,44.1684637169061,6.49536231130973,22.0842318584531,2.59179265658747
2020-06-27,87,1,83,0,4,1,98,0,6984,12,7082,12,0,2,-4,13,5,72,0,7,2,"Anderson",76978,18.1870144716672,0.0252293577981651,15.5888695471433,1.29907246226194,16.8879420094053,2.52293577981651
2020-06-28,91,4,87,4,4,0,106,8,7093,109,7199,117,0,2,3,16,1,73,0,7,2,"Anderson",76978,22.0842318584531,0.0365853658536585,151.991478084648,5.19628984904778,20.7851593961911,3.65853658536585
2020-06-29,97,6,92,5,5,1,114,8,7315,222,7429,230,0,2,3,19,3,76,1,8,2,"Anderson",76978,27.2805217075008,0.0382165605095541,298.786666320247,7.79443477357167,24.682376782977,3.82165605095541
2020-06-30,102,5,96,4,6,1,120,6,7479,164,7599,170,0,2,2,21,3,79,0,8,2,"Anderson",76978,33.7758840188106,0.0423131170662905,220.842318584531,6.49536231130973,27.2805217075008,4.23131170662905
2020-07-01,104,2,98,2,6,0,124,4,7600,121,7724,125,0,2,-2,19,4,83,0,8,2,"Anderson",76978,35.0749564810725,0.0411471321695761,162.384057782743,2.59814492452389,24.682376782977,4.11471321695761
2020-07-02,110,6,104,6,6,0,130,6,7839,239,7969,245,0,2,4,23,2,85,0,8,2,"Anderson",76978,37.6731014055964,0.0407288317256163,318.272753254177,7.79443477357167,29.8786666320247,4.07288317256163
2020-07-03,120,10,113,9,7,1,142,12,7964,125,8106,137,0,2,7,30,3,88,0,8,2,"Anderson",76978,44.1684637169061,0.0424710424710425,177.972927329886,12.9907246226195,38.9721738678584,4.24710424710425
2020-07-04,131,11,124,11,7,0,156,14,8148,184,8304,198,0,2,8,38,3,91,2,10,2,"Anderson",76978,57.1591883395256,0.0474631751227496,257.216347527865,14.2897970848814,49.3647535659539,4.74631751227496
2020-07-05,140,9,133,9,7,0,169,13,8304,156,8473,169,0,2,8,46,1,92,1,11,2,"Anderson",76978,63.6545506508353,0.0494505494505494,219.543246122269,11.6916521603575,59.7573332640495,4.94505494505495
2020-07-06,141,1,134,1,7,0,170,1,8331,27,8501,28,0,2,-4,42,5,97,0,11,2,"Anderson",76978,57.1591883395256,0.0522388059701493,36.3740289433345,1.29907246226194,54.5610434150017,5.22388059701492
2020-07-07,157,16,150,16,7,0,190,20,8564,233,8754,253,0,2,12,54,4,101,0,11,2,"Anderson",76978,71.448985424407,0.0606060606060606,328.665332952272,20.7851593961911,70.149912962145,6.06060606060606
2020-07-08,173,16,165,15,8,1,206,16,8704,140,8910,156,0,2,10,64,6,107,0,11,2,"Anderson",76978,89.6359998960742,0.0691399662731872,202.655304112863,20.7851593961911,83.1406375847645,6.91399662731872
2020-07-09,187,14,179,14,8,0,220,14,8972,268,9192,282,0,2,11,75,3,110,0,11,2,"Anderson",76978,100.02857959417,0.0735895339329518,366.338434357868,18.1870144716672,97.4304346696459,7.35895339329518
2020-07-10,193,6,185,6,8,0,227,7,9002,30,9229,37,0,2,1,76,5,115,1,12,2,"Anderson",76978,94.832289745122,0.0756901157613535,48.065681103692,7.79443477357167,98.7295071319078,7.56901157613535
2020-07-11,201,8,193,8,8,0,235,8,9171,169,9406,177,0,2,1,77,7,122,1,13,2,"Anderson",76978,90.9350723583361,0.0716878402903811,229.935825820364,10.3925796980956,100.02857959417,7.16878402903811
2020-07-12,212,11,204,11,8,0,248,13,9354,183,9602,196,0,2,6,83,5,127,0,13,2,"Anderson",76978,93.53321728286,0.0699734278122232,254.618202603341,14.2897970848814,107.823014367741,6.99734278122232
2020-07-13,218,6,209,5,9,1,255,7,9393,39,9648,46,0,2,-6,77,12,139,2,15,2,"Anderson",76978,100.02857959417,0.0741063644289451,59.7573332640495,7.79443477357167,100.02857959417,7.41063644289451
2020-07-14,229,11,219,10,10,1,266,11,9533,140,9799,151,0,2,0,77,11,150,0,15,2,"Anderson",76978,93.53321728286,0.0727272727272727,196.159941801554,14.2897970848814,100.02857959417,7.27272727272727
2020-07-15,245,16,234,15,11,1,285,19,9635,102,9920,121,0,2,0,77,16,166,0,15,2,"Anderson",76978,93.53321728286,0.0782178217821782,157.187767933695,20.7851593961911,100.02857959417,7.82178217821782
2020-07-16,263,18,252,18,11,0,308,23,9924,289,10232,312,0,2,4,81,14,180,1,16,2,"Anderson",76978,98.7295071319078,0.0846153846153846,405.310608225727,23.383304320715,105.224869443218,8.46153846153846
2020-07-17,270,7,259,7,11,0,317,9,9995,71,10312,80,0,2,-8,73,15,195,1,17,3,"Anderson",76978,100.02857959417,0.0831024930747922,103.925796980956,9.09350723583361,94.832289745122,8.31024930747922
2020-07-18,277,7,266,7,11,0,328,11,10209,214,10537,225,0,2,-4,69,11,206,0,17,3,"Anderson",76978,98.7295071319078,0.0822281167108753,292.291304008938,9.09350723583361,89.6359998960742,8.22281167108753
2020-07-19,285,8,274,8,11,0,337,9,10290,81,10627,90,0,2,-5,64,13,219,2,19,3,"Anderson",76978,94.832289745122,0.0868292682926829,116.916521603575,10.3925796980956,83.1406375847645,8.68292682926829
2020-07-20,313,28,302,28,11,0,367,30,10459,169,10826,199,1,3,9,73,18,237,0,19,3,"Anderson",76978,123.411883914885,0.0950764006791171,258.515419990127,36.3740289433345,94.832289745122,9.50764006791171
2020-07-21,336,23,324,22,12,1,391,24,10751,292,11142,316,0,3,12,85,11,248,1,20,3,"Anderson",76978,139.000753462028,0.0930752047654505,410.506898074775,29.8786666320247,110.421159292265,9.30752047654505
2020-07-22,365,29,353,29,12,0,424,33,10886,135,11310,168,0,3,13,98,16,264,0,20,3,"Anderson",76978,155.888695471433,0.1,218.244173660007,37.6731014055964,127.309101301671,10
2020-07-23,388,23,376,23,12,0,455,31,11313,427,11768,458,0,3,9,107,14,278,2,22,3,"Anderson",76978,162.384057782743,0.095703125,594.975187715971,29.8786666320247,139.000753462028,9.5703125
2020-07-24,394,6,382,6,12,0,463,8,11425,112,11888,120,0,3,-16,91,22,300,0,22,4,"Anderson",76978,161.084985320481,0.0926395939086294,155.888695471433,7.79443477357167,118.215594065837,9.26395939086294
2020-07-25,426,32,413,31,13,1,499,36,11682,257,12181,293,1,4,26,117,5,305,1,23,4,"Anderson",76978,193.56179687703,0.104014598540146,380.62823144275,41.5703187923822,151.991478084648,10.4014598540146
2020-07-26,465,39,451,38,14,1,541,42,12085,403,12626,445,0,4,31,148,8,313,2,25,4,"Anderson",76978,233.83304320715,0.102051025512756,578.087245706565,50.6638260282159,192.262724414768,10.2051025512756
2020-07-27,483,18,468,17,15,1,562,21,12265,180,12827,201,0,4,-19,129,37,350,1,26,4,"Anderson",76978,220.842318584531,0.0974512743628186,261.113564914651,23.383304320715,167.580347631791,9.74512743628186
2020-07-28,523,40,508,40,15,0,608,46,12645,380,13253,426,0,4,24,153,16,366,1,27,5,"Anderson",76978,242.926550442984,0.10279488394126,553.404868923589,51.9628984904778,198.758086726078,10.279488394126
2020-07-29,527,4,512,4,15,0,612,4,12681,36,13293,40,1,5,-15,138,18,384,0,27,5,"Anderson",76978,210.449738886435,0.0948058497226425,51.9628984904778,5.19628984904778,179.271999792148,9.48058497226425
2020-07-30,564,37,549,37,15,0,665,53,13166,485,13831,538,0,5,20,158,17,401,0,27,5,"Anderson",76978,228.636753358102,0.101793504604944,698.900984696926,48.065681103692,205.253449037387,10.1793504604944
2020-07-31,576,12,561,12,15,0,679,14,13348,182,14027,196,0,5,-8,150,20,421,0,27,5,"Anderson",76978,236.431188131674,0.100981767180926,254.618202603341,15.5888695471433,194.860869339292,10.0981767180926
2020-08-01,599,23,584,23,15,0,704,25,13757,409,14461,434,0,5,17,167,6,427,1,28,5,"Anderson",76978,224.739535971316,0.0899122807017544,563.797448621684,29.8786666320247,216.945101197745,8.99122807017544
2020-08-02,606,7,591,7,15,0,711,7,13885,128,14596,135,0,5,2,169,5,432,1,29,6,"Anderson",76978,183.169217178934,0.0862944162436548,175.374782405363,9.09350723583361,219.543246122269,8.62944162436548
2020-08-03,631,25,615,24,16,1,742,31,14112,227,14854,258,0,5,14,183,11,443,0,29,6,"Anderson",76978,192.262724414768,0.0888011840157869,335.160695263582,32.4768115565486,237.730260593936,8.88011840157869
2020-08-04,638,7,622,7,16,0,750,8,14355,243,15105,251,2,7,-19,164,24,467,0,29,6,"Anderson",76978,149.393333160124,0.0766738660907127,326.067188027748,9.09350723583361,213.047883810959,7.66738660907127
2020-08-05,653,15,637,15,16,0,769,19,14564,209,15333,228,-1,6,-1,163,17,484,0,29,6,"Anderson",76978,163.683130245005,0.0769607843137255,296.188521395723,19.4860869339292,211.748811348697,7.69607843137255
2020-08-06,675,22,659,22,16,0,799,30,14885,321,15684,351,0,6,3,166,19,503,1,30,6,"Anderson",76978,144.197043311076,0.0723151645979493,455.974434253943,28.5795941697628,215.646028735483,7.23151645979493
2020-08-07,679,4,663,4,16,0,803,4,14966,81,15769,85,0,6,-21,145,25,528,0,30,6,"Anderson",76978,133.80446361298,0.0711825487944891,110.421159292265,5.19628984904778,188.365507027982,7.11825487944891
2020-08-08,690,11,674,11,16,0,819,16,15286,320,16105,336,0,6,1,146,10,538,0,30,6,"Anderson",76978,118.215594065837,0.0699513381995134,436.488347320014,14.2897970848814,189.664579490244,6.99513381995134
2020-08-09,697,7,681,7,16,0,828,9,15423,137,16251,146,0,6,-9,137,16,554,0,30,6,"Anderson",76978,118.215594065837,0.0706948640483384,189.664579490244,9.09350723583361,177.972927329886,7.06948640483384
2020-08-10,702,5,686,5,16,0,834,6,15562,139,16396,145,0,6,-11,126,16,570,0,30,6,"Anderson",76978,92.2341448205981,0.059662775616083,188.365507027982,6.49536231130973,163.683130245005,5.9662775616083
2020-08-11,723,21,707,21,16,0,856,22,15765,203,16621,225,0,6,9,135,12,582,1,31,6,"Anderson",76978,110.421159292265,0.0699208443271768,292.291304008938,27.2805217075008,175.374782405363,6.99208443271768
2020-08-12,731,8,715,8,16,0,864,8,16005,240,16869,248,0,6,-8,127,16,598,0,31,6,"Anderson",76978,101.327652056432,0.0618489583333333,322.169970640962,10.3925796980956,164.982202707267,6.18489583333333
2020-08-13,749,18,733,18,16,0,888,24,16233,228,17121,252,1,7,3,130,14,612,2,33,6,"Anderson",76978,96.1313622073839,0.0619345859429367,327.36626049001,23.383304320715,168.879420094053,6.19345859429367
2020-08-14,766,17,749,16,17,1,910,22,16562,329,17472,351,0,7,-9,121,26,638,0,33,6,"Anderson",76978,113.019304216789,0.0628302994715208,455.974434253943,22.0842318584531,157.187767933695,6.28302994715208
2020-08-15,776,10,759,10,17,0,922,12,16785,223,17707,235,-1,6,5,126,6,644,0,33,6,"Anderson",76978,111.720231754527,0.0642946317103621,305.282028631557,12.9907246226195,163.683130245005,6.4294631710362
2020-08-16,788,12,771,12,17,0,936,14,16927,142,17863,156,0,6,7,133,5,649,0,33,7,"Anderson",76978,118.215594065837,0.0669975186104218,202.655304112863,15.5888695471433,172.776637480839,6.69975186104218
2020-08-17,792,4,775,4,17,0,939,3,16970,43,17909,46,0,6,-13,120,17,666,0,33,7,"Anderson",76978,116.916521603575,0.069398545935228,59.7573332640495,5.19628984904778,155.888695471433,6.9398545935228
2020-08-18,806,14,789,14,17,0,956,17,17134,164,18090,181,0,6,5,125,9,675,0,33,7,"Anderson",76978,107.823014367741,0.068073519400953,235.132115669412,18.1870144716672,162.384057782743,6.8073519400953
2020-08-19,820,14,803,14,17,0,970,14,17308,174,18278,188,0,6,0,125,14,689,0,33,7,"Anderson",76978,115.617449141313,0.0752306600425834,244.225622905246,18.1870144716672,162.384057782743,7.52306600425834
2020-08-20,835,15,818,15,17,0,986,16,17750,442,18736,458,0,6,5,130,10,699,0,33,8,"Anderson",76978,111.720231754527,0.0606811145510836,594.975187715971,19.4860869339292,168.879420094053,6.06811145510836
2020-08-21,838,3,821,3,17,0,989,3,17786,36,18775,39,1,7,-7,123,9,708,0,33,8,"Anderson",76978,93.53321728286,0.0606293169608596,50.6638260282159,3.89721738678583,159.785912858219,6.06293169608596
2020-08-22,856,18,839,18,17,0,1008,19,18330,544,19338,563,1,8,10,133,7,715,1,34,8,"Anderson",76978,103.925796980956,0.052728387492336,731.377796253475,23.383304320715,172.776637480839,5.2728387492336
2020-08-23,857,1,840,1,17,0,1009,1,18414,84,19423,85,0,8,-5,128,6,721,0,34,8,"Anderson",76978,89.6359998960742,0.0467948717948718,110.421159292265,1.29907246226194,166.281275169529,4.67948717948718
2020-08-24,858,1,840,0,18,1,1009,0,18453,39,19462,39,0,8,-19,109,20,741,0,34,8,"Anderson",76978,85.7387825092884,0.0450740502253702,50.6638260282159,1.29907246226194,141.598898386552,4.50740502253703
2020-08-25,866,8,848,8,18,0,1017,8,18605,152,19622,160,0,8,-2,107,10,751,1,35,8,"Anderson",76978,77.9443477357167,0.0398172323759791,207.851593961911,10.3925796980956,139.000753462028,3.98172323759791
2020-08-26,872,6,854,6,18,0,1023,6,18785,180,19808,186,0,8,-14,93,20,771,0,35,8,"Anderson",76978,67.5517680376211,0.034640522875817,241.627477980722,7.79443477357167,120.813738990361,3.4640522875817
2020-08-27,875,3,857,3,18,0,1026,3,19196,411,20222,414,0,8,-16,77,19,790,0,35,8,"Anderson",76978,51.9628984904778,0.0269179004037685,537.815999376445,3.89721738678583,100.02857959417,2.69179004037685
2020-08-28,875,0,857,0,18,0,1026,0,19234,38,20260,38,0,8,-20,57,20,810,0,35,8,"Anderson",76978,48.065681103692,0.0249158249158249,49.3647535659539,0,74.0471303489309,2.49158249158249
2020-08-29,884,9,865,8,19,1,1034,8,19496,262,20530,270,0,8,3,60,6,816,0,35,8,"Anderson",76978,36.3740289433345,0.0218120805369128,350.749564810725,11.6916521603575,77.9443477357167,2.18120805369128
2020-08-30,900,16,881,16,19,0,1050,16,19579,83,20629,99,0,8,8,68,8,824,0,35,8,"Anderson",76978,55.8601158772636,0.0339966832504146,128.608173763933,20.7851593961911,88.3369274338123,3.39966832504146
2020-08-31,902,2,883,2,19,0,1052,2,19637,58,20689,60,0,8,-15,53,17,841,0,35,8,"Anderson",76978,57.1591883395256,0.0350448247758761,77.9443477357167,2.59814492452389,68.8508404998831,3.50448247758761
2020-09-01,909,7,889,6,20,1,1058,6,19748,111,20806,117,0,8,0,53,7,848,0,35,8,"Anderson",76978,55.8601158772636,0.0346283783783784,151.991478084648,9.09350723583361,68.8508404998831,3.46283783783784
2020-09-02,917,8,895,6,22,2,1068,10,20064,316,21132,326,0,8,5,58,3,851,0,35,8,"Anderson",76978,58.4582608017875,0.033987915407855,423.497622697394,10.3925796980956,75.3462028111928,3.3987915407855
2020-09-03,933,16,909,14,24,2,1084,16,20388,324,21472,340,0,8,10,68,6,857,0,35,9,"Anderson",76978,75.3462028111928,0.0464,441.684637169061,20.7851593961911,88.3369274338123,4.64
2020-09-04,942,9,917,8,25,1,1094,10,20577,189,21671,199,0,8,6,74,3,860,0,35,9,"Anderson",76978,87.0378549715503,0.0481927710843374,258.515419990127,11.6916521603575,96.1313622073839,4.81927710843374
2020-09-05,961,19,936,19,25,0,1115,21,20846,269,21961,290,0,8,16,90,3,863,1,36,10,"Anderson",76978,100.02857959417,0.0566037735849057,376.731014055964,24.682376782977,116.916521603575,5.66037735849057
2020-09-06,963,2,938,2,25,0,1117,2,20902,56,22019,58,0,8,-1,89,3,866,0,36,10,"Anderson",76978,81.8415651225025,0.0482014388489209,75.3462028111928,2.59814492452389,115.617449141313,4.82014388489209
2020-09-07,966,3,941,3,25,0,1122,5,20990,88,22112,93,0,8,-8,81,11,877,0,36,10,"Anderson",76978,83.1406375847645,0.0491918482080112,120.813738990361,3.89721738678583,105.224869443218,4.91918482080112
2020-09-08,975,9,944,3,31,6,1126,4,21165,175,22291,179,1,9,4,85,4,881,0,36,10,"Anderson",76978,85.7387825092884,0.0457912457912458,232.533970744888,11.6916521603575,110.421159292265,4.57912457912458
2020-09-09,984,9,953,9,31,0,1135,9,21406,241,22541,250,0,9,-3,82,12,893,1,37,11,"Anderson",76978,87.0378549715503,0.0475514549325763,324.768115565486,11.6916521603575,106.523941905479,4.75514549325763
2020-09-10,1013,29,981,28,32,1,1165,30,21775,369,22940,399,1,10,25,107,3,896,0,37,11,"Anderson",76978,103.925796980956,0.0551771117166213,518.329912442516,37.6731014055964,139.000753462028,5.51771117166213
2020-09-11,1014,1,982,1,32,0,1167,2,21908,133,23075,135,0,10,-13,94,14,910,0,37,11,"Anderson",76978,93.53321728286,0.051994301994302,175.374782405363,1.29907246226194,122.112811452623,5.1994301994302
2020-09-12,1017,3,985,3,32,0,1172,5,22050,142,23222,147,0,10,-5,89,8,918,0,37,11,"Anderson",76978,72.7480578866689,0.0452022204599524,190.963651952506,3.89721738678583,115.617449141313,4.52022204599524
2020-09-13,1038,21,1005,20,33,1,1193,21,22294,244,23487,265,0,10,16,105,5,923,1,38,11,"Anderson",76978,97.4304346696459,0.0517711171662125,344.254202499415,27.2805217075008,136.402608537504,5.17711171662125
2020-09-14,1044,6,1010,5,34,1,1199,6,22400,106,23599,112,0,10,-7,98,13,936,1,39,11,"Anderson",76978,101.327652056432,0.0517821116341627,145.496115773338,7.79443477357167,127.309101301671,5.17821116341627
2020-09-15,1060,16,1026,16,34,0,1216,17,22640,240,23856,257,1,11,5,103,10,946,1,40,12,"Anderson",76978,110.421159292265,0.0575079872204473,333.86162280132,20.7851593961911,133.80446361298,5.75079872204473
2020-09-16,1068,8,1034,8,34,0,1228,12,22776,136,24004,148,0,11,-5,98,13,959,0,40,12,"Anderson",76978,109.122086830003,0.063568010936432,192.262724414768,10.3925796980956,127.309101301671,6.3568010936432
2020-09-17,1090,22,1054,20,36,2,1248,20,23197,421,24445,441,0,11,15,113,7,966,1,41,12,"Anderson",76978,100.02857959417,0.0551495016611296,572.890955857518,28.5795941697628,146.7951882356,5.51495016611296
2020-09-18,1109,19,1073,19,36,0,1266,18,23421,224,24687,242,0,11,6,119,13,979,0,41,12,"Anderson",76978,123.411883914885,0.0614143920595533,314.375535867391,24.682376782977,154.589623009171,6.14143920595533
2020-09-19,1124,15,1088,15,36,0,1287,21,23703,282,24990,303,0,11,9,128,6,985,1,42,12,"Anderson",76978,139.000753462028,0.0650452488687783,393.618956065369,19.4860869339292,166.281275169529,6.50452488687783
2020-09-20,1131,7,1095,7,36,0,1297,10,23855,152,25152,162,0,11,0,128,7,992,0,42,13,"Anderson",76978,120.813738990361,0.0624624624624625,210.449738886435,9.09350723583361,166.281275169529,6.24624624624625
2020-09-21,1133,2,1097,2,36,0,1299,2,23888,33,25187,35,0,11,-6,122,8,1000,0,42,13,"Anderson",76978,115.617449141313,0.0629722921914358,45.4675361791681,2.59814492452389,158.486840395957,6.29722921914358
2020-09-22,1147,14,1111,14,36,0,1316,17,24136,248,25452,265,0,11,0,122,14,1014,1,43,13,"Anderson",76978,113.019304216789,0.06265664160401,344.254202499415,18.1870144716672,158.486840395957,6.265664160401
2020-09-23,1147,0,1111,0,36,0,1316,0,24177,41,25493,41,0,11,-12,110,12,1026,0,43,13,"Anderson",76978,102.626724518694,0.0591000671591672,53.2619709527397,0,142.897970848814,5.91000671591672
2020-09-24,1160,13,1124,13,36,0,1331,15,24501,324,25832,339,1,12,0,110,12,1038,0,43,13,"Anderson",76978,90.9350723583361,0.0598413842826244,440.385564706799,16.8879420094053,142.897970848814,5.98413842826244
2020-09-25,1174,14,1137,13,37,1,1344,13,24737,236,26081,249,1,13,-2,108,15,1053,0,43,13,"Anderson",76978,84.4397100470264,0.0559540889526542,323.469043103224,18.1870144716672,140.29982592429,5.59540889526542
2020-09-26,1188,14,1151,14,37,0,1361,17,25037,300,26398,317,0,13,8,116,6,1059,0,43,13,"Anderson",76978,83.1406375847645,0.0525568181818182,411.805970537037,18.1870144716672,150.692405622386,5.25568181818182
2020-09-27,1207,19,1168,17,39,2,1377,16,25244,207,26621,223,0,13,12,128,7,1066,0,43,13,"Anderson",76978,98.7295071319078,0.0544588155207624,289.693159084414,24.682376782977,166.281275169529,5.44588155207624
2020-09-28,1210,3,1170,2,40,1,1379,2,25281,37,26660,39,0,13,-9,119,12,1078,0,43,13,"Anderson",76978,100.02857959417,0.0543109300746775,50.6638260282159,3.89721738678583,154.589623009171,5.43109300746775
2020-09-29,1221,11,1180,10,41,1,1389,10,25575,294,26964,304,0,13,-7,112,18,1096,0,43,13,"Anderson",76978,96.1313622073839,0.0482804232804233,394.918028527631,14.2897970848814,145.496115773338,4.82804232804233
2020-09-30,1233,12,1190,10,43,2,1399,10,25641,66,27040,76,0,13,3,115,9,1105,0,43,13,"Anderson",76978,111.720231754527,0.0536522301228184,98.7295071319078,15.5888695471433,149.393333160124,5.36522301228184
2020-10-01,1249,16,1204,14,45,2,1414,15,25921,280,27335,295,0,13,4,119,12,1117,0,43,13,"Anderson",76978,115.617449141313,0.0552228875582169,383.226376367274,20.7851593961911,154.589623009171,5.52228875582169
2020-10-02,1256,7,1210,6,46,1,1421,7,26003,82,27424,89,0,13,1,120,6,1123,0,43,13,"Anderson",76978,106.523941905479,0.0573343261355175,115.617449141313,9.09350723583361,155.888695471433,5.73343261355175
2020-10-03,1272,16,1226,16,46,0,1445,24,26267,264,27712,288,0,13,3,123,13,1136,0,43,13,"Anderson",76978,109.122086830003,0.0639269406392694,374.13286913144,20.7851593961911,159.785912858219,6.39269406392694
2020-10-04,1288,16,1240,14,48,2,1461,16,26604,337,28065,353,0,13,8,131,8,1144,0,43,13,"Anderson",76978,105.224869443218,0.0581717451523546,458.572579178467,20.7851593961911,170.178492556315,5.81717451523546
2020-10-05,1314,26,1265,25,49,1,1488,27,26815,211,28303,238,0,13,11,142,15,1159,1,44,13,"Anderson",76978,135.103536075242,0.0663420572124163,309.179246018343,33.7758840188106,184.468289641196,6.63420572124163
2020-10-06,1342,28,1292,27,50,1,1520,32,27152,337,28672,369,0,13,15,157,13,1172,1,45,13,"Anderson",76978,157.187767933695,0.0766978922716628,479.357738574658,36.3740289433345,203.954376575125,7.66978922716628
2020-10-07,1348,6,1298,6,50,0,1528,8,27387,235,28915,243,0,13,-3,154,9,1181,0,45,13,"Anderson",76978,149.393333160124,0.0688,315.674608329653,7.79443477357167,200.05715918834,6.88
2020-10-08,1358,10,1306,8,52,2,1537,9,27626,239,29163,248,0,13,-3,151,13,1194,1,46,13,"Anderson",76978,141.598898386552,0.0672866520787746,322.169970640962,12.9907246226195,196.159941801554,6.72866520787746
2020-10-09,1373,15,1319,13,54,2,1553,16,27799,173,29352,189,0,13,-2,149,17,1211,0,46,13,"Anderson",76978,151.991478084648,0.0684647302904564,245.524695367508,19.4860869339292,193.56179687703,6.84647302904564
2020-10-10,1389,16,1335,16,54,0,1573,20,28011,212,29584,232,0,13,3,152,13,1224,1,47,14,"Anderson",76978,151.991478084648,0.0683760683760684,301.384811244771,20.7851593961911,197.459014263816,6.83760683760684
2020-10-11,1417,28,1363,28,54,0,1604,31,28300,289,29904,320,0,13,18,170,10,1234,0,47,14,"Anderson",76978,167.580347631791,0.0777596519847743,415.703187923822,36.3740289433345,220.842318584531,7.77596519847743
2020-10-12,1433,16,1378,15,55,1,1620,16,28379,79,29999,95,0,13,-11,159,27,1261,0,47,14,"Anderson",76978,154.589623009171,0.0778301886792453,123.411883914885,20.7851593961911,206.552521499649,7.78301886792453
2020-10-13,1453,20,1396,18,57,2,1638,18,28500,121,30138,139,0,13,7,166,13,1274,0,47,14,"Anderson",76978,144.197043311076,0.0804911323328786,180.57107225441,25.9814492452389,215.646028735483,8.04911323328786
2020-10-14,1475,22,1418,22,57,0,1662,24,28800,300,30462,324,0,13,12,178,10,1284,0,47,14,"Anderson",76978,164.982202707267,0.0866192630898513,420.89947777287,28.5795941697628,231.234898282626,8.66192630898513
2020-10-15,1497,22,1434,16,63,6,1676,14,28951,151,30627,165,0,13,2,180,20,1304,1,48,14,"Anderson",76978,180.57107225441,0.0949453551912568,214.346956273221,28.5795941697628,233.83304320715,9.49453551912568
2020-10-16,1504,7,1437,3,67,4,1680,4,29050,99,30730,103,0,13,-11,169,18,1322,0,48,15,"Anderson",76978,170.178492556315,0.0921625544267054,133.80446361298,9.09350723583361,219.543246122269,9.21625544267054
2020-10-17,1532,28,1464,27,68,1,1710,30,29298,248,31008,278,0,13,14,183,14,1336,2,50,15,"Anderson",76978,185.767362103458,0.0962078651685393,361.142144508821,36.3740289433345,237.730260593936,9.62078651685393
2020-10-18,1552,20,1484,20,68,0,1733,23,29537,239,31270,262,0,13,5,188,15,1351,0,50,15,"Anderson",76978,175.374782405363,0.0944363103953148,340.35698511263,25.9814492452389,244.225622905246,9.44363103953148
2020-10-19,1556,4,1488,4,68,0,1738,5,29614,77,31352,82,0,13,-16,172,20,1371,1,51,15,"Anderson",76978,159.785912858219,0.0872135994087214,106.523941905479,5.19628984904778,223.440463509055,8.72135994087214
2020-10-20,1583,27,1515,27,68,0,1773,35,29813,199,31586,234,0,13,6,178,21,1392,0,51,15,"Anderson",76978,168.879420094053,0.093232044198895,303.982956169295,35.0749564810725,231.234898282626,9.3232044198895
2020-10-21,1600,17,1532,17,68,0,1792,19,30029,216,31821,235,0,13,8,186,9,1401,1,52,15,"Anderson",76978,162.384057782743,0.0956585724797645,305.282028631557,22.0842318584531,241.627477980722,9.56585724797645
2020-10-22,1621,21,1553,21,68,0,1817,25,30361,332,32178,357,1,14,-4,182,24,1425,0,52,15,"Anderson",76978,161.084985320481,0.0909090909090909,463.768869027514,27.2805217075008,236.431188131674,9.09090909090909
2020-10-23,1636,15,1567,14,69,1,1833,16,30636,275,32469,291,0,14,-7,175,22,1447,0,52,15,"Anderson",76978,171.477565018577,0.0879815986198965,378.030086518226,19.4860869339292,227.33768089584,8.79815986198965
2020-10-24,1667,31,1597,30,70,1,1866,33,31012,376,32878,409,0,14,19,194,12,1459,2,54,17,"Anderson",76978,175.374782405363,0.0834224598930481,531.320637065136,40.2712463301203,252.020057678817,8.34224598930481
2020-10-25,1684,17,1613,16,71,1,1885,19,31208,196,33093,215,0,14,0,194,17,1476,4,58,17,"Anderson",76978,171.477565018577,0.0833790455293472,279.300579386318,22.0842318584531,252.020057678817,8.33790455293472
2020-10-26,1700,16,1628,15,72,1,1903,18,31342,134,33245,152,-1,13,-11,183,28,1504,1,59,17,"Anderson",76978,187.06643456572,0.0871632329635499,197.459014263816,20.7851593961911,237.730260593936,8.71632329635499
2020-10-27,1729,29,1652,24,77,5,1927,24,31497,155,33424,179,1,14,10,193,18,1522,2,61,17,"Anderson",76978,189.664579490244,0.0837867247007617,232.533970744888,37.6731014055964,250.720985216555,8.37867247007617
2020-10-28,1785,56,1706,54,79,2,1986,59,31931,434,33917,493,0,14,33,226,23,1545,0,61,17,"Anderson",76978,240.32840551846,0.0925572519083969,640.442723895139,72.7480578866689,293.5903764712,9.25572519083969
2020-10-29,1814,29,1727,21,87,8,2005,19,32137,206,34142,225,0,14,6,232,23,1568,2,63,17,"Anderson",76978,250.720985216555,0.0957230142566191,292.291304008938,37.6731014055964,301.384811244771,9.57230142566191
2020-10-30,1851,37,1761,34,90,3,2043,38,32288,151,34331,189,2,16,20,252,15,1583,1,64,17,"Anderson",76978,279.300579386318,0.112781954887218,245.524695367508,48.065681103692,327.36626049001,11.2781954887218
2020-10-31,1851,0,1761,0,90,0,2043,0,32289,1,34332,1,0,16,-10,242,10,1593,0,64,19,"Anderson",76978,239.029333056198,0.121733149931224,1.29907246226194,0,314.375535867391,12.1733149931224
2020-11-01,1856,5,1766,5,90,0,2051,8,32533,244,34584,252,0,16,-10,232,15,1608,0,64,19,"Anderson",76978,223.440463509055,0.111334674714956,327.36626049001,6.49536231130973,301.384811244771,11.1334674714956
2020-11-02,1889,33,1797,31,92,2,2086,35,32800,267,34886,302,0,16,8,240,25,1633,0,64,20,"Anderson",76978,245.524695367508,0.111517367458867,392.319883603107,42.8693912546442,311.777390942867,11.1517367458867
2020-11-03,1915,26,1822,25,93,1,2111,25,32980,180,35091,205,0,16,6,246,20,1653,0,64,21,"Anderson",76978,241.627477980722,0.110377924415117,266.309854763699,33.7758840188106,319.571825716438,11.0377924415117
2020-11-04,1933,18,1837,15,96,3,2129,18,33059,79,35188,97,2,18,1,247,15,1668,1,65,21,"Anderson",76978,192.262724414768,0.112509834775767,126.010028839409,23.383304320715,320.8708981787,11.2509834775767
2020-11-05,1957,24,1855,18,102,6,2149,20,33158,99,35307,119,0,18,1,248,23,1691,0,65,22,"Anderson",76978,185.767362103458,0.123605150214592,154.589623009171,31.1777390942867,322.169970640962,12.3605150214592
2020-11-06,2006,49,1901,46,105,3,2198,49,33525,367,35723,416,0,18,24,272,25,1716,2,67,23,"Anderson",76978,201.356231650601,0.111350574712644,540.414144300969,63.6545506508353,353.347709735249,11.1350574712644
2020-11-07,2086,80,1978,77,108,3,2275,77,33972,447,36247,524,0,18,50,322,30,1746,0,67,23,"Anderson",76978,305.282028631557,0.121148825065274,680.713970225259,103.925796980956,418.301332848346,12.1148825065274
2020-11-08,2140,54,2029,51,111,3,2337,62,34582,610,36919,672,0,18,39,361,15,1761,1,68,23,"Anderson",76978,368.936579282392,0.122483940042827,872.976694640027,70.149912962145,468.965158876562,12.2483940042827
2020-11-09,2148,8,2036,7,112,1,2346,9,34656,74,37002,83,0,18,-46,315,54,1815,0,68,23,"Anderson",76978,336.459767725844,0.122873345935728,107.823014367741,10.3925796980956,409.207825612513,12.2873345935728
2020-11-10,2167,19,2054,18,113,1,2368,22,34827,171,37195,193,0,18,-16,299,35,1850,1,69,23,"Anderson",76978,327.36626049001,0.122148288973384,250.720985216555,24.682376782977,388.422666216322,12.2148288973384
2020-11-11,2206,39,2090,36,116,3,2410,42,35100,273,37510,315,1,19,13,312,25,1875,1,70,23,"Anderson",76978,354.646782197511,0.121016365202412,409.207825612513,50.6638260282159,405.310608225727,12.1016365202412
2020-11-12,2213,7,2096,6,117,1,2418,8,35298,198,37716,206,0,19,-13,299,20,1895,0,70,24,"Anderson",76978,332.562550339058,0.111664591116646,267.608927225961,9.09350723583361,388.422666216322,11.1664591116646
2020-11-13,2269,56,2149,53,120,3,2477,59,35560,262,38037,321,2,21,31,330,23,1918,2,72,24,"Anderson",76978,341.656057574892,0.12057044079516,417.002260386084,72.7480578866689,428.693912546442,12.057044079516
2020-11-14,2310,41,2189,40,121,1,2522,45,35956,396,38478,441,1,22,20,350,20,1938,1,73,25,"Anderson",76978,290.992231546676,0.110712684894666,572.890955857518,53.2619709527397,454.675361791681,11.0712684894666
2020-11-15,2408,98,2287,98,121,0,2630,108,36538,582,39168,690,1,23,79,429,18,1956,1,74,25,"Anderson",76978,348.151419886201,0.130280124499778,896.359998960742,127.309101301671,557.302086310374,13.0280124499778
2020-11-16,2457,49,2316,29,141,20,2659,29,36815,277,39474,306,0,23,-6,423,55,2011,1,75,25,"Anderson",76978,401.413390838941,0.126618122977346,397.516173452155,63.6545506508353,549.507651536803,12.6618122977346
2020-11-17,2473,16,2331,15,142,1,2675,16,37021,206,39696,222,2,25,-37,386,51,2062,1,76,26,"Anderson",76978,397.516173452155,0.122750899640144,288.394086622152,20.7851593961911,501.441970433111,12.2750899640144
2020-11-18,2503,30,2357,26,146,4,2701,26,37315,294,40016,320,0,25,-5,381,35,2097,0,76,27,"Anderson",76978,385.824521291798,0.116121308858739,415.703187923822,38.9721738678584,494.946608121801,11.6121308858739
2020-11-19,2561,58,2411,54,150,4,2763,62,37731,416,40494,478,0,25,19,400,39,2136,1,77,27,"Anderson",76978,452.077216867157,0.124190064794816,620.95663696121,75.3462028111928,519.628984904778,12.4190064794816
2020-11-20,2591,30,2438,27,153,3,2794,31,37845,114,40639,145,0,25,-10,390,40,2176,0,77,28,"Anderson",76978,418.301332848346,0.121829362029208,188.365507027982,38.9721738678584,506.638260282159,12.1829362029208
2020-11-21,2648,57,2487,49,161,8,2842,48,38189,344,41031,392,0,25,33,423,24,2200,1,78,28,"Anderson",76978,439.086492244537,0.125342734038386,509.236405206682,74.0471303489309,549.507651536803,12.5342734038386
2020-11-22,2704,56,2536,49,168,7,2899,57,38672,483,41571,540,0,25,42,465,14,2214,1,79,31,"Anderson",76978,384.525448829536,0.111943404078236,701.49912962145,72.7480578866689,604.068694951804,11.1943404078236
2020-11-23,2711,7,2542,6,169,1,2905,6,38694,22,41599,28,0,25,-64,401,71,2285,0,79,32,"Anderson",76978,329.964405414534,0.115764705882353,36.3740289433345,9.09350723583361,520.92805736704,11.5764705882353
2020-11-24,2724,13,2554,12,170,1,2917,12,38851,157,41768,169,2,27,-35,366,46,2331,0,79,32,"Anderson",76978,326.067188027748,0.116795366795367,219.543246122269,16.8879420094053,475.460521187872,11.6795366795367
2020-11-25,2752,28,2575,21,177,7,2938,21,38888,37,41826,58,1,28,-11,355,38,2369,0,79,32,"Anderson",76978,323.469043103224,0.130939226519337,75.3462028111928,36.3740289433345,461.170724102991,13.0939226519337
2020-11-26,2797,45,2617,42,180,3,2983,45,39238,350,42221,395,0,28,-30,325,75,2444,1,80,33,"Anderson",76978,306.581101093819,0.127388535031847,513.133622593468,58.4582608017875,422.198550235132,12.7388535031847
2020-11-27,2896,99,2707,90,189,9,3078,95,39664,426,42742,521,0,28,56,381,43,2487,3,83,35,"Anderson",76978,396.217100989893,0.135045173561579,676.816752838473,128.608173763933,494.946608121801,13.5045173561579
2020-11-28,2927,31,2732,25,195,6,3108,30,39807,143,42915,173,1,29,5,386,25,2512,2,85,35,"Anderson",76978,362.441216971083,0.141188959660297,224.739535971316,40.2712463301203,501.441970433111,14.1188959660297
2020-11-29,3018,91,2821,89,197,2,3204,96,40244,437,43448,533,0,29,65,451,26,2538,1,86,35,"Anderson",76978,407.908753150251,0.162493340436867,692.405622385617,118.215594065837,585.881680480137,16.2493340436867
2020-11-30,3088,70,2887,66,201,4,3277,73,40496,252,43773,325,0,29,1,452,69,2607,0,86,37,"Anderson",76978,489.750318272753,0.171113155473781,422.198550235132,90.9350723583361,587.180752942399,17.1113155473781
2020-12-01,3164,76,2953,66,211,10,3349,72,40927,431,44276,503,1,30,14,466,61,2668,6,92,38,"Anderson",76978,571.591883395256,0.172248803827751,653.433448517758,98.7295071319078,605.367767414066,17.2248803827751
2020-12-02,3179,15,2967,14,212,1,3365,16,41035,108,44400,124,0,30,-40,426,55,2723,0,92,38,"Anderson",76978,554.70394138585,0.165889665889666,161.084985320481,19.4860869339292,553.404868923589,16.5889665889666
2020-12-03,3220,41,2996,29,224,12,3398,33,41259,224,44657,257,1,31,-14,412,54,2777,1,93,39,"Anderson",76978,549.507651536803,0.170361247947455,333.86162280132,53.2619709527397,535.217854451921,17.0361247947455
2020-12-04,3287,67,3056,60,231,7,3461,63,41417,158,44878,221,1,32,-25,387,91,2868,0,93,39,"Anderson",76978,507.93733274442,0.179307116104869,287.09501415989,87.0378549715503,502.741042895373,17.9307116104869
2020-12-05,3318,31,3075,19,243,12,3479,18,41484,67,44963,85,0,32,1,388,30,2898,0,93,39,"Anderson",76978,507.93733274442,0.18115234375,110.421159292265,40.2712463301203,504.040115357635,18.115234375
2020-12-06,3354,36,3104,29,250,7,3507,28,41692,208,45199,236,0,32,12,400,24,2922,2,95,40,"Anderson",76978,436.488347320014,0.173043974871502,306.581101093819,46.76660864143,519.628984904778,17.3043974871502
2020-12-07,3494,140,3228,124,266,16,3643,136,42285,593,45928,729,2,34,28,428,110,3032,4,99,41,"Anderson",76978,527.42341967835,0.169837587006961,947.023824988958,181.870144716672,556.003013848112,16.9837587006961
2020-12-08,3565,71,3277,49,288,22,3695,52,42583,298,46278,350,1,35,-8,420,78,3110,2,101,43,"Anderson",76978,520.92805736704,0.172827172827173,454.675361791681,92.2341448205981,545.610434150017,17.2827172827173
2020-12-09,3670,105,3368,91,302,14,3799,104,42844,261,46643,365,0,35,46,466,59,3169,3,104,44,"Anderson",76978,637.844578970615,0.193490860454748,474.16144872561,136.402608537504,605.367767414066,19.3490860454748
2020-12-10,3764,94,3446,78,318,16,3886,87,43376,532,47262,619,3,38,81,547,10,3179,3,107,45,"Anderson",76978,706.695419470498,0.187332053742802,804.125854140144,122.112811452623,710.592636857284,18.7332053742802
2020-12-11,3837,73,3499,53,338,20,3937,51,43542,166,47479,217,1,39,30,577,42,3221,2,109,45,"Anderson",76978,714.48985424407,0.183006535947712,281.898724310842,94.832289745122,749.564810725142,18.3006535947712
2020-12-12,3925,88,3560,61,365,27,4002,65,44055,513,48057,578,0,39,55,632,33,3254,2,111,45,"Anderson",76978,788.536984593001,0.169036845507434,750.863883187404,114.318376679051,821.013796149549,16.9036845507434
2020-12-13,4157,232,3743,183,414,49,4206,204,44927,872,49133,1076,1,40,188,820,43,3297,0,111,47,"Anderson",76978,1043.15518719634,0.177681748856126,1397.80196939385,301.384811244771,1065.23941905479,17.7681748856126
2020-12-14,4272,115,3829,86,443,29,4305,99,45218,291,49523,390,0,40,-37,783,152,3449,1,112,48,"Anderson",76978,1010.67837563979,0.184144645340751,506.638260282159,149.393333160124,1017.1737379511,18.4144645340751
2020-12-15,4407,135,3914,85,493,50,4401,96,45745,527,50146,623,1,41,42,825,92,3541,6,118,51,"Anderson",76978,1093.81901322456,0.182523267838676,809.322143989192,175.374782405363,1071.7347813661,18.2523267838676
2020-12-16,4476,69,3944,30,532,39,4437,36,46068,323,50505,359,2,43,-17,808,84,3625,4,122,52,"Anderson",76978,1047.05240458313,0.165199378560331,466.367013952038,89.6359998960742,1049.65054950765,16.5199378560331
2020-12-17,4677,201,4118,174,559,27,4631,194,46596,528,51227,722,2,45,114,922,85,3710,2,124,54,"Anderson",76978,1186.05315804516,0.187894073139975,937.930317753124,261.113564914651,1197.74481020551,18.7894073139975
2020-12-18,4775,98,4194,76,581,22,4718,87,46962,366,51680,453,1,46,23,945,74,3784,2,126,54,"Anderson",76978,1218.5299696017,0.185908117114973,588.479825404661,127.309101301671,1227.62347683754,18.5908117114973
2020-12-19,4880,105,4275,81,605,24,4805,87,47220,258,52025,345,0,46,74,1019,31,3815,1,127,55,"Anderson",76978,1240.61420146016,0.202368951612903,448.179999480371,136.402608537504,1323.75483904492,20.2368951612903
2020-12-20,5020,140,4397,122,623,18,4942,137,47684,464,52626,601,2,48,84,1103,54,3869,3,130,56,"Anderson",76978,1121.09953493206,0.2107071285428,780.742549819429,181.870144716672,1432.87692587493,21.07071285428
2020-12-21,5068,48,4415,18,653,30,4965,23,47904,220,52869,243,3,51,-83,1020,128,3997,2,132,59,"Anderson",76978,1034.06167996051,0.197250448296473,315.674608329653,62.3554781885734,1325.05391150718,19.7250448296473
2020-12-22,5138,70,4459,44,679,26,5012,47,48010,106,53022,153,1,52,-31,989,100,4097,2,134,64,"Anderson",76978,949.621969913482,0.212447844228095,198.758086726078,90.9350723583361,1284.78266517706,21.2447844228095
2020-12-23,5212,74,4501,42,711,32,5055,43,48326,316,53381,359,2,54,-8,981,80,4177,2,136,66,"Anderson",76978,956.117332224792,0.214881780250348,466.367013952038,96.1313622073839,1274.39008547897,21.4881780250348
2020-12-24,5270,58,4525,24,745,34,5082,27,48478,152,53560,179,1,55,-47,934,104,4281,1,137,71,"Anderson",76978,770.349970121333,0.193313330475782,232.533970744888,75.3462028111928,1213.33367975266,19.3313330475782
2020-12-25,5364,94,4603,78,761,16,5175,93,48887,409,54062,502,0,55,-16,918,110,4391,1,138,72,"Anderson",76978,765.153680272286,0.191855583543241,652.134376055496,122.112811452623,1192.54852035647,19.1855583543241
2020-12-26,5420,56,4632,29,788,27,5203,28,49006,119,54209,147,0,55,6,924,50,4441,3,141,74,"Anderson",76978,701.49912962145,0.182234432234432,190.963651952506,72.7480578866689,1200.34295513004,18.2234432234432
2020-12-27,5480,60,4669,37,811,23,5239,36,49142,136,54381,172,1,56,29,953,30,4471,6,147,75,"Anderson",76978,597.573332640495,0.169230769230769,223.440463509055,77.9443477357167,1238.01605653563,16.9230769230769
2020-12-28,5527,47,4690,21,837,26,5259,20,49211,69,54470,89,2,58,-85,868,130,4601,4,151,82,"Anderson",76978,596.274260178233,0.183635227982511,115.617449141313,61.0564057263114,1127.59489724337,18.3635227982511
2020-12-29,5623,96,4742,52,881,44,5307,48,49306,95,54613,143,2,60,-34,834,128,4729,5,156,85,"Anderson",76978,630.050144197043,0.185417976115651,185.767362103458,124.710956377147,1083.42643352646,18.5417976115651
2020-12-30,5658,35,4760,18,898,17,5324,17,49434,128,54758,145,6,66,-89,745,118,4847,1,157,88,"Anderson",76978,579.386318168827,0.195352214960058,188.365507027982,45.4675361791681,967.808984385149,19.5352214960058
2020-12-31,5821,163,4860,100,961,63,5426,102,49738,304,55164,406,6,72,63,808,94,4941,1,158,93,"Anderson",76978,715.788926706332,0.214463840399002,527.42341967835,211.748811348697,1049.65054950765,21.4463840399002
2021-01-01,5886,65,4902,42,984,23,5481,55,50014,276,55495,331,0,72,-25,783,90,5031,2,160,94,"Anderson",76978,678.115825300735,0.213538032100488,429.992985008704,84.4397100470264,1017.1737379511,21.3538032100488
2021-01-02,5979,93,4943,41,1036,52,5522,41,50299,285,55821,326,0,72,48,831,45,5076,2,162,96,"Anderson",76978,726.181506404427,0.197890818858561,423.497622697394,120.813738990361,1079.52921613968,19.7890818858561
2021-01-03,6004,25,4955,12,1049,13,5538,16,50351,52,55889,68,0,72,-9,822,34,5110,1,163,98,"Anderson",76978,680.713970225259,0.198275862068966,88.3369274338123,32.4768115565486,1067.83756397932,19.8275862068966
2021-01-04,6041,37,4979,24,1062,13,5569,31,50458,107,56027,138,1,73,-57,765,93,5203,0,163,103,"Anderson",76978,667.72324560264,0.199100834938985,179.271999792148,48.065681103692,993.790433630388,19.9100834938985
2021-01-05,6113,72,5010,31,1103,41,5600,31,50576,118,56176,149,2,75,-48,717,118,5321,2,165,106,"Anderson",76978,636.545506508353,0.187460012795905,193.56179687703,93.53321728286,931.434955441815,18.7460012795905
2021-01-06,6187,74,5050,40,1137,34,5643,43,50737,161,56380,204,5,80,-12,705,81,5402,2,167,108,"Anderson",76978,687.209332536569,0.196670776818742,265.010782301437,96.1313622073839,915.846085894671,19.6670776818742
2021-01-07,6292,105,5130,80,1162,25,5735,92,50958,221,56693,313,1,81,65,770,39,5441,1,168,111,"Anderson",76978,611.863129725376,0.202092871157619,406.609680687989,136.402608537504,1000.2857959417,20.2092871157619
2021-01-08,6374,82,5180,50,1194,32,5787,52,51157,199,56944,251,5,86,61,831,16,5457,2,170,114,"Anderson",76978,633.947361583829,0.211180124223602,326.067188027748,106.523941905479,1079.52921613968,21.1180124223602
2021-01-09,6484,110,5249,69,1235,41,5862,75,51588,431,57450,506,2,88,43,874,65,5522,0,170,116,"Anderson",76978,656.031593442282,0.208717004297115,657.330665904544,142.897970848814,1135.38933201694,20.8717004297115
2021-01-10,6544,60,5274,25,1270,35,5887,25,51682,94,57569,119,2,90,28,902,30,5552,3,173,117,"Anderson",76978,701.49912962145,0.207738095238095,154.589623009171,77.9443477357167,1171.76336096027,20.7738095238095
2021-01-11,6577,33,5284,10,1293,23,5900,13,51753,71,57653,84,1,91,-93,809,125,5677,1,174,119,"Anderson",76978,696.302839772403,0.203567035670357,109.122086830003,42.8693912546442,1050.94962196991,20.3567035670357
2021-01-12,6630,53,5318,34,1312,19,5938,38,51925,172,57863,210,2,93,-100,709,151,5828,1,175,119,"Anderson",76978,671.620462989426,0.200355660936574,272.805217075008,68.8508404998831,921.042375743719,20.0355660936574
2021-01-13,6656,26,5335,17,1321,9,5957,19,52015,90,57972,109,3,96,-44,665,67,5895,0,175,120,"Anderson",76978,609.264984800852,0.197236180904523,141.598898386552,33.7758840188106,863.883187404193,19.7236180904523
2021-01-14,6753,97,5397,62,1356,35,6031,74,52422,407,58453,481,5,101,8,673,84,5979,2,177,122,"Anderson",76978,598.872405102757,0.168181818181818,624.853854347995,126.010028839409,874.275767102289,16.8181818181818
2021-01-15,6787,34,5417,20,1370,14,6055,24,52577,155,58632,179,0,101,-16,657,50,6029,1,178,125,"Anderson",76978,536.516926914183,0.158767772511848,232.533970744888,44.1684637169061,853.490607706098,15.8767772511848
2021-01-16,6851,64,5447,30,1404,34,6088,33,52821,244,58909,277,1,102,2,659,61,6090,1,179,128,"Anderson",76978,476.759593650134,0.154900616860864,359.843072046559,83.1406375847645,856.088752630622,15.4900616860864
2021-01-17,6888,37,5467,20,1421,17,6111,23,52925,104,59036,127,0,102,-6,653,43,6133,0,179,130,"Anderson",76978,446.880927018109,0.152692569870484,164.982202707267,48.065681103692,848.29431785705,15.2692569870484
2021-01-18,6907,19,5475,8,1432,11,6121,10,53021,96,59142,106,1,103,-68,585,86,6219,0,179,131,"Anderson",76978,428.693912546442,0.148421759570181,137.701680999766,24.682376782977,759.957390423238,14.8421759570181
2021-01-19,6949,42,5492,17,1457,25,6141,20,53133,112,59274,132,1,104,-78,507,119,6338,0,179,133,"Anderson",76978,414.40411546156,0.143869596031184,171.477565018577,54.5610434150017,658.629738366806,14.3869596031184
2021-01-20,6977,28,5508,16,1469,12,6160,19,53285,152,59445,171,3,107,-29,478,54,6392,0,179,135,"Anderson",76978,417.002260386084,0.137813985064494,222.141391046793,36.3740289433345,620.95663696121,13.7813985064494
2021-01-21,7033,56,5548,40,1485,16,6199,39,53526,241,59725,280,5,112,-42,436,93,6485,2,181,136,"Anderson",76978,363.740289433345,0.132075471698113,363.740289433345,72.7480578866689,566.395593546208,13.2075471698113
2021-01-22,7071,38,5566,18,1505,20,6221,22,53671,145,59892,167,2,114,-16,420,52,6537,0,181,139,"Anderson",76978,368.936579282392,0.131746031746032,216.945101197745,49.3647535659539,545.610434150017,13.1746031746032
2021-01-23,7109,38,5580,14,1529,24,6234,13,53931,260,60165,273,0,114,8,428,30,6567,1,182,139,"Anderson",76978,335.160695263582,0.116242038216561,354.646782197511,49.3647535659539,556.003013848112,11.6242038216561
2021-01-24,7122,13,5592,12,1530,1,6248,14,53998,67,60246,81,0,114,-21,407,34,6601,0,182,141,"Anderson",76978,303.982956169295,0.113223140495868,105.224869443218,16.8879420094053,528.722492140612,11.3223140495868
2021-01-25,7139,17,5603,11,1536,6,6259,11,54058,60,60317,71,2,116,-47,360,62,6663,1,183,143,"Anderson",76978,301.384811244771,0.117446808510638,92.2341448205981,22.0842318584531,467.6660864143,11.7446808510638
2021-01-26,7166,27,5624,21,1542,6,6284,25,54222,164,60506,189,0,116,-36,324,63,6726,1,184,146,"Anderson",76978,281.898724310842,0.116071428571429,245.524695367508,35.0749564810725,420.89947777287,11.6071428571429
2021-01-27,7183,17,5632,8,1551,9,6293,9,54308,86,60601,95,4,120,-18,306,31,6757,0,184,148,"Anderson",76978,267.608927225961,0.115051903114187,123.411883914885,22.0842318584531,397.516173452155,11.5051903114187
2021-01-28,7270,87,5672,40,1598,47,6340,47,54534,226,60874,273,4,124,24,330,59,6816,0,184,149,"Anderson",76978,307.880173556081,0.122715404699739,354.646782197511,113.019304216789,428.693912546442,12.2715404699739
2021-01-29,7283,13,5676,4,1607,9,6345,5,54579,45,60924,50,1,125,-34,296,46,6862,1,185,149,"Anderson",76978,275.403361999532,0.12015503875969,64.9536231130973,16.8879420094053,384.525448829536,12.015503875969
2021-01-30,7323,40,5711,35,1612,5,6381,36,54838,259,61219,295,2,127,1,297,37,6899,2,187,150,"Anderson",76978,278.001506924056,0.139468690702087,383.226376367274,51.9628984904778,385.824521291798,13.9468690702087
2021-01-31,7339,16,5718,7,1621,9,6392,11,55007,169,61399,180,1,128,-4,293,19,6918,0,187,152,"Anderson",76978,281.898724310842,0.12489158716392,233.83304320715,20.7851593961911,380.62823144275,12.489158716392
2021-02-01,7359,20,5730,12,1629,8,6405,13,55060,53,61465,66,1,129,-26,267,45,6963,1,188,153,"Anderson",76978,285.795941697628,0.127177700348432,85.7387825092884,25.9814492452389,346.852347423939,12.7177700348432
2021-02-02,7366,7,5736,6,1630,1,6411,6,55129,69,61540,75,5,134,-45,222,47,7010,0,188,154,"Anderson",76978,259.814492452389,0.122823984526112,97.4304346696459,9.09350723583361,288.394086622152,12.2823984526112
2021-02-03,7388,22,5742,6,1646,16,6421,10,55321,192,61742,202,4,138,1,223,17,7027,0,188,155,"Anderson",76978,266.309854763699,0.112182296231376,262.412637376913,28.5795941697628,289.693159084414,11.2182296231376
2021-02-04,7418,30,5756,14,1662,16,6438,17,55645,324,62083,341,2,140,-5,218,33,7060,0,188,155,"Anderson",76978,192.262724414768,0.0810587262200165,442.983709631323,38.9721738678584,283.197796773104,8.10587262200166
2021-02-05,7436,18,5767,11,1669,7,6455,17,55802,157,62257,174,2,142,-13,205,29,7089,0,188,156,"Anderson",76978,198.758086726078,0.0825206301575394,226.038608433578,23.383304320715,266.309854763699,8.25206301575394
2021-02-06,7462,26,5783,16,1679,10,6475,20,56024,222,62499,242,1,143,8,213,17,7106,1,189,156,"Anderson",76978,180.57107225441,0.0734375,314.375535867391,33.7758840188106,276.702434461794,7.34375
2021-02-07,7475,13,5790,7,1685,6,6483,8,56131,107,62614,115,0,143,-10,203,23,7129,0,189,156,"Anderson",76978,176.673854867625,0.0748971193415638,149.393333160124,16.8879420094053,263.711709839175,7.48971193415638
2021-02-08,7500,25,5796,6,1704,19,6488,5,56153,22,62641,27,2,145,-13,190,36,7165,0,189,156,"Anderson",76978,183.169217178934,0.070578231292517,35.0749564810725,32.4768115565486,246.82376782977,7.0578231292517
2021-02-09,7524,24,5806,10,1718,14,6499,11,56322,169,62821,180,2,147,-24,166,46,7211,2,191,156,"Anderson",76978,205.253449037387,0.068696330991413,233.83304320715,31.1777390942867,215.646028735483,6.8696330991413
2021-02-10,7549,25,5821,15,1728,10,6518,19,56517,195,63035,214,1,148,8,174,16,7227,1,192,156,"Anderson",76978,209.150666424173,0.0750193348801237,278.001506924056,32.4768115565486,226.038608433578,7.50193348801237
2021-02-11,7562,13,5829,8,1733,5,6530,12,56697,180,63227,192,-1,147,-16,158,30,7257,0,192,157,"Anderson",76978,187.06643456572,0.0804195804195804,249.421912754293,16.8879420094053,205.253449037387,8.04195804195804
2021-02-12,7589,27,5844,15,1745,12,6545,15,56891,194,63436,209,0,147,13,171,14,7271,0,192,157,"Anderson",76978,198.758086726078,0.0763358778625954,271.506144612746,35.0749564810725,222.141391046793,7.63358778625954
2021-02-13,7615,26,5854,10,1761,16,6555,10,57080,189,63635,199,0,147,11,182,15,7286,0,192,157,"Anderson",76978,198.758086726078,0.0704225352112676,258.515419990127,33.7758840188106,236.431188131674,7.04225352112676
2021-02-14,7629,14,5864,10,1765,4,6566,11,57141,61,63707,72,2,149,1,183,11,7297,0,192,157,"Anderson",76978,200.05715918834,0.0759377859103385,93.53321728286,18.1870144716672,237.730260593936,7.59377859103385
2021-02-15,7645,16,5872,8,1773,8,6575,9,57214,73,63789,82,0,149,-6,177,22,7319,1,193,158,"Anderson",76978,188.365507027982,0.0757839721254355,106.523941905479,20.7851593961911,229.935825820364,7.57839721254355
2021-02-16,7674,29,5886,14,1788,15,6592,17,57298,84,63890,101,0,149,11,188,18,7337,0,193,158,"Anderson",76978,194.860869339292,0.0869971936389149,131.206318688456,37.6731014055964,244.225622905246,8.69971936389149
2021-02-17,7693,19,5898,12,1795,7,6604,12,57406,108,64010,120,0,149,-8,180,27,7364,0,193,160,"Anderson",76978,187.06643456572,0.0882051282051282,155.888695471433,24.682376782977,233.83304320715,8.82051282051282
2021-02-18,7717,24,5920,22,1797,2,6630,26,57562,156,64192,182,0,149,9,189,15,7379,0,193,160,"Anderson",76978,201.356231650601,0.103626943005181,236.431188131674,31.1777390942867,245.524695367508,10.3626943005181
2021-02-19,7730,13,5931,11,1799,2,6645,15,57608,46,64253,61,0,149,0,189,13,7392,0,193,161,"Anderson",76978,183.169217178934,0.122399020807834,79.2434201979787,16.8879420094053,245.524695367508,12.2399020807834
2021-02-20,7749,19,5938,7,1811,12,6654,9,57730,122,64384,131,1,150,3,192,15,7407,0,193,162,"Anderson",76978,174.075709943101,0.132176234979973,170.178492556315,24.682376782977,249.421912754293,13.2176234979973
2021-02-21,7761,12,5945,7,1816,5,6661,7,57794,64,64455,71,2,152,-1,191,11,7418,1,194,162,"Anderson",76978,171.477565018577,0.127005347593583,92.2341448205981,15.5888695471433,248.122840292031,12.7005347593583
2021-02-22,7766,5,5947,2,1819,3,6667,6,57831,37,64498,43,1,153,-17,174,21,7439,0,194,163,"Anderson",76978,157.187767933695,0.129760225669958,55.8601158772636,6.49536231130973,226.038608433578,12.9760225669958
2021-02-23,7790,24,5956,9,1834,15,6675,8,57974,143,64649,151,2,155,-2,172,24,7463,0,194,165,"Anderson",76978,150.692405622386,0.10935441370224,196.159941801554,31.1777390942867,223.440463509055,10.935441370224
2021-02-24,7822,32,5975,19,1847,13,6698,23,58148,174,64846,197,0,155,15,187,17,7480,0,194,165,"Anderson",76978,167.580347631791,0.11244019138756,255.917275065603,41.5703187923822,242.926550442984,11.244019138756
2021-02-25,7839,17,5983,8,1856,9,6709,11,58275,127,64984,138,1,156,-3,184,19,7499,0,194,165,"Anderson",76978,158.486840395957,0.0997474747474748,179.271999792148,22.0842318584531,239.029333056198,9.97474747474748
2021-02-26,7851,12,5991,8,1860,4,6718,9,58374,99,65092,108,0,156,-17,167,29,7528,0,194,165,"Anderson",76978,157.187767933695,0.0870083432657926,140.29982592429,15.5888695471433,216.945101197745,8.70083432657926
2021-02-27,7860,9,5998,7,1862,2,6724,6,58466,92,65190,98,0,156,-6,161,15,7543,0,194,165,"Anderson",76978,144.197043311076,0.086848635235732,127.309101301671,11.6916521603575,209.150666424173,8.6848635235732
2021-02-28,7874,14,6008,10,1866,4,6735,11,58537,71,65272,82,0,156,0,161,14,7557,0,194,165,"Anderson",76978,146.7951882356,0.0905752753977968,106.523941905479,18.1870144716672,209.150666424173,9.05752753977968
2021-03-01,7882,8,6013,5,1869,3,6742,7,58572,35,65314,42,0,156,-11,150,19,7576,0,194,165,"Anderson",76978,150.692405622386,0.0919117647058824,54.5610434150017,10.3925796980956,194.860869339292,9.19117647058824
2021-03-02,7905,23,6024,11,1881,12,6752,10,58688,116,65440,126,1,157,-2,148,24,7600,1,195,165,"Anderson",76978,149.393333160124,0.0973451327433628,163.683130245005,29.8786666320247,192.262724414768,9.73451327433628
2021-03-03,7938,33,6045,21,1893,12,6777,25,58804,116,65581,141,1,158,13,161,19,7619,0,195,166,"Anderson",76978,150.692405622386,0.107482993197279,183.169217178934,42.8693912546442,209.150666424173,10.7482993197279
2021-03-04,7963,25,6058,13,1905,12,6794,17,58967,163,65761,180,0,158,13,174,12,7631,0,195,166,"Anderson",76978,161.084985320481,0.109395109395109,233.83304320715,32.4768115565486,226.038608433578,10.9395109395109
2021-03-05,7995,32,6075,17,1920,15,6816,22,59101,134,65917,156,0,158,17,191,15,7646,2,197,166,"Anderson",76978,187.06643456572,0.118787878787879,202.655304112863,41.5703187923822,248.122840292031,11.8787878787879
2021-03-06,8005,10,6080,5,1925,5,6824,8,59190,89,66014,97,0,158,-1,190,11,7657,0,197,166,"Anderson",76978,188.365507027982,0.121359223300971,126.010028839409,12.9907246226195,246.82376782977,12.1359223300971
2021-03-07,8011,6,6083,3,1928,3,6827,3,59229,39,66056,42,0,158,-10,180,16,7673,0,197,166,"Anderson",76978,177.972927329886,0.11734693877551,54.5610434150017,7.79443477357167,233.83304320715,11.734693877551
2021-03-08,8027,16,6090,7,1937,9,6836,9,59306,77,66142,86,1,159,-4,176,19,7692,0,197,166,"Anderson",76978,188.365507027982,0.113526570048309,111.720231754527,20.7851593961911,228.636753358102,11.3526570048309
2021-03-09,8048,21,6098,8,1950,13,6844,8,59371,65,66215,73,0,159,3,179,18,7710,3,200,167,"Anderson",76978,185.767362103458,0.118709677419355,94.832289745122,27.2805217075008,232.533970744888,11.8709677419355
2021-03-10,8070,22,6111,13,1959,9,6860,16,59528,157,66388,173,0,159,11,190,11,7721,1,201,167,"Anderson",76978,171.477565018577,0.102850061957869,224.739535971316,28.5795941697628,246.82376782977,10.2850061957869
2021-03-11,8093,23,6121,10,1972,13,6870,10,59625,97,66495,107,0,159,1,191,22,7743,1,202,168,"Anderson",76978,168.879420094053,0.103542234332425,139.000753462028,29.8786666320247,248.122840292031,10.3542234332425
2021-03-12,8113,20,6138,17,1975,3,6890,20,59731,106,66621,126,0,159,8,199,12,7755,0,202,168,"Anderson",76978,153.29055054691,0.105113636363636,163.683130245005,25.9814492452389,258.515419990127,10.5113636363636
2021-03-13,8124,11,6142,4,1982,7,6894,4,59807,76,66701,80,0,159,2,201,9,7764,1,203,168,"Anderson",76978,154.589623009171,0.101892285298399,103.925796980956,14.2897970848814,261.113564914651,10.1892285298399
2021-03-14,8130,6,6146,4,1984,2,6900,6,59843,36,66743,42,0,159,-13,188,19,7783,1,204,168,"Anderson",76978,154.589623009171,0.106259097525473,54.5610434150017,7.79443477357167,244.225622905246,10.6259097525473
2021-03-15,8148,18,6152,6,1996,12,6906,6,59876,33,66782,39,0,159,-9,179,27,7810,1,205,168,"Anderson",76978,157.187767933695,0.109375,50.6638260282159,23.383304320715,232.533970744888,10.9375
2021-03-16,8181,33,6165,13,2016,20,6921,15,59969,93,66890,108,0,159,-1,178,34,7844,2,207,168,"Anderson",76978,172.776637480839,0.114074074074074,140.29982592429,42.8693912546442,231.234898282626,11.4074074074074
2021-03-17,8198,17,6176,11,2022,6,6934,13,60056,87,66990,100,0,159,-5,173,22,7866,0,207,169,"Anderson",76978,166.281275169529,0.122923588039867,129.907246226195,22.0842318584531,224.739535971316,12.2923588039867
2021-03-18,8214,16,6188,12,2026,4,6949,15,60137,81,67086,96,1,160,-1,172,16,7882,0,207,169,"Anderson",76978,157.187767933695,0.133671742808799,124.710956377147,20.7851593961911,223.440463509055,13.3671742808799
2021-03-19,8238,24,6202,14,2036,10,6962,13,60256,119,67218,132,0,160,13,185,11,7893,1,208,169,"Anderson",76978,162.384057782743,0.120603015075377,171.477565018577,31.1777390942867,240.32840551846,12.0603015075377
2021-03-20,8250,12,6208,6,2042,6,6970,8,60295,39,67265,47,0,160,3,188,9,7902,1,209,169,"Anderson",76978,163.683130245005,0.134751773049645,61.0564057263114,15.5888695471433,244.225622905246,13.4751773049645
2021-03-21,8260,10,6214,6,2046,4,6977,7,60357,62,67334,69,-1,159,-5,183,16,7918,0,209,169,"Anderson",76978,168.879420094053,0.130287648054146,89.6359998960742,12.9907246226195,237.730260593936,13.0287648054146
2021-03-22,8266,6,6215,1,2051,5,6978,1,60423,66,67401,67,0,159,-9,174,15,7933,1,210,169,"Anderson",76978,153.29055054691,0.116316639741519,87.0378549715503,7.79443477357167,226.038608433578,11.6316639741519
2021-03-23,8272,6,6216,1,2056,5,6979,1,60466,43,67445,44,0,159,-15,159,21,7954,0,210,170,"Anderson",76978,118.215594065837,0.104504504504505,57.1591883395256,7.79443477357167,206.552521499649,10.4504504504505
2021-03-24,8280,8,6223,7,2057,1,6986,7,60587,121,67573,128,1,160,-11,148,18,7972,0,210,170,"Anderson",76978,106.523941905479,0.0891938250428816,166.281275169529,10.3925796980956,192.262724414768,8.91938250428817
2021-03-25,8290,10,6228,5,2062,5,6992,6,60688,101,67680,107,0,160,-10,138,20,7992,0,210,170,"Anderson",76978,98.7295071319078,0.0723905723905724,139.000753462028,12.9907246226195,179.271999792148,7.23905723905724
2021-03-26,8307,17,6240,12,2067,5,7003,11,60754,66,67757,77,0,160,2,140,15,8007,0,210,171,"Anderson",76978,89.6359998960742,0.0760667903525046,100.02857959417,22.0842318584531,181.870144716672,7.60667903525046
2021-03-27,8311,4,6244,4,2067,0,7009,6,60818,64,67827,70,1,161,-12,128,15,8022,2,212,171,"Anderson",76978,79.2434201979786,0.0693950177935943,90.9350723583361,5.19628984904778,166.281275169529,6.93950177935943
2021-03-28,8314,3,6244,0,2070,3,7009,0,60847,29,67856,29,1,162,-12,116,14,8036,0,212,172,"Anderson",76978,70.149912962145,0.0613026819923372,37.6731014055964,3.89721738678583,150.692405622386,6.13026819923372
2021-03-29,8329,15,6248,4,2081,11,7013,4,60933,86,67946,90,1,163,-16,100,30,8066,0,212,173,"Anderson",76978,81.8415651225025,0.0642201834862385,116.916521603575,19.4860869339292,129.907246226195,6.42201834862385
2021-03-30,8334,5,6251,3,2083,2,7016,3,60991,58,68007,61,1,164,-12,88,16,8082,0,212,173,"Anderson",76978,80.5424926602406,0.0658362989323843,79.2434201979787,6.49536231130973,114.318376679051,6.58362989323843
2021-03-31,8357,23,6265,14,2092,9,7032,16,61155,164,68187,180,1,165,10,98,12,8094,1,213,173,"Anderson",76978,100.02857959417,0.0749185667752443,233.83304320715,29.8786666320247,127.309101301671,7.49185667752443
2021-04-01,8366,9,6269,4,2097,5,7036,4,61212,57,68248,61,0,165,-8,90,17,8111,0,213,173,"Anderson",76978,98.7295071319078,0.0774647887323944,79.2434201979787,11.6916521603575,116.916521603575,7.74647887323944
2021-04-02,8375,9,6276,7,2099,2,7043,7,61282,70,68325,77,0,165,-1,89,10,8121,0,213,173,"Anderson",76978,88.3369274338123,0.0704225352112676,100.02857959417,11.6916521603575,115.617449141313,7.04225352112676
2021-04-03,8381,6,6281,5,2100,1,7049,6,61332,50,68381,56,0,165,-8,81,14,8135,0,213,173,"Anderson",76978,90.9350723583361,0.0722021660649819,72.7480578866689,7.79443477357167,105.224869443218,7.22021660649819
2021-04-04,8383,2,6283,2,2100,0,7051,2,61370,38,68421,40,0,165,-5,76,7,8142,0,213,173,"Anderson",76978,89.6359998960742,0.0743362831858407,51.9628984904778,2.59814492452389,98.7295071319078,7.43362831858407
2021-04-05,8397,14,6286,3,2111,11,7053,2,61428,58,68481,60,0,165,4,80,10,8152,2,215,173,"Anderson",76978,88.3369274338123,0.0747663551401869,77.9443477357167,18.1870144716672,103.925796980956,7.47663551401869
2021-04-06,8402,5,6290,4,2112,1,7059,6,61470,42,68529,48,0,165,3,83,2,8154,0,215,173,"Anderson",76978,88.3369274338123,0.0823754789272031,62.3554781885734,6.49536231130973,107.823014367741,8.23754789272031
2021-04-07,8422,20,6303,13,2119,7,7073,14,61629,159,68702,173,0,165,10,93,10,8164,2,217,173,"Anderson",76978,84.4397100470264,0.0796116504854369,224.739535971316,25.9814492452389,120.813738990361,7.96116504854369
2021-04-08,8425,3,6305,2,2120,1,7076,3,61720,91,68796,94,5,170,-17,76,15,8179,1,218,173,"Anderson",76978,76.6452752734548,0.072992700729927,122.112811452623,3.89721738678583,98.7295071319078,7.2992700729927
2021-04-09,8433,8,6311,6,2122,2,7085,9,61807,87,68892,96,-4,166,8,84,4,8183,0,218,173,"Anderson",76978,75.3462028111928,0.0740740740740741,124.710956377147,10.3925796980956,109.122086830003,7.40740740740741
2021-04-10,8438,5,6316,5,2122,0,7090,5,61878,71,68968,76,0,166,-6,78,11,8194,0,218,173,"Anderson",76978,74.0471303489309,0.0698466780238501,98.7295071319078,6.49536231130973,101.327652056432,6.98466780238501
2021-04-11,8445,7,6321,5,2124,2,7095,5,61922,44,69017,49,-1,165,0,78,8,8202,0,218,173,"Anderson",76978,80.5424926602406,0.0738255033557047,63.6545506508353,9.09350723583361,101.327652056432,7.38255033557047
2021-04-12,8448,3,6324,3,2124,0,7098,3,61991,69,69089,72,0,165,-7,71,10,8212,0,218,173,"Anderson",76978,66.2526955753592,0.0740131578947368,93.53321728286,3.89721738678583,92.2341448205981,7.40131578947368
2021-04-13,8458,10,6329,5,2129,5,7104,6,62052,61,69156,67,5,170,-8,63,13,8225,0,218,173,"Anderson",76978,72.7480578866689,0.0717703349282297,87.0378549715503,12.9907246226195,81.8415651225025,7.17703349282297
2021-04-14,8472,14,6338,9,2134,5,7115,11,62190,138,69305,149,0,170,7,70,7,8232,0,218,173,"Anderson",76978,64.9536231130973,0.0696517412935323,193.56179687703,18.1870144716672,90.9350723583361,6.96517412935323
2021-04-15,8481,9,6343,5,2138,4,7120,5,62271,81,69391,86,0,170,6,76,3,8235,0,218,173,"Anderson",76978,72.7480578866689,0.0739495798319328,111.720231754527,11.6916521603575,98.7295071319078,7.39495798319328
2021-04-16,8494,13,6354,11,2140,2,7133,13,62424,153,69557,166,0,170,6,82,7,8242,0,218,173,"Anderson",76978,79.2434201979786,0.0721804511278196,215.646028735483,16.8879420094053,106.523941905479,7.21804511278196
2021-04-17,8499,5,6357,3,2142,2,7137,4,62489,65,69626,69,0,170,0,82,5,8247,0,218,173,"Anderson",76978,79.2434201979786,0.0714285714285714,89.6359998960742,6.49536231130973,106.523941905479,7.14285714285714
2021-04-18,8506,7,6363,6,2143,1,7143,6,62534,45,69677,51,0,170,0,82,7,8254,0,218,173,"Anderson",76978,79.2434201979786,0.0727272727272727,66.2526955753592,9.09350723583361,106.523941905479,7.27272727272727
2021-04-19,8512,6,6366,3,2146,3,7146,3,62557,23,69703,26,0,170,-6,76,12,8266,0,218,174,"Anderson",76978,83.1406375847645,0.0781758957654723,33.7758840188106,7.79443477357167,98.7295071319078,7.81758957654723
2021-04-20,8518,6,6369,3,2149,3,7149,3,62656,99,69805,102,0,170,-1,75,7,8273,0,218,174,"Anderson",76978,77.9443477357167,0.0693374422187981,132.505391150718,7.79443477357167,97.4304346696459,6.93374422187981
2021-04-21,8530,12,6375,6,2155,6,7155,6,62811,155,69966,161,1,171,-2,73,13,8286,0,218,174,"Anderson",76978,75.3462028111928,0.0605143721633888,209.150666424173,15.5888695471433,94.832289745122,6.05143721633888
2021-04-22,8548,18,6381,6,2167,12,7162,7,62955,144,70117,151,0,171,12,85,6,8292,0,218,174,"Anderson",76978,87.0378549715503,0.0578512396694215,196.159941801554,23.383304320715,110.421159292265,5.78512396694215
2021-04-23,8558,10,6386,5,2172,5,7168,6,63121,166,70289,172,0,171,8,93,2,8294,0,218,174,"Anderson",76978,83.1406375847645,0.0478142076502732,223.440463509055,12.9907246226195,120.813738990361,4.78142076502732
2021-04-24,8570,12,6392,6,2178,6,7175,7,63188,67,70363,74,0,171,8,101,4,8298,1,219,174,"Anderson",76978,92.2341448205981,0.0515603799185889,96.1313622073839,15.5888695471433,131.206318688456,5.15603799185889
2021-04-25,8574,4,6394,2,2180,2,7177,2,63228,40,70405,42,0,171,0,101,4,8302,0,219,174,"Anderson",76978,88.3369274338123,0.0467032967032967,54.5610434150017,5.19628984904778,131.206318688456,4.67032967032967
2021-04-26,8583,9,6398,4,2185,5,7181,4,63303,75,70484,79,0,171,2,103,7,8309,0,219,175,"Anderson",76978,92.2341448205981,0.0448143405889885,102.626724518694,11.6916521603575,133.80446361298,4.48143405889885
2021-04-27,8593,10,6404,6,2189,4,7187,6,63371,68,70558,74,0,171,-3,100,13,8322,0,219,175,"Anderson",76978,97.4304346696459,0.050464807436919,96.1313622073839,12.9907246226195,129.907246226195,5.0464807436919
2021-04-28,8610,17,6416,12,2194,5,7200,13,63509,138,70709,151,0,171,1,101,16,8338,1,220,175,"Anderson",76978,103.925796980956,0.0605652759084791,196.159941801554,22.0842318584531,131.206318688456,6.05652759084791
2021-04-29,8616,6,6418,2,2198,4,7203,3,63658,149,70861,152,0,171,-1,100,7,8345,0,220,175,"Anderson",76978,88.3369274338123,0.0551075268817204,197.459014263816,7.79443477357167,129.907246226195,5.51075268817204
2021-04-30,8623,7,6421,3,2202,4,7207,4,63780,122,70987,126,0,171,-2,98,9,8354,0,220,175,"Anderson",76978,84.4397100470264,0.0558739255014327,163.683130245005,9.09350723583361,127.309101301671,5.58739255014327
2021-05-01,8628,5,6424,3,2204,2,7210,3,63843,63,71053,66,0,171,-1,97,6,8360,1,221,175,"Anderson",76978,75.3462028111928,0.0507246376811594,85.7387825092884,6.49536231130973,126.010028839409,5.07246376811594
2021-05-02,8631,3,6425,1,2206,2,7211,1,63894,51,71105,52,0,171,-7,90,10,8370,0,221,175,"Anderson",76978,74.0471303489309,0.0485714285714286,67.5517680376211,3.89721738678583,116.916521603575,4.85714285714286
2021-05-03,8641,10,6430,5,2211,5,7216,5,64000,106,71216,111,0,171,-3,87,13,8383,0,221,175,"Anderson",76978,75.3462028111928,0.0478142076502732,144.197043311076,12.9907246226195,113.019304216789,4.78142076502732
2021-05-04,8643,2,6430,0,2213,2,7217,1,64076,76,71293,77,0,171,-11,76,13,8396,0,221,175,"Anderson",76978,64.9536231130973,0.0408163265306122,100.02857959417,2.59814492452389,98.7295071319078,4.08163265306122
2021-05-05,8651,8,6434,4,2217,4,7220,3,64193,117,71413,120,0,171,-3,73,11,8407,0,221,175,"Anderson",76978,53.2619709527397,0.0284090909090909,155.888695471433,10.3925796980956,94.832289745122,2.84090909090909
2021-05-06,8656,5,6437,3,2219,2,7226,6,64245,52,71471,58,0,171,-4,69,9,8416,1,222,175,"Anderson",76978,51.9628984904778,0.0377049180327869,75.3462028111928,6.49536231130973,89.6359998960742,3.77049180327869
2021-05-07,8661,5,6439,2,2222,3,7229,3,64366,121,71595,124,0,171,-4,65,9,8425,0,222,175,"Anderson",76978,49.3647535659539,0.0361842105263158,161.084985320481,6.49536231130973,84.4397100470264,3.61842105263158
2021-05-08,8667,6,6442,3,2225,3,7231,2,64435,69,71666,71,0,171,-6,59,12,8437,1,223,175,"Anderson",76978,50.6638260282159,0.034257748776509,92.2341448205981,7.79443477357167,76.6452752734548,3.4257748776509
2021-05-09,8668,1,6442,0,2226,1,7232,1,64463,28,71695,29,0,171,-4,55,5,8442,0,223,175,"Anderson",76978,48.065681103692,0.0355932203389831,37.6731014055964,1.29907246226194,71.448985424407,3.55932203389831
2021-05-10,8673,5,6442,0,2231,5,7232,0,64551,88,71783,88,0,171,-5,50,10,8452,0,223,175,"Anderson",76978,41.5703187923822,0.0282186948853616,114.318376679051,6.49536231130973,64.9536231130973,2.82186948853616
2021-05-11,8680,7,6443,1,2237,6,7234,2,64593,42,71827,44,0,171,2,52,5,8457,0,223,175,"Anderson",76978,48.065681103692,0.0318352059925094,57.1591883395256,9.09350723583361,67.5517680376211,3.18352059925094
2021-05-12,8693,13,6450,7,2243,6,7240,6,64697,104,71937,110,0,171,8,60,5,8462,2,225,175,"Anderson",76978,54.5610434150017,0.0381679389312977,142.897970848814,16.8879420094053,77.9443477357167,3.81679389312977
2021-05-13,8697,4,6452,2,2245,2,7242,2,64800,103,72042,105,0,171,-3,57,7,8469,2,227,175,"Anderson",76978,53.2619709527397,0.0280210157618214,136.402608537504,5.19628984904778,74.0471303489309,2.80210157618214
2021-05-14,8705,8,6455,3,2250,5,7247,5,64887,87,72134,92,0,171,2,59,6,8475,0,227,175,"Anderson",76978,57.1591883395256,0.0333951762523191,119.514666528099,10.3925796980956,76.6452752734548,3.33951762523191
2021-05-15,8710,5,6457,2,2253,3,7249,2,64952,65,72201,67,0,171,1,60,4,8479,0,227,175,"Anderson",76978,55.8601158772636,0.0336448598130841,87.0378549715503,6.49536231130973,77.9443477357167,3.36448598130841
2021-05-16,8712,2,6458,1,2254,1,7250,1,64988,36,72238,37,0,171,-5,55,7,8486,0,227,175,"Anderson",76978,57.1591883395256,0.0331491712707182,48.065681103692,2.59814492452389,71.448985424407,3.31491712707182
2021-05-17,8718,6,6463,5,2255,1,7255,5,65047,59,72302,64,1,172,0,55,5,8491,0,227,175,"Anderson",76978,58.4582608017875,0.0443159922928709,83.1406375847645,7.79443477357167,71.448985424407,4.43159922928709
2021-05-18,8722,4,6463,0,2259,4,7255,0,65138,91,72393,91,0,172,0,55,4,8495,1,228,175,"Anderson",76978,54.5610434150017,0.0371024734982332,118.215594065837,5.19628984904778,71.448985424407,3.71024734982332
2021-05-19,8729,7,6468,5,2261,2,7261,6,65257,119,72518,125,0,172,4,59,3,8498,0,228,175,"Anderson",76978,46.76660864143,0.036144578313253,162.384057782743,9.09350723583361,76.6452752734548,3.6144578313253
2021-05-20,8731,2,6470,2,2261,0,7263,2,65376,119,72639,121,0,172,-1,58,3,8501,0,228,175,"Anderson",76978,44.1684637169061,0.0351758793969849,157.187767933695,2.59814492452389,75.3462028111928,3.51758793969849
2021-05-21,8733,2,6470,0,2263,2,7263,0,65446,70,72709,70,0,172,-7,51,9,8510,0,228,175,"Anderson",76978,36.3740289433345,0.0278260869565217,90.9350723583361,2.59814492452389,66.2526955753592,2.78260869565217
2021-05-22,8738,5,6472,2,2266,3,7265,2,65486,40,72751,42,0,172,-3,48,8,8518,0,228,175,"Anderson",76978,36.3740289433345,0.0290909090909091,54.5610434150017,6.49536231130973,62.3554781885734,2.90909090909091
2021-05-23,8738,0,6472,0,2266,0,7265,0,65515,29,72780,29,0,172,-3,45,3,8521,0,228,175,"Anderson",76978,33.7758840188106,0.0276752767527675,37.6731014055964,0,58.4582608017875,2.76752767527675
2021-05-24,8746,8,6476,4,2270,4,7268,3,65574,59,72842,62,0,172,2,47,6,8527,0,228,175,"Anderson",76978,36.3740289433345,0.0240740740740741,80.5424926602406,10.3925796980956,61.0564057263114,2.40740740740741
2021-05-25,8748,2,6476,0,2272,2,7269,1,65619,45,72888,46,0,172,-10,37,12,8539,0,228,175,"Anderson",76978,33.7758840188106,0.0282828282828283,59.7573332640495,2.59814492452389,48.065681103692,2.82828282828283
2021-05-26,8755,7,6481,5,2274,2,7275,6,65719,100,72994,106,0,172,0,37,7,8546,0,228,175,"Anderson",76978,33.7758840188106,0.0294117647058824,137.701680999766,9.09350723583361,48.065681103692,2.94117647058824
2021-05-27,8757,2,6482,1,2275,1,7276,1,65769,50,73045,51,0,172,-1,36,3,8549,1,229,175,"Anderson",76978,33.7758840188106,0.0320197044334975,66.2526955753592,2.59814492452389,46.76660864143,3.20197044334975
2021-05-28,8762,5,6486,4,2276,1,7281,5,65852,83,73133,88,0,172,0,36,5,8554,0,229,175,"Anderson",76978,37.6731014055964,0.0424528301886792,114.318376679051,6.49536231130973,46.76660864143,4.24528301886792
2021-05-29,8763,1,6486,0,2277,1,7281,0,65889,37,73170,37,0,172,-5,31,6,8560,0,229,175,"Anderson",76978,32.4768115565486,0.0381861575178998,48.065681103692,1.29907246226194,40.2712463301203,3.81861575178998
2021-05-30,8766,3,6487,1,2279,2,7282,1,65939,50,73221,51,0,172,0,31,3,8563,0,229,175,"Anderson",76978,36.3740289433345,0.0385487528344671,66.2526955753592,3.89721738678583,40.2712463301203,3.85487528344671
2021-05-31,8770,4,6490,3,2280,1,7285,3,65990,51,73275,54,0,172,1,32,3,8566,0,229,175,"Anderson",76978,31.1777390942867,0.0392609699769053,70.149912962145,5.19628984904778,41.5703187923822,3.92609699769053
2021-06-01,8773,3,6492,2,2281,1,7286,1,66038,48,73324,49,0,172,1,33,2,8568,1,230,175,"Anderson",76978,32.4768115565486,0.0389908256880734,63.6545506508353,3.89721738678583,42.8693912546442,3.89908256880734
2021-06-02,8777,4,6493,1,2284,3,7288,2,66079,41,73367,43,0,172,-2,31,6,8574,0,230,175,"Anderson",76978,28.5795941697628,0.0348525469168901,55.8601158772636,5.19628984904778,40.2712463301203,3.48525469168901
2021-06-03,8778,1,6493,0,2285,1,7291,3,66169,90,73460,93,1,173,-3,28,3,8577,0,230,175,"Anderson",76978,27.2805217075008,0.036144578313253,120.813738990361,1.29907246226194,36.3740289433345,3.6144578313253
2021-06-04,8779,1,6494,1,2285,0,7293,2,66222,53,73515,55,-1,172,-2,26,4,8581,0,230,175,"Anderson",76978,22.0842318584531,0.031413612565445,71.448985424407,1.29907246226194,33.7758840188106,3.1413612565445
2021-06-05,8780,1,6495,1,2285,0,7294,1,66279,57,73573,58,0,172,-3,23,4,8585,0,230,175,"Anderson",76978,22.0842318584531,0.032258064516129,75.3462028111928,1.29907246226194,29.8786666320247,3.2258064516129
2021-06-06,8780,0,6495,0,2285,0,7294,0,66304,25,73598,25,0,172,-4,19,4,8589,0,230,175,"Anderson",76978,18.1870144716672,0.0318302387267905,32.4768115565486,0,24.682376782977,3.18302387267904
2021-06-07,8781,1,6495,0,2286,1,7294,0,66368,64,73662,64,0,172,-1,18,2,8591,0,230,175,"Anderson",76978,14.2897970848814,0.0232558139534884,83.1406375847645,1.29907246226194,23.383304320715,2.32558139534884
2021-06-08,8782,1,6495,0,2287,1,7294,0,66405,37,73699,37,0,172,-1,17,2,8593,1,231,176,"Anderson",76978,11.6916521603575,0.0213333333333333,48.065681103692,1.29907246226194,22.0842318584531,2.13333333333333
2021-06-09,8782,0,6495,0,2287,0,7294,0,66487,82,73781,82,0,172,-4,13,4,8597,0,231,176,"Anderson",76978,6.49536231130972,0.0144927536231884,106.523941905479,0,16.8879420094053,1.44927536231884
2021-06-10,8786,4,6496,1,2290,3,7295,1,66544,57,73839,58,0,172,4,17,0,8597,0,231,176,"Anderson",76978,10.3925796980956,0.0105540897097625,75.3462028111928,5.19628984904778,22.0842318584531,1.05540897097625
2021-06-11,8787,1,6496,0,2291,1,7296,1,66599,55,73895,56,1,173,-3,14,3,8600,0,231,176,"Anderson",76978,10.3925796980956,0.00789473684210526,72.7480578866689,1.29907246226194,18.1870144716672,0.789473684210526
2021-06-12,8788,1,6496,0,2292,1,7297,1,66654,55,73951,56,2,175,-4,10,3,8603,0,231,176,"Anderson",76978,10.3925796980956,0.00793650793650794,72.7480578866689,1.29907246226194,12.9907246226195,0.793650793650794
2021-06-13,8789,1,6496,0,2293,1,7298,1,66692,38,73990,39,0,175,-3,7,4,8607,0,231,176,"Anderson",76978,11.6916521603575,0.0102040816326531,50.6638260282159,1.29907246226194,9.09350723583361,1.02040816326531
2021-06-14,8791,2,6498,2,2293,0,7300,2,66778,86,74078,88,0,175,1,8,1,8608,0,231,176,"Anderson",76978,12.9907246226194,0.0144230769230769,114.318376679051,2.59814492452389,10.3925796980956,1.44230769230769
2021-06-15,8791,0,6498,0,2293,0,7301,1,66809,31,74110,32,0,175,-1,7,1,8609,0,231,176,"Anderson",76978,11.6916521603575,0.0170316301703163,41.5703187923822,0,9.09350723583361,1.70316301703163
2021-06-16,8792,1,6499,1,2293,0,7302,1,66853,44,74155,45,0,175,0,7,1,8610,0,231,176,"Anderson",76978,12.9907246226194,0.0213903743315508,58.4582608017875,1.29907246226194,9.09350723583361,2.13903743315508
2021-06-17,8792,0,6499,0,2293,0,7302,0,66939,86,74241,86,0,175,-1,6,1,8611,0,231,176,"Anderson",76978,7.79443477357167,0.0174129353233831,111.720231754527,0,7.79443477357167,1.74129353233831
2021-06-18,8794,2,6500,1,2294,1,7306,4,66989,50,74295,54,0,175,1,7,1,8612,0,231,176,"Anderson",76978,9.09350723583361,0.025,70.149912962145,2.59814492452389,9.09350723583361,2.5
2021-06-19,8794,0,6500,0,2294,0,7306,0,67037,48,74343,48,0,175,-1,6,1,8613,0,231,176,"Anderson",76978,7.79443477357167,0.0229591836734694,62.3554781885734,0,7.79443477357167,2.29591836734694
2021-06-20,8794,0,6500,0,2294,0,7307,1,67060,23,74367,24,0,175,-2,4,2,8615,0,231,176,"Anderson",76978,6.49536231130972,0.0238726790450928,31.1777390942867,0,5.19628984904778,2.38726790450928
2021-06-21,8795,1,6500,0,2295,1,7307,0,67100,40,74407,40,0,175,0,4,1,8616,0,231,176,"Anderson",76978,5.19628984904778,0.0212765957446809,51.9628984904778,1.29907246226194,5.19628984904778,2.12765957446809
2021-06-22,8799,4,6501,1,2298,3,7307,0,67142,42,74449,42,0,175,2,6,2,8618,1,232,176,"Anderson",76978,10.3925796980956,0.0176991150442478,54.5610434150017,5.19628984904778,7.79443477357167,1.76991150442478
2021-06-23,8800,1,6502,1,2298,0,7308,1,67190,48,74498,49,0,175,1,7,0,8618,0,232,176,"Anderson",76978,10.3925796980956,0.0174927113702624,63.6545506508353,1.29907246226194,9.09350723583361,1.74927113702624
2021-06-24,8800,0,6502,0,2298,0,7309,1,67235,45,74544,46,0,175,-3,4,3,8621,0,232,176,"Anderson",76978,10.3925796980956,0.0231023102310231,59.7573332640495,0,5.19628984904778,2.31023102310231
2021-06-25,8801,1,6503,1,2298,0,7310,1,67271,36,74581,37,0,175,1,5,0,8621,0,232,176,"Anderson",76978,9.09350723583361,0.013986013986014,48.065681103692,1.29907246226194,6.49536231130973,1.3986013986014
2021-06-26,8802,1,6504,1,2298,0,7311,1,67304,33,74615,34,0,175,0,5,1,8622,0,232,176,"Anderson",76978,10.3925796980956,0.0183823529411765,44.1684637169061,1.29907246226194,6.49536231130973,1.83823529411765
2021-06-27,8802,0,6504,0,2298,0,7311,0,67336,32,74647,32,0,175,0,5,0,8622,0,232,176,"Anderson",76978,10.3925796980956,0.0142857142857143,41.5703187923822,0,6.49536231130973,1.42857142857143
2021-06-28,8803,1,6504,0,2299,1,7312,1,67352,16,74664,17,0,175,1,6,0,8622,0,232,176,"Anderson",76978,10.3925796980956,0.0194552529182879,22.0842318584531,1.29907246226194,7.79443477357167,1.94552529182879
2021-06-29,8806,3,6507,3,2299,0,7315,3,67411,59,74726,62,0,175,2,8,1,8623,0,232,176,"Anderson",76978,9.09350723583361,0.0288808664259928,80.5424926602406,3.89721738678583,10.3925796980956,2.88808664259928
2021-06-30,8806,0,6507,0,2299,0,7315,0,67457,46,74772,46,0,175,-1,7,1,8624,0,232,176,"Anderson",76978,7.79443477357167,0.0255474452554745,59.7573332640495,0,9.09350723583361,2.55474452554745
2021-07-01,8807,1,6508,1,2299,0,7316,1,67494,37,74810,38,0,175,1,8,0,8624,0,232,176,"Anderson",76978,9.09350723583361,0.0263157894736842,49.3647535659539,1.29907246226194,10.3925796980956,2.63157894736842
2021-07-02,8807,0,6508,0,2299,0,7316,0,67537,43,74853,43,0,175,0,8,0,8624,0,232,176,"Anderson",76978,7.79443477357167,0.0220588235294118,55.8601158772636,0,10.3925796980956,2.20588235294118
2021-07-03,8807,0,6508,0,2299,0,7316,0,67558,21,74874,21,0,175,-1,7,1,8625,0,232,176,"Anderson",76978,6.49536231130972,0.0193050193050193,27.2805217075008,0,9.09350723583361,1.93050193050193
2021-07-04,8808,1,6508,0,2300,1,7317,1,67583,25,74900,26,0,175,0,7,1,8626,0,232,176,"Anderson",76978,7.79443477357167,0.0237154150197628,33.7758840188106,1.29907246226194,9.09350723583361,2.37154150197628
2021-07-05,8808,0,6508,0,2300,0,7318,1,67598,15,74916,16,0,175,-1,6,1,8627,0,232,176,"Anderson",76978,6.49536231130972,0.0238095238095238,20.7851593961911,0,7.79443477357167,2.38095238095238
2021-07-06,8809,1,6508,0,2301,1,7318,0,67628,30,74946,30,1,176,-3,3,3,8630,0,232,176,"Anderson",76978,3.89721738678583,0.0136363636363636,38.9721738678584,1.29907246226194,3.89721738678583,1.36363636363636
2021-07-07,8810,1,6508,0,2302,1,7318,0,67674,46,74992,46,0,176,-2,1,3,8633,0,232,176,"Anderson",76978,5.19628984904778,0.0136363636363636,59.7573332640495,1.29907246226194,1.29907246226194,1.36363636363636
2021-07-08,8811,1,6509,1,2302,0,7319,1,67715,41,75034,42,0,176,-1,0,2,8635,0,232,176,"Anderson",76978,5.19628984904778,0.0133928571428571,54.5610434150017,1.29907246226194,0,1.33928571428571
2021-07-09,8813,2,6510,1,2303,1,7320,1,67759,44,75079,45,0,176,1,1,1,8636,0,232,176,"Anderson",76978,7.79443477357167,0.0176991150442478,58.4582608017875,2.59814492452389,1.29907246226194,1.76991150442478
2021-07-10,8815,2,6511,1,2304,1,7321,1,67781,22,75102,23,0,176,2,3,0,8636,1,233,176,"Anderson",76978,10.3925796980956,0.0219298245614035,29.8786666320247,2.59814492452389,3.89721738678583,2.19298245614035
2021-07-11,8815,0,6511,0,2304,0,7321,0,67796,15,75117,15,0,176,0,3,0,8636,0,233,176,"Anderson",76978,9.09350723583361,0.0184331797235023,19.4860869339292,0,3.89721738678583,1.84331797235023
2021-07-12,8823,8,6515,4,2308,4,7325,4,67832,36,75157,40,0,176,7,10,1,8637,1,234,176,"Anderson",76978,19.4860869339292,0.029045643153527,51.9628984904778,10.3925796980956,12.9907246226195,2.9045643153527
2021-07-13,8824,1,6515,0,2309,1,7325,0,67853,21,75178,21,0,176,0,10,1,8638,0,234,177,"Anderson",76978,19.4860869339292,0.0301724137931034,27.2805217075008,1.29907246226194,12.9907246226195,3.01724137931034
2021-07-14,8829,5,6520,5,2309,0,7330,5,67907,54,75237,59,0,176,5,15,0,8638,1,235,177,"Anderson",76978,24.682376782977,0.0489795918367347,76.6452752734548,6.49536231130973,19.4860869339292,4.89795918367347
2021-07-15,8832,3,6523,3,2309,0,7332,2,67940,33,75272,35,0,176,3,18,0,8638,0,235,177,"Anderson",76978,27.2805217075008,0.0546218487394958,45.4675361791681,3.89721738678583,23.383304320715,5.46218487394958
2021-07-16,8842,10,6525,2,2317,8,7333,1,67968,28,75301,29,0,176,10,28,0,8638,0,235,177,"Anderson",76978,37.6731014055964,0.0585585585585586,37.6731014055964,12.9907246226195,36.3740289433345,5.85585585585586
2021-07-17,8847,5,6526,1,2321,4,7334,1,68004,36,75338,37,0,176,4,32,1,8639,0,235,177,"Anderson",76978,41.5703187923822,0.0550847457627119,48.065681103692,6.49536231130973,41.5703187923822,5.50847457627119
2021-07-18,8850,3,6528,2,2322,1,7336,2,68024,20,75360,22,0,176,-1,31,4,8643,0,235,177,"Anderson",76978,45.4675361791681,0.0617283950617284,28.5795941697628,3.89721738678583,40.2712463301203,6.17283950617284
2021-07-19,8855,5,6532,4,2323,1,7340,4,68058,34,75398,38,1,177,2,33,2,8645,0,235,177,"Anderson",76978,41.5703187923822,0.0622406639004149,49.3647535659539,6.49536231130973,42.8693912546442,6.22406639004149
2021-07-20,8870,15,6543,11,2327,4,7351,11,68093,35,75444,46,0,177,10,43,5,8650,1,236,177,"Anderson",76978,59.7573332640495,0.0977443609022556,59.7573332640495,19.4860869339292,55.8601158772636,9.77443609022556
2021-07-21,8877,7,6547,4,2330,3,7356,5,68178,85,75534,90,0,177,6,49,1,8651,0,236,178,"Anderson",76978,62.3554781885734,0.0875420875420875,116.916521603575,9.09350723583361,63.6545506508353,8.75420875420875
2021-07-22,8887,10,6552,5,2335,5,7360,4,68234,56,75594,60,0,177,9,58,1,8652,0,236,178,"Anderson",76978,71.448985424407,0.0869565217391304,77.9443477357167,12.9907246226195,75.3462028111928,8.69565217391304
2021-07-23,8897,10,6556,4,2341,6,7365,5,68305,71,75670,76,0,177,10,68,0,8652,0,236,178,"Anderson",76978,71.448985424407,0.0867208672086721,98.7295071319078,12.9907246226195,88.3369274338123,8.67208672086721
2021-07-24,8905,8,6560,4,2345,4,7369,4,68359,54,75728,58,0,177,7,75,1,8653,0,236,179,"Anderson",76978,75.3462028111928,0.0897435897435897,75.3462028111928,10.3925796980956,97.4304346696459,8.97435897435897
2021-07-25,8910,5,6563,3,2347,2,7370,1,68381,22,75751,23,0,177,2,77,3,8656,0,236,179,"Anderson",76978,77.9443477357167,0.0869565217391304,29.8786666320247,6.49536231130973,100.02857959417,8.69565217391304
2021-07-26,8933,23,6572,9,2361,14,7378,8,68431,50,75809,58,2,179,13,90,8,8664,0,236,179,"Anderson",76978,101.327652056432,0.0924574209245742,75.3462028111928,29.8786666320247,116.916521603575,9.24574209245742
2021-07-27,8948,15,6577,5,2371,10,7383,5,68484,53,75867,58,0,179,12,102,3,8667,0,236,179,"Anderson",76978,101.327652056432,0.0756501182033097,75.3462028111928,19.4860869339292,132.505391150718,7.56501182033097
2021-07-28,8968,20,6585,8,2383,12,7395,12,68567,83,75962,95,0,179,14,116,6,8673,0,236,179,"Anderson",76978,118.215594065837,0.0911214953271028,123.411883914885,25.9814492452389,150.692405622386,9.11214953271028
2021-07-29,8980,12,6595,10,2385,2,7407,12,68616,49,76023,61,0,179,8,124,4,8677,0,236,179,"Anderson",76978,120.813738990361,0.10955710955711,79.2434201979787,15.5888695471433,161.084985320481,10.955710955711
2021-07-30,9011,31,6616,21,2395,10,7430,23,68665,49,76095,72,0,179,19,143,12,8689,1,237,179,"Anderson",76978,148.094260697862,0.152941176470588,93.53321728286,40.2712463301203,185.767362103458,15.2941176470588
2021-07-31,9024,13,6622,6,2402,7,7436,6,68707,42,76143,48,0,179,8,151,5,8694,0,237,179,"Anderson",76978,154.589623009171,0.16144578313253,62.3554781885734,16.8879420094053,196.159941801554,16.144578313253
2021-08-01,9043,19,6633,11,2410,8,7451,15,68746,39,76197,54,0,179,14,165,5,8699,0,237,179,"Anderson",76978,172.776637480839,0.181614349775785,70.149912962145,24.682376782977,214.346956273221,18.1614349775785
2021-08-02,9054,11,6638,5,2416,6,7456,5,68825,79,76281,84,0,179,3,168,8,8707,0,237,179,"Anderson",76978,157.187767933695,0.165254237288136,109.122086830003,14.2897970848814,218.244173660007,16.5254237288136
2021-08-03,9077,23,6649,11,2428,12,7469,13,68897,72,76366,85,0,179,13,181,10,8717,1,238,179,"Anderson",76978,167.580347631791,0.172344689378758,110.421159292265,29.8786666320247,235.132115669412,17.2344689378758
2021-08-04,9103,26,6671,22,2432,4,7490,21,68999,102,76489,123,0,179,24,205,2,8719,0,238,179,"Anderson",76978,175.374782405363,0.180265654648956,159.785912858219,33.7758840188106,266.309854763699,18.0265654648956
2021-08-05,9133,30,6687,16,2446,14,7506,16,69097,98,76603,114,0,179,13,218,17,8736,1,239,179,"Anderson",76978,198.758086726078,0.170689655172414,148.094260697862,38.9721738678584,283.197796773104,17.0689655172414
2021-08-06,9158,25,6703,16,2455,9,7524,18,69240,143,76764,161,0,179,17,235,8,8744,1,240,179,"Anderson",76978,190.963651952506,0.14050822122571,209.150666424173,32.4768115565486,305.282028631557,14.050822122571
2021-08-07,9171,13,6709,6,2462,7,7531,7,69315,75,76846,82,0,179,5,240,8,8752,0,240,179,"Anderson",76978,190.963651952506,0.135135135135135,106.523941905479,16.8879420094053,311.777390942867,13.5135135135135
2021-08-08,9185,14,6717,8,2468,6,7541,10,69367,52,76908,62,0,179,6,246,8,8760,0,240,179,"Anderson",76978,184.468289641196,0.126582278481013,80.5424926602406,18.1870144716672,319.571825716438,12.6582278481013
2021-08-09,9221,36,6737,20,2484,16,7560,19,69466,99,77026,118,0,179,16,262,20,8780,0,240,179,"Anderson",76978,216.945101197745,0.139597315436242,153.29055054691,46.76660864143,340.35698511263,13.9597315436242
2021-08-10,9260,39,6757,20,2503,19,7580,20,69566,100,77146,120,0,179,20,282,19,8799,2,242,179,"Anderson",76978,237.730260593936,0.142307692307692,155.888695471433,50.6638260282159,366.338434357868,14.2307692307692
2021-08-11,9314,54,6781,24,2533,30,7609,29,69698,132,77307,161,0,179,30,312,24,8823,1,243,179,"Anderson",76978,274.10428953727,0.145476772616137,209.150666424173,70.149912962145,405.310608225727,14.5476772616137
2021-08-12,9362,48,6817,36,2545,12,7646,37,69866,168,77512,205,0,179,27,339,21,8844,0,243,181,"Anderson",76978,297.487593857985,0.154015401540154,266.309854763699,62.3554781885734,440.385564706799,15.4015401540154
2021-08-13,9426,64,6852,35,2574,29,7684,38,69980,114,77664,152,2,181,46,385,16,8860,1,244,181,"Anderson",76978,348.151419886201,0.177777777777778,197.459014263816,83.1406375847645,500.142897970849,17.7777777777778
2021-08-14,9476,50,6887,35,2589,15,7716,32,70166,186,77882,218,0,181,29,414,21,8881,0,244,181,"Anderson",76978,396.217100989893,0.178571428571429,283.197796773104,64.9536231130973,537.815999376445,17.8571428571429
2021-08-15,9499,23,6900,13,2599,10,7731,15,70255,89,77986,104,0,181,16,430,7,8888,0,244,181,"Anderson",76978,407.908753150251,0.176252319109462,135.103536075242,29.8786666320247,558.601158772636,17.6252319109462
2021-08-16,9537,38,6924,24,2613,14,7755,24,70344,89,78099,113,0,181,11,441,27,8915,0,244,182,"Anderson",76978,410.506898074775,0.181733457595527,146.7951882356,49.3647535659539,572.890955857518,18.1733457595527
2021-08-17,9580,43,6945,21,2635,22,7779,24,70452,108,78231,132,1,182,14,455,28,8943,0,244,182,"Anderson",76978,415.703187923822,0.183410138248848,171.477565018577,55.8601158772636,591.077970329185,18.3410138248848
2021-08-18,9632,52,6972,27,2660,25,7810,31,70564,112,78374,143,0,182,16,471,36,8979,0,244,182,"Anderson",76978,413.105042999299,0.188378631677601,185.767362103458,67.5517680376211,611.863129725376,18.8378631677601
2021-08-19,9706,74,7005,33,2701,41,7845,35,70716,152,78561,187,0,182,48,519,26,9005,0,244,182,"Anderson",76978,446.880927018109,0.189704480457579,242.926550442984,96.1313622073839,674.218607913949,18.9704480457579
2021-08-20,9766,60,7047,42,2719,18,7889,44,70910,194,78799,238,0,182,27,546,33,9038,2,246,182,"Anderson",76978,441.684637169061,0.180616740088106,309.179246018343,77.9443477357167,709.293564395022,18.0616740088106
2021-08-21,9847,81,7080,33,2767,48,7923,34,71184,274,79107,308,0,182,60,606,21,9059,1,247,182,"Anderson",76978,481.955883499182,0.168979591836735,400.114318376679,105.224869443218,787.237912130739,16.8979591836735
2021-08-22,9870,23,7102,22,2768,1,7951,28,71340,156,79291,184,0,182,-2,604,25,9084,0,247,182,"Anderson",76978,481.955883499182,0.168582375478927,239.029333056198,29.8786666320247,784.639767206215,16.8582375478927
2021-08-23,9918,48,7116,14,2802,34,7968,17,71475,135,79443,152,0,182,-4,600,52,9136,2,249,183,"Anderson",76978,494.946608121801,0.158482142857143,197.459014263816,62.3554781885734,779.443477357167,15.8482142857143
2021-08-24,9962,44,7143,27,2819,17,7992,24,71561,86,79553,110,1,183,-23,577,66,9202,0,249,184,"Anderson",76978,496.245680584063,0.161119515885023,142.897970848814,57.1591883395256,749.564810725142,16.1119515885023
2021-08-25,10033,71,7169,26,2864,45,8014,22,71605,44,79619,66,0,183,14,591,57,9259,1,250,184,"Anderson",76978,520.92805736704,0.163855421686747,85.7387825092884,92.2341448205981,767.751825196809,16.3855421686747
2021-08-26,10101,68,7205,36,2896,32,8058,44,71777,172,79835,216,1,184,15,606,52,9311,2,252,185,"Anderson",76978,513.133622593468,0.167189952904239,280.59965184858,88.3369274338123,787.237912130739,16.7189952904239
2021-08-27,10176,75,7260,55,2916,20,8119,61,71954,177,80073,238,0,184,30,636,45,9356,0,252,185,"Anderson",76978,532.619709527397,0.180533751962323,309.179246018343,97.4304346696459,826.210085998597,18.0533751962323
2021-08-28,10235,59,7292,32,2943,27,8159,40,72158,204,80317,244,0,184,32,668,27,9383,0,252,185,"Anderson",76978,504.040115357635,0.19504132231405,316.973680791915,76.6452752734548,867.780404790979,19.504132231405
2021-08-29,10299,64,7341,49,2958,15,8213,54,72369,211,80582,265,0,184,39,707,25,9408,1,253,186,"Anderson",76978,557.302086310374,0.20294345468629,344.254202499415,83.1406375847645,918.444230819195,20.294345468629
2021-08-30,10370,71,7387,46,2983,25,8261,48,72595,226,80856,274,0,184,3,710,68,9476,3,256,186,"Anderson",76978,587.180752942399,0.207360226468507,355.945854659773,92.2341448205981,922.341448205981,20.7360226468507
2021-08-31,10504,134,7469,82,3035,52,8348,87,72852,257,81200,344,0,184,48,758,86,9562,0,256,186,"Anderson",76978,704.097274545974,0.216150576806314,446.880927018109,174.075709943101,984.696926394554,21.6150576806314
2021-09-01,10535,31,7491,22,3044,9,8372,24,72943,91,81315,115,0,184,-17,741,48,9610,0,256,187,"Anderson",76978,652.134376055496,0.211084905660377,149.393333160124,40.2712463301203,962.612694536101,21.1084905660377
2021-09-02,10594,59,7517,26,3077,33,8401,29,73043,100,81444,129,1,185,-9,732,67,9677,0,256,187,"Anderson",76978,640.442723895139,0.213175885643257,167.580347631791,76.6452752734548,950.921042375744,21.3175885643257
2021-09-03,10623,29,7535,18,3088,11,8419,18,73116,73,81535,91,0,185,-37,695,66,9743,0,256,187,"Anderson",76978,580.685390631089,0.205198358413133,118.215594065837,37.6731014055964,902.855361272052,20.5198358413133
2021-09-04,10730,107,7605,70,3125,37,8495,76,73437,321,81932,397,0,185,78,773,29,9772,1,257,187,"Anderson",76978,643.040868819663,0.208049535603715,515.731767517992,139.000753462028,1004.18301332848,20.8049535603715
2021-09-05,10842,112,7679,74,3163,38,8571,76,73741,304,82312,380,0,185,76,849,36,9808,1,258,188,"Anderson",76978,705.396347008236,0.206936416184971,493.647535659539,145.496115773338,1102.91252046039,20.6936416184971
2021-09-06,10957,115,7756,77,3201,38,8658,87,74148,407,82806,494,0,185,-3,846,118,9926,3,261,189,"Anderson",76978,762.555535347762,0.203589743589744,641.741796357401,149.393333160124,1099.01530307361,20.3589743589744
2021-09-07,10994,37,7776,20,3218,17,8676,18,74247,99,82923,117,0,185,-74,772,111,10037,0,261,189,"Anderson",76978,636.545506508353,0.190365641323273,151.991478084648,48.065681103692,1002.88394086622,19.0365641323273
2021-09-08,11035,41,7807,31,3228,10,8708,32,74354,107,83062,139,0,185,-59,713,100,10137,2,263,192,"Anderson",76978,649.536231130973,0.192329708070979,180.57107225441,53.2619709527397,926.238665592767,19.2329708070979
2021-09-09,11093,58,7828,21,3265,37,8726,18,74560,206,83286,224,0,185,-40,673,98,10235,1,264,195,"Anderson",76978,648.237158668711,0.176438653637351,290.992231546676,75.3462028111928,874.275767102289,17.6438653637351
2021-09-10,11245,152,7901,73,3344,79,8807,81,74853,293,83660,374,1,186,66,739,85,10320,2,266,196,"Anderson",76978,808.02307152693,0.182588235294118,485.853100885967,197.459014263816,960.014549611577,18.2588235294118
2021-09-11,11357,112,7964,63,3393,49,8876,69,75199,346,84075,415,0,186,79,818,33,10353,1,267,196,"Anderson",76978,814.51843383824,0.177788147456836,539.115071838707,145.496115773338,1062.64127413027,17.7788147456836
2021-09-12,11395,38,7996,32,3399,6,8911,35,75342,143,84253,178,0,186,5,823,33,10386,4,271,196,"Anderson",76978,718.387071630856,0.175167439464194,231.234898282626,49.3647535659539,1069.13663644158,17.5167439464194
2021-09-13,11483,88,8030,34,3453,54,8945,34,75472,130,84417,164,4,190,-48,775,132,10518,3,274,196,"Anderson",76978,683.312115149783,0.178150217256363,213.047883810959,114.318376679051,1006.78115825301,17.8150217256363
2021-09-14,11543,60,8060,30,3483,30,8980,35,75631,159,84611,194,1,191,-47,728,106,10624,1,275,196,"Anderson",76978,713.190781781808,0.180094786729858,252.020057678817,77.9443477357167,945.724752526696,18.0094786729858
2021-09-15,11583,40,8076,16,3507,24,8994,14,75692,61,84686,75,0,191,-41,687,81,10705,1,276,197,"Anderson",76978,711.891709319546,0.176108374384236,97.4304346696459,51.9628984904778,892.462781573956,17.6108374384236
2021-09-16,11670,87,8130,54,3540,33,9050,56,75914,222,84964,278,0,191,27,714,60,10765,1,277,197,"Anderson",76978,749.564810725142,0.193087008343266,361.142144508821,113.019304216789,927.537738055029,19.3087008343266
2021-09-17,11743,73,8172,42,3571,31,9087,37,76077,163,85164,200,0,191,15,729,58,10823,1,278,201,"Anderson",76978,646.938086206449,0.186170212765957,259.814492452389,94.832289745122,947.023824988958,18.6170212765957
2021-09-18,11795,52,8202,30,3593,22,9120,33,76231,154,85351,187,0,191,7,736,45,10868,1,279,202,"Anderson",76978,568.993738470732,0.191222570532915,242.926550442984,67.5517680376211,956.117332224792,19.1222570532915
2021-09-19,11818,23,8211,9,3607,14,9130,10,76299,68,85429,78,0,191,-15,721,38,10906,0,279,202,"Anderson",76978,549.507651536803,0.186224489795918,101.327652056432,29.8786666320247,936.631245290862,18.6224489795918
2021-09-20,11881,63,8246,35,3635,28,9166,36,76485,186,85651,222,0,191,26,747,37,10943,3,282,202,"Anderson",76978,517.030839980254,0.179092382495948,288.394086622152,81.8415651225025,970.407129309673,17.9092382495948
2021-09-21,11935,54,8272,26,3663,28,9190,24,76603,118,85793,142,0,191,-56,691,110,11053,1,283,203,"Anderson",76978,509.236405206682,0.177664974619289,184.468289641196,70.149912962145,897.659071423004,17.7664974619289
2021-09-22,11986,51,8306,34,3680,17,9230,40,76875,272,86105,312,0,191,-39,652,90,11143,0,283,204,"Anderson",76978,523.526202291564,0.16631430584919,405.310608225727,66.2526955753592,846.995245394788,16.631430584919
2021-09-23,12061,75,8354,48,3707,27,9281,51,77083,208,86364,259,2,193,-12,640,85,11228,1,284,204,"Anderson",76978,507.93733274442,0.165,336.459767725844,97.4304346696459,831.406375847645,16.5
2021-09-24,12102,41,8376,22,3726,19,9306,25,77223,140,86529,165,2,195,-17,623,56,11284,1,285,206,"Anderson",76978,466.367013952038,0.16043956043956,214.346956273221,53.2619709527397,809.322143989192,16.043956043956
2021-09-25,12112,10,8380,4,3732,6,9312,6,77318,95,86630,101,0,195,-33,590,43,11327,0,285,206,"Anderson",76978,411.805970537037,0.150117279124316,131.206318688456,12.9907246226195,766.452752734548,15.0117279124316
2021-09-26,12130,18,8395,15,3735,3,9330,18,77455,137,86785,155,1,196,-11,579,28,11355,0,285,206,"Anderson",76978,405.310608225727,0.147492625368732,201.356231650601,23.383304320715,752.162955649666,14.7492625368732
2021-09-27,12180,50,8416,21,3764,29,9352,22,77541,86,86893,108,1,197,-46,533,95,11450,1,286,207,"Anderson",76978,388.422666216322,0.14975845410628,140.29982592429,64.9536231130973,692.405622385617,14.975845410628
2021-09-28,12229,49,8440,24,3789,25,9379,27,77636,95,87015,122,0,197,-27,506,76,11526,1,287,207,"Anderson",76978,381.927303905012,0.154664484451718,158.486840395957,63.6545506508353,657.330665904544,15.4664484451718
2021-09-29,12265,36,8456,16,3809,20,9396,17,77827,191,87223,208,2,199,-35,471,69,11595,0,287,209,"Anderson",76978,362.441216971083,0.148479427549195,270.207072150485,46.76660864143,611.863129725376,14.8479427549195
2021-09-30,12327,62,8494,38,3833,24,9436,40,77999,172,87435,212,0,199,2,473,60,11655,1,288,210,"Anderson",76978,345.553274961677,0.144724556489262,275.403361999532,80.5424926602406,614.4612746499,14.4724556489262
2021-10-01,12378,51,8521,27,3857,24,9465,29,78150,151,87615,180,0,199,-12,461,63,11718,1,289,211,"Anderson",76978,358.543999584297,0.146408839779006,233.83304320715,66.2526955753592,598.872405102757,14.6408839779006
2021-10-02,12395,17,8528,7,3867,10,9471,6,78230,80,87701,86,1,200,-10,451,26,11744,0,289,211,"Anderson",76978,367.63750682013,0.148459383753501,111.720231754527,22.0842318584531,585.881680480137,14.8459383753501
2021-10-03,12408,13,8537,9,3871,4,9480,9,78328,98,87808,107,4,204,-10,441,19,11763,0,289,211,"Anderson",76978,361.142144508821,0.146627565982405,139.000753462028,16.8879420094053,572.890955857518,14.6627565982405
2021-10-04,12452,44,8560,23,3892,21,9506,26,78448,120,87954,146,1,205,-23,418,66,11829,0,289,213,"Anderson",76978,353.347709735249,0.145146088595664,189.664579490244,57.1591883395256,543.012289225493,14.5146088595664
2021-10-05,12505,53,8589,29,3916,24,9536,30,78576,128,88112,158,2,207,-16,402,67,11896,0,289,214,"Anderson",76978,358.543999584297,0.143117593436645,205.253449037387,68.8508404998831,522.227129829302,14.3117593436645
2021-10-06,12535,30,8612,23,3923,7,9562,26,78741,165,88303,191,1,208,-6,396,35,11931,0,289,215,"Anderson",76978,350.749564810725,0.153703703703704,248.122840292031,38.9721738678584,514.43269505573,15.3703703703704
2021-10-07,12567,32,8634,22,3933,10,9587,25,78881,140,88468,165,0,208,-9,387,41,11972,0,289,217,"Anderson",76978,311.777390942867,0.146176185866409,214.346956273221,41.5703187923822,502.741042895373,14.6176185866409
2021-10-08,12584,17,8639,5,3945,12,9597,10,79011,130,88608,140,1,209,-14,373,30,12002,1,290,217,"Anderson",76978,267.608927225961,0.132930513595166,181.870144716672,22.0842318584531,484.554028423705,13.2930513595166
2021-10-09,12599,15,8642,3,3957,12,9604,7,79073,62,88677,69,0,209,-11,362,26,12028,0,290,218,"Anderson",76978,265.010782301437,0.136270491803279,89.6359998960742,19.4860869339292,470.264231338824,13.6270491803279
2021-10-10,12609,10,8650,8,3959,2,9613,9,79160,87,88773,96,0,209,-16,346,26,12054,0,290,218,"Anderson",76978,261.113564914651,0.137823834196891,124.710956377147,12.9907246226195,449.479071942633,13.7823834196891
2021-10-11,12650,41,8664,14,3986,27,9626,13,79261,101,88887,114,0,209,-11,335,52,12106,1,291,218,"Anderson",76978,257.216347527865,0.128617363344051,148.094260697862,53.2619709527397,435.189274857752,12.8617363344051
2021-10-12,12685,35,8688,24,3997,11,9648,22,79360,99,89008,121,2,211,-9,326,42,12148,3,294,218,"Anderson",76978,233.83304320715,0.125,157.187767933695,45.4675361791681,423.497622697394,12.5
2021-10-13,12711,26,8702,14,4009,12,9666,18,79472,112,89138,130,0,211,-16,310,42,12190,1,295,220,"Anderson",76978,228.636753358102,0.124550898203593,168.879420094053,33.7758840188106,402.712463301203,12.4550898203593
2021-10-14,12730,19,8712,10,4018,9,9680,14,79575,103,89255,117,1,212,-23,287,41,12231,0,295,220,"Anderson",76978,211.748811348697,0.118170266836086,151.991478084648,24.682376782977,372.833796669178,11.8170266836086
2021-10-15,12753,23,8724,12,4029,11,9693,13,79697,122,89390,135,0,212,-14,273,37,12268,1,296,220,"Anderson",76978,219.543246122269,0.122762148337596,175.374782405363,29.8786666320247,354.646782197511,12.2762148337596
2021-10-16,12761,8,8729,5,4032,3,9700,7,79752,55,89452,62,0,212,-14,259,22,12290,1,297,220,"Anderson",76978,210.449738886435,0.123870967741935,80.5424926602406,10.3925796980956,336.459767725844,12.3870967741935
2021-10-17,12763,2,8730,1,4033,1,9701,1,79803,51,89504,52,0,212,-9,250,11,12301,0,297,220,"Anderson",76978,200.05715918834,0.120383036935705,67.5517680376211,2.59814492452389,324.768115565486,12.0383036935705
2021-10-18,12787,24,8740,10,4047,14,9712,11,79871,68,89583,79,1,213,-28,222,51,12352,1,298,220,"Anderson",76978,177.972927329886,0.123563218390805,102.626724518694,31.1777390942867,288.394086622152,12.3563218390805
2021-10-19,12816,29,8753,13,4063,16,9723,11,79982,111,89705,122,2,215,-17,205,44,12396,0,298,220,"Anderson",76978,170.178492556315,0.107604017216643,158.486840395957,37.6731014055964,266.309854763699,10.7604017216643
2021-10-20,12851,35,8778,25,4073,10,9752,29,80093,111,89845,140,0,215,12,217,23,12419,1,299,220,"Anderson",76978,181.870144716672,0.121640735502122,181.870144716672,45.4675361791681,281.898724310842,12.1640735502122
2021-10-21,12883,32,8796,18,4087,14,9770,18,80186,93,89956,111,0,215,10,227,22,12441,1,300,221,"Anderson",76978,198.758086726078,0.128388017118402,144.197043311076,41.5703187923822,294.889448933461,12.8388017118402
2021-10-22,12892,9,8802,6,4090,3,9778,8,80262,76,90040,84,0,215,-24,203,33,12474,1,301,221,"Anderson",76978,180.57107225441,0.130769230769231,109.122086830003,11.6916521603575,263.711709839175,13.0769230769231
2021-10-23,12909,17,8806,4,4103,13,9782,4,80315,53,90097,57,0,215,3,206,14,12488,1,302,221,"Anderson",76978,192.262724414768,0.127131782945736,74.0471303489309,22.0842318584531,267.608927225961,12.7131782945736
2021-10-24,12915,6,8811,5,4104,1,9789,7,80367,52,90156,59,0,215,-11,195,17,12505,0,302,221,"Anderson",76978,197.459014263816,0.134969325153374,76.6452752734548,7.79443477357167,253.319130141079,13.4969325153374
2021-10-25,12939,24,8824,13,4115,11,9803,14,80438,71,90241,85,1,216,-9,186,32,12537,2,304,221,"Anderson",76978,197.459014263816,0.138297872340426,110.421159292265,31.1777390942867,241.627477980722,13.8297872340426
2021-10-26,12951,12,8830,6,4121,6,9809,6,80502,64,90311,70,0,216,-8,178,20,12557,0,304,222,"Anderson",76978,175.374782405363,0.141914191419142,90.9350723583361,15.5888695471433,231.234898282626,14.1914191419142
2021-10-27,12969,18,8840,10,4129,8,9822,13,80623,121,90445,134,1,217,-5,173,22,12579,2,306,223,"Anderson",76978,153.29055054691,0.116666666666667,174.075709943101,23.383304320715,224.739535971316,11.6666666666667
2021-10-28,12991,22,8854,14,4137,8,9839,17,80705,82,90544,99,1,218,6,179,15,12594,0,306,224,"Anderson",76978,140.29982592429,0.11734693877551,128.608173763933,28.5795941697628,232.533970744888,11.734693877551
2021-10-29,13012,21,8865,11,4147,10,9851,12,80819,114,90670,126,0,218,7,186,14,12608,1,307,224,"Anderson",76978,155.888695471433,0.115873015873016,163.683130245005,27.2805217075008,241.627477980722,11.5873015873016
2021-10-30,13024,12,8869,4,4155,8,9856,5,80906,87,90762,92,0,218,0,186,12,12620,1,308,224,"Anderson",76978,149.393333160124,0.111278195488722,119.514666528099,15.5888695471433,241.627477980722,11.1278195488722
2021-10-31,13027,3,8871,2,4156,1,9859,3,80945,39,90804,42,0,218,-8,178,11,12631,0,308,224,"Anderson",76978,145.496115773338,0.108024691358025,54.5610434150017,3.89721738678583,231.234898282626,10.8024691358025
2021-11-01,13054,27,8876,5,4178,22,9863,4,81033,88,90896,92,1,219,-15,163,41,12672,1,309,225,"Anderson",76978,149.393333160124,0.0916030534351145,119.514666528099,35.0749564810725,211.748811348697,9.16030534351145
2021-11-02,13074,20,8881,5,4193,15,9868,5,81109,76,90977,81,2,221,-6,157,24,12696,1,310,225,"Anderson",76978,159.785912858219,0.0885885885885886,105.224869443218,25.9814492452389,203.954376575125,8.85885885885886
2021-11-03,13103,29,8898,17,4205,12,9885,17,81309,200,91194,217,1,222,10,167,18,12714,0,310,225,"Anderson",76978,174.075709943101,0.0841121495327103,281.898724310842,37.6731014055964,216.945101197745,8.41121495327103
2021-11-04,13125,22,8913,15,4212,7,9901,16,81442,133,91343,149,0,222,5,172,17,12731,0,310,225,"Anderson",76978,174.075709943101,0.0775969962453066,193.56179687703,28.5795941697628,223.440463509055,7.75969962453066
2021-11-05,13135,10,8916,3,4219,7,9902,1,81564,122,91466,123,0,222,3,175,7,12738,0,310,225,"Anderson",76978,159.785912858219,0.064070351758794,159.785912858219,12.9907246226195,227.33768089584,6.4070351758794
2021-11-06,13144,9,8920,4,4224,5,9907,5,81651,87,91558,92,0,222,-3,172,12,12750,3,313,226,"Anderson",76978,155.888695471433,0.064070351758794,119.514666528099,11.6916521603575,223.440463509055,6.4070351758794
2021-11-07,13150,6,8925,5,4225,1,9913,6,81699,48,91612,54,0,222,-3,169,9,12759,0,313,226,"Anderson",76978,159.785912858219,0.0668316831683168,70.149912962145,7.79443477357167,219.543246122269,6.68316831683168
2021-11-08,13175,25,8936,11,4239,14,9926,13,81787,88,91713,101,1,223,-1,168,25,12784,0,313,226,"Anderson",76978,157.187767933695,0.0771113831089351,131.206318688456,32.4768115565486,218.244173660007,7.71113831089351
2021-11-09,13198,23,8943,7,4255,16,9932,6,81945,158,91877,164,1,224,6,174,16,12800,0,313,227,"Anderson",76978,161.084985320481,0.0711111111111111,213.047883810959,29.8786666320247,226.038608433578,7.11111111111111
2021-11-10,13217,19,8955,12,4262,7,9945,13,82061,116,92006,129,0,224,5,179,14,12814,1,314,229,"Anderson",76978,148.094260697862,0.0738916256157636,167.580347631791,24.682376782977,232.533970744888,7.38916256157635
2021-11-11,13239,22,8972,17,4267,5,9962,17,82251,190,92213,207,0,224,1,180,21,12835,0,314,230,"Anderson",76978,148.094260697862,0.0701149425287356,268.907999688223,28.5795941697628,233.83304320715,7.01149425287356
2021-11-12,13252,13,8980,8,4272,5,9970,8,82384,133,92354,141,0,224,0,180,13,12848,0,314,230,"Anderson",76978,151.991478084648,0.0765765765765766,183.169217178934,16.8879420094053,233.83304320715,7.65765765765766
2021-11-13,13259,7,8984,4,4275,3,9974,4,82435,51,92409,55,3,227,-14,166,18,12866,1,315,231,"Anderson",76978,149.393333160124,0.0787309048178613,71.448985424407,9.09350723583361,215.646028735483,7.87309048178613
2021-11-14,13261,2,8986,2,4275,0,9977,3,82514,79,92491,82,0,227,-5,161,7,12873,0,315,231,"Anderson",76978,144.197043311076,0.0728100113765643,106.523941905479,2.59814492452389,209.150666424173,7.28100113765643
2021-11-15,13293,32,8999,13,4294,19,9991,14,82599,85,92590,99,0,227,6,167,26,12899,0,315,231,"Anderson",76978,153.29055054691,0.0741163055872292,128.608173763933,41.5703187923822,216.945101197745,7.41163055872292
2021-11-16,13318,25,9012,13,4306,12,10004,13,82725,126,92729,139,1,228,-2,165,26,12925,0,315,232,"Anderson",76978,155.888695471433,0.0845070422535211,180.57107225441,32.4768115565486,214.346956273221,8.45070422535211
2021-11-17,13335,17,9021,9,4314,8,10013,9,82839,114,92852,123,0,228,-1,164,18,12943,2,317,234,"Anderson",76978,153.29055054691,0.0803782505910166,159.785912858219,22.0842318584531,213.047883810959,8.03782505910165
2021-11-18,13358,23,9035,14,4323,9,10031,18,82974,135,93005,153,4,232,4,168,15,12958,0,317,235,"Anderson",76978,154.589623009171,0.0871212121212121,198.758086726078,29.8786666320247,218.244173660007,8.71212121212121
2021-11-19,13372,14,9040,5,4332,9,10038,7,83083,109,93121,116,1,233,2,170,11,12969,0,317,235,"Anderson",76978,155.888695471433,0.0886571056062582,150.692405622386,18.1870144716672,220.842318584531,8.86571056062582
2021-11-20,13381,9,9045,5,4336,4,10043,5,83176,93,93219,98,0,233,-9,161,18,12987,0,317,236,"Anderson",76978,158.486840395957,0.0851851851851852,127.309101301671,11.6916521603575,209.150666424173,8.51851851851852
2021-11-21,13393,12,9051,6,4342,6,10049,6,83216,40,93265,46,0,233,4,165,8,12995,0,317,236,"Anderson",76978,171.477565018577,0.0930232558139535,59.7573332640495,15.5888695471433,214.346956273221,9.30232558139535
2021-11-22,13421,28,9068,17,4353,11,10067,18,83338,122,93405,140,1,234,5,170,22,13017,0,317,236,"Anderson",76978,166.281275169529,0.0932515337423313,181.870144716672,36.3740289433345,220.842318584531,9.32515337423313
2021-11-23,13438,17,9073,5,4365,12,10072,5,83435,97,93507,102,0,234,-4,166,21,13038,0,317,236,"Anderson",76978,155.888695471433,0.0874035989717224,132.505391150718,22.0842318584531,215.646028735483,8.74035989717224
2021-11-24,13463,25,9087,14,4376,11,10084,12,83545,110,93629,122,1,235,7,173,17,13055,1,318,236,"Anderson",76978,166.281275169529,0.0913770913770914,158.486840395957,32.4768115565486,224.739535971316,9.13770913770914
2021-11-25,13468,5,9089,2,4379,3,10085,1,83590,45,93675,46,0,235,-12,161,17,13072,1,319,236,"Anderson",76978,142.897970848814,0.0805970149253731,59.7573332640495,6.49536231130973,209.150666424173,8.05970149253731
2021-11-26,13475,7,9095,6,4380,1,10094,9,83633,43,93727,52,0,235,-7,154,14,13086,0,319,237,"Anderson",76978,133.80446361298,0.0924092409240924,67.5517680376211,9.09350723583361,200.05715918834,9.24092409240924
2021-11-27,13480,5,9097,2,4383,3,10096,2,83669,36,93765,38,0,235,-7,147,12,13098,0,319,237,"Anderson",76978,128.608173763933,0.0970695970695971,49.3647535659539,6.49536231130973,190.963651952506,9.70695970695971
2021-11-28,13490,10,9098,1,4392,9,10097,1,83707,38,93804,39,0,235,-11,136,21,13119,0,319,237,"Anderson",76978,126.010028839409,0.0890538033395176,50.6638260282159,12.9907246226195,176.673854867625,8.90538033395176
2021-11-29,13517,27,9113,15,4404,12,10113,16,83786,79,93899,95,0,235,14,150,13,13132,0,319,237,"Anderson",76978,124.710956377147,0.0931174089068826,123.411883914885,35.0749564810725,194.860869339292,9.31174089068826
2021-11-30,13544,27,9126,13,4418,14,10125,12,83888,102,94013,114,0,235,13,163,14,13146,1,320,237,"Anderson",76978,137.701680999766,0.104743083003953,148.094260697862,35.0749564810725,211.748811348697,10.4743083003953
2021-12-01,13575,31,9144,18,4431,13,10143,18,83995,107,94138,125,0,235,16,179,15,13161,0,320,237,"Anderson",76978,145.496115773338,0.115913555992141,162.384057782743,40.2712463301203,232.533970744888,11.5913555992141
2021-12-02,13617,42,9168,24,4449,18,10169,26,84133,138,94302,164,0,235,26,205,16,13177,0,320,239,"Anderson",76978,193.56179687703,0.133971291866029,213.047883810959,54.5610434150017,266.309854763699,13.3971291866029
2021-12-03,13648,31,9185,17,4463,14,10188,19,84320,187,94508,206,1,236,17,222,13,13190,0,320,239,"Anderson",76978,224.739535971316,0.120358514724712,267.608927225961,40.2712463301203,288.394086622152,12.0358514724712
2021-12-04,13668,20,9198,13,4470,7,10202,14,84389,69,94591,83,0,236,14,236,6,13196,0,320,239,"Anderson",76978,244.225622905246,0.128329297820823,107.823014367741,25.9814492452389,306.581101093819,12.8329297820823
2021-12-05,13681,13,9200,2,4481,11,10204,2,84431,42,94635,44,0,236,5,241,8,13204,0,320,239,"Anderson",76978,248.122840292031,0.128760529482551,57.1591883395256,16.8879420094053,313.076463405129,12.8760529482551
2021-12-06,13716,35,9220,20,4496,15,10226,22,84533,102,94759,124,2,238,9,250,24,13228,1,321,239,"Anderson",76978,258.515419990127,0.131395348837209,161.084985320481,45.4675361791681,324.768115565486,13.1395348837209
2021-12-07,13745,29,9236,16,4509,13,10242,16,84628,95,94870,111,0,238,11,261,18,13246,0,321,239,"Anderson",76978,261.113564914651,0.136522753792299,144.197043311076,37.6731014055964,339.057912650368,13.6522753792299
2021-12-08,13772,27,9256,20,4516,7,10262,20,84749,121,95011,141,0,238,17,278,10,13256,1,322,239,"Anderson",76978,255.917275065603,0.13631156930126,183.169217178934,35.0749564810725,361.142144508821,13.631156930126
2021-12-09,13796,24,9272,16,4524,8,10279,17,84959,210,95238,227,0,238,14,292,10,13266,1,323,239,"Anderson",76978,232.533970744888,0.117521367521368,294.889448933461,31.1777390942867,379.329158980488,11.7521367521368
2021-12-10,13825,29,9288,16,4537,13,10296,17,85112,153,95408,170,0,238,6,298,23,13289,0,323,239,"Anderson",76978,229.935825820364,0.12,220.842318584531,37.6731014055964,387.12359375406,12
2021-12-11,13834,9,9292,4,4542,5,10301,5,85187,75,95488,80,0,238,0,298,9,13298,0,323,239,"Anderson",76978,215.646028735483,0.110367892976589,103.925796980956,11.6916521603575,387.12359375406,11.0367892976589
2021-12-12,13854,20,9303,11,4551,9,10313,12,85257,70,95570,82,0,238,13,311,7,13305,0,323,239,"Anderson",76978,224.739535971316,0.116577540106952,106.523941905479,25.9814492452389,404.011535763465,11.6577540106952
2021-12-13,13884,30,9309,6,4575,24,10320,7,85332,75,95652,82,0,238,-13,298,43,13348,0,323,241,"Anderson",76978,218.244173660007,0.105263157894737,106.523941905479,38.9721738678584,387.12359375406,10.5263157894737
2021-12-14,13897,13,9314,5,4583,8,10326,6,85411,79,95737,85,3,241,-15,283,25,13373,0,323,241,"Anderson",76978,197.459014263816,0.0968858131487889,110.421159292265,16.8879420094053,367.63750682013,9.68858131487889
2020-03-12,1,1,1,1,0,0,1,1,11,11,12,12,NA,NA,NA,NA,0,0,0,0,0,"East TN",2455501,NA,NA,0.488698640318208,0.040724886693184,NA,NA
2020-03-13,1,0,1,0,0,0,1,0,23,12,24,12,NA,NA,NA,NA,0,0,0,0,0,"East TN",2455501,NA,NA,0.488698640318208,0,NA,NA
2020-03-14,3,2,3,2,0,0,3,2,51,28,54,30,NA,NA,NA,NA,0,0,0,0,0,"East TN",2455501,NA,NA,1.22174660079552,0.081449773386368,NA,NA
2020-03-15,3,0,3,0,0,0,3,0,54,3,57,3,NA,NA,NA,NA,0,0,0,0,0,"East TN",2455501,NA,NA,0.122174660079552,0,NA,NA
2020-03-16,5,2,5,2,0,0,5,2,90,36,95,38,NA,NA,NA,NA,0,0,0,0,0,"East TN",2455501,NA,NA,1.54754569434099,0.081449773386368,NA,NA
2020-03-17,6,1,6,1,0,0,5,0,131,41,136,41,NA,NA,NA,NA,0,0,0,0,0,"East TN",2455501,NA,NA,1.66972035442054,0.040724886693184,NA,NA
2020-03-18,8,2,8,2,0,0,7,2,172,41,179,43,NA,NA,NA,NA,0,0,0,0,0,"East TN",2455501,0.325799093545472,0.0391061452513966,1.75117012780691,0.081449773386368,NA,3.91061452513966
2020-03-19,11,3,11,3,0,0,11,4,239,67,250,71,NA,NA,NA,NA,0,0,0,0,0,"East TN",2455501,0.40724886693184,0.0420168067226891,2.89146695521606,0.122174660079552,NA,4.20168067226891
2020-03-20,29,18,29,18,0,0,27,16,383,144,410,160,NA,NA,NA,NA,3,3,2,2,0,"East TN",2455501,1.14029682740915,0.0673575129533679,6.51598187090944,0.733047960477312,NA,6.73575129533679
2020-03-21,38,9,38,9,0,0,38,11,611,228,649,239,NA,NA,NA,NA,3,6,1,3,1,"East TN",2455501,1.42537103426144,0.0588235294117647,9.73324791967098,0.366523980238656,NA,5.88235294117647
2020-03-22,48,10,47,9,1,1,43,5,714,103,757,108,NA,NA,NA,NA,2,8,4,7,2,"East TN",2455501,1.83261990119328,0.0571428571428571,4.39828776286387,0.40724886693184,NA,5.71428571428571
2020-03-23,64,16,63,16,1,0,56,13,847,133,903,146,NA,NA,NA,NA,7,15,4,11,2,"East TN",2455501,2.40276831489786,0.0631188118811881,5.94583345720486,0.651598187090944,NA,6.31188118811881
2020-03-24,83,19,82,19,1,0,70,14,988,141,1058,155,NA,NA,NA,NA,7,22,5,16,2,"East TN",2455501,3.13581627537517,0.0704989154013015,6.31235743744352,0.773772847170496,NA,7.04989154013015
2020-03-25,116,33,115,33,1,0,99,29,1289,301,1388,330,NA,NA,NA,NA,15,37,12,28,3,"East TN",2455501,4.39828776286387,0.076095947063689,13.4392126087507,1.34392126087507,NA,7.6095947063689
2020-03-26,144,28,143,28,1,0,130,31,1775,486,1905,517,NA,NA,NA,NA,15,52,5,33,4,"East TN",2455501,5.41640993019347,0.0719033232628399,21.0547664203761,1.14029682740915,NA,7.19033232628399
2020-03-27,166,22,165,22,1,0,147,17,2172,397,2319,414,NA,NA,NA,NA,17,69,6,39,4,"East TN",2455501,5.57930947696621,0.0628601361969618,16.8601030909782,0.895947507250048,NA,6.28601361969618
2020-03-28,197,31,196,31,1,0,180,33,2609,437,2789,470,NA,NA,NA,NA,12,81,8,47,4,"East TN",2455501,6.47525698421626,0.0663551401869159,19.1406967457965,1.2624714874887,NA,6.63551401869159
2020-03-29,213,16,212,16,1,0,196,16,2796,187,2992,203,NA,NA,NA,NA,27,108,3,50,7,"East TN",2455501,6.71960630437536,0.0684563758389262,8.26715199871635,0.651598187090944,NA,6.84563758389262
2020-03-30,246,33,245,33,1,0,226,30,3346,550,3572,580,NA,NA,NA,NA,33,141,8,58,9,"East TN",2455501,7.41192937815949,0.0636942675159236,23.6204342820467,1.34392126087507,NA,6.36942675159236
2020-03-31,295,49,294,49,1,0,278,52,3646,300,3924,352,NA,NA,NA,NA,39,180,12,70,10,"East TN",2455501,8.63367597895501,0.0725750174459177,14.3351601160008,1.99551944796602,NA,7.25750174459177
2020-04-01,346,51,345,51,1,0,336,58,4244,598,4580,656,NA,NA,NA,NA,36,216,9,79,12,"East TN",2455501,9.36672393943232,0.0742481203007519,26.7155256707287,2.07696922135238,NA,7.42481203007519
2020-04-02,391,45,390,45,1,0,383,47,4840,596,5223,643,2,7,NA,134,34,250,5,84,14,"East TN",2455501,10.0590470132164,0.0762507534659433,26.1861021437173,1.83261990119328,5.45713481688666,7.62507534659433
2020-04-03,412,21,411,21,1,0,401,18,5125,285,5526,303,1,8,-13,121,33,283,2,86,17,"East TN",2455501,10.0183221265233,0.0792017461802308,12.3396406680348,0.855222620556864,4.92771128987526,7.92017461802307
2020-04-04,447,35,446,35,1,0,431,30,5717,592,6148,622,3,11,0,121,32,315,5,91,19,"East TN",2455501,10.181221673296,0.0747246204227449,25.3308795231604,1.42537103426144,4.92771128987526,7.47246204227449
2020-04-05,473,26,472,26,1,0,464,33,6094,377,6558,410,-1,10,1,122,26,341,2,93,20,"East TN",2455501,10.5884705402278,0.0751542344363432,16.6972035442054,1.05884705402278,4.96843617656845,7.51542344363432
2020-04-06,514,41,513,41,1,0,514,50,6627,533,7141,583,8,18,0,122,33,374,5,98,20,"East TN",2455501,10.9142696337733,0.080694872513309,23.7426089421263,1.66972035442054,4.96843617656845,8.06948725133091
2020-04-07,570,56,569,56,1,0,592,78,7756,1129,8348,1207,0,18,19,141,37,411,7,105,21,"East TN",2455501,11.1993438406256,0.0709764918625678,49.1549382386731,2.2805936548183,5.74220902373894,7.09764918625678
2020-04-08,607,37,606,37,1,0,632,40,8163,407,8795,447,1,19,4,145,32,443,8,113,25,"East TN",2455501,10.629195426921,0.0702253855278766,18.2040243518532,1.50682080764781,5.90510857051168,7.02253855278766
2020-04-09,633,26,632,26,1,0,662,30,8614,451,9276,481,3,22,3,148,20,463,2,115,25,"East TN",2455501,9.85542257975053,0.0688378978534419,19.5886704994215,1.05884705402278,6.02728323059123,6.88378978534419
2020-04-10,655,22,654,22,1,0,682,20,8942,328,9624,348,0,22,-7,141,29,492,4,119,25,"East TN",2455501,9.89614746644371,0.0685700341630063,14.172260569228,0.895947507250048,5.74220902373894,6.85700341630063
2020-04-11,679,24,678,24,1,0,728,46,10023,1081,10751,1127,2,24,-5,136,27,519,5,124,27,"East TN",2455501,9.44817371281869,0.0645231370845101,45.8969473032184,0.977397280636416,5.53858459027302,6.45231370845101
2020-04-12,709,30,708,30,1,0,761,33,11473,1450,12234,1483,0,24,18,154,12,531,1,125,28,"East TN",2455501,9.61107325959142,0.0523255813953488,60.3950069659919,1.22174660079552,6.27163255075034,5.23255813953488
2020-04-13,738,29,737,29,1,0,803,42,12436,963,13239,1005,0,24,-2,152,31,562,7,132,32,"East TN",2455501,9.12237461927321,0.0473925877336832,40.9285111266499,1.18102171410234,6.19018277736397,4.73925877336832
2020-04-14,749,11,748,11,1,0,823,20,12721,285,13544,305,4,28,-17,135,24,586,1,133,33,"East TN",2455501,7.28975471807994,0.0444572748267898,12.4210904414211,0.447973753625024,5.49785970357984,4.44572748267898
2020-04-15,773,24,772,24,1,0,850,27,13133,412,13983,439,2,30,-6,129,28,614,4,137,34,"East TN",2455501,6.76033119106854,0.0420200462606014,17.8782252583078,0.977397280636416,5.25351038342074,4.20200462606014
2020-04-16,801,28,800,28,1,0,886,36,13810,677,14696,713,1,31,1,130,26,640,6,143,34,"East TN",2455501,6.84178096445491,0.0413284132841328,29.0368442122402,1.14029682740915,5.29423527011392,4.13284132841328
2020-04-17,823,22,821,21,2,1,916,30,14139,329,15055,359,0,31,-1,129,23,663,3,146,35,"East TN",2455501,6.84178096445491,0.0430859878475419,14.6202343228531,0.895947507250048,5.25351038342074,4.30859878475419
2020-04-18,835,12,833,12,2,0,935,19,14920,781,15855,800,0,31,-11,118,23,686,0,146,35,"East TN",2455501,6.3530823241367,0.0405564263322884,32.5799093545472,0.488698640318208,4.80553662979571,4.05564263322884
2020-04-19,914,79,912,79,2,0,1016,81,15607,687,16623,768,1,32,66,184,12,698,1,147,35,"East TN",2455501,8.34860177210272,0.0580997949419002,31.2767129803653,3.21726604876154,7.49337915154586,5.80997949419002
2020-04-20,939,25,931,19,8,6,1033,17,16570,963,17603,980,0,32,10,194,15,713,2,149,35,"East TN",2455501,8.18570222532998,0.0527039413382218,39.9103889593203,1.0181221673296,7.9006280184777,5.27039413382218
2020-04-21,1045,106,1037,106,8,0,1154,121,19276,2706,20430,2827,0,32,83,277,23,736,6,155,36,"East TN",2455501,12.0545664611825,0.0480685448736567,115.129254681631,4.3168379894775,11.280793614012,4.80685448736567
2020-04-22,1247,202,1237,200,10,2,1354,200,21828,2552,23182,2752,2,34,177,454,23,759,2,157,36,"East TN",2455501,19.3035962925692,0.054788563974345,112.074888179642,8.22642711202317,18.4890985587055,5.4788563974345
2020-04-23,1492,245,1480,243,12,2,1601,247,22935,1107,24536,1354,0,34,236,690,9,768,3,160,36,"East TN",2455501,28.1408967049901,0.0726626016260163,55.1414965825711,9.97759723983008,28.100171818297,7.26626016260163
2020-04-24,1540,48,1527,47,13,1,1655,54,25624,2689,27279,2743,0,34,22,712,26,794,4,164,36,"East TN",2455501,29.1997437590129,0.0604548429319372,111.708364199404,1.95479456127283,28.996119325547,6.04548429319372
2020-04-25,1563,23,1546,19,17,4,1674,19,26399,775,28073,794,0,34,10,722,13,807,3,167,37,"East TN",2455501,29.6477175126379,0.0604845310198068,32.3355600343881,0.936672393943232,29.4033681924788,6.04845310198068
2020-04-26,1583,20,1565,19,18,1,1700,26,27517,1118,29217,1144,0,34,-1,721,21,828,0,167,38,"East TN",2455501,27.2449491977401,0.0543115769414007,46.5892703770025,0.81449773386368,29.3626433057857,5.43115769414007
2020-04-27,1652,69,1633,68,19,1,1772,72,28432,915,30204,987,0,34,50,771,19,847,8,175,39,"East TN",2455501,29.0368442122402,0.058646139195302,40.1954631661726,2.8100171818297,31.3988876404449,5.8646139195302
2020-04-28,1689,37,1667,34,22,3,1812,40,30606,2174,32418,2214,2,36,19,790,16,863,1,176,40,"East TN",2455501,26.2268270304105,0.0548882215548882,90.1648991387094,1.50682080764781,32.1726604876154,5.48882215548882
2020-04-29,1752,63,1729,62,23,1,1878,66,33355,2749,35233,2815,1,37,39,829,23,886,6,182,41,"East TN",2455501,20.5660677800579,0.0434818687245872,114.640556041313,2.56566786167059,33.7609310686495,4.34818687245872
2020-04-30,1774,22,1750,21,24,1,1900,22,33904,549,35804,571,0,37,-1,828,23,909,1,183,41,"East TN",2455501,11.4844180474779,0.0265353212637558,23.2539103018081,0.895947507250048,33.7202061819563,2.65353212637558
2020-05-01,1814,40,1786,36,28,4,1929,29,35566,1662,37495,1691,0,37,-16,812,56,965,0,183,41,"East TN",2455501,11.1586189539324,0.0268206734534064,68.8657833981741,1.62899546772736,33.0686079948654,2.68206734534064
2020-05-02,1835,21,1807,21,28,0,1966,37,37443,1877,39409,1914,0,37,-107,705,128,1093,2,185,41,"East TN",2455501,11.077169180546,0.0257586450247001,77.9474331307542,0.855222620556864,28.7110451186947,2.57586450247001
2020-05-03,1873,38,1840,33,33,5,2003,37,39563,2120,41566,2157,0,37,-20,685,58,1151,3,188,43,"East TN",2455501,11.8102171410234,0.0245363997084784,87.8435805971979,1.54754569434099,27.896547384831,2.45363997084784
2020-05-04,1920,47,1884,44,36,3,2060,57,41509,1946,43569,2003,0,37,-312,373,359,1510,1,189,43,"East TN",2455501,10.9142696337733,0.0215488215488215,81.5719480464475,1.91406967457965,15.1903827365576,2.15488215488215
2020-05-05,1948,28,1911,27,37,1,2092,32,44419,2910,46511,2942,2,39,-45,328,71,1581,1,190,43,"East TN",2455501,10.5477456535347,0.0198680195841907,119.812616651347,1.14029682740915,13.3577628353644,1.98680195841907
2020-05-06,1985,37,1948,37,37,0,2135,43,45463,1044,47598,1087,1,40,7,335,29,1610,0,190,43,"East TN",2455501,9.48889859951187,0.0207844723008492,44.267951835491,1.50682080764781,13.6428370422166,2.07844723008492
2020-05-07,2028,43,1989,41,39,2,2183,48,46854,1391,49037,1439,0,40,19,354,24,1634,4,194,47,"East TN",2455501,10.3441212200687,0.0213859291166024,58.6031119514918,1.75117012780691,14.4166098893871,2.13859291166024
2020-05-08,2047,19,2008,19,39,0,2219,36,48524,1670,50743,1706,1,41,-15,339,33,1667,0,194,48,"East TN",2455501,9.48889859951187,0.0218900966183575,69.4766566985719,0.773772847170496,13.8057365889894,2.18900966183575
2020-05-09,2063,16,2022,14,41,2,2237,18,51343,2819,53580,2837,0,41,-32,307,48,1715,1,195,49,"East TN",2455501,9.28527416604595,0.0191235622045022,115.536503548563,0.651598187090944,12.5025402148075,1.91235622045022
2020-05-10,2079,16,2037,15,42,1,2256,19,53907,2564,56163,2583,1,42,-27,280,42,1757,3,198,49,"East TN",2455501,8.3893266587959,0.0173323285606631,105.192382328494,0.651598187090944,11.4029682740915,1.73323285606631
2020-05-11,2140,61,2097,60,43,1,2307,51,55478,1571,57785,1622,3,45,13,293,45,1802,4,202,51,"East TN",2455501,8.95947507250048,0.0173747889701744,66.0557662163444,2.48421808828422,11.9323918011029,1.73747889701745
2020-05-12,2193,53,2150,53,43,0,2373,66,59033,3555,61406,3621,3,48,30,323,20,1822,3,205,51,"East TN",2455501,9.97759723983008,0.0188653910708291,147.464814716019,2.15841899473875,13.1541384018984,1.88653910708291
2020-05-13,2247,54,2201,51,46,3,2425,52,60658,1625,63083,1677,0,48,18,341,36,1858,7,212,53,"East TN",2455501,10.6699203136142,0.0187278010978366,68.2956349844696,2.19914388143194,13.8871863623757,1.87278010978366
2020-05-14,2278,31,2232,31,46,0,2470,45,62366,1708,64836,1753,1,49,-2,339,32,1890,2,214,54,"East TN",2455501,10.181221673296,0.0181657066902969,71.3907263731516,1.2624714874887,13.8057365889894,1.81657066902969
2020-05-15,2306,28,2260,28,46,0,2507,37,64686,2320,67193,2357,1,50,-21,318,48,1938,4,218,54,"East TN",2455501,10.5477456535347,0.0175075987841945,95.9885579358347,1.14029682740915,12.9505139684325,1.75075987841945
2020-05-16,2316,10,2270,10,46,0,2525,18,67456,2770,69981,2788,1,51,-28,290,37,1975,1,219,54,"East TN",2455501,10.3033963333756,0.0175599048838485,113.540984100597,0.40724886693184,11.8102171410234,1.75599048838485
2020-05-17,2396,80,2350,80,46,0,2604,79,69683,2227,72287,2306,0,51,59,349,21,1996,4,223,56,"East TN",2455501,12.9097890817393,0.0215827338129496,93.9115887144823,3.25799093545472,14.2129854559212,2.15827338129496
2020-05-18,2445,49,2398,48,47,1,2665,61,71561,1878,74226,1939,0,51,8,357,41,2037,3,226,56,"East TN",2455501,12.4210904414211,0.0217748312146463,78.9655552980838,1.99551944796602,14.5387845494667,2.17748312146463
2020-05-19,2486,41,2438,40,48,1,2705,40,72685,1124,75390,1164,1,52,-6,351,46,2083,3,229,56,"East TN",2455501,11.9323918011029,0.0237414187643021,47.4037681108662,1.66972035442054,14.2944352293076,2.37414187643021
2020-05-20,2528,42,2480,42,48,0,2750,45,74425,1740,77175,1785,0,52,13,364,29,2112,3,232,56,"East TN",2455501,11.4436931607847,0.0230627306273063,72.6939227473334,1.71044524111373,14.823858756319,2.30627306273063
2020-05-21,2769,241,2720,240,49,1,2988,238,75887,1462,78875,1700,0,52,211,575,30,2142,4,236,57,"East TN",2455501,19.9959193663533,0.0368972149013463,69.2323073784128,9.81469769305734,23.4168098485808,3.68972149013463
2020-05-22,2860,91,2808,88,52,3,3066,78,77412,1525,80478,1603,0,52,40,615,51,2193,6,242,57,"East TN",2455501,22.5615872280239,0.0420775310500565,65.2819933691739,3.70596468907974,25.0458053163082,4.20775310500565
2020-05-23,2926,66,2870,62,56,4,3157,91,79627,2215,82784,2306,2,54,36,651,28,2221,6,248,58,"East TN",2455501,24.8421808828422,0.0493634304459892,93.9115887144823,2.68784252175014,26.5119012372628,4.93634304459892
2020-05-24,2978,52,2922,52,56,0,3227,70,81747,2120,84974,2190,0,54,26,677,26,2247,0,248,59,"East TN",2455501,23.7018840554331,0.0491053834633877,89.187501858073,2.11769410804557,27.5707482912856,4.91053834633877
2020-05-25,3062,84,3005,83,57,1,3321,94,84397,2650,87718,2744,1,55,42,719,41,2288,2,250,59,"East TN",2455501,25.1272550896945,0.0486214052772013,111.749089086097,3.42089048222746,29.2811935323993,4.86214052772013
2020-05-26,3123,61,3057,52,66,9,3377,56,86783,2386,90160,2442,1,56,15,734,45,2333,3,253,59,"East TN",2455501,25.9417528235582,0.0454976303317536,99.4501733047553,2.48421808828422,29.8920668327971,4.54976303317536
2020-05-27,3199,76,3130,73,69,3,3444,67,88650,1867,92094,1934,0,56,40,774,36,2369,8,261,59,"East TN",2455501,27.3263989711265,0.0465178631275555,78.7619308646179,3.09509138868198,31.5210623005244,4.65178631275555
2020-05-28,3273,74,3204,74,69,0,3511,67,90049,1399,93560,1466,0,56,14,788,60,2429,1,262,59,"East TN",2455501,20.5253428933647,0.0356145726932244,59.7026838922077,3.01364161529562,32.091210714229,3.56145726932244
2020-05-29,3348,75,3278,74,70,1,3594,83,91327,1278,94921,1361,0,56,10,798,65,2494,4,266,59,"East TN",2455501,19.8737447062738,0.0365575019040366,55.4265707894234,3.0543665019888,32.4984595811608,3.65575019040366
2020-05-30,3421,73,3350,72,71,1,3675,81,93572,2245,97247,2326,0,56,-1,797,74,2568,4,270,60,"East TN",2455501,20.1588189131261,0.0358155292816152,94.726086448346,2.97291672860243,32.4577346944676,3.58155292816152
2020-05-31,3533,112,3460,110,73,2,3769,94,96355,2783,100124,2877,0,56,71,868,41,2609,1,271,61,"East TN",2455501,22.6023121147171,0.0357755775577558,117.16549901629,4.56118730963661,35.3492016496837,3.57755775577558
2020-06-01,3629,96,3553,93,76,3,3903,134,100187,3832,104090,3966,0,56,-169,699,265,2874,5,276,61,"East TN",2455501,23.0910107550353,0.0355484974346445,161.514900625168,3.90958912254566,28.4666957985356,3.55484974346445
2020-06-02,3736,107,3658,105,78,2,4018,115,104246,4059,108264,4174,1,57,16,715,90,2964,3,279,65,"East TN",2455501,24.9643555429218,0.0354065399911622,169.98567705735,4.35756287617069,29.1182939856266,3.54065399911622
2020-06-03,3786,50,3708,50,78,0,4068,50,106176,1930,110244,1980,0,57,-65,650,115,3079,4,283,66,"East TN",2455501,23.905508488899,0.0343801652892562,80.6352756525043,2.0362443346592,26.4711763505696,3.43801652892562
2020-06-04,3837,51,3757,49,80,2,4129,61,107724,1548,111853,1609,6,63,-37,613,82,3161,5,288,67,"East TN",2455501,22.9688360949558,0.0337834144208167,65.526342689333,2.07696922135238,24.9643555429218,3.37834144208167
2020-06-05,3936,99,3852,95,84,4,4211,82,109880,2156,114091,2238,1,64,-43,570,141,3302,4,292,68,"East TN",2455501,23.9462333755922,0.0321857068335942,91.1422964193458,4.03176378262522,23.2131854151149,3.21857068335942
2020-06-06,3989,53,3902,50,87,3,4286,75,112985,3105,117271,3180,1,65,-14,556,66,3368,4,296,68,"East TN",2455501,23.1317356417285,0.0305133839392729,129.505139684325,2.15841899473875,22.6430370014103,3.05133839392729
2020-06-07,4047,58,3958,56,89,2,4367,81,116948,3963,121315,4044,0,65,-8,548,66,3434,6,302,69,"East TN",2455501,20.9325917602966,0.0282195271577557,164.691441787236,2.36204342820467,22.3172379078648,2.82195271577557
2020-06-08,4207,160,4114,156,93,4,4524,157,119899,2951,124423,3108,0,65,75,623,85,3519,6,308,69,"East TN",2455501,23.5389845086604,0.0305414842866276,126.572947842416,6.51598187090944,25.3716044098536,3.05414842866276
2020-06-09,4315,108,4221,107,94,1,4642,118,122226,2327,126868,2445,1,66,-35,588,142,3661,7,315,70,"East TN",2455501,23.5797093953535,0.0335411739410879,99.5723479648349,4.39828776286387,23.9462333755922,3.35411739410879
2020-06-10,4392,77,4295,74,97,3,4716,74,125064,2838,129780,2912,0,66,-63,525,140,3801,6,321,70,"East TN",2455501,24.6792813360695,0.0331695331695332,118.590870050552,3.13581627537517,21.3805655139216,3.31695331695332
2020-06-11,4656,264,4557,262,99,2,4996,280,127355,2291,132351,2571,1,67,149,674,114,3915,8,329,70,"East TN",2455501,33.3536822017177,0.0422968094448239,104.703683688176,10.7513700870006,27.448573631206,4.22968094448239
2020-06-12,4827,171,4727,170,100,1,5168,172,129983,2628,135151,2800,2,69,24,698,145,4060,3,332,71,"East TN",2455501,36.2858740436269,0.0454415954415954,114.029682740915,6.96395562453446,28.4259709118424,4.54415954415954
2020-06-13,4975,148,4871,144,104,4,5336,168,132174,2191,137510,2359,0,69,50,748,98,4158,4,336,72,"East TN",2455501,40.1547382794794,0.051880033598498,96.0700077092211,6.02728323059123,30.4622152465016,5.1880033598498
2020-06-14,5091,116,4986,115,105,1,5471,135,136044,3870,141515,4005,0,69,30,778,86,4244,4,340,73,"East TN",2455501,42.5167817076841,0.0546534653465347,163.103171206202,4.72408685640934,31.6839618472971,5.46534653465347
2020-06-15,5274,183,5158,172,116,11,5650,179,139218,3174,144868,3353,0,69,58,836,125,4369,9,349,78,"East TN",2455501,43.4534541016273,0.0550745903643923,136.550545082246,7.45265426485267,34.0460052755018,5.50745903643923
2020-06-16,5428,154,5310,152,118,2,5808,158,141018,1800,146826,1958,3,72,64,900,87,4456,4,353,81,"East TN",2455501,45.3267988895138,0.0584226876440525,79.7393281452543,6.27163255075034,36.6523980238656,5.84226876440525
2020-06-17,5561,133,5440,130,121,3,5930,122,142458,1440,148388,1562,3,75,-6,894,136,4592,6,359,83,"East TN",2455501,47.6073925443321,0.0652407566638005,63.6122730147534,5.41640993019347,36.4080487037065,6.52407566638005
2020-06-18,5739,178,5617,177,122,1,6136,206,146049,3591,152185,3797,1,76,42,936,135,4727,10,369,83,"East TN",2455501,44.1050522887183,0.0574770595946355,154.63239477402,7.24902983138675,38.1184939448202,5.74770595946355
2020-06-19,5874,135,5748,131,126,4,6254,118,147513,1464,153767,1582,4,80,22,958,109,4836,12,381,84,"East TN",2455501,42.6389563677636,0.0583369144821659,64.4267707486171,5.49785970357984,39.0144414520703,5.83369144821659
2020-06-20,5940,66,5813,65,127,1,6349,95,149688,2175,156037,2270,0,80,-44,914,110,4946,6,387,84,"East TN",2455501,39.2995156589226,0.0546769579532574,92.4454927935277,2.68784252175014,37.2225464375702,5.46769579532574
2020-06-21,6028,88,5900,87,128,1,6468,119,153038,3350,159506,3469,1,81,0,914,87,5033,3,390,87,"East TN",2455501,38.1592188315134,0.0554165971874826,141.274631938655,3.58379002900019,37.2225464375702,5.54165971874826
2020-06-22,6224,196,6089,189,135,7,6666,198,156449,3411,163115,3609,1,82,43,957,152,5185,7,397,88,"East TN",2455501,38.6886423585248,0.0556803858168466,146.976116075701,7.98207779186406,38.9737165653771,5.56803858168466
2020-06-23,6414,190,6273,184,141,6,6850,184,158254,1805,165104,1989,4,86,57,1014,129,5314,15,412,88,"East TN",2455501,40.1547382794794,0.0570084254294781,81.001799632743,7.73772847170496,41.2950351068886,5.70084254294781
2020-06-24,6592,178,6449,176,143,2,7033,183,159885,1631,166918,1814,2,88,37,1051,139,5453,9,421,88,"East TN",2455501,41.9873581806727,0.0595250944414463,73.8749444614358,7.24902983138675,42.8018559145364,5.95250944414463
2020-06-25,6761,169,6609,160,152,9,7217,184,163059,3174,170276,3358,0,88,22,1073,147,5600,8,429,88,"East TN",2455501,41.620834200434,0.0597534685755348,136.754169515712,6.8825058511481,43.6978034217864,5.97534685755348
2020-06-26,6975,214,6813,204,162,10,7389,172,164648,1589,172037,1761,1,89,67,1140,146,5746,16,445,88,"East TN",2455501,44.8381002491956,0.0621237000547345,71.716525466697,8.71512575234138,46.4263708302298,6.21237000547345
2020-06-27,7049,74,6882,69,167,5,7435,46,164857,209,172292,255,-1,88,-52,1088,127,5873,5,450,90,"East TN",2455501,45.1638993427411,0.066810212242387,10.3848461067619,3.01364161529562,44.3086767221842,6.6810212242387
2020-06-28,7176,127,7007,125,169,2,7606,171,167945,3088,175551,3259,0,88,30,1118,97,5970,5,455,91,"East TN",2455501,46.7521699237752,0.0709255219694609,132.722405733087,5.17206061003437,45.5304233229797,7.09255219694609
2020-06-29,7519,343,7348,341,171,2,7946,340,173213,5268,181159,5608,1,89,147,1265,195,6165,22,477,92,"East TN",2455501,52.7387282676733,0.0709377078253159,228.385164575376,13.9686361357621,51.5169816668778,7.09377078253159
2020-06-30,7789,270,7614,266,175,4,8394,448,179500,6287,187894,6735,0,89,100,1365,170,6335,22,499,93,"East TN",2455501,55.996719203128,0.0677490127248793,274.282111878594,10.9957194071597,55.5894703361962,6.77490127248793
2020-07-01,8064,275,7886,272,178,3,8728,334,182704,3204,191432,3538,0,89,66,1431,209,6544,17,516,96,"East TN",2455501,59.9470332123668,0.0691441625193767,144.084649120485,11.1993438406256,58.2773128579463,6.91441625193767
2020-07-02,8544,480,8361,475,183,5,9334,606,189087,6383,198421,6989,2,91,314,1745,164,6708,24,540,99,"East TN",2455501,72.6124729739471,0.0752176230236276,284.626233098663,19.5479456127283,71.0649272796061,7.52176230236276
2020-07-03,8770,226,8581,220,189,6,9562,228,192443,3356,202005,3584,5,96,24,1769,197,6905,14,554,100,"East TN",2455501,73.1011716142653,0.0725106780565937,145.957993908371,9.20382439265958,72.0423245602425,7.25106780565937
2020-07-04,8990,220,8799,218,191,2,9842,280,197207,4764,207049,5044,2,98,77,1846,141,7046,14,568,106,"East TN",2455501,79.0470050714701,0.0692522369594614,205.41632848042,8.95947507250048,75.1781408356177,6.92522369594614
2020-07-05,9310,320,9118,319,192,1,10210,368,201055,3848,211265,4216,2,100,163,2009,155,7201,11,579,109,"East TN",2455501,86.9069082032546,0.0729125833006664,171.696122298464,13.0319637418189,81.8162973666066,7.29125833006664
2020-07-06,9544,234,9341,223,203,11,10420,210,202686,1631,213106,1841,4,104,-51,1958,281,7482,26,605,109,"East TN",2455501,82.4678955536976,0.0774407612608383,74.9745164021517,9.52962348620506,79.7393281452543,7.74407612608383
2020-07-07,9992,448,9780,439,212,9,10986,566,208964,6278,219950,6844,0,104,159,2117,289,7771,31,636,110,"East TN",2455501,89.7169253850844,0.080858497629149,278.721124528151,18.2447492385464,86.2145851294705,8.0858497629149
2020-07-08,10373,381,10151,371,222,10,11420,434,213136,4172,224556,4606,1,105,61,2178,319,8090,20,656,110,"East TN",2455501,94.0337633745619,0.0812703779736747,187.578828108805,15.5161818301031,88.6988032177547,8.12703779736747
2020-07-09,10822,449,10586,435,236,14,11892,472,219086,5950,230978,6422,1,106,149,2327,299,8389,24,680,113,"East TN",2455501,92.7712918870731,0.078569892803391,261.535222343628,18.2854741252396,94.7668113350392,7.8569892803391
2020-07-10,11289,467,11041,455,248,12,12345,453,222370,3284,234715,3737,0,106,141,2468,326,8715,27,707,115,"East TN",2455501,102.58598958013,0.0850810149801284,152.188901572429,19.0185220857169,100.509020358778,8.50810149801284
2020-07-11,11595,306,11340,299,255,7,12767,422,226848,4478,239615,4900,5,111,44,2512,257,8972,22,729,120,"East TN",2455501,106.088329835744,0.0898176011791439,199.551944796602,12.4618153281143,102.300915373278,8.98176011791439
2020-07-12,12065,470,11802,462,263,8,13400,633,232778,5930,246178,6563,1,112,222,2734,247,9219,24,753,125,"East TN",2455501,112.197062839722,0.091369976799473,267.277431367367,19.1406967457965,111.341840219165,9.1369976799473
2020-07-13,12419,354,12143,341,276,13,13743,343,236212,3434,249955,3777,3,115,-119,2615,470,9689,18,771,129,"East TN",2455501,117.084049242904,0.0901788379603246,153.817897040156,14.4166098893871,106.495578702676,9.01788379603246
2020-07-14,12934,515,12653,510,281,5,14327,584,240700,4488,255027,5072,4,119,77,2692,434,10123,34,805,133,"East TN",2455501,119.812616651347,0.0952475981412321,206.556625307829,20.9733166469898,109.631394978051,9.52475981412321
2020-07-15,13314,380,13027,374,287,6,14710,383,243797,3097,258507,3480,6,125,-105,2587,479,10602,24,829,140,"East TN",2455501,119.771891764654,0.0969043621690083,141.72260569228,15.4754569434099,105.355281875267,9.69043621690083
2020-07-16,14141,827,13839,812,302,15,15807,1097,253631,9834,269438,10931,6,131,349,2936,472,11074,43,872,142,"East TN",2455501,135.165898934678,0.101794071762871,445.163736443194,33.6794812952632,119.568267331188,10.1794071762871
2020-07-17,14609,468,14293,454,316,14,16318,511,257950,4319,274268,4830,3,134,95,3031,370,11444,24,896,147,"East TN",2455501,135.206623821371,0.100447500821682,196.701202728079,19.0592469724101,123.437131567041,10.0447500821682
2020-07-18,15118,509,14787,494,331,15,16986,668,266041,8091,283027,8759,6,140,185,3216,318,11762,27,923,150,"East TN",2455501,143.473775820087,0.0971851101078043,356.709282545599,20.7289673268307,130.97123560528,9.71851101078043
2020-07-19,15599,481,15249,462,350,19,17546,560,270895,4854,288441,5414,0,140,76,3292,405,12167,25,948,154,"East TN",2455501,143.921749573712,0.0980999929015924,220.484536556898,19.5886704994215,134.066326993962,9.80999929015924
2020-07-20,16035,436,15670,421,365,15,17957,411,273352,2457,291309,2868,2,142,-270,3022,704,12871,29,977,158,"East TN",2455501,147.261190282553,0.10190066257194,116.798975036052,17.7560505982282,123.070607586802,10.190066257194
2020-07-21,17036,1001,16654,984,382,17,19169,1212,281730,8378,300899,9590,1,143,381,3403,619,13490,61,1038,161,"East TN",2455501,167.053485215441,0.105554586675968,390.551663387635,40.7656115798772,138.586789416905,10.5554586675968
2020-07-22,17620,584,17222,568,398,16,19823,654,285030,3300,304853,3954,4,147,-80,3323,660,14150,29,1067,166,"East TN",2455501,175.36136210085,0.110322357916541,161.02620198485,23.7833338288195,135.32879848145,11.0322357916541
2020-07-23,18415,795,17995,773,420,22,20822,999,295234,10204,316056,11203,4,151,242,3565,549,14699,50,1117,172,"East TN",2455501,174.058165726668,0.107576472607147,456.24090562374,32.3762849210813,145.184221061201,10.7576472607147
2020-07-24,19018,603,18585,590,433,13,21506,684,301043,5809,322549,6493,2,153,6,3571,595,15294,34,1151,178,"East TN",2455501,179.556025430248,0.107454278080404,264.426689298844,24.55710667599,145.42857038136,10.7454278080404
2020-07-25,19996,978,19551,966,445,12,22708,1202,310658,9615,333366,10817,10,163,550,4121,418,15712,28,1179,186,"East TN",2455501,198.655997289352,0.113669321996861,440.521099360171,39.8289391859339,167.827258062611,11.3669321996861
2020-07-26,20771,775,20311,760,460,15,23605,897,318181,7523,341786,8420,1,164,391,4512,383,16095,21,1200,193,"East TN",2455501,210.629113977148,0.11358140406786,342.903545956609,31.5617871872176,183.750688759646,11.358140406786
2020-07-27,21417,646,20935,624,482,22,24311,706,322647,4466,346958,5172,6,170,-78,4434,718,16813,38,1238,197,"East TN",2455501,219.181340182716,0.114179949325235,210.629113977148,26.3082768037969,180.574147597578,11.4179949325235
2020-07-28,22232,815,21727,792,505,23,25283,972,330868,8221,356151,9193,7,177,170,4604,638,17451,50,1288,202,"East TN",2455501,211.606511257784,0.110656627814378,374.38388337044,33.190782654945,187.497378335419,11.0656627814378
2020-07-29,22575,343,22059,332,516,11,25599,316,332440,1572,358039,1888,5,182,-337,4267,675,18126,24,1312,211,"East TN",2455501,201.791813564727,0.108600007520776,76.8885860767314,13.9686361357621,173.773091519816,10.8600007520776
2020-07-30,23763,1188,23232,1173,531,15,26980,1381,344974,12534,371954,13915,5,187,674,4941,509,18635,42,1354,218,"East TN",2455501,217.796694035148,0.110164943289563,566.686798335655,48.3811653915026,201.221665151022,11.0164943289563
2020-07-31,24385,622,23838,606,547,16,27634,654,348942,3968,376576,4622,6,193,80,5021,536,19171,25,1379,227,"East TN",2455501,218.570466882319,0.113424769096933,188.230426295896,25.3308795231604,204.479656086477,11.3424769096933
2020-08-01,24944,559,24380,542,564,17,28270,636,355917,6975,384187,7611,1,194,152,5173,406,19577,16,1395,230,"East TN",2455501,201.506739357874,0.109442946813325,309.957112621823,22.7652116614899,210.669838863841,10.9442946813325
2020-08-02,25375,431,24800,420,575,11,28754,484,359715,3798,388469,4282,4,198,49,5222,378,19955,19,1414,235,"East TN",2455501,187.497378335419,0.11029711029711,174.383964820214,17.5524261647623,212.665358311807,11.029711029711
2020-08-03,26001,626,25408,608,593,18,29462,708,363859,4144,393321,4852,3,201,-43,5179,666,20621,33,1447,243,"East TN",2455501,186.682880601555,0.111101524922891,197.597150235329,25.4937790699332,210.914188184,11.1101524922891
2020-08-04,26487,486,25874,466,613,20,29988,526,369230,5371,399218,5897,6,207,-219,4960,699,21320,33,1480,252,"East TN",2455501,173.284392879498,0.109248380430492,240.154656829706,19.7922949328874,201.995437998193,10.9248380430492
2020-08-05,26955,468,26334,460,621,8,30509,521,373443,4213,403952,4734,9,216,-223,4737,682,22002,19,1499,258,"East TN",2455501,178.375003716146,0.106941389149043,192.791613605533,19.0592469724101,192.913788265613,10.6941389149043
2020-08-06,27686,731,27027,693,659,38,31361,852,380513,7070,411874,7922,7,223,201,4938,523,22525,36,1535,264,"East TN",2455501,159.763730497361,0.109744488977956,322.622552383404,29.7698921727175,201.099490490943,10.9744488977956
2020-08-07,28241,555,27568,541,673,14,31980,619,384483,3970,416463,4589,6,229,38,4976,511,23036,34,1569,277,"East TN",2455501,157.035163088917,0.108957805801389,186.886505035021,22.6023121147171,202.647036185284,10.8957805801389
2020-08-08,28916,675,28231,663,685,12,32780,800,394560,10077,427340,10877,8,237,289,5265,378,23414,19,1588,287,"East TN",2455501,161.759249945327,0.104511853173592,442.964592561762,27.4892985178992,214.416528439614,10.4511853173592
2020-08-09,29444,528,28747,516,697,12,33414,634,398861,4301,432275,4935,2,239,115,5380,411,23825,19,1607,294,"East TN",2455501,165.709563954566,0.106378121718486,200.977315830863,21.5027401740012,219.09989040933,10.6378121718486
2020-08-10,29747,303,29039,292,708,11,33742,328,401150,2289,434892,2617,3,242,-477,4903,777,24602,26,1633,298,"East TN",2455501,152.555425552667,0.102956387866542,106.577028476063,12.3396406680348,199.674119456681,10.2956387866542
2020-08-11,30359,612,29634,595,725,17,34427,685,407250,6100,441677,6785,17,259,-7,4896,602,25204,28,1661,303,"East TN",2455501,157.686761276008,0.104547916813867,276.318356213253,24.9236306562286,199.389045249829,10.4547916813867
2020-08-12,30804,445,30058,424,746,21,34901,474,410999,3749,445900,4223,6,265,-251,4645,690,25894,25,1686,308,"East TN",2455501,156.750088882065,0.104701058453323,171.981196505316,18.1225745784669,189.16709868984,10.4701058453323
2020-08-13,31621,817,30862,804,759,13,36018,1117,419561,8562,455579,9679,6,271,202,4847,609,26503,44,1730,316,"East TN",2455501,160.252429137679,0.106555314037295,394.176178303328,33.2722324283313,197.393525801863,10.6555314037295
2020-08-14,32082,461,31294,432,788,29,36552,534,424217,4656,460769,5190,4,275,-142,4705,599,27102,18,1748,323,"East TN",2455501,156.42428978852,0.103191441339773,211.362161937625,18.7741727655578,191.610591891431,10.3191441339773
2020-08-15,32732,650,31932,638,800,12,37429,877,431150,6933,468579,7810,4,279,216,4921,430,27532,17,1765,332,"East TN",2455501,155.40616762119,0.11273309246102,318.061365073767,26.4711763505696,200.407167417158,11.273309246102
2020-08-16,33206,474,32395,463,811,11,38022,593,436616,5466,474638,6059,2,281,110,5031,362,27894,10,1775,341,"East TN",2455501,153.207023739758,0.108774166135543,246.752088474002,19.3035962925692,204.886904953409,10.8774166135543
2020-08-17,33479,273,32598,203,881,70,38249,227,438088,1472,476337,1699,8,289,-397,4634,662,28556,12,1787,347,"East TN",2455501,151.985277138963,0.108746531547834,69.1915824917196,11.1178940672392,188.719124936215,10.8746531547834
2020-08-18,34109,630,33163,565,946,65,39061,812,448685,10597,487746,11409,8,297,52,4686,570,29126,22,1809,350,"East TN",2455501,152.71832509944,0.100588248062689,464.630232282536,25.6566786167059,190.83681904426,10.0588248062689
2020-08-19,34564,455,33597,434,967,21,39558,497,453469,4784,493027,5281,7,304,-113,4573,561,29687,22,1831,357,"East TN",2455501,153.125573966372,0.0988180872960299,215.068126626705,18.5298234453987,186.23490684793,9.88180872960299
2020-08-20,35342,778,34354,757,988,21,40432,874,465008,11539,505440,12413,6,310,264,4837,508,30195,26,1857,365,"East TN",2455501,151.537303385338,0.0885261025651311,505.518018522493,31.6839618472971,196.986276934931,8.85261025651311
2020-08-21,35551,209,34551,197,1000,12,40645,213,467459,2451,508104,2664,17,327,-321,4516,513,30708,17,1874,372,"East TN",2455501,141.274631938655,0.0864687863103412,108.491098150642,8.51150131887546,183.913588306419,8.64687863103412
2020-08-22,36421,870,35409,858,1012,12,41618,973,480827,13368,522445,14341,2,329,454,4970,414,31122,20,1894,379,"East TN",2455501,150.234107011156,0.0777670515724204,584.035600066952,35.4306514230701,202.402686865124,7.77670515724204
2020-08-23,36674,253,35651,242,1023,11,41872,254,485933,5106,527805,5360,0,329,-94,4876,347,31469,20,1914,384,"East TN",2455501,141.233907051962,0.0724133391013222,218.285392675466,10.3033963333756,198.574547515965,7.24133391013222
2020-08-24,36866,192,35826,175,1040,17,42070,198,487276,1343,529346,1541,8,337,-486,4390,670,32139,15,1929,394,"East TN",2455501,137.935191229814,0.0720820992661624,62.7570503941965,7.81917824509133,178.782252583078,7.20820992661624
2020-08-25,37480,614,36415,589,1065,25,42755,685,497012,9736,539767,10421,16,353,119,4509,479,32618,22,1951,402,"East TN",2455501,137.283593042723,0.0710097845101017,424.39404422967,25.005080429615,183.628514099567,7.10097845101017
2020-08-26,37825,345,36735,320,1090,25,43139,384,500974,3962,544113,4346,6,359,-208,4301,547,33165,11,1962,410,"East TN",2455501,132.803855506473,0.0700974826762714,176.990357568578,14.0500859091485,175.157737667384,7.00974826762714
2020-08-27,38686,861,37579,844,1107,17,44115,976,511265,10291,555380,11267,8,367,387,4688,466,33631,29,1991,417,"East TN",2455501,136.184021102007,0.0737484981978374,458.847298372104,35.0641274428314,190.918268817647,7.37484981978374
2020-08-28,39020,334,37893,314,1127,20,44453,338,513874,2609,558327,2947,12,379,-182,4506,504,34135,10,2001,423,"East TN",2455501,141.274631938655,0.0758218346176055,120.016241084813,13.6021121555235,183.506339439487,7.58218346176055
2020-08-29,39471,451,38328,435,1143,16,44981,528,520393,6519,565374,7047,8,387,61,4567,382,34517,16,2017,432,"East TN",2455501,124.210904414211,0.0783386521931561,286.988276526868,18.366923898626,185.990557527771,7.83386521931561
2020-08-30,39734,263,38580,252,1154,11,45248,267,522274,1881,567522,2148,8,395,-55,4512,310,34827,14,2031,435,"East TN",2455501,124.618153281143,0.0850013847974419,87.4770566169592,10.7106452003074,183.750688759646,8.50013847974419
2020-08-31,40141,407,38958,378,1183,29,45698,450,525761,3487,571459,3937,2,397,-133,4379,538,35365,16,2047,440,"East TN",2455501,133.374003920178,0.086149170089996,160.333878911065,16.5750288841259,178.334278829453,8.6149170089996
2020-09-01,40748,607,39523,565,1225,42,46372,674,531426,5665,577798,6339,6,403,105,4484,496,35861,28,2075,449,"East TN",2455501,133.088929713325,0.095106623543951,258.155056748093,24.7200062227627,182.610391932237,9.5106623543951
2020-09-02,41236,488,39982,459,1254,29,46825,453,536219,4793,583044,5246,7,410,22,4506,459,36320,22,2097,456,"East TN",2455501,138.912588510451,0.0946803318692045,213.642755592443,19.8737447062738,183.506339439487,9.46803318692045
2020-09-03,41791,555,40504,522,1287,33,47472,647,544476,8257,591948,8904,6,416,-39,4467,588,36908,22,2119,459,"East TN",2455501,126.450773182336,0.0918015751476701,362.61439111611,22.6023121147171,181.918068858453,9.18015751476701
2020-09-04,42148,357,40847,343,1301,14,47820,348,547808,3332,595628,3680,7,423,-40,4427,390,37298,11,2130,460,"East TN",2455501,127.38744557628,0.0902656765234176,149.867583030917,14.5387845494667,180.289073390726,9.02656765234176
2020-09-05,43146,998,41830,983,1316,15,48910,1090,557127,9319,606037,10409,1,424,640,5067,357,37655,26,2156,466,"East TN",2455501,149.663958597451,0.0966234660502176,423.905345589352,40.6434369197976,206.353000874363,9.66234660502176
2020-09-06,43409,263,42077,247,1332,16,49178,268,559755,2628,608933,2896,0,424,-50,5017,313,37968,9,2165,480,"East TN",2455501,149.663958597451,0.0949023206394436,117.939271863461,10.7106452003074,204.316756539704,9.49023206394436
2020-09-07,43613,204,42274,197,1339,7,49415,237,561091,1336,610506,1573,3,427,-342,4675,543,38511,13,2178,484,"East TN",2455501,141.396806598735,0.0951929725715164,64.0602467683784,8.30787688540954,190.388845290635,9.51929725715164
2020-09-08,43924,311,42563,289,1361,22,49735,320,564517,3426,614252,3746,7,434,-302,4373,606,39117,24,2202,491,"East TN",2455501,129.342240137552,0.0922532506720799,152.555425552667,12.6654397615802,178.089929509294,9.22532506720799
2020-09-09,44257,333,42879,316,1378,17,50110,375,569663,5146,619773,5521,6,440,-161,4212,488,39605,16,2218,498,"East TN",2455501,123.029882700109,0.0894388630237687,224.842099433069,13.5613872688303,171.533222751691,8.94388630237687
2020-09-10,44932,675,43517,638,1415,37,50817,707,577474,7811,628291,8518,18,458,194,4406,463,40068,39,2257,509,"East TN",2455501,127.916869103291,0.0920397325482211,346.894584852541,27.4892985178992,179.433850770169,9.20397325482211
2020-09-11,45258,326,43820,303,1438,23,51172,355,581634,4160,632806,4515,17,475,-205,4201,514,40582,26,2283,520,"East TN",2455501,126.654397615802,0.0901608478132229,183.872863419726,13.276313061978,171.085248998066,9.01608478132229
2020-09-12,45677,419,44221,401,1456,18,51684,512,588620,6986,640304,7498,10,485,92,4293,317,40899,14,2297,531,"East TN",2455501,103.074688220449,0.0809525199171214,305.355200425494,17.0637275244441,174.831938573839,8.09525199171214
2020-09-13,46118,441,44642,421,1476,20,52187,503,594193,5573,646380,6076,2,487,51,4344,388,41287,21,2318,536,"East TN",2455501,110.323718051835,0.0803535663738083,247.444411547786,17.9596750316941,176.908907795191,8.03535663738083
2020-09-14,46562,444,45071,429,1491,15,52672,485,599166,4973,651838,5458,9,496,-151,4193,586,41873,23,2341,546,"East TN",2455501,120.0976908582,0.0788009290622278,222.276431571398,18.0818496917737,170.759449904521,7.88009290622278
2020-09-15,47055,493,45527,456,1528,37,53212,540,607342,8176,660554,8716,7,503,-66,4127,552,42425,19,2360,549,"East TN",2455501,127.509620236359,0.075093948425554,354.958112417792,20.0773691397397,168.07160738277,7.5093948425554
2020-09-16,47408,353,45837,310,1571,43,53606,394,610755,3413,664361,3807,6,509,-175,3952,522,42947,17,2377,558,"East TN",2455501,128.324117970223,0.0784067462097425,155.039643640951,14.375885002694,160.944752211463,7.84067462097425
2020-09-17,47959,551,46356,519,1603,32,54183,577,617931,7176,672114,7753,8,517,119,4071,424,43371,21,2398,569,"East TN",2455501,123.274232020268,0.0768089815850124,315.740046532256,22.4394125679444,165.791013727952,7.68089815850124
2020-09-18,48493,534,46842,486,1651,48,54750,567,626047,8116,680797,8683,17,534,-29,4042,546,43917,29,2427,575,"East TN",2455501,131.74500845245,0.0745556458502636,353.614191156917,21.7470894941603,164.60999201385,7.45556458502636
2020-09-19,49001,508,47327,485,1674,23,55323,573,634401,8354,689724,8927,3,537,193,4235,312,44229,29,2456,577,"East TN",2455501,135.369523368144,0.0736341562120599,363.551063510054,20.6882424401375,172.469895145634,7.36341562120599
2020-09-20,49307,306,47608,281,1699,25,55652,329,639359,4958,695011,5287,1,538,-19,4216,324,44553,13,2469,588,"East TN",2455501,129.871663664564,0.0712508482243836,215.312475946864,12.4618153281143,171.696122298464,7.12508482243836
2020-09-21,49470,163,47741,133,1729,30,55804,152,640876,1517,696680,1669,3,541,-210,4006,370,44923,9,2478,593,"East TN",2455501,118.427970503779,0.0698452343784845,67.9698358909241,6.63815653098899,163.143896092895,6.98452343784845
2020-09-22,49930,460,48143,402,1787,58,56294,490,647026,6150,703320,6640,6,547,-55,3951,509,45432,28,2506,600,"East TN",2455501,117.084049242904,0.072066594958612,270.413247642742,18.7334478788646,160.90402732477,7.2066594958612
2020-09-23,50224,294,48397,254,1827,40,56576,282,649119,2093,705695,2375,8,555,-217,3734,503,45935,11,2517,609,"East TN",2455501,114.681280928006,0.0718536797793584,96.721605896312,11.9731166877961,152.066726912349,7.18536797793584
2020-09-24,50687,463,48839,442,1848,21,57057,481,656013,6894,713070,7375,11,566,-36,3698,488,46423,27,2544,614,"East TN",2455501,111.097490899006,0.070172868444184,300.346039362232,18.8556225389442,150.600630991394,7.0172868444184
2020-09-25,51141,454,49269,430,1872,24,57543,486,662686,6673,720229,7159,11,577,14,3712,429,46852,18,2562,621,"East TN",2455501,107.839499963551,0.070830797321972,291.549463836504,18.4890985587055,151.170779405099,7.0830797321972
2020-09-26,51699,558,49803,534,1896,24,58181,638,673242,10556,731423,11194,5,582,194,3906,359,47211,28,2590,628,"East TN",2455501,109.87574429821,0.0685388138804288,455.874381643502,22.7244867747967,159.071407423577,6.85388138804288
2020-09-27,52092,393,50168,365,1924,28,58588,407,679261,6019,737849,6426,3,585,91,3997,299,47510,30,2620,635,"East TN",2455501,113.418809440517,0.06853727998506,261.6981218904,16.0048804704213,162.777372112656,6.853727998506
2020-09-28,52326,234,50363,195,1963,39,58813,225,680948,1687,739761,1912,4,589,-315,3682,545,48055,14,2634,642,"East TN",2455501,116.310276395733,0.0698451753673313,77.8659833573678,9.52962348620506,149.949032804303,6.98451753673313
2020-09-29,52709,383,50703,340,2006,43,59210,397,686759,5811,745969,6208,9,598,-43,3639,417,48472,30,2664,644,"East TN",2455501,113.174460120358,0.0683720603062205,252.820096591286,15.5976316034895,148.197862676497,6.83720603062205
2020-09-30,53191,482,51153,450,2038,32,59686,476,690197,3438,749883,3914,6,604,79,3718,397,48869,21,2685,648,"East TN",2455501,120.830738818677,0.0703810989408889,159.397206517122,19.6293953861147,151.415128725258,7.03810989408889
2020-10-01,53579,388,51502,349,2077,39,60065,379,693477,3280,753542,3659,11,615,0,3718,377,49246,30,2715,653,"East TN",2455501,117.776372316688,0.0743229887329512,149.01236041036,15.8012560369554,151.415128725258,7.43229887329512
2020-10-02,54044,465,51939,437,2105,28,60528,463,697098,3621,757626,4084,2,617,24,3742,439,49685,17,2732,657,"East TN",2455501,118.224346070313,0.0798192368371795,166.320437254963,18.9370723123306,152.392526005895,7.98192368371795
2020-10-03,54449,405,52327,388,2122,17,61011,483,704558,7460,765569,7943,12,629,83,3825,310,49995,21,2753,663,"East TN",2455501,111.993438406256,0.0828794002225737,323.477775003961,16.4935791107395,155.772691601429,8.28794002225737
2020-10-04,54904,455,52752,425,2152,30,61550,539,714681,10123,776231,10662,4,633,145,3970,306,50301,26,2779,676,"East TN",2455501,114.518381381233,0.0771715908498775,434.208741922728,18.5298234453987,161.67780017194,7.71715908498775
2020-10-05,55576,672,53365,613,2211,59,62302,752,721929,7248,784231,8000,5,638,153,4123,514,50815,38,2817,685,"East TN",2455501,132.355881752848,0.0784573870024736,325.799093545472,27.3671238578196,167.908707835998,7.84573870024736
2020-10-06,56326,750,54031,666,2295,84,63042,740,728569,6640,791611,7380,8,646,302,4425,440,51255,42,2859,694,"East TN",2455501,147.301915169247,0.0839577582051619,300.549663795698,30.543665019888,180.207623617339,8.39577582051619
2020-10-07,57063,737,54690,659,2373,78,63750,708,735322,6753,799072,7461,3,649,293,4718,441,51696,36,2895,700,"East TN",2455501,157.686761276008,0.0826200979893879,303.848379617846,30.0142414928766,192.140015418442,8.26200979893879
2020-10-08,57781,718,55347,657,2434,61,64428,678,741783,6461,806211,7139,10,659,266,4984,442,52138,31,2926,706,"East TN",2455501,171.125973884759,0.0828381021094002,290.734966102641,29.2404686457061,202.972835278829,8.28381021094002
2020-10-09,58322,541,55846,499,2476,42,64988,560,747262,5479,812250,6039,4,663,123,5107,414,52552,20,2946,713,"East TN",2455501,174.221065273441,0.0816490919742238,245.937590740138,22.0321637010125,207.981996342091,8.16490919742238
2020-10-10,58940,618,56434,588,2506,30,65657,669,755688,8426,821345,9095,12,675,252,5359,354,52906,19,2965,727,"East TN",2455501,182.895466139089,0.0832974756167527,370.392844474508,25.1679799763877,218.244667788773,8.32974756167527
2020-10-11,59883,943,57346,912,2537,31,66686,1029,766116,10428,832802,11457,1,676,586,5945,356,53262,36,3001,734,"East TN",2455501,202.769210845363,0.0907885665800498,466.585026843809,38.4035681516725,242.109451390979,9.07885665800498
2020-10-12,60239,356,57632,286,2607,70,67003,317,769037,2921,836040,3238,6,682,-337,5608,687,53949,18,3019,745,"East TN",2455501,189.900146650317,0.090737130614372,131.86718311253,14.4980596627735,228.385164575376,9.0737130614372
2020-10-13,60744,505,58085,453,2659,52,67487,484,773422,4385,840909,4869,9,691,7,5615,489,54438,22,3041,752,"East TN",2455501,179.922549410487,0.0901659296523186,198.289473309113,20.5660677800579,228.670238782228,9.01659296523185
2020-10-14,61618,874,58897,812,2721,62,68335,848,779608,6186,847943,7034,1,692,328,5943,545,54983,40,3081,759,"East TN",2455501,185.501858887453,0.093818419921835,286.458852999856,35.5935509698428,242.028001617593,9.3818419921835
2020-10-15,62127,509,59337,440,2790,69,68800,465,783762,4154,852562,4619,14,706,-67,5876,562,55545,19,3100,768,"East TN",2455501,176.990357568578,0.0943237470604733,188.108251635817,20.7289673268307,239.299434209149,9.43237470604734
2020-10-16,62766,639,59933,596,2833,43,69384,584,787851,4089,857235,4673,2,708,-135,5741,772,56317,21,3121,780,"East TN",2455501,180.98139646451,0.0977214627097922,190.307395517249,26.0232025969446,233.801574505569,9.77214627097922
2020-10-17,63484,718,60614,681,2870,37,70243,859,796635,8784,866878,9643,6,714,236,5977,476,56793,36,3157,787,"East TN",2455501,185.053885133828,0.100718160455055,392.710082382373,29.2404686457061,243.412647765161,10.0718160455055
2020-10-18,64290,806,61374,760,2916,46,71115,872,804745,8110,875860,8982,3,717,349,6326,454,57247,34,3191,795,"East TN",2455501,179.474575656862,0.102861256909285,365.790932278179,32.8242586747063,257.625633221082,10.2861256909285
2020-10-19,65038,748,62059,685,2979,63,71874,759,809644,4899,881518,5658,3,720,-19,6307,764,58011,65,3256,806,"East TN",2455501,195.43873124059,0.10710673292581,230.421408910035,30.4622152465016,256.851860373912,10.710673292581
2020-10-20,65724,686,62668,609,3056,77,72565,691,813260,3616,885825,4307,15,735,35,6342,636,58647,27,3283,819,"East TN",2455501,202.809935732056,0.113055481342951,175.402086987543,27.9372722715242,258.277231408173,11.3055481342951
2020-10-21,66318,594,63221,553,3097,41,73182,617,817004,3744,890186,4361,5,740,-128,6214,717,59364,24,3307,833,"East TN",2455501,191.406967457965,0.114740903818384,177.601230868975,24.1905826957513,253.064445911445,11.4740903818384
2020-10-22,67448,1130,64257,1036,3191,94,74283,1101,825570,8566,899853,9667,10,750,440,6654,680,60044,42,3349,848,"East TN",2455501,216.697122094432,0.115941722526485,393.68747966301,46.0191219632979,270.983396056446,11.5941722526485
2020-10-23,68419,971,65161,904,3258,67,75253,970,832686,7116,907939,8086,19,769,289,6943,663,60707,36,3385,856,"East TN",2455501,230.217784476569,0.115750236667719,329.301433801086,39.5438649790817,282.752888310776,11.5750236667719
2020-10-24,69656,1237,66336,1175,3320,62,76580,1327,843213,10527,919793,11854,12,781,643,7586,582,61289,48,3433,873,"East TN",2455501,251.354000670332,0.119758102617405,482.752806861003,50.3766848394686,308.938990454494,11.9758102617405
2020-10-25,70586,930,67209,873,3377,57,77627,1047,851091,7878,928718,8925,9,790,438,8024,483,61772,40,3473,884,"East TN",2455501,256.403886620286,0.123198002194559,363.469613736667,37.8741446246611,326.776490826108,12.3198002194559
2020-10-26,71048,462,67615,406,3433,56,78061,434,853846,2755,931907,3189,6,796,-449,7575,905,62677,20,3493,898,"East TN",2455501,244.756569026036,0.12278473476354,129.871663664564,18.814897652251,308.491016700869,12.278473476354
2020-10-27,71890,842,68327,712,3563,130,78844,783,858231,4385,937075,5168,12,808,80,7655,750,63427,52,3545,922,"East TN",2455501,251.109651350173,0.122517073170732,210.466214430375,34.2903545956609,311.749007636323,12.2517073170732
2020-10-28,72887,997,69238,911,3649,86,79814,970,865449,7218,945263,8188,13,821,199,7854,785,64212,39,3584,936,"East TN",2455501,267.521780687526,0.120413239646313,333.455372243791,40.6027120331044,319.853260088267,12.0413239646313
2020-10-29,73795,908,70031,793,3764,115,80648,834,871952,6503,952600,7337,11,832,151,8005,746,64958,40,3624,948,"East TN",2455501,258.480855841639,0.120670369878856,298.798493667891,36.9781971174111,326.002717978938,12.0670369878856
2020-10-30,74695,900,70838,807,3857,93,81488,840,876810,4858,958298,5698,28,860,50,8055,822,65780,38,3662,964,"East TN",2455501,255.589388886423,0.123811036756091,232.050404377762,36.6523980238656,328.038962313597,12.3811036756091
2020-10-31,74709,14,70852,14,3857,0,81504,16,876831,21,958335,37,5,865,-603,7452,612,66392,0,3662,975,"East TN",2455501,205.782852460659,0.127756732914742,1.50682080764781,0.570148413704576,303.481855637607,12.7756732914742
2020-11-01,75216,507,71242,390,3974,117,81974,470,883399,6568,965373,7038,0,865,-139,7313,646,67038,26,3688,991,"East TN",2455501,188.556225389442,0.118592279361615,286.621752546629,20.6475175534443,297.821096387255,11.8592279361615
2020-11-02,76028,812,71986,744,4042,68,82751,777,887627,4228,970378,5005,11,876,-229,7084,1030,68068,37,3725,1005,"East TN",2455501,202.809935732056,0.121910010137506,203.828057899386,33.0686079948654,288.495097334515,12.1910010137506
2020-11-03,77068,1040,72946,960,4122,80,83827,1076,894491,6864,978318,7940,31,907,30,7114,979,69047,26,3751,1018,"East TN",2455501,210.873463297307,0.120820502873215,323.355600343881,42.3538821609114,289.716843935311,12.0820502873215
2020-11-04,77979,911,73758,812,4221,99,84674,847,899376,4885,984050,5732,6,913,-5,7109,910,69957,34,3785,1042,"East TN",2455501,207.371123041693,0.125299713821641,233.435050525331,37.1003717774906,289.513219501845,12.5299713821641
2020-11-05,78557,578,74242,484,4315,94,85175,501,902039,2663,987214,3164,17,930,-368,6741,929,70886,27,3812,1056,"East TN",2455501,193.931910432942,0.130785231409256,128.853541497234,23.5389845086603,274.526461198753,13.0785231409256
2020-11-06,79523,966,75090,848,4433,118,86102,927,908449,6410,994551,7337,10,940,42,6783,914,71800,36,3848,1080,"East TN",2455501,196.619752954692,0.127272225746835,298.798493667891,39.3402405456157,276.236906439867,12.7272225746835
2020-11-07,80850,1327,76331,1241,4519,86,87521,1419,919371,10922,1006892,12341,21,961,649,7432,657,72457,48,3896,1090,"East TN",2455501,250.091529182843,0.12391622217188,502.585826680584,54.0419246418552,302.667357903743,12.391622217188
2020-11-08,82407,1557,77770,1439,4637,118,89188,1667,932272,12901,1021460,14568,3,964,889,8321,665,73122,50,3946,1107,"East TN",2455501,292.852660210686,0.128621605719685,593.280149346304,63.4086485812875,338.871782173984,12.8621605719685
2020-11-09,83027,620,78310,540,4717,80,89769,581,935724,3452,1025493,4033,9,973,-467,7854,1078,74200,18,3964,1117,"East TN",2455501,285.033481965595,0.127333756690556,164.243468033611,25.2494297497741,319.853260088267,12.7333756690556
2020-11-10,83966,939,79160,850,4806,89,90692,923,940726,5002,1031418,5925,27,1000,6,7860,906,75106,42,4006,1135,"East TN",2455501,280.920268409583,0.129284369114878,241.294953657115,38.2406686048998,320.097609408426,12.9284369114878
2020-11-11,85270,1304,80260,1100,5010,204,91861,1169,947273,6547,1039134,7716,26,1026,383,8243,895,76001,51,4057,1149,"East TN",2455501,296.925148880005,0.130473458717595,314.233225724608,53.1052522479119,335.695241011916,13.0473458717595
2020-11-12,86107,837,80965,705,5142,132,92625,764,951489,4216,1044114,4980,15,1041,8,8251,814,76815,34,4091,1167,"East TN",2455501,307.472894533539,0.130931458699473,202.809935732056,34.086730162195,336.021040105461,13.0931458699473
2020-11-13,87567,1460,82254,1289,5313,171,93925,1300,957351,5862,1051276,7162,27,1068,527,8778,906,77721,46,4137,1183,"East TN",2455501,327.590988559972,0.137910973997356,291.671638496584,59.4583345720486,357.483055392769,13.7910973997356
2020-11-14,89042,1475,83645,1391,5397,84,95459,1534,966248,8897,1061707,10431,7,1075,917,9695,551,78272,49,4186,1212,"East TN",2455501,333.618271790563,0.144814375627109,424.801293096602,60.0692078724464,394.827776490419,14.4814375627109
2020-11-15,90994,1952,85378,1733,5616,219,97419,1960,977422,11174,1074841,13134,7,1082,1338,11033,607,78879,54,4240,1229,"East TN",2455501,349.704602034371,0.154193439613346,534.880661828279,79.4949788250952,449.317674885899,15.4193439613346
2020-11-16,92519,1525,86777,1399,5742,126,98955,1536,985044,7622,1083999,9158,10,1092,172,11205,1343,80222,37,4277,1248,"East TN",2455501,386.560624491703,0.157009537483335,372.958512336179,62.1054522071056,456.322355397127,15.7009537483335
2020-11-17,93731,1212,87896,1119,5835,93,100176,1221,990188,5144,1090364,6365,31,1123,89,11294,1092,81314,43,4320,1275,"East TN",2455501,397.678518558942,0.160893020730838,259.213903802116,49.358562672139,459.94687031282,16.0893020730838
2020-11-18,94929,1198,88852,956,6077,242,101210,1034,995330,5142,1096540,6176,14,1137,56,11350,1128,82442,52,4372,1290,"East TN",2455501,393.361680569464,0.162857541023586,251.516900217104,48.7884142584344,462.227463967638,16.2857541023586
2020-11-19,96008,1079,89731,879,6277,200,102067,857,999991,4661,1102058,5518,45,1182,-243,11107,1277,83719,50,4422,1310,"East TN",2455501,403.217103149215,0.162950434902665,224.719924772989,43.9421527419455,452.331316501195,16.2950434902665
2020-11-20,97134,1126,90694,963,6440,163,103090,1023,1004892,4901,1107982,5924,28,1210,-127,10980,1225,84944,33,4455,1336,"East TN",2455501,389.614990993691,0.16162310866575,241.254228770422,45.8562224165252,447.15925589116,16.162310866575
2020-11-21,98352,1218,91758,1064,6594,154,104189,1099,1011299,6407,1115488,7506,3,1213,362,11342,853,85797,45,4500,1360,"East TN",2455501,379.148695113543,0.16232498466001,305.680999519039,49.6029119922981,461.901664874093,16.232498466001
2020-11-22,99938,1586,93187,1429,6751,157,105855,1666,1020901,9602,1126756,11268,17,1230,804,12146,765,86562,56,4556,1387,"East TN",2455501,364.243386583838,0.162496388327073,458.888023258797,64.5896702953898,494.644473775413,16.2496388327073
2020-11-23,100829,891,93945,758,6884,133,106557,702,1024018,3117,1130575,3819,18,1248,-1160,10986,2033,88595,35,4591,1414,"East TN",2455501,338.423808420359,0.163217107523188,155.52834228127,36.2858740436269,447.403605211319,16.3217107523188
2020-11-24,101740,911,94678,733,7062,178,107262,705,1027045,3027,1134307,3732,13,1261,-736,10250,1634,90229,53,4644,1442,"East TN",2455501,326.165617525711,0.161254352229024,151.985277138963,37.1003717774906,417.430088605136,16.1254352229024
2020-11-25,102648,908,95365,687,7283,221,107807,545,1029353,2308,1137160,2853,38,1299,-492,9758,1362,91591,54,4698,1467,"East TN",2455501,314.355400384687,0.162407680945347,116.188101735654,36.9781971174111,397.393444352089,16.2407680945347
2020-11-26,104114,1466,96752,1387,7362,79,109478,1671,1037720,8367,1147198,10038,18,1317,-441,9317,1889,93480,22,4720,1486,"East TN",2455501,330.115931534949,0.164178112538768,408.796412626181,59.7026838922077,379.433769320395,16.4178112538768
2020-11-27,105818,1704,98319,1567,7499,137,111228,1750,1045260,7540,1156488,9290,5,1322,161,9478,1538,95018,48,4768,1514,"East TN",2455501,353.65491604361,0.16777305900301,378.334197379679,69.3952069251855,385.990476077998,16.777305900301
2020-11-28,107443,1625,99701,1382,7742,243,112722,1494,1052793,7533,1165515,9027,2,1324,568,10046,1055,96073,43,4811,1542,"East TN",2455501,370.229944927736,0.170567893337598,367.623552179372,66.177940876424,409.122211719726,17.0567893337598
2020-11-29,109731,2288,101822,2121,7909,167,115048,2326,1063491,10698,1178539,13024,4,1328,1279,11325,1005,97078,50,4861,1567,"East TN",2455501,398.818815386351,0.177529304984261,530.400924292028,93.178540754005,461.209341800309,17.7529304984261
2020-11-30,111969,2238,103831,2009,8138,229,117269,2221,1072942,9451,1190211,11672,15,1343,-111,11214,2334,99412,53,4914,1598,"East TN",2455501,453.67523776207,0.179623046481991,475.340877482844,91.1422964193458,456.688879377365,17.9623046481991
2020-12-01,114232,2263,105839,2008,8393,255,119407,2138,1081780,8838,1201187,10976,20,1363,423,11637,1820,101232,62,4976,1626,"East TN",2455501,508.735284571255,0.181593899521531,446.996356344388,92.1604185866754,473.915506448582,18.1593899521531
2020-12-02,115289,1057,106752,913,8537,144,120283,876,1084690,2910,1204973,3786,15,1378,-691,10946,1733,102965,41,5017,1659,"East TN",2455501,514.803292688539,0.183976523675401,154.184421020395,43.0462052346955,445.774609743592,18.3976523675401
2020-12-03,117098,1809,108322,1570,8776,239,122005,1722,1090680,5990,1212685,7712,33,1411,318,11264,1458,104423,45,5062,1680,"East TN",2455501,528.771928824301,0.191289874326202,314.070326177835,73.6713200279699,458.725123712025,19.1289874326202
2020-12-04,118825,1727,109709,1387,9116,340,123462,1457,1096202,5522,1219664,6979,37,1448,-300,10964,1990,106413,35,5097,1715,"East TN",2455501,529.708601218244,0.193649487147018,284.218984231731,70.3318793191288,446.507657704069,19.3649487147018
2020-12-05,119958,1133,110618,909,9340,224,124391,929,1099264,3062,1223655,3991,5,1453,123,11087,1005,107418,23,5120,1741,"East TN",2455501,509.671956965198,0.200705194358445,162.533022792497,46.1412966233775,451.516818767331,20.0705194358445
2020-12-06,121426,1468,111880,1262,9546,206,125632,1241,1103755,4491,1229387,5732,20,1473,483,11570,965,108383,37,5157,1777,"East TN",2455501,476.277549876787,0.208149779735683,233.435050525331,59.7841336655941,471.186939040139,20.8149779735683
2020-12-07,124149,2723,114285,2405,9864,318,128203,2571,1113303,9548,1241506,12119,31,1504,-212,11358,2904,111287,50,5207,1799,"East TN",2455501,496.029119922981,0.21315917730773,493.544901834697,110.89386646554,462.553263061184,21.315917730773
2020-12-08,126914,2765,116648,2363,10266,402,130734,2531,1121664,8361,1252398,10892,45,1549,720,12078,2000,113287,70,5277,1823,"East TN",2455501,516.473013042959,0.221182948975806,443.57546586216,112.604311706654,491.875181480276,22.1182948975806
2020-12-09,129560,2646,119033,2385,10527,261,133312,2578,1128762,7098,1262074,9676,21,1570,575,12653,2050,115337,56,5333,1846,"East TN",2455501,581.184857998429,0.228174637922278,394.054003643248,107.758050190165,515.291991328857,22.8174637922278
2020-12-10,132634,3074,121714,2681,10920,393,136260,2948,1140233,11471,1276493,14419,30,1600,2514,15167,530,115867,70,5403,1883,"East TN",2455501,632.701839665307,0.223404588766299,587.21214122902,125.188301694848,617.674356475522,22.3404588766299
2020-12-11,134620,1986,123464,1750,11156,236,138052,1792,1147408,7175,1285460,8967,35,1635,442,15609,1509,117376,50,5453,1908,"East TN",2455501,643.249585318841,0.221746002796523,365.180058977781,80.8796249726634,635.674756393909,22.1746002796523
2020-12-12,137881,3261,126191,2727,11690,534,141026,2974,1158642,11234,1299668,14208,21,1656,1887,17496,1353,118729,73,5526,1933,"East TN",2455501,729.912144201937,0.218844145080447,578.619190136758,132.803855506473,712.522617583947,21.8844145080447
2020-12-13,142173,4292,130052,3861,12121,431,145392,4366,1175927,17285,1321319,21651,15,1671,2961,20457,1316,120045,62,5588,1967,"East TN",2455501,844.919224223488,0.214941478484097,881.734521794127,174.791213687146,833.109007082465,21.4941478484097
2020-12-14,145032,2859,132509,2457,12523,402,148065,2673,1185206,9279,1333271,11952,37,1708,-1096,19361,3918,123963,65,5653,2001,"East TN",2455501,850.457808813761,0.216444178063532,486.743845756935,116.432451055813,788.474531266735,21.6444178063532
2020-12-15,149160,4128,136051,3542,13109,586,151929,3864,1200227,15021,1352156,18885,34,1742,1612,20973,2482,126445,89,5742,2032,"East TN",2455501,905.965829376571,0.212464163275126,769.08948520078,168.112332269464,854.123048616148,21.2464163275126
2020-12-16,152378,3218,138307,2256,14071,962,154315,2386,1208122,7895,1362437,10281,19,1761,659,21632,2540,128985,57,5799,2074,"East TN",2455501,929.260464565072,0.209270348634457,418.692560092625,131.052685378666,880.960748946956,20.9270348634457
2020-12-17,156446,4068,141679,3372,14767,696,157924,3609,1218822,10700,1376746,14309,58,1819,1449,23081,2561,131546,72,5871,2113,"East TN",2455501,969.741001938097,0.216093283991501,582.73240369277,165.668839067872,939.97110976538,21.6093283991501
2020-12-18,159653,3207,144415,2736,15238,471,160803,2879,1227512,8690,1388315,11569,43,1862,849,23930,2315,133861,57,5928,2143,"East TN",2455501,1019.46608859048,0.22119488600457,471.146214153446,130.604711625041,974.546538567893,22.119488600457
2020-12-19,162293,2640,146657,2242,15636,398,163271,2468,1235877,8365,1399148,10833,27,1889,1270,25200,1343,135204,39,5967,2180,"East TN",2455501,994.175933954008,0.223612786489747,441.172697547262,107.513700870006,1026.26714466824,22.3612786489747
2020-12-20,165924,3631,149623,2966,16301,665,166589,3318,1249822,13945,1416411,17263,16,1905,2284,27484,1331,136535,53,6020,2214,"East TN",2455501,967.256783849813,0.22291044462205,703.033718984435,147.872063582951,1119.28278587547,22.291044462205
2020-12-21,168238,2314,151365,1742,16873,572,168492,1903,1256738,6916,1425230,8819,14,1919,-1322,26162,3622,140157,35,6055,2249,"East TN",2455501,945.061720602028,0.222131602127035,359.15277574719,94.2373878080278,1065.44448566708,22.2131602127035
2020-12-22,170893,2655,153067,1702,17826,953,170293,1801,1261792,5054,1432085,6855,62,1981,-289,25873,2882,143039,57,6112,2294,"East TN",2455501,885.073962502968,0.2297539065921,279.169098281776,108.124574170404,1053.67499341275,22.97539065921
2020-12-23,173111,2218,154513,1446,18598,772,171835,1542,1267570,5778,1439405,7320,41,2022,-553,25320,2730,145769,34,6146,2335,"East TN",2455501,844.349075809784,0.227627065793577,298.106170594107,90.3277986854821,1031.15413107142,22.7627065793577
2020-12-24,175202,2091,155970,1457,19232,634,173433,1598,1273861,6291,1447294,7889,15,2037,-582,24738,2658,148427,30,6176,2375,"East TN",2455501,763.835974817359,0.219836139933095,321.278631122529,85.1557380754477,1007.45224701599,21.9836139933095
2020-12-25,177569,2367,157950,1980,19619,387,175599,2166,1282409,8548,1458008,10714,3,2040,-308,24430,2672,151099,26,6202,2411,"East TN",2455501,729.627069995085,0.212302526796091,436.326436030773,96.3958068027665,994.908981914485,21.2302526796091
2020-12-26,179509,1940,159418,1468,20091,472,177212,1613,1288063,5654,1465275,7267,2,2042,417,24847,1521,152620,42,6244,2449,"East TN",2455501,701.119649309856,0.210821600858953,295.947751599368,79.006280184777,1011.89125966554,21.0821600858953
2020-12-27,180805,1296,160328,910,20477,386,178202,990,1290856,2793,1469058,3783,27,2069,-189,24658,1458,154078,41,6285,2480,"East TN",2455501,606.027038881271,0.220582369365776,154.062246360315,52.7794531543665,1004.19425608053,22.0582369365776
2020-12-28,182201,1396,161306,978,20895,418,179221,1019,1292676,1820,1471897,2839,25,2094,-2420,22238,3791,157869,41,6326,2516,"East TN",2455501,568.641592896928,0.229905500674995,115.617953321949,56.8519418236849,905.640030283026,22.9905500674995
2020-12-29,185107,2906,163033,1727,22074,1179,181001,1780,1296765,4089,1477766,5869,50,2144,-119,22119,2975,160844,64,6390,2558,"East TN",2455501,578.863539456917,0.234408178454937,239.014360002297,118.346520730393,900.793768766537,23.4408178454938
2020-12-30,187435,2328,164649,1616,22786,712,182682,1681,1301245,4480,1483927,6161,40,2184,-539,21580,2827,163671,44,6434,2596,"East TN",2455501,583.343276993168,0.243632361529132,250.906026916707,94.8075362217323,878.843054838911,24.3632361529132
2020-12-31,190879,3444,167328,2679,23551,765,185577,2895,1308366,7121,1493943,10016,52,2236,599,22179,2793,166464,29,6463,2639,"East TN",2455501,638.444048689046,0.260327123839739,407.900465118931,140.256509771326,903.237261968128,26.0327123839739
2021-01-01,193119,2240,169044,1716,24075,524,187433,1856,1314568,6202,1502001,8058,24,2260,-444,21735,2660,169124,29,6492,2677,"East TN",2455501,633.271988079011,0.268997340485986,328.161136973677,91.2237461927322,885.155412276354,26.8997340485986
2021-01-02,195842,2723,171153,2109,24689,614,189684,2251,1321129,6561,1510813,8812,4,2264,1160,22895,1559,170683,62,6554,2712,"East TN",2455501,665.159574359774,0.273881154200887,358.867701540337,110.89386646554,932.396280840448,27.3881154200887
2021-01-03,197156,1314,172057,904,25099,410,190621,937,1324500,3371,1515121,4308,15,2279,-186,22709,1485,172168,23,6577,2754,"East TN",2455501,665.892622320252,0.269609013742049,175.442811874237,53.5125011148438,924.821451915515,26.9609013742049
2021-01-04,198712,1556,173181,1124,25531,432,191801,1180,1326865,2365,1518666,3545,46,2325,-1567,21142,3077,175245,33,6610,2801,"East TN",2455501,672.408604191161,0.268981590369689,144.369723327337,63.3679236945943,861.005554467296,26.8981590369689
2021-01-05,201615,2903,174920,1739,26695,1164,193630,1829,1332138,5273,1525768,7102,43,2368,-429,20713,3289,178534,58,6668,2844,"East TN",2455501,672.286429531081,0.263093204449815,289.228145294993,118.224346070313,843.53457807592,26.3093204449815
2021-01-06,204161,2546,176714,1794,27447,752,195533,1903,1337722,5584,1533255,7487,52,2420,59,20772,2435,180969,61,6729,2887,"East TN",2455501,681.164454830195,0.260521407719753,304.907226671869,103.685561520846,845.937346390818,26.0521407719753
2021-01-07,206673,2512,178853,2139,27820,373,197855,2322,1344831,7109,1542686,9431,33,2453,974,21746,1505,182474,44,6773,2919,"East TN",2455501,643.208860432148,0.251892579447305,384.076406403418,102.300915373278,885.603386029979,25.1892579447305
2021-01-08,209023,2350,180713,1860,28310,490,199846,1991,1352177,7346,1552023,9337,50,2503,1668,23414,632,183106,47,6820,2973,"East TN",2455501,647.688597968398,0.248150813641998,380.248267054259,95.7034837289824,953.53249703421,24.8150813641998
2021-01-09,211599,2576,182716,2003,28883,573,202025,2179,1360368,8191,1562393,10370,27,2530,755,24169,1794,184900,32,6852,3001,"East TN",2455501,641.7020396245,0.239259402869329,422.317075008318,104.907308121642,984.279786487564,23.9259402869329
2021-01-10,213267,1668,183850,1134,29417,534,203277,1252,1366174,5806,1569451,7058,36,2566,-10,24159,1642,186542,41,6893,3040,"East TN",2455501,656.118649513887,0.232946806552549,287.436250280493,67.9291110042309,983.872537620632,23.2946806552549
2021-01-11,214692,1425,184864,1014,29828,411,204375,1098,1369447,3273,1573822,4371,28,2594,-2168,21991,3565,190107,40,6933,3079,"East TN",2455501,650.78368935708,0.227971571542534,178.008479735907,58.0329635377872,895.580983269809,22.7971571542534
2021-01-12,216510,1818,186001,1137,30509,681,205570,1195,1373651,4204,1579221,5399,60,2654,-2144,19847,3902,194009,39,6972,3116,"East TN",2455501,606.597187294976,0.223373805024975,219.8736632565,74.0378440082085,808.266826199623,22.3373805024975
2021-01-13,218039,1529,187079,1078,30960,451,206706,1136,1378389,4738,1585095,5874,49,2703,-1340,18507,2820,196829,32,7004,3141,"East TN",2455501,565.179977528007,0.215528549382716,239.217984435763,62.2683517538783,753.695478030756,21.5528549382716
2021-01-14,220290,2251,188860,1781,31430,470,208672,1966,1386914,8525,1595586,10491,38,2741,-203,18304,2416,199245,49,7053,3182,"East TN",2455501,554.550782101086,0.204480151228733,427.244786298193,91.6717199463572,745.42832603204,20.4480151228733
2021-01-15,221255,965,189531,671,31724,294,209366,694,1389972,3058,1599338,3752,23,2764,-373,17931,1315,200560,29,7082,3222,"East TN",2455501,498.146814031027,0.201204691958153,152.799774872826,39.2995156589226,730.237943295482,20.1204691958153
2021-01-16,223689,2434,191282,1751,32407,683,211369,2003,1400863,10891,1612232,12894,13,2777,363,18294,2058,202618,54,7136,3263,"East TN",2455501,492.363880120595,0.187483697505969,525.106689021914,99.1243742112099,745.021077165108,18.7483697505969
2021-01-17,224545,856,191888,606,32657,250,212041,672,1404482,3619,1616523,4291,13,2790,-830,17464,1673,204291,24,7160,3295,"East TN",2455501,459.295272125729,0.186182868796737,174.750488800453,34.8605030093655,711.219421209765,18.6182868796737
2021-01-18,225107,562,192207,319,32900,243,212395,354,1406566,2084,1618961,2438,13,2803,-2451,15013,3000,207291,21,7181,3326,"East TN",2455501,424.149694909511,0.177673408803917,99.2872737579826,22.8873863215694,611.402723924771,17.7673408803917
2021-01-19,226785,1678,193178,971,33607,707,213460,1065,1410774,4208,1624234,5273,21,2824,-1175,13838,2832,210123,51,7232,3364,"East TN",2455501,418.448210772466,0.175282696110013,214.742327533159,68.3363598711627,563.55098206028,17.5282696110013
2021-01-20,227769,984,193836,658,33933,326,214157,697,1414770,3996,1628927,4693,32,2856,-1011,12827,1963,212086,29,7261,3403,"East TN",2455501,396.25314752468,0.169989961671838,191.121893251113,40.073288506093,522.378121613471,16.9989961671838
2021-01-21,229335,1566,194978,1142,34357,424,215438,1281,1421704,6934,1637142,8215,65,2921,-761,12066,2262,214348,37,7298,3448,"East TN",2455501,368.356600139849,0.162816440465877,334.554944184507,63.7751725615261,491.386482839958,16.2816440465877
2021-01-22,230322,987,195685,707,34637,280,216255,817,1427149,5445,1643404,6262,32,2953,-729,11337,1684,216032,28,7326,3479,"East TN",2455501,369.252547647099,0.156333681296237,255.019240472718,40.1954631661726,461.698040440627,15.6333681296237
2021-01-23,231755,1433,196655,970,35100,463,217356,1101,1435431,8282,1652787,9383,19,2972,208,11545,1206,217238,40,7366,3502,"East TN",2455501,328.486936067222,0.147626679817532,382.121611842145,58.3587626313327,470.168816872809,14.7626679817532
2021-01-24,232380,625,197146,491,35234,134,217899,543,1438807,3376,1656706,3919,19,2991,-599,10946,1205,218443,19,7385,3528,"East TN",2455501,319.079487241097,0.145783042580196,159.600830950588,25.45305418324,445.774609743592,14.5783042580196
2021-01-25,233121,741,197658,512,35463,229,218448,549,1440564,1757,1659012,2306,44,3035,-1146,9800,1843,220286,20,7405,3558,"East TN",2455501,326.369241959177,0.151132306309455,93.9115887144823,30.1771410396493,399.103889593203,15.1132306309455
2021-01-26,234153,1032,198386,728,35767,304,219232,784,1445030,4466,1664262,5250,63,3098,-916,8884,1885,222171,25,7430,3580,"East TN",2455501,300.06096515538,0.14419906065754,213.805655139216,42.0280830673659,361.799893382247,14.419906065754
2021-01-27,235106,953,199090,704,36016,249,219987,755,1449553,4523,1669540,5278,55,3153,-386,8498,1284,223455,27,7457,3602,"East TN",2455501,298.798493667891,0.143550094797232,214.945951966625,38.8108170186043,346.080087118678,14.3550094797232
2021-01-28,236432,1326,199804,714,36628,612,220783,796,1453985,4432,1674768,5228,46,3199,-178,8320,1458,224913,28,7485,3629,"East TN",2455501,289.024520861527,0.142056025089034,212.909707631966,54.001199755162,338.831057287291,14.2056025089034
2021-01-29,237024,592,200155,351,36869,241,221180,397,1456652,2667,1677832,3064,17,3216,-685,7635,1260,226173,16,7501,3648,"East TN",2455501,272.938190617719,0.143052166840943,124.781052827916,24.1091329223649,310.93450990246,14.3052166840943
2021-01-30,238178,1154,201121,966,37057,188,222277,1097,1465703,9051,1687980,10148,44,3260,237,7872,873,227046,27,7528,3667,"East TN",2455501,261.575947230321,0.139828943255761,413.276150162431,46.9965192439343,320.586308048744,13.9828943255761
2021-01-31,238859,681,201563,442,37296,239,222768,491,1469630,3927,1692398,4418,29,3289,-85,7787,737,227783,30,7558,3688,"East TN",2455501,263.856540885139,0.136417124285554,179.922549410487,27.7336478380583,317.124692679824,13.6417124285554
2021-02-01,239551,692,201970,407,37581,285,223209,441,1471326,1696,1694535,2137,39,3328,-546,7241,1199,228982,11,7569,3714,"East TN",2455501,261.861021437173,0.134025842411958,87.0290828633342,28.1816215916833,294.888904545345,13.4025842411958
2021-02-02,240087,536,202319,349,37768,187,223572,363,1472385,1059,1695957,1422,57,3385,-838,6403,1317,230299,11,7580,3729,"East TN",2455501,241.661477637354,0.13693011516012,57.9107888777077,21.8285392675466,260.761449496457,13.693011516012
2021-02-03,241198,1111,203078,759,38120,352,224400,828,1478389,6004,1702789,6832,46,3431,37,6440,1028,231327,39,7619,3741,"East TN",2455501,248.096009734877,0.132725796264549,278.232425887833,45.2453491161274,262.268270304105,13.2725796264549
2021-02-04,242292,1094,203857,779,38435,315,225266,866,1486104,7715,1711370,8581,58,3489,1,6441,1035,232362,35,7654,3760,"East TN",2455501,238.647836022058,0.122479645920988,349.460252714212,44.5530260423433,262.308995190798,12.2479645920988
2021-02-05,243109,817,204416,559,38693,258,225872,606,1489910,3806,1715782,4412,67,3556,-151,6290,901,233263,28,7682,3773,"East TN",2455501,247.810935528025,0.123636363636364,179.678200090328,33.2722324283313,256.159537300127,12.3636363636364
2021-02-06,244342,1233,205238,822,39104,411,226833,961,1498565,8655,1725398,9616,27,3583,501,6791,705,233968,22,7704,3803,"East TN",2455501,251.028201576786,0.121759580950345,391.610510441657,50.2137852926959,276.562705533413,12.1759580950345
2021-02-07,244859,517,205591,353,39268,164,227239,406,1501649,3084,1728888,3490,2,3585,-118,6673,633,234601,9,7713,3817,"East TN",2455501,244.349320159104,0.122526719649219,142.129854559212,21.0547664203761,271.757168903617,12.2526719649219
2021-02-08,245370,511,205890,299,39480,212,227559,320,1503012,1363,1730571,1683,32,3617,-628,6045,1107,235708,9,7722,3832,"East TN",2455501,236.978115667638,0.120712620712621,68.5399843046287,20.810417100217,246.181940060297,12.0712620712621
2021-02-09,246398,1028,206522,632,39876,396,228227,668,1507246,4234,1735473,4902,16,3633,-54,5991,1066,236774,37,7759,3843,"East TN",2455501,257.014759920684,0.117800384654317,199.633394569988,41.8651835205931,243.982796178865,11.7800384654317
2021-02-10,247245,847,207105,583,40140,264,228864,637,1513233,5987,1742097,6624,39,3672,-30,5961,838,237612,28,7787,3856,"East TN",2455501,246.263389833684,0.113564668769716,269.761649455651,34.4939790291268,242.76104957807,11.3564668769716
2021-02-11,248113,868,207688,583,40425,285,229515,651,1518807,5574,1748322,6225,37,3709,-99,5862,930,238542,31,7818,3874,"East TN",2455501,237.059565441024,0.114987010175363,253.51241966507,35.3492016496837,238.729285795445,11.4987010175363
2021-02-12,248945,832,208281,593,40664,239,230164,649,1524320,5513,1754484,6162,34,3743,58,5920,740,239282,11,7829,3883,"East TN",2455501,237.670438741422,0.110898661567878,250.9467518034,33.8831057287291,241.091329223649,11.0898661567878
2021-02-13,249539,594,208654,373,40885,221,230598,434,1528748,4428,1759346,4862,12,3755,-23,5897,605,239887,17,7846,3895,"East TN",2455501,211.647236144477,0.11090491339696,198.004399102261,24.1905826957513,240.154656829706,11.090491339696
2021-02-14,250080,541,209069,415,41011,126,231051,453,1531716,2968,1762767,3421,15,3770,-49,5848,575,240462,14,7860,3908,"East TN",2455501,212.624633425114,0.112518079046017,139.319837377382,22.0321637010125,238.15913738174,11.2518079046017
2021-02-15,250456,376,209278,209,41178,167,231279,228,1533040,1324,1764319,1552,5,3775,-576,5272,947,241409,9,7869,3918,"East TN",2455501,207.126773721534,0.110228754296551,63.2050241478216,15.3125573966372,214.701602646466,11.0228754296551
2021-02-16,251222,766,209706,428,41516,338,231751,472,1536449,3409,1768200,3881,8,3783,-41,5231,799,242208,21,7890,3928,"East TN",2455501,196.45685340792,0.10767867510007,158.053285256247,31.1952632069789,213.031882292045,10.767867510007
2021-02-17,251843,621,210125,419,41718,202,232202,451,1539703,3254,1771905,3705,11,3794,-93,5138,703,242911,11,7901,3944,"East TN",2455501,187.25302901526,0.111983360171766,150.885705198247,25.2901546364673,209.244467829579,11.1983360171766
2021-02-18,252637,794,210677,552,41960,242,232808,606,1545423,5720,1778231,6326,42,3836,23,5161,729,243640,20,7921,3960,"East TN",2455501,184.239387399964,0.110100638603765,257.625633221082,32.3355600343881,210.181140223523,11.0100638603765
2021-02-19,253116,479,210981,304,42135,175,233153,345,1548131,2708,1781284,3053,5,3841,-221,4940,695,244335,11,7932,3969,"East TN",2455501,169.86350239727,0.111529850746269,124.333079074291,19.5072207260351,201.180940264329,11.1529850746269
2021-02-20,253738,622,211428,447,42310,175,233658,505,1553358,5227,1787016,5732,18,3859,74,5014,530,244865,18,7950,3979,"East TN",2455501,171.00379922468,0.110589085652331,233.435050525331,25.3308795231604,204.194581879625,11.0589085652331
2021-02-21,254086,348,211655,227,42431,121,233921,263,1555492,2134,1789413,2397,7,3866,-83,4931,424,245289,11,7961,3995,"East TN",2455501,163.143896092895,0.107708474067402,97.617553403562,14.172260569228,200.81441628409,10.7708474067402
2021-02-22,254444,358,211851,196,42593,162,234149,228,1556875,1383,1791024,1611,7,3873,-481,4450,832,246121,22,7983,4010,"East TN",2455501,162.410848132418,0.107470511140236,65.6077924627194,14.5795094361599,181.225745784669,10.7470511140236
2021-02-23,255087,643,212200,349,42887,294,234517,368,1559821,2946,1794338,3314,26,3899,-144,4306,761,246882,27,8010,4015,"East TN",2455501,157.401687069156,0.105822939781162,134.962274501212,26.1861021437173,175.36136210085,10.5822939781162
2021-02-24,255828,741,212749,549,43079,192,235127,610,1566023,6202,1801150,6812,19,3918,55,4361,667,247549,20,8030,4021,"East TN",2455501,162.288673472338,0.100017096939648,277.417928153969,30.1771410396493,177.601230868975,10.0017096939648
2021-02-25,256463,635,213194,445,43269,190,235622,495,1570791,4768,1806413,5263,21,3939,-96,4265,710,248259,16,8046,4030,"East TN",2455501,155.813416488122,0.0998509687034277,214.335078666227,25.8603030501718,173.69164174643,9.98509687034277
2021-02-26,256925,462,213518,324,43407,138,235990,368,1573913,3122,1809903,3490,14,3953,-184,4081,632,248891,11,8057,4034,"East TN",2455501,155.121093414338,0.0991299486355219,142.129854559212,18.814897652251,166.198262594884,9.91299486355219
2021-02-27,257364,439,213743,225,43621,214,236264,274,1578009,4096,1814273,4370,7,3960,12,4093,420,249311,15,8072,4040,"East TN",2455501,147.668439149485,0.0956084675496203,177.967754849214,17.8782252583078,166.686961235202,9.56084675496203
2021-02-28,257730,366,214017,274,43713,92,236577,313,1580569,2560,1817146,2873,5,3965,-54,4039,415,249726,10,8082,4046,"East TN",2455501,148.401487109962,0.0957703818555511,117.002599469518,14.9053085297053,164.48781735377,9.57703818555511
2021-03-01,257973,243,214165,148,43808,95,236733,156,1581348,779,1818081,935,4,3969,-413,3626,652,250378,11,8093,4050,"East TN",2455501,143.718125140246,0.0955020881842037,38.077769058127,9.89614746644371,147.668439149485,9.55020881842037
2021-03-02,258593,620,214555,390,44038,230,237180,447,1584805,3457,1821985,3904,7,3976,3,3629,610,250988,23,8116,4055,"East TN",2455501,142.781452746303,0.0963214815350671,158.98995765019,25.2494297497741,147.790613809565,9.63214815350671
2021-03-03,259075,482,214858,303,44217,179,237535,355,1588978,4173,1826513,4528,7,3983,-147,3482,622,251610,16,8132,4058,"East TN",2455501,132.233707092768,0.0949414501439104,184.402286946737,19.6293953861147,141.804055465667,9.49414501439104
2021-03-04,259681,606,215272,414,44409,192,238007,472,1593800,4822,1831807,5294,18,4001,46,3528,542,252152,16,8148,4063,"East TN",2455501,131.052685378666,0.0939198235803733,215.597550153716,24.6792813360695,143.677400253553,9.39198235803733
2021-03-05,260151,470,215583,311,44568,159,238361,354,1597483,3683,1835844,4037,15,4016,-64,3464,519,252671,15,8163,4067,"East TN",2455501,131.378484472212,0.0913997147372885,164.406367580384,19.1406967457965,141.071007505189,9.13997147372885
2021-03-06,260614,463,215906,323,44708,140,238733,372,1601759,4276,1840492,4648,1,4017,49,3513,413,253084,8,8171,4072,"East TN",2455501,132.355881752848,0.0941683511956978,189.289273349919,18.8556225389442,143.066526953155,9.41683511956978
2021-03-07,260869,255,216070,164,44799,91,238917,184,1603489,1730,1842406,1914,1,4018,-111,3402,365,253449,4,8175,4076,"East TN",2455501,127.835419329905,0.0926365795724466,77.9474331307542,10.3848461067619,138.546064530212,9.26365795724466
2021-03-08,261325,456,216362,292,44963,164,239229,312,1605071,1582,1844300,1894,3,4021,-127,3275,580,254029,9,8184,4084,"East TN",2455501,136.509820195553,0.0951981387543385,77.1329353968905,18.5705483320919,133.374003920178,9.51981387543385
2021-03-09,261864,539,216644,282,45220,257,239548,319,1607647,2576,1847195,2895,6,4027,25,3300,508,254537,17,8201,4095,"East TN",2455501,133.211104373405,0.0939309797699326,117.898546976768,21.9507139276262,134.392126087507,9.39309797699326
2021-03-10,262513,649,217107,463,45406,186,240055,507,1613119,5472,1853174,5979,7,4034,173,3473,469,255006,24,8225,4103,"East TN",2455501,140.012160451167,0.0945200855181726,243.494097538547,26.4304514638764,141.437531485428,9.45200855181726
2021-03-11,263047,534,217447,340,45600,194,240420,365,1616458,3339,1856878,3704,5,4039,88,3561,441,255447,8,8233,4110,"East TN",2455501,137.079968609257,0.0962466594870568,150.844980311554,21.7470894941603,145.021321514428,9.62466594870568
2021-03-12,263510,463,217815,368,45695,95,240836,416,1619806,3348,1860642,3764,5,4044,5,3566,453,255900,10,8243,4118,"East TN",2455501,136.794894402405,0.0998064360029035,153.288473513145,18.8556225389442,145.224945947894,9.98064360029035
2021-03-13,263957,447,218031,216,45926,231,241116,280,1623446,3640,1864562,3920,2,4046,42,3608,403,256303,20,8263,4124,"East TN",2455501,136.143296215314,0.099002908184462,159.641555837281,18.2040243518532,146.935391189008,9.9002908184462
2021-03-14,264219,262,218207,176,46012,86,241327,211,1625288,1842,1866615,2053,0,4046,-50,3558,312,256615,10,8273,4129,"East TN",2455501,136.428370422166,0.0995497542236358,83.6081923811067,10.6699203136142,144.899146854349,9.95497542236358
2021-03-15,264575,356,218392,185,46183,171,241544,217,1626484,1196,1868028,1413,4,4050,-168,3390,520,257135,15,8288,4133,"East TN",2455501,132.355881752848,0.0975640593391773,57.544264897469,14.4980596627735,138.057365889894,9.75640593391774
2021-03-16,265274,699,218843,451,46431,248,242040,496,1629752,3268,1871792,3764,4,4054,195,3585,500,257635,35,8323,4134,"East TN",2455501,138.871863623757,0.101313168272554,153.288473513145,28.4666957985356,145.998718795065,10.1313168272554
2021-03-17,265699,425,219175,332,46524,93,242404,364,1633476,3724,1875880,4088,1,4055,-31,3554,455,258090,15,8338,4142,"East TN",2455501,129.749489004484,0.103452831850612,166.483336801736,17.3080768446032,144.736247307576,10.3452831850612
2021-03-18,266249,550,219524,349,46725,201,242789,385,1636767,3291,1879556,3676,6,4061,99,3653,445,258535,31,8369,4148,"East TN",2455501,130.401087191575,0.10446247464503,149.704683484144,22.3986876812512,148.768011090201,10.446247464503
2021-03-19,267041,792,220054,530,46987,262,243352,563,1641813,5046,1885165,5609,15,4076,335,3988,442,258977,25,8394,4152,"East TN",2455501,143.799574913633,0.102597561472903,228.425889462069,32.2541102610017,162.410848132418,10.2597561472903
2021-03-20,267314,273,220220,166,47094,107,243546,194,1643934,2121,1887480,2315,1,4077,-42,3946,314,259291,15,8409,4153,"East TN",2455501,136.713444629019,0.106030194606859,94.278112694721,11.1178940672392,160.700402891304,10.6030194606859
2021-03-21,267595,281,220416,196,47179,85,243771,225,1645734,1800,1889505,2025,-7,4070,-31,3915,319,259610,8,8417,4159,"East TN",2455501,137.487217476189,0.106771515945828,82.4678955536976,11.4436931607847,159.437931403815,10.6771515945828
2021-03-22,268120,525,220755,339,47365,186,244127,356,1647823,2089,1891950,2445,14,4084,-14,3901,525,260135,19,8436,4165,"East TN",2455501,144.369723327337,0.107975921745673,99.5723479648349,21.3805655139216,158.867782990111,10.7975921745673
2021-03-23,268557,437,221003,248,47554,189,244394,267,1650279,2456,1894673,2723,11,4095,-76,3825,502,260637,16,8452,4170,"East TN",2455501,133.699803013723,0.102880118875923,110.89386646554,17.7967754849214,155.772691601429,10.2880118875923
2021-03-24,269154,597,221460,457,47694,140,244887,493,1654978,4699,1899865,5192,4,4099,83,3908,510,261147,24,8476,4174,"East TN",2455501,140.704483524951,0.103523035230352,211.443611711011,24.3127573558308,159.152857196963,10.3523035230352
2021-03-25,269554,400,221767,307,47787,93,245220,333,1657946,2968,1903166,3301,8,4107,-65,3843,457,261604,23,8499,4176,"East TN",2455501,134.595750520973,0.10296484540449,134.4328509742,16.2899546772736,156.505739561906,10.296484540449
2021-03-26,269964,410,222089,322,47875,88,245566,346,1660579,2633,1906145,2979,7,4114,-64,3779,467,262071,12,8511,4181,"East TN",2455501,119.038843804177,0.105529075309819,121.319437458995,16.6972035442054,153.899346813542,10.5529075309819
2021-03-27,270167,203,222269,180,47898,23,245776,210,1663091,2512,1908867,2722,2,4116,-165,3614,366,262437,11,8522,4186,"East TN",2455501,116.188101735654,0.104268948426614,110.853141578847,8.26715199871635,147.179740509167,10.4268948426614
2021-03-28,270483,316,222488,219,47995,97,246021,245,1665163,2072,1911184,2317,5,4121,-67,3547,378,262815,17,8539,4192,"East TN",2455501,117.613472769915,0.103787075049587,94.3595624681073,12.8690641950461,144.451173100724,10.3787075049587
2021-03-29,270922,439,222725,237,48197,202,246276,255,1667019,1856,1913295,2111,18,4139,-97,3450,518,263333,17,8556,4195,"East TN",2455501,114.111132514302,0.100679315999063,85.9702358093114,17.8782252583078,140.500859091485,10.0679315999063
2021-03-30,271297,375,222983,258,48314,117,246598,322,1669495,2476,1916093,2798,5,4144,-145,3305,515,263848,19,8575,4199,"East TN",2455501,111.586189539324,0.102894491129785,113.948232967529,15.271832509944,134.595750520973,10.2894491129785
2021-03-31,271958,661,223425,442,48533,219,247086,488,1674312,4817,1921398,5305,4,4148,167,3472,490,264338,17,8592,4202,"East TN",2455501,114.192582287688,0.102122323874983,216.045523907341,26.9191501041946,141.396806598735,10.2122323874983
2021-04-01,272406,448,223746,321,48660,127,247436,350,1677141,2829,1924577,3179,1,4149,-88,3384,535,264873,13,8605,4203,"East TN",2455501,116.147376848961,0.103498201858858,129.464414797632,18.2447492385464,137.813016569735,10.3498201858858
2021-04-02,272757,351,223981,235,48776,116,247688,252,1680163,3022,1927851,3274,0,4149,-82,3302,433,265306,9,8614,4207,"East TN",2455501,113.744608534063,0.0977609877453239,133.333279033484,14.2944352293076,134.473575860894,9.77609877453239
2021-04-03,273100,343,224232,251,48868,92,247963,275,1682514,2351,1930477,2626,0,4149,-54,3248,397,265703,12,8626,4213,"East TN",2455501,119.446092671109,0.101203146691347,106.943552456301,13.9686361357621,132.274431979462,10.1203146691347
2021-04-04,273271,171,224355,123,48916,48,248104,141,1684109,1595,1932213,1736,6,4155,-179,3069,344,266047,6,8632,4216,"East TN",2455501,113.540984100597,0.0990536877645157,70.6984032993674,6.96395562453446,124.984677261382,9.90536877645157
2021-04-05,273677,406,224590,235,49087,171,248327,223,1685328,1219,1933655,1442,6,4161,-95,2974,495,266542,37,8669,4219,"East TN",2455501,112.197062839722,0.10073673870334,58.7252866115713,16.5343039974327,121.115813025529,10.073673870334
2021-04-06,274108,431,224840,250,49268,181,248605,278,1687416,2088,1936021,2366,3,4164,-8,2966,436,266978,22,8691,4220,"East TN",2455501,114.47765649454,0.100712565234845,96.3550819160733,17.5524261647623,120.790013931984,10.0712565234845
2021-04-07,274740,632,225303,463,49437,169,249113,508,1692109,4693,1941222,5201,5,4169,207,3173,420,267398,21,8712,4220,"East TN",2455501,113.296634780438,0.102249798224374,211.81013569125,25.7381283900923,129.220065477473,10.2249798224374
2021-04-08,275145,405,225558,255,49587,150,249402,289,1695122,3013,1944524,3302,-1,4168,42,3215,364,267762,16,8728,4223,"East TN",2455501,111.545464652631,0.0985611871459367,134.473575860894,16.4935791107395,130.930510718587,9.85611871459367
2021-04-09,275663,518,225964,406,49699,112,249852,450,1698998,3876,1948850,4326,4,4172,107,3322,407,268169,27,8755,4224,"East TN",2455501,118.346520730393,0.103052526310777,176.175859834714,21.0954913070693,135.288073594757,10.3052526310777
2021-04-10,275967,304,226179,215,49788,89,250099,247,1701779,2781,1951878,3028,1,4173,-15,3307,318,268487,14,8769,4228,"East TN",2455501,116.758250149359,0.0998084201672819,123.314956906961,12.3803655547279,134.677200294359,9.98084201672819
2021-04-11,276204,237,226342,163,49862,74,250273,174,1703492,1713,1953765,1887,2,4175,-87,3220,322,268809,9,8778,4231,"East TN",2455501,119.446092671109,0.100640311804009,76.8478611900382,9.65179814628461,131.134135152052,10.0640311804009
2021-04-12,276668,464,226664,322,50004,142,250603,330,1705255,1763,1955858,2093,3,4178,12,3232,449,269258,15,8793,4238,"East TN",2455501,121.808136099313,0.10250866999955,85.2371878488341,18.8963474256374,131.622833792371,10.250866999955
2021-04-13,277046,378,226904,240,50142,138,250853,250,1707313,2058,1958166,2308,3,4181,-60,3172,435,269693,14,8807,4240,"East TN",2455501,119.649717104575,0.101512756829984,93.9930384878687,15.3940071700236,129.17934059078,10.1512756829984
2021-04-14,277726,680,227406,502,50320,178,251410,557,1712134,4821,1963544,5378,0,4181,269,3441,411,270104,25,8832,4241,"East TN",2455501,121.604511665847,0.102902965684078,219.018440635944,27.6929229513651,140.134335111246,10.2902965684078
2021-04-15,278265,539,227772,366,50493,173,251790,380,1715279,3145,1967069,3525,2,4183,114,3555,423,270527,24,8856,4245,"East TN",2455501,127.061646482734,0.105921490352628,143.555225593474,21.9507139276262,144.776972194269,10.5921490352628
2021-04-16,279243,978,228667,895,50576,83,252895,1105,1722764,7485,1975659,8590,3,4186,633,4188,342,270869,32,8888,4246,"East TN",2455501,145.795094361599,0.113506658211795,349.826776694451,39.8289391859339,170.555825471055,11.3506658211795
2021-04-17,279445,202,228814,147,50631,55,253068,173,1724995,2231,1978063,2404,0,4186,-92,4096,294,271163,10,8898,4247,"East TN",2455501,141.641155918894,0.113385526064541,97.9026276104143,8.22642711202317,166.809135895282,11.3385526064541
2021-04-18,279663,218,229001,187,50662,31,253271,203,1726798,1803,1980069,2006,6,4192,-122,3974,334,271497,7,8905,4252,"East TN",2455501,140.867383071723,0.113975060827251,81.6941227065271,8.87802529911411,161.840699718713,11.3975060827251
2021-04-19,279991,328,229196,195,50795,133,253481,210,1728247,1449,1981728,1659,8,4200,-213,3761,533,272030,14,8919,4254,"East TN",2455501,135.32879848145,0.11124855044453,67.5625870239923,13.3577628353644,153.166298853065,11.124855044453
2021-04-20,280344,353,229473,277,50871,76,253762,281,1730695,2448,1984457,2729,4,4204,-113,3648,462,272492,20,8939,4257,"East TN",2455501,134.310676314121,0.11064622874748,111.138215785699,14.375885002694,148.564386656735,11.064622874748
2021-04-21,280857,513,229803,330,51054,183,254101,339,1734477,3782,1988578,4121,4,4208,29,3677,480,272972,12,8951,4262,"East TN",2455501,127.509620236359,0.107493808420548,167.827258062611,20.8918668736034,149.745408370838,10.7493808420548
2021-04-22,281499,642,230201,398,51298,244,254552,451,1738729,4252,1993281,4703,3,4211,192,3869,447,273419,21,8972,4264,"East TN",2455501,131.704283565757,0.105371585533344,191.529142118044,26.1453772570241,157.564586615929,10.5371585533344
2021-04-23,281883,384,230479,278,51404,106,254860,308,1741932,3203,1996792,3511,0,4211,-10,3859,394,273813,10,8982,4265,"East TN",2455501,107.513700870006,0.092982539156769,142.985077179769,15.6383564901827,157.157337748997,9.2982539156769
2021-04-24,282143,260,230667,188,51476,72,255069,209,1744930,2998,1999999,3207,0,4211,-131,3728,391,274204,19,9001,4269,"East TN",2455501,109.87574429821,0.0912199124726477,130.604711625041,10.5884705402278,151.82237759219,9.12199124726477
2021-04-25,282343,200,230815,148,51528,52,255228,159,1746581,1651,2001809,1810,4,4215,-114,3614,310,274514,17,9018,4272,"East TN",2455501,109.142696337733,0.0900183992640294,73.712044914663,8.1449773386368,147.179740509167,9.00183992640294
2021-04-26,282729,386,231059,244,51670,142,255480,252,1748553,1972,2004033,2224,6,4221,-143,3471,523,275037,15,9033,4276,"East TN",2455501,111.504739765938,0.0896211611746245,90.5721480056412,15.719806263569,141.356081712042,8.96211611746245
2021-04-27,283119,390,231263,204,51856,186,255698,218,1750917,2364,2006615,2582,3,4224,-52,3419,439,275476,23,9056,4279,"East TN",2455501,113.011560573586,0.0873725065439119,105.151657441801,15.8827058103418,139.238387603996,8.73725065439119
2021-04-28,283607,488,231609,346,51998,142,256079,381,1755045,4128,2011124,4509,6,4230,9,3428,473,275949,22,9078,4284,"East TN",2455501,111.993438406256,0.0877317484254413,183.628514099567,19.8737447062738,139.604911584235,8.77317484254413
2021-04-29,283999,392,231888,279,52111,113,256383,304,1757977,2932,2014360,3236,1,4231,18,3446,373,276322,20,9098,4286,"East TN",2455501,101.81221673296,0.0868637032117273,131.785733339143,15.9641555837281,140.337959544712,8.68637032117273
2021-04-30,284368,369,232115,227,52253,142,256623,240,1761244,3267,2017867,3507,0,4231,-3,3443,372,276694,15,9113,4289,"East TN",2455501,101.201343432562,0.0836536180308422,142.822177632996,15.0274831897849,140.215784884633,8.36536180308422
2021-05-01,284603,235,232297,182,52306,53,256812,189,1763735,2491,2020547,2680,-1,4230,-31,3412,267,276961,15,9128,4289,"East TN",2455501,100.183221265233,0.0848257737979365,109.142696337733,9.57034837289824,138.953313397144,8.48257737979365
2021-05-02,284778,175,232425,128,52353,47,256945,133,1765211,1476,2022156,1609,1,4231,-76,3336,250,277211,11,9139,4293,"East TN",2455501,99.165099097903,0.0843859045559542,65.526342689333,7.1268551713072,135.858222008462,8.43859045559542
2021-05-03,284990,212,232539,114,52451,98,257071,126,1766695,1484,2023766,1610,5,4236,-224,3112,431,277642,16,9155,4295,"East TN",2455501,92.078968813289,0.0806263619317894,65.5670675760262,8.63367597895501,126.735847389189,8.06263619317894
2021-05-04,285311,321,232760,221,52551,100,257316,245,1769095,2400,2026411,2645,7,4243,-81,3031,395,278037,12,9167,4301,"East TN",2455501,89.2689516314593,0.0817336835724389,107.717325303472,13.0726886285121,123.437131567041,8.17336835724389
2021-05-05,285775,464,233053,293,52722,171,257627,311,1773245,4150,2030872,4461,5,4248,127,3158,332,278369,22,9189,4306,"East TN",2455501,88.2915543508229,0.0783876848288434,181.673719538294,18.8963474256374,128.609192177075,7.83876848288434
2021-05-06,286061,286,233250,197,52811,89,257858,231,1775683,2438,2033541,2669,4,4252,-101,3057,383,278752,10,9199,4311,"East TN",2455501,83.9747163613454,0.076899014649914,108.694722584108,11.6473175942506,124.495978621063,7.6899014649914
2021-05-07,286427,366,233499,249,52928,117,258127,269,1779132,3449,2037259,3718,0,4252,17,3074,349,279101,15,9214,4312,"East TN",2455501,83.8525417012658,0.0775577557755776,151.415128725258,14.9053085297053,125.188301694848,7.75577557755776
2021-05-08,286598,171,233602,103,52996,68,258241,114,1781027,1895,2039268,2009,0,4252,-96,2978,267,279368,7,9221,4314,"East TN",2455501,81.2461489529021,0.0763313925538166,81.8162973666066,6.96395562453446,121.278712572302,7.63313925538166
2021-05-09,286744,146,233717,115,53027,31,258373,132,1782738,1711,2041111,1843,4,4256,-161,2817,303,279671,11,9232,4316,"East TN",2455501,80.0651272387997,0.0753363228699552,75.0559661755381,5.94583345720486,114.722005814699,7.53363228699552
2021-05-10,286979,235,233853,136,53126,99,258518,145,1784254,1516,2042772,1661,7,4263,-200,2617,428,280099,19,9251,4317,"East TN",2455501,81.001799632743,0.0761338524676418,67.6440367973786,9.57034837289824,106.577028476063,7.61338524676418
2021-05-11,287293,314,234081,228,53212,86,258762,244,1786933,2679,2045695,2923,1,4264,-59,2558,372,280471,19,9270,4319,"East TN",2455501,80.7167254258907,0.0749844430616055,119.038843804177,12.7876144216598,104.174260161165,7.49844430616055
2021-05-12,287597,304,234298,217,53299,87,259013,251,1790999,4066,2050012,4317,3,4267,-53,2505,354,280825,15,9285,4321,"East TN",2455501,74.2007435549812,0.0724137931034483,175.809335854475,12.3803655547279,102.015841166426,7.24137931034483
2021-05-13,287807,210,234434,136,53373,74,259158,145,1793732,2733,2052890,2878,1,4268,-134,2371,343,281168,9,9294,4323,"East TN",2455501,71.1056521662993,0.0671869347253088,117.206223902984,8.55222620556864,96.5587063495393,6.71869347253088
2021-05-14,288108,301,234653,219,53455,82,259406,248,1796418,2686,2055824,2934,1,4269,33,2404,267,281435,19,9313,4326,"East TN",2455501,68.4585345312423,0.0688930783732831,119.486817557802,12.2581908946484,97.9026276104143,6.8893078373283
2021-05-15,288216,108,234734,81,53482,27,259508,102,1798406,1988,2057914,2090,0,4269,-155,2249,263,281698,5,9318,4329,"East TN",2455501,65.8928666695717,0.0679502306124638,85.1150131887546,4.39828776286387,91.5902701729708,6.79502306124638
2021-05-16,288316,100,234808,74,53508,26,259593,85,1799855,1449,2059448,1534,3,4272,-123,2126,220,281918,4,9322,4332,"East TN",2455501,64.0195218816853,0.0665321481158314,62.4719761873443,4.0724886693184,86.5811091097092,6.65321481158314
2021-05-17,288515,199,234912,104,53603,95,259703,110,1801424,1569,2061127,1679,6,4278,-117,2009,310,282228,10,9332,4336,"East TN",2455501,62.5534259607306,0.0645600653772814,68.3770847578559,8.10425245194362,81.8162973666066,6.45600653772814
2021-05-18,288728,213,235047,135,53681,78,259849,146,1803662,2238,2063511,2384,8,4286,-102,1907,307,282535,20,9352,4339,"East TN",2455501,58.440212404719,0.0610125729681185,97.0881298765507,8.67440086564819,77.6623589239019,6.10125729681185
2021-05-19,288945,217,235211,164,53734,53,260016,167,1806932,3270,2066948,3437,1,4287,-54,1853,270,282805,19,9371,4341,"East TN",2455501,54.897147262412,0.0592229570146434,139.971435564473,8.83730041242093,75.46321504247,5.92229570146434
2021-05-20,289123,178,235344,133,53779,45,260172,156,1821100,14168,2081272,14324,3,4290,-92,1761,267,283072,7,9378,4343,"East TN",2455501,53.5939508882301,0.0357268691424142,583.343276993168,7.24902983138675,71.716525466697,3.57268691424142
2021-05-21,289287,164,235452,108,53835,56,260293,121,1823379,2279,2083672,2400,0,4290,-59,1702,223,283295,9,9387,4345,"East TN",2455501,48.0146414112639,0.0318514794599253,97.7397280636416,6.67888141768218,69.3137571517992,3.18514794599253
2021-05-22,289358,71,235500,48,53858,23,260355,62,1824966,1587,2085321,1649,0,4290,-107,1595,178,283473,10,9397,4345,"East TN",2455501,46.5078206036161,0.0309045134454701,67.1553381570604,2.89146695521606,64.9561942756285,3.09045134454701
2021-05-23,289432,74,235551,51,53881,23,260416,61,1826031,1065,2086447,1126,3,4293,-129,1466,200,283673,5,9402,4347,"East TN",2455501,45.4489735495933,0.0304826104670543,45.8562224165252,3.01364161529562,59.7026838922077,3.04826104670543
2021-05-24,289592,160,235662,111,53930,49,260542,126,1827956,1925,2088498,2051,0,4293,-91,1375,251,283924,7,9409,4348,"East TN",2455501,43.8607029685592,0.0306528807862336,83.5267426077204,6.51598187090944,55.996719203128,3.06528807862336
2021-05-25,289736,144,235758,96,53978,48,260630,88,1829683,1727,2090313,1815,0,4293,-72,1303,216,284140,8,9417,4352,"East TN",2455501,41.0506857867295,0.0291396164465338,73.915669348129,5.8643836838185,53.0645273612188,2.91396164465338
2021-05-26,289920,184,235898,140,54022,44,260795,165,1832567,2884,2093362,3049,7,4300,-33,1270,210,284350,13,9430,4354,"East TN",2455501,39.7067645258544,0.0294919360944953,124.170179527518,7.49337915154586,51.7206061003437,2.94919360944953
2021-05-27,290044,124,235974,76,54070,48,260934,139,1835539,2972,2096473,3111,4,4304,-81,1189,201,284551,9,9439,4358,"East TN",2455501,37.5076206444225,0.0501282810341425,126.695122502495,5.04988594995482,48.4218902781958,5.01282810341425
2021-05-28,290161,117,236064,90,54097,27,261032,98,1837651,2112,2098683,2210,0,4304,-61,1128,178,284729,5,9444,4359,"East TN",2455501,35.5935509698428,0.0492305642528812,90.0019995919366,4.76481174310253,45.9376721899116,4.92305642528812
2021-05-29,290212,51,236096,32,54116,19,261069,37,1838728,1077,2099797,1114,0,4304,-89,1039,140,284869,7,9451,4361,"East TN",2455501,34.7790532359791,0.0493230174081238,45.367523776207,2.07696922135238,42.3131572742182,4.93230174081238
2021-05-30,290267,55,236136,40,54131,15,261115,46,1839814,1086,2100929,1132,0,4304,-66,973,121,284990,7,9458,4363,"East TN",2455501,34.0052803888086,0.0482668139759702,46.1005717366843,2.23986876812512,39.625314752468,4.82668139759702
2021-05-31,290347,80,236202,66,54145,14,261186,71,1841241,1427,2102427,1498,6,4310,-95,878,169,285159,4,9462,4364,"East TN",2455501,30.7472894533539,0.0462344748366717,61.0058802663896,3.25799093545472,35.7564505166156,4.62344748366717
2021-06-01,290477,130,236295,93,54182,37,261280,94,1842556,1315,2103836,1409,3,4313,-37,841,164,285323,11,9473,4364,"East TN",2455501,30.1771410396493,0.048066257487244,57.3813653506963,5.29423527011392,34.2496297089677,4.8066257487244
2021-06-02,290596,119,236366,71,54230,48,261353,73,1844536,1980,2105889,2053,1,4314,-20,821,138,285461,9,9482,4368,"East TN",2455501,27.5300234045924,0.0445437854234853,83.6081923811067,4.8462615164889,33.4351319751041,4.45437854234853
2021-06-03,290684,88,236423,57,54261,31,261472,119,1847702,3166,2109174,3285,1,4315,-43,778,130,285591,6,9488,4371,"East TN",2455501,26.0639274836378,0.0423588693803637,133.781252787109,3.58379002900019,31.6839618472971,4.23588693803637
2021-06-04,290775,91,236482,59,54293,32,261550,78,1849854,2152,2111404,2230,1,4316,-32,746,122,285713,7,9495,4371,"East TN",2455501,25.005080429615,0.0407200691769515,90.8164973258003,3.70596468907974,30.3807654731153,4.07200691769515
2021-06-05,290816,41,236508,26,54308,15,261580,30,1851237,1383,2112817,1413,-1,4315,-69,677,111,285824,2,9497,4373,"East TN",2455501,24.5978315626831,0.039247311827957,57.544264897469,1.66972035442054,27.5707482912856,3.9247311827957
2021-06-06,290842,26,236524,16,54318,10,261599,19,1852153,916,2113752,935,-1,4314,-57,620,84,285908,2,9499,4373,"East TN",2455501,23.4168098485808,0.0377446775325587,38.077769058127,1.05884705402278,25.2494297497741,3.77446775325587
2021-06-07,290915,73,236559,35,54356,38,261651,52,1853423,1270,2115074,1322,3,4317,-70,550,140,286048,10,9509,4374,"East TN",2455501,23.1317356417285,0.036767612872618,53.8383002083892,2.97291672860243,22.3986876812512,3.6767612872618
2021-06-08,291002,87,236626,67,54376,20,261721,70,1854902,1479,2116623,1549,3,4320,-29,521,113,286161,4,9513,4377,"East TN",2455501,21.3805655139216,0.0344881520294049,63.082849487742,3.54306514230701,21.2176659671489,3.44881520294049
2021-06-09,291050,48,236664,38,54386,10,261775,54,1857633,2731,2119408,2785,0,4320,-64,457,112,286273,3,9516,4378,"East TN",2455501,18.4890985587055,0.0312153265774096,113.418809440517,1.95479456127283,18.6112732187851,3.12153265774096
2021-06-10,291125,75,236721,57,54404,18,261841,66,1859418,1785,2121259,1851,4,4324,-22,435,93,286366,4,9520,4381,"East TN",2455501,17.9596750316941,0.0305337194869673,75.3817652690836,3.0543665019888,17.715325711535,3.05337194869673
2021-06-11,291195,70,236767,46,54428,24,261897,56,1860903,1485,2122800,1541,2,4326,-5,430,73,286439,4,9524,4382,"East TN",2455501,17.1044524111373,0.0304492804492804,62.7570503941965,2.85074206852288,17.5117012780691,3.04492804492804
2021-06-12,291224,29,236789,22,54435,7,261928,31,1862097,1194,2124025,1225,3,4329,-24,406,50,286489,1,9525,4385,"East TN",2455501,16.6157537708191,0.0310492505353319,49.8879861991504,1.18102171410234,16.5343039974327,3.10492505353319
2021-06-13,291242,18,236803,14,54439,4,261949,21,1862941,844,2124890,865,1,4330,-41,365,58,286547,1,9526,4385,"East TN",2455501,16.2899546772736,0.0314239540312444,35.2270269896042,0.733047960477312,14.8645836430122,3.14239540312444
2021-06-14,291295,53,236836,33,54459,20,261990,41,1864194,1253,2126184,1294,3,4333,-9,356,59,286606,3,9529,4385,"East TN",2455501,15.4754569434099,0.0305130513051305,52.6980033809801,2.15841899473875,14.4980596627735,3.05130513051305
2021-06-15,291383,88,236905,69,54478,19,262078,88,1866076,1882,2128154,1970,0,4333,-6,350,94,286700,4,9533,4386,"East TN",2455501,15.5161818301031,0.0309600208134594,80.2280267855725,3.58379002900019,14.2537103426144,3.09600208134594
2021-06-16,291450,67,236945,40,54505,27,262116,38,1867982,1906,2130098,1944,2,4335,-14,336,79,286779,7,9540,4388,"East TN",2455501,16.2899546772736,0.0318989710009355,79.1691797315497,2.72856740844333,13.6835619289098,3.18989710009355
2021-06-17,291501,51,236983,38,54518,13,262162,46,1870332,2350,2132494,2396,1,4336,-7,329,57,286836,1,9541,4392,"East TN",2455501,15.3125573966372,0.0285714285714286,97.5768285168689,2.07696922135238,13.3984877220575,2.85714285714286
2021-06-18,291563,62,237034,51,54529,11,262217,55,1872060,1728,2134277,1783,2,4338,-1,328,61,286897,4,9545,4394,"East TN",2455501,14.9867583030917,0.0278818506578374,72.6124729739471,2.52494297497741,13.3577628353644,2.78818506578374
2021-06-19,291591,28,237051,17,54540,11,262235,18,1873211,1151,2135446,1169,0,4338,-16,312,44,286941,4,9549,4395,"East TN",2455501,14.9460334163985,0.0268803082041853,47.6073925443321,1.14029682740915,12.7061646482734,2.68803082041853
2021-06-20,291616,25,237072,21,54544,4,262252,17,1873965,754,2136217,771,3,4341,-13,299,35,286976,2,9551,4398,"East TN",2455501,15.2311076232508,0.0267502427827315,31.3988876404449,1.0181221673296,12.176741121262,2.67502427827315
2021-06-21,291683,67,237112,40,54571,27,262304,52,1875237,1272,2137541,1324,6,4347,3,302,58,287034,2,9553,4399,"East TN",2455501,15.8012560369554,0.0276481465175663,53.9197499817756,2.72856740844333,12.2989157813416,2.76481465175663
2021-06-22,291776,93,237158,46,54618,47,262355,51,1876664,1427,2139019,1478,5,4352,36,338,52,287086,7,9560,4403,"East TN",2455501,16.0048804704213,0.0254947077772665,60.1913825325259,3.78741446246611,13.7650117022962,2.54947077772665
2021-06-23,291845,69,237206,48,54639,21,262410,55,1878453,1789,2140863,1844,2,4354,6,344,61,287147,5,9565,4407,"East TN",2455501,16.0863302438077,0.0273107292150488,75.0966910622313,2.8100171818297,14.0093610224553,2.73107292150488
2021-06-24,291928,83,237258,52,54670,31,262472,62,1880297,1844,2142769,1906,3,4357,27,371,53,287200,4,9569,4408,"East TN",2455501,17.3895266179896,0.0301703163017032,77.6216340372087,3.38016559553427,15.1089329631713,3.01703163017032
2021-06-25,292007,79,237314,56,54693,23,262541,69,1882105,1808,2144646,1877,0,4357,32,403,47,287247,2,9571,4410,"East TN",2455501,18.0818496917737,0.0312469862088919,76.4406123231064,3.21726604876154,16.4121293373532,3.12469862088919
2021-06-26,292042,35,237332,18,54710,17,262562,21,1883289,1184,2145851,1205,0,4357,1,404,34,287281,2,9573,4412,"East TN",2455501,18.366923898626,0.0314271984622778,49.0734884652867,1.42537103426144,16.4528542240463,3.14271984622778
2021-06-27,292071,29,237352,20,54719,9,262586,24,1884003,714,2146589,738,2,4359,-9,395,36,287317,3,9576,4414,"East TN",2455501,18.5298234453987,0.0322020825298882,30.0549663795698,1.18102171410234,16.0863302438077,3.22020825298882
2021-06-28,292115,44,237376,24,54739,20,262611,25,1884555,552,2147166,577,4,4363,-15,380,55,287372,3,9579,4414,"East TN",2455501,17.5931510514555,0.0318961038961039,23.4982596219672,1.7918950145001,15.4754569434099,3.18961038961039
2021-06-29,292246,131,237462,86,54784,45,262708,97,1886569,2014,2149277,2111,0,4363,80,460,51,287423,6,9585,4417,"East TN",2455501,19.1406967457965,0.0344121661142523,85.9702358093114,5.3349601568071,18.7334478788646,3.44121661142523
2021-06-30,292331,85,237525,63,54806,22,262783,75,1888213,1644,2150996,1719,3,4366,29,489,53,287476,3,9588,4417,"East TN",2455501,19.7922949328874,0.0368104213954406,70.0060802255833,3.46161536892064,19.914469592967,3.68104213954406
2021-07-01,292437,106,237578,53,54859,53,262848,65,1890765,2552,2153613,2617,1,4367,57,546,48,287524,2,9590,4420,"East TN",2455501,20.7289673268307,0.0346735521947621,106.577028476063,4.3168379894775,22.2357881344785,3.46735521947621
2021-07-02,292519,82,237641,63,54878,19,262922,74,1892447,1682,2155369,1756,0,4367,31,577,51,287575,2,9592,4422,"East TN",2455501,20.8511419869102,0.035531101370885,71.5129010332311,3.33944070884109,23.4982596219672,3.5531101370885
2021-07-03,292567,48,237677,36,54890,12,262962,40,1893535,1088,2156497,1128,1,4368,1,578,46,287621,3,9595,4425,"East TN",2455501,21.3805655139216,0.0375727972947586,45.9376721899116,1.95479456127283,23.5389845086603,3.75727972947586
2021-07-04,292594,27,237698,21,54896,6,262987,25,1894235,700,2157222,725,0,4368,-13,565,40,287661,1,9596,4426,"East TN",2455501,21.2991157405352,0.0377127809649205,29.5255428525584,1.09957194071597,23.009560981649,3.77127809649205
2021-07-05,292637,43,237722,24,54915,19,263012,25,1894717,482,2157729,507,0,4368,-30,535,73,287734,2,9598,4426,"East TN",2455501,21.258390853842,0.037962699990533,20.6475175534443,1.75117012780691,21.7878143808534,3.7962699990533
2021-07-06,292799,162,237826,104,54973,58,263125,113,1896042,1325,2159167,1438,5,4373,82,617,75,287809,6,9604,4426,"East TN",2455501,22.5208623413308,0.0421638018200202,58.5623870647986,6.59743164429581,25.1272550896945,4.21638018200202
2021-07-07,292941,142,237906,80,55035,62,263213,88,1897501,1459,2160714,1547,4,4377,81,698,57,287866,6,9610,4428,"East TN",2455501,24.8421808828422,0.0442477876106195,63.0013997143556,5.78293391043213,28.4259709118424,4.42477876106195
2021-07-08,293081,140,238008,102,55073,38,263330,117,1899356,1855,2162686,1972,2,4379,76,774,62,287928,3,9613,4430,"East TN",2455501,26.2268270304105,0.0531246555714758,80.3094765589588,5.70148413704576,31.5210623005244,5.31246555714758
2021-07-09,293245,164,238130,122,55115,42,263461,131,1901101,1745,2164562,1876,0,4379,100,874,64,287992,4,9617,4432,"East TN",2455501,29.5662677392516,0.0586315674970086,76.3998874364132,6.67888141768218,35.5935509698428,5.86315674970086
2021-07-10,293349,104,238203,73,55146,31,263535,74,1902157,1056,2165692,1130,0,4379,56,930,48,288040,13,9630,4433,"East TN",2455501,31.8468613940699,0.0623164763458401,46.0191219632979,4.23538821609114,37.8741446246611,6.23164763458401
2021-07-11,293397,48,238238,35,55159,13,263578,43,1902912,755,2166490,798,2,4381,4,934,42,288082,7,9637,4433,"East TN",2455501,32.7020840146267,0.0637678031937851,32.4984595811608,1.95479456127283,38.0370441714339,6.37678031937851
2021-07-12,293570,173,238355,117,55215,56,263703,125,1904278,1366,2167981,1491,1,4382,92,1026,80,288162,13,9650,4434,"East TN",2455501,37.9963192847407,0.0674014826375341,60.7208060595373,7.04540539792083,41.7837337472068,6.74014826375341
2021-07-13,293784,214,238492,137,55292,77,263848,145,1905899,1621,2169747,1766,4,4386,149,1175,61,288223,14,9664,4437,"East TN",2455501,40.1140133927862,0.0683364839319471,71.9201499001629,8.71512575234138,47.8517418644912,6.83364839319471
2021-07-14,293957,173,238628,136,55329,37,263990,142,1907462,1563,2171452,1705,0,4386,103,1278,70,288293,11,9675,4438,"East TN",2455501,41.3764848802749,0.0723598435462842,69.4359318118787,7.04540539792083,52.0464051938891,7.23598435462842
2021-07-15,294177,220,238778,150,55399,70,264157,167,1909263,1801,2173420,1968,0,4386,118,1396,102,288395,14,9689,4438,"East TN",2455501,44.6344758157297,0.0770449040432271,80.1465770121861,8.95947507250048,56.8519418236849,7.70449040432271
2021-07-16,294406,229,238920,142,55486,87,264311,154,1910792,1529,2175103,1683,0,4386,163,1559,66,288461,10,9699,4442,"East TN",2455501,47.2815934507866,0.0806375106726117,68.5399843046287,9.32599905273914,63.4900983546738,8.06375106726117
2021-07-17,294550,144,239020,100,55530,44,264421,110,1912010,1218,2176431,1328,0,4386,54,1613,90,288551,5,9704,4444,"East TN",2455501,48.910588918514,0.0825030263525468,54.0826495285484,5.8643836838185,65.6892422361058,8.25030263525468
2021-07-18,294694,144,239141,121,55553,23,264553,132,1913136,1126,2177689,1258,0,4386,50,1663,94,288645,6,9710,4446,"East TN",2455501,52.8201780410596,0.0870613447629253,51.2319074600255,5.8643836838185,67.725486570765,8.70613447629253
2021-07-19,294998,304,239353,212,55645,92,264770,217,1914826,1690,2179596,1907,3,4389,165,1828,136,288781,12,9722,4447,"East TN",2455501,58.1551381978667,0.0918639690055962,77.6623589239019,12.3803655547279,74.4450928751403,9.18639690055962
2021-07-20,295354,356,239591,238,55763,118,265024,254,1916487,1661,2181511,1915,2,4391,214,2042,140,288921,22,9744,4448,"East TN",2455501,63.9380721082989,0.0999659979598776,77.9881580174473,14.4980596627735,83.1602186274817,9.99659979598776
2021-07-21,295755,401,239884,293,55871,108,265334,310,1918603,2116,2183937,2426,3,4394,248,2290,150,289071,23,9767,4452,"East TN",2455501,73.2233462743448,0.107649179014818,98.7985751176644,16.3306795639668,93.2599905273914,10.7649179014818
2021-07-22,296229,474,240217,333,56012,141,265701,367,1920972,2369,2186673,2736,5,4399,321,2611,148,289219,19,9786,4454,"East TN",2455501,83.5674674944136,0.116501924092658,111.423289992551,19.3035962925692,106.332679155903,11.6501924092658
2021-07-23,296690,461,240537,320,56153,141,266034,333,1922875,1903,2188909,2236,1,4400,328,2939,132,289351,21,9807,4459,"East TN",2455501,93.0156412072322,0.124800811241489,91.0608466459594,18.7741727655578,119.690441991268,12.4800811241489
2021-07-24,297048,358,240786,249,56262,109,266299,265,1924626,1751,2190925,2016,0,4400,226,3165,132,289483,19,9826,4463,"East TN",2455501,101.730766959574,0.129570856906306,82.1013715734589,14.5795094361599,128.894266383927,12.9570856906306
2021-07-25,297276,228,240976,190,56300,38,266502,203,1925941,1315,2192443,1518,3,4403,97,3262,128,289611,14,9840,4468,"East TN",2455501,105.151657441801,0.132099769554019,61.8203780002533,9.28527416604595,132.844580393166,13.2099769554019
2021-07-26,297943,667,241437,461,56506,206,266988,486,1927670,1729,2194658,2215,10,4413,448,3710,209,289820,30,9870,4472,"East TN",2455501,119.934791311427,0.147258000265569,90.2056240254026,27.1634994243537,151.089329631713,14.7258000265569
2021-07-27,298670,727,241927,490,56743,237,267503,515,1929991,2321,2197494,2836,2,4415,534,4244,191,290011,25,9895,4478,"East TN",2455501,135.043724274598,0.155102296189702,115.49577866187,29.6069926259448,172.836419125873,15.5102296189702
2021-07-28,299489,819,242475,548,57014,271,268116,613,1932859,2868,2200975,3481,2,4417,559,4803,258,290269,31,9926,4481,"East TN",2455501,152.066726912349,0.163282075360958,141.763330578973,33.3536822017177,195.601630787363,16.3282075360958
2021-07-29,300177,688,242929,454,57248,234,268612,496,1935287,2428,2203899,2924,3,4420,475,5278,210,290479,18,9944,4485,"East TN",2455501,160.78185266469,0.168988737954255,119.07956869087,28.0187220449106,214.945951966625,16.8988737954255
2021-07-30,301176,999,243678,749,57498,250,269414,802,1937090,1803,2206504,2605,4,4424,752,6030,243,290722,38,9982,4488,"East TN",2455501,182.691841705623,0.192100028417164,106.088329835744,40.6841618064908,245.5710667599,19.2100028417164
2021-07-31,301711,535,244043,365,57668,170,269810,396,1939060,1970,2208870,2366,2,4426,319,6349,214,290936,32,10014,4497,"East TN",2455501,189.900146650317,0.195653385344107,96.3550819160733,21.7878143808534,258.562305615025,19.5653385344107
2021-08-01,302245,534,244465,422,57780,112,270271,461,1941198,2138,2211469,2599,3,4429,321,6670,210,291146,27,10041,4500,"East TN",2455501,202.361961978431,0.198097340481446,105.843980515585,21.7470894941603,271.634994243537,19.8097340481446
2021-08-02,303095,850,245001,536,58094,314,270807,536,1943533,2335,2214340,2871,9,4438,416,7086,425,291571,32,10073,4508,"East TN",2455501,209.814616243284,0.194035159028554,116.921149696131,34.6161536892064,288.576547107902,19.4035159028554
2021-08-03,304433,1338,245969,968,58464,370,271822,1015,1947308,3775,2219130,4790,4,4442,896,7982,438,292009,33,10106,4517,"East TN",2455501,234.697522012819,0.199621002033648,195.072207260351,54.4898983954802,325.066045584995,19.9621002033648
2021-08-04,305520,1087,246802,833,58718,254,272709,887,1950928,3620,2223637,4507,8,4450,647,8629,432,292441,34,10140,4523,"East TN",2455501,245.611791646593,0.202674079957638,183.54706432618,44.267951835491,351.415047275485,20.2674079957638
2021-08-05,306700,1180,247691,889,59009,291,273660,951,1954893,3965,2228553,4916,10,4460,667,9296,503,292944,37,10177,4530,"East TN",2455501,265.648435899639,0.204753792488034,200.203542983693,48.0553662979571,378.578546699838,20.4753792488034
2021-08-06,308040,1340,248677,986,59363,354,274743,1083,1959521,4628,2234264,5711,3,4463,908,10204,429,293373,46,10223,4543,"East TN",2455501,279.535622262015,0.191966858789625,232.579827904774,54.5713481688666,415.55674381725,19.1966858789625
2021-08-07,308764,724,249201,524,59563,200,275327,584,1962525,3004,2237852,3588,0,4463,326,10530,398,293771,25,10248,4552,"East TN",2455501,287.232625847027,0.190359533503554,146.120893455144,29.4848179658652,428.833056879228,19.0359533503554
2021-08-08,309400,636,249652,451,59748,185,275853,526,1964640,2115,2240493,2641,5,4468,219,10749,412,294183,27,10275,4561,"East TN",2455501,291.386564289731,0.192323594266814,107.554425756699,25.901027936865,437.751807065035,19.2323594266814
2021-08-09,310769,1369,250613,961,60156,408,276861,1008,1968179,3539,2245040,4547,14,4482,571,11320,784,294967,58,10333,4573,"East TN",2455501,312.522780483494,0.197198697068404,185.176059793908,55.7523698829689,461.005717366843,19.7198697068404
2021-08-10,312096,1327,251461,848,60635,479,277778,917,1971431,3252,2249209,4169,6,4488,548,11868,773,295740,43,10376,4587,"East TN",2455501,312.074806729869,0.198011901991423,169.782052623884,54.0419246418552,483.322955274708,19.8011901991423
2021-08-11,313983,1887,252763,1302,61220,585,279161,1383,1976787,5356,2255948,6739,8,4496,1062,12930,817,296557,60,10436,4602,"East TN",2455501,344.654716084416,0.199684318034106,274.445011425367,76.8478611900382,526.572784942869,19.9684318034106
2021-08-12,315445,1462,253825,1062,61620,400,280323,1162,1981269,4482,2261592,5644,10,4506,584,13514,868,297425,38,10474,4616,"East TN",2455501,356.139134131894,0.201670752746754,229.85126049633,59.539784345435,550.356118771689,20.1670752746754
2021-08-13,317095,1650,254942,1117,62153,533,281497,1174,1986688,5419,2268185,6593,11,4517,797,14311,842,298267,26,10500,4636,"East TN",2455501,368.763849006781,0.199109696058489,268.499177968162,67.1960630437536,582.813853466156,19.9109696058489
2021-08-14,318626,1531,256031,1089,62595,442,282697,1200,1992163,5475,2274860,6675,1,4518,911,15222,619,298886,26,10526,4649,"East TN",2455501,401.628832568181,0.199146130566364,271.838618677003,62.3498015272647,619.914225243647,19.9146130566364
2021-08-15,319772,1146,256996,965,62776,181,283754,1057,1995973,3810,2279727,4867,11,4529,426,15648,709,299595,20,10546,4661,"East TN",2455501,422.398524781704,0.20138145486058,198.208023535727,46.6707201503889,637.263026974943,20.138145486058
2021-08-16,321214,1442,257911,915,63303,527,284716,962,1999033,3060,2283749,4022,17,4546,173,15821,1252,300847,29,10575,4679,"East TN",2455501,425.371441510307,0.202924384510062,163.795494279986,58.7252866115713,644.308432372864,20.2924384510062
2021-08-17,322951,1737,259126,1215,63825,522,286037,1321,2003893,4860,2289930,6181,10,4556,513,16334,1214,302061,25,10600,4694,"East TN",2455501,442.068645054512,0.20281918420471,251.72052465057,70.7391281860606,665.200299246467,20.281918420471
2021-08-18,325046,2095,260512,1386,64534,709,287516,1479,2009313,5420,2296829,6899,13,4569,936,17270,1146,303207,31,10631,4705,"East TN",2455501,450.539421486695,0.204373669920012,280.960993296276,85.3186376222205,703.318793191288,20.4373669920012
2021-08-19,327438,2392,262002,1490,65436,902,289094,1578,2019264,9951,2308358,11529,23,4592,1119,18389,1250,304457,40,10671,4723,"East TN",2455501,488.413566111356,0.187550784758158,469.517218685718,97.4139289700961,748.889941400961,18.7550784758158
2021-08-20,329894,2456,263980,1978,65914,478,291202,2108,2026158,6894,2317360,9002,4,4596,1274,19663,1178,305635,34,10705,4753,"East TN",2455501,521.237824786062,0.19735638027453,366.605430012042,100.02032171846,800.773447048077,19.735638027453
2021-08-21,332818,2924,265942,1962,66876,962,293320,2118,2035088,8930,2328408,11048,0,4596,2169,21832,755,306390,55,10760,4775,"East TN",2455501,577.967591949667,0.198382759393441,449.928548186297,119.07956869087,889.105726285593,19.8382759393441
2021-08-22,334303,1485,267283,1341,67020,144,294836,1516,2040600,5512,2335436,7028,7,4603,546,22378,932,307322,17,10777,4793,"East TN",2455501,591.773328538657,0.198926564827945,286.214503679697,60.4764567393782,911.341514420072,19.8926564827945
2021-08-23,336251,1948,268410,1127,67841,821,296022,1186,2044567,3967,2340589,5153,18,4621,183,22561,1747,309069,34,10811,4810,"East TN",2455501,612.380121205408,0.198909218859958,209.855341129977,79.3320792783224,918.794168684924,19.8909218859958
2021-08-24,338238,1987,269797,1387,68441,600,297460,1438,2048346,3779,2345806,5217,15,4636,150,22711,1822,310891,25,10836,4844,"East TN",2455501,622.561342878704,0.204434819958479,212.461733878341,80.9203498593566,924.902901688902,20.4434819958479
2021-08-25,340470,2232,271005,1208,69465,1024,298707,1247,2052382,4036,2351089,5283,17,4653,612,23323,1603,312494,39,10875,4878,"East TN",2455501,628.14065235567,0.206247696277184,215.149576400091,90.8979470991867,949.82653234513,20.6247696277184
2021-08-26,343131,2661,272837,1832,70294,829,300669,1962,2059226,6844,2359895,8806,24,4677,741,24064,1896,314390,37,10912,4902,"East TN",2455501,639.095646876136,0.224595921376875,358.623352220178,108.368923490563,980.00367338478,22.4595921376875
2021-08-27,346144,3013,275108,2271,71036,742,303031,2362,2066295,7069,2369326,9431,19,4696,1309,25373,1685,316075,43,10955,4920,"East TN",2455501,661.77940876424,0.227629603971828,384.076406403418,122.704083606563,1033.31255006616,22.7629603971828
2021-08-28,348290,2146,276648,1540,71642,606,304702,1671,2072162,5867,2376864,7538,1,4697,922,26295,1223,317298,30,10985,4954,"East TN",2455501,630.095446916943,0.234893511639425,306.984195893221,87.3956068435729,1070.86089559727,23.4893511639425
2021-08-29,350631,2341,278476,1828,72155,513,306722,2020,2079156,6994,2385878,9014,9,4706,1078,27373,1254,318552,43,11028,4982,"East TN",2455501,664.955949926308,0.23563696919234,367.094128652361,95.3369597487437,1114.76232345253,23.563696919234
2021-08-30,353875,3244,280888,2412,72987,832,309328,2606,2088199,9043,2397527,11649,21,4727,473,27846,2750,321302,61,11089,5017,"East TN",2455501,717.735403080675,0.233692788647301,474.4042050889,132.111532432689,1134.0251948584,23.3692788647301
2021-08-31,357468,3593,283294,2406,74174,1187,311939,2611,2096786,8587,2408725,11198,7,4734,910,28756,2676,323978,74,11163,5048,"East TN",2455501,783.139571109928,0.230121267025859,456.037281190274,146.32451788861,1171.0848417492,23.0121267025859
2021-09-01,358905,1437,284244,950,74661,487,312928,989,2099069,2283,2411997,3272,15,4749,-963,27793,2385,326363,29,11192,5086,"East TN",2455501,750.763286188847,0.233483286267814,133.251829260098,58.5216621781054,1131.86677586366,23.3483286267814
2021-09-02,361222,2317,285734,1490,75488,827,314444,1516,2103331,4262,2417775,5778,19,4768,-581,27212,2879,329242,38,11230,5113,"East TN",2455501,736.753925166392,0.237992398064962,235.308395313217,94.3595624681073,1108.20561669492,23.7992398064962
2021-09-03,362977,1755,286951,1217,76026,538,315739,1295,2107437,4106,2423176,5401,17,4785,-1009,26203,2747,331989,30,11260,5135,"East TN",2455501,685.522017706366,0.235988857938719,219.955113029887,71.4721761465379,1067.1142060215,23.5988857938719
2021-09-04,366242,3265,289294,2343,76948,922,318317,2578,2115485,8048,2433802,10626,3,4788,1522,27725,1740,333729,52,11312,5162,"East TN",2455501,731.093165916039,0.239119744283255,432.742646001773,132.966755053246,1129.09748356853,23.9119744283255
2021-09-05,370700,4458,292547,3253,78153,1205,321805,3488,2127995,12510,2449800,15998,8,4796,2733,30458,1717,335446,58,11370,5209,"East TN",2455501,817.30775104551,0.235959450580395,651.516737317558,181.551544878214,1240.398598901,23.5959450580395
2021-09-06,375613,4913,296486,3939,79127,974,326094,4289,2143635,15640,2469729,19929,11,4807,952,31410,3950,339396,94,11464,5240,"East TN",2455501,885.277586936434,0.232209634082158,811.606266908464,200.081368323613,1279.16869103291,23.2209634082158
2021-09-07,377696,2083,297942,1456,79754,627,327611,1517,2148061,4426,2475672,5943,34,4841,-1812,29598,3861,343257,59,11523,5267,"East TN",2455501,823.783008029726,0.234095627884745,242.028001617593,84.8299389819023,1205.37519634486,23.4095627884745
2021-09-08,379371,1675,299118,1176,80253,499,328873,1262,2152441,4380,2481314,5642,20,4861,-1778,27820,3433,346690,58,11581,5300,"East TN",2455501,833.475531062704,0.230030151333728,229.769810722944,68.2141852110832,1132.96634780438,23.0030151333728
2021-09-09,381283,1912,300125,1007,81158,905,329953,1080,2156107,3666,2486060,4746,7,4868,-1627,26193,3532,350222,50,11631,5335,"East TN",2455501,816.981951951964,0.227121622611115,193.280312245851,77.8659833573678,1066.70695715457,22.7121622611115
2021-09-10,386771,5488,303958,3833,82813,1655,334083,4130,2168213,12106,2502296,16236,23,4891,2244,28437,3221,353443,135,11766,5367,"East TN",2455501,969.00795397762,0.231850353892821,661.209260350535,223.498178172194,1158.09360289407,23.1850353892821
2021-09-11,391058,4287,307069,3111,83989,1176,337401,3318,2180035,11822,2517436,15140,8,4899,2505,30942,1774,355217,112,11878,5399,"East TN",2455501,1010.62878817805,0.228184709567879,616.574784534806,174.58758925368,1260.1094440605,22.8184709567879
2021-09-12,392640,1582,308495,1426,84145,156,338956,1555,2185279,5244,2524235,6799,23,4922,-125,30817,1684,356901,42,11920,5424,"East TN",2455501,893.504014048457,0.230415799019279,276.888504626958,64.4267707486171,1255.01883322385,23.0415799019279
2021-09-13,394992,2352,309944,1449,85048,903,340460,1504,2190402,5123,2530862,6627,63,4985,-1956,28861,4245,361146,75,11995,5454,"East TN",2455501,789.207579227213,0.234995828766787,269.88382411573,95.7849335023688,1175.36095485198,23.4995828766787
2021-09-14,397807,2815,311898,1954,85909,861,342534,2074,2196624,6222,2539158,8296,43,5028,-962,27899,3734,364880,61,12056,5482,"East TN",2455501,819.018196286623,0.235059698201178,337.853660006654,114.640556041313,1136.18361385314,23.5059698201178
2021-09-15,399602,1795,313091,1193,86511,602,343750,1216,2200399,3775,2544149,4991,23,5051,-1549,26350,3321,368201,34,12090,5502,"East TN",2455501,823.905182689805,0.236762950584865,203.257909485681,73.1011716142653,1073.1007643654,23.6762950584865
2021-09-16,402256,2654,314941,1850,87315,804,345707,1957,2207058,6659,2552765,8616,23,5074,-560,25790,3191,371392,61,12151,5525,"East TN",2455501,854.123048616148,0.236174199835095,350.885623748473,108.08384928371,1050.29482781722,23.6174199835095
2021-09-17,404945,2689,316819,1878,88126,811,347711,2004,2214262,7204,2561973,9208,23,5097,-72,25718,2738,374130,76,12227,5557,"East TN",2455501,740.134090761926,0.228362685791846,374.994756670838,109.509220317972,1047.36263597531,22.8362685791846
2021-09-18,406402,1457,317998,1179,88404,278,349048,1337,2219734,5472,2568782,6809,3,5100,-280,25438,1734,375864,35,12262,5595,"East TN",2455501,624.882661420215,0.226833638452849,277.29575349389,59.3361599119691,1035.95966770121,22.6833638452849
2021-09-19,407046,644,318444,446,88602,198,349561,513,2221811,2077,2571372,2590,17,5117,-1068,24370,1695,377559,23,12285,5624,"East TN",2455501,586.682717702009,0.224982497825487,105.477456535347,26.2268270304105,992.465488712894,22.4982497825487
2021-09-20,409031,1985,319702,1258,89329,727,350932,1371,2227448,5637,2578380,7008,48,5165,185,24555,1752,379311,64,12349,5650,"East TN",2455501,571.73668428561,0.22037964560798,285.400005945833,80.8389000859702,999.999592751133,22.037964560798
2021-09-21,410906,1875,320803,1101,90103,774,352072,1140,2231753,4305,2583825,5445,31,5196,-2055,22500,3899,383210,57,12406,5677,"East TN",2455501,533.455290794017,0.213535719882687,221.747008044387,76.35916254972,916.30995059664,21.3535719882687
2021-09-22,412496,1590,321918,1115,90578,475,353291,1219,2237112,5359,2590403,6578,14,5210,-1358,21142,2934,386144,44,12450,5699,"East TN",2455501,525.106689021914,0.206274051973883,267.888304667764,64.7525698421626,861.005554467296,20.6274051973883
2021-09-23,414849,2353,323426,1508,91423,845,354953,1662,2243469,6357,2598422,8019,32,5242,-408,20734,2729,388873,52,12502,5715,"East TN",2455501,512.848498127266,0.202510020369275,326.572866392642,95.8256583890619,844.389800696477,20.2510020369275
2021-09-24,416391,1542,324409,983,91982,559,356052,1099,2248352,4883,2604404,5982,37,5279,-936,19798,2441,391314,37,12539,5742,"East TN",2455501,466.137053090184,0.19657797365134,243.616272198627,62.7977752808897,806.271306751657,19.657797365134
2021-09-25,417091,700,324895,486,92196,214,356614,562,2251374,3022,2607988,3584,2,5281,-908,18890,1606,392920,20,12559,5768,"East TN",2455501,435.308313863444,0.192980666224557,145.957993908371,28.5074206852288,769.293109634246,19.2980666224557
2021-09-26,417951,860,325520,625,92431,235,357335,721,2255351,3977,2612686,4698,6,5287,-427,18463,1281,394201,26,12585,5784,"East TN",2455501,444.104889389171,0.188168659534298,191.325517684578,35.0234025561382,751.903583016256,18.8168659534298
2021-09-27,419411,1460,326352,832,93059,628,358257,922,2258942,3591,2617199,4513,47,5334,-1407,17056,2820,397021,42,12627,5801,"East TN",2455501,422.72432387525,0.188696256987558,183.791413646339,59.4583345720486,694.603667438946,18.8696256987558
2021-09-28,420706,1295,327141,789,93565,506,359120,863,2262604,3662,2621724,4525,14,5348,-1041,16015,2322,399343,31,12658,5814,"East TN",2455501,399.103889593203,0.185967967492546,184.280112286658,52.7387282676733,652.209060391342,18.5967967492546
2021-09-29,422388,1682,328150,1009,94238,673,360259,1139,2268102,5498,2628361,6637,30,5378,-376,15639,2028,401371,46,12704,5840,"East TN",2455501,402.850579168976,0.183571315664682,270.291072982662,68.4992594179355,636.896502994705,18.3571315664682
2021-09-30,423598,1210,328910,760,94688,450,361079,820,2272774,4672,2633853,5492,11,5389,-807,14832,2006,403377,38,12742,5857,"East TN",2455501,356.302033678667,0.172899438344952,223.661077718967,49.2771128987526,604.031519433305,17.2899438344952
2021-10-01,424971,1373,329881,971,95090,402,362154,1075,2277747,4973,2639901,6048,14,5403,-317,14515,1676,405053,45,12787,5876,"East TN",2455501,349.419527827519,0.171901850860636,246.304114720377,55.9152694297416,591.121730351566,17.1901850860636
2021-10-02,425525,554,330232,351,95293,203,362549,395,2280417,2670,2642966,3065,11,5414,-456,14059,999,406052,18,12805,5897,"East TN",2455501,343.473694370314,0.169678083366688,124.821777714609,22.5615872280239,572.551182019474,16.9678083366688
2021-10-03,426064,539,330697,465,95367,74,363073,524,2283509,3092,2646582,3616,13,5427,-356,13703,882,406934,14,12819,5916,"East TN",2455501,330.401005741802,0.169282511210762,147.261190282553,21.9507139276262,558.0531223567,16.9282511210762
2021-10-04,427416,1352,331555,858,95861,494,364014,941,2287647,4138,2651661,5079,22,5449,-637,13066,1967,408901,29,12848,5929,"East TN",2455501,326.002717978938,0.167053566246881,206.841699514682,55.0600468091848,532.111369533142,16.7053566246881
2021-10-05,428680,1264,332308,753,96372,511,364828,814,2292109,4462,2656937,5276,17,5466,-464,12602,1711,410612,40,12888,5953,"East TN",2455501,324.740246491449,0.162099224718144,214.864502193239,51.4762567801846,513.215022107505,16.2099224718144
2021-10-06,429617,937,333015,707,96602,230,365609,781,2296530,4421,2662139,5202,18,5484,-421,12181,1340,411952,25,12913,5975,"East TN",2455501,294.400205905027,0.158387115874238,211.850860577943,38.1592188315134,496.069844809674,15.8387115874238
2021-10-07,430731,1114,333803,788,96928,326,366465,856,2301314,4784,2667779,5640,24,5508,-396,11785,1486,413438,26,12939,5996,"East TN",2455501,290.490616782481,0.158757295289748,229.688360949558,45.367523776207,479.942789679173,15.8757295289748
2021-10-08,431790,1059,334389,586,97401,473,367108,643,2305561,4247,2672669,4890,9,5517,-125,11660,1175,414613,29,12968,6011,"East TN",2455501,277.703002360822,0.15118408203125,199.14469592967,43.1276550080819,474.852178842525,15.118408203125
2021-10-09,432331,541,334744,355,97587,186,367525,417,2308370,2809,2675895,3226,4,5521,-288,11372,825,415438,29,12997,6031,"East TN",2455501,277.17357883381,0.151113000698472,131.378484472212,22.0321637010125,463.123411474888,15.1113000698472
2021-10-10,432651,320,335012,268,97639,52,367835,310,2310603,2233,2678438,2543,6,5527,-525,10847,839,416277,15,13012,6044,"East TN",2455501,268.254828648003,0.149485183324962,103.563386860767,13.0319637418189,441.742845960967,14.9485183324962
2021-10-11,433872,1221,335546,534,98326,687,368383,548,2314049,3446,2682432,3994,52,5579,-289,10558,1458,417735,31,13043,6050,"East TN",2455501,262.919868491196,0.141984335900686,162.655197452577,49.7250866523777,429.973353706637,14.1984335900686
2021-10-12,434812,940,336186,640,98626,300,369388,1005,2317693,3644,2687081,4649,29,5608,-367,10191,1278,419013,31,13074,6071,"East TN",2455501,249.725005202604,0.151273885350318,189.329998236612,38.281393491593,415.027320290238,15.1273885350318
2021-10-13,435664,852,336731,545,98933,307,370037,649,2321558,3865,2691595,4514,25,5633,-429,9762,1256,420269,37,13111,6087,"East TN",2455501,246.263389833684,0.150325909831613,183.832138533033,34.6976034625928,397.556343898862,15.0325909831613
2021-10-14,436616,952,337382,651,99234,301,370759,722,2325561,4003,2696320,4725,31,5664,-179,9583,1100,421369,30,13141,6104,"East TN",2455501,239.665958189388,0.150450229494412,192.425089625294,38.7700921319112,390.266589180782,15.0450229494412
2021-10-15,437417,801,337890,508,99527,293,371334,575,2329455,3894,2700789,4469,24,5688,-311,9272,1088,422457,29,13170,6116,"East TN",2455501,229.158937422546,0.150284495021337,181.999518631839,32.6206342412404,377.601149419202,15.0284495021337
2021-10-16,437724,307,338128,238,99596,69,371605,271,2331685,2230,2703290,2501,7,5695,-380,8892,680,423137,10,13180,6124,"East TN",2455501,219.629313936341,0.14893228691367,101.852941619653,12.5025402148075,362.125692475792,14.893228691367
2021-10-17,437975,251,338337,209,99638,42,371852,247,2333348,1663,2705200,1910,7,5702,-441,8451,685,423822,13,13193,6130,"East TN",2455501,216.819296754512,0.150100889320679,77.7845335839814,10.2219465599892,344.166017444098,15.0100889320679
2021-10-18,438765,790,338801,464,99964,326,372368,516,2336539,3191,2708907,3707,23,5725,-492,7959,1259,425081,37,13230,6143,"East TN",2455501,199.266870589749,0.150519357884797,150.967154971633,32.1726604876154,324.129373191051,15.0519357884797
2021-10-19,439597,832,339241,440,100356,392,372842,474,2339867,3328,2712709,3802,25,5750,-281,7678,1088,426169,21,13251,6150,"East TN",2455501,194.868582826885,0.134774465428438,154.836019207486,33.8831057287291,312.685680030267,13.4774465428438
2021-10-20,440360,763,339729,488,100631,275,373383,541,2343888,4021,2717271,4562,15,5765,-225,7453,973,427142,19,13270,6161,"East TN",2455501,191.244067911192,0.130316248636859,185.786933094305,31.0730885468994,303.5225805243,13.0316248636859
2021-10-21,440988,628,340150,421,100838,207,373853,470,2347526,3638,2721379,4108,17,5782,-253,7200,864,428006,19,13289,6170,"East TN",2455501,178.0492046226,0.123468614070793,167.2978345356,25.5752288433196,293.219184190925,12.3468614070793
2021-10-22,441534,546,340487,337,101047,209,374239,386,2350630,3104,2724869,3490,6,5788,-323,6877,863,428869,17,13306,6177,"East TN",2455501,167.664358515839,0.120639534883721,142.129854559212,22.2357881344785,280.065045789026,12.0639534883721
2021-10-23,441893,359,340730,243,101163,116,374512,273,2353015,2385,2727527,2658,0,5788,-192,6685,551,429420,14,13320,6188,"East TN",2455501,169.782052623884,0.119940586706276,108.246748830483,14.6202343228531,272.245867543935,11.9940586706276
2021-10-24,442137,244,340893,163,101244,81,374708,196,2354912,1897,2729620,2093,7,5795,-303,6382,540,429960,14,13334,6193,"East TN",2455501,169.496978417032,0.116953316953317,85.2371878488341,9.9368723531369,259.9062268759,11.6953316953317
2021-10-25,442560,423,341141,248,101419,175,374979,271,2357343,2431,2732322,2702,28,5823,-496,5886,891,430851,20,13354,6199,"East TN",2455501,154.550945000633,0.111509715994021,110.038643844983,17.2266270712168,239.706683076081,11.1509715994021
2021-10-26,443087,527,341466,325,101621,202,375317,338,2359983,2640,2735300,2978,12,5835,-232,5654,747,431598,27,13381,6206,"East TN",2455501,142.129854559212,0.109556903191536,121.278712572302,21.462015287308,230.258509363262,10.9556903191536
2021-10-27,443708,621,341856,390,101852,231,375741,424,2364180,4197,2739921,4621,10,5845,-95,5559,706,432304,19,13400,6220,"East TN",2455501,136.34692064878,0.104105960264901,188.189701409203,25.2901546364673,226.38964512741,10.4105960264901
2021-10-28,444124,416,342109,253,102015,163,376032,291,2366977,2797,2743009,3088,16,5861,-208,5351,608,432912,15,13415,6231,"East TN",2455501,127.713244669825,0.100739713361073,125.758450108552,16.9415528643645,217.918868695228,10.0739713361073
2021-10-29,444583,459,342414,305,102169,154,376365,333,2370495,3518,2746860,3851,4,5865,-155,5196,610,433522,10,13425,6238,"East TN",2455501,124.170179527518,0.0966759128734482,156.831538655452,18.6927229921715,211.606511257784,9.66759128734482
2021-10-30,444846,263,342614,200,102232,63,376594,229,2373069,2574,2749663,2803,0,5865,-151,5045,414,433936,15,13440,6245,"East TN",2455501,120.260590404972,0.0940549331405855,114.151857400995,10.7106452003074,205.457053367113,9.40549331405855
2021-10-31,445017,171,342740,126,102277,45,376740,146,2374694,1625,2751434,1771,0,5865,-225,4820,396,434332,4,13444,6252,"East TN",2455501,117.28767367637,0.0931511873109013,72.1237743336289,6.96395562453446,196.293953861147,9.31511873109013
2021-11-01,445612,595,343098,358,102514,237,377130,390,2377812,3118,2754942,3508,14,5879,-189,4631,770,435102,21,13465,6258,"East TN",2455501,124.292354187598,0.0950928381962865,142.862902519689,24.2313075824445,188.596950276135,9.50928381962865
2021-11-02,446024,412,343314,216,102710,196,377355,225,2380023,2211,2757378,2436,25,5904,-190,4441,577,435679,14,13479,6272,"East TN",2455501,119.608992217881,0.0923090859679319,99.2058239845962,16.7786533175918,180.85922180443,9.23090859679319
2021-11-03,446598,574,343689,375,102909,199,377748,393,2384601,4578,2762349,4971,6,5910,81,4522,487,436166,13,13492,6279,"East TN",2455501,117.694922543302,0.0894863563402889,202.443411751818,23.3760849618876,184.157937626578,8.94863563402889
2021-11-04,447018,420,343989,300,103029,120,378078,330,2388137,3536,2766215,3866,13,5923,-71,4451,478,436644,8,13500,6283,"East TN",2455501,117.857822090074,0.0881668533999828,157.442411955849,17.1044524111373,181.266470671362,8.81668533999828
2021-11-05,447452,434,344272,283,103180,151,378402,324,2391719,3582,2770121,3906,2,5925,20,4471,412,437056,13,13513,6285,"East TN",2455501,116.839699922745,0.0875714715618417,159.071407423577,17.6746008248419,182.080968405226,8.75714715618417
2021-11-06,447685,233,344442,170,103243,63,378590,188,2393959,2240,2772549,2428,0,5925,-87,4384,320,437376,13,13526,6290,"East TN",2455501,115.617953321949,0.0872148911998602,98.8800248910507,9.48889859951187,178.537903262919,8.72148911998602
2021-11-07,447884,199,344567,125,103317,74,378744,154,2395861,1902,2774605,2056,6,5931,-124,4260,317,437693,6,13532,6297,"East TN",2455501,116.758250149359,0.0864874196193518,83.7303670411863,8.10425245194362,173.488017312964,8.64874196193518
2021-11-08,448425,541,344911,344,103514,197,379129,385,2399394,3533,2778523,3918,25,5956,-30,4230,546,438239,23,13555,6304,"East TN",2455501,114.559106267927,0.0847716381832831,159.560106063895,22.0321637010125,172.266270712168,8.47716381832831
2021-11-09,449294,869,345525,614,103769,255,379930,801,2406670,7276,2786600,8077,10,5966,419,4649,440,438679,23,13578,6316,"East TN",2455501,133.170379486712,0.0881185408254055,328.934909820847,35.3899265363769,189.329998236612,8.81185408254055
2021-11-10,449923,629,345960,435,103963,194,380432,502,2411922,5252,2792354,5754,7,5973,178,4827,444,439123,25,13603,6323,"East TN",2455501,135.410248254837,0.0894517580403266,234.330998032581,25.6159537300127,196.579028067999,8.94517580403266
2021-11-11,450429,506,346340,380,104089,126,380836,404,2416212,4290,2797048,4694,5,5978,88,4915,413,439536,9,13612,6331,"East TN",2455501,138.912588510451,0.0894496156715208,191.162618137806,20.6067926667511,200.162818096999,8.94496156715208
2021-11-12,450913,484,346660,320,104253,164,381168,332,2419662,3450,2800830,3782,2,5980,121,5036,361,439897,19,13631,6337,"East TN",2455501,140.94883284511,0.0900713145983262,154.021521473622,19.7108451595011,205.090529386875,9.00713145983262
2021-11-13,451151,238,346800,140,104351,98,381317,149,2421661,1999,2802978,2148,4,5984,-101,4935,335,440232,10,13641,6342,"East TN",2455501,141.152457278576,0.0896184560780834,87.4770566169592,9.69252303297779,200.977315830863,8.96184560780834
2021-11-14,451512,361,347114,314,104398,47,381661,344,2424640,2979,2806301,3323,1,5985,60,4995,300,440532,11,13652,6347,"East TN",2455501,147.749888922872,0.0920305401312468,135.32879848145,14.7016840962394,203.420809032454,9.20305401312468
2021-11-15,452089,577,347401,287,104688,290,381963,302,2427408,2768,2809371,3070,26,6011,-30,4965,581,441113,18,13670,6348,"East TN",2455501,149.215984843826,0.0918698132780083,125.025402148075,23.4982596219672,202.199062431659,9.18698132780083
2021-11-16,452761,672,347828,427,104933,245,382423,460,2431015,3607,2813438,4067,24,6035,179,5144,469,441582,13,13683,6353,"East TN",2455501,141.193182165269,0.0928906773977197,165.628114181179,27.3671238578196,209.488817149738,9.28906773977197
2021-11-17,453475,714,348292,464,105183,250,382932,509,2435661,4646,2818593,5155,5,6040,300,5444,409,441991,26,13709,6358,"East TN",2455501,144.65479753419,0.0952780212660543,209.936790903364,29.0775690989334,221.706283157694,9.52780212660543
2021-11-18,454103,628,348701,409,105402,219,383410,478,2440524,4863,2823934,5341,12,6052,180,5624,436,442427,19,13728,6363,"East TN",2455501,149.623233710758,0.095737558580674,217.511619828296,25.5752288433196,229.036762762467,9.5737558580674
2021-11-19,454716,613,349139,438,105577,175,383870,460,2444998,4474,2828868,4934,7,6059,213,5837,393,442820,13,13741,6366,"East TN",2455501,154.876744094179,0.0963692132106427,200.93659094417,24.9643555429218,237.711163628115,9.63692132106427
2021-11-20,455037,321,349384,245,105653,76,384157,287,2447702,2704,2831859,2991,0,6059,22,5859,299,443119,14,13755,6371,"East TN",2455501,158.256909689713,0.0983345452027284,121.808136099313,13.0726886285121,238.607111135365,9.83345452027284
2021-11-21,455301,264,349536,152,105765,112,384321,164,2449186,1484,2833507,1648,9,6068,-93,5766,348,443467,9,13764,6378,"East TN",2455501,154.306595680474,0.097772550172756,67.1146132703672,10.7513700870006,234.819696672899,9.7772550172756
2021-11-22,456056,755,350029,493,106027,262,384833,512,2453054,3868,2837887,4380,21,6089,156,5922,578,444045,32,13796,6382,"East TN",2455501,161.555625511861,0.10064525178847,178.375003716146,30.7472894533539,241.172778997036,10.064525178847
2021-11-23,456733,677,350492,463,106241,214,385323,490,2456355,3301,2841678,3791,21,6110,122,6044,534,444579,12,13808,6385,"East TN",2455501,161.759249945327,0.102691218130312,154.388045453861,27.5707482912856,246.141215173604,10.2691218130312
2021-11-24,457469,736,351017,525,106452,211,385895,572,2460383,4028,2846278,4600,6,6116,256,6300,474,445053,14,13822,6389,"East TN",2455501,162.655197452577,0.107025465053278,187.334478788646,29.9735166061834,256.566786167059,10.7025465053278
2021-11-25,457754,285,351174,157,106580,128,386068,173,2462019,1636,2848087,1809,1,6117,-196,6104,480,445533,6,13828,6394,"East TN",2455501,148.686561316815,0.11004844118743,73.6713200279699,11.6065927075574,248.584708375195,11.004844118743
2021-11-26,457986,232,351376,202,106610,30,386310,242,2463696,1677,2850006,1919,1,6118,-288,5816,519,446052,13,13841,6396,"East TN",2455501,133.170379486712,0.115431923550005,78.1510575642201,9.44817371281869,236.855941007558,11.5431923550005
2021-11-27,458270,284,351601,225,106669,59,386564,254,2465291,1595,2851855,1849,0,6118,-93,5723,377,446429,7,13848,6403,"East TN",2455501,131.663558679064,0.120374074814963,75.3003154956972,11.5658678208643,233.068526545092,12.0374074814963
2021-11-28,458584,314,351811,210,106773,104,386781,217,2466801,1510,2853582,1727,7,6125,-104,5619,411,446840,13,13861,6409,"East TN",2455501,133.699803013723,0.122540473225405,70.3318793191288,12.7876144216598,228.833138329001,12.2540473225405
2021-11-29,459682,1098,352514,703,107168,395,387518,737,2471349,4548,2858867,5285,19,6144,441,6060,638,447478,18,13879,6412,"East TN",2455501,147.668439149485,0.127979027645377,215.231026173477,44.715925589116,246.792813360695,12.7979027645377
2021-11-30,460520,838,353014,500,107506,338,388023,505,2474716,3367,2862739,3872,64,6208,202,6262,572,448050,16,13895,6420,"East TN",2455501,154.225145907088,0.12819904088125,157.686761276008,34.1274550488882,255.019240472718,12.819904088125
2021-12-01,461601,1081,353774,760,107827,321,388825,802,2479889,5173,2868714,5975,48,6256,533,6795,500,448550,19,13914,6431,"East TN",2455501,168.275231816236,0.130593688714566,243.331197991774,44.0236025153319,276.725605080185,13.0593688714566
2021-12-02,462503,902,354393,619,108110,283,389489,664,2484550,4661,2874039,5325,39,6295,323,7118,540,449090,10,13924,6440,"East TN",2455501,193.402486905931,0.131820283600493,216.860021641205,36.733847797252,289.879743482084,13.1820283600493
2021-12-03,463521,1018,355123,730,108398,288,390271,782,2489528,4978,2879799,5760,21,6316,551,7669,446,449536,13,13937,6444,"East TN",2455501,225.412247846773,0.132950693115833,234.57534735274,41.4579346536613,312.319156050028,13.2950693115833
2021-12-04,463944,423,355453,330,108491,93,390652,381,2492280,2752,2882932,3133,3,6319,63,7732,357,449893,15,13952,6450,"East TN",2455501,231.073007097126,0.131544228850919,127.591070009745,17.2266270712168,314.884823911699,13.1544228850919
2021-12-05,464330,386,355660,207,108670,179,390883,231,2494212,1932,2885095,2163,12,6331,0,7732,374,450267,7,13959,6454,"East TN",2455501,234.005198939035,0.13016850188811,88.087929917357,15.719806263569,314.884823911699,13.016850188811
2021-12-06,465286,956,356301,641,108985,315,391572,689,2498396,4184,2889968,4873,69,6400,115,7847,772,451039,17,13976,6463,"East TN",2455501,228.222265028603,0.130349506446738,198.452372855886,38.9329916786839,319.568185881415,13.0349506446738
2021-12-07,466128,842,356827,526,109301,316,392112,540,2501872,3476,2893984,4016,8,6408,190,8037,644,451683,9,13985,6466,"East TN",2455501,228.385164575376,0.130868939030245,163.551144959827,34.2903545956609,327.30591435312,13.0868939030245
2021-12-08,467176,1048,357443,616,109733,432,392768,656,2506490,4618,2899258,5274,5,6413,448,8485,595,452278,9,13994,6473,"East TN",2455501,227.041243314501,0.129092456783656,214.783052419852,42.6796812544568,345.550663591666,12.9092456783656
2021-12-09,468079,903,358041,598,110038,305,393422,654,2511467,4977,2904889,5631,19,6432,605,9090,279,452557,6,14000,6483,"East TN",2455501,227.081968201194,0.127487844408428,229.321836969319,36.7745726839452,370.189220041043,12.7487844408428
2021-12-10,468869,790,358577,536,110292,254,394020,598,2515977,4510,2909997,5108,5,6437,171,9261,614,453171,7,14007,6485,"East TN",2455501,217.796694035148,0.124147294522816,208.022721228784,32.1726604876154,377.153175665577,12.4147294522816
2021-12-11,469259,390,358850,273,110409,117,394337,317,2518899,2922,2913236,3239,0,6437,-143,9118,533,453704,2,14009,6491,"East TN",2455501,216.452772774273,0.12160110876452,131.907907999223,15.8827058103418,371.329516868452,12.160110876452
2021-12-12,469692,433,359105,255,110587,178,394631,294,2521418,2519,2916049,2813,9,6446,-71,9047,495,454199,9,14018,6495,"East TN",2455501,218.366842448853,0.1210828972023,114.559106267927,17.6338759381487,368.438049913236,12.10828972023
2021-12-13,470568,876,359664,559,110904,317,395230,599,2526020,4602,2921250,5201,24,6470,-197,8850,1049,455248,6,14024,6501,"East TN",2455501,215.108851513398,0.116936257272553,211.81013569125,35.6750007432292,360.415247234678,11.6936257272553
2021-12-14,471297,729,360093,429,111204,300,395688,458,2530044,4024,2925732,4482,36,6506,-191,8659,884,456132,2,14026,6503,"East TN",2455501,210.506939317068,0.112637016504977,182.528942158851,29.6884423993311,352.63679387628,11.2637016504977
