"DATE","TOTAL_CASES","NEW_CASES","TOTAL_CONFIRMED","NEW_CONFIRMED","TOTAL_PROBABLE","NEW_PROBABLE","POS_TESTS","NEW_POS_TESTS","NEG_TESTS","NEW_NEG_TESTS","TOTAL_TESTS","NEW_TESTS","NEW_DEATHS","TOTAL_DEATHS","NEW_HOSPITALIZED","TOTAL_HOSPITALIZED","TOTAL_DEATHS_BY_DOD","NEW_DEATHS_BY_DOD","Region","Population","New_cases_per_100k_per_week","PositivityRate_per_week","Tests_per_100k","New_cases_per_100k","PositivityPercentage_per_week"
2022-08-27,145226,135,109917,72,35309,63,118661,77,581976,211,700637,288,0,1478,0,2786,1479,0,"Knox County",470313,NA,NA,61.2358152974721,28.70428842069,NA
2022-08-26,145091,227,109845,152,35246,75,118584,166,581765,352,700349,518,0,1478,0,2786,1479,0,"Knox County",470313,NA,NA,110.139417791981,48.2657294184936,NA
2022-08-25,144864,259,109693,143,35171,116,118418,155,581413,318,699831,473,3,1478,0,2786,1479,1,"Knox County",470313,NA,NA,100.571321651751,55.0697088959905,NA
2022-08-24,144605,279,109550,159,35055,120,118263,169,581095,272,699358,441,2,1475,0,2786,1478,0,"Knox County",470313,NA,NA,93.7673421742542,59.3221960694261,NA
2022-08-23,144326,282,109391,171,34935,111,118094,187,580823,292,698917,479,4,1473,0,2786,1478,0,"Knox County",470313,NA,NA,101.847067803782,59.9600691454414,NA
2022-08-22,144044,279,109220,146,34824,133,117907,154,580531,276,698438,430,0,1469,0,2786,1478,1,"Knox County",470313,NA,NA,91.4284742288646,59.3221960694261,NA
2022-08-21,143765,130,109074,91,34691,39,117753,104,580255,196,698008,300,0,1469,0,2786,1477,0,"Knox County",470313,338.285354646799,0.345510413110277,63.7873076015334,27.6411666273312,34.5510413110277
2022-08-20,143635,74,108983,51,34652,23,117649,60,580059,123,697708,183,0,1469,0,2786,1477,0,"Knox County",470313,325.315268767821,0.352337110481586,38.9102576369354,15.7342025417116,35.2337110481586
2022-08-19,143561,211,108932,146,34629,65,117589,149,579936,248,697525,397,0,1469,0,2786,1477,0,"Knox County",470313,321.913279029072,0.361820199778024,84.4118703926959,44.8637396797452,36.1820199778024
2022-08-18,143350,616,108786,212,34564,404,117440,222,579688,286,697128,508,0,1469,1,2786,1477,1,"Knox County",470313,397.820175074897,0.381665449233017,108.013174205263,130.976604941815,38.1665449233017
2022-08-17,142734,199,108574,135,34160,64,117218,149,579402,266,696620,415,3,1469,0,2785,1476,1,"Knox County",470313,380.810226381155,0.377949852507375,88.2391088487879,42.3122473756839,37.7949852507375
2022-08-16,142535,260,108439,174,34096,86,117069,191,579136,191,696205,382,4,1466,0,2785,1475,1,"Knox County",470313,376.132490490376,0.393499043977055,81.2225050126193,55.2823332546623,39.3499043977055
2022-08-15,142275,236,108265,145,34010,91,116878,147,578945,154,695823,301,1,1462,0,2785,1474,0,"Knox County",470313,366.989643067489,0.411102172164119,63.9999319602052,50.1793486465396,41.1102172164119
2022-08-14,142039,91,108120,69,33919,22,116731,79,578791,122,695522,201,1,1461,0,2785,1474,1,"Knox County",470313,358.69729307929,0.41767909509845,42.7374960930274,19.3488166391318,41.767909509845
2022-08-13,141948,98,108051,67,33897,31,116652,79,578669,154,695321,233,0,1460,0,2785,1473,0,"Knox County",470313,363.800277687412,0.416906032006565,49.5414755705243,20.8371871498343,41.6906032006565
2022-08-12,141850,209,107984,143,33866,66,116573,150,578515,338,695088,488,1,1460,0,2785,1473,1,"Knox County",470313,363.375028970069,0.402294303797468,103.760687031828,44.4384909624016,40.2294303797468
2022-08-11,141641,178,107841,128,33800,50,116423,133,578177,188,694600,321,0,1459,0,2785,1472,2,"Knox County",470313,270.24555987183,0.396411789833405,68.2524191336408,37.8471358435765,39.6411789833405
2022-08-10,141463,222,107713,158,33750,64,116290,168,577989,255,694279,423,1,1459,0,2785,1470,1,"Knox County",470313,275.135920121281,0.403150276713495,89.9401037181622,47.2026076251348,40.3150276713495
2022-08-09,141241,272,107555,192,33686,80,116122,199,577734,349,693856,548,5,1458,0,2785,1469,3,"Knox County",470313,277.687412425342,0.379721669980119,116.518148552134,57.8338255587237,37.9721669980119
2022-08-08,140969,236,107363,149,33606,87,115923,155,577385,327,693308,482,2,1453,0,2785,1466,0,"Knox County",470313,277.687412425342,0.357195845697329,102.484940879797,50.1793486465396,35.7195845697329
2022-08-07,140733,84,107214,57,33519,27,115768,61,577058,115,692826,176,1,1451,0,2785,1466,1,"Knox County",470313,276.19904191464,0.353800074878323,37.421887126233,17.8604461284294,35.3800074878323
2022-08-06,140649,96,107157,68,33492,28,115707,74,576943,102,692650,176,0,1450,1,2785,1465,1,"Knox County",470313,275.773793197296,0.359602142310635,37.421887126233,20.4119384324907,35.9602142310635
2022-08-05,140553,205,107089,121,33464,84,115633,120,576841,281,692474,401,2,1450,1,2784,1464,2,"Knox County",470313,274.923295762609,0.3601108033241,85.262367827383,43.5879935277145,36.01108033241
2022-08-04,140348,190,106968,127,33380,63,115513,135,576560,239,692073,374,5,1448,0,2783,1462,3,"Knox County",470313,277.47478806667,0.353488372093023,79.521510143245,40.3986281476379,35.3488372093023
2022-08-03,140158,205,106841,121,33317,84,115378,126,576321,289,691699,415,-2,1443,0,2783,1459,1,"Knox County",470313,273.86017396925,0.338258164852255,88.2391088487879,43.5879935277145,33.8258164852255
2022-08-02,139953,283,106720,173,33233,110,115252,181,576032,308,691284,489,0,1445,0,2783,1458,0,"Knox County",470313,276.19904191464,0.339037007560684,103.9733113905,60.1726935041132,33.9037007560684
2022-08-01,139670,175,106547,99,33123,76,115071,110,575724,133,690795,243,4,1445,1,2783,1458,1,"Knox County",470313,263.228956035661,0.354881266490765,51.6677191572421,37.2092627675612,35.4881266490765
2022-07-31,139495,99,106448,64,33047,35,114961,73,575591,153,690552,226,0,1441,0,2782,1457,1,"Knox County",470313,266.418321415738,0.352409638554217,48.0531050598219,21.049811508506,35.2409638554217
2022-07-30,139396,116,106384,85,33012,31,114888,95,575438,203,690326,298,0,1441,0,2782,1456,1,"Knox County",470313,270.670808589174,0.343417825020442,63.3620588841899,24.6644256059263,34.3417825020442
2022-07-29,139280,218,106299,149,32981,69,114793,154,575235,298,690028,452,0,1441,0,2782,1455,0,"Knox County",470313,273.434925251907,0.350020024028835,96.1062101196437,46.3521101904476,35.0020024028835
2022-07-28,139062,281,106150,187,32912,94,114639,203,574937,319,689576,522,1,1441,0,2782,1455,1,"Knox County",470313,292.783741891039,0.356143667296786,110.989915226668,59.7474447867697,35.6143667296786
2022-07-27,138781,198,105963,129,32818,69,114436,134,574618,248,689054,382,4,1440,0,2782,1454,0,"Knox County",470313,291.295371380336,0.363705972434916,81.2225050126193,42.0996230170121,36.3705972434916
2022-07-26,138583,300,105834,229,32749,71,114302,237,574370,239,688672,476,1,1436,1,2782,1454,1,"Knox County",470313,294.909985477756,0.387071950750289,101.209194727766,63.7873076015334,38.7071950750289
2022-07-25,138283,289,105605,172,32678,117,114065,181,574131,249,688196,430,1,1435,0,2781,1453,1,"Knox County",470313,319.149162366339,0.386575735821967,91.4284742288646,61.4484396561439,38.6575735821967
2022-07-24,137994,112,105433,68,32561,44,113884,73,573882,178,687766,251,0,1434,0,2781,1452,1,"Knox County",470313,321.913279029072,0.383137673425827,53.3687140266163,23.8139281712392,38.3137673425827
2022-07-23,137882,110,105365,53,32517,57,113811,59,573704,143,687515,202,0,1434,0,2781,1451,0,"Knox County",470313,320.637532877041,0.383425414364641,42.9501204516992,23.3886794538956,38.3425414364641
2022-07-22,137772,262,105312,183,32460,79,113752,190,573561,309,687313,499,0,1434,0,2781,1451,1,"Knox County",470313,329.9930046586,0.389934829833454,106.099554977217,55.7075819720059,38.9934829833454
2022-07-21,137510,286,105129,174,32381,112,113562,179,573252,354,686814,533,0,1434,2,2781,1450,2,"Knox County",470313,331.056126451959,0.379733141002524,113.328783172058,60.8105665801286,37.9733141002524
2022-07-20,137224,222,104955,141,32269,81,113383,152,572898,318,686281,470,5,1434,0,2779,1448,0,"Knox County",470313,336.159111060081,0.374344634743097,99.9334485757357,47.2026076251348,37.4344634743097
2022-07-19,137002,226,104814,144,32188,82,113231,148,572580,234,685811,382,1,1429,1,2779,1448,2,"Knox County",470313,320.42490851837,0.354897000361402,81.2225050126193,48.0531050598219,35.4897000361402
2022-07-18,136776,347,104670,205,32106,142,113083,231,572346,382,685429,613,1,1428,0,2778,1446,1,"Knox County",470313,332.757121321333,0.349830508474576,130.3387318658,73.780652459107,34.9830508474576
2022-07-17,136429,76,104465,62,31964,14,112852,69,571964,87,684816,156,0,1427,0,2778,1445,1,"Knox County",470313,325.102644409149,0.360070052539405,33.1693999527974,16.1594512590551,36.0070052539405
2022-07-16,136353,102,104403,65,31950,37,112783,67,571877,123,684660,190,1,1427,0,2778,1444,2,"Knox County",470313,323.401649539775,0.36440379880408,40.3986281476379,21.6876845845214,36.440379880408
2022-07-15,136251,191,104338,119,31913,72,112716,129,571754,326,684470,455,0,1426,2,2778,1442,2,"Knox County",470313,308.305320074078,0.348338692390139,96.7440831956591,40.6112525063096,34.8338692390139
2022-07-14,136060,205,104219,142,31841,63,112587,145,571428,239,684015,384,1,1426,0,2776,1440,5,"Knox County",470313,291.082747021664,0.355094339622642,81.6477537299628,43.5879935277145,35.5094339622642
2022-07-13,135855,267,104077,171,31778,96,112442,180,571189,320,683631,500,0,1425,0,2776,1435,1,"Knox County",470313,300.650843161894,0.361567164179104,106.312179335889,56.7707037653648,36.1567164179104
2022-07-12,135588,236,103906,162,31682,74,112262,171,570869,293,683131,464,4,1425,0,2776,1434,1,"Knox County",470313,302.777086748612,0.359160028964518,98.6577024237051,50.1793486465396,35.9160028964519
2022-07-11,135352,200,103744,135,31608,65,112091,143,570576,253,682667,396,0,1421,1,2776,1433,0,"Knox County",470313,271.521306023861,0.355206286836935,84.1992460340241,42.5248717343556,35.5206286836935
2022-07-10,135152,83,103609,43,31543,40,111948,42,570323,87,682271,129,0,1421,1,2775,1433,1,"Knox County",470313,273.009676534563,0.348292295472597,27.4285422686594,17.6478217697576,34.8292295472597
2022-07-09,135069,118,103566,78,31503,40,111906,78,570236,104,682142,182,0,1421,0,2774,1432,2,"Knox County",470313,276.411666273312,0.353784860557769,38.6976332782636,25.0896743232698,35.3784860557769
2022-07-08,134951,193,103488,125,31463,68,111828,132,570132,304,681960,436,1,1421,0,2774,1430,0,"Knox County",470313,276.836914990655,0.357687675632276,92.7042203808953,41.0365012236532,35.7687675632276
2022-07-07,134758,181,103363,105,31395,76,111696,109,569828,205,681524,314,0,1420,0,2774,1430,4,"Knox County",470313,271.733930382532,0.353159851301115,66.7640486229383,38.4850089195918,35.3159851301115
2022-07-06,134577,227,103258,156,31319,71,111587,158,569623,228,681210,386,3,1420,1,2774,1426,0,"Knox County",470313,263.228956035661,0.361074989163416,82.0730024473064,48.2657294184936,36.1074989163416
2022-07-05,134350,164,103102,118,31248,46,111429,122,569395,118,680824,240,0,1417,1,2773,1426,1,"Knox County",470313,247.920002211293,0.376380220835334,51.0298460812268,34.8703948221716,37.6380220835334
2022-07-04,134186,79,102984,44,31202,35,111307,47,569277,123,680584,170,1,1417,1,2772,1425,0,"Knox County",470313,222.192454812008,0.370490037695207,36.1461409742023,16.7973243350705,37.0490037695207
2022-07-03,134107,105,102940,65,31167,40,111260,69,569154,159,680414,228,0,1416,0,2771,1425,0,"Knox County",470313,226.870190702787,0.365541922290389,48.4783537771654,22.3255576605367,36.5541922290389
2022-07-02,134002,108,102875,75,31127,33,111191,79,568995,200,680186,279,0,1416,0,2771,1425,2,"Knox County",470313,224.74394711607,0.348757915245981,59.3221960694261,22.963430736552,34.8757915245981
2022-07-01,133894,184,102800,124,31094,60,111112,131,568795,318,679907,449,0,1416,1,2771,1423,1,"Knox County",470313,222.830327888024,0.346079380445305,95.4683370436284,39.1228819956072,34.6079380445305
2022-06-30,133710,195,102676,118,31034,77,110981,124,568477,308,679458,432,1,1416,2,2770,1422,1,"Knox County",470313,225.807068909428,0.334249084249084,91.8537229462082,41.4617499409967,33.4249084249084
2022-06-29,133515,184,102558,120,30957,64,110857,131,568169,244,679026,375,2,1415,0,2768,1421,1,"Knox County",470313,216.664221486542,0.323515876668201,79.7341345019168,39.1228819956072,32.3515876668201
2022-06-28,133331,183,102438,116,30893,67,110726,122,567925,265,678651,387,1,1413,0,2768,1420,0,"Knox County",470313,220.704084301306,0.30301724137931,82.2856268059781,38.9102576369354,30.301724137931
2022-06-27,133148,142,102322,100,30826,42,110604,102,567660,167,678264,269,0,1412,0,2768,1420,0,"Knox County",470313,234.099418897628,0.313352625051674,57.1959524827083,30.1926589313925,31.3352625051674
2022-06-26,133006,89,102222,57,30784,32,110502,62,567493,168,677995,230,0,1412,0,2768,1420,0,"Knox County",470313,230.697429158879,0.310202395704254,48.903602494509,18.9235679217883,31.0202395704254
2022-06-25,132917,104,102165,60,30752,44,110440,71,567325,203,677765,274,0,1412,0,2768,1420,0,"Knox County",470313,229.846931724192,0.307533112582781,58.2590742760672,22.1129333018649,30.7533112582781
2022-06-24,132813,145,102105,119,30708,26,110369,128,567122,386,677491,514,0,1412,1,2768,1420,2,"Knox County",470313,221.554581735993,0.298266827891979,109.288920357294,30.8305320074078,29.8266827891979
2022-06-23,132668,185,101986,128,30682,57,110241,136,566736,304,676977,440,1,1412,1,2767,1418,0,"Knox County",470313,219.428338149275,0.302129369224588,93.5547178155824,39.335506354279,30.2129369224588
2022-06-22,132483,182,101858,127,30625,55,110105,131,566432,332,676537,463,0,1411,0,2766,1418,0,"Knox County",470313,219.003089431931,0.291812184710904,98.4450780650333,38.6976332782636,29.1812184710904
2022-06-21,132301,177,101731,87,30570,90,109974,95,566100,175,676074,270,1,1411,1,2766,1418,0,"Knox County",470313,217.727343279901,0.294715447154472,57.4085768413801,37.6345114849047,29.4715447154472
2022-06-20,132124,120,101644,84,30480,36,109879,91,565925,157,675804,248,0,1410,0,2765,1418,1,"Knox County",470313,213.049607389122,0.292742927429274,52.730840950601,25.5149230406134,29.2742927429274
2022-06-19,132004,90,101560,60,30444,30,109788,65,565768,198,675556,263,0,1410,0,2765,1417,0,"Knox County",470313,213.262231747793,0.29004854368932,55.9202063306777,19.13619228046,29.004854368932
2022-06-18,131914,99,101500,81,30414,18,109723,87,565570,194,675293,281,-1,1410,0,2765,1417,0,"Knox County",470313,212.199109954435,0.295683743444937,59.7474447867697,21.049811508506,29.5683743444937
2022-06-17,131815,133,101419,84,30396,49,109636,89,565376,254,675012,343,3,1411,2,2765,1417,1,"Knox County",470313,209.647617650373,0.300693240901213,72.9301550244199,28.2790397033465,30.0693240901213
2022-06-16,131682,138,101335,104,30347,34,109547,108,565122,301,674669,409,1,1408,0,2763,1416,0,"Knox County",470313,199.6542727928,0.292490118577075,86.9633626967573,29.3421614967054,29.2490118577075
2022-06-15,131544,113,101231,81,30313,32,109439,85,564821,264,674260,349,0,1407,0,2763,1416,1,"Knox County",470313,184.983192044447,0.286638927415626,74.2059011764506,24.0265525299109,28.6638927415626
2022-06-14,131431,170,101150,106,30281,64,109354,114,564557,244,673911,358,2,1407,0,2763,1415,0,"Knox County",470313,183.494821533745,0.283873833851622,76.1195204044966,36.1461409742023,28.3873833851622
2022-06-13,131261,117,101044,71,30217,46,109240,71,564313,150,673553,221,1,1405,0,2763,1415,2,"Knox County",470313,182.856948457729,0.278327338129496,46.989983266463,24.877049964598,27.8327338129496
2022-06-12,131144,79,100973,44,30171,35,109169,48,564163,129,673332,177,1,1404,1,2763,1413,1,"Knox County",470313,180.51808051234,0.281571562207671,37.6345114849047,16.7973243350705,28.1571562207671
2022-06-11,131065,102,100929,82,30136,20,109121,93,564034,227,673155,320,0,1403,0,2762,1412,0,"Knox County",470313,181.155953588355,0.279283417547083,68.039794774969,21.6876845845214,27.9283417547083
2022-06-10,130963,122,100847,77,30116,45,109028,88,563807,368,672835,456,0,1403,1,2762,1412,0,"Knox County",470313,178.817085642965,0.265065502183406,96.9567075543308,25.9401717579569,26.5065502183406
2022-06-09,130841,161,100770,107,30071,54,108940,114,563439,330,672379,444,1,1403,0,2761,1412,0,"Knox County",470313,183.707445892416,0.263655913978495,94.4052152502695,34.2325217461563,26.3655913978495
2022-06-08,130680,150,100663,100,30017,50,108826,116,563109,324,671935,440,0,1402,0,2761,1412,0,"Knox County",470313,191.574547163272,0.266556291390728,93.5547178155824,31.8936538007667,26.6556291390728
2022-06-07,130530,121,100563,70,29967,51,108710,71,562785,169,671495,240,0,1402,0,2761,1412,0,"Knox County",470313,181.155953588355,0.261531766753699,51.0298460812268,25.7275473992852,26.1531766753699
2022-06-06,130409,116,100493,79,29916,37,108639,81,562616,280,671255,361,0,1402,1,2761,1412,0,"Knox County",470313,180.943329229683,0.250615258408532,76.7573934805119,24.6644256059263,25.0615258408532
2022-06-05,130293,75,100414,54,29879,21,108558,57,562336,233,670894,290,3,1402,1,2760,1412,0,"Knox County",470313,180.092831794996,0.243041944335555,61.6610640148157,15.9468269003834,24.3041944335555
2022-06-04,130218,86,100360,72,29858,14,108501,76,562103,300,670604,376,0,1399,0,2759,1412,1,"Knox County",470313,176.690842056248,0.231300345224396,79.9467588605886,18.2856948457729,23.1300345224396
2022-06-03,130132,132,100288,90,29844,42,108425,96,561803,346,670228,442,0,1399,1,2759,1411,3,"Knox County",470313,178.817085642965,0.235634400308523,93.9799665329259,28.0664153446747,23.5634400308523
2022-06-02,130000,114,100198,88,29802,26,108329,96,561457,284,669786,380,0,1399,0,2758,1408,0,"Knox County",470313,168.823740785392,0.234480031633057,80.7972562952757,24.2391768885827,23.4480031633057
2022-06-01,129886,169,100110,90,29776,79,108233,105,561173,303,669406,408,1,1399,1,2758,1408,0,"Knox County",470313,172.863603600156,0.233079695634762,86.7507383380855,35.9335166155305,23.3079695634762
2022-05-31,129717,129,100020,94,29697,35,108128,96,560870,214,668998,310,0,1398,2,2757,1408,0,"Knox County",470313,174.56459846953,0.236462797039346,65.9135511882512,27.4285422686594,23.6462797039346
2022-05-30,129588,57,99926,32,29662,25,108032,36,560656,118,668688,154,0,1398,3,2755,1408,0,"Knox County",470313,162.019761307895,0.238135593220339,32.7441512354538,12.1195884442914,23.8135593220339
2022-05-29,129531,56,99894,43,29637,13,107996,46,560538,200,668534,246,0,1398,0,2752,1408,1,"Knox County",470313,157.979898493131,0.237910189982729,52.3055922332574,11.9069640856196,23.7910189982729
2022-05-28,129475,69,99851,56,29624,13,107950,58,560338,229,668288,287,0,1398,0,2752,1407,0,"Knox County",470313,154.365284395711,0.23933542882802,61.0231909388003,14.6710807483527,23.933542882802
2022-05-27,129406,98,99795,66,29611,32,107892,67,560109,417,668001,484,2,1398,2,2752,1407,0,"Knox County",470313,147.13605620087,0.222124283825474,102.910189597141,20.8371871498343,22.2124283825474
2022-05-26,129308,102,99729,78,29579,24,107825,82,559692,367,667517,449,1,1396,3,2750,1407,1,"Knox County",470313,144.584563896809,0.209580838323353,95.4683370436284,21.6876845845214,20.9580838323353
2022-05-25,129206,108,99651,79,29555,29,107743,86,559325,264,667068,350,2,1395,0,2747,1406,1,"Knox County",470313,131.614478017831,0.206578947368421,74.4185255351224,22.963430736552,20.6578947368421
2022-05-24,129098,106,99572,68,29526,38,107657,73,559061,281,666718,354,0,1393,1,2747,1405,0,"Knox County",470313,126.72411776838,0.192771084337349,75.2690229698095,22.5381820192085,19.2771084337349
2022-05-23,128992,107,99504,71,29488,36,107584,70,558780,337,666364,407,1,1393,2,2746,1405,0,"Knox County",470313,137.355335701969,0.187039192859915,86.5381139794137,22.7508063778803,18.7039192859915
2022-05-22,128885,47,99433,38,29452,9,107514,40,558443,180,665957,220,1,1392,2,2744,1405,0,"Knox County",470313,135.441716473923,0.186593492747942,46.7773589077912,9.99334485757357,18.6593492747942
2022-05-21,128838,55,99395,45,29443,10,107474,49,558263,208,665737,257,0,1391,3,2742,1405,0,"Knox County",470313,132.464975452518,0.185243950813169,54.644460178647,11.6943397269478,18.5243950813169
2022-05-20,128783,87,99350,59,29433,28,107425,63,558055,225,665480,288,0,1391,1,2739,1405,0,"Knox County",470313,130.126107507128,0.199139784946237,61.2358152974721,18.4983192044447,19.9139784946237
2022-05-19,128696,95,99291,67,29405,28,107362,69,557830,254,665192,323,6,1391,1,2738,1405,0,"Knox County",470313,128.637736996426,0.204638472032742,68.6776678509843,20.1993140738189,20.4638472032742
2022-05-18,128601,82,99224,54,29377,28,107293,56,557576,239,664869,295,1,1385,1,2737,1405,0,"Knox County",470313,123.10950367096,0.19589552238806,62.7241858081746,17.4351974110858,19.589552238806
2022-05-17,128519,80,99170,51,29349,29,107237,54,557337,315,664574,369,2,1384,0,2736,1405,0,"Knox County",470313,117.581270345493,0.185734136174155,78.4583883498861,17.0099486937423,18.5734136174155
2022-05-16,128439,64,99119,40,29320,24,107183,39,557022,254,664205,293,0,1382,1,2736,1405,1,"Knox County",470313,108.438422922607,0.180929095354523,62.298937090831,13.6079589549938,18.0929095354523
2022-05-15,128375,39,99079,25,29296,14,107144,27,556768,174,663912,201,0,1382,1,2735,1404,0,"Knox County",470313,106.737428053233,0.176209279368213,42.7374960930274,8.29234998819935,17.6209279368213
2022-05-14,128336,29,99054,21,29282,8,107117,22,556594,145,663711,167,0,1382,1,2734,1404,0,"Knox County",470313,101.209194727766,0.170454545454545,35.508267898187,6.16610640148157,17.0454545454545
2022-05-13,128307,77,99033,55,29274,22,107095,58,556449,251,663544,309,-3,1382,0,2733,1404,1,"Knox County",470313,99.0829511410486,0.166070516096065,65.7009268295794,16.3720756177269,16.6070516096065
2022-05-12,128230,72,98978,45,29252,27,107037,49,556198,301,663235,350,1,1385,0,2733,1403,1,"Knox County",470313,94.1925908915977,0.153729838709677,74.4185255351224,15.308953824368,15.3729838709677
2022-05-11,128158,47,98933,33,29225,14,106988,35,555897,177,662885,212,0,1384,0,2733,1402,0,"Knox County",470313,86.7507383380855,0.149395055234087,45.076364038417,9.99334485757357,14.9395055234087
2022-05-10,128111,78,98900,40,29211,38,106953,43,555720,322,662673,365,1,1384,3,2733,1402,1,"Knox County",470313,86.3254896207419,0.143911439114391,77.607890915199,16.5846999763987,14.3911439114391
2022-05-09,128033,54,98860,31,29173,23,106910,32,555398,181,662308,213,0,1383,1,2730,1401,0,"Knox County",470313,84.1992460340242,0.146395156851954,45.2889883970888,11.481715368276,14.6395156851954
2022-05-08,127979,31,98829,23,29150,8,106878,24,555217,133,662095,157,0,1383,0,2729,1401,0,"Knox County",470313,82.4982511646499,0.148336153412296,33.3820243114692,6.59135511882512,14.8336153412296
2022-05-07,127948,17,98806,10,29142,7,106854,13,555084,174,661938,187,0,1383,0,2729,1401,0,"Knox County",470313,79.9467588605886,0.141662018962632,39.7607550716225,3.61461409742023,14.1662018962632
2022-05-06,127931,51,98796,30,29135,21,106841,34,554910,209,661751,243,0,1383,1,2729,1401,1,"Knox County",470313,74.4185255351224,0.13317892298784,51.6677191572421,10.8438422922607,13.317892298784
2022-05-05,127880,48,98766,31,29114,17,106807,34,554701,185,661508,219,1,1383,0,2728,1400,0,"Knox County",470313,69.3155409269997,0.134711779448622,46.5647345491194,10.2059692162454,13.4711779448622
2022-05-04,127832,54,98735,35,29097,19,106773,38,554516,249,661289,287,1,1382,0,2728,1400,0,"Knox County",470313,70.8039114377021,0.130460801915021,61.0231909388003,11.481715368276,13.0460801915021
2022-05-03,127778,34,98700,21,29078,13,106735,24,554267,145,661002,169,0,1381,0,2728,1400,1,"Knox County",470313,61.4484396561439,0.134915254237288,35.9335166155305,7.22922819484046,13.4915254237288
2022-05-02,127744,37,98679,28,29065,9,106711,32,554122,190,660833,222,3,1381,2,2728,1399,0,"Knox County",470313,57.8338255587237,0.134097035040431,47.2026076251348,7.86710127085579,13.4097035040431
2022-05-01,127707,14,98651,9,29056,5,106679,9,553932,82,660611,91,0,1378,0,2726,1399,0,"Knox County",470313,54.2192114613034,0.129760225669958,19.3488166391318,2.97674102140489,12.9760225669958
2022-04-30,127693,19,98642,14,29051,5,106670,15,553850,141,660520,156,0,1378,0,2726,1399,0,"Knox County",470313,54.644460178647,0.134102379235761,33.1693999527974,4.03986281476378,13.4102379235761
2022-04-29,127674,24,98628,14,29046,10,106655,13,553709,200,660364,213,0,1378,0,2726,1399,1,"Knox County",470313,48.903602494509,0.121591746499632,45.2889883970888,5.10298460812268,12.1591746499632
2022-04-28,127650,32,98614,25,29036,7,106642,26,553509,226,660151,252,1,1378,0,2726,1398,0,"Knox County",470313,45.5016127557605,0.11294964028777,53.5813383852881,6.8039794774969,11.294964028777
2022-04-27,127618,34,98589,24,29029,10,106616,26,553283,181,659899,207,0,1377,0,2726,1398,0,"Knox County",470313,41.249125582325,0.110687022900763,44.0132422450581,7.22922819484046,11.0687022900763
2022-04-26,127584,41,98565,21,29019,20,106590,21,553102,240,659692,261,0,1377,0,2726,1398,0,"Knox County",470313,42.7374960930274,0.101283880171184,55.4949576133341,8.7175987055429,10.1283880171184
2022-04-25,127543,61,98544,16,28999,45,106569,17,552862,101,659431,118,0,1377,2,2726,1398,1,"Knox County",470313,47.8404807011501,0.0978428351309707,25.0896743232698,12.9700858789785,9.78428351309707
2022-04-24,127482,15,98528,11,28954,4,106552,12,552761,148,659313,160,1,1377,0,2724,1397,1,"Knox County",470313,48.0531050598219,0.0950987564008778,34.0198973874845,3.18936538007667,9.50987564008778
2022-04-23,127467,12,98517,5,28950,7,106540,7,552613,197,659153,204,0,1376,0,2724,1396,0,"Knox County",470313,46.5647345491194,0.0862190812720848,43.3753691690427,2.55149230406134,8.62190812720848
2022-04-22,127455,25,98512,18,28943,7,106533,20,552416,210,658949,230,0,1376,0,2724,1396,0,"Knox County",470313,46.7773589077912,0.0900837988826816,48.903602494509,5.31560896679445,9.00837988826816
2022-04-21,127430,32,98494,23,28936,9,106513,23,552206,231,658719,254,0,1376,0,2724,1396,0,"Knox County",470313,46.7773589077912,0.0878661087866109,54.0065871026317,6.8039794774969,8.78661087866109
2022-04-20,127398,55,98471,32,28927,23,106490,34,551975,247,658465,281,1,1376,0,2724,1396,1,"Knox County",470313,51.2424704398985,0.0888594164456233,59.7474447867697,11.6943397269478,8.88594164456233
2022-04-19,127343,30,98439,16,28904,14,106456,17,551728,151,658184,168,0,1375,0,2724,1395,0,"Knox County",470313,48.903602494509,0.0918727915194346,35.7208922568587,6.37873076015334,9.18727915194346
2022-04-18,127313,38,98423,21,28890,17,106439,21,551577,117,658016,138,0,1375,1,2724,1395,0,"Knox County",470313,44.0132422450581,0.0933797909407666,29.3421614967054,8.07972562952757,9.33797909407665
2022-04-17,127275,16,98402,10,28873,6,106418,9,551460,101,657878,110,0,1375,0,2723,1395,1,"Knox County",470313,44.2258666037299,0.0945848375451264,23.3886794538956,3.40198973874845,9.45848375451263
2022-04-16,127259,10,98392,10,28867,0,106409,12,551359,126,657768,138,0,1375,0,2723,1394,0,"Knox County",470313,43.8006178863863,0.103108415466262,29.3421614967054,2.12624358671778,10.3108415466262
2022-04-15,127249,18,98382,13,28867,5,106397,13,551233,198,657630,211,0,1375,0,2723,1394,0,"Knox County",470313,42.3122473756839,0.0992307692307692,44.8637396797452,3.82723845609201,9.92307692307692
2022-04-14,127231,18,98369,5,28862,13,106384,6,551035,158,657419,164,1,1375,0,2723,1394,1,"Knox County",470313,39.335506354279,0.0925619834710744,34.8703948221716,3.82723845609201,9.25619834710744
2022-04-13,127213,39,98364,26,28849,13,106378,28,550877,209,657255,237,-1,1374,0,2723,1393,1,"Knox County",470313,35.9335166155305,0.0909090909090909,50.3919730052114,8.29234998819935,9.09090909090909
2022-04-12,127174,23,98338,6,28836,17,106350,8,550668,192,657018,200,5,1375,0,2723,1392,0,"Knox County",470313,34.4451461048281,0.0809682804674457,42.5248717343556,4.8903602494509,8.09682804674457
2022-04-11,127151,22,98332,13,28819,9,106342,13,550476,173,656818,186,1,1370,2,2723,1392,1,"Knox County",470313,31.0431563660796,0.0714285714285714,39.5481307129507,4.67773589077912,7.14285714285714
2022-04-10,127129,9,98319,7,28810,2,106329,7,550303,110,656632,117,0,1369,1,2721,1391,0,"Knox County",470313,29.5547858553772,0.0694333599361532,24.877049964598,1.913619228046,6.94333599361532
2022-04-09,127120,7,98312,5,28808,2,106322,5,550193,148,656515,153,0,1369,0,2720,1391,0,"Knox County",470313,28.9169127793618,0.0630914826498423,32.5315268767821,1.48837051070245,6.30914826498423
2022-04-08,127113,18,98307,15,28806,3,106317,16,550045,176,656362,192,1,1369,0,2720,1391,0,"Knox County",470313,28.9169127793618,0.066453162530024,40.8238768649814,3.82723845609201,6.6453162530024
2022-04-07,127095,16,98292,7,28803,9,106301,10,549869,181,656170,191,5,1368,0,2720,1391,0,"Knox County",470313,28.4916640620183,0.0681818181818182,40.6112525063096,3.40198973874845,6.81818181818182
2022-04-06,127079,21,98285,14,28794,7,106291,16,549688,204,655979,220,-1,1363,0,2720,1391,2,"Knox County",470313,24.6644256059263,0.0595710881652105,46.7773589077912,4.46511153210734,5.95710881652105
2022-04-05,127058,15,98271,12,28787,3,106275,13,549484,198,655759,211,4,1364,0,2720,1389,2,"Knox County",470313,22.963430736552,0.062992125984252,44.8637396797452,3.18936538007667,6.2992125984252
2022-04-04,127043,16,98259,5,28784,11,106262,7,549286,158,655548,165,8,1360,2,2720,1387,0,"Knox County",470313,21.6876845845214,0.0592473979183347,35.0830191808434,3.40198973874845,5.92473979183347
2022-04-03,127027,5,98254,4,28773,1,106255,3,549128,75,655383,78,1,1352,0,2718,1387,1,"Knox County",470313,20.8371871498343,0.0578512396694215,16.5846999763987,1.06312179335889,5.78512396694215
2022-04-02,127022,2,98250,2,28772,0,106252,3,549053,116,655305,119,0,1351,0,2718,1386,1,"Knox County",470313,19.7740653564754,0.0578231292517007,25.3022986819416,0.425248717343556,5.78231292517007
2022-04-01,127020,19,98248,8,28772,11,106249,8,548937,231,655186,239,4,1351,0,2718,1385,0,"Knox County",470313,19.9866897151471,0.0490596892886345,50.817221722555,4.03986281476378,4.90596892886345
2022-03-31,127001,17,98240,7,28761,10,106241,8,548706,238,654947,246,3,1347,0,2718,1385,0,"Knox County",470313,20.1993140738189,0.0453834115805947,52.3055922332574,3.61461409742023,4.53834115805947
2022-03-30,126984,22,98233,10,28751,12,106233,9,548468,256,654701,265,0,1344,1,2718,1385,0,"Knox County",470313,20.4119384324907,0.0385487528344671,56.3454550480212,4.67773589077912,3.85487528344671
2022-03-29,126962,20,98223,8,28739,12,106224,8,548212,192,654436,200,2,1344,0,2717,1385,3,"Knox County",470313,21.4750602258496,0.0350609756097561,42.5248717343556,4.25248717343556,3.50609756097561
2022-03-28,126942,19,98215,12,28727,7,106216,16,548020,332,654236,348,3,1342,0,2717,1382,0,"Knox County",470313,22.1129333018649,0.0367892976588629,73.9932768177788,4.03986281476378,3.67892976588629
2022-03-27,126923,4,98203,3,28720,1,106200,3,547688,73,653888,76,0,1339,0,2717,1382,1,"Knox County",470313,21.9003089431931,0.0368385800401875,16.1594512590551,0.850497434687113,3.68385800401875
2022-03-26,126919,9,98200,6,28719,3,106197,6,547615,166,653812,172,0,1339,1,2717,1381,1,"Knox County",470313,23.3886794538956,0.03751617076326,36.5713896915458,1.913619228046,3.751617076326
2022-03-25,126910,15,98194,7,28716,8,106191,8,547449,244,653640,252,0,1339,1,2716,1380,1,"Knox County",470313,22.5381820192085,0.0372033354714561,53.5813383852881,3.18936538007667,3.72033354714561
2022-03-24,126895,56,98187,9,28708,47,106183,10,547205,187,653388,197,1,1339,0,2715,1379,2,"Knox County",470313,30.8305320074078,0.0397350993377483,41.8869986583403,11.9069640856196,3.97350993377483
2022-03-23,126839,11,98178,6,28661,5,106173,6,547018,201,653191,207,0,1338,0,2715,1377,1,"Knox County",470313,28.4916640620183,0.0392561983471074,44.0132422450581,2.33886794538956,3.92561983471074
2022-03-22,126828,16,98172,11,28656,5,106167,11,546817,150,652984,161,0,1338,1,2715,1376,4,"Knox County",470313,27.6411666273312,0.0424628450106157,34.2325217461563,3.40198973874845,4.24628450106157
2022-03-21,126812,13,98161,6,28651,7,106156,6,546667,125,652823,131,7,1338,1,2714,1372,0,"Knox County",470313,26.3654204753005,0.0418060200668896,27.8537909860029,2.76411666273312,4.18060200668896
2022-03-20,126799,11,98155,8,28644,3,106150,10,546542,98,652692,108,1,1331,0,2713,1372,0,"Knox County",470313,27.8537909860029,0.0464169381107492,22.963430736552,2.33886794538956,4.64169381107492
2022-03-19,126788,11,98147,10,28641,1,106140,11,546444,175,652584,186,0,1330,0,2713,1372,0,"Knox County",470313,28.2790397033465,0.0499194847020934,39.5481307129507,2.33886794538956,4.99194847020934
2022-03-18,126777,24,98137,15,28640,9,106129,14,546269,219,652398,233,0,1330,1,2713,1372,2,"Knox County",470313,30.1926589313925,0.0556009811937858,49.5414755705243,5.10298460812268,5.56009811937858
2022-03-17,126753,36,98122,25,28631,11,106115,31,546050,209,652165,240,1,1330,0,2712,1370,2,"Knox County",470313,25.9401717579569,0.0703001579778831,51.0298460812268,7.65447691218401,7.03001579778831
2022-03-16,126717,22,98097,9,28620,13,106084,12,545841,236,651925,248,3,1329,2,2712,1368,2,"Knox County",470313,28.2790397033465,0.0726855394032135,52.730840950601,4.67773589077912,7.26855394032135
2022-03-15,126695,55,98088,18,28607,37,106072,19,545605,257,651677,276,1,1326,1,2710,1366,2,"Knox County",470313,36.5713896915458,0.0724331926863572,58.6843229934108,11.6943397269478,7.24331926863572
2022-03-14,126640,21,98070,16,28570,5,106053,22,545348,228,651401,250,10,1325,0,2709,1364,3,"Knox County",470313,38.2723845609201,0.0772225827384815,53.1560896679445,4.46511153210734,7.72225827384815
2022-03-13,126619,5,98054,5,28565,0,106031,10,545120,484,651151,494,2,1315,0,2709,1361,1,"Knox County",470313,36.9966384088894,0.0617540217955371,105.036433183858,1.06312179335889,6.17540217955371
2022-03-12,126614,9,98049,8,28565,1,106021,9,544636,293,650657,302,0,1313,3,2709,1360,2,"Knox County",470313,36.5713896915458,0.0572687224669604,64.212556318877,1.913619228046,5.72687224669604
2022-03-11,126605,20,98041,13,28564,7,106012,15,544343,467,650355,482,9,1313,0,2706,1358,4,"Knox County",470313,35.7208922568587,0.0514834205933682,102.484940879797,4.25248717343556,5.14834205933682
2022-03-10,126585,28,98028,20,28557,8,105997,23,543876,459,649873,482,4,1304,1,2706,1354,2,"Knox County",470313,34.0198973874845,0.0434096290449882,102.484940879797,5.95348204280979,4.34096290449882
2022-03-09,126557,64,98008,19,28549,45,105974,23,543417,419,649391,442,1,1300,2,2705,1352,2,"Knox County",470313,42.9501204516992,0.0443548387096774,93.9799665329259,13.6079589549938,4.43548387096774
2022-03-08,126493,36,97989,18,28504,18,105951,19,542998,311,648949,330,1,1299,1,2703,1350,3,"Knox County",470313,38.9102576369354,0.0434938892882818,70.1660383616868,7.65447691218401,4.34938892882818
2022-03-07,126457,27,97971,22,28486,5,105932,25,542687,267,648619,292,4,1298,2,2702,1347,0,"Knox County",470313,40.1860037889661,0.0439093484419263,62.0863127321592,5.74085768413801,4.39093484419263
2022-03-06,126430,14,97949,11,28481,3,105907,13,542420,212,648327,225,2,1294,2,2700,1347,0,"Knox County",470313,42.0996230170121,0.049706457925636,47.8404807011501,2.97674102140489,4.9706457925636
2022-03-05,126416,19,97938,10,28478,9,105894,11,542208,266,648102,277,0,1292,1,2698,1347,2,"Knox County",470313,44.2258666037299,0.0509881422924901,58.8969473520825,4.03986281476378,5.09881422924901
2022-03-04,126397,53,97928,29,28469,24,105883,30,541942,380,647825,410,1,1292,1,2697,1345,2,"Knox County",470313,51.2424704398985,0.0585842148087876,87.175987055429,11.2690910096042,5.85842148087876
2022-03-03,126344,45,97899,29,28445,16,105853,34,541562,326,647415,360,8,1291,4,2696,1343,2,"Knox County",470313,54.8570845373188,0.0663527397260274,76.5447691218401,9.56809614023002,6.63527397260274
2022-03-02,126299,37,97870,29,28429,8,105819,36,541236,338,647055,374,-2,1283,1,2692,1341,7,"Knox County",470313,49.1162268531808,0.0740740740740741,79.521510143245,7.86710127085579,7.40740740740741
2022-03-01,126262,92,97841,48,28421,44,105783,60,540898,391,646681,451,3,1285,3,2691,1334,2,"Knox County",470313,61.0231909388003,0.0874843030556718,95.893585760972,19.5614409978036,8.74843030556718
2022-02-28,126170,133,97793,89,28377,44,105723,96,540507,549,646230,645,10,1282,4,2688,1332,5,"Knox County",470313,83.5613729580088,0.102115244347192,137.142711343297,28.2790397033465,10.2115244347192
2022-02-27,126037,3,97704,3,28333,0,105627,5,539958,75,645585,80,1,1272,1,2684,1327,5,"Knox County",470313,81.2225050126193,0.104736234116288,17.0099486937423,0.637873076015334,10.4736234116288
2022-02-26,126034,46,97701,32,28333,14,105622,35,539883,275,645505,310,0,1271,2,2683,1322,0,"Knox County",470313,86.9633626967573,0.11254752851711,65.9135511882512,9.7807204989018,11.254752851711
2022-02-25,125988,106,97669,66,28319,40,105587,74,539608,406,645195,480,2,1271,5,2681,1322,6,"Knox County",470313,98.2324537063615,0.125925925925926,102.059692162454,22.5381820192085,12.5925925925926
2022-02-24,125882,142,97603,84,28279,58,105513,94,539202,463,644715,557,1,1269,4,2676,1316,3,"Knox County",470313,118.857016497524,0.138073869520193,118.43176778018,30.1926589313925,13.8073869520193
2022-02-23,125740,142,97519,96,28221,46,105419,115,538739,413,644158,528,6,1268,1,2672,1313,4,"Knox County",470313,141.182574158061,0.156997705670272,112.265661378699,30.1926589313925,15.6997705670272
2022-02-22,125598,142,97423,87,28175,55,105304,100,538326,356,643630,456,11,1262,7,2671,1309,3,"Knox County",470313,151.81379209165,0.169829842931937,96.9567075543308,30.1926589313925,16.9829842931937
2022-02-21,125456,72,97336,47,28120,25,105204,50,537970,290,643174,340,0,1251,1,2664,1306,5,"Knox County",470313,138.843706212671,0.171937477280989,72.2922819484046,15.308953824368,17.1937477280989
2022-02-20,125384,72,97289,48,28095,24,105154,57,537680,289,642834,346,0,1251,1,2663,1301,2,"Knox County",470313,153.514786961024,0.174013921113689,73.5680281004352,15.308953824368,17.4013921113689
2022-02-19,125312,89,97241,54,28071,35,105097,68,537391,322,642488,390,0,1251,1,2662,1299,4,"Knox County",470313,162.65763438391,0.180174362286083,82.9234998819935,18.9235679217883,18.0174362286083
2022-02-18,125223,141,97187,92,28036,49,105029,113,537069,498,642098,611,0,1251,3,2661,1295,4,"Knox County",470313,170.099486937423,0.184944237918216,129.913483148456,29.9800345727207,18.4944237918216
2022-02-17,125082,281,97095,219,27987,62,104916,259,536571,1208,641487,1467,1,1251,2,2658,1291,2,"Knox County",470313,199.6542727928,0.184146930884485,311.919934171499,59.7474447867697,18.4146930884485
2022-02-16,124801,224,96876,145,27925,79,104657,160,535363,546,640020,706,3,1250,3,2656,1289,3,"Knox County",470313,217.089470203885,0.186978683966636,150.112797222275,47.6278563424783,18.6978683966636
2022-02-15,124577,273,96731,214,27846,59,104497,241,534817,592,639314,833,5,1247,6,2653,1286,4,"Knox County",470313,244.943261189888,0.202002983166418,177.116090773591,58.0464499173954,20.2002983166418
2022-02-14,124304,341,96517,205,27787,136,104256,246,534225,602,638481,848,19,1242,8,2647,1282,1,"Knox County",470313,302.139213672597,0.219957700442223,180.305456153668,72.5049063070764,21.9957700442223
2022-02-13,123963,119,96312,100,27651,19,104010,116,533623,283,637633,399,1,1223,1,2639,1281,3,"Knox County",470313,312.13255853017,0.228968405024743,84.8371191100395,25.3022986819416,22.8968405024743
2022-02-12,123844,153,96212,109,27632,44,103894,127,533340,414,637234,541,0,1222,3,2638,1278,6,"Knox County",470313,325.740517485164,0.233487511563367,115.029778041432,32.5315268767821,23.3487511563367
2022-02-11,123691,341,96103,251,27588,90,103767,280,532926,631,636693,911,3,1222,10,2635,1272,5,"Knox County",470313,368.26538921952,0.250482033304119,193.70079074999,72.5049063070764,25.0482033304119
2022-02-10,123350,423,95852,275,27498,148,103487,303,532295,555,635782,858,7,1219,12,2625,1267,3,"Knox County",470313,398.458048150912,0.289050235478807,182.431699740386,89.9401037181622,28.9050235478807
2022-02-09,122927,437,95577,306,27350,131,103184,370,531740,606,634924,976,8,1212,4,2613,1264,6,"Knox County",470313,443.747036548001,0.313641446142378,207.521374063655,92.916844739567,31.3641446142378
2022-02-08,122490,455,95271,334,27219,121,102814,391,531134,462,633948,853,6,1204,8,2609,1258,12,"Knox County",470313,482.444669826265,0.340326773115485,181.368577947027,96.7440831956591,34.0326773115485
2022-02-07,122035,589,94937,410,27098,179,102423,442,530672,624,633095,1066,10,1198,11,2601,1246,5,"Knox County",470313,535.175510776866,0.362062812276945,226.657566344116,125.235747257677,36.2062812276945
2022-02-06,121446,252,94527,185,26919,67,101981,214,530048,435,632029,649,0,1188,13,2590,1241,5,"Knox County",470313,563.454550480212,0.363341305090536,137.993208777984,53.5813383852881,36.3341305090536
2022-02-05,121194,270,94342,193,26852,77,101767,220,529613,496,631380,716,0,1188,7,2577,1236,11,"Knox County",470313,588.33160044481,0.368220268701277,152.239040808993,57.4085768413801,36.8220268701277
2022-02-04,120924,648,94149,509,26775,139,101547,580,529117,963,630664,1543,3,1188,3,2570,1225,0,"Knox County",470313,653.607278557046,0.378321573337337,328.079385430554,137.780584419312,37.8321573337337
2022-02-03,120276,1639,93640,501,26636,1138,100967,504,528154,741,629121,1245,1,1185,13,2567,1225,2,"Knox County",470313,912.158498701928,0.386066969353008,264.717326546364,348.491323863044,38.6066969353008
2022-02-02,118637,718,93139,539,25498,179,100463,603,527413,904,627876,1507,7,1184,6,2554,1223,9,"Knox County",470313,971.905943488698,0.389761182214012,320.42490851837,152.664289526337,38.9761182214012
2022-02-01,117919,936,92600,737,25319,199,99860,831,526509,1139,626369,1970,5,1177,12,2548,1214,7,"Knox County",470313,1074.17826000982,0.390294388224471,418.869986583403,199.016399716784,39.0294388224471
2022-01-31,116983,714,91863,518,25120,196,99029,522,525370,605,624399,1127,11,1172,13,2536,1207,2,"Knox County",470313,1100.7563048438,0.396711202466598,239.627652223094,151.81379209165,39.6711202466598
2022-01-30,116269,387,91345,319,24924,68,98507,336,524765,569,623272,905,1,1161,7,2523,1205,6,"Knox County",470313,1129.46059326449,0.398979252191279,192.425044597959,82.2856268059781,39.8979252191279
2022-01-29,115882,677,91026,588,24856,89,98171,644,524196,912,622367,1556,0,1160,5,2516,1199,3,"Knox County",470313,1215.9987072439,0.407997564193647,330.843502093287,143.946690820794,40.7997564193647
2022-01-28,115205,935,90438,773,24767,162,97527,834,523284,1040,620811,1874,3,1160,15,2511,1196,6,"Knox County",470313,1277.0218981827,0.41967792615868,398.458048150912,198.803775358113,41.967792615868
2022-01-27,114270,1429,89665,1198,24605,231,96693,1272,522244,1472,618937,2744,7,1157,13,2496,1190,8,"Knox County",470313,1232.37078286163,0.431567234443208,583.441240195359,303.840208541971,43.1567234443208
2022-01-26,112841,993,88467,801,24374,192,95421,850,520772,965,616193,1815,4,1150,4,2483,1182,8,"Knox County",470313,1290.84248149637,0.441080810607956,385.913210989277,211.135988161076,44.1080810607956
2022-01-25,111848,1021,87666,768,24182,253,94571,804,519807,930,614378,1734,7,1146,11,2479,1174,6,"Knox County",470313,1308.91555198347,0.4476393024245,368.690637936863,217.089470203885,44.76393024245
2022-01-24,110827,1321,86898,1084,23929,237,93767,1161,518877,1550,612644,2711,13,1139,15,2468,1168,5,"Knox County",470313,1437.97853769724,0.442386985531149,576.424636359191,280.876777805419,44.2386985531149
2022-01-23,109506,769,85814,680,23692,89,92606,709,517327,818,609933,1527,0,1126,7,2453,1163,10,"Knox County",470313,1519.20104270985,0.449394742496956,324.677395691805,163.508131818597,44.9394742496956
2022-01-22,108737,901,85134,738,23603,163,91897,770,516509,1056,608406,1826,0,1126,14,2446,1153,3,"Knox County",470313,1566.82889905233,0.449722436933455,388.252078934667,191.574547163272,44.9722436933455
2022-01-21,107836,1514,84396,1228,23440,286,91127,1289,515453,1348,606580,2637,1,1126,6,2432,1150,6,"Knox County",470313,1689.93840272329,0.45718287314926,560.690433817479,321.913279029072,45.718287314926
2022-01-20,106322,1409,83168,1167,23154,242,89838,1214,514105,1152,603943,2366,11,1125,11,2426,1144,2,"Knox County",470313,1685.68591554986,0.465038314176245,503.069232617427,299.587721368535,46.5038314176245
2022-01-19,104913,1668,82001,1307,22912,361,88624,1343,512953,1331,601577,2674,4,1114,7,2415,1142,2,"Knox County",470313,1829.20735765331,0.47108239095315,568.557535088335,354.657430264526,47.108239095315
2022-01-18,103245,1043,80694,663,22551,380,87281,691,511622,686,598903,1377,6,1110,7,2408,1140,4,"Knox County",470313,1833.88509354409,0.474732107421617,292.783741891039,221.767206094665,47.4732107421617
2022-01-17,102202,1090,80031,859,22171,231,86590,903,510936,1279,597526,2182,7,1104,13,2401,1136,3,"Knox County",470313,1784.76886669091,0.474261429844403,463.94635062182,231.760550952238,47.4261429844403
2022-01-16,101112,770,79172,690,21940,80,85687,716,509657,1073,595344,1789,0,1097,7,2388,1133,4,"Knox County",470313,1784.98149104958,0.466365901286109,380.384977663811,163.720756177269,46.6365901286109
2022-01-15,100342,751,78482,598,21860,153,84971,626,508584,816,593555,1442,1,1097,12,2381,1129,2,"Knox County",470313,1753.08783724881,0.468791041681067,306.604325204704,159.680893362505,46.8791041681067
2022-01-14,99591,1304,77884,1051,21707,253,84345,1096,507768,1188,592113,2284,6,1096,10,2369,1127,6,"Knox County",470313,1708.43672192774,0.466841434037126,485.634035206341,277.262163707999,46.6841434037126
2022-01-13,98287,1400,76833,1053,21454,347,83249,1105,506580,1401,589829,2506,6,1090,11,2359,1121,6,"Knox County",470313,1706.52310269969,0.454609232496141,532.836642831476,297.674102140489,45.4609232496141
2022-01-12,96887,1167,75780,888,21107,279,82144,935,505179,1058,587323,1993,1,1084,4,2348,1115,0,"Knox County",470313,1599.99829900513,0.447358726884255,423.760346832854,248.132626569965,44.7358726884256
2022-01-11,95720,1364,74892,1060,20828,304,81209,1095,504121,1283,585330,2378,2,1083,10,2344,1115,3,"Knox County",470313,1668.25071813877,0.444352957321257,505.620724921488,290.019625228305,44.4352957321257
2022-01-10,94356,1000,73832,685,20524,315,80114,714,502838,812,582952,1526,3,1081,5,2334,1112,1,"Knox County",470313,1649.11452585831,0.451717200747234,324.464771333133,212.624358671778,45.1717200747234
2022-01-09,93356,740,73147,627,20209,113,79400,663,502026,1205,581426,1868,5,1078,2,2329,1111,2,"Knox County",470313,1642.73579509816,0.445381153104237,397.182301998882,157.342025417116,44.5381153104237
2022-01-08,92616,623,72520,477,20096,146,78737,510,500821,912,579558,1422,0,1073,10,2327,1109,4,"Knox County",470313,1615.51987718817,0.437719109966373,302.351838031269,132.464975452518,43.7719109966373
2022-01-07,91993,966,72043,749,19950,217,78227,769,499909,1091,578136,1860,0,1073,7,2317,1105,0,"Knox County",470313,1543.65284395711,0.427285471851251,395.481307129507,205.395130476938,42.7285471851251
2022-01-06,91027,1164,71294,742,19733,422,77458,780,498818,1010,576276,1790,2,1073,7,2310,1105,4,"Knox County",470313,1493.47349531057,0.425800420659033,380.597602022483,247.49475349395,42.5800420659032
2022-01-05,89863,1213,70552,900,19311,313,76678,942,497808,1255,574486,2197,1,1071,8,2303,1101,1,"Knox County",470313,1503.25421580947,0.419676405183652,467.135716001897,257.913347068867,41.9676405183652
2022-01-04,88650,922,69652,576,18998,346,75736,566,496553,1040,572289,1606,0,1070,6,2295,1100,5,"Knox County",470313,1409.27424927655,0.402966826962263,341.474720026876,196.039658695379,40.2966826962263
2022-01-03,87728,714,69076,538,18652,176,75170,504,495513,820,570683,1324,6,1070,6,2289,1095,2,"Knox County",470313,1348.46368269642,0.392309604707052,281.514650881434,151.81379209165,39.2309604707052
2022-01-02,87014,290,68538,208,18476,82,74666,265,494693,651,569359,916,3,1064,9,2283,1093,4,"Knox County",470313,1252.78272129412,0.390103463787674,194.763912543349,61.6610640148157,39.0103463787674
2022-01-01,86724,265,68330,216,18394,49,74401,237,494042,767,568443,1004,0,1061,15,2274,1089,0,"Knox County",470313,1176.66320088962,0.379826119472749,213.474856106465,56.3454550480212,37.9826119472749
2021-12-31,86459,591,68114,429,18345,162,74164,470,493275,1008,567439,1478,0,1061,5,2259,1089,3,"Knox County",470313,1096.9290663877,0.36490547746001,314.258802116888,125.660995975021,36.490547746001
2021-12-30,85868,580,67685,403,18183,177,73694,403,492267,918,565961,1321,2,1061,6,2254,1086,2,"Knox County",470313,972.756440923385,0.343997562461913,280.876777805419,123.322128029631,34.3997562461914
2021-12-29,85288,631,67282,476,18006,155,73291,503,491349,1195,564640,1698,1,1059,5,2248,1084,2,"Knox County",470313,849.00906417641,0.315395314004493,361.036161024679,134.165970321892,31.5395314004493
2021-12-28,84657,428,66806,261,17851,167,72788,281,490154,977,562942,1258,1,1058,5,2243,1082,0,"Knox County",470313,743.972630992552,0.295921769085454,267.481443209097,91.003225511521,29.5921769085454
2021-12-27,84229,313,66545,233,17684,80,72507,254,489177,905,561684,1159,2,1057,1,2238,1082,1,"Knox County",470313,658.710263165169,0.273149196287073,246.431631700591,66.5514242642666,27.3149196287073
2021-12-26,83916,61,66312,49,17604,12,72253,60,488272,426,560525,486,7,1055,1,2237,1081,0,"Knox County",470313,610.019285029332,0.26273203236554,103.335438314484,12.9700858789785,26.273203236554
2021-12-25,83855,85,66263,63,17592,22,72193,74,487846,489,560039,563,1,1048,1,2236,1081,0,"Knox County",470313,571.746900468411,0.256812759010423,119.707513932211,18.0730704871011,25.6812759010423
2021-12-24,83770,175,66200,124,17570,51,72119,138,487357,848,559476,986,0,1047,2,2235,1081,0,"Knox County",470313,483.295167260952,0.229286574755722,209.647617650373,37.2092627675612,22.9286574755722
2021-12-23,83595,218,66076,159,17519,59,71981,166,486509,959,558490,1125,5,1047,5,2233,1081,1,"Knox County",470313,406.325149421768,0.202886597938144,239.20240350575,46.3521101904476,20.2886597938144
2021-12-22,83377,175,65917,102,17460,73,71815,101,485550,812,557365,913,46,1042,10,2228,1080,2,"Knox County",470313,309.368441867437,0.165485362095532,194.126039467333,37.2092627675612,16.5485362095532
2021-12-21,83202,176,65815,123,17387,53,71714,120,484738,912,556452,1032,3,996,6,2218,1078,2,"Knox County",470313,255.787103482149,0.145753512132822,219.428338149275,37.421887126233,14.5753512132822
2021-12-20,83026,114,65692,80,17334,34,71594,84,483826,622,555420,706,1,993,3,2212,1076,1,"Knox County",470313,213.474856106465,0.127860953364309,150.112797222275,24.2391768885827,12.7860953364309
2021-12-19,82912,69,65612,49,17300,20,71510,57,483204,556,554714,613,3,992,6,2209,1075,1,"Knox County",470313,215.17585097584,0.124621084540249,130.3387318658,14.6710807483527,12.4621084540249
2021-12-18,82843,88,65563,57,17280,31,71453,65,482648,660,554101,725,0,989,3,2203,1074,2,"Knox County",470313,215.813724051855,0.11983606557377,154.152660037039,18.7109435631165,11.983606557377
2021-12-17,82755,119,65506,77,17249,42,71388,83,481988,1034,553376,1117,2,989,6,2200,1072,2,"Knox County",470313,203.906759966235,0.108489809019419,237.501408636376,25.3022986819416,10.8489809019419
2021-12-16,82636,138,65429,107,17207,31,71305,108,480954,661,552259,769,2,987,3,2194,1070,2,"Knox County",470313,186.896811272493,0.105191489361702,163.508131818597,29.3421614967054,10.5191489361702
2021-12-15,82498,157,65322,113,17176,44,71197,125,480293,841,551490,966,0,985,5,2191,1068,3,"Knox County",470313,183.069572816401,0.1082995951417,205.395130476938,33.3820243114692,10.82995951417
2021-12-14,82341,98,65209,59,17132,39,71072,63,479452,811,550524,874,3,985,4,2186,1065,3,"Knox County",470313,166.484872840002,0.101386481802426,185.833689479134,20.8371871498343,10.1386481802426
2021-12-13,82243,111,65150,74,17093,37,71009,79,478641,627,549650,706,4,982,3,2182,1062,0,"Knox County",470313,165.846999763987,0.10051993067591,150.112797222275,23.6013038125674,10.051993067591
2021-12-12,82132,54,65076,29,17056,25,70930,41,478014,493,548944,534,6,978,5,2179,1062,1,"Knox County",470313,162.65763438391,0.099103848181339,113.54140753073,11.481715368276,9.9103848181339
2021-12-11,82078,65,65047,45,17031,20,70889,51,477521,541,548410,592,0,972,1,2174,1061,3,"Knox County",470313,157.767274134459,0.0989564591579705,125.873620333693,13.8205833136656,9.89564591579705
2021-12-10,82013,84,65002,48,17011,36,70838,57,476980,855,547818,912,0,972,3,2173,1058,2,"Knox County",470313,150.325421580947,0.0978890341864375,193.913415108662,17.8604461284294,9.78890341864375
2021-12-09,81929,164,64954,96,16975,68,70781,107,476125,1017,546906,1124,3,972,2,2170,1056,1,"Knox County",470313,155.853654906413,0.0916257883672039,238.989779147079,34.8703948221716,9.16257883672039
2021-12-08,81765,130,64858,67,16907,63,70674,65,475108,751,545782,816,0,969,7,2168,1055,1,"Knox County",470313,150.112797222275,0.0833033465275279,173.501476676171,27.6411666273312,8.33033465275279
2021-12-07,81635,127,64791,70,16844,57,70609,76,474357,631,544966,707,2,969,2,2161,1054,0,"Knox County",470313,156.278903623757,0.0882953069931367,150.325421580947,27.0032935513158,8.82953069931367
2021-12-06,81508,148,64721,107,16787,41,70533,115,473726,759,544259,874,8,967,4,2159,1054,3,"Knox County",470313,164.146004894613,0.0921028962043533,185.833689479134,31.4684050834232,9.21028962043533
2021-12-05,81360,43,64614,28,16746,15,70418,33,472967,342,543385,375,2,959,1,2155,1051,0,"Knox County",470313,161.807136949223,0.0933333333333333,79.7341345019168,9.14284742288646,9.33333333333333
2021-12-04,81317,69,64586,50,16731,19,70385,55,472625,499,543010,554,0,957,3,2154,1051,2,"Knox County",470313,162.65763438391,0.0947407683700112,117.793894704165,14.6710807483527,9.47407683700112
2021-12-03,81248,147,64536,103,16712,44,70330,108,472126,1009,542456,1117,3,957,2,2151,1049,2,"Knox County",470313,176.052968980232,0.100413148913239,237.501408636376,31.2557807247514,10.0413148913239
2021-12-02,81101,133,64433,86,16668,47,70222,85,471117,794,541339,879,0,954,4,2149,1047,2,"Knox County",470313,169.461613861407,0.100901916572717,186.896811272493,28.2790397033465,10.0901916572717
2021-12-01,80968,184,64347,141,16621,43,70137,146,470323,1008,540460,1154,4,954,7,2145,1045,1,"Knox County",470313,180.943329229683,0.109187279151943,245.368509907232,39.1228819956072,10.9187279151943
2021-11-30,80784,116,64206,67,16578,49,69991,68,469315,693,539306,761,3,950,6,2138,1044,3,"Knox County",470313,178.604461284294,0.106755337766888,161.807136949223,24.6644256059263,10.6755337766888
2021-11-29,80668,165,64139,128,16529,37,69923,139,468622,967,538545,1106,2,947,5,2132,1041,1,"Knox County",470313,182.219075381714,0.106626303397242,235.162540690987,35.0830191808434,10.6626303397242
2021-11-28,80503,33,64011,22,16492,11,69784,22,467655,270,537439,292,3,945,5,2127,1040,1,"Knox County",470313,180.092831794996,0.106259594064472,62.0863127321592,7.01660383616868,10.6259594064472
2021-11-27,80470,59,63989,31,16481,28,69762,32,467385,266,537147,298,0,942,1,2122,1039,2,"Knox County",470313,177.966588208278,0.107009095773141,63.3620588841899,12.5448371616349,10.7009095773141
2021-11-26,80411,20,63958,18,16453,2,69730,20,467119,298,536849,318,0,942,4,2121,1037,1,"Knox County",470313,150.963294656962,0.10648918469218,67.6145460576254,4.25248717343556,10.648918469218
2021-11-25,80391,52,63940,26,16451,26,69710,29,466821,331,536531,360,0,942,3,2117,1036,5,"Knox County",470313,133.740721604548,0.106318489158312,76.5447691218401,11.0564666509325,10.6318489158312
2021-11-24,80339,105,63914,66,16425,39,69681,73,466490,742,536171,815,0,942,3,2114,1031,4,"Knox County",470313,116.943397269478,0.0969620253164557,173.288852317499,22.3255576605367,9.69620253164557
2021-11-23,80234,99,63848,64,16386,35,69608,65,465748,674,535356,739,0,942,2,2111,1027,0,"Knox County",470313,113.328783172058,0.0967413441955193,157.129401058444,21.049811508506,9.67413441955193
2021-11-22,80135,107,63784,84,16351,23,69543,82,465074,740,534617,822,0,942,3,2109,1027,0,"Knox County",470313,100.996570369095,0.0886388583973655,174.777222828202,22.7508063778803,8.86388583973655
2021-11-21,80028,44,63700,32,16328,12,69461,37,464334,284,533795,321,0,942,2,2106,1027,2,"Knox County",470313,103.335438314484,0.0920228695888919,68.2524191336408,9.35547178155824,9.20228695888919
2021-11-20,79984,54,63668,37,16316,17,69424,44,464050,537,533474,581,0,942,1,2104,1025,1,"Knox County",470313,102.272316521125,0.0884732052578362,123.534752388303,11.481715368276,8.84732052578362
2021-11-19,79930,112,63631,83,16299,29,69380,81,463513,825,532893,906,0,942,0,2103,1024,0,"Knox County",470313,121.833757518929,0.0904489436619718,192.637668956631,23.8139281712392,9.04489436619718
2021-11-18,79818,81,63548,45,16270,36,69299,50,462688,937,531987,987,3,942,2,2103,1024,0,"Knox County",470313,127.99986392041,0.083542835041578,209.860242009045,17.222573052414,8.3542835041578
2021-11-17,79737,105,63503,65,16234,40,69249,66,461751,833,531000,899,0,939,1,2101,1024,1,"Knox County",470313,127.99986392041,0.0808753568030447,191.149298445929,22.3255576605367,8.08753568030447
2021-11-16,79632,72,63438,50,16194,22,69183,67,460918,777,530101,844,0,939,2,2100,1023,3,"Knox County",470313,122.259006236272,0.0796641791044776,179.454958718981,15.308953824368,7.96641791044776
2021-11-15,79560,84,63388,45,16172,39,69116,34,460141,459,529257,493,3,939,0,2098,1020,0,"Knox County",470313,117.368645986822,0.0753329357980521,104.823808825187,17.8604461284294,7.53329357980521
2021-11-14,79476,72,63343,62,16133,10,69082,68,459682,624,528764,692,0,936,2,2098,1020,2,"Knox County",470313,123.322128029631,0.075897815623843,147.13605620087,15.308953824368,7.5897815623843
2021-11-13,79404,29,63281,13,16123,16,69014,12,459058,317,528072,329,0,936,2,2096,1018,0,"Knox County",470313,118.006519062837,0.0733980582524272,69.953414003015,6.16610640148157,7.33980582524272
2021-11-12,79375,66,63268,49,16107,17,69002,51,458741,687,527743,738,0,936,4,2094,1018,2,"Knox County",470313,108.225798563935,0.06985146527499,156.916776699772,14.0332076723374,6.985146527499
2021-11-11,79309,67,63219,46,16090,21,68951,54,458054,962,527005,1016,0,936,0,2090,1016,0,"Knox County",470313,105.24905754253,0.0702454599880263,216.026348410527,14.2458320310091,7.02454599880263
2021-11-10,79242,72,63173,49,16069,23,68897,68,457092,854,525989,922,1,936,2,2090,1016,0,"Knox County",470313,98.2324537063615,0.0703218116805721,196.039658695379,15.308953824368,7.03218116805721
2021-11-09,79170,104,63124,74,16046,30,68829,132,456238,1174,525067,1306,1,935,1,2088,1016,1,"Knox County",470313,105.036433183858,0.0762372634643377,277.687412425342,22.1129333018649,7.62372634643377
2021-11-08,79066,78,63050,58,16016,20,68697,70,455064,687,523761,757,6,934,1,2087,1015,3,"Knox County",470313,103.760687031828,0.0789930555555556,160.956639514536,16.5846999763987,7.89930555555556
2021-11-07,78988,30,62992,19,15996,11,68627,22,454377,390,523004,412,0,928,1,2086,1012,3,"Knox County",470313,94.8304639676131,0.0746350364963504,87.6012357727726,6.37873076015334,7.46350364963504
2021-11-06,78958,41,62973,27,15985,14,68605,30,453987,453,522592,483,0,928,2,2085,1009,1,"Knox County",470313,97.3819562716744,0.0757898473553426,102.697565238469,8.7175987055429,7.57898473553426
2021-11-05,78917,52,62946,32,15971,20,68575,36,453534,605,522109,641,0,928,2,2083,1008,0,"Knox County",470313,94.4052152502695,0.0744085244717356,136.29221390861,11.0564666509325,7.44085244717356
2021-11-04,78865,68,62914,45,15951,23,68539,49,452929,667,521468,716,0,928,1,2081,1008,1,"Knox County",470313,94.6178396089413,0.0777162497613137,152.239040808993,14.4584563896809,7.77162497613137
2021-11-03,78797,80,62869,60,15928,20,68490,66,452262,969,520752,1035,0,928,2,2080,1007,2,"Knox County",470313,96.3188344783155,0.0757009345794393,220.06621122529,17.0099486937423,7.57009345794393
2021-11-02,78717,41,62809,19,15908,22,68424,22,451293,301,519717,323,4,928,1,2078,1005,3,"Knox County",470313,82.9234998819935,0.0675520952599038,68.6776678509843,8.7175987055429,6.75520952599038
2021-11-01,78676,95,62790,71,15886,24,68402,83,450992,661,519394,744,1,924,3,2077,1002,1,"Knox County",470313,86.5381139794137,0.0707395498392283,158.192522851803,20.1993140738189,7.07395498392283
2021-10-31,78581,26,62719,20,15862,6,68319,19,450331,278,518650,297,0,923,1,2074,1001,1,"Knox County",470313,85.6876165447266,0.0719509318235433,63.1494345255181,5.52823332546623,7.19509318235433
2021-10-30,78555,56,62699,41,15856,15,68300,43,450053,523,518353,566,0,923,4,2073,1000,0,"Knox County",470313,88.8769819248033,0.0735770476631189,120.345387008226,11.9069640856196,7.35770476631189
2021-10-29,78499,73,62658,59,15841,14,68257,66,449530,846,517787,912,1,923,1,2069,1000,1,"Knox County",470313,93.3420934569106,0.0757674722403658,193.913415108662,15.5215781830398,7.57674722403658
2021-10-28,78426,54,62599,32,15827,22,68191,39,448684,561,516875,600,4,922,3,2068,999,2,"Knox County",470313,90.3653524355057,0.0754969845878937,127.574615203067,11.481715368276,7.54969845878937
2021-10-27,78372,88,62567,57,15805,31,68152,65,448123,759,516275,824,1,918,3,2065,997,3,"Knox County",470313,92.0663473048799,0.0789967182372246,175.202471545545,18.7109435631165,7.89967182372246
2021-10-26,78284,95,62510,57,15774,38,68087,55,447364,554,515451,609,0,917,5,2062,994,2,"Knox County",470313,103.548062673156,0.0812829525483304,129.488234431113,20.1993140738189,8.12829525483304
2021-10-25,78189,70,62453,46,15736,24,68032,53,446810,491,514842,544,6,917,3,2057,992,1,"Knox County",470313,98.2324537063615,0.078125,115.667651117447,14.8837051070245,7.8125
2021-10-24,78119,38,62407,20,15712,18,67979,23,446319,337,514298,360,1,911,5,2054,991,3,"Knox County",470313,100.783946010423,0.077916194790487,76.5447691218401,8.07972562952757,7.7916194790487
2021-10-23,78081,59,62387,40,15694,19,67956,42,445982,471,513938,513,0,910,1,2049,988,2,"Knox County",470313,101.421819086438,0.0786336542870243,109.076295998622,12.5448371616349,7.86336542870243
2021-10-22,78022,89,62347,55,15675,34,67914,54,445511,551,513425,605,0,910,2,2048,986,2,"Knox County",470313,104.823808825187,0.0816276202219482,128.637736996426,18.9235679217883,8.16276202219482
2021-10-21,77933,124,62292,71,15641,53,67860,78,444960,712,512820,790,3,910,2,2046,984,2,"Knox County",470313,119.707513932211,0.0871613663133098,167.973243350705,26.3654204753005,8.71613663133098
2021-10-20,77809,148,62221,83,15588,65,67782,90,444248,959,512030,1049,3,907,3,2044,982,2,"Knox County",470313,132.464975452518,0.0883668903803132,223.042952246695,31.4684050834232,8.83668903803132
2021-10-19,77661,130,62138,85,15523,45,67692,92,443289,724,510981,816,4,904,3,2041,980,2,"Knox County",470313,139.90682800603,0.0923669018601668,173.501476676171,27.6411666273312,9.23669018601668
2021-10-18,77531,120,62053,89,15478,31,67600,105,442565,607,510165,712,9,900,8,2038,978,3,"Knox County",470313,150.538045939619,0.0998968008255934,151.388543374306,25.5149230406134,9.98968008255934
2021-10-17,77411,63,61964,56,15447,7,67495,61,441958,303,509453,364,1,891,4,2030,975,2,"Knox County",470313,155.853654906413,0.107651062074655,77.3952665565272,13.395334596322,10.7651062074655
2021-10-16,77348,55,61908,40,15440,15,67434,43,441655,372,509089,415,0,890,1,2026,973,4,"Knox County",470313,155.003157471726,0.110082087981478,88.2391088487879,11.6943397269478,11.0082087981478
2021-10-15,77293,125,61868,90,15425,35,67391,100,441283,794,508674,894,9,890,5,2025,969,2,"Knox County",470313,162.65763438391,0.112896825396825,190.08617665257,26.5780448339723,11.2896825396825
2021-10-14,77168,191,61778,135,15390,56,67291,143,440489,699,507780,842,0,881,7,2020,967,5,"Knox County",470313,176.903466414919,0.124509033778476,179.029710001637,40.6112525063096,12.4509033778476
2021-10-13,76977,119,61643,87,15334,32,67148,99,439790,764,506938,863,7,881,5,2013,962,1,"Knox County",470313,170.737360013438,0.131064003261313,183.494821533745,25.3022986819416,13.1064003261313
2021-10-12,76858,136,61556,104,15302,32,67049,109,439026,821,506075,930,4,874,3,2008,961,9,"Knox County",470313,172.013106165469,0.131474103585657,197.740653564754,28.9169127793618,13.1474103585657
2021-10-11,76722,192,61452,135,15270,57,66940,149,438205,581,505145,730,3,870,12,2005,952,1,"Knox County",470313,187.322059989837,0.139737991266376,155.215781830398,40.8238768649814,13.9737991266376
2021-10-10,76530,55,61317,42,15213,13,66791,52,437624,489,504415,541,0,867,4,1993,951,3,"Knox County",470313,185.621065120462,0.13326941514861,115.029778041432,11.6943397269478,13.326941514861
2021-10-09,76475,64,61275,35,15200,29,66739,47,437135,490,503874,537,0,867,7,1989,948,4,"Knox County",470313,187.534684348508,0.1309724564362,114.179280606745,13.6079589549938,13.09724564362
2021-10-08,76411,286,61240,115,15171,171,66692,122,436645,936,503337,1058,-1,867,5,1982,944,4,"Knox County",470313,221.767206094665,0.131067078712961,224.956571474741,60.8105665801286,13.1067078712961
2021-10-07,76125,258,61125,170,15000,88,66570,175,435709,1106,502279,1281,6,868,9,1977,940,1,"Knox County",470313,236.013038125674,0.126767676767677,272.371803458548,54.8570845373188,12.6767676767677
2021-10-06,75867,137,60955,101,14912,36,66395,112,434603,835,500998,947,1,862,4,1968,939,5,"Knox County",470313,239.840276581766,0.127158034528552,201.355267662174,29.1295371380336,12.7158034528552
2021-10-05,75730,209,60854,118,14876,91,66283,138,433768,915,500051,1053,3,861,4,1964,934,4,"Knox County",470313,255.361854764806,0.129331381161542,223.893449681382,44.4384909624016,12.9331381161542
2021-10-04,75521,312,60736,223,14785,89,66145,245,432853,829,498998,1074,3,858,4,1960,930,2,"Knox County",470313,280.876777805419,0.137266985056232,228.35856121349,66.3387999055948,13.7266985056232
2021-10-03,75209,101,60513,92,14696,9,65900,106,432024,677,497924,783,1,855,6,1956,928,1,"Knox County",470313,290.657498304321,0.140353482845685,166.484872840002,21.4750602258496,14.0353482845685
2021-10-02,75108,67,60421,43,14687,24,65794,50,431347,472,497141,522,5,854,2,1950,927,4,"Knox County",470313,291.295371380336,0.141113426615064,110.989915226668,14.2458320310091,14.1113426615064
2021-10-01,75041,222,60378,150,14663,72,65744,166,430875,965,496619,1131,0,849,8,1948,923,3,"Knox County",470313,277.687412425342,0.146075688411132,240.478149657781,47.2026076251348,14.6075688411132
2021-09-30,74819,239,60228,165,14591,74,65578,185,429910,1104,495488,1289,1,849,8,1940,920,2,"Knox County",470313,273.647549610578,0.147374613913811,274.072798327922,50.817221722555,14.7374613913811
2021-09-29,74580,359,60063,168,14517,191,65393,191,428806,1110,494199,1301,6,848,7,1932,918,3,"Knox County",470313,320.850157235713,0.15112540192926,276.624290631983,76.3321447631684,15.112540192926
2021-09-28,74221,341,59895,243,14326,98,65202,263,427696,777,492898,1040,2,842,1,1925,915,3,"Knox County",470313,348.916572580388,0.16890756302521,221.129333018649,72.5049063070764,16.890756302521
2021-09-27,73880,238,59652,161,14228,77,64939,186,426919,760,491858,946,7,840,12,1924,912,6,"Knox County",470313,333.182370038676,0.163576725613234,201.142643303502,50.6045973638832,16.3576725613234
2021-09-26,73642,124,59491,99,14151,25,64753,117,426159,703,490912,820,2,833,1,1912,906,5,"Knox County",470313,338.072730288127,0.164278621081004,174.351974110858,26.3654204753005,16.4278621081004
2021-09-25,73518,110,59392,90,14126,20,64636,102,425456,705,490092,807,0,831,3,1911,901,7,"Knox County",470313,347.215577711014,0.164985001363512,171.587857448125,23.3886794538956,16.4985001363512
2021-09-24,73408,244,59302,165,14106,79,64534,182,424751,938,489285,1120,13,831,5,1908,894,3,"Knox County",470313,351.893313601793,0.167417724976103,238.139281712392,51.8803435159139,16.7417724976103
2021-09-23,73164,354,59137,245,14027,109,64352,268,423813,1370,488165,1638,14,818,8,1903,891,3,"Knox County",470313,376.345114849047,0.170620437956204,348.278699504373,75.2690229698095,17.0620437956204
2021-09-22,72810,250,58892,186,13918,64,64084,201,422443,1260,486527,1461,3,804,4,1895,888,9,"Knox County",470313,353.169059753823,0.16841164453524,310.644188019468,53.1560896679445,16.841164453524
2021-09-21,72560,394,58706,215,13854,179,63883,228,421183,996,485066,1224,10,801,7,1891,879,4,"Knox County",470313,364.438150763428,0.160179640718563,260.252215014256,83.7739973166806,16.0179640718563
2021-09-20,72166,428,58491,307,13675,121,63655,340,420187,1295,483842,1635,5,791,9,1884,875,7,"Knox County",470313,404.836778911066,0.165192418150488,347.640826428357,91.003225511521,16.5192418150488
2021-09-19,71738,120,58184,88,13554,32,63315,97,418892,432,482207,529,1,786,8,1875,868,8,"Knox County",470313,403.986281476379,0.168528642738293,112.478285737371,25.5149230406134,16.8528642738293
2021-09-18,71618,222,58096,179,13522,43,63218,194,418460,1075,481678,1269,0,785,7,1867,860,13,"Knox County",470313,427.800209647618,0.170121676430825,269.820311154486,47.2026076251348,17.0121676430825
2021-09-17,71396,544,57917,419,13479,125,63024,445,417385,1310,480409,1755,5,785,11,1860,847,5,"Knox County",470313,491.587517249151,0.186415729155714,373.155749468971,115.667651117447,18.6415729155714
2021-09-16,70852,580,57498,455,13354,125,62579,483,416075,1518,478654,2001,7,780,16,1849,842,3,"Knox County",470313,539.640622308973,0.201336844237391,425.461341702228,123.322128029631,20.1336844237391
2021-09-15,70272,338,57043,250,13229,88,62096,268,414557,807,476653,1075,6,773,5,1833,839,4,"Knox County",470313,558.351565872089,0.216589376053963,228.571185572162,71.867033231061,21.6589376053963
2021-09-14,69934,552,56793,441,13141,111,61828,475,413750,1406,475578,1881,12,767,8,1828,835,3,"Knox County",470313,591.94621454223,0.226909807787087,399.946418661615,117.368645986822,22.6909807787087
2021-09-13,69382,396,56352,295,13030,101,61353,329,412344,1134,473697,1463,20,755,15,1820,832,9,"Knox County",470313,585.142235064734,0.229720244660584,311.069436736811,84.1992460340241,22.9720244660584
2021-09-12,68986,385,56057,357,12929,28,61024,374,411210,1460,472234,1834,0,735,5,1805,823,8,"Knox County",470313,641.487690112755,0.227699946799078,389.953073804041,81.8603780886346,22.7699946799078
2021-09-11,68601,857,55700,699,12901,158,60650,757,409750,2620,470400,3377,4,735,25,1800,815,10,"Knox County",470313,776.504157869334,0.233901090691768,718.032459234595,182.219075381714,23.3901090691768
2021-09-10,67744,1021,55001,747,12743,274,59893,802,407130,2512,467023,3314,1,731,24,1775,805,7,"Knox County",470313,877.925976955772,0.233389093342255,704.637124638273,217.089470203885,23.3389093342255
2021-09-09,66723,308,54254,166,12469,142,59091,171,404618,685,463709,856,1,730,18,1751,798,5,"Knox County",470313,820.092151397048,0.230144927536232,182.006451023042,65.4883024709077,23.0144927536232
2021-09-08,66415,290,54088,226,12327,64,58920,249,403933,837,462853,1086,5,729,11,1733,793,6,"Knox County",470313,809.886182180803,0.228585909782058,230.910053517551,61.6610640148157,22.8585909782058
2021-09-07,66125,407,53862,299,12263,108,58671,310,403096,979,461767,1289,3,724,12,1722,787,1,"Knox County",470313,779.055650173395,0.226340872985854,274.072798327922,86.5381139794137,22.6340872985854
2021-09-06,65718,983,53563,786,12155,197,58361,843,402117,3220,460478,4063,1,721,19,1710,786,3,"Knox County",470313,903.866148713729,0.221632214425691,863.892769283435,209.009744574358,22.1632214425691
2021-09-05,64735,966,52777,799,11958,167,57518,831,398897,2998,456415,3829,2,720,15,1691,783,6,"Knox County",470313,1027.40090110203,0.222465476591445,814.138669354239,205.395130476938,22.2465476591445
2021-09-04,63769,536,51978,383,11791,153,56687,405,395899,1502,452586,1907,2,718,10,1676,777,4,"Knox County",470313,959.148481968391,0.220937347038669,405.474651987081,113.966656248073,22.0937347038669
2021-09-03,63233,333,51595,237,11638,96,56282,249,394397,909,450679,1158,5,716,8,1666,773,5,"Knox County",470313,812.862923202208,0.215534254299408,246.219007341919,70.8039114377021,21.5534254299408
2021-09-02,62900,320,51358,180,11542,140,56033,199,393488,680,449521,879,3,711,5,1658,768,3,"Knox County",470313,815.414415506269,0.217155724438815,186.896811272493,68.039794774969,21.7155724438815
2021-09-01,62580,274,51178,210,11402,64,55834,223,392808,645,448642,868,2,708,2,1653,765,3,"Knox County",470313,812.012425767521,0.218680768955907,184.557943327103,58.2590742760672,21.8680768955907
2021-08-31,62306,593,50968,431,11338,162,55611,478,392163,1894,447774,2372,2,706,9,1651,762,4,"Knox County",470313,851.560556480472,0.214115149907137,504.344978769458,126.086244692364,21.4115149907137
2021-08-30,61713,511,50537,404,11176,107,55133,430,390269,1629,445402,2059,9,704,13,1642,758,6,"Knox County",470313,751.201859187392,0.215345777233782,437.793554505191,108.651047281279,21.5345777233782
2021-08-29,61202,483,50133,408,11069,75,54703,440,388640,1484,443343,1924,1,695,5,1629,752,7,"Knox County",470313,648.504293948923,0.217068147219486,409.089266084501,102.697565238469,21.7068147219486
2021-08-28,60719,396,49725,302,10994,94,54263,320,387156,1065,441419,1385,0,694,4,1624,745,3,"Knox County",470313,618.736883734874,0.219727571629873,294.484736760413,84.1992460340241,21.9727571629873
2021-08-27,60323,469,49423,371,10900,98,53943,386,386091,1166,440034,1552,5,694,5,1620,742,1,"Knox County",470313,647.653796514236,0.224295678956427,329.9930046586,99.720824217064,22.4295678956427
2021-08-26,59854,446,49052,344,10802,102,53557,365,384925,1426,438482,1791,5,689,0,1615,741,5,"Knox County",470313,674.44446570688,0.221069366580202,380.810226381155,94.8304639676131,22.1069366580202
2021-08-25,59408,347,48708,223,10700,124,53192,234,383499,642,436691,876,2,684,4,1615,736,10,"Knox County",470313,689.96604388992,0.221841291077849,186.258938196478,73.780652459107,22.1841291077849
2021-08-24,59061,340,48485,222,10576,118,52958,233,382857,677,435815,910,4,682,5,1611,726,0,"Knox County",470313,636.17208114596,0.229398875869296,193.488166391318,72.2922819484046,22.9398875869296
2021-08-23,58721,285,48263,206,10458,79,52725,226,382180,825,434905,1051,1,678,1,1606,726,4,"Knox County",470313,588.118976086138,0.232268942986616,223.468200964039,60.5979422214568,23.2268942986616
2021-08-22,58436,239,48057,218,10379,21,52499,234,381355,889,433854,1123,2,677,0,1605,722,2,"Knox County",470313,536.238632570224,0.229972375690608,238.777154788407,50.817221722555,22.9972375690608
2021-08-21,58197,499,47839,377,10358,122,52265,411,380466,1903,432731,2314,0,675,8,1605,720,3,"Knox County",470313,558.138941513418,0.217219507122803,492.012765966495,106.099554977217,21.7219507122803
2021-08-20,57698,425,47462,331,10236,94,51854,357,378563,1148,430417,1505,0,675,6,1597,717,3,"Knox County",470313,548.783469731859,0.215256008359457,319.999659801026,90.3653524355057,21.5256008359457
2021-08-19,57273,368,47131,254,10142,114,51497,264,377415,952,428912,1216,1,675,6,1591,714,0,"Knox County",470313,532.198769755461,0.217787659811006,258.551220144882,78.2457639912144,21.7787659811006
2021-08-18,56905,262,46877,192,10028,70,51233,200,376463,914,427696,1114,2,674,5,1585,714,0,"Knox County",470313,514.12569926836,0.208491281273692,236.863535560361,55.7075819720059,20.8491281273692
2021-08-17,56643,261,46685,179,9958,82,51033,197,375549,1042,426582,1239,0,672,5,1580,714,3,"Knox County",470313,497.328374933289,0.197552813218992,263.441580394333,55.4949576133341,19.7552813218992
2021-08-16,56382,183,46506,126,9876,57,50836,131,374507,421,425343,552,2,672,4,1575,711,0,"Knox County",470313,475.640690348768,0.197947699437272,117.368645986822,38.9102576369354,19.7947699437272
2021-08-15,56199,204,46380,181,9819,23,50705,198,374086,952,424791,1150,3,670,6,1571,711,1,"Knox County",470313,468.198837795255,0.193399339933993,244.518012472545,43.3753691690427,19.3399339933993
2021-08-14,55995,219,46199,147,9796,72,50507,154,373134,794,423641,948,0,667,4,1565,710,2,"Knox County",470313,408.664017367158,0.19432936302434,201.567892020846,46.5647345491194,19.432936302434
2021-08-13,55776,267,46052,207,9724,60,50353,219,372340,1470,422693,1689,1,667,5,1561,708,3,"Knox County",470313,375.069368697017,0.172357106727365,359.122541796633,56.7707037653648,17.2357106727365
2021-08-12,55509,221,45845,145,9664,76,50134,151,370870,643,421004,794,2,666,8,1556,705,2,"Knox County",470313,343.813587972265,0.166978359604595,168.823740785392,46.989983266463,16.6978359604595
2021-08-11,55288,315,45700,236,9588,79,49983,247,370227,989,420210,1236,1,664,10,1548,703,3,"Knox County",470313,355.08267898187,0.170478443743428,262.803707318318,66.9766729816101,17.0478443743428
2021-08-10,54973,172,45464,109,9509,63,49736,121,369238,621,418974,742,1,663,2,1538,700,4,"Knox County",470313,336.159111060081,0.171705807903248,157.767274134459,36.5713896915458,17.1705807903248
2021-08-09,54801,197,45355,159,9446,38,49615,167,368617,752,418232,919,1,662,4,1536,696,1,"Knox County",470313,339.135852081486,0.168093073014175,195.401785619364,41.8869986583403,16.8093073014175
2021-08-08,54604,89,45196,67,9408,22,49448,75,367865,418,417313,493,1,661,5,1532,695,0,"Knox County",470313,314.684050834232,0.166251282803108,104.823808825187,18.9235679217883,16.6251282803108
2021-08-07,54515,105,45129,76,9386,29,49373,80,367447,638,416820,718,0,660,2,1527,695,0,"Knox County",470313,290.444873945649,0.16082536792596,152.664289526337,22.3255576605367,16.082536792596
2021-08-06,54410,203,45053,147,9357,56,49293,163,366809,879,416102,1042,0,660,11,1525,695,1,"Knox County",470313,276.836914990655,0.168909825033647,221.554581735993,43.162744810371,16.8909825033647
2021-08-05,54207,173,44906,130,9301,43,49130,146,365930,850,415060,996,2,660,4,1514,694,2,"Knox County",470313,266.63094577441,0.1625447445493,211.773861237091,36.7840140502176,16.25447445493
2021-08-04,54034,144,44776,101,9258,43,48984,104,365080,656,414064,760,1,658,4,1510,692,1,"Knox County",470313,230.272180441536,0.150970017636684,161.594512590551,30.6179076487361,15.0970017636684
2021-08-03,53890,238,44675,177,9215,61,48880,183,364424,812,413304,995,0,657,5,1506,691,3,"Knox County",470313,244.305388113873,0.154989025831504,211.561236878419,50.6045973638832,15.4989025831504
2021-08-02,53652,97,44498,75,9154,22,48697,82,363612,532,412309,614,2,657,3,1501,688,0,"Knox County",470313,223.042952246695,0.148273406906372,130.551356224472,20.6245627911625,14.8273406906372
2021-08-01,53555,105,44423,89,9132,16,48615,99,363080,526,411695,625,0,655,2,1498,688,2,"Knox County",470313,226.444941985444,0.14904347826087,132.890224169861,22.3255576605367,14.904347826087
2021-07-31,53450,104,44334,64,9116,40,48516,68,362554,399,411070,467,1,655,6,1496,686,0,"Knox County",470313,226.232317626772,0.153664302600473,99.2955754997204,22.1129333018649,15.3664302600473
2021-07-30,53346,119,44270,84,9076,35,48448,91,362155,339,410603,430,1,654,0,1490,686,1,"Knox County",470313,208.371871498343,0.15817474933497,91.4284742288646,25.3022986819416,15.817474933497
2021-07-29,53227,118,44186,66,9041,52,48357,69,361816,483,410173,552,0,653,2,1490,685,1,"Knox County",470313,196.677531771395,0.156650911546253,117.368645986822,25.0896743232698,15.6650911546253
2021-07-28,53109,131,44120,90,8989,41,48288,95,361333,536,409621,631,0,653,4,1488,684,0,"Knox County",470313,193.913415108662,0.159248956884562,134.165970321892,27.8537909860029,15.9248956884562
2021-07-27,52978,117,44030,78,8948,39,48193,84,360797,499,408990,583,0,653,4,1484,684,0,"Knox County",470313,168.185867709377,0.150691952844695,123.960001105647,24.877049964598,15.0691952844695
2021-07-26,52861,97,43952,73,8909,24,48109,78,360298,371,408407,449,1,653,4,1480,684,0,"Knox County",470313,168.185867709377,0.156275086968156,95.4683370436284,20.6245627911625,15.6275086968156
2021-07-25,52764,51,43879,43,8885,8,48031,44,359927,320,407958,364,3,652,5,1476,684,1,"Knox County",470313,156.7041523411,0.152186421173763,77.3952665565272,10.8438422922607,15.2186421173763
2021-07-24,52713,64,43836,43,8877,21,47987,44,359607,348,407594,392,0,649,1,1471,683,2,"Knox County",470313,148.199177994229,0.148485739488386,83.348748599337,13.6079589549938,14.8485739488386
2021-07-23,52649,55,43793,30,8856,25,47943,32,359259,321,407202,353,1,649,3,1470,681,1,"Knox County",470313,134.591219039236,0.134175691937425,75.0563986111377,11.6943397269478,13.4175691937425
2021-07-22,52594,95,43763,70,8831,25,47911,79,358938,474,406849,553,0,648,3,1467,680,0,"Knox County",470313,129.700858789785,0.137142857142857,117.581270345493,20.1993140738189,13.7142857142857
2021-07-21,52499,61,43693,47,8806,14,47832,46,358464,411,406296,457,1,648,1,1464,680,0,"Knox County",470313,114.81715368276,0.129165344335132,97.1693319130026,12.9700858789785,12.9165344335132
2021-07-20,52438,78,43646,43,8792,35,47786,44,358053,299,405839,343,0,647,3,1463,680,0,"Knox County",470313,106.524803694561,0.126073514256269,72.9301550244199,16.5846999763987,12.6073514256269
2021-07-19,52360,48,43603,36,8757,12,47742,41,357754,348,405496,389,0,647,0,1460,680,0,"Knox County",470313,96.1062101196437,0.115748860049106,82.7108755233217,10.2059692162454,11.5748860049106
2021-07-18,52312,36,43567,30,8745,6,47701,31,357406,271,405107,302,0,647,1,1460,680,1,"Knox County",470313,92.916844739567,0.113660810326282,64.212556318877,7.65447691218401,11.3660810326282
2021-07-17,52276,27,43537,20,8739,7,47670,21,357135,202,404805,223,0,647,1,1459,679,0,"Knox County",470313,85.0497434687113,0.112213740458015,47.4152319838065,5.74085768413801,11.2213740458015
2021-07-16,52249,37,43517,21,8732,16,47649,22,356933,291,404582,313,0,647,1,1458,679,0,"Knox County",470313,81.2225050126193,0.110077519379845,66.5514242642666,7.86710127085579,11.0077519379845
2021-07-15,52212,55,43496,42,8716,13,47627,44,356642,364,404269,408,-1,647,1,1457,679,0,"Knox County",470313,72.7175306657481,0.102258726899384,86.7507383380855,11.6943397269478,10.2258726899384
2021-07-14,52157,21,43454,17,8703,4,47583,16,356278,269,403861,285,0,648,2,1456,679,0,"Knox County",470313,64.212556318877,0.0967741935483871,60.5979422214568,4.46511153210734,9.67741935483871
2021-07-13,52136,42,43437,26,8699,16,47567,29,356009,355,403576,384,3,648,3,1454,679,0,"Knox County",470313,56.558079406693,0.0885416666666667,81.6477537299628,8.93022306421468,8.85416666666667
2021-07-12,52094,28,43411,22,8683,6,47538,24,355654,270,403192,294,0,645,1,1451,679,1,"Knox County",470313,52.3055922332574,0.0846536894522408,62.5115614495028,5.95348204280979,8.46536894522408
2021-07-11,52066,8,43389,3,8677,5,47514,4,355384,136,402898,140,0,645,0,1450,678,0,"Knox County",470313,46.3521101904476,0.0781631656082071,29.7674102140489,1.70099486937423,7.81631656082071
2021-07-10,52058,19,43386,15,8672,4,47510,15,355248,191,402758,206,0,645,1,1450,678,0,"Knox County",470313,44.6511153210734,0.0758620689655172,43.8006178863863,4.03986281476378,7.58620689655172
2021-07-09,52039,27,43371,21,8668,6,47495,21,355057,338,402552,359,0,645,0,1449,678,1,"Knox County",470313,42.5248717343556,0.0736994219653179,76.3321447631684,5.74085768413801,7.36994219653179
2021-07-08,52012,19,43350,14,8662,5,47474,16,354719,317,402193,333,0,645,0,1449,677,2,"Knox County",470313,34.8703948221716,0.0624687656171914,70.8039114377021,4.03986281476378,6.24687656171914
2021-07-07,51993,18,43336,5,8657,13,47458,5,354402,333,401860,338,1,645,1,1449,675,0,"Knox County",470313,34.2325217461563,0.0555014605647517,71.867033231061,3.82723845609201,5.55014605647517
2021-07-06,51975,24,43331,9,8644,15,47453,13,354069,263,401522,276,0,644,2,1448,675,0,"Knox County",470313,30.4052832900643,0.0503597122302158,58.6843229934108,5.10298460812268,5.03597122302158
2021-07-05,51951,10,43322,7,8629,3,47440,6,353806,105,401246,111,0,644,1,1446,675,0,"Knox County",470313,26.5780448339723,0.0453771979580261,23.6013038125674,2.12624358671778,4.53771979580261
2021-07-04,51941,8,43315,7,8626,1,47434,7,353701,143,401135,150,0,644,1,1445,675,0,"Knox County",470313,26.5780448339723,0.0468133107727016,31.8936538007667,1.70099486937423,4.68133107727016
2021-07-03,51933,9,43308,7,8625,2,47427,7,353558,184,400985,191,0,644,1,1444,675,0,"Knox County",470313,24.4518012472545,0.0426621160409556,40.6112525063096,1.913619228046,4.26621160409556
2021-07-02,51924,17,43301,13,8623,4,47420,17,353374,342,400794,359,-1,644,0,1443,675,0,"Knox County",470313,22.3255576605367,0.040386803185438,76.3321447631684,3.61461409742023,4.0386803185438
2021-07-01,51907,18,43288,15,8619,3,47403,17,353032,248,400435,265,-1,645,1,1443,675,0,"Knox County",470313,22.1129333018649,0.042603550295858,56.3454550480212,3.82723845609201,4.2603550295858
2021-06-30,51889,18,43273,12,8616,6,47386,11,352784,299,400170,310,0,646,0,1442,675,0,"Knox County",470313,22.1129333018649,0.0469314079422383,65.9135511882512,3.82723845609201,4.69314079422383
2021-06-29,51871,21,43261,16,8610,5,47375,19,352485,437,399860,456,0,646,1,1442,675,0,"Knox County",470313,21.4750602258496,0.0456026058631922,96.9567075543308,4.46511153210734,4.56026058631922
2021-06-28,51850,9,43245,2,8605,7,47356,2,352048,113,399404,115,0,646,0,1441,675,0,"Knox County",470313,21.2624358671778,0.0433369447453954,24.4518012472545,1.913619228046,4.33369447453954
2021-06-27,51841,5,43243,3,8598,2,47354,3,351935,151,399289,154,0,646,0,1441,675,0,"Knox County",470313,20.6245627911625,0.0410810810810811,32.7441512354538,1.06312179335889,4.10810810810811
2021-06-26,51836,3,43240,2,8596,1,47351,2,351784,206,399135,208,0,646,0,1441,675,0,"Knox County",470313,19.3488166391318,0.0380289234065345,44.2258666037299,0.637873076015334,3.80289234065345
2021-06-25,51833,13,43238,9,8595,4,47349,11,351578,311,398927,322,0,646,0,1441,675,0,"Knox County",470313,18.4983192044447,0.0355191256830601,68.4650434923126,2.76411666273312,3.55191256830601
2021-06-24,51820,14,43229,9,8591,5,47338,10,351267,364,398605,374,1,646,1,1441,675,1,"Knox County",470313,17.6478217697576,0.0299123259412068,79.521510143245,2.97674102140489,2.99123259412068
2021-06-23,51806,13,43220,6,8586,7,47328,8,350903,282,398231,290,0,645,0,1440,674,1,"Knox County",470313,16.5846999763987,0.0286607608129234,61.6610640148157,2.76411666273312,2.86607608129234
2021-06-22,51793,14,43214,5,8579,9,47320,5,350621,247,397941,252,2,645,1,1440,673,1,"Knox County",470313,15.0963294656962,0.0239067055393586,53.5813383852881,2.97674102140489,2.39067055393586
2021-06-21,51779,9,43209,8,8570,1,47315,9,350374,289,397689,298,0,643,1,1439,672,0,"Knox County",470313,15.0963294656962,0.0252897787144362,63.3620588841899,1.913619228046,2.52897787144363
2021-06-20,51770,3,43201,2,8569,1,47306,3,350085,161,397391,164,1,643,0,1438,672,0,"Knox County",470313,14.6710807483527,0.0251572327044025,34.8703948221716,0.637873076015334,2.51572327044025
2021-06-19,51767,3,43199,1,8568,2,47303,1,349924,191,397227,192,0,642,0,1438,672,0,"Knox County",470313,14.6710807483527,0.0248414376321353,40.8238768649814,0.637873076015334,2.48414376321353
2021-06-18,51764,5,43198,3,8566,2,47302,3,349733,283,397035,286,1,642,0,1438,672,0,"Knox County",470313,12.9700858789785,0.0210129310344828,60.8105665801286,1.06312179335889,2.10129310344828
2021-06-17,51759,12,43195,8,8564,4,47299,9,349450,515,396749,524,0,641,0,1438,672,1,"Knox County",470313,12.5448371616349,0.0189431704885344,111.415163944012,2.55149230406134,1.89431704885344
2021-06-16,51747,7,43187,4,8560,3,47290,4,348935,362,396225,366,1,641,0,1438,671,0,"Knox County",470313,11.2690910096042,0.0163304514889529,77.8205152738708,1.48837051070245,1.63304514889529
2021-06-15,51740,13,43183,9,8557,4,47286,14,348573,428,395859,442,0,640,0,1438,671,0,"Knox County",470313,11.0564666509325,0.0189260563380282,93.9799665329259,2.76411666273312,1.89260563380282
2021-06-14,51727,7,43174,2,8553,5,47272,3,348145,259,395417,262,1,640,0,1438,671,0,"Knox County",470313,10.6312179335889,0.0165474060822898,55.7075819720059,1.48837051070245,1.65474060822898
2021-06-13,51720,3,43172,3,8548,0,47269,4,347886,128,395155,132,0,639,1,1438,671,0,"Knox County",470313,10.6312179335889,0.0172413793103448,28.0664153446747,0.637873076015334,1.72413793103448
2021-06-12,51717,2,43169,1,8548,1,47265,1,347758,226,395023,227,0,639,0,1437,671,1,"Knox County",470313,10.4185935749171,0.0169718624385887,48.2657294184936,0.425248717343556,1.69718624385887
2021-06-11,51715,7,43168,3,8547,4,47264,2,347532,317,394796,319,0,639,0,1437,670,1,"Knox County",470313,10.8438422922607,0.0162852112676056,67.8271704162972,1.48837051070245,1.62852112676056
2021-06-10,51708,7,43165,4,8543,3,47262,5,347215,358,394477,363,0,639,0,1437,669,0,"Knox County",470313,9.7807204989018,0.0156324017053529,77.1826421978555,1.48837051070245,1.56324017053529
2021-06-09,51701,2,43161,1,8540,1,47257,1,346857,367,394114,368,1,639,0,1437,669,1,"Knox County",470313,8.7175987055429,0.0141978230004733,78.2457639912144,0.425248717343556,1.41978230004733
2021-06-08,51699,5,43160,3,8539,2,47256,4,346490,266,393746,270,1,638,0,1437,668,1,"Knox County",470313,7.01660383616868,0.0103039670273055,57.4085768413801,1.06312179335889,1.03039670273055
2021-06-07,51694,16,43157,10,8537,6,47252,10,346224,316,393476,326,0,637,2,1437,667,0,"Knox County",470313,8.93022306421468,0.0134663341645885,69.3155409269997,3.40198973874845,1.34663341645885
2021-06-06,51678,4,43147,2,8531,2,47242,2,345908,178,393150,180,0,637,0,1435,667,1,"Knox County",470313,9.14284742288646,0.0121773015099854,38.2723845609201,0.850497434687113,1.21773015099854
2021-06-05,51674,5,43145,2,8529,3,47240,3,345730,258,392970,261,0,637,0,1435,666,0,"Knox County",470313,9.7807204989018,0.0129372304743651,55.4949576133341,1.06312179335889,1.29372304743651
2021-06-04,51669,7,43143,2,8526,5,47237,3,345472,325,392709,328,1,637,0,1435,666,0,"Knox County",470313,9.7807204989018,0.0133587786259542,69.7407896443432,1.48837051070245,1.33587786259542
2021-06-03,51662,7,43141,4,8521,3,47234,6,345147,458,392381,464,0,636,0,1435,666,0,"Knox County",470313,9.7807204989018,0.0131998179335457,98.6577024237051,1.48837051070245,1.31998179335457
2021-06-02,51655,20,43137,7,8518,13,47228,6,344689,282,391917,288,0,636,1,1435,666,0,"Knox County",470313,13.6079589549938,0.0160604629192253,61.2358152974721,4.25248717343556,1.60604629192253
2021-06-01,51635,12,43130,9,8505,3,47222,10,344407,291,391629,301,0,636,1,1434,666,0,"Knox County",470313,15.0963294656962,0.0186219739292365,63.9999319602052,2.55149230406134,1.86219739292365
2021-05-31,51623,17,43121,14,8502,3,47212,12,344116,353,391328,365,0,636,0,1433,666,0,"Knox County",470313,15.308953824368,0.0192043895747599,77.607890915199,3.61461409742023,1.92043895747599
2021-05-30,51606,3,43107,1,8499,2,47200,1,343763,203,390963,204,0,636,0,1433,666,1,"Knox County",470313,15.0963294656962,0.018543645409317,43.3753691690427,0.637873076015334,1.8543645409317
2021-05-29,51603,14,43106,8,8497,6,47199,6,343560,199,390759,205,0,636,1,1433,665,2,"Knox County",470313,17.0099486937423,0.0204176334106729,43.5879935277145,2.97674102140489,2.04176334106729
2021-05-28,51589,10,43098,6,8491,4,47193,10,343361,390,390554,400,0,636,1,1432,663,0,"Knox County",470313,17.6478217697576,0.0229007633587786,85.0497434687113,2.12624358671778,2.29007633587786
2021-05-27,51579,23,43092,8,8487,15,47183,9,342971,341,390154,350,0,636,1,1431,663,0,"Knox County",470313,21.049811508506,0.0255560814008519,74.4185255351224,4.8903602494509,2.55560814008519
2021-05-26,51556,16,43084,8,8472,8,47174,11,342630,572,389804,583,0,636,0,1430,663,0,"Knox County",470313,20.1993140738189,0.0245016611295681,123.960001105647,3.40198973874845,2.45016611295681
2021-05-25,51540,18,43076,8,8464,10,47163,7,342058,311,389221,318,0,636,1,1430,663,0,"Knox County",470313,21.4750602258496,0.0230927835051546,67.6145460576254,3.82723845609201,2.30927835051546
2021-05-24,51522,25,43068,21,8454,4,47156,24,341747,425,388903,449,0,636,1,1429,663,1,"Knox County",470313,23.1760550952238,0.027102431247509,95.4683370436284,5.31560896679445,2.7102431247509
2021-05-23,51497,16,43047,8,8450,8,47132,8,341322,225,388454,233,1,636,1,1428,662,1,"Knox County",470313,25.9401717579569,0.0295508274231678,49.5414755705243,3.40198973874845,2.95508274231678
2021-05-22,51481,8,43039,4,8442,4,47124,4,341097,269,388221,273,0,635,0,1427,661,0,"Knox County",470313,24.6644256059263,0.0280122793553338,58.0464499173954,1.70099486937423,2.80122793553338
2021-05-21,51473,15,43035,11,8438,4,47120,13,340828,377,387948,390,0,635,1,1427,661,1,"Knox County",470313,25.7275473992852,0.0292758089368259,82.9234998819935,3.18936538007667,2.92758089368259
2021-05-20,51458,34,43024,26,8434,8,47107,27,340451,594,387558,621,0,635,1,1426,660,1,"Knox County",470313,28.0664153446747,0.0327868852459016,132.039726735174,7.22922819484046,3.27868852459016
2021-05-19,51424,14,42998,6,8426,8,47080,6,339857,544,386937,550,0,635,1,1425,659,0,"Knox County",470313,27.6411666273312,0.0314043754410727,116.943397269478,2.97674102140489,3.14043754410727
2021-05-18,51410,24,42992,14,8418,10,47074,14,339313,444,386387,458,1,635,0,1424,659,1,"Knox County",470313,28.9169127793618,0.0322797579018157,97.3819562716744,5.10298460812268,3.22797579018157
2021-05-17,51386,15,42978,8,8408,7,47060,8,338869,420,385929,428,0,634,0,1424,658,0,"Knox County",470313,26.790669192644,0.0270910938029123,91.003225511521,3.18936538007667,2.70910938029123
2021-05-16,51371,22,42970,13,8401,9,47052,12,338449,272,385501,284,1,634,1,1424,658,1,"Knox County",470313,28.0664153446747,0.0279627163781625,60.385317862785,4.67773589077912,2.79627163781625
2021-05-15,51349,23,42957,13,8392,10,47040,17,338177,336,385217,353,0,633,2,1423,657,1,"Knox County",470313,31.2557807247514,0.0314526588845655,75.0563986111377,4.8903602494509,3.14526588845655
2021-05-14,51326,36,42944,25,8382,11,47023,26,337841,498,384864,524,0,633,4,1421,656,0,"Knox County",470313,35.7208922568587,0.0341827221876942,111.415163944012,7.65447691218401,3.41827221876942
2021-05-13,51290,31,42919,17,8371,14,46997,17,337343,376,384340,393,0,633,0,1417,656,0,"Knox County",470313,35.0830191808434,0.0334448160535117,83.5613729580088,6.59135511882512,3.34448160535117
2021-05-12,51259,34,42902,28,8357,6,46980,26,336967,506,383947,532,0,633,0,1417,656,0,"Knox County",470313,39.335506354279,0.0403768506056528,113.116158813386,7.22922819484046,4.03768506056528
2021-05-11,51225,36,42874,30,8351,6,46954,31,336461,555,383415,586,0,633,4,1417,656,0,"Knox County",470313,41.8869986583403,0.0441935483870968,124.597874181662,7.65447691218401,4.41935483870968
2021-05-10,51189,21,42844,14,8345,7,46923,13,335906,277,382829,290,1,633,1,1413,656,1,"Knox County",470313,43.162744810371,0.0479405806887238,61.6610640148157,4.46511153210734,4.79405806887238
2021-05-09,51168,17,42830,14,8338,3,46910,17,335629,369,382539,386,0,632,1,1412,655,0,"Knox County",470313,42.0996230170121,0.047976501305483,82.0730024473064,3.61461409742023,4.7976501305483
2021-05-08,51151,20,42816,11,8335,9,46893,14,335260,307,382153,321,0,632,1,1411,655,0,"Knox County",470313,41.4617499409967,0.0474934036939314,68.2524191336408,4.25248717343556,4.74934036939314
2021-05-07,51131,43,42805,31,8326,12,46879,33,334953,576,381832,609,0,632,0,1410,655,0,"Knox County",470313,42.9501204516992,0.0484440166827077,129.488234431113,9.14284742288646,4.84440166827077
2021-05-06,51088,40,42774,26,8314,14,46846,28,334377,340,381223,368,1,632,0,1410,655,1,"Knox County",470313,44.8637396797452,0.0523932729624838,78.2457639912144,8.50497434687113,5.23932729624838
2021-05-05,51048,51,42748,32,8300,19,46818,38,334037,585,380855,623,0,631,4,1410,654,0,"Knox County",470313,48.4783537771654,0.0546654099905749,132.464975452518,10.8438422922607,5.46654099905749
2021-05-04,50997,50,42716,32,8281,18,46780,34,333452,536,380232,570,0,631,0,1406,654,0,"Knox County",470313,51.4550947985703,0.0558888538048626,121.195884442914,10.6312179335889,5.58888538048626
2021-05-03,50947,24,42684,9,8263,15,46746,7,332916,309,379662,316,1,631,1,1406,654,1,"Knox County",470313,52.0929678745856,0.053554650798622,67.1892973402819,5.10298460812268,5.3554650798622
2021-05-02,50923,25,42675,18,8248,7,46739,20,332607,288,379346,308,0,630,2,1405,653,0,"Knox County",470313,53.7939627439599,0.0558587479935795,65.4883024709077,5.31560896679445,5.58587479935795
2021-05-01,50898,45,42657,35,8241,10,46719,37,332319,450,379038,487,0,630,2,1403,653,0,"Knox County",470313,59.1095717107543,0.060042669917708,103.548062673156,9.56809614023002,6.0042669917708
2021-04-30,50853,57,42622,30,8231,27,46682,29,331869,567,378551,596,0,630,3,1401,653,1,"Knox County",470313,62.0863127321592,0.0590575275397797,126.72411776838,12.1195884442914,5.90575275397797
2021-04-29,50796,54,42592,34,8204,20,46653,35,331302,571,377955,606,0,630,2,1398,652,0,"Knox County",470313,65.0630537535641,0.0570450656018254,128.850361355098,11.481715368276,5.70450656018254
2021-04-28,50742,47,42558,28,8184,19,46618,34,330731,543,377349,577,4,630,1,1396,652,2,"Knox County",470313,64.212556318877,0.0566473988439306,122.684254953616,9.99334485757357,5.66473988439306
2021-04-27,50695,39,42530,17,8165,22,46584,20,330188,392,376772,412,1,626,2,1395,650,1,"Knox County",470313,61.8736883734874,0.0551181102362205,87.6012357727726,8.29234998819935,5.51181102362205
2021-04-26,50656,70,42513,37,8143,33,46564,41,329796,480,376360,521,1,625,0,1393,649,2,"Knox County",470313,71.6544088723892,0.0615911035072712,110.777290867996,14.8837051070245,6.15911035072712
2021-04-25,50586,38,42476,25,8110,13,46523,26,329316,341,375839,367,0,624,3,1393,647,0,"Knox County",470313,74.4185255351224,0.0622546270330903,78.0331396325426,8.07972562952757,6.22546270330903
2021-04-24,50548,35,42451,22,8097,13,46497,28,328975,509,375472,537,0,624,3,1390,647,1,"Knox County",470313,72.2922819484046,0.0589048672566372,114.179280606745,7.44185255351224,5.89048672566372
2021-04-23,50513,43,42429,31,8084,12,46469,36,328466,553,374935,589,0,624,2,1387,646,1,"Knox County",470313,69.3155409269997,0.0609587143252979,125.235747257677,9.14284742288646,6.09587143252979
2021-04-22,50470,79,42398,62,8072,17,46433,65,327913,787,374346,852,1,624,1,1385,645,1,"Knox County",470313,74.6311498937941,0.0648508430609598,181.155953588355,16.7973243350705,6.48508430609598
2021-04-21,50391,62,42336,34,8055,28,46368,34,327126,479,373494,513,1,623,1,1384,644,1,"Knox County",470313,77.8205152738708,0.065945660775521,109.076295998622,13.1827102376502,6.5945660775521
2021-04-20,50329,38,42302,34,8027,4,46334,38,326647,474,372981,512,1,622,1,1383,643,1,"Knox County",470313,77.607890915199,0.0688768953996402,108.86367163995,8.07972562952757,6.88768953996402
2021-04-19,50291,64,42268,40,8023,24,46296,39,326173,336,372469,375,0,621,0,1382,642,0,"Knox County",470313,76.3321447631684,0.0710280373831776,79.7341345019168,13.6079589549938,7.10280373831776
2021-04-18,50227,38,42228,27,7999,11,46257,32,325837,364,372094,396,0,621,1,1382,642,1,"Knox County",470313,76.3321447631684,0.0720720720720721,84.1992460340241,8.07972562952757,7.20720720720721
2021-04-17,50189,37,42201,18,7988,19,46225,23,325473,335,371698,358,0,621,1,1381,641,0,"Knox County",470313,76.7573934805119,0.0742698191933241,76.1195204044966,7.86710127085579,7.42698191933241
2021-04-16,50152,344,42183,328,7969,16,46202,368,325138,2088,371340,2456,1,621,4,1380,641,1,"Knox County",470313,140.757325440717,0.10966678872208,522.205424897887,73.1427793830917,10.966678872208
2021-04-15,49808,86,41855,54,7953,32,45834,55,323050,577,368884,632,1,620,0,1376,640,1,"Knox County",470313,142.24569595142,0.11236169400992,134.378594680564,18.2856948457729,11.236169400992
2021-04-14,49722,84,41801,59,7921,25,45779,61,322473,684,368252,745,0,619,3,1376,639,0,"Knox County",470313,146.923431842199,0.112531969309463,158.405147210475,17.8604461284294,11.2531969309463
2021-04-13,49638,68,41742,38,7896,30,45718,43,321789,339,367507,382,-5,619,1,1373,639,0,"Knox County",470313,153.302162602352,0.116205089820359,81.2225050126193,14.4584563896809,11.6205089820359
2021-04-12,49570,63,41704,43,7866,20,45675,50,321450,360,367125,410,1,624,0,1372,639,1,"Knox County",470313,153.08953824368,0.117493957984756,87.175987055429,13.395334596322,11.7493957984756
2021-04-11,49507,26,41661,15,7846,11,45625,14,321090,296,366715,310,2,623,0,1372,638,0,"Knox County",470313,150.538045939619,0.116002267145286,65.9135511882512,5.52823332546623,11.6002267145286
2021-04-10,49481,50,41646,33,7835,17,45611,41,320794,571,366405,612,0,621,1,1372,638,1,"Knox County",470313,153.302162602352,0.113935460609338,130.126107507128,10.6312179335889,11.3935460609338
2021-04-09,49431,82,41613,62,7818,20,45570,71,320223,620,365793,691,5,621,2,1371,637,0,"Knox County",470313,97.5945806303462,0.0885774722369117,146.923431842199,17.4351974110858,8.85774722369117
2021-04-08,49349,49,41551,26,7798,23,45499,26,319603,465,365102,491,-6,616,0,1369,637,1,"Knox County",470313,89.7274793594904,0.0840428453721505,104.398560107843,10.4185935749171,8.40428453721505
2021-04-07,49300,77,41525,54,7775,23,45473,57,319138,767,364611,824,2,622,1,1369,636,0,"Knox County",470313,88.2391088487879,0.0811827956989247,175.202471545545,16.3720756177269,8.11827956989247
2021-04-06,49223,73,41471,40,7752,33,45416,44,318371,419,363787,463,2,620,0,1368,636,0,"Knox County",470313,89.3022306421468,0.079715864246251,98.4450780650333,15.5215781830398,7.9715864246251
2021-04-05,49150,44,41431,32,7719,12,45372,35,317952,266,363324,301,0,618,3,1368,636,2,"Knox County",470313,85.262367827383,0.0780065005417118,63.9999319602052,9.35547178155824,7.80065005417118
2021-04-04,49106,49,41399,31,7707,18,45337,40,317686,341,363023,381,3,618,0,1365,634,1,"Knox County",470313,90.1527280768339,0.0834440605899548,81.0098806539475,10.4185935749171,8.34440605899548
2021-04-03,49057,80,41368,63,7689,17,45297,70,317345,593,362642,663,0,615,0,1365,633,3,"Knox County",470313,96.5314588369873,0.0899318300996329,140.969949799389,17.0099486937423,8.99318300996329
2021-04-02,48977,73,41305,43,7672,30,45227,44,316752,529,361979,573,0,615,2,1365,630,2,"Knox County",470313,94.6178396089413,0.0854978354978355,121.833757518929,15.5215781830398,8.54978354978355
2021-04-01,48904,76,41262,64,7642,12,45183,67,316223,580,361406,647,1,615,1,1363,628,0,"Knox County",470313,100.358697293079,0.0926791277258567,137.56796006064,16.1594512590551,9.26791277258567
2021-03-31,48828,87,41198,66,7630,21,45116,72,315643,765,360759,837,3,614,2,1362,628,2,"Knox County",470313,102.484940879797,0.096248382923674,177.966588208278,18.4983192044447,9.6248382923674
2021-03-30,48741,56,41132,32,7609,24,45044,38,314878,460,359922,498,1,611,2,1360,626,2,"Knox County",470313,98.8703267823768,0.0938461538461538,105.886930618546,11.9069640856196,9.38461538461539
2021-03-29,48685,42,41100,21,7585,21,45006,22,314418,399,359424,421,5,610,0,1358,624,1,"Knox County",470313,98.4450780650333,0.0878109452736318,89.5148550008186,8.93022306421468,8.78109452736318
2021-03-28,48643,80,41079,46,7564,34,44984,49,314019,484,359003,533,2,605,5,1358,623,1,"Knox County",470313,105.036433183858,0.0867689357622244,113.328783172058,17.0099486937423,8.67689357622244
2021-03-27,48563,43,41033,40,7530,3,44935,42,313535,442,358470,484,0,603,2,1353,622,2,"Knox County",470313,97.1693319130026,0.0836463811670423,102.910189597141,9.14284742288646,8.36463811670423
2021-03-26,48520,79,40993,54,7527,25,44893,60,313093,416,357986,476,0,603,2,1351,620,2,"Knox County",470313,98.4450780650333,0.0898357289527721,101.209194727766,16.7973243350705,8.98357289527721
2021-03-25,48441,87,40939,63,7502,24,44833,67,312677,570,357510,637,0,603,4,1349,618,1,"Knox County",470313,100.783946010423,0.0900669068450849,135.441716473923,18.4983192044447,9.00669068450849
2021-03-24,48354,123,40876,93,7478,30,44766,95,312107,780,356873,875,1,603,3,1345,617,1,"Knox County",470313,108.438422922607,0.0950560652395515,186.046313837806,26.1527961166287,9.50560652395515
2021-03-23,48231,88,40783,58,7448,30,44671,63,311327,530,355998,593,1,602,3,1342,616,1,"Knox County",470313,115.242402400104,0.0990296093555611,126.086244692364,18.7109435631165,9.90296093555611
2021-03-22,48143,113,40725,78,7418,35,44608,80,310797,516,355405,596,2,601,1,1339,615,0,"Knox County",470313,130.3387318658,0.108726752503577,126.72411776838,24.0265525299109,10.8726752503577
2021-03-21,48030,50,40647,33,7383,17,44528,34,310281,330,354809,364,-3,599,1,1338,615,1,"Knox County",470313,123.960001105647,0.109565217391304,77.3952665565272,10.6312179335889,10.9565217391304
2021-03-20,47980,59,40614,29,7366,30,44494,33,309951,315,354445,348,0,602,4,1337,614,0,"Knox County",470313,127.361990844395,0.111082540498843,73.9932768177788,12.5448371616349,11.1082540498843
2021-03-19,47921,146,40585,102,7336,44,44461,116,309636,955,354097,1071,3,602,3,1333,614,1,"Knox County",470313,141.607822875404,0.108831400535236,227.720688137474,31.0431563660796,10.8831400535236
2021-03-18,47775,68,40483,50,7292,18,44345,66,308681,627,353026,693,2,599,1,1330,613,0,"Knox County",470313,137.56796006064,0.10726872246696,147.348680559542,14.4584563896809,10.726872246696
2021-03-17,47707,46,40433,36,7274,10,44279,41,308054,498,352333,539,1,597,3,1329,613,2,"Knox County",470313,121.195884442914,0.102997145575642,114.604529324088,9.7807204989018,10.2997145575642
2021-03-16,47661,128,40397,84,7264,44,44238,100,307556,698,351794,798,0,596,3,1326,611,1,"Knox County",470313,129.700858789785,0.10660013608528,169.674238220079,27.2159179099876,10.660013608528
2021-03-15,47533,43,40313,28,7220,15,44138,39,306858,290,350996,329,1,596,1,1323,610,1,"Knox County",470313,114.81715368276,0.103573153066152,69.953414003015,9.14284742288646,10.3573153066152
2021-03-14,47490,59,40285,37,7205,22,44099,46,306568,405,350667,451,0,595,0,1322,609,0,"Knox County",470313,116.730772910806,0.104279971624498,95.893585760972,12.5448371616349,10.4279971624498
2021-03-13,47431,71,40248,34,7183,37,44053,41,306163,623,350216,664,1,595,1,1322,609,2,"Knox County",470313,119.282265214868,0.0987898789878988,141.182574158061,15.0963294656962,9.87898789878988
2021-03-12,47360,63,40214,60,7146,3,44012,67,305540,691,349552,758,0,594,1,1321,607,2,"Knox County",470313,101.63444344511,0.0945179584120983,161.169263873208,13.395334596322,9.45179584120983
2021-03-11,47297,81,40154,54,7143,27,43945,65,304849,627,348794,692,2,594,0,1320,605,1,"Knox County",470313,104.398560107843,0.0943039470574332,147.13605620087,17.222573052414,9.43039470574332
2021-03-10,47216,94,40100,71,7116,23,43880,81,304222,1001,348102,1082,2,592,0,1320,604,0,"Knox County",470313,114.604529324088,0.0919564306661081,230.059556082864,19.9866897151471,9.19564306661081
2021-03-09,47122,80,40029,50,7093,30,43799,55,303221,597,347020,652,0,590,2,1320,604,5,"Knox County",470313,104.398560107843,0.0851339671564391,138.631081853999,17.0099486937423,8.51339671564391
2021-03-08,47042,85,39979,57,7063,28,43744,63,302624,411,346368,474,1,590,0,1318,599,2,"Knox County",470313,113.328783172058,0.0875759480410643,100.783946010423,18.0730704871011,8.75759480410643
2021-03-07,46957,64,39922,40,7035,24,43681,42,302213,327,345894,369,0,589,0,1318,597,0,"Knox County",470313,114.391904965417,0.0882541036026434,78.4583883498861,13.6079589549938,8.82541036026434
2021-03-06,46893,123,39882,86,7011,37,43639,94,301886,848,345525,942,0,589,1,1318,597,0,"Knox County",470313,125.448371616349,0.0939826926947072,200.292145868815,26.1527961166287,9.39826926947072
2021-03-05,46770,69,39796,43,6974,26,43545,48,301038,520,344583,568,2,589,2,1317,597,2,"Knox County",470313,126.72411776838,0.0937434609750994,120.77063572557,14.6710807483527,9.37434609750994
2021-03-04,46701,113,39753,86,6948,27,43497,100,300518,1094,344015,1194,5,587,2,1315,595,2,"Knox County",470313,133.528097245877,0.0914599507669002,253.873484254103,24.0265525299109,9.14599507669002
2021-03-03,46588,72,39667,31,6921,41,43397,38,299424,497,342821,535,1,582,4,1313,593,1,"Knox County",470313,128.850361355098,0.0929446556822983,113.754031889401,15.308953824368,9.29446556822983
2021-03-02,46516,133,39636,91,6880,42,43359,99,298927,807,342286,906,-1,581,2,1309,592,5,"Knox County",470313,140.119452364702,0.0970328789093825,192.637668956631,28.2790397033465,9.70328789093825
2021-03-01,46383,56,39545,30,6838,26,43260,33,298120,165,341380,198,1,582,1,1307,587,0,"Knox County",470313,133.95334596322,0.0963497453310696,42.0996230170121,11.9069640856196,9.63497453310696
2021-02-28,46327,77,39515,53,6812,24,43227,63,297955,563,341182,626,2,581,2,1306,587,1,"Knox County",470313,136.717462625953,0.0955926745824109,133.102848528533,16.3720756177269,9.5592674582411
2021-02-27,46250,82,39462,47,6788,35,43164,59,297392,670,340556,729,1,579,3,1304,586,1,"Knox County",470313,127.99986392041,0.0925147182506308,155.003157471726,17.4351974110858,9.25147182506308
2021-02-26,46168,105,39415,69,6753,36,43105,80,296722,505,339827,585,5,578,1,1301,585,0,"Knox County",470313,135.654340832594,0.0988895872616803,124.38524982299,22.3255576605367,9.88895872616803
2021-02-25,46063,131,39346,92,6717,39,43025,98,296217,1028,339242,1126,2,573,5,1300,585,1,"Knox County",470313,139.481579288686,0.099893730074389,239.415027864422,27.8537909860029,9.9893730074389
2021-02-24,45932,101,39254,71,6678,30,42927,79,295189,969,338116,1048,2,571,2,1295,584,1,"Knox County",470313,145.647685690168,0.0979302414718283,222.830327888024,21.4750602258496,9.79302414718283
2021-02-23,45831,115,39183,61,6648,54,42848,68,294220,758,337068,826,5,569,6,1293,583,2,"Knox County",470313,141.820447234076,0.0934215648112106,175.627720262889,24.4518012472545,9.34215648112106
2021-02-22,45716,60,39122,31,6594,29,42780,37,293462,306,336242,343,3,564,3,1287,581,2,"Knox County",470313,142.670944668763,0.0916146129093318,72.9301550244199,12.7574615203067,9.16146129093318
2021-02-21,45656,82,39091,41,6565,41,42743,45,293156,499,335899,544,2,561,3,1284,579,3,"Knox County",470313,143.734066462122,0.0895981542011152,115.667651117447,17.4351974110858,8.95981542011152
2021-02-20,45574,137,39050,98,6524,39,42698,115,292657,1007,335355,1122,1,559,2,1281,576,1,"Knox County",470313,155.42840618907,0.0933142652842331,238.564530429735,29.1295371380336,9.33142652842331
2021-02-19,45437,93,38952,41,6485,52,42583,47,291650,274,334233,321,1,558,2,1279,575,2,"Knox County",470313,152.876913885008,0.0917448405253283,68.2524191336408,19.7740653564754,9.17448405253283
2021-02-18,45344,154,38911,110,6433,44,42536,117,291376,987,333912,1104,4,557,5,1277,573,6,"Knox County",470313,157.767274134459,0.0957045968349661,234.737291973643,32.7441512354538,9.57045968349661
2021-02-17,45190,113,38801,68,6389,45,42419,76,290389,891,332808,967,1,553,4,1272,567,3,"Knox County",470313,160.318766438521,0.096613736368854,205.607754835609,24.0265525299109,9.6613736368854
2021-02-16,45077,145,38733,89,6344,56,42343,102,289498,818,331841,920,2,552,4,1268,564,0,"Knox County",470313,166.697497198674,0.101296748731441,195.614409978036,30.8305320074078,10.1296748731441
2021-02-15,44932,75,38644,36,6288,39,42241,44,288680,312,330921,356,2,550,1,1264,564,1,"Knox County",470313,169.886862578751,0.102362204724409,75.694271687153,15.9468269003834,10.2362204724409
2021-02-14,44857,162,38608,132,6249,30,42197,134,288368,706,330565,840,2,548,5,1263,563,1,"Knox County",470313,186.896811272493,0.112788632326821,178.604461284294,34.4451461048281,11.2788632326821
2021-02-13,44695,132,38476,88,6219,44,42063,104,287662,870,329725,974,4,546,6,1258,562,4,"Knox County",470313,185.833689479134,0.113827070412258,207.096125346312,28.0664153446747,11.3827070412258
2021-02-12,44563,179,38388,114,6175,65,41959,123,286792,996,328751,1119,3,542,3,1252,558,1,"Knox County",470313,204.119384324907,0.111464968152866,237.92665735372,38.0597602022483,11.1464968152866
2021-02-11,44384,162,38274,112,6110,50,41836,117,285796,1132,327632,1249,5,539,5,1249,557,2,"Knox County",470313,205.820379194281,0.108949416342412,265.567823981051,34.4451461048281,10.8949416342412
2021-02-10,44222,147,38162,105,6060,42,41719,111,284664,1032,326383,1143,7,534,6,1244,555,2,"Knox County",470313,213.049607389122,0.111346765641569,243.029641961842,31.2557807247514,11.1346765641569
2021-02-09,44075,206,38057,151,6018,55,41608,160,283632,1022,325240,1182,0,527,6,1238,553,5,"Knox County",470313,226.0196932681,0.115547136820632,251.321991950042,43.8006178863863,11.5547136820632
2021-02-08,43869,103,37906,68,5963,35,41448,72,282610,371,324058,443,4,527,2,1232,548,3,"Knox County",470313,231.97317531091,0.118129496402878,94.1925908915977,21.9003089431931,11.8129496402878
2021-02-07,43766,109,37838,76,5928,33,41376,83,282239,716,323615,799,1,523,2,1230,545,1,"Knox County",470313,220.704084301306,0.11144883485309,169.886862578751,23.1760550952238,11.144883485309
2021-02-06,43657,302,37762,176,5895,126,41293,195,281523,1396,322816,1591,2,522,6,1228,544,4,"Knox County",470313,256.850225275508,0.114403401541323,338.285354646799,64.212556318877,11.4403401541323
2021-02-05,43355,173,37586,128,5769,45,41098,142,280127,727,321225,869,8,520,4,1222,540,3,"Knox County",470313,255.574479123477,0.120945574491479,184.770567685775,36.7840140502176,12.0945574491479
2021-02-04,43182,199,37458,148,5724,51,40956,158,279400,1581,320356,1739,2,512,7,1218,537,8,"Knox County",470313,263.441580394333,0.118593870718517,369.753759730222,42.3122473756839,11.8593870718517
2021-02-03,42983,230,37310,165,5673,65,40798,172,277819,1634,318617,1806,5,510,7,1211,529,0,"Knox County",470313,281.089402164091,0.11650255071776,383.999591761231,48.903602494509,11.650255071776
2021-02-02,42753,89,37145,68,5608,21,40626,76,276185,291,316811,367,7,505,1,1204,529,2,"Knox County",470313,256.212352199493,0.117940635671132,78.0331396325426,18.9235679217883,11.7940635671132
2021-02-01,42664,152,37077,82,5587,70,40550,97,275894,425,316444,522,4,498,2,1203,527,3,"Knox County",470313,266.63094577441,0.119979201871832,110.989915226668,32.3189025181103,11.9979201871832
2021-01-31,42512,173,36995,119,5517,54,40453,127,275469,939,315922,1066,7,494,4,1201,524,2,"Knox County",470313,280.238904729404,0.121482412060302,226.657566344116,36.7840140502176,12.1482412060302
2021-01-30,42339,276,36876,232,5463,44,40326,250,274530,1518,314856,1768,7,487,9,1197,522,6,"Knox County",470313,274.710671403937,0.125599115153005,375.919866131704,58.6843229934108,12.5599115153005
2021-01-29,42063,101,36644,52,5419,49,40076,62,273012,376,313088,438,4,480,1,1188,516,5,"Knox County",470313,259.401717579569,0.122242408512847,93.1294690982388,21.4750602258496,12.2242408512847
2021-01-28,41962,158,36592,117,5370,41,40014,128,272636,656,312650,784,9,476,6,1187,511,4,"Knox County",470313,250.684118874026,0.135091097615168,166.697497198674,33.594648670141,13.5091097615168
2021-01-27,41804,169,36475,124,5329,45,39886,125,271980,893,311866,1018,12,467,3,1181,507,4,"Knox County",470313,237.714032995048,0.145061210799933,216.45159712787,35.9335166155305,14.5061210799933
2021-01-26,41635,232,36351,171,5284,61,39761,192,271087,1041,310848,1233,3,455,8,1178,503,7,"Knox County",470313,268.119316285112,0.143652072045688,262.165834242302,49.3288512118525,14.3652072045687
2021-01-25,41403,157,36180,106,5223,51,39569,115,270046,415,309615,530,9,452,1,1170,496,4,"Knox County",470313,269.182438078471,0.14611671785871,112.690910096042,33.3820243114692,14.611671785871
2021-01-24,41246,153,36074,101,5172,52,39454,109,269631,790,309085,899,4,443,2,1169,492,5,"Knox County",470313,264.929950905036,0.147076461769115,191.149298445929,32.5315268767821,14.7076461769115
2021-01-23,41093,308,35973,221,5120,87,39345,231,268841,1492,308186,1723,7,439,7,1167,487,4,"Knox County",470313,271.733930382532,0.145207547169811,366.351769991474,65.4883024709077,14.5207547169811
2021-01-22,40785,177,35752,141,5033,36,39114,175,267349,1172,306463,1347,3,432,8,1160,483,8,"Knox County",470313,287.893381641588,0.142686487921423,286.405011130885,37.6345114849047,14.2686487921423
2021-01-21,40608,261,35611,190,4997,71,38939,201,266177,1079,305116,1280,11,429,5,1152,475,6,"Knox County",470313,309.793690584781,0.142963885429639,272.159179099876,55.4949576133341,14.2963885429639
2021-01-20,40347,193,35421,132,4926,61,38738,131,265098,736,303836,867,10,418,8,1147,469,10,"Knox County",470313,314.896675192903,0.14646528747303,184.345318968432,41.0365012236532,14.646528747303
2021-01-19,40154,310,35289,195,4865,115,38607,218,264362,956,302969,1174,8,408,14,1139,459,3,"Knox County",470313,331.481375169302,0.150895140664962,249.620997080668,65.9135511882512,15.0895140664962
2021-01-18,39844,129,35094,80,4750,49,38389,86,263406,472,301795,558,7,400,4,1125,456,9,"Knox County",470313,325.527893126492,0.146661569826707,118.644392138852,27.4285422686594,14.6661569826707
2021-01-17,39715,180,35014,137,4701,43,38303,150,262934,690,301237,840,3,393,8,1121,447,6,"Knox County",470313,331.26875081063,0.153036333290538,178.604461284294,38.2723845609201,15.3036333290538
2021-01-16,39535,419,34877,339,4658,80,38153,388,262244,1757,300397,2145,1,390,7,1113,441,8,"Knox County",470313,354.870054623198,0.164291803677993,456.079249350964,89.089606283475,16.4291803677993
2021-01-15,39116,187,34538,149,4578,38,37765,153,260487,755,298252,908,0,389,4,1106,433,10,"Knox County",470313,356.996298209916,0.170741121976325,193.062917673975,39.7607550716225,17.0741121976325
2021-01-14,38929,336,34389,266,4540,70,37612,290,259732,1480,297344,1770,6,389,8,1102,423,7,"Knox County",470313,372.943125110299,0.171387073347858,376.345114849047,71.4417845137175,17.1387073347858
2021-01-13,38593,247,34123,199,4470,48,37322,202,258252,946,295574,1148,12,383,6,1094,416,2,"Knox County",470313,384.424840478575,0.174060634437551,244.092763755201,52.5182165919292,17.4060634437551
2021-01-12,38346,331,33924,260,4422,71,37120,282,257306,1180,294426,1462,10,371,6,1088,414,5,"Knox County",470313,388.889952010682,0.175631298833654,310.85681237814,70.3786627203586,17.5631298833654
2021-01-11,38015,244,33664,197,4351,47,36838,228,256126,726,292964,954,4,361,5,1082,409,6,"Knox County",470313,413.341753257937,0.183483255662729,202.843638172876,51.8803435159139,18.3483255662729
2021-01-10,37771,324,33467,203,4304,121,36610,220,255400,1013,292010,1233,5,357,17,1077,403,6,"Knox County",470313,443.959660906673,0.183264033264033,262.165834242302,68.8902922096561,18.3264033264033
2021-01-09,37447,471,33264,390,4183,81,36390,423,254387,1383,290777,1806,5,352,11,1060,397,2,"Knox County",470313,455.016127557605,0.193729124016809,383.999591761231,100.146072934408,19.3729124016809
2021-01-08,36976,455,32874,367,4102,88,35967,389,253004,1431,288971,1820,7,347,6,1049,395,8,"Knox County",470313,511.999455681642,0.19954870989895,386.976332782636,96.7440831956591,19.954870989895
2021-01-07,36521,386,32507,343,4014,43,35578,349,251573,1309,287151,1658,10,340,10,1043,387,3,"Knox County",470313,522.630673615231,0.207618291836127,352.531186677808,82.0730024473064,20.7618291836127
2021-01-06,36135,491,32164,359,3971,132,35229,375,250264,1187,285493,1562,9,330,15,1033,384,9,"Knox County",470313,574.511017131145,0.215912339209147,332.119248245317,104.398560107843,21.5912339209147
2021-01-05,35644,518,31805,327,3839,191,34854,344,249077,1192,283931,1536,14,321,14,1018,375,6,"Knox County",470313,614.271772202767,0.220266818052796,326.591014919851,110.139417791981,22.0266818052796
2021-01-04,35126,322,31478,228,3648,94,34510,249,247885,654,282395,903,6,307,6,1004,369,8,"Knox County",470313,630.856472179166,0.223331431831147,191.999795880616,68.4650434923126,22.3331431831147
2021-01-03,34804,284,31250,182,3554,102,34261,195,247231,608,281492,803,2,301,10,998,361,9,"Knox County",470313,622.351497832295,0.230372720063442,170.737360013438,60.385317862785,23.0372720063442
2021-01-02,34520,421,31068,319,3452,102,34066,344,246623,1095,280689,1439,0,299,23,988,352,4,"Knox County",470313,611.720279898706,0.230943318588623,305.966452128689,89.5148550008186,23.0943318588623
2021-01-01,34099,417,30749,347,3350,70,33722,373,245528,1297,279250,1670,2,299,8,965,348,6,"Knox County",470313,603.640554269178,0.232891024971267,355.08267898187,88.6643575661315,23.2891024971267
2020-12-31,33682,449,30402,312,3280,137,33349,322,244231,929,277580,1251,12,297,8,957,342,3,"Knox County",470313,617.0358888655,0.240288083806198,265.993072698394,95.4683370436284,24.0288083806198
2020-12-30,33233,363,30090,248,3143,115,33027,271,243302,931,276329,1202,6,285,9,949,339,4,"Knox County",470313,589.819970955513,0.238300772376193,255.574479123477,77.1826421978555,23.8300772376193
2020-12-29,32870,590,29842,398,3028,192,32756,420,242371,1081,275127,1501,7,279,14,940,335,8,"Knox County",470313,605.128924779881,0.24791880488083,319.149162366339,125.448371616349,24.791880488083
2020-12-28,32280,252,29444,174,2836,78,32336,185,241290,565,273626,750,4,272,4,926,327,5,"Knox County",470313,590.245219672856,0.244893221912721,159.468269003834,53.5813383852881,24.4893221912721
2020-12-27,32028,230,29270,156,2758,74,32151,172,240725,489,272876,661,3,268,8,922,322,7,"Knox County",470313,578.76350430458,0.246282747226811,140.544701082045,48.903602494509,24.6282747226811
2020-12-26,31798,359,29114,289,2684,70,31979,329,240236,1063,272215,1392,0,265,10,914,315,6,"Knox County",470313,565.58079406693,0.245876349827934,295.973107271115,76.3321447631684,24.5876349827934
2020-12-25,31439,353,28825,287,2614,66,31650,308,239173,1070,270823,1378,1,265,5,904,309,7,"Knox County",470313,551.972835111936,0.246711739397664,292.99636624971,75.0563986111377,24.6711739397664
2020-12-24,31086,351,28538,277,2548,74,31342,311,238103,1273,269445,1584,5,264,8,899,302,7,"Knox County",470313,531.135647962102,0.235710911667454,336.796984136097,74.6311498937941,23.5710911667454
2020-12-23,30735,472,28261,351,2474,121,31031,371,236830,1411,267861,1782,6,259,9,891,295,6,"Knox County",470313,554.311703057326,0.231653404067197,378.896607153109,100.358697293079,23.1653404067197
2020-12-22,30263,530,27910,392,2353,138,30660,432,235419,1470,266079,1902,7,253,15,882,289,6,"Knox County",470313,541.554241537019,0.223092390729178,404.411530193722,112.690910096042,22.3092390729178
2020-12-21,29733,442,27518,361,2215,81,30228,391,233949,1422,264177,1813,2,246,5,867,283,3,"Knox County",470313,581.952869684657,0.220129375951294,385.487962271934,93.9799665329259,22.0129375951294
2020-12-20,29291,514,27157,431,2134,83,29837,478,232527,2245,262364,2723,2,244,7,862,280,6,"Knox County",470313,642.338187547442,0.208366470494672,578.976128663252,109.288920357294,20.8366470494672
2020-12-19,28777,525,26726,441,2051,84,29359,489,230282,1445,259641,1934,6,242,14,855,274,7,"Knox County",470313,677.633831086957,0.211954864287893,411.215509671219,111.627788302684,21.1954864287893
2020-12-18,28252,480,26285,420,1967,60,28870,430,228837,1358,257707,1788,4,236,11,841,267,6,"Knox County",470313,704.637124638273,0.214549756025432,380.172353305139,102.059692162454,21.4549756025433
2020-12-17,27772,733,25865,635,1907,98,28440,663,227479,1898,255919,2561,11,232,11,830,261,4,"Knox County",470313,785.859629650892,0.224367372267807,544.530982558424,155.853654906413,22.4367372267807
2020-12-16,27039,564,25230,453,1809,111,27777,472,225581,1729,253358,2201,8,221,11,819,257,4,"Knox County",470313,805.421070648696,0.224835812893714,467.986213436584,119.920138290883,22.4835812893714
2020-12-15,26475,765,24777,675,1698,90,27305,716,223852,2415,251157,3131,2,213,15,808,253,8,"Knox County",470313,855.387794936564,0.225311126246053,665.726867001337,162.65763438391,22.5311126246053
2020-12-14,25710,472,24102,411,1608,61,26589,461,221437,1624,248026,2085,6,211,7,793,245,8,"Knox County",470313,861.766525696717,0.225841807221579,443.321787830657,100.358697293079,22.584180722158
2020-12-13,25238,628,23691,572,1547,56,26128,754,219813,2935,245941,3689,2,205,10,786,237,6,"Knox County",470313,886.0057025853,0.229167864742078,784.37125914019,133.528097245877,22.9167864742078
2020-12-12,24610,464,23119,392,1491,72,25374,454,216878,2171,242252,2625,3,203,19,776,231,4,"Knox County",470313,873.035616706321,0.218473451327434,558.138941513418,98.6577024237051,21.8473451327434
2020-12-11,24146,557,22727,523,1419,34,24920,429,214707,1406,239627,1835,6,200,10,757,227,2,"Knox County",470313,889.407692324048,0.21785182324709,390.165698162713,118.43176778018,21.785182324709
2020-12-10,23589,473,22204,415,1385,58,24491,538,213301,1910,237792,2448,8,194,9,747,225,10,"Knox County",470313,834.125359069386,0.212279338292439,520.504430028513,100.571321651751,21.2279338292439
2020-12-09,23116,407,21789,337,1327,70,23953,359,211391,924,235344,1283,2,186,13,738,215,3,"Knox County",470313,800.743334757917,0.217068320074871,272.797052175891,86.5381139794137,21.7068320074871
2020-12-08,22709,491,21452,446,1257,45,23594,538,210467,2077,234061,2615,9,184,10,725,212,2,"Knox County",470313,742.484260481849,0.213088057901086,556.0126979267,104.398560107843,21.3088057901086
2020-12-07,22218,323,21006,271,1212,52,23056,317,208390,1135,231446,1452,3,175,6,715,210,3,"Knox County",470313,710.803231039754,0.212516460776322,308.730568791422,68.6776678509843,21.2516460776322
2020-12-06,21895,332,20735,291,1160,41,22739,187,207255,668,229994,855,6,172,6,709,207,4,"Knox County",470313,647.866420872908,0.215206283840464,181.79382666437,70.5912870790304,21.5206283840464
2020-12-05,21563,289,20444,263,1119,26,22552,213,206587,714,229139,927,2,166,8,703,203,2,"Knox County",470313,610.657158105347,0.22610600087604,197.102780488738,61.4484396561439,22.610600087604
2020-12-04,21274,354,20181,322,1093,32,22339,297,205873,1091,228212,1388,5,164,11,695,201,5,"Knox County",470313,567.494413294976,0.223285922684172,295.122609836428,75.2690229698095,22.3285922684172
2020-12-03,20920,441,19859,424,1061,17,22042,448,204782,1215,226824,1663,2,159,10,684,196,2,"Knox County",470313,560.690433817479,0.231660610821958,353.594308471167,93.7673421742542,23.1660610821958
2020-12-02,20479,192,19435,170,1044,22,21594,185,203567,575,225161,760,2,157,7,674,194,5,"Knox County",470313,514.976196703047,0.226190476190476,161.594512590551,40.8238768649814,22.6190476190476
2020-12-01,20287,403,19265,380,1022,23,21409,409,202992,1832,224401,2241,5,155,7,667,189,3,"Knox County",470313,496.26525313993,0.221408572043937,476.491187783455,85.6876165447266,22.1408572043937
2020-11-30,19884,385,18885,371,999,14,21000,436,201160,1815,222160,2251,1,150,3,660,186,3,"Knox County",470313,509.44796337758,0.215666831928607,478.617431370173,81.8603780886346,21.5666831928607
2020-11-29,19499,226,18514,218,985,8,20564,260,199345,1464,219909,1724,0,149,5,657,183,6,"Knox County",470313,486.909781358372,0.205221836771955,366.564394350146,48.0531050598219,20.5221836771955
2020-11-28,19273,270,18296,256,977,14,20304,299,197881,1967,218185,2266,0,149,8,652,177,4,"Knox County",470313,482.869918543608,0.189864150329456,481.806796750249,57.4085768413801,18.9864150329456
2020-11-27,19003,235,18040,215,963,20,20005,249,195914,1247,215919,1496,3,149,12,644,173,3,"Knox County",470313,457.567619861667,0.184339972582856,318.08604057298,49.9667242878679,18.4339972582856
2020-11-26,18768,344,17825,341,943,3,19756,441,194667,1429,214423,1870,4,146,5,632,170,6,"Knox County",470313,436.943057070504,0.180758248730964,397.607550716225,73.1427793830917,18.0758248730964
2020-11-25,18424,219,17484,193,940,26,19315,123,193238,325,212553,448,0,142,3,627,164,2,"Knox County",470313,442.683914754642,0.18030253741054,95.2557126849566,46.5647345491194,18.030253741054
2020-11-24,18205,153,17291,130,914,23,19192,116,192913,673,212105,789,2,142,6,624,162,2,"Knox County",470313,389.527825086698,0.177425304315751,167.760618992033,32.5315268767821,17.7425304315751
2020-11-23,18052,167,17161,147,891,20,19076,100,192240,391,211316,491,3,140,7,618,160,7,"Knox County",470313,343.17571489625,0.174812857771907,104.398560107843,35.508267898187,17.4812857771907
2020-11-22,17885,220,17014,212,871,8,18976,258,191849,1804,210825,2062,2,137,5,611,153,2,"Knox County",470313,341.899968744219,0.168329441732116,438.431427581207,46.7773589077912,16.8329441732116
2020-11-21,17665,173,16802,169,863,4,18718,198,190045,1465,208763,1663,0,135,4,606,151,2,"Knox County",470313,321.275405953057,0.168386438371697,353.594308471167,36.7840140502176,16.8386438371697
2020-11-20,17492,178,16633,169,859,9,18520,163,188580,791,207100,954,7,135,5,602,149,4,"Knox County",470313,309.155817508765,0.169022592726833,202.843638172876,37.8471358435765,16.9022592726833
2020-11-19,17314,166,16464,148,850,18,18357,128,187789,663,206146,791,2,128,4,597,145,5,"Knox County",470313,271.308681665189,0.15087524312309,168.185867709377,35.2956435395152,15.087524312309
2020-11-18,17148,168,16316,163,832,5,18229,179,187126,874,205355,1053,0,126,7,593,140,2,"Knox County",470313,260.464839372928,0.146353966423171,223.893449681382,35.7208922568587,14.6353966423171
2020-11-17,16980,248,16153,240,827,8,18050,260,186252,1033,204302,1293,9,126,7,586,138,1,"Knox County",470313,280.664153446747,0.154809197062718,274.923295762609,52.730840950601,15.4809197062718
2020-11-16,16732,272,15913,261,819,11,17790,286,185219,1409,203009,1695,2,117,6,579,137,2,"Knox County",470313,302.989711107284,0.154768163179476,360.398287948664,57.8338255587237,15.4768163179476
2020-11-15,16460,274,15652,247,808,27,17504,295,183810,2278,201314,2573,2,115,3,573,135,4,"Knox County",470313,314.47142647556,0.150568748752744,547.082474862485,58.2590742760672,15.0568748752744
2020-11-14,16186,306,15405,293,781,13,17209,321,181532,1699,198741,2020,0,113,7,570,131,3,"Knox County",470313,342.750466178906,0.157240581944311,429.501204516992,65.0630537535641,15.7240581944311
2020-11-13,15880,219,15112,200,768,19,16888,190,179833,965,196721,1155,4,113,6,563,128,1,"Knox County",470313,351.468064884449,0.156805293005671,245.581134265904,46.5647345491194,15.6805293005671
2020-11-12,15661,143,14912,130,749,13,16698,136,178868,955,195566,1091,1,109,3,557,127,2,"Knox County",470313,346.577704634998,0.153216911764706,231.97317531091,30.4052832900643,15.3216911764706
2020-11-11,15518,191,14782,177,736,14,16562,191,177913,1229,194475,1420,3,108,7,554,125,2,"Knox County",470313,351.468064884449,0.149284253578732,301.926589313925,40.6112525063096,14.9284253578732
2020-11-10,15327,168,14605,163,722,5,16371,186,176684,1131,193055,1317,2,105,4,547,123,2,"Knox County",470313,334.458116190707,0.142400851743412,280.026280370732,35.7208922568587,14.2400851743412
2020-11-09,15159,135,14442,121,717,14,16185,131,175553,490,191738,621,1,103,2,543,121,2,"Knox County",470313,305.328579052673,0.142198685888006,132.039726735174,28.70428842069,14.2198685888006
2020-11-08,15024,215,14321,203,703,12,16054,252,175063,2624,191117,2876,1,102,3,541,119,5,"Knox County",470313,292.783741891039,0.134,611.507655540034,45.7142371144323,13.4
2020-11-07,14809,169,14118,161,691,8,15802,187,172439,1918,188241,2105,1,101,5,538,114,0,"Knox County",470313,263.654204753005,0.120264525271611,447.574275004093,35.9335166155305,12.0264525271611
2020-11-06,14640,155,13957,138,683,17,15615,160,170521,1235,186136,1395,0,100,5,533,114,3,"Knox County",470313,250.046245798011,0.114826789838337,296.61098034713,32.9567755941256,11.4826789838337
2020-11-05,14485,158,13819,142,666,16,15455,151,169286,613,184741,764,1,100,6,528,111,1,"Knox County",470313,253.235611178088,0.119832349018861,162.445010025239,33.594648670141,11.9832349018861
2020-11-04,14327,145,13677,133,650,12,15304,148,168673,934,183977,1082,-1,99,5,522,110,2,"Knox County",470313,243.454890679186,0.119586614173228,230.059556082864,30.8305320074078,11.9586614173228
2020-11-03,14182,196,13544,183,638,13,15156,195,167739,837,182895,1032,3,100,5,517,108,1,"Knox County",470313,249.408372721996,0.123949367088608,219.428338149275,41.6743742996685,12.3949367088608
2020-11-02,13986,116,13361,110,625,6,14961,115,166902,806,181863,921,1,97,2,512,107,2,"Knox County",470313,245.368509907232,0.118722358722359,195.827034336708,24.6644256059263,11.8722358722359
2020-11-01,13870,124,13251,116,619,8,14846,131,166096,1273,180942,1404,0,96,3,510,105,2,"Knox County",470313,226.0196932681,0.124899459956337,298.524599575177,26.3654204753005,12.4899459956337
2020-10-31,13746,5,13135,5,611,0,14715,7,164823,4,179538,11,0,96,0,507,103,1,"Knox County",470313,191.149298445929,0.137237100922984,2.33886794538956,1.06312179335889,13.7237100922984
2020-10-30,13741,156,13130,146,611,10,14708,148,164819,854,179527,1002,1,96,4,507,102,0,"Knox County",470313,191.3619228046,0.143983268983269,213.049607389122,33.1693999527974,14.3983268983269
2020-10-29,13585,152,12984,138,601,14,14560,136,163965,1569,178525,1705,0,95,4,503,102,1,"Knox County",470313,190.08617665257,0.122956546038843,362.524531535382,32.3189025181103,12.2956546038843
2020-10-28,13433,103,12846,96,587,7,14424,102,162396,1055,176820,1157,3,95,8,499,101,1,"Knox County",470313,181.155953588355,0.115320796460177,246.006382983247,21.9003089431931,11.5320796460177
2020-10-27,13330,119,12750,113,580,6,14322,127,161341,799,175663,926,1,92,3,491,100,2,"Knox County",470313,164.783877970628,0.107493685096829,196.890156130067,25.3022986819416,10.7493685096829
2020-10-26,13211,81,12637,74,574,7,14195,73,160542,372,174737,445,2,91,2,488,98,0,"Knox County",470313,157.342025417116,0.108872180451128,94.6178396089413,17.222573052414,10.8872180451128
2020-10-25,13130,132,12563,121,567,11,14122,151,160170,1365,174292,1516,0,89,3,486,98,1,"Knox County",470313,159.04302028649,0.11002661934339,322.338527746416,28.0664153446747,11.002661934339
2020-10-24,12998,172,12442,167,556,5,13971,202,158805,1788,172776,1990,0,89,5,483,97,1,"Knox County",470313,194.551288184677,0.107424779773481,423.122473756839,36.5713896915458,10.7424779773481
2020-10-23,12826,159,12275,148,551,11,13769,172,157017,1239,170786,1411,1,89,5,478,96,0,"Knox County",470313,195.189161260692,0.105245901639344,300.012970085879,33.8072730288127,10.5245901639344
2020-10-22,12667,182,12127,168,540,14,13597,169,155778,1607,169375,1776,1,88,5,473,96,0,"Knox County",470313,201.567892020846,0.108014315150201,377.620861001078,38.6976332782636,10.8014315150201
2020-10-21,12485,72,11959,68,526,4,13428,74,154171,682,167599,756,0,87,1,468,96,1,"Knox County",470313,194.976536902021,0.109750566893424,160.744015155864,15.308953824368,10.9750566893424
2020-10-20,12413,127,11891,121,522,6,13354,150,153489,739,166843,889,0,87,7,467,95,1,"Knox County",470313,196.677531771395,0.112831606512581,189.023054859211,27.0032935513158,11.2831606512581
2020-10-19,12286,112,11770,107,516,5,13204,117,152750,939,165954,1056,1,87,6,460,94,0,"Knox County",470313,203.26888689022,0.110176708537364,224.531322757398,23.8139281712392,11.0176708537364
2020-10-18,12174,140,11663,135,511,5,13087,168,151811,1431,164898,1599,0,86,7,454,94,1,"Knox County",470313,204.969881759594,0.111005592487074,339.986349516173,29.7674102140489,11.1005592487074
2020-10-17,12034,128,11528,125,506,3,12919,154,150380,1458,163299,1612,1,86,3,447,93,1,"Knox County",470313,195.614409978036,0.110341795801736,342.750466178906,27.2159179099876,11.0341795801736
2020-10-16,11906,72,11403,71,503,1,12765,61,148922,390,161687,451,1,85,3,444,92,2,"Knox County",470313,177.116090773591,0.109718638653397,95.893585760972,15.308953824368,10.9718638653397
2020-10-15,11834,74,11332,62,502,12,12704,66,148532,941,161236,1007,1,84,3,441,90,2,"Knox County",470313,154.152660037039,0.10719131614654,214.112729182481,15.7342025417116,10.719131614654
2020-10-14,11760,149,11270,143,490,6,12638,150,147591,1086,160229,1236,0,83,5,438,88,0,"Knox County",470313,170.524735654766,0.11031847133758,262.803707318318,31.6810294420949,11.031847133758
2020-10-13,11611,71,11127,68,484,3,12488,63,146505,581,158993,644,1,83,6,433,88,1,"Knox County",470313,158.617771569146,0.102432610124918,136.930086984625,15.0963294656962,10.2432610124918
2020-10-12,11540,79,11059,66,481,13,12425,87,145924,806,158349,893,0,82,5,427,87,2,"Knox County",470313,151.601167732978,0.100644987906477,189.873552293898,16.7973243350705,10.0644987906477
2020-10-11,11461,170,10993,163,468,7,12338,179,145118,1612,157456,1791,0,82,8,422,85,0,"Knox County",470313,157.979898493131,0.0995546240503013,380.810226381155,36.1461409742023,9.95546240503013
2020-10-10,11291,130,10830,122,461,8,12159,132,143506,1393,155665,1525,0,82,3,414,85,0,"Knox County",470313,158.405147210475,0.0977872002120048,324.252146974462,27.6411666273312,9.77872002120048
2020-10-09,11161,120,10708,118,453,2,12027,134,142113,1336,154140,1470,0,82,3,411,85,0,"Knox County",470313,168.61111642672,0.0946766285314032,312.557807247514,25.5149230406134,9.46766285314032
2020-10-08,11041,110,10590,102,451,8,11893,103,140777,943,152670,1046,1,82,4,408,85,0,"Knox County",470313,176.265593338904,0.0985473561882626,222.40507917068,23.3886794538956,9.85473561882626
2020-10-07,10931,104,10488,88,443,16,11790,95,139834,1649,151624,1744,0,81,5,404,85,1,"Knox County",470313,166.697497198674,0.087018544935806,370.816881523581,22.1129333018649,8.7018544935806
2020-10-06,10827,115,10400,102,427,13,11695,114,138185,1392,149880,1506,0,81,4,399,84,0,"Knox County",470313,176.052968980232,0.0846115288220551,320.212284159698,24.4518012472545,8.46115288220551
2020-10-05,10712,118,10298,109,414,9,11581,123,136793,1238,148374,1361,0,81,5,395,84,2,"Knox County",470313,184.345318968432,0.0842669730920234,289.38175215229,25.0896743232698,8.42669730920234
2020-10-04,10594,96,10189,89,405,7,11458,99,135555,1827,147013,1926,1,81,2,390,82,0,"Knox County",470313,168.61111642672,0.0756286632633768,409.514514801845,20.4119384324907,7.56286632633768
2020-10-03,10498,77,10100,76,398,1,11359,92,133728,1864,145087,1956,0,80,2,388,82,0,"Knox County",470313,157.342025417116,0.0690344263784177,415.893245561998,16.3720756177269,6.90344263784177
2020-10-02,10421,82,10024,79,397,3,11267,82,131864,602,143131,684,0,80,1,386,82,0,"Knox County",470313,149.262299787588,0.0692556001173824,145.435061331496,17.4351974110858,6.92556001173824
2020-10-01,10339,71,9945,68,394,3,11185,73,131262,683,142447,756,0,80,1,385,82,0,"Knox County",470313,140.969949799389,0.0682573240712776,160.744015155864,15.0963294656962,6.82573240712776
2020-09-30,10268,75,9877,72,391,3,11112,70,130579,675,141691,745,1,80,2,384,82,0,"Knox County",470313,134.803843397907,0.0730915603313186,158.405147210475,15.9468269003834,7.30915603313186
2020-09-29,10193,80,9805,75,388,5,11042,87,129904,1140,140946,1227,-1,79,2,382,82,1,"Knox County",470313,127.361990844395,0.0723281340265742,260.890088090272,17.0099486937423,7.23281340265742
2020-09-28,10113,57,9730,51,383,6,10955,49,128764,431,139719,480,1,80,3,380,81,2,"Knox County",470313,114.391904965417,0.0710059171597633,102.059692162454,12.1195884442914,7.10059171597633
2020-09-27,10056,72,9679,67,377,5,10906,79,128333,978,139239,1057,0,79,3,377,79,0,"Knox County",470313,109.288920357294,0.0770456191165822,224.74394711607,15.308953824368,7.70456191165822
2020-09-26,9984,127,9612,122,372,5,10827,136,127355,2087,138182,2223,4,79,5,374,79,0,"Knox County",470313,119.920138290883,0.0803123257110987,472.663949327363,27.0032935513158,8.03123257110987
2020-09-25,9857,102,9490,100,367,2,10691,103,125268,1439,135959,1542,0,75,1,369,79,3,"Knox County",470313,124.172625464318,0.074346201743462,327.866761071882,21.6876845845214,7.4346201743462
2020-09-24,9755,92,9390,89,365,3,10588,105,123829,1715,134417,1820,0,75,3,368,76,0,"Knox County",470313,128.637736996426,0.0691664833956455,386.976332782636,19.5614409978036,6.91664833956455
2020-09-23,9663,53,9301,52,362,1,10483,49,122114,432,132597,481,2,75,2,365,76,0,"Knox County",470313,123.960001105647,0.0688561721404304,102.272316521125,11.2690910096042,6.88561721404304
2020-09-22,9610,82,9249,75,361,7,10434,88,121682,1141,132116,1229,1,73,3,363,76,0,"Knox County",470313,124.38524982299,0.0689538043478261,261.315336807615,17.4351974110858,6.89538043478261
2020-09-21,9528,34,9174,30,354,4,10346,32,120541,379,130887,411,0,72,2,360,76,0,"Knox County",470313,119.494889573539,0.067556772794705,87.3886114141008,7.22922819484046,6.7556772794705
2020-09-20,9494,97,9144,78,350,19,10314,88,120162,707,130476,795,0,72,1,358,76,2,"Knox County",470313,124.810498540334,0.0706975649923538,169.036365144064,20.6245627911625,7.06975649923538
2020-09-19,9397,132,9066,129,331,3,10226,136,119455,1466,129681,1602,1,72,5,357,74,0,"Knox County",470313,125.873620333693,0.0762690355329949,340.624222592189,28.0664153446747,7.62690355329949
2020-09-18,9265,118,8937,114,328,4,10090,129,117989,1606,128079,1735,3,71,3,352,74,0,"Knox County",470313,129.275610072441,0.0776662950575994,368.903262295535,25.0896743232698,7.76662950575994
2020-09-17,9147,126,8823,119,324,7,9961,124,116383,1516,126344,1640,0,68,6,349,74,2,"Knox County",470313,136.504838267282,0.0818446724946155,348.703948221716,26.790669192644,8.18446724946155
2020-09-16,9021,99,8704,77,317,22,9837,117,114867,768,124704,885,1,68,3,343,72,1,"Knox County",470313,146.285558766183,0.0860552006749428,188.172557424524,21.049811508506,8.60552006749428
2020-09-15,8922,132,8627,126,295,6,9720,136,114099,1338,123819,1474,0,67,3,340,71,0,"Knox County",470313,156.916776699772,0.089206274877078,313.408304682201,28.0664153446747,8.9206274877078
2020-09-14,8790,127,8501,124,289,3,9584,136,112761,901,122345,1037,0,67,5,337,71,0,"Knox County",470313,176.690842056248,0.0944589877835951,220.491459942634,27.0032935513158,9.44589877835951
2020-09-13,8663,143,8377,136,286,7,9448,148,111860,1008,121308,1156,0,67,0,332,71,0,"Knox County",470313,186.471562555149,0.0971770385140099,245.793758624576,30.4052832900643,9.71770385140099
2020-09-12,8520,130,8241,123,279,7,9300,141,110852,1178,120152,1319,1,67,1,332,71,2,"Knox County",470313,186.046313837806,0.100692191217824,280.451529088075,27.6411666273312,10.0692191217824
2020-09-11,8390,103,8118,94,272,9,9159,105,109674,773,118833,878,0,66,5,331,69,2,"Knox County",470313,182.856948457729,0.108117773274526,186.684186913821,21.9003089431931,10.8117773274526
2020-09-10,8287,192,8024,189,263,3,9054,192,108901,1501,117955,1693,0,66,5,326,67,0,"Knox County",470313,196.890156130067,0.115493958777541,359.97303923132,40.8238768649814,11.5493958777541
2020-09-09,8095,91,7835,82,260,9,8862,93,107400,1710,116262,1803,0,66,2,321,67,0,"Knox County",470313,195.189161260692,0.101602564102564,383.361718685216,19.3488166391318,10.1602564102564
2020-09-08,8004,126,7753,124,251,2,8769,133,105690,702,114459,835,1,66,8,319,67,0,"Knox County",470313,193.913415108662,0.108703130374957,177.541339490935,26.790669192644,10.8703130374957
2020-09-07,7878,95,7629,92,249,3,8636,98,104988,347,113624,445,1,65,0,311,67,0,"Knox County",470313,187.109435631165,0.111944888670193,94.6178396089413,20.1993140738189,11.1944888670193
2020-09-06,7783,96,7537,92,246,4,8538,94,104641,476,113179,570,0,64,1,311,67,3,"Knox County",470313,177.116090773591,0.113482699191303,121.195884442914,20.4119384324907,11.3482699191303
2020-09-05,7687,284,7445,282,242,2,8444,295,104165,1506,112609,1801,0,64,4,310,64,0,"Knox County",470313,209.860242009045,0.125856697819315,382.936469967872,60.385317862785,12.5856697819315
2020-09-04,7403,93,7163,89,240,4,8149,97,102659,565,110808,662,1,64,0,306,64,0,"Knox County",470313,207.733998422327,0.12831348444103,140.757325440717,19.7740653564754,12.831348444103
2020-09-03,7310,190,7074,184,236,6,8052,198,102094,1798,110146,1996,2,63,6,306,64,1,"Knox County",470313,207.308749704984,0.124260355029586,424.398219908869,40.3986281476379,12.4260355029586
2020-09-02,7120,124,6890,120,230,4,7854,121,100296,1461,108150,1582,2,61,5,300,63,1,"Knox County",470313,214.325353541152,0.131288810036751,336.371735418753,26.3654204753005,13.1288810036751
2020-09-01,6996,153,6770,146,226,7,7733,158,98835,660,106568,818,2,59,4,295,62,3,"Knox County",470313,220.06621122529,0.134747269494539,173.926725393515,32.5315268767821,13.4747269494539
2020-08-31,6843,99,6624,93,219,6,7575,94,98175,431,105750,525,0,57,3,291,59,0,"Knox County",470313,220.916708659978,0.132889112396279,111.627788302684,21.049811508506,13.2889112396279
2020-08-30,6744,72,6531,71,213,1,7481,76,97744,423,105225,499,1,57,1,288,59,2,"Knox County",470313,215.813724051855,0.131802613218318,106.099554977217,15.308953824368,13.1802613218318
2020-08-29,6672,118,6460,113,212,5,7405,125,97321,1391,104726,1516,5,56,3,287,57,0,"Knox County",470313,180.51808051234,0.114372203211371,322.338527746416,25.0896743232698,11.4372203211371
2020-08-28,6554,89,6347,85,207,4,7280,91,95930,309,103210,400,0,51,3,284,57,0,"Knox County",470313,179.667583077653,0.117639040348964,85.0497434687113,18.9235679217883,11.7639040348964
2020-08-27,6465,116,6262,112,203,4,7189,134,95621,1986,102810,2120,0,51,2,281,57,1,"Knox County",470313,163.933380535941,0.107104557640751,450.76364038417,24.6644256059263,10.7104557640751
2020-08-26,6349,77,6150,76,199,1,7055,86,93635,794,100690,880,0,51,3,279,56,1,"Knox County",470313,153.940035678367,0.113051198579461,187.109435631165,16.3720756177269,11.3051198579461
2020-08-25,6272,87,6074,82,198,5,6969,96,92841,896,99810,992,2,51,3,276,55,0,"Knox County",470313,139.90682800603,0.101269474899019,210.923363802404,18.4983192044447,10.1269474899019
2020-08-24,6185,32,5992,28,193,4,6873,29,91945,261,98818,290,0,49,1,273,55,0,"Knox County",470313,125.660995975021,0.095117216664178,61.6610640148157,6.8039794774969,9.5117216664178
2020-08-23,6153,76,5964,75,189,1,6844,74,91684,565,98528,639,0,49,3,272,55,0,"Knox County",470313,126.511493409708,0.092876992833114,135.866965191266,16.1594512590551,9.28769928331139
2020-08-22,6077,136,5889,135,188,1,6770,153,91119,1892,97889,2045,0,49,4,269,55,0,"Knox County",470313,130.3387318658,0.0900081455335325,434.816813483786,28.9169127793618,9.00081455335325
2020-08-21,5941,30,5754,30,187,0,6617,41,89227,262,95844,303,1,49,1,265,55,0,"Knox County",470313,117.793894704165,0.0843307194937405,64.4251806775488,6.37873076015334,8.43307194937405
2020-08-20,5911,119,5724,117,187,2,6576,130,88965,2068,95541,2198,3,48,3,264,55,0,"Knox County",470313,118.43176778018,0.0828909759085341,467.348340360568,25.3022986819416,8.28909759085341
2020-08-19,5792,46,5607,41,185,5,6446,48,86897,608,93343,656,2,45,4,261,55,0,"Knox County",470313,111.840412661355,0.080162852730591,139.481579288686,9.7807204989018,8.0162852730591
2020-08-18,5746,134,5566,132,180,2,6398,152,86289,1163,92687,1315,0,43,4,257,55,1,"Knox County",470313,121.833757518929,0.0842062852538276,279.601031653388,28.4916640620183,8.42062852538276
2020-08-17,5612,50,5434,42,178,8,6246,50,85126,289,91372,339,1,43,0,253,54,1,"Knox County",470313,125.660995975021,0.0864576384256171,72.0796575897328,10.6312179335889,8.64576384256171
2020-08-16,5562,83,5392,78,170,5,6196,82,84837,587,91033,669,0,42,1,253,53,1,"Knox County",470313,127.149366485723,0.0871760797342193,142.24569595142,17.6478217697576,8.71760797342193
2020-08-15,5479,119,5314,116,165,3,6114,132,84250,1223,90364,1355,1,42,2,252,52,0,"Knox County",470313,123.534752388303,0.0929041697147037,288.106006000259,25.3022986819416,9.29041697147037
2020-08-14,5360,91,5198,83,162,8,5982,96,83027,1024,89009,1120,0,41,2,250,52,1,"Knox County",470313,136.504838267282,0.0901725039205436,238.139281712392,19.3488166391318,9.01725039205436
2020-08-13,5269,127,5115,126,154,1,5886,229,82003,1778,87889,2007,1,41,4,248,51,1,"Knox County",470313,138.205833136656,0.105749899477282,426.737087854259,27.0032935513158,10.5749899477282
2020-08-12,5142,79,4989,72,153,7,5657,88,80225,892,85882,980,0,40,1,244,50,0,"Knox County",470313,145.222436972824,0.106486833654464,208.371871498343,16.7973243350705,10.6486833654464
2020-08-11,5063,111,4917,108,146,3,5569,117,79333,1121,84902,1238,0,40,5,243,50,2,"Knox County",470313,140.332076723374,0.103009859885833,263.228956035661,23.6013038125674,10.3009859885833
2020-08-10,4952,37,4809,35,143,2,5452,35,78212,365,83664,400,1,40,0,238,48,0,"Knox County",470313,137.56796006064,0.100270305058566,85.0497434687113,7.86710127085579,10.0270305058566
2020-08-09,4915,85,4774,81,141,4,5417,109,77847,826,83264,935,1,39,4,238,48,1,"Knox County",470313,137.993208777984,0.10031113876789,198.803775358113,18.0730704871011,10.031113876789
2020-08-08,4830,157,4693,156,137,1,5308,176,77021,2284,82329,2460,1,38,4,234,47,2,"Knox County",470313,146.072934407512,0.0929978118161926,523.055922332574,33.3820243114692,9.29978118161926
2020-08-07,4673,50,4537,46,136,4,5132,44,74737,403,79869,447,0,37,0,230,45,2,"Knox County",470313,137.355335701969,0.0942482579426007,95.0430883262848,10.6312179335889,9.42482579426007
2020-08-06,4623,113,4491,105,132,8,5088,121,74334,1463,79422,1584,-1,37,5,230,43,1,"Knox County",470313,134.378594680564,0.0857782197911487,336.796984136097,24.0265525299109,8.57782197911487
2020-08-05,4510,99,4386,99,124,0,4967,100,72871,1107,77838,1207,1,38,3,225,42,1,"Knox County",470313,138.631081853999,0.0848748639825898,256.637600916836,21.049811508506,8.48748639825898
2020-08-04,4411,112,4287,111,124,1,4867,106,71764,1082,76631,1188,1,37,9,222,41,0,"Knox County",470313,138.843706212671,0.0840530349105948,252.597738102072,23.8139281712392,8.40530349105948
2020-08-03,4299,50,4176,50,123,0,4761,81,70682,593,75443,674,2,36,1,213,41,1,"Knox County",470313,141.607822875404,0.0867569158328429,143.308817744778,10.6312179335889,8.67569158328429
2020-08-02,4249,97,4126,91,123,6,4680,95,70089,692,74769,787,3,34,2,212,40,0,"Knox County",470313,144.159315179466,0.0866179465676291,167.335370274689,20.6245627911625,8.66179465676291
2020-08-01,4152,118,4035,110,117,8,4585,118,69397,1417,73982,1535,1,31,1,210,40,1,"Knox County",470313,135.866965191266,0.0895984909727836,326.37839056118,25.0896743232698,8.95984909727836
2020-07-31,4034,117,3925,114,109,3,4467,116,67980,1060,72447,1176,2,30,1,209,39,3,"Knox County",470313,150.112797222275,0.0904183535762483,250.046245798011,24.877049964598,9.04183535762483
2020-07-30,3917,189,3811,186,106,3,4351,227,66920,2420,71271,2647,1,28,7,208,36,2,"Knox County",470313,166.27224848133,0.0914912090297374,562.816677404197,40.1860037889661,9.14912090297373
2020-07-29,3728,75,3625,71,103,4,4124,60,64500,438,68624,498,0,27,3,201,34,4,"Knox County",470313,161.169263873208,0.0944150499706055,105.886930618546,15.9468269003834,9.44150499706055
2020-07-28,3653,154,3554,152,99,2,4064,186,64062,1211,68126,1397,1,27,3,198,30,0,"Knox County",470313,170.099486937423,0.101331191186596,297.036229064474,32.7441512354538,10.1331191186596
2020-07-27,3499,83,3402,76,97,7,3878,85,62851,677,66729,762,3,26,2,195,30,1,"Knox County",470313,177.116090773591,0.100772551692797,162.019761307895,17.6478217697576,10.0772551692797
2020-07-26,3416,118,3326,113,90,5,3793,132,62174,1472,65967,1604,0,23,2,193,29,1,"Knox County",470313,181.581202305699,0.0960598814845618,341.049471309532,25.0896743232698,9.60598814845618
2020-07-25,3298,175,3213,172,85,3,3661,197,60702,1949,64363,2146,2,23,3,191,28,3,"Knox County",470313,193.70079074999,0.0980449657869013,456.291873709636,37.2092627675612,9.80449657869013
2020-07-24,3123,106,3041,99,82,7,3464,113,58753,916,62217,1029,0,21,4,188,25,0,"Knox County",470313,191.3619228046,0.0991768322919766,218.79046507326,22.5381820192085,9.91768322919766
2020-07-23,3017,205,2942,197,75,8,3351,254,57837,2389,61188,2643,0,21,4,184,25,1,"Knox County",470313,194.763912543349,0.101895029268777,561.96617996951,43.5879935277145,10.1895029268777
2020-07-22,2812,69,2745,61,67,8,3097,63,55448,437,58545,500,3,21,3,180,24,0,"Knox County",470313,193.488166391318,0.102172403531396,106.312179335889,14.6710807483527,10.2172403531396
2020-07-21,2743,232,2684,228,59,4,3034,280,55011,1691,58045,1971,0,18,12,177,24,1,"Knox County",470313,210.072866367717,0.105490380103238,419.082610942075,49.3288512118525,10.5490380103238
2020-07-20,2511,74,2456,70,55,4,2754,57,53320,364,56074,421,0,18,4,165,23,1,"Knox County",470313,208.159247139671,0.106263331394221,89.5148550008186,15.7342025417116,10.6263331394221
2020-07-19,2437,84,2386,74,51,10,2697,74,52956,577,55653,651,0,18,0,161,22,2,"Knox County",470313,200.93001894483,0.110885589146459,138.418457495328,17.8604461284294,11.0885589146459
2020-07-18,2353,112,2312,109,41,3,2623,146,52379,2258,55002,2404,1,18,8,161,20,1,"Knox County",470313,187.534684348508,0.102609418858509,511.148958246955,23.8139281712392,10.2609418858509
2020-07-17,2241,74,2203,74,38,0,2477,80,50121,347,52598,427,0,17,6,153,19,2,"Knox County",470313,180.730704871011,0.105800155262282,90.7906011528493,15.7342025417116,10.5800155262282
2020-07-16,2167,187,2129,185,38,2,2397,228,49774,2033,52171,2261,2,17,3,147,17,0,"Knox County",470313,176.903466414919,0.107469600463231,480.74367495689,39.7607550716225,10.7469600463231
2020-07-15,1980,78,1944,78,36,0,2169,80,47741,511,49910,591,3,15,4,144,17,1,"Knox County",470313,178.817085642965,0.108297043318817,125.660995975021,16.5846999763987,10.8297043318817
2020-07-14,1902,95,1866,95,36,0,2089,127,47230,777,49319,904,2,12,1,140,16,1,"Knox County",470313,149.687548504932,0.103407755581669,192.212420239287,20.1993140738189,10.3407755581669
2020-07-13,1807,94,1771,92,36,2,1962,59,46453,655,48415,714,1,10,2,139,15,3,"Knox County",470313,153.940035678367,0.0998490945674044,151.81379209165,19.9866897151471,9.98490945674044
2020-07-12,1713,69,1679,67,34,2,1903,87,45798,916,47701,1003,0,9,4,137,12,1,"Knox County",470313,150.750670298291,0.0971820809248555,213.262231747793,14.6710807483527,9.71820809248555
2020-07-11,1644,28,1612,27,32,1,1816,36,44882,883,46698,919,0,9,2,133,11,1,"Knox County",470313,132.890224169861,0.102214400938554,195.401785619364,5.95348204280979,10.2214400938554
2020-07-10,1616,78,1585,74,31,4,1780,68,43999,418,45779,486,0,9,6,131,10,0,"Knox County",470313,133.740721604548,0.0995929049142193,103.335438314484,16.5846999763987,9.95929049142192
2020-07-09,1538,70,1511,66,27,4,1712,88,43581,1652,45293,1740,0,9,8,125,10,0,"Knox County",470313,108.86367163995,0.0857322636463741,369.966384088894,14.8837051070245,8.57322636463741
2020-07-08,1468,70,1445,65,23,5,1624,63,41929,594,43553,657,1,9,5,117,10,0,"Knox County",470313,107.162676770576,0.082204577300327,139.694203647358,14.8837051070245,8.2204577300327
2020-07-07,1398,79,1380,79,18,0,1561,104,41335,1303,42896,1407,0,8,7,112,10,1,"Knox County",470313,103.760687031828,0.0729136586774473,299.162472651192,16.7973243350705,7.29136586774473
2020-07-06,1319,35,1301,35,18,0,1457,34,40032,658,41489,692,1,8,6,105,9,0,"Knox County",470313,91.2158498701928,0.0695249130938586,147.13605620087,7.44185255351224,6.95249130938586
2020-07-05,1284,77,1266,77,18,0,1423,109,39374,1079,40797,1188,2,7,6,99,9,1,"Knox County",470313,92.916844739567,0.0708139370856256,252.597738102072,16.3720756177269,7.08139370856256
2020-07-04,1207,41,1189,40,18,1,1314,50,38295,1141,39609,1191,0,5,1,93,8,2,"Knox County",470313,95.6809614023002,0.0700991713082462,253.235611178088,8.7175987055429,7.00991713082462
2020-07-03,1166,62,1149,61,17,1,1264,49,37154,910,38418,959,0,5,4,92,6,0,"Knox County",470313,92.2789716635517,0.0634414092417667,203.906759966235,13.1827102376502,6.34414092417667
2020-07-02,1104,68,1088,68,16,0,1215,102,36244,1228,37459,1330,0,5,2,88,6,0,"Knox County",470313,91.8537229462082,0.0688308189655172,282.790397033465,14.4584563896809,6.88308189655172
2020-07-01,1036,49,1020,49,16,0,1113,34,35016,737,36129,771,0,5,4,86,6,1,"Knox County",470313,87.3886114141008,0.0639426903687981,163.933380535941,10.4185935749171,6.39426903687981
2020-06-30,987,40,971,39,16,1,1079,73,34279,1514,35358,1587,0,5,3,82,5,0,"Knox County",470313,79.0962614259015,0.0584348276755636,337.434857212112,8.50497434687113,5.84348276755636
2020-06-29,947,51,932,51,15,0,1006,79,32765,1333,33771,1412,0,5,3,79,5,0,"Knox County",470313,82.4982511646499,0.058781701825077,300.225594444551,10.8438422922607,5.8781701825077
2020-06-28,896,10,881,10,15,0,927,30,31432,684,32359,714,0,5,1,76,5,0,"Knox County",470313,68.2524191336408,0.0523606228026118,151.81379209165,2.12624358671778,5.23606228026117
2020-06-27,886,29,871,29,15,0,897,16,30748,111,31645,127,0,5,3,75,5,0,"Knox County",470313,65.7009268295794,0.0555072463768116,27.0032935513158,6.16610640148157,5.55072463768116
2020-06-26,857,37,842,37,15,0,881,14,30637,319,31518,333,0,5,8,72,5,0,"Knox County",470313,60.385317862785,0.0554670066942939,70.8039114377021,7.86710127085579,5.54670066942939
2020-06-25,820,32,805,32,15,0,867,52,30318,702,31185,754,0,5,1,64,5,0,"Knox County",470313,52.730840950601,0.0522990522990523,160.318766438521,6.8039794774969,5.22990522990523
2020-06-24,788,35,773,34,15,1,815,32,29616,272,30431,304,0,5,1,63,5,0,"Knox County",470313,49.7540999291961,0.0565857388644619,64.6378050362206,7.44185255351224,5.65857388644619
2020-06-23,753,27,739,24,14,3,783,25,29344,215,30127,240,0,5,4,62,5,0,"Knox County",470313,46.989983266463,0.0638516992790937,51.0298460812268,5.74085768413801,6.38516992790937
2020-06-22,726,36,715,36,11,0,758,31,29129,572,29887,603,0,5,0,58,5,0,"Knox County",470313,43.8006178863863,0.0650406504065041,128.212488279082,7.65447691218401,6.50406504065041
2020-06-21,690,31,679,31,11,0,727,37,28557,815,29284,852,0,5,1,58,5,0,"Knox County",470313,48.2657294184936,0.0644257703081232,181.155953588355,6.59135511882512,6.44257703081232
2020-06-20,659,17,648,17,11,0,690,9,27742,437,28432,446,0,5,2,57,5,0,"Knox County",470313,45.7142371144323,0.0566251415628539,94.8304639676131,3.61461409742023,5.66251415628539
2020-06-19,642,30,631,28,11,2,681,10,27305,334,27986,344,0,5,1,55,5,0,"Knox County",470313,44.2258666037299,0.0553203499858877,73.1427793830917,6.37873076015334,5.53203499858877
2020-06-18,612,15,603,15,9,0,671,18,26971,804,27642,822,0,5,0,54,5,0,"Knox County",470313,40.6112525063096,0.0448629188590418,174.777222828202,3.18936538007667,4.48629188590418
2020-06-17,597,17,588,17,9,0,653,13,26167,282,26820,295,0,5,0,54,5,0,"Knox County",470313,36.7840140502176,0.0397001665741255,62.7241858081746,3.61461409742023,3.97001665741255
2020-06-16,580,9,571,8,9,1,640,9,25885,178,26525,187,0,5,0,54,5,0,"Knox County",470313,32.9567755941256,0.0357847280924204,39.7607550716225,1.913619228046,3.57847280924204
2020-06-15,571,8,563,8,8,0,631,9,25707,218,26338,227,0,5,0,54,5,0,"Knox County",470313,27.0032935513158,0.0330917113142137,48.2657294184936,1.70099486937423,3.30917113142137
2020-06-14,563,8,555,8,8,0,622,9,25489,624,26111,633,0,5,0,54,5,0,"Knox County",470313,22.1129333018649,0.0260663507109005,134.591219039236,1.70099486937423,2.60663507109005
2020-06-13,555,10,547,8,8,2,613,9,24865,213,25478,222,0,5,3,54,5,0,"Knox County",470313,20.6245627911625,0.0282051282051282,47.2026076251348,2.12624358671778,2.82051282051282
2020-06-12,545,19,539,19,6,0,604,19,24652,750,25256,769,0,5,0,51,5,0,"Knox County",470313,18.2856948457729,0.0272583201267829,163.508131818597,4.03986281476378,2.72583201267829
2020-06-11,526,7,520,7,6,0,585,10,23902,379,24487,389,0,5,2,51,5,0,"Knox County",470313,16.5846999763987,0.0286554004408523,82.7108755233217,1.48837051070245,2.86554004408523
2020-06-10,519,12,513,12,6,0,575,12,23523,705,24098,717,0,5,0,49,5,0,"Knox County",470313,15.5215781830398,0.0244910941475827,152.451665167665,2.55149230406134,2.44910941475827
2020-06-09,507,16,501,16,6,0,563,19,22818,508,23381,527,0,5,1,49,5,0,"Knox County",470313,17.0099486937423,0.0249712973593571,112.053037020027,3.40198973874845,2.49712973593571
2020-06-08,491,8,485,8,6,0,544,8,22310,336,22854,344,0,5,1,48,5,0,"Knox County",470313,17.0099486937423,0.0238822549291863,73.1427793830917,1.70099486937423,2.38822549291863
2020-06-07,483,7,477,7,6,0,536,8,21974,847,22510,855,0,5,1,47,5,0,"Knox County",470313,16.7973243350705,0.0222338477635365,181.79382666437,1.48837051070245,2.22338477635365
2020-06-06,476,11,470,11,6,0,528,12,21127,478,21655,490,0,5,0,46,5,0,"Knox County",470313,17.0099486937423,0.0215106330970423,104.185935749171,2.33886794538956,2.15106330970423
2020-06-05,465,18,459,18,6,0,516,17,20649,518,21165,535,0,5,1,46,5,0,"Knox County",470313,16.7973243350705,0.0222971221156339,113.754031889401,3.82723845609201,2.22971221156339
2020-06-04,447,4,441,4,6,0,499,4,20131,338,20630,342,0,5,0,45,5,0,"Knox County",470313,16.1594512590551,0.020997375328084,72.7175306657481,0.850497434687113,2.0997375328084
2020-06-03,443,4,437,4,6,0,495,4,19793,399,20288,403,0,5,0,45,5,0,"Knox County",470313,14.4584563896809,0.0205949656750572,85.6876165447266,0.850497434687113,2.05949656750572
2020-06-02,439,26,433,25,6,1,491,24,19394,939,19885,963,0,5,2,45,5,0,"Knox County",470313,16.5846999763987,0.0195829094608342,204.757257400922,5.52823332546623,1.95829094608342
2020-06-01,413,17,408,17,5,0,467,20,18455,972,18922,992,0,5,0,43,5,0,"Knox County",470313,18.4983192044447,0.0194323144104804,210.923363802404,3.61461409742023,1.94323144104803
2020-05-31,396,7,391,7,5,0,447,7,17483,317,17930,324,0,5,0,43,5,0,"Knox County",470313,18.4983192044447,0.0217337614225735,68.8902922096561,1.48837051070245,2.17337614225735
2020-05-30,389,6,384,6,5,0,440,6,17166,294,17606,300,0,5,2,43,5,0,"Knox County",470313,17.4351974110858,0.0212490282456595,63.7873076015334,1.27574615203067,2.12490282456595
2020-05-29,383,8,378,8,5,0,434,7,16872,205,17306,212,0,5,0,41,5,0,"Knox County",470313,15.308953824368,0.0203619909502262,45.076364038417,1.70099486937423,2.03619909502262
2020-05-28,375,11,370,11,5,0,427,11,16667,336,17094,347,0,5,0,41,5,0,"Knox County",470313,16.7973243350705,0.022310081897769,73.780652459107,2.33886794538956,2.2310081897769
2020-05-27,364,5,359,5,5,0,416,6,16331,420,16747,426,0,5,1,41,5,0,"Knox County",470313,17.0099486937423,0.0227272727272727,90.5779767941775,1.06312179335889,2.27272727272727
2020-05-26,359,9,354,9,5,0,410,10,15911,1142,16321,1152,0,5,0,40,5,0,"Knox County",470313,13.395334596322,0.0178523847588596,244.943261189888,1.913619228046,1.78523847588596
2020-05-25,350,9,345,9,5,0,400,11,14769,381,15169,392,0,5,1,40,5,0,"Knox County",470313,11.6943397269478,0.018395179194418,83.348748599337,1.913619228046,1.8395179194418
2020-05-24,341,2,336,2,5,0,389,3,14388,273,14777,276,0,5,0,39,5,0,"Knox County",470313,10.6312179335889,0.0173913043478261,58.6843229934108,0.425248717343556,1.73913043478261
2020-05-23,339,7,334,7,5,0,386,10,14115,360,14501,370,0,5,2,39,5,0,"Knox County",470313,10.8438422922607,0.0182677165354331,78.6710127085579,1.48837051070245,1.82677165354331
2020-05-22,332,1,327,1,5,0,376,1,13755,253,14131,254,0,5,0,37,5,0,"Knox County",470313,9.35547178155824,0.0161641280696301,54.0065871026317,0.212624358671778,1.61641280696301
2020-05-21,331,0,326,0,5,0,375,0,13502,250,13877,250,0,5,0,37,5,0,"Knox County",470313,7.01660383616868,0.0131410256410256,53.1560896679445,0,1.31410256410256
2020-05-20,331,7,326,7,5,0,375,7,13252,360,13627,367,0,5,0,37,5,0,"Knox County",470313,7.44185255351224,0.0137210062071219,78.0331396325426,1.48837051070245,1.37210062071219
2020-05-19,324,7,319,7,5,0,368,7,12892,369,13260,376,0,5,2,37,5,0,"Knox County",470313,7.01660383616868,0.0170678336980306,79.9467588605886,1.48837051070245,1.70678336980306
2020-05-18,317,3,312,3,5,0,361,4,12523,478,12884,482,0,5,0,35,5,0,"Knox County",470313,5.74085768413801,0.0134736842105263,102.484940879797,0.637873076015334,1.34736842105263
2020-05-17,314,3,309,3,5,0,357,5,12045,216,12402,221,0,5,1,35,5,0,"Knox County",470313,5.95348204280979,0.0146551724137931,46.989983266463,0.637873076015334,1.46551724137931
2020-05-16,311,0,306,0,5,0,352,0,11829,349,12181,349,0,5,0,34,5,0,"Knox County",470313,4.46511153210734,0.0104393214441061,74.2059011764506,0,1.04393214441061
2020-05-15,311,1,306,1,5,0,352,4,11480,540,11832,544,0,5,0,34,5,0,"Knox County",470313,4.46511153210734,0.0104287369640788,115.667651117447,0.212624358671778,1.04287369640788
2020-05-14,310,3,305,3,5,0,348,7,10940,458,11288,465,0,5,0,34,5,0,"Knox County",470313,5.10298460812268,0.0121255349500713,98.8703267823768,0.637873076015334,1.21255349500713
2020-05-13,307,7,302,7,5,0,341,5,10482,341,10823,346,0,5,0,34,5,0,"Knox County",470313,5.10298460812268,0.011498383039885,73.5680281004352,1.48837051070245,1.1498383039885
2020-05-12,300,6,295,6,5,0,336,8,10141,401,10477,409,0,5,0,34,5,0,"Knox County",470313,4.8903602494509,0.01171875,86.9633626967573,1.27574615203067,1.171875
2020-05-11,294,16,289,16,5,0,328,12,9740,254,10068,266,0,5,1,34,5,0,"Knox County",470313,7.65447691218401,0.0157692307692308,56.558079406693,3.40198973874845,1.57692307692308
2020-05-10,278,5,273,5,5,0,316,5,9486,221,9802,226,0,5,1,33,5,0,"Knox County",470313,8.07972562952757,0.0157389635316699,48.0531050598219,1.06312179335889,1.57389635316699
2020-05-09,273,2,268,2,5,0,311,4,9265,352,9576,356,0,5,0,32,5,0,"Knox County",470313,8.50497434687113,0.0172281776416539,75.694271687153,0.425248717343556,1.72281776416539
2020-05-08,271,3,266,3,5,0,307,4,8913,265,9220,269,0,5,0,32,5,0,"Knox County",470313,8.93022306421468,0.0192554557124519,57.1959524827083,0.637873076015334,1.92554557124519
2020-05-07,268,3,263,3,5,0,303,3,8648,220,8951,223,0,5,0,32,5,0,"Knox County",470313,8.93022306421468,0.0195704057279236,47.4152319838065,0.637873076015334,1.95704057279236
2020-05-06,265,1,260,1,5,0,300,1,8428,185,8728,186,0,5,0,32,5,0,"Knox County",470313,7.65447691218401,0.0191214470284238,39.5481307129507,0.212624358671778,1.91214470284238
2020-05-05,264,4,259,4,5,0,299,5,8243,305,8542,310,0,5,0,32,5,0,"Knox County",470313,7.22922819484046,0.0185185185185185,65.9135511882512,0.850497434687113,1.85185185185185
2020-05-04,260,4,255,4,5,0,294,7,7938,259,8232,266,0,5,0,32,5,0,"Knox County",470313,4.67773589077912,0.0157952069716776,56.558079406693,0.850497434687113,1.57952069716776
2020-05-03,256,7,251,5,5,2,287,6,7679,290,7966,296,0,5,2,32,5,0,"Knox County",470313,5.10298460812268,0.0157397691500525,62.9368101668463,1.48837051070245,1.57397691500525
2020-05-02,249,3,246,3,3,0,281,5,7389,308,7670,313,0,5,1,30,5,0,"Knox County",470313,5.31560896679445,0.0166398282340311,66.5514242642666,0.637873076015334,1.66398282340311
2020-05-01,246,9,243,8,3,1,276,7,7081,354,7357,361,0,5,0,29,5,0,"Knox County",470313,6.59135511882512,0.0173913043478261,76.7573934805119,1.913619228046,1.73913043478261
2020-04-30,237,4,235,4,2,0,269,3,6727,119,6996,122,0,5,0,29,5,0,"Knox County",470313,6.8039794774969,0.0183387270765912,25.9401717579569,0.850497434687113,1.83387270765912
2020-04-29,233,8,231,8,2,0,266,10,6608,671,6874,681,0,5,0,29,5,0,"Knox County",470313,8.29234998819935,0.0183056619838229,144.797188255481,1.70099486937423,1.83056619838229
2020-04-28,225,8,223,8,2,0,256,10,5937,391,6193,401,1,5,0,29,5,0,"Knox County",470313,9.14284742288646,0.019672131147541,85.262367827383,1.70099486937423,1.9672131147541
2020-04-27,217,2,215,2,2,0,246,4,5546,161,5792,165,0,4,0,29,5,1,"Knox County",470313,8.7175987055429,0.0192389910218042,35.0830191808434,0.425248717343556,1.92389910218042
2020-04-26,215,1,213,1,2,0,242,1,5385,172,5627,173,0,4,0,29,4,0,"Knox County",470313,7.44185255351224,0.0180505415162455,36.7840140502176,0.212624358671778,1.80505415162455
2020-04-25,214,0,212,0,2,0,241,0,5213,53,5454,53,0,4,0,29,4,0,"Knox County",470313,6.8039794774969,0.0178936605316973,11.2690910096042,0,1.78936605316973
2020-04-24,214,8,212,8,2,0,241,10,5160,836,5401,846,0,4,1,29,4,0,"Knox County",470313,6.59135511882512,0.0155673904137649,179.880207436324,1.70099486937423,1.55673904137648
2020-04-23,206,1,204,1,2,0,231,2,4324,137,4555,139,0,4,0,28,4,0,"Knox County",470313,5.95348204280979,0.0150528885272579,29.5547858553772,0.212624358671778,1.50528885272579
2020-04-22,205,5,203,3,2,2,229,2,4187,189,4416,191,0,4,0,28,4,0,"Knox County",470313,5.31560896679445,0.0147357723577236,40.6112525063096,1.06312179335889,1.47357723577236
2020-04-21,200,4,200,4,0,0,227,5,3998,475,4225,480,0,4,1,28,4,0,"Knox County",470313,4.46511153210734,0.0117244748412311,102.059692162454,0.850497434687113,1.17244748412311
2020-04-20,196,3,196,3,0,0,222,2,3523,175,3745,177,0,4,1,27,4,0,"Knox County",470313,4.67773589077912,0.0106847984458475,37.6345114849047,0.637873076015334,1.06847984458475
2020-04-19,193,0,193,0,0,0,220,0,3348,72,3568,72,0,4,0,26,4,0,"Knox County",470313,4.46511153210734,0.0107252298263534,15.308953824368,0,1.07252298263534
2020-04-18,193,0,193,0,0,0,220,1,3276,135,3496,136,0,4,0,26,4,0,"Knox County",470313,4.46511153210734,0.0107790298873101,28.9169127793618,0,1.07790298873101
2020-04-17,193,2,193,2,0,0,219,3,3141,104,3360,107,0,4,1,26,4,0,"Knox County",470313,3.18936538007667,0.0115207373271889,22.7508063778803,0.425248717343556,1.15207373271889
2020-04-16,191,7,191,7,0,0,216,9,3037,213,3253,222,0,4,2,25,4,0,"Knox County",470313,4.46511153210734,0.015884476534296,47.2026076251348,1.48837051070245,1.5884476534296
2020-04-15,184,9,184,9,0,0,207,10,2824,84,3031,94,0,4,1,23,4,0,"Knox County",470313,5.31560896679445,0.0232919254658385,19.9866897151471,1.913619228046,2.32919254658385
2020-04-14,175,4,175,4,0,0,197,4,2740,102,2937,106,0,4,1,22,4,0,"Knox County",470313,5.31560896679445,0.0317286652078775,22.5381820192085,0.850497434687113,3.17286652078775
2020-04-13,171,4,171,4,0,0,193,9,2638,242,2831,251,0,4,1,21,4,0,"Knox County",470313,5.52823332546623,0.0364372469635627,53.3687140266163,0.850497434687113,3.64372469635628
2020-04-12,167,5,167,5,0,0,184,6,2396,166,2580,172,0,4,0,20,4,0,"Knox County",470313,6.59135511882512,0.0386029411764706,36.5713896915458,1.06312179335889,3.86029411764706
2020-04-11,162,5,162,5,0,0,178,8,2230,313,2408,321,1,4,1,20,4,0,"Knox County",470313,7.65447691218401,0.0384917517674784,68.2524191336408,1.06312179335889,3.84917517674784
2020-04-10,157,4,157,4,0,0,170,5,1917,123,2087,128,0,3,0,19,4,0,"Knox County",470313,8.07972562952757,0.0394126738794436,27.2159179099876,0.850497434687113,3.94126738794436
2020-04-09,153,1,153,1,0,0,165,1,1794,81,1959,82,0,3,0,19,4,0,"Knox County",470313,6.8039794774969,0.037261698440208,17.4351974110858,0.212624358671778,3.7261698440208
2020-04-08,152,8,152,8,0,0,164,12,1713,111,1877,123,0,3,1,19,4,1,"Knox County",470313,6.59135511882512,0.0380388841927303,26.1527961166287,1.70099486937423,3.80388841927303
2020-04-07,144,20,144,20,0,0,152,25,1602,366,1754,391,0,3,2,18,3,0,"Knox County",470313,9.99334485757357,0.0449591280653951,83.1361242406653,4.25248717343556,4.49591280653951
2020-04-06,124,8,124,8,0,0,127,14,1236,54,1363,68,2,3,1,16,3,0,"Knox County",470313,10.8438422922607,0.0552529182879377,14.4584563896809,1.70099486937423,5.52529182879377
2020-04-05,116,4,116,4,0,0,113,10,1182,75,1295,85,0,1,0,15,3,1,"Knox County",470313,10.6312179335889,0.0626043405676127,18.0730704871011,0.850497434687113,6.26043405676127
2020-04-04,112,15,112,15,0,0,103,6,1107,127,1210,133,0,1,1,15,2,1,"Knox County",470313,12.7574615203067,0.0722772277227723,28.2790397033465,3.18936538007667,7.22772277227723
2020-04-03,97,4,97,4,0,0,97,3,980,51,1077,54,0,1,1,14,1,0,"Knox County",470313,12.7574615203067,0.0758547008547008,11.481715368276,0.850497434687113,7.58547008547009
2020-04-02,93,7,93,7,0,0,94,7,929,106,1023,113,0,1,0,13,1,0,"Knox County",470313,14.0332076723374,0.0796277145811789,24.0265525299109,1.48837051070245,7.96277145811789
2020-04-01,86,15,86,15,0,0,87,15,823,140,910,155,0,0,1,13,1,0,"Knox County",470313,15.5215781830398,0.0800800800800801,32.9567755941256,3.18936538007667,8.00800800800801
2020-03-31,71,8,71,8,0,0,72,11,683,58,755,69,0,0,1,12,1,0,"Knox County",470313,12.9700858789785,0.0974889217134417,14.6710807483527,1.70099486937423,9.74889217134417
2020-03-30,63,13,63,13,0,0,61,15,625,130,686,145,0,0,2,11,1,0,"Knox County",470313,14.0332076723374,0.0888594164456233,30.8305320074078,2.76411666273312,8.88594164456233
2020-03-29,50,8,50,8,0,0,46,8,495,55,541,63,0,0,1,9,1,1,"Knox County",470313,14.8837051070245,0.0887978142076503,13.395334596322,1.70099486937423,8.87978142076503
2020-03-28,42,7,42,7,0,0,38,6,440,62,478,68,0,0,1,8,0,0,"Knox County",470313,13.1827102376502,0.0974512743628186,14.4584563896809,1.48837051070245,9.74512743628186
2020-03-27,35,2,35,2,0,0,32,2,378,54,410,56,0,0,1,7,0,0,"Knox County",470313,12.7574615203067,0.0956651718983558,11.9069640856196,0.425248717343556,9.56651718983558
2020-03-26,33,7,33,7,0,0,30,7,324,82,354,89,0,0,2,6,0,0,"Knox County",470313,12.7574615203067,0.0992248062015504,18.9235679217883,1.48837051070245,9.92248062015504
2020-03-25,26,6,26,6,0,0,23,7,242,68,265,75,0,0,1,4,0,0,"Knox County",470313,10.8438422922607,0.0991150442477876,15.9468269003834,1.27574615203067,9.91150442477876
2020-03-24,20,7,20,7,0,0,16,7,174,43,190,50,0,0,0,3,0,0,"Knox County",470313,10.6312179335889,0.0952380952380952,10.6312179335889,1.48837051070245,9.52380952380952
2020-03-23,13,4,13,4,0,0,9,4,131,22,140,26,0,0,2,3,0,0,"Knox County",470313,8.7175987055429,0.0960187353629977,5.52823332546623,0.850497434687113,9.60187353629976
2020-03-22,9,2,9,2,0,0,5,0,109,9,114,9,0,0,1,1,0,0,"Knox County",470313,7.44185255351224,0.0884718498659517,1.913619228046,0.425248717343556,8.84718498659517
2020-03-21,7,1,7,1,0,0,5,2,100,17,105,19,0,0,0,0,0,0,"Knox County",470313,6.16610640148157,0.0895061728395062,4.03986281476378,0.212624358671778,8.95061728395062
2020-03-20,6,5,6,5,0,0,3,2,83,38,86,40,0,0,0,0,0,0,"Knox County",470313,6.8039794774969,0.0941558441558442,8.50497434687113,1.06312179335889,9.41558441558442
2020-03-19,1,0,1,0,0,0,1,0,45,11,46,11,0,0,0,0,0,0,"Knox County",470313,5.31560896679445,0.0956521739130435,2.33886794538956,0,9.56521739130435
2020-03-18,1,0,1,0,0,0,1,0,34,15,35,15,0,0,0,0,0,0,"Knox County",470313,4.03986281476378,0.0882352941176471,3.18936538007667,0,8.82352941176471
2020-03-17,1,0,1,0,0,0,1,0,19,5,20,5,0,0,0,0,0,0,"Knox County",470313,2.55149230406134,0.064,1.06312179335889,0,6.4
2020-03-16,1,1,1,1,0,0,1,1,14,3,15,4,0,0,0,0,0,0,"Knox County",470313,1.913619228046,0.0485436893203883,0.850497434687113,0.212624358671778,4.85436893203883
2020-03-15,0,0,0,0,0,0,0,0,11,1,11,1,0,0,0,0,0,0,"Knox County",470313,1.48837051070245,0.0526315789473684,0.212624358671778,0,5.26315789473684
2020-03-14,0,0,0,0,0,0,0,0,10,8,10,8,0,0,0,0,0,0,"Knox County",470313,1.27574615203067,0.0357142857142857,1.70099486937423,0,3.57142857142857
2020-03-13,0,0,0,0,0,0,0,0,2,0,2,0,0,0,0,0,0,0,"Knox County",470313,0.212624358671778,0.0227272727272727,0,0,2.27272727272727
2020-03-12,0,0,0,0,0,0,0,0,2,2,2,2,0,0,0,0,0,0,"Knox County",470313,0.212624358671778,0.0285714285714286,0.425248717343556,0,2.85714285714286
2020-03-12,0,0,0,0,0,0,0,0,0,0,0,0,0,0,0,0,0,0,"Anderson",76978,NA,NA,0,0,NA
2020-03-13,0,0,0,0,0,0,0,0,1,1,1,1,0,0,0,0,0,0,"Anderson",76978,NA,NA,1.29907246226194,0,NA
2020-03-14,0,0,0,0,0,0,0,0,1,0,1,0,0,0,0,0,0,0,"Anderson",76978,NA,NA,0,0,NA
2020-03-15,0,0,0,0,0,0,0,0,1,0,1,0,0,0,0,0,0,0,"Anderson",76978,NA,NA,0,0,NA
2020-03-16,0,0,0,0,0,0,0,0,2,1,2,1,0,0,0,0,0,0,"Anderson",76978,NA,NA,1.29907246226194,0,NA
2020-03-17,0,0,0,0,0,0,0,0,4,2,4,2,0,0,0,0,0,0,"Anderson",76978,NA,NA,2.59814492452389,0,NA
2020-03-18,0,0,0,0,0,0,0,0,4,0,4,0,0,0,0,0,0,0,"Anderson",76978,0,0,0,0,0
2020-03-19,1,1,1,1,0,0,2,2,5,1,7,3,0,0,0,0,0,0,"Anderson",76978,1.29907246226194,0.285714285714286,3.89721738678583,1.29907246226194,28.5714285714286
2020-03-20,1,0,1,0,0,0,2,0,7,2,9,2,0,0,0,0,0,0,"Anderson",76978,1.29907246226194,0.25,2.59814492452389,0,25
2020-03-21,1,0,1,0,0,0,2,0,7,0,9,0,0,0,0,0,0,0,"Anderson",76978,1.29907246226194,0.25,0,0,25
2020-03-22,1,0,1,0,0,0,2,0,10,3,12,3,0,0,0,0,0,0,"Anderson",76978,1.29907246226194,0.181818181818182,3.89721738678583,0,18.1818181818182
2020-03-23,1,0,1,0,0,0,2,0,15,5,17,5,0,0,0,0,0,0,"Anderson",76978,1.29907246226194,0.133333333333333,6.49536231130973,0,13.3333333333333
2020-03-24,1,0,1,0,0,0,2,0,20,5,22,5,0,0,0,0,0,0,"Anderson",76978,1.29907246226194,0.111111111111111,6.49536231130973,0,11.1111111111111
2020-03-25,2,1,2,1,0,0,4,2,29,9,33,11,0,0,0,0,0,0,"Anderson",76978,2.59814492452389,0.137931034482759,14.2897970848814,1.29907246226194,13.7931034482759
2020-03-26,3,1,3,1,0,0,5,1,44,15,49,16,0,0,1,1,0,0,"Anderson",76978,2.59814492452389,0.0714285714285714,20.7851593961911,1.29907246226194,7.14285714285714
2020-03-27,4,1,4,1,0,0,6,1,53,9,59,10,0,0,0,1,0,0,"Anderson",76978,3.89721738678583,0.08,12.9907246226195,1.29907246226194,8
2020-03-28,7,3,7,3,0,0,9,3,72,19,81,22,0,0,1,2,0,0,"Anderson",76978,7.79443477357167,0.0972222222222222,28.5795941697628,3.89721738678583,9.72222222222222
2020-03-29,7,0,7,0,0,0,9,0,83,11,92,11,0,0,0,2,0,0,"Anderson",76978,7.79443477357167,0.0875,14.2897970848814,0,8.75
2020-03-30,8,1,8,1,0,0,10,1,127,44,137,45,0,0,0,2,0,0,"Anderson",76978,9.09350723583361,0.0666666666666667,58.4582608017875,1.29907246226194,6.66666666666667
2020-03-31,9,1,9,1,0,0,11,1,142,15,153,16,0,0,0,2,0,0,"Anderson",76978,10.3925796980956,0.0687022900763359,20.7851593961911,1.29907246226194,6.87022900763359
2020-04-01,9,0,9,0,0,0,11,0,163,21,174,21,0,0,0,2,0,0,"Anderson",76978,9.09350723583361,0.049645390070922,27.2805217075008,0,4.9645390070922
2020-04-02,9,0,9,0,0,0,11,0,179,16,190,16,0,0,0,2,0,0,"Anderson",76978,7.79443477357167,0.0425531914893617,20.7851593961911,0,4.25531914893617
2020-04-03,9,0,9,0,0,0,11,0,192,13,203,13,0,0,0,2,0,0,"Anderson",76978,6.49536231130972,0.0347222222222222,16.8879420094053,0,3.47222222222222
2020-04-04,9,0,9,0,0,0,11,0,219,27,230,27,0,0,0,2,0,0,"Anderson",76978,2.59814492452389,0.0134228187919463,35.0749564810725,0,1.34228187919463
2020-04-05,9,0,9,0,0,0,11,0,248,29,259,29,0,0,0,2,0,0,"Anderson",76978,2.59814492452389,0.0119760479041916,37.6731014055964,0,1.19760479041916
2020-04-06,9,0,9,0,0,0,11,0,262,14,273,14,0,0,0,2,0,0,"Anderson",76978,1.29907246226194,0.00735294117647059,18.1870144716672,0,0.735294117647059
2020-04-07,10,1,10,1,0,0,12,1,304,42,316,43,0,0,0,2,0,0,"Anderson",76978,1.29907246226194,0.00613496932515337,55.8601158772636,1.29907246226194,0.613496932515337
2020-04-08,10,0,10,0,0,0,12,0,322,18,334,18,1,1,0,2,1,1,"Anderson",76978,1.29907246226194,0.00625,23.383304320715,0,0.625
2020-04-09,10,0,10,0,0,0,12,0,350,28,362,28,0,1,0,2,1,0,"Anderson",76978,1.29907246226194,0.00581395348837209,36.3740289433345,0,0.581395348837209
2020-04-10,10,0,10,0,0,0,12,0,366,16,378,16,0,1,0,2,1,0,"Anderson",76978,1.29907246226194,0.00571428571428571,20.7851593961911,0,0.571428571428571
2020-04-11,10,0,10,0,0,0,12,0,439,73,451,73,0,1,0,2,1,0,"Anderson",76978,1.29907246226194,0.00452488687782805,94.832289745122,0,0.452488687782805
2020-04-12,12,2,12,2,0,0,14,2,477,38,491,40,0,1,0,2,1,0,"Anderson",76978,3.89721738678583,0.0129310344827586,51.9628984904778,2.59814492452389,1.29310344827586
2020-04-13,13,1,13,1,0,0,15,1,514,37,529,38,0,1,0,2,1,0,"Anderson",76978,5.19628984904778,0.015625,49.3647535659539,1.29907246226194,1.5625
2020-04-14,13,0,13,0,0,0,15,0,526,12,541,12,0,1,0,2,1,0,"Anderson",76978,3.89721738678583,0.0133333333333333,15.5888695471433,0,1.33333333333333
2020-04-15,13,0,13,0,0,0,15,0,544,18,559,18,0,1,0,2,1,0,"Anderson",76978,3.89721738678583,0.0133333333333333,23.383304320715,0,1.33333333333333
2020-04-16,13,0,13,0,0,0,15,0,566,22,581,22,0,1,0,2,1,0,"Anderson",76978,3.89721738678583,0.0136986301369863,28.5795941697628,0,1.36986301369863
2020-04-17,13,0,13,0,0,0,15,0,586,20,601,20,0,1,0,2,1,0,"Anderson",76978,3.89721738678583,0.0134529147982063,25.9814492452389,0,1.34529147982063
2020-04-18,13,0,13,0,0,0,15,0,616,30,631,30,0,1,0,2,1,0,"Anderson",76978,3.89721738678583,0.0166666666666667,38.9721738678584,0,1.66666666666667
2020-04-19,14,1,14,1,0,0,16,1,628,12,644,13,0,1,0,2,1,0,"Anderson",76978,2.59814492452389,0.0130718954248366,16.8879420094053,1.29907246226194,1.30718954248366
2020-04-20,19,5,18,4,1,1,19,3,648,20,667,23,0,1,0,2,1,0,"Anderson",76978,7.79443477357167,0.0289855072463768,29.8786666320247,6.49536231130973,2.89855072463768
2020-04-21,20,1,19,1,1,0,22,3,1071,423,1093,426,0,1,0,2,1,0,"Anderson",76978,9.09350723583361,0.0126811594202899,553.404868923589,1.29907246226194,1.26811594202899
2020-04-22,21,1,20,1,1,0,24,2,1141,70,1165,72,0,1,0,2,1,0,"Anderson",76978,10.3925796980956,0.0148514851485149,93.53321728286,1.29907246226194,1.48514851485149
2020-04-23,21,0,20,0,1,0,24,0,1191,50,1215,50,0,1,0,2,1,0,"Anderson",76978,10.3925796980956,0.0141955835962145,64.9536231130973,0,1.41955835962145
2020-04-24,22,1,21,1,1,0,25,1,1299,108,1324,109,0,1,0,2,1,0,"Anderson",76978,11.6916521603575,0.0138312586445367,141.598898386552,1.29907246226194,1.38312586445367
2020-04-25,22,0,21,0,1,0,25,0,1336,37,1361,37,0,1,0,2,1,0,"Anderson",76978,11.6916521603575,0.0136986301369863,48.065681103692,0,1.36986301369863
2020-04-26,22,0,21,0,1,0,25,0,1372,36,1397,36,0,1,0,2,1,0,"Anderson",76978,10.3925796980956,0.0119521912350598,46.76660864143,0,1.19521912350598
2020-04-27,22,0,21,0,1,0,25,0,1411,39,1436,39,0,1,0,2,1,0,"Anderson",76978,3.89721738678583,0.00780234070221066,50.6638260282159,0,0.780234070221066
2020-04-28,22,0,21,0,1,0,25,0,1690,279,1715,279,0,1,0,2,1,0,"Anderson",76978,2.59814492452389,0.00482315112540193,362.441216971083,0,0.482315112540193
2020-04-29,26,4,25,4,1,0,28,3,2068,378,2096,381,0,1,0,2,1,0,"Anderson",76978,6.49536231130972,0.00429645542427497,494.946608121801,5.19628984904778,0.429645542427497
2020-04-30,26,0,25,0,1,0,29,1,2100,32,2129,33,0,1,0,2,1,0,"Anderson",76978,6.49536231130972,0.00547045951859956,42.8693912546442,0,0.547045951859956
2020-05-01,26,0,25,0,1,0,29,0,2152,52,2181,52,0,1,0,2,1,0,"Anderson",76978,5.19628984904778,0.00466744457409568,67.5517680376211,0,0.466744457409568
2020-05-02,26,0,25,0,1,0,29,0,2219,67,2248,67,0,1,0,2,1,0,"Anderson",76978,5.19628984904778,0.00450958286358512,87.0378549715503,0,0.450958286358512
2020-05-03,27,1,26,1,1,0,30,1,2312,93,2342,94,0,1,0,2,1,0,"Anderson",76978,6.49536231130972,0.00529100529100529,122.112811452623,1.29907246226194,0.529100529100529
2020-05-04,27,0,26,0,1,0,30,0,2404,92,2434,92,0,1,0,2,1,0,"Anderson",76978,6.49536231130972,0.00501002004008016,119.514666528099,0,0.501002004008016
2020-05-05,28,1,27,1,1,0,30,0,2473,69,2503,69,0,1,0,2,1,0,"Anderson",76978,7.79443477357167,0.00634517766497462,89.6359998960742,1.29907246226194,0.634517766497462
2020-05-06,30,2,29,2,1,0,31,1,2523,50,2554,51,0,1,0,2,1,0,"Anderson",76978,5.19628984904778,0.00655021834061135,66.2526955753592,2.59814492452389,0.655021834061135
2020-05-07,30,0,29,0,1,0,33,2,2595,72,2628,74,0,1,0,2,1,0,"Anderson",76978,5.19628984904778,0.00801603206412826,96.1313622073839,0,0.801603206412826
2020-05-08,30,0,29,0,1,0,33,0,2650,55,2683,55,0,1,0,2,1,0,"Anderson",76978,5.19628984904778,0.00796812749003984,71.448985424407,0,0.796812749003984
2020-05-09,30,0,29,0,1,0,33,0,2732,82,2765,82,0,1,0,2,1,0,"Anderson",76978,5.19628984904778,0.00773694390715667,106.523941905479,0,0.773694390715667
2020-05-10,30,0,29,0,1,0,33,0,2825,93,2858,93,0,1,0,2,1,0,"Anderson",76978,3.89721738678583,0.00581395348837209,120.813738990361,0,0.581395348837209
2020-05-11,32,2,31,2,1,0,33,0,2907,82,2940,82,0,1,0,2,1,0,"Anderson",76978,6.49536231130972,0.00592885375494071,106.523941905479,2.59814492452389,0.592885375494071
2020-05-12,33,1,32,1,1,0,35,2,3040,133,3075,135,0,1,0,2,1,0,"Anderson",76978,6.49536231130972,0.00874125874125874,175.374782405363,1.29907246226194,0.874125874125874
2020-05-13,35,2,34,2,1,0,38,3,3218,178,3256,181,0,1,1,3,1,0,"Anderson",76978,6.49536231130972,0.00997150997150997,235.132115669412,2.59814492452389,0.997150997150997
2020-05-14,35,0,34,0,1,0,39,1,3344,126,3383,127,0,1,0,3,1,0,"Anderson",76978,6.49536231130972,0.00794701986754967,164.982202707267,0,0.794701986754967
2020-05-15,36,1,35,1,1,0,39,0,3415,71,3454,71,0,1,0,3,1,0,"Anderson",76978,7.79443477357167,0.00778210116731518,92.2341448205981,1.29907246226194,0.778210116731518
2020-05-16,36,0,35,0,1,0,41,2,3655,240,3696,242,0,1,0,3,1,0,"Anderson",76978,7.79443477357167,0.00859291084854995,314.375535867391,0,0.859291084854995
2020-05-17,36,0,35,0,1,0,41,0,3725,70,3766,70,0,1,0,3,1,0,"Anderson",76978,7.79443477357167,0.00881057268722467,90.9350723583361,0,0.881057268722467
2020-05-18,37,1,36,1,1,0,42,1,3802,77,3844,78,0,1,0,3,1,0,"Anderson",76978,6.49536231130972,0.00995575221238938,101.327652056432,1.29907246226194,0.995575221238938
2020-05-19,37,0,36,0,1,0,42,0,3854,52,3896,52,0,1,0,3,1,0,"Anderson",76978,5.19628984904778,0.00852618757612668,67.5517680376211,0,0.852618757612667
2020-05-20,37,0,36,0,1,0,43,1,3919,65,3962,66,0,1,0,3,1,0,"Anderson",76978,2.59814492452389,0.00708215297450425,85.7387825092884,0,0.708215297450425
2020-05-21,37,0,36,0,1,0,44,1,3999,80,4043,81,0,1,0,3,1,0,"Anderson",76978,2.59814492452389,0.00757575757575758,105.224869443218,0,0.757575757575758
2020-05-22,38,1,37,1,1,0,45,1,4027,28,4072,29,0,1,1,4,1,0,"Anderson",76978,2.59814492452389,0.00970873786407767,37.6731014055964,1.29907246226194,0.970873786407767
2020-05-23,38,0,37,0,1,0,46,1,4190,163,4236,164,0,1,0,4,1,0,"Anderson",76978,2.59814492452389,0.00925925925925926,213.047883810959,0,0.925925925925926
2020-05-24,38,0,37,0,1,0,46,0,4245,55,4291,55,0,1,0,4,1,0,"Anderson",76978,2.59814492452389,0.00952380952380952,71.448985424407,0,0.952380952380952
2020-05-25,38,0,37,0,1,0,47,1,4279,34,4326,35,0,1,0,4,1,0,"Anderson",76978,1.29907246226194,0.0103734439834025,45.4675361791681,0,1.03734439834025
2020-05-26,38,0,37,0,1,0,47,0,4410,131,4457,131,0,1,0,4,1,0,"Anderson",76978,1.29907246226194,0.0089126559714795,170.178492556315,0,0.89126559714795
2020-05-27,38,0,37,0,1,0,47,0,4513,103,4560,103,0,1,0,4,1,0,"Anderson",76978,1.29907246226194,0.00668896321070234,133.80446361298,0,0.668896321070234
2020-05-28,38,0,37,0,1,0,47,0,4561,48,4608,48,0,1,0,4,1,0,"Anderson",76978,1.29907246226194,0.00530973451327434,62.3554781885734,0,0.530973451327434
2020-05-29,39,1,38,1,1,0,47,0,4611,50,4658,50,0,1,0,4,1,0,"Anderson",76978,1.29907246226194,0.00341296928327645,64.9536231130973,1.29907246226194,0.341296928327645
2020-05-30,39,0,38,0,1,0,48,1,4663,52,4711,53,0,1,0,4,1,0,"Anderson",76978,1.29907246226194,0.00421052631578947,68.8508404998831,0,0.421052631578947
2020-05-31,40,1,39,1,1,0,49,1,4729,66,4778,67,0,1,0,4,1,0,"Anderson",76978,2.59814492452389,0.00616016427104723,87.0378549715503,1.29907246226194,0.616016427104723
2020-06-01,40,0,39,0,1,0,49,0,4853,124,4902,124,0,1,0,4,1,0,"Anderson",76978,2.59814492452389,0.00347222222222222,161.084985320481,0,0.347222222222222
2020-06-02,40,0,39,0,1,0,49,0,4980,127,5029,127,0,1,0,4,1,0,"Anderson",76978,2.59814492452389,0.0034965034965035,164.982202707267,0,0.34965034965035
2020-06-03,41,1,40,1,1,0,50,1,5040,60,5090,61,0,1,0,4,2,1,"Anderson",76978,3.89721738678583,0.00566037735849057,79.2434201979787,1.29907246226194,0.566037735849057
2020-06-04,41,0,40,0,1,0,50,0,5088,48,5138,48,1,2,0,4,2,0,"Anderson",76978,3.89721738678583,0.00566037735849057,62.3554781885734,0,0.566037735849057
2020-06-05,42,1,41,1,1,0,53,3,5145,57,5198,60,0,2,0,4,2,0,"Anderson",76978,3.89721738678583,0.0111111111111111,77.9443477357167,1.29907246226194,1.11111111111111
2020-06-06,43,1,42,1,1,0,54,1,5198,53,5252,54,0,2,0,4,2,0,"Anderson",76978,5.19628984904778,0.011090573012939,70.149912962145,1.29907246226194,1.1090573012939
2020-06-07,45,2,43,1,2,1,57,3,5293,95,5350,98,0,2,0,4,2,0,"Anderson",76978,6.49536231130972,0.013986013986014,127.309101301671,2.59814492452389,1.3986013986014
2020-06-08,46,1,44,1,2,0,57,0,5334,41,5391,41,0,2,0,4,2,0,"Anderson",76978,7.79443477357167,0.016359918200409,53.2619709527397,1.29907246226194,1.6359918200409
2020-06-09,47,1,45,1,2,0,60,3,5515,181,5575,184,0,2,0,4,2,0,"Anderson",76978,9.09350723583361,0.0201465201465201,239.029333056198,1.29907246226194,2.01465201465201
2020-06-10,52,5,50,5,2,0,63,3,5723,208,5786,211,0,2,0,4,2,0,"Anderson",76978,14.2897970848814,0.0186781609195402,274.10428953727,6.49536231130973,1.86781609195402
2020-06-11,55,3,53,3,2,0,66,3,5868,145,5934,148,0,2,1,5,2,0,"Anderson",76978,18.1870144716672,0.0201005025125628,192.262724414768,3.89721738678583,2.01005025125628
2020-06-12,57,2,55,2,2,0,70,4,5950,82,6020,86,0,2,0,5,2,0,"Anderson",76978,19.4860869339292,0.0206812652068127,111.720231754527,2.59814492452389,2.06812652068127
2020-06-13,58,1,55,0,3,1,70,0,5993,43,6063,43,0,2,0,5,2,0,"Anderson",76978,19.4860869339292,0.0197287299630086,55.8601158772636,1.29907246226194,1.97287299630086
2020-06-14,60,2,57,2,3,0,70,0,6168,175,6238,175,0,2,1,6,2,0,"Anderson",76978,19.4860869339292,0.0146396396396396,227.33768089584,2.59814492452389,1.46396396396396
2020-06-15,60,0,57,0,3,0,71,1,6226,58,6297,59,0,2,0,6,2,0,"Anderson",76978,18.1870144716672,0.0154525386313466,76.6452752734548,0,1.54525386313466
2020-06-16,64,4,61,4,3,0,75,4,6287,61,6362,65,0,2,0,6,2,0,"Anderson",76978,22.0842318584531,0.0190597204574333,84.4397100470264,5.19628984904778,1.90597204574333
2020-06-17,66,2,63,2,3,0,79,4,6324,37,6403,41,0,2,0,6,2,0,"Anderson",76978,18.1870144716672,0.0259319286871961,53.2619709527397,2.59814492452389,2.59319286871961
2020-06-18,70,4,67,4,3,0,84,5,6454,130,6538,135,0,2,0,6,2,0,"Anderson",76978,19.4860869339292,0.0298013245033113,175.374782405363,5.19628984904778,2.98013245033113
2020-06-19,72,2,69,2,3,0,86,2,6519,65,6605,67,0,2,0,6,2,0,"Anderson",76978,19.4860869339292,0.0273504273504274,87.0378549715503,2.59814492452389,2.73504273504274
2020-06-20,73,1,70,1,3,0,87,1,6557,38,6644,39,0,2,0,6,2,0,"Anderson",76978,19.4860869339292,0.0292598967297762,50.6638260282159,1.29907246226194,2.92598967297762
2020-06-21,74,1,71,1,3,0,88,1,6617,60,6705,61,0,2,0,6,2,0,"Anderson",76978,18.1870144716672,0.0385438972162741,79.2434201979787,1.29907246226194,3.85438972162741
2020-06-22,76,2,73,2,3,0,90,2,6709,92,6799,94,0,2,1,7,2,0,"Anderson",76978,20.7851593961911,0.0378486055776892,122.112811452623,2.59814492452389,3.78486055776892
2020-06-23,76,0,73,0,3,0,90,0,6798,89,6888,89,0,2,0,7,2,0,"Anderson",76978,15.5888695471433,0.0285171102661597,115.617449141313,0,2.85171102661597
2020-06-24,77,1,74,1,3,0,91,1,6829,31,6920,32,0,2,0,7,2,0,"Anderson",76978,14.2897970848814,0.02321083172147,41.5703187923822,1.29907246226194,2.321083172147
2020-06-25,81,4,78,4,3,0,92,1,6942,113,7034,114,0,2,0,7,2,0,"Anderson",76978,14.2897970848814,0.0161290322580645,148.094260697862,5.19628984904778,1.61290322580645
2020-06-26,86,5,83,5,3,0,98,6,6970,28,7068,34,0,2,0,7,2,0,"Anderson",76978,18.1870144716672,0.0259179265658747,44.1684637169061,6.49536231130973,2.59179265658747
2020-06-27,87,1,83,0,4,1,98,0,6982,12,7080,12,0,2,0,7,2,0,"Anderson",76978,18.1870144716672,0.0252293577981651,15.5888695471433,1.29907246226194,2.52293577981651
2020-06-28,91,4,87,4,4,0,106,8,7091,109,7197,117,0,2,0,7,2,0,"Anderson",76978,22.0842318584531,0.0365853658536585,151.991478084648,5.19628984904778,3.65853658536585
2020-06-29,97,6,92,5,5,1,114,8,7313,222,7427,230,0,2,1,8,2,0,"Anderson",76978,27.2805217075008,0.0382165605095541,298.786666320247,7.79443477357167,3.82165605095541
2020-06-30,102,5,96,4,6,1,120,6,7477,164,7597,170,0,2,0,8,2,0,"Anderson",76978,33.7758840188106,0.0423131170662905,220.842318584531,6.49536231130973,4.23131170662905
2020-07-01,104,2,98,2,6,0,124,4,7598,121,7722,125,0,2,0,8,2,0,"Anderson",76978,35.0749564810725,0.0411471321695761,162.384057782743,2.59814492452389,4.11471321695761
2020-07-02,110,6,104,6,6,0,130,6,7837,239,7967,245,0,2,0,8,2,0,"Anderson",76978,37.6731014055964,0.0407288317256163,318.272753254177,7.79443477357167,4.07288317256163
2020-07-03,120,10,113,9,7,1,142,12,7961,124,8103,136,0,2,0,8,2,0,"Anderson",76978,44.1684637169061,0.042512077294686,176.673854867625,12.9907246226195,4.2512077294686
2020-07-04,131,11,124,11,7,0,156,14,8145,184,8301,198,0,2,2,10,2,0,"Anderson",76978,57.1591883395256,0.0475020475020475,257.216347527865,14.2897970848814,4.75020475020475
2020-07-05,140,9,133,9,7,0,169,13,8301,156,8470,169,0,2,1,11,2,0,"Anderson",76978,63.6545506508353,0.0494893951296151,219.543246122269,11.6916521603575,4.94893951296151
2020-07-06,141,1,134,1,7,0,170,1,8328,27,8498,28,0,2,0,11,2,0,"Anderson",76978,57.1591883395256,0.0522875816993464,36.3740289433345,1.29907246226194,5.22875816993464
2020-07-07,157,16,150,16,7,0,190,20,8561,233,8751,253,0,2,0,11,2,0,"Anderson",76978,71.448985424407,0.0606585788561525,328.665332952272,20.7851593961911,6.06585788561525
2020-07-08,173,16,165,15,8,1,206,16,8701,140,8907,156,0,2,0,11,2,0,"Anderson",76978,89.6359998960742,0.0691983122362869,202.655304112863,20.7851593961911,6.91983122362869
2020-07-09,187,14,179,14,8,0,220,14,8969,268,9189,282,0,2,0,11,2,0,"Anderson",76978,100.02857959417,0.0736497545008183,366.338434357868,18.1870144716672,7.36497545008183
2020-07-10,193,6,185,6,8,0,227,7,8999,30,9226,37,0,2,1,12,2,0,"Anderson",76978,94.832289745122,0.0756901157613535,48.065681103692,7.79443477357167,7.56901157613535
2020-07-11,201,8,193,8,8,0,235,8,9168,169,9403,177,0,2,1,13,2,0,"Anderson",76978,90.9350723583361,0.0716878402903811,229.935825820364,10.3925796980956,7.16878402903811
2020-07-12,212,11,204,11,8,0,248,13,9351,183,9599,196,0,2,0,13,2,0,"Anderson",76978,93.53321728286,0.0699734278122232,254.618202603341,14.2897970848814,6.99734278122232
2020-07-13,218,6,209,5,9,1,255,7,9390,39,9645,46,0,2,2,15,2,0,"Anderson",76978,100.02857959417,0.0741063644289451,59.7573332640495,7.79443477357167,7.41063644289451
2020-07-14,229,11,219,10,10,1,266,11,9530,140,9796,151,0,2,0,15,2,0,"Anderson",76978,93.53321728286,0.0727272727272727,196.159941801554,14.2897970848814,7.27272727272727
2020-07-15,245,16,234,15,11,1,285,19,9632,102,9917,121,0,2,0,15,2,0,"Anderson",76978,93.53321728286,0.0782178217821782,157.187767933695,20.7851593961911,7.82178217821782
2020-07-16,263,18,252,18,11,0,308,23,9921,289,10229,312,0,2,1,16,2,0,"Anderson",76978,98.7295071319078,0.0846153846153846,405.310608225727,23.383304320715,8.46153846153846
2020-07-17,270,7,259,7,11,0,317,9,9992,71,10309,80,0,2,1,17,3,1,"Anderson",76978,100.02857959417,0.0831024930747922,103.925796980956,9.09350723583361,8.31024930747922
2020-07-18,277,7,266,7,11,0,328,11,10206,214,10534,225,0,2,0,17,3,0,"Anderson",76978,98.7295071319078,0.0822281167108753,292.291304008938,9.09350723583361,8.22281167108753
2020-07-19,285,8,274,8,11,0,337,9,10287,81,10624,90,0,2,2,19,3,0,"Anderson",76978,94.832289745122,0.0868292682926829,116.916521603575,10.3925796980956,8.68292682926829
2020-07-20,313,28,302,28,11,0,367,30,10456,169,10823,199,1,3,0,19,3,0,"Anderson",76978,123.411883914885,0.0950764006791171,258.515419990127,36.3740289433345,9.50764006791171
2020-07-21,336,23,324,22,12,1,391,24,10748,292,11139,316,0,3,1,20,3,0,"Anderson",76978,139.000753462028,0.0930752047654505,410.506898074775,29.8786666320247,9.30752047654505
2020-07-22,365,29,353,29,12,0,424,33,10883,135,11307,168,0,3,0,20,3,0,"Anderson",76978,155.888695471433,0.1,218.244173660007,37.6731014055964,10
2020-07-23,388,23,376,23,12,0,455,31,11310,427,11765,458,0,3,2,22,3,0,"Anderson",76978,162.384057782743,0.095703125,594.975187715971,29.8786666320247,9.5703125
2020-07-24,394,6,382,6,12,0,463,8,11422,112,11885,120,0,3,0,22,4,1,"Anderson",76978,161.084985320481,0.0926395939086294,155.888695471433,7.79443477357167,9.26395939086294
2020-07-25,426,32,413,31,13,1,499,36,11679,257,12178,293,1,4,1,23,4,0,"Anderson",76978,193.56179687703,0.104014598540146,380.62823144275,41.5703187923822,10.4014598540146
2020-07-26,465,39,451,38,14,1,541,42,12082,403,12623,445,0,4,2,25,4,0,"Anderson",76978,233.83304320715,0.102051025512756,578.087245706565,50.6638260282159,10.2051025512756
2020-07-27,483,18,468,17,15,1,562,21,12262,180,12824,201,0,4,1,26,4,0,"Anderson",76978,220.842318584531,0.0974512743628186,261.113564914651,23.383304320715,9.74512743628186
2020-07-28,523,40,508,40,15,0,608,46,12642,380,13250,426,0,4,1,27,5,1,"Anderson",76978,242.926550442984,0.10279488394126,553.404868923589,51.9628984904778,10.279488394126
2020-07-29,527,4,512,4,15,0,612,4,12678,36,13290,40,1,5,0,27,5,0,"Anderson",76978,210.449738886435,0.0948058497226425,51.9628984904778,5.19628984904778,9.48058497226425
2020-07-30,564,37,549,37,15,0,666,54,13163,485,13829,539,0,5,0,27,5,0,"Anderson",76978,228.636753358102,0.102228682170543,700.200057159188,48.065681103692,10.2228682170543
2020-07-31,576,12,561,12,15,0,680,14,13345,182,14025,196,0,5,0,27,5,0,"Anderson",76978,236.431188131674,0.101401869158878,254.618202603341,15.5888695471433,10.1401869158878
2020-08-01,599,23,584,23,15,0,705,25,13754,409,14459,434,0,5,1,28,5,0,"Anderson",76978,224.739535971316,0.0903112669881631,563.797448621684,29.8786666320247,9.03112669881631
2020-08-02,606,7,591,7,15,0,712,7,13882,128,14594,135,0,5,1,29,6,1,"Anderson",76978,183.169217178934,0.0867579908675799,175.374782405363,9.09350723583361,8.67579908675799
2020-08-03,631,25,615,24,16,1,743,31,14109,227,14852,258,0,5,0,29,6,0,"Anderson",76978,192.262724414768,0.0892504930966469,335.160695263582,32.4768115565486,8.92504930966469
2020-08-04,638,7,622,7,16,0,751,8,14352,243,15103,251,2,7,0,29,6,0,"Anderson",76978,149.393333160124,0.0771721532649757,326.067188027748,9.09350723583361,7.71721532649757
2020-08-05,653,15,637,15,16,0,770,19,14561,209,15331,228,-1,6,0,29,6,0,"Anderson",76978,163.683130245005,0.0774130328270456,296.188521395723,19.4860869339292,7.74130328270456
2020-08-06,675,22,659,22,16,0,800,30,14882,321,15682,351,0,6,1,30,6,0,"Anderson",76978,144.197043311076,0.0723151645979493,455.974434253943,28.5795941697628,7.23151645979493
2020-08-07,679,4,663,4,16,0,804,4,14963,81,15767,85,0,6,0,30,6,0,"Anderson",76978,133.80446361298,0.0711825487944891,110.421159292265,5.19628984904778,7.11825487944891
2020-08-08,690,11,674,11,16,0,820,16,15283,320,16103,336,0,6,0,30,6,0,"Anderson",76978,118.215594065837,0.0699513381995134,436.488347320014,14.2897970848814,6.99513381995134
2020-08-09,697,7,681,7,16,0,829,9,15420,137,16249,146,0,6,0,30,6,0,"Anderson",76978,118.215594065837,0.0706948640483384,189.664579490244,9.09350723583361,7.06948640483384
2020-08-10,702,5,686,5,16,0,835,6,15559,139,16394,145,0,6,0,30,6,0,"Anderson",76978,92.2341448205981,0.059662775616083,188.365507027982,6.49536231130973,5.9662775616083
2020-08-11,723,21,707,21,16,0,857,22,15762,203,16619,225,0,6,1,31,6,0,"Anderson",76978,110.421159292265,0.0699208443271768,292.291304008938,27.2805217075008,6.99208443271768
2020-08-12,731,8,715,8,16,0,865,8,16001,239,16866,247,0,6,0,31,6,0,"Anderson",76978,101.327652056432,0.0618892508143322,320.8708981787,10.3925796980956,6.18892508143322
2020-08-13,749,18,733,18,16,0,889,24,16229,228,17118,252,1,7,2,33,6,0,"Anderson",76978,96.1313622073839,0.0619777158774373,327.36626049001,23.383304320715,6.19777158774373
2020-08-14,766,17,749,16,17,1,911,22,16558,329,17469,351,0,7,0,33,6,0,"Anderson",76978,113.019304216789,0.0628672150411281,455.974434253943,22.0842318584531,6.28672150411281
2020-08-15,776,10,759,10,17,0,923,12,16781,223,17704,235,-1,6,0,33,6,0,"Anderson",76978,111.720231754527,0.0643347907557776,305.282028631557,12.9907246226195,6.43347907557776
2020-08-16,788,12,771,12,17,0,937,14,16923,142,17860,156,0,6,0,33,7,1,"Anderson",76978,118.215594065837,0.0670391061452514,202.655304112863,15.5888695471433,6.70391061452514
2020-08-17,792,4,775,4,17,0,940,3,16966,43,17906,46,0,6,0,33,7,0,"Anderson",76978,116.916521603575,0.0694444444444444,59.7573332640495,5.19628984904778,6.94444444444444
2020-08-18,806,14,789,14,17,0,957,17,17129,163,18086,180,0,6,0,33,7,0,"Anderson",76978,107.823014367741,0.0681663258350375,233.83304320715,18.1870144716672,6.81663258350375
2020-08-19,820,14,803,14,17,0,971,14,17303,174,18274,188,0,6,0,33,7,0,"Anderson",76978,115.617449141313,0.0752840909090909,244.225622905246,18.1870144716672,7.52840909090909
2020-08-20,835,15,818,15,17,0,987,16,17745,442,18732,458,0,6,0,33,8,1,"Anderson",76978,111.720231754527,0.0607187112763321,594.975187715971,19.4860869339292,6.07187112763321
2020-08-21,838,3,821,3,17,0,990,3,17781,36,18771,39,1,7,0,33,8,0,"Anderson",76978,93.53321728286,0.0606758832565284,50.6638260282159,3.89721738678583,6.06758832565284
2020-08-22,856,18,839,18,17,0,1009,19,18325,544,19334,563,1,8,1,34,8,0,"Anderson",76978,103.925796980956,0.052760736196319,731.377796253475,23.383304320715,5.2760736196319
2020-08-23,857,1,840,1,17,0,1010,1,18409,84,19419,85,0,8,0,34,8,0,"Anderson",76978,89.6359998960742,0.0468248877485568,110.421159292265,1.29907246226194,4.68248877485568
2020-08-24,858,1,840,0,18,1,1010,0,18448,39,19458,39,0,8,0,34,8,0,"Anderson",76978,85.7387825092884,0.0451030927835052,50.6638260282159,1.29907246226194,4.51030927835052
2020-08-25,866,8,848,8,18,0,1018,8,18600,152,19618,160,0,8,1,35,8,0,"Anderson",76978,77.9443477357167,0.0398172323759791,207.851593961911,10.3925796980956,3.98172323759791
2020-08-26,872,6,854,6,18,0,1024,6,18780,180,19804,186,0,8,0,35,8,0,"Anderson",76978,67.5517680376211,0.034640522875817,241.627477980722,7.79443477357167,3.4640522875817
2020-08-27,875,3,857,3,18,0,1027,3,19191,411,20218,414,0,8,0,35,8,0,"Anderson",76978,51.9628984904778,0.0269179004037685,537.815999376445,3.89721738678583,2.69179004037685
2020-08-28,875,0,857,0,18,0,1027,0,19229,38,20256,38,0,8,0,35,8,0,"Anderson",76978,48.065681103692,0.0249158249158249,49.3647535659539,0,2.49158249158249
2020-08-29,884,9,865,8,19,1,1035,8,19491,262,20526,270,0,8,0,35,8,0,"Anderson",76978,36.3740289433345,0.0218120805369128,350.749564810725,11.6916521603575,2.18120805369128
2020-08-30,900,16,881,16,19,0,1051,16,19574,83,20625,99,0,8,0,35,8,0,"Anderson",76978,55.8601158772636,0.0339966832504146,128.608173763933,20.7851593961911,3.39966832504146
2020-08-31,902,2,883,2,19,0,1053,2,19632,58,20685,60,0,8,0,35,8,0,"Anderson",76978,57.1591883395256,0.0350448247758761,77.9443477357167,2.59814492452389,3.50448247758761
2020-09-01,909,7,889,6,20,1,1059,6,19743,111,20802,117,0,8,0,35,8,0,"Anderson",76978,55.8601158772636,0.0346283783783784,151.991478084648,9.09350723583361,3.46283783783784
2020-09-02,917,8,895,6,22,2,1069,10,20059,316,21128,326,0,8,0,35,8,0,"Anderson",76978,58.4582608017875,0.033987915407855,423.497622697394,10.3925796980956,3.3987915407855
2020-09-03,933,16,909,14,24,2,1085,16,20383,324,21468,340,0,8,0,35,9,1,"Anderson",76978,75.3462028111928,0.0464,441.684637169061,20.7851593961911,4.64
2020-09-04,942,9,917,8,25,1,1095,10,20572,189,21667,199,0,8,0,35,9,0,"Anderson",76978,87.0378549715503,0.0481927710843374,258.515419990127,11.6916521603575,4.81927710843374
2020-09-05,961,19,936,19,25,0,1116,21,20841,269,21957,290,0,8,1,36,10,1,"Anderson",76978,100.02857959417,0.0566037735849057,376.731014055964,24.682376782977,5.66037735849057
2020-09-06,963,2,938,2,25,0,1118,2,20897,56,22015,58,0,8,0,36,10,0,"Anderson",76978,81.8415651225025,0.0482014388489209,75.3462028111928,2.59814492452389,4.82014388489209
2020-09-07,966,3,941,3,25,0,1123,5,20985,88,22108,93,0,8,0,36,10,0,"Anderson",76978,83.1406375847645,0.0491918482080112,120.813738990361,3.89721738678583,4.91918482080112
2020-09-08,975,9,944,3,31,6,1127,4,21160,175,22287,179,1,9,0,36,10,0,"Anderson",76978,85.7387825092884,0.0457912457912458,232.533970744888,11.6916521603575,4.57912457912458
2020-09-09,984,9,953,9,31,0,1136,9,21401,241,22537,250,0,9,1,37,11,1,"Anderson",76978,87.0378549715503,0.0475514549325763,324.768115565486,11.6916521603575,4.75514549325763
2020-09-10,1013,29,981,28,32,1,1166,30,21770,369,22936,399,1,10,0,37,11,0,"Anderson",76978,103.925796980956,0.0551771117166213,518.329912442516,37.6731014055964,5.51771117166213
2020-09-11,1014,1,982,1,32,0,1168,2,21903,133,23071,135,0,10,0,37,11,0,"Anderson",76978,93.53321728286,0.051994301994302,175.374782405363,1.29907246226194,5.1994301994302
2020-09-12,1017,3,985,3,32,0,1173,5,22045,142,23218,147,0,10,0,37,11,0,"Anderson",76978,72.7480578866689,0.0452022204599524,190.963651952506,3.89721738678583,4.52022204599524
2020-09-13,1038,21,1005,20,33,1,1194,21,22289,244,23483,265,0,10,1,38,11,0,"Anderson",76978,97.4304346696459,0.0517711171662125,344.254202499415,27.2805217075008,5.17711171662125
2020-09-14,1044,6,1010,5,34,1,1200,6,22395,106,23595,112,0,10,1,39,11,0,"Anderson",76978,101.327652056432,0.0517821116341627,145.496115773338,7.79443477357167,5.17821116341627
2020-09-15,1060,16,1026,16,34,0,1217,17,22635,240,23852,257,1,11,1,40,12,1,"Anderson",76978,110.421159292265,0.0575079872204473,333.86162280132,20.7851593961911,5.75079872204473
2020-09-16,1068,8,1034,8,34,0,1229,12,22771,136,24000,148,0,11,0,40,12,0,"Anderson",76978,109.122086830003,0.063568010936432,192.262724414768,10.3925796980956,6.3568010936432
2020-09-17,1090,22,1054,20,36,2,1249,20,23192,421,24441,441,0,11,1,41,12,0,"Anderson",76978,100.02857959417,0.0551495016611296,572.890955857518,28.5795941697628,5.51495016611296
2020-09-18,1109,19,1073,19,36,0,1267,18,23416,224,24683,242,0,11,0,41,12,0,"Anderson",76978,123.411883914885,0.0614143920595533,314.375535867391,24.682376782977,6.14143920595533
2020-09-19,1124,15,1088,15,36,0,1288,21,23698,282,24986,303,0,11,1,42,12,0,"Anderson",76978,139.000753462028,0.0650452488687783,393.618956065369,19.4860869339292,6.50452488687783
2020-09-20,1131,7,1095,7,36,0,1298,10,23850,152,25148,162,0,11,0,42,13,1,"Anderson",76978,120.813738990361,0.0624624624624625,210.449738886435,9.09350723583361,6.24624624624625
2020-09-21,1133,2,1097,2,36,0,1300,2,23883,33,25183,35,0,11,0,42,13,0,"Anderson",76978,115.617449141313,0.0629722921914358,45.4675361791681,2.59814492452389,6.29722921914358
2020-09-22,1147,14,1111,14,36,0,1317,17,24131,248,25448,265,0,11,1,43,13,0,"Anderson",76978,113.019304216789,0.06265664160401,344.254202499415,18.1870144716672,6.265664160401
2020-09-23,1147,0,1111,0,36,0,1317,0,24172,41,25489,41,0,11,0,43,13,0,"Anderson",76978,102.626724518694,0.0591000671591672,53.2619709527397,0,5.91000671591672
2020-09-24,1160,13,1124,13,36,0,1332,15,24496,324,25828,339,1,12,0,43,13,0,"Anderson",76978,90.9350723583361,0.0598413842826244,440.385564706799,16.8879420094053,5.98413842826244
2020-09-25,1174,14,1137,13,37,1,1345,13,24732,236,26077,249,1,13,0,43,13,0,"Anderson",76978,84.4397100470264,0.0559540889526542,323.469043103224,18.1870144716672,5.59540889526542
2020-09-26,1188,14,1151,14,37,0,1362,17,25031,299,26393,316,0,13,0,43,13,0,"Anderson",76978,83.1406375847645,0.0525941719971571,410.506898074775,18.1870144716672,5.25941719971571
2020-09-27,1207,19,1168,17,39,2,1378,16,25238,207,26616,223,0,13,0,43,13,0,"Anderson",76978,98.7295071319078,0.0544959128065395,289.693159084414,24.682376782977,5.44959128065395
2020-09-28,1210,3,1170,2,40,1,1380,2,25275,37,26655,39,0,13,0,43,13,0,"Anderson",76978,100.02857959417,0.0543478260869565,50.6638260282159,3.89721738678583,5.43478260869565
2020-09-29,1221,11,1180,10,41,1,1390,10,25569,294,26959,304,0,13,0,43,13,0,"Anderson",76978,96.1313622073839,0.0483123759099934,394.918028527631,14.2897970848814,4.83123759099934
2020-09-30,1233,12,1190,10,43,2,1400,10,25635,66,27035,76,0,13,0,43,13,0,"Anderson",76978,111.720231754527,0.0536869340232859,98.7295071319078,15.5888695471433,5.36869340232859
2020-10-01,1249,16,1204,14,45,2,1415,15,25915,280,27330,295,0,13,0,43,13,0,"Anderson",76978,115.617449141313,0.0552596537949401,383.226376367274,20.7851593961911,5.52596537949401
2020-10-02,1256,7,1210,6,46,1,1422,7,25997,82,27419,89,0,13,0,43,13,0,"Anderson",76978,106.523941905479,0.0573770491803279,115.617449141313,9.09350723583361,5.73770491803279
2020-10-03,1272,16,1226,16,46,0,1446,24,26261,264,27707,288,0,13,0,43,13,0,"Anderson",76978,109.122086830003,0.0639269406392694,374.13286913144,20.7851593961911,6.39269406392694
2020-10-04,1288,16,1240,14,48,2,1462,16,26598,337,28060,353,0,13,0,43,13,0,"Anderson",76978,105.224869443218,0.0581717451523546,458.572579178467,20.7851593961911,5.81717451523546
2020-10-05,1314,26,1265,25,49,1,1489,27,26809,211,28298,238,0,13,1,44,13,0,"Anderson",76978,135.103536075242,0.0663420572124163,309.179246018343,33.7758840188106,6.63420572124163
2020-10-06,1342,28,1292,27,50,1,1520,31,27146,337,28666,368,0,13,1,45,13,0,"Anderson",76978,157.187767933695,0.0761570005858231,478.058666112396,36.3740289433345,7.61570005858231
2020-10-07,1348,6,1298,6,50,0,1528,8,27381,235,28909,243,0,13,0,45,13,0,"Anderson",76978,149.393333160124,0.0683030949839915,315.674608329653,7.79443477357167,6.83030949839915
2020-10-08,1358,10,1306,8,52,2,1537,9,27620,239,29157,248,0,13,1,46,13,0,"Anderson",76978,141.598898386552,0.066776135741653,322.169970640962,12.9907246226195,6.6776135741653
2020-10-09,1373,15,1319,13,54,2,1553,16,27793,173,29346,189,0,13,0,46,13,0,"Anderson",76978,151.991478084648,0.0679813181110535,245.524695367508,19.4860869339292,6.79813181110535
2020-10-10,1389,16,1335,16,54,0,1573,20,28005,212,29578,232,0,13,1,47,14,1,"Anderson",76978,151.991478084648,0.0678781400320684,301.384811244771,20.7851593961911,6.78781400320684
2020-10-11,1417,28,1363,28,54,0,1604,31,28294,289,29898,320,0,13,0,47,14,0,"Anderson",76978,167.580347631791,0.0772578890097933,415.703187923822,36.3740289433345,7.72578890097933
2020-10-12,1433,16,1378,15,55,1,1620,16,28373,79,29993,95,0,13,0,47,14,0,"Anderson",76978,154.589623009171,0.0772861356932153,123.411883914885,20.7851593961911,7.72861356932153
2020-10-13,1453,20,1396,18,57,2,1638,18,28494,121,30132,139,0,13,0,47,14,0,"Anderson",76978,144.197043311076,0.0804911323328786,180.57107225441,25.9814492452389,8.04911323328786
2020-10-14,1475,22,1418,22,57,0,1662,24,28794,300,30456,324,0,13,0,47,14,0,"Anderson",76978,164.982202707267,0.0866192630898513,420.89947777287,28.5795941697628,8.66192630898513
2020-10-15,1497,22,1434,16,63,6,1676,14,28945,151,30621,165,0,13,1,48,14,0,"Anderson",76978,180.57107225441,0.0949453551912568,214.346956273221,28.5795941697628,9.49453551912568
2020-10-16,1504,7,1437,3,67,4,1680,4,29044,99,30724,103,0,13,0,48,15,1,"Anderson",76978,170.178492556315,0.0921625544267054,133.80446361298,9.09350723583361,9.21625544267054
2020-10-17,1532,28,1464,27,68,1,1710,30,29292,248,31002,278,0,13,2,50,15,0,"Anderson",76978,185.767362103458,0.0962078651685393,361.142144508821,36.3740289433345,9.62078651685393
2020-10-18,1551,19,1483,19,68,0,1732,22,29531,239,31263,261,0,13,0,50,15,0,"Anderson",76978,174.075709943101,0.0937728937728938,339.057912650368,24.682376782977,9.37728937728938
2020-10-19,1555,4,1487,4,68,0,1737,5,29608,77,31345,82,0,13,1,51,15,0,"Anderson",76978,158.486840395957,0.0865384615384615,106.523941905479,5.19628984904778,8.65384615384615
2020-10-20,1582,27,1514,27,68,0,1772,35,29807,199,31579,234,0,13,0,51,15,0,"Anderson",76978,167.580347631791,0.092605390463027,303.982956169295,35.0749564810725,9.2605390463027
2020-10-21,1599,17,1531,17,68,0,1791,19,30023,216,31814,235,0,13,1,52,15,0,"Anderson",76978,161.084985320481,0.0949926362297496,305.282028631557,22.0842318584531,9.49926362297496
2020-10-22,1620,21,1552,21,68,0,1816,25,30355,332,32171,357,1,14,0,52,15,0,"Anderson",76978,159.785912858219,0.0903225806451613,463.768869027514,27.2805217075008,9.03225806451613
2020-10-23,1635,15,1566,14,69,1,1832,16,30630,275,32462,291,0,14,0,52,15,0,"Anderson",76978,170.178492556315,0.0874568469505178,378.030086518226,19.4860869339292,8.74568469505178
2020-10-24,1666,31,1596,30,70,1,1865,33,31006,376,32871,409,0,14,2,54,17,2,"Anderson",76978,174.075709943101,0.082932049224184,531.320637065136,40.2712463301203,8.29320492241841
2020-10-25,1683,17,1612,16,71,1,1884,19,31202,196,33086,215,0,14,4,58,17,0,"Anderson",76978,171.477565018577,0.0833790455293472,279.300579386318,22.0842318584531,8.33790455293472
2020-10-26,1699,16,1627,15,72,1,1902,18,31336,134,33238,152,-1,13,1,59,17,0,"Anderson",76978,187.06643456572,0.0871632329635499,197.459014263816,20.7851593961911,8.71632329635499
2020-10-27,1728,29,1651,24,77,5,1926,24,31491,155,33417,179,1,14,2,61,17,0,"Anderson",76978,189.664579490244,0.0837867247007617,232.533970744888,37.6731014055964,8.37867247007617
2020-10-28,1784,56,1705,54,79,2,1985,59,31925,434,33910,493,0,14,0,61,17,0,"Anderson",76978,240.32840551846,0.092557251908397,640.442723895139,72.7480578866689,9.25572519083969
2020-10-29,1813,29,1726,21,87,8,2004,19,32131,206,34135,225,0,14,2,63,17,0,"Anderson",76978,250.720985216555,0.0957230142566191,292.291304008938,37.6731014055964,9.57230142566191
2020-10-30,1850,37,1760,34,90,3,2042,38,32282,151,34324,189,2,16,1,64,17,0,"Anderson",76978,279.300579386318,0.112781954887218,245.524695367508,48.065681103692,11.2781954887218
2020-10-31,1850,0,1760,0,90,0,2042,0,32283,1,34325,1,0,16,0,64,19,2,"Anderson",76978,239.029333056198,0.121733149931224,1.29907246226194,0,12.1733149931224
2020-11-01,1855,5,1765,5,90,0,2050,8,32527,244,34577,252,0,16,0,64,19,0,"Anderson",76978,223.440463509055,0.111334674714956,327.36626049001,6.49536231130973,11.1334674714956
2020-11-02,1888,33,1796,31,92,2,2085,35,32794,267,34879,302,0,16,0,64,20,1,"Anderson",76978,245.524695367508,0.111517367458867,392.319883603107,42.8693912546442,11.1517367458867
2020-11-03,1914,26,1821,25,93,1,2110,25,32974,180,35084,205,0,16,0,64,21,1,"Anderson",76978,241.627477980722,0.110377924415117,266.309854763699,33.7758840188106,11.0377924415117
2020-11-04,1932,18,1836,15,96,3,2128,18,33052,78,35180,96,2,18,1,65,21,0,"Anderson",76978,192.262724414768,0.11259842519685,124.710956377147,23.383304320715,11.259842519685
2020-11-05,1956,24,1854,18,102,6,2148,20,33151,99,35299,119,0,18,0,65,22,1,"Anderson",76978,185.767362103458,0.123711340206186,154.589623009171,31.1777390942867,12.3711340206186
2020-11-06,2005,49,1900,46,105,3,2197,49,33518,367,35715,416,0,18,2,67,23,1,"Anderson",76978,201.356231650601,0.111430625449317,540.414144300969,63.6545506508353,11.1430625449317
2020-11-07,2085,80,1977,77,108,3,2274,77,33965,447,36239,524,0,18,0,67,23,0,"Anderson",76978,305.282028631557,0.121212121212121,680.713970225259,103.925796980956,12.1212121212121
2020-11-08,2139,54,2028,51,111,3,2336,62,34575,610,36911,672,0,18,1,68,23,0,"Anderson",76978,368.936579282392,0.122536418166238,872.976694640027,70.149912962145,12.2536418166238
2020-11-09,2147,8,2035,7,112,1,2345,9,34649,74,36994,83,0,18,0,68,23,0,"Anderson",76978,336.459767725844,0.122931442080378,107.823014367741,10.3925796980956,12.2931442080378
2020-11-10,2166,19,2053,18,113,1,2367,22,34820,171,37187,193,0,18,1,69,23,0,"Anderson",76978,327.36626049001,0.122206371849738,250.720985216555,24.682376782977,12.2206371849738
2020-11-11,2205,39,2089,36,116,3,2409,42,35093,273,37502,315,1,19,1,70,23,0,"Anderson",76978,354.646782197511,0.121016365202412,409.207825612513,50.6638260282159,12.1016365202412
2020-11-12,2212,7,2095,6,117,1,2417,8,35291,198,37708,206,0,19,0,70,24,1,"Anderson",76978,332.562550339058,0.111664591116646,267.608927225961,9.09350723583361,11.1664591116646
2020-11-13,2268,56,2148,53,120,3,2476,59,35552,261,38028,320,2,21,2,72,24,0,"Anderson",76978,341.656057574892,0.120622568093385,415.703187923822,72.7480578866689,12.0622568093385
2020-11-14,2309,41,2188,40,121,1,2521,45,35948,396,38469,441,1,22,1,73,25,1,"Anderson",76978,290.992231546676,0.110762331838565,572.890955857518,53.2619709527397,11.0762331838565
2020-11-15,2407,98,2286,98,121,0,2629,108,36530,582,39159,690,1,23,1,74,25,0,"Anderson",76978,348.151419886201,0.130338078291815,896.359998960742,127.309101301671,13.0338078291815
2020-11-16,2456,49,2315,29,141,20,2658,29,36807,277,39465,306,0,23,1,75,25,0,"Anderson",76978,401.413390838941,0.126669364629705,397.516173452155,63.6545506508353,12.6669364629705
2020-11-17,2472,16,2330,15,142,1,2674,16,37012,205,39686,221,2,25,1,76,26,1,"Anderson",76978,397.516173452155,0.122849139655862,287.09501415989,20.7851593961911,12.2849139655862
2020-11-18,2502,30,2356,26,146,4,2700,26,37306,294,40006,320,0,25,0,76,27,1,"Anderson",76978,385.824521291798,0.116214057507987,415.703187923822,38.9721738678584,11.6214057507987
2020-11-19,2560,58,2410,54,150,4,2762,62,37722,416,40484,478,0,25,1,77,27,0,"Anderson",76978,452.077216867157,0.124279538904899,620.95663696121,75.3462028111928,12.4279538904899
2020-11-20,2590,30,2437,27,153,3,2793,31,37835,113,40628,144,0,25,0,77,28,1,"Anderson",76978,418.301332848346,0.121923076923077,187.06643456572,38.9721738678584,12.1923076923077
2020-11-21,2647,57,2486,49,161,8,2841,48,38179,344,41020,392,0,25,1,78,28,0,"Anderson",76978,439.086492244537,0.125441003528028,509.236405206682,74.0471303489309,12.5441003528028
2020-11-22,2703,56,2535,49,168,7,2898,57,38662,483,41560,540,0,25,1,79,31,3,"Anderson",76978,384.525448829536,0.112036651395252,701.49912962145,72.7480578866689,11.2036651395252
2020-11-23,2710,7,2541,6,169,1,2904,6,38684,22,41588,28,0,25,0,79,32,1,"Anderson",76978,329.964405414534,0.115873763542157,36.3740289433345,9.09350723583361,11.5873763542157
2020-11-24,2723,13,2553,12,170,1,2916,12,38841,157,41757,169,2,27,0,79,32,0,"Anderson",76978,326.067188027748,0.116851762433607,219.543246122269,16.8879420094053,11.6851762433607
2020-11-25,2751,28,2574,21,177,7,2937,21,38878,37,41815,58,1,28,0,79,32,0,"Anderson",76978,323.469043103224,0.131011608623549,75.3462028111928,36.3740289433345,13.1011608623549
2020-11-26,2796,45,2616,42,180,3,2982,45,39228,350,42210,395,0,28,1,80,33,1,"Anderson",76978,306.581101093819,0.127462340672074,513.133622593468,58.4582608017875,12.7462340672074
2020-11-27,2895,99,2706,90,189,9,3077,95,39654,426,42731,521,0,28,3,83,35,2,"Anderson",76978,396.217100989893,0.135045173561579,676.816752838473,128.608173763933,13.5045173561579
2020-11-28,2926,31,2731,25,195,6,3107,30,39797,143,42904,173,1,29,2,85,35,0,"Anderson",76978,362.441216971083,0.141188959660297,224.739535971316,40.2712463301203,14.1188959660297
2020-11-29,3017,91,2820,89,197,2,3203,96,40234,437,43437,533,0,29,1,86,35,0,"Anderson",76978,407.908753150251,0.162493340436867,692.405622385617,118.215594065837,16.2493340436867
2020-11-30,3087,70,2886,66,201,4,3276,73,40486,252,43762,325,0,29,0,86,37,2,"Anderson",76978,489.750318272753,0.171113155473781,422.198550235132,90.9350723583361,17.1113155473781
2020-12-01,3163,76,2952,66,211,10,3348,72,40916,430,44264,502,1,30,6,92,38,1,"Anderson",76978,571.591883395256,0.172317510969286,652.134376055496,98.7295071319078,17.2317510969286
2020-12-02,3178,15,2966,14,212,1,3364,16,41024,108,44388,124,0,30,0,92,38,0,"Anderson",76978,554.70394138585,0.165954139137194,161.084985320481,19.4860869339292,16.5954139137194
2020-12-03,3219,41,2995,29,224,12,3397,33,41249,225,44646,258,1,31,1,93,39,1,"Anderson",76978,549.507651536803,0.170361247947455,335.160695263582,53.2619709527397,17.0361247947455
2020-12-04,3286,67,3055,60,231,7,3460,63,41407,158,44867,221,1,32,0,93,39,0,"Anderson",76978,507.93733274442,0.179307116104869,287.09501415989,87.0378549715503,17.9307116104869
2020-12-05,3317,31,3074,19,243,12,3478,18,41474,67,44952,85,0,32,0,93,39,0,"Anderson",76978,507.93733274442,0.18115234375,110.421159292265,40.2712463301203,18.115234375
2020-12-06,3353,36,3103,29,250,7,3506,28,41682,208,45188,236,0,32,2,95,40,1,"Anderson",76978,436.488347320014,0.173043974871502,306.581101093819,46.76660864143,17.3043974871502
2020-12-07,3493,140,3227,124,266,16,3642,136,42275,593,45917,729,2,34,4,99,41,1,"Anderson",76978,527.42341967835,0.169837587006961,947.023824988958,181.870144716672,16.9837587006961
2020-12-08,3564,71,3276,49,288,22,3694,52,42573,298,46267,350,1,35,2,101,43,2,"Anderson",76978,520.92805736704,0.172740888667,454.675361791681,92.2341448205981,17.2740888666999
2020-12-09,3669,105,3367,91,302,14,3798,104,42834,261,46632,365,0,35,3,104,44,1,"Anderson",76978,637.844578970615,0.193404634581105,474.16144872561,136.402608537504,19.3404634581105
2020-12-10,3763,94,3445,78,318,16,3885,87,43365,531,47250,618,3,38,3,107,45,1,"Anderson",76978,706.695419470498,0.187403993855607,802.826781677882,122.112811452623,18.7403993855607
2020-12-11,3836,73,3498,53,338,20,3936,51,43531,166,47467,217,1,39,2,109,45,0,"Anderson",76978,714.48985424407,0.183076923076923,281.898724310842,94.832289745122,18.3076923076923
2020-12-12,3924,88,3559,61,365,27,4001,65,44044,513,48045,578,0,39,2,111,45,0,"Anderson",76978,788.536984593001,0.169091496928548,750.863883187404,114.318376679051,16.9091496928548
2020-12-13,4156,232,3742,183,414,49,4205,204,44916,872,49121,1076,1,40,0,111,47,2,"Anderson",76978,1043.15518719634,0.177726926010679,1397.80196939385,301.384811244771,17.7726926010679
2020-12-14,4271,115,3828,86,443,29,4304,99,45206,290,49510,389,0,40,1,112,48,1,"Anderson",76978,1010.67837563979,0.184247147230726,505.339187819897,149.393333160124,18.4247147230726
2020-12-15,4406,135,3913,85,493,50,4400,96,45733,527,50133,623,1,41,6,118,51,3,"Anderson",76978,1093.81901322456,0.182617692705639,809.322143989192,175.374782405363,18.2617692705639
2020-12-16,4475,69,3943,30,532,39,4436,36,46056,323,50492,359,2,43,4,122,52,1,"Anderson",76978,1047.05240458313,0.165284974093264,466.367013952038,89.6359998960742,16.5284974093264
2020-12-17,4676,201,4117,174,559,27,4630,194,46584,528,51214,722,2,45,2,124,54,2,"Anderson",76978,1186.05315804516,0.187941473259334,937.930317753124,261.113564914651,18.7941473259334
2020-12-18,4774,98,4193,76,581,22,4717,87,46950,366,51667,453,1,46,2,126,54,0,"Anderson",76978,1218.5299696017,0.185952380952381,588.479825404661,127.309101301671,18.5952380952381
2020-12-19,4879,105,4274,81,605,24,4804,87,47208,258,52012,345,0,46,1,127,55,1,"Anderson",76978,1240.61420146016,0.202419964708848,448.179999480371,136.402608537504,20.2419964708848
2020-12-20,5019,140,4396,122,623,18,4941,137,47672,464,52613,601,2,48,3,130,56,1,"Anderson",76978,1121.09953493206,0.210767468499427,780.742549819429,181.870144716672,21.0767468499427
2020-12-21,5066,47,4414,18,652,29,4964,23,47892,220,52856,243,3,51,2,132,59,3,"Anderson",76978,1032.76260749825,0.197250448296473,315.674608329653,61.0564057263114,19.7250448296473
2020-12-22,5136,70,4458,44,678,26,5011,47,47998,106,53009,153,1,52,2,134,64,5,"Anderson",76978,948.32289745122,0.212447844228095,198.758086726078,90.9350723583361,21.2447844228095
2020-12-23,5210,74,4500,42,710,32,5054,43,48314,316,53368,359,2,54,2,136,66,2,"Anderson",76978,954.81825976253,0.214881780250348,466.367013952038,96.1313622073839,21.4881780250348
2020-12-24,5268,58,4524,24,744,34,5081,27,48466,152,53547,179,1,55,1,137,71,5,"Anderson",76978,769.050897659071,0.193313330475782,232.533970744888,75.3462028111928,19.3313330475782
2020-12-25,5361,93,4601,77,760,16,5173,92,48875,409,54048,501,0,55,1,138,72,1,"Anderson",76978,762.555535347762,0.191516169676606,650.835303593234,120.813738990361,19.1516169676606
2020-12-26,5417,56,4630,29,787,27,5201,28,48994,119,54195,147,0,55,3,141,74,2,"Anderson",76978,698.900984696926,0.181859825927623,190.963651952506,72.7480578866689,18.1859825927623
2020-12-27,5477,60,4667,37,810,23,5237,36,49130,136,54367,172,1,56,6,147,75,1,"Anderson",76978,594.975187715971,0.168757126567845,223.440463509055,77.9443477357167,16.8757126567845
2020-12-28,5524,47,4688,21,836,26,5257,20,49199,69,54456,89,2,58,4,151,82,7,"Anderson",76978,594.975187715971,0.183125,115.617449141313,61.0564057263114,18.3125
2020-12-29,5620,96,4740,52,880,44,5305,48,49294,95,54599,143,2,60,5,156,85,3,"Anderson",76978,628.751071734781,0.184905660377358,185.767362103458,124.710956377147,18.4905660377358
2020-12-30,5655,35,4758,18,897,17,5322,17,49422,128,54744,145,6,66,1,157,88,3,"Anderson",76978,578.087245706566,0.194767441860465,188.365507027982,45.4675361791681,19.4767441860465
2020-12-31,5818,163,4858,100,960,63,5424,102,49726,304,55150,406,6,72,1,158,93,5,"Anderson",76978,714.48985424407,0.213973799126638,527.42341967835,211.748811348697,21.3973799126638
2021-01-01,5883,65,4900,42,983,23,5479,55,50002,276,55481,331,0,72,2,160,94,1,"Anderson",76978,678.115825300735,0.213538032100488,429.992985008704,84.4397100470264,21.3538032100488
2021-01-02,5976,93,4941,41,1035,52,5520,41,50287,285,55807,326,0,72,2,162,96,2,"Anderson",76978,726.181506404427,0.197890818858561,423.497622697394,120.813738990361,19.7890818858561
2021-01-03,6001,25,4953,12,1048,13,5536,16,50339,52,55875,68,0,72,1,163,99,3,"Anderson",76978,680.713970225259,0.198275862068966,88.3369274338123,32.4768115565486,19.8275862068966
2021-01-04,6038,37,4977,24,1061,13,5567,31,50446,107,56013,138,1,73,0,163,104,5,"Anderson",76978,667.72324560264,0.199100834938985,179.271999792148,48.065681103692,19.9100834938985
2021-01-05,6110,72,5008,31,1102,41,5598,31,50564,118,56162,149,2,75,2,165,107,3,"Anderson",76978,636.545506508353,0.187460012795905,193.56179687703,93.53321728286,18.7460012795905
2021-01-06,6185,75,5049,41,1136,34,5642,44,50725,161,56367,205,5,80,2,167,109,2,"Anderson",76978,688.508404998831,0.197165742452249,266.309854763699,97.4304346696459,19.7165742452249
2021-01-07,6290,105,5129,80,1161,25,5734,92,50946,221,56680,313,1,81,1,168,112,3,"Anderson",76978,613.162202187638,0.202614379084967,406.609680687989,136.402608537504,20.2614379084967
2021-01-08,6373,83,5180,51,1193,32,5786,52,51145,199,56931,251,5,86,2,170,115,3,"Anderson",76978,636.545506508353,0.211724137931034,326.067188027748,107.823014367741,21.1724137931034
2021-01-09,6483,110,5249,69,1234,41,5862,76,51576,431,57438,507,2,88,0,170,117,2,"Anderson",76978,658.629738366806,0.209687308399755,658.629738366806,142.897970848814,20.9687308399755
2021-01-10,6543,60,5274,25,1269,35,5887,25,51670,94,57557,119,2,90,3,173,118,1,"Anderson",76978,704.097274545974,0.208680142687277,154.589623009171,77.9443477357167,20.8680142687277
2021-01-11,6576,33,5284,10,1292,23,5900,13,51741,71,57641,84,1,91,1,174,120,2,"Anderson",76978,698.900984696926,0.204545454545455,109.122086830003,42.8693912546442,20.4545454545455
2021-01-12,6629,53,5318,34,1311,19,5938,38,51913,172,57851,210,2,93,1,175,120,0,"Anderson",76978,674.218607913949,0.201302545885139,272.805217075008,68.8508404998831,20.1302545885139
2021-01-13,6655,26,5335,17,1320,9,5957,19,52003,90,57960,109,3,96,0,175,121,1,"Anderson",76978,610.564057263114,0.19774011299435,141.598898386552,33.7758840188106,19.774011299435
2021-01-14,6752,97,5397,62,1355,35,6031,74,52410,407,58441,481,5,101,2,177,123,2,"Anderson",76978,600.171477565019,0.168654173764906,624.853854347995,126.010028839409,16.8654173764906
2021-01-15,6786,34,5417,20,1369,14,6055,24,52565,155,58620,179,0,101,1,178,126,3,"Anderson",76978,536.516926914183,0.159265837773831,232.533970744888,44.1684637169061,15.9265837773831
2021-01-16,6851,65,5448,31,1403,34,6089,34,52808,243,58897,277,1,102,1,179,129,3,"Anderson",76978,478.058666112396,0.155586017820425,359.843072046559,84.4397100470264,15.5586017820425
2021-01-17,6888,37,5468,20,1420,17,6112,23,52912,104,59024,127,0,102,0,179,131,2,"Anderson",76978,448.179999480371,0.153374233128834,164.982202707267,48.065681103692,15.3374233128834
2021-01-18,6907,19,5476,8,1431,11,6122,10,53008,96,59130,106,1,103,0,179,132,1,"Anderson",76978,429.992985008704,0.149093351242445,137.701680999766,24.682376782977,14.9093351242445
2021-01-19,6949,42,5493,17,1456,25,6142,20,53120,112,59262,132,1,104,0,179,134,2,"Anderson",76978,415.703187923822,0.144578313253012,171.477565018577,54.5610434150017,14.4578313253012
2021-01-20,6977,28,5509,16,1468,12,6161,19,53272,152,59433,171,3,107,0,179,137,3,"Anderson",76978,418.301332848346,0.138492871690428,222.141391046793,36.3740289433345,13.8492871690428
2021-01-21,7033,56,5549,40,1484,16,6200,39,53513,241,59713,280,5,112,2,181,138,1,"Anderson",76978,365.039361895607,0.132861635220126,363.740289433345,72.7480578866689,13.2861635220126
2021-01-22,7071,38,5567,18,1504,20,6222,22,53658,145,59880,167,2,114,0,181,141,3,"Anderson",76978,370.235651744654,0.132539682539683,216.945101197745,49.3647535659539,13.2539682539683
2021-01-23,7109,38,5581,14,1528,24,6235,13,53918,260,60153,273,0,114,1,182,141,0,"Anderson",76978,335.160695263582,0.116242038216561,354.646782197511,49.3647535659539,11.6242038216561
2021-01-24,7122,13,5593,12,1529,1,6249,14,53985,67,60234,81,0,114,0,182,143,2,"Anderson",76978,303.982956169295,0.113223140495868,105.224869443218,16.8879420094053,11.3223140495868
2021-01-25,7139,17,5604,11,1535,6,6260,11,54045,60,60305,71,2,116,1,183,145,2,"Anderson",76978,301.384811244771,0.117446808510638,92.2341448205981,22.0842318584531,11.7446808510638
2021-01-26,7166,27,5625,21,1541,6,6285,25,54208,163,60493,188,0,116,1,184,148,3,"Anderson",76978,281.898724310842,0.116165718927701,244.225622905246,35.0749564810725,11.6165718927701
2021-01-27,7183,17,5633,8,1550,9,6294,9,54294,86,60588,95,4,120,0,184,150,2,"Anderson",76978,267.608927225961,0.115151515151515,123.411883914885,22.0842318584531,11.5151515151515
2021-01-28,7270,87,5673,40,1597,47,6341,47,54520,226,60861,273,4,124,0,184,151,1,"Anderson",76978,307.880173556081,0.122822299651568,354.646782197511,113.019304216789,12.2822299651568
2021-01-29,7283,13,5677,4,1606,9,6346,5,54565,45,60911,50,1,125,1,185,151,0,"Anderson",76978,275.403361999532,0.120271580989331,64.9536231130973,16.8879420094053,12.0271580989331
2021-01-30,7323,40,5712,35,1611,5,6382,36,54824,259,61206,295,2,127,2,187,152,1,"Anderson",76978,278.001506924056,0.13960113960114,383.226376367274,51.9628984904778,13.960113960114
2021-01-31,7339,16,5719,7,1620,9,6393,11,54993,169,61386,180,1,128,0,187,154,2,"Anderson",76978,281.898724310842,0.125,233.83304320715,20.7851593961911,12.5
2021-02-01,7359,20,5732,13,1627,7,6406,13,55046,53,61452,66,1,129,1,188,156,2,"Anderson",76978,285.795941697628,0.127288578901482,85.7387825092884,25.9814492452389,12.7288578901482
2021-02-02,7366,7,5738,6,1628,1,6411,5,55114,68,61525,73,5,134,0,188,157,1,"Anderson",76978,259.814492452389,0.122093023255814,94.832289745122,9.09350723583361,12.2093023255814
2021-02-03,7388,22,5744,6,1644,16,6421,10,55306,192,61727,202,4,138,0,188,158,1,"Anderson",76978,266.309854763699,0.111501316944688,262.412637376913,28.5795941697628,11.1501316944688
2021-02-04,7419,31,5759,15,1660,16,6438,17,55630,324,62068,341,2,140,0,188,158,0,"Anderson",76978,193.56179687703,0.0803645401822701,442.983709631323,40.2712463301203,8.03645401822701
2021-02-05,7437,18,5770,11,1667,7,6455,17,55787,157,62242,174,2,142,0,188,159,1,"Anderson",76978,200.05715918834,0.081893313298272,226.038608433578,23.383304320715,8.1893313298272
2021-02-06,7464,27,5786,16,1678,11,6475,20,56009,222,62484,242,1,143,1,189,159,0,"Anderson",76978,183.169217178934,0.0727699530516432,314.375535867391,35.0749564810725,7.27699530516432
2021-02-07,7477,13,5793,7,1684,6,6483,8,56116,107,62599,115,0,143,0,189,159,0,"Anderson",76978,179.271999792148,0.0741962077493817,149.393333160124,16.8879420094053,7.41962077493817
2021-02-08,7502,25,5799,6,1703,19,6488,5,56138,22,62626,27,2,145,0,189,159,0,"Anderson",76978,185.767362103458,0.0698466780238501,35.0749564810725,32.4768115565486,6.98466780238501
2021-02-09,7526,24,5809,10,1717,14,6499,11,56307,169,62806,180,2,147,2,191,159,0,"Anderson",76978,207.851593961911,0.068696330991413,233.83304320715,31.1777390942867,6.8696330991413
2021-02-10,7551,25,5824,15,1727,10,6518,19,56502,195,63020,214,1,148,1,192,159,0,"Anderson",76978,211.748811348697,0.0750193348801237,278.001506924056,32.4768115565486,7.50193348801237
2021-02-11,7564,13,5832,8,1732,5,6529,11,56682,180,63211,191,-1,147,0,192,160,1,"Anderson",76978,188.365507027982,0.0796150481189851,248.122840292031,16.8879420094053,7.96150481189851
2021-02-12,7591,27,5847,15,1744,12,6544,15,56876,194,63420,209,0,147,0,192,160,0,"Anderson",76978,200.05715918834,0.0755517826825127,271.506144612746,35.0749564810725,7.55517826825127
2021-02-13,7618,27,5858,11,1760,16,6554,10,57065,189,63619,199,0,147,0,192,160,0,"Anderson",76978,200.05715918834,0.0696035242290749,258.515419990127,35.0749564810725,6.96035242290749
2021-02-14,7631,13,5867,9,1764,4,6565,11,57126,61,63691,72,2,149,0,192,160,0,"Anderson",76978,200.05715918834,0.0750915750915751,93.53321728286,16.8879420094053,7.50915750915751
2021-02-15,7648,17,5875,8,1773,9,6574,9,57199,73,63773,82,0,149,1,193,161,1,"Anderson",76978,189.664579490244,0.0749782040104621,106.523941905479,22.0842318584531,7.49782040104621
2021-02-16,7677,29,5889,14,1788,15,6591,17,57283,84,63874,101,0,149,0,193,161,0,"Anderson",76978,196.159941801554,0.0861423220973783,131.206318688456,37.6731014055964,8.61423220973783
2021-02-17,7696,19,5901,12,1795,7,6603,12,57391,108,63994,120,0,149,0,193,163,2,"Anderson",76978,188.365507027982,0.0872689938398357,155.888695471433,24.682376782977,8.72689938398357
2021-02-18,7720,24,5923,22,1797,2,6629,26,57547,156,64176,182,0,149,0,193,163,0,"Anderson",76978,202.655304112863,0.103626943005181,236.431188131674,31.1777390942867,10.3626943005181
2021-02-19,7733,13,5934,11,1799,2,6644,15,57593,46,64237,61,0,149,0,193,164,1,"Anderson",76978,184.468289641196,0.122399020807834,79.2434201979787,16.8879420094053,12.2399020807834
2021-02-20,7752,19,5941,7,1811,12,6653,9,57715,122,64368,131,1,150,0,193,165,1,"Anderson",76978,174.075709943101,0.132176234979973,170.178492556315,24.682376782977,13.2176234979973
2021-02-21,7764,12,5948,7,1816,5,6660,7,57779,64,64439,71,2,152,1,194,165,0,"Anderson",76978,172.776637480839,0.127005347593583,92.2341448205981,15.5888695471433,12.7005347593583
2021-02-22,7769,5,5950,2,1819,3,6666,6,57816,37,64482,43,1,153,0,194,166,1,"Anderson",76978,157.187767933695,0.129760225669958,55.8601158772636,6.49536231130973,12.9760225669958
2021-02-23,7793,24,5959,9,1834,15,6674,8,57959,143,64633,151,2,155,0,194,168,2,"Anderson",76978,150.692405622386,0.10935441370224,196.159941801554,31.1777390942867,10.935441370224
2021-02-24,7825,32,5978,19,1847,13,6697,23,58133,174,64830,197,0,155,0,194,168,0,"Anderson",76978,167.580347631791,0.11244019138756,255.917275065603,41.5703187923822,11.244019138756
2021-02-25,7842,17,5986,8,1856,9,6708,11,58260,127,64968,138,1,156,0,194,168,0,"Anderson",76978,158.486840395957,0.0997474747474748,179.271999792148,22.0842318584531,9.97474747474748
2021-02-26,7854,12,5994,8,1860,4,6717,9,58359,99,65076,108,0,156,0,194,168,0,"Anderson",76978,157.187767933695,0.0870083432657926,140.29982592429,15.5888695471433,8.70083432657926
2021-02-27,7863,9,6001,7,1862,2,6723,6,58451,92,65174,98,0,156,0,194,168,0,"Anderson",76978,144.197043311076,0.086848635235732,127.309101301671,11.6916521603575,8.6848635235732
2021-02-28,7877,14,6011,10,1866,4,6734,11,58521,70,65255,81,0,156,0,194,168,0,"Anderson",76978,146.7951882356,0.0906862745098039,105.224869443218,18.1870144716672,9.06862745098039
2021-03-01,7885,8,6016,5,1869,3,6741,7,58556,35,65297,42,0,156,0,194,169,1,"Anderson",76978,150.692405622386,0.0920245398773006,54.5610434150017,10.3925796980956,9.20245398773006
2021-03-02,7908,23,6027,11,1881,12,6751,10,58672,116,65423,126,1,157,1,195,169,0,"Anderson",76978,149.393333160124,0.0974683544303798,163.683130245005,29.8786666320247,9.74683544303798
2021-03-03,7941,33,6048,21,1893,12,6776,25,58788,116,65564,141,1,158,0,195,170,1,"Anderson",76978,150.692405622386,0.107629427792916,183.169217178934,42.8693912546442,10.7629427792916
2021-03-04,7966,25,6061,13,1905,12,6793,17,58951,163,65744,180,0,158,0,195,170,0,"Anderson",76978,161.084985320481,0.109536082474227,233.83304320715,32.4768115565486,10.9536082474227
2021-03-05,7999,33,6078,17,1921,16,6815,22,59085,134,65900,156,0,158,2,197,170,0,"Anderson",76978,188.365507027982,0.118932038834951,202.655304112863,42.8693912546442,11.8932038834951
2021-03-06,8010,11,6083,5,1927,6,6823,8,59174,89,65997,97,0,158,0,197,170,0,"Anderson",76978,190.963651952506,0.121506682867558,126.010028839409,14.2897970848814,12.1506682867558
2021-03-07,8016,6,6086,3,1930,3,6826,3,59213,39,66039,42,0,158,0,197,170,0,"Anderson",76978,180.57107225441,0.11734693877551,54.5610434150017,7.79443477357167,11.734693877551
2021-03-08,8032,16,6093,7,1939,9,6835,9,59290,77,66125,86,1,159,0,197,170,0,"Anderson",76978,190.963651952506,0.113526570048309,111.720231754527,20.7851593961911,11.3526570048309
2021-03-09,8053,21,6101,8,1952,13,6843,8,59355,65,66198,73,0,159,3,200,171,1,"Anderson",76978,188.365507027982,0.118709677419355,94.832289745122,27.2805217075008,11.8709677419355
2021-03-10,8075,22,6114,13,1961,9,6859,16,59512,157,66371,173,0,159,1,201,171,0,"Anderson",76978,174.075709943101,0.102850061957869,224.739535971316,28.5795941697628,10.2850061957869
2021-03-11,8098,23,6124,10,1974,13,6869,10,59609,97,66478,107,0,159,1,202,172,1,"Anderson",76978,171.477565018577,0.103542234332425,139.000753462028,29.8786666320247,10.3542234332425
2021-03-12,8118,20,6141,17,1977,3,6889,20,59715,106,66604,126,0,159,0,202,172,0,"Anderson",76978,154.589623009171,0.105113636363636,163.683130245005,25.9814492452389,10.5113636363636
2021-03-13,8129,11,6145,4,1984,7,6893,4,59791,76,66684,80,0,159,1,203,172,0,"Anderson",76978,154.589623009171,0.101892285298399,103.925796980956,14.2897970848814,10.1892285298399
2021-03-14,8135,6,6149,4,1986,2,6899,6,59827,36,66726,42,0,159,1,204,172,0,"Anderson",76978,154.589623009171,0.106259097525473,54.5610434150017,7.79443477357167,10.6259097525473
2021-03-15,8154,19,6155,6,1999,13,6905,6,59859,32,66764,38,0,159,1,205,172,0,"Anderson",76978,158.486840395957,0.109546165884194,49.3647535659539,24.682376782977,10.9546165884194
2021-03-16,8187,33,6168,13,2019,20,6920,15,59952,93,66872,108,0,159,2,207,172,0,"Anderson",76978,174.075709943101,0.114243323442137,140.29982592429,42.8693912546442,11.4243323442136
2021-03-17,8205,18,6180,12,2025,6,6933,13,60039,87,66972,100,0,159,0,207,173,1,"Anderson",76978,168.879420094053,0.123128119800333,129.907246226195,23.383304320715,12.3128119800333
2021-03-18,8221,16,6192,12,2029,4,6948,15,60120,81,67068,96,1,160,0,207,173,0,"Anderson",76978,159.785912858219,0.133898305084746,124.710956377147,20.7851593961911,13.3898305084746
2021-03-19,8245,24,6206,14,2039,10,6961,13,60239,119,67200,132,0,160,1,208,173,0,"Anderson",76978,164.982202707267,0.120805369127517,171.477565018577,31.1777390942867,12.0805369127517
2021-03-20,8257,12,6212,6,2045,6,6969,8,60278,39,67247,47,0,160,1,209,173,0,"Anderson",76978,166.281275169529,0.134991119005329,61.0564057263114,15.5888695471433,13.4991119005329
2021-03-21,8267,10,6218,6,2049,4,6976,7,60340,62,67316,69,-1,159,0,209,173,0,"Anderson",76978,171.477565018577,0.130508474576271,89.6359998960742,12.9907246226195,13.0508474576271
2021-03-22,8274,7,6219,1,2055,6,6977,1,60406,66,67383,67,0,159,1,210,173,0,"Anderson",76978,155.888695471433,0.116316639741519,87.0378549715503,9.09350723583361,11.6316639741519
2021-03-23,8280,6,6220,1,2060,5,6978,1,60449,43,67427,44,0,159,0,210,174,1,"Anderson",76978,120.813738990361,0.104504504504505,57.1591883395256,7.79443477357167,10.4504504504505
2021-03-24,8288,8,6227,7,2061,1,6985,7,60569,120,67554,127,1,160,0,210,174,0,"Anderson",76978,107.823014367741,0.0893470790378007,164.982202707267,10.3925796980956,8.93470790378007
2021-03-25,8298,10,6232,5,2066,5,6991,6,60670,101,67661,107,0,160,0,210,174,0,"Anderson",76978,100.02857959417,0.0725126475548061,139.000753462028,12.9907246226195,7.25126475548061
2021-03-26,8315,17,6244,12,2071,5,7002,11,60736,66,67738,77,0,160,0,210,175,1,"Anderson",76978,90.9350723583361,0.0762081784386617,100.02857959417,22.0842318584531,7.62081784386617
2021-03-27,8319,4,6248,4,2071,0,7008,6,60800,64,67808,70,1,161,2,212,175,0,"Anderson",76978,80.5424926602406,0.0695187165775401,90.9350723583361,5.19628984904778,6.95187165775401
2021-03-28,8322,3,6248,0,2074,3,7008,0,60829,29,67837,29,1,162,0,212,176,1,"Anderson",76978,71.448985424407,0.0614203454894434,37.6731014055964,3.89721738678583,6.14203454894434
2021-03-29,8338,16,6252,4,2086,12,7012,4,60915,86,67927,90,1,163,0,212,177,1,"Anderson",76978,83.1406375847645,0.0643382352941176,116.916521603575,20.7851593961911,6.43382352941176
2021-03-30,8343,5,6255,3,2088,2,7015,3,60973,58,67988,61,1,164,0,212,177,0,"Anderson",76978,81.8415651225025,0.0659536541889483,79.2434201979787,6.49536231130973,6.59536541889483
2021-03-31,8366,23,6269,14,2097,9,7031,16,61137,164,68168,180,1,165,1,213,177,0,"Anderson",76978,101.327652056432,0.0749185667752443,233.83304320715,29.8786666320247,7.49185667752443
2021-04-01,8376,10,6274,5,2102,5,7035,4,61194,57,68229,61,0,165,0,213,177,0,"Anderson",76978,101.327652056432,0.0774647887323944,79.2434201979787,12.9907246226195,7.74647887323944
2021-04-02,8384,8,6280,6,2104,2,7043,8,61264,70,68307,78,0,165,0,213,177,0,"Anderson",76978,89.6359998960742,0.0720562390158172,101.327652056432,10.3925796980956,7.20562390158172
2021-04-03,8390,6,6285,5,2105,1,7049,6,61314,50,68363,56,0,165,0,213,177,0,"Anderson",76978,92.2341448205981,0.0738738738738739,72.7480578866689,7.79443477357167,7.38738738738739
2021-04-04,8392,2,6287,2,2105,0,7051,2,61352,38,68403,40,0,165,0,213,177,0,"Anderson",76978,90.9350723583361,0.0759717314487632,51.9628984904778,2.59814492452389,7.59717314487632
2021-04-05,8406,14,6290,3,2116,11,7053,2,61410,58,68463,60,0,165,2,215,177,0,"Anderson",76978,88.3369274338123,0.0764925373134328,77.9443477357167,18.1870144716672,7.64925373134328
2021-04-06,8411,5,6294,4,2117,1,7059,6,61452,42,68511,48,0,165,0,215,177,0,"Anderson",76978,88.3369274338123,0.0841300191204589,62.3554781885734,6.49536231130973,8.41300191204589
2021-04-07,8431,20,6307,13,2124,7,7073,14,61610,158,68683,172,0,165,2,217,177,0,"Anderson",76978,84.4397100470264,0.0815533980582524,223.440463509055,25.9814492452389,8.15533980582524
2021-04-08,8434,3,6309,2,2125,1,7076,3,61701,91,68777,94,5,170,1,218,177,0,"Anderson",76978,75.3462028111928,0.0748175182481752,122.112811452623,3.89721738678583,7.48175182481752
2021-04-09,8442,8,6315,6,2127,2,7085,9,61788,87,68873,96,-4,166,0,218,177,0,"Anderson",76978,75.3462028111928,0.0742049469964664,124.710956377147,10.3925796980956,7.42049469964664
2021-04-10,8447,5,6320,5,2127,0,7090,5,61859,71,68949,76,0,166,0,218,177,0,"Anderson",76978,74.0471303489309,0.0699658703071672,98.7295071319078,6.49536231130973,6.99658703071672
2021-04-11,8454,7,6325,5,2129,2,7095,5,61903,44,68998,49,-1,165,0,218,177,0,"Anderson",76978,80.5424926602406,0.0739495798319328,63.6545506508353,9.09350723583361,7.39495798319328
2021-04-12,8457,3,6328,3,2129,0,7098,3,61972,69,69070,72,0,165,0,218,177,0,"Anderson",76978,66.2526955753592,0.0741350906095552,93.53321728286,3.89721738678583,7.41350906095552
2021-04-13,8467,10,6333,5,2134,5,7104,6,62033,61,69137,67,5,170,0,218,177,0,"Anderson",76978,72.7480578866689,0.0718849840255591,87.0378549715503,12.9907246226195,7.18849840255591
2021-04-14,8481,14,6342,9,2139,5,7115,11,62171,138,69286,149,0,170,0,218,177,0,"Anderson",76978,64.9536231130973,0.0696517412935323,193.56179687703,18.1870144716672,6.96517412935323
2021-04-15,8490,9,6347,5,2143,4,7120,5,62252,81,69372,86,0,170,0,218,177,0,"Anderson",76978,72.7480578866689,0.0739495798319328,111.720231754527,11.6916521603575,7.39495798319328
2021-04-16,8503,13,6358,11,2145,2,7133,13,62405,153,69538,166,0,170,0,218,177,0,"Anderson",76978,79.2434201979786,0.0721804511278196,215.646028735483,16.8879420094053,7.21804511278196
2021-04-17,8508,5,6361,3,2147,2,7137,4,62470,65,69607,69,0,170,0,218,177,0,"Anderson",76978,79.2434201979786,0.0714285714285714,89.6359998960742,6.49536231130973,7.14285714285714
2021-04-18,8515,7,6367,6,2148,1,7143,6,62515,45,69658,51,0,170,0,218,177,0,"Anderson",76978,79.2434201979786,0.0727272727272727,66.2526955753592,9.09350723583361,7.27272727272727
2021-04-19,8521,6,6370,3,2151,3,7146,3,62538,23,69684,26,0,170,0,218,178,1,"Anderson",76978,83.1406375847645,0.0781758957654723,33.7758840188106,7.79443477357167,7.81758957654723
2021-04-20,8527,6,6373,3,2154,3,7149,3,62637,99,69786,102,0,170,0,218,178,0,"Anderson",76978,77.9443477357167,0.0693374422187981,132.505391150718,7.79443477357167,6.93374422187981
2021-04-21,8539,12,6379,6,2160,6,7155,6,62791,154,69946,160,1,171,0,218,178,0,"Anderson",76978,75.3462028111928,0.0606060606060606,207.851593961911,15.5888695471433,6.06060606060606
2021-04-22,8557,18,6385,6,2172,12,7162,7,62935,144,70097,151,0,171,0,218,178,0,"Anderson",76978,87.0378549715503,0.0579310344827586,196.159941801554,23.383304320715,5.79310344827586
2021-04-23,8567,10,6390,5,2177,5,7168,6,63100,165,70268,171,0,171,0,218,178,0,"Anderson",76978,83.1406375847645,0.047945205479452,222.141391046793,12.9907246226195,4.7945205479452
2021-04-24,8579,12,6396,6,2183,6,7175,7,63167,67,70342,74,0,171,1,219,178,0,"Anderson",76978,92.2341448205981,0.0517006802721088,96.1313622073839,15.5888695471433,5.17006802721088
2021-04-25,8583,4,6398,2,2185,2,7177,2,63207,40,70384,42,0,171,0,219,178,0,"Anderson",76978,88.3369274338123,0.046831955922865,54.5610434150017,5.19628984904778,4.6831955922865
2021-04-26,8592,9,6402,4,2190,5,7181,4,63282,75,70463,79,0,171,0,219,179,1,"Anderson",76978,92.2341448205981,0.0449293966623877,102.626724518694,11.6916521603575,4.49293966623877
2021-04-27,8602,10,6408,6,2194,4,7187,6,63350,68,70537,74,0,171,0,219,179,0,"Anderson",76978,97.4304346696459,0.0505992010652463,96.1313622073839,12.9907246226195,5.05992010652463
2021-04-28,8619,17,6420,12,2199,5,7200,13,63488,138,70688,151,0,171,1,220,180,1,"Anderson",76978,103.925796980956,0.0606469002695418,196.159941801554,22.0842318584531,6.06469002695418
2021-04-29,8625,6,6422,2,2203,4,7203,3,63637,149,70840,152,0,171,0,220,180,0,"Anderson",76978,88.3369274338123,0.0551816958277254,197.459014263816,7.79443477357167,5.51816958277254
2021-04-30,8633,8,6425,3,2208,5,7207,4,63759,122,70966,126,0,171,0,220,180,0,"Anderson",76978,85.7387825092884,0.0558739255014327,163.683130245005,10.3925796980956,5.58739255014327
2021-05-01,8638,5,6428,3,2210,2,7210,3,63822,63,71032,66,0,171,1,221,180,0,"Anderson",76978,76.6452752734548,0.0507246376811594,85.7387825092884,6.49536231130973,5.07246376811594
2021-05-02,8641,3,6429,1,2212,2,7211,1,63873,51,71084,52,0,171,0,221,180,0,"Anderson",76978,75.3462028111928,0.0485714285714286,67.5517680376211,3.89721738678583,4.85714285714286
2021-05-03,8651,10,6434,5,2217,5,7216,5,63979,106,71195,111,0,171,0,221,180,0,"Anderson",76978,76.6452752734548,0.0478142076502732,144.197043311076,12.9907246226195,4.78142076502732
2021-05-04,8653,2,6434,0,2219,2,7217,1,64055,76,71272,77,0,171,0,221,180,0,"Anderson",76978,66.2526955753592,0.0408163265306122,100.02857959417,2.59814492452389,4.08163265306122
2021-05-05,8661,8,6438,4,2223,4,7220,3,64172,117,71392,120,0,171,0,221,180,0,"Anderson",76978,54.5610434150017,0.0284090909090909,155.888695471433,10.3925796980956,2.84090909090909
2021-05-06,8666,5,6441,3,2225,2,7226,6,64224,52,71450,58,0,171,1,222,180,0,"Anderson",76978,53.2619709527397,0.0377049180327869,75.3462028111928,6.49536231130973,3.77049180327869
2021-05-07,8671,5,6443,2,2228,3,7229,3,64344,120,71573,123,0,171,0,222,180,0,"Anderson",76978,49.3647535659539,0.0362438220757825,159.785912858219,6.49536231130973,3.62438220757825
2021-05-08,8677,6,6446,3,2231,3,7231,2,64413,69,71644,71,0,171,1,223,181,1,"Anderson",76978,50.6638260282159,0.0343137254901961,92.2341448205981,7.79443477357167,3.43137254901961
2021-05-09,8678,1,6446,0,2232,1,7232,1,64441,28,71673,29,0,171,0,223,181,0,"Anderson",76978,48.065681103692,0.0356536502546689,37.6731014055964,1.29907246226194,3.56536502546689
2021-05-10,8683,5,6446,0,2237,5,7232,0,64529,88,71761,88,0,171,0,223,181,0,"Anderson",76978,41.5703187923822,0.0282685512367491,114.318376679051,6.49536231130973,2.82685512367491
2021-05-11,8691,8,6447,1,2244,7,7234,2,64571,42,71805,44,0,171,0,223,182,1,"Anderson",76978,49.3647535659539,0.0318949343339587,57.1591883395256,10.3925796980956,3.18949343339587
2021-05-12,8704,13,6454,7,2250,6,7240,6,64674,103,71914,109,0,171,2,225,182,0,"Anderson",76978,55.8601158772636,0.0383141762452107,141.598898386552,16.8879420094053,3.83141762452107
2021-05-13,8708,4,6456,2,2252,2,7242,2,64777,103,72019,105,0,171,2,227,182,0,"Anderson",76978,54.5610434150017,0.0281195079086116,136.402608537504,5.19628984904778,2.81195079086116
2021-05-14,8716,8,6459,3,2257,5,7247,5,64864,87,72111,92,0,171,0,227,182,0,"Anderson",76978,58.4582608017875,0.033457249070632,119.514666528099,10.3925796980956,3.3457249070632
2021-05-15,8721,5,6461,2,2260,3,7249,2,64929,65,72178,67,0,171,0,227,182,0,"Anderson",76978,57.1591883395256,0.0337078651685393,87.0378549715503,6.49536231130973,3.37078651685393
2021-05-16,8723,2,6462,1,2261,1,7250,1,64965,36,72215,37,0,171,0,227,182,0,"Anderson",76978,58.4582608017875,0.033210332103321,48.065681103692,2.59814492452389,3.3210332103321
2021-05-17,8729,6,6467,5,2262,1,7255,5,65024,59,72279,64,1,172,0,227,182,0,"Anderson",76978,59.7573332640495,0.0444015444015444,83.1406375847645,7.79443477357167,4.44015444015444
2021-05-18,8733,4,6467,0,2266,4,7255,0,65115,91,72370,91,0,172,1,228,182,0,"Anderson",76978,54.5610434150017,0.0371681415929204,118.215594065837,5.19628984904778,3.71681415929204
2021-05-19,8740,7,6472,5,2268,2,7261,6,65233,118,72494,124,0,172,0,228,182,0,"Anderson",76978,46.76660864143,0.0362068965517241,161.084985320481,9.09350723583361,3.62068965517241
2021-05-20,8742,2,6474,2,2268,0,7263,2,65352,119,72615,121,0,172,0,228,182,0,"Anderson",76978,44.1684637169061,0.0352348993288591,157.187767933695,2.59814492452389,3.52348993288591
2021-05-21,8744,2,6474,0,2270,2,7263,0,65422,70,72685,70,0,172,0,228,182,0,"Anderson",76978,36.3740289433345,0.0278745644599303,90.9350723583361,2.59814492452389,2.78745644599303
2021-05-22,8749,5,6476,2,2273,3,7265,2,65462,40,72727,42,0,172,0,228,182,0,"Anderson",76978,36.3740289433345,0.029143897996357,54.5610434150017,6.49536231130973,2.9143897996357
2021-05-23,8749,0,6476,0,2273,0,7265,0,65491,29,72756,29,0,172,0,228,182,0,"Anderson",76978,33.7758840188106,0.0277264325323475,37.6731014055964,0,2.77264325323475
2021-05-24,8757,8,6480,4,2277,4,7268,3,65550,59,72818,62,0,172,0,228,182,0,"Anderson",76978,36.3740289433345,0.0241187384044527,80.5424926602406,10.3925796980956,2.41187384044527
2021-05-25,8759,2,6480,0,2279,2,7269,1,65595,45,72864,46,0,172,0,228,182,0,"Anderson",76978,33.7758840188106,0.0283400809716599,59.7573332640495,2.59814492452389,2.83400809716599
2021-05-26,8766,7,6485,5,2281,2,7275,6,65695,100,72970,106,0,172,0,228,182,0,"Anderson",76978,33.7758840188106,0.0294117647058824,137.701680999766,9.09350723583361,2.94117647058824
2021-05-27,8768,2,6486,1,2282,1,7276,1,65745,50,73021,51,0,172,1,229,182,0,"Anderson",76978,33.7758840188106,0.0320197044334975,66.2526955753592,2.59814492452389,3.20197044334975
2021-05-28,8773,5,6490,4,2283,1,7281,5,65828,83,73109,88,0,172,0,229,182,0,"Anderson",76978,37.6731014055964,0.0424528301886792,114.318376679051,6.49536231130973,4.24528301886792
2021-05-29,8774,1,6490,0,2284,1,7281,0,65865,37,73146,37,0,172,0,229,182,0,"Anderson",76978,32.4768115565486,0.0381861575178998,48.065681103692,1.29907246226194,3.81861575178998
2021-05-30,8777,3,6491,1,2286,2,7282,1,65915,50,73197,51,0,172,0,229,182,0,"Anderson",76978,36.3740289433345,0.0385487528344671,66.2526955753592,3.89721738678583,3.85487528344671
2021-05-31,8781,4,6494,3,2287,1,7285,3,65966,51,73251,54,0,172,0,229,182,0,"Anderson",76978,31.1777390942867,0.0392609699769053,70.149912962145,5.19628984904778,3.92609699769053
2021-06-01,8784,3,6496,2,2288,1,7286,1,66014,48,73300,49,0,172,1,230,182,0,"Anderson",76978,32.4768115565486,0.0389908256880734,63.6545506508353,3.89721738678583,3.89908256880734
2021-06-02,8788,4,6497,1,2291,3,7288,2,66055,41,73343,43,0,172,0,230,182,0,"Anderson",76978,28.5795941697628,0.0348525469168901,55.8601158772636,5.19628984904778,3.48525469168901
2021-06-03,8789,1,6497,0,2292,1,7291,3,66144,89,73435,92,1,173,0,230,183,1,"Anderson",76978,27.2805217075008,0.036231884057971,119.514666528099,1.29907246226194,3.6231884057971
2021-06-04,8790,1,6498,1,2292,0,7293,2,66197,53,73490,55,-1,172,0,230,183,0,"Anderson",76978,22.0842318584531,0.031496062992126,71.448985424407,1.29907246226194,3.1496062992126
2021-06-05,8791,1,6499,1,2292,0,7294,1,66254,57,73548,58,0,172,0,230,183,0,"Anderson",76978,22.0842318584531,0.0323383084577114,75.3462028111928,1.29907246226194,3.23383084577114
2021-06-06,8791,0,6499,0,2292,0,7294,0,66279,25,73573,25,0,172,0,230,183,0,"Anderson",76978,18.1870144716672,0.0319148936170213,32.4768115565486,0,3.19148936170213
2021-06-07,8792,1,6499,0,2293,1,7294,0,66343,64,73637,64,0,172,0,230,183,0,"Anderson",76978,14.2897970848814,0.0233160621761658,83.1406375847645,1.29907246226194,2.33160621761658
2021-06-08,8793,1,6499,0,2294,1,7294,0,66380,37,73674,37,0,172,1,231,184,1,"Anderson",76978,11.6916521603575,0.0213903743315508,48.065681103692,1.29907246226194,2.13903743315508
2021-06-09,8793,0,6499,0,2294,0,7294,0,66461,81,73755,81,0,172,0,231,184,0,"Anderson",76978,6.49536231130972,0.0145631067961165,105.224869443218,0,1.45631067961165
2021-06-10,8797,4,6500,1,2297,3,7295,1,66518,57,73813,58,0,172,0,231,184,0,"Anderson",76978,10.3925796980956,0.0105820105820106,75.3462028111928,5.19628984904778,1.05820105820106
2021-06-11,8798,1,6500,0,2298,1,7296,1,66573,55,73869,56,1,173,0,231,184,0,"Anderson",76978,10.3925796980956,0.0079155672823219,72.7480578866689,1.29907246226194,0.79155672823219
2021-06-12,8799,1,6500,0,2299,1,7297,1,66628,55,73925,56,2,175,0,231,184,0,"Anderson",76978,10.3925796980956,0.00795755968169761,72.7480578866689,1.29907246226194,0.795755968169761
2021-06-13,8800,1,6500,0,2300,1,7298,1,66666,38,73964,39,0,175,0,231,184,0,"Anderson",76978,11.6916521603575,0.010230179028133,50.6638260282159,1.29907246226194,1.0230179028133
2021-06-14,8802,2,6502,2,2300,0,7300,2,66752,86,74052,88,0,175,0,231,184,0,"Anderson",76978,12.9907246226194,0.0144578313253012,114.318376679051,2.59814492452389,1.44578313253012
2021-06-15,8802,0,6502,0,2300,0,7301,1,66783,31,74084,32,0,175,0,231,184,0,"Anderson",76978,11.6916521603575,0.0170731707317073,41.5703187923822,0,1.70731707317073
2021-06-16,8803,1,6503,1,2300,0,7302,1,66826,43,74128,44,0,175,0,231,184,0,"Anderson",76978,12.9907246226194,0.0214477211796247,57.1591883395256,1.29907246226194,2.14477211796247
2021-06-17,8803,0,6503,0,2300,0,7302,0,66912,86,74214,86,0,175,0,231,184,0,"Anderson",76978,7.79443477357167,0.0174563591022444,111.720231754527,0,1.74563591022444
2021-06-18,8805,2,6504,1,2301,1,7306,4,66962,50,74268,54,0,175,0,231,184,0,"Anderson",76978,9.09350723583361,0.025062656641604,70.149912962145,2.59814492452389,2.5062656641604
2021-06-19,8805,0,6504,0,2301,0,7306,0,67010,48,74316,48,0,175,0,231,184,0,"Anderson",76978,7.79443477357167,0.0230179028132992,62.3554781885734,0,2.30179028132992
2021-06-20,8805,0,6504,0,2301,0,7307,1,67033,23,74340,24,0,175,0,231,184,0,"Anderson",76978,6.49536231130972,0.023936170212766,31.1777390942867,0,2.3936170212766
2021-06-21,8806,1,6504,0,2302,1,7307,0,67073,40,74380,40,0,175,0,231,184,0,"Anderson",76978,5.19628984904778,0.0213414634146341,51.9628984904778,1.29907246226194,2.13414634146341
2021-06-22,8810,4,6505,1,2305,3,7307,0,67115,42,74422,42,0,175,1,232,184,0,"Anderson",76978,10.3925796980956,0.0177514792899408,54.5610434150017,5.19628984904778,1.77514792899408
2021-06-23,8811,1,6506,1,2305,0,7308,1,67163,48,74471,49,0,175,0,232,184,0,"Anderson",76978,10.3925796980956,0.0174927113702624,63.6545506508353,1.29907246226194,1.74927113702624
2021-06-24,8811,0,6506,0,2305,0,7309,1,67207,44,74516,45,0,175,0,232,184,0,"Anderson",76978,10.3925796980956,0.0231788079470199,58.4582608017875,0,2.31788079470199
2021-06-25,8812,1,6507,1,2305,0,7310,1,67243,36,74553,37,0,175,0,232,184,0,"Anderson",76978,9.09350723583361,0.0140350877192982,48.065681103692,1.29907246226194,1.40350877192982
2021-06-26,8813,1,6508,1,2305,0,7311,1,67276,33,74587,34,0,175,0,232,184,0,"Anderson",76978,10.3925796980956,0.018450184501845,44.1684637169061,1.29907246226194,1.8450184501845
2021-06-27,8813,0,6508,0,2305,0,7311,0,67308,32,74619,32,0,175,0,232,184,0,"Anderson",76978,10.3925796980956,0.014336917562724,41.5703187923822,0,1.4336917562724
2021-06-28,8814,1,6508,0,2306,1,7312,1,67324,16,74636,17,0,175,0,232,184,0,"Anderson",76978,10.3925796980956,0.01953125,22.0842318584531,1.29907246226194,1.953125
2021-06-29,8817,3,6511,3,2306,0,7315,3,67382,58,74697,61,0,175,0,232,184,0,"Anderson",76978,9.09350723583361,0.0290909090909091,79.2434201979787,3.89721738678583,2.90909090909091
2021-06-30,8817,0,6511,0,2306,0,7315,0,67428,46,74743,46,0,175,0,232,184,0,"Anderson",76978,7.79443477357167,0.0257352941176471,59.7573332640495,0,2.57352941176471
2021-07-01,8818,1,6512,1,2306,0,7316,1,67465,37,74781,38,0,175,0,232,184,0,"Anderson",76978,9.09350723583361,0.0264150943396226,49.3647535659539,1.29907246226194,2.64150943396226
2021-07-02,8818,0,6512,0,2306,0,7316,0,67508,43,74824,43,0,175,0,232,184,0,"Anderson",76978,7.79443477357167,0.022140221402214,55.8601158772636,0,2.2140221402214
2021-07-03,8818,0,6512,0,2306,0,7316,0,67529,21,74845,21,0,175,0,232,184,0,"Anderson",76978,6.49536231130972,0.0193798449612403,27.2805217075008,0,1.93798449612403
2021-07-04,8819,1,6512,0,2307,1,7317,1,67554,25,74871,26,0,175,0,232,184,0,"Anderson",76978,7.79443477357167,0.0238095238095238,33.7758840188106,1.29907246226194,2.38095238095238
2021-07-05,8819,0,6512,0,2307,0,7318,1,67569,15,74887,16,0,175,0,232,184,0,"Anderson",76978,6.49536231130972,0.0239043824701195,20.7851593961911,0,2.39043824701195
2021-07-06,8820,1,6512,0,2308,1,7318,0,67599,30,74917,30,1,176,0,232,184,0,"Anderson",76978,3.89721738678583,0.0136363636363636,38.9721738678584,1.29907246226194,1.36363636363636
2021-07-07,8821,1,6512,0,2309,1,7318,0,67645,46,74963,46,0,176,0,232,184,0,"Anderson",76978,5.19628984904778,0.0136363636363636,59.7573332640495,1.29907246226194,1.36363636363636
2021-07-08,8822,1,6513,1,2309,0,7319,1,67686,41,75005,42,0,176,0,232,184,0,"Anderson",76978,5.19628984904778,0.0133928571428571,54.5610434150017,1.29907246226194,1.33928571428571
2021-07-09,8824,2,6514,1,2310,1,7320,1,67730,44,75050,45,0,176,0,232,184,0,"Anderson",76978,7.79443477357167,0.0176991150442478,58.4582608017875,2.59814492452389,1.76991150442478
2021-07-10,8826,2,6515,1,2311,1,7321,1,67752,22,75073,23,0,176,1,233,184,0,"Anderson",76978,10.3925796980956,0.0219298245614035,29.8786666320247,2.59814492452389,2.19298245614035
2021-07-11,8826,0,6515,0,2311,0,7321,0,67767,15,75088,15,0,176,0,233,184,0,"Anderson",76978,9.09350723583361,0.0184331797235023,19.4860869339292,0,1.84331797235023
2021-07-12,8834,8,6519,4,2315,4,7325,4,67803,36,75128,40,0,176,1,234,184,0,"Anderson",76978,19.4860869339292,0.029045643153527,51.9628984904778,10.3925796980956,2.9045643153527
2021-07-13,8835,1,6519,0,2316,1,7325,0,67824,21,75149,21,0,176,0,234,186,2,"Anderson",76978,19.4860869339292,0.0301724137931034,27.2805217075008,1.29907246226194,3.01724137931034
2021-07-14,8840,5,6524,5,2316,0,7330,5,67877,53,75207,58,0,176,1,235,186,0,"Anderson",76978,24.682376782977,0.0491803278688525,75.3462028111928,6.49536231130973,4.91803278688525
2021-07-15,8843,3,6527,3,2316,0,7332,2,67910,33,75242,35,0,176,0,235,186,0,"Anderson",76978,27.2805217075008,0.0548523206751055,45.4675361791681,3.89721738678583,5.48523206751055
2021-07-16,8853,10,6529,2,2324,8,7333,1,67938,28,75271,29,0,176,0,235,186,0,"Anderson",76978,37.6731014055964,0.0588235294117647,37.6731014055964,12.9907246226195,5.88235294117647
2021-07-17,8858,5,6530,1,2328,4,7334,1,67974,36,75308,37,0,176,0,235,186,0,"Anderson",76978,41.5703187923822,0.0553191489361702,48.065681103692,6.49536231130973,5.53191489361702
2021-07-18,8861,3,6532,2,2329,1,7336,2,67994,20,75330,22,0,176,0,235,186,0,"Anderson",76978,45.4675361791681,0.0619834710743802,28.5795941697628,3.89721738678583,6.19834710743802
2021-07-19,8866,5,6536,4,2330,1,7340,4,68028,34,75368,38,0,176,0,235,186,0,"Anderson",76978,41.5703187923822,0.0625,49.3647535659539,6.49536231130973,6.25
2021-07-20,8881,15,6547,11,2334,4,7351,11,68063,35,75414,46,0,176,1,236,186,0,"Anderson",76978,59.7573332640495,0.0981132075471698,59.7573332640495,19.4860869339292,9.81132075471698
2021-07-21,8888,7,6551,4,2337,3,7356,5,68148,85,75504,90,0,176,0,236,187,1,"Anderson",76978,62.3554781885734,0.0875420875420875,116.916521603575,9.09350723583361,8.75420875420875
2021-07-22,8898,10,6556,5,2342,5,7360,4,68203,55,75563,59,0,176,0,236,187,0,"Anderson",76978,71.448985424407,0.0872274143302181,76.6452752734548,12.9907246226195,8.72274143302181
2021-07-23,8908,10,6560,4,2348,6,7365,5,68274,71,75639,76,0,176,0,236,187,0,"Anderson",76978,71.448985424407,0.0869565217391304,98.7295071319078,12.9907246226195,8.69565217391304
2021-07-24,8916,8,6564,4,2352,4,7369,4,68328,54,75697,58,0,176,0,236,188,1,"Anderson",76978,75.3462028111928,0.089974293059126,75.3462028111928,10.3925796980956,8.9974293059126
2021-07-25,8921,5,6567,3,2354,2,7370,1,68350,22,75720,23,0,176,0,236,188,0,"Anderson",76978,77.9443477357167,0.0871794871794872,29.8786666320247,6.49536231130973,8.71794871794872
2021-07-26,8944,23,6576,9,2368,14,7378,8,68400,50,75778,58,2,178,0,236,188,0,"Anderson",76978,101.327652056432,0.0926829268292683,75.3462028111928,29.8786666320247,9.26829268292683
2021-07-27,8959,15,6581,5,2378,10,7383,5,68453,53,75836,58,0,178,0,236,188,0,"Anderson",76978,101.327652056432,0.0758293838862559,75.3462028111928,19.4860869339292,7.58293838862559
2021-07-28,8979,20,6589,8,2390,12,7395,12,68536,83,75931,95,0,178,0,236,188,0,"Anderson",76978,118.215594065837,0.0913348946135831,123.411883914885,25.9814492452389,9.13348946135831
2021-07-29,8991,12,6599,10,2392,2,7407,12,68585,49,75992,61,0,178,0,236,188,0,"Anderson",76978,120.813738990361,0.10955710955711,79.2434201979787,15.5888695471433,10.955710955711
2021-07-30,9022,31,6620,21,2402,10,7430,23,68633,48,76063,71,0,178,1,237,188,0,"Anderson",76978,148.094260697862,0.153301886792453,92.2341448205981,40.2712463301203,15.3301886792453
2021-07-31,9035,13,6626,6,2409,7,7436,6,68675,42,76111,48,0,178,0,237,188,0,"Anderson",76978,154.589623009171,0.161835748792271,62.3554781885734,16.8879420094053,16.1835748792271
2021-08-01,9054,19,6638,12,2416,7,7451,15,68714,39,76165,54,0,178,0,237,188,0,"Anderson",76978,172.776637480839,0.182022471910112,70.149912962145,24.682376782977,18.2022471910112
2021-08-02,9066,12,6644,6,2422,6,7457,6,68793,79,76250,85,0,178,0,237,188,0,"Anderson",76978,158.486840395957,0.167372881355932,110.421159292265,15.5888695471433,16.7372881355932
2021-08-03,9089,23,6655,11,2434,12,7470,13,68865,72,76335,85,0,178,1,238,188,0,"Anderson",76978,168.879420094053,0.17434869739479,110.421159292265,29.8786666320247,17.434869739479
2021-08-04,9115,26,6677,22,2438,4,7491,21,68967,102,76458,123,0,178,0,238,188,0,"Anderson",76978,176.673854867625,0.182163187855787,159.785912858219,33.7758840188106,18.2163187855787
2021-08-05,9146,31,6694,17,2452,14,7508,17,69064,97,76572,114,0,178,1,239,188,0,"Anderson",76978,201.356231650601,0.174137931034483,148.094260697862,40.2712463301203,17.4137931034483
2021-08-06,9171,25,6710,16,2461,9,7526,18,69207,143,76733,161,0,178,1,240,188,0,"Anderson",76978,193.56179687703,0.143283582089552,209.150666424173,32.4768115565486,14.3283582089552
2021-08-07,9184,13,6716,6,2468,7,7533,7,69282,75,76815,82,0,178,0,240,188,0,"Anderson",76978,193.56179687703,0.137784090909091,106.523941905479,16.8879420094053,13.7784090909091
2021-08-08,9198,14,6724,8,2474,6,7543,10,69334,52,76877,62,0,178,0,240,188,0,"Anderson",76978,187.06643456572,0.129213483146067,80.5424926602406,18.1870144716672,12.9213483146067
2021-08-09,9234,36,6743,19,2491,17,7562,19,69433,99,76995,118,0,178,0,240,188,0,"Anderson",76978,218.244173660007,0.140939597315436,153.29055054691,46.76660864143,14.0939597315436
2021-08-10,9273,39,6763,20,2510,19,7582,20,69533,100,77115,120,0,178,2,242,188,0,"Anderson",76978,239.029333056198,0.143589743589744,155.888695471433,50.6638260282159,14.3589743589744
2021-08-11,9328,55,6788,25,2540,30,7612,30,69665,132,77277,162,0,178,1,243,188,0,"Anderson",76978,276.702434461794,0.147741147741148,210.449738886435,71.448985424407,14.7741147741148
2021-08-12,9376,48,6824,36,2552,12,7649,37,69832,167,77481,204,0,178,0,243,190,2,"Anderson",76978,298.786666320247,0.155115511551155,265.010782301437,62.3554781885734,15.5115511551155
2021-08-13,9439,63,6859,35,2580,28,7687,38,69946,114,77633,152,2,180,1,244,191,1,"Anderson",76978,348.151419886201,0.178888888888889,197.459014263816,81.8415651225025,17.8888888888889
2021-08-14,9489,50,6894,35,2595,15,7719,32,70132,186,77851,218,0,180,0,244,191,0,"Anderson",76978,396.217100989893,0.17953667953668,283.197796773104,64.9536231130973,17.953667953668
2021-08-15,9512,23,6907,13,2605,10,7734,15,70221,89,77955,104,0,180,0,244,191,0,"Anderson",76978,407.908753150251,0.177179962894249,135.103536075242,29.8786666320247,17.7179962894249
2021-08-16,9550,38,6931,24,2619,14,7758,24,70310,89,78068,113,0,180,0,244,192,1,"Anderson",76978,410.506898074775,0.182665424044734,146.7951882356,49.3647535659539,18.2665424044734
2021-08-17,9593,43,6952,21,2641,22,7782,24,70418,108,78200,132,1,181,0,244,192,0,"Anderson",76978,415.703187923822,0.184331797235023,171.477565018577,55.8601158772636,18.4331797235023
2021-08-18,9645,52,6979,27,2666,25,7813,31,70529,111,78342,142,0,181,0,244,193,1,"Anderson",76978,411.805970537037,0.188732394366197,184.468289641196,67.5517680376211,18.8732394366197
2021-08-19,9719,74,7012,33,2707,41,7848,35,70681,152,78529,187,0,181,0,244,193,0,"Anderson",76978,445.581854555847,0.189885496183206,242.926550442984,96.1313622073839,18.9885496183206
2021-08-20,9779,60,7054,42,2725,18,7892,44,70875,194,78767,238,0,181,2,246,193,0,"Anderson",76978,441.684637169061,0.180776014109347,309.179246018343,77.9443477357167,18.0776014109347
2021-08-21,9861,82,7088,34,2773,48,7926,34,71149,274,79075,308,0,181,1,247,193,0,"Anderson",76978,483.254955961444,0.169117647058824,400.114318376679,106.523941905479,16.9117647058824
2021-08-22,9883,22,7109,21,2774,1,7954,28,71305,156,79259,184,0,181,0,247,193,0,"Anderson",76978,481.955883499182,0.168711656441718,239.029333056198,28.5795941697628,16.8711656441718
2021-08-23,9932,49,7124,15,2808,34,7972,18,71440,135,79412,153,0,181,2,249,194,1,"Anderson",76978,496.245680584063,0.15922619047619,198.758086726078,63.6545506508353,15.922619047619
2021-08-24,9977,45,7152,28,2825,17,7996,24,71526,86,79522,110,1,182,0,249,195,1,"Anderson",76978,498.843825508587,0.161875945537065,142.897970848814,58.4582608017875,16.1875945537065
2021-08-25,10048,71,7178,26,2870,45,8018,22,71570,44,79588,66,0,182,1,250,195,0,"Anderson",76978,523.526202291564,0.164526484751204,85.7387825092884,92.2341448205981,16.4526484751204
2021-08-26,10116,68,7214,36,2902,32,8062,44,71742,172,79804,216,1,183,2,252,196,1,"Anderson",76978,515.731767517992,0.167843137254902,280.59965184858,88.3369274338123,16.7843137254902
2021-08-27,10193,77,7271,57,2922,20,8126,64,71919,177,80045,241,0,183,0,252,196,0,"Anderson",76978,537.815999376445,0.183098591549296,313.076463405129,100.02857959417,18.3098591549296
2021-08-28,10250,57,7301,30,2949,27,8165,39,72123,204,80288,243,0,183,0,252,196,0,"Anderson",76978,505.339187819897,0.197032151690025,315.674608329653,74.0471303489309,19.7032151690025
2021-08-29,10313,63,7349,48,2964,15,8217,52,72334,211,80551,263,0,183,1,253,197,1,"Anderson",76978,558.601158772636,0.203560371517028,341.656057574892,81.8415651225025,20.3560371517028
2021-08-30,10384,71,7395,46,2989,25,8265,48,72560,226,80825,274,0,183,3,256,197,0,"Anderson",76978,587.180752942399,0.207360226468507,355.945854659773,92.2341448205981,20.7360226468507
2021-08-31,10517,133,7476,81,3041,52,8351,86,72817,257,81168,343,0,183,0,256,198,1,"Anderson",76978,701.49912962145,0.215674362089915,445.581854555847,172.776637480839,21.5674362089915
2021-09-01,10547,30,7498,22,3049,8,8375,24,72908,91,81283,115,0,183,0,256,199,1,"Anderson",76978,648.23715866871,0.210619469026549,149.393333160124,38.9721738678584,21.0619469026549
2021-09-02,10607,60,7525,27,3082,33,8405,30,73009,101,81414,131,1,184,0,256,199,0,"Anderson",76978,637.844578970615,0.21304347826087,170.178492556315,77.9443477357167,21.304347826087
2021-09-03,10636,29,7543,18,3093,11,8422,17,73082,73,81504,90,0,184,0,256,199,0,"Anderson",76978,575.489100782042,0.202878684030158,116.916521603575,37.6731014055964,20.2878684030158
2021-09-04,10743,107,7612,69,3131,38,8497,75,73403,321,81900,396,0,184,1,257,199,0,"Anderson",76978,640.442723895139,0.205955334987593,514.43269505573,139.000753462028,20.5955334987593
2021-09-05,10855,112,7686,74,3169,38,8573,76,73707,304,82280,380,0,184,1,258,200,1,"Anderson",76978,704.097274545974,0.205899363794101,493.647535659539,145.496115773338,20.5899363794101
2021-09-06,10973,118,7765,79,3208,39,8662,89,74114,407,82776,496,0,184,4,262,201,1,"Anderson",76978,765.153680272286,0.203485392106612,644.339941281925,153.29055054691,20.3485392106612
2021-09-07,11010,37,7785,20,3225,17,8680,18,74213,99,82893,117,0,184,0,262,201,0,"Anderson",76978,640.442723895139,0.190724637681159,151.991478084648,48.065681103692,19.0724637681159
2021-09-08,11051,41,7816,31,3235,10,8713,33,74320,107,83033,140,0,184,2,264,204,3,"Anderson",76978,654.73252098002,0.193142857142857,181.870144716672,53.2619709527397,19.3142857142857
2021-09-09,11110,59,7837,21,3273,38,8731,18,74526,206,83257,224,0,184,1,265,207,3,"Anderson",76978,653.433448517758,0.17688551275095,290.992231546676,76.6452752734548,17.688551275095
2021-09-10,11263,153,7910,73,3353,80,8811,80,74818,292,83629,372,1,185,2,267,208,1,"Anderson",76978,814.51843383824,0.183058823529412,483.254955961443,198.758086726078,18.3058823529412
2021-09-11,11383,120,7977,67,3406,53,8884,73,75164,346,84048,419,0,185,2,269,208,0,"Anderson",76978,831.406375847645,0.180167597765363,544.311361687755,155.888695471433,18.0167597765363
2021-09-12,11421,38,8009,32,3412,6,8919,35,75307,143,84226,178,0,185,4,273,209,1,"Anderson",76978,735.275013640261,0.177800616649538,231.234898282626,49.3647535659539,17.7800616649537
2021-09-13,11507,86,8042,33,3465,53,8952,33,75437,130,84389,163,4,189,3,276,209,0,"Anderson",76978,693.704694847879,0.179789212647241,211.748811348697,111.720231754527,17.9789212647241
2021-09-14,11568,61,8072,30,3496,31,8987,35,75596,159,84583,194,1,190,1,277,209,0,"Anderson",76978,724.882433942165,0.181656804733728,252.020057678817,79.2434201979787,18.1656804733728
2021-09-15,11607,39,8088,16,3519,23,9001,14,75657,61,84658,75,0,190,1,278,210,1,"Anderson",76978,722.284289017641,0.177230769230769,97.4304346696459,50.6638260282159,17.7230769230769
2021-09-16,11696,89,8145,57,3551,32,9060,59,75879,222,84939,281,0,190,1,279,210,0,"Anderson",76978,761.2564628855,0.195600475624257,365.039361895607,115.617449141313,19.5600475624257
2021-09-17,11767,71,8185,40,3582,31,9098,38,76042,163,85140,201,0,190,1,280,214,4,"Anderson",76978,654.73252098002,0.189940436796823,261.113564914651,92.2341448205981,18.9940436796823
2021-09-18,11819,52,8215,30,3604,22,9131,33,76196,154,85327,187,0,190,1,281,215,1,"Anderson",76978,566.395593546208,0.193119624706802,242.926550442984,67.5517680376211,19.3119624706802
2021-09-19,11842,23,8224,9,3618,14,9141,10,76264,68,85405,78,0,190,0,281,215,0,"Anderson",76978,546.909506612279,0.188295165394402,101.327652056432,29.8786666320247,18.8295165394402
2021-09-20,11906,64,8260,36,3646,28,9178,37,76450,186,85628,223,0,190,3,284,215,0,"Anderson",76978,518.329912442516,0.182405165456013,289.693159084414,83.1406375847645,18.2405165456013
2021-09-21,11960,54,8286,26,3674,28,9202,24,76568,118,85770,142,0,190,1,285,216,1,"Anderson",76978,509.236405206682,0.181128896377422,184.468289641196,70.149912962145,18.1128896377422
2021-09-22,12011,51,8320,34,3691,17,9242,40,76840,272,86082,312,0,190,0,285,219,3,"Anderson",76978,524.825274753826,0.169241573033708,405.310608225727,66.2526955753592,16.9241573033708
2021-09-23,12086,75,8368,48,3718,27,9293,51,77048,208,86341,259,2,192,1,286,219,0,"Anderson",76978,506.638260282159,0.166191155492154,336.459767725844,97.4304346696459,16.6191155492154
2021-09-24,12125,39,8388,20,3737,19,9317,24,77188,140,86505,164,2,194,1,287,222,3,"Anderson",76978,465.067941489776,0.16043956043956,213.047883810959,50.6638260282159,16.043956043956
2021-09-25,12135,10,8392,4,3743,6,9323,6,77283,95,86606,101,0,194,0,287,222,0,"Anderson",76978,410.506898074775,0.150117279124316,131.206318688456,12.9907246226195,15.0117279124316
2021-09-26,12153,18,8407,15,3746,3,9341,18,77420,137,86761,155,1,195,0,287,222,0,"Anderson",76978,404.011535763465,0.147492625368732,201.356231650601,23.383304320715,14.7492625368732
2021-09-27,12203,50,8428,21,3775,29,9363,22,77506,86,86869,108,1,196,1,288,223,1,"Anderson",76978,385.824521291798,0.149073327961322,140.29982592429,64.9536231130973,14.9073327961322
2021-09-28,12252,49,8452,24,3800,25,9390,27,77601,95,86991,122,0,196,1,289,223,0,"Anderson",76978,379.329158980488,0.153972153972154,158.486840395957,63.6545506508353,15.3972153972154
2021-09-29,12290,38,8468,16,3822,22,9407,17,77792,191,87199,208,2,198,0,289,225,2,"Anderson",76978,362.441216971083,0.147717099373321,270.207072150485,49.3647535659539,14.7717099373321
2021-09-30,12352,62,8506,38,3846,24,9447,40,77964,172,87411,212,0,198,1,290,226,1,"Anderson",76978,345.553274961677,0.14392523364486,275.403361999532,80.5424926602406,14.392523364486
2021-10-01,12403,51,8533,27,3870,24,9476,29,78115,151,87591,180,0,198,1,291,227,1,"Anderson",76978,361.142144508821,0.146408839779006,233.83304320715,66.2526955753592,14.6408839779006
2021-10-02,12420,17,8540,7,3880,10,9482,6,78195,80,87677,86,1,199,0,291,229,2,"Anderson",76978,370.235651744654,0.148459383753501,111.720231754527,22.0842318584531,14.8459383753501
2021-10-03,12433,13,8549,9,3884,4,9491,9,78293,98,87784,107,4,203,0,291,229,0,"Anderson",76978,363.740289433345,0.146627565982405,139.000753462028,16.8879420094053,14.6627565982405
2021-10-04,12478,45,8572,23,3906,22,9517,26,78413,120,87930,146,1,204,0,291,231,2,"Anderson",76978,357.244927122035,0.145146088595664,189.664579490244,58.4582608017875,14.5146088595664
2021-10-05,12531,53,8601,29,3930,24,9547,30,78541,128,88088,158,2,206,0,291,232,1,"Anderson",76978,362.441216971083,0.143117593436645,205.253449037387,68.8508404998831,14.3117593436645
2021-10-06,12561,30,8624,23,3937,7,9573,26,78706,165,88279,191,1,207,0,291,233,1,"Anderson",76978,352.048637272987,0.153703703703704,248.122840292031,38.9721738678584,15.3703703703704
2021-10-07,12593,32,8646,22,3947,10,9598,25,78845,139,88443,164,0,207,0,291,235,2,"Anderson",76978,313.076463405129,0.146317829457364,213.047883810959,41.5703187923822,14.6317829457364
2021-10-08,12611,18,8651,5,3960,13,9608,10,78975,130,88583,140,1,208,1,292,235,0,"Anderson",76978,270.207072150485,0.133064516129032,181.870144716672,23.383304320715,13.3064516129032
2021-10-09,12626,15,8654,3,3972,12,9615,7,79037,62,88652,69,0,208,0,292,236,1,"Anderson",76978,267.608927225961,0.136410256410256,89.6359998960742,19.4860869339292,13.6410256410256
2021-10-10,12636,10,8662,8,3974,2,9624,9,79124,87,88748,96,0,208,0,292,236,0,"Anderson",76978,263.711709839175,0.137966804979253,124.710956377147,12.9907246226195,13.7966804979253
2021-10-11,12676,40,8676,14,4000,26,9637,13,79225,101,88862,114,0,208,1,293,236,0,"Anderson",76978,257.216347527865,0.128755364806867,148.094260697862,51.9628984904778,12.8755364806867
2021-10-12,12711,35,8700,24,4011,11,9659,22,79324,99,88983,121,2,210,3,296,236,0,"Anderson",76978,233.83304320715,0.125139664804469,157.187767933695,45.4675361791681,12.5139664804469
2021-10-13,12737,26,8714,14,4023,12,9677,18,79436,112,89113,130,0,210,1,297,239,3,"Anderson",76978,228.636753358102,0.124700239808153,168.879420094053,33.7758840188106,12.4700239808153
2021-10-14,12756,19,8724,10,4032,9,9691,14,79539,103,89230,117,1,211,0,297,239,0,"Anderson",76978,211.748811348697,0.118170266836086,151.991478084648,24.682376782977,11.8170266836086
2021-10-15,12779,23,8736,12,4043,11,9704,13,79660,121,89364,134,0,211,1,298,239,0,"Anderson",76978,218.244173660007,0.12291933418694,174.075709943101,29.8786666320247,12.291933418694
2021-10-16,12788,9,8742,6,4046,3,9712,8,79715,55,89427,63,0,211,1,299,239,0,"Anderson",76978,210.449738886435,0.125161290322581,81.8415651225025,11.6916521603575,12.5161290322581
2021-10-17,12790,2,8743,1,4047,1,9713,1,79766,51,89479,52,0,211,0,299,239,0,"Anderson",76978,200.05715918834,0.121751025991792,67.5517680376211,2.59814492452389,12.1751025991792
2021-10-18,12814,24,8753,10,4061,14,9724,11,79834,68,89558,79,1,212,1,300,239,0,"Anderson",76978,179.271999792148,0.125,102.626724518694,31.1777390942867,12.5
2021-10-19,12844,30,8766,13,4078,17,9735,11,79945,111,89680,122,2,214,1,301,239,0,"Anderson",76978,172.776637480839,0.109038737446198,158.486840395957,38.9721738678584,10.9038737446198
2021-10-20,12879,35,8792,26,4087,9,9764,29,80056,111,89820,140,0,214,1,302,240,1,"Anderson",76978,184.468289641196,0.123055162659123,181.870144716672,45.4675361791681,12.3055162659123
2021-10-21,12911,32,8810,18,4101,14,9782,18,80149,93,89931,111,0,214,1,303,241,1,"Anderson",76978,201.356231650601,0.12981455064194,144.197043311076,41.5703187923822,12.981455064194
2021-10-22,12921,10,8817,7,4104,3,9791,9,80225,76,90016,85,0,214,1,304,241,0,"Anderson",76978,184.468289641196,0.133435582822086,110.421159292265,12.9907246226195,13.3435582822086
2021-10-23,12938,17,8821,4,4117,13,9795,4,80278,53,90073,57,0,214,1,305,241,0,"Anderson",76978,194.860869339292,0.128482972136223,74.0471303489309,22.0842318584531,12.8482972136223
2021-10-24,12944,6,8826,5,4118,1,9802,7,80330,52,90132,59,0,214,0,305,242,1,"Anderson",76978,200.05715918834,0.136294027565084,76.6452752734548,7.79443477357167,13.6294027565084
2021-10-25,12969,25,8840,14,4129,11,9817,15,80401,71,90218,86,1,215,2,307,242,0,"Anderson",76978,201.356231650601,0.140909090909091,111.720231754527,32.4768115565486,14.0909090909091
2021-10-26,12981,12,8846,6,4135,6,9823,6,80465,64,90288,70,0,215,0,307,243,1,"Anderson",76978,177.972927329886,0.144736842105263,90.9350723583361,15.5888695471433,14.4736842105263
2021-10-27,12998,17,8856,10,4142,7,9836,13,80586,121,90422,134,1,216,2,309,245,2,"Anderson",76978,154.589623009171,0.119601328903654,174.075709943101,22.0842318584531,11.9601328903654
2021-10-28,13020,22,8870,14,4150,8,9853,17,80668,82,90521,99,1,217,0,309,246,1,"Anderson",76978,141.598898386552,0.120338983050847,128.608173763933,28.5795941697628,12.0338983050847
2021-10-29,13041,21,8881,11,4160,10,9865,12,80782,114,90647,126,0,217,1,310,246,0,"Anderson",76978,155.888695471433,0.117274167987322,163.683130245005,27.2805217075008,11.7274167987322
2021-10-30,13053,12,8885,4,4168,8,9870,5,80869,87,90739,92,0,217,1,311,246,0,"Anderson",76978,149.393333160124,0.112612612612613,119.514666528099,15.5888695471433,11.2612612612613
2021-10-31,13056,3,8887,2,4169,1,9873,3,80908,39,90781,42,0,217,0,311,246,0,"Anderson",76978,145.496115773338,0.10939907550077,54.5610434150017,3.89721738678583,10.939907550077
2021-11-01,13083,27,8892,5,4191,22,9877,4,80996,88,90873,92,1,218,1,312,247,1,"Anderson",76978,148.094260697862,0.0916030534351145,119.514666528099,35.0749564810725,9.16030534351145
2021-11-02,13103,20,8897,5,4206,15,9882,5,81072,76,90954,81,2,220,1,313,247,0,"Anderson",76978,158.486840395957,0.0885885885885886,105.224869443218,25.9814492452389,8.85885885885886
2021-11-03,13133,30,8915,18,4218,12,9900,18,81272,200,91172,218,1,221,0,313,247,0,"Anderson",76978,175.374782405363,0.0853333333333333,283.197796773104,38.9721738678584,8.53333333333333
2021-11-04,13155,22,8930,15,4225,7,9916,16,81405,133,91321,149,0,221,0,313,247,0,"Anderson",76978,175.374782405363,0.07875,193.56179687703,28.5795941697628,7.875
2021-11-05,13165,10,8933,3,4232,7,9917,1,81527,122,91444,123,0,221,0,313,247,0,"Anderson",76978,161.084985320481,0.0652446675031368,159.785912858219,12.9907246226195,6.52446675031368
2021-11-06,13174,9,8937,4,4237,5,9922,5,81614,87,91536,92,0,221,3,316,248,1,"Anderson",76978,157.187767933695,0.0652446675031368,119.514666528099,11.6916521603575,6.52446675031368
2021-11-07,13180,6,8942,5,4238,1,9928,6,81662,48,91590,54,0,221,0,316,248,0,"Anderson",76978,161.084985320481,0.0679851668726823,70.149912962145,7.79443477357167,6.79851668726823
2021-11-08,13205,25,8953,11,4252,14,9941,13,81750,88,91691,101,1,222,0,316,248,0,"Anderson",76978,158.486840395957,0.078239608801956,131.206318688456,32.4768115565486,7.8239608801956
2021-11-09,13228,23,8960,7,4268,16,9947,6,81908,158,91855,164,1,223,0,316,249,1,"Anderson",76978,162.384057782743,0.072142064372919,213.047883810959,29.8786666320247,7.2142064372919
2021-11-10,13246,18,8972,12,4274,6,9960,13,82024,116,91984,129,0,223,1,317,250,1,"Anderson",76978,146.7951882356,0.0738916256157636,167.580347631791,23.383304320715,7.38916256157635
2021-11-11,13269,23,8990,18,4279,5,9978,18,82214,190,92192,208,0,223,0,317,251,1,"Anderson",76978,148.094260697862,0.0711825487944891,270.207072150485,29.8786666320247,7.11825487944891
2021-11-12,13282,13,8998,8,4284,5,9986,8,82347,133,92333,141,0,223,1,318,251,0,"Anderson",76978,151.991478084648,0.077615298087739,183.169217178934,16.8879420094053,7.7615298087739
2021-11-13,13289,7,9002,4,4287,3,9990,4,82398,51,92388,55,3,226,1,319,252,1,"Anderson",76978,149.393333160124,0.07981220657277,71.448985424407,9.09350723583361,7.981220657277
2021-11-14,13291,2,9004,2,4287,0,9993,3,82477,79,92470,82,0,226,0,319,252,0,"Anderson",76978,144.197043311076,0.0738636363636364,106.523941905479,2.59814492452389,7.38636363636364
2021-11-15,13323,32,9018,14,4305,18,10007,14,82562,85,92569,99,0,226,0,319,253,1,"Anderson",76978,153.29055054691,0.0751708428246014,128.608173763933,41.5703187923822,7.51708428246014
2021-11-16,13348,25,9031,13,4317,12,10020,13,82688,126,92708,139,1,227,0,319,254,1,"Anderson",76978,155.888695471433,0.0855803048065651,180.57107225441,32.4768115565486,8.5580304806565
2021-11-17,13365,17,9040,9,4325,8,10029,9,82802,114,92831,123,0,227,2,321,256,2,"Anderson",76978,154.589623009171,0.0814639905548996,159.785912858219,22.0842318584531,8.14639905548996
2021-11-18,13387,22,9053,13,4334,9,10046,17,82937,135,92983,152,4,231,0,321,258,2,"Anderson",76978,153.29055054691,0.0859671302149178,197.459014263816,28.5795941697628,8.59671302149178
2021-11-19,13401,14,9059,6,4342,8,10053,7,83046,109,93099,116,1,232,0,321,258,0,"Anderson",76978,154.589623009171,0.087467362924282,150.692405622386,18.1870144716672,8.7467362924282
2021-11-20,13410,9,9064,5,4346,4,10058,5,83139,93,93197,98,0,232,0,321,259,1,"Anderson",76978,157.187767933695,0.0840543881334982,127.309101301671,11.6916521603575,8.40543881334981
2021-11-21,13422,12,9070,6,4352,6,10064,6,83179,40,93243,46,0,232,0,321,259,0,"Anderson",76978,170.178492556315,0.091849935316947,59.7573332640495,15.5888695471433,9.1849935316947
2021-11-22,13450,28,9087,17,4363,11,10082,18,83301,122,93383,140,1,233,0,321,259,0,"Anderson",76978,164.982202707267,0.0921375921375921,181.870144716672,36.3740289433345,9.21375921375921
2021-11-23,13467,17,9093,6,4374,11,10087,5,83398,97,93485,102,0,233,1,322,261,2,"Anderson",76978,154.589623009171,0.0862290862290862,132.505391150718,22.0842318584531,8.62290862290862
2021-11-24,13492,25,9109,16,4383,9,10099,12,83508,110,93607,122,1,234,1,323,261,0,"Anderson",76978,164.982202707267,0.0902061855670103,158.486840395957,32.4768115565486,9.02061855670103
2021-11-25,13497,5,9111,2,4386,3,10100,1,83553,45,93653,46,0,234,2,325,261,0,"Anderson",76978,142.897970848814,0.0805970149253731,59.7573332640495,6.49536231130973,8.05970149253731
2021-11-26,13504,7,9117,6,4387,1,10109,9,83596,43,93705,52,0,234,0,325,262,1,"Anderson",76978,133.80446361298,0.0924092409240924,67.5517680376211,9.09350723583361,9.24092409240924
2021-11-27,13509,5,9119,2,4390,3,10111,2,83632,36,93743,38,0,234,0,325,262,0,"Anderson",76978,128.608173763933,0.0970695970695971,49.3647535659539,6.49536231130973,9.70695970695971
2021-11-28,13519,10,9120,1,4399,9,10112,1,83670,38,93782,39,0,234,0,325,262,0,"Anderson",76978,126.010028839409,0.0890538033395176,50.6638260282159,12.9907246226195,8.90538033395176
2021-11-29,13546,27,9135,15,4411,12,10128,16,83749,79,93877,95,0,234,0,325,262,0,"Anderson",76978,124.710956377147,0.0931174089068826,123.411883914885,35.0749564810725,9.31174089068826
2021-11-30,13572,26,9148,13,4424,13,10140,12,83851,102,93991,114,0,234,1,326,262,0,"Anderson",76978,136.402608537504,0.104743083003953,148.094260697862,33.7758840188106,10.4743083003953
2021-12-01,13604,32,9167,19,4437,13,10159,19,83958,107,94117,126,0,234,2,328,262,0,"Anderson",76978,145.496115773338,0.117647058823529,163.683130245005,41.5703187923822,11.7647058823529
2021-12-02,13646,42,9191,24,4455,18,10185,26,84096,138,94281,164,0,234,0,328,265,3,"Anderson",76978,193.56179687703,0.135350318471338,213.047883810959,54.5610434150017,13.5350318471338
2021-12-03,13677,31,9209,18,4468,13,10204,19,84283,187,94487,206,1,235,1,329,265,0,"Anderson",76978,224.739535971316,0.121483375959079,267.608927225961,40.2712463301203,12.1483375959079
2021-12-04,13697,20,9222,13,4475,7,10218,14,84352,69,94570,83,0,235,0,329,265,0,"Anderson",76978,244.225622905246,0.129383313180169,107.823014367741,25.9814492452389,12.9383313180169
2021-12-05,13710,13,9224,2,4486,11,10220,2,84394,42,94614,44,0,235,0,329,265,0,"Anderson",76978,248.122840292031,0.129807692307692,57.1591883395256,16.8879420094053,12.9807692307692
2021-12-06,13745,35,9244,20,4501,15,10242,22,84496,102,94738,124,2,237,1,330,265,0,"Anderson",76978,258.515419990127,0.132404181184669,161.084985320481,45.4675361791681,13.2404181184669
2021-12-07,13774,29,9259,15,4515,14,10258,16,84591,95,94849,111,0,237,0,330,265,0,"Anderson",76978,262.412637376913,0.137529137529138,144.197043311076,37.6731014055964,13.7529137529138
2021-12-08,13801,27,9280,21,4521,6,10278,20,84712,121,94990,141,0,237,2,332,265,0,"Anderson",76978,255.917275065603,0.13631156930126,183.169217178934,35.0749564810725,13.631156930126
2021-12-09,13829,28,9296,16,4533,12,10295,17,84922,210,95217,227,0,237,1,333,265,0,"Anderson",76978,237.730260593936,0.117521367521368,294.889448933461,36.3740289433345,11.7521367521368
2021-12-10,13858,29,9313,17,4545,12,10312,17,85075,153,95387,170,0,237,2,335,265,0,"Anderson",76978,235.132115669412,0.12,220.842318584531,37.6731014055964,12
2021-12-11,13867,9,9318,5,4549,4,10318,6,85150,75,95468,81,0,237,0,335,266,1,"Anderson",76978,220.842318584531,0.111358574610245,105.224869443218,11.6916521603575,11.1358574610245
2021-12-12,13887,20,9329,11,4558,9,10329,11,85220,70,95549,81,0,237,0,335,266,0,"Anderson",76978,229.935825820364,0.116577540106952,105.224869443218,25.9814492452389,11.6577540106952
2021-12-13,13916,29,9335,6,4581,23,10336,7,85295,75,95631,82,0,237,0,335,269,3,"Anderson",76978,222.141391046793,0.105263157894737,106.523941905479,37.6731014055964,10.5263157894737
2021-12-14,13930,14,9340,5,4590,9,10342,6,85374,79,95716,85,3,240,1,336,269,0,"Anderson",76978,202.655304112863,0.0968858131487889,110.421159292265,18.1870144716672,9.68858131487889
2021-12-15,13956,26,9354,14,4602,12,10357,15,85503,129,95860,144,0,240,0,336,270,1,"Anderson",76978,201.356231650601,0.0908045977011494,187.06643456572,33.7758840188106,9.08045977011494
2021-12-16,13984,28,9364,10,4620,18,10372,15,85598,95,95970,110,0,240,2,338,270,0,"Anderson",76978,201.356231650601,0.102257636122178,142.897970848814,36.3740289433345,10.2257636122178
2021-12-17,14015,31,9387,23,4628,8,10394,22,85753,155,96147,177,1,241,0,338,271,1,"Anderson",76978,203.954376575125,0.107894736842105,229.935825820364,40.2712463301203,10.7894736842105
2021-12-18,14026,11,9396,9,4630,2,10404,10,85835,82,96239,92,0,241,0,338,271,0,"Anderson",76978,206.552521499649,0.111543450064851,119.514666528099,14.2897970848814,11.1543450064851
2021-12-19,14040,14,9404,8,4636,6,10415,11,85915,80,96330,91,0,241,0,338,271,0,"Anderson",76978,198.758086726078,0.1101152368758,118.215594065837,18.1870144716672,11.01152368758
2021-12-20,14064,24,9420,16,4644,8,10429,14,86001,86,96430,100,0,241,0,338,272,1,"Anderson",76978,192.262724414768,0.11639549436796,129.907246226195,31.1777390942867,11.639549436796
2021-12-21,14092,28,9428,8,4664,20,10440,11,86082,81,96522,92,0,241,0,338,272,0,"Anderson",76978,210.449738886435,0.121588089330025,119.514666528099,36.3740289433345,12.1588089330025
2021-12-22,14140,48,9442,14,4698,34,10451,11,86197,115,96648,126,19,260,1,339,273,1,"Anderson",76978,239.029333056198,0.119289340101523,163.683130245005,62.3554781885734,11.9289340101523
2021-12-23,14167,27,9457,15,4710,12,10468,17,86297,100,96765,117,-1,259,1,340,274,1,"Anderson",76978,237.730260593936,0.120754716981132,151.991478084648,35.0749564810725,12.0754716981132
2021-12-24,14193,26,9472,15,4721,11,10485,17,86384,87,96869,104,0,259,1,341,274,0,"Anderson",76978,231.234898282626,0.126038781163435,135.103536075242,33.7758840188106,12.6038781163435
2021-12-25,14207,14,9479,7,4728,7,10495,10,86442,58,96937,68,1,260,0,341,275,1,"Anderson",76978,235.132115669412,0.130372492836676,88.3369274338123,18.1870144716672,13.0372492836676
2021-12-26,14218,11,9483,4,4735,7,10501,6,86486,44,96987,50,1,261,0,341,275,0,"Anderson",76978,231.234898282626,0.13089802130898,64.9536231130973,14.2897970848814,13.089802130898
2021-12-27,14265,47,9502,19,4763,28,10521,20,86590,104,97111,124,1,262,2,343,276,1,"Anderson",76978,261.113564914651,0.135095447870778,161.084985320481,61.0564057263114,13.5095447870778
2021-12-28,14352,87,9538,36,4814,51,10557,36,86699,109,97256,145,0,262,0,343,276,0,"Anderson",76978,337.758840188106,0.159400544959128,188.365507027982,113.019304216789,15.9400544959128
2021-12-29,14433,81,9582,44,4851,37,10604,47,86857,158,97461,205,2,264,0,343,276,0,"Anderson",76978,380.62823144275,0.188191881918819,266.309854763699,105.224869443218,18.8191881918819
2021-12-30,14525,92,9624,42,4901,50,10642,38,86976,119,97618,157,1,265,0,343,276,0,"Anderson",76978,465.067941489776,0.203985932004689,203.954376575125,119.514666528099,20.3985932004689
2021-12-31,14593,68,9665,41,4928,27,10687,45,87093,117,97780,162,0,265,0,343,277,1,"Anderson",76978,519.628984904778,0.221734357848518,210.449738886435,88.3369274338123,22.1734357848518
2022-01-01,14654,61,9699,34,4955,27,10724,37,87192,99,97916,136,0,265,0,343,277,0,"Anderson",76978,580.685390631089,0.23391215526047,176.673854867625,79.2434201979787,23.391215526047
2022-01-02,14686,32,9722,23,4964,9,10757,33,87308,116,98065,149,0,265,0,343,278,1,"Anderson",76978,607.96591233859,0.23747680890538,193.56179687703,41.5703187923822,23.747680890538
2022-01-03,14747,61,9743,21,5004,40,10780,23,87384,76,98164,99,1,266,0,343,278,0,"Anderson",76978,626.152926810257,0.245963912630579,128.608173763933,79.2434201979787,24.5963912630579
2022-01-04,14873,126,9808,65,5065,61,10843,63,87558,174,98401,237,1,267,0,343,279,1,"Anderson",76978,676.816752838473,0.249781659388646,307.880173556081,163.683130245005,24.9781659388646
2022-01-05,15040,167,9894,86,5146,81,10929,86,87704,146,98633,232,1,268,0,343,280,1,"Anderson",76978,788.536984593001,0.277303754266212,301.384811244771,216.945101197745,27.7303754266212
2022-01-06,15182,142,9966,72,5216,70,11000,71,87824,120,98824,191,1,269,1,344,280,0,"Anderson",76978,853.490607706098,0.296849087893864,248.122840292031,184.468289641196,29.6849087893864
2022-01-07,15324,142,10039,73,5285,69,11078,78,87964,140,99042,218,0,269,1,345,280,0,"Anderson",76978,949.621969913482,0.309825673534073,283.197796773104,184.468289641196,30.9825673534073
2022-01-08,15427,103,10081,42,5346,61,11123,45,88039,75,99162,120,0,269,2,347,282,2,"Anderson",76978,1004.18301332848,0.320224719101124,155.888695471433,133.80446361298,32.0224719101124
2022-01-09,15512,85,10137,56,5375,29,11185,62,88182,143,99367,205,0,269,1,348,282,0,"Anderson",76978,1073.03385382837,0.328725038402458,266.309854763699,110.421159292265,32.8725038402458
2022-01-10,15667,155,10211,74,5456,81,11263,78,88295,113,99558,191,1,270,3,351,284,2,"Anderson",76978,1195.14666528099,0.34648493543759,248.122840292031,201.356231650601,34.648493543759
2022-01-11,15842,175,10320,109,5522,66,11365,102,88436,141,99801,243,0,270,0,351,285,1,"Anderson",76978,1258.80121593182,0.372857142857143,315.674608329653,227.33768089584,37.2857142857143
2022-01-12,16099,257,10483,163,5616,94,11529,164,88627,191,100156,355,0,270,1,352,285,0,"Anderson",76978,1375.7177375354,0.393959290873276,461.17072410299,333.86162280132,39.3959290873276
2022-01-13,16330,231,10634,151,5696,80,11684,155,88859,232,100543,387,4,274,0,352,285,0,"Anderson",76978,1491.33518667671,0.397905759162304,502.741042895373,300.085738782509,39.7905759162304
2022-01-14,16584,254,10777,143,5807,111,11833,149,89015,156,100848,305,2,276,1,353,285,0,"Anderson",76978,1636.83130245005,0.418050941306755,396.217100989893,329.964405414534,41.8050941306755
2022-01-15,16681,97,10836,59,5845,38,11895,62,89133,118,101028,180,1,277,2,355,285,0,"Anderson",76978,1629.03686767648,0.413719185423365,233.83304320715,126.010028839409,41.3719185423366
2022-01-16,16833,152,10964,128,5869,24,12028,133,89330,197,101358,330,0,277,1,356,285,0,"Anderson",76978,1716.07472264803,0.42340532395781,428.693912546442,197.459014263816,42.340532395781
2022-01-17,17013,180,11076,112,5937,68,12144,116,89449,119,101593,235,0,277,2,358,285,0,"Anderson",76978,1748.55153420458,0.432923832923833,305.282028631557,233.83304320715,43.2923832923833
2022-01-18,17229,216,11216,140,6013,76,12287,143,89586,137,101873,280,0,277,0,358,287,2,"Anderson",76978,1801.81350515732,0.444980694980695,363.740289433345,280.59965184858,44.4980694980695
2022-01-19,17532,303,11428,212,6104,91,12502,215,89806,220,102308,435,3,280,0,358,287,0,"Anderson",76978,1861.57083842137,0.452137546468401,565.096521083946,393.618956065369,45.2137546468402
2022-01-20,17830,298,11671,243,6159,55,12764,262,89963,157,102727,419,1,281,2,360,288,1,"Anderson",76978,1948.60869339292,0.494505494505495,544.311361687755,387.12359375406,49.4505494505495
2022-01-21,18076,246,11886,215,6190,31,12989,225,90182,219,103171,444,2,283,1,361,290,2,"Anderson",76978,1938.21611369482,0.497632371932845,576.788173244304,319.571825716438,49.7632371932845
2022-01-22,18204,128,11978,92,6226,36,13093,104,90301,119,103394,223,0,283,0,361,290,0,"Anderson",76978,1978.48736002494,0.506339814032122,289.693159084414,166.281275169529,50.6339814032122
2022-01-23,18332,128,12089,111,6243,17,13207,114,90408,107,103615,221,0,283,0,361,291,1,"Anderson",76978,1947.30962093066,0.522374833850244,287.09501415989,166.281275169529,52.2374833850244
2022-01-24,18599,267,12239,150,6360,117,13368,161,90586,178,103954,339,1,284,1,362,292,1,"Anderson",76978,2060.32892514744,0.518424396442186,440.385564706799,346.852347423939,51.8424396442186
2022-01-25,18783,184,12372,133,6411,51,13513,145,90706,120,104219,265,1,285,0,362,293,1,"Anderson",76978,2018.75860635506,0.522591645353794,344.254202499415,239.029333056198,52.2591645353794
2022-01-26,18989,206,12527,155,6462,51,13680,167,90858,152,104538,319,1,286,2,364,293,0,"Anderson",76978,1892.74857751565,0.528251121076233,414.40411546156,267.608927225961,52.8251121076233
2022-01-27,19212,223,12701,174,6511,49,13860,180,91078,220,104938,400,0,286,0,364,293,0,"Anderson",76978,1795.31814284601,0.495703301673451,519.628984904778,289.693159084414,49.5703301673451
2022-01-28,19402,190,12839,138,6563,52,14004,144,91241,163,105245,307,1,287,1,365,294,1,"Anderson",76978,1722.57008495934,0.489392478302797,398.815245914417,246.82376782977,48.9392478302797
2022-01-29,19546,144,12940,101,6606,43,14110,106,91358,117,105468,223,0,287,0,365,296,2,"Anderson",76978,1743.35524435553,0.490356798457088,289.693159084414,187.06643456572,49.0356798457088
2022-01-30,19613,67,12986,46,6627,21,14160,50,91449,91,105609,141,0,287,2,367,297,1,"Anderson",76978,1664.11182415755,0.477933801404213,183.169217178934,87.0378549715503,47.7933801404213
2022-01-31,19808,195,13106,120,6702,75,14300,140,91599,150,105899,290,4,291,1,368,299,2,"Anderson",76978,1570.57860687469,0.479177377892031,376.731014055964,253.319130141079,47.9177377892031
2022-02-01,19971,163,13201,95,6770,68,14407,107,91719,120,106126,227,1,292,1,369,299,0,"Anderson",76978,1543.29808516719,0.468799160985842,294.889448933461,211.748811348697,46.8799160985842
2022-02-02,20115,144,13288,87,6827,57,14500,93,91860,141,106360,234,1,293,0,369,300,1,"Anderson",76978,1462.75559250695,0.450054884742042,303.982956169295,187.06643456572,45.0054884742042
2022-02-03,20749,634,13380,92,7369,542,14599,99,92068,208,106667,307,2,295,1,370,302,2,"Anderson",76978,1996.67437449661,0.427414690572585,398.815245914417,823.611941074073,42.7414690572585
2022-02-04,20895,146,13490,110,7405,36,14709,110,92192,124,106901,234,0,295,0,370,305,3,"Anderson",76978,1939.51518615708,0.425724637681159,303.982956169295,189.664579490244,42.5724637681159
2022-02-05,20944,49,13516,26,7428,23,14739,30,92268,76,107007,106,0,295,0,370,306,1,"Anderson",76978,1816.1033022422,0.408706952566602,137.701680999766,63.6545506508353,40.8706952566602
2022-02-06,21003,59,13560,44,7443,15,14788,49,92342,74,107130,123,0,295,1,371,308,2,"Anderson",76978,1805.7107225441,0.412886259040105,159.785912858219,76.6452752734548,41.2886259040105
2022-02-07,21087,84,13611,51,7476,33,14844,56,92444,102,107288,158,3,298,0,371,309,1,"Anderson",76978,1661.51367923303,0.391648668106551,205.253449037387,109.122086830003,39.1648668106551
2022-02-08,21172,85,13658,47,7514,38,14901,57,92541,97,107442,154,0,298,0,371,309,0,"Anderson",76978,1560.1860271766,0.375379939209726,200.05715918834,110.421159292265,37.5379939209726
2022-02-09,21271,99,13722,64,7549,35,14975,74,92648,107,107623,181,0,298,0,371,310,1,"Anderson",76978,1501.72776637481,0.376088677751386,235.132115669412,128.608173763933,37.6088677751386
2022-02-10,21359,88,13772,50,7587,38,15029,54,92774,126,107803,180,2,300,0,371,311,1,"Anderson",76978,792.434201979786,0.378521126760563,233.83304320715,114.318376679051,37.8521126760563
2022-02-11,21418,59,13814,42,7604,17,15074,45,92876,102,107950,147,1,301,0,371,311,0,"Anderson",76978,679.414897762997,0.347950428979981,190.963651952506,76.6452752734548,34.7950428979981
2022-02-12,21449,31,13837,23,7612,8,15099,25,92938,62,108037,87,0,301,1,372,311,0,"Anderson",76978,656.031593442282,0.349514563106796,113.019304216789,40.2712463301203,34.9514563106796
2022-02-13,21470,21,13851,14,7619,7,15114,15,92985,47,108099,62,0,301,0,372,312,1,"Anderson",76978,606.666839876328,0.336429308565531,80.5424926602406,27.2805217075008,33.6429308565531
2022-02-14,21521,51,13878,27,7643,24,15150,36,93042,57,108192,93,1,302,0,372,312,0,"Anderson",76978,563.797448621684,0.338495575221239,120.813738990361,66.2526955753592,33.8495575221239
2022-02-15,21577,56,13917,39,7660,17,15195,45,93119,77,108314,122,0,302,0,372,313,1,"Anderson",76978,526.124347216088,0.337155963302752,158.486840395957,72.7480578866689,33.7155963302752
2022-02-16,21639,62,13950,33,7689,29,15226,31,93211,92,108437,123,0,302,0,372,313,0,"Anderson",76978,478.058666112396,0.308353808353808,159.785912858219,80.5424926602406,30.8353808353808
2022-02-17,21687,48,13983,33,7704,15,15261,35,93305,94,108566,129,0,302,0,372,314,1,"Anderson",76978,426.095767621918,0.304062909567497,167.580347631791,62.3554781885734,30.4062909567497
2022-02-18,21735,48,14014,31,7721,17,15298,37,93377,72,108675,109,0,302,0,372,315,1,"Anderson",76978,411.805970537037,0.308965517241379,141.598898386552,62.3554781885734,30.8965517241379
2022-02-19,21761,26,14024,10,7737,16,15309,11,93432,55,108741,66,0,302,0,372,317,2,"Anderson",76978,405.310608225727,0.298295454545455,85.7387825092884,33.7758840188106,29.8295454545455
2022-02-20,21771,10,14027,3,7744,7,15311,2,93469,37,108780,39,0,302,0,372,317,0,"Anderson",76978,391.020811140845,0.28928046989721,50.6638260282159,12.9907246226195,28.928046989721
2022-02-21,21787,16,14036,9,7751,7,15321,10,93498,29,108819,39,0,302,2,374,318,1,"Anderson",76978,345.553274961677,0.272727272727273,50.6638260282159,20.7851593961911,27.2727272727273
2022-02-22,21822,35,14051,15,7771,20,15339,18,93575,77,108914,95,2,304,0,374,318,0,"Anderson",76978,318.272753254177,0.24,123.411883914885,45.4675361791681,24
2022-02-23,21857,35,14068,17,7789,18,15358,19,93641,66,108999,85,4,308,0,374,319,1,"Anderson",76978,283.197796773104,0.234875444839858,110.421159292265,45.4675361791681,23.4875444839858
2022-02-24,21885,28,14082,14,7803,14,15375,17,93719,78,109094,95,1,309,0,374,320,1,"Anderson",76978,257.216347527865,0.215909090909091,123.411883914885,36.3740289433345,21.5909090909091
2022-02-25,21898,13,14088,6,7810,7,15381,6,93786,67,109167,73,-1,308,0,374,320,0,"Anderson",76978,211.748811348697,0.16869918699187,94.832289745122,16.8879420094053,16.869918699187
2022-02-26,21911,13,14093,5,7818,8,15388,7,93831,45,109219,52,0,308,1,375,320,0,"Anderson",76978,194.860869339292,0.165271966527197,67.5517680376211,16.8879420094053,16.5271966527197
2022-02-27,21911,0,14093,0,7818,0,15389,1,93848,17,109237,18,0,308,0,375,320,0,"Anderson",76978,181.870144716672,0.170678336980306,23.383304320715,0,17.0678336980306
2022-02-28,21929,18,14102,9,7827,9,15401,12,93905,57,109306,69,0,308,0,375,320,0,"Anderson",76978,184.468289641196,0.164271047227926,89.6359998960742,23.383304320715,16.4271047227926
2022-03-01,21942,13,14109,7,7833,6,15409,8,93950,45,109359,53,-1,307,0,375,322,2,"Anderson",76978,155.888695471433,0.157303370786517,68.8508404998831,16.8879420094053,15.7303370786517
2022-03-02,21952,10,14115,6,7837,4,15417,8,94003,53,109420,61,2,309,0,375,323,1,"Anderson",76978,123.411883914885,0.140142517814727,79.2434201979787,12.9907246226195,14.0142517814727
2022-03-03,21962,10,14117,2,7845,8,15419,2,94047,44,109466,46,2,311,0,375,323,0,"Anderson",76978,100.02857959417,0.118279569892473,59.7573332640495,12.9907246226195,11.8279569892473
2022-03-04,21971,9,14120,3,7851,6,15424,5,94111,64,109535,69,0,311,0,375,324,1,"Anderson",76978,94.832289745122,0.116847826086957,89.6359998960742,11.6916521603575,11.6847826086957
2022-03-05,21976,5,14121,1,7855,4,15425,1,94152,41,109577,42,0,311,0,375,325,1,"Anderson",76978,84.4397100470264,0.103351955307263,54.5610434150017,6.49536231130973,10.3351955307263
2022-03-06,21978,2,14122,1,7856,1,15426,1,94176,24,109602,25,0,311,1,376,326,1,"Anderson",76978,87.0378549715503,0.101369863013699,32.4768115565486,2.59814492452389,10.1369863013699
2022-03-07,21991,13,14124,2,7867,11,15428,2,94209,33,109637,35,1,312,0,376,326,0,"Anderson",76978,80.5424926602406,0.081570996978852,45.4675361791681,16.8879420094053,8.1570996978852
2022-03-08,22042,51,14126,2,7916,49,15431,3,94239,30,109670,33,0,312,0,376,327,1,"Anderson",76978,129.907246226195,0.0707395498392283,42.8693912546442,66.2526955753592,7.07395498392283
2022-03-09,22049,7,14132,6,7917,1,15436,5,94277,38,109713,43,0,312,0,376,327,0,"Anderson",76978,126.010028839409,0.0648464163822526,55.8601158772636,9.09350723583361,6.48464163822526
2022-03-10,22054,5,14136,4,7918,1,15443,7,94323,46,109766,53,3,315,0,376,327,0,"Anderson",76978,119.514666528099,0.08,68.8508404998831,6.49536231130973,8
2022-03-11,22060,6,14136,0,7924,6,15444,1,94362,39,109806,40,1,316,1,377,327,0,"Anderson",76978,115.617449141313,0.0738007380073801,51.9628984904778,7.79443477357167,7.38007380073801
2022-03-12,22060,0,14136,0,7924,0,15444,0,94384,22,109828,22,0,316,0,377,329,2,"Anderson",76978,109.122086830003,0.0756972111553785,28.5795941697628,0,7.56972111553785
2022-03-13,22063,3,14138,2,7925,1,15445,1,94428,44,109873,45,1,317,0,377,329,0,"Anderson",76978,110.421159292265,0.0701107011070111,58.4582608017875,3.89721738678583,7.01107011070111
2022-03-14,22070,7,14142,4,7928,3,15452,7,94454,26,109906,33,2,319,1,378,329,0,"Anderson",76978,102.626724518694,0.0892193308550186,42.8693912546442,9.09350723583361,8.92193308550186
2022-03-15,22074,4,14143,1,7931,3,15452,0,94476,22,109928,22,0,319,0,378,330,1,"Anderson",76978,41.5703187923822,0.0813953488372093,28.5795941697628,5.19628984904778,8.13953488372093
2022-03-16,22076,2,14145,2,7931,0,15455,3,94500,24,109955,27,1,320,0,378,330,0,"Anderson",76978,35.0749564810725,0.0785123966942149,35.0749564810725,2.59814492452389,7.85123966942149
2022-03-17,22076,0,14145,0,7931,0,15457,2,94529,29,109986,31,0,320,0,378,330,0,"Anderson",76978,28.5795941697628,0.0636363636363636,40.2712463301203,0,6.36363636363636
2022-03-18,22078,2,14147,2,7931,0,15459,2,94573,44,110032,46,0,320,0,378,331,1,"Anderson",76978,23.383304320715,0.0663716814159292,59.7573332640495,2.59814492452389,6.63716814159292
2022-03-19,22078,0,14147,0,7931,0,15459,0,94593,20,110052,20,0,320,0,378,331,0,"Anderson",76978,23.383304320715,0.0669642857142857,25.9814492452389,0,6.69642857142857
2022-03-20,22083,5,14151,4,7932,1,15464,5,94612,19,110076,24,0,320,0,378,332,1,"Anderson",76978,25.9814492452389,0.0935960591133005,31.1777390942867,6.49536231130973,9.35960591133005
2022-03-21,22084,1,14151,0,7933,1,15464,0,94625,13,110089,13,2,322,0,378,332,0,"Anderson",76978,18.1870144716672,0.0655737704918033,16.8879420094053,1.29907246226194,6.55737704918033
2022-03-22,22084,0,14151,0,7933,0,15465,1,94631,6,110096,7,0,322,0,378,332,0,"Anderson",76978,12.9907246226194,0.0773809523809524,9.09350723583361,0,7.73809523809524
2022-03-23,22086,2,14153,2,7933,0,15467,2,94656,25,110123,27,0,322,0,378,333,1,"Anderson",76978,12.9907246226194,0.0714285714285714,35.0749564810725,2.59814492452389,7.14285714285714
2022-03-24,22087,1,14153,0,7934,1,15468,1,94672,16,110140,17,0,322,0,378,334,1,"Anderson",76978,14.2897970848814,0.0714285714285714,22.0842318584531,1.29907246226194,7.14285714285714
2022-03-25,22088,1,14154,1,7934,0,15470,2,94695,23,110165,25,0,322,0,378,334,0,"Anderson",76978,12.9907246226194,0.0827067669172932,32.4768115565486,1.29907246226194,8.27067669172932
2022-03-26,22089,1,14155,1,7934,0,15471,1,94714,19,110185,20,0,322,0,378,334,0,"Anderson",76978,14.2897970848814,0.0902255639097744,25.9814492452389,1.29907246226194,9.02255639097744
2022-03-27,22089,0,14155,0,7934,0,15471,0,94725,11,110196,11,0,322,0,378,334,0,"Anderson",76978,7.79443477357167,0.0583333333333333,14.2897970848814,0,5.83333333333333
2022-03-28,22093,4,14158,3,7935,1,15474,3,94769,44,110243,47,1,323,0,378,336,2,"Anderson",76978,11.6916521603575,0.0649350649350649,61.0564057263114,5.19628984904778,6.49350649350649
2022-03-29,22093,0,14158,0,7935,0,15474,0,94782,13,110256,13,1,324,0,378,337,1,"Anderson",76978,11.6916521603575,0.05625,16.8879420094053,0,5.625
2022-03-30,22095,2,14158,0,7937,2,15475,1,94805,23,110280,24,1,325,0,378,337,0,"Anderson",76978,11.6916521603575,0.0509554140127389,31.1777390942867,2.59814492452389,5.09554140127389
2022-03-31,22097,2,14159,1,7938,1,15476,1,94825,20,110301,21,0,325,0,378,337,0,"Anderson",76978,12.9907246226194,0.0496894409937888,27.2805217075008,2.59814492452389,4.96894409937888
2022-04-01,22100,3,14160,1,7940,2,15477,1,94862,37,110339,38,3,328,0,378,337,0,"Anderson",76978,15.5888695471433,0.0402298850574713,49.3647535659539,3.89721738678583,4.02298850574713
2022-04-02,22101,1,14161,1,7940,0,15479,2,94882,20,110361,22,0,328,0,378,337,0,"Anderson",76978,15.5888695471433,0.0454545454545455,28.5795941697628,1.29907246226194,4.54545454545455
2022-04-03,22101,0,14161,0,7940,0,15479,0,94894,12,110373,12,0,328,0,378,337,0,"Anderson",76978,15.5888695471433,0.0451977401129944,15.5888695471433,0,4.51977401129944
2022-04-04,22103,2,14162,1,7941,1,15480,1,94913,19,110393,20,0,328,0,378,337,0,"Anderson",76978,12.9907246226194,0.04,25.9814492452389,2.59814492452389,4
2022-04-05,22109,6,14163,1,7946,5,15481,1,94932,19,110413,20,3,331,0,378,338,1,"Anderson",76978,20.7851593961911,0.0445859872611465,25.9814492452389,7.79443477357167,4.45859872611465
2022-04-06,22112,3,14166,3,7946,0,15485,4,94956,24,110441,28,0,331,0,378,338,0,"Anderson",76978,22.0842318584531,0.062111801242236,36.3740289433345,3.89721738678583,6.2111801242236
2022-04-07,22115,3,14166,0,7949,3,15485,0,94979,23,110464,23,1,332,0,378,338,0,"Anderson",76978,23.383304320715,0.0552147239263804,29.8786666320247,3.89721738678583,5.52147239263804
2022-04-08,22116,1,14166,0,7950,1,15485,0,95010,31,110495,31,1,333,0,378,338,0,"Anderson",76978,20.7851593961911,0.0512820512820513,40.2712463301203,1.29907246226194,5.12820512820513
2022-04-09,22116,0,14166,0,7950,0,15485,0,95020,10,110505,10,0,333,0,378,338,0,"Anderson",76978,19.4860869339292,0.0416666666666667,12.9907246226195,0,4.16666666666667
2022-04-10,22116,0,14166,0,7950,0,15485,0,95030,10,110515,10,0,333,0,378,338,0,"Anderson",76978,19.4860869339292,0.0422535211267606,12.9907246226195,0,4.22535211267606
2022-04-11,22119,3,14166,0,7953,3,15485,0,95048,18,110533,18,0,333,0,378,338,0,"Anderson",76978,20.7851593961911,0.0357142857142857,23.383304320715,3.89721738678583,3.57142857142857
2022-04-12,22123,4,14169,3,7954,1,15489,4,95066,18,110555,22,1,334,0,378,339,1,"Anderson",76978,18.1870144716672,0.0563380281690141,28.5795941697628,5.19628984904778,5.63380281690141
2022-04-13,22126,3,14170,1,7956,2,15490,1,95088,22,110578,23,0,334,0,378,339,0,"Anderson",76978,18.1870144716672,0.0364963503649635,29.8786666320247,3.89721738678583,3.64963503649635
2022-04-14,22129,3,14170,0,7959,3,15490,0,95104,16,110594,16,0,334,0,378,339,0,"Anderson",76978,18.1870144716672,0.0384615384615385,20.7851593961911,3.89721738678583,3.84615384615385
2022-04-15,22133,4,14173,3,7960,1,15494,4,95124,20,110618,24,0,334,0,378,339,0,"Anderson",76978,22.0842318584531,0.0731707317073171,31.1777390942867,5.19628984904778,7.31707317073171
2022-04-16,22134,1,14173,0,7961,1,15494,0,95138,14,110632,14,0,334,0,378,339,0,"Anderson",76978,23.383304320715,0.0708661417322835,18.1870144716672,1.29907246226194,7.08661417322835
2022-04-17,22136,2,14173,0,7963,2,15495,1,95153,15,110648,16,0,334,0,378,339,0,"Anderson",76978,25.9814492452389,0.075187969924812,20.7851593961911,2.59814492452389,7.5187969924812
2022-04-18,22142,6,14175,2,7967,4,15497,2,95173,20,110670,22,-1,333,0,378,339,0,"Anderson",76978,29.8786666320247,0.0875912408759124,28.5795941697628,7.79443477357167,8.75912408759124
2022-04-19,22146,4,14176,1,7970,3,15498,1,95186,13,110684,14,0,333,0,378,339,0,"Anderson",76978,29.8786666320247,0.0697674418604651,18.1870144716672,5.19628984904778,6.97674418604651
2022-04-20,22152,6,14178,2,7974,4,15500,2,95219,33,110719,35,1,334,0,378,339,0,"Anderson",76978,33.7758840188106,0.0709219858156028,45.4675361791681,7.79443477357167,7.09219858156028
2022-04-21,22155,3,14179,1,7976,2,15501,1,95245,26,110746,27,0,334,0,378,339,0,"Anderson",76978,33.7758840188106,0.0723684210526316,35.0749564810725,3.89721738678583,7.23684210526316
2022-04-22,22157,2,14180,1,7977,1,15502,1,95277,32,110779,33,0,334,0,378,339,0,"Anderson",76978,31.1777390942867,0.0496894409937888,42.8693912546442,2.59814492452389,4.96894409937888
2022-04-23,22159,2,14182,2,7977,0,15503,1,95302,25,110805,26,0,334,0,378,339,0,"Anderson",76978,32.4768115565486,0.0520231213872832,33.7758840188106,2.59814492452389,5.20231213872832
2022-04-24,22162,3,14182,0,7980,3,15503,0,95319,17,110822,17,0,334,0,378,339,0,"Anderson",76978,33.7758840188106,0.0459770114942529,22.0842318584531,3.89721738678583,4.59770114942529
2022-04-25,22180,18,14184,2,7996,16,15505,2,95330,11,110835,13,0,334,0,378,340,1,"Anderson",76978,49.3647535659539,0.0484848484848485,16.8879420094053,23.383304320715,4.84848484848485
2022-04-26,22194,14,14189,5,8005,9,15511,6,95351,21,110862,27,0,334,0,378,340,0,"Anderson",76978,62.3554781885734,0.0730337078651685,35.0749564810725,18.1870144716672,7.30337078651685
2022-04-27,22208,14,14194,5,8014,9,15516,5,95387,36,110903,41,0,334,0,378,341,1,"Anderson",76978,72.7480578866689,0.0869565217391304,53.2619709527397,18.1870144716672,8.69565217391304
2022-04-28,22213,5,14196,2,8017,3,15518,2,95410,23,110928,25,0,334,0,378,341,0,"Anderson",76978,75.3462028111928,0.0934065934065934,32.4768115565486,6.49536231130973,9.34065934065934
2022-04-29,22219,6,14197,1,8022,5,15519,1,95431,21,110950,22,0,334,0,378,341,0,"Anderson",76978,80.5424926602406,0.0994152046783626,28.5795941697628,7.79443477357167,9.94152046783626
2022-04-30,22221,2,14198,1,8023,1,15519,0,95460,29,110979,29,0,334,0,378,341,0,"Anderson",76978,80.5424926602406,0.0919540229885057,37.6731014055964,2.59814492452389,9.19540229885057
2022-05-01,22223,2,14198,0,8025,2,15519,0,95468,8,110987,8,0,334,0,378,341,0,"Anderson",76978,79.2434201979786,0.096969696969697,10.3925796980956,2.59814492452389,9.6969696969697
2022-05-02,22231,8,14203,5,8028,3,15523,4,95499,31,111022,35,0,334,0,378,341,0,"Anderson",76978,66.2526955753592,0.0962566844919786,45.4675361791681,10.3925796980956,9.62566844919786
2022-05-03,22237,6,14208,5,8029,1,15528,5,95510,11,111038,16,0,334,0,378,341,0,"Anderson",76978,55.8601158772636,0.0965909090909091,20.7851593961911,7.79443477357167,9.65909090909091
2022-05-04,22249,12,14212,4,8037,8,15533,5,95534,24,111067,29,0,334,0,378,341,0,"Anderson",76978,53.2619709527397,0.103658536585366,37.6731014055964,15.5888695471433,10.3658536585366
2022-05-05,22257,8,14218,6,8039,2,15539,6,95552,18,111091,24,0,334,0,378,341,0,"Anderson",76978,57.1591883395256,0.128834355828221,31.1777390942867,10.3925796980956,12.8834355828221
2022-05-06,22258,1,14218,0,8040,1,15539,0,95576,24,111115,24,0,334,0,378,341,0,"Anderson",76978,50.6638260282159,0.121212121212121,31.1777390942867,1.29907246226194,12.1212121212121
2022-05-07,22267,9,14222,4,8045,5,15543,4,95592,16,111135,20,0,334,0,378,342,1,"Anderson",76978,59.7573332640495,0.153846153846154,25.9814492452389,11.6916521603575,15.3846153846154
2022-05-08,22268,1,14222,0,8046,1,15543,0,95606,14,111149,14,0,334,0,378,342,0,"Anderson",76978,58.4582608017875,0.148148148148148,18.1870144716672,1.29907246226194,14.8148148148148
2022-05-09,22274,6,14224,2,8050,4,15544,1,95621,15,111165,16,0,334,0,378,342,0,"Anderson",76978,55.8601158772636,0.146853146853147,20.7851593961911,7.79443477357167,14.6853146853147
2022-05-10,22284,10,14226,2,8058,8,15547,3,95653,32,111200,35,1,335,0,378,342,0,"Anderson",76978,61.0564057263114,0.117283950617284,45.4675361791681,12.9907246226195,11.7283950617284
2022-05-11,22297,13,14236,10,8061,3,15559,12,95671,18,111230,30,0,335,0,378,342,0,"Anderson",76978,62.3554781885734,0.159509202453988,38.9721738678584,16.8879420094053,15.9509202453988
2022-05-12,22303,6,14241,5,8062,1,15564,5,95699,28,111263,33,0,335,0,378,342,0,"Anderson",76978,59.7573332640495,0.145348837209302,42.8693912546442,7.79443477357167,14.5348837209302
2022-05-13,22311,8,14246,5,8065,3,15569,5,95735,36,111304,41,2,337,0,378,343,1,"Anderson",76978,68.8508404998831,0.158730158730159,53.2619709527397,10.3925796980956,15.8730158730159
2022-05-14,22314,3,14248,2,8066,1,15571,2,95744,9,111315,11,0,337,0,378,343,0,"Anderson",76978,61.0564057263114,0.155555555555556,14.2897970848814,3.89721738678583,15.5555555555556
2022-05-15,22318,4,14248,0,8070,4,15571,0,95758,14,111329,14,0,337,0,378,343,0,"Anderson",76978,64.9536231130973,0.155555555555556,18.1870144716672,5.19628984904778,15.5555555555556
2022-05-16,22328,10,14254,6,8074,4,15576,5,95781,23,111357,28,0,337,0,378,343,0,"Anderson",76978,70.149912962145,0.166666666666667,36.3740289433345,12.9907246226195,16.6666666666667
2022-05-17,22341,13,14263,9,8078,4,15586,10,95808,27,111394,37,2,339,0,378,343,0,"Anderson",76978,74.0471303489309,0.201030927835052,48.065681103692,16.8879420094053,20.1030927835052
2022-05-18,22349,8,14270,7,8079,1,15594,8,95835,27,111429,35,0,339,0,378,344,1,"Anderson",76978,67.5517680376211,0.175879396984925,45.4675361791681,10.3925796980956,17.5879396984925
2022-05-19,22359,10,14277,7,8082,3,15602,8,95862,27,111464,35,1,340,0,378,344,0,"Anderson",76978,72.7480578866689,0.189054726368159,45.4675361791681,12.9907246226195,18.9054726368159
2022-05-20,22371,12,14286,9,8085,3,15611,9,95891,29,111502,38,0,340,0,378,344,0,"Anderson",76978,77.9443477357167,0.212121212121212,49.3647535659539,15.5888695471433,21.2121212121212
2022-05-21,22377,6,14292,6,8085,0,15617,6,95917,26,111534,32,0,340,0,378,344,0,"Anderson",76978,81.8415651225025,0.210045662100457,41.5703187923822,7.79443477357167,21.0045662100457
2022-05-22,22386,9,14298,6,8088,3,15623,6,95942,25,111565,31,1,341,0,378,344,0,"Anderson",76978,88.3369274338123,0.220338983050847,40.2712463301203,11.6916521603575,22.0338983050847
2022-05-23,22397,11,14307,9,8090,2,15630,7,95975,33,111605,40,0,341,0,378,344,0,"Anderson",76978,89.6359998960742,0.217741935483871,51.9628984904778,14.2897970848814,21.7741935483871
2022-05-24,22418,21,14314,7,8104,14,15638,8,95996,21,111634,29,0,341,0,378,344,0,"Anderson",76978,100.02857959417,0.216666666666667,37.6731014055964,27.2805217075008,21.6666666666667
2022-05-25,22430,12,14320,6,8110,6,15644,6,96029,33,111673,39,1,342,0,378,344,0,"Anderson",76978,105.224869443218,0.204918032786885,50.6638260282159,15.5888695471433,20.4918032786885
2022-05-26,22447,17,14328,8,8119,9,15654,10,96070,41,111724,51,0,342,0,378,344,0,"Anderson",76978,114.318376679051,0.2,66.2526955753592,22.0842318584531,20
2022-05-27,22462,15,14337,9,8125,6,15663,9,96116,46,111779,55,0,342,0,378,344,0,"Anderson",76978,118.215594065837,0.187725631768953,71.448985424407,19.4860869339292,18.7725631768953
2022-05-28,22471,9,14343,6,8128,3,15669,6,96167,51,111836,57,0,342,0,378,344,0,"Anderson",76978,122.112811452623,0.172185430463576,74.0471303489309,11.6916521603575,17.2185430463576
2022-05-29,22479,8,14345,2,8134,6,15671,2,96189,22,111860,24,0,342,0,378,344,0,"Anderson",76978,120.813738990361,0.16271186440678,31.1777390942867,10.3925796980956,16.271186440678
2022-05-30,22484,5,14346,1,8138,4,15673,2,96204,15,111877,17,0,342,0,378,344,0,"Anderson",76978,113.019304216789,0.158088235294118,22.0842318584531,6.49536231130973,15.8088235294118
2022-05-31,22499,15,14353,7,8146,8,15679,6,96231,27,111910,33,0,342,0,378,344,0,"Anderson",76978,105.224869443218,0.148550724637681,42.8693912546442,19.4860869339292,14.8550724637681
2022-06-01,22523,24,14366,13,8157,11,15696,17,96258,27,111954,44,0,342,0,378,344,0,"Anderson",76978,120.813738990361,0.185053380782918,57.1591883395256,31.1777390942867,18.5053380782918
2022-06-02,22540,17,14375,9,8165,8,15704,8,96282,24,111986,32,0,342,0,378,344,0,"Anderson",76978,120.813738990361,0.190839694656489,41.5703187923822,22.0842318584531,19.0839694656489
2022-06-03,22554,14,14383,8,8171,6,15713,9,96332,50,112045,59,0,342,0,378,344,0,"Anderson",76978,119.514666528099,0.18796992481203,76.6452752734548,18.1870144716672,18.796992481203
2022-06-04,22561,7,14388,5,8173,2,15719,6,96361,29,112080,35,0,342,0,378,344,0,"Anderson",76978,116.916521603575,0.204918032786885,45.4675361791681,9.09350723583361,20.4918032786885
2022-06-05,22571,10,14395,7,8176,3,15727,8,96378,17,112105,25,0,342,0,378,344,0,"Anderson",76978,119.514666528099,0.228571428571429,32.4768115565486,12.9907246226195,22.8571428571429
2022-06-06,22597,26,14408,13,8189,13,15740,13,96401,23,112141,36,0,342,0,378,345,1,"Anderson",76978,146.7951882356,0.253787878787879,46.76660864143,33.7758840188106,25.3787878787879
2022-06-07,22619,22,14416,8,8203,14,15748,8,96421,20,112169,28,0,342,0,378,345,0,"Anderson",76978,155.888695471433,0.266409266409266,36.3740289433345,28.5795941697628,26.6409266409266
2022-06-08,22642,23,14431,15,8211,8,15766,18,96470,49,112236,67,0,342,0,378,345,0,"Anderson",76978,154.589623009171,0.24822695035461,87.0378549715503,29.8786666320247,24.822695035461
2022-06-09,22660,18,14443,12,8217,6,15779,13,96505,35,112284,48,0,342,1,379,346,1,"Anderson",76978,155.888695471433,0.251677852348993,62.3554781885734,23.383304320715,25.1677852348993
2022-06-10,22683,23,14459,16,8224,7,15796,17,96566,61,112362,78,0,342,0,379,346,0,"Anderson",76978,167.580347631791,0.261829652996845,101.327652056432,29.8786666320247,26.1829652996845
2022-06-11,22692,9,14463,4,8229,5,15801,5,96584,18,112385,23,0,342,0,379,346,0,"Anderson",76978,170.178492556315,0.268852459016393,29.8786666320247,11.6916521603575,26.8852459016393
2022-06-12,22700,8,14465,2,8235,6,15803,2,96598,14,112401,16,0,342,0,379,346,0,"Anderson",76978,167.580347631791,0.256756756756757,20.7851593961911,10.3925796980956,25.6756756756757
2022-06-13,22717,17,14471,6,8246,11,15809,6,96622,24,112431,30,0,342,0,379,346,0,"Anderson",76978,155.888695471433,0.237931034482759,38.9721738678584,22.0842318584531,23.7931034482759
2022-06-14,22747,30,14485,14,8262,16,15825,16,96659,37,112484,53,1,343,0,379,347,1,"Anderson",76978,166.281275169529,0.244444444444444,68.8508404998831,38.9721738678584,24.4444444444444
2022-06-15,22764,17,14497,12,8267,5,15839,14,96682,23,112521,37,1,344,0,379,347,0,"Anderson",76978,158.486840395957,0.256140350877193,48.065681103692,22.0842318584531,25.6140350877193
2022-06-16,22789,25,14509,12,8280,13,15850,11,96710,28,112560,39,1,345,0,379,347,0,"Anderson",76978,167.580347631791,0.257246376811594,50.6638260282159,32.4768115565486,25.7246376811594
2022-06-17,22811,22,14521,12,8290,10,15865,15,96733,23,112598,38,0,345,0,379,348,1,"Anderson",76978,166.281275169529,0.292372881355932,49.3647535659539,28.5795941697628,29.2372881355932
2022-06-18,22822,11,14529,8,8293,3,15874,9,96756,23,112630,32,1,346,0,379,348,0,"Anderson",76978,168.879420094053,0.297959183673469,41.5703187923822,14.2897970848814,29.7959183673469
2022-06-19,22837,15,14534,5,8303,10,15879,5,96774,18,112653,23,0,346,0,379,348,0,"Anderson",76978,177.972927329886,0.301587301587302,29.8786666320247,19.4860869339292,30.1587301587302
2022-06-20,22849,12,14538,4,8311,8,15886,7,96790,16,112676,23,0,346,0,379,348,0,"Anderson",76978,171.477565018577,0.314285714285714,29.8786666320247,15.5888695471433,31.4285714285714
2022-06-21,22874,25,14547,9,8327,16,15893,7,96802,12,112695,19,0,346,0,379,348,0,"Anderson",76978,164.982202707267,0.322274881516588,24.682376782977,32.4768115565486,32.2274881516588
2022-06-22,22914,40,14577,30,8337,10,15923,30,96852,50,112775,80,0,346,0,379,348,0,"Anderson",76978,194.860869339292,0.330708661417323,103.925796980956,51.9628984904778,33.0708661417323
2022-06-23,22932,18,14588,11,8344,7,15937,14,96875,23,112812,37,0,346,0,379,349,1,"Anderson",76978,185.767362103458,0.345238095238095,48.065681103692,23.383304320715,34.5238095238095
2022-06-24,22965,33,14599,11,8366,22,15949,12,96908,33,112857,45,0,346,0,379,349,0,"Anderson",76978,200.05715918834,0.324324324324324,58.4582608017875,42.8693912546442,32.4324324324324
2022-06-25,22976,11,14602,3,8374,8,15955,6,96937,29,112892,35,0,346,0,379,349,0,"Anderson",76978,200.05715918834,0.309160305343511,45.4675361791681,14.2897970848814,30.9160305343511
2022-06-26,22986,10,14608,6,8378,4,15960,5,96963,26,112923,31,0,346,0,379,349,0,"Anderson",76978,193.56179687703,0.3,40.2712463301203,12.9907246226195,30
2022-06-27,23009,23,14620,12,8389,11,15972,12,96979,16,112951,28,1,347,0,379,349,0,"Anderson",76978,207.851593961911,0.312727272727273,36.3740289433345,29.8786666320247,31.2727272727273
2022-06-28,23039,30,14636,16,8403,14,15988,16,97008,29,112996,45,1,348,0,379,349,0,"Anderson",76978,214.346956273221,0.315614617940199,58.4582608017875,38.9721738678584,31.5614617940199
2022-06-29,23061,22,14645,9,8416,13,15999,11,97050,42,113049,53,1,349,0,379,349,0,"Anderson",76978,190.963651952506,0.277372262773723,68.8508404998831,28.5795941697628,27.7372262773723
2022-06-30,23097,36,14657,12,8440,24,16012,13,97095,45,113107,58,0,349,0,379,349,0,"Anderson",76978,214.346956273221,0.254237288135593,75.3462028111928,46.76660864143,25.4237288135593
2022-07-01,23119,22,14669,12,8450,10,16025,13,97135,40,113160,53,0,349,0,379,349,0,"Anderson",76978,200.05715918834,0.250825082508251,68.8508404998831,28.5795941697628,25.0825082508251
2022-07-02,23147,28,14683,14,8464,14,16040,15,97155,20,113195,35,0,349,0,379,349,0,"Anderson",76978,222.141391046793,0.280528052805281,45.4675361791681,36.3740289433345,28.0528052805281
2022-07-03,23158,11,14689,6,8469,5,16046,6,97172,17,113218,23,0,349,0,379,349,0,"Anderson",76978,223.440463509055,0.291525423728814,29.8786666320247,14.2897970848814,29.1525423728814
2022-07-04,23174,16,14694,5,8480,11,16051,5,97180,8,113231,13,0,349,0,379,350,1,"Anderson",76978,214.346956273221,0.282142857142857,16.8879420094053,20.7851593961911,28.2142857142857
2022-07-05,23195,21,14704,10,8491,11,16062,11,97205,25,113267,36,0,349,0,379,351,1,"Anderson",76978,202.655304112863,0.273062730627306,46.76660864143,27.2805217075008,27.3062730627306
2022-07-06,23209,14,14710,6,8499,8,16069,7,97234,29,113303,36,0,349,0,379,351,0,"Anderson",76978,192.262724414768,0.275590551181102,46.76660864143,18.1870144716672,27.5590551181102
2022-07-07,23241,32,14725,15,8516,17,16084,15,97260,26,113344,41,0,349,0,379,351,0,"Anderson",76978,187.06643456572,0.30379746835443,53.2619709527397,41.5703187923822,30.379746835443
2022-07-08,23275,34,14736,11,8539,23,16094,10,97287,27,113381,37,0,349,0,379,351,0,"Anderson",76978,202.655304112863,0.312217194570136,48.065681103692,44.1684637169061,31.2217194570136
2022-07-09,23303,28,14741,5,8562,23,16099,5,97301,14,113400,19,0,349,0,379,351,0,"Anderson",76978,202.655304112863,0.28780487804878,24.682376782977,36.3740289433345,28.780487804878
2022-07-10,23322,19,14745,4,8577,15,16102,3,97307,6,113409,9,0,349,0,379,351,0,"Anderson",76978,213.047883810959,0.293193717277487,11.6916521603575,24.682376782977,29.3193717277487
2022-07-11,23345,23,14755,10,8590,13,16115,13,97345,38,113460,51,0,349,0,379,351,0,"Anderson",76978,222.141391046793,0.279475982532751,66.2526955753592,29.8786666320247,27.9475982532751
2022-07-12,23390,45,14773,18,8617,27,16134,19,97379,34,113513,53,0,349,0,379,351,0,"Anderson",76978,253.319130141079,0.292682926829268,68.8508404998831,58.4582608017875,29.2682926829268
2022-07-13,23427,37,14791,18,8636,19,16153,19,97426,47,113579,66,0,349,0,379,352,1,"Anderson",76978,283.197796773104,0.304347826086957,85.7387825092884,48.065681103692,30.4347826086957
2022-07-14,23468,41,14803,12,8665,29,16165,12,97448,22,113613,34,0,349,1,380,352,0,"Anderson",76978,294.889448933461,0.301115241635688,44.1684637169061,53.2619709527397,30.1115241635688
2022-07-15,23500,32,14819,16,8681,16,16181,16,97474,26,113655,42,0,349,0,380,352,0,"Anderson",76978,292.291304008938,0.317518248175182,54.5610434150017,41.5703187923822,31.7518248175182
2022-07-16,23522,22,14826,7,8696,15,16188,7,97483,9,113671,16,0,349,0,380,352,0,"Anderson",76978,284.496869235366,0.328413284132841,20.7851593961911,28.5795941697628,32.8413284132841
2022-07-17,23532,10,14830,4,8702,6,16191,3,97495,12,113686,15,0,349,0,380,352,0,"Anderson",76978,272.805217075008,0.32129963898917,19.4860869339292,12.9907246226195,32.129963898917
2022-07-18,23578,46,14851,21,8727,25,16212,21,97545,50,113757,71,0,349,0,380,352,0,"Anderson",76978,302.683883707033,0.326599326599327,92.2341448205981,59.7573332640495,32.6599326599327
2022-07-19,23628,50,14874,23,8754,27,16238,26,97561,16,113799,42,3,352,0,380,352,0,"Anderson",76978,309.179246018343,0.363636363636364,54.5610434150017,64.9536231130973,36.3636363636364
2022-07-20,23664,36,14890,16,8774,20,16254,16,97591,30,113845,46,0,352,0,380,352,0,"Anderson",76978,307.880173556081,0.379699248120301,59.7573332640495,46.76660864143,37.9699248120301
2022-07-21,23707,43,14919,29,8788,14,16284,30,97643,52,113927,82,0,352,0,380,353,1,"Anderson",76978,310.478318480605,0.378980891719745,106.523941905479,55.8601158772636,37.8980891719745
2022-07-22,23745,38,14933,14,8812,24,16299,15,97678,35,113977,50,0,352,0,380,354,1,"Anderson",76978,318.272753254177,0.366459627329193,64.9536231130973,49.3647535659539,36.6459627329193
2022-07-23,23755,10,14936,3,8819,7,16303,4,97689,11,113992,15,0,352,0,380,354,0,"Anderson",76978,302.683883707033,0.358255451713396,19.4860869339292,12.9907246226195,35.8255451713396
2022-07-24,23778,23,14945,9,8833,14,16312,9,97703,14,114015,23,0,352,0,380,354,0,"Anderson",76978,319.571825716438,0.367781155015198,29.8786666320247,29.8786666320247,36.7781155015198
2022-07-25,23824,46,14971,26,8853,20,16339,27,97735,32,114074,59,0,352,0,380,354,0,"Anderson",76978,319.571825716438,0.400630914826498,76.6452752734548,59.7573332640495,40.0630914826498
2022-07-26,23871,47,14995,24,8876,23,16363,24,97768,33,114131,57,0,352,0,380,355,1,"Anderson",76978,315.674608329653,0.376506024096386,74.0471303489309,61.0564057263114,37.6506024096386
2022-07-27,23914,43,15013,18,8901,25,16384,21,97810,42,114194,63,0,352,0,380,355,0,"Anderson",76978,324.768115565486,0.372492836676218,81.8415651225025,55.8601158772636,37.2492836676218
2022-07-28,23950,36,15030,17,8920,19,16402,18,97849,39,114251,57,0,352,0,380,355,0,"Anderson",76978,315.674608329653,0.364197530864198,74.0471303489309,46.76660864143,36.4197530864198
2022-07-29,23983,33,15051,21,8932,12,16423,21,97884,35,114307,56,0,352,0,380,355,0,"Anderson",76978,309.179246018343,0.375757575757576,72.7480578866689,42.8693912546442,37.5757575757576
2022-07-30,24007,24,15065,14,8942,10,16437,14,97900,16,114337,30,0,352,0,380,355,0,"Anderson",76978,327.36626049001,0.388405797101449,38.9721738678584,31.1777390942867,38.8405797101449
2022-07-31,24013,6,15068,3,8945,3,16442,5,97916,16,114358,21,0,352,0,380,356,1,"Anderson",76978,305.282028631557,0.379008746355685,27.2805217075008,7.79443477357167,37.9008746355685
2022-08-01,24048,35,15084,16,8964,19,16460,18,97935,19,114395,37,0,352,0,380,356,0,"Anderson",76978,290.992231546676,0.376947040498442,48.065681103692,45.4675361791681,37.6947040498442
2022-08-02,24106,58,15129,45,8977,13,16504,44,97971,36,114475,80,1,353,0,380,356,0,"Anderson",76978,305.282028631557,0.409883720930233,103.925796980956,75.3462028111928,40.9883720930233
2022-08-03,24139,33,15148,19,8991,14,16527,23,98007,36,114534,59,0,353,0,380,357,1,"Anderson",76978,292.291304008938,0.420588235294118,76.6452752734548,42.8693912546442,42.0588235294118
2022-08-04,24180,41,15176,28,9004,13,16560,33,98102,95,114662,128,1,354,0,380,357,0,"Anderson",76978,298.786666320247,0.384428223844282,166.281275169529,53.2619709527397,38.4428223844282
2022-08-05,24212,32,15198,22,9014,10,16581,21,98134,32,114715,53,0,354,0,380,357,0,"Anderson",76978,297.487593857985,0.387254901960784,68.8508404998831,41.5703187923822,38.7254901960784
2022-08-06,24230,18,15206,8,9024,10,16589,8,98149,15,114738,23,0,354,0,380,357,0,"Anderson",76978,289.693159084414,0.379052369077307,29.8786666320247,23.383304320715,37.9052369077307
2022-08-07,24246,16,15216,10,9030,6,16599,10,98165,16,114764,26,0,354,0,380,357,0,"Anderson",76978,302.683883707033,0.386699507389163,33.7758840188106,20.7851593961911,38.6699507389163
2022-08-08,24303,57,15245,29,9058,28,16627,28,98177,12,114804,40,0,354,0,380,358,1,"Anderson",76978,331.263477876796,0.408312958435208,51.9628984904778,74.0471303489309,40.8312958435208
2022-08-09,24334,31,15263,18,9071,13,16646,19,98227,50,114873,69,3,357,0,380,359,1,"Anderson",76978,296.188521395723,0.35678391959799,89.6359998960742,40.2712463301203,35.678391959799
2022-08-10,24372,38,15289,26,9083,12,16674,28,98259,32,114933,60,0,357,0,380,359,0,"Anderson",76978,302.683883707033,0.368421052631579,77.9443477357167,49.3647535659539,36.8421052631579
2022-08-11,24406,34,15313,24,9093,10,16699,25,98290,31,114989,56,0,357,0,380,359,0,"Anderson",76978,293.5903764712,0.425076452599388,72.7480578866689,44.1684637169061,42.5076452599388
2022-08-12,24444,38,15334,21,9110,17,16723,24,98329,39,115052,63,0,357,0,380,360,1,"Anderson",76978,301.384811244771,0.421364985163205,81.8415651225025,49.3647535659539,42.1364985163205
2022-08-13,24461,17,15344,10,9117,7,16734,11,98359,30,115093,41,0,357,0,380,361,1,"Anderson",76978,300.085738782509,0.408450704225352,53.2619709527397,22.0842318584531,40.8450704225352
2022-08-14,24473,12,15352,8,9121,4,16742,8,98379,20,115121,28,0,357,0,380,361,0,"Anderson",76978,294.889448933461,0.400560224089636,36.3740289433345,15.5888695471433,40.0560224089636
2022-08-15,24526,53,15378,26,9148,27,16769,27,98401,22,115170,49,0,357,0,380,362,1,"Anderson",76978,289.693159084414,0.387978142076503,63.6545506508353,68.8508404998831,38.7978142076503
2022-08-16,24575,49,15408,30,9167,19,16801,32,98433,32,115234,64,1,358,0,380,362,0,"Anderson",76978,313.076463405129,0.429362880886427,83.1406375847645,63.6545506508353,42.9362880886427
2022-08-17,24621,46,15434,26,9187,20,16827,26,98466,33,115293,59,0,358,0,380,362,0,"Anderson",76978,323.469043103224,0.425,76.6452752734548,59.7573332640495,42.5
2022-08-18,24906,285,15475,41,9431,244,16869,42,98510,44,115379,86,0,358,0,380,362,0,"Anderson",76978,649.536231130973,0.435897435897436,111.720231754527,370.235651744654,43.5897435897436
2022-08-19,24938,32,15490,15,9448,17,16885,16,98547,37,115432,53,0,358,0,380,362,0,"Anderson",76978,641.741796357401,0.426315789473684,68.8508404998831,41.5703187923822,42.6315789473684
2022-08-20,24953,15,15497,7,9456,8,16893,8,98576,29,115469,37,0,358,0,380,362,0,"Anderson",76978,639.143651432877,0.422872340425532,48.065681103692,19.4860869339292,42.2872340425532
2022-08-21,24967,14,15503,6,9464,8,16900,7,98607,31,115507,38,0,358,0,380,362,0,"Anderson",76978,641.741796357401,0.409326424870466,49.3647535659539,18.1870144716672,40.9326424870466
2022-08-22,25031,64,15528,25,9503,39,16925,25,98644,37,115569,62,0,358,0,380,362,0,"Anderson",76978,656.031593442282,0.390977443609023,80.5424926602406,83.1406375847645,39.0977443609023
2022-08-23,25111,80,15559,31,9552,49,16958,33,98676,32,115634,65,3,361,0,380,362,0,"Anderson",76978,696.302839772403,0.3925,84.4397100470264,103.925796980956,39.25
2022-08-24,25177,66,15583,24,9594,42,16984,26,98714,38,115698,64,0,361,0,380,362,0,"Anderson",76978,722.284289017641,0.387654320987654,83.1406375847645,85.7387825092884,38.7654320987654
2022-08-25,25221,44,15606,23,9615,21,17009,25,98751,37,115760,62,1,362,0,380,362,0,"Anderson",76978,409.207825612513,0.36745406824147,80.5424926602406,57.1591883395256,36.745406824147
2022-08-26,25252,31,15621,15,9631,16,17025,16,98808,57,115833,73,0,362,0,380,362,0,"Anderson",76978,407.908753150251,0.349127182044888,94.832289745122,40.2712463301203,34.9127182044888
2022-08-27,25292,40,15630,9,9662,31,17034,9,98844,36,115878,45,0,362,0,380,362,0,"Anderson",76978,440.385564706799,0.344743276283619,58.4582608017875,51.9628984904778,34.4743276283619
2020-03-12,1,1,1,1,0,0,1,1,11,11,12,12,0,0,0,0,0,0,"East TN",2455501,NA,NA,0.488698640318208,0.040724886693184,NA
2020-03-13,1,0,1,0,0,0,1,0,23,12,24,12,0,0,0,0,0,0,"East TN",2455501,NA,NA,0.488698640318208,0,NA
2020-03-14,3,2,3,2,0,0,3,2,50,27,53,29,0,0,0,0,0,0,"East TN",2455501,NA,NA,1.18102171410234,0.081449773386368,NA
2020-03-15,3,0,3,0,0,0,3,0,53,3,56,3,0,0,0,0,0,0,"East TN",2455501,NA,NA,0.122174660079552,0,NA
2020-03-16,5,2,5,2,0,0,5,2,89,36,94,38,0,0,0,0,0,0,"East TN",2455501,NA,NA,1.54754569434099,0.081449773386368,NA
2020-03-17,6,1,6,1,0,0,5,0,130,41,135,41,0,0,0,0,0,0,"East TN",2455501,NA,NA,1.66972035442054,0.040724886693184,NA
2020-03-18,8,2,8,2,0,0,7,2,171,41,178,43,0,0,0,0,0,0,"East TN",2455501,0.325799093545472,0.0393258426966292,1.75117012780691,0.081449773386368,3.93258426966292
2020-03-19,11,3,11,3,0,0,11,4,238,67,249,71,0,0,0,0,0,0,"East TN",2455501,0.40724886693184,0.0421940928270042,2.89146695521606,0.122174660079552,4.21940928270042
2020-03-20,29,18,29,18,0,0,27,16,382,144,409,160,0,0,2,2,0,0,"East TN",2455501,1.14029682740915,0.0675324675324675,6.51598187090944,0.733047960477312,6.75324675324675
2020-03-21,38,9,38,9,0,0,38,11,610,228,648,239,0,0,1,3,1,1,"East TN",2455501,1.42537103426144,0.0588235294117647,9.73324791967098,0.366523980238656,5.88235294117647
2020-03-22,48,10,47,9,1,1,43,5,713,103,756,108,0,0,4,7,2,1,"East TN",2455501,1.83261990119328,0.0571428571428571,4.39828776286387,0.40724886693184,5.71428571428571
2020-03-23,64,16,63,16,1,0,56,13,846,133,902,146,0,0,4,11,2,0,"East TN",2455501,2.40276831489786,0.0631188118811881,5.94583345720486,0.651598187090944,6.31188118811881
2020-03-24,83,19,82,19,1,0,70,14,987,141,1057,155,0,0,5,16,2,0,"East TN",2455501,3.13581627537517,0.0704989154013015,6.31235743744352,0.773772847170496,7.04989154013015
2020-03-25,116,33,115,33,1,0,99,29,1288,301,1387,330,0,0,12,28,3,1,"East TN",2455501,4.39828776286387,0.076095947063689,13.4392126087507,1.34392126087507,7.6095947063689
2020-03-26,144,28,143,28,1,0,130,31,1774,486,1904,517,0,0,5,33,4,1,"East TN",2455501,5.41640993019347,0.0719033232628399,21.0547664203761,1.14029682740915,7.19033232628399
2020-03-27,166,22,165,22,1,0,147,17,2171,397,2318,414,0,0,6,39,4,0,"East TN",2455501,5.57930947696621,0.0628601361969618,16.8601030909782,0.895947507250048,6.28601361969618
2020-03-28,197,31,196,31,1,0,180,33,2608,437,2788,470,0,0,8,47,4,0,"East TN",2455501,6.47525698421626,0.0663551401869159,19.1406967457965,1.2624714874887,6.63551401869159
2020-03-29,213,16,212,16,1,0,196,16,2795,187,2991,203,0,0,3,50,7,3,"East TN",2455501,6.71960630437536,0.0684563758389262,8.26715199871635,0.651598187090944,6.84563758389262
2020-03-30,246,33,245,33,1,0,226,30,3345,550,3571,580,0,0,8,58,9,2,"East TN",2455501,7.41192937815949,0.0636942675159236,23.6204342820467,1.34392126087507,6.36942675159236
2020-03-31,295,49,294,49,1,0,278,52,3645,300,3923,352,0,0,12,70,10,1,"East TN",2455501,8.63367597895501,0.0725750174459177,14.3351601160008,1.99551944796602,7.25750174459177
2020-04-01,346,51,345,51,1,0,336,58,4243,598,4579,656,0,0,9,79,12,2,"East TN",2455501,9.36672393943232,0.0742481203007519,26.7155256707287,2.07696922135238,7.42481203007519
2020-04-02,391,45,390,45,1,0,383,47,4839,596,5222,643,2,7,5,84,14,2,"East TN",2455501,10.0590470132164,0.0762507534659433,26.1861021437173,1.83261990119328,7.62507534659433
2020-04-03,412,21,411,21,1,0,401,18,5124,285,5525,303,1,8,2,86,17,3,"East TN",2455501,10.0183221265233,0.0792017461802308,12.3396406680348,0.855222620556864,7.92017461802307
2020-04-04,447,35,446,35,1,0,431,30,5716,592,6147,622,3,11,5,91,19,2,"East TN",2455501,10.181221673296,0.0747246204227449,25.3308795231604,1.42537103426144,7.47246204227449
2020-04-05,473,26,472,26,1,0,464,33,6093,377,6557,410,-1,10,2,93,20,1,"East TN",2455501,10.5884705402278,0.0751542344363432,16.6972035442054,1.05884705402278,7.51542344363432
2020-04-06,514,41,513,41,1,0,514,50,6626,533,7140,583,8,18,5,98,20,0,"East TN",2455501,10.9142696337733,0.080694872513309,23.7426089421263,1.66972035442054,8.0694872513309
2020-04-07,570,56,569,56,1,0,592,78,7755,1129,8347,1207,0,18,7,105,21,1,"East TN",2455501,11.1993438406256,0.0709764918625678,49.1549382386731,2.2805936548183,7.09764918625678
2020-04-08,607,37,606,37,1,0,632,40,8162,407,8794,447,1,19,8,113,25,4,"East TN",2455501,10.629195426921,0.0702253855278766,18.2040243518532,1.50682080764781,7.02253855278766
2020-04-09,633,26,632,26,1,0,662,30,8613,451,9275,481,3,22,2,115,25,0,"East TN",2455501,9.85542257975053,0.0688378978534419,19.5886704994215,1.05884705402278,6.88378978534419
2020-04-10,655,22,654,22,1,0,682,20,8941,328,9623,348,0,22,4,119,25,0,"East TN",2455501,9.89614746644371,0.0685700341630063,14.172260569228,0.895947507250048,6.85700341630063
2020-04-11,679,24,678,24,1,0,728,46,10022,1081,10750,1127,2,24,5,124,27,2,"East TN",2455501,9.44817371281869,0.0645231370845101,45.8969473032184,0.977397280636416,6.45231370845101
2020-04-12,709,30,708,30,1,0,761,33,11472,1450,12233,1483,0,24,1,125,28,1,"East TN",2455501,9.61107325959142,0.0523255813953488,60.3950069659919,1.22174660079552,5.23255813953488
2020-04-13,738,29,737,29,1,0,803,42,12435,963,13238,1005,0,24,7,132,32,4,"East TN",2455501,9.12237461927321,0.0473925877336832,40.9285111266499,1.18102171410234,4.73925877336832
2020-04-14,749,11,748,11,1,0,823,20,12720,285,13543,305,4,28,1,133,33,1,"East TN",2455501,7.28975471807994,0.0444572748267898,12.4210904414211,0.447973753625024,4.44572748267898
2020-04-15,773,24,772,24,1,0,850,27,13132,412,13982,439,2,30,4,137,34,1,"East TN",2455501,6.76033119106854,0.0420200462606014,17.8782252583078,0.977397280636416,4.20200462606014
2020-04-16,801,28,800,28,1,0,886,36,13808,676,14694,712,1,31,6,143,34,0,"East TN",2455501,6.84178096445491,0.0413360398597527,28.996119325547,1.14029682740915,4.13360398597527
2020-04-17,823,22,821,21,2,1,916,30,14137,329,15053,359,0,31,4,147,35,1,"East TN",2455501,6.84178096445491,0.0430939226519337,14.6202343228531,0.895947507250048,4.30939226519337
2020-04-18,835,12,833,12,2,0,935,19,14918,781,15853,800,0,31,0,147,35,0,"East TN",2455501,6.3530823241367,0.0405643738977072,32.5799093545472,0.488698640318208,4.05643738977072
2020-04-19,914,79,912,79,2,0,1016,81,15604,686,16620,767,1,32,1,148,35,0,"East TN",2455501,8.34860177210272,0.0581262821974014,31.2359880936721,3.21726604876154,5.81262821974014
2020-04-20,939,25,931,19,8,6,1033,17,16567,963,17600,980,0,32,2,150,35,0,"East TN",2455501,8.18570222532998,0.0527281063732233,39.9103889593203,1.0181221673296,5.27281063732233
2020-04-21,1045,106,1037,106,8,0,1154,121,19273,2706,20427,2827,0,32,6,156,36,1,"East TN",2455501,12.0545664611825,0.0480825101685067,115.129254681631,4.3168379894775,4.80825101685067
2020-04-22,1247,202,1237,200,10,2,1354,200,21825,2552,23179,2752,2,34,2,158,36,0,"East TN",2455501,19.3035962925692,0.0548004784168751,112.074888179642,8.22642711202317,5.48004784168751
2020-04-23,1492,245,1480,243,12,2,1601,247,22932,1107,24533,1354,0,34,3,161,36,0,"East TN",2455501,28.1408967049901,0.0726699867872751,55.1414965825711,9.97759723983008,7.26699867872751
2020-04-24,1540,48,1527,47,13,1,1655,54,25621,2689,27276,2743,0,34,4,165,36,0,"East TN",2455501,29.1997437590129,0.0604597889225231,111.708364199404,1.95479456127283,6.04597889225231
2020-04-25,1563,23,1546,19,17,4,1674,19,26396,775,28070,794,0,34,3,168,37,1,"East TN",2455501,29.647717512638,0.0604894818695261,32.3355600343881,0.936672393943232,6.04894818695261
2020-04-26,1583,20,1565,19,18,1,1700,26,27513,1117,29213,1143,0,34,0,168,37,0,"East TN",2455501,27.2449491977401,0.0543158897800365,46.5485454903093,0.81449773386368,5.43158897800365
2020-04-27,1652,69,1633,68,19,1,1772,72,28428,915,30200,987,0,34,8,176,38,1,"East TN",2455501,29.0368442122402,0.0586507936507936,40.1954631661726,2.8100171818297,5.86507936507936
2020-04-28,1689,37,1667,34,22,3,1812,40,30602,2174,32414,2214,2,36,1,177,39,1,"East TN",2455501,26.2268270304105,0.0548928005339117,90.1648991387094,1.50682080764781,5.48928005339117
2020-04-29,1752,63,1729,62,23,1,1878,66,33345,2743,35223,2809,1,37,6,183,40,1,"East TN",2455501,20.5660677800579,0.0435071404848887,114.396206721154,2.56566786167059,4.35071404848887
2020-04-30,1774,22,1750,21,24,1,1900,22,33894,549,35794,571,0,37,1,184,40,0,"East TN",2455501,11.4844180474779,0.0265518160021312,23.2539103018081,0.895947507250048,2.65518160021312
2020-05-01,1814,40,1786,36,28,4,1929,29,35556,1662,37485,1691,0,37,0,184,40,0,"East TN",2455501,11.1586189539324,0.0268390635713586,68.8657833981741,1.62899546772736,2.68390635713586
2020-05-02,1835,21,1807,21,28,0,1966,37,37433,1877,39399,1914,0,37,3,187,40,0,"East TN",2455501,11.077169180546,0.0257745608615059,77.9474331307542,0.855222620556864,2.57745608615059
2020-05-03,1873,38,1840,33,33,5,2003,37,39553,2120,41556,2157,0,37,3,190,42,2,"East TN",2455501,11.8102171410234,0.0245483269869562,87.8435805971979,1.54754569434099,2.45483269869562
2020-05-04,1920,47,1884,44,36,3,2060,57,41499,1946,43559,2003,0,37,1,191,42,0,"East TN",2455501,10.9142696337733,0.0215584998877161,81.5719480464475,1.91406967457965,2.15584998877161
2020-05-05,1948,28,1911,27,37,1,2092,32,44409,2910,46501,2942,2,39,1,192,42,0,"East TN",2455501,10.5477456535347,0.0198764818627103,119.812616651347,1.14029682740915,1.98764818627103
2020-05-06,1985,37,1948,37,37,0,2135,43,45453,1044,47588,1087,1,40,0,192,42,0,"East TN",2455501,9.48889859951187,0.0207844723008492,44.267951835491,1.50682080764781,2.07844723008492
2020-05-07,2028,43,1989,41,39,2,2183,48,46845,1392,49028,1440,0,40,4,196,46,4,"East TN",2455501,10.3441212200687,0.0213843131328397,58.643836838185,1.75117012780691,2.13843131328397
2020-05-08,2047,19,2008,19,39,0,2219,36,48515,1670,50734,1706,1,41,0,196,47,1,"East TN",2455501,9.48889859951187,0.0218884444108989,69.4766566985719,0.773772847170496,2.18884444108989
2020-05-09,2063,16,2022,14,41,2,2237,18,51333,2818,53570,2836,0,41,1,197,48,1,"East TN",2455501,9.28527416604595,0.0191235622045022,115.49577866187,0.651598187090944,1.91235622045022
2020-05-10,2079,16,2037,15,42,1,2256,19,53897,2564,56153,2583,1,42,3,200,48,0,"East TN",2455501,8.3893266587959,0.0173323285606631,105.192382328494,0.651598187090944,1.73323285606631
2020-05-11,2140,61,2097,60,43,1,2307,51,55468,1571,57775,1622,3,45,5,205,50,2,"East TN",2455501,8.95947507250048,0.0173747889701744,66.0557662163444,2.48421808828422,1.73747889701745
2020-05-12,2193,53,2150,53,43,0,2373,66,59022,3554,61395,3620,3,48,3,208,50,0,"East TN",2455501,9.97759723983008,0.0188666577145159,147.424089829326,2.15841899473875,1.88666577145159
2020-05-13,2247,54,2201,51,46,3,2425,52,60647,1625,63072,1677,0,48,7,215,52,2,"East TN",2455501,10.6699203136142,0.0187290105915784,68.2956349844696,2.19914388143194,1.87290105915784
2020-05-14,2278,31,2232,31,46,0,2470,45,62356,1709,64826,1754,1,49,2,217,53,1,"East TN",2455501,10.181221673296,0.018166856564122,71.4314512598447,1.2624714874887,1.8166856564122
2020-05-15,2306,28,2260,28,46,0,2507,37,64675,2319,67182,2356,1,50,4,221,53,0,"East TN",2455501,10.5477456535347,0.0175097276264591,95.9478330491415,1.14029682740915,1.75097276264591
2020-05-16,2316,10,2270,10,46,0,2525,18,67443,2768,69968,2786,1,51,1,222,53,0,"East TN",2455501,10.3033963333756,0.017563117453348,113.459534327211,0.40724886693184,1.7563117453348
2020-05-17,2396,80,2350,80,46,0,2604,79,69670,2227,72274,2306,0,51,4,226,55,2,"East TN",2455501,12.9097890817393,0.0215867502016004,93.9115887144823,3.25799093545472,2.15867502016004
2020-05-18,2445,49,2398,48,47,1,2665,61,71548,1878,74213,1939,0,51,3,229,55,0,"East TN",2455501,12.4210904414211,0.0217788052074462,78.9655552980838,1.99551944796602,2.17788052074462
2020-05-19,2486,41,2438,40,48,1,2705,40,72672,1124,75377,1164,1,52,3,232,55,0,"East TN",2455501,11.9323918011029,0.0237448147618366,47.4037681108662,1.66972035442054,2.37448147618366
2020-05-20,2528,42,2480,42,48,0,2750,45,74412,1740,77162,1785,0,52,3,235,55,0,"East TN",2455501,11.4436931607847,0.0230660042583392,72.6939227473334,1.71044524111373,2.30660042583392
2020-05-21,2769,241,2720,240,49,1,2988,238,75874,1462,78862,1700,0,52,4,239,56,1,"East TN",2455501,19.9959193663533,0.0369051011684241,69.2323073784128,9.81469769305734,3.69051011684241
2020-05-22,2860,91,2808,88,52,3,3066,78,77398,1524,80464,1602,0,52,7,246,56,0,"East TN",2455501,22.5615872280239,0.0420870350850776,65.2412684824808,3.70596468907974,4.20870350850775
2020-05-23,2926,66,2870,62,56,4,3157,91,79612,2214,82769,2305,2,54,7,253,57,1,"East TN",2455501,24.8421808828422,0.0493711428794625,93.8708638277891,2.68784252175014,4.93711428794625
2020-05-24,2978,52,2922,52,56,0,3227,70,81732,2120,84959,2190,0,54,0,253,58,1,"East TN",2455501,23.7018840554331,0.0491131257390619,89.187501858073,2.11769410804557,4.91131257390619
2020-05-25,3062,84,3005,83,57,1,3321,94,84382,2650,87703,2744,1,55,2,255,58,0,"East TN",2455501,25.1272550896945,0.0486286137879911,111.749089086097,3.42089048222746,4.86286137879911
2020-05-26,3123,61,3057,52,66,9,3377,56,86768,2386,90145,2442,1,56,3,258,58,0,"East TN",2455501,25.9417528235582,0.0455037919826652,99.4501733047553,2.48421808828422,4.55037919826652
2020-05-27,3199,76,3130,73,69,3,3444,67,88635,1867,92079,1934,0,56,9,267,58,0,"East TN",2455501,27.3263989711265,0.0465241000201113,78.7619308646179,3.09509138868198,4.65241000201113
2020-05-28,3273,74,3204,74,69,0,3511,67,90034,1399,93545,1466,0,56,1,268,58,0,"East TN",2455501,20.5253428933647,0.0356194238234693,59.7026838922077,3.01364161529562,3.56194238234693
2020-05-29,3348,75,3278,74,70,1,3594,83,91312,1278,94906,1361,0,56,4,272,58,0,"East TN",2455501,19.8737447062738,0.0365600332363939,55.4265707894234,3.0543665019888,3.65600332363939
2020-05-30,3421,73,3350,72,71,1,3675,81,93557,2245,97232,2326,0,56,5,277,59,1,"East TN",2455501,20.1588189131261,0.0358155292816152,94.726086448346,2.97291672860243,3.58155292816152
2020-05-31,3533,112,3460,110,73,2,3769,94,96340,2783,100109,2877,0,56,1,278,60,1,"East TN",2455501,22.6023121147171,0.0357755775577558,117.16549901629,4.56118730963661,3.57755775577558
2020-06-01,3629,96,3553,93,76,3,3902,133,100171,3831,104073,3964,0,56,5,283,60,0,"East TN",2455501,23.0910107550353,0.0354917532070861,161.433450851781,3.90958912254566,3.54917532070861
2020-06-02,3736,107,3658,105,78,2,4017,115,104230,4059,108247,4174,1,57,3,286,64,4,"East TN",2455501,24.9643555429218,0.0353552093691305,169.98567705735,4.35756287617069,3.53552093691305
2020-06-03,3786,50,3708,50,78,0,4067,50,106161,1931,110228,1981,0,57,4,290,65,1,"East TN",2455501,23.905508488899,0.0343269601630944,80.6760005391975,2.0362443346592,3.43269601630944
2020-06-04,3837,51,3757,49,80,2,4128,61,107708,1547,111836,1608,6,63,5,295,66,1,"East TN",2455501,22.9688360949558,0.0337324367175113,65.4856178026399,2.07696922135238,3.37324367175113
2020-06-05,3936,99,3852,95,84,4,4210,82,109864,2156,114074,2238,1,64,4,299,67,1,"East TN",2455501,23.9462333755922,0.0321368948247078,91.1422964193458,4.03176378262522,3.21368948247079
2020-06-06,3989,53,3902,50,87,3,4285,75,112967,3103,117252,3178,1,65,4,303,67,0,"East TN",2455501,23.1317356417285,0.0304695304695305,129.423689910939,2.15841899473875,3.04695304695305
2020-06-07,4047,58,3958,56,89,2,4366,81,116924,3957,121290,4038,0,65,6,309,68,1,"East TN",2455501,20.9325917602966,0.0281856380718569,164.447092467077,2.36204342820467,2.81856380718569
2020-06-08,4207,160,4114,156,93,4,4523,157,119875,2951,124398,3108,0,65,6,315,68,0,"East TN",2455501,23.5389845086604,0.0305535055350553,126.572947842416,6.51598187090944,3.05535055350553
2020-06-09,4315,108,4221,107,94,1,4641,118,122202,2327,126843,2445,1,66,7,322,69,1,"East TN",2455501,23.5797093953535,0.0335556033555603,99.5723479648349,4.39828776286387,3.35556033555603
2020-06-10,4392,77,4295,74,97,3,4715,74,125038,2836,129753,2910,0,66,6,328,69,0,"East TN",2455501,24.6792813360695,0.0331882202304737,118.509420277165,3.13581627537517,3.31882202304738
2020-06-11,4656,264,4557,262,99,2,4995,280,127329,2291,132324,2571,1,67,8,336,69,0,"East TN",2455501,33.3536822017177,0.0423174541194846,104.703683688176,10.7513700870006,4.23174541194846
2020-06-12,4827,171,4727,170,100,1,5167,172,129955,2626,135122,2798,2,69,3,339,70,1,"East TN",2455501,36.2858740436269,0.0454675028506271,113.948232967529,6.96395562453446,4.54675028506271
2020-06-13,4975,148,4871,144,104,4,5335,168,132146,2191,137481,2359,0,69,4,343,71,1,"East TN",2455501,40.1547382794794,0.0519056799644075,96.0700077092211,6.02728323059123,5.19056799644075
2020-06-14,5091,116,4986,115,105,1,5470,135,136014,3868,141484,4003,0,69,4,347,72,1,"East TN",2455501,42.5167817076841,0.0546697038724374,163.021721432816,4.72408685640934,5.46697038724374
2020-06-15,5273,182,5157,171,116,11,5649,179,139187,3173,144836,3352,0,69,9,356,77,5,"East TN",2455501,43.4127292149341,0.0550934533711713,136.509820195553,7.41192937815949,5.50934533711713
2020-06-16,5427,154,5309,152,118,2,5807,158,140986,1799,146793,1957,3,72,4,360,80,3,"East TN",2455501,45.2860740028206,0.0584461152882206,79.6986032585611,6.27163255075034,5.84461152882206
2020-06-17,5560,133,5439,130,121,3,5929,122,142426,1440,148355,1562,3,75,6,366,82,2,"East TN",2455501,47.5666676576389,0.0652617998064724,63.6122730147534,5.41640993019347,6.52617998064724
2020-06-18,5738,178,5616,177,122,1,6135,206,146017,3591,152152,3797,1,76,12,378,82,0,"East TN",2455501,44.0643274020251,0.0574944522896913,154.63239477402,7.24902983138675,5.74944522896913
2020-06-19,5873,135,5747,131,126,4,6253,118,147480,1463,153733,1581,4,80,13,391,83,1,"East TN",2455501,42.5982314810705,0.058352587179625,64.3860458619239,5.49785970357984,5.8352587179625
2020-06-20,5939,66,5812,65,127,1,6348,95,149655,2175,156003,2270,0,80,7,398,83,0,"East TN",2455501,39.2587907722294,0.0546917179570241,92.4454927935277,2.68784252175014,5.46917179570241
2020-06-21,6027,88,5899,87,128,1,6467,119,153005,3350,159472,3469,1,81,3,401,86,3,"East TN",2455501,38.1184939448202,0.0554258394485212,141.274631938655,3.58379002900019,5.54258394485212
2020-06-22,6223,196,6088,189,135,7,6665,198,156416,3411,163081,3609,1,82,7,408,87,1,"East TN",2455501,38.6886423585248,0.0556864894491642,146.976116075701,7.98207779186406,5.56864894491642
2020-06-23,6413,190,6272,184,141,6,6849,184,158220,1804,165069,1988,4,86,15,423,87,0,"East TN",2455501,40.1547382794794,0.0570146640402714,80.9610747460498,7.73772847170496,5.70146640402714
2020-06-24,6591,178,6448,176,143,2,7032,183,159851,1631,166883,1814,2,88,9,432,87,0,"East TN",2455501,41.9873581806727,0.0595315198618307,73.8749444614358,7.24902983138675,5.95315198618307
2020-06-25,6760,169,6608,160,152,9,7216,184,163024,3173,170240,3357,0,88,8,440,87,0,"East TN",2455501,41.620834200434,0.0597633790358249,136.713444629019,6.8825058511481,5.97633790358249
2020-06-26,6974,214,6812,204,162,10,7388,172,164612,1588,172000,1760,1,89,16,456,87,0,"East TN",2455501,44.8381002491956,0.0621339026660097,71.6758005800038,8.71512575234138,6.21339026660097
2020-06-27,7048,74,6881,69,167,5,7434,46,164821,209,172255,255,-1,88,5,461,89,2,"East TN",2455501,45.1638993427411,0.0668225449175486,10.3848461067619,3.01364161529562,6.68225449175486
2020-06-28,7175,127,7006,125,169,2,7605,171,167908,3087,175513,3258,0,88,5,466,90,1,"East TN",2455501,46.7521699237752,0.0709432080294246,132.681680846393,5.17206061003437,7.09432080294246
2020-06-29,7518,343,7347,341,171,2,7945,340,173175,5267,181120,5607,1,89,22,488,91,1,"East TN",2455501,52.7387282676733,0.0709573701424691,228.344439688683,13.9686361357621,7.09573701424691
2020-06-30,7788,270,7613,266,175,4,8393,448,179461,6286,187854,6734,0,89,22,510,92,1,"East TN",2455501,55.996719203128,0.0677638797454466,274.241386991901,10.9957194071597,6.77638797454466
2020-07-01,8063,275,7885,272,178,3,8727,334,182665,3204,191392,3538,0,89,17,527,95,3,"East TN",2455501,59.9470332123668,0.0691582683912032,144.084649120485,11.1993438406256,6.91582683912032
2020-07-02,8543,480,8360,475,183,5,9333,606,189047,6382,198380,6988,2,91,25,552,98,3,"East TN",2455501,72.6124729739471,0.0752309879175551,284.58550821197,19.5479456127283,7.52309879175551
2020-07-03,8769,226,8580,220,189,6,9561,228,192402,3355,201963,3583,5,96,14,566,99,1,"East TN",2455501,73.1011716142653,0.0725227780929813,145.917269021678,9.20382439265958,7.25227780929813
2020-07-04,8989,220,8798,218,191,2,9841,280,197166,4764,207007,5044,2,98,15,581,105,6,"East TN",2455501,79.0470050714701,0.0692622007366483,205.41632848042,8.95947507250048,6.92622007366483
2020-07-05,9309,320,9117,319,192,1,10209,368,201011,3845,211220,4213,2,100,12,593,108,3,"East TN",2455501,86.9069082032546,0.0729268770829249,171.573947638384,13.0319637418189,7.29268770829249
2020-07-06,9543,234,9340,223,203,11,10419,210,202641,1630,213060,1840,4,104,26,619,108,0,"East TN",2455501,82.4678955536976,0.0774577332498435,74.9337915154586,9.52962348620506,7.74577332498435
2020-07-07,9991,448,9779,439,212,9,10985,566,208917,6276,219902,6842,0,104,32,651,109,1,"East TN",2455501,89.7169253850844,0.0808786819770344,278.639674754765,18.2447492385464,8.08786819770345
2020-07-08,10372,381,10150,371,222,10,11419,434,213085,4168,224504,4602,1,105,20,671,109,0,"East TN",2455501,94.0337633745619,0.0812998308770234,187.415928562033,15.5161818301031,8.12998308770234
2020-07-09,10821,449,10585,435,236,14,11891,472,219034,5949,230925,6421,1,106,24,695,113,4,"East TN",2455501,92.7712918870731,0.0785988631126133,261.494497456934,18.2854741252396,7.85988631126133
2020-07-10,11288,467,11040,455,248,12,12344,453,222318,3284,234662,3737,0,106,29,724,115,2,"East TN",2455501,102.58598958013,0.0851096363803174,152.188901572429,19.0185220857169,8.51096363803175
2020-07-11,11594,306,11339,299,255,7,12766,422,226796,4478,239562,4900,5,111,23,747,120,5,"East TN",2455501,106.088329835744,0.0898479496237137,199.551944796602,12.4618153281143,8.98479496237137
2020-07-12,12064,470,11801,462,263,8,13399,633,232725,5929,246124,6562,1,112,25,772,125,5,"East TN",2455501,112.197062839722,0.0913935365574146,267.236706480673,19.1406967457965,9.13935365574146
2020-07-13,12418,354,12142,341,276,13,13742,343,236158,3433,249900,3776,3,115,20,792,129,4,"East TN",2455501,117.084049242904,0.0902008686210641,153.777172153463,14.4166098893871,9.02008686210641
2020-07-14,12933,515,12652,510,281,5,14326,584,240646,4488,254972,5072,4,119,34,826,133,4,"East TN",2455501,119.812616651347,0.0952666096378671,206.556625307829,20.9733166469898,9.52666096378671
2020-07-15,13313,380,13026,374,287,6,14709,383,243742,3096,258451,3479,6,125,24,850,140,7,"East TN",2455501,119.771891764654,0.0969157804813386,141.681880805587,15.4754569434099,9.69157804813386
2020-07-16,14140,827,13838,812,302,15,15806,1097,253573,9831,269379,10928,6,131,44,894,142,2,"East TN",2455501,135.165898934678,0.101809954751131,445.041561783115,33.6794812952632,10.1809954751131
2020-07-17,14608,468,14292,454,316,14,16317,511,257892,4319,274209,4830,3,134,24,918,147,5,"East TN",2455501,135.206623821371,0.100462740536577,196.701202728079,19.0592469724101,10.0462740536577
2020-07-18,15117,509,14786,494,331,15,16985,668,265980,8088,282965,8756,6,140,27,945,150,3,"East TN",2455501,143.473775820087,0.097205262309057,356.587107885519,20.7289673268307,9.7205262309057
2020-07-19,15598,481,15248,462,350,19,17545,560,270832,4852,288377,5412,0,140,26,971,154,4,"East TN",2455501,143.921749573712,0.098123210186259,220.403086783512,19.5886704994215,9.8123210186259
2020-07-20,16033,435,15668,420,365,15,17956,411,273289,2457,291245,2868,2,142,29,1000,158,4,"East TN",2455501,147.22046539586,0.101922844358447,116.798975036052,17.715325711535,10.1922844358447
2020-07-21,17034,1001,16652,984,382,17,19168,1212,281667,8378,300835,9590,1,143,61,1061,161,3,"East TN",2455501,167.012760328748,0.105575300351046,390.551663387635,40.7656115798772,10.5575300351046
2020-07-22,17618,584,17220,568,398,16,19822,654,284967,3300,304789,3954,4,147,29,1090,166,5,"East TN",2455501,175.320637214157,0.11034140446286,161.02620198485,23.7833338288195,11.034140446286
2020-07-23,18412,794,17992,772,420,22,20821,999,295168,10201,315989,11200,4,151,50,1140,172,6,"East TN",2455501,173.976715953282,0.107594936708861,456.118730963661,32.3355600343881,10.7594936708861
2020-07-24,19015,603,18582,590,433,13,21505,684,300975,5807,322480,6491,2,153,34,1174,179,7,"East TN",2455501,179.474575656862,0.107476538708541,264.345239525457,24.55710667599,10.7476538708541
2020-07-25,19992,977,19547,965,445,12,22706,1201,310582,9607,333288,10808,10,163,29,1203,187,8,"East TN",2455501,198.533822629272,0.113685591081613,440.154575379933,39.7882142992408,11.3685591081613
2020-07-26,20767,775,20307,760,460,15,23603,897,318100,7518,341703,8415,1,164,21,1224,194,7,"East TN",2455501,210.506939317068,0.113603120429059,342.699921523143,31.5617871872176,11.3603120429059
2020-07-27,21412,645,20930,623,482,22,24308,705,322563,4463,346871,5168,6,170,38,1262,198,4,"East TN",2455501,219.059165522637,0.114191205551361,210.466214430375,26.2675519171037,11.4191205551361
2020-07-28,22227,815,21722,792,505,23,25280,972,330777,8214,356057,9186,7,177,50,1312,203,5,"East TN",2455501,211.484336597704,0.110680525877368,374.098809163588,33.190782654945,11.0680525877368
2020-07-29,22570,343,22054,332,516,11,25596,316,332347,1570,357943,1886,5,182,24,1336,212,9,"East TN",2455501,201.669638904647,0.108627760845844,76.807136303345,13.9686361357621,10.8627760845844
2020-07-30,23757,1187,23226,1172,531,15,26976,1380,344877,12530,371853,13910,5,187,46,1382,219,7,"East TN",2455501,217.674519375068,0.110178290133181,566.48317390219,48.3404405048094,11.0178290133181
2020-07-31,24379,622,23832,606,547,16,27630,654,348844,3967,376474,4621,6,193,27,1409,228,9,"East TN",2455501,218.448292222239,0.11343853020706,188.189701409203,25.3308795231604,11.343853020706
2020-08-01,24938,559,24374,542,564,17,28266,636,355819,6975,384085,7611,1,194,16,1425,231,3,"East TN",2455501,201.425289584488,0.109455282792291,309.957112621823,22.7652116614899,10.9455282792291
2020-08-02,25369,431,24794,420,575,11,28749,483,359614,3795,388363,4278,4,198,21,1446,236,5,"East TN",2455501,187.415928562033,0.110287183883412,174.221065273441,17.5524261647623,11.0287183883412
2020-08-03,25995,626,25402,608,593,18,29457,708,363758,4144,393215,4852,3,201,39,1485,244,8,"East TN",2455501,186.642155714862,0.111103918522355,197.597150235329,25.4937790699332,11.1103918522355
2020-08-04,26481,486,25868,466,613,20,29983,526,369128,5370,399111,5896,6,207,34,1519,253,9,"East TN",2455501,173.243667992805,0.109234914293678,240.113931943013,19.7922949328874,10.9234914293678
2020-08-05,26949,468,26328,460,621,8,30504,521,373340,4212,403844,4733,9,216,20,1539,259,6,"East TN",2455501,178.334278829453,0.106925775037581,192.75088871884,19.0592469724101,10.6925775037581
2020-08-06,27679,730,27020,692,659,38,31355,851,380409,7069,411764,7920,7,223,37,1576,265,6,"East TN",2455501,159.723005610668,0.109719125053243,322.541102610017,29.7291672860243,10.9719125053243
2020-08-07,28234,555,27561,541,673,14,31974,619,384377,3968,416351,4587,6,229,34,1610,278,13,"East TN",2455501,156.994438202224,0.108934975048273,186.805055261635,22.6023121147171,10.8934975048273
2020-08-08,28909,675,28224,663,685,12,32774,800,394454,10077,427228,10877,8,237,24,1634,289,11,"East TN",2455501,161.718525058634,0.104489720232714,442.964592561762,27.4892985178992,10.4489720232714
2020-08-09,29437,528,28740,516,697,12,33408,634,398755,4301,432163,4935,2,239,20,1654,296,7,"East TN",2455501,165.668839067873,0.106369863013699,200.977315830863,21.5027401740012,10.6369863013699
2020-08-10,29740,303,29032,292,708,11,33736,328,401044,2289,434780,2617,3,242,26,1680,300,4,"East TN",2455501,152.514700665974,0.102947191146397,106.577028476063,12.3396406680348,10.2947191146397
2020-08-11,30352,612,29627,595,725,17,34421,685,407141,6097,441562,6782,17,259,28,1708,305,5,"East TN",2455501,157.646036389315,0.104544062566253,276.196181553174,24.9236306562286,10.4544062566253
2020-08-12,30797,445,30051,424,746,21,34895,474,410889,3748,445784,4222,6,265,25,1733,310,5,"East TN",2455501,156.709363995372,0.104697186456843,171.940471618623,18.1225745784669,10.4697186456843
2020-08-13,31614,817,30855,804,759,13,36012,1117,419450,8561,455462,9678,6,271,44,1777,318,8,"East TN",2455501,160.252429137679,0.106572383175431,394.135453416635,33.2722324283313,10.6572383175431
2020-08-14,32075,461,31287,432,788,29,36546,534,424106,4656,460652,5190,4,275,18,1795,325,7,"East TN",2455501,156.42428978852,0.103203087966412,211.362161937625,18.7741727655578,10.3203087966412
2020-08-15,32725,650,31925,638,800,12,37423,877,431041,6935,468464,7812,4,279,17,1812,334,9,"East TN",2455501,155.40616762119,0.112741294014938,318.142814847153,26.4711763505696,11.2741294014938
2020-08-16,33199,474,32388,463,811,11,38016,593,436505,5464,474521,6057,2,281,10,1822,343,9,"East TN",2455501,153.207023739758,0.108787005996506,246.670638700615,19.3035962925692,10.8787005996506
2020-08-17,33472,273,32591,203,881,70,38243,227,437974,1469,476217,1696,8,289,12,1834,349,6,"East TN",2455501,151.985277138963,0.108767526606656,69.0694078316401,11.1178940672392,10.8767526606656
2020-08-18,34102,630,33156,565,946,65,39055,812,448566,10592,487621,11404,8,297,22,1856,352,3,"East TN",2455501,152.71832509944,0.100610087062246,464.42660784907,25.6566786167059,10.0610087062246
2020-08-19,34557,455,33590,434,967,21,39552,497,453349,4783,492901,5280,7,304,22,1878,359,7,"East TN",2455501,153.125573966372,0.0988390602118131,215.027401740011,18.5298234453987,9.88390602118131
2020-08-20,35333,776,34345,755,988,21,40424,872,464881,11532,505305,12404,6,310,27,1905,367,8,"East TN",2455501,151.455853611951,0.0885179463515438,505.151494542254,31.6025120739108,8.85179463515438
2020-08-21,35542,209,34542,197,1000,12,40637,213,467332,2451,507969,2664,17,327,17,1922,374,7,"East TN",2455501,141.193182165269,0.0864594120506372,108.491098150642,8.51150131887546,8.64594120506372
2020-08-22,36411,869,35399,857,1012,12,41609,972,480698,13366,522307,14338,2,329,20,1942,381,7,"East TN",2455501,150.111932351076,0.0777445536095686,583.913425406872,35.3899265363769,7.77445536095686
2020-08-23,36664,253,35641,242,1023,11,41863,254,485802,5104,527665,5358,0,329,20,1962,386,5,"East TN",2455501,141.111732391883,0.072388228210146,218.20394290208,10.3033963333756,7.2388228210146
2020-08-24,36856,192,35816,175,1040,17,42061,198,487145,1343,529206,1541,8,337,15,1977,396,10,"East TN",2455501,137.813016569735,0.072052690180981,62.7570503941965,7.81917824509133,7.2052690180981
2020-08-25,37470,614,36405,589,1065,25,42746,685,496872,9727,539618,10412,16,353,23,2000,405,9,"East TN",2455501,137.161418382644,0.0709848645114141,424.027520249432,25.005080429615,7.09848645114141
2020-08-26,37813,343,36723,318,1090,25,43129,383,500834,3962,543963,4345,6,359,11,2011,413,8,"East TN",2455501,132.600231073007,0.0700520935333516,176.949632681884,13.9686361357621,7.00520935333516
2020-08-27,38674,861,37567,844,1107,17,44105,976,511121,10287,555226,11263,8,367,29,2040,420,7,"East TN",2455501,136.061846441928,0.0737365036758078,458.684398825331,35.0641274428314,7.37365036758078
2020-08-28,39008,334,37881,314,1127,20,44443,338,513730,2609,558173,2947,12,379,10,2050,426,6,"East TN",2455501,141.152457278576,0.0758106923751096,120.016241084813,13.6021121555235,7.58106923751096
2020-08-29,39459,451,38316,435,1143,16,44971,528,520249,6519,565220,7047,8,387,16,2066,435,9,"East TN",2455501,124.129454640825,0.0783445575932701,286.988276526868,18.366923898626,7.83445575932701
2020-08-30,39722,263,38568,252,1154,11,45238,267,522130,1881,567368,2148,8,395,14,2080,438,3,"East TN",2455501,124.536703507757,0.0850061708183261,87.4770566169592,10.7106452003074,8.50061708183261
2020-08-31,40129,407,38946,378,1183,29,45688,450,525616,3486,571304,3936,2,397,17,2097,443,5,"East TN",2455501,133.292554146791,0.0861561119293078,160.293154024372,16.5750288841259,8.61561119293078
2020-09-01,40736,607,39511,565,1225,42,46362,674,531279,5663,577641,6337,6,403,28,2125,452,9,"East TN",2455501,133.007479939939,0.0951003340083634,258.073606974707,24.7200062227627,9.51003340083634
2020-09-02,41224,488,39970,459,1254,29,46815,453,536072,4793,582887,5246,7,410,22,2147,459,7,"East TN",2455501,138.912588510451,0.0946973589559141,213.642755592443,19.8737447062738,9.46973589559141
2020-09-03,41779,555,40492,522,1287,33,47462,647,544328,8256,591790,8903,6,416,22,2169,462,3,"East TN",2455501,126.450773182336,0.0918116179849032,362.573666229417,22.6023121147171,9.18116179849032
2020-09-04,42136,357,40835,343,1301,14,47810,348,547660,3332,595470,3680,7,423,11,2180,463,1,"East TN",2455501,127.38744557628,0.0902753572673405,149.867583030917,14.5387845494667,9.02753572673405
2020-09-05,43134,998,41818,983,1316,15,48900,1090,556971,9311,605871,10401,1,424,26,2206,469,6,"East TN",2455501,149.663958597451,0.0966519888809623,423.579546495807,40.6434369197976,9.66519888809623
2020-09-06,43397,263,42065,247,1332,16,49168,268,559595,2624,608763,2892,0,424,9,2215,483,14,"East TN",2455501,149.663958597451,0.0949390022949632,117.776372316688,10.7106452003074,9.49390022949632
2020-09-07,43601,204,42262,197,1339,7,49405,237,560931,1336,610336,1573,3,427,13,2228,487,4,"East TN",2455501,141.396806598735,0.0952295552367288,64.0602467683784,8.30787688540954,9.52295552367288
2020-09-08,43912,311,42551,289,1361,22,49725,320,564356,3425,614081,3745,7,434,24,2252,494,7,"East TN",2455501,129.342240137552,0.0922886937431394,152.514700665974,12.6654397615802,9.22886937431394
2020-09-09,44245,333,42867,316,1378,17,50099,374,569498,5142,619597,5516,6,440,16,2268,501,7,"East TN",2455501,123.029882700109,0.0894579133751022,224.638474999603,13.5613872688303,8.94579133751022
2020-09-10,44920,675,43505,638,1415,37,50806,707,577304,7806,628110,8513,18,458,39,2307,512,11,"East TN",2455501,127.916869103291,0.0920704845814978,346.690960419075,27.4892985178992,9.20704845814978
2020-09-11,45245,325,43807,302,1438,23,51160,354,581459,4155,632619,4509,17,475,26,2333,523,11,"East TN",2455501,126.613672729109,0.0901773937387278,183.628514099567,13.2355881752848,9.01773937387278
2020-09-12,45663,418,44207,400,1456,18,51671,511,588443,6984,640114,7495,10,485,14,2347,534,11,"East TN",2455501,102.993238447062,0.0809216482200742,305.233025765414,17.0230026377509,8.09216482200742
2020-09-13,46102,439,44626,419,1476,20,52171,500,594017,5574,646188,6074,2,487,21,2368,539,5,"East TN",2455501,110.160818505063,0.0802404809619238,247.3629617744,17.8782252583078,8.02404809619238
2020-09-14,46546,444,45055,429,1491,15,52656,485,598990,4973,651646,5458,9,496,25,2393,549,10,"East TN",2455501,119.934791311427,0.0786976519002663,222.276431571398,18.0818496917737,7.86976519002663
2020-09-15,47039,493,45511,456,1528,37,53196,540,607164,8174,660360,8714,7,503,20,2413,552,3,"East TN",2455501,127.346720689586,0.0750016206054582,354.876662644405,20.0773691397397,7.50016206054582
2020-09-16,47392,353,45821,310,1571,43,53590,394,610578,3414,664168,3808,6,509,17,2430,561,9,"East TN",2455501,128.16121842345,0.0783244710686321,155.080368527645,14.375885002694,7.83244710686321
2020-09-17,47943,551,46340,519,1603,32,54167,577,617753,7175,671920,7752,8,517,21,2451,572,11,"East TN",2455501,123.111332473495,0.0767176443734307,315.699321645562,22.4394125679444,7.67176443734307
2020-09-18,48477,534,46826,486,1651,48,54733,566,625866,8113,680599,8679,17,534,30,2481,578,6,"East TN",2455501,131.622833792371,0.074468528553564,353.451291610144,21.7470894941603,7.4468528553564
2020-09-19,48985,508,47311,485,1674,23,55306,573,634218,8352,689524,8925,3,537,30,2511,580,2,"East TN",2455501,135.288073594757,0.0735681036227484,363.469613736667,20.6882424401375,7.35681036227484
2020-09-20,49291,306,47592,281,1699,25,55635,329,639176,4958,694811,5287,1,538,13,2524,591,11,"East TN",2455501,129.871663664564,0.0712420048125373,215.312475946864,12.4618153281143,7.12420048125373
2020-09-21,49454,163,47725,133,1729,30,55787,152,640692,1516,696479,1668,3,541,9,2533,596,5,"East TN",2455501,118.427970503779,0.0698369504605982,67.9291110042309,6.63815653098899,6.98369504605982
2020-09-22,49914,460,48127,402,1787,58,56277,490,646841,6149,703118,6639,6,547,29,2562,603,7,"East TN",2455501,117.084049242904,0.0720566911455166,270.372522756049,18.7334478788646,7.20566911455166
2020-09-23,50208,294,48381,254,1827,40,56559,282,648934,2093,705493,2375,8,555,13,2575,612,9,"East TN",2455501,114.681280928006,0.0718451300665457,96.721605896312,11.9731166877961,7.18451300665457
2020-09-24,50671,463,48823,442,1848,21,57039,480,655824,6890,712863,7370,11,566,28,2603,617,5,"East TN",2455501,111.097490899006,0.0701463009549862,300.142414928766,18.8556225389442,7.01463009549862
2020-09-25,51125,454,49253,430,1872,24,57525,486,662498,6674,720023,7160,11,577,18,2621,624,7,"East TN",2455501,107.839499963551,0.0708198051948052,291.590188723197,18.4890985587055,7.08198051948052
2020-09-26,51683,558,49787,534,1896,24,58163,638,673052,10554,731215,11192,5,582,29,2650,631,7,"East TN",2455501,109.87574429821,0.0685279796598786,455.792931870115,22.7244867747967,6.85279796598786
2020-09-27,52076,393,50152,365,1924,28,58570,407,679069,6017,737639,6424,3,585,30,2680,638,7,"East TN",2455501,113.418809440517,0.0685299336882413,261.616672117014,16.0048804704213,6.85299336882413
2020-09-28,52310,234,50347,195,1963,39,58795,225,680755,1686,739550,1911,4,589,15,2695,645,7,"East TN",2455501,116.310276395733,0.0698381741775208,77.8252584706746,9.52962348620506,6.98381741775208
2020-09-29,52693,383,50687,340,2006,43,59192,397,686563,5808,745755,6205,9,598,33,2728,647,2,"East TN",2455501,113.174460120358,0.0683678495203696,252.697921931207,15.5976316034895,6.83678495203696
2020-09-30,53175,482,51137,450,2038,32,59668,476,690001,3438,749669,3914,6,604,23,2751,651,4,"East TN",2455501,120.830738818677,0.0703775805867439,159.397206517122,19.6293953861147,7.0377580586744
2020-10-01,53563,388,51486,349,2077,39,60047,379,693279,3278,753326,3657,11,615,31,2782,656,5,"East TN",2455501,117.776372316688,0.0743395200553592,148.930910636974,15.8012560369554,7.43395200553592
2020-10-02,54027,464,51922,436,2105,28,60509,462,696900,3621,757409,4083,2,617,17,2799,660,4,"East TN",2455501,118.18362118362,0.079815973893971,166.27971236827,18.8963474256374,7.9815973893971
2020-10-03,54432,405,52310,388,2122,17,60992,483,704358,7458,765350,7941,12,629,22,2821,666,6,"East TN",2455501,111.952713519563,0.082876812655632,323.396325230574,16.4935791107395,8.2876812655632
2020-10-04,54887,455,52735,425,2152,30,61531,539,714480,10122,776011,10661,4,633,27,2848,679,13,"East TN",2455501,114.47765649454,0.0771656416136766,434.168017036035,18.5298234453987,7.71656416136766
2020-10-05,55558,671,53347,612,2211,59,62282,751,721729,7249,784011,8000,5,638,42,2890,688,9,"East TN",2455501,132.274431979462,0.0784282854636648,325.799093545472,27.3263989711265,7.84282854636648
2020-10-06,56308,750,54013,666,2295,84,63021,739,728366,6637,791387,7376,8,646,46,2936,697,9,"East TN",2455501,147.22046539586,0.0839104137447405,300.386764248925,30.543665019888,8.39104137447405
2020-10-07,57045,737,54672,659,2373,78,63729,708,735117,6751,798846,7459,3,649,38,2974,703,6,"East TN",2455501,157.605311502622,0.0825792545295565,303.766929844459,30.0142414928766,8.25792545295565
2020-10-08,57763,718,55329,657,2434,61,64407,678,741575,6458,805982,7136,10,659,32,3006,709,6,"East TN",2455501,171.044524111373,0.082801580066849,290.612791442561,29.2404686457061,8.2801580066849
2020-10-09,58304,541,55828,499,2476,42,64967,560,747054,5479,812021,6039,4,663,20,3026,716,7,"East TN",2455501,174.180340386748,0.0816304108987036,245.937590740138,22.0321637010125,8.16304108987036
2020-10-10,58922,618,56416,588,2506,30,65636,669,755480,8426,821116,9095,12,675,20,3046,730,14,"East TN",2455501,182.854741252396,0.08327654843453,370.392844474508,25.1679799763877,8.327654843453
2020-10-11,59865,943,57328,912,2537,31,66665,1029,765906,10426,832571,11455,1,676,37,3083,737,7,"East TN",2455501,202.72848595867,0.0907708628005658,466.503577070423,38.4035681516725,9.07708628005658
2020-10-12,60221,356,57613,285,2608,71,66982,317,768827,2921,835809,3238,6,682,19,3102,748,11,"East TN",2455501,189.900146650317,0.0907370940962972,131.86718311253,14.4980596627735,9.07370940962972
2020-10-13,60726,505,58066,453,2660,52,67466,484,773208,4381,840674,4865,9,691,24,3126,755,7,"East TN",2455501,179.922549410487,0.0901860531174549,198.12657376234,20.5660677800579,9.01860531174549
2020-10-14,61600,874,58878,812,2722,62,68314,848,779392,6184,847706,7032,1,692,44,3170,762,7,"East TN",2455501,185.501858887453,0.0938395415472779,286.37740322647,35.5935509698428,9.38395415472779
2020-10-15,62109,509,59318,440,2791,69,68779,465,783545,4153,852324,4618,14,706,19,3189,771,9,"East TN",2455501,176.990357568578,0.0943420655129256,188.067526749124,20.7289673268307,9.43420655129256
2020-10-16,62748,639,59914,596,2834,43,69363,584,787634,4089,856997,4673,2,708,22,3211,783,12,"East TN",2455501,180.98139646451,0.097741017431519,190.307395517249,26.0232025969446,9.7741017431519
2020-10-17,63466,718,60595,681,2871,37,70223,860,796417,8783,866640,9643,6,714,37,3248,790,7,"East TN",2455501,185.053885133828,0.100760038660926,392.710082382373,29.2404686457061,10.0760038660926
2020-10-18,64270,804,61353,758,2917,46,71093,870,804525,8108,875618,8978,3,717,39,3287,798,8,"East TN",2455501,179.393125883476,0.102864311101819,365.628032731406,32.7428089013199,10.2864311101819
2020-10-19,65018,748,62038,685,2980,63,71852,759,809423,4898,881275,5657,3,720,67,3354,809,11,"East TN",2455501,195.357281467204,0.107113007522104,230.380684023342,30.4622152465016,10.7113007522104
2020-10-20,65704,686,62647,609,3057,77,72543,691,813037,3614,885580,4305,15,735,32,3386,822,13,"East TN",2455501,202.72848595867,0.113058388634036,175.320637214157,27.9372722715242,11.3058388634036
2020-10-21,66297,593,63199,552,3098,41,73159,616,816780,3743,889939,4359,5,740,27,3413,836,14,"East TN",2455501,191.284792797885,0.114720716027751,177.519781095589,24.1498578090581,11.4720716027751
2020-10-22,67427,1130,64235,1036,3192,94,74260,1101,825344,8564,899604,9665,10,750,43,3456,851,15,"East TN",2455501,216.574947434353,0.115926395939086,393.606029889623,46.0191219632979,11.5926395939086
2020-10-23,68398,971,65139,904,3259,67,75230,970,832460,7116,907690,8086,19,769,39,3495,859,8,"East TN",2455501,230.09560981649,0.115735900420176,329.301433801086,39.5438649790817,11.5735900420176
2020-10-24,69635,1237,66314,1175,3321,62,76557,1327,842981,10521,919538,11848,12,781,50,3545,876,17,"East TN",2455501,251.231826010252,0.119739876743922,482.508457540844,50.3766848394686,11.9739876743922
2020-10-25,70564,929,67186,872,3378,57,77604,1047,850856,7875,928460,8922,9,790,43,3588,887,11,"East TN",2455501,256.3224368469,0.123216380909125,363.347439076588,37.8334197379679,12.3216380909125
2020-10-26,71026,462,67592,406,3434,56,78038,434,853611,2755,931649,3189,6,796,21,3609,900,13,"East TN",2455501,244.675119252649,0.122801445189979,129.871663664564,18.814897652251,12.2801445189979
2020-10-27,71868,842,68304,712,3564,130,78821,783,857995,4384,936816,5167,12,808,54,3663,924,24,"East TN",2455501,251.028201576786,0.122531032867515,210.425489543682,34.2903545956609,12.2531032867515
2020-10-28,72865,997,69215,911,3650,86,79791,970,865211,7216,945002,8186,13,821,41,3704,938,14,"East TN",2455501,267.481055800833,0.120443855220384,333.373922470404,40.6027120331044,12.0443855220384
2020-10-29,73773,908,70008,793,3765,115,80625,834,871713,6502,952338,7336,11,832,40,3744,950,12,"East TN",2455501,258.440130954946,0.120700117571206,298.757768781198,36.9781971174111,12.0700117571206
2020-10-30,74673,900,70815,807,3858,93,81465,840,876569,4856,958034,5696,28,860,39,3783,966,16,"East TN",2455501,255.54866399973,0.123847926267281,231.968954604376,36.6523980238656,12.3847926267281
2020-10-31,74687,14,70829,14,3858,0,81481,16,876590,21,958071,37,5,865,0,3783,977,11,"East TN",2455501,205.742127573966,0.127786572548205,1.50682080764781,0.570148413704576,12.7786572548205
2020-11-01,75194,507,71219,390,3975,117,81951,470,883153,6563,965104,7033,0,865,27,3810,993,16,"East TN",2455501,188.556225389442,0.118627879052505,286.418128113163,20.6475175534443,11.8627879052505
2020-11-02,76004,810,71961,742,4043,68,82726,775,887381,4228,970107,5003,11,876,38,3848,1007,14,"East TN",2455501,202.72848595867,0.121899214727755,203.746608126,32.987158221479,12.1899214727755
2020-11-03,77044,1040,72921,960,4123,80,83802,1076,894243,6862,978045,7938,31,907,29,3877,1020,13,"East TN",2455501,210.79201352392,0.120813019961677,323.274150570495,42.3538821609114,12.0813019961677
2020-11-04,77955,911,73733,812,4222,99,84649,847,899128,4885,983777,5732,6,913,35,3912,1044,24,"East TN",2455501,207.289673268307,0.12528691166989,233.435050525331,37.1003717774906,12.528691166989
2020-11-05,78533,578,74217,484,4316,94,85150,501,901789,2661,986939,3162,17,930,27,3939,1058,14,"East TN",2455501,193.850460659556,0.130776567151238,128.772091723848,23.5389845086603,13.0776567151238
2020-11-06,79499,966,75066,849,4433,117,86077,927,908196,6407,994273,7334,10,940,37,3976,1082,24,"East TN",2455501,196.538303181306,0.127266204917354,298.676319007811,39.3402405456157,12.7266204917354
2020-11-07,80826,1327,76307,1241,4519,86,87496,1419,919116,10920,1006612,12339,21,961,52,4028,1092,10,"East TN",2455501,250.010079409457,0.123915864938918,502.504376907197,54.0419246418552,12.3915864938918
2020-11-08,82383,1557,77746,1439,4637,118,89163,1667,932015,12899,1021178,14566,3,964,52,4080,1109,17,"East TN",2455501,292.7712104373,0.128615757748689,593.198699572918,63.4086485812875,12.8615757748689
2020-11-09,83002,619,78285,539,4717,80,89743,580,935467,3452,1025210,4032,9,973,19,4099,1120,11,"East TN",2455501,284.992757078902,0.127343338838176,164.202743146918,25.2087048630809,12.7343338838176
2020-11-10,83941,939,79135,850,4806,89,90666,923,940468,5001,1031134,5924,27,1000,44,4143,1138,18,"East TN",2455501,280.87954352289,0.12929232044303,241.254228770422,38.2406686048998,12.929232044303
2020-11-11,85245,1304,80235,1100,5010,204,91835,1169,947015,6547,1038850,7716,26,1026,59,4202,1152,14,"East TN",2455501,296.884423993311,0.130481361102537,314.233225724608,53.1052522479119,13.0481361102537
2020-11-12,86082,837,80940,705,5142,132,92599,764,951228,4213,1043827,4977,15,1041,34,4236,1170,18,"East TN",2455501,307.432169646846,0.130941499085923,202.687761071977,34.086730162195,13.0941499085923
2020-11-13,87540,1458,82227,1287,5313,171,93898,1299,957087,5859,1050985,7158,27,1068,47,4283,1186,16,"East TN",2455501,327.468813899893,0.137907321201862,291.508738949811,59.3768847986623,13.7907321201862
2020-11-14,89015,1475,83618,1391,5397,84,95433,1535,965982,8895,1061415,10430,7,1075,52,4335,1215,29,"East TN",2455501,333.496097130484,0.144827837892086,424.760568209909,60.0692078724464,14.4827837892086
2020-11-15,90967,1952,85351,1733,5616,219,97393,1960,977151,11169,1074544,13129,7,1082,56,4391,1232,17,"East TN",2455501,349.582427374291,0.154218041449612,534.677037394813,79.4949788250952,15.4218041449612
2020-11-16,92492,1525,86750,1399,5742,126,98930,1537,984770,7619,1083700,9156,10,1092,41,4432,1251,19,"East TN",2455501,386.479174718316,0.157069584544367,372.877062562793,62.1054522071056,15.7069584544367
2020-11-17,93704,1212,87869,1119,5835,93,100151,1221,989913,5143,1090064,6364,31,1123,46,4478,1278,27,"East TN",2455501,397.597068785555,0.160953673850331,259.173178915423,49.358562672139,16.0953673850331
2020-11-18,94902,1198,88825,956,6077,242,101184,1033,995057,5144,1096241,6177,14,1137,53,4531,1293,15,"East TN",2455501,393.280230796078,0.162900106288442,251.557625103798,48.7884142584344,16.2900106288442
2020-11-19,95982,1080,89706,881,6276,199,102043,859,999718,4661,1101761,5520,45,1182,52,4583,1313,20,"East TN",2455501,403.176378262522,0.163013083854041,224.801374546376,43.9828776286387,16.3013083854041
2020-11-20,97108,1126,90669,963,6439,163,103066,1023,1004617,4899,1107683,5922,28,1210,36,4619,1339,26,"East TN",2455501,389.655715880384,0.161698825355392,241.172778997036,45.8562224165252,16.1698825355392
2020-11-21,98326,1218,91733,1064,6593,154,104165,1099,1011023,6406,1115188,7505,3,1213,47,4666,1363,24,"East TN",2455501,379.189420000236,0.162386327710933,305.640274632346,49.6029119922981,16.2386327710933
2020-11-22,99912,1586,93162,1429,6750,157,105831,1666,1020624,9601,1126455,11267,17,1230,57,4723,1390,27,"East TN",2455501,364.284111470531,0.162547436959411,458.847298372104,64.5896702953898,16.2547436959411
2020-11-23,100803,891,93920,758,6883,133,106533,702,1023740,3116,1130273,3818,18,1248,35,4758,1417,27,"East TN",2455501,338.464533307052,0.163249092822021,155.487617394577,36.2858740436269,16.3249092822021
2020-11-24,101714,911,94655,735,7059,176,107238,705,1026767,3027,1134005,3732,13,1261,57,4815,1445,28,"East TN",2455501,326.206342412404,0.161284449602877,151.985277138963,37.1003717774906,16.1284449602877
2020-11-25,102620,906,95341,686,7279,220,107783,545,1029075,2308,1136858,2853,38,1299,56,4871,1470,25,"East TN",2455501,314.314675497994,0.162468916955954,116.188101735654,36.8967473440247,16.2468916955954
2020-11-26,104085,1465,96728,1387,7357,78,109452,1669,1037440,8365,1146892,10034,18,1317,25,4896,1489,19,"East TN",2455501,329.99375687487,0.164166537413308,408.633513079408,59.6619590055146,16.4166537413308
2020-11-27,105788,1703,98294,1566,7494,137,111201,1749,1044979,7539,1156180,9288,5,1322,50,4946,1517,28,"East TN",2455501,353.492016496837,0.167742334577397,378.252747606293,69.3544820384923,16.7742334577397
2020-11-28,107412,1624,99674,1380,7738,244,112695,1494,1052509,7530,1165204,9024,2,1324,45,4991,1545,28,"East TN",2455501,370.02632049427,0.170545425463852,367.501377519292,66.1372159897308,17.0545425463852
2020-11-29,109699,2287,101794,2120,7905,167,115020,2325,1063204,10695,1178224,13020,4,1328,51,5042,1570,25,"East TN",2455501,398.574466066192,0.177500048291449,530.238024745256,93.1378158673118,17.7500048291449
2020-11-30,111933,2234,103799,2005,8134,229,117240,2220,1072654,9450,1189894,11670,15,1343,53,5095,1601,31,"East TN",2455501,453.267988895138,0.179584374633099,475.259427709457,90.979396872573,17.9584374633099
2020-12-01,114194,2261,105805,2006,8389,255,119378,2138,1081489,8835,1200867,10973,20,1363,63,5158,1629,28,"East TN",2455501,508.246585930936,0.181568005743173,446.874181684308,92.078968813289,18.1568005743172
2020-12-02,115251,1057,106718,913,8533,144,120254,876,1084397,2908,1204651,3784,15,1378,42,5200,1662,33,"East TN",2455501,514.396043821607,0.183957045712684,154.102971247008,43.0462052346955,18.3957045712684
2020-12-03,117059,1808,108287,1569,8772,239,121976,1722,1090388,5991,1212364,7713,33,1411,45,5245,1683,21,"East TN",2455501,528.364679957369,0.191287878787879,314.111051064528,73.6305951412767,19.1287878787879
2020-12-04,118788,1729,109675,1388,9113,341,123434,1458,1095908,5520,1219342,6978,37,1448,36,5281,1718,35,"East TN",2455501,529.423527011392,0.193676577689117,284.178259345038,70.4133290925151,19.3676577689117
2020-12-05,119921,1133,110584,909,9337,224,124363,929,1098972,3064,1223335,3993,5,1453,24,5305,1744,26,"East TN",2455501,509.427607645039,0.200719065558824,162.614472565884,46.1412966233775,20.0719065558824
2020-12-06,121390,1469,111847,1263,9543,206,125604,1241,1103464,4492,1229068,5733,20,1473,40,5345,1780,36,"East TN",2455501,476.114650330014,0.20816615529856,233.475775412024,59.8248585522873,20.816615529856
2020-12-07,124113,2723,114252,2405,9861,318,128175,2571,1113010,9546,1241185,12117,31,1504,51,5396,1802,22,"East TN",2455501,496.029119922981,0.2131952974206,493.46345206131,110.89386646554,21.31952974206
2020-12-08,126877,2764,116615,2363,10262,401,130706,2531,1121369,8359,1252075,10890,45,1549,71,5467,1826,24,"East TN",2455501,516.513737929653,0.221215435088267,443.494016088774,112.563586819961,22.1215435088267
2020-12-09,129521,2644,118998,2383,10523,261,133283,2577,1128467,7098,1261750,9675,21,1570,56,5523,1849,23,"East TN",2455501,581.144133111736,0.228182630168654,394.013278756555,107.676600416778,22.8182630168654
2020-12-10,132596,3075,121680,2682,10916,393,136233,2950,1139936,11469,1276169,14419,30,1600,74,5597,1886,37,"East TN",2455501,632.742564552,0.223446438366899,587.21214122902,125.229026581541,22.3446438366899
2020-12-11,134580,1984,123428,1748,11152,236,138023,1790,1147107,7171,1285130,8961,35,1635,50,5647,1911,25,"East TN",2455501,643.127410658762,0.221757767373989,364.935709657622,80.798175199277,22.1757767373989
2020-12-12,137841,3261,126155,2727,11686,534,140997,2974,1158339,11232,1299336,14206,21,1656,73,5720,1936,25,"East TN",2455501,729.789969541857,0.218865541242878,578.537740363372,132.803855506473,21.8865541242878
2020-12-13,142131,4290,130014,3859,12117,431,145361,4364,1175619,17280,1320980,21644,15,1671,62,5782,1970,34,"East TN",2455501,844.674874903329,0.214955609713639,881.449447587274,174.709763913759,21.4955609713639
2020-12-14,144990,2859,132471,2457,12519,402,148034,2673,1184897,9278,1332931,11951,37,1708,72,5854,2004,34,"East TN",2455501,850.213459493602,0.216456303272077,486.703120870242,116.432451055813,21.6456303272077
2020-12-15,149116,4126,136011,3540,13105,586,151897,3863,1199918,15021,1351815,18884,34,1742,94,5948,2035,31,"East TN",2455501,905.680755169719,0.212462402245839,769.048760314087,168.030882496077,21.2462402245839
2020-12-16,152334,3218,138268,2257,14066,961,154283,2386,1207814,7896,1362097,10282,19,1761,60,6008,2077,42,"East TN",2455501,929.056840131607,0.209273819845137,418.733284979318,131.052685378666,20.9273819845137
2020-12-17,156401,4067,141640,3372,14761,695,157890,3607,1218513,10699,1376403,14306,58,1819,75,6083,2116,39,"East TN",2455501,969.455927731245,0.216064409282279,582.61022903269,165.628114181179,21.6064409282279
2020-12-18,159608,3207,144376,2736,15232,471,160769,2879,1227202,8689,1387971,11568,43,1862,62,6145,2146,30,"East TN",2455501,1019.26246415701,0.221176379070604,471.105489266752,130.604711625041,22.1176379070604
2020-12-19,162248,2640,146618,2242,15630,398,163237,2468,1235565,8363,1398802,10831,27,1889,41,6186,2183,37,"East TN",2455501,993.972309520542,0.223593991916836,441.091247773876,107.513700870006,22.3593991916836
2020-12-20,165878,3630,149583,2965,16295,665,166553,3316,1249508,13943,1416061,17259,16,1905,55,6241,2217,34,"East TN",2455501,967.09388430304,0.222883646575026,702.870819437663,147.831338696258,22.2883646575026
2020-12-21,168191,2313,151325,1742,16866,571,168456,1903,1256420,6912,1424876,8815,14,1919,35,6276,2252,35,"East TN",2455501,944.858096168562,0.222111044646256,358.989876200417,94.1966629213346,22.2111044646256
2020-12-22,170845,2654,153026,1701,17819,953,170255,1799,1261473,5053,1431728,6852,62,1981,60,6336,2297,45,"East TN",2455501,884.911062956195,0.229724825748001,279.046923621697,108.08384928371,22.9724825748001
2020-12-23,173063,2218,154472,1446,18591,772,171795,1540,1267250,5777,1439045,7317,41,2022,35,6371,2337,40,"East TN",2455501,844.186176263011,0.227582263346676,297.983995934027,90.3277986854821,22.7582263346676
2020-12-24,175155,2092,155930,1458,19225,634,173393,1598,1273539,6289,1446932,7887,15,2037,30,6401,2375,38,"East TN",2455501,763.754525043973,0.219810290802365,321.197181349142,85.1964629621409,21.9810290802365
2020-12-25,177521,2366,157909,1979,19612,387,175559,2166,1282086,8547,1457645,10713,3,2040,27,6428,2411,36,"East TN",2455501,729.504895335005,0.212274306053908,436.28571114408,96.3550819160733,21.2274306053908
2020-12-26,179460,1939,159376,1467,20084,472,177171,1612,1287739,5653,1464910,7265,2,2042,43,6471,2449,38,"East TN",2455501,700.956749763083,0.210776305439584,295.866301825982,78.9655552980838,21.0776305439584
2020-12-27,180756,1296,160286,910,20470,386,178161,990,1290532,2793,1468693,3783,27,2069,41,6512,2480,31,"East TN",2455501,605.904864221191,0.220550235598115,154.062246360315,52.7794531543665,22.0550235598115
2020-12-28,182152,1396,161264,978,20888,418,179181,1020,1292351,1819,1471532,2839,25,2094,42,6554,2517,37,"East TN",2455501,568.560143123542,0.229873971193416,115.617953321949,56.8519418236849,22.9873971193416
2020-12-29,185057,2905,162990,1726,22067,1179,180959,1778,1296438,4087,1477397,5865,50,2144,64,6618,2559,42,"East TN",2455501,578.782089683531,0.234382184851869,238.851460455524,118.3057958437,23.4382184851869
2020-12-30,187385,2328,164606,1616,22779,712,182636,1677,1300917,4479,1483553,6156,40,2184,44,6662,2597,38,"East TN",2455501,583.261827219781,0.243574188909859,250.702402483241,94.8075362217323,24.3574188909859
2020-12-31,190830,3445,167286,2680,23544,765,185531,2895,1308040,7123,1493571,10018,52,2236,30,6692,2640,43,"East TN",2455501,638.362598915659,0.26025429361693,407.981914892317,140.297234658019,26.025429361693
2021-01-01,193068,2238,169001,1715,24067,523,187387,1856,1314234,6194,1501621,8050,24,2260,30,6722,2680,40,"East TN",2455501,633.149813418932,0.268964889939967,327.835337880131,91.1422964193458,26.8964889939967
2021-01-02,195793,2725,171113,2112,24680,613,189636,2249,1320788,6554,1510424,8803,4,2264,64,6786,2716,36,"East TN",2455501,665.159574359774,0.273871775717362,358.501177560099,110.975316238926,27.3871775717362
2021-01-03,197108,1315,172018,905,25090,410,190573,937,1324156,3368,1514729,4305,15,2279,26,6812,2760,44,"East TN",2455501,665.933347206945,0.269615083847424,175.320637214157,53.553226001537,26.9615083847424
2021-01-04,198665,1557,173144,1126,25521,431,191751,1178,1326520,2364,1518271,3542,46,2325,34,6846,2810,50,"East TN",2455501,672.490053964547,0.26894028541475,144.247548667258,63.4086485812875,26.894028541475
2021-01-05,201565,2900,174882,1738,26683,1162,193575,1824,1331784,5264,1525359,7088,43,2368,60,6906,2854,44,"East TN",2455501,672.286429531081,0.263041574579876,288.657996881288,118.102171410234,26.3041574579876
2021-01-06,204108,2543,176676,1794,27432,749,195476,1901,1337362,5578,1532838,7479,52,2420,63,6969,2897,43,"East TN",2455501,681.042280170116,0.260525514862534,304.581427578323,103.563386860767,26.0525514862534
2021-01-07,206616,2508,178811,2135,27805,373,197792,2316,1344465,7103,1542257,9419,33,2453,45,7014,2929,32,"East TN",2455501,642.883061338603,0.251838310808035,383.5877077631,102.138015826505,25.1838310808035
2021-01-08,208962,2346,180667,1856,28295,490,199778,1986,1351794,7329,1551572,9315,50,2503,47,7061,2984,55,"East TN",2455501,647.281349101467,0.248063101839803,379.352319547009,95.5405841822097,24.8063101839803
2021-01-09,211532,2570,182666,1999,28866,571,201953,2175,1359979,8185,1561932,10360,27,2530,32,7093,3012,28,"East TN",2455501,640.968991664023,0.239127902461754,421.909826141386,104.662958801483,23.9127902461754
2021-01-10,213194,1662,183797,1131,29397,531,203202,1249,1365778,5799,1568980,7048,36,2566,41,7134,3052,40,"East TN",2455501,655.100527346558,0.232788335698881,287.029001413561,67.6847616840718,23.2788335698881
2021-01-11,214617,1423,184809,1012,29808,411,204299,1097,1369049,3271,1573348,4368,28,2594,40,7174,3092,40,"East TN",2455501,649.643392529671,0.227826497449026,177.886305075828,57.9515137644008,22.7826497449026
2021-01-12,216434,1817,185944,1135,30490,682,205489,1190,1373246,4197,1578735,5387,60,2654,39,7213,3131,39,"East TN",2455501,605.538340240953,0.223208932853717,219.384964616182,73.9971191215153,22.3208932853717
2021-01-13,217960,1526,187019,1075,30941,451,206621,1132,1377975,4729,1584596,5861,49,2703,32,7245,3158,27,"East TN",2455501,564.121130473985,0.215329031260868,238.688560908751,62.1461770937988,21.5329031260868
2021-01-14,220211,2251,188801,1782,31410,469,208585,1964,1386497,8522,1595082,10486,38,2741,50,7295,3200,42,"East TN",2455501,553.654834593836,0.204316138192144,427.041161864727,91.6717199463572,20.4316138192144
2021-01-15,221174,963,189471,670,31703,293,209280,695,1389554,3057,1598834,3752,23,2764,30,7325,3241,41,"East TN",2455501,497.332316297163,0.201049468917947,152.799774872826,39.2180658855362,20.1049468917947
2021-01-16,223605,2431,191220,1749,32385,682,211281,2001,1400430,10876,1611711,12877,13,2777,54,7379,3284,43,"East TN",2455501,491.67155704681,0.187388256091926,524.41436594813,99.0021995511303,18.7388256091926
2021-01-17,224461,856,191826,606,32635,250,211951,670,1404048,3618,1615999,4288,13,2790,24,7403,3318,34,"East TN",2455501,458.847298372104,0.186073714881218,174.628314140373,34.8605030093655,18.6073714881218
2021-01-18,225028,567,192148,322,32880,245,212305,354,1406130,2082,1618435,2436,13,2803,21,7424,3349,31,"East TN",2455501,423.986795362739,0.177567813338656,99.2058239845962,23.0910107550353,17.7567813338656
2021-01-19,226708,1680,193121,973,33587,707,213364,1059,1410335,4205,1623699,5264,21,2824,53,7477,3388,39,"East TN",2455501,418.407485885772,0.175140112089672,214.375803552921,68.4178096445491,17.5140112089672
2021-01-20,227692,984,193779,658,33913,326,214060,696,1414324,3989,1628384,4685,32,2856,29,7506,3428,40,"East TN",2455501,396.334597298067,0.169886726957157,190.796094157567,40.073288506093,16.9886726957157
2021-01-21,229248,1556,194913,1134,34335,422,215331,1271,1421251,6927,1636582,8198,65,2921,36,7542,3474,46,"East TN",2455501,368.030801046304,0.16255421686747,333.862621110722,63.3679236945943,16.255421686747
2021-01-22,230234,986,195617,704,34617,282,216145,814,1426690,5439,1642835,6253,32,2953,31,7573,3506,32,"East TN",2455501,368.967473440247,0.156019181382241,254.65271649248,40.1547382794794,15.6019181382241
2021-01-23,231665,1431,196585,968,35080,463,217245,1100,1434967,8277,1652212,9377,19,2972,41,7614,3531,25,"East TN",2455501,328.242586747063,0.147255623317943,381.877262521986,58.2773128579463,14.7255623317943
2021-01-24,232285,620,197072,487,35213,133,217786,541,1438338,3371,1656124,3912,19,2991,20,7634,3559,28,"East TN",2455501,318.631513487472,0.145420560747664,159.315756743736,25.2494297497741,14.5420560747664
2021-01-25,233024,739,197583,511,35441,228,218335,549,1440094,1756,1658429,2305,44,3035,20,7654,3590,31,"East TN",2455501,325.636193998699,0.150772615892384,93.8708638277891,30.095691266263,15.0772615892384
2021-01-26,234055,1031,198311,728,35744,303,219116,781,1444557,4463,1663673,5244,63,3098,26,7680,3613,23,"East TN",2455501,299.205742534823,0.143893530795017,213.561305819057,41.9873581806727,14.3893530795017
2021-01-27,235009,954,199016,705,35993,249,219871,755,1449074,4517,1668945,5272,55,3153,28,7708,3636,23,"East TN",2455501,297.983995934027,0.143265698577451,214.701602646466,38.8515419052975,14.3265698577451
2021-01-28,236339,1330,199732,716,36607,614,220665,794,1453503,4429,1674168,5223,46,3199,29,7737,3663,27,"East TN",2455501,288.780171541368,0.141914542648859,212.7060831985,54.1640993019347,14.1914542648859
2021-01-29,236934,595,200084,352,36850,243,221062,397,1456167,2664,1677229,3061,17,3216,17,7754,3684,21,"East TN",2455501,272.856740844333,0.142960981566552,124.658878167836,24.2313075824445,14.2960981566552
2021-01-30,238089,1155,201050,966,37039,189,222158,1096,1465215,9048,1687373,10144,44,3260,29,7783,3704,20,"East TN",2455501,261.616672117014,0.139728676658798,413.113250615658,47.0372441306275,13.9728676658798
2021-01-31,238766,677,201488,438,37278,239,222647,489,1469137,3922,1691784,4411,29,3289,30,7813,3723,19,"East TN",2455501,263.937990658526,0.136315199102636,179.637475203635,27.5707482912856,13.6315199102636
2021-02-01,239458,692,201896,408,37562,284,223089,442,1470833,1696,1693922,2138,39,3328,10,7823,3750,27,"East TN",2455501,262.023920983946,0.133941904037416,87.0698077500274,28.1816215916833,13.3941904037416
2021-02-02,239995,537,202243,347,37752,190,223448,359,1471891,1058,1695339,1417,57,3385,13,7836,3766,16,"East TN",2455501,241.905826957513,0.136802880060633,57.7071644442417,21.8692641542398,13.6802880060633
2021-02-03,241107,1112,203002,759,38105,353,224274,826,1477894,6003,1702168,6829,46,3431,39,7875,3779,13,"East TN",2455501,248.340359055036,0.13252866989736,278.110251227754,45.2860740028206,13.252866989736
2021-02-04,242202,1095,203782,780,38420,315,225136,862,1485603,7709,1710739,8571,58,3489,36,7911,3797,18,"East TN",2455501,238.770010682138,0.122255338929753,349.05300384728,44.5937509290365,12.2255338929753
2021-02-05,243016,814,204338,556,38678,258,225737,601,1489409,3806,1715146,4407,67,3556,28,7939,3811,14,"East TN",2455501,247.688760867945,0.12329561937917,179.474575656862,33.1500577682518,12.329561937917
2021-02-06,244243,1227,205155,817,39088,410,226699,962,1498056,8647,1724755,9609,27,3583,22,7961,3840,29,"East TN",2455501,250.620952709854,0.121475576480659,391.325436234805,49.9694359725368,12.1475576480659
2021-02-07,244760,517,205508,353,39252,164,227105,406,1501139,3083,1728244,3489,2,3585,10,7971,3857,17,"East TN",2455501,244.104970838945,0.12227098189797,142.089129672519,21.0547664203761,12.227098189797
2021-02-08,245268,508,205803,295,39465,213,227421,316,1502503,1364,1729924,1680,32,3617,9,7980,3873,16,"East TN",2455501,236.611591687399,0.120326648519527,68.4178096445491,20.6882424401375,12.0326648519527
2021-02-09,246293,1025,206433,630,39860,395,228083,662,1506735,4232,1734818,4894,16,3633,38,8018,3884,11,"East TN",2455501,256.485336393673,0.117404189569138,199.307595476443,41.7430088605136,11.7404189569138
2021-02-10,247139,846,207014,581,40125,265,228716,633,1512719,5984,1741435,6617,39,3672,30,8048,3897,13,"East TN",2455501,245.652516533286,0.113122978582525,269.476575248798,34.4532541424337,11.3122978582525
2021-02-11,248006,867,207597,583,40409,284,229365,649,1518289,5570,1747654,6219,37,3709,31,8079,3915,18,"East TN",2455501,236.36724236724,0.11456047677096,253.268070344911,35.3084767629905,11.456047677096
2021-02-12,248840,834,208192,595,40648,239,230014,649,1523798,5509,1753812,6158,34,3743,12,8091,3924,9,"East TN",2455501,237.181740101104,0.110613976103036,250.783852256627,33.9645555021155,11.0613976103036
2021-02-13,249431,591,208562,370,40869,221,230447,433,1528222,4424,1758669,4857,12,3755,16,8107,3936,12,"East TN",2455501,211.280712164239,0.110514831632954,197.800774668795,24.0684080356717,11.0514831632954
2021-02-14,249969,538,208974,412,40995,126,230899,452,1531188,2966,1762087,3418,15,3770,15,8122,3949,13,"East TN",2455501,212.135934784795,0.112105900777118,139.197662717303,21.909989040933,11.2105900777118
2021-02-15,250349,380,209186,212,41163,168,231128,229,1532512,1324,1763640,1553,5,3775,10,8132,3960,11,"East TN",2455501,206.923149288068,0.109947799264444,63.2457490345148,15.4754569434099,10.9947799264444
2021-02-16,251114,765,209613,427,41501,338,231602,474,1535921,3409,1767523,3883,8,3783,26,8158,3970,10,"East TN",2455501,196.33467874784,0.107598226570861,158.134735029633,31.1545383202858,10.7598226570861
2021-02-17,251734,620,210032,419,41702,201,232053,451,1539170,3249,1771223,3700,11,3794,11,8169,3987,17,"East TN",2455501,187.13085435518,0.112024976500604,150.682080764781,25.2494297497741,11.2024976500604
2021-02-18,252527,793,210582,550,41945,243,232656,603,1544887,5717,1777543,6320,42,3836,19,8188,4004,17,"East TN",2455501,184.117212739885,0.11010739737027,257.381283900923,32.2948351476949,11.010739737027
2021-02-19,253002,475,210882,300,42120,175,233000,344,1547595,2708,1780595,3052,5,3841,11,8199,4013,9,"East TN",2455501,169.496978417032,0.111488630847926,124.292354187598,19.3443211792624,11.1488630847926
2021-02-20,253625,623,211331,449,42294,174,233506,506,1552819,5224,1786325,5730,18,3859,18,8217,4023,10,"East TN",2455501,170.800174791214,0.110608909459069,233.353600751944,25.3716044098536,11.0608909459069
2021-02-21,253974,349,211559,228,42415,121,233769,263,1554953,2134,1788722,2397,7,3866,12,8229,4041,18,"East TN",2455501,163.103171206202,0.107752956636005,97.617553403562,14.2129854559212,10.7752956636005
2021-02-22,254330,356,211753,194,42577,162,233995,226,1556333,1380,1790328,1606,7,3873,22,8251,4057,16,"East TN",2455501,162.125773925565,0.107426558752998,65.4041680292535,14.4980596627735,10.7426558752998
2021-02-23,254966,636,212095,342,42871,294,234356,361,1559280,2947,1793636,3308,26,3899,27,8278,4064,7,"East TN",2455501,156.872263542145,0.105464711063455,134.717925181053,25.901027936865,10.5464711063455
2021-02-24,255706,740,212644,549,43062,191,234965,609,1565473,6193,1800438,6802,19,3918,23,8301,4071,7,"East TN",2455501,161.759249945327,0.0996748245764162,277.010679287038,30.1364161529562,9.96748245764162
2021-02-25,256341,635,213089,445,43252,190,235461,496,1570240,4767,1805701,5263,21,3939,16,8317,4080,9,"East TN",2455501,155.324717847804,0.0996164500319625,214.335078666227,25.8603030501718,9.96164500319625
2021-02-26,256801,460,213411,322,43390,138,235829,368,1573361,3121,1809190,3489,14,3953,11,8328,4085,5,"East TN",2455501,154.713844547406,0.0989333799615317,142.089129672519,18.7334478788646,9.89333799615317
2021-02-27,257241,440,213638,227,43603,213,236104,275,1577453,4092,1813557,4367,7,3960,16,8344,4094,9,"East TN",2455501,147.261190282553,0.0954024676850764,177.845580189135,17.918950145001,9.54024676850764
2021-02-28,257607,366,213912,274,43695,92,236417,313,1580013,2560,1816430,2873,5,3965,11,8355,4103,9,"East TN",2455501,147.953513356337,0.0955680669842645,117.002599469518,14.9053085297053,9.55680669842645
2021-03-01,257848,241,214058,146,43790,95,236571,154,1580792,779,1817363,933,4,3969,11,8366,4112,9,"East TN",2455501,143.270151386621,0.0952838912520806,37.9963192847407,9.81469769305734,9.52838912520806
2021-03-02,258468,620,214448,390,44020,230,237018,447,1584248,3456,1821266,3903,7,3976,24,8390,4122,10,"East TN",2455501,142.61855319953,0.0963445530220775,158.949232763497,25.2494297497741,9.63445530220774
2021-03-03,258947,479,214747,299,44200,180,237371,353,1588420,4172,1825791,4525,7,3983,17,8407,4125,3,"East TN",2455501,131.989357772609,0.0949000118329192,184.280112286658,19.5072207260351,9.49000118329192
2021-03-04,259556,609,215162,415,44394,194,237843,472,1593240,4820,1831083,5292,18,4001,21,8428,4130,5,"East TN",2455501,130.930510718587,0.0938460326215428,215.51610038033,24.8014559961491,9.38460326215428
2021-03-05,260025,469,215472,310,44553,159,238196,353,1596919,3679,1835115,4032,15,4016,16,8444,4135,5,"East TN",2455501,131.297034698825,0.0913018322082932,164.202743146918,19.0999718591033,9.13018322082932
2021-03-06,260487,462,215794,322,44693,140,238567,371,1601193,4274,1839760,4645,1,4017,10,8454,4141,6,"East TN",2455501,132.192982206075,0.0939968705873373,189.16709868984,18.814897652251,9.39968705873373
2021-03-07,260742,255,215958,164,44784,91,238751,184,1602923,1730,1841674,1914,1,4018,4,8458,4145,4,"East TN",2455501,127.672519783132,0.0924576136903819,77.9474331307542,10.3848461067619,9.24576136903819
2021-03-08,261198,456,216251,293,44947,163,239063,312,1604504,1581,1843567,1893,3,4021,9,8467,4153,8,"East TN",2455501,136.428370422166,0.0950999847351549,77.0922105101973,18.5705483320919,9.50999847351549
2021-03-09,261736,538,216532,281,45204,257,239381,318,1607079,2575,1846460,2893,6,4027,21,8488,4165,12,"East TN",2455501,133.088929713325,0.0937921727395412,117.817097203381,21.909989040933,9.37921727395412
2021-03-10,262386,650,216996,464,45390,186,239887,506,1612547,5468,1852434,5974,7,4034,28,8516,4175,10,"East TN",2455501,140.05288533786,0.0944338100063807,243.290473105081,26.4711763505696,9.44338100063807
2021-03-11,262915,529,217333,337,45582,192,240251,364,1615885,3338,1856136,3702,5,4039,9,8525,4183,8,"East TN",2455501,136.794894402405,0.0961162335848002,150.763530538167,21.5434650606943,9.61162335848002
2021-03-12,263375,460,217698,365,45677,95,240667,416,1619230,3345,1859897,3761,5,4044,12,8537,4191,8,"East TN",2455501,136.428370422166,0.0997094665483012,153.166298853065,18.7334478788646,9.97094665483012
2021-03-13,263821,446,217913,215,45908,231,240946,279,1622869,3639,1863815,3918,2,4046,21,8558,4197,6,"East TN",2455501,135.776772235075,0.0988983579297443,159.560106063895,18.1632994651601,9.88983579297443
2021-03-14,264082,261,218088,175,45994,86,241157,211,1624710,1841,1865867,2052,0,4046,10,8568,4203,6,"East TN",2455501,136.021121555235,0.099450254205762,83.5674674944136,10.629195426921,9.9450254205762
2021-03-15,264438,356,218273,185,46165,171,241372,215,1625905,1195,1867277,1410,4,4050,15,8583,4207,4,"East TN",2455501,131.948632885916,0.0973850695908899,57.4220902373894,14.4980596627735,9.73850695908899
2021-03-16,265137,699,218724,451,46413,248,241868,496,1629170,3265,1871038,3761,4,4054,36,8619,4208,1,"East TN",2455501,138.505339643519,0.101188054357556,153.166298853065,28.4666957985356,10.1188054357556
2021-03-17,265563,426,219057,333,46506,93,242232,364,1632894,3724,1875126,4088,1,4055,16,8635,4217,9,"East TN",2455501,129.382965024246,0.103340384276397,166.483336801736,17.3488017312964,10.3340384276397
2021-03-18,266113,550,219406,349,46707,201,242617,385,1636182,3288,1878799,3673,6,4061,31,8666,4224,7,"East TN",2455501,130.238187644802,0.1043992410537,149.582508824065,22.3986876812512,10.43992410537
2021-03-19,266905,792,219936,530,46969,262,243177,560,1641221,5039,1884398,5599,15,4076,25,8691,4230,6,"East TN",2455501,143.75885002694,0.102444798171503,228.018640595137,32.2541102610017,10.2444798171503
2021-03-20,267177,272,220101,165,47076,107,243371,194,1643341,2120,1886712,2314,1,4077,15,8706,4232,2,"East TN",2455501,136.672719742325,0.105909071057344,94.2373878080278,11.077169180546,10.5909071057344
2021-03-21,267458,281,220298,197,47160,84,243596,225,1645139,1798,1888735,2023,-17,4060,8,8714,4239,7,"East TN",2455501,137.487217476189,0.106655588595417,82.3864457803112,11.4436931607847,10.6655588595417
2021-03-22,267984,526,220639,341,47345,185,243952,356,1647226,2087,1891178,2443,14,4074,19,8733,4246,7,"East TN",2455501,144.41044821403,0.107945274256307,99.4908981914485,21.4212904006148,10.7945274256307
2021-03-23,268421,437,220887,248,47534,189,244217,265,1649681,2455,1893898,2720,11,4085,17,8750,4252,6,"East TN",2455501,133.740527900416,0.102755905511811,110.77169180546,17.7967754849214,10.2755905511811
2021-03-24,269019,598,221347,460,47672,138,244710,493,1654378,4697,1899088,5190,4,4089,26,8776,4258,6,"East TN",2455501,140.745208411644,0.103413738419164,211.362161937625,24.353482242524,10.3413738419164
2021-03-25,269418,399,221653,306,47765,93,245043,333,1657347,2969,1902390,3302,8,4097,23,8799,4262,4,"East TN",2455501,134.595750520973,0.102835827222246,134.473575860894,16.2492297905804,10.2835827222246
2021-03-26,269828,410,221976,323,47852,87,245388,345,1659978,2631,1905366,2976,7,4104,14,8813,4272,10,"East TN",2455501,119.038843804177,0.105446394505914,121.197262798916,16.6972035442054,10.5446394505914
2021-03-27,270032,204,222157,181,47875,23,245598,210,1662489,2511,1908087,2721,2,4106,13,8826,4283,11,"East TN",2455501,116.26955150904,0.104187134502924,110.812416692154,8.30787688540954,10.4187134502924
2021-03-28,270348,316,222376,219,47972,97,245843,245,1664563,2074,1910406,2319,5,4111,17,8843,4289,6,"East TN",2455501,117.694922543302,0.103686954916709,94.4410122414937,12.8690641950461,10.3686954916709
2021-03-29,270786,438,222612,236,48174,202,246096,253,1666417,1854,1912513,2107,18,4129,18,8861,4294,5,"East TN",2455501,114.111132514302,0.100492149050855,85.8073362625387,17.8375003716146,10.0492149050855
2021-03-30,271161,375,222870,258,48291,117,246418,322,1668893,2476,1915311,2798,5,4134,20,8881,4300,6,"East TN",2455501,111.586189539324,0.102788025965535,113.948232967529,15.271832509944,10.2788025965535
2021-03-31,271822,661,223312,442,48510,219,246906,488,1673707,4814,1920613,5302,4,4138,18,8899,4305,5,"East TN",2455501,114.151857400995,0.102020905923345,215.923349247262,26.9191501041946,10.2020905923345
2021-04-01,272272,450,223635,323,48637,127,247256,350,1676534,2827,1923790,3177,1,4139,18,8917,4313,8,"East TN",2455501,116.228826622347,0.103411214953271,129.382965024246,18.3261990119328,10.3411214953271
2021-04-02,272618,346,223866,231,48752,115,247506,250,1679553,3019,1927059,3269,0,4139,12,8929,4318,5,"East TN",2455501,113.622433873983,0.0976351818558982,133.129654600019,14.0908107958417,9.76351818558982
2021-04-03,272960,342,224116,250,48844,92,247780,274,1681905,2352,1929685,2626,0,4139,13,8942,4327,9,"East TN",2455501,119.242468237643,0.101027872951199,106.943552456301,13.9279112490689,10.1027872951199
2021-04-04,273131,171,224239,123,48892,48,247921,141,1683499,1594,1931420,1735,6,4145,8,8950,4331,4,"East TN",2455501,113.337359667131,0.098886456647949,70.6576784126742,6.96395562453446,9.8886456647949
2021-04-05,273538,407,224474,235,49064,172,248144,223,1684718,1219,1932862,1442,6,4151,40,8990,4337,6,"East TN",2455501,112.074888179642,0.100643766278441,58.7252866115713,16.5750288841259,10.0643766278441
2021-04-06,273966,428,224723,249,49243,179,248420,276,1686802,2084,1935222,2360,3,4154,27,9017,4342,5,"East TN",2455501,114.233307174381,0.100547436090603,96.1107325959142,17.4302515046828,10.0547436090603
2021-04-07,274596,630,225185,462,49411,168,248927,507,1691493,4691,1940420,5198,5,4159,24,9041,4346,4,"East TN",2455501,112.970835686892,0.102034634220225,211.68796103117,25.6566786167059,10.2034634220225
2021-04-08,275001,405,225439,254,49562,151,249216,289,1694504,3011,1943720,3300,-1,4158,21,9062,4351,5,"East TN",2455501,111.138215785699,0.0983442047165078,134.392126087507,16.4935791107395,9.83442047165078
2021-04-09,275519,518,225845,406,49674,112,249665,449,1698379,3875,1948044,4324,4,4162,31,9093,4354,3,"East TN",2455501,118.142896296927,0.102883011675006,176.094410061328,21.0954913070693,10.2883011675006
2021-04-10,275824,305,226061,216,49763,89,249913,248,1701159,2780,1951072,3028,1,4163,15,9108,4359,5,"East TN",2455501,116.636075489279,0.0997334829569365,123.314956906961,12.4210904414211,9.97334829569365
2021-04-11,276061,237,226225,164,49836,73,250087,174,1702870,1711,1952957,1885,2,4165,10,9118,4363,4,"East TN",2455501,119.323918011029,0.100571110182477,76.7664114166518,9.65179814628461,10.0571110182477
2021-04-12,276526,465,226548,323,49978,142,250417,330,1704632,1762,1955049,2092,3,4168,16,9134,4372,9,"East TN",2455501,121.685961439234,0.102447379095867,85.1964629621409,18.9370723123306,10.2447379095867
2021-04-13,276904,378,226788,240,50116,138,250667,250,1706689,2057,1957356,2307,3,4171,16,9150,4376,4,"East TN",2455501,119.649717104575,0.101518026565465,93.9523136011755,15.3940071700236,10.1518026565465
2021-04-14,277582,678,227288,500,50294,178,251223,556,1711509,4820,1962732,5376,0,4171,29,9179,4379,3,"East TN",2455501,121.604511665847,0.10290426676228,218.936990862557,27.6114731779788,10.290426676228
2021-04-15,278124,542,227656,368,50468,174,251603,380,1714653,3144,1966256,3524,2,4173,24,9203,4384,5,"East TN",2455501,127.183821142814,0.105919417820376,143.51450070678,22.0728885877057,10.5919417820376
2021-04-16,279096,972,228545,889,50551,83,252709,1106,1722137,7484,1974846,8590,3,4176,32,9235,4387,3,"East TN",2455501,145.672919701519,0.11357361390941,349.82677669445,39.5845898657748,11.357361390941
2021-04-17,279298,202,228692,147,50606,55,252882,173,1724368,2231,1977250,2404,0,4176,10,9245,4388,1,"East TN",2455501,141.478256372121,0.113415845366338,97.9026276104143,8.22642711202317,11.3415845366338
2021-04-18,279517,219,228880,188,50637,31,253084,202,1726171,1803,1979255,2005,6,4182,8,9253,4397,9,"East TN",2455501,140.745208411644,0.113963039014374,81.6533978198339,8.9187501858073,11.3963039014374
2021-04-19,279844,327,229074,194,50770,133,253294,210,1727620,1449,1980914,1659,8,4190,15,9268,4404,7,"East TN",2455501,135.125174047985,0.111231393775372,67.5625870239923,13.3170379486712,11.1231393775372
2021-04-20,280197,353,229351,277,50846,76,253573,279,1730068,2448,1983641,2727,4,4194,20,9288,4408,4,"East TN",2455501,134.107051880655,0.110557352101959,111.056766012313,14.375885002694,11.0557352101959
2021-04-21,280710,513,229681,330,51029,183,253909,336,1733849,3781,1987758,4117,4,4198,15,9303,4414,6,"East TN",2455501,127.38744557628,0.107328378486374,167.664358515839,20.8918668736034,10.7328378486374
2021-04-22,281351,641,230079,398,51272,243,254356,447,1738101,4252,1992457,4699,3,4201,26,9329,4418,4,"East TN",2455501,131.419209358905,0.10507232548376,191.366242571272,26.1046523703309,10.507232548376
2021-04-23,281734,383,230356,277,51378,106,254664,308,1741302,3201,1995966,3509,0,4201,11,9340,4423,5,"East TN",2455501,107.432251096619,0.0925662878787879,142.903627406383,15.5976316034895,9.25662878787879
2021-04-24,281994,260,230544,188,51450,72,254873,209,1744297,2995,1999170,3204,0,4201,19,9359,4430,7,"East TN",2455501,109.794294524824,0.0908302919708029,130.482536964962,10.5884705402278,9.08302919708029
2021-04-25,282193,199,230692,148,51501,51,255032,159,1745946,1649,2000978,1808,4,4205,17,9376,4435,5,"East TN",2455501,108.97979679096,0.0896745385075726,73.6305951412767,8.10425245194362,8.96745385075726
2021-04-26,282583,390,230940,248,51643,142,255284,252,1747918,1972,2003202,2224,6,4211,16,9392,4443,8,"East TN",2455501,111.545464652631,0.0892857142857143,90.5721480056412,15.8827058103418,8.92857142857143
2021-04-27,282970,387,231142,202,51828,185,255503,219,1750281,2363,2005784,2582,3,4214,25,9417,4449,6,"East TN",2455501,112.930110800199,0.0871607279953032,105.151657441801,15.7605311502622,8.71607279953033
2021-04-28,283456,486,231486,344,51970,142,255884,381,1754408,4127,2010292,4508,6,4220,23,9440,4457,8,"East TN",2455501,111.830538859483,0.0876453359368066,183.587789212873,19.7922949328874,8.76453359368066
2021-04-29,283848,392,231765,279,52083,113,256188,304,1757339,2931,2013527,3235,1,4221,22,9462,4462,5,"East TN",2455501,101.69004207288,0.0869482676791647,131.74500845245,15.9641555837281,8.69482676791647
2021-04-30,284218,370,231993,228,52225,142,256427,239,1760603,3264,2017030,3503,0,4221,18,9480,4467,5,"East TN",2455501,101.160618545869,0.0836973034561337,142.659278086224,15.0682080764781,8.36973034561337
2021-05-01,284453,235,232175,182,52278,53,256615,188,1763093,2490,2019708,2678,-1,4220,15,9495,4468,1,"East TN",2455501,100.142496378539,0.0848183854318824,109.061246564347,9.57034837289824,8.48183854318824
2021-05-02,284628,175,232303,128,52325,47,256748,133,1764570,1477,2021318,1610,1,4221,11,9506,4472,4,"East TN",2455501,99.165099097903,0.0843657817109145,65.5670675760262,7.1268551713072,8.43657817109145
2021-05-03,284841,213,232418,115,52423,98,256874,126,1766054,1484,2022928,1610,5,4226,17,9523,4476,4,"East TN",2455501,91.9567941532095,0.0806042786170536,65.5670675760262,8.67440086564819,8.06042786170536
2021-05-04,285160,319,232637,219,52523,100,257119,245,1768453,2399,2025572,2644,7,4233,12,9535,4484,8,"East TN",2455501,89.187501858073,0.0816656559531029,107.676600416778,12.9912388551257,8.16656559531029
2021-05-05,285624,464,232930,293,52694,171,257430,311,1772603,4150,2030033,4461,5,4238,22,9557,4489,5,"East TN",2455501,88.2915543508229,0.0783141684818398,181.673719538294,18.8963474256374,7.83141684818398
2021-05-06,285909,285,233126,196,52783,89,257661,231,1775039,2436,2032700,2667,4,4242,10,9567,4495,6,"East TN",2455501,83.9339914746522,0.0768267876701612,108.613272810722,11.6065927075574,7.68267876701612
2021-05-07,286274,365,233374,248,52900,117,257930,269,1778487,3448,2036417,3717,0,4242,15,9582,4500,5,"East TN",2455501,83.7303670411863,0.0775261773353278,151.374403838565,14.8645836430122,7.75261773353278
2021-05-08,286445,171,233477,103,52968,68,258044,114,1780381,1894,2038425,2008,0,4242,7,9589,4507,7,"East TN",2455501,81.1239742928225,0.0763477052946519,81.7755724799135,6.96395562453446,7.63477052946519
2021-05-09,286591,146,233592,115,52999,31,258176,132,1782092,1711,2040268,1843,3,4245,11,9600,4512,5,"East TN",2455501,79.9429525787202,0.0753562005277045,75.0559661755381,5.94583345720486,7.53562005277045
2021-05-10,286826,235,233728,136,53098,99,258321,145,1783608,1516,2041929,1661,7,4252,22,9622,4515,3,"East TN",2455501,80.8389000859702,0.0761538866375454,67.6440367973786,9.57034837289824,7.61538866375454
2021-05-11,287141,315,233956,228,53185,87,258565,244,1786285,2677,2044850,2921,1,4253,19,9641,4519,4,"East TN",2455501,80.6760005391975,0.0750077808901338,118.95739403079,12.828339308353,7.50077808901338
2021-05-12,287445,304,234173,217,53272,87,258816,251,1790349,4064,2049165,4315,3,4256,16,9657,4521,2,"East TN",2455501,74.1600186682881,0.0724440727576835,175.727886081089,12.3803655547279,7.24440727576835
2021-05-13,287655,210,234310,137,53345,73,258961,145,1793082,2733,2052043,2878,1,4257,9,9666,4526,5,"East TN",2455501,71.1056521662993,0.0672077754226335,117.206223902984,8.55222620556864,6.72077754226335
2021-05-14,287956,301,234529,219,53427,82,259209,248,1795767,2685,2054976,2933,1,4258,21,9687,4531,5,"East TN",2455501,68.4992594179355,0.0689153510426208,119.446092671109,12.2581908946484,6.89153510426208
2021-05-15,288064,108,234610,81,53454,27,259311,102,1797755,1988,2057066,2090,0,4258,6,9693,4535,4,"East TN",2455501,65.9335915562649,0.0679684566278633,85.1150131887546,4.39828776286387,6.79684566278633
2021-05-16,288164,100,234684,74,53480,26,259396,85,1799204,1449,2058600,1534,3,4261,4,9697,4539,4,"East TN",2455501,64.0602467683784,0.0665502945668776,62.4719761873443,4.0724886693184,6.65502945668776
2021-05-17,288362,198,234787,103,53575,95,259506,110,1800771,1567,2060277,1677,6,4267,10,9707,4546,7,"East TN",2455501,62.5534259607306,0.0645846958796599,68.2956349844696,8.06352756525043,6.45846958796599
2021-05-18,288574,212,234921,134,53653,78,259651,145,1803008,2237,2062659,2382,8,4275,23,9730,4552,6,"East TN",2455501,58.3587626313327,0.0609804031669381,97.0066801031643,8.63367597895501,6.09804031669381
2021-05-19,288792,218,235086,165,53706,53,259818,167,1806277,3269,2066095,3436,1,4276,21,9751,4555,3,"East TN",2455501,54.8564223757188,0.0591848789131719,139.93071067778,8.87802529911411,5.91848789131719
2021-05-20,288968,176,235219,133,53749,43,259972,154,1820445,14168,2080417,14322,3,4279,7,9758,4560,5,"East TN",2455501,53.4717762281506,0.0356312116726581,583.261827219781,7.16758005800038,3.56312116726581
2021-05-21,289131,163,235326,107,53805,56,260092,120,1822723,2278,2082815,2398,0,4279,10,9768,4563,3,"East TN",2455501,47.8517418644912,0.0317180933223176,97.6582782902552,6.63815653098899,3.17180933223176
2021-05-22,289202,71,235374,48,53828,23,260154,62,1824309,1586,2084463,1648,0,4279,12,9780,4564,1,"East TN",2455501,46.3449210568434,0.030769792313027,67.1146132703672,2.89146695521606,3.0769792313027
2021-05-23,289276,74,235425,51,53851,23,260215,61,1825374,1065,2085589,1126,3,4282,5,9785,4566,2,"East TN",2455501,45.2860740028206,0.0303456963948275,45.8562224165252,3.01364161529562,3.03456963948275
2021-05-24,289436,160,235536,111,53900,49,260341,126,1827298,1924,2087639,2050,0,4282,7,9792,4570,4,"East TN",2455501,43.7385283084796,0.0305167750895402,83.4860177210272,6.51598187090944,3.05167750895402
2021-05-25,289580,144,235632,96,53948,48,260428,87,1829025,1727,2089453,1814,0,4282,9,9801,4576,6,"East TN",2455501,40.9692360133431,0.0289990296335,73.8749444614358,5.8643836838185,2.89990296335
2021-05-26,289766,186,235774,142,53992,44,260593,165,1831908,2883,2092501,3048,7,4289,14,9815,4581,5,"East TN",2455501,39.6660396391612,0.0293493902900856,124.129454640825,7.57482892493222,2.93493902900856
2021-05-27,289889,123,235849,75,54040,48,260731,138,1834880,2972,2095611,3110,4,4293,11,9826,4585,4,"East TN",2455501,37.5076206444225,0.0499539291825721,126.654397615802,5.00916106326163,4.99539291825721
2021-05-28,290005,116,235939,90,54066,26,260829,98,1836992,2112,2097821,2210,0,4293,9,9835,4588,3,"East TN",2455501,35.5935509698428,0.0491136878581901,90.0019995919366,4.72408685640934,4.91136878581901
2021-05-29,290056,51,235971,32,54085,19,260866,37,1838068,1076,2098934,1113,0,4293,7,9842,4591,3,"East TN",2455501,34.7790532359791,0.0492018519798217,45.3267988895138,2.07696922135238,4.92018519798217
2021-05-30,290111,55,236011,40,54100,15,260912,46,1839155,1087,2100067,1133,0,4293,7,9849,4596,5,"East TN",2455501,34.0052803888086,0.0481420085647189,46.1412966233775,2.23986876812512,4.81420085647189
2021-05-31,290191,80,236077,66,54114,14,260983,71,1840582,1427,2101565,1498,6,4299,4,9853,4601,5,"East TN",2455501,30.7472894533539,0.046100818612667,61.0058802663896,3.25799093545472,4.6100818612667
2021-06-01,290322,131,236171,94,54151,37,261077,94,1841897,1315,2102974,1409,3,4302,11,9864,4604,3,"East TN",2455501,30.2178659263425,0.0479994083277864,57.3813653506963,5.3349601568071,4.79994083277864
2021-06-02,290441,119,236242,71,54199,48,261150,73,1843876,1979,2105026,2052,1,4303,9,9873,4608,4,"East TN",2455501,27.4892985178992,0.0444710578842315,83.5674674944136,4.8462615164889,4.44710578842315
2021-06-03,290528,87,236297,55,54231,32,261269,119,1847041,3165,2108310,3284,1,4304,7,9880,4613,5,"East TN",2455501,26.0232025969446,0.0423655405937475,133.740527900416,3.54306514230701,4.23655405937475
2021-06-04,290619,91,236356,59,54263,32,261347,78,1849193,2152,2110540,2230,0,4304,7,9887,4613,0,"East TN",2455501,25.005080429615,0.0407264722069345,90.8164973258003,3.70596468907974,4.07264722069345
2021-06-05,290660,41,236382,26,54278,15,261377,30,1850576,1383,2111953,1413,-1,4303,2,9889,4618,5,"East TN",2455501,24.5978315626831,0.0392503264459636,57.544264897469,1.66972035442054,3.92503264459636
2021-06-06,290686,26,236398,16,54288,10,261396,19,1851492,916,2112888,935,-1,4302,2,9891,4621,3,"East TN",2455501,23.4168098485808,0.0377505654785118,38.077769058127,1.05884705402278,3.77505654785118
2021-06-07,290759,73,236433,35,54326,38,261448,52,1852762,1270,2114210,1322,3,4305,10,9901,4623,2,"East TN",2455501,23.1317356417285,0.036773428232503,53.8383002083892,2.97291672860243,3.6773428232503
2021-06-08,290846,87,236500,67,54346,20,261518,70,1854240,1478,2115758,1548,3,4308,4,9905,4626,3,"East TN",2455501,21.3398406272284,0.0344962453066333,63.0421246010488,3.54306514230701,3.44962453066333
2021-06-09,290894,48,236538,38,54356,10,261572,54,1856969,2729,2118541,2783,0,4308,3,9908,4629,3,"East TN",2455501,18.4483736720124,0.0312245652978172,113.337359667131,1.95479456127283,3.12245652978172
2021-06-10,290969,75,236595,57,54374,18,261638,66,1858754,1785,2120392,1851,4,4312,4,9912,4632,3,"East TN",2455501,17.9596750316941,0.0305413011090879,75.3817652690836,3.0543665019888,3.05413011090879
2021-06-11,291039,70,236641,46,54398,24,261693,55,1860239,1485,2121932,1540,2,4314,4,9916,4633,1,"East TN",2455501,17.1044524111373,0.030372191011236,62.7163255075034,2.85074206852288,3.0372191011236
2021-06-12,291068,29,236663,22,54405,7,261724,31,1861432,1193,2123156,1224,3,4317,1,9917,4636,3,"East TN",2455501,16.6157537708191,0.030973846291172,49.8472613124572,1.18102171410234,3.0973846291172
2021-06-13,291087,19,236677,14,54410,5,261745,21,1862275,843,2124020,864,1,4318,1,9918,4637,1,"East TN",2455501,16.3306795639668,0.0313510600071865,35.186302102911,0.773772847170496,3.13510600071865
2021-06-14,291140,53,236710,33,54430,20,261786,41,1863527,1252,2125313,1293,3,4321,3,9921,4639,2,"East TN",2455501,15.5161818301031,0.0304422228226605,52.6572784942869,2.15841899473875,3.04422228226605
2021-06-15,291228,88,236779,69,54449,19,261874,88,1865409,1882,2127283,1970,0,4321,4,9925,4643,4,"East TN",2455501,15.5569067167963,0.0308893709327549,80.2280267855725,3.58379002900019,3.08893709327549
2021-06-16,291296,68,236820,41,54476,27,261912,38,1867314,1905,2129226,1943,2,4323,8,9933,4646,3,"East TN",2455501,16.37140445066,0.0318203088441741,79.1284548448565,2.76929229513651,3.18203088441741
2021-06-17,291347,51,236858,38,54489,13,261958,46,1869665,2351,2131623,2397,1,4324,1,9934,4650,4,"East TN",2455501,15.3940071700236,0.0284925652212626,97.617553403562,2.07696922135238,2.84925652212626
2021-06-18,291409,62,236909,51,54500,11,262013,55,1871393,1728,2133406,1783,2,4326,4,9938,4652,2,"East TN",2455501,15.0682080764781,0.0278891406658532,72.6124729739471,2.52494297497741,2.78891406658532
2021-06-19,291437,28,236926,17,54511,11,262031,18,1872543,1150,2134574,1168,0,4326,5,9943,4654,2,"East TN",2455501,15.0274831897849,0.0268873708180067,47.5666676576389,1.14029682740915,2.68873708180067
2021-06-20,291462,25,236947,21,54515,4,262048,17,1873296,753,2135344,770,3,4329,2,9945,4657,3,"East TN",2455501,15.271832509944,0.0267573295655246,31.3581627537517,1.0181221673296,2.67573295655246
2021-06-21,291529,67,236987,40,54542,27,262100,52,1874567,1271,2136667,1323,6,4335,2,9947,4659,2,"East TN",2455501,15.8419809236486,0.027655451823146,53.8790250950824,2.72856740844333,2.7655451823146
2021-06-22,291622,93,237033,46,54589,47,262151,51,1875994,1427,2138145,1478,5,4340,7,9954,4663,4,"East TN",2455501,16.0456053571145,0.0255017492174553,60.1913825325259,3.78741446246611,2.55017492174554
2021-06-23,291691,69,237081,48,54610,21,262206,55,1877783,1789,2139989,1844,2,4342,5,9959,4667,4,"East TN",2455501,16.0863302438077,0.0273158041438261,75.0966910622313,2.8100171818297,2.73158041438261
2021-06-24,291774,83,237133,52,54641,31,262268,62,1879626,1843,2141894,1905,3,4345,6,9965,4668,1,"East TN",2455501,17.3895266179896,0.0301820660110992,77.5809091505155,3.38016559553427,3.01820660110992
2021-06-25,291853,79,237189,56,54664,23,262337,69,1881430,1804,2143767,1873,0,4345,3,9968,4670,2,"East TN",2455501,18.0818496917737,0.0312711128269472,76.2777127763336,3.21726604876154,3.12711128269472
2021-06-26,291888,35,237207,18,54681,17,262358,21,1882614,1184,2144972,1205,0,4345,2,9970,4672,2,"East TN",2455501,18.366923898626,0.0314483554529717,49.0734884652867,1.42537103426144,3.14483554529717
2021-06-27,291917,29,237227,20,54690,9,262382,24,1883328,714,2145710,738,2,4347,3,9973,4674,2,"East TN",2455501,18.5298234453987,0.0322207215898129,30.0549663795698,1.18102171410234,3.22207215898129
2021-06-28,291961,44,237251,24,54710,20,262407,25,1883880,552,2146287,577,4,4351,3,9976,4674,0,"East TN",2455501,17.5931510514555,0.0319126819126819,23.4982596219672,1.7918950145001,3.19126819126819
2021-06-29,292091,130,237336,85,54755,45,262502,95,1885892,2012,2148394,2107,0,4351,7,9983,4677,3,"East TN",2455501,19.0999718591033,0.0342472436335252,85.8073362625387,5.29423527011392,3.42472436335252
2021-06-30,292176,85,237399,63,54777,22,262577,75,1887536,1644,2150113,1719,3,4354,4,9987,4677,0,"East TN",2455501,19.7515700461942,0.0366455946266298,70.0060802255833,3.46161536892064,3.66455946266298
2021-07-01,292282,106,237452,53,54830,53,262642,65,1890088,2552,2152730,2617,1,4355,2,9989,4680,3,"East TN",2455501,20.6882424401375,0.0345145810262089,106.577028476063,4.3168379894775,3.45145810262089
2021-07-02,292364,82,237515,63,54849,19,262716,74,1891770,1682,2154486,1756,0,4355,3,9992,4682,2,"East TN",2455501,20.810417100217,0.0353577759119321,71.5129010332311,3.33944070884109,3.53577759119321
2021-07-03,292412,48,237551,36,54861,12,262756,40,1892857,1087,2155613,1127,1,4356,3,9995,4685,3,"East TN",2455501,21.3398406272284,0.0374024997650597,45.8969473032184,1.95479456127283,3.74024997650597
2021-07-04,292439,27,237572,21,54867,6,262781,25,1893557,700,2156338,725,0,4356,1,9996,4686,1,"East TN",2455501,21.258390853842,0.0375423409860745,29.5255428525584,1.09957194071597,3.75423409860745
2021-07-05,292482,43,237596,24,54886,19,262806,25,1894039,482,2156845,507,0,4356,2,9998,4687,1,"East TN",2455501,21.2176659671489,0.0377912483424891,20.6475175534443,1.75117012780691,3.77912483424891
2021-07-06,292644,162,237700,104,54944,58,262917,111,1895364,1325,2158281,1436,5,4361,6,10004,4687,0,"East TN",2455501,22.5208623413308,0.0419743096996055,58.4809372914122,6.59743164429581,4.19743096996055
2021-07-07,292787,143,237782,82,55005,61,263005,88,1896821,1457,2159826,1545,4,4365,6,10010,4689,2,"East TN",2455501,24.8829057695354,0.0440646556161845,62.9199499409693,5.82365879712531,4.40646556161845
2021-07-08,292927,140,237884,102,55043,38,263122,117,1898675,1854,2161797,1971,2,4367,3,10013,4691,2,"East TN",2455501,26.2675519171037,0.0529392301753612,80.2687516722657,5.70148413704576,5.29392301753612
2021-07-09,293091,164,238006,122,55085,42,263253,131,1900419,1744,2163672,1875,0,4367,4,10017,4693,2,"East TN",2455501,29.6069926259448,0.058458523840627,76.35916254972,6.67888141768218,5.8458523840627
2021-07-10,293194,103,238078,72,55116,31,263326,73,1901476,1057,2164802,1130,0,4367,12,10029,4694,1,"East TN",2455501,31.8468613940699,0.0620306888671237,46.0191219632979,4.19466332939795,6.20306888671237
2021-07-11,293242,48,238113,35,55129,13,263369,43,1902232,756,2165601,799,2,4369,7,10036,4694,0,"East TN",2455501,32.7020840146267,0.0634783547446831,32.539184467854,1.95479456127283,6.34783547446832
2021-07-12,293415,173,238230,117,55185,56,263494,125,1903598,1366,2167092,1491,1,4370,14,10050,4695,1,"East TN",2455501,37.9963192847407,0.0671416024202205,60.7208060595373,7.04540539792083,6.71416024202205
2021-07-13,293629,214,238367,137,55262,77,263639,145,1905219,1621,2168858,1766,4,4374,17,10067,4699,4,"East TN",2455501,40.1140133927862,0.0682613217358419,71.9201499001629,8.71512575234138,6.82613217358419
2021-07-14,293802,173,238503,136,55299,37,263781,142,1906780,1561,2170561,1703,0,4374,12,10079,4700,1,"East TN",2455501,41.3357599935818,0.072286911970191,69.3544820384923,7.04540539792083,7.2286911970191
2021-07-15,294022,220,238653,150,55369,70,263948,167,1908581,1801,2172529,1968,0,4374,15,10094,4700,0,"East TN",2455501,44.5937509290365,0.0769660827431979,80.1465770121861,8.95947507250048,7.69660827431979
2021-07-16,294252,230,238795,142,55457,88,264102,154,1910110,1529,2174212,1683,0,4374,10,10104,4704,4,"East TN",2455501,47.2815934507866,0.080550284629981,68.5399843046287,9.36672393943232,8.0550284629981
2021-07-17,294396,144,238895,100,55501,44,264212,110,1911328,1218,2175540,1328,0,4374,5,10109,4706,2,"East TN",2455501,48.9513138052072,0.0825107096293537,54.0826495285484,5.8643836838185,8.25107096293537
2021-07-18,294540,144,239016,121,55524,23,264344,132,1912452,1124,2176796,1256,0,4374,6,10115,4708,2,"East TN",2455501,52.8609029277528,0.0870924519874944,51.1504576866391,5.8643836838185,8.70924519874944
2021-07-19,294843,303,239227,211,55616,92,264559,215,1914142,1690,2178701,1905,2,4376,14,10129,4709,1,"East TN",2455501,58.1551381978667,0.0917391678869842,77.5809091505155,12.3396406680348,9.17391678869842
2021-07-20,295200,357,239465,238,55735,119,264812,253,1915802,1660,2180614,1913,2,4378,22,10151,4711,2,"East TN",2455501,63.9787969949921,0.0997788363388908,77.906708244061,14.5387845494667,9.97788363388908
2021-07-21,295602,402,239759,294,55843,108,265121,309,1917918,2116,2183039,2425,3,4381,28,10179,4715,4,"East TN",2455501,73.3047960477312,0.107389004648181,98.7578502309712,16.37140445066,10.7389004648181
2021-07-22,296077,475,240093,334,55984,141,265489,368,1920286,2368,2185775,2736,5,4386,21,10200,4718,3,"East TN",2455501,83.6896421544931,0.11633700739846,111.423289992551,19.3443211792624,11.633700739846
2021-07-23,296537,460,240412,319,56125,141,265822,333,1922189,1903,2188011,2236,1,4387,28,10228,4724,6,"East TN",2455501,93.0563660939254,0.124646713529966,91.0608466459594,18.7334478788646,12.4646713529966
2021-07-24,296894,357,240661,249,56233,108,266087,265,1923940,1751,2190027,2016,0,4387,21,10249,4728,4,"East TN",2455501,101.730766959574,0.129426382273763,82.101371573459,14.5387845494667,12.9426382273763
2021-07-25,297122,228,240851,190,56271,38,266290,203,1925255,1315,2191545,1518,3,4390,17,10266,4733,5,"East TN",2455501,105.151657441801,0.131941148552444,61.8203780002533,9.28527416604595,13.1941148552444
2021-07-26,297789,667,241314,463,56475,204,266775,485,1926984,1729,2193759,2214,10,4400,36,10302,4737,4,"East TN",2455501,119.97551619812,0.147164298047549,90.1648991387094,27.1634994243537,14.7164298047549
2021-07-27,298515,726,241803,489,56712,237,267290,515,1929305,2321,2196595,2836,2,4402,28,10330,4743,6,"East TN",2455501,135.002999387905,0.155059132720105,115.49577866187,29.5662677392516,15.5059132720105
2021-07-28,299332,817,242351,548,56981,269,267904,614,1932171,2866,2200075,3480,2,4404,37,10367,4746,3,"East TN",2455501,151.903827365576,0.163359943648744,141.72260569228,33.2722324283313,16.3359943648744
2021-07-29,300021,689,242809,458,57212,231,268401,497,1934599,2428,2203000,2925,3,4407,24,10391,4750,4,"East TN",2455501,160.618953117918,0.169056603773585,119.120293577563,28.0594469316038,16.9056603773585
2021-07-30,301019,998,243558,749,57461,249,269204,803,1936402,1803,2205606,2606,4,4411,41,10432,4755,5,"East TN",2455501,182.528942158851,0.192213697073032,106.129054722438,40.6434369197976,19.2213697073032
2021-07-31,301554,535,243923,365,57631,170,269600,396,1938371,1969,2207971,2365,2,4413,32,10464,4765,10,"East TN",2455501,189.777971990237,0.195775746767722,96.3143570293801,21.7878143808534,19.5775746767722
2021-08-01,302084,530,244343,420,57741,110,270061,461,1940509,2138,2210570,2599,3,4416,28,10492,4769,4,"East TN",2455501,202.076887771579,0.198212877792378,105.843980515585,21.5841899473875,19.8212877792378
2021-08-02,302935,851,244882,539,58053,312,270598,537,1942844,2335,2213442,2872,9,4425,33,10525,4778,9,"East TN",2455501,209.570266923125,0.194228522074887,116.961874582824,34.6568785758996,19.4228522074887
2021-08-03,304273,1338,245851,969,58422,369,271614,1016,1946618,3774,2218232,4790,4,4429,40,10565,4788,10,"East TN",2455501,234.493897579353,0.19984286176457,195.072207260351,54.4898983954802,19.984286176457
2021-08-04,305360,1087,246686,835,58674,252,272500,886,1950237,3619,2222737,4505,8,4437,40,10605,4794,6,"East TN",2455501,245.489616986513,0.202806460153561,183.465614552794,44.267951835491,20.2806460153561
2021-08-05,306540,1180,247579,893,58961,287,273453,953,1954201,3964,2227654,4917,10,4447,43,10648,4801,7,"East TN",2455501,265.485536352866,0.204916037965442,200.244267870386,48.0553662979571,20.4916037965442
2021-08-06,307878,1338,248566,987,59312,351,274536,1083,1958829,4628,2233365,5711,3,4450,52,10700,4814,13,"East TN",2455501,279.331997828549,0.192081847328794,232.579827904774,54.4898983954802,19.2081847328794
2021-08-07,308602,724,249091,525,59511,199,275119,583,1961831,3002,2236950,3585,0,4450,28,10728,4823,9,"East TN",2455501,287.029001413561,0.19044825563339,145.998718795065,29.4848179658652,19.044825563339
2021-08-08,309239,637,249543,452,59696,185,275644,525,1963947,2116,2239591,2641,5,4455,30,10758,4833,10,"East TN",2455501,291.386564289731,0.192377933220771,107.554425756699,25.9417528235582,19.2377933220771
2021-08-09,310608,1369,250504,961,60104,408,276650,1006,1967484,3537,2244134,4543,13,4468,66,10824,4845,12,"East TN",2455501,312.482055596801,0.197184934184804,185.013160247135,55.7523698829689,19.7184934184804
2021-08-10,311933,1325,251354,850,60579,475,277567,917,1970735,3251,2248302,4168,6,4474,49,10873,4859,14,"East TN",2455501,311.952632069789,0.197971400066511,169.741327737191,53.9604748684688,19.7971400066511
2021-08-11,313821,1888,252667,1313,61154,575,278951,1384,1976090,5355,2255041,6739,8,4482,63,10936,4879,20,"East TN",2455501,344.57326631103,0.199696631996038,274.445011425367,76.8885860767314,19.9696631996038
2021-08-12,315282,1461,253734,1067,61548,394,280111,1160,1980570,4480,2260681,5640,10,4492,45,10981,4893,14,"East TN",2455501,356.016959471815,0.201592636327853,229.688360949558,59.4990594587418,20.1592636327853
2021-08-13,316929,1647,254858,1124,62071,523,281284,1173,1985989,5419,2267273,6592,11,4503,30,11011,4917,24,"East TN",2455501,368.600949460008,0.199009083402147,268.458453081469,67.073888383674,19.9009083402147
2021-08-14,318459,1530,255947,1089,62512,441,282484,1200,1991460,5471,2273944,6671,1,4504,27,11038,4931,14,"East TN",2455501,401.425208134715,0.199086338325134,271.67571913023,62.3090766405715,19.9086338325134
2021-08-15,319603,1144,256914,967,62689,177,283543,1059,1995267,3807,2278810,4866,11,4515,21,11059,4944,13,"East TN",2455501,422.072725688159,0.20140748106785,198.167298649033,46.5892703770025,20.140748106785
2021-08-16,321041,1438,257833,919,63208,519,284505,962,1998326,3059,2282831,4021,17,4532,27,11086,4962,18,"East TN",2455501,424.882742869989,0.202987311677908,163.754769393293,58.5623870647986,20.2987311677908
2021-08-17,322776,1735,259047,1214,63729,521,285825,1320,2003185,4859,2289010,6179,10,4542,25,11111,4979,17,"East TN",2455501,441.579946414194,0.202859388817923,251.639074877184,70.6576784126742,20.2859388817923
2021-08-18,324866,2090,260439,1392,64427,698,287303,1478,2008605,5420,2295908,6898,13,4555,32,11143,4994,15,"East TN",2455501,449.806373526217,0.204370274304451,280.920268409583,85.1150131887546,20.4370274304451
2021-08-19,327257,2391,261941,1502,65316,889,288878,1575,2018557,9952,2307435,11527,23,4578,43,11186,5016,22,"East TN",2455501,487.680518150878,0.187513367840185,469.435768912332,97.3732040834029,18.7513367840185
2021-08-20,329712,2455,263921,1980,65791,475,290990,2112,2025448,6891,2316438,9003,4,4582,37,11223,5049,33,"East TN",2455501,520.586226598971,0.197416861588528,366.646154898736,99.9795968317667,19.7416861588528
2021-08-21,332641,2929,265900,1979,66741,950,293109,2119,2034373,8925,2327482,11044,0,4582,57,11280,5073,24,"East TN",2455501,577.560343082735,0.198457170607793,449.765648639524,119.283193124336,19.8457170607793
2021-08-22,334122,1481,267239,1339,66883,142,294626,1517,2039884,5511,2334510,7028,7,4589,17,11297,5092,19,"East TN",2455501,591.284629898338,0.198976660682226,286.214503679697,60.3135571926055,19.8976660682226
2021-08-23,336069,1947,268368,1129,67701,818,295812,1186,2043850,3966,2339662,5152,17,4606,37,11334,5113,21,"East TN",2455501,612.013597225169,0.198958315004135,209.814616243284,79.2913543916292,19.8958315004135
2021-08-24,338051,1982,269759,1391,68292,591,297245,1433,2047629,3779,2344874,5212,15,4621,25,11359,5151,38,"East TN",2455501,622.072644238386,0.204425032221108,212.258109444875,80.7167254258907,20.4425032221108
2021-08-25,340273,2222,270970,1211,69303,1011,298487,1242,2051664,4035,2350151,5277,17,4638,39,11398,5189,38,"East TN",2455501,627.448329281886,0.206183286322659,214.905227079932,90.4906982322548,20.6183286322659
2021-08-26,342926,2653,272805,1835,70121,818,300442,1955,2058509,6845,2358951,8800,24,4662,40,11438,5219,30,"East TN",2455501,638.1182495955,0.224473949840826,358.379002900019,108.043124397017,22.4473949840826
2021-08-27,345935,3009,275084,2279,70851,730,302815,2373,2065581,7072,2368396,9445,19,4681,44,11482,5240,21,"East TN",2455501,660.679836823524,0.227587666961777,384.646554817123,122.541184059791,22.7587666961777
2021-08-28,348078,2143,276624,1540,71454,603,304487,1672,2071447,5866,2375934,7538,1,4682,33,11515,5275,35,"East TN",2455501,628.670075882681,0.234830347560472,306.984195893221,87.2734321834933,23.4830347560472
2021-08-29,350412,2334,278452,1828,71960,506,306508,2021,2078440,6993,2384948,9014,9,4691,45,11560,5306,31,"East TN",2455501,663.408404231967,0.235576351163805,367.094128652361,95.0518855418915,23.5576351163805
2021-08-30,353652,3240,280867,2415,72785,825,309114,2606,2087480,9040,2396594,11646,21,4712,71,11631,5346,40,"East TN",2455501,716.065682726254,0.233647158013068,474.282030428821,131.948632885916,23.3647158013068
2021-08-31,357237,3585,283276,2409,73961,1176,311721,2607,2096065,8585,2407786,11192,7,4719,80,11711,5381,35,"East TN",2455501,781.347676095428,0.230099186164802,455.792931870115,145.998718795065,23.0099186164802
2021-09-01,358670,1433,284229,953,74441,480,312708,987,2098347,2282,2411055,3269,14,4733,32,11743,5423,42,"East TN",2455501,749.215740494506,0.233498620780244,133.129654600019,58.3587626313327,23.3498620780244
2021-09-02,360984,2314,285724,1495,75260,819,314224,1516,2102604,4257,2416828,5773,19,4752,44,11787,5453,30,"East TN",2455501,735.410003905517,0.238125680322062,235.104770879751,94.2373878080278,23.8125680322062
2021-09-03,362739,1755,286950,1226,75789,529,315517,1293,2106709,4105,2422226,5398,17,4769,32,11819,5482,29,"East TN",2455501,684.340995992264,0.235965075236857,219.832938369807,71.4721761465379,23.5965075236857
2021-09-04,365995,3256,289290,2340,76705,916,318090,2573,2114754,8045,2432844,10618,3,4772,56,11875,5513,31,"East TN",2455501,729.667794881778,0.239026533122474,432.416846908228,132.600231073007,23.9026533122474
2021-09-05,370447,4452,292544,3254,77903,1198,321577,3487,2127263,12509,2448840,15996,8,4780,58,11933,5568,55,"East TN",2455501,815.923104897941,0.235851123771364,651.435287544171,181.307195558055,23.5851123771364
2021-09-06,375354,4907,296480,3936,78874,971,325867,4290,2142896,15633,2468763,19923,11,4791,102,12035,5605,37,"East TN",2455501,883.811491015479,0.232135681525309,811.361917588305,199.837019003454,23.2135681525309
2021-09-07,377431,2077,297938,1458,79493,619,327385,1518,2147321,4425,2474706,5943,34,4825,64,12099,5637,32,"East TN",2455501,822.398361882158,0.234070531978482,242.028001617593,84.5855896617432,23.4070531978482
2021-09-08,379107,1676,299114,1176,79993,500,328646,1261,2151698,4377,2480344,5638,19,4844,60,12159,5678,41,"East TN",2455501,832.294509348601,0.230022081427066,229.606911176171,68.2549100977764,23.0022081427066
2021-09-09,381016,1909,300120,1006,80896,903,329723,1077,2155363,3665,2485086,4742,8,4852,55,12214,5718,40,"East TN",2455501,815.800930237862,0.227064959418676,193.117412699079,77.7438086972883,22.7064959418676
2021-09-10,386503,5487,303958,3838,82545,1649,333858,4135,2167465,12102,2501323,16237,23,4875,144,12358,5754,36,"East TN",2455501,967.786207376825,0.231879843736172,661.249985237229,223.457453285501,23.1879843736172
2021-09-11,390782,4279,307063,3105,83719,1174,337173,3315,2179283,11818,2516456,15133,8,4883,119,12477,5798,44,"East TN",2455501,1009.44776646395,0.228232789551739,616.289710327953,174.261790160134,22.8232789551739
2021-09-12,392359,1577,308485,1422,83874,155,338726,1553,2184523,5240,2523249,6793,23,4906,50,12527,5842,44,"East TN",2455501,892.363717221048,0.230469432461127,276.644155306799,64.2231463151512,23.0469432461127
2021-09-13,394707,2348,309934,1449,84773,899,340227,1501,2189646,5123,2529873,6624,63,4969,84,12611,5892,50,"East TN",2455501,788.14873217319,0.234986090656194,269.761649455651,95.622033955596,23.4986090656194
2021-09-14,397516,2809,311887,1953,85629,856,342301,2074,2195866,6220,2538167,8294,43,5012,63,12674,5936,44,"East TN",2455501,817.959349232601,0.235041994295709,337.772210233268,114.396206721154,23.5041994295709
2021-09-15,399309,1793,313085,1198,86224,595,343518,1217,2199641,3775,2543159,4992,23,5035,36,12710,5975,39,"East TN",2455501,822.724160975703,0.236758735970708,203.298634372375,73.0197218408789,23.6758735970708
2021-09-16,401950,2641,314939,1854,87011,787,345475,1957,2206298,6657,2551773,8614,23,5058,65,12775,6012,37,"East TN",2455501,852.534778035114,0.236207956573245,350.804173975087,107.554425756699,23.6207956573245
2021-09-17,404626,2676,316812,1873,87814,803,347477,2002,2213500,7202,2560977,9204,23,5081,82,12857,6067,55,"East TN",2455501,738.057121540574,0.228299862540651,374.831857124065,108.97979679096,22.8299862540651
2021-09-18,406073,1447,317985,1173,88088,274,348811,1334,2218972,5472,2567783,6806,3,5084,39,12896,6125,58,"East TN",2455501,622.724242425477,0.226742260408752,277.17357883381,58.9289110450372,22.6742260408752
2021-09-19,406716,643,318431,446,88285,197,349324,513,2221049,2077,2570373,2590,17,5101,25,12921,6168,43,"East TN",2455501,584.687198254043,0.224896019013666,105.477456535347,26.1861021437173,22.4896019013666
2021-09-20,408695,1979,319686,1255,89009,724,350694,1370,2226685,5636,2577379,7006,48,5149,70,12991,6212,44,"East TN",2455501,569.659715064258,0.220330063570917,285.318556172447,80.5945507658111,22.0330063570917
2021-09-21,410564,1869,320788,1102,89776,767,351831,1137,2230989,4304,2582820,5441,31,5180,61,13052,6259,47,"East TN",2455501,531.378321572665,0.213423510178487,221.584108497614,76.1148132295609,21.3423510178487
2021-09-22,412156,1592,321905,1117,90251,475,353052,1221,2236345,5356,2589397,6577,14,5194,45,13097,6299,40,"East TN",2455501,523.192619347335,0.206194039534582,267.847579781071,64.8340196155489,20.6194039534582
2021-09-23,414503,2347,323412,1507,91091,840,354715,1663,2242701,6356,2597416,8019,32,5226,59,13156,6337,38,"East TN",2455501,511.219502659539,0.202440680936836,326.572866392642,95.5813090689028,20.2440680936836
2021-09-24,416039,1536,324392,980,91647,556,355812,1097,2247580,4879,2603392,5976,37,5263,40,13196,6386,49,"East TN",2455501,464.793131829309,0.196510668395615,243.371922878468,62.5534259607306,19.6510668395615
2021-09-25,416736,697,324881,489,91855,208,356374,562,2250601,3021,2606975,3583,2,5265,21,13217,6428,42,"East TN",2455501,434.249466809421,0.192973055725658,145.917269021678,28.3852460251492,19.2973055725658
2021-09-26,417597,861,325509,628,92088,233,357097,723,2254576,3975,2611673,4698,6,5271,26,13243,6464,36,"East TN",2455501,443.127492108535,0.188208232445521,191.325517684578,35.0641274428314,18.8208232445521
2021-09-27,419054,1457,326339,830,92715,627,358019,922,2258167,3591,2616186,4513,46,5317,45,13288,6497,33,"East TN",2455501,421.869101254693,0.18875460612776,183.791413646339,59.3361599119691,18.875460612776
2021-09-28,420342,1288,327124,785,93218,503,358874,855,2261827,3660,2620701,4515,14,5331,34,13322,6533,36,"East TN",2455501,398.207942085953,0.185924342018426,183.872863419726,52.453654060821,18.5924342018426
2021-09-29,422018,1676,328132,1008,93886,668,360012,1138,2267324,5497,2627336,6635,30,5361,50,13372,6578,45,"East TN",2455501,401.628832568181,0.18345238409025,270.209623209276,68.2549100977764,18.345238409025
2021-09-30,423227,1209,328893,761,94334,448,360832,820,2271995,4671,2632827,5491,11,5372,40,13412,6613,35,"East TN",2455501,355.283911511337,0.172742932986925,223.620352832273,49.2363880120595,17.2742932986925
2021-10-01,424596,1369,329865,972,94731,397,361906,1074,2276968,4973,2638874,6047,14,5386,47,13459,6642,29,"East TN",2455501,348.482855433575,0.171749055859309,246.263389833684,55.7523698829689,17.1749055859309
2021-10-02,425149,553,330216,351,94933,202,362301,395,2279637,2669,2641938,3064,11,5397,19,13478,6680,38,"East TN",2455501,342.618471749757,0.169522066184252,124.781052827916,22.5208623413308,16.9522066184252
2021-10-03,425688,539,330682,466,95006,73,362825,524,2282728,3091,2645553,3615,13,5410,15,13493,6713,33,"East TN",2455501,329.505058234552,0.169067296340024,147.22046539586,21.9507139276262,16.9067296340024
2021-10-04,427034,1346,331539,857,95495,489,363765,940,2286865,4137,2650630,5077,22,5432,29,13522,6736,23,"East TN",2455501,324.984595811608,0.166821507374289,206.760249741295,54.8156974890257,16.6821507374289
2021-10-05,428297,1263,332295,756,96002,507,364580,815,2291327,4462,2655907,5277,17,5449,41,13563,6776,40,"East TN",2455501,323.966473644279,0.162074646367097,214.905227079932,51.4355318934914,16.2074646367097
2021-10-06,429232,935,333001,706,96231,229,365360,780,2295748,4421,2661108,5201,18,5467,26,13589,6811,35,"East TN",2455501,293.789332604629,0.158356034584863,211.81013569125,38.077769058127,15.8356034584863
2021-10-07,430347,1115,333794,793,96553,322,366217,857,2300529,4781,2666746,5638,24,5491,26,13615,6841,30,"East TN",2455501,289.96119325547,0.158760576667944,229.606911176171,45.4082486629002,15.8760576667944
2021-10-08,431397,1050,334382,588,97015,462,366859,642,2304774,4245,2671633,4887,9,5500,31,13646,6862,21,"East TN",2455501,276.969954400344,0.151195091425257,199.02252126959,42.7611310278432,15.1195091425257
2021-10-09,431937,540,334736,354,97201,186,367276,417,2307583,2809,2674859,3226,4,5504,32,13678,6892,30,"East TN",2455501,276.440530873333,0.151119346313903,131.378484472212,21.9914388143194,15.1119346313903
2021-10-10,432255,318,335002,266,97253,52,367586,310,2309815,2232,2677401,2542,6,5510,16,13694,6916,24,"East TN",2455501,267.440330914139,0.14949133383572,103.522661974074,12.9505139684325,14.949133383572
2021-10-11,433471,1216,335539,537,97932,679,368134,548,2313261,3446,2681395,3994,52,5562,33,13727,6930,14,"East TN",2455501,262.146095644025,0.142012026653665,162.655197452577,49.5214622189117,14.2012026653665
2021-10-12,434405,934,336176,637,98229,297,369139,1005,2316905,3644,2686044,4649,29,5591,32,13759,6964,34,"East TN",2455501,248.747607921968,0.151275840329163,189.329998236612,38.0370441714339,15.1275840329163
2021-10-13,435250,845,336724,548,98526,297,369788,649,2320769,3864,2690557,4513,25,5616,37,13796,6987,23,"East TN",2455501,245.082368119581,0.150361642161024,183.791413646339,34.4125292557405,15.0361642161024
2021-10-14,436197,947,337377,653,98820,294,370509,721,2324772,4003,2695281,4724,31,5647,33,13829,7019,32,"East TN",2455501,238.240587155126,0.150411775013142,192.384364738601,38.5664676984452,15.0411775013142
2021-10-15,437000,803,337890,513,99110,290,371085,576,2328665,3893,2699750,4469,24,5671,30,13859,7044,25,"East TN",2455501,228.18154014191,0.150300529928513,181.999518631839,32.7020840146267,15.0300529928513
2021-10-16,437308,308,338129,239,99179,69,371356,271,2330895,2230,2702251,2501,7,5678,12,13871,7059,15,"East TN",2455501,218.733366429091,0.148948598130841,101.852941619653,12.5432651015007,14.8948598130841
2021-10-17,437560,252,338339,210,99221,42,371604,248,2332558,1663,2704162,1911,7,5685,14,13885,7075,16,"East TN",2455501,216.045523907341,0.150143866073764,77.8252584706746,10.2626714466824,15.0143866073764
2021-10-18,438346,786,338805,466,99541,320,372119,515,2335748,3190,2707867,3705,23,5708,37,13922,7096,21,"East TN",2455501,198.533822629272,0.1505364158356,150.885705198247,32.0097609408426,15.05364158356
2021-10-19,439177,831,339246,441,99931,390,372593,474,2339076,3328,2711669,3802,25,5733,23,13945,7112,16,"East TN",2455501,194.339159299874,0.134790243902439,154.836019207486,33.8423808420359,13.4790243902439
2021-10-20,439940,763,339736,490,100204,273,373134,541,2343097,4021,2716231,4562,15,5748,21,13966,7131,19,"East TN",2455501,190.999718591033,0.130326400249279,185.786933094305,31.0730885468994,13.0326400249279
2021-10-21,440569,629,340159,423,100410,206,373604,470,2346734,3637,2720338,4107,17,5765,21,13987,7149,18,"East TN",2455501,178.0492046226,0.123518378097937,167.257109648907,25.6159537300127,12.3518378097937
2021-10-22,441112,543,340501,342,100611,201,373990,386,2349838,3104,2723828,3490,6,5771,18,14005,7167,18,"East TN",2455501,167.460734082373,0.120649555610931,142.129854559212,22.1136134743989,12.0649555610931
2021-10-23,441468,356,340745,244,100723,112,374263,273,2352222,2384,2726485,2657,0,5771,15,14020,7187,20,"East TN",2455501,169.415528643645,0.119955434513493,108.20602394379,14.4980596627735,11.9955434513493
2021-10-24,441711,243,340907,162,100804,81,374459,196,2354119,1897,2728578,2093,7,5778,14,14034,7199,12,"East TN",2455501,169.049004663407,0.116931520314548,85.2371878488341,9.89614746644371,11.6931520314548
2021-10-25,442133,422,341155,248,100978,174,374730,271,2356550,2431,2731280,2702,28,5806,21,14055,7210,11,"East TN",2455501,154.225145907088,0.111519241447059,110.038643844983,17.1859021845236,11.1519241447059
2021-10-26,442658,525,341483,328,101175,197,375068,338,2359189,2639,2734257,2977,12,5818,28,14083,7221,11,"East TN",2455501,141.763330578973,0.109571453869311,121.237987685609,21.3805655139216,10.9571453869311
2021-10-27,443278,620,341877,394,101401,226,375492,424,2363387,4198,2738879,4622,10,5828,21,14104,7242,21,"East TN",2455501,135.939671781848,0.104115153655952,188.230426295896,25.2494297497741,10.4115153655952
2021-10-28,443693,415,342133,256,101560,159,375783,291,2366184,2797,2741967,3088,16,5844,15,14119,7257,15,"East TN",2455501,127.224546029507,0.100744370983402,125.758450108552,16.9008279776714,10.0744370983402
2021-10-29,444152,459,342437,304,101715,155,376115,332,2369701,3517,2745816,3849,4,5848,10,14129,7274,17,"East TN",2455501,123.803655547279,0.0966436237947972,156.750088882065,18.6927229921715,9.66436237947972
2021-10-30,444415,263,342639,202,101776,61,376344,229,2372275,2574,2748619,2803,0,5848,16,14145,7288,14,"East TN",2455501,120.016241084813,0.0940182524622752,114.151857400995,10.7106452003074,9.40182524622752
2021-10-31,444586,171,342766,127,101820,44,376490,146,2373899,1624,2750389,1770,0,5848,5,14150,7299,11,"East TN",2455501,117.084049242904,0.0931181513914997,72.0830494469357,6.96395562453446,9.31181513914997
2021-11-01,445182,596,343127,361,102055,235,376880,390,2377016,3117,2753896,3507,14,5862,23,14173,7308,9,"East TN",2455501,124.170179527518,0.0950654403961797,142.822177632996,24.2720324691377,9.50654403961797
2021-11-02,445595,413,343348,221,102247,192,377107,227,2379227,2211,2756334,2438,25,5887,16,14189,7331,23,"East TN",2455501,119.608992217881,0.0923585632105812,99.2872737579826,16.819378204285,9.23585632105812
2021-11-03,446168,573,343728,380,102440,193,377501,394,2383805,4578,2761306,4972,6,5893,14,14203,7342,11,"East TN",2455501,117.694922543302,0.0895795246800731,202.484136638511,23.3353600751944,8.95795246800731
2021-11-04,446585,417,344030,302,102555,115,377831,330,2387340,3535,2765171,3865,13,5906,9,14212,7353,11,"East TN",2455501,117.776372316688,0.0882606447164282,157.401687069156,16.9822777510577,8.82606447164282
2021-11-05,447020,435,344315,285,102705,150,378155,324,2390923,3583,2769078,3907,2,5908,13,14225,7359,6,"East TN",2455501,116.798975036052,0.0876966726850658,159.11213231027,17.715325711535,8.76966726850658
2021-11-06,447253,233,344486,171,102767,62,378343,188,2393163,2240,2771506,2428,0,5908,13,14238,7367,8,"East TN",2455501,115.577228435256,0.0873421593044086,98.8800248910507,9.48889859951187,8.73421593044086
2021-11-07,447452,199,344614,128,102838,71,378497,154,2395064,1901,2773561,2055,6,5914,8,14246,7379,12,"East TN",2455501,116.717525262665,0.086613153806318,83.6896421544931,8.10425245194362,8.6613153806318
2021-11-08,447993,541,344960,346,103033,195,378882,385,2398596,3532,2777478,3917,25,5939,25,14271,7391,12,"East TN",2455501,114.47765649454,0.0848952590959206,159.519381177202,22.0321637010125,8.48952590959206
2021-11-09,448857,864,345574,614,103283,250,379679,797,2405864,7268,2785543,8065,10,5949,27,14298,7406,15,"East TN",2455501,132.844580393166,0.0880550515252148,328.446211180529,35.186302102911,8.80550515252148
2021-11-10,449482,625,346011,437,103471,188,380180,501,2411115,5251,2791295,5752,7,5956,28,14326,7417,11,"East TN",2455501,134.962274501212,0.089332755343626,234.249548259194,25.45305418324,8.9332755343626
2021-11-11,449986,504,346393,382,103593,122,380585,405,2415403,4288,2795988,4693,5,5961,10,14336,7430,13,"East TN",2455501,138.505339643519,0.089366258883084,191.121893251113,20.5253428933647,8.9366258883084
2021-11-12,450467,481,346715,322,103752,159,380917,332,2418853,3450,2799770,3782,2,5963,24,14360,7440,10,"East TN",2455501,140.378684431405,0.0899908771015248,154.021521473622,19.5886704994215,8.99908771015248
2021-11-13,450704,237,346857,142,103847,95,381066,149,2420851,1998,2801917,2147,4,5967,11,14371,7449,9,"East TN",2455501,140.541583978178,0.0895399690901319,87.436331730266,9.65179814628461,8.95399690901319
2021-11-14,451065,361,347173,316,103892,45,381411,345,2423829,2978,2805240,3323,1,5968,14,14385,7457,8,"East TN",2455501,147.139015622474,0.0919852268064017,135.32879848145,14.7016840962394,9.19852268064017
2021-11-15,451642,577,347464,291,104178,286,381712,301,2426596,2767,2808308,3068,26,5994,20,14405,7467,10,"East TN",2455501,148.605111543428,0.09179370742783,124.943952374689,23.4982596219672,9.179370742783
2021-11-16,452313,671,347896,432,104417,239,382172,460,2430203,3607,2812375,4067,24,6018,17,14422,7477,10,"East TN",2455501,140.745208411644,0.0929114490161002,165.628114181179,27.3263989711265,9.29114490161002
2021-11-17,453025,712,348362,466,104663,246,382680,508,2434848,4645,2817528,5153,5,6023,27,14449,7487,10,"East TN",2455501,144.288273553951,0.0952998132123661,209.855341129977,28.996119325547,9.52998132123661
2021-11-18,453649,624,348772,410,104877,214,383158,478,2439710,4862,2822868,5340,12,6035,19,14468,7496,9,"East TN",2455501,149.175259957133,0.0957217261904762,217.470894941603,25.4123292965468,9.57217261904762
2021-11-19,454262,613,349214,442,105048,171,383618,460,2444184,4474,2827802,4934,7,6042,13,14481,7504,8,"East TN",2455501,154.550945000633,0.0963541666666667,200.93659094417,24.9643555429218,9.63541666666667
2021-11-20,454584,322,349461,247,105123,75,383905,287,2446888,2704,2830793,2991,0,6042,14,14495,7512,8,"East TN",2455501,158.012560369554,0.0983169414046267,121.808136099313,13.1134135152052,9.83169414046267
2021-11-21,454848,264,349613,152,105235,112,384069,164,2448371,1483,2832440,1647,9,6051,11,14506,7523,11,"East TN",2455501,154.062246360315,0.0977205882352941,67.073888383674,10.7513700870006,9.77205882352941
2021-11-22,455600,752,350108,495,105492,257,384581,512,2452239,3868,2836820,4380,20,6071,38,14544,7529,6,"East TN",2455501,161.189101531622,0.100624298540965,178.375003716146,30.6251147932744,10.0624298540965
2021-11-23,456276,676,350577,469,105699,207,385070,489,2455540,3301,2840610,3790,21,6092,20,14564,7536,7,"East TN",2455501,161.392725965088,0.102638569151762,154.347320567167,27.5300234045924,10.2638569151762
2021-11-24,457012,736,351109,532,105903,204,385643,573,2459568,4028,2845211,4601,6,6098,21,14585,7546,10,"East TN",2455501,162.370123245725,0.107033197269082,187.37520367534,29.9735166061834,10.7033197269082
2021-11-25,457298,286,351267,158,106031,128,385816,173,2461204,1636,2847020,1809,1,6099,11,14596,7555,9,"East TN",2455501,148.605111543428,0.110052997681351,73.6713200279699,11.6473175942506,11.0052997681351
2021-11-26,457528,230,351469,202,106059,28,386060,244,2462881,1677,2848941,1921,1,6100,15,14611,7559,4,"East TN",2455501,133.007479939939,0.115521074790671,78.2325073376065,9.36672393943232,11.5521074790671
2021-11-27,457812,284,351697,228,106115,56,386314,254,2464475,1594,2850789,1848,0,6100,14,14625,7570,11,"East TN",2455501,131.459934245598,0.120474094818964,75.259590609004,11.5658678208643,12.0474094818964
2021-11-28,458127,315,351909,212,106218,103,386531,217,2465985,1510,2852516,1727,7,6107,20,14645,7580,10,"East TN",2455501,133.53690346695,0.122633990834828,70.3318793191288,12.828339308353,12.2633990834828
2021-11-29,459224,1097,352623,714,106601,383,387269,738,2470532,4547,2857801,5285,19,6126,36,14681,7588,8,"East TN",2455501,147.586989376099,0.128115914398742,215.231026173477,44.6752007024228,12.8115914398742
2021-11-30,460062,838,353132,509,106930,329,387775,506,2473899,3367,2861674,3873,64,6190,26,14707,7600,12,"East TN",2455501,154.184421020395,0.128418154196734,157.727486162702,34.1274550488882,12.8418154196734
2021-12-01,461145,1083,353903,771,107242,312,388583,808,2479069,5170,2867652,5978,48,6238,33,14740,7621,21,"East TN",2455501,168.315956702929,0.13101020453634,243.453372651854,44.1050522887183,13.101020453634
2021-12-02,462048,903,354527,624,107521,279,389249,666,2483730,4661,2872979,5327,39,6277,18,14758,7638,17,"East TN",2455501,193.443211792624,0.13224700489233,216.941471414591,36.7745726839452,13.224700489233
2021-12-03,463066,1018,355262,735,107804,283,390031,782,2488706,4976,2878737,5758,21,6298,26,14784,7650,12,"East TN",2455501,225.534422506853,0.133272922539938,234.493897579353,41.4579346536613,13.3272922539938
2021-12-04,463489,423,355596,334,107893,89,390412,381,2491458,2752,2881870,3133,3,6301,29,14813,7662,12,"East TN",2455501,231.195181757206,0.13184903960619,127.591070009745,17.2266270712168,13.184903960619
2021-12-05,463874,385,355812,216,108062,169,390643,231,2493389,1931,2884032,2162,12,6313,15,14828,7670,8,"East TN",2455501,234.045923825728,0.13047341033126,88.0472050306638,15.6790813768758,13.047341033126
2021-12-06,464825,951,356457,645,108368,306,391333,690,2497573,4184,2888906,4874,69,6382,32,14860,7684,14,"East TN",2455501,228.100090368524,0.130654235653432,198.493097742579,38.729367245218,13.0654235653432
2021-12-07,465667,842,356990,533,108677,309,391874,541,2501049,3476,2892923,4017,8,6390,28,14888,7689,5,"East TN",2455501,228.262989915296,0.13117219751032,163.59186984652,34.2903545956609,13.117219751032
2021-12-08,466713,1046,357627,637,109086,409,392531,657,2505662,4613,2898193,5270,4,6394,29,14917,7706,17,"East TN",2455501,226.756169107649,0.129268851707541,214.62015287308,42.5982314810705,12.9268851707541
2021-12-09,467632,919,358247,620,109385,299,393198,667,2510639,4977,2903837,5644,19,6413,34,14951,7720,14,"East TN",2455501,227.407767294739,0.127973297038045,229.85126049633,37.4261708710361,12.7973297038045
2021-12-10,468427,795,358795,548,109632,247,393799,601,2515148,4509,2908947,5110,5,6418,22,14973,7734,14,"East TN",2455501,218.326117562159,0.124726911618669,208.10417100217,32.3762849210813,12.4726911618669
2021-12-11,468823,396,359081,286,109742,110,394124,325,2518069,2921,2912193,3246,0,6418,19,14992,7743,9,"East TN",2455501,217.226545621443,0.122415328298651,132.192982206075,16.1270551305009,12.2415328298651
2021-12-12,469254,431,359344,263,109910,168,394418,294,2520587,2518,2915005,2812,9,6427,18,15010,7750,7,"East TN",2455501,219.09989040933,0.121880347399348,114.518381381233,17.5524261647623,12.1880347399348
2021-12-13,470135,881,359918,574,110217,307,395021,603,2525189,4602,2920210,5205,23,6450,24,15034,7759,9,"East TN",2455501,216.249148340807,0.117812420138002,211.973035238023,35.8786251766951,11.7812420138002
2021-12-14,470892,757,360374,456,110518,301,395504,483,2529211,4022,2924715,4505,36,6486,23,15057,7767,8,"East TN",2455501,212.787532971886,0.114179667840966,183.465614552794,30.8287392267403,11.4179667840966
2021-12-15,471761,869,360963,589,110798,280,396132,628,2534013,4802,2930145,5430,19,6505,23,15080,7782,15,"East TN",2455501,205.579228027193,0.112700300450676,221.136134743989,35.3899265363769,11.2700300450676
2021-12-16,472555,794,361474,511,111081,283,396677,545,2537833,3820,2934510,4365,19,6524,22,15102,7799,17,"East TN",2455501,200.488617190545,0.113422228018127,177.764130415748,32.3355600343881,11.3422228018127
2021-12-17,473365,810,362010,536,111355,274,397262,585,2542501,4668,2939763,5253,24,6548,34,15136,7813,14,"East TN",2455501,201.099490490943,0.112376687435099,213.927829799296,32.987158221479,11.2376687435099
2021-12-18,473935,570,362391,381,111544,189,397688,426,2545845,3344,2943533,3770,0,6548,29,15165,7826,13,"East TN",2455501,208.185620775557,0.113720485003191,153.532822833304,23.2131854151149,11.3720485003191
2021-12-19,474355,420,362671,280,111684,140,397997,309,2548506,2661,2946503,2970,6,6554,16,15181,7835,9,"East TN",2455501,207.737647021932,0.113626261984888,120.952913478756,17.1044524111373,11.3626261984888
2021-12-20,475289,934,363295,624,111994,310,398635,638,2552466,3960,2951101,4598,40,6594,31,15212,7847,12,"East TN",2455501,209.89606601667,0.116992004143602,187.25302901526,38.0370441714339,11.6992004143602
2021-12-21,476299,1010,363951,656,112348,354,399304,669,2556849,4383,2956153,5052,30,6624,29,15241,7857,10,"East TN",2455501,220.199462350046,0.120872829060373,205.742127573966,41.1321355601158,12.0872829060373
2021-12-22,477784,1485,364682,731,113102,754,400052,748,2561186,4337,2961238,5085,852,7476,40,15281,7873,16,"East TN",2455501,245.285992553047,0.126073392725051,207.086048834841,60.4764567393782,12.6073392725051
2021-12-23,478949,1165,365487,805,113462,360,400916,864,2565671,4485,2966587,5349,28,7504,35,15316,7890,17,"East TN",2455501,260.394925516219,0.132150762228388,217.837418921841,47.4444929975594,13.2150762228388
2021-12-24,479887,938,366137,650,113750,288,401624,708,2569506,3835,2971130,4543,0,7504,18,15334,7912,22,"East TN",2455501,265.607711012946,0.13906334682947,185.013160247135,38.1999437182066,13.906334682947
2021-12-25,480367,480,366420,283,113947,197,401957,333,2571625,2119,2973582,2452,8,7512,19,15353,7920,8,"East TN",2455501,261.942471210559,0.142067955672402,99.8574221716871,19.5479456127283,14.2067955672402
2021-12-26,480710,343,366697,277,114013,66,402277,320,2573500,1875,2975777,2195,62,7574,19,15372,7937,17,"East TN",2455501,258.806654935184,0.146204823392772,89.3911262915389,13.9686361357621,14.6204823392772
2021-12-27,482584,1874,367958,1261,114626,613,403587,1310,2578252,4752,2981839,6062,64,7638,36,15408,7956,19,"East TN",2455501,297.088048426777,0.161103520072874,246.874263134081,76.3184376630268,16.1103520072874
2021-12-28,485008,2424,369401,1443,115607,981,405072,1485,2582629,4377,2987701,5862,18,7656,27,15435,7969,13,"East TN",2455501,354.673038210939,0.182832509192342,238.729285795445,98.717125344278,18.2832509192342
2021-12-29,487893,2885,371329,1928,116564,957,407075,2003,2587918,5289,2994993,7292,37,7693,30,15465,7984,15,"East TN",2455501,411.687879581397,0.208058065471782,296.965873766698,117.491298109836,20.8058065471782
2021-12-30,490717,2824,373115,1786,117602,1038,408897,1822,2592380,4462,3001277,6284,14,7707,34,15499,7999,15,"East TN",2455501,479.250466605389,0.230066301527818,255.915187979968,115.007080021552,23.0066301527818
2021-12-31,493240,2523,374929,1814,118311,709,410844,1947,2597213,4833,3008057,6780,0,7707,25,15524,8018,19,"East TN",2455501,543.799412014086,0.24968180464159,276.114731779788,102.748889126903,24.968180464159
2022-01-01,494699,1459,376159,1230,118540,229,412183,1339,2600862,3649,3013045,4988,0,7707,34,15558,8026,8,"East TN",2455501,583.669076086713,0.259128804196336,203.135734825602,59.4176096853555,25.9128804196336
2022-01-02,496163,1464,377123,964,119040,500,413406,1223,2603878,3016,3017284,4239,6,7713,27,15585,8046,20,"East TN",2455501,629.321674069772,0.268123449056786,172.632794692407,59.6212341188214,26.8123449056786
2022-01-03,499055,2892,379307,2184,119748,708,415631,2225,2608048,4170,3023679,6395,33,7746,37,15622,8060,14,"East TN",2455501,670.779608723434,0.287858508604206,260.435650402912,117.776372316688,28.7858508604206
2022-01-04,503225,4170,381763,2456,121462,1714,418021,2390,2613285,5237,3031306,7627,14,7760,43,15665,8078,18,"East TN",2455501,741.885260889733,0.296961357642472,310.608710808914,169.822777510577,29.6961357642472
2022-01-05,508157,4932,385172,3409,122985,1523,421521,3500,2618519,5234,3040040,8734,15,7775,44,15709,8103,25,"East TN",2455501,825.24910395068,0.320687282171954,355.691160378269,200.855141170783,32.0687282171954
2022-01-06,513314,5157,388641,3469,124673,1688,425168,3647,2624130,5611,3049298,9258,11,7786,43,15752,8123,20,"East TN",2455501,920.260264605879,0.338830928135607,377.031001005497,210.01824067675,33.8830928135607
2022-01-07,517684,4370,391867,3226,125817,1144,428447,3279,2628814,4684,3057261,7963,12,7798,40,15792,8145,22,"East TN",2455501,995.47913032819,0.3577554670352,324.292272737824,177.967754849214,35.77554670352
2022-01-08,520828,3144,394291,2424,126537,720,431052,2605,2633576,4762,3064628,7367,1,7799,43,15835,8165,20,"East TN",2455501,1064.1005644062,0.365798809685361,300.020240268687,128.03904376337,36.5798809685361
2022-01-09,524330,3502,396974,2683,127356,819,433950,2898,2638577,5001,3072527,7899,15,7814,42,15877,8183,18,"East TN",2455501,1147.09788348691,0.371884220625238,321.68587998946,142.61855319953,37.1884220625238
2022-01-10,528968,4638,400046,3072,128922,1566,437190,3240,2643355,4778,3080545,8018,29,7843,63,15940,8216,33,"East TN",2455501,1218.20353565321,0.379119333169205,326.532141505949,188.882024482987,37.9119333169205
2022-01-11,534568,5600,404086,4040,130482,1560,441326,4136,2648544,5189,3089870,9325,30,7873,50,15990,8241,25,"East TN",2455501,1276.44012362447,0.397940714432074,379.759568413941,228.05936548183,39.7940714432074
2022-01-12,540256,5688,408068,3982,132188,1706,445493,4167,2653313,4769,3098806,8936,16,7889,33,16023,8263,22,"East TN",2455501,1307.22813796451,0.407922948643774,363.917587490292,231.643155510831,40.7922948643774
2022-01-13,547581,7325,413314,5246,134267,2079,450971,5478,2660239,6926,3111210,12404,65,7954,50,16073,8279,16,"East TN",2455501,1395.51969231534,0.416768962398243,505.151494542254,298.309795027573,41.6768962398243
2022-01-14,554077,6496,418091,4777,135986,1719,455901,4930,2666119,5880,3122020,10810,68,8022,39,16112,8312,33,"East TN",2455501,1482.10080142505,0.423941073827576,440.236025153319,264.548863958923,42.3941073827576
2022-01-15,558616,4539,421477,3386,137139,1153,459514,3613,2671206,5087,3130720,8700,9,8031,38,16150,8327,15,"East TN",2455501,1538.91201836204,0.430642135205471,354.306514230701,184.850260700362,43.0642135205471
2022-01-16,562469,3853,424793,3316,137676,537,463004,3490,2675853,4647,3138857,8137,7,8038,40,16190,8345,18,"East TN",2455501,1553.20645359134,0.43802201115634,331.378403022438,156.912988428838,43.802201115634
2022-01-17,567101,4632,428120,3327,138981,1305,466474,3470,2680588,4735,3147062,8205,15,8053,43,16233,8369,24,"East TN",2455501,1552.96210427119,0.440248357562728,334.147695317575,188.637675162828,44.0248357562728
2022-01-18,573056,5955,431796,3676,141260,2279,470212,3738,2684049,3461,3154261,7199,49,8102,48,16281,8401,32,"East TN",2455501,1567.41943904727,0.44860306564582,293.178459304232,242.516700257911,44.860306564582
2022-01-19,581360,8304,437801,6005,143559,2299,476389,6177,2689896,5847,3166285,12024,22,8124,53,16334,8433,32,"East TN",2455501,1673.95574263664,0.45786096415181,489.676037598844,338.1794591002,45.786096415181
2022-01-20,589651,8291,443866,6065,145785,2226,482664,6275,2695613,5717,3178277,11992,44,8168,43,16377,8467,34,"East TN",2455501,1713.29598318225,0.472557293452816,488.372841224663,337.650035573189,47.2557293452816
2022-01-21,596949,7298,449475,5609,147474,1689,488545,5881,2701335,5722,3189880,11603,53,8221,31,16408,8498,31,"East TN",2455501,1745.95734231018,0.481049218980253,472.530860301014,297.210223086857,48.1049218980253
2022-01-22,602948,5999,454339,4864,148609,1135,493708,5163,2707421,6086,3201129,11249,0,8221,57,16465,8525,27,"East TN",2455501,1805.41567688223,0.48564814157281,458.114250411627,244.308595272411,48.564814157281
2022-01-23,606544,3596,457314,2975,149230,621,496853,3145,2710690,3269,3207543,6414,6,8227,31,16496,8557,32,"East TN",2455501,1794.94938100208,0.492807850216929,261.209423250082,146.44669254869,49.2807850216929
2022-01-24,613229,6685,461996,4682,151233,2003,501816,4963,2716070,5380,3217886,10343,37,8264,45,16541,8592,35,"East TN",2455501,1878.55757338319,0.49901163447419,421.217503067602,272.245867543935,49.901163447419
2022-01-25,618931,5702,466076,4080,152855,1622,506080,4264,2720723,4653,3226803,8917,30,8294,36,16577,8621,29,"East TN",2455501,1868.25417704982,0.494444597612418,363.143814643122,232.213303924535,49.4444597612418
2022-01-26,624733,5802,470499,4423,154234,1379,510757,4677,2725616,4893,3236373,9570,26,8320,37,16614,8655,34,"East TN",2455501,1766.36051054347,0.490354982307956,389.737165653771,236.285792593854,49.0354982307956
2022-01-27,631984,7251,476267,5768,155717,1483,516898,6141,2732769,7153,3249667,13294,29,8349,52,16666,8702,47,"East TN",2455501,1724.00662838256,0.479534948872391,541.396643699188,295.296153412277,47.9534948872391
2022-01-28,636941,4957,479970,3703,156971,1254,520828,3930,2737608,4839,3258436,8769,38,8387,42,16708,8736,34,"East TN",2455501,1628.66966863381,0.470899702433047,357.11653141253,201.873263338113,47.0899702433047
2022-01-29,641003,4062,483237,3267,157766,795,524372,3544,2743037,5429,3267409,8973,5,8392,32,16740,8774,38,"East TN",2455501,1549.78556310912,0.462643331321666,365.42440829794,165.424489747713,46.2643331321666
2022-01-30,643069,2066,484746,1509,158323,557,525968,1596,2745513,2476,3271481,4072,17,8409,24,16764,8820,46,"East TN",2455501,1487.47648646855,0.455363007913917,165.831738614645,84.1376159081181,45.5363007913917
2022-01-31,646980,3911,487214,2468,159766,1443,528540,2572,2748445,2932,3276985,5504,68,8477,38,16802,8858,38,"East TN",2455501,1374.50565078165,0.452190392392426,224.149776359285,159.275031857043,45.2190392392426
2022-02-01,651938,4958,490733,3519,161205,1439,532441,3901,2753704,5259,3286145,9160,28,8505,40,16842,8890,32,"East TN",2455501,1344.20633508192,0.444221630548347,373.039962109565,201.913988224806,44.4221630548347
2022-02-02,656649,4711,494245,3512,162404,1199,536195,3754,2758603,4899,3294798,8653,21,8526,47,16889,8932,42,"East TN",2455501,1299.77548369966,0.435395806589645,352.392444556121,191.85494121159,43.5395806589645
2022-02-03,665577,8928,496922,2677,168655,6251,539021,2826,2762956,4353,3301977,7179,26,8552,41,16930,8960,28,"East TN",2455501,1368.07111868413,0.422921047600841,292.363961570368,363.591788396747,42.2921047600841
2022-02-04,669107,3530,499442,2520,169665,1010,541766,2745,2767546,4590,3309312,7335,12,8564,38,16968,8989,29,"East TN",2455501,1309.95670537296,0.411549650129727,298.717043894505,143.75885002694,41.1549650129727
2022-02-05,670784,1677,500626,1184,170158,493,543102,1336,2770168,2622,3313270,3958,3,8567,26,16994,9033,44,"East TN",2455501,1212.82785060971,0.408408015525174,161.189101531622,68.2956349844696,40.8408015525174
2022-02-06,672091,1307,501573,947,170518,360,544188,1086,2772820,2652,3317008,3738,1,8568,35,17029,9065,32,"East TN",2455501,1181.91766160959,0.400202077887847,152.229626459122,53.2274269079915,40.0202077887847
2022-02-07,674899,2808,503406,1833,171493,975,546162,1974,2775705,2885,3321867,4859,50,8618,46,17075,9097,32,"East TN",2455501,1136.998111587,0.392629561962479,197.882224442181,114.355481834461,39.2629561962479
2022-02-08,677560,2661,505114,1708,172446,953,548052,1890,2778372,2667,3326424,4557,21,8639,43,17118,9134,37,"East TN",2455501,1043.45304685276,0.387571687479828,185.58330866084,108.368923490563,38.7571687479828
2022-02-09,680463,2903,507191,2077,173272,826,550364,2312,2782043,3671,3332407,5983,26,8665,28,17146,9167,33,"East TN",2455501,969.822451711484,0.376744928075727,243.65699708532,118.224346070313,37.6744928075727
2022-02-10,682970,2507,508972,1781,173998,726,552337,1973,2785252,3209,3337589,5182,28,8693,30,17176,9205,38,"East TN",2455501,708.327954254549,0.373918903740312,211.036362844079,102.097290939812,37.3918903740312
2022-02-11,685265,2295,510697,1725,174568,570,554235,1898,2788616,3364,3342851,5262,31,8724,41,17217,9236,31,"East TN",2455501,658.032719188467,0.371776141208742,214.294353779534,93.4636149608573,37.1776141208742
2022-02-12,686195,930,511382,685,174813,245,555015,780,2791118,2502,3346133,3282,3,8727,17,17234,9278,42,"East TN",2455501,627.611228828659,0.362504944770715,133.65907812703,37.8741446246611,36.2504944770715
2022-02-13,686771,576,511798,416,174973,160,555499,484,2792518,1400,3348017,1884,35,8762,11,17245,9301,23,"East TN",2455501,597.841336655941,0.364765068206005,76.7256865299587,23.457534735274,36.4765068206005
2022-02-14,689010,2239,513226,1428,175784,811,557118,1619,2795525,3007,3352643,4626,146,8908,26,17271,9333,32,"East TN",2455501,574.668876127519,0.355991681829997,188.393325842669,91.183021306039,35.5991681829997
2022-02-15,690902,1892,514622,1396,176280,496,558653,1535,2798390,2865,3357043,4400,37,8945,30,17301,9363,30,"East TN",2455501,543.351438260461,0.34622293347268,179.18950145001,77.0514856235041,34.622293347268
2022-02-16,692667,1765,515856,1234,176811,531,560024,1371,2801595,3205,3361619,4576,14,8959,20,17321,9385,22,"East TN",2455501,497.006517203618,0.330686019444064,186.35708150801,71.8794250134698,33.0686019444064
2022-02-17,694448,1781,517119,1263,177329,518,561413,1389,2805117,3522,3366530,4911,13,8972,23,17344,9409,24,"East TN",2455501,467.440249464366,0.313603538232957,199.999918550227,72.5310232005607,31.3603538232957
2022-02-18,695627,1179,517844,725,177783,454,562250,837,2808082,2965,3370332,3802,8,8980,10,17354,9437,28,"East TN",2455501,421.991275914773,0.291656053273171,154.836019207486,48.0146414112639,29.1656053273171
2022-02-19,696162,535,518187,343,177975,192,562662,412,2810184,2102,3372846,2514,1,8981,15,17369,9471,34,"East TN",2455501,405.904945670965,0.286265114363793,102.382365146665,21.7878143808534,28.6265114363793
2022-02-20,696530,368,518419,232,178111,136,562934,272,2811619,1435,3374553,1707,8,8989,5,17374,9487,16,"East TN",2455501,397.434169238783,0.280185408501658,69.5173815852651,14.9867583030917,28.0185408501658
2022-02-21,697250,720,518827,408,178423,312,563379,445,2813170,1551,3376549,1996,7,8996,13,17387,9507,20,"East TN",2455501,335.573066351836,0.261900778047352,81.2868738395953,29.3219184190925,26.1900778047352
2022-02-22,698425,1175,519479,652,178946,523,564107,728,2815520,2350,3379627,3078,44,9040,23,17410,9526,19,"East TN",2455501,306.373322592823,0.241498405951116,125.35120124162,47.8517418644912,24.1498405951116
2022-02-23,699287,862,519950,471,179337,391,564639,532,2818117,2597,3382756,3129,79,9119,9,17419,9554,28,"East TN",2455501,269.598749908878,0.218337512418981,127.428170462973,35.1048523295246,21.8337512418981
2022-02-24,700143,856,520437,487,179706,369,565205,566,2820619,2502,3385824,3068,50,9169,13,17432,9575,21,"East TN",2455501,231.928229717683,0.196537783766974,124.943952374689,34.8605030093655,19.6537783766974
2022-02-25,700907,764,520890,453,180017,311,565711,506,2822996,2377,3388707,2883,5,9174,24,17456,9591,16,"East TN",2455501,215.027401740011,0.188353741496599,117.409848336449,31.1138134335926,18.8353741496599
2022-02-26,701162,255,521070,180,180092,75,565928,217,2824732,1736,3390660,1953,0,9174,6,17462,9609,18,"East TN",2455501,203.62443346592,0.1833389468957,79.5357037117883,10.3848461067619,18.33389468957
2022-02-27,701185,23,521092,22,180093,1,565958,30,2825087,355,3391045,385,4,9178,2,17464,9630,21,"East TN",2455501,189.574347556771,0.183361629881155,15.6790813768758,0.936672393943232,18.3361629881155
2022-02-28,702050,865,521551,459,180499,406,566471,513,2827774,2687,3394245,3200,27,9205,19,17483,9651,21,"East TN",2455501,195.479456127283,0.174728752260398,130.319637418189,35.2270269896042,17.4728752260398
2022-03-01,702813,763,521913,362,180900,401,566874,403,2829992,2218,3396866,2621,28,9233,17,17500,9667,16,"East TN",2455501,178.700802809691,0.160508150124717,106.739928022835,31.0730885468994,16.0508150124717
2022-03-02,703269,456,522176,263,181093,193,567184,310,2832305,2313,3399489,2623,8,9241,11,17511,9690,23,"East TN",2455501,162.166498812259,0.152094663240304,106.821377796222,18.5705483320919,15.2094663240304
2022-03-03,703624,355,522362,186,181262,169,567405,221,2834261,1956,3401666,2177,15,9256,11,17522,9706,16,"East TN",2455501,141.763330578973,0.138871354626941,88.6580783310616,14.4573347760803,13.8871354626941
2022-03-04,703960,336,522575,213,181385,123,567670,265,2836504,2243,3404174,2508,10,9266,10,17532,9716,10,"East TN",2455501,124.333079074291,0.126656753087218,102.138015826505,13.6835619289098,12.6656753087218
2022-03-05,704102,142,522677,102,181425,40,567786,116,2838216,1712,3406002,1828,0,9266,7,17539,9733,17,"East TN",2455501,119.731166877961,0.1211054621301,74.4450928751403,5.78293391043213,12.11054621301
2022-03-06,704201,99,522736,59,181465,40,567858,72,2839427,1211,3407285,1283,2,9268,4,17543,9743,10,"East TN",2455501,122.826258266643,0.116995073891626,52.2500296273551,4.03176378262522,11.6995073891626
2022-03-07,704464,263,522909,173,181555,90,568069,211,2841131,1704,3409200,1915,13,9281,9,17552,9754,11,"East TN",2455501,98.3098764773462,0.106853895018389,77.9881580174473,10.7106452003074,10.6853895018389
2022-03-08,704727,263,523008,99,181719,164,568192,123,2842883,1752,3411075,1875,27,9308,9,17561,9770,16,"East TN",2455501,77.9474331307542,0.0927581110563727,76.35916254972,10.7106452003074,9.27581110563727
2022-03-09,705020,293,523134,126,181886,167,568341,149,2844894,2011,3413235,2160,23,9331,7,17568,9780,10,"East TN",2455501,71.3092765997652,0.0841699403462826,87.9657552572774,11.9323918011029,8.41699403462826
2022-03-10,705206,186,523233,99,181973,87,568470,129,2846990,2096,3415460,2225,75,9406,3,17571,9789,9,"East TN",2455501,64.4267707486171,0.0772074815137016,90.6128728923344,7.57482892493222,7.72074815137016
2022-03-11,705417,211,523324,91,182093,120,568574,104,2849180,2190,3417754,2294,79,9485,5,17576,9805,16,"East TN",2455501,59.3361599119691,0.0665684830633284,93.4228900741641,8.59295109226182,6.65684830633284
2022-03-12,705486,69,523359,35,182127,34,568615,41,2850465,1285,3419080,1326,0,9485,3,17579,9814,9,"East TN",2455501,56.3632431833667,0.0633888973849212,54.001199755162,2.8100171818297,6.33888973849212
2022-03-13,705577,91,523412,53,182165,38,568685,70,2852074,1609,3420759,1679,4,9489,5,17584,9820,6,"East TN",2455501,56.0374440898212,0.0613774677156004,68.3770847578559,3.70596468907974,6.13774677156004
2022-03-14,705734,157,523495,83,182239,74,568791,106,2853159,1085,3421950,1191,69,9558,3,17587,9831,11,"East TN",2455501,51.7206061003437,0.0566274509803922,48.5033400515821,6.39380721082989,5.66274509803922
2022-03-15,705920,186,523574,79,182346,107,568882,91,2854592,1433,3423474,1524,4,9562,1,17588,9839,8,"East TN",2455501,48.5847898249685,0.0556496491652553,62.0647273204124,7.57482892493222,5.56496491652553
2022-03-16,706076,156,523667,93,182409,63,568991,109,2856159,1567,3425150,1676,10,9572,5,17593,9845,6,"East TN",2455501,43.0054803480023,0.0545530843474612,68.2549100977764,6.3530823241367,5.45530843474612
2022-03-17,706217,141,523761,94,182456,47,569106,115,2857458,1299,3426564,1414,7,9579,1,17594,9854,9,"East TN",2455501,41.172860446809,0.0572766570605187,57.5849897841622,5.74220902373894,5.72766570605187
2022-03-18,706360,143,523849,88,182511,55,569200,94,2858949,1491,3428149,1585,2,9581,1,17595,9865,11,"East TN",2455501,38.4035681516725,0.0602212602212602,64.5489454086966,5.82365879712531,6.02212602212602
2022-03-19,706433,73,523907,58,182526,15,569266,66,2860122,1173,3429388,1239,0,9581,1,17596,9870,5,"East TN",2455501,38.5664676984452,0.0631548311990687,50.458134612855,2.97291672860243,6.31548311990687
2022-03-20,706499,66,523956,49,182543,17,569324,58,2860777,655,3430101,713,3,9584,0,17596,9876,6,"East TN",2455501,37.5483455311156,0.0684007707129094,29.0368442122402,2.68784252175014,6.84007707129094
2022-03-21,706597,98,524022,66,182575,32,569402,78,2861666,889,3431068,967,16,9600,1,17597,9882,6,"East TN",2455501,35.1455772162178,0.0670103092783505,39.3809654323089,3.99103889593203,6.70103092783505
2022-03-22,706681,84,524077,55,182604,29,569465,63,2862669,1003,3432134,1066,2,9602,5,17602,9889,7,"East TN",2455501,30.991638773513,0.0673210161662817,43.4127292149341,3.42089048222746,6.73210161662818
2022-03-23,706776,95,524150,73,182626,22,569544,79,2864112,1443,3433656,1522,11,9613,0,17602,9899,10,"East TN",2455501,28.5074206852288,0.0650129320479661,61.983277547026,3.86886423585248,6.50129320479661
2022-03-24,706879,103,524184,34,182695,69,569587,43,2865196,1084,3434783,1127,5,9618,0,17602,9907,8,"East TN",2455501,26.9598749908878,0.0585229346635844,45.8969473032184,4.19466332939795,5.85229346635844
2022-03-25,706944,65,524230,46,182714,19,569644,57,2866650,1454,3436294,1511,0,9618,2,17604,9911,4,"East TN",2455501,23.7833338288195,0.05451197053407,61.535303793401,2.64711763505696,5.451197053407
2022-03-26,706986,42,524264,34,182722,8,569684,40,2867647,997,3437331,1037,0,9618,1,17605,9920,9,"East TN",2455501,22.5208623413308,0.0526249527886189,42.2317075008318,1.71044524111373,5.26249527886189
2022-03-27,707007,21,524279,15,182728,6,569701,17,2868093,446,3437794,463,2,9620,3,17608,9924,4,"East TN",2455501,20.6882424401375,0.0490055894969453,18.8556225389442,0.855222620556864,4.90055894969453
2022-03-28,707120,113,524328,49,182792,64,569763,62,2869515,1422,3439278,1484,30,9650,2,17610,9930,6,"East TN",2455501,21.2991157405352,0.0439707673568819,60.435731852685,4.60191219632979,4.39707673568819
2022-03-29,707234,114,524383,55,182851,59,569822,59,2870625,1110,3440447,1169,6,9656,0,17610,9941,11,"East TN",2455501,22.5208623413308,0.0429447852760736,47.6073925443321,4.64263708302298,4.29447852760736
2022-03-30,707333,99,524441,58,182892,41,569886,64,2872005,1380,3441891,1444,6,9662,4,17614,9947,6,"East TN",2455501,22.6837618881035,0.0415300546448087,58.8067363849577,4.03176378262522,4.15300546448087
2022-03-31,707417,84,524496,55,182921,29,569953,67,2873188,1183,3443141,1250,8,9670,0,17614,9948,1,"East TN",2455501,21.909989040933,0.0437903804737976,50.90610836648,3.42089048222746,4.37903804737976
2022-04-01,707513,96,524549,53,182964,43,570016,63,2874465,1277,3444481,1340,15,9685,0,17614,9951,3,"East TN",2455501,23.1724605284217,0.0454378893367534,54.5713481688666,3.90958912254566,4.54378893367534
2022-04-02,707599,86,524575,26,183024,60,570047,31,2875267,802,3445314,833,0,9685,1,17615,9956,5,"East TN",2455501,24.9643555429218,0.0454716272078166,33.9238306154223,3.50234025561382,4.54716272078166
2022-04-03,707623,24,524587,12,183036,12,570064,17,2875747,480,3445811,497,10,9695,0,17615,9959,3,"East TN",2455501,25.0865302030013,0.0452787825870026,20.2402686865124,0.977397280636416,4.52787825870026
2022-04-04,707713,90,524638,51,183075,39,570123,59,2876755,1008,3446878,1067,51,9746,4,17619,9961,2,"East TN",2455501,24.1498578090581,0.0473684210526316,43.4534541016273,3.66523980238656,4.73684210526316
2022-04-05,707809,96,524678,40,183131,56,570172,49,2877770,1015,3447942,1064,36,9782,1,17620,9965,4,"East TN",2455501,23.4168098485808,0.0466977985323549,43.3312794415478,3.90958912254566,4.66977985323549
2022-04-06,707908,99,524732,54,183176,45,570234,62,2878937,1167,3449171,1229,0,9782,0,17620,9970,5,"East TN",2455501,23.4168098485808,0.0478021978021978,50.0508857459231,4.03176378262522,4.78021978021978
2022-04-07,708091,183,524778,46,183313,137,570288,54,2880050,1113,3450338,1167,53,9835,1,17621,9970,0,"East TN",2455501,27.448573631206,0.0465471724329582,47.5259427709457,7.45265426485267,4.65471724329582
2022-04-08,708160,69,524829,51,183331,18,570343,55,2881269,1219,3451612,1274,6,9841,0,17621,9972,2,"East TN",2455501,26.34900169049,0.0458561211611275,51.8835056471164,2.8100171818297,4.58561211611275
2022-04-09,708214,54,524859,30,183355,24,570384,41,2882130,861,3452514,902,0,9841,0,17621,9975,3,"East TN",2455501,25.0458053163082,0.0468055555555556,36.733847797252,2.19914388143194,4.68055555555556
2022-04-10,708280,66,524894,35,183386,31,570426,42,2882763,633,3453189,675,1,9842,1,17622,9976,1,"East TN",2455501,26.7562505574219,0.0490647872052047,27.4892985178992,2.68784252175014,4.90647872052047
2022-04-11,708384,104,524960,66,183424,38,570501,75,2883670,907,3454171,982,5,9847,2,17624,9980,4,"East TN",2455501,27.3263989711265,0.0518305224187577,39.9918387327067,4.23538821609114,5.18305224187577
2022-04-12,708475,91,525016,56,183459,35,570570,69,2884683,1013,3455253,1082,26,9873,2,17626,9984,4,"East TN",2455501,27.1227745376605,0.0544385173026946,44.0643274020251,3.70596468907974,5.44385173026946
2022-04-13,708599,124,525095,79,183504,45,570655,85,2885876,1193,3456531,1278,0,9873,1,17627,9988,4,"East TN",2455501,28.1408967049901,0.0572010869565217,52.0464051938891,5.04988594995482,5.72010869565217
2022-04-14,708702,103,525142,47,183560,56,570707,52,2886911,1035,3457618,1087,3,9876,0,17627,9991,3,"East TN",2455501,24.8829057695354,0.057554945054945,44.267951835491,4.19466332939795,5.7554945054945
2022-04-15,708777,75,525193,51,183584,24,570769,62,2887944,1033,3458713,1095,1,9877,1,17628,9992,1,"East TN",2455501,25.1272550896945,0.0599915504858471,44.5937509290365,3.0543665019888,5.99915504858471
2022-04-16,708836,59,525239,46,183597,13,570822,53,2888688,744,3459510,797,0,9877,1,17629,9993,1,"East TN",2455501,25.3308795231604,0.0626072041166381,32.4577346944676,2.40276831489786,6.26072041166381
2022-04-17,708874,38,525266,27,183608,11,570855,33,2889288,600,3460143,633,0,9877,0,17629,9995,2,"East TN",2455501,24.1905826957513,0.0616911130284728,25.7788532767855,1.54754569434099,6.16911130284728
2022-04-18,709105,231,525393,127,183712,104,570993,138,2890171,883,3461164,1021,-1,9876,2,17631,9995,0,"East TN",2455501,29.3626433057857,0.0703560703560704,41.5801093137409,9.4074488261255,7.03560703560704
2022-04-19,709222,117,525455,62,183767,55,571056,63,2891129,958,3462185,1021,2,9878,2,17633,9998,3,"East TN",2455501,30.4214903598084,0.0701096364685516,41.5801093137409,4.76481174310253,7.01096364685516
2022-04-20,709362,140,525546,91,183816,49,571157,101,2892559,1430,3463716,1531,8,9886,1,17634,10000,2,"East TN",2455501,31.0730885468994,0.0698677800974252,62.3498015272647,5.70148413704576,6.98677800974252
2022-04-21,709480,118,525626,80,183854,38,571245,88,2893701,1142,3464946,1230,5,9891,1,17635,10003,3,"East TN",2455501,31.6839618472972,0.0734170305676856,50.0916106326163,4.80553662979571,7.34170305676856
2022-04-22,709602,122,525709,83,183893,39,571334,89,2894781,1080,3466115,1169,3,9894,0,17635,10006,3,"East TN",2455501,33.5980315218768,0.0763307214266414,47.6073925443321,4.96843617656845,7.63307214266414
2022-04-23,709677,75,525756,47,183921,28,571382,48,2895638,857,3467020,905,0,9894,0,17635,10007,1,"East TN",2455501,34.2496297089677,0.0745672436750999,36.8560224573315,3.0543665019888,7.45672436750999
2022-04-24,709748,71,525796,40,183952,31,571428,46,2896305,667,3467733,713,2,9896,1,17636,10012,5,"East TN",2455501,35.5935509698428,0.075494071146245,29.0368442122402,2.89146695521606,7.5494071146245
2022-04-25,709938,190,525895,99,184043,91,571526,98,2897040,735,3468566,833,0,9896,5,17641,10015,3,"East TN",2455501,33.9238306154223,0.0720075655228317,33.9238306154223,7.73772847170496,7.20075655228317
2022-04-26,710115,177,526008,113,184107,64,571647,121,2898275,1235,3469922,1356,0,9896,0,17641,10020,5,"East TN",2455501,36.3673238170133,0.0763861962000776,55.2229463559575,7.20830494469357,7.63861962000776
2022-04-27,710306,191,526106,98,184200,93,571748,101,2899470,1195,3471218,1296,0,9896,2,17643,10023,3,"East TN",2455501,38.4442930383657,0.0787789922687283,52.7794531543665,7.77845335839814,7.87789922687283
2022-04-28,710458,152,526195,89,184263,63,571847,99,2900631,1161,3472478,1260,4,9900,1,17644,10028,5,"East TN",2455501,39.828939185934,0.0799256505576208,51.3133572334118,6.19018277736397,7.99256505576208
2022-04-29,710596,138,526281,86,184315,52,571939,92,2901793,1162,3473732,1254,2,9902,0,17644,10030,2,"East TN",2455501,40.4805373730249,0.0794275961664697,51.0690079132527,5.62003436365939,7.94275961664697
2022-04-30,710671,75,526337,56,184334,19,572001,62,2902523,730,3474524,792,0,9902,0,17644,10030,0,"East TN",2455501,40.4805373730249,0.0824893390191898,32.2541102610017,3.0543665019888,8.24893390191898
2022-05-01,710727,56,526370,33,184357,23,572034,33,2903016,493,3475050,526,0,9902,0,17644,10033,3,"East TN",2455501,39.8696640726271,0.0828208282082821,21.4212904006148,2.2805936548183,8.28208282082821
2022-05-02,710912,185,526499,129,184413,56,572180,146,2904042,1026,3476222,1172,6,9908,2,17646,10034,1,"East TN",2455501,39.6660396391612,0.085423197492163,47.7295672044116,7.53410403823904,8.5423197492163
2022-05-03,711096,184,526607,108,184489,76,572300,120,2904989,947,3477289,1067,2,9910,1,17647,10035,1,"East TN",2455501,39.9511138460135,0.0886385231437491,43.4534541016273,7.49337915154586,8.86385231437492
2022-05-04,711359,263,526775,168,184584,95,572476,176,2906264,1275,3478740,1451,3,9913,2,17649,10035,0,"East TN",2455501,42.8833056879227,0.0967827705397501,59.09181059181,10.7106452003074,9.67827705397501
2022-05-05,711577,218,526918,143,184659,75,572627,151,2907385,1121,3480012,1272,1,9914,2,17651,10037,2,"East TN",2455501,45.5711482096729,0.103530661003451,51.80205587373,8.87802529911411,10.3530661003451
2022-05-06,711799,222,527060,142,184739,80,572780,153,2908603,1218,3481383,1371,1,9915,2,17653,10040,3,"East TN",2455501,48.9920386919003,0.109920271859888,55.8338196563553,9.04092484588685,10.9920271859888
2022-05-07,711917,118,527138,78,184779,40,572872,92,2909475,872,3482347,964,0,9915,2,17655,10041,1,"East TN",2455501,50.7432088197073,0.11133836124249,39.2587907722294,4.80553662979571,11.133836124249
2022-05-08,712027,110,527218,80,184809,30,572957,85,2910126,651,3483083,736,0,9915,1,17656,10042,1,"East TN",2455501,52.9423527011392,0.114901033237894,29.9735166061834,4.47973753625024,11.4901033237894
2022-05-09,712257,230,527348,130,184909,100,573095,138,2911108,982,3484203,1120,13,9928,2,17658,10043,1,"East TN",2455501,54.7749726023325,0.114647287307355,45.6118730963661,9.36672393943232,11.4647287307355
2022-05-10,712551,294,527518,170,185033,124,573277,182,2912620,1512,3485897,1694,9,9937,4,17662,10045,2,"East TN",2455501,59.2547101385827,0.11349907063197,68.9879580582537,11.9731166877961,11.349907063197
2022-05-11,712832,281,527714,196,185118,85,573487,210,2913705,1085,3487192,1295,1,9938,0,17662,10046,1,"East TN",2455501,59.98775809906,0.119616658778987,52.7387282676733,11.4436931607847,11.9616658778987
2022-05-12,713067,235,527878,164,185189,71,573664,177,2914981,1276,3488645,1453,2,9940,2,17664,10047,1,"East TN",2455501,60.6800811728442,0.120120467971736,59.1732603651963,9.57034837289824,12.0120467971736
2022-05-13,713346,279,528073,195,185273,84,573871,207,2916332,1351,3490203,1558,0,9940,0,17664,10049,2,"East TN",2455501,63.0013997143556,0.123696145124717,63.4493734679807,11.3622433873983,12.3696145124717
2022-05-14,713455,109,528152,79,185303,30,573954,83,2917059,727,3491013,810,0,9940,1,17665,10053,4,"East TN",2455501,62.634875734117,0.124855758135241,32.987158221479,4.43901264955706,12.4855758135241
2022-05-15,713639,184,528284,132,185355,52,574098,144,2917911,852,3492009,996,0,9940,3,17668,10056,3,"East TN",2455501,65.6485173494126,0.127828814698633,40.5619871464113,7.49337915154586,12.7828814698633
2022-05-16,713946,307,528478,194,185468,113,574296,198,2919274,1363,3493570,1561,2,9942,3,17671,10060,4,"East TN",2455501,68.7843336247878,0.128216077719654,63.5715481280602,12.5025402148075,12.8216077719654
2022-05-17,714358,412,528700,222,185658,190,574532,236,2920524,1250,3495056,1486,16,9958,0,17671,10063,3,"East TN",2455501,73.5898702545835,0.137023692542854,60.5171816260714,16.7786533175918,13.7023692542854
2022-05-18,714722,364,528922,222,185800,142,574770,238,2921913,1389,3496683,1627,7,9965,3,17674,10064,1,"East TN",2455501,76.9700358501178,0.135180697502897,66.2593906498104,14.823858756319,13.5180697502897
2022-05-19,715142,420,529200,278,185942,142,575060,290,2923339,1426,3498399,1716,31,9996,4,17678,10066,2,"East TN",2455501,84.5041398883568,0.143120770965758,69.8839055655037,17.1044524111373,14.3120770965758
2022-05-20,715579,437,529468,268,186111,169,575341,281,2924739,1400,3500080,1681,0,9996,5,17683,10067,1,"East TN",2455501,90.9386719858799,0.148830616583983,68.4585345312423,17.7967754849214,14.8830616583983
2022-05-21,715794,215,529609,141,186185,74,575495,154,2925781,1042,3501276,1196,0,9996,4,17687,10068,1,"East TN",2455501,95.2555099753574,0.150151027964533,48.7069644850481,8.75585063903456,15.0151027964533
2022-05-22,715965,171,529742,133,186223,38,575638,143,2926796,1015,3502434,1158,5,10001,5,17692,10069,1,"East TN",2455501,94.726086448346,0.147721822541966,47.1594187907071,6.96395562453446,14.7721822541966
2022-05-23,716348,383,529987,245,186361,138,575885,247,2927988,1192,3503873,1439,6,10007,4,17696,10072,3,"East TN",2455501,97.821177837028,0.154226924196836,58.6031119514918,15.5976316034895,15.4226924196836
2022-05-24,716918,570,530288,301,186630,269,576199,314,2929426,1438,3505625,1752,0,10007,3,17699,10073,1,"East TN",2455501,104.255709934551,0.15772542340808,71.3500014864584,23.2131854151149,15.772542340808
2022-05-25,717394,476,530614,326,186780,150,576552,353,2930912,1486,3507464,1839,18,10025,2,17701,10075,2,"East TN",2455501,108.816897244188,0.165290789351637,74.8930666287654,19.3850460659556,16.5290789351637
2022-05-26,717887,493,530917,303,186970,190,576868,316,2932412,1500,3509280,1816,13,10038,3,17704,10080,5,"East TN",2455501,111.78981397279,0.166161198419263,73.9563942348221,20.0773691397397,16.6161198419263
2022-05-27,718304,417,531187,270,187117,147,577145,277,2934363,1951,3511508,2228,4,10042,5,17709,10081,1,"East TN",2455501,110.975316238926,0.157857892894645,90.735047552414,16.9822777510577,15.7857892894645
2022-05-28,718588,284,531405,218,187183,66,577372,227,2935423,1060,3512795,1287,0,10042,0,17709,10083,2,"East TN",2455501,113.785333420756,0.162948172584426,52.4129291741278,11.5658678208643,16.2948172584426
2022-05-29,718840,252,531554,149,187286,103,577532,160,2936311,888,3513843,1048,0,10042,2,17711,10087,4,"East TN",2455501,117.084049242904,0.166009290910685,42.6796812544568,10.2626714466824,16.6009290910685
2022-05-30,719052,212,531696,142,187356,70,577684,152,2937022,711,3514706,863,0,10042,5,17716,10087,0,"East TN",2455501,110.12009361837,0.16606664820456,35.1455772162178,8.63367597895501,16.606664820456
2022-05-31,719570,518,531993,297,187577,221,577983,299,2937949,927,3515932,1226,2,10044,4,17720,10087,0,"East TN",2455501,108.002399510324,0.173086252061706,49.9287110858436,21.0954913070693,17.3086252061706
2022-06-01,720239,669,532388,395,187851,274,578416,433,2939313,1364,3517729,1797,1,10045,5,17725,10088,1,"East TN",2455501,115.862302642108,0.181587920116902,73.1826213876516,27.2449491977401,18.1587920116902
2022-06-02,720804,565,532776,388,188028,177,578834,418,2940849,1536,3519683,1954,0,10045,3,17728,10089,1,"East TN",2455501,118.794494484018,0.188983946938383,79.5764285984815,23.009560981649,18.8983946938383
2022-06-03,721431,627,533177,401,188254,226,579259,425,2942408,1559,3521667,1984,1,10046,4,17732,10092,3,"East TN",2455501,127.346720689586,0.20809134757358,80.798175199277,25.5345039566264,20.809134757358
2022-06-04,721740,309,533422,245,188318,64,579525,266,2943564,1156,3523089,1422,0,10046,1,17733,10094,2,"East TN",2455501,128.364842856916,0.209150961725277,57.9107888777077,12.5839899881939,20.9150961725277
2022-06-05,722074,334,533653,231,188421,103,579769,244,2944558,994,3524327,1238,3,10049,3,17736,10094,0,"East TN",2455501,131.704283565757,0.213372758489126,50.4174097261618,13.6021121555235,21.3372758489126
2022-06-06,722618,544,533960,307,188658,237,580089,320,2945650,1092,3525739,1412,0,10049,4,17740,10096,2,"East TN",2455501,145.224945947894,0.217982416387202,57.5035400107758,22.1543383610921,21.7982416387202
2022-06-07,723260,642,534314,354,188946,288,580450,361,2946703,1053,3527153,1414,3,10052,6,17746,10097,1,"East TN",2455501,150.274831897849,0.219855627840656,57.5849897841622,26.1453772570241,21.9855627840656
2022-06-08,723903,643,534737,423,189166,220,580909,459,2948316,1613,3529225,2072,0,10052,4,17750,10098,1,"East TN",2455501,149.215984843826,0.216858037578288,84.3819652282772,26.1861021437173,21.6858037578288
2022-06-09,724517,614,535138,401,189379,213,581335,426,2949805,1489,3531140,1915,10,10062,3,17753,10102,4,"East TN",2455501,151.211504291792,0.218294492450031,77.9881580174473,25.005080429615,21.8294492450031
2022-06-10,725133,616,535502,364,189631,252,581731,396,2951493,1688,3533224,2084,1,10063,2,17755,10103,1,"East TN",2455501,150.763530538167,0.213896339880592,84.8706638685955,25.0865302030013,21.3896339880592
2022-06-11,725502,369,535803,301,189699,68,582071,340,2952587,1094,3534658,1434,0,10063,6,17761,10105,2,"East TN",2455501,153.207023739758,0.220070879073386,58.3994875180259,15.0274831897849,22.0070879073386
2022-06-12,725817,315,535958,155,189859,160,582236,165,2953150,563,3535386,728,2,10065,3,17764,10110,5,"East TN",2455501,152.433250892588,0.223076227507008,29.647717512638,12.828339308353,22.3076227507008
2022-06-13,726400,583,536286,328,190114,255,582571,335,2953922,772,3536493,1107,5,10070,7,17771,10115,5,"East TN",2455501,154.021521473622,0.230797842663195,45.0824495693547,23.7426089421263,23.0797842663195
2022-06-14,727106,706,536673,387,190433,319,582990,419,2955208,1286,3538198,1705,3,10073,5,17776,10117,2,"East TN",2455501,156.627914221986,0.229968311453146,69.4359318118787,28.7517700053879,22.9968311453146
2022-06-15,727813,707,537133,460,190680,247,583479,489,2956650,1442,3540129,1931,11,10084,11,17787,10122,5,"East TN",2455501,159.234306970349,0.23569332355099,78.6397562045383,28.7924948920811,23.569332355099
2022-06-16,728482,669,537566,433,190916,236,583929,450,2957953,1303,3541882,1753,6,10090,4,17791,10124,2,"East TN",2455501,161.474175738475,0.241482033140942,71.3907263731516,27.2449491977401,24.1482033140942
2022-06-17,729065,583,537914,348,191151,235,584307,378,2959190,1237,3543497,1615,7,10097,5,17796,10129,5,"East TN",2455501,160.1302544776,0.250754404750316,65.7706920094922,23.7426089421263,25.0754404750316
2022-06-18,729418,353,538193,279,191225,74,584608,301,2960164,974,3544772,1275,0,10097,5,17801,10130,1,"East TN",2455501,159.478656290509,0.250840419220882,51.9242305338096,14.375885002694,25.0840419220882
2022-06-19,729810,392,538420,227,191390,165,584853,245,2961027,863,3545880,1108,1,10098,2,17803,10131,1,"East TN",2455501,162.614472565884,0.249380598437202,45.1231744560479,15.9641555837281,24.9380598437202
2022-06-20,730456,646,538774,354,191682,292,585221,368,2961853,826,3547074,1194,1,10099,7,17810,10134,3,"East TN",2455501,165.180140427554,0.250448917871657,48.6255147116617,26.3082768037969,25.0448917871657
2022-06-21,731299,843,539229,455,192070,388,585701,480,2962845,992,3548546,1472,1,10100,5,17815,10134,0,"East TN",2455501,170.75944990452,0.261982991882489,59.9470332123668,34.3310794823541,26.1982991882489
2022-06-22,732249,950,539877,648,192372,302,586387,686,2964428,1583,3550815,2269,0,10100,5,17820,10136,2,"East TN",2455501,180.655597370964,0.272131761182856,92.4047679068345,38.6886423585248,27.2131761182856
2022-06-23,733089,840,540413,536,192676,304,586944,557,2965826,1398,3552770,1955,1,10101,5,17825,10141,5,"East TN",2455501,187.619552995499,0.27691036002939,79.6171534851747,34.2089048222746,27.691036002939
2022-06-24,733820,731,540907,494,192913,237,587474,530,2967466,1640,3554940,2170,0,10101,9,17834,10146,5,"East TN",2455501,193.64683622609,0.276763086603164,88.3730041242093,29.7698921727175,27.6763086603164
2022-06-25,734277,457,541164,257,193113,200,587759,285,2968475,1009,3556234,1294,1,10102,2,17836,10147,1,"East TN",2455501,197.882224442181,0.274908392950619,52.6980033809801,18.6112732187851,27.4908392950619
2022-06-26,734729,452,541440,276,193289,176,588045,286,2969380,905,3557425,1191,1,10103,4,17840,10148,1,"East TN",2455501,200.325717643772,0.276483326115201,48.5033400515821,18.4076487853192,27.6483326115201
2022-06-27,735482,753,541862,422,193620,331,588482,437,2970322,942,3558804,1379,8,10111,7,17847,10150,2,"East TN",2455501,204.683280519943,0.278005115089514,56.1596187499007,30.6658396799676,27.8005115089514
2022-06-28,736460,978,542451,589,194009,389,589096,614,2971632,1310,3560728,1924,3,10114,6,17853,10153,3,"East TN",2455501,210.181140223523,0.278689870300443,78.354681997686,39.828939185934,27.8689870300443
2022-06-29,737439,979,543000,549,194439,430,589680,584,2973075,1443,3562755,2027,16,10130,5,17858,10158,5,"East TN",2455501,211.362161937625,0.275795644891122,82.549345327084,39.8696640726271,27.5795644891122
2022-06-30,738337,898,543505,505,194832,393,590223,543,2974501,1426,3564724,1969,2,10132,5,17863,10162,4,"East TN",2455501,213.72420536583,0.274301489041325,80.1873018988793,36.5709482504792,27.4301489041325
2022-07-01,739155,818,544018,513,195137,305,590751,528,2975995,1494,3566746,2022,1,10133,7,17870,10165,3,"East TN",2455501,217.267270508137,0.277570726749111,82.345720893618,33.3129573150245,27.7570726749111
2022-07-02,739643,488,544316,298,195327,190,591076,325,2976973,978,3568049,1303,0,10133,3,17873,10171,6,"East TN",2455501,218.529741995625,0.280744815911976,53.0645273612188,19.8737447062738,28.0744815911976
2022-07-03,740198,555,544651,335,195547,220,591431,355,2977911,938,3569342,1293,0,10133,3,17876,10174,3,"East TN",2455501,222.724405325023,0.284131912394059,52.6572784942869,22.6023121147171,28.4131912394059
2022-07-04,740619,421,544911,260,195708,161,591702,271,2978557,646,3570259,917,1,10134,4,17880,10177,3,"East TN",2455501,209.203742942886,0.281099956350938,37.3447210976497,17.1451772978305,28.1099956350938
2022-07-05,741510,891,545483,572,196027,319,592276,574,2979394,837,3571670,1411,2,10136,7,17887,10181,4,"East TN",2455501,205.660677800579,0.290623286419302,57.4628151240826,36.2858740436269,29.0623286419302
2022-07-06,742665,1155,546206,723,196459,432,593019,743,2980732,1338,3573751,2081,14,10150,15,17902,10184,3,"East TN",2455501,212.82825785858,0.303655874863587,84.7484892085159,47.0372441306275,30.3655874863587
2022-07-07,743721,1056,546803,597,196918,459,593638,619,2982252,1520,3575890,2139,0,10150,8,17910,10194,10,"East TN",2455501,219.262789956103,0.305839154576393,87.1105326367206,43.0054803480023,30.5839154576393
2022-07-08,744791,1070,547472,669,197319,401,594351,713,2984046,1794,3578397,2507,3,10153,6,17916,10198,4,"East TN",2455501,229.525461402785,0.308986353102738,102.097290939812,43.5756287617069,30.8986353102738
2022-07-09,745411,620,547813,341,197598,279,594697,346,2984818,772,3579515,1118,0,10153,3,17919,10201,3,"East TN",2455501,234.901146446285,0.315803244374673,45.5304233229797,25.2494297497741,31.5803244374673
2022-07-10,745811,400,548021,208,197790,192,594907,210,2985429,611,3580336,821,2,10155,5,17924,10208,7,"East TN",2455501,228.588789008842,0.316172457704202,33.4351319751041,16.2899546772736,31.6172457704202
2022-07-11,746997,1186,548681,660,198316,526,595603,696,2986859,1430,3582462,2126,6,10161,12,17936,10209,1,"East TN",2455501,259.743327329128,0.319675489633697,86.5811091097092,48.2997156181162,31.9675489633697
2022-07-12,748174,1177,549347,666,198827,511,596307,704,2988304,1445,3584611,2149,21,10182,6,17942,10214,5,"East TN",2455501,271.390644923378,0.311490611235608,87.5177815036524,47.9331916378776,31.1490611235608
2022-07-13,749473,1299,550128,781,199345,518,597124,817,2989883,1579,3587007,2396,1,10183,7,17949,10220,6,"East TN",2455501,277.255028607197,0.309671092335546,97.5768285168689,52.901627814446,30.9671092335546
2022-07-14,750573,1100,550770,642,199803,458,597795,671,2991234,1351,3589029,2022,1,10184,8,17957,10226,6,"East TN",2455501,279.046923621697,0.316386330770987,82.345720893618,44.7973753625024,31.6386330770987
2022-07-15,751629,1056,551411,641,200218,415,598456,661,2992797,1563,3591253,2224,0,10184,15,17972,10232,6,"East TN",2455501,278.476775207992,0.319306160547604,90.5721480056412,43.0054803480023,31.9306160547604
2022-07-16,752178,549,551713,302,200465,247,598770,314,2993516,719,3592286,1033,1,10185,6,17978,10241,9,"East TN",2455501,275.585308252776,0.318925691018714,42.0688079540591,22.357962794558,31.8925691018714
2022-07-17,752534,356,551972,259,200562,97,599045,275,2994091,575,3593136,850,1,10186,4,17982,10248,7,"East TN",2455501,273.793413238276,0.32328125,34.6161536892064,14.4980596627735,32.328125
2022-07-18,754124,1590,552824,852,201300,738,599966,921,2995704,1613,3595670,2534,5,10191,9,17991,10252,4,"East TN",2455501,290.246267462322,0.330330102967898,103.196862880528,64.7525698421626,33.0330102967898
2022-07-19,755510,1386,553632,808,201878,578,600793,827,2997058,1354,3597851,2181,17,10208,17,18008,10260,8,"East TN",2455501,298.757768781198,0.338821752265861,88.8209778778343,56.444692956753,33.8821752265861
2022-07-20,756754,1244,554373,741,202381,503,601561,768,2998545,1487,3600106,2255,14,10222,14,18022,10263,3,"East TN",2455501,296.517900013073,0.338728147186808,91.8346194931299,50.6617590463209,33.8728147186808
2022-07-21,758109,1355,555214,841,202895,514,602454,893,3000214,1669,3602668,2562,2,10224,11,18033,10272,9,"East TN",2455501,306.902746119835,0.341593958501356,104.337159707937,55.1822214692643,34.1593958501356
2022-07-22,759483,1374,556034,820,203449,554,603305,851,3001724,1510,3605029,2361,0,10224,5,18038,10278,6,"East TN",2455501,319.853260088267,0.351988966318235,96.1514574826074,55.9559943164348,35.1988966318235
2022-07-23,759997,514,556358,324,203639,190,603649,344,3002521,797,3606170,1141,0,10224,6,18044,10280,2,"East TN",2455501,318.427889054006,0.351411696917315,46.4670957169229,20.9325917602966,35.1411696917315
2022-07-24,760594,597,556785,427,203809,170,604093,444,3003401,880,3607494,1324,0,10224,8,18052,10285,5,"East TN",2455501,328.242586747063,0.351581000139295,53.9197499817756,24.3127573558308,35.1581000139295
2022-07-25,761991,1397,557556,771,204435,626,604913,820,3004639,1238,3609552,2058,3,10227,8,18060,10288,3,"East TN",2455501,320.382683615278,0.356360754934447,83.8118168145727,56.892666710378,35.6360754934447
2022-07-26,763525,1534,558574,1018,204951,516,605967,1054,3006077,1438,3612044,2492,9,10236,13,18073,10297,9,"East TN",2455501,326.40996684587,0.364545902909885,101.486417639415,62.4719761873443,36.4545902909885
2022-07-27,764687,1162,559282,708,205405,454,606714,747,3007365,1288,3614079,2035,10,10246,4,18077,10298,1,"East TN",2455501,323.070526137029,0.368782652257926,82.8751444206294,47.3223183374798,36.8782652257926
2022-07-28,766081,1394,560201,919,205880,475,607681,967,3008995,1630,3616676,2597,10,10256,6,18083,10302,4,"East TN",2455501,324.658796718063,0.373143917761279,105.762530742199,56.7704920502985,37.3143917761279
2022-07-29,767244,1163,561008,807,206236,356,608523,842,3010436,1441,3618959,2283,0,10256,14,18097,10307,5,"East TN",2455501,316.065845625801,0.374587221823403,92.9749163205391,47.363043224173,37.4587221823403
2022-07-30,767803,559,561415,407,206388,152,608965,442,3011421,985,3620386,1427,0,10256,4,18101,10310,3,"East TN",2455501,317.898465526994,0.373944850872257,58.1144133111736,22.7652116614899,37.3944850872257
2022-07-31,768383,580,561807,392,206576,188,609393,428,3012199,778,3621592,1206,0,10256,7,18108,10315,5,"East TN",2455501,317.20614245321,0.37593984962406,49.1142133519799,23.6204342820467,37.593984962406
2022-08-01,769393,1010,562359,552,207034,458,609987,594,3012977,778,3622964,1372,9,10265,8,18116,10318,3,"East TN",2455501,301.445611302948,0.378317924246943,55.8745445430484,41.1321355601158,37.8317924246943
2022-08-02,770904,1511,563319,960,207585,551,610986,999,3014605,1628,3625591,2627,12,10277,11,18127,10320,2,"East TN",2455501,300.508938909005,0.370487930907212,106.984277342994,61.535303793401,37.0487930907212
2022-08-03,772063,1159,564085,766,207978,393,611789,803,3016149,1544,3627938,2347,1,10278,6,18133,10330,10,"East TN",2455501,300.386764248925,0.366188036654881,95.5813090689028,47.2001436774003,36.6188036654881
2022-08-04,773307,1244,564911,826,208396,418,612657,868,3017580,1431,3630237,2299,8,10286,10,18143,10339,9,"East TN",2455501,294.278031244948,0.366934591844259,93.62651450763,50.6617590463209,36.6934591844259
2022-08-05,774484,1177,565668,757,208816,420,613444,787,3019077,1497,3632521,2284,6,10292,4,18147,10346,7,"East TN",2455501,294.848179658652,0.362852086712874,93.0156412072322,47.9331916378776,36.2852086712874
2022-08-06,774967,483,566000,332,208967,151,613801,357,3019721,644,3633522,1001,0,10292,3,18150,10351,5,"East TN",2455501,291.75308826997,0.368148599269184,40.7656115798772,19.6701202728079,36.8148599269184
2022-08-07,775328,361,566259,259,209069,102,614071,270,3020329,608,3634400,878,3,10295,4,18154,10357,6,"East TN",2455501,282.834338084163,0.36524047470331,35.7564505166156,14.7016840962394,36.524047470331
2022-08-08,776612,1284,567021,762,209591,522,614867,796,3021476,1147,3636343,1943,5,10300,9,18163,10363,6,"East TN",2455501,293.992957038095,0.364750728754017,79.1284548448565,52.2907545140483,36.4750728754018
2022-08-09,778133,1521,568048,1027,210085,494,615946,1079,3023166,1690,3639112,2769,19,10319,8,18171,10371,8,"East TN",2455501,294.400205905027,0.366836772428075,112.767211253426,61.9425526603329,36.6836772428075
2022-08-10,779400,1267,568892,844,210508,423,616827,881,3024684,1518,3641511,2399,14,10333,8,18179,10374,3,"East TN",2455501,298.798493667891,0.371178074117734,97.6990031769484,51.5984314402641,37.1178074117734
2022-08-11,780472,1072,569622,730,210850,342,617586,759,3025808,1124,3643394,1883,2,10335,4,18183,10380,6,"East TN",2455501,291.793813156663,0.374629474804287,76.6849616432655,43.6570785350932,37.4629474804287
2022-08-12,781779,1307,570478,856,211301,451,618476,890,3027606,1798,3646082,2688,1,10336,10,18193,10384,4,"East TN",2455501,297.088048426777,0.371064080819999,109.468495431279,53.2274269079915,37.1064080819999
2022-08-13,782340,561,570895,417,211445,144,618935,459,3028543,937,3647478,1396,0,10336,3,18196,10393,9,"East TN",2455501,300.264589588846,0.367870449985669,56.8519418236849,22.8466614348762,36.7870449985669
2022-08-14,782848,508,571287,392,211561,116,619350,415,3029282,739,3648632,1154,1,10337,4,18200,10397,4,"East TN",2455501,306.251147932744,0.37092467678471,46.9965192439343,20.6882424401375,37.092467678471
2022-08-15,784453,1605,572239,952,212214,653,620327,977,3030401,1119,3650728,2096,8,10345,7,18207,10404,7,"East TN",2455501,319.323836561256,0.37956204379562,85.3593625089137,65.3634431425603,37.956204379562
2022-08-16,785988,1535,573244,1005,212744,530,621381,1054,3031994,1593,3653375,2647,19,10364,8,18215,10407,3,"East TN",2455501,319.89398497496,0.381055878847367,107.798775076858,62.5127010740374,38.1055878847367
2022-08-17,787316,1328,574115,871,213201,457,622297,916,3033682,1688,3655979,2604,16,10380,10,18225,10413,6,"East TN",2455501,322.378203063245,0.378075753386785,106.047604949051,54.0826495285484,37.8075753386785
2022-08-18,792119,4803,575116,1001,217003,3802,623334,1037,3035542,1860,3658876,2897,0,10380,7,18232,10414,1,"East TN",2455501,474.322755315514,0.371269861774964,117.979996750154,195.601630787363,37.1269861774964
2022-08-19,793475,1356,575939,823,217536,533,624182,848,3037285,1743,3661467,2591,2,10382,5,18237,10417,3,"East TN",2455501,476.31827476348,0.3708807279818,105.51818142204,55.2229463559575,37.08807279818
2022-08-20,793912,437,576276,337,217636,100,624541,359,3038122,837,3662663,1196,0,10382,0,18237,10418,1,"East TN",2455501,471.268388813525,0.369180111952585,48.7069644850481,17.7967754849214,36.9180111952585
2022-08-21,794577,665,576775,499,217802,166,625083,542,3039286,1164,3664369,1706,1,10383,1,18238,10418,0,"East TN",2455501,477.662196024355,0.364300692635191,69.4766566985719,27.0820496509674,36.4300692635191
2022-08-22,796145,1568,577589,814,218556,754,625927,844,3040737,1451,3666664,2295,1,10384,2,18240,10420,2,"East TN",2455501,476.155375216707,0.35140562248996,93.4636149608573,63.8566223349125,35.140562248996
2022-08-23,798025,1880,578679,1090,219346,790,627095,1168,3043000,2263,3670095,3431,20,10404,5,18245,10421,1,"East TN",2455501,490.205461125856,0.341746411483254,139.727086244314,76.5627869831859,34.1746411483254
2022-08-24,799798,1773,579632,953,220166,820,628081,986,3045063,2063,3673144,3049,6,10410,3,18248,10425,4,"East TN",2455501,508.328035704323,0.336964753859598,124.170179527518,72.2052241070152,33.6964753859598
2022-08-25,801233,1435,580444,812,220789,623,628938,857,3047008,1945,3675946,2802,15,10425,4,18252,10428,3,"East TN",2455501,371.166617321679,0.32829525483304,114.111132514302,58.440212404719,32.829525483304
2022-08-26,802458,1225,581185,741,221273,484,629719,781,3048925,1917,3678644,2698,5,10430,0,18252,10428,0,"East TN",2455501,365.831657164872,0.322349653606567,109.87574429821,49.8879861991504,32.2349653606567
2022-08-27,803169,711,581562,377,221607,334,630116,397,3050084,1159,3680200,1556,0,10430,0,18252,10428,0,"East TN",2455501,376.990276118804,0.317899298625763,63.3679236945943,28.9553944388538,31.7899298625763
