"DATE","TOTAL_CASES","NEW_CASES","TOTAL_CONFIRMED","NEW_CONFIRMED","TOTAL_PROBABLE","NEW_PROBABLE","POS_TESTS","NEW_POS_TESTS","NEG_TESTS","NEW_NEG_TESTS","TOTAL_TESTS","NEW_TESTS","NEW_DEATHS","TOTAL_DEATHS","NEW_ACTIVE","TOTAL_ACTIVE","NEW_INACTIVE_RECOVERED","TOTAL_INACTIVE_RECOVERED","NEW_HOSPITALIZED","TOTAL_HOSPITALIZED","TOTAL_DEATHS_BY_DOD","Region","Population","New_cases_per_100k_per_week","PositivityRate_per_week","Tests_per_100k","New_cases_per_100k","Active_cases_per_100k","PositivityPercentage_per_week"
2021-12-20,83291,111,65788,75,17503,36,71767,79,483926,623,555693,702,1,998,-5,1147,115,81146,0,2196,998,"Knox County",470313,NA,NA,149.262299787588,23.6013038125674,243.88013939653,NA
2021-12-19,83180,71,65713,50,17467,21,71688,59,483303,558,554991,617,3,997,-17,1152,85,81031,5,2196,998,"Knox County",470313,NA,NA,131.189229300487,15.0963294656962,244.943261189888,NA
2021-12-18,83109,86,65663,55,17446,31,71629,63,482745,661,554374,724,0,994,11,1169,75,80946,3,2191,997,"Knox County",470313,NA,NA,153.940035678367,18.2856948457729,248.557875287309,NA
2021-12-17,83023,119,65608,77,17415,42,71566,83,482084,1034,553650,1117,2,994,7,1158,110,80871,3,2188,997,"Knox County",470313,NA,NA,237.501408636376,25.3022986819416,246.219007341919,NA
2021-12-16,82904,140,65531,105,17373,35,71483,108,481050,661,552533,769,2,992,35,1151,103,80761,3,2185,995,"Knox County",470313,NA,NA,163.508131818597,29.7674102140489,244.730636831217,NA
2021-12-15,82764,158,65426,113,17338,45,71375,125,480389,841,551764,966,0,990,34,1116,124,80658,4,2182,994,"Knox County",470313,NA,NA,205.395130476938,33.5946486701409,237.288784277704,NA
2021-12-14,82606,97,65313,57,17293,40,71250,63,479548,811,550798,874,3,990,-55,1082,149,80534,1,2178,991,"Knox County",470313,166.272248481331,0.100537354827526,185.833689479134,20.6245627911625,230.059556082864,10.0537354827526
2021-12-13,82509,112,65256,72,17253,40,71187,79,478737,627,549924,706,4,987,-47,1137,155,80385,3,2177,989,"Knox County",470313,166.484872840002,0.100467694439633,150.112797222275,23.8139281712392,241.753895809812,10.0467694439633
2021-12-12,82397,54,65184,30,17213,24,71108,40,478110,493,549218,533,6,983,-38,1184,86,80230,5,2174,989,"Knox County",470313,162.870258742582,0.0986113552469678,113.328783172058,11.481715368276,251.747240667385,9.86113552469678
2021-12-11,82343,65,65154,45,17189,20,71068,50,477617,541,548685,591,0,977,-21,1222,86,80144,1,2169,988,"Knox County",470313,158.405147210475,0.0986321094312455,125.660995975021,13.8205833136656,259.826966296913,9.86321094312455
2021-12-10,82278,84,65109,46,17169,38,71018,57,477076,856,548094,913,0,977,-14,1243,98,80058,3,2168,985,"Knox County",470313,150.963294656962,0.0975336322869955,194.126039467333,17.8604461284294,264.29207782902,9.75336322869955
2021-12-09,82194,165,65063,95,17131,70,70961,107,476220,1017,547181,1124,3,977,102,1257,60,79960,2,2165,984,"Knox County",470313,156.278903623757,0.0912913965305765,238.989779147079,35.0830191808434,267.268818850425,9.12913965305765
2021-12-08,82029,130,64968,62,17061,68,70854,65,475203,751,546057,816,1,974,31,1155,98,79900,8,2163,983,"Knox County",470313,150.325421580947,0.0829584308079899,173.501476676171,27.6411666273312,245.581134265904,8.29584308079899
2021-12-07,81899,126,64906,68,16993,58,70789,76,474452,631,545241,707,2,973,17,1124,107,79802,2,2155,982,"Knox County",470313,156.491527982429,0.0879406307977737,150.325421580947,26.790669192644,238.989779147079,8.79406307977737
2021-12-06,81773,148,64838,106,16935,42,70713,115,473821,759,544534,874,8,971,38,1107,102,79695,4,2153,982,"Knox County",470313,164.146004894613,0.0917596257646636,185.833689479134,31.4684050834232,235.375165049658,9.17596257646636
2021-12-05,81625,43,64732,28,16893,15,70598,33,473062,342,543660,375,2,963,-21,1069,62,79593,1,2149,979,"Knox County",470313,161.807136949223,0.0931481481481481,79.7341345019168,9.14284742288646,227.295439420131,9.31481481481481
2021-12-04,81582,69,64704,49,16878,20,70565,55,472720,499,543285,554,0,961,15,1090,54,79531,3,2148,979,"Knox County",470313,162.65763438391,0.0947231027410032,117.793894704165,14.6710807483527,231.760550952238,9.47231027410032
2021-12-03,81513,147,64655,103,16858,44,70510,108,472221,1009,542731,1117,3,961,62,1075,82,79477,2,2145,978,"Knox County",470313,176.052968980232,0.100413148913239,237.501408636376,31.2557807247514,228.571185572162,10.0413148913239
2021-12-02,81366,133,64552,84,16814,49,70402,85,471212,794,541614,879,0,958,31,1013,102,79395,4,2143,976,"Knox County",470313,169.248989502735,0.100901916572717,186.896811272493,28.2790397033465,215.388475334511,10.0901916572717
2021-12-01,81233,186,64468,141,16765,45,70317,147,470418,1009,540735,1156,4,958,92,982,90,79293,7,2139,974,"Knox County",470313,181.155953588355,0.109325326739668,245.793758624576,39.5481307129507,208.797120215686,10.9325326739668
2021-11-30,81047,116,64327,65,16720,51,70170,68,469409,693,539579,761,3,954,17,890,96,79203,6,2132,973,"Knox County",470313,179.029710001637,0.106892932120364,161.807136949223,24.6644256059263,189.235679217883,10.6892932120364
2021-11-29,80931,165,64262,128,16669,37,70102,139,468716,967,538818,1106,2,951,75,873,88,79107,5,2126,971,"Knox County",470313,182.644324099057,0.106758574310693,235.162540690987,35.0830191808434,185.621065120462,10.6758574310693
2021-11-28,80766,33,64134,22,16632,11,69963,22,467749,270,537712,292,3,949,-21,798,51,79019,5,2121,970,"Knox County",470313,180.51808051234,0.106393861892583,62.0863127321592,7.01660383616868,169.674238220079,10.6393861892583
2021-11-27,80733,59,64112,30,16621,29,69941,32,467479,266,537420,298,0,946,-2,819,61,78968,1,2116,969,"Knox County",470313,178.391836925622,0.107149224460688,63.3620588841899,12.5448371616349,174.139349752186,10.7149224460688
2021-11-26,80674,20,64082,18,16592,2,69909,20,467213,298,537122,318,0,946,-46,821,66,78907,4,2115,967,"Knox County",470313,151.388543374306,0.106652806652807,67.6145460576254,4.25248717343556,174.56459846953,10.6652806652807
2021-11-25,80654,52,64064,26,16590,26,69889,29,466915,331,536804,360,0,946,-16,867,68,78841,3,2111,967,"Knox County",470313,134.165970321892,0.106501980890235,76.5447691218401,11.0564666509325,184.345318968432,10.6501980890235
2021-11-24,80602,105,64038,66,16564,39,69860,73,466584,742,536444,815,0,946,19,883,86,78773,3,2108,964,"Knox County",470313,116.943397269478,0.0969620253164557,173.288852317499,22.3255576605367,187.74730870718,9.69620253164557
2021-11-23,80497,99,63972,63,16525,36,69787,65,465842,674,535629,739,0,946,37,864,62,78687,2,2105,961,"Knox County",470313,113.328783172058,0.0967413441955193,157.129401058444,21.049811508506,183.707445892416,9.67413441955193
2021-11-22,80398,107,63909,82,16489,25,69722,82,465168,740,534890,822,0,946,38,827,69,78625,3,2103,961,"Knox County",470313,100.996570369095,0.0886388583973655,174.777222828202,22.7508063778803,175.840344621561,8.86388583973655
2021-11-21,80291,44,63827,32,16464,12,69640,37,464428,284,534068,321,0,946,-9,789,53,78556,2,2100,961,"Knox County",470313,103.335438314484,0.0920228695888919,68.2524191336408,9.35547178155824,167.760618992033,9.20228695888919
2021-11-20,80247,54,63795,37,16452,17,69603,44,464144,537,533747,581,0,946,14,798,40,78503,1,2098,960,"Knox County",470313,102.272316521125,0.0884732052578362,123.534752388303,11.481715368276,169.674238220079,8.84732052578362
2021-11-19,80193,112,63758,83,16435,29,69559,81,463607,825,533166,906,0,946,62,784,50,78463,0,2097,960,"Knox County",470313,121.833757518929,0.0904489436619718,192.637668956631,23.8139281712392,166.697497198674,9.04489436619718
2021-11-18,80081,80,63675,43,16406,37,69478,49,462782,937,532260,986,3,946,18,722,59,78413,2,2097,960,"Knox County",470313,127.787239561739,0.0833655705996132,209.647617650373,17.0099486937423,153.514786961024,8.33655705996132
2021-11-17,80001,105,63632,64,16369,41,69429,66,461845,834,531274,900,0,943,45,704,60,78354,1,2095,960,"Knox County",470313,127.787239561739,0.0806850618458611,191.3619228046,22.3255576605367,149.687548504932,8.06850618458611
2021-11-16,79896,73,63568,50,16328,23,69363,67,461011,777,530374,844,0,943,8,659,65,78294,2,2094,960,"Knox County",470313,122.259006236272,0.0794776119402985,179.454958718981,15.5215781830398,140.119452364702,7.94776119402985
2021-11-15,79823,84,63518,43,16305,41,69296,34,460234,460,529530,494,3,943,21,651,60,78229,0,2092,959,"Knox County",470313,117.368645986822,0.0751192368839428,105.036433183858,17.8604461284294,138.418457495328,7.51192368839428
2021-11-14,79739,72,63475,62,16264,10,69262,68,459774,624,529036,692,0,940,16,630,56,78169,2,2092,959,"Knox County",470313,123.322128029631,0.0756986859152323,147.13605620087,15.308953824368,133.95334596322,7.56986859152323
2021-11-13,79667,29,63413,12,16254,17,69194,12,459150,317,528344,329,0,940,-14,614,43,78113,2,2090,957,"Knox County",470313,118.006519062837,0.0731896719083673,69.953414003015,6.16610640148157,130.551356224472,7.31896719083673
2021-11-12,79638,66,63401,49,16237,17,69182,51,458833,687,528015,738,0,940,17,628,49,78070,4,2088,957,"Knox County",470313,108.225798563935,0.0696367650010034,156.916776699772,14.0332076723374,133.528097245877,6.96367650010034
2021-11-11,79572,68,63352,46,16220,22,69131,54,458146,962,527277,1016,0,940,-2,611,70,78021,0,2084,956,"Knox County",470313,105.674306259874,0.0702174346698584,216.026348410527,14.4584563896809,129.913483148456,7.02174346698584
2021-11-10,79504,75,63306,51,16198,24,69077,70,457184,855,526261,925,1,940,7,613,67,77951,2,2084,956,"Knox County",470313,99.2955754997204,0.0706629614926558,196.677531771395,15.9468269003834,130.3387318658,7.06629614926558
2021-11-09,79429,106,63255,76,16174,30,69007,134,456329,1174,525336,1308,1,939,33,606,72,77884,1,2082,956,"Knox County",470313,106.312179335889,0.0768811341330425,278.112661142686,22.5381820192085,128.850361355098,7.68811341330425
2021-11-08,79323,78,63179,58,16144,20,68873,70,455155,687,524028,757,6,938,-10,573,82,77812,1,2081,955,"Knox County",470313,105.036433183858,0.0796183868169991,160.956639514536,16.5846999763987,121.833757518929,7.96183868169991
2021-11-07,79245,31,63121,20,16124,11,68803,23,454468,390,523271,413,0,932,-20,583,51,77730,1,2080,953,"Knox County",470313,96.3188344783155,0.0754648195406489,87.8138601314444,6.59135511882512,123.960001105647,7.54648195406489
2021-11-06,79214,41,63101,27,16113,14,68780,30,454078,453,522858,483,0,932,-2,603,43,77679,2,2079,950,"Knox County",470313,98.8703267823768,0.0765957446808511,102.697565238469,8.7175987055429,128.212488279082,7.65957446808511
2021-11-05,79173,52,63074,32,16099,20,68750,36,453625,605,522375,641,0,932,-27,605,79,77636,2,2077,949,"Knox County",470313,95.8935857609719,0.0752300198448494,136.29221390861,11.0564666509325,128.637736996426,7.52300198448494
2021-11-04,79121,68,63042,45,16079,23,68714,49,453020,668,521734,717,0,932,-1,632,69,77557,1,2075,949,"Knox County",470313,95.8935857609719,0.0785659801678108,152.451665167665,14.4584563896809,134.378594680564,7.85659801678108
2021-11-03,79053,80,62997,60,16056,20,68665,66,452352,969,521017,1035,0,932,-1,633,81,77488,2,2074,948,"Knox County",470313,96.9567075543308,0.0762047067613,220.06621122529,17.0099486937423,134.591219039236,7.62047067613
2021-11-02,78973,41,62937,19,16036,22,68599,22,451383,301,519982,323,4,932,-52,634,89,77407,1,2072,948,"Knox County",470313,83.1361242406653,0.0677500572213321,68.6776678509843,8.7175987055429,134.803843397907,6.77500572213321
2021-11-01,78932,95,62918,71,16014,24,68577,83,451082,661,519659,744,1,928,-19,686,113,77318,3,2071,946,"Knox County",470313,86.7507383380855,0.0709366391184573,158.192522851803,20.1993140738189,145.86031004884,7.09366391184573
2021-10-31,78837,26,62847,19,15990,7,68494,19,450421,278,518915,297,0,927,-43,705,69,77205,1,2068,945,"Knox County",470313,85.6876165447266,0.0719339622641509,63.1494345255181,5.52823332546623,149.900172863604,7.19339622641509
2021-10-30,78811,56,62828,40,15983,16,68475,43,450143,522,518618,565,0,927,-23,748,79,77136,4,2067,945,"Knox County",470313,88.8769819248033,0.0735770476631189,120.132762649555,11.9069640856196,159.04302028649,7.35770476631189
2021-10-29,78755,73,62788,59,15967,14,68432,66,449621,846,518053,912,1,927,-37,771,109,77057,1,2063,945,"Knox County",470313,93.3420934569106,0.0757674722403658,193.913415108662,15.5215781830398,163.933380535941,7.57674722403658
2021-10-28,78682,54,62729,32,15953,22,68366,39,448775,561,517141,600,4,926,-53,808,103,76948,3,2062,944,"Knox County",470313,90.3653524355057,0.0755138516532618,127.574615203067,11.481715368276,171.800481806797,7.55138516532618
2021-10-27,78628,88,62697,56,15931,32,68327,65,448214,759,516541,824,1,922,-34,861,121,76845,3,2059,942,"Knox County",470313,92.0663473048799,0.0790152403282532,175.202471545545,18.7109435631165,183.069572816401,7.90152403282532
2021-10-26,78540,97,62641,57,15899,40,68262,55,447455,554,515717,609,0,921,-18,895,115,76724,5,2056,939,"Knox County",470313,103.9733113905,0.0813008130081301,129.488234431113,20.6245627911625,190.298801011241,8.13008130081301
2021-10-25,78443,71,62584,47,15859,24,68207,54,446901,491,515108,545,6,921,-72,913,137,76609,3,2051,938,"Knox County",470313,98.8703267823768,0.0783547794117647,115.880275476119,15.0963294656962,194.126039467333,7.83547794117647
2021-10-24,78372,38,62537,20,15835,18,68153,23,446410,337,514563,360,1,915,-71,985,108,76472,5,2048,937,"Knox County",470313,101.421819086438,0.0781426953567384,76.5447691218401,8.07972562952757,209.434993291702,7.81426953567384
2021-10-23,78334,59,62517,40,15817,19,68130,42,446073,471,514203,513,0,914,-15,1056,74,76364,1,2043,935,"Knox County",470313,102.059692162454,0.0788448315379326,109.076295998622,12.5448371616349,224.531322757398,7.88448315379326
2021-10-22,78275,90,62477,53,15798,37,68088,55,445602,551,513690,606,0,914,-69,1071,159,76290,2,2042,933,"Knox County",470313,105.674306259874,0.0820803549420754,128.850361355098,19.13619228046,227.720688137474,8.20803549420754
2021-10-21,78185,124,62424,71,15761,53,68033,78,445051,712,513084,790,3,914,-22,1140,143,76131,2,2040,931,"Knox County",470313,120.558011366898,0.0875912408759124,167.973243350705,26.3654204753005,242.391768885827,8.75912408759124
2021-10-20,78061,149,62353,83,15708,66,67955,90,444339,959,512294,1049,3,911,-47,1162,193,75988,3,2038,930,"Knox County",470313,133.528097245877,0.0887745974955277,223.042952246695,31.6810294420949,247.069504776606,8.87745974955277
2021-10-19,77912,131,62270,85,15642,46,67865,92,443380,724,511245,816,4,908,-40,1209,167,75795,4,2035,929,"Knox County",470313,140.757325440717,0.0927548621500321,173.501476676171,27.8537909860029,257.06284963418,9.27548621500321
2021-10-18,77781,121,62185,90,15596,31,67773,106,442656,607,510429,713,9,904,-74,1249,186,75628,8,2031,927,"Knox County",470313,151.388543374306,0.100268207138436,151.601167732978,25.7275473992852,265.567823981051,10.0268207138436
2021-10-17,77660,63,62095,56,15565,7,67667,60,442049,303,509716,363,1,895,-65,1323,127,75442,4,2023,925,"Knox County",470313,156.7041523411,0.107835051546392,77.1826421978555,13.395334596322,281.302026522763,10.7835051546392
2021-10-16,77597,55,62039,41,15558,14,67607,44,441746,372,509353,416,0,894,-83,1388,138,75315,1,2019,924,"Knox County",470313,155.853654906413,0.110456553755523,88.4517332074597,11.6943397269478,295.122609836428,11.0456553755523
2021-10-15,77542,125,61998,88,15544,37,67563,101,441374,794,508937,895,9,894,-68,1471,184,75177,5,2018,920,"Knox County",470313,163.295507459926,0.113248710829036,190.298801011241,26.5780448339723,312.770431606186,11.3248710829036
2021-10-14,77417,192,61910,134,15507,58,67462,145,440580,699,508042,844,0,885,8,1539,184,74993,7,2013,918,"Knox County",470313,177.753963849607,0.125196232339089,179.454958718981,40.8238768649814,327.228887995867,12.5196232339089
2021-10-13,77225,121,61776,87,15449,34,67317,99,439881,764,507198,863,7,885,-78,1531,192,74809,5,2006,914,"Knox County",470313,171.800481806797,0.131771894093686,183.494821533745,25.7275473992852,325.527893126492,13.1771894093686
2021-10-12,77104,136,61689,104,15415,32,67218,109,439117,821,506335,930,4,878,-82,1609,214,74617,3,2001,913,"Knox County",470313,172.863603600156,0.132165605095541,197.740653564754,28.9169127793618,342.112593102891,13.2165605095541
2021-10-11,76968,193,61585,136,15383,57,67109,149,438296,581,505405,730,3,874,-88,1691,278,74403,11,1998,907,"Knox County",470313,188.172557424524,0.140249950406665,155.215781830398,41.0365012236532,359.547790513977,14.0249950406665
2021-10-10,76775,54,61449,41,15326,13,66960,51,437715,489,504675,540,0,871,-89,1779,143,74125,4,1987,906,"Knox County",470313,186.258938196478,0.133767727098505,114.81715368276,11.481715368276,378.258734077093,13.3767727098505
2021-10-09,76721,66,61408,37,15313,29,66909,48,437226,490,504135,538,0,871,-66,1868,132,73982,7,1983,904,"Knox County",470313,188.597806141867,0.131460674157303,114.391904965417,14.0332076723374,397.182301998882,13.1460674157303
2021-10-08,76655,289,61371,113,15284,176,66861,123,436736,936,503597,1059,-1,871,76,1934,214,73850,5,1976,902,"Knox County",470313,223.468200964039,0.131540697674419,225.169195833413,61.4484396561439,411.215509671219,13.1540697674419
2021-10-07,76366,259,61258,170,15108,89,66738,176,435800,1106,502538,1282,6,872,-10,1858,263,73636,9,1971,899,"Knox County",470313,237.714032995048,0.127061595422417,272.58442781722,55.0697088959905,395.056058412164,12.7061595422417
2021-10-06,76107,139,61088,103,15019,36,66562,112,434694,835,501256,947,1,866,-120,1868,258,73373,4,1962,898,"Knox County",470313,241.54127145114,0.12744772651842,201.355267662174,29.5547858553772,397.182301998882,12.744772651842
2021-10-05,75968,210,60985,118,14983,92,66450,138,433859,915,500309,1053,3,865,-73,1988,280,73115,4,1958,893,"Knox County",470313,257.275473992852,0.129614571475037,223.893449681382,44.6511153210734,422.697225039495,12.9614571475037
2021-10-04,75758,317,60867,225,14891,92,66312,246,432944,829,499256,1075,3,862,-15,2061,329,72835,4,1954,890,"Knox County",470313,283.640894468152,0.137665537419156,228.571185572162,67.4019216989537,438.218803222535,13.7665537419156
2021-10-03,75441,102,60642,93,14799,9,66066,107,432115,678,498181,785,1,859,-66,2076,167,72506,6,1950,889,"Knox County",470313,293.846863684397,0.140970470396201,166.910121557346,21.6876845845214,441.408168602611,14.0970470396201
2021-10-02,75339,67,60549,43,14790,24,65959,50,431437,472,497396,522,5,858,-144,2142,206,72339,2,1944,888,"Knox County",470313,294.059488043069,0.141603450840399,110.989915226668,14.2458320310091,455.441376274949,14.1603450840399
2021-10-01,75272,225,60506,151,14766,74,65909,167,430965,965,496874,1132,0,853,-77,2286,302,72133,9,1942,886,"Knox County",470313,280.451529088075,0.146556798116539,240.690774016453,47.8404807011501,486.059283923685,14.6556798116539
2021-09-30,75047,240,60355,166,14692,74,65742,186,430000,1104,495742,1290,1,853,-112,2363,351,71831,8,1933,884,"Knox County",470313,276.411666273312,0.147854203409759,274.285422686594,51.0298460812268,502.431359541412,14.7854203409759
2021-09-29,74807,361,60189,170,14618,191,65556,192,428896,1111,494452,1303,6,852,-98,2475,453,71480,7,1925,882,"Knox County",470313,323.614273898446,0.151675977653631,277.049539349327,76.7573934805119,526.245287712651,15.1675977653631
2021-09-28,74446,348,60019,248,14427,100,65364,270,427785,778,493149,1048,2,846,-75,2573,421,71027,1,1918,879,"Knox County",470313,352.956435395152,0.170230607966457,222.830327888024,73.9932768177788,547.082474862485,17.0230607966457
2021-09-27,74098,239,59771,162,14327,77,65094,186,427007,760,492101,946,7,844,-303,2648,535,70606,12,1917,877,"Knox County",470313,336.371735418753,0.164816396242528,201.142643303502,50.817221722555,563.029301762869,16.4816396242528
2021-09-26,73859,124,59609,99,14250,25,64908,117,426247,703,491155,820,2,837,-143,2951,265,70071,1,1905,871,"Knox County",470313,341.049471309532,0.165415663503753,174.351974110858,26.3654204753005,627.454482440417,16.5415663503753
2021-09-25,73735,110,59510,90,14225,20,64791,102,425544,705,490335,807,0,835,-179,3094,289,69806,3,1904,867,"Knox County",470313,350.192318732419,0.166076776476994,171.587857448125,23.3886794538956,657.859765730482,16.6076776476994
2021-09-24,73625,244,59420,165,14205,79,64689,182,424839,939,489528,1121,13,835,-235,3273,466,69517,5,1901,862,"Knox County",470313,354.232181547182,0.168370824812543,238.351906071063,51.8803435159139,695.91952593273,16.8370824812543
2021-09-23,73381,355,59255,245,14126,110,64507,268,423900,1371,488407,1639,14,822,-220,3508,561,69051,8,1896,859,"Knox County",470313,378.683982794437,0.171395106715252,348.491323863044,75.4816473284812,745.886250220598,17.1395106715252
2021-09-22,73026,251,59010,187,14016,64,64239,202,422529,1261,486768,1463,3,808,-329,3728,577,68490,4,1888,856,"Knox County",470313,355.295303340541,0.169173890872004,311.069436736811,53.3687140266163,792.663609128389,16.9173890872004
2021-09-21,72775,397,58823,216,13952,181,64037,230,421268,996,485305,1226,10,805,-352,4057,739,67913,7,1884,848,"Knox County",470313,365.713896915458,0.160433807030666,260.6774637316,84.4118703926959,862.617023131404,16.0433807030666
2021-09-20,72378,432,58607,310,13771,122,63807,343,420272,1295,484079,1638,5,795,114,4409,313,67174,9,1877,844,"Knox County",470313,406.750398139112,0.165710351159054,348.278699504373,91.8537229462082,937.46079738387,16.5710351159054
2021-09-19,71946,120,58297,87,13649,33,63464,97,418977,432,482441,529,1,790,-176,4295,295,66861,7,1868,837,"Knox County",470313,405.899900704425,0.169060904665796,112.478285737371,25.5149230406134,913.221620495287,16.9060904665796
2021-09-18,71826,226,58210,183,13616,43,63367,197,418545,1075,481912,1272,0,789,-108,4471,334,66566,7,1861,829,"Knox County",470313,430.564326310351,0.170904590459046,270.458184230502,48.0531050598219,950.64350762152,17.0904590459046
2021-09-17,71600,547,58027,422,13573,125,63170,449,417470,1310,480640,1759,5,789,4,4579,538,66232,12,1854,817,"Knox County",470313,494.9895069879,0.187486878018056,374.006246903658,116.305524193463,973.606938358072,18.7486878018056
2021-09-16,71053,588,57605,456,13448,132,62721,487,416160,1518,478881,2005,7,784,10,4575,571,65694,16,1842,812,"Knox County",470313,544.530982558424,0.202689041649818,426.311839136915,125.023122899006,972.756440923385,20.2689041649818
2021-09-15,70465,338,57149,249,13316,89,62234,267,414642,808,476876,1075,6,777,-309,4565,641,65123,5,1826,810,"Knox County",470313,563.029301762869,0.21780303030303,228.571185572162,71.867033231061,970.630197336667,21.780303030303
2021-09-14,70127,556,56900,443,13227,113,61967,476,413834,1406,475801,1882,12,771,-159,4874,703,64482,8,1821,806,"Knox County",470313,596.836574791681,0.227952755905512,400.159043020287,118.219143421509,1036.33112416625,22.7952755905512
2021-09-13,69571,399,56457,299,13114,100,61491,333,412428,1134,473919,1467,20,759,-436,5033,815,63779,15,1813,803,"Knox County",470313,589.819970955513,0.230853939333267,311.919934171499,84.8371191100395,1070.13839719506,23.0853939333267
2021-09-12,69172,387,56158,358,13014,29,61158,376,411294,1460,472452,1836,0,739,79,5469,308,62964,5,1798,794,"Knox County",470313,646.590674720877,0.228842067988669,390.378322521385,82.2856268059781,1162.84261757595,22.8842067988669
2021-09-11,68785,866,55800,707,12985,159,60782,763,409834,2621,470616,3384,4,739,499,5390,363,62656,26,1793,786,"Knox County",470313,782.670264270815,0.235008949880668,719.520829745297,184.13269460976,1146.04529324088,23.5008949880668
2021-09-10,67919,1023,55093,745,12826,278,60019,800,407213,2513,467232,3313,1,735,478,4891,544,62293,24,1767,776,"Knox County",470313,883.879458998582,0.234059617698169,704.424500279601,217.514718921229,1039.94573826367,23.4059617698169
2021-09-09,66896,310,54348,167,12548,143,59219,173,404700,685,463919,858,1,734,-370,4413,679,61749,17,1743,769,"Knox County",470313,824.769887287827,0.230763662685487,182.431699740386,65.9135511882512,938.311294818557,23.0763662685487
2021-09-08,66586,290,54181,226,12405,64,59046,250,404015,837,463061,1087,5,733,-407,4783,692,61070,11,1726,764,"Knox County",470313,814.563918071582,0.229333911911478,231.122677876223,61.6610640148157,1016.98230752711,22.9333911911478
2021-09-07,66296,415,53955,299,12341,116,58796,311,403178,979,461974,1290,3,728,-220,5190,632,60378,13,1715,758,"Knox County",470313,784.583883498861,0.227125047223272,274.285422686594,88.2391088487879,1103.52042150653,22.7125047223272
2021-09-06,65881,991,53656,791,12225,200,58485,844,402199,3221,460684,4065,1,725,342,5410,648,59746,20,1702,757,"Knox County",470313,910.457503832554,0.222130992231415,864.318018000778,210.710739443732,1150.29778041432,22.2130992231415
2021-09-05,64890,969,52865,799,12025,170,57641,834,398978,2999,456619,3833,2,724,623,5068,344,59098,15,1682,754,"Knox County",470313,1034.20488057953,0.222938867077958,814.989166788926,206.033003552953,1077.58024974857,22.2938867077958
2021-09-04,63921,543,52066,389,11855,154,56807,408,395979,1502,452786,1910,2,722,224,4445,317,58754,10,1667,749,"Knox County",470313,965.527212728545,0.221325507459036,406.112525063096,115.455026758776,945.115274296054,22.1325507459036
2021-09-03,63378,334,51677,238,11701,96,56399,249,394477,909,450876,1158,5,720,-155,4221,484,58437,8,1657,745,"Knox County",470313,819.029029603689,0.216111541440744,246.219007341919,71.0165357963739,897.487417953576,21.6111541440744
2021-09-02,63044,323,51439,180,11605,143,56150,200,393568,681,449718,881,3,715,-158,4376,478,57953,5,1649,741,"Knox County",470313,821.793146266423,0.217660292463442,187.322059989837,68.6776678509843,930.444193547701,21.7660292463442
2021-09-01,62721,276,51259,211,11462,65,55950,226,392887,645,448837,871,3,712,-119,4534,392,57475,2,1644,738,"Knox County",470313,818.816405245018,0.219303255282696,185.195816403119,58.6843229934108,964.038842217842,21.9303255282696
2021-08-31,62445,595,51048,433,11397,162,55724,479,392242,1894,447966,2373,2,709,189,4653,404,57083,8,1642,736,"Knox County",470313,857.088789805938,0.214697501822278,504.55760312813,126.511493409708,989.341140899784,21.4697501822278
2021-08-30,61850,513,50615,403,11235,110,55245,430,390348,1630,445593,2060,9,707,96,4464,408,56679,12,1634,732,"Knox County",470313,755.454346360828,0.21595598349381,438.006178863863,109.076295998622,949.155137110818,21.595598349381
2021-08-29,61337,483,50212,407,11125,76,54815,439,388718,1485,443533,1924,1,698,256,4368,226,56271,5,1622,726,"Knox County",470313,652.118908046344,0.217500223673615,409.089266084501,102.697565238469,928.743198678327,21.7500223673615
2021-08-28,60854,397,49805,301,11049,96,54376,320,387233,1065,441609,1385,0,697,191,4112,206,56045,4,1617,720,"Knox County",470313,621.075751680264,0.219958693203154,294.484736760413,84.4118703926959,874.311362858352,21.9958693203154
2021-08-27,60457,472,49504,373,10953,99,54056,390,386168,1166,440224,1556,5,697,195,3921,272,55839,5,1613,717,"Knox County",470313,650.417913176969,0.224796380090498,330.843502093287,100.358697293079,833.700110352042,22.4796380090498
2021-08-26,59985,449,49131,347,10854,102,53666,368,385002,1426,438668,1794,5,692,154,3726,290,55567,0,1608,716,"Knox County",470313,677.208582369613,0.221683524199615,381.44809945717,95.4683370436284,792.238360411045,22.1683524199615
2021-08-25,59536,351,48784,224,10752,127,53298,238,383576,642,436874,880,2,687,91,3572,258,55277,4,1608,712,"Knox County",470313,693.155409269997,0.222519211493485,187.109435631165,74.6311498937941,759.494209175592,22.2519211493485
2021-08-24,59185,342,48560,222,10625,120,53060,237,382934,677,435994,914,4,685,77,3481,261,55019,5,1604,703,"Knox County",470313,639.361446526037,0.230381432512128,194.338663826005,72.7175306657481,740.14539253646,23.0381432512128
2021-08-23,58843,287,48338,206,10505,81,52823,227,382257,825,435080,1052,1,681,30,3404,256,54758,1,1599,703,"Knox County",470313,591.308341466215,0.233456075749605,223.680825322711,61.0231909388003,723.773316918733,23.3456075749605
2021-08-22,58556,240,48132,217,10424,23,52596,233,381432,889,434028,1122,2,680,70,3374,168,54502,0,1598,700,"Knox County",470313,539.640622308973,0.231299551878663,238.564530429735,51.0298460812268,717.39458615858,23.1299551878663
2021-08-21,58316,496,47915,373,10401,123,52363,411,380543,1905,432906,2316,0,678,381,3304,115,54334,8,1598,698,"Knox County",470313,560.690433817479,0.218393190782645,492.438014683838,105.461681901202,702.510881051555,21.8393190782645
2021-08-20,57820,424,47542,331,10278,93,51952,357,378638,1148,430590,1505,0,678,231,2923,193,54219,6,1590,695,"Knox County",470313,550.484464601234,0.216111864760513,319.999659801026,90.1527280768339,621.501000397608,21.6111864760513
2021-08-19,57396,368,47211,253,10185,115,51595,264,377490,952,429085,1216,1,678,204,2692,163,54026,6,1584,692,"Knox County",470313,533.26189154882,0.218434203220433,258.551220144882,78.2457639912144,572.384773544427,21.8434203220433
2021-08-18,57028,263,46958,191,10070,72,51331,200,376538,914,427869,1114,2,677,97,2488,164,53863,5,1578,692,"Knox County",470313,514.550947985703,0.208788829959952,236.863535560361,55.9202063306777,529.009404375384,20.8788829959952
2021-08-17,56765,263,46767,180,9998,83,51131,197,375624,1042,426755,1239,0,675,102,2391,161,53699,5,1573,692,"Knox County",470313,497.753623650633,0.197511501463823,263.441580394333,55.9202063306777,508.384841584222,19.7511501463823
2021-08-16,56502,185,46587,126,9915,59,50934,132,374582,422,425516,554,2,675,-25,2289,208,53538,5,1568,689,"Knox County",470313,476.065939066111,0.197882197220384,117.793894704165,39.335506354279,486.6971569997,19.7882197220384
2021-08-15,56317,204,46461,181,9856,23,50802,198,374160,953,424962,1151,3,673,80,2314,121,53330,6,1563,689,"Knox County",470313,468.411462153927,0.193402968664101,244.730636831217,43.3753691690427,492.012765966495,19.3402968664101
2021-08-14,56113,219,46280,147,9833,72,50604,154,373207,794,423811,948,0,670,96,2234,123,53209,4,1557,688,"Knox County",470313,409.514514801845,0.194383331176394,201.567892020846,46.5647345491194,475.002817272752,19.4383331176394
2021-08-13,55894,266,46133,205,9761,61,50450,220,372413,1470,422863,1690,1,670,124,2138,141,53086,5,1553,686,"Knox County",470313,375.919866131704,0.172522750252781,359.335166155305,56.558079406693,454.590878840262,17.2522750252781
2021-08-12,55628,222,45928,145,9700,77,50230,153,370943,643,421173,796,2,669,82,2014,138,52945,8,1548,683,"Knox County",470313,344.876709765624,0.167378537106247,169.248989502735,47.2026076251348,428.225458364961,16.7378537106247
2021-08-11,55406,316,45783,238,9623,78,50077,248,370300,989,420377,1237,1,667,183,1932,132,52807,10,1540,681,"Knox County",470313,356.145800775228,0.170978332239002,263.01633167699,67.1892973402819,410.790260953875,17.0978332239002
2021-08-10,55090,173,45545,109,9545,64,49829,121,369311,621,419140,742,1,666,56,1749,116,52675,2,1530,679,"Knox County",470313,337.009608494768,0.172239393087946,157.767274134459,36.7840140502176,371.88000331694,17.2239393087946
2021-08-09,54917,197,45436,159,9481,38,49708,167,368690,753,418398,920,1,665,75,1693,121,52559,4,1528,675,"Knox County",470313,339.56110079883,0.168492784607162,195.614409978036,41.8869986583403,359.97303923132,16.8492784607162
2021-08-08,54720,88,45277,66,9443,22,49541,75,367937,418,417478,493,1,664,22,1618,65,52438,4,1524,674,"Knox County",470313,314.896675192903,0.166715499560504,104.823808825187,18.7109435631165,344.026212330937,16.6715499560504
2021-08-07,54632,105,45211,75,9421,30,49466,80,367519,638,416985,718,0,663,44,1596,61,52373,2,1520,674,"Knox County",470313,290.657498304321,0.161309884778654,152.664289526337,22.3255576605367,339.348476440158,16.1309884778654
2021-08-06,54527,203,45136,147,9391,56,49386,163,366881,879,416267,1042,0,663,139,1552,64,52312,11,1518,674,"Knox County",470313,277.262163707999,0.169300605245461,221.554581735993,43.162744810371,329.9930046586,16.9300605245461
2021-08-05,54324,174,44989,131,9335,43,49223,147,366002,850,415225,997,2,663,102,1413,70,52248,4,1507,673,"Knox County",470313,267.056194491753,0.162790697674419,211.986485595763,36.9966384088894,300.438218803223,16.2790697674419
2021-08-04,54150,144,44858,101,9292,43,49076,105,365152,656,414228,761,1,661,70,1311,73,52178,4,1503,671,"Knox County",470313,230.484804800208,0.151242728714966,161.807136949223,30.6179076487361,278.750534218701,15.1242728714966
2021-08-03,54006,238,44757,177,9249,61,48971,183,364496,814,413467,997,0,660,161,1241,77,52105,5,1499,670,"Knox County",470313,244.305388113873,0.155195681511471,211.986485595763,50.6045973638832,263.866829111677,15.5195681511471
2021-08-02,53768,97,44580,75,9188,22,48788,82,363682,532,412470,614,2,660,-3,1080,98,52028,3,1494,668,"Knox County",470313,223.042952246695,0.148523657061544,130.551356224472,20.6245627911625,229.63430736552,14.8523657061544
2021-08-01,53671,107,44505,91,9166,16,48706,99,363150,526,411856,625,0,658,63,1083,44,51930,2,1491,668,"Knox County",470313,227.082815061459,0.14928745220716,132.890224169861,22.7508063778803,230.272180441536,14.928745220716
2021-07-31,53564,104,44414,64,9150,40,48607,68,362624,399,411231,467,1,658,46,1020,57,51886,6,1489,666,"Knox County",470313,226.870190702787,0.153916045793204,99.2955754997204,22.1129333018649,216.876845845214,15.3916045793204
2021-07-30,53460,118,44350,83,9110,35,48539,90,362225,339,410764,429,1,657,79,974,38,51829,0,1483,666,"Knox County",470313,208.797120215686,0.158282208588957,91.2158498701928,25.0896743232698,207.096125346312,15.8282208588957
2021-07-29,53342,117,44267,65,9075,52,48449,68,361886,483,410335,551,0,656,82,895,35,51791,1,1483,665,"Knox County",470313,196.677531771395,0.156390639063906,117.15602162815,24.877049964598,190.298801011241,15.6390639063906
2021-07-28,53225,131,44202,90,9023,41,48381,95,361403,536,409784,631,0,656,80,813,51,51756,4,1482,664,"Knox County",470313,193.913415108662,0.15878535002318,134.165970321892,27.8537909860029,172.863603600156,15.878535002318
2021-07-27,53094,117,44112,78,8982,39,48286,84,360867,499,409153,583,0,656,85,733,32,51705,4,1478,664,"Knox County",470313,168.185867709377,0.15025641025641,123.960001105647,24.877049964598,155.853654906413,15.025641025641
2021-07-26,52977,97,44034,73,8943,24,48202,79,360368,371,408570,450,1,656,61,648,35,51673,4,1474,664,"Knox County",470313,168.185867709377,0.156049250535332,95.6809614023002,20.6245627911625,137.780584419312,15.6049250535332
2021-07-25,52880,51,43961,43,8919,8,48123,44,359997,320,408120,364,3,655,22,587,26,51638,5,1470,664,"Knox County",470313,156.278903623757,0.151942446043165,77.3952665565272,10.8438422922607,124.810498540334,15.1942446043165
2021-07-24,52829,64,43918,42,8911,22,48079,44,359677,348,407756,392,0,652,39,565,25,51612,1,1465,663,"Knox County",470313,147.773929276886,0.148235294117647,83.348748599337,13.6079589549938,120.132762649555,14.8235294117647
2021-07-23,52765,56,43876,31,8889,25,48035,32,359329,321,407364,353,1,652,24,526,31,51587,3,1464,661,"Knox County",470313,134.591219039236,0.134175691937425,75.0563986111377,11.9069640856196,111.840412661355,13.4175691937425
2021-07-22,52709,94,43845,69,8864,25,48003,78,359008,474,407011,552,0,651,70,502,24,51556,3,1461,660,"Knox County",470313,129.700858789785,0.137142857142857,117.368645986822,19.9866897151471,106.737428053233,13.7142857142857
2021-07-21,52615,61,43776,47,8839,14,47925,46,358534,411,406459,457,1,651,33,432,27,51532,1,1458,660,"Knox County",470313,114.81715368276,0.129165344335132,97.1693319130026,12.9700858789785,91.8537229462082,12.9165344335132
2021-07-20,52554,78,43729,43,8825,35,47879,45,358123,299,406002,344,0,650,54,399,24,51505,3,1457,660,"Knox County",470313,106.524803694561,0.126373626373626,73.1427793830917,16.5846999763987,84.8371191100395,12.6373626373626
2021-07-19,52476,48,43686,36,8790,12,47834,42,357824,348,405658,390,0,650,28,345,20,51481,0,1454,660,"Knox County",470313,96.1062101196437,0.116058906030856,82.9234998819935,10.2059692162454,73.3554037417635,11.6058906030856
2021-07-18,52428,36,43650,30,8778,6,47792,31,357476,272,405268,303,0,650,27,317,9,51461,1,1454,660,"Knox County",470313,92.9168447395671,0.113937656753852,64.4251806775488,7.65447691218401,67.4019216989537,11.3937656753852
2021-07-17,52392,27,43620,20,8772,7,47761,21,357204,202,404965,223,0,650,12,290,15,51452,1,1453,659,"Knox County",470313,85.0497434687113,0.112509534706331,47.4152319838065,5.74085768413801,61.6610640148157,11.2509534706331
2021-07-16,52365,37,43600,21,8765,16,47740,22,357002,291,404742,313,0,650,25,278,12,51437,1,1452,659,"Knox County",470313,81.0098806539475,0.110379550735864,66.5514242642666,7.86710127085579,59.1095717107543,11.0379550735864
2021-07-15,52328,55,43579,42,8749,13,47718,44,356711,364,404429,408,-1,650,36,253,20,51425,1,1451,659,"Knox County",470313,72.7175306657481,0.102953240360952,86.7507383380855,11.6943397269478,53.7939627439599,10.2953240360952
2021-07-14,52273,21,43537,17,8736,4,47674,16,356347,269,404021,285,0,651,8,217,13,51405,2,1450,659,"Knox County",470313,64.212556318877,0.0975286849073257,60.5979422214568,4.46511153210734,46.1394858317759,9.75286849073257
2021-07-13,52252,42,43520,26,8732,16,47658,29,356078,355,403736,384,3,651,28,209,11,51392,3,1448,659,"Knox County",470313,56.558079406693,0.0888985255854293,81.6477537299628,8.93022306421468,44.4384909624016,8.88985255854293
2021-07-12,52210,27,43494,21,8716,6,47629,24,355723,270,403352,294,0,648,16,181,11,51381,1,1445,659,"Knox County",470313,52.0929678745856,0.0846153846153846,62.5115614495028,5.74085768413801,38.4850089195918,8.46153846153846
2021-07-11,52183,8,43473,3,8710,5,47605,4,355453,136,403058,140,0,648,1,165,7,51370,0,1444,658,"Knox County",470313,46.1394858317759,0.0781631656082071,29.7674102140489,1.70099486937423,35.0830191808434,7.81631656082071
2021-07-10,52175,20,43470,16,8705,4,47601,16,355317,191,402918,207,0,648,12,164,8,51363,2,1444,658,"Knox County",470313,44.6511153210734,0.0763170851797144,44.0132422450581,4.25248717343556,34.8703948221716,7.63170851797144
2021-07-09,52155,27,43454,21,8701,6,47585,21,355126,338,402711,359,0,648,12,152,15,51355,0,1442,658,"Knox County",470313,42.5248717343556,0.0741454020221473,76.3321447631684,5.74085768413801,32.3189025181103,7.41454020221473
2021-07-08,52128,19,43433,14,8695,5,47564,16,354788,317,402352,333,0,648,6,140,13,51340,0,1442,657,"Knox County",470313,34.8703948221716,0.0629370629370629,70.8039114377021,4.03986281476378,29.7674102140489,6.29370629370629
2021-07-07,52109,18,43419,5,8690,13,47548,5,354471,333,402019,338,1,648,8,134,9,51327,1,1442,655,"Knox County",470313,34.2325217461563,0.0559610705596107,71.867033231061,3.82723845609201,28.4916640620183,5.59610705596107
2021-07-06,52091,24,43414,9,8677,15,47543,14,354138,263,401681,277,0,647,14,126,10,51318,2,1441,655,"Knox County",470313,30.4052832900643,0.0513347022587269,58.8969473520825,5.10298460812268,26.790669192644,5.13347022587269
2021-07-05,52067,10,43405,7,8662,3,47529,6,353875,105,401404,111,0,647,0,112,10,51308,1,1439,655,"Knox County",470313,26.790669192644,0.0464589235127479,23.6013038125674,2.12624358671778,23.8139281712392,4.64589235127479
2021-07-04,52057,8,43398,7,8659,1,47523,7,353770,143,401293,150,0,647,0,112,8,51298,1,1438,655,"Knox County",470313,26.790669192644,0.047887323943662,31.8936538007667,1.70099486937423,23.8139281712392,4.7887323943662
2021-07-03,52049,9,43391,7,8658,2,47516,7,353627,185,401143,192,0,647,-2,112,11,51290,1,1437,655,"Knox County",470313,24.4518012472545,0.0431818181818182,40.8238768649814,1.913619228046,23.8139281712392,4.31818181818182
2021-07-02,52040,17,43384,13,8656,4,47509,17,353442,342,400951,359,-1,647,11,114,7,51279,0,1436,655,"Knox County",470313,22.3255576605367,0.0409090909090909,76.3321447631684,3.61461409742023,24.2391768885827,4.09090909090909
2021-07-01,52023,18,43371,15,8652,3,47492,17,353100,248,400592,265,-1,648,13,103,6,51272,1,1436,655,"Knox County",470313,22.1129333018649,0.0431442080378251,56.3454550480212,3.82723845609201,21.9003089431931,4.31442080378251
2021-06-30,52005,18,43356,12,8649,6,47475,11,352852,299,400327,310,0,649,9,90,9,51266,0,1435,655,"Knox County",470313,22.1129333018649,0.0474759615384615,65.9135511882512,3.82723845609201,19.13619228046,4.74759615384615
2021-06-29,51987,21,43344,16,8643,5,47464,19,352553,438,400017,457,0,649,8,81,13,51257,1,1435,655,"Knox County",470313,21.4750602258496,0.0455531453362256,97.1693319130026,4.46511153210734,17.222573052414,4.55531453362256
2021-06-28,51966,9,43328,2,8638,7,47445,2,352115,113,399560,115,0,649,-4,73,13,51244,0,1434,655,"Knox County",470313,21.2624358671778,0.0432900432900433,24.4518012472545,1.913619228046,15.5215781830398,4.32900432900433
2021-06-27,51957,5,43326,3,8631,2,47443,3,352002,151,399445,154,0,649,0,77,5,51231,0,1434,655,"Knox County",470313,20.6245627911625,0.041036717062635,32.7441512354538,1.06312179335889,16.3720756177269,4.1036717062635
2021-06-26,51952,3,43323,2,8629,1,47440,2,351851,206,399291,208,0,649,0,77,3,51226,0,1434,655,"Knox County",470313,19.3488166391318,0.0380085653104925,44.2258666037299,0.637873076015334,16.3720756177269,3.80085653104925
2021-06-25,51949,13,43321,9,8628,4,47438,11,351645,311,399083,322,0,649,4,77,9,51223,0,1434,655,"Knox County",470313,18.4983192044447,0.0354997269251775,68.4650434923126,2.76411666273312,16.3720756177269,3.54997269251775
2021-06-24,51936,14,43312,9,8624,5,47427,10,351334,364,398761,374,1,649,8,73,5,51214,1,1434,655,"Knox County",470313,17.6478217697576,0.0298969072164948,79.521510143245,2.97674102140489,15.5215781830398,2.98969072164948
2021-06-23,51922,13,43303,6,8619,7,47417,8,350970,282,398387,290,0,648,6,65,7,51209,0,1433,654,"Knox County",470313,16.5846999763987,0.0286458333333333,61.6610640148157,2.76411666273312,13.8205833136656,2.86458333333333
2021-06-22,51909,14,43297,5,8612,9,47409,5,350688,247,398097,252,2,648,10,59,2,51202,1,1433,653,"Knox County",470313,15.0963294656962,0.0239067055393586,53.5813383852881,2.97674102140489,12.5448371616349,2.39067055393586
2021-06-21,51895,9,43292,8,8603,1,47404,9,350441,289,397845,298,0,646,5,49,4,51200,1,1432,652,"Knox County",470313,15.0963294656962,0.0252897787144362,63.3620588841899,1.913619228046,10.4185935749171,2.52897787144363
2021-06-20,51886,3,43284,2,8602,1,47395,3,350152,161,397547,164,1,646,-2,44,4,51196,0,1431,652,"Knox County",470313,14.6710807483527,0.0251572327044025,34.8703948221716,0.637873076015334,9.35547178155824,2.51572327044025
2021-06-19,51883,3,43282,1,8601,2,47392,1,349991,191,397383,192,0,645,-3,46,6,51192,0,1431,652,"Knox County",470313,14.6710807483527,0.0248414376321353,40.8238768649814,0.637873076015334,9.7807204989018,2.48414376321353
2021-06-18,51880,5,43281,3,8599,2,47391,3,349800,283,397191,286,1,645,-7,49,11,51186,0,1431,652,"Knox County",470313,12.9700858789785,0.0210129310344828,60.8105665801286,1.06312179335889,10.4185935749171,2.10129310344828
2021-06-17,51875,12,43278,8,8597,4,47388,9,349517,515,396905,524,0,644,6,56,6,51175,0,1431,652,"Knox County",470313,12.5448371616349,0.0189431704885344,111.415163944012,2.55149230406134,11.9069640856196,1.89431704885344
2021-06-16,51863,7,43270,4,8593,3,47379,4,349002,362,396381,366,1,644,-6,50,12,51169,0,1431,651,"Knox County",470313,11.2690910096042,0.0163304514889529,77.8205152738708,1.48837051070245,10.6312179335889,1.63304514889529
2021-06-15,51856,13,43266,9,8590,4,47375,14,348640,428,396015,442,0,643,-2,56,15,51157,0,1431,651,"Knox County",470313,11.0564666509325,0.0189260563380282,93.9799665329259,2.76411666273312,11.9069640856196,1.89260563380282
2021-06-14,51843,7,43257,2,8586,5,47361,3,348212,260,395573,263,1,643,-5,58,11,51142,0,1431,651,"Knox County",470313,10.6312179335889,0.0165400089405454,55.9202063306777,1.48837051070245,12.3322128029631,1.65400089405454
2021-06-13,51836,3,43255,3,8581,0,47358,4,347952,128,395310,132,0,642,-5,63,8,51131,1,1431,651,"Knox County",470313,10.6312179335889,0.0172335600907029,28.0664153446747,0.637873076015334,13.395334596322,1.72335600907029
2021-06-12,51833,2,43252,1,8581,1,47354,1,347824,226,395178,227,0,642,-6,68,8,51123,0,1430,651,"Knox County",470313,10.4185935749171,0.0169642857142857,48.2657294184936,0.425248717343556,14.4584563896809,1.69642857142857
2021-06-11,51831,7,43251,3,8580,4,47353,2,347598,318,394951,320,0,642,-2,74,9,51115,0,1430,650,"Knox County",470313,10.8438422922607,0.0162708883025506,68.039794774969,1.48837051070245,15.7342025417116,1.62708883025506
2021-06-10,51824,7,43248,4,8576,3,47351,5,347280,358,394631,363,0,642,-1,76,8,51106,0,1430,649,"Knox County",470313,9.7807204989018,0.0156176053005206,77.1826421978555,1.48837051070245,16.1594512590551,1.56176053005206
2021-06-09,51817,2,43244,1,8573,1,47346,1,346922,367,394268,368,1,642,-17,77,18,51098,0,1430,649,"Knox County",470313,8.7175987055429,0.0141843971631206,78.2457639912144,0.425248717343556,16.3720756177269,1.41843971631206
2021-06-08,51815,5,43243,3,8572,2,47345,4,346555,266,393900,270,1,641,-17,94,21,51080,0,1430,648,"Knox County",470313,7.01660383616868,0.0102933607822954,57.4085768413801,1.06312179335889,19.9866897151471,1.02933607822954
2021-06-07,51810,16,43240,10,8570,6,47341,10,346289,316,393630,326,0,640,-7,111,23,51059,2,1430,647,"Knox County",470313,8.93022306421468,0.0134596211365902,69.3155409269997,3.40198973874845,23.6013038125674,1.34596211365902
2021-06-06,51794,4,43230,2,8564,2,47331,2,345973,178,393304,180,0,640,-5,118,9,51036,0,1428,647,"Knox County",470313,9.14284742288646,0.0121713729308666,38.2723845609201,0.850497434687113,25.0896743232698,1.21713729308666
2021-06-05,51790,5,43228,2,8562,3,47329,3,345795,258,393124,261,0,640,-9,123,14,51027,0,1428,647,"Knox County",470313,9.7807204989018,0.0129310344827586,55.4949576133341,1.06312179335889,26.1527961166287,1.29310344827586
2021-06-04,51785,7,43226,2,8559,5,47326,3,345537,325,392863,328,1,640,-9,132,15,51013,0,1428,647,"Knox County",470313,9.7807204989018,0.0133587786259542,69.7407896443432,1.48837051070245,28.0664153446747,1.33587786259542
2021-06-03,51778,7,43224,4,8554,3,47323,6,345212,458,392535,464,0,639,-12,141,19,50998,0,1428,647,"Knox County",470313,9.7807204989018,0.0131998179335457,98.6577024237051,1.48837051070245,29.9800345727207,1.31998179335457
2021-06-02,51771,20,43220,7,8551,13,47317,6,344754,282,392071,288,0,639,5,153,15,50979,1,1428,647,"Knox County",470313,13.6079589549938,0.0160604629192253,61.2358152974721,4.25248717343556,32.5315268767821,1.60604629192253
2021-06-01,51751,12,43213,9,8538,3,47311,10,344472,291,391783,301,0,639,-10,148,22,50964,1,1427,647,"Knox County",470313,15.0963294656962,0.0186219739292365,63.9999319602052,2.55149230406134,31.4684050834232,1.86219739292365
2021-05-31,51739,17,43204,14,8535,3,47301,12,344181,354,391482,366,0,639,-1,158,18,50942,0,1426,647,"Knox County",470313,15.308953824368,0.0191956124314442,77.8205152738708,3.61461409742023,33.5946486701409,1.91956124314442
2021-05-30,51722,3,43190,1,8532,2,47289,1,343827,203,391116,204,0,639,-9,159,12,50924,0,1426,647,"Knox County",470313,15.0963294656962,0.0185352622061483,43.3753691690427,0.637873076015334,33.8072730288127,1.85352622061483
2021-05-29,51719,14,43189,8,8530,6,47288,6,343624,199,390912,205,0,639,-14,168,28,50912,1,1426,647,"Knox County",470313,17.0099486937423,0.0204081632653061,43.5879935277145,2.97674102140489,35.7208922568587,2.04081632653061
2021-05-28,51705,11,43181,6,8524,5,47282,10,343425,390,390707,400,0,639,-10,182,21,50884,1,1425,646,"Knox County",470313,17.8604461284294,0.0228904847396768,85.0497434687113,2.33886794538956,38.6976332782636,2.28904847396768
2021-05-27,51694,23,43175,8,8519,15,47272,9,343035,341,390307,350,0,639,-5,192,28,50863,1,1424,646,"Knox County",470313,21.2624358671778,0.0255439924314096,74.4185255351224,4.8903602494509,40.8238768649814,2.55439924314096
2021-05-26,51671,16,43167,8,8504,8,47263,11,342694,571,389957,582,0,639,-8,197,24,50835,0,1423,646,"Knox County",470313,20.4119384324907,0.0245016611295681,123.747376746975,3.40198973874845,41.8869986583403,2.45016611295681
2021-05-25,51655,18,43159,8,8496,10,47252,7,342123,311,389375,318,0,639,-10,205,28,50811,1,1423,646,"Knox County",470313,21.6876845845214,0.0230927835051546,67.6145460576254,3.82723845609201,43.5879935277145,2.30927835051546
2021-05-24,51637,25,43151,21,8486,4,47245,24,341812,425,389057,449,0,639,-11,215,36,50783,1,1422,646,"Knox County",470313,23.3886794538956,0.0271132376395534,95.4683370436284,5.31560896679445,45.7142371144323,2.71132376395534
2021-05-23,51612,16,43130,8,8482,8,47221,8,341387,225,388608,233,1,639,-5,226,20,50747,1,1421,646,"Knox County",470313,26.1527961166287,0.0295624753646039,49.5414755705243,3.40198973874845,48.0531050598219,2.95624753646039
2021-05-22,51596,8,43122,4,8474,4,47213,4,341162,269,388375,273,0,638,-6,231,14,50727,0,1420,645,"Knox County",470313,24.877049964598,0.0280230326295585,58.0464499173954,1.70099486937423,49.1162268531808,2.80230326295585
2021-05-21,51588,16,43118,12,8470,4,47209,14,340893,377,388102,391,0,638,-17,237,33,50713,1,1420,645,"Knox County",470313,25.9401717579569,0.0296610169491525,83.1361242406653,3.40198973874845,50.3919730052114,2.96610169491525
2021-05-20,51572,34,43106,26,8466,8,47195,27,340516,594,387711,621,0,638,6,254,28,50680,1,1419,644,"Knox County",470313,28.2790397033465,0.0331356818974538,132.039726735174,7.22922819484046,54.0065871026317,3.31356818974538
2021-05-19,51538,14,43080,6,8458,8,47168,6,339922,544,387090,550,0,638,-29,248,43,50652,1,1418,644,"Knox County",470313,27.8537909860029,0.0317460317460317,116.943397269478,2.97674102140489,52.730840950601,3.17460317460317
2021-05-18,51524,24,43074,14,8450,10,47162,14,339378,444,386540,458,1,638,-21,277,44,50609,0,1417,644,"Knox County",470313,29.1295371380336,0.0326050420168067,97.3819562716744,5.10298460812268,58.8969473520825,3.26050420168067
2021-05-17,51500,15,43060,8,8440,7,47148,8,338934,420,386082,428,0,637,-18,298,33,50565,0,1417,643,"Knox County",470313,27.0032935513158,0.0274204468517265,91.0032255115211,3.18936538007667,63.3620588841899,2.74204468517265
2021-05-16,51485,22,43052,13,8433,9,47140,12,338514,272,385654,284,1,637,-10,316,31,50532,1,1417,643,"Knox County",470313,28.2790397033465,0.0282861896838602,60.385317862785,4.67773589077912,67.1892973402819,2.82861896838602
2021-05-15,51463,23,43039,13,8424,10,47128,17,338242,336,385370,353,0,636,-8,326,31,50501,1,1416,643,"Knox County",470313,31.4684050834232,0.0317666126418152,75.0563986111377,4.8903602494509,69.3155409269997,3.17666126418152
2021-05-14,51440,36,43026,25,8414,11,47111,26,337906,498,385017,524,0,636,4,334,32,50470,4,1415,642,"Knox County",470313,35.7208922568587,0.0341827221876942,111.415163944012,7.65447691218401,71.0165357963739,3.41827221876942
2021-05-13,51404,31,43001,17,8403,14,47085,17,337408,376,384493,393,0,636,-17,330,48,50438,0,1411,642,"Knox County",470313,35.0830191808434,0.0334448160535117,83.5613729580088,6.59135511882512,70.1660383616868,3.34448160535117
2021-05-12,51373,34,42984,28,8389,6,47068,26,337032,506,384100,532,0,636,-15,347,49,50390,0,1411,642,"Knox County",470313,39.335506354279,0.0403768506056528,113.116158813386,7.22922819484046,73.780652459107,4.03768506056528
2021-05-11,51339,36,42956,30,8383,6,47042,31,336526,555,383568,586,0,636,-11,362,47,50341,4,1411,642,"Knox County",470313,41.8869986583403,0.0441935483870968,124.597874181662,7.65447691218401,76.9700178391837,4.41935483870968
2021-05-10,51303,21,42926,14,8377,7,47011,13,335971,277,382982,290,1,636,-26,373,46,50294,1,1407,642,"Knox County",470313,43.162744810371,0.0479405806887238,61.6610640148157,4.46511153210734,79.3088857845732,4.79405806887238
2021-05-09,51282,17,42912,14,8370,3,46998,17,335694,369,382692,386,0,635,-22,399,39,50248,1,1406,641,"Knox County",470313,42.0996230170121,0.047976501305483,82.0730024473064,3.61461409742023,84.8371191100395,4.7976501305483
2021-05-08,51265,20,42898,11,8367,9,46981,14,335325,307,382306,321,0,635,-18,421,38,50209,1,1405,641,"Knox County",470313,41.4617499409967,0.0474934036939314,68.2524191336408,4.25248717343556,89.5148550008186,4.74934036939314
2021-05-07,51245,43,42887,31,8358,12,46967,33,335018,576,381985,609,0,635,3,439,40,50171,0,1404,641,"Knox County",470313,42.9501204516992,0.0484440166827077,129.488234431113,9.14284742288646,93.3420934569106,4.84440166827077
2021-05-06,51202,40,42856,26,8346,14,46934,28,334442,340,381376,368,1,635,-8,436,47,50131,0,1404,641,"Knox County",470313,44.8637396797452,0.0523932729624838,78.2457639912144,8.50497434687113,92.7042203808953,5.23932729624838
2021-05-05,51162,51,42830,32,8332,19,46906,38,334102,585,381008,623,0,634,5,444,46,50084,4,1404,640,"Knox County",470313,48.4783537771654,0.0546654099905749,132.464975452518,10.8438422922607,94.4052152502695,5.46654099905749
2021-05-04,51111,50,42798,32,8313,18,46868,34,333517,536,380385,570,0,634,6,439,44,50038,0,1400,640,"Knox County",470313,51.4550947985703,0.0558888538048626,121.195884442914,10.6312179335889,93.3420934569106,5.58888538048626
2021-05-03,51061,24,42766,9,8295,15,46834,7,332981,309,379815,316,1,634,-37,433,60,49994,1,1400,640,"Knox County",470313,52.0929678745856,0.053554650798622,67.1892973402819,5.10298460812268,92.0663473048799,5.3554650798622
2021-05-02,51037,25,42757,18,8280,7,46827,20,332672,288,379499,308,0,633,-17,470,42,49934,2,1399,640,"Knox County",470313,53.7939627439599,0.0558587479935795,65.4883024709077,5.31560896679445,99.9334485757357,5.58587479935795
2021-05-01,51012,45,42739,35,8273,10,46807,38,332384,450,379191,488,0,633,7,487,38,49892,2,1397,640,"Knox County",470313,59.1095717107543,0.0603290676416819,103.760687031828,9.56809614023002,103.548062673156,6.03290676416819
2021-04-30,50967,58,42704,30,8263,28,46769,29,331934,567,378703,596,0,633,-10,480,68,49854,3,1395,640,"Knox County",470313,62.298937090831,0.0593453655552157,126.72411776838,12.3322128029631,102.059692162454,5.93453655552157
2021-04-29,50909,54,42674,34,8235,20,46740,35,331367,571,378107,606,0,633,-2,490,56,49786,2,1392,639,"Knox County",470313,65.2756781122359,0.0573139435414885,128.850361355098,11.481715368276,104.185935749171,5.73139435414885
2021-04-28,50855,47,42640,28,8215,19,46705,34,330796,543,377501,577,4,633,-38,492,81,49730,1,1390,639,"Knox County",470313,64.4251806775488,0.0569199653279399,122.684254953616,9.99334485757357,104.611184466515,5.69199653279399
2021-04-27,50808,39,42612,17,8196,22,46671,20,330253,392,376924,412,1,629,-33,530,71,49649,2,1389,637,"Knox County",470313,62.0863127321592,0.0554041780199818,87.6012357727726,8.29234998819935,112.690910096042,5.54041780199818
2021-04-26,50769,69,42595,36,8174,33,46651,40,329861,480,376512,520,1,628,2,563,66,49578,0,1387,636,"Knox County",470313,71.6544088723892,0.0615911035072712,110.564666509325,14.6710807483527,119.707513932211,6.15911035072712
2021-04-25,50700,38,42559,25,8141,13,46611,26,329381,341,375992,367,0,627,-4,561,42,49512,3,1387,635,"Knox County",470313,74.4185255351224,0.0622546270330903,78.0331396325426,8.07972562952757,119.282265214868,6.22546270330903
2021-04-24,50662,35,42534,22,8128,13,46585,28,329040,510,375625,538,0,627,-28,565,63,49470,3,1384,635,"Knox County",470313,72.2922819484046,0.0586283185840708,114.391904965417,7.44185255351224,120.132762649555,5.86283185840708
2021-04-23,50627,43,42512,31,8115,12,46557,36,328530,553,375087,589,0,627,-4,593,47,49407,2,1381,635,"Knox County",470313,69.1029165683279,0.0606816292601829,125.235747257677,9.14284742288646,126.086244692364,6.06816292601829
2021-04-22,50584,79,42481,62,8103,17,46521,65,327977,787,374498,852,1,627,15,597,63,49360,1,1379,635,"Knox County",470313,74.4185255351224,0.064591439688716,181.155953588355,16.7973243350705,126.936742127052,6.4591439688716
2021-04-21,50505,62,42419,34,8086,28,46456,35,327190,479,373646,514,1,626,-2,582,63,49297,1,1378,634,"Knox County",470313,77.607890915199,0.0659282700421941,109.288920357294,13.1827102376502,123.747376746975,6.59282700421941
2021-04-20,50443,38,42385,34,8058,4,46421,39,326711,474,373132,513,1,625,-32,584,69,49234,1,1377,633,"Knox County",470313,77.3952665565272,0.0690983817107629,109.076295998622,8.07972562952757,124.172625464318,6.90983817107629
2021-04-19,50405,65,42351,41,8054,24,46382,39,326237,336,372619,375,0,624,-3,616,68,49165,0,1376,632,"Knox County",470313,76.5447691218401,0.0715048025613661,79.7341345019168,13.8205833136656,130.976604941815,7.15048025613661
2021-04-18,50340,38,42310,27,8030,11,46343,32,325901,364,372244,396,0,624,-12,619,50,49097,1,1376,632,"Knox County",470313,76.5447691218401,0.0725443473656341,84.1992460340241,8.07972562952757,131.614478017831,7.25443473656341
2021-04-17,50302,37,42283,18,8019,19,46311,23,325537,335,371848,358,0,624,-23,631,60,49047,1,1375,631,"Knox County",470313,76.9700178391837,0.0747845426744509,76.1195204044966,7.86710127085579,134.165970321892,7.47845426744509
2021-04-16,50265,346,42265,330,8000,16,46288,369,325202,2088,371490,2457,1,624,279,654,66,48987,4,1374,631,"Knox County",470313,141.395198516732,0.110155535224154,522.418049256559,73.5680281004352,139.056330571343,11.0155535224154
2021-04-15,49919,86,41935,54,7984,32,45919,55,323114,577,369033,632,1,623,12,375,73,48921,0,1370,630,"Knox County",470313,142.883569027435,0.112869399428027,134.378594680564,18.2856948457729,79.7341345019168,11.2869399428027
2021-04-14,49833,85,41881,60,7952,25,45864,62,322537,684,368401,746,0,622,-1,363,86,48848,3,1370,629,"Knox County",470313,147.773929276886,0.113018075588826,158.617771569146,18.0730704871011,77.1826421978555,11.3018075588826
2021-04-13,49748,68,41821,38,7927,30,45802,43,321853,340,367655,383,-5,622,-8,364,81,48762,1,1367,629,"Knox County",470313,154.152660037039,0.116513933046568,81.435129371291,14.4584563896809,77.3952665565272,11.6513933046568
2021-04-12,49680,63,41783,43,7897,20,45759,50,321513,360,367272,410,1,627,-24,372,86,48681,0,1366,629,"Knox County",470313,153.727411319696,0.117800074321813,87.175987055429,13.395334596322,79.0962614259015,11.7800074321813
2021-04-11,49617,26,41740,14,7877,12,45709,14,321153,296,366862,310,2,626,-26,396,50,48595,0,1366,628,"Knox County",470313,151.175919015634,0.11631419939577,65.9135511882512,5.52823332546623,84.1992460340241,11.631419939577
2021-04-10,49591,50,41726,33,7865,17,45695,41,320857,571,366552,612,0,624,6,422,44,48545,1,1366,628,"Knox County",470313,153.940035678367,0.114234234234234,130.126107507128,10.6312179335889,89.7274793594904,11.4234234234234
2021-04-09,49541,82,41693,62,7848,20,45654,71,320286,620,365940,691,5,624,11,416,66,48501,2,1365,627,"Knox County",470313,97.8072049890179,0.0887949260042283,146.923431842199,17.4351974110858,88.4517332074597,8.87949260042283
2021-04-08,49459,49,41631,26,7828,23,45583,26,319666,466,365249,492,-6,619,-23,405,78,48435,0,1363,627,"Knox County",470313,89.9401037181622,0.0842480790340285,104.611184466515,10.4185935749171,86.1128652620702,8.42480790340285
2021-04-07,49410,77,41605,54,7805,23,45557,57,319200,768,364757,825,2,625,9,428,66,48357,1,1363,627,"Knox County",470313,88.2391088487879,0.0811173784582326,175.415095904217,16.3720756177269,91.0032255115211,8.11173784582326
2021-04-06,49333,75,41551,41,7782,34,45500,45,318432,422,363932,467,2,623,-4,419,77,48291,0,1362,627,"Knox County",470313,89.7274793594904,0.079852902547938,99.2955754997204,15.9468269003834,89.089606283475,7.9852902547938
2021-04-05,49258,44,41510,32,7748,12,45455,35,318010,266,363465,301,0,621,-60,423,104,48214,3,1362,627,"Knox County",470313,85.6876165447266,0.0781503515413737,63.9999319602052,9.35547178155824,89.9401037181622,7.81503515413737
2021-04-04,49214,49,41478,31,7736,18,45420,40,317744,341,363164,381,3,621,-27,483,73,48110,0,1359,626,"Knox County",470313,90.5779767941775,0.0835765455027859,81.0098806539475,10.4185935749171,102.697565238469,8.35765455027859
2021-04-03,49165,81,41447,64,7718,17,45380,71,317403,593,362783,664,0,618,6,510,75,48037,0,1359,625,"Knox County",470313,97.1693319130026,0.0902904998691442,141.182574158061,17.222573052414,108.438422922607,9.02904998691442
2021-04-02,49084,76,41383,45,7701,31,45309,45,316810,530,362119,575,0,618,5,504,71,47962,2,1359,622,"Knox County",470313,95.8935857609719,0.0860998650472335,122.259006236272,16.1594512590551,107.162676770576,8.60998650472335
2021-04-01,49008,75,41338,63,7670,12,45264,67,316280,580,361544,647,1,618,-20,499,94,47891,1,1357,621,"Knox County",470313,101.421819086438,0.0932642487046632,137.56796006064,15.9468269003834,106.099554977217,9.32642487046632
2021-03-31,48933,87,41275,66,7658,21,45197,72,315700,765,360897,837,3,617,-16,519,100,47797,2,1356,621,"Knox County",470313,103.548062673156,0.096849173553719,177.966588208278,18.4983192044447,110.352042150653,9.6849173553719
2021-03-30,48846,57,41209,33,7637,24,45125,38,314935,460,360060,498,1,614,-25,535,81,47697,2,1354,619,"Knox County",470313,99.7208242170639,0.094286446323341,105.886930618546,12.1195884442914,113.754031889401,9.4286446323341
2021-03-29,48789,43,41176,21,7613,22,45087,22,314475,400,359562,422,5,613,-58,560,96,47616,0,1352,618,"Knox County",470313,99.5081998583922,0.088220675944334,89.7274793594904,9.14284742288646,119.069640856196,8.8220675944334
2021-03-28,48746,80,41155,46,7591,34,45065,49,314075,484,359140,533,2,608,13,618,65,47520,5,1352,617,"Knox County",470313,106.099554977217,0.0871647509578544,113.328783172058,17.0099486937423,131.401853659159,8.71647509578544
2021-03-27,48666,42,41109,39,7557,3,45016,42,313591,442,358607,484,0,606,-16,605,58,47455,2,1347,616,"Knox County",470313,97.8072049890179,0.0838338338338338,102.910189597141,8.93022306421468,128.637736996426,8.38338338338338
2021-03-26,48624,79,41070,54,7554,25,44974,60,313149,417,358123,477,0,606,1,621,78,47397,2,1345,615,"Knox County",470313,98.4450780650333,0.0897896357106208,101.421819086438,16.7973243350705,132.039726735174,8.97896357106208
2021-03-25,48545,88,41016,64,7529,24,44914,67,312732,570,357646,637,0,606,7,620,81,47319,4,1343,613,"Knox County",470313,101.209194727766,0.0900205761316872,135.441716473923,18.7109435631165,131.827102376502,9.00205761316873
2021-03-24,48457,123,40952,91,7505,32,44847,95,312162,780,357009,875,1,606,38,613,84,47238,3,1339,612,"Knox County",470313,108.86367163995,0.0950076413652573,186.046313837806,26.1527961166287,130.3387318658,9.50076413652573
2021-03-23,48334,87,40861,57,7473,30,44752,63,311382,531,356134,594,1,605,16,575,70,47154,3,1336,611,"Knox County",470313,115.242402400104,0.0989557434112382,126.298869051036,18.4983192044447,122.259006236272,9.89557434112382
2021-03-22,48247,115,40804,78,7443,37,44689,81,310851,517,355540,598,2,604,31,559,82,47084,1,1333,610,"Knox County",470313,130.551356224472,0.108861362553597,127.149366485723,24.4518012472545,118.857016497524,10.8861362553597
2021-03-21,48132,50,40726,33,7406,17,44608,34,310334,330,354942,364,0,602,4,528,46,47002,1,1332,610,"Knox County",470313,124.172625464318,0.109704641350211,77.3952665565272,10.6312179335889,112.265661378699,10.9704641350211
2021-03-20,48082,59,40693,29,7389,30,44574,33,310004,315,354578,348,0,602,3,524,56,46956,4,1331,609,"Knox County",470313,127.787239561739,0.111225276136656,73.9932768177788,12.5448371616349,111.415163944012,11.1225276136656
2021-03-19,48023,146,40664,102,7359,44,44541,117,309689,956,354230,1073,3,602,51,521,92,46900,3,1327,609,"Knox County",470313,142.033071592748,0.109155713967476,228.145936854818,31.0431563660796,110.777290867996,10.9155713967476
2021-03-18,47877,68,40562,50,7315,18,44424,66,308733,627,353157,693,2,599,-16,470,82,46808,1,1324,608,"Knox County",470313,137.780584419312,0.107590759075908,147.348680559542,14.4584563896809,99.9334485757357,10.7590759075908
2021-03-17,47809,46,40512,36,7297,10,44358,41,308106,498,352464,539,1,597,-40,486,85,46726,3,1323,608,"Knox County",470313,121.408508801585,0.103349964362081,114.604529324088,9.7807204989018,103.335438314484,10.3349964362081
2021-03-16,47763,128,40476,84,7287,44,44317,100,307608,699,351925,799,0,596,48,526,80,46641,3,1320,606,"Knox County",470313,130.126107507128,0.106932487539647,169.886862578751,27.2159179099876,111.840412661355,10.6932487539647
2021-03-15,47635,44,40392,28,7243,16,44217,40,306909,290,351126,330,1,596,-65,478,108,46561,1,1317,605,"Knox County",470313,115.029778041432,0.103955619874578,70.1660383616868,9.35547178155824,101.63444344511,10.3955619874578
2021-03-14,47591,60,40364,38,7227,22,44177,46,306619,405,350796,451,0,595,-12,543,72,46453,0,1316,604,"Knox County",470313,117.15602162815,0.104653909756674,95.893585760972,12.7574615203067,115.455026758776,10.4653909756674
2021-03-13,47531,71,40326,34,7205,37,44131,41,306214,623,350345,664,1,595,-10,555,80,46381,1,1316,604,"Knox County",470313,119.707513932211,0.0991426687183996,141.182574158061,15.0963294656962,118.006519062837,9.91426687183997
2021-03-12,47460,63,40292,60,7168,3,44090,67,305591,692,349681,759,0,594,-52,565,115,46301,1,1315,602,"Knox County",470313,102.059692162454,0.0946871310507674,161.38188823188,13.395334596322,120.132762649555,9.46871310507674
2021-03-11,47397,83,40232,56,7165,27,44023,66,304899,627,348922,693,2,594,-22,617,103,46186,0,1314,600,"Knox County",470313,105.24905754253,0.0946871310507674,147.348680559542,17.6478217697576,131.189229300487,9.46871310507674
2021-03-10,47314,95,40176,72,7138,23,43957,82,304272,1001,348229,1083,2,592,26,639,67,46083,1,1314,599,"Knox County",470313,115.667651117447,0.0924879681941829,230.272180441536,20.1993140738189,135.866965191266,9.24879681941829
2021-03-09,47219,80,40104,50,7115,30,43875,55,303271,597,347146,652,0,590,-6,613,86,46016,2,1313,599,"Knox County",470313,105.461681901202,0.0857081174438687,138.631081853999,17.0099486937423,130.3387318658,8.57081174438687
2021-03-08,47139,85,40054,57,7085,28,43820,63,302674,412,346494,475,1,590,-30,619,114,45930,0,1311,595,"Knox County",470313,114.179280606745,0.0879212895122462,100.996570369095,18.0730704871011,131.614478017831,8.79212895122462
2021-03-07,47054,64,39997,40,7057,24,43757,42,302262,327,346019,369,0,589,-5,649,69,45816,0,1311,593,"Knox County",470313,115.029778041432,0.088604898828541,78.4583883498861,13.6079589549938,137.993208777984,8.8604898828541
2021-03-06,46990,125,39957,87,7033,38,43715,95,301935,848,345650,943,0,589,40,654,85,45747,1,1311,593,"Knox County",470313,126.511493409708,0.0944913550462405,200.504770227487,26.5780448339723,139.056330571343,9.44913550462405
2021-03-05,46865,70,39870,44,6995,26,43620,49,301087,521,344707,570,2,589,-19,614,87,45662,2,1310,593,"Knox County",470313,127.99986392041,0.0944618599791014,121.195884442914,14.8837051070245,130.551356224472,9.44618599791014
2021-03-04,46795,112,39826,85,6969,27,43571,100,300566,1094,344137,1194,5,587,-1,633,108,45575,1,1308,591,"Knox County",470313,134.165970321892,0.0919409761634506,253.873484254103,23.8139281712392,134.591219039236,9.19409761634506
2021-03-03,46683,74,39741,33,6942,41,43471,40,299472,497,342943,537,1,582,-49,634,122,45467,4,1307,589,"Knox County",470313,129.700858789785,0.0936708860759494,114.179280606745,15.7342025417116,134.803843397907,9.36708860759494
2021-03-02,46609,133,39708,91,6901,42,43431,99,298975,808,342406,907,-1,581,9,683,125,45345,2,1303,588,"Knox County",470313,140.969949799389,0.0976976976976977,192.850293315303,28.2790397033465,145.222436972824,9.76976976976977
2021-03-01,46476,59,39617,33,6859,26,43332,35,298167,165,341499,200,1,582,-58,674,116,45220,1,1301,585,"Knox County",470313,135.441716473923,0.0974576271186441,42.5248717343556,12.5448371616349,143.308817744778,9.74576271186441
2021-02-28,46417,77,39584,53,6833,24,43297,63,298002,563,341299,626,2,581,-19,732,94,45104,2,1300,585,"Knox County",470313,138.205833136656,0.0966445649989954,133.102848528533,16.3720756177269,155.641030547742,9.66445649989954
2021-02-27,46340,82,39531,47,6809,35,43234,58,297439,671,340673,729,1,579,-33,751,114,45010,3,1298,584,"Knox County",470313,129.062985713769,0.0932185597312618,155.003157471726,17.4351974110858,159.680893362505,9.32185597312618
2021-02-26,46258,107,39484,70,6774,37,43176,80,296768,506,339944,586,5,578,-17,784,119,44896,1,1295,583,"Knox County",470313,136.930086984625,0.0993931784892237,124.597874181662,22.7508063778803,166.697497198674,9.93931784892237
2021-02-25,46151,131,39414,92,6737,39,43096,97,296262,1029,339358,1126,2,573,-7,801,136,44777,5,1294,583,"Knox County",470313,140.969949799389,0.100191042241562,239.415027864422,27.8537909860029,170.312111296094,10.0191042241562
2021-02-24,46020,102,39322,72,6698,30,42999,80,295233,969,338232,1049,2,571,-30,808,130,44641,2,1289,582,"Knox County",470313,146.923431842199,0.0980279532835535,223.042952246695,21.6876845845214,171.800481806797,9.80279532835535
2021-02-23,45918,122,39250,68,6668,54,42919,75,294264,758,337183,833,5,569,-32,838,149,44511,6,1287,581,"Knox County",470313,144.584563896809,0.0947756845989512,177.116090773591,25.9401717579569,178.17921256695,9.47756845989512
2021-02-22,45796,62,39182,33,6614,29,42844,38,293506,307,336350,345,3,564,-110,870,169,44362,3,1281,579,"Knox County",470313,145.222436972824,0.0927465054778995,73.3554037417635,13.1827102376502,184.983192044447,9.27465054778995
2021-02-21,45734,82,39149,41,6585,41,42806,45,293199,499,336005,544,2,561,-31,980,111,44193,3,1278,577,"Knox County",470313,146.285558766183,0.090752110514198,115.667651117447,17.4351974110858,208.371871498343,9.0752110514198
2021-02-20,45652,137,39108,98,6544,39,42761,115,292700,1007,335461,1122,1,559,8,1011,128,44082,2,1275,574,"Knox County",470313,157.979898493131,0.0945584299732382,238.564530429735,29.1295371380336,214.963226617168,9.45584299732382
2021-02-19,45515,95,39010,43,6505,52,42646,48,291693,274,334339,322,1,558,-83,1003,177,43954,2,1273,573,"Knox County",470313,155.42840618907,0.0932409661112151,68.4650434923126,20.1993140738189,213.262231747793,9.32409661112151
2021-02-18,45420,155,38967,111,6453,44,42598,119,291419,988,334017,1107,4,557,-38,1086,189,43777,6,1271,571,"Knox County",470313,160.531390797193,0.0977076287110109,235.375165049658,32.9567755941256,230.910053517551,9.77076287110109
2021-02-17,45265,114,38856,68,6409,46,42479,76,290431,892,332910,968,1,553,-49,1124,162,43588,4,1265,565,"Knox County",470313,163.082883101254,0.0984544934172868,205.820379194281,24.2391768885827,238.989779147079,9.84544934172868
2021-02-16,45151,146,38788,90,6363,56,42403,101,289539,818,331942,919,2,552,-41,1173,185,43426,4,1261,562,"Knox County",470313,168.185867709377,0.101745823165008,195.401785619364,31.0431563660796,249.408372721996,10.1745823165008
2021-02-15,45005,76,38698,36,6307,40,42302,43,288721,312,331023,355,2,550,-140,1214,214,43241,1,1257,562,"Knox County",470313,171.162608730781,0.102492036724752,75.4816473284812,16.1594512590551,258.125971427539,10.2492036724752
2021-02-14,44929,165,38662,135,6267,30,42259,135,288409,706,330668,841,2,548,20,1354,143,43027,5,1256,562,"Knox County",470313,188.810430500539,0.113063542776003,178.817085642965,35.0830191808434,287.893381641588,11.3063542776003
2021-02-13,44764,135,38527,91,6237,44,42124,106,287703,871,329827,977,4,546,-9,1334,140,42884,7,1251,561,"Knox County",470313,188.385181783195,0.11441063946074,207.733998422327,28.7042884206901,283.640894468152,11.441063946074
2021-02-12,44629,179,38436,114,6193,65,42018,124,286832,996,328850,1120,3,542,13,1343,163,42744,3,1244,557,"Knox County",470313,206.245627911625,0.111977095594083,238.139281712392,38.0597602022483,285.554513696198,11.1977095594083
2021-02-11,44450,162,38322,112,6128,50,41894,118,285836,1133,327730,1251,5,539,-34,1330,191,42581,5,1241,556,"Knox County",470313,207.733998422327,0.109314259057689,265.993072698394,34.4451461048281,282.790397033465,10.9314259057689
2021-02-10,44288,148,38210,106,6078,42,41776,112,284703,1032,326479,1144,7,534,-47,1364,188,42390,6,1236,554,"Knox County",470313,214.963226617168,0.111851067050098,243.242266320514,31.4684050834232,290.019625228305,11.1851067050098
2021-02-09,44140,209,38104,154,6036,55,41664,165,283671,1023,325335,1188,0,527,12,1411,197,42202,6,1230,552,"Knox County",470313,228.35856121349,0.116783013379872,252.597738102072,44.4384909624016,300.012970085879,11.6783013379872
2021-02-08,43931,107,37950,72,5981,35,41499,76,282648,371,324147,447,4,527,-159,1399,262,42005,2,1224,547,"Knox County",470313,234.949916332315,0.119977037887486,95.0430883262848,22.7508063778803,297.461477781818,11.9977037887486
2021-02-07,43824,108,37878,75,5946,33,41423,83,282277,716,323700,799,1,523,-28,1558,135,41743,2,1222,544,"Knox County",470313,222.830327888024,0.113196650303205,169.886862578751,22.963430736552,331.26875081063,11.3196650303205
2021-02-06,43716,304,37803,176,5913,128,41340,197,281561,1396,322901,1593,2,522,136,1586,166,41608,6,1220,543,"Knox County",470313,258.763844503554,0.116016971625564,338.710603364143,64.6378050362206,337.22223285344,11.6016971625564
2021-02-05,43412,177,37627,131,5785,46,41143,143,280165,727,321308,870,8,520,-4,1450,173,41442,4,1214,539,"Knox County",470313,258.33859578621,0.12260010970927,184.983192044447,37.6345114849047,308.305320074078,12.260010970927
2021-02-04,43235,199,37496,148,5739,51,41000,161,279438,1582,320438,1743,2,512,0,1454,197,41269,7,1210,536,"Knox County",470313,266.205697057066,0.120375128468654,370.604257164909,42.3122473756839,309.155817508765,12.0375128468654
2021-02-03,43036,230,37348,165,5688,65,40839,172,277856,1634,318695,1806,5,510,-8,1454,233,41072,7,1203,528,"Knox County",470313,283.640894468152,0.118044044518115,383.999591761231,48.903602494509,309.155817508765,11.8044044518115
2021-02-02,42806,91,37183,70,5623,21,40667,77,276222,291,316889,368,7,505,-159,1462,243,40839,1,1196,528,"Knox County",470313,258.551220144882,0.119197482297404,78.2457639912144,19.3488166391318,310.85681237814,11.9197482297404
2021-02-01,42715,153,37113,82,5602,71,40590,97,275931,425,316521,522,4,498,-125,1621,274,40596,2,1195,526,"Knox County",470313,268.331940643784,0.120763537202961,110.989915226668,32.5315268767821,344.664085406952,12.0763537202961
2021-01-31,42562,174,37031,120,5531,54,40493,129,275506,939,315999,1068,7,494,12,1746,155,40322,4,1193,523,"Knox County",470313,282.365148316121,0.122459222082811,227.082815061459,36.9966384088894,371.242130240925,12.2459222082811
2021-01-30,42388,277,36911,233,5477,44,40364,250,274567,1518,314931,1768,7,487,92,1734,178,40167,9,1189,521,"Knox County",470313,276.624290631983,0.126335174953959,375.919866131704,58.8969473520825,368.690637936863,12.6335174953959
2021-01-29,42111,101,36678,52,5433,49,40114,62,273049,376,313163,438,4,480,-140,1642,237,39989,1,1180,515,"Knox County",470313,260.464839372928,0.12290937378452,93.1294690982388,21.4750602258496,349.12919693906,12.290937378452
2021-01-28,42010,157,36626,116,5384,41,40052,129,272673,657,312725,786,9,476,-75,1782,223,39752,5,1179,510,"Knox County",470313,251.534616308714,0.135583185316755,167.122745916018,33.3820243114692,378.896607153109,13.5583185316755
2021-01-27,41853,168,36510,123,5343,45,39923,125,272016,894,311939,1019,12,467,-73,1857,229,39529,2,1174,506,"Knox County",470313,238.351906071063,0.145585525213604,216.664221486542,35.7208922568587,394.843434053492,14.5585525213604
2021-01-26,41685,234,36387,173,5298,61,39798,193,271122,1041,310920,1234,3,455,-26,1930,257,39300,7,1172,502,"Knox County",470313,268.757189361128,0.144111192392099,262.378458600974,49.7540999291961,410.365012236532,14.4111192392099
2021-01-25,41451,157,36214,105,5237,52,39605,115,270081,415,309686,530,9,452,-199,1956,347,39043,1,1165,495,"Knox County",470313,269.607686795815,0.146573140435482,112.690910096042,33.3820243114692,415.893245561998,14.6573140435481
2021-01-24,41294,157,36109,104,5185,53,39490,111,269666,791,309156,902,4,443,-98,2155,251,38696,2,1164,491,"Knox County",470313,265.993072698394,0.147521341920024,191.787171521944,33.3820243114692,458.205492937682,14.7521341920024
2021-01-23,41137,309,36005,222,5132,87,39379,232,268875,1492,308254,1724,7,439,63,2253,239,38445,7,1162,486,"Knox County",470313,272.797052175891,0.145786220413086,366.564394350146,65.7009268295794,479.042680087516,14.5786220413086
2021-01-22,40828,178,35783,143,5045,35,39147,176,267383,1173,306530,1349,3,432,-150,2190,325,38206,7,1155,483,"Knox County",470313,289.169127793618,0.143292682926829,286.830259848229,37.8471358435765,465.647345491194,14.3292682926829
2021-01-21,40650,268,35640,195,5010,73,38971,203,266210,1081,305181,1284,11,429,-125,2340,382,37881,6,1148,475,"Knox County",470313,312.770431606186,0.143620989803531,273.009676534563,56.9833281240365,497.540999291961,14.3620989803531
2021-01-20,40382,192,35445,131,4937,61,38768,131,265129,736,303897,867,10,418,-154,2465,336,37499,8,1142,470,"Knox County",470313,317.873416214308,0.147148288973384,184.345318968432,40.8238768649814,524.119044125933,14.7148288973384
2021-01-19,40190,310,35314,195,4876,115,38637,219,264393,957,303030,1176,8,408,-85,2619,387,37163,14,1134,460,"Knox County",470313,334.032867473363,0.15155771195097,250.046245798011,65.9135511882512,556.863195361387,15.155771195097
2021-01-18,39880,129,35119,80,4761,49,38418,87,263436,472,301854,559,7,400,-364,2704,486,36776,4,1120,457,"Knox County",470313,328.079385430554,0.147436712886401,118.857016497524,27.4285422686594,574.936265848488,14.7436712886401
2021-01-17,39751,181,35039,138,4712,43,38331,151,262964,690,301295,841,3,393,-205,3068,383,36290,8,1116,448,"Knox County",470313,333.182370038676,0.153717948717949,178.817085642965,38.4850089195918,652.331532405015,15.3717948717949
2021-01-16,39570,421,34901,340,4669,81,38180,389,262274,1757,300454,2146,1,390,9,3273,411,35907,7,1108,442,"Knox County",470313,356.996298209916,0.164923376307468,456.291873709636,89.5148550008186,695.91952593273,16.4923376307468
2021-01-15,39149,187,34561,149,4588,38,37791,153,260517,755,298308,908,0,389,-95,3264,282,35496,4,1101,434,"Knox County",470313,358.909917437962,0.171314741035857,193.062917673975,39.7607550716225,694.005906704684,17.1314741035857
2021-01-14,38962,338,34412,267,4550,71,37638,290,259762,1479,297400,1769,6,389,-91,3359,423,35214,7,1097,424,"Knox County",470313,373.793622544986,0.171788047423179,376.132490490376,71.867033231061,714.205220778503,17.1788047423179
2021-01-13,38624,249,34145,201,4479,48,37348,206,258283,946,295631,1152,12,383,-249,3450,486,34791,6,1090,417,"Knox County",470313,385.913210989277,0.174833352824231,244.943261189888,52.9434653092728,733.554037417635,17.4833352824231
2021-01-12,38375,332,33944,261,4431,71,37142,283,257337,1181,294479,1464,10,371,-176,3699,498,34305,6,1084,415,"Knox County",470313,390.590946880056,0.176377418259984,311.282061095483,70.5912870790304,786.497502726907,17.6377418259984
2021-01-11,38043,244,33683,197,4360,47,36859,228,256156,726,293015,954,4,361,-396,3875,636,33807,5,1078,410,"Knox County",470313,415.042748127311,0.184102230885857,202.843638172876,51.8803435159139,823.91938985314,18.4102230885857
2021-01-10,37799,328,33486,205,4313,123,36631,222,255430,1013,292061,1235,5,357,-6,4271,329,33171,17,1073,404,"Knox County",470313,446.298528852062,0.183942667220607,262.591082959646,69.7407896443432,908.118635887165,18.3942667220607
2021-01-09,37471,475,33281,393,4190,82,36409,426,254417,1384,290826,1810,5,352,101,4277,369,32842,12,1056,398,"Knox County",470313,457.780244220338,0.194575979337064,384.850089195918,100.996570369095,909.394382039195,19.4575979337064
2021-01-08,36996,459,32888,371,4108,88,35983,392,253033,1432,289016,1824,7,347,267,4176,185,32473,6,1044,396,"Knox County",470313,515.614069779062,0.200528996865204,387.826830217323,97.5945806303462,887.919321813346,20.0528996865204
2021-01-07,36537,389,32517,346,4020,43,35591,354,251601,1309,287192,1663,10,340,73,3909,306,32288,10,1038,388,"Knox County",470313,526.457912071323,0.208968521084934,353.594308471167,82.7108755233217,831.148618047981,20.8968521084934
2021-01-06,36148,497,32171,363,3977,134,35237,378,250292,1187,285529,1565,9,330,59,3836,429,31982,15,1028,385,"Knox County",470313,579.188753021924,0.217118402282454,332.757121321333,105.674306259874,815.627039864941,21.7118402282454
2021-01-05,35651,520,31808,328,3843,192,34859,345,249105,1193,283964,1538,14,321,32,3777,474,31553,14,1013,376,"Knox County",470313,619.162132452218,0.221456228161299,327.016263637195,110.564666509325,803.082202703306,22.1456228161299
2021-01-04,35131,322,31480,228,3651,94,34514,249,247912,654,282426,903,6,307,-222,3745,538,31079,6,999,370,"Knox County",470313,635.746832428617,0.224520781932055,191.999795880616,68.4650434923126,796.278223225809,22.4520781932055
2021-01-03,34809,285,31252,182,3557,103,34265,195,247258,608,281523,803,2,301,-15,3967,298,30541,10,993,362,"Knox County",470313,626.60398500573,0.231446665347318,170.737360013438,60.5979422214568,843.480830850944,23.1446665347318
2021-01-02,34524,422,31070,319,3454,103,34070,345,246650,1095,280720,1440,0,299,105,3982,317,30243,22,983,353,"Knox County",470313,615.334893996126,0.231922760887428,306.179076487361,89.7274793594904,846.670196231021,23.1922760887428
2021-01-01,34102,419,30751,349,3351,70,33725,374,245555,1297,279280,1671,2,299,2,3877,415,29926,7,961,349,"Knox County",470313,606.829919649255,0.233747260774288,355.295303340541,89.089606283475,824.344638570484,23.3747260774288
2020-12-31,33683,448,30402,311,3281,137,33351,322,244258,929,277609,1251,12,297,0,3875,436,29511,8,954,343,"Knox County",470313,619.37475681089,0.240758913967942,265.993072698394,95.2557126849566,823.91938985314,24.0758913967942
2020-12-30,33235,363,30091,248,3144,115,33029,271,243329,931,276358,1202,6,285,-146,3875,503,29075,9,946,340,"Knox County",470313,590.883092748871,0.238533151680291,255.574479123477,77.1826421978555,823.91938985314,23.8533151680291
2020-12-29,32872,590,29843,398,3029,192,32758,420,242398,1081,275156,1501,7,279,111,4021,472,28572,14,937,336,"Knox County",470313,605.766797855896,0.248090297571543,319.149162366339,125.448371616349,854.96254621922,24.8090297571543
2020-12-28,32282,252,29445,174,2837,78,32338,185,241317,565,273655,750,4,272,-331,3910,579,28100,4,923,328,"Knox County",470313,590.883092748871,0.245068461359944,159.468269003834,53.5813383852881,831.361242406653,24.5068461359944
2020-12-27,32030,230,29271,156,2759,74,32153,172,240752,489,272905,661,3,268,-74,4241,301,27521,8,919,323,"Knox County",470313,579.188753021924,0.246460594620104,140.544701082045,48.903602494509,901.739905127011,24.6460594620104
2020-12-26,31800,358,29115,288,2685,70,31981,328,240263,1064,272244,1392,0,265,59,4315,299,27220,10,911,316,"Knox County",470313,565.58079406693,0.245847176079734,295.973107271115,76.1195204044966,917.474107668723,24.5847176079734
2020-12-25,31442,353,28827,287,2615,66,31653,308,239199,1070,270852,1378,1,265,-101,4256,453,26921,5,901,310,"Knox County",470313,551.547586394592,0.246588813767671,292.99636624971,75.0563986111377,904.929270507088,24.6588813767671
2020-12-24,31089,351,28540,277,2549,74,31345,311,238129,1273,269474,1584,5,264,-111,4357,457,26468,8,896,303,"Knox County",470313,530.92302360343,0.235592820028342,336.796984136097,74.6311498937941,926.404330732938,23.5592820028342
2020-12-23,30738,472,28263,351,2475,121,31034,371,236856,1411,267890,1782,6,259,-14,4468,480,26011,9,888,296,"Knox County",470313,554.099078698654,0.231542882404951,378.896607153109,100.358697293079,950.005634545505,23.1542882404951
2020-12-22,30266,530,27912,392,2354,138,30663,432,235445,1470,266108,1902,7,253,-26,4482,549,25531,15,879,289,"Knox County",470313,541.341617178347,0.222986559424278,404.411530193722,112.690910096042,952.98237556691,22.2986559424278
2020-12-21,29736,442,27520,361,2216,81,30231,391,233975,1423,264206,1814,2,246,-137,4508,577,24982,5,864,283,"Knox County",470313,581.740245325985,0.22001331684581,385.700586630606,93.9799665329259,958.510608892376,22.001331684581
2020-12-20,29294,514,27159,431,2135,83,29840,478,232552,2245,262392,2723,2,244,235,4645,277,24405,7,859,280,"Knox County",470313,642.12556318877,0.208270377733598,578.976128663252,109.288920357294,987.640146030409,20.8270377733598
2020-12-19,28780,525,26728,441,2052,84,29362,489,230307,1445,259669,1934,6,242,252,4410,267,24128,13,852,274,"Knox County",470313,677.633831086957,0.211938705496684,411.215509671219,111.627788302684,937.673421742542,21.1938705496684
2020-12-18,28255,480,26287,420,1968,60,28873,430,228862,1358,257735,1788,4,236,98,4158,378,23861,11,839,267,"Knox County",470313,704.637124638273,0.214533895172618,380.172353305139,102.059692162454,884.092083357254,21.4533895172618
2020-12-17,27775,733,25867,635,1908,98,28443,663,227504,1898,255947,2561,11,232,288,4060,434,23483,11,828,261,"Knox County",470313,785.859629650892,0.224351902923331,544.530982558424,155.853654906413,863.254896207419,22.4351902923332
2020-12-16,27042,564,25232,452,1810,112,27780,472,225606,1729,253386,2201,8,221,99,3772,457,23049,11,817,257,"Knox County",470313,805.421070648696,0.224820746498693,467.986213436584,119.920138290883,802.019080909947,22.4820746498693
2020-12-15,26478,765,24780,675,1698,90,27308,716,223877,2415,251185,3131,2,213,324,3673,439,22592,15,806,253,"Knox County",470313,855.387794936564,0.225297176820208,665.726867001337,162.65763438391,780.969269401441,22.5297176820208
2020-12-14,25713,472,24105,411,1608,61,26592,461,221462,1624,248054,2085,6,211,-12,3349,478,22153,7,791,245,"Knox County",470313,861.766525696717,0.225841807221579,443.321787830657,100.358697293079,712.078977191785,22.5841807221579
2020-12-13,25241,628,23694,572,1547,56,26131,754,219838,2935,245969,3689,2,205,400,3361,226,21675,10,784,237,"Knox County",470313,886.0057025853,0.229167864742078,784.37125914019,133.528097245877,714.630469495846,22.9167864742078
2020-12-12,24613,464,23122,392,1491,72,25377,454,216903,2172,242280,2626,3,203,182,2961,279,21449,19,774,231,"Knox County",470313,873.035616706321,0.218461368287152,558.351565872089,98.6577024237051,629.580726027135,21.8461368287152
2020-12-11,24149,557,22730,523,1419,34,24923,429,214731,1407,239654,1836,6,200,281,2779,270,21170,10,755,227,"Knox County",470313,889.407692324048,0.217827789729163,390.378322521385,118.43176778018,590.883092748871,21.7827789729163
2020-12-10,23592,473,22207,415,1385,58,24494,538,213324,1910,237818,2448,8,194,325,2498,140,20900,9,745,225,"Knox County",470313,834.125359069386,0.212255772646536,520.504430028513,100.571321651751,531.135647962102,21.2255772646536
2020-12-09,23119,407,21792,337,1327,70,23956,359,211414,924,235370,1283,2,186,77,2173,328,20760,13,736,215,"Knox County",470313,800.743334757917,0.217042928997544,272.797052175891,86.5381139794137,462.032731393774,21.7042928997544
2020-12-08,22712,491,21455,446,1257,45,23597,538,210490,2077,234087,2615,9,184,126,2096,356,20432,9,723,212,"Knox County",470313,742.484260481849,0.213062356772404,556.0126979267,104.398560107843,445.660655776047,21.3062356772404
2020-12-07,22221,323,21009,271,1212,52,23059,317,208413,1135,231472,1452,3,175,-128,1970,448,20076,6,714,210,"Knox County",470313,710.803231039754,0.212489811273434,308.730568791422,68.6776678509843,418.869986583403,21.2489811273434
2020-12-06,21898,332,20738,291,1160,41,22742,187,207278,668,230020,855,6,172,103,2098,223,19628,6,708,207,"Knox County",470313,647.866420872908,0.215173465497522,181.79382666437,70.5912870790304,446.085904493391,21.5173465497522
2020-12-05,21566,289,20447,263,1119,26,22555,213,206610,714,229165,927,2,166,55,1995,232,19405,8,702,203,"Knox County",470313,610.657158105347,0.226086194814296,197.102780488738,61.4484396561439,424.185595550197,22.6086194814296
2020-12-04,21277,354,20184,322,1093,32,22342,297,205896,1091,228238,1388,5,164,17,1940,332,19173,11,694,201,"Knox County",470313,567.494413294976,0.223285922684172,295.122609836428,75.2690229698095,412.49125582325,22.3285922684172
2020-12-03,20923,441,19862,424,1061,17,22045,448,204805,1215,226850,1663,2,159,180,1923,259,18841,10,683,196,"Knox County",470313,560.690433817479,0.231660610821958,353.594308471167,93.7673421742542,408.876641725829,23.1660610821958
2020-12-02,20482,192,19438,170,1044,22,21597,185,203590,575,225187,760,2,157,-144,1743,334,18582,7,673,194,"Knox County",470313,514.976196703047,0.226190476190476,161.594512590551,40.8238768649814,370.604257164909,22.6190476190476
2020-12-01,20290,403,19268,380,1022,23,21412,409,203015,1832,224427,2241,5,155,89,1887,309,18248,7,666,189,"Knox County",470313,496.26525313993,0.221408572043937,476.491187783455,85.6876165447266,401.222164813645,22.1408572043937
2020-11-30,19887,385,18888,371,999,14,21003,436,201183,1815,222186,2251,1,150,24,1798,360,17939,3,659,186,"Knox County",470313,509.44796337758,0.215666831928607,478.617431370173,81.8603780886346,382.298596891857,21.5666831928607
2020-11-29,19502,226,18517,218,985,8,20567,261,199368,1465,219935,1726,0,149,41,1774,185,17579,5,656,183,"Knox County",470313,486.909781358372,0.205275648046732,366.989643067489,48.0531050598219,377.195612283734,20.5275648046732
2020-11-28,19276,271,18299,257,977,14,20306,299,197903,1967,218209,2266,0,149,72,1733,199,17394,8,651,177,"Knox County",470313,483.08254290228,0.189914599430663,481.806796750249,57.6212012000519,368.478013578192,18.9914599430663
2020-11-27,19005,235,18042,215,963,20,20007,249,195936,1247,215943,1496,3,149,-6,1661,238,17195,12,643,173,"Knox County",470313,457.780244220338,0.184390873175845,318.08604057298,49.9667242878679,353.169059753823,18.4390873175845
2020-11-26,18770,344,17827,341,943,3,19758,441,194689,1429,214447,1870,4,146,48,1667,292,16957,5,631,170,"Knox County",470313,437.155681429176,0.18080888183981,397.607550716225,73.1427793830917,354.444805905854,18.080888183981
2020-11-25,18426,219,17486,193,940,26,19317,123,193260,325,212577,448,0,142,-58,1619,277,16665,3,626,164,"Knox County",470313,442.896539113314,0.180354529191738,95.2557126849566,46.5647345491194,344.238836689609,18.0354529191738
2020-11-24,18207,153,17293,130,914,23,19194,116,192935,673,212129,789,2,142,-111,1677,262,16388,6,623,162,"Knox County",470313,389.740449445369,0.177484787018256,167.760618992033,32.5315268767821,356.571049492572,17.7484787018256
2020-11-23,18054,167,17163,147,891,20,19078,100,192262,392,211340,492,3,140,-97,1788,261,16126,7,617,160,"Knox County",470313,343.388339254922,0.174865192032574,104.611184466515,35.508267898187,380.172353305139,17.4865192032574
2020-11-22,17887,220,17016,212,871,8,18978,258,191870,1804,210848,2062,2,137,86,1885,132,15865,5,610,153,"Knox County",470313,342.112593102891,0.168311578053698,438.431427581207,46.7773589077912,400.796916096302,16.8311578053698
2020-11-21,17667,173,16804,169,863,4,18720,198,190066,1465,208786,1663,0,135,2,1799,171,15733,4,605,151,"Knox County",470313,321.275405953057,0.168367346938776,353.594308471167,36.7840140502176,382.511221250529,16.8367346938775
2020-11-20,17494,178,16635,169,859,9,18522,163,188601,791,207123,954,7,135,-17,1797,188,15562,5,601,149,"Knox County",470313,309.155817508765,0.16900217443827,202.843638172876,37.8471358435765,382.085972533185,16.900217443827
2020-11-19,17316,166,16466,148,850,18,18359,128,187810,663,206169,791,2,128,-28,1814,192,15374,4,596,145,"Knox County",470313,271.308681665189,0.150854285317405,168.185867709377,35.2956435395152,385.700586630606,15.0854285317405
2020-11-18,17150,168,16318,163,832,5,18231,179,187147,875,205378,1054,0,126,-9,1842,177,15182,7,592,140,"Knox County",470313,260.464839372928,0.146316463805253,224.106074040054,35.7208922568587,391.654068673415,14.6316463805253
2020-11-17,16982,248,16155,240,827,8,18052,260,186272,1033,204324,1293,9,126,86,1851,153,15005,7,585,138,"Knox County",470313,280.664153446747,0.154771934047418,274.923295762609,52.730840950601,393.567687901461,15.4771934047418
2020-11-16,16734,272,15915,261,819,11,17792,286,185239,1409,203031,1695,2,117,79,1765,191,14852,6,578,137,"Knox County",470313,302.989711107284,0.15475189234651,360.398287948664,57.8338255587237,375.281993055688,15.475189234651
2020-11-15,16462,274,15654,247,808,27,17506,295,183830,2278,201336,2573,2,115,162,1686,110,14661,3,572,135,"Knox County",470313,314.47142647556,0.150553726429213,547.082474862485,58.2590742760672,358.484668720618,15.0553726429213
2020-11-14,16188,306,15407,293,781,13,17211,321,181552,1699,198763,2020,0,113,188,1524,118,14551,7,569,131,"Knox County",470313,342.750466178906,0.157225433526012,429.501204516992,65.0630537535641,324.03952261579,15.7225433526012
2020-11-13,15882,219,15114,200,768,19,16890,190,179853,965,196743,1155,4,113,73,1336,142,14433,6,562,128,"Knox County",470313,351.468064884449,0.156790473490218,245.581134265904,46.5647345491194,284.066143185496,15.6790473490218
2020-11-12,15663,143,14914,130,749,13,16700,136,178888,955,195588,1091,1,109,-3,1263,145,14291,3,556,127,"Knox County",470313,346.577704634998,0.153202830622185,231.97317531091,30.4052832900643,268.544565002456,15.3202830622185
2020-11-11,15520,191,14784,177,736,14,16564,191,177933,1229,194497,1420,3,108,23,1266,165,14146,7,553,125,"Knox County",470313,351.468064884449,0.149284253578732,301.926589313925,40.6112525063096,269.182438078471,14.9284253578732
2020-11-10,15329,168,14607,163,722,5,16373,186,176704,1131,193077,1317,2,105,24,1243,142,13981,4,546,123,"Knox County",470313,334.458116190707,0.142400851743412,280.026280370732,35.7208922568587,264.29207782902,14.2400851743412
2020-11-09,15161,135,14444,121,717,14,16187,131,175573,490,191760,621,1,103,-16,1219,150,13839,2,542,121,"Knox County",470313,305.328579052673,0.142198685888006,132.039726735174,28.7042884206901,259.189093220898,14.2198685888006
2020-11-08,15026,215,14323,203,703,12,16056,252,175083,2625,191139,2877,1,102,94,1235,120,13689,3,540,119,"Knox County",470313,292.783741891039,0.133987239310542,611.720279898706,45.7142371144323,262.591082959646,13.3987239310542
2020-11-07,14811,169,14120,161,691,8,15804,187,172458,1918,188262,2105,1,101,59,1141,109,13569,5,537,114,"Knox County",470313,263.654204753005,0.120253164556962,447.574275004093,35.9335166155305,242.604393244499,12.0253164556962
2020-11-06,14642,155,13959,138,683,17,15617,160,170540,1236,186157,1396,0,100,24,1082,131,13460,5,532,114,"Knox County",470313,250.046245798011,0.114805578645978,296.823604705802,32.9567755941256,230.059556082864,11.4805578645978
2020-11-05,14487,158,13821,142,666,16,15457,151,169304,613,184761,764,1,100,33,1058,124,13329,6,527,111,"Knox County",470313,253.235611178088,0.119809523809524,162.445010025239,33.5946486701409,224.956571474741,11.9809523809524
2020-11-04,14329,145,13679,133,650,12,15306,148,168691,934,183997,1082,-1,99,20,1025,126,13205,5,521,110,"Knox County",470313,243.454890679186,0.119563078134226,230.059556082864,30.8305320074078,217.939967638573,11.9563078134226
2020-11-03,14184,196,13546,183,638,13,15158,195,167757,836,182915,1031,3,100,44,1005,149,13079,5,516,108,"Knox County",470313,249.408372721996,0.123936816524909,219.215713790603,41.6743742996685,213.687480465137,12.3936816524909
2020-11-02,13988,116,13363,110,625,6,14963,115,166921,807,181884,922,1,97,-36,961,151,12930,2,511,107,"Knox County",470313,245.368509907232,0.118699027218237,196.039658695379,24.6644256059263,204.332008683579,11.8699027218237
2020-11-01,13872,124,13253,116,619,8,14848,131,166114,1273,180962,1404,0,96,14,997,110,12779,3,509,105,"Knox County",470313,226.0196932681,0.124885110294118,298.524599575177,26.3654204753005,211.986485595763,12.4885110294118
2020-10-31,13748,5,13137,5,611,0,14717,7,164841,4,179558,11,0,96,-99,983,104,12669,0,506,103,"Knox County",470313,191.149298445929,0.137216338880484,2.33886794538956,1.06312179335889,209.009744574358,13.7216338880484
2020-10-30,13743,156,13132,146,611,10,14710,148,164837,853,179547,1001,1,96,27,1082,128,12565,4,506,102,"Knox County",470313,191.3619228046,0.144006436041834,212.83698303045,33.1693999527974,230.059556082864,14.4006436041834
2020-10-29,13587,152,12986,138,601,14,14562,136,163984,1569,178546,1705,0,95,49,1055,103,12437,4,502,102,"Knox County",470313,190.08617665257,0.122973728339855,362.524531535382,32.3189025181103,224.318698398726,12.2973728339855
2020-10-28,13435,103,12848,96,587,7,14426,102,162415,1055,176841,1157,3,95,-47,1006,147,12334,8,498,101,"Knox County",470313,181.155953588355,0.115336744571982,246.006382983247,21.9003089431931,213.900104823809,11.5336744571982
2020-10-27,13332,119,12752,113,580,6,14324,127,161360,799,175684,926,1,92,-6,1053,124,12187,3,490,100,"Knox County",470313,164.783877970628,0.107493685096829,196.890156130067,25.3022986819416,223.893449681382,10.7493685096829
2020-10-26,13213,81,12639,74,574,7,14197,73,160561,372,174758,445,2,91,-72,1059,151,12063,1,487,98,"Knox County",470313,157.342025417116,0.108888554669875,94.6178396089413,17.222573052414,225.169195833413,10.8888554669875
2020-10-25,13132,132,12565,121,567,11,14124,151,160189,1365,174313,1516,0,89,53,1131,79,11912,3,486,98,"Knox County",470313,159.04302028649,0.110042893063156,322.338527746416,28.0664153446747,240.478149657781,11.0042893063156
2020-10-24,13000,172,12444,167,556,5,13973,202,158824,1789,172797,1991,0,89,56,1078,116,11833,5,483,97,"Knox County",470313,194.551288184677,0.107424779773481,423.33509811551,36.5713896915458,229.209058648177,10.7424779773481
2020-10-23,12828,159,12277,148,551,11,13771,172,157035,1239,170806,1411,1,89,40,1022,118,11717,5,478,96,"Knox County",470313,195.189161260692,0.105234400611955,300.012970085879,33.8072730288127,217.302094562557,10.5234400611955
2020-10-22,12669,182,12129,168,540,14,13599,169,155796,1607,169395,1776,1,88,59,982,122,11599,5,473,96,"Knox County",470313,201.567892020846,0.108002602472349,377.620861001078,38.6976332782636,208.797120215686,10.8002602472349
2020-10-21,12487,72,11961,68,526,4,13430,74,154189,682,167619,756,0,87,-32,923,104,11477,1,468,96,"Knox County",470313,194.976536902021,0.109738124929146,160.744015155864,15.308953824368,196.252283054051,10.9738124929146
2020-10-20,12415,127,11893,121,522,6,13356,150,153507,739,166863,889,0,87,13,955,114,11373,7,467,95,"Knox County",470313,196.677531771395,0.112818761384335,189.023054859211,27.0032935513158,203.056262531548,11.2818761384335
2020-10-19,12288,112,11772,107,516,5,13206,117,152768,939,165974,1056,1,87,-9,942,120,11259,6,460,94,"Knox County",470313,203.26888689022,0.110164981373071,224.531322757398,23.8139281712392,200.292145868815,11.0164981373071
2020-10-18,12176,140,11665,135,511,5,13089,168,151829,1431,164918,1599,0,86,51,951,89,11139,7,454,94,"Knox County",470313,204.969881759594,0.11099388056552,339.986349516173,29.7674102140489,202.205765096861,11.099388056552
2020-10-17,12036,128,11530,125,506,3,12921,154,150398,1458,163319,1612,1,86,42,900,85,11050,3,447,93,"Knox County",470313,195.614409978036,0.110341795801736,342.750466178906,27.2159179099876,191.3619228046,11.0341795801736
2020-10-16,11908,72,11405,71,503,1,12767,61,148940,390,161707,451,1,85,-26,858,97,10965,3,444,92,"Knox County",470313,177.116090773591,0.109718638653397,95.893585760972,15.308953824368,182.431699740386,10.9718638653397
2020-10-15,11836,74,11334,62,502,12,12706,66,148550,941,161256,1007,1,84,-56,884,129,10868,3,441,90,"Knox County",470313,154.152660037039,0.10719131614654,214.112729182481,15.7342025417116,187.959933065852,10.719131614654
2020-10-14,11762,149,11272,143,490,6,12640,150,147609,1086,160249,1236,0,83,58,940,91,10739,5,438,88,"Knox County",470313,170.524735654766,0.11031847133758,262.803707318318,31.6810294420949,199.866897151471,11.031847133758
2020-10-13,11613,71,11129,68,484,3,12490,63,146523,581,159013,644,1,83,-36,882,106,10648,6,433,88,"Knox County",470313,158.617771569146,0.102432610124918,136.930086984625,15.0963294656962,187.534684348508,10.2432610124918
2020-10-12,11542,79,11061,66,481,13,12427,87,145942,806,158369,893,0,82,-42,918,121,10542,5,427,87,"Knox County",470313,151.601167732978,0.100644987906477,189.873552293898,16.7973243350705,195.189161260692,10.0644987906477
2020-10-11,11463,170,10995,163,468,7,12340,179,145136,1612,157476,1791,0,82,94,960,76,10421,8,422,85,"Knox County",470313,157.979898493131,0.0995546240503013,380.810226381155,36.1461409742023,204.119384324907,9.95546240503013
2020-10-10,11293,130,10832,122,461,8,12161,132,143524,1393,155685,1525,0,82,46,866,84,10345,3,414,85,"Knox County",470313,158.405147210475,0.0977872002120048,324.252146974462,27.6411666273312,184.13269460976,9.77872002120048
2020-10-09,11163,120,10710,118,453,2,12029,134,142131,1336,154160,1470,0,82,34,820,86,10261,3,411,85,"Knox County",470313,168.61111642672,0.0946766285314032,312.557807247514,25.5149230406134,174.351974110858,9.46766285314032
2020-10-08,11043,110,10592,102,451,8,11895,103,140795,943,152690,1046,1,82,32,786,77,10175,4,408,85,"Knox County",470313,176.265593338904,0.0985473561882626,222.40507917068,23.3886794538956,167.122745916018,9.85473561882626
2020-10-07,10933,104,10490,88,443,16,11792,95,139852,1650,151644,1745,0,81,11,754,93,10098,5,404,85,"Knox County",470313,166.697497198674,0.087008997147246,371.029505882253,22.1129333018649,160.318766438521,8.7008997147246
2020-10-06,10829,115,10402,102,427,13,11697,114,138202,1393,149899,1507,0,81,3,743,112,10005,4,399,84,"Knox County",470313,176.052968980232,0.0845945675052621,320.42490851837,24.4518012472545,157.979898493131,8.45945675052621
2020-10-05,10714,118,10300,109,414,9,11583,123,136809,1238,148392,1361,0,81,11,740,107,9893,5,395,84,"Knox County",470313,184.345318968432,0.0842508377213978,289.38175215229,25.0896743232698,157.342025417116,8.42508377213978
2020-10-04,10596,96,10191,89,405,7,11460,99,135571,1827,147031,1926,1,81,31,729,64,9786,2,390,82,"Knox County",470313,168.61111642672,0.0756143667296786,409.514514801845,20.4119384324907,155.003157471726,7.56143667296786
2020-10-03,10500,77,10102,76,398,1,11361,92,133744,1864,145105,1956,0,80,6,698,71,9722,2,388,82,"Knox County",470313,157.342025417116,0.0690218872037054,415.893245561998,16.3720756177269,148.411802352901,6.90218872037054
2020-10-02,10423,82,10026,79,397,3,11269,82,131880,602,143149,684,0,80,-17,692,99,9651,1,386,82,"Knox County",470313,149.262299787588,0.0692420537897311,145.435061331496,17.4351974110858,147.13605620087,6.92420537897311
2020-10-01,10341,71,9947,68,394,3,11187,73,131278,683,142465,756,0,80,2,709,69,9552,1,385,82,"Knox County",470313,140.969949799389,0.0682435832913941,160.744015155864,15.0963294656962,150.750670298291,6.82435832913941
2020-09-30,10270,75,9879,72,391,3,11114,70,130595,675,141709,745,1,80,-32,707,106,9483,2,384,82,"Knox County",470313,134.803843397907,0.0730833799664242,158.405147210475,15.9468269003834,150.325421580947,7.30833799664242
2020-09-29,10195,80,9807,75,388,5,11044,87,129920,1140,140964,1227,-1,79,-16,739,97,9377,2,382,82,"Knox County",470313,127.361990844395,0.0723281340265742,260.890088090272,17.0099486937423,157.129401058444,7.23281340265742
2020-09-28,10115,57,9732,51,383,6,10957,49,128780,431,139737,480,1,80,-70,755,126,9280,3,380,81,"Knox County",470313,114.391904965417,0.0710059171597633,102.059692162454,12.1195884442914,160.531390797193,7.10059171597633
2020-09-27,10058,72,9681,67,377,5,10908,79,128349,978,139257,1057,0,79,-18,825,90,9154,3,377,79,"Knox County",470313,109.288920357294,0.0770456191165822,224.74394711607,15.308953824368,175.415095904217,7.70456191165822
2020-09-26,9986,127,9614,122,372,5,10829,136,127371,2087,138200,2223,4,79,9,843,114,9064,5,374,79,"Knox County",470313,119.920138290883,0.0803123257110987,472.663949327363,27.0032935513158,179.242334360309,8.03123257110987
2020-09-25,9859,102,9492,100,367,2,10693,103,125284,1439,135977,1542,0,75,-3,834,105,8950,1,369,79,"Knox County",470313,124.172625464318,0.074346201743462,327.866761071882,21.6876845845214,177.328715132263,7.4346201743462
2020-09-24,9757,92,9392,89,365,3,10590,105,123845,1717,134435,1822,0,75,-52,837,144,8845,3,368,76,"Knox County",470313,128.637736996426,0.0691512752858399,387.40158149998,19.5614409978036,177.966588208278,6.91512752858399
2020-09-23,9665,53,9303,52,362,1,10485,49,122128,432,132613,481,2,75,-123,889,174,8701,2,365,76,"Knox County",470313,123.960001105647,0.0688405797101449,102.272316521125,11.2690910096042,189.023054859211,6.88405797101449
2020-09-22,9612,82,9251,75,361,7,10436,88,121696,1140,132132,1228,1,73,-53,1012,134,8527,3,363,76,"Knox County",470313,124.38524982299,0.0689459979621873,261.102712448944,17.4351974110858,215.175850975839,6.89459979621873
2020-09-21,9530,34,9176,30,354,4,10348,32,120556,379,130904,411,0,72,-103,1065,137,8393,2,360,76,"Knox County",470313,119.494889573539,0.0675490643541762,87.3886114141008,7.22922819484046,226.444941985444,6.75490643541762
2020-09-20,9496,97,9146,78,350,19,10316,88,120177,707,130493,795,0,72,-17,1168,114,8256,1,358,76,"Knox County",470313,124.810498540334,0.0706892495883322,169.036365144064,20.6245627911625,248.345250928637,7.06892495883322
2020-09-19,9399,132,9068,129,331,3,10228,136,119470,1466,129698,1602,1,72,31,1185,100,8142,5,357,74,"Knox County",470313,125.873620333693,0.0762593579494988,340.624222592189,28.0664153446747,251.959865026057,7.62593579494988
2020-09-18,9267,118,8939,114,328,4,10092,129,118004,1606,128096,1735,3,71,-16,1154,131,8042,3,352,74,"Knox County",470313,129.275610072441,0.0776566757493188,368.903262295535,25.0896743232698,245.368509907232,7.76566757493188
2020-09-17,9149,126,8825,119,324,7,9963,124,116398,1516,126361,1640,0,68,-15,1170,141,7911,6,349,74,"Knox County",470313,136.504838267282,0.0818550430816016,348.703948221716,26.790669192644,248.77049964598,8.18550430816016
2020-09-16,9023,99,8706,77,317,22,9839,117,114882,768,124721,885,1,68,-90,1185,188,7770,3,343,72,"Knox County",470313,146.285558766183,0.0860655737704918,188.172557424524,21.049811508506,251.959865026057,8.60655737704918
2020-09-15,8924,132,8629,126,295,6,9722,136,114114,1338,123836,1474,0,67,-65,1275,197,7582,3,340,71,"Knox County",470313,156.916776699772,0.089206274877078,313.408304682201,28.0664153446747,271.096057306517,8.9206274877078
2020-09-14,8792,127,8503,124,289,3,9586,136,112776,902,122362,1038,0,67,-68,1340,195,7385,5,337,71,"Knox County",470313,176.690842056248,0.0944486857890719,220.704084301306,27.0032935513158,284.916640620183,9.44486857890719
2020-09-13,8665,143,8379,136,286,7,9450,148,111874,1008,121324,1156,0,67,-8,1408,151,7190,0,332,71,"Knox County",470313,186.471562555149,0.0971668415529906,245.793758624576,30.4052832900643,299.375097009864,9.71668415529906
2020-09-12,8522,130,8243,123,279,7,9302,141,110866,1177,120168,1318,1,67,29,1416,100,7039,1,332,71,"Knox County",470313,186.046313837806,0.100692191217824,280.238904729404,27.6411666273312,301.076091879238,10.0692191217824
2020-09-11,8392,104,8120,95,272,9,9161,106,109689,773,118850,879,0,66,-17,1387,121,6939,5,331,69,"Knox County",470313,183.069572816401,0.108224076281287,186.896811272493,22.1129333018649,294.909985477756,10.8224076281287
2020-09-10,8288,192,8025,189,263,3,9055,192,108916,1501,117971,1693,0,66,89,1404,103,6818,5,326,67,"Knox County",470313,197.102780488738,0.115598720833827,359.97303923132,40.8238768649814,298.524599575177,11.5598720833827
2020-09-09,8096,91,7836,82,260,9,8863,93,107415,1710,116278,1803,0,66,-23,1315,114,6715,2,321,67,"Knox County",470313,195.401785619364,0.101698536481145,383.361718685216,19.3488166391318,279.601031653388,10.1698536481145
2020-09-08,8005,126,7754,124,251,2,8770,133,105705,702,114475,835,1,66,30,1338,95,6601,8,319,67,"Knox County",470313,194.126039467333,0.108805319880761,177.541339490935,26.790669192644,284.491391902839,10.8805319880761
2020-09-07,7879,95,7630,92,249,3,8637,98,105003,347,113640,445,1,65,11,1308,83,6506,0,311,67,"Knox County",470313,187.322059989837,0.112067905031369,94.6178396089413,20.1993140738189,278.112661142686,11.2067905031369
2020-09-06,7784,96,7538,92,246,4,8539,94,104656,476,113195,570,0,64,23,1297,73,6423,1,311,67,"Knox County",470313,177.328715132263,0.113615272438022,121.195884442914,20.4119384324907,275.773793197296,11.3615272438022
2020-09-05,7688,284,7446,282,242,2,8445,295,104180,1506,112625,1801,0,64,215,1274,69,6350,4,310,64,"Knox County",470313,210.072866367717,0.125965611761774,382.936469967872,60.385317862785,270.883432947845,12.5965611761774
2020-09-04,7404,93,7164,89,240,4,8150,97,102674,565,110824,662,1,64,16,1059,76,6281,0,306,64,"Knox County",470313,207.733998422327,0.12831348444103,140.757325440717,19.7740653564754,225.169195833413,12.831348444103
2020-09-03,7311,190,7075,184,236,6,8053,198,102109,1798,110162,1996,2,63,107,1043,81,6205,6,306,64,"Knox County",470313,207.308749704984,0.124260355029586,424.398219908869,40.3986281476379,221.767206094665,12.4260355029586
2020-09-02,7121,124,6891,120,230,4,7855,121,100311,1461,108166,1582,2,61,40,936,82,6124,5,300,63,"Knox County",470313,214.325353541152,0.131288810036751,336.371735418753,26.3654204753005,199.016399716784,13.1288810036751
2020-09-01,6997,153,6771,146,226,7,7734,158,98850,660,106584,818,2,59,64,896,87,6042,4,295,62,"Knox County",470313,220.06621122529,0.134747269494539,173.926725393515,32.5315268767821,190.511425369913,13.4747269494539
2020-08-31,6844,99,6625,93,219,6,7576,94,98190,431,105766,525,0,57,18,832,81,5955,3,291,59,"Knox County",470313,220.916708659978,0.132889112396279,111.627788302684,21.049811508506,176.903466414919,13.2889112396279
2020-08-30,6745,72,6532,71,213,1,7482,76,97759,423,105241,499,1,57,5,814,66,5874,1,288,59,"Knox County",470313,215.813724051855,0.131802613218318,106.099554977217,15.308953824368,173.076227958827,13.1802613218318
2020-08-29,6673,118,6461,113,212,5,7406,125,97336,1391,104742,1516,5,56,37,809,76,5808,3,287,57,"Knox County",470313,180.51808051234,0.114372203211371,322.338527746416,25.0896743232698,172.013106165469,11.4372203211371
2020-08-28,6555,89,6348,85,207,4,7281,91,95945,309,103226,400,0,51,-7,772,96,5732,3,284,57,"Knox County",470313,179.667583077653,0.117639040348964,85.0497434687113,18.9235679217883,164.146004894613,11.7639040348964
2020-08-27,6466,116,6263,112,203,4,7190,134,95636,1987,102826,2121,0,51,24,779,92,5636,2,281,57,"Knox County",470313,163.933380535941,0.107090202385739,450.976264742841,24.6644256059263,165.634375405315,10.7090202385739
2020-08-26,6350,77,6151,76,199,1,7056,86,93649,794,100705,880,0,51,-15,755,92,5544,3,279,56,"Knox County",470313,153.940035678367,0.113034472555112,187.109435631165,16.3720756177269,160.531390797193,11.3034472555112
2020-08-25,6273,87,6075,82,198,5,6970,96,92855,896,99825,992,2,51,-6,770,91,5452,3,276,55,"Knox County",470313,139.90682800603,0.101254868022501,210.923363802404,18.4983192044447,163.720756177269,10.1254868022501
2020-08-24,6186,32,5993,28,193,4,6874,29,91959,261,98833,290,0,49,-66,776,98,5361,1,273,55,"Knox County",470313,125.660995975021,0.0951030158256196,61.6610640148157,6.8039794774969,164.9965023293,9.51030158256196
2020-08-23,6154,76,5965,75,189,1,6845,74,91698,566,98543,640,0,49,13,842,63,5263,3,272,55,"Knox County",470313,126.511493409708,0.0928498318467612,136.079589549938,16.1594512590551,179.029710001637,9.28498318467612
2020-08-22,6078,137,5890,136,188,1,6771,154,91132,1892,97903,2046,0,49,70,829,67,5200,4,269,55,"Knox County",470313,130.551356224472,0.0901072058623965,435.029437842458,29.1295371380336,176.265593338904,9.01072058623965
2020-08-21,5941,30,5754,30,187,0,6617,41,89240,262,95857,303,1,49,-62,759,91,5133,1,265,55,"Knox County",470313,118.006519062837,0.0844334433443344,64.4251806775488,6.37873076015334,161.38188823188,8.44334433443344
2020-08-20,5911,119,5724,117,187,2,6576,130,88978,2068,95554,2198,3,48,24,821,92,5042,3,264,55,"Knox County",470313,118.644392138852,0.0830044904068581,467.348340360568,25.3022986819416,174.56459846953,8.30044904068581
2020-08-19,5792,46,5607,41,185,5,6446,48,86910,608,93356,656,2,45,-50,797,94,4950,4,261,55,"Knox County",470313,112.053037020027,0.080280701754386,139.481579288686,9.7807204989018,169.461613861407,8.0280701754386
2020-08-18,5746,134,5566,132,180,2,6398,152,86302,1164,92700,1316,0,43,3,847,131,4856,4,257,55,"Knox County",470313,122.046381877601,0.0843066183380319,279.81365601206,28.4916640620183,180.092831794996,8.43066183380319
2020-08-17,5612,50,5434,42,178,8,6246,50,85138,289,91384,339,1,43,-70,844,119,4725,0,253,54,"Knox County",470313,125.873620333693,0.0865564150440117,72.0796575897328,10.6312179335889,179.454958718981,8.65564150440117
2020-08-16,5562,83,5392,78,170,5,6196,82,84849,587,91045,669,0,42,11,914,72,4606,1,253,53,"Knox County",470313,127.361990844395,0.0872857712235951,142.24569595142,17.6478217697576,194.338663826005,8.72857712235951
2020-08-15,5479,119,5314,116,165,3,6114,132,84262,1223,90376,1355,1,42,42,903,76,4534,2,252,52,"Knox County",470313,123.534752388303,0.0928905792861322,288.106006000259,25.3022986819416,191.999795880616,9.28905792861323
2020-08-14,5360,91,5198,83,162,8,5982,96,83039,1024,89021,1120,0,41,5,861,86,4458,2,250,52,"Knox County",470313,136.504838267282,0.0901607212857703,238.139281712392,19.3488166391318,183.069572816401,9.01607212857703
2020-08-13,5269,127,5115,126,154,1,5886,229,82015,1778,87901,2007,1,41,13,856,113,4372,4,248,51,"Knox County",470313,138.205833136656,0.105735727686947,426.737087854259,27.0032935513158,182.006451023042,10.5735727686947
2020-08-12,5142,79,4989,72,153,7,5657,88,80237,892,85894,980,0,40,-40,843,119,4259,1,244,50,"Knox County",470313,145.222436972824,0.106473156948369,208.371871498343,16.7973243350705,179.242334360309,10.6473156948369
2020-08-11,5063,111,4917,108,146,3,5569,117,79345,1121,84914,1238,0,40,2,883,109,4140,5,243,50,"Knox County",470313,140.332076723374,0.103009859885833,263.228956035661,23.6013038125674,187.74730870718,10.3009859885833
2020-08-10,4952,37,4809,35,143,2,5452,35,78224,365,83676,400,1,40,-94,881,130,4031,0,238,48,"Knox County",470313,137.56796006064,0.100270305058566,85.0497434687113,7.86710127085579,187.322059989837,10.0270305058566
2020-08-09,4915,85,4774,81,141,4,5417,109,77859,826,83276,935,1,39,25,975,59,3901,4,238,48,"Knox County",470313,137.993208777984,0.10031113876789,198.803775358113,18.0730704871011,207.308749704984,10.031113876789
2020-08-08,4830,157,4693,156,137,1,5308,176,77033,2284,82341,2460,1,38,96,950,60,3842,4,234,47,"Knox County",470313,146.072934407512,0.0929978118161926,523.055922332574,33.3820243114692,201.993140738189,9.29978118161926
2020-08-07,4673,50,4537,46,136,4,5132,44,74749,403,79881,447,0,37,-35,854,85,3782,0,230,45,"Knox County",470313,137.355335701969,0.0942482579426007,95.0430883262848,10.6312179335889,181.581202305699,9.42482579426007
2020-08-06,4623,113,4491,105,132,8,5088,121,74346,1463,79434,1584,-1,37,41,889,73,3697,5,230,43,"Knox County",470313,134.378594680564,0.0857782197911487,336.796984136097,24.0265525299109,189.023054859211,8.57782197911487
2020-08-05,4510,99,4386,99,124,0,4967,100,72883,1107,77850,1207,1,38,-1,848,99,3624,3,225,42,"Knox County",470313,138.631081853999,0.0848748639825898,256.637600916836,21.049811508506,180.305456153668,8.48748639825898
2020-08-04,4411,112,4287,111,124,1,4867,106,71776,1082,76643,1188,1,37,-31,849,142,3525,9,222,41,"Knox County",470313,138.843706212671,0.0840530349105948,252.597738102072,23.8139281712392,180.51808051234,8.40530349105948
2020-08-03,4299,50,4176,50,123,0,4761,81,70694,593,75455,674,2,36,-59,880,107,3383,1,213,41,"Knox County",470313,141.607822875404,0.0867569158328429,143.308817744778,10.6312179335889,187.109435631165,8.67569158328429
2020-08-02,4249,97,4126,91,123,6,4680,95,70101,692,74781,787,3,34,28,939,66,3276,2,212,40,"Knox County",470313,144.159315179466,0.0866179465676291,167.335370274689,20.6245627911625,199.6542727928,8.66179465676291
2020-08-01,4152,118,4035,110,117,8,4585,118,69409,1417,73994,1535,1,31,29,911,88,3210,1,210,40,"Knox County",470313,135.866965191266,0.0895984909727836,326.37839056118,25.0896743232698,193.70079074999,8.95984909727836
2020-07-31,4034,117,3925,114,109,3,4467,116,67992,1060,72459,1176,2,30,9,882,106,3122,1,209,39,"Knox County",470313,150.112797222275,0.0904183535762483,250.046245798011,24.877049964598,187.534684348508,9.04183535762483
2020-07-30,3917,189,3811,186,106,3,4351,227,66932,2420,71283,2647,1,28,78,873,110,3016,7,208,36,"Knox County",470313,166.272248481331,0.0914912090297374,562.816677404197,40.1860037889661,185.621065120462,9.14912090297373
2020-07-29,3728,75,3625,71,103,4,4124,60,64512,438,68636,498,0,27,-40,795,115,2906,3,201,34,"Knox County",470313,161.169263873208,0.0944150499706055,105.886930618546,15.9468269003834,169.036365144064,9.44150499706055
2020-07-28,3653,154,3554,152,99,2,4064,186,64074,1211,68138,1397,1,27,46,835,107,2791,3,198,30,"Knox County",470313,170.099486937423,0.101331191186596,297.036229064474,32.7441512354538,177.541339490935,10.1331191186596
2020-07-27,3499,83,3402,76,97,7,3878,85,62863,677,66741,762,3,26,-36,789,116,2684,2,195,30,"Knox County",470313,177.116090773591,0.100772551692797,162.019761307895,17.6478217697576,167.760618992033,10.0772551692797
2020-07-26,3416,118,3326,113,90,5,3793,132,62186,1473,65979,1605,0,23,49,825,69,2568,2,193,29,"Knox County",470313,181.581202305699,0.0960498960498961,341.262095668204,25.0896743232698,175.415095904217,9.6049896049896
2020-07-25,3298,175,3213,172,85,3,3661,197,60713,1949,64374,2146,2,23,95,776,78,2499,3,191,28,"Knox County",470313,193.70079074999,0.0980353826605415,456.291873709636,37.2092627675612,164.9965023293,9.80353826605415
2020-07-24,3123,106,3041,99,82,7,3464,113,58764,916,62228,1029,0,21,-15,681,121,2421,4,188,25,"Knox County",470313,191.3619228046,0.0991669972233241,218.79046507326,22.5381820192085,144.797188255481,9.91669972233241
2020-07-23,3017,205,2942,197,75,8,3351,254,57848,2389,61199,2643,0,21,89,696,116,2300,4,184,25,"Knox County",470313,194.763912543349,0.101884920634921,561.96617996951,43.5879935277145,147.986553635558,10.1884920634921
2020-07-22,2812,69,2745,61,67,8,3097,63,55459,437,58556,500,3,21,-68,607,134,2184,3,180,24,"Knox County",470313,193.488166391318,0.102162269390994,106.312179335889,14.6710807483527,129.062985713769,10.2162269390994
2020-07-21,2743,232,2684,228,59,4,3034,280,55022,1691,58056,1971,0,18,120,675,112,2050,12,177,24,"Knox County",470313,210.072866367717,0.10548048048048,419.082610942075,49.3288512118525,143.52144210345,10.548048048048
2020-07-20,2511,74,2456,70,55,4,2754,57,53331,364,56085,421,0,18,-59,555,133,1938,4,165,23,"Knox County",470313,208.159247139671,0.106253029568589,89.5148550008186,15.7342025417116,118.006519062837,10.6253029568589
2020-07-19,2437,84,2386,74,51,10,2697,74,52967,577,55664,651,0,18,-16,614,100,1805,0,161,22,"Knox County",470313,200.93001894483,0.110885589146459,138.418457495328,17.8604461284294,130.551356224472,11.0885589146459
2020-07-18,2353,112,2312,109,41,3,2623,146,52390,2258,55013,2404,1,18,36,630,75,1705,8,161,20,"Knox County",470313,187.534684348508,0.102609418858509,511.148958246955,23.8139281712392,133.95334596322,10.2609418858509
2020-07-17,2241,74,2203,74,38,0,2477,80,50132,347,52609,427,0,17,3,594,71,1630,6,153,19,"Knox County",470313,180.730704871011,0.105800155262282,90.7906011528493,15.7342025417116,126.298869051036,10.5800155262282
2020-07-16,2167,187,2129,185,38,2,2397,228,49785,2035,52182,2263,2,17,97,591,88,1559,3,147,17,"Knox County",470313,176.903466414919,0.107444714599977,481.168923674234,39.7607550716225,125.660995975021,10.7444714599977
2020-07-15,1980,78,1944,78,36,0,2169,80,47750,511,49919,591,3,15,-14,494,89,1471,4,144,17,"Knox County",470313,178.817085642965,0.10827222731439,125.660995975021,16.5846999763987,105.036433183858,10.827222731439
2020-07-14,1902,95,1866,95,36,0,2089,127,47239,777,49328,904,2,12,12,508,81,1382,1,140,16,"Knox County",470313,149.687548504932,0.103380759691946,192.212420239287,20.1993140738189,108.013174205263,10.3380759691946
2020-07-13,1807,94,1771,92,36,2,1962,59,46462,655,48424,714,1,10,20,496,73,1301,2,139,15,"Knox County",470313,153.940035678367,0.099823987930601,151.81379209165,19.9866897151471,105.461681901202,9.9823987930601
2020-07-12,1713,69,1679,67,34,2,1903,87,45807,916,47710,1003,0,9,27,476,42,1228,4,137,12,"Knox County",470313,150.750670298291,0.097158680471948,213.262231747793,14.6710807483527,101.209194727766,9.7158680471948
2020-07-11,1644,28,1612,27,32,1,1816,36,44891,883,46707,919,0,9,-16,449,44,1186,2,133,11,"Knox County",470313,132.890224169861,0.10218443043542,195.401785619364,5.95348204280979,95.4683370436284,10.218443043542
2020-07-10,1616,78,1585,74,31,4,1780,68,44008,418,45788,486,0,9,29,465,49,1142,6,131,10,"Knox County",470313,133.740721604548,0.0995639534883721,103.335438314484,16.5846999763987,98.8703267823768,9.95639534883721
2020-07-09,1538,70,1511,66,27,4,1712,88,43590,1652,45302,1740,0,9,23,436,47,1093,8,125,10,"Knox County",470313,108.86367163995,0.0857322636463741,369.966384088894,14.8837051070245,92.7042203808953,8.57322636463741
2020-07-08,1468,70,1445,65,23,5,1624,63,41938,594,43562,657,1,9,15,413,54,1046,5,117,10,"Knox County",470313,107.162676770576,0.0822045773003269,139.694203647358,14.8837051070245,87.8138601314444,8.2204577300327
2020-07-07,1398,79,1380,79,18,0,1561,104,41344,1305,42905,1409,0,8,38,398,41,992,7,112,10,"Knox County",470313,103.760687031828,0.0728926096997691,299.587721368535,16.7973243350705,84.6244947513677,7.28926096997691
2020-07-06,1319,35,1301,35,18,0,1457,34,40039,658,41496,692,1,8,-19,360,53,951,6,105,9,"Knox County",470313,91.2158498701928,0.0695047784535187,147.13605620087,7.44185255351224,76.5447691218401,6.95047784535187
2020-07-05,1284,77,1266,77,18,0,1423,109,39381,1081,40804,1190,2,7,34,379,41,898,6,99,9,"Knox County",470313,92.9168447395671,0.0707740025377132,253.022986819416,16.3720756177269,80.5846319366039,7.07740025377132
2020-07-04,1207,41,1189,40,18,1,1314,50,38300,1141,39614,1191,0,5,4,345,37,857,1,93,8,"Knox County",470313,95.6809614023002,0.070061099796334,253.235611178088,8.7175987055429,73.3554037417635,7.0061099796334
2020-07-03,1166,62,1149,61,17,1,1264,49,37159,910,38423,959,0,5,27,341,35,820,4,92,6,"Knox County",470313,92.2789716635517,0.0634090329165603,203.906759966235,13.1827102376502,72.5049063070764,6.34090329165603
2020-07-02,1104,68,1088,68,16,0,1215,102,36249,1228,37464,1330,0,5,33,314,35,785,2,88,6,"Knox County",470313,91.8537229462082,0.0687937533656435,282.790397033465,14.4584563896809,66.7640486229383,6.87937533656435
2020-07-01,1036,49,1020,49,16,0,1113,34,35021,737,36134,771,0,5,25,281,24,750,4,86,6,"Knox County",470313,87.3886114141008,0.0639087775125961,163.933380535941,10.4185935749171,59.7474447867697,6.39087775125961
2020-06-30,987,40,971,39,16,1,1079,73,34284,1514,35363,1587,0,5,18,256,22,726,3,82,5,"Knox County",470313,79.0962614259015,0.058419689119171,337.434857212112,8.50497434687113,54.4318358199752,5.8419689119171
2020-06-29,947,51,932,51,15,0,1006,79,32770,1333,33776,1412,0,5,20,238,31,704,3,79,5,"Knox County",470313,82.4982511646499,0.0587677725118483,300.225594444551,10.8438422922607,50.6045973638832,5.87677725118483
2020-06-28,896,10,881,10,15,0,927,30,31437,684,32364,714,0,5,-5,218,15,673,1,76,5,"Knox County",470313,68.2524191336408,0.0523606228026118,151.81379209165,2.12624358671778,46.3521101904476,5.23606228026117
2020-06-27,886,29,871,29,15,0,897,16,30753,111,31650,127,0,5,18,223,11,658,3,75,5,"Knox County",470313,65.7009268295794,0.0555072463768116,27.0032935513158,6.16610640148157,47.4152319838065,5.55072463768116
2020-06-26,857,37,842,37,15,0,881,14,30642,319,31523,333,0,5,17,205,20,647,8,72,5,"Knox County",470313,60.385317862785,0.0554670066942939,70.8039114377021,7.86710127085579,43.5879935277145,5.54670066942939
2020-06-25,820,32,805,32,15,0,867,52,30323,702,31190,754,0,5,13,188,19,627,1,64,5,"Knox County",470313,52.730840950601,0.0522990522990523,160.318766438521,6.8039794774969,39.9733794302943,5.22990522990523
2020-06-24,788,35,773,34,15,1,815,32,29621,272,30436,304,0,5,22,175,13,608,1,63,5,"Knox County",470313,49.7540999291961,0.0565857388644619,64.6378050362206,7.44185255351224,37.2092627675612,5.65857388644619
2020-06-23,753,27,739,24,14,3,783,25,29349,216,30132,241,0,5,18,153,9,595,4,62,5,"Knox County",470313,46.989983266463,0.0638352638352638,51.2424704398985,5.74085768413801,32.5315268767821,6.38352638352638
2020-06-22,726,36,715,36,11,0,758,31,29133,572,29891,603,0,5,20,135,16,586,0,58,5,"Knox County",470313,43.8006178863863,0.0650195058517555,128.212488279082,7.65447691218401,28.7042884206901,6.50195058517555
2020-06-21,690,31,679,31,11,0,727,37,28561,815,29288,852,0,5,16,115,15,570,1,58,5,"Knox County",470313,48.2657294184936,0.0644057249533292,181.155953588355,6.59135511882512,24.4518012472545,6.44057249533292
2020-06-20,659,17,648,17,11,0,690,9,27746,437,28436,446,0,5,11,99,6,555,2,57,5,"Knox County",470313,45.7142371144323,0.0566091140673648,94.8304639676131,3.61461409742023,21.049811508506,5.66091140673648
2020-06-19,642,30,631,28,11,2,681,10,27309,334,27990,344,0,5,8,88,22,549,1,55,5,"Knox County",470313,44.2258666037299,0.0553047404063205,73.1427793830917,6.37873076015334,18.7109435631165,5.53047404063205
2020-06-18,612,15,603,15,9,0,671,18,26975,804,27646,822,0,5,2,80,13,527,0,54,5,"Knox County",470313,40.6112525063096,0.0448504983388704,174.777222828202,3.18936538007667,17.0099486937423,4.48504983388704
2020-06-17,597,17,588,17,9,0,653,13,26171,282,26824,295,0,5,-3,78,20,514,0,54,5,"Knox County",470313,36.7840140502176,0.0396891479322787,62.7241858081746,3.61461409742023,16.5846999763987,3.96891479322787
2020-06-16,580,9,571,8,9,1,640,9,25889,178,26529,187,0,5,-2,81,11,494,0,54,5,"Knox County",470313,32.9567755941256,0.0357847280924204,39.7607550716225,1.913619228046,17.222573052414,3.57847280924204
2020-06-15,571,8,563,8,8,0,631,9,25711,218,26342,227,0,5,-5,83,13,483,0,54,5,"Knox County",470313,27.0032935513158,0.0330917113142137,48.2657294184936,1.70099486937423,17.6478217697576,3.30917113142137
2020-06-14,563,8,555,8,8,0,622,9,25493,624,26115,633,0,5,4,88,4,470,0,54,5,"Knox County",470313,22.1129333018649,0.0260663507109005,134.591219039236,1.70099486937423,18.7109435631165,2.60663507109005
2020-06-13,555,10,547,8,8,2,613,9,24869,213,25482,222,0,5,0,84,10,466,3,54,5,"Knox County",470313,20.6245627911625,0.0282051282051282,47.2026076251348,2.12624358671778,17.8604461284294,2.82051282051282
2020-06-12,545,19,539,19,6,0,604,19,24656,750,25260,769,0,5,1,84,18,456,0,51,5,"Knox County",470313,18.2856948457729,0.0272583201267829,163.508131818597,4.03986281476378,17.8604461284294,2.72583201267829
2020-06-11,526,7,520,7,6,0,585,10,23906,379,24491,389,0,5,1,83,6,438,2,51,5,"Knox County",470313,16.5846999763987,0.0286554004408523,82.7108755233217,1.48837051070245,17.6478217697576,2.86554004408523
2020-06-10,519,12,513,12,6,0,575,12,23527,706,24102,718,0,5,-6,82,18,432,0,49,5,"Knox County",470313,15.5215781830398,0.024483306836248,152.664289526337,2.55149230406134,17.4351974110858,2.4483306836248
2020-06-09,507,16,501,16,6,0,563,19,22821,508,23384,527,0,5,5,88,11,414,1,49,5,"Knox County",470313,17.0099486937423,0.0249641319942611,112.053037020027,3.40198973874845,18.7109435631165,2.49641319942611
2020-06-08,491,8,485,8,6,0,544,8,22313,336,22857,344,0,5,4,83,4,403,1,48,5,"Knox County",470313,17.0099486937423,0.0238756246529706,73.1427793830917,1.70099486937423,17.6478217697576,2.38756246529706
2020-06-07,483,7,477,7,6,0,536,8,21977,849,22513,857,0,5,0,79,7,399,1,47,5,"Knox County",470313,16.7973243350705,0.0222164140094093,182.219075381714,1.48837051070245,16.7973243350705,2.22164140094093
2020-06-06,476,11,470,11,6,0,528,12,21128,478,21656,490,0,5,5,79,6,392,0,46,5,"Knox County",470313,17.0099486937423,0.021494870542257,104.185935749171,2.33886794538956,16.7973243350705,2.1494870542257
2020-06-05,465,18,459,18,6,0,516,17,20650,518,21166,535,0,5,7,74,11,386,1,46,5,"Knox County",470313,16.7973243350705,0.022279792746114,113.754031889401,3.82723845609201,15.7342025417116,2.2279792746114
2020-06-04,447,4,441,4,6,0,499,4,20132,338,20631,342,0,5,-1,67,5,375,0,45,5,"Knox County",470313,16.1594512590551,0.02098085496984,72.7175306657481,0.850497434687113,14.2458320310091,2.098085496984
2020-06-03,443,4,437,4,6,0,495,4,19794,399,20289,403,0,5,-3,68,7,370,0,45,5,"Knox County",470313,14.4584563896809,0.0205831903945112,85.6876165447266,0.850497434687113,14.4584563896809,2.05831903945112
2020-06-02,439,26,433,25,6,1,491,24,19395,939,19886,963,0,5,21,71,5,363,2,45,5,"Knox County",470313,16.5846999763987,0.0195729537366548,204.757257400922,5.52823332546623,15.0963294656962,1.95729537366548
2020-06-01,413,17,408,17,5,0,467,20,18456,972,18923,992,0,5,4,50,13,358,0,43,5,"Knox County",470313,18.4983192044447,0.0194238323876037,210.923363802404,3.61461409742023,10.6312179335889,1.94238323876037
2020-05-31,396,7,391,7,5,0,447,7,17484,317,17931,324,0,5,3,46,4,345,0,43,5,"Knox County",470313,18.4983192044447,0.0217337614225735,68.8902922096561,1.48837051070245,9.7807204989018,2.17337614225735
2020-05-30,389,6,384,6,5,0,440,6,17167,294,17607,300,0,5,-1,43,7,341,2,43,5,"Knox County",470313,17.4351974110858,0.0212490282456595,63.7873076015334,1.27574615203067,9.14284742288646,2.12490282456595
2020-05-29,383,8,378,8,5,0,434,7,16873,205,17307,212,0,5,0,44,8,334,0,41,5,"Knox County",470313,15.308953824368,0.0203619909502262,45.076364038417,1.70099486937423,9.35547178155824,2.03619909502262
2020-05-28,375,11,370,11,5,0,427,11,16668,336,17095,347,0,5,7,44,4,326,0,41,5,"Knox County",470313,16.7973243350705,0.022310081897769,73.780652459107,2.33886794538956,9.35547178155824,2.2310081897769
2020-05-27,364,5,359,5,5,0,416,6,16332,420,16748,426,0,5,0,37,5,322,1,41,5,"Knox County",470313,17.0099486937423,0.0227272727272727,90.5779767941775,1.06312179335889,7.86710127085579,2.27272727272727
2020-05-26,359,9,354,9,5,0,410,10,15912,1142,16322,1152,0,5,7,37,2,317,0,40,5,"Knox County",470313,13.395334596322,0.0178523847588596,244.943261189888,1.913619228046,7.86710127085579,1.78523847588596
2020-05-25,350,9,345,9,5,0,400,11,14770,381,15170,392,0,5,5,30,4,315,1,40,5,"Knox County",470313,11.6943397269478,0.018395179194418,83.348748599337,1.913619228046,6.37873076015334,1.8395179194418
2020-05-24,341,2,336,2,5,0,389,3,14389,273,14778,276,0,5,1,25,1,311,0,39,5,"Knox County",470313,10.6312179335889,0.0173913043478261,58.6843229934108,0.425248717343556,5.31560896679445,1.73913043478261
2020-05-23,339,7,334,7,5,0,386,10,14116,360,14502,370,0,5,4,24,3,310,2,39,5,"Knox County",470313,10.8438422922607,0.0182677165354331,78.6710127085579,1.48837051070245,5.10298460812268,1.82677165354331
2020-05-22,332,1,327,1,5,0,376,1,13756,253,14132,254,0,5,-14,20,15,307,0,37,5,"Knox County",470313,9.35547178155824,0.0161641280696301,54.0065871026317,0.212624358671778,4.25248717343556,1.61641280696301
2020-05-21,331,0,326,0,5,0,375,0,13503,250,13878,250,0,5,-1,34,1,292,0,37,5,"Knox County",470313,7.01660383616868,0.0131410256410256,53.1560896679445,0,7.22922819484046,1.31410256410256
2020-05-20,331,7,326,7,5,0,375,7,13253,360,13628,367,0,5,4,35,3,291,0,37,5,"Knox County",470313,7.44185255351224,0.0137210062071219,78.0331396325426,1.48837051070245,7.44185255351224,1.37210062071219
2020-05-19,324,7,319,7,5,0,368,7,12893,369,13261,376,0,5,4,31,3,288,2,37,5,"Knox County",470313,7.01660383616868,0.0170678336980306,79.9467588605886,1.48837051070245,6.59135511882512,1.70678336980306
2020-05-18,317,3,312,3,5,0,361,4,12524,478,12885,482,0,5,0,27,3,285,0,35,5,"Knox County",470313,5.74085768413801,0.0134736842105263,102.484940879797,0.637873076015334,5.74085768413801,1.34736842105263
2020-05-17,314,3,309,3,5,0,357,5,12046,216,12403,221,0,5,1,27,2,282,1,35,5,"Knox County",470313,5.95348204280979,0.0146551724137931,46.989983266463,0.637873076015334,5.74085768413801,1.46551724137931
2020-05-16,311,0,306,0,5,0,352,0,11830,349,12182,349,0,5,-4,26,4,280,0,34,5,"Knox County",470313,4.46511153210734,0.0104393214441061,74.2059011764506,0,5.52823332546623,1.04393214441061
2020-05-15,311,1,306,1,5,0,352,4,11481,541,11833,545,0,5,-4,30,5,276,0,34,5,"Knox County",470313,4.46511153210734,0.0104247104247104,115.880275476119,0.212624358671778,6.37873076015334,1.04247104247104
2020-05-14,310,3,305,3,5,0,348,7,10940,458,11288,465,0,5,0,34,3,271,0,34,5,"Knox County",470313,5.10298460812268,0.0121212121212121,98.8703267823768,0.637873076015334,7.22922819484046,1.21212121212121
2020-05-13,307,7,302,7,5,0,341,5,10482,341,10823,346,0,5,1,34,6,268,0,34,5,"Knox County",470313,5.10298460812268,0.0114942528735632,73.5680281004352,1.48837051070245,7.22922819484046,1.14942528735632
2020-05-12,300,6,295,6,5,0,336,8,10141,401,10477,409,0,5,3,33,3,262,0,34,5,"Knox County",470313,4.8903602494509,0.0117145899893504,86.9633626967573,1.27574615203067,7.01660383616868,1.17145899893504
2020-05-11,294,16,289,16,5,0,328,12,9740,254,10068,266,0,5,9,30,7,259,1,34,5,"Knox County",470313,7.65447691218401,0.015763168012303,56.558079406693,3.40198973874845,6.37873076015334,1.5763168012303
2020-05-10,278,5,273,5,5,0,316,5,9486,221,9802,226,0,5,1,21,4,252,1,33,5,"Knox County",470313,8.07972562952757,0.0157329240214889,48.0531050598219,1.06312179335889,4.46511153210734,1.57329240214889
2020-05-09,273,2,268,2,5,0,311,4,9265,352,9576,356,0,5,-1,20,3,248,0,32,5,"Knox County",470313,8.50497434687113,0.0172215843857635,75.694271687153,0.425248717343556,4.25248717343556,1.72215843857635
2020-05-08,271,3,266,3,5,0,307,4,8913,265,9220,269,0,5,-2,21,5,245,0,32,5,"Knox County",470313,8.93022306421468,0.0192554557124519,57.1959524827083,0.637873076015334,4.46511153210734,1.92554557124519
2020-05-07,268,3,263,3,5,0,303,3,8648,220,8951,223,0,5,-2,23,5,240,0,32,5,"Knox County",470313,8.93022306421468,0.0195704057279236,47.4152319838065,0.637873076015334,4.8903602494509,1.95704057279236
2020-05-06,265,1,260,1,5,0,300,1,8428,185,8728,186,0,5,-7,25,8,235,0,32,5,"Knox County",470313,7.65447691218401,0.0191214470284238,39.5481307129507,0.212624358671778,5.31560896679445,1.91214470284238
2020-05-05,264,4,259,4,5,0,299,5,8243,305,8542,310,0,5,-1,32,5,227,0,32,5,"Knox County",470313,7.22922819484046,0.0185185185185185,65.9135511882512,0.850497434687113,6.8039794774969,1.85185185185185
2020-05-04,260,4,255,4,5,0,294,7,7938,259,8232,266,0,5,-3,33,7,222,0,32,5,"Knox County",470313,4.67773589077912,0.0157952069716776,56.558079406693,0.850497434687113,7.01660383616868,1.57952069716776
2020-05-03,256,7,251,5,5,2,287,6,7679,290,7966,296,0,5,6,36,1,215,2,32,5,"Knox County",470313,5.10298460812268,0.0157397691500525,62.9368101668463,1.48837051070245,7.65447691218401,1.57397691500525
2020-05-02,249,3,246,3,3,0,281,5,7389,308,7670,313,0,5,1,30,2,214,1,30,5,"Knox County",470313,5.31560896679445,0.0166398282340311,66.5514242642666,0.637873076015334,6.37873076015334,1.66398282340311
2020-05-01,246,9,243,8,3,1,276,7,7081,354,7357,361,0,5,4,29,5,212,0,29,5,"Knox County",470313,6.59135511882512,0.0173913043478261,76.7573934805119,1.913619228046,6.16610640148157,1.73913043478261
2020-04-30,237,4,235,4,2,0,269,3,6727,119,6996,122,0,5,-1,25,5,207,0,29,5,"Knox County",470313,6.8039794774969,0.0183387270765912,25.9401717579569,0.850497434687113,5.31560896679445,1.83387270765912
2020-04-29,233,8,231,8,2,0,266,10,6608,671,6874,681,0,5,5,26,3,202,0,29,5,"Knox County",470313,8.29234998819935,0.0183056619838229,144.797188255481,1.70099486937423,5.52823332546623,1.83056619838229
2020-04-28,225,8,223,8,2,0,256,10,5937,391,6193,401,1,5,4,21,3,199,0,29,5,"Knox County",470313,9.14284742288646,0.019672131147541,85.262367827383,1.70099486937423,4.46511153210734,1.9672131147541
2020-04-27,217,2,215,2,2,0,246,4,5546,161,5792,165,0,4,1,17,1,196,0,29,5,"Knox County",470313,8.7175987055429,0.0192389910218042,35.0830191808434,0.425248717343556,3.61461409742023,1.92389910218042
2020-04-26,215,1,213,1,2,0,242,1,5385,172,5627,173,0,4,-2,16,3,195,0,29,4,"Knox County",470313,7.44185255351224,0.0180505415162455,36.7840140502176,0.212624358671778,3.40198973874845,1.80505415162455
2020-04-25,214,0,212,0,2,0,241,0,5213,53,5454,53,0,4,-6,18,6,192,0,29,4,"Knox County",470313,6.8039794774969,0.0178936605316973,11.2690910096042,0,3.82723845609201,1.78936605316973
2020-04-24,214,8,212,8,2,0,241,10,5160,836,5401,846,0,4,5,24,3,186,1,29,4,"Knox County",470313,6.59135511882512,0.0155673904137649,179.880207436324,1.70099486937423,5.10298460812268,1.55673904137648
2020-04-23,206,1,204,1,2,0,231,2,4324,137,4555,139,0,4,0,19,1,183,0,28,4,"Knox County",470313,5.95348204280979,0.0150528885272579,29.5547858553772,0.212624358671778,4.03986281476378,1.50528885272579
2020-04-22,205,5,203,3,2,2,229,2,4187,189,4416,191,0,4,1,19,4,182,0,28,4,"Knox County",470313,5.31560896679445,0.0147357723577236,40.6112525063096,1.06312179335889,4.03986281476378,1.47357723577236
2020-04-21,200,4,200,4,0,0,227,5,3998,475,4225,480,0,4,-2,18,6,178,1,28,4,"Knox County",470313,4.46511153210734,0.0117244748412311,102.059692162454,0.850497434687113,3.82723845609201,1.17244748412311
2020-04-20,196,3,196,3,0,0,222,2,3523,175,3745,177,0,4,-1,20,4,172,1,27,4,"Knox County",470313,4.67773589077912,0.0106847984458475,37.6345114849047,0.637873076015334,4.25248717343556,1.06847984458475
2020-04-19,193,0,193,0,0,0,220,0,3348,72,3568,72,0,4,-4,21,4,168,0,26,4,"Knox County",470313,4.46511153210734,0.0107252298263534,15.308953824368,0,4.46511153210734,1.07252298263534
2020-04-18,193,0,193,0,0,0,220,1,3276,135,3496,136,0,4,-5,25,5,164,0,26,4,"Knox County",470313,4.46511153210734,0.0107790298873101,28.9169127793618,0,5.31560896679445,1.07790298873101
2020-04-17,193,2,193,2,0,0,219,3,3141,104,3360,107,0,4,-2,30,4,159,1,26,4,"Knox County",470313,3.18936538007667,0.0115207373271889,22.7508063778803,0.425248717343556,6.37873076015334,1.15207373271889
2020-04-16,191,7,191,7,0,0,216,9,3037,213,3253,222,0,4,2,32,5,155,2,25,4,"Knox County",470313,4.46511153210734,0.015884476534296,47.2026076251348,1.48837051070245,6.8039794774969,1.5884476534296
2020-04-15,184,9,184,9,0,0,207,10,2824,84,3031,94,0,4,3,30,6,150,1,23,4,"Knox County",470313,5.31560896679445,0.0232919254658385,19.9866897151471,1.913619228046,6.37873076015334,2.32919254658385
2020-04-14,175,4,175,4,0,0,197,4,2740,102,2937,106,0,4,1,27,3,144,1,22,4,"Knox County",470313,5.31560896679445,0.0317286652078775,22.5381820192085,0.850497434687113,5.74085768413801,3.17286652078775
2020-04-13,171,4,171,4,0,0,193,9,2638,242,2831,251,0,4,-2,26,6,141,1,21,4,"Knox County",470313,5.52823332546623,0.0364372469635627,53.3687140266163,0.850497434687113,5.52823332546623,3.64372469635628
2020-04-12,167,5,167,5,0,0,184,6,2396,166,2580,172,0,4,1,28,4,135,0,20,4,"Knox County",470313,6.59135511882512,0.0386029411764706,36.5713896915458,1.06312179335889,5.95348204280979,3.86029411764706
2020-04-11,162,5,162,5,0,0,178,8,2230,313,2408,321,1,4,-4,27,8,131,1,20,4,"Knox County",470313,7.65447691218401,0.0384917517674784,68.2524191336408,1.06312179335889,5.74085768413801,3.84917517674784
2020-04-10,157,4,157,4,0,0,170,5,1917,123,2087,128,0,3,0,31,4,123,0,19,4,"Knox County",470313,8.07972562952757,0.0394126738794436,27.2159179099876,0.850497434687113,6.59135511882512,3.94126738794436
2020-04-09,153,1,153,1,0,0,165,1,1794,81,1959,82,0,3,-2,31,3,119,0,19,4,"Knox County",470313,6.8039794774969,0.037261698440208,17.4351974110858,0.212624358671778,6.59135511882512,3.7261698440208
2020-04-08,152,8,152,8,0,0,164,12,1713,111,1877,123,0,3,-3,33,11,116,1,19,4,"Knox County",470313,6.59135511882512,0.0380388841927303,26.1527961166287,1.70099486937423,7.01660383616868,3.80388841927303
2020-04-07,144,20,144,20,0,0,152,25,1602,366,1754,391,0,3,11,36,9,105,2,18,3,"Knox County",470313,9.99334485757357,0.0449591280653951,83.1361242406653,4.25248717343556,7.65447691218401,4.49591280653951
2020-04-06,124,8,124,8,0,0,127,14,1236,54,1363,68,2,3,-2,25,8,96,1,16,3,"Knox County",470313,10.8438422922607,0.0552529182879377,14.4584563896809,1.70099486937423,5.31560896679445,5.52529182879377
2020-04-05,116,4,116,4,0,0,113,10,1182,75,1295,85,0,1,-2,27,6,88,0,15,3,"Knox County",470313,10.6312179335889,0.0626043405676127,18.0730704871011,0.850497434687113,5.74085768413801,6.26043405676127
2020-04-04,112,15,112,15,0,0,103,6,1107,127,1210,133,0,1,4,29,11,82,1,15,2,"Knox County",470313,12.7574615203067,0.0722772277227723,28.2790397033465,3.18936538007667,6.16610640148157,7.22772277227723
2020-04-03,97,4,97,4,0,0,97,3,980,51,1077,54,0,1,-8,25,12,71,1,14,1,"Knox County",470313,12.7574615203067,0.0758547008547008,11.481715368276,0.850497434687113,5.31560896679445,7.58547008547009
2020-04-02,93,7,93,7,0,0,94,7,929,106,1023,113,0,1,NA,33,8,59,0,13,1,"Knox County",470313,14.0332076723374,0.0796277145811789,24.0265525299109,1.48837051070245,7.01660383616868,7.96277145811789
2020-04-01,86,15,86,15,0,0,87,15,823,140,910,155,NA,NA,NA,NA,7,51,1,13,1,"Knox County",470313,15.5215781830398,0.0800800800800801,32.9567755941256,3.18936538007667,NA,8.00800800800801
2020-03-31,71,8,71,8,0,0,72,11,683,58,755,69,NA,NA,NA,NA,12,44,1,12,1,"Knox County",470313,12.9700858789785,0.0974889217134417,14.6710807483527,1.70099486937423,NA,9.74889217134417
2020-03-30,63,13,63,13,0,0,61,15,625,130,686,145,NA,NA,NA,NA,9,32,2,11,1,"Knox County",470313,14.0332076723374,0.0888594164456233,30.8305320074078,2.76411666273312,NA,8.88594164456233
2020-03-29,50,8,50,8,0,0,46,8,495,55,541,63,NA,NA,NA,NA,6,23,1,9,1,"Knox County",470313,14.8837051070245,0.0887978142076503,13.395334596322,1.70099486937423,NA,8.87978142076503
2020-03-28,42,7,42,7,0,0,38,6,440,62,478,68,NA,NA,NA,NA,1,17,1,8,0,"Knox County",470313,13.1827102376502,0.0974512743628186,14.4584563896809,1.48837051070245,NA,9.74512743628186
2020-03-27,35,2,35,2,0,0,32,2,378,54,410,56,NA,NA,NA,NA,5,16,1,7,0,"Knox County",470313,12.7574615203067,0.0956651718983558,11.9069640856196,0.425248717343556,NA,9.56651718983558
2020-03-26,33,7,33,7,0,0,30,7,324,82,354,89,NA,NA,NA,NA,3,11,2,6,0,"Knox County",470313,12.7574615203067,0.0992248062015504,18.9235679217883,1.48837051070245,NA,9.92248062015504
2020-03-25,26,6,26,6,0,0,23,7,242,68,265,75,NA,NA,NA,NA,3,8,1,4,0,"Knox County",470313,10.8438422922607,0.0991150442477876,15.9468269003834,1.27574615203067,NA,9.91150442477876
2020-03-24,20,7,20,7,0,0,16,7,174,43,190,50,NA,NA,NA,NA,2,5,0,3,0,"Knox County",470313,10.6312179335889,0.0952380952380952,10.6312179335889,1.48837051070245,NA,9.52380952380952
2020-03-23,13,4,13,4,0,0,9,4,131,22,140,26,NA,NA,NA,NA,3,3,2,3,0,"Knox County",470313,8.7175987055429,0.0960187353629977,5.52823332546623,0.850497434687113,NA,9.60187353629976
2020-03-22,9,2,9,2,0,0,5,0,109,9,114,9,NA,NA,NA,NA,0,0,1,1,0,"Knox County",470313,7.44185255351224,0.0884718498659517,1.913619228046,0.425248717343556,NA,8.84718498659517
2020-03-21,7,1,7,1,0,0,5,2,100,17,105,19,NA,NA,NA,NA,0,0,0,0,0,"Knox County",470313,6.16610640148157,0.0895061728395062,4.03986281476378,0.212624358671778,NA,8.95061728395062
2020-03-20,6,5,6,5,0,0,3,2,83,38,86,40,NA,NA,NA,NA,0,0,0,0,0,"Knox County",470313,6.8039794774969,0.0941558441558442,8.50497434687113,1.06312179335889,NA,9.41558441558442
2020-03-19,1,0,1,0,0,0,1,0,45,11,46,11,NA,NA,NA,NA,0,0,0,0,0,"Knox County",470313,5.31560896679445,0.0956521739130435,2.33886794538956,0,NA,9.56521739130435
2020-03-18,1,0,1,0,0,0,1,0,34,15,35,15,NA,NA,NA,NA,0,0,0,0,0,"Knox County",470313,4.03986281476378,0.0882352941176471,3.18936538007667,0,NA,8.82352941176471
2020-03-17,1,0,1,0,0,0,1,0,19,5,20,5,NA,NA,NA,NA,0,0,0,0,0,"Knox County",470313,2.55149230406134,0.064,1.06312179335889,0,NA,6.4
2020-03-16,1,1,1,1,0,0,1,1,14,3,15,4,NA,NA,NA,NA,0,0,0,0,0,"Knox County",470313,1.913619228046,0.0485436893203883,0.850497434687113,0.212624358671778,NA,4.85436893203883
2020-03-15,0,0,0,0,0,0,0,0,11,1,11,1,NA,NA,NA,NA,0,0,0,0,0,"Knox County",470313,1.48837051070245,0.0526315789473684,0.212624358671778,0,NA,5.26315789473684
2020-03-14,0,0,0,0,0,0,0,0,10,8,10,8,NA,NA,NA,NA,0,0,0,0,0,"Knox County",470313,1.27574615203067,0.0357142857142857,1.70099486937423,0,NA,3.57142857142857
2020-03-13,0,0,0,0,0,0,0,0,2,0,2,0,NA,NA,NA,NA,0,0,0,0,0,"Knox County",470313,0.212624358671778,0.0227272727272727,0,0,NA,2.27272727272727
2020-03-12,0,0,0,0,0,0,0,0,2,2,2,2,NA,NA,NA,NA,0,0,0,0,0,"Knox County",470313,0.212624358671778,0.0285714285714286,0.425248717343556,0,NA,2.85714285714286
2020-03-12,0,0,0,0,0,0,0,0,0,0,0,0,NA,NA,NA,NA,0,0,0,0,0,"Anderson",76978,NA,NA,0,0,NA,NA
2020-03-13,0,0,0,0,0,0,0,0,1,1,1,1,NA,NA,NA,NA,0,0,0,0,0,"Anderson",76978,NA,NA,1.29907246226194,0,NA,NA
2020-03-14,0,0,0,0,0,0,0,0,1,0,1,0,NA,NA,NA,NA,0,0,0,0,0,"Anderson",76978,NA,NA,0,0,NA,NA
2020-03-15,0,0,0,0,0,0,0,0,1,0,1,0,NA,NA,NA,NA,0,0,0,0,0,"Anderson",76978,NA,NA,0,0,NA,NA
2020-03-16,0,0,0,0,0,0,0,0,2,1,2,1,NA,NA,NA,NA,0,0,0,0,0,"Anderson",76978,NA,NA,1.29907246226194,0,NA,NA
2020-03-17,0,0,0,0,0,0,0,0,4,2,4,2,NA,NA,NA,NA,0,0,0,0,0,"Anderson",76978,NA,NA,2.59814492452389,0,NA,NA
2020-03-18,0,0,0,0,0,0,0,0,4,0,4,0,NA,NA,NA,NA,0,0,0,0,0,"Anderson",76978,0,0,0,0,NA,0
2020-03-19,1,1,1,1,0,0,2,2,5,1,7,3,NA,NA,NA,NA,0,0,0,0,0,"Anderson",76978,1.29907246226194,0.285714285714286,3.89721738678583,1.29907246226194,NA,28.5714285714286
2020-03-20,1,0,1,0,0,0,2,0,7,2,9,2,NA,NA,NA,NA,0,0,0,0,0,"Anderson",76978,1.29907246226194,0.25,2.59814492452389,0,NA,25
2020-03-21,1,0,1,0,0,0,2,0,7,0,9,0,NA,NA,NA,NA,0,0,0,0,0,"Anderson",76978,1.29907246226194,0.25,0,0,NA,25
2020-03-22,1,0,1,0,0,0,2,0,10,3,12,3,NA,NA,NA,NA,0,0,0,0,0,"Anderson",76978,1.29907246226194,0.181818181818182,3.89721738678583,0,NA,18.1818181818182
2020-03-23,1,0,1,0,0,0,2,0,15,5,17,5,NA,NA,NA,NA,0,0,0,0,0,"Anderson",76978,1.29907246226194,0.133333333333333,6.49536231130973,0,NA,13.3333333333333
2020-03-24,1,0,1,0,0,0,2,0,20,5,22,5,NA,NA,NA,NA,0,0,0,0,0,"Anderson",76978,1.29907246226194,0.111111111111111,6.49536231130973,0,NA,11.1111111111111
2020-03-25,2,1,2,1,0,0,4,2,29,9,33,11,NA,NA,NA,NA,1,1,0,0,0,"Anderson",76978,2.59814492452389,0.137931034482759,14.2897970848814,1.29907246226194,NA,13.7931034482759
2020-03-26,3,1,3,1,0,0,5,1,44,15,49,16,NA,NA,NA,NA,0,1,1,1,0,"Anderson",76978,2.59814492452389,0.0714285714285714,20.7851593961911,1.29907246226194,NA,7.14285714285714
2020-03-27,4,1,4,1,0,0,6,1,53,9,59,10,NA,NA,NA,NA,3,4,0,1,0,"Anderson",76978,3.89721738678583,0.08,12.9907246226195,1.29907246226194,NA,8
2020-03-28,7,3,7,3,0,0,9,3,72,19,81,22,NA,NA,NA,NA,0,4,1,2,0,"Anderson",76978,7.79443477357167,0.0972222222222222,28.5795941697628,3.89721738678583,NA,9.72222222222222
2020-03-29,7,0,7,0,0,0,9,0,83,11,92,11,NA,NA,NA,NA,0,4,0,2,0,"Anderson",76978,7.79443477357167,0.0875,14.2897970848814,0,NA,8.75
2020-03-30,8,1,8,1,0,0,10,1,127,44,137,45,NA,NA,NA,NA,1,5,0,2,0,"Anderson",76978,9.09350723583361,0.0666666666666667,58.4582608017875,1.29907246226194,NA,6.66666666666667
2020-03-31,9,1,9,1,0,0,11,1,142,15,153,16,NA,NA,NA,NA,1,6,0,2,0,"Anderson",76978,10.3925796980956,0.0687022900763359,20.7851593961911,1.29907246226194,NA,6.87022900763359
2020-04-01,9,0,9,0,0,0,11,0,163,21,174,21,NA,NA,NA,NA,0,6,0,2,0,"Anderson",76978,9.09350723583361,0.049645390070922,27.2805217075008,0,NA,4.9645390070922
2020-04-02,9,0,9,0,0,0,11,0,179,16,190,16,0,0,NA,3,0,6,0,2,0,"Anderson",76978,7.79443477357167,0.0425531914893617,20.7851593961911,0,3.89721738678583,4.25531914893617
2020-04-03,9,0,9,0,0,0,11,0,192,13,203,13,0,0,-2,1,2,8,0,2,0,"Anderson",76978,6.49536231130972,0.0347222222222222,16.8879420094053,0,1.29907246226194,3.47222222222222
2020-04-04,9,0,9,0,0,0,11,0,219,27,230,27,0,0,0,1,0,8,0,2,0,"Anderson",76978,2.59814492452389,0.0134228187919463,35.0749564810725,0,1.29907246226194,1.34228187919463
2020-04-05,9,0,9,0,0,0,11,0,248,29,259,29,0,0,0,1,0,8,0,2,0,"Anderson",76978,2.59814492452389,0.0119760479041916,37.6731014055964,0,1.29907246226194,1.19760479041916
2020-04-06,9,0,9,0,0,0,11,0,262,14,273,14,0,0,-1,0,1,9,0,2,0,"Anderson",76978,1.29907246226194,0.00735294117647059,18.1870144716672,0,0,0.735294117647059
2020-04-07,10,1,10,1,0,0,12,1,304,42,316,43,0,0,1,1,0,9,0,2,0,"Anderson",76978,1.29907246226194,0.00613496932515337,55.8601158772636,1.29907246226194,1.29907246226194,0.613496932515337
2020-04-08,10,0,10,0,0,0,12,0,322,18,334,18,1,1,-1,0,0,9,0,2,1,"Anderson",76978,1.29907246226194,0.00625,23.383304320715,0,0,0.625
2020-04-09,10,0,10,0,0,0,12,0,350,28,362,28,0,1,0,0,0,9,0,2,1,"Anderson",76978,1.29907246226194,0.00581395348837209,36.3740289433345,0,0,0.581395348837209
2020-04-10,10,0,10,0,0,0,12,0,366,16,378,16,0,1,0,0,0,9,0,2,1,"Anderson",76978,1.29907246226194,0.00571428571428571,20.7851593961911,0,0,0.571428571428571
2020-04-11,10,0,10,0,0,0,12,0,439,73,451,73,0,1,0,0,0,9,0,2,1,"Anderson",76978,1.29907246226194,0.00452488687782805,94.832289745122,0,0,0.452488687782805
2020-04-12,12,2,12,2,0,0,14,2,477,38,491,40,0,1,2,2,0,9,0,2,1,"Anderson",76978,3.89721738678583,0.0129310344827586,51.9628984904778,2.59814492452389,2.59814492452389,1.29310344827586
2020-04-13,13,1,13,1,0,0,15,1,514,37,529,38,0,1,0,2,1,10,0,2,1,"Anderson",76978,5.19628984904778,0.015625,49.3647535659539,1.29907246226194,2.59814492452389,1.5625
2020-04-14,13,0,13,0,0,0,15,0,526,12,541,12,0,1,0,2,0,10,0,2,1,"Anderson",76978,3.89721738678583,0.0133333333333333,15.5888695471433,0,2.59814492452389,1.33333333333333
2020-04-15,13,0,13,0,0,0,15,0,544,18,559,18,0,1,-2,0,2,12,0,2,1,"Anderson",76978,3.89721738678583,0.0133333333333333,23.383304320715,0,0,1.33333333333333
2020-04-16,13,0,13,0,0,0,15,0,566,22,581,22,0,1,0,0,0,12,0,2,1,"Anderson",76978,3.89721738678583,0.0136986301369863,28.5795941697628,0,0,1.36986301369863
2020-04-17,13,0,13,0,0,0,15,0,586,20,601,20,0,1,0,0,0,12,0,2,1,"Anderson",76978,3.89721738678583,0.0134529147982063,25.9814492452389,0,0,1.34529147982063
2020-04-18,13,0,13,0,0,0,15,0,616,30,631,30,0,1,0,0,0,12,0,2,1,"Anderson",76978,3.89721738678583,0.0166666666666667,38.9721738678584,0,0,1.66666666666667
2020-04-19,14,1,14,1,0,0,16,1,628,12,644,13,0,1,0,0,1,13,0,2,1,"Anderson",76978,2.59814492452389,0.0130718954248366,16.8879420094053,1.29907246226194,0,1.30718954248366
2020-04-20,19,5,18,4,1,1,19,3,648,20,667,23,0,1,5,5,0,13,0,2,1,"Anderson",76978,7.79443477357167,0.0289855072463768,29.8786666320247,6.49536231130973,6.49536231130973,2.89855072463768
2020-04-21,20,1,19,1,1,0,22,3,1071,423,1093,426,0,1,1,6,0,13,0,2,1,"Anderson",76978,9.09350723583361,0.0126811594202899,553.404868923589,1.29907246226194,7.79443477357167,1.26811594202899
2020-04-22,21,1,20,1,1,0,24,2,1141,70,1165,72,0,1,0,6,1,14,0,2,1,"Anderson",76978,10.3925796980956,0.0148514851485149,93.53321728286,1.29907246226194,7.79443477357167,1.48514851485149
2020-04-23,21,0,20,0,1,0,24,0,1191,50,1215,50,0,1,-1,5,1,15,0,2,1,"Anderson",76978,10.3925796980956,0.0141955835962145,64.9536231130973,0,6.49536231130973,1.41955835962145
2020-04-24,22,1,21,1,1,0,25,1,1299,108,1324,109,0,1,1,6,0,15,0,2,1,"Anderson",76978,11.6916521603575,0.0138312586445367,141.598898386552,1.29907246226194,7.79443477357167,1.38312586445367
2020-04-25,22,0,21,0,1,0,25,0,1336,37,1361,37,0,1,0,6,0,15,0,2,1,"Anderson",76978,11.6916521603575,0.0136986301369863,48.065681103692,0,7.79443477357167,1.36986301369863
2020-04-26,22,0,21,0,1,0,25,0,1372,36,1397,36,0,1,0,6,0,15,0,2,1,"Anderson",76978,10.3925796980956,0.0119521912350598,46.76660864143,0,7.79443477357167,1.19521912350598
2020-04-27,22,0,21,0,1,0,25,0,1411,39,1436,39,0,1,-1,5,1,16,0,2,1,"Anderson",76978,3.89721738678583,0.00780234070221066,50.6638260282159,0,6.49536231130973,0.780234070221066
2020-04-28,22,0,21,0,1,0,25,0,1690,279,1715,279,0,1,0,5,0,16,0,2,1,"Anderson",76978,2.59814492452389,0.00482315112540193,362.441216971083,0,6.49536231130973,0.482315112540193
2020-04-29,26,4,25,4,1,0,28,3,2070,380,2098,383,0,1,4,9,0,16,0,2,1,"Anderson",76978,6.49536231130972,0.00428724544480171,497.544753046325,5.19628984904778,11.6916521603575,0.428724544480171
2020-04-30,26,0,25,0,1,0,29,1,2102,32,2131,33,0,1,-1,8,1,17,0,2,1,"Anderson",76978,6.49536231130972,0.00545851528384279,42.8693912546442,0,10.3925796980956,0.545851528384279
2020-05-01,26,0,25,0,1,0,29,0,2154,52,2183,52,0,1,-2,6,2,19,0,2,1,"Anderson",76978,5.19628984904778,0.00465657741559953,67.5517680376211,0,7.79443477357167,0.465657741559953
2020-05-02,26,0,25,0,1,0,29,0,2221,67,2250,67,0,1,0,6,0,19,0,2,1,"Anderson",76978,5.19628984904778,0.00449943757030371,87.0378549715503,0,7.79443477357167,0.449943757030371
2020-05-03,27,1,26,1,1,0,30,1,2314,93,2344,94,0,1,1,7,0,19,0,2,1,"Anderson",76978,6.49536231130972,0.00527983104540655,122.112811452623,1.29907246226194,9.09350723583361,0.527983104540655
2020-05-04,27,0,26,0,1,0,30,0,2406,92,2436,92,0,1,-1,6,1,20,0,2,1,"Anderson",76978,6.49536231130972,0.005,119.514666528099,0,7.79443477357167,0.5
2020-05-05,28,1,27,1,1,0,30,0,2475,69,2505,69,0,1,-1,5,2,22,0,2,1,"Anderson",76978,7.79443477357167,0.00632911392405063,89.6359998960742,1.29907246226194,6.49536231130973,0.632911392405063
2020-05-06,30,2,29,2,1,0,31,1,2525,50,2556,51,0,1,2,7,0,22,0,2,1,"Anderson",76978,5.19628984904778,0.00655021834061135,66.2526955753592,2.59814492452389,9.09350723583361,0.655021834061135
2020-05-07,30,0,29,0,1,0,33,2,2597,72,2630,74,0,1,-1,6,1,23,0,2,1,"Anderson",76978,5.19628984904778,0.00801603206412826,96.1313622073839,0,7.79443477357167,0.801603206412826
2020-05-08,30,0,29,0,1,0,33,0,2652,55,2685,55,0,1,0,6,0,23,0,2,1,"Anderson",76978,5.19628984904778,0.00796812749003984,71.448985424407,0,7.79443477357167,0.796812749003984
2020-05-09,30,0,29,0,1,0,33,0,2734,82,2767,82,0,1,0,6,0,23,0,2,1,"Anderson",76978,5.19628984904778,0.00773694390715667,106.523941905479,0,7.79443477357167,0.773694390715667
2020-05-10,30,0,29,0,1,0,33,0,2827,93,2860,93,0,1,-3,3,3,26,0,2,1,"Anderson",76978,3.89721738678583,0.00581395348837209,120.813738990361,0,3.89721738678583,0.581395348837209
2020-05-11,32,2,31,2,1,0,33,0,2909,82,2942,82,0,1,2,5,0,26,0,2,1,"Anderson",76978,6.49536231130972,0.00592885375494071,106.523941905479,2.59814492452389,6.49536231130973,0.592885375494071
2020-05-12,33,1,32,1,1,0,35,2,3042,133,3077,135,0,1,1,6,0,26,0,2,1,"Anderson",76978,6.49536231130972,0.00874125874125874,175.374782405363,1.29907246226194,7.79443477357167,0.874125874125874
2020-05-13,35,2,34,2,1,0,38,3,3220,178,3258,181,0,1,1,7,1,27,1,3,1,"Anderson",76978,6.49536231130972,0.00997150997150997,235.132115669412,2.59814492452389,9.09350723583361,0.997150997150997
2020-05-14,35,0,34,0,1,0,39,1,3346,126,3385,127,0,1,-1,6,1,28,0,3,1,"Anderson",76978,6.49536231130972,0.00794701986754967,164.982202707267,0,7.79443477357167,0.794701986754967
2020-05-15,36,1,35,1,1,0,39,0,3417,71,3456,71,0,1,1,7,0,28,0,3,1,"Anderson",76978,7.79443477357167,0.00778210116731518,92.2341448205981,1.29907246226194,9.09350723583361,0.778210116731518
2020-05-16,36,0,35,0,1,0,41,2,3657,240,3698,242,0,1,-1,6,1,29,0,3,1,"Anderson",76978,7.79443477357167,0.00859291084854995,314.375535867391,0,7.79443477357167,0.859291084854995
2020-05-17,36,0,35,0,1,0,41,0,3727,70,3768,70,0,1,0,6,0,29,0,3,1,"Anderson",76978,7.79443477357167,0.00881057268722467,90.9350723583361,0,7.79443477357167,0.881057268722467
2020-05-18,37,1,36,1,1,0,42,1,3804,77,3846,78,0,1,-2,4,3,32,0,3,1,"Anderson",76978,6.49536231130972,0.00995575221238938,101.327652056432,1.29907246226194,5.19628984904778,0.995575221238938
2020-05-19,37,0,36,0,1,0,42,0,3856,52,3898,52,0,1,0,4,0,32,0,3,1,"Anderson",76978,5.19628984904778,0.00852618757612668,67.5517680376211,0,5.19628984904778,0.852618757612667
2020-05-20,37,0,36,0,1,0,43,1,3921,65,3964,66,0,1,0,4,0,32,0,3,1,"Anderson",76978,2.59814492452389,0.00708215297450425,85.7387825092884,0,5.19628984904778,0.708215297450425
2020-05-21,37,0,36,0,1,0,44,1,4001,80,4045,81,0,1,-1,3,1,33,0,3,1,"Anderson",76978,2.59814492452389,0.00757575757575758,105.224869443218,0,3.89721738678583,0.757575757575758
2020-05-22,38,1,37,1,1,0,45,1,4029,28,4074,29,0,1,-1,2,2,35,1,4,1,"Anderson",76978,2.59814492452389,0.00970873786407767,37.6731014055964,1.29907246226194,2.59814492452389,0.970873786407767
2020-05-23,38,0,37,0,1,0,46,1,4192,163,4238,164,0,1,0,2,0,35,0,4,1,"Anderson",76978,2.59814492452389,0.00925925925925926,213.047883810959,0,2.59814492452389,0.925925925925926
2020-05-24,38,0,37,0,1,0,46,0,4247,55,4293,55,0,1,0,2,0,35,0,4,1,"Anderson",76978,2.59814492452389,0.00952380952380952,71.448985424407,0,2.59814492452389,0.952380952380952
2020-05-25,38,0,37,0,1,0,47,1,4281,34,4328,35,0,1,0,2,0,35,0,4,1,"Anderson",76978,1.29907246226194,0.0103734439834025,45.4675361791681,0,2.59814492452389,1.03734439834025
2020-05-26,38,0,37,0,1,0,47,0,4412,131,4459,131,0,1,-1,1,1,36,0,4,1,"Anderson",76978,1.29907246226194,0.0089126559714795,170.178492556315,0,1.29907246226194,0.89126559714795
2020-05-27,38,0,37,0,1,0,47,0,4515,103,4562,103,0,1,0,1,0,36,0,4,1,"Anderson",76978,1.29907246226194,0.00668896321070234,133.80446361298,0,1.29907246226194,0.668896321070234
2020-05-28,38,0,37,0,1,0,47,0,4563,48,4610,48,0,1,0,1,0,36,0,4,1,"Anderson",76978,1.29907246226194,0.00530973451327434,62.3554781885734,0,1.29907246226194,0.530973451327434
2020-05-29,39,1,38,1,1,0,47,0,4613,50,4660,50,0,1,0,1,1,37,0,4,1,"Anderson",76978,1.29907246226194,0.00341296928327645,64.9536231130973,1.29907246226194,1.29907246226194,0.341296928327645
2020-05-30,39,0,38,0,1,0,48,1,4665,52,4713,53,0,1,0,1,0,37,0,4,1,"Anderson",76978,1.29907246226194,0.00421052631578947,68.8508404998831,0,1.29907246226194,0.421052631578947
2020-05-31,40,1,39,1,1,0,49,1,4731,66,4780,67,0,1,1,2,0,37,0,4,1,"Anderson",76978,2.59814492452389,0.00616016427104723,87.0378549715503,1.29907246226194,2.59814492452389,0.616016427104723
2020-06-01,40,0,39,0,1,0,49,0,4855,124,4904,124,0,1,0,2,0,37,0,4,1,"Anderson",76978,2.59814492452389,0.00347222222222222,161.084985320481,0,2.59814492452389,0.347222222222222
2020-06-02,40,0,39,0,1,0,49,0,4982,127,5031,127,0,1,0,2,0,37,0,4,1,"Anderson",76978,2.59814492452389,0.0034965034965035,164.982202707267,0,2.59814492452389,0.34965034965035
2020-06-03,41,1,40,1,1,0,50,1,5042,60,5092,61,0,1,1,3,0,37,0,4,2,"Anderson",76978,3.89721738678583,0.00566037735849057,79.2434201979787,1.29907246226194,3.89721738678583,0.566037735849057
2020-06-04,41,0,40,0,1,0,50,0,5090,48,5140,48,1,2,-2,1,1,38,0,4,2,"Anderson",76978,3.89721738678583,0.00566037735849057,62.3554781885734,0,1.29907246226194,0.566037735849057
2020-06-05,42,1,41,1,1,0,53,3,5147,57,5200,60,0,2,1,2,0,38,0,4,2,"Anderson",76978,3.89721738678583,0.0111111111111111,77.9443477357167,1.29907246226194,2.59814492452389,1.11111111111111
2020-06-06,43,1,42,1,1,0,54,1,5200,53,5254,54,0,2,1,3,0,38,0,4,2,"Anderson",76978,5.19628984904778,0.011090573012939,70.149912962145,1.29907246226194,3.89721738678583,1.1090573012939
2020-06-07,45,2,43,1,2,1,57,3,5295,95,5352,98,0,2,2,5,0,38,0,4,2,"Anderson",76978,6.49536231130972,0.013986013986014,127.309101301671,2.59814492452389,6.49536231130973,1.3986013986014
2020-06-08,46,1,44,1,2,0,57,0,5336,41,5393,41,0,2,1,6,0,38,0,4,2,"Anderson",76978,7.79443477357167,0.016359918200409,53.2619709527397,1.29907246226194,7.79443477357167,1.6359918200409
2020-06-09,47,1,45,1,2,0,60,3,5517,181,5577,184,0,2,1,7,0,38,0,4,2,"Anderson",76978,9.09350723583361,0.0201465201465201,239.029333056198,1.29907246226194,9.09350723583361,2.01465201465201
2020-06-10,52,5,50,5,2,0,63,3,5725,208,5788,211,0,2,2,9,3,41,0,4,2,"Anderson",76978,14.2897970848814,0.0186781609195402,274.10428953727,6.49536231130973,11.6916521603575,1.86781609195402
2020-06-11,55,3,53,3,2,0,66,3,5870,145,5936,148,0,2,2,11,1,42,1,5,2,"Anderson",76978,18.1870144716672,0.0201005025125628,192.262724414768,3.89721738678583,14.2897970848814,2.01005025125628
2020-06-12,57,2,55,2,2,0,70,4,5952,82,6022,86,0,2,2,13,0,42,0,5,2,"Anderson",76978,19.4860869339292,0.0206812652068127,111.720231754527,2.59814492452389,16.8879420094053,2.06812652068127
2020-06-13,58,1,55,0,3,1,70,0,5995,43,6065,43,0,2,0,13,1,43,0,5,2,"Anderson",76978,19.4860869339292,0.0197287299630086,55.8601158772636,1.29907246226194,16.8879420094053,1.97287299630086
2020-06-14,60,2,57,2,3,0,70,0,6170,175,6240,175,0,2,1,14,1,44,1,6,2,"Anderson",76978,19.4860869339292,0.0146396396396396,227.33768089584,2.59814492452389,18.1870144716672,1.46396396396396
2020-06-15,60,0,57,0,3,0,71,1,6228,58,6299,59,0,2,0,14,0,44,0,6,2,"Anderson",76978,18.1870144716672,0.0154525386313466,76.6452752734548,0,18.1870144716672,1.54525386313466
2020-06-16,64,4,61,4,3,0,75,4,6289,61,6364,65,0,2,3,17,1,45,0,6,2,"Anderson",76978,22.0842318584531,0.0190597204574333,84.4397100470264,5.19628984904778,22.0842318584531,1.90597204574333
2020-06-17,66,2,63,2,3,0,79,4,6326,37,6405,41,0,2,0,17,2,47,0,6,2,"Anderson",76978,18.1870144716672,0.0259319286871961,53.2619709527397,2.59814492452389,22.0842318584531,2.59319286871961
2020-06-18,70,4,67,4,3,0,84,5,6456,130,6540,135,0,2,2,19,2,49,0,6,2,"Anderson",76978,19.4860869339292,0.0298013245033113,175.374782405363,5.19628984904778,24.682376782977,2.98013245033113
2020-06-19,72,2,69,2,3,0,86,2,6521,65,6607,67,0,2,0,19,2,51,0,6,2,"Anderson",76978,19.4860869339292,0.0273504273504274,87.0378549715503,2.59814492452389,24.682376782977,2.73504273504274
2020-06-20,73,1,70,1,3,0,87,1,6559,38,6646,39,0,2,-1,18,2,53,0,6,2,"Anderson",76978,19.4860869339292,0.0292598967297762,50.6638260282159,1.29907246226194,23.383304320715,2.92598967297762
2020-06-21,74,1,71,1,3,0,88,1,6619,60,6707,61,0,2,-1,17,2,55,0,6,2,"Anderson",76978,18.1870144716672,0.0385438972162741,79.2434201979787,1.29907246226194,22.0842318584531,3.85438972162741
2020-06-22,76,2,73,2,3,0,90,2,6711,92,6801,94,0,2,0,17,2,57,1,7,2,"Anderson",76978,20.7851593961911,0.0378486055776892,122.112811452623,2.59814492452389,22.0842318584531,3.78486055776892
2020-06-23,76,0,73,0,3,0,90,0,6800,89,6890,89,0,2,-1,16,1,58,0,7,2,"Anderson",76978,15.5888695471433,0.0285171102661597,115.617449141313,0,20.7851593961911,2.85171102661597
2020-06-24,77,1,74,1,3,0,91,1,6831,31,6922,32,0,2,-2,14,3,61,0,7,2,"Anderson",76978,14.2897970848814,0.02321083172147,41.5703187923822,1.29907246226194,18.1870144716672,2.321083172147
2020-06-25,81,4,78,4,3,0,92,1,6944,113,7036,114,0,2,0,14,4,65,0,7,2,"Anderson",76978,14.2897970848814,0.0161290322580645,148.094260697862,5.19628984904778,18.1870144716672,1.61290322580645
2020-06-26,86,5,83,5,3,0,98,6,6972,28,7070,34,0,2,3,17,2,67,0,7,2,"Anderson",76978,18.1870144716672,0.0259179265658747,44.1684637169061,6.49536231130973,22.0842318584531,2.59179265658747
2020-06-27,87,1,83,0,4,1,98,0,6984,12,7082,12,0,2,-4,13,5,72,0,7,2,"Anderson",76978,18.1870144716672,0.0252293577981651,15.5888695471433,1.29907246226194,16.8879420094053,2.52293577981651
2020-06-28,91,4,87,4,4,0,106,8,7093,109,7199,117,0,2,3,16,1,73,0,7,2,"Anderson",76978,22.0842318584531,0.0365853658536585,151.991478084648,5.19628984904778,20.7851593961911,3.65853658536585
2020-06-29,97,6,92,5,5,1,114,8,7315,222,7429,230,0,2,3,19,3,76,1,8,2,"Anderson",76978,27.2805217075008,0.0382165605095541,298.786666320247,7.79443477357167,24.682376782977,3.82165605095541
2020-06-30,102,5,96,4,6,1,120,6,7479,164,7599,170,0,2,2,21,3,79,0,8,2,"Anderson",76978,33.7758840188106,0.0423131170662905,220.842318584531,6.49536231130973,27.2805217075008,4.23131170662905
2020-07-01,104,2,98,2,6,0,124,4,7600,121,7724,125,0,2,-2,19,4,83,0,8,2,"Anderson",76978,35.0749564810725,0.0411471321695761,162.384057782743,2.59814492452389,24.682376782977,4.11471321695761
2020-07-02,110,6,104,6,6,0,130,6,7839,239,7969,245,0,2,4,23,2,85,0,8,2,"Anderson",76978,37.6731014055964,0.0407288317256163,318.272753254177,7.79443477357167,29.8786666320247,4.07288317256163
2020-07-03,120,10,113,9,7,1,142,12,7964,125,8106,137,0,2,7,30,3,88,0,8,2,"Anderson",76978,44.1684637169061,0.0424710424710425,177.972927329886,12.9907246226195,38.9721738678584,4.24710424710425
2020-07-04,131,11,124,11,7,0,156,14,8148,184,8304,198,0,2,8,38,3,91,2,10,2,"Anderson",76978,57.1591883395256,0.0474631751227496,257.216347527865,14.2897970848814,49.3647535659539,4.74631751227496
2020-07-05,140,9,133,9,7,0,169,13,8304,156,8473,169,0,2,8,46,1,92,1,11,2,"Anderson",76978,63.6545506508353,0.0494505494505494,219.543246122269,11.6916521603575,59.7573332640495,4.94505494505495
2020-07-06,141,1,134,1,7,0,170,1,8331,27,8501,28,0,2,-4,42,5,97,0,11,2,"Anderson",76978,57.1591883395256,0.0522388059701493,36.3740289433345,1.29907246226194,54.5610434150017,5.22388059701492
2020-07-07,157,16,150,16,7,0,190,20,8564,233,8754,253,0,2,12,54,4,101,0,11,2,"Anderson",76978,71.448985424407,0.0606060606060606,328.665332952272,20.7851593961911,70.149912962145,6.06060606060606
2020-07-08,173,16,165,15,8,1,206,16,8704,140,8910,156,0,2,10,64,6,107,0,11,2,"Anderson",76978,89.6359998960742,0.0691399662731872,202.655304112863,20.7851593961911,83.1406375847645,6.91399662731872
2020-07-09,187,14,179,14,8,0,220,14,8972,268,9192,282,0,2,11,75,3,110,0,11,2,"Anderson",76978,100.02857959417,0.0735895339329518,366.338434357868,18.1870144716672,97.4304346696459,7.35895339329518
2020-07-10,193,6,185,6,8,0,227,7,9002,30,9229,37,0,2,1,76,5,115,1,12,2,"Anderson",76978,94.832289745122,0.0756901157613535,48.065681103692,7.79443477357167,98.7295071319078,7.56901157613535
2020-07-11,201,8,193,8,8,0,235,8,9171,169,9406,177,0,2,1,77,7,122,1,13,2,"Anderson",76978,90.9350723583361,0.0716878402903811,229.935825820364,10.3925796980956,100.02857959417,7.16878402903811
2020-07-12,212,11,204,11,8,0,248,13,9354,183,9602,196,0,2,6,83,5,127,0,13,2,"Anderson",76978,93.53321728286,0.0699734278122232,254.618202603341,14.2897970848814,107.823014367741,6.99734278122232
2020-07-13,218,6,209,5,9,1,255,7,9393,39,9648,46,0,2,-6,77,12,139,2,15,2,"Anderson",76978,100.02857959417,0.0741063644289451,59.7573332640495,7.79443477357167,100.02857959417,7.41063644289451
2020-07-14,229,11,219,10,10,1,266,11,9533,140,9799,151,0,2,0,77,11,150,0,15,2,"Anderson",76978,93.53321728286,0.0727272727272727,196.159941801554,14.2897970848814,100.02857959417,7.27272727272727
2020-07-15,245,16,234,15,11,1,285,19,9635,102,9920,121,0,2,0,77,16,166,0,15,2,"Anderson",76978,93.53321728286,0.0782178217821782,157.187767933695,20.7851593961911,100.02857959417,7.82178217821782
2020-07-16,263,18,252,18,11,0,308,23,9924,289,10232,312,0,2,4,81,14,180,1,16,2,"Anderson",76978,98.7295071319078,0.0846153846153846,405.310608225727,23.383304320715,105.224869443218,8.46153846153846
2020-07-17,270,7,259,7,11,0,317,9,9995,71,10312,80,0,2,-8,73,15,195,1,17,3,"Anderson",76978,100.02857959417,0.0831024930747922,103.925796980956,9.09350723583361,94.832289745122,8.31024930747922
2020-07-18,277,7,266,7,11,0,328,11,10209,214,10537,225,0,2,-4,69,11,206,0,17,3,"Anderson",76978,98.7295071319078,0.0822281167108753,292.291304008938,9.09350723583361,89.6359998960742,8.22281167108753
2020-07-19,285,8,274,8,11,0,337,9,10290,81,10627,90,0,2,-5,64,13,219,2,19,3,"Anderson",76978,94.832289745122,0.0868292682926829,116.916521603575,10.3925796980956,83.1406375847645,8.68292682926829
2020-07-20,313,28,302,28,11,0,367,30,10459,169,10826,199,1,3,9,73,18,237,0,19,3,"Anderson",76978,123.411883914885,0.0950764006791171,258.515419990127,36.3740289433345,94.832289745122,9.50764006791171
2020-07-21,336,23,324,22,12,1,391,24,10751,292,11142,316,0,3,12,85,11,248,1,20,3,"Anderson",76978,139.000753462028,0.0930752047654505,410.506898074775,29.8786666320247,110.421159292265,9.30752047654505
2020-07-22,365,29,353,29,12,0,424,33,10886,135,11310,168,0,3,13,98,16,264,0,20,3,"Anderson",76978,155.888695471433,0.1,218.244173660007,37.6731014055964,127.309101301671,10
2020-07-23,388,23,376,23,12,0,455,31,11313,427,11768,458,0,3,9,107,14,278,2,22,3,"Anderson",76978,162.384057782743,0.095703125,594.975187715971,29.8786666320247,139.000753462028,9.5703125
2020-07-24,394,6,382,6,12,0,463,8,11425,112,11888,120,0,3,-16,91,22,300,0,22,4,"Anderson",76978,161.084985320481,0.0926395939086294,155.888695471433,7.79443477357167,118.215594065837,9.26395939086294
2020-07-25,426,32,413,31,13,1,499,36,11682,257,12181,293,1,4,26,117,5,305,1,23,4,"Anderson",76978,193.56179687703,0.104014598540146,380.62823144275,41.5703187923822,151.991478084648,10.4014598540146
2020-07-26,465,39,451,38,14,1,541,42,12085,403,12626,445,0,4,31,148,8,313,2,25,4,"Anderson",76978,233.83304320715,0.102051025512756,578.087245706565,50.6638260282159,192.262724414768,10.2051025512756
2020-07-27,483,18,468,17,15,1,562,21,12265,180,12827,201,0,4,-19,129,37,350,1,26,4,"Anderson",76978,220.842318584531,0.0974512743628186,261.113564914651,23.383304320715,167.580347631791,9.74512743628186
2020-07-28,523,40,508,40,15,0,608,46,12645,380,13253,426,0,4,24,153,16,366,1,27,5,"Anderson",76978,242.926550442984,0.10279488394126,553.404868923589,51.9628984904778,198.758086726078,10.279488394126
2020-07-29,527,4,512,4,15,0,612,4,12681,36,13293,40,1,5,-15,138,18,384,0,27,5,"Anderson",76978,210.449738886435,0.0948058497226425,51.9628984904778,5.19628984904778,179.271999792148,9.48058497226425
2020-07-30,564,37,549,37,15,0,665,53,13166,485,13831,538,0,5,20,158,17,401,0,27,5,"Anderson",76978,228.636753358102,0.101793504604944,698.900984696926,48.065681103692,205.253449037387,10.1793504604944
2020-07-31,576,12,561,12,15,0,679,14,13348,182,14027,196,0,5,-8,150,20,421,0,27,5,"Anderson",76978,236.431188131674,0.100981767180926,254.618202603341,15.5888695471433,194.860869339292,10.0981767180926
2020-08-01,599,23,584,23,15,0,704,25,13757,409,14461,434,0,5,17,167,6,427,1,28,5,"Anderson",76978,224.739535971316,0.0899122807017544,563.797448621684,29.8786666320247,216.945101197745,8.99122807017544
2020-08-02,606,7,591,7,15,0,711,7,13885,128,14596,135,0,5,2,169,5,432,1,29,6,"Anderson",76978,183.169217178934,0.0862944162436548,175.374782405363,9.09350723583361,219.543246122269,8.62944162436548
2020-08-03,631,25,615,24,16,1,742,31,14112,227,14854,258,0,5,14,183,11,443,0,29,6,"Anderson",76978,192.262724414768,0.0888011840157869,335.160695263582,32.4768115565486,237.730260593936,8.88011840157869
2020-08-04,638,7,622,7,16,0,750,8,14355,243,15105,251,2,7,-19,164,24,467,0,29,6,"Anderson",76978,149.393333160124,0.0766738660907127,326.067188027748,9.09350723583361,213.047883810959,7.66738660907127
2020-08-05,653,15,637,15,16,0,769,19,14564,209,15333,228,-1,6,-1,163,17,484,0,29,6,"Anderson",76978,163.683130245005,0.0769607843137255,296.188521395723,19.4860869339292,211.748811348697,7.69607843137255
2020-08-06,675,22,659,22,16,0,799,30,14885,321,15684,351,0,6,3,166,19,503,1,30,6,"Anderson",76978,144.197043311076,0.0723151645979493,455.974434253943,28.5795941697628,215.646028735483,7.23151645979493
2020-08-07,679,4,663,4,16,0,803,4,14966,81,15769,85,0,6,-21,145,25,528,0,30,6,"Anderson",76978,133.80446361298,0.0711825487944891,110.421159292265,5.19628984904778,188.365507027982,7.11825487944891
2020-08-08,690,11,674,11,16,0,819,16,15286,320,16105,336,0,6,1,146,10,538,0,30,6,"Anderson",76978,118.215594065837,0.0699513381995134,436.488347320014,14.2897970848814,189.664579490244,6.99513381995134
2020-08-09,697,7,681,7,16,0,828,9,15423,137,16251,146,0,6,-9,137,16,554,0,30,6,"Anderson",76978,118.215594065837,0.0706948640483384,189.664579490244,9.09350723583361,177.972927329886,7.06948640483384
2020-08-10,702,5,686,5,16,0,834,6,15562,139,16396,145,0,6,-11,126,16,570,0,30,6,"Anderson",76978,92.2341448205981,0.059662775616083,188.365507027982,6.49536231130973,163.683130245005,5.9662775616083
2020-08-11,723,21,707,21,16,0,856,22,15765,203,16621,225,0,6,9,135,12,582,1,31,6,"Anderson",76978,110.421159292265,0.0699208443271768,292.291304008938,27.2805217075008,175.374782405363,6.99208443271768
2020-08-12,731,8,715,8,16,0,864,8,16005,240,16869,248,0,6,-8,127,16,598,0,31,6,"Anderson",76978,101.327652056432,0.0618489583333333,322.169970640962,10.3925796980956,164.982202707267,6.18489583333333
2020-08-13,749,18,733,18,16,0,888,24,16233,228,17121,252,1,7,3,130,14,612,2,33,6,"Anderson",76978,96.1313622073839,0.0619345859429367,327.36626049001,23.383304320715,168.879420094053,6.19345859429367
2020-08-14,766,17,749,16,17,1,910,22,16562,329,17472,351,0,7,-9,121,26,638,0,33,6,"Anderson",76978,113.019304216789,0.0628302994715208,455.974434253943,22.0842318584531,157.187767933695,6.28302994715208
2020-08-15,776,10,759,10,17,0,922,12,16785,223,17707,235,-1,6,5,126,6,644,0,33,6,"Anderson",76978,111.720231754527,0.0642946317103621,305.282028631557,12.9907246226195,163.683130245005,6.4294631710362
2020-08-16,788,12,771,12,17,0,936,14,16927,142,17863,156,0,6,7,133,5,649,0,33,7,"Anderson",76978,118.215594065837,0.0669975186104218,202.655304112863,15.5888695471433,172.776637480839,6.69975186104218
2020-08-17,792,4,775,4,17,0,939,3,16970,43,17909,46,0,6,-13,120,17,666,0,33,7,"Anderson",76978,116.916521603575,0.069398545935228,59.7573332640495,5.19628984904778,155.888695471433,6.9398545935228
2020-08-18,806,14,789,14,17,0,956,17,17134,164,18090,181,0,6,5,125,9,675,0,33,7,"Anderson",76978,107.823014367741,0.068073519400953,235.132115669412,18.1870144716672,162.384057782743,6.8073519400953
2020-08-19,820,14,803,14,17,0,970,14,17308,174,18278,188,0,6,0,125,14,689,0,33,7,"Anderson",76978,115.617449141313,0.0752306600425834,244.225622905246,18.1870144716672,162.384057782743,7.52306600425834
2020-08-20,835,15,818,15,17,0,986,16,17750,442,18736,458,0,6,5,130,10,699,0,33,8,"Anderson",76978,111.720231754527,0.0606811145510836,594.975187715971,19.4860869339292,168.879420094053,6.06811145510836
2020-08-21,838,3,821,3,17,0,989,3,17786,36,18775,39,1,7,-7,123,9,708,0,33,8,"Anderson",76978,93.53321728286,0.0606293169608596,50.6638260282159,3.89721738678583,159.785912858219,6.06293169608596
2020-08-22,856,18,839,18,17,0,1008,19,18330,544,19338,563,1,8,10,133,7,715,1,34,8,"Anderson",76978,103.925796980956,0.052728387492336,731.377796253475,23.383304320715,172.776637480839,5.2728387492336
2020-08-23,857,1,840,1,17,0,1009,1,18414,84,19423,85,0,8,-5,128,6,721,0,34,8,"Anderson",76978,89.6359998960742,0.0467948717948718,110.421159292265,1.29907246226194,166.281275169529,4.67948717948718
2020-08-24,858,1,840,0,18,1,1009,0,18453,39,19462,39,0,8,-19,109,20,741,0,34,8,"Anderson",76978,85.7387825092884,0.0450740502253702,50.6638260282159,1.29907246226194,141.598898386552,4.50740502253703
2020-08-25,866,8,848,8,18,0,1017,8,18605,152,19622,160,0,8,-2,107,10,751,1,35,8,"Anderson",76978,77.9443477357167,0.0398172323759791,207.851593961911,10.3925796980956,139.000753462028,3.98172323759791
2020-08-26,872,6,854,6,18,0,1023,6,18785,180,19808,186,0,8,-14,93,20,771,0,35,8,"Anderson",76978,67.5517680376211,0.034640522875817,241.627477980722,7.79443477357167,120.813738990361,3.4640522875817
2020-08-27,875,3,857,3,18,0,1026,3,19196,411,20222,414,0,8,-16,77,19,790,0,35,8,"Anderson",76978,51.9628984904778,0.0269179004037685,537.815999376445,3.89721738678583,100.02857959417,2.69179004037685
2020-08-28,875,0,857,0,18,0,1026,0,19234,38,20260,38,0,8,-20,57,20,810,0,35,8,"Anderson",76978,48.065681103692,0.0249158249158249,49.3647535659539,0,74.0471303489309,2.49158249158249
2020-08-29,884,9,865,8,19,1,1034,8,19496,262,20530,270,0,8,3,60,6,816,0,35,8,"Anderson",76978,36.3740289433345,0.0218120805369128,350.749564810725,11.6916521603575,77.9443477357167,2.18120805369128
2020-08-30,900,16,881,16,19,0,1050,16,19579,83,20629,99,0,8,8,68,8,824,0,35,8,"Anderson",76978,55.8601158772636,0.0339966832504146,128.608173763933,20.7851593961911,88.3369274338123,3.39966832504146
2020-08-31,902,2,883,2,19,0,1052,2,19637,58,20689,60,0,8,-15,53,17,841,0,35,8,"Anderson",76978,57.1591883395256,0.0350448247758761,77.9443477357167,2.59814492452389,68.8508404998831,3.50448247758761
2020-09-01,909,7,889,6,20,1,1058,6,19748,111,20806,117,0,8,0,53,7,848,0,35,8,"Anderson",76978,55.8601158772636,0.0346283783783784,151.991478084648,9.09350723583361,68.8508404998831,3.46283783783784
2020-09-02,917,8,895,6,22,2,1068,10,20064,316,21132,326,0,8,5,58,3,851,0,35,8,"Anderson",76978,58.4582608017875,0.033987915407855,423.497622697394,10.3925796980956,75.3462028111928,3.3987915407855
2020-09-03,933,16,909,14,24,2,1084,16,20388,324,21472,340,0,8,10,68,6,857,0,35,9,"Anderson",76978,75.3462028111928,0.0464,441.684637169061,20.7851593961911,88.3369274338123,4.64
2020-09-04,942,9,917,8,25,1,1094,10,20577,189,21671,199,0,8,6,74,3,860,0,35,9,"Anderson",76978,87.0378549715503,0.0481927710843374,258.515419990127,11.6916521603575,96.1313622073839,4.81927710843374
2020-09-05,961,19,936,19,25,0,1115,21,20846,269,21961,290,0,8,16,90,3,863,1,36,10,"Anderson",76978,100.02857959417,0.0566037735849057,376.731014055964,24.682376782977,116.916521603575,5.66037735849057
2020-09-06,963,2,938,2,25,0,1117,2,20902,56,22019,58,0,8,-1,89,3,866,0,36,10,"Anderson",76978,81.8415651225025,0.0482014388489209,75.3462028111928,2.59814492452389,115.617449141313,4.82014388489209
2020-09-07,966,3,941,3,25,0,1122,5,20990,88,22112,93,0,8,-8,81,11,877,0,36,10,"Anderson",76978,83.1406375847645,0.0491918482080112,120.813738990361,3.89721738678583,105.224869443218,4.91918482080112
2020-09-08,975,9,944,3,31,6,1126,4,21165,175,22291,179,1,9,4,85,4,881,0,36,10,"Anderson",76978,85.7387825092884,0.0457912457912458,232.533970744888,11.6916521603575,110.421159292265,4.57912457912458
2020-09-09,984,9,953,9,31,0,1135,9,21406,241,22541,250,0,9,-3,82,12,893,1,37,11,"Anderson",76978,87.0378549715503,0.0475514549325763,324.768115565486,11.6916521603575,106.523941905479,4.75514549325763
2020-09-10,1013,29,981,28,32,1,1165,30,21775,369,22940,399,1,10,25,107,3,896,0,37,11,"Anderson",76978,103.925796980956,0.0551771117166213,518.329912442516,37.6731014055964,139.000753462028,5.51771117166213
2020-09-11,1014,1,982,1,32,0,1167,2,21908,133,23075,135,0,10,-13,94,14,910,0,37,11,"Anderson",76978,93.53321728286,0.051994301994302,175.374782405363,1.29907246226194,122.112811452623,5.1994301994302
2020-09-12,1017,3,985,3,32,0,1172,5,22050,142,23222,147,0,10,-5,89,8,918,0,37,11,"Anderson",76978,72.7480578866689,0.0452022204599524,190.963651952506,3.89721738678583,115.617449141313,4.52022204599524
2020-09-13,1038,21,1005,20,33,1,1193,21,22294,244,23487,265,0,10,16,105,5,923,1,38,11,"Anderson",76978,97.4304346696459,0.0517711171662125,344.254202499415,27.2805217075008,136.402608537504,5.17711171662125
2020-09-14,1044,6,1010,5,34,1,1199,6,22400,106,23599,112,0,10,-7,98,13,936,1,39,11,"Anderson",76978,101.327652056432,0.0517821116341627,145.496115773338,7.79443477357167,127.309101301671,5.17821116341627
2020-09-15,1060,16,1026,16,34,0,1216,17,22640,240,23856,257,1,11,5,103,10,946,1,40,12,"Anderson",76978,110.421159292265,0.0575079872204473,333.86162280132,20.7851593961911,133.80446361298,5.75079872204473
2020-09-16,1068,8,1034,8,34,0,1228,12,22776,136,24004,148,0,11,-5,98,13,959,0,40,12,"Anderson",76978,109.122086830003,0.063568010936432,192.262724414768,10.3925796980956,127.309101301671,6.3568010936432
2020-09-17,1090,22,1054,20,36,2,1248,20,23197,421,24445,441,0,11,15,113,7,966,1,41,12,"Anderson",76978,100.02857959417,0.0551495016611296,572.890955857518,28.5795941697628,146.7951882356,5.51495016611296
2020-09-18,1109,19,1073,19,36,0,1266,18,23421,224,24687,242,0,11,6,119,13,979,0,41,12,"Anderson",76978,123.411883914885,0.0614143920595533,314.375535867391,24.682376782977,154.589623009171,6.14143920595533
2020-09-19,1124,15,1088,15,36,0,1287,21,23703,282,24990,303,0,11,9,128,6,985,1,42,12,"Anderson",76978,139.000753462028,0.0650452488687783,393.618956065369,19.4860869339292,166.281275169529,6.50452488687783
2020-09-20,1131,7,1095,7,36,0,1297,10,23855,152,25152,162,0,11,0,128,7,992,0,42,13,"Anderson",76978,120.813738990361,0.0624624624624625,210.449738886435,9.09350723583361,166.281275169529,6.24624624624625
2020-09-21,1133,2,1097,2,36,0,1299,2,23888,33,25187,35,0,11,-6,122,8,1000,0,42,13,"Anderson",76978,115.617449141313,0.0629722921914358,45.4675361791681,2.59814492452389,158.486840395957,6.29722921914358
2020-09-22,1147,14,1111,14,36,0,1316,17,24136,248,25452,265,0,11,0,122,14,1014,1,43,13,"Anderson",76978,113.019304216789,0.06265664160401,344.254202499415,18.1870144716672,158.486840395957,6.265664160401
2020-09-23,1147,0,1111,0,36,0,1316,0,24177,41,25493,41,0,11,-12,110,12,1026,0,43,13,"Anderson",76978,102.626724518694,0.0591000671591672,53.2619709527397,0,142.897970848814,5.91000671591672
2020-09-24,1160,13,1124,13,36,0,1331,15,24501,324,25832,339,1,12,0,110,12,1038,0,43,13,"Anderson",76978,90.9350723583361,0.0598413842826244,440.385564706799,16.8879420094053,142.897970848814,5.98413842826244
2020-09-25,1174,14,1137,13,37,1,1344,13,24737,236,26081,249,1,13,-2,108,15,1053,0,43,13,"Anderson",76978,84.4397100470264,0.0559540889526542,323.469043103224,18.1870144716672,140.29982592429,5.59540889526542
2020-09-26,1188,14,1151,14,37,0,1361,17,25037,300,26398,317,0,13,8,116,6,1059,0,43,13,"Anderson",76978,83.1406375847645,0.0525568181818182,411.805970537037,18.1870144716672,150.692405622386,5.25568181818182
2020-09-27,1207,19,1168,17,39,2,1377,16,25244,207,26621,223,0,13,12,128,7,1066,0,43,13,"Anderson",76978,98.7295071319078,0.0544588155207624,289.693159084414,24.682376782977,166.281275169529,5.44588155207624
2020-09-28,1210,3,1170,2,40,1,1379,2,25281,37,26660,39,0,13,-9,119,12,1078,0,43,13,"Anderson",76978,100.02857959417,0.0543109300746775,50.6638260282159,3.89721738678583,154.589623009171,5.43109300746775
2020-09-29,1221,11,1180,10,41,1,1389,10,25575,294,26964,304,0,13,-7,112,18,1096,0,43,13,"Anderson",76978,96.1313622073839,0.0482804232804233,394.918028527631,14.2897970848814,145.496115773338,4.82804232804233
2020-09-30,1233,12,1190,10,43,2,1399,10,25641,66,27040,76,0,13,3,115,9,1105,0,43,13,"Anderson",76978,111.720231754527,0.0536522301228184,98.7295071319078,15.5888695471433,149.393333160124,5.36522301228184
2020-10-01,1249,16,1204,14,45,2,1414,15,25921,280,27335,295,0,13,4,119,12,1117,0,43,13,"Anderson",76978,115.617449141313,0.0552228875582169,383.226376367274,20.7851593961911,154.589623009171,5.52228875582169
2020-10-02,1256,7,1210,6,46,1,1421,7,26003,82,27424,89,0,13,1,120,6,1123,0,43,13,"Anderson",76978,106.523941905479,0.0573343261355175,115.617449141313,9.09350723583361,155.888695471433,5.73343261355175
2020-10-03,1272,16,1226,16,46,0,1445,24,26267,264,27712,288,0,13,3,123,13,1136,0,43,13,"Anderson",76978,109.122086830003,0.0639269406392694,374.13286913144,20.7851593961911,159.785912858219,6.39269406392694
2020-10-04,1288,16,1240,14,48,2,1461,16,26604,337,28065,353,0,13,8,131,8,1144,0,43,13,"Anderson",76978,105.224869443218,0.0581717451523546,458.572579178467,20.7851593961911,170.178492556315,5.81717451523546
2020-10-05,1314,26,1265,25,49,1,1488,27,26815,211,28303,238,0,13,11,142,15,1159,1,44,13,"Anderson",76978,135.103536075242,0.0663420572124163,309.179246018343,33.7758840188106,184.468289641196,6.63420572124163
2020-10-06,1342,28,1292,27,50,1,1520,32,27152,337,28672,369,0,13,15,157,13,1172,1,45,13,"Anderson",76978,157.187767933695,0.0766978922716628,479.357738574658,36.3740289433345,203.954376575125,7.66978922716628
2020-10-07,1348,6,1298,6,50,0,1528,8,27387,235,28915,243,0,13,-3,154,9,1181,0,45,13,"Anderson",76978,149.393333160124,0.0688,315.674608329653,7.79443477357167,200.05715918834,6.88
2020-10-08,1358,10,1306,8,52,2,1537,9,27626,239,29163,248,0,13,-3,151,13,1194,1,46,13,"Anderson",76978,141.598898386552,0.0672866520787746,322.169970640962,12.9907246226195,196.159941801554,6.72866520787746
2020-10-09,1373,15,1319,13,54,2,1553,16,27799,173,29352,189,0,13,-2,149,17,1211,0,46,13,"Anderson",76978,151.991478084648,0.0684647302904564,245.524695367508,19.4860869339292,193.56179687703,6.84647302904564
2020-10-10,1389,16,1335,16,54,0,1573,20,28011,212,29584,232,0,13,3,152,13,1224,1,47,14,"Anderson",76978,151.991478084648,0.0683760683760684,301.384811244771,20.7851593961911,197.459014263816,6.83760683760684
2020-10-11,1417,28,1363,28,54,0,1604,31,28300,289,29904,320,0,13,18,170,10,1234,0,47,14,"Anderson",76978,167.580347631791,0.0777596519847743,415.703187923822,36.3740289433345,220.842318584531,7.77596519847743
2020-10-12,1433,16,1378,15,55,1,1620,16,28379,79,29999,95,0,13,-11,159,27,1261,0,47,14,"Anderson",76978,154.589623009171,0.0778301886792453,123.411883914885,20.7851593961911,206.552521499649,7.78301886792453
2020-10-13,1453,20,1396,18,57,2,1638,18,28500,121,30138,139,0,13,7,166,13,1274,0,47,14,"Anderson",76978,144.197043311076,0.0804911323328786,180.57107225441,25.9814492452389,215.646028735483,8.04911323328786
2020-10-14,1475,22,1418,22,57,0,1662,24,28800,300,30462,324,0,13,12,178,10,1284,0,47,14,"Anderson",76978,164.982202707267,0.0866192630898513,420.89947777287,28.5795941697628,231.234898282626,8.66192630898513
2020-10-15,1497,22,1434,16,63,6,1676,14,28951,151,30627,165,0,13,2,180,20,1304,1,48,14,"Anderson",76978,180.57107225441,0.0949453551912568,214.346956273221,28.5795941697628,233.83304320715,9.49453551912568
2020-10-16,1504,7,1437,3,67,4,1680,4,29050,99,30730,103,0,13,-11,169,18,1322,0,48,15,"Anderson",76978,170.178492556315,0.0921625544267054,133.80446361298,9.09350723583361,219.543246122269,9.21625544267054
2020-10-17,1532,28,1464,27,68,1,1710,30,29298,248,31008,278,0,13,14,183,14,1336,2,50,15,"Anderson",76978,185.767362103458,0.0962078651685393,361.142144508821,36.3740289433345,237.730260593936,9.62078651685393
2020-10-18,1552,20,1484,20,68,0,1733,23,29537,239,31270,262,0,13,5,188,15,1351,0,50,15,"Anderson",76978,175.374782405363,0.0944363103953148,340.35698511263,25.9814492452389,244.225622905246,9.44363103953148
2020-10-19,1556,4,1488,4,68,0,1738,5,29614,77,31352,82,0,13,-16,172,20,1371,1,51,15,"Anderson",76978,159.785912858219,0.0872135994087214,106.523941905479,5.19628984904778,223.440463509055,8.72135994087214
2020-10-20,1583,27,1515,27,68,0,1773,35,29813,199,31586,234,0,13,6,178,21,1392,0,51,15,"Anderson",76978,168.879420094053,0.093232044198895,303.982956169295,35.0749564810725,231.234898282626,9.3232044198895
2020-10-21,1600,17,1532,17,68,0,1792,19,30029,216,31821,235,0,13,8,186,9,1401,1,52,15,"Anderson",76978,162.384057782743,0.0956585724797645,305.282028631557,22.0842318584531,241.627477980722,9.56585724797645
2020-10-22,1621,21,1553,21,68,0,1817,25,30361,332,32178,357,1,14,-4,182,24,1425,0,52,15,"Anderson",76978,161.084985320481,0.0909090909090909,463.768869027514,27.2805217075008,236.431188131674,9.09090909090909
2020-10-23,1636,15,1567,14,69,1,1833,16,30636,275,32469,291,0,14,-7,175,22,1447,0,52,15,"Anderson",76978,171.477565018577,0.0879815986198965,378.030086518226,19.4860869339292,227.33768089584,8.79815986198965
2020-10-24,1667,31,1597,30,70,1,1866,33,31012,376,32878,409,0,14,19,194,12,1459,2,54,17,"Anderson",76978,175.374782405363,0.0834224598930481,531.320637065136,40.2712463301203,252.020057678817,8.34224598930481
2020-10-25,1684,17,1613,16,71,1,1885,19,31208,196,33093,215,0,14,0,194,17,1476,4,58,17,"Anderson",76978,171.477565018577,0.0833790455293472,279.300579386318,22.0842318584531,252.020057678817,8.33790455293472
2020-10-26,1700,16,1628,15,72,1,1903,18,31342,134,33245,152,-1,13,-11,183,28,1504,1,59,17,"Anderson",76978,187.06643456572,0.0871632329635499,197.459014263816,20.7851593961911,237.730260593936,8.71632329635499
2020-10-27,1729,29,1652,24,77,5,1927,24,31497,155,33424,179,1,14,10,193,18,1522,2,61,17,"Anderson",76978,189.664579490244,0.0837867247007617,232.533970744888,37.6731014055964,250.720985216555,8.37867247007617
2020-10-28,1785,56,1706,54,79,2,1986,59,31931,434,33917,493,0,14,33,226,23,1545,0,61,17,"Anderson",76978,240.32840551846,0.0925572519083969,640.442723895139,72.7480578866689,293.5903764712,9.25572519083969
2020-10-29,1814,29,1727,21,87,8,2005,19,32137,206,34142,225,0,14,6,232,23,1568,2,63,17,"Anderson",76978,250.720985216555,0.0957230142566191,292.291304008938,37.6731014055964,301.384811244771,9.57230142566191
2020-10-30,1851,37,1761,34,90,3,2043,38,32288,151,34331,189,2,16,20,252,15,1583,1,64,17,"Anderson",76978,279.300579386318,0.112781954887218,245.524695367508,48.065681103692,327.36626049001,11.2781954887218
2020-10-31,1851,0,1761,0,90,0,2043,0,32289,1,34332,1,0,16,-10,242,10,1593,0,64,19,"Anderson",76978,239.029333056198,0.121733149931224,1.29907246226194,0,314.375535867391,12.1733149931224
2020-11-01,1856,5,1766,5,90,0,2051,8,32533,244,34584,252,0,16,-10,232,15,1608,0,64,19,"Anderson",76978,223.440463509055,0.111334674714956,327.36626049001,6.49536231130973,301.384811244771,11.1334674714956
2020-11-02,1889,33,1797,31,92,2,2086,35,32800,267,34886,302,0,16,8,240,25,1633,0,64,20,"Anderson",76978,245.524695367508,0.111517367458867,392.319883603107,42.8693912546442,311.777390942867,11.1517367458867
2020-11-03,1915,26,1822,25,93,1,2111,25,32980,180,35091,205,0,16,6,246,20,1653,0,64,21,"Anderson",76978,241.627477980722,0.110377924415117,266.309854763699,33.7758840188106,319.571825716438,11.0377924415117
2020-11-04,1933,18,1837,15,96,3,2129,18,33059,79,35188,97,2,18,1,247,15,1668,1,65,21,"Anderson",76978,192.262724414768,0.112509834775767,126.010028839409,23.383304320715,320.8708981787,11.2509834775767
2020-11-05,1957,24,1855,18,102,6,2149,20,33158,99,35307,119,0,18,1,248,23,1691,0,65,22,"Anderson",76978,185.767362103458,0.123605150214592,154.589623009171,31.1777390942867,322.169970640962,12.3605150214592
2020-11-06,2006,49,1901,46,105,3,2198,49,33525,367,35723,416,0,18,24,272,25,1716,2,67,23,"Anderson",76978,201.356231650601,0.111350574712644,540.414144300969,63.6545506508353,353.347709735249,11.1350574712644
2020-11-07,2086,80,1978,77,108,3,2275,77,33972,447,36247,524,0,18,50,322,30,1746,0,67,23,"Anderson",76978,305.282028631557,0.121148825065274,680.713970225259,103.925796980956,418.301332848346,12.1148825065274
2020-11-08,2140,54,2029,51,111,3,2337,62,34582,610,36919,672,0,18,39,361,15,1761,1,68,23,"Anderson",76978,368.936579282392,0.122483940042827,872.976694640027,70.149912962145,468.965158876562,12.2483940042827
2020-11-09,2148,8,2036,7,112,1,2346,9,34656,74,37002,83,0,18,-46,315,54,1815,0,68,23,"Anderson",76978,336.459767725844,0.122873345935728,107.823014367741,10.3925796980956,409.207825612513,12.2873345935728
2020-11-10,2167,19,2054,18,113,1,2368,22,34827,171,37195,193,0,18,-16,299,35,1850,1,69,23,"Anderson",76978,327.36626049001,0.122148288973384,250.720985216555,24.682376782977,388.422666216322,12.2148288973384
2020-11-11,2206,39,2090,36,116,3,2410,42,35100,273,37510,315,1,19,13,312,25,1875,1,70,23,"Anderson",76978,354.646782197511,0.121016365202412,409.207825612513,50.6638260282159,405.310608225727,12.1016365202412
2020-11-12,2213,7,2096,6,117,1,2418,8,35298,198,37716,206,0,19,-13,299,20,1895,0,70,24,"Anderson",76978,332.562550339058,0.111664591116646,267.608927225961,9.09350723583361,388.422666216322,11.1664591116646
2020-11-13,2269,56,2149,53,120,3,2477,59,35560,262,38037,321,2,21,31,330,23,1918,2,72,24,"Anderson",76978,341.656057574892,0.12057044079516,417.002260386084,72.7480578866689,428.693912546442,12.057044079516
2020-11-14,2310,41,2189,40,121,1,2522,45,35956,396,38478,441,1,22,20,350,20,1938,1,73,25,"Anderson",76978,290.992231546676,0.110712684894666,572.890955857518,53.2619709527397,454.675361791681,11.0712684894666
2020-11-15,2408,98,2287,98,121,0,2630,108,36538,582,39168,690,1,23,79,429,18,1956,1,74,25,"Anderson",76978,348.151419886201,0.130280124499778,896.359998960742,127.309101301671,557.302086310374,13.0280124499778
2020-11-16,2457,49,2316,29,141,20,2659,29,36815,277,39474,306,0,23,-6,423,55,2011,1,75,25,"Anderson",76978,401.413390838941,0.126618122977346,397.516173452155,63.6545506508353,549.507651536803,12.6618122977346
2020-11-17,2473,16,2331,15,142,1,2675,16,37021,206,39696,222,2,25,-37,386,51,2062,1,76,26,"Anderson",76978,397.516173452155,0.122750899640144,288.394086622152,20.7851593961911,501.441970433111,12.2750899640144
2020-11-18,2503,30,2357,26,146,4,2701,26,37315,294,40016,320,0,25,-5,381,35,2097,0,76,27,"Anderson",76978,385.824521291798,0.116121308858739,415.703187923822,38.9721738678584,494.946608121801,11.6121308858739
2020-11-19,2561,58,2411,54,150,4,2763,62,37731,416,40494,478,0,25,19,400,39,2136,1,77,27,"Anderson",76978,452.077216867157,0.124190064794816,620.95663696121,75.3462028111928,519.628984904778,12.4190064794816
2020-11-20,2591,30,2438,27,153,3,2794,31,37845,114,40639,145,0,25,-10,390,40,2176,0,77,28,"Anderson",76978,418.301332848346,0.121829362029208,188.365507027982,38.9721738678584,506.638260282159,12.1829362029208
2020-11-21,2648,57,2487,49,161,8,2842,48,38189,344,41031,392,0,25,33,423,24,2200,1,78,28,"Anderson",76978,439.086492244537,0.125342734038386,509.236405206682,74.0471303489309,549.507651536803,12.5342734038386
2020-11-22,2704,56,2536,49,168,7,2899,57,38672,483,41571,540,0,25,42,465,14,2214,1,79,31,"Anderson",76978,384.525448829536,0.111943404078236,701.49912962145,72.7480578866689,604.068694951804,11.1943404078236
2020-11-23,2711,7,2542,6,169,1,2905,6,38694,22,41599,28,0,25,-64,401,71,2285,0,79,32,"Anderson",76978,329.964405414534,0.115764705882353,36.3740289433345,9.09350723583361,520.92805736704,11.5764705882353
2020-11-24,2724,13,2554,12,170,1,2917,12,38851,157,41768,169,2,27,-35,366,46,2331,0,79,32,"Anderson",76978,326.067188027748,0.116795366795367,219.543246122269,16.8879420094053,475.460521187872,11.6795366795367
2020-11-25,2752,28,2575,21,177,7,2938,21,38888,37,41826,58,1,28,-11,355,38,2369,0,79,32,"Anderson",76978,323.469043103224,0.130939226519337,75.3462028111928,36.3740289433345,461.170724102991,13.0939226519337
2020-11-26,2797,45,2617,42,180,3,2983,45,39238,350,42221,395,0,28,-30,325,75,2444,1,80,33,"Anderson",76978,306.581101093819,0.127388535031847,513.133622593468,58.4582608017875,422.198550235132,12.7388535031847
2020-11-27,2896,99,2707,90,189,9,3078,95,39664,426,42742,521,0,28,56,381,43,2487,3,83,35,"Anderson",76978,396.217100989893,0.135045173561579,676.816752838473,128.608173763933,494.946608121801,13.5045173561579
2020-11-28,2927,31,2732,25,195,6,3108,30,39807,143,42915,173,1,29,5,386,25,2512,2,85,35,"Anderson",76978,362.441216971083,0.141188959660297,224.739535971316,40.2712463301203,501.441970433111,14.1188959660297
2020-11-29,3018,91,2821,89,197,2,3204,96,40244,437,43448,533,0,29,65,451,26,2538,1,86,35,"Anderson",76978,407.908753150251,0.162493340436867,692.405622385617,118.215594065837,585.881680480137,16.2493340436867
2020-11-30,3088,70,2887,66,201,4,3277,73,40496,252,43773,325,0,29,1,452,69,2607,0,86,37,"Anderson",76978,489.750318272753,0.171113155473781,422.198550235132,90.9350723583361,587.180752942399,17.1113155473781
2020-12-01,3164,76,2953,66,211,10,3349,72,40927,431,44276,503,1,30,14,466,61,2668,6,92,38,"Anderson",76978,571.591883395256,0.172248803827751,653.433448517758,98.7295071319078,605.367767414066,17.2248803827751
2020-12-02,3179,15,2967,14,212,1,3365,16,41035,108,44400,124,0,30,-40,426,55,2723,0,92,38,"Anderson",76978,554.70394138585,0.165889665889666,161.084985320481,19.4860869339292,553.404868923589,16.5889665889666
2020-12-03,3220,41,2996,29,224,12,3398,33,41259,224,44657,257,1,31,-14,412,54,2777,1,93,39,"Anderson",76978,549.507651536803,0.170361247947455,333.86162280132,53.2619709527397,535.217854451921,17.0361247947455
2020-12-04,3287,67,3056,60,231,7,3461,63,41417,158,44878,221,1,32,-25,387,91,2868,0,93,39,"Anderson",76978,507.93733274442,0.179307116104869,287.09501415989,87.0378549715503,502.741042895373,17.9307116104869
2020-12-05,3318,31,3075,19,243,12,3479,18,41484,67,44963,85,0,32,1,388,30,2898,0,93,39,"Anderson",76978,507.93733274442,0.18115234375,110.421159292265,40.2712463301203,504.040115357635,18.115234375
2020-12-06,3354,36,3104,29,250,7,3507,28,41692,208,45199,236,0,32,12,400,24,2922,2,95,40,"Anderson",76978,436.488347320014,0.173043974871502,306.581101093819,46.76660864143,519.628984904778,17.3043974871502
2020-12-07,3494,140,3228,124,266,16,3643,136,42285,593,45928,729,2,34,28,428,110,3032,4,99,41,"Anderson",76978,527.42341967835,0.169837587006961,947.023824988958,181.870144716672,556.003013848112,16.9837587006961
2020-12-08,3565,71,3277,49,288,22,3695,52,42583,298,46278,350,1,35,-8,420,78,3110,2,101,43,"Anderson",76978,520.92805736704,0.172827172827173,454.675361791681,92.2341448205981,545.610434150017,17.2827172827173
2020-12-09,3670,105,3368,91,302,14,3799,104,42844,261,46643,365,0,35,46,466,59,3169,3,104,44,"Anderson",76978,637.844578970615,0.193490860454748,474.16144872561,136.402608537504,605.367767414066,19.3490860454748
2020-12-10,3764,94,3446,78,318,16,3886,87,43376,532,47262,619,3,38,81,547,10,3179,3,107,45,"Anderson",76978,706.695419470498,0.187332053742802,804.125854140144,122.112811452623,710.592636857284,18.7332053742802
2020-12-11,3837,73,3499,53,338,20,3937,51,43542,166,47479,217,1,39,30,577,42,3221,2,109,45,"Anderson",76978,714.48985424407,0.183006535947712,281.898724310842,94.832289745122,749.564810725142,18.3006535947712
2020-12-12,3925,88,3560,61,365,27,4002,65,44055,513,48057,578,0,39,55,632,33,3254,2,111,45,"Anderson",76978,788.536984593001,0.169036845507434,750.863883187404,114.318376679051,821.013796149549,16.9036845507434
2020-12-13,4157,232,3743,183,414,49,4206,204,44927,872,49133,1076,1,40,188,820,43,3297,0,111,47,"Anderson",76978,1043.15518719634,0.177681748856126,1397.80196939385,301.384811244771,1065.23941905479,17.7681748856126
2020-12-14,4272,115,3829,86,443,29,4305,99,45218,291,49523,390,0,40,-37,783,152,3449,1,112,48,"Anderson",76978,1010.67837563979,0.184144645340751,506.638260282159,149.393333160124,1017.1737379511,18.4144645340751
2020-12-15,4407,135,3914,85,493,50,4401,96,45745,527,50146,623,1,41,42,825,92,3541,6,118,51,"Anderson",76978,1093.81901322456,0.182523267838676,809.322143989192,175.374782405363,1071.7347813661,18.2523267838676
2020-12-16,4476,69,3944,30,532,39,4437,36,46068,323,50505,359,2,43,-17,808,84,3625,4,122,52,"Anderson",76978,1047.05240458313,0.165199378560331,466.367013952038,89.6359998960742,1049.65054950765,16.5199378560331
2020-12-17,4677,201,4118,174,559,27,4631,194,46596,528,51227,722,2,45,114,922,85,3710,2,124,54,"Anderson",76978,1186.05315804516,0.187894073139975,937.930317753124,261.113564914651,1197.74481020551,18.7894073139975
2020-12-18,4775,98,4194,76,581,22,4718,87,46962,366,51680,453,1,46,23,945,74,3784,2,126,54,"Anderson",76978,1218.5299696017,0.185908117114973,588.479825404661,127.309101301671,1227.62347683754,18.5908117114973
2020-12-19,4880,105,4275,81,605,24,4805,87,47220,258,52025,345,0,46,74,1019,31,3815,1,127,55,"Anderson",76978,1240.61420146016,0.202368951612903,448.179999480371,136.402608537504,1323.75483904492,20.2368951612903
2020-12-20,5020,140,4397,122,623,18,4942,137,47684,464,52626,601,2,48,84,1103,54,3869,3,130,56,"Anderson",76978,1121.09953493206,0.2107071285428,780.742549819429,181.870144716672,1432.87692587493,21.07071285428
2020-12-21,5068,48,4415,18,653,30,4965,23,47904,220,52869,243,3,51,-83,1020,128,3997,2,132,59,"Anderson",76978,1034.06167996051,0.197250448296473,315.674608329653,62.3554781885734,1325.05391150718,19.7250448296473
2020-12-22,5138,70,4459,44,679,26,5012,47,48010,106,53022,153,1,52,-31,989,100,4097,2,134,64,"Anderson",76978,949.621969913482,0.212447844228095,198.758086726078,90.9350723583361,1284.78266517706,21.2447844228095
2020-12-23,5212,74,4501,42,711,32,5055,43,48326,316,53381,359,2,54,-8,981,80,4177,2,136,66,"Anderson",76978,956.117332224792,0.214881780250348,466.367013952038,96.1313622073839,1274.39008547897,21.4881780250348
2020-12-24,5270,58,4525,24,745,34,5082,27,48478,152,53560,179,1,55,-47,934,104,4281,1,137,71,"Anderson",76978,770.349970121333,0.193313330475782,232.533970744888,75.3462028111928,1213.33367975266,19.3313330475782
2020-12-25,5364,94,4603,78,761,16,5175,93,48887,409,54062,502,0,55,-16,918,110,4391,1,138,72,"Anderson",76978,765.153680272286,0.191855583543241,652.134376055496,122.112811452623,1192.54852035647,19.1855583543241
2020-12-26,5420,56,4632,29,788,27,5203,28,49006,119,54209,147,0,55,6,924,50,4441,3,141,74,"Anderson",76978,701.49912962145,0.182234432234432,190.963651952506,72.7480578866689,1200.34295513004,18.2234432234432
2020-12-27,5480,60,4669,37,811,23,5239,36,49142,136,54381,172,1,56,29,953,30,4471,6,147,75,"Anderson",76978,597.573332640495,0.169230769230769,223.440463509055,77.9443477357167,1238.01605653563,16.9230769230769
2020-12-28,5527,47,4690,21,837,26,5259,20,49211,69,54470,89,2,58,-85,868,130,4601,4,151,82,"Anderson",76978,596.274260178233,0.183635227982511,115.617449141313,61.0564057263114,1127.59489724337,18.3635227982511
2020-12-29,5623,96,4742,52,881,44,5307,48,49306,95,54613,143,2,60,-34,834,128,4729,5,156,85,"Anderson",76978,630.050144197043,0.185417976115651,185.767362103458,124.710956377147,1083.42643352646,18.5417976115651
2020-12-30,5658,35,4760,18,898,17,5324,17,49434,128,54758,145,6,66,-89,745,118,4847,1,157,88,"Anderson",76978,579.386318168827,0.195352214960058,188.365507027982,45.4675361791681,967.808984385149,19.5352214960058
2020-12-31,5821,163,4860,100,961,63,5426,102,49738,304,55164,406,6,72,63,808,94,4941,1,158,93,"Anderson",76978,715.788926706332,0.214463840399002,527.42341967835,211.748811348697,1049.65054950765,21.4463840399002
2021-01-01,5886,65,4902,42,984,23,5481,55,50014,276,55495,331,0,72,-25,783,90,5031,2,160,94,"Anderson",76978,678.115825300735,0.213538032100488,429.992985008704,84.4397100470264,1017.1737379511,21.3538032100488
2021-01-02,5979,93,4943,41,1036,52,5522,41,50299,285,55821,326,0,72,48,831,45,5076,2,162,96,"Anderson",76978,726.181506404427,0.197890818858561,423.497622697394,120.813738990361,1079.52921613968,19.7890818858561
2021-01-03,6004,25,4955,12,1049,13,5538,16,50351,52,55889,68,0,72,-9,822,34,5110,1,163,98,"Anderson",76978,680.713970225259,0.198275862068966,88.3369274338123,32.4768115565486,1067.83756397932,19.8275862068966
2021-01-04,6041,37,4979,24,1062,13,5569,31,50458,107,56027,138,1,73,-57,765,93,5203,0,163,103,"Anderson",76978,667.72324560264,0.199100834938985,179.271999792148,48.065681103692,993.790433630388,19.9100834938985
2021-01-05,6113,72,5010,31,1103,41,5600,31,50576,118,56176,149,2,75,-48,717,118,5321,2,165,106,"Anderson",76978,636.545506508353,0.187460012795905,193.56179687703,93.53321728286,931.434955441815,18.7460012795905
2021-01-06,6187,74,5050,40,1137,34,5643,43,50737,161,56380,204,5,80,-12,705,81,5402,2,167,108,"Anderson",76978,687.209332536569,0.196670776818742,265.010782301437,96.1313622073839,915.846085894671,19.6670776818742
2021-01-07,6292,105,5130,80,1162,25,5735,92,50958,221,56693,313,1,81,65,770,39,5441,1,168,111,"Anderson",76978,611.863129725376,0.202092871157619,406.609680687989,136.402608537504,1000.2857959417,20.2092871157619
2021-01-08,6374,82,5180,50,1194,32,5787,52,51157,199,56944,251,5,86,61,831,16,5457,2,170,114,"Anderson",76978,633.947361583829,0.211180124223602,326.067188027748,106.523941905479,1079.52921613968,21.1180124223602
2021-01-09,6484,110,5249,69,1235,41,5862,75,51588,431,57450,506,2,88,43,874,65,5522,0,170,116,"Anderson",76978,656.031593442282,0.208717004297115,657.330665904544,142.897970848814,1135.38933201694,20.8717004297115
2021-01-10,6544,60,5274,25,1270,35,5887,25,51682,94,57569,119,2,90,28,902,30,5552,3,173,117,"Anderson",76978,701.49912962145,0.207738095238095,154.589623009171,77.9443477357167,1171.76336096027,20.7738095238095
2021-01-11,6577,33,5284,10,1293,23,5900,13,51753,71,57653,84,1,91,-93,809,125,5677,1,174,119,"Anderson",76978,696.302839772403,0.203567035670357,109.122086830003,42.8693912546442,1050.94962196991,20.3567035670357
2021-01-12,6630,53,5318,34,1312,19,5938,38,51925,172,57863,210,2,93,-100,709,151,5828,1,175,119,"Anderson",76978,671.620462989426,0.200355660936574,272.805217075008,68.8508404998831,921.042375743719,20.0355660936574
2021-01-13,6656,26,5335,17,1321,9,5957,19,52015,90,57972,109,3,96,-44,665,67,5895,0,175,120,"Anderson",76978,609.264984800852,0.197236180904523,141.598898386552,33.7758840188106,863.883187404193,19.7236180904523
2021-01-14,6753,97,5397,62,1356,35,6031,74,52422,407,58453,481,5,101,8,673,84,5979,2,177,122,"Anderson",76978,598.872405102757,0.168181818181818,624.853854347995,126.010028839409,874.275767102289,16.8181818181818
2021-01-15,6787,34,5417,20,1370,14,6055,24,52577,155,58632,179,0,101,-16,657,50,6029,1,178,125,"Anderson",76978,536.516926914183,0.158767772511848,232.533970744888,44.1684637169061,853.490607706098,15.8767772511848
2021-01-16,6851,64,5447,30,1404,34,6088,33,52821,244,58909,277,1,102,2,659,61,6090,1,179,128,"Anderson",76978,476.759593650134,0.154900616860864,359.843072046559,83.1406375847645,856.088752630622,15.4900616860864
2021-01-17,6888,37,5467,20,1421,17,6111,23,52925,104,59036,127,0,102,-6,653,43,6133,0,179,130,"Anderson",76978,446.880927018109,0.152692569870484,164.982202707267,48.065681103692,848.29431785705,15.2692569870484
2021-01-18,6907,19,5475,8,1432,11,6121,10,53021,96,59142,106,1,103,-68,585,86,6219,0,179,131,"Anderson",76978,428.693912546442,0.148421759570181,137.701680999766,24.682376782977,759.957390423238,14.8421759570181
2021-01-19,6949,42,5492,17,1457,25,6141,20,53133,112,59274,132,1,104,-78,507,119,6338,0,179,133,"Anderson",76978,414.40411546156,0.143869596031184,171.477565018577,54.5610434150017,658.629738366806,14.3869596031184
2021-01-20,6977,28,5508,16,1469,12,6160,19,53285,152,59445,171,3,107,-29,478,54,6392,0,179,135,"Anderson",76978,417.002260386084,0.137813985064494,222.141391046793,36.3740289433345,620.95663696121,13.7813985064494
2021-01-21,7033,56,5548,40,1485,16,6199,39,53526,241,59725,280,5,112,-42,436,93,6485,2,181,136,"Anderson",76978,363.740289433345,0.132075471698113,363.740289433345,72.7480578866689,566.395593546208,13.2075471698113
2021-01-22,7071,38,5566,18,1505,20,6221,22,53671,145,59892,167,2,114,-16,420,52,6537,0,181,139,"Anderson",76978,368.936579282392,0.131746031746032,216.945101197745,49.3647535659539,545.610434150017,13.1746031746032
2021-01-23,7109,38,5580,14,1529,24,6234,13,53931,260,60165,273,0,114,8,428,30,6567,1,182,139,"Anderson",76978,335.160695263582,0.116242038216561,354.646782197511,49.3647535659539,556.003013848112,11.6242038216561
2021-01-24,7122,13,5592,12,1530,1,6248,14,53998,67,60246,81,0,114,-21,407,34,6601,0,182,141,"Anderson",76978,303.982956169295,0.113223140495868,105.224869443218,16.8879420094053,528.722492140612,11.3223140495868
2021-01-25,7139,17,5603,11,1536,6,6259,11,54058,60,60317,71,2,116,-47,360,62,6663,1,183,143,"Anderson",76978,301.384811244771,0.117446808510638,92.2341448205981,22.0842318584531,467.6660864143,11.7446808510638
2021-01-26,7166,27,5624,21,1542,6,6284,25,54222,164,60506,189,0,116,-36,324,63,6726,1,184,146,"Anderson",76978,281.898724310842,0.116071428571429,245.524695367508,35.0749564810725,420.89947777287,11.6071428571429
2021-01-27,7183,17,5632,8,1551,9,6293,9,54308,86,60601,95,4,120,-18,306,31,6757,0,184,148,"Anderson",76978,267.608927225961,0.115051903114187,123.411883914885,22.0842318584531,397.516173452155,11.5051903114187
2021-01-28,7270,87,5672,40,1598,47,6340,47,54534,226,60874,273,4,124,24,330,59,6816,0,184,149,"Anderson",76978,307.880173556081,0.122715404699739,354.646782197511,113.019304216789,428.693912546442,12.2715404699739
2021-01-29,7283,13,5676,4,1607,9,6345,5,54579,45,60924,50,1,125,-34,296,46,6862,1,185,149,"Anderson",76978,275.403361999532,0.12015503875969,64.9536231130973,16.8879420094053,384.525448829536,12.015503875969
2021-01-30,7323,40,5711,35,1612,5,6381,36,54838,259,61219,295,2,127,1,297,37,6899,2,187,150,"Anderson",76978,278.001506924056,0.139468690702087,383.226376367274,51.9628984904778,385.824521291798,13.9468690702087
2021-01-31,7339,16,5718,7,1621,9,6392,11,55007,169,61399,180,1,128,-4,293,19,6918,0,187,152,"Anderson",76978,281.898724310842,0.12489158716392,233.83304320715,20.7851593961911,380.62823144275,12.489158716392
2021-02-01,7359,20,5730,12,1629,8,6405,13,55060,53,61465,66,1,129,-26,267,45,6963,1,188,153,"Anderson",76978,285.795941697628,0.127177700348432,85.7387825092884,25.9814492452389,346.852347423939,12.7177700348432
2021-02-02,7366,7,5736,6,1630,1,6411,6,55129,69,61540,75,5,134,-45,222,47,7010,0,188,154,"Anderson",76978,259.814492452389,0.122823984526112,97.4304346696459,9.09350723583361,288.394086622152,12.2823984526112
2021-02-03,7388,22,5742,6,1646,16,6421,10,55321,192,61742,202,4,138,1,223,17,7027,0,188,155,"Anderson",76978,266.309854763699,0.112182296231376,262.412637376913,28.5795941697628,289.693159084414,11.2182296231376
2021-02-04,7418,30,5756,14,1662,16,6438,17,55645,324,62083,341,2,140,-5,218,33,7060,0,188,155,"Anderson",76978,192.262724414768,0.0810587262200165,442.983709631323,38.9721738678584,283.197796773104,8.10587262200166
2021-02-05,7436,18,5767,11,1669,7,6455,17,55802,157,62257,174,2,142,-13,205,29,7089,0,188,156,"Anderson",76978,198.758086726078,0.0825206301575394,226.038608433578,23.383304320715,266.309854763699,8.25206301575394
2021-02-06,7462,26,5783,16,1679,10,6475,20,56024,222,62499,242,1,143,8,213,17,7106,1,189,156,"Anderson",76978,180.57107225441,0.0734375,314.375535867391,33.7758840188106,276.702434461794,7.34375
2021-02-07,7475,13,5790,7,1685,6,6483,8,56131,107,62614,115,0,143,-10,203,23,7129,0,189,156,"Anderson",76978,176.673854867625,0.0748971193415638,149.393333160124,16.8879420094053,263.711709839175,7.48971193415638
2021-02-08,7500,25,5796,6,1704,19,6488,5,56153,22,62641,27,2,145,-13,190,36,7165,0,189,156,"Anderson",76978,183.169217178934,0.070578231292517,35.0749564810725,32.4768115565486,246.82376782977,7.0578231292517
2021-02-09,7524,24,5806,10,1718,14,6499,11,56322,169,62821,180,2,147,-24,166,46,7211,2,191,156,"Anderson",76978,205.253449037387,0.068696330991413,233.83304320715,31.1777390942867,215.646028735483,6.8696330991413
2021-02-10,7549,25,5821,15,1728,10,6518,19,56517,195,63035,214,1,148,8,174,16,7227,1,192,156,"Anderson",76978,209.150666424173,0.0750193348801237,278.001506924056,32.4768115565486,226.038608433578,7.50193348801237
2021-02-11,7562,13,5829,8,1733,5,6530,12,56697,180,63227,192,-1,147,-16,158,30,7257,0,192,157,"Anderson",76978,187.06643456572,0.0804195804195804,249.421912754293,16.8879420094053,205.253449037387,8.04195804195804
2021-02-12,7589,27,5844,15,1745,12,6545,15,56891,194,63436,209,0,147,13,171,14,7271,0,192,157,"Anderson",76978,198.758086726078,0.0763358778625954,271.506144612746,35.0749564810725,222.141391046793,7.63358778625954
2021-02-13,7615,26,5854,10,1761,16,6555,10,57080,189,63635,199,0,147,11,182,15,7286,0,192,157,"Anderson",76978,198.758086726078,0.0704225352112676,258.515419990127,33.7758840188106,236.431188131674,7.04225352112676
2021-02-14,7629,14,5864,10,1765,4,6566,11,57141,61,63707,72,2,149,1,183,11,7297,0,192,157,"Anderson",76978,200.05715918834,0.0759377859103385,93.53321728286,18.1870144716672,237.730260593936,7.59377859103385
2021-02-15,7645,16,5872,8,1773,8,6575,9,57214,73,63789,82,0,149,-6,177,22,7319,1,193,158,"Anderson",76978,188.365507027982,0.0757839721254355,106.523941905479,20.7851593961911,229.935825820364,7.57839721254355
2021-02-16,7674,29,5886,14,1788,15,6592,17,57298,84,63890,101,0,149,11,188,18,7337,0,193,158,"Anderson",76978,194.860869339292,0.0869971936389149,131.206318688456,37.6731014055964,244.225622905246,8.69971936389149
2021-02-17,7693,19,5898,12,1795,7,6604,12,57406,108,64010,120,0,149,-8,180,27,7364,0,193,160,"Anderson",76978,187.06643456572,0.0882051282051282,155.888695471433,24.682376782977,233.83304320715,8.82051282051282
2021-02-18,7717,24,5920,22,1797,2,6630,26,57562,156,64192,182,0,149,9,189,15,7379,0,193,160,"Anderson",76978,201.356231650601,0.103626943005181,236.431188131674,31.1777390942867,245.524695367508,10.3626943005181
2021-02-19,7730,13,5931,11,1799,2,6645,15,57608,46,64253,61,0,149,0,189,13,7392,0,193,161,"Anderson",76978,183.169217178934,0.122399020807834,79.2434201979787,16.8879420094053,245.524695367508,12.2399020807834
2021-02-20,7749,19,5938,7,1811,12,6654,9,57730,122,64384,131,1,150,3,192,15,7407,0,193,162,"Anderson",76978,174.075709943101,0.132176234979973,170.178492556315,24.682376782977,249.421912754293,13.2176234979973
2021-02-21,7761,12,5945,7,1816,5,6661,7,57794,64,64455,71,2,152,-1,191,11,7418,1,194,162,"Anderson",76978,171.477565018577,0.127005347593583,92.2341448205981,15.5888695471433,248.122840292031,12.7005347593583
2021-02-22,7766,5,5947,2,1819,3,6667,6,57831,37,64498,43,1,153,-17,174,21,7439,0,194,163,"Anderson",76978,157.187767933695,0.129760225669958,55.8601158772636,6.49536231130973,226.038608433578,12.9760225669958
2021-02-23,7790,24,5956,9,1834,15,6675,8,57974,143,64649,151,2,155,-2,172,24,7463,0,194,165,"Anderson",76978,150.692405622386,0.10935441370224,196.159941801554,31.1777390942867,223.440463509055,10.935441370224
2021-02-24,7822,32,5975,19,1847,13,6698,23,58148,174,64846,197,0,155,15,187,17,7480,0,194,165,"Anderson",76978,167.580347631791,0.11244019138756,255.917275065603,41.5703187923822,242.926550442984,11.244019138756
2021-02-25,7839,17,5983,8,1856,9,6709,11,58275,127,64984,138,1,156,-3,184,19,7499,0,194,165,"Anderson",76978,158.486840395957,0.0997474747474748,179.271999792148,22.0842318584531,239.029333056198,9.97474747474748
2021-02-26,7851,12,5991,8,1860,4,6718,9,58374,99,65092,108,0,156,-17,167,29,7528,0,194,165,"Anderson",76978,157.187767933695,0.0870083432657926,140.29982592429,15.5888695471433,216.945101197745,8.70083432657926
2021-02-27,7860,9,5998,7,1862,2,6724,6,58466,92,65190,98,0,156,-6,161,15,7543,0,194,165,"Anderson",76978,144.197043311076,0.086848635235732,127.309101301671,11.6916521603575,209.150666424173,8.6848635235732
2021-02-28,7874,14,6008,10,1866,4,6735,11,58537,71,65272,82,0,156,0,161,14,7557,0,194,165,"Anderson",76978,146.7951882356,0.0905752753977968,106.523941905479,18.1870144716672,209.150666424173,9.05752753977968
2021-03-01,7882,8,6013,5,1869,3,6742,7,58572,35,65314,42,0,156,-11,150,19,7576,0,194,165,"Anderson",76978,150.692405622386,0.0919117647058824,54.5610434150017,10.3925796980956,194.860869339292,9.19117647058824
2021-03-02,7905,23,6024,11,1881,12,6752,10,58688,116,65440,126,1,157,-2,148,24,7600,1,195,165,"Anderson",76978,149.393333160124,0.0973451327433628,163.683130245005,29.8786666320247,192.262724414768,9.73451327433628
2021-03-03,7938,33,6045,21,1893,12,6777,25,58804,116,65581,141,1,158,13,161,19,7619,0,195,166,"Anderson",76978,150.692405622386,0.107482993197279,183.169217178934,42.8693912546442,209.150666424173,10.7482993197279
2021-03-04,7963,25,6058,13,1905,12,6794,17,58967,163,65761,180,0,158,13,174,12,7631,0,195,166,"Anderson",76978,161.084985320481,0.109395109395109,233.83304320715,32.4768115565486,226.038608433578,10.9395109395109
2021-03-05,7995,32,6075,17,1920,15,6816,22,59101,134,65917,156,0,158,17,191,15,7646,2,197,166,"Anderson",76978,187.06643456572,0.118787878787879,202.655304112863,41.5703187923822,248.122840292031,11.8787878787879
2021-03-06,8005,10,6080,5,1925,5,6824,8,59190,89,66014,97,0,158,-1,190,11,7657,0,197,166,"Anderson",76978,188.365507027982,0.121359223300971,126.010028839409,12.9907246226195,246.82376782977,12.1359223300971
2021-03-07,8011,6,6083,3,1928,3,6827,3,59229,39,66056,42,0,158,-10,180,16,7673,0,197,166,"Anderson",76978,177.972927329886,0.11734693877551,54.5610434150017,7.79443477357167,233.83304320715,11.734693877551
2021-03-08,8027,16,6090,7,1937,9,6836,9,59306,77,66142,86,1,159,-4,176,19,7692,0,197,166,"Anderson",76978,188.365507027982,0.113526570048309,111.720231754527,20.7851593961911,228.636753358102,11.3526570048309
2021-03-09,8048,21,6098,8,1950,13,6844,8,59371,65,66215,73,0,159,3,179,18,7710,3,200,167,"Anderson",76978,185.767362103458,0.118709677419355,94.832289745122,27.2805217075008,232.533970744888,11.8709677419355
2021-03-10,8070,22,6111,13,1959,9,6860,16,59528,157,66388,173,0,159,11,190,11,7721,1,201,167,"Anderson",76978,171.477565018577,0.102850061957869,224.739535971316,28.5795941697628,246.82376782977,10.2850061957869
2021-03-11,8093,23,6121,10,1972,13,6870,10,59625,97,66495,107,0,159,1,191,22,7743,1,202,168,"Anderson",76978,168.879420094053,0.103542234332425,139.000753462028,29.8786666320247,248.122840292031,10.3542234332425
2021-03-12,8113,20,6138,17,1975,3,6890,20,59731,106,66621,126,0,159,8,199,12,7755,0,202,168,"Anderson",76978,153.29055054691,0.105113636363636,163.683130245005,25.9814492452389,258.515419990127,10.5113636363636
2021-03-13,8124,11,6142,4,1982,7,6894,4,59807,76,66701,80,0,159,2,201,9,7764,1,203,168,"Anderson",76978,154.589623009171,0.101892285298399,103.925796980956,14.2897970848814,261.113564914651,10.1892285298399
2021-03-14,8130,6,6146,4,1984,2,6900,6,59843,36,66743,42,0,159,-13,188,19,7783,1,204,168,"Anderson",76978,154.589623009171,0.106259097525473,54.5610434150017,7.79443477357167,244.225622905246,10.6259097525473
2021-03-15,8148,18,6152,6,1996,12,6906,6,59876,33,66782,39,0,159,-9,179,27,7810,1,205,168,"Anderson",76978,157.187767933695,0.109375,50.6638260282159,23.383304320715,232.533970744888,10.9375
2021-03-16,8181,33,6165,13,2016,20,6921,15,59969,93,66890,108,0,159,-1,178,34,7844,2,207,168,"Anderson",76978,172.776637480839,0.114074074074074,140.29982592429,42.8693912546442,231.234898282626,11.4074074074074
2021-03-17,8198,17,6176,11,2022,6,6934,13,60056,87,66990,100,0,159,-5,173,22,7866,0,207,169,"Anderson",76978,166.281275169529,0.122923588039867,129.907246226195,22.0842318584531,224.739535971316,12.2923588039867
2021-03-18,8214,16,6188,12,2026,4,6949,15,60137,81,67086,96,1,160,-1,172,16,7882,0,207,169,"Anderson",76978,157.187767933695,0.133671742808799,124.710956377147,20.7851593961911,223.440463509055,13.3671742808799
2021-03-19,8238,24,6202,14,2036,10,6962,13,60256,119,67218,132,0,160,13,185,11,7893,1,208,169,"Anderson",76978,162.384057782743,0.120603015075377,171.477565018577,31.1777390942867,240.32840551846,12.0603015075377
2021-03-20,8250,12,6208,6,2042,6,6970,8,60295,39,67265,47,0,160,3,188,9,7902,1,209,169,"Anderson",76978,163.683130245005,0.134751773049645,61.0564057263114,15.5888695471433,244.225622905246,13.4751773049645
2021-03-21,8260,10,6214,6,2046,4,6977,7,60357,62,67334,69,-1,159,-5,183,16,7918,0,209,169,"Anderson",76978,168.879420094053,0.130287648054146,89.6359998960742,12.9907246226195,237.730260593936,13.0287648054146
2021-03-22,8266,6,6215,1,2051,5,6978,1,60423,66,67401,67,0,159,-9,174,15,7933,1,210,169,"Anderson",76978,153.29055054691,0.116316639741519,87.0378549715503,7.79443477357167,226.038608433578,11.6316639741519
2021-03-23,8272,6,6216,1,2056,5,6979,1,60466,43,67445,44,0,159,-15,159,21,7954,0,210,170,"Anderson",76978,118.215594065837,0.104504504504505,57.1591883395256,7.79443477357167,206.552521499649,10.4504504504505
2021-03-24,8280,8,6223,7,2057,1,6986,7,60587,121,67573,128,1,160,-11,148,18,7972,0,210,170,"Anderson",76978,106.523941905479,0.0891938250428816,166.281275169529,10.3925796980956,192.262724414768,8.91938250428817
2021-03-25,8290,10,6228,5,2062,5,6992,6,60688,101,67680,107,0,160,-10,138,20,7992,0,210,170,"Anderson",76978,98.7295071319078,0.0723905723905724,139.000753462028,12.9907246226195,179.271999792148,7.23905723905724
2021-03-26,8307,17,6240,12,2067,5,7003,11,60754,66,67757,77,0,160,2,140,15,8007,0,210,171,"Anderson",76978,89.6359998960742,0.0760667903525046,100.02857959417,22.0842318584531,181.870144716672,7.60667903525046
2021-03-27,8311,4,6244,4,2067,0,7009,6,60818,64,67827,70,1,161,-12,128,15,8022,2,212,171,"Anderson",76978,79.2434201979786,0.0693950177935943,90.9350723583361,5.19628984904778,166.281275169529,6.93950177935943
2021-03-28,8314,3,6244,0,2070,3,7009,0,60847,29,67856,29,1,162,-12,116,14,8036,0,212,172,"Anderson",76978,70.149912962145,0.0613026819923372,37.6731014055964,3.89721738678583,150.692405622386,6.13026819923372
2021-03-29,8329,15,6248,4,2081,11,7013,4,60933,86,67946,90,1,163,-16,100,30,8066,0,212,173,"Anderson",76978,81.8415651225025,0.0642201834862385,116.916521603575,19.4860869339292,129.907246226195,6.42201834862385
2021-03-30,8334,5,6251,3,2083,2,7016,3,60991,58,68007,61,1,164,-12,88,16,8082,0,212,173,"Anderson",76978,80.5424926602406,0.0658362989323843,79.2434201979787,6.49536231130973,114.318376679051,6.58362989323843
2021-03-31,8357,23,6265,14,2092,9,7032,16,61155,164,68187,180,1,165,10,98,12,8094,1,213,173,"Anderson",76978,100.02857959417,0.0749185667752443,233.83304320715,29.8786666320247,127.309101301671,7.49185667752443
2021-04-01,8366,9,6269,4,2097,5,7036,4,61212,57,68248,61,0,165,-8,90,17,8111,0,213,173,"Anderson",76978,98.7295071319078,0.0774647887323944,79.2434201979787,11.6916521603575,116.916521603575,7.74647887323944
2021-04-02,8375,9,6276,7,2099,2,7043,7,61282,70,68325,77,0,165,-1,89,10,8121,0,213,173,"Anderson",76978,88.3369274338123,0.0704225352112676,100.02857959417,11.6916521603575,115.617449141313,7.04225352112676
2021-04-03,8381,6,6281,5,2100,1,7049,6,61332,50,68381,56,0,165,-8,81,14,8135,0,213,173,"Anderson",76978,90.9350723583361,0.0722021660649819,72.7480578866689,7.79443477357167,105.224869443218,7.22021660649819
2021-04-04,8383,2,6283,2,2100,0,7051,2,61370,38,68421,40,0,165,-5,76,7,8142,0,213,173,"Anderson",76978,89.6359998960742,0.0743362831858407,51.9628984904778,2.59814492452389,98.7295071319078,7.43362831858407
2021-04-05,8397,14,6286,3,2111,11,7053,2,61428,58,68481,60,0,165,4,80,10,8152,2,215,173,"Anderson",76978,88.3369274338123,0.0747663551401869,77.9443477357167,18.1870144716672,103.925796980956,7.47663551401869
2021-04-06,8402,5,6290,4,2112,1,7059,6,61470,42,68529,48,0,165,3,83,2,8154,0,215,173,"Anderson",76978,88.3369274338123,0.0823754789272031,62.3554781885734,6.49536231130973,107.823014367741,8.23754789272031
2021-04-07,8422,20,6303,13,2119,7,7073,14,61629,159,68702,173,0,165,10,93,10,8164,2,217,173,"Anderson",76978,84.4397100470264,0.0796116504854369,224.739535971316,25.9814492452389,120.813738990361,7.96116504854369
2021-04-08,8425,3,6305,2,2120,1,7076,3,61720,91,68796,94,5,170,-17,76,15,8179,1,218,173,"Anderson",76978,76.6452752734548,0.072992700729927,122.112811452623,3.89721738678583,98.7295071319078,7.2992700729927
2021-04-09,8433,8,6311,6,2122,2,7085,9,61807,87,68892,96,-4,166,8,84,4,8183,0,218,173,"Anderson",76978,75.3462028111928,0.0740740740740741,124.710956377147,10.3925796980956,109.122086830003,7.40740740740741
2021-04-10,8438,5,6316,5,2122,0,7090,5,61878,71,68968,76,0,166,-6,78,11,8194,0,218,173,"Anderson",76978,74.0471303489309,0.0698466780238501,98.7295071319078,6.49536231130973,101.327652056432,6.98466780238501
2021-04-11,8445,7,6321,5,2124,2,7095,5,61922,44,69017,49,-1,165,0,78,8,8202,0,218,173,"Anderson",76978,80.5424926602406,0.0738255033557047,63.6545506508353,9.09350723583361,101.327652056432,7.38255033557047
2021-04-12,8448,3,6324,3,2124,0,7098,3,61991,69,69089,72,0,165,-7,71,10,8212,0,218,173,"Anderson",76978,66.2526955753592,0.0740131578947368,93.53321728286,3.89721738678583,92.2341448205981,7.40131578947368
2021-04-13,8458,10,6329,5,2129,5,7104,6,62052,61,69156,67,5,170,-8,63,13,8225,0,218,173,"Anderson",76978,72.7480578866689,0.0717703349282297,87.0378549715503,12.9907246226195,81.8415651225025,7.17703349282297
2021-04-14,8472,14,6338,9,2134,5,7115,11,62190,138,69305,149,0,170,7,70,7,8232,0,218,173,"Anderson",76978,64.9536231130973,0.0696517412935323,193.56179687703,18.1870144716672,90.9350723583361,6.96517412935323
2021-04-15,8481,9,6343,5,2138,4,7120,5,62271,81,69391,86,0,170,6,76,3,8235,0,218,173,"Anderson",76978,72.7480578866689,0.0739495798319328,111.720231754527,11.6916521603575,98.7295071319078,7.39495798319328
2021-04-16,8494,13,6354,11,2140,2,7133,13,62424,153,69557,166,0,170,6,82,7,8242,0,218,173,"Anderson",76978,79.2434201979786,0.0721804511278196,215.646028735483,16.8879420094053,106.523941905479,7.21804511278196
2021-04-17,8499,5,6357,3,2142,2,7137,4,62489,65,69626,69,0,170,0,82,5,8247,0,218,173,"Anderson",76978,79.2434201979786,0.0714285714285714,89.6359998960742,6.49536231130973,106.523941905479,7.14285714285714
2021-04-18,8506,7,6363,6,2143,1,7143,6,62534,45,69677,51,0,170,0,82,7,8254,0,218,173,"Anderson",76978,79.2434201979786,0.0727272727272727,66.2526955753592,9.09350723583361,106.523941905479,7.27272727272727
2021-04-19,8512,6,6366,3,2146,3,7146,3,62557,23,69703,26,0,170,-6,76,12,8266,0,218,174,"Anderson",76978,83.1406375847645,0.0781758957654723,33.7758840188106,7.79443477357167,98.7295071319078,7.81758957654723
2021-04-20,8518,6,6369,3,2149,3,7149,3,62656,99,69805,102,0,170,-1,75,7,8273,0,218,174,"Anderson",76978,77.9443477357167,0.0693374422187981,132.505391150718,7.79443477357167,97.4304346696459,6.93374422187981
2021-04-21,8530,12,6375,6,2155,6,7155,6,62811,155,69966,161,1,171,-2,73,13,8286,0,218,174,"Anderson",76978,75.3462028111928,0.0605143721633888,209.150666424173,15.5888695471433,94.832289745122,6.05143721633888
2021-04-22,8548,18,6381,6,2167,12,7162,7,62955,144,70117,151,0,171,12,85,6,8292,0,218,174,"Anderson",76978,87.0378549715503,0.0578512396694215,196.159941801554,23.383304320715,110.421159292265,5.78512396694215
2021-04-23,8558,10,6386,5,2172,5,7168,6,63121,166,70289,172,0,171,8,93,2,8294,0,218,174,"Anderson",76978,83.1406375847645,0.0478142076502732,223.440463509055,12.9907246226195,120.813738990361,4.78142076502732
2021-04-24,8570,12,6392,6,2178,6,7175,7,63188,67,70363,74,0,171,8,101,4,8298,1,219,174,"Anderson",76978,92.2341448205981,0.0515603799185889,96.1313622073839,15.5888695471433,131.206318688456,5.15603799185889
2021-04-25,8574,4,6394,2,2180,2,7177,2,63228,40,70405,42,0,171,0,101,4,8302,0,219,174,"Anderson",76978,88.3369274338123,0.0467032967032967,54.5610434150017,5.19628984904778,131.206318688456,4.67032967032967
2021-04-26,8583,9,6398,4,2185,5,7181,4,63303,75,70484,79,0,171,2,103,7,8309,0,219,175,"Anderson",76978,92.2341448205981,0.0448143405889885,102.626724518694,11.6916521603575,133.80446361298,4.48143405889885
2021-04-27,8593,10,6404,6,2189,4,7187,6,63371,68,70558,74,0,171,-3,100,13,8322,0,219,175,"Anderson",76978,97.4304346696459,0.050464807436919,96.1313622073839,12.9907246226195,129.907246226195,5.0464807436919
2021-04-28,8610,17,6416,12,2194,5,7200,13,63509,138,70709,151,0,171,1,101,16,8338,1,220,175,"Anderson",76978,103.925796980956,0.0605652759084791,196.159941801554,22.0842318584531,131.206318688456,6.05652759084791
2021-04-29,8616,6,6418,2,2198,4,7203,3,63658,149,70861,152,0,171,-1,100,7,8345,0,220,175,"Anderson",76978,88.3369274338123,0.0551075268817204,197.459014263816,7.79443477357167,129.907246226195,5.51075268817204
2021-04-30,8623,7,6421,3,2202,4,7207,4,63780,122,70987,126,0,171,-2,98,9,8354,0,220,175,"Anderson",76978,84.4397100470264,0.0558739255014327,163.683130245005,9.09350723583361,127.309101301671,5.58739255014327
2021-05-01,8628,5,6424,3,2204,2,7210,3,63843,63,71053,66,0,171,-1,97,6,8360,1,221,175,"Anderson",76978,75.3462028111928,0.0507246376811594,85.7387825092884,6.49536231130973,126.010028839409,5.07246376811594
2021-05-02,8631,3,6425,1,2206,2,7211,1,63894,51,71105,52,0,171,-7,90,10,8370,0,221,175,"Anderson",76978,74.0471303489309,0.0485714285714286,67.5517680376211,3.89721738678583,116.916521603575,4.85714285714286
2021-05-03,8641,10,6430,5,2211,5,7216,5,64000,106,71216,111,0,171,-3,87,13,8383,0,221,175,"Anderson",76978,75.3462028111928,0.0478142076502732,144.197043311076,12.9907246226195,113.019304216789,4.78142076502732
2021-05-04,8643,2,6430,0,2213,2,7217,1,64076,76,71293,77,0,171,-11,76,13,8396,0,221,175,"Anderson",76978,64.9536231130973,0.0408163265306122,100.02857959417,2.59814492452389,98.7295071319078,4.08163265306122
2021-05-05,8651,8,6434,4,2217,4,7220,3,64193,117,71413,120,0,171,-3,73,11,8407,0,221,175,"Anderson",76978,53.2619709527397,0.0284090909090909,155.888695471433,10.3925796980956,94.832289745122,2.84090909090909
2021-05-06,8656,5,6437,3,2219,2,7226,6,64245,52,71471,58,0,171,-4,69,9,8416,1,222,175,"Anderson",76978,51.9628984904778,0.0377049180327869,75.3462028111928,6.49536231130973,89.6359998960742,3.77049180327869
2021-05-07,8661,5,6439,2,2222,3,7229,3,64366,121,71595,124,0,171,-4,65,9,8425,0,222,175,"Anderson",76978,49.3647535659539,0.0361842105263158,161.084985320481,6.49536231130973,84.4397100470264,3.61842105263158
2021-05-08,8667,6,6442,3,2225,3,7231,2,64435,69,71666,71,0,171,-6,59,12,8437,1,223,175,"Anderson",76978,50.6638260282159,0.034257748776509,92.2341448205981,7.79443477357167,76.6452752734548,3.4257748776509
2021-05-09,8668,1,6442,0,2226,1,7232,1,64463,28,71695,29,0,171,-4,55,5,8442,0,223,175,"Anderson",76978,48.065681103692,0.0355932203389831,37.6731014055964,1.29907246226194,71.448985424407,3.55932203389831
2021-05-10,8673,5,6442,0,2231,5,7232,0,64551,88,71783,88,0,171,-5,50,10,8452,0,223,175,"Anderson",76978,41.5703187923822,0.0282186948853616,114.318376679051,6.49536231130973,64.9536231130973,2.82186948853616
2021-05-11,8681,8,6443,1,2238,7,7234,2,64593,42,71827,44,0,171,3,53,5,8457,0,223,175,"Anderson",76978,49.3647535659539,0.0318352059925094,57.1591883395256,10.3925796980956,68.8508404998831,3.18352059925094
2021-05-12,8694,13,6450,7,2244,6,7240,6,64697,104,71937,110,0,171,8,61,5,8462,2,225,175,"Anderson",76978,55.8601158772636,0.0381679389312977,142.897970848814,16.8879420094053,79.2434201979787,3.81679389312977
2021-05-13,8698,4,6452,2,2246,2,7242,2,64800,103,72042,105,0,171,-3,58,7,8469,2,227,175,"Anderson",76978,54.5610434150017,0.0280210157618214,136.402608537504,5.19628984904778,75.3462028111928,2.80210157618214
2021-05-14,8706,8,6455,3,2251,5,7247,5,64887,87,72134,92,0,171,2,60,6,8475,0,227,175,"Anderson",76978,58.4582608017875,0.0333951762523191,119.514666528099,10.3925796980956,77.9443477357167,3.33951762523191
2021-05-15,8711,5,6457,2,2254,3,7249,2,64952,65,72201,67,0,171,1,61,4,8479,0,227,175,"Anderson",76978,57.1591883395256,0.0336448598130841,87.0378549715503,6.49536231130973,79.2434201979787,3.36448598130841
2021-05-16,8713,2,6458,1,2255,1,7250,1,64988,36,72238,37,0,171,-5,56,7,8486,0,227,175,"Anderson",76978,58.4582608017875,0.0331491712707182,48.065681103692,2.59814492452389,72.7480578866689,3.31491712707182
2021-05-17,8719,6,6463,5,2256,1,7255,5,65047,59,72302,64,1,172,0,56,5,8491,0,227,175,"Anderson",76978,59.7573332640495,0.0443159922928709,83.1406375847645,7.79443477357167,72.7480578866689,4.43159922928709
2021-05-18,8723,4,6463,0,2260,4,7255,0,65138,91,72393,91,0,172,0,56,4,8495,1,228,175,"Anderson",76978,54.5610434150017,0.0371024734982332,118.215594065837,5.19628984904778,72.7480578866689,3.71024734982332
2021-05-19,8730,7,6468,5,2262,2,7261,6,65257,119,72518,125,0,172,4,60,3,8498,0,228,175,"Anderson",76978,46.76660864143,0.036144578313253,162.384057782743,9.09350723583361,77.9443477357167,3.6144578313253
2021-05-20,8732,2,6470,2,2262,0,7263,2,65376,119,72639,121,0,172,-1,59,3,8501,0,228,175,"Anderson",76978,44.1684637169061,0.0351758793969849,157.187767933695,2.59814492452389,76.6452752734548,3.51758793969849
2021-05-21,8734,2,6470,0,2264,2,7263,0,65446,70,72709,70,0,172,-7,52,9,8510,0,228,175,"Anderson",76978,36.3740289433345,0.0278260869565217,90.9350723583361,2.59814492452389,67.5517680376211,2.78260869565217
2021-05-22,8739,5,6472,2,2267,3,7265,2,65486,40,72751,42,0,172,-3,49,8,8518,0,228,175,"Anderson",76978,36.3740289433345,0.0290909090909091,54.5610434150017,6.49536231130973,63.6545506508353,2.90909090909091
2021-05-23,8739,0,6472,0,2267,0,7265,0,65515,29,72780,29,0,172,-3,46,3,8521,0,228,175,"Anderson",76978,33.7758840188106,0.0276752767527675,37.6731014055964,0,59.7573332640495,2.76752767527675
2021-05-24,8747,8,6476,4,2271,4,7268,3,65574,59,72842,62,0,172,1,47,7,8528,0,228,175,"Anderson",76978,36.3740289433345,0.0240740740740741,80.5424926602406,10.3925796980956,61.0564057263114,2.40740740740741
2021-05-25,8749,2,6476,0,2273,2,7269,1,65619,45,72888,46,0,172,-10,37,12,8540,0,228,175,"Anderson",76978,33.7758840188106,0.0282828282828283,59.7573332640495,2.59814492452389,48.065681103692,2.82828282828283
2021-05-26,8756,7,6481,5,2275,2,7275,6,65719,100,72994,106,0,172,0,37,7,8547,0,228,175,"Anderson",76978,33.7758840188106,0.0294117647058824,137.701680999766,9.09350723583361,48.065681103692,2.94117647058824
2021-05-27,8758,2,6482,1,2276,1,7276,1,65769,50,73045,51,0,172,-1,36,3,8550,1,229,175,"Anderson",76978,33.7758840188106,0.0320197044334975,66.2526955753592,2.59814492452389,46.76660864143,3.20197044334975
2021-05-28,8763,5,6486,4,2277,1,7281,5,65852,83,73133,88,0,172,0,36,5,8555,0,229,175,"Anderson",76978,37.6731014055964,0.0424528301886792,114.318376679051,6.49536231130973,46.76660864143,4.24528301886792
2021-05-29,8764,1,6486,0,2278,1,7281,0,65889,37,73170,37,0,172,-5,31,6,8561,0,229,175,"Anderson",76978,32.4768115565486,0.0381861575178998,48.065681103692,1.29907246226194,40.2712463301203,3.81861575178998
2021-05-30,8767,3,6487,1,2280,2,7282,1,65939,50,73221,51,0,172,0,31,3,8564,0,229,175,"Anderson",76978,36.3740289433345,0.0385487528344671,66.2526955753592,3.89721738678583,40.2712463301203,3.85487528344671
2021-05-31,8771,4,6490,3,2281,1,7285,3,65990,51,73275,54,0,172,1,32,3,8567,0,229,175,"Anderson",76978,31.1777390942867,0.0392609699769053,70.149912962145,5.19628984904778,41.5703187923822,3.92609699769053
2021-06-01,8774,3,6492,2,2282,1,7286,1,66038,48,73324,49,0,172,1,33,2,8569,1,230,175,"Anderson",76978,32.4768115565486,0.0389908256880734,63.6545506508353,3.89721738678583,42.8693912546442,3.89908256880734
2021-06-02,8778,4,6493,1,2285,3,7288,2,66079,41,73367,43,0,172,-2,31,6,8575,0,230,175,"Anderson",76978,28.5795941697628,0.0348525469168901,55.8601158772636,5.19628984904778,40.2712463301203,3.48525469168901
2021-06-03,8779,1,6493,0,2286,1,7291,3,66169,90,73460,93,1,173,-3,28,3,8578,0,230,175,"Anderson",76978,27.2805217075008,0.036144578313253,120.813738990361,1.29907246226194,36.3740289433345,3.6144578313253
2021-06-04,8780,1,6494,1,2286,0,7293,2,66222,53,73515,55,-1,172,-2,26,4,8582,0,230,175,"Anderson",76978,22.0842318584531,0.031413612565445,71.448985424407,1.29907246226194,33.7758840188106,3.1413612565445
2021-06-05,8781,1,6495,1,2286,0,7294,1,66279,57,73573,58,0,172,-3,23,4,8586,0,230,175,"Anderson",76978,22.0842318584531,0.032258064516129,75.3462028111928,1.29907246226194,29.8786666320247,3.2258064516129
2021-06-06,8781,0,6495,0,2286,0,7294,0,66304,25,73598,25,0,172,-4,19,4,8590,0,230,175,"Anderson",76978,18.1870144716672,0.0318302387267905,32.4768115565486,0,24.682376782977,3.18302387267904
2021-06-07,8782,1,6495,0,2287,1,7294,0,66368,64,73662,64,0,172,-1,18,2,8592,0,230,175,"Anderson",76978,14.2897970848814,0.0232558139534884,83.1406375847645,1.29907246226194,23.383304320715,2.32558139534884
2021-06-08,8783,1,6495,0,2288,1,7294,0,66405,37,73699,37,0,172,-1,17,2,8594,1,231,176,"Anderson",76978,11.6916521603575,0.0213333333333333,48.065681103692,1.29907246226194,22.0842318584531,2.13333333333333
2021-06-09,8783,0,6495,0,2288,0,7294,0,66487,82,73781,82,0,172,-4,13,4,8598,0,231,176,"Anderson",76978,6.49536231130972,0.0144927536231884,106.523941905479,0,16.8879420094053,1.44927536231884
2021-06-10,8787,4,6496,1,2291,3,7295,1,66544,57,73839,58,0,172,4,17,0,8598,0,231,176,"Anderson",76978,10.3925796980956,0.0105540897097625,75.3462028111928,5.19628984904778,22.0842318584531,1.05540897097625
2021-06-11,8788,1,6496,0,2292,1,7296,1,66599,55,73895,56,1,173,-3,14,3,8601,0,231,176,"Anderson",76978,10.3925796980956,0.00789473684210526,72.7480578866689,1.29907246226194,18.1870144716672,0.789473684210526
2021-06-12,8789,1,6496,0,2293,1,7297,1,66654,55,73951,56,2,175,-4,10,3,8604,0,231,176,"Anderson",76978,10.3925796980956,0.00793650793650794,72.7480578866689,1.29907246226194,12.9907246226195,0.793650793650794
2021-06-13,8790,1,6496,0,2294,1,7298,1,66692,38,73990,39,0,175,-3,7,4,8608,0,231,176,"Anderson",76978,11.6916521603575,0.0102040816326531,50.6638260282159,1.29907246226194,9.09350723583361,1.02040816326531
2021-06-14,8792,2,6498,2,2294,0,7300,2,66778,86,74078,88,0,175,1,8,1,8609,0,231,176,"Anderson",76978,12.9907246226194,0.0144230769230769,114.318376679051,2.59814492452389,10.3925796980956,1.44230769230769
2021-06-15,8792,0,6498,0,2294,0,7301,1,66809,31,74110,32,0,175,-1,7,1,8610,0,231,176,"Anderson",76978,11.6916521603575,0.0170316301703163,41.5703187923822,0,9.09350723583361,1.70316301703163
2021-06-16,8793,1,6499,1,2294,0,7302,1,66853,44,74155,45,0,175,0,7,1,8611,0,231,176,"Anderson",76978,12.9907246226194,0.0213903743315508,58.4582608017875,1.29907246226194,9.09350723583361,2.13903743315508
2021-06-17,8793,0,6499,0,2294,0,7302,0,66939,86,74241,86,0,175,-1,6,1,8612,0,231,176,"Anderson",76978,7.79443477357167,0.0174129353233831,111.720231754527,0,7.79443477357167,1.74129353233831
2021-06-18,8795,2,6500,1,2295,1,7306,4,66989,50,74295,54,0,175,1,7,1,8613,0,231,176,"Anderson",76978,9.09350723583361,0.025,70.149912962145,2.59814492452389,9.09350723583361,2.5
2021-06-19,8795,0,6500,0,2295,0,7306,0,67037,48,74343,48,0,175,-1,6,1,8614,0,231,176,"Anderson",76978,7.79443477357167,0.0229591836734694,62.3554781885734,0,7.79443477357167,2.29591836734694
2021-06-20,8795,0,6500,0,2295,0,7307,1,67060,23,74367,24,0,175,-2,4,2,8616,0,231,176,"Anderson",76978,6.49536231130972,0.0238726790450928,31.1777390942867,0,5.19628984904778,2.38726790450928
2021-06-21,8796,1,6500,0,2296,1,7307,0,67100,40,74407,40,0,175,0,4,1,8617,0,231,176,"Anderson",76978,5.19628984904778,0.0212765957446809,51.9628984904778,1.29907246226194,5.19628984904778,2.12765957446809
2021-06-22,8800,4,6501,1,2299,3,7307,0,67142,42,74449,42,0,175,2,6,2,8619,1,232,176,"Anderson",76978,10.3925796980956,0.0176991150442478,54.5610434150017,5.19628984904778,7.79443477357167,1.76991150442478
2021-06-23,8801,1,6502,1,2299,0,7308,1,67190,48,74498,49,0,175,1,7,0,8619,0,232,176,"Anderson",76978,10.3925796980956,0.0174927113702624,63.6545506508353,1.29907246226194,9.09350723583361,1.74927113702624
2021-06-24,8801,0,6502,0,2299,0,7309,1,67235,45,74544,46,0,175,-3,4,3,8622,0,232,176,"Anderson",76978,10.3925796980956,0.0231023102310231,59.7573332640495,0,5.19628984904778,2.31023102310231
2021-06-25,8802,1,6503,1,2299,0,7310,1,67271,36,74581,37,0,175,1,5,0,8622,0,232,176,"Anderson",76978,9.09350723583361,0.013986013986014,48.065681103692,1.29907246226194,6.49536231130973,1.3986013986014
2021-06-26,8803,1,6504,1,2299,0,7311,1,67304,33,74615,34,0,175,0,5,1,8623,0,232,176,"Anderson",76978,10.3925796980956,0.0183823529411765,44.1684637169061,1.29907246226194,6.49536231130973,1.83823529411765
2021-06-27,8803,0,6504,0,2299,0,7311,0,67336,32,74647,32,0,175,0,5,0,8623,0,232,176,"Anderson",76978,10.3925796980956,0.0142857142857143,41.5703187923822,0,6.49536231130973,1.42857142857143
2021-06-28,8804,1,6504,0,2300,1,7312,1,67352,16,74664,17,0,175,1,6,0,8623,0,232,176,"Anderson",76978,10.3925796980956,0.0194552529182879,22.0842318584531,1.29907246226194,7.79443477357167,1.94552529182879
2021-06-29,8807,3,6507,3,2300,0,7315,3,67411,59,74726,62,0,175,2,8,1,8624,0,232,176,"Anderson",76978,9.09350723583361,0.0288808664259928,80.5424926602406,3.89721738678583,10.3925796980956,2.88808664259928
2021-06-30,8807,0,6507,0,2300,0,7315,0,67457,46,74772,46,0,175,-1,7,1,8625,0,232,176,"Anderson",76978,7.79443477357167,0.0255474452554745,59.7573332640495,0,9.09350723583361,2.55474452554745
2021-07-01,8808,1,6508,1,2300,0,7316,1,67494,37,74810,38,0,175,1,8,0,8625,0,232,176,"Anderson",76978,9.09350723583361,0.0263157894736842,49.3647535659539,1.29907246226194,10.3925796980956,2.63157894736842
2021-07-02,8808,0,6508,0,2300,0,7316,0,67537,43,74853,43,0,175,0,8,0,8625,0,232,176,"Anderson",76978,7.79443477357167,0.0220588235294118,55.8601158772636,0,10.3925796980956,2.20588235294118
2021-07-03,8808,0,6508,0,2300,0,7316,0,67558,21,74874,21,0,175,-1,7,1,8626,0,232,176,"Anderson",76978,6.49536231130972,0.0193050193050193,27.2805217075008,0,9.09350723583361,1.93050193050193
2021-07-04,8809,1,6508,0,2301,1,7317,1,67583,25,74900,26,0,175,0,7,1,8627,0,232,176,"Anderson",76978,7.79443477357167,0.0237154150197628,33.7758840188106,1.29907246226194,9.09350723583361,2.37154150197628
2021-07-05,8809,0,6508,0,2301,0,7318,1,67598,15,74916,16,0,175,-1,6,1,8628,0,232,176,"Anderson",76978,6.49536231130972,0.0238095238095238,20.7851593961911,0,7.79443477357167,2.38095238095238
2021-07-06,8810,1,6508,0,2302,1,7318,0,67628,30,74946,30,1,176,-3,3,3,8631,0,232,176,"Anderson",76978,3.89721738678583,0.0136363636363636,38.9721738678584,1.29907246226194,3.89721738678583,1.36363636363636
2021-07-07,8811,1,6508,0,2303,1,7318,0,67674,46,74992,46,0,176,-2,1,3,8634,0,232,176,"Anderson",76978,5.19628984904778,0.0136363636363636,59.7573332640495,1.29907246226194,1.29907246226194,1.36363636363636
2021-07-08,8812,1,6509,1,2303,0,7319,1,67715,41,75034,42,0,176,-1,0,2,8636,0,232,176,"Anderson",76978,5.19628984904778,0.0133928571428571,54.5610434150017,1.29907246226194,0,1.33928571428571
2021-07-09,8814,2,6510,1,2304,1,7320,1,67759,44,75079,45,0,176,1,1,1,8637,0,232,176,"Anderson",76978,7.79443477357167,0.0176991150442478,58.4582608017875,2.59814492452389,1.29907246226194,1.76991150442478
2021-07-10,8816,2,6511,1,2305,1,7321,1,67781,22,75102,23,0,176,2,3,0,8637,1,233,176,"Anderson",76978,10.3925796980956,0.0219298245614035,29.8786666320247,2.59814492452389,3.89721738678583,2.19298245614035
2021-07-11,8816,0,6511,0,2305,0,7321,0,67796,15,75117,15,0,176,0,3,0,8637,0,233,176,"Anderson",76978,9.09350723583361,0.0184331797235023,19.4860869339292,0,3.89721738678583,1.84331797235023
2021-07-12,8824,8,6515,4,2309,4,7325,4,67832,36,75157,40,0,176,7,10,1,8638,1,234,176,"Anderson",76978,19.4860869339292,0.029045643153527,51.9628984904778,10.3925796980956,12.9907246226195,2.9045643153527
2021-07-13,8825,1,6515,0,2310,1,7325,0,67853,21,75178,21,0,176,0,10,1,8639,0,234,177,"Anderson",76978,19.4860869339292,0.0301724137931034,27.2805217075008,1.29907246226194,12.9907246226195,3.01724137931034
2021-07-14,8830,5,6520,5,2310,0,7330,5,67907,54,75237,59,0,176,5,15,0,8639,1,235,177,"Anderson",76978,24.682376782977,0.0489795918367347,76.6452752734548,6.49536231130973,19.4860869339292,4.89795918367347
2021-07-15,8833,3,6523,3,2310,0,7332,2,67940,33,75272,35,0,176,3,18,0,8639,0,235,177,"Anderson",76978,27.2805217075008,0.0546218487394958,45.4675361791681,3.89721738678583,23.383304320715,5.46218487394958
2021-07-16,8843,10,6525,2,2318,8,7333,1,67968,28,75301,29,0,176,10,28,0,8639,0,235,177,"Anderson",76978,37.6731014055964,0.0585585585585586,37.6731014055964,12.9907246226195,36.3740289433345,5.85585585585586
2021-07-17,8848,5,6526,1,2322,4,7334,1,68004,36,75338,37,0,176,4,32,1,8640,0,235,177,"Anderson",76978,41.5703187923822,0.0550847457627119,48.065681103692,6.49536231130973,41.5703187923822,5.50847457627119
2021-07-18,8851,3,6528,2,2323,1,7336,2,68024,20,75360,22,0,176,-1,31,4,8644,0,235,177,"Anderson",76978,45.4675361791681,0.0617283950617284,28.5795941697628,3.89721738678583,40.2712463301203,6.17283950617284
2021-07-19,8856,5,6532,4,2324,1,7340,4,68058,34,75398,38,1,177,2,33,2,8646,0,235,177,"Anderson",76978,41.5703187923822,0.0622406639004149,49.3647535659539,6.49536231130973,42.8693912546442,6.22406639004149
2021-07-20,8871,15,6543,11,2328,4,7351,11,68093,35,75444,46,0,177,10,43,5,8651,1,236,177,"Anderson",76978,59.7573332640495,0.0977443609022556,59.7573332640495,19.4860869339292,55.8601158772636,9.77443609022556
2021-07-21,8878,7,6547,4,2331,3,7356,5,68178,85,75534,90,0,177,6,49,1,8652,0,236,178,"Anderson",76978,62.3554781885734,0.0875420875420875,116.916521603575,9.09350723583361,63.6545506508353,8.75420875420875
2021-07-22,8888,10,6552,5,2336,5,7360,4,68234,56,75594,60,0,177,9,58,1,8653,0,236,178,"Anderson",76978,71.448985424407,0.0869565217391304,77.9443477357167,12.9907246226195,75.3462028111928,8.69565217391304
2021-07-23,8898,10,6556,4,2342,6,7365,5,68305,71,75670,76,0,177,10,68,0,8653,0,236,178,"Anderson",76978,71.448985424407,0.0867208672086721,98.7295071319078,12.9907246226195,88.3369274338123,8.67208672086721
2021-07-24,8906,8,6560,4,2346,4,7369,4,68359,54,75728,58,0,177,7,75,1,8654,0,236,179,"Anderson",76978,75.3462028111928,0.0897435897435897,75.3462028111928,10.3925796980956,97.4304346696459,8.97435897435897
2021-07-25,8911,5,6563,3,2348,2,7370,1,68381,22,75751,23,0,177,2,77,3,8657,0,236,179,"Anderson",76978,77.9443477357167,0.0869565217391304,29.8786666320247,6.49536231130973,100.02857959417,8.69565217391304
2021-07-26,8934,23,6572,9,2362,14,7378,8,68431,50,75809,58,2,179,13,90,8,8665,0,236,179,"Anderson",76978,101.327652056432,0.0924574209245742,75.3462028111928,29.8786666320247,116.916521603575,9.24574209245742
2021-07-27,8949,15,6577,5,2372,10,7383,5,68484,53,75867,58,0,179,12,102,3,8668,0,236,179,"Anderson",76978,101.327652056432,0.0756501182033097,75.3462028111928,19.4860869339292,132.505391150718,7.56501182033097
2021-07-28,8969,20,6585,8,2384,12,7395,12,68567,83,75962,95,0,179,14,116,6,8674,0,236,179,"Anderson",76978,118.215594065837,0.0911214953271028,123.411883914885,25.9814492452389,150.692405622386,9.11214953271028
2021-07-29,8981,12,6595,10,2386,2,7407,12,68616,49,76023,61,0,179,8,124,4,8678,0,236,179,"Anderson",76978,120.813738990361,0.10955710955711,79.2434201979787,15.5888695471433,161.084985320481,10.955710955711
2021-07-30,9012,31,6616,21,2396,10,7430,23,68665,49,76095,72,0,179,19,143,12,8690,1,237,179,"Anderson",76978,148.094260697862,0.152941176470588,93.53321728286,40.2712463301203,185.767362103458,15.2941176470588
2021-07-31,9025,13,6622,6,2403,7,7436,6,68707,42,76143,48,0,179,8,151,5,8695,0,237,179,"Anderson",76978,154.589623009171,0.16144578313253,62.3554781885734,16.8879420094053,196.159941801554,16.144578313253
2021-08-01,9044,19,6633,11,2411,8,7451,15,68746,39,76197,54,0,179,14,165,5,8700,0,237,179,"Anderson",76978,172.776637480839,0.181614349775785,70.149912962145,24.682376782977,214.346956273221,18.1614349775785
2021-08-02,9055,11,6638,5,2417,6,7456,5,68825,79,76281,84,0,179,3,168,8,8708,0,237,179,"Anderson",76978,157.187767933695,0.165254237288136,109.122086830003,14.2897970848814,218.244173660007,16.5254237288136
2021-08-03,9078,23,6649,11,2429,12,7469,13,68897,72,76366,85,0,179,13,181,10,8718,1,238,179,"Anderson",76978,167.580347631791,0.172344689378758,110.421159292265,29.8786666320247,235.132115669412,17.2344689378758
2021-08-04,9104,26,6671,22,2433,4,7490,21,68999,102,76489,123,0,179,24,205,2,8720,0,238,179,"Anderson",76978,175.374782405363,0.180265654648956,159.785912858219,33.7758840188106,266.309854763699,18.0265654648956
2021-08-05,9134,30,6687,16,2447,14,7506,16,69097,98,76603,114,0,179,13,218,17,8737,1,239,179,"Anderson",76978,198.758086726078,0.170689655172414,148.094260697862,38.9721738678584,283.197796773104,17.0689655172414
2021-08-06,9159,25,6703,16,2456,9,7524,18,69240,143,76764,161,0,179,17,235,8,8745,1,240,179,"Anderson",76978,190.963651952506,0.14050822122571,209.150666424173,32.4768115565486,305.282028631557,14.050822122571
2021-08-07,9172,13,6709,6,2463,7,7531,7,69315,75,76846,82,0,179,5,240,8,8753,0,240,179,"Anderson",76978,190.963651952506,0.135135135135135,106.523941905479,16.8879420094053,311.777390942867,13.5135135135135
2021-08-08,9186,14,6717,8,2469,6,7541,10,69367,52,76908,62,0,179,6,246,8,8761,0,240,179,"Anderson",76978,184.468289641196,0.126582278481013,80.5424926602406,18.1870144716672,319.571825716438,12.6582278481013
2021-08-09,9222,36,6737,20,2485,16,7560,19,69466,99,77026,118,0,179,16,262,20,8781,0,240,179,"Anderson",76978,216.945101197745,0.139597315436242,153.29055054691,46.76660864143,340.35698511263,13.9597315436242
2021-08-10,9261,39,6757,20,2504,19,7580,20,69566,100,77146,120,0,179,20,282,19,8800,2,242,179,"Anderson",76978,237.730260593936,0.142307692307692,155.888695471433,50.6638260282159,366.338434357868,14.2307692307692
2021-08-11,9315,54,6781,24,2534,30,7609,29,69698,132,77307,161,0,179,30,312,24,8824,1,243,179,"Anderson",76978,274.10428953727,0.145476772616137,209.150666424173,70.149912962145,405.310608225727,14.5476772616137
2021-08-12,9363,48,6817,36,2546,12,7646,37,69866,168,77512,205,0,179,27,339,21,8845,0,243,181,"Anderson",76978,297.487593857985,0.154015401540154,266.309854763699,62.3554781885734,440.385564706799,15.4015401540154
2021-08-13,9426,63,6852,35,2574,28,7684,38,69980,114,77664,152,2,181,45,384,16,8861,1,244,181,"Anderson",76978,346.852347423939,0.177777777777778,197.459014263816,81.8415651225025,498.843825508587,17.7777777777778
2021-08-14,9476,50,6887,35,2589,15,7716,32,70166,186,77882,218,0,181,29,413,21,8882,0,244,181,"Anderson",76978,394.918028527631,0.178571428571429,283.197796773104,64.9536231130973,536.516926914183,17.8571428571429
2021-08-15,9499,23,6900,13,2599,10,7731,15,70255,89,77986,104,0,181,16,429,7,8889,0,244,181,"Anderson",76978,406.609680687989,0.176252319109462,135.103536075242,29.8786666320247,557.302086310374,17.6252319109462
2021-08-16,9537,38,6924,24,2613,14,7755,24,70344,89,78099,113,0,181,11,440,27,8916,0,244,182,"Anderson",76978,409.207825612513,0.181733457595527,146.7951882356,49.3647535659539,571.591883395256,18.1733457595527
2021-08-17,9580,43,6945,21,2635,22,7779,24,70452,108,78231,132,1,182,14,454,28,8944,0,244,182,"Anderson",76978,414.40411546156,0.183410138248848,171.477565018577,55.8601158772636,589.778897866923,18.3410138248848
2021-08-18,9632,52,6972,27,2660,25,7810,31,70564,112,78374,143,0,182,16,470,36,8980,0,244,182,"Anderson",76978,411.805970537037,0.188378631677601,185.767362103458,67.5517680376211,610.564057263114,18.8378631677601
2021-08-19,9706,74,7005,33,2701,41,7845,35,70716,152,78561,187,0,182,48,518,26,9006,0,244,182,"Anderson",76978,445.581854555847,0.189704480457579,242.926550442984,96.1313622073839,672.919535451688,18.9704480457579
2021-08-20,9766,60,7047,42,2719,18,7889,44,70910,194,78799,238,0,182,27,545,33,9039,2,246,182,"Anderson",76978,441.684637169061,0.180616740088106,309.179246018343,77.9443477357167,707.99449193276,18.0616740088106
2021-08-21,9847,81,7080,33,2767,48,7923,34,71184,274,79107,308,0,182,60,605,21,9060,1,247,182,"Anderson",76978,481.955883499182,0.168979591836735,400.114318376679,105.224869443218,785.938839668477,16.8979591836735
2021-08-22,9870,23,7102,22,2768,1,7951,28,71340,156,79291,184,0,182,-2,603,25,9085,0,247,182,"Anderson",76978,481.955883499182,0.168582375478927,239.029333056198,29.8786666320247,783.340694743953,16.8582375478927
2021-08-23,9918,48,7116,14,2802,34,7968,17,71475,135,79443,152,0,182,-4,599,52,9137,2,249,183,"Anderson",76978,494.946608121801,0.158482142857143,197.459014263816,62.3554781885734,778.144404894905,15.8482142857143
2021-08-24,9962,44,7143,27,2819,17,7992,24,71561,86,79553,110,1,183,-23,576,66,9203,0,249,184,"Anderson",76978,496.245680584063,0.161119515885023,142.897970848814,57.1591883395256,748.26573826288,16.1119515885023
2021-08-25,10033,71,7169,26,2864,45,8014,22,71605,44,79619,66,0,183,15,591,56,9259,1,250,184,"Anderson",76978,520.92805736704,0.163855421686747,85.7387825092884,92.2341448205981,767.751825196809,16.3855421686747
2021-08-26,10101,68,7205,36,2896,32,8058,44,71777,172,79835,216,1,184,15,606,52,9311,2,252,185,"Anderson",76978,513.133622593468,0.167189952904239,280.59965184858,88.3369274338123,787.237912130739,16.7189952904239
2021-08-27,10176,75,7260,55,2916,20,8119,61,71954,177,80073,238,0,184,30,636,45,9356,0,252,185,"Anderson",76978,532.619709527397,0.180533751962323,309.179246018343,97.4304346696459,826.210085998597,18.0533751962323
2021-08-28,10235,59,7292,32,2943,27,8159,40,72158,204,80317,244,0,184,32,668,27,9383,0,252,185,"Anderson",76978,504.040115357635,0.19504132231405,316.973680791915,76.6452752734548,867.780404790979,19.504132231405
2021-08-29,10299,64,7341,49,2958,15,8213,54,72369,211,80582,265,0,184,39,707,25,9408,1,253,186,"Anderson",76978,557.302086310374,0.20294345468629,344.254202499415,83.1406375847645,918.444230819195,20.294345468629
2021-08-30,10370,71,7387,46,2983,25,8261,48,72595,226,80856,274,0,184,3,710,68,9476,3,256,186,"Anderson",76978,587.180752942399,0.207360226468507,355.945854659773,92.2341448205981,922.341448205981,20.7360226468507
2021-08-31,10504,134,7469,82,3035,52,8348,87,72852,257,81200,344,0,184,48,758,86,9562,0,256,186,"Anderson",76978,704.097274545974,0.216150576806314,446.880927018109,174.075709943101,984.696926394554,21.6150576806314
2021-09-01,10535,31,7491,22,3044,9,8372,24,72943,91,81315,115,0,184,-17,741,48,9610,0,256,187,"Anderson",76978,652.134376055496,0.211084905660377,149.393333160124,40.2712463301203,962.612694536101,21.1084905660377
2021-09-02,10594,59,7517,26,3077,33,8401,29,73043,100,81444,129,1,185,-9,732,67,9677,0,256,187,"Anderson",76978,640.442723895139,0.213175885643257,167.580347631791,76.6452752734548,950.921042375744,21.3175885643257
2021-09-03,10623,29,7535,18,3088,11,8419,18,73116,73,81535,91,0,185,-37,695,66,9743,0,256,187,"Anderson",76978,580.685390631089,0.205198358413133,118.215594065837,37.6731014055964,902.855361272052,20.5198358413133
2021-09-04,10730,107,7605,70,3125,37,8495,76,73437,321,81932,397,0,185,78,773,29,9772,1,257,187,"Anderson",76978,643.040868819663,0.208049535603715,515.731767517992,139.000753462028,1004.18301332848,20.8049535603715
2021-09-05,10842,112,7679,74,3163,38,8571,76,73741,304,82312,380,0,185,76,849,36,9808,1,258,188,"Anderson",76978,705.396347008236,0.206936416184971,493.647535659539,145.496115773338,1102.91252046039,20.6936416184971
2021-09-06,10957,115,7756,77,3201,38,8658,87,74148,407,82806,494,0,185,-3,846,118,9926,3,261,189,"Anderson",76978,762.555535347762,0.203589743589744,641.741796357401,149.393333160124,1099.01530307361,20.3589743589744
2021-09-07,10994,37,7776,20,3218,17,8676,18,74247,99,82923,117,0,185,-74,772,111,10037,0,261,189,"Anderson",76978,636.545506508353,0.190365641323273,151.991478084648,48.065681103692,1002.88394086622,19.0365641323273
2021-09-08,11035,41,7807,31,3228,10,8708,32,74354,107,83062,139,0,185,-59,713,100,10137,2,263,192,"Anderson",76978,649.536231130973,0.192329708070979,180.57107225441,53.2619709527397,926.238665592767,19.2329708070979
2021-09-09,11093,58,7828,21,3265,37,8726,18,74560,206,83286,224,0,185,-40,673,98,10235,1,264,195,"Anderson",76978,648.237158668711,0.176438653637351,290.992231546676,75.3462028111928,874.275767102289,17.6438653637351
2021-09-10,11245,152,7901,73,3344,79,8807,81,74853,293,83660,374,1,186,66,739,85,10320,2,266,196,"Anderson",76978,808.02307152693,0.182588235294118,485.853100885967,197.459014263816,960.014549611577,18.2588235294118
2021-09-11,11357,112,7964,63,3393,49,8876,69,75199,346,84075,415,0,186,79,818,33,10353,1,267,196,"Anderson",76978,814.51843383824,0.177788147456836,539.115071838707,145.496115773338,1062.64127413027,17.7788147456836
2021-09-12,11395,38,7996,32,3399,6,8911,35,75342,143,84253,178,0,186,5,823,33,10386,4,271,196,"Anderson",76978,718.387071630856,0.175167439464194,231.234898282626,49.3647535659539,1069.13663644158,17.5167439464194
2021-09-13,11483,88,8030,34,3453,54,8945,34,75472,130,84417,164,4,190,-48,775,132,10518,3,274,196,"Anderson",76978,683.312115149783,0.178150217256363,213.047883810959,114.318376679051,1006.78115825301,17.8150217256363
2021-09-14,11543,60,8060,30,3483,30,8980,35,75631,159,84611,194,1,191,-47,728,106,10624,1,275,196,"Anderson",76978,713.190781781808,0.180094786729858,252.020057678817,77.9443477357167,945.724752526696,18.0094786729858
2021-09-15,11583,40,8076,16,3507,24,8994,14,75692,61,84686,75,0,191,-41,687,81,10705,1,276,197,"Anderson",76978,711.891709319546,0.176108374384236,97.4304346696459,51.9628984904778,892.462781573956,17.6108374384236
2021-09-16,11670,87,8130,54,3540,33,9050,56,75914,222,84964,278,0,191,27,714,60,10765,1,277,197,"Anderson",76978,749.564810725142,0.193087008343266,361.142144508821,113.019304216789,927.537738055029,19.3087008343266
2021-09-17,11743,73,8172,42,3571,31,9087,37,76077,163,85164,200,0,191,15,729,58,10823,1,278,201,"Anderson",76978,646.938086206449,0.186170212765957,259.814492452389,94.832289745122,947.023824988958,18.6170212765957
2021-09-18,11795,52,8202,30,3593,22,9120,33,76231,154,85351,187,0,191,7,736,45,10868,1,279,202,"Anderson",76978,568.993738470732,0.191222570532915,242.926550442984,67.5517680376211,956.117332224792,19.1222570532915
2021-09-19,11818,23,8211,9,3607,14,9130,10,76299,68,85429,78,0,191,-15,721,38,10906,0,279,202,"Anderson",76978,549.507651536803,0.186224489795918,101.327652056432,29.8786666320247,936.631245290862,18.6224489795918
2021-09-20,11881,63,8246,35,3635,28,9166,36,76485,186,85651,222,0,191,26,747,37,10943,3,282,202,"Anderson",76978,517.030839980254,0.179092382495948,288.394086622152,81.8415651225025,970.407129309673,17.9092382495948
2021-09-21,11935,54,8272,26,3663,28,9190,24,76603,118,85793,142,0,191,-56,691,110,11053,1,283,203,"Anderson",76978,509.236405206682,0.177664974619289,184.468289641196,70.149912962145,897.659071423004,17.7664974619289
2021-09-22,11986,51,8306,34,3680,17,9230,40,76875,272,86105,312,0,191,-39,652,90,11143,0,283,204,"Anderson",76978,523.526202291564,0.16631430584919,405.310608225727,66.2526955753592,846.995245394788,16.631430584919
2021-09-23,12061,75,8354,48,3707,27,9281,51,77083,208,86364,259,2,193,-12,640,85,11228,1,284,204,"Anderson",76978,507.93733274442,0.165,336.459767725844,97.4304346696459,831.406375847645,16.5
2021-09-24,12102,41,8376,22,3726,19,9306,25,77223,140,86529,165,2,195,-17,623,56,11284,1,285,206,"Anderson",76978,466.367013952038,0.16043956043956,214.346956273221,53.2619709527397,809.322143989192,16.043956043956
2021-09-25,12112,10,8380,4,3732,6,9312,6,77318,95,86630,101,0,195,-33,590,43,11327,0,285,206,"Anderson",76978,411.805970537037,0.150117279124316,131.206318688456,12.9907246226195,766.452752734548,15.0117279124316
2021-09-26,12130,18,8395,15,3735,3,9330,18,77455,137,86785,155,1,196,-11,579,28,11355,0,285,206,"Anderson",76978,405.310608225727,0.147492625368732,201.356231650601,23.383304320715,752.162955649666,14.7492625368732
2021-09-27,12180,50,8416,21,3764,29,9352,22,77541,86,86893,108,1,197,-46,533,95,11450,1,286,207,"Anderson",76978,388.422666216322,0.14975845410628,140.29982592429,64.9536231130973,692.405622385617,14.975845410628
2021-09-28,12229,49,8440,24,3789,25,9379,27,77636,95,87015,122,0,197,-27,506,76,11526,1,287,207,"Anderson",76978,381.927303905012,0.154664484451718,158.486840395957,63.6545506508353,657.330665904544,15.4664484451718
2021-09-29,12265,36,8456,16,3809,20,9396,17,77827,191,87223,208,2,199,-35,471,69,11595,0,287,209,"Anderson",76978,362.441216971083,0.148479427549195,270.207072150485,46.76660864143,611.863129725376,14.8479427549195
2021-09-30,12327,62,8494,38,3833,24,9436,40,77999,172,87435,212,0,199,2,473,60,11655,1,288,210,"Anderson",76978,345.553274961677,0.144724556489262,275.403361999532,80.5424926602406,614.4612746499,14.4724556489262
2021-10-01,12378,51,8521,27,3857,24,9465,29,78150,151,87615,180,0,199,-12,461,63,11718,1,289,211,"Anderson",76978,358.543999584297,0.146408839779006,233.83304320715,66.2526955753592,598.872405102757,14.6408839779006
2021-10-02,12395,17,8528,7,3867,10,9471,6,78230,80,87701,86,1,200,-10,451,26,11744,0,289,211,"Anderson",76978,367.63750682013,0.148459383753501,111.720231754527,22.0842318584531,585.881680480137,14.8459383753501
2021-10-03,12408,13,8537,9,3871,4,9480,9,78328,98,87808,107,4,204,-10,441,19,11763,0,289,211,"Anderson",76978,361.142144508821,0.146627565982405,139.000753462028,16.8879420094053,572.890955857518,14.6627565982405
2021-10-04,12452,44,8560,23,3892,21,9506,26,78448,120,87954,146,1,205,-23,418,66,11829,0,289,213,"Anderson",76978,353.347709735249,0.145146088595664,189.664579490244,57.1591883395256,543.012289225493,14.5146088595664
2021-10-05,12505,53,8589,29,3916,24,9536,30,78576,128,88112,158,2,207,-16,402,67,11896,0,289,214,"Anderson",76978,358.543999584297,0.143117593436645,205.253449037387,68.8508404998831,522.227129829302,14.3117593436645
2021-10-06,12535,30,8612,23,3923,7,9562,26,78741,165,88303,191,1,208,-6,396,35,11931,0,289,215,"Anderson",76978,350.749564810725,0.153703703703704,248.122840292031,38.9721738678584,514.43269505573,15.3703703703704
2021-10-07,12567,32,8634,22,3933,10,9587,25,78881,140,88468,165,0,208,-9,387,41,11972,0,289,217,"Anderson",76978,311.777390942867,0.146176185866409,214.346956273221,41.5703187923822,502.741042895373,14.6176185866409
2021-10-08,12584,17,8639,5,3945,12,9597,10,79011,130,88608,140,1,209,-14,373,30,12002,1,290,217,"Anderson",76978,267.608927225961,0.132930513595166,181.870144716672,22.0842318584531,484.554028423705,13.2930513595166
2021-10-09,12599,15,8642,3,3957,12,9604,7,79073,62,88677,69,0,209,-11,362,26,12028,0,290,218,"Anderson",76978,265.010782301437,0.136270491803279,89.6359998960742,19.4860869339292,470.264231338824,13.6270491803279
2021-10-10,12609,10,8650,8,3959,2,9613,9,79160,87,88773,96,0,209,-16,346,26,12054,0,290,218,"Anderson",76978,261.113564914651,0.137823834196891,124.710956377147,12.9907246226195,449.479071942633,13.7823834196891
2021-10-11,12650,41,8664,14,3986,27,9626,13,79261,101,88887,114,0,209,-11,335,52,12106,1,291,218,"Anderson",76978,257.216347527865,0.128617363344051,148.094260697862,53.2619709527397,435.189274857752,12.8617363344051
2021-10-12,12685,35,8688,24,3997,11,9648,22,79360,99,89008,121,2,211,-9,326,42,12148,3,294,218,"Anderson",76978,233.83304320715,0.125,157.187767933695,45.4675361791681,423.497622697394,12.5
2021-10-13,12711,26,8702,14,4009,12,9666,18,79472,112,89138,130,0,211,-16,310,42,12190,1,295,220,"Anderson",76978,228.636753358102,0.124550898203593,168.879420094053,33.7758840188106,402.712463301203,12.4550898203593
2021-10-14,12730,19,8712,10,4018,9,9680,14,79575,103,89255,117,1,212,-23,287,41,12231,0,295,220,"Anderson",76978,211.748811348697,0.118170266836086,151.991478084648,24.682376782977,372.833796669178,11.8170266836086
2021-10-15,12753,23,8724,12,4029,11,9693,13,79697,122,89390,135,0,212,-14,273,37,12268,1,296,220,"Anderson",76978,219.543246122269,0.122762148337596,175.374782405363,29.8786666320247,354.646782197511,12.2762148337596
2021-10-16,12761,8,8729,5,4032,3,9700,7,79752,55,89452,62,0,212,-14,259,22,12290,1,297,220,"Anderson",76978,210.449738886435,0.123870967741935,80.5424926602406,10.3925796980956,336.459767725844,12.3870967741935
2021-10-17,12763,2,8730,1,4033,1,9701,1,79803,51,89504,52,0,212,-9,250,11,12301,0,297,220,"Anderson",76978,200.05715918834,0.120383036935705,67.5517680376211,2.59814492452389,324.768115565486,12.0383036935705
2021-10-18,12787,24,8740,10,4047,14,9712,11,79871,68,89583,79,1,213,-28,222,51,12352,1,298,220,"Anderson",76978,177.972927329886,0.123563218390805,102.626724518694,31.1777390942867,288.394086622152,12.3563218390805
2021-10-19,12816,29,8753,13,4063,16,9723,11,79982,111,89705,122,2,215,-17,205,44,12396,0,298,220,"Anderson",76978,170.178492556315,0.107604017216643,158.486840395957,37.6731014055964,266.309854763699,10.7604017216643
2021-10-20,12851,35,8778,25,4073,10,9752,29,80093,111,89845,140,0,215,12,217,23,12419,1,299,220,"Anderson",76978,181.870144716672,0.121640735502122,181.870144716672,45.4675361791681,281.898724310842,12.1640735502122
2021-10-21,12883,32,8796,18,4087,14,9770,18,80186,93,89956,111,0,215,10,227,22,12441,1,300,221,"Anderson",76978,198.758086726078,0.128388017118402,144.197043311076,41.5703187923822,294.889448933461,12.8388017118402
2021-10-22,12892,9,8802,6,4090,3,9778,8,80262,76,90040,84,0,215,-24,203,33,12474,1,301,221,"Anderson",76978,180.57107225441,0.130769230769231,109.122086830003,11.6916521603575,263.711709839175,13.0769230769231
2021-10-23,12909,17,8806,4,4103,13,9782,4,80315,53,90097,57,0,215,3,206,14,12488,1,302,221,"Anderson",76978,192.262724414768,0.127131782945736,74.0471303489309,22.0842318584531,267.608927225961,12.7131782945736
2021-10-24,12915,6,8811,5,4104,1,9789,7,80367,52,90156,59,0,215,-11,195,17,12505,0,302,221,"Anderson",76978,197.459014263816,0.134969325153374,76.6452752734548,7.79443477357167,253.319130141079,13.4969325153374
2021-10-25,12939,24,8824,13,4115,11,9803,14,80438,71,90241,85,1,216,-9,186,32,12537,2,304,221,"Anderson",76978,197.459014263816,0.138297872340426,110.421159292265,31.1777390942867,241.627477980722,13.8297872340426
2021-10-26,12951,12,8830,6,4121,6,9809,6,80502,64,90311,70,0,216,-8,178,20,12557,0,304,222,"Anderson",76978,175.374782405363,0.141914191419142,90.9350723583361,15.5888695471433,231.234898282626,14.1914191419142
2021-10-27,12969,18,8840,10,4129,8,9822,13,80623,121,90445,134,1,217,-5,173,22,12579,2,306,223,"Anderson",76978,153.29055054691,0.116666666666667,174.075709943101,23.383304320715,224.739535971316,11.6666666666667
2021-10-28,12991,22,8854,14,4137,8,9839,17,80705,82,90544,99,1,218,6,179,15,12594,0,306,224,"Anderson",76978,140.29982592429,0.11734693877551,128.608173763933,28.5795941697628,232.533970744888,11.734693877551
2021-10-29,13012,21,8865,11,4147,10,9851,12,80819,114,90670,126,0,218,7,186,14,12608,1,307,224,"Anderson",76978,155.888695471433,0.115873015873016,163.683130245005,27.2805217075008,241.627477980722,11.5873015873016
2021-10-30,13024,12,8869,4,4155,8,9856,5,80906,87,90762,92,0,218,0,186,12,12620,1,308,224,"Anderson",76978,149.393333160124,0.111278195488722,119.514666528099,15.5888695471433,241.627477980722,11.1278195488722
2021-10-31,13027,3,8871,2,4156,1,9859,3,80945,39,90804,42,0,218,-8,178,11,12631,0,308,224,"Anderson",76978,145.496115773338,0.108024691358025,54.5610434150017,3.89721738678583,231.234898282626,10.8024691358025
2021-11-01,13054,27,8876,5,4178,22,9863,4,81033,88,90896,92,1,219,-15,163,41,12672,1,309,225,"Anderson",76978,149.393333160124,0.0916030534351145,119.514666528099,35.0749564810725,211.748811348697,9.16030534351145
2021-11-02,13074,20,8881,5,4193,15,9868,5,81109,76,90977,81,2,221,-6,157,24,12696,1,310,225,"Anderson",76978,159.785912858219,0.0885885885885886,105.224869443218,25.9814492452389,203.954376575125,8.85885885885886
2021-11-03,13103,29,8898,17,4205,12,9885,17,81309,200,91194,217,1,222,10,167,18,12714,0,310,225,"Anderson",76978,174.075709943101,0.0841121495327103,281.898724310842,37.6731014055964,216.945101197745,8.41121495327103
2021-11-04,13125,22,8913,15,4212,7,9901,16,81442,133,91343,149,0,222,5,172,17,12731,0,310,225,"Anderson",76978,174.075709943101,0.0775969962453066,193.56179687703,28.5795941697628,223.440463509055,7.75969962453066
2021-11-05,13135,10,8916,3,4219,7,9902,1,81564,122,91466,123,0,222,3,175,7,12738,0,310,225,"Anderson",76978,159.785912858219,0.064070351758794,159.785912858219,12.9907246226195,227.33768089584,6.4070351758794
2021-11-06,13144,9,8920,4,4224,5,9907,5,81651,87,91558,92,0,222,-3,172,12,12750,3,313,226,"Anderson",76978,155.888695471433,0.064070351758794,119.514666528099,11.6916521603575,223.440463509055,6.4070351758794
2021-11-07,13150,6,8925,5,4225,1,9913,6,81699,48,91612,54,0,222,-3,169,9,12759,0,313,226,"Anderson",76978,159.785912858219,0.0668316831683168,70.149912962145,7.79443477357167,219.543246122269,6.68316831683168
2021-11-08,13175,25,8936,11,4239,14,9926,13,81787,88,91713,101,1,223,-1,168,25,12784,0,313,226,"Anderson",76978,157.187767933695,0.0771113831089351,131.206318688456,32.4768115565486,218.244173660007,7.71113831089351
2021-11-09,13198,23,8943,7,4255,16,9932,6,81945,158,91877,164,1,224,6,174,16,12800,0,313,227,"Anderson",76978,161.084985320481,0.0711111111111111,213.047883810959,29.8786666320247,226.038608433578,7.11111111111111
2021-11-10,13217,19,8955,12,4262,7,9945,13,82061,116,92006,129,0,224,5,179,14,12814,1,314,229,"Anderson",76978,148.094260697862,0.0738916256157636,167.580347631791,24.682376782977,232.533970744888,7.38916256157635
2021-11-11,13239,22,8972,17,4267,5,9962,17,82251,190,92213,207,0,224,1,180,21,12835,0,314,230,"Anderson",76978,148.094260697862,0.0701149425287356,268.907999688223,28.5795941697628,233.83304320715,7.01149425287356
2021-11-12,13252,13,8980,8,4272,5,9970,8,82384,133,92354,141,0,224,0,180,13,12848,0,314,230,"Anderson",76978,151.991478084648,0.0765765765765766,183.169217178934,16.8879420094053,233.83304320715,7.65765765765766
2021-11-13,13259,7,8984,4,4275,3,9974,4,82435,51,92409,55,3,227,-14,166,18,12866,1,315,231,"Anderson",76978,149.393333160124,0.0787309048178613,71.448985424407,9.09350723583361,215.646028735483,7.87309048178613
2021-11-14,13261,2,8986,2,4275,0,9977,3,82514,79,92491,82,0,227,-5,161,7,12873,0,315,231,"Anderson",76978,144.197043311076,0.0728100113765643,106.523941905479,2.59814492452389,209.150666424173,7.28100113765643
2021-11-15,13293,32,8999,13,4294,19,9991,14,82599,85,92590,99,0,227,6,167,26,12899,0,315,231,"Anderson",76978,153.29055054691,0.0741163055872292,128.608173763933,41.5703187923822,216.945101197745,7.41163055872292
2021-11-16,13318,25,9012,13,4306,12,10004,13,82725,126,92729,139,1,228,-2,165,26,12925,0,315,232,"Anderson",76978,155.888695471433,0.0845070422535211,180.57107225441,32.4768115565486,214.346956273221,8.45070422535211
2021-11-17,13335,17,9021,9,4314,8,10013,9,82839,114,92852,123,0,228,-1,164,18,12943,2,317,234,"Anderson",76978,153.29055054691,0.0803782505910166,159.785912858219,22.0842318584531,213.047883810959,8.03782505910165
2021-11-18,13358,23,9035,14,4323,9,10031,18,82974,135,93005,153,4,232,4,168,15,12958,0,317,235,"Anderson",76978,154.589623009171,0.0871212121212121,198.758086726078,29.8786666320247,218.244173660007,8.71212121212121
2021-11-19,13372,14,9040,5,4332,9,10038,7,83083,109,93121,116,1,233,2,170,11,12969,0,317,235,"Anderson",76978,155.888695471433,0.0886571056062582,150.692405622386,18.1870144716672,220.842318584531,8.86571056062582
2021-11-20,13381,9,9045,5,4336,4,10043,5,83176,93,93219,98,0,233,-9,161,18,12987,0,317,236,"Anderson",76978,158.486840395957,0.0851851851851852,127.309101301671,11.6916521603575,209.150666424173,8.51851851851852
2021-11-21,13393,12,9051,6,4342,6,10049,6,83216,40,93265,46,0,233,4,165,8,12995,0,317,236,"Anderson",76978,171.477565018577,0.0930232558139535,59.7573332640495,15.5888695471433,214.346956273221,9.30232558139535
2021-11-22,13421,28,9068,17,4353,11,10067,18,83338,122,93405,140,1,234,5,170,22,13017,0,317,236,"Anderson",76978,166.281275169529,0.0932515337423313,181.870144716672,36.3740289433345,220.842318584531,9.32515337423313
2021-11-23,13438,17,9074,6,4364,11,10072,5,83435,97,93507,102,0,234,-4,166,21,13038,1,318,236,"Anderson",76978,155.888695471433,0.0874035989717224,132.505391150718,22.0842318584531,215.646028735483,8.74035989717224
2021-11-24,13463,25,9088,14,4375,11,10084,12,83545,110,93629,122,1,235,7,173,17,13055,1,319,236,"Anderson",76978,166.281275169529,0.0913770913770914,158.486840395957,32.4768115565486,224.739535971316,9.13770913770914
2021-11-25,13468,5,9090,2,4378,3,10085,1,83590,45,93675,46,0,235,-12,161,17,13072,1,320,236,"Anderson",76978,142.897970848814,0.0805970149253731,59.7573332640495,6.49536231130973,209.150666424173,8.05970149253731
2021-11-26,13475,7,9096,6,4379,1,10094,9,83633,43,93727,52,0,235,-8,153,15,13087,0,320,237,"Anderson",76978,133.80446361298,0.0924092409240924,67.5517680376211,9.09350723583361,198.758086726078,9.24092409240924
2021-11-27,13480,5,9098,2,4382,3,10096,2,83669,36,93765,38,0,235,-7,146,12,13099,0,320,237,"Anderson",76978,128.608173763933,0.0970695970695971,49.3647535659539,6.49536231130973,189.664579490244,9.70695970695971
2021-11-28,13490,10,9099,1,4391,9,10097,1,83707,38,93804,39,0,235,-11,135,21,13120,0,320,237,"Anderson",76978,126.010028839409,0.0890538033395176,50.6638260282159,12.9907246226195,175.374782405363,8.90538033395176
2021-11-29,13517,27,9114,15,4403,12,10113,16,83786,79,93899,95,0,235,14,149,13,13133,0,320,237,"Anderson",76978,124.710956377147,0.0931174089068826,123.411883914885,35.0749564810725,193.56179687703,9.31174089068826
2021-11-30,13544,27,9127,13,4417,14,10125,12,83888,102,94013,114,0,235,13,162,14,13147,1,321,237,"Anderson",76978,137.701680999766,0.104743083003953,148.094260697862,35.0749564810725,210.449738886435,10.4743083003953
2021-12-01,13575,31,9145,18,4430,13,10143,18,83995,107,94138,125,0,235,16,178,15,13162,1,322,237,"Anderson",76978,145.496115773338,0.115913555992141,162.384057782743,40.2712463301203,231.234898282626,11.5913555992141
2021-12-02,13617,42,9169,24,4448,18,10169,26,84133,138,94302,164,0,235,23,201,19,13181,0,322,239,"Anderson",76978,193.56179687703,0.133971291866029,213.047883810959,54.5610434150017,261.113564914651,13.3971291866029
2021-12-03,13648,31,9186,17,4462,14,10188,19,84320,187,94508,206,1,236,16,217,14,13195,0,322,239,"Anderson",76978,224.739535971316,0.120358514724712,267.608927225961,40.2712463301203,281.898724310842,12.0358514724712
2021-12-04,13668,20,9199,13,4469,7,10202,14,84389,69,94591,83,0,236,12,229,8,13203,0,322,239,"Anderson",76978,244.225622905246,0.128329297820823,107.823014367741,25.9814492452389,297.487593857985,12.8329297820823
2021-12-05,13681,13,9201,2,4480,11,10204,2,84431,42,94635,44,0,236,0,229,13,13216,0,322,239,"Anderson",76978,248.122840292031,0.128760529482551,57.1591883395256,16.8879420094053,297.487593857985,12.8760529482551
2021-12-06,13716,35,9221,20,4495,15,10226,22,84533,102,94759,124,2,238,9,238,24,13240,1,323,239,"Anderson",76978,258.515419990127,0.131395348837209,161.084985320481,45.4675361791681,309.179246018343,13.1395348837209
2021-12-07,13745,29,9236,15,4509,14,10242,16,84628,95,94870,111,0,238,19,257,10,13250,0,323,239,"Anderson",76978,261.113564914651,0.136522753792299,144.197043311076,37.6731014055964,333.86162280132,13.6522753792299
2021-12-08,13772,27,9257,21,4515,6,10262,20,84749,121,95011,141,0,238,17,274,10,13260,1,324,239,"Anderson",76978,255.917275065603,0.13631156930126,183.169217178934,35.0749564810725,355.945854659773,13.631156930126
2021-12-09,13800,28,9273,16,4527,12,10279,17,84959,210,95238,227,0,238,16,290,12,13272,1,325,239,"Anderson",76978,237.730260593936,0.117521367521368,294.889448933461,36.3740289433345,376.731014055964,11.7521367521368
2021-12-10,13829,29,9289,16,4540,13,10296,17,85112,153,95408,170,0,238,7,297,22,13294,0,325,239,"Anderson",76978,235.132115669412,0.12,220.842318584531,37.6731014055964,385.824521291798,12
2021-12-11,13839,10,9294,5,4545,5,10302,6,85187,75,95489,81,0,238,4,301,6,13300,0,325,239,"Anderson",76978,222.141391046793,0.111358574610245,105.224869443218,12.9907246226195,391.020811140845,11.1358574610245
2021-12-12,13859,20,9305,11,4554,9,10314,12,85257,70,95571,82,0,238,12,313,8,13308,0,325,239,"Anderson",76978,231.234898282626,0.117521367521368,106.523941905479,25.9814492452389,406.609680687989,11.7521367521368
2021-12-13,13889,30,9311,6,4578,24,10321,7,85332,75,95653,82,0,238,-13,300,43,13351,0,325,241,"Anderson",76978,224.739535971316,0.106263982102908,106.523941905479,38.9721738678584,389.721738678584,10.6263982102908
2021-12-14,13903,14,9316,5,4587,9,10327,6,85411,79,95738,85,3,241,-13,287,24,13375,0,325,241,"Anderson",76978,205.253449037387,0.097926267281106,110.421159292265,18.1870144716672,372.833796669178,9.7926267281106
2021-12-15,13929,26,9330,14,4599,12,10342,15,85540,129,95882,144,0,241,-2,285,28,13403,0,325,241,"Anderson",76978,203.954376575125,0.0918484500574053,187.06643456572,33.7758840188106,370.235651744654,9.18484500574053
2021-12-16,13957,28,9340,10,4617,18,10357,15,85635,95,95992,110,0,241,2,287,26,13429,0,325,241,"Anderson",76978,203.954376575125,0.103448275862069,142.897970848814,36.3740289433345,372.833796669178,10.3448275862069
2021-12-17,13988,31,9363,23,4625,8,10379,22,85790,155,96169,177,1,242,-4,283,34,13463,0,325,242,"Anderson",76978,206.552521499649,0.109067017082786,229.935825820364,40.2712463301203,367.63750682013,10.9067017082786
2021-12-18,14002,14,9373,10,4629,4,10389,10,85872,82,96261,92,0,242,1,284,13,13476,0,325,242,"Anderson",76978,211.748811348697,0.112694300518135,119.514666528099,18.1870144716672,368.936579282392,11.2694300518135
2021-12-19,14016,14,9381,8,4635,6,10400,11,85952,80,96352,91,0,242,-5,279,19,13495,0,325,242,"Anderson",76978,203.954376575125,0.1101152368758,118.215594065837,18.1870144716672,362.441216971083,11.01152368758
2021-12-20,14039,23,9394,13,4645,10,10413,13,86038,86,96451,99,0,242,-9,270,32,13527,0,325,242,"Anderson",76978,194.860869339292,0.115288220551378,128.608173763933,29.8786666320247,350.749564810725,11.5288220551378
2020-03-12,1,1,1,1,0,0,1,1,11,11,12,12,NA,NA,NA,NA,0,0,0,0,0,"East TN",2455501,NA,NA,0.488698640318208,0.040724886693184,NA,NA
2020-03-13,1,0,1,0,0,0,1,0,23,12,24,12,NA,NA,NA,NA,0,0,0,0,0,"East TN",2455501,NA,NA,0.488698640318208,0,NA,NA
2020-03-14,3,2,3,2,0,0,3,2,51,28,54,30,NA,NA,NA,NA,0,0,0,0,0,"East TN",2455501,NA,NA,1.22174660079552,0.081449773386368,NA,NA
2020-03-15,3,0,3,0,0,0,3,0,54,3,57,3,NA,NA,NA,NA,0,0,0,0,0,"East TN",2455501,NA,NA,0.122174660079552,0,NA,NA
2020-03-16,5,2,5,2,0,0,5,2,90,36,95,38,NA,NA,NA,NA,0,0,0,0,0,"East TN",2455501,NA,NA,1.54754569434099,0.081449773386368,NA,NA
2020-03-17,6,1,6,1,0,0,5,0,131,41,136,41,NA,NA,NA,NA,0,0,0,0,0,"East TN",2455501,NA,NA,1.66972035442054,0.040724886693184,NA,NA
2020-03-18,8,2,8,2,0,0,7,2,172,41,179,43,NA,NA,NA,NA,0,0,0,0,0,"East TN",2455501,0.325799093545472,0.0391061452513966,1.75117012780691,0.081449773386368,NA,3.91061452513966
2020-03-19,11,3,11,3,0,0,11,4,239,67,250,71,NA,NA,NA,NA,0,0,0,0,0,"East TN",2455501,0.40724886693184,0.0420168067226891,2.89146695521606,0.122174660079552,NA,4.20168067226891
2020-03-20,29,18,29,18,0,0,27,16,383,144,410,160,NA,NA,NA,NA,3,3,2,2,0,"East TN",2455501,1.14029682740915,0.0673575129533679,6.51598187090944,0.733047960477312,NA,6.73575129533679
2020-03-21,38,9,38,9,0,0,38,11,611,228,649,239,NA,NA,NA,NA,3,6,1,3,1,"East TN",2455501,1.42537103426144,0.0588235294117647,9.73324791967098,0.366523980238656,NA,5.88235294117647
2020-03-22,48,10,47,9,1,1,43,5,714,103,757,108,NA,NA,NA,NA,2,8,4,7,2,"East TN",2455501,1.83261990119328,0.0571428571428571,4.39828776286387,0.40724886693184,NA,5.71428571428571
2020-03-23,64,16,63,16,1,0,56,13,847,133,903,146,NA,NA,NA,NA,7,15,4,11,2,"East TN",2455501,2.40276831489786,0.0631188118811881,5.94583345720486,0.651598187090944,NA,6.31188118811881
2020-03-24,83,19,82,19,1,0,70,14,988,141,1058,155,NA,NA,NA,NA,7,22,5,16,2,"East TN",2455501,3.13581627537517,0.0704989154013015,6.31235743744352,0.773772847170496,NA,7.04989154013015
2020-03-25,116,33,115,33,1,0,99,29,1289,301,1388,330,NA,NA,NA,NA,15,37,12,28,3,"East TN",2455501,4.39828776286387,0.076095947063689,13.4392126087507,1.34392126087507,NA,7.6095947063689
2020-03-26,144,28,143,28,1,0,130,31,1775,486,1905,517,NA,NA,NA,NA,15,52,5,33,4,"East TN",2455501,5.41640993019347,0.0719033232628399,21.0547664203761,1.14029682740915,NA,7.19033232628399
2020-03-27,166,22,165,22,1,0,147,17,2172,397,2319,414,NA,NA,NA,NA,17,69,6,39,4,"East TN",2455501,5.57930947696621,0.0628601361969618,16.8601030909782,0.895947507250048,NA,6.28601361969618
2020-03-28,197,31,196,31,1,0,180,33,2609,437,2789,470,NA,NA,NA,NA,12,81,8,47,4,"East TN",2455501,6.47525698421626,0.0663551401869159,19.1406967457965,1.2624714874887,NA,6.63551401869159
2020-03-29,213,16,212,16,1,0,196,16,2796,187,2992,203,NA,NA,NA,NA,27,108,3,50,7,"East TN",2455501,6.71960630437536,0.0684563758389262,8.26715199871635,0.651598187090944,NA,6.84563758389262
2020-03-30,246,33,245,33,1,0,226,30,3346,550,3572,580,NA,NA,NA,NA,33,141,8,58,9,"East TN",2455501,7.41192937815949,0.0636942675159236,23.6204342820467,1.34392126087507,NA,6.36942675159236
2020-03-31,295,49,294,49,1,0,278,52,3646,300,3924,352,NA,NA,NA,NA,39,180,12,70,10,"East TN",2455501,8.63367597895501,0.0725750174459177,14.3351601160008,1.99551944796602,NA,7.25750174459177
2020-04-01,346,51,345,51,1,0,336,58,4244,598,4580,656,NA,NA,NA,NA,36,216,9,79,12,"East TN",2455501,9.36672393943232,0.0742481203007519,26.7155256707287,2.07696922135238,NA,7.42481203007519
2020-04-02,391,45,390,45,1,0,383,47,4840,596,5223,643,2,7,NA,134,34,250,5,84,14,"East TN",2455501,10.0590470132164,0.0762507534659433,26.1861021437173,1.83261990119328,5.45713481688666,7.62507534659433
2020-04-03,412,21,411,21,1,0,401,18,5125,285,5526,303,1,8,-13,121,33,283,2,86,17,"East TN",2455501,10.0183221265233,0.0792017461802308,12.3396406680348,0.855222620556864,4.92771128987526,7.92017461802307
2020-04-04,447,35,446,35,1,0,431,30,5717,592,6148,622,3,11,0,121,32,315,5,91,19,"East TN",2455501,10.181221673296,0.0747246204227449,25.3308795231604,1.42537103426144,4.92771128987526,7.47246204227449
2020-04-05,473,26,472,26,1,0,464,33,6094,377,6558,410,-1,10,1,122,26,341,2,93,20,"East TN",2455501,10.5884705402278,0.0751542344363432,16.6972035442054,1.05884705402278,4.96843617656845,7.51542344363432
2020-04-06,514,41,513,41,1,0,514,50,6627,533,7141,583,8,18,0,122,33,374,5,98,20,"East TN",2455501,10.9142696337733,0.080694872513309,23.7426089421263,1.66972035442054,4.96843617656845,8.06948725133091
2020-04-07,570,56,569,56,1,0,592,78,7756,1129,8348,1207,0,18,19,141,37,411,7,105,21,"East TN",2455501,11.1993438406256,0.0709764918625678,49.1549382386731,2.2805936548183,5.74220902373894,7.09764918625678
2020-04-08,607,37,606,37,1,0,632,40,8163,407,8795,447,1,19,4,145,32,443,8,113,25,"East TN",2455501,10.629195426921,0.0702253855278766,18.2040243518532,1.50682080764781,5.90510857051168,7.02253855278766
2020-04-09,633,26,632,26,1,0,662,30,8614,451,9276,481,3,22,3,148,20,463,2,115,25,"East TN",2455501,9.85542257975053,0.0688378978534419,19.5886704994215,1.05884705402278,6.02728323059123,6.88378978534419
2020-04-10,655,22,654,22,1,0,682,20,8942,328,9624,348,0,22,-7,141,29,492,4,119,25,"East TN",2455501,9.89614746644371,0.0685700341630063,14.172260569228,0.895947507250048,5.74220902373894,6.85700341630063
2020-04-11,679,24,678,24,1,0,728,46,10023,1081,10751,1127,2,24,-5,136,27,519,5,124,27,"East TN",2455501,9.44817371281869,0.0645231370845101,45.8969473032184,0.977397280636416,5.53858459027302,6.45231370845101
2020-04-12,709,30,708,30,1,0,761,33,11473,1450,12234,1483,0,24,18,154,12,531,1,125,28,"East TN",2455501,9.61107325959142,0.0523255813953488,60.3950069659919,1.22174660079552,6.27163255075034,5.23255813953488
2020-04-13,738,29,737,29,1,0,803,42,12436,963,13239,1005,0,24,-2,152,31,562,7,132,32,"East TN",2455501,9.12237461927321,0.0473925877336832,40.9285111266499,1.18102171410234,6.19018277736397,4.73925877336832
2020-04-14,749,11,748,11,1,0,823,20,12721,285,13544,305,4,28,-17,135,24,586,1,133,33,"East TN",2455501,7.28975471807994,0.0444572748267898,12.4210904414211,0.447973753625024,5.49785970357984,4.44572748267898
2020-04-15,773,24,772,24,1,0,850,27,13133,412,13983,439,2,30,-6,129,28,614,4,137,34,"East TN",2455501,6.76033119106854,0.0420200462606014,17.8782252583078,0.977397280636416,5.25351038342074,4.20200462606014
2020-04-16,801,28,800,28,1,0,886,36,13810,677,14696,713,1,31,1,130,26,640,6,143,34,"East TN",2455501,6.84178096445491,0.0413284132841328,29.0368442122402,1.14029682740915,5.29423527011392,4.13284132841328
2020-04-17,823,22,821,21,2,1,916,30,14139,329,15055,359,0,31,-1,129,23,663,3,146,35,"East TN",2455501,6.84178096445491,0.0430859878475419,14.6202343228531,0.895947507250048,5.25351038342074,4.30859878475419
2020-04-18,835,12,833,12,2,0,935,19,14920,781,15855,800,0,31,-11,118,23,686,0,146,35,"East TN",2455501,6.3530823241367,0.0405564263322884,32.5799093545472,0.488698640318208,4.80553662979571,4.05564263322884
2020-04-19,914,79,912,79,2,0,1016,81,15607,687,16623,768,1,32,66,184,12,698,1,147,35,"East TN",2455501,8.34860177210272,0.0580997949419002,31.2767129803653,3.21726604876154,7.49337915154586,5.80997949419002
2020-04-20,939,25,931,19,8,6,1033,17,16570,963,17603,980,0,32,10,194,15,713,2,149,35,"East TN",2455501,8.18570222532998,0.0527039413382218,39.9103889593203,1.0181221673296,7.9006280184777,5.27039413382218
2020-04-21,1045,106,1037,106,8,0,1154,121,19276,2706,20430,2827,0,32,83,277,23,736,6,155,36,"East TN",2455501,12.0545664611825,0.0480685448736567,115.129254681631,4.3168379894775,11.280793614012,4.80685448736567
2020-04-22,1247,202,1237,200,10,2,1354,200,21828,2552,23182,2752,2,34,177,454,23,759,2,157,36,"East TN",2455501,19.3035962925692,0.054788563974345,112.074888179642,8.22642711202317,18.4890985587055,5.4788563974345
2020-04-23,1492,245,1480,243,12,2,1601,247,22935,1107,24536,1354,0,34,236,690,9,768,3,160,36,"East TN",2455501,28.1408967049901,0.0726626016260163,55.1414965825711,9.97759723983008,28.100171818297,7.26626016260163
2020-04-24,1540,48,1527,47,13,1,1655,54,25624,2689,27279,2743,0,34,22,712,26,794,4,164,36,"East TN",2455501,29.1997437590129,0.0604548429319372,111.708364199404,1.95479456127283,28.996119325547,6.04548429319372
2020-04-25,1563,23,1546,19,17,4,1674,19,26399,775,28073,794,0,34,10,722,13,807,3,167,37,"East TN",2455501,29.6477175126379,0.0604845310198068,32.3355600343881,0.936672393943232,29.4033681924788,6.04845310198068
2020-04-26,1583,20,1565,19,18,1,1700,26,27517,1118,29217,1144,0,34,-1,721,21,828,0,167,38,"East TN",2455501,27.2449491977401,0.0543115769414007,46.5892703770025,0.81449773386368,29.3626433057857,5.43115769414007
2020-04-27,1652,69,1633,68,19,1,1772,72,28432,915,30204,987,0,34,50,771,19,847,8,175,39,"East TN",2455501,29.0368442122402,0.058646139195302,40.1954631661726,2.8100171818297,31.3988876404449,5.8646139195302
2020-04-28,1689,37,1667,34,22,3,1812,40,30606,2174,32418,2214,2,36,19,790,16,863,1,176,40,"East TN",2455501,26.2268270304105,0.0548882215548882,90.1648991387094,1.50682080764781,32.1726604876154,5.48882215548882
2020-04-29,1752,63,1729,62,23,1,1878,66,33355,2749,35233,2815,1,37,39,829,23,886,6,182,41,"East TN",2455501,20.5660677800579,0.0434818687245872,114.640556041313,2.56566786167059,33.7609310686495,4.34818687245872
2020-04-30,1774,22,1750,21,24,1,1900,22,33904,549,35804,571,0,37,-1,828,23,909,1,183,41,"East TN",2455501,11.4844180474779,0.0265353212637558,23.2539103018081,0.895947507250048,33.7202061819563,2.65353212637558
2020-05-01,1814,40,1786,36,28,4,1929,29,35566,1662,37495,1691,0,37,-16,812,56,965,0,183,41,"East TN",2455501,11.1586189539324,0.0268206734534064,68.8657833981741,1.62899546772736,33.0686079948654,2.68206734534064
2020-05-02,1835,21,1807,21,28,0,1966,37,37443,1877,39409,1914,0,37,-107,705,128,1093,2,185,41,"East TN",2455501,11.077169180546,0.0257586450247001,77.9474331307542,0.855222620556864,28.7110451186947,2.57586450247001
2020-05-03,1873,38,1840,33,33,5,2003,37,39563,2120,41566,2157,0,37,-20,685,58,1151,3,188,43,"East TN",2455501,11.8102171410234,0.0245363997084784,87.8435805971979,1.54754569434099,27.896547384831,2.45363997084784
2020-05-04,1920,47,1884,44,36,3,2060,57,41509,1946,43569,2003,0,37,-312,373,359,1510,1,189,43,"East TN",2455501,10.9142696337733,0.0215488215488215,81.5719480464475,1.91406967457965,15.1903827365576,2.15488215488215
2020-05-05,1948,28,1911,27,37,1,2092,32,44419,2910,46511,2942,2,39,-45,328,71,1581,1,190,43,"East TN",2455501,10.5477456535347,0.0198680195841907,119.812616651347,1.14029682740915,13.3577628353644,1.98680195841907
2020-05-06,1985,37,1948,37,37,0,2135,43,45463,1044,47598,1087,1,40,7,335,29,1610,0,190,43,"East TN",2455501,9.48889859951187,0.0207844723008492,44.267951835491,1.50682080764781,13.6428370422166,2.07844723008492
2020-05-07,2028,43,1989,41,39,2,2183,48,46854,1391,49037,1439,0,40,19,354,24,1634,4,194,47,"East TN",2455501,10.3441212200687,0.0213859291166024,58.6031119514918,1.75117012780691,14.4166098893871,2.13859291166024
2020-05-08,2047,19,2008,19,39,0,2219,36,48524,1670,50743,1706,1,41,-15,339,33,1667,0,194,48,"East TN",2455501,9.48889859951187,0.0218900966183575,69.4766566985719,0.773772847170496,13.8057365889894,2.18900966183575
2020-05-09,2063,16,2022,14,41,2,2237,18,51343,2819,53580,2837,0,41,-32,307,48,1715,1,195,49,"East TN",2455501,9.28527416604595,0.0191235622045022,115.536503548563,0.651598187090944,12.5025402148075,1.91235622045022
2020-05-10,2079,16,2037,15,42,1,2256,19,53907,2564,56163,2583,1,42,-27,280,42,1757,3,198,49,"East TN",2455501,8.3893266587959,0.0173323285606631,105.192382328494,0.651598187090944,11.4029682740915,1.73323285606631
2020-05-11,2140,61,2097,60,43,1,2307,51,55478,1571,57785,1622,3,45,13,293,45,1802,4,202,51,"East TN",2455501,8.95947507250048,0.0173747889701744,66.0557662163444,2.48421808828422,11.9323918011029,1.73747889701745
2020-05-12,2193,53,2150,53,43,0,2373,66,59033,3555,61406,3621,3,48,30,323,20,1822,3,205,51,"East TN",2455501,9.97759723983008,0.0188653910708291,147.464814716019,2.15841899473875,13.1541384018984,1.88653910708291
2020-05-13,2247,54,2201,51,46,3,2425,52,60658,1625,63083,1677,0,48,18,341,36,1858,7,212,53,"East TN",2455501,10.6699203136142,0.0187278010978366,68.2956349844696,2.19914388143194,13.8871863623757,1.87278010978366
2020-05-14,2278,31,2232,31,46,0,2470,45,62366,1708,64836,1753,1,49,-2,339,32,1890,2,214,54,"East TN",2455501,10.181221673296,0.0181657066902969,71.3907263731516,1.2624714874887,13.8057365889894,1.81657066902969
2020-05-15,2306,28,2260,28,46,0,2507,37,64686,2320,67193,2357,1,50,-21,318,48,1938,4,218,54,"East TN",2455501,10.5477456535347,0.0175075987841945,95.9885579358347,1.14029682740915,12.9505139684325,1.75075987841945
2020-05-16,2316,10,2270,10,46,0,2525,18,67456,2770,69981,2788,1,51,-28,290,37,1975,1,219,54,"East TN",2455501,10.3033963333756,0.0175599048838485,113.540984100597,0.40724886693184,11.8102171410234,1.75599048838485
2020-05-17,2396,80,2350,80,46,0,2604,79,69683,2227,72287,2306,0,51,59,349,21,1996,4,223,56,"East TN",2455501,12.9097890817393,0.0215827338129496,93.9115887144823,3.25799093545472,14.2129854559212,2.15827338129496
2020-05-18,2445,49,2398,48,47,1,2665,61,71561,1878,74226,1939,0,51,8,357,41,2037,3,226,56,"East TN",2455501,12.4210904414211,0.0217748312146463,78.9655552980838,1.99551944796602,14.5387845494667,2.17748312146463
2020-05-19,2486,41,2438,40,48,1,2705,40,72685,1124,75390,1164,1,52,-6,351,46,2083,3,229,56,"East TN",2455501,11.9323918011029,0.0237414187643021,47.4037681108662,1.66972035442054,14.2944352293076,2.37414187643021
2020-05-20,2528,42,2480,42,48,0,2750,45,74425,1740,77175,1785,0,52,13,364,29,2112,3,232,56,"East TN",2455501,11.4436931607847,0.0230627306273063,72.6939227473334,1.71044524111373,14.823858756319,2.30627306273063
2020-05-21,2769,241,2720,240,49,1,2988,238,75887,1462,78875,1700,0,52,211,575,30,2142,4,236,57,"East TN",2455501,19.9959193663533,0.0368972149013463,69.2323073784128,9.81469769305734,23.4168098485808,3.68972149013463
2020-05-22,2860,91,2808,88,52,3,3066,78,77412,1525,80478,1603,0,52,40,615,51,2193,6,242,57,"East TN",2455501,22.5615872280239,0.0420775310500565,65.2819933691739,3.70596468907974,25.0458053163082,4.20775310500565
2020-05-23,2926,66,2870,62,56,4,3157,91,79627,2215,82784,2306,2,54,36,651,28,2221,6,248,58,"East TN",2455501,24.8421808828422,0.0493634304459892,93.9115887144823,2.68784252175014,26.5119012372628,4.93634304459892
2020-05-24,2978,52,2922,52,56,0,3227,70,81747,2120,84974,2190,0,54,26,677,26,2247,0,248,59,"East TN",2455501,23.7018840554331,0.0491053834633877,89.187501858073,2.11769410804557,27.5707482912856,4.91053834633877
2020-05-25,3062,84,3005,83,57,1,3321,94,84397,2650,87718,2744,1,55,42,719,41,2288,2,250,59,"East TN",2455501,25.1272550896945,0.0486214052772013,111.749089086097,3.42089048222746,29.2811935323993,4.86214052772013
2020-05-26,3123,61,3057,52,66,9,3377,56,86783,2386,90160,2442,1,56,15,734,45,2333,3,253,59,"East TN",2455501,25.9417528235582,0.0454976303317536,99.4501733047553,2.48421808828422,29.8920668327971,4.54976303317536
2020-05-27,3199,76,3130,73,69,3,3444,67,88650,1867,92094,1934,0,56,40,774,36,2369,8,261,59,"East TN",2455501,27.3263989711265,0.0465178631275555,78.7619308646179,3.09509138868198,31.5210623005244,4.65178631275555
2020-05-28,3273,74,3204,74,69,0,3511,67,90049,1399,93560,1466,0,56,14,788,60,2429,1,262,59,"East TN",2455501,20.5253428933647,0.0356145726932244,59.7026838922077,3.01364161529562,32.091210714229,3.56145726932244
2020-05-29,3348,75,3278,74,70,1,3594,83,91327,1278,94921,1361,0,56,10,798,65,2494,4,266,59,"East TN",2455501,19.8737447062738,0.0365575019040366,55.4265707894234,3.0543665019888,32.4984595811608,3.65575019040366
2020-05-30,3421,73,3350,72,71,1,3675,81,93572,2245,97247,2326,0,56,-1,797,74,2568,4,270,60,"East TN",2455501,20.1588189131261,0.0358155292816152,94.726086448346,2.97291672860243,32.4577346944676,3.58155292816152
2020-05-31,3533,112,3460,110,73,2,3769,94,96355,2783,100124,2877,0,56,71,868,41,2609,1,271,61,"East TN",2455501,22.6023121147171,0.0357755775577558,117.16549901629,4.56118730963661,35.3492016496837,3.57755775577558
2020-06-01,3629,96,3553,93,76,3,3903,134,100187,3832,104090,3966,0,56,-169,699,265,2874,5,276,61,"East TN",2455501,23.0910107550353,0.0355484974346445,161.514900625168,3.90958912254566,28.4666957985356,3.55484974346445
2020-06-02,3736,107,3658,105,78,2,4018,115,104246,4059,108264,4174,1,57,16,715,90,2964,3,279,65,"East TN",2455501,24.9643555429218,0.0354065399911622,169.98567705735,4.35756287617069,29.1182939856266,3.54065399911622
2020-06-03,3786,50,3708,50,78,0,4068,50,106176,1930,110244,1980,0,57,-65,650,115,3079,4,283,66,"East TN",2455501,23.905508488899,0.0343801652892562,80.6352756525043,2.0362443346592,26.4711763505696,3.43801652892562
2020-06-04,3837,51,3757,49,80,2,4129,61,107724,1548,111853,1609,6,63,-37,613,82,3161,5,288,67,"East TN",2455501,22.9688360949558,0.0337834144208167,65.526342689333,2.07696922135238,24.9643555429218,3.37834144208167
2020-06-05,3936,99,3852,95,84,4,4211,82,109880,2156,114091,2238,1,64,-43,570,141,3302,4,292,68,"East TN",2455501,23.9462333755922,0.0321857068335942,91.1422964193458,4.03176378262522,23.2131854151149,3.21857068335942
2020-06-06,3989,53,3902,50,87,3,4286,75,112985,3105,117271,3180,1,65,-14,556,66,3368,4,296,68,"East TN",2455501,23.1317356417285,0.0305133839392729,129.505139684325,2.15841899473875,22.6430370014103,3.05133839392729
2020-06-07,4047,58,3958,56,89,2,4367,81,116948,3963,121315,4044,0,65,-8,548,66,3434,6,302,69,"East TN",2455501,20.9325917602966,0.0282195271577557,164.691441787236,2.36204342820467,22.3172379078648,2.82195271577557
2020-06-08,4207,160,4114,156,93,4,4524,157,119899,2951,124423,3108,0,65,75,623,85,3519,6,308,69,"East TN",2455501,23.5389845086604,0.0305414842866276,126.572947842416,6.51598187090944,25.3716044098536,3.05414842866276
2020-06-09,4315,108,4221,107,94,1,4642,118,122226,2327,126868,2445,1,66,-35,588,142,3661,7,315,70,"East TN",2455501,23.5797093953535,0.0335411739410879,99.5723479648349,4.39828776286387,23.9462333755922,3.35411739410879
2020-06-10,4392,77,4295,74,97,3,4716,74,125064,2838,129780,2912,0,66,-63,525,140,3801,6,321,70,"East TN",2455501,24.6792813360695,0.0331695331695332,118.590870050552,3.13581627537517,21.3805655139216,3.31695331695332
2020-06-11,4656,264,4557,262,99,2,4996,280,127355,2291,132351,2571,1,67,149,674,114,3915,8,329,70,"East TN",2455501,33.3536822017177,0.0422968094448239,104.703683688176,10.7513700870006,27.448573631206,4.22968094448239
2020-06-12,4827,171,4727,170,100,1,5168,172,129983,2628,135151,2800,2,69,24,698,145,4060,3,332,71,"East TN",2455501,36.2858740436269,0.0454415954415954,114.029682740915,6.96395562453446,28.4259709118424,4.54415954415954
2020-06-13,4975,148,4871,144,104,4,5336,168,132174,2191,137510,2359,0,69,50,748,98,4158,4,336,72,"East TN",2455501,40.1547382794794,0.051880033598498,96.0700077092211,6.02728323059123,30.4622152465016,5.1880033598498
2020-06-14,5091,116,4986,115,105,1,5471,135,136044,3870,141515,4005,0,69,30,778,86,4244,4,340,73,"East TN",2455501,42.5167817076841,0.0546534653465347,163.103171206202,4.72408685640934,31.6839618472971,5.46534653465347
2020-06-15,5274,183,5158,172,116,11,5650,179,139218,3174,144868,3353,0,69,58,836,125,4369,9,349,78,"East TN",2455501,43.4534541016273,0.0550745903643923,136.550545082246,7.45265426485267,34.0460052755018,5.50745903643923
2020-06-16,5428,154,5310,152,118,2,5808,158,141018,1800,146826,1958,3,72,64,900,87,4456,4,353,81,"East TN",2455501,45.3267988895138,0.0584226876440525,79.7393281452543,6.27163255075034,36.6523980238656,5.84226876440525
2020-06-17,5561,133,5440,130,121,3,5930,122,142458,1440,148388,1562,3,75,-6,894,136,4592,6,359,83,"East TN",2455501,47.6073925443321,0.0652407566638005,63.6122730147534,5.41640993019347,36.4080487037065,6.52407566638005
2020-06-18,5739,178,5617,177,122,1,6136,206,146049,3591,152185,3797,1,76,42,936,135,4727,10,369,83,"East TN",2455501,44.1050522887183,0.0574770595946355,154.63239477402,7.24902983138675,38.1184939448202,5.74770595946355
2020-06-19,5874,135,5748,131,126,4,6254,118,147513,1464,153767,1582,4,80,22,958,109,4836,12,381,84,"East TN",2455501,42.6389563677636,0.0583369144821659,64.4267707486171,5.49785970357984,39.0144414520703,5.83369144821659
2020-06-20,5940,66,5813,65,127,1,6349,95,149688,2175,156037,2270,0,80,-44,914,110,4946,6,387,84,"East TN",2455501,39.2995156589226,0.0546769579532574,92.4454927935277,2.68784252175014,37.2225464375702,5.46769579532574
2020-06-21,6028,88,5900,87,128,1,6468,119,153038,3350,159506,3469,1,81,0,914,87,5033,3,390,87,"East TN",2455501,38.1592188315134,0.0554165971874826,141.274631938655,3.58379002900019,37.2225464375702,5.54165971874826
2020-06-22,6224,196,6089,189,135,7,6666,198,156449,3411,163115,3609,1,82,43,957,152,5185,7,397,88,"East TN",2455501,38.6886423585248,0.0556803858168466,146.976116075701,7.98207779186406,38.9737165653771,5.56803858168466
2020-06-23,6414,190,6273,184,141,6,6850,184,158254,1805,165104,1989,4,86,57,1014,129,5314,15,412,88,"East TN",2455501,40.1547382794794,0.0570084254294781,81.001799632743,7.73772847170496,41.2950351068886,5.70084254294781
2020-06-24,6592,178,6449,176,143,2,7033,183,159885,1631,166918,1814,2,88,37,1051,139,5453,9,421,88,"East TN",2455501,41.9873581806727,0.0595250944414463,73.8749444614358,7.24902983138675,42.8018559145364,5.95250944414463
2020-06-25,6761,169,6609,160,152,9,7217,184,163059,3174,170276,3358,0,88,22,1073,147,5600,8,429,88,"East TN",2455501,41.620834200434,0.0597534685755348,136.754169515712,6.8825058511481,43.6978034217864,5.97534685755348
2020-06-26,6975,214,6813,204,162,10,7389,172,164648,1589,172037,1761,1,89,67,1140,146,5746,16,445,88,"East TN",2455501,44.8381002491956,0.0621237000547345,71.716525466697,8.71512575234138,46.4263708302298,6.21237000547345
2020-06-27,7049,74,6882,69,167,5,7435,46,164857,209,172292,255,-1,88,-52,1088,127,5873,5,450,90,"East TN",2455501,45.1638993427411,0.066810212242387,10.3848461067619,3.01364161529562,44.3086767221842,6.6810212242387
2020-06-28,7176,127,7007,125,169,2,7606,171,167945,3088,175551,3259,0,88,30,1118,97,5970,5,455,91,"East TN",2455501,46.7521699237752,0.0709255219694609,132.722405733087,5.17206061003437,45.5304233229797,7.09255219694609
2020-06-29,7519,343,7348,341,171,2,7946,340,173213,5268,181159,5608,1,89,147,1265,195,6165,22,477,92,"East TN",2455501,52.7387282676733,0.0709377078253159,228.385164575376,13.9686361357621,51.5169816668778,7.09377078253159
2020-06-30,7789,270,7614,266,175,4,8394,448,179500,6287,187894,6735,0,89,100,1365,170,6335,22,499,93,"East TN",2455501,55.996719203128,0.0677490127248793,274.282111878594,10.9957194071597,55.5894703361962,6.77490127248793
2020-07-01,8064,275,7886,272,178,3,8728,334,182704,3204,191432,3538,0,89,66,1431,209,6544,17,516,96,"East TN",2455501,59.9470332123668,0.0691441625193767,144.084649120485,11.1993438406256,58.2773128579463,6.91441625193767
2020-07-02,8544,480,8361,475,183,5,9334,606,189087,6383,198421,6989,2,91,314,1745,164,6708,24,540,99,"East TN",2455501,72.6124729739471,0.0752176230236276,284.626233098663,19.5479456127283,71.0649272796061,7.52176230236276
2020-07-03,8770,226,8581,220,189,6,9562,228,192443,3356,202005,3584,5,96,24,1769,197,6905,14,554,100,"East TN",2455501,73.1011716142653,0.0725106780565937,145.957993908371,9.20382439265958,72.0423245602425,7.25106780565937
2020-07-04,8990,220,8799,218,191,2,9842,280,197207,4764,207049,5044,2,98,77,1846,141,7046,14,568,106,"East TN",2455501,79.0470050714701,0.0692522369594614,205.41632848042,8.95947507250048,75.1781408356177,6.92522369594614
2020-07-05,9310,320,9118,319,192,1,10210,368,201055,3848,211265,4216,2,100,163,2009,155,7201,11,579,109,"East TN",2455501,86.9069082032546,0.0729125833006664,171.696122298464,13.0319637418189,81.8162973666066,7.29125833006664
2020-07-06,9544,234,9341,223,203,11,10420,210,202686,1631,213106,1841,4,104,-51,1958,281,7482,26,605,109,"East TN",2455501,82.4678955536976,0.0774407612608383,74.9745164021517,9.52962348620506,79.7393281452543,7.74407612608383
2020-07-07,9992,448,9780,439,212,9,10986,566,208964,6278,219950,6844,0,104,159,2117,289,7771,31,636,110,"East TN",2455501,89.7169253850844,0.080858497629149,278.721124528151,18.2447492385464,86.2145851294705,8.0858497629149
2020-07-08,10373,381,10151,371,222,10,11420,434,213136,4172,224556,4606,1,105,61,2178,319,8090,20,656,110,"East TN",2455501,94.0337633745619,0.0812703779736747,187.578828108805,15.5161818301031,88.6988032177547,8.12703779736747
2020-07-09,10822,449,10586,435,236,14,11892,472,219086,5950,230978,6422,1,106,149,2327,299,8389,24,680,113,"East TN",2455501,92.7712918870731,0.078569892803391,261.535222343628,18.2854741252396,94.7668113350392,7.8569892803391
2020-07-10,11289,467,11041,455,248,12,12345,453,222370,3284,234715,3737,0,106,141,2468,326,8715,27,707,115,"East TN",2455501,102.58598958013,0.0850810149801284,152.188901572429,19.0185220857169,100.509020358778,8.50810149801284
2020-07-11,11595,306,11340,299,255,7,12767,422,226848,4478,239615,4900,5,111,44,2512,257,8972,22,729,120,"East TN",2455501,106.088329835744,0.0898176011791439,199.551944796602,12.4618153281143,102.300915373278,8.98176011791439
2020-07-12,12065,470,11802,462,263,8,13400,633,232778,5930,246178,6563,1,112,222,2734,247,9219,24,753,125,"East TN",2455501,112.197062839722,0.091369976799473,267.277431367367,19.1406967457965,111.341840219165,9.1369976799473
2020-07-13,12419,354,12143,341,276,13,13743,343,236212,3434,249955,3777,3,115,-119,2615,470,9689,18,771,129,"East TN",2455501,117.084049242904,0.0901788379603246,153.817897040156,14.4166098893871,106.495578702676,9.01788379603246
2020-07-14,12934,515,12653,510,281,5,14327,584,240700,4488,255027,5072,4,119,77,2692,434,10123,34,805,133,"East TN",2455501,119.812616651347,0.0952475981412321,206.556625307829,20.9733166469898,109.631394978051,9.52475981412321
2020-07-15,13314,380,13027,374,287,6,14710,383,243797,3097,258507,3480,6,125,-105,2587,479,10602,24,829,140,"East TN",2455501,119.771891764654,0.0969043621690083,141.72260569228,15.4754569434099,105.355281875267,9.69043621690083
2020-07-16,14141,827,13839,812,302,15,15807,1097,253631,9834,269438,10931,6,131,349,2936,472,11074,43,872,142,"East TN",2455501,135.165898934678,0.101794071762871,445.163736443194,33.6794812952632,119.568267331188,10.1794071762871
2020-07-17,14609,468,14293,454,316,14,16318,511,257950,4319,274268,4830,3,134,95,3031,370,11444,24,896,147,"East TN",2455501,135.206623821371,0.100447500821682,196.701202728079,19.0592469724101,123.437131567041,10.0447500821682
2020-07-18,15118,509,14787,494,331,15,16986,668,266041,8091,283027,8759,6,140,185,3216,318,11762,27,923,150,"East TN",2455501,143.473775820087,0.0971851101078043,356.709282545599,20.7289673268307,130.97123560528,9.71851101078043
2020-07-19,15599,481,15249,462,350,19,17546,560,270895,4854,288441,5414,0,140,76,3292,405,12167,25,948,154,"East TN",2455501,143.921749573712,0.0980999929015924,220.484536556898,19.5886704994215,134.066326993962,9.80999929015924
2020-07-20,16035,436,15670,421,365,15,17957,411,273352,2457,291309,2868,2,142,-270,3022,704,12871,29,977,158,"East TN",2455501,147.261190282553,0.10190066257194,116.798975036052,17.7560505982282,123.070607586802,10.190066257194
2020-07-21,17036,1001,16654,984,382,17,19169,1212,281730,8378,300899,9590,1,143,381,3403,619,13490,61,1038,161,"East TN",2455501,167.053485215441,0.105554586675968,390.551663387635,40.7656115798772,138.586789416905,10.5554586675968
2020-07-22,17620,584,17222,568,398,16,19823,654,285030,3300,304853,3954,4,147,-80,3323,660,14150,29,1067,166,"East TN",2455501,175.36136210085,0.110322357916541,161.02620198485,23.7833338288195,135.32879848145,11.0322357916541
2020-07-23,18415,795,17995,773,420,22,20822,999,295234,10204,316056,11203,4,151,242,3565,549,14699,50,1117,172,"East TN",2455501,174.058165726668,0.107576472607147,456.24090562374,32.3762849210813,145.184221061201,10.7576472607147
2020-07-24,19018,603,18585,590,433,13,21506,684,301043,5809,322549,6493,2,153,6,3571,595,15294,34,1151,178,"East TN",2455501,179.556025430248,0.107454278080404,264.426689298844,24.55710667599,145.42857038136,10.7454278080404
2020-07-25,19996,978,19551,966,445,12,22708,1202,310658,9615,333366,10817,10,163,550,4121,418,15712,28,1179,186,"East TN",2455501,198.655997289352,0.113669321996861,440.521099360171,39.8289391859339,167.827258062611,11.3669321996861
2020-07-26,20771,775,20311,760,460,15,23605,897,318181,7523,341786,8420,1,164,391,4512,383,16095,21,1200,193,"East TN",2455501,210.629113977148,0.11358140406786,342.903545956609,31.5617871872176,183.750688759646,11.358140406786
2020-07-27,21417,646,20935,624,482,22,24311,706,322647,4466,346958,5172,6,170,-78,4434,718,16813,38,1238,197,"East TN",2455501,219.181340182716,0.114179949325235,210.629113977148,26.3082768037969,180.574147597578,11.4179949325235
2020-07-28,22232,815,21727,792,505,23,25283,972,330868,8221,356151,9193,7,177,170,4604,638,17451,50,1288,202,"East TN",2455501,211.606511257784,0.110656627814378,374.38388337044,33.190782654945,187.497378335419,11.0656627814378
2020-07-29,22575,343,22059,332,516,11,25599,316,332440,1572,358039,1888,5,182,-337,4267,675,18126,24,1312,211,"East TN",2455501,201.791813564727,0.108600007520776,76.8885860767314,13.9686361357621,173.773091519816,10.8600007520776
2020-07-30,23763,1188,23232,1173,531,15,26980,1381,344974,12534,371954,13915,5,187,674,4941,509,18635,42,1354,218,"East TN",2455501,217.796694035148,0.110164943289563,566.686798335655,48.3811653915026,201.221665151022,11.0164943289563
2020-07-31,24385,622,23838,606,547,16,27634,654,348942,3968,376576,4622,6,193,80,5021,536,19171,25,1379,227,"East TN",2455501,218.570466882319,0.113424769096933,188.230426295896,25.3308795231604,204.479656086477,11.3424769096933
2020-08-01,24944,559,24380,542,564,17,28270,636,355917,6975,384187,7611,1,194,152,5173,406,19577,16,1395,230,"East TN",2455501,201.506739357874,0.109442946813325,309.957112621823,22.7652116614899,210.669838863841,10.9442946813325
2020-08-02,25375,431,24800,420,575,11,28754,484,359715,3798,388469,4282,4,198,49,5222,378,19955,19,1414,235,"East TN",2455501,187.497378335419,0.11029711029711,174.383964820214,17.5524261647623,212.665358311807,11.029711029711
2020-08-03,26001,626,25408,608,593,18,29462,708,363859,4144,393321,4852,3,201,-43,5179,666,20621,33,1447,243,"East TN",2455501,186.682880601555,0.111101524922891,197.597150235329,25.4937790699332,210.914188184,11.1101524922891
2020-08-04,26487,486,25874,466,613,20,29988,526,369230,5371,399218,5897,6,207,-218,4961,698,21319,33,1480,252,"East TN",2455501,173.284392879498,0.109248380430492,240.154656829706,19.7922949328874,202.036162884886,10.9248380430492
2020-08-05,26955,468,26334,460,621,8,30509,521,373443,4213,403952,4734,9,216,-223,4738,682,22001,19,1499,258,"East TN",2455501,178.375003716146,0.106941389149043,192.791613605533,19.0592469724101,192.954513152306,10.6941389149043
2020-08-06,27686,731,27027,693,659,38,31361,852,380513,7070,411874,7922,7,223,201,4939,523,22524,36,1535,264,"East TN",2455501,159.763730497361,0.109744488977956,322.622552383404,29.7698921727175,201.140215377636,10.9744488977956
2020-08-07,28241,555,27568,541,673,14,31980,619,384483,3970,416463,4589,6,229,38,4977,511,23035,34,1569,277,"East TN",2455501,157.035163088917,0.108957805801389,186.886505035021,22.6023121147171,202.687761071977,10.8957805801389
2020-08-08,28916,675,28231,663,685,12,32780,800,394560,10077,427340,10877,8,237,289,5266,378,23413,19,1588,287,"East TN",2455501,161.759249945327,0.104511853173592,442.964592561762,27.4892985178992,214.457253326307,10.4511853173592
2020-08-09,29444,528,28747,516,697,12,33414,634,398861,4301,432275,4935,2,239,115,5381,411,23824,19,1607,294,"East TN",2455501,165.709563954566,0.106378121718486,200.977315830863,21.5027401740012,219.140615296023,10.6378121718486
2020-08-10,29747,303,29039,292,708,11,33742,328,401150,2289,434892,2617,3,242,-477,4904,777,24601,26,1633,298,"East TN",2455501,152.555425552667,0.102956387866542,106.577028476063,12.3396406680348,199.714844343374,10.2956387866542
2020-08-11,30359,612,29634,595,725,17,34427,685,407250,6100,441677,6785,17,259,-7,4897,602,25203,28,1661,303,"East TN",2455501,157.686761276008,0.104547916813867,276.318356213253,24.9236306562286,199.429770136522,10.4547916813867
2020-08-12,30804,445,30058,424,746,21,34901,474,410999,3749,445900,4223,6,265,-251,4646,690,25893,25,1686,308,"East TN",2455501,156.750088882065,0.104701058453323,171.981196505316,18.1225745784669,189.207823576533,10.4701058453323
2020-08-13,31621,817,30862,804,759,13,36018,1117,419561,8562,455579,9679,6,271,202,4848,609,26502,44,1730,316,"East TN",2455501,160.252429137679,0.106555314037295,394.176178303328,33.2722324283313,197.434250688556,10.6555314037295
2020-08-14,32082,461,31294,432,788,29,36552,534,424217,4656,460769,5190,4,275,-142,4706,599,27101,18,1748,323,"East TN",2455501,156.42428978852,0.103191441339773,211.362161937625,18.7741727655578,191.651316778124,10.3191441339773
2020-08-15,32732,650,31932,638,800,12,37429,877,431150,6933,468579,7810,4,279,216,4922,430,27531,17,1765,332,"East TN",2455501,155.40616762119,0.11273309246102,318.061365073767,26.4711763505696,200.447892303852,11.273309246102
2020-08-16,33206,474,32395,463,811,11,38022,593,436616,5466,474638,6059,2,281,110,5032,362,27893,10,1775,341,"East TN",2455501,153.207023739758,0.108774166135543,246.752088474002,19.3035962925692,204.927629840102,10.8774166135543
2020-08-17,33479,273,32598,203,881,70,38249,227,438088,1472,476337,1699,8,289,-397,4635,662,28555,12,1787,347,"East TN",2455501,151.985277138963,0.108746531547834,69.1915824917196,11.1178940672392,188.759849822908,10.8746531547834
2020-08-18,34109,630,33163,565,946,65,39061,812,448685,10597,487746,11409,8,297,52,4687,570,29125,22,1809,350,"East TN",2455501,152.71832509944,0.100588248062689,464.630232282536,25.6566786167059,190.877543930953,10.0588248062689
2020-08-19,34564,455,33597,434,967,21,39558,497,453469,4784,493027,5281,7,304,-113,4574,561,29686,22,1831,357,"East TN",2455501,153.125573966372,0.0988180872960299,215.068126626705,18.5298234453987,186.275631734624,9.88180872960299
2020-08-20,35342,778,34354,757,988,21,40432,874,465008,11539,505440,12413,6,310,264,4838,508,30194,26,1857,365,"East TN",2455501,151.537303385338,0.0885261025651311,505.518018522493,31.6839618472971,197.027001821624,8.85261025651311
2020-08-21,35551,209,34551,197,1000,12,40645,213,467459,2451,508104,2664,17,327,-321,4517,513,30707,17,1874,372,"East TN",2455501,141.274631938655,0.0864687863103412,108.491098150642,8.51150131887546,183.954313193112,8.64687863103412
2020-08-22,36421,870,35409,858,1012,12,41618,973,480827,13368,522445,14341,2,329,454,4971,414,31121,20,1894,379,"East TN",2455501,150.234107011156,0.0777670515724204,584.035600066952,35.4306514230701,202.443411751818,7.77670515724204
2020-08-23,36674,253,35651,242,1023,11,41872,254,485933,5106,527805,5360,0,329,-94,4877,347,31468,20,1914,384,"East TN",2455501,141.233907051962,0.0724133391013222,218.285392675466,10.3033963333756,198.615272402658,7.24133391013222
2020-08-24,36866,192,35826,175,1040,17,42070,198,487276,1343,529346,1541,8,337,-486,4391,670,32138,15,1929,394,"East TN",2455501,137.935191229814,0.0720820992661624,62.7570503941965,7.81917824509133,178.822977469771,7.20820992661624
2020-08-25,37480,614,36415,589,1065,25,42755,685,497011,9735,539766,10420,16,353,119,4510,479,32617,22,1951,402,"East TN",2455501,137.283593042723,0.0710111495578624,424.353319342977,25.005080429615,183.66923898626,7.10111495578624
2020-08-26,37825,345,36735,320,1090,25,43139,384,500973,3962,544112,4346,6,359,-208,4302,547,33164,11,1962,410,"East TN",2455501,132.803855506473,0.0700988548497602,176.990357568578,14.0500859091485,175.198462554078,7.00988548497602
2020-08-27,38686,861,37579,844,1107,17,44115,976,511264,10291,555379,11267,8,367,387,4689,466,33630,29,1991,417,"East TN",2455501,136.184021102007,0.0737499749694627,458.847298372104,35.0641274428314,190.95899370434,7.37499749694627
2020-08-28,39020,334,37893,314,1127,20,44453,338,513873,2609,558326,2947,12,379,-182,4507,504,34134,10,2001,423,"East TN",2455501,141.274631938655,0.0758233443510812,120.016241084813,13.6021121555235,183.54706432618,7.58233443510812
2020-08-29,39471,451,38328,435,1143,16,44981,528,520392,6519,565373,7047,8,387,61,4568,382,34516,16,2017,432,"East TN",2455501,124.210904414211,0.0783404770778979,286.988276526868,18.366923898626,186.031282414464,7.83404770778979
2020-08-30,39734,263,38580,252,1154,11,45248,267,522273,1881,567521,2148,8,395,-55,4513,310,34826,14,2031,435,"East TN",2455501,124.618153281143,0.0850035250276966,87.4770566169592,10.7106452003074,183.791413646339,8.50035250276967
2020-08-31,40141,407,38958,378,1183,29,45698,450,525760,3487,571458,3937,2,397,-133,4380,538,35364,16,2047,440,"East TN",2455501,133.374003920178,0.0861512158054711,160.333878911065,16.5750288841259,178.375003716146,8.61512158054711
2020-09-01,40748,607,39523,565,1225,42,46372,674,531425,5665,577797,6339,6,403,105,4485,496,35860,28,2075,449,"East TN",2455501,133.088929713325,0.095106623543951,258.155056748093,24.7200062227627,182.65111681893,9.5106623543951
2020-09-02,41236,488,39982,459,1254,29,46825,453,536218,4793,583043,5246,7,410,22,4507,459,36319,22,2097,456,"East TN",2455501,138.912588510451,0.0946803318692045,213.642755592443,19.8737447062738,183.54706432618,9.46803318692045
2020-09-03,41791,555,40504,522,1287,33,47472,647,544475,8257,591947,8904,6,416,-39,4468,588,36907,22,2119,459,"East TN",2455501,126.450773182336,0.0918015751476701,362.61439111611,22.6023121147171,181.958793745146,9.18015751476701
2020-09-04,42148,357,40847,343,1301,14,47820,348,547807,3332,595627,3680,7,423,-40,4428,390,37297,11,2130,460,"East TN",2455501,127.38744557628,0.0902656765234176,149.867583030917,14.5387845494667,180.329798277419,9.02656765234176
2020-09-05,43146,998,41830,983,1316,15,48910,1090,557126,9319,606036,10409,1,424,640,5068,357,37654,26,2156,466,"East TN",2455501,149.663958597451,0.0966234660502176,423.905345589352,40.6434369197976,206.393725761056,9.66234660502176
2020-09-06,43409,263,42077,247,1332,16,49178,268,559754,2628,608932,2896,0,424,-51,5017,314,37968,9,2165,480,"East TN",2455501,149.663958597451,0.0949023206394436,117.939271863461,10.7106452003074,204.316756539704,9.49023206394436
2020-09-07,43613,204,42274,197,1339,7,49415,237,561090,1336,610505,1573,3,427,-342,4675,543,38511,13,2178,484,"East TN",2455501,141.396806598735,0.0951929725715164,64.0602467683784,8.30787688540954,190.388845290635,9.51929725715164
2020-09-08,43924,311,42563,289,1361,22,49735,320,564516,3426,614251,3746,7,434,-302,4373,606,39117,24,2202,491,"East TN",2455501,129.342240137552,0.0922532506720799,152.555425552667,12.6654397615802,178.089929509294,9.22532506720799
2020-09-09,44257,333,42879,316,1378,17,50110,375,569662,5146,619772,5521,6,440,-161,4212,488,39605,16,2218,498,"East TN",2455501,123.029882700109,0.0894388630237687,224.842099433069,13.5613872688303,171.533222751691,8.94388630237687
2020-09-10,44932,675,43517,638,1415,37,50817,707,577473,7811,628290,8518,18,458,194,4406,463,40068,39,2257,509,"East TN",2455501,127.916869103291,0.0920397325482211,346.894584852541,27.4892985178992,179.433850770169,9.20397325482211
2020-09-11,45258,326,43820,303,1438,23,51172,355,581633,4160,632805,4515,17,475,-205,4201,514,40582,26,2283,520,"East TN",2455501,126.654397615802,0.0901608478132229,183.872863419726,13.276313061978,171.085248998066,9.01608478132229
2020-09-12,45677,419,44221,401,1456,18,51684,512,588619,6986,640303,7498,10,485,92,4293,317,40899,14,2297,531,"East TN",2455501,103.074688220449,0.0809525199171214,305.355200425494,17.0637275244441,174.831938573839,8.09525199171214
2020-09-13,46118,441,44642,421,1476,20,52187,503,594193,5574,646380,6077,2,487,49,4342,390,41289,21,2318,536,"East TN",2455501,110.323718051835,0.0803514206366161,247.485136434479,17.9596750316941,176.827458021805,8.03514206366161
2020-09-14,46562,444,45071,429,1491,15,52672,485,599166,4973,651838,5458,9,496,-151,4191,586,41875,23,2341,546,"East TN",2455501,120.0976908582,0.0787990225727627,222.276431571398,18.0818496917737,170.678000131134,7.87990225727627
2020-09-15,47055,493,45527,456,1528,37,53212,540,607342,8176,660554,8716,7,503,-66,4125,552,42427,19,2360,549,"East TN",2455501,127.509620236359,0.0750923266311038,354.958112417792,20.0773691397397,167.990157609384,7.50923266311038
2020-09-16,47408,353,45837,310,1571,43,53606,394,610755,3413,664361,3807,6,509,-175,3950,522,42949,17,2377,558,"East TN",2455501,128.324117970223,0.0784049877772545,155.039643640951,14.375885002694,160.863302438077,7.84049877772545
2020-09-17,47959,551,46356,519,1603,32,54183,577,617931,7176,672114,7753,8,517,119,4069,424,43373,21,2398,569,"East TN",2455501,123.274232020268,0.0768072289156626,315.740046532256,22.4394125679444,165.709563954566,7.68072289156626
2020-09-18,48493,534,46842,486,1651,48,54750,567,626047,8116,680797,8683,17,534,-29,4040,546,43919,29,2427,575,"East TN",2455501,131.74500845245,0.0745540923487248,353.614191156917,21.7470894941603,164.528542240463,7.45540923487248
2020-09-19,49001,508,47327,485,1674,23,55323,573,634401,8354,689724,8927,3,537,193,4233,312,44231,29,2456,577,"East TN",2455501,135.369523368144,0.0736326662754699,363.551063510054,20.6882424401375,172.388445372248,7.36326662754699
2020-09-20,49307,306,47608,281,1699,25,55652,329,639359,4958,695011,5287,1,538,-19,4214,324,44555,13,2469,588,"East TN",2455501,129.871663664564,0.0712508482243836,215.312475946864,12.4618153281143,171.614672525077,7.12508482243836
2020-09-21,49470,163,47741,133,1729,30,55804,152,640876,1517,696680,1669,3,541,-210,4004,370,44925,9,2478,593,"East TN",2455501,118.427970503779,0.0698452343784845,67.9698358909241,6.63815653098899,163.062446319509,6.98452343784845
2020-09-22,49930,460,48143,402,1787,58,56294,490,647026,6150,703320,6640,6,547,-55,3949,509,45434,28,2506,600,"East TN",2455501,117.084049242904,0.072066594958612,270.413247642742,18.7334478788646,160.822577551384,7.2066594958612
2020-09-23,50224,294,48397,254,1827,40,56576,282,649119,2093,705695,2375,8,555,-217,3732,503,45937,11,2517,609,"East TN",2455501,114.681280928006,0.0718536797793584,96.721605896312,11.9731166877961,151.985277138963,7.18536797793584
2020-09-24,50687,463,48839,442,1848,21,57057,481,656013,6894,713070,7375,11,566,-36,3696,488,46425,27,2544,614,"East TN",2455501,111.097490899006,0.070172868444184,300.346039362232,18.8556225389442,150.519181218008,7.0172868444184
2020-09-25,51141,454,49269,430,1872,24,57543,486,662686,6673,720229,7159,11,577,14,3710,429,46854,18,2562,621,"East TN",2455501,107.839499963551,0.070830797321972,291.549463836504,18.4890985587055,151.089329631713,7.0830797321972
2020-09-26,51699,558,49803,534,1896,24,58181,638,673242,10556,731423,11194,5,582,194,3904,359,47213,28,2590,628,"East TN",2455501,109.87574429821,0.0685388138804288,455.874381643502,22.7244867747967,158.98995765019,6.85388138804288
2020-09-27,52092,393,50168,365,1924,28,58588,407,679261,6019,737849,6426,3,585,91,3995,299,47512,30,2620,635,"East TN",2455501,113.418809440517,0.06853727998506,261.6981218904,16.0048804704213,162.69592233927,6.853727998506
2020-09-28,52326,234,50363,195,1963,39,58813,225,680948,1687,739761,1912,4,589,-315,3680,545,48057,14,2634,642,"East TN",2455501,116.310276395733,0.0698451753673313,77.8659833573678,9.52962348620506,149.867583030917,6.98451753673313
2020-09-29,52709,383,50703,340,2006,43,59210,397,686759,5811,745969,6208,9,598,-43,3637,417,48474,30,2664,644,"East TN",2455501,113.174460120358,0.0683720603062205,252.820096591286,15.5976316034895,148.11641290311,6.83720603062205
2020-09-30,53191,482,51153,450,2038,32,59686,476,690197,3438,749883,3914,6,604,79,3716,397,48871,21,2685,648,"East TN",2455501,120.830738818677,0.0703810989408889,159.397206517122,19.6293953861147,151.333678951872,7.03810989408889
2020-10-01,53579,388,51502,349,2077,39,60065,379,693477,3280,753542,3659,11,615,0,3716,377,49248,30,2715,653,"East TN",2455501,117.776372316688,0.0743229887329512,149.01236041036,15.8012560369554,151.333678951872,7.43229887329512
2020-10-02,54044,465,51939,437,2105,28,60528,463,697098,3621,757626,4084,2,617,24,3740,439,49687,17,2732,657,"East TN",2455501,118.224346070313,0.0798192368371795,166.320437254963,18.9370723123306,152.311076232508,7.98192368371795
2020-10-03,54449,405,52327,388,2122,17,61011,483,704558,7460,765569,7943,12,629,83,3823,310,49997,21,2753,663,"East TN",2455501,111.993438406256,0.0828794002225737,323.477775003961,16.4935791107395,155.691241828042,8.28794002225737
2020-10-04,54904,455,52752,425,2152,30,61550,539,714681,10123,776231,10662,4,633,144,3967,307,50304,26,2779,676,"East TN",2455501,114.518381381233,0.0771715908498775,434.208741922728,18.5298234453987,161.555625511861,7.71715908498775
2020-10-05,55576,672,53365,613,2211,59,62302,752,721929,7248,784231,8000,5,638,152,4119,515,50819,38,2817,685,"East TN",2455501,132.355881752848,0.0784573870024736,325.799093545472,27.3671238578196,167.745808289225,7.84573870024736
2020-10-06,56326,750,54031,666,2295,84,63042,740,728569,6640,791611,7380,8,646,302,4421,440,51259,42,2859,694,"East TN",2455501,147.301915169247,0.0839577582051619,300.549663795698,30.543665019888,180.044724070566,8.39577582051619
2020-10-07,57063,737,54690,659,2373,78,63750,708,735322,6753,799072,7461,3,649,293,4714,441,51700,36,2895,700,"East TN",2455501,157.686761276008,0.0826200979893879,303.848379617846,30.0142414928766,191.977115871669,8.26200979893879
2020-10-08,57781,718,55347,657,2434,61,64428,678,741783,6461,806211,7139,10,659,266,4980,442,52142,31,2926,706,"East TN",2455501,171.125973884759,0.0828381021094002,290.734966102641,29.2404686457061,202.809935732056,8.28381021094002
2020-10-09,58322,541,55846,499,2476,42,64988,560,747262,5479,812250,6039,4,663,123,5103,414,52556,20,2946,713,"East TN",2455501,174.221065273441,0.0816490919742238,245.937590740138,22.0321637010125,207.819096795318,8.16490919742238
2020-10-10,58940,618,56434,588,2506,30,65657,669,755688,8426,821345,9095,12,675,252,5355,354,52910,19,2965,727,"East TN",2455501,182.895466139089,0.0832974756167527,370.392844474508,25.1679799763877,218.081768242,8.32974756167527
2020-10-11,59883,943,57346,912,2537,31,66686,1029,766117,10429,832803,11458,1,676,586,5941,356,53266,36,3001,734,"East TN",2455501,202.769210845363,0.0907869617478611,466.625751730502,38.4035681516725,241.946551844206,9.07869617478611
2020-10-12,60239,356,57632,286,2607,70,67003,317,769038,2921,836041,3238,6,682,-337,5604,687,53953,18,3019,745,"East TN",2455501,189.900146650317,0.0907353792704111,131.86718311253,14.4980596627735,228.222265028603,9.07353792704111
2020-10-13,60744,505,58085,453,2659,52,67487,484,773423,4385,840910,4869,9,691,7,5611,489,54442,22,3041,752,"East TN",2455501,179.922549410487,0.0901641006916976,198.289473309113,20.5660677800579,228.507339235455,9.01641006916976
2020-10-14,61618,874,58897,812,2721,62,68335,848,779609,6186,847944,7034,1,692,328,5939,545,54987,40,3081,759,"East TN",2455501,185.501858887453,0.0938165002455394,286.458852999856,35.5935509698428,241.86510207082,9.38165002455394
2020-10-15,62127,509,59337,440,2790,69,68800,465,783763,4154,852563,4619,14,706,-67,5872,562,55549,19,3100,768,"East TN",2455501,176.990357568578,0.094321712115982,188.108251635817,20.7289673268307,239.136534662376,9.4321712115982
2020-10-16,62766,639,59933,596,2833,43,69384,584,787852,4089,857236,4673,2,708,-135,5737,772,56321,21,3121,780,"East TN",2455501,180.98139646451,0.0977192904459165,190.307395517249,26.0232025969446,233.638674958797,9.77192904459165
2020-10-17,63484,718,60614,681,2870,37,70243,859,796636,8784,866879,9643,6,714,236,5973,476,56797,36,3157,787,"East TN",2455501,185.053885133828,0.100715948521984,392.710082382373,29.2404686457061,243.249748218388,10.0715948521984
2020-10-18,64290,806,61374,760,2916,46,71115,872,804746,8110,875861,8982,3,717,349,6322,454,57251,34,3191,795,"East TN",2455501,179.474575656862,0.102861256909285,365.790932278179,32.8242586747063,257.462733674309,10.2861256909285
2020-10-19,65038,748,62059,685,2979,63,71874,759,809645,4899,881519,5658,3,720,-19,6303,764,58015,65,3256,806,"East TN",2455501,195.43873124059,0.10710673292581,230.421408910035,30.4622152465016,256.688960827139,10.710673292581
2020-10-20,65724,686,62668,609,3056,77,72565,691,813261,3616,885826,4307,15,735,35,6338,636,58651,27,3283,819,"East TN",2455501,202.809935732056,0.113055481342951,175.402086987543,27.9372722715242,258.1143318614,11.3055481342951
2020-10-21,66318,594,63221,553,3097,41,73182,617,817005,3744,890187,4361,5,740,-128,6210,717,59368,24,3307,833,"East TN",2455501,191.406967457965,0.114740903818384,177.601230868975,24.1905826957513,252.901546364673,11.4740903818384
2020-10-22,67448,1130,64257,1036,3191,94,74283,1101,825571,8566,899854,9667,10,750,440,6650,680,60048,42,3349,848,"East TN",2455501,216.697122094432,0.115941722526485,393.68747966301,46.0191219632979,270.820496509674,11.5941722526485
2020-10-23,68419,971,65161,904,3258,67,75253,970,832687,7116,907940,8086,19,769,289,6939,663,60711,36,3385,856,"East TN",2455501,230.217784476569,0.115750236667719,329.301433801086,39.5438649790817,282.589988764004,11.5750236667719
2020-10-24,69656,1237,66336,1175,3320,62,76580,1327,843214,10527,919794,11854,12,781,643,7582,582,61293,48,3433,873,"East TN",2455501,251.354000670332,0.119758102617405,482.752806861003,50.3766848394686,308.776090907721,11.9758102617405
2020-10-25,70586,930,67209,873,3377,57,77627,1047,851092,7878,928719,8925,9,790,438,8020,483,61776,40,3473,884,"East TN",2455501,256.403886620286,0.123198002194559,363.469613736667,37.8741446246611,326.613591279336,12.3198002194559
2020-10-26,71048,462,67615,406,3433,56,78061,434,853847,2755,931908,3189,6,796,-449,7571,905,62681,20,3493,898,"East TN",2455501,244.756569026036,0.12278473476354,129.871663664564,18.814897652251,308.328117154096,12.278473476354
2020-10-27,71890,842,68327,712,3563,130,78844,783,858232,4385,937076,5168,12,808,80,7651,750,63431,52,3545,922,"East TN",2455501,251.109651350173,0.122517073170732,210.466214430375,34.2903545956609,311.586108089551,12.2517073170732
2020-10-28,72887,997,69238,911,3649,86,79814,970,865450,7218,945264,8188,13,821,199,7850,785,64216,39,3584,936,"East TN",2455501,267.521780687526,0.120413239646313,333.455372243791,40.6027120331044,319.690360541494,12.0413239646313
2020-10-29,73795,908,70031,793,3764,115,80648,834,871953,6503,952601,7337,11,832,151,8001,746,64962,40,3624,948,"East TN",2455501,258.480855841639,0.120670369878856,298.798493667891,36.9781971174111,325.839818432165,12.0670369878856
2020-10-30,74695,900,70838,807,3857,93,81488,840,876811,4858,958299,5698,28,860,50,8051,822,65784,38,3662,964,"East TN",2455501,255.589388886423,0.123811036756091,232.050404377762,36.6523980238656,327.876062766824,12.3811036756091
2020-10-31,74709,14,70852,14,3857,0,81504,16,876832,21,958336,37,5,865,-603,7448,612,66396,0,3662,975,"East TN",2455501,205.782852460659,0.127756732914742,1.50682080764781,0.570148413704576,303.318956090834,12.7756732914742
2020-11-01,75216,507,71242,390,3974,117,81974,470,883400,6568,965374,7038,0,865,-139,7309,646,67042,26,3688,991,"East TN",2455501,188.556225389442,0.118592279361615,286.621752546629,20.6475175534443,297.658196840482,11.8592279361615
2020-11-02,76028,812,71986,744,4042,68,82751,777,887628,4228,970379,5005,11,876,-229,7080,1030,68072,37,3725,1005,"East TN",2455501,202.809935732056,0.121910010137506,203.828057899386,33.0686079948654,288.332197787743,12.1910010137506
2020-11-03,77068,1040,72946,960,4122,80,83827,1076,894492,6864,978319,7940,31,907,30,7110,979,69051,26,3751,1018,"East TN",2455501,210.873463297307,0.120820502873215,323.355600343881,42.3538821609114,289.553944388538,12.0820502873215
2020-11-04,77979,911,73758,812,4221,99,84674,847,899377,4885,984051,5732,6,913,-5,7105,910,69961,34,3785,1042,"East TN",2455501,207.371123041693,0.125299713821641,233.435050525331,37.1003717774906,289.350319955072,12.5299713821641
2020-11-05,78557,578,74242,484,4315,94,85175,501,902040,2663,987215,3164,17,930,-368,6737,929,70890,27,3812,1056,"East TN",2455501,193.931910432942,0.130785231409256,128.853541497234,23.5389845086603,274.363561651981,13.0785231409256
2020-11-06,79523,966,75090,848,4433,118,86102,927,908450,6410,994552,7337,10,940,42,6779,914,71804,36,3848,1080,"East TN",2455501,196.619752954692,0.127272225746835,298.798493667891,39.3402405456157,276.074006893094,12.7272225746835
2020-11-07,80850,1327,76331,1241,4519,86,87521,1419,919371,10921,1006892,12340,21,961,649,7428,657,72461,48,3896,1090,"East TN",2455501,250.091529182843,0.123918774198863,502.54510179389,54.0419246418552,302.504458356971,12.3918774198863
2020-11-08,82407,1557,77770,1439,4637,118,89188,1667,932272,12901,1021460,14568,3,964,889,8317,665,73126,50,3946,1107,"East TN",2455501,292.852660210686,0.128623899012231,593.280149346304,63.4086485812875,338.708882627211,12.8623899012231
2020-11-09,83027,620,78310,540,4717,80,89769,581,935724,3452,1025493,4033,9,973,-467,7850,1078,74204,18,3964,1117,"East TN",2455501,285.033481965595,0.127336067061001,164.243468033611,25.2494297497741,319.690360541494,12.7336067061001
2020-11-10,83966,939,79160,850,4806,89,90692,923,940726,5002,1031418,5925,27,1000,6,7856,906,75110,42,4006,1135,"East TN",2455501,280.920268409583,0.129286803894612,241.294953657115,38.2406686048998,319.934709861654,12.9286803894612
2020-11-11,85270,1304,80260,1100,5010,204,91861,1169,947273,6547,1039134,7716,26,1026,383,8239,895,76005,51,4057,1149,"East TN",2455501,296.925148880005,0.13047582738776,314.233225724608,53.1052522479119,335.532341465143,13.047582738776
2020-11-12,86107,837,80965,705,5142,132,92625,764,951489,4216,1044114,4980,15,1041,8,8247,814,76819,34,4091,1167,"East TN",2455501,307.472894533539,0.130933759820032,202.809935732056,34.086730162195,335.858140558688,13.0933759820032
2020-11-13,87567,1460,82254,1289,5313,171,93925,1300,957351,5862,1051276,7162,27,1068,527,8774,906,77725,46,4137,1183,"East TN",2455501,327.590988559972,0.13791340526056,291.671638496584,59.4583345720486,357.320155845996,13.791340526056
2020-11-14,89042,1475,83645,1391,5397,84,95459,1534,966248,8897,1061707,10431,7,1075,917,9691,551,78276,49,4186,1212,"East TN",2455501,333.618271790563,0.144814375627109,424.801293096602,60.0692078724464,394.664876943646,14.4814375627109
2020-11-15,90994,1952,85378,1733,5616,219,97419,1960,977422,11174,1074841,13134,7,1082,1338,11029,607,78883,54,4240,1229,"East TN",2455501,349.704602034371,0.154193439613346,534.880661828279,79.4949788250952,449.154775339126,15.4193439613346
2020-11-16,92519,1525,86777,1399,5742,126,98955,1536,985044,7622,1083999,9158,10,1092,172,11201,1343,80226,37,4277,1248,"East TN",2455501,386.560624491703,0.157009537483335,372.958512336179,62.1054522071056,456.159455850354,15.7009537483335
2020-11-17,93731,1212,87896,1119,5835,93,100176,1221,990188,5144,1090364,6365,31,1123,89,11290,1092,81318,43,4320,1275,"East TN",2455501,397.678518558942,0.160893020730838,259.213903802116,49.358562672139,459.783970766047,16.0893020730838
2020-11-18,94929,1198,88852,956,6077,242,101210,1034,995330,5142,1096540,6176,14,1137,56,11346,1128,82446,52,4372,1290,"East TN",2455501,393.361680569464,0.162857541023586,251.516900217104,48.7884142584344,462.064564420866,16.2857541023586
2020-11-19,96008,1079,89731,879,6277,200,102067,857,999991,4661,1102058,5518,45,1182,-243,11103,1277,83723,50,4422,1310,"East TN",2455501,403.217103149215,0.162950434902665,224.719924772989,43.9421527419455,452.168416954422,16.2950434902665
2020-11-20,97134,1126,90694,963,6440,163,103090,1023,1004892,4901,1107982,5924,28,1210,-127,10976,1225,84948,33,4455,1336,"East TN",2455501,389.614990993691,0.16162310866575,241.254228770422,45.8562224165252,446.996356344388,16.162310866575
2020-11-21,98352,1218,91758,1064,6594,154,104189,1099,1011299,6407,1115488,7506,3,1213,362,11338,853,85801,45,4500,1360,"East TN",2455501,379.148695113543,0.16232498466001,305.680999519039,49.6029119922981,461.73876532732,16.232498466001
2020-11-22,99938,1586,93187,1429,6751,157,105855,1666,1020901,9602,1126756,11268,17,1230,804,12142,765,86566,56,4556,1387,"East TN",2455501,364.243386583838,0.162496388327073,458.888023258797,64.5896702953898,494.48157422864,16.2496388327073
2020-11-23,100829,891,93945,758,6884,133,106557,702,1024018,3117,1130575,3819,18,1248,-1160,10982,2033,88599,35,4591,1414,"East TN",2455501,338.423808420359,0.163217107523188,155.52834228127,36.2858740436269,447.240705664547,16.3217107523188
2020-11-24,101740,911,94678,733,7062,178,107262,705,1027045,3027,1134307,3732,13,1261,-736,10246,1634,90233,53,4644,1442,"East TN",2455501,326.165617525711,0.161254352229024,151.985277138963,37.1003717774906,417.267189058363,16.1254352229024
2020-11-25,102648,908,95365,687,7283,221,107807,545,1029353,2308,1137160,2853,38,1299,-493,9753,1363,91596,54,4698,1467,"East TN",2455501,314.355400384687,0.162407680945347,116.188101735654,36.9781971174111,397.189819918623,16.2407680945347
2020-11-26,104114,1466,96752,1387,7362,79,109478,1671,1037720,8367,1147198,10038,18,1317,-441,9312,1889,93485,22,4720,1486,"East TN",2455501,330.115931534949,0.164178112538768,408.796412626181,59.7026838922077,379.230144886929,16.4178112538768
2020-11-27,105818,1704,98319,1567,7499,137,111228,1750,1045260,7540,1156488,9290,5,1322,161,9473,1538,95023,48,4768,1514,"East TN",2455501,353.65491604361,0.16777305900301,378.334197379679,69.3952069251855,385.786851644532,16.777305900301
2020-11-28,107443,1625,99701,1382,7742,243,112722,1494,1052793,7533,1165515,9027,2,1324,568,10041,1055,96078,43,4811,1542,"East TN",2455501,370.229944927736,0.170567893337598,367.623552179372,66.177940876424,408.918587286261,17.0567893337598
2020-11-29,109731,2288,101822,2121,7909,167,115048,2326,1063491,10698,1178539,13024,4,1328,1279,11320,1005,97083,50,4861,1567,"East TN",2455501,398.818815386351,0.177529304984261,530.400924292028,93.178540754005,461.005717366843,17.7529304984261
2020-11-30,111969,2238,103831,2009,8138,229,117269,2221,1072942,9451,1190211,11672,15,1343,-111,11209,2334,99417,53,4914,1598,"East TN",2455501,453.67523776207,0.179623046481991,475.340877482844,91.1422964193458,456.485254943899,17.9623046481991
2020-12-01,114232,2263,105839,2008,8393,255,119407,2138,1081780,8838,1201187,10976,20,1363,423,11632,1820,101237,62,4976,1626,"East TN",2455501,508.735284571255,0.181593899521531,446.996356344388,92.1604185866754,473.711882015116,18.1593899521531
2020-12-02,115289,1057,106752,913,8537,144,120283,876,1084690,2910,1204973,3786,15,1378,-691,10941,1733,102970,41,5017,1659,"East TN",2455501,514.803292688539,0.183976523675401,154.184421020395,43.0462052346955,445.570985310126,18.3976523675401
2020-12-03,117098,1809,108322,1570,8776,239,122005,1722,1090680,5990,1212685,7712,33,1411,318,11259,1458,104428,45,5062,1680,"East TN",2455501,528.771928824301,0.191289874326202,314.070326177835,73.6713200279699,458.521499278559,19.1289874326202
2020-12-04,118825,1727,109709,1387,9116,340,123462,1457,1096202,5522,1219664,6979,37,1448,-300,10959,1990,106418,35,5097,1715,"East TN",2455501,529.708601218244,0.193649487147018,284.218984231731,70.3318793191288,446.304033270603,19.3649487147018
2020-12-05,119958,1133,110618,909,9340,224,124391,929,1099264,3062,1223655,3991,5,1453,123,11082,1005,107423,23,5120,1741,"East TN",2455501,509.671956965198,0.200705194358445,162.533022792497,46.1412966233775,451.313194333865,20.0705194358445
2020-12-06,121426,1468,111880,1262,9546,206,125632,1241,1103755,4491,1229387,5732,20,1473,483,11565,965,108388,37,5157,1777,"East TN",2455501,476.277549876787,0.208149779735683,233.435050525331,59.7841336655941,470.983314606673,20.8149779735683
2020-12-07,124149,2723,114285,2405,9864,318,128203,2571,1113303,9548,1241506,12119,31,1504,-213,11352,2905,111293,50,5207,1799,"East TN",2455501,496.029119922981,0.21315917730773,493.544901834697,110.89386646554,462.308913741025,21.315917730773
2020-12-08,126914,2765,116648,2363,10266,402,130734,2531,1121664,8361,1252398,10892,45,1549,719,12071,2001,113294,70,5277,1823,"East TN",2455501,516.473013042959,0.221182948975806,443.57546586216,112.604311706654,491.590107273424,22.1182948975806
2020-12-09,129560,2646,119033,2385,10527,261,133312,2578,1128762,7098,1262074,9676,21,1570,575,12646,2050,115344,56,5333,1846,"East TN",2455501,581.184857998429,0.228174637922278,394.054003643248,107.758050190165,515.006917122005,22.8174637922278
2020-12-10,132634,3074,121714,2681,10920,393,136260,2948,1140233,11471,1276493,14419,30,1600,2513,15159,531,115875,70,5403,1883,"East TN",2455501,632.701839665307,0.223404588766299,587.21214122902,125.188301694848,617.348557381976,22.3404588766299
2020-12-11,134620,1986,123464,1750,11156,236,138052,1792,1147408,7175,1285460,8967,35,1635,440,15599,1511,117386,50,5453,1908,"East TN",2455501,643.249585318841,0.221746002796523,365.180058977781,80.8796249726634,635.267507526977,22.1746002796523
2020-12-12,137881,3261,126191,2727,11690,534,141026,2974,1158642,11234,1299668,14208,21,1656,1879,17478,1361,118747,73,5526,1933,"East TN",2455501,729.912144201937,0.218844145080447,578.619190136758,132.803855506473,711.78956962347,21.8844145080447
2020-12-13,142173,4292,130052,3861,12121,431,145392,4366,1175927,17285,1321319,21651,15,1671,2958,20436,1319,120066,62,5588,1967,"East TN",2455501,844.919224223488,0.214941478484097,881.734521794127,174.791213687146,832.253784461908,21.4941478484097
2020-12-14,145032,2859,132509,2457,12523,402,148065,2673,1185206,9279,1333271,11952,37,1708,-1088,19348,3910,123976,65,5653,2001,"East TN",2455501,850.457808813761,0.216444178063532,486.743845756935,116.432451055813,787.945107739724,21.6444178063532
2020-12-15,149160,4128,136051,3542,13109,586,151929,3864,1200227,15021,1352156,18885,34,1742,1611,20959,2483,126459,89,5742,2032,"East TN",2455501,905.965829376571,0.212464163275126,769.08948520078,168.112332269464,853.552900202443,21.2464163275126
2020-12-16,152378,3218,138307,2256,14071,962,154315,2386,1208122,7895,1362437,10281,19,1761,663,21622,2536,128995,57,5799,2074,"East TN",2455501,929.260464565072,0.209270348634457,418.692560092625,131.052685378666,880.553500080024,20.9270348634457
2020-12-17,156446,4068,141679,3372,14767,696,157924,3609,1218822,10700,1376746,14309,58,1819,1449,23071,2561,131556,72,5871,2113,"East TN",2455501,969.741001938097,0.216093283991501,582.73240369277,165.668839067872,939.563860898448,21.6093283991501
2020-12-18,159653,3207,144415,2736,15238,471,160803,2879,1227512,8690,1388315,11569,43,1862,845,23916,2319,133875,57,5928,2143,"East TN",2455501,1019.46608859048,0.22119488600457,471.146214153446,130.604711625041,973.976390154188,22.119488600457
2020-12-19,162293,2640,146657,2242,15636,398,163271,2468,1235877,8365,1399148,10833,27,1889,1269,25185,1344,135219,39,5967,2180,"East TN",2455501,994.175933954008,0.223612786489747,441.172697547262,107.513700870006,1025.65627136784,22.3612786489747
2020-12-20,165924,3631,149623,2966,16301,665,166589,3318,1249822,13945,1416411,17263,16,1905,2279,27464,1336,136555,53,6020,2214,"East TN",2455501,967.256783849813,0.22291044462205,703.033718984435,147.872063582951,1118.46828814161,22.291044462205
2020-12-21,168238,2314,151365,1742,16873,572,168492,1903,1256738,6916,1425230,8819,14,1919,-1324,26140,3624,140179,35,6055,2249,"East TN",2455501,945.061720602028,0.222131602127035,359.15277574719,94.2373878080278,1064.54853815983,22.2131602127035
2020-12-22,170893,2655,153067,1702,17826,953,170293,1801,1261792,5054,1432085,6855,62,1981,-293,25847,2886,143065,57,6112,2294,"East TN",2455501,885.073962502968,0.2297539065921,279.169098281776,108.124574170404,1052.61614635873,22.97539065921
2020-12-23,173111,2218,154513,1446,18598,772,171835,1542,1267570,5778,1439405,7320,41,2022,-558,25289,2735,145800,34,6146,2335,"East TN",2455501,844.349075809784,0.227627065793577,298.106170594107,90.3277986854821,1029.89165958393,22.7627065793577
2020-12-24,175202,2091,155970,1457,19232,634,173433,1598,1273861,6291,1447294,7889,15,2037,-586,24703,2662,148462,30,6176,2375,"East TN",2455501,763.835974817359,0.219836139933095,321.278631122529,85.1557380754477,1006.02687598172,21.9836139933095
2020-12-25,177569,2367,157950,1980,19619,387,175599,2166,1282409,8548,1458008,10714,3,2040,-293,24410,2657,151119,26,6202,2411,"East TN",2455501,729.627069995085,0.212302526796091,436.326436030773,96.3958068027665,994.094484180621,21.2302526796091
2020-12-26,179509,1940,159418,1468,20091,472,177212,1613,1288063,5654,1465275,7267,2,2042,419,24829,1519,152638,42,6244,2449,"East TN",2455501,701.119649309856,0.210821600858953,295.947751599368,79.006280184777,1011.15821170507,21.0821600858953
2020-12-27,180805,1296,160328,910,20477,386,178202,990,1290856,2793,1469058,3783,27,2069,-192,24637,1461,154099,41,6285,2480,"East TN",2455501,606.027038881271,0.220582369365776,154.062246360315,52.7794531543665,1003.33903345997,22.0582369365776
2020-12-28,182201,1396,161306,978,20895,418,179221,1019,1292676,1820,1471897,2839,25,2094,-2416,22221,3787,157886,41,6326,2516,"East TN",2455501,568.641592896928,0.229905500674995,115.617953321949,56.8519418236849,904.947707209242,22.9905500674995
2020-12-29,185107,2906,163033,1727,22074,1179,181001,1780,1296765,4089,1477766,5869,50,2144,-111,22110,2967,160853,64,6390,2558,"East TN",2455501,578.863539456917,0.234408178454937,239.014360002297,118.346520730393,900.427244786298,23.4408178454938
2020-12-30,187435,2328,164649,1616,22786,712,182682,1681,1301245,4480,1483927,6161,40,2184,-534,21576,2822,163675,44,6434,2596,"East TN",2455501,583.343276993168,0.243632361529132,250.906026916707,94.8075362217323,878.680155292138,24.3632361529132
2020-12-31,190879,3444,167328,2679,23551,765,185577,2895,1308366,7121,1493943,10016,52,2236,595,22171,2797,166472,29,6463,2639,"East TN",2455501,638.444048689046,0.260327123839739,407.900465118931,140.256509771326,902.911462874582,26.0327123839739
2021-01-01,193119,2240,169044,1716,24075,524,187433,1856,1314568,6202,1502001,8058,24,2260,-445,21726,2661,169133,29,6492,2677,"East TN",2455501,633.271988079011,0.268997340485986,328.161136973677,91.2237461927322,884.788888296116,26.8997340485986
2021-01-02,195842,2723,171153,2109,24689,614,189684,2251,1321129,6561,1510813,8812,4,2264,1164,22890,1555,170688,62,6554,2712,"East TN",2455501,665.159574359774,0.273881154200887,358.867701540337,110.89386646554,932.192656406982,27.3881154200887
2021-01-03,197156,1314,172057,904,25099,410,190621,937,1324500,3371,1515121,4308,15,2279,-188,22702,1487,172175,23,6577,2754,"East TN",2455501,665.892622320252,0.269609013742049,175.442811874237,53.5125011148438,924.536377708663,26.9609013742049
2021-01-04,198712,1556,173181,1124,25531,432,191801,1180,1326865,2365,1518666,3545,46,2325,-1569,21133,3079,175254,33,6610,2801,"East TN",2455501,672.408604191161,0.268981590369689,144.369723327337,63.3679236945943,860.639030487057,26.8981590369689
2021-01-05,201615,2903,174920,1739,26695,1164,193630,1829,1332138,5273,1525768,7102,43,2368,-426,20707,3286,178540,58,6668,2844,"East TN",2455501,672.286429531081,0.263093204449815,289.228145294993,118.224346070313,843.290228755761,26.3093204449815
2021-01-06,204161,2546,176714,1794,27447,752,195533,1903,1337722,5584,1533255,7487,52,2420,61,20768,2433,180973,61,6729,2887,"East TN",2455501,681.164454830195,0.260521407719753,304.907226671869,103.685561520846,845.774446844045,26.0521407719753
2021-01-07,206673,2512,178853,2139,27820,373,197855,2322,1344831,7109,1542686,9431,33,2453,974,21742,1505,182478,44,6773,2919,"East TN",2455501,643.208860432148,0.251892579447305,384.076406403418,102.300915373278,885.440486483207,25.1892579447305
2021-01-08,209023,2350,180713,1860,28310,490,199846,1991,1352177,7346,1552023,9337,50,2503,1668,23410,632,183110,47,6820,2973,"East TN",2455501,647.688597968398,0.248150813641998,380.248267054259,95.7034837289824,953.369597487437,24.8150813641998
2021-01-09,211599,2576,182716,2003,28883,573,202025,2179,1360368,8191,1562393,10370,27,2530,753,24163,1796,184906,32,6852,3001,"East TN",2455501,641.7020396245,0.239259402869329,422.317075008318,104.907308121642,984.035437167405,23.9259402869329
2021-01-10,213267,1668,183850,1134,29417,534,203277,1252,1366174,5806,1569451,7058,36,2566,-13,24150,1645,186551,41,6893,3040,"East TN",2455501,656.118649513887,0.232946806552549,287.436250280493,67.9291110042309,983.506013640393,23.2946806552549
2021-01-11,214692,1425,184864,1014,29828,411,204375,1098,1369447,3273,1573822,4371,28,2594,-2171,21979,3568,190119,40,6933,3079,"East TN",2455501,650.78368935708,0.227971571542534,178.008479735907,58.0329635377872,895.092284629491,22.7971571542534
2021-01-12,216512,1820,186001,1137,30511,683,205570,1195,1373651,4204,1579221,5399,60,2654,-2143,19836,3903,194022,39,6972,3116,"East TN",2455501,606.678637068362,0.223373805024975,219.8736632565,74.1192937815949,807.818852445998,22.3373805024975
2021-01-13,218041,1529,187079,1078,30962,451,206706,1136,1378389,4738,1585095,5874,49,2703,-1338,18498,2818,196840,32,7004,3141,"East TN",2455501,565.261427301394,0.215528549382716,239.217984435763,62.2683517538783,753.328954050518,21.5528549382716
2021-01-14,220292,2251,188860,1781,31432,470,208672,1966,1386914,8525,1595586,10491,38,2741,-199,18299,2412,199252,49,7053,3182,"East TN",2455501,554.632231874473,0.204480151228733,427.244786298193,91.6717199463572,745.224701598574,20.4480151228733
2021-01-15,221257,965,189531,671,31726,294,209366,694,1389972,3058,1599338,3752,23,2764,-377,17922,1319,200571,29,7082,3222,"East TN",2455501,498.228263804413,0.201204691958153,152.799774872826,39.2995156589226,729.871419315244,20.1204691958153
2021-01-16,223691,2434,191282,1751,32409,683,211369,2003,1400863,10891,1612232,12894,13,2777,358,18280,2063,202634,54,7136,3263,"East TN",2455501,492.445329893981,0.187483697505969,525.106689021914,99.1243742112099,744.450928751403,18.7483697505969
2021-01-17,224547,856,191888,606,32659,250,212041,672,1404482,3619,1616523,4291,13,2790,-831,17449,1674,204308,24,7160,3295,"East TN",2455501,459.376721899116,0.186182868796737,174.750488800453,34.8605030093655,710.608547909368,18.6182868796737
2021-01-18,225109,562,192207,319,32902,243,212395,354,1406566,2084,1618961,2438,13,2803,-2443,15006,2992,207300,21,7181,3326,"East TN",2455501,424.231144682898,0.177673408803917,99.2872737579826,22.8873863215694,611.117649717919,17.7673408803917
2021-01-19,226788,1679,193178,971,33610,708,213460,1065,1410774,4208,1624234,5273,21,2824,-1169,13837,2827,210127,51,7232,3364,"East TN",2455501,418.488935659159,0.175282696110013,214.742327533159,68.3770847578559,563.510257173587,17.5282696110013
2021-01-20,227772,984,193836,658,33936,326,214157,697,1414770,3996,1628927,4693,32,2856,-1010,12827,1962,212089,29,7261,3403,"East TN",2455501,396.293872411373,0.169989961671838,191.121893251113,40.073288506093,522.378121613471,16.9989961671838
2021-01-21,229338,1566,194978,1142,34360,424,215438,1281,1421704,6934,1637142,8215,65,2921,-761,12066,2262,214351,37,7298,3448,"East TN",2455501,368.397325026542,0.162816440465877,334.554944184507,63.7751725615261,491.386482839958,16.2816440465877
2021-01-22,230325,987,195685,707,34640,280,216255,817,1427149,5445,1643404,6262,32,2953,-729,11337,1684,216035,28,7326,3479,"East TN",2455501,369.293272533793,0.156333681296237,255.019240472718,40.1954631661726,461.698040440627,15.6333681296237
2021-01-23,231758,1433,196655,970,35103,463,217356,1101,1435431,8282,1652787,9383,19,2972,208,11545,1206,217241,40,7366,3502,"East TN",2455501,328.527660953915,0.147626679817532,382.121611842145,58.3587626313327,470.168816872809,14.7626679817532
2021-01-24,232383,625,197146,491,35237,134,217899,543,1438807,3376,1656706,3919,19,2991,-599,10946,1205,218446,19,7385,3528,"East TN",2455501,319.12021212779,0.145783042580196,159.600830950588,25.45305418324,445.774609743592,14.5783042580196
2021-01-25,233123,740,197657,511,35466,229,218448,549,1440564,1757,1659012,2306,44,3035,-1148,9798,1844,220290,20,7405,3558,"East TN",2455501,326.369241959177,0.151132306309455,93.9115887144823,30.1364161529562,399.022439819817,15.1132306309455
2021-01-26,234155,1032,198385,728,35770,304,219232,784,1445030,4466,1664262,5250,63,3098,-916,8882,1885,222175,25,7430,3580,"East TN",2455501,300.020240268687,0.14419906065754,213.805655139216,42.0280830673659,361.71844360886,14.419906065754
2021-01-27,235108,953,199089,704,36019,249,219987,755,1449553,4523,1669540,5278,55,3153,-387,8495,1285,223460,27,7457,3602,"East TN",2455501,298.757768781198,0.143550094797232,214.945951966625,38.8108170186043,345.957912458598,14.3550094797232
2021-01-28,236436,1328,199803,714,36633,614,220783,796,1453985,4432,1674768,5228,46,3199,-175,8320,1457,224917,28,7485,3629,"East TN",2455501,289.06524574822,0.142056025089034,212.909707631966,54.0826495285484,338.831057287291,14.2056025089034
2021-01-29,237030,594,200154,351,36876,243,221180,397,1456652,2667,1677832,3064,17,3216,-684,7636,1261,226178,16,7501,3648,"East TN",2455501,273.060365277799,0.143052166840943,124.781052827916,24.1905826957513,310.975234789153,14.3052166840943
2021-01-30,238184,1154,201120,966,37064,188,222277,1097,1465703,9051,1687980,10148,44,3260,237,7873,873,227051,27,7528,3667,"East TN",2455501,261.6981218904,0.139828943255761,413.276150162431,46.9965192439343,320.627032935438,13.9828943255761
2021-01-31,238865,681,201562,442,37303,239,222768,491,1469630,3927,1692398,4418,29,3289,-85,7788,737,227788,30,7558,3688,"East TN",2455501,263.978715545219,0.136417124285554,179.922549410487,27.7336478380583,317.165417566517,13.6417124285554
2021-02-01,239558,693,201969,407,37589,286,223209,441,1471326,1696,1694535,2137,39,3328,-545,7243,1199,228987,11,7569,3714,"East TN",2455501,262.064645870639,0.134025842411958,87.0290828633342,28.2223464783765,294.970354318732,13.4025842411958
2021-02-02,240096,538,202318,349,37778,189,223572,363,1472385,1059,1695957,1422,57,3385,-836,6407,1317,230304,11,7580,3729,"East TN",2455501,241.946551844206,0.13693011516012,57.9107888777077,21.909989040933,260.92434904323,13.693011516012
2021-02-03,241208,1112,203077,759,38131,353,224400,828,1478389,6004,1702789,6832,46,3431,38,6445,1028,231332,39,7619,3741,"East TN",2455501,248.421808828422,0.132725796264549,278.232425887833,45.2860740028206,262.471894737571,13.2725796264549
2021-02-04,242302,1094,203856,779,38446,315,225266,866,1486104,7715,1711370,8581,58,3489,-1,6444,1037,232369,35,7654,3760,"East TN",2455501,238.892185342217,0.122479645920988,349.460252714212,44.5530260423433,262.431169850878,12.2479645920988
2021-02-05,243119,817,204415,559,38704,258,225872,606,1489910,3806,1715782,4412,67,3556,-150,6294,900,233269,28,7682,3773,"East TN",2455501,247.973835074797,0.123636363636364,179.678200090328,33.2722324283313,256.3224368469,12.3636363636364
2021-02-06,244352,1233,205237,822,39115,411,226833,961,1498565,8655,1725398,9616,27,3583,501,6795,705,233974,22,7704,3803,"East TN",2455501,251.191101123559,0.121759580950345,391.610510441657,50.2137852926959,276.725605080185,12.1759580950345
2021-02-07,244869,517,205590,353,39279,164,227239,406,1501649,3084,1728888,3490,2,3585,-118,6677,633,234607,9,7713,3817,"East TN",2455501,244.512219705877,0.122526719649219,142.129854559212,21.0547664203761,271.92006845039,12.2526719649219
2021-02-08,245381,512,205889,299,39492,213,227559,320,1503012,1363,1730571,1683,32,3617,-629,6048,1109,235716,9,7722,3832,"East TN",2455501,237.14101521441,0.120712620712621,68.5399843046287,20.8511419869102,246.304114720377,12.0712620712621
2021-02-09,246409,1028,206521,632,39888,396,228227,668,1507246,4234,1735473,4902,16,3633,-58,5990,1070,236786,37,7759,3843,"East TN",2455501,257.096209694071,0.117800384654317,199.633394569988,41.8651835205931,243.942071292172,11.7800384654317
2021-02-10,247258,849,207104,583,40154,266,228864,637,1513233,5987,1742097,6624,39,3672,-27,5963,837,237623,28,7787,3856,"East TN",2455501,246.385564493763,0.113564668769716,269.761649455651,34.5754288025132,242.842499351456,11.3564668769716
2021-02-11,248126,868,207687,583,40439,285,229515,651,1518807,5574,1748322,6225,37,3709,-99,5864,930,238553,31,7818,3874,"East TN",2455501,237.181740101104,0.114987010175363,253.51241966507,35.3492016496837,238.810735568831,11.4987010175363
2021-02-12,248958,832,208280,593,40678,239,230164,649,1524320,5513,1754484,6162,34,3743,59,5923,739,239292,11,7829,3883,"East TN",2455501,237.792613401501,0.110898661567878,250.9467518034,33.8831057287291,241.213503883729,11.0898661567878
2021-02-13,249552,594,208653,373,40899,221,230598,434,1528748,4428,1759346,4862,12,3755,-25,5898,607,239899,17,7846,3895,"East TN",2455501,211.769410804557,0.11090491339696,198.004399102261,24.1905826957513,240.195381716399,11.090491339696
2021-02-14,250093,541,209068,415,41025,126,231051,453,1531716,2968,1762767,3421,15,3770,-49,5849,575,240474,14,7860,3908,"East TN",2455501,212.746808085193,0.112518079046017,139.319837377382,22.0321637010125,238.199862268433,11.2518079046017
2021-02-15,250471,378,209277,209,41194,169,231279,228,1533040,1324,1764319,1552,5,3775,-576,5273,949,241423,9,7869,3918,"East TN",2455501,207.289673268307,0.110228754296551,63.2050241478216,15.3940071700236,214.742327533159,11.0228754296551
2021-02-16,251237,766,209705,428,41532,338,231751,472,1536449,3409,1768200,3881,8,3783,-41,5232,799,242222,21,7890,3928,"East TN",2455501,196.619752954692,0.10767867510007,158.053285256247,31.1952632069789,213.072607178739,10.767867510007
2021-02-17,251858,621,210124,419,41734,202,232202,451,1539703,3254,1771905,3705,11,3794,-92,5140,702,242924,11,7901,3944,"East TN",2455501,187.334478788646,0.111983360171766,150.885705198247,25.2901546364673,209.325917602966,11.1983360171766
2021-02-18,252653,795,210676,552,41977,243,232808,606,1545423,5720,1778231,6326,42,3836,23,5163,730,243654,20,7921,3960,"East TN",2455501,184.361562060044,0.110100638603765,257.625633221082,32.3762849210813,210.262589996909,11.0100638603765
2021-02-19,253132,479,210980,304,42152,175,233153,345,1548131,2708,1781284,3053,5,3841,-223,4940,697,244351,11,7932,3969,"East TN",2455501,169.98567705735,0.111529850746269,124.333079074291,19.5072207260351,201.180940264329,11.1529850746269
2021-02-20,253754,622,211427,447,42327,175,233658,505,1553358,5227,1787016,5732,18,3859,75,5015,529,244880,18,7950,3979,"East TN",2455501,171.125973884759,0.110589085652331,233.435050525331,25.3308795231604,204.235306766318,11.0589085652331
2021-02-21,254102,348,211654,227,42448,121,233921,263,1555492,2134,1789413,2397,7,3866,-83,4932,424,245304,11,7961,3995,"East TN",2455501,163.266070752975,0.107708474067402,97.617553403562,14.172260569228,200.855141170783,10.7708474067402
2021-02-22,254460,358,211850,196,42610,162,234149,228,1556875,1383,1791024,1611,7,3873,-482,4450,833,246137,22,7983,4010,"East TN",2455501,162.451573019111,0.107470511140236,65.6077924627194,14.5795094361599,181.225745784669,10.7470511140236
2021-02-23,255103,643,212199,349,42904,294,234517,368,1559821,2946,1794338,3314,26,3899,-143,4307,760,246897,27,8010,4015,"East TN",2455501,157.442411955849,0.105822939781162,134.962274501212,26.1861021437173,175.402086987543,10.5822939781162
2021-02-24,255844,741,212748,549,43096,192,235127,610,1566023,6202,1801150,6812,19,3918,55,4362,667,247564,20,8030,4021,"East TN",2455501,162.329398359031,0.100017096939648,277.417928153969,30.1771410396493,177.641955755669,10.0017096939648
2021-02-25,256479,635,213193,445,43286,190,235622,495,1570791,4768,1806413,5263,21,3939,-96,4266,710,248274,16,8046,4030,"East TN",2455501,155.813416488122,0.0998509687034277,214.335078666227,25.8603030501718,173.732366633123,9.98509687034277
2021-02-26,256941,462,213517,324,43424,138,235990,368,1573914,3123,1809904,3491,14,3953,-184,4082,632,248906,11,8057,4034,"East TN",2455501,155.121093414338,0.0991264849755416,142.170579445905,18.814897652251,166.238987481577,9.91264849755416
2021-02-27,257380,439,213742,225,43638,214,236264,274,1578010,4096,1814274,4370,7,3960,10,4092,422,249328,15,8072,4040,"East TN",2455501,147.668439149485,0.0956049600117397,177.967754849214,17.8782252583078,166.646236348509,9.56049600117397
2021-02-28,257746,366,214016,274,43730,92,236577,313,1580570,2560,1817147,2873,5,3965,-54,4038,415,249743,10,8082,4046,"East TN",2455501,148.401487109962,0.095766928679599,117.002599469518,14.9053085297053,164.447092467077,9.5766928679599
2021-03-01,257989,243,214164,148,43825,95,236733,156,1581349,779,1818082,935,4,3969,-413,3625,652,250395,11,8093,4050,"East TN",2455501,143.718125140246,0.0954985586517851,38.077769058127,9.89614746644371,147.627714262792,9.54985586517851
2021-03-02,258609,620,214554,390,44055,230,237180,447,1584806,3457,1821986,3904,7,3976,3,3628,610,251005,23,8116,4055,"East TN",2455501,142.781452746303,0.0963179976851852,158.98995765019,25.2494297497741,147.749888922872,9.63179976851852
2021-03-03,259092,483,214857,303,44235,180,237535,355,1588979,4173,1826514,4528,7,3983,-146,3482,622,251627,16,8132,4058,"East TN",2455501,132.274431979462,0.0949377069862798,184.402286946737,19.6701202728079,141.804055465667,9.49377069862798
2021-03-04,259700,608,215271,414,44429,194,238007,472,1593801,4822,1831808,5294,18,4001,47,3529,543,252170,16,8148,4063,"East TN",2455501,131.174860038746,0.0939161252215003,215.597550153716,24.7607311094559,143.718125140246,9.39161252215003
2021-03-05,260170,470,215582,311,44588,159,238361,354,1597484,3683,1835845,4037,15,4016,-64,3465,519,252689,15,8163,4067,"East TN",2455501,131.500659132291,0.0913997147372885,164.406367580384,19.1406967457965,141.111732391883,9.13997147372885
2021-03-06,260633,463,215905,323,44728,140,238733,372,1601760,4276,1840493,4648,1,4017,49,3514,413,253102,8,8171,4072,"East TN",2455501,132.478056412928,0.0941683511956978,189.289273349919,18.8556225389442,143.107251839849,9.41683511956978
2021-03-07,260888,255,216069,164,44819,91,238917,184,1603490,1730,1842407,1914,1,4018,-111,3403,365,253467,4,8175,4076,"East TN",2455501,127.957593989984,0.0926365795724466,77.9474331307542,10.3848461067619,138.586789416905,9.26365795724466
2021-03-08,261344,456,216361,292,44983,164,239229,312,1605072,1582,1844301,1894,3,4021,-127,3276,580,254047,9,8184,4084,"East TN",2455501,136.631994855632,0.0951981387543385,77.1329353968905,18.5705483320919,133.414728806871,9.51981387543385
2021-03-09,261883,539,216643,282,45240,257,239548,319,1607648,2576,1847196,2895,6,4027,25,3301,508,254555,17,8201,4095,"East TN",2455501,133.333279033484,0.0939309797699326,117.898546976768,21.9507139276262,134.4328509742,9.39309797699326
2021-03-10,262532,649,217106,463,45426,186,240055,507,1613120,5472,1853175,5979,7,4034,173,3474,469,255024,24,8225,4103,"East TN",2455501,140.093610224553,0.0945200855181726,243.494097538547,26.4304514638764,141.478256372121,9.45200855181726
2021-03-11,263066,534,217446,340,45620,194,240420,365,1616459,3339,1856879,3704,5,4039,88,3562,441,255465,8,8233,4110,"East TN",2455501,137.079968609257,0.0962466594870568,150.844980311554,21.7470894941603,145.062046401121,9.62466594870568
2021-03-12,263529,463,217814,368,45715,95,240836,416,1619807,3348,1860643,3764,5,4044,5,3567,453,255918,10,8243,4118,"East TN",2455501,136.794894402405,0.0998064360029035,153.288473513145,18.8556225389442,145.265670834587,9.98064360029035
2021-03-13,263976,447,218030,216,45946,231,241116,280,1623447,3640,1864563,3920,2,4046,42,3609,403,256321,20,8263,4124,"East TN",2455501,136.143296215314,0.099002908184462,159.641555837281,18.2040243518532,146.976116075701,9.9002908184462
2021-03-14,264238,262,218206,176,46032,86,241327,211,1625289,1842,1866616,2053,0,4046,-50,3559,312,256633,10,8273,4129,"East TN",2455501,136.428370422166,0.0995497542236358,83.6081923811067,10.6699203136142,144.939871741042,9.95497542236358
2021-03-15,264594,356,218391,185,46203,171,241544,217,1626485,1196,1868029,1413,4,4050,-168,3391,520,257153,15,8288,4133,"East TN",2455501,132.355881752848,0.0975640593391773,57.544264897469,14.4980596627735,138.098090776587,9.75640593391774
2021-03-16,265293,699,218842,451,46451,248,242040,496,1629753,3268,1871793,3764,4,4054,192,3583,503,257656,35,8323,4134,"East TN",2455501,138.871863623757,0.101313168272554,153.288473513145,28.4666957985356,145.917269021678,10.1313168272554
2021-03-17,265718,425,219174,332,46544,93,242404,364,1633477,3724,1875881,4088,1,4055,-31,3552,455,258111,15,8338,4142,"East TN",2455501,129.749489004484,0.103452831850612,166.483336801736,17.3080768446032,144.65479753419,10.3452831850612
2021-03-18,266268,550,219523,349,46745,201,242789,385,1636768,3291,1879557,3676,6,4061,99,3651,445,258556,31,8369,4148,"East TN",2455501,130.401087191575,0.10446247464503,149.704683484144,22.3986876812512,148.686561316815,10.446247464503
2021-03-19,267060,792,220053,530,47007,262,243352,563,1641814,5046,1885166,5609,15,4076,335,3986,442,258998,25,8394,4152,"East TN",2455501,143.799574913633,0.102597561472903,228.425889462069,32.2541102610017,162.329398359031,10.2597561472903
2021-03-20,267333,273,220219,166,47114,107,243546,194,1643935,2121,1887481,2315,1,4077,-42,3944,314,259312,15,8409,4153,"East TN",2455501,136.713444629019,0.106030194606859,94.278112694721,11.1178940672392,160.618953117918,10.6030194606859
2021-03-21,267614,281,220415,196,47199,85,243771,225,1645735,1800,1889506,2025,-7,4070,-31,3913,319,259631,8,8417,4159,"East TN",2455501,137.487217476189,0.106771515945828,82.4678955536976,11.4436931607847,159.356481630429,10.6771515945828
2021-03-22,268139,525,220754,339,47385,186,244127,356,1647824,2089,1891951,2445,14,4084,-17,3896,528,260159,19,8436,4165,"East TN",2455501,144.369723327337,0.107975921745673,99.5723479648349,21.3805655139216,158.664158556645,10.7975921745673
2021-03-23,268576,437,221002,248,47574,189,244394,267,1650280,2456,1894674,2723,11,4095,-79,3817,505,260664,16,8452,4170,"East TN",2455501,133.699803013723,0.102880118875923,110.89386646554,17.7967754849214,155.446892507883,10.2880118875923
2021-03-24,269173,597,221459,457,47714,140,244887,493,1654979,4699,1899866,5192,4,4099,83,3900,510,261174,24,8476,4174,"East TN",2455501,140.704483524951,0.103523035230352,211.443611711011,24.3127573558308,158.827058103418,10.3523035230352
2021-03-25,269573,400,221766,307,47807,93,245220,333,1657947,2968,1903167,3301,8,4107,-65,3835,457,261631,23,8499,4176,"East TN",2455501,134.595750520973,0.10296484540449,134.4328509742,16.2899546772736,156.179940468361,10.296484540449
2021-03-26,269983,410,222088,322,47895,88,245566,346,1660580,2633,1906146,2979,7,4114,-64,3771,467,262098,12,8511,4181,"East TN",2455501,119.038843804177,0.105529075309819,121.319437458995,16.6972035442054,153.573547719997,10.5529075309819
2021-03-27,270186,203,222268,180,47918,23,245776,210,1663092,2512,1908868,2722,2,4116,-165,3606,366,262464,11,8522,4186,"East TN",2455501,116.188101735654,0.104268948426614,110.853141578847,8.26715199871635,146.853941415622,10.4268948426614
2021-03-28,270502,316,222487,219,48015,97,246021,245,1665164,2072,1911185,2317,5,4121,-67,3539,378,262842,17,8539,4192,"East TN",2455501,117.613472769915,0.103787075049587,94.3595624681073,12.8690641950461,144.125374007178,10.3787075049587
2021-03-29,270941,439,222724,237,48217,202,246276,255,1667020,1856,1913296,2111,18,4139,-97,3442,518,263360,17,8556,4195,"East TN",2455501,114.111132514302,0.100679315999063,85.9702358093114,17.8782252583078,140.175059997939,10.0679315999063
2021-03-30,271316,375,222982,258,48334,117,246598,322,1669496,2476,1916094,2798,5,4144,-145,3297,515,263875,19,8575,4199,"East TN",2455501,111.586189539324,0.102894491129785,113.948232967529,15.271832509944,134.269951427428,10.2894491129785
2021-03-31,271977,661,223424,442,48553,219,247086,488,1674313,4817,1921399,5305,4,4148,167,3464,490,264365,17,8592,4202,"East TN",2455501,114.192582287688,0.102122323874983,216.045523907341,26.9191501041946,141.071007505189,10.2122323874983
2021-04-01,272425,448,223745,321,48680,127,247436,350,1677142,2829,1924578,3179,1,4149,-88,3376,535,264900,13,8605,4203,"East TN",2455501,116.147376848961,0.103498201858858,129.464414797632,18.2447492385464,137.487217476189,10.3498201858858
2021-04-02,272776,351,223980,235,48796,116,247688,252,1680164,3022,1927852,3274,0,4149,-82,3294,433,265333,9,8614,4207,"East TN",2455501,113.744608534063,0.0977609877453239,133.333279033484,14.2944352293076,134.147776767348,9.77609877453239
2021-04-03,273119,343,224231,251,48888,92,247963,275,1682515,2351,1930478,2626,0,4149,-55,3239,398,265731,12,8626,4213,"East TN",2455501,119.446092671109,0.101203146691347,106.943552456301,13.9686361357621,131.907907999223,10.1203146691347
2021-04-04,273290,171,224354,123,48936,48,248104,141,1684110,1595,1932214,1736,6,4155,-179,3060,344,266075,6,8632,4216,"East TN",2455501,113.540984100597,0.0990536877645157,70.6984032993674,6.96395562453446,124.618153281143,9.90536877645157
2021-04-05,273697,407,224589,235,49108,172,248327,223,1685329,1219,1933656,1442,6,4161,-94,2966,495,266570,37,8669,4219,"East TN",2455501,112.237787726415,0.10073673870334,58.7252866115713,16.5750288841259,120.790013931984,10.073673870334
2021-04-06,274128,431,224839,250,49289,181,248605,278,1687417,2088,1936022,2366,3,4164,-8,2958,436,267006,22,8691,4220,"East TN",2455501,114.518381381233,0.100712565234845,96.3550819160733,17.5524261647623,120.464214838438,10.0712565234845
2021-04-07,274761,633,225303,464,49458,169,249113,508,1692110,4693,1941223,5201,5,4169,208,3166,420,267426,21,8712,4220,"East TN",2455501,113.378084553824,0.102249798224374,211.81013569125,25.7788532767855,128.934991270621,10.2249798224374
2021-04-08,275166,405,225558,255,49608,150,249402,289,1695123,3013,1944525,3302,-1,4168,42,3208,364,267790,16,8728,4223,"East TN",2455501,111.626914426017,0.0985611871459367,134.473575860894,16.4935791107395,130.645436511734,9.85611871459367
2021-04-09,275684,518,225964,406,49720,112,249852,450,1698999,3876,1948851,4326,4,4172,107,3315,407,268197,27,8755,4224,"East TN",2455501,118.427970503779,0.103052526310777,176.175859834714,21.0954913070693,135.002999387905,10.3052526310777
2021-04-10,275988,304,226179,215,49809,89,250099,247,1701780,2781,1951879,3028,1,4173,-15,3300,318,268515,14,8769,4228,"East TN",2455501,116.839699922745,0.0998084201672819,123.314956906961,12.3803655547279,134.392126087507,9.98084201672819
2021-04-11,276225,237,226342,163,49883,74,250273,174,1703493,1713,1953766,1887,2,4175,-87,3213,322,268837,9,8778,4231,"East TN",2455501,119.527542444495,0.100640311804009,76.8478611900382,9.65179814628461,130.8490609452,10.0640311804009
2021-04-12,276690,465,226665,323,50025,142,250603,330,1705256,1763,1955859,2093,3,4178,13,3226,449,269286,15,8793,4238,"East TN",2455501,121.8895858727,0.10250866999955,85.2371878488341,18.9370723123306,131.378484472212,10.250866999955
2021-04-13,277068,378,226905,240,50163,138,250853,250,1707314,2058,1958167,2308,3,4181,-60,3166,435,269721,14,8807,4240,"East TN",2455501,119.731166877961,0.101512756829984,93.9930384878687,15.3940071700236,128.934991270621,10.1512756829984
2021-04-14,277748,680,227407,502,50341,178,251410,557,1712135,4821,1963545,5378,0,4181,269,3435,411,270132,25,8832,4241,"East TN",2455501,121.645236552541,0.102902965684078,219.018440635944,27.6929229513651,139.889985791087,10.2902965684078
2021-04-15,278288,540,227773,366,50515,174,251790,380,1715280,3145,1967070,3525,2,4183,114,3549,424,270556,24,8856,4245,"East TN",2455501,127.14309625612,0.105921490352628,143.555225593474,21.9914388143194,144.53262287411,10.5921490352628
2021-04-16,279266,978,228668,895,50598,83,252895,1105,1722765,7485,1975660,8590,3,4186,633,4182,342,270898,32,8888,4246,"East TN",2455501,145.876544134985,0.113506658211795,349.826776694451,39.8289391859339,170.311476150895,11.3506658211795
2021-04-17,279468,202,228815,147,50653,55,253068,173,1724996,2231,1978064,2404,0,4186,-92,4090,294,271192,10,8898,4247,"East TN",2455501,141.72260569228,0.113385526064541,97.9026276104143,8.22642711202317,166.564786575123,11.3385526064541
2021-04-18,279686,218,229002,187,50684,31,253271,203,1726799,1803,1980070,2006,6,4192,-123,3967,335,271527,7,8905,4252,"East TN",2455501,140.94883284511,0.113975060827251,81.6941227065271,8.87802529911411,161.555625511861,11.3975060827251
2021-04-19,280014,328,229197,195,50817,133,253481,210,1728248,1449,1981729,1659,8,4200,-213,3754,533,272060,14,8919,4254,"East TN",2455501,135.369523368144,0.11124855044453,67.5625870239923,13.3577628353644,152.881224646213,11.124855044453
2021-04-20,280367,353,229474,277,50893,76,253762,281,1730696,2448,1984458,2729,4,4204,-113,3641,462,272522,20,8939,4257,"East TN",2455501,134.351401200814,0.11064622874748,111.138215785699,14.375885002694,148.279312449883,11.064622874748
2021-04-21,280880,513,229804,330,51076,183,254101,339,1734478,3782,1988579,4121,4,4208,29,3670,480,273002,12,8951,4262,"East TN",2455501,127.550345123052,0.107493808420548,167.827258062611,20.8918668736034,149.460334163985,10.7493808420548
2021-04-22,281522,642,230202,398,51320,244,254552,451,1738730,4252,1993282,4703,3,4211,192,3862,447,273449,21,8972,4264,"East TN",2455501,131.704283565757,0.105371585533344,191.529142118044,26.1453772570241,157.279512409077,10.5371585533344
2021-04-23,281906,384,230480,278,51426,106,254860,308,1741933,3203,1996793,3511,0,4211,-10,3852,394,273843,10,8982,4265,"East TN",2455501,107.513700870006,0.092982539156769,142.985077179769,15.6383564901827,156.872263542145,9.2982539156769
2021-04-24,282166,260,230668,188,51498,72,255069,209,1744931,2998,2e+06,3207,0,4211,-132,3720,392,274235,19,9001,4269,"East TN",2455501,109.87574429821,0.0912199124726477,130.604711625041,10.5884705402278,151.496578498644,9.12199124726477
2021-04-25,282366,200,230816,148,51550,52,255228,159,1746582,1651,2001810,1810,4,4215,-114,3606,310,274545,17,9018,4272,"East TN",2455501,109.142696337733,0.0900183992640294,73.712044914663,8.1449773386368,146.853941415622,9.00183992640294
2021-04-26,282752,386,231060,244,51692,142,255480,252,1748554,1972,2004034,2224,6,4221,-144,3462,524,275069,15,9033,4276,"East TN",2455501,111.504739765938,0.0896211611746245,90.5721480056412,15.719806263569,140.989557731803,8.96211611746245
2021-04-27,283142,390,231264,204,51878,186,255698,218,1750918,2364,2006616,2582,3,4224,-52,3410,439,275508,23,9056,4279,"East TN",2455501,113.011560573586,0.0873725065439119,105.151657441801,15.8827058103418,138.871863623757,8.73725065439119
2021-04-28,283630,488,231610,346,52020,142,256079,381,1755046,4128,2011125,4509,6,4230,9,3419,473,275981,22,9078,4284,"East TN",2455501,111.993438406256,0.0877317484254413,183.628514099567,19.8737447062738,139.238387603996,8.77317484254413
2021-04-29,284022,392,231889,279,52133,113,256383,304,1757978,2932,2014361,3236,1,4231,18,3437,373,276354,20,9098,4286,"East TN",2455501,101.81221673296,0.0868637032117273,131.785733339143,15.9641555837281,139.971435564473,8.68637032117273
2021-04-30,284391,369,232116,227,52275,142,256623,240,1761245,3267,2017868,3507,0,4231,-3,3434,372,276726,15,9113,4289,"East TN",2455501,101.201343432562,0.0836536180308422,142.822177632996,15.0274831897849,139.849260904394,8.36536180308422
2021-05-01,284626,235,232298,182,52328,53,256812,189,1763736,2491,2020548,2680,-1,4230,-31,3403,267,276993,15,9128,4289,"East TN",2455501,100.183221265233,0.0848257737979365,109.142696337733,9.57034837289824,138.586789416905,8.48257737979365
2021-05-02,284801,175,232426,128,52375,47,256945,133,1765212,1476,2022157,1609,1,4231,-76,3327,250,277243,11,9139,4293,"East TN",2455501,99.165099097903,0.0843859045559542,65.526342689333,7.1268551713072,135.491698028223,8.43859045559542
2021-05-03,285013,212,232540,114,52473,98,257071,126,1766696,1484,2023767,1610,5,4236,-224,3103,431,277674,16,9155,4295,"East TN",2455501,92.078968813289,0.0806263619317894,65.5670675760262,8.63367597895501,126.36932340895,8.06263619317894
2021-05-04,285334,321,232761,221,52573,100,257316,245,1769096,2400,2026412,2645,7,4243,-81,3022,395,278069,12,9167,4301,"East TN",2455501,89.2689516314593,0.0817336835724389,107.717325303472,13.0726886285121,123.070607586802,8.17336835724389
2021-05-05,285798,464,233054,293,52744,171,257627,311,1773246,4150,2030873,4461,5,4248,127,3149,332,278401,22,9189,4306,"East TN",2455501,88.2915543508229,0.0783876848288434,181.673719538294,18.8963474256374,128.242668196836,7.83876848288434
2021-05-06,286084,286,233251,197,52833,89,257858,231,1775684,2438,2033542,2669,4,4252,-100,3049,382,278783,10,9199,4311,"East TN",2455501,83.9747163613454,0.076899014649914,108.694722584108,11.6473175942506,124.170179527518,7.6899014649914
2021-05-07,286450,366,233500,249,52950,117,258127,269,1779133,3449,2037260,3718,0,4252,16,3065,350,279133,15,9214,4312,"East TN",2455501,83.8525417012658,0.0775577557755776,151.415128725258,14.9053085297053,124.821777714609,7.75577557755776
2021-05-08,286621,171,233603,103,53018,68,258241,114,1781028,1895,2039269,2009,0,4252,-96,2969,267,279400,7,9221,4314,"East TN",2455501,81.2461489529021,0.0763313925538166,81.8162973666066,6.96395562453446,120.912188592063,7.63313925538166
2021-05-09,286767,146,233718,115,53049,31,258373,132,1782739,1711,2041112,1843,4,4256,-161,2808,303,279703,11,9232,4316,"East TN",2455501,80.0651272387997,0.0753363228699552,75.0559661755381,5.94583345720486,114.355481834461,7.53363228699552
2021-05-10,287002,235,233854,136,53148,99,258518,145,1784255,1516,2042773,1661,7,4263,-201,2607,429,280132,19,9251,4317,"East TN",2455501,81.001799632743,0.0761338524676418,67.6440367973786,9.57034837289824,106.169779609131,7.61338524676418
2021-05-11,287317,315,234082,228,53235,87,258762,244,1786934,2679,2045696,2923,1,4264,-57,2550,371,280503,19,9270,4319,"East TN",2455501,80.7574503125839,0.0749844430616055,119.038843804177,12.828339308353,103.848461067619,7.49844430616055
2021-05-12,287621,304,234299,217,53322,87,259013,251,1791000,4066,2050013,4317,3,4267,-53,2497,354,280857,15,9285,4321,"East TN",2455501,74.2414684416744,0.0724137931034483,175.809335854475,12.3803655547279,101.69004207288,7.24137931034483
2021-05-13,287831,210,234435,136,53396,74,259158,145,1793733,2733,2052891,2878,1,4268,-134,2363,343,281200,9,9294,4323,"East TN",2455501,71.1463770529924,0.0671869347253088,117.206223902984,8.55222620556864,96.2329072559938,6.71869347253088
2021-05-14,288132,301,234654,219,53478,82,259406,248,1796419,2686,2055825,2934,1,4269,33,2396,267,281467,19,9313,4326,"East TN",2455501,68.4992594179355,0.0688930783732831,119.486817557802,12.2581908946484,97.5768285168689,6.8893078373283
2021-05-15,288240,108,234735,81,53505,27,259508,102,1798407,1988,2057915,2090,0,4269,-155,2241,263,281730,5,9318,4329,"East TN",2455501,65.9335915562649,0.0679502306124638,85.1150131887546,4.39828776286387,91.2644710794253,6.79502306124638
2021-05-16,288340,100,234809,74,53531,26,259593,85,1799856,1449,2059449,1534,3,4272,-123,2118,220,281950,4,9322,4332,"East TN",2455501,64.0602467683784,0.0665321481158314,62.4719761873443,4.0724886693184,86.2553100161637,6.65321481158314
2021-05-17,288539,199,234913,104,53626,95,259703,110,1801425,1569,2061128,1679,6,4278,-117,2001,310,282260,10,9332,4336,"East TN",2455501,62.5941508474238,0.0645600653772814,68.3770847578559,8.10425245194362,81.4904982730612,6.45600653772814
2021-05-18,288752,213,235048,135,53704,78,259849,146,1803663,2238,2063512,2384,8,4286,-102,1899,307,282567,20,9352,4339,"East TN",2455501,58.440212404719,0.0610125729681185,97.0881298765507,8.67440086564819,77.3365598303564,6.10125729681185
2021-05-19,288969,217,235212,164,53757,53,260016,167,1806933,3270,2066949,3437,1,4287,-54,1845,270,282837,19,9371,4341,"East TN",2455501,54.897147262412,0.0592229570146434,139.971435564473,8.83730041242093,75.1374159489245,5.92229570146434
2021-05-20,289147,178,235345,133,53802,45,260172,156,1821101,14168,2081273,14324,3,4290,-92,1753,267,283104,7,9378,4343,"East TN",2455501,53.5939508882301,0.0357268691424142,583.343276993168,7.24902983138675,71.3907263731516,3.57268691424142
2021-05-21,289311,164,235453,108,53858,56,260293,121,1823380,2279,2083673,2400,0,4290,-59,1694,223,283327,9,9387,4345,"East TN",2455501,48.0146414112639,0.0318514794599253,97.7397280636416,6.67888141768218,68.9879580582537,3.18514794599253
2021-05-22,289382,71,235501,48,53881,23,260355,62,1824967,1587,2085322,1649,0,4290,-107,1587,178,283505,10,9397,4345,"East TN",2455501,46.5078206036161,0.0309045134454701,67.1553381570604,2.89146695521606,64.630395182083,3.09045134454701
2021-05-23,289456,74,235552,51,53904,23,260416,61,1826032,1065,2086448,1126,3,4293,-129,1458,200,283705,5,9402,4347,"East TN",2455501,45.4489735495933,0.0304826104670543,45.8562224165252,3.01364161529562,59.3768847986623,3.04826104670543
2021-05-24,289616,160,235663,111,53953,49,260542,126,1827957,1925,2088499,2051,0,4293,-92,1366,252,283957,7,9409,4348,"East TN",2455501,43.8607029685592,0.0306528807862336,83.5267426077204,6.51598187090944,55.6301952228893,3.06528807862336
2021-05-25,289760,144,235759,96,54001,48,260630,88,1829684,1727,2090314,1815,0,4293,-72,1294,216,284173,8,9417,4352,"East TN",2455501,41.0506857867295,0.0291396164465338,73.915669348129,5.8643836838185,52.6980033809801,2.91396164465338
2021-05-26,289944,184,235899,140,54045,44,260795,165,1832568,2884,2093363,3049,7,4300,-33,1261,210,284383,13,9430,4354,"East TN",2455501,39.7067645258544,0.0294919360944953,124.170179527518,7.49337915154586,51.354082120105,2.94919360944953
2021-05-27,290068,124,235975,76,54093,48,260934,139,1835540,2972,2096474,3111,4,4304,-81,1180,201,284584,9,9439,4358,"East TN",2455501,37.5076206444225,0.0501282810341425,126.695122502495,5.04988594995482,48.0553662979571,5.01282810341425
2021-05-28,290185,117,236065,90,54120,27,261032,98,1837652,2112,2098684,2210,0,4304,-61,1119,178,284762,5,9444,4359,"East TN",2455501,35.5935509698428,0.0492305642528812,90.0019995919366,4.76481174310253,45.5711482096729,4.92305642528812
2021-05-29,290236,51,236097,32,54139,19,261069,37,1838729,1077,2099798,1114,0,4304,-89,1030,140,284902,7,9451,4361,"East TN",2455501,34.7790532359791,0.0493230174081238,45.367523776207,2.07696922135238,41.9466332939795,4.93230174081238
2021-05-30,290291,55,236137,40,54154,15,261115,46,1839815,1086,2100930,1132,0,4304,-66,964,121,285023,7,9458,4363,"East TN",2455501,34.0052803888086,0.0482668139759702,46.1005717366843,2.23986876812512,39.2587907722294,4.82668139759702
2021-05-31,290371,80,236203,66,54168,14,261186,71,1841242,1427,2102428,1498,6,4310,-95,869,169,285192,4,9462,4364,"East TN",2455501,30.7472894533539,0.0462344748366717,61.0058802663896,3.25799093545472,35.3899265363769,4.62344748366717
2021-06-01,290501,130,236296,93,54205,37,261280,94,1842557,1315,2103837,1409,3,4313,-37,832,164,285356,11,9473,4364,"East TN",2455501,30.1771410396493,0.048066257487244,57.3813653506963,5.29423527011392,33.8831057287291,4.8066257487244
2021-06-02,290620,119,236367,71,54253,48,261353,73,1844537,1980,2105890,2053,1,4314,-20,812,138,285494,9,9482,4368,"East TN",2455501,27.5300234045924,0.0445437854234853,83.6081923811067,4.8462615164889,33.0686079948654,4.45437854234853
2021-06-03,290708,88,236423,56,54285,32,261472,119,1847703,3166,2109175,3285,1,4315,-43,769,130,285624,7,9489,4371,"East TN",2455501,26.0639274836378,0.0423588693803637,133.781252787109,3.58379002900019,31.3174378670585,4.23588693803637
2021-06-04,290799,91,236482,59,54317,32,261550,78,1849855,2152,2111405,2230,1,4316,-32,737,122,285746,7,9496,4371,"East TN",2455501,25.005080429615,0.0407200691769515,90.8164973258003,3.70596468907974,30.0142414928766,4.07200691769515
2021-06-05,290840,41,236508,26,54332,15,261580,30,1851238,1383,2112818,1413,-1,4315,-69,668,111,285857,2,9498,4373,"East TN",2455501,24.5978315626831,0.039247311827957,57.544264897469,1.66972035442054,27.2042243110469,3.9247311827957
2021-06-06,290866,26,236524,16,54342,10,261599,19,1852154,916,2113753,935,-1,4314,-57,611,84,285941,2,9500,4373,"East TN",2455501,23.4168098485808,0.0377446775325587,38.077769058127,1.05884705402278,24.8829057695354,3.77446775325587
2021-06-07,290939,73,236559,35,54380,38,261651,52,1853424,1270,2115075,1322,3,4317,-70,541,140,286081,10,9510,4374,"East TN",2455501,23.1317356417285,0.036767612872618,53.8383002083892,2.97291672860243,22.0321637010125,3.6767612872618
2021-06-08,291026,87,236626,67,54400,20,261721,70,1854903,1479,2116624,1549,3,4320,-29,512,113,286194,4,9514,4377,"East TN",2455501,21.3805655139216,0.0344881520294049,63.082849487742,3.54306514230701,20.8511419869102,3.44881520294049
2021-06-09,291074,48,236664,38,54410,10,261775,54,1857634,2731,2119409,2785,0,4320,-64,448,112,286306,3,9517,4378,"East TN",2455501,18.4890985587055,0.0312153265774096,113.418809440517,1.95479456127283,18.2447492385464,3.12153265774096
2021-06-10,291149,75,236721,57,54428,18,261841,66,1859419,1785,2121260,1851,4,4324,-22,426,93,286399,4,9521,4381,"East TN",2455501,17.9596750316941,0.0305337194869673,75.3817652690836,3.0543665019888,17.3488017312964,3.05337194869673
2021-06-11,291219,70,236767,46,54452,24,261897,56,1860904,1485,2122801,1541,2,4326,-5,421,73,286472,4,9525,4382,"East TN",2455501,17.1044524111373,0.0304492804492804,62.7570503941965,2.85074206852288,17.1451772978305,3.04492804492804
2021-06-12,291248,29,236789,22,54459,7,261928,31,1862098,1194,2124026,1225,3,4329,-24,397,50,286522,1,9526,4385,"East TN",2455501,16.6157537708191,0.0310492505353319,49.8879861991504,1.18102171410234,16.167780017194,3.10492505353319
2021-06-13,291266,18,236803,14,54463,4,261949,21,1862942,844,2124891,865,1,4330,-41,356,58,286580,1,9527,4385,"East TN",2455501,16.2899546772736,0.0314239540312444,35.2270269896042,0.733047960477312,14.4980596627735,3.14239540312444
2021-06-14,291319,53,236836,33,54483,20,261990,41,1864195,1253,2126185,1294,3,4333,-9,347,59,286639,3,9530,4385,"East TN",2455501,15.4754569434099,0.0305130513051305,52.6980033809801,2.15841899473875,14.1315356825348,3.05130513051305
2021-06-15,291407,88,236905,69,54502,19,262078,88,1866077,1882,2128155,1970,0,4333,-6,341,94,286733,4,9534,4386,"East TN",2455501,15.5161818301031,0.0309600208134594,80.2280267855725,3.58379002900019,13.8871863623757,3.09600208134594
2021-06-16,291474,67,236945,40,54529,27,262116,38,1867983,1906,2130099,1944,2,4335,-14,327,79,286812,7,9541,4388,"East TN",2455501,16.2899546772736,0.0318989710009355,79.1691797315497,2.72856740844333,13.3170379486712,3.18989710009355
2021-06-17,291525,51,236983,38,54542,13,262162,46,1870333,2350,2132495,2396,1,4336,-7,320,57,286869,1,9542,4392,"East TN",2455501,15.3125573966372,0.0285714285714286,97.5768285168689,2.07696922135238,13.0319637418189,2.85714285714286
2021-06-18,291587,62,237034,51,54553,11,262217,55,1872061,1728,2134278,1783,2,4338,-1,319,61,286930,4,9546,4394,"East TN",2455501,14.9867583030917,0.0278818506578374,72.6124729739471,2.52494297497741,12.9912388551257,2.78818506578374
2021-06-19,291615,28,237051,17,54564,11,262235,18,1873212,1151,2135447,1169,0,4338,-16,303,44,286974,4,9550,4395,"East TN",2455501,14.9460334163985,0.0268803082041853,47.6073925443321,1.14029682740915,12.3396406680348,2.68803082041853
2021-06-20,291640,25,237072,21,54568,4,262252,17,1873966,754,2136218,771,3,4341,-13,290,35,287009,2,9552,4398,"East TN",2455501,15.2311076232508,0.0267502427827315,31.3988876404449,1.0181221673296,11.8102171410234,2.67502427827315
2021-06-21,291707,67,237112,40,54595,27,262304,52,1875238,1272,2137542,1324,6,4347,3,293,58,287067,2,9554,4399,"East TN",2455501,15.8012560369554,0.0276481465175663,53.9197499817756,2.72856740844333,11.9323918011029,2.76481465175663
2021-06-22,291800,93,237158,46,54642,47,262355,51,1876665,1427,2139020,1478,5,4352,36,329,52,287119,7,9561,4403,"East TN",2455501,16.0048804704213,0.0254947077772665,60.1913825325259,3.78741446246611,13.3984877220575,2.54947077772665
2021-06-23,291869,69,237206,48,54663,21,262410,55,1878454,1789,2140864,1844,2,4354,6,335,61,287180,5,9566,4407,"East TN",2455501,16.0863302438077,0.0273107292150488,75.0966910622313,2.8100171818297,13.6428370422166,2.73107292150488
2021-06-24,291952,83,237258,52,54694,31,262472,62,1880298,1844,2142770,1906,3,4357,27,362,53,287233,4,9570,4408,"East TN",2455501,17.3895266179896,0.0301703163017032,77.6216340372087,3.38016559553427,14.7424089829326,3.01703163017032
2021-06-25,292031,79,237314,56,54717,23,262541,69,1882106,1808,2144647,1877,0,4357,32,394,47,287280,2,9572,4410,"East TN",2455501,18.0818496917737,0.0312469862088919,76.4406123231064,3.21726604876154,16.0456053571145,3.12469862088919
2021-06-26,292066,35,237332,18,54734,17,262562,21,1883290,1184,2145852,1205,0,4357,1,395,34,287314,2,9574,4412,"East TN",2455501,18.366923898626,0.0314271984622778,49.0734884652867,1.42537103426144,16.0863302438077,3.14271984622778
2021-06-27,292095,29,237352,20,54743,9,262586,24,1884004,714,2146590,738,2,4359,-9,386,36,287350,3,9577,4414,"East TN",2455501,18.5298234453987,0.0322020825298882,30.0549663795698,1.18102171410234,15.719806263569,3.22020825298882
2021-06-28,292139,44,237376,24,54763,20,262611,25,1884556,552,2147167,577,4,4363,-15,371,55,287405,3,9580,4414,"East TN",2455501,17.5931510514555,0.0318961038961039,23.4982596219672,1.7918950145001,15.1089329631713,3.18961038961039
2021-06-29,292270,131,237462,86,54808,45,262708,97,1886570,2014,2149278,2111,0,4363,80,451,51,287456,6,9586,4417,"East TN",2455501,19.1406967457965,0.0344121661142523,85.9702358093114,5.3349601568071,18.366923898626,3.44121661142523
2021-06-30,292355,85,237525,63,54830,22,262783,75,1888214,1644,2150997,1719,3,4366,29,480,53,287509,3,9589,4417,"East TN",2455501,19.7922949328874,0.0368104213954406,70.0060802255833,3.46161536892064,19.5479456127283,3.68104213954406
2021-07-01,292461,106,237578,53,54883,53,262848,65,1890766,2552,2153614,2617,1,4367,57,537,48,287557,2,9591,4420,"East TN",2455501,20.7289673268307,0.0346735521947621,106.577028476063,4.3168379894775,21.8692641542398,3.46735521947621
2021-07-02,292543,82,237641,63,54902,19,262922,74,1892448,1682,2155370,1756,0,4367,31,568,51,287608,2,9593,4422,"East TN",2455501,20.8511419869102,0.035531101370885,71.5129010332311,3.33944070884109,23.1317356417285,3.5531101370885
2021-07-03,292591,48,237677,36,54914,12,262962,40,1893536,1088,2156498,1128,1,4368,1,569,46,287654,3,9596,4425,"East TN",2455501,21.3805655139216,0.0375727972947586,45.9376721899116,1.95479456127283,23.1724605284217,3.75727972947586
2021-07-04,292618,27,237698,21,54920,6,262987,25,1894236,700,2157223,725,0,4368,-13,556,40,287694,1,9597,4426,"East TN",2455501,21.2991157405352,0.0377127809649205,29.5255428525584,1.09957194071597,22.6430370014103,3.77127809649205
2021-07-05,292661,43,237722,24,54939,19,263012,25,1894718,482,2157730,507,0,4368,-30,526,73,287767,2,9599,4426,"East TN",2455501,21.258390853842,0.037962699990533,20.6475175534443,1.75117012780691,21.4212904006148,3.7962699990533
2021-07-06,292823,162,237826,104,54997,58,263125,113,1896043,1325,2159168,1438,5,4373,82,608,75,287842,6,9605,4426,"East TN",2455501,22.5208623413308,0.0421638018200202,58.5623870647986,6.59743164429581,24.7607311094559,4.21638018200202
2021-07-07,292965,142,237906,80,55059,62,263213,88,1897502,1459,2160715,1547,4,4377,81,689,57,287899,6,9611,4428,"East TN",2455501,24.8421808828422,0.0442477876106195,63.0013997143556,5.78293391043213,28.0594469316038,4.42477876106195
2021-07-08,293105,140,238008,102,55097,38,263330,117,1899357,1855,2162687,1972,2,4379,76,765,62,287961,3,9614,4430,"East TN",2455501,26.2268270304105,0.0531246555714758,80.3094765589588,5.70148413704576,31.1545383202858,5.31246555714758
2021-07-09,293269,164,238130,122,55139,42,263461,131,1901102,1745,2164563,1876,0,4379,100,865,64,288025,4,9618,4432,"East TN",2455501,29.5662677392516,0.0586315674970086,76.3998874364132,6.67888141768218,35.2270269896042,5.86315674970086
2021-07-10,293373,104,238203,73,55170,31,263535,74,1902158,1056,2165693,1130,0,4379,56,921,48,288073,13,9631,4433,"East TN",2455501,31.8468613940699,0.0623164763458401,46.0191219632979,4.23538821609114,37.5076206444225,6.23164763458401
2021-07-11,293421,48,238238,35,55183,13,263578,43,1902913,755,2166491,798,2,4381,4,925,42,288115,7,9638,4433,"East TN",2455501,32.7020840146267,0.0637678031937851,32.4984595811608,1.95479456127283,37.6705201911952,6.37678031937851
2021-07-12,293594,173,238355,117,55239,56,263703,125,1904279,1366,2167982,1491,1,4382,92,1017,80,288195,13,9651,4434,"East TN",2455501,37.9963192847407,0.0674014826375341,60.7208060595373,7.04540539792083,41.4172097669681,6.74014826375341
2021-07-13,293808,214,238492,137,55316,77,263848,145,1905900,1621,2169748,1766,4,4386,149,1166,61,288256,14,9665,4437,"East TN",2455501,40.1140133927862,0.0683364839319471,71.9201499001629,8.71512575234138,47.4852178842525,6.83364839319471
2021-07-14,293981,173,238628,136,55353,37,263990,142,1907463,1563,2171453,1705,0,4386,103,1269,70,288326,11,9676,4438,"East TN",2455501,41.3764848802749,0.0723598435462842,69.4359318118787,7.04540539792083,51.6798812136505,7.23598435462842
2021-07-15,294201,220,238778,150,55423,70,264157,167,1909264,1801,2173421,1968,0,4386,118,1387,102,288428,14,9690,4438,"East TN",2455501,44.6344758157297,0.0770449040432271,80.1465770121861,8.95947507250048,56.4854178434462,7.70449040432271
2021-07-16,294431,230,238920,142,55511,88,264311,154,1910793,1529,2175104,1683,0,4386,164,1551,66,288494,10,9700,4442,"East TN",2455501,47.3223183374798,0.0806375106726117,68.5399843046287,9.36672393943232,63.1642992611284,8.06375106726117
2021-07-17,294575,144,239020,100,55555,44,264421,110,1912011,1218,2176432,1328,0,4386,54,1605,90,288584,5,9705,4444,"East TN",2455501,48.9513138052072,0.0825030263525468,54.0826495285484,5.8643836838185,65.3634431425603,8.25030263525468
2021-07-18,294719,144,239141,121,55578,23,264553,132,1913137,1126,2177690,1258,0,4386,50,1655,94,288678,6,9711,4446,"East TN",2455501,52.8609029277528,0.0870613447629253,51.2319074600255,5.8643836838185,67.3996874772195,8.70613447629253
2021-07-19,295023,304,239353,212,55670,92,264770,217,1914827,1690,2179597,1907,3,4389,165,1820,136,288814,12,9723,4447,"East TN",2455501,58.1958630845599,0.0918639690055962,77.6623589239019,12.3803655547279,74.1192937815949,9.18639690055962
2021-07-20,295379,356,239591,238,55788,118,265024,254,1916488,1661,2181512,1915,2,4391,213,2033,141,288955,22,9745,4448,"East TN",2455501,63.9787969949921,0.0999659979598776,77.9881580174473,14.4980596627735,82.7936946472431,9.99659979598776
2021-07-21,295780,401,239884,293,55896,108,265334,310,1918604,2116,2183938,2426,3,4394,248,2281,150,289105,23,9768,4452,"East TN",2455501,73.264071161038,0.107649179014818,98.7985751176644,16.3306795639668,92.8934665471527,10.7649179014818
2021-07-22,296254,474,240217,333,56037,141,265701,367,1920973,2369,2186674,2736,5,4399,321,2602,148,289253,19,9787,4454,"East TN",2455501,83.6081923811067,0.116501924092658,111.423289992551,19.3035962925692,105.966155175665,11.6501924092658
2021-07-23,296715,461,240537,320,56178,141,266034,333,1922876,1903,2188910,2236,1,4400,328,2930,132,289385,21,9808,4459,"East TN",2455501,93.0156412072322,0.124800811241489,91.0608466459594,18.7741727655578,119.323918011029,12.4800811241489
2021-07-24,297073,358,240786,249,56287,109,266299,265,1924627,1751,2190926,2016,0,4400,226,3156,132,289517,19,9827,4463,"East TN",2455501,101.730766959574,0.129570856906306,82.1013715734589,14.5795094361599,128.527742403689,12.9570856906306
2021-07-25,297301,228,240976,190,56325,38,266502,203,1925942,1315,2192444,1518,3,4403,97,3253,128,289645,14,9841,4468,"East TN",2455501,105.151657441801,0.132099769554019,61.8203780002533,9.28527416604595,132.478056412928,13.2099769554019
2021-07-26,297968,667,241437,461,56531,206,266988,486,1927671,1729,2194659,2215,10,4413,448,3701,209,289854,30,9871,4472,"East TN",2455501,119.934791311427,0.147258000265569,90.2056240254026,27.1634994243537,150.722805651474,14.7258000265569
2021-07-27,298695,727,241927,490,56768,237,267503,515,1929992,2321,2197495,2836,2,4415,534,4235,191,290045,25,9896,4478,"East TN",2455501,135.043724274598,0.155102296189702,115.49577866187,29.6069926259448,172.469895145634,15.5102296189702
2021-07-28,299514,819,242475,548,57039,271,268116,613,1932860,2868,2200976,3481,2,4417,559,4794,258,290303,31,9927,4481,"East TN",2455501,152.066726912349,0.163282075360958,141.763330578973,33.3536822017177,195.235106807124,16.3282075360958
2021-07-29,300202,688,242929,454,57273,234,268612,496,1935288,2428,2203900,2924,3,4420,474,5268,211,290514,18,9945,4485,"East TN",2455501,160.78185266469,0.168988737954255,119.07956869087,28.0187220449106,214.538703099693,16.8988737954255
2021-07-30,301201,999,243678,749,57523,250,269414,802,1937091,1803,2206505,2605,4,4424,751,6019,244,290758,38,9983,4488,"East TN",2455501,182.691841705623,0.192100028417164,106.088329835744,40.6841618064908,245.123093006274,19.2100028417164
2021-07-31,301736,535,244043,365,57693,170,269810,396,1939061,1970,2208871,2366,2,4426,319,6338,214,290972,32,10015,4497,"East TN",2455501,189.900146650317,0.195653385344107,96.3550819160733,21.7878143808534,258.1143318614,19.5653385344107
2021-08-01,302270,534,244465,422,57805,112,270271,461,1941199,2138,2211470,2599,3,4429,321,6659,210,291182,27,10042,4500,"East TN",2455501,202.361961978431,0.198097340481446,105.843980515585,21.7470894941603,271.187020489912,19.8097340481446
2021-08-02,303120,850,245001,536,58119,314,270807,536,1943534,2335,2214341,2871,9,4438,416,7075,425,291607,32,10074,4508,"East TN",2455501,209.814616243284,0.194035159028554,116.921149696131,34.6161536892064,288.128573354277,19.4035159028554
2021-08-03,304458,1338,245969,968,58489,370,271822,1015,1947309,3775,2219131,4790,4,4442,896,7971,438,292045,33,10107,4517,"East TN",2455501,234.697522012819,0.199621002033648,195.072207260351,54.4898983954802,324.61807183137,19.9621002033648
2021-08-04,305544,1086,246802,833,58742,253,272709,887,1950929,3620,2223638,4507,8,4450,646,8617,432,292477,34,10141,4523,"East TN",2455501,245.5710667599,0.202674079957638,183.54706432618,44.2272269487978,350.926348635167,20.2674079957638
2021-08-05,306724,1180,247691,889,59033,291,273660,951,1954894,3965,2228554,4916,10,4460,667,9284,503,292980,37,10178,4530,"East TN",2455501,265.607711012946,0.204753792488034,200.203542983693,48.0553662979571,378.08984805952,20.4753792488034
2021-08-06,308064,1340,248678,987,59386,353,274743,1083,1959522,4628,2234265,5711,3,4463,908,10192,429,293409,47,10225,4543,"East TN",2455501,279.494897375322,0.191966858789625,232.579827904774,54.5713481688666,415.068045176931,19.1966858789625
2021-08-07,308788,724,249202,524,59586,200,275327,584,1962526,3004,2237853,3588,0,4463,327,10519,397,293806,25,10250,4552,"East TN",2455501,287.191900960334,0.190359533503554,146.120893455144,29.4848179658652,428.385083125602,19.0359533503554
2021-08-08,309424,636,249653,451,59771,185,275853,526,1964641,2115,2240494,2641,5,4468,219,10738,412,294218,27,10277,4561,"East TN",2455501,291.345839403038,0.192323594266814,107.554425756699,25.901027936865,437.30383331141,19.2323594266814
2021-08-09,310794,1370,250615,962,60179,408,276861,1008,1968180,3539,2245041,4547,14,4482,572,11310,784,295002,58,10335,4573,"East TN",2455501,312.522780483494,0.197198697068404,185.176059793908,55.7930947696621,460.598468499911,19.7198697068404
2021-08-10,312121,1327,251463,848,60658,479,277778,917,1971432,3252,2249210,4169,6,4488,549,11859,772,295774,43,10378,4587,"East TN",2455501,312.074806729869,0.198011901991423,169.782052623884,54.0419246418552,482.956431294469,19.8011901991423
2021-08-11,314008,1887,252766,1303,61242,584,279161,1383,1976788,5356,2255949,6739,8,4496,1062,12921,817,296591,60,10438,4602,"East TN",2455501,344.695440971109,0.199684318034106,274.445011425367,76.8478611900382,526.20626096263,19.9684318034106
2021-08-12,315470,1462,253828,1062,61642,400,280323,1162,1981270,4482,2261593,5644,10,4506,583,13504,869,297460,39,10477,4616,"East TN",2455501,356.179859018587,0.201670752746754,229.85126049633,59.539784345435,549.948869904757,20.1670752746754
2021-08-13,317119,1649,254945,1117,62174,532,281497,1174,1986689,5419,2268186,6593,11,4517,796,14300,842,298302,26,10503,4636,"East TN",2455501,368.763849006781,0.199109696058489,268.499177968162,67.1553381570604,582.365879712531,19.9109696058489
2021-08-14,318650,1531,256034,1089,62616,442,282697,1200,1992164,5475,2274861,6675,1,4518,911,15211,619,298921,26,10529,4649,"East TN",2455501,401.628832568181,0.199146130566364,271.838618677003,62.3498015272647,619.466251490022,19.9146130566364
2021-08-15,319796,1146,256999,965,62797,181,283754,1057,1995974,3810,2279728,4867,11,4529,426,15637,709,299630,20,10549,4661,"East TN",2455501,422.398524781704,0.20138145486058,198.208023535727,46.6707201503889,636.815053221318,20.138145486058
2021-08-16,321238,1442,257914,915,63324,527,284716,962,1999034,3060,2283750,4022,17,4546,175,15812,1250,300880,29,10578,4679,"East TN",2455501,425.330716623614,0.202924384510062,163.795494279986,58.7252866115713,643.941908392625,20.2924384510062
2021-08-17,322975,1737,259129,1215,63846,522,286037,1321,2003894,4860,2289931,6181,10,4556,513,16325,1214,302094,25,10603,4694,"East TN",2455501,442.027920167819,0.20281918420471,251.72052465057,70.7391281860606,664.833775266229,20.281918420471
2021-08-18,325069,2094,260516,1387,64553,707,287516,1479,2009314,5420,2296830,6899,13,4569,935,17260,1146,303240,31,10634,4705,"East TN",2455501,450.457971713308,0.204373669920012,280.960993296276,85.2779127355273,702.911544324356,20.4373669920012
2021-08-19,327460,2391,262006,1490,65454,901,289094,1578,2019265,9951,2308359,11529,23,4592,1118,18378,1250,304490,41,10675,4723,"East TN",2455501,488.291391451276,0.187550784758158,469.517218685718,97.3732040834029,748.441967647335,18.7550784758158
2021-08-20,329917,2457,263985,1979,65932,478,291203,2109,2026159,6894,2317362,9003,4,4596,1275,19653,1178,305668,36,10711,4753,"East TN",2455501,521.197099899369,0.197372702131121,366.646154898736,100.061046605153,800.366198181145,19.7372702131121
2021-08-21,332839,2922,265948,1963,66891,959,293320,2117,2035089,8930,2328409,11047,0,4596,2166,21819,756,306424,55,10766,4776,"East TN",2455501,577.845417289588,0.198382759393441,449.887823299604,118.998118917484,888.576302758582,19.8382759393441
2021-08-22,334324,1485,267289,1341,67035,144,294836,1516,2040601,5512,2335437,7028,7,4603,547,22366,931,307355,17,10783,4794,"East TN",2455501,591.651153878577,0.198926564827945,286.214503679697,60.4764567393782,910.852815779753,19.8926564827945
2021-08-23,336272,1948,268416,1127,67856,821,296022,1186,2044568,3967,2340590,5153,18,4621,184,22550,1746,309101,36,10819,4811,"East TN",2455501,612.257946545328,0.198909218859958,209.855341129977,79.3320792783224,918.346194931299,19.8909218859958
2021-08-24,338258,1986,269803,1387,68455,599,297460,1438,2048347,3779,2345807,5217,15,4636,149,22699,1822,310923,25,10844,4845,"East TN",2455501,622.398443331931,0.204434819958479,212.461733878341,80.8796249726634,924.414203048584,20.4434819958479
2021-08-25,340488,2230,271011,1208,69477,1022,298707,1247,2052383,4036,2351090,5283,17,4653,612,23311,1601,312524,39,10883,4879,"East TN",2455501,627.937027922204,0.206247696277184,215.149576400091,90.8164973258003,949.337833704812,20.6247696277184
2021-08-26,343149,2661,272844,1833,70305,828,300669,1962,2059227,6844,2359896,8806,24,4677,742,24053,1895,314419,37,10920,4903,"East TN",2455501,638.932747329364,0.224595921376875,358.623352220178,108.368923490563,979.555699631155,22.4595921376875
2021-08-27,346160,3011,275115,2271,71045,740,303029,2360,2066296,7069,2369325,9429,19,4696,1307,25360,1685,316104,43,10963,4921,"East TN",2455501,661.494334557388,0.227585012412678,383.994956630032,122.622633833177,1032.78312653915,22.7585012412678
2021-08-28,348305,2145,276655,1540,71650,605,304700,1671,2072163,5867,2376863,7538,1,4697,920,26280,1224,317328,30,10993,4955,"East TN",2455501,629.851097596784,0.234861930903537,306.984195893221,87.3548819568797,1070.25002229688,23.4861930903537
2021-08-29,350643,2338,278482,1827,72161,511,306720,2020,2079157,6994,2385877,9014,9,4706,1073,27353,1256,318584,42,11035,4983,"East TN",2455501,664.58942594607,0.235606661379857,367.094128652361,95.2147850886642,1113.94782571866,23.5606661379857
2021-08-30,353887,3244,280895,2413,72992,831,309326,2606,2088200,9043,2397526,11649,21,4727,473,27826,2750,321334,61,11096,5018,"East TN",2455501,717.368879100436,0.233665870451033,474.4042050889,132.111532432689,1133.21069712454,23.3665870451033
2021-08-31,357477,3590,283301,2406,74176,1184,311937,2611,2096787,8587,2408724,11198,7,4734,915,28741,2668,324002,74,11170,5049,"East TN",2455501,782.691597356303,0.23009679418917,456.037281190274,146.202343228531,1170.4739684488,23.009679418917
2021-09-01,358913,1436,284251,950,74662,486,312926,989,2099070,2283,2411996,3272,15,4749,-964,27777,2385,326387,29,11199,5087,"East TN",2455501,750.356037321915,0.23345811578498,133.251829260098,58.4809372914122,1131.21517767657,23.345811578498
2021-09-02,361232,2319,285741,1490,75491,829,314442,1516,2103332,4262,2417774,5778,19,4768,-580,27197,2880,329267,38,11237,5114,"East TN",2455501,736.428126072846,0.237966066553786,235.308395313217,94.4410122414937,1107.59474339453,23.7966066553786
2021-09-03,362987,1755,286958,1217,76029,538,315737,1295,2107438,4106,2423175,5401,17,4785,-1011,26186,2749,332016,30,11267,5136,"East TN",2455501,685.277668386207,0.235988857938719,219.955113029887,71.4721761465379,1066.42188294772,23.5988857938719
2021-09-04,366252,3265,289301,2343,76951,922,318315,2578,2115486,8048,2433801,10626,3,4788,1519,27705,1743,333759,53,11320,5163,"East TN",2455501,730.889541482573,0.239119744283255,432.742646001773,132.966755053246,1128.28298583466,23.9119744283255
2021-09-05,370710,4458,292554,3253,78156,1205,321803,3488,2127996,12510,2449799,15998,8,4796,2736,30441,1714,335473,58,11378,5210,"East TN",2455501,817.226301272123,0.235959450580395,651.516737317558,181.551544878214,1239.70627582721,23.5959450580395
2021-09-06,375623,4913,296493,3939,79130,974,326092,4289,2143636,15640,2469728,19929,11,4807,956,31397,3946,339419,95,11473,5241,"East TN",2455501,885.196137163047,0.232209634082158,811.606266908464,200.081368323613,1278.6392675059,23.2209634082158
2021-09-07,377706,2083,297949,1456,79757,627,327609,1517,2148062,4426,2475671,5943,34,4841,-1813,29584,3862,343281,59,11532,5268,"East TN",2455501,823.823732916419,0.234095627884745,242.028001617593,84.8299389819023,1204.80504793116,23.4095627884745
2021-09-08,379381,1675,299125,1176,80256,499,328870,1261,2152442,4380,2481312,5641,20,4861,-1778,27806,3433,346714,59,11591,5302,"East TN",2455501,833.55698083609,0.230019043222344,229.729085836251,68.2141852110832,1132.39619939067,23.0019043222344
2021-09-09,381293,1912,300132,1007,81161,905,329950,1080,2156108,3666,2486058,4746,7,4868,-1619,26187,3524,350238,50,11641,5337,"East TN",2455501,816.981951951964,0.227110304024369,193.280312245851,77.8659833573678,1066.46260783441,22.7110304024369
2021-09-10,386781,5488,303965,3833,82816,1655,334080,4130,2168214,12106,2502294,16236,23,4891,2243,28430,3222,353460,136,11777,5369,"East TN",2455501,969.00795397762,0.23184064510421,661.209260350535,223.498178172194,1157.80852868722,23.184064510421
2021-09-11,391068,4287,307076,3111,83992,1176,337398,3318,2180036,11822,2517434,15140,8,4899,2498,30928,1781,355241,112,11889,5409,"East TN",2455501,1010.62878817805,0.22817548097043,616.574784534806,174.58758925368,1259.53929564679,22.817548097043
2021-09-12,392650,1582,308502,1426,84148,156,338953,1555,2185280,5244,2524233,6799,23,4922,-133,30795,1692,356933,42,11931,5449,"East TN",2455501,893.504014048457,0.230405459870489,276.888504626958,64.4267707486171,1254.1228857166,23.0405459870489
2021-09-13,395002,2352,309951,1449,85051,903,340457,1504,2190403,5123,2530860,6627,63,4985,-1945,28850,4234,361167,75,12006,5493,"East TN",2455501,789.207579227213,0.234983314794216,269.88382411573,95.7849335023688,1174.91298109836,23.4983314794216
2021-09-14,397817,2815,311905,1954,85912,861,342531,2074,2196625,6222,2539156,8296,43,5028,-952,27898,3724,364891,62,12068,5532,"East TN",2455501,819.018196286623,0.235047649050957,337.853660006654,114.640556041313,1136.14288896645,23.5047649050957
2021-09-15,399612,1795,313098,1193,86514,602,343747,1216,2200400,3775,2544147,4991,23,5051,-1543,26355,3315,368206,34,12102,5569,"East TN",2455501,823.905182689805,0.236762950584865,203.257909485681,73.1011716142653,1073.30438879886,23.6762950584865
2021-09-16,402266,2654,314948,1850,87318,804,345704,1957,2207059,6659,2552763,8616,23,5074,-556,25799,3187,371393,61,12163,5592,"East TN",2455501,854.123048616148,0.236174199835095,350.885623748473,108.08384928371,1050.66135179745,23.6174199835095
2021-09-17,404955,2689,316826,1878,88129,811,347708,2004,2214263,7204,2561971,9208,23,5097,-55,25744,2721,374114,76,12239,5624,"East TN",2455501,740.134090761926,0.228362685791846,374.994756670838,109.509220317972,1048.42148302933,22.8362685791846
2021-09-18,406412,1457,318005,1179,88407,278,349045,1337,2219735,5472,2568780,6809,3,5100,-277,25467,1731,375845,35,12274,5662,"East TN",2455501,624.882661420215,0.226833638452849,277.29575349389,59.3361599119691,1037.14068941532,22.6833638452849
2021-09-19,407056,644,318451,446,88605,198,349558,513,2221812,2077,2571370,2590,17,5117,-1068,24399,1695,377540,23,12297,5691,"East TN",2455501,586.682717702009,0.224982497825487,105.477456535347,26.2268270304105,993.646510426996,22.4982497825487
2021-09-20,409041,1985,319709,1258,89332,727,350929,1371,2227449,5637,2578378,7008,48,5165,192,24591,1745,379285,64,12361,5717,"East TN",2455501,571.73668428561,0.22037964560798,285.400005945833,80.8389000859702,1001.46568867209,22.037964560798
2021-09-21,410916,1875,320810,1101,90106,774,352069,1140,2231754,4305,2583823,5445,31,5196,-2054,22537,3898,383183,57,12418,5744,"East TN",2455501,533.455290794017,0.213535719882687,221.747008044387,76.35916254972,917.816771404288,21.3535719882687
2021-09-22,412506,1590,321925,1115,90581,475,353288,1219,2237113,5359,2590401,6578,14,5210,-1358,21179,2934,386117,44,12462,5766,"East TN",2455501,525.106689021914,0.206274051973883,267.888304667764,64.7525698421626,862.512375274944,20.6274051973883
2021-09-23,414859,2353,323433,1508,91426,845,354950,1662,2243470,6357,2598420,8019,32,5242,-408,20771,2729,388846,52,12514,5782,"East TN",2455501,512.848498127266,0.202510020369275,326.572866392642,95.8256583890619,845.896621504125,20.2510020369275
2021-09-24,416401,1542,324416,983,91985,559,356049,1099,2248353,4883,2604402,5982,37,5279,-927,19844,2432,391278,37,12551,5809,"East TN",2455501,466.137053090184,0.19657797365134,243.616272198627,62.7977752808897,808.144651539543,19.657797365134
2021-09-25,417101,700,324903,487,92198,213,356611,562,2251375,3022,2607986,3584,2,5281,-911,18933,1609,392887,20,12571,5835,"East TN",2455501,435.308313863444,0.192980666224557,145.957993908371,28.5074206852288,771.044279762053,19.2980666224557
2021-09-26,417961,860,325528,625,92433,235,357332,721,2255352,3977,2612684,4698,6,5287,-434,18499,1288,394175,26,12597,5851,"East TN",2455501,444.104889389171,0.188168659534298,191.325517684578,35.0234025561382,753.369678937211,18.8168659534298
2021-09-27,419421,1460,326360,832,93061,628,358254,922,2258943,3591,2617197,4513,47,5334,-1404,17095,2817,396992,42,12639,5868,"East TN",2455501,422.72432387525,0.188696256987558,183.791413646339,59.4583345720486,696.19193801998,18.8696256987558
2021-09-28,420716,1295,327149,789,93567,506,359117,863,2262605,3662,2621722,4525,14,5348,-1041,16054,2322,399314,31,12670,5881,"East TN",2455501,399.103889593203,0.185967967492546,184.280112286658,52.7387282676733,653.797330972376,18.5967967492546
2021-09-29,422398,1682,328158,1009,94240,673,360256,1139,2268103,5498,2628359,6637,30,5378,-386,15668,2038,401352,46,12716,5907,"East TN",2455501,402.850579168976,0.183571315664682,270.291072982662,68.4992594179355,638.077524708807,18.3571315664682
2021-09-30,423608,1210,328918,760,94690,450,361076,820,2272775,4672,2633851,5492,11,5389,-804,14864,2003,403355,38,12754,5924,"East TN",2455501,356.302033678667,0.172899438344952,223.661077718967,49.2771128987526,605.334715807487,17.2899438344952
2021-10-01,424981,1373,329889,971,95092,402,362151,1075,2277748,4973,2639899,6048,14,5403,-309,14555,1668,405023,45,12799,5943,"East TN",2455501,349.419527827519,0.171901850860636,246.304114720377,55.9152694297416,592.750725819293,17.1901850860636
2021-10-02,425535,554,330240,351,95295,203,362546,395,2280418,2670,2642964,3065,11,5414,-464,14091,1007,406030,18,12817,5965,"East TN",2455501,343.473694370314,0.169678083366688,124.821777714609,22.5615872280239,573.854378393656,16.9678083366688
2021-10-03,426074,539,330705,465,95369,74,363070,524,2283510,3092,2646580,3616,13,5427,-355,13736,881,406911,14,12831,5984,"East TN",2455501,330.401005741802,0.169282511210762,147.261190282553,21.9507139276262,559.397043617575,16.9282511210762
2021-10-04,427426,1352,331564,859,95862,493,364011,941,2287648,4138,2651659,5079,22,5449,-630,13106,1960,408871,29,12860,5997,"East TN",2455501,326.002717978938,0.167053566246881,206.841699514682,55.0600468091848,533.740365000869,16.7053566246881
2021-10-05,428691,1265,332317,753,96374,512,364825,814,2292110,4462,2656935,5276,17,5466,-458,12648,1706,410577,40,12900,6021,"East TN",2455501,324.780971378142,0.162099224718144,214.864502193239,51.5169816668778,515.088366895391,16.2099224718144
2021-10-06,429628,937,333024,707,96604,230,365606,781,2296531,4421,2662137,5202,18,5484,-421,12227,1340,411917,25,12925,6043,"East TN",2455501,294.44093079172,0.158387115874238,211.850860577943,38.1592188315134,497.943189597561,15.8387115874238
2021-10-07,430742,1114,333812,788,96930,326,366462,856,2301315,4784,2667777,5640,24,5508,-394,11833,1484,413401,26,12951,6064,"East TN",2455501,290.531341669175,0.158757295289748,229.688360949558,45.367523776207,481.897584240446,15.8757295289748
2021-10-08,431801,1059,334398,586,97403,473,367105,643,2305562,4247,2672667,4890,9,5517,-125,11708,1175,414576,29,12980,6079,"East TN",2455501,277.743727247515,0.15118408203125,199.14469592967,43.1276550080819,476.806973403798,15.118408203125
2021-10-09,432342,541,334753,355,97589,186,367522,417,2308371,2809,2675893,3226,4,5521,-284,11424,821,415397,30,13010,6099,"East TN",2455501,277.214303720503,0.151113000698472,131.378484472212,22.0321637010125,465.241105582934,15.1113000698472
2021-10-10,432662,320,335021,268,97641,52,367832,310,2310604,2233,2678436,2543,6,5527,-527,10897,841,416238,15,13025,6112,"East TN",2455501,268.295553534696,0.149485183324962,103.563386860767,13.0319637418189,443.779090295626,14.9485183324962
2021-10-11,433882,1220,335557,536,98325,684,368380,548,2314050,3446,2682430,3994,52,5579,-289,10608,1457,417695,31,13056,6118,"East TN",2455501,262.919868491196,0.141984335900686,162.655197452577,49.6843617656845,432.009598041296,14.1984335900686
2021-10-12,434820,938,336195,638,98625,300,369385,1005,2317694,3644,2687079,4649,29,5608,-367,10241,1276,418971,31,13087,6139,"East TN",2455501,249.602830542525,0.151273885350318,189.329998236612,38.1999437182066,417.063564624897,15.1273885350318
2021-10-13,435672,852,336740,545,98932,307,370034,649,2321559,3865,2691593,4514,25,5633,-425,9816,1252,420223,37,13124,6155,"East TN",2455501,246.141215173604,0.150325909831613,183.832138533033,34.6976034625928,399.755487780294,15.0325909831613
2021-10-14,436623,951,337392,652,99231,299,370757,723,2325562,4003,2696319,4726,31,5664,-180,9636,1100,421323,30,13154,6172,"East TN",2455501,239.503058642615,0.150479994394226,192.465814511988,38.729367245218,392.425008175521,15.0479994394226
2021-10-15,437424,801,337900,508,99524,293,371333,576,2329456,3894,2700789,4470,24,5688,-311,9325,1088,422411,29,13183,6184,"East TN",2455501,228.996037875774,0.150344925680962,182.040243518532,32.6206342412404,379.759568413941,15.0344925680962
2021-10-16,437731,307,338139,239,99592,68,371604,271,2331686,2230,2703290,2501,7,5695,-383,8942,683,423094,10,13193,6192,"East TN",2455501,219.466414389569,0.148994415446947,101.852941619653,12.5025402148075,364.161936810451,14.8994415446947
2021-10-17,437983,252,338349,210,99634,42,371851,247,2333349,1663,2705200,1910,7,5702,-439,8503,684,423778,13,13206,6198,"East TN",2455501,216.697122094432,0.150164399940218,77.7845335839814,10.2626714466824,346.283711552144,15.0164399940218
2021-10-18,438773,790,338813,464,99960,326,372367,516,2336540,3191,2708907,3707,23,5725,-486,8017,1253,425031,37,13243,6211,"East TN",2455501,199.185420816363,0.150583525323866,150.967154971633,32.1726604876154,326.491416619256,15.0583525323866
2021-10-19,439605,832,339253,440,100352,392,372841,474,2339868,3328,2712709,3802,25,5750,-279,7738,1086,426117,21,13264,6218,"East TN",2455501,194.868582826885,0.134841982052282,154.836019207486,33.8831057287291,315.129173231858,13.4841982052282
2021-10-20,440368,763,339741,488,100627,275,373382,541,2343889,4021,2717271,4562,15,5765,-225,7513,973,427090,19,13283,6229,"East TN",2455501,191.244067911192,0.130383986291767,185.786933094305,31.0730885468994,305.966073725891,13.0383986291767
2021-10-21,440996,628,340162,421,100834,207,373852,470,2347527,3638,2721379,4108,17,5782,-253,7260,864,427954,19,13302,6238,"East TN",2455501,178.089929509294,0.123503591380686,167.2978345356,25.5752288433196,295.662677392516,12.3503591380686
2021-10-22,441542,546,340499,337,101043,209,374238,386,2350631,3104,2724869,3490,6,5788,-323,6937,863,428817,17,13319,6245,"East TN",2455501,167.705083402532,0.120639534883721,142.129854559212,22.2357881344785,282.508538990617,12.0639534883721
2021-10-23,441901,359,340742,243,101159,116,374511,273,2353016,2385,2727527,2658,0,5788,-191,6746,550,429367,14,13333,6256,"East TN",2455501,169.822777510577,0.119940586706276,108.246748830483,14.6202343228531,274.730085632219,11.9940586706276
2021-10-24,442145,244,340905,163,101240,81,374707,196,2354913,1897,2729620,2093,7,5795,-303,6443,540,429907,14,13347,6261,"East TN",2455501,169.496978417032,0.116953316953317,85.2371878488341,9.9368723531369,262.390444964184,11.6953316953317
2021-10-25,442568,423,341153,248,101415,175,374978,271,2357344,2431,2732322,2702,28,5823,-496,5947,891,430798,20,13367,6267,"East TN",2455501,154.550945000633,0.111509715994021,110.038643844983,17.2266270712168,242.190901164365,11.1509715994021
2021-10-26,443095,527,341478,325,101617,202,375316,338,2359984,2640,2735300,2978,12,5835,-232,5715,747,431545,27,13394,6274,"East TN",2455501,142.129854559212,0.109556903191536,121.278712572302,21.462015287308,232.742727451547,10.9556903191536
2021-10-27,443716,621,341868,390,101848,231,375740,424,2364181,4197,2739921,4621,10,5845,-96,5619,707,432252,19,13413,6288,"East TN",2455501,136.34692064878,0.104105960264901,188.189701409203,25.2901546364673,228.833138329001,10.4105960264901
2021-10-28,444132,416,342121,253,102011,163,376031,291,2366978,2797,2743009,3088,16,5861,-208,5411,608,432860,15,13428,6299,"East TN",2455501,127.713244669825,0.100739713361073,125.758450108552,16.9415528643645,220.362361896819,10.0739713361073
2021-10-29,444592,460,342426,305,102166,155,376364,333,2370496,3518,2746860,3851,4,5865,-156,5255,612,433472,10,13438,6306,"East TN",2455501,124.210904414211,0.0966759128734482,156.831538655452,18.7334478788646,214.009279572682,9.66759128734482
2021-10-30,444855,263,342626,200,102229,63,376593,229,2373070,2574,2749663,2803,0,5865,-151,5104,414,433886,15,13453,6313,"East TN",2455501,120.301315291666,0.0940549331405855,114.151857400995,10.7106452003074,207.859821682011,9.40549331405855
2021-10-31,445026,171,342752,126,102274,45,376739,146,2374695,1625,2751434,1771,0,5865,-226,4878,397,434283,4,13457,6320,"East TN",2455501,117.328398563063,0.0931511873109013,72.1237743336289,6.96395562453446,198.655997289352,9.31511873109013
2021-11-01,445621,595,343110,358,102511,237,377129,390,2377813,3118,2754942,3508,14,5879,-189,4689,770,435053,21,13478,6326,"East TN",2455501,124.333079074291,0.0950928381962865,142.862902519689,24.2313075824445,190.95899370434,9.50928381962865
2021-11-02,446033,412,343326,216,102707,196,377354,225,2380024,2211,2757378,2436,25,5904,-190,4499,577,435630,14,13492,6340,"East TN",2455501,119.649717104575,0.0923090859679319,99.2058239845962,16.7786533175918,183.221265232635,9.23090859679319
2021-11-03,446607,574,343701,375,102906,199,377747,393,2384602,4578,2762349,4971,6,5910,82,4581,486,436116,13,13505,6347,"East TN",2455501,117.735647429995,0.0894863563402889,202.443411751818,23.3760849618876,186.560705941476,8.94863563402889
2021-11-04,447027,420,344001,300,103026,120,378077,330,2388138,3536,2766215,3866,13,5923,-71,4510,478,436594,8,13513,6351,"East TN",2455501,117.898546976768,0.0881668533999828,157.442411955849,17.1044524111373,183.66923898626,8.81668533999828
2021-11-05,447461,434,344284,283,103177,151,378401,324,2391720,3582,2770121,3906,2,5925,21,4531,411,437005,13,13526,6353,"East TN",2455501,116.839699922745,0.0875714715618417,159.071407423577,17.6746008248419,184.524461606817,8.75714715618417
2021-11-06,447694,233,344454,170,103240,63,378589,188,2393960,2240,2772549,2428,0,5925,-87,4444,320,437325,13,13539,6358,"East TN",2455501,115.617953321949,0.0872148911998602,98.8800248910507,9.48889859951187,180.98139646451,8.72148911998602
2021-11-07,447893,199,344579,125,103314,74,378743,154,2395862,1902,2774605,2056,6,5931,-126,4318,319,437644,6,13545,6365,"East TN",2455501,116.758250149359,0.0864874196193518,83.7303670411863,8.10425245194362,175.850060741169,8.64874196193518
2021-11-08,448435,542,344924,345,103511,197,379129,386,2399395,3533,2778524,3919,25,5956,-28,4290,545,438189,24,13569,6372,"East TN",2455501,114.59983115462,0.0848104486472733,159.600830950588,22.0728885877057,174.709763913759,8.48104486472733
2021-11-09,449304,869,345538,614,103766,255,379930,801,2406671,7276,2786601,8077,10,5966,419,4709,440,438629,23,13592,6384,"East TN",2455501,133.211104373405,0.0881497450638196,328.934909820847,35.3899265363769,191.773491438203,8.81497450638196
2021-11-10,449933,629,345973,435,103960,194,380432,502,2411923,5252,2792355,5754,7,5973,178,4887,444,439073,25,13617,6391,"East TN",2455501,135.45097314153,0.0894821035792841,234.330998032581,25.6159537300127,199.02252126959,8.94821035792841
2021-11-11,450439,506,346353,380,104086,126,380836,404,2416213,4290,2797049,4694,5,5978,86,4973,415,439488,9,13626,6399,"East TN",2455501,138.953313397144,0.0894791463968347,191.162618137806,20.6067926667511,202.524861525204,8.94791463968347
2021-11-12,450923,484,346673,320,104250,164,381168,332,2419663,3450,2800831,3782,2,5980,122,5095,360,439848,19,13645,6405,"East TN",2455501,140.989557731803,0.0901009443178118,154.021521473622,19.7108451595011,207.493297701772,9.01009443178118
2021-11-13,451161,238,346813,140,104348,98,381317,149,2421662,1999,2802979,2148,4,5984,-100,4995,334,440182,10,13655,6410,"East TN",2455501,141.193182165269,0.0896483733158068,87.4770566169592,9.69252303297779,203.420809032454,8.96483733158068
2021-11-14,451522,361,347127,314,104395,47,381661,344,2424641,2979,2806302,3323,1,5985,58,5053,302,440484,12,13667,6415,"East TN",2455501,147.790613809565,0.0920591854118686,135.32879848145,14.7016840962394,205.782852460659,9.20591854118686
2021-11-15,452099,577,347414,287,104685,290,381962,301,2427409,2768,2809371,3069,26,6011,-30,5023,581,441065,18,13685,6416,"East TN",2455501,149.215984843826,0.0918403734560897,124.984677261382,23.4982596219672,204.561105859863,9.18403734560897
2021-11-16,452771,672,347841,427,104930,245,382422,460,2431016,3607,2813438,4067,24,6035,180,5203,468,441533,13,13698,6421,"East TN",2455501,141.193182165269,0.0928568767000783,165.628114181179,27.3671238578196,211.891585464636,9.28568767000782
2021-11-17,453485,714,348305,464,105180,250,382931,509,2435662,4646,2818593,5155,5,6040,300,5503,409,441942,26,13724,6426,"East TN",2455501,144.65479753419,0.0952435399039561,209.936790903364,29.0775690989334,224.109051472592,9.52435399039561
2021-11-18,454113,628,348714,409,105399,219,383409,478,2440525,4863,2823934,5341,12,6052,180,5683,436,442378,19,13743,6431,"East TN",2455501,149.623233710758,0.0957039241212572,217.511619828296,25.5752288433196,231.439531077365,9.57039241212572
2021-11-19,454726,613,349152,438,105574,175,383869,460,2444999,4474,2828868,4934,7,6059,213,5896,393,442771,13,13756,6434,"East TN",2455501,154.876744094179,0.0963369832721047,200.93659094417,24.9643555429218,240.113931943013,9.63369832721047
2021-11-20,455047,321,349397,245,105650,76,384156,287,2447703,2704,2831859,2991,0,6059,21,5917,300,443071,14,13770,6439,"East TN",2455501,158.256909689713,0.098303324099723,121.808136099313,13.0726886285121,240.96915456357,9.8303324099723
2021-11-21,455311,264,349549,152,105762,112,384320,164,2449187,1484,2833507,1648,9,6068,-94,5823,349,443420,9,13779,6446,"East TN",2455501,154.306595680474,0.0977393861422533,67.1146132703672,10.7513700870006,237.14101521441,9.77393861422533
2021-11-22,456066,755,350042,493,106024,262,384832,512,2453055,3868,2837887,4380,21,6089,155,5978,579,443999,38,13817,6450,"East TN",2455501,161.555625511861,0.10064525178847,178.375003716146,30.7472894533539,243.453372651854,10.064525178847
2021-11-23,456744,678,350506,464,106238,214,385322,490,2456356,3301,2841678,3791,21,6110,121,6099,536,444535,17,13834,6453,"East TN",2455501,161.79997483202,0.102691218130312,154.388045453861,27.6114731779788,248.381083941729,10.2691218130312
2021-11-24,457480,736,351031,525,106449,211,385895,573,2460384,4028,2846279,4601,6,6116,255,6354,475,445010,20,13854,6457,"East TN",2455501,162.69592233927,0.107057718702593,187.37520367534,29.9735166061834,258.765930048491,10.7057718702593
2021-11-25,457766,286,351188,157,106578,129,386068,173,2462020,1636,2848088,1809,1,6117,-199,6155,484,445494,8,13862,6462,"East TN",2455501,148.768011090201,0.11008528608098,73.6713200279699,11.6473175942506,250.661677596548,11.008528608098
2021-11-26,457998,232,351390,202,106608,30,386311,243,2463697,1677,2850008,1920,1,6118,-289,5866,520,446014,16,13878,6464,"East TN",2455501,133.251829260098,0.115515610217597,78.1917824509133,9.44817371281869,238.892185342217,11.5515610217597
2021-11-27,458282,284,351615,225,106667,59,386565,254,2465292,1595,2851857,1849,0,6118,-97,5769,381,446395,12,13890,6471,"East TN",2455501,131.74500845245,0.12046204620462,75.3003154956972,11.5658678208643,234.941871332978,12.046204620462
2021-11-28,458596,314,351825,210,106771,104,386782,217,2466802,1510,2853584,1727,7,6125,-112,5657,419,446814,17,13907,6477,"East TN",2455501,133.781252787109,0.122627882651791,70.3318793191288,12.7876144216598,230.380684023342,12.2627882651791
2021-11-29,459695,1099,352529,704,107166,395,387520,738,2471350,4548,2858870,5286,19,6144,434,6091,646,447460,30,13937,6481,"East TN",2455501,147.790613809565,0.128103702997665,215.271751060171,44.7566504758092,248.055284848184,12.8103702997665
2021-11-30,460533,838,353029,500,107504,338,388025,505,2474717,3367,2862742,3872,64,6208,187,6278,587,448047,22,13959,6489,"East TN",2455501,154.306595680474,0.128323205469047,157.686761276008,34.1274550488882,255.670838659809,12.8323205469047
2021-12-01,461615,1082,353790,761,107825,321,388828,803,2479890,5173,2868718,5976,48,6256,499,6777,535,448582,22,13981,6500,"East TN",2455501,168.397406476316,0.130709924684701,243.371922878468,44.0643274020251,275.992557119708,13.0709924684701
2021-12-02,462517,902,354409,619,108108,283,389493,665,2484551,4661,2874044,5326,39,6295,279,7056,584,449166,13,13994,6510,"East TN",2455501,193.483936679317,0.131954076128833,216.900746527898,36.733847797252,287.354800507106,13.1954076128833
2021-12-03,463535,1018,355139,730,108396,288,390275,782,2489529,4978,2879804,5760,21,6316,520,7576,477,449643,15,14009,6515,"East TN",2455501,225.49369762016,0.133037991676735,234.57534735274,41.4579346536613,308.531741587562,13.3037991676735
2021-12-04,463958,423,355469,330,108489,93,390656,381,2492281,2752,2882937,3133,3,6319,29,7605,391,450034,18,14027,6521,"East TN",2455501,231.154456870512,0.131628056628057,127.591070009745,17.2266270712168,309.712763301664,13.1628056628057
2021-12-05,464343,385,355677,208,108666,177,390887,231,2494213,1932,2885100,2163,12,6331,-25,7580,398,450432,8,14035,6525,"East TN",2455501,234.045923825728,0.130251300926514,88.087929917357,15.6790813768758,308.694641134335,13.0251300926514
2021-12-06,465297,954,356319,642,108978,312,391577,690,2498397,4184,2889974,4874,69,6400,146,7726,739,451171,19,14054,6534,"East TN",2455501,228.140815255217,0.130433384773663,198.493097742579,38.8515419052975,314.64047459154,13.0433384773663
2021-12-07,466138,841,356849,530,109289,311,392117,540,2501874,3477,2893991,4017,8,6408,223,7949,610,451781,12,14066,6538,"East TN",2455501,228.262989915296,0.130948190342091,163.59186984652,34.2496297089677,323.72212432412,13.0948190342091
2021-12-08,467187,1049,357472,623,109715,426,392774,657,2506490,4616,2899264,5273,5,6413,465,8414,579,452360,16,14082,6546,"East TN",2455501,226.919068654421,0.129182216984221,214.742327533159,42.72040614115,342.65919663645,12.9182216984221
2021-12-09,468105,918,358081,609,110024,309,393438,664,2511467,4977,2904905,5641,19,6432,574,8988,325,452685,17,14099,6556,"East TN",2455501,227.570666841512,0.127831243316808,229.729085836251,37.3854459843429,366.035281598338,12.7831243316808
2021-12-10,468899,794,358622,541,110277,253,394038,600,2515977,4510,2910015,5110,5,6437,205,9193,584,453269,12,14111,6561,"East TN",2455501,218.448292222239,0.124557280460759,208.10417100217,32.3355600343881,374.38388337044,12.4557280460759
2021-12-11,469296,397,358905,283,110391,114,394362,324,2518899,2922,2913261,3246,0,6437,-106,9087,503,453772,7,14118,6567,"East TN",2455501,217.389445168216,0.122213428307611,132.192982206075,16.167780017194,370.067045380963,12.2213428307611
2021-12-12,469728,432,359163,258,110565,174,394656,294,2521418,2519,2916074,2813,9,6446,-48,9039,471,454243,10,14128,6571,"East TN",2455501,219.303514842796,0.121682701620714,114.559106267927,17.5931510514555,368.11225081969,12.1682701620714
2021-12-13,470612,884,359730,567,110882,317,395259,603,2526020,4602,2921279,5205,24,6470,-147,8892,1007,455250,11,14139,6577,"East TN",2455501,216.452772774273,0.117616994090401,211.973035238023,36.0007998367747,362.125692475792,11.7616994090401
2021-12-14,471370,758,360180,450,111190,308,395741,482,2530043,4023,2925784,4505,36,6506,-140,8752,862,456112,10,14149,6581,"East TN",2455501,213.072607178739,0.113987355707231,183.465614552794,30.8694641134335,356.424208338746,11.3987355707231
2021-12-15,472240,870,360762,582,111478,288,396370,629,2534846,4803,2931216,5432,19,6525,-9,8743,860,456972,12,14161,6587,"East TN",2455501,205.782852460659,0.112543815723585,221.217584517375,35.4306514230701,356.057684358508,11.2543815723585
2021-12-16,473039,799,361260,498,111779,301,396914,544,2538666,3820,2935580,4364,19,6544,-49,8694,829,457801,12,14173,6594,"East TN",2455501,200.93659094417,0.113317033414833,177.723405529055,32.539184467854,354.062164910542,11.3317033414833
2021-12-17,473851,812,361790,530,112061,282,397497,583,2543334,4668,2940831,5251,24,6568,38,8732,750,458551,9,14182,6601,"East TN",2455501,201.669638904647,0.112246884735202,213.846380025909,33.0686079948654,355.609710604883,11.2246884735202
2021-12-18,474420,569,362158,368,112262,201,397920,423,2546680,3346,2944600,3769,0,6568,32,8764,537,459088,4,14186,6605,"East TN",2455501,208.674319415875,0.113532658987204,153.49209794661,23.1724605284217,356.912906979065,11.3532658987204
2021-12-19,474841,421,362431,273,112410,148,398231,311,2549344,2664,2947575,2975,6,6574,-140,8624,555,459643,5,14191,6610,"East TN",2455501,208.22634566225,0.113488460683788,121.156537912222,17.1451772978305,351.211422842019,11.3488460683788
2021-12-20,475747,906,363021,590,112726,316,398849,618,2553306,3962,2952155,4580,40,6614,-6,8618,872,460515,0,14191,6611,"East TN",2455501,209.1222931695,0.116271537763959,186.519981054783,36.8967473440247,350.96707352186,11.6271537763959
