"DATE","TOTAL_CASES","NEW_CASES","TOTAL_CONFIRMED","NEW_CONFIRMED","TOTAL_PROBABLE","NEW_PROBABLE","POS_TESTS","NEW_POS_TESTS","NEG_TESTS","NEW_NEG_TESTS","TOTAL_TESTS","NEW_TESTS","NEW_DEATHS","TOTAL_DEATHS","NEW_HOSPITALIZED","TOTAL_HOSPITALIZED","TOTAL_DEATHS_BY_DOD","NEW_DEATHS_BY_DOD","Region","Population","New_cases_per_100k_per_week","PositivityRate_per_week","Tests_per_100k","New_cases_per_100k","PositivityPercentage_per_week"
2022-06-04,130609,86,100597,71,30012,15,108693,74,562115,300,670808,374,0,1401,0,2761,1404,1,"Knox County",470313,NA,NA,79.521510143245,18.2856948457729,NA
2022-06-03,130523,132,100526,89,29997,43,108619,95,561815,346,670434,441,0,1401,0,2761,1403,1,"Knox County",470313,NA,NA,93.7673421742542,28.0664153446747,NA
2022-06-02,130391,115,100437,88,29954,27,108524,96,561469,284,669993,380,0,1401,0,2761,1402,0,"Knox County",470313,NA,NA,80.7972562952757,24.4518012472545,NA
2022-06-01,130276,169,100349,90,29927,79,108428,104,561185,303,669613,407,1,1401,1,2761,1402,0,"Knox County",470313,NA,NA,86.5381139794137,35.9335166155305,NA
2022-05-31,130107,129,100259,92,29848,37,108324,96,560882,214,669206,310,0,1400,2,2760,1402,0,"Knox County",470313,NA,NA,65.9135511882512,27.4285422686594,NA
2022-05-30,129978,58,100167,32,29811,26,108228,36,560668,118,668896,154,0,1400,3,2758,1402,0,"Knox County",470313,NA,NA,32.7441512354538,12.3322128029631,NA
2022-05-29,129920,56,100135,43,29785,13,108192,46,560550,200,668742,246,0,1400,0,2755,1402,1,"Knox County",470313,158.405147210475,0.23659169550173,52.3055922332574,11.9069640856196,23.659169550173
2022-05-28,129864,69,100092,55,29772,14,108146,58,560350,229,668496,287,0,1400,0,2755,1401,0,"Knox County",470313,154.790533113054,0.238651685393258,61.0231909388003,14.6710807483527,23.8651685393258
2022-05-27,129795,98,100037,66,29758,32,108088,67,560121,417,668209,484,2,1400,2,2755,1401,0,"Knox County",470313,147.561304918214,0.221781305114638,102.910189597141,20.8371871498343,22.1781305114638
2022-05-26,129697,102,99971,78,29726,24,108021,82,559704,367,667725,449,1,1398,3,2753,1401,0,"Knox County",470313,144.797188255481,0.209242618741977,95.4683370436284,21.6876845845214,20.9242618741977
2022-05-25,129595,108,99893,79,29702,29,107939,86,559337,264,667276,350,2,1397,0,2750,1401,0,"Knox County",470313,131.827102376502,0.206578947368421,74.4185255351224,22.963430736552,20.6578947368421
2022-05-24,129487,106,99814,68,29673,38,107853,73,559073,281,666926,354,0,1395,1,2750,1401,0,"Knox County",470313,126.936742127052,0.192771084337349,75.2690229698095,22.5381820192085,19.2771084337349
2022-05-23,129381,107,99746,71,29635,36,107780,70,558792,337,666572,407,1,1395,2,2749,1401,0,"Knox County",470313,137.355335701969,0.187039192859915,86.5381139794137,22.7508063778803,18.7039192859915
2022-05-22,129274,47,99675,38,29599,9,107710,40,558455,180,666165,220,1,1394,2,2747,1401,0,"Knox County",470313,135.441716473923,0.186593492747942,46.7773589077912,9.99334485757357,18.6593492747942
2022-05-21,129227,55,99637,45,29590,10,107670,49,558275,208,665945,257,0,1393,3,2745,1401,0,"Knox County",470313,132.464975452518,0.185243950813169,54.644460178647,11.6943397269478,18.5243950813169
2022-05-20,129172,87,99592,59,29580,28,107621,63,558067,225,665688,288,0,1393,1,2742,1401,0,"Knox County",470313,130.126107507128,0.199139784946237,61.2358152974721,18.4983192044447,19.9139784946237
2022-05-19,129085,95,99533,67,29552,28,107558,69,557842,254,665400,323,6,1393,1,2741,1401,0,"Knox County",470313,128.637736996426,0.204638472032742,68.6776678509843,20.1993140738189,20.4638472032742
2022-05-18,128990,82,99466,54,29524,28,107489,56,557588,239,665077,295,1,1387,1,2740,1401,0,"Knox County",470313,123.10950367096,0.19589552238806,62.7241858081746,17.4351974110858,19.589552238806
2022-05-17,128908,80,99412,51,29496,29,107433,54,557349,315,664782,369,2,1386,0,2739,1401,0,"Knox County",470313,117.581270345493,0.185734136174155,78.4583883498861,17.0099486937423,18.5734136174155
2022-05-16,128828,64,99361,39,29467,25,107379,39,557034,254,664413,293,0,1384,1,2739,1401,1,"Knox County",470313,108.438422922607,0.180929095354523,62.298937090831,13.6079589549938,18.0929095354523
2022-05-15,128764,39,99322,25,29442,14,107340,27,556780,174,664120,201,0,1384,1,2738,1400,0,"Knox County",470313,106.737428053233,0.176209279368213,42.7374960930274,8.29234998819935,17.6209279368213
2022-05-14,128725,29,99297,21,29428,8,107313,22,556606,145,663919,167,0,1384,1,2737,1400,0,"Knox County",470313,101.209194727766,0.170454545454545,35.508267898187,6.16610640148157,17.0454545454545
2022-05-13,128696,77,99276,55,29420,22,107291,58,556461,251,663752,309,-3,1384,0,2736,1400,1,"Knox County",470313,99.0829511410486,0.166070516096065,65.7009268295794,16.3720756177269,16.6070516096065
2022-05-12,128619,72,99221,45,29398,27,107233,49,556210,301,663443,350,1,1387,0,2736,1399,1,"Knox County",470313,94.1925908915977,0.153729838709677,74.4185255351224,15.308953824368,15.3729838709677
2022-05-11,128547,48,99176,33,29371,15,107184,35,555909,177,663093,212,0,1386,0,2736,1398,0,"Knox County",470313,86.9633626967573,0.149395055234087,45.076364038417,10.2059692162454,14.9395055234087
2022-05-10,128499,78,99143,40,29356,38,107149,43,555732,322,662881,365,1,1386,3,2736,1398,0,"Knox County",470313,86.5381139794137,0.143911439114391,77.607890915199,16.5846999763987,14.3911439114391
2022-05-09,128421,54,99103,31,29318,23,107106,32,555410,181,662516,213,0,1385,1,2733,1398,0,"Knox County",470313,84.4118703926959,0.146395156851954,45.2889883970888,11.481715368276,14.6395156851954
2022-05-08,128367,31,99072,23,29295,8,107074,24,555229,133,662303,157,0,1385,0,2732,1398,0,"Knox County",470313,82.7108755233217,0.148336153412296,33.3820243114692,6.59135511882512,14.8336153412296
2022-05-07,128336,17,99049,10,29287,7,107050,13,555096,174,662146,187,0,1385,0,2732,1398,0,"Knox County",470313,80.1593832192604,0.141662018962632,39.7607550716225,3.61461409742023,14.1662018962632
2022-05-06,128319,51,99039,30,29280,21,107037,34,554922,209,661959,243,0,1385,1,2732,1398,1,"Knox County",470313,74.6311498937941,0.13317892298784,51.6677191572421,10.8438422922607,13.317892298784
2022-05-05,128268,48,99009,31,29259,17,107003,34,554713,185,661716,219,1,1385,0,2731,1397,0,"Knox County",470313,69.5281652856715,0.134711779448622,46.5647345491194,10.2059692162454,13.4711779448622
2022-05-04,128220,54,98978,35,29242,19,106969,38,554528,249,661497,287,1,1384,0,2731,1397,0,"Knox County",470313,70.8039114377021,0.130460801915021,61.0231909388003,11.481715368276,13.0460801915021
2022-05-03,128166,34,98943,21,29223,13,106931,24,554279,145,661210,169,0,1383,0,2731,1397,1,"Knox County",470313,61.4484396561439,0.134915254237288,35.9335166155305,7.22922819484046,13.4915254237288
2022-05-02,128132,38,98922,29,29210,9,106907,32,554134,190,661041,222,3,1383,2,2731,1396,0,"Knox County",470313,58.0464499173954,0.134097035040431,47.2026076251348,8.07972562952757,13.4097035040431
2022-05-01,128094,14,98893,9,29201,5,106875,9,553944,82,660819,91,0,1380,0,2729,1396,0,"Knox County",470313,54.4318358199752,0.129760225669958,19.3488166391318,2.97674102140489,12.9760225669958
2022-04-30,128080,18,98884,14,29196,4,106866,15,553862,141,660728,156,0,1380,0,2729,1396,0,"Knox County",470313,54.644460178647,0.134102379235761,33.1693999527974,3.82723845609201,13.4102379235761
2022-04-29,128062,24,98870,13,29192,11,106851,13,553721,200,660572,213,0,1380,0,2729,1396,1,"Knox County",470313,48.903602494509,0.121591746499632,45.2889883970888,5.10298460812268,12.1591746499632
2022-04-28,128038,32,98857,25,29181,7,106838,26,553521,226,660359,252,1,1380,0,2729,1395,0,"Knox County",470313,45.5016127557605,0.11294964028777,53.5813383852881,6.8039794774969,11.294964028777
2022-04-27,128006,34,98832,24,29174,10,106812,26,553295,181,660107,207,0,1379,0,2729,1395,0,"Knox County",470313,41.249125582325,0.110687022900763,44.0132422450581,7.22922819484046,11.0687022900763
2022-04-26,127972,41,98808,21,29164,20,106786,21,553114,240,659900,261,0,1379,0,2729,1395,0,"Knox County",470313,42.7374960930274,0.101283880171184,55.4949576133341,8.7175987055429,10.1283880171184
2022-04-25,127931,61,98787,16,29144,45,106765,17,552874,101,659639,118,0,1379,2,2729,1395,1,"Knox County",470313,47.6278563424783,0.0978428351309707,25.0896743232698,12.9700858789785,9.78428351309707
2022-04-24,127870,15,98771,11,29099,4,106748,12,552773,148,659521,160,1,1379,0,2727,1394,1,"Knox County",470313,47.8404807011501,0.0950987564008778,34.0198973874845,3.18936538007667,9.50987564008778
2022-04-23,127855,12,98760,5,29095,7,106736,7,552625,197,659361,204,0,1378,0,2727,1393,0,"Knox County",470313,46.5647345491194,0.0862190812720848,43.3753691690427,2.55149230406134,8.62190812720848
2022-04-22,127843,25,98755,18,29088,7,106729,20,552428,210,659157,230,0,1378,0,2727,1393,0,"Knox County",470313,46.7773589077912,0.0900837988826816,48.903602494509,5.31560896679445,9.00837988826816
2022-04-21,127818,32,98737,23,29081,9,106709,23,552218,231,658927,254,0,1378,0,2727,1393,0,"Knox County",470313,46.7773589077912,0.0878661087866109,54.0065871026317,6.8039794774969,8.78661087866109
2022-04-20,127786,55,98714,32,29072,23,106686,34,551987,247,658673,281,1,1378,0,2727,1393,0,"Knox County",470313,51.2424704398985,0.0888594164456233,59.7474447867697,11.6943397269478,8.88594164456233
2022-04-19,127731,30,98682,16,29049,14,106652,17,551740,151,658392,168,0,1377,0,2727,1393,0,"Knox County",470313,48.903602494509,0.0918727915194346,35.7208922568587,6.37873076015334,9.18727915194346
2022-04-18,127701,38,98666,21,29035,17,106635,21,551589,117,658224,138,0,1377,1,2727,1393,0,"Knox County",470313,44.0132422450581,0.0933797909407666,29.3421614967054,8.07972562952757,9.33797909407665
2022-04-17,127663,16,98645,9,29018,7,106614,9,551472,101,658086,110,0,1377,0,2726,1393,1,"Knox County",470313,44.2258666037299,0.0945848375451264,23.3886794538956,3.40198973874845,9.45848375451263
2022-04-16,127647,10,98636,10,29011,0,106605,12,551371,126,657976,138,0,1377,0,2726,1392,0,"Knox County",470313,43.8006178863863,0.103108415466262,29.3421614967054,2.12624358671778,10.3108415466262
2022-04-15,127637,18,98626,13,29011,5,106593,13,551245,198,657838,211,0,1377,0,2726,1392,0,"Knox County",470313,42.3122473756839,0.0992307692307692,44.8637396797452,3.82723845609201,9.92307692307692
2022-04-14,127619,18,98613,5,29006,13,106580,6,551047,158,657627,164,1,1377,0,2726,1392,1,"Knox County",470313,39.335506354279,0.0925619834710744,34.8703948221716,3.82723845609201,9.25619834710744
2022-04-13,127601,40,98608,26,28993,14,106574,28,550889,209,657463,237,-1,1376,0,2726,1391,1,"Knox County",470313,36.1461409742023,0.0909090909090909,50.3919730052114,8.50497434687113,9.09090909090909
2022-04-12,127561,23,98582,6,28979,17,106546,8,550680,192,657226,200,5,1377,0,2726,1390,0,"Knox County",470313,34.6577704634998,0.0809682804674457,42.5248717343556,4.8903602494509,8.09682804674457
2022-04-11,127538,22,98576,13,28962,9,106538,13,550488,173,657026,186,1,1372,2,2726,1390,1,"Knox County",470313,31.2557807247514,0.0714285714285714,39.5481307129507,4.67773589077912,7.14285714285714
2022-04-10,127516,9,98563,7,28953,2,106525,7,550315,110,656840,117,0,1371,1,2724,1389,0,"Knox County",470313,29.7674102140489,0.0694333599361532,24.877049964598,1.913619228046,6.94333599361532
2022-04-09,127507,7,98556,5,28951,2,106518,5,550205,148,656723,153,0,1371,0,2723,1389,0,"Knox County",470313,29.1295371380336,0.0630914826498423,32.5315268767821,1.48837051070245,6.30914826498423
2022-04-08,127500,18,98551,15,28949,3,106513,16,550057,176,656570,192,1,1371,0,2723,1389,0,"Knox County",470313,29.1295371380336,0.066453162530024,40.8238768649814,3.82723845609201,6.6453162530024
2022-04-07,127482,16,98536,7,28946,9,106497,10,549881,181,656378,191,5,1370,0,2723,1389,0,"Knox County",470313,28.7042884206901,0.0681818181818182,40.6112525063096,3.40198973874845,6.81818181818182
2022-04-06,127466,21,98529,14,28937,7,106487,16,549700,204,656187,220,-1,1365,0,2723,1389,2,"Knox County",470313,24.6644256059263,0.0595710881652105,46.7773589077912,4.46511153210734,5.95710881652105
2022-04-05,127445,15,98515,12,28930,3,106471,13,549496,198,655967,211,4,1366,0,2723,1387,2,"Knox County",470313,22.963430736552,0.062992125984252,44.8637396797452,3.18936538007667,6.2992125984252
2022-04-04,127430,16,98503,5,28927,11,106458,7,549298,158,655756,165,8,1362,2,2723,1385,0,"Knox County",470313,21.6876845845214,0.0592473979183347,35.0830191808434,3.40198973874845,5.92473979183347
2022-04-03,127414,5,98498,4,28916,1,106451,3,549140,75,655591,78,1,1354,0,2721,1385,1,"Knox County",470313,20.8371871498343,0.0578512396694215,16.5846999763987,1.06312179335889,5.78512396694215
2022-04-02,127409,3,98494,3,28915,0,106448,3,549065,116,655513,119,0,1353,0,2721,1384,1,"Knox County",470313,19.9866897151471,0.0578231292517007,25.3022986819416,0.637873076015334,5.78231292517007
2022-04-01,127406,19,98491,8,28915,11,106445,8,548949,231,655394,239,4,1353,0,2721,1383,0,"Knox County",470313,20.1993140738189,0.0490596892886345,50.817221722555,4.03986281476378,4.90596892886345
2022-03-31,127387,17,98483,7,28904,10,106437,8,548718,238,655155,246,3,1349,0,2721,1383,0,"Knox County",470313,20.4119384324907,0.0453834115805947,52.3055922332574,3.61461409742023,4.53834115805947
2022-03-30,127370,22,98476,10,28894,12,106429,9,548480,256,654909,265,0,1346,1,2721,1383,0,"Knox County",470313,20.6245627911625,0.0385487528344671,56.3454550480212,4.67773589077912,3.85487528344671
2022-03-29,127348,20,98466,8,28882,12,106420,9,548224,192,654644,201,2,1346,0,2720,1383,3,"Knox County",470313,21.6876845845214,0.0357958872810358,42.7374960930274,4.25248717343556,3.57958872810358
2022-03-28,127328,19,98458,12,28870,7,106411,16,548032,332,654443,348,3,1344,0,2720,1380,0,"Knox County",470313,22.3255576605367,0.0374331550802139,73.9932768177788,4.03986281476378,3.74331550802139
2022-03-27,127309,4,98446,3,28863,1,106395,3,547700,73,654095,76,0,1341,0,2720,1380,1,"Knox County",470313,22.1129333018649,0.0374832663989291,16.1594512590551,0.850497434687113,3.7483266398929
2022-03-26,127305,9,98443,6,28862,3,106392,6,547627,166,654019,172,0,1341,1,2720,1379,1,"Knox County",470313,23.3886794538956,0.0381383322559793,36.5713896915458,1.913619228046,3.81383322559793
2022-03-25,127296,15,98437,7,28859,8,106386,8,547461,244,653847,252,0,1341,1,2719,1378,1,"Knox County",470313,22.5381820192085,0.0378205128205128,53.5813383852881,3.18936538007667,3.78205128205128
2022-03-24,127281,57,98430,9,28851,48,106378,10,547217,187,653595,197,1,1341,0,2718,1377,2,"Knox County",470313,31.0431563660796,0.0403706154864328,41.8869986583403,12.1195884442914,4.03706154864328
2022-03-23,127224,11,98421,6,28803,5,106368,6,547030,201,653398,207,0,1340,0,2718,1375,1,"Knox County",470313,28.7042884206901,0.0399174122505162,44.0132422450581,2.33886794538956,3.99174122505162
2022-03-22,127213,16,98415,11,28798,5,106362,11,546829,150,653191,161,0,1340,1,2718,1374,4,"Knox County",470313,27.8537909860029,0.0424628450106157,34.2325217461563,3.40198973874845,4.24628450106157
2022-03-21,127197,13,98404,6,28793,7,106351,6,546679,125,653030,131,7,1340,1,2717,1370,0,"Knox County",470313,26.5780448339723,0.0418060200668896,27.8537909860029,2.76411666273312,4.18060200668896
2022-03-20,127184,12,98398,9,28786,3,106345,11,546554,98,652899,109,1,1333,0,2716,1370,0,"Knox County",470313,28.2790397033465,0.0471928397070789,23.1760550952238,2.55149230406134,4.71928397070789
2022-03-19,127172,11,98389,10,28783,1,106334,11,546456,175,652790,186,0,1332,0,2716,1370,0,"Knox County",470313,28.7042884206901,0.0506838294448914,39.5481307129507,2.33886794538956,5.06838294448914
2022-03-18,127161,24,98379,15,28782,9,106323,14,546281,219,652604,233,0,1332,1,2716,1370,2,"Knox County",470313,30.6179076487361,0.0563725490196078,49.5414755705243,5.10298460812268,5.63725490196078
2022-03-17,127137,37,98364,25,28773,12,106309,31,546062,209,652371,240,1,1332,0,2715,1368,2,"Knox County",470313,26.3654204753005,0.0710339384372533,51.0298460812268,7.86710127085579,7.10339384372533
2022-03-16,127100,23,98339,10,28761,13,106278,13,545853,236,652131,249,3,1331,2,2715,1366,2,"Knox County",470313,28.9169127793618,0.0741023682200153,52.9434653092728,4.8903602494509,7.41023682200153
2022-03-15,127077,55,98329,18,28748,37,106265,19,545617,257,651882,276,1,1328,1,2713,1364,2,"Knox County",470313,37.2092627675612,0.0737359550561798,58.6843229934108,11.6943397269478,7.37359550561798
2022-03-14,127022,21,98311,16,28711,5,106246,22,545360,228,651606,250,10,1327,0,2712,1362,3,"Knox County",470313,38.9102576369354,0.0784186649384316,53.1560896679445,4.46511153210734,7.84186649384316
2022-03-13,127001,6,98295,6,28706,0,106224,10,545132,484,651356,494,2,1317,0,2712,1359,1,"Knox County",470313,37.6345114849047,0.0622406639004149,105.036433183858,1.27574615203067,6.22406639004149
2022-03-12,126995,9,98289,8,28706,1,106214,9,544648,293,650862,302,0,1315,3,2712,1358,2,"Knox County",470313,37.2092627675612,0.0577299412915851,64.212556318877,1.913619228046,5.77299412915851
2022-03-11,126986,20,98281,13,28705,7,106205,15,544355,467,650560,482,9,1315,0,2709,1356,4,"Knox County",470313,36.3587653328741,0.051897078063672,102.484940879797,4.25248717343556,5.1897078063672
2022-03-10,126966,28,98268,20,28698,8,106190,23,543888,459,650078,482,4,1306,1,2709,1352,2,"Knox County",470313,34.4451461048281,0.0437869822485207,102.484940879797,5.95348204280979,4.37869822485207
2022-03-09,126938,64,98248,19,28690,45,106167,23,543429,419,649596,442,1,1302,2,2708,1350,2,"Knox County",470313,43.162744810371,0.0443548387096774,93.9799665329259,13.6079589549938,4.43548387096774
2022-03-08,126874,36,98229,18,28645,18,106144,19,543010,311,649154,330,1,1301,1,2706,1348,3,"Knox County",470313,39.1228819956072,0.0434938892882818,70.1660383616868,7.65447691218401,4.34938892882818
2022-03-07,126838,27,98211,22,28627,5,106125,25,542699,267,648824,292,4,1300,2,2705,1345,0,"Knox County",470313,40.3986281476379,0.0439093484419263,62.0863127321592,5.74085768413801,4.39093484419263
2022-03-06,126811,14,98189,11,28622,3,106100,13,542432,212,648532,225,2,1296,2,2703,1345,0,"Knox County",470313,42.0996230170121,0.049706457925636,47.8404807011501,2.97674102140489,4.9706457925636
2022-03-05,126797,18,98178,10,28619,8,106087,11,542220,266,648307,277,0,1294,1,2701,1345,2,"Knox County",470313,44.0132422450581,0.0509881422924901,58.8969473520825,3.82723845609201,5.09881422924901
2022-03-04,126779,52,98168,28,28611,24,106076,29,541954,380,648030,409,1,1294,1,2700,1343,2,"Knox County",470313,50.817221722555,0.0582010582010582,86.9633626967573,11.0564666509325,5.82010582010582
2022-03-03,126727,45,98140,29,28587,16,106047,34,541574,326,647621,360,8,1293,4,2699,1341,2,"Knox County",470313,54.4318358199752,0.0659528907922912,76.5447691218401,9.56809614023002,6.59528907922912
2022-03-02,126682,37,98111,29,28571,8,106013,36,541248,338,647261,374,-2,1285,1,2695,1339,6,"Knox County",470313,48.6909781358372,0.0736656374062638,79.521510143245,7.86710127085579,7.36656374062638
2022-03-01,126645,92,98082,48,28563,44,105977,60,540910,391,646887,451,3,1287,3,2694,1333,1,"Knox County",470313,60.5979422214568,0.0871021775544389,95.893585760972,19.5614409978036,8.71021775544389
2022-02-28,126553,134,98034,90,28519,44,105917,97,540519,549,646436,646,10,1284,4,2691,1332,5,"Knox County",470313,83.348748599337,0.102115244347192,137.355335701969,28.4916640620183,10.2115244347192
2022-02-27,126419,3,97944,3,28475,0,105820,5,539970,75,645790,80,1,1274,1,2687,1327,5,"Knox County",470313,81.0098806539475,0.104736234116288,17.0099486937423,0.637873076015334,10.4736234116288
2022-02-26,126416,47,97941,33,28475,14,105815,35,539895,275,645710,310,0,1273,2,2686,1322,0,"Knox County",470313,87.175987055429,0.11254752851711,65.9135511882512,9.99334485757357,11.254752851711
2022-02-25,126369,106,97908,66,28461,40,105780,74,539620,406,645400,480,2,1273,5,2684,1322,6,"Knox County",470313,98.6577024237051,0.126249537208441,102.059692162454,22.5381820192085,12.6249537208441
2022-02-24,126263,143,97842,85,28421,58,105706,94,539214,463,644920,557,1,1271,4,2679,1316,3,"Knox County",470313,119.494889573539,0.138371290545204,118.43176778018,30.4052832900643,13.8371290545204
2022-02-23,126120,142,97757,96,28363,46,105612,115,538751,413,644363,528,6,1270,1,2675,1313,4,"Knox County",470313,141.820447234076,0.157273918741809,112.265661378699,30.1926589313925,15.7273918741809
2022-02-22,125978,142,97661,87,28317,55,105497,100,538338,356,643835,456,11,1264,6,2674,1309,3,"Knox County",470313,152.451665167665,0.170101406607785,96.9567075543308,30.1926589313925,17.0101406607785
2022-02-21,125836,73,97574,46,28262,27,105397,50,537982,290,643379,340,0,1253,1,2668,1306,5,"Knox County",470313,139.481579288686,0.171937477280989,72.2922819484046,15.5215781830398,17.1937477280989
2022-02-20,125763,72,97528,48,28235,24,105347,57,537692,289,643039,346,0,1253,1,2667,1301,2,"Knox County",470313,154.152660037039,0.174013921113689,73.5680281004352,15.308953824368,17.4013921113689
2022-02-19,125691,90,97480,54,28211,36,105290,68,537403,322,642693,390,0,1253,1,2666,1299,4,"Knox County",470313,163.295507459926,0.180174362286083,82.9234998819935,19.13619228046,18.0174362286083
2022-02-18,125601,142,97426,92,28175,50,105222,113,537081,498,642303,611,0,1253,3,2665,1295,4,"Knox County",470313,170.94998437211,0.184944237918216,129.913483148456,30.1926589313925,18.4944237918216
2022-02-17,125459,290,97334,228,28125,62,105109,269,536583,1208,641692,1477,1,1253,2,2662,1291,2,"Knox County",470313,202.205765096861,0.186113789778206,314.046177758216,61.6610640148157,18.6113789778206
2022-02-16,125169,225,97106,145,28063,80,104840,160,535375,546,640215,706,3,1252,3,2660,1289,3,"Knox County",470313,219.853586866619,0.188858067498844,150.112797222275,47.8404807011501,18.8858067498844
2022-02-15,124944,274,96961,215,27983,59,104680,241,534829,592,639509,833,5,1249,6,2657,1286,4,"Knox County",470313,247.920002211293,0.20369976610674,177.116090773591,58.2590742760672,20.369976610674
2022-02-14,124670,341,96746,205,27924,136,104439,246,534237,602,638676,848,19,1244,8,2651,1282,1,"Knox County",470313,304.90333033533,0.221454615236999,180.305456153668,72.5049063070764,22.1454615236999
2022-02-13,124329,120,96541,100,27788,20,104193,116,533635,283,637828,399,1,1225,1,2643,1281,3,"Knox County",470313,315.109299551575,0.230433130699088,84.8371191100395,25.5149230406134,23.0433130699088
2022-02-12,124209,154,96441,110,27768,44,104077,127,533352,414,637429,541,0,1224,3,2642,1278,6,"Knox County",470313,328.717258506569,0.234903047091413,115.029778041432,32.7441512354538,23.4903047091413
2022-02-11,124055,341,96331,250,27724,91,103950,280,532938,631,636888,911,3,1224,10,2639,1272,5,"Knox County",470313,371.029505882253,0.251793525809274,193.70079074999,72.5049063070764,25.1793525809274
2022-02-10,123714,426,96081,276,27633,150,103670,304,532307,555,635977,859,7,1221,12,2629,1267,3,"Knox County",470313,399.946418661615,0.28918971944281,182.644324099057,90.5779767941775,28.918971944281
2022-02-09,123288,440,95805,309,27483,131,103366,369,531752,606,635118,975,8,1214,4,2617,1264,6,"Knox County",470313,445.660655776047,0.313641446142378,207.308749704984,93.5547178155824,31.3641446142378
2022-02-08,122848,457,95496,336,27352,121,102997,391,531146,462,634143,853,6,1206,8,2613,1258,12,"Knox County",470313,484.570913412982,0.340326773115485,181.368577947027,97.1693319130026,34.0326773115485
2022-02-07,122391,591,95160,411,27231,180,102606,442,530684,625,633290,1067,10,1200,11,2605,1246,5,"Knox County",470313,537.727003080927,0.36199821587868,226.870190702787,125.660995975021,36.199821587868
2022-02-06,121800,252,94749,185,27051,67,102164,214,530059,435,632223,649,0,1190,13,2594,1241,5,"Knox County",470313,565.793418425602,0.363279248505551,137.993208777984,53.5813383852881,36.3279248505551
2022-02-05,121548,270,94564,193,26984,77,101950,220,529624,496,631574,716,0,1190,7,2581,1236,11,"Knox County",470313,590.457844031528,0.368159203980099,152.239040808993,57.4085768413801,36.81592039801
2022-02-04,121278,650,94371,511,26907,139,101730,580,529128,963,630858,1543,3,1190,3,2574,1225,0,"Knox County",470313,656.158770861107,0.378264785349745,328.079385430554,138.205833136656,37.8264785349745
2022-02-03,120628,1645,93860,503,26768,1142,101150,505,528165,741,629315,1246,1,1187,13,2571,1225,2,"Knox County",470313,915.347864082005,0.386012200312101,264.929950905036,349.767070015075,38.6012200312101
2022-02-02,118983,719,93357,540,25626,179,100645,603,527424,904,628069,1507,7,1186,6,2558,1223,9,"Knox County",470313,974.670060151431,0.389790265136526,320.42490851837,152.876913885008,38.9790265136526
2022-02-01,118264,939,92817,740,25447,199,100042,834,526520,1139,626562,1973,5,1179,12,2552,1214,7,"Knox County",470313,1077.15500103123,0.390529824158143,419.507859659418,199.6542727928,39.0529824158143
2022-01-31,117325,715,92077,517,25248,198,99208,521,525381,605,624589,1126,11,1174,13,2540,1207,2,"Knox County",470313,1103.52042150653,0.396917808219178,239.415027864422,152.026416450321,39.6917808219178
2022-01-30,116610,389,91560,319,25050,70,98687,336,524776,569,623463,905,1,1163,8,2527,1205,6,"Knox County",470313,1132.64995864456,0.399179236912156,192.425044597959,82.7108755233217,39.9179236912156
2022-01-29,116221,679,91241,590,24980,89,98351,646,524207,912,622558,1558,0,1162,5,2519,1199,3,"Knox County",470313,1219.61332134132,0.408297829174275,331.26875081063,144.371939538137,40.8297829174275
2022-01-28,115542,938,90651,776,24891,162,97705,836,523295,1040,621000,1876,3,1162,15,2514,1196,6,"Knox County",470313,1280.84913663879,0.420076538121872,398.883296868256,199.441648434128,42.0076538121872
2022-01-27,114604,1433,89875,1201,24729,232,96869,1276,522255,1472,619124,2748,7,1159,13,2499,1190,8,"Knox County",470313,1235.77277260037,0.432053365261267,584.291737630046,304.690705976658,43.2053365261267
2022-01-26,113171,1001,88674,808,24497,193,95593,855,520783,965,616376,1820,4,1152,5,2486,1182,8,"Knox County",470313,1295.73284174582,0.441779110444778,386.976332782636,212.83698303045,44.1779110444778
2022-01-25,112170,1026,87866,769,24304,257,94738,804,519818,930,614556,1734,7,1148,11,2481,1174,6,"Knox County",470313,1314.23116095026,0.448202600492904,368.690637936863,218.152591997244,44.8202600492904
2022-01-24,111144,1323,87097,1085,24047,238,93934,1162,518888,1550,612822,2712,13,1141,15,2470,1168,5,"Knox County",470313,1443.5067710227,0.442971616865124,576.637260717862,281.302026522763,44.2971616865124
2022-01-23,109821,770,86012,680,23809,90,92772,709,517338,818,610110,1527,0,1128,7,2455,1163,10,"Knox County",470313,1524.51665167665,0.44994633273703,324.677395691805,163.720756177269,44.994633273703
2022-01-22,109051,901,85332,738,23719,163,92063,770,516520,1056,608583,1826,0,1128,14,2448,1153,3,"Knox County",470313,1571.71925930178,0.450186056308362,388.252078934667,191.574547163272,45.0186056308362
2022-01-21,108150,1516,84594,1231,23556,285,91293,1291,515464,1348,606757,2639,1,1128,6,2434,1150,6,"Knox County",470313,1694.61613861407,0.457616953218713,561.115682534823,322.338527746416,45.7616953218713
2022-01-20,106634,1411,83363,1170,23271,241,90002,1218,514116,1152,604118,2370,11,1127,11,2428,1144,2,"Knox County",470313,1689.93840272329,0.465477167076839,503.919730052114,300.012970085879,46.5477167076839
2022-01-19,105223,1675,82193,1312,23030,363,88784,1345,512964,1331,601748,2676,4,1116,7,2417,1142,2,"Knox County",470313,1833.24722046807,0.471389821751485,568.982783805678,356.145800775228,47.1389821751485
2022-01-18,103548,1046,80881,666,22667,380,87439,693,511633,686,599072,1379,6,1112,7,2410,1140,4,"Knox County",470313,1837.49970764151,0.475114019432877,293.208990608382,222.40507917068,47.5114019432877
2022-01-17,102502,1092,80215,859,22287,233,86746,903,510947,1279,597693,2182,7,1106,13,2403,1136,3,"Knox County",470313,1788.38348078833,0.474621549421193,463.94635062182,232.185799669582,47.4621549421193
2022-01-16,101410,772,79356,692,22054,80,85843,717,509668,1073,595511,1790,0,1099,7,2390,1133,4,"Knox County",470313,1788.80872950567,0.466760866639752,380.597602022483,164.146004894613,46.6760866639752
2022-01-15,100638,751,78664,599,21974,152,85126,627,508595,816,593721,1443,1,1099,12,2383,1129,2,"Knox County",470313,1756.9150757049,0.469231300504178,306.816949563376,159.680893362505,46.9231300504178
2022-01-14,99887,1312,78065,1057,21822,255,84499,1098,507779,1188,592278,2286,6,1098,10,2371,1127,6,"Knox County",470313,1713.53970653586,0.467294350842418,486.059283923685,278.963158577373,46.7294350842418
2022-01-13,98575,1404,77008,1057,21567,347,83401,1105,506591,1401,589992,2506,6,1092,11,2361,1121,6,"Knox County",470313,1712.05133602516,0.454915159164213,532.836642831476,298.524599575177,45.4915159164213
2022-01-12,97171,1168,75951,889,21220,279,82296,935,505190,1058,587486,1993,1,1086,4,2350,1115,0,"Knox County",470313,1604.25078617857,0.447602916267766,423.760346832854,248.345250928637,44.7602916267766
2022-01-11,96003,1368,75062,1063,20941,305,81361,1096,504132,1283,585493,2379,2,1085,10,2346,1115,3,"Knox County",470313,1672.71582967088,0.444543521503532,505.83334928016,290.870122662993,44.4543521503533
2022-01-10,94635,1001,73999,685,20636,316,80265,714,502849,812,583114,1526,3,1083,5,2336,1112,1,"Knox County",470313,1653.36701303175,0.451914098972923,324.464771333133,212.83698303045,45.1914098972923
2022-01-09,93634,742,73314,629,20320,113,79551,664,502037,1205,581588,1869,5,1080,2,2331,1111,2,"Knox County",470313,1646.98828227159,0.445579202971004,397.394926357553,157.767274134459,44.5579202971004
2022-01-08,92892,625,72685,478,20207,147,78887,510,500832,912,579719,1422,0,1075,10,2329,1109,4,"Knox County",470313,1620.19761307895,0.43787997997282,302.351838031269,132.890224169861,43.787997997282
2022-01-07,92267,969,72207,751,20060,218,78377,768,499920,1091,578297,1859,0,1075,7,2319,1105,0,"Knox County",470313,1547.26745805453,0.427327726132507,395.268682770836,206.033003552953,42.7327726132507
2022-01-06,91298,1170,71456,744,19842,426,77609,781,498829,1010,576438,1791,2,1075,7,2312,1105,4,"Knox County",470313,1497.51335812533,0.425889866812057,380.810226381155,248.77049964598,42.5889866812057
2022-01-05,90128,1218,70712,905,19416,313,76828,944,497819,1255,574647,2199,1,1073,8,2305,1101,1,"Knox County",470313,1508.14457605892,0.419854350325795,467.56096471924,258.976468862226,41.9854350325795
2022-01-04,88910,924,69807,578,19103,346,75884,567,496564,1040,572448,1607,0,1072,6,2297,1100,5,"Knox County",470313,1413.73936080865,0.403161411227899,341.687344385547,196.464907412723,40.3161411227899
2022-01-03,87986,716,69229,538,18757,178,75317,505,495524,820,570841,1325,6,1072,6,2291,1095,2,"Knox County",470313,1353.1414185872,0.392561298873426,281.727275240106,152.239040808993,39.2561298873426
2022-01-02,87270,290,68691,207,18579,83,74812,265,494704,651,569516,916,3,1066,9,2285,1093,4,"Knox County",470313,1257.03520846755,0.390322870761759,194.763912543349,61.6610640148157,39.0322870761759
2022-01-01,86980,265,68484,215,18496,50,74547,237,494053,767,568600,1004,0,1063,15,2276,1089,0,"Knox County",470313,1180.49043934571,0.38005793851042,213.474856106465,56.3454550480212,38.005793851042
2021-12-31,86715,591,68269,429,18446,162,74310,470,493286,1008,567596,1478,0,1063,5,2261,1089,3,"Knox County",470313,1100.11843176778,0.365213178294574,314.258802116888,125.660995975021,36.5213178294574
2021-12-30,86124,582,67840,403,18284,179,73840,404,492278,918,566118,1322,2,1063,6,2256,1086,2,"Knox County",470313,975.095308868775,0.344330524819815,281.089402164091,123.747376746975,34.4330524819815
2021-12-29,85542,633,67437,475,18105,158,73436,503,491360,1195,564796,1698,1,1061,5,2250,1084,2,"Knox County",470313,850.710059045784,0.315614973262032,361.036161024679,134.591219039236,31.5614973262032
2021-12-28,84909,429,66962,262,17947,167,72933,283,490165,977,563098,1260,1,1060,5,2245,1082,0,"Knox County",470313,745.461001503254,0.29623458847051,267.90669192644,91.2158498701928,29.623458847051
2021-12-27,84480,314,66700,234,17780,80,72650,254,489188,905,561838,1159,2,1059,1,2240,1082,1,"Knox County",470313,659.986009317199,0.27339594885142,246.431631700591,66.7640486229383,27.339594885142
2021-12-26,84166,61,66466,49,17700,12,72396,60,488283,426,560679,486,7,1057,1,2239,1081,0,"Knox County",470313,611.295031181362,0.262995123111693,103.335438314484,12.9700858789785,26.2995123111693
2021-12-25,84105,85,66417,63,17688,22,72336,74,487857,489,560193,563,1,1050,1,2238,1081,0,"Knox County",470313,573.022646620442,0.257092643735877,119.707513932211,18.0730704871011,25.7092643735877
2021-12-24,84020,174,66354,123,17666,51,72262,137,487368,848,559630,985,0,1049,2,2237,1081,0,"Knox County",470313,484.358289054311,0.229492840893885,209.434993291702,36.9966384088894,22.9492840893885
2021-12-23,83846,218,66231,159,17615,59,72125,166,486520,959,558645,1125,5,1049,5,2235,1081,1,"Knox County",470313,406.963022497783,0.202996151731721,239.20240350575,46.3521101904476,20.2996151731721
2021-12-22,83628,176,66072,102,17556,74,71959,101,485561,812,557520,913,47,1044,10,2230,1080,2,"Knox County",470313,309.793690584781,0.165613926975813,194.126039467333,37.421887126233,16.5613926975813
2021-12-21,83452,177,65970,124,17482,53,71858,120,484749,912,556607,1032,3,997,6,2220,1078,2,"Knox County",470313,256.212352199493,0.145617116397892,219.428338149275,37.6345114849047,14.5617116397892
2021-12-20,83275,114,65846,80,17429,34,71738,84,483837,622,555575,706,1,994,3,2214,1076,1,"Knox County",470313,213.687480465137,0.127710843373494,150.112797222275,24.2391768885827,12.7710843373494
2021-12-19,83161,70,65766,50,17395,20,71654,58,483215,556,554869,614,3,993,6,2211,1075,1,"Knox County",470313,215.601099693183,0.124621084540249,130.551356224472,14.8837051070245,12.4621084540249
2021-12-18,83091,88,65716,56,17375,32,71596,65,482659,660,554255,725,0,990,3,2205,1074,2,"Knox County",470313,216.238972769198,0.11983606557377,154.152660037039,18.7109435631165,11.983606557377
2021-12-17,83003,119,65660,77,17343,42,71531,83,481999,1034,553530,1117,2,990,6,2202,1072,2,"Knox County",470313,204.544633042251,0.108632862644416,237.501408636376,25.3022986819416,10.8632862644416
2021-12-16,82884,138,65583,106,17301,32,71448,108,480965,661,552413,769,2,988,3,2196,1070,2,"Knox County",470313,187.534684348508,0.105343771272975,163.508131818597,29.3421614967054,10.5343771272975
2021-12-15,82746,157,65477,113,17269,44,71340,125,480304,841,551644,966,0,986,5,2193,1068,3,"Knox County",470313,183.494821533745,0.108449991566875,205.395130476938,33.3820243114692,10.8449991566875
2021-12-14,82589,97,65364,59,17225,38,71215,63,479463,811,550678,874,3,986,3,2188,1065,3,"Knox County",470313,166.484872840002,0.101542193727257,185.833689479134,20.6245627911625,10.1542193727257
2021-12-13,82492,111,65305,74,17187,37,71152,79,478652,627,549804,706,4,983,3,2185,1062,0,"Knox County",470313,165.846999763987,0.100675792756888,150.112797222275,23.6013038125674,10.0675792756888
2021-12-12,82381,54,65231,29,17150,25,71073,40,478025,493,549098,533,6,979,5,2182,1062,1,"Knox County",470313,162.445010025239,0.0989455184534271,113.328783172058,11.481715368276,9.89455184534271
2021-12-11,82327,65,65202,45,17125,20,71033,51,477532,541,548565,592,0,973,1,2177,1061,3,"Knox County",470313,157.554649775788,0.0987943134784956,125.873620333693,13.8205833136656,9.87943134784956
2021-12-10,82262,84,65157,48,17105,36,70982,57,476991,855,547973,912,0,973,3,2176,1058,2,"Knox County",470313,150.112797222275,0.0977204783258595,193.913415108662,17.8604461284294,9.77204783258595
2021-12-09,82178,164,65109,96,17069,68,70925,107,476136,1017,547061,1124,3,973,2,2173,1056,1,"Knox County",470313,155.641030547742,0.091466619940424,238.989779147079,34.8703948221716,9.1466619940424
2021-12-08,82014,130,65013,67,17001,63,70818,65,475119,751,545937,816,0,970,7,2171,1055,1,"Knox County",470313,149.900172863604,0.0831383840201548,173.501476676171,27.6411666273312,8.31383840201548
2021-12-07,81884,127,64946,70,16938,57,70753,76,474368,631,545121,707,2,970,2,2164,1054,0,"Knox County",470313,156.278903623757,0.088126159554731,150.325421580947,27.0032935513158,8.8126159554731
2021-12-06,81757,148,64876,107,16881,41,70677,115,473737,759,544414,874,8,968,4,2162,1054,3,"Knox County",470313,164.146004894613,0.0919395465994962,185.833689479134,31.4684050834232,9.19395465994962
2021-12-05,81609,43,64769,28,16840,15,70562,33,472978,342,543540,375,2,960,1,2158,1051,0,"Knox County",470313,161.807136949223,0.0933333333333333,79.7341345019168,9.14284742288646,9.33333333333333
2021-12-04,81566,69,64741,50,16825,19,70529,55,472636,499,543165,554,0,958,3,2157,1051,2,"Knox County",470313,162.65763438391,0.0947407683700112,117.793894704165,14.6710807483527,9.47407683700112
2021-12-03,81497,147,64691,103,16806,44,70474,108,472137,1009,542611,1117,3,958,2,2154,1049,2,"Knox County",470313,176.052968980232,0.100413148913239,237.501408636376,31.2557807247514,10.0413148913239
2021-12-02,81350,133,64588,86,16762,47,70366,85,471128,794,541494,879,0,955,4,2152,1047,2,"Knox County",470313,169.461613861407,0.100901916572717,186.896811272493,28.2790397033465,10.0901916572717
2021-12-01,81217,185,64502,142,16715,43,70281,147,470334,1008,540615,1155,4,955,7,2148,1045,1,"Knox County",470313,181.155953588355,0.109344638756403,245.581134265904,39.335506354279,10.9344638756403
2021-11-30,81032,116,64360,67,16672,49,70134,68,469326,693,539460,761,3,951,6,2141,1044,3,"Knox County",470313,178.817085642965,0.106911636045494,161.807136949223,24.6644256059263,10.6911636045494
2021-11-29,80916,165,64293,128,16623,37,70066,139,468633,967,538699,1106,2,948,5,2135,1041,1,"Knox County",470313,182.431699740386,0.106776525979485,235.162540690987,35.0830191808434,10.6776525979485
2021-11-28,80751,33,64165,22,16586,11,69927,22,467666,270,537593,292,3,946,5,2130,1040,1,"Knox County",470313,180.305456153668,0.106412005457026,62.0863127321592,7.01660383616868,10.6412005457026
2021-11-27,80718,59,64143,31,16575,28,69905,32,467396,266,537301,298,0,943,1,2125,1039,2,"Knox County",470313,178.17921256695,0.107168330955777,63.3620588841899,12.5448371616349,10.7168330955777
2021-11-26,80659,20,64112,18,16547,2,69873,20,467130,298,537003,318,0,943,4,2124,1037,1,"Knox County",470313,151.175919015634,0.106674984404242,67.6145460576254,4.25248717343556,10.6674984404242
2021-11-25,80639,52,64094,26,16545,26,69853,29,466832,331,536685,360,0,943,3,2120,1036,5,"Knox County",470313,133.95334596322,0.106526806526807,76.5447691218401,11.0564666509325,10.6526806526807
2021-11-24,80587,105,64068,66,16519,39,69824,73,466501,742,536325,815,0,943,3,2117,1031,4,"Knox County",470313,116.943397269478,0.0969620253164557,173.288852317499,22.3255576605367,9.69620253164557
2021-11-23,80482,99,64002,64,16480,35,69751,65,465759,674,535510,739,0,943,2,2114,1027,0,"Knox County",470313,113.328783172058,0.0967413441955193,157.129401058444,21.049811508506,9.67413441955193
2021-11-22,80383,107,63938,83,16445,24,69686,82,465085,740,534771,822,0,943,3,2112,1027,0,"Knox County",470313,100.996570369095,0.0886388583973655,174.777222828202,22.7508063778803,8.86388583973655
2021-11-21,80276,44,63855,32,16421,12,69604,37,464345,284,533949,321,0,943,2,2109,1027,2,"Knox County",470313,103.335438314484,0.0920228695888919,68.2524191336408,9.35547178155824,9.20228695888919
2021-11-20,80232,54,63823,37,16409,17,69567,44,464061,537,533628,581,0,943,1,2107,1025,1,"Knox County",470313,102.272316521125,0.0884732052578362,123.534752388303,11.481715368276,8.84732052578362
2021-11-19,80178,112,63786,83,16392,29,69523,81,463524,825,533047,906,0,943,0,2106,1024,0,"Knox County",470313,121.833757518929,0.0904489436619718,192.637668956631,23.8139281712392,9.04489436619718
2021-11-18,80066,80,63703,44,16363,36,69442,49,462699,937,532141,986,3,943,2,2106,1024,0,"Knox County",470313,127.787239561739,0.0833655705996132,209.647617650373,17.0099486937423,8.33655705996132
2021-11-17,79986,105,63659,64,16327,41,69393,66,461762,833,531155,899,0,940,1,2104,1024,1,"Knox County",470313,127.787239561739,0.0807004187285877,191.149298445929,22.3255576605367,8.07004187285877
2021-11-16,79881,73,63595,51,16286,22,69327,67,460929,777,530256,844,0,940,2,2103,1023,3,"Knox County",470313,122.259006236272,0.0794924426198918,179.454958718981,15.5215781830398,7.94924426198918
2021-11-15,79808,84,63544,44,16264,40,69260,34,460152,459,529412,493,3,940,0,2101,1020,0,"Knox County",470313,117.368645986822,0.0751491053677932,104.823808825187,17.8604461284294,7.51491053677932
2021-11-14,79724,72,63500,62,16224,10,69226,68,459693,624,528919,692,0,937,2,2101,1020,2,"Knox County",470313,123.322128029631,0.0757267172745788,147.13605620087,15.308953824368,7.57267172745788
2021-11-13,79652,29,63438,13,16214,16,69158,12,459069,317,528227,329,0,937,2,2099,1018,0,"Knox County",470313,118.006519062837,0.0732181006020586,69.953414003015,6.16610640148157,7.32181006020586
2021-11-12,79623,66,63425,49,16198,17,69146,51,458752,687,527898,738,0,937,4,2097,1018,2,"Knox County",470313,108.225798563935,0.0696647259586428,156.916776699772,14.0332076723374,6.96647259586428
2021-11-11,79557,67,63376,46,16181,21,69095,54,458065,962,527160,1016,0,937,0,2093,1016,0,"Knox County",470313,105.461681901202,0.0702454599880263,216.026348410527,14.2458320310091,7.02454599880263
2021-11-10,79490,74,63330,50,16160,24,69041,69,457103,855,526144,924,1,937,2,2093,1016,0,"Knox County",470313,98.8703267823768,0.0704924543288324,196.464907412723,15.7342025417116,7.04924543288324
2021-11-09,79416,106,63280,76,16136,30,68972,134,456248,1174,525220,1308,1,936,1,2091,1016,1,"Knox County",470313,105.886930618546,0.0767272727272727,278.112661142686,22.5381820192085,7.67272727272727
2021-11-08,79310,78,63204,58,16106,20,68838,70,455074,687,523912,757,6,935,1,2090,1015,3,"Knox County",470313,104.611184466515,0.0794587092297016,160.956639514536,16.5846999763987,7.94587092297016
2021-11-07,79232,31,63146,20,16086,11,68768,23,454387,390,523155,413,0,929,1,2089,1012,3,"Knox County",470313,95.8935857609719,0.0752962625341841,87.8138601314444,6.59135511882512,7.52962625341841
2021-11-06,79201,41,63126,27,16075,14,68745,30,453997,453,522742,483,0,929,2,2088,1009,1,"Knox County",470313,98.4450780650333,0.0764319914878525,102.697565238469,8.7175987055429,7.64319914878525
2021-11-05,79160,52,63099,32,16061,20,68715,36,453544,605,522259,641,0,929,2,2086,1008,0,"Knox County",470313,95.4683370436284,0.0750631540959942,136.29221390861,11.0564666509325,7.50631540959942
2021-11-04,79108,68,63067,45,16041,23,68679,49,452939,667,521618,716,0,929,1,2084,1008,1,"Knox County",470313,95.6809614023002,0.078405188859214,152.239040808993,14.4584563896809,7.8405188859214
2021-11-03,79040,79,63022,59,16018,20,68630,65,452272,969,520902,1034,0,929,2,2083,1007,2,"Knox County",470313,96.7440831956591,0.0760463378176383,219.853586866619,16.7973243350705,7.60463378176383
2021-11-02,78961,41,62963,19,15998,22,68565,22,451303,301,519868,323,4,929,1,2081,1005,3,"Knox County",470313,82.9234998819935,0.0675520952599038,68.6776678509843,8.7175987055429,6.75520952599038
2021-11-01,78920,95,62944,71,15976,24,68543,83,451002,661,519545,744,1,925,3,2080,1002,1,"Knox County",470313,86.5381139794137,0.0707395498392283,158.192522851803,20.1993140738189,7.07395498392283
2021-10-31,78825,26,62873,20,15952,6,68460,19,450341,278,518801,297,0,924,1,2077,1001,1,"Knox County",470313,85.4749921860548,0.0717319490325625,63.1494345255181,5.52823332546623,7.17319490325625
2021-10-30,78799,56,62853,41,15946,15,68441,43,450063,523,518504,566,0,924,4,2076,1000,0,"Knox County",470313,88.6643575661315,0.0733626475352928,120.345387008226,11.9069640856196,7.33626475352928
2021-10-29,78743,73,62812,59,15931,14,68398,66,449540,846,517938,912,1,924,1,2072,1000,1,"Knox County",470313,93.1294690982388,0.0755662020905923,193.913415108662,15.5215781830398,7.55662020905923
2021-10-28,78670,54,62753,32,15917,22,68332,39,448694,561,517026,600,4,923,3,2071,999,2,"Knox County",470313,90.1527280768339,0.0752904378909741,127.574615203067,11.481715368276,7.52904378909741
2021-10-27,78616,88,62721,57,15895,31,68293,65,448133,759,516426,824,1,919,3,2068,997,3,"Knox County",470313,92.0663473048799,0.0789967182372246,175.202471545545,18.7109435631165,7.89967182372246
2021-10-26,78528,96,62664,58,15864,38,68228,55,447374,554,515602,609,0,918,5,2065,994,2,"Knox County",470313,103.760687031828,0.0812829525483304,129.488234431113,20.4119384324907,8.12829525483304
2021-10-25,78432,71,62606,47,15826,24,68173,54,446820,491,514993,545,6,918,3,2060,992,1,"Knox County",470313,98.6577024237051,0.0783367792327131,115.880275476119,15.0963294656962,7.83367792327131
2021-10-24,78361,38,62559,20,15802,18,68119,23,446329,337,514448,360,1,912,5,2057,991,3,"Knox County",470313,101.209194727766,0.078125,76.5447691218401,8.07972562952757,7.8125
2021-10-23,78323,59,62539,40,15784,19,68096,42,445992,471,514088,513,0,911,1,2052,988,2,"Knox County",470313,101.847067803782,0.0788448315379326,109.076295998622,12.5448371616349,7.88448315379326
2021-10-22,78264,90,62499,55,15765,35,68054,55,445521,551,513575,606,0,911,2,2051,986,2,"Knox County",470313,105.461681901202,0.0820803549420754,128.850361355098,19.13619228046,8.20803549420754
2021-10-21,78174,124,62444,71,15730,53,67999,78,444970,712,512969,790,3,911,2,2049,984,2,"Knox County",470313,120.345387008226,0.0875912408759124,167.973243350705,26.3654204753005,8.75912408759124
2021-10-20,78050,149,62373,83,15677,66,67921,90,444258,959,512179,1049,3,908,3,2047,982,2,"Knox County",470313,133.315472887205,0.0887745974955277,223.042952246695,31.6810294420949,8.87745974955277
2021-10-19,77901,131,62290,85,15611,46,67831,92,443299,724,511130,816,4,905,4,2044,980,2,"Knox County",470313,140.757325440717,0.0927548621500321,173.501476676171,27.8537909860029,9.27548621500321
2021-10-18,77770,121,62205,90,15565,31,67739,106,442575,607,510314,713,9,901,8,2040,978,3,"Knox County",470313,151.388543374306,0.100268207138436,151.601167732978,25.7275473992852,10.0268207138436
2021-10-17,77649,63,62115,56,15534,7,67633,61,441968,303,509601,364,1,892,4,2032,975,2,"Knox County",470313,156.7041523411,0.108018965161822,77.3952665565272,13.395334596322,10.8018965161822
2021-10-16,77586,55,62059,41,15527,14,67572,44,441665,372,509237,416,0,891,1,2028,973,4,"Knox County",470313,155.853654906413,0.110643668489693,88.4517332074597,11.6943397269478,11.0643668489693
2021-10-15,77531,125,62018,89,15513,36,67528,100,441293,794,508821,894,9,891,5,2027,969,2,"Knox County",470313,163.295507459926,0.113248710829036,190.08617665257,26.5780448339723,11.3248710829036
2021-10-14,77406,192,61929,135,15477,57,67428,143,440499,699,507927,842,0,882,7,2022,967,5,"Knox County",470313,177.753963849607,0.124852767962309,179.029710001637,40.8238768649814,12.4852767962309
2021-10-13,77214,121,61794,87,15420,34,67285,99,439800,764,507085,863,7,882,5,2015,962,1,"Knox County",470313,171.800481806797,0.131418092909535,183.494821533745,25.7275473992852,13.1418092909535
2021-10-12,77093,136,61707,104,15386,32,67186,109,439036,821,506222,930,4,875,3,2010,961,9,"Knox County",470313,172.863603600156,0.131819992035046,197.740653564754,28.9169127793618,13.1819992035046
2021-10-11,76957,194,61603,136,15354,58,67077,149,438215,581,505292,730,3,871,12,2007,952,1,"Knox County",470313,188.385181783195,0.139908712046041,155.215781830398,41.249125582325,13.9908712046041
2021-10-10,76763,54,61467,41,15296,13,66928,51,437634,489,504562,540,0,868,4,1995,951,3,"Knox County",470313,186.471562555149,0.13326941514861,114.81715368276,11.481715368276,13.326941514861
2021-10-09,76709,66,61426,37,15283,29,66877,48,437145,490,504022,538,0,868,7,1991,948,4,"Knox County",470313,188.810430500539,0.1309724564362,114.391904965417,14.0332076723374,13.09724564362
2021-10-08,76643,289,61389,114,15254,175,66829,122,436655,936,503484,1058,-1,868,5,1984,944,4,"Knox County",470313,223.680825322711,0.131067078712961,224.956571474741,61.4484396561439,13.1067078712961
2021-10-07,76354,259,61275,170,15079,89,66707,176,435719,1106,502426,1282,6,869,9,1979,940,1,"Knox County",470313,237.92665735372,0.12691466083151,272.58442781722,55.0697088959905,12.691466083151
2021-10-06,76095,139,61105,103,14990,36,66531,112,434613,835,501144,947,1,863,4,1970,939,5,"Knox County",470313,241.753895809812,0.127302904564315,201.355267662174,29.5547858553772,12.7302904564315
2021-10-05,75956,210,61002,118,14954,92,66419,138,433778,915,500197,1053,3,862,4,1966,934,4,"Knox County",470313,257.488098351523,0.129472999349382,223.893449681382,44.6511153210734,12.9472999349382
2021-10-04,75746,316,60884,224,14862,92,66281,245,432863,829,499144,1074,3,859,4,1962,930,2,"Knox County",470313,283.42827010948,0.137399876771411,228.35856121349,67.1892973402819,13.7399876771411
2021-10-03,75430,102,60660,93,14770,9,66036,107,432034,677,498070,784,1,856,6,1958,928,1,"Knox County",470313,293.634239325726,0.140736342042755,166.697497198674,21.6876845845214,14.0736342042755
2021-10-02,75328,67,60567,43,14761,24,65929,50,431357,472,497286,522,5,855,2,1952,927,4,"Knox County",470313,293.846863684397,0.141369047619048,110.989915226668,14.2458320310091,14.1369047619048
2021-10-01,75261,225,60524,152,14737,73,65879,167,430885,965,496764,1132,0,850,9,1950,923,3,"Knox County",470313,280.238904729404,0.146452752428613,240.690774016453,47.8404807011501,14.6452752428613
2021-09-30,75036,240,60372,166,14664,74,65712,186,429920,1104,495632,1290,1,850,8,1941,920,2,"Knox County",470313,276.19904191464,0.147750661570126,274.285422686594,51.0298460812268,14.7750661570126
2021-09-29,74796,361,60206,170,14590,191,65526,192,428816,1110,494342,1302,6,849,7,1933,918,3,"Knox County",470313,323.401649539775,0.151599832331983,276.836914990655,76.7573934805119,15.1599832331983
2021-09-28,74435,348,60036,249,14399,99,65334,270,427706,777,493040,1047,2,843,1,1926,915,3,"Knox County",470313,352.74381103648,0.17018598797371,222.617703529352,73.9932768177788,17.018598797371
2021-09-27,74087,239,59787,162,14300,77,65064,186,426929,760,491993,946,7,841,12,1925,912,6,"Knox County",470313,336.371735418753,0.164886800512601,201.142643303502,50.817221722555,16.4886800512601
2021-09-26,73848,124,59625,99,14223,25,64878,117,426169,703,491047,820,2,834,1,1913,906,5,"Knox County",470313,341.049471309532,0.165462530103414,174.351974110858,26.3654204753005,16.5462530103414
2021-09-25,73724,110,59526,90,14198,20,64761,102,425466,705,490227,807,0,832,3,1912,901,7,"Knox County",470313,350.192318732419,0.166122004357298,171.587857448125,23.3886794538956,16.6122004357299
2021-09-24,73614,244,59436,165,14178,79,64659,182,424761,938,489420,1120,13,832,5,1909,894,3,"Knox County",470313,354.232181547182,0.168439716312057,238.139281712392,51.8803435159139,16.8439716312057
2021-09-23,73370,355,59271,246,14099,109,64477,268,423823,1370,488300,1638,14,819,8,1904,891,3,"Knox County",470313,378.683982794437,0.171484375,348.278699504373,75.4816473284812,17.1484375
2021-09-22,73015,251,59025,187,13990,64,64209,202,422453,1260,486662,1462,3,805,4,1896,888,9,"Knox County",470313,355.295303340541,0.169260204081633,310.85681237814,53.3687140266163,16.9260204081633
2021-09-21,72764,397,58838,216,13926,181,64007,230,421193,996,485200,1226,10,802,7,1892,879,4,"Knox County",470313,365.713896915458,0.160493827160494,260.6774637316,84.4118703926959,16.0493827160494
2021-09-20,72367,432,58622,310,13745,122,63777,343,420197,1295,483974,1638,5,792,9,1885,875,7,"Knox County",470313,406.750398139112,0.165767420502813,348.278699504373,91.8537229462082,16.5767420502813
2021-09-19,71935,120,58312,88,13623,32,63434,97,418902,432,482336,529,1,787,7,1876,868,8,"Knox County",470313,405.899900704425,0.169121140142518,112.478285737371,25.5149230406134,16.9121140142518
2021-09-18,71815,226,58224,183,13591,43,63337,196,418470,1075,481807,1271,0,786,7,1869,860,13,"Knox County",470313,430.564326310351,0.170868977937866,270.24555987183,48.0531050598219,17.0868977937866
2021-09-17,71589,546,58041,421,13548,125,63141,448,417395,1310,480536,1758,5,786,11,1862,847,5,"Knox County",470313,494.776882629228,0.187355597563537,373.793622544986,116.092899834791,18.7355597563537
2021-09-16,71043,588,57620,456,13423,132,62693,487,416085,1518,478778,2005,7,781,16,1851,842,3,"Knox County",470313,544.318358199752,0.202548285974315,426.311839136915,125.023122899006,20.2548285974315
2021-09-15,70455,339,57164,250,13291,89,62206,268,414567,807,476773,1075,6,774,5,1835,839,4,"Knox County",470313,563.029301762869,0.217743632919385,228.571185572162,72.0796575897328,21.7743632919385
2021-09-14,70116,555,56914,443,13202,112,61938,476,413760,1406,475698,1882,12,768,8,1830,835,3,"Knox County",470313,596.62395043301,0.227899192754479,400.159043020287,118.006519062837,22.7899192754479
2021-09-13,69561,399,56471,299,13090,100,61462,332,412354,1134,473816,1466,20,756,15,1822,832,9,"Knox County",470313,589.607346596841,0.230723012217104,311.707309812827,84.8371191100395,23.0723012217104
2021-09-12,69162,387,56172,358,12990,29,61130,376,411220,1460,472350,1836,0,736,5,1807,823,8,"Knox County",470313,646.378050362206,0.228725759319933,390.378322521385,82.2856268059781,22.8725759319933
2021-09-11,68775,865,55814,707,12961,158,60754,763,409760,2621,470514,3384,4,736,26,1802,815,10,"Knox County",470313,782.245015553472,0.234969416679099,719.520829745297,183.920070251088,23.4969416679099
2021-09-10,67910,1027,55107,750,12803,277,59991,804,407139,2512,467130,3316,1,732,24,1776,805,7,"Knox County",470313,884.517332074597,0.234295642876236,705.062373355616,218.365216355916,23.4295642876236
2021-09-09,66883,309,54357,166,12526,143,59187,171,404627,685,463814,856,1,731,18,1752,798,5,"Knox County",470313,825.195136005171,0.23090843286283,182.006451023042,65.7009268295794,23.090843286283
2021-09-08,66574,290,54191,226,12383,64,59016,250,403942,837,462958,1087,5,730,11,1734,793,6,"Knox County",470313,814.776542430254,0.229406234179504,231.122677876223,61.6610640148157,22.9406234179504
2021-09-07,66284,414,53965,300,12319,114,58766,311,403105,979,461871,1290,3,725,13,1723,787,1,"Knox County",470313,784.796507857533,0.227200604457877,274.285422686594,88.0264844901162,22.7200604457877
2021-09-06,65870,988,53665,788,12205,200,58455,843,402126,3221,460581,4064,1,722,20,1710,786,3,"Knox County",470313,910.032255115211,0.22219415145582,864.105393642106,210.072866367717,22.219415145582
2021-09-05,64882,969,52877,801,12005,168,57612,832,398905,2998,456517,3830,2,721,15,1690,783,6,"Knox County",470313,1033.77963186219,0.222920289448589,814.35129371291,206.033003552953,22.2920289448589
2021-09-04,63913,541,52076,387,11837,154,56780,407,395907,1502,452687,1909,2,719,10,1675,777,4,"Knox County",470313,964.889339652529,0.221257338551859,405.899900704425,115.029778041432,22.1257338551859
2021-09-03,63372,334,51689,238,11683,96,56373,249,394405,909,450778,1158,5,717,8,1665,773,5,"Knox County",470313,817.540659092987,0.215795406509793,246.219007341919,71.0165357963739,21.5795406509793
2021-09-02,63038,323,51451,181,11587,142,56124,200,393496,681,449620,881,3,712,5,1657,768,3,"Knox County",470313,820.517400114392,0.217455517265631,187.322059989837,68.6776678509843,21.7455517265631
2021-09-01,62715,276,51270,212,11445,64,55924,226,392815,645,448739,871,2,709,2,1652,765,3,"Knox County",470313,817.540659092987,0.21909590801971,185.195816403119,58.6843229934108,21.909590801971
2021-08-31,62439,596,51058,434,11381,162,55698,479,392170,1894,447868,2373,2,707,9,1650,762,4,"Knox County",470313,856.238292371251,0.214503513191038,504.55760312813,126.72411776838,21.4503513191038
2021-08-30,61843,513,50624,403,11219,110,55219,430,390276,1629,445495,2059,9,705,13,1641,758,6,"Knox County",470313,755.241722002156,0.215809188899931,437.793554505191,109.076295998622,21.5809188899931
2021-08-29,61330,483,50221,408,11109,75,54789,440,388647,1484,443436,1924,1,696,5,1628,752,7,"Knox County",470313,651.906283687672,0.217539149888143,409.089266084501,102.697565238469,21.7539149888143
2021-08-28,60847,397,49813,302,11034,95,54349,320,387163,1065,441512,1385,0,695,4,1623,745,3,"Knox County",470313,621.288376038936,0.220073232560323,294.484736760413,84.4118703926959,22.0073232560323
2021-08-27,60450,473,49511,375,10939,98,54029,389,386098,1166,440127,1555,5,695,5,1619,742,1,"Knox County",470313,650.843161894313,0.224837074583635,330.630877734615,100.571321651751,22.4837074583635
2021-08-26,59977,450,49136,347,10841,103,53640,366,384932,1426,438572,1792,5,690,0,1614,741,5,"Knox County",470313,677.846455445629,0.221590433982774,381.022850739826,95.6809614023002,22.1590433982774
2021-08-25,59527,351,48789,225,10738,126,53274,236,383506,642,436780,878,2,685,4,1614,736,10,"Knox County",470313,693.793282346012,0.222296506769179,186.684186913821,74.6311498937941,22.2296506769179
2021-08-24,59176,342,48564,222,10612,120,53038,233,382864,677,435902,910,4,683,5,1610,726,0,"Knox County",470313,639.78669524338,0.229839093592307,193.488166391318,72.7175306657481,22.9839093592307
2021-08-23,58834,287,48342,206,10492,81,52805,227,382187,825,434992,1052,1,679,1,1605,726,4,"Knox County",470313,591.733590183559,0.232834877843302,223.680825322711,61.0231909388003,23.2834877843302
2021-08-22,58547,240,48136,217,10411,23,52578,233,381362,889,433940,1122,2,678,0,1604,722,2,"Knox County",470313,540.065871026316,0.230503795721187,238.564530429735,51.0298460812268,23.0503795721187
2021-08-21,58307,498,47919,376,10388,122,52345,411,380473,1903,432818,2314,0,676,8,1604,720,3,"Knox County",470313,561.540931252166,0.217707575600125,492.012765966495,105.886930618546,21.7707575600125
2021-08-20,57809,425,47543,331,10266,94,51934,357,378570,1148,430504,1505,0,676,6,1596,717,3,"Knox County",470313,551.334962035921,0.215501932518542,319.999659801026,90.3653524355057,21.5501932518542
2021-08-19,57384,368,47212,254,10172,114,51577,264,377422,952,428999,1216,1,676,6,1590,714,0,"Knox County",470313,533.899764624835,0.217961542736468,258.551220144882,78.2457639912144,21.7961542736468
2021-08-18,57016,263,46958,191,10058,72,51313,200,376470,914,427783,1114,2,675,5,1584,714,0,"Knox County",470313,515.188821061718,0.208491281273692,236.863535560361,55.9202063306777,20.8491281273692
2021-08-17,56753,263,46767,181,9986,82,51113,197,375556,1042,426669,1239,0,673,5,1579,714,3,"Knox County",470313,498.391496726648,0.197552813218992,263.441580394333,55.9202063306777,19.7552813218992
2021-08-16,56490,184,46586,126,9904,58,50916,132,374514,421,425430,553,2,673,4,1574,711,0,"Knox County",470313,476.491187783455,0.197947699437272,117.581270345493,39.1228819956072,19.7947699437272
2021-08-15,56306,204,46460,181,9846,23,50784,198,374093,952,424877,1150,3,671,6,1570,711,1,"Knox County",470313,468.836710871271,0.193488065119349,244.518012472545,43.3753691690427,19.3488065119349
2021-08-14,56102,219,46279,147,9823,72,50586,154,373141,794,423727,948,0,668,4,1564,710,2,"Knox County",470313,409.514514801845,0.194433656957929,201.567892020846,46.5647345491194,19.4433656957929
2021-08-13,55883,266,46132,206,9751,60,50432,218,372347,1470,422779,1688,1,668,5,1560,708,3,"Knox County",470313,375.707241773032,0.172357106727365,358.909917437962,56.558079406693,17.2357106727365
2021-08-12,55617,222,45926,146,9691,76,50214,152,370877,643,421091,795,2,667,8,1555,705,2,"Knox County",470313,344.664085406952,0.167089622011487,169.036365144064,47.2026076251348,16.7089622011487
2021-08-11,55395,315,45780,237,9615,78,50062,248,370234,989,420296,1237,1,665,10,1547,703,3,"Knox County",470313,355.720552057885,0.170696452036794,263.01633167699,66.9766729816101,17.0696452036794
2021-08-10,55080,173,45543,110,9537,63,49814,121,369245,621,419059,742,1,664,2,1537,700,4,"Knox County",470313,336.584359777425,0.171938703781808,157.767274134459,36.7840140502176,17.1938703781808
2021-08-09,54907,197,45433,159,9474,38,49693,167,368624,752,418317,919,1,663,4,1535,696,1,"Knox County",470313,339.348476440158,0.168204305388421,195.401785619364,41.8869986583403,16.8204305388421
2021-08-08,54710,89,45274,67,9436,22,49526,75,367872,418,417398,493,1,662,5,1531,695,0,"Knox County",470313,314.896675192903,0.166373497508062,104.823808825187,18.9235679217883,16.6373497508062
2021-08-07,54621,105,45207,76,9414,29,49451,80,367454,638,416905,718,0,661,2,1526,695,0,"Knox County",470313,290.657498304321,0.160952669902913,152.664289526337,22.3255576605367,16.0952669902913
2021-08-06,54516,203,45131,147,9385,56,49371,163,366816,879,416187,1042,0,661,11,1524,695,1,"Knox County",470313,277.262163707999,0.169189371005718,221.554581735993,43.162744810371,16.9189371005718
2021-08-05,54313,174,44984,131,9329,43,49208,147,365937,850,415145,997,2,661,4,1513,694,2,"Knox County",470313,267.056194491753,0.162817176317502,211.986485595763,36.9966384088894,16.2817176317502
2021-08-04,54139,144,44853,101,9286,43,49061,104,365087,656,414148,760,1,659,4,1509,692,1,"Knox County",470313,230.697429158879,0.15111973196967,161.594512590551,30.6179076487361,15.111973196967
2021-08-03,53995,238,44752,177,9243,61,48957,183,364431,813,413388,996,0,658,5,1505,691,3,"Knox County",470313,244.518012472545,0.155105485232068,211.773861237091,50.6045973638832,15.5105485232068
2021-08-02,53757,97,44575,75,9182,22,48774,82,363618,532,412392,614,2,658,3,1500,688,0,"Knox County",470313,223.255576605367,0.148398576512456,130.551356224472,20.6245627911625,14.8398576512456
2021-08-01,53660,105,44500,89,9160,16,48692,99,363086,526,411778,625,0,656,2,1497,688,2,"Knox County",470313,226.657566344116,0.149165507649513,132.890224169861,22.3255576605367,14.9165507649513
2021-07-31,53555,104,44411,64,9144,40,48593,68,362560,399,411153,467,1,656,6,1495,686,0,"Knox County",470313,226.444941985444,0.153790219960007,99.2955754997204,22.1129333018649,15.3790219960007
2021-07-30,53451,118,44347,83,9104,35,48525,90,362161,339,410686,429,1,655,0,1489,686,1,"Knox County",470313,208.371871498343,0.158142389525368,91.2158498701928,25.0896743232698,15.8142389525368
2021-07-29,53333,117,44264,65,9069,52,48435,68,361822,483,410257,551,0,654,1,1489,685,1,"Knox County",470313,196.252283054051,0.156235929761369,117.15602162815,24.877049964598,15.6235929761369
2021-07-28,53216,131,44199,90,9017,41,48367,95,361339,536,409706,631,0,654,4,1488,684,0,"Knox County",470313,193.488166391318,0.158822165546024,134.165970321892,27.8537909860029,15.8822165546024
2021-07-27,53085,117,44109,78,8976,39,48272,84,360803,499,409075,583,0,654,4,1484,684,0,"Knox County",470313,167.760618992033,0.15025641025641,123.960001105647,24.877049964598,15.025641025641
2021-07-26,52968,97,44031,73,8937,24,48188,79,360304,371,408492,450,1,654,4,1480,684,0,"Knox County",470313,167.760618992033,0.156049250535332,95.6809614023002,20.6245627911625,15.6049250535332
2021-07-25,52871,51,43958,43,8913,8,48109,44,359933,320,408042,364,3,653,5,1476,684,1,"Knox County",470313,156.278903623757,0.151942446043165,77.3952665565272,10.8438422922607,15.1942446043165
2021-07-24,52820,64,43915,43,8905,21,48065,44,359613,348,407678,392,0,650,1,1471,683,2,"Knox County",470313,147.773929276886,0.148235294117647,83.348748599337,13.6079589549938,14.8235294117647
2021-07-23,52756,56,43872,31,8884,25,48021,32,359265,321,407286,353,1,650,3,1470,681,1,"Knox County",470313,134.591219039236,0.134175691937425,75.0563986111377,11.9069640856196,13.4175691937425
2021-07-22,52700,94,43841,69,8859,25,47989,78,358944,474,406933,552,0,649,3,1467,680,0,"Knox County",470313,129.700858789785,0.137142857142857,117.368645986822,19.9866897151471,13.7142857142857
2021-07-21,52606,61,43772,47,8834,14,47911,46,358470,411,406381,457,1,649,1,1464,680,0,"Knox County",470313,114.81715368276,0.129165344335132,97.1693319130026,12.9700858789785,12.9165344335132
2021-07-20,52545,78,43725,43,8820,35,47865,45,358059,299,405924,344,0,648,3,1463,680,0,"Knox County",470313,106.524803694561,0.126373626373626,73.1427793830917,16.5846999763987,12.6373626373626
2021-07-19,52467,48,43682,36,8785,12,47820,42,357760,348,405580,390,0,648,0,1460,680,0,"Knox County",470313,96.1062101196437,0.116058906030856,82.9234998819935,10.2059692162454,11.6058906030856
2021-07-18,52419,36,43646,30,8773,6,47778,31,357412,271,405190,302,0,648,1,1460,680,1,"Knox County",470313,92.9168447395671,0.113978494623656,64.212556318877,7.65447691218401,11.3978494623656
2021-07-17,52383,27,43616,20,8767,7,47747,21,357141,202,404888,223,0,648,1,1459,679,0,"Knox County",470313,85.0497434687113,0.112552460892789,47.4152319838065,5.74085768413801,11.2552460892789
2021-07-16,52356,37,43596,21,8760,16,47726,22,356939,291,404665,313,0,648,1,1458,679,0,"Knox County",470313,81.0098806539475,0.110422316931422,66.5514242642666,7.86710127085579,11.0422316931422
2021-07-15,52319,55,43575,42,8744,13,47704,44,356648,364,404352,408,-1,648,1,1457,679,0,"Knox County",470313,72.7175306657481,0.10299548625359,86.7507383380855,11.6943397269478,10.299548625359
2021-07-14,52264,21,43533,17,8731,4,47660,16,356284,269,403944,285,0,649,2,1456,679,0,"Knox County",470313,64.212556318877,0.0975717439293598,60.5979422214568,4.46511153210734,9.75717439293598
2021-07-13,52243,42,43516,26,8727,16,47644,29,356015,355,403659,384,3,649,3,1454,679,0,"Knox County",470313,56.558079406693,0.0889370932754881,81.6477537299628,8.93022306421468,8.89370932754881
2021-07-12,52201,27,43490,21,8711,6,47615,23,355660,270,403275,293,0,646,1,1451,679,1,"Knox County",470313,52.0929678745856,0.0842391304347826,62.298937090831,5.74085768413801,8.42391304347826
2021-07-11,52174,8,43469,3,8705,5,47592,4,355390,136,402982,140,0,646,0,1450,678,0,"Knox County",470313,46.1394858317759,0.0777126099706745,29.7674102140489,1.70099486937423,7.77126099706745
2021-07-10,52166,19,43466,15,8700,4,47588,15,355254,191,402842,206,0,646,1,1450,678,0,"Knox County",470313,44.4384909624016,0.0754066042385411,43.8006178863863,4.03986281476378,7.54066042385411
2021-07-09,52147,27,43451,21,8696,6,47573,21,355063,338,402636,359,0,646,0,1449,678,1,"Knox County",470313,42.3122473756839,0.0732530120481928,76.3321447631684,5.74085768413801,7.32530120481928
2021-07-08,52120,19,43430,14,8690,5,47552,16,354725,317,402277,333,0,646,0,1449,677,2,"Knox County",470313,34.6577704634998,0.062,70.8039114377021,4.03986281476378,6.2
2021-07-07,52101,18,43416,5,8685,13,47536,5,354408,333,401944,338,1,646,1,1449,675,0,"Knox County",470313,34.0198973874845,0.055041402825134,71.867033231061,3.82723845609201,5.5041402825134
2021-07-06,52083,24,43411,9,8672,15,47531,13,354075,263,401606,276,0,645,2,1448,675,0,"Knox County",470313,30.1926589313925,0.0498714652956298,58.6843229934108,5.10298460812268,4.98714652956298
2021-07-05,52059,10,43402,7,8657,3,47518,6,353812,105,401330,111,0,645,1,1446,675,0,"Knox County",470313,26.5780448339723,0.0453771979580261,23.6013038125674,2.12624358671778,4.53771979580261
2021-07-04,52049,8,43395,7,8654,1,47512,7,353707,143,401219,150,0,645,1,1445,675,0,"Knox County",470313,26.5780448339723,0.0468133107727016,31.8936538007667,1.70099486937423,4.68133107727016
2021-07-03,52041,9,43388,7,8653,2,47505,7,353564,184,401069,191,0,645,1,1444,675,0,"Knox County",470313,24.4518012472545,0.0426621160409556,40.6112525063096,1.913619228046,4.26621160409556
2021-07-02,52032,17,43381,13,8651,4,47498,17,353380,342,400878,359,-1,645,0,1443,675,0,"Knox County",470313,22.3255576605367,0.040386803185438,76.3321447631684,3.61461409742023,4.0386803185438
2021-07-01,52015,18,43368,15,8647,3,47481,17,353038,248,400519,265,-1,646,1,1443,675,0,"Knox County",470313,22.1129333018649,0.042603550295858,56.3454550480212,3.82723845609201,4.2603550295858
2021-06-30,51997,18,43353,12,8644,6,47464,11,352790,299,400254,310,0,647,0,1442,675,0,"Knox County",470313,22.1129333018649,0.0469314079422383,65.9135511882512,3.82723845609201,4.69314079422383
2021-06-29,51979,21,43341,16,8638,5,47453,19,352491,437,399944,456,0,647,1,1442,675,0,"Knox County",470313,21.4750602258496,0.0456026058631922,96.9567075543308,4.46511153210734,4.56026058631922
2021-06-28,51958,9,43325,2,8633,7,47434,2,352054,113,399488,115,0,647,0,1441,675,0,"Knox County",470313,21.2624358671778,0.0433369447453954,24.4518012472545,1.913619228046,4.33369447453954
2021-06-27,51949,5,43323,3,8626,2,47432,3,351941,151,399373,154,0,647,0,1441,675,0,"Knox County",470313,20.6245627911625,0.0410810810810811,32.7441512354538,1.06312179335889,4.10810810810811
2021-06-26,51944,3,43320,2,8624,1,47429,2,351790,206,399219,208,0,647,0,1441,675,0,"Knox County",470313,19.3488166391318,0.0380289234065345,44.2258666037299,0.637873076015334,3.80289234065345
2021-06-25,51941,13,43318,9,8623,4,47427,11,351584,311,399011,322,0,647,0,1441,675,0,"Knox County",470313,18.4983192044447,0.0355191256830601,68.4650434923126,2.76411666273312,3.55191256830601
2021-06-24,51928,14,43309,9,8619,5,47416,10,351273,364,398689,374,1,647,1,1441,675,1,"Knox County",470313,17.6478217697576,0.0299123259412068,79.521510143245,2.97674102140489,2.99123259412068
2021-06-23,51914,13,43300,6,8614,7,47406,8,350909,282,398315,290,0,646,0,1440,674,1,"Knox County",470313,16.5846999763987,0.0286607608129234,61.6610640148157,2.76411666273312,2.86607608129234
2021-06-22,51901,14,43294,5,8607,9,47398,5,350627,247,398025,252,2,646,1,1440,673,1,"Knox County",470313,15.0963294656962,0.0239067055393586,53.5813383852881,2.97674102140489,2.39067055393586
2021-06-21,51887,9,43289,8,8598,1,47393,9,350380,289,397773,298,0,644,1,1439,672,0,"Knox County",470313,15.0963294656962,0.0252897787144362,63.3620588841899,1.913619228046,2.52897787144363
2021-06-20,51878,3,43281,2,8597,1,47384,3,350091,161,397475,164,1,644,0,1438,672,0,"Knox County",470313,14.6710807483527,0.0251572327044025,34.8703948221716,0.637873076015334,2.51572327044025
2021-06-19,51875,3,43279,1,8596,2,47381,1,349930,191,397311,192,0,643,0,1438,672,0,"Knox County",470313,14.6710807483527,0.0248414376321353,40.8238768649814,0.637873076015334,2.48414376321353
2021-06-18,51872,5,43278,3,8594,2,47380,3,349739,283,397119,286,1,643,0,1438,672,0,"Knox County",470313,12.9700858789785,0.0210129310344828,60.8105665801286,1.06312179335889,2.10129310344828
2021-06-17,51867,12,43275,8,8592,4,47377,9,349456,515,396833,524,0,642,0,1438,672,1,"Knox County",470313,12.5448371616349,0.0189431704885344,111.415163944012,2.55149230406134,1.89431704885344
2021-06-16,51855,7,43267,4,8588,3,47368,4,348941,362,396309,366,1,642,0,1438,671,0,"Knox County",470313,11.2690910096042,0.0163304514889529,77.8205152738708,1.48837051070245,1.63304514889529
2021-06-15,51848,13,43263,9,8585,4,47364,14,348579,428,395943,442,0,641,0,1438,671,0,"Knox County",470313,11.0564666509325,0.0189260563380282,93.9799665329259,2.76411666273312,1.89260563380282
2021-06-14,51835,7,43254,2,8581,5,47350,3,348151,259,395501,262,1,641,0,1438,671,0,"Knox County",470313,10.6312179335889,0.0165474060822898,55.7075819720059,1.48837051070245,1.65474060822898
2021-06-13,51828,3,43252,3,8576,0,47347,4,347892,128,395239,132,0,640,1,1438,671,0,"Knox County",470313,10.6312179335889,0.0172413793103448,28.0664153446747,0.637873076015334,1.72413793103448
2021-06-12,51825,2,43249,1,8576,1,47343,1,347764,226,395107,227,0,640,0,1437,671,1,"Knox County",470313,10.4185935749171,0.0169718624385887,48.2657294184936,0.425248717343556,1.69718624385887
2021-06-11,51823,7,43248,3,8575,4,47342,2,347538,317,394880,319,0,640,0,1437,670,1,"Knox County",470313,10.8438422922607,0.0162852112676056,67.8271704162972,1.48837051070245,1.62852112676056
2021-06-10,51816,7,43245,4,8571,3,47340,5,347221,358,394561,363,0,640,0,1437,669,0,"Knox County",470313,9.7807204989018,0.0156324017053529,77.1826421978555,1.48837051070245,1.56324017053529
2021-06-09,51809,2,43241,1,8568,1,47335,1,346863,367,394198,368,1,640,0,1437,669,1,"Knox County",470313,8.7175987055429,0.0141978230004733,78.2457639912144,0.425248717343556,1.41978230004733
2021-06-08,51807,5,43240,3,8567,2,47334,4,346496,266,393830,270,1,639,0,1437,668,1,"Knox County",470313,7.01660383616868,0.0103039670273055,57.4085768413801,1.06312179335889,1.03039670273055
2021-06-07,51802,16,43237,10,8565,6,47330,10,346230,316,393560,326,0,638,2,1437,667,0,"Knox County",470313,8.93022306421468,0.0134663341645885,69.3155409269997,3.40198973874845,1.34663341645885
2021-06-06,51786,4,43227,2,8559,2,47320,2,345914,178,393234,180,0,638,0,1435,667,1,"Knox County",470313,9.14284742288646,0.0121773015099854,38.2723845609201,0.850497434687113,1.21773015099854
2021-06-05,51782,5,43225,2,8557,3,47318,3,345736,258,393054,261,0,638,0,1435,666,0,"Knox County",470313,9.7807204989018,0.0129372304743651,55.4949576133341,1.06312179335889,1.29372304743651
2021-06-04,51777,7,43223,2,8554,5,47315,3,345478,325,392793,328,1,638,0,1435,666,0,"Knox County",470313,9.7807204989018,0.0133587786259542,69.7407896443432,1.48837051070245,1.33587786259542
2021-06-03,51770,7,43221,4,8549,3,47312,6,345153,458,392465,464,0,637,0,1435,666,0,"Knox County",470313,9.7807204989018,0.0131998179335457,98.6577024237051,1.48837051070245,1.31998179335457
2021-06-02,51763,20,43217,7,8546,13,47306,6,344695,282,392001,288,0,637,1,1435,666,0,"Knox County",470313,13.6079589549938,0.0160604629192253,61.2358152974721,4.25248717343556,1.60604629192253
2021-06-01,51743,12,43210,9,8533,3,47300,10,344413,291,391713,301,0,637,1,1434,666,0,"Knox County",470313,15.0963294656962,0.0186219739292365,63.9999319602052,2.55149230406134,1.86219739292365
2021-05-31,51731,17,43201,14,8530,3,47290,12,344122,353,391412,365,0,637,0,1433,666,0,"Knox County",470313,15.308953824368,0.0192043895747599,77.607890915199,3.61461409742023,1.92043895747599
2021-05-30,51714,3,43187,1,8527,2,47278,1,343769,203,391047,204,0,637,0,1433,666,1,"Knox County",470313,15.0963294656962,0.018543645409317,43.3753691690427,0.637873076015334,1.85436454093171
2021-05-29,51711,14,43186,8,8525,6,47277,6,343566,199,390843,205,0,637,1,1433,665,2,"Knox County",470313,17.0099486937423,0.0204176334106729,43.5879935277145,2.97674102140489,2.04176334106729
2021-05-28,51697,11,43178,6,8519,5,47271,10,343367,390,390638,400,0,637,1,1432,663,0,"Knox County",470313,17.8604461284294,0.0229007633587786,85.0497434687113,2.33886794538956,2.29007633587786
2021-05-27,51686,23,43172,8,8514,15,47261,9,342977,341,390238,350,0,637,1,1431,663,0,"Knox County",470313,21.2624358671778,0.0255560814008519,74.4185255351224,4.8903602494509,2.55560814008519
2021-05-26,51663,16,43164,8,8499,8,47252,11,342636,572,389888,583,0,637,0,1430,663,0,"Knox County",470313,20.4119384324907,0.0245016611295681,123.960001105647,3.40198973874845,2.45016611295681
2021-05-25,51647,18,43156,8,8491,10,47241,7,342064,311,389305,318,0,637,1,1430,663,0,"Knox County",470313,21.6876845845214,0.0230927835051546,67.6145460576254,3.82723845609201,2.30927835051546
2021-05-24,51629,25,43148,21,8481,4,47234,24,341753,425,388987,449,0,637,1,1429,663,1,"Knox County",470313,23.3886794538956,0.027102431247509,95.4683370436284,5.31560896679445,2.7102431247509
2021-05-23,51604,16,43127,8,8477,8,47210,8,341328,225,388538,233,1,637,1,1428,662,1,"Knox County",470313,26.1527961166287,0.0295508274231678,49.5414755705243,3.40198973874845,2.95508274231678
2021-05-22,51588,8,43119,4,8469,4,47202,4,341103,269,388305,273,0,636,0,1427,661,0,"Knox County",470313,24.877049964598,0.0280122793553338,58.0464499173954,1.70099486937423,2.80122793553338
2021-05-21,51580,16,43115,12,8465,4,47198,13,340834,377,388032,390,0,636,1,1427,661,1,"Knox County",470313,25.9401717579569,0.0292758089368259,82.9234998819935,3.40198973874845,2.92758089368259
2021-05-20,51564,34,43103,26,8461,8,47185,27,340457,594,387642,621,0,636,1,1426,660,1,"Knox County",470313,28.2790397033465,0.0327868852459016,132.039726735174,7.22922819484046,3.27868852459016
2021-05-19,51530,14,43077,6,8453,8,47158,6,339863,544,387021,550,0,636,1,1425,659,0,"Knox County",470313,27.8537909860029,0.0314043754410727,116.943397269478,2.97674102140489,3.14043754410727
2021-05-18,51516,24,43071,14,8445,10,47152,14,339319,444,386471,458,1,636,0,1424,659,1,"Knox County",470313,29.1295371380336,0.0322797579018157,97.3819562716744,5.10298460812268,3.22797579018157
2021-05-17,51492,15,43057,8,8435,7,47138,8,338875,420,386013,428,0,635,0,1424,658,0,"Knox County",470313,27.0032935513158,0.0270910938029123,91.0032255115211,3.18936538007667,2.70910938029123
2021-05-16,51477,22,43049,13,8428,9,47130,12,338455,272,385585,284,1,635,1,1424,658,1,"Knox County",470313,28.2790397033465,0.0279627163781625,60.385317862785,4.67773589077912,2.79627163781625
2021-05-15,51455,23,43036,13,8419,10,47118,17,338183,336,385301,353,0,634,2,1423,657,1,"Knox County",470313,31.4684050834232,0.0314526588845655,75.0563986111377,4.8903602494509,3.14526588845655
2021-05-14,51432,36,43023,25,8409,11,47101,26,337847,498,384948,524,0,634,4,1421,656,0,"Knox County",470313,35.7208922568587,0.0341827221876942,111.415163944012,7.65447691218401,3.41827221876942
2021-05-13,51396,31,42998,17,8398,14,47075,17,337349,376,384424,393,0,634,0,1417,656,0,"Knox County",470313,35.0830191808434,0.0334448160535117,83.5613729580088,6.59135511882512,3.34448160535117
2021-05-12,51365,34,42981,28,8384,6,47058,26,336973,506,384031,532,0,634,0,1417,656,0,"Knox County",470313,39.335506354279,0.0403768506056528,113.116158813386,7.22922819484046,4.03768506056528
2021-05-11,51331,36,42953,30,8378,6,47032,31,336467,555,383499,586,0,634,4,1417,656,0,"Knox County",470313,41.8869986583403,0.0441935483870968,124.597874181662,7.65447691218401,4.41935483870968
2021-05-10,51295,21,42923,14,8372,7,47001,13,335912,277,382913,290,1,634,1,1413,656,1,"Knox County",470313,43.162744810371,0.0479405806887238,61.6610640148157,4.46511153210734,4.79405806887238
2021-05-09,51274,17,42909,14,8365,3,46988,17,335635,369,382623,386,0,633,1,1412,655,0,"Knox County",470313,42.0996230170121,0.047976501305483,82.0730024473064,3.61461409742023,4.7976501305483
2021-05-08,51257,20,42895,11,8362,9,46971,14,335266,307,382237,321,0,633,1,1411,655,0,"Knox County",470313,41.4617499409967,0.0474934036939314,68.2524191336408,4.25248717343556,4.74934036939314
2021-05-07,51237,43,42884,31,8353,12,46957,33,334959,576,381916,609,0,633,0,1410,655,0,"Knox County",470313,42.9501204516992,0.0484440166827077,129.488234431113,9.14284742288646,4.84440166827077
2021-05-06,51194,40,42853,26,8341,14,46924,28,334383,340,381307,368,1,633,0,1410,655,1,"Knox County",470313,44.8637396797452,0.0523932729624838,78.2457639912144,8.50497434687113,5.23932729624838
2021-05-05,51154,51,42827,32,8327,19,46896,38,334043,585,380939,623,0,632,4,1410,654,0,"Knox County",470313,48.4783537771654,0.0546654099905749,132.464975452518,10.8438422922607,5.46654099905749
2021-05-04,51103,50,42795,32,8308,18,46858,34,333458,536,380316,570,0,632,0,1406,654,0,"Knox County",470313,51.4550947985703,0.0558888538048626,121.195884442914,10.6312179335889,5.58888538048626
2021-05-03,51053,24,42763,9,8290,15,46824,7,332922,309,379746,316,1,632,1,1406,654,1,"Knox County",470313,52.0929678745856,0.053554650798622,67.1892973402819,5.10298460812268,5.3554650798622
2021-05-02,51029,25,42754,18,8275,7,46817,20,332613,288,379430,308,0,631,2,1405,653,0,"Knox County",470313,53.7939627439599,0.0558587479935795,65.4883024709077,5.31560896679445,5.58587479935795
2021-05-01,51004,45,42736,35,8268,10,46797,37,332325,450,379122,487,0,631,2,1403,653,0,"Knox County",470313,59.1095717107543,0.060042669917708,103.548062673156,9.56809614023002,6.0042669917708
2021-04-30,50959,58,42701,30,8258,28,46760,29,331875,567,378635,596,0,631,3,1401,653,1,"Knox County",470313,62.298937090831,0.0590575275397797,126.72411776838,12.3322128029631,5.90575275397797
2021-04-29,50901,54,42671,34,8230,20,46731,35,331308,571,378039,606,0,631,2,1398,652,0,"Knox County",470313,65.2756781122359,0.0570450656018254,128.850361355098,11.481715368276,5.70450656018254
2021-04-28,50847,47,42637,28,8210,19,46696,34,330737,543,377433,577,4,631,1,1396,652,2,"Knox County",470313,64.4251806775488,0.0566473988439306,122.684254953616,9.99334485757357,5.66473988439306
2021-04-27,50800,39,42609,17,8191,22,46662,20,330194,392,376856,412,1,627,2,1395,650,1,"Knox County",470313,62.0863127321592,0.0551181102362205,87.6012357727726,8.29234998819935,5.51181102362205
2021-04-26,50761,69,42592,36,8169,33,46642,40,329802,480,376444,520,1,626,0,1393,649,2,"Knox County",470313,71.6544088723892,0.0613234455219624,110.564666509325,14.6710807483527,6.13234455219624
2021-04-25,50692,38,42556,25,8136,13,46602,26,329322,341,375924,367,0,625,3,1393,647,0,"Knox County",470313,74.4185255351224,0.0619915848527349,78.0331396325426,8.07972562952757,6.19915848527349
2021-04-24,50654,35,42531,22,8123,13,46576,28,328981,509,375557,537,0,625,3,1390,647,1,"Knox County",470313,72.2922819484046,0.0586445366528354,114.179280606745,7.44185255351224,5.86445366528354
2021-04-23,50619,43,42509,31,8110,12,46548,36,328472,553,375020,589,0,625,2,1387,646,1,"Knox County",470313,69.1029165683279,0.0606984478935698,125.235747257677,9.14284742288646,6.06984478935698
2021-04-22,50576,79,42478,62,8098,17,46512,65,327919,787,374431,852,1,625,1,1385,645,1,"Knox County",470313,74.4185255351224,0.0646081992734821,181.155953588355,16.7973243350705,6.46081992734821
2021-04-21,50497,62,42416,34,8081,28,46447,35,327132,479,373579,514,1,624,1,1384,644,1,"Knox County",470313,77.607890915199,0.065945660775521,109.288920357294,13.1827102376502,6.5945660775521
2021-04-20,50435,38,42382,34,8053,4,46412,38,326653,474,373065,512,1,623,1,1383,643,1,"Knox County",470313,77.3952665565272,0.0688768953996402,108.86367163995,8.07972562952757,6.88768953996402
2021-04-19,50397,65,42348,41,8049,24,46374,39,326179,336,372553,375,0,622,0,1382,642,0,"Knox County",470313,76.5447691218401,0.0712760277629471,79.7341345019168,13.8205833136656,7.12760277629471
2021-04-18,50332,38,42307,27,8025,11,46335,32,325843,364,372178,396,0,622,1,1382,642,1,"Knox County",470313,76.5447691218401,0.072317880794702,84.1992460340241,8.07972562952757,7.2317880794702
2021-04-17,50294,37,42280,18,8014,19,46303,23,325479,335,371782,358,0,622,1,1381,641,0,"Knox County",470313,76.9700178391837,0.0745272525027809,76.1195204044966,7.86710127085579,7.45272525027809
2021-04-16,50257,346,42262,330,7995,16,46280,368,325144,2088,371424,2456,1,622,4,1380,641,1,"Knox County",470313,141.395198516732,0.109829763866008,522.205424897887,73.5680281004352,10.9829763866008
2021-04-15,49911,86,41932,54,7979,32,45912,55,323056,577,368968,632,1,621,0,1376,640,1,"Knox County",470313,142.883569027435,0.112530993705894,134.378594680564,18.2856948457729,11.2530993705894
2021-04-14,49825,85,41878,60,7947,25,45857,62,322479,684,368336,746,0,620,3,1376,639,0,"Knox County",470313,147.773929276886,0.112694063926941,158.617771569146,18.0730704871011,11.2694063926941
2021-04-13,49740,68,41818,38,7922,30,45795,43,321795,339,367590,382,-5,620,1,1373,639,0,"Knox County",470313,154.152660037039,0.116370439663237,81.2225050126193,14.4584563896809,11.6370439663237
2021-04-12,49672,63,41780,43,7892,20,45752,50,321456,360,367208,410,1,625,0,1372,639,1,"Knox County",470313,153.727411319696,0.117657992565056,87.175987055429,13.395334596322,11.7657992565056
2021-04-11,49609,26,41737,14,7872,12,45702,14,321096,296,366798,310,2,624,0,1372,638,0,"Knox County",470313,151.175919015634,0.116169248205516,65.9135511882512,5.52823332546623,11.6169248205516
2021-04-10,49583,50,41723,33,7860,17,45688,41,320800,571,366488,612,0,622,1,1372,638,1,"Knox County",470313,153.940035678367,0.114095169430425,130.126107507128,10.6312179335889,11.4095169430425
2021-04-09,49533,82,41690,62,7843,20,45647,71,320229,620,365876,691,5,622,2,1371,637,0,"Knox County",470313,97.8072049890179,0.0888183980967486,146.923431842199,17.4351974110858,8.88183980967486
2021-04-08,49451,49,41628,26,7823,23,45576,26,319609,465,365185,491,-6,617,0,1369,637,1,"Knox County",470313,89.9401037181622,0.0842943437671609,104.398560107843,10.4185935749171,8.42943437671609
2021-04-07,49402,77,41602,54,7800,23,45550,57,319144,767,364694,824,2,623,1,1369,636,0,"Knox County",470313,88.2391088487879,0.0811827956989247,175.202471545545,16.3720756177269,8.11827956989247
2021-04-06,49325,75,41548,41,7777,34,45493,45,318377,420,363870,465,2,621,0,1368,636,0,"Knox County",470313,89.7274793594904,0.0799368919274257,98.8703267823768,15.9468269003834,7.99368919274257
2021-04-05,49250,44,41507,32,7743,12,45448,35,317957,266,363405,301,0,619,3,1368,636,2,"Knox County",470313,85.6876165447266,0.0782349756361668,63.9999319602052,9.35547178155824,7.82349756361668
2021-04-04,49206,49,41475,31,7731,18,45413,40,317691,341,363104,381,3,619,0,1365,634,1,"Knox County",470313,90.5779767941775,0.0836653386454183,81.0098806539475,10.4185935749171,8.36653386454183
2021-04-03,49157,81,41444,64,7713,17,45373,71,317350,593,362723,664,0,616,0,1365,633,3,"Knox County",470313,97.1693319130026,0.090385119203563,141.182574158061,17.222573052414,9.0385119203563
2021-04-02,49076,74,41380,43,7696,31,45302,45,316757,529,362059,574,0,616,2,1365,630,2,"Knox County",470313,95.4683370436284,0.0862162162162162,122.046381877601,15.7342025417116,8.62162162162162
2021-04-01,49002,76,41337,64,7665,12,45257,67,316228,580,361485,647,1,616,1,1363,628,0,"Knox County",470313,101.209194727766,0.0933609958506224,137.56796006064,16.1594512590551,9.33609958506224
2021-03-31,48926,87,41273,66,7653,21,45190,72,315648,765,360838,837,3,615,2,1362,628,2,"Knox County",470313,103.335438314484,0.0969242698371672,177.966588208278,18.4983192044447,9.69242698371672
2021-03-30,48839,56,41207,32,7632,24,45118,38,314883,460,360001,498,1,612,2,1360,626,2,"Knox County",470313,99.2955754997204,0.0943106099436187,105.886930618546,11.9069640856196,9.43106099436187
2021-03-29,48783,43,41175,21,7608,22,45080,22,314423,399,359503,421,5,611,0,1358,624,1,"Knox County",470313,99.0829511410486,0.0882645450024863,89.5148550008186,9.14284742288646,8.82645450024863
2021-03-28,48740,80,41154,46,7586,34,45058,49,314024,484,359082,533,2,606,5,1358,623,1,"Knox County",470313,105.674306259874,0.0872065165309056,113.328783172058,17.0099486937423,8.72065165309056
2021-03-27,48660,43,41108,40,7552,3,45009,42,313540,442,358549,484,0,604,2,1353,622,2,"Knox County",470313,97.5945806303462,0.0838758137205809,102.910189597141,9.14284742288646,8.38758137205809
2021-03-26,48617,79,41068,54,7549,25,44967,60,313098,416,358065,476,0,604,2,1351,620,2,"Knox County",470313,98.6577024237051,0.0898357289527721,101.209194727766,16.7973243350705,8.98357289527721
2021-03-25,48538,88,41014,64,7524,24,44907,67,312682,570,357589,637,0,604,4,1349,618,1,"Knox County",470313,101.209194727766,0.0900669068450849,135.441716473923,18.7109435631165,9.00669068450849
2021-03-24,48450,123,40950,92,7500,31,44840,95,312112,780,356952,875,1,604,3,1345,617,1,"Knox County",470313,108.86367163995,0.0950560652395515,186.046313837806,26.1527961166287,9.50560652395515
2021-03-23,48327,88,40858,58,7469,30,44745,63,311332,530,356077,593,1,603,3,1342,616,1,"Knox County",470313,115.667651117447,0.0990296093555611,126.086244692364,18.7109435631165,9.90296093555611
2021-03-22,48239,115,40800,79,7439,36,44682,81,310802,517,355484,598,2,602,1,1339,615,0,"Knox County",470313,130.976604941815,0.108913250714967,127.149366485723,24.4518012472545,10.8913250714967
2021-03-21,48124,50,40721,33,7403,17,44601,34,310285,330,354886,364,-2,600,1,1338,615,1,"Knox County",470313,124.597874181662,0.109759125900174,77.3952665565272,10.6312179335889,10.9759125900174
2021-03-20,48074,59,40688,29,7386,30,44567,33,309955,315,354522,348,0,602,4,1337,614,0,"Knox County",470313,127.99986392041,0.111282446671807,73.9932768177788,12.5448371616349,11.1282446671807
2021-03-19,48015,146,40659,102,7356,44,44534,117,309640,955,354174,1072,3,602,3,1333,614,1,"Knox County",470313,142.24569595142,0.109204368174727,227.933312496146,31.0431563660796,10.9204368174727
2021-03-18,47869,68,40557,50,7312,18,44417,66,308685,627,353102,693,2,599,1,1330,613,0,"Knox County",470313,137.993208777984,0.107638124587277,147.348680559542,14.4584563896809,10.7638124587277
2021-03-17,47801,46,40507,36,7294,10,44351,41,308058,498,352409,539,1,597,3,1329,613,2,"Knox County",470313,121.621133160257,0.103399096743523,114.604529324088,9.7807204989018,10.3399096743523
2021-03-16,47755,128,40471,84,7284,44,44310,100,307560,698,351870,798,0,596,3,1326,611,1,"Knox County",470313,130.126107507128,0.106980961015413,169.674238220079,27.2159179099876,10.6980961015413
2021-03-15,47627,44,40387,28,7240,16,44210,39,306862,290,351072,329,1,596,1,1323,610,1,"Knox County",470313,115.029778041432,0.103789524499155,69.953414003015,9.35547178155824,10.3789524499155
2021-03-14,47583,60,40359,38,7224,22,44171,46,306572,405,350743,451,0,595,0,1322,609,0,"Knox County",470313,117.15602162815,0.104491725768322,95.893585760972,12.7574615203067,10.4491725768322
2021-03-13,47523,71,40321,34,7202,37,44125,41,306167,623,350292,664,1,595,1,1322,609,2,"Knox County",470313,119.707513932211,0.098988121425429,141.182574158061,15.0963294656962,9.8988121425429
2021-03-12,47452,63,40287,60,7165,3,44084,67,305544,691,349628,758,0,594,1,1321,607,2,"Knox County",470313,102.059692162454,0.0945179584120983,161.169263873208,13.395334596322,9.45179584120983
2021-03-11,47389,82,40227,55,7162,27,44017,66,304853,627,348870,693,2,594,0,1320,605,1,"Knox County",470313,105.036433183858,0.0945179584120983,147.348680559542,17.4351974110858,9.45179584120983
2021-03-10,47307,95,40172,72,7135,23,43951,82,304226,1001,348177,1083,2,592,0,1320,604,0,"Knox County",470313,115.455026758776,0.0923366834170854,230.272180441536,20.1993140738189,9.23366834170854
2021-03-09,47212,80,40100,50,7112,30,43869,55,303225,597,347094,652,0,590,2,1320,604,5,"Knox County",470313,105.24905754253,0.0855291576673866,138.631081853999,17.0099486937423,8.55291576673866
2021-03-08,47132,85,40050,57,7082,28,43814,63,302628,411,346442,474,1,590,0,1318,599,2,"Knox County",470313,113.966656248073,0.0879581151832461,100.783946010423,18.0730704871011,8.79581151832461
2021-03-07,47047,64,39993,40,7054,24,43751,42,302217,327,345968,369,0,589,0,1318,597,0,"Knox County",470313,114.81715368276,0.0886426592797784,78.4583883498861,13.6079589549938,8.86426592797784
2021-03-06,46983,125,39953,87,7030,38,43709,95,301890,848,345599,943,0,589,1,1318,597,0,"Knox County",470313,126.298869051036,0.0945293644408689,200.504770227487,26.5780448339723,9.45293644408689
2021-03-05,46858,70,39866,44,6992,26,43614,49,301042,520,344656,569,2,589,2,1317,597,2,"Knox County",470313,127.787239561739,0.0945013589797198,120.983260084242,14.8837051070245,9.45013589797198
2021-03-04,46788,113,39822,86,6966,27,43565,100,300522,1094,344087,1194,5,587,2,1315,595,2,"Knox County",470313,134.378594680564,0.0919757759273278,253.873484254103,24.0265525299109,9.19757759273278
2021-03-03,46675,74,39736,33,6939,41,43465,40,299428,497,342893,537,1,582,4,1313,593,1,"Knox County",470313,129.913483148456,0.0937104263402279,114.179280606745,15.7342025417116,9.37104263402279
2021-03-02,46601,133,39703,91,6898,42,43425,99,298931,807,342356,906,-1,581,2,1309,592,5,"Knox County",470313,141.182574158061,0.0977564102564103,192.637668956631,28.2790397033465,9.77564102564103
2021-03-01,46468,59,39612,33,6856,26,43326,35,298124,165,341450,200,1,582,1,1307,587,0,"Knox County",470313,135.654340832594,0.0974989402289105,42.5248717343556,12.5448371616349,9.74989402289106
2021-02-28,46409,77,39579,53,6830,24,43291,63,297959,563,341250,626,2,581,2,1306,587,1,"Knox County",470313,138.418457495328,0.0966834170854271,133.102848528533,16.3720756177269,9.66834170854271
2021-02-27,46332,82,39526,47,6806,35,43228,59,297396,670,340624,729,1,579,3,1304,586,1,"Knox County",470313,129.275610072441,0.0934677588741861,155.003157471726,17.4351974110858,9.34677588741861
2021-02-26,46250,107,39479,70,6771,37,43169,81,296726,505,339895,586,5,578,1,1301,585,0,"Knox County",470313,137.142711343297,0.0998325659271662,124.597874181662,22.7508063778803,9.98325659271662
2021-02-25,46143,131,39409,92,6734,39,43088,98,296221,1029,339309,1127,2,573,5,1300,585,1,"Knox County",470313,140.969949799389,0.100827849713437,239.627652223094,27.8537909860029,10.0827849713437
2021-02-24,46012,102,39317,72,6695,30,42990,80,295192,969,338182,1049,2,571,2,1295,584,1,"Knox County",470313,146.923431842199,0.0986023358223243,223.042952246695,21.6876845845214,9.86023358223243
2021-02-23,45910,122,39245,68,6665,54,42910,75,294223,758,337133,833,5,569,6,1293,583,2,"Knox County",470313,144.584563896809,0.0953398058252427,177.116090773591,25.9401717579569,9.53398058252427
2021-02-22,45788,62,39177,33,6611,29,42835,38,293465,306,336300,344,3,564,3,1287,581,2,"Knox County",470313,145.222436972824,0.0933131847374386,73.1427793830917,13.1827102376502,9.33131847374386
2021-02-21,45726,82,39144,41,6582,41,42797,45,293159,499,335956,544,2,561,3,1284,579,3,"Knox County",470313,146.285558766183,0.091327705295472,115.667651117447,17.4351974110858,9.1327705295472
2021-02-20,45644,137,39103,98,6541,39,42752,115,292660,1007,335412,1122,1,559,2,1281,576,1,"Knox County",470313,157.979898493131,0.0949152542372881,238.564530429735,29.1295371380336,9.49152542372881
2021-02-19,45507,94,39005,42,6502,52,42637,48,291653,274,334290,322,1,558,2,1279,575,2,"Knox County",470313,155.215781830398,0.0934281969668601,68.4650434923126,19.9866897151471,9.34281969668601
2021-02-18,45413,154,38963,110,6450,44,42589,119,291379,987,333968,1106,4,557,5,1277,573,6,"Knox County",470313,160.106142079849,0.0977443609022556,235.162540690987,32.7441512354538,9.77443609022556
2021-02-17,45259,114,38853,68,6406,46,42470,76,290392,891,332862,967,1,553,4,1272,567,3,"Knox County",470313,162.65763438391,0.0985108820160367,205.607754835609,24.2391768885827,9.85108820160367
2021-02-16,45145,145,38785,89,6360,56,42394,102,289501,818,331895,920,2,552,4,1268,564,0,"Knox County",470313,167.547994633361,0.101971830985915,195.614409978036,30.8305320074078,10.1971830985915
2021-02-15,45000,76,38696,36,6304,40,42292,44,288683,312,330975,356,2,550,1,1264,564,1,"Knox County",470313,170.524735654766,0.102866779089376,75.694271687153,16.1594512590551,10.2866779089376
2021-02-14,44924,164,38660,134,6264,30,42248,134,288371,706,330619,840,2,548,5,1263,563,1,"Knox County",470313,187.959933065852,0.113261139712409,178.604461284294,34.8703948221716,11.3261139712409
2021-02-13,44760,134,38526,90,6234,44,42114,105,287665,870,329779,975,4,546,6,1258,562,4,"Knox County",470313,187.322059989837,0.114473204520598,207.308749704984,28.4916640620183,11.4473204520598
2021-02-12,44626,179,38436,114,6190,65,42009,123,286795,996,328804,1119,3,542,3,1252,558,1,"Knox County",470313,205.395130476938,0.111889224892567,237.92665735372,38.0597602022483,11.1889224892567
2021-02-11,44447,163,38322,113,6125,50,41886,118,285799,1132,327685,1250,5,539,5,1249,557,2,"Knox County",470313,207.308749704984,0.109226699859966,265.780448339723,34.6577704634998,10.9226699859966
2021-02-10,44284,148,38209,106,6075,42,41768,112,284667,1032,326435,1144,7,534,6,1244,555,2,"Knox County",470313,214.537977899824,0.111750454270139,243.242266320514,31.4684050834232,11.1750454270139
2021-02-09,44136,210,38103,155,6033,55,41656,165,283635,1022,325291,1187,0,527,6,1238,553,5,"Knox County",470313,228.35856121349,0.116576917479261,252.385113743401,44.6511153210734,11.6576917479261
2021-02-08,43926,106,37948,71,5978,35,41491,75,282613,371,324104,446,4,527,2,1232,548,3,"Knox County",470313,234.737291973643,0.119523057032036,94.8304639676131,22.5381820192085,11.9523057032036
2021-02-07,43820,109,37877,76,5943,33,41416,83,282242,716,323658,799,1,523,2,1230,545,1,"Knox County",470313,223.042952246695,0.112861271676301,169.886862578751,23.1760550952238,11.2861271676301
2021-02-06,43711,304,37801,176,5910,128,41333,197,281526,1396,322859,1593,2,522,6,1228,544,4,"Knox County",470313,259.189093220898,0.11581321305386,338.710603364143,64.6378050362206,11.581321305386
2021-02-05,43407,176,37625,130,5782,46,41136,143,280130,727,321266,870,8,520,4,1222,540,3,"Knox County",470313,258.551220144882,0.122513376320483,184.983192044447,37.421887126233,12.2513376320483
2021-02-04,43231,201,37495,150,5736,51,40993,160,279403,1581,320396,1741,2,512,7,1218,537,8,"Knox County",470313,266.63094577441,0.120179948586118,370.179008447566,42.7374960930274,12.0179948586118
2021-02-03,43030,230,37345,165,5685,65,40833,172,277822,1634,318655,1806,5,510,7,1211,529,0,"Knox County",470313,284.066143185496,0.11786306562426,383.999591761231,48.903602494509,11.786306562426
2021-02-02,42800,90,37180,69,5620,21,40661,77,276188,291,316849,368,7,505,1,1204,529,2,"Knox County",470313,258.551220144882,0.118982028072937,78.2457639912144,19.13619228046,11.8982028072937
2021-02-01,42710,153,37111,82,5599,71,40584,97,275897,425,316481,522,4,498,2,1203,527,3,"Knox County",470313,268.544565002456,0.120665021431355,110.989915226668,32.5315268767821,12.0665021431355
2021-01-31,42557,175,37029,121,5528,54,40487,129,275472,939,315959,1068,7,494,4,1201,524,2,"Knox County",470313,282.577772674793,0.122364457831325,227.082815061459,37.2092627675612,12.2364457831325
2021-01-30,42382,276,36908,232,5474,44,40358,250,274533,1518,314891,1768,7,487,9,1197,522,6,"Knox County",470313,276.624290631983,0.12624339923861,375.919866131704,58.6843229934108,12.624339923861
2021-01-29,42106,101,36676,52,5430,49,40108,62,273015,376,313123,438,4,480,1,1188,516,5,"Knox County",470313,260.6774637316,0.122811567890027,93.1294690982388,21.4750602258496,12.2811567890027
2021-01-28,42005,158,36624,117,5381,41,40046,129,272639,656,312685,785,9,476,6,1187,511,4,"Knox County",470313,251.534616308714,0.13560325684678,166.910121557346,33.5946486701409,13.560325684678
2021-01-27,41847,169,36507,124,5340,45,39917,125,271983,893,311900,1018,12,467,3,1181,507,4,"Knox County",470313,238.564530429735,0.14563432210491,216.45159712787,35.9335166155305,14.563432210491
2021-01-26,41678,234,36383,173,5295,61,39792,193,271090,1041,310882,1234,3,455,8,1178,503,7,"Knox County",470313,269.182438078471,0.144153373335285,262.378458600974,49.7540999291961,14.4153373335285
2021-01-25,41444,157,36210,105,5234,52,39599,115,270049,415,309648,530,9,452,1,1170,496,4,"Knox County",470313,270.032935513158,0.146615991814062,112.690910096042,33.3820243114692,14.6615991814062
2021-01-24,41287,156,36105,103,5182,53,39484,110,269634,790,309118,900,4,443,2,1169,492,5,"Knox County",470313,265.993072698394,0.147459913082572,191.3619228046,33.1693999527974,14.7459913082572
2021-01-23,41131,309,36002,222,5129,87,39374,231,268844,1492,308218,1723,7,439,7,1167,487,4,"Knox County",470313,273.009676534563,0.145594447797224,366.351769991474,65.7009268295794,14.5594447797224
2021-01-22,40822,178,35780,142,5042,36,39143,176,267352,1173,306495,1349,3,432,8,1160,483,8,"Knox County",470313,289.38175215229,0.143122430030508,286.830259848229,37.8471358435765,14.3122430030508
2021-01-21,40644,267,35638,194,5006,73,38967,203,266179,1080,305146,1283,11,429,6,1152,475,6,"Knox County",470313,312.557807247514,0.143461490605947,272.797052175891,56.7707037653648,14.3461490605947
2021-01-20,40377,193,35444,132,4933,61,38764,130,265099,736,303863,866,10,418,8,1146,469,10,"Knox County",470313,317.660791855637,0.146861128725428,184.13269460976,41.0365012236532,14.6861128725428
2021-01-19,40184,311,35312,196,4872,115,38634,219,264363,956,302997,1175,8,408,14,1138,459,3,"Knox County",470313,334.032867473363,0.151290569895221,249.833621439339,66.126175546923,15.1290569895221
2021-01-18,39873,129,35116,80,4757,49,38415,87,263407,472,301822,559,7,400,4,1124,456,9,"Knox County",470313,328.079385430554,0.147167409293444,118.857016497524,27.4285422686594,14.7167409293444
2021-01-17,39744,181,35036,138,4708,43,38328,151,262935,690,301263,841,3,393,8,1120,447,6,"Knox County",470313,333.394994397348,0.153540277065162,178.817085642965,38.4850089195918,15.3540277065162
2021-01-16,39563,420,34898,340,4665,80,38177,389,262245,1757,300422,2146,1,390,7,1112,441,8,"Knox County",470313,356.996298209916,0.164861905341282,456.291873709636,89.3022306421468,16.4861905341282
2021-01-15,39143,187,34558,149,4585,38,37788,153,260488,755,298276,908,0,389,4,1105,433,10,"Knox County",470313,358.909917437962,0.171252249935716,193.062917673975,39.7607550716225,17.1252249935716
2021-01-14,38956,336,34409,266,4547,70,37635,290,259733,1479,297368,1769,6,389,8,1101,423,7,"Knox County",470313,373.580998186314,0.171708615682478,376.132490490376,71.4417845137175,17.1708615682478
2021-01-13,38620,248,34143,200,4477,48,37345,206,258254,946,295599,1152,12,383,6,1093,416,2,"Knox County",470313,385.275337913262,0.174853801169591,244.943261189888,52.730840950601,17.4853801169591
2021-01-12,38372,332,33943,261,4429,71,37139,283,257308,1180,294447,1463,10,371,6,1087,414,5,"Knox County",470313,389.740449445369,0.176397374971713,311.069436736811,70.5912870790304,17.6397374971713
2021-01-11,38040,244,33682,197,4358,47,36856,228,256128,726,292984,954,4,361,5,1081,409,6,"Knox County",470313,414.192250692624,0.184122170475468,202.843638172876,51.8803435159139,18.4122170475468
2021-01-10,37796,328,33485,205,4311,123,36628,222,255402,1013,292030,1235,5,357,17,1076,403,6,"Knox County",470313,445.448031417375,0.183961774176794,262.591082959646,69.7407896443432,18.3961774176794
2021-01-09,37468,475,33280,393,4188,82,36406,427,254389,1384,290795,1811,5,352,11,1059,397,2,"Knox County",470313,457.142371144323,0.194683598794662,385.06271355459,100.996570369095,19.4683598794662
2021-01-08,36993,459,32887,371,4106,88,35979,391,253005,1432,288984,1823,7,347,6,1048,395,8,"Knox County",470313,514.976196703047,0.200548643088077,387.614205858652,97.5945806303462,20.0548643088077
2021-01-07,36534,388,32516,345,4018,43,35588,353,251573,1309,287161,1662,10,340,10,1042,387,3,"Knox County",470313,526.032663353979,0.208910891089109,353.381684112495,82.4982511646499,20.8910891089109
2021-01-06,36146,496,32171,363,3975,133,35235,378,250264,1187,285499,1565,9,330,15,1032,384,9,"Knox County",470313,578.76350430458,0.217064586702178,332.757121321333,105.461681901202,21.7064586702178
2021-01-05,35650,520,31808,328,3842,192,34857,345,249077,1192,283934,1537,14,321,14,1017,375,6,"Knox County",470313,618.736883734874,0.221403608198734,326.803639278523,110.564666509325,22.1403608198734
2021-01-04,35130,322,31480,228,3650,94,34512,249,247885,654,282397,903,6,307,6,1003,369,8,"Knox County",470313,635.321583711273,0.224468488990129,191.999795880616,68.4650434923126,22.4468488990129
2021-01-03,34808,285,31252,182,3556,103,34263,195,247231,608,281494,803,2,301,10,997,361,9,"Knox County",470313,626.178736288387,0.231393507521774,170.737360013438,60.5979422214568,23.1393507521774
2021-01-02,34523,422,31070,319,3453,103,34068,345,246623,1095,280691,1440,0,299,22,987,352,4,"Knox County",470313,614.909645278782,0.231788759889037,306.179076487361,89.7274793594904,23.1788759889037
2021-01-01,34101,419,30751,349,3350,70,33723,374,245528,1297,279251,1671,2,299,8,965,348,6,"Knox County",470313,606.404670931911,0.233691681452875,355.295303340541,89.089606283475,23.3691681452875
2020-12-31,33682,449,30402,312,3280,137,33349,322,244231,929,277580,1251,12,297,8,957,342,3,"Knox County",470313,619.37475681089,0.240785169029444,265.993072698394,95.4683370436284,24.0785169029444
2020-12-30,33233,363,30090,248,3143,115,33027,271,243302,931,276329,1202,6,285,9,949,339,4,"Knox County",470313,591.095717107543,0.238560236175769,255.574479123477,77.1826421978555,23.8560236175769
2020-12-29,32870,590,29842,398,3028,192,32756,420,242371,1081,275127,1501,7,279,14,940,335,8,"Knox County",470313,605.979422214568,0.248090297571543,319.149162366339,125.448371616349,24.8090297571543
2020-12-28,32280,252,29444,174,2836,78,32336,185,241290,565,273626,750,4,272,4,926,327,5,"Knox County",470313,591.095717107543,0.245068461359944,159.468269003834,53.5813383852881,24.5068461359944
2020-12-27,32028,230,29270,156,2758,74,32151,172,240725,489,272876,661,3,268,8,922,322,7,"Knox County",470313,579.401377380595,0.246460594620104,140.544701082045,48.903602494509,24.6460594620104
2020-12-26,31798,359,29114,289,2684,70,31979,329,240236,1063,272215,1392,0,265,10,914,315,6,"Knox County",470313,566.006042784273,0.245965828191742,295.973107271115,76.3321447631684,24.5965828191742
2020-12-25,31439,353,28825,287,2614,66,31650,308,239173,1070,270823,1378,1,265,5,904,309,7,"Knox County",470313,551.972835111936,0.246711739397664,292.99636624971,75.0563986111377,24.6711739397664
2020-12-24,31086,351,28538,277,2548,74,31342,311,238103,1273,269445,1584,5,264,8,899,302,7,"Knox County",470313,531.135647962102,0.235710911667454,336.796984136097,74.6311498937941,23.5710911667454
2020-12-23,30735,472,28261,351,2474,121,31031,371,236830,1411,267861,1782,6,259,9,891,295,6,"Knox County",470313,554.311703057326,0.231653404067197,378.896607153109,100.358697293079,23.1653404067197
2020-12-22,30263,530,27910,392,2353,138,30660,432,235419,1470,266079,1902,7,253,15,882,289,6,"Knox County",470313,541.554241537019,0.223092390729178,404.411530193722,112.690910096042,22.3092390729178
2020-12-21,29733,442,27518,361,2215,81,30228,391,233949,1422,264177,1813,2,246,5,867,283,3,"Knox County",470313,581.952869684657,0.220129375951294,385.487962271934,93.9799665329259,22.0129375951294
2020-12-20,29291,514,27157,431,2134,83,29837,478,232527,2245,262364,2723,2,244,7,862,280,6,"Knox County",470313,642.338187547442,0.208366470494672,578.976128663252,109.288920357294,20.8366470494672
2020-12-19,28777,525,26726,441,2051,84,29359,489,230282,1445,259641,1934,6,242,14,855,274,7,"Knox County",470313,677.633831086957,0.211954864287893,411.215509671219,111.627788302684,21.1954864287893
2020-12-18,28252,480,26285,420,1967,60,28870,430,228837,1358,257707,1788,4,236,11,841,267,6,"Knox County",470313,704.637124638273,0.214549756025432,380.172353305139,102.059692162454,21.4549756025433
2020-12-17,27772,733,25865,635,1907,98,28440,663,227479,1898,255919,2561,11,232,11,830,261,4,"Knox County",470313,785.859629650892,0.224367372267807,544.530982558424,155.853654906413,22.4367372267807
2020-12-16,27039,564,25230,453,1809,111,27777,472,225581,1729,253358,2201,8,221,11,819,257,4,"Knox County",470313,805.421070648696,0.224835812893714,467.986213436584,119.920138290883,22.4835812893714
2020-12-15,26475,765,24777,675,1698,90,27305,716,223852,2415,251157,3131,2,213,15,808,253,8,"Knox County",470313,855.387794936564,0.225311126246053,665.726867001337,162.65763438391,22.5311126246053
2020-12-14,25710,472,24102,411,1608,61,26589,461,221437,1624,248026,2085,6,211,7,793,245,8,"Knox County",470313,861.766525696717,0.225841807221579,443.321787830657,100.358697293079,22.5841807221579
2020-12-13,25238,628,23691,572,1547,56,26128,754,219813,2935,245941,3689,2,205,10,786,237,6,"Knox County",470313,886.0057025853,0.229167864742078,784.37125914019,133.528097245877,22.9167864742078
2020-12-12,24610,464,23119,392,1491,72,25374,454,216878,2171,242252,2625,3,203,19,776,231,4,"Knox County",470313,873.035616706321,0.218473451327434,558.138941513418,98.6577024237051,21.8473451327434
2020-12-11,24146,557,22727,523,1419,34,24920,429,214707,1406,239627,1835,6,200,10,757,227,2,"Knox County",470313,889.407692324048,0.21785182324709,390.165698162713,118.43176778018,21.785182324709
2020-12-10,23589,473,22204,415,1385,58,24491,538,213301,1910,237792,2448,8,194,9,747,225,10,"Knox County",470313,834.125359069386,0.212279338292439,520.504430028513,100.571321651751,21.2279338292439
2020-12-09,23116,407,21789,337,1327,70,23953,359,211391,924,235344,1283,2,186,13,738,215,3,"Knox County",470313,800.743334757917,0.217068320074871,272.797052175891,86.5381139794137,21.7068320074871
2020-12-08,22709,491,21452,446,1257,45,23594,538,210467,2077,234061,2615,9,184,10,725,212,2,"Knox County",470313,742.484260481849,0.213088057901086,556.0126979267,104.398560107843,21.3088057901086
2020-12-07,22218,323,21006,271,1212,52,23056,317,208390,1135,231446,1452,3,175,6,715,210,3,"Knox County",470313,710.803231039754,0.212516460776322,308.730568791422,68.6776678509843,21.2516460776322
2020-12-06,21895,332,20735,291,1160,41,22739,187,207255,668,229994,855,6,172,6,709,207,4,"Knox County",470313,647.866420872908,0.215206283840464,181.79382666437,70.5912870790304,21.5206283840464
2020-12-05,21563,289,20444,263,1119,26,22552,213,206587,714,229139,927,2,166,8,703,203,2,"Knox County",470313,610.657158105347,0.22610600087604,197.102780488738,61.4484396561439,22.610600087604
2020-12-04,21274,354,20181,322,1093,32,22339,297,205873,1091,228212,1388,5,164,11,695,201,5,"Knox County",470313,567.494413294976,0.223285922684172,295.122609836428,75.2690229698095,22.3285922684172
2020-12-03,20920,441,19859,424,1061,17,22042,448,204782,1215,226824,1663,2,159,10,684,196,2,"Knox County",470313,560.690433817479,0.231660610821958,353.594308471167,93.7673421742542,23.1660610821958
2020-12-02,20479,192,19435,170,1044,22,21594,185,203567,575,225161,760,2,157,7,674,194,5,"Knox County",470313,514.976196703047,0.226190476190476,161.594512590551,40.8238768649814,22.6190476190476
2020-12-01,20287,403,19265,380,1022,23,21409,409,202992,1832,224401,2241,5,155,7,667,189,3,"Knox County",470313,496.26525313993,0.221408572043937,476.491187783455,85.6876165447266,22.1408572043937
2020-11-30,19884,385,18885,371,999,14,21000,436,201160,1815,222160,2251,1,150,3,660,186,3,"Knox County",470313,509.44796337758,0.215666831928607,478.617431370173,81.8603780886346,21.5666831928607
2020-11-29,19499,226,18514,218,985,8,20564,260,199345,1464,219909,1724,0,149,5,657,183,6,"Knox County",470313,486.909781358372,0.205221836771955,366.564394350146,48.0531050598219,20.5221836771955
2020-11-28,19273,270,18296,256,977,14,20304,299,197881,1967,218185,2266,0,149,8,652,177,4,"Knox County",470313,482.869918543608,0.189864150329456,481.806796750249,57.4085768413801,18.9864150329456
2020-11-27,19003,235,18040,215,963,20,20005,249,195914,1247,215919,1496,3,149,12,644,173,3,"Knox County",470313,457.567619861667,0.184339972582856,318.08604057298,49.9667242878679,18.4339972582856
2020-11-26,18768,344,17825,341,943,3,19756,441,194667,1429,214423,1870,4,146,5,632,170,6,"Knox County",470313,436.943057070504,0.180758248730964,397.607550716225,73.1427793830917,18.0758248730964
2020-11-25,18424,219,17484,193,940,26,19315,123,193238,325,212553,448,0,142,3,627,164,2,"Knox County",470313,442.683914754642,0.18030253741054,95.2557126849566,46.5647345491194,18.030253741054
2020-11-24,18205,153,17291,130,914,23,19192,116,192913,673,212105,789,2,142,6,624,162,2,"Knox County",470313,389.527825086698,0.177425304315751,167.760618992033,32.5315268767821,17.7425304315751
2020-11-23,18052,167,17161,147,891,20,19076,100,192240,391,211316,491,3,140,7,618,160,7,"Knox County",470313,343.17571489625,0.174812857771907,104.398560107843,35.508267898187,17.4812857771907
2020-11-22,17885,220,17014,212,871,8,18976,258,191849,1804,210825,2062,2,137,5,611,153,2,"Knox County",470313,341.899968744219,0.168329441732116,438.431427581207,46.7773589077912,16.8329441732116
2020-11-21,17665,173,16802,169,863,4,18718,198,190045,1465,208763,1663,0,135,4,606,151,2,"Knox County",470313,321.275405953057,0.168386438371697,353.594308471167,36.7840140502176,16.8386438371697
2020-11-20,17492,178,16633,169,859,9,18520,163,188580,791,207100,954,7,135,5,602,149,4,"Knox County",470313,309.155817508765,0.169022592726833,202.843638172876,37.8471358435765,16.9022592726833
2020-11-19,17314,166,16464,148,850,18,18357,128,187789,663,206146,791,2,128,4,597,145,5,"Knox County",470313,271.308681665189,0.15087524312309,168.185867709377,35.2956435395152,15.087524312309
2020-11-18,17148,168,16316,163,832,5,18229,179,187126,874,205355,1053,0,126,7,593,140,2,"Knox County",470313,260.464839372928,0.146353966423171,223.893449681382,35.7208922568587,14.6353966423171
2020-11-17,16980,248,16153,240,827,8,18050,260,186252,1033,204302,1293,9,126,7,586,138,1,"Knox County",470313,280.664153446747,0.154809197062718,274.923295762609,52.730840950601,15.4809197062718
2020-11-16,16732,272,15913,261,819,11,17790,286,185219,1409,203009,1695,2,117,6,579,137,2,"Knox County",470313,302.989711107284,0.154768163179476,360.398287948664,57.8338255587237,15.4768163179476
2020-11-15,16460,274,15652,247,808,27,17504,295,183810,2278,201314,2573,2,115,3,573,135,4,"Knox County",470313,314.47142647556,0.150568748752744,547.082474862485,58.2590742760672,15.0568748752744
2020-11-14,16186,306,15405,293,781,13,17209,321,181532,1699,198741,2020,0,113,7,570,131,3,"Knox County",470313,342.750466178906,0.157240581944311,429.501204516992,65.0630537535641,15.7240581944311
2020-11-13,15880,219,15112,200,768,19,16888,190,179833,965,196721,1155,4,113,6,563,128,1,"Knox County",470313,351.468064884449,0.156805293005671,245.581134265904,46.5647345491194,15.6805293005671
2020-11-12,15661,143,14912,130,749,13,16698,136,178868,955,195566,1091,1,109,3,557,127,2,"Knox County",470313,346.577704634998,0.153216911764706,231.97317531091,30.4052832900643,15.3216911764706
2020-11-11,15518,191,14782,177,736,14,16562,191,177913,1229,194475,1420,3,108,7,554,125,2,"Knox County",470313,351.468064884449,0.149284253578732,301.926589313925,40.6112525063096,14.9284253578732
2020-11-10,15327,168,14605,163,722,5,16371,186,176684,1131,193055,1317,2,105,4,547,123,2,"Knox County",470313,334.458116190707,0.142400851743412,280.026280370732,35.7208922568587,14.2400851743412
2020-11-09,15159,135,14442,121,717,14,16185,131,175553,490,191738,621,1,103,2,543,121,2,"Knox County",470313,305.328579052673,0.142198685888006,132.039726735174,28.7042884206901,14.2198685888006
2020-11-08,15024,215,14321,203,703,12,16054,252,175063,2624,191117,2876,1,102,3,541,119,5,"Knox County",470313,292.783741891039,0.134,611.507655540034,45.7142371144323,13.4
2020-11-07,14809,169,14118,161,691,8,15802,187,172439,1918,188241,2105,1,101,5,538,114,0,"Knox County",470313,263.654204753005,0.120264525271611,447.574275004093,35.9335166155305,12.0264525271611
2020-11-06,14640,155,13957,138,683,17,15615,160,170521,1235,186136,1395,0,100,5,533,114,3,"Knox County",470313,250.046245798011,0.114826789838337,296.610980347131,32.9567755941256,11.4826789838337
2020-11-05,14485,158,13819,142,666,16,15455,151,169286,613,184741,764,1,100,6,528,111,1,"Knox County",470313,253.235611178088,0.119832349018861,162.445010025239,33.5946486701409,11.9832349018861
2020-11-04,14327,145,13677,133,650,12,15304,148,168673,934,183977,1082,-1,99,5,522,110,2,"Knox County",470313,243.454890679186,0.119586614173228,230.059556082864,30.8305320074078,11.9586614173228
2020-11-03,14182,196,13544,183,638,13,15156,195,167739,837,182895,1032,3,100,5,517,108,1,"Knox County",470313,249.408372721996,0.123949367088608,219.428338149275,41.6743742996685,12.3949367088608
2020-11-02,13986,116,13361,110,625,6,14961,115,166902,806,181863,921,1,97,2,512,107,2,"Knox County",470313,245.368509907232,0.118722358722359,195.827034336708,24.6644256059263,11.8722358722359
2020-11-01,13870,124,13251,116,619,8,14846,131,166096,1273,180942,1404,0,96,3,510,105,2,"Knox County",470313,226.0196932681,0.124899459956337,298.524599575177,26.3654204753005,12.4899459956337
2020-10-31,13746,5,13135,5,611,0,14715,7,164823,4,179538,11,0,96,0,507,103,1,"Knox County",470313,191.149298445929,0.137237100922984,2.33886794538956,1.06312179335889,13.7237100922984
2020-10-30,13741,156,13130,146,611,10,14708,148,164819,854,179527,1002,1,96,4,507,102,0,"Knox County",470313,191.3619228046,0.143983268983269,213.049607389122,33.1693999527974,14.3983268983269
2020-10-29,13585,152,12984,138,601,14,14560,136,163965,1569,178525,1705,0,95,4,503,102,1,"Knox County",470313,190.08617665257,0.122956546038843,362.524531535382,32.3189025181103,12.2956546038843
2020-10-28,13433,103,12846,96,587,7,14424,102,162396,1055,176820,1157,3,95,8,499,101,1,"Knox County",470313,181.155953588355,0.115320796460177,246.006382983247,21.9003089431931,11.5320796460177
2020-10-27,13330,119,12750,113,580,6,14322,127,161341,799,175663,926,1,92,3,491,100,2,"Knox County",470313,164.783877970628,0.107493685096829,196.890156130067,25.3022986819416,10.7493685096829
2020-10-26,13211,81,12637,74,574,7,14195,73,160542,372,174737,445,2,91,2,488,98,0,"Knox County",470313,157.342025417116,0.108872180451128,94.6178396089413,17.222573052414,10.8872180451128
2020-10-25,13130,132,12563,121,567,11,14122,151,160170,1365,174292,1516,0,89,3,486,98,1,"Knox County",470313,159.04302028649,0.11002661934339,322.338527746416,28.0664153446747,11.002661934339
2020-10-24,12998,172,12442,167,556,5,13971,202,158805,1788,172776,1990,0,89,5,483,97,1,"Knox County",470313,194.551288184677,0.107424779773481,423.122473756839,36.5713896915458,10.7424779773481
2020-10-23,12826,159,12275,148,551,11,13769,172,157017,1239,170786,1411,1,89,5,478,96,0,"Knox County",470313,195.189161260692,0.105245901639344,300.012970085879,33.8072730288127,10.5245901639344
2020-10-22,12667,182,12127,168,540,14,13597,169,155778,1607,169375,1776,1,88,5,473,96,0,"Knox County",470313,201.567892020846,0.108014315150201,377.620861001078,38.6976332782636,10.8014315150201
2020-10-21,12485,72,11959,68,526,4,13428,74,154171,682,167599,756,0,87,1,468,96,1,"Knox County",470313,194.976536902021,0.109750566893424,160.744015155864,15.308953824368,10.9750566893424
2020-10-20,12413,127,11891,121,522,6,13354,150,153489,739,166843,889,0,87,7,467,95,1,"Knox County",470313,196.677531771395,0.112831606512581,189.023054859211,27.0032935513158,11.2831606512581
2020-10-19,12286,112,11770,107,516,5,13204,117,152750,939,165954,1056,1,87,6,460,94,0,"Knox County",470313,203.26888689022,0.110176708537364,224.531322757398,23.8139281712392,11.0176708537364
2020-10-18,12174,140,11663,135,511,5,13087,168,151811,1431,164898,1599,0,86,7,454,94,1,"Knox County",470313,204.969881759594,0.111005592487074,339.986349516173,29.7674102140489,11.1005592487074
2020-10-17,12034,128,11528,125,506,3,12919,154,150380,1458,163299,1612,1,86,3,447,93,1,"Knox County",470313,195.614409978036,0.110341795801736,342.750466178906,27.2159179099876,11.0341795801736
2020-10-16,11906,72,11403,71,503,1,12765,61,148922,390,161687,451,1,85,3,444,92,2,"Knox County",470313,177.116090773591,0.109718638653397,95.893585760972,15.308953824368,10.9718638653397
2020-10-15,11834,74,11332,62,502,12,12704,66,148532,941,161236,1007,1,84,3,441,90,2,"Knox County",470313,154.152660037039,0.10719131614654,214.112729182481,15.7342025417116,10.719131614654
2020-10-14,11760,149,11270,143,490,6,12638,150,147591,1086,160229,1236,0,83,5,438,88,0,"Knox County",470313,170.524735654766,0.11031847133758,262.803707318318,31.6810294420949,11.031847133758
2020-10-13,11611,71,11127,68,484,3,12488,63,146505,581,158993,644,1,83,6,433,88,1,"Knox County",470313,158.617771569146,0.102432610124918,136.930086984625,15.0963294656962,10.2432610124918
2020-10-12,11540,79,11059,66,481,13,12425,87,145924,806,158349,893,0,82,5,427,87,2,"Knox County",470313,151.601167732978,0.100644987906477,189.873552293898,16.7973243350705,10.0644987906477
2020-10-11,11461,170,10993,163,468,7,12338,179,145118,1612,157456,1791,0,82,8,422,85,0,"Knox County",470313,157.979898493131,0.0995546240503013,380.810226381155,36.1461409742023,9.95546240503013
2020-10-10,11291,130,10830,122,461,8,12159,132,143506,1393,155665,1525,0,82,3,414,85,0,"Knox County",470313,158.405147210475,0.0977872002120048,324.252146974462,27.6411666273312,9.77872002120048
2020-10-09,11161,120,10708,118,453,2,12027,134,142113,1336,154140,1470,0,82,3,411,85,0,"Knox County",470313,168.61111642672,0.0946766285314032,312.557807247514,25.5149230406134,9.46766285314032
2020-10-08,11041,110,10590,102,451,8,11893,103,140777,943,152670,1046,1,82,4,408,85,0,"Knox County",470313,176.265593338904,0.0985473561882626,222.40507917068,23.3886794538956,9.85473561882626
2020-10-07,10931,104,10488,88,443,16,11790,95,139834,1649,151624,1744,0,81,5,404,85,1,"Knox County",470313,166.697497198674,0.087018544935806,370.816881523581,22.1129333018649,8.7018544935806
2020-10-06,10827,115,10400,102,427,13,11695,114,138185,1392,149880,1506,0,81,4,399,84,0,"Knox County",470313,176.052968980232,0.0846115288220551,320.212284159698,24.4518012472545,8.46115288220551
2020-10-05,10712,118,10298,109,414,9,11581,123,136793,1238,148374,1361,0,81,5,395,84,2,"Knox County",470313,184.345318968432,0.0842669730920234,289.38175215229,25.0896743232698,8.42669730920234
2020-10-04,10594,96,10189,89,405,7,11458,99,135555,1827,147013,1926,1,81,2,390,82,0,"Knox County",470313,168.61111642672,0.0756286632633768,409.514514801845,20.4119384324907,7.56286632633768
2020-10-03,10498,77,10100,76,398,1,11359,92,133728,1864,145087,1956,0,80,2,388,82,0,"Knox County",470313,157.342025417116,0.0690344263784177,415.893245561998,16.3720756177269,6.90344263784177
2020-10-02,10421,82,10024,79,397,3,11267,82,131864,602,143131,684,0,80,1,386,82,0,"Knox County",470313,149.262299787588,0.0692556001173824,145.435061331496,17.4351974110858,6.92556001173824
2020-10-01,10339,71,9945,68,394,3,11185,73,131262,683,142447,756,0,80,1,385,82,0,"Knox County",470313,140.969949799389,0.0682573240712776,160.744015155864,15.0963294656962,6.82573240712776
2020-09-30,10268,75,9877,72,391,3,11112,70,130579,675,141691,745,1,80,2,384,82,0,"Knox County",470313,134.803843397907,0.0730915603313186,158.405147210475,15.9468269003834,7.30915603313186
2020-09-29,10193,80,9805,75,388,5,11042,87,129904,1140,140946,1227,-1,79,2,382,82,1,"Knox County",470313,127.361990844395,0.0723281340265742,260.890088090272,17.0099486937423,7.23281340265742
2020-09-28,10113,57,9730,51,383,6,10955,49,128764,431,139719,480,1,80,3,380,81,2,"Knox County",470313,114.391904965417,0.0710059171597633,102.059692162454,12.1195884442914,7.10059171597633
2020-09-27,10056,72,9679,67,377,5,10906,79,128333,978,139239,1057,0,79,3,377,79,0,"Knox County",470313,109.288920357294,0.0770456191165822,224.74394711607,15.308953824368,7.70456191165822
2020-09-26,9984,127,9612,122,372,5,10827,136,127355,2087,138182,2223,4,79,5,374,79,0,"Knox County",470313,119.920138290883,0.0803123257110987,472.663949327363,27.0032935513158,8.03123257110987
2020-09-25,9857,102,9490,100,367,2,10691,103,125268,1439,135959,1542,0,75,1,369,79,3,"Knox County",470313,124.172625464318,0.074346201743462,327.866761071882,21.6876845845214,7.4346201743462
2020-09-24,9755,92,9390,89,365,3,10588,105,123829,1715,134417,1820,0,75,3,368,76,0,"Knox County",470313,128.637736996426,0.0691664833956455,386.976332782636,19.5614409978036,6.91664833956455
2020-09-23,9663,53,9301,52,362,1,10483,49,122114,432,132597,481,2,75,2,365,76,0,"Knox County",470313,123.960001105647,0.0688561721404304,102.272316521125,11.2690910096042,6.88561721404304
2020-09-22,9610,82,9249,75,361,7,10434,88,121682,1141,132116,1229,1,73,3,363,76,0,"Knox County",470313,124.38524982299,0.0689538043478261,261.315336807615,17.4351974110858,6.89538043478261
2020-09-21,9528,34,9174,30,354,4,10346,32,120541,379,130887,411,0,72,2,360,76,0,"Knox County",470313,119.494889573539,0.067556772794705,87.3886114141008,7.22922819484046,6.7556772794705
2020-09-20,9494,97,9144,78,350,19,10314,88,120162,707,130476,795,0,72,1,358,76,2,"Knox County",470313,124.810498540334,0.0706975649923538,169.036365144064,20.6245627911625,7.06975649923538
2020-09-19,9397,132,9066,129,331,3,10226,136,119455,1466,129681,1602,1,72,5,357,74,0,"Knox County",470313,125.873620333693,0.0762690355329949,340.624222592189,28.0664153446747,7.62690355329949
2020-09-18,9265,118,8937,114,328,4,10090,129,117989,1606,128079,1735,3,71,3,352,74,0,"Knox County",470313,129.275610072441,0.0776662950575994,368.903262295535,25.0896743232698,7.76662950575994
2020-09-17,9147,126,8823,119,324,7,9961,124,116383,1516,126344,1640,0,68,6,349,74,2,"Knox County",470313,136.504838267282,0.0818446724946155,348.703948221716,26.790669192644,8.18446724946155
2020-09-16,9021,99,8704,77,317,22,9837,117,114867,768,124704,885,1,68,3,343,72,1,"Knox County",470313,146.285558766183,0.0860552006749428,188.172557424524,21.049811508506,8.60552006749428
2020-09-15,8922,132,8627,126,295,6,9720,136,114099,1338,123819,1474,0,67,3,340,71,0,"Knox County",470313,156.916776699772,0.089206274877078,313.408304682201,28.0664153446747,8.9206274877078
2020-09-14,8790,127,8501,124,289,3,9584,136,112761,901,122345,1037,0,67,5,337,71,0,"Knox County",470313,176.690842056248,0.0944589877835951,220.491459942634,27.0032935513158,9.44589877835951
2020-09-13,8663,143,8377,136,286,7,9448,148,111860,1008,121308,1156,0,67,0,332,71,0,"Knox County",470313,186.471562555149,0.0971770385140099,245.793758624576,30.4052832900643,9.71770385140099
2020-09-12,8520,130,8241,123,279,7,9300,141,110852,1178,120152,1319,1,67,1,332,71,2,"Knox County",470313,186.046313837806,0.100692191217824,280.451529088075,27.6411666273312,10.0692191217824
2020-09-11,8390,103,8118,94,272,9,9159,105,109674,773,118833,878,0,66,5,331,69,2,"Knox County",470313,182.856948457729,0.108117773274526,186.684186913821,21.9003089431931,10.8117773274526
2020-09-10,8287,192,8024,189,263,3,9054,192,108901,1501,117955,1693,0,66,5,326,67,0,"Knox County",470313,196.890156130067,0.115493958777541,359.97303923132,40.8238768649814,11.5493958777541
2020-09-09,8095,91,7835,82,260,9,8862,93,107400,1710,116262,1803,0,66,2,321,67,0,"Knox County",470313,195.189161260692,0.101602564102564,383.361718685216,19.3488166391318,10.1602564102564
2020-09-08,8004,126,7753,124,251,2,8769,133,105690,702,114459,835,1,66,8,319,67,0,"Knox County",470313,193.913415108662,0.108703130374957,177.541339490935,26.790669192644,10.8703130374957
2020-09-07,7878,95,7629,92,249,3,8636,98,104988,347,113624,445,1,65,0,311,67,0,"Knox County",470313,187.109435631165,0.111944888670193,94.6178396089413,20.1993140738189,11.1944888670193
2020-09-06,7783,96,7537,92,246,4,8538,94,104641,476,113179,570,0,64,1,311,67,3,"Knox County",470313,177.116090773591,0.113482699191303,121.195884442914,20.4119384324907,11.3482699191303
2020-09-05,7687,284,7445,282,242,2,8444,295,104165,1506,112609,1801,0,64,4,310,64,0,"Knox County",470313,209.860242009045,0.125856697819315,382.936469967872,60.385317862785,12.5856697819315
2020-09-04,7403,93,7163,89,240,4,8149,97,102659,565,110808,662,1,64,0,306,64,0,"Knox County",470313,207.733998422327,0.12831348444103,140.757325440717,19.7740653564754,12.831348444103
2020-09-03,7310,190,7074,184,236,6,8052,198,102094,1798,110146,1996,2,63,6,306,64,1,"Knox County",470313,207.308749704984,0.124260355029586,424.398219908869,40.3986281476379,12.4260355029586
2020-09-02,7120,124,6890,120,230,4,7854,121,100296,1461,108150,1582,2,61,5,300,63,1,"Knox County",470313,214.325353541152,0.131288810036751,336.371735418753,26.3654204753005,13.1288810036751
2020-09-01,6996,153,6770,146,226,7,7733,158,98835,660,106568,818,2,59,4,295,62,3,"Knox County",470313,220.06621122529,0.134747269494539,173.926725393515,32.5315268767821,13.4747269494539
2020-08-31,6843,99,6624,93,219,6,7575,94,98175,431,105750,525,0,57,3,291,59,0,"Knox County",470313,220.916708659978,0.132889112396279,111.627788302684,21.049811508506,13.2889112396279
2020-08-30,6744,72,6531,71,213,1,7481,76,97744,423,105225,499,1,57,1,288,59,2,"Knox County",470313,215.813724051855,0.131802613218318,106.099554977217,15.308953824368,13.1802613218318
2020-08-29,6672,118,6460,113,212,5,7405,125,97321,1391,104726,1516,5,56,3,287,57,0,"Knox County",470313,180.51808051234,0.114372203211371,322.338527746416,25.0896743232698,11.4372203211371
2020-08-28,6554,89,6347,85,207,4,7280,91,95930,309,103210,400,0,51,3,284,57,0,"Knox County",470313,179.667583077653,0.117639040348964,85.0497434687113,18.9235679217883,11.7639040348964
2020-08-27,6465,116,6262,112,203,4,7189,134,95621,1986,102810,2120,0,51,2,281,57,1,"Knox County",470313,163.933380535941,0.107104557640751,450.76364038417,24.6644256059263,10.7104557640751
2020-08-26,6349,77,6150,76,199,1,7055,86,93635,794,100690,880,0,51,3,279,56,1,"Knox County",470313,153.940035678367,0.113051198579461,187.109435631165,16.3720756177269,11.3051198579461
2020-08-25,6272,87,6074,82,198,5,6969,96,92841,896,99810,992,2,51,3,276,55,0,"Knox County",470313,139.90682800603,0.101269474899019,210.923363802404,18.4983192044447,10.1269474899019
2020-08-24,6185,32,5992,28,193,4,6873,29,91945,261,98818,290,0,49,1,273,55,0,"Knox County",470313,125.660995975021,0.095117216664178,61.6610640148157,6.8039794774969,9.5117216664178
2020-08-23,6153,76,5964,75,189,1,6844,74,91684,565,98528,639,0,49,3,272,55,0,"Knox County",470313,126.511493409708,0.0928769928331139,135.866965191266,16.1594512590551,9.28769928331139
2020-08-22,6077,136,5889,135,188,1,6770,153,91119,1892,97889,2045,0,49,4,269,55,0,"Knox County",470313,130.3387318658,0.0900081455335325,434.816813483786,28.9169127793618,9.00081455335325
2020-08-21,5941,30,5754,30,187,0,6617,41,89227,262,95844,303,1,49,1,265,55,0,"Knox County",470313,117.793894704165,0.0843307194937405,64.4251806775488,6.37873076015334,8.43307194937405
2020-08-20,5911,119,5724,117,187,2,6576,130,88965,2068,95541,2198,3,48,3,264,55,0,"Knox County",470313,118.43176778018,0.0828909759085341,467.348340360568,25.3022986819416,8.28909759085341
2020-08-19,5792,46,5607,41,185,5,6446,48,86897,608,93343,656,2,45,4,261,55,0,"Knox County",470313,111.840412661355,0.080162852730591,139.481579288686,9.7807204989018,8.0162852730591
2020-08-18,5746,134,5566,132,180,2,6398,152,86289,1163,92687,1315,0,43,4,257,55,1,"Knox County",470313,121.833757518929,0.0842062852538276,279.601031653388,28.4916640620183,8.42062852538276
2020-08-17,5612,50,5434,42,178,8,6246,50,85126,289,91372,339,1,43,0,253,54,1,"Knox County",470313,125.660995975021,0.0864576384256171,72.0796575897328,10.6312179335889,8.64576384256171
2020-08-16,5562,83,5392,78,170,5,6196,82,84837,587,91033,669,0,42,1,253,53,1,"Knox County",470313,127.149366485723,0.0871760797342193,142.24569595142,17.6478217697576,8.71760797342193
2020-08-15,5479,119,5314,116,165,3,6114,132,84250,1223,90364,1355,1,42,2,252,52,0,"Knox County",470313,123.534752388303,0.0929041697147037,288.106006000259,25.3022986819416,9.29041697147037
2020-08-14,5360,91,5198,83,162,8,5982,96,83027,1024,89009,1120,0,41,2,250,52,1,"Knox County",470313,136.504838267282,0.0901725039205436,238.139281712392,19.3488166391318,9.01725039205436
2020-08-13,5269,127,5115,126,154,1,5886,229,82003,1778,87889,2007,1,41,4,248,51,1,"Knox County",470313,138.205833136656,0.105749899477282,426.737087854259,27.0032935513158,10.5749899477282
2020-08-12,5142,79,4989,72,153,7,5657,88,80225,892,85882,980,0,40,1,244,50,0,"Knox County",470313,145.222436972824,0.106486833654464,208.371871498343,16.7973243350705,10.6486833654464
2020-08-11,5063,111,4917,108,146,3,5569,117,79333,1121,84902,1238,0,40,5,243,50,2,"Knox County",470313,140.332076723374,0.103009859885833,263.228956035661,23.6013038125674,10.3009859885833
2020-08-10,4952,37,4809,35,143,2,5452,35,78212,365,83664,400,1,40,0,238,48,0,"Knox County",470313,137.56796006064,0.100270305058566,85.0497434687113,7.86710127085579,10.0270305058566
2020-08-09,4915,85,4774,81,141,4,5417,109,77847,826,83264,935,1,39,4,238,48,1,"Knox County",470313,137.993208777984,0.10031113876789,198.803775358113,18.0730704871011,10.031113876789
2020-08-08,4830,157,4693,156,137,1,5308,176,77021,2284,82329,2460,1,38,4,234,47,2,"Knox County",470313,146.072934407512,0.0929978118161926,523.055922332574,33.3820243114692,9.29978118161926
2020-08-07,4673,50,4537,46,136,4,5132,44,74737,403,79869,447,0,37,0,230,45,2,"Knox County",470313,137.355335701969,0.0942482579426007,95.0430883262848,10.6312179335889,9.42482579426007
2020-08-06,4623,113,4491,105,132,8,5088,121,74334,1463,79422,1584,-1,37,5,230,43,1,"Knox County",470313,134.378594680564,0.0857782197911487,336.796984136097,24.0265525299109,8.57782197911487
2020-08-05,4510,99,4386,99,124,0,4967,100,72871,1107,77838,1207,1,38,3,225,42,1,"Knox County",470313,138.631081853999,0.0848748639825898,256.637600916836,21.049811508506,8.48748639825898
2020-08-04,4411,112,4287,111,124,1,4867,106,71764,1082,76631,1188,1,37,9,222,41,0,"Knox County",470313,138.843706212671,0.0840530349105948,252.597738102072,23.8139281712392,8.40530349105948
2020-08-03,4299,50,4176,50,123,0,4761,81,70682,593,75443,674,2,36,1,213,41,1,"Knox County",470313,141.607822875404,0.0867569158328429,143.308817744778,10.6312179335889,8.67569158328429
2020-08-02,4249,97,4126,91,123,6,4680,95,70089,692,74769,787,3,34,2,212,40,0,"Knox County",470313,144.159315179466,0.0866179465676291,167.335370274689,20.6245627911625,8.66179465676291
2020-08-01,4152,118,4035,110,117,8,4585,118,69397,1417,73982,1535,1,31,1,210,40,1,"Knox County",470313,135.866965191266,0.0895984909727836,326.37839056118,25.0896743232698,8.95984909727836
2020-07-31,4034,117,3925,114,109,3,4467,116,67980,1060,72447,1176,2,30,1,209,39,3,"Knox County",470313,150.112797222275,0.0904183535762483,250.046245798011,24.877049964598,9.04183535762483
2020-07-30,3917,189,3811,186,106,3,4351,227,66920,2420,71271,2647,1,28,7,208,36,2,"Knox County",470313,166.272248481331,0.0914912090297374,562.816677404197,40.1860037889661,9.14912090297373
2020-07-29,3728,75,3625,71,103,4,4124,60,64500,438,68624,498,0,27,3,201,34,4,"Knox County",470313,161.169263873208,0.0944150499706055,105.886930618546,15.9468269003834,9.44150499706055
2020-07-28,3653,154,3554,152,99,2,4064,186,64062,1211,68126,1397,1,27,3,198,30,0,"Knox County",470313,170.099486937423,0.101331191186596,297.036229064474,32.7441512354538,10.1331191186596
2020-07-27,3499,83,3402,76,97,7,3878,85,62851,677,66729,762,3,26,2,195,30,1,"Knox County",470313,177.116090773591,0.100772551692797,162.019761307895,17.6478217697576,10.0772551692797
2020-07-26,3416,118,3326,113,90,5,3793,132,62174,1472,65967,1604,0,23,2,193,29,1,"Knox County",470313,181.581202305699,0.0960598814845618,341.049471309532,25.0896743232698,9.60598814845618
2020-07-25,3298,175,3213,172,85,3,3661,197,60702,1949,64363,2146,2,23,3,191,28,3,"Knox County",470313,193.70079074999,0.0980449657869013,456.291873709636,37.2092627675612,9.80449657869013
2020-07-24,3123,106,3041,99,82,7,3464,113,58753,916,62217,1029,0,21,4,188,25,0,"Knox County",470313,191.3619228046,0.0991768322919766,218.79046507326,22.5381820192085,9.91768322919766
2020-07-23,3017,205,2942,197,75,8,3351,254,57837,2389,61188,2643,0,21,4,184,25,1,"Knox County",470313,194.763912543349,0.101895029268777,561.96617996951,43.5879935277145,10.1895029268777
2020-07-22,2812,69,2745,61,67,8,3097,63,55448,437,58545,500,3,21,3,180,24,0,"Knox County",470313,193.488166391318,0.102172403531396,106.312179335889,14.6710807483527,10.2172403531396
2020-07-21,2743,232,2684,228,59,4,3034,280,55011,1691,58045,1971,0,18,12,177,24,1,"Knox County",470313,210.072866367717,0.105490380103238,419.082610942075,49.3288512118525,10.5490380103238
2020-07-20,2511,74,2456,70,55,4,2754,57,53320,364,56074,421,0,18,4,165,23,1,"Knox County",470313,208.159247139671,0.106263331394221,89.5148550008186,15.7342025417116,10.6263331394221
2020-07-19,2437,84,2386,74,51,10,2697,74,52956,577,55653,651,0,18,0,161,22,2,"Knox County",470313,200.93001894483,0.110885589146459,138.418457495328,17.8604461284294,11.0885589146459
2020-07-18,2353,112,2312,109,41,3,2623,146,52379,2258,55002,2404,1,18,8,161,20,1,"Knox County",470313,187.534684348508,0.102609418858509,511.148958246955,23.8139281712392,10.2609418858509
2020-07-17,2241,74,2203,74,38,0,2477,80,50121,347,52598,427,0,17,6,153,19,2,"Knox County",470313,180.730704871011,0.105800155262282,90.7906011528493,15.7342025417116,10.5800155262282
2020-07-16,2167,187,2129,185,38,2,2397,228,49774,2033,52171,2261,2,17,3,147,17,0,"Knox County",470313,176.903466414919,0.107469600463231,480.74367495689,39.7607550716225,10.7469600463231
2020-07-15,1980,78,1944,78,36,0,2169,80,47741,511,49910,591,3,15,4,144,17,1,"Knox County",470313,178.817085642965,0.108297043318817,125.660995975021,16.5846999763987,10.8297043318817
2020-07-14,1902,95,1866,95,36,0,2089,127,47230,777,49319,904,2,12,1,140,16,1,"Knox County",470313,149.687548504932,0.103407755581669,192.212420239287,20.1993140738189,10.3407755581669
2020-07-13,1807,94,1771,92,36,2,1962,59,46453,655,48415,714,1,10,2,139,15,3,"Knox County",470313,153.940035678367,0.0998490945674044,151.81379209165,19.9866897151471,9.98490945674044
2020-07-12,1713,69,1679,67,34,2,1903,87,45798,916,47701,1003,0,9,4,137,12,1,"Knox County",470313,150.750670298291,0.0971820809248555,213.262231747793,14.6710807483527,9.71820809248555
2020-07-11,1644,28,1612,27,32,1,1816,36,44882,883,46698,919,0,9,2,133,11,1,"Knox County",470313,132.890224169861,0.102214400938554,195.401785619364,5.95348204280979,10.2214400938554
2020-07-10,1616,78,1585,74,31,4,1780,68,43999,418,45779,486,0,9,6,131,10,0,"Knox County",470313,133.740721604548,0.0995929049142193,103.335438314484,16.5846999763987,9.95929049142192
2020-07-09,1538,70,1511,66,27,4,1712,88,43581,1652,45293,1740,0,9,8,125,10,0,"Knox County",470313,108.86367163995,0.0857322636463741,369.966384088894,14.8837051070245,8.57322636463741
2020-07-08,1468,70,1445,65,23,5,1624,63,41929,594,43553,657,1,9,5,117,10,0,"Knox County",470313,107.162676770576,0.0822045773003269,139.694203647358,14.8837051070245,8.2204577300327
2020-07-07,1398,79,1380,79,18,0,1561,104,41335,1303,42896,1407,0,8,7,112,10,1,"Knox County",470313,103.760687031828,0.0729136586774473,299.162472651192,16.7973243350705,7.29136586774473
2020-07-06,1319,35,1301,35,18,0,1457,34,40032,658,41489,692,1,8,6,105,9,0,"Knox County",470313,91.2158498701928,0.0695249130938586,147.13605620087,7.44185255351224,6.95249130938586
2020-07-05,1284,77,1266,77,18,0,1423,109,39374,1079,40797,1188,2,7,6,99,9,1,"Knox County",470313,92.9168447395671,0.0708139370856256,252.597738102072,16.3720756177269,7.08139370856256
2020-07-04,1207,41,1189,40,18,1,1314,50,38295,1141,39609,1191,0,5,1,93,8,2,"Knox County",470313,95.6809614023002,0.0700991713082462,253.235611178088,8.7175987055429,7.00991713082462
2020-07-03,1166,62,1149,61,17,1,1264,49,37154,910,38418,959,0,5,4,92,6,0,"Knox County",470313,92.2789716635517,0.0634414092417667,203.906759966235,13.1827102376502,6.34414092417667
2020-07-02,1104,68,1088,68,16,0,1215,102,36244,1228,37459,1330,0,5,2,88,6,0,"Knox County",470313,91.8537229462082,0.0688308189655172,282.790397033465,14.4584563896809,6.88308189655172
2020-07-01,1036,49,1020,49,16,0,1113,34,35016,737,36129,771,0,5,4,86,6,1,"Knox County",470313,87.3886114141008,0.0639426903687981,163.933380535941,10.4185935749171,6.39426903687981
2020-06-30,987,40,971,39,16,1,1079,73,34279,1514,35358,1587,0,5,3,82,5,0,"Knox County",470313,79.0962614259015,0.0584348276755636,337.434857212112,8.50497434687113,5.84348276755636
2020-06-29,947,51,932,51,15,0,1006,79,32765,1333,33771,1412,0,5,3,79,5,0,"Knox County",470313,82.4982511646499,0.058781701825077,300.225594444551,10.8438422922607,5.8781701825077
2020-06-28,896,10,881,10,15,0,927,30,31432,684,32359,714,0,5,1,76,5,0,"Knox County",470313,68.2524191336408,0.0523606228026118,151.81379209165,2.12624358671778,5.23606228026117
2020-06-27,886,29,871,29,15,0,897,16,30748,111,31645,127,0,5,3,75,5,0,"Knox County",470313,65.7009268295794,0.0555072463768116,27.0032935513158,6.16610640148157,5.55072463768116
2020-06-26,857,37,842,37,15,0,881,14,30637,319,31518,333,0,5,8,72,5,0,"Knox County",470313,60.385317862785,0.0554670066942939,70.8039114377021,7.86710127085579,5.54670066942939
2020-06-25,820,32,805,32,15,0,867,52,30318,702,31185,754,0,5,1,64,5,0,"Knox County",470313,52.730840950601,0.0522990522990523,160.318766438521,6.8039794774969,5.22990522990523
2020-06-24,788,35,773,34,15,1,815,32,29616,272,30431,304,0,5,1,63,5,0,"Knox County",470313,49.7540999291961,0.0565857388644619,64.6378050362206,7.44185255351224,5.65857388644619
2020-06-23,753,27,739,24,14,3,783,25,29344,215,30127,240,0,5,4,62,5,0,"Knox County",470313,46.989983266463,0.0638516992790937,51.0298460812268,5.74085768413801,6.38516992790937
2020-06-22,726,36,715,36,11,0,758,31,29129,572,29887,603,0,5,0,58,5,0,"Knox County",470313,43.8006178863863,0.0650406504065041,128.212488279082,7.65447691218401,6.50406504065041
2020-06-21,690,31,679,31,11,0,727,37,28557,815,29284,852,0,5,1,58,5,0,"Knox County",470313,48.2657294184936,0.0644257703081232,181.155953588355,6.59135511882512,6.44257703081232
2020-06-20,659,17,648,17,11,0,690,9,27742,437,28432,446,0,5,2,57,5,0,"Knox County",470313,45.7142371144323,0.0566251415628539,94.8304639676131,3.61461409742023,5.66251415628539
2020-06-19,642,30,631,28,11,2,681,10,27305,334,27986,344,0,5,1,55,5,0,"Knox County",470313,44.2258666037299,0.0553203499858877,73.1427793830917,6.37873076015334,5.53203499858877
2020-06-18,612,15,603,15,9,0,671,18,26971,804,27642,822,0,5,0,54,5,0,"Knox County",470313,40.6112525063096,0.0448629188590418,174.777222828202,3.18936538007667,4.48629188590418
2020-06-17,597,17,588,17,9,0,653,13,26167,282,26820,295,0,5,0,54,5,0,"Knox County",470313,36.7840140502176,0.0397001665741255,62.7241858081746,3.61461409742023,3.97001665741255
2020-06-16,580,9,571,8,9,1,640,9,25885,178,26525,187,0,5,0,54,5,0,"Knox County",470313,32.9567755941256,0.0357847280924204,39.7607550716225,1.913619228046,3.57847280924204
2020-06-15,571,8,563,8,8,0,631,9,25707,218,26338,227,0,5,0,54,5,0,"Knox County",470313,27.0032935513158,0.0330917113142137,48.2657294184936,1.70099486937423,3.30917113142137
2020-06-14,563,8,555,8,8,0,622,9,25489,624,26111,633,0,5,0,54,5,0,"Knox County",470313,22.1129333018649,0.0260663507109005,134.591219039236,1.70099486937423,2.60663507109005
2020-06-13,555,10,547,8,8,2,613,9,24865,213,25478,222,0,5,3,54,5,0,"Knox County",470313,20.6245627911625,0.0282051282051282,47.2026076251348,2.12624358671778,2.82051282051282
2020-06-12,545,19,539,19,6,0,604,19,24652,750,25256,769,0,5,0,51,5,0,"Knox County",470313,18.2856948457729,0.0272583201267829,163.508131818597,4.03986281476378,2.72583201267829
2020-06-11,526,7,520,7,6,0,585,10,23902,379,24487,389,0,5,2,51,5,0,"Knox County",470313,16.5846999763987,0.0286554004408523,82.7108755233217,1.48837051070245,2.86554004408523
2020-06-10,519,12,513,12,6,0,575,12,23523,705,24098,717,0,5,0,49,5,0,"Knox County",470313,15.5215781830398,0.0244910941475827,152.451665167665,2.55149230406134,2.44910941475827
2020-06-09,507,16,501,16,6,0,563,19,22818,508,23381,527,0,5,1,49,5,0,"Knox County",470313,17.0099486937423,0.0249712973593571,112.053037020027,3.40198973874845,2.49712973593571
2020-06-08,491,8,485,8,6,0,544,8,22310,336,22854,344,0,5,1,48,5,0,"Knox County",470313,17.0099486937423,0.0238822549291863,73.1427793830917,1.70099486937423,2.38822549291863
2020-06-07,483,7,477,7,6,0,536,8,21974,847,22510,855,0,5,1,47,5,0,"Knox County",470313,16.7973243350705,0.0222338477635365,181.79382666437,1.48837051070245,2.22338477635365
2020-06-06,476,11,470,11,6,0,528,12,21127,478,21655,490,0,5,0,46,5,0,"Knox County",470313,17.0099486937423,0.0215106330970423,104.185935749171,2.33886794538956,2.15106330970423
2020-06-05,465,18,459,18,6,0,516,17,20649,518,21165,535,0,5,1,46,5,0,"Knox County",470313,16.7973243350705,0.0222971221156339,113.754031889401,3.82723845609201,2.22971221156339
2020-06-04,447,4,441,4,6,0,499,4,20131,338,20630,342,0,5,0,45,5,0,"Knox County",470313,16.1594512590551,0.020997375328084,72.7175306657481,0.850497434687113,2.0997375328084
2020-06-03,443,4,437,4,6,0,495,4,19793,399,20288,403,0,5,0,45,5,0,"Knox County",470313,14.4584563896809,0.0205949656750572,85.6876165447266,0.850497434687113,2.05949656750572
2020-06-02,439,26,433,25,6,1,491,24,19394,939,19885,963,0,5,2,45,5,0,"Knox County",470313,16.5846999763987,0.0195829094608342,204.757257400922,5.52823332546623,1.95829094608342
2020-06-01,413,17,408,17,5,0,467,20,18455,972,18922,992,0,5,0,43,5,0,"Knox County",470313,18.4983192044447,0.0194323144104804,210.923363802404,3.61461409742023,1.94323144104803
2020-05-31,396,7,391,7,5,0,447,7,17483,317,17930,324,0,5,0,43,5,0,"Knox County",470313,18.4983192044447,0.0217337614225735,68.8902922096561,1.48837051070245,2.17337614225735
2020-05-30,389,6,384,6,5,0,440,6,17166,294,17606,300,0,5,2,43,5,0,"Knox County",470313,17.4351974110858,0.0212490282456595,63.7873076015334,1.27574615203067,2.12490282456595
2020-05-29,383,8,378,8,5,0,434,7,16872,205,17306,212,0,5,0,41,5,0,"Knox County",470313,15.308953824368,0.0203619909502262,45.076364038417,1.70099486937423,2.03619909502262
2020-05-28,375,11,370,11,5,0,427,11,16667,336,17094,347,0,5,0,41,5,0,"Knox County",470313,16.7973243350705,0.022310081897769,73.780652459107,2.33886794538956,2.2310081897769
2020-05-27,364,5,359,5,5,0,416,6,16331,420,16747,426,0,5,1,41,5,0,"Knox County",470313,17.0099486937423,0.0227272727272727,90.5779767941775,1.06312179335889,2.27272727272727
2020-05-26,359,9,354,9,5,0,410,10,15911,1142,16321,1152,0,5,0,40,5,0,"Knox County",470313,13.395334596322,0.0178523847588596,244.943261189888,1.913619228046,1.78523847588596
2020-05-25,350,9,345,9,5,0,400,11,14769,381,15169,392,0,5,1,40,5,0,"Knox County",470313,11.6943397269478,0.018395179194418,83.348748599337,1.913619228046,1.8395179194418
2020-05-24,341,2,336,2,5,0,389,3,14388,273,14777,276,0,5,0,39,5,0,"Knox County",470313,10.6312179335889,0.0173913043478261,58.6843229934108,0.425248717343556,1.73913043478261
2020-05-23,339,7,334,7,5,0,386,10,14115,360,14501,370,0,5,2,39,5,0,"Knox County",470313,10.8438422922607,0.0182677165354331,78.6710127085579,1.48837051070245,1.82677165354331
2020-05-22,332,1,327,1,5,0,376,1,13755,253,14131,254,0,5,0,37,5,0,"Knox County",470313,9.35547178155824,0.0161641280696301,54.0065871026317,0.212624358671778,1.61641280696301
2020-05-21,331,0,326,0,5,0,375,0,13502,250,13877,250,0,5,0,37,5,0,"Knox County",470313,7.01660383616868,0.0131410256410256,53.1560896679445,0,1.31410256410256
2020-05-20,331,7,326,7,5,0,375,7,13252,360,13627,367,0,5,0,37,5,0,"Knox County",470313,7.44185255351224,0.0137210062071219,78.0331396325426,1.48837051070245,1.37210062071219
2020-05-19,324,7,319,7,5,0,368,7,12892,369,13260,376,0,5,2,37,5,0,"Knox County",470313,7.01660383616868,0.0170678336980306,79.9467588605886,1.48837051070245,1.70678336980306
2020-05-18,317,3,312,3,5,0,361,4,12523,478,12884,482,0,5,0,35,5,0,"Knox County",470313,5.74085768413801,0.0134736842105263,102.484940879797,0.637873076015334,1.34736842105263
2020-05-17,314,3,309,3,5,0,357,5,12045,216,12402,221,0,5,1,35,5,0,"Knox County",470313,5.95348204280979,0.0146551724137931,46.989983266463,0.637873076015334,1.46551724137931
2020-05-16,311,0,306,0,5,0,352,0,11829,349,12181,349,0,5,0,34,5,0,"Knox County",470313,4.46511153210734,0.0104393214441061,74.2059011764506,0,1.04393214441061
2020-05-15,311,1,306,1,5,0,352,4,11480,540,11832,544,0,5,0,34,5,0,"Knox County",470313,4.46511153210734,0.0104287369640788,115.667651117447,0.212624358671778,1.04287369640788
2020-05-14,310,3,305,3,5,0,348,7,10940,458,11288,465,0,5,0,34,5,0,"Knox County",470313,5.10298460812268,0.0121255349500713,98.8703267823768,0.637873076015334,1.21255349500713
2020-05-13,307,7,302,7,5,0,341,5,10482,341,10823,346,0,5,0,34,5,0,"Knox County",470313,5.10298460812268,0.011498383039885,73.5680281004352,1.48837051070245,1.1498383039885
2020-05-12,300,6,295,6,5,0,336,8,10141,401,10477,409,0,5,0,34,5,0,"Knox County",470313,4.8903602494509,0.01171875,86.9633626967573,1.27574615203067,1.171875
2020-05-11,294,16,289,16,5,0,328,12,9740,254,10068,266,0,5,1,34,5,0,"Knox County",470313,7.65447691218401,0.0157692307692308,56.558079406693,3.40198973874845,1.57692307692308
2020-05-10,278,5,273,5,5,0,316,5,9486,221,9802,226,0,5,1,33,5,0,"Knox County",470313,8.07972562952757,0.0157389635316699,48.0531050598219,1.06312179335889,1.57389635316699
2020-05-09,273,2,268,2,5,0,311,4,9265,352,9576,356,0,5,0,32,5,0,"Knox County",470313,8.50497434687113,0.0172281776416539,75.694271687153,0.425248717343556,1.72281776416539
2020-05-08,271,3,266,3,5,0,307,4,8913,265,9220,269,0,5,0,32,5,0,"Knox County",470313,8.93022306421468,0.0192554557124519,57.1959524827083,0.637873076015334,1.92554557124519
2020-05-07,268,3,263,3,5,0,303,3,8648,220,8951,223,0,5,0,32,5,0,"Knox County",470313,8.93022306421468,0.0195704057279236,47.4152319838065,0.637873076015334,1.95704057279236
2020-05-06,265,1,260,1,5,0,300,1,8428,185,8728,186,0,5,0,32,5,0,"Knox County",470313,7.65447691218401,0.0191214470284238,39.5481307129507,0.212624358671778,1.91214470284238
2020-05-05,264,4,259,4,5,0,299,5,8243,305,8542,310,0,5,0,32,5,0,"Knox County",470313,7.22922819484046,0.0185185185185185,65.9135511882512,0.850497434687113,1.85185185185185
2020-05-04,260,4,255,4,5,0,294,7,7938,259,8232,266,0,5,0,32,5,0,"Knox County",470313,4.67773589077912,0.0157952069716776,56.558079406693,0.850497434687113,1.57952069716776
2020-05-03,256,7,251,5,5,2,287,6,7679,290,7966,296,0,5,2,32,5,0,"Knox County",470313,5.10298460812268,0.0157397691500525,62.9368101668463,1.48837051070245,1.57397691500525
2020-05-02,249,3,246,3,3,0,281,5,7389,308,7670,313,0,5,1,30,5,0,"Knox County",470313,5.31560896679445,0.0166398282340311,66.5514242642666,0.637873076015334,1.66398282340311
2020-05-01,246,9,243,8,3,1,276,7,7081,354,7357,361,0,5,0,29,5,0,"Knox County",470313,6.59135511882512,0.0173913043478261,76.7573934805119,1.913619228046,1.73913043478261
2020-04-30,237,4,235,4,2,0,269,3,6727,119,6996,122,0,5,0,29,5,0,"Knox County",470313,6.8039794774969,0.0183387270765912,25.9401717579569,0.850497434687113,1.83387270765912
2020-04-29,233,8,231,8,2,0,266,10,6608,671,6874,681,0,5,0,29,5,0,"Knox County",470313,8.29234998819935,0.0183056619838229,144.797188255481,1.70099486937423,1.83056619838229
2020-04-28,225,8,223,8,2,0,256,10,5937,391,6193,401,1,5,0,29,5,0,"Knox County",470313,9.14284742288646,0.019672131147541,85.262367827383,1.70099486937423,1.9672131147541
2020-04-27,217,2,215,2,2,0,246,4,5546,161,5792,165,0,4,0,29,5,1,"Knox County",470313,8.7175987055429,0.0192389910218042,35.0830191808434,0.425248717343556,1.92389910218042
2020-04-26,215,1,213,1,2,0,242,1,5385,172,5627,173,0,4,0,29,4,0,"Knox County",470313,7.44185255351224,0.0180505415162455,36.7840140502176,0.212624358671778,1.80505415162455
2020-04-25,214,0,212,0,2,0,241,0,5213,53,5454,53,0,4,0,29,4,0,"Knox County",470313,6.8039794774969,0.0178936605316973,11.2690910096042,0,1.78936605316973
2020-04-24,214,8,212,8,2,0,241,10,5160,836,5401,846,0,4,1,29,4,0,"Knox County",470313,6.59135511882512,0.0155673904137649,179.880207436324,1.70099486937423,1.55673904137648
2020-04-23,206,1,204,1,2,0,231,2,4324,137,4555,139,0,4,0,28,4,0,"Knox County",470313,5.95348204280979,0.0150528885272579,29.5547858553772,0.212624358671778,1.50528885272579
2020-04-22,205,5,203,3,2,2,229,2,4187,189,4416,191,0,4,0,28,4,0,"Knox County",470313,5.31560896679445,0.0147357723577236,40.6112525063096,1.06312179335889,1.47357723577236
2020-04-21,200,4,200,4,0,0,227,5,3998,475,4225,480,0,4,1,28,4,0,"Knox County",470313,4.46511153210734,0.0117244748412311,102.059692162454,0.850497434687113,1.17244748412311
2020-04-20,196,3,196,3,0,0,222,2,3523,175,3745,177,0,4,1,27,4,0,"Knox County",470313,4.67773589077912,0.0106847984458475,37.6345114849047,0.637873076015334,1.06847984458475
2020-04-19,193,0,193,0,0,0,220,0,3348,72,3568,72,0,4,0,26,4,0,"Knox County",470313,4.46511153210734,0.0107252298263534,15.308953824368,0,1.07252298263534
2020-04-18,193,0,193,0,0,0,220,1,3276,135,3496,136,0,4,0,26,4,0,"Knox County",470313,4.46511153210734,0.0107790298873101,28.9169127793618,0,1.07790298873101
2020-04-17,193,2,193,2,0,0,219,3,3141,104,3360,107,0,4,1,26,4,0,"Knox County",470313,3.18936538007667,0.0115207373271889,22.7508063778803,0.425248717343556,1.15207373271889
2020-04-16,191,7,191,7,0,0,216,9,3037,213,3253,222,0,4,2,25,4,0,"Knox County",470313,4.46511153210734,0.015884476534296,47.2026076251348,1.48837051070245,1.5884476534296
2020-04-15,184,9,184,9,0,0,207,10,2824,84,3031,94,0,4,1,23,4,0,"Knox County",470313,5.31560896679445,0.0232919254658385,19.9866897151471,1.913619228046,2.32919254658385
2020-04-14,175,4,175,4,0,0,197,4,2740,102,2937,106,0,4,1,22,4,0,"Knox County",470313,5.31560896679445,0.0317286652078775,22.5381820192085,0.850497434687113,3.17286652078775
2020-04-13,171,4,171,4,0,0,193,9,2638,242,2831,251,0,4,1,21,4,0,"Knox County",470313,5.52823332546623,0.0364372469635627,53.3687140266163,0.850497434687113,3.64372469635628
2020-04-12,167,5,167,5,0,0,184,6,2396,166,2580,172,0,4,0,20,4,0,"Knox County",470313,6.59135511882512,0.0386029411764706,36.5713896915458,1.06312179335889,3.86029411764706
2020-04-11,162,5,162,5,0,0,178,8,2230,313,2408,321,1,4,1,20,4,0,"Knox County",470313,7.65447691218401,0.0384917517674784,68.2524191336408,1.06312179335889,3.84917517674784
2020-04-10,157,4,157,4,0,0,170,5,1917,123,2087,128,0,3,0,19,4,0,"Knox County",470313,8.07972562952757,0.0394126738794436,27.2159179099876,0.850497434687113,3.94126738794436
2020-04-09,153,1,153,1,0,0,165,1,1794,81,1959,82,0,3,0,19,4,0,"Knox County",470313,6.8039794774969,0.037261698440208,17.4351974110858,0.212624358671778,3.7261698440208
2020-04-08,152,8,152,8,0,0,164,12,1713,111,1877,123,0,3,1,19,4,1,"Knox County",470313,6.59135511882512,0.0380388841927303,26.1527961166287,1.70099486937423,3.80388841927303
2020-04-07,144,20,144,20,0,0,152,25,1602,366,1754,391,0,3,2,18,3,0,"Knox County",470313,9.99334485757357,0.0449591280653951,83.1361242406653,4.25248717343556,4.49591280653951
2020-04-06,124,8,124,8,0,0,127,14,1236,54,1363,68,2,3,1,16,3,0,"Knox County",470313,10.8438422922607,0.0552529182879377,14.4584563896809,1.70099486937423,5.52529182879377
2020-04-05,116,4,116,4,0,0,113,10,1182,75,1295,85,0,1,0,15,3,1,"Knox County",470313,10.6312179335889,0.0626043405676127,18.0730704871011,0.850497434687113,6.26043405676127
2020-04-04,112,15,112,15,0,0,103,6,1107,127,1210,133,0,1,1,15,2,1,"Knox County",470313,12.7574615203067,0.0722772277227723,28.2790397033465,3.18936538007667,7.22772277227723
2020-04-03,97,4,97,4,0,0,97,3,980,51,1077,54,0,1,1,14,1,0,"Knox County",470313,12.7574615203067,0.0758547008547008,11.481715368276,0.850497434687113,7.58547008547009
2020-04-02,93,7,93,7,0,0,94,7,929,106,1023,113,0,1,0,13,1,0,"Knox County",470313,14.0332076723374,0.0796277145811789,24.0265525299109,1.48837051070245,7.96277145811789
2020-04-01,86,15,86,15,0,0,87,15,823,140,910,155,0,0,1,13,1,0,"Knox County",470313,15.5215781830398,0.0800800800800801,32.9567755941256,3.18936538007667,8.00800800800801
2020-03-31,71,8,71,8,0,0,72,11,683,58,755,69,0,0,1,12,1,0,"Knox County",470313,12.9700858789785,0.0974889217134417,14.6710807483527,1.70099486937423,9.74889217134417
2020-03-30,63,13,63,13,0,0,61,15,625,130,686,145,0,0,2,11,1,0,"Knox County",470313,14.0332076723374,0.0888594164456233,30.8305320074078,2.76411666273312,8.88594164456233
2020-03-29,50,8,50,8,0,0,46,8,495,55,541,63,0,0,1,9,1,1,"Knox County",470313,14.8837051070245,0.0887978142076503,13.395334596322,1.70099486937423,8.87978142076503
2020-03-28,42,7,42,7,0,0,38,6,440,62,478,68,0,0,1,8,0,0,"Knox County",470313,13.1827102376502,0.0974512743628186,14.4584563896809,1.48837051070245,9.74512743628186
2020-03-27,35,2,35,2,0,0,32,2,378,54,410,56,0,0,1,7,0,0,"Knox County",470313,12.7574615203067,0.0956651718983558,11.9069640856196,0.425248717343556,9.56651718983558
2020-03-26,33,7,33,7,0,0,30,7,324,82,354,89,0,0,2,6,0,0,"Knox County",470313,12.7574615203067,0.0992248062015504,18.9235679217883,1.48837051070245,9.92248062015504
2020-03-25,26,6,26,6,0,0,23,7,242,68,265,75,0,0,1,4,0,0,"Knox County",470313,10.8438422922607,0.0991150442477876,15.9468269003834,1.27574615203067,9.91150442477876
2020-03-24,20,7,20,7,0,0,16,7,174,43,190,50,0,0,0,3,0,0,"Knox County",470313,10.6312179335889,0.0952380952380952,10.6312179335889,1.48837051070245,9.52380952380952
2020-03-23,13,4,13,4,0,0,9,4,131,22,140,26,0,0,2,3,0,0,"Knox County",470313,8.7175987055429,0.0960187353629977,5.52823332546623,0.850497434687113,9.60187353629976
2020-03-22,9,2,9,2,0,0,5,0,109,9,114,9,0,0,1,1,0,0,"Knox County",470313,7.44185255351224,0.0884718498659517,1.913619228046,0.425248717343556,8.84718498659517
2020-03-21,7,1,7,1,0,0,5,2,100,17,105,19,0,0,0,0,0,0,"Knox County",470313,6.16610640148157,0.0895061728395062,4.03986281476378,0.212624358671778,8.95061728395062
2020-03-20,6,5,6,5,0,0,3,2,83,38,86,40,0,0,0,0,0,0,"Knox County",470313,6.8039794774969,0.0941558441558442,8.50497434687113,1.06312179335889,9.41558441558442
2020-03-19,1,0,1,0,0,0,1,0,45,11,46,11,0,0,0,0,0,0,"Knox County",470313,5.31560896679445,0.0956521739130435,2.33886794538956,0,9.56521739130435
2020-03-18,1,0,1,0,0,0,1,0,34,15,35,15,0,0,0,0,0,0,"Knox County",470313,4.03986281476378,0.0882352941176471,3.18936538007667,0,8.82352941176471
2020-03-17,1,0,1,0,0,0,1,0,19,5,20,5,0,0,0,0,0,0,"Knox County",470313,2.55149230406134,0.064,1.06312179335889,0,6.4
2020-03-16,1,1,1,1,0,0,1,1,14,3,15,4,0,0,0,0,0,0,"Knox County",470313,1.913619228046,0.0485436893203883,0.850497434687113,0.212624358671778,4.85436893203883
2020-03-15,0,0,0,0,0,0,0,0,11,1,11,1,0,0,0,0,0,0,"Knox County",470313,1.48837051070245,0.0526315789473684,0.212624358671778,0,5.26315789473684
2020-03-14,0,0,0,0,0,0,0,0,10,8,10,8,0,0,0,0,0,0,"Knox County",470313,1.27574615203067,0.0357142857142857,1.70099486937423,0,3.57142857142857
2020-03-13,0,0,0,0,0,0,0,0,2,0,2,0,0,0,0,0,0,0,"Knox County",470313,0.212624358671778,0.0227272727272727,0,0,2.27272727272727
2020-03-12,0,0,0,0,0,0,0,0,2,2,2,2,0,0,0,0,0,0,"Knox County",470313,0.212624358671778,0.0285714285714286,0.425248717343556,0,2.85714285714286
2020-03-12,0,0,0,0,0,0,0,0,0,0,0,0,0,0,0,0,0,0,"Anderson",76978,NA,NA,0,0,NA
2020-03-13,0,0,0,0,0,0,0,0,1,1,1,1,0,0,0,0,0,0,"Anderson",76978,NA,NA,1.29907246226194,0,NA
2020-03-14,0,0,0,0,0,0,0,0,1,0,1,0,0,0,0,0,0,0,"Anderson",76978,NA,NA,0,0,NA
2020-03-15,0,0,0,0,0,0,0,0,1,0,1,0,0,0,0,0,0,0,"Anderson",76978,NA,NA,0,0,NA
2020-03-16,0,0,0,0,0,0,0,0,2,1,2,1,0,0,0,0,0,0,"Anderson",76978,NA,NA,1.29907246226194,0,NA
2020-03-17,0,0,0,0,0,0,0,0,4,2,4,2,0,0,0,0,0,0,"Anderson",76978,NA,NA,2.59814492452389,0,NA
2020-03-18,0,0,0,0,0,0,0,0,4,0,4,0,0,0,0,0,0,0,"Anderson",76978,0,0,0,0,0
2020-03-19,1,1,1,1,0,0,2,2,5,1,7,3,0,0,0,0,0,0,"Anderson",76978,1.29907246226194,0.285714285714286,3.89721738678583,1.29907246226194,28.5714285714286
2020-03-20,1,0,1,0,0,0,2,0,7,2,9,2,0,0,0,0,0,0,"Anderson",76978,1.29907246226194,0.25,2.59814492452389,0,25
2020-03-21,1,0,1,0,0,0,2,0,7,0,9,0,0,0,0,0,0,0,"Anderson",76978,1.29907246226194,0.25,0,0,25
2020-03-22,1,0,1,0,0,0,2,0,10,3,12,3,0,0,0,0,0,0,"Anderson",76978,1.29907246226194,0.181818181818182,3.89721738678583,0,18.1818181818182
2020-03-23,1,0,1,0,0,0,2,0,15,5,17,5,0,0,0,0,0,0,"Anderson",76978,1.29907246226194,0.133333333333333,6.49536231130973,0,13.3333333333333
2020-03-24,1,0,1,0,0,0,2,0,20,5,22,5,0,0,0,0,0,0,"Anderson",76978,1.29907246226194,0.111111111111111,6.49536231130973,0,11.1111111111111
2020-03-25,2,1,2,1,0,0,4,2,29,9,33,11,0,0,0,0,0,0,"Anderson",76978,2.59814492452389,0.137931034482759,14.2897970848814,1.29907246226194,13.7931034482759
2020-03-26,3,1,3,1,0,0,5,1,44,15,49,16,0,0,1,1,0,0,"Anderson",76978,2.59814492452389,0.0714285714285714,20.7851593961911,1.29907246226194,7.14285714285714
2020-03-27,4,1,4,1,0,0,6,1,53,9,59,10,0,0,0,1,0,0,"Anderson",76978,3.89721738678583,0.08,12.9907246226195,1.29907246226194,8
2020-03-28,7,3,7,3,0,0,9,3,72,19,81,22,0,0,1,2,0,0,"Anderson",76978,7.79443477357167,0.0972222222222222,28.5795941697628,3.89721738678583,9.72222222222222
2020-03-29,7,0,7,0,0,0,9,0,83,11,92,11,0,0,0,2,0,0,"Anderson",76978,7.79443477357167,0.0875,14.2897970848814,0,8.75
2020-03-30,8,1,8,1,0,0,10,1,127,44,137,45,0,0,0,2,0,0,"Anderson",76978,9.09350723583361,0.0666666666666667,58.4582608017875,1.29907246226194,6.66666666666667
2020-03-31,9,1,9,1,0,0,11,1,142,15,153,16,0,0,0,2,0,0,"Anderson",76978,10.3925796980956,0.0687022900763359,20.7851593961911,1.29907246226194,6.87022900763359
2020-04-01,9,0,9,0,0,0,11,0,163,21,174,21,0,0,0,2,0,0,"Anderson",76978,9.09350723583361,0.049645390070922,27.2805217075008,0,4.9645390070922
2020-04-02,9,0,9,0,0,0,11,0,179,16,190,16,0,0,0,2,0,0,"Anderson",76978,7.79443477357167,0.0425531914893617,20.7851593961911,0,4.25531914893617
2020-04-03,9,0,9,0,0,0,11,0,192,13,203,13,0,0,0,2,0,0,"Anderson",76978,6.49536231130972,0.0347222222222222,16.8879420094053,0,3.47222222222222
2020-04-04,9,0,9,0,0,0,11,0,219,27,230,27,0,0,0,2,0,0,"Anderson",76978,2.59814492452389,0.0134228187919463,35.0749564810725,0,1.34228187919463
2020-04-05,9,0,9,0,0,0,11,0,248,29,259,29,0,0,0,2,0,0,"Anderson",76978,2.59814492452389,0.0119760479041916,37.6731014055964,0,1.19760479041916
2020-04-06,9,0,9,0,0,0,11,0,262,14,273,14,0,0,0,2,0,0,"Anderson",76978,1.29907246226194,0.00735294117647059,18.1870144716672,0,0.735294117647059
2020-04-07,10,1,10,1,0,0,12,1,304,42,316,43,0,0,0,2,0,0,"Anderson",76978,1.29907246226194,0.00613496932515337,55.8601158772636,1.29907246226194,0.613496932515337
2020-04-08,10,0,10,0,0,0,12,0,322,18,334,18,1,1,0,2,1,1,"Anderson",76978,1.29907246226194,0.00625,23.383304320715,0,0.625
2020-04-09,10,0,10,0,0,0,12,0,350,28,362,28,0,1,0,2,1,0,"Anderson",76978,1.29907246226194,0.00581395348837209,36.3740289433345,0,0.581395348837209
2020-04-10,10,0,10,0,0,0,12,0,366,16,378,16,0,1,0,2,1,0,"Anderson",76978,1.29907246226194,0.00571428571428571,20.7851593961911,0,0.571428571428571
2020-04-11,10,0,10,0,0,0,12,0,439,73,451,73,0,1,0,2,1,0,"Anderson",76978,1.29907246226194,0.00452488687782805,94.832289745122,0,0.452488687782805
2020-04-12,12,2,12,2,0,0,14,2,477,38,491,40,0,1,0,2,1,0,"Anderson",76978,3.89721738678583,0.0129310344827586,51.9628984904778,2.59814492452389,1.29310344827586
2020-04-13,13,1,13,1,0,0,15,1,514,37,529,38,0,1,0,2,1,0,"Anderson",76978,5.19628984904778,0.015625,49.3647535659539,1.29907246226194,1.5625
2020-04-14,13,0,13,0,0,0,15,0,526,12,541,12,0,1,0,2,1,0,"Anderson",76978,3.89721738678583,0.0133333333333333,15.5888695471433,0,1.33333333333333
2020-04-15,13,0,13,0,0,0,15,0,544,18,559,18,0,1,0,2,1,0,"Anderson",76978,3.89721738678583,0.0133333333333333,23.383304320715,0,1.33333333333333
2020-04-16,13,0,13,0,0,0,15,0,566,22,581,22,0,1,0,2,1,0,"Anderson",76978,3.89721738678583,0.0136986301369863,28.5795941697628,0,1.36986301369863
2020-04-17,13,0,13,0,0,0,15,0,586,20,601,20,0,1,0,2,1,0,"Anderson",76978,3.89721738678583,0.0134529147982063,25.9814492452389,0,1.34529147982063
2020-04-18,13,0,13,0,0,0,15,0,616,30,631,30,0,1,0,2,1,0,"Anderson",76978,3.89721738678583,0.0166666666666667,38.9721738678584,0,1.66666666666667
2020-04-19,14,1,14,1,0,0,16,1,628,12,644,13,0,1,0,2,1,0,"Anderson",76978,2.59814492452389,0.0130718954248366,16.8879420094053,1.29907246226194,1.30718954248366
2020-04-20,19,5,18,4,1,1,19,3,648,20,667,23,0,1,0,2,1,0,"Anderson",76978,7.79443477357167,0.0289855072463768,29.8786666320247,6.49536231130973,2.89855072463768
2020-04-21,20,1,19,1,1,0,22,3,1071,423,1093,426,0,1,0,2,1,0,"Anderson",76978,9.09350723583361,0.0126811594202899,553.404868923589,1.29907246226194,1.26811594202899
2020-04-22,21,1,20,1,1,0,24,2,1141,70,1165,72,0,1,0,2,1,0,"Anderson",76978,10.3925796980956,0.0148514851485149,93.53321728286,1.29907246226194,1.48514851485149
2020-04-23,21,0,20,0,1,0,24,0,1191,50,1215,50,0,1,0,2,1,0,"Anderson",76978,10.3925796980956,0.0141955835962145,64.9536231130973,0,1.41955835962145
2020-04-24,22,1,21,1,1,0,25,1,1299,108,1324,109,0,1,0,2,1,0,"Anderson",76978,11.6916521603575,0.0138312586445367,141.598898386552,1.29907246226194,1.38312586445367
2020-04-25,22,0,21,0,1,0,25,0,1336,37,1361,37,0,1,0,2,1,0,"Anderson",76978,11.6916521603575,0.0136986301369863,48.065681103692,0,1.36986301369863
2020-04-26,22,0,21,0,1,0,25,0,1372,36,1397,36,0,1,0,2,1,0,"Anderson",76978,10.3925796980956,0.0119521912350598,46.76660864143,0,1.19521912350598
2020-04-27,22,0,21,0,1,0,25,0,1411,39,1436,39,0,1,0,2,1,0,"Anderson",76978,3.89721738678583,0.00780234070221066,50.6638260282159,0,0.780234070221066
2020-04-28,22,0,21,0,1,0,25,0,1690,279,1715,279,0,1,0,2,1,0,"Anderson",76978,2.59814492452389,0.00482315112540193,362.441216971083,0,0.482315112540193
2020-04-29,26,4,25,4,1,0,28,3,2068,378,2096,381,0,1,0,2,1,0,"Anderson",76978,6.49536231130972,0.00429645542427497,494.946608121801,5.19628984904778,0.429645542427497
2020-04-30,26,0,25,0,1,0,29,1,2100,32,2129,33,0,1,0,2,1,0,"Anderson",76978,6.49536231130972,0.00547045951859956,42.8693912546442,0,0.547045951859956
2020-05-01,26,0,25,0,1,0,29,0,2152,52,2181,52,0,1,0,2,1,0,"Anderson",76978,5.19628984904778,0.00466744457409568,67.5517680376211,0,0.466744457409568
2020-05-02,26,0,25,0,1,0,29,0,2219,67,2248,67,0,1,0,2,1,0,"Anderson",76978,5.19628984904778,0.00450958286358512,87.0378549715503,0,0.450958286358512
2020-05-03,27,1,26,1,1,0,30,1,2312,93,2342,94,0,1,0,2,1,0,"Anderson",76978,6.49536231130972,0.00529100529100529,122.112811452623,1.29907246226194,0.529100529100529
2020-05-04,27,0,26,0,1,0,30,0,2404,92,2434,92,0,1,0,2,1,0,"Anderson",76978,6.49536231130972,0.00501002004008016,119.514666528099,0,0.501002004008016
2020-05-05,28,1,27,1,1,0,30,0,2473,69,2503,69,0,1,0,2,1,0,"Anderson",76978,7.79443477357167,0.00634517766497462,89.6359998960742,1.29907246226194,0.634517766497462
2020-05-06,30,2,29,2,1,0,31,1,2523,50,2554,51,0,1,0,2,1,0,"Anderson",76978,5.19628984904778,0.00655021834061135,66.2526955753592,2.59814492452389,0.655021834061135
2020-05-07,30,0,29,0,1,0,33,2,2595,72,2628,74,0,1,0,2,1,0,"Anderson",76978,5.19628984904778,0.00801603206412826,96.1313622073839,0,0.801603206412826
2020-05-08,30,0,29,0,1,0,33,0,2650,55,2683,55,0,1,0,2,1,0,"Anderson",76978,5.19628984904778,0.00796812749003984,71.448985424407,0,0.796812749003984
2020-05-09,30,0,29,0,1,0,33,0,2732,82,2765,82,0,1,0,2,1,0,"Anderson",76978,5.19628984904778,0.00773694390715667,106.523941905479,0,0.773694390715667
2020-05-10,30,0,29,0,1,0,33,0,2825,93,2858,93,0,1,0,2,1,0,"Anderson",76978,3.89721738678583,0.00581395348837209,120.813738990361,0,0.581395348837209
2020-05-11,32,2,31,2,1,0,33,0,2907,82,2940,82,0,1,0,2,1,0,"Anderson",76978,6.49536231130972,0.00592885375494071,106.523941905479,2.59814492452389,0.592885375494071
2020-05-12,33,1,32,1,1,0,35,2,3040,133,3075,135,0,1,0,2,1,0,"Anderson",76978,6.49536231130972,0.00874125874125874,175.374782405363,1.29907246226194,0.874125874125874
2020-05-13,35,2,34,2,1,0,38,3,3218,178,3256,181,0,1,1,3,1,0,"Anderson",76978,6.49536231130972,0.00997150997150997,235.132115669412,2.59814492452389,0.997150997150997
2020-05-14,35,0,34,0,1,0,39,1,3344,126,3383,127,0,1,0,3,1,0,"Anderson",76978,6.49536231130972,0.00794701986754967,164.982202707267,0,0.794701986754967
2020-05-15,36,1,35,1,1,0,39,0,3415,71,3454,71,0,1,0,3,1,0,"Anderson",76978,7.79443477357167,0.00778210116731518,92.2341448205981,1.29907246226194,0.778210116731518
2020-05-16,36,0,35,0,1,0,41,2,3655,240,3696,242,0,1,0,3,1,0,"Anderson",76978,7.79443477357167,0.00859291084854995,314.375535867391,0,0.859291084854995
2020-05-17,36,0,35,0,1,0,41,0,3725,70,3766,70,0,1,0,3,1,0,"Anderson",76978,7.79443477357167,0.00881057268722467,90.9350723583361,0,0.881057268722467
2020-05-18,37,1,36,1,1,0,42,1,3802,77,3844,78,0,1,0,3,1,0,"Anderson",76978,6.49536231130972,0.00995575221238938,101.327652056432,1.29907246226194,0.995575221238938
2020-05-19,37,0,36,0,1,0,42,0,3854,52,3896,52,0,1,0,3,1,0,"Anderson",76978,5.19628984904778,0.00852618757612668,67.5517680376211,0,0.852618757612667
2020-05-20,37,0,36,0,1,0,43,1,3919,65,3962,66,0,1,0,3,1,0,"Anderson",76978,2.59814492452389,0.00708215297450425,85.7387825092884,0,0.708215297450425
2020-05-21,37,0,36,0,1,0,44,1,3999,80,4043,81,0,1,0,3,1,0,"Anderson",76978,2.59814492452389,0.00757575757575758,105.224869443218,0,0.757575757575758
2020-05-22,38,1,37,1,1,0,45,1,4027,28,4072,29,0,1,1,4,1,0,"Anderson",76978,2.59814492452389,0.00970873786407767,37.6731014055964,1.29907246226194,0.970873786407767
2020-05-23,38,0,37,0,1,0,46,1,4190,163,4236,164,0,1,0,4,1,0,"Anderson",76978,2.59814492452389,0.00925925925925926,213.047883810959,0,0.925925925925926
2020-05-24,38,0,37,0,1,0,46,0,4245,55,4291,55,0,1,0,4,1,0,"Anderson",76978,2.59814492452389,0.00952380952380952,71.448985424407,0,0.952380952380952
2020-05-25,38,0,37,0,1,0,47,1,4279,34,4326,35,0,1,0,4,1,0,"Anderson",76978,1.29907246226194,0.0103734439834025,45.4675361791681,0,1.03734439834025
2020-05-26,38,0,37,0,1,0,47,0,4410,131,4457,131,0,1,0,4,1,0,"Anderson",76978,1.29907246226194,0.0089126559714795,170.178492556315,0,0.89126559714795
2020-05-27,38,0,37,0,1,0,47,0,4513,103,4560,103,0,1,0,4,1,0,"Anderson",76978,1.29907246226194,0.00668896321070234,133.80446361298,0,0.668896321070234
2020-05-28,38,0,37,0,1,0,47,0,4561,48,4608,48,0,1,0,4,1,0,"Anderson",76978,1.29907246226194,0.00530973451327434,62.3554781885734,0,0.530973451327434
2020-05-29,39,1,38,1,1,0,47,0,4611,50,4658,50,0,1,0,4,1,0,"Anderson",76978,1.29907246226194,0.00341296928327645,64.9536231130973,1.29907246226194,0.341296928327645
2020-05-30,39,0,38,0,1,0,48,1,4663,52,4711,53,0,1,0,4,1,0,"Anderson",76978,1.29907246226194,0.00421052631578947,68.8508404998831,0,0.421052631578947
2020-05-31,40,1,39,1,1,0,49,1,4729,66,4778,67,0,1,0,4,1,0,"Anderson",76978,2.59814492452389,0.00616016427104723,87.0378549715503,1.29907246226194,0.616016427104723
2020-06-01,40,0,39,0,1,0,49,0,4853,124,4902,124,0,1,0,4,1,0,"Anderson",76978,2.59814492452389,0.00347222222222222,161.084985320481,0,0.347222222222222
2020-06-02,40,0,39,0,1,0,49,0,4980,127,5029,127,0,1,0,4,1,0,"Anderson",76978,2.59814492452389,0.0034965034965035,164.982202707267,0,0.34965034965035
2020-06-03,41,1,40,1,1,0,50,1,5040,60,5090,61,0,1,0,4,2,1,"Anderson",76978,3.89721738678583,0.00566037735849057,79.2434201979787,1.29907246226194,0.566037735849057
2020-06-04,41,0,40,0,1,0,50,0,5088,48,5138,48,1,2,0,4,2,0,"Anderson",76978,3.89721738678583,0.00566037735849057,62.3554781885734,0,0.566037735849057
2020-06-05,42,1,41,1,1,0,53,3,5145,57,5198,60,0,2,0,4,2,0,"Anderson",76978,3.89721738678583,0.0111111111111111,77.9443477357167,1.29907246226194,1.11111111111111
2020-06-06,43,1,42,1,1,0,54,1,5198,53,5252,54,0,2,0,4,2,0,"Anderson",76978,5.19628984904778,0.011090573012939,70.149912962145,1.29907246226194,1.1090573012939
2020-06-07,45,2,43,1,2,1,57,3,5293,95,5350,98,0,2,0,4,2,0,"Anderson",76978,6.49536231130972,0.013986013986014,127.309101301671,2.59814492452389,1.3986013986014
2020-06-08,46,1,44,1,2,0,57,0,5334,41,5391,41,0,2,0,4,2,0,"Anderson",76978,7.79443477357167,0.016359918200409,53.2619709527397,1.29907246226194,1.6359918200409
2020-06-09,47,1,45,1,2,0,60,3,5515,181,5575,184,0,2,0,4,2,0,"Anderson",76978,9.09350723583361,0.0201465201465201,239.029333056198,1.29907246226194,2.01465201465201
2020-06-10,52,5,50,5,2,0,63,3,5723,208,5786,211,0,2,0,4,2,0,"Anderson",76978,14.2897970848814,0.0186781609195402,274.10428953727,6.49536231130973,1.86781609195402
2020-06-11,55,3,53,3,2,0,66,3,5868,145,5934,148,0,2,1,5,2,0,"Anderson",76978,18.1870144716672,0.0201005025125628,192.262724414768,3.89721738678583,2.01005025125628
2020-06-12,57,2,55,2,2,0,70,4,5950,82,6020,86,0,2,0,5,2,0,"Anderson",76978,19.4860869339292,0.0206812652068127,111.720231754527,2.59814492452389,2.06812652068127
2020-06-13,58,1,55,0,3,1,70,0,5993,43,6063,43,0,2,0,5,2,0,"Anderson",76978,19.4860869339292,0.0197287299630086,55.8601158772636,1.29907246226194,1.97287299630086
2020-06-14,60,2,57,2,3,0,70,0,6168,175,6238,175,0,2,1,6,2,0,"Anderson",76978,19.4860869339292,0.0146396396396396,227.33768089584,2.59814492452389,1.46396396396396
2020-06-15,60,0,57,0,3,0,71,1,6226,58,6297,59,0,2,0,6,2,0,"Anderson",76978,18.1870144716672,0.0154525386313466,76.6452752734548,0,1.54525386313466
2020-06-16,64,4,61,4,3,0,75,4,6287,61,6362,65,0,2,0,6,2,0,"Anderson",76978,22.0842318584531,0.0190597204574333,84.4397100470264,5.19628984904778,1.90597204574333
2020-06-17,66,2,63,2,3,0,79,4,6324,37,6403,41,0,2,0,6,2,0,"Anderson",76978,18.1870144716672,0.0259319286871961,53.2619709527397,2.59814492452389,2.59319286871961
2020-06-18,70,4,67,4,3,0,84,5,6454,130,6538,135,0,2,0,6,2,0,"Anderson",76978,19.4860869339292,0.0298013245033113,175.374782405363,5.19628984904778,2.98013245033113
2020-06-19,72,2,69,2,3,0,86,2,6519,65,6605,67,0,2,0,6,2,0,"Anderson",76978,19.4860869339292,0.0273504273504274,87.0378549715503,2.59814492452389,2.73504273504274
2020-06-20,73,1,70,1,3,0,87,1,6557,38,6644,39,0,2,0,6,2,0,"Anderson",76978,19.4860869339292,0.0292598967297762,50.6638260282159,1.29907246226194,2.92598967297762
2020-06-21,74,1,71,1,3,0,88,1,6617,60,6705,61,0,2,0,6,2,0,"Anderson",76978,18.1870144716672,0.0385438972162741,79.2434201979787,1.29907246226194,3.85438972162741
2020-06-22,76,2,73,2,3,0,90,2,6709,92,6799,94,0,2,1,7,2,0,"Anderson",76978,20.7851593961911,0.0378486055776892,122.112811452623,2.59814492452389,3.78486055776892
2020-06-23,76,0,73,0,3,0,90,0,6798,89,6888,89,0,2,0,7,2,0,"Anderson",76978,15.5888695471433,0.0285171102661597,115.617449141313,0,2.85171102661597
2020-06-24,77,1,74,1,3,0,91,1,6829,31,6920,32,0,2,0,7,2,0,"Anderson",76978,14.2897970848814,0.02321083172147,41.5703187923822,1.29907246226194,2.321083172147
2020-06-25,81,4,78,4,3,0,92,1,6942,113,7034,114,0,2,0,7,2,0,"Anderson",76978,14.2897970848814,0.0161290322580645,148.094260697862,5.19628984904778,1.61290322580645
2020-06-26,86,5,83,5,3,0,98,6,6970,28,7068,34,0,2,0,7,2,0,"Anderson",76978,18.1870144716672,0.0259179265658747,44.1684637169061,6.49536231130973,2.59179265658747
2020-06-27,87,1,83,0,4,1,98,0,6982,12,7080,12,0,2,0,7,2,0,"Anderson",76978,18.1870144716672,0.0252293577981651,15.5888695471433,1.29907246226194,2.52293577981651
2020-06-28,91,4,87,4,4,0,106,8,7091,109,7197,117,0,2,0,7,2,0,"Anderson",76978,22.0842318584531,0.0365853658536585,151.991478084648,5.19628984904778,3.65853658536585
2020-06-29,97,6,92,5,5,1,114,8,7313,222,7427,230,0,2,1,8,2,0,"Anderson",76978,27.2805217075008,0.0382165605095541,298.786666320247,7.79443477357167,3.82165605095541
2020-06-30,102,5,96,4,6,1,120,6,7477,164,7597,170,0,2,0,8,2,0,"Anderson",76978,33.7758840188106,0.0423131170662905,220.842318584531,6.49536231130973,4.23131170662905
2020-07-01,104,2,98,2,6,0,124,4,7598,121,7722,125,0,2,0,8,2,0,"Anderson",76978,35.0749564810725,0.0411471321695761,162.384057782743,2.59814492452389,4.11471321695761
2020-07-02,110,6,104,6,6,0,130,6,7837,239,7967,245,0,2,0,8,2,0,"Anderson",76978,37.6731014055964,0.0407288317256163,318.272753254177,7.79443477357167,4.07288317256163
2020-07-03,120,10,113,9,7,1,142,12,7961,124,8103,136,0,2,0,8,2,0,"Anderson",76978,44.1684637169061,0.042512077294686,176.673854867625,12.9907246226195,4.2512077294686
2020-07-04,131,11,124,11,7,0,156,14,8145,184,8301,198,0,2,2,10,2,0,"Anderson",76978,57.1591883395256,0.0475020475020475,257.216347527865,14.2897970848814,4.75020475020475
2020-07-05,140,9,133,9,7,0,169,13,8301,156,8470,169,0,2,1,11,2,0,"Anderson",76978,63.6545506508353,0.0494893951296151,219.543246122269,11.6916521603575,4.94893951296151
2020-07-06,141,1,134,1,7,0,170,1,8328,27,8498,28,0,2,0,11,2,0,"Anderson",76978,57.1591883395256,0.0522875816993464,36.3740289433345,1.29907246226194,5.22875816993464
2020-07-07,157,16,150,16,7,0,190,20,8561,233,8751,253,0,2,0,11,2,0,"Anderson",76978,71.448985424407,0.0606585788561525,328.665332952272,20.7851593961911,6.06585788561525
2020-07-08,173,16,165,15,8,1,206,16,8701,140,8907,156,0,2,0,11,2,0,"Anderson",76978,89.6359998960742,0.0691983122362869,202.655304112863,20.7851593961911,6.91983122362869
2020-07-09,187,14,179,14,8,0,220,14,8969,268,9189,282,0,2,0,11,2,0,"Anderson",76978,100.02857959417,0.0736497545008183,366.338434357868,18.1870144716672,7.36497545008183
2020-07-10,193,6,185,6,8,0,227,7,8999,30,9226,37,0,2,1,12,2,0,"Anderson",76978,94.832289745122,0.0756901157613535,48.065681103692,7.79443477357167,7.56901157613535
2020-07-11,201,8,193,8,8,0,235,8,9168,169,9403,177,0,2,1,13,2,0,"Anderson",76978,90.9350723583361,0.0716878402903811,229.935825820364,10.3925796980956,7.16878402903811
2020-07-12,212,11,204,11,8,0,248,13,9351,183,9599,196,0,2,0,13,2,0,"Anderson",76978,93.53321728286,0.0699734278122232,254.618202603341,14.2897970848814,6.99734278122232
2020-07-13,218,6,209,5,9,1,255,7,9390,39,9645,46,0,2,2,15,2,0,"Anderson",76978,100.02857959417,0.0741063644289451,59.7573332640495,7.79443477357167,7.41063644289451
2020-07-14,229,11,219,10,10,1,266,11,9530,140,9796,151,0,2,0,15,2,0,"Anderson",76978,93.53321728286,0.0727272727272727,196.159941801554,14.2897970848814,7.27272727272727
2020-07-15,245,16,234,15,11,1,285,19,9632,102,9917,121,0,2,0,15,2,0,"Anderson",76978,93.53321728286,0.0782178217821782,157.187767933695,20.7851593961911,7.82178217821782
2020-07-16,263,18,252,18,11,0,308,23,9921,289,10229,312,0,2,1,16,2,0,"Anderson",76978,98.7295071319078,0.0846153846153846,405.310608225727,23.383304320715,8.46153846153846
2020-07-17,270,7,259,7,11,0,317,9,9992,71,10309,80,0,2,1,17,3,1,"Anderson",76978,100.02857959417,0.0831024930747922,103.925796980956,9.09350723583361,8.31024930747922
2020-07-18,277,7,266,7,11,0,328,11,10206,214,10534,225,0,2,0,17,3,0,"Anderson",76978,98.7295071319078,0.0822281167108753,292.291304008938,9.09350723583361,8.22281167108753
2020-07-19,285,8,274,8,11,0,337,9,10287,81,10624,90,0,2,2,19,3,0,"Anderson",76978,94.832289745122,0.0868292682926829,116.916521603575,10.3925796980956,8.68292682926829
2020-07-20,313,28,302,28,11,0,367,30,10456,169,10823,199,1,3,0,19,3,0,"Anderson",76978,123.411883914885,0.0950764006791171,258.515419990127,36.3740289433345,9.50764006791171
2020-07-21,336,23,324,22,12,1,391,24,10748,292,11139,316,0,3,1,20,3,0,"Anderson",76978,139.000753462028,0.0930752047654505,410.506898074775,29.8786666320247,9.30752047654505
2020-07-22,365,29,353,29,12,0,424,33,10883,135,11307,168,0,3,0,20,3,0,"Anderson",76978,155.888695471433,0.1,218.244173660007,37.6731014055964,10
2020-07-23,388,23,376,23,12,0,455,31,11310,427,11765,458,0,3,2,22,3,0,"Anderson",76978,162.384057782743,0.095703125,594.975187715971,29.8786666320247,9.5703125
2020-07-24,394,6,382,6,12,0,463,8,11422,112,11885,120,0,3,0,22,4,1,"Anderson",76978,161.084985320481,0.0926395939086294,155.888695471433,7.79443477357167,9.26395939086294
2020-07-25,426,32,413,31,13,1,499,36,11679,257,12178,293,1,4,1,23,4,0,"Anderson",76978,193.56179687703,0.104014598540146,380.62823144275,41.5703187923822,10.4014598540146
2020-07-26,465,39,451,38,14,1,541,42,12082,403,12623,445,0,4,2,25,4,0,"Anderson",76978,233.83304320715,0.102051025512756,578.087245706565,50.6638260282159,10.2051025512756
2020-07-27,483,18,468,17,15,1,562,21,12262,180,12824,201,0,4,1,26,4,0,"Anderson",76978,220.842318584531,0.0974512743628186,261.113564914651,23.383304320715,9.74512743628186
2020-07-28,523,40,508,40,15,0,608,46,12642,380,13250,426,0,4,1,27,5,1,"Anderson",76978,242.926550442984,0.10279488394126,553.404868923589,51.9628984904778,10.279488394126
2020-07-29,527,4,512,4,15,0,612,4,12678,36,13290,40,1,5,0,27,5,0,"Anderson",76978,210.449738886435,0.0948058497226425,51.9628984904778,5.19628984904778,9.48058497226425
2020-07-30,564,37,549,37,15,0,666,54,13163,485,13829,539,0,5,0,27,5,0,"Anderson",76978,228.636753358102,0.102228682170543,700.200057159188,48.065681103692,10.2228682170543
2020-07-31,576,12,561,12,15,0,680,14,13345,182,14025,196,0,5,0,27,5,0,"Anderson",76978,236.431188131674,0.101401869158878,254.618202603341,15.5888695471433,10.1401869158878
2020-08-01,599,23,584,23,15,0,705,25,13754,409,14459,434,0,5,1,28,5,0,"Anderson",76978,224.739535971316,0.0903112669881631,563.797448621684,29.8786666320247,9.03112669881631
2020-08-02,606,7,591,7,15,0,712,7,13882,128,14594,135,0,5,1,29,6,1,"Anderson",76978,183.169217178934,0.0867579908675799,175.374782405363,9.09350723583361,8.67579908675799
2020-08-03,631,25,615,24,16,1,743,31,14109,227,14852,258,0,5,0,29,6,0,"Anderson",76978,192.262724414768,0.0892504930966469,335.160695263582,32.4768115565486,8.92504930966469
2020-08-04,638,7,622,7,16,0,751,8,14352,243,15103,251,2,7,0,29,6,0,"Anderson",76978,149.393333160124,0.0771721532649757,326.067188027748,9.09350723583361,7.71721532649757
2020-08-05,653,15,637,15,16,0,770,19,14561,209,15331,228,-1,6,0,29,6,0,"Anderson",76978,163.683130245005,0.0774130328270456,296.188521395723,19.4860869339292,7.74130328270456
2020-08-06,675,22,659,22,16,0,800,30,14882,321,15682,351,0,6,1,30,6,0,"Anderson",76978,144.197043311076,0.0723151645979493,455.974434253943,28.5795941697628,7.23151645979493
2020-08-07,679,4,663,4,16,0,804,4,14963,81,15767,85,0,6,0,30,6,0,"Anderson",76978,133.80446361298,0.0711825487944891,110.421159292265,5.19628984904778,7.11825487944891
2020-08-08,690,11,674,11,16,0,820,16,15283,320,16103,336,0,6,0,30,6,0,"Anderson",76978,118.215594065837,0.0699513381995134,436.488347320014,14.2897970848814,6.99513381995134
2020-08-09,697,7,681,7,16,0,829,9,15420,137,16249,146,0,6,0,30,6,0,"Anderson",76978,118.215594065837,0.0706948640483384,189.664579490244,9.09350723583361,7.06948640483384
2020-08-10,702,5,686,5,16,0,835,6,15559,139,16394,145,0,6,0,30,6,0,"Anderson",76978,92.2341448205981,0.059662775616083,188.365507027982,6.49536231130973,5.9662775616083
2020-08-11,723,21,707,21,16,0,857,22,15762,203,16619,225,0,6,1,31,6,0,"Anderson",76978,110.421159292265,0.0699208443271768,292.291304008938,27.2805217075008,6.99208443271768
2020-08-12,731,8,715,8,16,0,865,8,16001,239,16866,247,0,6,0,31,6,0,"Anderson",76978,101.327652056432,0.0618892508143322,320.8708981787,10.3925796980956,6.18892508143322
2020-08-13,749,18,733,18,16,0,889,24,16229,228,17118,252,1,7,2,33,6,0,"Anderson",76978,96.1313622073839,0.0619777158774373,327.36626049001,23.383304320715,6.19777158774373
2020-08-14,766,17,749,16,17,1,911,22,16558,329,17469,351,0,7,0,33,6,0,"Anderson",76978,113.019304216789,0.0628672150411281,455.974434253943,22.0842318584531,6.28672150411281
2020-08-15,776,10,759,10,17,0,923,12,16781,223,17704,235,-1,6,0,33,6,0,"Anderson",76978,111.720231754527,0.0643347907557776,305.282028631557,12.9907246226195,6.43347907557776
2020-08-16,788,12,771,12,17,0,937,14,16923,142,17860,156,0,6,0,33,7,1,"Anderson",76978,118.215594065837,0.0670391061452514,202.655304112863,15.5888695471433,6.70391061452514
2020-08-17,792,4,775,4,17,0,940,3,16966,43,17906,46,0,6,0,33,7,0,"Anderson",76978,116.916521603575,0.0694444444444444,59.7573332640495,5.19628984904778,6.94444444444444
2020-08-18,806,14,789,14,17,0,957,17,17129,163,18086,180,0,6,0,33,7,0,"Anderson",76978,107.823014367741,0.0681663258350375,233.83304320715,18.1870144716672,6.81663258350375
2020-08-19,820,14,803,14,17,0,971,14,17303,174,18274,188,0,6,0,33,7,0,"Anderson",76978,115.617449141313,0.0752840909090909,244.225622905246,18.1870144716672,7.52840909090909
2020-08-20,835,15,818,15,17,0,987,16,17745,442,18732,458,0,6,0,33,8,1,"Anderson",76978,111.720231754527,0.0607187112763321,594.975187715971,19.4860869339292,6.07187112763321
2020-08-21,838,3,821,3,17,0,990,3,17781,36,18771,39,1,7,0,33,8,0,"Anderson",76978,93.53321728286,0.0606758832565284,50.6638260282159,3.89721738678583,6.06758832565284
2020-08-22,856,18,839,18,17,0,1009,19,18325,544,19334,563,1,8,1,34,8,0,"Anderson",76978,103.925796980956,0.052760736196319,731.377796253475,23.383304320715,5.2760736196319
2020-08-23,857,1,840,1,17,0,1010,1,18409,84,19419,85,0,8,0,34,8,0,"Anderson",76978,89.6359998960742,0.0468248877485568,110.421159292265,1.29907246226194,4.68248877485568
2020-08-24,858,1,840,0,18,1,1010,0,18448,39,19458,39,0,8,0,34,8,0,"Anderson",76978,85.7387825092884,0.0451030927835052,50.6638260282159,1.29907246226194,4.51030927835052
2020-08-25,866,8,848,8,18,0,1018,8,18600,152,19618,160,0,8,1,35,8,0,"Anderson",76978,77.9443477357167,0.0398172323759791,207.851593961911,10.3925796980956,3.98172323759791
2020-08-26,872,6,854,6,18,0,1024,6,18780,180,19804,186,0,8,0,35,8,0,"Anderson",76978,67.5517680376211,0.034640522875817,241.627477980722,7.79443477357167,3.4640522875817
2020-08-27,875,3,857,3,18,0,1027,3,19191,411,20218,414,0,8,0,35,8,0,"Anderson",76978,51.9628984904778,0.0269179004037685,537.815999376445,3.89721738678583,2.69179004037685
2020-08-28,875,0,857,0,18,0,1027,0,19229,38,20256,38,0,8,0,35,8,0,"Anderson",76978,48.065681103692,0.0249158249158249,49.3647535659539,0,2.49158249158249
2020-08-29,884,9,865,8,19,1,1035,8,19491,262,20526,270,0,8,0,35,8,0,"Anderson",76978,36.3740289433345,0.0218120805369128,350.749564810725,11.6916521603575,2.18120805369128
2020-08-30,900,16,881,16,19,0,1051,16,19574,83,20625,99,0,8,0,35,8,0,"Anderson",76978,55.8601158772636,0.0339966832504146,128.608173763933,20.7851593961911,3.39966832504146
2020-08-31,902,2,883,2,19,0,1053,2,19632,58,20685,60,0,8,0,35,8,0,"Anderson",76978,57.1591883395256,0.0350448247758761,77.9443477357167,2.59814492452389,3.50448247758761
2020-09-01,909,7,889,6,20,1,1059,6,19743,111,20802,117,0,8,0,35,8,0,"Anderson",76978,55.8601158772636,0.0346283783783784,151.991478084648,9.09350723583361,3.46283783783784
2020-09-02,917,8,895,6,22,2,1069,10,20059,316,21128,326,0,8,0,35,8,0,"Anderson",76978,58.4582608017875,0.033987915407855,423.497622697394,10.3925796980956,3.3987915407855
2020-09-03,933,16,909,14,24,2,1085,16,20383,324,21468,340,0,8,0,35,9,1,"Anderson",76978,75.3462028111928,0.0464,441.684637169061,20.7851593961911,4.64
2020-09-04,942,9,917,8,25,1,1095,10,20572,189,21667,199,0,8,0,35,9,0,"Anderson",76978,87.0378549715503,0.0481927710843374,258.515419990127,11.6916521603575,4.81927710843374
2020-09-05,961,19,936,19,25,0,1116,21,20841,269,21957,290,0,8,1,36,10,1,"Anderson",76978,100.02857959417,0.0566037735849057,376.731014055964,24.682376782977,5.66037735849057
2020-09-06,963,2,938,2,25,0,1118,2,20897,56,22015,58,0,8,0,36,10,0,"Anderson",76978,81.8415651225025,0.0482014388489209,75.3462028111928,2.59814492452389,4.82014388489209
2020-09-07,966,3,941,3,25,0,1123,5,20985,88,22108,93,0,8,0,36,10,0,"Anderson",76978,83.1406375847645,0.0491918482080112,120.813738990361,3.89721738678583,4.91918482080112
2020-09-08,975,9,944,3,31,6,1127,4,21160,175,22287,179,1,9,0,36,10,0,"Anderson",76978,85.7387825092884,0.0457912457912458,232.533970744888,11.6916521603575,4.57912457912458
2020-09-09,984,9,953,9,31,0,1136,9,21401,241,22537,250,0,9,1,37,11,1,"Anderson",76978,87.0378549715503,0.0475514549325763,324.768115565486,11.6916521603575,4.75514549325763
2020-09-10,1013,29,981,28,32,1,1166,30,21770,369,22936,399,1,10,0,37,11,0,"Anderson",76978,103.925796980956,0.0551771117166213,518.329912442516,37.6731014055964,5.51771117166213
2020-09-11,1014,1,982,1,32,0,1168,2,21903,133,23071,135,0,10,0,37,11,0,"Anderson",76978,93.53321728286,0.051994301994302,175.374782405363,1.29907246226194,5.1994301994302
2020-09-12,1017,3,985,3,32,0,1173,5,22045,142,23218,147,0,10,0,37,11,0,"Anderson",76978,72.7480578866689,0.0452022204599524,190.963651952506,3.89721738678583,4.52022204599524
2020-09-13,1038,21,1005,20,33,1,1194,21,22289,244,23483,265,0,10,1,38,11,0,"Anderson",76978,97.4304346696459,0.0517711171662125,344.254202499415,27.2805217075008,5.17711171662125
2020-09-14,1044,6,1010,5,34,1,1200,6,22395,106,23595,112,0,10,1,39,11,0,"Anderson",76978,101.327652056432,0.0517821116341627,145.496115773338,7.79443477357167,5.17821116341627
2020-09-15,1060,16,1026,16,34,0,1217,17,22635,240,23852,257,1,11,1,40,12,1,"Anderson",76978,110.421159292265,0.0575079872204473,333.86162280132,20.7851593961911,5.75079872204473
2020-09-16,1068,8,1034,8,34,0,1229,12,22771,136,24000,148,0,11,0,40,12,0,"Anderson",76978,109.122086830003,0.063568010936432,192.262724414768,10.3925796980956,6.3568010936432
2020-09-17,1090,22,1054,20,36,2,1249,20,23192,421,24441,441,0,11,1,41,12,0,"Anderson",76978,100.02857959417,0.0551495016611296,572.890955857518,28.5795941697628,5.51495016611296
2020-09-18,1109,19,1073,19,36,0,1267,18,23416,224,24683,242,0,11,0,41,12,0,"Anderson",76978,123.411883914885,0.0614143920595533,314.375535867391,24.682376782977,6.14143920595533
2020-09-19,1124,15,1088,15,36,0,1288,21,23698,282,24986,303,0,11,1,42,12,0,"Anderson",76978,139.000753462028,0.0650452488687783,393.618956065369,19.4860869339292,6.50452488687783
2020-09-20,1131,7,1095,7,36,0,1298,10,23850,152,25148,162,0,11,0,42,13,1,"Anderson",76978,120.813738990361,0.0624624624624625,210.449738886435,9.09350723583361,6.24624624624625
2020-09-21,1133,2,1097,2,36,0,1300,2,23883,33,25183,35,0,11,0,42,13,0,"Anderson",76978,115.617449141313,0.0629722921914358,45.4675361791681,2.59814492452389,6.29722921914358
2020-09-22,1147,14,1111,14,36,0,1317,17,24131,248,25448,265,0,11,1,43,13,0,"Anderson",76978,113.019304216789,0.06265664160401,344.254202499415,18.1870144716672,6.265664160401
2020-09-23,1147,0,1111,0,36,0,1317,0,24172,41,25489,41,0,11,0,43,13,0,"Anderson",76978,102.626724518694,0.0591000671591672,53.2619709527397,0,5.91000671591672
2020-09-24,1160,13,1124,13,36,0,1332,15,24496,324,25828,339,1,12,0,43,13,0,"Anderson",76978,90.9350723583361,0.0598413842826244,440.385564706799,16.8879420094053,5.98413842826244
2020-09-25,1174,14,1137,13,37,1,1345,13,24732,236,26077,249,1,13,0,43,13,0,"Anderson",76978,84.4397100470264,0.0559540889526542,323.469043103224,18.1870144716672,5.59540889526542
2020-09-26,1188,14,1151,14,37,0,1362,17,25031,299,26393,316,0,13,0,43,13,0,"Anderson",76978,83.1406375847645,0.0525941719971571,410.506898074775,18.1870144716672,5.25941719971571
2020-09-27,1207,19,1168,17,39,2,1378,16,25238,207,26616,223,0,13,0,43,13,0,"Anderson",76978,98.7295071319078,0.0544959128065395,289.693159084414,24.682376782977,5.44959128065395
2020-09-28,1210,3,1170,2,40,1,1380,2,25275,37,26655,39,0,13,0,43,13,0,"Anderson",76978,100.02857959417,0.0543478260869565,50.6638260282159,3.89721738678583,5.43478260869565
2020-09-29,1221,11,1180,10,41,1,1390,10,25569,294,26959,304,0,13,0,43,13,0,"Anderson",76978,96.1313622073839,0.0483123759099934,394.918028527631,14.2897970848814,4.83123759099934
2020-09-30,1233,12,1190,10,43,2,1400,10,25635,66,27035,76,0,13,0,43,13,0,"Anderson",76978,111.720231754527,0.0536869340232859,98.7295071319078,15.5888695471433,5.36869340232859
2020-10-01,1249,16,1204,14,45,2,1415,15,25915,280,27330,295,0,13,0,43,13,0,"Anderson",76978,115.617449141313,0.0552596537949401,383.226376367274,20.7851593961911,5.52596537949401
2020-10-02,1256,7,1210,6,46,1,1422,7,25997,82,27419,89,0,13,0,43,13,0,"Anderson",76978,106.523941905479,0.0573770491803279,115.617449141313,9.09350723583361,5.73770491803279
2020-10-03,1272,16,1226,16,46,0,1446,24,26261,264,27707,288,0,13,0,43,13,0,"Anderson",76978,109.122086830003,0.0639269406392694,374.13286913144,20.7851593961911,6.39269406392694
2020-10-04,1288,16,1240,14,48,2,1462,16,26598,337,28060,353,0,13,0,43,13,0,"Anderson",76978,105.224869443218,0.0581717451523546,458.572579178467,20.7851593961911,5.81717451523546
2020-10-05,1314,26,1265,25,49,1,1489,27,26809,211,28298,238,0,13,1,44,13,0,"Anderson",76978,135.103536075242,0.0663420572124163,309.179246018343,33.7758840188106,6.63420572124163
2020-10-06,1342,28,1292,27,50,1,1520,31,27146,337,28666,368,0,13,1,45,13,0,"Anderson",76978,157.187767933695,0.0761570005858231,478.058666112396,36.3740289433345,7.61570005858231
2020-10-07,1348,6,1298,6,50,0,1528,8,27381,235,28909,243,0,13,0,45,13,0,"Anderson",76978,149.393333160124,0.0683030949839915,315.674608329653,7.79443477357167,6.83030949839915
2020-10-08,1358,10,1306,8,52,2,1537,9,27620,239,29157,248,0,13,1,46,13,0,"Anderson",76978,141.598898386552,0.066776135741653,322.169970640962,12.9907246226195,6.6776135741653
2020-10-09,1373,15,1319,13,54,2,1553,16,27793,173,29346,189,0,13,0,46,13,0,"Anderson",76978,151.991478084648,0.0679813181110535,245.524695367508,19.4860869339292,6.79813181110535
2020-10-10,1389,16,1335,16,54,0,1573,20,28005,212,29578,232,0,13,1,47,14,1,"Anderson",76978,151.991478084648,0.0678781400320684,301.384811244771,20.7851593961911,6.78781400320684
2020-10-11,1417,28,1363,28,54,0,1604,31,28294,289,29898,320,0,13,0,47,14,0,"Anderson",76978,167.580347631791,0.0772578890097933,415.703187923822,36.3740289433345,7.72578890097933
2020-10-12,1433,16,1378,15,55,1,1620,16,28373,79,29993,95,0,13,0,47,14,0,"Anderson",76978,154.589623009171,0.0772861356932153,123.411883914885,20.7851593961911,7.72861356932153
2020-10-13,1453,20,1396,18,57,2,1638,18,28494,121,30132,139,0,13,0,47,14,0,"Anderson",76978,144.197043311076,0.0804911323328786,180.57107225441,25.9814492452389,8.04911323328786
2020-10-14,1475,22,1418,22,57,0,1662,24,28794,300,30456,324,0,13,0,47,14,0,"Anderson",76978,164.982202707267,0.0866192630898513,420.89947777287,28.5795941697628,8.66192630898513
2020-10-15,1497,22,1434,16,63,6,1676,14,28945,151,30621,165,0,13,1,48,14,0,"Anderson",76978,180.57107225441,0.0949453551912568,214.346956273221,28.5795941697628,9.49453551912568
2020-10-16,1504,7,1437,3,67,4,1680,4,29044,99,30724,103,0,13,0,48,15,1,"Anderson",76978,170.178492556315,0.0921625544267054,133.80446361298,9.09350723583361,9.21625544267054
2020-10-17,1532,28,1464,27,68,1,1710,30,29292,248,31002,278,0,13,2,50,15,0,"Anderson",76978,185.767362103458,0.0962078651685393,361.142144508821,36.3740289433345,9.62078651685393
2020-10-18,1551,19,1483,19,68,0,1732,22,29531,239,31263,261,0,13,0,50,15,0,"Anderson",76978,174.075709943101,0.0937728937728938,339.057912650368,24.682376782977,9.37728937728938
2020-10-19,1555,4,1487,4,68,0,1737,5,29608,77,31345,82,0,13,1,51,15,0,"Anderson",76978,158.486840395957,0.0865384615384615,106.523941905479,5.19628984904778,8.65384615384615
2020-10-20,1582,27,1514,27,68,0,1772,35,29807,199,31579,234,0,13,0,51,15,0,"Anderson",76978,167.580347631791,0.0926053904630269,303.982956169295,35.0749564810725,9.26053904630269
2020-10-21,1599,17,1531,17,68,0,1791,19,30023,216,31814,235,0,13,1,52,15,0,"Anderson",76978,161.084985320481,0.0949926362297496,305.282028631557,22.0842318584531,9.49926362297496
2020-10-22,1620,21,1552,21,68,0,1816,25,30355,332,32171,357,1,14,0,52,15,0,"Anderson",76978,159.785912858219,0.0903225806451613,463.768869027514,27.2805217075008,9.03225806451613
2020-10-23,1635,15,1566,14,69,1,1832,16,30630,275,32462,291,0,14,0,52,15,0,"Anderson",76978,170.178492556315,0.0874568469505178,378.030086518226,19.4860869339292,8.74568469505178
2020-10-24,1666,31,1596,30,70,1,1865,33,31006,376,32871,409,0,14,2,54,17,2,"Anderson",76978,174.075709943101,0.0829320492241841,531.320637065136,40.2712463301203,8.29320492241841
2020-10-25,1683,17,1612,16,71,1,1884,19,31202,196,33086,215,0,14,4,58,17,0,"Anderson",76978,171.477565018577,0.0833790455293472,279.300579386318,22.0842318584531,8.33790455293472
2020-10-26,1699,16,1627,15,72,1,1902,18,31336,134,33238,152,-1,13,1,59,17,0,"Anderson",76978,187.06643456572,0.0871632329635499,197.459014263816,20.7851593961911,8.71632329635499
2020-10-27,1728,29,1651,24,77,5,1926,24,31491,155,33417,179,1,14,2,61,17,0,"Anderson",76978,189.664579490244,0.0837867247007617,232.533970744888,37.6731014055964,8.37867247007617
2020-10-28,1784,56,1705,54,79,2,1985,59,31925,434,33910,493,0,14,0,61,17,0,"Anderson",76978,240.32840551846,0.0925572519083969,640.442723895139,72.7480578866689,9.25572519083969
2020-10-29,1813,29,1726,21,87,8,2004,19,32131,206,34135,225,0,14,2,63,17,0,"Anderson",76978,250.720985216555,0.0957230142566191,292.291304008938,37.6731014055964,9.57230142566191
2020-10-30,1850,37,1760,34,90,3,2042,38,32282,151,34324,189,2,16,1,64,17,0,"Anderson",76978,279.300579386318,0.112781954887218,245.524695367508,48.065681103692,11.2781954887218
2020-10-31,1850,0,1760,0,90,0,2042,0,32283,1,34325,1,0,16,0,64,19,2,"Anderson",76978,239.029333056198,0.121733149931224,1.29907246226194,0,12.1733149931224
2020-11-01,1855,5,1765,5,90,0,2050,8,32527,244,34577,252,0,16,0,64,19,0,"Anderson",76978,223.440463509055,0.111334674714956,327.36626049001,6.49536231130973,11.1334674714956
2020-11-02,1888,33,1796,31,92,2,2085,35,32794,267,34879,302,0,16,0,64,20,1,"Anderson",76978,245.524695367508,0.111517367458867,392.319883603107,42.8693912546442,11.1517367458867
2020-11-03,1914,26,1821,25,93,1,2110,25,32974,180,35084,205,0,16,0,64,21,1,"Anderson",76978,241.627477980722,0.110377924415117,266.309854763699,33.7758840188106,11.0377924415117
2020-11-04,1932,18,1836,15,96,3,2128,18,33052,78,35180,96,2,18,1,65,21,0,"Anderson",76978,192.262724414768,0.11259842519685,124.710956377147,23.383304320715,11.259842519685
2020-11-05,1956,24,1854,18,102,6,2148,20,33151,99,35299,119,0,18,0,65,22,1,"Anderson",76978,185.767362103458,0.123711340206186,154.589623009171,31.1777390942867,12.3711340206186
2020-11-06,2005,49,1900,46,105,3,2197,49,33518,367,35715,416,0,18,2,67,23,1,"Anderson",76978,201.356231650601,0.111430625449317,540.414144300969,63.6545506508353,11.1430625449317
2020-11-07,2085,80,1977,77,108,3,2274,77,33965,447,36239,524,0,18,0,67,23,0,"Anderson",76978,305.282028631557,0.121212121212121,680.713970225259,103.925796980956,12.1212121212121
2020-11-08,2139,54,2028,51,111,3,2336,62,34575,610,36911,672,0,18,1,68,23,0,"Anderson",76978,368.936579282392,0.122536418166238,872.976694640027,70.149912962145,12.2536418166238
2020-11-09,2147,8,2035,7,112,1,2345,9,34649,74,36994,83,0,18,0,68,23,0,"Anderson",76978,336.459767725844,0.122931442080378,107.823014367741,10.3925796980956,12.2931442080378
2020-11-10,2166,19,2053,18,113,1,2367,22,34820,171,37187,193,0,18,1,69,23,0,"Anderson",76978,327.36626049001,0.122206371849738,250.720985216555,24.682376782977,12.2206371849738
2020-11-11,2205,39,2089,36,116,3,2409,42,35093,273,37502,315,1,19,1,70,23,0,"Anderson",76978,354.646782197511,0.121016365202412,409.207825612513,50.6638260282159,12.1016365202412
2020-11-12,2212,7,2095,6,117,1,2417,8,35291,198,37708,206,0,19,0,70,24,1,"Anderson",76978,332.562550339058,0.111664591116646,267.608927225961,9.09350723583361,11.1664591116646
2020-11-13,2268,56,2148,53,120,3,2476,59,35552,261,38028,320,2,21,2,72,24,0,"Anderson",76978,341.656057574892,0.120622568093385,415.703187923822,72.7480578866689,12.0622568093385
2020-11-14,2309,41,2188,40,121,1,2521,45,35948,396,38469,441,1,22,1,73,25,1,"Anderson",76978,290.992231546676,0.110762331838565,572.890955857518,53.2619709527397,11.0762331838565
2020-11-15,2407,98,2286,98,121,0,2629,108,36530,582,39159,690,1,23,1,74,25,0,"Anderson",76978,348.151419886201,0.130338078291815,896.359998960742,127.309101301671,13.0338078291815
2020-11-16,2456,49,2315,29,141,20,2658,29,36807,277,39465,306,0,23,1,75,25,0,"Anderson",76978,401.413390838941,0.126669364629705,397.516173452155,63.6545506508353,12.6669364629705
2020-11-17,2472,16,2330,15,142,1,2674,16,37012,205,39686,221,2,25,1,76,26,1,"Anderson",76978,397.516173452155,0.122849139655862,287.09501415989,20.7851593961911,12.2849139655862
2020-11-18,2502,30,2356,26,146,4,2700,26,37306,294,40006,320,0,25,0,76,27,1,"Anderson",76978,385.824521291798,0.116214057507987,415.703187923822,38.9721738678584,11.6214057507987
2020-11-19,2560,58,2410,54,150,4,2762,62,37722,416,40484,478,0,25,1,77,27,0,"Anderson",76978,452.077216867157,0.124279538904899,620.95663696121,75.3462028111928,12.4279538904899
2020-11-20,2590,30,2437,27,153,3,2793,31,37835,113,40628,144,0,25,0,77,28,1,"Anderson",76978,418.301332848346,0.121923076923077,187.06643456572,38.9721738678584,12.1923076923077
2020-11-21,2647,57,2486,49,161,8,2841,48,38179,344,41020,392,0,25,1,78,28,0,"Anderson",76978,439.086492244537,0.125441003528028,509.236405206682,74.0471303489309,12.5441003528028
2020-11-22,2703,56,2535,49,168,7,2898,57,38662,483,41560,540,0,25,1,79,31,3,"Anderson",76978,384.525448829536,0.112036651395252,701.49912962145,72.7480578866689,11.2036651395252
2020-11-23,2710,7,2541,6,169,1,2904,6,38684,22,41588,28,0,25,0,79,32,1,"Anderson",76978,329.964405414534,0.115873763542157,36.3740289433345,9.09350723583361,11.5873763542157
2020-11-24,2723,13,2553,12,170,1,2916,12,38841,157,41757,169,2,27,0,79,32,0,"Anderson",76978,326.067188027748,0.116851762433607,219.543246122269,16.8879420094053,11.6851762433607
2020-11-25,2751,28,2574,21,177,7,2937,21,38878,37,41815,58,1,28,0,79,32,0,"Anderson",76978,323.469043103224,0.131011608623549,75.3462028111928,36.3740289433345,13.1011608623549
2020-11-26,2796,45,2616,42,180,3,2982,45,39228,350,42210,395,0,28,1,80,33,1,"Anderson",76978,306.581101093819,0.127462340672074,513.133622593468,58.4582608017875,12.7462340672074
2020-11-27,2895,99,2706,90,189,9,3077,95,39654,426,42731,521,0,28,3,83,35,2,"Anderson",76978,396.217100989893,0.135045173561579,676.816752838473,128.608173763933,13.5045173561579
2020-11-28,2926,31,2731,25,195,6,3107,30,39797,143,42904,173,1,29,2,85,35,0,"Anderson",76978,362.441216971083,0.141188959660297,224.739535971316,40.2712463301203,14.1188959660297
2020-11-29,3017,91,2820,89,197,2,3203,96,40234,437,43437,533,0,29,1,86,35,0,"Anderson",76978,407.908753150251,0.162493340436867,692.405622385617,118.215594065837,16.2493340436867
2020-11-30,3087,70,2886,66,201,4,3276,73,40486,252,43762,325,0,29,0,86,37,2,"Anderson",76978,489.750318272753,0.171113155473781,422.198550235132,90.9350723583361,17.1113155473781
2020-12-01,3163,76,2952,66,211,10,3348,72,40916,430,44264,502,1,30,6,92,38,1,"Anderson",76978,571.591883395256,0.172317510969286,652.134376055496,98.7295071319078,17.2317510969286
2020-12-02,3178,15,2966,14,212,1,3364,16,41024,108,44388,124,0,30,0,92,38,0,"Anderson",76978,554.70394138585,0.165954139137194,161.084985320481,19.4860869339292,16.5954139137194
2020-12-03,3219,41,2995,29,224,12,3397,33,41249,225,44646,258,1,31,1,93,39,1,"Anderson",76978,549.507651536803,0.170361247947455,335.160695263582,53.2619709527397,17.0361247947455
2020-12-04,3286,67,3055,60,231,7,3460,63,41407,158,44867,221,1,32,0,93,39,0,"Anderson",76978,507.93733274442,0.179307116104869,287.09501415989,87.0378549715503,17.9307116104869
2020-12-05,3317,31,3074,19,243,12,3478,18,41474,67,44952,85,0,32,0,93,39,0,"Anderson",76978,507.93733274442,0.18115234375,110.421159292265,40.2712463301203,18.115234375
2020-12-06,3353,36,3103,29,250,7,3506,28,41682,208,45188,236,0,32,2,95,40,1,"Anderson",76978,436.488347320014,0.173043974871502,306.581101093819,46.76660864143,17.3043974871502
2020-12-07,3493,140,3227,124,266,16,3642,136,42275,593,45917,729,2,34,4,99,41,1,"Anderson",76978,527.42341967835,0.169837587006961,947.023824988958,181.870144716672,16.9837587006961
2020-12-08,3564,71,3276,49,288,22,3694,52,42573,298,46267,350,1,35,2,101,43,2,"Anderson",76978,520.92805736704,0.172740888666999,454.675361791681,92.2341448205981,17.2740888666999
2020-12-09,3669,105,3367,91,302,14,3798,104,42834,261,46632,365,0,35,3,104,44,1,"Anderson",76978,637.844578970615,0.193404634581105,474.16144872561,136.402608537504,19.3404634581105
2020-12-10,3763,94,3445,78,318,16,3885,87,43365,531,47250,618,3,38,3,107,45,1,"Anderson",76978,706.695419470498,0.187403993855607,802.826781677882,122.112811452623,18.7403993855607
2020-12-11,3836,73,3498,53,338,20,3936,51,43531,166,47467,217,1,39,2,109,45,0,"Anderson",76978,714.48985424407,0.183076923076923,281.898724310842,94.832289745122,18.3076923076923
2020-12-12,3924,88,3559,61,365,27,4001,65,44044,513,48045,578,0,39,2,111,45,0,"Anderson",76978,788.536984593001,0.169091496928548,750.863883187404,114.318376679051,16.9091496928548
2020-12-13,4156,232,3742,183,414,49,4205,204,44916,872,49121,1076,1,40,0,111,47,2,"Anderson",76978,1043.15518719634,0.177726926010679,1397.80196939385,301.384811244771,17.7726926010679
2020-12-14,4271,115,3828,86,443,29,4304,99,45206,290,49510,389,0,40,1,112,48,1,"Anderson",76978,1010.67837563979,0.184247147230726,505.339187819897,149.393333160124,18.4247147230726
2020-12-15,4406,135,3913,85,493,50,4400,96,45733,527,50133,623,1,41,6,118,51,3,"Anderson",76978,1093.81901322456,0.182617692705639,809.322143989192,175.374782405363,18.2617692705639
2020-12-16,4475,69,3943,30,532,39,4436,36,46056,323,50492,359,2,43,4,122,52,1,"Anderson",76978,1047.05240458313,0.165284974093264,466.367013952038,89.6359998960742,16.5284974093264
2020-12-17,4676,201,4117,174,559,27,4630,194,46584,528,51214,722,2,45,2,124,54,2,"Anderson",76978,1186.05315804516,0.187941473259334,937.930317753124,261.113564914651,18.7941473259334
2020-12-18,4774,98,4193,76,581,22,4717,87,46950,366,51667,453,1,46,2,126,54,0,"Anderson",76978,1218.5299696017,0.185952380952381,588.479825404661,127.309101301671,18.5952380952381
2020-12-19,4879,105,4274,81,605,24,4804,87,47208,258,52012,345,0,46,1,127,55,1,"Anderson",76978,1240.61420146016,0.202419964708848,448.179999480371,136.402608537504,20.2419964708848
2020-12-20,5019,140,4396,122,623,18,4941,137,47672,464,52613,601,2,48,3,130,56,1,"Anderson",76978,1121.09953493206,0.210767468499427,780.742549819429,181.870144716672,21.0767468499427
2020-12-21,5066,47,4414,18,652,29,4964,23,47892,220,52856,243,3,51,2,132,59,3,"Anderson",76978,1032.76260749825,0.197250448296473,315.674608329653,61.0564057263114,19.7250448296473
2020-12-22,5136,70,4458,44,678,26,5011,47,47998,106,53009,153,1,52,2,134,64,5,"Anderson",76978,948.32289745122,0.212447844228095,198.758086726078,90.9350723583361,21.2447844228095
2020-12-23,5210,74,4500,42,710,32,5054,43,48314,316,53368,359,2,54,2,136,66,2,"Anderson",76978,954.81825976253,0.214881780250348,466.367013952038,96.1313622073839,21.4881780250348
2020-12-24,5268,58,4524,24,744,34,5081,27,48466,152,53547,179,1,55,1,137,71,5,"Anderson",76978,769.050897659071,0.193313330475782,232.533970744888,75.3462028111928,19.3313330475782
2020-12-25,5361,93,4601,77,760,16,5173,92,48875,409,54048,501,0,55,1,138,72,1,"Anderson",76978,762.555535347762,0.191516169676606,650.835303593234,120.813738990361,19.1516169676606
2020-12-26,5417,56,4630,29,787,27,5201,28,48994,119,54195,147,0,55,3,141,74,2,"Anderson",76978,698.900984696926,0.181859825927623,190.963651952506,72.7480578866689,18.1859825927623
2020-12-27,5477,60,4667,37,810,23,5237,36,49130,136,54367,172,1,56,6,147,75,1,"Anderson",76978,594.975187715971,0.168757126567845,223.440463509055,77.9443477357167,16.8757126567845
2020-12-28,5524,47,4688,21,836,26,5257,20,49199,69,54456,89,2,58,4,151,82,7,"Anderson",76978,594.975187715971,0.183125,115.617449141313,61.0564057263114,18.3125
2020-12-29,5620,96,4740,52,880,44,5305,48,49294,95,54599,143,2,60,5,156,85,3,"Anderson",76978,628.751071734781,0.184905660377358,185.767362103458,124.710956377147,18.4905660377358
2020-12-30,5655,35,4758,18,897,17,5322,17,49422,128,54744,145,6,66,1,157,88,3,"Anderson",76978,578.087245706566,0.194767441860465,188.365507027982,45.4675361791681,19.4767441860465
2020-12-31,5818,163,4858,100,960,63,5424,102,49726,304,55150,406,6,72,1,158,93,5,"Anderson",76978,714.48985424407,0.213973799126638,527.42341967835,211.748811348697,21.3973799126638
2021-01-01,5883,65,4900,42,983,23,5479,55,50002,276,55481,331,0,72,2,160,94,1,"Anderson",76978,678.115825300735,0.213538032100488,429.992985008704,84.4397100470264,21.3538032100488
2021-01-02,5976,93,4941,41,1035,52,5520,41,50287,285,55807,326,0,72,2,162,96,2,"Anderson",76978,726.181506404427,0.197890818858561,423.497622697394,120.813738990361,19.7890818858561
2021-01-03,6001,25,4953,12,1048,13,5536,16,50339,52,55875,68,0,72,1,163,99,3,"Anderson",76978,680.713970225259,0.198275862068966,88.3369274338123,32.4768115565486,19.8275862068966
2021-01-04,6038,37,4977,24,1061,13,5567,31,50446,107,56013,138,1,73,0,163,104,5,"Anderson",76978,667.72324560264,0.199100834938985,179.271999792148,48.065681103692,19.9100834938985
2021-01-05,6110,72,5008,31,1102,41,5598,31,50564,118,56162,149,2,75,2,165,107,3,"Anderson",76978,636.545506508353,0.187460012795905,193.56179687703,93.53321728286,18.7460012795905
2021-01-06,6184,74,5048,40,1136,34,5641,43,50725,161,56366,204,5,80,2,167,109,2,"Anderson",76978,687.209332536569,0.196670776818742,265.010782301437,96.1313622073839,19.6670776818742
2021-01-07,6289,105,5128,80,1161,25,5733,92,50946,221,56679,313,1,81,1,168,112,3,"Anderson",76978,611.863129725376,0.202092871157619,406.609680687989,136.402608537504,20.2092871157619
2021-01-08,6372,83,5179,51,1193,32,5785,52,51145,199,56930,251,5,86,2,170,115,3,"Anderson",76978,635.246434046091,0.211180124223602,326.067188027748,107.823014367741,21.1180124223602
2021-01-09,6481,109,5247,68,1234,41,5860,75,51576,431,57436,506,2,88,0,170,117,2,"Anderson",76978,656.031593442282,0.208717004297115,657.330665904544,141.598898386552,20.8717004297115
2021-01-10,6541,60,5272,25,1269,35,5885,25,51670,94,57555,119,2,90,3,173,118,1,"Anderson",76978,701.49912962145,0.207738095238095,154.589623009171,77.9443477357167,20.7738095238095
2021-01-11,6574,33,5282,10,1292,23,5898,13,51741,71,57639,84,1,91,1,174,120,2,"Anderson",76978,696.302839772403,0.203567035670357,109.122086830003,42.8693912546442,20.3567035670357
2021-01-12,6627,53,5316,34,1311,19,5936,38,51913,172,57849,210,2,93,1,175,120,0,"Anderson",76978,671.620462989426,0.200355660936574,272.805217075008,68.8508404998831,20.0355660936574
2021-01-13,6653,26,5333,17,1320,9,5955,19,52003,90,57958,109,3,96,0,175,121,1,"Anderson",76978,609.264984800852,0.197236180904523,141.598898386552,33.7758840188106,19.7236180904523
2021-01-14,6750,97,5395,62,1355,35,6029,74,52410,407,58439,481,5,101,2,177,123,2,"Anderson",76978,598.872405102757,0.168181818181818,624.853854347995,126.010028839409,16.8181818181818
2021-01-15,6784,34,5415,20,1369,14,6053,24,52565,155,58618,179,0,101,1,178,126,3,"Anderson",76978,535.217854451921,0.158767772511848,232.533970744888,44.1684637169061,15.8767772511848
2021-01-16,6848,64,5445,30,1403,34,6086,33,52808,243,58894,276,1,102,1,179,129,3,"Anderson",76978,476.759593650134,0.155006858710562,358.543999584297,83.1406375847645,15.5006858710562
2021-01-17,6885,37,5465,20,1420,17,6109,23,52912,104,59021,127,0,102,0,179,131,2,"Anderson",76978,446.880927018109,0.152796725784447,164.982202707267,48.065681103692,15.2796725784447
2021-01-18,6904,19,5473,8,1431,11,6119,10,53008,96,59127,106,1,103,0,179,132,1,"Anderson",76978,428.693912546442,0.148521505376344,137.701680999766,24.682376782977,14.8521505376344
2021-01-19,6946,42,5490,17,1456,25,6139,20,53120,112,59259,132,1,104,0,179,134,2,"Anderson",76978,414.40411546156,0.143971631205674,171.477565018577,54.5610434150017,14.3971631205674
2021-01-20,6974,28,5506,16,1468,12,6158,19,53272,152,59430,171,3,107,0,179,137,3,"Anderson",76978,417.002260386084,0.137907608695652,222.141391046793,36.3740289433345,13.7907608695652
2021-01-21,7030,56,5546,40,1484,16,6197,39,53513,241,59710,280,5,112,2,181,138,1,"Anderson",76978,363.740289433345,0.132179386309992,363.740289433345,72.7480578866689,13.2179386309992
2021-01-22,7068,38,5564,18,1504,20,6219,22,53658,145,59877,167,2,114,0,181,141,3,"Anderson",76978,368.936579282392,0.131850675138999,216.945101197745,49.3647535659539,13.1850675138999
2021-01-23,7106,38,5578,14,1528,24,6232,13,53918,260,60150,273,0,114,1,182,141,0,"Anderson",76978,335.160695263582,0.116242038216561,354.646782197511,49.3647535659539,11.6242038216561
2021-01-24,7119,13,5590,12,1529,1,6246,14,53985,67,60231,81,0,114,0,182,143,2,"Anderson",76978,303.982956169295,0.113223140495868,105.224869443218,16.8879420094053,11.3223140495868
2021-01-25,7136,17,5601,11,1535,6,6257,11,54045,60,60302,71,2,116,1,183,145,2,"Anderson",76978,301.384811244771,0.117446808510638,92.2341448205981,22.0842318584531,11.7446808510638
2021-01-26,7163,27,5622,21,1541,6,6282,25,54208,163,60490,188,0,116,1,184,148,3,"Anderson",76978,281.898724310842,0.116165718927701,244.225622905246,35.0749564810725,11.6165718927701
2021-01-27,7180,17,5630,8,1550,9,6291,9,54294,86,60585,95,4,120,0,184,150,2,"Anderson",76978,267.608927225961,0.115151515151515,123.411883914885,22.0842318584531,11.5151515151515
2021-01-28,7267,87,5670,40,1597,47,6338,47,54520,226,60858,273,4,124,0,184,151,1,"Anderson",76978,307.880173556081,0.122822299651568,354.646782197511,113.019304216789,12.2822299651568
2021-01-29,7280,13,5674,4,1606,9,6343,5,54565,45,60908,50,1,125,1,185,151,0,"Anderson",76978,275.403361999532,0.120271580989331,64.9536231130973,16.8879420094053,12.0271580989331
2021-01-30,7320,40,5709,35,1611,5,6379,36,54824,259,61203,295,2,127,2,187,152,1,"Anderson",76978,278.001506924056,0.13960113960114,383.226376367274,51.9628984904778,13.960113960114
2021-01-31,7336,16,5716,7,1620,9,6390,11,54993,169,61383,180,1,128,0,187,154,2,"Anderson",76978,281.898724310842,0.125,233.83304320715,20.7851593961911,12.5
2021-02-01,7356,20,5729,13,1627,7,6403,13,55046,53,61449,66,1,129,1,188,156,2,"Anderson",76978,285.795941697628,0.127288578901482,85.7387825092884,25.9814492452389,12.7288578901482
2021-02-02,7363,7,5735,6,1628,1,6408,5,55114,68,61522,73,5,134,0,188,157,1,"Anderson",76978,259.814492452389,0.122093023255814,94.832289745122,9.09350723583361,12.2093023255814
2021-02-03,7385,22,5741,6,1644,16,6418,10,55306,192,61724,202,4,138,0,188,158,1,"Anderson",76978,266.309854763699,0.111501316944688,262.412637376913,28.5795941697628,11.1501316944688
2021-02-04,7416,31,5756,15,1660,16,6435,17,55630,324,62065,341,2,140,0,188,158,0,"Anderson",76978,193.56179687703,0.0803645401822701,442.983709631323,40.2712463301203,8.03645401822701
2021-02-05,7434,18,5767,11,1667,7,6452,17,55787,157,62239,174,2,142,0,188,159,1,"Anderson",76978,200.05715918834,0.081893313298272,226.038608433578,23.383304320715,8.1893313298272
2021-02-06,7460,26,5783,16,1677,10,6472,20,56009,222,62481,242,1,143,1,189,159,0,"Anderson",76978,181.870144716672,0.0727699530516432,314.375535867391,33.7758840188106,7.27699530516432
2021-02-07,7473,13,5790,7,1683,6,6480,8,56116,107,62596,115,0,143,0,189,159,0,"Anderson",76978,177.972927329886,0.0741962077493817,149.393333160124,16.8879420094053,7.41962077493817
2021-02-08,7498,25,5796,6,1702,19,6485,5,56138,22,62623,27,2,145,0,189,159,0,"Anderson",76978,184.468289641196,0.0698466780238501,35.0749564810725,32.4768115565486,6.98466780238501
2021-02-09,7522,24,5806,10,1716,14,6496,11,56307,169,62803,180,2,147,2,191,159,0,"Anderson",76978,206.552521499649,0.068696330991413,233.83304320715,31.1777390942867,6.8696330991413
2021-02-10,7547,25,5821,15,1726,10,6515,19,56502,195,63017,214,1,148,1,192,159,0,"Anderson",76978,210.449738886435,0.0750193348801237,278.001506924056,32.4768115565486,7.50193348801237
2021-02-11,7560,13,5829,8,1731,5,6526,11,56682,180,63208,191,-1,147,0,192,160,1,"Anderson",76978,187.06643456572,0.0796150481189851,248.122840292031,16.8879420094053,7.96150481189851
2021-02-12,7587,27,5844,15,1743,12,6541,15,56876,194,63417,209,0,147,0,192,160,0,"Anderson",76978,198.758086726078,0.0755517826825127,271.506144612746,35.0749564810725,7.55517826825127
2021-02-13,7614,27,5855,11,1759,16,6551,10,57065,189,63616,199,0,147,0,192,160,0,"Anderson",76978,200.05715918834,0.0696035242290749,258.515419990127,35.0749564810725,6.96035242290749
2021-02-14,7627,13,5864,9,1763,4,6562,11,57126,61,63688,72,2,149,0,192,160,0,"Anderson",76978,200.05715918834,0.0750915750915751,93.53321728286,16.8879420094053,7.50915750915751
2021-02-15,7643,16,5872,8,1771,8,6571,9,57199,73,63770,82,0,149,1,193,161,1,"Anderson",76978,188.365507027982,0.0749782040104621,106.523941905479,20.7851593961911,7.49782040104621
2021-02-16,7672,29,5886,14,1786,15,6588,17,57283,84,63871,101,0,149,0,193,161,0,"Anderson",76978,194.860869339292,0.0861423220973783,131.206318688456,37.6731014055964,8.61423220973783
2021-02-17,7691,19,5898,12,1793,7,6600,12,57391,108,63991,120,0,149,0,193,163,2,"Anderson",76978,187.06643456572,0.0872689938398357,155.888695471433,24.682376782977,8.72689938398357
2021-02-18,7715,24,5920,22,1795,2,6626,26,57547,156,64173,182,0,149,0,193,163,0,"Anderson",76978,201.356231650601,0.103626943005181,236.431188131674,31.1777390942867,10.3626943005181
2021-02-19,7728,13,5931,11,1797,2,6641,15,57593,46,64234,61,0,149,0,193,164,1,"Anderson",76978,183.169217178934,0.122399020807834,79.2434201979787,16.8879420094053,12.2399020807834
2021-02-20,7747,19,5938,7,1809,12,6650,9,57715,122,64365,131,1,150,0,193,165,1,"Anderson",76978,172.776637480839,0.132176234979973,170.178492556315,24.682376782977,13.2176234979973
2021-02-21,7759,12,5945,7,1814,5,6657,7,57779,64,64436,71,2,152,1,194,165,0,"Anderson",76978,171.477565018577,0.127005347593583,92.2341448205981,15.5888695471433,12.7005347593583
2021-02-22,7764,5,5947,2,1817,3,6663,6,57816,37,64479,43,1,153,0,194,166,1,"Anderson",76978,157.187767933695,0.129760225669958,55.8601158772636,6.49536231130973,12.9760225669958
2021-02-23,7788,24,5956,9,1832,15,6671,8,57959,143,64630,151,2,155,0,194,168,2,"Anderson",76978,150.692405622386,0.10935441370224,196.159941801554,31.1777390942867,10.935441370224
2021-02-24,7820,32,5975,19,1845,13,6694,23,58133,174,64827,197,0,155,0,194,168,0,"Anderson",76978,167.580347631791,0.11244019138756,255.917275065603,41.5703187923822,11.244019138756
2021-02-25,7837,17,5983,8,1854,9,6705,11,58260,127,64965,138,1,156,0,194,168,0,"Anderson",76978,158.486840395957,0.0997474747474748,179.271999792148,22.0842318584531,9.97474747474748
2021-02-26,7849,12,5991,8,1858,4,6714,9,58359,99,65073,108,0,156,0,194,168,0,"Anderson",76978,157.187767933695,0.0870083432657926,140.29982592429,15.5888695471433,8.70083432657926
2021-02-27,7858,9,5998,7,1860,2,6720,6,58451,92,65171,98,0,156,0,194,168,0,"Anderson",76978,144.197043311076,0.086848635235732,127.309101301671,11.6916521603575,8.6848635235732
2021-02-28,7872,14,6008,10,1864,4,6731,11,58521,70,65252,81,0,156,0,194,168,0,"Anderson",76978,146.7951882356,0.0906862745098039,105.224869443218,18.1870144716672,9.06862745098039
2021-03-01,7880,8,6013,5,1867,3,6738,7,58556,35,65294,42,0,156,0,194,169,1,"Anderson",76978,150.692405622386,0.0920245398773006,54.5610434150017,10.3925796980956,9.20245398773006
2021-03-02,7903,23,6024,11,1879,12,6748,10,58672,116,65420,126,1,157,1,195,169,0,"Anderson",76978,149.393333160124,0.0974683544303798,163.683130245005,29.8786666320247,9.74683544303798
2021-03-03,7936,33,6045,21,1891,12,6773,25,58788,116,65561,141,1,158,0,195,170,1,"Anderson",76978,150.692405622386,0.107629427792916,183.169217178934,42.8693912546442,10.7629427792916
2021-03-04,7961,25,6058,13,1903,12,6790,17,58951,163,65741,180,0,158,0,195,170,0,"Anderson",76978,161.084985320481,0.109536082474227,233.83304320715,32.4768115565486,10.9536082474227
2021-03-05,7994,33,6075,17,1919,16,6812,22,59085,134,65897,156,0,158,2,197,170,0,"Anderson",76978,188.365507027982,0.118932038834951,202.655304112863,42.8693912546442,11.8932038834951
2021-03-06,8004,10,6080,5,1924,5,6820,8,59174,89,65994,97,0,158,0,197,170,0,"Anderson",76978,189.664579490244,0.121506682867558,126.010028839409,12.9907246226195,12.1506682867558
2021-03-07,8010,6,6083,3,1927,3,6823,3,59213,39,66036,42,0,158,0,197,170,0,"Anderson",76978,179.271999792148,0.11734693877551,54.5610434150017,7.79443477357167,11.734693877551
2021-03-08,8026,16,6090,7,1936,9,6832,9,59290,77,66122,86,1,159,0,197,170,0,"Anderson",76978,189.664579490244,0.113526570048309,111.720231754527,20.7851593961911,11.3526570048309
2021-03-09,8047,21,6098,8,1949,13,6840,8,59355,65,66195,73,0,159,3,200,171,1,"Anderson",76978,187.06643456572,0.118709677419355,94.832289745122,27.2805217075008,11.8709677419355
2021-03-10,8069,22,6111,13,1958,9,6856,16,59512,157,66368,173,0,159,1,201,171,0,"Anderson",76978,172.776637480839,0.102850061957869,224.739535971316,28.5795941697628,10.2850061957869
2021-03-11,8092,23,6121,10,1971,13,6866,10,59609,97,66475,107,0,159,1,202,172,1,"Anderson",76978,170.178492556315,0.103542234332425,139.000753462028,29.8786666320247,10.3542234332425
2021-03-12,8112,20,6138,17,1974,3,6886,20,59715,106,66601,126,0,159,0,202,172,0,"Anderson",76978,153.29055054691,0.105113636363636,163.683130245005,25.9814492452389,10.5113636363636
2021-03-13,8123,11,6142,4,1981,7,6890,4,59791,76,66681,80,0,159,1,203,172,0,"Anderson",76978,154.589623009171,0.101892285298399,103.925796980956,14.2897970848814,10.1892285298399
2021-03-14,8129,6,6146,4,1983,2,6896,6,59827,36,66723,42,0,159,1,204,172,0,"Anderson",76978,154.589623009171,0.106259097525473,54.5610434150017,7.79443477357167,10.6259097525473
2021-03-15,8147,18,6152,6,1995,12,6902,6,59859,32,66761,38,0,159,1,205,172,0,"Anderson",76978,157.187767933695,0.109546165884194,49.3647535659539,23.383304320715,10.9546165884194
2021-03-16,8180,33,6165,13,2015,20,6917,15,59952,93,66869,108,0,159,2,207,172,0,"Anderson",76978,172.776637480839,0.114243323442137,140.29982592429,42.8693912546442,11.4243323442136
2021-03-17,8198,18,6177,12,2021,6,6930,13,60039,87,66969,100,0,159,0,207,173,1,"Anderson",76978,167.580347631791,0.123128119800333,129.907246226195,23.383304320715,12.3128119800333
2021-03-18,8214,16,6189,12,2025,4,6945,15,60120,81,67065,96,1,160,0,207,173,0,"Anderson",76978,158.486840395957,0.133898305084746,124.710956377147,20.7851593961911,13.3898305084746
2021-03-19,8238,24,6203,14,2035,10,6958,13,60239,119,67197,132,0,160,1,208,173,0,"Anderson",76978,163.683130245005,0.120805369127517,171.477565018577,31.1777390942867,12.0805369127517
2021-03-20,8250,12,6209,6,2041,6,6966,8,60278,39,67244,47,0,160,1,209,173,0,"Anderson",76978,164.982202707267,0.134991119005329,61.0564057263114,15.5888695471433,13.4991119005329
2021-03-21,8260,10,6215,6,2045,4,6973,7,60340,62,67313,69,-1,159,0,209,173,0,"Anderson",76978,170.178492556315,0.130508474576271,89.6359998960742,12.9907246226195,13.0508474576271
2021-03-22,8266,6,6216,1,2050,5,6974,1,60406,66,67380,67,0,159,1,210,173,0,"Anderson",76978,154.589623009171,0.116316639741519,87.0378549715503,7.79443477357167,11.6316639741519
2021-03-23,8272,6,6217,1,2055,5,6975,1,60449,43,67424,44,0,159,0,210,174,1,"Anderson",76978,119.514666528099,0.104504504504505,57.1591883395256,7.79443477357167,10.4504504504505
2021-03-24,8280,8,6224,7,2056,1,6982,7,60569,120,67551,127,1,160,0,210,174,0,"Anderson",76978,106.523941905479,0.0893470790378007,164.982202707267,10.3925796980956,8.93470790378007
2021-03-25,8290,10,6229,5,2061,5,6988,6,60670,101,67658,107,0,160,0,210,174,0,"Anderson",76978,98.7295071319078,0.0725126475548061,139.000753462028,12.9907246226195,7.25126475548061
2021-03-26,8307,17,6241,12,2066,5,6999,11,60736,66,67735,77,0,160,0,210,175,1,"Anderson",76978,89.6359998960742,0.0762081784386617,100.02857959417,22.0842318584531,7.62081784386617
2021-03-27,8311,4,6245,4,2066,0,7005,6,60800,64,67805,70,1,161,2,212,175,0,"Anderson",76978,79.2434201979786,0.0695187165775401,90.9350723583361,5.19628984904778,6.95187165775401
2021-03-28,8314,3,6245,0,2069,3,7005,0,60829,29,67834,29,1,162,0,212,176,1,"Anderson",76978,70.149912962145,0.0614203454894434,37.6731014055964,3.89721738678583,6.14203454894434
2021-03-29,8329,15,6249,4,2080,11,7009,4,60915,86,67924,90,1,163,0,212,177,1,"Anderson",76978,81.8415651225025,0.0643382352941176,116.916521603575,19.4860869339292,6.43382352941176
2021-03-30,8334,5,6252,3,2082,2,7012,3,60973,58,67985,61,1,164,0,212,177,0,"Anderson",76978,80.5424926602406,0.0659536541889483,79.2434201979787,6.49536231130973,6.59536541889483
2021-03-31,8357,23,6266,14,2091,9,7028,16,61137,164,68165,180,1,165,1,213,177,0,"Anderson",76978,100.02857959417,0.0749185667752443,233.83304320715,29.8786666320247,7.49185667752443
2021-04-01,8367,10,6271,5,2096,5,7032,4,61194,57,68226,61,0,165,0,213,177,0,"Anderson",76978,100.02857959417,0.0774647887323944,79.2434201979787,12.9907246226195,7.74647887323944
2021-04-02,8375,8,6277,6,2098,2,7040,8,61264,70,68304,78,0,165,0,213,177,0,"Anderson",76978,88.3369274338123,0.0720562390158172,101.327652056432,10.3925796980956,7.20562390158172
2021-04-03,8381,6,6282,5,2099,1,7046,6,61314,50,68360,56,0,165,0,213,177,0,"Anderson",76978,90.9350723583361,0.0738738738738739,72.7480578866689,7.79443477357167,7.38738738738739
2021-04-04,8383,2,6284,2,2099,0,7048,2,61352,38,68400,40,0,165,0,213,177,0,"Anderson",76978,89.6359998960742,0.0759717314487632,51.9628984904778,2.59814492452389,7.59717314487632
2021-04-05,8397,14,6287,3,2110,11,7050,2,61410,58,68460,60,0,165,2,215,177,0,"Anderson",76978,88.3369274338123,0.0764925373134328,77.9443477357167,18.1870144716672,7.64925373134328
2021-04-06,8402,5,6291,4,2111,1,7056,6,61452,42,68508,48,0,165,0,215,177,0,"Anderson",76978,88.3369274338123,0.0841300191204589,62.3554781885734,6.49536231130973,8.41300191204589
2021-04-07,8422,20,6304,13,2118,7,7070,14,61610,158,68680,172,0,165,2,217,177,0,"Anderson",76978,84.4397100470264,0.0815533980582524,223.440463509055,25.9814492452389,8.15533980582524
2021-04-08,8425,3,6306,2,2119,1,7073,3,61701,91,68774,94,5,170,1,218,177,0,"Anderson",76978,75.3462028111928,0.0748175182481752,122.112811452623,3.89721738678583,7.48175182481752
2021-04-09,8433,8,6312,6,2121,2,7082,9,61788,87,68870,96,-4,166,0,218,177,0,"Anderson",76978,75.3462028111928,0.0742049469964664,124.710956377147,10.3925796980956,7.42049469964664
2021-04-10,8438,5,6317,5,2121,0,7087,5,61859,71,68946,76,0,166,0,218,177,0,"Anderson",76978,74.0471303489309,0.0699658703071672,98.7295071319078,6.49536231130973,6.99658703071672
2021-04-11,8445,7,6322,5,2123,2,7092,5,61903,44,68995,49,-1,165,0,218,177,0,"Anderson",76978,80.5424926602406,0.0739495798319328,63.6545506508353,9.09350723583361,7.39495798319328
2021-04-12,8448,3,6325,3,2123,0,7095,3,61972,69,69067,72,0,165,0,218,177,0,"Anderson",76978,66.2526955753592,0.0741350906095552,93.53321728286,3.89721738678583,7.41350906095552
2021-04-13,8458,10,6330,5,2128,5,7101,6,62033,61,69134,67,5,170,0,218,177,0,"Anderson",76978,72.7480578866689,0.0718849840255591,87.0378549715503,12.9907246226195,7.18849840255591
2021-04-14,8472,14,6339,9,2133,5,7112,11,62171,138,69283,149,0,170,0,218,177,0,"Anderson",76978,64.9536231130973,0.0696517412935323,193.56179687703,18.1870144716672,6.96517412935323
2021-04-15,8481,9,6344,5,2137,4,7117,5,62252,81,69369,86,0,170,0,218,177,0,"Anderson",76978,72.7480578866689,0.0739495798319328,111.720231754527,11.6916521603575,7.39495798319328
2021-04-16,8494,13,6355,11,2139,2,7130,13,62405,153,69535,166,0,170,0,218,177,0,"Anderson",76978,79.2434201979786,0.0721804511278196,215.646028735483,16.8879420094053,7.21804511278196
2021-04-17,8499,5,6358,3,2141,2,7134,4,62470,65,69604,69,0,170,0,218,177,0,"Anderson",76978,79.2434201979786,0.0714285714285714,89.6359998960742,6.49536231130973,7.14285714285714
2021-04-18,8506,7,6364,6,2142,1,7140,6,62515,45,69655,51,0,170,0,218,177,0,"Anderson",76978,79.2434201979786,0.0727272727272727,66.2526955753592,9.09350723583361,7.27272727272727
2021-04-19,8512,6,6367,3,2145,3,7143,3,62538,23,69681,26,0,170,0,218,178,1,"Anderson",76978,83.1406375847645,0.0781758957654723,33.7758840188106,7.79443477357167,7.81758957654723
2021-04-20,8518,6,6370,3,2148,3,7146,3,62637,99,69783,102,0,170,0,218,178,0,"Anderson",76978,77.9443477357167,0.0693374422187981,132.505391150718,7.79443477357167,6.93374422187981
2021-04-21,8530,12,6376,6,2154,6,7152,6,62791,154,69943,160,1,171,0,218,178,0,"Anderson",76978,75.3462028111928,0.0606060606060606,207.851593961911,15.5888695471433,6.06060606060606
2021-04-22,8548,18,6382,6,2166,12,7159,7,62935,144,70094,151,0,171,0,218,178,0,"Anderson",76978,87.0378549715503,0.0579310344827586,196.159941801554,23.383304320715,5.79310344827586
2021-04-23,8558,10,6387,5,2171,5,7165,6,63100,165,70265,171,0,171,0,218,178,0,"Anderson",76978,83.1406375847645,0.0479452054794521,222.141391046793,12.9907246226195,4.79452054794521
2021-04-24,8570,12,6393,6,2177,6,7172,7,63167,67,70339,74,0,171,1,219,178,0,"Anderson",76978,92.2341448205981,0.0517006802721088,96.1313622073839,15.5888695471433,5.17006802721088
2021-04-25,8574,4,6395,2,2179,2,7174,2,63207,40,70381,42,0,171,0,219,178,0,"Anderson",76978,88.3369274338123,0.046831955922865,54.5610434150017,5.19628984904778,4.6831955922865
2021-04-26,8583,9,6399,4,2184,5,7178,4,63282,75,70460,79,0,171,0,219,179,1,"Anderson",76978,92.2341448205981,0.0449293966623877,102.626724518694,11.6916521603575,4.49293966623877
2021-04-27,8593,10,6405,6,2188,4,7184,6,63350,68,70534,74,0,171,0,219,179,0,"Anderson",76978,97.4304346696459,0.0505992010652463,96.1313622073839,12.9907246226195,5.05992010652463
2021-04-28,8610,17,6417,12,2193,5,7197,13,63488,138,70685,151,0,171,1,220,180,1,"Anderson",76978,103.925796980956,0.0606469002695418,196.159941801554,22.0842318584531,6.06469002695418
2021-04-29,8616,6,6419,2,2197,4,7200,3,63637,149,70837,152,0,171,0,220,180,0,"Anderson",76978,88.3369274338123,0.0551816958277254,197.459014263816,7.79443477357167,5.51816958277254
2021-04-30,8623,7,6422,3,2201,4,7204,4,63759,122,70963,126,0,171,0,220,180,0,"Anderson",76978,84.4397100470264,0.0558739255014327,163.683130245005,9.09350723583361,5.58739255014327
2021-05-01,8628,5,6425,3,2203,2,7207,3,63822,63,71029,66,0,171,1,221,180,0,"Anderson",76978,75.3462028111928,0.0507246376811594,85.7387825092884,6.49536231130973,5.07246376811594
2021-05-02,8631,3,6426,1,2205,2,7208,1,63873,51,71081,52,0,171,0,221,180,0,"Anderson",76978,74.0471303489309,0.0485714285714286,67.5517680376211,3.89721738678583,4.85714285714286
2021-05-03,8641,10,6431,5,2210,5,7213,5,63979,106,71192,111,0,171,0,221,180,0,"Anderson",76978,75.3462028111928,0.0478142076502732,144.197043311076,12.9907246226195,4.78142076502732
2021-05-04,8643,2,6431,0,2212,2,7214,1,64055,76,71269,77,0,171,0,221,180,0,"Anderson",76978,64.9536231130973,0.0408163265306122,100.02857959417,2.59814492452389,4.08163265306122
2021-05-05,8651,8,6435,4,2216,4,7217,3,64172,117,71389,120,0,171,0,221,180,0,"Anderson",76978,53.2619709527397,0.0284090909090909,155.888695471433,10.3925796980956,2.84090909090909
2021-05-06,8656,5,6438,3,2218,2,7223,6,64224,52,71447,58,0,171,1,222,180,0,"Anderson",76978,51.9628984904778,0.0377049180327869,75.3462028111928,6.49536231130973,3.77049180327869
2021-05-07,8661,5,6440,2,2221,3,7226,3,64344,120,71570,123,0,171,0,222,180,0,"Anderson",76978,49.3647535659539,0.0362438220757825,159.785912858219,6.49536231130973,3.62438220757825
2021-05-08,8667,6,6443,3,2224,3,7228,2,64413,69,71641,71,0,171,1,223,181,1,"Anderson",76978,50.6638260282159,0.0343137254901961,92.2341448205981,7.79443477357167,3.43137254901961
2021-05-09,8668,1,6443,0,2225,1,7229,1,64441,28,71670,29,0,171,0,223,181,0,"Anderson",76978,48.065681103692,0.0356536502546689,37.6731014055964,1.29907246226194,3.56536502546689
2021-05-10,8673,5,6443,0,2230,5,7229,0,64529,88,71758,88,0,171,0,223,181,0,"Anderson",76978,41.5703187923822,0.0282685512367491,114.318376679051,6.49536231130973,2.82685512367491
2021-05-11,8681,8,6444,1,2237,7,7231,2,64571,42,71802,44,0,171,0,223,182,1,"Anderson",76978,49.3647535659539,0.0318949343339587,57.1591883395256,10.3925796980956,3.18949343339587
2021-05-12,8694,13,6451,7,2243,6,7237,6,64674,103,71911,109,0,171,2,225,182,0,"Anderson",76978,55.8601158772636,0.0383141762452107,141.598898386552,16.8879420094053,3.83141762452107
2021-05-13,8698,4,6453,2,2245,2,7239,2,64777,103,72016,105,0,171,2,227,182,0,"Anderson",76978,54.5610434150017,0.0281195079086116,136.402608537504,5.19628984904778,2.81195079086116
2021-05-14,8706,8,6456,3,2250,5,7244,5,64864,87,72108,92,0,171,0,227,182,0,"Anderson",76978,58.4582608017875,0.033457249070632,119.514666528099,10.3925796980956,3.3457249070632
2021-05-15,8711,5,6458,2,2253,3,7246,2,64929,65,72175,67,0,171,0,227,182,0,"Anderson",76978,57.1591883395256,0.0337078651685393,87.0378549715503,6.49536231130973,3.37078651685393
2021-05-16,8713,2,6459,1,2254,1,7247,1,64965,36,72212,37,0,171,0,227,182,0,"Anderson",76978,58.4582608017875,0.033210332103321,48.065681103692,2.59814492452389,3.3210332103321
2021-05-17,8719,6,6464,5,2255,1,7252,5,65024,59,72276,64,1,172,0,227,182,0,"Anderson",76978,59.7573332640495,0.0444015444015444,83.1406375847645,7.79443477357167,4.44015444015444
2021-05-18,8723,4,6464,0,2259,4,7252,0,65115,91,72367,91,0,172,1,228,182,0,"Anderson",76978,54.5610434150017,0.0371681415929204,118.215594065837,5.19628984904778,3.71681415929204
2021-05-19,8730,7,6469,5,2261,2,7258,6,65233,118,72491,124,0,172,0,228,182,0,"Anderson",76978,46.76660864143,0.0362068965517241,161.084985320481,9.09350723583361,3.62068965517241
2021-05-20,8732,2,6471,2,2261,0,7260,2,65352,119,72612,121,0,172,0,228,182,0,"Anderson",76978,44.1684637169061,0.0352348993288591,157.187767933695,2.59814492452389,3.52348993288591
2021-05-21,8734,2,6471,0,2263,2,7260,0,65422,70,72682,70,0,172,0,228,182,0,"Anderson",76978,36.3740289433345,0.0278745644599303,90.9350723583361,2.59814492452389,2.78745644599303
2021-05-22,8739,5,6473,2,2266,3,7262,2,65462,40,72724,42,0,172,0,228,182,0,"Anderson",76978,36.3740289433345,0.029143897996357,54.5610434150017,6.49536231130973,2.9143897996357
2021-05-23,8739,0,6473,0,2266,0,7262,0,65491,29,72753,29,0,172,0,228,182,0,"Anderson",76978,33.7758840188106,0.0277264325323475,37.6731014055964,0,2.77264325323475
2021-05-24,8747,8,6477,4,2270,4,7265,3,65550,59,72815,62,0,172,0,228,182,0,"Anderson",76978,36.3740289433345,0.0241187384044527,80.5424926602406,10.3925796980956,2.41187384044527
2021-05-25,8749,2,6477,0,2272,2,7266,1,65595,45,72861,46,0,172,0,228,182,0,"Anderson",76978,33.7758840188106,0.0283400809716599,59.7573332640495,2.59814492452389,2.83400809716599
2021-05-26,8756,7,6482,5,2274,2,7272,6,65695,100,72967,106,0,172,0,228,182,0,"Anderson",76978,33.7758840188106,0.0294117647058824,137.701680999766,9.09350723583361,2.94117647058824
2021-05-27,8758,2,6483,1,2275,1,7273,1,65745,50,73018,51,0,172,1,229,182,0,"Anderson",76978,33.7758840188106,0.0320197044334975,66.2526955753592,2.59814492452389,3.20197044334975
2021-05-28,8763,5,6487,4,2276,1,7278,5,65828,83,73106,88,0,172,0,229,182,0,"Anderson",76978,37.6731014055964,0.0424528301886792,114.318376679051,6.49536231130973,4.24528301886792
2021-05-29,8764,1,6487,0,2277,1,7278,0,65865,37,73143,37,0,172,0,229,182,0,"Anderson",76978,32.4768115565486,0.0381861575178998,48.065681103692,1.29907246226194,3.81861575178998
2021-05-30,8767,3,6488,1,2279,2,7279,1,65915,50,73194,51,0,172,0,229,182,0,"Anderson",76978,36.3740289433345,0.0385487528344671,66.2526955753592,3.89721738678583,3.85487528344671
2021-05-31,8771,4,6491,3,2280,1,7282,3,65966,51,73248,54,0,172,0,229,182,0,"Anderson",76978,31.1777390942867,0.0392609699769053,70.149912962145,5.19628984904778,3.92609699769053
2021-06-01,8774,3,6493,2,2281,1,7283,1,66014,48,73297,49,0,172,1,230,182,0,"Anderson",76978,32.4768115565486,0.0389908256880734,63.6545506508353,3.89721738678583,3.89908256880734
2021-06-02,8778,4,6494,1,2284,3,7285,2,66055,41,73340,43,0,172,0,230,182,0,"Anderson",76978,28.5795941697628,0.0348525469168901,55.8601158772636,5.19628984904778,3.48525469168901
2021-06-03,8779,1,6494,0,2285,1,7288,3,66144,89,73432,92,1,173,0,230,183,1,"Anderson",76978,27.2805217075008,0.036231884057971,119.514666528099,1.29907246226194,3.6231884057971
2021-06-04,8780,1,6495,1,2285,0,7290,2,66197,53,73487,55,-1,172,0,230,183,0,"Anderson",76978,22.0842318584531,0.031496062992126,71.448985424407,1.29907246226194,3.1496062992126
2021-06-05,8781,1,6496,1,2285,0,7291,1,66254,57,73545,58,0,172,0,230,183,0,"Anderson",76978,22.0842318584531,0.0323383084577114,75.3462028111928,1.29907246226194,3.23383084577114
2021-06-06,8781,0,6496,0,2285,0,7291,0,66279,25,73570,25,0,172,0,230,183,0,"Anderson",76978,18.1870144716672,0.0319148936170213,32.4768115565486,0,3.19148936170213
2021-06-07,8782,1,6496,0,2286,1,7291,0,66343,64,73634,64,0,172,0,230,183,0,"Anderson",76978,14.2897970848814,0.0233160621761658,83.1406375847645,1.29907246226194,2.33160621761658
2021-06-08,8783,1,6496,0,2287,1,7291,0,66380,37,73671,37,0,172,1,231,184,1,"Anderson",76978,11.6916521603575,0.0213903743315508,48.065681103692,1.29907246226194,2.13903743315508
2021-06-09,8783,0,6496,0,2287,0,7291,0,66461,81,73752,81,0,172,0,231,184,0,"Anderson",76978,6.49536231130972,0.0145631067961165,105.224869443218,0,1.45631067961165
2021-06-10,8787,4,6497,1,2290,3,7292,1,66518,57,73810,58,0,172,0,231,184,0,"Anderson",76978,10.3925796980956,0.0105820105820106,75.3462028111928,5.19628984904778,1.05820105820106
2021-06-11,8788,1,6497,0,2291,1,7293,1,66573,55,73866,56,1,173,0,231,184,0,"Anderson",76978,10.3925796980956,0.0079155672823219,72.7480578866689,1.29907246226194,0.79155672823219
2021-06-12,8789,1,6497,0,2292,1,7294,1,66628,55,73922,56,2,175,0,231,184,0,"Anderson",76978,10.3925796980956,0.00795755968169761,72.7480578866689,1.29907246226194,0.795755968169761
2021-06-13,8790,1,6497,0,2293,1,7295,1,66666,38,73961,39,0,175,0,231,184,0,"Anderson",76978,11.6916521603575,0.010230179028133,50.6638260282159,1.29907246226194,1.0230179028133
2021-06-14,8792,2,6499,2,2293,0,7297,2,66752,86,74049,88,0,175,0,231,184,0,"Anderson",76978,12.9907246226194,0.0144578313253012,114.318376679051,2.59814492452389,1.44578313253012
2021-06-15,8792,0,6499,0,2293,0,7298,1,66783,31,74081,32,0,175,0,231,184,0,"Anderson",76978,11.6916521603575,0.0170731707317073,41.5703187923822,0,1.70731707317073
2021-06-16,8793,1,6500,1,2293,0,7299,1,66826,43,74125,44,0,175,0,231,184,0,"Anderson",76978,12.9907246226194,0.0214477211796247,57.1591883395256,1.29907246226194,2.14477211796247
2021-06-17,8793,0,6500,0,2293,0,7299,0,66912,86,74211,86,0,175,0,231,184,0,"Anderson",76978,7.79443477357167,0.0174563591022444,111.720231754527,0,1.74563591022444
2021-06-18,8795,2,6501,1,2294,1,7303,4,66962,50,74265,54,0,175,0,231,184,0,"Anderson",76978,9.09350723583361,0.025062656641604,70.149912962145,2.59814492452389,2.5062656641604
2021-06-19,8795,0,6501,0,2294,0,7303,0,67010,48,74313,48,0,175,0,231,184,0,"Anderson",76978,7.79443477357167,0.0230179028132992,62.3554781885734,0,2.30179028132992
2021-06-20,8795,0,6501,0,2294,0,7304,1,67033,23,74337,24,0,175,0,231,184,0,"Anderson",76978,6.49536231130972,0.023936170212766,31.1777390942867,0,2.3936170212766
2021-06-21,8796,1,6501,0,2295,1,7304,0,67073,40,74377,40,0,175,0,231,184,0,"Anderson",76978,5.19628984904778,0.0213414634146341,51.9628984904778,1.29907246226194,2.13414634146341
2021-06-22,8800,4,6502,1,2298,3,7304,0,67115,42,74419,42,0,175,1,232,184,0,"Anderson",76978,10.3925796980956,0.0177514792899408,54.5610434150017,5.19628984904778,1.77514792899408
2021-06-23,8801,1,6503,1,2298,0,7305,1,67163,48,74468,49,0,175,0,232,184,0,"Anderson",76978,10.3925796980956,0.0174927113702624,63.6545506508353,1.29907246226194,1.74927113702624
2021-06-24,8801,0,6503,0,2298,0,7306,1,67207,44,74513,45,0,175,0,232,184,0,"Anderson",76978,10.3925796980956,0.0231788079470199,58.4582608017875,0,2.31788079470199
2021-06-25,8802,1,6504,1,2298,0,7307,1,67243,36,74550,37,0,175,0,232,184,0,"Anderson",76978,9.09350723583361,0.0140350877192982,48.065681103692,1.29907246226194,1.40350877192982
2021-06-26,8803,1,6505,1,2298,0,7308,1,67276,33,74584,34,0,175,0,232,184,0,"Anderson",76978,10.3925796980956,0.018450184501845,44.1684637169061,1.29907246226194,1.8450184501845
2021-06-27,8803,0,6505,0,2298,0,7308,0,67308,32,74616,32,0,175,0,232,184,0,"Anderson",76978,10.3925796980956,0.014336917562724,41.5703187923822,0,1.4336917562724
2021-06-28,8804,1,6505,0,2299,1,7309,1,67324,16,74633,17,0,175,0,232,184,0,"Anderson",76978,10.3925796980956,0.01953125,22.0842318584531,1.29907246226194,1.953125
2021-06-29,8807,3,6508,3,2299,0,7312,3,67382,58,74694,61,0,175,0,232,184,0,"Anderson",76978,9.09350723583361,0.0290909090909091,79.2434201979787,3.89721738678583,2.90909090909091
2021-06-30,8807,0,6508,0,2299,0,7312,0,67428,46,74740,46,0,175,0,232,184,0,"Anderson",76978,7.79443477357167,0.0257352941176471,59.7573332640495,0,2.57352941176471
2021-07-01,8808,1,6509,1,2299,0,7313,1,67465,37,74778,38,0,175,0,232,184,0,"Anderson",76978,9.09350723583361,0.0264150943396226,49.3647535659539,1.29907246226194,2.64150943396226
2021-07-02,8808,0,6509,0,2299,0,7313,0,67508,43,74821,43,0,175,0,232,184,0,"Anderson",76978,7.79443477357167,0.022140221402214,55.8601158772636,0,2.2140221402214
2021-07-03,8808,0,6509,0,2299,0,7313,0,67529,21,74842,21,0,175,0,232,184,0,"Anderson",76978,6.49536231130972,0.0193798449612403,27.2805217075008,0,1.93798449612403
2021-07-04,8809,1,6509,0,2300,1,7314,1,67554,25,74868,26,0,175,0,232,184,0,"Anderson",76978,7.79443477357167,0.0238095238095238,33.7758840188106,1.29907246226194,2.38095238095238
2021-07-05,8809,0,6509,0,2300,0,7315,1,67569,15,74884,16,0,175,0,232,184,0,"Anderson",76978,6.49536231130972,0.0239043824701195,20.7851593961911,0,2.39043824701195
2021-07-06,8810,1,6509,0,2301,1,7315,0,67599,30,74914,30,1,176,0,232,184,0,"Anderson",76978,3.89721738678583,0.0136363636363636,38.9721738678584,1.29907246226194,1.36363636363636
2021-07-07,8811,1,6509,0,2302,1,7315,0,67645,46,74960,46,0,176,0,232,184,0,"Anderson",76978,5.19628984904778,0.0136363636363636,59.7573332640495,1.29907246226194,1.36363636363636
2021-07-08,8812,1,6510,1,2302,0,7316,1,67686,41,75002,42,0,176,0,232,184,0,"Anderson",76978,5.19628984904778,0.0133928571428571,54.5610434150017,1.29907246226194,1.33928571428571
2021-07-09,8814,2,6511,1,2303,1,7317,1,67730,44,75047,45,0,176,0,232,184,0,"Anderson",76978,7.79443477357167,0.0176991150442478,58.4582608017875,2.59814492452389,1.76991150442478
2021-07-10,8816,2,6512,1,2304,1,7318,1,67752,22,75070,23,0,176,1,233,184,0,"Anderson",76978,10.3925796980956,0.0219298245614035,29.8786666320247,2.59814492452389,2.19298245614035
2021-07-11,8816,0,6512,0,2304,0,7318,0,67767,15,75085,15,0,176,0,233,184,0,"Anderson",76978,9.09350723583361,0.0184331797235023,19.4860869339292,0,1.84331797235023
2021-07-12,8824,8,6516,4,2308,4,7322,4,67803,36,75125,40,0,176,1,234,184,0,"Anderson",76978,19.4860869339292,0.029045643153527,51.9628984904778,10.3925796980956,2.9045643153527
2021-07-13,8825,1,6516,0,2309,1,7322,0,67824,21,75146,21,0,176,0,234,186,2,"Anderson",76978,19.4860869339292,0.0301724137931034,27.2805217075008,1.29907246226194,3.01724137931034
2021-07-14,8830,5,6521,5,2309,0,7327,5,67877,53,75204,58,0,176,1,235,186,0,"Anderson",76978,24.682376782977,0.0491803278688525,75.3462028111928,6.49536231130973,4.91803278688525
2021-07-15,8833,3,6524,3,2309,0,7329,2,67910,33,75239,35,0,176,0,235,186,0,"Anderson",76978,27.2805217075008,0.0548523206751055,45.4675361791681,3.89721738678583,5.48523206751055
2021-07-16,8843,10,6526,2,2317,8,7330,1,67938,28,75268,29,0,176,0,235,186,0,"Anderson",76978,37.6731014055964,0.0588235294117647,37.6731014055964,12.9907246226195,5.88235294117647
2021-07-17,8848,5,6527,1,2321,4,7331,1,67974,36,75305,37,0,176,0,235,186,0,"Anderson",76978,41.5703187923822,0.0553191489361702,48.065681103692,6.49536231130973,5.53191489361702
2021-07-18,8851,3,6529,2,2322,1,7333,2,67994,20,75327,22,0,176,0,235,186,0,"Anderson",76978,45.4675361791681,0.0619834710743802,28.5795941697628,3.89721738678583,6.19834710743802
2021-07-19,8856,5,6533,4,2323,1,7337,4,68028,34,75365,38,0,176,0,235,186,0,"Anderson",76978,41.5703187923822,0.0625,49.3647535659539,6.49536231130973,6.25
2021-07-20,8871,15,6544,11,2327,4,7348,11,68063,35,75411,46,0,176,1,236,186,0,"Anderson",76978,59.7573332640495,0.0981132075471698,59.7573332640495,19.4860869339292,9.81132075471698
2021-07-21,8878,7,6548,4,2330,3,7353,5,68148,85,75501,90,0,176,0,236,187,1,"Anderson",76978,62.3554781885734,0.0875420875420875,116.916521603575,9.09350723583361,8.75420875420875
2021-07-22,8888,10,6553,5,2335,5,7357,4,68203,55,75560,59,0,176,0,236,187,0,"Anderson",76978,71.448985424407,0.0872274143302181,76.6452752734548,12.9907246226195,8.72274143302181
2021-07-23,8898,10,6557,4,2341,6,7362,5,68274,71,75636,76,0,176,0,236,187,0,"Anderson",76978,71.448985424407,0.0869565217391304,98.7295071319078,12.9907246226195,8.69565217391304
2021-07-24,8906,8,6561,4,2345,4,7366,4,68328,54,75694,58,0,176,0,236,188,1,"Anderson",76978,75.3462028111928,0.089974293059126,75.3462028111928,10.3925796980956,8.9974293059126
2021-07-25,8911,5,6564,3,2347,2,7367,1,68350,22,75717,23,0,176,0,236,188,0,"Anderson",76978,77.9443477357167,0.0871794871794872,29.8786666320247,6.49536231130973,8.71794871794872
2021-07-26,8934,23,6573,9,2361,14,7375,8,68400,50,75775,58,2,178,0,236,188,0,"Anderson",76978,101.327652056432,0.0926829268292683,75.3462028111928,29.8786666320247,9.26829268292683
2021-07-27,8949,15,6578,5,2371,10,7380,5,68453,53,75833,58,0,178,0,236,188,0,"Anderson",76978,101.327652056432,0.0758293838862559,75.3462028111928,19.4860869339292,7.58293838862559
2021-07-28,8969,20,6586,8,2383,12,7392,12,68536,83,75928,95,0,178,0,236,188,0,"Anderson",76978,118.215594065837,0.0913348946135831,123.411883914885,25.9814492452389,9.13348946135831
2021-07-29,8981,12,6596,10,2385,2,7404,12,68585,49,75989,61,0,178,0,236,188,0,"Anderson",76978,120.813738990361,0.10955710955711,79.2434201979787,15.5888695471433,10.955710955711
2021-07-30,9012,31,6617,21,2395,10,7427,23,68633,48,76060,71,0,178,1,237,188,0,"Anderson",76978,148.094260697862,0.153301886792453,92.2341448205981,40.2712463301203,15.3301886792453
2021-07-31,9025,13,6623,6,2402,7,7433,6,68675,42,76108,48,0,178,0,237,188,0,"Anderson",76978,154.589623009171,0.161835748792271,62.3554781885734,16.8879420094053,16.1835748792271
2021-08-01,9044,19,6635,12,2409,7,7448,15,68714,39,76162,54,0,178,0,237,188,0,"Anderson",76978,172.776637480839,0.182022471910112,70.149912962145,24.682376782977,18.2022471910112
2021-08-02,9055,11,6640,5,2415,6,7453,5,68793,79,76246,84,0,178,0,237,188,0,"Anderson",76978,157.187767933695,0.165605095541401,109.122086830003,14.2897970848814,16.5605095541401
2021-08-03,9078,23,6651,11,2427,12,7466,13,68865,72,76331,85,0,178,1,238,188,0,"Anderson",76978,167.580347631791,0.172690763052209,110.421159292265,29.8786666320247,17.2690763052209
2021-08-04,9104,26,6673,22,2431,4,7487,21,68967,102,76454,123,0,178,0,238,188,0,"Anderson",76978,175.374782405363,0.180608365019011,159.785912858219,33.7758840188106,18.0608365019011
2021-08-05,9134,30,6689,16,2445,14,7503,16,69064,97,76567,113,0,178,1,239,188,0,"Anderson",76978,198.758086726078,0.171280276816609,146.7951882356,38.9721738678584,17.1280276816609
2021-08-06,9159,25,6705,16,2454,9,7521,18,69207,143,76728,161,0,178,1,240,188,0,"Anderson",76978,190.963651952506,0.140718562874251,209.150666424173,32.4768115565486,14.0718562874251
2021-08-07,9172,13,6711,6,2461,7,7528,7,69282,75,76810,82,0,178,0,240,188,0,"Anderson",76978,190.963651952506,0.135327635327635,106.523941905479,16.8879420094053,13.5327635327635
2021-08-08,9186,14,6719,8,2467,6,7538,10,69334,52,76872,62,0,178,0,240,188,0,"Anderson",76978,184.468289641196,0.126760563380282,80.5424926602406,18.1870144716672,12.6760563380282
2021-08-09,9222,36,6738,19,2484,17,7557,19,69433,99,76990,118,0,178,0,240,188,0,"Anderson",76978,216.945101197745,0.139784946236559,153.29055054691,46.76660864143,13.9784946236559
2021-08-10,9261,39,6758,20,2503,19,7577,20,69533,100,77110,120,0,178,2,242,188,0,"Anderson",76978,237.730260593936,0.142490372272144,155.888695471433,50.6638260282159,14.2490372272144
2021-08-11,9315,54,6782,24,2533,30,7606,29,69665,132,77271,161,0,178,1,243,188,0,"Anderson",76978,274.10428953727,0.145654834761322,209.150666424173,70.149912962145,14.5654834761322
2021-08-12,9363,48,6818,36,2545,12,7643,37,69832,167,77475,204,0,178,0,243,190,2,"Anderson",76978,297.487593857985,0.154185022026432,265.010782301437,62.3554781885734,15.4185022026432
2021-08-13,9426,63,6853,35,2573,28,7681,38,69946,114,77627,152,2,180,1,244,191,1,"Anderson",76978,346.852347423939,0.17797552836485,197.459014263816,81.8415651225025,17.797552836485
2021-08-14,9476,50,6888,35,2588,15,7713,32,70132,186,77845,218,0,180,0,244,191,0,"Anderson",76978,394.918028527631,0.178743961352657,283.197796773104,64.9536231130973,17.8743961352657
2021-08-15,9499,23,6901,13,2598,10,7728,15,70221,89,77949,104,0,180,0,244,191,0,"Anderson",76978,406.609680687989,0.176415970287837,135.103536075242,29.8786666320247,17.6415970287837
2021-08-16,9537,38,6925,24,2612,14,7752,24,70310,89,78062,113,0,180,0,244,192,1,"Anderson",76978,409.207825612513,0.181902985074627,146.7951882356,49.3647535659539,18.1902985074627
2021-08-17,9580,43,6946,21,2634,22,7776,24,70418,108,78194,132,1,181,0,244,192,0,"Anderson",76978,414.40411546156,0.183579335793358,171.477565018577,55.8601158772636,18.3579335793358
2021-08-18,9632,52,6973,27,2659,25,7807,31,70529,111,78336,142,0,181,0,244,193,1,"Anderson",76978,411.805970537037,0.188732394366197,184.468289641196,67.5517680376211,18.8732394366197
2021-08-19,9706,74,7006,33,2700,41,7842,35,70681,152,78523,187,0,181,0,244,193,0,"Anderson",76978,445.581854555847,0.189885496183206,242.926550442984,96.1313622073839,18.9885496183206
2021-08-20,9766,60,7048,42,2718,18,7886,44,70875,194,78761,238,0,181,2,246,193,0,"Anderson",76978,441.684637169061,0.180776014109347,309.179246018343,77.9443477357167,18.0776014109347
2021-08-21,9848,82,7082,34,2766,48,7920,34,71149,274,79069,308,0,181,1,247,193,0,"Anderson",76978,483.254955961444,0.169117647058824,400.114318376679,106.523941905479,16.9117647058824
2021-08-22,9870,22,7103,21,2767,1,7948,28,71305,156,79253,184,0,181,0,247,193,0,"Anderson",76978,481.955883499182,0.168711656441718,239.029333056198,28.5795941697628,16.8711656441718
2021-08-23,9918,48,7117,14,2801,34,7965,17,71440,135,79405,152,0,181,2,249,194,1,"Anderson",76978,494.946608121801,0.158600148920328,197.459014263816,62.3554781885734,15.8600148920328
2021-08-24,9962,44,7144,27,2818,17,7989,24,71526,86,79515,110,1,182,0,249,195,1,"Anderson",76978,496.245680584063,0.161241483724451,142.897970848814,57.1591883395256,16.1241483724451
2021-08-25,10033,71,7170,26,2863,45,8011,22,71570,44,79581,66,0,182,1,250,195,0,"Anderson",76978,520.92805736704,0.163855421686747,85.7387825092884,92.2341448205981,16.3855421686747
2021-08-26,10101,68,7206,36,2895,32,8055,44,71742,172,79797,216,1,183,2,252,196,1,"Anderson",76978,513.133622593468,0.167189952904239,280.59965184858,88.3369274338123,16.7189952904239
2021-08-27,10176,75,7261,55,2915,20,8116,61,71919,177,80035,238,0,183,0,252,196,0,"Anderson",76978,532.619709527397,0.180533751962323,309.179246018343,97.4304346696459,18.0533751962323
2021-08-28,10233,57,7291,30,2942,27,8155,39,72123,204,80278,243,0,183,0,252,196,0,"Anderson",76978,500.142897970849,0.194375516956162,315.674608329653,74.0471303489309,19.4375516956162
2021-08-29,10296,63,7339,48,2957,15,8207,52,72334,211,80541,263,0,183,1,253,197,1,"Anderson",76978,553.404868923589,0.201086956521739,341.656057574892,81.8415651225025,20.1086956521739
2021-08-30,10367,71,7385,46,2982,25,8255,48,72560,226,80815,274,0,183,3,256,197,0,"Anderson",76978,583.283535555613,0.205673758865248,355.945854659773,92.2341448205981,20.5673758865248
2021-08-31,10500,133,7466,81,3034,52,8341,86,72817,257,81158,343,0,183,0,256,198,1,"Anderson",76978,698.900984696926,0.214242239805234,445.581854555847,172.776637480839,21.4242239805234
2021-09-01,10530,30,7488,22,3042,8,8365,24,72908,91,81273,115,0,183,0,256,199,1,"Anderson",76978,645.639013744187,0.209219858156028,149.393333160124,38.9721738678584,20.9219858156028
2021-09-02,10589,59,7514,26,3075,33,8394,29,73009,101,81403,130,1,184,0,256,199,0,"Anderson",76978,633.947361583829,0.211083437110834,168.879420094053,76.6452752734548,21.1083437110834
2021-09-03,10618,29,7532,18,3086,11,8412,18,73082,73,81494,91,0,184,0,256,199,0,"Anderson",76978,574.19002831978,0.202878684030158,118.215594065837,37.6731014055964,20.2878684030158
2021-09-04,10724,106,7601,69,3123,37,8487,75,73403,321,81890,396,0,184,1,257,199,0,"Anderson",76978,637.844578970615,0.205955334987593,514.43269505573,137.701680999766,20.5955334987593
2021-09-05,10836,112,7675,74,3161,38,8563,76,73707,304,82270,380,0,184,1,258,200,1,"Anderson",76978,701.49912962145,0.205899363794101,493.647535659539,145.496115773338,20.5899363794101
2021-09-06,10951,115,7752,77,3199,38,8650,87,74114,407,82764,494,0,184,3,261,201,1,"Anderson",76978,758.658317960976,0.202668034889687,641.741796357401,149.393333160124,20.2668034889687
2021-09-07,10988,37,7772,20,3216,17,8668,18,74213,99,82881,117,0,184,0,261,201,0,"Anderson",76978,633.947361583829,0.189785258270459,151.991478084648,48.065681103692,18.9785258270458
2021-09-08,11029,41,7803,31,3226,10,8700,32,74320,107,83020,139,0,184,2,263,204,3,"Anderson",76978,648.237158668711,0.191757298225529,180.57107225441,53.2619709527397,19.1757298225529
2021-09-09,11087,58,7824,21,3263,37,8718,18,74526,206,83244,224,0,184,1,264,207,3,"Anderson",76978,646.938086206449,0.175991309071157,290.992231546676,75.3462028111928,17.5991309071157
2021-09-10,11239,152,7897,73,3342,79,8799,81,74818,292,83617,373,1,185,2,266,208,1,"Anderson",76978,806.723999064668,0.182289213377296,484.554028423705,197.459014263816,18.2289213377296
2021-09-11,11354,115,7959,62,3395,53,8868,69,75164,346,84032,415,0,185,1,267,208,0,"Anderson",76978,818.415651225025,0.177871148459384,539.115071838707,149.393333160124,17.7871148459384
2021-09-12,11392,38,7991,32,3401,6,8903,35,75307,143,84210,178,0,185,4,271,209,1,"Anderson",76978,722.284289017641,0.175257731958763,231.234898282626,49.3647535659539,17.5257731958763
2021-09-13,11480,88,8025,34,3455,54,8937,34,75437,130,84374,164,4,189,3,274,209,0,"Anderson",76978,687.209332536569,0.178260869565217,213.047883810959,114.318376679051,17.8260869565217
2021-09-14,11540,60,8055,30,3485,30,8972,35,75596,159,84568,194,1,190,1,275,209,0,"Anderson",76978,717.087999168594,0.180201541197392,252.020057678817,77.9443477357167,18.0201541197392
2021-09-15,11579,39,8071,16,3508,23,8986,14,75657,61,84643,75,0,190,1,276,210,1,"Anderson",76978,714.48985424407,0.176216882316697,97.4304346696459,50.6638260282159,17.6216882316697
2021-09-16,11665,86,8126,55,3539,31,9042,56,75879,222,84921,278,0,190,1,277,210,0,"Anderson",76978,750.863883187404,0.193202146690519,361.142144508821,111.720231754527,19.3202146690519
2021-09-17,11737,72,8167,41,3570,31,9079,37,76042,163,85121,200,0,190,1,278,214,4,"Anderson",76978,646.938086206449,0.186170212765957,259.814492452389,93.53321728286,18.6170212765957
2021-09-18,11789,52,8197,30,3592,22,9112,33,76196,154,85308,187,0,190,1,279,215,1,"Anderson",76978,565.096521083946,0.191222570532915,242.926550442984,67.5517680376211,19.1222570532915
2021-09-19,11812,23,8206,9,3606,14,9122,10,76264,68,85386,78,0,190,0,279,215,0,"Anderson",76978,545.610434150017,0.186224489795918,101.327652056432,29.8786666320247,18.6224489795918
2021-09-20,11875,63,8241,35,3634,28,9158,36,76450,186,85608,222,0,190,3,282,215,0,"Anderson",76978,513.133622593468,0.179092382495948,288.394086622152,81.8415651225025,17.9092382495948
2021-09-21,11929,54,8267,26,3662,28,9182,24,76568,118,85750,142,0,190,1,283,216,1,"Anderson",76978,505.339187819897,0.177664974619289,184.468289641196,70.149912962145,17.7664974619289
2021-09-22,11980,51,8301,34,3679,17,9222,40,76840,272,86062,312,0,190,0,283,219,3,"Anderson",76978,520.92805736704,0.16631430584919,405.310608225727,66.2526955753592,16.631430584919
2021-09-23,12055,75,8349,48,3706,27,9273,51,77048,208,86321,259,2,192,1,284,219,0,"Anderson",76978,506.638260282159,0.165,336.459767725844,97.4304346696459,16.5
2021-09-24,12095,40,8370,21,3725,19,9298,25,77188,140,86486,165,2,194,1,285,222,3,"Anderson",76978,465.067941489776,0.16043956043956,214.346956273221,51.9628984904778,16.043956043956
2021-09-25,12105,10,8374,4,3731,6,9304,6,77283,95,86587,101,0,194,0,285,222,0,"Anderson",76978,410.506898074775,0.150117279124316,131.206318688456,12.9907246226195,15.0117279124316
2021-09-26,12123,18,8389,15,3734,3,9322,18,77420,137,86742,155,1,195,0,285,222,0,"Anderson",76978,404.011535763465,0.147492625368732,201.356231650601,23.383304320715,14.7492625368732
2021-09-27,12173,50,8410,21,3763,29,9344,22,77506,86,86850,108,1,196,1,286,223,1,"Anderson",76978,387.12359375406,0.14975845410628,140.29982592429,64.9536231130973,14.975845410628
2021-09-28,12222,49,8434,24,3788,25,9371,27,77601,95,86972,122,0,196,1,287,223,0,"Anderson",76978,380.62823144275,0.154664484451718,158.486840395957,63.6545506508353,15.4664484451718
2021-09-29,12258,36,8450,16,3808,20,9388,17,77792,191,87180,208,2,198,0,287,225,2,"Anderson",76978,361.142144508821,0.148479427549195,270.207072150485,46.76660864143,14.8479427549195
2021-09-30,12320,62,8488,38,3832,24,9428,40,77964,172,87392,212,0,198,1,288,226,1,"Anderson",76978,344.254202499415,0.144724556489262,275.403361999532,80.5424926602406,14.4724556489262
2021-10-01,12371,51,8515,27,3856,24,9457,29,78115,151,87572,180,0,198,1,289,227,1,"Anderson",76978,358.543999584297,0.146408839779006,233.83304320715,66.2526955753592,14.6408839779006
2021-10-02,12388,17,8522,7,3866,10,9463,6,78195,80,87658,86,1,199,0,289,229,2,"Anderson",76978,367.63750682013,0.148459383753501,111.720231754527,22.0842318584531,14.8459383753501
2021-10-03,12401,13,8531,9,3870,4,9472,9,78293,98,87765,107,4,203,0,289,229,0,"Anderson",76978,361.142144508821,0.146627565982405,139.000753462028,16.8879420094053,14.6627565982405
2021-10-04,12445,44,8554,23,3891,21,9498,26,78413,120,87911,146,1,204,0,289,231,2,"Anderson",76978,353.347709735249,0.145146088595664,189.664579490244,57.1591883395256,14.5146088595664
2021-10-05,12498,53,8583,29,3915,24,9528,30,78541,128,88069,158,2,206,0,289,232,1,"Anderson",76978,358.543999584297,0.143117593436645,205.253449037387,68.8508404998831,14.3117593436645
2021-10-06,12528,30,8606,23,3922,7,9554,26,78706,165,88260,191,1,207,0,289,233,1,"Anderson",76978,350.749564810725,0.153703703703704,248.122840292031,38.9721738678584,15.3703703703704
2021-10-07,12560,32,8628,22,3932,10,9579,25,78845,139,88424,164,0,207,0,289,235,2,"Anderson",76978,311.777390942867,0.146317829457364,213.047883810959,41.5703187923822,14.6317829457364
2021-10-08,12577,17,8633,5,3944,12,9589,10,78975,130,88564,140,1,208,1,290,235,0,"Anderson",76978,267.608927225961,0.133064516129032,181.870144716672,22.0842318584531,13.3064516129032
2021-10-09,12592,15,8636,3,3956,12,9596,7,79037,62,88633,69,0,208,0,290,236,1,"Anderson",76978,265.010782301437,0.136410256410256,89.6359998960742,19.4860869339292,13.6410256410256
2021-10-10,12602,10,8644,8,3958,2,9605,9,79124,87,88729,96,0,208,0,290,236,0,"Anderson",76978,261.113564914651,0.137966804979253,124.710956377147,12.9907246226195,13.7966804979253
2021-10-11,12642,40,8658,14,3984,26,9618,13,79225,101,88843,114,0,208,1,291,236,0,"Anderson",76978,255.917275065603,0.128755364806867,148.094260697862,51.9628984904778,12.8755364806867
2021-10-12,12677,35,8682,24,3995,11,9640,22,79324,99,88964,121,2,210,3,294,236,0,"Anderson",76978,232.533970744888,0.125139664804469,157.187767933695,45.4675361791681,12.5139664804469
2021-10-13,12703,26,8696,14,4007,12,9658,18,79436,112,89094,130,0,210,1,295,239,3,"Anderson",76978,227.33768089584,0.124700239808153,168.879420094053,33.7758840188106,12.4700239808153
2021-10-14,12722,19,8706,10,4016,9,9672,14,79539,103,89211,117,1,211,0,295,239,0,"Anderson",76978,210.449738886435,0.118170266836086,151.991478084648,24.682376782977,11.8170266836086
2021-10-15,12745,23,8718,12,4027,11,9685,13,79660,121,89345,134,0,211,1,296,239,0,"Anderson",76978,218.244173660007,0.12291933418694,174.075709943101,29.8786666320247,12.291933418694
2021-10-16,12753,8,8723,5,4030,3,9692,7,79715,55,89407,62,0,211,1,297,239,0,"Anderson",76978,209.150666424173,0.124031007751938,80.5424926602406,10.3925796980956,12.4031007751938
2021-10-17,12755,2,8724,1,4031,1,9693,1,79766,51,89459,52,0,211,0,297,239,0,"Anderson",76978,198.758086726078,0.120547945205479,67.5517680376211,2.59814492452389,12.0547945205479
2021-10-18,12779,24,8734,10,4045,14,9704,11,79834,68,89538,79,1,212,1,298,239,0,"Anderson",76978,177.972927329886,0.123741007194245,102.626724518694,31.1777390942867,12.3741007194245
2021-10-19,12808,29,8747,13,4061,16,9715,11,79945,111,89660,122,2,214,0,298,239,0,"Anderson",76978,170.178492556315,0.107758620689655,158.486840395957,37.6731014055964,10.7758620689655
2021-10-20,12843,35,8773,26,4070,9,9744,29,80056,111,89800,140,0,214,1,299,240,1,"Anderson",76978,181.870144716672,0.121813031161473,181.870144716672,45.4675361791681,12.1813031161473
2021-10-21,12875,32,8791,18,4084,14,9762,18,80149,93,89911,111,0,214,1,300,241,1,"Anderson",76978,198.758086726078,0.128571428571429,144.197043311076,41.5703187923822,12.8571428571429
2021-10-22,12884,9,8797,6,4087,3,9770,8,80225,76,89995,84,0,214,1,301,241,0,"Anderson",76978,180.57107225441,0.130769230769231,109.122086830003,11.6916521603575,13.0769230769231
2021-10-23,12901,17,8801,4,4100,13,9774,4,80278,53,90052,57,0,214,1,302,241,0,"Anderson",76978,192.262724414768,0.127131782945736,74.0471303489309,22.0842318584531,12.7131782945736
2021-10-24,12907,6,8806,5,4101,1,9781,7,80330,52,90111,59,0,214,0,302,242,1,"Anderson",76978,197.459014263816,0.134969325153374,76.6452752734548,7.79443477357167,13.4969325153374
2021-10-25,12931,24,8819,13,4112,11,9795,14,80401,71,90196,85,1,215,2,304,242,0,"Anderson",76978,197.459014263816,0.138297872340426,110.421159292265,31.1777390942867,13.8297872340426
2021-10-26,12943,12,8825,6,4118,6,9801,6,80465,64,90266,70,0,215,0,304,243,1,"Anderson",76978,175.374782405363,0.141914191419142,90.9350723583361,15.5888695471433,14.1914191419142
2021-10-27,12960,17,8835,10,4125,7,9814,13,80586,121,90400,134,1,216,2,306,245,2,"Anderson",76978,151.991478084648,0.116666666666667,174.075709943101,22.0842318584531,11.6666666666667
2021-10-28,12982,22,8849,14,4133,8,9831,17,80668,82,90499,99,1,217,0,306,246,1,"Anderson",76978,139.000753462028,0.11734693877551,128.608173763933,28.5795941697628,11.734693877551
2021-10-29,13003,21,8860,11,4143,10,9843,12,80782,114,90625,126,0,217,1,307,246,0,"Anderson",76978,154.589623009171,0.115873015873016,163.683130245005,27.2805217075008,11.5873015873016
2021-10-30,13015,12,8864,4,4151,8,9848,5,80869,87,90717,92,0,217,1,308,246,0,"Anderson",76978,148.094260697862,0.111278195488722,119.514666528099,15.5888695471433,11.1278195488722
2021-10-31,13018,3,8866,2,4152,1,9851,3,80908,39,90759,42,0,217,0,308,246,0,"Anderson",76978,144.197043311076,0.108024691358025,54.5610434150017,3.89721738678583,10.8024691358025
2021-11-01,13045,27,8871,5,4174,22,9855,4,80996,88,90851,92,1,218,1,309,247,1,"Anderson",76978,148.094260697862,0.0916030534351145,119.514666528099,35.0749564810725,9.16030534351145
2021-11-02,13065,20,8876,5,4189,15,9860,5,81072,76,90932,81,2,220,1,310,247,0,"Anderson",76978,158.486840395957,0.0885885885885886,105.224869443218,25.9814492452389,8.85885885885886
2021-11-03,13095,30,8894,18,4201,12,9878,18,81272,200,91150,218,1,221,0,310,247,0,"Anderson",76978,175.374782405363,0.0853333333333333,283.197796773104,38.9721738678584,8.53333333333333
2021-11-04,13117,22,8909,15,4208,7,9894,16,81405,133,91299,149,0,221,0,310,247,0,"Anderson",76978,175.374782405363,0.07875,193.56179687703,28.5795941697628,7.875
2021-11-05,13127,10,8912,3,4215,7,9895,1,81527,122,91422,123,0,221,0,310,247,0,"Anderson",76978,161.084985320481,0.0652446675031368,159.785912858219,12.9907246226195,6.52446675031368
2021-11-06,13136,9,8916,4,4220,5,9900,5,81614,87,91514,92,0,221,3,313,248,1,"Anderson",76978,157.187767933695,0.0652446675031368,119.514666528099,11.6916521603575,6.52446675031368
2021-11-07,13142,6,8921,5,4221,1,9906,6,81662,48,91568,54,0,221,0,313,248,0,"Anderson",76978,161.084985320481,0.0679851668726823,70.149912962145,7.79443477357167,6.79851668726823
2021-11-08,13167,25,8932,11,4235,14,9919,13,81750,88,91669,101,1,222,0,313,248,0,"Anderson",76978,158.486840395957,0.078239608801956,131.206318688456,32.4768115565486,7.8239608801956
2021-11-09,13190,23,8939,7,4251,16,9925,6,81908,158,91833,164,1,223,0,313,249,1,"Anderson",76978,162.384057782743,0.072142064372919,213.047883810959,29.8786666320247,7.2142064372919
2021-11-10,13208,18,8951,12,4257,6,9938,13,82024,116,91962,129,0,223,1,314,250,1,"Anderson",76978,146.7951882356,0.0738916256157636,167.580347631791,23.383304320715,7.38916256157635
2021-11-11,13231,23,8969,18,4262,5,9956,18,82214,190,92170,208,0,223,0,314,251,1,"Anderson",76978,148.094260697862,0.0711825487944891,270.207072150485,29.8786666320247,7.11825487944891
2021-11-12,13244,13,8977,8,4267,5,9964,8,82347,133,92311,141,0,223,1,315,251,0,"Anderson",76978,151.991478084648,0.077615298087739,183.169217178934,16.8879420094053,7.7615298087739
2021-11-13,13251,7,8981,4,4270,3,9968,4,82398,51,92366,55,3,226,1,316,252,1,"Anderson",76978,149.393333160124,0.07981220657277,71.448985424407,9.09350723583361,7.981220657277
2021-11-14,13253,2,8983,2,4270,0,9971,3,82477,79,92448,82,0,226,0,316,252,0,"Anderson",76978,144.197043311076,0.0738636363636364,106.523941905479,2.59814492452389,7.38636363636364
2021-11-15,13285,32,8997,14,4288,18,9985,14,82562,85,92547,99,0,226,0,316,253,1,"Anderson",76978,153.29055054691,0.0751708428246014,128.608173763933,41.5703187923822,7.51708428246014
2021-11-16,13310,25,9010,13,4300,12,9998,13,82688,126,92686,139,1,227,0,316,254,1,"Anderson",76978,155.888695471433,0.0855803048065651,180.57107225441,32.4768115565486,8.55803048065651
2021-11-17,13327,17,9019,9,4308,8,10007,9,82802,114,92809,123,0,227,2,318,256,2,"Anderson",76978,154.589623009171,0.0814639905548996,159.785912858219,22.0842318584531,8.14639905548996
2021-11-18,13350,23,9033,14,4317,9,10025,18,82937,135,92962,153,4,231,0,318,258,2,"Anderson",76978,154.589623009171,0.0871212121212121,198.758086726078,29.8786666320247,8.71212121212121
2021-11-19,13364,14,9039,6,4325,8,10032,7,83046,109,93078,116,1,232,0,318,258,0,"Anderson",76978,155.888695471433,0.0886571056062582,150.692405622386,18.1870144716672,8.86571056062582
2021-11-20,13373,9,9044,5,4329,4,10037,5,83139,93,93176,98,0,232,0,318,259,1,"Anderson",76978,158.486840395957,0.0851851851851852,127.309101301671,11.6916521603575,8.51851851851852
2021-11-21,13385,12,9050,6,4335,6,10043,6,83179,40,93222,46,0,232,0,318,259,0,"Anderson",76978,171.477565018577,0.0930232558139535,59.7573332640495,15.5888695471433,9.30232558139535
2021-11-22,13413,28,9067,17,4346,11,10061,18,83301,122,93362,140,1,233,0,318,259,0,"Anderson",76978,166.281275169529,0.0932515337423313,181.870144716672,36.3740289433345,9.32515337423313
2021-11-23,13430,17,9073,6,4357,11,10066,5,83398,97,93464,102,0,233,1,319,261,2,"Anderson",76978,155.888695471433,0.0874035989717224,132.505391150718,22.0842318584531,8.74035989717224
2021-11-24,13455,25,9089,16,4366,9,10078,12,83508,110,93586,122,1,234,1,320,261,0,"Anderson",76978,166.281275169529,0.0913770913770914,158.486840395957,32.4768115565486,9.13770913770914
2021-11-25,13460,5,9091,2,4369,3,10079,1,83553,45,93632,46,0,234,2,322,261,0,"Anderson",76978,142.897970848814,0.0805970149253731,59.7573332640495,6.49536231130973,8.05970149253731
2021-11-26,13467,7,9097,6,4370,1,10088,9,83596,43,93684,52,0,234,0,322,262,1,"Anderson",76978,133.80446361298,0.0924092409240924,67.5517680376211,9.09350723583361,9.24092409240924
2021-11-27,13472,5,9099,2,4373,3,10090,2,83632,36,93722,38,0,234,0,322,262,0,"Anderson",76978,128.608173763933,0.0970695970695971,49.3647535659539,6.49536231130973,9.70695970695971
2021-11-28,13482,10,9100,1,4382,9,10091,1,83670,38,93761,39,0,234,0,322,262,0,"Anderson",76978,126.010028839409,0.0890538033395176,50.6638260282159,12.9907246226195,8.90538033395176
2021-11-29,13509,27,9115,15,4394,12,10107,16,83749,79,93856,95,0,234,0,322,262,0,"Anderson",76978,124.710956377147,0.0931174089068826,123.411883914885,35.0749564810725,9.31174089068826
2021-11-30,13536,27,9129,14,4407,13,10119,12,83851,102,93970,114,0,234,1,323,262,0,"Anderson",76978,137.701680999766,0.104743083003953,148.094260697862,35.0749564810725,10.4743083003953
2021-12-01,13567,31,9147,18,4420,13,10137,18,83958,107,94095,125,0,234,2,325,262,0,"Anderson",76978,145.496115773338,0.115913555992141,162.384057782743,40.2712463301203,11.5913555992141
2021-12-02,13609,42,9171,24,4438,18,10163,26,84096,138,94259,164,0,234,0,325,265,3,"Anderson",76978,193.56179687703,0.133971291866029,213.047883810959,54.5610434150017,13.3971291866029
2021-12-03,13640,31,9189,18,4451,13,10182,19,84283,187,94465,206,1,235,1,326,265,0,"Anderson",76978,224.739535971316,0.120358514724712,267.608927225961,40.2712463301203,12.0358514724712
2021-12-04,13660,20,9202,13,4458,7,10196,14,84352,69,94548,83,0,235,0,326,265,0,"Anderson",76978,244.225622905246,0.128329297820823,107.823014367741,25.9814492452389,12.8329297820823
2021-12-05,13673,13,9204,2,4469,11,10198,2,84394,42,94592,44,0,235,0,326,265,0,"Anderson",76978,248.122840292031,0.128760529482551,57.1591883395256,16.8879420094053,12.8760529482551
2021-12-06,13708,35,9224,20,4484,15,10220,22,84496,102,94716,124,2,237,1,327,265,0,"Anderson",76978,258.515419990127,0.131395348837209,161.084985320481,45.4675361791681,13.1395348837209
2021-12-07,13737,29,9239,15,4498,14,10236,16,84591,95,94827,111,0,237,0,327,265,0,"Anderson",76978,261.113564914651,0.136522753792299,144.197043311076,37.6731014055964,13.6522753792299
2021-12-08,13764,27,9260,21,4504,6,10256,20,84712,121,94968,141,0,237,2,329,265,0,"Anderson",76978,255.917275065603,0.13631156930126,183.169217178934,35.0749564810725,13.631156930126
2021-12-09,13792,28,9276,16,4516,12,10273,17,84922,210,95195,227,0,237,1,330,265,0,"Anderson",76978,237.730260593936,0.117521367521368,294.889448933461,36.3740289433345,11.7521367521368
2021-12-10,13821,29,9293,17,4528,12,10290,17,85075,153,95365,170,0,237,2,332,265,0,"Anderson",76978,235.132115669412,0.12,220.842318584531,37.6731014055964,12
2021-12-11,13831,10,9298,5,4533,5,10296,6,85150,75,95446,81,0,237,0,332,266,1,"Anderson",76978,222.141391046793,0.111358574610245,105.224869443218,12.9907246226195,11.1358574610245
2021-12-12,13851,20,9309,11,4542,9,10308,12,85220,70,95528,82,0,237,0,332,266,0,"Anderson",76978,231.234898282626,0.117521367521368,106.523941905479,25.9814492452389,11.7521367521368
2021-12-13,13880,29,9315,6,4565,23,10315,7,85295,75,95610,82,0,237,0,332,269,3,"Anderson",76978,223.440463509055,0.106263982102908,106.523941905479,37.6731014055964,10.6263982102908
2021-12-14,13894,14,9320,5,4574,9,10321,6,85374,79,95695,85,3,240,1,333,269,0,"Anderson",76978,203.954376575125,0.097926267281106,110.421159292265,18.1870144716672,9.7926267281106
2021-12-15,13920,26,9334,14,4586,12,10336,15,85503,129,95839,144,0,240,0,333,270,1,"Anderson",76978,202.655304112863,0.0918484500574053,187.06643456572,33.7758840188106,9.18484500574053
2021-12-16,13948,28,9344,10,4604,18,10351,15,85598,95,95949,110,0,240,2,335,270,0,"Anderson",76978,202.655304112863,0.103448275862069,142.897970848814,36.3740289433345,10.3448275862069
2021-12-17,13979,31,9367,23,4612,8,10373,22,85753,155,96126,177,1,241,0,335,271,1,"Anderson",76978,205.253449037387,0.109067017082786,229.935825820364,40.2712463301203,10.9067017082786
2021-12-18,13990,11,9376,9,4614,2,10383,10,85835,82,96218,92,0,241,0,335,271,0,"Anderson",76978,206.552521499649,0.112694300518135,119.514666528099,14.2897970848814,11.2694300518135
2021-12-19,14004,14,9384,8,4620,6,10394,11,85915,80,96309,91,0,241,0,335,271,0,"Anderson",76978,198.758086726078,0.1101152368758,118.215594065837,18.1870144716672,11.01152368758
2021-12-20,14028,24,9400,16,4628,8,10408,14,86001,86,96409,100,0,241,0,335,272,1,"Anderson",76978,192.262724414768,0.11639549436796,129.907246226195,31.1777390942867,11.639549436796
2021-12-21,14056,28,9408,8,4648,20,10419,11,86082,81,96501,92,0,241,0,335,272,0,"Anderson",76978,210.449738886435,0.121588089330025,119.514666528099,36.3740289433345,12.1588089330025
2021-12-22,14104,48,9422,14,4682,34,10430,11,86197,115,96627,126,19,260,1,336,273,1,"Anderson",76978,239.029333056198,0.119289340101523,163.683130245005,62.3554781885734,11.9289340101523
2021-12-23,14131,27,9437,15,4694,12,10447,17,86297,100,96744,117,-1,259,1,337,274,1,"Anderson",76978,237.730260593936,0.120754716981132,151.991478084648,35.0749564810725,12.0754716981132
2021-12-24,14157,26,9452,15,4705,11,10464,17,86384,87,96848,104,0,259,1,338,274,0,"Anderson",76978,231.234898282626,0.126038781163435,135.103536075242,33.7758840188106,12.6038781163435
2021-12-25,14171,14,9459,7,4712,7,10474,10,86442,58,96916,68,1,260,0,338,275,1,"Anderson",76978,235.132115669412,0.130372492836676,88.3369274338123,18.1870144716672,13.0372492836676
2021-12-26,14182,11,9463,4,4719,7,10480,6,86486,44,96966,50,1,261,0,338,275,0,"Anderson",76978,231.234898282626,0.13089802130898,64.9536231130973,14.2897970848814,13.089802130898
2021-12-27,14229,47,9482,19,4747,28,10500,20,86590,104,97090,124,1,262,2,340,276,1,"Anderson",76978,261.113564914651,0.135095447870778,161.084985320481,61.0564057263114,13.5095447870778
2021-12-28,14316,87,9518,36,4798,51,10536,36,86699,109,97235,145,0,262,0,340,276,0,"Anderson",76978,337.758840188106,0.159400544959128,188.365507027982,113.019304216789,15.9400544959128
2021-12-29,14397,81,9562,44,4835,37,10583,47,86857,158,97440,205,2,264,0,340,276,0,"Anderson",76978,380.62823144275,0.188191881918819,266.309854763699,105.224869443218,18.8191881918819
2021-12-30,14489,92,9604,42,4885,50,10621,38,86976,119,97597,157,1,265,0,340,276,0,"Anderson",76978,465.067941489776,0.203985932004689,203.954376575125,119.514666528099,20.3985932004689
2021-12-31,14557,68,9645,41,4912,27,10666,45,87093,117,97759,162,0,265,0,340,277,1,"Anderson",76978,519.628984904778,0.221734357848518,210.449738886435,88.3369274338123,22.1734357848518
2022-01-01,14618,61,9679,34,4939,27,10703,37,87192,99,97895,136,0,265,0,340,277,0,"Anderson",76978,580.685390631089,0.23391215526047,176.673854867625,79.2434201979787,23.391215526047
2022-01-02,14650,32,9702,23,4948,9,10736,33,87308,116,98044,149,0,265,0,340,278,1,"Anderson",76978,607.96591233859,0.23747680890538,193.56179687703,41.5703187923822,23.747680890538
2022-01-03,14711,61,9723,21,4988,40,10759,23,87384,76,98143,99,1,266,0,340,278,0,"Anderson",76978,626.152926810257,0.245963912630579,128.608173763933,79.2434201979787,24.5963912630579
2022-01-04,14837,126,9788,65,5049,61,10822,63,87558,174,98380,237,1,267,0,340,279,1,"Anderson",76978,676.816752838473,0.249781659388646,307.880173556081,163.683130245005,24.9781659388646
2022-01-05,15004,167,9874,86,5130,81,10908,86,87704,146,98612,232,1,268,0,340,280,1,"Anderson",76978,788.536984593001,0.277303754266212,301.384811244771,216.945101197745,27.7303754266212
2022-01-06,15147,143,9946,72,5201,71,10979,71,87824,120,98803,191,1,269,1,341,280,0,"Anderson",76978,854.78968016836,0.296849087893864,248.122840292031,185.767362103458,29.6849087893864
2022-01-07,15288,141,10018,72,5270,69,11057,78,87964,140,99021,218,0,269,1,342,280,0,"Anderson",76978,949.621969913482,0.309825673534073,283.197796773104,183.169217178934,30.9825673534073
2022-01-08,15391,103,10060,42,5331,61,11102,45,88039,75,99141,120,0,269,2,344,282,2,"Anderson",76978,1004.18301332848,0.320224719101124,155.888695471433,133.80446361298,32.0224719101124
2022-01-09,15476,85,10115,55,5361,30,11164,62,88182,143,99346,205,0,269,1,345,282,0,"Anderson",76978,1073.03385382837,0.328725038402458,266.309854763699,110.421159292265,32.8725038402458
2022-01-10,15631,155,10189,74,5442,81,11242,78,88295,113,99537,191,1,270,3,348,284,2,"Anderson",76978,1195.14666528099,0.34648493543759,248.122840292031,201.356231650601,34.648493543759
2022-01-11,15805,174,10298,109,5507,65,11344,102,88436,141,99780,243,0,270,0,348,285,1,"Anderson",76978,1257.50214346956,0.372857142857143,315.674608329653,226.038608433578,37.2857142857143
2022-01-12,16061,256,10461,163,5600,93,11508,164,88627,191,100135,355,0,270,1,349,285,0,"Anderson",76978,1373.11959261088,0.393959290873276,461.170724102991,332.562550339058,39.3959290873276
2022-01-13,16293,232,10613,152,5680,80,11663,155,88859,232,100522,387,4,274,0,349,285,0,"Anderson",76978,1488.73704175219,0.397905759162304,502.741042895373,301.384811244771,39.7905759162304
2022-01-14,16549,256,10757,144,5792,112,11812,149,89015,156,100827,305,2,276,1,350,285,0,"Anderson",76978,1638.13037491231,0.418050941306755,396.217100989893,332.562550339058,41.8050941306755
2022-01-15,16646,97,10816,59,5830,38,11874,62,89133,118,101007,180,1,277,2,352,285,0,"Anderson",76978,1630.33594013874,0.413719185423365,233.83304320715,126.010028839409,41.3719185423366
2022-01-16,16798,152,10944,128,5854,24,12007,133,89330,197,101337,330,0,277,1,353,285,0,"Anderson",76978,1717.37379511029,0.42340532395781,428.693912546442,197.459014263816,42.340532395781
2022-01-17,16978,180,11056,112,5922,68,12123,116,89449,119,101572,235,0,277,2,355,285,0,"Anderson",76978,1749.85060666684,0.432923832923833,305.282028631557,233.83304320715,43.2923832923833
2022-01-18,17194,216,11196,140,5998,76,12265,142,89586,137,101851,279,0,277,0,355,287,2,"Anderson",76978,1804.41165008184,0.444712699179141,362.441216971083,280.59965184858,44.4712699179141
2022-01-19,17496,302,11407,211,6089,91,12479,214,89806,220,102285,434,3,280,0,355,287,0,"Anderson",76978,1864.16898334589,0.451627906976744,563.797448621684,392.319883603107,45.1627906976744
2022-01-20,17792,296,11648,241,6144,55,12739,260,89963,157,102702,417,1,281,2,357,288,1,"Anderson",76978,1947.30962093066,0.493577981651376,541.713216763231,384.525448829536,49.3577981651376
2022-01-21,18038,246,11863,215,6175,31,12964,225,90182,219,103146,444,2,283,1,358,290,2,"Anderson",76978,1934.31889630804,0.496765847347995,576.788173244304,319.571825716438,49.6765847347995
2022-01-22,18166,128,11955,92,6211,36,13068,104,90301,119,103369,223,0,283,0,358,290,0,"Anderson",76978,1974.59014263816,0.505503810330229,289.693159084414,166.281275169529,50.5503810330229
2022-01-23,18294,128,12066,111,6228,17,13182,114,90408,107,103590,221,0,283,0,358,291,1,"Anderson",76978,1943.41240354387,0.521526853084776,287.09501415989,166.281275169529,52.1526853084776
2022-01-24,18561,267,12216,150,6345,117,13343,161,90586,178,103929,339,1,284,1,359,292,1,"Anderson",76978,2056.43170776066,0.517607127704709,440.385564706799,346.852347423939,51.7607127704709
2022-01-25,18745,184,12349,133,6396,51,13488,145,90706,120,104194,265,1,285,0,359,293,1,"Anderson",76978,2014.86138896828,0.52198036705079,344.254202499415,239.029333056198,52.198036705079
2022-01-26,18950,205,12503,154,6447,51,13654,166,90858,152,104512,318,1,286,1,360,293,0,"Anderson",76978,1888.85136012887,0.527615626403233,413.105042999298,266.309854763699,52.7615626403233
2022-01-27,19171,221,12675,172,6496,49,13832,178,91078,220,104910,398,0,286,0,360,293,0,"Anderson",76978,1791.42092545922,0.495018115942029,517.030839980254,287.09501415989,49.5018115942029
2022-01-28,19361,190,12813,138,6548,52,13976,144,91241,163,105217,307,1,287,1,361,294,1,"Anderson",76978,1718.67286757255,0.488652824722356,398.815245914417,246.82376782977,48.8652824722356
2022-01-29,19504,143,12913,100,6591,43,14081,105,91358,117,105439,222,0,287,0,361,296,2,"Anderson",76978,1738.15895450648,0.489371980676328,288.394086622152,185.767362103458,48.9371980676328
2022-01-30,19571,67,12959,46,6612,21,14131,50,91449,91,105580,141,0,287,1,362,297,1,"Anderson",76978,1658.9155343085,0.476884422110553,183.169217178934,87.0378549715503,47.6884422110553
2022-01-31,19766,195,13079,120,6687,75,14271,140,91599,150,105870,290,4,291,1,363,299,2,"Anderson",76978,1565.38231702564,0.478104070066976,376.731014055964,253.319130141079,47.8104070066976
2022-02-01,19929,163,13174,95,6755,68,14378,107,91719,120,106097,227,1,292,1,364,299,0,"Anderson",76978,1538.10179531814,0.46768260641093,294.889448933461,211.748811348697,46.768260641093
2022-02-02,20073,144,13261,87,6812,57,14471,93,91860,141,106331,234,1,293,0,364,300,1,"Anderson",76978,1458.85837512016,0.449147883452446,303.982956169295,187.06643456572,44.9147883452446
2022-02-03,20705,632,13352,91,7353,541,14569,98,92068,208,106637,306,2,295,1,365,302,2,"Anderson",76978,1992.77715710982,0.426751592356688,397.516173452155,821.013796149549,42.6751592356688
2022-02-04,20851,146,13462,110,7389,36,14679,110,92192,124,106871,234,0,295,0,365,305,3,"Anderson",76978,1935.6179687703,0.42503022974607,303.982956169295,189.664579490244,42.503022974607
2022-02-05,20900,49,13488,26,7412,23,14709,30,92268,76,106977,106,0,295,0,365,306,1,"Anderson",76978,1813.50515731768,0.408322496749025,137.701680999766,63.6545506508353,40.8322496749025
2022-02-06,20959,59,13531,43,7428,16,14758,49,92342,74,107100,123,0,295,1,366,308,2,"Anderson",76978,1803.11257761958,0.4125,159.785912858219,76.6452752734548,41.25
2022-02-07,21044,85,13583,52,7461,33,14815,57,92444,102,107259,159,3,298,0,366,309,1,"Anderson",76978,1660.21460677077,0.391648668106551,206.552521499649,110.421159292265,39.1648668106551
2022-02-08,21130,86,13631,48,7499,38,14872,57,92541,97,107413,154,0,298,0,366,309,0,"Anderson",76978,1560.1860271766,0.375379939209726,200.05715918834,111.720231754527,37.5379939209726
2022-02-09,21229,99,13695,64,7534,35,14946,74,92648,107,107594,181,0,298,0,366,310,1,"Anderson",76978,1501.72776637481,0.376088677751386,235.132115669412,128.608173763933,37.6088677751386
2022-02-10,21317,88,13745,50,7572,38,15000,54,92774,126,107774,180,2,300,0,366,311,1,"Anderson",76978,795.03234690431,0.379067722075638,233.83304320715,114.318376679051,37.9067722075638
2022-02-11,21376,59,13787,42,7589,17,15045,45,92876,102,107921,147,1,301,0,366,311,0,"Anderson",76978,682.013042687521,0.348571428571429,190.963651952506,76.6452752734548,34.8571428571429
2022-02-12,21407,31,13810,23,7597,8,15070,25,92938,62,108008,87,0,301,1,367,311,0,"Anderson",76978,658.629738366806,0.350145489815713,113.019304216789,40.2712463301203,35.0145489815713
2022-02-13,21428,21,13824,14,7604,7,15085,15,92985,47,108070,62,0,301,0,367,312,1,"Anderson",76978,609.264984800852,0.337113402061856,80.5424926602406,27.2805217075008,33.7113402061856
2022-02-14,21479,51,13851,27,7628,24,15121,36,93042,57,108163,93,1,302,0,367,312,0,"Anderson",76978,565.096521083946,0.338495575221239,120.813738990361,66.2526955753592,33.8495575221239
2022-02-15,21535,56,13890,39,7645,17,15166,45,93119,77,108285,122,0,302,0,367,313,1,"Anderson",76978,526.124347216088,0.337155963302752,158.486840395957,72.7480578866689,33.7155963302752
2022-02-16,21597,62,13923,33,7674,29,15197,31,93211,92,108408,123,0,302,0,367,313,0,"Anderson",76978,478.058666112396,0.308353808353808,159.785912858219,80.5424926602406,30.8353808353808
2022-02-17,21645,48,13955,32,7690,16,15232,35,93305,94,108537,129,0,302,0,367,314,1,"Anderson",76978,426.095767621918,0.304062909567497,167.580347631791,62.3554781885734,30.4062909567497
2022-02-18,21694,49,13987,32,7707,17,15269,37,93377,72,108646,109,0,302,0,367,315,1,"Anderson",76978,413.105042999299,0.308965517241379,141.598898386552,63.6545506508353,30.8965517241379
2022-02-19,21720,26,13997,10,7723,16,15280,11,93432,55,108712,66,0,302,0,367,317,2,"Anderson",76978,406.609680687989,0.298295454545455,85.7387825092884,33.7758840188106,29.8295454545455
2022-02-20,21730,10,13999,2,7731,8,15282,2,93469,37,108751,39,0,302,0,367,317,0,"Anderson",76978,392.319883603107,0.28928046989721,50.6638260282159,12.9907246226195,28.928046989721
2022-02-21,21747,17,14009,10,7738,7,15292,10,93498,29,108790,39,0,302,2,369,318,1,"Anderson",76978,348.151419886201,0.272727272727273,50.6638260282159,22.0842318584531,27.2727272727273
2022-02-22,21782,35,14024,15,7758,20,15310,18,93575,77,108885,95,2,304,0,369,318,0,"Anderson",76978,320.8708981787,0.24,123.411883914885,45.4675361791681,24
2022-02-23,21817,35,14041,17,7776,18,15329,19,93641,66,108970,85,4,308,0,369,319,1,"Anderson",76978,285.795941697628,0.234875444839858,110.421159292265,45.4675361791681,23.4875444839858
2022-02-24,21845,28,14055,14,7790,14,15346,17,93719,78,109065,95,1,309,0,369,320,1,"Anderson",76978,259.814492452389,0.215909090909091,123.411883914885,36.3740289433345,21.5909090909091
2022-02-25,21858,13,14061,6,7797,7,15352,6,93786,67,109138,73,-1,308,0,369,320,0,"Anderson",76978,213.047883810959,0.16869918699187,94.832289745122,16.8879420094053,16.869918699187
2022-02-26,21871,13,14066,5,7805,8,15359,7,93831,45,109190,52,0,308,1,370,320,0,"Anderson",76978,196.159941801554,0.165271966527197,67.5517680376211,16.8879420094053,16.5271966527197
2022-02-27,21871,0,14066,0,7805,0,15360,1,93848,17,109208,18,0,308,0,370,320,0,"Anderson",76978,183.169217178934,0.170678336980306,23.383304320715,0,17.0678336980306
2022-02-28,21889,18,14075,9,7814,9,15372,12,93905,57,109277,69,0,308,0,370,320,0,"Anderson",76978,184.468289641196,0.164271047227926,89.6359998960742,23.383304320715,16.4271047227926
2022-03-01,21902,13,14082,7,7820,6,15380,8,93950,45,109330,53,-1,307,0,370,322,2,"Anderson",76978,155.888695471433,0.157303370786517,68.8508404998831,16.8879420094053,15.7303370786517
2022-03-02,21912,10,14088,6,7824,4,15388,8,94003,53,109391,61,2,309,0,370,323,1,"Anderson",76978,123.411883914885,0.140142517814727,79.2434201979787,12.9907246226195,14.0142517814727
2022-03-03,21923,11,14090,2,7833,9,15390,2,94047,44,109437,46,2,311,0,370,323,0,"Anderson",76978,101.327652056432,0.118279569892473,59.7573332640495,14.2897970848814,11.8279569892473
2022-03-04,21932,9,14093,3,7839,6,15395,5,94111,64,109506,69,0,311,0,370,324,1,"Anderson",76978,96.1313622073839,0.116847826086957,89.6359998960742,11.6916521603575,11.6847826086957
2022-03-05,21937,5,14094,1,7843,4,15396,1,94152,41,109548,42,0,311,0,370,325,1,"Anderson",76978,85.7387825092884,0.103351955307263,54.5610434150017,6.49536231130973,10.3351955307263
2022-03-06,21939,2,14095,1,7844,1,15397,1,94176,24,109573,25,0,311,1,371,326,1,"Anderson",76978,88.3369274338123,0.101369863013699,32.4768115565486,2.59814492452389,10.1369863013699
2022-03-07,21952,13,14097,2,7855,11,15399,2,94209,33,109608,35,1,312,0,371,326,0,"Anderson",76978,81.8415651225025,0.081570996978852,45.4675361791681,16.8879420094053,8.1570996978852
2022-03-08,22003,51,14099,2,7904,49,15402,3,94239,30,109641,33,0,312,0,371,327,1,"Anderson",76978,131.206318688456,0.0707395498392283,42.8693912546442,66.2526955753592,7.07395498392283
2022-03-09,22010,7,14105,6,7905,1,15407,5,94277,38,109684,43,0,312,0,371,327,0,"Anderson",76978,127.309101301671,0.0648464163822526,55.8601158772636,9.09350723583361,6.48464163822526
2022-03-10,22015,5,14109,4,7906,1,15414,7,94323,46,109737,53,3,315,0,371,327,0,"Anderson",76978,119.514666528099,0.08,68.8508404998831,6.49536231130973,8
2022-03-11,22021,6,14109,0,7912,6,15415,1,94362,39,109777,40,1,316,1,372,327,0,"Anderson",76978,115.617449141313,0.0738007380073801,51.9628984904778,7.79443477357167,7.38007380073801
2022-03-12,22021,0,14109,0,7912,0,15415,0,94384,22,109799,22,0,316,0,372,329,2,"Anderson",76978,109.122086830003,0.0756972111553785,28.5795941697628,0,7.56972111553785
2022-03-13,22024,3,14111,2,7913,1,15416,1,94428,44,109844,45,1,317,0,372,329,0,"Anderson",76978,110.421159292265,0.0701107011070111,58.4582608017875,3.89721738678583,7.01107011070111
2022-03-14,22031,7,14115,4,7916,3,15423,7,94454,26,109877,33,2,319,1,373,329,0,"Anderson",76978,102.626724518694,0.0892193308550186,42.8693912546442,9.09350723583361,8.92193308550186
2022-03-15,22035,4,14116,1,7919,3,15423,0,94476,22,109899,22,0,319,0,373,330,1,"Anderson",76978,41.5703187923822,0.0813953488372093,28.5795941697628,5.19628984904778,8.13953488372093
2022-03-16,22037,2,14118,2,7919,0,15426,3,94500,24,109926,27,1,320,0,373,330,0,"Anderson",76978,35.0749564810725,0.0785123966942149,35.0749564810725,2.59814492452389,7.85123966942149
2022-03-17,22037,0,14118,0,7919,0,15428,2,94529,29,109957,31,0,320,0,373,330,0,"Anderson",76978,28.5795941697628,0.0636363636363636,40.2712463301203,0,6.36363636363636
2022-03-18,22039,2,14120,2,7919,0,15430,2,94573,44,110003,46,0,320,0,373,331,1,"Anderson",76978,23.383304320715,0.0663716814159292,59.7573332640495,2.59814492452389,6.63716814159292
2022-03-19,22039,0,14120,0,7919,0,15430,0,94593,20,110023,20,0,320,0,373,331,0,"Anderson",76978,23.383304320715,0.0669642857142857,25.9814492452389,0,6.69642857142857
2022-03-20,22043,4,14123,3,7920,1,15434,4,94612,19,110046,23,0,320,0,373,332,1,"Anderson",76978,24.682376782977,0.0891089108910891,29.8786666320247,5.19628984904778,8.91089108910891
2022-03-21,22044,1,14123,0,7921,1,15434,0,94625,13,110059,13,2,322,0,373,332,0,"Anderson",76978,16.8879420094053,0.0604395604395604,16.8879420094053,1.29907246226194,6.04395604395604
2022-03-22,22044,0,14123,0,7921,0,15435,1,94631,6,110066,7,0,322,0,373,332,0,"Anderson",76978,11.6916521603575,0.0718562874251497,9.09350723583361,0,7.18562874251497
2022-03-23,22046,2,14125,2,7921,0,15437,2,94656,25,110093,27,0,322,0,373,333,1,"Anderson",76978,11.6916521603575,0.0658682634730539,35.0749564810725,2.59814492452389,6.58682634730539
2022-03-24,22047,1,14125,0,7922,1,15438,1,94672,16,110110,17,0,322,0,373,334,1,"Anderson",76978,12.9907246226194,0.065359477124183,22.0842318584531,1.29907246226194,6.5359477124183
2022-03-25,22048,1,14126,1,7922,0,15440,2,94695,23,110135,25,0,322,0,373,334,0,"Anderson",76978,11.6916521603575,0.0757575757575758,32.4768115565486,1.29907246226194,7.57575757575758
2022-03-26,22049,1,14127,1,7922,0,15441,1,94714,19,110155,20,0,322,0,373,334,0,"Anderson",76978,12.9907246226194,0.0833333333333333,25.9814492452389,1.29907246226194,8.33333333333333
2022-03-27,22049,0,14127,0,7922,0,15441,0,94725,11,110166,11,0,322,0,373,334,0,"Anderson",76978,7.79443477357167,0.0583333333333333,14.2897970848814,0,5.83333333333333
2022-03-28,22053,4,14130,3,7923,1,15444,3,94769,44,110213,47,1,323,0,373,336,2,"Anderson",76978,11.6916521603575,0.0649350649350649,61.0564057263114,5.19628984904778,6.49350649350649
2022-03-29,22053,0,14130,0,7923,0,15444,0,94782,13,110226,13,1,324,0,373,337,1,"Anderson",76978,11.6916521603575,0.05625,16.8879420094053,0,5.625
2022-03-30,22055,2,14130,0,7925,2,15445,1,94805,23,110250,24,1,325,0,373,337,0,"Anderson",76978,11.6916521603575,0.0509554140127389,31.1777390942867,2.59814492452389,5.09554140127389
2022-03-31,22057,2,14131,1,7926,1,15446,1,94825,20,110271,21,0,325,0,373,337,0,"Anderson",76978,12.9907246226194,0.0496894409937888,27.2805217075008,2.59814492452389,4.96894409937888
2022-04-01,22060,3,14132,1,7928,2,15447,1,94862,37,110309,38,3,328,0,373,337,0,"Anderson",76978,15.5888695471433,0.0402298850574713,49.3647535659539,3.89721738678583,4.02298850574713
2022-04-02,22061,1,14133,1,7928,0,15449,2,94882,20,110331,22,0,328,0,373,337,0,"Anderson",76978,15.5888695471433,0.0454545454545455,28.5795941697628,1.29907246226194,4.54545454545455
2022-04-03,22061,0,14133,0,7928,0,15449,0,94894,12,110343,12,0,328,0,373,337,0,"Anderson",76978,15.5888695471433,0.0451977401129944,15.5888695471433,0,4.51977401129944
2022-04-04,22063,2,14134,1,7929,1,15450,1,94913,19,110363,20,0,328,0,373,337,0,"Anderson",76978,12.9907246226194,0.04,25.9814492452389,2.59814492452389,4
2022-04-05,22069,6,14135,1,7934,5,15451,1,94932,19,110383,20,3,331,0,373,337,0,"Anderson",76978,20.7851593961911,0.0445859872611465,25.9814492452389,7.79443477357167,4.45859872611465
2022-04-06,22072,3,14138,3,7934,0,15455,4,94956,24,110411,28,0,331,0,373,337,0,"Anderson",76978,22.0842318584531,0.062111801242236,36.3740289433345,3.89721738678583,6.2111801242236
2022-04-07,22075,3,14138,0,7937,3,15455,0,94979,23,110434,23,1,332,0,373,337,0,"Anderson",76978,23.383304320715,0.0552147239263804,29.8786666320247,3.89721738678583,5.52147239263804
2022-04-08,22076,1,14138,0,7938,1,15455,0,95010,31,110465,31,1,333,0,373,337,0,"Anderson",76978,20.7851593961911,0.0512820512820513,40.2712463301203,1.29907246226194,5.12820512820513
2022-04-09,22076,0,14138,0,7938,0,15455,0,95020,10,110475,10,0,333,0,373,337,0,"Anderson",76978,19.4860869339292,0.0416666666666667,12.9907246226195,0,4.16666666666667
2022-04-10,22076,0,14138,0,7938,0,15455,0,95030,10,110485,10,0,333,0,373,337,0,"Anderson",76978,19.4860869339292,0.0422535211267606,12.9907246226195,0,4.22535211267606
2022-04-11,22079,3,14138,0,7941,3,15455,0,95048,18,110503,18,0,333,0,373,337,0,"Anderson",76978,20.7851593961911,0.0357142857142857,23.383304320715,3.89721738678583,3.57142857142857
2022-04-12,22083,4,14141,3,7942,1,15459,4,95066,18,110525,22,1,334,0,373,338,1,"Anderson",76978,18.1870144716672,0.0563380281690141,28.5795941697628,5.19628984904778,5.63380281690141
2022-04-13,22086,3,14142,1,7944,2,15460,1,95088,22,110548,23,0,334,0,373,338,0,"Anderson",76978,18.1870144716672,0.0364963503649635,29.8786666320247,3.89721738678583,3.64963503649635
2022-04-14,22089,3,14142,0,7947,3,15460,0,95104,16,110564,16,0,334,0,373,338,0,"Anderson",76978,18.1870144716672,0.0384615384615385,20.7851593961911,3.89721738678583,3.84615384615385
2022-04-15,22093,4,14145,3,7948,1,15464,4,95124,20,110588,24,0,334,0,373,338,0,"Anderson",76978,22.0842318584531,0.0731707317073171,31.1777390942867,5.19628984904778,7.31707317073171
2022-04-16,22094,1,14145,0,7949,1,15464,0,95138,14,110602,14,0,334,0,373,338,0,"Anderson",76978,23.383304320715,0.0708661417322835,18.1870144716672,1.29907246226194,7.08661417322835
2022-04-17,22096,2,14145,0,7951,2,15465,1,95153,15,110618,16,0,334,0,373,338,0,"Anderson",76978,25.9814492452389,0.075187969924812,20.7851593961911,2.59814492452389,7.5187969924812
2022-04-18,22103,7,14147,2,7956,5,15467,2,95173,20,110640,22,-1,333,0,373,338,0,"Anderson",76978,31.1777390942867,0.0875912408759124,28.5795941697628,9.09350723583361,8.75912408759124
2022-04-19,22107,4,14148,1,7959,3,15468,1,95186,13,110654,14,0,333,0,373,338,0,"Anderson",76978,31.1777390942867,0.0697674418604651,18.1870144716672,5.19628984904778,6.97674418604651
2022-04-20,22113,6,14150,2,7963,4,15470,2,95219,33,110689,35,1,334,0,373,338,0,"Anderson",76978,35.0749564810725,0.0709219858156028,45.4675361791681,7.79443477357167,7.09219858156028
2022-04-21,22116,3,14151,1,7965,2,15471,1,95245,26,110716,27,0,334,0,373,338,0,"Anderson",76978,35.0749564810725,0.0723684210526316,35.0749564810725,3.89721738678583,7.23684210526316
2022-04-22,22118,2,14151,0,7967,2,15472,1,95277,32,110749,33,0,334,0,373,338,0,"Anderson",76978,32.4768115565486,0.0496894409937888,42.8693912546442,2.59814492452389,4.96894409937888
2022-04-23,22120,2,14152,1,7968,1,15473,1,95302,25,110775,26,0,334,0,373,338,0,"Anderson",76978,33.7758840188106,0.0520231213872832,33.7758840188106,2.59814492452389,5.20231213872832
2022-04-24,22123,3,14152,0,7971,3,15473,0,95319,17,110792,17,0,334,0,373,338,0,"Anderson",76978,35.0749564810725,0.0459770114942529,22.0842318584531,3.89721738678583,4.59770114942529
2022-04-25,22141,18,14154,2,7987,16,15475,2,95330,11,110805,13,0,334,0,373,339,1,"Anderson",76978,49.3647535659539,0.0484848484848485,16.8879420094053,23.383304320715,4.84848484848485
2022-04-26,22155,14,14159,5,7996,9,15481,6,95351,21,110832,27,0,334,0,373,339,0,"Anderson",76978,62.3554781885734,0.0730337078651685,35.0749564810725,18.1870144716672,7.30337078651685
2022-04-27,22169,14,14164,5,8005,9,15486,5,95387,36,110873,41,0,334,0,373,340,1,"Anderson",76978,72.7480578866689,0.0869565217391304,53.2619709527397,18.1870144716672,8.69565217391304
2022-04-28,22174,5,14166,2,8008,3,15488,2,95410,23,110898,25,0,334,0,373,340,0,"Anderson",76978,75.3462028111928,0.0934065934065934,32.4768115565486,6.49536231130973,9.34065934065934
2022-04-29,22180,6,14167,1,8013,5,15489,1,95431,21,110920,22,0,334,0,373,340,0,"Anderson",76978,80.5424926602406,0.0994152046783626,28.5795941697628,7.79443477357167,9.94152046783626
2022-04-30,22182,2,14168,1,8014,1,15489,0,95460,29,110949,29,0,334,0,373,340,0,"Anderson",76978,80.5424926602406,0.0919540229885057,37.6731014055964,2.59814492452389,9.19540229885057
2022-05-01,22184,2,14168,0,8016,2,15489,0,95468,8,110957,8,0,334,0,373,340,0,"Anderson",76978,79.2434201979786,0.096969696969697,10.3925796980956,2.59814492452389,9.6969696969697
2022-05-02,22192,8,14173,5,8019,3,15493,4,95499,31,110992,35,0,334,0,373,340,0,"Anderson",76978,66.2526955753592,0.0962566844919786,45.4675361791681,10.3925796980956,9.62566844919786
2022-05-03,22198,6,14178,5,8020,1,15498,5,95510,11,111008,16,0,334,0,373,340,0,"Anderson",76978,55.8601158772636,0.0965909090909091,20.7851593961911,7.79443477357167,9.65909090909091
2022-05-04,22210,12,14182,4,8028,8,15503,5,95534,24,111037,29,0,334,0,373,340,0,"Anderson",76978,53.2619709527397,0.103658536585366,37.6731014055964,15.5888695471433,10.3658536585366
2022-05-05,22218,8,14188,6,8030,2,15509,6,95552,18,111061,24,0,334,0,373,340,0,"Anderson",76978,57.1591883395256,0.128834355828221,31.1777390942867,10.3925796980956,12.8834355828221
2022-05-06,22219,1,14188,0,8031,1,15509,0,95576,24,111085,24,0,334,0,373,340,0,"Anderson",76978,50.6638260282159,0.121212121212121,31.1777390942867,1.29907246226194,12.1212121212121
2022-05-07,22228,9,14192,4,8036,5,15513,4,95592,16,111105,20,0,334,0,373,340,0,"Anderson",76978,59.7573332640495,0.153846153846154,25.9814492452389,11.6916521603575,15.3846153846154
2022-05-08,22229,1,14192,0,8037,1,15513,0,95606,14,111119,14,0,334,0,373,340,0,"Anderson",76978,58.4582608017875,0.148148148148148,18.1870144716672,1.29907246226194,14.8148148148148
2022-05-09,22235,6,14193,1,8042,5,15514,1,95621,15,111135,16,0,334,0,373,340,0,"Anderson",76978,55.8601158772636,0.146853146853147,20.7851593961911,7.79443477357167,14.6853146853147
2022-05-10,22245,10,14195,2,8050,8,15517,3,95653,32,111170,35,1,335,0,373,340,0,"Anderson",76978,61.0564057263114,0.117283950617284,45.4675361791681,12.9907246226195,11.7283950617284
2022-05-11,22259,14,14206,11,8053,3,15529,12,95671,18,111200,30,0,335,0,373,340,0,"Anderson",76978,63.6545506508353,0.159509202453988,38.9721738678584,18.1870144716672,15.9509202453988
2022-05-12,22265,6,14211,5,8054,1,15534,5,95699,28,111233,33,0,335,0,373,340,0,"Anderson",76978,61.0564057263114,0.145348837209302,42.8693912546442,7.79443477357167,14.5348837209302
2022-05-13,22273,8,14216,5,8057,3,15539,5,95735,36,111274,41,2,337,0,373,341,1,"Anderson",76978,70.149912962145,0.158730158730159,53.2619709527397,10.3925796980956,15.8730158730159
2022-05-14,22276,3,14218,2,8058,1,15541,2,95744,9,111285,11,0,337,0,373,341,0,"Anderson",76978,62.3554781885734,0.155555555555556,14.2897970848814,3.89721738678583,15.5555555555556
2022-05-15,22280,4,14218,0,8062,4,15541,0,95758,14,111299,14,0,337,0,373,341,0,"Anderson",76978,66.2526955753592,0.155555555555556,18.1870144716672,5.19628984904778,15.5555555555556
2022-05-16,22290,10,14224,6,8066,4,15546,5,95781,23,111327,28,0,337,0,373,341,0,"Anderson",76978,71.448985424407,0.166666666666667,36.3740289433345,12.9907246226195,16.6666666666667
2022-05-17,22303,13,14233,9,8070,4,15556,10,95808,27,111364,37,2,339,0,373,341,0,"Anderson",76978,75.3462028111928,0.201030927835052,48.065681103692,16.8879420094053,20.1030927835052
2022-05-18,22312,9,14240,7,8072,2,15564,8,95835,27,111399,35,0,339,0,373,341,0,"Anderson",76978,68.8508404998831,0.175879396984925,45.4675361791681,11.6916521603575,17.5879396984925
2022-05-19,22322,10,14247,7,8075,3,15572,8,95862,27,111434,35,1,340,0,373,341,0,"Anderson",76978,74.0471303489309,0.189054726368159,45.4675361791681,12.9907246226195,18.9054726368159
2022-05-20,22334,12,14256,9,8078,3,15581,9,95891,29,111472,38,0,340,0,373,341,0,"Anderson",76978,79.2434201979786,0.212121212121212,49.3647535659539,15.5888695471433,21.2121212121212
2022-05-21,22340,6,14262,6,8078,0,15587,6,95917,26,111504,32,0,340,0,373,341,0,"Anderson",76978,83.1406375847645,0.210045662100457,41.5703187923822,7.79443477357167,21.0045662100457
2022-05-22,22349,9,14268,6,8081,3,15593,6,95942,25,111535,31,1,341,0,373,341,0,"Anderson",76978,89.6359998960742,0.220338983050847,40.2712463301203,11.6916521603575,22.0338983050847
2022-05-23,22360,11,14277,9,8083,2,15600,7,95975,33,111575,40,0,341,0,373,341,0,"Anderson",76978,90.9350723583361,0.217741935483871,51.9628984904778,14.2897970848814,21.7741935483871
2022-05-24,22381,21,14284,7,8097,14,15608,8,95996,21,111604,29,0,341,0,373,341,0,"Anderson",76978,101.327652056432,0.216666666666667,37.6731014055964,27.2805217075008,21.6666666666667
2022-05-25,22393,12,14290,6,8103,6,15614,6,96029,33,111643,39,1,342,0,373,341,0,"Anderson",76978,105.224869443218,0.204918032786885,50.6638260282159,15.5888695471433,20.4918032786885
2022-05-26,22410,17,14298,8,8112,9,15624,10,96070,41,111694,51,0,342,0,373,341,0,"Anderson",76978,114.318376679051,0.2,66.2526955753592,22.0842318584531,20
2022-05-27,22425,15,14307,9,8118,6,15633,9,96116,46,111749,55,0,342,0,373,341,0,"Anderson",76978,118.215594065837,0.187725631768953,71.448985424407,19.4860869339292,18.7725631768953
2022-05-28,22434,9,14313,6,8121,3,15639,6,96167,51,111806,57,0,342,0,373,341,0,"Anderson",76978,122.112811452623,0.172185430463576,74.0471303489309,11.6916521603575,17.2185430463576
2022-05-29,22442,8,14315,2,8127,6,15641,2,96189,22,111830,24,0,342,0,373,341,0,"Anderson",76978,120.813738990361,0.16271186440678,31.1777390942867,10.3925796980956,16.271186440678
2022-05-30,22447,5,14316,1,8131,4,15643,2,96204,15,111847,17,0,342,0,373,341,0,"Anderson",76978,113.019304216789,0.158088235294118,22.0842318584531,6.49536231130973,15.8088235294118
2022-05-31,22462,15,14323,7,8139,8,15649,6,96231,27,111880,33,0,342,0,373,341,0,"Anderson",76978,105.224869443218,0.148550724637681,42.8693912546442,19.4860869339292,14.8550724637681
2022-06-01,22486,24,14336,13,8150,11,15666,17,96258,27,111924,44,0,342,0,373,341,0,"Anderson",76978,120.813738990361,0.185053380782918,57.1591883395256,31.1777390942867,18.5053380782918
2022-06-02,22503,17,14344,8,8159,9,15674,8,96282,24,111956,32,0,342,0,373,341,0,"Anderson",76978,120.813738990361,0.190839694656489,41.5703187923822,22.0842318584531,19.0839694656489
2022-06-03,22518,15,14352,8,8166,7,15683,9,96332,50,112015,59,0,342,0,373,341,0,"Anderson",76978,120.813738990361,0.18796992481203,76.6452752734548,19.4860869339292,18.796992481203
2022-06-04,22525,7,14357,5,8168,2,15689,6,96361,29,112050,35,0,342,0,373,341,0,"Anderson",76978,118.215594065837,0.204918032786885,45.4675361791681,9.09350723583361,20.4918032786885
2020-03-12,1,1,1,1,0,0,1,1,11,11,12,12,0,0,0,0,0,0,"East TN",2455501,NA,NA,0.488698640318208,0.040724886693184,NA
2020-03-13,1,0,1,0,0,0,1,0,23,12,24,12,0,0,0,0,0,0,"East TN",2455501,NA,NA,0.488698640318208,0,NA
2020-03-14,3,2,3,2,0,0,3,2,50,27,53,29,0,0,0,0,0,0,"East TN",2455501,NA,NA,1.18102171410234,0.081449773386368,NA
2020-03-15,3,0,3,0,0,0,3,0,53,3,56,3,0,0,0,0,0,0,"East TN",2455501,NA,NA,0.122174660079552,0,NA
2020-03-16,5,2,5,2,0,0,5,2,89,36,94,38,0,0,0,0,0,0,"East TN",2455501,NA,NA,1.54754569434099,0.081449773386368,NA
2020-03-17,6,1,6,1,0,0,5,0,130,41,135,41,0,0,0,0,0,0,"East TN",2455501,NA,NA,1.66972035442054,0.040724886693184,NA
2020-03-18,8,2,8,2,0,0,7,2,171,41,178,43,0,0,0,0,0,0,"East TN",2455501,0.325799093545472,0.0393258426966292,1.75117012780691,0.081449773386368,3.93258426966292
2020-03-19,11,3,11,3,0,0,11,4,238,67,249,71,0,0,0,0,0,0,"East TN",2455501,0.40724886693184,0.0421940928270042,2.89146695521606,0.122174660079552,4.21940928270042
2020-03-20,29,18,29,18,0,0,27,16,382,144,409,160,0,0,2,2,0,0,"East TN",2455501,1.14029682740915,0.0675324675324675,6.51598187090944,0.733047960477312,6.75324675324675
2020-03-21,38,9,38,9,0,0,38,11,610,228,648,239,0,0,1,3,1,1,"East TN",2455501,1.42537103426144,0.0588235294117647,9.73324791967098,0.366523980238656,5.88235294117647
2020-03-22,48,10,47,9,1,1,43,5,713,103,756,108,0,0,4,7,2,1,"East TN",2455501,1.83261990119328,0.0571428571428571,4.39828776286387,0.40724886693184,5.71428571428571
2020-03-23,64,16,63,16,1,0,56,13,846,133,902,146,0,0,4,11,2,0,"East TN",2455501,2.40276831489786,0.0631188118811881,5.94583345720486,0.651598187090944,6.31188118811881
2020-03-24,83,19,82,19,1,0,70,14,987,141,1057,155,0,0,5,16,2,0,"East TN",2455501,3.13581627537517,0.0704989154013015,6.31235743744352,0.773772847170496,7.04989154013015
2020-03-25,116,33,115,33,1,0,99,29,1288,301,1387,330,0,0,12,28,3,1,"East TN",2455501,4.39828776286387,0.076095947063689,13.4392126087507,1.34392126087507,7.6095947063689
2020-03-26,144,28,143,28,1,0,130,31,1774,486,1904,517,0,0,5,33,4,1,"East TN",2455501,5.41640993019347,0.0719033232628399,21.0547664203761,1.14029682740915,7.19033232628399
2020-03-27,166,22,165,22,1,0,147,17,2171,397,2318,414,0,0,6,39,4,0,"East TN",2455501,5.57930947696621,0.0628601361969618,16.8601030909782,0.895947507250048,6.28601361969618
2020-03-28,197,31,196,31,1,0,180,33,2608,437,2788,470,0,0,8,47,4,0,"East TN",2455501,6.47525698421626,0.0663551401869159,19.1406967457965,1.2624714874887,6.63551401869159
2020-03-29,213,16,212,16,1,0,196,16,2795,187,2991,203,0,0,3,50,7,3,"East TN",2455501,6.71960630437536,0.0684563758389262,8.26715199871635,0.651598187090944,6.84563758389262
2020-03-30,246,33,245,33,1,0,226,30,3345,550,3571,580,0,0,8,58,9,2,"East TN",2455501,7.41192937815949,0.0636942675159236,23.6204342820467,1.34392126087507,6.36942675159236
2020-03-31,295,49,294,49,1,0,278,52,3645,300,3923,352,0,0,12,70,10,1,"East TN",2455501,8.63367597895501,0.0725750174459177,14.3351601160008,1.99551944796602,7.25750174459177
2020-04-01,346,51,345,51,1,0,336,58,4243,598,4579,656,0,0,9,79,12,2,"East TN",2455501,9.36672393943232,0.0742481203007519,26.7155256707287,2.07696922135238,7.42481203007519
2020-04-02,391,45,390,45,1,0,383,47,4839,596,5222,643,2,7,5,84,14,2,"East TN",2455501,10.0590470132164,0.0762507534659433,26.1861021437173,1.83261990119328,7.62507534659433
2020-04-03,412,21,411,21,1,0,401,18,5124,285,5525,303,1,8,2,86,17,3,"East TN",2455501,10.0183221265233,0.0792017461802308,12.3396406680348,0.855222620556864,7.92017461802307
2020-04-04,447,35,446,35,1,0,431,30,5716,592,6147,622,3,11,5,91,19,2,"East TN",2455501,10.181221673296,0.0747246204227449,25.3308795231604,1.42537103426144,7.47246204227449
2020-04-05,473,26,472,26,1,0,464,33,6093,377,6557,410,-1,10,2,93,20,1,"East TN",2455501,10.5884705402278,0.0751542344363432,16.6972035442054,1.05884705402278,7.51542344363432
2020-04-06,514,41,513,41,1,0,514,50,6626,533,7140,583,8,18,5,98,20,0,"East TN",2455501,10.9142696337733,0.080694872513309,23.7426089421263,1.66972035442054,8.06948725133091
2020-04-07,570,56,569,56,1,0,592,78,7755,1129,8347,1207,0,18,7,105,21,1,"East TN",2455501,11.1993438406256,0.0709764918625678,49.1549382386731,2.2805936548183,7.09764918625678
2020-04-08,607,37,606,37,1,0,632,40,8162,407,8794,447,1,19,8,113,25,4,"East TN",2455501,10.629195426921,0.0702253855278766,18.2040243518532,1.50682080764781,7.02253855278766
2020-04-09,633,26,632,26,1,0,662,30,8613,451,9275,481,3,22,2,115,25,0,"East TN",2455501,9.85542257975053,0.0688378978534419,19.5886704994215,1.05884705402278,6.88378978534419
2020-04-10,655,22,654,22,1,0,682,20,8941,328,9623,348,0,22,4,119,25,0,"East TN",2455501,9.89614746644371,0.0685700341630063,14.172260569228,0.895947507250048,6.85700341630063
2020-04-11,679,24,678,24,1,0,728,46,10022,1081,10750,1127,2,24,5,124,27,2,"East TN",2455501,9.44817371281869,0.0645231370845101,45.8969473032184,0.977397280636416,6.45231370845101
2020-04-12,709,30,708,30,1,0,761,33,11472,1450,12233,1483,0,24,1,125,28,1,"East TN",2455501,9.61107325959142,0.0523255813953488,60.3950069659919,1.22174660079552,5.23255813953488
2020-04-13,738,29,737,29,1,0,803,42,12435,963,13238,1005,0,24,7,132,32,4,"East TN",2455501,9.12237461927321,0.0473925877336832,40.9285111266499,1.18102171410234,4.73925877336832
2020-04-14,749,11,748,11,1,0,823,20,12720,285,13543,305,4,28,1,133,33,1,"East TN",2455501,7.28975471807994,0.0444572748267898,12.4210904414211,0.447973753625024,4.44572748267898
2020-04-15,773,24,772,24,1,0,850,27,13132,412,13982,439,2,30,4,137,34,1,"East TN",2455501,6.76033119106854,0.0420200462606014,17.8782252583078,0.977397280636416,4.20200462606014
2020-04-16,801,28,800,28,1,0,886,36,13808,676,14694,712,1,31,6,143,34,0,"East TN",2455501,6.84178096445491,0.0413360398597527,28.996119325547,1.14029682740915,4.13360398597527
2020-04-17,823,22,821,21,2,1,916,30,14137,329,15053,359,0,31,4,147,35,1,"East TN",2455501,6.84178096445491,0.0430939226519337,14.6202343228531,0.895947507250048,4.30939226519337
2020-04-18,835,12,833,12,2,0,935,19,14918,781,15853,800,0,31,0,147,35,0,"East TN",2455501,6.3530823241367,0.0405643738977072,32.5799093545472,0.488698640318208,4.05643738977072
2020-04-19,914,79,912,79,2,0,1016,81,15604,686,16620,767,1,32,1,148,35,0,"East TN",2455501,8.34860177210272,0.0581262821974014,31.2359880936721,3.21726604876154,5.81262821974014
2020-04-20,939,25,931,19,8,6,1033,17,16567,963,17600,980,0,32,2,150,35,0,"East TN",2455501,8.18570222532998,0.0527281063732233,39.9103889593203,1.0181221673296,5.27281063732233
2020-04-21,1045,106,1037,106,8,0,1154,121,19273,2706,20427,2827,0,32,6,156,36,1,"East TN",2455501,12.0545664611825,0.0480825101685067,115.129254681631,4.3168379894775,4.80825101685067
2020-04-22,1247,202,1237,200,10,2,1354,200,21825,2552,23179,2752,2,34,2,158,36,0,"East TN",2455501,19.3035962925692,0.0548004784168751,112.074888179642,8.22642711202317,5.48004784168751
2020-04-23,1492,245,1480,243,12,2,1601,247,22932,1107,24533,1354,0,34,3,161,36,0,"East TN",2455501,28.1408967049901,0.0726699867872751,55.1414965825711,9.97759723983008,7.26699867872751
2020-04-24,1540,48,1527,47,13,1,1655,54,25621,2689,27276,2743,0,34,4,165,36,0,"East TN",2455501,29.1997437590129,0.0604597889225231,111.708364199404,1.95479456127283,6.04597889225231
2020-04-25,1563,23,1546,19,17,4,1674,19,26396,775,28070,794,0,34,3,168,37,1,"East TN",2455501,29.6477175126379,0.0604894818695261,32.3355600343881,0.936672393943232,6.04894818695261
2020-04-26,1583,20,1565,19,18,1,1700,26,27513,1117,29213,1143,0,34,0,168,37,0,"East TN",2455501,27.2449491977401,0.0543158897800365,46.5485454903093,0.81449773386368,5.43158897800365
2020-04-27,1652,69,1633,68,19,1,1772,72,28428,915,30200,987,0,34,8,176,38,1,"East TN",2455501,29.0368442122402,0.0586507936507936,40.1954631661726,2.8100171818297,5.86507936507936
2020-04-28,1689,37,1667,34,22,3,1812,40,30602,2174,32414,2214,2,36,1,177,39,1,"East TN",2455501,26.2268270304105,0.0548928005339117,90.1648991387094,1.50682080764781,5.48928005339117
2020-04-29,1752,63,1729,62,23,1,1878,66,33345,2743,35223,2809,1,37,6,183,40,1,"East TN",2455501,20.5660677800579,0.0435071404848887,114.396206721154,2.56566786167059,4.35071404848887
2020-04-30,1774,22,1750,21,24,1,1900,22,33894,549,35794,571,0,37,1,184,40,0,"East TN",2455501,11.4844180474779,0.0265518160021312,23.2539103018081,0.895947507250048,2.65518160021312
2020-05-01,1814,40,1786,36,28,4,1929,29,35556,1662,37485,1691,0,37,0,184,40,0,"East TN",2455501,11.1586189539324,0.0268390635713586,68.8657833981741,1.62899546772736,2.68390635713586
2020-05-02,1835,21,1807,21,28,0,1966,37,37433,1877,39399,1914,0,37,3,187,40,0,"East TN",2455501,11.077169180546,0.0257745608615059,77.9474331307542,0.855222620556864,2.57745608615059
2020-05-03,1873,38,1840,33,33,5,2003,37,39553,2120,41556,2157,0,37,3,190,42,2,"East TN",2455501,11.8102171410234,0.0245483269869562,87.8435805971979,1.54754569434099,2.45483269869562
2020-05-04,1920,47,1884,44,36,3,2060,57,41499,1946,43559,2003,0,37,1,191,42,0,"East TN",2455501,10.9142696337733,0.0215584998877161,81.5719480464475,1.91406967457965,2.15584998877161
2020-05-05,1948,28,1911,27,37,1,2092,32,44409,2910,46501,2942,2,39,1,192,42,0,"East TN",2455501,10.5477456535347,0.0198764818627103,119.812616651347,1.14029682740915,1.98764818627103
2020-05-06,1985,37,1948,37,37,0,2135,43,45453,1044,47588,1087,1,40,0,192,42,0,"East TN",2455501,9.48889859951187,0.0207844723008492,44.267951835491,1.50682080764781,2.07844723008492
2020-05-07,2028,43,1989,41,39,2,2183,48,46845,1392,49028,1440,0,40,4,196,46,4,"East TN",2455501,10.3441212200687,0.0213843131328397,58.643836838185,1.75117012780691,2.13843131328397
2020-05-08,2047,19,2008,19,39,0,2219,36,48515,1670,50734,1706,1,41,0,196,47,1,"East TN",2455501,9.48889859951187,0.0218884444108989,69.4766566985719,0.773772847170496,2.18884444108989
2020-05-09,2063,16,2022,14,41,2,2237,18,51333,2818,53570,2836,0,41,1,197,48,1,"East TN",2455501,9.28527416604595,0.0191235622045022,115.49577866187,0.651598187090944,1.91235622045022
2020-05-10,2079,16,2037,15,42,1,2256,19,53897,2564,56153,2583,1,42,3,200,48,0,"East TN",2455501,8.3893266587959,0.0173323285606631,105.192382328494,0.651598187090944,1.73323285606631
2020-05-11,2140,61,2097,60,43,1,2307,51,55468,1571,57775,1622,3,45,5,205,50,2,"East TN",2455501,8.95947507250048,0.0173747889701744,66.0557662163444,2.48421808828422,1.73747889701745
2020-05-12,2193,53,2150,53,43,0,2373,66,59022,3554,61395,3620,3,48,3,208,50,0,"East TN",2455501,9.97759723983008,0.0188666577145159,147.424089829326,2.15841899473875,1.88666577145159
2020-05-13,2247,54,2201,51,46,3,2425,52,60647,1625,63072,1677,0,48,7,215,52,2,"East TN",2455501,10.6699203136142,0.0187290105915784,68.2956349844696,2.19914388143194,1.87290105915784
2020-05-14,2278,31,2232,31,46,0,2470,45,62356,1709,64826,1754,1,49,2,217,53,1,"East TN",2455501,10.181221673296,0.018166856564122,71.4314512598447,1.2624714874887,1.8166856564122
2020-05-15,2306,28,2260,28,46,0,2507,37,64675,2319,67182,2356,1,50,4,221,53,0,"East TN",2455501,10.5477456535347,0.0175097276264591,95.9478330491415,1.14029682740915,1.75097276264591
2020-05-16,2316,10,2270,10,46,0,2525,18,67443,2768,69968,2786,1,51,1,222,53,0,"East TN",2455501,10.3033963333756,0.017563117453348,113.459534327211,0.40724886693184,1.7563117453348
2020-05-17,2396,80,2350,80,46,0,2604,79,69670,2227,72274,2306,0,51,4,226,55,2,"East TN",2455501,12.9097890817393,0.0215867502016004,93.9115887144823,3.25799093545472,2.15867502016004
2020-05-18,2445,49,2398,48,47,1,2665,61,71548,1878,74213,1939,0,51,3,229,55,0,"East TN",2455501,12.4210904414211,0.0217788052074462,78.9655552980838,1.99551944796602,2.17788052074462
2020-05-19,2486,41,2438,40,48,1,2705,40,72672,1124,75377,1164,1,52,3,232,55,0,"East TN",2455501,11.9323918011029,0.0237448147618366,47.4037681108662,1.66972035442054,2.37448147618366
2020-05-20,2528,42,2480,42,48,0,2750,45,74412,1740,77162,1785,0,52,3,235,55,0,"East TN",2455501,11.4436931607847,0.0230660042583392,72.6939227473334,1.71044524111373,2.30660042583392
2020-05-21,2769,241,2720,240,49,1,2988,238,75874,1462,78862,1700,0,52,4,239,56,1,"East TN",2455501,19.9959193663533,0.0369051011684241,69.2323073784128,9.81469769305734,3.69051011684241
2020-05-22,2860,91,2808,88,52,3,3066,78,77398,1524,80464,1602,0,52,7,246,56,0,"East TN",2455501,22.5615872280239,0.0420870350850776,65.2412684824808,3.70596468907974,4.20870350850775
2020-05-23,2926,66,2870,62,56,4,3157,91,79612,2214,82769,2305,2,54,7,253,57,1,"East TN",2455501,24.8421808828422,0.0493711428794625,93.8708638277891,2.68784252175014,4.93711428794625
2020-05-24,2978,52,2922,52,56,0,3227,70,81732,2120,84959,2190,0,54,0,253,58,1,"East TN",2455501,23.7018840554331,0.0491131257390619,89.187501858073,2.11769410804557,4.91131257390619
2020-05-25,3062,84,3005,83,57,1,3321,94,84382,2650,87703,2744,1,55,2,255,58,0,"East TN",2455501,25.1272550896945,0.0486286137879911,111.749089086097,3.42089048222746,4.86286137879911
2020-05-26,3123,61,3057,52,66,9,3377,56,86768,2386,90145,2442,1,56,3,258,58,0,"East TN",2455501,25.9417528235582,0.0455037919826652,99.4501733047553,2.48421808828422,4.55037919826652
2020-05-27,3199,76,3130,73,69,3,3444,67,88635,1867,92079,1934,0,56,9,267,58,0,"East TN",2455501,27.3263989711265,0.0465241000201113,78.7619308646179,3.09509138868198,4.65241000201113
2020-05-28,3273,74,3204,74,69,0,3511,67,90034,1399,93545,1466,0,56,1,268,58,0,"East TN",2455501,20.5253428933647,0.0356194238234693,59.7026838922077,3.01364161529562,3.56194238234693
2020-05-29,3348,75,3278,74,70,1,3594,83,91312,1278,94906,1361,0,56,4,272,58,0,"East TN",2455501,19.8737447062738,0.0365600332363939,55.4265707894234,3.0543665019888,3.65600332363939
2020-05-30,3421,73,3350,72,71,1,3675,81,93557,2245,97232,2326,0,56,5,277,59,1,"East TN",2455501,20.1588189131261,0.0358155292816152,94.726086448346,2.97291672860243,3.58155292816152
2020-05-31,3533,112,3460,110,73,2,3769,94,96340,2783,100109,2877,0,56,1,278,60,1,"East TN",2455501,22.6023121147171,0.0357755775577558,117.16549901629,4.56118730963661,3.57755775577558
2020-06-01,3629,96,3553,93,76,3,3902,133,100171,3831,104073,3964,0,56,5,283,60,0,"East TN",2455501,23.0910107550353,0.0354917532070861,161.433450851781,3.90958912254566,3.54917532070861
2020-06-02,3736,107,3658,105,78,2,4017,115,104230,4059,108247,4174,1,57,3,286,64,4,"East TN",2455501,24.9643555429218,0.0353552093691305,169.98567705735,4.35756287617069,3.53552093691305
2020-06-03,3786,50,3708,50,78,0,4067,50,106161,1931,110228,1981,0,57,4,290,65,1,"East TN",2455501,23.905508488899,0.0343269601630944,80.6760005391975,2.0362443346592,3.43269601630944
2020-06-04,3837,51,3757,49,80,2,4128,61,107708,1547,111836,1608,6,63,5,295,66,1,"East TN",2455501,22.9688360949558,0.0337324367175113,65.4856178026399,2.07696922135238,3.37324367175113
2020-06-05,3936,99,3852,95,84,4,4210,82,109864,2156,114074,2238,1,64,4,299,67,1,"East TN",2455501,23.9462333755922,0.0321368948247078,91.1422964193458,4.03176378262522,3.21368948247079
2020-06-06,3989,53,3902,50,87,3,4285,75,112967,3103,117252,3178,1,65,4,303,67,0,"East TN",2455501,23.1317356417285,0.0304695304695305,129.423689910939,2.15841899473875,3.04695304695305
2020-06-07,4047,58,3958,56,89,2,4366,81,116924,3957,121290,4038,0,65,6,309,68,1,"East TN",2455501,20.9325917602966,0.0281856380718569,164.447092467077,2.36204342820467,2.81856380718569
2020-06-08,4207,160,4114,156,93,4,4523,157,119875,2951,124398,3108,0,65,6,315,68,0,"East TN",2455501,23.5389845086604,0.0305535055350553,126.572947842416,6.51598187090944,3.05535055350553
2020-06-09,4315,108,4221,107,94,1,4641,118,122202,2327,126843,2445,1,66,7,322,69,1,"East TN",2455501,23.5797093953535,0.0335556033555603,99.5723479648349,4.39828776286387,3.35556033555603
2020-06-10,4392,77,4295,74,97,3,4715,74,125038,2836,129753,2910,0,66,6,328,69,0,"East TN",2455501,24.6792813360695,0.0331882202304737,118.509420277165,3.13581627537517,3.31882202304738
2020-06-11,4656,264,4557,262,99,2,4995,280,127329,2291,132324,2571,1,67,8,336,69,0,"East TN",2455501,33.3536822017177,0.0423174541194846,104.703683688176,10.7513700870006,4.23174541194846
2020-06-12,4827,171,4727,170,100,1,5167,172,129955,2626,135122,2798,2,69,3,339,70,1,"East TN",2455501,36.2858740436269,0.0454675028506271,113.948232967529,6.96395562453446,4.54675028506271
2020-06-13,4975,148,4871,144,104,4,5335,168,132146,2191,137481,2359,0,69,4,343,71,1,"East TN",2455501,40.1547382794794,0.0519056799644075,96.0700077092211,6.02728323059123,5.19056799644075
2020-06-14,5091,116,4986,115,105,1,5470,135,136014,3868,141484,4003,0,69,4,347,72,1,"East TN",2455501,42.5167817076841,0.0546697038724374,163.021721432816,4.72408685640934,5.46697038724374
2020-06-15,5273,182,5157,171,116,11,5649,179,139187,3173,144836,3352,0,69,9,356,77,5,"East TN",2455501,43.4127292149341,0.0550934533711713,136.509820195553,7.41192937815949,5.50934533711713
2020-06-16,5427,154,5309,152,118,2,5807,158,140986,1799,146793,1957,3,72,4,360,80,3,"East TN",2455501,45.2860740028206,0.0584461152882206,79.6986032585611,6.27163255075034,5.84461152882206
2020-06-17,5560,133,5439,130,121,3,5929,122,142426,1440,148355,1562,3,75,6,366,82,2,"East TN",2455501,47.5666676576389,0.0652617998064724,63.6122730147534,5.41640993019347,6.52617998064724
2020-06-18,5738,178,5616,177,122,1,6135,206,146017,3591,152152,3797,1,76,12,378,82,0,"East TN",2455501,44.0643274020251,0.0574944522896913,154.63239477402,7.24902983138675,5.74944522896913
2020-06-19,5873,135,5747,131,126,4,6253,118,147480,1463,153733,1581,4,80,13,391,83,1,"East TN",2455501,42.5982314810705,0.058352587179625,64.3860458619239,5.49785970357984,5.8352587179625
2020-06-20,5939,66,5812,65,127,1,6348,95,149655,2175,156003,2270,0,80,7,398,83,0,"East TN",2455501,39.2587907722294,0.0546917179570241,92.4454927935277,2.68784252175014,5.46917179570241
2020-06-21,6027,88,5899,87,128,1,6467,119,153005,3350,159472,3469,1,81,3,401,86,3,"East TN",2455501,38.1184939448202,0.0554258394485212,141.274631938655,3.58379002900019,5.54258394485212
2020-06-22,6223,196,6088,189,135,7,6665,198,156416,3411,163081,3609,1,82,7,408,87,1,"East TN",2455501,38.6886423585248,0.0556864894491642,146.976116075701,7.98207779186406,5.56864894491642
2020-06-23,6413,190,6272,184,141,6,6849,184,158220,1804,165069,1988,4,86,15,423,87,0,"East TN",2455501,40.1547382794794,0.0570146640402714,80.9610747460498,7.73772847170496,5.70146640402714
2020-06-24,6591,178,6448,176,143,2,7032,183,159851,1631,166883,1814,2,88,9,432,87,0,"East TN",2455501,41.9873581806727,0.0595315198618307,73.8749444614358,7.24902983138675,5.95315198618307
2020-06-25,6760,169,6608,160,152,9,7216,184,163024,3173,170240,3357,0,88,8,440,87,0,"East TN",2455501,41.620834200434,0.0597633790358249,136.713444629019,6.8825058511481,5.97633790358249
2020-06-26,6974,214,6812,204,162,10,7388,172,164612,1588,172000,1760,1,89,16,456,87,0,"East TN",2455501,44.8381002491956,0.0621339026660097,71.6758005800038,8.71512575234138,6.21339026660097
2020-06-27,7048,74,6881,69,167,5,7434,46,164821,209,172255,255,-1,88,5,461,89,2,"East TN",2455501,45.1638993427411,0.0668225449175486,10.3848461067619,3.01364161529562,6.68225449175486
2020-06-28,7175,127,7006,125,169,2,7605,171,167908,3087,175513,3258,0,88,5,466,90,1,"East TN",2455501,46.7521699237752,0.0709432080294246,132.681680846393,5.17206061003437,7.09432080294246
2020-06-29,7518,343,7347,341,171,2,7945,340,173175,5267,181120,5607,1,89,22,488,91,1,"East TN",2455501,52.7387282676733,0.0709573701424691,228.344439688683,13.9686361357621,7.09573701424691
2020-06-30,7788,270,7613,266,175,4,8393,448,179461,6286,187854,6734,0,89,22,510,92,1,"East TN",2455501,55.996719203128,0.0677638797454466,274.241386991901,10.9957194071597,6.77638797454466
2020-07-01,8063,275,7885,272,178,3,8727,334,182665,3204,191392,3538,0,89,17,527,95,3,"East TN",2455501,59.9470332123668,0.0691582683912032,144.084649120485,11.1993438406256,6.91582683912032
2020-07-02,8543,480,8360,475,183,5,9333,606,189047,6382,198380,6988,2,91,25,552,98,3,"East TN",2455501,72.6124729739471,0.0752309879175551,284.58550821197,19.5479456127283,7.52309879175551
2020-07-03,8769,226,8580,220,189,6,9561,228,192402,3355,201963,3583,5,96,14,566,99,1,"East TN",2455501,73.1011716142653,0.0725227780929813,145.917269021678,9.20382439265958,7.25227780929813
2020-07-04,8989,220,8798,218,191,2,9841,280,197166,4764,207007,5044,2,98,15,581,105,6,"East TN",2455501,79.0470050714701,0.0692622007366483,205.41632848042,8.95947507250048,6.92622007366483
2020-07-05,9309,320,9117,319,192,1,10209,368,201011,3845,211220,4213,2,100,12,593,108,3,"East TN",2455501,86.9069082032546,0.0729268770829249,171.573947638384,13.0319637418189,7.29268770829249
2020-07-06,9543,234,9340,223,203,11,10419,210,202641,1630,213060,1840,4,104,26,619,108,0,"East TN",2455501,82.4678955536976,0.0774577332498435,74.9337915154586,9.52962348620506,7.74577332498435
2020-07-07,9991,448,9779,439,212,9,10985,566,208917,6276,219902,6842,0,104,32,651,109,1,"East TN",2455501,89.7169253850844,0.0808786819770344,278.639674754765,18.2447492385464,8.08786819770345
2020-07-08,10372,381,10150,371,222,10,11419,434,213085,4168,224504,4602,1,105,20,671,109,0,"East TN",2455501,94.0337633745619,0.0812998308770234,187.415928562033,15.5161818301031,8.12998308770234
2020-07-09,10821,449,10585,435,236,14,11891,472,219034,5949,230925,6421,1,106,24,695,113,4,"East TN",2455501,92.7712918870731,0.0785988631126133,261.494497456934,18.2854741252396,7.85988631126133
2020-07-10,11288,467,11040,455,248,12,12344,453,222318,3284,234662,3737,0,106,29,724,115,2,"East TN",2455501,102.58598958013,0.0851096363803174,152.188901572429,19.0185220857169,8.51096363803175
2020-07-11,11594,306,11339,299,255,7,12766,422,226796,4478,239562,4900,5,111,23,747,120,5,"East TN",2455501,106.088329835744,0.0898479496237137,199.551944796602,12.4618153281143,8.98479496237137
2020-07-12,12064,470,11801,462,263,8,13399,633,232725,5929,246124,6562,1,112,25,772,125,5,"East TN",2455501,112.197062839722,0.0913935365574146,267.236706480673,19.1406967457965,9.13935365574146
2020-07-13,12418,354,12142,341,276,13,13742,343,236158,3433,249900,3776,3,115,20,792,129,4,"East TN",2455501,117.084049242904,0.0902008686210641,153.777172153463,14.4166098893871,9.02008686210641
2020-07-14,12933,515,12652,510,281,5,14326,584,240646,4488,254972,5072,4,119,34,826,133,4,"East TN",2455501,119.812616651347,0.0952666096378671,206.556625307829,20.9733166469898,9.52666096378671
2020-07-15,13313,380,13026,374,287,6,14709,383,243742,3096,258451,3479,6,125,24,850,140,7,"East TN",2455501,119.771891764654,0.0969157804813386,141.681880805587,15.4754569434099,9.69157804813386
2020-07-16,14140,827,13838,812,302,15,15806,1097,253573,9831,269379,10928,6,131,44,894,142,2,"East TN",2455501,135.165898934678,0.101809954751131,445.041561783115,33.6794812952632,10.1809954751131
2020-07-17,14608,468,14292,454,316,14,16317,511,257892,4319,274209,4830,3,134,24,918,147,5,"East TN",2455501,135.206623821371,0.100462740536577,196.701202728079,19.0592469724101,10.0462740536577
2020-07-18,15117,509,14786,494,331,15,16985,668,265980,8088,282965,8756,6,140,27,945,150,3,"East TN",2455501,143.473775820087,0.097205262309057,356.587107885519,20.7289673268307,9.7205262309057
2020-07-19,15598,481,15248,462,350,19,17545,560,270832,4852,288377,5412,0,140,26,971,154,4,"East TN",2455501,143.921749573712,0.098123210186259,220.403086783512,19.5886704994215,9.8123210186259
2020-07-20,16033,435,15668,420,365,15,17956,411,273289,2457,291245,2868,2,142,29,1000,158,4,"East TN",2455501,147.22046539586,0.101922844358447,116.798975036052,17.715325711535,10.1922844358447
2020-07-21,17034,1001,16652,984,382,17,19168,1212,281667,8378,300835,9590,1,143,61,1061,161,3,"East TN",2455501,167.012760328748,0.105575300351046,390.551663387635,40.7656115798772,10.5575300351046
2020-07-22,17618,584,17220,568,398,16,19822,654,284967,3300,304789,3954,4,147,29,1090,166,5,"East TN",2455501,175.320637214157,0.11034140446286,161.02620198485,23.7833338288195,11.034140446286
2020-07-23,18412,794,17992,772,420,22,20821,999,295168,10201,315989,11200,4,151,50,1140,172,6,"East TN",2455501,173.976715953282,0.107594936708861,456.118730963661,32.3355600343881,10.7594936708861
2020-07-24,19015,603,18582,590,433,13,21505,684,300975,5807,322480,6491,2,153,34,1174,179,7,"East TN",2455501,179.474575656862,0.107476538708541,264.345239525457,24.55710667599,10.7476538708541
2020-07-25,19992,977,19547,965,445,12,22706,1201,310582,9607,333288,10808,10,163,29,1203,187,8,"East TN",2455501,198.533822629272,0.113685591081613,440.154575379933,39.7882142992408,11.3685591081613
2020-07-26,20767,775,20307,760,460,15,23603,897,318100,7518,341703,8415,1,164,21,1224,194,7,"East TN",2455501,210.506939317068,0.113603120429059,342.699921523143,31.5617871872176,11.3603120429059
2020-07-27,21412,645,20930,623,482,22,24308,705,322563,4463,346871,5168,6,170,38,1262,198,4,"East TN",2455501,219.059165522637,0.114191205551361,210.466214430375,26.2675519171037,11.4191205551361
2020-07-28,22227,815,21722,792,505,23,25280,972,330777,8214,356057,9186,7,177,50,1312,203,5,"East TN",2455501,211.484336597704,0.110680525877368,374.098809163588,33.190782654945,11.0680525877368
2020-07-29,22570,343,22054,332,516,11,25596,316,332347,1570,357943,1886,5,182,24,1336,212,9,"East TN",2455501,201.669638904647,0.108627760845844,76.807136303345,13.9686361357621,10.8627760845844
2020-07-30,23757,1187,23226,1172,531,15,26976,1380,344877,12530,371853,13910,5,187,46,1382,219,7,"East TN",2455501,217.674519375068,0.110178290133181,566.483173902189,48.3404405048094,11.0178290133181
2020-07-31,24379,622,23832,606,547,16,27630,654,348844,3967,376474,4621,6,193,27,1409,228,9,"East TN",2455501,218.448292222239,0.11343853020706,188.189701409203,25.3308795231604,11.343853020706
2020-08-01,24938,559,24374,542,564,17,28266,636,355819,6975,384085,7611,1,194,16,1425,231,3,"East TN",2455501,201.425289584488,0.109455282792291,309.957112621823,22.7652116614899,10.9455282792291
2020-08-02,25369,431,24794,420,575,11,28749,483,359614,3795,388363,4278,4,198,21,1446,236,5,"East TN",2455501,187.415928562033,0.110287183883412,174.221065273441,17.5524261647623,11.0287183883412
2020-08-03,25995,626,25402,608,593,18,29457,708,363758,4144,393215,4852,3,201,39,1485,244,8,"East TN",2455501,186.642155714862,0.111103918522355,197.597150235329,25.4937790699332,11.1103918522355
2020-08-04,26481,486,25868,466,613,20,29983,526,369128,5370,399111,5896,6,207,34,1519,253,9,"East TN",2455501,173.243667992805,0.109234914293678,240.113931943013,19.7922949328874,10.9234914293678
2020-08-05,26949,468,26328,460,621,8,30504,521,373340,4212,403844,4733,9,216,20,1539,259,6,"East TN",2455501,178.334278829453,0.106925775037581,192.75088871884,19.0592469724101,10.6925775037581
2020-08-06,27679,730,27020,692,659,38,31355,851,380409,7069,411764,7920,7,223,37,1576,265,6,"East TN",2455501,159.723005610668,0.109719125053243,322.541102610017,29.7291672860243,10.9719125053243
2020-08-07,28234,555,27561,541,673,14,31974,619,384377,3968,416351,4587,6,229,34,1610,278,13,"East TN",2455501,156.994438202224,0.108934975048273,186.805055261635,22.6023121147171,10.8934975048273
2020-08-08,28909,675,28224,663,685,12,32774,800,394454,10077,427228,10877,8,237,24,1634,289,11,"East TN",2455501,161.718525058634,0.104489720232714,442.964592561762,27.4892985178992,10.4489720232714
2020-08-09,29437,528,28740,516,697,12,33408,634,398755,4301,432163,4935,2,239,20,1654,296,7,"East TN",2455501,165.668839067873,0.106369863013699,200.977315830863,21.5027401740012,10.6369863013699
2020-08-10,29740,303,29032,292,708,11,33736,328,401044,2289,434780,2617,3,242,26,1680,300,4,"East TN",2455501,152.514700665974,0.102947191146397,106.577028476063,12.3396406680348,10.2947191146397
2020-08-11,30352,612,29627,595,725,17,34421,685,407141,6097,441562,6782,17,259,28,1708,305,5,"East TN",2455501,157.646036389315,0.104544062566253,276.196181553174,24.9236306562286,10.4544062566253
2020-08-12,30797,445,30051,424,746,21,34895,474,410889,3748,445784,4222,6,265,25,1733,310,5,"East TN",2455501,156.709363995372,0.104697186456843,171.940471618623,18.1225745784669,10.4697186456843
2020-08-13,31614,817,30855,804,759,13,36012,1117,419450,8561,455462,9678,6,271,44,1777,318,8,"East TN",2455501,160.252429137679,0.106572383175431,394.135453416635,33.2722324283313,10.6572383175431
2020-08-14,32075,461,31287,432,788,29,36546,534,424106,4656,460652,5190,4,275,18,1795,325,7,"East TN",2455501,156.42428978852,0.103203087966412,211.362161937625,18.7741727655578,10.3203087966412
2020-08-15,32725,650,31925,638,800,12,37423,877,431041,6935,468464,7812,4,279,17,1812,334,9,"East TN",2455501,155.40616762119,0.112741294014938,318.142814847153,26.4711763505696,11.2741294014938
2020-08-16,33199,474,32388,463,811,11,38016,593,436505,5464,474521,6057,2,281,10,1822,343,9,"East TN",2455501,153.207023739758,0.108787005996506,246.670638700615,19.3035962925692,10.8787005996506
2020-08-17,33472,273,32591,203,881,70,38243,227,437974,1469,476217,1696,8,289,12,1834,349,6,"East TN",2455501,151.985277138963,0.108767526606656,69.0694078316401,11.1178940672392,10.8767526606656
2020-08-18,34102,630,33156,565,946,65,39055,812,448566,10592,487621,11404,8,297,22,1856,352,3,"East TN",2455501,152.71832509944,0.100610087062246,464.42660784907,25.6566786167059,10.0610087062246
2020-08-19,34557,455,33590,434,967,21,39552,497,453349,4783,492901,5280,7,304,22,1878,359,7,"East TN",2455501,153.125573966372,0.0988390602118131,215.027401740011,18.5298234453987,9.88390602118131
2020-08-20,35333,776,34345,755,988,21,40424,872,464881,11532,505305,12404,6,310,27,1905,367,8,"East TN",2455501,151.455853611951,0.0885179463515438,505.151494542254,31.6025120739108,8.85179463515438
2020-08-21,35542,209,34542,197,1000,12,40637,213,467332,2451,507969,2664,17,327,17,1922,374,7,"East TN",2455501,141.193182165269,0.0864594120506372,108.491098150642,8.51150131887546,8.64594120506372
2020-08-22,36411,869,35399,857,1012,12,41609,972,480698,13366,522307,14338,2,329,20,1942,381,7,"East TN",2455501,150.111932351076,0.0777445536095686,583.913425406872,35.3899265363769,7.77445536095686
2020-08-23,36664,253,35641,242,1023,11,41863,254,485802,5104,527665,5358,0,329,20,1962,386,5,"East TN",2455501,141.111732391883,0.072388228210146,218.20394290208,10.3033963333756,7.2388228210146
2020-08-24,36856,192,35816,175,1040,17,42061,198,487145,1343,529206,1541,8,337,15,1977,396,10,"East TN",2455501,137.813016569735,0.072052690180981,62.7570503941965,7.81917824509133,7.2052690180981
2020-08-25,37470,614,36405,589,1065,25,42746,685,496872,9727,539618,10412,16,353,23,2000,405,9,"East TN",2455501,137.161418382644,0.0709848645114141,424.027520249432,25.005080429615,7.09848645114141
2020-08-26,37813,343,36723,318,1090,25,43129,383,500834,3962,543963,4345,6,359,11,2011,413,8,"East TN",2455501,132.600231073007,0.0700520935333516,176.949632681884,13.9686361357621,7.00520935333516
2020-08-27,38674,861,37567,844,1107,17,44105,976,511121,10287,555226,11263,8,367,29,2040,420,7,"East TN",2455501,136.061846441928,0.0737365036758078,458.684398825331,35.0641274428314,7.37365036758078
2020-08-28,39008,334,37881,314,1127,20,44443,338,513730,2609,558173,2947,12,379,10,2050,426,6,"East TN",2455501,141.152457278576,0.0758106923751096,120.016241084813,13.6021121555235,7.58106923751096
2020-08-29,39459,451,38316,435,1143,16,44971,528,520249,6519,565220,7047,8,387,16,2066,435,9,"East TN",2455501,124.129454640825,0.0783445575932701,286.988276526868,18.366923898626,7.83445575932701
2020-08-30,39722,263,38568,252,1154,11,45238,267,522130,1881,567368,2148,8,395,14,2080,438,3,"East TN",2455501,124.536703507757,0.0850061708183261,87.4770566169592,10.7106452003074,8.50061708183261
2020-08-31,40129,407,38946,378,1183,29,45688,450,525616,3486,571304,3936,2,397,17,2097,443,5,"East TN",2455501,133.292554146791,0.0861561119293078,160.293154024372,16.5750288841259,8.61561119293078
2020-09-01,40736,607,39511,565,1225,42,46362,674,531279,5663,577641,6337,6,403,28,2125,452,9,"East TN",2455501,133.007479939939,0.0951003340083634,258.073606974707,24.7200062227627,9.51003340083634
2020-09-02,41224,488,39970,459,1254,29,46815,453,536072,4793,582887,5246,7,410,22,2147,459,7,"East TN",2455501,138.912588510451,0.0946973589559141,213.642755592443,19.8737447062738,9.46973589559141
2020-09-03,41779,555,40492,522,1287,33,47462,647,544328,8256,591790,8903,6,416,22,2169,462,3,"East TN",2455501,126.450773182336,0.0918116179849032,362.573666229417,22.6023121147171,9.18116179849032
2020-09-04,42136,357,40835,343,1301,14,47810,348,547660,3332,595470,3680,7,423,11,2180,463,1,"East TN",2455501,127.38744557628,0.0902753572673405,149.867583030917,14.5387845494667,9.02753572673405
2020-09-05,43134,998,41818,983,1316,15,48900,1090,556971,9311,605871,10401,1,424,26,2206,469,6,"East TN",2455501,149.663958597451,0.0966519888809623,423.579546495807,40.6434369197976,9.66519888809623
2020-09-06,43397,263,42065,247,1332,16,49168,268,559595,2624,608763,2892,0,424,9,2215,483,14,"East TN",2455501,149.663958597451,0.0949390022949632,117.776372316688,10.7106452003074,9.49390022949632
2020-09-07,43601,204,42262,197,1339,7,49405,237,560931,1336,610336,1573,3,427,13,2228,487,4,"East TN",2455501,141.396806598735,0.0952295552367288,64.0602467683784,8.30787688540954,9.52295552367288
2020-09-08,43912,311,42551,289,1361,22,49725,320,564356,3425,614081,3745,7,434,24,2252,494,7,"East TN",2455501,129.342240137552,0.0922886937431394,152.514700665974,12.6654397615802,9.22886937431394
2020-09-09,44245,333,42867,316,1378,17,50099,374,569498,5142,619597,5516,6,440,16,2268,501,7,"East TN",2455501,123.029882700109,0.0894579133751022,224.638474999603,13.5613872688303,8.94579133751022
2020-09-10,44920,675,43505,638,1415,37,50806,707,577304,7806,628110,8513,18,458,39,2307,512,11,"East TN",2455501,127.916869103291,0.0920704845814978,346.690960419075,27.4892985178992,9.20704845814978
2020-09-11,45245,325,43807,302,1438,23,51160,354,581459,4155,632619,4509,17,475,26,2333,523,11,"East TN",2455501,126.613672729109,0.0901773937387278,183.628514099567,13.2355881752848,9.01773937387278
2020-09-12,45663,418,44207,400,1456,18,51671,511,588443,6984,640114,7495,10,485,14,2347,534,11,"East TN",2455501,102.993238447062,0.0809216482200742,305.233025765414,17.0230026377509,8.09216482200742
2020-09-13,46102,439,44626,419,1476,20,52171,500,594017,5574,646188,6074,2,487,21,2368,539,5,"East TN",2455501,110.160818505063,0.0802404809619238,247.3629617744,17.8782252583078,8.02404809619238
2020-09-14,46546,444,45055,429,1491,15,52656,485,598990,4973,651646,5458,9,496,25,2393,549,10,"East TN",2455501,119.934791311427,0.0786976519002663,222.276431571398,18.0818496917737,7.86976519002663
2020-09-15,47039,493,45511,456,1528,37,53196,540,607164,8174,660360,8714,7,503,20,2413,552,3,"East TN",2455501,127.346720689586,0.0750016206054582,354.876662644405,20.0773691397397,7.50016206054582
2020-09-16,47392,353,45821,310,1571,43,53590,394,610578,3414,664168,3808,6,509,17,2430,561,9,"East TN",2455501,128.16121842345,0.0783244710686321,155.080368527645,14.375885002694,7.83244710686321
2020-09-17,47943,551,46340,519,1603,32,54167,577,617753,7175,671920,7752,8,517,21,2451,572,11,"East TN",2455501,123.111332473495,0.0767176443734307,315.699321645562,22.4394125679444,7.67176443734307
2020-09-18,48477,534,46826,486,1651,48,54733,566,625866,8113,680599,8679,17,534,30,2481,578,6,"East TN",2455501,131.622833792371,0.074468528553564,353.451291610144,21.7470894941603,7.4468528553564
2020-09-19,48985,508,47311,485,1674,23,55306,573,634218,8352,689524,8925,3,537,30,2511,580,2,"East TN",2455501,135.288073594757,0.0735681036227484,363.469613736667,20.6882424401375,7.35681036227484
2020-09-20,49291,306,47592,281,1699,25,55635,329,639176,4958,694811,5287,1,538,13,2524,591,11,"East TN",2455501,129.871663664564,0.0712420048125373,215.312475946864,12.4618153281143,7.12420048125373
2020-09-21,49454,163,47725,133,1729,30,55787,152,640692,1516,696479,1668,3,541,9,2533,596,5,"East TN",2455501,118.427970503779,0.0698369504605982,67.9291110042309,6.63815653098899,6.98369504605982
2020-09-22,49914,460,48127,402,1787,58,56277,490,646841,6149,703118,6639,6,547,29,2562,603,7,"East TN",2455501,117.084049242904,0.0720566911455166,270.372522756049,18.7334478788646,7.20566911455166
2020-09-23,50208,294,48381,254,1827,40,56559,282,648934,2093,705493,2375,8,555,13,2575,612,9,"East TN",2455501,114.681280928006,0.0718451300665457,96.721605896312,11.9731166877961,7.18451300665457
2020-09-24,50671,463,48823,442,1848,21,57039,480,655824,6890,712863,7370,11,566,28,2603,617,5,"East TN",2455501,111.097490899006,0.0701463009549862,300.142414928766,18.8556225389442,7.01463009549862
2020-09-25,51125,454,49253,430,1872,24,57525,486,662498,6674,720023,7160,11,577,18,2621,624,7,"East TN",2455501,107.839499963551,0.0708198051948052,291.590188723197,18.4890985587055,7.08198051948052
2020-09-26,51683,558,49787,534,1896,24,58163,638,673052,10554,731215,11192,5,582,29,2650,631,7,"East TN",2455501,109.87574429821,0.0685279796598786,455.792931870115,22.7244867747967,6.85279796598786
2020-09-27,52076,393,50152,365,1924,28,58570,407,679069,6017,737639,6424,3,585,30,2680,638,7,"East TN",2455501,113.418809440517,0.0685299336882413,261.616672117014,16.0048804704213,6.85299336882413
2020-09-28,52310,234,50347,195,1963,39,58795,225,680755,1686,739550,1911,4,589,15,2695,645,7,"East TN",2455501,116.310276395733,0.0698381741775208,77.8252584706746,9.52962348620506,6.98381741775208
2020-09-29,52693,383,50687,340,2006,43,59192,397,686563,5808,745755,6205,9,598,33,2728,647,2,"East TN",2455501,113.174460120358,0.0683678495203696,252.697921931207,15.5976316034895,6.83678495203696
2020-09-30,53175,482,51137,450,2038,32,59668,476,690001,3438,749669,3914,6,604,23,2751,651,4,"East TN",2455501,120.830738818677,0.0703775805867439,159.397206517122,19.6293953861147,7.03775805867439
2020-10-01,53563,388,51486,349,2077,39,60047,379,693279,3278,753326,3657,11,615,31,2782,656,5,"East TN",2455501,117.776372316688,0.0743395200553592,148.930910636974,15.8012560369554,7.43395200553592
2020-10-02,54027,464,51922,436,2105,28,60509,462,696900,3621,757409,4083,2,617,17,2799,660,4,"East TN",2455501,118.18362118362,0.079815973893971,166.27971236827,18.8963474256374,7.9815973893971
2020-10-03,54432,405,52310,388,2122,17,60992,483,704358,7458,765350,7941,12,629,22,2821,666,6,"East TN",2455501,111.952713519563,0.082876812655632,323.396325230574,16.4935791107395,8.2876812655632
2020-10-04,54887,455,52735,425,2152,30,61531,539,714480,10122,776011,10661,4,633,27,2848,679,13,"East TN",2455501,114.47765649454,0.0771656416136766,434.168017036035,18.5298234453987,7.71656416136766
2020-10-05,55558,671,53347,612,2211,59,62282,751,721729,7249,784011,8000,5,638,42,2890,688,9,"East TN",2455501,132.274431979462,0.0784282854636648,325.799093545472,27.3263989711265,7.84282854636648
2020-10-06,56308,750,54013,666,2295,84,63021,739,728366,6637,791387,7376,8,646,46,2936,697,9,"East TN",2455501,147.22046539586,0.0839104137447405,300.386764248925,30.543665019888,8.39104137447405
2020-10-07,57045,737,54672,659,2373,78,63729,708,735117,6751,798846,7459,3,649,38,2974,703,6,"East TN",2455501,157.605311502622,0.0825792545295565,303.766929844459,30.0142414928766,8.25792545295565
2020-10-08,57763,718,55329,657,2434,61,64407,678,741575,6458,805982,7136,10,659,32,3006,709,6,"East TN",2455501,171.044524111373,0.082801580066849,290.612791442561,29.2404686457061,8.2801580066849
2020-10-09,58304,541,55828,499,2476,42,64967,560,747054,5479,812021,6039,4,663,20,3026,716,7,"East TN",2455501,174.180340386748,0.0816304108987036,245.937590740138,22.0321637010125,8.16304108987036
2020-10-10,58922,618,56416,588,2506,30,65636,669,755480,8426,821116,9095,12,675,20,3046,730,14,"East TN",2455501,182.854741252396,0.08327654843453,370.392844474508,25.1679799763877,8.327654843453
2020-10-11,59865,943,57328,912,2537,31,66665,1029,765906,10426,832571,11455,1,676,37,3083,737,7,"East TN",2455501,202.72848595867,0.0907708628005658,466.503577070423,38.4035681516725,9.07708628005658
2020-10-12,60221,356,57613,285,2608,71,66982,317,768827,2921,835809,3238,6,682,19,3102,748,11,"East TN",2455501,189.900146650317,0.0907370940962972,131.86718311253,14.4980596627735,9.07370940962972
2020-10-13,60726,505,58066,453,2660,52,67466,484,773208,4381,840674,4865,9,691,24,3126,755,7,"East TN",2455501,179.922549410487,0.0901860531174549,198.12657376234,20.5660677800579,9.01860531174549
2020-10-14,61600,874,58878,812,2722,62,68314,848,779392,6184,847706,7032,1,692,44,3170,762,7,"East TN",2455501,185.501858887453,0.0938395415472779,286.37740322647,35.5935509698428,9.38395415472779
2020-10-15,62109,509,59318,440,2791,69,68779,465,783545,4153,852324,4618,14,706,19,3189,771,9,"East TN",2455501,176.990357568578,0.0943420655129256,188.067526749124,20.7289673268307,9.43420655129256
2020-10-16,62748,639,59914,596,2834,43,69363,584,787634,4089,856997,4673,2,708,22,3211,783,12,"East TN",2455501,180.98139646451,0.097741017431519,190.307395517249,26.0232025969446,9.7741017431519
2020-10-17,63466,718,60595,681,2871,37,70223,860,796417,8783,866640,9643,6,714,37,3248,790,7,"East TN",2455501,185.053885133828,0.100760038660926,392.710082382373,29.2404686457061,10.0760038660926
2020-10-18,64270,804,61353,758,2917,46,71093,870,804525,8108,875618,8978,3,717,39,3287,798,8,"East TN",2455501,179.393125883476,0.102864311101819,365.628032731406,32.7428089013199,10.2864311101819
2020-10-19,65018,748,62038,685,2980,63,71852,759,809423,4898,881275,5657,3,720,67,3354,809,11,"East TN",2455501,195.357281467204,0.107113007522104,230.380684023342,30.4622152465016,10.7113007522104
2020-10-20,65704,686,62647,609,3057,77,72543,691,813037,3614,885580,4305,15,735,32,3386,822,13,"East TN",2455501,202.72848595867,0.113058388634036,175.320637214157,27.9372722715242,11.3058388634036
2020-10-21,66297,593,63199,552,3098,41,73159,616,816780,3743,889939,4359,5,740,27,3413,836,14,"East TN",2455501,191.284792797885,0.114720716027751,177.519781095589,24.1498578090581,11.4720716027751
2020-10-22,67427,1130,64235,1036,3192,94,74260,1101,825344,8564,899604,9665,10,750,43,3456,851,15,"East TN",2455501,216.574947434353,0.115926395939086,393.606029889623,46.0191219632979,11.5926395939086
2020-10-23,68398,971,65139,904,3259,67,75230,970,832460,7116,907690,8086,19,769,39,3495,859,8,"East TN",2455501,230.09560981649,0.115735900420176,329.301433801086,39.5438649790817,11.5735900420176
2020-10-24,69635,1237,66314,1175,3321,62,76557,1327,842981,10521,919538,11848,12,781,50,3545,876,17,"East TN",2455501,251.231826010252,0.119739876743922,482.508457540844,50.3766848394686,11.9739876743922
2020-10-25,70564,929,67186,872,3378,57,77604,1047,850856,7875,928460,8922,9,790,43,3588,887,11,"East TN",2455501,256.3224368469,0.123216380909125,363.347439076588,37.8334197379679,12.3216380909125
2020-10-26,71026,462,67592,406,3434,56,78038,434,853611,2755,931649,3189,6,796,21,3609,900,13,"East TN",2455501,244.675119252649,0.122801445189979,129.871663664564,18.814897652251,12.2801445189979
2020-10-27,71868,842,68304,712,3564,130,78821,783,857995,4384,936816,5167,12,808,54,3663,924,24,"East TN",2455501,251.028201576786,0.122531032867515,210.425489543682,34.2903545956609,12.2531032867515
2020-10-28,72865,997,69215,911,3650,86,79791,970,865211,7216,945002,8186,13,821,41,3704,938,14,"East TN",2455501,267.481055800833,0.120443855220384,333.373922470404,40.6027120331044,12.0443855220384
2020-10-29,73773,908,70008,793,3765,115,80625,834,871713,6502,952338,7336,11,832,40,3744,950,12,"East TN",2455501,258.440130954946,0.120700117571206,298.757768781198,36.9781971174111,12.0700117571206
2020-10-30,74673,900,70815,807,3858,93,81465,840,876569,4856,958034,5696,28,860,39,3783,966,16,"East TN",2455501,255.54866399973,0.123847926267281,231.968954604376,36.6523980238656,12.3847926267281
2020-10-31,74687,14,70829,14,3858,0,81481,16,876590,21,958071,37,5,865,0,3783,977,11,"East TN",2455501,205.742127573966,0.127786572548205,1.50682080764781,0.570148413704576,12.7786572548205
2020-11-01,75194,507,71219,390,3975,117,81951,470,883153,6563,965104,7033,0,865,27,3810,993,16,"East TN",2455501,188.556225389442,0.118627879052505,286.418128113163,20.6475175534443,11.8627879052505
2020-11-02,76004,810,71961,742,4043,68,82726,775,887381,4228,970107,5003,11,876,38,3848,1007,14,"East TN",2455501,202.72848595867,0.121899214727755,203.746608126,32.987158221479,12.1899214727755
2020-11-03,77044,1040,72921,960,4123,80,83802,1076,894243,6862,978045,7938,31,907,29,3877,1020,13,"East TN",2455501,210.79201352392,0.120813019961677,323.274150570495,42.3538821609114,12.0813019961677
2020-11-04,77955,911,73733,812,4222,99,84649,847,899128,4885,983777,5732,6,913,35,3912,1044,24,"East TN",2455501,207.289673268307,0.12528691166989,233.435050525331,37.1003717774906,12.528691166989
2020-11-05,78533,578,74217,484,4316,94,85150,501,901789,2661,986939,3162,17,930,27,3939,1058,14,"East TN",2455501,193.850460659556,0.130776567151238,128.772091723848,23.5389845086603,13.0776567151238
2020-11-06,79499,966,75066,849,4433,117,86077,927,908196,6407,994273,7334,10,940,37,3976,1082,24,"East TN",2455501,196.538303181306,0.127266204917354,298.676319007811,39.3402405456157,12.7266204917354
2020-11-07,80826,1327,76307,1241,4519,86,87496,1419,919116,10920,1006612,12339,21,961,52,4028,1092,10,"East TN",2455501,250.010079409457,0.123915864938918,502.504376907197,54.0419246418552,12.3915864938918
2020-11-08,82383,1557,77746,1439,4637,118,89163,1667,932015,12899,1021178,14566,3,964,52,4080,1109,17,"East TN",2455501,292.7712104373,0.128615757748689,593.198699572918,63.4086485812875,12.8615757748689
2020-11-09,83002,619,78285,539,4717,80,89743,580,935467,3452,1025210,4032,9,973,19,4099,1120,11,"East TN",2455501,284.992757078902,0.127343338838176,164.202743146918,25.2087048630809,12.7343338838176
2020-11-10,83941,939,79135,850,4806,89,90666,923,940468,5001,1031134,5924,27,1000,44,4143,1138,18,"East TN",2455501,280.87954352289,0.12929232044303,241.254228770422,38.2406686048998,12.929232044303
2020-11-11,85245,1304,80235,1100,5010,204,91835,1169,947015,6547,1038850,7716,26,1026,59,4202,1152,14,"East TN",2455501,296.884423993311,0.130481361102537,314.233225724608,53.1052522479119,13.0481361102537
2020-11-12,86082,837,80940,705,5142,132,92599,764,951228,4213,1043827,4977,15,1041,34,4236,1170,18,"East TN",2455501,307.432169646846,0.130941499085923,202.687761071977,34.086730162195,13.0941499085923
2020-11-13,87540,1458,82227,1287,5313,171,93898,1299,957087,5859,1050985,7158,27,1068,47,4283,1186,16,"East TN",2455501,327.468813899893,0.137907321201862,291.508738949811,59.3768847986623,13.7907321201862
2020-11-14,89015,1475,83618,1391,5397,84,95433,1535,965982,8895,1061415,10430,7,1075,52,4335,1215,29,"East TN",2455501,333.496097130484,0.144827837892086,424.760568209909,60.0692078724464,14.4827837892086
2020-11-15,90967,1952,85351,1733,5616,219,97393,1960,977151,11169,1074544,13129,7,1082,56,4391,1232,17,"East TN",2455501,349.582427374291,0.154218041449612,534.677037394813,79.4949788250952,15.4218041449612
2020-11-16,92492,1525,86750,1399,5742,126,98930,1537,984770,7619,1083700,9156,10,1092,41,4432,1251,19,"East TN",2455501,386.479174718316,0.157069584544367,372.877062562793,62.1054522071056,15.7069584544367
2020-11-17,93704,1212,87869,1119,5835,93,100151,1221,989913,5143,1090064,6364,31,1123,46,4478,1278,27,"East TN",2455501,397.597068785555,0.160953673850331,259.173178915423,49.358562672139,16.0953673850331
2020-11-18,94902,1198,88825,956,6077,242,101184,1033,995057,5144,1096241,6177,14,1137,53,4531,1293,15,"East TN",2455501,393.280230796078,0.162900106288442,251.557625103798,48.7884142584344,16.2900106288442
2020-11-19,95982,1080,89706,881,6276,199,102043,859,999718,4661,1101761,5520,45,1182,52,4583,1313,20,"East TN",2455501,403.176378262522,0.163013083854041,224.801374546376,43.9828776286387,16.3013083854041
2020-11-20,97108,1126,90669,963,6439,163,103066,1023,1004617,4899,1107683,5922,28,1210,36,4619,1339,26,"East TN",2455501,389.655715880384,0.161698825355392,241.172778997036,45.8562224165252,16.1698825355392
2020-11-21,98326,1218,91733,1064,6593,154,104165,1099,1011023,6406,1115188,7505,3,1213,47,4666,1363,24,"East TN",2455501,379.189420000236,0.162386327710933,305.640274632346,49.6029119922981,16.2386327710933
2020-11-22,99912,1586,93162,1429,6750,157,105831,1666,1020624,9601,1126455,11267,17,1230,57,4723,1390,27,"East TN",2455501,364.284111470531,0.162547436959411,458.847298372104,64.5896702953898,16.2547436959411
2020-11-23,100803,891,93920,758,6883,133,106533,702,1023740,3116,1130273,3818,18,1248,35,4758,1417,27,"East TN",2455501,338.464533307052,0.163249092822021,155.487617394577,36.2858740436269,16.3249092822021
2020-11-24,101714,911,94655,735,7059,176,107238,705,1026767,3027,1134005,3732,13,1261,57,4815,1445,28,"East TN",2455501,326.206342412404,0.161284449602877,151.985277138963,37.1003717774906,16.1284449602877
2020-11-25,102620,906,95341,686,7279,220,107783,545,1029075,2308,1136858,2853,38,1299,56,4871,1470,25,"East TN",2455501,314.314675497994,0.162468916955954,116.188101735654,36.8967473440247,16.2468916955954
2020-11-26,104085,1465,96728,1387,7357,78,109452,1669,1037440,8365,1146892,10034,18,1317,25,4896,1489,19,"East TN",2455501,329.99375687487,0.164166537413308,408.633513079408,59.6619590055146,16.4166537413308
2020-11-27,105788,1703,98294,1566,7494,137,111201,1749,1044979,7539,1156180,9288,5,1322,50,4946,1517,28,"East TN",2455501,353.492016496837,0.167742334577397,378.252747606293,69.3544820384923,16.7742334577397
2020-11-28,107412,1624,99674,1380,7738,244,112695,1494,1052509,7530,1165204,9024,2,1324,45,4991,1545,28,"East TN",2455501,370.02632049427,0.170545425463852,367.501377519292,66.1372159897308,17.0545425463852
2020-11-29,109699,2287,101794,2120,7905,167,115020,2325,1063204,10695,1178224,13020,4,1328,51,5042,1570,25,"East TN",2455501,398.574466066192,0.177500048291449,530.238024745256,93.1378158673118,17.7500048291449
2020-11-30,111933,2234,103799,2005,8134,229,117240,2220,1072654,9450,1189894,11670,15,1343,53,5095,1601,31,"East TN",2455501,453.267988895138,0.179584374633099,475.259427709457,90.979396872573,17.9584374633099
2020-12-01,114194,2261,105805,2006,8389,255,119378,2138,1081489,8835,1200867,10973,20,1363,63,5158,1629,28,"East TN",2455501,508.246585930936,0.181568005743173,446.874181684308,92.078968813289,18.1568005743172
2020-12-02,115251,1057,106718,913,8533,144,120254,876,1084397,2908,1204651,3784,15,1378,42,5200,1662,33,"East TN",2455501,514.396043821607,0.183957045712684,154.102971247008,43.0462052346955,18.3957045712684
2020-12-03,117059,1808,108287,1569,8772,239,121976,1722,1090388,5991,1212364,7713,33,1411,45,5245,1683,21,"East TN",2455501,528.364679957369,0.191287878787879,314.111051064528,73.6305951412767,19.1287878787879
2020-12-04,118788,1729,109675,1388,9113,341,123434,1458,1095908,5520,1219342,6978,37,1448,36,5281,1718,35,"East TN",2455501,529.423527011392,0.193676577689117,284.178259345038,70.4133290925151,19.3676577689117
2020-12-05,119921,1133,110584,909,9337,224,124363,929,1098972,3064,1223335,3993,5,1453,24,5305,1744,26,"East TN",2455501,509.427607645039,0.200719065558824,162.614472565884,46.1412966233775,20.0719065558824
2020-12-06,121390,1469,111847,1263,9543,206,125604,1241,1103464,4492,1229068,5733,20,1473,40,5345,1780,36,"East TN",2455501,476.114650330014,0.20816615529856,233.475775412024,59.8248585522873,20.816615529856
2020-12-07,124113,2723,114252,2405,9861,318,128175,2571,1113010,9546,1241185,12117,31,1504,51,5396,1802,22,"East TN",2455501,496.029119922981,0.2131952974206,493.46345206131,110.89386646554,21.31952974206
2020-12-08,126877,2764,116615,2363,10262,401,130706,2531,1121369,8359,1252075,10890,45,1549,71,5467,1826,24,"East TN",2455501,516.513737929653,0.221215435088267,443.494016088774,112.563586819961,22.1215435088267
2020-12-09,129521,2644,118998,2383,10523,261,133283,2577,1128467,7098,1261750,9675,21,1570,56,5523,1849,23,"East TN",2455501,581.144133111736,0.228182630168654,394.013278756555,107.676600416778,22.8182630168654
2020-12-10,132596,3075,121680,2682,10916,393,136233,2950,1139936,11469,1276169,14419,30,1600,74,5597,1886,37,"East TN",2455501,632.742564552,0.223446438366899,587.21214122902,125.229026581541,22.3446438366899
2020-12-11,134580,1984,123428,1748,11152,236,138023,1790,1147107,7171,1285130,8961,35,1635,50,5647,1911,25,"East TN",2455501,643.127410658762,0.221757767373989,364.935709657622,80.7981751992771,22.1757767373989
2020-12-12,137841,3261,126155,2727,11686,534,140997,2974,1158339,11232,1299336,14206,21,1656,73,5720,1936,25,"East TN",2455501,729.789969541857,0.218865541242878,578.537740363372,132.803855506473,21.8865541242878
2020-12-13,142131,4290,130014,3859,12117,431,145361,4364,1175619,17280,1320980,21644,15,1671,62,5782,1970,34,"East TN",2455501,844.674874903329,0.214955609713639,881.449447587274,174.709763913759,21.4955609713639
2020-12-14,144990,2859,132471,2457,12519,402,148034,2673,1184897,9278,1332931,11951,37,1708,72,5854,2004,34,"East TN",2455501,850.213459493602,0.216456303272077,486.703120870242,116.432451055813,21.6456303272077
2020-12-15,149116,4126,136011,3540,13105,586,151897,3863,1199918,15021,1351815,18884,34,1742,94,5948,2035,31,"East TN",2455501,905.680755169719,0.212462402245839,769.048760314087,168.030882496077,21.2462402245839
2020-12-16,152334,3218,138268,2257,14066,961,154283,2386,1207814,7896,1362097,10282,19,1761,60,6008,2077,42,"East TN",2455501,929.056840131607,0.209273819845137,418.733284979318,131.052685378666,20.9273819845137
2020-12-17,156401,4067,141640,3372,14761,695,157890,3607,1218513,10699,1376403,14306,58,1819,75,6083,2116,39,"East TN",2455501,969.455927731245,0.216064409282279,582.61022903269,165.628114181179,21.6064409282279
2020-12-18,159608,3207,144376,2736,15232,471,160769,2879,1227202,8689,1387971,11568,43,1862,62,6145,2146,30,"East TN",2455501,1019.26246415701,0.221176379070604,471.105489266752,130.604711625041,22.1176379070604
2020-12-19,162248,2640,146618,2242,15630,398,163237,2468,1235565,8363,1398802,10831,27,1889,41,6186,2183,37,"East TN",2455501,993.972309520542,0.223593991916836,441.091247773876,107.513700870006,22.3593991916836
2020-12-20,165878,3630,149583,2965,16295,665,166553,3316,1249508,13943,1416061,17259,16,1905,55,6241,2217,34,"East TN",2455501,967.09388430304,0.222883646575026,702.870819437663,147.831338696258,22.2883646575026
2020-12-21,168191,2313,151325,1742,16866,571,168456,1903,1256420,6912,1424876,8815,14,1919,35,6276,2252,35,"East TN",2455501,944.858096168562,0.222111044646256,358.989876200417,94.1966629213346,22.2111044646256
2020-12-22,170845,2654,153026,1701,17819,953,170255,1799,1261473,5053,1431728,6852,62,1981,60,6336,2297,45,"East TN",2455501,884.911062956195,0.229724825748001,279.046923621697,108.08384928371,22.9724825748001
2020-12-23,173063,2218,154472,1446,18591,772,171795,1540,1267250,5777,1439045,7317,41,2022,35,6371,2337,40,"East TN",2455501,844.186176263011,0.227582263346676,297.983995934027,90.3277986854821,22.7582263346676
2020-12-24,175155,2092,155930,1458,19225,634,173393,1598,1273539,6289,1446932,7887,15,2037,30,6401,2375,38,"East TN",2455501,763.754525043973,0.219810290802365,321.197181349142,85.1964629621409,21.9810290802365
2020-12-25,177521,2366,157909,1979,19612,387,175559,2166,1282086,8547,1457645,10713,3,2040,27,6428,2411,36,"East TN",2455501,729.504895335005,0.212274306053908,436.28571114408,96.3550819160733,21.2274306053908
2020-12-26,179460,1939,159376,1467,20084,472,177171,1612,1287739,5653,1464910,7265,2,2042,43,6471,2449,38,"East TN",2455501,700.956749763083,0.210776305439584,295.866301825982,78.9655552980838,21.0776305439584
2020-12-27,180756,1296,160286,910,20470,386,178161,990,1290532,2793,1468693,3783,27,2069,41,6512,2480,31,"East TN",2455501,605.904864221191,0.220550235598115,154.062246360315,52.7794531543665,22.0550235598115
2020-12-28,182152,1396,161264,978,20888,418,179181,1020,1292351,1819,1471532,2839,25,2094,42,6554,2517,37,"East TN",2455501,568.560143123542,0.229873971193416,115.617953321949,56.8519418236849,22.9873971193416
2020-12-29,185057,2905,162990,1726,22067,1179,180959,1778,1296438,4087,1477397,5865,50,2144,64,6618,2559,42,"East TN",2455501,578.782089683531,0.234382184851869,238.851460455524,118.3057958437,23.4382184851869
2020-12-30,187385,2328,164606,1616,22779,712,182636,1677,1300917,4479,1483553,6156,40,2184,44,6662,2597,38,"East TN",2455501,583.261827219781,0.243574188909859,250.702402483241,94.8075362217323,24.3574188909859
2020-12-31,190830,3445,167286,2680,23544,765,185531,2895,1308040,7123,1493571,10018,52,2236,30,6692,2640,43,"East TN",2455501,638.362598915659,0.26025429361693,407.981914892317,140.297234658019,26.025429361693
2021-01-01,193070,2240,169003,1717,24067,523,187388,1857,1314238,6198,1501626,8055,24,2260,30,6722,2680,40,"East TN",2455501,633.231263192318,0.26895704963507,328.038962313597,91.2237461927322,26.895704963507
2021-01-02,195795,2725,171115,2112,24680,613,189639,2251,1320795,6557,1510434,8808,4,2264,63,6785,2716,36,"East TN",2455501,665.241024133161,0.27387751515684,358.704801993565,110.975316238926,27.387751515684
2021-01-03,197110,1315,172020,905,25090,410,190576,937,1324166,3371,1514742,4308,15,2279,26,6811,2760,44,"East TN",2455501,666.014796980331,0.269604117353254,175.442811874237,53.553226001537,26.9604117353254
2021-01-04,198668,1558,173147,1127,25521,431,191756,1180,1326532,2366,1518288,3546,46,2325,34,6845,2810,50,"East TN",2455501,672.612228624627,0.26894943964411,144.41044821403,63.4493734679807,26.894943964411
2021-01-05,201571,2903,174886,1739,26685,1164,193582,1826,1331797,5265,1525379,7091,43,2368,60,6905,2854,44,"East TN",2455501,672.530778851241,0.263077820849485,288.780171541368,118.224346070313,26.3077820849485
2021-01-06,204118,2547,176683,1797,27435,750,195486,1904,1337378,5581,1532864,7485,52,2420,63,6968,2897,43,"East TN",2455501,681.449529037048,0.260590943197258,304.825776898482,103.72628640754,26.0590943197258
2021-01-07,206627,2509,178819,2136,27808,373,197805,2319,1344483,7105,1542288,9424,33,2453,45,7013,2929,32,"East TN",2455501,643.331035092228,0.251944906295544,383.791332196566,102.178740713199,25.1944906295544
2021-01-08,208977,2350,180679,1860,28298,490,199794,1989,1351819,7336,1551613,9325,50,2503,47,7060,2984,55,"East TN",2455501,647.810772628478,0.248184527977274,379.759568413941,95.7034837289824,24.8184527977274
2021-01-09,211553,2576,182681,2002,28872,574,201973,2179,1360007,8188,1561980,10367,27,2530,32,7092,3012,28,"East TN",2455501,641.742764511193,0.239281418538781,422.194900348239,104.907308121642,23.9281418538781
2021-01-10,213219,1666,183814,1133,29405,533,203224,1251,1365808,5801,1569032,7052,36,2566,41,7133,3052,40,"East TN",2455501,656.037199740501,0.232971081230429,287.191900960334,67.8476612308445,23.2971081230429
2021-01-11,214642,1423,184826,1012,29816,411,204321,1097,1369080,3272,1573401,4369,28,2594,40,7173,3092,40,"East TN",2455501,650.539340036921,0.227986137571898,177.927029962521,57.9515137644008,22.7986137571898
2021-01-12,216461,1819,185963,1137,30498,682,205513,1192,1373279,4199,1578792,5391,60,2654,39,7212,3131,39,"East TN",2455501,606.39356286151,0.223372587197873,219.547864162955,74.0785688949017,22.3372587197873
2021-01-13,217989,1528,187040,1077,30949,451,206650,1137,1378014,4735,1584664,5872,49,2703,33,7245,3158,27,"East TN",2455501,564.894903321155,0.215521235521236,239.136534662376,62.2276268671852,21.5521235521236
2021-01-14,220240,2251,188822,1782,31418,469,208614,1964,1386538,8524,1595152,10488,38,2741,50,7295,3200,42,"East TN",2455501,554.387882554314,0.204468069007264,427.122611638114,91.6717199463572,20.4468069007264
2021-01-15,221203,963,189492,670,31711,293,209309,695,1389595,3057,1598904,3752,23,2764,30,7325,3241,41,"East TN",2455501,497.902464710868,0.201201074200165,152.799774872826,39.2180658855362,20.1201074200165
2021-01-16,223634,2431,191241,1749,32393,682,211312,2003,1400478,10883,1611790,12886,13,2777,54,7379,3284,43,"East TN",2455501,491.997356140356,0.187492471391287,524.780889928369,99.0021995511303,18.7492471391287
2021-01-17,224491,857,191848,607,32643,250,211983,671,1404096,3618,1616079,4289,13,2790,24,7403,3318,34,"East TN",2455501,459.05092280557,0.186175526601059,174.669039027066,34.9012278960587,18.6175526601059
2021-01-18,225058,567,192170,322,32888,245,212338,355,1406179,2083,1618517,2438,13,2803,21,7424,3349,31,"East TN",2455501,424.190419796205,0.177697490912315,99.2872737579826,23.0910107550353,17.7697490912315
2021-01-19,226741,1683,193146,976,33595,707,213402,1064,1410386,4207,1623788,5271,21,2824,53,7477,3388,39,"East TN",2455501,418.651835205931,0.175326695706285,214.660877759773,68.5399843046287,17.5326695706285
2021-01-20,227725,984,193803,657,33922,327,214097,695,1414378,3992,1628475,4687,32,2856,29,7506,3428,40,"East TN",2455501,396.497496844839,0.169980141973477,190.877543930953,40.073288506093,16.9980141973477
2021-01-21,229287,1562,194941,1138,34346,424,215371,1274,1421307,6929,1636678,8203,65,2921,37,7543,3474,46,"East TN",2455501,368.438049913236,0.162717333718634,334.066245544188,63.6122730147534,16.2717333718634
2021-01-22,230275,988,195647,706,34628,282,216187,816,1426748,5441,1642935,6257,32,2953,31,7574,3506,32,"East TN",2455501,369.456172080565,0.15620812609298,254.815616039252,40.2361880528658,15.620812609298
2021-01-23,231707,1432,196616,969,35091,463,217288,1101,1435028,8280,1652316,9381,19,2972,41,7615,3531,25,"East TN",2455501,328.772010274074,0.147460889305631,382.040162068759,58.3180377446395,14.7460889305631
2021-01-24,232330,623,197105,489,35225,134,217830,542,1438402,3374,1656232,3916,19,2991,20,7635,3559,28,"East TN",2455501,319.242386787869,0.145618011107514,159.478656290509,25.3716044098536,14.5618011107514
2021-01-25,233069,739,197615,510,35454,229,218379,549,1440158,1756,1658537,2305,44,3035,20,7655,3590,31,"East TN",2455501,326.247067299097,0.150949525237381,93.8708638277891,30.095691266263,15.0949525237381
2021-01-26,234102,1033,198345,730,35757,303,219162,783,1444623,4465,1663785,5248,63,3098,26,7681,3613,23,"East TN",2455501,299.775890948527,0.144010800810061,213.72420536583,42.0688079540591,14.4010800810061
2021-01-27,235056,954,199050,705,36006,249,219917,755,1449142,4519,1669059,5274,55,3153,28,7709,3636,23,"East TN",2455501,298.554144347732,0.143406268480189,214.783052419852,38.8515419052975,14.3406268480189
2021-01-28,236387,1331,199767,717,36620,614,220715,798,1453572,4430,1674287,5228,46,3199,29,7738,3663,27,"East TN",2455501,289.146695521606,0.14209364779707,212.909707631966,54.2048241886279,14.209364779707
2021-01-29,236982,595,200119,352,36863,243,221112,397,1456236,2664,1677348,3061,17,3216,17,7755,3684,21,"East TN",2455501,273.141815051185,0.143114520675326,124.658878167836,24.2313075824445,14.3114520675326
2021-01-30,238136,1154,201085,966,37051,188,222208,1096,1465286,9050,1687494,10146,44,3260,29,7784,3704,20,"East TN",2455501,261.82029655048,0.13986013986014,413.194700389045,46.9965192439343,13.986013986014
2021-01-31,238815,679,201525,440,37290,239,222699,491,1469209,3923,1691908,4414,29,3289,30,7814,3723,19,"East TN",2455501,264.100890205298,0.136478304742684,179.759649863714,27.6521980646719,13.6478304742684
2021-02-01,239508,693,201933,408,37575,285,223141,442,1470905,1696,1694046,2138,39,3328,10,7824,3750,27,"East TN",2455501,262.227545417412,0.13410684615168,87.0698077500274,28.2223464783765,13.410684615168
2021-02-02,240046,538,202281,348,37765,190,223502,361,1471963,1058,1695465,1419,57,3385,13,7837,3766,16,"East TN",2455501,242.068726504286,0.13699494949495,57.7886142176281,21.909989040933,13.6994949494949
2021-02-03,241158,1112,203040,759,38118,353,224328,826,1477969,6006,1702297,6832,46,3431,39,7876,3779,13,"East TN",2455501,248.503258601809,0.13270954931103,278.232425887833,45.2860740028206,13.270954931103
2021-02-04,242255,1097,203822,782,38433,315,225192,864,1485680,7711,1710872,8575,58,3489,36,7912,3798,19,"East TN",2455501,238.973635115604,0.122372557058904,349.215903394053,44.6752007024228,12.2372557058904
2021-02-05,243073,818,204381,559,38692,259,225794,602,1489486,3806,1715280,4408,67,3556,28,7940,3812,14,"East TN",2455501,248.055284848184,0.123431403564273,179.515300543555,33.3129573150245,12.3431403564273
2021-02-06,244301,1228,205198,817,39103,411,226758,964,1498134,8648,1724892,9612,27,3583,22,7962,3841,29,"East TN",2455501,251.068926463479,0.121664260120862,391.447610894885,50.0101608592299,12.1664260120862
2021-02-07,244818,517,205551,353,39267,164,227164,406,1501218,3084,1728382,3490,2,3585,10,7972,3858,17,"East TN",2455501,244.471494819184,0.122415967538521,142.129854559212,21.0547664203761,12.2415967538521
2021-02-08,245329,511,205849,298,39480,213,227483,319,1502582,1364,1730065,1683,32,3617,9,7981,3874,16,"East TN",2455501,237.059565441024,0.120547488825342,68.5399843046287,20.810417100217,12.0547488825342
2021-02-09,246358,1029,206483,634,39875,395,228150,667,1506814,4232,1734964,4899,16,3633,38,8019,3885,11,"East TN",2455501,257.055484807377,0.117673865161143,199.511219909908,41.9059084072863,11.7673865161143
2021-02-10,247206,848,207065,582,40141,266,228786,636,1512799,5985,1741585,6621,39,3672,30,8049,3898,13,"East TN",2455501,246.304114720377,0.113469761759316,269.639474795571,34.53470391582,11.3469761759316
2021-02-11,248074,868,207649,584,40425,284,229436,650,1518370,5571,1747806,6221,37,3709,31,8080,3916,18,"East TN",2455501,236.978115667638,0.114907673146694,253.349520118298,35.3492016496837,11.4907673146694
2021-02-12,248908,834,208244,595,40664,239,230085,649,1523880,5510,1753965,6159,34,3743,12,8092,3925,9,"East TN",2455501,237.629713854729,0.110921545818793,250.82457714332,33.9645555021155,11.0921545818793
2021-02-13,249501,593,208616,372,40885,221,230519,434,1528306,4426,1758825,4860,12,3755,16,8108,3937,12,"East TN",2455501,211.769410804557,0.110836059293313,197.922949328874,24.1498578090581,11.0836059293313
2021-02-14,250041,540,209030,414,41011,126,230971,452,1531273,2967,1762244,3419,15,3770,15,8123,3950,13,"East TN",2455501,212.7060831985,0.112426909219774,139.238387603996,21.9914388143194,11.2426909219774
2021-02-15,250421,380,209242,212,41179,168,231200,229,1532597,1324,1763797,1553,5,3775,10,8133,3961,11,"East TN",2455501,207.371123041693,0.110192102454642,63.2457490345148,15.4754569434099,11.0192102454642
2021-02-16,251186,765,209669,427,41517,338,231674,474,1536006,3409,1767680,3883,8,3783,26,8159,3971,10,"East TN",2455501,196.619752954692,0.10771487956963,158.134735029633,31.1545383202858,10.771487956963
2021-02-17,251807,621,210088,419,41719,202,232125,451,1539257,3251,1771382,3702,11,3794,11,8170,3988,17,"East TN",2455501,187.37520367534,0.112058260898748,150.763530538167,25.2901546364673,11.2058260898748
2021-02-18,252600,793,210638,550,41962,243,232730,605,1544975,5718,1777705,6323,42,3836,19,8189,4005,17,"East TN",2455501,184.320837173351,0.110170908726044,257.503458561002,32.2948351476949,11.0170908726044
2021-02-19,253076,476,210939,301,42137,175,233075,345,1547683,2708,1780758,3053,5,3841,11,8200,4014,9,"East TN",2455501,169.741327737191,0.111596312469675,124.333079074291,19.3850460659556,11.1596312469675
2021-02-20,253699,623,211388,449,42311,174,233581,506,1552908,5225,1786489,5731,18,3859,18,8218,4024,10,"East TN",2455501,170.963074337986,0.110685367264315,233.394325638637,25.3716044098536,11.0685367264315
2021-02-21,254048,349,211616,228,42432,121,233844,263,1555042,2134,1788886,2397,7,3866,12,8230,4042,18,"East TN",2455501,163.184620979588,0.107837249455747,97.617553403562,14.2129854559212,10.7837249455747
2021-02-22,254406,358,211812,196,42594,162,234071,227,1556423,1381,1790494,1608,7,3873,22,8252,4058,16,"East TN",2455501,162.288673472338,0.107540173053152,65.4856178026399,14.5795094361599,10.7540173053152
2021-02-23,255049,643,212161,349,42888,294,234439,368,1559370,2947,1793809,3315,26,3899,27,8279,4065,7,"East TN",2455501,157.32023729577,0.105821118297677,135.002999387905,26.1861021437173,10.5821118297677
2021-02-24,255790,741,212711,550,43079,191,235049,610,1565566,6196,1800615,6806,19,3918,23,8302,4072,7,"East TN",2455501,162.207223698952,0.100023945540998,277.17357883381,30.1771410396493,10.0023945540998
2021-02-25,256425,635,213156,445,43269,190,235545,496,1570334,4768,1805879,5264,21,3939,16,8318,4081,9,"East TN",2455501,155.772691601429,0.0999148150777312,214.375803552921,25.8603030501718,9.99148150777312
2021-02-26,256886,461,213479,323,43407,138,235914,369,1573456,3122,1809370,3491,14,3953,11,8329,4086,5,"East TN",2455501,155.161818301031,0.0992241017754788,142.170579445905,18.7741727655578,9.92241017754788
2021-02-27,257326,440,213706,227,43620,213,236189,275,1577550,4094,1813739,4369,7,3960,16,8345,4095,9,"East TN",2455501,147.709164036178,0.0957064220183486,177.927029962521,17.918950145001,9.57064220183486
2021-02-28,257692,366,213980,274,43712,92,236502,313,1580110,2560,1816612,2873,5,3965,11,8356,4104,9,"East TN",2455501,148.401487109962,0.0958666955204501,117.002599469518,14.9053085297053,9.58666955204501
2021-03-01,257936,244,214129,149,43807,95,236658,156,1580889,779,1817547,935,4,3969,11,8367,4113,9,"East TN",2455501,143.75885002694,0.0956271023546372,38.077769058127,9.9368723531369,9.56271023546372
2021-03-02,258556,620,214519,390,44037,230,237105,447,1584345,3456,1821450,3903,7,3976,24,8391,4123,10,"East TN",2455501,142.822177632996,0.0964509243515068,158.949232763497,25.2494297497741,9.64509243515068
2021-03-03,259038,482,214821,302,44217,180,237460,355,1588518,4173,1825978,4528,7,3983,17,8408,4126,3,"East TN",2455501,132.274431979462,0.0950597326814651,184.402286946737,19.6293953861147,9.50597326814651
2021-03-04,259647,609,215236,415,44411,194,237932,472,1593339,4821,1831271,5293,18,4001,21,8429,4131,5,"East TN",2455501,131.215584925439,0.0940059861373661,215.556825267023,24.8014559961491,9.40059861373661
2021-03-05,260118,471,215547,311,44571,160,238286,354,1597019,3680,1835305,4034,15,4016,16,8445,4136,5,"East TN",2455501,131.622833792371,0.0914594177752072,164.284192920304,19.1814216324897,9.14594177752072
2021-03-06,260581,463,215870,323,44711,140,238658,372,1601295,4276,1839953,4648,1,4017,10,8455,4142,6,"East TN",2455501,132.559506186314,0.0941863126573587,189.289273349919,18.8556225389442,9.41863126573587
2021-03-07,260836,255,216034,164,44802,91,238842,184,1603025,1730,1841867,1914,1,4018,4,8459,4146,4,"East TN",2455501,128.039043763371,0.0926549198178579,77.9474331307542,10.3848461067619,9.26549198178579
2021-03-08,261293,457,216327,293,44966,164,239154,312,1604606,1581,1843760,1893,3,4021,9,8468,4154,8,"East TN",2455501,136.713444629019,0.0952199290428413,77.0922105101973,18.6112732187851,9.52199290428413
2021-03-09,261831,538,216608,281,45223,257,239472,318,1607181,2575,1846653,2893,6,4027,21,8489,4166,12,"East TN",2455501,133.374003920178,0.0939173907868111,117.817097203381,21.909989040933,9.39173907868111
2021-03-10,262481,650,217072,464,45409,186,239978,506,1612652,5471,1852630,5977,7,4034,28,8517,4176,10,"East TN",2455501,140.215784884633,0.0944769623292811,243.412647765161,26.4711763505696,9.44769623292811
2021-03-11,263012,531,217410,338,45602,193,240343,365,1615990,3338,1856333,3703,5,4039,9,8526,4184,8,"East TN",2455501,137.039243722564,0.0962014204772165,150.80425542486,21.6249148340807,9.62014204772165
2021-03-12,263474,462,217777,367,45697,95,240759,416,1619335,3345,1860094,3761,5,4044,12,8538,4192,8,"East TN",2455501,136.672719742325,0.0997619912057768,153.166298853065,18.814897652251,9.97619912057768
2021-03-13,263920,446,217992,215,45928,231,241038,279,1622974,3639,1864012,3918,2,4046,21,8559,4198,6,"East TN",2455501,135.980396668541,0.0989234797788769,159.560106063895,18.1632994651601,9.89234797788769
2021-03-14,264182,262,218168,176,46014,86,241249,211,1624817,1843,1866066,2054,0,4046,10,8569,4204,6,"East TN",2455501,136.265470875394,0.0994669201206661,83.6489172677999,10.6699203136142,9.94669201206661
2021-03-15,264538,356,218353,185,46185,171,241464,215,1626012,1195,1867476,1410,4,4050,15,8584,4208,4,"East TN",2455501,132.152257319382,0.0974025974025974,57.4220902373894,14.4980596627735,9.74025974025974
2021-03-16,265237,699,218804,451,46433,248,241960,496,1629278,3266,1871238,3762,4,4054,36,8620,4209,1,"East TN",2455501,138.708964076985,0.101199918649583,153.207023739758,28.4666957985356,10.1199918649583
2021-03-17,265663,426,219137,333,46526,93,242324,364,1633002,3724,1875326,4088,1,4055,16,8636,4218,9,"East TN",2455501,129.586589457711,0.103366231935143,166.483336801736,17.3488017312964,10.3366231935143
2021-03-18,266213,550,219486,349,46727,201,242709,385,1636292,3290,1879001,3675,6,4061,31,8667,4225,7,"East TN",2455501,130.360362304882,0.104376213163932,149.663958597451,22.3986876812512,10.4376213163932
2021-03-19,267005,792,220016,530,46989,262,243272,563,1641335,5043,1884607,5606,15,4076,25,8692,4231,6,"East TN",2455501,143.799574913633,0.102517031779056,228.303714801989,32.2541102610017,10.2517031779056
2021-03-20,267277,272,220181,165,47096,107,243466,194,1643455,2120,1886921,2314,1,4077,15,8707,4233,2,"East TN",2455501,136.713444629019,0.105984547557728,94.2373878080278,11.077169180546,10.5984547557728
2021-03-21,267558,281,220378,197,47180,84,243691,225,1645254,1799,1888945,2024,-15,4062,8,8715,4240,7,"East TN",2455501,137.487217476189,0.106735434241007,82.4271706670044,11.4436931607847,10.6735434241007
2021-03-22,268084,526,220719,341,47365,185,244047,356,1647343,2089,1891390,2445,14,4076,19,8734,4247,7,"East TN",2455501,144.41044821403,0.108012043154637,99.5723479648349,21.4212904006148,10.8012043154637
2021-03-23,268522,438,220968,249,47554,189,244312,265,1649798,2455,1894110,2720,11,4087,17,8751,4253,6,"East TN",2455501,133.781252787109,0.102833158447009,110.77169180546,17.8375003716146,10.2833158447009
2021-03-24,269120,598,221427,459,47693,139,244805,493,1654496,4698,1899301,5191,4,4091,26,8777,4259,6,"East TN",2455501,140.785933298337,0.103482794577685,211.402886824318,24.353482242524,10.3482794577685
2021-03-25,269520,400,221734,307,47786,93,245138,333,1657464,2968,1902602,3301,8,4099,23,8800,4263,4,"East TN",2455501,134.677200294359,0.102919367823397,134.4328509742,16.2899546772736,10.2919367823397
2021-03-26,269930,410,222057,323,47873,87,245483,345,1660096,2632,1905579,2977,7,4106,14,8814,4273,10,"East TN",2455501,119.120293577563,0.105426282662598,121.237987685609,16.6972035442054,10.5426282662598
2021-03-27,270134,204,222238,181,47896,23,245693,210,1662608,2512,1908301,2722,2,4108,13,8827,4284,11,"East TN",2455501,116.351001282427,0.104162768942937,110.853141578847,8.30787688540954,10.4162768942937
2021-03-28,270450,316,222457,219,47993,97,245938,245,1664681,2073,1910619,2318,5,4113,17,8844,4290,6,"East TN",2455501,117.776372316688,0.103672603118944,94.4002873548005,12.8690641950461,10.3672603118944
2021-03-29,270890,440,222695,238,48195,202,246191,253,1666535,1854,1912726,2107,18,4131,18,8862,4295,5,"East TN",2455501,114.274032061074,0.100487439070116,85.8073362625387,17.918950145001,10.0487439070116
2021-03-30,271265,375,222953,258,48312,117,246513,322,1669011,2476,1915524,2798,5,4136,20,8882,4301,6,"East TN",2455501,111.708364199404,0.102783225926964,113.948232967529,15.271832509944,10.2783225926964
2021-03-31,271926,661,223395,442,48531,219,247001,488,1673826,4815,1920827,5303,4,4140,18,8900,4306,5,"East TN",2455501,114.274032061074,0.10201616649633,215.964074133955,26.9191501041946,10.201616649633
2021-04-01,272376,450,223718,323,48658,127,247351,350,1676654,2828,1924005,3178,1,4141,18,8918,4314,8,"East TN",2455501,116.310276395733,0.103396720085969,129.423689910939,18.3261990119328,10.3396720085969
2021-04-02,272723,347,223949,231,48774,116,247602,251,1679674,3020,1927276,3271,0,4141,12,8930,4319,5,"East TN",2455501,113.744608534063,0.097663271420012,133.211104373405,14.1315356825348,9.7663271420012
2021-04-03,273065,342,224199,250,48866,92,247876,274,1682026,2352,1929902,2626,0,4141,13,8943,4328,9,"East TN",2455501,119.364642897722,0.10106013610481,106.943552456301,13.9279112490689,10.106013610481
2021-04-04,273236,171,224322,123,48914,48,248017,141,1683620,1594,1931637,1735,6,4147,8,8951,4332,4,"East TN",2455501,113.459534327211,0.0989152155295461,70.6576784126742,6.96395562453446,9.89152155295461
2021-04-05,273643,407,224557,235,49086,172,248240,223,1684839,1219,1933079,1442,6,4153,40,8991,4338,6,"East TN",2455501,112.115613066336,0.100673119441851,58.7252866115713,16.5750288841259,10.0673119441851
2021-04-06,274074,431,224807,250,49267,181,248517,277,1686924,2085,1935441,2362,3,4156,27,9018,4343,5,"East TN",2455501,114.396206721154,0.100617562885977,96.1921823693006,17.5524261647623,10.0617562885977
2021-04-07,274704,630,225269,462,49435,168,249024,507,1691615,4691,1940639,5198,5,4161,24,9042,4347,4,"East TN",2455501,113.133735233665,0.102109832424793,211.68796103117,25.6566786167059,10.2109832424793
2021-04-08,275109,405,225523,254,49586,151,249313,289,1694626,3011,1943939,3300,-1,4160,21,9063,4352,5,"East TN",2455501,111.301115332472,0.0984248018460921,134.392126087507,16.4935791107395,9.84248018460921
2021-04-09,275627,518,225929,406,49698,112,249762,449,1698502,3876,1948264,4325,4,4164,31,9094,4355,3,"East TN",2455501,118.265070957006,0.102915951972556,176.135134948021,21.0954913070693,10.2915951972556
2021-04-10,275932,305,226145,216,49787,89,250010,248,1701283,2781,1951293,3029,1,4165,15,9109,4360,5,"East TN",2455501,116.758250149359,0.0997615819737273,123.355681793654,12.4210904414211,9.97615819737273
2021-04-11,276169,237,226308,163,49861,74,250184,174,1702996,1713,1953180,1887,2,4167,10,9119,4364,4,"East TN",2455501,119.446092671109,0.100589518637144,76.8478611900382,9.65179814628461,10.0589518637144
2021-04-12,276634,465,226631,323,50003,142,250514,330,1704759,1763,1955273,2093,3,4170,16,9135,4373,9,"East TN",2455501,121.808136099313,0.102460124357935,85.2371878488341,18.9370723123306,10.2460124357935
2021-04-13,277012,378,226871,240,50141,138,250764,250,1706816,2057,1957580,2307,3,4173,16,9151,4377,4,"East TN",2455501,119.649717104575,0.101495099146303,93.9523136011755,15.3940071700236,10.1495099146303
2021-04-14,277691,679,227372,501,50319,178,251321,557,1711636,4820,1962957,5377,0,4173,29,9180,4380,3,"East TN",2455501,121.645236552541,0.102921408728381,218.97771574925,27.6521980646719,10.2921408728381
2021-04-15,278233,542,227740,368,50493,174,251701,380,1714780,3144,1966481,3524,2,4175,24,9204,4385,5,"East TN",2455501,127.224546029507,0.105935586904445,143.51450070678,22.0728885877057,10.5935586904445
2021-04-16,279207,974,228631,891,50576,83,252807,1106,1722265,7485,1975072,8591,3,4178,32,9236,4388,3,"East TN",2455501,145.795094361599,0.113585496866607,349.867501581144,39.6660396391612,11.3585496866607
2021-04-17,279409,202,228778,147,50631,55,252980,173,1724496,2231,1977476,2404,0,4178,10,9246,4389,1,"East TN",2455501,141.600431032201,0.113432379788412,97.9026276104143,8.22642711202317,11.3432379788412
2021-04-18,279628,219,228966,188,50662,31,253182,202,1726299,1803,1979481,2005,6,4184,8,9254,4398,9,"East TN",2455501,140.867383071723,0.113988061290445,81.6533978198339,8.9187501858073,11.3988061290445
2021-04-19,279956,328,229161,195,50795,133,253392,210,1727748,1449,1981140,1659,8,4192,15,9269,4405,7,"East TN",2455501,135.288073594757,0.11126145281633,67.5625870239923,13.3577628353644,11.126145281633
2021-04-20,280309,353,229438,277,50871,76,253671,279,1730196,2448,1983867,2727,4,4196,20,9289,4409,4,"East TN",2455501,134.269951427428,0.110586982158481,111.056766012313,14.375885002694,11.0586982158481
2021-04-21,280822,513,229768,330,51054,183,254008,337,1733977,3781,1987985,4118,4,4200,15,9304,4415,6,"East TN",2455501,127.509620236359,0.107359757072079,167.705083402532,20.8918668736034,10.7359757072079
2021-04-22,281463,641,230166,398,51297,243,254455,447,1738229,4252,1992684,4699,3,4203,26,9330,4419,4,"East TN",2455501,131.541384018984,0.105102469182918,191.366242571272,26.1046523703309,10.5102469182918
2021-04-23,281846,383,230443,277,51403,106,254763,308,1741431,3202,1996194,3510,0,4203,11,9341,4424,5,"East TN",2455501,107.472975983313,0.0926048669633557,142.944352293076,15.5976316034895,9.26048669633557
2021-04-24,282106,260,230631,188,51475,72,254972,209,1744428,2997,1999400,3206,0,4203,19,9360,4431,7,"East TN",2455501,109.835019411517,0.0908593322386426,130.563986738348,10.5884705402278,9.08593322386426
2021-04-25,282305,199,230779,148,51526,51,255131,159,1746077,1649,2001208,1808,4,4207,17,9377,4436,5,"East TN",2455501,109.020521677654,0.0897040548626133,73.6305951412767,8.10425245194362,8.97040548626133
2021-04-26,282694,389,231026,247,51668,142,255382,251,1748049,1972,2003431,2223,6,4213,16,9393,4444,8,"East TN",2455501,111.504739765938,0.0892736979049841,90.531423118948,15.8419809236486,8.92736979049841
2021-04-27,283081,387,231228,202,51853,185,255601,219,1750412,2363,2006013,2582,3,4216,25,9418,4450,6,"East TN",2455501,112.889385913506,0.0871489207983383,105.151657441801,15.7605311502622,8.71489207983383
2021-04-28,283567,486,231572,344,51995,142,255982,381,1754539,4127,2010521,4508,6,4222,23,9441,4458,8,"East TN",2455501,111.78981397279,0.0875931842385517,183.587789212873,19.7922949328874,8.75931842385516
2021-04-29,283959,392,231851,279,52108,113,256286,304,1757471,2932,2013757,3236,1,4223,22,9463,4463,5,"East TN",2455501,101.649317186187,0.0868884354387131,131.785733339143,15.9641555837281,8.68884354387131
2021-04-30,284329,370,232079,228,52250,142,256525,239,1760738,3267,2017263,3506,0,4223,18,9481,4468,5,"East TN",2455501,101.119893659176,0.0836299776923442,142.781452746303,15.0682080764781,8.36299776923442
2021-05-01,284564,235,232261,182,52303,53,256713,188,1763228,2490,2019941,2678,-1,4222,15,9496,4469,1,"East TN",2455501,100.101771491846,0.0847573146390146,109.061246564347,9.57034837289824,8.47573146390146
2021-05-02,284739,175,232389,128,52350,47,256846,133,1764705,1477,2021551,1610,1,4223,11,9507,4473,4,"East TN",2455501,99.1243742112099,0.0843041832571401,65.5670675760262,7.1268551713072,8.430418325714
2021-05-03,284952,213,232504,115,52448,98,256972,126,1766189,1484,2023161,1610,5,4228,17,9524,4477,4,"East TN",2455501,91.9567941532095,0.0805879371515459,65.5670675760262,8.67440086564819,8.05879371515459
2021-05-04,285271,319,232723,219,52548,100,257217,245,1768588,2399,2025805,2644,7,4235,12,9536,4485,8,"East TN",2455501,89.1875018580729,0.0816491511721908,107.676600416778,12.9912388551257,8.16491511721908
2021-05-05,285735,464,233016,293,52719,171,257528,311,1772739,4151,2030267,4462,5,4240,22,9558,4490,5,"East TN",2455501,88.2915543508229,0.0782943380937911,181.714444424987,18.8963474256374,7.82943380937911
2021-05-06,286020,285,233212,196,52808,89,257759,231,1775177,2438,2032936,2669,4,4244,10,9568,4496,6,"East TN",2455501,83.9339914746522,0.0768027530111059,108.694722584108,11.6065927075574,7.68027530111059
2021-05-07,286385,365,233460,248,52925,117,258028,269,1778625,3448,2036653,3717,0,4244,15,9583,4501,5,"East TN",2455501,83.7303670411863,0.0775141825683342,151.374403838565,14.8645836430122,7.75141825683342
2021-05-08,286556,171,233563,103,52993,68,258142,114,1780520,1895,2038662,2009,0,4244,7,9590,4508,7,"East TN",2455501,81.1239742928225,0.0763313925538166,81.8162973666066,6.96395562453446,7.63313925538166
2021-05-09,286702,146,233678,115,53024,31,258274,132,1782231,1711,2040505,1843,3,4247,11,9601,4513,5,"East TN",2455501,79.9429525787202,0.0753402975625198,75.0559661755381,5.94583345720486,7.53402975625198
2021-05-10,286937,235,233814,136,53123,99,258419,145,1783747,1516,2042166,1661,7,4254,22,9623,4516,3,"East TN",2455501,80.8389000859702,0.0761378584583004,67.6440367973786,9.57034837289824,7.61378584583004
2021-05-11,287252,315,234042,228,53210,87,258663,244,1786425,2678,2045088,2922,1,4255,19,9642,4520,4,"East TN",2455501,80.6760005391975,0.0749883316911269,118.998118917484,12.828339308353,7.49883316911269
2021-05-12,287556,304,234259,217,53297,87,258914,251,1790490,4065,2049404,4316,3,4258,16,9658,4522,2,"East TN",2455501,74.1600186682881,0.0724251450070544,175.768610967782,12.3803655547279,7.24251450070544
2021-05-13,287766,210,234396,137,53370,73,259059,145,1793223,2733,2052282,2878,1,4259,9,9667,4527,5,"East TN",2455501,71.1056521662993,0.0671973534580792,117.206223902984,8.55222620556864,6.71973534580792
2021-05-14,288067,301,234615,219,53452,82,259307,248,1795908,2685,2055215,2933,1,4260,21,9688,4532,5,"East TN",2455501,68.4992594179355,0.0689042129080918,119.446092671109,12.2581908946484,6.89042129080918
2021-05-15,288175,108,234696,81,53479,27,259409,102,1797896,1988,2057305,2090,0,4260,6,9694,4536,4,"East TN",2455501,65.9335915562649,0.0679611650485437,85.1150131887546,4.39828776286387,6.79611650485437
2021-05-16,288275,100,234770,74,53505,26,259494,85,1799345,1449,2058839,1534,3,4263,4,9698,4540,4,"East TN",2455501,64.0602467683784,0.0665430347987346,62.4719761873443,4.0724886693184,6.65430347987346
2021-05-17,288473,198,234873,103,53600,95,259604,110,1800912,1567,2060516,1677,6,4269,10,9708,4547,7,"East TN",2455501,62.5534259607306,0.0645776566757493,68.2956349844696,8.06352756525043,6.45776566757493
2021-05-18,288685,212,235007,134,53678,78,259749,145,1803149,2237,2062898,2382,8,4277,23,9731,4553,6,"East TN",2455501,58.3587626313327,0.0609769792251544,97.0066801031643,8.63367597895501,6.09769792251544
2021-05-19,288903,218,235172,165,53731,53,259916,167,1806418,3269,2066334,3436,1,4278,21,9752,4556,3,"East TN",2455501,54.8564223757188,0.0591848789131719,139.93071067778,8.87802529911411,5.91848789131719
2021-05-20,289080,177,235306,134,53774,43,260071,155,1820586,14168,2080657,14323,3,4281,7,9759,4561,5,"East TN",2455501,53.5125011148438,0.0356651982378855,583.302552106474,7.20830494469357,3.56651982378855
2021-05-21,289244,164,235414,108,53830,56,260191,120,1822864,2278,2083055,2398,0,4281,10,9769,4564,3,"East TN",2455501,47.9331916378776,0.0317528735632184,97.6582782902552,6.67888141768218,3.17528735632184
2021-05-22,289315,71,235462,48,53853,23,260253,62,1824450,1586,2084703,1648,0,4281,12,9781,4565,1,"East TN",2455501,46.4263708302298,0.030805168260457,67.1146132703672,2.89146695521606,3.0805168260457
2021-05-23,289389,74,235513,51,53876,23,260314,61,1825515,1065,2085829,1126,3,4284,5,9786,4567,2,"East TN",2455501,45.367523776207,0.0303816228232679,45.8562224165252,3.01364161529562,3.03816228232679
2021-05-24,289549,160,235624,111,53925,49,260440,126,1827439,1924,2087879,2050,0,4284,7,9793,4571,4,"East TN",2455501,43.819978081866,0.030552205533019,83.4860177210272,6.51598187090944,3.0552205533019
2021-05-25,289693,144,235720,96,53973,48,260528,88,1829166,1727,2089694,1815,0,4284,9,9802,4577,6,"East TN",2455501,41.0506857867295,0.0290715032094342,73.915669348129,5.8643836838185,2.90715032094342
2021-05-26,289879,186,235862,142,54017,44,260693,165,1832050,2884,2092743,3049,7,4291,14,9816,4582,5,"East TN",2455501,39.7474894125476,0.029421788026809,124.170179527518,7.57482892493222,2.9421788026809
2021-05-27,290002,123,235937,75,54065,48,260831,138,1835022,2972,2095853,3110,4,4295,11,9827,4586,4,"East TN",2455501,37.5483455311156,0.0500131613582522,126.654397615802,5.00916106326163,5.00131613582522
2021-05-28,290119,117,236027,90,54092,27,260929,98,1837134,2112,2098063,2210,0,4295,9,9836,4589,3,"East TN",2455501,35.634275856536,0.0491737739872068,90.0019995919366,4.76481174310253,4.91737739872068
2021-05-29,290170,51,236059,32,54111,19,260966,37,1838210,1076,2099176,1113,0,4295,7,9843,4592,3,"East TN",2455501,34.8197781226723,0.0492641470324052,45.3267988895138,2.07696922135238,4.92641470324052
2021-05-30,290225,55,236099,40,54126,15,261012,46,1839297,1087,2100309,1133,0,4295,7,9850,4597,5,"East TN",2455501,34.0460052755018,0.0482044198895028,46.1412966233775,2.23986876812512,4.82044198895028
2021-05-31,290305,80,236165,66,54140,14,261083,71,1840724,1427,2101807,1498,6,4301,4,9854,4602,5,"East TN",2455501,30.7880143400471,0.0461659965537048,61.0058802663896,3.25799093545472,4.61659965537048
2021-06-01,290436,131,236259,94,54177,37,261177,94,1842039,1315,2103216,1409,3,4304,11,9865,4605,3,"East TN",2455501,30.2585908130357,0.0479958586007987,57.3813653506963,5.3349601568071,4.79958586007987
2021-06-02,290555,119,236330,71,54225,48,261250,73,1844018,1979,2105268,2052,1,4305,9,9874,4609,4,"East TN",2455501,27.5300234045924,0.0444710578842315,83.5674674944136,4.8462615164889,4.44710578842315
2021-06-03,290642,87,236385,55,54257,32,261369,119,1847183,3165,2108552,3284,1,4306,7,9881,4614,5,"East TN",2455501,26.0639274836378,0.0423655405937475,133.740527900416,3.54306514230701,4.23655405937475
2021-06-04,290733,91,236444,59,54289,32,261447,78,1849335,2152,2110782,2230,0,4306,7,9888,4614,0,"East TN",2455501,25.005080429615,0.0407264722069345,90.8164973258003,3.70596468907974,4.07264722069345
2021-06-05,290774,41,236470,26,54304,15,261477,30,1850718,1383,2112195,1413,-1,4305,2,9890,4619,5,"East TN",2455501,24.5978315626831,0.0392503264459636,57.544264897469,1.66972035442054,3.92503264459636
2021-06-06,290800,26,236486,16,54314,10,261496,19,1851634,916,2113130,935,-1,4304,2,9892,4622,3,"East TN",2455501,23.4168098485808,0.0377505654785118,38.077769058127,1.05884705402278,3.77505654785118
2021-06-07,290873,73,236521,35,54352,38,261548,52,1852904,1270,2114452,1322,3,4307,10,9902,4624,2,"East TN",2455501,23.1317356417285,0.036773428232503,53.8383002083892,2.97291672860243,3.6773428232503
2021-06-08,290960,87,236588,67,54372,20,261618,70,1854382,1478,2116000,1548,3,4310,4,9906,4627,3,"East TN",2455501,21.3398406272284,0.0344962453066333,63.0421246010488,3.54306514230701,3.44962453066333
2021-06-09,291008,48,236626,38,54382,10,261672,54,1857111,2729,2118783,2783,0,4310,3,9909,4630,3,"East TN",2455501,18.4483736720124,0.0312245652978172,113.337359667131,1.95479456127283,3.12245652978172
2021-06-10,291083,75,236683,57,54400,18,261738,66,1858896,1785,2120634,1851,4,4314,4,9913,4633,3,"East TN",2455501,17.9596750316941,0.0305413011090879,75.3817652690836,3.0543665019888,3.05413011090879
2021-06-11,291153,70,236729,46,54424,24,261793,55,1860381,1485,2122174,1540,2,4316,4,9917,4634,1,"East TN",2455501,17.1044524111373,0.030372191011236,62.7163255075034,2.85074206852288,3.0372191011236
2021-06-12,291182,29,236751,22,54431,7,261824,31,1861575,1194,2123399,1225,3,4319,1,9918,4637,3,"East TN",2455501,16.6157537708191,0.0309710817565155,49.8879861991504,1.18102171410234,3.09710817565155
2021-06-13,291200,18,236765,14,54435,4,261845,21,1862418,843,2124263,864,1,4320,1,9919,4638,1,"East TN",2455501,16.2899546772736,0.0313482439594,35.186302102911,0.733047960477312,3.13482439594
2021-06-14,291253,53,236798,33,54455,20,261886,41,1863670,1252,2125556,1293,3,4323,3,9922,4640,2,"East TN",2455501,15.4754569434099,0.0304394812680115,52.6572784942869,2.15841899473875,3.04394812680115
2021-06-15,291341,88,236867,69,54474,19,261974,88,1865552,1882,2127526,1970,0,4323,4,9926,4644,4,"East TN",2455501,15.5161818301031,0.0308866909595697,80.2280267855725,3.58379002900019,3.08866909595697
2021-06-16,291409,68,236908,41,54501,27,262012,38,1867457,1905,2129469,1943,2,4325,8,9934,4647,3,"East TN",2455501,16.3306795639668,0.0318173310874041,79.1284548448565,2.76929229513651,3.18173310874041
2021-06-17,291460,51,236946,38,54514,13,262058,46,1869808,2351,2131866,2397,1,4326,1,9935,4651,4,"East TN",2455501,15.3532822833304,0.0284900284900285,97.617553403562,2.07696922135238,2.84900284900285
2021-06-18,291522,62,236997,51,54525,11,262113,55,1871536,1728,2133649,1783,2,4328,4,9939,4653,2,"East TN",2455501,15.0274831897849,0.0278867102396514,72.6124729739471,2.52494297497741,2.78867102396514
2021-06-19,291550,28,237014,17,54536,11,262131,18,1872687,1151,2134818,1169,0,4328,5,9944,4655,2,"East TN",2455501,14.9867583030917,0.0268850162010684,47.6073925443321,1.14029682740915,2.68850162010684
2021-06-20,291575,25,237035,21,54540,4,262148,17,1873441,754,2135589,771,3,4331,2,9946,4658,3,"East TN",2455501,15.271832509944,0.026752604626523,31.3988876404449,1.0181221673296,2.6752604626523
2021-06-21,291642,67,237075,40,54567,27,262200,52,1874712,1271,2136912,1323,6,4337,2,9948,4660,2,"East TN",2455501,15.8419809236486,0.0276505811905601,53.8790250950824,2.72856740844333,2.76505811905601
2021-06-22,291735,93,237121,46,54614,47,262251,51,1876139,1427,2138390,1478,5,4342,7,9955,4664,4,"East TN",2455501,16.0456053571145,0.0254970544918999,60.1913825325259,3.78741446246611,2.54970544918999
2021-06-23,291804,69,237169,48,54635,21,262306,55,1877928,1789,2140234,1844,2,4344,5,9960,4668,4,"East TN",2455501,16.0863302438077,0.0273107292150488,75.0966910622313,2.8100171818297,2.73107292150488
2021-06-24,291887,83,237221,52,54666,31,262368,62,1879771,1843,2142139,1905,3,4347,6,9966,4669,1,"East TN",2455501,17.3895266179896,0.0301761900126545,77.5809091505155,3.38016559553427,3.01761900126545
2021-06-25,291966,79,237277,56,54689,23,262437,69,1881576,1805,2144013,1874,0,4347,3,9969,4671,2,"East TN",2455501,18.0818496917737,0.0312620609803165,76.3184376630268,3.21726604876154,3.12620609803165
2021-06-26,292001,35,237295,18,54706,17,262458,21,1882760,1184,2145218,1205,0,4347,2,9971,4673,2,"East TN",2455501,18.366923898626,0.0314423076923077,49.0734884652867,1.42537103426144,3.14423076923077
2021-06-27,292030,29,237315,20,54715,9,262482,24,1883474,714,2145956,738,2,4349,3,9974,4675,2,"East TN",2455501,18.5298234453987,0.0322176135815569,30.0549663795698,1.18102171410234,3.22176135815569
2021-06-28,292074,44,237339,24,54735,20,262507,25,1884026,552,2146533,577,4,4353,3,9977,4675,0,"East TN",2455501,17.5931510514555,0.0319093649308804,23.4982596219672,1.7918950145001,3.19093649308804
2021-06-29,292204,130,237424,85,54780,45,262602,95,1886038,2012,2148640,2107,0,4353,7,9984,4678,3,"East TN",2455501,19.0999718591033,0.0342439024390244,85.8073362625387,5.29423527011392,3.42439024390244
2021-06-30,292289,85,237487,63,54802,22,262677,75,1887682,1644,2150359,1719,3,4356,4,9988,4678,0,"East TN",2455501,19.7515700461942,0.036641975308642,70.0060802255833,3.46161536892064,3.6641975308642
2021-07-01,292395,106,237540,53,54855,53,262742,65,1890234,2552,2152976,2617,1,4357,2,9990,4681,3,"East TN",2455501,20.6882424401375,0.034511396142844,106.577028476063,4.3168379894775,3.4511396142844
2021-07-02,292477,82,237603,63,54874,19,262816,74,1891916,1682,2154732,1756,0,4357,3,9993,4683,2,"East TN",2455501,20.810417100217,0.0353577759119321,71.5129010332311,3.33944070884109,3.53577759119321
2021-07-03,292525,48,237639,36,54886,12,262856,40,1893003,1087,2155859,1127,1,4358,3,9996,4686,3,"East TN",2455501,21.3398406272284,0.0374024997650597,45.8969473032184,1.95479456127283,3.74024997650597
2021-07-04,292552,27,237660,21,54892,6,262881,25,1893703,700,2156584,725,0,4358,1,9997,4687,1,"East TN",2455501,21.258390853842,0.0375423409860745,29.5255428525584,1.09957194071597,3.75423409860745
2021-07-05,292595,43,237684,24,54911,19,262906,25,1894185,482,2157091,507,0,4358,2,9999,4688,1,"East TN",2455501,21.2176659671489,0.0377912483424891,20.6475175534443,1.75117012780691,3.77912483424891
2021-07-06,292757,162,237788,104,54969,58,263018,112,1895510,1325,2158528,1437,5,4363,6,10005,4688,0,"East TN",2455501,22.5208623413308,0.0420711974110032,58.5216621781054,6.59743164429581,4.20711974110032
2021-07-07,292900,143,237869,81,55031,62,263106,88,1896967,1457,2160073,1545,4,4367,6,10011,4690,2,"East TN",2455501,24.8829057695354,0.0441630636195182,62.9199499409693,5.82365879712531,4.41630636195182
2021-07-08,293040,140,237971,102,55069,38,263223,117,1898821,1854,2162044,1971,2,4369,3,10014,4692,2,"East TN",2455501,26.2675519171037,0.0530436700485223,80.2687516722657,5.70148413704576,5.30436700485223
2021-07-09,293204,164,238093,122,55111,42,263354,131,1900566,1745,2163920,1876,0,4369,4,10018,4694,2,"East TN",2455501,29.6069926259448,0.0585546364823683,76.3998874364132,6.67888141768218,5.85546364823683
2021-07-10,293307,103,238165,72,55142,31,263427,73,1901623,1057,2165050,1130,0,4369,12,10030,4695,1,"East TN",2455501,31.8468613940699,0.0621259928190621,46.0191219632979,4.19466332939795,6.21259928190621
2021-07-11,293355,48,238200,35,55155,13,263470,43,1902379,756,2165849,799,2,4371,7,10037,4695,0,"East TN",2455501,32.7020840146267,0.0635725849973017,32.539184467854,1.95479456127283,6.35725849973017
2021-07-12,293527,172,238316,116,55211,56,263594,124,1903745,1366,2167339,1490,1,4372,14,10051,4696,1,"East TN",2455501,37.9555943980475,0.0671350507416081,60.6800811728442,7.00468051122765,6.71350507416081
2021-07-13,293741,214,238453,137,55288,77,263739,145,1905366,1621,2169105,1766,4,4376,17,10068,4700,4,"East TN",2455501,40.0732885060931,0.0681667769688948,71.9201499001629,8.71512575234138,6.81667769688948
2021-07-14,293914,173,238589,136,55325,37,263881,142,1906927,1561,2170808,1703,0,4376,12,10080,4701,1,"East TN",2455501,41.2950351068886,0.072193758733116,69.3544820384923,7.04540539792083,7.2193758733116
2021-07-15,294134,220,238739,150,55395,70,264048,167,1908728,1801,2172776,1968,0,4376,15,10095,4701,0,"East TN",2455501,44.5530260423433,0.0768729034662691,80.1465770121861,8.95947507250048,7.68729034662691
2021-07-16,294364,230,238881,142,55483,88,264202,154,1910257,1529,2174459,1683,0,4376,10,10105,4705,4,"East TN",2455501,47.2408685640934,0.0804630420343486,68.5399843046287,9.36672393943232,8.04630420343486
2021-07-17,294508,144,238981,100,55527,44,264312,110,1911475,1218,2175787,1328,0,4376,5,10110,4707,2,"East TN",2455501,48.910588918514,0.0824252584520816,54.0826495285484,5.8643836838185,8.24252584520816
2021-07-18,294652,144,239102,121,55550,23,264444,132,1912599,1124,2177043,1256,0,4376,6,10116,4709,2,"East TN",2455501,52.8201780410596,0.0870108986957299,51.1504576866391,5.8643836838185,8.70108986957299
2021-07-19,294955,303,239313,211,55642,92,264660,216,1914289,1690,2178949,1906,2,4378,14,10130,4710,1,"East TN",2455501,58.1551381978667,0.091817398794143,77.6216340372087,12.3396406680348,9.1817398794143
2021-07-20,295312,357,239551,238,55761,119,264914,254,1915949,1660,2180863,1914,2,4380,22,10152,4712,2,"East TN",2455501,63.9787969949921,0.0999319612178942,77.9474331307542,14.5387845494667,9.99319612178942
2021-07-21,295714,402,239845,294,55869,108,265223,309,1918065,2116,2183288,2425,3,4383,28,10180,4716,4,"East TN",2455501,73.3047960477312,0.107532051282051,98.7578502309712,16.37140445066,10.7532051282051
2021-07-22,296188,474,240178,333,56010,141,265590,367,1920433,2368,2186023,2735,5,4388,21,10201,4719,3,"East TN",2455501,83.6489172677999,0.116403714048464,111.382565105858,19.3035962925692,11.6403714048464
2021-07-23,296649,461,240498,320,56151,141,265923,333,1922336,1903,2188259,2236,1,4389,28,10229,4725,6,"East TN",2455501,93.0563660939254,0.124710144927536,91.0608466459594,18.7741727655578,12.4710144927536
2021-07-24,297006,357,240747,249,56259,108,266188,265,1924087,1751,2190275,2016,0,4389,21,10250,4729,4,"East TN",2455501,101.730766959574,0.129486471562673,82.1013715734589,14.5387845494667,12.9486471562673
2021-07-25,297234,228,240937,190,56297,38,266391,203,1925402,1315,2191793,1518,3,4392,17,10267,4734,5,"East TN",2455501,105.151657441801,0.132,61.8203780002533,9.28527416604595,13.2
2021-07-26,297901,667,241400,463,56501,204,266877,486,1927131,1729,2194008,2215,10,4402,36,10303,4738,4,"East TN",2455501,119.97551619812,0.147220931004715,90.2056240254026,27.1634994243537,14.7220931004715
2021-07-27,298627,726,241889,489,56738,237,267392,515,1929452,2321,2196844,2836,2,4404,28,10331,4744,6,"East TN",2455501,135.002999387905,0.155059132720105,115.49577866187,29.5662677392516,15.5059132720105
2021-07-28,299444,817,242435,546,57009,271,268006,614,1932318,2866,2200324,3480,2,4406,37,10368,4747,3,"East TN",2455501,151.903827365576,0.163359943648744,141.72260569228,33.2722324283313,16.3359943648744
2021-07-29,300132,688,242890,455,57242,233,268502,496,1934746,2428,2203248,2924,3,4409,23,10391,4751,4,"East TN",2455501,160.618953117918,0.169056603773585,119.07956869087,28.0187220449106,16.9056603773585
2021-07-30,301131,999,243640,750,57491,249,269305,803,1936549,1803,2205854,2606,4,4413,41,10432,4756,5,"East TN",2455501,182.528942158851,0.192213697073032,106.129054722438,40.6841618064908,19.2213697073032
2021-07-31,301666,535,244005,365,57661,170,269701,396,1938518,1969,2208219,2365,2,4415,32,10464,4766,10,"East TN",2455501,189.777971990237,0.195775746767722,96.3143570293801,21.7878143808534,19.5775746767722
2021-08-01,302197,531,244426,421,57771,110,270162,461,1940656,2138,2210818,2599,3,4418,28,10492,4770,4,"East TN",2455501,202.117612658272,0.198212877792378,105.843980515585,21.6249148340807,19.8212877792378
2021-08-02,303047,850,244964,538,58083,312,270698,536,1942991,2335,2213689,2871,9,4427,33,10525,4779,9,"East TN",2455501,209.570266923125,0.1941466388903,116.921149696131,34.6161536892064,19.41466388903
2021-08-03,304385,1338,245933,969,58452,369,271714,1016,1946765,3774,2218479,4790,4,4431,40,10565,4789,10,"East TN",2455501,234.493897579353,0.199768892997458,195.072207260351,54.4898983954802,19.9768892997458
2021-08-04,305472,1087,246768,835,58704,252,272600,886,1950384,3619,2222984,4505,8,4439,40,10605,4795,6,"East TN",2455501,245.489616986513,0.202736098852604,183.465614552794,44.267951835491,20.2736098852604
2021-08-05,306652,1180,247661,893,58991,287,273553,953,1954348,3964,2227901,4917,10,4449,43,10648,4802,7,"East TN",2455501,265.52626123956,0.204883786963047,200.244267870386,48.0553662979571,20.4883786963047
2021-08-06,307990,1338,248648,987,59342,351,274636,1083,1958976,4628,2233612,5711,3,4452,52,10700,4815,13,"East TN",2455501,279.331997828549,0.192052741551985,232.579827904774,54.4898983954802,19.2052741551985
2021-08-07,308714,724,249173,525,59541,199,275219,583,1961978,3002,2237197,3585,0,4452,28,10728,4824,9,"East TN",2455501,287.029001413561,0.190420318862585,145.998718795065,29.4848179658652,19.0420318862585
2021-08-08,309351,637,249625,452,59726,185,275744,525,1964094,2116,2239838,2641,5,4457,30,10758,4834,10,"East TN",2455501,291.345839403038,0.192350103376981,107.554425756699,25.9417528235582,19.2350103376981
2021-08-09,310720,1369,250586,961,60134,408,276750,1006,1967631,3537,2244381,4543,13,4470,66,10824,4846,12,"East TN",2455501,312.482055596801,0.197184934184804,185.013160247135,55.7523698829689,19.7184934184804
2021-08-10,312046,1326,251436,850,60610,476,277667,917,1970882,3251,2248549,4168,6,4476,49,10873,4860,14,"East TN",2455501,311.993356956483,0.197971400066511,169.741327737191,54.001199755162,19.7971400066511
2021-08-11,313933,1887,252748,1312,61185,575,279051,1384,1976238,5356,2255289,6740,8,4484,63,10936,4880,20,"East TN",2455501,344.57326631103,0.199690450394676,274.48573631206,76.8478611900382,19.9690450394676
2021-08-12,315395,1462,253816,1068,61579,394,280212,1161,1980718,4480,2260930,5641,10,4494,45,10981,4894,14,"East TN",2455501,356.057684358508,0.201610705743438,229.729085836251,59.539784345435,20.1610705743438
2021-08-13,317041,1646,254937,1121,62104,525,281384,1172,1986137,5419,2267521,6591,11,4505,30,11011,4918,24,"East TN",2455501,368.600949460008,0.19900321448583,268.417728194776,67.0331634969809,19.900321448583
2021-08-14,318571,1530,256026,1089,62545,441,282584,1200,1991609,5472,2274193,6672,1,4506,27,11038,4932,14,"East TN",2455501,401.425208134715,0.199075575737918,271.716444016924,62.3090766405715,19.9075575737918
2021-08-15,319716,1145,256994,968,62722,177,283643,1059,1995417,3808,2279060,4867,11,4517,21,11059,4945,13,"East TN",2455501,422.113450574852,0.201392075875784,198.208023535727,46.6299952636957,20.1392075875784
2021-08-16,321155,1439,257912,918,63243,521,284606,963,1998476,3059,2283082,4022,17,4534,27,11086,4963,18,"East TN",2455501,424.964192643375,0.202992170744942,163.795494279986,58.6031119514918,20.2992170744942
2021-08-17,322892,1737,259128,1216,63764,521,285926,1320,2003335,4859,2289261,6179,10,4544,25,11111,4980,17,"East TN",2455501,441.702121074274,0.202864020436235,251.639074877184,70.7391281860606,20.2864020436235
2021-08-18,324983,2091,260518,1390,64465,701,287403,1477,2008755,5420,2296158,6897,13,4557,32,11143,4995,15,"East TN",2455501,450.009997959683,0.204360273067606,280.87954352289,85.1557380754477,20.4360273067606
2021-08-19,327374,2391,262019,1501,65355,890,288978,1575,2018707,9952,2307685,11527,23,4580,43,11186,5017,22,"East TN",2455501,487.843417697651,0.187487969201155,469.435768912332,97.3732040834029,18.7487969201155
2021-08-20,329829,2455,263999,1980,65830,475,291090,2112,2025599,6892,2316689,9004,4,4584,37,11223,5050,33,"East TN",2455501,520.789851032437,0.197404816140579,366.686879785429,99.9795968317667,19.7404816140579
2021-08-21,332757,2928,265977,1978,66780,950,293209,2119,2034525,8926,2327734,11045,0,4584,57,11280,5074,24,"East TN",2455501,577.723242629508,0.198446050690125,449.806373526217,119.242468237643,19.8446050690125
2021-08-22,334239,1482,267315,1338,66924,144,294726,1517,2040036,5511,2334762,7028,7,4591,17,11297,5093,19,"East TN",2455501,591.447529445111,0.198969516354889,286.214503679697,60.3542820792987,19.8969516354889
2021-08-23,336187,1948,268443,1128,67744,820,295912,1186,2044002,3966,2339914,5152,17,4608,37,11334,5114,21,"East TN",2455501,612.176496771942,0.198937218468468,209.814616243284,79.3320792783224,19.8937218468468
2021-08-24,338170,1983,269831,1388,68339,595,297345,1433,2047781,3779,2345126,5212,15,4623,25,11359,5152,38,"East TN",2455501,622.194818898465,0.204403472657299,212.258109444875,80.7574503125839,20.4403472657299
2021-08-25,340397,2227,271044,1213,69353,1014,298590,1245,2051817,4036,2350407,5281,17,4640,39,11398,5190,38,"East TN",2455501,627.733403488738,0.206215782779406,215.068126626705,90.6943226657208,20.6215782779406
2021-08-26,343054,2657,272881,1837,70173,820,300547,1957,2058661,6844,2359208,8801,24,4664,40,11438,5220,30,"East TN",2455501,638.566223349125,0.224540496477301,358.419727786712,108.20602394379,22.4540496477301
2021-08-27,346065,3011,275161,2280,70904,731,302920,2373,2065733,7072,2368653,9445,19,4683,44,11482,5241,21,"East TN",2455501,661.209260350535,0.227657609114002,384.646554817123,122.622633833177,22.7657609114002
2021-08-28,348208,2143,276701,1540,71507,603,304592,1672,2071599,5866,2376191,7538,1,4684,33,11515,5275,34,"East TN",2455501,629.240224296386,0.234909301029779,306.984195893221,87.2734321834933,23.4909301029779
2021-08-29,350541,2333,278528,1827,72013,506,306612,2020,2078593,6994,2385205,9014,9,4693,45,11560,5306,31,"East TN",2455501,663.897102872286,0.235632297841128,367.094128652361,95.0111606551983,23.5632297841128
2021-08-30,353784,3243,280943,2415,72841,828,309218,2606,2087633,9040,2396851,11646,21,4714,71,11631,5346,40,"East TN",2455501,716.635831139959,0.233696893057239,474.282030428821,132.070807545996,23.3696893057239
2021-08-31,357372,3588,283354,2411,74018,1177,311826,2608,2096219,8586,2408045,11194,7,4721,80,11711,5381,35,"East TN",2455501,781.999274282519,0.230153053926477,455.874381643502,146.120893455144,23.0153053926477
2021-09-01,358807,1435,284307,953,74500,482,312816,990,2098502,2283,2411318,3273,14,4735,32,11743,5423,42,"East TN",2455501,749.745164021517,0.233553873684556,133.292554146791,58.440212404719,23.3553873684556
2021-09-02,361123,2316,285802,1495,75321,821,314332,1516,2102762,4260,2417094,5776,19,4754,44,11787,5453,30,"East TN",2455501,735.857977659142,0.238140483018346,235.226945539831,94.3188375814141,23.8140483018346
2021-09-03,362878,1755,287027,1225,75851,530,315626,1294,2106867,4105,2422493,5399,17,4771,32,11819,5482,29,"East TN",2455501,684.707519972503,0.235995542347697,219.8736632565,71.4721761465379,23.5995542347697
2021-09-04,366137,3259,289369,2342,76768,917,318200,2574,2114915,8048,2433115,10622,3,4774,56,11875,5513,31,"East TN",2455501,730.156493522096,0.23905558288244,432.579746455,132.722405733087,23.905558288244
2021-09-05,370593,4456,292624,3255,77969,1201,321687,3487,2127424,12509,2449111,15996,8,4782,58,11933,5568,55,"East TN",2455501,816.615427971726,0.235893343348042,651.435287544171,181.470095104828,23.5893343348042
2021-09-06,375504,4911,296561,3937,78943,974,325976,4289,2143061,15637,2469037,19926,11,4793,102,12035,5605,37,"East TN",2455501,884.544538975956,0.232150278447344,811.484092248384,199.999918550227,23.2150278447344
2021-09-07,377586,2082,298019,1458,79567,624,327494,1518,2147486,4425,2474980,5943,34,4827,64,12099,5637,32,"East TN",2455501,823.212859616021,0.234077836707253,242.028001617593,84.7892140952091,23.4077836707253
2021-09-08,379260,1674,299195,1176,80065,498,328755,1261,2151864,4378,2480619,5639,19,4846,60,12159,5678,41,"East TN",2455501,832.946107535692,0.229996681144572,229.647636062865,68.17346032439,22.9996681144572
2021-09-09,381170,1910,300201,1006,80969,904,329832,1077,2155529,3665,2485361,4742,8,4854,55,12214,5718,40,"East TN",2455501,816.41180353826,0.22704967260902,193.117412699079,77.7845335839814,22.704967260902
2021-09-10,386661,5491,304040,3839,82621,1652,333968,4136,2167633,12104,2501601,16240,23,4877,144,12358,5754,36,"East TN",2455501,968.559980223995,0.231860241694898,661.372159897308,223.620352832273,23.1860241694898
2021-09-11,390944,4283,307147,3107,83797,1176,337286,3318,2179452,11819,2516738,15137,8,4885,119,12477,5798,44,"East TN",2455501,1010.26226419782,0.228238642478744,616.452609874726,174.424689706907,22.8238642478744
2021-09-12,392523,1579,308570,1423,83953,156,338840,1554,2184693,5241,2523533,6795,23,4908,50,12527,5842,44,"East TN",2455501,893.096765181525,0.230482921716697,276.725605080185,64.3045960885375,23.0482921716697
2021-09-13,394877,2354,310025,1455,84852,899,340345,1505,2189816,5123,2530161,6628,63,4971,84,12611,5892,50,"East TN",2455501,788.963229907054,0.235079510503239,269.924549002424,95.8663832757551,23.5079510503239
2021-09-14,397689,2812,311980,1955,85709,857,342420,2075,2196037,6221,2538457,8296,43,5014,63,12674,5936,44,"East TN",2455501,818.692397193078,0.235140287033099,337.853660006654,114.518381381233,23.5140287033099
2021-09-15,399481,1792,313177,1197,86304,595,343636,1216,2199812,3775,2543448,4991,23,5037,36,12710,5975,39,"East TN",2455501,823.497933822874,0.236849225676041,203.257909485681,72.9789969541857,23.6849225676041
2021-09-16,402126,2645,315029,1852,87097,793,345593,1957,2206470,6658,2552063,8615,23,5060,65,12775,6012,37,"East TN",2455501,853.430725542364,0.236289766423795,350.84489886178,107.717325303472,23.6289766423795
2021-09-17,404806,2680,316902,1873,87904,807,347597,2004,2213673,7203,2561270,9207,23,5083,82,12857,6067,55,"East TN",2455501,738.953069047824,0.228410062176339,374.954031784145,109.142696337733,22.8410062176339
2021-09-18,406257,1451,318079,1177,88178,274,348933,1336,2219145,5472,2568078,6808,3,5086,39,12896,6125,58,"East TN",2455501,623.620189932727,0.226860148032723,277.255028607197,59.09181059181,22.6860148032723
2021-09-19,406900,643,318525,446,88375,197,349446,513,2221222,2077,2570668,2590,17,5103,24,12920,6168,43,"East TN",2455501,585.501695987906,0.225013259785722,105.477456535347,26.1861021437173,22.5013259785722
2021-09-20,408881,1981,319781,1256,89100,725,350817,1371,2226859,5637,2577676,7008,48,5151,70,12990,6212,44,"East TN",2455501,570.311313251349,0.220393559928444,285.400005945833,80.6760005391975,22.0393559928444
2021-09-21,410753,1872,320883,1102,89870,770,351957,1140,2231164,4305,2583121,5445,31,5182,61,13051,6259,47,"East TN",2455501,532.029919759756,0.213527673293928,221.747008044387,76.2369878896404,21.3527673293928
2021-09-22,412345,1592,322000,1117,90345,475,353179,1222,2236521,5357,2589700,6579,14,5196,45,13096,6299,40,"East TN",2455501,523.884942421119,0.206326212920522,267.929029554458,64.8340196155489,20.6326212920522
2021-09-23,414693,2348,323508,1508,91185,840,354842,1663,2242877,6356,2597719,8019,32,5228,59,13155,6337,38,"East TN",2455501,511.789651073243,0.202580164710005,326.572866392642,95.622033955596,20.2580164710005
2021-09-24,416230,1537,324489,981,91741,556,355941,1099,2247757,4880,2603698,5979,37,5265,40,13195,6386,49,"East TN",2455501,465.241105582934,0.196662581314226,243.494097538547,62.5941508474238,19.6662581314226
2021-09-25,416927,697,324977,488,91950,209,356503,562,2250778,3021,2607281,3583,2,5267,21,13216,6428,42,"East TN",2455501,434.534541016273,0.193097467030584,145.917269021678,28.3852460251492,19.3097467030584
2021-09-26,417788,861,325605,628,92183,233,357226,723,2254753,3975,2611979,4698,6,5273,26,13242,6464,36,"East TN",2455501,443.412566315387,0.188327564087047,191.325517684578,35.0641274428314,18.8327564087047
2021-09-27,419247,1459,326436,831,92811,628,358148,922,2258344,3591,2616492,4513,46,5319,45,13287,6497,33,"East TN",2455501,422.154175461545,0.188865416323166,183.791413646339,59.4176096853555,18.8865416323166
2021-09-28,420541,1294,327225,789,93316,505,359010,862,2262004,3660,2621014,4522,14,5333,34,13321,6533,36,"East TN",2455501,398.615190952885,0.186129364262529,184.157937626578,52.6980033809801,18.6129364262529
2021-09-29,422216,1675,328234,1009,93982,666,360148,1138,2267501,5497,2627649,6635,30,5363,50,13371,6578,45,"East TN",2455501,401.995356548419,0.183641202666737,270.209623209276,68.2141852110832,18.3641202666737
2021-09-30,423424,1208,328994,760,94430,448,360967,819,2272173,4672,2633140,5491,11,5374,40,13411,6613,35,"East TN",2455501,355.568985718189,0.172920019197651,223.620352832273,49.1956631253663,17.2920019197651
2021-10-01,424797,1373,329969,975,94828,398,362042,1075,2277146,4973,2639188,6048,14,5388,48,13459,6642,29,"East TN",2455501,348.890104300507,0.171907579599887,246.304114720377,55.9152694297416,17.1907579599887
2021-10-02,425351,554,330321,352,95030,202,362437,395,2279816,2670,2642253,3065,11,5399,19,13478,6680,38,"East TN",2455501,343.066445503382,0.169678600022875,124.821777714609,22.5615872280239,16.9678600022875
2021-10-03,425890,539,330787,466,95103,73,362961,524,2282907,3091,2645868,3615,13,5412,15,13493,6713,33,"East TN",2455501,329.953031988177,0.169228953347694,147.22046539586,21.9507139276262,16.9228953347694
2021-10-04,427239,1349,331645,858,95594,491,363901,940,2287044,4137,2650945,5077,22,5434,29,13522,6736,23,"East TN",2455501,325.473294451927,0.16698110469335,206.760249741295,54.9378721491052,16.698110469335
2021-10-05,428503,1264,332401,756,96102,508,364716,815,2291506,4462,2656222,5277,17,5451,41,13563,6776,40,"East TN",2455501,324.251547851131,0.162065439672802,214.905227079932,51.4762567801846,16.2065439672802
2021-10-06,429440,937,333108,707,96332,230,365496,780,2295927,4421,2661423,5201,18,5469,26,13589,6811,35,"East TN",2455501,294.196581471561,0.158346657191923,211.81013569125,38.1592188315134,15.8346657191923
2021-10-07,430557,1117,333901,793,96656,324,366354,858,2300708,4781,2667062,5639,24,5493,26,13615,6841,30,"East TN",2455501,290.490616782481,0.158805494959024,229.647636062865,45.4896984362865,15.8805494959024
2021-10-08,431610,1053,334487,586,97123,467,366996,642,2304953,4245,2671949,4887,9,5502,31,13646,6862,21,"East TN",2455501,277.458653040663,0.151216385336223,199.02252126959,42.8833056879227,15.1216385336223
2021-10-09,432151,541,334842,355,97309,186,367413,417,2307762,2809,2675175,3226,4,5506,32,13678,6892,30,"East TN",2455501,276.929229513651,0.151145130915497,131.378484472212,22.0321637010125,15.1145130915497
2021-10-10,432469,318,335108,266,97361,52,367722,309,2309994,2232,2677716,2541,6,5512,16,13694,6915,23,"East TN",2455501,267.929029554458,0.14949133383572,103.481937087381,12.9505139684325,14.949133383572
2021-10-11,433687,1218,335645,537,98042,681,368270,548,2313440,3446,2681710,3994,52,5564,33,13727,6929,14,"East TN",2455501,262.59406939765,0.142012026653665,162.655197452577,49.6029119922981,14.2012026653665
2021-10-12,434622,935,336282,637,98340,298,369275,1005,2317084,3644,2686359,4649,29,5593,32,13759,6963,34,"East TN",2455501,249.195581675593,0.151275840329163,189.329998236612,38.077769058127,15.1275840329163
2021-10-13,435469,847,336830,548,98639,299,369925,650,2320948,3864,2690873,4514,25,5618,37,13796,6986,23,"East TN",2455501,245.530341873206,0.150390492359932,183.832138533033,34.4939790291268,15.0390492359932
2021-10-14,436418,949,337483,653,98935,296,370646,721,2324951,4003,2695597,4724,31,5649,33,13829,7018,32,"East TN",2455501,238.688560908751,0.150411775013142,192.384364738601,38.6479174718316,15.0411775013142
2021-10-15,437221,803,337995,512,99226,291,371222,576,2328844,3893,2700066,4469,24,5673,30,13859,7043,25,"East TN",2455501,228.507339235455,0.150300529928513,181.999518631839,32.7020840146267,15.0300529928513
2021-10-16,437528,307,338234,239,99294,68,371493,271,2331074,2230,2702567,2501,7,5680,12,13871,7058,15,"East TN",2455501,218.97771574925,0.148948598130841,101.852941619653,12.5025402148075,14.8948598130841
2021-10-17,437780,252,338444,210,99336,42,371741,248,2332737,1663,2704478,1911,7,5687,14,13885,7074,16,"East TN",2455501,216.2898732275,0.150175622150811,77.8252584706746,10.2626714466824,15.0175622150811
2021-10-18,438567,787,338911,467,99656,320,372257,516,2335927,3190,2708184,3706,23,5710,37,13922,7095,21,"East TN",2455501,198.737447062738,0.150600589257385,150.92643008494,32.0504858275358,15.0600589257385
2021-10-19,439398,831,339352,441,100046,390,372731,474,2339255,3328,2711986,3802,25,5735,23,13945,7111,16,"East TN",2455501,194.502058846647,0.134857767198658,154.836019207486,33.8423808420359,13.4857767198658
2021-10-20,440162,764,339842,490,100320,274,373272,541,2343276,4021,2716548,4562,15,5750,21,13966,7130,19,"East TN",2455501,191.121893251113,0.130360272638754,185.786933094305,31.1138134335926,13.0360272638754
2021-10-21,440791,629,340265,423,100526,206,373742,470,2346913,3637,2720655,4107,17,5767,21,13987,7148,18,"East TN",2455501,178.089929509294,0.123553356213584,167.257109648907,25.6159537300127,12.3553356213584
2021-10-22,441336,545,340605,340,100731,205,374128,386,2350017,3104,2724145,3490,6,5773,18,14005,7166,18,"East TN",2455501,167.582908742452,0.120686075003115,142.129854559212,22.1950632477853,12.0686075003115
2021-10-23,441693,357,340849,244,100844,113,374401,273,2352401,2384,2726802,2657,0,5773,15,14020,7186,20,"East TN",2455501,169.619153077111,0.119991747472664,108.20602394379,14.5387845494667,11.9991747472664
2021-10-24,441936,243,341011,162,100925,81,374597,196,2354298,1897,2728895,2093,7,5780,14,14034,7198,12,"East TN",2455501,169.252629096873,0.116967686447967,85.2371878488341,9.89614746644371,11.6967686447967
2021-10-25,442358,422,341259,248,101099,174,374868,271,2356729,2431,2731597,2702,28,5808,21,14055,7209,11,"East TN",2455501,154.388045453861,0.111519241447059,110.038643844983,17.1859021845236,11.1519241447059
2021-10-26,442884,526,341588,329,101296,197,375206,338,2359368,2639,2734574,2977,12,5820,28,14083,7220,11,"East TN",2455501,141.966955012439,0.109571453869311,121.237987685609,21.4212904006148,10.9571453869311
2021-10-27,443504,620,341982,394,101522,226,375630,424,2363566,4198,2739196,4622,10,5830,21,14104,7241,21,"East TN",2455501,136.102571328621,0.104115153655952,188.230426295896,25.2494297497741,10.4115153655952
2021-10-28,443919,415,342237,255,101682,160,375921,291,2366363,2797,2742284,3088,16,5846,15,14119,7256,15,"East TN",2455501,127.38744557628,0.100744370983402,125.758450108552,16.9008279776714,10.0744370983402
2021-10-29,444379,460,342542,305,101837,155,376254,333,2369880,3517,2746134,3850,4,5850,10,14129,7273,17,"East TN",2455501,123.925830207359,0.0966847059893583,156.790813768758,18.7334478788646,9.66847059893583
2021-10-30,444642,263,342744,202,101898,61,376483,229,2372455,2575,2748938,2804,0,5850,16,14145,7287,14,"East TN",2455501,120.0976908582,0.0940549331405855,114.192582287688,10.7106452003074,9.40549331405855
2021-10-31,444813,171,342871,127,101942,44,376629,146,2374079,1624,2750708,1770,0,5850,5,14150,7298,11,"East TN",2455501,117.16549901629,0.09315545775455,72.0830494469357,6.96395562453446,9.31554577545501
2021-11-01,445409,596,343232,361,102177,235,377019,390,2377197,3118,2754216,3508,14,5864,23,14173,7307,9,"East TN",2455501,124.251629300904,0.0950970423095628,142.862902519689,24.2720324691377,9.50970423095628
2021-11-02,445822,413,343453,221,102369,192,377246,227,2379408,2211,2756654,2438,25,5889,16,14189,7330,23,"East TN",2455501,119.649717104575,0.0923913043478261,99.2872737579826,16.819378204285,9.23913043478261
2021-11-03,446394,572,343832,379,102562,193,377639,393,2383986,4578,2761625,4971,6,5895,14,14203,7341,11,"East TN",2455501,117.694922543302,0.0895715368496143,202.443411751818,23.2946351885012,8.95715368496144
2021-11-04,446811,417,344134,302,102677,115,377969,330,2387521,3535,2765490,3865,13,5908,9,14212,7352,11,"East TN",2455501,117.776372316688,0.0882530380074119,157.401687069156,16.9822777510577,8.82530380074119
2021-11-05,447246,435,344419,285,102827,150,378293,324,2391104,3583,2769397,3907,2,5910,13,14225,7358,6,"East TN",2455501,116.758250149359,0.0876499161759016,159.11213231027,17.715325711535,8.76499161759016
2021-11-06,447479,233,344590,171,102889,62,378481,188,2393344,2240,2771825,2428,0,5910,13,14238,7366,8,"East TN",2455501,115.536503548563,0.0872984663782934,98.8800248910507,9.48889859951187,8.72984663782934
2021-11-07,447678,199,344718,128,102960,71,378635,154,2395245,1901,2773880,2055,6,5916,8,14246,7378,12,"East TN",2455501,116.676800375972,0.0865699982737787,83.6896421544931,8.10425245194362,8.65699982737787
2021-11-08,448219,541,345064,346,103155,195,379020,385,2398778,3533,2777798,3918,25,5941,25,14271,7390,12,"East TN",2455501,114.436931607847,0.084852853871597,159.560106063895,22.0321637010125,8.4852853871597
2021-11-09,449086,867,345680,616,103406,251,379820,800,2406049,7271,2785869,8071,10,5951,27,14298,7405,15,"East TN",2455501,132.926030166553,0.0881054252952251,328.690560500688,35.3084767629905,8.81054252952251
2021-11-10,449712,626,346117,437,103595,189,380322,502,2411300,5251,2791622,5753,7,5958,28,14326,7416,11,"East TN",2455501,135.125174047985,0.0894422775610894,234.290273145888,25.4937790699332,8.94422775610894
2021-11-11,450216,504,346499,382,103717,122,380727,405,2415588,4288,2796315,4693,5,5963,10,14336,7429,13,"East TN",2455501,138.668239190292,0.0894728304947283,191.121893251113,20.5253428933647,8.94728304947283
2021-11-12,450698,482,346821,322,103877,160,381059,332,2419038,3450,2800097,3782,2,5965,24,14360,7439,10,"East TN",2455501,140.582308864871,0.0900977198697068,154.021521473622,19.6293953861147,9.00977198697068
2021-11-13,450935,237,346963,142,103972,95,381208,149,2421036,1998,2802244,2147,4,5969,11,14371,7448,9,"East TN",2455501,140.745208411644,0.0896479174200335,87.436331730266,9.65179814628461,8.96479174200335
2021-11-14,451296,361,347279,316,104017,45,381553,345,2424014,2978,2805567,3323,1,5970,14,14385,7456,8,"East TN",2455501,147.34264005594,0.0920882380787074,135.32879848145,14.7016840962394,9.20882380787074
2021-11-15,451873,577,347569,290,104304,287,381854,301,2426781,2767,2808635,3068,26,5996,20,14405,7466,10,"East TN",2455501,148.808735976894,0.0919025845575121,124.943952374689,23.4982596219672,9.19025845575121
2021-11-16,452545,672,348002,433,104543,239,382314,460,2430388,3607,2812702,4067,24,6020,17,14422,7476,10,"East TN",2455501,140.867383071723,0.0929452539783103,165.628114181179,27.3671238578196,9.29452539783103
2021-11-17,453259,714,348469,467,104790,247,382823,509,2435033,4645,2817856,5154,5,6025,27,14449,7486,10,"East TN",2455501,144.451173100724,0.095334299001296,209.89606601667,29.0775690989334,9.5334299001296
2021-11-18,453885,626,348879,410,105006,216,383301,478,2439895,4862,2823196,5340,12,6037,19,14468,7495,9,"East TN",2455501,149.419609277292,0.0957553662438153,217.470894941603,25.4937790699332,9.57553662438153
2021-11-19,454498,613,349321,442,105177,171,383761,460,2444369,4474,2828130,4934,7,6044,13,14481,7503,8,"East TN",2455501,154.754569434099,0.0963864017408055,200.93659094417,24.9643555429218,9.63864017408055
2021-11-20,454820,322,349568,247,105252,75,384048,287,2447073,2704,2831121,2991,0,6044,14,14495,7511,8,"East TN",2455501,158.21618480302,0.0983481663607716,121.808136099313,13.1134135152052,9.83481663607716
2021-11-21,455084,264,349720,152,105364,112,384212,164,2448556,1483,2832768,1647,9,6053,10,14505,7522,11,"East TN",2455501,154.265870793781,0.097753759052976,67.073888383674,10.7513700870006,9.7753759052976
2021-11-22,455836,752,350214,494,105622,258,384724,512,2452424,3868,2837148,4380,20,6073,38,14543,7528,6,"East TN",2455501,161.392725965088,0.100655841195244,178.375003716146,30.6251147932744,10.0655841195244
2021-11-23,456512,676,350683,469,105829,207,385213,489,2455725,3301,2840938,3790,21,6094,19,14562,7535,7,"East TN",2455501,161.555625511861,0.102670349907919,154.347320567167,27.5300234045924,10.2670349907919
2021-11-24,457249,737,351215,532,106034,205,385786,573,2459753,4028,2845539,4601,6,6100,21,14583,7545,10,"East TN",2455501,162.492297905804,0.107033197269082,187.37520367534,30.0142414928766,10.7033197269082
2021-11-25,457535,286,351373,158,106162,128,385959,173,2461389,1636,2847348,1809,1,6101,10,14593,7554,9,"East TN",2455501,148.645836430122,0.110052997681351,73.6713200279699,11.6473175942506,11.0052997681351
2021-11-26,457765,230,351575,202,106190,28,386203,244,2463066,1677,2849269,1921,1,6102,15,14608,7558,4,"East TN",2455501,133.048204826632,0.115521074790671,78.2325073376065,9.36672393943232,11.5521074790671
2021-11-27,458049,284,351803,228,106246,56,386457,254,2464661,1595,2851118,1849,0,6102,14,14622,7569,11,"East TN",2455501,131.500659132291,0.120468070210532,75.3003154956972,11.5658678208643,12.0468070210532
2021-11-28,458363,314,352014,211,106349,103,386674,217,2466171,1510,2852845,1727,7,6109,20,14642,7579,10,"East TN",2455501,133.53690346695,0.122627882651791,70.3318793191288,12.7876144216598,12.2627882651791
2021-11-29,459460,1097,352726,712,106734,385,387412,738,2470718,4547,2858130,5285,19,6128,35,14677,7587,8,"East TN",2455501,147.586989376099,0.128109808407206,215.231026173477,44.6752007024228,12.8109808407206
2021-11-30,460298,838,353235,509,107063,329,387917,505,2474085,3367,2862002,3872,64,6192,26,14703,7599,12,"East TN",2455501,154.184421020395,0.12837067983289,157.686761276008,34.1274550488882,12.837067983289
2021-12-01,461380,1082,354005,770,107375,312,388724,807,2479255,5170,2867979,5977,48,6240,32,14735,7620,21,"East TN",2455501,168.234506929543,0.130926916221034,243.412647765161,44.0643274020251,13.0926916221034
2021-12-02,462283,903,354629,624,107654,279,389390,666,2483916,4661,2873306,5327,39,6279,18,14753,7637,17,"East TN",2455501,193.361762019238,0.132175052007088,216.941471414591,36.7745726839452,13.2175052007088
2021-12-03,463302,1019,355365,736,107937,283,390172,782,2488893,4977,2879065,5759,21,6300,25,14778,7649,12,"East TN",2455501,225.49369762016,0.133205799436166,234.534622466047,41.4986595403545,13.3205799436166
2021-12-04,463725,423,355698,333,108027,90,390553,381,2491645,2752,2882198,3133,3,6303,29,14807,7661,12,"East TN",2455501,231.154456870512,0.131788931788932,127.591070009745,17.2266270712168,13.1788931788932
2021-12-05,464110,385,355914,216,108196,169,390784,231,2493576,1931,2884360,2162,12,6315,15,14822,7669,8,"East TN",2455501,234.045923825728,0.130414088529272,88.0472050306638,15.6790813768758,13.0414088529272
2021-12-06,465061,951,356559,645,108502,306,391474,690,2497760,4184,2889234,4874,69,6384,32,14854,7683,14,"East TN",2455501,228.100090368524,0.130594135802469,198.493097742579,38.729367245218,13.0594135802469
2021-12-07,465903,842,357092,533,108811,309,392015,541,2501236,3476,2893251,4017,8,6392,27,14881,7688,5,"East TN",2455501,228.262989915296,0.131140196486288,163.59186984652,34.2903545956609,13.1140196486288
2021-12-08,466949,1046,357729,637,109220,409,392672,657,2505849,4613,2898521,5270,4,6396,29,14910,7704,16,"East TN",2455501,226.796893994342,0.129264619212887,214.62015287308,42.5982314810705,12.9264619212887
2021-12-09,467868,919,358349,620,109519,299,393339,667,2510826,4977,2904165,5644,19,6415,30,14940,7718,14,"East TN",2455501,227.448492181433,0.127969150004861,229.85126049633,37.4261708710361,12.7969150004861
2021-12-10,468663,795,358897,548,109766,247,393940,601,2515335,4509,2909275,5110,5,6420,22,14962,7732,14,"East TN",2455501,218.326117562159,0.124726911618669,208.10417100217,32.3762849210813,12.4726911618669
2021-12-11,469060,397,359183,286,109877,111,394265,325,2518256,2921,2912521,3246,0,6420,19,14981,7741,9,"East TN",2455501,217.267270508137,0.122415328298651,132.192982206075,16.167780017194,12.2415328298651
2021-12-12,469491,431,359446,263,110045,168,394559,294,2520774,2518,2915333,2812,9,6429,18,14999,7748,7,"East TN",2455501,219.140615296023,0.121880347399348,114.518381381233,17.5524261647623,12.1880347399348
2021-12-13,470373,882,360020,574,110353,308,395162,603,2525376,4602,2920538,5205,23,6452,24,15023,7757,9,"East TN",2455501,216.330598114193,0.117812420138002,211.973035238023,35.9193500633883,11.7812420138002
2021-12-14,471129,756,360476,456,110653,300,395645,483,2529398,4022,2925043,4505,36,6488,22,15045,7765,8,"East TN",2455501,212.82825785858,0.114179667840966,183.465614552794,30.7880143400471,11.4179667840966
2021-12-15,471999,870,361065,589,110934,281,396273,628,2534200,4802,2930473,5430,19,6507,22,15067,7780,15,"East TN",2455501,205.660677800579,0.112700300450676,221.136134743989,35.4306514230701,11.2700300450676
2021-12-16,472793,794,361575,510,111218,284,396818,545,2538020,3820,2934838,4365,19,6526,22,15089,7797,17,"East TN",2455501,200.570066963931,0.113422228018127,177.764130415748,32.3355600343881,11.3422228018127
2021-12-17,473604,811,362111,536,111493,275,397403,585,2542688,4668,2940091,5253,24,6550,33,15122,7811,14,"East TN",2455501,201.221665151022,0.112376687435099,213.927829799296,33.0278831081722,11.2376687435099
2021-12-18,474175,571,362491,380,111684,191,397829,426,2546032,3344,2943861,3770,0,6550,28,15150,7824,13,"East TN",2455501,208.307795435636,0.113720485003191,153.532822833304,23.2539103018081,11.3720485003191
2021-12-19,474596,421,362772,281,111824,140,398139,310,2548693,2661,2946832,2971,6,6556,16,15166,7833,9,"East TN",2455501,207.900546568704,0.113654401727039,120.99363836545,17.1451772978305,11.3654401727039
2021-12-20,475530,934,363395,623,112135,311,398777,638,2552653,3960,2951430,4598,40,6596,31,15197,7845,12,"East TN",2455501,210.01824067675,0.117020587854461,187.25302901526,38.0370441714339,11.7020587854461
2021-12-21,476541,1011,364052,657,112489,354,399446,669,2557036,4383,2956482,5052,30,6626,28,15225,7855,10,"East TN",2455501,220.403086783512,0.120900792009924,205.742127573966,41.172860446809,12.0900792009924
2021-12-22,478027,1486,364783,731,113244,755,400193,747,2561373,4337,2961566,5084,853,7479,37,15262,7871,16,"East TN",2455501,245.489616986513,0.126073392725051,207.045323948147,60.5171816260714,12.6073392725051
2021-12-23,479194,1167,365589,806,113605,361,401057,864,2565858,4485,2966915,5349,28,7507,33,15295,7888,17,"East TN",2455501,260.679999723071,0.132150762228388,217.837418921841,47.5259427709457,13.2150762228388
2021-12-24,480132,938,366238,649,113894,289,401764,707,2569694,3836,2971458,4543,0,7507,17,15312,7910,22,"East TN",2455501,265.852060333105,0.139031466190582,185.013160247135,38.1999437182066,13.9031466190582
2021-12-25,480612,480,366521,283,114091,197,402097,333,2571813,2119,2973910,2452,8,7515,19,15331,7918,8,"East TN",2455501,262.146095644025,0.142034676694732,99.8574221716871,19.5479456127283,14.2034676694732
2021-12-26,480955,343,366797,276,114158,67,402417,320,2573688,1875,2976105,2195,62,7577,18,15349,7935,17,"East TN",2455501,258.969554481957,0.146141495576128,89.3911262915389,13.9686361357621,14.6141495576128
2021-12-27,482831,1876,368059,1262,114772,614,403727,1310,2578440,4752,2982167,6062,64,7641,35,15384,7954,19,"East TN",2455501,297.332397746936,0.161043693268699,246.874263134081,76.3998874364132,16.1043693268699
2021-12-28,485258,2427,369502,1443,115756,984,405214,1487,2582817,4377,2988031,5864,18,7659,26,15410,7967,13,"East TN",2455501,354.998837304485,0.182826714000444,238.810735568831,98.8393000043576,18.2826714000444
2021-12-29,488147,2889,371430,1928,116717,961,407217,2003,2588106,5289,2995323,7292,37,7696,30,15440,7982,15,"East TN",2455501,412.135853335022,0.20807536214711,296.965873766698,117.654197656609,20.807536214711
2021-12-30,490974,2827,373216,1786,117758,1041,409040,1823,2592568,4462,3001608,6285,14,7710,33,15473,7997,15,"East TN",2455501,479.739165245708,0.23010405557317,255.955912866661,115.129254681631,23.010405557317
2021-12-31,493497,2523,375030,1814,118467,709,410987,1947,2597401,4833,3008388,6780,0,7710,24,15497,8016,19,"East TN",2455501,544.288110654404,0.249742756566477,276.114731779788,102.748889126903,24.9742756566477
2022-01-01,494956,1459,376259,1229,118697,230,412326,1339,2601050,3649,3013376,4988,0,7710,32,15529,8024,8,"East TN",2455501,584.157774727031,0.259185121370293,203.135734825602,59.4176096853555,25.9185121370293
2022-01-02,496420,1464,377221,962,119199,502,413549,1223,2604066,3016,3017615,4239,6,7716,26,15555,8044,20,"East TN",2455501,629.810372710091,0.268176343049867,172.632794692407,59.6212341188214,26.8176343049867
2022-01-03,499316,2896,379404,2183,119912,713,415775,2226,2608236,4170,3024011,6396,33,7749,36,15591,8058,14,"East TN",2455501,671.349757137138,0.287926584456553,260.476375289605,117.939271863461,28.7926584456553
2022-01-04,503491,4175,381858,2454,121633,1721,418166,2391,2613473,5237,3031639,7628,14,7763,42,15633,8076,18,"East TN",2455501,742.536859076824,0.297009722986608,310.649435695608,170.026401944043,29.7009722986608
2022-01-05,508428,4937,385272,3414,123156,1523,421668,3502,2618707,5234,3040375,8736,15,7778,44,15677,8101,25,"East TN",2455501,825.941427024465,0.320762674243097,355.772610151655,201.058765604249,32.0762674243097
2022-01-06,513596,5168,388744,3472,124852,1696,425316,3648,2624318,5611,3049634,9259,11,7789,42,15719,8121,20,"East TN",2455501,921.278386773208,0.338899762628576,377.071725892191,210.466214430375,33.8899762628576
2022-01-07,517974,4378,391974,3230,126000,1148,428594,3278,2629002,4684,3057596,7962,12,7801,37,15756,8143,22,"East TN",2455501,996.823051589065,0.357807673549016,324.251547851131,178.29355394276,35.7807673549016
2022-01-08,521122,3148,394400,2426,126722,722,431198,2604,2633764,4762,3064962,7366,1,7802,41,15797,8163,20,"East TN",2455501,1065.60738521385,0.365835691854379,299.979515381993,128.201943310143,36.5835691854379
2022-01-09,524626,3504,397084,2684,127542,820,434097,2899,2638765,5001,3072862,7900,15,7817,42,15839,8181,18,"East TN",2455501,1148.68615406795,0.371929697540138,321.726604876154,142.700002972917,37.1929697540138
2022-01-10,529268,4642,400153,3069,129115,1573,437337,3240,2643543,4778,3080880,8018,29,7846,60,15899,8214,33,"East TN",2455501,1219.79180623425,0.379152086373947,326.532141505949,189.04492402976,37.9152086373947
2022-01-11,534874,5606,404193,4040,130681,1566,441474,4137,2648732,5189,3090206,9326,30,7876,49,15948,8239,25,"East TN",2455501,1278.06911909219,0.397971553946762,379.800293300634,228.303714801989,39.7971553946762
2022-01-12,540569,5695,408181,3988,132388,1707,445642,4168,2653501,4769,3099143,8937,16,7892,31,15979,8261,22,"East TN",2455501,1308.93858320563,0.407943098284781,363.958312376985,231.928229717683,40.7943098284781
2022-01-13,547903,7334,413429,5248,134474,2086,451122,5480,2660427,6926,3111549,12406,65,7957,48,16027,8277,16,"East TN",2455501,1397.14868778306,0.4167972219979,505.232944315641,298.676319007811,41.67972219979
2022-01-14,554415,6512,418212,4783,136203,1729,456054,4932,2666307,5880,3122361,10812,69,8026,39,16066,8310,33,"East TN",2455501,1484.05559598632,0.423994441442137,440.317474926705,265.200462146014,42.3994441442137
2022-01-15,558963,4548,421606,3394,137357,1154,459668,3614,2671395,5088,3131063,8702,9,8035,37,16103,8324,14,"East TN",2455501,1541.07043735678,0.430704527919396,354.387964004087,185.216784680601,43.0704527919396
2022-01-16,562826,3863,424932,3326,137894,537,463163,3495,2676042,4647,3139205,8142,7,8042,37,16140,8342,18,"East TN",2455501,1555.69067167963,0.438117058318135,331.582027455904,157.32023729577,43.8117058318135
2022-01-17,567463,4637,428263,3331,139200,1306,466632,3469,2680777,4735,3147409,8204,15,8057,41,16181,8366,24,"East TN",2455501,1555.48704724616,0.440334290309489,334.106970430882,188.841299596294,44.0334290309489
2022-01-18,573426,5963,431939,3676,141487,2287,470371,3739,2684238,3461,3154609,7200,49,8106,46,16227,8397,31,"East TN",2455501,1570.02583179563,0.44869027840318,293.219184190925,242.842499351456,44.869027840318
2022-01-19,581741,8315,437948,6009,143793,2306,476549,6178,2690085,5847,3166634,12025,22,8128,50,16277,8429,32,"East TN",2455501,1676.72503493177,0.45794254048688,489.716762485538,338.627432853825,45.794254048688
2022-01-20,590034,8293,444010,6062,146024,2231,482824,6275,2695802,5717,3178626,11992,44,8172,40,16317,8463,34,"East TN",2455501,1715.78020127053,0.472621017636448,488.372841224663,337.731485346575,47.2621017636448
2022-01-21,597341,7307,449623,5613,147718,1694,488706,5882,2701524,5722,3190230,11604,53,8225,30,16347,8494,31,"East TN",2455501,1748.15648619162,0.481103301949344,472.571585187707,297.576747067095,48.1103301949344
2022-01-22,603344,6003,454490,4867,148854,1136,493869,5163,2707610,6086,3201479,11249,0,8225,54,16401,8521,27,"East TN",2455501,1807.4111963302,0.485699272892524,458.114250411627,244.471494819184,48.5699272892524
2022-01-23,606946,3602,457467,2977,149479,625,497012,3143,2710879,3269,3207891,6412,6,8231,31,16432,8553,32,"East TN",2455501,1796.78200090328,0.492807850216929,261.127973476696,146.691041868849,49.2807850216929
2022-01-24,613640,6694,462153,4686,151487,2008,501977,4965,2716259,5380,3218236,10345,37,8268,43,16475,8588,35,"East TN",2455501,1880.55309283116,0.499032854702303,421.298952840988,272.612391524174,49.9032854702303
2022-01-25,619349,5709,466233,4080,153116,1629,506241,4264,2720912,4653,3227153,8917,30,8298,36,16511,8617,29,"East TN",2455501,1870.20897161109,0.494458535509484,363.143814643122,232.498378131387,49.4458535509484
2022-01-26,625161,5812,470663,4430,154498,1382,510921,4680,2725805,4893,3236726,9573,26,8324,37,16548,8651,34,"East TN",2455501,1768.27458021805,0.490384066655253,389.85934031385,236.693041460785,49.0384066655253
2022-01-27,632422,7261,476433,5770,155989,1491,517065,6144,2732958,7153,3250023,13297,29,8353,53,16601,8696,45,"East TN",2455501,1726.24649715068,0.479585977001835,541.518818359268,295.703402279209,47.9585977001835
2022-01-28,637385,4963,480139,3706,157246,1257,520998,3933,2737797,4839,3258795,8772,38,8391,41,16642,8730,34,"East TN",2455501,1630.78736274186,0.470969153358127,357.23870607261,202.117612658272,47.0969153358127
2022-01-29,641454,4069,483412,3273,158042,796,524544,3546,2743226,5429,3267770,8975,5,8396,32,16674,8768,38,"East TN",2455501,1552.02543187724,0.462732497624112,365.505858071326,165.709563954566,46.2732497624112
2022-01-30,643524,2070,484922,1510,158602,560,526140,1596,2745702,2476,3271842,4072,17,8413,23,16697,8814,46,"East TN",2455501,1489.63490546328,0.455473722068459,165.831738614645,84.3005154548909,45.5473722068459
2022-01-31,647435,3911,487386,2464,160049,1447,528711,2571,2748634,2932,3277345,5503,68,8481,38,16735,8852,38,"East TN",2455501,1376.29754579615,0.452283070260028,224.109051472592,159.275031857043,45.2283070260028
2022-02-01,652404,4969,490910,3524,161494,1445,532615,3904,2753893,5259,3286508,9163,28,8509,38,16773,8884,32,"East TN",2455501,1346.1611296432,0.444343357762615,373.162136769645,202.361961978431,44.4343357762615
2022-02-02,657121,4717,494425,3515,162696,1202,536370,3755,2758792,4899,3295162,8654,21,8530,46,16819,8926,42,"East TN",2455501,1301.56737871416,0.435502087754124,352.433169442814,192.099290531749,43.5502087754124
2022-02-03,666060,8939,497102,2677,168958,6262,539196,2826,2763145,4353,3302341,7179,26,8556,41,16860,8954,28,"East TN",2455501,1369.90373858532,0.423009289345923,292.363961570368,364.039762150372,42.3009289345923
2022-02-04,669597,3537,499626,2524,169971,1013,541942,2746,2767736,4591,3309678,7337,12,8568,36,16896,8983,29,"East TN",2455501,1311.83005016084,0.411610950612189,298.798493667891,144.043924233792,41.1610950612189
2022-02-05,671276,1679,500812,1186,170464,493,543277,1335,2770359,2623,3313636,3958,3,8571,26,16922,9027,44,"East TN",2455501,1214.49757096413,0.408428901582872,161.189101531622,68.3770847578559,40.8428901582872
2022-02-06,672585,1309,501760,948,170825,361,544365,1088,2773011,2652,3317376,3740,1,8572,34,16956,9058,31,"East TN",2455501,1183.50593219062,0.400250362366583,152.311076232508,53.3088766813779,40.0250362366583
2022-02-07,675397,2812,503595,1835,171802,977,546339,1974,2775897,2886,3322236,4860,50,8622,39,16995,9091,33,"East TN",2455501,1138.74928171481,0.392684502461518,197.922949328874,114.518381381233,39.2684502461518
2022-02-08,678067,2670,505308,1713,172759,957,548229,1890,2778564,2667,3326793,4557,21,8643,43,17038,9128,37,"East TN",2455501,1045.12276720718,0.387588432419015,185.583308660839,108.735447470801,38.7588432419015
2022-02-09,680980,2913,507393,2085,173587,828,550541,2312,2782235,3671,3332776,5983,26,8669,26,17064,9161,33,"East TN",2455501,971.655071612677,0.376748019354496,243.65699708532,118.631594937245,37.6748019354496
2022-02-10,683493,2513,509177,1784,174316,729,552515,1974,2785444,3209,3337959,5183,28,8697,30,17094,9199,38,"East TN",2455501,709.956949722277,0.373940142624516,211.077087730773,102.341640259971,37.3940142624516
2022-02-11,685796,2303,510907,1730,174889,573,554417,1902,2788808,3364,3343225,5266,31,8728,40,17134,9230,31,"East TN",2455501,659.702439542888,0.371866336781232,214.457253326307,93.7894140544027,37.1866336781232
2022-02-12,686727,931,511592,685,175135,246,555197,780,2791310,2502,3346507,3282,3,8731,17,17151,9272,42,"East TN",2455501,629.240224296386,0.36262967357245,133.65907812703,37.9148695113543,36.262967357245
2022-02-13,687303,576,512008,416,175295,160,555681,484,2792711,1401,3348392,1885,35,8766,10,17161,9295,23,"East TN",2455501,599.388882350282,0.364843951508899,76.7664114166518,23.457534735274,36.4843951508899
2022-02-14,689548,2245,513441,1433,176107,812,557301,1620,2795718,3007,3353019,4627,146,8912,24,17185,9327,32,"East TN",2455501,576.297871595247,0.356105642724881,188.434050729362,91.4273706261981,35.6105642724881
2022-02-15,691444,1896,514840,1399,176604,497,558837,1536,2798583,2865,3357420,4401,37,8949,28,17213,9357,30,"East TN",2455501,544.776809294722,0.346361053971986,179.230226336703,77.2143851702769,34.6361053971986
2022-02-16,693213,1769,516077,1237,177136,532,560210,1373,2801789,3206,3361999,4579,14,8963,20,17233,9379,22,"East TN",2455501,498.18753891772,0.330869520583102,186.47925616809,72.0423245602425,33.0869520583102
2022-02-17,695006,1793,517350,1273,177656,520,561610,1400,2805311,3522,3366921,4922,13,8976,21,17254,9403,24,"East TN",2455501,468.865620498627,0.314032180098059,200.447892303852,73.0197218408789,31.403218009806
2022-02-18,696188,1182,518076,726,178112,456,562447,837,2808276,2965,3370723,3802,8,8984,10,17264,9431,28,"East TN",2455501,423.213022515568,0.292021237908211,154.836019207486,48.1368160713435,29.2021237908212
2022-02-19,696724,536,518419,343,178305,193,562859,412,2810378,2102,3373237,2514,1,8985,15,17279,9465,34,"East TN",2455501,407.12669227176,0.286644219977553,102.382365146665,21.8285392675466,28.6644219977553
2022-02-20,697093,369,518651,232,178442,137,563131,272,2811813,1435,3374944,1707,8,8993,5,17284,9481,16,"East TN",2455501,398.696640726271,0.280581500451943,69.5173815852651,15.0274831897849,28.0581500451943
2022-02-21,697818,725,519061,410,178757,315,563575,444,2813364,1551,3376939,1995,7,9000,13,17297,9501,20,"East TN",2455501,336.794812952632,0.262290969899666,81.2461489529021,29.5255428525584,26.2290969899666
2022-02-22,698993,1175,519713,652,179280,523,564303,728,2815715,2351,3380018,3079,44,9044,21,17318,9520,19,"East TN",2455501,307.432169646846,0.241879812372776,125.391926128314,47.8517418644912,24.1879812372776
2022-02-23,699859,866,520186,473,179673,393,564836,533,2818312,2597,3383148,3130,79,9123,9,17327,9548,28,"East TN",2455501,270.657596962901,0.21873374627642,127.468895349666,35.2677518762973,21.873374627642
2022-02-24,700718,859,520675,489,180043,370,565403,567,2820814,2502,3386217,3069,50,9173,13,17340,9569,21,"East TN",2455501,232.620552791467,0.196569237147595,124.984677261382,34.9826776694451,19.6569237147595
2022-02-25,701483,765,521129,454,180354,311,565910,507,2823191,2377,3389101,2884,5,9178,23,17363,9585,16,"East TN",2455501,215.638275040409,0.188431820655131,117.450573223143,31.1545383202858,18.8431820655131
2022-02-26,701740,257,521311,182,180429,75,566128,218,2824927,1736,3391055,1954,0,9178,6,17369,9603,18,"East TN",2455501,204.276031653011,0.183466157817937,79.5764285984815,10.4662958801483,18.3466157817937
2022-02-27,701763,23,521333,22,180430,1,566158,30,2825282,355,3391440,385,4,9182,2,17371,9623,20,"East TN",2455501,190.185220857169,0.183499030067895,15.6790813768758,0.936672393943232,18.3499030067895
2022-02-28,702630,867,521793,460,180837,407,566672,514,2827969,2687,3394641,3201,27,9209,17,17388,9644,21,"East TN",2455501,195.968154767601,0.174951982826799,130.360362304882,35.3084767629905,17.4951982826799
2022-03-01,703395,765,522157,364,181238,401,567075,403,2830188,2219,3397263,2622,28,9237,16,17404,9659,15,"East TN",2455501,179.270951223396,0.160742244128733,106.780652909528,31.1545383202858,16.0742244128733
2022-03-02,703851,456,522420,263,181431,193,567385,310,2832501,2313,3399886,2623,8,9245,10,17414,9681,22,"East TN",2455501,162.573747679191,0.152288206476282,106.821377796222,18.5705483320919,15.2288206476282
2022-03-03,704207,356,522606,186,181601,170,567606,221,2834457,1956,3402063,2177,15,9260,10,17424,9697,16,"East TN",2455501,142.089129672519,0.139025621607977,88.6580783310616,14.4980596627735,13.9025621607977
2022-03-04,704542,335,522818,212,181724,123,567870,264,2836700,2243,3404570,2507,10,9270,8,17432,9707,10,"East TN",2455501,124.57742839445,0.126705022949124,102.097290939812,13.6428370422166,12.6705022949124
2022-03-05,704683,141,522920,102,181763,39,567986,116,2838412,1712,3406398,1828,0,9270,6,17438,9724,17,"East TN",2455501,119.853341538041,0.121097568923939,74.4450928751403,5.74220902373894,12.1097568923939
2022-03-06,704782,99,522979,59,181803,40,568058,72,2839623,1211,3407681,1283,2,9272,4,17442,9734,10,"East TN",2455501,122.948432926722,0.116987870205037,52.2500296273551,4.03176378262522,11.6987870205037
2022-03-07,705048,266,523153,174,181895,92,568269,211,2841327,1704,3409596,1915,13,9285,8,17450,9745,11,"East TN",2455501,98.4727760241189,0.106787027749916,77.9881580174473,10.8328198603869,10.6787027749916
2022-03-08,705311,263,523251,98,182060,165,568392,123,2843079,1752,3411471,1875,27,9312,9,17459,9761,16,"East TN",2455501,78.0288829041405,0.0926942567567568,76.35916254972,10.7106452003074,9.26942567567568
2022-03-09,705605,294,523377,126,182228,168,568541,149,2845090,2011,3413631,2160,23,9335,7,17466,9771,10,"East TN",2455501,71.4314512598447,0.0841033102946526,87.9657552572774,11.9731166877961,8.41033102946526
2022-03-10,705791,186,523475,98,182316,88,568670,129,2847186,2096,3415856,2225,75,9410,2,17468,9780,9,"East TN",2455501,64.5082205220035,0.0771405785543392,90.6128728923344,7.57482892493222,7.71405785543392
2022-03-11,706003,212,523565,90,182438,122,568774,104,2849376,2190,3418150,2294,79,9489,5,17473,9796,16,"East TN",2455501,59.4990594587418,0.0665684830633284,93.4228900741641,8.63367597895501,6.65684830633284
2022-03-12,706072,69,523600,35,182472,34,568815,41,2850661,1285,3419476,1326,0,9489,3,17476,9805,9,"East TN",2455501,56.5668676168326,0.0633888973849212,54.001199755162,2.8100171818297,6.33888973849212
2022-03-13,706165,93,523654,54,182511,39,568885,70,2852270,1609,3421155,1679,4,9493,5,17481,9811,6,"East TN",2455501,56.3225182966735,0.0613774677156004,68.3770847578559,3.78741446246611,6.13774677156004
2022-03-14,706323,158,523738,84,182585,74,568991,106,2853355,1085,3422346,1191,69,9562,3,17484,9822,11,"East TN",2455501,51.9242305338096,0.0566274509803922,48.5033400515821,6.43453209752307,5.66274509803922
2022-03-15,706509,186,523817,79,182692,107,569082,91,2854788,1433,3423870,1524,4,9566,1,17485,9830,8,"East TN",2455501,48.7884142584344,0.0556496491652553,62.0647273204124,7.57482892493222,5.56496491652553
2022-03-16,706666,157,523911,94,182755,63,569192,110,2856355,1567,3425547,1677,10,9576,5,17490,9836,6,"East TN",2455501,43.2091047814682,0.0546324269889225,68.2956349844696,6.39380721082989,5.46324269889225
2022-03-17,706810,144,524006,95,182804,49,569308,116,2857654,1299,3426962,1415,7,9583,1,17491,9845,9,"East TN",2455501,41.4986595403545,0.0574464253556636,57.6257146708554,5.8643836838185,5.74464253556636
2022-03-18,706953,143,524094,88,182859,55,569402,94,2859145,1491,3428547,1585,2,9585,1,17492,9856,11,"East TN",2455501,38.6886423585248,0.0604020390497259,64.5489454086966,5.82365879712531,6.04020390497259
2022-03-19,707026,73,524152,58,182874,15,569468,66,2860318,1173,3429786,1239,0,9585,1,17493,9861,5,"East TN",2455501,38.8515419052975,0.0633365664403492,50.458134612855,2.97291672860243,6.33365664403492
2022-03-20,707092,66,524201,49,182891,17,569526,58,2860973,655,3430499,713,3,9588,0,17493,9867,6,"East TN",2455501,37.7519699645816,0.0686001712328767,29.0368442122402,2.68784252175014,6.86001712328767
2022-03-21,707190,98,524267,66,182923,32,569604,78,2861862,889,3431466,967,16,9604,1,17494,9873,6,"East TN",2455501,35.3084767629905,0.0672149122807018,39.3809654323089,3.99103889593203,6.72149122807018
2022-03-22,707274,84,524322,55,182952,29,569667,63,2862865,1003,3432532,1066,2,9606,5,17499,9880,7,"East TN",2455501,31.1545383202858,0.067536365735396,43.4127292149341,3.42089048222746,6.7536365735396
2022-03-23,707369,95,524395,73,182974,22,569746,79,2864308,1443,3434054,1522,11,9617,0,17499,9890,10,"East TN",2455501,28.6295953453083,0.065122840014106,61.983277547026,3.86886423585248,6.5122840014106
2022-03-24,707473,104,524429,34,183044,70,569789,43,2865393,1085,3435182,1128,5,9622,0,17499,9898,8,"East TN",2455501,27.000599877581,0.0585158150851582,45.9376721899116,4.23538821609114,5.85158150851581
2022-03-25,707538,65,524475,46,183063,19,569846,57,2866847,1454,3436693,1511,0,9622,2,17501,9902,4,"East TN",2455501,23.8240587155126,0.0545052786643752,61.535303793401,2.64711763505696,5.45052786643752
2022-03-26,707580,42,524509,34,183071,8,569886,40,2867844,997,3437730,1037,0,9622,1,17502,9910,8,"East TN",2455501,22.5615872280239,0.0526183282980866,42.2317075008318,1.71044524111373,5.26183282980866
2022-03-27,707601,21,524524,15,183077,6,569903,17,2868290,446,3438193,463,2,9624,3,17505,9914,4,"East TN",2455501,20.7289673268307,0.0489992201715623,18.8556225389442,0.855222620556864,4.89992201715622
2022-03-28,707714,113,524573,49,183141,64,569965,62,2869712,1422,3439677,1484,30,9654,1,17506,9920,6,"East TN",2455501,21.3398406272284,0.0439654122518573,60.4357318526851,4.60191219632979,4.39654122518573
2022-03-29,707828,114,524628,55,183200,59,570025,60,2870822,1110,3440847,1170,6,9660,0,17506,9931,11,"East TN",2455501,22.5615872280239,0.0430547203848467,47.6481174310253,4.64263708302298,4.30547203848467
2022-03-30,707927,99,524686,58,183241,41,570089,64,2872202,1380,3442291,1444,6,9666,3,17509,9937,6,"East TN",2455501,22.7244867747967,0.0416413742867549,58.8067363849577,4.03176378262522,4.16413742867549
2022-03-31,708012,85,524742,56,183270,29,570157,68,2873385,1183,3443542,1251,8,9674,0,17509,9938,1,"East TN",2455501,21.9507139276262,0.0440191387559809,50.9468332531732,3.46161536892064,4.40191387559809
2022-04-01,708108,96,524795,53,183313,43,570220,63,2874662,1277,3444882,1340,15,9689,0,17509,9941,3,"East TN",2455501,23.2131854151149,0.0456710221028209,54.5713481688666,3.90958912254566,4.56710221028209
2022-04-02,708196,88,524822,27,183374,61,570251,31,2875464,802,3445715,833,0,9689,1,17510,9946,5,"East TN",2455501,25.0865302030013,0.0457107075767063,33.9238306154223,3.58379002900019,4.57107075767063
2022-04-03,708220,24,524834,12,183386,12,570268,17,2875944,480,3446212,497,10,9699,0,17510,9949,3,"East TN",2455501,25.2087048630809,0.0455168973687492,20.2402686865124,0.977397280636416,4.55168973687492
2022-04-04,708311,91,524886,52,183425,39,570327,59,2876952,1008,3447279,1067,51,9750,4,17514,9951,2,"East TN",2455501,24.3127573558308,0.0476190476190476,43.4534541016273,3.70596468907974,4.76190476190476
2022-04-05,708407,96,524926,40,183481,56,570376,49,2877967,1015,3448343,1064,36,9786,1,17515,9954,3,"East TN",2455501,23.5797093953535,0.0468249733191035,43.3312794415478,3.90958912254566,4.68249733191035
2022-04-06,708506,99,524980,54,183526,45,570438,62,2879134,1167,3449572,1229,0,9786,0,17515,9959,5,"East TN",2455501,23.5797093953535,0.0479329762395275,50.0508857459231,4.03176378262522,4.79329762395275
2022-04-07,708690,184,525027,47,183663,137,570492,54,2880247,1113,3450739,1167,53,9839,1,17516,9959,0,"East TN",2455501,27.6114731779788,0.0465471724329582,47.5259427709457,7.49337915154586,4.65471724329582
2022-04-08,708760,70,525078,51,183682,19,570547,55,2881466,1219,3452013,1274,6,9845,0,17516,9961,2,"East TN",2455501,26.552626123956,0.0458561211611275,51.8835056471164,2.85074206852288,4.58561211611275
2022-04-09,708814,54,525108,30,183706,24,570588,41,2882327,861,3452915,902,0,9845,0,17516,9964,3,"East TN",2455501,25.1679799763877,0.0468055555555556,36.733847797252,2.19914388143194,4.68055555555556
2022-04-10,708881,67,525144,36,183737,31,570631,43,2882960,633,3453591,676,1,9846,1,17517,9965,1,"East TN",2455501,26.9191501041946,0.049193657677192,27.5300234045924,2.72856740844333,4.9193657677192
2022-04-11,708985,104,525210,66,183775,38,570706,75,2883867,907,3454573,982,5,9851,2,17519,9969,4,"East TN",2455501,27.448573631206,0.0519605154921854,39.9918387327067,4.23538821609114,5.19605154921854
2022-04-12,709078,93,525268,58,183810,35,570776,70,2884880,1013,3455656,1083,26,9877,2,17521,9972,3,"East TN",2455501,27.3263989711265,0.0546971147271981,44.1050522887183,3.78741446246611,5.46971147271981
2022-04-13,709203,125,525347,79,183856,46,570861,85,2886073,1193,3456934,1278,0,9877,0,17521,9976,4,"East TN",2455501,28.3852460251492,0.0574572127139364,52.0464051938891,5.090610836648,5.74572127139364
2022-04-14,709306,103,525394,47,183912,56,570913,52,2887108,1035,3458021,1087,3,9880,0,17521,9979,3,"East TN",2455501,25.0865302030013,0.0578137874210382,44.267951835491,4.19466332939795,5.78137874210382
2022-04-15,709381,75,525445,51,183936,24,570975,62,2888141,1033,3459116,1095,1,9881,1,17522,9980,1,"East TN",2455501,25.2901546364673,0.0602562297620724,44.5937509290365,3.0543665019888,6.02562297620724
2022-04-16,709441,60,525491,46,183950,14,571028,53,2888885,744,3459913,797,0,9881,1,17523,9981,1,"East TN",2455501,25.5345039566264,0.0628751071734781,32.4577346944676,2.44349320159104,6.28751071734781
2022-04-17,709479,38,525517,26,183962,12,571061,33,2889485,600,3460546,633,0,9881,0,17523,9982,1,"East TN",2455501,24.353482242524,0.0618260244428469,25.7788532767855,1.54754569434099,6.18260244428469
2022-04-18,709711,232,525644,127,184067,105,571199,138,2890368,883,3461567,1021,-1,9880,2,17525,9982,0,"East TN",2455501,29.5662677392516,0.07048899056334,41.5801093137409,9.44817371281869,7.048899056334
2022-04-19,709829,118,525707,63,184122,55,571263,64,2891326,958,3462589,1022,2,9882,1,17526,9985,3,"East TN",2455501,30.5843899065812,0.0702437617193134,41.620834200434,4.80553662979571,7.02437617193134
2022-04-20,709969,140,525798,91,184171,49,571364,101,2892756,1430,3464120,1531,8,9890,1,17527,9986,1,"East TN",2455501,31.1952632069789,0.0699972168104648,62.3498015272647,5.70148413704576,6.99972168104648
2022-04-21,710088,119,525878,80,184210,39,571452,88,2893898,1142,3465350,1230,5,9895,1,17528,9989,3,"East TN",2455501,31.8468613940699,0.0735434574976122,50.0916106326163,4.8462615164889,7.35434574976122
2022-04-22,710210,122,525960,82,184250,40,571541,89,2894978,1080,3466519,1169,3,9898,0,17528,9992,3,"East TN",2455501,33.7609310686495,0.0764554910171552,47.6073925443321,4.96843617656845,7.64554910171552
2022-04-23,710286,76,526005,45,184281,31,571589,48,2895835,857,3467424,905,0,9898,0,17528,9993,1,"East TN",2455501,34.4125292557405,0.0746904540007988,36.8560224573315,3.09509138868198,7.46904540007988
2022-04-24,710357,71,526045,40,184312,31,571635,46,2896502,667,3468137,713,2,9900,1,17529,9997,4,"East TN",2455501,35.7564505166156,0.0756158608878936,29.0368442122402,2.89146695521606,7.56158608878936
2022-04-25,710549,192,526144,99,184405,93,571733,98,2897237,735,3468970,833,0,9900,5,17534,10000,3,"East TN",2455501,34.1274550488882,0.0721329190868567,33.9238306154223,7.81917824509133,7.21329190868567
2022-04-26,710726,177,526255,111,184471,66,571854,121,2898472,1235,3470326,1356,0,9900,0,17534,10004,4,"East TN",2455501,36.530223363786,0.0763861962000776,55.2229463559575,7.20830494469357,7.63861962000776
2022-04-27,710917,191,526353,98,184564,93,571955,101,2899667,1195,3471622,1296,0,9900,2,17536,10007,3,"East TN",2455501,38.6071925851384,0.0787789922687283,52.7794531543665,7.77845335839814,7.87789922687283
2022-04-28,711071,154,526443,90,184628,64,572054,99,2900828,1161,3472882,1260,4,9904,1,17537,10012,5,"East TN",2455501,40.0325636193999,0.0799256505576208,51.3133572334118,6.27163255075034,7.99256505576208
2022-04-29,711211,140,526530,87,184681,53,572146,92,2901990,1162,3474136,1254,2,9906,0,17537,10014,2,"East TN",2455501,40.7656115798772,0.0794275961664697,51.0690079132527,5.70148413704576,7.94275961664697
2022-04-30,711285,74,526586,56,184699,18,572208,62,2902720,730,3474928,792,0,9906,0,17537,10014,0,"East TN",2455501,40.6841618064908,0.0824893390191898,32.2541102610017,3.01364161529562,8.24893390191898
2022-05-01,711341,56,526619,33,184722,23,572241,33,2903213,493,3475454,526,0,9906,0,17537,10016,2,"East TN",2455501,40.0732885060931,0.0828208282082821,21.4212904006148,2.2805936548183,8.28208282082821
2022-05-02,711527,186,526749,130,184778,56,572387,146,2904239,1026,3476626,1172,6,9912,2,17539,10017,1,"East TN",2455501,39.8289391859339,0.085423197492163,47.7295672044116,7.57482892493222,8.5423197492163
2022-05-03,711711,184,526857,108,184854,76,572507,120,2905186,947,3477693,1067,2,9914,1,17540,10018,1,"East TN",2455501,40.1140133927862,0.0886385231437491,43.4534541016273,7.49337915154586,8.86385231437492
2022-05-04,711976,265,527026,169,184950,96,572683,176,2906461,1275,3479144,1451,3,9917,2,17542,10018,0,"East TN",2455501,43.1276550080819,0.0967827705397501,59.09181059181,10.7920949736938,9.67827705397501
2022-05-05,712194,218,527169,143,185025,75,572834,151,2907582,1121,3480416,1272,1,9918,2,17544,10019,1,"East TN",2455501,45.7340477564456,0.103530661003451,51.80205587373,8.87802529911411,10.3530661003451
2022-05-06,712416,222,527310,141,185106,81,572987,153,2908800,1218,3481787,1371,1,9919,2,17546,10022,3,"East TN",2455501,49.0734884652867,0.109920271859888,55.8338196563553,9.04092484588685,10.9920271859888
2022-05-07,712534,118,527388,78,185146,40,573079,92,2909672,872,3482751,964,0,9919,2,17548,10022,0,"East TN",2455501,50.8653834797868,0.11133836124249,39.2587907722294,4.80553662979571,11.133836124249
2022-05-08,712644,110,527468,80,185176,30,573164,85,2910323,651,3483487,736,0,9919,1,17549,10023,1,"East TN",2455501,53.0645273612188,0.114901033237894,29.9735166061834,4.47973753625024,11.4901033237894
2022-05-09,712875,231,527597,129,185278,102,573302,138,2911305,982,3484607,1120,13,9932,2,17551,10024,1,"East TN",2455501,54.897147262412,0.114647287307355,45.6118730963661,9.4074488261255,11.4647287307355
2022-05-10,713169,294,527766,169,185403,125,573484,182,2912817,1512,3486301,1694,9,9941,4,17555,10025,1,"East TN",2455501,59.3768847986623,0.11349907063197,68.9879580582537,11.9731166877961,11.349907063197
2022-05-11,713452,283,527962,196,185490,87,573694,210,2913902,1085,3487596,1295,1,9942,0,17555,10026,1,"East TN",2455501,60.1099327591396,0.119616658778987,52.7387282676733,11.5251429341711,11.9616658778987
2022-05-12,713687,235,528125,163,185562,72,573871,177,2915178,1276,3489049,1453,2,9944,1,17556,10027,1,"East TN",2455501,60.8022558329237,0.120120467971736,59.1732603651963,9.57034837289824,12.0120467971736
2022-05-13,713966,279,528320,195,185646,84,574078,207,2916529,1351,3490607,1558,0,9944,0,17556,10029,2,"East TN",2455501,63.1235743744352,0.123696145124717,63.4493734679807,11.3622433873983,12.3696145124717
2022-05-14,714075,109,528399,79,185676,30,574161,83,2917256,727,3491417,810,0,9944,1,17557,10033,4,"East TN",2455501,62.7570503941965,0.124855758135241,32.987158221479,4.43901264955706,12.4855758135241
2022-05-15,714259,184,528531,132,185728,52,574305,144,2918108,852,3492413,996,0,9944,3,17560,10035,2,"East TN",2455501,65.7706920094922,0.127828814698633,40.5619871464113,7.49337915154586,12.7828814698633
2022-05-16,714567,308,528723,192,185844,116,574503,198,2919471,1363,3493974,1561,2,9946,3,17563,10039,4,"East TN",2455501,68.9065082848673,0.128216077719654,63.5715481280602,12.5432651015007,12.8216077719654
2022-05-17,714979,412,528945,222,186034,190,574739,236,2920721,1250,3495460,1486,16,9962,0,17563,10042,3,"East TN",2455501,73.712044914663,0.137023692542854,60.5171816260714,16.7786533175918,13.7023692542854
2022-05-18,715344,365,529167,222,186177,143,574977,238,2922110,1389,3497087,1627,7,9969,3,17566,10042,0,"East TN",2455501,77.0514856235041,0.135180697502897,66.2593906498104,14.8645836430122,13.5180697502897
2022-05-19,715764,420,529444,277,186320,143,575267,290,2923536,1426,3498803,1716,31,10000,3,17569,10043,1,"East TN",2455501,84.5855896617432,0.143120770965758,69.8839055655037,17.1044524111373,14.3120770965758
2022-05-20,716202,438,529710,266,186492,172,575548,281,2924936,1400,3500484,1681,0,10000,2,17571,10043,0,"East TN",2455501,91.0608466459594,0.148830616583983,68.4585345312423,17.8375003716146,14.8830616583983
2022-05-21,716418,216,529852,142,186566,74,575702,154,2925978,1042,3501680,1196,0,10000,4,17575,10044,1,"East TN",2455501,95.4184095221301,0.150151027964533,48.7069644850481,8.79657552572774,15.0151027964533
2022-05-22,716590,172,529986,134,186604,38,575845,143,2926993,1015,3502838,1158,5,10005,6,17581,10045,1,"East TN",2455501,94.9297108818119,0.147721822541966,47.1594187907071,7.00468051122765,14.7721822541966
2022-05-23,716972,382,530227,241,186745,141,576091,246,2928185,1192,3504276,1438,6,10011,4,17585,10045,0,"East TN",2455501,97.9433524971075,0.154144826247331,58.5623870647986,15.5569067167963,15.4144826247331
2022-05-24,717542,570,530527,300,187015,270,576405,314,2929623,1438,3506028,1752,0,10011,2,17587,10045,0,"East TN",2455501,104.377884594631,0.157645722937169,71.3500014864584,23.2131854151149,15.7645722937169
2022-05-25,718019,477,530854,327,187165,150,576758,353,2931109,1486,3507867,1839,18,10029,1,17588,10046,1,"East TN",2455501,108.939071904267,0.165213358070501,74.8930666287654,19.4257709526488,16.5213358070501
2022-05-26,718512,493,531157,303,187355,190,577074,316,2932609,1500,3509683,1816,13,10042,3,17591,10046,0,"East TN",2455501,111.91198863287,0.166084558823529,73.9563942348221,20.0773691397397,16.6084558823529
2022-05-27,718929,417,531427,270,187502,147,577351,277,2934560,1951,3511911,2228,4,10046,5,17596,10046,0,"East TN",2455501,111.056766012313,0.157784195326857,90.7350475524139,16.9822777510577,15.7784195326857
2022-05-28,719213,284,531644,217,187569,67,577578,227,2935620,1060,3513198,1287,0,10046,0,17596,10046,0,"East TN",2455501,113.826058307449,0.162875499218614,52.4129291741278,11.5658678208643,16.2875499218614
2022-05-29,719465,252,531791,147,187674,105,577738,160,2936508,888,3514246,1048,0,10046,0,17596,10047,1,"East TN",2455501,117.084049242904,0.16593618513324,42.6796812544568,10.2626714466824,16.593618513324
2022-05-30,719680,215,531934,143,187746,72,577890,152,2937219,711,3515109,863,0,10046,4,17600,10047,0,"East TN",2455501,110.282993165142,0.16606664820456,35.1455772162178,8.75585063903456,16.606664820456
2022-05-31,720199,519,532227,293,187972,226,578189,299,2938146,927,3516335,1226,2,10048,2,17602,10047,0,"East TN",2455501,108.20602394379,0.173086252061706,49.9287110858436,21.1362161937625,17.3086252061706
2022-06-01,720870,671,532620,393,188250,278,578621,432,2939510,1364,3518131,1796,1,10049,2,17604,10047,0,"East TN",2455501,116.106651962268,0.181508183943882,73.1418965009585,27.3263989711265,18.1508183943882
2022-06-02,721436,566,533007,387,188429,179,579037,416,2941046,1536,3520083,1952,0,10049,0,17604,10047,0,"East TN",2455501,119.07956869087,0.18875,79.4949788250952,23.0502858683421,18.875
2022-06-03,722064,628,533404,397,188660,231,579454,417,2942605,1559,3522059,1976,1,10050,1,17605,10048,1,"East TN",2455501,127.672519783132,0.207232952305873,80.4723761057316,25.5752288433196,20.7232952305873
2022-06-04,722371,307,533645,241,188726,66,579716,262,2943761,1156,3523477,1418,0,10050,0,17605,10049,1,"East TN",2455501,128.609192177075,0.207996886856698,57.7478893309349,12.5025402148075,20.7996886856698
